date,lat_bin,lon_bin,mmsi,fishing_hours
2014-02-24 00:00:00 UTC,512,23,227322630,5.1069444444444452
2014-02-24 00:00:00 UTC,512,-92,228174600,2.0854166666666663
2014-02-24 00:00:00 UTC,512,-91,228174600,2.0583333333333331
2014-02-24 00:00:00 UTC,512,-90,228174600,0.20319444444444446
2014-02-24 00:00:00 UTC,512,27,244245000,1.0709722222222222
2014-02-24 00:00:00 UTC,512,26,244245000,4.1533333333333333
2014-02-24 00:00:00 UTC,512,25,244245000,4.1362499999999995
2014-02-24 00:00:00 UTC,512,18,228242700,0.44805555555555554
2014-02-24 00:00:00 UTC,512,16,228242700,0.99902777777777774
2014-02-24 00:00:00 UTC,512,17,228242700,2.411111111111111
2014-02-24 00:00:00 UTC,512,22,227300110,6.7898611111111116
2014-02-24 00:00:00 UTC,512,-167,257571600,3.015
2014-02-24 00:00:00 UTC,512,-83,250000917,1.0241666666666667
2014-02-24 00:00:00 UTC,512,-82,250000917,2.5331944444444447
2014-02-24 00:00:00 UTC,512,-84,250000917,1.2673611111111112
2014-02-24 00:00:00 UTC,512,27,205311000,3.8315277777777776
2014-02-24 00:00:00 UTC,512,28,205311000,1.6863888888888887
2014-02-24 00:00:00 UTC,512,22,227595050,4.4001388888888879
2014-02-24 00:00:00 UTC,512,-86,227486000,0.96555555555555572
2014-02-24 00:00:00 UTC,512,-85,227486000,0.2875
2014-02-24 00:00:00 UTC,512,-162,258590000,7.7681944444444451
2014-02-24 00:00:00 UTC,512,-161,258590000,7.0881944444444445
2014-02-24 00:00:00 UTC,512,-80,250107700,1.2458333333333333
2014-02-24 00:00:00 UTC,512,-79,250107700,0.49374999999999997
2014-02-24 00:00:00 UTC,512,27,245331000,0.2088888888888889
2014-02-24 00:00:00 UTC,512,25,245331000,2.8072222222222218
2014-02-24 00:00:00 UTC,512,26,245331000,2.7205555555555558
2014-02-24 00:00:00 UTC,512,-85,226216000,1.1151388888888889
2014-02-24 00:00:00 UTC,512,-84,226216000,1.5972222222222223
2014-02-24 00:00:00 UTC,512,-82,226216000,0.41722222222222222
2014-02-24 00:00:00 UTC,512,-83,226216000,1.3908333333333334
2014-02-24 00:00:00 UTC,512,-80,227485000,6.3163888888888895
2014-02-24 00:00:00 UTC,512,23,244221000,0.20611111111111111
2014-02-24 00:00:00 UTC,512,17,227145800,1.0512499999999998
2014-02-24 00:00:00 UTC,512,16,227145800,1.5043055555555553
2014-02-24 00:00:00 UTC,512,18,227145800,0.71138888888888885
2014-02-24 00:00:00 UTC,512,-85,227314000,1.2415277777777778
2014-02-24 00:00:00 UTC,512,-87,227314000,0.49583333333333335
2014-02-24 00:00:00 UTC,512,-84,227314000,1.6269444444444443
2014-02-24 00:00:00 UTC,512,-86,227314000,2.7913888888888891
2014-02-24 00:00:00 UTC,512,-85,227366000,0.93902777777777779
2014-02-24 00:00:00 UTC,512,-86,227366000,0.97041666666666671
2014-02-24 00:00:00 UTC,512,-86,228954000,1.5390277777777779
2014-02-24 00:00:00 UTC,512,-85,228954000,1.1501388888888888
2014-02-24 00:00:00 UTC,512,-163,257946000,3.0393055555555559
2014-02-24 00:00:00 UTC,512,27,24593300,0.84722222222222221
2014-02-24 00:00:00 UTC,512,26,24593300,2.0955555555555558
2014-02-24 00:00:00 UTC,512,-100,235059379,0.21277777777777779
2014-02-24 00:00:00 UTC,512,-99,235059379,0.20861111111111114
2014-02-24 00:00:00 UTC,512,17,227102900,0.66597222222222219
2014-02-24 00:00:00 UTC,512,18,227102900,0.6661111111111111
2014-02-24 00:00:00 UTC,512,-86,226243000,2.9476388888888887
2014-02-24 00:00:00 UTC,512,-87,226243000,0.58847222222222217
2014-02-24 00:00:00 UTC,512,-85,226243000,1.5623611111111111
2014-02-24 00:00:00 UTC,512,28,205272000,0.21388888888888891
2014-02-24 00:00:00 UTC,512,22,228131800,3.9390277777777776
2014-02-24 00:00:00 UTC,512,23,246327000,2.8197222222222225
2014-02-24 00:00:00 UTC,512,24,246327000,3.4572222222222226
2014-02-24 00:00:00 UTC,512,19,226220000,1.1526388888888888
2014-02-24 00:00:00 UTC,512,18,226220000,1.5787499999999999
2014-02-24 00:00:00 UTC,512,20,227141600,1.2838888888888889
2014-02-24 00:00:00 UTC,512,19,227141600,1.1588888888888889
2014-02-24 00:00:00 UTC,512,21,227141600,0.59486111111111106
2014-02-24 00:00:00 UTC,512,29,205281000,0.21250000000000002
2014-02-24 00:00:00 UTC,512,28,205281000,3.0268055555555553
2014-02-24 00:00:00 UTC,512,27,246273000,0.22916666666666669
2014-02-24 00:00:00 UTC,512,26,246273000,4.668333333333333
2014-02-24 00:00:00 UTC,512,25,246273000,1.4050000000000002
2014-02-24 00:00:00 UTC,512,18,226230000,1.8041666666666667
2014-02-24 00:00:00 UTC,512,23,227320060,5.7979166666666648
2014-02-24 00:00:00 UTC,-512,-575,740372000,1.3769444444444443
2014-02-24 00:00:00 UTC,-512,-575,740337000,1.423888888888889
2014-02-24 00:00:00 UTC,-512,-574,740335000,2.7076388888888889
2014-02-24 00:00:00 UTC,-512,-685,701000629,0.75555555555555565
2014-02-24 00:00:00 UTC,-512,-575,740333000,1.3252777777777778
2014-02-24 00:00:00 UTC,-512,-575,740354000,4.5388888888888888
2014-02-24 00:00:00 UTC,-256,357,440809000,1.5194444444444444
2014-02-24 00:00:00 UTC,-256,356,440809000,1.8309722222222222
2014-02-24 00:00:00 UTC,-256,354,440809000,4.0472222222222225
2014-02-24 00:00:00 UTC,-256,-941,224881000,1.3043055555555556
2014-02-24 00:00:00 UTC,-256,-942,224881000,3.1429166666666664
2014-02-24 00:00:00 UTC,257,570,422611000,1.6651388888888889
2014-02-24 00:00:00 UTC,513,-163,257593600,4.534583333333333
2014-02-24 00:00:00 UTC,513,-88,228174600,0.43597222222222221
2014-02-24 00:00:00 UTC,513,-89,228174600,1.2377777777777776
2014-02-24 00:00:00 UTC,513,-90,228174600,1.2484722222222224
2014-02-24 00:00:00 UTC,513,27,244245000,2.9752777777777775
2014-02-24 00:00:00 UTC,513,28,244245000,3.4134722222222225
2014-02-24 00:00:00 UTC,513,17,228242700,0.2026388888888889
2014-02-24 00:00:00 UTC,513,18,228242700,1.1308333333333334
2014-02-24 00:00:00 UTC,513,-164,257571600,3.8552777777777774
2014-02-24 00:00:00 UTC,513,-84,250000917,1.01
2014-02-24 00:00:00 UTC,513,-81,250000917,2.0555555555555558
2014-02-24 00:00:00 UTC,513,-85,250000917,1.0011111111111111
2014-02-24 00:00:00 UTC,513,-115,227107100,18.940694444444446
2014-02-24 00:00:00 UTC,513,-86,250001702,2.5558333333333336
2014-02-24 00:00:00 UTC,513,24,246057000,3.0811111111111109
2014-02-24 00:00:00 UTC,513,25,246057000,0.20708333333333334
2014-02-24 00:00:00 UTC,513,-87,227486000,1.6038888888888889
2014-02-24 00:00:00 UTC,513,-84,227486000,8.1343055555555566
2014-02-24 00:00:00 UTC,513,-86,227486000,6.5491666666666664
2014-02-24 00:00:00 UTC,513,-85,227486000,5.5181944444444442
2014-02-24 00:00:00 UTC,513,28,205150000,0.9177777777777778
2014-02-24 00:00:00 UTC,513,30,205150000,0.63722222222222225
2014-02-24 00:00:00 UTC,513,29,205150000,2.9313888888888888
2014-02-24 00:00:00 UTC,513,-163,259454000,7.2181944444444444
2014-02-24 00:00:00 UTC,513,-162,259454000,18.203472222222224
2014-02-24 00:00:00 UTC,513,-164,259454000,5.2688888888888892
2014-02-24 00:00:00 UTC,513,-80,250107700,5.3420833333333322
2014-02-24 00:00:00 UTC,513,-81,250107700,1.6684722222222221
2014-02-24 00:00:00 UTC,513,-82,250107700,1.415
2014-02-24 00:00:00 UTC,513,-83,250107700,0.44125000000000003
2014-02-24 00:00:00 UTC,513,-79,250107700,4.5727777777777776
2014-02-24 00:00:00 UTC,513,26,245331000,3.5962500000000004
2014-02-24 00:00:00 UTC,513,27,245331000,3.1805555555555554
2014-02-24 00:00:00 UTC,513,28,245331000,2.934166666666667
2014-02-24 00:00:00 UTC,513,24,244179000,0.22499999999999998
2014-02-24 00:00:00 UTC,513,23,244179000,3.2918055555555559
2014-02-24 00:00:00 UTC,513,31,245235000,6.2938888888888886
2014-02-24 00:00:00 UTC,513,33,245235000,9.38736111111111
2014-02-24 00:00:00 UTC,513,30,245235000,6.7484722222222224
2014-02-24 00:00:00 UTC,513,32,245235000,1.4379166666666667
2014-02-24 00:00:00 UTC,513,34,245235000,0.22652777777777777
2014-02-24 00:00:00 UTC,513,-85,226216000,1.8573611111111112
2014-02-24 00:00:00 UTC,513,-86,226216000,2.6233333333333331
2014-02-24 00:00:00 UTC,513,-80,227485000,1.4019444444444447
2014-02-24 00:00:00 UTC,513,-79,227485000,1.1744444444444444
2014-02-24 00:00:00 UTC,513,23,244221000,0.83263888888888893
2014-02-24 00:00:00 UTC,513,25,244221000,0.84222222222222221
2014-02-24 00:00:00 UTC,513,24,244221000,3.2018055555555551
2014-02-24 00:00:00 UTC,513,19,227145800,0.21972222222222221
2014-02-24 00:00:00 UTC,513,17,227145800,1.0815277777777776
2014-02-24 00:00:00 UTC,513,18,227145800,2.3256944444444443
2014-02-24 00:00:00 UTC,513,-86,227314000,4.02125
2014-02-24 00:00:00 UTC,513,-84,227314000,3.9365277777777776
2014-02-24 00:00:00 UTC,513,-85,227314000,4.3695833333333338
2014-02-24 00:00:00 UTC,513,30,245244000,4.6420833333333329
2014-02-24 00:00:00 UTC,513,29,245244000,1.8802777777777777
2014-02-24 00:00:00 UTC,513,31,245244000,4.6719444444444447
2014-02-24 00:00:00 UTC,513,24,245148000,0.905
2014-02-24 00:00:00 UTC,513,23,245148000,3.5283333333333333
2014-02-24 00:00:00 UTC,513,-164,259697000,3.0390277777777781
2014-02-24 00:00:00 UTC,513,-162,259697000,7.1027777777777779
2014-02-24 00:00:00 UTC,513,-163,259697000,4.7023611111111112
2014-02-24 00:00:00 UTC,513,-85,228238700,2.3543055555555554
2014-02-24 00:00:00 UTC,513,-84,228238700,1.0484722222222222
2014-02-24 00:00:00 UTC,513,-85,227366000,8.0030555555555534
2014-02-24 00:00:00 UTC,513,-86,227366000,8.4426388888888884
2014-02-24 00:00:00 UTC,513,-87,227366000,1.1655555555555555
2014-02-24 00:00:00 UTC,513,25,245542000,1.7498611111111111
2014-02-24 00:00:00 UTC,513,-79,228231800,5.706666666666667
2014-02-24 00:00:00 UTC,513,-78,250001028,0.52583333333333337
2014-02-24 00:00:00 UTC,513,-77,250001028,0.32763888888888887
2014-02-24 00:00:00 UTC,513,26,245370000,4.6063888888888886
2014-02-24 00:00:00 UTC,513,27,245370000,1.0347222222222221
2014-02-24 00:00:00 UTC,513,28,245370000,1.2845833333333334
2014-02-24 00:00:00 UTC,513,-86,228954000,7.9136111111111109
2014-02-24 00:00:00 UTC,513,-85,228954000,7.8343055555555567
2014-02-24 00:00:00 UTC,513,-84,228954000,3.8286111111111114
2014-02-24 00:00:00 UTC,513,-162,257946000,9.4504166666666674
2014-02-24 00:00:00 UTC,513,-163,257946000,2.3295833333333333
2014-02-24 00:00:00 UTC,513,27,24593300,7.8016666666666676
2014-02-24 00:00:00 UTC,513,28,24593300,3.7469444444444449
2014-02-24 00:00:00 UTC,513,25,24593300,4.4556944444444442
2014-02-24 00:00:00 UTC,513,-162,258265000,8.3445833333333326
2014-02-24 00:00:00 UTC,513,18,227102900,1.3180555555555555
2014-02-24 00:00:00 UTC,513,19,227102900,2.4705555555555554
2014-02-24 00:00:00 UTC,513,-86,228131000,4.7340277777777775
2014-02-24 00:00:00 UTC,513,-84,228131000,1.1745833333333333
2014-02-24 00:00:00 UTC,513,-85,228131000,4.8740277777777781
2014-02-24 00:00:00 UTC,513,-87,228131000,0.43458333333333332
2014-02-24 00:00:00 UTC,513,-86,226243000,3.4490277777777778
2014-02-24 00:00:00 UTC,513,-85,226243000,6.1484722222222219
2014-02-24 00:00:00 UTC,513,1553,273829310,2.4434722222222223
2014-02-24 00:00:00 UTC,513,1552,273829310,1.5252777777777777
2014-02-24 00:00:00 UTC,513,1553,273449170,1.5994444444444444
2014-02-24 00:00:00 UTC,513,1552,273449170,1.5591666666666666
2014-02-24 00:00:00 UTC,513,-115,228031700,8.53
2014-02-24 00:00:00 UTC,513,24,246327000,1.3194444444444446
2014-02-24 00:00:00 UTC,513,32,244100829,0.43583333333333335
2014-02-24 00:00:00 UTC,513,31,244100829,6.5898611111111105
2014-02-24 00:00:00 UTC,513,33,244100829,8.5856944444444423
2014-02-24 00:00:00 UTC,513,30,244100829,5.3468055555555578
2014-02-24 00:00:00 UTC,513,29,244100829,1.7734722222222221
2014-02-24 00:00:00 UTC,513,18,226220000,0.21805555555555556
2014-02-24 00:00:00 UTC,513,20,226220000,1.1590277777777778
2014-02-24 00:00:00 UTC,513,19,226220000,1.0876388888888888
2014-02-24 00:00:00 UTC,513,19,227141600,2.5238888888888882
2014-02-24 00:00:00 UTC,513,24,245441000,0.41694444444444445
2014-02-24 00:00:00 UTC,513,23,245441000,3.1601388888888891
2014-02-24 00:00:00 UTC,513,26,245473000,1.2583333333333333
2014-02-24 00:00:00 UTC,513,24,245473000,3.6144444444444446
2014-02-24 00:00:00 UTC,513,23,245473000,0.63972222222222219
2014-02-24 00:00:00 UTC,513,25,245473000,1.6605555555555553
2014-02-24 00:00:00 UTC,513,29,246273000,3.9748611111111107
2014-02-24 00:00:00 UTC,513,30,246273000,1.2822222222222219
2014-02-24 00:00:00 UTC,513,27,246273000,4.6448611111111111
2014-02-24 00:00:00 UTC,513,28,246273000,3.4786111111111109
2014-02-24 00:00:00 UTC,513,19,226230000,0.86833333333333329
2014-02-24 00:00:00 UTC,513,18,226230000,0.47333333333333338
2014-02-24 00:00:00 UTC,513,-115,227209970,8.512777777777778
2014-02-24 00:00:00 UTC,513,-70,250000884,0.63097222222222216
2014-02-24 00:00:00 UTC,513,-72,250000884,7.4148611111111107
2014-02-24 00:00:00 UTC,513,-71,250000884,1.017638888888889
2014-02-24 00:00:00 UTC,-255,358,440809000,1.6600000000000001
2014-02-24 00:00:00 UTC,-255,360,440809000,1.0872222222222223
2014-02-24 00:00:00 UTC,-255,359,440809000,1.1247222222222222
2014-02-24 00:00:00 UTC,-255,-942,224881000,1.8493055555555555
2014-02-24 00:00:00 UTC,2,1742,538060017,0.93736111111111109
2014-02-24 00:00:00 UTC,258,569,422611000,7.4780555555555557
2014-02-24 00:00:00 UTC,258,1196,412442741,4.8727777777777774
2014-02-24 00:00:00 UTC,514,-162,257593600,8.7252777777777784
2014-02-24 00:00:00 UTC,514,-79,227392000,0.45138888888888884
2014-02-24 00:00:00 UTC,514,-77,227392000,2.1769444444444446
2014-02-24 00:00:00 UTC,514,-78,227392000,0.6726388888888889
2014-02-24 00:00:00 UTC,514,-84,228174600,1.474722222222222
2014-02-24 00:00:00 UTC,514,-86,228174600,1.02
2014-02-24 00:00:00 UTC,514,-87,228174600,2.015
2014-02-24 00:00:00 UTC,514,-88,228174600,0.69708333333333328
2014-02-24 00:00:00 UTC,514,-83,228174600,0.21055555555555555
2014-02-24 00:00:00 UTC,514,-80,228174600,0.42152777777777778
2014-02-24 00:00:00 UTC,514,-85,228174600,1.2697222222222222
2014-02-24 00:00:00 UTC,514,28,244245000,0.42833333333333334
2014-02-24 00:00:00 UTC,514,29,244245000,1.0709722222222222
2014-02-24 00:00:00 UTC,514,41,244740629,1.5220833333333335
2014-02-24 00:00:00 UTC,514,40,244740629,2.403888888888889
2014-02-24 00:00:00 UTC,514,-82,250000917,1.0447222222222223
2014-02-24 00:00:00 UTC,514,-81,250000917,2.5124999999999997
2014-02-24 00:00:00 UTC,514,-83,250000917,0.88347222222222221
2014-02-24 00:00:00 UTC,514,41,244780578,0.45638888888888884
2014-02-24 00:00:00 UTC,514,-87,250001702,1.4525000000000001
2014-02-24 00:00:00 UTC,514,-86,250001702,3.4252777777777781
2014-02-24 00:00:00 UTC,514,-164,259657000,8.5045833333333327
2014-02-24 00:00:00 UTC,514,24,246057000,0.72180555555555559
2014-02-24 00:00:00 UTC,514,26,246057000,0.86402777777777773
2014-02-24 00:00:00 UTC,514,25,246057000,4.9891666666666659
2014-02-24 00:00:00 UTC,514,-85,227486000,0.91666666666666674
2014-02-24 00:00:00 UTC,514,-163,258654000,11.574444444444444
2014-02-24 00:00:00 UTC,514,-162,258654000,11.746388888888889
2014-02-24 00:00:00 UTC,514,-164,258590000,10.141944444444444
2014-02-24 00:00:00 UTC,514,-164,259390000,3.0879166666666666
2014-02-24 00:00:00 UTC,514,-79,250107700,2.3654166666666665
2014-02-24 00:00:00 UTC,514,-80,250107700,1.61625
2014-02-24 00:00:00 UTC,514,41,244780598,5.7477777777777765
2014-02-24 00:00:00 UTC,514,-167,273459510,3.0563888888888884
2014-02-24 00:00:00 UTC,514,41,244750903,2.6293055555555553
2014-02-24 00:00:00 UTC,514,25,244179000,0.7779166666666667
2014-02-24 00:00:00 UTC,514,24,244179000,1.7730555555555554
2014-02-24 00:00:00 UTC,514,-79,227485000,2.3619444444444446
2014-02-24 00:00:00 UTC,514,26,244221000,0.46638888888888885
2014-02-24 00:00:00 UTC,514,-80,227378000,1.1494444444444445
2014-02-24 00:00:00 UTC,514,-83,227314000,0.24583333333333335
2014-02-24 00:00:00 UTC,514,-84,227314000,3.7897222222222218
2014-02-24 00:00:00 UTC,514,-85,227314000,1.00875
2014-02-24 00:00:00 UTC,514,31,245244000,0.20263888888888887
2014-02-24 00:00:00 UTC,514,33,245244000,0.86083333333333323
2014-02-24 00:00:00 UTC,514,32,245244000,1.6347222222222222
2014-02-24 00:00:00 UTC,514,34,245244000,0.86055555555555552
2014-02-24 00:00:00 UTC,514,-168,259612000,2.2195833333333335
2014-02-24 00:00:00 UTC,514,25,245148000,0.66583333333333328
2014-02-24 00:00:00 UTC,514,24,245148000,2.1511111111111112
2014-02-24 00:00:00 UTC,514,-84,228238700,9.83083333333333
2014-02-24 00:00:00 UTC,514,-83,228238700,6.7326388888888893
2014-02-24 00:00:00 UTC,514,-85,228238700,2.7286111111111104
2014-02-24 00:00:00 UTC,514,-84,227366000,1.5991666666666666
2014-02-24 00:00:00 UTC,514,-85,227366000,2.4872222222222224
2014-02-24 00:00:00 UTC,514,24,245542000,1.0906944444444444
2014-02-24 00:00:00 UTC,514,25,245542000,1.7043055555555555
2014-02-24 00:00:00 UTC,514,26,245542000,5.3530555555555566
2014-02-24 00:00:00 UTC,514,27,245542000,0.21111111111111111
2014-02-24 00:00:00 UTC,514,-77,228231800,7.9688888888888894
2014-02-24 00:00:00 UTC,514,22,245744000,1.8819444444444446
2014-02-24 00:00:00 UTC,514,29,245744000,4.6713888888888881
2014-02-24 00:00:00 UTC,514,-162,259312000,11.496944444444445
2014-02-24 00:00:00 UTC,514,-161,259312000,2.3622222222222224
2014-02-24 00:00:00 UTC,514,40,244780417,0.69569444444444439
2014-02-24 00:00:00 UTC,514,-77,228190600,1.0758333333333334
2014-02-24 00:00:00 UTC,514,29,245370000,4.2147222222222229
2014-02-24 00:00:00 UTC,514,-85,228954000,1.5102777777777776
2014-02-24 00:00:00 UTC,514,40,244750739,3.1795833333333334
2014-02-24 00:00:00 UTC,514,22,244932000,1.2479166666666666
2014-02-24 00:00:00 UTC,514,29,244932000,0.24041666666666667
2014-02-24 00:00:00 UTC,514,21,244932000,2.5134722222222226
2014-02-24 00:00:00 UTC,514,28,244932000,3.3681944444444452
2014-02-24 00:00:00 UTC,514,-83,228131000,3.004027777777778
2014-02-24 00:00:00 UTC,514,-84,228131000,3.8159722222222223
2014-02-24 00:00:00 UTC,514,-85,228131000,1.2877777777777777
2014-02-24 00:00:00 UTC,514,-84,226243000,7.1293055555555549
2014-02-24 00:00:00 UTC,514,-85,226243000,0.53569444444444447
2014-02-24 00:00:00 UTC,514,33,205315000,1.5084722222222222
2014-02-24 00:00:00 UTC,514,32,205315000,4.3944444444444439
2014-02-24 00:00:00 UTC,514,41,244780474,0.4513888888888889
2014-02-24 00:00:00 UTC,514,1554,273829310,3.76875
2014-02-24 00:00:00 UTC,514,1554,273449170,1.5845833333333332
2014-02-24 00:00:00 UTC,514,29,246327000,1.9202777777777778
2014-02-24 00:00:00 UTC,514,28,246327000,4.815555555555556
2014-02-24 00:00:00 UTC,514,19,226220000,0.64361111111111113
2014-02-24 00:00:00 UTC,514,20,226220000,0.66875
2014-02-24 00:00:00 UTC,514,24,245441000,0.20541666666666666
2014-02-24 00:00:00 UTC,514,26,245473000,0.41833333333333333
2014-02-24 00:00:00 UTC,514,27,245473000,0.62236111111111114
2014-02-24 00:00:00 UTC,514,-115,227209970,12.603333333333333
2014-02-24 00:00:00 UTC,514,-70,250000884,2.2279166666666668
2014-02-24 00:00:00 UTC,514,-71,250000884,0.6511111111111112
2014-02-24 00:00:00 UTC,514,-77,250000884,7.2897222222222222
2014-02-24 00:00:00 UTC,514,40,244770805,0.44916666666666666
2014-02-24 00:00:00 UTC,514,1560,273358840,1.601388888888889
2014-02-24 00:00:00 UTC,514,1557,273358840,1.54
2014-02-24 00:00:00 UTC,514,1558,273358840,2.9558333333333335
2014-02-24 00:00:00 UTC,514,1559,273358840,12.575138888888889
2014-02-24 00:00:00 UTC,-510,-688,701000629,1.5290277777777779
2014-02-24 00:00:00 UTC,515,-77,227392000,10.250277777777777
2014-02-24 00:00:00 UTC,515,-76,227392000,4.0505555555555555
2014-02-24 00:00:00 UTC,515,-78,227392000,0.64888888888888885
2014-02-24 00:00:00 UTC,515,40,244750339,4.1201388888888886
2014-02-24 00:00:00 UTC,515,40,246101000,0.44013888888888886
2014-02-24 00:00:00 UTC,515,-77,228174600,1.03625
2014-02-24 00:00:00 UTC,515,-76,228174600,0.88250000000000006
2014-02-24 00:00:00 UTC,515,-78,228174600,1.0702777777777779
2014-02-24 00:00:00 UTC,515,-79,228174600,1.3244444444444443
2014-02-24 00:00:00 UTC,515,30,244245000,1.0552777777777775
2014-02-24 00:00:00 UTC,515,31,244245000,1.077638888888889
2014-02-24 00:00:00 UTC,515,-539,316010000,9.2715277777777771
2014-02-24 00:00:00 UTC,515,40,244020244,0.20986111111111111
2014-02-24 00:00:00 UTC,515,-82,250000917,0.25236111111111115
2014-02-24 00:00:00 UTC,515,41,244031000,0.2088888888888889
2014-02-24 00:00:00 UTC,515,39,244212000,6.8916666666666675
2014-02-24 00:00:00 UTC,515,-85,250001702,0.90680555555555553
2014-02-24 00:00:00 UTC,515,-86,250001702,0.20944444444444443
2014-02-24 00:00:00 UTC,515,39,244809000,9.3054166666666678
2014-02-24 00:00:00 UTC,515,25,246057000,0.8520833333333333
2014-02-24 00:00:00 UTC,515,39,244798000,1.4688888888888891
2014-02-24 00:00:00 UTC,515,-164,259390000,3.8565277777777771
2014-02-24 00:00:00 UTC,515,-166,259390000,10.782916666666665
2014-02-24 00:00:00 UTC,515,-166,273459510,0.067083333333333328
2014-02-24 00:00:00 UTC,515,-164,258547000,0.75277777777777777
2014-02-24 00:00:00 UTC,515,-164,257203000,13.390555555555556
2014-02-24 00:00:00 UTC,515,-163,257203000,7.1541666666666668
2014-02-24 00:00:00 UTC,515,-79,227485000,1.4806944444444443
2014-02-24 00:00:00 UTC,515,-80,227485000,0.40986111111111112
2014-02-24 00:00:00 UTC,515,29,244221000,2.0186111111111109
2014-02-24 00:00:00 UTC,515,28,244221000,2.0205555555555557
2014-02-24 00:00:00 UTC,515,30,244221000,0.41444444444444445
2014-02-24 00:00:00 UTC,515,-79,227378000,1.3138888888888889
2014-02-24 00:00:00 UTC,515,-77,227378000,1.278888888888889
2014-02-24 00:00:00 UTC,515,-78,227378000,1.0968055555555556
2014-02-24 00:00:00 UTC,515,-80,227378000,0.20277777777777778
2014-02-24 00:00:00 UTC,515,-76,227378000,4.3363888888888891
2014-02-24 00:00:00 UTC,515,33,245244000,0.42805555555555552
2014-02-24 00:00:00 UTC,515,25,245148000,1.3181944444444444
2014-02-24 00:00:00 UTC,515,1558,273849700,1.566527777777778
2014-02-24 00:00:00 UTC,515,-82,228238700,0.4243055555555556
2014-02-24 00:00:00 UTC,515,-83,228238700,0.73597222222222214
2014-02-24 00:00:00 UTC,515,28,246054000,4.221111111111111
2014-02-24 00:00:00 UTC,515,29,246054000,0.91208333333333336
2014-02-24 00:00:00 UTC,515,27,246054000,1.2640277777777778
2014-02-24 00:00:00 UTC,515,25,245542000,0.65527777777777785
2014-02-24 00:00:00 UTC,515,39,245158000,0.45027777777777778
2014-02-24 00:00:00 UTC,515,-171,273258100,4.5295833333333331
2014-02-24 00:00:00 UTC,515,-166,273258100,0.74541666666666662
2014-02-24 00:00:00 UTC,515,-165,273258100,1.5751388888888891
2014-02-24 00:00:00 UTC,515,-167,273258100,3.775
2014-02-24 00:00:00 UTC,515,-77,228231800,3.2088888888888887
2014-02-24 00:00:00 UTC,515,22,245744000,2.4352777777777774
2014-02-24 00:00:00 UTC,515,23,245744000,2.3638888888888885
2014-02-24 00:00:00 UTC,515,27,245744000,0.23097222222222222
2014-02-24 00:00:00 UTC,515,28,245744000,1.4811111111111108
2014-02-24 00:00:00 UTC,515,39,244368000,0.22680555555555554
2014-02-24 00:00:00 UTC,515,39,244780417,0.20833333333333331
2014-02-24 00:00:00 UTC,515,40,244780417,1.0951388888888889
2014-02-24 00:00:00 UTC,515,-76,228190600,0.5130555555555556
2014-02-24 00:00:00 UTC,515,-77,228190600,3.8898611111111112
2014-02-24 00:00:00 UTC,515,-75,228190600,0.47291666666666665
2014-02-24 00:00:00 UTC,515,17,232006030,1.1334722222222222
2014-02-24 00:00:00 UTC,515,18,232006030,0.90708333333333335
2014-02-24 00:00:00 UTC,515,29,245370000,3.3694444444444445
2014-02-24 00:00:00 UTC,515,31,245370000,1.045
2014-02-24 00:00:00 UTC,515,30,245370000,4.3229166666666679
2014-02-24 00:00:00 UTC,515,39,246426000,3.740277777777778
2014-02-24 00:00:00 UTC,515,39,244250000,7.3298611111111116
2014-02-24 00:00:00 UTC,515,18,244815000,1.1845833333333333
2014-02-24 00:00:00 UTC,515,17,244815000,1.2386111111111111
2014-02-24 00:00:00 UTC,515,-538,316100000,6.274861111111111
2014-02-24 00:00:00 UTC,515,-539,316100000,3.0980555555555553
2014-02-24 00:00:00 UTC,515,28,244932000,1.09375
2014-02-24 00:00:00 UTC,515,22,244932000,1.3975
2014-02-24 00:00:00 UTC,515,23,244932000,2.1823611111111112
2014-02-24 00:00:00 UTC,515,21,244932000,0.44513888888888886
2014-02-24 00:00:00 UTC,515,27,244932000,0.66375000000000006
2014-02-24 00:00:00 UTC,515,39,245476000,4.989583333333333
2014-02-24 00:00:00 UTC,515,-166,273298600,8.519861111111112
2014-02-24 00:00:00 UTC,515,-162,258265000,7.3612499999999992
2014-02-24 00:00:00 UTC,515,-140,250350000,8.523472222222221
2014-02-24 00:00:00 UTC,515,-83,228131000,2.4434722222222223
2014-02-24 00:00:00 UTC,515,-82,228131000,2.3930555555555562
2014-02-24 00:00:00 UTC,515,-84,226243000,1.7388888888888887
2014-02-24 00:00:00 UTC,515,41,244780474,1.3320833333333333
2014-02-24 00:00:00 UTC,515,29,246327000,2.0793055555555555
2014-02-24 00:00:00 UTC,515,28,245473000,0.83194444444444438
2014-02-24 00:00:00 UTC,515,27,245473000,2.3505555555555557
2014-02-24 00:00:00 UTC,515,-79,250000884,1.18
2014-02-24 00:00:00 UTC,515,-78,250000884,1.5090277777777776
2014-02-24 00:00:00 UTC,515,-77,250000884,1.850138888888889
2014-02-24 00:00:00 UTC,515,-61,250379000,10.826527777777779
2014-02-24 00:00:00 UTC,515,17,244427000,4.0605555555555561
2014-02-24 00:00:00 UTC,515,19,244427000,0.46902777777777777
2014-02-24 00:00:00 UTC,515,18,244427000,1.674722222222222
2014-02-24 00:00:00 UTC,4,1425,431503000,1.0670833333333334
2014-02-24 00:00:00 UTC,4,-1660,412371179,1.7666666666666666
2014-02-24 00:00:00 UTC,4,-1659,412371179,1.8458333333333332
2014-02-24 00:00:00 UTC,4,-1661,412371179,0.91388888888888886
2014-02-24 00:00:00 UTC,260,1199,412441445,9.4015277777777779
2014-02-24 00:00:00 UTC,260,1203,412441491,5.4552777777777788
2014-02-24 00:00:00 UTC,516,38,245248000,4.8701388888888886
2014-02-24 00:00:00 UTC,516,39,244032000,2.91625
2014-02-24 00:00:00 UTC,516,-74,227392000,5.6963888888888885
2014-02-24 00:00:00 UTC,516,-538,316010000,3.1693055555555554
2014-02-24 00:00:00 UTC,516,-539,316010000,8.8729166666666668
2014-02-24 00:00:00 UTC,516,40,246431000,2.6281944444444449
2014-02-24 00:00:00 UTC,516,41,246516000,0.2286111111111111
2014-02-24 00:00:00 UTC,516,39,246516000,4.2425
2014-02-24 00:00:00 UTC,516,29,244062000,0.99986111111111109
2014-02-24 00:00:00 UTC,516,-165,273459510,4.3843055555555557
2014-02-24 00:00:00 UTC,516,-164,273459510,2.3304166666666664
2014-02-24 00:00:00 UTC,516,-163,258547000,7.0872222222222225
2014-02-24 00:00:00 UTC,516,25,244179000,5.2544444444444443
2014-02-24 00:00:00 UTC,516,26,244179000,0.87625
2014-02-24 00:00:00 UTC,516,40,245224000,5.2948611111111115
2014-02-24 00:00:00 UTC,516,41,245224000,0.45944444444444449
2014-02-24 00:00:00 UTC,516,39,244730183,3.5341666666666662
2014-02-24 00:00:00 UTC,516,38,244710983,4.5431944444444445
2014-02-24 00:00:00 UTC,516,29,244221000,2.6163888888888889
2014-02-24 00:00:00 UTC,516,-76,227378000,0.24583333333333335
2014-02-24 00:00:00 UTC,516,-75,227378000,4.4245833333333335
2014-02-24 00:00:00 UTC,516,-140,250001491,7.2027777777777784
2014-02-24 00:00:00 UTC,516,37,245575000,5.4430555555555555
2014-02-24 00:00:00 UTC,516,30,245671000,3.8851388888888891
2014-02-24 00:00:00 UTC,516,29,245671000,0.94180555555555556
2014-02-24 00:00:00 UTC,516,31,245671000,1.0994444444444444
2014-02-24 00:00:00 UTC,516,26,245148000,0.88402777777777775
2014-02-24 00:00:00 UTC,516,25,245148000,5.2479166666666677
2014-02-24 00:00:00 UTC,516,-139,250105700,6.7647222222222236
2014-02-24 00:00:00 UTC,516,1557,273849700,4.5754166666666674
2014-02-24 00:00:00 UTC,516,-147,232326000,1.5665277777777775
2014-02-24 00:00:00 UTC,516,24,246054000,0.94833333333333336
2014-02-24 00:00:00 UTC,516,29,246054000,0.24986111111111109
2014-02-24 00:00:00 UTC,516,23,246054000,5.888472222222223
2014-02-24 00:00:00 UTC,516,37,245158000,2.3205555555555559
2014-02-24 00:00:00 UTC,516,38,245158000,2.8429166666666665
2014-02-24 00:00:00 UTC,516,-165,273258100,6.3883333333333336
2014-02-24 00:00:00 UTC,516,-71,228231800,1.1633333333333333
2014-02-24 00:00:00 UTC,516,-72,228231800,5.421388888888889
2014-02-24 00:00:00 UTC,516,23,245744000,1.3106944444444446
2014-02-24 00:00:00 UTC,516,27,245744000,1.3504166666666666
2014-02-24 00:00:00 UTC,516,24,245744000,1.0781944444444445
2014-02-24 00:00:00 UTC,516,-75,228190600,2.8423611111111109
2014-02-24 00:00:00 UTC,516,19,244815000,6.07236111111111
2014-02-24 00:00:00 UTC,516,-539,316100000,9.64013888888889
2014-02-24 00:00:00 UTC,516,23,244932000,0.70305555555555554
2014-02-24 00:00:00 UTC,516,27,244932000,0.66708333333333325
2014-02-24 00:00:00 UTC,516,24,244932000,1.0926388888888889
2014-02-24 00:00:00 UTC,516,26,244932000,1.6197222222222223
2014-02-24 00:00:00 UTC,516,39,245476000,1.1383333333333332
2014-02-24 00:00:00 UTC,516,-164,273298600,12.552777777777779
2014-02-24 00:00:00 UTC,516,-161,258265000,12.486111111111111
2014-02-24 00:00:00 UTC,516,37,246339000,3.607361111111111
2014-02-24 00:00:00 UTC,516,1555,273829310,2.8879166666666665
2014-02-24 00:00:00 UTC,516,-538,316001738,3.0790277777777777
2014-02-24 00:00:00 UTC,516,41,244770002,0.25930555555555557
2014-02-24 00:00:00 UTC,516,39,244770002,5.4595833333333346
2014-02-24 00:00:00 UTC,516,31,245665000,3.112222222222222
2014-02-24 00:00:00 UTC,516,27,245473000,5.3465277777777773
2014-02-24 00:00:00 UTC,516,28,245473000,2.5405555555555552
2014-02-24 00:00:00 UTC,516,-539,316013290,5.3069444444444445
2014-02-24 00:00:00 UTC,516,19,244427000,1.4875
2014-02-24 00:00:00 UTC,-508,-688,701000629,5.6470833333333328
2014-02-24 00:00:00 UTC,5,-1658,412371179,1.9208333333333334
2014-02-24 00:00:00 UTC,5,-1660,412371179,0.87819444444444428
2014-02-24 00:00:00 UTC,5,-1659,412371179,2.0593055555555555
2014-02-24 00:00:00 UTC,261,1198,412416079,0.64013888888888892
2014-02-24 00:00:00 UTC,261,1199,412441445,3.4744444444444444
2014-02-24 00:00:00 UTC,261,1202,413202301,21.930555555555561
2014-02-24 00:00:00 UTC,517,-139,250240000,8.7197222222222219
2014-02-24 00:00:00 UTC,517,-141,250240000,8.5181944444444451
2014-02-24 00:00:00 UTC,517,1554,273896200,1.5302777777777776
2014-02-24 00:00:00 UTC,517,1561,273892110,12.680694444444445
2014-02-24 00:00:00 UTC,517,31,246250000,8.3165277777777771
2014-02-24 00:00:00 UTC,517,32,246250000,4.4465277777777779
2014-02-24 00:00:00 UTC,517,30,246250000,2.7551388888888888
2014-02-24 00:00:00 UTC,517,-539,316010000,2.8697222222222223
2014-02-24 00:00:00 UTC,517,39,244020244,0.21125
2014-02-24 00:00:00 UTC,517,31,245748000,0.9933333333333334
2014-02-24 00:00:00 UTC,517,29,245748000,3.1909722222222223
2014-02-24 00:00:00 UTC,517,29,244062000,1.2429166666666669
2014-02-24 00:00:00 UTC,517,27,244062000,1.0418055555555557
2014-02-24 00:00:00 UTC,517,30,244062000,1.6436111111111111
2014-02-24 00:00:00 UTC,517,28,244062000,4.6431944444444451
2014-02-24 00:00:00 UTC,517,-164,258547000,10.959444444444443
2014-02-24 00:00:00 UTC,517,-73,227378000,1.6720833333333331
2014-02-24 00:00:00 UTC,517,-72,227378000,3.151527777777777
2014-02-24 00:00:00 UTC,517,-74,227378000,1.3959722222222222
2014-02-24 00:00:00 UTC,517,30,245671000,1.6551388888888889
2014-02-24 00:00:00 UTC,517,31,245671000,2.2433333333333332
2014-02-24 00:00:00 UTC,517,-163,259697000,7.1847222222222227
2014-02-24 00:00:00 UTC,517,-148,232326000,6.1551388888888887
2014-02-24 00:00:00 UTC,517,27,246054000,1.0051388888888888
2014-02-24 00:00:00 UTC,517,26,246054000,0.99208333333333321
2014-02-24 00:00:00 UTC,517,25,246054000,2.08375
2014-02-24 00:00:00 UTC,517,28,246054000,1.3683333333333332
2014-02-24 00:00:00 UTC,517,24,246054000,0.86111111111111116
2014-02-24 00:00:00 UTC,517,-167,273258100,6.4636111111111108
2014-02-24 00:00:00 UTC,517,36,246256000,5.1947222222222216
2014-02-24 00:00:00 UTC,517,26,245744000,1.6748611111111109
2014-02-24 00:00:00 UTC,517,25,245744000,0.88055555555555554
2014-02-24 00:00:00 UTC,517,27,245744000,0.45791666666666664
2014-02-24 00:00:00 UTC,517,24,245744000,1.3538888888888889
2014-02-24 00:00:00 UTC,517,-539,316100000,2.8490277777777777
2014-02-24 00:00:00 UTC,517,-538,316100000,2.2613888888888889
2014-02-24 00:00:00 UTC,517,24,244932000,0.67875
2014-02-24 00:00:00 UTC,517,26,244932000,0.66402777777777777
2014-02-24 00:00:00 UTC,517,25,244932000,1.83375
2014-02-24 00:00:00 UTC,517,-538,316001738,15.800277777777778
2014-02-24 00:00:00 UTC,517,-139,224125140,10.945138888888888
2014-02-24 00:00:00 UTC,517,39,244770262,1.7551388888888888
2014-02-24 00:00:00 UTC,517,30,245665000,1.7856944444444445
2014-02-24 00:00:00 UTC,517,31,245665000,4.6716666666666669
2014-02-24 00:00:00 UTC,517,28,245473000,0.21888888888888891
2014-02-24 00:00:00 UTC,517,27,245473000,0.21930555555555556
2014-02-24 00:00:00 UTC,517,-538,316013290,3.6990277777777778
2014-02-24 00:00:00 UTC,517,-537,316013290,7.9219444444444438
2014-02-24 00:00:00 UTC,517,20,244427000,2.4390277777777776
2014-02-24 00:00:00 UTC,517,19,244427000,0.33152777777777775
2014-02-24 00:00:00 UTC,6,-1661,412371179,1.2062499999999998
2014-02-24 00:00:00 UTC,262,1201,412441362,0.95361111111111119
2014-02-24 00:00:00 UTC,262,1199,412441365,3.4130555555555553
2014-02-24 00:00:00 UTC,262,1198,412416079,9.6266666666666669
2014-02-24 00:00:00 UTC,262,1198,902994008,3.0756944444444438
2014-02-24 00:00:00 UTC,262,1199,412060026,4.45125
2014-02-24 00:00:00 UTC,262,1201,412441057,1.0736111111111111
2014-02-24 00:00:00 UTC,262,1202,412441059,0.84638888888888886
2014-02-24 00:00:00 UTC,262,1200,412441833,2.8495833333333334
2014-02-24 00:00:00 UTC,262,1202,412441084,2.3333333333333335
2014-02-24 00:00:00 UTC,518,-138,250240000,3.0438888888888891
2014-02-24 00:00:00 UTC,518,1561,273892110,4.5141666666666662
2014-02-24 00:00:00 UTC,518,33,246250000,0.65708333333333335
2014-02-24 00:00:00 UTC,518,30,246250000,0.85569444444444454
2014-02-24 00:00:00 UTC,518,29,246250000,0.2088888888888889
2014-02-24 00:00:00 UTC,518,-138,250186000,10.067777777777778
2014-02-24 00:00:00 UTC,518,39,245247000,5.165277777777777
2014-02-24 00:00:00 UTC,518,38,245247000,9.70861111111111
2014-02-24 00:00:00 UTC,518,28,245748000,2.8559722222222224
2014-02-24 00:00:00 UTC,518,27,245748000,0.23055555555555557
2014-02-24 00:00:00 UTC,518,26,244062000,1.556111111111111
2014-02-24 00:00:00 UTC,518,28,244062000,3.5041666666666664
2014-02-24 00:00:00 UTC,518,27,244062000,2.0880555555555556
2014-02-24 00:00:00 UTC,518,31,244062000,0.9588888888888889
2014-02-24 00:00:00 UTC,518,32,244062000,0.83319444444444446
2014-02-24 00:00:00 UTC,518,33,244062000,0.42638888888888893
2014-02-24 00:00:00 UTC,518,29,244062000,3.9504166666666669
2014-02-24 00:00:00 UTC,518,-164,257203000,9.1470833333333328
2014-02-24 00:00:00 UTC,518,-138,250184000,7.0844444444444443
2014-02-24 00:00:00 UTC,518,-73,227378000,0.68361111111111117
2014-02-24 00:00:00 UTC,518,-72,227378000,3.0491666666666668
2014-02-24 00:00:00 UTC,518,-138,250001491,7.2056944444444451
2014-02-24 00:00:00 UTC,518,39,245703000,3.2034722222222221
2014-02-24 00:00:00 UTC,518,38,245703000,1.2116666666666664
2014-02-24 00:00:00 UTC,518,35,245703000,3.8127777777777778
2014-02-24 00:00:00 UTC,518,37,245703000,2.4227777777777773
2014-02-24 00:00:00 UTC,518,-138,250105700,3.8666666666666667
2014-02-24 00:00:00 UTC,518,30,246225000,3.7477777777777779
2014-02-24 00:00:00 UTC,518,25,245744000,0.28458333333333335
2014-02-24 00:00:00 UTC,518,1551,273242000,8.0925
2014-02-24 00:00:00 UTC,518,-139,250001061,8.5309722222222231
2014-02-24 00:00:00 UTC,518,-138,250350000,7.0902777777777777
2014-02-24 00:00:00 UTC,518,-539,316001738,4.5113888888888889
2014-02-24 00:00:00 UTC,518,-538,316001738,0.75
2014-02-24 00:00:00 UTC,518,-166,273425630,4.5706944444444444
2014-02-24 00:00:00 UTC,518,-116,228005600,0.81180555555555556
2014-02-24 00:00:00 UTC,518,31,245665000,4.8336111111111117
2014-02-24 00:00:00 UTC,518,-538,316013290,6.4430555555555555
2014-02-24 00:00:00 UTC,7,-1661,412371179,0.38625
2014-02-24 00:00:00 UTC,263,1201,412441362,0.58680555555555558
2014-02-24 00:00:00 UTC,263,1200,900019749,2.8865277777777778
2014-02-24 00:00:00 UTC,263,1200,100901241,2.370138888888889
2014-02-24 00:00:00 UTC,263,1209,412432255,10.306111111111111
2014-02-24 00:00:00 UTC,263,1209,412432047,0.37138888888888888
2014-02-24 00:00:00 UTC,263,1208,412432047,1.7683333333333333
2014-02-24 00:00:00 UTC,263,1199,412442303,0.44958333333333333
2014-02-24 00:00:00 UTC,263,1209,412432068,2.3194444444444446
2014-02-24 00:00:00 UTC,263,1199,412441036,0.45430555555555557
2014-02-24 00:00:00 UTC,263,1200,412441833,0.94611111111111112
2014-02-24 00:00:00 UTC,263,1198,412449007,1.4998611111111113
2014-02-24 00:00:00 UTC,519,-137,250240000,3.058472222222222
2014-02-24 00:00:00 UTC,519,1553,273896200,1.5970833333333334
2014-02-24 00:00:00 UTC,519,1559,273892110,4.565833333333333
2014-02-24 00:00:00 UTC,519,1561,273892110,1.5711111111111111
2014-02-24 00:00:00 UTC,519,27,245748000,3.0898611111111109
2014-02-24 00:00:00 UTC,519,28,245748000,1.9358333333333335
2014-02-24 00:00:00 UTC,519,35,244286000,0.21097222222222223
2014-02-24 00:00:00 UTC,519,33,244286000,0.3125
2014-02-24 00:00:00 UTC,519,34,244286000,0.82930555555555552
2014-02-24 00:00:00 UTC,519,-138,250001491,2.2430555555555554
2014-02-24 00:00:00 UTC,519,-138,250105700,6.4123611111111112
2014-02-24 00:00:00 UTC,519,31,246225000,2.9481944444444448
2014-02-24 00:00:00 UTC,519,30,246225000,0.69375
2014-02-24 00:00:00 UTC,519,-147,232326000,8.5081944444444453
2014-02-24 00:00:00 UTC,519,28,235098256,1.8955555555555557
2014-02-24 00:00:00 UTC,519,29,235098256,5.9250000000000007
2014-02-24 00:00:00 UTC,519,1551,273242000,15.409027777777778
2014-02-24 00:00:00 UTC,519,-138,250001061,7.8279166666666669
2014-02-24 00:00:00 UTC,519,-137,250001061,1.6045833333333333
2014-02-24 00:00:00 UTC,519,-1741,368409000,2.9476388888888887
2014-02-24 00:00:00 UTC,519,-137,250350000,5.3255555555555558
2014-02-24 00:00:00 UTC,519,-1741,366499000,0.85152777777777777
2014-02-24 00:00:00 UTC,519,-1740,366499000,5.5793055555555551
2014-02-24 00:00:00 UTC,519,33,245922000,0.21402777777777776
2014-02-24 00:00:00 UTC,519,34,245922000,7.2061111111111105
2014-02-24 00:00:00 UTC,519,35,245922000,0.24444444444444444
2014-02-24 00:00:00 UTC,519,32,245922000,7.8047222222222228
2014-02-24 00:00:00 UTC,519,24,244427000,0.21430555555555555
2014-02-24 00:00:00 UTC,519,23,244427000,2.7481944444444442
2014-02-24 00:00:00 UTC,-505,-767,725000285,3.7047222222222222
2014-02-24 00:00:00 UTC,-505,-761,725000357,3.225000000000001
2014-02-24 00:00:00 UTC,-249,366,432226000,0.96958333333333335
2014-02-24 00:00:00 UTC,-249,370,432226000,0.78194444444444444
2014-02-24 00:00:00 UTC,-249,367,432226000,2.1719444444444442
2014-02-24 00:00:00 UTC,-249,376,432226000,3.8986111111111112
2014-02-24 00:00:00 UTC,-249,365,432226000,1.4677777777777778
2014-02-24 00:00:00 UTC,-249,-265,224545000,2.8780555555555556
2014-02-24 00:00:00 UTC,264,1209,412433667,7.0219444444444443
2014-02-24 00:00:00 UTC,264,1203,412441091,0.76847222222222222
2014-02-24 00:00:00 UTC,264,1203,412441114,3.5002777777777778
2014-02-24 00:00:00 UTC,264,-799,367389220,9.34222222222222
2014-02-24 00:00:00 UTC,264,-798,367389220,8.7494444444444444
2014-02-24 00:00:00 UTC,264,1202,412449076,2.5652777777777778
2014-02-24 00:00:00 UTC,264,1210,412432204,16.767638888888889
2014-02-24 00:00:00 UTC,264,1210,412432255,5.4086111111111119
2014-02-24 00:00:00 UTC,264,1209,412432255,2.8363888888888891
2014-02-24 00:00:00 UTC,264,1209,412432047,7.2366666666666664
2014-02-24 00:00:00 UTC,264,1208,412432047,3.8525
2014-02-24 00:00:00 UTC,264,1210,412432311,15.932361111111112
2014-02-24 00:00:00 UTC,264,1209,412432311,1.0831944444444446
2014-02-24 00:00:00 UTC,264,1209,412433601,3.5948611111111108
2014-02-24 00:00:00 UTC,264,1210,412432068,1.5886111111111112
2014-02-24 00:00:00 UTC,264,1209,412432068,9.899166666666666
2014-02-24 00:00:00 UTC,264,1209,412432073,22.369027777777777
2014-02-24 00:00:00 UTC,264,1203,412441039,3.175
2014-02-24 00:00:00 UTC,264,1202,412441049,2.305
2014-02-24 00:00:00 UTC,264,1209,412433405,5.6925
2014-02-24 00:00:00 UTC,520,-165,257593600,10.061527777777778
2014-02-24 00:00:00 UTC,520,41,244010526,0.66444444444444439
2014-02-24 00:00:00 UTC,520,27,245748000,0.13319444444444445
2014-02-24 00:00:00 UTC,520,35,244286000,4.2902777777777779
2014-02-24 00:00:00 UTC,520,-136,250001491,3.0566666666666666
2014-02-24 00:00:00 UTC,520,-137,250001491,2.3240277777777774
2014-02-24 00:00:00 UTC,520,-139,250105700,6.4393055555555554
2014-02-24 00:00:00 UTC,520,1556,273849700,4.5126388888888886
2014-02-24 00:00:00 UTC,520,41,244742000,0.21916666666666668
2014-02-24 00:00:00 UTC,520,40,244742000,0.62805555555555559
2014-02-24 00:00:00 UTC,520,-137,250001061,11.740555555555556
2014-02-24 00:00:00 UTC,520,33,245794000,0.24027777777777778
2014-02-24 00:00:00 UTC,520,42,244727000,0.43069444444444444
2014-02-24 00:00:00 UTC,520,41,244727000,0.44375000000000003
2014-02-24 00:00:00 UTC,520,-116,228005600,3.07125
2014-02-24 00:00:00 UTC,520,24,244427000,0.25847222222222221
2014-02-24 00:00:00 UTC,-504,-767,725000285,11.07486111111111
2014-02-24 00:00:00 UTC,-504,-760,725000357,9.3933333333333326
2014-02-24 00:00:00 UTC,-504,-761,725000357,7.1652777777777779
2014-02-24 00:00:00 UTC,-248,372,431444000,1.2018055555555556
2014-02-24 00:00:00 UTC,-248,370,431444000,3.9029166666666666
2014-02-24 00:00:00 UTC,-248,366,431444000,2.4055555555555554
2014-02-24 00:00:00 UTC,-248,371,432226000,1.67
2014-02-24 00:00:00 UTC,-248,369,432226000,0.84166666666666656
2014-02-24 00:00:00 UTC,-248,368,432226000,0.78333333333333321
2014-02-24 00:00:00 UTC,-248,370,432226000,0.87777777777777777
2014-02-24 00:00:00 UTC,-248,372,432226000,3.9918055555555556
2014-02-24 00:00:00 UTC,-248,365,432226000,1.482361111111111
2014-02-24 00:00:00 UTC,-248,367,432226000,0.93736111111111109
2014-02-24 00:00:00 UTC,-248,366,432226000,0.67416666666666658
2014-02-24 00:00:00 UTC,-248,-261,224545000,2.7140277777777779
2014-02-24 00:00:00 UTC,-248,-262,224545000,2.87875
2014-02-24 00:00:00 UTC,265,1208,412433666,6.2552777777777777
2014-02-24 00:00:00 UTC,265,1209,412433666,0.75611111111111107
2014-02-24 00:00:00 UTC,265,1209,412433667,2.2293055555555554
2014-02-24 00:00:00 UTC,265,1208,412433678,3.3626388888888887
2014-02-24 00:00:00 UTC,265,1210,412417809,6.1658333333333344
2014-02-24 00:00:00 UTC,265,1209,412446517,15.170833333333331
2014-02-24 00:00:00 UTC,265,1208,412431426,2.7584722222222222
2014-02-24 00:00:00 UTC,265,1205,412433222,15.378055555555557
2014-02-24 00:00:00 UTC,265,1209,412432456,0.65125
2014-02-24 00:00:00 UTC,265,1209,412416088,3.8954166666666667
2014-02-24 00:00:00 UTC,265,1209,900023146,1.7249999999999999
2014-02-24 00:00:00 UTC,265,1208,412431751,6.4795833333333333
2014-02-24 00:00:00 UTC,265,1208,412413576,0.84333333333333327
2014-02-24 00:00:00 UTC,265,1209,412418972,3.3325000000000005
2014-02-24 00:00:00 UTC,265,1209,412432047,5.1373611111111108
2014-02-24 00:00:00 UTC,265,1209,412431284,9.0540277777777778
2014-02-24 00:00:00 UTC,265,1209,412431285,8.26361111111111
2014-02-24 00:00:00 UTC,265,1209,412419769,1.8280555555555553
2014-02-24 00:00:00 UTC,265,1209,412433601,2.1876388888888889
2014-02-24 00:00:00 UTC,265,1209,412432073,6.1525
2014-02-24 00:00:00 UTC,265,1209,412419294,6.3451388888888891
2014-02-24 00:00:00 UTC,265,1208,412419294,0.81624999999999992
2014-02-24 00:00:00 UTC,265,1210,412433405,0.10041666666666667
2014-02-24 00:00:00 UTC,521,1587,273840900,0.83624999999999994
2014-02-24 00:00:00 UTC,521,1551,273896200,1.5734722222222222
2014-02-24 00:00:00 UTC,521,-117,228293900,11.575138888888889
2014-02-24 00:00:00 UTC,521,1751,366988820,4.48861111111111
2014-02-24 00:00:00 UTC,521,1750,366988820,3.7002777777777776
2014-02-24 00:00:00 UTC,521,41,244010526,0.42347222222222225
2014-02-24 00:00:00 UTC,521,42,244010526,1.3108333333333331
2014-02-24 00:00:00 UTC,521,39,244286000,4.4016666666666664
2014-02-24 00:00:00 UTC,521,-138,250184000,11.580833333333334
2014-02-24 00:00:00 UTC,521,34,244637000,0.24458333333333332
2014-02-24 00:00:00 UTC,521,32,244637000,0.20430555555555557
2014-02-24 00:00:00 UTC,521,33,244637000,1.1026388888888889
2014-02-24 00:00:00 UTC,521,1556,273849700,0.84166666666666667
2014-02-24 00:00:00 UTC,521,41,244742000,2.7680555555555557
2014-02-24 00:00:00 UTC,521,42,244742000,1.4736111111111112
2014-02-24 00:00:00 UTC,521,40,244742000,3.060972222222222
2014-02-24 00:00:00 UTC,521,39,244742000,8.9230555555555586
2014-02-24 00:00:00 UTC,521,39,246214000,0.51027777777777783
2014-02-24 00:00:00 UTC,521,37,246032000,0.31361111111111112
2014-02-24 00:00:00 UTC,521,38,246032000,0.22527777777777777
2014-02-24 00:00:00 UTC,521,33,246511000,0.91583333333333339
2014-02-24 00:00:00 UTC,521,32,246511000,0.40222222222222226
2014-02-24 00:00:00 UTC,521,34,246511000,0.22638888888888889
2014-02-24 00:00:00 UTC,521,32,245794000,7.5763888888888884
2014-02-24 00:00:00 UTC,521,33,245794000,0.43736111111111109
2014-02-24 00:00:00 UTC,521,42,244727000,7.0427777777777782
2014-02-24 00:00:00 UTC,521,1550,273825520,8.5777777777777775
2014-02-24 00:00:00 UTC,521,1554,273825520,5.4116666666666662
2014-02-24 00:00:00 UTC,521,1551,273825520,1.6736111111111112
2014-02-24 00:00:00 UTC,-247,377,432426000,3.9083333333333332
2014-02-24 00:00:00 UTC,-247,371,431444000,1.1706944444444445
2014-02-24 00:00:00 UTC,-247,369,431444000,0.77638888888888891
2014-02-24 00:00:00 UTC,-247,368,431444000,0.88194444444444453
2014-02-24 00:00:00 UTC,-247,-266,224545000,6.2530555555555551
2014-02-24 00:00:00 UTC,-247,-273,224545000,5.7430555555555554
2014-02-24 00:00:00 UTC,10,1767,440623000,1.7777777777777777
2014-02-24 00:00:00 UTC,10,1656,538060016,1.749583333333333
2014-02-24 00:00:00 UTC,10,1747,538060018,2.722777777777778
2014-02-24 00:00:00 UTC,266,1208,412433666,0.35666666666666669
2014-02-24 00:00:00 UTC,266,1209,412433666,0.3815277777777778
2014-02-24 00:00:00 UTC,266,1205,412432649,8.4769444444444453
2014-02-24 00:00:00 UTC,266,1206,412432649,1.4788888888888889
2014-02-24 00:00:00 UTC,266,1211,412419085,2.3070833333333334
2014-02-24 00:00:00 UTC,266,1208,412433678,1.3056944444444443
2014-02-24 00:00:00 UTC,266,1211,412417809,8.9923611111111121
2014-02-24 00:00:00 UTC,266,1210,412417809,2.3529166666666668
2014-02-24 00:00:00 UTC,266,1211,412069655,8.6588888888888889
2014-02-24 00:00:00 UTC,266,1205,412432161,10.125694444444445
2014-02-24 00:00:00 UTC,266,1204,412433962,8.1018055555555559
2014-02-24 00:00:00 UTC,266,1205,412432171,15.024027777777775
2014-02-24 00:00:00 UTC,266,1205,412450349,1.0147222222222223
2014-02-24 00:00:00 UTC,266,1211,412418352,3.2551388888888888
2014-02-24 00:00:00 UTC,266,1214,412433972,0.13361111111111112
2014-02-24 00:00:00 UTC,266,1205,412432697,10.47291666666667
2014-02-24 00:00:00 UTC,266,1211,412416572,6.3563888888888886
2014-02-24 00:00:00 UTC,266,1205,412433216,1.1251388888888889
2014-02-24 00:00:00 UTC,266,1209,412431426,1.838888888888889
2014-02-24 00:00:00 UTC,266,1208,412431426,1.0991666666666666
2014-02-24 00:00:00 UTC,266,1209,412432456,0.93291666666666673
2014-02-24 00:00:00 UTC,266,1203,412433227,9.3777777777777782
2014-02-24 00:00:00 UTC,266,1204,412433227,11.81763888888889
2014-02-24 00:00:00 UTC,266,1211,412418636,2.6794444444444441
2014-02-24 00:00:00 UTC,266,1210,412432204,8.0916666666666668
2014-02-24 00:00:00 UTC,266,1205,412433228,19.018472222222222
2014-02-24 00:00:00 UTC,266,1210,412545612,0.62319444444444438
2014-02-24 00:00:00 UTC,266,1211,412498765,6.5112499999999995
2014-02-24 00:00:00 UTC,266,1211,412418639,6.2311111111111117
2014-02-24 00:00:00 UTC,266,1211,412416088,3.7847222222222223
2014-02-24 00:00:00 UTC,266,1210,412416088,0.84680555555555559
2014-02-24 00:00:00 UTC,266,1205,412433502,16.572777777777777
2014-02-24 00:00:00 UTC,266,1205,412449127,1.5902777777777779
2014-02-24 00:00:00 UTC,266,1210,900023146,10.218194444444444
2014-02-24 00:00:00 UTC,266,1205,412432496,8.2904166666666672
2014-02-24 00:00:00 UTC,266,1211,412416374,3.6345833333333331
2014-02-24 00:00:00 UTC,266,1210,412418426,7.38125
2014-02-24 00:00:00 UTC,266,1211,412442237,2.8640277777777783
2014-02-24 00:00:00 UTC,266,1206,413085566,1.8145833333333337
2014-02-24 00:00:00 UTC,266,1210,412432255,3.7965277777777779
2014-02-24 00:00:00 UTC,266,1205,412432768,0.37597222222222226
2014-02-24 00:00:00 UTC,266,1204,412432768,7.0984722222222221
2014-02-24 00:00:00 UTC,266,1205,412432516,16.697222222222223
2014-02-24 00:00:00 UTC,266,1208,412431751,0.96333333333333337
2014-02-24 00:00:00 UTC,266,1209,412431751,2.9476388888888891
2014-02-24 00:00:00 UTC,266,1205,412412551,12.602083333333333
2014-02-24 00:00:00 UTC,266,1208,412413576,2.262777777777778
2014-02-24 00:00:00 UTC,266,1209,412413576,1.9820833333333332
2014-02-24 00:00:00 UTC,266,1211,412418443,9.1620833333333334
2014-02-24 00:00:00 UTC,266,1205,412431755,9.5641666666666669
2014-02-24 00:00:00 UTC,266,1209,412418972,0.50486111111111109
2014-02-24 00:00:00 UTC,266,1210,412418972,4.0472222222222216
2014-02-24 00:00:00 UTC,266,1206,412450206,0.84902777777777771
2014-02-24 00:00:00 UTC,266,1205,412433313,7.99513888888889
2014-02-24 00:00:00 UTC,266,1205,412433068,14.639027777777779
2014-02-24 00:00:00 UTC,266,1206,412433068,0.35069444444444442
2014-02-24 00:00:00 UTC,266,1204,412432558,9.2494444444444444
2014-02-24 00:00:00 UTC,266,1209,412432047,1.2774999999999999
2014-02-24 00:00:00 UTC,266,1210,412431284,1.0315277777777778
2014-02-24 00:00:00 UTC,266,1209,412431284,0.56013888888888885
2014-02-24 00:00:00 UTC,266,1210,412431285,2.31625
2014-02-24 00:00:00 UTC,266,1209,412431285,1.29125
2014-02-24 00:00:00 UTC,266,1210,412432311,3.5727777777777776
2014-02-24 00:00:00 UTC,266,1211,412419769,1.4194444444444445
2014-02-24 00:00:00 UTC,266,1210,412419769,8.6281944444444427
2014-02-24 00:00:00 UTC,266,1209,412433601,0.38
2014-02-24 00:00:00 UTC,266,1211,412417987,15.955694444444445
2014-02-24 00:00:00 UTC,266,1205,412432581,16.053333333333331
2014-02-24 00:00:00 UTC,266,1211,412418509,8.24
2014-02-24 00:00:00 UTC,266,1211,412060370,4.7173611111111118
2014-02-24 00:00:00 UTC,266,1206,413008339,1.2383333333333333
2014-02-24 00:00:00 UTC,266,1211,412442067,6.5334722222222226
2014-02-24 00:00:00 UTC,266,1209,412419294,1.4952777777777777
2014-02-24 00:00:00 UTC,266,1210,412419294,4.809444444444444
2014-02-24 00:00:00 UTC,266,1205,412432351,14.470416666666667
2014-02-24 00:00:00 UTC,266,1211,412418274,1.5963888888888891
2014-02-24 00:00:00 UTC,266,1211,412419563,5.1251388888888885
2014-02-24 00:00:00 UTC,266,1210,412433405,2.7108333333333334
2014-02-24 00:00:00 UTC,522,1550,273896200,0.8126388888888888
2014-02-24 00:00:00 UTC,522,-118,228293900,8.72125
2014-02-24 00:00:00 UTC,522,-117,228293900,3.0201388888888889
2014-02-24 00:00:00 UTC,522,1751,366988820,2.4670833333333335
2014-02-24 00:00:00 UTC,522,-145,259657000,7.2124999999999995
2014-02-24 00:00:00 UTC,522,39,244286000,0.66375
2014-02-24 00:00:00 UTC,522,40,244669000,4.0429166666666658
2014-02-24 00:00:00 UTC,522,39,244669000,0.7697222222222222
2014-02-24 00:00:00 UTC,522,40,244049000,6.3151388888888889
2014-02-24 00:00:00 UTC,522,41,244049000,0.64986111111111111
2014-02-24 00:00:00 UTC,522,41,244742000,1.07375
2014-02-24 00:00:00 UTC,522,40,244742000,2.0890277777777779
2014-02-24 00:00:00 UTC,522,39,244742000,2.6231944444444442
2014-02-24 00:00:00 UTC,522,42,244742000,1.2559722222222223
2014-02-24 00:00:00 UTC,522,39,245146000,2.9390277777777776
2014-02-24 00:00:00 UTC,522,40,245252000,2.0181944444444446
2014-02-24 00:00:00 UTC,522,39,245252000,1.9641666666666664
2014-02-24 00:00:00 UTC,522,38,246222000,0.55152777777777784
2014-02-24 00:00:00 UTC,522,1552,273825520,2.88375
2014-02-24 00:00:00 UTC,522,1549,273825520,1.6444444444444444
2014-02-24 00:00:00 UTC,522,1550,273825520,3.1468055555555554
2014-02-24 00:00:00 UTC,-502,-648,701006042,0.79180555555555554
2014-02-24 00:00:00 UTC,-246,366,432426000,2.2018055555555556
2014-02-24 00:00:00 UTC,-246,371,432426000,2.5793055555555551
2014-02-24 00:00:00 UTC,-246,375,432426000,5.9591666666666665
2014-02-24 00:00:00 UTC,-246,370,431444000,1.5788888888888888
2014-02-24 00:00:00 UTC,-246,371,431444000,1.7534722222222219
2014-02-24 00:00:00 UTC,-246,368,431444000,4.0138888888888893
2014-02-24 00:00:00 UTC,-246,372,431444000,0.50527777777777783
2014-02-24 00:00:00 UTC,-246,-264,224545000,3.275
2014-02-24 00:00:00 UTC,11,1768,440623000,1.9172222222222222
2014-02-24 00:00:00 UTC,11,1767,440623000,1.8802777777777777
2014-02-24 00:00:00 UTC,11,1747,538060018,2.7477777777777779
2014-02-24 00:00:00 UTC,267,1211,412419332,2.6429166666666668
2014-02-24 00:00:00 UTC,267,1212,412419332,9.8708333333333318
2014-02-24 00:00:00 UTC,267,1205,412433159,0.94375000000000009
2014-02-24 00:00:00 UTC,267,1204,412432649,0.8725
2014-02-24 00:00:00 UTC,267,1205,412432649,0.44013888888888886
2014-02-24 00:00:00 UTC,267,1213,412437257,0.96069444444444452
2014-02-24 00:00:00 UTC,267,1212,412437257,0.54388888888888887
2014-02-24 00:00:00 UTC,267,1211,412419085,11.164305555555558
2014-02-24 00:00:00 UTC,267,1204,412432653,8.2643055555555556
2014-02-24 00:00:00 UTC,267,1205,412432653,14.222638888888889
2014-02-24 00:00:00 UTC,267,1208,412433678,1.2569444444444444
2014-02-24 00:00:00 UTC,267,1211,412417809,3.4300000000000006
2014-02-24 00:00:00 UTC,267,1212,412417809,3.9304166666666669
2014-02-24 00:00:00 UTC,267,1211,912041234,2.0373611111111112
2014-02-24 00:00:00 UTC,267,1212,412440085,5.0109722222222217
2014-02-24 00:00:00 UTC,267,1211,412440085,2.4173611111111111
2014-02-24 00:00:00 UTC,267,1212,412069655,7.8427777777777781
2014-02-24 00:00:00 UTC,267,1206,412433435,0.25666666666666665
2014-02-24 00:00:00 UTC,267,1205,412433435,0.51041666666666663
2014-02-24 00:00:00 UTC,267,1204,412432161,1.1218055555555557
2014-02-24 00:00:00 UTC,267,1211,412418341,2.36625
2014-02-24 00:00:00 UTC,267,1211,412418854,2.2804166666666665
2014-02-24 00:00:00 UTC,267,1211,412433703,0.12444444444444444
2014-02-24 00:00:00 UTC,267,1205,412432682,1.1352777777777778
2014-02-24 00:00:00 UTC,267,1204,412433962,1.5115277777777778
2014-02-24 00:00:00 UTC,267,1204,412432171,11.475
2014-02-24 00:00:00 UTC,267,1205,412450349,0.87013888888888891
2014-02-24 00:00:00 UTC,267,1211,412418351,2.8283333333333336
2014-02-24 00:00:00 UTC,267,1213,412433711,0.15555555555555556
2014-02-24 00:00:00 UTC,267,1211,412416559,8.1218055555555555
2014-02-24 00:00:00 UTC,267,1212,412416559,2.0398611111111111
2014-02-24 00:00:00 UTC,267,1212,412418352,2.6676388888888889
2014-02-24 00:00:00 UTC,267,1211,412418352,7.4940277777777773
2014-02-24 00:00:00 UTC,267,1206,412432434,0.26416666666666666
2014-02-24 00:00:00 UTC,267,1213,412433972,1.43125
2014-02-24 00:00:00 UTC,267,1204,412432697,0.46916666666666668
2014-02-24 00:00:00 UTC,267,1212,412416572,7.6605555555555558
2014-02-24 00:00:00 UTC,267,1211,412416062,0.84305555555555556
2014-02-24 00:00:00 UTC,267,1209,412431426,2.5820833333333333
2014-02-24 00:00:00 UTC,267,1211,412416578,4.6141666666666667
2014-02-24 00:00:00 UTC,267,1212,412416578,0.93583333333333329
2014-02-24 00:00:00 UTC,267,1205,200006467,0.61597222222222225
2014-02-24 00:00:00 UTC,267,1212,412419654,5.255
2014-02-24 00:00:00 UTC,267,1211,412419654,0.62388888888888894
2014-02-24 00:00:00 UTC,267,1205,412433222,1.5329166666666665
2014-02-24 00:00:00 UTC,267,1211,412088136,13.679305555555555
2014-02-24 00:00:00 UTC,267,1211,412418377,3.2543055555555553
2014-02-24 00:00:00 UTC,267,1205,900023369,11.987638888888888
2014-02-24 00:00:00 UTC,267,1204,412433227,7.4325
2014-02-24 00:00:00 UTC,267,1211,412418636,8.1409722222222225
2014-02-24 00:00:00 UTC,267,1212,412418636,0.65527777777777785
2014-02-24 00:00:00 UTC,267,1210,412432204,0.9705555555555555
2014-02-24 00:00:00 UTC,267,1210,412545612,1.9970833333333333
2014-02-24 00:00:00 UTC,267,1211,412498765,2.8661111111111111
2014-02-24 00:00:00 UTC,267,1212,412498765,3.3115277777777772
2014-02-24 00:00:00 UTC,267,1212,412418639,8.3488888888888884
2014-02-24 00:00:00 UTC,267,1211,412418639,1.8936111111111109
2014-02-24 00:00:00 UTC,267,1204,412432724,2.9001388888888888
2014-02-24 00:00:00 UTC,267,1205,412432724,11.628750000000004
2014-02-24 00:00:00 UTC,267,1211,412417364,0.29208333333333336
2014-02-24 00:00:00 UTC,267,1205,412432469,0.82125
2014-02-24 00:00:00 UTC,267,1213,412431446,8.2866666666666671
2014-02-24 00:00:00 UTC,267,1213,412431447,17.865555555555556
2014-02-24 00:00:00 UTC,267,1211,412418651,3.8644444444444446
2014-02-24 00:00:00 UTC,267,1212,412418651,2.9584722222222224
2014-02-24 00:00:00 UTC,267,1212,412418396,0.44041666666666668
2014-02-24 00:00:00 UTC,267,1212,412419677,1.2134722222222223
2014-02-24 00:00:00 UTC,267,1211,412419677,3.3786111111111108
2014-02-24 00:00:00 UTC,267,1205,412433502,7.4281944444444452
2014-02-24 00:00:00 UTC,267,1212,412419679,12.65861111111111
2014-02-24 00:00:00 UTC,267,1211,412419679,7.6634722222222225
2014-02-24 00:00:00 UTC,267,1212,412417379,3.8979166666666667
2014-02-24 00:00:00 UTC,267,1211,412417379,6.3258333333333328
2014-02-24 00:00:00 UTC,267,1210,412417379,0.61791666666666667
2014-02-24 00:00:00 UTC,267,1210,900023146,1.4676388888888892
2014-02-24 00:00:00 UTC,267,1212,900023146,4.1638888888888888
2014-02-24 00:00:00 UTC,267,1211,900023146,2.1963888888888889
2014-02-24 00:00:00 UTC,267,1212,412418416,0.91236111111111107
2014-02-24 00:00:00 UTC,267,1211,412418416,3.5300000000000002
2014-02-24 00:00:00 UTC,267,1211,412418928,3.3431944444444444
2014-02-24 00:00:00 UTC,267,1212,412418928,6.7672222222222222
2014-02-24 00:00:00 UTC,267,1205,412432755,0.24194444444444443
2014-02-24 00:00:00 UTC,267,1206,412432755,0.22444444444444445
2014-02-24 00:00:00 UTC,267,1211,412418421,2.76625
2014-02-24 00:00:00 UTC,267,1211,412416374,4.78625
2014-02-24 00:00:00 UTC,267,1212,412416374,4.3418055555555553
2014-02-24 00:00:00 UTC,267,1211,412418423,4.9541666666666657
2014-02-24 00:00:00 UTC,267,1210,412418426,1.7033333333333334
2014-02-24 00:00:00 UTC,267,1211,412418426,3.0941666666666667
2014-02-24 00:00:00 UTC,267,1212,412418426,3.0331944444444443
2014-02-24 00:00:00 UTC,267,1205,412417404,18.09569444444444
2014-02-24 00:00:00 UTC,267,1211,412442237,6.0133333333333336
2014-02-24 00:00:00 UTC,267,1212,412442237,0.48583333333333334
2014-02-24 00:00:00 UTC,267,1210,412450429,7.0001388888888885
2014-02-24 00:00:00 UTC,267,1206,413085566,1.8987500000000002
2014-02-24 00:00:00 UTC,267,1210,412432255,0.4440277777777778
2014-02-24 00:00:00 UTC,267,1211,412415872,3.8736111111111109
2014-02-24 00:00:00 UTC,267,1212,412415872,0.77319444444444452
2014-02-24 00:00:00 UTC,267,1210,413001090,3.7268055555555555
2014-02-24 00:00:00 UTC,267,1211,900017285,3.4115277777777777
2014-02-24 00:00:00 UTC,267,1210,900017285,2.0294444444444446
2014-02-24 00:00:00 UTC,267,1211,412419719,2.5658333333333334
2014-02-24 00:00:00 UTC,267,1209,412431751,2.4515277777777773
2014-02-24 00:00:00 UTC,267,1211,412060807,10.997916666666667
2014-02-24 00:00:00 UTC,267,1204,412412551,11.002638888888889
2014-02-24 00:00:00 UTC,267,1209,412413576,2.2468055555555555
2014-02-24 00:00:00 UTC,267,1205,412449929,0.78791666666666671
2014-02-24 00:00:00 UTC,267,1212,412418443,6.4977777777777774
2014-02-24 00:00:00 UTC,267,1211,412418443,2.61375
2014-02-24 00:00:00 UTC,267,1211,412418446,8.1806944444444447
2014-02-24 00:00:00 UTC,267,1205,412449936,0.30888888888888888
2014-02-24 00:00:00 UTC,267,1211,412410262,1.8338888888888889
2014-02-24 00:00:00 UTC,267,1212,412410262,1.8309722222222224
2014-02-24 00:00:00 UTC,267,1213,412431258,4.0083333333333329
2014-02-24 00:00:00 UTC,267,1209,412418972,0.81361111111111106
2014-02-24 00:00:00 UTC,267,1210,412418972,3.2297222222222222
2014-02-24 00:00:00 UTC,267,1211,412418972,4.6470833333333337
2014-02-24 00:00:00 UTC,267,1206,412450206,3.225138888888889
2014-02-24 00:00:00 UTC,267,1205,412433313,1.0577777777777777
2014-02-24 00:00:00 UTC,267,1205,412433572,0.8386111111111112
2014-02-24 00:00:00 UTC,267,1205,412433319,1.495
2014-02-24 00:00:00 UTC,267,1204,412433064,0.7780555555555555
2014-02-24 00:00:00 UTC,267,1211,412410027,1.5551388888888888
2014-02-24 00:00:00 UTC,267,1205,412433068,2.4802777777777774
2014-02-24 00:00:00 UTC,267,1205,412433581,0.89513888888888893
2014-02-24 00:00:00 UTC,267,1204,412432558,11.36125
2014-02-24 00:00:00 UTC,267,1211,412417456,2.2266666666666666
2014-02-24 00:00:00 UTC,267,1210,412431284,2.422361111111111
2014-02-24 00:00:00 UTC,267,1212,412418997,4.5
2014-02-24 00:00:00 UTC,267,1211,412418997,5.2547222222222212
2014-02-24 00:00:00 UTC,267,1210,412431285,2.5166666666666671
2014-02-24 00:00:00 UTC,267,1209,412431285,0.22944444444444445
2014-02-24 00:00:00 UTC,267,1210,412432311,1.0151388888888888
2014-02-24 00:00:00 UTC,267,1211,412419256,4.438194444444445
2014-02-24 00:00:00 UTC,267,1210,412419769,1.7895833333333333
2014-02-24 00:00:00 UTC,267,1212,412419769,2.7333333333333338
2014-02-24 00:00:00 UTC,267,1211,412419769,1.8804166666666666
2014-02-24 00:00:00 UTC,267,1205,412433342,1.074861111111111
2014-02-24 00:00:00 UTC,267,1214,412061886,1.00125
2014-02-24 00:00:00 UTC,267,1212,412417987,10.202222222222222
2014-02-24 00:00:00 UTC,267,1213,412433608,8.01
2014-02-24 00:00:00 UTC,267,1205,412432585,1.0108333333333333
2014-02-24 00:00:00 UTC,267,1212,412417737,1.4397222222222223
2014-02-24 00:00:00 UTC,267,1211,412417737,4.1270833333333332
2014-02-24 00:00:00 UTC,267,1211,412418509,4.2930555555555561
2014-02-24 00:00:00 UTC,267,1212,412418509,0.98291666666666666
2014-02-24 00:00:00 UTC,267,1212,412419281,5.068194444444444
2014-02-24 00:00:00 UTC,267,1212,412060370,2.14875
2014-02-24 00:00:00 UTC,267,1211,412060370,6.9572222222222226
2014-02-24 00:00:00 UTC,267,1206,413008339,2.3933333333333335
2014-02-24 00:00:00 UTC,267,1211,412442067,1.7006944444444443
2014-02-24 00:00:00 UTC,267,1212,412442067,2.2727777777777778
2014-02-24 00:00:00 UTC,267,1210,412442067,0.77347222222222212
2014-02-24 00:00:00 UTC,267,1210,412448723,3.57625
2014-02-24 00:00:00 UTC,267,1211,412060372,3.2430555555555554
2014-02-24 00:00:00 UTC,267,1212,412060372,1.9659722222222222
2014-02-24 00:00:00 UTC,267,1212,412416212,4.358888888888889
2014-02-24 00:00:00 UTC,267,1211,412416212,11.054861111111109
2014-02-24 00:00:00 UTC,267,1205,412432341,0.2426388888888889
2014-02-24 00:00:00 UTC,267,1211,412416981,1.9581944444444446
2014-02-24 00:00:00 UTC,267,1212,412416981,1.8315277777777779
2014-02-24 00:00:00 UTC,267,1211,412419294,5.970416666666666
2014-02-24 00:00:00 UTC,267,1210,412448734,3.4494444444444445
2014-02-24 00:00:00 UTC,267,1204,412432351,8.3318055555555546
2014-02-24 00:00:00 UTC,267,1211,412418274,6.3572222222222221
2014-02-24 00:00:00 UTC,267,1204,412416482,0.31527777777777777
2014-02-24 00:00:00 UTC,267,1205,412416482,1.0805555555555555
2014-02-24 00:00:00 UTC,267,1213,412433635,9.5031944444444445
2014-02-24 00:00:00 UTC,267,1210,412001508,3.5551388888888886
2014-02-24 00:00:00 UTC,267,1213,412433642,8.7444444444444454
2014-02-24 00:00:00 UTC,267,1212,412433642,8.4054166666666656
2014-02-24 00:00:00 UTC,267,1212,412419563,11.514999999999999
2014-02-24 00:00:00 UTC,267,1211,412419563,5.7481944444444437
2014-02-24 00:00:00 UTC,267,1211,412417262,2.9568055555555555
2014-02-24 00:00:00 UTC,267,1213,412433655,12.096666666666668
2014-02-24 00:00:00 UTC,267,1213,412433657,6.6436111111111105
2014-02-24 00:00:00 UTC,267,1212,200001023,11.632777777777777
2014-02-24 00:00:00 UTC,523,45,245706000,0.41458333333333336
2014-02-24 00:00:00 UTC,523,44,245706000,1.4752777777777779
2014-02-24 00:00:00 UTC,523,43,245706000,0.62458333333333338
2014-02-24 00:00:00 UTC,523,45,246206000,1.0434722222222224
2014-02-24 00:00:00 UTC,523,44,246206000,7.2823611111111113
2014-02-24 00:00:00 UTC,523,40,244669000,3.7369444444444446
2014-02-24 00:00:00 UTC,523,41,244669000,6.7824999999999989
2014-02-24 00:00:00 UTC,523,41,244049000,0.62805555555555559
2014-02-24 00:00:00 UTC,523,40,246214000,3.1206944444444442
2014-02-24 00:00:00 UTC,523,41,246214000,4.50111111111111
2014-02-24 00:00:00 UTC,523,44,245445000,0.21694444444444444
2014-02-24 00:00:00 UTC,523,45,245445000,0.41722222222222222
2014-02-24 00:00:00 UTC,523,42,219237000,0.89486111111111111
2014-02-24 00:00:00 UTC,523,41,219237000,2.8763888888888891
2014-02-24 00:00:00 UTC,523,40,245252000,1.3586111111111112
2014-02-24 00:00:00 UTC,523,41,245252000,6.5211111111111109
2014-02-24 00:00:00 UTC,523,38,246222000,1.7083333333333333
2014-02-24 00:00:00 UTC,523,44,245571000,9.1426388888888876
2014-02-24 00:00:00 UTC,523,45,245571000,2.2472222222222222
2014-02-24 00:00:00 UTC,523,45,246136000,0.21875
2014-02-24 00:00:00 UTC,523,-134,224125140,7.21111111111111
2014-02-24 00:00:00 UTC,-501,-668,701031000,1.5568055555555556
2014-02-24 00:00:00 UTC,-501,-647,701006042,4.5936111111111106
2014-02-24 00:00:00 UTC,-245,364,432426000,1.77875
2014-02-24 00:00:00 UTC,-245,374,432426000,3.3616666666666664
2014-02-24 00:00:00 UTC,-245,373,431444000,0.79486111111111113
2014-02-24 00:00:00 UTC,-245,372,431444000,1.701111111111111
2014-02-24 00:00:00 UTC,-245,371,431444000,0.94861111111111107
2014-02-24 00:00:00 UTC,-245,362,432228000,1.7954166666666667
2014-02-24 00:00:00 UTC,12,1770,440623000,1.4329166666666666
2014-02-24 00:00:00 UTC,12,1769,440623000,1.7759722222222223
2014-02-24 00:00:00 UTC,268,1203,333305601,3.6256944444444441
2014-02-24 00:00:00 UTC,268,1212,412419332,11.554722222222223
2014-02-24 00:00:00 UTC,268,1210,412450057,0.26125
2014-02-24 00:00:00 UTC,268,1213,412450057,1.0375
2014-02-24 00:00:00 UTC,268,1212,412419085,7.4047222222222233
2014-02-24 00:00:00 UTC,268,1213,412419085,1.0133333333333334
2014-02-24 00:00:00 UTC,268,1205,800034061,1.3979166666666667
2014-02-24 00:00:00 UTC,268,1212,412419086,5.0452777777777778
2014-02-24 00:00:00 UTC,268,1212,412440085,16.70888888888889
2014-02-24 00:00:00 UTC,268,1206,412450071,11.411388888888887
2014-02-24 00:00:00 UTC,268,1212,412069655,6.6013888888888888
2014-02-24 00:00:00 UTC,268,1206,412450329,4.1018055555555559
2014-02-24 00:00:00 UTC,268,1212,412419611,12.978194444444444
2014-02-24 00:00:00 UTC,268,1206,412433435,0.215
2014-02-24 00:00:00 UTC,268,1205,412433435,0.23597222222222219
2014-02-24 00:00:00 UTC,268,1204,412450333,0.31027777777777776
2014-02-24 00:00:00 UTC,268,1205,412450333,3.1226388888888894
2014-02-24 00:00:00 UTC,268,1211,412418341,0.92972222222222234
2014-02-24 00:00:00 UTC,268,1212,412418341,13.690694444444443
2014-02-24 00:00:00 UTC,268,1212,412418854,7.5338888888888871
2014-02-24 00:00:00 UTC,268,1211,412418854,2.7569444444444442
2014-02-24 00:00:00 UTC,268,1212,412418351,2.6906944444444445
2014-02-24 00:00:00 UTC,268,1211,412418351,5.2247222222222227
2014-02-24 00:00:00 UTC,268,1212,412433455,6.6694444444444443
2014-02-24 00:00:00 UTC,268,1213,412433455,14.31625
2014-02-24 00:00:00 UTC,268,1209,412416559,0.76625
2014-02-24 00:00:00 UTC,268,1212,412416559,3.3193055555555553
2014-02-24 00:00:00 UTC,268,1212,412418352,10.32861111111111
2014-02-24 00:00:00 UTC,268,1207,412432434,0.27208333333333334
2014-02-24 00:00:00 UTC,268,1206,412432434,0.25263888888888891
2014-02-24 00:00:00 UTC,268,1216,412442419,0.325
2014-02-24 00:00:00 UTC,268,1213,412433972,1.0490277777777777
2014-02-24 00:00:00 UTC,268,1212,412418361,8.9029166666666661
2014-02-24 00:00:00 UTC,268,1212,412416572,9.7134722222222223
2014-02-24 00:00:00 UTC,268,1210,413001533,3.0080555555555555
2014-02-24 00:00:00 UTC,268,1211,413001533,1.5716666666666665
2014-02-24 00:00:00 UTC,268,1212,412416061,0.53166666666666673
2014-02-24 00:00:00 UTC,268,1212,200000319,3.7744444444444438
2014-02-24 00:00:00 UTC,268,1212,412418368,4.3840277777777779
2014-02-24 00:00:00 UTC,268,1210,412449344,0.54986111111111113
2014-02-24 00:00:00 UTC,268,1209,412431426,1.0490277777777777
2014-02-24 00:00:00 UTC,268,1211,412416578,6.88402777777778
2014-02-24 00:00:00 UTC,268,1212,412416578,7.65361111111111
2014-02-24 00:00:00 UTC,268,1212,412419654,17.8625
2014-02-24 00:00:00 UTC,268,1213,412417095,7.9595833333333337
2014-02-24 00:00:00 UTC,268,1212,412088136,9.4558333333333326
2014-02-24 00:00:00 UTC,268,1212,412418377,15.176805555555553
2014-02-24 00:00:00 UTC,268,1212,412418636,7.6172222222222219
2014-02-24 00:00:00 UTC,268,1206,412449612,13.673611111111112
2014-02-24 00:00:00 UTC,268,1210,412545612,2.22375
2014-02-24 00:00:00 UTC,268,1212,412498765,9.57638888888889
2014-02-24 00:00:00 UTC,268,1211,412498765,0.28513888888888889
2014-02-24 00:00:00 UTC,268,1213,412498765,0.27736111111111111
2014-02-24 00:00:00 UTC,268,1212,412418639,6.3419444444444446
2014-02-24 00:00:00 UTC,268,1212,900007250,4.7045833333333338
2014-02-24 00:00:00 UTC,268,1212,412417364,6.0269444444444442
2014-02-24 00:00:00 UTC,268,1211,412417364,1.7629166666666665
2014-02-24 00:00:00 UTC,268,1205,412432469,0.4916666666666667
2014-02-24 00:00:00 UTC,268,1210,412001109,1.5258333333333334
2014-02-24 00:00:00 UTC,268,1213,412431446,10.234861111111114
2014-02-24 00:00:00 UTC,268,1213,412431447,7.828611111111111
2014-02-24 00:00:00 UTC,268,1205,412449879,7.6554166666666656
2014-02-24 00:00:00 UTC,268,1212,412416088,1.3129166666666667
2014-02-24 00:00:00 UTC,268,1212,412418651,12.558055555555557
2014-02-24 00:00:00 UTC,268,1212,412418396,11.480694444444444
2014-02-24 00:00:00 UTC,268,1213,412418396,0.67291666666666672
2014-02-24 00:00:00 UTC,268,1206,412449628,4.69888888888889
2014-02-24 00:00:00 UTC,268,1212,412419677,5.6476388888888875
2014-02-24 00:00:00 UTC,268,1206,412449634,5.1511111111111108
2014-02-24 00:00:00 UTC,268,1212,412417379,6.0427777777777774
2014-02-24 00:00:00 UTC,268,1211,412417379,6.4018055555555557
2014-02-24 00:00:00 UTC,268,1213,412449894,9.143472222222222
2014-02-24 00:00:00 UTC,268,1212,413001062,2.5306944444444444
2014-02-24 00:00:00 UTC,268,1210,413001319,3.1895833333333337
2014-02-24 00:00:00 UTC,268,1211,413001319,1.5531944444444443
2014-02-24 00:00:00 UTC,268,1212,412418409,3.7649999999999997
2014-02-24 00:00:00 UTC,268,1205,900028777,4.0581944444444451
2014-02-24 00:00:00 UTC,268,1211,412448873,0.57055555555555559
2014-02-24 00:00:00 UTC,268,1210,412448873,4.1302777777777777
2014-02-24 00:00:00 UTC,268,1209,412448873,0.80055555555555546
2014-02-24 00:00:00 UTC,268,1211,412418923,4.6305555555555555
2014-02-24 00:00:00 UTC,268,1212,412418923,8.89277777777778
2014-02-24 00:00:00 UTC,268,1212,412416111,5.0125
2014-02-24 00:00:00 UTC,268,1212,412418416,5.6795833333333334
2014-02-24 00:00:00 UTC,268,1212,412418928,2.6208333333333336
2014-02-24 00:00:00 UTC,268,1211,412418928,2.5529166666666665
2014-02-24 00:00:00 UTC,268,1213,412418928,7.92763888888889
2014-02-24 00:00:00 UTC,268,1211,412416624,5.4894444444444446
2014-02-24 00:00:00 UTC,268,1212,412416624,9.2644444444444449
2014-02-24 00:00:00 UTC,268,1206,412432755,0.23555555555555555
2014-02-24 00:00:00 UTC,268,1207,412432755,0.45291666666666669
2014-02-24 00:00:00 UTC,268,1213,412418421,0.2348611111111111
2014-02-24 00:00:00 UTC,268,1212,412418421,13.136527777777777
2014-02-24 00:00:00 UTC,268,1212,412414581,0.94458333333333333
2014-02-24 00:00:00 UTC,268,1211,412416374,2.45625
2014-02-24 00:00:00 UTC,268,1212,412416374,8.4618055555555536
2014-02-24 00:00:00 UTC,268,1211,412418423,1.7954166666666667
2014-02-24 00:00:00 UTC,268,1212,412418423,5.98986111111111
2014-02-24 00:00:00 UTC,268,1212,412418426,6.9772222222222222
2014-02-24 00:00:00 UTC,268,1211,412448892,2.135416666666667
2014-02-24 00:00:00 UTC,268,1210,412448892,1.3805555555555555
2014-02-24 00:00:00 UTC,268,1212,412442237,9.4543055555555569
2014-02-24 00:00:00 UTC,268,1212,412060285,19.359861111111108
2014-02-24 00:00:00 UTC,268,1212,412449662,3.2808333333333333
2014-02-24 00:00:00 UTC,268,1211,412418431,4.4980555555555553
2014-02-24 00:00:00 UTC,268,1212,412418431,8.1815277777777773
2014-02-24 00:00:00 UTC,268,1212,412415872,12.227222222222222
2014-02-24 00:00:00 UTC,268,1211,412448898,1.7244444444444444
2014-02-24 00:00:00 UTC,268,1210,412448898,4.4043055555555553
2014-02-24 00:00:00 UTC,268,1211,900017285,12.983611111111113
2014-02-24 00:00:00 UTC,268,1212,900017285,6.0230555555555556
2014-02-24 00:00:00 UTC,268,1207,412432261,0.23833333333333334
2014-02-24 00:00:00 UTC,268,1213,412441478,7.5936111111111106
2014-02-24 00:00:00 UTC,268,1214,412441478,8.56875
2014-02-24 00:00:00 UTC,268,1211,412419719,3.3186111111111112
2014-02-24 00:00:00 UTC,268,1212,412419719,11.278888888888888
2014-02-24 00:00:00 UTC,268,1209,412431751,0.81652777777777774
2014-02-24 00:00:00 UTC,268,1209,412413576,0.48777777777777775
2014-02-24 00:00:00 UTC,268,1212,412418446,10.919305555555557
2014-02-24 00:00:00 UTC,268,1209,412448657,0.82027777777777777
2014-02-24 00:00:00 UTC,268,1210,412448657,2.5434722222222224
2014-02-24 00:00:00 UTC,268,1211,412448657,1.8209722222222222
2014-02-24 00:00:00 UTC,268,1209,200004757,1.2883333333333333
2014-02-24 00:00:00 UTC,268,1211,412410262,2.4915277777777778
2014-02-24 00:00:00 UTC,268,1212,412410262,6.06125
2014-02-24 00:00:00 UTC,268,1213,412431257,9.1061111111111117
2014-02-24 00:00:00 UTC,268,1213,412431258,17.045972222222225
2014-02-24 00:00:00 UTC,268,1212,412418972,1.3459722222222223
2014-02-24 00:00:00 UTC,268,1212,412418467,16.229583333333331
2014-02-24 00:00:00 UTC,268,1213,412417456,1.9965277777777777
2014-02-24 00:00:00 UTC,268,1212,412417456,10.192916666666667
2014-02-24 00:00:00 UTC,268,1209,412060082,5.82
2014-02-24 00:00:00 UTC,268,1212,412060082,4.3636111111111111
2014-02-24 00:00:00 UTC,268,1210,412431284,0.76111111111111107
2014-02-24 00:00:00 UTC,268,1209,412431284,0.83291666666666664
2014-02-24 00:00:00 UTC,268,1212,412418997,3.4162500000000002
2014-02-24 00:00:00 UTC,268,1211,412418997,4.1462499999999993
2014-02-24 00:00:00 UTC,268,1209,412431285,1.0098611111111111
2014-02-24 00:00:00 UTC,268,1210,412431285,0.54555555555555557
2014-02-24 00:00:00 UTC,268,1211,412419256,1.7886111111111112
2014-02-24 00:00:00 UTC,268,1212,412419256,11.627638888888889
2014-02-24 00:00:00 UTC,268,1212,412419769,2.84625
2014-02-24 00:00:00 UTC,268,1212,412411834,5.108194444444444
2014-02-24 00:00:00 UTC,268,1211,412411834,2.1901388888888889
2014-02-24 00:00:00 UTC,268,1206,412449725,5.6179166666666669
2014-02-24 00:00:00 UTC,268,1214,412061886,4.95388888888889
2014-02-24 00:00:00 UTC,268,1212,412418504,2.2125
2014-02-24 00:00:00 UTC,268,1213,412433608,9.73347222222222
2014-02-24 00:00:00 UTC,268,1205,412432585,0.7480555555555557
2014-02-24 00:00:00 UTC,268,1212,412417737,7.639444444444444
2014-02-24 00:00:00 UTC,268,1212,412418509,6.7841666666666667
2014-02-24 00:00:00 UTC,268,1207,412432077,0.67402777777777789
2014-02-24 00:00:00 UTC,268,1206,412432077,0.46638888888888885
2014-02-24 00:00:00 UTC,268,1212,412419281,6.1679166666666667
2014-02-24 00:00:00 UTC,268,1212,412060370,6.7520833333333332
2014-02-24 00:00:00 UTC,268,1212,412442067,0.7
2014-02-24 00:00:00 UTC,268,1211,412442067,2.830972222222222
2014-02-24 00:00:00 UTC,268,1210,412448723,2.9873611111111109
2014-02-24 00:00:00 UTC,268,1209,412448723,0.26875
2014-02-24 00:00:00 UTC,268,1211,412419796,3.185138888888889
2014-02-24 00:00:00 UTC,268,1212,412419796,7.21
2014-02-24 00:00:00 UTC,268,1212,412060372,10.759305555555557
2014-02-24 00:00:00 UTC,268,1212,412416212,3.8419444444444446
2014-02-24 00:00:00 UTC,268,1211,412416212,4.5512500000000005
2014-02-24 00:00:00 UTC,268,1212,412419029,16.025416666666665
2014-02-24 00:00:00 UTC,268,1212,412416981,14.441111111111109
2014-02-24 00:00:00 UTC,268,1211,412432348,2.6525000000000003
2014-02-24 00:00:00 UTC,268,1210,412432348,0.52361111111111114
2014-02-24 00:00:00 UTC,268,1212,412419294,4.6047222222222226
2014-02-24 00:00:00 UTC,268,1210,412448734,2.8472222222222223
2014-02-24 00:00:00 UTC,268,1213,412450015,0.22472222222222221
2014-02-24 00:00:00 UTC,268,1212,412450015,2.2776388888888892
2014-02-24 00:00:00 UTC,268,1213,412450017,1.2874999999999999
2014-02-24 00:00:00 UTC,268,1211,412418274,0.56166666666666665
2014-02-24 00:00:00 UTC,268,1213,412418274,0.22055555555555556
2014-02-24 00:00:00 UTC,268,1212,412418274,13.668055555555558
2014-02-24 00:00:00 UTC,268,1212,412419554,9.44125
2014-02-24 00:00:00 UTC,268,1211,412419555,3.4340277777777772
2014-02-24 00:00:00 UTC,268,1212,412419555,8.74388888888889
2014-02-24 00:00:00 UTC,268,1213,412433635,5.6468055555555559
2014-02-24 00:00:00 UTC,268,1210,412001508,2.2513888888888887
2014-02-24 00:00:00 UTC,268,1211,412001508,0.79986111111111113
2014-02-24 00:00:00 UTC,268,1213,412431335,9.1893055555555563
2014-02-24 00:00:00 UTC,268,1213,412433642,2.95625
2014-02-24 00:00:00 UTC,268,1205,412433388,0.61708333333333343
2014-02-24 00:00:00 UTC,268,1211,412417262,4.2270833333333329
2014-02-24 00:00:00 UTC,268,1212,412417262,4.6305555555555555
2014-02-24 00:00:00 UTC,268,1206,412449779,7.2111111111111112
2014-02-24 00:00:00 UTC,268,1213,412433655,5.5859722222222228
2014-02-24 00:00:00 UTC,268,1213,412433657,6.6700000000000008
2014-02-24 00:00:00 UTC,268,1212,412418041,7.1288888888888877
2014-02-24 00:00:00 UTC,268,1212,412123132,1.5238888888888891
2014-02-24 00:00:00 UTC,268,1212,200001023,4.0172222222222231
2014-02-24 00:00:00 UTC,524,1587,273840900,2.4405555555555551
2014-02-24 00:00:00 UTC,524,45,245706000,3.2326388888888888
2014-02-24 00:00:00 UTC,524,44,245706000,8.125
2014-02-24 00:00:00 UTC,524,44,244052000,12.18888888888889
2014-02-24 00:00:00 UTC,524,43,244052000,0.82694444444444448
2014-02-24 00:00:00 UTC,524,45,246206000,1.3933333333333333
2014-02-24 00:00:00 UTC,524,-151,246429000,9.3155555555555551
2014-02-24 00:00:00 UTC,524,40,244669000,1.0151388888888888
2014-02-24 00:00:00 UTC,524,41,244669000,3.436666666666667
2014-02-24 00:00:00 UTC,524,42,246214000,0.42875
2014-02-24 00:00:00 UTC,524,41,246214000,3.7954166666666667
2014-02-24 00:00:00 UTC,524,40,246214000,0.6693055555555556
2014-02-24 00:00:00 UTC,524,-122,228301700,4.5426388888888889
2014-02-24 00:00:00 UTC,524,45,245445000,1.2798611111111109
2014-02-24 00:00:00 UTC,524,44,245445000,3.1304166666666671
2014-02-24 00:00:00 UTC,524,42,219237000,8.2101388888888884
2014-02-24 00:00:00 UTC,524,41,219237000,2.8415277777777774
2014-02-24 00:00:00 UTC,524,41,245252000,4.1738888888888885
2014-02-24 00:00:00 UTC,524,38,246222000,1.39875
2014-02-24 00:00:00 UTC,524,45,245571000,3.222083333333333
2014-02-24 00:00:00 UTC,524,44,245571000,10.32
2014-02-24 00:00:00 UTC,524,38,244205000,0.42555555555555552
2014-02-24 00:00:00 UTC,524,42,245165000,0.66902777777777778
2014-02-24 00:00:00 UTC,524,-131,224125140,0.74402777777777773
2014-02-24 00:00:00 UTC,-500,-531,441864000,5.6336111111111107
2014-02-24 00:00:00 UTC,-500,-668,701031000,6.4488888888888889
2014-02-24 00:00:00 UTC,-500,-649,701006042,1.5738888888888889
2014-02-24 00:00:00 UTC,-244,374,432426000,1.2886111111111114
2014-02-24 00:00:00 UTC,-244,373,432426000,1.5297222222222224
2014-02-24 00:00:00 UTC,-244,372,432426000,1.1501388888888888
2014-02-24 00:00:00 UTC,-244,375,431714000,9.24375
2014-02-24 00:00:00 UTC,-244,377,431714000,5.685
2014-02-24 00:00:00 UTC,13,1771,440623000,2.576111111111111
2014-02-24 00:00:00 UTC,13,1769,440623000,1.6940277777777779
2014-02-24 00:00:00 UTC,13,1770,440623000,0.85833333333333339
2014-02-24 00:00:00 UTC,13,-1661,412371179,0.90694444444444444
2014-02-24 00:00:00 UTC,269,1211,412449027,4.2091666666666656
2014-02-24 00:00:00 UTC,269,1211,412450057,0.58
2014-02-24 00:00:00 UTC,269,1210,412450057,2.13625
2014-02-24 00:00:00 UTC,269,1213,412450057,14.984166666666669
2014-02-24 00:00:00 UTC,269,1212,412417545,15.55263888888889
2014-02-24 00:00:00 UTC,269,1212,412419085,1.0040277777777777
2014-02-24 00:00:00 UTC,269,1213,412419085,1.0554166666666667
2014-02-24 00:00:00 UTC,269,1206,412448781,1.5330555555555554
2014-02-24 00:00:00 UTC,269,1205,412448781,0.75722222222222224
2014-02-24 00:00:00 UTC,269,1207,412433171,0.35666666666666669
2014-02-24 00:00:00 UTC,269,1206,412450071,10.543055555555554
2014-02-24 00:00:00 UTC,269,1212,412069655,0.8322222222222222
2014-02-24 00:00:00 UTC,269,1214,412449817,1.6504166666666666
2014-02-24 00:00:00 UTC,269,1206,412450329,6.8827777777777781
2014-02-24 00:00:00 UTC,269,1211,412419611,2.93
2014-02-24 00:00:00 UTC,269,1212,412419611,8.6665277777777767
2014-02-24 00:00:00 UTC,269,1208,412433435,0.23083333333333333
2014-02-24 00:00:00 UTC,269,1207,412433435,0.89250000000000007
2014-02-24 00:00:00 UTC,269,1212,412449307,0.27902777777777776
2014-02-24 00:00:00 UTC,269,1211,412449307,7.8265277777777778
2014-02-24 00:00:00 UTC,269,1206,412450333,1.924722222222222
2014-02-24 00:00:00 UTC,269,1205,412450333,14.733888888888888
2014-02-24 00:00:00 UTC,269,1212,413001503,7.5829166666666676
2014-02-24 00:00:00 UTC,269,1213,412063008,14.639861111111111
2014-02-24 00:00:00 UTC,269,1214,413061922,10.952361111111115
2014-02-24 00:00:00 UTC,269,1213,412418341,1.2890277777777779
2014-02-24 00:00:00 UTC,269,1212,412418341,5.4970833333333342
2014-02-24 00:00:00 UTC,269,1206,412450085,9.6047222222222146
2014-02-24 00:00:00 UTC,269,1207,412450085,12.370694444444444
2014-02-24 00:00:00 UTC,269,1213,412418854,1.2893055555555555
2014-02-24 00:00:00 UTC,269,1212,412418854,9.7886111111111109
2014-02-24 00:00:00 UTC,269,1207,412432682,9.92847222222222
2014-02-24 00:00:00 UTC,269,1212,412418349,8.4670833333333331
2014-02-24 00:00:00 UTC,269,1211,412449325,7.5455555555555529
2014-02-24 00:00:00 UTC,269,1212,412418351,10.968055555555557
2014-02-24 00:00:00 UTC,269,1213,412433455,5.6843055555555555
2014-02-24 00:00:00 UTC,269,1205,412450095,1.1654166666666665
2014-02-24 00:00:00 UTC,269,1206,412450095,0.57194444444444448
2014-02-24 00:00:00 UTC,269,1212,412416559,1.2786111111111111
2014-02-24 00:00:00 UTC,269,1212,412418352,0.28416666666666668
2014-02-24 00:00:00 UTC,269,1212,412419634,15.934444444444443
2014-02-24 00:00:00 UTC,269,1213,412419634,1.7493055555555557
2014-02-24 00:00:00 UTC,269,1207,800921650,2.1922222222222221
2014-02-24 00:00:00 UTC,269,1207,412432434,0.54638888888888892
2014-02-24 00:00:00 UTC,269,1216,412442419,6.575277777777778
2014-02-24 00:00:00 UTC,269,1213,412433972,0.5345833333333333
2014-02-24 00:00:00 UTC,269,1212,412418359,9.918333333333333
2014-02-24 00:00:00 UTC,269,1213,412418361,4.485
2014-02-24 00:00:00 UTC,269,1212,412418361,1.2631944444444445
2014-02-24 00:00:00 UTC,269,1211,413001533,0.28347222222222224
2014-02-24 00:00:00 UTC,269,1210,413001533,0.12375
2014-02-24 00:00:00 UTC,269,1212,412416061,3.3323611111111107
2014-02-24 00:00:00 UTC,269,1214,412450367,2.6297222222222225
2014-02-24 00:00:00 UTC,269,1213,412418368,5.8641666666666667
2014-02-24 00:00:00 UTC,269,1212,412418368,19.189027777777778
2014-02-24 00:00:00 UTC,269,1211,412449344,4.0980555555555558
2014-02-24 00:00:00 UTC,269,1210,412449344,1.2751388888888888
2014-02-24 00:00:00 UTC,269,1212,412416578,4.0647222222222217
2014-02-24 00:00:00 UTC,269,1212,412418372,2.5468055555555553
2014-02-24 00:00:00 UTC,269,1213,412417095,8.155
2014-02-24 00:00:00 UTC,269,1212,412088136,0.53847222222222224
2014-02-24 00:00:00 UTC,269,1213,412418377,4.14875
2014-02-24 00:00:00 UTC,269,1212,412418377,1.9741666666666666
2014-02-24 00:00:00 UTC,269,1212,412417097,5.4605555555555556
2014-02-24 00:00:00 UTC,269,1206,412449612,6.2420833333333334
2014-02-24 00:00:00 UTC,269,1209,412545612,3.7766666666666668
2014-02-24 00:00:00 UTC,269,1210,412545612,0.2361111111111111
2014-02-24 00:00:00 UTC,269,1213,412498765,1.3194444444444446
2014-02-24 00:00:00 UTC,269,1208,413001550,0.41208333333333336
2014-02-24 00:00:00 UTC,269,1212,900007250,3.7206944444444447
2014-02-24 00:00:00 UTC,269,1212,412417364,13.801666666666669
2014-02-24 00:00:00 UTC,269,1207,412432469,4.1047222222222226
2014-02-24 00:00:00 UTC,269,1208,412432469,5.6962499999999983
2014-02-24 00:00:00 UTC,269,1210,412001109,5.8831944444444444
2014-02-24 00:00:00 UTC,269,1213,412431446,8.77513888888889
2014-02-24 00:00:00 UTC,269,1213,412431447,1.0866666666666667
2014-02-24 00:00:00 UTC,269,1205,412449879,1.1974999999999998
2014-02-24 00:00:00 UTC,269,1204,412449879,0.73444444444444446
2014-02-24 00:00:00 UTC,269,1212,412450135,4.5840277777777771
2014-02-24 00:00:00 UTC,269,1210,412450135,1.1422222222222222
2014-02-24 00:00:00 UTC,269,1209,412450135,0.57472222222222225
2014-02-24 00:00:00 UTC,269,1211,412450135,0.23680555555555555
2014-02-24 00:00:00 UTC,269,1207,412433241,0.21527777777777779
2014-02-24 00:00:00 UTC,269,1212,412418651,1.5586111111111112
2014-02-24 00:00:00 UTC,269,1213,412418651,1.6840277777777777
2014-02-24 00:00:00 UTC,269,1212,412418396,2.7844444444444445
2014-02-24 00:00:00 UTC,269,1213,412418396,3.0727777777777781
2014-02-24 00:00:00 UTC,269,1206,412449628,0.82444444444444454
2014-02-24 00:00:00 UTC,269,1212,412419677,7.70486111111111
2014-02-24 00:00:00 UTC,269,1213,412419677,3.9994444444444439
2014-02-24 00:00:00 UTC,269,1206,412449634,6.9504166666666665
2014-02-24 00:00:00 UTC,269,1207,412433253,6.545416666666668
2014-02-24 00:00:00 UTC,269,1213,412449894,0.84180555555555547
2014-02-24 00:00:00 UTC,269,1212,413001062,2.6655555555555552
2014-02-24 00:00:00 UTC,269,1213,413001062,0.56749999999999989
2014-02-24 00:00:00 UTC,269,1210,413001319,2.6877777777777778
2014-02-24 00:00:00 UTC,269,1211,413001319,0.73013888888888889
2014-02-24 00:00:00 UTC,269,1212,412418409,7.7463888888888892
2014-02-24 00:00:00 UTC,269,1213,412418409,3.928055555555555
2014-02-24 00:00:00 UTC,269,1205,900028777,2.7133333333333338
2014-02-24 00:00:00 UTC,269,1210,412448873,3.7115277777777789
2014-02-24 00:00:00 UTC,269,1209,412448873,0.49722222222222223
2014-02-24 00:00:00 UTC,269,1211,412448873,1.0494444444444444
2014-02-24 00:00:00 UTC,269,1212,900023146,4.29125
2014-02-24 00:00:00 UTC,269,1212,412418923,9.389166666666668
2014-02-24 00:00:00 UTC,269,1213,412418923,1.4058333333333333
2014-02-24 00:00:00 UTC,269,1212,412417388,7.8819444444444438
2014-02-24 00:00:00 UTC,269,1213,412417134,8.3076388888888886
2014-02-24 00:00:00 UTC,269,1212,412417134,12.199444444444444
2014-02-24 00:00:00 UTC,269,1212,412418416,13.064444444444442
2014-02-24 00:00:00 UTC,269,1213,412418416,0.6463888888888889
2014-02-24 00:00:00 UTC,269,1212,412416624,9.1183333333333358
2014-02-24 00:00:00 UTC,269,1206,412433521,2.776388888888889
2014-02-24 00:00:00 UTC,269,1212,200007537,2.5133333333333332
2014-02-24 00:00:00 UTC,269,1208,412432755,2.7794444444444446
2014-02-24 00:00:00 UTC,269,1207,412432755,9.3644444444444428
2014-02-24 00:00:00 UTC,269,1213,412418421,3.4115277777777777
2014-02-24 00:00:00 UTC,269,1212,412418421,4.1691666666666674
2014-02-24 00:00:00 UTC,269,1213,412414581,2.6676388888888889
2014-02-24 00:00:00 UTC,269,1212,412414581,8.7413888888888884
2014-02-24 00:00:00 UTC,269,1212,412418423,10.997916666666667
2014-02-24 00:00:00 UTC,269,1209,412448892,3.6055555555555552
2014-02-24 00:00:00 UTC,269,1210,412448892,4.0095833333333335
2014-02-24 00:00:00 UTC,269,1212,412442237,0.36611111111111111
2014-02-24 00:00:00 UTC,269,1210,412450429,14.0175
2014-02-24 00:00:00 UTC,269,1212,412449662,1.225
2014-02-24 00:00:00 UTC,269,1213,412449662,1.149861111111111
2014-02-24 00:00:00 UTC,269,1212,412418431,8.7466666666666679
2014-02-24 00:00:00 UTC,269,1211,412418431,0.53680555555555554
2014-02-24 00:00:00 UTC,269,1211,412448896,5.6252777777777769
2014-02-24 00:00:00 UTC,269,1212,412450432,2.4045833333333335
2014-02-24 00:00:00 UTC,269,1211,412450432,2.4744444444444449
2014-02-24 00:00:00 UTC,269,1213,412415872,2.4651388888888888
2014-02-24 00:00:00 UTC,269,1212,412415872,4.95375
2014-02-24 00:00:00 UTC,269,1210,412448898,3.4050000000000002
2014-02-24 00:00:00 UTC,269,1211,412448898,0.64680555555555552
2014-02-24 00:00:00 UTC,269,1209,412448898,2.3745833333333333
2014-02-24 00:00:00 UTC,269,1210,413001090,11.001944444444442
2014-02-24 00:00:00 UTC,269,1207,412432261,10.474861111111114
2014-02-24 00:00:00 UTC,269,1211,412449413,8.8805555555555546
2014-02-24 00:00:00 UTC,269,1214,412441478,4.1688888888888886
2014-02-24 00:00:00 UTC,269,1213,412441478,1.6584722222222221
2014-02-24 00:00:00 UTC,269,1212,412419719,7.8772222222222217
2014-02-24 00:00:00 UTC,269,1212,412060807,1.3552777777777778
2014-02-24 00:00:00 UTC,269,1213,412060807,3.8533333333333335
2014-02-24 00:00:00 UTC,269,1207,412433034,7.2547222222222221
2014-02-24 00:00:00 UTC,269,1214,412450444,1.824861111111111
2014-02-24 00:00:00 UTC,269,1212,412418446,4.4248611111111114
2014-02-24 00:00:00 UTC,269,1210,412448657,3.2456944444444455
2014-02-24 00:00:00 UTC,269,1211,412448657,2.6768055555555552
2014-02-24 00:00:00 UTC,269,1206,412450193,4.6365277777777782
2014-02-24 00:00:00 UTC,269,1207,412450193,1.0758333333333332
2014-02-24 00:00:00 UTC,269,1211,900001171,3.6445833333333333
2014-02-24 00:00:00 UTC,269,1208,200004757,1.0322222222222222
2014-02-24 00:00:00 UTC,269,1207,412450456,9.8775
2014-02-24 00:00:00 UTC,269,1205,412450456,1.4744444444444444
2014-02-24 00:00:00 UTC,269,1206,412450456,5.9869444444444433
2014-02-24 00:00:00 UTC,269,1213,412431258,0.24125000000000002
2014-02-24 00:00:00 UTC,269,1214,412450459,2.2172222222222224
2014-02-24 00:00:00 UTC,269,1212,412418972,5.7084722222222233
2014-02-24 00:00:00 UTC,269,1212,412417439,16.130833333333335
2014-02-24 00:00:00 UTC,269,1213,412418467,4.6665277777777776
2014-02-24 00:00:00 UTC,269,1212,412418467,4.16611111111111
2014-02-24 00:00:00 UTC,269,1208,412433572,0.34722222222222221
2014-02-24 00:00:00 UTC,269,1213,412450468,0.55499999999999994
2014-02-24 00:00:00 UTC,269,1208,412433319,1.6209722222222223
2014-02-24 00:00:00 UTC,269,1207,412433319,7.7605555555555554
2014-02-24 00:00:00 UTC,269,1212,412410027,7.8683333333333332
2014-02-24 00:00:00 UTC,269,1213,412410027,1.2652777777777779
2014-02-24 00:00:00 UTC,269,1214,412450476,3.0730555555555554
2014-02-24 00:00:00 UTC,269,1207,412433581,0.73944444444444435
2014-02-24 00:00:00 UTC,269,1212,412417456,4.5855555555555565
2014-02-24 00:00:00 UTC,269,1213,412417456,7.131388888888889
2014-02-24 00:00:00 UTC,269,1212,412060082,1.2563888888888888
2014-02-24 00:00:00 UTC,269,1212,412410036,4.26125
2014-02-24 00:00:00 UTC,269,1212,412418997,6.1025000000000009
2014-02-24 00:00:00 UTC,269,1209,412449974,0.27805555555555556
2014-02-24 00:00:00 UTC,269,1206,412433591,1.4625
2014-02-24 00:00:00 UTC,269,1212,412419256,8.7883333333333322
2014-02-24 00:00:00 UTC,269,1213,412449208,1.0150000000000001
2014-02-24 00:00:00 UTC,269,1214,412449208,0.34097222222222223
2014-02-24 00:00:00 UTC,269,1212,412419769,3.0973611111111103
2014-02-24 00:00:00 UTC,269,1212,412411834,9.5740277777777774
2014-02-24 00:00:00 UTC,269,1213,412411834,0.55527777777777787
2014-02-24 00:00:00 UTC,269,1206,412449725,8.7005555555555549
2014-02-24 00:00:00 UTC,269,1207,412433598,4.4644444444444433
2014-02-24 00:00:00 UTC,269,1208,412433598,5.0504166666666661
2014-02-24 00:00:00 UTC,269,1213,413051588,4.6158333333333328
2014-02-24 00:00:00 UTC,269,1209,899788999,5.5833333333333339
2014-02-24 00:00:00 UTC,269,1213,412418504,2.9879166666666666
2014-02-24 00:00:00 UTC,269,1212,412418504,3.652916666666667
2014-02-24 00:00:00 UTC,269,1213,412433608,5.4354166666666668
2014-02-24 00:00:00 UTC,269,1212,412417737,8.9033333333333342
2014-02-24 00:00:00 UTC,269,1213,412417737,1.2844444444444445
2014-02-24 00:00:00 UTC,269,1206,412449738,1.2047222222222222
2014-02-24 00:00:00 UTC,269,1205,412449738,0.43527777777777782
2014-02-24 00:00:00 UTC,269,1208,412432077,0.24319444444444444
2014-02-24 00:00:00 UTC,269,1207,412432077,2.4245833333333331
2014-02-24 00:00:00 UTC,269,1213,412449998,5.6454166666666667
2014-02-24 00:00:00 UTC,269,1212,412419281,0.2351388888888889
2014-02-24 00:00:00 UTC,269,1213,412419281,13.249444444444444
2014-02-24 00:00:00 UTC,269,1212,412060370,1.6663888888888891
2014-02-24 00:00:00 UTC,269,1213,412060370,2.0627777777777774
2014-02-24 00:00:00 UTC,269,1211,412448723,4.1286111111111108
2014-02-24 00:00:00 UTC,269,1210,412448723,12.27791666666667
2014-02-24 00:00:00 UTC,269,1213,412450003,2.8002777777777776
2014-02-24 00:00:00 UTC,269,1213,412419796,1.0654166666666667
2014-02-24 00:00:00 UTC,269,1212,412419796,11.284166666666668
2014-02-24 00:00:00 UTC,269,1213,412060372,3.0465277777777775
2014-02-24 00:00:00 UTC,269,1212,412060372,4.6344444444444441
2014-02-24 00:00:00 UTC,269,1212,412416981,5.8527777777777761
2014-02-24 00:00:00 UTC,269,1212,412448985,4.0205555555555552
2014-02-24 00:00:00 UTC,269,1211,412448985,0.56944444444444442
2014-02-24 00:00:00 UTC,269,1211,412448734,3.695
2014-02-24 00:00:00 UTC,269,1210,412448734,13.286944444444448
2014-02-24 00:00:00 UTC,269,1214,412450014,2.9016666666666668
2014-02-24 00:00:00 UTC,269,1210,412450015,2.764305555555556
2014-02-24 00:00:00 UTC,269,1212,412450015,0.99888888888888883
2014-02-24 00:00:00 UTC,269,1213,412450015,2.3734722222222224
2014-02-24 00:00:00 UTC,269,1211,412448992,6.1187499999999995
2014-02-24 00:00:00 UTC,269,1212,412450017,0.46277777777777773
2014-02-24 00:00:00 UTC,269,1211,412450017,1.0609722222222222
2014-02-24 00:00:00 UTC,269,1210,412450017,1.9843055555555555
2014-02-24 00:00:00 UTC,269,1213,412450017,12.329027777777778
2014-02-24 00:00:00 UTC,269,1212,412418274,0.29180555555555554
2014-02-24 00:00:00 UTC,269,1213,412418274,1.3876388888888891
2014-02-24 00:00:00 UTC,269,1212,412419554,10.180555555555555
2014-02-24 00:00:00 UTC,269,1214,412061922,8.9066666666666681
2014-02-24 00:00:00 UTC,269,1212,412419555,9.2006944444444461
2014-02-24 00:00:00 UTC,269,1211,333331171,4.1366666666666667
2014-02-24 00:00:00 UTC,269,1213,412433635,6.9808333333333339
2014-02-24 00:00:00 UTC,269,1211,412001508,1.8752777777777778
2014-02-24 00:00:00 UTC,269,1210,412001508,8.1488888888888873
2014-02-24 00:00:00 UTC,269,1210,412450022,2.5551388888888891
2014-02-24 00:00:00 UTC,269,1209,412450022,0.14527777777777778
2014-02-24 00:00:00 UTC,269,1208,412433129,2.9701388888888891
2014-02-24 00:00:00 UTC,269,1207,412433129,6.6241666666666683
2014-02-24 00:00:00 UTC,269,1213,412433642,1.44125
2014-02-24 00:00:00 UTC,269,1206,412433388,7.4520833333333334
2014-02-24 00:00:00 UTC,269,1213,412433644,0.24319444444444444
2014-02-24 00:00:00 UTC,269,1213,412417262,0.53347222222222224
2014-02-24 00:00:00 UTC,269,1212,412417262,9.4876388888888865
2014-02-24 00:00:00 UTC,269,1211,412417262,1.9370833333333333
2014-02-24 00:00:00 UTC,269,1206,412449779,0.28361111111111109
2014-02-24 00:00:00 UTC,269,1207,412449779,4.3502777777777784
2014-02-24 00:00:00 UTC,269,1213,412433655,0.6381944444444444
2014-02-24 00:00:00 UTC,269,1213,412433657,9.6016666666666666
2014-02-24 00:00:00 UTC,269,1212,412418041,9.1373611111111117
2014-02-24 00:00:00 UTC,269,1213,412418041,3.29375
2014-02-24 00:00:00 UTC,269,1212,412123132,3.7686111111111109
2014-02-24 00:00:00 UTC,269,1206,412450045,0.25875
2014-02-24 00:00:00 UTC,269,1205,412450045,1.3788888888888886
2014-02-24 00:00:00 UTC,525,-126,250000897,11.776944444444446
2014-02-24 00:00:00 UTC,525,45,245706000,0.42652777777777778
2014-02-24 00:00:00 UTC,525,42,244426000,5.9583333333333321
2014-02-24 00:00:00 UTC,525,-152,227583000,8.5183333333333344
2014-02-24 00:00:00 UTC,525,45,244052000,3.7231944444444447
2014-02-24 00:00:00 UTC,525,44,244766000,0.21333333333333332
2014-02-24 00:00:00 UTC,525,45,244766000,1.2820833333333332
2014-02-24 00:00:00 UTC,525,45,246182000,2.7065277777777785
2014-02-24 00:00:00 UTC,525,42,219237000,5.5172222222222222
2014-02-24 00:00:00 UTC,525,31,245369000,0.11486111111111111
2014-02-24 00:00:00 UTC,525,30,245369000,5.2922222222222226
2014-02-24 00:00:00 UTC,525,38,246222000,0.85847222222222219
2014-02-24 00:00:00 UTC,525,39,246222000,1.1023611111111111
2014-02-24 00:00:00 UTC,525,46,245710000,0.43875
2014-02-24 00:00:00 UTC,525,45,245710000,2.7909722222222224
2014-02-24 00:00:00 UTC,525,31,245390000,0.42930555555555555
2014-02-24 00:00:00 UTC,525,30,245390000,5.8400000000000007
2014-02-24 00:00:00 UTC,525,45,245571000,2.2219444444444445
2014-02-24 00:00:00 UTC,525,39,244205000,6.46027777777778
2014-02-24 00:00:00 UTC,525,40,244205000,0.20555555555555555
2014-02-24 00:00:00 UTC,525,38,244205000,2.9947222222222223
2014-02-24 00:00:00 UTC,525,42,245165000,3.908611111111111
2014-02-24 00:00:00 UTC,525,43,245165000,0.23305555555555557
2014-02-24 00:00:00 UTC,-499,-531,441864000,1.56125
2014-02-24 00:00:00 UTC,-499,-532,441864000,3.2777777777777777
2014-02-24 00:00:00 UTC,-499,-670,701031000,1.5843055555555554
2014-02-24 00:00:00 UTC,-499,-650,701006042,1.5286111111111111
2014-02-24 00:00:00 UTC,-243,377,431714000,7.825
2014-02-24 00:00:00 UTC,14,1767,440584000,2.9570833333333333
2014-02-24 00:00:00 UTC,14,1766,440584000,1.9840277777777777
2014-02-24 00:00:00 UTC,14,1768,440584000,5.5047222222222221
2014-02-24 00:00:00 UTC,14,23,227549000,2.5513888888888889
2014-02-24 00:00:00 UTC,14,1771,440623000,1.0438888888888889
2014-02-24 00:00:00 UTC,14,1773,440623000,1.806111111111111
2014-02-24 00:00:00 UTC,14,1772,440623000,1.4868055555555557
2014-02-24 00:00:00 UTC,14,-1659,412371179,1.8638888888888889
2014-02-24 00:00:00 UTC,14,-1661,412371179,1.9881944444444444
2014-02-24 00:00:00 UTC,270,1207,412449794,0.46249999999999997
2014-02-24 00:00:00 UTC,270,1211,412449027,4.162638888888889
2014-02-24 00:00:00 UTC,270,1213,412450052,3.3630555555555559
2014-02-24 00:00:00 UTC,270,1208,412433159,9.1351388888888874
2014-02-24 00:00:00 UTC,270,1213,412450057,1.0166666666666666
2014-02-24 00:00:00 UTC,270,1210,412450057,0.4793055555555556
2014-02-24 00:00:00 UTC,270,1211,412450057,0.54402777777777778
2014-02-24 00:00:00 UTC,270,1206,412448781,1.0833333333333335
2014-02-24 00:00:00 UTC,270,1205,412448781,1.3963888888888889
2014-02-24 00:00:00 UTC,270,1212,412448783,3.7745833333333336
2014-02-24 00:00:00 UTC,270,1207,412433426,5.39986111111111
2014-02-24 00:00:00 UTC,270,1207,412433171,3.7684722222222224
2014-02-24 00:00:00 UTC,270,1214,412449817,2.408611111111111
2014-02-24 00:00:00 UTC,270,1207,412433435,11.848472222222224
2014-02-24 00:00:00 UTC,270,1208,412433435,3.1337499999999996
2014-02-24 00:00:00 UTC,270,1212,412449307,0.27944444444444444
2014-02-24 00:00:00 UTC,270,1211,412449307,2.9797222222222226
2014-02-24 00:00:00 UTC,270,1216,412061979,18.12625
2014-02-24 00:00:00 UTC,270,1206,412450333,3.249305555555555
2014-02-24 00:00:00 UTC,270,1205,412450333,0.51708333333333334
2014-02-24 00:00:00 UTC,270,1210,413001503,2.8379166666666666
2014-02-24 00:00:00 UTC,270,1214,412450337,4.0541666666666671
2014-02-24 00:00:00 UTC,270,1214,413061922,12.416666666666668
2014-02-24 00:00:00 UTC,270,1206,412450085,1.2455555555555555
2014-02-24 00:00:00 UTC,270,1207,412450085,0.56666666666666665
2014-02-24 00:00:00 UTC,270,1214,412001577,3.3955555555555552
2014-02-24 00:00:00 UTC,270,1211,412449579,2.4244444444444446
2014-02-24 00:00:00 UTC,270,1212,412418349,3.9320833333333334
2014-02-24 00:00:00 UTC,270,1211,412449325,4.3879166666666665
2014-02-24 00:00:00 UTC,270,1212,412418351,0.93138888888888882
2014-02-24 00:00:00 UTC,270,1205,412450095,1.10375
2014-02-24 00:00:00 UTC,270,1206,412450095,0.90486111111111112
2014-02-24 00:00:00 UTC,270,1211,412448817,1.5830555555555557
2014-02-24 00:00:00 UTC,270,1213,412419634,4.3805555555555555
2014-02-24 00:00:00 UTC,270,1209,800921650,4.1083333333333334
2014-02-24 00:00:00 UTC,270,1206,800921650,0.49458333333333332
2014-02-24 00:00:00 UTC,270,1206,412432434,7.579027777777779
2014-02-24 00:00:00 UTC,270,1207,412432434,0.47361111111111109
2014-02-24 00:00:00 UTC,270,1207,412433458,5.9231944444444444
2014-02-24 00:00:00 UTC,270,1206,412433458,4.17875
2014-02-24 00:00:00 UTC,270,1215,412450359,3.6005555555555557
2014-02-24 00:00:00 UTC,270,1208,412432696,7.6927777777777777
2014-02-24 00:00:00 UTC,270,1207,412432696,1.0795833333333333
2014-02-24 00:00:00 UTC,270,1214,412304696,0.89430555555555546
2014-02-24 00:00:00 UTC,270,1213,412418361,5.2152777777777786
2014-02-24 00:00:00 UTC,270,1212,412416061,1.2848611111111112
2014-02-24 00:00:00 UTC,270,1213,412450112,1.425138888888889
2014-02-24 00:00:00 UTC,270,1212,412450112,0.800138888888889
2014-02-24 00:00:00 UTC,270,1212,412450369,5.7749999999999986
2014-02-24 00:00:00 UTC,270,1212,412418372,5.5815277777777776
2014-02-24 00:00:00 UTC,270,1215,412450372,3.3051388888888886
2014-02-24 00:00:00 UTC,270,1216,412005189,1.5473611111111112
2014-02-24 00:00:00 UTC,270,1215,412449606,3.1744444444444446
2014-02-24 00:00:00 UTC,270,1215,412449359,3.3499999999999996
2014-02-24 00:00:00 UTC,270,1212,900007250,1.5645833333333332
2014-02-24 00:00:00 UTC,270,1212,412417364,2.3676388888888891
2014-02-24 00:00:00 UTC,270,1210,412001109,11.391388888888889
2014-02-24 00:00:00 UTC,270,1210,412450135,1.1033333333333333
2014-02-24 00:00:00 UTC,270,1211,412450135,0.26291666666666669
2014-02-24 00:00:00 UTC,270,1212,412450135,1.9369444444444446
2014-02-24 00:00:00 UTC,270,1207,412433241,9.2441666666666666
2014-02-24 00:00:00 UTC,270,1215,412450138,3.9044444444444442
2014-02-24 00:00:00 UTC,270,1213,412418651,3.315833333333333
2014-02-24 00:00:00 UTC,270,1208,412433247,1.9452777777777777
2014-02-24 00:00:00 UTC,270,1207,412433247,7.23902777777778
2014-02-24 00:00:00 UTC,270,1208,258966369,29.169166666666662
2014-02-24 00:00:00 UTC,270,1209,412449381,3.7004166666666669
2014-02-24 00:00:00 UTC,270,1212,413001062,1.4097222222222223
2014-02-24 00:00:00 UTC,270,1210,413001319,7.6709722222222227
2014-02-24 00:00:00 UTC,270,1210,412448873,10.267361111111114
2014-02-24 00:00:00 UTC,270,1213,412450155,0.545
2014-02-24 00:00:00 UTC,270,1207,412433521,9.065416666666664
2014-02-24 00:00:00 UTC,270,1211,412450162,0.28319444444444442
2014-02-24 00:00:00 UTC,270,1212,412450162,0.54125
2014-02-24 00:00:00 UTC,270,1213,412449653,3.2745833333333327
2014-02-24 00:00:00 UTC,270,1210,412449653,0.85388888888888892
2014-02-24 00:00:00 UTC,270,1209,412449653,1.9749999999999999
2014-02-24 00:00:00 UTC,270,1212,412449653,1.7006944444444445
2014-02-24 00:00:00 UTC,270,1207,412433529,7.9751388888888872
2014-02-24 00:00:00 UTC,270,1208,412433529,0.17652777777777778
2014-02-24 00:00:00 UTC,270,1215,412450426,3.4395833333333332
2014-02-24 00:00:00 UTC,270,1208,412433532,9.2363888888888876
2014-02-24 00:00:00 UTC,270,1210,412448892,8.200277777777778
2014-02-24 00:00:00 UTC,270,1215,412448893,3.4
2014-02-24 00:00:00 UTC,270,1213,412449662,1.2752777777777777
2014-02-24 00:00:00 UTC,270,1209,412449662,0.71624999999999994
2014-02-24 00:00:00 UTC,270,1212,412449662,11.025138888888886
2014-02-24 00:00:00 UTC,270,1208,412449662,2.4781944444444441
2014-02-24 00:00:00 UTC,270,1212,412418431,1.8795833333333334
2014-02-24 00:00:00 UTC,270,1207,412433535,6.8658333333333319
2014-02-24 00:00:00 UTC,270,1208,412433535,2.9938888888888884
2014-02-24 00:00:00 UTC,270,1211,412448896,2.5484722222222222
2014-02-24 00:00:00 UTC,270,1211,412450432,0.78277777777777779
2014-02-24 00:00:00 UTC,270,1212,412450432,2.2293055555555554
2014-02-24 00:00:00 UTC,270,1210,412448898,8.8500000000000032
2014-02-24 00:00:00 UTC,270,1211,412449413,3.4890277777777778
2014-02-24 00:00:00 UTC,270,1214,412450444,1.5250000000000001
2014-02-24 00:00:00 UTC,270,1213,412449678,5.646527777777778
2014-02-24 00:00:00 UTC,270,1214,412449678,0.533611111111111
2014-02-24 00:00:00 UTC,270,1210,412448657,10.433750000000003
2014-02-24 00:00:00 UTC,270,1206,412450193,13.47638888888889
2014-02-24 00:00:00 UTC,270,1207,412450193,1.8844444444444441
2014-02-24 00:00:00 UTC,270,1211,900001171,3.7483333333333331
2014-02-24 00:00:00 UTC,270,1208,200004757,0.48777777777777775
2014-02-24 00:00:00 UTC,270,1207,412450456,1.1505555555555556
2014-02-24 00:00:00 UTC,270,1206,412450456,2.7179166666666665
2014-02-24 00:00:00 UTC,270,1216,412450458,2.8497222222222227
2014-02-24 00:00:00 UTC,270,1210,412448923,1.9913888888888889
2014-02-24 00:00:00 UTC,270,1211,412448923,8.6869444444444444
2014-02-24 00:00:00 UTC,270,1216,412450203,2.575277777777778
2014-02-24 00:00:00 UTC,270,1214,412450459,0.79847222222222225
2014-02-24 00:00:00 UTC,270,1207,412433053,0.10125
2014-02-24 00:00:00 UTC,270,1216,412450461,2.2833333333333332
2014-02-24 00:00:00 UTC,270,1210,902401951,7.0434722222222224
2014-02-24 00:00:00 UTC,270,1213,412418467,2.8423611111111109
2014-02-24 00:00:00 UTC,270,1216,412450467,2.6248611111111111
2014-02-24 00:00:00 UTC,270,1207,412433572,4.2223611111111117
2014-02-24 00:00:00 UTC,270,1208,412433572,2.1491666666666664
2014-02-24 00:00:00 UTC,270,1213,412450468,4.88736111111111
2014-02-24 00:00:00 UTC,270,1214,412450476,1.276388888888889
2014-02-24 00:00:00 UTC,270,1208,412432045,5.9198611111111124
2014-02-24 00:00:00 UTC,270,1207,412433581,15.616527777777781
2014-02-24 00:00:00 UTC,270,1212,412417197,6.1133333333333342
2014-02-24 00:00:00 UTC,270,1213,412417197,1.9979166666666668
2014-02-24 00:00:00 UTC,270,1207,412432815,1.4858333333333329
2014-02-24 00:00:00 UTC,270,1208,412432815,7.8994444444444438
2014-02-24 00:00:00 UTC,270,1213,412449716,3.3629166666666666
2014-02-24 00:00:00 UTC,270,1210,412449716,2.7897222222222222
2014-02-24 00:00:00 UTC,270,1209,412449716,1.0518055555555557
2014-02-24 00:00:00 UTC,270,1209,412449974,2.7258333333333331
2014-02-24 00:00:00 UTC,270,1206,412433591,8.4375
2014-02-24 00:00:00 UTC,270,1213,412449208,0.62527777777777782
2014-02-24 00:00:00 UTC,270,1214,412449208,1.9998611111111113
2014-02-24 00:00:00 UTC,270,1209,412450236,3.0036111111111117
2014-02-24 00:00:00 UTC,270,1213,412450236,5.190555555555556
2014-02-24 00:00:00 UTC,270,1214,412450236,0.73333333333333339
2014-02-24 00:00:00 UTC,270,1207,412433342,8.6431944444444415
2014-02-24 00:00:00 UTC,270,1207,412433087,6.2320833333333336
2014-02-24 00:00:00 UTC,270,1214,412433604,0.80430555555555561
2014-02-24 00:00:00 UTC,270,1215,412433604,1.0586111111111112
2014-02-24 00:00:00 UTC,270,1213,412418503,0.80194444444444446
2014-02-24 00:00:00 UTC,270,1212,412418503,10.25347222222222
2014-02-24 00:00:00 UTC,270,1216,412450503,0.46597222222222223
2014-02-24 00:00:00 UTC,270,1215,412450503,3.6643055555555555
2014-02-24 00:00:00 UTC,270,1209,899788999,0.40416666666666667
2014-02-24 00:00:00 UTC,270,1208,412432585,7.6781944444444452
2014-02-24 00:00:00 UTC,270,1207,412432585,0.16763888888888889
2014-02-24 00:00:00 UTC,270,1209,900004809,3.2670833333333333
2014-02-24 00:00:00 UTC,270,1210,900004809,0.6316666666666666
2014-02-24 00:00:00 UTC,270,1205,412449738,0.69249999999999989
2014-02-24 00:00:00 UTC,270,1206,412449738,3.370972222222222
2014-02-24 00:00:00 UTC,270,1212,412449998,5.8745833333333337
2014-02-24 00:00:00 UTC,270,1208,412449998,2.3977777777777778
2014-02-24 00:00:00 UTC,270,1213,412433617,0.27888888888888891
2014-02-24 00:00:00 UTC,270,1214,412433617,0.77499999999999991
2014-02-24 00:00:00 UTC,270,1215,412448979,5.1288888888888886
2014-02-24 00:00:00 UTC,270,1213,412450003,10.138750000000002
2014-02-24 00:00:00 UTC,270,1209,412450003,3.3748611111111106
2014-02-24 00:00:00 UTC,270,1213,412419796,0.61361111111111111
2014-02-24 00:00:00 UTC,270,1210,412448985,2.399861111111111
2014-02-24 00:00:00 UTC,270,1212,412448989,5.0755555555555567
2014-02-24 00:00:00 UTC,270,1211,412450015,0.10111111111111111
2014-02-24 00:00:00 UTC,270,1213,412450015,1.3848611111111113
2014-02-24 00:00:00 UTC,270,1212,412450015,9.9254166666666634
2014-02-24 00:00:00 UTC,270,1210,412450015,1.1545833333333335
2014-02-24 00:00:00 UTC,270,1210,412448992,3.1838888888888883
2014-02-24 00:00:00 UTC,270,1213,412450017,3.4211111111111112
2014-02-24 00:00:00 UTC,270,1211,412450017,0.97500000000000009
2014-02-24 00:00:00 UTC,270,1209,412450018,2.7497222222222226
2014-02-24 00:00:00 UTC,270,1210,412450018,0.45291666666666663
2014-02-24 00:00:00 UTC,270,1213,412450018,5.326666666666668
2014-02-24 00:00:00 UTC,270,1214,412061922,12.428611111111111
2014-02-24 00:00:00 UTC,270,1211,333331171,5.066527777777778
2014-02-24 00:00:00 UTC,270,1210,412450022,0.26763888888888887
2014-02-24 00:00:00 UTC,270,1213,412450022,1.7498611111111111
2014-02-24 00:00:00 UTC,270,1212,412450022,2.7413888888888889
2014-02-24 00:00:00 UTC,270,1212,412449001,7.3752777777777787
2014-02-24 00:00:00 UTC,270,1213,412433642,0.78624999999999989
2014-02-24 00:00:00 UTC,270,1208,412433131,1.1258333333333332
2014-02-24 00:00:00 UTC,270,1207,412433131,6.006666666666665
2014-02-24 00:00:00 UTC,270,1207,412433388,4.1513888888888886
2014-02-24 00:00:00 UTC,270,1206,412433388,4.19875
2014-02-24 00:00:00 UTC,270,1207,412432631,1.8383333333333332
2014-02-24 00:00:00 UTC,270,1208,412432631,6.2265277777777772
2014-02-24 00:00:00 UTC,270,1213,412418041,3.8688888888888897
2014-02-24 00:00:00 UTC,270,1206,412450045,2.4929166666666669
2014-02-24 00:00:00 UTC,270,1205,412450045,0.61972222222222217
2014-02-24 00:00:00 UTC,526,1588,273840900,1.5794444444444444
2014-02-24 00:00:00 UTC,526,45,245269000,0.82847222222222217
2014-02-24 00:00:00 UTC,526,-151,227583000,12.466666666666667
2014-02-24 00:00:00 UTC,526,-150,227583000,7.2027777777777775
2014-02-24 00:00:00 UTC,526,-123,228301600,6.4638888888888886
2014-02-24 00:00:00 UTC,526,43,244436000,7.1908333333333347
2014-02-24 00:00:00 UTC,526,45,244052000,2.7452777777777779
2014-02-24 00:00:00 UTC,526,45,244766000,3.148194444444445
2014-02-24 00:00:00 UTC,526,44,244766000,1.1191666666666666
2014-02-24 00:00:00 UTC,526,45,246226000,1.9027777777777777
2014-02-24 00:00:00 UTC,526,46,246226000,0.43430555555555561
2014-02-24 00:00:00 UTC,526,41,245074000,3.1675
2014-02-24 00:00:00 UTC,526,42,245074000,2.7466666666666661
2014-02-24 00:00:00 UTC,526,45,205532000,1.6629166666666668
2014-02-24 00:00:00 UTC,526,45,246182000,4.2080555555555552
2014-02-24 00:00:00 UTC,526,42,246107000,9.7204166666666669
2014-02-24 00:00:00 UTC,526,-124,228301700,10.282499999999999
2014-02-24 00:00:00 UTC,526,42,244197000,0.64013888888888881
2014-02-24 00:00:00 UTC,526,41,244197000,3.8136111111111113
2014-02-24 00:00:00 UTC,526,38,245369000,5.7204166666666669
2014-02-24 00:00:00 UTC,526,41,246222000,0.523611111111111
2014-02-24 00:00:00 UTC,526,39,246222000,5.3480555555555558
2014-02-24 00:00:00 UTC,526,37,246222000,0.93444444444444441
2014-02-24 00:00:00 UTC,526,38,246222000,5.2393055555555552
2014-02-24 00:00:00 UTC,526,40,246222000,1.89
2014-02-24 00:00:00 UTC,526,46,245710000,1.6593055555555558
2014-02-24 00:00:00 UTC,526,45,245710000,5.8434722222222213
2014-02-24 00:00:00 UTC,526,38,245390000,4.9744444444444449
2014-02-24 00:00:00 UTC,526,39,245390000,0.91222222222222227
2014-02-24 00:00:00 UTC,526,39,244205000,1.7138888888888888
2014-02-24 00:00:00 UTC,526,38,244205000,0.70708333333333329
2014-02-24 00:00:00 UTC,526,37,244205000,0.64027777777777772
2014-02-24 00:00:00 UTC,526,41,244205000,2.9394444444444443
2014-02-24 00:00:00 UTC,526,40,244205000,2.15125
2014-02-24 00:00:00 UTC,526,42,244205000,0.85055555555555551
2014-02-24 00:00:00 UTC,526,42,245165000,0.21236111111111111
2014-02-24 00:00:00 UTC,526,43,245165000,1.0848611111111113
2014-02-24 00:00:00 UTC,526,42,244030922,5.41861111111111
2014-02-24 00:00:00 UTC,-498,-532,441864000,3.133055555555555
2014-02-24 00:00:00 UTC,-498,-533,441864000,6.9486111111111111
2014-02-24 00:00:00 UTC,15,1766,440584000,2.3647222222222219
2014-02-24 00:00:00 UTC,15,1773,440623000,3.6915277777777775
2014-02-24 00:00:00 UTC,15,1772,440623000,1.8041666666666667
2014-02-24 00:00:00 UTC,15,-1661,412371179,1.9734722222222223
2014-02-24 00:00:00 UTC,15,-1659,412371179,0.84027777777777768
2014-02-24 00:00:00 UTC,15,-1657,412371179,1.591388888888889
2014-02-24 00:00:00 UTC,15,-1660,412371179,0.9044444444444445
2014-02-24 00:00:00 UTC,271,1208,895632896,2.324583333333333
2014-02-24 00:00:00 UTC,271,1209,895632896,1.0194444444444444
2014-02-24 00:00:00 UTC,271,1211,412449027,14.104722222222229
2014-02-24 00:00:00 UTC,271,1216,412448772,0.27111111111111114
2014-02-24 00:00:00 UTC,271,1213,412450052,18.99916666666666
2014-02-24 00:00:00 UTC,271,1218,412431109,17.719861111111111
2014-02-24 00:00:00 UTC,271,1206,712301068,1.9073611111111108
2014-02-24 00:00:00 UTC,271,1214,412432654,1.5025
2014-02-24 00:00:00 UTC,271,1216,412432654,0.45527777777777778
2014-02-24 00:00:00 UTC,271,1217,412432654,0.79472222222222222
2014-02-24 00:00:00 UTC,271,1212,412448783,2.0004166666666667
2014-02-24 00:00:00 UTC,271,1214,412449817,18.487222222222222
2014-02-24 00:00:00 UTC,271,1211,412449307,8.19361111111111
2014-02-24 00:00:00 UTC,271,1210,413001503,11.951527777777779
2014-02-24 00:00:00 UTC,271,1215,412450337,2.1875
2014-02-24 00:00:00 UTC,271,1214,412450337,2.0620833333333333
2014-02-24 00:00:00 UTC,271,1215,412001577,16.001805555555556
2014-02-24 00:00:00 UTC,271,1215,412449066,1.5497222222222224
2014-02-24 00:00:00 UTC,271,1214,412449066,4.7272222222222222
2014-02-24 00:00:00 UTC,271,1211,412449579,14.436666666666664
2014-02-24 00:00:00 UTC,271,1211,412449325,10.437222222222221
2014-02-24 00:00:00 UTC,271,1211,412448817,6.6130555555555546
2014-02-24 00:00:00 UTC,271,1209,800921650,3.1518055555555557
2014-02-24 00:00:00 UTC,271,1215,412450359,2.6956944444444439
2014-02-24 00:00:00 UTC,271,1214,412304696,4.39375
2014-02-24 00:00:00 UTC,271,1213,412418361,2.2297222222222222
2014-02-24 00:00:00 UTC,271,1207,412449338,2.9047222222222224
2014-02-24 00:00:00 UTC,271,1206,412449338,0.14611111111111111
2014-02-24 00:00:00 UTC,271,1209,413001533,2.2116666666666664
2014-02-24 00:00:00 UTC,271,1214,412450367,1.0958333333333334
2014-02-24 00:00:00 UTC,271,1215,412450367,2.9580555555555557
2014-02-24 00:00:00 UTC,271,1210,412449344,14.18277777777778
2014-02-24 00:00:00 UTC,271,1209,412449344,1.3247222222222221
2014-02-24 00:00:00 UTC,271,1212,412450369,2.6951388888888888
2014-02-24 00:00:00 UTC,271,1215,412450372,19.075416666666669
2014-02-24 00:00:00 UTC,271,1216,412005189,2.723611111111111
2014-02-24 00:00:00 UTC,271,1216,412449606,2.3005555555555555
2014-02-24 00:00:00 UTC,271,1215,412449359,17.892916666666668
2014-02-24 00:00:00 UTC,271,1210,412450385,9.0004166666666681
2014-02-24 00:00:00 UTC,271,1209,412450385,3.1993055555555561
2014-02-24 00:00:00 UTC,271,1214,200005457,0.52083333333333326
2014-02-24 00:00:00 UTC,271,1210,412450135,11.873472222222226
2014-02-24 00:00:00 UTC,271,1215,412450138,18.605694444444456
2014-02-24 00:00:00 UTC,271,1209,412448859,2.9529166666666664
2014-02-24 00:00:00 UTC,271,1206,412416098,9.9297222222222228
2014-02-24 00:00:00 UTC,271,1207,412416098,1.0227777777777778
2014-02-24 00:00:00 UTC,271,1209,412449381,9.07527777777778
2014-02-24 00:00:00 UTC,271,1209,413001062,3.1020833333333333
2014-02-24 00:00:00 UTC,271,1213,412450155,2.0930555555555554
2014-02-24 00:00:00 UTC,271,1212,412450155,1.608611111111111
2014-02-24 00:00:00 UTC,271,1212,412450162,0.73805555555555558
2014-02-24 00:00:00 UTC,271,1213,412449653,1.9250000000000003
2014-02-24 00:00:00 UTC,271,1212,412449653,0.24958333333333332
2014-02-24 00:00:00 UTC,271,1209,412449653,11.295416666666672
2014-02-24 00:00:00 UTC,271,1216,412450426,2.0495833333333335
2014-02-24 00:00:00 UTC,271,1215,412450426,2.2501388888888885
2014-02-24 00:00:00 UTC,271,1215,412448893,16.81125
2014-02-24 00:00:00 UTC,271,1214,412022141,7.9455555555555559
2014-02-24 00:00:00 UTC,271,1211,412448896,14.809305555555552
2014-02-24 00:00:00 UTC,271,1211,412450432,14.994861111111115
2014-02-24 00:00:00 UTC,271,1207,412449154,2.6997222222222219
2014-02-24 00:00:00 UTC,271,1206,412449154,0.13833333333333334
2014-02-24 00:00:00 UTC,271,1211,412449413,9.1930555555555529
2014-02-24 00:00:00 UTC,271,1214,412450444,18.107500000000005
2014-02-24 00:00:00 UTC,271,1214,412449678,1.8541666666666667
2014-02-24 00:00:00 UTC,271,1213,412449678,15.996527777777779
2014-02-24 00:00:00 UTC,271,1211,900001171,12.942499999999997
2014-02-24 00:00:00 UTC,271,1210,412448923,10.428472222222224
2014-02-24 00:00:00 UTC,271,1216,412450203,0.87569444444444455
2014-02-24 00:00:00 UTC,271,1214,412450459,18.223888888888894
2014-02-24 00:00:00 UTC,271,1210,902401951,10.042638888888888
2014-02-24 00:00:00 UTC,271,1216,412450467,0.97041666666666671
2014-02-24 00:00:00 UTC,271,1213,412450468,15.546805555555554
2014-02-24 00:00:00 UTC,271,1214,412450468,1.5213888888888889
2014-02-24 00:00:00 UTC,271,1214,412450476,18.338888888888885
2014-02-24 00:00:00 UTC,271,1212,412417197,2.0720833333333335
2014-02-24 00:00:00 UTC,271,1213,412417197,13.310555555555554
2014-02-24 00:00:00 UTC,271,1210,412449716,11.493055555555555
2014-02-24 00:00:00 UTC,271,1213,412449716,2.608888888888889
2014-02-24 00:00:00 UTC,271,1209,412449974,8.4712500000000013
2014-02-24 00:00:00 UTC,271,1214,412449208,16.222222222222225
2014-02-24 00:00:00 UTC,271,1213,412450236,3.6101388888888892
2014-02-24 00:00:00 UTC,271,1209,412450236,6.526250000000001
2014-02-24 00:00:00 UTC,271,1213,412433604,1.9620833333333332
2014-02-24 00:00:00 UTC,271,1216,412433604,8.9654166666666661
2014-02-24 00:00:00 UTC,271,1214,412433604,0.30013888888888884
2014-02-24 00:00:00 UTC,271,1215,412433604,0.33333333333333331
2014-02-24 00:00:00 UTC,271,1213,412418503,10.2025
2014-02-24 00:00:00 UTC,271,1212,412418503,2.6604166666666669
2014-02-24 00:00:00 UTC,271,1216,412450503,3.3033333333333332
2014-02-24 00:00:00 UTC,271,1209,899788999,11.487222222222224
2014-02-24 00:00:00 UTC,271,1209,900004809,9.23486111111111
2014-02-24 00:00:00 UTC,271,1208,412449998,0.24166666666666667
2014-02-24 00:00:00 UTC,271,1212,412449998,3.55625
2014-02-24 00:00:00 UTC,271,1212,412433617,0.28152777777777777
2014-02-24 00:00:00 UTC,271,1213,412433617,1.4216666666666669
2014-02-24 00:00:00 UTC,271,1214,412433617,0.78361111111111115
2014-02-24 00:00:00 UTC,271,1215,412450513,1.5754166666666667
2014-02-24 00:00:00 UTC,271,1216,412450513,0.58361111111111108
2014-02-24 00:00:00 UTC,271,1215,412448979,17.798194444444448
2014-02-24 00:00:00 UTC,271,1209,412450003,0.15166666666666667
2014-02-24 00:00:00 UTC,271,1213,412450003,3.524861111111111
2014-02-24 00:00:00 UTC,271,1210,412448985,12.436666666666669
2014-02-24 00:00:00 UTC,271,1212,412448989,3.4240277777777783
2014-02-24 00:00:00 UTC,271,1214,412450014,1.5941666666666667
2014-02-24 00:00:00 UTC,271,1215,412450014,2.7215277777777782
2014-02-24 00:00:00 UTC,271,1210,412448992,12.617777777777778
2014-02-24 00:00:00 UTC,271,1213,412450018,1.7561111111111112
2014-02-24 00:00:00 UTC,271,1212,412450018,0.48347222222222225
2014-02-24 00:00:00 UTC,271,1209,412450018,9.7658333333333349
2014-02-24 00:00:00 UTC,271,1211,333331171,12.733055555555556
2014-02-24 00:00:00 UTC,271,1212,412450022,1.75
2014-02-24 00:00:00 UTC,271,1210,412450022,10.896527777777775
2014-02-24 00:00:00 UTC,271,1211,412450022,0.10041666666666667
2014-02-24 00:00:00 UTC,271,1212,412449001,0.29152777777777777
2014-02-24 00:00:00 UTC,271,1213,412433642,1.2897222222222222
2014-02-24 00:00:00 UTC,271,1213,412432115,0.52597222222222229
2014-02-24 00:00:00 UTC,271,1216,412432115,0.96263888888888882
2014-02-24 00:00:00 UTC,527,23,246485000,1.6758333333333335
2014-02-24 00:00:00 UTC,527,22,246485000,12.812638888888888
2014-02-24 00:00:00 UTC,527,45,245269000,2.9375000000000004
2014-02-24 00:00:00 UTC,527,44,245269000,0.84041666666666659
2014-02-24 00:00:00 UTC,527,44,246005000,0.81611111111111112
2014-02-24 00:00:00 UTC,527,45,246005000,0.62916666666666665
2014-02-24 00:00:00 UTC,527,45,244052000,1.6825
2014-02-24 00:00:00 UTC,527,45,244766000,3.7005555555555558
2014-02-24 00:00:00 UTC,527,45,211699000,0.82986111111111116
2014-02-24 00:00:00 UTC,527,44,211699000,0.20972222222222223
2014-02-24 00:00:00 UTC,527,44,246226000,1.2734722222222223
2014-02-24 00:00:00 UTC,527,45,246226000,0.83166666666666655
2014-02-24 00:00:00 UTC,527,46,246226000,1.8715277777777777
2014-02-24 00:00:00 UTC,527,41,245074000,1.2709722222222222
2014-02-24 00:00:00 UTC,527,42,245074000,2.623472222222222
2014-02-24 00:00:00 UTC,527,45,205532000,6.3779166666666667
2014-02-24 00:00:00 UTC,527,44,205532000,3.1822222222222223
2014-02-24 00:00:00 UTC,527,43,245553000,4.441527777777778
2014-02-24 00:00:00 UTC,527,45,246182000,7.3163888888888886
2014-02-24 00:00:00 UTC,527,44,246182000,1.4451388888888888
2014-02-24 00:00:00 UTC,527,42,246107000,9.6474999999999991
2014-02-24 00:00:00 UTC,527,1594,273848700,1.6051388888888889
2014-02-24 00:00:00 UTC,527,1593,273848700,3.7266666666666666
2014-02-24 00:00:00 UTC,527,1595,273848700,1.5851388888888889
2014-02-24 00:00:00 UTC,527,-124,228301700,9.3488888888888884
2014-02-24 00:00:00 UTC,527,42,244197000,2.955277777777777
2014-02-24 00:00:00 UTC,527,40,245369000,1.0870833333333334
2014-02-24 00:00:00 UTC,527,39,245369000,0.76375
2014-02-24 00:00:00 UTC,527,38,246222000,2.754027777777778
2014-02-24 00:00:00 UTC,527,39,246222000,0.26125
2014-02-24 00:00:00 UTC,527,46,245710000,1.4452777777777777
2014-02-24 00:00:00 UTC,527,45,245710000,4.644166666666667
2014-02-24 00:00:00 UTC,527,44,245710000,0.62583333333333335
2014-02-24 00:00:00 UTC,527,39,245390000,0.21388888888888891
2014-02-24 00:00:00 UTC,527,40,245390000,2.1601388888888886
2014-02-24 00:00:00 UTC,527,39,244205000,2.8636111111111111
2014-02-24 00:00:00 UTC,527,37,244205000,2.3029166666666669
2014-02-24 00:00:00 UTC,-497,-672,701023000,6.4006944444444445
2014-02-24 00:00:00 UTC,-497,-532,441864000,1.5527777777777776
2014-02-24 00:00:00 UTC,-497,-533,441864000,1.3556944444444445
2014-02-24 00:00:00 UTC,-497,-671,701031000,1.5915277777777779
2014-02-24 00:00:00 UTC,16,1766,440584000,1.8120833333333333
2014-02-24 00:00:00 UTC,16,1771,440584000,1.1670833333333333
2014-02-24 00:00:00 UTC,16,1772,440584000,1.3831944444444444
2014-02-24 00:00:00 UTC,272,1211,412449027,0.5
2014-02-24 00:00:00 UTC,272,1213,412450052,1.0711111111111111
2014-02-24 00:00:00 UTC,272,1218,412433928,4.8859722222222217
2014-02-24 00:00:00 UTC,272,1214,412433673,3.16875
2014-02-24 00:00:00 UTC,272,1214,412432654,2.9966666666666666
2014-02-24 00:00:00 UTC,272,1217,412432654,2.5534722222222217
2014-02-24 00:00:00 UTC,272,1213,412432654,1.6091666666666664
2014-02-24 00:00:00 UTC,272,1216,412432654,1.2774999999999999
2014-02-24 00:00:00 UTC,272,1215,412432654,1.3530555555555557
2014-02-24 00:00:00 UTC,272,1212,412448783,14.377222222222223
2014-02-24 00:00:00 UTC,272,1217,412433681,3.2370833333333331
2014-02-24 00:00:00 UTC,272,1218,412433681,2.1577777777777776
2014-02-24 00:00:00 UTC,272,1209,226555665,2.5250000000000004
2014-02-24 00:00:00 UTC,272,1216,412433174,3.975138888888889
2014-02-24 00:00:00 UTC,272,1217,412433436,1.4672222222222222
2014-02-24 00:00:00 UTC,272,1213,412432157,2.2322222222222226
2014-02-24 00:00:00 UTC,272,1214,412432157,0.87847222222222232
2014-02-24 00:00:00 UTC,272,1210,413001503,0.26666666666666666
2014-02-24 00:00:00 UTC,272,1215,412450337,0.91236111111111107
2014-02-24 00:00:00 UTC,272,1214,412450337,13.69611111111111
2014-02-24 00:00:00 UTC,272,1214,412001577,1.0095833333333331
2014-02-24 00:00:00 UTC,272,1215,412001577,2.9094444444444445
2014-02-24 00:00:00 UTC,272,1214,412449066,18.711388888888891
2014-02-24 00:00:00 UTC,272,1215,412450096,0.50430555555555556
2014-02-24 00:00:00 UTC,272,1214,412450359,3.1748611111111109
2014-02-24 00:00:00 UTC,272,1215,412450359,13.568888888888889
2014-02-24 00:00:00 UTC,272,1207,412449338,0.75319444444444439
2014-02-24 00:00:00 UTC,272,1210,413001533,9.41916666666667
2014-02-24 00:00:00 UTC,272,1215,412450367,0.76694444444444443
2014-02-24 00:00:00 UTC,272,1214,412450367,13.769999999999998
2014-02-24 00:00:00 UTC,272,1212,412450369,9.7445833333333329
2014-02-24 00:00:00 UTC,272,1215,412450372,0.24972222222222223
2014-02-24 00:00:00 UTC,272,1216,412005189,4.8913888888888888
2014-02-24 00:00:00 UTC,272,1215,412449606,15.575277777777783
2014-02-24 00:00:00 UTC,272,1214,412449606,0.85819444444444437
2014-02-24 00:00:00 UTC,272,1216,412449606,0.32458333333333333
2014-02-24 00:00:00 UTC,272,1217,412416582,3.9234722222222222
2014-02-24 00:00:00 UTC,272,1215,412449359,2.200277777777778
2014-02-24 00:00:00 UTC,272,1217,412432976,7.2848611111111117
2014-02-24 00:00:00 UTC,272,1209,412450385,0.701111111111111
2014-02-24 00:00:00 UTC,272,1210,412450385,0.24263888888888888
2014-02-24 00:00:00 UTC,272,1215,200005457,1.5370833333333334
2014-02-24 00:00:00 UTC,272,1214,200005457,6.2891666666666666
2014-02-24 00:00:00 UTC,272,1215,412450138,1.6252777777777776
2014-02-24 00:00:00 UTC,272,1210,412448859,9.3001388888888883
2014-02-24 00:00:00 UTC,272,1207,412416098,2.4715277777777778
2014-02-24 00:00:00 UTC,272,1210,413001062,9.4698611111111148
2014-02-24 00:00:00 UTC,272,1212,412450163,19.427777777777777
2014-02-24 00:00:00 UTC,272,1215,412450426,12.125555555555552
2014-02-24 00:00:00 UTC,272,1214,412450426,1.9249999999999998
2014-02-24 00:00:00 UTC,272,1215,412448893,2.5138888888888888
2014-02-24 00:00:00 UTC,272,1207,412449154,0.9834722222222223
2014-02-24 00:00:00 UTC,272,1214,412450444,1.26125
2014-02-24 00:00:00 UTC,272,1211,900001171,1.0605555555555557
2014-02-24 00:00:00 UTC,272,1217,412416659,6.5419444444444448
2014-02-24 00:00:00 UTC,272,1208,412410262,2.6725
2014-02-24 00:00:00 UTC,272,1215,333348503,6.388472222222223
2014-02-24 00:00:00 UTC,272,1216,333348503,1.4754166666666664
2014-02-24 00:00:00 UTC,272,1210,412448923,0.475
2014-02-24 00:00:00 UTC,272,1216,412450203,10.354027777777778
2014-02-24 00:00:00 UTC,272,1214,412450459,0.29986111111111113
2014-02-24 00:00:00 UTC,272,1215,200004766,3.9656944444444449
2014-02-24 00:00:00 UTC,272,1210,902401951,2.4154166666666663
2014-02-24 00:00:00 UTC,272,1216,412450467,9.8548611111111111
2014-02-24 00:00:00 UTC,272,1215,412449965,4.7841666666666676
2014-02-24 00:00:00 UTC,272,1213,412417197,0.54166666666666674
2014-02-24 00:00:00 UTC,272,1215,412450238,4.08388888888889
2014-02-24 00:00:00 UTC,272,1213,412433604,0.26263888888888887
2014-02-24 00:00:00 UTC,272,1212,412433604,0.537638888888889
2014-02-24 00:00:00 UTC,272,1216,412450503,12.32875
2014-02-24 00:00:00 UTC,272,1215,412450503,2.959027777777778
2014-02-24 00:00:00 UTC,272,1213,412433105,2.1181944444444447
2014-02-24 00:00:00 UTC,272,1214,412433105,0.27013888888888893
2014-02-24 00:00:00 UTC,272,1212,412433617,1.0356944444444445
2014-02-24 00:00:00 UTC,272,1215,412450513,10.300972222222223
2014-02-24 00:00:00 UTC,272,1215,412448979,1.7502777777777778
2014-02-24 00:00:00 UTC,272,1215,412433621,0.62541666666666662
2014-02-24 00:00:00 UTC,272,1214,412433621,2.9947222222222223
2014-02-24 00:00:00 UTC,272,1218,412432088,3.6700000000000004
2014-02-24 00:00:00 UTC,272,1217,412432088,0.235
2014-02-24 00:00:00 UTC,272,1210,412448985,0.32486111111111116
2014-02-24 00:00:00 UTC,272,1212,412448989,14.500277777777779
2014-02-24 00:00:00 UTC,272,1214,412450014,13.632777777777777
2014-02-24 00:00:00 UTC,272,1215,412450014,1.1690277777777778
2014-02-24 00:00:00 UTC,272,1211,333331171,0.5065277777777778
2014-02-24 00:00:00 UTC,272,1216,412450021,10.380833333333333
2014-02-24 00:00:00 UTC,272,1212,412449001,14.886666666666661
2014-02-24 00:00:00 UTC,272,1218,412433647,0.90486111111111112
2014-02-24 00:00:00 UTC,272,1215,200000242,5.9887500000000005
2014-02-24 00:00:00 UTC,272,1214,200000242,2.5905555555555559
2014-02-24 00:00:00 UTC,272,1213,412432115,2.2575000000000003
2014-02-24 00:00:00 UTC,272,1214,412432115,2.2041666666666666
2014-02-24 00:00:00 UTC,272,1217,412432115,5.4081944444444447
2014-02-24 00:00:00 UTC,272,1216,412432115,0.64152777777777781
2014-02-24 00:00:00 UTC,528,22,246485000,1.3970833333333332
2014-02-24 00:00:00 UTC,528,46,245269000,1.02625
2014-02-24 00:00:00 UTC,528,44,245269000,3.8316666666666661
2014-02-24 00:00:00 UTC,528,45,245269000,1.2806944444444444
2014-02-24 00:00:00 UTC,528,45,246005000,1.8844444444444446
2014-02-24 00:00:00 UTC,528,44,246005000,1.8936111111111114
2014-02-24 00:00:00 UTC,528,-125,228301600,10.950972222222223
2014-02-24 00:00:00 UTC,528,45,244766000,3.4108333333333336
2014-02-24 00:00:00 UTC,528,46,244766000,0.43111111111111111
2014-02-24 00:00:00 UTC,528,45,211699000,2.7434722222222221
2014-02-24 00:00:00 UTC,528,44,211699000,1.8777777777777773
2014-02-24 00:00:00 UTC,528,-149,246429000,3.8586111111111112
2014-02-24 00:00:00 UTC,528,-150,246429000,7.2015277777777778
2014-02-24 00:00:00 UTC,528,44,246226000,1.9119444444444444
2014-02-24 00:00:00 UTC,528,46,246226000,4.9638888888888895
2014-02-24 00:00:00 UTC,528,47,246226000,0.2113888888888889
2014-02-24 00:00:00 UTC,528,44,245458000,0.45180555555555557
2014-02-24 00:00:00 UTC,528,44,244188000,0.66888888888888887
2014-02-24 00:00:00 UTC,528,45,205532000,4.0165277777777781
2014-02-24 00:00:00 UTC,528,44,205532000,5.4608333333333334
2014-02-24 00:00:00 UTC,528,46,244070000,2.65125
2014-02-24 00:00:00 UTC,528,45,244070000,3.6884722222222228
2014-02-24 00:00:00 UTC,528,44,244070000,10.854305555555555
2014-02-24 00:00:00 UTC,528,45,245254000,1.2586111111111111
2014-02-24 00:00:00 UTC,528,44,245254000,2.1684722222222224
2014-02-24 00:00:00 UTC,528,44,246182000,2.1480555555555552
2014-02-24 00:00:00 UTC,528,45,246182000,2.3033333333333337
2014-02-24 00:00:00 UTC,528,23,246075000,1.2111111111111112
2014-02-24 00:00:00 UTC,528,22,246075000,1.7970833333333331
2014-02-24 00:00:00 UTC,528,1600,273848700,5.4068055555555548
2014-02-24 00:00:00 UTC,528,1595,273848700,3.7555555555555555
2014-02-24 00:00:00 UTC,528,1596,273848700,7.2655555555555544
2014-02-24 00:00:00 UTC,528,42,244197000,0.20986111111111111
2014-02-24 00:00:00 UTC,528,43,244197000,0.65388888888888885
2014-02-24 00:00:00 UTC,528,46,244090000,1.498472222222222
2014-02-24 00:00:00 UTC,528,45,244090000,0.83458333333333334
2014-02-24 00:00:00 UTC,528,46,245647000,2.941527777777778
2014-02-24 00:00:00 UTC,528,46,245348000,0.40430555555555553
2014-02-24 00:00:00 UTC,528,40,245369000,1.466388888888889
2014-02-24 00:00:00 UTC,528,41,245369000,0.41819444444444442
2014-02-24 00:00:00 UTC,528,1602,273846700,9.3836111111111116
2014-02-24 00:00:00 UTC,528,44,246030000,0.25041666666666668
2014-02-24 00:00:00 UTC,528,45,246030000,1.3861111111111111
2014-02-24 00:00:00 UTC,528,45,245710000,2.1315277777777779
2014-02-24 00:00:00 UTC,528,46,245710000,0.65916666666666668
2014-02-24 00:00:00 UTC,528,44,245710000,0.63541666666666663
2014-02-24 00:00:00 UTC,528,41,245390000,0.25916666666666666
2014-02-24 00:00:00 UTC,528,45,246136000,0.41944444444444445
2014-02-24 00:00:00 UTC,528,46,246136000,2.0469444444444442
2014-02-24 00:00:00 UTC,528,44,244877000,0.83888888888888891
2014-02-24 00:00:00 UTC,528,45,244877000,1.0619444444444444
2014-02-24 00:00:00 UTC,-496,-672,701023000,1.5272222222222223
2014-02-24 00:00:00 UTC,-496,-671,701031000,6.4305555555555554
2014-02-24 00:00:00 UTC,-496,-672,701031000,2.1891666666666669
2014-02-24 00:00:00 UTC,-496,-669,701031000,1.5320833333333335
2014-02-24 00:00:00 UTC,-496,-668,701031000,2.1975
2014-02-24 00:00:00 UTC,-496,-671,701006043,5.6523611111111105
2014-02-24 00:00:00 UTC,17,1767,440584000,1.9116666666666666
2014-02-24 00:00:00 UTC,17,1769,440584000,1.2855555555555556
2014-02-24 00:00:00 UTC,17,1721,441084000,0.42125
2014-02-24 00:00:00 UTC,273,1217,412433669,10.778194444444445
2014-02-24 00:00:00 UTC,273,1214,412433669,1.9005555555555556
2014-02-24 00:00:00 UTC,273,1217,412433928,0.49041666666666661
2014-02-24 00:00:00 UTC,273,1218,412433928,9.365000000000002
2014-02-24 00:00:00 UTC,273,1214,412433673,1.2016666666666667
2014-02-24 00:00:00 UTC,273,1217,412433673,12.491527777777778
2014-02-24 00:00:00 UTC,273,1213,412432654,1.7790277777777777
2014-02-24 00:00:00 UTC,273,1217,412433681,1.3445833333333335
2014-02-24 00:00:00 UTC,273,1218,412433681,8.7658333333333331
2014-02-24 00:00:00 UTC,273,1209,226555665,1.0670833333333332
2014-02-24 00:00:00 UTC,273,1218,412433683,2.2166666666666663
2014-02-24 00:00:00 UTC,273,1217,412433683,1.5593055555555555
2014-02-24 00:00:00 UTC,273,1214,412433436,0.50041666666666673
2014-02-24 00:00:00 UTC,273,1215,412433436,0.79138888888888892
2014-02-24 00:00:00 UTC,273,1216,412433436,1.4306944444444445
2014-02-24 00:00:00 UTC,273,1217,412433436,1.5645833333333334
2014-02-24 00:00:00 UTC,273,1217,412432157,0.587361111111111
2014-02-24 00:00:00 UTC,273,1214,412432157,1.8363888888888888
2014-02-24 00:00:00 UTC,273,1215,412432157,0.52861111111111114
2014-02-24 00:00:00 UTC,273,1213,412432157,1.6038888888888887
2014-02-24 00:00:00 UTC,273,1216,412419362,11.000972222222222
2014-02-24 00:00:00 UTC,273,1214,412433701,1.8152777777777778
2014-02-24 00:00:00 UTC,273,1216,200005165,2.8380555555555556
2014-02-24 00:00:00 UTC,273,1214,412450096,0.32513888888888887
2014-02-24 00:00:00 UTC,273,1215,412450096,21.154861111111114
2014-02-24 00:00:00 UTC,273,1217,412417585,18.140416666666667
2014-02-24 00:00:00 UTC,273,1217,412433971,1.8966666666666667
2014-02-24 00:00:00 UTC,273,1218,412433971,1.2966666666666669
2014-02-24 00:00:00 UTC,273,1217,412416582,18.379166666666666
2014-02-24 00:00:00 UTC,273,1217,412432976,0.6413888888888889
2014-02-24 00:00:00 UTC,273,1216,412432976,2.5095833333333335
2014-02-24 00:00:00 UTC,273,1215,200005457,13.781111111111112
2014-02-24 00:00:00 UTC,273,1214,200005457,0.30430555555555555
2014-02-24 00:00:00 UTC,273,1214,333301888,0.24166666666666667
2014-02-24 00:00:00 UTC,273,1215,333301888,19.811111111111106
2014-02-24 00:00:00 UTC,273,1216,412432269,4.759027777777777
2014-02-24 00:00:00 UTC,273,1214,412432269,1.1629166666666668
2014-02-24 00:00:00 UTC,273,1215,412432269,0.59527777777777779
2014-02-24 00:00:00 UTC,273,1217,412416659,14.380277777777779
2014-02-24 00:00:00 UTC,273,1217,412003736,1.2190277777777778
2014-02-24 00:00:00 UTC,273,1216,412450203,3.1504166666666662
2014-02-24 00:00:00 UTC,273,1216,412450461,3.3505555555555557
2014-02-24 00:00:00 UTC,273,1209,223344541,0.36319444444444443
2014-02-24 00:00:00 UTC,273,1215,200004766,19.977638888888897
2014-02-24 00:00:00 UTC,273,1216,412450467,5.5001388888888894
2014-02-24 00:00:00 UTC,273,1215,412449965,18.100416666666668
2014-02-24 00:00:00 UTC,273,1217,412449969,4.6998611111111117
2014-02-24 00:00:00 UTC,273,1217,412412342,1.0851388888888889
2014-02-24 00:00:00 UTC,273,1215,412450238,19.737083333333334
2014-02-24 00:00:00 UTC,273,1218,412433602,0.38819444444444445
2014-02-24 00:00:00 UTC,273,1215,412433602,0.51652777777777781
2014-02-24 00:00:00 UTC,273,1217,412433602,0.58569444444444441
2014-02-24 00:00:00 UTC,273,1214,412433602,1.0258333333333334
2014-02-24 00:00:00 UTC,273,1216,412433091,1.2015277777777778
2014-02-24 00:00:00 UTC,273,1214,412433091,0.34375
2014-02-24 00:00:00 UTC,273,1217,412433091,5.3213888888888894
2014-02-24 00:00:00 UTC,273,1215,412433091,0.65111111111111108
2014-02-24 00:00:00 UTC,273,1214,412432325,1.565
2014-02-24 00:00:00 UTC,273,1215,412432325,1.4463888888888889
2014-02-24 00:00:00 UTC,273,1217,412433105,1.0158333333333334
2014-02-24 00:00:00 UTC,273,1214,412433105,2.3443055555555552
2014-02-24 00:00:00 UTC,273,1216,412433105,0.27666666666666662
2014-02-24 00:00:00 UTC,273,1213,412433105,1.7243055555555553
2014-02-24 00:00:00 UTC,273,1217,412433621,0.27430555555555558
2014-02-24 00:00:00 UTC,273,1214,412433621,1.3551388888888889
2014-02-24 00:00:00 UTC,273,1218,412433621,7.9379166666666663
2014-02-24 00:00:00 UTC,273,1218,412433622,10.052222222222223
2014-02-24 00:00:00 UTC,273,1217,412433622,5.4780555555555557
2014-02-24 00:00:00 UTC,273,1214,412432088,0.25152777777777779
2014-02-24 00:00:00 UTC,273,1215,412432088,0.18111111111111111
2014-02-24 00:00:00 UTC,273,1217,412432088,1.6108333333333333
2014-02-24 00:00:00 UTC,273,1217,412450008,0.67527777777777787
2014-02-24 00:00:00 UTC,273,1217,412419553,9.2247222222222227
2014-02-24 00:00:00 UTC,273,1218,412433637,6.4584722222222224
2014-02-24 00:00:00 UTC,273,1216,412450021,4.4751388888888881
2014-02-24 00:00:00 UTC,273,1214,412433639,2.1668055555555554
2014-02-24 00:00:00 UTC,273,1217,412450023,18.867361111111109
2014-02-24 00:00:00 UTC,273,1216,412450023,0.33361111111111108
2014-02-24 00:00:00 UTC,273,1217,412433647,1.0126388888888891
2014-02-24 00:00:00 UTC,273,1218,412433647,11.420277777777777
2014-02-24 00:00:00 UTC,273,1215,200000242,15.435833333333331
2014-02-24 00:00:00 UTC,273,1213,412432115,1.5793055555555555
2014-02-24 00:00:00 UTC,273,1212,412432115,0.62111111111111117
2014-02-24 00:00:00 UTC,273,1214,412432115,1.3290277777777777
2014-02-24 00:00:00 UTC,529,45,245269000,1.9066666666666667
2014-02-24 00:00:00 UTC,529,44,245269000,0.605
2014-02-24 00:00:00 UTC,529,44,246005000,1.7290277777777778
2014-02-24 00:00:00 UTC,529,45,246005000,4.9327777777777779
2014-02-24 00:00:00 UTC,529,46,246005000,0.84527777777777779
2014-02-24 00:00:00 UTC,529,46,246570000,1.1565277777777778
2014-02-24 00:00:00 UTC,529,45,246570000,5.6984722222222226
2014-02-24 00:00:00 UTC,529,44,246570000,3.4175000000000004
2014-02-24 00:00:00 UTC,529,50,244042000,0.22458333333333333
2014-02-24 00:00:00 UTC,529,46,244042000,0.42958333333333332
2014-02-24 00:00:00 UTC,529,44,244095000,1.3054166666666667
2014-02-24 00:00:00 UTC,529,45,244095000,1.1031944444444444
2014-02-24 00:00:00 UTC,529,46,244095000,0.47416666666666668
2014-02-24 00:00:00 UTC,529,46,244959000,0.44166666666666665
2014-02-24 00:00:00 UTC,529,45,244959000,1.4102777777777777
2014-02-24 00:00:00 UTC,529,44,244959000,0.68347222222222226
2014-02-24 00:00:00 UTC,529,45,211699000,0.96722222222222221
2014-02-24 00:00:00 UTC,529,44,211699000,2.9183333333333339
2014-02-24 00:00:00 UTC,529,-149,246429000,1.44
2014-02-24 00:00:00 UTC,529,47,246226000,1.1252777777777778
2014-02-24 00:00:00 UTC,529,46,246226000,2.3040277777777778
2014-02-24 00:00:00 UTC,529,45,246226000,1.6981944444444443
2014-02-24 00:00:00 UTC,529,44,245458000,3.5433333333333339
2014-02-24 00:00:00 UTC,529,45,245458000,0.86541666666666661
2014-02-24 00:00:00 UTC,529,45,246503000,2.4934722222222221
2014-02-24 00:00:00 UTC,529,45,244188000,1.9227777777777777
2014-02-24 00:00:00 UTC,529,44,244188000,4.3980555555555556
2014-02-24 00:00:00 UTC,529,46,244188000,0.2361111111111111
2014-02-24 00:00:00 UTC,529,45,205532000,1.728472222222222
2014-02-24 00:00:00 UTC,529,44,205532000,0.62791666666666668
2014-02-24 00:00:00 UTC,529,45,244646000,4.0718055555555557
2014-02-24 00:00:00 UTC,529,44,244070000,0.83263888888888893
2014-02-24 00:00:00 UTC,529,46,244070000,1.2386111111111109
2014-02-24 00:00:00 UTC,529,45,244070000,4.1477777777777778
2014-02-24 00:00:00 UTC,529,44,245254000,1.860972222222222
2014-02-24 00:00:00 UTC,529,46,245254000,0.40305555555555561
2014-02-24 00:00:00 UTC,529,45,245254000,1.2398611111111111
2014-02-24 00:00:00 UTC,529,45,246182000,0.8338888888888889
2014-02-24 00:00:00 UTC,529,23,246075000,1.3219444444444441
2014-02-24 00:00:00 UTC,529,22,246075000,4.5298611111111109
2014-02-24 00:00:00 UTC,529,45,245456000,0.20305555555555554
2014-02-24 00:00:00 UTC,529,45,245914000,6.3868055555555543
2014-02-24 00:00:00 UTC,529,46,245914000,0.20722222222222222
2014-02-24 00:00:00 UTC,529,44,245914000,1.0919444444444446
2014-02-24 00:00:00 UTC,529,46,244090000,1.7183333333333333
2014-02-24 00:00:00 UTC,529,45,244090000,4.4188888888888886
2014-02-24 00:00:00 UTC,529,46,245647000,4.6744444444444451
2014-02-24 00:00:00 UTC,529,45,245348000,2.8920833333333333
2014-02-24 00:00:00 UTC,529,46,245348000,0.20444444444444446
2014-02-24 00:00:00 UTC,529,44,245348000,1.1363888888888887
2014-02-24 00:00:00 UTC,529,1602,273846700,1.6165277777777778
2014-02-24 00:00:00 UTC,529,45,246030000,7.5618055555555568
2014-02-24 00:00:00 UTC,529,46,246030000,0.68888888888888888
2014-02-24 00:00:00 UTC,529,44,246030000,1.1395833333333334
2014-02-24 00:00:00 UTC,529,41,245390000,0.92972222222222212
2014-02-24 00:00:00 UTC,529,45,246136000,2.3931944444444442
2014-02-24 00:00:00 UTC,529,44,244877000,2.330972222222222
2014-02-24 00:00:00 UTC,529,45,244877000,3.9361111111111113
2014-02-24 00:00:00 UTC,529,46,244877000,1.8877777777777778
2014-02-24 00:00:00 UTC,529,46,246135000,0.62611111111111106
2014-02-24 00:00:00 UTC,529,45,246135000,3.3859722222222222
2014-02-24 00:00:00 UTC,529,44,246135000,1.4683333333333333
2014-02-24 00:00:00 UTC,529,46,244620000,0.24541666666666667
2014-02-24 00:00:00 UTC,529,45,244620000,1.0840277777777776
2014-02-24 00:00:00 UTC,529,49,244620000,4.1962500000000009
2014-02-24 00:00:00 UTC,529,45,245633000,1.2723611111111111
2014-02-24 00:00:00 UTC,-495,-672,701000791,4.7101388888888884
2014-02-24 00:00:00 UTC,-495,-663,701000901,2.3518055555555555
2014-02-24 00:00:00 UTC,-495,-672,701006043,6.9388888888888891
2014-02-24 00:00:00 UTC,-239,-138,263570000,3.9993055555555554
2014-02-24 00:00:00 UTC,-239,-136,263570000,1.2488888888888887
2014-02-24 00:00:00 UTC,-239,-137,263570000,1.2349999999999999
2014-02-24 00:00:00 UTC,18,1768,440584000,1.5308333333333333
2014-02-24 00:00:00 UTC,18,1767,440584000,1.7425
2014-02-24 00:00:00 UTC,18,864,431700210,5.4455555555555559
2014-02-24 00:00:00 UTC,274,1214,412433669,4.7413888888888893
2014-02-24 00:00:00 UTC,274,1218,412433928,5.1840277777777786
2014-02-24 00:00:00 UTC,274,1217,412433928,6.164305555555555
2014-02-24 00:00:00 UTC,274,1217,412433673,2.2798611111111109
2014-02-24 00:00:00 UTC,274,1215,333304588,10.035972222222224
2014-02-24 00:00:00 UTC,274,1211,412433935,9.5237500000000033
2014-02-24 00:00:00 UTC,274,1212,412433935,6.8263888888888893
2014-02-24 00:00:00 UTC,274,1218,412433681,7.6619444444444458
2014-02-24 00:00:00 UTC,274,1217,412433681,2.3154166666666667
2014-02-24 00:00:00 UTC,274,1214,412433683,1.060138888888889
2014-02-24 00:00:00 UTC,274,1216,412433683,1.2751388888888888
2014-02-24 00:00:00 UTC,274,1217,412433683,8.0105555555555537
2014-02-24 00:00:00 UTC,274,1218,412433683,2.7406944444444443
2014-02-24 00:00:00 UTC,274,1215,412433683,2.2520833333333332
2014-02-24 00:00:00 UTC,274,1215,412433436,0.79861111111111116
2014-02-24 00:00:00 UTC,274,1214,412433436,4.7301388888888889
2014-02-24 00:00:00 UTC,274,1213,412432157,0.77361111111111114
2014-02-24 00:00:00 UTC,274,1212,412432157,1.3002777777777776
2014-02-24 00:00:00 UTC,274,1211,412432157,0.26208333333333333
2014-02-24 00:00:00 UTC,274,1214,412432157,2.9179166666666667
2014-02-24 00:00:00 UTC,274,1208,658484511,1.8711111111111114
2014-02-24 00:00:00 UTC,274,1213,332145441,1.1684722222222224
2014-02-24 00:00:00 UTC,274,1214,412433701,5.0630555555555556
2014-02-24 00:00:00 UTC,274,1209,410025515,1.7947222222222223
2014-02-24 00:00:00 UTC,274,1216,200005165,19.40666666666667
2014-02-24 00:00:00 UTC,274,1215,412450096,2.4138888888888888
2014-02-24 00:00:00 UTC,274,1214,412450096,0.23777777777777778
2014-02-24 00:00:00 UTC,274,1215,412433971,1.9119444444444447
2014-02-24 00:00:00 UTC,274,1217,412433971,4.1829166666666673
2014-02-24 00:00:00 UTC,274,1216,412433971,1.1190277777777777
2014-02-24 00:00:00 UTC,274,1218,412433971,8.0283333333333342
2014-02-24 00:00:00 UTC,274,1207,412432188,0.26430555555555557
2014-02-24 00:00:00 UTC,274,1206,412432188,0.38208333333333333
2014-02-24 00:00:00 UTC,274,1215,333301888,1.0863888888888888
2014-02-24 00:00:00 UTC,274,1214,333301888,0.25861111111111112
2014-02-24 00:00:00 UTC,274,1212,412432269,0.69958333333333322
2014-02-24 00:00:00 UTC,274,1213,412432269,2.111388888888889
2014-02-24 00:00:00 UTC,274,1214,412432269,3.889444444444444
2014-02-24 00:00:00 UTC,274,1217,412416659,4.6873611111111115
2014-02-24 00:00:00 UTC,274,1218,412003736,2.7215277777777773
2014-02-24 00:00:00 UTC,274,1217,412450457,3.7961111111111112
2014-02-24 00:00:00 UTC,274,1215,412450458,1.2429166666666664
2014-02-24 00:00:00 UTC,274,1216,412450458,5.9040277777777783
2014-02-24 00:00:00 UTC,274,1216,412450203,3.8995833333333332
2014-02-24 00:00:00 UTC,274,1215,412450461,0.26722222222222225
2014-02-24 00:00:00 UTC,274,1216,412450461,8.40097222222222
2014-02-24 00:00:00 UTC,274,1209,223344541,0.2
2014-02-24 00:00:00 UTC,274,1216,412448927,20.348472222222224
2014-02-24 00:00:00 UTC,274,1217,412448927,4.5486111111111116
2014-02-24 00:00:00 UTC,274,1211,412422051,1.3494444444444444
2014-02-24 00:00:00 UTC,274,1215,412450467,0.92402777777777778
2014-02-24 00:00:00 UTC,274,1216,412450467,1.5754166666666667
2014-02-24 00:00:00 UTC,274,1217,412449969,18.543611111111112
2014-02-24 00:00:00 UTC,274,1217,412450482,2.6598611111111108
2014-02-24 00:00:00 UTC,274,1218,412412342,2.6684722222222219
2014-02-24 00:00:00 UTC,274,1216,412433602,0.28069444444444447
2014-02-24 00:00:00 UTC,274,1214,412433602,1.1456944444444446
2014-02-24 00:00:00 UTC,274,1215,412433602,1.8105555555555557
2014-02-24 00:00:00 UTC,274,1217,412433602,8.8908333333333331
2014-02-24 00:00:00 UTC,274,1218,412433602,4.2993055555555557
2014-02-24 00:00:00 UTC,274,1212,412433091,0.51763888888888887
2014-02-24 00:00:00 UTC,274,1214,412433091,5.0673611111111105
2014-02-24 00:00:00 UTC,274,1213,412433091,1.3344444444444443
2014-02-24 00:00:00 UTC,274,1215,412432325,2.8730555555555553
2014-02-24 00:00:00 UTC,274,1214,412432325,2.1904166666666667
2014-02-24 00:00:00 UTC,274,1212,412432843,2.4622222222222225
2014-02-24 00:00:00 UTC,274,1211,412432843,7.5677777777777795
2014-02-24 00:00:00 UTC,274,1212,412433105,1.0852777777777778
2014-02-24 00:00:00 UTC,274,1218,412433105,1.5326388888888889
2014-02-24 00:00:00 UTC,274,1214,412433105,2.7472222222222218
2014-02-24 00:00:00 UTC,274,1213,412433105,0.80652777777777773
2014-02-24 00:00:00 UTC,274,1211,412433105,0.77277777777777779
2014-02-24 00:00:00 UTC,274,1217,412433621,0.85291666666666666
2014-02-24 00:00:00 UTC,274,1218,412433621,5.7325
2014-02-24 00:00:00 UTC,274,1217,412433622,4.6023611111111116
2014-02-24 00:00:00 UTC,274,1218,412433622,2.6404166666666669
2014-02-24 00:00:00 UTC,274,1212,412432088,1.1115277777777777
2014-02-24 00:00:00 UTC,274,1213,412432088,3.290694444444445
2014-02-24 00:00:00 UTC,274,1214,412432088,4.1493055555555562
2014-02-24 00:00:00 UTC,274,1217,412450008,0.27513888888888888
2014-02-24 00:00:00 UTC,274,1218,412450008,4.1241666666666665
2014-02-24 00:00:00 UTC,274,1211,412433884,1.1290277777777777
2014-02-24 00:00:00 UTC,274,1211,412433885,0.61111111111111116
2014-02-24 00:00:00 UTC,274,1210,412433885,0.25763888888888886
2014-02-24 00:00:00 UTC,274,1215,412450021,0.5245833333333334
2014-02-24 00:00:00 UTC,274,1216,412450021,1.8419444444444442
2014-02-24 00:00:00 UTC,274,1215,412433639,2.024861111111111
2014-02-24 00:00:00 UTC,274,1214,412433639,3.3637500000000005
2014-02-24 00:00:00 UTC,274,1217,412433639,10.893055555555556
2014-02-24 00:00:00 UTC,274,1217,412450023,8.4981944444444437
2014-02-24 00:00:00 UTC,274,1216,412450023,2.7998611111111109
2014-02-24 00:00:00 UTC,274,1217,412450535,4.0818055555555555
2014-02-24 00:00:00 UTC,274,1218,412433647,6.1468055555555541
2014-02-24 00:00:00 UTC,274,1217,412433647,2.3994444444444443
2014-02-24 00:00:00 UTC,274,1211,412433906,5.3395833333333327
2014-02-24 00:00:00 UTC,530,45,245269000,0.90111111111111108
2014-02-24 00:00:00 UTC,530,46,245269000,1.1688888888888889
2014-02-24 00:00:00 UTC,530,46,246005000,4.0909722222222227
2014-02-24 00:00:00 UTC,530,44,246005000,1.1570833333333335
2014-02-24 00:00:00 UTC,530,45,246005000,1.1719444444444445
2014-02-24 00:00:00 UTC,530,47,246005000,1.0037500000000001
2014-02-24 00:00:00 UTC,530,52,244078096,2.0066666666666664
2014-02-24 00:00:00 UTC,530,53,244078096,0.89333333333333331
2014-02-24 00:00:00 UTC,530,47,246570000,0.41736111111111107
2014-02-24 00:00:00 UTC,530,45,246570000,3.4027777777777781
2014-02-24 00:00:00 UTC,530,46,246570000,4.5895833333333336
2014-02-24 00:00:00 UTC,530,44,246570000,1.9163888888888891
2014-02-24 00:00:00 UTC,530,45,244042000,7.6359722222222226
2014-02-24 00:00:00 UTC,530,46,244042000,2.2161111111111111
2014-02-24 00:00:00 UTC,530,49,244042000,0.82819444444444446
2014-02-24 00:00:00 UTC,530,50,244042000,1.0363888888888888
2014-02-24 00:00:00 UTC,530,47,244042000,1.3630555555555555
2014-02-24 00:00:00 UTC,530,47,244095000,1.985138888888889
2014-02-24 00:00:00 UTC,530,46,244095000,3.2712499999999998
2014-02-24 00:00:00 UTC,530,45,244095000,6.3620833333333326
2014-02-24 00:00:00 UTC,530,45,244959000,1.8401388888888888
2014-02-24 00:00:00 UTC,530,46,244959000,4.2190277777777778
2014-02-24 00:00:00 UTC,530,46,244659000,1.6987499999999998
2014-02-24 00:00:00 UTC,530,47,244659000,0.75111111111111106
2014-02-24 00:00:00 UTC,530,45,244659000,4.760416666666667
2014-02-24 00:00:00 UTC,530,46,211699000,4.0463888888888881
2014-02-24 00:00:00 UTC,530,44,211699000,5.0477777777777781
2014-02-24 00:00:00 UTC,530,45,211699000,2.3302777777777779
2014-02-24 00:00:00 UTC,530,47,245352000,0.75180555555555562
2014-02-24 00:00:00 UTC,530,45,245352000,1.731111111111111
2014-02-24 00:00:00 UTC,530,46,245352000,6.4666666666666668
2014-02-24 00:00:00 UTC,530,-149,246429000,2.2981944444444444
2014-02-24 00:00:00 UTC,530,46,246226000,1.6238888888888887
2014-02-24 00:00:00 UTC,530,47,246226000,0.44583333333333336
2014-02-24 00:00:00 UTC,530,46,245458000,1.3579166666666669
2014-02-24 00:00:00 UTC,530,47,245458000,0.66166666666666663
2014-02-24 00:00:00 UTC,530,45,245458000,0.83694444444444449
2014-02-24 00:00:00 UTC,530,45,246503000,1.4481944444444446
2014-02-24 00:00:00 UTC,530,47,246503000,0.61819444444444449
2014-02-24 00:00:00 UTC,530,46,246503000,1.1070833333333332
2014-02-24 00:00:00 UTC,530,47,244188000,1.9031944444444444
2014-02-24 00:00:00 UTC,530,45,244188000,2.0630555555555556
2014-02-24 00:00:00 UTC,530,44,244188000,1.6330555555555555
2014-02-24 00:00:00 UTC,530,46,244188000,4.45375
2014-02-24 00:00:00 UTC,530,46,244646000,0.46736111111111112
2014-02-24 00:00:00 UTC,530,45,244646000,1.5366666666666668
2014-02-24 00:00:00 UTC,530,47,245254000,1.9216666666666666
2014-02-24 00:00:00 UTC,530,46,245254000,1.4934722222222221
2014-02-24 00:00:00 UTC,530,47,245456000,1.8620833333333335
2014-02-24 00:00:00 UTC,530,46,245456000,2.5377777777777779
2014-02-24 00:00:00 UTC,530,45,245456000,2.1016666666666666
2014-02-24 00:00:00 UTC,530,46,245914000,1.5608333333333333
2014-02-24 00:00:00 UTC,530,45,245914000,3.04375
2014-02-24 00:00:00 UTC,530,46,244090000,4.6554166666666665
2014-02-24 00:00:00 UTC,530,45,244090000,4.1234722222222224
2014-02-24 00:00:00 UTC,530,47,244090000,2.1008333333333336
2014-02-24 00:00:00 UTC,530,47,245348000,1.0879166666666666
2014-02-24 00:00:00 UTC,530,45,245348000,3.4643055555555557
2014-02-24 00:00:00 UTC,530,46,245348000,3.9445833333333336
2014-02-24 00:00:00 UTC,530,1602,273846700,5.4180555555555552
2014-02-24 00:00:00 UTC,530,45,246030000,4.3848611111111113
2014-02-24 00:00:00 UTC,530,47,246030000,3.1766666666666667
2014-02-24 00:00:00 UTC,530,46,246030000,2.4827777777777778
2014-02-24 00:00:00 UTC,530,46,246136000,0.69722222222222219
2014-02-24 00:00:00 UTC,530,45,246136000,1.6958333333333333
2014-02-24 00:00:00 UTC,530,47,244877000,2.4458333333333329
2014-02-24 00:00:00 UTC,530,46,244877000,3.7665277777777773
2014-02-24 00:00:00 UTC,530,44,246135000,0.62347222222222221
2014-02-24 00:00:00 UTC,530,46,246135000,2.4540277777777781
2014-02-24 00:00:00 UTC,530,45,246135000,4.0075
2014-02-24 00:00:00 UTC,530,45,244620000,1.5343055555555556
2014-02-24 00:00:00 UTC,530,46,244620000,5.4570833333333333
2014-02-24 00:00:00 UTC,530,47,244620000,1.1552777777777776
2014-02-24 00:00:00 UTC,530,51,244108000,6.2952777777777786
2014-02-24 00:00:00 UTC,530,53,244108000,3.7705555555555552
2014-02-24 00:00:00 UTC,530,50,244108000,2.2894444444444444
2014-02-24 00:00:00 UTC,530,49,244108000,0.61958333333333337
2014-02-24 00:00:00 UTC,530,52,244108000,7.5041666666666673
2014-02-24 00:00:00 UTC,530,46,245633000,0.22666666666666668
2014-02-24 00:00:00 UTC,530,45,245633000,3.1736111111111107
2014-02-24 00:00:00 UTC,-494,-672,701000791,3.057638888888889
2014-02-24 00:00:00 UTC,-494,-673,701000791,1.5387499999999998
2014-02-24 00:00:00 UTC,-494,-664,701000901,1.54875
2014-02-24 00:00:00 UTC,-494,-672,701006043,1.5686111111111112
2014-02-24 00:00:00 UTC,19,1718,440885000,0.48013888888888889
2014-02-24 00:00:00 UTC,19,1712,440885000,0.86805555555555558
2014-02-24 00:00:00 UTC,19,1720,440885000,0.8272222222222223
2014-02-24 00:00:00 UTC,19,1710,440885000,1.7201388888888889
2014-02-24 00:00:00 UTC,19,1719,440885000,1.1777777777777776
2014-02-24 00:00:00 UTC,19,1721,440885000,0.47486111111111112
2014-02-24 00:00:00 UTC,19,862,432353000,8.2193055555555556
2014-02-24 00:00:00 UTC,275,1214,412433669,1.8523611111111111
2014-02-24 00:00:00 UTC,275,1216,412433669,0.29694444444444446
2014-02-24 00:00:00 UTC,275,1216,412437001,1.0220833333333332
2014-02-24 00:00:00 UTC,275,1217,412437001,2.9227777777777781
2014-02-24 00:00:00 UTC,275,1214,412433932,0.76263888888888887
2014-02-24 00:00:00 UTC,275,1214,412433683,0.24916666666666668
2014-02-24 00:00:00 UTC,275,1216,412433683,2.4786111111111104
2014-02-24 00:00:00 UTC,275,1215,412433683,2.032777777777778
2014-02-24 00:00:00 UTC,275,1214,412433686,0.50458333333333327
2014-02-24 00:00:00 UTC,275,1214,412433688,1.0876388888888888
2014-02-24 00:00:00 UTC,275,1215,412433688,0.42513888888888884
2014-02-24 00:00:00 UTC,275,1213,412433436,1.6391666666666669
2014-02-24 00:00:00 UTC,275,1212,412433436,0.21625
2014-02-24 00:00:00 UTC,275,1214,412433436,0.80833333333333335
2014-02-24 00:00:00 UTC,275,1214,412432157,0.27041666666666664
2014-02-24 00:00:00 UTC,275,1213,332145441,3.0473611111111114
2014-02-24 00:00:00 UTC,275,1214,412433701,1.5713888888888887
2014-02-24 00:00:00 UTC,275,1215,412433971,2.9476388888888891
2014-02-24 00:00:00 UTC,275,1216,412433971,2.5423611111111111
2014-02-24 00:00:00 UTC,275,1217,412417332,4.3601388888888888
2014-02-24 00:00:00 UTC,275,1218,412417332,3.0237499999999997
2014-02-24 00:00:00 UTC,275,1214,412433973,0.50416666666666665
2014-02-24 00:00:00 UTC,275,1217,413005110,2.8111111111111109
2014-02-24 00:00:00 UTC,275,1216,412449853,4.4494444444444445
2014-02-24 00:00:00 UTC,275,1216,412450132,2.8915277777777773
2014-02-24 00:00:00 UTC,275,1212,545401202,0.81986111111111115
2014-02-24 00:00:00 UTC,275,1217,412450184,0.85069444444444442
2014-02-24 00:00:00 UTC,275,1213,412432269,1.8255555555555558
2014-02-24 00:00:00 UTC,275,1217,412418448,8.8623611111111114
2014-02-24 00:00:00 UTC,275,1217,412450457,2.375
2014-02-24 00:00:00 UTC,275,1212,412431545,0.3536111111111111
2014-02-24 00:00:00 UTC,275,1216,412449722,0.59597222222222224
2014-02-24 00:00:00 UTC,275,1217,412449722,2.3205555555555555
2014-02-24 00:00:00 UTC,275,1216,412433602,3.5522222222222224
2014-02-24 00:00:00 UTC,275,1215,412433602,0.62041666666666662
2014-02-24 00:00:00 UTC,275,1213,412433091,2.3436111111111111
2014-02-24 00:00:00 UTC,275,1213,412432325,0.2623611111111111
2014-02-24 00:00:00 UTC,275,1214,412432325,1.4333333333333333
2014-02-24 00:00:00 UTC,275,1212,412431558,0.27277777777777779
2014-02-24 00:00:00 UTC,275,1212,412431559,0.25416666666666665
2014-02-24 00:00:00 UTC,275,1216,412449991,2.9588888888888896
2014-02-24 00:00:00 UTC,275,1214,412433105,0.21722222222222221
2014-02-24 00:00:00 UTC,275,1217,412419284,5.0358333333333327
2014-02-24 00:00:00 UTC,275,1218,412419284,1.8290277777777777
2014-02-24 00:00:00 UTC,275,1213,412432088,1.0444444444444445
2014-02-24 00:00:00 UTC,275,1217,412450012,3.1704166666666667
2014-02-24 00:00:00 UTC,275,1215,412433639,1.24375
2014-02-24 00:00:00 UTC,275,1214,412433646,0.53097222222222229
2014-02-24 00:00:00 UTC,275,1215,412433646,0.35486111111111113
2014-02-24 00:00:00 UTC,275,1213,412433648,0.79805555555555552
2014-02-24 00:00:00 UTC,275,1217,412417271,4.0122222222222224
2014-02-24 00:00:00 UTC,275,1218,412417271,3.6930555555555555
2014-02-24 00:00:00 UTC,275,1217,412417786,8.0909722222222218
2014-02-24 00:00:00 UTC,531,47,245269000,1.3133333333333335
2014-02-24 00:00:00 UTC,531,46,245269000,3.1268055555555558
2014-02-24 00:00:00 UTC,531,45,246005000,0.50472222222222218
2014-02-24 00:00:00 UTC,531,47,246005000,0.4604166666666667
2014-02-24 00:00:00 UTC,531,46,246005000,1.5845833333333332
2014-02-24 00:00:00 UTC,531,51,244078096,0.87027777777777771
2014-02-24 00:00:00 UTC,531,52,244078096,0.65305555555555561
2014-02-24 00:00:00 UTC,531,46,246570000,0.99958333333333349
2014-02-24 00:00:00 UTC,531,45,246570000,0.58958333333333335
2014-02-24 00:00:00 UTC,531,47,246570000,1.107361111111111
2014-02-24 00:00:00 UTC,531,47,244042000,0.61958333333333337
2014-02-24 00:00:00 UTC,531,45,244042000,0.50138888888888888
2014-02-24 00:00:00 UTC,531,46,244042000,0.50111111111111106
2014-02-24 00:00:00 UTC,531,47,244095000,3.4874999999999994
2014-02-24 00:00:00 UTC,531,45,244095000,1.1544444444444446
2014-02-24 00:00:00 UTC,531,46,244095000,1.1398611111111112
2014-02-24 00:00:00 UTC,531,46,244959000,1.5619444444444444
2014-02-24 00:00:00 UTC,531,47,244659000,11.497777777777777
2014-02-24 00:00:00 UTC,531,46,211699000,3.0781944444444447
2014-02-24 00:00:00 UTC,531,47,245352000,1.1705555555555556
2014-02-24 00:00:00 UTC,531,47,246226000,0.27027777777777778
2014-02-24 00:00:00 UTC,531,47,245458000,1.4765277777777777
2014-02-24 00:00:00 UTC,531,47,246503000,1.8819444444444446
2014-02-24 00:00:00 UTC,531,49,245873000,0.21319444444444444
2014-02-24 00:00:00 UTC,531,-117,235010670,5.3043055555555556
2014-02-24 00:00:00 UTC,531,-118,235010670,10.133611111111112
2014-02-24 00:00:00 UTC,531,-115,235010670,9.4693055555555556
2014-02-24 00:00:00 UTC,531,47,245254000,3.7831944444444443
2014-02-24 00:00:00 UTC,531,46,245456000,1.9608333333333332
2014-02-24 00:00:00 UTC,531,47,245456000,2.3812499999999996
2014-02-24 00:00:00 UTC,531,45,245914000,1.2058333333333333
2014-02-24 00:00:00 UTC,531,46,245914000,0.29430555555555554
2014-02-24 00:00:00 UTC,531,47,244090000,1.4420833333333334
2014-02-24 00:00:00 UTC,531,45,244090000,1.1594444444444445
2014-02-24 00:00:00 UTC,531,46,244090000,0.63291666666666668
2014-02-24 00:00:00 UTC,531,51,245071000,1.0565277777777777
2014-02-24 00:00:00 UTC,531,52,245071000,2.6765277777777778
2014-02-24 00:00:00 UTC,531,47,245348000,1.22625
2014-02-24 00:00:00 UTC,531,47,244877000,3.2018055555555556
2014-02-24 00:00:00 UTC,531,47,246338000,1.7704166666666667
2014-02-24 00:00:00 UTC,531,46,246338000,5.298055555555556
2014-02-24 00:00:00 UTC,531,45,246135000,1.8554166666666667
2014-02-24 00:00:00 UTC,531,47,244620000,4.9097222222222223
2014-02-24 00:00:00 UTC,531,52,244108000,1.7516666666666667
2014-02-24 00:00:00 UTC,531,53,244108000,0.42680555555555555
2014-02-24 00:00:00 UTC,-493,-673,701000791,5.6376388888888886
2014-02-24 00:00:00 UTC,-493,-665,701000901,1.5458333333333334
2014-02-24 00:00:00 UTC,-237,-135,263570000,2.930277777777778
2014-02-24 00:00:00 UTC,20,1710,440885000,2.753333333333333
2014-02-24 00:00:00 UTC,20,1711,440885000,1.0858333333333334
2014-02-24 00:00:00 UTC,20,1712,440885000,2.048888888888889
2014-02-24 00:00:00 UTC,20,1718,440885000,0.54986111111111113
2014-02-24 00:00:00 UTC,20,1717,440885000,0.92944444444444441
2014-02-24 00:00:00 UTC,20,864,431700210,2.5055555555555555
2014-02-24 00:00:00 UTC,276,1216,412437001,0.76722222222222225
2014-02-24 00:00:00 UTC,276,1215,412437001,1.5131944444444445
2014-02-24 00:00:00 UTC,276,1217,412437001,0.57486111111111116
2014-02-24 00:00:00 UTC,276,1214,412433676,2.0108333333333333
2014-02-24 00:00:00 UTC,276,1214,412433932,1.5527777777777776
2014-02-24 00:00:00 UTC,276,1215,412433932,0.62611111111111117
2014-02-24 00:00:00 UTC,276,1216,412430099,2.2656944444444447
2014-02-24 00:00:00 UTC,276,1215,412430099,1.1801388888888888
2014-02-24 00:00:00 UTC,276,1216,412433683,0.28291666666666671
2014-02-24 00:00:00 UTC,276,1215,412433686,0.27486111111111111
2014-02-24 00:00:00 UTC,276,1214,412433686,1.8948611111111109
2014-02-24 00:00:00 UTC,276,1217,412430121,3.2158333333333333
2014-02-24 00:00:00 UTC,276,1215,412433971,0.75791666666666679
2014-02-24 00:00:00 UTC,276,1218,412418357,8.0495833333333326
2014-02-24 00:00:00 UTC,276,1214,412433973,0.75430555555555556
2014-02-24 00:00:00 UTC,276,1215,412433973,1.5206944444444443
2014-02-24 00:00:00 UTC,276,1217,413005110,4.6758333333333333
2014-02-24 00:00:00 UTC,276,1215,412449853,0.48319444444444443
2014-02-24 00:00:00 UTC,276,1219,412416075,2.4490277777777774
2014-02-24 00:00:00 UTC,276,1216,412450132,1.0336111111111113
2014-02-24 00:00:00 UTC,276,1215,412450132,1.350138888888889
2014-02-24 00:00:00 UTC,276,1214,412450132,1.5708333333333333
2014-02-24 00:00:00 UTC,276,1218,412417371,6.558472222222222
2014-02-24 00:00:00 UTC,276,1211,412956789,2.895833333333333
2014-02-24 00:00:00 UTC,276,1217,412450184,3.9870833333333331
2014-02-24 00:00:00 UTC,276,1217,412415374,2.0401388888888889
2014-02-24 00:00:00 UTC,276,1218,412415374,1.8705555555555555
2014-02-24 00:00:00 UTC,276,1217,412450447,4.4794444444444448
2014-02-24 00:00:00 UTC,276,1217,412418448,13.818472222222223
2014-02-24 00:00:00 UTC,276,1216,412449943,2.7927777777777774
2014-02-24 00:00:00 UTC,276,1216,412449722,0.26263888888888887
2014-02-24 00:00:00 UTC,276,1217,412449722,2.8748611111111111
2014-02-24 00:00:00 UTC,276,1219,412419519,16.929166666666667
2014-02-24 00:00:00 UTC,276,1216,412433602,0.91055555555555556
2014-02-24 00:00:00 UTC,276,1216,412449991,0.53263888888888888
2014-02-24 00:00:00 UTC,276,1214,412449991,1.513611111111111
2014-02-24 00:00:00 UTC,276,1215,412449991,2.1506944444444445
2014-02-24 00:00:00 UTC,276,1218,412419284,1.2373611111111111
2014-02-24 00:00:00 UTC,276,1215,412433111,0.70291666666666663
2014-02-24 00:00:00 UTC,276,1216,412450012,0.27902777777777776
2014-02-24 00:00:00 UTC,276,1217,412450012,2.2713888888888887
2014-02-24 00:00:00 UTC,276,1216,412430058,0.54847222222222225
2014-02-24 00:00:00 UTC,276,1215,412430058,0.56
2014-02-24 00:00:00 UTC,276,1215,412433646,1.8984722222222221
2014-02-24 00:00:00 UTC,276,1216,412433646,1.0723611111111111
2014-02-24 00:00:00 UTC,276,1215,412433648,0.27027777777777778
2014-02-24 00:00:00 UTC,276,1214,412433648,1.8331944444444443
2014-02-24 00:00:00 UTC,276,1213,412433648,0.86555555555555563
2014-02-24 00:00:00 UTC,276,1218,412417271,0.28527777777777774
2014-02-24 00:00:00 UTC,276,1216,412450042,4.7473611111111111
2014-02-24 00:00:00 UTC,276,1217,412417786,11.016388888888891
2014-02-24 00:00:00 UTC,532,1548,273337860,5.3579166666666671
2014-02-24 00:00:00 UTC,532,1549,273337860,6.4294444444444441
2014-02-24 00:00:00 UTC,532,48,245269000,0.2697222222222222
2014-02-24 00:00:00 UTC,532,47,245269000,2.118611111111111
2014-02-24 00:00:00 UTC,532,48,244095000,1.8680555555555556
2014-02-24 00:00:00 UTC,532,49,244959000,1.0705555555555555
2014-02-24 00:00:00 UTC,532,48,244959000,5.2133333333333338
2014-02-24 00:00:00 UTC,532,47,244959000,2.3372222222222221
2014-02-24 00:00:00 UTC,532,46,244959000,1.1779166666666667
2014-02-24 00:00:00 UTC,532,47,245352000,3.1693055555555558
2014-02-24 00:00:00 UTC,532,49,245458000,1.1405555555555555
2014-02-24 00:00:00 UTC,532,48,245458000,3.1856944444444446
2014-02-24 00:00:00 UTC,532,49,246503000,1.2863888888888888
2014-02-24 00:00:00 UTC,532,48,246503000,2.0570833333333334
2014-02-24 00:00:00 UTC,532,51,245873000,0.21500000000000002
2014-02-24 00:00:00 UTC,532,51,245019000,2.0368055555555555
2014-02-24 00:00:00 UTC,532,48,245456000,3.2813888888888885
2014-02-24 00:00:00 UTC,532,52,244570000,1.92
2014-02-24 00:00:00 UTC,532,51,244570000,3.1447222222222218
2014-02-24 00:00:00 UTC,532,51,245071000,13.006805555555559
2014-02-24 00:00:00 UTC,532,53,244644000,0.2038888888888889
2014-02-24 00:00:00 UTC,532,52,244644000,0.23736111111111113
2014-02-24 00:00:00 UTC,532,51,244035000,5.2962500000000006
2014-02-24 00:00:00 UTC,532,-60,250002882,0.40333333333333332
2014-02-24 00:00:00 UTC,532,49,246338000,1.3334722222222219
2014-02-24 00:00:00 UTC,532,47,246338000,1.4776388888888889
2014-02-24 00:00:00 UTC,532,48,246338000,2.8251388888888891
2014-02-24 00:00:00 UTC,532,49,244620000,0.44944444444444442
2014-02-24 00:00:00 UTC,532,48,244620000,3.2020833333333334
2014-02-24 00:00:00 UTC,-492,-663,701006168,6.3969444444444443
2014-02-24 00:00:00 UTC,-492,-661,701006168,5.3229166666666661
2014-02-24 00:00:00 UTC,-492,-664,701000901,3.0349999999999997
2014-02-24 00:00:00 UTC,-492,-665,701000901,7.2156944444444449
2014-02-24 00:00:00 UTC,21,1709,440885000,3.6902777777777778
2014-02-24 00:00:00 UTC,21,1715,440885000,1.7316666666666665
2014-02-24 00:00:00 UTC,21,1716,440885000,1.9206944444444445
2014-02-24 00:00:00 UTC,21,1714,440885000,1.8895833333333334
2014-02-24 00:00:00 UTC,21,1713,440885000,1.3797222222222221
2014-02-24 00:00:00 UTC,21,1712,441084000,1.6237500000000002
2014-02-24 00:00:00 UTC,21,1713,441084000,0.50694444444444442
2014-02-24 00:00:00 UTC,21,1710,441084000,3.6275
2014-02-24 00:00:00 UTC,21,1711,441084000,2.1020833333333333
2014-02-24 00:00:00 UTC,21,1709,441084000,3.6355555555555559
2014-02-24 00:00:00 UTC,277,1215,412433932,1.6833333333333333
2014-02-24 00:00:00 UTC,277,1215,412430099,1.7849999999999997
2014-02-24 00:00:00 UTC,277,1217,412430099,11.533055555555556
2014-02-24 00:00:00 UTC,277,1216,412430099,1.7983333333333333
2014-02-24 00:00:00 UTC,277,1216,412433686,0.54694444444444446
2014-02-24 00:00:00 UTC,277,1215,412433686,1.8418055555555555
2014-02-24 00:00:00 UTC,277,1219,412418357,2.9286111111111106
2014-02-24 00:00:00 UTC,277,1218,412418357,4.8291666666666666
2014-02-24 00:00:00 UTC,277,1215,412433973,1.4786111111111111
2014-02-24 00:00:00 UTC,277,1217,412417591,7.8479166666666664
2014-02-24 00:00:00 UTC,277,1219,412416075,2.9140277777777781
2014-02-24 00:00:00 UTC,277,1213,412432973,2.4163888888888887
2014-02-24 00:00:00 UTC,277,1217,412449645,11.323055555555555
2014-02-24 00:00:00 UTC,277,1213,412435839,0.18680555555555556
2014-02-24 00:00:00 UTC,277,1216,412449943,20.477777777777781
2014-02-24 00:00:00 UTC,277,1215,412422584,0.62013888888888891
2014-02-24 00:00:00 UTC,277,1213,498888888,1.9476388888888889
2014-02-24 00:00:00 UTC,277,1213,661316548,2.6370833333333334
2014-02-24 00:00:00 UTC,277,1215,412433111,0.18777777777777777
2014-02-24 00:00:00 UTC,277,1216,412433111,1.5050000000000001
2014-02-24 00:00:00 UTC,277,1215,412430058,1.3090277777777777
2014-02-24 00:00:00 UTC,277,1216,412430058,2.7941666666666665
2014-02-24 00:00:00 UTC,277,1215,412433648,1.2791666666666668
2014-02-24 00:00:00 UTC,277,1216,412433648,0.82763888888888881
2014-02-24 00:00:00 UTC,277,1217,412433648,1.8288888888888888
2014-02-24 00:00:00 UTC,277,1216,412450042,19.024722222222227
2014-02-24 00:00:00 UTC,277,1212,412460027,0.3840277777777778
2014-02-24 00:00:00 UTC,533,1550,273337860,6.1663888888888891
2014-02-24 00:00:00 UTC,533,1549,273337860,5.4066666666666663
2014-02-24 00:00:00 UTC,533,48,244959000,1.3733333333333331
2014-02-24 00:00:00 UTC,533,47,244959000,0.3975
2014-02-24 00:00:00 UTC,533,52,246238000,0.43958333333333333
2014-02-24 00:00:00 UTC,533,51,246238000,0.41319444444444442
2014-02-24 00:00:00 UTC,533,51,245470000,0.8223611111111111
2014-02-24 00:00:00 UTC,533,49,245458000,0.82972222222222225
2014-02-24 00:00:00 UTC,533,50,245458000,0.2225
2014-02-24 00:00:00 UTC,533,49,246503000,2.2358333333333333
2014-02-24 00:00:00 UTC,533,50,246503000,1.34625
2014-02-24 00:00:00 UTC,533,50,245863000,1.067361111111111
2014-02-24 00:00:00 UTC,533,48,245863000,0.83083333333333342
2014-02-24 00:00:00 UTC,533,49,245863000,0.215
2014-02-24 00:00:00 UTC,533,51,245863000,0.4075
2014-02-24 00:00:00 UTC,533,51,245436000,0.60958333333333337
2014-02-24 00:00:00 UTC,533,48,244110963,0.86555555555555552
2014-02-24 00:00:00 UTC,533,50,244110963,2.9729166666666669
2014-02-24 00:00:00 UTC,533,49,244110963,2.7097222222222221
2014-02-24 00:00:00 UTC,533,51,244110963,1.713611111111111
2014-02-24 00:00:00 UTC,533,49,245019000,2.5366666666666666
2014-02-24 00:00:00 UTC,533,51,245019000,0.72486111111111118
2014-02-24 00:00:00 UTC,533,50,245019000,1.6086111111111112
2014-02-24 00:00:00 UTC,533,49,244634000,4.7427777777777775
2014-02-24 00:00:00 UTC,533,50,244634000,6.4240277777777779
2014-02-24 00:00:00 UTC,533,52,244570000,1.4498611111111113
2014-02-24 00:00:00 UTC,533,53,244570000,10.605138888888888
2014-02-24 00:00:00 UTC,533,48,245562000,0.41416666666666668
2014-02-24 00:00:00 UTC,533,50,245562000,0.42013888888888884
2014-02-24 00:00:00 UTC,533,49,245562000,1.8787500000000001
2014-02-24 00:00:00 UTC,533,50,245071000,1.5102777777777778
2014-02-24 00:00:00 UTC,533,51,245071000,1.455
2014-02-24 00:00:00 UTC,533,51,245572000,0.42819444444444443
2014-02-24 00:00:00 UTC,533,48,245572000,1.0684722222222223
2014-02-24 00:00:00 UTC,533,50,245572000,1.0581944444444444
2014-02-24 00:00:00 UTC,533,49,245572000,3.8124999999999996
2014-02-24 00:00:00 UTC,533,54,244644000,1.2670833333333333
2014-02-24 00:00:00 UTC,533,53,244644000,0.21263888888888888
2014-02-24 00:00:00 UTC,533,49,245262000,0.63277777777777777
2014-02-24 00:00:00 UTC,533,51,245262000,0.40486111111111112
2014-02-24 00:00:00 UTC,533,50,245262000,1.2548611111111112
2014-02-24 00:00:00 UTC,533,48,246189000,6.3470833333333339
2014-02-24 00:00:00 UTC,533,50,246189000,2.3118055555555554
2014-02-24 00:00:00 UTC,533,51,246189000,1.2519444444444443
2014-02-24 00:00:00 UTC,533,49,246189000,1.6427777777777774
2014-02-24 00:00:00 UTC,533,49,245442000,0.4309722222222222
2014-02-24 00:00:00 UTC,533,50,245442000,1.2912499999999998
2014-02-24 00:00:00 UTC,533,51,245442000,0.42208333333333337
2014-02-24 00:00:00 UTC,533,48,245442000,2.4915277777777778
2014-02-24 00:00:00 UTC,533,49,246338000,1.9368055555555557
2014-02-24 00:00:00 UTC,533,50,246338000,1.0918055555555555
2014-02-24 00:00:00 UTC,533,56,246348000,0.40847222222222224
2014-02-24 00:00:00 UTC,533,57,246348000,0.20583333333333331
2014-02-24 00:00:00 UTC,-491,-666,701000901,2.21
2014-02-24 00:00:00 UTC,-235,552,660000300,2.3809722222222218
2014-02-24 00:00:00 UTC,22,1714,441084000,0.956388888888889
2014-02-24 00:00:00 UTC,22,1713,441084000,1.2923611111111111
2014-02-24 00:00:00 UTC,22,1715,441084000,0.915138888888889
2014-02-24 00:00:00 UTC,278,1216,412433932,6.9513888888888893
2014-02-24 00:00:00 UTC,278,1215,412433932,0.78763888888888878
2014-02-24 00:00:00 UTC,278,1218,412450062,4.8305555555555557
2014-02-24 00:00:00 UTC,278,1216,412433686,7.1508333333333338
2014-02-24 00:00:00 UTC,278,1217,412450347,6.8650000000000011
2014-02-24 00:00:00 UTC,278,1215,200006453,0.32069444444444439
2014-02-24 00:00:00 UTC,278,1216,200006453,0.28291666666666665
2014-02-24 00:00:00 UTC,278,1213,412432973,1.7205555555555554
2014-02-24 00:00:00 UTC,278,1217,412423522,0.4625
2014-02-24 00:00:00 UTC,278,1217,412449645,0.36833333333333335
2014-02-24 00:00:00 UTC,278,1213,412435839,0.55847222222222226
2014-02-24 00:00:00 UTC,278,1215,412415374,0.25402777777777774
2014-02-24 00:00:00 UTC,278,1215,412450447,0.21277777777777779
2014-02-24 00:00:00 UTC,278,1218,412450462,2.6858333333333335
2014-02-24 00:00:00 UTC,278,1217,412450462,2.9311111111111106
2014-02-24 00:00:00 UTC,278,1213,498888888,1.524861111111111
2014-02-24 00:00:00 UTC,278,1213,661316548,0.25013888888888891
2014-02-24 00:00:00 UTC,278,1217,412430058,10.91513888888889
2014-02-24 00:00:00 UTC,534,56,245823000,13.649027777777778
2014-02-24 00:00:00 UTC,534,51,246238000,1.0702777777777777
2014-02-24 00:00:00 UTC,534,54,246238000,1.3123611111111113
2014-02-24 00:00:00 UTC,534,55,246238000,0.42374999999999996
2014-02-24 00:00:00 UTC,534,50,246238000,4.244305555555556
2014-02-24 00:00:00 UTC,534,53,246238000,1.2633333333333334
2014-02-24 00:00:00 UTC,534,49,246238000,1.0265277777777777
2014-02-24 00:00:00 UTC,534,52,246238000,5.9777777777777787
2014-02-24 00:00:00 UTC,534,51,245470000,2.3463888888888889
2014-02-24 00:00:00 UTC,534,55,245470000,0.43902777777777779
2014-02-24 00:00:00 UTC,534,54,245470000,2.3854166666666665
2014-02-24 00:00:00 UTC,534,53,245470000,2.3288888888888888
2014-02-24 00:00:00 UTC,534,50,245470000,1.6584722222222223
2014-02-24 00:00:00 UTC,534,52,245470000,1.6602777777777775
2014-02-24 00:00:00 UTC,534,49,245470000,2.0579166666666664
2014-02-24 00:00:00 UTC,534,54,244328000,1.8909722222222225
2014-02-24 00:00:00 UTC,534,53,244328000,2.65625
2014-02-24 00:00:00 UTC,534,52,244328000,0.42958333333333332
2014-02-24 00:00:00 UTC,534,55,244157000,0.40972222222222221
2014-02-24 00:00:00 UTC,534,52,244157000,1.2786111111111111
2014-02-24 00:00:00 UTC,534,56,244157000,0.41833333333333333
2014-02-24 00:00:00 UTC,534,53,244157000,3.1536111111111116
2014-02-24 00:00:00 UTC,534,51,244157000,1.0580555555555555
2014-02-24 00:00:00 UTC,534,54,244157000,2.5425
2014-02-24 00:00:00 UTC,534,57,244157000,0.20986111111111111
2014-02-24 00:00:00 UTC,534,50,244157000,1.4579166666666665
2014-02-24 00:00:00 UTC,534,61,244199000,0.88305555555555548
2014-02-24 00:00:00 UTC,534,53,246503000,1.0368055555555555
2014-02-24 00:00:00 UTC,534,54,246503000,0.91208333333333325
2014-02-24 00:00:00 UTC,534,51,246503000,1.0495833333333335
2014-02-24 00:00:00 UTC,534,52,246503000,0.65125
2014-02-24 00:00:00 UTC,534,49,245863000,1.476388888888889
2014-02-24 00:00:00 UTC,534,53,245863000,1.7033333333333331
2014-02-24 00:00:00 UTC,534,51,245863000,1.8630555555555559
2014-02-24 00:00:00 UTC,534,52,245863000,2.3273611111111108
2014-02-24 00:00:00 UTC,534,50,245863000,1.07625
2014-02-24 00:00:00 UTC,534,54,245863000,1.2719444444444443
2014-02-24 00:00:00 UTC,534,48,245863000,0.8568055555555556
2014-02-24 00:00:00 UTC,534,51,245436000,4.826249999999999
2014-02-24 00:00:00 UTC,534,53,245436000,0.40888888888888886
2014-02-24 00:00:00 UTC,534,50,245436000,3.0122222222222224
2014-02-24 00:00:00 UTC,534,52,245436000,5.8643055555555561
2014-02-24 00:00:00 UTC,534,55,245436000,1.0734722222222222
2014-02-24 00:00:00 UTC,534,51,246492000,2.3249999999999997
2014-02-24 00:00:00 UTC,534,53,246492000,2.6238888888888892
2014-02-24 00:00:00 UTC,534,52,246492000,2.3740277777777781
2014-02-24 00:00:00 UTC,534,54,246492000,3.2366666666666664
2014-02-24 00:00:00 UTC,534,49,246492000,1.4908333333333332
2014-02-24 00:00:00 UTC,534,50,246492000,2.3151388888888889
2014-02-24 00:00:00 UTC,534,55,246492000,1.2773611111111109
2014-02-24 00:00:00 UTC,534,54,245660000,0.866388888888889
2014-02-24 00:00:00 UTC,534,56,245660000,0.63930555555555557
2014-02-24 00:00:00 UTC,534,53,245660000,1.0470833333333331
2014-02-24 00:00:00 UTC,534,51,245660000,1.6765277777777778
2014-02-24 00:00:00 UTC,534,52,245660000,1.6773611111111109
2014-02-24 00:00:00 UTC,534,52,244110963,3.9290277777777778
2014-02-24 00:00:00 UTC,534,53,244110963,3.1133333333333337
2014-02-24 00:00:00 UTC,534,51,244110963,0.82652777777777775
2014-02-24 00:00:00 UTC,534,50,244110963,0.64708333333333334
2014-02-24 00:00:00 UTC,534,59,246299000,2.5708333333333333
2014-02-24 00:00:00 UTC,534,56,246459000,0.83986111111111117
2014-02-24 00:00:00 UTC,534,55,246459000,0.41208333333333336
2014-02-24 00:00:00 UTC,534,52,246459000,0.89111111111111119
2014-02-24 00:00:00 UTC,534,54,246459000,1.1519444444444444
2014-02-24 00:00:00 UTC,534,51,246459000,0.66833333333333322
2014-02-24 00:00:00 UTC,534,49,245019000,2.1929166666666666
2014-02-24 00:00:00 UTC,534,52,245019000,1.9476388888888889
2014-02-24 00:00:00 UTC,534,51,245019000,4.1901388888888889
2014-02-24 00:00:00 UTC,534,50,245019000,2.5654166666666667
2014-02-24 00:00:00 UTC,534,56,245562000,0.62388888888888894
2014-02-24 00:00:00 UTC,534,57,245562000,0.20625
2014-02-24 00:00:00 UTC,534,51,245562000,1.2433333333333332
2014-02-24 00:00:00 UTC,534,54,245562000,4.0906944444444449
2014-02-24 00:00:00 UTC,534,55,245562000,2.175416666666667
2014-02-24 00:00:00 UTC,534,52,245562000,1.0495833333333333
2014-02-24 00:00:00 UTC,534,53,245562000,2.5818055555555555
2014-02-24 00:00:00 UTC,534,50,245562000,1.0340277777777775
2014-02-24 00:00:00 UTC,534,50,245775000,1.6720833333333331
2014-02-24 00:00:00 UTC,534,51,245775000,0.42888888888888888
2014-02-24 00:00:00 UTC,534,54,245572000,1.6819444444444445
2014-02-24 00:00:00 UTC,534,58,245572000,1.0522222222222222
2014-02-24 00:00:00 UTC,534,55,245572000,0.42708333333333331
2014-02-24 00:00:00 UTC,534,57,245572000,0.6380555555555556
2014-02-24 00:00:00 UTC,534,53,245572000,3.4154166666666668
2014-02-24 00:00:00 UTC,534,52,245572000,3.9456944444444448
2014-02-24 00:00:00 UTC,534,51,245572000,0.61972222222222229
2014-02-24 00:00:00 UTC,534,50,245262000,1.6781944444444445
2014-02-24 00:00:00 UTC,534,51,245262000,1.9161111111111111
2014-02-24 00:00:00 UTC,534,49,245262000,2.07875
2014-02-24 00:00:00 UTC,534,52,245262000,1.9331944444444447
2014-02-24 00:00:00 UTC,534,53,245262000,2.0738888888888889
2014-02-24 00:00:00 UTC,534,54,245262000,1.5538888888888889
2014-02-24 00:00:00 UTC,534,57,244323000,0.61736111111111114
2014-02-24 00:00:00 UTC,534,56,244323000,14.843750000000002
2014-02-24 00:00:00 UTC,534,55,244323000,1.7272222222222224
2014-02-24 00:00:00 UTC,534,56,245283000,1.5384722222222222
2014-02-24 00:00:00 UTC,534,58,245283000,2.0475
2014-02-24 00:00:00 UTC,534,57,245283000,4.9870833333333344
2014-02-24 00:00:00 UTC,534,53,246189000,1.0525
2014-02-24 00:00:00 UTC,534,51,246189000,1.0430555555555554
2014-02-24 00:00:00 UTC,534,52,246189000,2.4894444444444441
2014-02-24 00:00:00 UTC,534,51,245442000,1.9187500000000002
2014-02-24 00:00:00 UTC,534,50,245442000,1.7675
2014-02-24 00:00:00 UTC,534,48,245442000,0.68611111111111112
2014-02-24 00:00:00 UTC,534,52,245442000,2.146527777777778
2014-02-24 00:00:00 UTC,534,49,245442000,0.70708333333333329
2014-02-24 00:00:00 UTC,534,50,246338000,4.3195833333333331
2014-02-24 00:00:00 UTC,534,50,245228000,1.2968055555555555
2014-02-24 00:00:00 UTC,534,52,245228000,1.2834722222222223
2014-02-24 00:00:00 UTC,534,53,245228000,0.20527777777777778
2014-02-24 00:00:00 UTC,534,51,245228000,1.5029166666666667
2014-02-24 00:00:00 UTC,534,55,246348000,0.87125
2014-02-24 00:00:00 UTC,534,56,246348000,14.251944444444444
2014-02-24 00:00:00 UTC,534,57,246348000,3.1398611111111112
2014-02-24 00:00:00 UTC,534,-36,232006630,2.3059722222222225
2014-02-24 00:00:00 UTC,534,-37,232006630,6.5776388888888881
2014-02-24 00:00:00 UTC,534,-35,232006630,0.44166666666666665
2014-02-24 00:00:00 UTC,534,-38,232006630,0.85402777777777783
2014-02-24 00:00:00 UTC,-234,-135,263570000,2.9356944444444446
2014-02-24 00:00:00 UTC,-234,-137,263570000,4.1201388888888886
2014-02-24 00:00:00 UTC,23,862,432353000,7.5111111111111111
2014-02-24 00:00:00 UTC,23,864,431700210,5.2641666666666671
2014-02-24 00:00:00 UTC,279,1218,412450062,1.7204166666666669
2014-02-24 00:00:00 UTC,279,1217,412450062,0.95430555555555552
2014-02-24 00:00:00 UTC,279,1217,412450330,5.5545833333333334
2014-02-24 00:00:00 UTC,279,1218,412450330,3.5373611111111107
2014-02-24 00:00:00 UTC,279,1217,333302318,3.528888888888889
2014-02-24 00:00:00 UTC,279,1218,333302318,0.62652777777777779
2014-02-24 00:00:00 UTC,279,1217,412449847,4.4376388888888885
2014-02-24 00:00:00 UTC,279,1217,412413255,4.9044444444444446
2014-02-24 00:00:00 UTC,279,1216,412413255,3.541666666666667
2014-02-24 00:00:00 UTC,279,1218,412413259,2.3802777777777777
2014-02-24 00:00:00 UTC,279,1217,412413259,2.6069444444444447
2014-02-24 00:00:00 UTC,279,1217,412418648,3.3991666666666669
2014-02-24 00:00:00 UTC,279,1216,412418648,1.1469444444444445
2014-02-24 00:00:00 UTC,279,1219,412413274,7.334305555555555
2014-02-24 00:00:00 UTC,279,1217,412423522,2.348611111111111
2014-02-24 00:00:00 UTC,279,1217,412416376,3.8548611111111111
2014-02-24 00:00:00 UTC,279,1216,412416376,1.3791666666666664
2014-02-24 00:00:00 UTC,279,1217,412413308,1.5005555555555556
2014-02-24 00:00:00 UTC,279,1216,412413308,0.98569444444444454
2014-02-24 00:00:00 UTC,279,1218,412413308,0.72319444444444447
2014-02-24 00:00:00 UTC,279,1217,412450462,1.3077777777777779
2014-02-24 00:00:00 UTC,279,1218,412450462,0.59541666666666671
2014-02-24 00:00:00 UTC,279,1217,412450464,2.2566666666666668
2014-02-24 00:00:00 UTC,279,1218,412450464,5.3284722222222216
2014-02-24 00:00:00 UTC,279,1217,412412135,3.8059722222222216
2014-02-24 00:00:00 UTC,279,1216,412412135,1.245138888888889
2014-02-24 00:00:00 UTC,279,1217,412410869,9.9118055555555564
2014-02-24 00:00:00 UTC,535,-57,250002435,4.9911111111111106
2014-02-24 00:00:00 UTC,535,-56,250002435,6.3222222222222211
2014-02-24 00:00:00 UTC,535,-55,250002435,0.50263888888888886
2014-02-24 00:00:00 UTC,535,-57,250000141,3.0062500000000005
2014-02-24 00:00:00 UTC,535,-55,250000141,1.5252777777777777
2014-02-24 00:00:00 UTC,535,-56,250000141,5.2809722222222222
2014-02-24 00:00:00 UTC,535,-55,250001421,4.2999999999999989
2014-02-24 00:00:00 UTC,535,-56,250001421,1.0798611111111112
2014-02-24 00:00:00 UTC,535,-58,250109460,1.9886111111111111
2014-02-24 00:00:00 UTC,535,-56,250109460,5.1905555555555551
2014-02-24 00:00:00 UTC,535,-55,250109460,5.5791666666666648
2014-02-24 00:00:00 UTC,535,-57,250109460,0.74888888888888894
2014-02-24 00:00:00 UTC,535,-56,250101800,2.8983333333333334
2014-02-24 00:00:00 UTC,535,-55,250101800,1.7862500000000001
2014-02-24 00:00:00 UTC,535,-57,250101800,5.0576388888888895
2014-02-24 00:00:00 UTC,535,55,246238000,1.111388888888889
2014-02-24 00:00:00 UTC,535,56,246238000,2.3806944444444444
2014-02-24 00:00:00 UTC,535,57,246238000,1.3565277777777778
2014-02-24 00:00:00 UTC,535,58,246238000,0.65986111111111112
2014-02-24 00:00:00 UTC,535,58,244328000,1.0926388888888887
2014-02-24 00:00:00 UTC,535,60,244328000,1.5152777777777779
2014-02-24 00:00:00 UTC,535,59,244328000,1.9027777777777779
2014-02-24 00:00:00 UTC,535,57,244328000,1.6968055555555557
2014-02-24 00:00:00 UTC,535,56,244328000,1.0551388888888888
2014-02-24 00:00:00 UTC,535,54,244328000,0.6380555555555556
2014-02-24 00:00:00 UTC,535,55,244328000,1.0416666666666665
2014-02-24 00:00:00 UTC,535,-55,250000199,3.1447222222222218
2014-02-24 00:00:00 UTC,535,-57,250000199,2.6009722222222225
2014-02-24 00:00:00 UTC,535,-56,250000199,9.27263888888889
2014-02-24 00:00:00 UTC,535,54,244157000,1.0829166666666665
2014-02-24 00:00:00 UTC,535,56,244157000,2.7327777777777782
2014-02-24 00:00:00 UTC,535,57,244157000,1.4858333333333333
2014-02-24 00:00:00 UTC,535,55,244157000,2.09375
2014-02-24 00:00:00 UTC,535,53,244157000,0.62972222222222218
2014-02-24 00:00:00 UTC,535,59,244157000,0.89402777777777775
2014-02-24 00:00:00 UTC,535,58,244157000,0.42930555555555561
2014-02-24 00:00:00 UTC,535,-55,250002764,1.1220833333333333
2014-02-24 00:00:00 UTC,535,-56,250002764,5.3170833333333345
2014-02-24 00:00:00 UTC,535,-57,250002764,5.5686111111111121
2014-02-24 00:00:00 UTC,535,61,244658000,3.69375
2014-02-24 00:00:00 UTC,535,60,244658000,2.140138888888889
2014-02-24 00:00:00 UTC,535,62,244658000,2.2545833333333336
2014-02-24 00:00:00 UTC,535,63,244658000,4.3526388888888885
2014-02-24 00:00:00 UTC,535,64,244658000,3.0283333333333333
2014-02-24 00:00:00 UTC,535,53,245863000,0.20597222222222222
2014-02-24 00:00:00 UTC,535,56,245436000,1.0556944444444445
2014-02-24 00:00:00 UTC,535,57,245436000,1.0802777777777779
2014-02-24 00:00:00 UTC,535,55,245436000,0.66847222222222213
2014-02-24 00:00:00 UTC,535,56,246492000,1.0697222222222222
2014-02-24 00:00:00 UTC,535,57,246492000,1.0254166666666666
2014-02-24 00:00:00 UTC,535,58,246492000,1.05625
2014-02-24 00:00:00 UTC,535,55,246492000,0.61375
2014-02-24 00:00:00 UTC,535,55,245660000,1.03125
2014-02-24 00:00:00 UTC,535,56,245660000,0.44666666666666666
2014-02-24 00:00:00 UTC,535,54,245660000,0.41861111111111116
2014-02-24 00:00:00 UTC,535,-55,250102900,5.63513888888889
2014-02-24 00:00:00 UTC,535,-57,250102900,2.2544444444444443
2014-02-24 00:00:00 UTC,535,-56,250102900,3.9520833333333329
2014-02-24 00:00:00 UTC,535,-58,250102900,1.1363888888888889
2014-02-24 00:00:00 UTC,535,-55,250001269,0.77083333333333326
2014-02-24 00:00:00 UTC,535,-57,250001269,1.3869444444444443
2014-02-24 00:00:00 UTC,535,-56,250001269,8.5831944444444446
2014-02-24 00:00:00 UTC,535,60,246299000,1.8054166666666664
2014-02-24 00:00:00 UTC,535,63,246299000,0.62041666666666662
2014-02-24 00:00:00 UTC,535,61,246299000,1.4018055555555555
2014-02-24 00:00:00 UTC,535,62,246299000,1.13875
2014-02-24 00:00:00 UTC,535,59,246299000,0.22569444444444442
2014-02-24 00:00:00 UTC,535,56,246459000,2.6058333333333334
2014-02-24 00:00:00 UTC,535,55,246459000,2.3159722222222223
2014-02-24 00:00:00 UTC,535,57,246459000,2.3313888888888892
2014-02-24 00:00:00 UTC,535,58,246459000,1.2255555555555555
2014-02-24 00:00:00 UTC,535,-56,250000507,4.4579166666666667
2014-02-24 00:00:00 UTC,535,-57,250000507,1.8720833333333335
2014-02-24 00:00:00 UTC,535,-55,250126460,1.7858333333333332
2014-02-24 00:00:00 UTC,535,-56,250126460,3.2618055555555556
2014-02-24 00:00:00 UTC,535,62,244965000,2.4888888888888885
2014-02-24 00:00:00 UTC,535,63,244965000,1.5318055555555556
2014-02-24 00:00:00 UTC,535,64,244965000,0.696388888888889
2014-02-24 00:00:00 UTC,535,61,244965000,0.887361111111111
2014-02-24 00:00:00 UTC,535,59,245562000,0.87236111111111114
2014-02-24 00:00:00 UTC,535,57,245562000,1.0518055555555557
2014-02-24 00:00:00 UTC,535,56,245562000,0.40902777777777777
2014-02-24 00:00:00 UTC,535,55,245562000,0.63791666666666669
2014-02-24 00:00:00 UTC,535,58,245562000,1.3297222222222222
2014-02-24 00:00:00 UTC,535,55,245572000,0.63555555555555554
2014-02-24 00:00:00 UTC,535,56,245572000,1.064861111111111
2014-02-24 00:00:00 UTC,535,57,245572000,0.21027777777777779
2014-02-24 00:00:00 UTC,535,59,245572000,1.28375
2014-02-24 00:00:00 UTC,535,-57,250000546,1.8587500000000001
2014-02-24 00:00:00 UTC,535,-55,250000546,6.7458333333333327
2014-02-24 00:00:00 UTC,535,-56,250000546,9.3965277777777754
2014-02-24 00:00:00 UTC,535,56,245283000,3.4180555555555561
2014-02-24 00:00:00 UTC,535,57,245283000,1.5108333333333333
2014-02-24 00:00:00 UTC,535,55,245283000,2.5938888888888885
2014-02-24 00:00:00 UTC,535,-55,250000594,7.9443055555555562
2014-02-24 00:00:00 UTC,535,-57,250000594,1.889027777777778
2014-02-24 00:00:00 UTC,535,-56,250000594,2.890138888888889
2014-02-24 00:00:00 UTC,535,61,211415000,0.21555555555555556
2014-02-24 00:00:00 UTC,535,62,211415000,1.15375
2014-02-24 00:00:00 UTC,535,63,211415000,1.0622222222222222
2014-02-24 00:00:00 UTC,535,55,245228000,1.1029166666666668
2014-02-24 00:00:00 UTC,535,54,245228000,1.0338888888888889
2014-02-24 00:00:00 UTC,535,53,245228000,0.64097222222222228
2014-02-24 00:00:00 UTC,535,56,245228000,0.84166666666666656
2014-02-24 00:00:00 UTC,535,-57,250002427,3.9595833333333332
2014-02-24 00:00:00 UTC,535,-55,250002427,3.7152777777777772
2014-02-24 00:00:00 UTC,535,-56,250002427,5.2748611111111119
2014-02-24 00:00:00 UTC,535,-56,250000895,4.7241666666666671
2014-02-24 00:00:00 UTC,535,-55,250000895,2.1776388888888891
2014-02-24 00:00:00 UTC,535,-57,250000895,3.3209722222222222
2014-02-24 00:00:00 UTC,-489,-545,441868000,5.6470833333333328
2014-02-24 00:00:00 UTC,-233,-208,224016000,3.9681944444444448
2014-02-24 00:00:00 UTC,-233,-210,224016000,1.2405555555555556
2014-02-24 00:00:00 UTC,-233,-64,224438000,4.1847222222222227
2014-02-24 00:00:00 UTC,24,-1506,441043000,1.9290277777777778
2014-02-24 00:00:00 UTC,24,-1505,441043000,1.78875
2014-02-24 00:00:00 UTC,24,-1508,441043000,1.8788888888888888
2014-02-24 00:00:00 UTC,24,-1504,441043000,1.4256944444444444
2014-02-24 00:00:00 UTC,24,-1507,441043000,3.47125
2014-02-24 00:00:00 UTC,24,1712,440846000,4.5594444444444449
2014-02-24 00:00:00 UTC,24,864,431700210,0.95013888888888887
2014-02-24 00:00:00 UTC,280,1219,412450311,1.335
2014-02-24 00:00:00 UTC,280,1217,333302318,1.3919444444444444
2014-02-24 00:00:00 UTC,280,1218,412449849,2.08375
2014-02-24 00:00:00 UTC,280,1219,412449849,3.149861111111111
2014-02-24 00:00:00 UTC,280,1217,412413259,1.8043055555555558
2014-02-24 00:00:00 UTC,280,1220,230024295,4.5533333333333328
2014-02-24 00:00:00 UTC,280,1219,230024295,1.6677777777777774
2014-02-24 00:00:00 UTC,280,1217,412413308,2.5190277777777776
2014-02-24 00:00:00 UTC,280,1218,412413308,0.48708333333333337
2014-02-24 00:00:00 UTC,280,1219,412450471,4.1509722222222223
2014-02-24 00:00:00 UTC,280,1217,412416433,2.0258333333333334
2014-02-24 00:00:00 UTC,280,1218,412416433,5.8529166666666663
2014-02-24 00:00:00 UTC,280,1220,423445444,3.8801388888888888
2014-02-24 00:00:00 UTC,280,1219,423445444,2.6838888888888892
2014-02-24 00:00:00 UTC,280,1217,412412135,0.76097222222222227
2014-02-24 00:00:00 UTC,280,1216,412412135,0.4786111111111111
2014-02-24 00:00:00 UTC,280,1219,412415484,2.431111111111111
2014-02-24 00:00:00 UTC,280,1220,412415484,3.1575
2014-02-24 00:00:00 UTC,536,-57,250002435,1.6363888888888887
2014-02-24 00:00:00 UTC,536,-56,250002435,4.838055555555556
2014-02-24 00:00:00 UTC,536,-55,250002435,3.7623611111111117
2014-02-24 00:00:00 UTC,536,-56,250000141,3.5084722222222222
2014-02-24 00:00:00 UTC,536,-55,250000141,7.8193055555555544
2014-02-24 00:00:00 UTC,536,-55,250001421,8.3330555555555552
2014-02-24 00:00:00 UTC,536,-54,250001421,3.0920833333333335
2014-02-24 00:00:00 UTC,536,-55,250109460,0.87111111111111117
2014-02-24 00:00:00 UTC,536,-55,235061018,1.1456944444444443
2014-02-24 00:00:00 UTC,536,-56,250101800,4.4227777777777773
2014-02-24 00:00:00 UTC,536,-55,250101800,4.603194444444445
2014-02-24 00:00:00 UTC,536,-57,250101800,3.5087500000000009
2014-02-24 00:00:00 UTC,536,58,244328000,1.0415277777777778
2014-02-24 00:00:00 UTC,536,57,244328000,0.64680555555555552
2014-02-24 00:00:00 UTC,536,59,244328000,1.0506944444444444
2014-02-24 00:00:00 UTC,536,60,244328000,1.0793055555555555
2014-02-24 00:00:00 UTC,536,-57,250000199,0.21916666666666668
2014-02-24 00:00:00 UTC,536,-56,250000199,1.2894444444444444
2014-02-24 00:00:00 UTC,536,-55,250000199,7.235277777777779
2014-02-24 00:00:00 UTC,536,-57,250002764,2.5284722222222218
2014-02-24 00:00:00 UTC,536,-55,250002764,3.6023611111111111
2014-02-24 00:00:00 UTC,536,-56,250002764,4.8820833333333349
2014-02-24 00:00:00 UTC,536,35,211793000,6.1002777777777775
2014-02-24 00:00:00 UTC,536,-55,250102900,9.7652777777777775
2014-02-24 00:00:00 UTC,536,-56,250102900,1.1219444444444444
2014-02-24 00:00:00 UTC,536,-56,250001269,11.364444444444443
2014-02-24 00:00:00 UTC,536,-55,250001269,1.8902777777777777
2014-02-24 00:00:00 UTC,536,-56,250000507,10.386805555555556
2014-02-24 00:00:00 UTC,536,-57,250000507,1.1870833333333333
2014-02-24 00:00:00 UTC,536,-55,250126460,13.423472222222223
2014-02-24 00:00:00 UTC,536,-56,250126460,2.0522222222222224
2014-02-24 00:00:00 UTC,536,64,244965000,0.42319444444444443
2014-02-24 00:00:00 UTC,536,65,244965000,1.2301388888888891
2014-02-24 00:00:00 UTC,536,-55,250000546,5.9376388888888885
2014-02-24 00:00:00 UTC,536,81,218094000,8.156944444444445
2014-02-24 00:00:00 UTC,536,-56,250000594,0.52833333333333332
2014-02-24 00:00:00 UTC,536,-57,250000594,3.2913888888888896
2014-02-24 00:00:00 UTC,536,-54,250000594,1.4752777777777779
2014-02-24 00:00:00 UTC,536,-55,250000594,5.5920833333333348
2014-02-24 00:00:00 UTC,536,60,211415000,1.2563888888888888
2014-02-24 00:00:00 UTC,536,61,211415000,1.293611111111111
2014-02-24 00:00:00 UTC,536,57,211415000,0.43111111111111111
2014-02-24 00:00:00 UTC,536,62,211415000,1.0977777777777775
2014-02-24 00:00:00 UTC,536,59,211415000,1.2490277777777776
2014-02-24 00:00:00 UTC,536,63,211415000,0.934861111111111
2014-02-24 00:00:00 UTC,536,58,211415000,2.3238888888888889
2014-02-24 00:00:00 UTC,536,-55,250002427,7.1529166666666679
2014-02-24 00:00:00 UTC,536,-56,250002427,2.7298611111111111
2014-02-24 00:00:00 UTC,536,-57,250002427,0.46666666666666667
2014-02-24 00:00:00 UTC,536,-57,250000895,1.9276388888888887
2014-02-24 00:00:00 UTC,536,-55,250000895,3.3593055555555558
2014-02-24 00:00:00 UTC,-488,-547,441868000,1.6055555555555556
2014-02-24 00:00:00 UTC,-232,558,660000300,0.6511111111111112
2014-02-24 00:00:00 UTC,-232,-136,263570000,2.0518055555555557
2014-02-24 00:00:00 UTC,-232,-135,263570000,1.7554166666666666
2014-02-24 00:00:00 UTC,-232,-208,224016000,4.1583333333333332
2014-02-24 00:00:00 UTC,-232,-210,224016000,1.24625
2014-02-24 00:00:00 UTC,-232,-69,224049630,4.966388888888889
2014-02-24 00:00:00 UTC,-232,-67,224438000,4.0234722222222228
2014-02-24 00:00:00 UTC,-232,-65,224438000,1.0166666666666666
2014-02-24 00:00:00 UTC,-232,-64,224438000,1.02125
2014-02-24 00:00:00 UTC,25,-1504,441043000,2.2441666666666666
2014-02-24 00:00:00 UTC,25,1719,440846000,1.8209722222222222
2014-02-24 00:00:00 UTC,25,1714,440846000,3.1573611111111113
2014-02-24 00:00:00 UTC,25,1716,440846000,1.8295833333333333
2014-02-24 00:00:00 UTC,25,1717,440846000,1.4318055555555556
2014-02-24 00:00:00 UTC,25,1718,440846000,1.7625000000000002
2014-02-24 00:00:00 UTC,25,1711,440941000,2.7068055555555555
2014-02-24 00:00:00 UTC,25,1711,416242900,3.2251388888888886
2014-02-24 00:00:00 UTC,25,1712,416242900,5.0354166666666673
2014-02-24 00:00:00 UTC,25,864,431700210,1.5911111111111111
2014-02-24 00:00:00 UTC,281,1219,412450311,2.9620833333333332
2014-02-24 00:00:00 UTC,281,1220,214321432,8.5466666666666669
2014-02-24 00:00:00 UTC,281,1220,412449579,2.798194444444444
2014-02-24 00:00:00 UTC,281,1221,412449579,2.0968055555555556
2014-02-24 00:00:00 UTC,281,1219,412449847,10.446111111111112
2014-02-24 00:00:00 UTC,281,1218,412449849,5.5
2014-02-24 00:00:00 UTC,281,1219,412449849,0.77527777777777773
2014-02-24 00:00:00 UTC,281,1218,412917056,0.97972222222222216
2014-02-24 00:00:00 UTC,281,1219,412917056,6.6295833333333327
2014-02-24 00:00:00 UTC,281,1220,412412481,8.9519444444444431
2014-02-24 00:00:00 UTC,281,1218,412448835,0.77861111111111114
2014-02-24 00:00:00 UTC,281,1219,412448835,3.0709722222222227
2014-02-24 00:00:00 UTC,281,1217,412308822,3.8763888888888882
2014-02-24 00:00:00 UTC,281,1220,412418397,15.766666666666666
2014-02-24 00:00:00 UTC,281,1220,412416867,6.1731944444444435
2014-02-24 00:00:00 UTC,281,1219,200004454,11.431249999999999
2014-02-24 00:00:00 UTC,281,1219,230024295,13.239166666666664
2014-02-24 00:00:00 UTC,281,1217,412353388,2.3044444444444445
2014-02-24 00:00:00 UTC,281,1218,412450158,1.3823611111111109
2014-02-24 00:00:00 UTC,281,1219,412450158,4.7572222222222225
2014-02-24 00:00:00 UTC,281,1219,412413296,10.015416666666667
2014-02-24 00:00:00 UTC,281,1221,412419704,4.0804166666666664
2014-02-24 00:00:00 UTC,281,1217,312356998,4.668333333333333
2014-02-24 00:00:00 UTC,281,1210,900017287,0.62513888888888891
2014-02-24 00:00:00 UTC,281,1219,412436113,5.7427777777777775
2014-02-24 00:00:00 UTC,281,1220,412436113,10.11375
2014-02-24 00:00:00 UTC,281,1220,412435868,10.672638888888891
2014-02-24 00:00:00 UTC,281,1219,412435868,2.0411111111111113
2014-02-24 00:00:00 UTC,281,1219,412450471,4.08375
2014-02-24 00:00:00 UTC,281,1220,412413869,13.090833333333334
2014-02-24 00:00:00 UTC,281,1219,412413361,4.4429166666666662
2014-02-24 00:00:00 UTC,281,1220,412419258,16.928194444444447
2014-02-24 00:00:00 UTC,281,1219,423445444,12.508194444444447
2014-02-24 00:00:00 UTC,281,1218,410256852,0.77930555555555547
2014-02-24 00:00:00 UTC,281,1219,413004506,7.6540277777777783
2014-02-24 00:00:00 UTC,281,1219,413574117,1.5830555555555559
2014-02-24 00:00:00 UTC,281,1220,413574117,16.356111111111108
2014-02-24 00:00:00 UTC,281,1218,412410601,1.9919444444444445
2014-02-24 00:00:00 UTC,281,1220,412412662,9.1590277777777764
2014-02-24 00:00:00 UTC,281,1219,412415484,12.61638888888889
2014-02-24 00:00:00 UTC,537,-55,250002435,0.31930555555555551
2014-02-24 00:00:00 UTC,537,-56,250002435,0.21375
2014-02-24 00:00:00 UTC,537,-56,250000141,0.34902777777777777
2014-02-24 00:00:00 UTC,537,-55,250000141,0.35916666666666663
2014-02-24 00:00:00 UTC,537,-55,250001421,0.92222222222222228
2014-02-24 00:00:00 UTC,537,-54,250001421,4.2222222222222223
2014-02-24 00:00:00 UTC,537,-54,235061018,0.47361111111111109
2014-02-24 00:00:00 UTC,537,-55,235061018,7.748333333333334
2014-02-24 00:00:00 UTC,537,-56,250101800,0.50972222222222219
2014-02-24 00:00:00 UTC,537,-55,250101800,1.189861111111111
2014-02-24 00:00:00 UTC,537,-56,250002764,0.20875
2014-02-24 00:00:00 UTC,537,-57,250002764,0.51486111111111121
2014-02-24 00:00:00 UTC,537,2,233308000,22.583888888888886
2014-02-24 00:00:00 UTC,537,1,233308000,1.3995833333333332
2014-02-24 00:00:00 UTC,537,-56,250000507,1.345
2014-02-24 00:00:00 UTC,537,-55,250126460,3.4606944444444441
2014-02-24 00:00:00 UTC,537,66,244965000,1.7366666666666668
2014-02-24 00:00:00 UTC,537,65,244965000,2.5625
2014-02-24 00:00:00 UTC,537,67,244965000,0.64930555555555558
2014-02-24 00:00:00 UTC,-487,-550,441868000,5.3731944444444446
2014-02-24 00:00:00 UTC,-487,-549,441868000,2.1525
2014-02-24 00:00:00 UTC,-231,558,660000300,5.7184722222222231
2014-02-24 00:00:00 UTC,-231,-211,224016000,3.0430555555555552
2014-02-24 00:00:00 UTC,-231,-210,224016000,0.81083333333333329
2014-02-24 00:00:00 UTC,-231,-70,224049630,1.1724999999999999
2014-02-24 00:00:00 UTC,-231,-219,224609000,11.848611111111111
2014-02-24 00:00:00 UTC,-231,-63,224438000,0.41166666666666663
2014-02-24 00:00:00 UTC,-231,-64,224438000,0.79319444444444442
2014-02-24 00:00:00 UTC,-231,-65,224438000,1.4231944444444444
2014-02-24 00:00:00 UTC,26,-1503,441043000,1.8069444444444445
2014-02-24 00:00:00 UTC,26,-1502,441043000,1.837361111111111
2014-02-24 00:00:00 UTC,26,1794,440239000,4.445
2014-02-24 00:00:00 UTC,26,1790,440239000,1.2904166666666668
2014-02-24 00:00:00 UTC,26,1793,440239000,1.800138888888889
2014-02-24 00:00:00 UTC,26,1791,440239000,2.6943055555555557
2014-02-24 00:00:00 UTC,26,1712,440941000,4.5583333333333336
2014-02-24 00:00:00 UTC,26,1713,440941000,2.0472222222222221
2014-02-24 00:00:00 UTC,26,1715,440941000,1.3208333333333333
2014-02-24 00:00:00 UTC,26,1716,440941000,1.8347222222222221
2014-02-24 00:00:00 UTC,26,1717,440941000,1.8581944444444445
2014-02-24 00:00:00 UTC,26,1714,440941000,2.1016666666666666
2014-02-24 00:00:00 UTC,26,1711,416242900,0.93277777777777782
2014-02-24 00:00:00 UTC,26,865,431700210,4.4002777777777773
2014-02-24 00:00:00 UTC,282,1220,214321432,14.682777777777778
2014-02-24 00:00:00 UTC,282,1220,412449579,1.9034722222222222
2014-02-24 00:00:00 UTC,282,1220,413002288,14.630833333333332
2014-02-24 00:00:00 UTC,282,1219,412449849,9.77513888888889
2014-02-24 00:00:00 UTC,282,1220,412412481,14.300277777777778
2014-02-24 00:00:00 UTC,282,1216,412308822,2.5208333333333339
2014-02-24 00:00:00 UTC,282,1215,200001631,2.8820833333333331
2014-02-24 00:00:00 UTC,282,1220,412423522,2.1820833333333334
2014-02-24 00:00:00 UTC,282,1219,200004454,1.7504166666666665
2014-02-24 00:00:00 UTC,282,1219,412450158,0.5756944444444444
2014-02-24 00:00:00 UTC,282,1219,412413296,11.763194444444448
2014-02-24 00:00:00 UTC,282,1221,412419704,9.7802777777777781
2014-02-24 00:00:00 UTC,282,1220,412436113,6.8879166666666665
2014-02-24 00:00:00 UTC,282,1219,412411030,7.1976388888888891
2014-02-24 00:00:00 UTC,282,1218,412411030,6.3743055555555541
2014-02-24 00:00:00 UTC,282,1220,412435868,6.4669444444444446
2014-02-24 00:00:00 UTC,282,1219,412450471,8.0609722222222224
2014-02-24 00:00:00 UTC,282,1220,412413869,12.925138888888888
2014-02-24 00:00:00 UTC,282,1219,412413361,16.087361111111107
2014-02-24 00:00:00 UTC,282,1218,410256852,5.0793055555555551
2014-02-24 00:00:00 UTC,282,1219,410256852,1.1879166666666667
2014-02-24 00:00:00 UTC,282,1219,413004506,12.935277777777777
2014-02-24 00:00:00 UTC,282,1220,413574117,6.5866666666666669
2014-02-24 00:00:00 UTC,282,1218,412410601,6.1327777777777772
2014-02-24 00:00:00 UTC,282,1218,412410602,1.2252777777777779
2014-02-24 00:00:00 UTC,282,1218,412543211,3.7240277777777777
2014-02-24 00:00:00 UTC,282,1220,412412662,14.498472222222222
2014-02-24 00:00:00 UTC,282,1220,412431102,0.78972222222222221
2014-02-24 00:00:00 UTC,538,-54,235014666,0.24833333333333332
2014-02-24 00:00:00 UTC,538,-55,235014666,3.3255555555555554
2014-02-24 00:00:00 UTC,538,82,211626000,1.1368055555555556
2014-02-24 00:00:00 UTC,538,81,211626000,2.0976388888888891
2014-02-24 00:00:00 UTC,538,-1335,316003349,1.6111111111111112
2014-02-24 00:00:00 UTC,538,-1336,316003349,11.725972222222222
2014-02-24 00:00:00 UTC,538,-54,235061018,5.35375
2014-02-24 00:00:00 UTC,538,-53,235061018,1.6188888888888888
2014-02-24 00:00:00 UTC,538,-55,235061018,3.9098611111111117
2014-02-24 00:00:00 UTC,538,82,211438440,1.1180555555555556
2014-02-24 00:00:00 UTC,538,84,211438440,0.46666666666666662
2014-02-24 00:00:00 UTC,538,83,211438440,8.2236111111111132
2014-02-24 00:00:00 UTC,538,-61,235005319,0.23138888888888889
2014-02-24 00:00:00 UTC,538,-62,235005319,6.6211111111111114
2014-02-24 00:00:00 UTC,-486,-552,441868000,5.587361111111111
2014-02-24 00:00:00 UTC,-486,-551,441868000,3.1359722222222217
2014-02-24 00:00:00 UTC,-230,-214,224016000,1.1934722222222223
2014-02-24 00:00:00 UTC,-230,-213,224016000,3.0176388888888885
2014-02-24 00:00:00 UTC,-230,663,416000464,6.4756944444444446
2014-02-24 00:00:00 UTC,-230,-70,224049630,5.8794444444444434
2014-02-24 00:00:00 UTC,-230,-65,224438000,1.8055555555555556
2014-02-24 00:00:00 UTC,-230,-68,224438000,2.0025
2014-02-24 00:00:00 UTC,27,-1510,441043000,0.76944444444444438
2014-02-24 00:00:00 UTC,27,-1507,441043000,0.89430555555555558
2014-02-24 00:00:00 UTC,27,-1511,441043000,1.3722222222222222
2014-02-24 00:00:00 UTC,27,-1508,441043000,0.85430555555555565
2014-02-24 00:00:00 UTC,27,-1501,441043000,1.7643055555555556
2014-02-24 00:00:00 UTC,27,-1505,441043000,1.6193055555555556
2014-02-24 00:00:00 UTC,27,1788,440239000,5.3569444444444443
2014-02-24 00:00:00 UTC,27,1790,440239000,2.3833333333333333
2014-02-24 00:00:00 UTC,27,1789,440239000,4.6530555555555555
2014-02-24 00:00:00 UTC,27,1718,440941000,2.3659722222222221
2014-02-24 00:00:00 UTC,283,1219,412411030,11.309861111111111
2014-02-24 00:00:00 UTC,283,1218,412410568,5.8637500000000014
2014-02-24 00:00:00 UTC,283,1219,412410568,0.93291666666666662
2014-02-24 00:00:00 UTC,283,1219,410256852,14.109861111111108
2014-02-24 00:00:00 UTC,283,1218,410256852,0.34125
2014-02-24 00:00:00 UTC,283,1218,412410601,0.45430555555555552
2014-02-24 00:00:00 UTC,283,1220,412410601,7.2497222222222222
2014-02-24 00:00:00 UTC,283,1219,412410601,5.6270833333333341
2014-02-24 00:00:00 UTC,283,1219,412410602,3.6983333333333341
2014-02-24 00:00:00 UTC,283,1218,412410602,2.1275
2014-02-24 00:00:00 UTC,283,1220,412410602,2.1511111111111112
2014-02-24 00:00:00 UTC,283,1220,412543211,0.570138888888889
2014-02-24 00:00:00 UTC,283,1219,412543211,20.143888888888888
2014-02-24 00:00:00 UTC,283,1217,412418544,0.51555555555555554
2014-02-24 00:00:00 UTC,283,1220,412431102,0.9080555555555555
2014-02-24 00:00:00 UTC,283,1221,412431102,3.4859722222222222
2014-02-24 00:00:00 UTC,539,-56,235014666,3.1020833333333329
2014-02-24 00:00:00 UTC,539,-58,235014666,0.42583333333333334
2014-02-24 00:00:00 UTC,539,-57,235014666,1.6643055555555557
2014-02-24 00:00:00 UTC,539,79,211626000,1.5734722222222224
2014-02-24 00:00:00 UTC,539,80,211626000,1.2638888888888888
2014-02-24 00:00:00 UTC,539,-1335,316003349,2.9419444444444447
2014-02-24 00:00:00 UTC,539,-1336,316003349,4.1965277777777779
2014-02-24 00:00:00 UTC,539,-1334,316003349,1.3254166666666667
2014-02-24 00:00:00 UTC,539,-53,235061018,3.7304166666666658
2014-02-24 00:00:00 UTC,539,81,211438440,0.68972222222222224
2014-02-24 00:00:00 UTC,539,82,211438440,6.4765277777777763
2014-02-24 00:00:00 UTC,539,-57,235004129,2.2373611111111109
2014-02-24 00:00:00 UTC,539,-56,235004129,1.235138888888889
2014-02-24 00:00:00 UTC,539,46,245771000,1.0441666666666667
2014-02-24 00:00:00 UTC,539,47,245771000,0.46388888888888891
2014-02-24 00:00:00 UTC,539,45,245771000,0.62569444444444444
2014-02-24 00:00:00 UTC,539,-56,235083263,0.89597222222222228
2014-02-24 00:00:00 UTC,539,-57,235083263,2.7623611111111108
2014-02-24 00:00:00 UTC,-229,-228,224913000,1.5958333333333334
2014-02-24 00:00:00 UTC,-229,-214,224016000,1.7305555555555556
2014-02-24 00:00:00 UTC,-229,663,416000464,7.0544444444444441
2014-02-24 00:00:00 UTC,-229,662,416000464,10.099166666666667
2014-02-24 00:00:00 UTC,-229,-71,224049630,2.7977777777777781
2014-02-24 00:00:00 UTC,-229,-70,224049630,3.0024999999999995
2014-02-24 00:00:00 UTC,-229,-66,224438000,2.1497222222222221
2014-02-24 00:00:00 UTC,28,-1417,440788000,1.2345833333333334
2014-02-24 00:00:00 UTC,28,-1418,440788000,2.0181944444444442
2014-02-24 00:00:00 UTC,28,-1420,440788000,1.3025
2014-02-24 00:00:00 UTC,28,-1419,440788000,0.86930555555555555
2014-02-24 00:00:00 UTC,28,-1417,440782000,2.0872222222222221
2014-02-24 00:00:00 UTC,28,-1418,440782000,2.0881944444444445
2014-02-24 00:00:00 UTC,28,-1422,440782000,3.6345833333333335
2014-02-24 00:00:00 UTC,28,-1419,440782000,1.7555555555555555
2014-02-24 00:00:00 UTC,28,-1415,440782000,3.6229166666666663
2014-02-24 00:00:00 UTC,28,-1416,440782000,1.8198611111111114
2014-02-24 00:00:00 UTC,28,-1421,440782000,4.5156944444444438
2014-02-24 00:00:00 UTC,28,-1420,440782000,1.2966666666666666
2014-02-24 00:00:00 UTC,28,864,432353000,4.5611111111111109
2014-02-24 00:00:00 UTC,28,865,431700210,1.8018055555555557
2014-02-24 00:00:00 UTC,284,-175,224113720,1.8484722222222223
2014-02-24 00:00:00 UTC,284,-176,224113720,1.5975000000000001
2014-02-24 00:00:00 UTC,284,1218,412410568,0.82041666666666668
2014-02-24 00:00:00 UTC,284,1221,412431102,3.596111111111111
2014-02-24 00:00:00 UTC,540,1554,273822210,9.9736111111111114
2014-02-24 00:00:00 UTC,540,-58,235014666,0.24638888888888888
2014-02-24 00:00:00 UTC,540,-1335,316003349,1.4718055555555556
2014-02-24 00:00:00 UTC,540,-38,235002718,6.3119444444444444
2014-02-24 00:00:00 UTC,540,1540,273825210,14.779305555555554
2014-02-24 00:00:00 UTC,540,-56,235004129,4.1093055555555562
2014-02-24 00:00:00 UTC,540,-55,235004129,0.4818055555555556
2014-02-24 00:00:00 UTC,540,-57,235004129,0.64027777777777772
2014-02-24 00:00:00 UTC,540,46,245771000,6.0381944444444446
2014-02-24 00:00:00 UTC,540,-57,235083263,1.9444444444444446
2014-02-24 00:00:00 UTC,540,-56,235083263,1.2330555555555558
2014-02-24 00:00:00 UTC,-228,1645,540003400,3.5634722222222219
2014-02-24 00:00:00 UTC,-228,1648,540003400,0.68625
2014-02-24 00:00:00 UTC,-228,1649,540003400,1.7206944444444445
2014-02-24 00:00:00 UTC,-228,1647,540003400,3.26375
2014-02-24 00:00:00 UTC,-228,1644,540003400,3.4109722222222221
2014-02-24 00:00:00 UTC,-228,1646,540003400,1.8315277777777776
2014-02-24 00:00:00 UTC,-228,1650,540003400,4.7981944444444444
2014-02-24 00:00:00 UTC,-228,-223,224913000,5.968055555555555
2014-02-24 00:00:00 UTC,-228,-222,224913000,4.92111111111111
2014-02-24 00:00:00 UTC,-228,-70,224049630,4.7259722222222216
2014-02-24 00:00:00 UTC,-228,-69,224438000,2.070555555555555
2014-02-24 00:00:00 UTC,29,-1413,440788000,1.8709722222222223
2014-02-24 00:00:00 UTC,29,-1422,440788000,3.7030555555555553
2014-02-24 00:00:00 UTC,29,-1417,440788000,0.6398611111111111
2014-02-24 00:00:00 UTC,29,-1419,440788000,0.84986111111111107
2014-02-24 00:00:00 UTC,29,-1414,440788000,1.75
2014-02-24 00:00:00 UTC,29,-1415,440788000,1.7915277777777778
2014-02-24 00:00:00 UTC,29,-1421,440788000,5.5419444444444448
2014-02-24 00:00:00 UTC,29,-1416,440788000,3.4315277777777782
2014-02-24 00:00:00 UTC,29,-1418,440788000,0.63138888888888889
2014-02-24 00:00:00 UTC,29,-1511,441043000,1.8784722222222223
2014-02-24 00:00:00 UTC,29,-1524,440858000,0.95319444444444446
2014-02-24 00:00:00 UTC,29,-1526,440858000,0.97125000000000006
2014-02-24 00:00:00 UTC,29,-1527,440858000,0.93763888888888891
2014-02-24 00:00:00 UTC,29,-1418,440782000,0.32958333333333334
2014-02-24 00:00:00 UTC,29,-1414,440782000,1.8222222222222222
2014-02-24 00:00:00 UTC,29,-1420,440782000,1.01125
2014-02-24 00:00:00 UTC,29,-1413,440782000,1.5827777777777778
2014-02-24 00:00:00 UTC,29,864,432353000,4.2208333333333332
2014-02-24 00:00:00 UTC,29,866,431700210,1.8361111111111112
2014-02-24 00:00:00 UTC,285,-185,224120840,6.5415277777777776
2014-02-24 00:00:00 UTC,285,-186,224120840,1.2555555555555555
2014-02-24 00:00:00 UTC,285,1216,412204043,3.2109722222222219
2014-02-24 00:00:00 UTC,285,-173,224113720,7.7172222222222224
2014-02-24 00:00:00 UTC,285,1220,412413006,13.371944444444445
2014-02-24 00:00:00 UTC,285,1223,413456788,1.9070833333333332
2014-02-24 00:00:00 UTC,541,-54,235020549,1.4777777777777779
2014-02-24 00:00:00 UTC,541,-55,235020549,1.3125
2014-02-24 00:00:00 UTC,541,-54,235003653,1.5904166666666666
2014-02-24 00:00:00 UTC,541,-55,235003653,0.48208333333333336
2014-02-24 00:00:00 UTC,541,-55,235030823,1.9890277777777778
2014-02-24 00:00:00 UTC,541,-56,235030823,3.3937500000000003
2014-02-24 00:00:00 UTC,541,-44,235081001,4.7247222222222227
2014-02-24 00:00:00 UTC,541,-56,235003224,1.0123611111111113
2014-02-24 00:00:00 UTC,541,-55,235003224,0.48958333333333337
2014-02-24 00:00:00 UTC,541,-38,235002718,0.6497222222222222
2014-02-24 00:00:00 UTC,541,113,211312240,1.3761111111111113
2014-02-24 00:00:00 UTC,541,-54,235002743,2.0165277777777777
2014-02-24 00:00:00 UTC,541,-55,235002743,2.2318055555555554
2014-02-24 00:00:00 UTC,541,-54,235007359,2.0247222222222221
2014-02-24 00:00:00 UTC,541,-55,235007359,0.4425
2014-02-24 00:00:00 UTC,541,-55,235020423,2.0256944444444445
2014-02-24 00:00:00 UTC,541,-54,235020423,0.34291666666666665
2014-02-24 00:00:00 UTC,541,-54,235003783,1.3475
2014-02-24 00:00:00 UTC,541,-55,235003783,1.1094444444444445
2014-02-24 00:00:00 UTC,541,-55,235005859,2.7454166666666673
2014-02-24 00:00:00 UTC,541,-54,235005859,1.1070833333333332
2014-02-24 00:00:00 UTC,541,-55,235008172,0.24180555555555555
2014-02-24 00:00:00 UTC,541,-54,235008172,1.7062499999999998
2014-02-24 00:00:00 UTC,541,1539,273825210,3.1126388888888887
2014-02-24 00:00:00 UTC,541,1540,273825210,5.5847222222222221
2014-02-24 00:00:00 UTC,541,-54,235003327,1.4413888888888891
2014-02-24 00:00:00 UTC,541,-55,235003327,2.9634722222222223
2014-02-24 00:00:00 UTC,541,-56,235082945,0.21222222222222223
2014-02-24 00:00:00 UTC,541,-55,235082945,1.5262499999999999
2014-02-24 00:00:00 UTC,541,-56,235004129,0.22652777777777777
2014-02-24 00:00:00 UTC,541,-55,235004129,1.3601388888888888
2014-02-24 00:00:00 UTC,541,-56,235003625,2.2449999999999997
2014-02-24 00:00:00 UTC,541,-56,235083263,1.2573611111111112
2014-02-24 00:00:00 UTC,-227,1647,540003400,3.1849999999999996
2014-02-24 00:00:00 UTC,-227,1646,540003400,2.5363888888888888
2014-02-24 00:00:00 UTC,-227,-67,224438000,2.0411111111111109
2014-02-24 00:00:00 UTC,30,-1737,440522000,0.88055555555555554
2014-02-24 00:00:00 UTC,30,-1738,440522000,1.0568055555555556
2014-02-24 00:00:00 UTC,30,627,412695690,5.9779166666666672
2014-02-24 00:00:00 UTC,30,-1522,440858000,0.8651388888888889
2014-02-24 00:00:00 UTC,30,-1524,440858000,0.84722222222222221
2014-02-24 00:00:00 UTC,30,-1521,440858000,0.35152777777777777
2014-02-24 00:00:00 UTC,286,1221,412433206,0.46638888888888891
2014-02-24 00:00:00 UTC,286,1228,412419704,9.8030555555555559
2014-02-24 00:00:00 UTC,286,1221,412456338,5.3022222222222224
2014-02-24 00:00:00 UTC,286,1223,412456338,12.934583333333334
2014-02-24 00:00:00 UTC,542,-53,235020549,1.0802777777777777
2014-02-24 00:00:00 UTC,542,-54,235020549,3.8277777777777779
2014-02-24 00:00:00 UTC,542,-53,235003653,2.0391666666666666
2014-02-24 00:00:00 UTC,542,-55,235003653,0.4775
2014-02-24 00:00:00 UTC,542,-54,235003653,3.0306944444444444
2014-02-24 00:00:00 UTC,542,118,218367000,0.44375
2014-02-24 00:00:00 UTC,542,115,218367000,1.3125
2014-02-24 00:00:00 UTC,542,116,218367000,3.9840277777777784
2014-02-24 00:00:00 UTC,542,117,218367000,2.5815277777777781
2014-02-24 00:00:00 UTC,542,-55,235030823,1.3286111111111112
2014-02-24 00:00:00 UTC,542,-56,235030823,0.27083333333333337
2014-02-24 00:00:00 UTC,542,-44,235081001,0.96638888888888874
2014-02-24 00:00:00 UTC,542,-55,235003224,0.71472222222222226
2014-02-24 00:00:00 UTC,542,116,211312240,2.5626388888888885
2014-02-24 00:00:00 UTC,542,114,211312240,1.8183333333333329
2014-02-24 00:00:00 UTC,542,113,211312240,0.54875
2014-02-24 00:00:00 UTC,542,84,244038000,0.716388888888889
2014-02-24 00:00:00 UTC,542,83,244038000,0.70166666666666666
2014-02-24 00:00:00 UTC,542,-54,235002743,5.91625
2014-02-24 00:00:00 UTC,542,-53,235007359,0.66430555555555559
2014-02-24 00:00:00 UTC,542,-54,235007359,4.7272222222222231
2014-02-24 00:00:00 UTC,542,-54,235020423,5.0402777777777787
2014-02-24 00:00:00 UTC,542,-54,235003783,5.3562499999999993
2014-02-24 00:00:00 UTC,542,85,211290000,5.09986111111111
2014-02-24 00:00:00 UTC,542,84,211290000,8.1413888888888888
2014-02-24 00:00:00 UTC,542,83,211290000,1.5618055555555557
2014-02-24 00:00:00 UTC,542,118,211271330,0.83111111111111113
2014-02-24 00:00:00 UTC,542,114,211271330,0.77541666666666664
2014-02-24 00:00:00 UTC,542,116,211271330,16.403194444444441
2014-02-24 00:00:00 UTC,542,117,211271330,6.0227777777777787
2014-02-24 00:00:00 UTC,542,115,211271330,4.1669444444444439
2014-02-24 00:00:00 UTC,542,-54,235005859,3.9470833333333339
2014-02-24 00:00:00 UTC,542,-53,235005859,0.22166666666666668
2014-02-24 00:00:00 UTC,542,-55,235005859,0.7531944444444445
2014-02-24 00:00:00 UTC,542,-53,235008172,1.4970833333333333
2014-02-24 00:00:00 UTC,542,-54,235008172,2.7580555555555559
2014-02-24 00:00:00 UTC,542,116,211747000,0.20124999999999998
2014-02-24 00:00:00 UTC,542,119,211747000,0.70500000000000007
2014-02-24 00:00:00 UTC,542,118,211747000,2.1752777777777776
2014-02-24 00:00:00 UTC,542,117,211747000,2.1616666666666671
2014-02-24 00:00:00 UTC,542,-54,235003327,4.503333333333333
2014-02-24 00:00:00 UTC,542,-56,235082945,0.42972222222222223
2014-02-24 00:00:00 UTC,542,-55,235082945,2.3448611111111108
2014-02-24 00:00:00 UTC,542,-55,235003625,0.48013888888888889
2014-02-24 00:00:00 UTC,-226,-229,224913000,5.425
2014-02-24 00:00:00 UTC,31,-1739,440522000,0.90430555555555558
2014-02-24 00:00:00 UTC,31,-1740,440522000,1.4733333333333334
2014-02-24 00:00:00 UTC,31,628,412695690,5.7786111111111111
2014-02-24 00:00:00 UTC,31,626,412695690,6.731527777777778
2014-02-24 00:00:00 UTC,31,-1523,440858000,2.3912500000000003
2014-02-24 00:00:00 UTC,31,-1525,440858000,1.8454166666666667
2014-02-24 00:00:00 UTC,31,-1526,440858000,3.5344444444444445
2014-02-24 00:00:00 UTC,31,-1521,440858000,0.86972222222222206
2014-02-24 00:00:00 UTC,31,-1527,440858000,1.8455555555555554
2014-02-24 00:00:00 UTC,31,1568,431116000,1.8558333333333334
2014-02-24 00:00:00 UTC,287,1219,412745121,0.2336111111111111
2014-02-24 00:00:00 UTC,287,1221,412432829,0.46611111111111114
2014-02-24 00:00:00 UTC,543,-54,235020549,0.87472222222222218
2014-02-24 00:00:00 UTC,543,-53,235020549,0.86097222222222225
2014-02-24 00:00:00 UTC,543,-54,235003653,0.22749999999999998
2014-02-24 00:00:00 UTC,543,-53,235003653,2.58
2014-02-24 00:00:00 UTC,543,115,218367000,4.0287500000000005
2014-02-24 00:00:00 UTC,543,117,218367000,1.1816666666666666
2014-02-24 00:00:00 UTC,543,116,218367000,3.681805555555556
2014-02-24 00:00:00 UTC,543,114,218367000,1.9159722222222222
2014-02-24 00:00:00 UTC,543,82,211288860,1.17375
2014-02-24 00:00:00 UTC,543,83,211288860,0.58777777777777784
2014-02-24 00:00:00 UTC,543,85,211317290,2.1556944444444444
2014-02-24 00:00:00 UTC,543,83,211317290,2.9426388888888884
2014-02-24 00:00:00 UTC,543,82,211317290,1.817361111111111
2014-02-24 00:00:00 UTC,543,84,211317290,4.7325
2014-02-24 00:00:00 UTC,543,189,261006910,0.2252777777777778
2014-02-24 00:00:00 UTC,543,190,261006910,2.5772222222222227
2014-02-24 00:00:00 UTC,543,191,261006910,3.7766666666666664
2014-02-24 00:00:00 UTC,543,114,219012459,0.32861111111111108
2014-02-24 00:00:00 UTC,543,115,219012459,1.6183333333333334
2014-02-24 00:00:00 UTC,543,115,211312240,3.8540277777777781
2014-02-24 00:00:00 UTC,543,116,211312240,0.20416666666666666
2014-02-24 00:00:00 UTC,543,114,211312240,0.65194444444444444
2014-02-24 00:00:00 UTC,543,83,244038000,2.7077777777777774
2014-02-24 00:00:00 UTC,543,-54,235002743,0.22513888888888889
2014-02-24 00:00:00 UTC,543,-1657,367420030,2.1998611111111113
2014-02-24 00:00:00 UTC,543,-54,235007359,1.0975
2014-02-24 00:00:00 UTC,543,-53,235007359,0.83166666666666655
2014-02-24 00:00:00 UTC,543,-54,235020423,1.7287499999999998
2014-02-24 00:00:00 UTC,543,-54,235003783,2.0102777777777776
2014-02-24 00:00:00 UTC,543,-54,235005859,0.21805555555555556
2014-02-24 00:00:00 UTC,543,-53,235008172,1.3247222222222224
2014-02-24 00:00:00 UTC,543,-54,235008172,0.44027777777777777
2014-02-24 00:00:00 UTC,543,122,211747000,2.8819444444444446
2014-02-24 00:00:00 UTC,543,121,211747000,1.3429166666666665
2014-02-24 00:00:00 UTC,543,119,219006142,17.015277777777776
2014-02-24 00:00:00 UTC,543,-54,235003327,1.5875
2014-02-24 00:00:00 UTC,543,1547,273849310,19.474305555555556
2014-02-24 00:00:00 UTC,543,190,261006050,1.9136111111111112
2014-02-24 00:00:00 UTC,543,189,261006050,0.21111111111111111
2014-02-24 00:00:00 UTC,543,190,261004280,1.7543055555555556
2014-02-24 00:00:00 UTC,543,189,261004280,0.22208333333333333
2014-02-24 00:00:00 UTC,32,-1741,440522000,3.5730555555555554
2014-02-24 00:00:00 UTC,32,-1739,440522000,0.7697222222222222
2014-02-24 00:00:00 UTC,32,-1736,440522000,1.74875
2014-02-24 00:00:00 UTC,32,-1738,440522000,2.4136111111111114
2014-02-24 00:00:00 UTC,32,-1525,440958000,2.4777777777777779
2014-02-24 00:00:00 UTC,32,-1527,440958000,2.7736111111111112
2014-02-24 00:00:00 UTC,32,-1522,440858000,1.6913888888888891
2014-02-24 00:00:00 UTC,32,-1521,440858000,1.4072222222222224
2014-02-24 00:00:00 UTC,32,-1519,440858000,1.639861111111111
2014-02-24 00:00:00 UTC,32,1565,431116000,2.3063888888888888
2014-02-24 00:00:00 UTC,32,-1520,440620000,2.2344444444444447
2014-02-24 00:00:00 UTC,32,-1515,440620000,1.8180555555555555
2014-02-24 00:00:00 UTC,32,-1521,440620000,3.7056944444444442
2014-02-24 00:00:00 UTC,32,-1517,440620000,0.95402777777777781
2014-02-24 00:00:00 UTC,32,-1518,440620000,2.6263888888888891
2014-02-24 00:00:00 UTC,32,-1519,440620000,1.415
2014-02-24 00:00:00 UTC,288,1219,412411144,4.490277777777778
2014-02-24 00:00:00 UTC,288,1219,412411148,3.0894444444444451
2014-02-24 00:00:00 UTC,288,1221,412412942,1.171111111111111
2014-02-24 00:00:00 UTC,288,1221,412412963,2.6525
2014-02-24 00:00:00 UTC,288,1220,412411712,2.2763888888888886
2014-02-24 00:00:00 UTC,288,1223,412435009,4.8575
2014-02-24 00:00:00 UTC,288,1219,412401729,4.8990277777777784
2014-02-24 00:00:00 UTC,288,1220,412411714,2.4845833333333331
2014-02-24 00:00:00 UTC,288,1223,412412321,9.9115277777777777
2014-02-24 00:00:00 UTC,288,1221,410001101,5.546388888888889
2014-02-24 00:00:00 UTC,288,1221,412412128,2.7911111111111113
2014-02-24 00:00:00 UTC,288,1223,412438261,3.92875
2014-02-24 00:00:00 UTC,288,1217,412413949,0.71972222222222226
2014-02-24 00:00:00 UTC,544,-53,235003653,0.63
2014-02-24 00:00:00 UTC,544,-54,235003653,0.84513888888888888
2014-02-24 00:00:00 UTC,544,192,261005080,1.0281944444444444
2014-02-24 00:00:00 UTC,544,191,261005080,0.43152777777777779
2014-02-24 00:00:00 UTC,544,193,261005080,5.80125
2014-02-24 00:00:00 UTC,544,194,261005080,3.74
2014-02-24 00:00:00 UTC,544,82,211288860,2.7176388888888883
2014-02-24 00:00:00 UTC,544,194,261005090,2.0270833333333331
2014-02-24 00:00:00 UTC,544,193,261005090,5.1129166666666652
2014-02-24 00:00:00 UTC,544,192,261005090,1.7377777777777779
2014-02-24 00:00:00 UTC,544,84,211317290,0.34805555555555556
2014-02-24 00:00:00 UTC,544,85,211317290,10.57013888888889
2014-02-24 00:00:00 UTC,544,189,261006910,1.7704166666666665
2014-02-24 00:00:00 UTC,544,113,219012459,1.6206944444444447
2014-02-24 00:00:00 UTC,544,115,219012459,0.84097222222222223
2014-02-24 00:00:00 UTC,544,114,219012459,2.9202777777777773
2014-02-24 00:00:00 UTC,544,83,244038000,0.21180555555555555
2014-02-24 00:00:00 UTC,544,82,244038000,1.6369444444444445
2014-02-24 00:00:00 UTC,544,191,261004440,1.2875
2014-02-24 00:00:00 UTC,544,193,261004440,4.8216666666666663
2014-02-24 00:00:00 UTC,544,192,261004440,1.2898611111111111
2014-02-24 00:00:00 UTC,544,-1650,367509670,1.5991666666666668
2014-02-24 00:00:00 UTC,544,155,261002160,0.51055555555555554
2014-02-24 00:00:00 UTC,544,189,261006050,3.2222222222222223
2014-02-24 00:00:00 UTC,544,191,261006050,1.3027777777777776
2014-02-24 00:00:00 UTC,544,190,261006050,2.4383333333333335
2014-02-24 00:00:00 UTC,544,194,261012460,1.1227777777777779
2014-02-24 00:00:00 UTC,544,191,261012460,0.41708333333333336
2014-02-24 00:00:00 UTC,544,192,261012460,1.4862499999999998
2014-02-24 00:00:00 UTC,544,193,261012460,2.7259722222222225
2014-02-24 00:00:00 UTC,544,190,261007860,1.0991666666666666
2014-02-24 00:00:00 UTC,544,191,261007860,1.4697222222222222
2014-02-24 00:00:00 UTC,544,193,261007860,1.4752777777777779
2014-02-24 00:00:00 UTC,544,192,261007860,2.3909722222222221
2014-02-24 00:00:00 UTC,544,189,261004280,3.4026388888888888
2014-02-24 00:00:00 UTC,544,190,261004280,3.0851388888888889
2014-02-24 00:00:00 UTC,544,191,261004280,1.2576388888888888
2014-02-24 00:00:00 UTC,33,-1742,440522000,1.8054166666666667
2014-02-24 00:00:00 UTC,33,-1741,440522000,1.8976388888888889
2014-02-24 00:00:00 UTC,33,-1738,440522000,1.7397222222222224
2014-02-24 00:00:00 UTC,33,-1723,412420892,2.3547222222222222
2014-02-24 00:00:00 UTC,33,-1722,412420892,1.2834722222222221
2014-02-24 00:00:00 UTC,33,-1726,412420892,3.6752777777777776
2014-02-24 00:00:00 UTC,33,-1724,412420892,1.8502777777777777
2014-02-24 00:00:00 UTC,33,-1524,440958000,1.7583333333333335
2014-02-24 00:00:00 UTC,33,-1526,440958000,3.365277777777778
2014-02-24 00:00:00 UTC,33,-1523,440958000,2.63875
2014-02-24 00:00:00 UTC,33,-1519,440858000,1.8284722222222223
2014-02-24 00:00:00 UTC,33,-1518,440858000,1.7511111111111113
2014-02-24 00:00:00 UTC,33,-1520,440858000,1.8240277777777778
2014-02-24 00:00:00 UTC,33,-249,224140000,2.7520833333333332
2014-02-24 00:00:00 UTC,33,1568,431116000,1.8154166666666667
2014-02-24 00:00:00 UTC,33,-1518,440620000,1.6959722222222224
2014-02-24 00:00:00 UTC,33,-1519,440620000,0.58083333333333331
2014-02-24 00:00:00 UTC,289,-185,224120840,5.6768055555555552
2014-02-24 00:00:00 UTC,289,1219,412411144,2.0811111111111109
2014-02-24 00:00:00 UTC,289,1220,412411683,2.6509722222222218
2014-02-24 00:00:00 UTC,289,1220,412411704,4.6523611111111105
2014-02-24 00:00:00 UTC,289,1223,412435009,2.6438888888888887
2014-02-24 00:00:00 UTC,289,1219,412401729,0.5115277777777778
2014-02-24 00:00:00 UTC,289,1223,412437365,11.453194444444444
2014-02-24 00:00:00 UTC,289,1223,412412321,6.0102777777777785
2014-02-24 00:00:00 UTC,289,1223,412437698,1.8379166666666666
2014-02-24 00:00:00 UTC,289,1224,412413132,12.969444444444445
2014-02-24 00:00:00 UTC,289,1221,410001101,0.54208333333333336
2014-02-24 00:00:00 UTC,289,1220,412954318,1.9413888888888888
2014-02-24 00:00:00 UTC,289,1218,412435918,1.7541666666666667
2014-02-24 00:00:00 UTC,289,1219,412435918,2.4425000000000003
2014-02-24 00:00:00 UTC,289,1225,412437972,10.462916666666667
2014-02-24 00:00:00 UTC,289,1219,421400023,7.5643055555555536
2014-02-24 00:00:00 UTC,289,1218,421400023,0.53902777777777777
2014-02-24 00:00:00 UTC,289,1223,412435418,0.54791666666666672
2014-02-24 00:00:00 UTC,289,1224,900000988,1.2975
2014-02-24 00:00:00 UTC,289,1224,412438261,2.5243055555555554
2014-02-24 00:00:00 UTC,289,1223,412438261,1.91875
2014-02-24 00:00:00 UTC,545,81,211288860,1.2920833333333333
2014-02-24 00:00:00 UTC,545,82,211288860,0.4291666666666667
2014-02-24 00:00:00 UTC,545,-54,235018598,10.267638888888891
2014-02-24 00:00:00 UTC,545,-55,235018598,2.140138888888889
2014-02-24 00:00:00 UTC,545,113,219012459,1.24125
2014-02-24 00:00:00 UTC,545,80,244038000,1.1886111111111111
2014-02-24 00:00:00 UTC,545,81,244038000,1.6936111111111112
2014-02-24 00:00:00 UTC,545,-1650,367509670,5.4286111111111115
2014-02-24 00:00:00 UTC,545,-1651,367509670,8.7394444444444446
2014-02-24 00:00:00 UTC,545,187,261025480,0.84125
2014-02-24 00:00:00 UTC,545,-1636,366819310,9.8509722222222216
2014-02-24 00:00:00 UTC,545,-1635,366819310,1.5694444444444446
2014-02-24 00:00:00 UTC,545,-1634,366819310,12.856527777777778
2014-02-24 00:00:00 UTC,-223,1530,503647800,22.945
2014-02-24 00:00:00 UTC,34,-1738,440522000,1.9079166666666665
2014-02-24 00:00:00 UTC,34,-1736,440522000,1.8051388888888891
2014-02-24 00:00:00 UTC,34,626,412989000,15.115555555555556
2014-02-24 00:00:00 UTC,34,628,412989000,5.8780555555555551
2014-02-24 00:00:00 UTC,34,1722,440846000,7.327638888888889
2014-02-24 00:00:00 UTC,34,1568,431116000,1.4586111111111111
2014-02-24 00:00:00 UTC,34,-1515,440620000,1.2004166666666667
2014-02-24 00:00:00 UTC,34,-1518,440620000,1.4070833333333335
2014-02-24 00:00:00 UTC,290,1228,412413964,1.2531944444444445
2014-02-24 00:00:00 UTC,290,1225,412437013,4.633055555555555
2014-02-24 00:00:00 UTC,290,1223,412435009,1.8336111111111111
2014-02-24 00:00:00 UTC,290,1221,412412999,2.0505555555555555
2014-02-24 00:00:00 UTC,290,1223,412437365,10.069027777777778
2014-02-24 00:00:00 UTC,290,1223,412412321,4.7773611111111114
2014-02-24 00:00:00 UTC,290,1223,412435418,1.8884722222222221
2014-02-24 00:00:00 UTC,290,1224,412435171,11.400972222222222
2014-02-24 00:00:00 UTC,290,1225,412435171,11.94361111111111
2014-02-24 00:00:00 UTC,546,135,211390480,1.7137499999999999
2014-02-24 00:00:00 UTC,546,136,211390480,3.4640277777777775
2014-02-24 00:00:00 UTC,546,80,211288860,0.86944444444444435
2014-02-24 00:00:00 UTC,546,81,211288860,3.1488888888888891
2014-02-24 00:00:00 UTC,546,137,211315750,2.4534722222222221
2014-02-24 00:00:00 UTC,546,136,211315750,0.87097222222222215
2014-02-24 00:00:00 UTC,546,-59,235033396,5.9391666666666678
2014-02-24 00:00:00 UTC,546,137,211474000,0.2036111111111111
2014-02-24 00:00:00 UTC,546,136,211474000,4.8268055555555556
2014-02-24 00:00:00 UTC,546,135,211474000,1.0743055555555556
2014-02-24 00:00:00 UTC,546,188,261007210,0.21194444444444444
2014-02-24 00:00:00 UTC,546,113,219012459,7.9147222222222231
2014-02-24 00:00:00 UTC,546,137,211314800,1.7629166666666669
2014-02-24 00:00:00 UTC,546,136,211314800,0.89625
2014-02-24 00:00:00 UTC,546,80,244038000,2.701111111111111
2014-02-24 00:00:00 UTC,546,-59,250000511,4.8436111111111106
2014-02-24 00:00:00 UTC,546,-1654,367048070,0.78347222222222224
2014-02-24 00:00:00 UTC,546,-1651,367358360,15.746944444444445
2014-02-24 00:00:00 UTC,546,-1652,367358360,1.3334722222222222
2014-02-24 00:00:00 UTC,546,1547,273840800,1.5705555555555555
2014-02-24 00:00:00 UTC,546,154,261001660,0.11930555555555555
2014-02-24 00:00:00 UTC,546,135,211307720,1.0625
2014-02-24 00:00:00 UTC,546,137,211307720,0.63847222222222222
2014-02-24 00:00:00 UTC,546,136,211307720,4.1958333333333337
2014-02-24 00:00:00 UTC,546,186,261025480,1.4119444444444444
2014-02-24 00:00:00 UTC,546,187,261025480,1.9565277777777776
2014-02-24 00:00:00 UTC,546,136,211317720,3.6865277777777776
2014-02-24 00:00:00 UTC,546,135,211317720,1.5593055555555557
2014-02-24 00:00:00 UTC,546,1535,273814510,5.5666666666666673
2014-02-24 00:00:00 UTC,546,-1609,369174000,0.86805555555555558
2014-02-24 00:00:00 UTC,546,-1610,369174000,5.2541666666666673
2014-02-24 00:00:00 UTC,-478,-588,440100000,1.5206944444444446
2014-02-24 00:00:00 UTC,-222,1530,503647800,5.1975
2014-02-24 00:00:00 UTC,35,-1737,440522000,1.7997222222222222
2014-02-24 00:00:00 UTC,35,-1520,440958000,4.5623611111111106
2014-02-24 00:00:00 UTC,35,-1521,440958000,2.223611111111111
2014-02-24 00:00:00 UTC,35,1587,416237700,8.16638888888889
2014-02-24 00:00:00 UTC,35,-249,224140000,1.8111111111111111
2014-02-24 00:00:00 UTC,35,1568,431116000,3.4641666666666664
2014-02-24 00:00:00 UTC,35,1569,431116000,1.1768055555555554
2014-02-24 00:00:00 UTC,35,-1518,440620000,1.8237500000000002
2014-02-24 00:00:00 UTC,35,-1515,440620000,0.85680555555555549
2014-02-24 00:00:00 UTC,291,1220,412435471,0.10500000000000001
2014-02-24 00:00:00 UTC,291,1225,412437013,22.315138888888889
2014-02-24 00:00:00 UTC,291,1218,998500146,1.2743055555555556
2014-02-24 00:00:00 UTC,291,1220,412435292,0.76583333333333337
2014-02-24 00:00:00 UTC,291,1222,412488105,6.0009722222222219
2014-02-24 00:00:00 UTC,291,1222,222144452,7.2404166666666674
2014-02-24 00:00:00 UTC,291,1218,412954318,0.5379166666666666
2014-02-24 00:00:00 UTC,547,187,261006860,1.0545833333333334
2014-02-24 00:00:00 UTC,547,80,211288860,0.23597222222222222
2014-02-24 00:00:00 UTC,547,81,211288860,0.70861111111111108
2014-02-24 00:00:00 UTC,547,-1653,367159580,0.83180555555555558
2014-02-24 00:00:00 UTC,547,-1652,367159580,0.95666666666666667
2014-02-24 00:00:00 UTC,547,138,211315750,1.3002777777777779
2014-02-24 00:00:00 UTC,547,-1652,367083560,0.80152777777777784
2014-02-24 00:00:00 UTC,547,-1652,366264360,5.6305555555555555
2014-02-24 00:00:00 UTC,547,-1652,366851370,7.1536111111111111
2014-02-24 00:00:00 UTC,547,-1653,366851370,1.6554166666666668
2014-02-24 00:00:00 UTC,547,134,220369000,0.20625
2014-02-24 00:00:00 UTC,547,133,220369000,0.50972222222222219
2014-02-24 00:00:00 UTC,547,138,211314800,1.3754166666666667
2014-02-24 00:00:00 UTC,547,-1653,367048070,0.84180555555555547
2014-02-24 00:00:00 UTC,547,1547,273840800,1.5636111111111113
2014-02-24 00:00:00 UTC,547,1543,273840800,3.7961111111111112
2014-02-24 00:00:00 UTC,547,147,219014049,5.3248611111111117
2014-02-24 00:00:00 UTC,547,-1652,367390380,5.55263888888889
2014-02-24 00:00:00 UTC,547,80,211314890,0.23986111111111111
2014-02-24 00:00:00 UTC,547,-1653,368578000,6.2738888888888891
2014-02-24 00:00:00 UTC,547,-1651,367618000,5.6781944444444452
2014-02-24 00:00:00 UTC,547,135,211317720,0.23777777777777781
2014-02-24 00:00:00 UTC,547,-1611,369174000,9.3018055555555552
2014-02-24 00:00:00 UTC,547,-1610,369174000,7.9954166666666673
2014-02-24 00:00:00 UTC,547,-1652,367078130,7.2384722222222226
2014-02-24 00:00:00 UTC,-477,-593,440100000,2.3956944444444446
2014-02-24 00:00:00 UTC,-477,-591,440100000,2.3619444444444442
2014-02-24 00:00:00 UTC,-477,-589,440100000,5.6543055555555553
2014-02-24 00:00:00 UTC,-221,1678,540005000,1.8904166666666669
2014-02-24 00:00:00 UTC,-221,129,659322000,1.8
2014-02-24 00:00:00 UTC,36,-1726,441098000,2.7111111111111112
2014-02-24 00:00:00 UTC,36,-1727,441098000,0.90847222222222224
2014-02-24 00:00:00 UTC,36,-1728,441098000,0.87638888888888888
2014-02-24 00:00:00 UTC,36,-1730,441098000,0.96958333333333324
2014-02-24 00:00:00 UTC,36,-1729,441098000,1.4247222222222222
2014-02-24 00:00:00 UTC,36,-1711,412420892,2.6086111111111112
2014-02-24 00:00:00 UTC,36,-1714,412420892,5.4422222222222221
2014-02-24 00:00:00 UTC,36,1587,416237700,13.24236111111111
2014-02-24 00:00:00 UTC,36,654,416803000,1.0683333333333334
2014-02-24 00:00:00 UTC,36,652,416803000,1.8583333333333334
2014-02-24 00:00:00 UTC,36,-1552,440503000,1.6470833333333335
2014-02-24 00:00:00 UTC,36,-249,224140000,1.2627777777777778
2014-02-24 00:00:00 UTC,36,1568,431116000,2.1519444444444447
2014-02-24 00:00:00 UTC,36,-1517,440620000,1.8248611111111113
2014-02-24 00:00:00 UTC,36,-1516,440620000,1.5595833333333333
2014-02-24 00:00:00 UTC,36,-1610,440641000,0.95027777777777778
2014-02-24 00:00:00 UTC,292,1225,412437592,1.7018055555555556
2014-02-24 00:00:00 UTC,292,1221,542835318,1.8829166666666666
2014-02-24 00:00:00 UTC,292,1220,412436363,3.1965277777777779
2014-02-24 00:00:00 UTC,292,1222,412409229,2.8552777777777778
2014-02-24 00:00:00 UTC,292,1228,412413091,0.36194444444444446
2014-02-24 00:00:00 UTC,548,-1651,368565000,1.6877777777777778
2014-02-24 00:00:00 UTC,548,184,261006860,2.145
2014-02-24 00:00:00 UTC,548,187,261006860,1.3143055555555556
2014-02-24 00:00:00 UTC,548,186,261006860,1.2545833333333332
2014-02-24 00:00:00 UTC,548,185,261006860,0.43347222222222226
2014-02-24 00:00:00 UTC,548,186,261006870,2.3452777777777785
2014-02-24 00:00:00 UTC,548,-1652,367083560,1.6302777777777777
2014-02-24 00:00:00 UTC,548,-1652,366264360,1.5502777777777776
2014-02-24 00:00:00 UTC,548,-1652,366851370,3.200277777777778
2014-02-24 00:00:00 UTC,548,-1653,366851370,0.76194444444444442
2014-02-24 00:00:00 UTC,548,73,246184000,1.9540277777777777
2014-02-24 00:00:00 UTC,548,74,246184000,0.25347222222222221
2014-02-24 00:00:00 UTC,548,1501,273846610,1.5387499999999998
2014-02-24 00:00:00 UTC,548,186,261010020,2.3651388888888887
2014-02-24 00:00:00 UTC,548,189,261007210,0.63930555555555557
2014-02-24 00:00:00 UTC,548,188,261018490,7.2201388888888891
2014-02-24 00:00:00 UTC,548,130,219007613,1.3080555555555555
2014-02-24 00:00:00 UTC,548,79,211588480,10.114305555555555
2014-02-24 00:00:00 UTC,548,-1652,366916740,7.2233333333333336
2014-02-24 00:00:00 UTC,548,-1653,367048070,2.4108333333333332
2014-02-24 00:00:00 UTC,548,-1651,368698000,6.264444444444444
2014-02-24 00:00:00 UTC,548,1542,273840800,3.7313888888888891
2014-02-24 00:00:00 UTC,548,-1652,367390380,0.83347222222222228
2014-02-24 00:00:00 UTC,548,-1651,367390380,0.77513888888888893
2014-02-24 00:00:00 UTC,548,74,211315630,1.1902777777777778
2014-02-24 00:00:00 UTC,548,73,211315630,1.6425
2014-02-24 00:00:00 UTC,548,-1651,367154100,5.5563888888888879
2014-02-24 00:00:00 UTC,548,-1653,367154100,0.85111111111111126
2014-02-24 00:00:00 UTC,548,-1652,367154100,0.78333333333333333
2014-02-24 00:00:00 UTC,548,138,266147000,1.2945833333333334
2014-02-24 00:00:00 UTC,548,137,266147000,1.4084722222222221
2014-02-24 00:00:00 UTC,548,80,211518140,1.0979166666666667
2014-02-24 00:00:00 UTC,548,79,211518140,4.2502777777777778
2014-02-24 00:00:00 UTC,548,189,261003970,0.12888888888888889
2014-02-24 00:00:00 UTC,548,188,261003970,0.29986111111111113
2014-02-24 00:00:00 UTC,548,1504,273435850,6.4636111111111108
2014-02-24 00:00:00 UTC,548,1505,273435850,1.53375
2014-02-24 00:00:00 UTC,548,79,211314890,4.5948611111111113
2014-02-24 00:00:00 UTC,548,80,211314890,1.11625
2014-02-24 00:00:00 UTC,548,-1652,368578000,6.4480555555555554
2014-02-24 00:00:00 UTC,548,-1651,368578000,3.0972222222222223
2014-02-24 00:00:00 UTC,548,-1650,368578000,1.5991666666666666
2014-02-24 00:00:00 UTC,548,-1652,367618000,1.5873611111111112
2014-02-24 00:00:00 UTC,548,-1651,367618000,1.5777777777777777
2014-02-24 00:00:00 UTC,548,1520,273814510,0.807361111111111
2014-02-24 00:00:00 UTC,548,-1651,367078130,4.4934722222222216
2014-02-24 00:00:00 UTC,-476,-594,440100000,2.9602777777777778
2014-02-24 00:00:00 UTC,-220,1678,540005000,1.7765277777777777
2014-02-24 00:00:00 UTC,-220,129,659322000,1.7751388888888888
2014-02-24 00:00:00 UTC,37,-1725,441098000,2.71375
2014-02-24 00:00:00 UTC,37,-1727,441098000,2.41125
2014-02-24 00:00:00 UTC,37,-1726,441098000,0.925
2014-02-24 00:00:00 UTC,37,-1520,440958000,8.2472222222222218
2014-02-24 00:00:00 UTC,37,653,416803000,1.75125
2014-02-24 00:00:00 UTC,37,654,416803000,1.6516666666666666
2014-02-24 00:00:00 UTC,37,652,416803000,1.7986111111111112
2014-02-24 00:00:00 UTC,37,655,416803000,0.95694444444444449
2014-02-24 00:00:00 UTC,37,-1551,440503000,1.7361111111111112
2014-02-24 00:00:00 UTC,37,1567,431116000,1.8908333333333334
2014-02-24 00:00:00 UTC,37,-1516,440620000,0.9276388888888889
2014-02-24 00:00:00 UTC,37,-1517,440620000,0.9125
2014-02-24 00:00:00 UTC,37,-1610,440641000,0.9127777777777778
2014-02-24 00:00:00 UTC,37,-1611,440641000,1.7666666666666666
2014-02-24 00:00:00 UTC,293,1226,412435722,0.33958333333333335
2014-02-24 00:00:00 UTC,293,1222,412405285,9.6755555555555564
2014-02-24 00:00:00 UTC,293,1221,412436283,0.39472222222222225
2014-02-24 00:00:00 UTC,293,1220,412436035,0.71916666666666673
2014-02-24 00:00:00 UTC,293,1226,412437929,5.8743055555555559
2014-02-24 00:00:00 UTC,293,1220,412436689,0.18027777777777779
2014-02-24 00:00:00 UTC,293,1221,412436451,2.7158333333333333
2014-02-24 00:00:00 UTC,293,1222,412436464,0.29569444444444443
2014-02-24 00:00:00 UTC,549,131,219424000,0.82527777777777778
2014-02-24 00:00:00 UTC,549,133,219424000,0.93069444444444449
2014-02-24 00:00:00 UTC,549,132,219424000,1.5369444444444442
2014-02-24 00:00:00 UTC,549,140,219424000,0.3215277777777778
2014-02-24 00:00:00 UTC,549,-1649,368565000,1.4958333333333333
2014-02-24 00:00:00 UTC,549,186,261006860,1.2012500000000002
2014-02-24 00:00:00 UTC,549,-1650,367079950,1.6347222222222224
2014-02-24 00:00:00 UTC,549,-1649,367079950,3.0043055555555553
2014-02-24 00:00:00 UTC,549,189,261007120,1.4983333333333333
2014-02-24 00:00:00 UTC,549,188,261007120,0.21125
2014-02-24 00:00:00 UTC,549,190,261004050,1.1815277777777777
2014-02-24 00:00:00 UTC,549,189,261004050,3.5073611111111109
2014-02-24 00:00:00 UTC,549,188,261004050,0.67402777777777778
2014-02-24 00:00:00 UTC,549,185,261006870,1.6920833333333332
2014-02-24 00:00:00 UTC,549,184,261006870,0.64930555555555558
2014-02-24 00:00:00 UTC,549,183,261006870,0.45972222222222225
2014-02-24 00:00:00 UTC,549,186,261006870,2.1725
2014-02-24 00:00:00 UTC,549,188,261004830,0.66847222222222225
2014-02-24 00:00:00 UTC,549,189,261004830,0.84472222222222215
2014-02-24 00:00:00 UTC,549,-1650,366264360,0.59208333333333329
2014-02-24 00:00:00 UTC,549,-1652,366264360,1.524861111111111
2014-02-24 00:00:00 UTC,549,-1651,366264360,6.9444444444444446
2014-02-24 00:00:00 UTC,549,-1650,366851370,2.2348611111111114
2014-02-24 00:00:00 UTC,549,128,219000895,0.928611111111111
2014-02-24 00:00:00 UTC,549,126,219000895,0.12541666666666668
2014-02-24 00:00:00 UTC,549,127,219000895,1.8865277777777776
2014-02-24 00:00:00 UTC,549,73,246184000,4.1390277777777778
2014-02-24 00:00:00 UTC,549,74,246184000,0.62791666666666668
2014-02-24 00:00:00 UTC,549,72,246184000,3.351666666666667
2014-02-24 00:00:00 UTC,549,190,261007950,1.1369444444444443
2014-02-24 00:00:00 UTC,549,186,261007950,2.5547222222222223
2014-02-24 00:00:00 UTC,549,189,261007950,4.0929166666666674
2014-02-24 00:00:00 UTC,549,143,275058000,17.595416666666665
2014-02-24 00:00:00 UTC,549,-1649,369511000,7.181805555555556
2014-02-24 00:00:00 UTC,549,183,261010020,1.1724999999999999
2014-02-24 00:00:00 UTC,549,184,261010020,0.42125
2014-02-24 00:00:00 UTC,549,185,261010020,1.72875
2014-02-24 00:00:00 UTC,549,186,261010020,2.4870833333333335
2014-02-24 00:00:00 UTC,549,-1648,366761830,6.4045833333333331
2014-02-24 00:00:00 UTC,549,75,244721000,0.2125
2014-02-24 00:00:00 UTC,549,77,244721000,0.25569444444444445
2014-02-24 00:00:00 UTC,549,76,244721000,1.2381944444444444
2014-02-24 00:00:00 UTC,549,74,244721000,0.74055555555555563
2014-02-24 00:00:00 UTC,549,-1650,338673000,1.4330555555555555
2014-02-24 00:00:00 UTC,549,189,261007210,3.5854166666666667
2014-02-24 00:00:00 UTC,549,190,261007210,0.897361111111111
2014-02-24 00:00:00 UTC,549,131,219007613,1.0577777777777779
2014-02-24 00:00:00 UTC,549,130,219007613,12.153333333333332
2014-02-24 00:00:00 UTC,549,128,219007613,0.86597222222222225
2014-02-24 00:00:00 UTC,549,129,219007613,1.6195833333333332
2014-02-24 00:00:00 UTC,549,79,211588480,1.9406944444444445
2014-02-24 00:00:00 UTC,549,-1652,366916740,2.4612499999999997
2014-02-24 00:00:00 UTC,549,-1651,366916740,5.4275
2014-02-24 00:00:00 UTC,549,-1650,366916740,1.6
2014-02-24 00:00:00 UTC,549,189,261009030,4.3425
2014-02-24 00:00:00 UTC,549,188,261009030,0.675
2014-02-24 00:00:00 UTC,549,187,261009030,0.42166666666666663
2014-02-24 00:00:00 UTC,549,190,261001870,0.42874999999999996
2014-02-24 00:00:00 UTC,549,189,261001870,3.4243055555555562
2014-02-24 00:00:00 UTC,549,190,261009040,0.65583333333333338
2014-02-24 00:00:00 UTC,549,189,261009040,5.7684722222222211
2014-02-24 00:00:00 UTC,549,184,261009040,0.20430555555555555
2014-02-24 00:00:00 UTC,549,189,261012880,1.4181944444444445
2014-02-24 00:00:00 UTC,549,-1650,368698000,1.6779166666666667
2014-02-24 00:00:00 UTC,549,128,219009171,11.127361111111108
2014-02-24 00:00:00 UTC,549,129,219009171,0.46277777777777779
2014-02-24 00:00:00 UTC,549,189,261001880,1.3718055555555555
2014-02-24 00:00:00 UTC,549,188,261001880,1.5843055555555554
2014-02-24 00:00:00 UTC,549,1542,273840800,7.2594444444444441
2014-02-24 00:00:00 UTC,549,73,211315630,2.633055555555555
2014-02-24 00:00:00 UTC,549,72,211315630,0.90722222222222215
2014-02-24 00:00:00 UTC,549,189,261006770,1.7373611111111109
2014-02-24 00:00:00 UTC,549,138,266147000,0.44430555555555551
2014-02-24 00:00:00 UTC,549,137,266147000,1.6284722222222223
2014-02-24 00:00:00 UTC,549,78,211518140,1.8127777777777778
2014-02-24 00:00:00 UTC,549,79,211518140,1.36375
2014-02-24 00:00:00 UTC,549,-1649,367064000,1.525
2014-02-24 00:00:00 UTC,549,-1650,367064000,6.39875
2014-02-24 00:00:00 UTC,549,189,261003970,3.8361111111111112
2014-02-24 00:00:00 UTC,549,188,261003970,1.7218055555555554
2014-02-24 00:00:00 UTC,549,1505,273435850,1.5668055555555556
2014-02-24 00:00:00 UTC,549,79,211314890,0.24611111111111111
2014-02-24 00:00:00 UTC,549,-1649,368578000,3.0322222222222224
2014-02-24 00:00:00 UTC,549,-1650,368578000,2.9552777777777779
2014-02-24 00:00:00 UTC,549,-1651,367618000,3.03625
2014-02-24 00:00:00 UTC,549,-1650,367618000,6.9720833333333339
2014-02-24 00:00:00 UTC,549,-1649,367618000,4.5018055555555554
2014-02-24 00:00:00 UTC,549,-1650,367650000,0.77222222222222225
2014-02-24 00:00:00 UTC,549,-1651,367082710,1.6354166666666665
2014-02-24 00:00:00 UTC,549,-11,234839000,1.0691666666666666
2014-02-24 00:00:00 UTC,549,-1650,367087330,12.819722222222222
2014-02-24 00:00:00 UTC,549,186,261011430,3.6516666666666668
2014-02-24 00:00:00 UTC,549,185,261011430,12.51138888888889
2014-02-24 00:00:00 UTC,549,1520,273814510,0.79388888888888887
2014-02-24 00:00:00 UTC,549,1522,273814510,4.575
2014-02-24 00:00:00 UTC,549,1533,273814510,5.5722222222222229
2014-02-24 00:00:00 UTC,549,1521,273814510,1.57375
2014-02-24 00:00:00 UTC,549,-1650,367078130,2.9476388888888887
2014-02-24 00:00:00 UTC,549,-1652,367078130,6.4231944444444444
2014-02-24 00:00:00 UTC,549,-1650,367506420,22.773055555555558
2014-02-24 00:00:00 UTC,-475,-637,701000768,5.6495833333333332
2014-02-24 00:00:00 UTC,-475,-638,701000768,6.2806944444444444
2014-02-24 00:00:00 UTC,-475,-635,701000948,11.083055555555557
2014-02-24 00:00:00 UTC,-219,1679,540005000,3.5554166666666664
2014-02-24 00:00:00 UTC,-219,1680,540005000,3.4083333333333332
2014-02-24 00:00:00 UTC,-219,129,659322000,2.1330555555555555
2014-02-24 00:00:00 UTC,-219,1577,540004000,2.1581944444444447
2014-02-24 00:00:00 UTC,38,-1726,441098000,2.3512499999999994
2014-02-24 00:00:00 UTC,38,-1727,441098000,0.78347222222222213
2014-02-24 00:00:00 UTC,38,-1724,441098000,3.6554166666666665
2014-02-24 00:00:00 UTC,38,-1725,441098000,1.7611111111111111
2014-02-24 00:00:00 UTC,38,1715,553111690,5.3555555555555552
2014-02-24 00:00:00 UTC,38,1716,440410000,1.7920833333333333
2014-02-24 00:00:00 UTC,38,651,416803000,4.9041666666666668
2014-02-24 00:00:00 UTC,38,654,416803000,1.3068055555555556
2014-02-24 00:00:00 UTC,38,-1552,440503000,0.83055555555555549
2014-02-24 00:00:00 UTC,38,-1551,440503000,1.840138888888889
2014-02-24 00:00:00 UTC,38,-1610,440641000,1.8955555555555557
2014-02-24 00:00:00 UTC,294,1222,412436992,1.6537500000000003
2014-02-24 00:00:00 UTC,294,1221,412436492,4.0661111111111108
2014-02-24 00:00:00 UTC,294,1226,412437029,11.952222222222222
2014-02-24 00:00:00 UTC,294,1224,412412986,7.0341666666666676
2014-02-24 00:00:00 UTC,294,1223,412412986,2.5680555555555555
2014-02-24 00:00:00 UTC,294,1221,412435032,6.5908333333333342
2014-02-24 00:00:00 UTC,294,1220,412436314,5.2755555555555551
2014-02-24 00:00:00 UTC,294,1221,412436314,0.46125
2014-02-24 00:00:00 UTC,294,1230,412436841,2.4790277777777776
2014-02-24 00:00:00 UTC,294,1224,412411518,7.5026388888888915
2014-02-24 00:00:00 UTC,294,1223,412411518,12.103611111111112
2014-02-24 00:00:00 UTC,294,1226,412438657,1.4541666666666666
2014-02-24 00:00:00 UTC,294,1227,412438657,6.40875
2014-02-24 00:00:00 UTC,294,1222,412435863,3.1480555555555556
2014-02-24 00:00:00 UTC,294,1220,412436897,0.25208333333333333
2014-02-24 00:00:00 UTC,294,1226,412437929,6.9729166666666664
2014-02-24 00:00:00 UTC,294,1226,412438953,0.10819444444444444
2014-02-24 00:00:00 UTC,294,1222,412435637,0.2076388888888889
2014-02-24 00:00:00 UTC,294,1222,412436917,4.3836111111111116
2014-02-24 00:00:00 UTC,294,1222,412435141,14.94736111111111
2014-02-24 00:00:00 UTC,294,1224,412417747,3.6123611111111114
2014-02-24 00:00:00 UTC,294,1223,412417747,11.317777777777779
2014-02-24 00:00:00 UTC,294,1224,412412133,5.9776388888888885
2014-02-24 00:00:00 UTC,294,1223,412412133,12.384861111111109
2014-02-24 00:00:00 UTC,294,1222,412436464,4.379027777777778
2014-02-24 00:00:00 UTC,294,1220,412436473,0.34138888888888885
2014-02-24 00:00:00 UTC,294,1221,412436986,3.040972222222222
2014-02-24 00:00:00 UTC,550,134,219424000,1.7066666666666668
2014-02-24 00:00:00 UTC,550,138,219424000,2.0562500000000004
2014-02-24 00:00:00 UTC,550,135,219424000,0.790138888888889
2014-02-24 00:00:00 UTC,550,133,219424000,0.43374999999999997
2014-02-24 00:00:00 UTC,550,139,219424000,0.20694444444444443
2014-02-24 00:00:00 UTC,550,140,219424000,0.31444444444444447
2014-02-24 00:00:00 UTC,550,137,219424000,3.1059722222222224
2014-02-24 00:00:00 UTC,550,-1649,368565000,1.6356944444444446
2014-02-24 00:00:00 UTC,550,-1647,368565000,2.2280555555555557
2014-02-24 00:00:00 UTC,550,-1648,368565000,3.7140277777777779
2014-02-24 00:00:00 UTC,550,-1645,367079950,6.406944444444445
2014-02-24 00:00:00 UTC,550,-1646,367079950,2.9184722222222224
2014-02-24 00:00:00 UTC,550,-1644,367079950,1.5280555555555555
2014-02-24 00:00:00 UTC,550,189,261007120,2.7254166666666664
2014-02-24 00:00:00 UTC,550,185,261007120,2.4794444444444443
2014-02-24 00:00:00 UTC,550,188,261007120,0.40944444444444439
2014-02-24 00:00:00 UTC,550,185,261004050,2.0925
2014-02-24 00:00:00 UTC,550,184,261006870,0.84430555555555564
2014-02-24 00:00:00 UTC,550,183,261006870,0.99791666666666656
2014-02-24 00:00:00 UTC,550,190,261004830,1.4648611111111114
2014-02-24 00:00:00 UTC,550,188,261004830,0.22416666666666668
2014-02-24 00:00:00 UTC,550,189,261004830,0.96652777777777765
2014-02-24 00:00:00 UTC,550,-12,235060021,4.0502777777777776
2014-02-24 00:00:00 UTC,550,-11,235061052,0.44291666666666663
2014-02-24 00:00:00 UTC,550,-12,235061052,0.98277777777777786
2014-02-24 00:00:00 UTC,550,73,246184000,0.23986111111111108
2014-02-24 00:00:00 UTC,550,-12,235000897,0.89777777777777779
2014-02-24 00:00:00 UTC,550,-12,235075914,1.6388888888888886
2014-02-24 00:00:00 UTC,550,1522,273240400,6.4097222222222223
2014-02-24 00:00:00 UTC,550,1501,273846610,1.5668055555555556
2014-02-24 00:00:00 UTC,550,-12,235063378,3.0280555555555555
2014-02-24 00:00:00 UTC,550,-1649,369511000,1.5220833333333332
2014-02-24 00:00:00 UTC,550,184,261010020,0.90236111111111117
2014-02-24 00:00:00 UTC,550,183,261010020,0.71402777777777782
2014-02-24 00:00:00 UTC,550,-1647,366761830,5.2643055555555556
2014-02-24 00:00:00 UTC,550,-1648,366761830,3.8169444444444443
2014-02-24 00:00:00 UTC,550,74,244721000,0.48013888888888889
2014-02-24 00:00:00 UTC,550,75,244721000,1.4947222222222223
2014-02-24 00:00:00 UTC,550,1505,273847400,11.009722222222223
2014-02-24 00:00:00 UTC,550,190,261007210,2.2255555555555553
2014-02-24 00:00:00 UTC,550,1484,273332330,7.9870833333333326
2014-02-24 00:00:00 UTC,550,1485,273332330,3.7509722222222219
2014-02-24 00:00:00 UTC,550,-1648,367124090,1.6288888888888886
2014-02-24 00:00:00 UTC,550,-1644,366480000,1.5841666666666667
2014-02-24 00:00:00 UTC,550,-13,235004290,1.1440277777777776
2014-02-24 00:00:00 UTC,550,-12,235004290,3.9552777777777774
2014-02-24 00:00:00 UTC,550,-11,235004290,2.4313888888888888
2014-02-24 00:00:00 UTC,550,-1649,366916740,5.0366666666666671
2014-02-24 00:00:00 UTC,550,188,261009030,1.0255555555555556
2014-02-24 00:00:00 UTC,550,187,261009030,1.2386111111111111
2014-02-24 00:00:00 UTC,550,-1652,367048070,11.460972222222221
2014-02-24 00:00:00 UTC,550,1518,273893000,3.7694444444444444
2014-02-24 00:00:00 UTC,550,74,244165000,1.4990277777777776
2014-02-24 00:00:00 UTC,550,75,244165000,0.64402777777777787
2014-02-24 00:00:00 UTC,550,190,261001870,2.2580555555555559
2014-02-24 00:00:00 UTC,550,184,261009040,0.20763888888888887
2014-02-24 00:00:00 UTC,550,189,261012880,1.9002777777777777
2014-02-24 00:00:00 UTC,550,190,261001880,2.28875
2014-02-24 00:00:00 UTC,550,-13,235000743,1.2791666666666666
2014-02-24 00:00:00 UTC,550,-12,235000743,0.90569444444444436
2014-02-24 00:00:00 UTC,550,-1650,367390380,6.1925000000000008
2014-02-24 00:00:00 UTC,550,-1649,367390380,5.9520833333333334
2014-02-24 00:00:00 UTC,550,-1651,367390380,1.6026388888888889
2014-02-24 00:00:00 UTC,550,98,220046000,0.55652777777777773
2014-02-24 00:00:00 UTC,550,189,261006770,0.20277777777777778
2014-02-24 00:00:00 UTC,550,190,261006770,2.1370833333333334
2014-02-24 00:00:00 UTC,550,137,266147000,0.9113888888888888
2014-02-24 00:00:00 UTC,550,141,266147000,1.9080555555555556
2014-02-24 00:00:00 UTC,550,139,266147000,3.1480555555555556
2014-02-24 00:00:00 UTC,550,138,266147000,0.83152777777777775
2014-02-24 00:00:00 UTC,550,140,266147000,3.5934722222222222
2014-02-24 00:00:00 UTC,550,188,261011130,0.75458333333333327
2014-02-24 00:00:00 UTC,550,-13,235007420,0.43944444444444447
2014-02-24 00:00:00 UTC,550,-12,235007420,3.3311111111111105
2014-02-24 00:00:00 UTC,550,-11,235007420,0.45763888888888893
2014-02-24 00:00:00 UTC,550,-1649,367064000,3.5073611111111109
2014-02-24 00:00:00 UTC,550,-1648,367064000,8.05111111111111
2014-02-24 00:00:00 UTC,550,188,261003970,2.2265277777777781
2014-02-24 00:00:00 UTC,550,-562,316006850,1.580138888888889
2014-02-24 00:00:00 UTC,550,-1650,367650000,0.18916666666666665
2014-02-24 00:00:00 UTC,550,-1649,367650000,0.64972222222222231
2014-02-24 00:00:00 UTC,550,133,275191000,12.394305555555556
2014-02-24 00:00:00 UTC,550,132,275191000,0.38347222222222221
2014-02-24 00:00:00 UTC,550,-12,234839000,1.8402777777777777
2014-02-24 00:00:00 UTC,550,-11,234839000,0.40805555555555556
2014-02-24 00:00:00 UTC,550,-12,232005340,0.5494444444444444
2014-02-24 00:00:00 UTC,550,-1649,367087330,3.1176388888888891
2014-02-24 00:00:00 UTC,550,-1648,367087330,2.786111111111111
2014-02-24 00:00:00 UTC,550,184,261011430,6.2922222222222226
2014-02-24 00:00:00 UTC,550,189,261006570,3.5556944444444447
2014-02-24 00:00:00 UTC,550,190,261006570,2.0255555555555556
2014-02-24 00:00:00 UTC,550,187,261006570,0.21305555555555555
2014-02-24 00:00:00 UTC,550,185,261006570,0.48916666666666664
2014-02-24 00:00:00 UTC,550,188,261006570,0.64152777777777781
2014-02-24 00:00:00 UTC,550,-13,235011055,0.2326388888888889
2014-02-24 00:00:00 UTC,550,-12,235011055,5.9104166666666673
2014-02-24 00:00:00 UTC,550,-13,235063795,0.22236111111111112
2014-02-24 00:00:00 UTC,550,-1646,367197950,3.9450000000000003
2014-02-24 00:00:00 UTC,806,286,258576000,1.5805555555555555
2014-02-24 00:00:00 UTC,806,286,251790000,1.5815277777777776
2014-02-24 00:00:00 UTC,-474,-636,701006139,10.974722222222223
2014-02-24 00:00:00 UTC,-218,127,659322000,7.0979166666666655
2014-02-24 00:00:00 UTC,-218,1576,540004000,0.88319444444444439
2014-02-24 00:00:00 UTC,-218,1577,540004000,1.8318055555555555
2014-02-24 00:00:00 UTC,39,1714,553111690,2.7230555555555558
2014-02-24 00:00:00 UTC,39,1715,553111690,4.6527777777777786
2014-02-24 00:00:00 UTC,39,1715,440410000,1.0216666666666667
2014-02-24 00:00:00 UTC,39,1716,440410000,1.1886111111111113
2014-02-24 00:00:00 UTC,39,1797,440590000,1.76375
2014-02-24 00:00:00 UTC,39,653,416803000,1.8084722222222223
2014-02-24 00:00:00 UTC,39,655,416803000,3.2136111111111112
2014-02-24 00:00:00 UTC,39,654,416803000,1.6470833333333332
2014-02-24 00:00:00 UTC,39,651,416803000,1.774861111111111
2014-02-24 00:00:00 UTC,39,-1552,440503000,0.37374999999999997
2014-02-24 00:00:00 UTC,39,1567,431116000,2.8134722222222224
2014-02-24 00:00:00 UTC,39,-1609,440641000,2.4106944444444443
2014-02-24 00:00:00 UTC,39,-1610,440641000,1.2226388888888888
2014-02-24 00:00:00 UTC,39,1715,529686000,1.8429166666666665
2014-02-24 00:00:00 UTC,295,1222,412436992,4.4118055555555564
2014-02-24 00:00:00 UTC,295,1226,412436994,12.577638888888888
2014-02-24 00:00:00 UTC,295,1228,412412675,6.4641666666666673
2014-02-24 00:00:00 UTC,295,1222,666656789,6.8395833333333336
2014-02-24 00:00:00 UTC,295,1230,412422689,0.41666666666666663
2014-02-24 00:00:00 UTC,295,1226,412437029,1.1520833333333333
2014-02-24 00:00:00 UTC,295,1230,412439077,0.19902777777777778
2014-02-24 00:00:00 UTC,295,1229,412422956,11.377361111111112
2014-02-24 00:00:00 UTC,295,1230,412422956,16.989166666666669
2014-02-24 00:00:00 UTC,295,1220,412437045,0.73958333333333326
2014-02-24 00:00:00 UTC,295,1222,412501825,1.1283333333333334
2014-02-24 00:00:00 UTC,295,1226,412438605,2.174722222222222
2014-02-24 00:00:00 UTC,295,1230,412438866,5.9872222222222229
2014-02-24 00:00:00 UTC,295,1226,412436563,24.097222222222221
2014-02-24 00:00:00 UTC,295,1229,412430679,9.9323611111111081
2014-02-24 00:00:00 UTC,295,1221,412435032,0.9916666666666667
2014-02-24 00:00:00 UTC,295,1222,412437101,5.6373611111111108
2014-02-24 00:00:00 UTC,295,1227,412438657,6.47861111111111
2014-02-24 00:00:00 UTC,295,1226,412438675,8.23861111111111
2014-02-24 00:00:00 UTC,295,1226,412436372,0.89180555555555552
2014-02-24 00:00:00 UTC,295,1222,412435863,1.8004166666666666
2014-02-24 00:00:00 UTC,295,1221,412436636,5.3756944444444441
2014-02-24 00:00:00 UTC,295,1221,412436897,0.5625
2014-02-24 00:00:00 UTC,295,1220,412436897,2.6929166666666666
2014-02-24 00:00:00 UTC,295,1222,412437926,4.0027777777777773
2014-02-24 00:00:00 UTC,295,1222,412436659,4.5445833333333328
2014-02-24 00:00:00 UTC,295,1222,412435637,8.2843055555555551
2014-02-24 00:00:00 UTC,295,1222,412436917,3.8326388888888885
2014-02-24 00:00:00 UTC,295,1229,412439249,8.16611111111111
2014-02-24 00:00:00 UTC,295,1230,412422638,5.0834722222222215
2014-02-24 00:00:00 UTC,295,1221,412436986,2.5752777777777776
2014-02-24 00:00:00 UTC,295,1220,412436986,0.52263888888888888
2014-02-24 00:00:00 UTC,551,135,219424000,1.566527777777778
2014-02-24 00:00:00 UTC,551,139,219424000,1.2090277777777778
2014-02-24 00:00:00 UTC,551,140,219424000,2.4033333333333333
2014-02-24 00:00:00 UTC,551,-1647,367079950,1.6484722222222221
2014-02-24 00:00:00 UTC,551,-1648,367079950,6.2565277777777784
2014-02-24 00:00:00 UTC,551,189,261007120,0.523888888888889
2014-02-24 00:00:00 UTC,551,185,261007120,1.4906944444444443
2014-02-24 00:00:00 UTC,551,187,261004050,0.21291666666666667
2014-02-24 00:00:00 UTC,551,185,261004050,0.81708333333333327
2014-02-24 00:00:00 UTC,551,186,261004050,0.61083333333333334
2014-02-24 00:00:00 UTC,551,190,261004830,0.32305555555555554
2014-02-24 00:00:00 UTC,551,1510,273567010,1.5923611111111111
2014-02-24 00:00:00 UTC,551,1508,273567010,1.5713888888888889
2014-02-24 00:00:00 UTC,551,1509,273567010,7.9097222222222214
2014-02-24 00:00:00 UTC,551,1511,273567010,3.8
2014-02-24 00:00:00 UTC,551,-12,235060021,6.2359722222222222
2014-02-24 00:00:00 UTC,551,-12,235061052,4.9370833333333328
2014-02-24 00:00:00 UTC,551,-53,235039296,0.8600000000000001
2014-02-24 00:00:00 UTC,551,-12,235000897,4.6343055555555557
2014-02-24 00:00:00 UTC,551,-51,234781000,0.39333333333333331
2014-02-24 00:00:00 UTC,551,-53,234781000,0.39
2014-02-24 00:00:00 UTC,551,-52,234781000,2.20625
2014-02-24 00:00:00 UTC,551,73,246269000,2.4183333333333334
2014-02-24 00:00:00 UTC,551,-13,235075914,1.2045833333333333
2014-02-24 00:00:00 UTC,551,-12,235075914,4.3043055555555556
2014-02-24 00:00:00 UTC,551,1522,273240400,2.9741666666666666
2014-02-24 00:00:00 UTC,551,1502,273846610,0.79055555555555557
2014-02-24 00:00:00 UTC,551,-12,235063378,4.3076388888888886
2014-02-24 00:00:00 UTC,551,1522,273878100,11.004999999999999
2014-02-24 00:00:00 UTC,551,1521,273878100,5.3540277777777776
2014-02-24 00:00:00 UTC,551,-1648,369511000,5.3236111111111111
2014-02-24 00:00:00 UTC,551,111,219007577,3.9198611111111115
2014-02-24 00:00:00 UTC,551,-51,235008862,0.62208333333333332
2014-02-24 00:00:00 UTC,551,-52,235008862,3.0118055555555552
2014-02-24 00:00:00 UTC,551,-50,235008862,0.65652777777777771
2014-02-24 00:00:00 UTC,551,-1646,366761830,6.2827777777777776
2014-02-24 00:00:00 UTC,551,-1647,366761830,1.5551388888888891
2014-02-24 00:00:00 UTC,551,1504,273847400,5.3591666666666669
2014-02-24 00:00:00 UTC,551,1506,273847400,7.1408333333333331
2014-02-24 00:00:00 UTC,551,190,261007210,0.40833333333333338
2014-02-24 00:00:00 UTC,551,1482,273332330,1.5995833333333334
2014-02-24 00:00:00 UTC,551,1483,273332330,1.5315277777777778
2014-02-24 00:00:00 UTC,551,1485,273332330,3.7797222222222224
2014-02-24 00:00:00 UTC,551,-14,235031151,0.94694444444444459
2014-02-24 00:00:00 UTC,551,-13,235031151,0.86083333333333334
2014-02-24 00:00:00 UTC,551,1523,273437810,1.576111111111111
2014-02-24 00:00:00 UTC,551,-52,234999155,1.8704166666666668
2014-02-24 00:00:00 UTC,551,-1644,366480000,1.5208333333333335
2014-02-24 00:00:00 UTC,551,-1645,366480000,2.1044444444444443
2014-02-24 00:00:00 UTC,551,-12,235004290,4.9625
2014-02-24 00:00:00 UTC,551,-13,234757000,1.1736111111111112
2014-02-24 00:00:00 UTC,551,-14,234757000,1.48625
2014-02-24 00:00:00 UTC,551,1518,273893000,7.169027777777778
2014-02-24 00:00:00 UTC,551,1520,273893000,3.7865277777777777
2014-02-24 00:00:00 UTC,551,1516,273893000,5.6584722222222226
2014-02-24 00:00:00 UTC,551,73,244165000,1.2751388888888888
2014-02-24 00:00:00 UTC,551,190,261001880,0.63263888888888886
2014-02-24 00:00:00 UTC,551,-12,235000743,2.6638888888888892
2014-02-24 00:00:00 UTC,551,-13,235000743,1.7880555555555555
2014-02-24 00:00:00 UTC,551,-12,234937000,1.847361111111111
2014-02-24 00:00:00 UTC,551,97,220046000,2.1301388888888888
2014-02-24 00:00:00 UTC,551,98,220046000,2.2513888888888887
2014-02-24 00:00:00 UTC,551,190,261006770,0.99347222222222209
2014-02-24 00:00:00 UTC,551,143,266147000,1.9141666666666668
2014-02-24 00:00:00 UTC,551,137,266147000,1.0951388888888889
2014-02-24 00:00:00 UTC,551,-12,235009978,4.1901388888888889
2014-02-24 00:00:00 UTC,551,-12,235007420,5.056111111111111
2014-02-24 00:00:00 UTC,551,-1647,367064000,3.9009722222222223
2014-02-24 00:00:00 UTC,551,-561,316006850,18.16472222222222
2014-02-24 00:00:00 UTC,551,-562,316006850,1.5958333333333332
2014-02-24 00:00:00 UTC,551,-560,316006850,2.285
2014-02-24 00:00:00 UTC,551,-52,235003589,1.1684722222222224
2014-02-24 00:00:00 UTC,551,109,219007944,1.4168055555555557
2014-02-24 00:00:00 UTC,551,-51,235013325,1.1841666666666666
2014-02-24 00:00:00 UTC,551,-52,235013325,2.4704166666666669
2014-02-24 00:00:00 UTC,551,-53,235021774,0.944861111111111
2014-02-24 00:00:00 UTC,551,133,275191000,3.1108333333333333
2014-02-24 00:00:00 UTC,551,-12,234839000,2.2647222222222223
2014-02-24 00:00:00 UTC,551,-11,232005340,1.4820833333333334
2014-02-24 00:00:00 UTC,551,-12,232005340,1.21625
2014-02-24 00:00:00 UTC,551,-1647,367087330,4.6241666666666656
2014-02-24 00:00:00 UTC,551,-12,235011055,4.7173611111111118
2014-02-24 00:00:00 UTC,551,-12,234806000,0.79416666666666669
2014-02-24 00:00:00 UTC,551,-12,235063795,2.9451388888888888
2014-02-24 00:00:00 UTC,551,-13,235063795,0.45208333333333339
2014-02-24 00:00:00 UTC,551,-1646,367197950,19.522916666666667
2014-02-24 00:00:00 UTC,807,292,258535000,3.1277777777777778
2014-02-24 00:00:00 UTC,807,288,258535000,5.5194444444444448
2014-02-24 00:00:00 UTC,807,290,258535000,1.5570833333333334
2014-02-24 00:00:00 UTC,807,287,258576000,3.1487499999999997
2014-02-24 00:00:00 UTC,807,290,258576000,1.5751388888888889
2014-02-24 00:00:00 UTC,807,294,258576000,1.5540277777777778
2014-02-24 00:00:00 UTC,807,288,258576000,1.5498611111111111
2014-02-24 00:00:00 UTC,807,294,251790000,2.38875
2014-02-24 00:00:00 UTC,807,287,251790000,4.6876388888888894
2014-02-24 00:00:00 UTC,807,290,251790000,4.715416666666667
2014-02-24 00:00:00 UTC,807,286,251790000,3.1140277777777778
2014-02-24 00:00:00 UTC,807,288,251790000,2.3266666666666667
2014-02-24 00:00:00 UTC,-473,-636,701000564,3.1231944444444446
2014-02-24 00:00:00 UTC,-217,127,659322000,4.3256944444444443
2014-02-24 00:00:00 UTC,-217,1578,540004000,4.5070833333333331
2014-02-24 00:00:00 UTC,-217,1575,540004000,0.78083333333333327
2014-02-24 00:00:00 UTC,-217,487,660001500,0.15
2014-02-24 00:00:00 UTC,40,-1613,440778000,1.742777777777778
2014-02-24 00:00:00 UTC,40,-1612,440778000,2.7327777777777778
2014-02-24 00:00:00 UTC,40,-1611,440778000,3.1220833333333333
2014-02-24 00:00:00 UTC,40,1718,553111690,0.82791666666666675
2014-02-24 00:00:00 UTC,40,1714,440410000,5.4790277777777785
2014-02-24 00:00:00 UTC,40,-1796,440612000,1.3511111111111112
2014-02-24 00:00:00 UTC,40,-1788,440612000,0.91444444444444439
2014-02-24 00:00:00 UTC,40,-1800,440612000,0.73361111111111121
2014-02-24 00:00:00 UTC,40,-1799,440612000,0.84875000000000012
2014-02-24 00:00:00 UTC,40,-1789,440612000,1.4213888888888888
2014-02-24 00:00:00 UTC,40,-1798,440612000,0.9191666666666668
2014-02-24 00:00:00 UTC,40,-1790,440612000,1.817361111111111
2014-02-24 00:00:00 UTC,40,1799,440612000,0.49458333333333337
2014-02-24 00:00:00 UTC,40,1797,440590000,1.9479166666666667
2014-02-24 00:00:00 UTC,40,1796,440590000,1.4597222222222221
2014-02-24 00:00:00 UTC,40,-1552,440503000,2.3736111111111113
2014-02-24 00:00:00 UTC,40,-1609,440641000,2.8297222222222218
2014-02-24 00:00:00 UTC,40,1714,529686000,1.7263888888888888
2014-02-24 00:00:00 UTC,40,1714,367359220,3.6852777777777779
2014-02-24 00:00:00 UTC,296,1228,412422656,5.3612499999999983
2014-02-24 00:00:00 UTC,296,1231,412421635,8.53125
2014-02-24 00:00:00 UTC,296,1230,412421635,6.66625
2014-02-24 00:00:00 UTC,296,1228,412422659,4.6393055555555556
2014-02-24 00:00:00 UTC,296,1239,412425222,4.5706944444444444
2014-02-24 00:00:00 UTC,296,1237,412425222,0.40444444444444444
2014-02-24 00:00:00 UTC,296,1238,412425222,1.9111111111111112
2014-02-24 00:00:00 UTC,296,1229,412422671,6.403888888888889
2014-02-24 00:00:00 UTC,296,1228,412422671,13.750972222222222
2014-02-24 00:00:00 UTC,296,1229,412422685,0.4575
2014-02-24 00:00:00 UTC,296,1232,412422688,1.1448611111111111
2014-02-24 00:00:00 UTC,296,1230,412422689,6.2473611111111111
2014-02-24 00:00:00 UTC,296,1223,412436026,6.0430555555555578
2014-02-24 00:00:00 UTC,296,1222,412436026,2.2348611111111114
2014-02-24 00:00:00 UTC,296,1229,412422716,14.308888888888889
2014-02-24 00:00:00 UTC,296,1228,412435773,0.28125
2014-02-24 00:00:00 UTC,296,1228,412435774,3.46
2014-02-24 00:00:00 UTC,296,1232,412422723,0.3495833333333333
2014-02-24 00:00:00 UTC,296,1230,412422723,5.2618055555555561
2014-02-24 00:00:00 UTC,296,1231,412422723,2.3354166666666667
2014-02-24 00:00:00 UTC,296,1229,412438595,0.34569444444444447
2014-02-24 00:00:00 UTC,296,1227,412438605,0.89166666666666672
2014-02-24 00:00:00 UTC,296,1226,412438605,6.4540277777777764
2014-02-24 00:00:00 UTC,296,1230,412438866,5.2959722222222219
2014-02-24 00:00:00 UTC,296,1228,412430679,4.2408333333333337
2014-02-24 00:00:00 UTC,296,1229,412430679,7.56375
2014-02-24 00:00:00 UTC,296,1227,412435549,1.185138888888889
2014-02-24 00:00:00 UTC,296,1231,412422494,3.4258333333333333
2014-02-24 00:00:00 UTC,296,1228,412422529,7.5940277777777787
2014-02-24 00:00:00 UTC,296,1229,412422529,6.9441666666666668
2014-02-24 00:00:00 UTC,296,1226,412438657,2.8165277777777775
2014-02-24 00:00:00 UTC,296,1227,412438657,5.8419444444444446
2014-02-24 00:00:00 UTC,296,1228,412421516,8.8313888888888883
2014-02-24 00:00:00 UTC,296,1228,412422797,4.6376388888888886
2014-02-24 00:00:00 UTC,296,1228,412422287,13.672916666666667
2014-02-24 00:00:00 UTC,296,1226,412438675,10.11263888888889
2014-02-24 00:00:00 UTC,296,1217,412439472,0.30611111111111111
2014-02-24 00:00:00 UTC,296,1227,412438197,1.69
2014-02-24 00:00:00 UTC,296,1228,412438198,1.2880555555555557
2014-02-24 00:00:00 UTC,296,1227,412438198,0.8287500000000001
2014-02-24 00:00:00 UTC,296,1225,412422603,3.8177777777777777
2014-02-24 00:00:00 UTC,296,1225,412422609,5.6570833333333335
2014-02-24 00:00:00 UTC,296,1230,412439249,0.55847222222222226
2014-02-24 00:00:00 UTC,296,1229,412439249,1.2459722222222223
2014-02-24 00:00:00 UTC,296,1229,412422638,9.642083333333332
2014-02-24 00:00:00 UTC,296,1230,412422638,0.34930555555555554
2014-02-24 00:00:00 UTC,296,1228,412421372,1.8179166666666666
2014-02-24 00:00:00 UTC,296,1228,412422908,10.357222222222221
2014-02-24 00:00:00 UTC,552,1523,273877000,11.764861111111111
2014-02-24 00:00:00 UTC,552,171,261001740,0.38319444444444445
2014-02-24 00:00:00 UTC,552,172,261001740,5.2745833333333323
2014-02-24 00:00:00 UTC,552,173,261001740,6.0384722222222216
2014-02-24 00:00:00 UTC,552,175,261001740,2.0065277777777779
2014-02-24 00:00:00 UTC,552,185,261004830,2.0525
2014-02-24 00:00:00 UTC,552,184,261004830,2.0054166666666666
2014-02-24 00:00:00 UTC,552,1523,273876000,3.1248611111111111
2014-02-24 00:00:00 UTC,552,1509,273567010,3.7952777777777778
2014-02-24 00:00:00 UTC,552,1549,273429800,3.7630555555555558
2014-02-24 00:00:00 UTC,552,1551,273429800,12.826527777777779
2014-02-24 00:00:00 UTC,552,-1640,338185000,1.5193055555555555
2014-02-24 00:00:00 UTC,552,-1641,338185000,7.5493055555555539
2014-02-24 00:00:00 UTC,552,-1639,367460660,2.9947222222222223
2014-02-24 00:00:00 UTC,552,-51,235039296,3.0018055555555554
2014-02-24 00:00:00 UTC,552,-53,235039296,1.8648611111111113
2014-02-24 00:00:00 UTC,552,-50,235039296,0.95055555555555549
2014-02-24 00:00:00 UTC,552,-49,235039296,3.513611111111111
2014-02-24 00:00:00 UTC,552,-52,235039296,1.3170833333333334
2014-02-24 00:00:00 UTC,552,-12,235000897,1.86125
2014-02-24 00:00:00 UTC,552,-51,234781000,3.0718055555555552
2014-02-24 00:00:00 UTC,552,-52,234781000,4.9926388888888891
2014-02-24 00:00:00 UTC,552,-53,234781000,0.29194444444444445
2014-02-24 00:00:00 UTC,552,-50,234781000,0.8633333333333334
2014-02-24 00:00:00 UTC,552,-49,234781000,1.185972222222222
2014-02-24 00:00:00 UTC,552,73,246269000,5.8731944444444437
2014-02-24 00:00:00 UTC,552,1523,273240400,4.7758333333333329
2014-02-24 00:00:00 UTC,552,-13,235001680,5.39513888888889
2014-02-24 00:00:00 UTC,552,1523,273878100,7.1554166666666665
2014-02-24 00:00:00 UTC,552,173,261014360,0.8091666666666667
2014-02-24 00:00:00 UTC,552,174,261014360,4.9170833333333333
2014-02-24 00:00:00 UTC,552,175,261014360,4.32125
2014-02-24 00:00:00 UTC,552,-49,235008862,0.23875000000000002
2014-02-24 00:00:00 UTC,552,-51,235008862,6.8943055555555555
2014-02-24 00:00:00 UTC,552,-50,235008862,1.2897222222222222
2014-02-24 00:00:00 UTC,552,-52,235008862,0.71763888888888894
2014-02-24 00:00:00 UTC,552,1522,273811300,6.4152777777777779
2014-02-24 00:00:00 UTC,552,1523,273811300,1.5859722222222223
2014-02-24 00:00:00 UTC,552,1523,273896300,2.9252777777777776
2014-02-24 00:00:00 UTC,552,-13,235031151,3.139305555555556
2014-02-24 00:00:00 UTC,552,1522,273437810,5.5748611111111117
2014-02-24 00:00:00 UTC,552,1523,273437810,3.1452777777777778
2014-02-24 00:00:00 UTC,552,174,261003890,1.7366666666666668
2014-02-24 00:00:00 UTC,552,175,261003890,2.1154166666666669
2014-02-24 00:00:00 UTC,552,173,261003890,6.0820833333333324
2014-02-24 00:00:00 UTC,552,-51,234999155,4.0320833333333335
2014-02-24 00:00:00 UTC,552,-52,234999155,3.3465277777777778
2014-02-24 00:00:00 UTC,552,-53,234999155,0.7583333333333333
2014-02-24 00:00:00 UTC,552,74,211319670,7.1773611111111109
2014-02-24 00:00:00 UTC,552,75,211319670,3.64375
2014-02-24 00:00:00 UTC,552,185,261003640,0.42486111111111113
2014-02-24 00:00:00 UTC,552,-1644,366480000,0.7779166666666667
2014-02-24 00:00:00 UTC,552,-1643,366480000,1.5736111111111111
2014-02-24 00:00:00 UTC,552,-1645,366480000,0.82208333333333339
2014-02-24 00:00:00 UTC,552,110,219009415,4.0408333333333335
2014-02-24 00:00:00 UTC,552,-14,234757000,1.1081944444444445
2014-02-24 00:00:00 UTC,552,1522,273893000,3.13625
2014-02-24 00:00:00 UTC,552,72,211320460,2.7905555555555557
2014-02-24 00:00:00 UTC,552,73,211320460,1.7720833333333332
2014-02-24 00:00:00 UTC,552,71,211320460,0.47527777777777774
2014-02-24 00:00:00 UTC,552,-12,235000743,4.178055555555555
2014-02-24 00:00:00 UTC,552,-12,234937000,0.36708333333333332
2014-02-24 00:00:00 UTC,552,-11,234937000,4.399861111111111
2014-02-24 00:00:00 UTC,552,1523,273825710,1.56125
2014-02-24 00:00:00 UTC,552,-13,235009978,0.7583333333333333
2014-02-24 00:00:00 UTC,552,-12,235009978,5.20375
2014-02-24 00:00:00 UTC,552,-12,235007420,0.23986111111111111
2014-02-24 00:00:00 UTC,552,-51,235000765,1.5894444444444444
2014-02-24 00:00:00 UTC,552,-51,235003589,3.7309722222222219
2014-02-24 00:00:00 UTC,552,-52,235003589,2.6951388888888888
2014-02-24 00:00:00 UTC,552,-53,235003589,2.4501388888888891
2014-02-24 00:00:00 UTC,552,128,218125000,0.25138888888888888
2014-02-24 00:00:00 UTC,552,110,219007944,1.2615277777777776
2014-02-24 00:00:00 UTC,552,-51,235013325,5.7736111111111112
2014-02-24 00:00:00 UTC,552,-50,235013325,0.40861111111111109
2014-02-24 00:00:00 UTC,552,-52,235013325,2.6284722222222219
2014-02-24 00:00:00 UTC,552,-52,235021774,1.6633333333333336
2014-02-24 00:00:00 UTC,552,-53,235021774,2.1444444444444444
2014-02-24 00:00:00 UTC,552,174,261003990,1.9734722222222225
2014-02-24 00:00:00 UTC,552,173,261003990,10.230416666666667
2014-02-24 00:00:00 UTC,552,111,219011032,1.6769444444444446
2014-02-24 00:00:00 UTC,552,110,219011032,4.818888888888889
2014-02-24 00:00:00 UTC,552,-12,234806000,0.43875
2014-02-24 00:00:00 UTC,552,-12,235063795,4.87236111111111
2014-02-24 00:00:00 UTC,808,294,258535000,1.5738888888888889
2014-02-24 00:00:00 UTC,808,290,258535000,6.2304166666666667
2014-02-24 00:00:00 UTC,808,292,258535000,3.9345833333333333
2014-02-24 00:00:00 UTC,808,289,258535000,1.5443055555555556
2014-02-24 00:00:00 UTC,808,291,258576000,3.1168055555555556
2014-02-24 00:00:00 UTC,808,288,258576000,4.6873611111111106
2014-02-24 00:00:00 UTC,808,292,258576000,1.5416666666666665
2014-02-24 00:00:00 UTC,808,289,258576000,3.1556944444444444
2014-02-24 00:00:00 UTC,808,293,258576000,1.5790277777777777
2014-02-24 00:00:00 UTC,808,288,251790000,1.5651388888888889
2014-02-24 00:00:00 UTC,808,287,251790000,1.5597222222222222
2014-02-24 00:00:00 UTC,808,289,251790000,1.5597222222222222
2014-02-24 00:00:00 UTC,-472,-640,701006144,11.896944444444445
2014-02-24 00:00:00 UTC,-472,-636,701000564,8.75152777777778
2014-02-24 00:00:00 UTC,-472,-636,701000597,11.93263888888889
2014-02-24 00:00:00 UTC,-472,-596,440100000,9.3661111111111115
2014-02-24 00:00:00 UTC,-472,-635,701000867,11.725138888888889
2014-02-24 00:00:00 UTC,-472,-638,701007026,10.316527777777779
2014-02-24 00:00:00 UTC,-472,-639,701000632,10.367777777777777
2014-02-24 00:00:00 UTC,-472,-756,725000896,5.8733333333333331
2014-02-24 00:00:00 UTC,-472,-638,701000667,2.3595833333333331
2014-02-24 00:00:00 UTC,-216,127,659322000,5.1438888888888883
2014-02-24 00:00:00 UTC,-216,1574,540004000,4.8538888888888891
2014-02-24 00:00:00 UTC,-216,487,660001500,1.9101388888888891
2014-02-24 00:00:00 UTC,41,-1611,440778000,1.2570833333333333
2014-02-24 00:00:00 UTC,41,-1759,440549000,0.43638888888888888
2014-02-24 00:00:00 UTC,41,-1760,440549000,0.95291666666666652
2014-02-24 00:00:00 UTC,41,1798,440612000,1.0470833333333334
2014-02-24 00:00:00 UTC,41,-1793,440612000,5.3891666666666671
2014-02-24 00:00:00 UTC,41,-1792,440612000,1.8654166666666667
2014-02-24 00:00:00 UTC,41,-1789,440612000,1.4329166666666666
2014-02-24 00:00:00 UTC,41,-1790,440612000,2.59125
2014-02-24 00:00:00 UTC,41,-1791,440612000,3.7813888888888889
2014-02-24 00:00:00 UTC,41,1795,440590000,0.92263888888888879
2014-02-24 00:00:00 UTC,41,1796,440590000,1.7765277777777779
2014-02-24 00:00:00 UTC,41,-1552,440503000,0.75847222222222221
2014-02-24 00:00:00 UTC,41,-1553,440503000,1.3990277777777778
2014-02-24 00:00:00 UTC,41,1566,431116000,4.5261111111111108
2014-02-24 00:00:00 UTC,41,-1609,440641000,2.6427777777777774
2014-02-24 00:00:00 UTC,297,1228,412422656,16.042083333333334
2014-02-24 00:00:00 UTC,297,1230,412421635,8.63125
2014-02-24 00:00:00 UTC,297,1228,412422659,15.326805555555557
2014-02-24 00:00:00 UTC,297,1228,412422661,21.60125
2014-02-24 00:00:00 UTC,297,1229,412422685,3.9054166666666665
2014-02-24 00:00:00 UTC,297,1231,412422688,13.272222222222224
2014-02-24 00:00:00 UTC,297,1228,412435773,2.2063888888888887
2014-02-24 00:00:00 UTC,297,1228,412435774,1.9940277777777777
2014-02-24 00:00:00 UTC,297,1230,412422723,2.0547222222222223
2014-02-24 00:00:00 UTC,297,1232,412422723,2.0608333333333335
2014-02-24 00:00:00 UTC,297,1231,412422723,4.4665277777777774
2014-02-24 00:00:00 UTC,297,1227,412438605,4.6563888888888894
2014-02-24 00:00:00 UTC,297,1228,412435287,7.8055555555555554
2014-02-24 00:00:00 UTC,297,1227,412435287,0.48986111111111108
2014-02-24 00:00:00 UTC,297,1228,412435547,2.4715277777777778
2014-02-24 00:00:00 UTC,297,1228,412435549,2.5666666666666669
2014-02-24 00:00:00 UTC,297,1231,412422494,11.516527777777775
2014-02-24 00:00:00 UTC,297,1232,412422494,1.2327777777777778
2014-02-24 00:00:00 UTC,297,1228,412438623,1.5431944444444443
2014-02-24 00:00:00 UTC,297,1227,412438623,0.60097222222222224
2014-02-24 00:00:00 UTC,297,1227,412435046,1.1651388888888889
2014-02-24 00:00:00 UTC,297,1228,412435046,0.52916666666666667
2014-02-24 00:00:00 UTC,297,1229,412423027,5.6534722222222218
2014-02-24 00:00:00 UTC,297,1230,412423027,4.6045833333333341
2014-02-24 00:00:00 UTC,297,1228,412423032,16.981388888888887
2014-02-24 00:00:00 UTC,297,1229,412438656,11.573194444444443
2014-02-24 00:00:00 UTC,297,1227,412438657,1.3706944444444444
2014-02-24 00:00:00 UTC,297,1228,412436616,1.3502777777777777
2014-02-24 00:00:00 UTC,297,1227,412436616,0.52027777777777784
2014-02-24 00:00:00 UTC,297,1228,412421516,15.253749999999997
2014-02-24 00:00:00 UTC,297,1229,412422797,5.628750000000001
2014-02-24 00:00:00 UTC,297,1228,412422797,9.0508333333333315
2014-02-24 00:00:00 UTC,297,1226,412438675,0.62930555555555556
2014-02-24 00:00:00 UTC,297,1227,412438675,5.1956944444444453
2014-02-24 00:00:00 UTC,297,1228,412422577,19.016666666666662
2014-02-24 00:00:00 UTC,297,1228,412438197,0.925138888888889
2014-02-24 00:00:00 UTC,297,1227,412438197,2.0809722222222224
2014-02-24 00:00:00 UTC,297,1228,412438198,1.2663888888888888
2014-02-24 00:00:00 UTC,297,1227,412438198,1.8402777777777777
2014-02-24 00:00:00 UTC,297,1232,412422583,2.6725
2014-02-24 00:00:00 UTC,297,1224,412433851,0.68916666666666671
2014-02-24 00:00:00 UTC,297,1223,412433851,1.236388888888889
2014-02-24 00:00:00 UTC,297,1225,412422603,4.1504166666666666
2014-02-24 00:00:00 UTC,297,1224,412422603,15.611527777777779
2014-02-24 00:00:00 UTC,297,1228,412439243,0.27069444444444446
2014-02-24 00:00:00 UTC,297,1223,223233231,1.6438888888888892
2014-02-24 00:00:00 UTC,297,1224,223233231,5.0611111111111091
2014-02-24 00:00:00 UTC,297,1224,412422609,5.6743055555555548
2014-02-24 00:00:00 UTC,297,1225,412422609,11.015416666666667
2014-02-24 00:00:00 UTC,297,1228,412439249,1.2997222222222224
2014-02-24 00:00:00 UTC,297,1227,412439249,1.4458333333333333
2014-02-24 00:00:00 UTC,297,1230,412439249,0.77097222222222228
2014-02-24 00:00:00 UTC,297,1227,412436444,2.7222222222222223
2014-02-24 00:00:00 UTC,297,1228,412422127,2.2226388888888886
2014-02-24 00:00:00 UTC,297,1228,412421367,8.9690277777777787
2014-02-24 00:00:00 UTC,297,1228,412421369,19.586805555555557
2014-02-24 00:00:00 UTC,297,1228,412421372,12.783194444444444
2014-02-24 00:00:00 UTC,297,1228,412422908,9.3588888888888881
2014-02-24 00:00:00 UTC,553,-53,235004420,1.5902777777777779
2014-02-24 00:00:00 UTC,553,-52,235004420,8.9966666666666679
2014-02-24 00:00:00 UTC,553,1526,273877000,1.5984722222222221
2014-02-24 00:00:00 UTC,553,1530,273877000,5.3345833333333328
2014-02-24 00:00:00 UTC,553,184,261004830,0.51541666666666663
2014-02-24 00:00:00 UTC,553,1521,273876000,4.6251388888888894
2014-02-24 00:00:00 UTC,553,1523,273876000,11.574583333333333
2014-02-24 00:00:00 UTC,553,1550,273429800,5.3530555555555548
2014-02-24 00:00:00 UTC,553,-1641,338185000,14.330277777777779
2014-02-24 00:00:00 UTC,553,-1638,367460660,9.5506944444444439
2014-02-24 00:00:00 UTC,553,-1637,367460660,7.9361111111111118
2014-02-24 00:00:00 UTC,553,-1650,367603000,0.83555555555555572
2014-02-24 00:00:00 UTC,553,185,261006140,1.4722222222222223
2014-02-24 00:00:00 UTC,553,-52,235039296,0.38763888888888887
2014-02-24 00:00:00 UTC,553,-51,235039296,3.3883333333333332
2014-02-24 00:00:00 UTC,553,-52,234781000,0.40680555555555553
2014-02-24 00:00:00 UTC,553,-51,234781000,1.0622222222222222
2014-02-24 00:00:00 UTC,553,73,246269000,3.5918055555555553
2014-02-24 00:00:00 UTC,553,1523,273240400,4.5323611111111113
2014-02-24 00:00:00 UTC,553,72,211815000,0.64569444444444446
2014-02-24 00:00:00 UTC,553,73,211815000,3.326111111111111
2014-02-24 00:00:00 UTC,553,75,211815000,0.63763888888888887
2014-02-24 00:00:00 UTC,553,74,211815000,1.1447222222222222
2014-02-24 00:00:00 UTC,553,180,275164000,7.9801388888888889
2014-02-24 00:00:00 UTC,553,179,275164000,11.309999999999999
2014-02-24 00:00:00 UTC,553,1523,273811300,3.7568055555555557
2014-02-24 00:00:00 UTC,553,1550,273896300,5.5686111111111112
2014-02-24 00:00:00 UTC,553,1523,273896300,2.3895833333333334
2014-02-24 00:00:00 UTC,553,1524,273896300,3.0233333333333334
2014-02-24 00:00:00 UTC,553,-15,235031151,0.72361111111111109
2014-02-24 00:00:00 UTC,553,1524,273437810,0.84152777777777776
2014-02-24 00:00:00 UTC,553,1523,273437810,11.542222222222222
2014-02-24 00:00:00 UTC,553,-53,234999155,0.73444444444444446
2014-02-24 00:00:00 UTC,553,-54,234999155,1.1887500000000002
2014-02-24 00:00:00 UTC,553,75,211319670,0.36805555555555558
2014-02-24 00:00:00 UTC,553,74,211319670,0.76569444444444446
2014-02-24 00:00:00 UTC,553,186,261003640,0.22430555555555554
2014-02-24 00:00:00 UTC,553,1551,273821310,11.21125
2014-02-24 00:00:00 UTC,553,-13,234757000,8.4529166666666669
2014-02-24 00:00:00 UTC,553,-1652,303429000,2.9377777777777778
2014-02-24 00:00:00 UTC,553,-1650,303429000,1.5954166666666667
2014-02-24 00:00:00 UTC,553,147,219013001,7.2281944444444441
2014-02-24 00:00:00 UTC,553,148,219013001,12.630277777777778
2014-02-24 00:00:00 UTC,553,73,211320460,5.9454166666666675
2014-02-24 00:00:00 UTC,553,74,211320460,4.0412499999999989
2014-02-24 00:00:00 UTC,553,75,211320460,0.27805555555555556
2014-02-24 00:00:00 UTC,553,1523,273825710,1.527638888888889
2014-02-24 00:00:00 UTC,553,-12,235004600,1.5158333333333334
2014-02-24 00:00:00 UTC,553,-11,235004600,6.2966666666666669
2014-02-24 00:00:00 UTC,553,-49,235000765,0.99458333333333326
2014-02-24 00:00:00 UTC,553,-51,235000765,4.3436111111111124
2014-02-24 00:00:00 UTC,553,-50,235000765,3.8197222222222229
2014-02-24 00:00:00 UTC,553,-52,235001029,4.2166666666666659
2014-02-24 00:00:00 UTC,553,-51,235001029,2.2640277777777782
2014-02-24 00:00:00 UTC,553,-54,235003589,1.4984722222222224
2014-02-24 00:00:00 UTC,553,110,219007944,0.37388888888888888
2014-02-24 00:00:00 UTC,553,-53,235021774,3.2209722222222221
2014-02-24 00:00:00 UTC,553,110,219011032,1.5091666666666668
2014-02-24 00:00:00 UTC,553,-1654,367372000,0.76222222222222225
2014-02-24 00:00:00 UTC,553,-1652,367372000,1.5318055555555556
2014-02-24 00:00:00 UTC,553,74,244854000,1.07
2014-02-24 00:00:00 UTC,553,73,244854000,3.5077777777777781
2014-02-24 00:00:00 UTC,553,76,244854000,0.94027777777777777
2014-02-24 00:00:00 UTC,553,75,244854000,1.1590277777777778
2014-02-24 00:00:00 UTC,553,-12,235063795,2.4772222222222222
2014-02-24 00:00:00 UTC,-471,-637,701006183,11.914722222222222
2014-02-24 00:00:00 UTC,-471,-639,701000875,7.9844444444444438
2014-02-24 00:00:00 UTC,-471,-638,701000875,2.3552777777777778
2014-02-24 00:00:00 UTC,-471,-638,701000631,6.0997222222222227
2014-02-24 00:00:00 UTC,-471,-639,701000632,1.5472222222222223
2014-02-24 00:00:00 UTC,-471,-757,725000896,8.3429166666666674
2014-02-24 00:00:00 UTC,-471,-756,725000896,10.052361111111111
2014-02-24 00:00:00 UTC,-471,-637,701000667,7.174722222222222
2014-02-24 00:00:00 UTC,-471,-638,701000667,2.3731944444444446
2014-02-24 00:00:00 UTC,-471,-635,701000672,3.1544444444444446
2014-02-24 00:00:00 UTC,-471,-636,701000945,11.901944444444446
2014-02-24 00:00:00 UTC,-471,-637,701000959,2.3358333333333334
2014-02-24 00:00:00 UTC,-215,127,659322000,1.4980555555555557
2014-02-24 00:00:00 UTC,-215,123,441667000,1.5241666666666667
2014-02-24 00:00:00 UTC,-215,122,441667000,1.8640277777777778
2014-02-24 00:00:00 UTC,42,-1611,440778000,1.6651388888888889
2014-02-24 00:00:00 UTC,42,-1594,440617000,1.89375
2014-02-24 00:00:00 UTC,42,-1586,440617000,0.95472222222222214
2014-02-24 00:00:00 UTC,42,-1585,440617000,0.91986111111111113
2014-02-24 00:00:00 UTC,42,-1593,440617000,1.8369444444444445
2014-02-24 00:00:00 UTC,42,-1584,440617000,1.54
2014-02-24 00:00:00 UTC,42,-1674,440647000,3.5986111111111114
2014-02-24 00:00:00 UTC,42,-1675,440647000,3.7569444444444446
2014-02-24 00:00:00 UTC,42,-1672,440647000,2.0408333333333335
2014-02-24 00:00:00 UTC,42,-1671,440647000,2.3748611111111111
2014-02-24 00:00:00 UTC,42,-1673,440647000,1.1316666666666666
2014-02-24 00:00:00 UTC,42,-1760,440549000,1.3608333333333333
2014-02-24 00:00:00 UTC,42,-1761,440549000,1.8069444444444445
2014-02-24 00:00:00 UTC,42,1590,416002477,3.5668055555555553
2014-02-24 00:00:00 UTC,42,1792,440590000,1.9911111111111111
2014-02-24 00:00:00 UTC,42,1796,440590000,1.4166666666666667
2014-02-24 00:00:00 UTC,42,1794,440590000,1.1640277777777777
2014-02-24 00:00:00 UTC,42,-1599,440504000,1.3620833333333335
2014-02-24 00:00:00 UTC,42,-1552,440503000,1.3041666666666667
2014-02-24 00:00:00 UTC,42,-1553,440503000,1.6777777777777778
2014-02-24 00:00:00 UTC,42,-1605,440641000,1.7829166666666667
2014-02-24 00:00:00 UTC,42,-1609,440641000,1.8399999999999999
2014-02-24 00:00:00 UTC,42,-1607,440641000,1.8481944444444445
2014-02-24 00:00:00 UTC,298,1230,412422664,1.5105555555555554
2014-02-24 00:00:00 UTC,298,1231,412422664,1.4280555555555556
2014-02-24 00:00:00 UTC,298,1229,412422664,1.6983333333333333
2014-02-24 00:00:00 UTC,298,1226,412486687,2.5365277777777773
2014-02-24 00:00:00 UTC,298,1225,412486687,0.71597222222222223
2014-02-24 00:00:00 UTC,298,1227,412486687,0.76527777777777772
2014-02-24 00:00:00 UTC,298,1231,412422688,9.1084722222222219
2014-02-24 00:00:00 UTC,298,1228,412436519,1.9288888888888891
2014-02-24 00:00:00 UTC,298,1228,412436521,2.2809722222222222
2014-02-24 00:00:00 UTC,298,1240,413529129,0.6036111111111111
2014-02-24 00:00:00 UTC,298,1230,412420399,3.5844444444444443
2014-02-24 00:00:00 UTC,298,1228,412435773,4.7429166666666669
2014-02-24 00:00:00 UTC,298,1228,412435774,4.0634722222222228
2014-02-24 00:00:00 UTC,298,1232,412439104,0.73722222222222222
2014-02-24 00:00:00 UTC,298,1231,412422723,3.3112499999999994
2014-02-24 00:00:00 UTC,298,1228,412412483,2.3606944444444444
2014-02-24 00:00:00 UTC,298,1227,412412483,6.5202777777777765
2014-02-24 00:00:00 UTC,298,1227,412412484,5.8976388888888884
2014-02-24 00:00:00 UTC,298,1228,412412484,2.40125
2014-02-24 00:00:00 UTC,298,1225,412410443,24.099722222222233
2014-02-24 00:00:00 UTC,298,1225,412438867,0.86333333333333329
2014-02-24 00:00:00 UTC,298,1226,412438867,1.4058333333333333
2014-02-24 00:00:00 UTC,298,1231,412422996,0.27444444444444444
2014-02-24 00:00:00 UTC,298,1228,412435287,2.0862499999999997
2014-02-24 00:00:00 UTC,298,1228,412435547,0.88305555555555548
2014-02-24 00:00:00 UTC,298,1228,412435549,1.242777777777778
2014-02-24 00:00:00 UTC,298,1231,412422494,7.8647222222222224
2014-02-24 00:00:00 UTC,298,1225,412438623,2.0876388888888888
2014-02-24 00:00:00 UTC,298,1226,412438623,0.70819444444444435
2014-02-24 00:00:00 UTC,298,1228,412435046,3.5018055555555563
2014-02-24 00:00:00 UTC,298,1227,412435046,4.4411111111111117
2014-02-24 00:00:00 UTC,298,1229,412423027,0.84388888888888891
2014-02-24 00:00:00 UTC,298,1231,412423027,0.49111111111111111
2014-02-24 00:00:00 UTC,298,1230,412423027,8.0133333333333336
2014-02-24 00:00:00 UTC,298,1228,412423032,6.3169444444444434
2014-02-24 00:00:00 UTC,298,1228,412436616,3.4291666666666667
2014-02-24 00:00:00 UTC,298,1227,412436616,5.1383333333333336
2014-02-24 00:00:00 UTC,298,1228,412422797,5.0826388888888889
2014-02-24 00:00:00 UTC,298,1240,412437655,0.82902777777777781
2014-02-24 00:00:00 UTC,298,1230,412422552,3.5605555555555553
2014-02-24 00:00:00 UTC,298,1222,412439451,0.22902777777777777
2014-02-24 00:00:00 UTC,298,1225,412411041,2.3312500000000003
2014-02-24 00:00:00 UTC,298,1228,412435115,0.52791666666666659
2014-02-24 00:00:00 UTC,298,1227,412435115,0.18944444444444442
2014-02-24 00:00:00 UTC,298,1228,412435116,1.1872222222222222
2014-02-24 00:00:00 UTC,298,1226,412410545,7.7804166666666665
2014-02-24 00:00:00 UTC,298,1227,412410545,9.360694444444448
2014-02-24 00:00:00 UTC,298,1229,412422323,2.7018055555555556
2014-02-24 00:00:00 UTC,298,1227,412410548,10.104722222222223
2014-02-24 00:00:00 UTC,298,1228,412438197,6.2270833333333346
2014-02-24 00:00:00 UTC,298,1227,412438197,1.6773611111111109
2014-02-24 00:00:00 UTC,298,1227,412438198,1.4965277777777779
2014-02-24 00:00:00 UTC,298,1228,412438198,6.1659722222222229
2014-02-24 00:00:00 UTC,298,1232,412422583,10.425972222222221
2014-02-24 00:00:00 UTC,298,1230,412422587,1.23625
2014-02-24 00:00:00 UTC,298,1224,412411069,1.6701388888888891
2014-02-24 00:00:00 UTC,298,1227,412410566,0.59722222222222221
2014-02-24 00:00:00 UTC,298,1228,412422348,1.3875000000000002
2014-02-24 00:00:00 UTC,298,1225,412422609,1.67375
2014-02-24 00:00:00 UTC,298,1227,412410336,11.975972222222223
2014-02-24 00:00:00 UTC,298,1226,412410336,9.66888888888889
2014-02-24 00:00:00 UTC,298,1226,412410337,9.2440277777777773
2014-02-24 00:00:00 UTC,298,1227,412410337,6.1693055555555549
2014-02-24 00:00:00 UTC,298,1225,412410339,0.84486111111111106
2014-02-24 00:00:00 UTC,298,1225,412417763,9.4198611111111124
2014-02-24 00:00:00 UTC,298,1224,412417763,9.0243055555555554
2014-02-24 00:00:00 UTC,298,1228,412421372,5.1709722222222219
2014-02-24 00:00:00 UTC,554,-97,232005120,11.741805555555555
2014-02-24 00:00:00 UTC,554,-52,235004420,0.26652777777777781
2014-02-24 00:00:00 UTC,554,1549,273429800,1.5490277777777779
2014-02-24 00:00:00 UTC,554,185,261004850,7.8876388888888886
2014-02-24 00:00:00 UTC,554,186,261004850,3.5698611111111114
2014-02-24 00:00:00 UTC,554,-1637,367460660,2.9325
2014-02-24 00:00:00 UTC,554,-1650,367603000,1.5987500000000001
2014-02-24 00:00:00 UTC,554,185,261006140,3.423888888888889
2014-02-24 00:00:00 UTC,554,-1654,366899520,1.5151388888888888
2014-02-24 00:00:00 UTC,554,73,246269000,0.4393055555555555
2014-02-24 00:00:00 UTC,554,81,220242000,0.84347222222222218
2014-02-24 00:00:00 UTC,554,1524,273811300,6.9306944444444447
2014-02-24 00:00:00 UTC,554,80,219001189,1.0931944444444444
2014-02-24 00:00:00 UTC,554,81,219001189,1.3575
2014-02-24 00:00:00 UTC,554,82,219001189,1.2623611111111113
2014-02-24 00:00:00 UTC,554,1523,273896300,1.6016666666666666
2014-02-24 00:00:00 UTC,554,1524,273896300,1.5759722222222221
2014-02-24 00:00:00 UTC,554,1524,273437810,0.8372222222222222
2014-02-24 00:00:00 UTC,554,185,261003640,1.5256944444444445
2014-02-24 00:00:00 UTC,554,186,261003640,9.71125
2014-02-24 00:00:00 UTC,554,186,261003910,0.77486111111111111
2014-02-24 00:00:00 UTC,554,185,261003910,4.9733333333333345
2014-02-24 00:00:00 UTC,554,-1650,303429000,3.0363888888888884
2014-02-24 00:00:00 UTC,554,-1652,303429000,1.5390277777777777
2014-02-24 00:00:00 UTC,554,146,219013001,0.21666666666666667
2014-02-24 00:00:00 UTC,554,147,219013001,1.7976388888888888
2014-02-24 00:00:00 UTC,554,-12,235004600,7.0188888888888892
2014-02-24 00:00:00 UTC,554,-49,235000765,1.205138888888889
2014-02-24 00:00:00 UTC,554,-51,235001029,3.8593055555555562
2014-02-24 00:00:00 UTC,554,-52,235001029,0.46708333333333335
2014-02-24 00:00:00 UTC,554,185,261005270,3.6729166666666671
2014-02-24 00:00:00 UTC,554,187,261005270,2.7058333333333335
2014-02-24 00:00:00 UTC,554,186,261005270,1.01625
2014-02-24 00:00:00 UTC,554,148,265751000,1.8723611111111111
2014-02-24 00:00:00 UTC,554,-1654,367372000,6.2916666666666661
2014-02-24 00:00:00 UTC,554,-1652,367372000,5.5626388888888894
2014-02-24 00:00:00 UTC,554,-1653,367372000,1.6847222222222222
2014-02-24 00:00:00 UTC,-470,-632,701006143,4.5834722222222224
2014-02-24 00:00:00 UTC,-470,-635,701006147,11.889166666666668
2014-02-24 00:00:00 UTC,-470,-631,701000517,6.3955555555555561
2014-02-24 00:00:00 UTC,-470,-636,701006149,10.272916666666665
2014-02-24 00:00:00 UTC,-470,-637,701000857,11.919444444444444
2014-02-24 00:00:00 UTC,-470,-639,701000860,11.891944444444444
2014-02-24 00:00:00 UTC,-470,-639,701000875,1.5301388888888887
2014-02-24 00:00:00 UTC,-470,-638,701000631,6.4002777777777782
2014-02-24 00:00:00 UTC,-470,-635,701000672,8.7141666666666673
2014-02-24 00:00:00 UTC,-470,-636,701006069,3.17375
2014-02-24 00:00:00 UTC,-470,-637,701000959,7.1943055555555553
2014-02-24 00:00:00 UTC,-214,122,441667000,3.1879166666666667
2014-02-24 00:00:00 UTC,43,-1603,440992000,1.5611111111111109
2014-02-24 00:00:00 UTC,43,-1611,440778000,1.3081944444444444
2014-02-24 00:00:00 UTC,43,-1587,440617000,1.8380555555555556
2014-02-24 00:00:00 UTC,43,-1592,440617000,2.4365277777777776
2014-02-24 00:00:00 UTC,43,-1590,440617000,2.3143055555555554
2014-02-24 00:00:00 UTC,43,-1588,440617000,1.8194444444444442
2014-02-24 00:00:00 UTC,43,-1591,440617000,0.76027777777777772
2014-02-24 00:00:00 UTC,43,-1584,440617000,0.82166666666666666
2014-02-24 00:00:00 UTC,43,-1599,440595000,1.5156944444444445
2014-02-24 00:00:00 UTC,43,-1600,440595000,5.5416666666666679
2014-02-24 00:00:00 UTC,43,-1598,440595000,0.91125
2014-02-24 00:00:00 UTC,43,-1593,440595000,2.6744444444444446
2014-02-24 00:00:00 UTC,43,-1592,440595000,0.98388888888888892
2014-02-24 00:00:00 UTC,43,-1669,440647000,1.7737499999999997
2014-02-24 00:00:00 UTC,43,-1667,440647000,1.8344444444444443
2014-02-24 00:00:00 UTC,43,-1668,440647000,3.2970833333333336
2014-02-24 00:00:00 UTC,43,-1670,440647000,2.0931944444444444
2014-02-24 00:00:00 UTC,43,-1763,440549000,1.8777777777777778
2014-02-24 00:00:00 UTC,43,-1761,440549000,1.8304166666666668
2014-02-24 00:00:00 UTC,43,-1762,440549000,3.748472222222222
2014-02-24 00:00:00 UTC,43,-1764,440549000,1.8359722222222223
2014-02-24 00:00:00 UTC,43,1589,416002477,11.370972222222221
2014-02-24 00:00:00 UTC,43,1587,416002477,5.8711111111111114
2014-02-24 00:00:00 UTC,43,1796,440590000,1.7013888888888888
2014-02-24 00:00:00 UTC,43,-1599,440504000,1.1740277777777779
2014-02-24 00:00:00 UTC,43,-1598,440504000,0.905
2014-02-24 00:00:00 UTC,43,-1601,440504000,4.7477777777777774
2014-02-24 00:00:00 UTC,43,-1594,440504000,0.93444444444444441
2014-02-24 00:00:00 UTC,43,-1600,440504000,1.5481944444444444
2014-02-24 00:00:00 UTC,43,-1554,440503000,1.2433333333333332
2014-02-24 00:00:00 UTC,43,-1609,440641000,5.3420833333333331
2014-02-24 00:00:00 UTC,43,-1597,440950000,0.94111111111111112
2014-02-24 00:00:00 UTC,43,-1598,440950000,1.7895833333333333
2014-02-24 00:00:00 UTC,43,-1599,440950000,1.8395833333333333
2014-02-24 00:00:00 UTC,43,-1600,440950000,1.8106944444444446
2014-02-24 00:00:00 UTC,299,1228,412422919,1.361388888888889
2014-02-24 00:00:00 UTC,299,1230,412422919,2.1933333333333329
2014-02-24 00:00:00 UTC,299,1229,412422919,2.56875
2014-02-24 00:00:00 UTC,299,1231,412422664,0.59555555555555562
2014-02-24 00:00:00 UTC,299,1229,412422664,4.2131944444444445
2014-02-24 00:00:00 UTC,299,1230,412422664,10.99513888888889
2014-02-24 00:00:00 UTC,299,1222,900238859,2.9394444444444443
2014-02-24 00:00:00 UTC,299,1227,412486687,4.5256944444444445
2014-02-24 00:00:00 UTC,299,1225,412486687,0.78680555555555554
2014-02-24 00:00:00 UTC,299,1226,412486687,4.1834722222222211
2014-02-24 00:00:00 UTC,299,1228,412436519,3.4005555555555551
2014-02-24 00:00:00 UTC,299,1227,412436519,0.85
2014-02-24 00:00:00 UTC,299,1228,412436521,2.9045833333333331
2014-02-24 00:00:00 UTC,299,1227,412436521,0.98625000000000007
2014-02-24 00:00:00 UTC,299,1239,413529129,3.7275
2014-02-24 00:00:00 UTC,299,1240,413529129,12.895138888888889
2014-02-24 00:00:00 UTC,299,1230,412420399,12.989861111111109
2014-02-24 00:00:00 UTC,299,1230,412420411,2.5723611111111113
2014-02-24 00:00:00 UTC,299,1227,412412483,9.2058333333333326
2014-02-24 00:00:00 UTC,299,1227,412412484,8.8865277777777774
2014-02-24 00:00:00 UTC,299,1237,412422988,2.2268055555555555
2014-02-24 00:00:00 UTC,299,1238,412422988,0.35805555555555557
2014-02-24 00:00:00 UTC,299,1228,412438867,3.9830555555555565
2014-02-24 00:00:00 UTC,299,1226,412438867,5.4113888888888884
2014-02-24 00:00:00 UTC,299,1225,412438867,1.6951388888888888
2014-02-24 00:00:00 UTC,299,1229,412435287,0.59680555555555559
2014-02-24 00:00:00 UTC,299,1228,412435287,0.98291666666666666
2014-02-24 00:00:00 UTC,299,1225,412438623,3.0676388888888888
2014-02-24 00:00:00 UTC,299,1226,412438623,6.2655555555555553
2014-02-24 00:00:00 UTC,299,1227,412435046,10.031111111111111
2014-02-24 00:00:00 UTC,299,1230,412423027,2.115
2014-02-24 00:00:00 UTC,299,1231,412423027,0.99888888888888894
2014-02-24 00:00:00 UTC,299,1230,412422785,12.110555555555555
2014-02-24 00:00:00 UTC,299,1228,412422786,0.54958333333333331
2014-02-24 00:00:00 UTC,299,1226,412436616,1.3170833333333334
2014-02-24 00:00:00 UTC,299,1227,412436616,5.9080555555555563
2014-02-24 00:00:00 UTC,299,1240,412437655,5.216388888888889
2014-02-24 00:00:00 UTC,299,1230,412422552,12.050555555555555
2014-02-24 00:00:00 UTC,299,1225,412439451,7.7686111111111114
2014-02-24 00:00:00 UTC,299,1226,412439451,1.7723611111111111
2014-02-24 00:00:00 UTC,299,1224,412411041,0.52791666666666659
2014-02-24 00:00:00 UTC,299,1225,412411041,3.0576388888888895
2014-02-24 00:00:00 UTC,299,1228,412435115,1.2031944444444442
2014-02-24 00:00:00 UTC,299,1227,412435115,4.8602777777777781
2014-02-24 00:00:00 UTC,299,1227,412435116,5.3505555555555553
2014-02-24 00:00:00 UTC,299,1228,412435116,1.0811111111111111
2014-02-24 00:00:00 UTC,299,1227,412410545,2.2016666666666671
2014-02-24 00:00:00 UTC,299,1229,412422323,5.2624999999999993
2014-02-24 00:00:00 UTC,299,1228,412422323,11.085972222222221
2014-02-24 00:00:00 UTC,299,1228,412438197,2.8398611111111109
2014-02-24 00:00:00 UTC,299,1227,412438197,4.495277777777777
2014-02-24 00:00:00 UTC,299,1228,412438198,4.179166666666668
2014-02-24 00:00:00 UTC,299,1227,412438198,3.2737499999999997
2014-02-24 00:00:00 UTC,299,1232,412422583,2.7440277777777777
2014-02-24 00:00:00 UTC,299,1226,412410551,8.9930555555555571
2014-02-24 00:00:00 UTC,299,1225,412410551,1.1716666666666669
2014-02-24 00:00:00 UTC,299,1230,412422587,0.25847222222222221
2014-02-24 00:00:00 UTC,299,1229,412422332,8.0541666666666671
2014-02-24 00:00:00 UTC,299,1230,412422332,9.4719444444444427
2014-02-24 00:00:00 UTC,299,1225,412410566,1.3079166666666666
2014-02-24 00:00:00 UTC,299,1226,412410566,6.5529166666666665
2014-02-24 00:00:00 UTC,299,1228,412422348,7.1308333333333334
2014-02-24 00:00:00 UTC,299,1226,412439514,1.8563888888888891
2014-02-24 00:00:00 UTC,299,1225,412439514,1.9083333333333332
2014-02-24 00:00:00 UTC,299,1228,412436444,2.6656944444444446
2014-02-24 00:00:00 UTC,299,1229,412436444,0.18305555555555555
2014-02-24 00:00:00 UTC,299,1225,412410339,12.75
2014-02-24 00:00:00 UTC,299,1226,412410339,4.1627777777777775
2014-02-24 00:00:00 UTC,299,1231,412422382,1.6855555555555555
2014-02-24 00:00:00 UTC,299,1230,412422382,4.2847222222222223
2014-02-24 00:00:00 UTC,555,158,266048000,1.38875
2014-02-24 00:00:00 UTC,555,-95,228106800,20.424305555555556
2014-02-24 00:00:00 UTC,555,-99,228106800,11.765277777777778
2014-02-24 00:00:00 UTC,555,-1651,367603000,4.4681944444444444
2014-02-24 00:00:00 UTC,555,-1635,338140000,7.0676388888888892
2014-02-24 00:00:00 UTC,555,-60,235000676,1.4570833333333335
2014-02-24 00:00:00 UTC,555,-61,235000676,2.108888888888889
2014-02-24 00:00:00 UTC,555,79,219001189,2.3794444444444443
2014-02-24 00:00:00 UTC,555,77,219001189,2.1248611111111111
2014-02-24 00:00:00 UTC,555,-1634,367124070,4.0038888888888895
2014-02-24 00:00:00 UTC,555,-1635,367124070,5.09375
2014-02-24 00:00:00 UTC,555,185,261003910,0.30402777777777779
2014-02-24 00:00:00 UTC,555,184,261003910,1.9068055555555556
2014-02-24 00:00:00 UTC,555,-14,234757000,8.3970833333333346
2014-02-24 00:00:00 UTC,555,-11,234937000,5.2690277777777768
2014-02-24 00:00:00 UTC,555,-12,234937000,5.543333333333333
2014-02-24 00:00:00 UTC,555,1542,273825710,3.7640277777777778
2014-02-24 00:00:00 UTC,555,-12,235004600,0.31944444444444442
2014-02-24 00:00:00 UTC,555,-10,235004600,5.326944444444444
2014-02-24 00:00:00 UTC,555,-11,235004600,0.84263888888888894
2014-02-24 00:00:00 UTC,555,-1650,367108560,0.7911111111111111
2014-02-24 00:00:00 UTC,555,145,265751000,1.0630555555555556
2014-02-24 00:00:00 UTC,555,146,265751000,1.3693055555555556
2014-02-24 00:00:00 UTC,555,147,265751000,2.0138888888888888
2014-02-24 00:00:00 UTC,555,-15,235022071,0.54138888888888892
2014-02-24 00:00:00 UTC,555,-16,235022071,1.2527777777777778
2014-02-24 00:00:00 UTC,-469,-639,701000962,10.338750000000001
2014-02-24 00:00:00 UTC,-469,-631,701000517,1.55375
2014-02-24 00:00:00 UTC,-469,-633,701006151,11.752222222222223
2014-02-24 00:00:00 UTC,-469,-635,701000551,12.68625
2014-02-24 00:00:00 UTC,-469,-634,701000681,11.735138888888889
2014-02-24 00:00:00 UTC,-469,-636,701006069,3.1019444444444444
2014-02-24 00:00:00 UTC,-213,1578,540004000,4.6433333333333335
2014-02-24 00:00:00 UTC,-213,1573,540004000,5.745972222222222
2014-02-24 00:00:00 UTC,-213,493,660005300,7.8345833333333337
2014-02-24 00:00:00 UTC,-213,121,441667000,5.0605555555555553
2014-02-24 00:00:00 UTC,44,-1600,440992000,0.83055555555555549
2014-02-24 00:00:00 UTC,44,-1603,440992000,1.8430555555555554
2014-02-24 00:00:00 UTC,44,-1602,440992000,0.8801388888888888
2014-02-24 00:00:00 UTC,44,-1596,440992000,0.93027777777777776
2014-02-24 00:00:00 UTC,44,-1601,440992000,0.82819444444444446
2014-02-24 00:00:00 UTC,44,-1608,440778000,1.8244444444444445
2014-02-24 00:00:00 UTC,44,-1610,440778000,1.893888888888889
2014-02-24 00:00:00 UTC,44,-1609,440778000,1.8330555555555557
2014-02-24 00:00:00 UTC,44,-1596,440595000,1.3098611111111111
2014-02-24 00:00:00 UTC,44,-1595,440595000,1.9069444444444446
2014-02-24 00:00:00 UTC,44,-1597,440595000,1.6666666666666667
2014-02-24 00:00:00 UTC,44,-1594,440595000,1.8516666666666668
2014-02-24 00:00:00 UTC,44,-1672,440647000,0.85152777777777777
2014-02-24 00:00:00 UTC,44,-1766,440549000,1.6887500000000002
2014-02-24 00:00:00 UTC,44,-1767,440549000,3.237916666666667
2014-02-24 00:00:00 UTC,44,-1765,440549000,3.1722222222222225
2014-02-24 00:00:00 UTC,44,1796,440590000,0.69861111111111107
2014-02-24 00:00:00 UTC,44,1795,440590000,1.6084722222222221
2014-02-24 00:00:00 UTC,44,-1596,440504000,1.8201388888888888
2014-02-24 00:00:00 UTC,44,-1597,440504000,1.8129166666666667
2014-02-24 00:00:00 UTC,44,-1595,440504000,1.835
2014-02-24 00:00:00 UTC,44,1786,440770000,1.5644444444444443
2014-02-24 00:00:00 UTC,44,-1554,440503000,1.1663888888888889
2014-02-24 00:00:00 UTC,44,-249,224140000,1.1043055555555554
2014-02-24 00:00:00 UTC,44,-1599,440950000,1.8219444444444446
2014-02-24 00:00:00 UTC,44,-1595,440950000,1.3106944444444444
2014-02-24 00:00:00 UTC,44,-1596,440950000,3.5198611111111111
2014-02-24 00:00:00 UTC,44,-1597,440950000,2.4269444444444441
2014-02-24 00:00:00 UTC,44,-1617,224651000,3.6738888888888885
2014-02-24 00:00:00 UTC,44,-1618,224651000,0.9441666666666666
2014-02-24 00:00:00 UTC,300,1237,412420354,3.224305555555556
2014-02-24 00:00:00 UTC,300,1230,412422919,10.084166666666665
2014-02-24 00:00:00 UTC,300,1229,412422919,3.9713888888888893
2014-02-24 00:00:00 UTC,300,1230,412422664,2.3562499999999997
2014-02-24 00:00:00 UTC,300,1226,412486687,2.5020833333333332
2014-02-24 00:00:00 UTC,300,1227,412486687,1.5773611111111112
2014-02-24 00:00:00 UTC,300,1228,412436519,6.6115277777777779
2014-02-24 00:00:00 UTC,300,1229,412436519,3.1986111111111115
2014-02-24 00:00:00 UTC,300,1228,412436521,6.5544444444444441
2014-02-24 00:00:00 UTC,300,1229,412436521,3.3459722222222226
2014-02-24 00:00:00 UTC,300,1230,412421675,1.4345833333333333
2014-02-24 00:00:00 UTC,300,1231,412421675,0.4916666666666667
2014-02-24 00:00:00 UTC,300,1229,412420399,2.306805555555556
2014-02-24 00:00:00 UTC,300,1230,412420399,4.6872222222222213
2014-02-24 00:00:00 UTC,300,1228,412436545,1.2666666666666666
2014-02-24 00:00:00 UTC,300,1229,412436545,3.9034722222222227
2014-02-24 00:00:00 UTC,300,1227,412412483,5.0876388888888879
2014-02-24 00:00:00 UTC,300,1227,412412484,5.7806944444444435
2014-02-24 00:00:00 UTC,300,1237,412422988,2.1812500000000004
2014-02-24 00:00:00 UTC,300,1238,412422988,1.1530555555555555
2014-02-24 00:00:00 UTC,300,1230,412436559,1.4156944444444446
2014-02-24 00:00:00 UTC,300,1228,412436559,1.3399999999999999
2014-02-24 00:00:00 UTC,300,1229,412436559,2.3852777777777781
2014-02-24 00:00:00 UTC,300,1228,412438867,3.8288888888888888
2014-02-24 00:00:00 UTC,300,1227,412438867,1.3952777777777778
2014-02-24 00:00:00 UTC,300,1226,412438867,1.7201388888888889
2014-02-24 00:00:00 UTC,300,1237,412422997,2.7723611111111111
2014-02-24 00:00:00 UTC,300,1229,412435287,3.1881944444444446
2014-02-24 00:00:00 UTC,300,1223,700000856,0.73166666666666669
2014-02-24 00:00:00 UTC,300,1229,412435547,3.2063888888888892
2014-02-24 00:00:00 UTC,300,1229,412435549,3.5275
2014-02-24 00:00:00 UTC,300,1226,412438623,3.0916666666666659
2014-02-24 00:00:00 UTC,300,1225,412438623,0.82638888888888884
2014-02-24 00:00:00 UTC,300,1231,412422498,0.35916666666666663
2014-02-24 00:00:00 UTC,300,1230,412422498,0.74694444444444441
2014-02-24 00:00:00 UTC,300,1227,412435046,3.4893055555555552
2014-02-24 00:00:00 UTC,300,1228,412421493,16.663194444444446
2014-02-24 00:00:00 UTC,300,1228,412422786,3.5686111111111112
2014-02-24 00:00:00 UTC,300,1227,412436616,3.3591666666666669
2014-02-24 00:00:00 UTC,300,1226,412436616,1.6276388888888889
2014-02-24 00:00:00 UTC,300,1225,412439189,0.67541666666666655
2014-02-24 00:00:00 UTC,300,1228,412439189,2.8849999999999993
2014-02-24 00:00:00 UTC,300,1227,412439189,0.22305555555555556
2014-02-24 00:00:00 UTC,300,1226,412439189,0.52347222222222212
2014-02-24 00:00:00 UTC,300,1230,412422552,7.6111111111111116
2014-02-24 00:00:00 UTC,300,1228,412422565,0.95791666666666675
2014-02-24 00:00:00 UTC,300,1228,412435115,6.4476388888888891
2014-02-24 00:00:00 UTC,300,1230,412435115,0.22958333333333333
2014-02-24 00:00:00 UTC,300,1229,412435115,2.8926388888888894
2014-02-24 00:00:00 UTC,300,1229,412435116,2.716388888888889
2014-02-24 00:00:00 UTC,300,1228,412435116,7.0086111111111125
2014-02-24 00:00:00 UTC,300,1223,412439472,2.5165277777777773
2014-02-24 00:00:00 UTC,300,1228,412422323,3.8134722222222219
2014-02-24 00:00:00 UTC,300,1227,412422323,0.27083333333333337
2014-02-24 00:00:00 UTC,300,1228,412438197,1.0315277777777778
2014-02-24 00:00:00 UTC,300,1227,412438197,2.0143055555555556
2014-02-24 00:00:00 UTC,300,1227,412438198,1.7991666666666666
2014-02-24 00:00:00 UTC,300,1228,412438198,0.77513888888888882
2014-02-24 00:00:00 UTC,300,1226,412410551,2.4369444444444439
2014-02-24 00:00:00 UTC,300,1224,412433851,1.1240277777777776
2014-02-24 00:00:00 UTC,300,1227,412438724,0.3208333333333333
2014-02-24 00:00:00 UTC,300,1226,412410566,4.0625
2014-02-24 00:00:00 UTC,300,1228,412422348,6.7134722222222223
2014-02-24 00:00:00 UTC,300,1226,412422348,0.24972222222222223
2014-02-24 00:00:00 UTC,300,1227,412422348,6.8425000000000011
2014-02-24 00:00:00 UTC,300,1228,412422363,12.687638888888895
2014-02-24 00:00:00 UTC,300,1229,412436444,3.1838888888888892
2014-02-24 00:00:00 UTC,300,1228,412422627,6.69875
2014-02-24 00:00:00 UTC,300,1228,412421354,2.1594444444444449
2014-02-24 00:00:00 UTC,300,1230,412422382,14.47875
2014-02-24 00:00:00 UTC,300,1231,412422382,0.5083333333333333
2014-02-24 00:00:00 UTC,300,1228,412422133,0.72375000000000012
2014-02-24 00:00:00 UTC,556,-94,232005120,6.4515277777777778
2014-02-24 00:00:00 UTC,556,157,266048000,0.41736111111111107
2014-02-24 00:00:00 UTC,556,158,266048000,0.93305555555555553
2014-02-24 00:00:00 UTC,556,-1629,367411730,6.2845833333333339
2014-02-24 00:00:00 UTC,556,-59,235000676,1.6579166666666667
2014-02-24 00:00:00 UTC,556,-61,235000676,0.64777777777777779
2014-02-24 00:00:00 UTC,556,-60,235000676,5.2102777777777787
2014-02-24 00:00:00 UTC,556,77,219001189,4.598749999999999
2014-02-24 00:00:00 UTC,556,78,219001189,1.8393055555555553
2014-02-24 00:00:00 UTC,556,-1634,367124070,7.8719444444444449
2014-02-24 00:00:00 UTC,556,145,266160000,2.2086111111111109
2014-02-24 00:00:00 UTC,556,-1634,366864000,7.8219444444444441
2014-02-24 00:00:00 UTC,556,184,261003910,0.92527777777777787
2014-02-24 00:00:00 UTC,556,185,261003910,1.8845833333333333
2014-02-24 00:00:00 UTC,556,-1633,338693000,11.004305555555556
2014-02-24 00:00:00 UTC,556,-15,234757000,0.56388888888888888
2014-02-24 00:00:00 UTC,556,-16,234757000,0.37944444444444447
2014-02-24 00:00:00 UTC,556,-14,234757000,0.65694444444444455
2014-02-24 00:00:00 UTC,556,145,266137000,6.9165277777777776
2014-02-24 00:00:00 UTC,556,146,266137000,5.7363888888888885
2014-02-24 00:00:00 UTC,556,158,266062000,0.72236111111111112
2014-02-24 00:00:00 UTC,556,-12,235004600,0.4861111111111111
2014-02-24 00:00:00 UTC,556,-14,235004600,0.21097222222222223
2014-02-24 00:00:00 UTC,556,-76,250370000,0.24305555555555552
2014-02-24 00:00:00 UTC,556,145,265751000,0.95402777777777781
2014-02-24 00:00:00 UTC,556,-17,235078372,1.9776388888888889
2014-02-24 00:00:00 UTC,556,-16,235078372,0.29569444444444448
2014-02-24 00:00:00 UTC,556,-15,235022071,1.5358333333333336
2014-02-24 00:00:00 UTC,556,-16,235022071,1.3247222222222224
2014-02-24 00:00:00 UTC,556,157,266059000,0.935138888888889
2014-02-24 00:00:00 UTC,-468,-607,441769000,4.6301388888888884
2014-02-24 00:00:00 UTC,-468,-630,701006133,5.6563888888888894
2014-02-24 00:00:00 UTC,-468,-633,701000547,11.752916666666668
2014-02-24 00:00:00 UTC,-468,-630,701000623,11.914583333333333
2014-02-24 00:00:00 UTC,-468,-632,701000940,11.735972222222223
2014-02-24 00:00:00 UTC,-468,-630,701000689,7.6940277777777784
2014-02-24 00:00:00 UTC,-212,121,441667000,4.2754166666666666
2014-02-24 00:00:00 UTC,45,-1601,440992000,3.657083333333333
2014-02-24 00:00:00 UTC,45,-1602,440992000,1.8066666666666666
2014-02-24 00:00:00 UTC,45,-1672,440647000,1.0695833333333333
2014-02-24 00:00:00 UTC,45,-1512,432881000,1.75125
2014-02-24 00:00:00 UTC,45,-1511,432881000,1.8126388888888887
2014-02-24 00:00:00 UTC,45,1786,440770000,0.71652777777777776
2014-02-24 00:00:00 UTC,45,-1555,440503000,1.8320833333333333
2014-02-24 00:00:00 UTC,45,-1552,440503000,1.96625
2014-02-24 00:00:00 UTC,45,-249,224140000,1.2275
2014-02-24 00:00:00 UTC,45,-1594,440950000,2.0409722222222224
2014-02-24 00:00:00 UTC,45,-1592,440950000,1.5855555555555556
2014-02-24 00:00:00 UTC,45,-1595,440950000,1.90375
2014-02-24 00:00:00 UTC,45,-1616,224651000,6.0290277777777783
2014-02-24 00:00:00 UTC,45,-1617,224651000,4.0193055555555555
2014-02-24 00:00:00 UTC,301,1237,412420354,1.4769444444444444
2014-02-24 00:00:00 UTC,301,1226,412486687,1.8233333333333333
2014-02-24 00:00:00 UTC,301,1227,412486687,0.28277777777777779
2014-02-24 00:00:00 UTC,301,1229,412439071,1.5477777777777777
2014-02-24 00:00:00 UTC,301,1230,412439071,2.3802777777777777
2014-02-24 00:00:00 UTC,301,1228,412436519,2.2577777777777777
2014-02-24 00:00:00 UTC,301,1229,412436519,5.2508333333333335
2014-02-24 00:00:00 UTC,301,1229,412436521,4.7484722222222224
2014-02-24 00:00:00 UTC,301,1228,412436521,2.5772222222222219
2014-02-24 00:00:00 UTC,301,1231,412421675,16.270833333333336
2014-02-24 00:00:00 UTC,301,1227,412422188,12.682916666666669
2014-02-24 00:00:00 UTC,301,1222,412370996,0.2225
2014-02-24 00:00:00 UTC,301,1223,412370996,7.1881944444444423
2014-02-24 00:00:00 UTC,301,1235,412422453,9.6586111111111119
2014-02-24 00:00:00 UTC,301,1236,412422453,0.30402777777777779
2014-02-24 00:00:00 UTC,301,1236,412420161,11.870416666666667
2014-02-24 00:00:00 UTC,301,1228,412436545,1.1308333333333334
2014-02-24 00:00:00 UTC,301,1230,412436545,0.20430555555555557
2014-02-24 00:00:00 UTC,301,1229,412436545,3.9908333333333341
2014-02-24 00:00:00 UTC,301,1228,412422725,18.864583333333336
2014-02-24 00:00:00 UTC,301,1237,412422475,0.32999999999999996
2014-02-24 00:00:00 UTC,301,1237,412422988,1.465
2014-02-24 00:00:00 UTC,301,1228,412436559,0.24180555555555555
2014-02-24 00:00:00 UTC,301,1229,412436559,3.1311111111111112
2014-02-24 00:00:00 UTC,301,1230,412436559,1.5027777777777778
2014-02-24 00:00:00 UTC,301,1229,412439378,1.9172222222222219
2014-02-24 00:00:00 UTC,301,1230,412439378,0.69972222222222225
2014-02-24 00:00:00 UTC,301,1226,412438867,1.2404166666666667
2014-02-24 00:00:00 UTC,301,1237,412422997,2.7559722222222227
2014-02-24 00:00:00 UTC,301,1229,412435287,1.0847222222222221
2014-02-24 00:00:00 UTC,301,1237,412421465,0.30819444444444444
2014-02-24 00:00:00 UTC,301,1229,412435547,1.5622222222222222
2014-02-24 00:00:00 UTC,301,1229,412435549,1.5622222222222222
2014-02-24 00:00:00 UTC,301,1231,412422498,11.027916666666668
2014-02-24 00:00:00 UTC,301,1230,412422498,2.2438888888888893
2014-02-24 00:00:00 UTC,301,1237,412423011,0.66319444444444442
2014-02-24 00:00:00 UTC,301,1227,412436616,0.52430555555555558
2014-02-24 00:00:00 UTC,301,1224,412435093,1.0369444444444444
2014-02-24 00:00:00 UTC,301,1227,412439189,0.523611111111111
2014-02-24 00:00:00 UTC,301,1226,412439189,0.76416666666666655
2014-02-24 00:00:00 UTC,301,1228,412439189,2.5877777777777777
2014-02-24 00:00:00 UTC,301,1223,412413334,0.2375
2014-02-24 00:00:00 UTC,301,1229,412435115,3.4305555555555558
2014-02-24 00:00:00 UTC,301,1228,412435115,0.92083333333333339
2014-02-24 00:00:00 UTC,301,1230,412435115,0.92236111111111119
2014-02-24 00:00:00 UTC,301,1230,412435116,0.57513888888888887
2014-02-24 00:00:00 UTC,301,1228,412435116,0.860138888888889
2014-02-24 00:00:00 UTC,301,1229,412435116,3.7962499999999997
2014-02-24 00:00:00 UTC,301,1227,412410551,0.20111111111111113
2014-02-24 00:00:00 UTC,301,1230,412422587,1.1613888888888888
2014-02-24 00:00:00 UTC,301,1229,412438724,1.8665277777777776
2014-02-24 00:00:00 UTC,301,1226,412438724,0.59986111111111107
2014-02-24 00:00:00 UTC,301,1227,412410566,0.99430555555555555
2014-02-24 00:00:00 UTC,301,1228,412410566,3.5502777777777776
2014-02-24 00:00:00 UTC,301,1226,412422348,0.8075
2014-02-24 00:00:00 UTC,301,1229,412436444,1.0538888888888889
2014-02-24 00:00:00 UTC,301,1217,412411111,21.104444444444447
2014-02-24 00:00:00 UTC,301,1230,412422382,1.8520833333333331
2014-02-24 00:00:00 UTC,557,157,266048000,0.84319444444444447
2014-02-24 00:00:00 UTC,557,-1631,367658000,1.6294444444444443
2014-02-24 00:00:00 UTC,557,-1632,367658000,6.9925
2014-02-24 00:00:00 UTC,557,-1630,367411730,6.95875
2014-02-24 00:00:00 UTC,557,-1629,367411730,10.170694444444445
2014-02-24 00:00:00 UTC,557,1484,273440600,6.410972222222223
2014-02-24 00:00:00 UTC,557,1486,273440600,1.588888888888889
2014-02-24 00:00:00 UTC,557,-1633,367124070,6.3541666666666661
2014-02-24 00:00:00 UTC,557,-1636,366864000,1.5098611111111111
2014-02-24 00:00:00 UTC,557,147,266052000,5.1084722222222219
2014-02-24 00:00:00 UTC,557,146,266052000,1.7279166666666668
2014-02-24 00:00:00 UTC,557,148,266052000,0.64722222222222214
2014-02-24 00:00:00 UTC,557,1543,273825710,1.5805555555555555
2014-02-24 00:00:00 UTC,557,157,266062000,1.1863888888888889
2014-02-24 00:00:00 UTC,557,1543,273810610,0.84416666666666673
2014-02-24 00:00:00 UTC,557,-1589,366245060,7.9619444444444438
2014-02-24 00:00:00 UTC,557,-76,250370000,0.89569444444444435
2014-02-24 00:00:00 UTC,557,127,219005662,0.41097222222222224
2014-02-24 00:00:00 UTC,557,128,219005662,3.4220833333333336
2014-02-24 00:00:00 UTC,557,-15,235078372,3.5798611111111112
2014-02-24 00:00:00 UTC,557,-16,235078372,2.1145833333333335
2014-02-24 00:00:00 UTC,557,154,266315000,3.5652777777777778
2014-02-24 00:00:00 UTC,557,155,266315000,3.7486111111111109
2014-02-24 00:00:00 UTC,557,157,266059000,0.73625
2014-02-24 00:00:00 UTC,557,156,266059000,0.74374999999999991
2014-02-24 00:00:00 UTC,-467,1701,441182000,1.4701388888888889
2014-02-24 00:00:00 UTC,-467,-631,701006133,4.6858333333333331
2014-02-24 00:00:00 UTC,-211,1140,503179400,6.0002777777777778
2014-02-24 00:00:00 UTC,46,-1601,440992000,2.8283333333333331
2014-02-24 00:00:00 UTC,46,-1609,440778000,1.6001388888888888
2014-02-24 00:00:00 UTC,46,-1663,441660000,1.8325
2014-02-24 00:00:00 UTC,46,-1510,432881000,2.3177777777777777
2014-02-24 00:00:00 UTC,46,1795,440590000,1.8962499999999998
2014-02-24 00:00:00 UTC,46,1786,440770000,0.85402777777777772
2014-02-24 00:00:00 UTC,46,-1555,440503000,1.8251388888888889
2014-02-24 00:00:00 UTC,46,-1593,440950000,1.8554166666666667
2014-02-24 00:00:00 UTC,46,-1594,440950000,1.797638888888889
2014-02-24 00:00:00 UTC,302,1231,412424467,4.2926388888888889
2014-02-24 00:00:00 UTC,302,1231,412424469,6.74125
2014-02-24 00:00:00 UTC,302,1231,412421398,4.5383333333333322
2014-02-24 00:00:00 UTC,302,1237,412422681,2.0368055555555555
2014-02-24 00:00:00 UTC,302,1231,412424476,3.6145833333333335
2014-02-24 00:00:00 UTC,302,1236,412422173,9.0923611111111136
2014-02-24 00:00:00 UTC,302,1230,412439071,10.986666666666668
2014-02-24 00:00:00 UTC,302,1238,412422441,3.3852777777777776
2014-02-24 00:00:00 UTC,302,1237,412422186,2.5275
2014-02-24 00:00:00 UTC,302,1237,412422703,2.2894444444444444
2014-02-24 00:00:00 UTC,302,1236,412422453,2.7061111111111109
2014-02-24 00:00:00 UTC,302,1236,412420161,2.9640277777777775
2014-02-24 00:00:00 UTC,302,1229,412436545,0.87388888888888883
2014-02-24 00:00:00 UTC,302,1236,412422475,2.1043055555555554
2014-02-24 00:00:00 UTC,302,1237,412422987,2.2193055555555556
2014-02-24 00:00:00 UTC,302,1229,412436559,1.2286111111111113
2014-02-24 00:00:00 UTC,302,1229,412439378,1.0430555555555556
2014-02-24 00:00:00 UTC,302,1230,412439378,7.5122222222222215
2014-02-24 00:00:00 UTC,302,1237,412422997,3.7343055555555553
2014-02-24 00:00:00 UTC,302,1238,412421465,0.89236111111111116
2014-02-24 00:00:00 UTC,302,1225,556677211,4.6015277777777781
2014-02-24 00:00:00 UTC,302,1237,412423011,3.2473611111111107
2014-02-24 00:00:00 UTC,302,1237,412421504,1.764861111111111
2014-02-24 00:00:00 UTC,302,1236,412421504,1.4830555555555556
2014-02-24 00:00:00 UTC,302,1238,412421764,9.9336111111111123
2014-02-24 00:00:00 UTC,302,1237,412422533,5.0829166666666667
2014-02-24 00:00:00 UTC,302,-293,224016530,4.4666666666666668
2014-02-24 00:00:00 UTC,302,1228,412439189,0.25777777777777777
2014-02-24 00:00:00 UTC,302,1224,412411285,2.3819444444444442
2014-02-24 00:00:00 UTC,302,1217,412412566,1.6263888888888887
2014-02-24 00:00:00 UTC,302,1218,412412566,2.2118055555555554
2014-02-24 00:00:00 UTC,302,1234,412421536,2.8281944444444442
2014-02-24 00:00:00 UTC,302,1227,412410551,1.3015277777777778
2014-02-24 00:00:00 UTC,302,1228,412410551,3.0501388888888887
2014-02-24 00:00:00 UTC,302,1229,412438724,1.2333333333333334
2014-02-24 00:00:00 UTC,302,1237,412400073,9.0515277777777765
2014-02-24 00:00:00 UTC,302,1223,412411094,3.81611111111111
2014-02-24 00:00:00 UTC,302,1237,412422898,6.9375
2014-02-24 00:00:00 UTC,302,1236,412422898,1.6901388888888889
2014-02-24 00:00:00 UTC,558,-1634,367658000,7.9612500000000006
2014-02-24 00:00:00 UTC,558,-1637,367109910,1.3198611111111109
2014-02-24 00:00:00 UTC,558,-1636,367109910,1.5320833333333335
2014-02-24 00:00:00 UTC,558,-1638,367109910,4.5891666666666673
2014-02-24 00:00:00 UTC,558,-1637,338643000,0.78194444444444444
2014-02-24 00:00:00 UTC,558,-1636,338643000,1.6231944444444444
2014-02-24 00:00:00 UTC,558,1487,273440600,3.762777777777778
2014-02-24 00:00:00 UTC,558,-1636,366864000,9.3781944444444445
2014-02-24 00:00:00 UTC,558,-1635,366864000,4.6886111111111113
2014-02-24 00:00:00 UTC,558,-1634,338693000,7.2222222222222223
2014-02-24 00:00:00 UTC,558,148,266052000,0.39597222222222217
2014-02-24 00:00:00 UTC,558,1543,273825710,5.6580555555555554
2014-02-24 00:00:00 UTC,558,-1635,366947000,1.5055555555555555
2014-02-24 00:00:00 UTC,558,-1634,366947000,16.641805555555557
2014-02-24 00:00:00 UTC,558,-1637,366947000,3.7886111111111109
2014-02-24 00:00:00 UTC,558,185,219469000,3.6759722222222218
2014-02-24 00:00:00 UTC,558,-75,250370000,0.31236111111111109
2014-02-24 00:00:00 UTC,558,-76,250370000,3.3080555555555549
2014-02-24 00:00:00 UTC,558,155,266050000,4.4898611111111109
2014-02-24 00:00:00 UTC,558,154,266050000,2.0419444444444443
2014-02-24 00:00:00 UTC,558,1542,273828310,7.1720833333333331
2014-02-24 00:00:00 UTC,558,156,266059000,1.2198611111111111
2014-02-24 00:00:00 UTC,-466,-605,441769000,2.1280555555555556
2014-02-24 00:00:00 UTC,-466,-606,441769000,2.3455555555555554
2014-02-24 00:00:00 UTC,-466,1702,441182000,1.4490277777777778
2014-02-24 00:00:00 UTC,-466,1703,441182000,0.28597222222222218
2014-02-24 00:00:00 UTC,-466,-606,416233800,11.907499999999999
2014-02-24 00:00:00 UTC,-210,1657,540010800,5.7901388888888894
2014-02-24 00:00:00 UTC,-210,119,441667000,4.0609722222222224
2014-02-24 00:00:00 UTC,47,-1601,440992000,5.924027777777777
2014-02-24 00:00:00 UTC,47,-1664,441660000,3.4402777777777778
2014-02-24 00:00:00 UTC,47,-1509,432881000,1.3795833333333332
2014-02-24 00:00:00 UTC,47,-1508,432881000,1.76375
2014-02-24 00:00:00 UTC,47,1794,440590000,5.4822222222222221
2014-02-24 00:00:00 UTC,47,1786,440770000,0.8306944444444444
2014-02-24 00:00:00 UTC,47,-1555,440503000,3.5909722222222222
2014-02-24 00:00:00 UTC,47,-249,224140000,1.8794444444444447
2014-02-24 00:00:00 UTC,303,1218,412411136,2.0393055555555555
2014-02-24 00:00:00 UTC,303,1231,412424461,13.713472222222221
2014-02-24 00:00:00 UTC,303,1231,412424462,6.9658333333333333
2014-02-24 00:00:00 UTC,303,1231,412424464,13.230277777777777
2014-02-24 00:00:00 UTC,303,1238,421103121,6.8938888888888883
2014-02-24 00:00:00 UTC,303,1231,412424467,16.559027777777775
2014-02-24 00:00:00 UTC,303,1231,412424469,13.265694444444444
2014-02-24 00:00:00 UTC,303,1231,412421398,11.681944444444444
2014-02-24 00:00:00 UTC,303,1237,412422681,4.625
2014-02-24 00:00:00 UTC,303,1231,412424476,12.896527777777781
2014-02-24 00:00:00 UTC,303,1236,412422173,3.976666666666667
2014-02-24 00:00:00 UTC,303,1230,412439071,7.1383333333333328
2014-02-24 00:00:00 UTC,303,1231,412424484,2.481527777777778
2014-02-24 00:00:00 UTC,303,1231,412424486,13.43819444444444
2014-02-24 00:00:00 UTC,303,1237,412422441,2.8430555555555559
2014-02-24 00:00:00 UTC,303,1237,412422186,4.4581944444444446
2014-02-24 00:00:00 UTC,303,1222,412413229,1.4727777777777775
2014-02-24 00:00:00 UTC,303,1223,412413229,3.3094444444444444
2014-02-24 00:00:00 UTC,303,1237,412422703,2.3561111111111113
2014-02-24 00:00:00 UTC,303,1236,412422453,1.3323611111111111
2014-02-24 00:00:00 UTC,303,1235,412425018,9.95
2014-02-24 00:00:00 UTC,303,1233,412425018,2.9084722222222226
2014-02-24 00:00:00 UTC,303,1234,412425018,5.4919444444444441
2014-02-24 00:00:00 UTC,303,1236,412425018,3.8123611111111111
2014-02-24 00:00:00 UTC,303,1236,412420161,0.11222222222222222
2014-02-24 00:00:00 UTC,303,1236,412422475,2.7018055555555556
2014-02-24 00:00:00 UTC,303,1237,412422987,2.4684722222222222
2014-02-24 00:00:00 UTC,303,1230,412439378,6.2418055555555565
2014-02-24 00:00:00 UTC,303,1238,412421463,4.1420833333333329
2014-02-24 00:00:00 UTC,303,1226,412413016,0.26902777777777775
2014-02-24 00:00:00 UTC,303,1237,412423011,2.0313888888888889
2014-02-24 00:00:00 UTC,303,1210,412439908,2.0373611111111107
2014-02-24 00:00:00 UTC,303,1230,412422759,7.3022222222222224
2014-02-24 00:00:00 UTC,303,1210,412439915,2.9284722222222221
2014-02-24 00:00:00 UTC,303,1210,412439924,2.495
2014-02-24 00:00:00 UTC,303,1210,412439927,1.6845833333333331
2014-02-24 00:00:00 UTC,303,1211,412439927,1.1131944444444444
2014-02-24 00:00:00 UTC,303,1210,412439933,3.1312500000000005
2014-02-24 00:00:00 UTC,303,1237,412421504,3.3568055555555558
2014-02-24 00:00:00 UTC,303,1238,412421764,3.3015277777777774
2014-02-24 00:00:00 UTC,303,1237,412422533,2.6931944444444444
2014-02-24 00:00:00 UTC,303,-293,224016530,1.7087500000000002
2014-02-24 00:00:00 UTC,303,1224,412411285,2.2881944444444446
2014-02-24 00:00:00 UTC,303,1223,412413334,3.465
2014-02-24 00:00:00 UTC,303,1238,412422553,3.5995833333333334
2014-02-24 00:00:00 UTC,303,1229,412438724,1.5538888888888889
2014-02-24 00:00:00 UTC,303,1228,412438724,0.51888888888888884
2014-02-24 00:00:00 UTC,303,1237,412400073,13.384166666666664
2014-02-24 00:00:00 UTC,303,1223,412411094,3.231527777777778
2014-02-24 00:00:00 UTC,303,1236,412422898,3.1391666666666662
2014-02-24 00:00:00 UTC,559,-1637,366208000,1.6219444444444444
2014-02-24 00:00:00 UTC,559,-1636,366208000,5.17375
2014-02-24 00:00:00 UTC,559,-1638,366208000,6.3861111111111111
2014-02-24 00:00:00 UTC,559,-1635,366208000,2.205972222222222
2014-02-24 00:00:00 UTC,559,-1632,338250000,6.29
2014-02-24 00:00:00 UTC,559,-1678,367362580,1.5602777777777777
2014-02-24 00:00:00 UTC,559,-1679,367362580,0.845
2014-02-24 00:00:00 UTC,559,-1637,367109910,0.79694444444444446
2014-02-24 00:00:00 UTC,559,-1639,367109910,1.6426388888888888
2014-02-24 00:00:00 UTC,559,-1636,367109910,10.975972222222222
2014-02-24 00:00:00 UTC,559,-1638,367109910,0.78902777777777777
2014-02-24 00:00:00 UTC,559,-1635,367109910,1.6788888888888889
2014-02-24 00:00:00 UTC,559,-1679,367581000,2.4079166666666669
2014-02-24 00:00:00 UTC,559,-1678,367581000,12.612083333333334
2014-02-24 00:00:00 UTC,559,1484,273440600,1.52625
2014-02-24 00:00:00 UTC,559,1485,273440600,5.3766666666666669
2014-02-24 00:00:00 UTC,559,127,219005837,2.5854166666666667
2014-02-24 00:00:00 UTC,559,1542,273825710,5.5751388888888886
2014-02-24 00:00:00 UTC,559,-1638,366947000,12.523194444444444
2014-02-24 00:00:00 UTC,559,185,219469000,5.0580555555555557
2014-02-24 00:00:00 UTC,559,186,219469000,11.100833333333334
2014-02-24 00:00:00 UTC,559,-73,250370000,0.78722222222222227
2014-02-24 00:00:00 UTC,559,-75,250370000,4.26375
2014-02-24 00:00:00 UTC,559,-74,250370000,2.5824999999999996
2014-02-24 00:00:00 UTC,559,155,266050000,0.68333333333333335
2014-02-24 00:00:00 UTC,559,-1680,366082000,0.77750000000000008
2014-02-24 00:00:00 UTC,559,-1679,366082000,1.6816666666666666
2014-02-24 00:00:00 UTC,559,-1678,366082000,8.6636111111111109
2014-02-24 00:00:00 UTC,559,1542,273828310,5.6405555555555553
2014-02-24 00:00:00 UTC,-465,-606,416236800,11.900694444444445
2014-02-24 00:00:00 UTC,-465,-605,441769000,8.7266666666666666
2014-02-24 00:00:00 UTC,-465,-604,441769000,5.6652777777777779
2014-02-24 00:00:00 UTC,-465,1703,441182000,1.0476388888888888
2014-02-24 00:00:00 UTC,-465,1704,441182000,0.59861111111111109
2014-02-24 00:00:00 UTC,-465,339,601971000,10.153749999999999
2014-02-24 00:00:00 UTC,-465,340,601971000,1.607361111111111
2014-02-24 00:00:00 UTC,-465,-606,416505000,4.6916666666666673
2014-02-24 00:00:00 UTC,-209,1656,540010800,1.5875000000000001
2014-02-24 00:00:00 UTC,-209,1655,540010800,1.4597222222222221
2014-02-24 00:00:00 UTC,-209,1657,540010800,0.7697222222222222
2014-02-24 00:00:00 UTC,-209,1669,540005000,2.482361111111111
2014-02-24 00:00:00 UTC,-209,1663,540002200,2.1398611111111112
2014-02-24 00:00:00 UTC,-209,1662,540002200,5.672361111111111
2014-02-24 00:00:00 UTC,48,-1601,440992000,1.3226388888888889
2014-02-24 00:00:00 UTC,48,-1609,440778000,1.6969444444444446
2014-02-24 00:00:00 UTC,48,-1589,440617000,1.7927777777777778
2014-02-24 00:00:00 UTC,48,-1664,441660000,1.8902777777777779
2014-02-24 00:00:00 UTC,48,-1512,432881000,1.9430555555555555
2014-02-24 00:00:00 UTC,48,-1507,432881000,1.8779166666666667
2014-02-24 00:00:00 UTC,48,1786,440770000,0.5690277777777778
2014-02-24 00:00:00 UTC,48,-181,431873000,2.6616666666666666
2014-02-24 00:00:00 UTC,304,1231,412424461,7.5290277777777774
2014-02-24 00:00:00 UTC,304,1230,412424464,0.3041666666666667
2014-02-24 00:00:00 UTC,304,1231,412424464,10.803472222222224
2014-02-24 00:00:00 UTC,304,1238,421103121,11.932777777777778
2014-02-24 00:00:00 UTC,304,1237,421103121,0.57527777777777778
2014-02-24 00:00:00 UTC,304,1231,412424467,3.322916666666667
2014-02-24 00:00:00 UTC,304,1231,412424469,3.8065277777777777
2014-02-24 00:00:00 UTC,304,1231,412421398,7.6470833333333328
2014-02-24 00:00:00 UTC,304,1237,412422681,0.42430555555555555
2014-02-24 00:00:00 UTC,304,1231,412424476,6.5465277777777784
2014-02-24 00:00:00 UTC,304,1230,412439071,0.90097222222222229
2014-02-24 00:00:00 UTC,304,1229,412439071,0.35680555555555554
2014-02-24 00:00:00 UTC,304,1231,412424484,8.9222222222222225
2014-02-24 00:00:00 UTC,304,1231,412424486,5.3631944444444448
2014-02-24 00:00:00 UTC,304,1237,412422441,1.2451388888888888
2014-02-24 00:00:00 UTC,304,1237,412422186,0.81597222222222221
2014-02-24 00:00:00 UTC,304,1223,412413229,0.50013888888888891
2014-02-24 00:00:00 UTC,304,1228,412410694,0.5175
2014-02-24 00:00:00 UTC,304,1229,412410694,0.26166666666666666
2014-02-24 00:00:00 UTC,304,1236,412422475,2.2890277777777777
2014-02-24 00:00:00 UTC,304,1237,412422739,3.45125
2014-02-24 00:00:00 UTC,304,1237,412421463,4.8081944444444433
2014-02-24 00:00:00 UTC,304,1225,412413016,7.02625
2014-02-24 00:00:00 UTC,304,1226,412413016,1.5297222222222224
2014-02-24 00:00:00 UTC,304,1229,412423006,14.725
2014-02-24 00:00:00 UTC,304,1237,412423011,1.3859722222222222
2014-02-24 00:00:00 UTC,304,1232,412428404,9.7313888888888886
2014-02-24 00:00:00 UTC,304,1230,412428404,0.49944444444444447
2014-02-24 00:00:00 UTC,304,1231,412428404,1.1569444444444446
2014-02-24 00:00:00 UTC,304,1226,412413048,10.196666666666667
2014-02-24 00:00:00 UTC,304,1225,412413307,22.481388888888887
2014-02-24 00:00:00 UTC,304,1237,412421504,0.5575
2014-02-24 00:00:00 UTC,304,1229,412422786,0.24625000000000002
2014-02-24 00:00:00 UTC,304,1238,412421764,2.5475000000000003
2014-02-24 00:00:00 UTC,304,1224,412411019,3.0322222222222224
2014-02-24 00:00:00 UTC,304,1225,412411019,21.110694444444441
2014-02-24 00:00:00 UTC,304,-293,224016530,0.7977777777777777
2014-02-24 00:00:00 UTC,304,1237,412422553,1.283611111111111
2014-02-24 00:00:00 UTC,304,1238,412422553,3.1070833333333336
2014-02-24 00:00:00 UTC,304,1221,412370856,8.70763888888889
2014-02-24 00:00:00 UTC,304,1226,412413375,20.150000000000002
2014-02-24 00:00:00 UTC,304,1228,412438724,1.57125
2014-02-24 00:00:00 UTC,304,1226,200005573,8.82263888888889
2014-02-24 00:00:00 UTC,304,1230,412439509,0.63847222222222211
2014-02-24 00:00:00 UTC,304,1223,412411094,1.9773611111111111
2014-02-24 00:00:00 UTC,304,1236,412422898,2.1941666666666668
2014-02-24 00:00:00 UTC,560,-1638,366208000,1.5291666666666668
2014-02-24 00:00:00 UTC,560,-1636,366208000,6.40125
2014-02-24 00:00:00 UTC,560,-1632,338250000,0.80152777777777773
2014-02-24 00:00:00 UTC,560,-1630,338250000,0.89291666666666669
2014-02-24 00:00:00 UTC,560,-1631,338250000,0.8455555555555555
2014-02-24 00:00:00 UTC,560,-1678,367362580,2.9741666666666666
2014-02-24 00:00:00 UTC,560,-1679,367362580,0.83083333333333331
2014-02-24 00:00:00 UTC,560,-1679,367581000,7.07236111111111
2014-02-24 00:00:00 UTC,560,-1678,367581000,1.3218055555555557
2014-02-24 00:00:00 UTC,560,-1621,368583000,6.2606944444444439
2014-02-24 00:00:00 UTC,560,-1623,368583000,7.8920833333333329
2014-02-24 00:00:00 UTC,560,61,219941000,13.035694444444445
2014-02-24 00:00:00 UTC,560,1543,273896100,10.897083333333335
2014-02-24 00:00:00 UTC,560,-1631,366705860,1.6013888888888888
2014-02-24 00:00:00 UTC,560,-1632,366705860,2.9306944444444443
2014-02-24 00:00:00 UTC,560,-1633,366705860,3.04625
2014-02-24 00:00:00 UTC,560,125,265642440,3.5090277777777779
2014-02-24 00:00:00 UTC,560,126,265642440,0.35805555555555557
2014-02-24 00:00:00 UTC,560,-1678,366082000,2.1863888888888887
2014-02-24 00:00:00 UTC,560,-1677,366082000,1.3390277777777779
2014-02-24 00:00:00 UTC,560,-1679,366082000,1.5209722222222222
2014-02-24 00:00:00 UTC,-464,-604,440288000,9.4493055555555561
2014-02-24 00:00:00 UTC,-464,1704,441182000,0.50875
2014-02-24 00:00:00 UTC,-464,1705,441182000,1.5455555555555556
2014-02-24 00:00:00 UTC,-464,340,601971000,8.5905555555555555
2014-02-24 00:00:00 UTC,-464,339,601971000,0.96111111111111125
2014-02-24 00:00:00 UTC,-208,1654,540010800,5.7418055555555547
2014-02-24 00:00:00 UTC,-208,1655,540010800,0.87583333333333335
2014-02-24 00:00:00 UTC,-208,1663,540002200,3.5599999999999996
2014-02-24 00:00:00 UTC,49,-1609,440778000,0.81972222222222224
2014-02-24 00:00:00 UTC,49,-177,432319000,2.5748611111111108
2014-02-24 00:00:00 UTC,49,-1467,440807000,1.8220833333333333
2014-02-24 00:00:00 UTC,49,-1469,440807000,1.7419444444444445
2014-02-24 00:00:00 UTC,49,-1470,440807000,1.4194444444444443
2014-02-24 00:00:00 UTC,49,-1468,440807000,1.8081944444444444
2014-02-24 00:00:00 UTC,49,-1472,440807000,1.620972222222222
2014-02-24 00:00:00 UTC,49,-1665,441660000,2.8795833333333336
2014-02-24 00:00:00 UTC,49,-1507,432881000,1.8193055555555557
2014-02-24 00:00:00 UTC,49,-1502,440045000,1.7070833333333333
2014-02-24 00:00:00 UTC,49,1782,440770000,1.9091666666666667
2014-02-24 00:00:00 UTC,49,1781,440770000,1.3141666666666667
2014-02-24 00:00:00 UTC,49,1776,440770000,1.9100000000000001
2014-02-24 00:00:00 UTC,49,1786,440770000,0.995
2014-02-24 00:00:00 UTC,49,1780,440770000,0.98402777777777772
2014-02-24 00:00:00 UTC,49,1778,440770000,1.7256944444444444
2014-02-24 00:00:00 UTC,49,1775,440770000,2.666666666666667
2014-02-24 00:00:00 UTC,49,1779,440770000,1.4294444444444445
2014-02-24 00:00:00 UTC,49,1785,440770000,1.7173611111111111
2014-02-24 00:00:00 UTC,49,1777,440770000,2.7540277777777775
2014-02-24 00:00:00 UTC,49,-1449,431602130,1.9025
2014-02-24 00:00:00 UTC,49,-1443,431602130,0.86249999999999993
2014-02-24 00:00:00 UTC,49,-179,431873000,3.8113888888888887
2014-02-24 00:00:00 UTC,49,-177,431873000,1.9345833333333333
2014-02-24 00:00:00 UTC,49,-182,431873000,1.8480555555555556
2014-02-24 00:00:00 UTC,305,1224,412412165,0.56194444444444436
2014-02-24 00:00:00 UTC,305,1225,412411153,0.52513888888888882
2014-02-24 00:00:00 UTC,305,1226,412411153,3.801944444444445
2014-02-24 00:00:00 UTC,305,1224,412413978,0.56652777777777774
2014-02-24 00:00:00 UTC,305,1237,412421463,0.29194444444444445
2014-02-24 00:00:00 UTC,305,1230,412428404,3.1308333333333334
2014-02-24 00:00:00 UTC,305,1231,412428404,4.8604166666666666
2014-02-24 00:00:00 UTC,305,1232,412428404,0.84541666666666671
2014-02-24 00:00:00 UTC,305,1229,412428404,0.23694444444444446
2014-02-24 00:00:00 UTC,305,1222,412413047,14.571388888888887
2014-02-24 00:00:00 UTC,305,1225,412413307,0.35875
2014-02-24 00:00:00 UTC,305,1221,321546879,9.39777777777778
2014-02-24 00:00:00 UTC,305,1229,412422786,4.4829166666666671
2014-02-24 00:00:00 UTC,305,-294,224016530,0.74027777777777781
2014-02-24 00:00:00 UTC,305,-293,224016530,0.825
2014-02-24 00:00:00 UTC,305,1223,412411285,1.0068055555555557
2014-02-24 00:00:00 UTC,305,1237,412422553,1.4883333333333335
2014-02-24 00:00:00 UTC,305,1243,412400081,11.057222222222222
2014-02-24 00:00:00 UTC,305,1242,412400081,2.308472222222222
2014-02-24 00:00:00 UTC,305,1225,412411362,0.58555555555555561
2014-02-24 00:00:00 UTC,305,1226,412411362,12.380555555555558
2014-02-24 00:00:00 UTC,305,1224,412413159,0.6926388888888888
2014-02-24 00:00:00 UTC,305,1225,412413159,5.5068055555555562
2014-02-24 00:00:00 UTC,561,198,277354000,0.21944444444444444
2014-02-24 00:00:00 UTC,561,-1632,338250000,1.5086111111111111
2014-02-24 00:00:00 UTC,561,-1630,338250000,9.424722222222222
2014-02-24 00:00:00 UTC,561,-1631,338250000,0.74638888888888888
2014-02-24 00:00:00 UTC,561,-1633,338250000,2.9354166666666663
2014-02-24 00:00:00 UTC,561,-1633,338568000,7.9012499999999992
2014-02-24 00:00:00 UTC,561,-1632,338568000,0.77208333333333345
2014-02-24 00:00:00 UTC,561,-1630,338568000,9.3266666666666662
2014-02-24 00:00:00 UTC,561,-1631,338568000,3.6988888888888889
2014-02-24 00:00:00 UTC,561,-1636,338162000,6.3222222222222229
2014-02-24 00:00:00 UTC,561,-1635,338162000,2.3740277777777781
2014-02-24 00:00:00 UTC,561,1543,273825110,1.6083333333333334
2014-02-24 00:00:00 UTC,561,-1621,368583000,1.5625
2014-02-24 00:00:00 UTC,561,-1622,368583000,1.6259722222222224
2014-02-24 00:00:00 UTC,561,-1683,303397000,3.2744444444444443
2014-02-24 00:00:00 UTC,561,-1681,303397000,3.7254166666666668
2014-02-24 00:00:00 UTC,561,1542,273896100,5.5690277777777784
2014-02-24 00:00:00 UTC,561,1543,273896100,2.48375
2014-02-24 00:00:00 UTC,561,125,265642440,0.27361111111111114
2014-02-24 00:00:00 UTC,561,-1679,366082000,7.2293055555555554
2014-02-24 00:00:00 UTC,-463,-603,440288000,3.7318055555555563
2014-02-24 00:00:00 UTC,-463,1706,441182000,4.4345833333333342
2014-02-24 00:00:00 UTC,-463,1705,441182000,2.0533333333333332
2014-02-24 00:00:00 UTC,-463,1704,441182000,0.32819444444444446
2014-02-24 00:00:00 UTC,-463,1707,441182000,0.3001388888888889
2014-02-24 00:00:00 UTC,-463,339,601971000,2.8293055555555555
2014-02-24 00:00:00 UTC,-463,1706,441053000,1.4248611111111109
2014-02-24 00:00:00 UTC,-207,1654,540010800,1.8
2014-02-24 00:00:00 UTC,-207,1660,540002200,1.7570833333333333
2014-02-24 00:00:00 UTC,-207,1662,540002200,3.3997222222222221
2014-02-24 00:00:00 UTC,50,-1608,440778000,1.3447222222222224
2014-02-24 00:00:00 UTC,50,-1606,440778000,1.8740277777777778
2014-02-24 00:00:00 UTC,50,-180,432319000,3.6251388888888889
2014-02-24 00:00:00 UTC,50,-1475,440807000,1.7484722222222222
2014-02-24 00:00:00 UTC,50,-1477,440807000,1.7919444444444443
2014-02-24 00:00:00 UTC,50,-1473,440807000,2.2058333333333331
2014-02-24 00:00:00 UTC,50,-1476,440807000,5.5537500000000009
2014-02-24 00:00:00 UTC,50,-1474,440807000,2.138611111111111
2014-02-24 00:00:00 UTC,50,-1472,440807000,1.4151388888888889
2014-02-24 00:00:00 UTC,50,-1471,440807000,1.3908333333333336
2014-02-24 00:00:00 UTC,50,-1665,441660000,2.3288888888888888
2014-02-24 00:00:00 UTC,50,-1507,432881000,1.8940277777777779
2014-02-24 00:00:00 UTC,50,-1515,440645000,1.7584722222222222
2014-02-24 00:00:00 UTC,50,-1516,440645000,1.8308333333333333
2014-02-24 00:00:00 UTC,50,-1514,440645000,0.48583333333333334
2014-02-24 00:00:00 UTC,50,-1520,440645000,1.4372222222222222
2014-02-24 00:00:00 UTC,50,-1521,440645000,2.2276388888888889
2014-02-24 00:00:00 UTC,50,-1517,440645000,5.1768055555555552
2014-02-24 00:00:00 UTC,50,-1523,440645000,1.9094444444444445
2014-02-24 00:00:00 UTC,50,-1522,440645000,3.48625
2014-02-24 00:00:00 UTC,50,-1519,440645000,1.36875
2014-02-24 00:00:00 UTC,50,-1498,440045000,1.7388888888888889
2014-02-24 00:00:00 UTC,50,-1495,440045000,0.94305555555555554
2014-02-24 00:00:00 UTC,50,-1492,440045000,0.87916666666666665
2014-02-24 00:00:00 UTC,50,-1500,440045000,1.8854166666666667
2014-02-24 00:00:00 UTC,50,-1494,440045000,0.3223611111111111
2014-02-24 00:00:00 UTC,50,-1501,440045000,1.7084722222222224
2014-02-24 00:00:00 UTC,50,-1491,440045000,1.0084722222222222
2014-02-24 00:00:00 UTC,50,-1499,440045000,1.8356944444444445
2014-02-24 00:00:00 UTC,50,-1502,440045000,0.60291666666666677
2014-02-24 00:00:00 UTC,50,-1497,440045000,1.6123611111111111
2014-02-24 00:00:00 UTC,50,-1489,440045000,1.7875
2014-02-24 00:00:00 UTC,50,-1461,441090000,8.3152777777777782
2014-02-24 00:00:00 UTC,50,1784,440770000,1.8681944444444445
2014-02-24 00:00:00 UTC,50,-1440,431602130,0.99291666666666667
2014-02-24 00:00:00 UTC,50,-1441,431602130,0.75944444444444448
2014-02-24 00:00:00 UTC,50,-1448,431602130,0.85958333333333337
2014-02-24 00:00:00 UTC,50,-1443,431602130,0.83902777777777771
2014-02-24 00:00:00 UTC,50,-1449,431602130,0.96819444444444447
2014-02-24 00:00:00 UTC,50,-1445,431602130,0.87916666666666665
2014-02-24 00:00:00 UTC,50,-1446,431602130,1.1893055555555556
2014-02-24 00:00:00 UTC,50,-249,224140000,2.0469444444444447
2014-02-24 00:00:00 UTC,50,-176,431873000,3.6670833333333333
2014-02-24 00:00:00 UTC,50,-177,431873000,2.9068055555555556
2014-02-24 00:00:00 UTC,50,-179,431873000,5.1197222222222223
2014-02-24 00:00:00 UTC,50,-178,431873000,2.0993055555555555
2014-02-24 00:00:00 UTC,306,1226,412411153,1.1290277777777777
2014-02-24 00:00:00 UTC,306,1240,412421465,2.8727777777777779
2014-02-24 00:00:00 UTC,306,1239,412421465,0.97944444444444456
2014-02-24 00:00:00 UTC,306,1229,412422786,0.57041666666666668
2014-02-24 00:00:00 UTC,306,1228,412422786,0.60777777777777775
2014-02-24 00:00:00 UTC,306,-294,224016530,1.3152777777777778
2014-02-24 00:00:00 UTC,306,1234,412352918,0.5509722222222222
2014-02-24 00:00:00 UTC,306,1223,412411037,0.8369444444444446
2014-02-24 00:00:00 UTC,306,1224,412411037,0.3469444444444445
2014-02-24 00:00:00 UTC,306,1225,412411037,0.26749999999999996
2014-02-24 00:00:00 UTC,306,1215,412371117,7.0238888888888882
2014-02-24 00:00:00 UTC,306,1218,412370863,2.7918055555555554
2014-02-24 00:00:00 UTC,306,1217,412370864,6.0079166666666657
2014-02-24 00:00:00 UTC,306,1217,412370872,1.2945833333333332
2014-02-24 00:00:00 UTC,306,1223,412480696,0.11222222222222222
2014-02-24 00:00:00 UTC,306,1217,412370878,5.161944444444444
2014-02-24 00:00:00 UTC,306,1217,412370881,5.8511111111111109
2014-02-24 00:00:00 UTC,306,1217,412370888,5.5536111111111115
2014-02-24 00:00:00 UTC,306,1222,412411083,4.2049999999999992
2014-02-24 00:00:00 UTC,306,1241,412420558,9.1133333333333315
2014-02-24 00:00:00 UTC,306,1239,412420558,3.2131944444444449
2014-02-24 00:00:00 UTC,306,1241,412400081,2.5658333333333334
2014-02-24 00:00:00 UTC,562,198,277354000,1.2612499999999998
2014-02-24 00:00:00 UTC,562,-1630,338568000,1.6254166666666667
2014-02-24 00:00:00 UTC,562,-1644,367538000,0.67625
2014-02-24 00:00:00 UTC,562,-1642,367538000,6.4043055555555561
2014-02-24 00:00:00 UTC,562,-1643,367538000,0.86125000000000007
2014-02-24 00:00:00 UTC,562,-1633,338162000,7.0626388888888894
2014-02-24 00:00:00 UTC,562,-1634,338162000,0.7875
2014-02-24 00:00:00 UTC,562,-1680,303397000,2.4291666666666667
2014-02-24 00:00:00 UTC,562,-1681,303397000,1.3379166666666666
2014-02-24 00:00:00 UTC,562,1543,273896100,3.7679166666666668
2014-02-24 00:00:00 UTC,562,-1678,303628000,7.190138888888888
2014-02-24 00:00:00 UTC,562,-1679,303628000,5.4375
2014-02-24 00:00:00 UTC,562,-1677,303628000,0.826111111111111
2014-02-24 00:00:00 UTC,-462,1707,441182000,3.8493055555555551
2014-02-24 00:00:00 UTC,-462,1706,441182000,0.45861111111111108
2014-02-24 00:00:00 UTC,-462,1708,441182000,1.4445833333333336
2014-02-24 00:00:00 UTC,-462,1708,441053000,1.9744444444444444
2014-02-24 00:00:00 UTC,-462,1707,441053000,1.4994444444444444
2014-02-24 00:00:00 UTC,-462,1706,441053000,0.32555555555555554
2014-02-24 00:00:00 UTC,-462,1709,441053000,0.3
2014-02-24 00:00:00 UTC,-462,1709,440890000,0.20555555555555555
2014-02-24 00:00:00 UTC,-462,1708,440890000,0.88888888888888884
2014-02-24 00:00:00 UTC,-206,1653,540010800,3.5909722222222222
2014-02-24 00:00:00 UTC,-206,1660,540002200,4.0172222222222222
2014-02-24 00:00:00 UTC,51,-176,432447000,2.8005555555555555
2014-02-24 00:00:00 UTC,51,-179,432447000,2.6977777777777776
2014-02-24 00:00:00 UTC,51,-521,745002800,8.19625
2014-02-24 00:00:00 UTC,51,-521,745004100,9.13513888888889
2014-02-24 00:00:00 UTC,51,-1667,441660000,0.79444444444444451
2014-02-24 00:00:00 UTC,51,-1669,441660000,1.9819444444444443
2014-02-24 00:00:00 UTC,51,-1665,441660000,1.798888888888889
2014-02-24 00:00:00 UTC,51,-1666,441660000,2.3129166666666667
2014-02-24 00:00:00 UTC,51,-1512,432881000,1.462361111111111
2014-02-24 00:00:00 UTC,51,-1507,432881000,1.7081944444444446
2014-02-24 00:00:00 UTC,51,-520,745002600,0.90319444444444441
2014-02-24 00:00:00 UTC,51,-521,745002600,5.5156944444444447
2014-02-24 00:00:00 UTC,51,-1513,440645000,1.875
2014-02-24 00:00:00 UTC,51,-1514,440645000,1.6741666666666668
2014-02-24 00:00:00 UTC,51,-1518,440645000,2.3265277777777778
2014-02-24 00:00:00 UTC,51,-521,745004200,7.8906944444444447
2014-02-24 00:00:00 UTC,51,-520,745004200,2.1569444444444446
2014-02-24 00:00:00 UTC,51,-1500,440045000,1.3195833333333333
2014-02-24 00:00:00 UTC,51,-1502,440045000,1.7762499999999999
2014-02-24 00:00:00 UTC,51,-522,745000400,1.8402777777777777
2014-02-24 00:00:00 UTC,51,-523,745000400,3.0459722222222223
2014-02-24 00:00:00 UTC,51,-178,432503000,2.6986111111111111
2014-02-24 00:00:00 UTC,51,-176,432503000,1.712361111111111
2014-02-24 00:00:00 UTC,307,1220,412370958,1.3881944444444445
2014-02-24 00:00:00 UTC,307,-205,224081430,5.5218055555555559
2014-02-24 00:00:00 UTC,307,1220,412370978,1.0126388888888889
2014-02-24 00:00:00 UTC,307,1224,900301355,4.6570833333333344
2014-02-24 00:00:00 UTC,307,1218,412370988,5.8436111111111106
2014-02-24 00:00:00 UTC,307,1218,412370993,5.9736111111111105
2014-02-24 00:00:00 UTC,307,1231,412422712,22.595416666666672
2014-02-24 00:00:00 UTC,307,1231,412422713,16.680138888888887
2014-02-24 00:00:00 UTC,307,1221,412371007,0.78041666666666676
2014-02-24 00:00:00 UTC,307,1221,412371019,0.63430555555555557
2014-02-24 00:00:00 UTC,307,1223,412413046,0.38222222222222224
2014-02-24 00:00:00 UTC,307,-295,224016530,1.9513888888888888
2014-02-24 00:00:00 UTC,307,1223,412411037,0.12972222222222224
2014-02-24 00:00:00 UTC,307,1225,412411037,1.0911111111111111
2014-02-24 00:00:00 UTC,307,1215,412371117,1.6591666666666667
2014-02-24 00:00:00 UTC,307,1218,412370863,0.85777777777777775
2014-02-24 00:00:00 UTC,307,1217,412370864,1.0202777777777778
2014-02-24 00:00:00 UTC,307,1218,412370865,6.7470833333333333
2014-02-24 00:00:00 UTC,307,1217,412370872,12.084305555555554
2014-02-24 00:00:00 UTC,307,1218,412370875,2.2795833333333331
2014-02-24 00:00:00 UTC,307,1217,412370875,4.4291666666666671
2014-02-24 00:00:00 UTC,307,1221,412439483,0.29069444444444448
2014-02-24 00:00:00 UTC,307,1220,412439483,2.0641666666666665
2014-02-24 00:00:00 UTC,307,1217,412370887,7.6869444444444435
2014-02-24 00:00:00 UTC,307,1218,412370891,5.80361111111111
2014-02-24 00:00:00 UTC,307,1217,412370891,8.7125
2014-02-24 00:00:00 UTC,307,1221,412370935,0.30222222222222223
2014-02-24 00:00:00 UTC,563,200,277354000,2.38625
2014-02-24 00:00:00 UTC,563,199,277354000,1.8947222222222222
2014-02-24 00:00:00 UTC,563,201,277354000,0.25541666666666668
2014-02-24 00:00:00 UTC,563,-1687,366845000,5.6034722222222229
2014-02-24 00:00:00 UTC,563,201,277029000,0.64611111111111108
2014-02-24 00:00:00 UTC,563,199,277029000,2.0919444444444446
2014-02-24 00:00:00 UTC,563,200,277029000,1.3337499999999998
2014-02-24 00:00:00 UTC,-461,-603,440288000,1.6141666666666665
2014-02-24 00:00:00 UTC,-461,1709,441053000,1.0001388888888889
2014-02-24 00:00:00 UTC,-461,1709,440890000,1.2186111111111111
2014-02-24 00:00:00 UTC,-205,-151,224094520,1.7506944444444446
2014-02-24 00:00:00 UTC,-205,-1291,416199800,7.7311111111111117
2014-02-24 00:00:00 UTC,-205,1638,540010700,1.8234722222222222
2014-02-24 00:00:00 UTC,52,-180,432447000,1.8102777777777779
2014-02-24 00:00:00 UTC,52,-520,745002800,2.7375
2014-02-24 00:00:00 UTC,52,-520,745004100,1.3190277777777777
2014-02-24 00:00:00 UTC,52,-1666,441660000,4.6108333333333329
2014-02-24 00:00:00 UTC,52,-521,745002600,1.8404166666666666
2014-02-24 00:00:00 UTC,52,-520,745002600,1.3193055555555555
2014-02-24 00:00:00 UTC,52,-521,745004200,1.7986111111111112
2014-02-24 00:00:00 UTC,52,-1502,440045000,5.5705555555555559
2014-02-24 00:00:00 UTC,308,1219,412370958,0.51347222222222222
2014-02-24 00:00:00 UTC,308,1220,412370958,6.2583333333333329
2014-02-24 00:00:00 UTC,308,1224,412370965,0.21666666666666667
2014-02-24 00:00:00 UTC,308,-205,224081430,1.2972222222222223
2014-02-24 00:00:00 UTC,308,1220,412370978,4.3069444444444445
2014-02-24 00:00:00 UTC,308,1218,412370988,1.9166666666666667
2014-02-24 00:00:00 UTC,308,1220,412371500,9.9343055555555537
2014-02-24 00:00:00 UTC,308,1218,412371500,0.18597222222222221
2014-02-24 00:00:00 UTC,308,1218,412370993,0.34180555555555558
2014-02-24 00:00:00 UTC,308,1221,412371007,4.8281944444444447
2014-02-24 00:00:00 UTC,308,1222,412371013,6.01888888888889
2014-02-24 00:00:00 UTC,308,1221,412371019,4.7763888888888886
2014-02-24 00:00:00 UTC,308,1222,412008013,4.8375
2014-02-24 00:00:00 UTC,308,1221,412371023,4.8456944444444439
2014-02-24 00:00:00 UTC,308,-296,224016530,3.6545833333333331
2014-02-24 00:00:00 UTC,308,1221,258963858,2.7102777777777773
2014-02-24 00:00:00 UTC,308,1218,412110256,0.97458333333333336
2014-02-24 00:00:00 UTC,308,1221,412110256,7.2740277777777775
2014-02-24 00:00:00 UTC,308,1234,412425911,11.353888888888889
2014-02-24 00:00:00 UTC,308,-212,204259000,4.4916666666666671
2014-02-24 00:00:00 UTC,308,1217,412370887,0.26055555555555554
2014-02-24 00:00:00 UTC,308,1220,412370935,0.31097222222222221
2014-02-24 00:00:00 UTC,308,1221,412370935,7.8954166666666667
2014-02-24 00:00:00 UTC,308,1221,412370936,4.3638888888888889
2014-02-24 00:00:00 UTC,564,200,277354000,2.08625
2014-02-24 00:00:00 UTC,564,201,277354000,11.476111111111109
2014-02-24 00:00:00 UTC,564,202,277354000,1.8366666666666669
2014-02-24 00:00:00 UTC,564,110,219000613,0.21805555555555556
2014-02-24 00:00:00 UTC,564,-1687,366845000,0.90180555555555553
2014-02-24 00:00:00 UTC,564,-1685,366845000,9.480138888888888
2014-02-24 00:00:00 UTC,564,-1686,366845000,5.2884722222222225
2014-02-24 00:00:00 UTC,564,-1687,367008590,6.4568055555555564
2014-02-24 00:00:00 UTC,564,201,277029000,11.367361111111109
2014-02-24 00:00:00 UTC,564,200,277029000,0.43680555555555556
2014-02-24 00:00:00 UTC,564,202,277029000,1.2725
2014-02-24 00:00:00 UTC,564,201,277346000,5.2380555555555555
2014-02-24 00:00:00 UTC,564,202,277346000,1.0720833333333335
2014-02-24 00:00:00 UTC,564,200,277346000,8.37513888888889
2014-02-24 00:00:00 UTC,564,-1687,368609000,2.8881944444444443
2014-02-24 00:00:00 UTC,-460,-675,701006377,0.50402777777777774
2014-02-24 00:00:00 UTC,-460,-664,701006385,4.515
2014-02-24 00:00:00 UTC,-460,-673,701006450,1.7163888888888887
2014-02-24 00:00:00 UTC,-460,-674,701006450,0.41555555555555557
2014-02-24 00:00:00 UTC,-460,-607,416528000,5.566527777777778
2014-02-24 00:00:00 UTC,-460,-608,416312000,7.1859722222222224
2014-02-24 00:00:00 UTC,-460,-607,416312000,5.3301388888888894
2014-02-24 00:00:00 UTC,-460,-607,416525000,4.5227777777777787
2014-02-24 00:00:00 UTC,-460,-608,416525000,6.6619444444444449
2014-02-24 00:00:00 UTC,-460,-607,416578000,4.7576388888888888
2014-02-24 00:00:00 UTC,-460,-674,701000686,4.85013888888889
2014-02-24 00:00:00 UTC,-460,-675,701000686,0.14833333333333334
2014-02-24 00:00:00 UTC,-204,-1315,416000804,9.6338888888888885
2014-02-24 00:00:00 UTC,-204,-1316,416000804,5.26
2014-02-24 00:00:00 UTC,-204,-1314,416000804,1.6036111111111113
2014-02-24 00:00:00 UTC,-204,-151,224094520,2.1334722222222222
2014-02-24 00:00:00 UTC,-204,-150,224094520,1.7897222222222222
2014-02-24 00:00:00 UTC,-204,-149,224094520,0.78208333333333335
2014-02-24 00:00:00 UTC,-204,-1290,416199800,1.794861111111111
2014-02-24 00:00:00 UTC,53,-520,745002800,3.028888888888889
2014-02-24 00:00:00 UTC,53,-518,745004100,2.7279166666666668
2014-02-24 00:00:00 UTC,53,-519,745004100,3.225
2014-02-24 00:00:00 UTC,53,-1512,432881000,3.61375
2014-02-24 00:00:00 UTC,53,-1513,432881000,2.2156944444444444
2014-02-24 00:00:00 UTC,53,-518,745002600,4.9547222222222214
2014-02-24 00:00:00 UTC,53,-519,745002600,1.2052777777777779
2014-02-24 00:00:00 UTC,53,-519,745004200,2.6718055555555553
2014-02-24 00:00:00 UTC,53,-518,745004200,3.8072222222222223
2014-02-24 00:00:00 UTC,309,1224,412370965,10.435555555555556
2014-02-24 00:00:00 UTC,309,-205,224081430,1.0084722222222222
2014-02-24 00:00:00 UTC,309,1221,412371500,0.69027777777777777
2014-02-24 00:00:00 UTC,309,1221,412371015,19.836250000000003
2014-02-24 00:00:00 UTC,309,1221,412371023,13.133611111111112
2014-02-24 00:00:00 UTC,309,-296,224016530,5.57
2014-02-24 00:00:00 UTC,309,1221,258963858,0.81527777777777777
2014-02-24 00:00:00 UTC,309,-211,204259000,1.9401388888888889
2014-02-24 00:00:00 UTC,309,-208,204259000,1.0004166666666665
2014-02-24 00:00:00 UTC,309,-209,204259000,1.0523611111111109
2014-02-24 00:00:00 UTC,309,1228,412428244,2.9944444444444445
2014-02-24 00:00:00 UTC,309,1229,412428244,3.4515277777777778
2014-02-24 00:00:00 UTC,309,1228,412428274,0.79055555555555557
2014-02-24 00:00:00 UTC,309,1229,412428274,1.8240277777777778
2014-02-24 00:00:00 UTC,309,1229,412428279,1.8944444444444444
2014-02-24 00:00:00 UTC,309,1221,412370936,1.4195833333333334
2014-02-24 00:00:00 UTC,309,1229,412428284,0.2413888888888889
2014-02-24 00:00:00 UTC,309,1228,412428284,4.1180555555555554
2014-02-24 00:00:00 UTC,565,111,219000613,1.1305555555555555
2014-02-24 00:00:00 UTC,565,-1687,366845000,2.2243055555555555
2014-02-24 00:00:00 UTC,565,-1686,367008590,3.5393055555555559
2014-02-24 00:00:00 UTC,565,-1687,367008590,6.3277777777777775
2014-02-24 00:00:00 UTC,565,202,277029000,2.8711111111111109
2014-02-24 00:00:00 UTC,565,-1685,303628000,2.4268055555555557
2014-02-24 00:00:00 UTC,565,-1684,303628000,1.5451388888888886
2014-02-24 00:00:00 UTC,565,-1686,368609000,2.1918055555555558
2014-02-24 00:00:00 UTC,565,-1684,368609000,0.82916666666666672
2014-02-24 00:00:00 UTC,-459,-603,440288000,1.5793055555555555
2014-02-24 00:00:00 UTC,-459,-675,701006377,20.342916666666664
2014-02-24 00:00:00 UTC,-459,-664,701006385,16.316666666666666
2014-02-24 00:00:00 UTC,-459,-663,701006385,1.7029166666666664
2014-02-24 00:00:00 UTC,-459,-607,416031800,8.7238888888888884
2014-02-24 00:00:00 UTC,-459,-605,416240700,3.6441666666666666
2014-02-24 00:00:00 UTC,-459,-607,416018500,11.913055555555555
2014-02-24 00:00:00 UTC,-459,-672,701006450,4.4838888888888881
2014-02-24 00:00:00 UTC,-459,-673,701006450,0.88333333333333341
2014-02-24 00:00:00 UTC,-459,-608,416240500,10.313472222222222
2014-02-24 00:00:00 UTC,-459,-607,416528000,5.5206944444444455
2014-02-24 00:00:00 UTC,-459,-607,441413000,5.58
2014-02-24 00:00:00 UTC,-459,-608,441413000,4.6852777777777774
2014-02-24 00:00:00 UTC,-459,-608,416174500,10.284722222222221
2014-02-24 00:00:00 UTC,-459,-607,416004564,5.2866666666666662
2014-02-24 00:00:00 UTC,-459,-674,701000686,8.1293055555555558
2014-02-24 00:00:00 UTC,-459,-675,701000686,3.3723611111111111
2014-02-24 00:00:00 UTC,-459,-606,416070900,5.6222222222222227
2014-02-24 00:00:00 UTC,-459,-675,701000949,17.539027777777783
2014-02-24 00:00:00 UTC,-203,-1313,416000804,2.2516666666666669
2014-02-24 00:00:00 UTC,-203,-1310,416000804,3.8319444444444448
2014-02-24 00:00:00 UTC,-203,-1311,416000804,1.8502777777777779
2014-02-24 00:00:00 UTC,-203,-149,224094520,3.1569444444444446
2014-02-24 00:00:00 UTC,-203,-1290,416199800,3.6983333333333333
2014-02-24 00:00:00 UTC,-203,367,441645000,0.53847222222222224
2014-02-24 00:00:00 UTC,-203,366,441645000,0.7763888888888888
2014-02-24 00:00:00 UTC,54,-519,745002800,10.35625
2014-02-24 00:00:00 UTC,54,-518,745004100,2.7806944444444444
2014-02-24 00:00:00 UTC,54,-518,745002600,4.5502777777777776
2014-02-24 00:00:00 UTC,54,-1524,432454000,1.8783333333333334
2014-02-24 00:00:00 UTC,54,-1523,432454000,1.8309722222222222
2014-02-24 00:00:00 UTC,54,-1518,432454000,0.29194444444444445
2014-02-24 00:00:00 UTC,54,-1522,432454000,1.3320833333333333
2014-02-24 00:00:00 UTC,54,-518,745004200,5.7473611111111111
2014-02-24 00:00:00 UTC,310,1222,412370179,7.1045833333333333
2014-02-24 00:00:00 UTC,310,1229,412428292,3.4725
2014-02-24 00:00:00 UTC,310,1228,412428292,0.27083333333333337
2014-02-24 00:00:00 UTC,310,1220,412370951,1.3711111111111112
2014-02-24 00:00:00 UTC,310,1222,412370184,2.0641666666666665
2014-02-24 00:00:00 UTC,310,1223,412370954,6.4370833333333337
2014-02-24 00:00:00 UTC,310,-205,224081430,1.3945833333333333
2014-02-24 00:00:00 UTC,310,1223,412370975,23.744583333333331
2014-02-24 00:00:00 UTC,310,1223,412370976,11.001666666666665
2014-02-24 00:00:00 UTC,310,1220,412301353,0.57916666666666661
2014-02-24 00:00:00 UTC,310,1224,412370987,21.875694444444441
2014-02-24 00:00:00 UTC,310,1224,412370997,22.497083333333343
2014-02-24 00:00:00 UTC,310,1221,412370235,5.7183333333333328
2014-02-24 00:00:00 UTC,310,1224,412371004,4.9433333333333342
2014-02-24 00:00:00 UTC,310,1221,412370241,0.24069444444444446
2014-02-24 00:00:00 UTC,310,1222,412370241,0.59986111111111118
2014-02-24 00:00:00 UTC,310,1219,412370247,0.3273611111111111
2014-02-24 00:00:00 UTC,310,1223,412413277,5.5023611111111119
2014-02-24 00:00:00 UTC,310,1223,236985449,23.965277777777775
2014-02-24 00:00:00 UTC,310,1225,412413102,1.5169444444444444
2014-02-24 00:00:00 UTC,310,1224,412413102,3.9212500000000006
2014-02-24 00:00:00 UTC,310,-207,204259000,1.6513888888888888
2014-02-24 00:00:00 UTC,310,1223,412413904,23.362500000000015
2014-02-24 00:00:00 UTC,310,1224,412413905,1.0886111111111112
2014-02-24 00:00:00 UTC,310,1223,412413905,16.06875
2014-02-24 00:00:00 UTC,310,1229,412428244,2.835
2014-02-24 00:00:00 UTC,310,1228,412428244,6.7738888888888882
2014-02-24 00:00:00 UTC,310,1228,412428272,3.9219444444444442
2014-02-24 00:00:00 UTC,310,1227,412428272,0.25805555555555559
2014-02-24 00:00:00 UTC,310,1228,412428274,4.4384722222222228
2014-02-24 00:00:00 UTC,310,1228,412428279,2.6890277777777776
2014-02-24 00:00:00 UTC,310,1229,412428279,2.106527777777778
2014-02-24 00:00:00 UTC,310,1228,412428284,6.0994444444444449
2014-02-24 00:00:00 UTC,310,1222,412370172,7.6547222222222224
2014-02-24 00:00:00 UTC,566,-153,250001999,4.5429166666666667
2014-02-24 00:00:00 UTC,566,-1711,366183000,4.2736111111111112
2014-02-24 00:00:00 UTC,566,-1710,368454000,16.542777777777779
2014-02-24 00:00:00 UTC,566,-1711,368454000,0.77208333333333334
2014-02-24 00:00:00 UTC,566,-1701,366820000,3.2363888888888894
2014-02-24 00:00:00 UTC,566,1540,273849000,1.557638888888889
2014-02-24 00:00:00 UTC,566,-1732,369283000,1.62875
2014-02-24 00:00:00 UTC,566,1541,273358010,1.6054166666666667
2014-02-24 00:00:00 UTC,566,-1684,368609000,12.565138888888891
2014-02-24 00:00:00 UTC,-458,-606,416235800,7.2181944444444444
2014-02-24 00:00:00 UTC,-458,-606,416171800,11.9175
2014-02-24 00:00:00 UTC,-458,-607,416031800,3.1887499999999998
2014-02-24 00:00:00 UTC,-458,-608,416240700,5.6372222222222224
2014-02-24 00:00:00 UTC,-458,-606,416244800,11.963472222222222
2014-02-24 00:00:00 UTC,-458,-607,416701000,11.92236111111111
2014-02-24 00:00:00 UTC,-458,-607,441330000,5.6415277777777773
2014-02-24 00:00:00 UTC,-458,-606,416236900,11.132361111111113
2014-02-24 00:00:00 UTC,-458,-607,416046700,11.915555555555555
2014-02-24 00:00:00 UTC,-458,-671,701006450,2.5863888888888891
2014-02-24 00:00:00 UTC,-458,-672,701006450,2.970416666666666
2014-02-24 00:00:00 UTC,-458,-670,701006450,2.9633333333333334
2014-02-24 00:00:00 UTC,-458,-605,416180600,8.7
2014-02-24 00:00:00 UTC,-458,-606,416137600,11.933888888888891
2014-02-24 00:00:00 UTC,-458,-608,441413000,1.6320833333333333
2014-02-24 00:00:00 UTC,-458,-607,416004244,11.900694444444444
2014-02-24 00:00:00 UTC,-458,-607,416031900,11.919166666666667
2014-02-24 00:00:00 UTC,-458,-604,416238500,1.6058333333333332
2014-02-24 00:00:00 UTC,-458,-605,416238500,1.5956944444444443
2014-02-24 00:00:00 UTC,-458,-607,416031700,10.964444444444446
2014-02-24 00:00:00 UTC,-458,-607,416004564,5.5454166666666662
2014-02-24 00:00:00 UTC,-458,-606,416018900,11.909166666666666
2014-02-24 00:00:00 UTC,-458,-607,577079000,11.143888888888887
2014-02-24 00:00:00 UTC,-458,-608,441559000,6.0934722222222222
2014-02-24 00:00:00 UTC,-458,-607,441559000,5.635416666666667
2014-02-24 00:00:00 UTC,-458,-606,440108000,1.6093055555555555
2014-02-24 00:00:00 UTC,-458,-607,440108000,10.334166666666667
2014-02-24 00:00:00 UTC,-458,-606,416030700,11.123333333333333
2014-02-24 00:00:00 UTC,-458,-606,416070900,6.1070833333333336
2014-02-24 00:00:00 UTC,-202,-1282,416002586,3.7136111111111108
2014-02-24 00:00:00 UTC,-202,-150,224094520,1.8416666666666668
2014-02-24 00:00:00 UTC,-202,-1290,416199800,2.2065277777777781
2014-02-24 00:00:00 UTC,-202,-966,224581000,1.2255555555555555
2014-02-24 00:00:00 UTC,-202,-967,224581000,1.3041666666666667
2014-02-24 00:00:00 UTC,-202,365,441645000,1.8131944444444446
2014-02-24 00:00:00 UTC,-202,363,441645000,3.1206944444444442
2014-02-24 00:00:00 UTC,-202,366,441645000,1.35875
2014-02-24 00:00:00 UTC,-202,367,441645000,1.2931944444444445
2014-02-24 00:00:00 UTC,-202,1637,540010700,2.5781944444444447
2014-02-24 00:00:00 UTC,-202,1636,540010700,0.80138888888888893
2014-02-24 00:00:00 UTC,55,-181,432447000,1.8472222222222223
2014-02-24 00:00:00 UTC,55,-1521,432454000,0.87638888888888888
2014-02-24 00:00:00 UTC,55,-1520,432454000,1.4179166666666667
2014-02-24 00:00:00 UTC,55,-1522,432454000,1.3713888888888888
2014-02-24 00:00:00 UTC,311,1223,412370177,7.3102777777777757
2014-02-24 00:00:00 UTC,311,1229,412428292,0.29583333333333328
2014-02-24 00:00:00 UTC,311,1228,412428292,0.52027777777777784
2014-02-24 00:00:00 UTC,311,1223,412370194,13.637222222222221
2014-02-24 00:00:00 UTC,311,-205,224081430,1.5945833333333335
2014-02-24 00:00:00 UTC,311,1229,412422946,2.6062499999999997
2014-02-24 00:00:00 UTC,311,1228,412422946,0.22097222222222224
2014-02-24 00:00:00 UTC,311,1223,412370241,2.0766666666666671
2014-02-24 00:00:00 UTC,311,1222,412370241,4.2274999999999991
2014-02-24 00:00:00 UTC,311,1227,412422722,5.2134722222222214
2014-02-24 00:00:00 UTC,311,1228,412422722,7.8898611111111112
2014-02-24 00:00:00 UTC,311,1221,413004116,15.468611111111112
2014-02-24 00:00:00 UTC,311,1227,412422258,11.108611111111113
2014-02-24 00:00:00 UTC,311,1226,412422258,5.4208333333333334
2014-02-24 00:00:00 UTC,311,1222,412359040,3.3466666666666667
2014-02-24 00:00:00 UTC,311,1221,412359040,2.6676388888888884
2014-02-24 00:00:00 UTC,311,1228,412422276,1.8940277777777776
2014-02-24 00:00:00 UTC,311,1229,412422276,1.173888888888889
2014-02-24 00:00:00 UTC,311,1226,412422296,9.1324999999999985
2014-02-24 00:00:00 UTC,311,1227,412422296,8.5208333333333339
2014-02-24 00:00:00 UTC,311,1222,412370338,1.9934722222222223
2014-02-24 00:00:00 UTC,311,1224,412413102,0.5625
2014-02-24 00:00:00 UTC,311,-207,204259000,3.08875
2014-02-24 00:00:00 UTC,311,1222,412370377,8.2356944444444444
2014-02-24 00:00:00 UTC,311,1228,412428244,3.11
2014-02-24 00:00:00 UTC,311,1226,413408990,1.7818055555555556
2014-02-24 00:00:00 UTC,311,1227,412428261,6.2397222222222206
2014-02-24 00:00:00 UTC,311,1229,412428261,1.0784722222222223
2014-02-24 00:00:00 UTC,311,1226,412428261,0.55833333333333335
2014-02-24 00:00:00 UTC,311,1226,412428272,0.49958333333333338
2014-02-24 00:00:00 UTC,311,1228,412428272,4.9301388888888891
2014-02-24 00:00:00 UTC,311,1227,412428272,2.3522222222222222
2014-02-24 00:00:00 UTC,311,1225,412413169,4.3
2014-02-24 00:00:00 UTC,311,1228,412428274,2.3684722222222221
2014-02-24 00:00:00 UTC,311,1228,412428279,1.3652777777777776
2014-02-24 00:00:00 UTC,311,1229,412428279,0.27513888888888893
2014-02-24 00:00:00 UTC,311,1221,412370168,2.3747222222222222
2014-02-24 00:00:00 UTC,311,1228,412428284,1.4369444444444448
2014-02-24 00:00:00 UTC,311,1222,412370172,0.52347222222222223
2014-02-24 00:00:00 UTC,567,-1711,367308320,1.4481944444444443
2014-02-24 00:00:00 UTC,567,-1710,367308320,16.383472222222224
2014-02-24 00:00:00 UTC,567,105,219000613,0.29708333333333337
2014-02-24 00:00:00 UTC,567,-1701,303303000,0.78319444444444442
2014-02-24 00:00:00 UTC,567,-1711,366183000,7.2333333333333325
2014-02-24 00:00:00 UTC,567,-1710,366183000,5.5802777777777779
2014-02-24 00:00:00 UTC,567,-1709,366183000,1.6247222222222222
2014-02-24 00:00:00 UTC,567,-1710,368454000,6.7919444444444439
2014-02-24 00:00:00 UTC,567,-1711,368454000,0.21
2014-02-24 00:00:00 UTC,567,-1551,366297000,0.75527777777777771
2014-02-24 00:00:00 UTC,567,-1552,366297000,1.4804166666666667
2014-02-24 00:00:00 UTC,567,1541,273849000,7.6720833333333331
2014-02-24 00:00:00 UTC,567,1540,273849000,1.5541666666666667
2014-02-24 00:00:00 UTC,567,-1732,369283000,2.4069444444444446
2014-02-24 00:00:00 UTC,567,-1734,369283000,0.63041666666666663
2014-02-24 00:00:00 UTC,567,-1733,369283000,1.5918055555555555
2014-02-24 00:00:00 UTC,567,-1543,366959080,4.4048611111111109
2014-02-24 00:00:00 UTC,567,-1542,366959080,0.827361111111111
2014-02-24 00:00:00 UTC,-457,-606,416170500,11.088194444444445
2014-02-24 00:00:00 UTC,-457,-606,416189700,5.5677777777777777
2014-02-24 00:00:00 UTC,-457,-607,416191500,6.8680555555555554
2014-02-24 00:00:00 UTC,-457,-607,416842000,11.133333333333333
2014-02-24 00:00:00 UTC,-457,-606,416235800,4.54
2014-02-24 00:00:00 UTC,-457,-607,416045600,11.910555555555554
2014-02-24 00:00:00 UTC,-457,-606,416164900,6.6587499999999995
2014-02-24 00:00:00 UTC,-457,-607,416241700,11.942222222222224
2014-02-24 00:00:00 UTC,-457,-756,725000261,6.4791666666666661
2014-02-24 00:00:00 UTC,-457,-607,441330000,6.0976388888888886
2014-02-24 00:00:00 UTC,-457,-607,440818000,7.1044444444444448
2014-02-24 00:00:00 UTC,-457,-607,441404000,5.275
2014-02-24 00:00:00 UTC,-457,-606,416234600,11.758472222222222
2014-02-24 00:00:00 UTC,-457,-671,701006450,4.386388888888888
2014-02-24 00:00:00 UTC,-457,-670,701006450,1.4308333333333332
2014-02-24 00:00:00 UTC,-457,-605,416180600,3.1794444444444445
2014-02-24 00:00:00 UTC,-457,-607,441360000,10.961944444444445
2014-02-24 00:00:00 UTC,-457,1710,440890000,0.41819444444444442
2014-02-24 00:00:00 UTC,-457,-606,416580000,11.911111111111111
2014-02-24 00:00:00 UTC,-457,-605,416016800,11.757083333333334
2014-02-24 00:00:00 UTC,-457,-606,416238500,5.5438888888888886
2014-02-24 00:00:00 UTC,-457,-605,416241600,11.719583333333333
2014-02-24 00:00:00 UTC,-457,-606,416004545,11.934305555555556
2014-02-24 00:00:00 UTC,-457,-607,416706000,8.73236111111111
2014-02-24 00:00:00 UTC,-457,-607,416201700,3.092916666666667
2014-02-24 00:00:00 UTC,-457,-606,416201700,8.8016666666666676
2014-02-24 00:00:00 UTC,-457,-607,440502000,10.329861111111111
2014-02-24 00:00:00 UTC,-457,-605,412209146,7.1358333333333341
2014-02-24 00:00:00 UTC,-201,-1283,416002586,5.0820833333333333
2014-02-24 00:00:00 UTC,-201,-1282,416002586,0.88277777777777777
2014-02-24 00:00:00 UTC,-201,-1279,416002586,2.2638888888888888
2014-02-24 00:00:00 UTC,-201,-1281,416002586,1.5861111111111108
2014-02-24 00:00:00 UTC,-201,-1280,416002586,1.6376388888888889
2014-02-24 00:00:00 UTC,-201,-1284,416002586,3.4668055555555557
2014-02-24 00:00:00 UTC,-201,-1278,416002586,4.8038888888888893
2014-02-24 00:00:00 UTC,-201,-150,224094520,4.1895833333333332
2014-02-24 00:00:00 UTC,-201,-152,224094520,2.013611111111111
2014-02-24 00:00:00 UTC,-201,-1036,224017000,6.4076388888888882
2014-02-24 00:00:00 UTC,-201,-1035,224017000,3.3375000000000004
2014-02-24 00:00:00 UTC,-201,-1289,416199800,0.48124999999999996
2014-02-24 00:00:00 UTC,-201,-1290,416199800,1.0202777777777778
2014-02-24 00:00:00 UTC,-201,-1244,416220800,3.7631944444444443
2014-02-24 00:00:00 UTC,-201,-1246,416220800,5.2886111111111109
2014-02-24 00:00:00 UTC,-201,-968,224581000,4.0698611111111109
2014-02-24 00:00:00 UTC,-201,368,441645000,1.581388888888889
2014-02-24 00:00:00 UTC,56,-283,440224000,5.1404166666666669
2014-02-24 00:00:00 UTC,56,-287,440224000,1.1756944444444444
2014-02-24 00:00:00 UTC,56,-286,440224000,3.2306944444444445
2014-02-24 00:00:00 UTC,56,-1518,432454000,1.4091666666666667
2014-02-24 00:00:00 UTC,56,-1520,432454000,0.59069444444444441
2014-02-24 00:00:00 UTC,56,-1517,432454000,1.8122222222222222
2014-02-24 00:00:00 UTC,56,-1524,432454000,1.8902777777777777
2014-02-24 00:00:00 UTC,56,-1519,432454000,1.6843055555555555
2014-02-24 00:00:00 UTC,312,1219,412370187,9.7354166666666639
2014-02-24 00:00:00 UTC,312,1233,412427029,11.084305555555556
2014-02-24 00:00:00 UTC,312,1234,412427029,0.67472222222222222
2014-02-24 00:00:00 UTC,312,-204,224081430,3.216388888888889
2014-02-24 00:00:00 UTC,312,-205,224081430,5.6294444444444451
2014-02-24 00:00:00 UTC,312,1228,412422946,12.641944444444443
2014-02-24 00:00:00 UTC,312,1227,412422946,3.9855555555555555
2014-02-24 00:00:00 UTC,312,1229,412422946,1.3809722222222223
2014-02-24 00:00:00 UTC,312,1220,412301366,24.656388888888888
2014-02-24 00:00:00 UTC,312,1228,412422722,0.59527777777777779
2014-02-24 00:00:00 UTC,312,1227,412422722,7.1490277777777784
2014-02-24 00:00:00 UTC,312,1221,413004116,2.5956944444444439
2014-02-24 00:00:00 UTC,312,1222,412367713,0.20902777777777776
2014-02-24 00:00:00 UTC,312,1226,412422258,6.544027777777778
2014-02-24 00:00:00 UTC,312,1217,412359040,0.65847222222222224
2014-02-24 00:00:00 UTC,312,1227,412422276,3.7554166666666675
2014-02-24 00:00:00 UTC,312,1228,412422276,9.4713888888888871
2014-02-24 00:00:00 UTC,312,1229,412422276,2.9562500000000003
2014-02-24 00:00:00 UTC,312,1226,412422296,2.0441666666666665
2014-02-24 00:00:00 UTC,312,1225,412422296,3.1884722222222224
2014-02-24 00:00:00 UTC,312,1226,413408990,2.2440277777777777
2014-02-24 00:00:00 UTC,312,1229,412428261,1.8816666666666668
2014-02-24 00:00:00 UTC,312,1227,412428261,3.9755555555555548
2014-02-24 00:00:00 UTC,312,1226,412428261,2.8893055555555556
2014-02-24 00:00:00 UTC,312,1227,412428272,4.2254166666666668
2014-02-24 00:00:00 UTC,312,1226,412428272,6.8279166666666669
2014-02-24 00:00:00 UTC,312,1220,412370173,6.1752777777777776
2014-02-24 00:00:00 UTC,568,-1710,367308320,5.5794444444444444
2014-02-24 00:00:00 UTC,568,-1716,366542920,2.2515277777777776
2014-02-24 00:00:00 UTC,568,-1719,366542920,5.6319444444444446
2014-02-24 00:00:00 UTC,568,-1718,366542920,1.4972222222222222
2014-02-24 00:00:00 UTC,568,-152,250001999,9.5005555555555556
2014-02-24 00:00:00 UTC,568,-1711,368454000,1.6204166666666668
2014-02-24 00:00:00 UTC,568,-1717,367026600,3.8241666666666672
2014-02-24 00:00:00 UTC,568,-1718,367026600,5.4523611111111112
2014-02-24 00:00:00 UTC,568,-1719,367026600,4.4390277777777776
2014-02-24 00:00:00 UTC,568,-1716,367026600,4.0484722222222222
2014-02-24 00:00:00 UTC,568,1541,273849000,12.694444444444445
2014-02-24 00:00:00 UTC,568,-21,235088342,1.9290277777777778
2014-02-24 00:00:00 UTC,568,-20,235088342,0.5083333333333333
2014-02-24 00:00:00 UTC,-456,-605,416189700,3.9715277777777778
2014-02-24 00:00:00 UTC,-456,-509,204212000,5.6352777777777776
2014-02-24 00:00:00 UTC,-456,-606,416164900,5.2280555555555557
2014-02-24 00:00:00 UTC,-456,-605,416862000,3.1772222222222224
2014-02-24 00:00:00 UTC,-456,-607,416862000,5.7587499999999991
2014-02-24 00:00:00 UTC,-456,-756,725000261,0.59694444444444439
2014-02-24 00:00:00 UTC,-456,-755,725000261,1.0959722222222221
2014-02-24 00:00:00 UTC,-456,-607,440818000,3.9681944444444444
2014-02-24 00:00:00 UTC,-456,-606,416004186,11.914305555555556
2014-02-24 00:00:00 UTC,-456,-606,412301150,10.288194444444443
2014-02-24 00:00:00 UTC,-456,-606,577030000,4.7120833333333332
2014-02-24 00:00:00 UTC,-456,-607,577030000,1.6237499999999998
2014-02-24 00:00:00 UTC,-456,-670,701006450,2.3565277777777776
2014-02-24 00:00:00 UTC,-456,-1660,367324020,5.6543055555555553
2014-02-24 00:00:00 UTC,-456,-606,412420471,5.6472222222222221
2014-02-24 00:00:00 UTC,-456,-602,440528000,2.1975
2014-02-24 00:00:00 UTC,-456,-606,416047500,6.2547222222222221
2014-02-24 00:00:00 UTC,-456,-602,441050000,4.5362500000000008
2014-02-24 00:00:00 UTC,-456,-606,416527000,11.906388888888889
2014-02-24 00:00:00 UTC,-456,-606,441412000,11.903472222222225
2014-02-24 00:00:00 UTC,-456,-605,416242600,11.149444444444445
2014-02-24 00:00:00 UTC,-456,465,635225000,6.94361111111111
2014-02-24 00:00:00 UTC,-456,464,635225000,11.460277777777778
2014-02-24 00:00:00 UTC,-456,-607,440995000,10.299861111111113
2014-02-24 00:00:00 UTC,-456,-607,440216000,1.5486111111111112
2014-02-24 00:00:00 UTC,-456,-607,441410000,11.936388888888889
2014-02-24 00:00:00 UTC,-456,-607,416706000,3.161944444444444
2014-02-24 00:00:00 UTC,-456,-607,440652000,8.7568055555555553
2014-02-24 00:00:00 UTC,-456,-606,440662000,1.548888888888889
2014-02-24 00:00:00 UTC,-456,-607,440662000,10.19361111111111
2014-02-24 00:00:00 UTC,-456,-607,440683000,11.731527777777778
2014-02-24 00:00:00 UTC,-456,-605,412209146,4.7650000000000006
2014-02-24 00:00:00 UTC,-200,-1197,412420875,4.014444444444444
2014-02-24 00:00:00 UTC,-200,-152,224094520,1.2720833333333332
2014-02-24 00:00:00 UTC,-200,-1036,224017000,0.91333333333333333
2014-02-24 00:00:00 UTC,-200,-1289,416199800,1.7529166666666667
2014-02-24 00:00:00 UTC,-200,-965,224581000,1.6568055555555556
2014-02-24 00:00:00 UTC,57,-278,440224000,1.8123611111111111
2014-02-24 00:00:00 UTC,57,-287,440224000,1.3755555555555556
2014-02-24 00:00:00 UTC,57,-279,440224000,1.8293055555555555
2014-02-24 00:00:00 UTC,57,-176,432447000,0.99152777777777779
2014-02-24 00:00:00 UTC,57,-170,432447000,2.4738888888888888
2014-02-24 00:00:00 UTC,57,-171,432447000,0.84069444444444441
2014-02-24 00:00:00 UTC,57,-173,432447000,0.90236111111111106
2014-02-24 00:00:00 UTC,57,-174,432447000,1.3694444444444445
2014-02-24 00:00:00 UTC,57,-1515,432454000,0.92902777777777779
2014-02-24 00:00:00 UTC,57,-1516,432454000,1.83375
2014-02-24 00:00:00 UTC,313,-199,224081430,3.6305555555555555
2014-02-24 00:00:00 UTC,313,1227,412422946,0.48291666666666666
2014-02-24 00:00:00 UTC,313,1228,412422276,1.0750000000000002
2014-02-24 00:00:00 UTC,313,1227,412422276,2.4238888888888894
2014-02-24 00:00:00 UTC,313,-207,204259000,5.56125
2014-02-24 00:00:00 UTC,313,1222,412370364,5.6194444444444445
2014-02-24 00:00:00 UTC,313,1216,412370389,8.4418055555555558
2014-02-24 00:00:00 UTC,313,1226,413408990,2.527916666666667
2014-02-24 00:00:00 UTC,313,1227,412428261,2.5105555555555554
2014-02-24 00:00:00 UTC,313,1226,412428261,2.8059722222222225
2014-02-24 00:00:00 UTC,313,1227,412428272,1.9066666666666667
2014-02-24 00:00:00 UTC,313,1228,412428278,0.44222222222222218
2014-02-24 00:00:00 UTC,313,1229,412428278,0.79875000000000007
2014-02-24 00:00:00 UTC,569,-1718,366542920,2.2068055555555555
2014-02-24 00:00:00 UTC,569,-1721,366542920,5.4844444444444447
2014-02-24 00:00:00 UTC,569,-1719,366542920,2.335
2014-02-24 00:00:00 UTC,569,-151,250001999,8.5027777777777782
2014-02-24 00:00:00 UTC,569,-1714,43676060,8.7325
2014-02-24 00:00:00 UTC,569,-1716,43676060,6.8172222222222221
2014-02-24 00:00:00 UTC,569,1543,273359270,2.9766666666666666
2014-02-24 00:00:00 UTC,569,1557,273342630,1.69375
2014-02-24 00:00:00 UTC,569,-1719,367026600,5.6583333333333332
2014-02-24 00:00:00 UTC,569,117,220099000,2.9463888888888885
2014-02-24 00:00:00 UTC,569,116,220099000,1.4458333333333333
2014-02-24 00:00:00 UTC,569,1543,273358010,1.5373611111111112
2014-02-24 00:00:00 UTC,569,1542,273873400,5.5748611111111117
2014-02-24 00:00:00 UTC,569,1543,273873400,1.6831944444444444
2014-02-24 00:00:00 UTC,-455,-606,440117000,10.949722222222222
2014-02-24 00:00:00 UTC,-455,-607,412420378,7.9884722222222226
2014-02-24 00:00:00 UTC,-455,-606,412420383,4.7186111111111106
2014-02-24 00:00:00 UTC,-455,-511,204212000,1.5811111111111111
2014-02-24 00:00:00 UTC,-455,-605,412420384,11.92708333333333
2014-02-24 00:00:00 UTC,-455,-755,725000261,0.48722222222222222
2014-02-24 00:00:00 UTC,-455,-607,441298000,11.164583333333333
2014-02-24 00:00:00 UTC,-455,-602,441276000,6.2327777777777778
2014-02-24 00:00:00 UTC,-455,-1661,367512170,6.9463888888888876
2014-02-24 00:00:00 UTC,-455,-1660,367512170,3.0533333333333332
2014-02-24 00:00:00 UTC,-455,-606,440038000,11.912777777777777
2014-02-24 00:00:00 UTC,-455,-1659,367324020,3.1262499999999998
2014-02-24 00:00:00 UTC,-455,-1658,367324020,3.8393055555555553
2014-02-24 00:00:00 UTC,-455,-1660,367324020,2.6548611111111113
2014-02-24 00:00:00 UTC,-455,-602,441050000,1.5481944444444444
2014-02-24 00:00:00 UTC,-455,-605,515844000,6.33486111111111
2014-02-24 00:00:00 UTC,-455,467,635225000,0.98416666666666663
2014-02-24 00:00:00 UTC,-455,463,635225000,3.235
2014-02-24 00:00:00 UTC,-455,464,635225000,0.68458333333333332
2014-02-24 00:00:00 UTC,-455,466,635225000,0.69555555555555548
2014-02-24 00:00:00 UTC,-455,-605,412420532,7.17875
2014-02-24 00:00:00 UTC,-455,-606,412329655,10.270277777777778
2014-02-24 00:00:00 UTC,-455,-606,412329657,8.75013888888889
2014-02-24 00:00:00 UTC,-455,-606,412329658,18.640138888888888
2014-02-24 00:00:00 UTC,-455,-607,441495000,7.1631944444444446
2014-02-24 00:00:00 UTC,-455,-605,412420317,5.3122222222222222
2014-02-24 00:00:00 UTC,-455,-607,440652000,3.7958333333333334
2014-02-24 00:00:00 UTC,-455,-1660,367534310,5.625
2014-02-24 00:00:00 UTC,-455,-602,412326889,10.352777777777778
2014-02-24 00:00:00 UTC,-455,-607,441142000,8.8108333333333331
2014-02-24 00:00:00 UTC,-455,-605,412420341,12.514305555555556
2014-02-24 00:00:00 UTC,-455,-607,440811000,11.701666666666668
2014-02-24 00:00:00 UTC,-199,-1197,412420875,3.8166666666666664
2014-02-24 00:00:00 UTC,-199,-1196,412420875,0.82930555555555563
2014-02-24 00:00:00 UTC,-199,-152,224094520,1.1747222222222222
2014-02-24 00:00:00 UTC,-199,-1036,224017000,1.8326388888888889
2014-02-24 00:00:00 UTC,-199,-1289,416199800,1.8380555555555558
2014-02-24 00:00:00 UTC,-199,1172,503220100,9.7909722222222229
2014-02-24 00:00:00 UTC,-199,507,416004485,2.7073611111111111
2014-02-24 00:00:00 UTC,-199,367,441645000,3.0906944444444444
2014-02-24 00:00:00 UTC,-199,369,441645000,3.9797222222222226
2014-02-24 00:00:00 UTC,-199,1634,540010700,1.7577777777777777
2014-02-24 00:00:00 UTC,-199,1635,540010700,1.8752777777777778
2014-02-24 00:00:00 UTC,58,-286,440224000,1.8833333333333333
2014-02-24 00:00:00 UTC,58,-279,440224000,1.961527777777778
2014-02-24 00:00:00 UTC,58,-283,440224000,1.775
2014-02-24 00:00:00 UTC,58,-280,440224000,1.7543055555555556
2014-02-24 00:00:00 UTC,58,-174,432447000,0.46833333333333338
2014-02-24 00:00:00 UTC,58,-173,432447000,1.2865277777777777
2014-02-24 00:00:00 UTC,58,-176,432447000,0.33097222222222228
2014-02-24 00:00:00 UTC,58,-171,432447000,1.0577777777777779
2014-02-24 00:00:00 UTC,58,-180,432447000,2.1161111111111111
2014-02-24 00:00:00 UTC,58,-175,432447000,0.61555555555555563
2014-02-24 00:00:00 UTC,58,-177,432447000,0.8287500000000001
2014-02-24 00:00:00 UTC,58,-172,432447000,1.5844444444444445
2014-02-24 00:00:00 UTC,58,-173,432319000,1.3063888888888888
2014-02-24 00:00:00 UTC,58,-175,432319000,1.2016666666666667
2014-02-24 00:00:00 UTC,58,-207,431100750,2.3527777777777779
2014-02-24 00:00:00 UTC,58,-287,432967000,2.1941666666666668
2014-02-24 00:00:00 UTC,58,-289,432967000,5.1870833333333337
2014-02-24 00:00:00 UTC,314,1228,412428292,1.9690277777777776
2014-02-24 00:00:00 UTC,314,1229,412428292,4.1636111111111109
2014-02-24 00:00:00 UTC,314,1229,412370055,1.9555555555555555
2014-02-24 00:00:00 UTC,314,1227,412370055,4.8781944444444445
2014-02-24 00:00:00 UTC,314,1228,412370055,1.7818055555555556
2014-02-24 00:00:00 UTC,314,1222,412353198,9.242222222222221
2014-02-24 00:00:00 UTC,314,1228,412370102,2.106527777777778
2014-02-24 00:00:00 UTC,314,1226,412370102,1.649861111111111
2014-02-24 00:00:00 UTC,314,1227,412370102,2.8172222222222221
2014-02-24 00:00:00 UTC,314,1226,412428261,0.69097222222222232
2014-02-24 00:00:00 UTC,314,1229,412428267,3.8959722222222224
2014-02-24 00:00:00 UTC,314,1228,412428267,14.472222222222223
2014-02-24 00:00:00 UTC,314,1227,412428267,0.87208333333333343
2014-02-24 00:00:00 UTC,314,1228,412428274,0.35388888888888892
2014-02-24 00:00:00 UTC,314,1229,412428274,2.2561111111111112
2014-02-24 00:00:00 UTC,314,1230,412428274,6.8606944444444444
2014-02-24 00:00:00 UTC,314,1227,412428277,0.998611111111111
2014-02-24 00:00:00 UTC,314,1228,412428277,9.89152777777778
2014-02-24 00:00:00 UTC,314,1228,412428278,8.470833333333335
2014-02-24 00:00:00 UTC,314,1229,412428278,1.3162500000000001
2014-02-24 00:00:00 UTC,314,1227,412428278,6.4516666666666671
2014-02-24 00:00:00 UTC,314,1226,412428278,0.28291666666666671
2014-02-24 00:00:00 UTC,314,1230,412428279,4.071944444444445
2014-02-24 00:00:00 UTC,570,1557,273843200,14.297083333333333
2014-02-24 00:00:00 UTC,570,-1708,303303000,0.8306944444444444
2014-02-24 00:00:00 UTC,570,238,275173000,0.20166666666666666
2014-02-24 00:00:00 UTC,570,237,275173000,1.0934722222222222
2014-02-24 00:00:00 UTC,570,-1716,43676060,2.21375
2014-02-24 00:00:00 UTC,570,-1715,43676060,2.4044444444444442
2014-02-24 00:00:00 UTC,570,1557,273342630,5.2815277777777778
2014-02-24 00:00:00 UTC,570,116,220099000,2.6840277777777781
2014-02-24 00:00:00 UTC,570,117,220099000,0.48972222222222223
2014-02-24 00:00:00 UTC,570,1542,273810110,30.165416666666665
2014-02-24 00:00:00 UTC,570,1544,273873400,4.5430555555555552
2014-02-24 00:00:00 UTC,570,1545,273873400,2.3791666666666669
2014-02-24 00:00:00 UTC,-454,-605,412420376,20.520833333333336
2014-02-24 00:00:00 UTC,-454,-509,204212000,2.1476388888888889
2014-02-24 00:00:00 UTC,-454,-605,412690720,7.1731944444444444
2014-02-24 00:00:00 UTC,-454,-605,412439587,1.54375
2014-02-24 00:00:00 UTC,-454,-604,412439587,5.6208333333333327
2014-02-24 00:00:00 UTC,-454,-1658,367721000,4.5291666666666668
2014-02-24 00:00:00 UTC,-454,-1659,367721000,10.744027777777777
2014-02-24 00:00:00 UTC,-454,-603,412439598,7.9775
2014-02-24 00:00:00 UTC,-454,-603,412439599,13.29
2014-02-24 00:00:00 UTC,-454,-1661,367347000,5.681805555555556
2014-02-24 00:00:00 UTC,-454,-606,210000187,8.7376388888888883
2014-02-24 00:00:00 UTC,-454,-605,412420418,12.531666666666666
2014-02-24 00:00:00 UTC,-454,-606,441565000,11.886666666666665
2014-02-24 00:00:00 UTC,-454,-605,412420687,17.817361111111111
2014-02-24 00:00:00 UTC,-454,-605,412420432,11.716527777777777
2014-02-24 00:00:00 UTC,-454,-606,441767000,11.857777777777777
2014-02-24 00:00:00 UTC,-454,-602,441276000,2.3144444444444443
2014-02-24 00:00:00 UTC,-454,-605,441766000,7.121666666666667
2014-02-24 00:00:00 UTC,-454,-606,441766000,3.2474999999999996
2014-02-24 00:00:00 UTC,-454,-601,440528000,5.6820833333333329
2014-02-24 00:00:00 UTC,-454,-601,441050000,2.1784722222222221
2014-02-24 00:00:00 UTC,-454,-602,441050000,6.6879166666666672
2014-02-24 00:00:00 UTC,-454,464,635225000,0.78472222222222221
2014-02-24 00:00:00 UTC,-454,-605,412420532,4.6108333333333338
2014-02-24 00:00:00 UTC,-454,-606,412329655,1.5972222222222221
2014-02-24 00:00:00 UTC,-454,1712,272323000,0.43763888888888891
2014-02-24 00:00:00 UTC,-454,-606,412329657,0.775
2014-02-24 00:00:00 UTC,-454,-606,900028873,6.4263888888888889
2014-02-24 00:00:00 UTC,-454,-605,312055000,5.6327777777777781
2014-02-24 00:00:00 UTC,-454,-603,412326883,17.36375
2014-02-24 00:00:00 UTC,-454,-1659,367534310,2.7080555555555565
2014-02-24 00:00:00 UTC,-454,-602,412329462,4.7052777777777779
2014-02-24 00:00:00 UTC,-198,-1196,412420875,0.33333333333333331
2014-02-24 00:00:00 UTC,-198,-152,224094520,3.9991666666666665
2014-02-24 00:00:00 UTC,-198,-1036,224017000,1.7701388888888889
2014-02-24 00:00:00 UTC,-198,-1289,416199800,3.8951388888888889
2014-02-24 00:00:00 UTC,-198,506,416004485,0.80152777777777773
2014-02-24 00:00:00 UTC,-198,-967,224581000,1.8918055555555555
2014-02-24 00:00:00 UTC,-198,369,441645000,0.80555555555555558
2014-02-24 00:00:00 UTC,-198,1634,540010700,3.5875000000000004
2014-02-24 00:00:00 UTC,59,-170,432319000,1.6302777777777779
2014-02-24 00:00:00 UTC,59,-178,432319000,0.98222222222222211
2014-02-24 00:00:00 UTC,59,-173,432319000,0.71430555555555553
2014-02-24 00:00:00 UTC,59,-171,432319000,1.5794444444444444
2014-02-24 00:00:00 UTC,59,-172,432319000,1.5344444444444445
2014-02-24 00:00:00 UTC,59,-179,432319000,1.1300000000000001
2014-02-24 00:00:00 UTC,59,-169,432319000,3.6336111111111111
2014-02-24 00:00:00 UTC,59,-175,432319000,1.1970833333333333
2014-02-24 00:00:00 UTC,59,-210,431316000,4.2765277777777779
2014-02-24 00:00:00 UTC,59,-209,431100750,3.704305555555556
2014-02-24 00:00:00 UTC,59,-207,431100750,1.8595833333333331
2014-02-24 00:00:00 UTC,59,-288,432967000,0.93166666666666664
2014-02-24 00:00:00 UTC,59,-287,432967000,0.75972222222222219
2014-02-24 00:00:00 UTC,59,-175,431602890,6.0427777777777774
2014-02-24 00:00:00 UTC,315,1228,412428292,5.208750000000002
2014-02-24 00:00:00 UTC,315,1227,412428292,1.37375
2014-02-24 00:00:00 UTC,315,1214,412370765,0.29027777777777775
2014-02-24 00:00:00 UTC,315,1229,412370055,2.1941666666666668
2014-02-24 00:00:00 UTC,315,1228,412370055,6.4509722222222239
2014-02-24 00:00:00 UTC,315,1227,412370055,3.5319444444444441
2014-02-24 00:00:00 UTC,315,1227,412425134,23.6638888888889
2014-02-24 00:00:00 UTC,315,1227,412370102,0.60402777777777783
2014-02-24 00:00:00 UTC,315,1228,412370102,3.2898611111111111
2014-02-24 00:00:00 UTC,315,1229,412370102,1.4363888888888889
2014-02-24 00:00:00 UTC,315,-210,204259000,3.1818055555555556
2014-02-24 00:00:00 UTC,315,1229,412428267,1.23625
2014-02-24 00:00:00 UTC,315,1228,412428267,3.4180555555555556
2014-02-24 00:00:00 UTC,315,1228,412428274,2.0443055555555558
2014-02-24 00:00:00 UTC,315,1230,412428277,1.5947222222222224
2014-02-24 00:00:00 UTC,315,1231,412428277,9.2045833333333338
2014-02-24 00:00:00 UTC,315,1228,412428278,4.2920833333333341
2014-02-24 00:00:00 UTC,315,1227,412428278,1.3919444444444444
2014-02-24 00:00:00 UTC,315,1228,412428279,1.3651388888888889
2014-02-24 00:00:00 UTC,315,1229,412428279,2.7898611111111111
2014-02-24 00:00:00 UTC,571,236,275200000,1.5680555555555553
2014-02-24 00:00:00 UTC,571,237,275200000,3.4933333333333332
2014-02-24 00:00:00 UTC,571,238,275200000,0.8930555555555556
2014-02-24 00:00:00 UTC,571,237,275221000,2.7769444444444438
2014-02-24 00:00:00 UTC,571,235,275221000,1.0095833333333335
2014-02-24 00:00:00 UTC,571,236,275221000,3.7848611111111112
2014-02-24 00:00:00 UTC,571,238,275221000,0.64527777777777784
2014-02-24 00:00:00 UTC,571,93,219002464,0.6201388888888888
2014-02-24 00:00:00 UTC,571,1542,273814900,12.279444444444444
2014-02-24 00:00:00 UTC,571,1543,273814900,11.208055555555555
2014-02-24 00:00:00 UTC,571,239,275099000,1.0583333333333336
2014-02-24 00:00:00 UTC,571,-93,227909000,4.568194444444444
2014-02-24 00:00:00 UTC,571,235,275173000,0.88347222222222221
2014-02-24 00:00:00 UTC,571,237,275173000,4.724444444444444
2014-02-24 00:00:00 UTC,571,238,275173000,0.2302777777777778
2014-02-24 00:00:00 UTC,571,236,275173000,1.3094444444444444
2014-02-24 00:00:00 UTC,571,-1715,43676060,1.6386111111111108
2014-02-24 00:00:00 UTC,571,1545,273359270,7.0499999999999989
2014-02-24 00:00:00 UTC,571,1546,273359270,4.6009722222222225
2014-02-24 00:00:00 UTC,571,1547,273359270,1.597361111111111
2014-02-24 00:00:00 UTC,571,1558,273342630,5.3818055555555553
2014-02-24 00:00:00 UTC,571,1546,273358010,4.6166666666666671
2014-02-24 00:00:00 UTC,571,1548,273358010,1.5486111111111112
2014-02-24 00:00:00 UTC,571,1545,273358010,3.0027777777777782
2014-02-24 00:00:00 UTC,571,1532,273445310,7.2425000000000006
2014-02-24 00:00:00 UTC,571,1534,273445310,1.5447222222222221
2014-02-24 00:00:00 UTC,571,1531,273445310,1.598611111111111
2014-02-24 00:00:00 UTC,571,1528,273445310,3.74125
2014-02-24 00:00:00 UTC,571,93,219005909,12.257777777777779
2014-02-24 00:00:00 UTC,571,94,219002847,3.6347222222222224
2014-02-24 00:00:00 UTC,571,1547,273873400,5.5709722222222222
2014-02-24 00:00:00 UTC,571,1545,273873400,3.7311111111111108
2014-02-24 00:00:00 UTC,-453,-605,412420611,12.475833333333334
2014-02-24 00:00:00 UTC,-453,-604,412420611,5.3290277777777773
2014-02-24 00:00:00 UTC,-453,-605,412679190,17.06861111111111
2014-02-24 00:00:00 UTC,-453,-602,412331034,11.202916666666667
2014-02-24 00:00:00 UTC,-453,-602,412331036,6.2951388888888893
2014-02-24 00:00:00 UTC,-453,-602,412331037,24.23138888888889
2014-02-24 00:00:00 UTC,-453,-604,412420382,7.0851388888888884
2014-02-24 00:00:00 UTC,-453,-605,412420382,4.7769444444444442
2014-02-24 00:00:00 UTC,-453,-605,412439587,3.9388888888888887
2014-02-24 00:00:00 UTC,-453,-1656,367721000,8.3377777777777791
2014-02-24 00:00:00 UTC,-453,-604,412439598,11.766944444444444
2014-02-24 00:00:00 UTC,-453,-1659,367347000,11.50138888888889
2014-02-24 00:00:00 UTC,-453,-1661,367347000,6.4652777777777786
2014-02-24 00:00:00 UTC,-453,-604,412328762,6.31375
2014-02-24 00:00:00 UTC,-453,-604,412328763,6.271527777777778
2014-02-24 00:00:00 UTC,-453,-605,412328765,3.1256944444444446
2014-02-24 00:00:00 UTC,-453,-602,412699210,10.964583333333334
2014-02-24 00:00:00 UTC,-453,-605,412420432,3.9136111111111109
2014-02-24 00:00:00 UTC,-453,-605,515303000,5.6011111111111109
2014-02-24 00:00:00 UTC,-453,-642,701006427,1.40125
2014-02-24 00:00:00 UTC,-453,-601,441276000,8.57875
2014-02-24 00:00:00 UTC,-453,-603,441276000,5.5691666666666659
2014-02-24 00:00:00 UTC,-453,-1661,367512170,2.183472222222222
2014-02-24 00:00:00 UTC,-453,-601,440528000,4.4837500000000006
2014-02-24 00:00:00 UTC,-453,-601,441050000,8.5331944444444439
2014-02-24 00:00:00 UTC,-453,-603,412329632,1.5387499999999998
2014-02-24 00:00:00 UTC,-453,-602,412329632,4.76375
2014-02-24 00:00:00 UTC,-453,-602,412329633,15.628611111111113
2014-02-24 00:00:00 UTC,-453,-606,900028873,1.5708333333333333
2014-02-24 00:00:00 UTC,-453,-606,412420816,16.270277777777778
2014-02-24 00:00:00 UTC,-453,-605,312055000,3.8837499999999996
2014-02-24 00:00:00 UTC,-453,-602,412420314,17.835138888888888
2014-02-24 00:00:00 UTC,-453,-605,412420318,14.134166666666665
2014-02-24 00:00:00 UTC,-453,-602,412329462,1.6108333333333333
2014-02-24 00:00:00 UTC,-453,-602,412329463,6.30513888888889
2014-02-24 00:00:00 UTC,-197,1575,540001900,1.2445833333333334
2014-02-24 00:00:00 UTC,-197,-1240,416220800,3.8175
2014-02-24 00:00:00 UTC,-197,506,416004485,0.96527777777777779
2014-02-24 00:00:00 UTC,-197,119,376601000,0.10541666666666666
2014-02-24 00:00:00 UTC,-197,120,376601000,0.89444444444444449
2014-02-24 00:00:00 UTC,-197,370,441645000,1.1684722222222221
2014-02-24 00:00:00 UTC,-197,369,441645000,0.38486111111111115
2014-02-24 00:00:00 UTC,-197,1633,540010700,3.0194444444444444
2014-02-24 00:00:00 UTC,-197,1577,540003800,3.7054166666666668
2014-02-24 00:00:00 UTC,-197,1578,540003800,1.8027777777777778
2014-02-24 00:00:00 UTC,60,-211,431316000,2.3511111111111114
2014-02-24 00:00:00 UTC,60,-210,431100750,1.1969444444444446
2014-02-24 00:00:00 UTC,60,-285,432967000,2.6131944444444444
2014-02-24 00:00:00 UTC,60,-171,431602890,8.93388888888889
2014-02-24 00:00:00 UTC,60,-179,432503000,1.848611111111111
2014-02-24 00:00:00 UTC,60,-175,432503000,0.40680555555555553
2014-02-24 00:00:00 UTC,60,-171,432503000,2.2208333333333337
2014-02-24 00:00:00 UTC,60,-170,432503000,1.2980555555555557
2014-02-24 00:00:00 UTC,60,-169,432503000,3.1845833333333333
2014-02-24 00:00:00 UTC,60,-176,432503000,1.0177777777777777
2014-02-24 00:00:00 UTC,60,-174,432503000,2.4995833333333333
2014-02-24 00:00:00 UTC,60,-172,432503000,2.4301388888888891
2014-02-24 00:00:00 UTC,60,-213,431927000,1.7430555555555556
2014-02-24 00:00:00 UTC,572,1557,273449320,11.754027777777777
2014-02-24 00:00:00 UTC,572,1556,273449320,5.5695833333333331
2014-02-24 00:00:00 UTC,572,239,275099000,5.6940277777777775
2014-02-24 00:00:00 UTC,572,237,275173000,1.5663888888888886
2014-02-24 00:00:00 UTC,572,1546,273359270,1.6806944444444445
2014-02-24 00:00:00 UTC,572,-1711,338137000,1.4302777777777778
2014-02-24 00:00:00 UTC,572,1531,273445310,3.8004166666666666
2014-02-24 00:00:00 UTC,572,-1711,367331520,7.0693055555555544
2014-02-24 00:00:00 UTC,572,241,275138000,3.0555555555555554
2014-02-24 00:00:00 UTC,572,-1730,367170270,1.649861111111111
2014-02-24 00:00:00 UTC,572,94,219002847,0.94138888888888883
2014-02-24 00:00:00 UTC,572,85,220043000,0.64236111111111116
2014-02-24 00:00:00 UTC,-452,-508,204212000,2.1615277777777777
2014-02-24 00:00:00 UTC,-452,-602,412420648,7.9556944444444451
2014-02-24 00:00:00 UTC,-452,-603,412690730,15.357916666666666
2014-02-24 00:00:00 UTC,-452,-604,412328765,4.5454166666666662
2014-02-24 00:00:00 UTC,-452,-602,412699210,6.8450000000000006
2014-02-24 00:00:00 UTC,-452,-602,412440151,25.032500000000002
2014-02-24 00:00:00 UTC,-452,-603,412440152,10.963611111111112
2014-02-24 00:00:00 UTC,-452,-641,701006427,10.144166666666667
2014-02-24 00:00:00 UTC,-452,-642,701006427,7.6143055555555552
2014-02-24 00:00:00 UTC,-452,-603,412440157,12.531388888888888
2014-02-24 00:00:00 UTC,-452,-601,441276000,1.4902777777777778
2014-02-24 00:00:00 UTC,-452,-1662,367512170,0.74986111111111109
2014-02-24 00:00:00 UTC,-452,-1619,367512510,12.146111111111113
2014-02-24 00:00:00 UTC,-452,-1620,367512510,10.701388888888889
2014-02-24 00:00:00 UTC,-452,-603,412694470,12.72
2014-02-24 00:00:00 UTC,-452,-602,900028619,10.979166666666668
2014-02-24 00:00:00 UTC,-452,-603,900028639,7.2009722222222212
2014-02-24 00:00:00 UTC,-196,-1036,224017000,1.7834722222222221
2014-02-24 00:00:00 UTC,-196,1575,540001900,2.1045833333333333
2014-02-24 00:00:00 UTC,-196,-1240,416220800,1.8190277777777777
2014-02-24 00:00:00 UTC,-196,506,416004485,5.7941666666666665
2014-02-24 00:00:00 UTC,-196,-966,224581000,0.91388888888888886
2014-02-24 00:00:00 UTC,-196,120,376601000,1.8111111111111111
2014-02-24 00:00:00 UTC,-196,119,376601000,1.6027777777777776
2014-02-24 00:00:00 UTC,-196,-1225,55997,3.7254166666666664
2014-02-24 00:00:00 UTC,-196,-1218,55997,2.9376388888888889
2014-02-24 00:00:00 UTC,-196,-1226,55997,3.4776388888888889
2014-02-24 00:00:00 UTC,-196,371,441645000,3.8861111111111111
2014-02-24 00:00:00 UTC,-196,1182,503501300,0.64722222222222225
2014-02-24 00:00:00 UTC,-196,1181,503501300,2.9111111111111105
2014-02-24 00:00:00 UTC,61,-1750,440704000,1.8570833333333332
2014-02-24 00:00:00 UTC,61,-1751,440704000,2.310972222222222
2014-02-24 00:00:00 UTC,61,-212,431316000,2.73125
2014-02-24 00:00:00 UTC,61,-284,432967000,0.44013888888888891
2014-02-24 00:00:00 UTC,61,-182,431602890,6.93375
2014-02-24 00:00:00 UTC,61,-213,431927000,1.5923611111111111
2014-02-24 00:00:00 UTC,61,-214,431927000,1.8565277777777778
2014-02-24 00:00:00 UTC,317,346,428150081,0.31944444444444442
2014-02-24 00:00:00 UTC,317,345,428150081,1.0093055555555557
2014-02-24 00:00:00 UTC,317,344,428000120,3.7986111111111112
2014-02-24 00:00:00 UTC,317,345,428000120,4.3863888888888889
2014-02-24 00:00:00 UTC,317,346,428000120,2.8638888888888889
2014-02-24 00:00:00 UTC,317,-212,204259000,2.1569444444444446
2014-02-24 00:00:00 UTC,317,345,428150719,19.31111111111111
2014-02-24 00:00:00 UTC,317,346,428150006,0.53722222222222227
2014-02-24 00:00:00 UTC,317,345,428150006,0.27430555555555558
2014-02-24 00:00:00 UTC,317,-290,224026870,6.6004166666666659
2014-02-24 00:00:00 UTC,573,-1726,367033950,6.9016666666666664
2014-02-24 00:00:00 UTC,573,-1725,367033950,4.6994444444444445
2014-02-24 00:00:00 UTC,573,-1724,367033950,5.579305555555556
2014-02-24 00:00:00 UTC,573,-1716,367033950,1.6370833333333334
2014-02-24 00:00:00 UTC,573,1558,273449320,3.0676388888888888
2014-02-24 00:00:00 UTC,573,1559,273449320,3.1193055555555556
2014-02-24 00:00:00 UTC,573,239,275099000,0.41541666666666666
2014-02-24 00:00:00 UTC,573,191,265754000,2.5388888888888888
2014-02-24 00:00:00 UTC,573,1547,273359270,5.5680555555555555
2014-02-24 00:00:00 UTC,573,-1713,338137000,0.77222222222222225
2014-02-24 00:00:00 UTC,573,1550,273359300,5.9301388888888891
2014-02-24 00:00:00 UTC,573,84,219853000,0.8404166666666667
2014-02-24 00:00:00 UTC,573,241,275138000,1.1420833333333333
2014-02-24 00:00:00 UTC,573,-1729,367170270,5.4705555555555554
2014-02-24 00:00:00 UTC,-451,-603,412420648,3.9468055555555557
2014-02-24 00:00:00 UTC,-451,-603,412440154,12.522777777777778
2014-02-24 00:00:00 UTC,-451,-641,701006427,4.8848611111111113
2014-02-24 00:00:00 UTC,-451,-603,412440156,0.050138888888888886
2014-02-24 00:00:00 UTC,-451,-603,900028639,4.5551388888888891
2014-02-24 00:00:00 UTC,-195,-1194,412420875,1.7580555555555555
2014-02-24 00:00:00 UTC,-195,-1036,224017000,1.6843055555555555
2014-02-24 00:00:00 UTC,-195,-1241,416220800,2.214722222222222
2014-02-24 00:00:00 UTC,-195,-1244,416220800,5.078611111111111
2014-02-24 00:00:00 UTC,-195,-1242,416220800,1.6941666666666664
2014-02-24 00:00:00 UTC,-195,-1243,416220800,1.5572222222222218
2014-02-24 00:00:00 UTC,-195,-966,224581000,0.51625
2014-02-24 00:00:00 UTC,-195,-964,224581000,1.3058333333333332
2014-02-24 00:00:00 UTC,-195,119,376601000,1.8251388888888889
2014-02-24 00:00:00 UTC,-195,-1218,55997,0.95500000000000007
2014-02-24 00:00:00 UTC,-195,1576,540003800,5.4697222222222219
2014-02-24 00:00:00 UTC,-195,1182,503501300,3.5670833333333332
2014-02-24 00:00:00 UTC,62,-1751,440704000,1.6958333333333333
2014-02-24 00:00:00 UTC,62,-1749,440704000,1.8304166666666666
2014-02-24 00:00:00 UTC,62,-213,431316000,1.2583333333333333
2014-02-24 00:00:00 UTC,62,-210,431100750,1.9580555555555557
2014-02-24 00:00:00 UTC,62,-284,432967000,1.8761111111111113
2014-02-24 00:00:00 UTC,62,-214,431927000,0.2113888888888889
2014-02-24 00:00:00 UTC,62,-215,431927000,1.6488888888888888
2014-02-24 00:00:00 UTC,318,346,428150081,0.25819444444444445
2014-02-24 00:00:00 UTC,318,345,428000120,2.0708333333333333
2014-02-24 00:00:00 UTC,318,344,428000120,5.7198611111111113
2014-02-24 00:00:00 UTC,318,346,428000120,1.8441666666666667
2014-02-24 00:00:00 UTC,318,1226,412400071,1.3430555555555554
2014-02-24 00:00:00 UTC,318,1225,412400071,5.4565277777777776
2014-02-24 00:00:00 UTC,318,346,428150006,3.9315277777777773
2014-02-24 00:00:00 UTC,318,345,428150006,2.9083333333333332
2014-02-24 00:00:00 UTC,574,1546,273350810,0.84791666666666665
2014-02-24 00:00:00 UTC,574,1547,273350810,2.3923611111111107
2014-02-24 00:00:00 UTC,574,1548,273350810,5.5636111111111113
2014-02-24 00:00:00 UTC,574,-1723,368526000,1.6831944444444447
2014-02-24 00:00:00 UTC,574,-1724,368526000,4.6433333333333335
2014-02-24 00:00:00 UTC,574,-96,226158000,11.689305555555556
2014-02-24 00:00:00 UTC,574,-1735,303672000,5.6591666666666667
2014-02-24 00:00:00 UTC,574,1550,273359300,6.379027777777778
2014-02-24 00:00:00 UTC,574,1551,273359300,2.4743055555555555
2014-02-24 00:00:00 UTC,574,85,219853000,3.617777777777778
2014-02-24 00:00:00 UTC,574,86,219853000,2.0927777777777776
2014-02-24 00:00:00 UTC,574,87,219853000,2.5861111111111112
2014-02-24 00:00:00 UTC,574,83,219853000,0.31236111111111109
2014-02-24 00:00:00 UTC,574,84,219853000,1.6400000000000001
2014-02-24 00:00:00 UTC,574,-1727,367170270,6.3350000000000009
2014-02-24 00:00:00 UTC,574,-1726,367170270,2.235
2014-02-24 00:00:00 UTC,574,-1728,367170270,0.80847222222222215
2014-02-24 00:00:00 UTC,-450,-507,204212000,1.6291666666666669
2014-02-24 00:00:00 UTC,-450,-510,204212000,0.85569444444444442
2014-02-24 00:00:00 UTC,-450,-509,204212000,0.79986111111111113
2014-02-24 00:00:00 UTC,-194,-1202,412420875,6.4916666666666671
2014-02-24 00:00:00 UTC,-194,120,659068000,1.8062500000000001
2014-02-24 00:00:00 UTC,-194,-246,224380000,1.0562500000000001
2014-02-24 00:00:00 UTC,-194,-243,224380000,2.9084722222222221
2014-02-24 00:00:00 UTC,-194,-245,224380000,1.7301388888888889
2014-02-24 00:00:00 UTC,-194,-966,224581000,0.91972222222222233
2014-02-24 00:00:00 UTC,-194,-964,224581000,0.44763888888888892
2014-02-24 00:00:00 UTC,-194,-965,224581000,0.56763888888888892
2014-02-24 00:00:00 UTC,-194,-1219,55997,1.8030555555555556
2014-02-24 00:00:00 UTC,63,-1751,440704000,1.3972222222222221
2014-02-24 00:00:00 UTC,63,-1749,440704000,1.8181944444444444
2014-02-24 00:00:00 UTC,63,-1752,440704000,0.89597222222222217
2014-02-24 00:00:00 UTC,63,-215,431316000,1.0936111111111111
2014-02-24 00:00:00 UTC,63,-213,431100750,4.3527777777777779
2014-02-24 00:00:00 UTC,63,-211,431100750,2.0638888888888891
2014-02-24 00:00:00 UTC,63,1601,432411000,1.8706944444444444
2014-02-24 00:00:00 UTC,63,1602,432411000,1.8208333333333333
2014-02-24 00:00:00 UTC,63,-216,431927000,1.8205555555555555
2014-02-24 00:00:00 UTC,63,-215,431927000,0.30152777777777778
2014-02-24 00:00:00 UTC,319,346,428150006,10.589722222222225
2014-02-24 00:00:00 UTC,575,229,275274000,2.1372222222222224
2014-02-24 00:00:00 UTC,575,228,275274000,0.37791666666666668
2014-02-24 00:00:00 UTC,575,-1711,338526000,0.985138888888889
2014-02-24 00:00:00 UTC,575,1560,273440840,0.76944444444444449
2014-02-24 00:00:00 UTC,575,-1547,367143770,0.78875
2014-02-24 00:00:00 UTC,575,-1548,367143770,3.06125
2014-02-24 00:00:00 UTC,575,228,275270000,0.86388888888888893
2014-02-24 00:00:00 UTC,575,229,275270000,1.5597222222222222
2014-02-24 00:00:00 UTC,575,1547,273350810,1.556111111111111
2014-02-24 00:00:00 UTC,575,1549,273350810,2.2711111111111109
2014-02-24 00:00:00 UTC,575,1548,273350810,3.120972222222222
2014-02-24 00:00:00 UTC,575,-1725,368526000,1.5943055555555556
2014-02-24 00:00:00 UTC,575,-1723,368526000,8.401944444444446
2014-02-24 00:00:00 UTC,575,-1736,303672000,4.0243055555555554
2014-02-24 00:00:00 UTC,575,-1735,303672000,3.09375
2014-02-24 00:00:00 UTC,575,1549,273356740,1.5508333333333333
2014-02-24 00:00:00 UTC,575,1548,273356740,1.5806944444444444
2014-02-24 00:00:00 UTC,575,1547,273356740,3.0751388888888886
2014-02-24 00:00:00 UTC,575,1552,273359300,5.5541666666666671
2014-02-24 00:00:00 UTC,575,87,219853000,1.295
2014-02-24 00:00:00 UTC,575,88,219853000,1.4109722222222223
2014-02-24 00:00:00 UTC,575,86,219853000,0.25680555555555556
2014-02-24 00:00:00 UTC,575,-1725,367170270,3.2568055555555553
2014-02-24 00:00:00 UTC,575,-1726,367170270,3.6777777777777776
2014-02-24 00:00:00 UTC,-449,-508,204212000,1.5481944444444444
2014-02-24 00:00:00 UTC,-449,-510,204212000,1.4030555555555557
2014-02-24 00:00:00 UTC,-449,-756,725000261,6.5502777777777785
2014-02-24 00:00:00 UTC,-449,-639,701000947,10.046111111111111
2014-02-24 00:00:00 UTC,-193,-1189,412420877,1.2973611111111112
2014-02-24 00:00:00 UTC,-193,-1190,412420877,3.502361111111111
2014-02-24 00:00:00 UTC,-193,119,659068000,1.794861111111111
2014-02-24 00:00:00 UTC,-193,118,659068000,1.413888888888889
2014-02-24 00:00:00 UTC,-193,-247,224380000,1.0019444444444445
2014-02-24 00:00:00 UTC,-193,-1036,224017000,2.4801388888888893
2014-02-24 00:00:00 UTC,-193,504,416004485,5.9345833333333342
2014-02-24 00:00:00 UTC,-193,-966,224581000,0.35430555555555554
2014-02-24 00:00:00 UTC,-193,-965,224581000,0.41500000000000004
2014-02-24 00:00:00 UTC,-193,-1219,55997,2.219583333333333
2014-02-24 00:00:00 UTC,-193,-1178,412420852,6.4629166666666666
2014-02-24 00:00:00 UTC,-193,1186,503501300,1.0070833333333333
2014-02-24 00:00:00 UTC,-193,1185,503501300,3.8141666666666665
2014-02-24 00:00:00 UTC,64,-1751,440704000,1.88875
2014-02-24 00:00:00 UTC,64,-1752,440704000,0.92236111111111108
2014-02-24 00:00:00 UTC,64,-216,431316000,1.3318055555555555
2014-02-24 00:00:00 UTC,64,-212,431100750,3.5884722222222223
2014-02-24 00:00:00 UTC,64,-213,431100750,1.1327777777777777
2014-02-24 00:00:00 UTC,64,1602,432411000,1.4969444444444442
2014-02-24 00:00:00 UTC,64,-217,431927000,0.46680555555555558
2014-02-24 00:00:00 UTC,64,-216,431927000,0.22833333333333333
2014-02-24 00:00:00 UTC,320,346,428150006,2.9213888888888886
2014-02-24 00:00:00 UTC,320,-292,224026870,6.6608333333333327
2014-02-24 00:00:00 UTC,576,94,219936000,3.4744444444444444
2014-02-24 00:00:00 UTC,576,95,219936000,3.1556944444444448
2014-02-24 00:00:00 UTC,576,96,219936000,0.40055555555555555
2014-02-24 00:00:00 UTC,576,228,275274000,2.0570833333333334
2014-02-24 00:00:00 UTC,576,229,275274000,2.5222222222222221
2014-02-24 00:00:00 UTC,576,-1711,338526000,6.1944444444444438
2014-02-24 00:00:00 UTC,576,-97,224130870,16.340694444444445
2014-02-24 00:00:00 UTC,576,228,275270000,0.9094444444444445
2014-02-24 00:00:00 UTC,576,-1732,303546000,4.4558333333333326
2014-02-24 00:00:00 UTC,576,-1733,303546000,4.6626388888888881
2014-02-24 00:00:00 UTC,576,-1731,303546000,1.59875
2014-02-24 00:00:00 UTC,576,1549,273350810,2.1798611111111112
2014-02-24 00:00:00 UTC,576,-1732,368526000,1.5327777777777778
2014-02-24 00:00:00 UTC,576,-1731,368526000,5.5722222222222229
2014-02-24 00:00:00 UTC,576,101,219004596,1.390138888888889
2014-02-24 00:00:00 UTC,576,100,219004596,3.222777777777778
2014-02-24 00:00:00 UTC,576,-1736,303672000,2.2256944444444442
2014-02-24 00:00:00 UTC,576,-1735,303672000,8.3956944444444446
2014-02-24 00:00:00 UTC,576,1551,273359300,1.5943055555555554
2014-02-24 00:00:00 UTC,576,1550,273359300,1.5308333333333333
2014-02-24 00:00:00 UTC,-448,-512,204212000,6.49125
2014-02-24 00:00:00 UTC,-448,-756,725000261,2.8970833333333337
2014-02-24 00:00:00 UTC,-448,-639,701000947,6.2556944444444458
2014-02-24 00:00:00 UTC,-192,119,659068000,1.3102777777777779
2014-02-24 00:00:00 UTC,-192,118,659068000,1.9316666666666669
2014-02-24 00:00:00 UTC,-192,-247,224380000,0.94444444444444442
2014-02-24 00:00:00 UTC,-192,-241,224380000,3.2097222222222221
2014-02-24 00:00:00 UTC,-192,-1005,224987000,1.2349999999999999
2014-02-24 00:00:00 UTC,-192,-1006,224987000,1.19875
2014-02-24 00:00:00 UTC,-192,503,416004485,5.5898611111111114
2014-02-24 00:00:00 UTC,-192,-1222,55997,1.8856944444444443
2014-02-24 00:00:00 UTC,-192,-1219,55997,0.81402777777777779
2014-02-24 00:00:00 UTC,-192,-1221,55997,1.0056944444444444
2014-02-24 00:00:00 UTC,-192,-1223,55997,4.1808333333333332
2014-02-24 00:00:00 UTC,-192,-1220,55997,1.4183333333333334
2014-02-24 00:00:00 UTC,-192,-1189,412420847,3.8086111111111114
2014-02-24 00:00:00 UTC,-192,-1214,412420848,0.88597222222222227
2014-02-24 00:00:00 UTC,-192,-1215,412420848,1.338611111111111
2014-02-24 00:00:00 UTC,-192,-1216,412420848,0.83138888888888884
2014-02-24 00:00:00 UTC,65,-1750,440704000,0.90694444444444444
2014-02-24 00:00:00 UTC,65,-1751,440704000,0.89583333333333337
2014-02-24 00:00:00 UTC,65,1601,432411000,1.5444444444444445
2014-02-24 00:00:00 UTC,65,-217,431927000,0.647361111111111
2014-02-24 00:00:00 UTC,321,-283,255401690,3.8651388888888891
2014-02-24 00:00:00 UTC,321,-284,255401690,23.437638888888888
2014-02-24 00:00:00 UTC,321,-293,224026870,1.6111111111111112
2014-02-24 00:00:00 UTC,577,-20,232627000,0.2583333333333333
2014-02-24 00:00:00 UTC,577,171,266045000,3.1205555555555557
2014-02-24 00:00:00 UTC,577,-32,233714000,0.60513888888888889
2014-02-24 00:00:00 UTC,577,-31,233714000,2.1222222222222222
2014-02-24 00:00:00 UTC,577,-95,244583000,10.89638888888889
2014-02-24 00:00:00 UTC,577,-24,234311000,0.87069444444444444
2014-02-24 00:00:00 UTC,577,-26,234311000,0.53541666666666665
2014-02-24 00:00:00 UTC,577,-23,234311000,0.26208333333333333
2014-02-24 00:00:00 UTC,577,-27,234311000,1.1822222222222223
2014-02-24 00:00:00 UTC,577,228,275270000,2.3683333333333336
2014-02-24 00:00:00 UTC,577,229,275270000,1.0806944444444446
2014-02-24 00:00:00 UTC,577,-19,235100553,1.183472222222222
2014-02-24 00:00:00 UTC,577,-25,234671000,0.34458333333333335
2014-02-24 00:00:00 UTC,577,-28,234671000,0.82513888888888887
2014-02-24 00:00:00 UTC,577,-26,234671000,1.9795833333333333
2014-02-24 00:00:00 UTC,577,-27,234671000,1.21625
2014-02-24 00:00:00 UTC,577,100,219801000,0.23916666666666669
2014-02-24 00:00:00 UTC,577,64,259352000,0.10097222222222223
2014-02-24 00:00:00 UTC,577,100,219106000,0.99152777777777779
2014-02-24 00:00:00 UTC,577,100,220278000,0.742361111111111
2014-02-24 00:00:00 UTC,-447,-755,725000261,1.3181944444444444
2014-02-24 00:00:00 UTC,-447,1713,440890000,0.67472222222222222
2014-02-24 00:00:00 UTC,-191,-1187,412420877,2.9377777777777778
2014-02-24 00:00:00 UTC,-191,118,659068000,11.861111111111111
2014-02-24 00:00:00 UTC,-191,117,659068000,2.3920833333333333
2014-02-24 00:00:00 UTC,-191,-247,224380000,0.91666666666666663
2014-02-24 00:00:00 UTC,-191,-242,224380000,5.319583333333334
2014-02-24 00:00:00 UTC,-191,-1037,224017000,3.4355555555555553
2014-02-24 00:00:00 UTC,-191,-999,224987000,1.76375
2014-02-24 00:00:00 UTC,-191,-1001,224987000,1.7818055555555556
2014-02-24 00:00:00 UTC,-191,-1007,224987000,8.5152777777777775
2014-02-24 00:00:00 UTC,-191,-1003,224987000,1.711111111111111
2014-02-24 00:00:00 UTC,-191,514,416000154,3.572916666666667
2014-02-24 00:00:00 UTC,-191,-1197,412420847,6.4969444444444449
2014-02-24 00:00:00 UTC,-191,-1214,412420848,0.93763888888888891
2014-02-24 00:00:00 UTC,-191,-1218,412420848,1.8683333333333334
2014-02-24 00:00:00 UTC,-191,-1217,412420848,1.5381944444444444
2014-02-24 00:00:00 UTC,-191,-1216,412420848,0.84402777777777771
2014-02-24 00:00:00 UTC,66,1601,432411000,0.91652777777777783
2014-02-24 00:00:00 UTC,66,1602,432411000,1.75
2014-02-24 00:00:00 UTC,66,-217,431927000,0.51388888888888884
2014-02-24 00:00:00 UTC,322,-317,224253000,2.2566666666666668
2014-02-24 00:00:00 UTC,322,-320,224253000,2.3802777777777777
2014-02-24 00:00:00 UTC,322,-294,224026870,3.9248611111111114
2014-02-24 00:00:00 UTC,578,-1550,367160840,0.77930555555555558
2014-02-24 00:00:00 UTC,578,-1551,367160840,0.77513888888888893
2014-02-24 00:00:00 UTC,578,-26,235000620,2.6362500000000004
2014-02-24 00:00:00 UTC,578,-24,235000620,0.84458333333333346
2014-02-24 00:00:00 UTC,578,-25,235000620,1.6355555555555554
2014-02-24 00:00:00 UTC,578,-27,235000620,2.4015277777777779
2014-02-24 00:00:00 UTC,578,-28,235000620,2.6525
2014-02-24 00:00:00 UTC,578,-29,235000620,1.6775
2014-02-24 00:00:00 UTC,578,171,266045000,0.705
2014-02-24 00:00:00 UTC,578,-27,233714000,2.2472222222222222
2014-02-24 00:00:00 UTC,578,-31,233714000,1.5227777777777778
2014-02-24 00:00:00 UTC,578,-30,234311000,2.1606944444444443
2014-02-24 00:00:00 UTC,578,-31,234311000,1.8134722222222222
2014-02-24 00:00:00 UTC,578,-27,234311000,2.1561111111111111
2014-02-24 00:00:00 UTC,578,-25,234311000,1.0581944444444444
2014-02-24 00:00:00 UTC,578,-29,234311000,2.4998611111111106
2014-02-24 00:00:00 UTC,578,-28,234311000,4.0698611111111109
2014-02-24 00:00:00 UTC,578,-26,234311000,1.5547222222222223
2014-02-24 00:00:00 UTC,578,102,220135000,1.234861111111111
2014-02-24 00:00:00 UTC,578,100,220135000,5.0820833333333333
2014-02-24 00:00:00 UTC,578,-24,235002470,2.7558333333333334
2014-02-24 00:00:00 UTC,578,-27,235002470,0.58736111111111111
2014-02-24 00:00:00 UTC,578,-22,235002470,0.24833333333333332
2014-02-24 00:00:00 UTC,578,-26,235002470,2.22375
2014-02-24 00:00:00 UTC,578,-23,235002470,3.284583333333333
2014-02-24 00:00:00 UTC,578,-25,235002470,2.4641666666666664
2014-02-24 00:00:00 UTC,578,101,219001976,0.64930555555555558
2014-02-24 00:00:00 UTC,578,102,219001976,1.7366666666666664
2014-02-24 00:00:00 UTC,578,-26,234671000,1.1958333333333335
2014-02-24 00:00:00 UTC,578,-28,234671000,2.2138888888888886
2014-02-24 00:00:00 UTC,578,-29,234671000,2.4072222222222224
2014-02-24 00:00:00 UTC,578,-27,234671000,1.0261111111111112
2014-02-24 00:00:00 UTC,578,-30,234671000,1.4347222222222225
2014-02-24 00:00:00 UTC,578,-25,234671000,1.0626388888888889
2014-02-24 00:00:00 UTC,578,-1549,367182240,3.0026388888888889
2014-02-24 00:00:00 UTC,578,100,219801000,0.86708333333333343
2014-02-24 00:00:00 UTC,578,101,219801000,2.6068055555555554
2014-02-24 00:00:00 UTC,578,102,220142000,1.6097222222222223
2014-02-24 00:00:00 UTC,578,101,220142000,2.9745833333333334
2014-02-24 00:00:00 UTC,578,103,220142000,0.20819444444444446
2014-02-24 00:00:00 UTC,578,-27,235024318,6.0676388888888884
2014-02-24 00:00:00 UTC,578,-1550,367352000,7.075
2014-02-24 00:00:00 UTC,578,-1551,367352000,1.5405555555555557
2014-02-24 00:00:00 UTC,578,101,220205000,4.7348611111111119
2014-02-24 00:00:00 UTC,578,102,220205000,6.0980555555555558
2014-02-24 00:00:00 UTC,578,-17,234690000,0.71722222222222221
2014-02-24 00:00:00 UTC,578,100,219106000,3.0283333333333333
2014-02-24 00:00:00 UTC,578,101,219106000,3.7665277777777781
2014-02-24 00:00:00 UTC,578,102,220343000,1.6102777777777777
2014-02-24 00:00:00 UTC,578,105,220343000,1.0370833333333334
2014-02-24 00:00:00 UTC,578,103,220343000,2.7755555555555556
2014-02-24 00:00:00 UTC,578,104,220343000,2.5959722222222221
2014-02-24 00:00:00 UTC,578,-24,235018981,2.0016666666666669
2014-02-24 00:00:00 UTC,578,-27,235018981,1.8475000000000001
2014-02-24 00:00:00 UTC,578,-26,235018981,2.8556944444444445
2014-02-24 00:00:00 UTC,578,-23,235018981,1.5866666666666667
2014-02-24 00:00:00 UTC,578,-25,235018981,2.5700000000000003
2014-02-24 00:00:00 UTC,578,102,220278000,1.5275
2014-02-24 00:00:00 UTC,578,100,220278000,0.66444444444444439
2014-02-24 00:00:00 UTC,578,101,220278000,2.1134722222222222
2014-02-24 00:00:00 UTC,578,104,219013885,5.835
2014-02-24 00:00:00 UTC,578,103,219013885,4.2005555555555549
2014-02-24 00:00:00 UTC,-446,1713,440890000,1.263611111111111
2014-02-24 00:00:00 UTC,-446,1712,512003539,3.3993055555555549
2014-02-24 00:00:00 UTC,-446,1728,512003817,0.41041666666666665
2014-02-24 00:00:00 UTC,-446,1727,512003817,0.6475
2014-02-24 00:00:00 UTC,-190,-1190,412420877,2.3340277777777776
2014-02-24 00:00:00 UTC,-190,-1187,412420877,1.8987500000000002
2014-02-24 00:00:00 UTC,-190,-1186,412420877,2.5526388888888887
2014-02-24 00:00:00 UTC,-190,-1189,412420877,1.7183333333333333
2014-02-24 00:00:00 UTC,-190,118,659068000,0.086527777777777787
2014-02-24 00:00:00 UTC,-190,117,659068000,1.1897222222222223
2014-02-24 00:00:00 UTC,-190,-1001,224987000,1.7429166666666667
2014-02-24 00:00:00 UTC,-190,-1004,224987000,1.0863888888888888
2014-02-24 00:00:00 UTC,-190,-1003,224987000,1.3123611111111111
2014-02-24 00:00:00 UTC,-190,512,416000154,5.7805555555555559
2014-02-24 00:00:00 UTC,-190,513,416000154,1.7904166666666663
2014-02-24 00:00:00 UTC,-190,-1220,412420848,5.1177777777777784
2014-02-24 00:00:00 UTC,-190,-1172,412420852,3.8891666666666667
2014-02-24 00:00:00 UTC,67,-217,431316000,1.9358333333333331
2014-02-24 00:00:00 UTC,67,-261,263569000,2.6763888888888889
2014-02-24 00:00:00 UTC,67,1601,432411000,1.4656944444444444
2014-02-24 00:00:00 UTC,67,-217,431927000,0.44361111111111112
2014-02-24 00:00:00 UTC,323,-319,224253000,1.0844444444444445
2014-02-24 00:00:00 UTC,579,73,257898500,7.1369444444444445
2014-02-24 00:00:00 UTC,579,74,257898500,4.77013888888889
2014-02-24 00:00:00 UTC,579,-96,224018440,11.770694444444445
2014-02-24 00:00:00 UTC,579,-58,235000840,0.26513888888888887
2014-02-24 00:00:00 UTC,579,108,220138000,0.72777777777777775
2014-02-24 00:00:00 UTC,579,106,220138000,2.1488888888888886
2014-02-24 00:00:00 UTC,579,105,220138000,0.89166666666666672
2014-02-24 00:00:00 UTC,579,107,220138000,1.36625
2014-02-24 00:00:00 UTC,579,102,265791000,0.21875
2014-02-24 00:00:00 UTC,579,1523,273848610,11.683194444444446
2014-02-24 00:00:00 UTC,579,1524,273848610,11.808472222222221
2014-02-24 00:00:00 UTC,579,-58,235096106,1.3418055555555557
2014-02-24 00:00:00 UTC,579,1521,273565500,3.1020833333333333
2014-02-24 00:00:00 UTC,579,1522,273565500,1.5580555555555555
2014-02-24 00:00:00 UTC,579,1524,273565500,4.5093055555555557
2014-02-24 00:00:00 UTC,579,1523,273565500,14.318194444444444
2014-02-24 00:00:00 UTC,579,1555,273318720,2.2406944444444443
2014-02-24 00:00:00 UTC,579,1554,273318720,2.1808333333333332
2014-02-24 00:00:00 UTC,579,108,266077000,1.9316666666666666
2014-02-24 00:00:00 UTC,579,109,266077000,0.28125
2014-02-24 00:00:00 UTC,579,107,266077000,1.37
2014-02-24 00:00:00 UTC,579,106,266077000,1.2666666666666666
2014-02-24 00:00:00 UTC,579,-28,233714000,0.39166666666666666
2014-02-24 00:00:00 UTC,579,-31,233714000,0.24986111111111112
2014-02-24 00:00:00 UTC,579,-30,233714000,1.3475
2014-02-24 00:00:00 UTC,579,-27,233714000,0.80555555555555558
2014-02-24 00:00:00 UTC,579,-93,244583000,11.79125
2014-02-24 00:00:00 UTC,579,102,220135000,4.8162499999999993
2014-02-24 00:00:00 UTC,579,100,220135000,0.30972222222222223
2014-02-24 00:00:00 UTC,579,1524,273845610,7.6501388888888888
2014-02-24 00:00:00 UTC,579,1523,273845610,14.341805555555556
2014-02-24 00:00:00 UTC,579,102,219001976,5.1201388888888868
2014-02-24 00:00:00 UTC,579,101,219001976,1.8390277777777779
2014-02-24 00:00:00 UTC,579,1524,273438080,4.6719444444444447
2014-02-24 00:00:00 UTC,579,1523,273438080,10.256944444444445
2014-02-24 00:00:00 UTC,579,103,219013538,0.997638888888889
2014-02-24 00:00:00 UTC,579,102,219013538,10.829305555555555
2014-02-24 00:00:00 UTC,579,103,219013539,8.0909722222222218
2014-02-24 00:00:00 UTC,579,102,219013539,11.265555555555554
2014-02-24 00:00:00 UTC,579,94,265785000,0.64236111111111116
2014-02-24 00:00:00 UTC,579,93,265785000,0.33333333333333337
2014-02-24 00:00:00 UTC,579,103,219801000,1.7974999999999999
2014-02-24 00:00:00 UTC,579,102,219801000,2.5794444444444444
2014-02-24 00:00:00 UTC,579,103,220142000,0.64597222222222228
2014-02-24 00:00:00 UTC,579,101,220142000,1.1130555555555555
2014-02-24 00:00:00 UTC,579,102,220142000,2.9876388888888887
2014-02-24 00:00:00 UTC,579,102,220205000,6.2673611111111107
2014-02-24 00:00:00 UTC,579,-58,235080649,0.836388888888889
2014-02-24 00:00:00 UTC,579,100,219106000,4.3995833333333332
2014-02-24 00:00:00 UTC,579,103,220343000,0.34111111111111109
2014-02-24 00:00:00 UTC,579,102,220343000,0.50305555555555559
2014-02-24 00:00:00 UTC,579,-58,235008217,12.180138888888889
2014-02-24 00:00:00 UTC,579,102,220278000,2.6333333333333333
2014-02-24 00:00:00 UTC,579,101,220278000,2.8161111111111117
2014-02-24 00:00:00 UTC,-445,1716,440980000,1.5752777777777776
2014-02-24 00:00:00 UTC,-445,-615,701000756,2.9706944444444447
2014-02-24 00:00:00 UTC,-445,1727,325277000,3.53
2014-02-24 00:00:00 UTC,-445,1728,325277000,5.3036111111111115
2014-02-24 00:00:00 UTC,-445,1713,440890000,3.0941666666666658
2014-02-24 00:00:00 UTC,-445,1714,440890000,2.0925000000000002
2014-02-24 00:00:00 UTC,-445,1729,272323000,0.64305555555555549
2014-02-24 00:00:00 UTC,-445,-615,701007039,1.3502777777777779
2014-02-24 00:00:00 UTC,-445,-588,441666000,12.499861111111111
2014-02-24 00:00:00 UTC,-445,1713,512003539,2.703611111111111
2014-02-24 00:00:00 UTC,-445,1712,512003539,0.71333333333333337
2014-02-24 00:00:00 UTC,-445,1728,512003817,4.3551388888888889
2014-02-24 00:00:00 UTC,-445,1727,512003817,0.7336111111111111
2014-02-24 00:00:00 UTC,-189,-1191,412420877,1.330138888888889
2014-02-24 00:00:00 UTC,-189,-1192,412420877,5.189166666666666
2014-02-24 00:00:00 UTC,-189,-1006,224415000,1.8388888888888888
2014-02-24 00:00:00 UTC,-189,-1004,224415000,1.7805555555555554
2014-02-24 00:00:00 UTC,-189,-1006,224987000,1.0141666666666667
2014-02-24 00:00:00 UTC,-189,-1008,224987000,1.0209722222222222
2014-02-24 00:00:00 UTC,-189,-1007,224987000,0.49833333333333329
2014-02-24 00:00:00 UTC,-189,-1005,224987000,0.68319444444444444
2014-02-24 00:00:00 UTC,-189,-1189,412420847,1.7931944444444445
2014-02-24 00:00:00 UTC,-189,-1215,412420848,3.8831944444444448
2014-02-24 00:00:00 UTC,-189,-1172,412420852,1.7691666666666666
2014-02-24 00:00:00 UTC,68,-218,431316000,3.9937500000000004
2014-02-24 00:00:00 UTC,68,-285,432967000,1.8763888888888891
2014-02-24 00:00:00 UTC,68,1601,432411000,1.9506944444444445
2014-02-24 00:00:00 UTC,68,-180,224005790,1.8761111111111113
2014-02-24 00:00:00 UTC,68,-183,224005790,3.7086111111111113
2014-02-24 00:00:00 UTC,68,-179,224005790,1.9186111111111113
2014-02-24 00:00:00 UTC,68,-182,224005790,1.800138888888889
2014-02-24 00:00:00 UTC,68,-187,224005790,0.51125
2014-02-24 00:00:00 UTC,68,-186,224005790,1.7063888888888887
2014-02-24 00:00:00 UTC,68,-217,431927000,0.62527777777777782
2014-02-24 00:00:00 UTC,324,-316,224253000,3.0056944444444449
2014-02-24 00:00:00 UTC,324,-319,224253000,1.3775
2014-02-24 00:00:00 UTC,324,-275,224069740,10.096805555555555
2014-02-24 00:00:00 UTC,324,-642,367494840,8.3265277777777769
2014-02-24 00:00:00 UTC,324,-291,224026870,5.358194444444444
2014-02-24 00:00:00 UTC,580,74,257898500,0.50819444444444439
2014-02-24 00:00:00 UTC,580,-58,235000840,1.47375
2014-02-24 00:00:00 UTC,580,102,220138000,13.599027777777776
2014-02-24 00:00:00 UTC,580,105,220138000,4.9498611111111108
2014-02-24 00:00:00 UTC,580,-58,235096106,3.8591666666666673
2014-02-24 00:00:00 UTC,580,1556,273318720,7.2562499999999988
2014-02-24 00:00:00 UTC,580,99,266077000,11.391944444444444
2014-02-24 00:00:00 UTC,580,106,266077000,4.3230555555555563
2014-02-24 00:00:00 UTC,580,109,266077000,0.4926388888888889
2014-02-24 00:00:00 UTC,580,-27,233714000,0.30861111111111111
2014-02-24 00:00:00 UTC,580,-30,233714000,1.5318055555555556
2014-02-24 00:00:00 UTC,580,96,266066000,5.3905555555555562
2014-02-24 00:00:00 UTC,580,1525,273845610,1.5059722222222223
2014-02-24 00:00:00 UTC,580,99,219013485,18.275694444444444
2014-02-24 00:00:00 UTC,580,96,266150000,0.96430555555555553
2014-02-24 00:00:00 UTC,580,101,219001976,0.84041666666666659
2014-02-24 00:00:00 UTC,580,102,219001976,1.3644444444444446
2014-02-24 00:00:00 UTC,580,1524,273438080,5.5777777777777775
2014-02-24 00:00:00 UTC,580,1525,273438080,2.9809722222222224
2014-02-24 00:00:00 UTC,580,59,259450000,10.054305555555555
2014-02-24 00:00:00 UTC,580,1520,273875100,8.6959722222222222
2014-02-24 00:00:00 UTC,580,1522,273875100,4.6676388888888889
2014-02-24 00:00:00 UTC,580,1523,273875100,6.3337499999999993
2014-02-24 00:00:00 UTC,580,1518,273875100,5.5623611111111106
2014-02-24 00:00:00 UTC,580,1521,273875100,3.0197222222222222
2014-02-24 00:00:00 UTC,580,94,265785000,5.7269444444444435
2014-02-24 00:00:00 UTC,580,96,265785000,1.0783333333333334
2014-02-24 00:00:00 UTC,580,95,265785000,1.3225
2014-02-24 00:00:00 UTC,580,97,265785000,1.9093055555555556
2014-02-24 00:00:00 UTC,580,102,219801000,10.254166666666666
2014-02-24 00:00:00 UTC,580,99,219001518,7.1123611111111105
2014-02-24 00:00:00 UTC,580,102,220142000,0.8338888888888889
2014-02-24 00:00:00 UTC,580,-58,235080649,3.6640277777777777
2014-02-24 00:00:00 UTC,580,-1537,366936280,1.548888888888889
2014-02-24 00:00:00 UTC,580,97,266199000,0.54986111111111113
2014-02-24 00:00:00 UTC,580,96,266199000,5.3029166666666665
2014-02-24 00:00:00 UTC,580,-58,235008217,5.528611111111112
2014-02-24 00:00:00 UTC,580,97,265804000,1.9529166666666664
2014-02-24 00:00:00 UTC,580,95,265804000,0.32958333333333334
2014-02-24 00:00:00 UTC,580,96,265804000,1.6243055555555554
2014-02-24 00:00:00 UTC,580,102,220278000,0.85541666666666671
2014-02-24 00:00:00 UTC,580,96,265803000,14.379861111111111
2014-02-24 00:00:00 UTC,-444,1716,440980000,7.4004166666666675
2014-02-24 00:00:00 UTC,-444,1715,440980000,2.3245833333333334
2014-02-24 00:00:00 UTC,-444,1730,325277000,3.1480555555555552
2014-02-24 00:00:00 UTC,-444,1729,325277000,9.6872222222222213
2014-02-24 00:00:00 UTC,-444,1731,325277000,1.2818055555555556
2014-02-24 00:00:00 UTC,-444,1730,272323000,1.1654166666666668
2014-02-24 00:00:00 UTC,-444,-615,701007039,1.5781944444444445
2014-02-24 00:00:00 UTC,-444,1728,512003817,0.25388888888888889
2014-02-24 00:00:00 UTC,-444,1730,512003817,4.2086111111111109
2014-02-24 00:00:00 UTC,-444,1729,512003817,6.4336111111111114
2014-02-24 00:00:00 UTC,-444,1731,512003817,2.6773611111111109
2014-02-24 00:00:00 UTC,-188,-1005,224415000,1.8154166666666667
2014-02-24 00:00:00 UTC,-188,-1010,224415000,1.2838888888888889
2014-02-24 00:00:00 UTC,-188,-1008,224415000,1.2959722222222223
2014-02-24 00:00:00 UTC,-188,-1011,224415000,0.43847222222222221
2014-02-24 00:00:00 UTC,-188,-1009,224415000,0.99166666666666681
2014-02-24 00:00:00 UTC,-188,-253,224380000,0.72986111111111107
2014-02-24 00:00:00 UTC,-188,-1189,412420847,1.4093055555555556
2014-02-24 00:00:00 UTC,-188,-1173,412420852,3.0129166666666669
2014-02-24 00:00:00 UTC,69,-285,432967000,0.96930555555555553
2014-02-24 00:00:00 UTC,69,1602,432411000,1.8041666666666667
2014-02-24 00:00:00 UTC,69,-183,224005790,0.52291666666666659
2014-02-24 00:00:00 UTC,69,-188,224005790,1.8055555555555556
2014-02-24 00:00:00 UTC,69,-217,431927000,0.78208333333333335
2014-02-24 00:00:00 UTC,325,1214,412352819,0.66402777777777777
2014-02-24 00:00:00 UTC,325,348,428150078,2.75
2014-02-24 00:00:00 UTC,325,347,428150078,0.89152777777777781
2014-02-24 00:00:00 UTC,325,-319,224253000,1.6629166666666666
2014-02-24 00:00:00 UTC,325,-285,224098420,3.0848611111111115
2014-02-24 00:00:00 UTC,325,-286,224098420,0.82916666666666661
2014-02-24 00:00:00 UTC,325,-1575,416003189,5.1355555555555554
2014-02-24 00:00:00 UTC,325,-1583,416003189,5.6952777777777781
2014-02-24 00:00:00 UTC,325,-1569,416003189,5.197222222222222
2014-02-24 00:00:00 UTC,325,-1586,416003189,5.2369444444444442
2014-02-24 00:00:00 UTC,325,-1576,416003189,5.7663888888888888
2014-02-24 00:00:00 UTC,325,-1585,416003189,1.5743055555555556
2014-02-24 00:00:00 UTC,325,1215,413002888,7.6488888888888873
2014-02-24 00:00:00 UTC,325,-391,224110000,5.6716666666666669
2014-02-24 00:00:00 UTC,325,1214,412300488,1.4175
2014-02-24 00:00:00 UTC,581,-94,224018440,18.857222222222223
2014-02-24 00:00:00 UTC,581,98,265791000,0.22541666666666665
2014-02-24 00:00:00 UTC,581,97,265791000,6.5522222222222224
2014-02-24 00:00:00 UTC,581,-58,235096106,5.9591666666666674
2014-02-24 00:00:00 UTC,581,1557,273318720,4.6791666666666671
2014-02-24 00:00:00 UTC,581,-30,233714000,0.21388888888888888
2014-02-24 00:00:00 UTC,581,-29,233714000,1.2708333333333333
2014-02-24 00:00:00 UTC,581,99,266322000,6.4144444444444444
2014-02-24 00:00:00 UTC,581,98,266322000,9.1851388888888881
2014-02-24 00:00:00 UTC,581,96,266066000,0.32777777777777778
2014-02-24 00:00:00 UTC,581,97,266066000,1.2316666666666667
2014-02-24 00:00:00 UTC,581,97,266150000,1.9551388888888888
2014-02-24 00:00:00 UTC,581,98,266150000,10.035833333333334
2014-02-24 00:00:00 UTC,581,15,233190000,0.36097222222222225
2014-02-24 00:00:00 UTC,581,14,233190000,4.0095833333333335
2014-02-24 00:00:00 UTC,581,59,259450000,0.22111111111111112
2014-02-24 00:00:00 UTC,581,60,259450000,1.4875
2014-02-24 00:00:00 UTC,581,97,265785000,1.3679166666666664
2014-02-24 00:00:00 UTC,581,99,219001518,2.8226388888888891
2014-02-24 00:00:00 UTC,581,-97,226158000,11.765277777777779
2014-02-24 00:00:00 UTC,581,102,220088000,4.4755555555555553
2014-02-24 00:00:00 UTC,581,99,220088000,6.0780555555555562
2014-02-24 00:00:00 UTC,581,-1536,366936280,1.4318055555555556
2014-02-24 00:00:00 UTC,581,-61,234903000,0.23152777777777778
2014-02-24 00:00:00 UTC,581,-60,234903000,0.85930555555555554
2014-02-24 00:00:00 UTC,581,98,266199000,1.5569444444444445
2014-02-24 00:00:00 UTC,581,97,266199000,1.5043055555555558
2014-02-24 00:00:00 UTC,581,97,265804000,0.78791666666666671
2014-02-24 00:00:00 UTC,581,98,265804000,5.874305555555555
2014-02-24 00:00:00 UTC,-443,1715,440980000,1.6995833333333334
2014-02-24 00:00:00 UTC,-443,1731,325277000,0.63347222222222221
2014-02-24 00:00:00 UTC,-443,1731,272323000,0.99083333333333334
2014-02-24 00:00:00 UTC,-443,1732,272323000,0.49027777777777776
2014-02-24 00:00:00 UTC,-443,-615,701007039,6.4099999999999993
2014-02-24 00:00:00 UTC,-443,1731,512003817,2.4319444444444445
2014-02-24 00:00:00 UTC,-443,1732,512003817,0.87402777777777785
2014-02-24 00:00:00 UTC,-187,-1010,224415000,0.50263888888888886
2014-02-24 00:00:00 UTC,-187,-1006,224415000,0.89458333333333329
2014-02-24 00:00:00 UTC,-187,-1005,224415000,3.3263888888888888
2014-02-24 00:00:00 UTC,-187,-253,224380000,1.3369444444444445
2014-02-24 00:00:00 UTC,-187,508,416000154,10.807638888888889
2014-02-24 00:00:00 UTC,-187,114,376601000,1.9954166666666668
2014-02-24 00:00:00 UTC,-187,-1189,412420847,1.6377777777777776
2014-02-24 00:00:00 UTC,-187,-1175,412420852,5.1261111111111113
2014-02-24 00:00:00 UTC,-187,-1173,412420852,0.93041666666666667
2014-02-24 00:00:00 UTC,-187,-1174,412420852,1.5516666666666667
2014-02-24 00:00:00 UTC,70,-288,432967000,2.1716666666666669
2014-02-24 00:00:00 UTC,70,-261,263569000,2.8688888888888888
2014-02-24 00:00:00 UTC,70,-185,224005790,1.2398611111111111
2014-02-24 00:00:00 UTC,70,-188,224005790,1.4211111111111112
2014-02-24 00:00:00 UTC,70,-187,224005790,0.64930555555555558
2014-02-24 00:00:00 UTC,70,-183,224005790,2.7179166666666665
2014-02-24 00:00:00 UTC,70,-186,224005790,1.1568055555555554
2014-02-24 00:00:00 UTC,70,-219,431927000,2.1083333333333334
2014-02-24 00:00:00 UTC,326,347,428150078,0.77569444444444446
2014-02-24 00:00:00 UTC,326,348,428150078,4.9372222222222231
2014-02-24 00:00:00 UTC,326,349,428150078,0.28361111111111115
2014-02-24 00:00:00 UTC,326,-319,224253000,1.3009722222222222
2014-02-24 00:00:00 UTC,326,-286,224098420,0.79680555555555554
2014-02-24 00:00:00 UTC,326,-391,224110000,1.1908333333333334
2014-02-24 00:00:00 UTC,582,-60,232004360,0.24958333333333332
2014-02-24 00:00:00 UTC,582,-61,232004360,1.6983333333333335
2014-02-24 00:00:00 UTC,582,-59,235003400,0.65152777777777782
2014-02-24 00:00:00 UTC,582,1558,273318720,1.5402777777777779
2014-02-24 00:00:00 UTC,582,-91,225341000,7.156944444444445
2014-02-24 00:00:00 UTC,582,-29,233714000,2.4347222222222222
2014-02-24 00:00:00 UTC,582,-27,233714000,0.49624999999999997
2014-02-24 00:00:00 UTC,582,15,233190000,9.6634722222222234
2014-02-24 00:00:00 UTC,582,16,233190000,0.54833333333333334
2014-02-24 00:00:00 UTC,582,14,233190000,3.9686111111111111
2014-02-24 00:00:00 UTC,582,87,257502600,1.5727777777777778
2014-02-24 00:00:00 UTC,582,60,259450000,0.62083333333333335
2014-02-24 00:00:00 UTC,582,-60,234903000,2.7751388888888888
2014-02-24 00:00:00 UTC,582,-61,234903000,0.22138888888888889
2014-02-24 00:00:00 UTC,582,-97,228205800,4.5779166666666669
2014-02-24 00:00:00 UTC,-442,-591,441666000,10.974722222222223
2014-02-24 00:00:00 UTC,-186,-1006,224415000,1.6752777777777776
2014-02-24 00:00:00 UTC,-186,-1009,224415000,1.0068055555555555
2014-02-24 00:00:00 UTC,-186,-251,224380000,5.0936111111111115
2014-02-24 00:00:00 UTC,-186,519,416002926,2.6570833333333335
2014-02-24 00:00:00 UTC,-186,-1188,412420847,2.4341666666666666
2014-02-24 00:00:00 UTC,71,-217,431316000,1.8431944444444444
2014-02-24 00:00:00 UTC,71,-286,432967000,0.98055555555555551
2014-02-24 00:00:00 UTC,71,-284,432967000,1.775
2014-02-24 00:00:00 UTC,71,-285,432967000,1.7806944444444444
2014-02-24 00:00:00 UTC,71,-287,432967000,0.89583333333333326
2014-02-24 00:00:00 UTC,71,-184,224005790,0.75583333333333336
2014-02-24 00:00:00 UTC,71,-183,224005790,2.3626388888888887
2014-02-24 00:00:00 UTC,71,-217,431927000,0.89861111111111125
2014-02-24 00:00:00 UTC,327,-190,204853000,0.79152777777777783
2014-02-24 00:00:00 UTC,327,-192,204853000,6.6031944444444441
2014-02-24 00:00:00 UTC,327,-188,204853000,5.52875
2014-02-24 00:00:00 UTC,327,-189,204853000,1.1156944444444443
2014-02-24 00:00:00 UTC,327,-191,204853000,4.0598611111111111
2014-02-24 00:00:00 UTC,327,348,428150078,9.5790277777777746
2014-02-24 00:00:00 UTC,327,-318,224253000,4.6448611111111111
2014-02-24 00:00:00 UTC,327,-275,224069740,4.609861111111111
2014-02-24 00:00:00 UTC,327,-281,224098420,2.1795833333333334
2014-02-24 00:00:00 UTC,327,-285,224098420,2.2902777777777779
2014-02-24 00:00:00 UTC,327,-286,224098420,6.1901388888888889
2014-02-24 00:00:00 UTC,327,-283,224098420,4.7726388888888884
2014-02-24 00:00:00 UTC,327,1216,413508508,3.6240277777777772
2014-02-24 00:00:00 UTC,327,1217,413508508,2.0979166666666669
2014-02-24 00:00:00 UTC,327,1215,413508508,1.4322222222222221
2014-02-24 00:00:00 UTC,327,-390,224110000,5.4758333333333331
2014-02-24 00:00:00 UTC,327,1214,412352998,3.4477777777777776
2014-02-24 00:00:00 UTC,583,-61,232004360,1.02
2014-02-24 00:00:00 UTC,583,-60,232004360,3.096805555555556
2014-02-24 00:00:00 UTC,583,-61,235003400,0.25097222222222221
2014-02-24 00:00:00 UTC,583,-59,235003400,0.41555555555555557
2014-02-24 00:00:00 UTC,583,-60,235003400,0.89527777777777784
2014-02-24 00:00:00 UTC,583,1558,273356070,7.1252777777777778
2014-02-24 00:00:00 UTC,583,1558,273318720,5.572222222222222
2014-02-24 00:00:00 UTC,583,-92,225341000,2.3369444444444447
2014-02-24 00:00:00 UTC,583,-91,225341000,3.0193055555555555
2014-02-24 00:00:00 UTC,583,-93,225341000,3.8348611111111111
2014-02-24 00:00:00 UTC,583,-29,233714000,1.4245833333333333
2014-02-24 00:00:00 UTC,583,57,257254000,0.65041666666666664
2014-02-24 00:00:00 UTC,583,58,257254000,1.4609722222222223
2014-02-24 00:00:00 UTC,583,105,265787000,10.043194444444444
2014-02-24 00:00:00 UTC,583,104,265787000,5.3945833333333333
2014-02-24 00:00:00 UTC,583,87,257502600,3.5827777777777783
2014-02-24 00:00:00 UTC,583,88,257502600,5.4230555555555551
2014-02-24 00:00:00 UTC,583,88,257282700,1.0693055555555557
2014-02-24 00:00:00 UTC,583,57,257603500,0.6529166666666667
2014-02-24 00:00:00 UTC,583,-61,234903000,1.9861111111111109
2014-02-24 00:00:00 UTC,583,-60,234903000,5.3212499999999991
2014-02-24 00:00:00 UTC,583,-93,232007140,7.884722222222222
2014-02-24 00:00:00 UTC,583,-85,232007140,11.795
2014-02-24 00:00:00 UTC,583,7,235008490,1.2919444444444446
2014-02-24 00:00:00 UTC,583,6,235008490,0.43333333333333329
2014-02-24 00:00:00 UTC,583,8,235008490,0.68347222222222226
2014-02-24 00:00:00 UTC,583,-1733,366993150,3.166666666666667
2014-02-24 00:00:00 UTC,583,-1735,366993150,1.5722222222222222
2014-02-24 00:00:00 UTC,583,-1734,366993150,4.678055555555555
2014-02-24 00:00:00 UTC,583,-1737,366993150,6.24
2014-02-24 00:00:00 UTC,583,-1736,366993150,1.3570833333333332
2014-02-24 00:00:00 UTC,583,-1738,366993150,0.77222222222222225
2014-02-24 00:00:00 UTC,-185,-1008,224415000,1.2031944444444445
2014-02-24 00:00:00 UTC,-185,-1009,224415000,3.4459722222222222
2014-02-24 00:00:00 UTC,-185,-1007,224415000,2.9545833333333333
2014-02-24 00:00:00 UTC,-185,519,416002926,8.0154166666666669
2014-02-24 00:00:00 UTC,-185,517,416002926,4.8279166666666669
2014-02-24 00:00:00 UTC,-185,518,416002926,1.6318055555555555
2014-02-24 00:00:00 UTC,-185,-1187,412420847,4.2654166666666669
2014-02-24 00:00:00 UTC,-185,-1188,412420847,1.7890277777777777
2014-02-24 00:00:00 UTC,72,1371,789885599,3.1706944444444445
2014-02-24 00:00:00 UTC,72,-282,431682000,0.82680555555555557
2014-02-24 00:00:00 UTC,72,-219,431927000,1.7884722222222222
2014-02-24 00:00:00 UTC,72,-217,431927000,1.1244444444444446
2014-02-24 00:00:00 UTC,328,1217,413011478,10.303333333333333
2014-02-24 00:00:00 UTC,328,348,428150078,3.2570833333333331
2014-02-24 00:00:00 UTC,328,-280,224098420,3.2191666666666667
2014-02-24 00:00:00 UTC,328,-288,224250000,5.6648611111111116
2014-02-24 00:00:00 UTC,584,-61,235003400,0.67888888888888888
2014-02-24 00:00:00 UTC,584,1559,273356070,3.8251388888888886
2014-02-24 00:00:00 UTC,584,1558,273356070,5.3745833333333328
2014-02-24 00:00:00 UTC,584,-91,225341000,7.1556944444444444
2014-02-24 00:00:00 UTC,584,-29,233714000,0.40416666666666667
2014-02-24 00:00:00 UTC,584,-92,225362000,11.756250000000001
2014-02-24 00:00:00 UTC,584,57,257254000,1.5748611111111113
2014-02-24 00:00:00 UTC,584,88,257282700,3.0733333333333333
2014-02-24 00:00:00 UTC,584,90,257282700,2.5259722222222223
2014-02-24 00:00:00 UTC,584,89,257282700,5.2530555555555551
2014-02-24 00:00:00 UTC,584,-88,235054804,7.9309722222222225
2014-02-24 00:00:00 UTC,584,110,219948000,0.31069444444444444
2014-02-24 00:00:00 UTC,584,9,235008490,0.71694444444444438
2014-02-24 00:00:00 UTC,584,8,235008490,2.1745833333333335
2014-02-24 00:00:00 UTC,584,-1735,366993150,5.5459722222222227
2014-02-24 00:00:00 UTC,-440,1737,512411000,0.26263888888888892
2014-02-24 00:00:00 UTC,-184,381,440989000,3.9030555555555555
2014-02-24 00:00:00 UTC,-184,517,416002926,4.3081944444444442
2014-02-24 00:00:00 UTC,-184,-966,224001000,2.5520833333333335
2014-02-24 00:00:00 UTC,-184,-964,224001000,2.6373611111111113
2014-02-24 00:00:00 UTC,-184,-961,224619000,4.3172222222222221
2014-02-24 00:00:00 UTC,73,-217,431316000,3.6165277777777778
2014-02-24 00:00:00 UTC,73,-236,431038000,5.1365277777777774
2014-02-24 00:00:00 UTC,73,1370,789885599,8.0852777777777778
2014-02-24 00:00:00 UTC,73,1369,789885599,4.8108333333333331
2014-02-24 00:00:00 UTC,73,1372,789885599,2.1868055555555559
2014-02-24 00:00:00 UTC,73,1373,789885599,5.1063888888888886
2014-02-24 00:00:00 UTC,73,-274,431704520,3.0127777777777776
2014-02-24 00:00:00 UTC,73,-280,431682000,2.0638888888888891
2014-02-24 00:00:00 UTC,73,-279,431682000,1.8083333333333333
2014-02-24 00:00:00 UTC,73,-282,431682000,1.2081944444444446
2014-02-24 00:00:00 UTC,73,-278,431682000,1.7795833333333333
2014-02-24 00:00:00 UTC,73,-281,431682000,1.892638888888889
2014-02-24 00:00:00 UTC,73,-284,431682000,1.8861111111111111
2014-02-24 00:00:00 UTC,73,-219,431927000,1.8083333333333333
2014-02-24 00:00:00 UTC,329,-318,224253000,6.4373611111111106
2014-02-24 00:00:00 UTC,329,-410,224241000,0.64166666666666672
2014-02-24 00:00:00 UTC,329,-293,224250000,5.4083333333333332
2014-02-24 00:00:00 UTC,329,-289,224250000,1.6393055555555556
2014-02-24 00:00:00 UTC,585,-62,235003400,6.8551388888888889
2014-02-24 00:00:00 UTC,585,-17,235053837,0.56041666666666667
2014-02-24 00:00:00 UTC,585,-16,235053837,4.5293055555555561
2014-02-24 00:00:00 UTC,585,92,257396000,1.8594444444444442
2014-02-24 00:00:00 UTC,585,1559,273356070,1.5745833333333334
2014-02-24 00:00:00 UTC,585,102,219294000,1.8249999999999997
2014-02-24 00:00:00 UTC,585,-89,225362000,11.7825
2014-02-24 00:00:00 UTC,585,55,259430000,2.4140277777777777
2014-02-24 00:00:00 UTC,585,56,259430000,3.2805555555555554
2014-02-24 00:00:00 UTC,585,-86,235054804,4.6022222222222222
2014-02-24 00:00:00 UTC,585,-84,235054804,4.5741666666666667
2014-02-24 00:00:00 UTC,585,-29,235094999,6.7784722222222218
2014-02-24 00:00:00 UTC,585,-30,235094999,1.1295833333333334
2014-02-24 00:00:00 UTC,585,5,235077608,3.6694444444444443
2014-02-24 00:00:00 UTC,585,9,235008490,2.780416666666667
2014-02-24 00:00:00 UTC,585,10,235008490,0.69444444444444442
2014-02-24 00:00:00 UTC,-183,-965,224001000,1.2041666666666666
2014-02-24 00:00:00 UTC,-183,-1218,412420848,3.478472222222222
2014-02-24 00:00:00 UTC,-183,-961,224619000,2.8855555555555554
2014-02-24 00:00:00 UTC,74,-234,431038000,0.29041666666666666
2014-02-24 00:00:00 UTC,74,-235,431038000,2.7368055555555557
2014-02-24 00:00:00 UTC,74,-267,431701040,0.98333333333333328
2014-02-24 00:00:00 UTC,74,-261,263569000,3.5727777777777781
2014-02-24 00:00:00 UTC,74,-210,432045000,4.5298611111111109
2014-02-24 00:00:00 UTC,74,-287,431682000,2.5218055555555554
2014-02-24 00:00:00 UTC,330,-410,224241000,0.77944444444444438
2014-02-24 00:00:00 UTC,330,-291,224250000,2.13375
2014-02-24 00:00:00 UTC,330,-354,224115880,6.5580555555555557
2014-02-24 00:00:00 UTC,330,-390,224110000,2.8784722222222219
2014-02-24 00:00:00 UTC,586,5,234912000,2.7023611111111112
2014-02-24 00:00:00 UTC,586,5,235081732,3.048888888888889
2014-02-24 00:00:00 UTC,586,-14,235053837,1.5979166666666669
2014-02-24 00:00:00 UTC,586,-15,235053837,3.4738888888888884
2014-02-24 00:00:00 UTC,586,-16,235053837,4.8880555555555558
2014-02-24 00:00:00 UTC,586,97,259434000,1.6105555555555555
2014-02-24 00:00:00 UTC,586,98,259434000,3.7086111111111109
2014-02-24 00:00:00 UTC,586,92,257396000,0.81263888888888891
2014-02-24 00:00:00 UTC,586,93,257396000,2.1223611111111111
2014-02-24 00:00:00 UTC,586,-17,235064432,0.55194444444444446
2014-02-24 00:00:00 UTC,586,-1774,303301000,1.5805555555555557
2014-02-24 00:00:00 UTC,586,-1773,303301000,2.4115277777777777
2014-02-24 00:00:00 UTC,586,-83,235054804,7.1643055555555559
2014-02-24 00:00:00 UTC,586,93,257654500,1.1459722222222224
2014-02-24 00:00:00 UTC,586,98,257654500,3.8068055555555551
2014-02-24 00:00:00 UTC,586,5,235077608,2.2734722222222223
2014-02-24 00:00:00 UTC,586,8,235008490,1.7168055555555557
2014-02-24 00:00:00 UTC,586,9,235008490,0.23041666666666666
2014-02-24 00:00:00 UTC,586,-17,235070957,1.1119444444444446
2014-02-24 00:00:00 UTC,586,-16,235070957,1.6694444444444445
2014-02-24 00:00:00 UTC,586,108,266091000,3.572222222222222
2014-02-24 00:00:00 UTC,586,109,266091000,1.3186111111111112
2014-02-24 00:00:00 UTC,586,107,266091000,2.3020833333333335
2014-02-24 00:00:00 UTC,-438,-1773,272204000,5.2581944444444444
2014-02-24 00:00:00 UTC,-182,-1083,412420864,3.0431944444444445
2014-02-24 00:00:00 UTC,-182,115,244799000,2.0255555555555556
2014-02-24 00:00:00 UTC,-182,382,440989000,8.3490277777777777
2014-02-24 00:00:00 UTC,-182,-962,224001000,4.1513888888888886
2014-02-24 00:00:00 UTC,-182,-965,224001000,1.2156944444444444
2014-02-24 00:00:00 UTC,-182,-1216,412420848,3.7290277777777781
2014-02-24 00:00:00 UTC,75,-234,431038000,2.10875
2014-02-24 00:00:00 UTC,75,-233,431038000,1.337361111111111
2014-02-24 00:00:00 UTC,75,-265,431701040,4.9748611111111112
2014-02-24 00:00:00 UTC,75,-267,431701040,1.1754166666666666
2014-02-24 00:00:00 UTC,75,-266,431701040,1.75
2014-02-24 00:00:00 UTC,75,-262,263569000,0.8043055555555555
2014-02-24 00:00:00 UTC,75,-269,431704520,1.8058333333333332
2014-02-24 00:00:00 UTC,75,-271,431704520,2.6929166666666666
2014-02-24 00:00:00 UTC,75,-270,431704520,0.90694444444444444
2014-02-24 00:00:00 UTC,75,-273,431704520,2.5076388888888888
2014-02-24 00:00:00 UTC,75,-215,432045000,3.8927777777777774
2014-02-24 00:00:00 UTC,75,-289,431682000,1.4179166666666667
2014-02-24 00:00:00 UTC,75,-288,431682000,2.0930555555555554
2014-02-24 00:00:00 UTC,75,-290,431682000,0.773611111111111
2014-02-24 00:00:00 UTC,75,-291,431682000,1.8331944444444446
2014-02-24 00:00:00 UTC,75,-219,431927000,1.8280555555555555
2014-02-24 00:00:00 UTC,331,1208,990008113,0.2747222222222222
2014-02-24 00:00:00 UTC,331,-410,224241000,5.7630555555555558
2014-02-24 00:00:00 UTC,331,-275,224069740,6.5069444444444446
2014-02-24 00:00:00 UTC,331,-355,224115880,3.1140277777777778
2014-02-24 00:00:00 UTC,331,-390,224110000,1.5827777777777778
2014-02-24 00:00:00 UTC,587,4,234912000,1.9473611111111111
2014-02-24 00:00:00 UTC,587,5,235081732,9.4629166666666666
2014-02-24 00:00:00 UTC,587,4,235081732,1.3665277777777778
2014-02-24 00:00:00 UTC,587,-15,235053837,2.8538888888888887
2014-02-24 00:00:00 UTC,587,98,259434000,6.3770833333333341
2014-02-24 00:00:00 UTC,587,99,259434000,6.1770833333333339
2014-02-24 00:00:00 UTC,587,6,235001650,8.8384722222222223
2014-02-24 00:00:00 UTC,587,109,266088000,9.5829166666666659
2014-02-24 00:00:00 UTC,587,-16,235064432,0.673888888888889
2014-02-24 00:00:00 UTC,587,-17,235064432,2.5198611111111116
2014-02-24 00:00:00 UTC,587,6,235002500,0.33152777777777775
2014-02-24 00:00:00 UTC,587,4,235073457,1.6063888888888889
2014-02-24 00:00:00 UTC,587,5,235073457,0.95819444444444446
2014-02-24 00:00:00 UTC,587,3,235073457,23.091944444444444
2014-02-24 00:00:00 UTC,587,2,235009220,2.2504166666666667
2014-02-24 00:00:00 UTC,587,3,235009220,1.6318055555555553
2014-02-24 00:00:00 UTC,587,4,235009220,1.9837500000000001
2014-02-24 00:00:00 UTC,587,94,257654500,2.7444444444444445
2014-02-24 00:00:00 UTC,587,98,257654500,7.6925
2014-02-24 00:00:00 UTC,587,95,257654500,1.7901388888888889
2014-02-24 00:00:00 UTC,587,99,257654500,2.4947222222222218
2014-02-24 00:00:00 UTC,587,5,235077608,1.8676388888888888
2014-02-24 00:00:00 UTC,587,4,235077608,0.77958333333333341
2014-02-24 00:00:00 UTC,587,-16,235070957,3.8848611111111113
2014-02-24 00:00:00 UTC,587,108,266091000,2.3081944444444442
2014-02-24 00:00:00 UTC,587,109,266091000,1.1970833333333335
2014-02-24 00:00:00 UTC,587,5,235001340,1.1766666666666667
2014-02-24 00:00:00 UTC,587,6,235001340,3.0827777777777774
2014-02-24 00:00:00 UTC,-437,-647,701000515,3.7391666666666667
2014-02-24 00:00:00 UTC,-181,-1083,412420864,1.7695833333333333
2014-02-24 00:00:00 UTC,-181,-1084,412420864,1.8191666666666666
2014-02-24 00:00:00 UTC,-181,113,244799000,1.8402777777777777
2014-02-24 00:00:00 UTC,-181,114,244799000,5.4281944444444443
2014-02-24 00:00:00 UTC,-181,383,440989000,1.8469444444444445
2014-02-24 00:00:00 UTC,-181,384,440989000,1.7530555555555556
2014-02-24 00:00:00 UTC,76,-231,431038000,2.0302777777777781
2014-02-24 00:00:00 UTC,76,-232,431038000,1.2956944444444445
2014-02-24 00:00:00 UTC,76,-262,263569000,2.0611111111111109
2014-02-24 00:00:00 UTC,76,-276,431704520,3.19375
2014-02-24 00:00:00 UTC,76,-277,431704520,1.8638888888888889
2014-02-24 00:00:00 UTC,76,-268,431704520,1.8530555555555557
2014-02-24 00:00:00 UTC,76,-274,431704520,2.345
2014-02-24 00:00:00 UTC,76,-270,431704520,1.1343055555555557
2014-02-24 00:00:00 UTC,76,-275,431704520,1.4261111111111111
2014-02-24 00:00:00 UTC,76,-211,432045000,1.4208333333333334
2014-02-24 00:00:00 UTC,76,-207,432045000,2.775
2014-02-24 00:00:00 UTC,76,-290,431682000,4.2626388888888886
2014-02-24 00:00:00 UTC,76,-219,431927000,1.8665277777777778
2014-02-24 00:00:00 UTC,332,-275,224069740,0.78736111111111118
2014-02-24 00:00:00 UTC,332,1208,933200022,3.4977777777777783
2014-02-24 00:00:00 UTC,588,-13,235053837,1.4455555555555557
2014-02-24 00:00:00 UTC,588,-14,235053837,1.0572222222222223
2014-02-24 00:00:00 UTC,588,-12,235053837,0.69694444444444448
2014-02-24 00:00:00 UTC,588,-15,235053837,0.94430555555555551
2014-02-24 00:00:00 UTC,588,98,259434000,1.1731944444444444
2014-02-24 00:00:00 UTC,588,99,259434000,0.3536111111111111
2014-02-24 00:00:00 UTC,588,-16,235064432,5.1495833333333341
2014-02-24 00:00:00 UTC,588,5,235002500,8.4695833333333326
2014-02-24 00:00:00 UTC,588,6,235002500,0.26097222222222222
2014-02-24 00:00:00 UTC,588,5,235073457,0.39458333333333334
2014-02-24 00:00:00 UTC,588,6,235073457,7.8986111111111112
2014-02-24 00:00:00 UTC,588,99,257654500,1.0381944444444444
2014-02-24 00:00:00 UTC,588,98,257654500,0.65916666666666668
2014-02-24 00:00:00 UTC,588,5,235077608,0.25958333333333333
2014-02-24 00:00:00 UTC,588,-15,235070957,2.5854166666666667
2014-02-24 00:00:00 UTC,588,5,235001340,8.5166666666666657
2014-02-24 00:00:00 UTC,-436,1729,512411000,0.33930555555555553
2014-02-24 00:00:00 UTC,-180,-1085,412420864,2.14
2014-02-24 00:00:00 UTC,-180,114,244799000,1.37625
2014-02-24 00:00:00 UTC,-180,385,440989000,1.8526388888888889
2014-02-24 00:00:00 UTC,-180,114,376601000,3.9748611111111112
2014-02-24 00:00:00 UTC,-180,-965,224001000,1.649861111111111
2014-02-24 00:00:00 UTC,77,-262,263569000,2.2751388888888888
2014-02-24 00:00:00 UTC,77,-277,431704520,1.5568055555555556
2014-02-24 00:00:00 UTC,77,-212,432045000,0.38111111111111112
2014-02-24 00:00:00 UTC,77,-216,432045000,0.66013888888888894
2014-02-24 00:00:00 UTC,77,-213,432045000,1.9748611111111112
2014-02-24 00:00:00 UTC,77,-215,432045000,2.9334722222222225
2014-02-24 00:00:00 UTC,333,-414,224241000,7.5145833333333325
2014-02-24 00:00:00 UTC,333,-413,224241000,1.2059722222222222
2014-02-24 00:00:00 UTC,333,-274,224069740,3.8988888888888886
2014-02-24 00:00:00 UTC,333,-282,224250000,2.2454166666666668
2014-02-24 00:00:00 UTC,333,-354,224115880,6.3095833333333333
2014-02-24 00:00:00 UTC,333,-357,224115880,2.7713888888888887
2014-02-24 00:00:00 UTC,589,-72,228206600,11.736388888888889
2014-02-24 00:00:00 UTC,589,-16,235064432,5.0518055555555552
2014-02-24 00:00:00 UTC,-435,1730,512411000,0.45277777777777783
2014-02-24 00:00:00 UTC,-435,1734,512411000,1.3016666666666665
2014-02-24 00:00:00 UTC,-435,1729,512411000,0.55805555555555553
2014-02-24 00:00:00 UTC,-435,1737,512411000,0.96819444444444458
2014-02-24 00:00:00 UTC,-435,1732,512411000,0.68541666666666667
2014-02-24 00:00:00 UTC,-435,1733,512411000,0.54819444444444443
2014-02-24 00:00:00 UTC,-435,1731,512411000,0.71222222222222231
2014-02-24 00:00:00 UTC,-179,-1087,412420864,0.76611111111111119
2014-02-24 00:00:00 UTC,-179,-1086,412420864,1.64
2014-02-24 00:00:00 UTC,-179,114,244799000,3.1216666666666666
2014-02-24 00:00:00 UTC,-179,-966,224313000,1.5862500000000002
2014-02-24 00:00:00 UTC,-179,-967,224313000,0.4884722222222222
2014-02-24 00:00:00 UTC,-179,-964,224001000,1.7545833333333334
2014-02-24 00:00:00 UTC,-179,-961,224001000,1.8918055555555555
2014-02-24 00:00:00 UTC,-179,-960,224619000,3.0356944444444443
2014-02-24 00:00:00 UTC,78,-230,431038000,0.94527777777777777
2014-02-24 00:00:00 UTC,78,-228,431038000,1.9
2014-02-24 00:00:00 UTC,78,-262,263569000,1.5347222222222223
2014-02-24 00:00:00 UTC,78,-217,432045000,3.8868055555555552
2014-02-24 00:00:00 UTC,78,1734,431200970,3.3833333333333333
2014-02-24 00:00:00 UTC,78,1735,431200970,2.3706944444444442
2014-02-24 00:00:00 UTC,78,1733,431200970,4.7783333333333333
2014-02-24 00:00:00 UTC,334,-143,263405970,10.665694444444444
2014-02-24 00:00:00 UTC,590,0,235098956,0.99194444444444441
2014-02-24 00:00:00 UTC,590,1,235098956,5.4929166666666669
2014-02-24 00:00:00 UTC,590,-1517,367011410,1.5638888888888889
2014-02-24 00:00:00 UTC,590,-1518,367011410,1.5613888888888887
2014-02-24 00:00:00 UTC,590,-16,235064432,3.7544444444444447
2014-02-24 00:00:00 UTC,590,-1518,367492820,1.64
2014-02-24 00:00:00 UTC,-178,-1090,412420864,3.585
2014-02-24 00:00:00 UTC,-178,-1088,412420864,0.76166666666666671
2014-02-24 00:00:00 UTC,-178,-1089,412420864,0.7369444444444444
2014-02-24 00:00:00 UTC,-178,-1087,412420864,6.4863888888888885
2014-02-24 00:00:00 UTC,-178,386,440989000,4.3420833333333331
2014-02-24 00:00:00 UTC,-178,385,440989000,1.8347222222222221
2014-02-24 00:00:00 UTC,-178,-965,224313000,4.8263888888888884
2014-02-24 00:00:00 UTC,-178,-966,224313000,0.35986111111111108
2014-02-24 00:00:00 UTC,-178,-1255,416004591,3.8708333333333336
2014-02-24 00:00:00 UTC,79,-230,431038000,2.6533333333333333
2014-02-24 00:00:00 UTC,79,-262,263569000,1.8830555555555555
2014-02-24 00:00:00 UTC,79,-217,432045000,1.8190277777777779
2014-02-24 00:00:00 UTC,335,-324,224066580,3.8526388888888889
2014-02-24 00:00:00 UTC,335,-282,224250000,2.9158333333333331
2014-02-24 00:00:00 UTC,335,-358,224115880,3.2122222222222221
2014-02-24 00:00:00 UTC,591,-28,235018825,0.82763888888888881
2014-02-24 00:00:00 UTC,591,-29,235018825,2.990555555555555
2014-02-24 00:00:00 UTC,591,0,235098956,7.8434722222222231
2014-02-24 00:00:00 UTC,591,-1,235098956,0.99555555555555564
2014-02-24 00:00:00 UTC,591,-1,235068242,1.5387499999999998
2014-02-24 00:00:00 UTC,591,-1779,303301000,1.4301388888888891
2014-02-24 00:00:00 UTC,591,-1778,303301000,5.6043055555555563
2014-02-24 00:00:00 UTC,-433,-645,701000515,4.5359722222222221
2014-02-24 00:00:00 UTC,-177,-965,224313000,1.7708333333333335
2014-02-24 00:00:00 UTC,-177,-963,224001000,1.87
2014-02-24 00:00:00 UTC,-177,-961,224001000,0.91819444444444442
2014-02-24 00:00:00 UTC,-177,-1254,416004591,1.8372222222222219
2014-02-24 00:00:00 UTC,-177,-960,224619000,1.8768055555555554
2014-02-24 00:00:00 UTC,80,-263,263569000,1.8748611111111111
2014-02-24 00:00:00 UTC,80,1730,431447000,6.8058333333333341
2014-02-24 00:00:00 UTC,80,1729,431447000,1.7418055555555556
2014-02-24 00:00:00 UTC,80,1731,431447000,8.5148611111111112
2014-02-24 00:00:00 UTC,336,-317,224066580,5.4483333333333333
2014-02-24 00:00:00 UTC,336,-323,224066580,7.3761111111111113
2014-02-24 00:00:00 UTC,336,-360,224115880,1.6418055555555555
2014-02-24 00:00:00 UTC,592,-68,224069130,10.979722222222222
2014-02-24 00:00:00 UTC,592,-71,224069130,16.356111111111112
2014-02-24 00:00:00 UTC,592,-71,227978000,9.443194444444444
2014-02-24 00:00:00 UTC,592,-68,227978000,10.230555555555556
2014-02-24 00:00:00 UTC,592,-70,227978000,5.4131944444444446
2014-02-24 00:00:00 UTC,592,1,235098956,1.4236111111111112
2014-02-24 00:00:00 UTC,592,-1,235098956,2.2984722222222222
2014-02-24 00:00:00 UTC,592,0,235098956,0.5325
2014-02-24 00:00:00 UTC,592,-2,235068242,1.4876388888888887
2014-02-24 00:00:00 UTC,592,-1,235068242,0.90027777777777773
2014-02-24 00:00:00 UTC,592,-68,225382000,10.975972222222222
2014-02-24 00:00:00 UTC,592,-70,225382000,3.8431944444444444
2014-02-24 00:00:00 UTC,-432,-643,701000515,1.6318055555555555
2014-02-24 00:00:00 UTC,-176,391,441242000,0.78750000000000009
2014-02-24 00:00:00 UTC,-176,390,441242000,0.58305555555555555
2014-02-24 00:00:00 UTC,-176,-966,224313000,4.5240277777777784
2014-02-24 00:00:00 UTC,-176,-965,224313000,1.8399999999999999
2014-02-24 00:00:00 UTC,-176,-944,224366000,5.5749999999999993
2014-02-24 00:00:00 UTC,-176,-961,224001000,0.93125
2014-02-24 00:00:00 UTC,-176,-963,224001000,0.92083333333333328
2014-02-24 00:00:00 UTC,-176,-962,224001000,4.5102777777777776
2014-02-24 00:00:00 UTC,-176,-1251,416004591,0.40416666666666667
2014-02-24 00:00:00 UTC,-176,-1252,416004591,1.2877777777777775
2014-02-24 00:00:00 UTC,-176,401,441910000,1.8304166666666668
2014-02-24 00:00:00 UTC,-176,398,441910000,1.7577777777777777
2014-02-24 00:00:00 UTC,-176,396,441910000,0.36555555555555552
2014-02-24 00:00:00 UTC,-176,397,441910000,0.762361111111111
2014-02-24 00:00:00 UTC,-176,402,441910000,6.0819444444444439
2014-02-24 00:00:00 UTC,-176,399,441910000,1.5956944444444445
2014-02-24 00:00:00 UTC,-176,-956,224619000,5.0694444444444446
2014-02-24 00:00:00 UTC,-176,-959,224619000,1.8268055555555556
2014-02-24 00:00:00 UTC,81,-228,431038000,3.9025
2014-02-24 00:00:00 UTC,337,1208,905101879,2.7315277777777784
2014-02-24 00:00:00 UTC,337,1206,905103698,2.908611111111111
2014-02-24 00:00:00 UTC,337,1206,905103188,2.5965277777777773
2014-02-24 00:00:00 UTC,337,1211,905106889,2.1268055555555554
2014-02-24 00:00:00 UTC,337,1212,905106889,8.0515277777777783
2014-02-24 00:00:00 UTC,593,-1,235098956,2.2416666666666667
2014-02-24 00:00:00 UTC,593,1,235098956,1.5719444444444446
2014-02-24 00:00:00 UTC,593,-2,235068242,0.5888888888888888
2014-02-24 00:00:00 UTC,593,-1,235068242,0.37069444444444444
2014-02-24 00:00:00 UTC,593,-13,234705000,2.2648611111111112
2014-02-24 00:00:00 UTC,593,-11,233414000,0.32444444444444442
2014-02-24 00:00:00 UTC,-175,392,441242000,3.0254166666666666
2014-02-24 00:00:00 UTC,-175,-965,224313000,1.67625
2014-02-24 00:00:00 UTC,-175,-1251,416004591,0.53763888888888889
2014-02-24 00:00:00 UTC,-175,-1250,416004591,0.75374999999999992
2014-02-24 00:00:00 UTC,-175,394,441910000,1.8177777777777777
2014-02-24 00:00:00 UTC,-175,396,441910000,0.97347222222222229
2014-02-24 00:00:00 UTC,-175,-959,224619000,2.0068055555555553
2014-02-24 00:00:00 UTC,338,1206,905101102,12.922222222222222
2014-02-24 00:00:00 UTC,338,1205,905101102,6.3315277777777776
2014-02-24 00:00:00 UTC,338,1206,905107099,3.1794444444444445
2014-02-24 00:00:00 UTC,338,1205,905107099,0.73152777777777778
2014-02-24 00:00:00 UTC,338,1283,440109290,4.6191666666666666
2014-02-24 00:00:00 UTC,338,1284,440109290,5.1216666666666661
2014-02-24 00:00:00 UTC,594,-67,228206600,13.284444444444444
2014-02-24 00:00:00 UTC,594,-12,233661000,1.5572222222222223
2014-02-24 00:00:00 UTC,594,-11,233661000,0.44430555555555556
2014-02-24 00:00:00 UTC,594,-38,235005522,1.9691666666666665
2014-02-24 00:00:00 UTC,594,-12,234705000,1.547361111111111
2014-02-24 00:00:00 UTC,594,-13,234705000,2.3448611111111113
2014-02-24 00:00:00 UTC,594,-11,233414000,13.857777777777777
2014-02-24 00:00:00 UTC,594,-12,233414000,0.52888888888888885
2014-02-24 00:00:00 UTC,594,-11,232005550,0.63916666666666666
2014-02-24 00:00:00 UTC,594,-12,232005550,1.3413888888888887
2014-02-24 00:00:00 UTC,594,-172,224622000,2.327638888888889
2014-02-24 00:00:00 UTC,594,-171,224622000,7.9388888888888882
2014-02-24 00:00:00 UTC,-430,1754,512400000,5.216388888888889
2014-02-24 00:00:00 UTC,-174,-214,224752000,1.107361111111111
2014-02-24 00:00:00 UTC,-174,-215,224752000,0.87652777777777779
2014-02-24 00:00:00 UTC,-174,393,441242000,1.8484722222222221
2014-02-24 00:00:00 UTC,-174,-966,224313000,2.5236111111111112
2014-02-24 00:00:00 UTC,-174,-943,224366000,9.5509722222222226
2014-02-24 00:00:00 UTC,-174,-1249,416004591,0.22541666666666665
2014-02-24 00:00:00 UTC,-174,-958,224619000,0.87625
2014-02-24 00:00:00 UTC,-174,-957,224619000,0.90472222222222221
2014-02-24 00:00:00 UTC,339,1207,905101103,8.9422222222222238
2014-02-24 00:00:00 UTC,339,-332,224099450,1.3836111111111111
2014-02-24 00:00:00 UTC,339,1284,440109290,0.89055555555555554
2014-02-24 00:00:00 UTC,595,-11,233661000,1.1019444444444446
2014-02-24 00:00:00 UTC,595,-10,233661000,1.5469444444444447
2014-02-24 00:00:00 UTC,595,-9,233661000,1.7518055555555554
2014-02-24 00:00:00 UTC,595,-38,235005522,8.9420833333333327
2014-02-24 00:00:00 UTC,595,-12,234705000,3.7583333333333333
2014-02-24 00:00:00 UTC,595,-11,233414000,0.79541666666666666
2014-02-24 00:00:00 UTC,595,-10,232005550,1.5509722222222222
2014-02-24 00:00:00 UTC,595,-9,232005550,2.0566666666666666
2014-02-24 00:00:00 UTC,595,-11,232005550,0.69597222222222221
2014-02-24 00:00:00 UTC,595,-169,224622000,3.08875
2014-02-24 00:00:00 UTC,595,-171,224622000,10.161111111111111
2014-02-24 00:00:00 UTC,-429,-592,701033000,4.7213888888888889
2014-02-24 00:00:00 UTC,-429,1750,512400000,4.9333333333333327
2014-02-24 00:00:00 UTC,-173,394,441242000,2.2625
2014-02-24 00:00:00 UTC,-173,-964,224313000,1.2184722222222222
2014-02-24 00:00:00 UTC,-173,-965,224313000,2.9956944444444442
2014-02-24 00:00:00 UTC,-173,-955,224619000,1.6411111111111112
2014-02-24 00:00:00 UTC,84,-294,431813000,2.0297222222222224
2014-02-24 00:00:00 UTC,84,-290,431813000,1.8081944444444444
2014-02-24 00:00:00 UTC,84,-295,431813000,2.8594444444444447
2014-02-24 00:00:00 UTC,84,-289,431813000,2.9365277777777781
2014-02-24 00:00:00 UTC,84,-292,431813000,3.4543055555555555
2014-02-24 00:00:00 UTC,84,-288,431813000,4.0931944444444444
2014-02-24 00:00:00 UTC,84,-296,431813000,5.0325000000000006
2014-02-24 00:00:00 UTC,84,-232,431200740,1.4713888888888889
2014-02-24 00:00:00 UTC,84,-230,431200740,1.3079166666666666
2014-02-24 00:00:00 UTC,84,-231,431200740,2.1933333333333334
2014-02-24 00:00:00 UTC,84,-229,431200740,2.035277777777778
2014-02-24 00:00:00 UTC,340,-330,224099450,3.2520833333333332
2014-02-24 00:00:00 UTC,340,-142,263405970,6.869305555555556
2014-02-24 00:00:00 UTC,596,-7,233661000,1.9151388888888887
2014-02-24 00:00:00 UTC,596,-6,233661000,2.149861111111111
2014-02-24 00:00:00 UTC,596,-8,233661000,1.5336111111111113
2014-02-24 00:00:00 UTC,596,-9,233661000,0.6679166666666666
2014-02-24 00:00:00 UTC,596,-11,234705000,4.0987500000000008
2014-02-24 00:00:00 UTC,596,-12,234705000,0.95416666666666661
2014-02-24 00:00:00 UTC,596,251,276785000,1.525
2014-02-24 00:00:00 UTC,596,-11,233414000,0.20472222222222222
2014-02-24 00:00:00 UTC,596,-6,232005550,1.8270833333333332
2014-02-24 00:00:00 UTC,596,-8,232005550,1.6922222222222221
2014-02-24 00:00:00 UTC,596,-9,232005550,0.72541666666666671
2014-02-24 00:00:00 UTC,596,-7,232005550,0.62361111111111112
2014-02-24 00:00:00 UTC,596,-5,232005550,0.26763888888888887
2014-02-24 00:00:00 UTC,-428,-592,701033000,18.130277777777778
2014-02-24 00:00:00 UTC,-172,-213,224752000,1.8597222222222221
2014-02-24 00:00:00 UTC,-172,-943,224366000,1.1084722222222223
2014-02-24 00:00:00 UTC,85,-286,431813000,2.8394444444444447
2014-02-24 00:00:00 UTC,85,-227,431200740,1.8913888888888888
2014-02-24 00:00:00 UTC,85,-228,431200740,1.7501388888888889
2014-02-24 00:00:00 UTC,85,-229,431200740,0.96527777777777768
2014-02-24 00:00:00 UTC,341,-332,224099450,1.0111111111111111
2014-02-24 00:00:00 UTC,341,-331,224099450,1.8315277777777776
2014-02-24 00:00:00 UTC,341,-336,224099450,2.0044444444444447
2014-02-24 00:00:00 UTC,341,-333,224099450,0.79458333333333331
2014-02-24 00:00:00 UTC,341,-144,263405970,1.4543055555555555
2014-02-24 00:00:00 UTC,341,1285,440111030,2.4386111111111113
2014-02-24 00:00:00 UTC,341,1287,440143080,2.7894444444444439
2014-02-24 00:00:00 UTC,597,-5,233661000,1.2708333333333335
2014-02-24 00:00:00 UTC,597,-11,234705000,0.23694444444444446
2014-02-24 00:00:00 UTC,597,249,276785000,2.844583333333333
2014-02-24 00:00:00 UTC,597,248,276785000,4.1729166666666657
2014-02-24 00:00:00 UTC,597,-5,232005550,1.1901388888888889
2014-02-24 00:00:00 UTC,-171,-212,224752000,1.7958333333333334
2014-02-24 00:00:00 UTC,-171,-943,224366000,1.6875
2014-02-24 00:00:00 UTC,-171,-1257,416004591,2.9333333333333331
2014-02-24 00:00:00 UTC,86,-226,431200740,5.1948611111111118
2014-02-24 00:00:00 UTC,342,1210,926014065,0.52555555555555555
2014-02-24 00:00:00 UTC,342,-334,224099450,6.0741666666666667
2014-02-24 00:00:00 UTC,342,-331,224099450,4.7162500000000005
2014-02-24 00:00:00 UTC,342,-335,224099450,3.0866666666666669
2014-02-24 00:00:00 UTC,342,-244,224116380,9.205277777777777
2014-02-24 00:00:00 UTC,342,1285,440100560,0.64777777777777779
2014-02-24 00:00:00 UTC,342,1287,440143080,20.6425
2014-02-24 00:00:00 UTC,342,1286,440143080,0.22944444444444445
2014-02-24 00:00:00 UTC,342,1285,440147180,9.8472222222222232
2014-02-24 00:00:00 UTC,342,1286,440147180,2.2576388888888888
2014-02-24 00:00:00 UTC,598,-9,235001050,0.6940277777777778
2014-02-24 00:00:00 UTC,598,-8,235001050,2.9538888888888892
2014-02-24 00:00:00 UTC,598,-7,235001050,0.43638888888888888
2014-02-24 00:00:00 UTC,-426,-573,441784000,9.5463888888888881
2014-02-24 00:00:00 UTC,-426,1708,512161000,9.01388888888889
2014-02-24 00:00:00 UTC,-170,-943,224366000,4.8301388888888894
2014-02-24 00:00:00 UTC,-170,-1185,412460014,5.1413888888888888
2014-02-24 00:00:00 UTC,-170,-1187,412460014,0.86625
2014-02-24 00:00:00 UTC,-170,-1257,416004591,4.2709722222222224
2014-02-24 00:00:00 UTC,-170,-1173,412420849,4.2738888888888891
2014-02-24 00:00:00 UTC,87,-279,431154000,3.045694444444444
2014-02-24 00:00:00 UTC,343,1291,431004229,2.2463888888888888
2014-02-24 00:00:00 UTC,343,1290,431004229,0.7730555555555555
2014-02-24 00:00:00 UTC,343,1210,926014065,7.9801388888888889
2014-02-24 00:00:00 UTC,343,-248,224116380,5.858888888888889
2014-02-24 00:00:00 UTC,343,1285,440100560,0.97222222222222232
2014-02-24 00:00:00 UTC,343,1285,440147180,5.872361111111112
2014-02-24 00:00:00 UTC,343,-1209,367474160,5.3115277777777781
2014-02-24 00:00:00 UTC,599,-7,235001050,2.368611111111111
2014-02-24 00:00:00 UTC,599,-8,235001050,6.0456944444444423
2014-02-24 00:00:00 UTC,-425,-592,701024000,22.069305555555548
2014-02-24 00:00:00 UTC,-425,-578,440852000,7.2034722222222225
2014-02-24 00:00:00 UTC,-425,-748,725000620,6.4590277777777789
2014-02-24 00:00:00 UTC,-169,580,533333005,4.6981944444444448
2014-02-24 00:00:00 UTC,-169,581,533333005,5.074583333333333
2014-02-24 00:00:00 UTC,-169,405,431782000,3.1293055555555553
2014-02-24 00:00:00 UTC,-169,-211,224752000,2.0884722222222223
2014-02-24 00:00:00 UTC,-169,-960,224051350,1.7498611111111109
2014-02-24 00:00:00 UTC,-169,-954,224051350,3.4401388888888889
2014-02-24 00:00:00 UTC,-169,-962,224051350,1.7775
2014-02-24 00:00:00 UTC,-169,-957,224051350,1.1904166666666667
2014-02-24 00:00:00 UTC,-169,-956,224051350,1.2140277777777777
2014-02-24 00:00:00 UTC,-169,-1190,412420819,9.2774999999999981
2014-02-24 00:00:00 UTC,-169,-1191,412420819,8.3158333333333321
2014-02-24 00:00:00 UTC,-169,-1189,412420819,5.1663888888888891
2014-02-24 00:00:00 UTC,-169,-1187,412460014,3.1013888888888883
2014-02-24 00:00:00 UTC,-169,-1188,412460014,0.93222222222222229
2014-02-24 00:00:00 UTC,-169,-1186,412460014,1.569722222222222
2014-02-24 00:00:00 UTC,88,-249,431700550,1.5597222222222222
2014-02-24 00:00:00 UTC,88,-248,431700550,1.2627777777777778
2014-02-24 00:00:00 UTC,88,-246,431700550,1.8484722222222223
2014-02-24 00:00:00 UTC,88,-251,431700550,0.91805555555555562
2014-02-24 00:00:00 UTC,88,-232,431200740,3.6291666666666664
2014-02-24 00:00:00 UTC,344,1340,431001649,2.6529166666666666
2014-02-24 00:00:00 UTC,344,1339,431001649,0.21263888888888888
2014-02-24 00:00:00 UTC,344,1287,440103220,7.2947222222222212
2014-02-24 00:00:00 UTC,344,1286,440103220,1.4233333333333333
2014-02-24 00:00:00 UTC,344,-310,224101940,5.450277777777778
2014-02-24 00:00:00 UTC,344,1197,926211129,0.33638888888888885
2014-02-24 00:00:00 UTC,344,1291,431004229,9.5929166666666674
2014-02-24 00:00:00 UTC,344,1285,440108380,0.26555555555555554
2014-02-24 00:00:00 UTC,344,1284,440108380,10.252361111111112
2014-02-24 00:00:00 UTC,344,332,209564000,1.2491666666666665
2014-02-24 00:00:00 UTC,344,-248,224116380,0.987638888888889
2014-02-24 00:00:00 UTC,344,1340,431002826,0.42069444444444448
2014-02-24 00:00:00 UTC,344,1198,412366543,6.57125
2014-02-24 00:00:00 UTC,344,1199,412366543,1.4593055555555556
2014-02-24 00:00:00 UTC,344,1199,926211045,2.5999999999999996
2014-02-24 00:00:00 UTC,344,1198,926211045,3.1286111111111108
2014-02-24 00:00:00 UTC,344,1285,440147180,0.25916666666666666
2014-02-24 00:00:00 UTC,344,1283,440151280,4.4480555555555554
2014-02-24 00:00:00 UTC,344,1284,440151280,3.14625
2014-02-24 00:00:00 UTC,600,-7,232006940,1.56125
2014-02-24 00:00:00 UTC,600,-8,232006940,1.1654166666666668
2014-02-24 00:00:00 UTC,600,223,230052950,0.3725
2014-02-24 00:00:00 UTC,600,222,230052950,4.0050000000000008
2014-02-24 00:00:00 UTC,600,-33,226246000,2.7875
2014-02-24 00:00:00 UTC,600,-31,234423000,0.53305555555555562
2014-02-24 00:00:00 UTC,600,-7,235001050,6.2398611111111117
2014-02-24 00:00:00 UTC,-424,-578,440852000,3.097777777777778
2014-02-24 00:00:00 UTC,-424,-576,440852000,1.6176388888888888
2014-02-24 00:00:00 UTC,-424,-587,701000577,2.7670833333333333
2014-02-24 00:00:00 UTC,-424,-588,701000577,17.813055555555554
2014-02-24 00:00:00 UTC,-424,-748,725000620,0.69777777777777772
2014-02-24 00:00:00 UTC,-168,580,533333005,2.9458333333333337
2014-02-24 00:00:00 UTC,-168,579,533333005,5.1327777777777772
2014-02-24 00:00:00 UTC,-168,406,431782000,1.8377777777777777
2014-02-24 00:00:00 UTC,-168,-208,224752000,3.869305555555556
2014-02-24 00:00:00 UTC,-168,-970,224051350,0.34402777777777777
2014-02-24 00:00:00 UTC,-168,-973,224051350,0.665
2014-02-24 00:00:00 UTC,-168,-972,224051350,0.61680555555555561
2014-02-24 00:00:00 UTC,-168,-976,224051350,5.1597222222222232
2014-02-24 00:00:00 UTC,-168,-971,224051350,0.41111111111111109
2014-02-24 00:00:00 UTC,-168,-974,224051350,1.4165277777777778
2014-02-24 00:00:00 UTC,-168,-1188,412460014,0.38722222222222219
2014-02-24 00:00:00 UTC,-168,-1187,412460014,1.298888888888889
2014-02-24 00:00:00 UTC,-168,610,416002287,8.2783333333333324
2014-02-24 00:00:00 UTC,-168,-1172,412420849,1.7580555555555555
2014-02-24 00:00:00 UTC,89,-251,431700550,0.78458333333333341
2014-02-24 00:00:00 UTC,89,-242,431700550,0.91402777777777788
2014-02-24 00:00:00 UTC,89,-246,431700550,1.3290277777777777
2014-02-24 00:00:00 UTC,89,-245,431700550,3.6026388888888885
2014-02-24 00:00:00 UTC,89,-243,431700550,1.4091666666666667
2014-02-24 00:00:00 UTC,89,-244,431700550,1.8055555555555556
2014-02-24 00:00:00 UTC,89,-249,431700550,0.76291666666666669
2014-02-24 00:00:00 UTC,89,-238,431700550,2.6956944444444444
2014-02-24 00:00:00 UTC,89,-241,431700550,4.4602777777777778
2014-02-24 00:00:00 UTC,89,-248,431700550,1.0838888888888889
2014-02-24 00:00:00 UTC,345,1285,440106020,5.34861111111111
2014-02-24 00:00:00 UTC,345,1286,440106020,14.123750000000003
2014-02-24 00:00:00 UTC,345,1284,440106020,1.2327777777777778
2014-02-24 00:00:00 UTC,345,1287,440106020,1.61375
2014-02-24 00:00:00 UTC,345,1285,440144940,6.4481944444444448
2014-02-24 00:00:00 UTC,345,1286,440144940,2.7904166666666663
2014-02-24 00:00:00 UTC,345,1285,440777777,3.4404166666666667
2014-02-24 00:00:00 UTC,345,1287,440777777,5.7029166666666677
2014-02-24 00:00:00 UTC,345,1286,440777777,8.6802777777777784
2014-02-24 00:00:00 UTC,345,1287,440103220,0.94166666666666665
2014-02-24 00:00:00 UTC,345,1286,440103220,0.4259722222222222
2014-02-24 00:00:00 UTC,345,1286,440107060,7.6376388888888895
2014-02-24 00:00:00 UTC,345,1287,440107060,2.2256944444444442
2014-02-24 00:00:00 UTC,345,1285,440107060,8.1365277777777774
2014-02-24 00:00:00 UTC,345,-311,224101940,2.7904166666666663
2014-02-24 00:00:00 UTC,345,-312,224101940,0.61958333333333337
2014-02-24 00:00:00 UTC,345,-315,224101940,5.2677777777777779
2014-02-24 00:00:00 UTC,345,-314,224101940,0.90569444444444436
2014-02-24 00:00:00 UTC,345,1197,926211129,16.446527777777778
2014-02-24 00:00:00 UTC,345,1198,926211129,0.90625
2014-02-24 00:00:00 UTC,345,1287,440123457,2.9305555555555558
2014-02-24 00:00:00 UTC,345,1291,431004229,0.674861111111111
2014-02-24 00:00:00 UTC,345,1286,440152650,0.20277777777777778
2014-02-24 00:00:00 UTC,345,1284,440108380,10.478333333333332
2014-02-24 00:00:00 UTC,345,332,209564000,1.6816666666666666
2014-02-24 00:00:00 UTC,345,1286,560400000,12.328055555555554
2014-02-24 00:00:00 UTC,345,328,209232000,0.37944444444444447
2014-02-24 00:00:00 UTC,345,1198,413769865,4.745972222222222
2014-02-24 00:00:00 UTC,345,1287,440149130,2.629027777777778
2014-02-24 00:00:00 UTC,345,1286,440149130,8.3452777777777776
2014-02-24 00:00:00 UTC,345,1285,440149130,8.10388888888889
2014-02-24 00:00:00 UTC,345,-248,224116380,1.4233333333333333
2014-02-24 00:00:00 UTC,345,1198,412366543,10.217361111111114
2014-02-24 00:00:00 UTC,345,1199,412366543,5.0244444444444447
2014-02-24 00:00:00 UTC,345,1284,440150230,0.22458333333333333
2014-02-24 00:00:00 UTC,345,1286,440150230,0.94819444444444456
2014-02-24 00:00:00 UTC,345,1285,440150230,4.9400000000000013
2014-02-24 00:00:00 UTC,345,1286,440154590,3.6840277777777777
2014-02-24 00:00:00 UTC,345,1285,440154590,3.9172222222222226
2014-02-24 00:00:00 UTC,345,1199,926211045,13.230972222222219
2014-02-24 00:00:00 UTC,345,1198,926211045,2.8929166666666664
2014-02-24 00:00:00 UTC,345,1283,440151280,4.3723611111111111
2014-02-24 00:00:00 UTC,345,1284,440151280,7.022916666666668
2014-02-24 00:00:00 UTC,345,1287,440654321,12.782083333333331
2014-02-24 00:00:00 UTC,601,8,220544000,1.8309722222222222
2014-02-24 00:00:00 UTC,601,-7,232006940,1.3652777777777776
2014-02-24 00:00:00 UTC,601,-76,231101000,9.4320833333333329
2014-02-24 00:00:00 UTC,601,-31,235005522,11.391944444444444
2014-02-24 00:00:00 UTC,601,223,230052950,1.9343055555555555
2014-02-24 00:00:00 UTC,601,222,230052950,0.64375
2014-02-24 00:00:00 UTC,601,6,220109000,0.37388888888888888
2014-02-24 00:00:00 UTC,601,8,220109000,1.7855555555555558
2014-02-24 00:00:00 UTC,601,7,220109000,0.93875
2014-02-24 00:00:00 UTC,601,-31,234423000,1.1873611111111111
2014-02-24 00:00:00 UTC,601,-7,235001050,4.9191666666666674
2014-02-24 00:00:00 UTC,-167,578,533333005,4.818194444444444
2014-02-24 00:00:00 UTC,-167,579,533333005,1.8222222222222222
2014-02-24 00:00:00 UTC,-167,579,416002646,8.27361111111111
2014-02-24 00:00:00 UTC,-167,581,416002646,5.9158333333333335
2014-02-24 00:00:00 UTC,-167,407,431782000,1.5440277777777778
2014-02-24 00:00:00 UTC,-167,-207,224752000,4.1722222222222225
2014-02-24 00:00:00 UTC,-167,-209,224752000,2.0205555555555557
2014-02-24 00:00:00 UTC,-167,609,416002287,5.583333333333333
2014-02-24 00:00:00 UTC,90,1780,431070000,0.55027777777777775
2014-02-24 00:00:00 UTC,90,1779,431070000,0.95263888888888881
2014-02-24 00:00:00 UTC,90,-969,123450800,1.4227777777777777
2014-02-24 00:00:00 UTC,346,1287,440107060,1.701111111111111
2014-02-24 00:00:00 UTC,346,-310,224101940,4.9591666666666665
2014-02-24 00:00:00 UTC,346,1286,440311870,7.5708333333333346
2014-02-24 00:00:00 UTC,346,1287,440311870,9.7894444444444453
2014-02-24 00:00:00 UTC,346,1285,440123457,6.8809722222222218
2014-02-24 00:00:00 UTC,346,1287,440105030,7.2155555555555555
2014-02-24 00:00:00 UTC,346,1286,440105030,9.8759722222222219
2014-02-24 00:00:00 UTC,346,1287,440152650,11.704444444444441
2014-02-24 00:00:00 UTC,346,1286,440152650,8.9076388888888882
2014-02-24 00:00:00 UTC,346,1285,440144730,1.8693055555555556
2014-02-24 00:00:00 UTC,346,1286,440144730,5.0491666666666664
2014-02-24 00:00:00 UTC,346,1284,440108380,0.57430555555555562
2014-02-24 00:00:00 UTC,346,331,210193000,1.1965277777777779
2014-02-24 00:00:00 UTC,346,333,210193000,2.4480555555555559
2014-02-24 00:00:00 UTC,346,334,210193000,2.788333333333334
2014-02-24 00:00:00 UTC,346,332,210193000,1.24125
2014-02-24 00:00:00 UTC,346,1286,440100970,7.1327777777777781
2014-02-24 00:00:00 UTC,346,1197,926002037,10.709305555555556
2014-02-24 00:00:00 UTC,346,1198,926002037,2.7554166666666666
2014-02-24 00:00:00 UTC,346,1286,440151680,14.234583333333333
2014-02-24 00:00:00 UTC,346,325,209232000,2.8177777777777777
2014-02-24 00:00:00 UTC,346,328,209232000,2.0675
2014-02-24 00:00:00 UTC,346,326,209232000,2.3116666666666665
2014-02-24 00:00:00 UTC,346,327,209232000,1.9831944444444445
2014-02-24 00:00:00 UTC,346,1286,440103301,4.1170833333333334
2014-02-24 00:00:00 UTC,346,1287,440149130,6.0745833333333339
2014-02-24 00:00:00 UTC,346,-249,224116380,2.9974999999999996
2014-02-24 00:00:00 UTC,346,-248,224116380,4.6473611111111115
2014-02-24 00:00:00 UTC,346,1197,9022114,15.26861111111111
2014-02-24 00:00:00 UTC,346,1198,9020835,1.6584722222222223
2014-02-24 00:00:00 UTC,346,1197,9020835,11.119444444444444
2014-02-24 00:00:00 UTC,346,1196,9020835,0.84166666666666667
2014-02-24 00:00:00 UTC,346,1197,412364748,6.3315277777777776
2014-02-24 00:00:00 UTC,346,1302,440113360,2.1929166666666666
2014-02-24 00:00:00 UTC,346,1301,440113360,1.018472222222222
2014-02-24 00:00:00 UTC,346,1204,412364754,1.2726388888888889
2014-02-24 00:00:00 UTC,346,1203,412364754,7.67375
2014-02-24 00:00:00 UTC,346,1197,412365533,17.482916666666668
2014-02-24 00:00:00 UTC,346,1197,412365815,20.507499999999997
2014-02-24 00:00:00 UTC,346,1198,412365815,0.5065277777777778
2014-02-24 00:00:00 UTC,602,7,220544000,5.2091666666666674
2014-02-24 00:00:00 UTC,602,6,220544000,9.5697222222222234
2014-02-24 00:00:00 UTC,602,9,220544000,2.4072222222222219
2014-02-24 00:00:00 UTC,602,5,220544000,2.2024999999999997
2014-02-24 00:00:00 UTC,602,7,219956000,2.0301388888888887
2014-02-24 00:00:00 UTC,602,8,219956000,0.26694444444444443
2014-02-24 00:00:00 UTC,602,5,219956000,3.9606944444444445
2014-02-24 00:00:00 UTC,602,6,219956000,4.3411111111111111
2014-02-24 00:00:00 UTC,602,-76,231101000,4.6120833333333326
2014-02-24 00:00:00 UTC,602,24,257458800,7.1172222222222228
2014-02-24 00:00:00 UTC,602,26,257458800,6.3383333333333329
2014-02-24 00:00:00 UTC,602,5,220109000,3.4716666666666667
2014-02-24 00:00:00 UTC,602,7,220109000,2.3465277777777782
2014-02-24 00:00:00 UTC,602,6,220109000,5.3091666666666661
2014-02-24 00:00:00 UTC,602,217,230025680,0.29458333333333331
2014-02-24 00:00:00 UTC,602,218,230025680,1.2327777777777778
2014-02-24 00:00:00 UTC,602,219,230025680,1.5097222222222222
2014-02-24 00:00:00 UTC,602,220,230025680,4.8251388888888895
2014-02-24 00:00:00 UTC,602,220,230036690,0.60513888888888889
2014-02-24 00:00:00 UTC,602,-31,234423000,1.3059722222222221
2014-02-24 00:00:00 UTC,602,220,230940400,6.6369444444444454
2014-02-24 00:00:00 UTC,-422,-578,440852000,7.7970833333333331
2014-02-24 00:00:00 UTC,-422,-576,440852000,2.2118055555555554
2014-02-24 00:00:00 UTC,-422,1751,512392000,5.1793055555555556
2014-02-24 00:00:00 UTC,-166,-800,412420104,10.137361111111112
2014-02-24 00:00:00 UTC,-166,578,533333005,1.8770833333333332
2014-02-24 00:00:00 UTC,-166,-799,412420114,12.892777777777777
2014-02-24 00:00:00 UTC,-166,579,416002646,5.2534722222222223
2014-02-24 00:00:00 UTC,-166,-799,412675160,5.9037500000000005
2014-02-24 00:00:00 UTC,-166,406,431782000,0.30027777777777775
2014-02-24 00:00:00 UTC,-166,407,431782000,1.715138888888889
2014-02-24 00:00:00 UTC,-166,609,416002287,1.7884722222222225
2014-02-24 00:00:00 UTC,-166,-1171,412420849,1.5793055555555555
2014-02-24 00:00:00 UTC,91,-351,431700260,1.0054166666666666
2014-02-24 00:00:00 UTC,91,1779,431070000,1.649861111111111
2014-02-24 00:00:00 UTC,91,1780,431070000,0.751388888888889
2014-02-24 00:00:00 UTC,91,1786,431070000,1.8677777777777778
2014-02-24 00:00:00 UTC,91,-301,432306000,1.8109722222222222
2014-02-24 00:00:00 UTC,91,-302,432306000,3.1202777777777779
2014-02-24 00:00:00 UTC,91,-277,431154000,1.79875
2014-02-24 00:00:00 UTC,91,-279,431154000,2.6648611111111111
2014-02-24 00:00:00 UTC,91,-274,431154000,1.8593055555555555
2014-02-24 00:00:00 UTC,91,-159,247110330,2.6594444444444445
2014-02-24 00:00:00 UTC,91,-234,431200740,2.944722222222222
2014-02-24 00:00:00 UTC,91,-235,431200740,1.0502777777777776
2014-02-24 00:00:00 UTC,347,1200,926211102,1.6380555555555556
2014-02-24 00:00:00 UTC,347,1201,926211102,1.2229166666666667
2014-02-24 00:00:00 UTC,347,1199,926211102,1.9404166666666667
2014-02-24 00:00:00 UTC,347,334,210193000,11.572777777777778
2014-02-24 00:00:00 UTC,347,335,210193000,1.2311111111111113
2014-02-24 00:00:00 UTC,347,1198,412364651,8.3974999999999991
2014-02-24 00:00:00 UTC,347,1202,926211181,1.5798611111111112
2014-02-24 00:00:00 UTC,347,1201,926211181,1.7933333333333334
2014-02-24 00:00:00 UTC,347,1200,926211181,1.8912499999999999
2014-02-24 00:00:00 UTC,347,1199,926211181,1.6705555555555556
2014-02-24 00:00:00 UTC,347,1201,412327554,1.141388888888889
2014-02-24 00:00:00 UTC,347,1195,810090137,2.8991666666666669
2014-02-24 00:00:00 UTC,347,1202,926032026,0.39444444444444449
2014-02-24 00:00:00 UTC,347,1199,926032026,2.451111111111111
2014-02-24 00:00:00 UTC,347,1201,926032026,2.3304166666666672
2014-02-24 00:00:00 UTC,347,1200,926032026,2.2159722222222218
2014-02-24 00:00:00 UTC,347,1288,440123290,11.553055555555556
2014-02-24 00:00:00 UTC,347,1289,440123290,9.2654166666666669
2014-02-24 00:00:00 UTC,347,1198,412365476,2.1601388888888886
2014-02-24 00:00:00 UTC,347,1201,412365476,6.582361111111112
2014-02-24 00:00:00 UTC,347,1200,412365476,9.7151388888888874
2014-02-24 00:00:00 UTC,347,1199,412365476,7.1615277777777777
2014-02-24 00:00:00 UTC,347,1201,413856444,1.9483333333333333
2014-02-24 00:00:00 UTC,347,1199,413856444,1.3275000000000001
2014-02-24 00:00:00 UTC,347,1200,413856444,2.2536111111111108
2014-02-24 00:00:00 UTC,347,1384,431725000,7.5763888888888857
2014-02-24 00:00:00 UTC,347,1207,412387017,8.8322222222222226
2014-02-24 00:00:00 UTC,347,1198,412365015,11.370833333333334
2014-02-24 00:00:00 UTC,347,1197,412365015,2.7316666666666665
2014-02-24 00:00:00 UTC,347,1385,431798000,2.1061111111111113
2014-02-24 00:00:00 UTC,347,1197,412365815,2.8519444444444444
2014-02-24 00:00:00 UTC,603,6,220544000,3.0466666666666669
2014-02-24 00:00:00 UTC,603,8,219956000,2.1193055555555556
2014-02-24 00:00:00 UTC,603,9,219956000,0.52555555555555555
2014-02-24 00:00:00 UTC,603,7,219956000,2.5638888888888887
2014-02-24 00:00:00 UTC,603,6,219956000,2.1780555555555559
2014-02-24 00:00:00 UTC,603,27,257458800,4.9480555555555554
2014-02-24 00:00:00 UTC,603,31,259525000,8.7115277777777784
2014-02-24 00:00:00 UTC,603,7,220109000,5.9705555555555563
2014-02-24 00:00:00 UTC,603,6,220109000,3.2551388888888888
2014-02-24 00:00:00 UTC,603,220,230025680,2.21875
2014-02-24 00:00:00 UTC,603,-31,234423000,0.97291666666666665
2014-02-24 00:00:00 UTC,603,220,230940400,0.25013888888888891
2014-02-24 00:00:00 UTC,-421,-578,440852000,1.5226388888888889
2014-02-24 00:00:00 UTC,-421,-571,441784000,6.0749999999999993
2014-02-24 00:00:00 UTC,-165,-800,412679170,13.924444444444445
2014-02-24 00:00:00 UTC,-165,573,533333003,10.102222222222222
2014-02-24 00:00:00 UTC,-165,575,533333003,3.6294444444444443
2014-02-24 00:00:00 UTC,-165,-799,412420114,6.6484722222222228
2014-02-24 00:00:00 UTC,-165,-800,412439582,7.7406944444444443
2014-02-24 00:00:00 UTC,-165,-800,412697150,8.4186111111111117
2014-02-24 00:00:00 UTC,-165,581,416002646,1.8126388888888889
2014-02-24 00:00:00 UTC,-165,406,431782000,1.3586111111111112
2014-02-24 00:00:00 UTC,-165,-209,224752000,2.0059722222222223
2014-02-24 00:00:00 UTC,-165,-799,412420801,11.72875
2014-02-24 00:00:00 UTC,-165,-798,412420801,14.341527777777779
2014-02-24 00:00:00 UTC,-165,-1194,412420817,5.1833333333333336
2014-02-24 00:00:00 UTC,-165,609,416002287,1.8577777777777778
2014-02-24 00:00:00 UTC,-165,-1170,412420849,0.8
2014-02-24 00:00:00 UTC,92,-350,431700260,3.7273611111111107
2014-02-24 00:00:00 UTC,92,1781,431070000,1.7270833333333333
2014-02-24 00:00:00 UTC,92,1780,431070000,1.1318055555555555
2014-02-24 00:00:00 UTC,92,1783,431070000,2.6662500000000002
2014-02-24 00:00:00 UTC,92,1782,431070000,1.8029166666666665
2014-02-24 00:00:00 UTC,92,1778,431070000,1.8891666666666667
2014-02-24 00:00:00 UTC,92,1777,431070000,1.8555555555555556
2014-02-24 00:00:00 UTC,92,1784,431070000,1.9236111111111112
2014-02-24 00:00:00 UTC,92,-301,432306000,1.5527777777777776
2014-02-24 00:00:00 UTC,92,-297,432306000,0.80277777777777781
2014-02-24 00:00:00 UTC,92,-294,432306000,0.31708333333333333
2014-02-24 00:00:00 UTC,92,-295,432306000,0.76402777777777775
2014-02-24 00:00:00 UTC,92,-298,432306000,3.6348611111111109
2014-02-24 00:00:00 UTC,92,-274,431154000,1.85
2014-02-24 00:00:00 UTC,92,-159,247110330,4.1713888888888881
2014-02-24 00:00:00 UTC,92,-160,247110330,7.588055555555556
2014-02-24 00:00:00 UTC,92,-161,247110330,9.0501388888888883
2014-02-24 00:00:00 UTC,348,1195,412364296,11.46013888888889
2014-02-24 00:00:00 UTC,348,1291,440154160,4.1269444444444447
2014-02-24 00:00:00 UTC,348,1194,926014036,1.1495833333333334
2014-02-24 00:00:00 UTC,348,1199,926032026,0.27499999999999997
2014-02-24 00:00:00 UTC,348,1288,440123290,3.0783333333333331
2014-02-24 00:00:00 UTC,348,1289,440123290,0.32972222222222225
2014-02-24 00:00:00 UTC,348,-1208,367445430,0.56638888888888894
2014-02-24 00:00:00 UTC,348,1194,412365021,0.25166666666666665
2014-02-24 00:00:00 UTC,348,1193,412365021,0.84777777777777774
2014-02-24 00:00:00 UTC,348,1385,432961000,0.53930555555555548
2014-02-24 00:00:00 UTC,348,1385,431798000,2.1172222222222228
2014-02-24 00:00:00 UTC,348,1288,440122870,6.9370833333333346
2014-02-24 00:00:00 UTC,604,-8,233098000,0.43236111111111108
2014-02-24 00:00:00 UTC,604,-9,233098000,0.89541666666666664
2014-02-24 00:00:00 UTC,604,-7,233098000,0.96861111111111109
2014-02-24 00:00:00 UTC,604,10,219956000,0.977638888888889
2014-02-24 00:00:00 UTC,604,9,219956000,1.5411111111111111
2014-02-24 00:00:00 UTC,604,-88,231145000,0.72763888888888884
2014-02-24 00:00:00 UTC,604,-34,226246000,3.7270833333333337
2014-02-24 00:00:00 UTC,604,31,259525000,0.73875
2014-02-24 00:00:00 UTC,604,-31,234423000,1.1941666666666668
2014-02-24 00:00:00 UTC,-420,-611,701000765,4.160277777777778
2014-02-24 00:00:00 UTC,-420,-610,701000765,1.5444444444444443
2014-02-24 00:00:00 UTC,-420,-604,701000578,6.408611111111111
2014-02-24 00:00:00 UTC,-420,-605,701000578,1.5454166666666667
2014-02-24 00:00:00 UTC,-420,-611,701000599,1.5319444444444446
2014-02-24 00:00:00 UTC,-420,-610,701000599,3.7919444444444443
2014-02-24 00:00:00 UTC,-420,-612,701000599,7.19
2014-02-24 00:00:00 UTC,-420,-569,441784000,1.5595833333333333
2014-02-24 00:00:00 UTC,-420,-607,701015000,1.3563888888888889
2014-02-24 00:00:00 UTC,-420,-606,701015000,1.536111111111111
2014-02-24 00:00:00 UTC,-420,-608,701015000,1.3890277777777778
2014-02-24 00:00:00 UTC,-164,406,431782000,1.3079166666666668
2014-02-24 00:00:00 UTC,-164,408,431782000,0.92222222222222228
2014-02-24 00:00:00 UTC,-164,407,431782000,2.13
2014-02-24 00:00:00 UTC,-164,-817,412677850,13.335972222222221
2014-02-24 00:00:00 UTC,-164,609,416002287,5.9895833333333339
2014-02-24 00:00:00 UTC,-164,-1170,412420849,0.91375
2014-02-24 00:00:00 UTC,93,508,440916000,2.6565277777777778
2014-02-24 00:00:00 UTC,93,-353,431700260,1.8234722222222222
2014-02-24 00:00:00 UTC,93,-351,431700260,1.8431944444444444
2014-02-24 00:00:00 UTC,93,-352,431700260,1.836111111111111
2014-02-24 00:00:00 UTC,93,1785,431070000,1.3705555555555557
2014-02-24 00:00:00 UTC,93,1775,431070000,0.96805555555555556
2014-02-24 00:00:00 UTC,93,1776,431070000,2.691527777777778
2014-02-24 00:00:00 UTC,93,-290,432306000,1.9245833333333333
2014-02-24 00:00:00 UTC,93,-294,432306000,1.0301388888888889
2014-02-24 00:00:00 UTC,349,1290,440122630,1.9027777777777777
2014-02-24 00:00:00 UTC,349,1289,440122630,0.2175
2014-02-24 00:00:00 UTC,349,1289,440123150,0.62972222222222218
2014-02-24 00:00:00 UTC,349,1290,440123150,5.8497222222222209
2014-02-24 00:00:00 UTC,349,1195,818000403,4.9869444444444442
2014-02-24 00:00:00 UTC,349,1195,997752626,1.4886111111111111
2014-02-24 00:00:00 UTC,349,1194,997752626,4.3025
2014-02-24 00:00:00 UTC,349,1192,412365886,1.0051388888888888
2014-02-24 00:00:00 UTC,349,1193,818000201,0.86097222222222225
2014-02-24 00:00:00 UTC,349,1195,818000203,1.3184722222222223
2014-02-24 00:00:00 UTC,349,1196,412321906,4.8465277777777782
2014-02-24 00:00:00 UTC,349,1195,412321906,0.37347222222222221
2014-02-24 00:00:00 UTC,349,1196,412321911,5.4866666666666664
2014-02-24 00:00:00 UTC,349,1195,412321911,1.2662499999999999
2014-02-24 00:00:00 UTC,349,1195,412321946,1.2458333333333333
2014-02-24 00:00:00 UTC,349,1196,412321946,11.301805555555555
2014-02-24 00:00:00 UTC,349,1194,818000033,2.2069444444444444
2014-02-24 00:00:00 UTC,349,1192,9020835,0.50416666666666665
2014-02-24 00:00:00 UTC,349,1194,412327346,0.73902777777777784
2014-02-24 00:00:00 UTC,349,1195,818000051,3.1266666666666665
2014-02-24 00:00:00 UTC,349,1195,818000053,3.664166666666667
2014-02-24 00:00:00 UTC,349,1290,440145860,4.3745833333333337
2014-02-24 00:00:00 UTC,349,1194,412387032,1.493611111111111
2014-02-24 00:00:00 UTC,349,1193,818000091,4.2055555555555557
2014-02-24 00:00:00 UTC,349,1196,412323038,2.9902777777777776
2014-02-24 00:00:00 UTC,349,1292,440100090,6.2376388888888883
2014-02-24 00:00:00 UTC,605,-6,233098000,1.8977777777777778
2014-02-24 00:00:00 UTC,605,-9,233098000,1.1651388888888889
2014-02-24 00:00:00 UTC,605,-5,233098000,0.2525
2014-02-24 00:00:00 UTC,605,-7,233098000,0.91166666666666663
2014-02-24 00:00:00 UTC,605,-32,226246000,2.5734722222222222
2014-02-24 00:00:00 UTC,605,-31,226246000,0.47291666666666665
2014-02-24 00:00:00 UTC,605,-7,211227510,0.20916666666666667
2014-02-24 00:00:00 UTC,605,-5,211214990,0.21888888888888891
2014-02-24 00:00:00 UTC,605,-6,211214990,0.41347222222222224
2014-02-24 00:00:00 UTC,605,-31,234423000,1.1404166666666666
2014-02-24 00:00:00 UTC,-419,-568,441784000,7.2165277777777774
2014-02-24 00:00:00 UTC,-419,-606,701015000,6.4093055555555551
2014-02-24 00:00:00 UTC,-419,-605,701006063,7.1845833333333333
2014-02-24 00:00:00 UTC,-163,580,416002646,5.8108333333333331
2014-02-24 00:00:00 UTC,-163,408,431782000,1.1323611111111112
2014-02-24 00:00:00 UTC,-163,-1183,412420811,0.096388888888888885
2014-02-24 00:00:00 UTC,-163,-1182,412420811,3.4372222222222222
2014-02-24 00:00:00 UTC,-163,-1181,412420818,1.8202777777777777
2014-02-24 00:00:00 UTC,-163,-1180,412420818,2.5795833333333333
2014-02-24 00:00:00 UTC,-163,-1190,412420821,9.23111111111111
2014-02-24 00:00:00 UTC,-163,-1191,412420821,1.3366666666666667
2014-02-24 00:00:00 UTC,-163,-1169,412420849,0.81652777777777774
2014-02-24 00:00:00 UTC,94,-348,431700260,2.7938888888888891
2014-02-24 00:00:00 UTC,94,-350,431700260,2.195416666666667
2014-02-24 00:00:00 UTC,94,-351,431700260,1.5193055555555555
2014-02-24 00:00:00 UTC,94,-277,431154000,0.9869444444444444
2014-02-24 00:00:00 UTC,350,1289,440122630,2.5170833333333333
2014-02-24 00:00:00 UTC,350,1290,440122630,0.40208333333333335
2014-02-24 00:00:00 UTC,350,1294,273851400,4.6509722222222214
2014-02-24 00:00:00 UTC,350,1290,273851400,0.22291666666666668
2014-02-24 00:00:00 UTC,350,1293,273851400,1.8065277777777777
2014-02-24 00:00:00 UTC,350,1290,440123150,0.21402777777777776
2014-02-24 00:00:00 UTC,350,1291,440123150,1.0461111111111112
2014-02-24 00:00:00 UTC,350,1195,818000403,0.87277777777777787
2014-02-24 00:00:00 UTC,350,1193,997752626,12.298888888888888
2014-02-24 00:00:00 UTC,350,1194,997752626,0.25861111111111112
2014-02-24 00:00:00 UTC,350,1196,812041021,5.6526388888888892
2014-02-24 00:00:00 UTC,350,-416,224114750,0.793611111111111
2014-02-24 00:00:00 UTC,350,1193,812012359,7.3486111111111114
2014-02-24 00:00:00 UTC,350,1196,812012359,3.2851388888888891
2014-02-24 00:00:00 UTC,350,1193,818000205,8.31236111111111
2014-02-24 00:00:00 UTC,350,1291,440267101,6.9237500000000018
2014-02-24 00:00:00 UTC,350,1292,440267101,2.9534722222222225
2014-02-24 00:00:00 UTC,350,1294,440267104,5.7520833333333332
2014-02-24 00:00:00 UTC,350,1294,440151660,9.2833333333333332
2014-02-24 00:00:00 UTC,350,1194,412321906,0.20541666666666666
2014-02-24 00:00:00 UTC,350,1193,412321906,7.8668055555555556
2014-02-24 00:00:00 UTC,350,1195,412321906,0.60597222222222225
2014-02-24 00:00:00 UTC,350,1193,412321908,0.23208333333333334
2014-02-24 00:00:00 UTC,350,1194,412321911,0.47652777777777783
2014-02-24 00:00:00 UTC,350,1193,412321911,0.82333333333333347
2014-02-24 00:00:00 UTC,350,1195,412321911,0.75125000000000008
2014-02-24 00:00:00 UTC,350,1194,412321913,2.5672222222222221
2014-02-24 00:00:00 UTC,350,1294,440153220,5.1109722222222214
2014-02-24 00:00:00 UTC,350,1294,440155020,7.2650000000000015
2014-02-24 00:00:00 UTC,350,1292,440155020,2.7330555555555556
2014-02-24 00:00:00 UTC,350,1194,412321946,0.21194444444444444
2014-02-24 00:00:00 UTC,350,1193,412321946,0.1998611111111111
2014-02-24 00:00:00 UTC,350,1195,412321946,0.6415277777777777
2014-02-24 00:00:00 UTC,350,1194,818000033,1.0206944444444446
2014-02-24 00:00:00 UTC,350,1193,412327346,1.0613888888888889
2014-02-24 00:00:00 UTC,350,1194,818000051,2.0241666666666664
2014-02-24 00:00:00 UTC,350,1193,818000053,0.22680555555555557
2014-02-24 00:00:00 UTC,350,1194,818000053,1.3547222222222222
2014-02-24 00:00:00 UTC,350,1293,440153270,5.2575
2014-02-24 00:00:00 UTC,350,1294,440153270,1.8255555555555554
2014-02-24 00:00:00 UTC,350,1194,818000055,2.0061111111111112
2014-02-24 00:00:00 UTC,350,1193,818000055,0.74375
2014-02-24 00:00:00 UTC,350,1291,440145860,0.57152777777777775
2014-02-24 00:00:00 UTC,350,1193,818000081,0.21722222222222221
2014-02-24 00:00:00 UTC,350,1294,440147930,4.6605555555555567
2014-02-24 00:00:00 UTC,350,1293,440147930,0.32291666666666669
2014-02-24 00:00:00 UTC,350,1291,440467703,3.4283333333333328
2014-02-24 00:00:00 UTC,350,1292,440467703,4.5320833333333335
2014-02-24 00:00:00 UTC,350,1194,412323067,8.0679166666666671
2014-02-24 00:00:00 UTC,606,-5,233098000,3.201111111111111
2014-02-24 00:00:00 UTC,606,-30,226246000,1.5781944444444442
2014-02-24 00:00:00 UTC,606,-29,226246000,0.70583333333333342
2014-02-24 00:00:00 UTC,606,-6,211227510,1.1743055555555557
2014-02-24 00:00:00 UTC,606,-5,211227510,1.2865277777777777
2014-02-24 00:00:00 UTC,606,-8,211227510,1.2431944444444443
2014-02-24 00:00:00 UTC,606,-7,211227510,0.21000000000000002
2014-02-24 00:00:00 UTC,606,-3,211214990,0.47069444444444442
2014-02-24 00:00:00 UTC,606,-5,211214990,0.21666666666666667
2014-02-24 00:00:00 UTC,606,-4,211214990,0.706388888888889
2014-02-24 00:00:00 UTC,606,-31,234423000,2.5872222222222221
2014-02-24 00:00:00 UTC,-418,1754,512392000,4.9083333333333332
2014-02-24 00:00:00 UTC,-162,-209,224752000,4.4073611111111113
2014-02-24 00:00:00 UTC,-162,-1183,412420811,1.8201388888888892
2014-02-24 00:00:00 UTC,-162,-1188,412420583,0.89583333333333326
2014-02-24 00:00:00 UTC,-162,-1169,412420849,1.3658333333333332
2014-02-24 00:00:00 UTC,95,-347,431700260,0.78625
2014-02-24 00:00:00 UTC,95,-346,431700260,2.391805555555556
2014-02-24 00:00:00 UTC,95,-349,431700260,0.88625
2014-02-24 00:00:00 UTC,95,-348,431700260,3.5570833333333334
2014-02-24 00:00:00 UTC,95,-277,431154000,0.41958333333333336
2014-02-24 00:00:00 UTC,95,-279,431154000,1.268888888888889
2014-02-24 00:00:00 UTC,95,-280,431154000,2.1151388888888887
2014-02-24 00:00:00 UTC,95,-283,431154000,1.8180555555555555
2014-02-24 00:00:00 UTC,95,-281,431154000,2.30125
2014-02-24 00:00:00 UTC,95,-278,431154000,0.78333333333333333
2014-02-24 00:00:00 UTC,95,1796,431206000,3.6611111111111114
2014-02-24 00:00:00 UTC,95,1791,431206000,1.8693055555555556
2014-02-24 00:00:00 UTC,95,1792,431206000,1.6933333333333334
2014-02-24 00:00:00 UTC,95,1793,431206000,1.1540277777777779
2014-02-24 00:00:00 UTC,95,1794,431206000,2.6693055555555554
2014-02-24 00:00:00 UTC,351,1196,412328195,1.1872222222222222
2014-02-24 00:00:00 UTC,351,1197,412328195,1.233611111111111
2014-02-24 00:00:00 UTC,351,1197,412328208,4.115277777777778
2014-02-24 00:00:00 UTC,351,1292,440003864,13.475972222222223
2014-02-24 00:00:00 UTC,351,-422,224114750,6.55263888888889
2014-02-24 00:00:00 UTC,351,-420,224114750,0.77083333333333326
2014-02-24 00:00:00 UTC,351,-418,224114750,1.6372222222222221
2014-02-24 00:00:00 UTC,351,-419,224114750,1.4790277777777776
2014-02-24 00:00:00 UTC,351,-421,224114750,0.80999999999999994
2014-02-24 00:00:00 UTC,351,1294,440011100,1.1479166666666667
2014-02-24 00:00:00 UTC,351,1293,440267103,1.1827777777777777
2014-02-24 00:00:00 UTC,351,1292,440267103,0.40805555555555556
2014-02-24 00:00:00 UTC,351,1292,440267107,4.9861111111111116
2014-02-24 00:00:00 UTC,351,1196,412322689,0.26875
2014-02-24 00:00:00 UTC,351,1195,412321927,9.2930555555555543
2014-02-24 00:00:00 UTC,351,1291,440100260,12.809861111111108
2014-02-24 00:00:00 UTC,351,1292,440100260,9.1812499999999986
2014-02-24 00:00:00 UTC,351,1197,412328145,3.757222222222222
2014-02-24 00:00:00 UTC,351,1294,440147930,1.0993055555555555
2014-02-24 00:00:00 UTC,351,1198,412328159,1.3993055555555556
2014-02-24 00:00:00 UTC,351,1198,412328162,0.4301388888888889
2014-02-24 00:00:00 UTC,351,1197,412328162,1.2640277777777778
2014-02-24 00:00:00 UTC,351,1199,412328167,3.9036111111111111
2014-02-24 00:00:00 UTC,351,1198,412328167,0.54486111111111113
2014-02-24 00:00:00 UTC,351,1199,412328168,4.3
2014-02-24 00:00:00 UTC,351,1199,412328169,23.066666666666674
2014-02-24 00:00:00 UTC,351,1292,440153590,8.9938888888888879
2014-02-24 00:00:00 UTC,607,12,219176000,1.5538888888888889
2014-02-24 00:00:00 UTC,607,190,230001770,5.2690277777777785
2014-02-24 00:00:00 UTC,607,-28,226246000,1.0775
2014-02-24 00:00:00 UTC,607,-27,226246000,0.66375
2014-02-24 00:00:00 UTC,607,28,257458800,4.1479166666666671
2014-02-24 00:00:00 UTC,607,-3,211227510,1.0334722222222221
2014-02-24 00:00:00 UTC,607,-4,211227510,1.6676388888888889
2014-02-24 00:00:00 UTC,607,-7,234896000,1.3422222222222224
2014-02-24 00:00:00 UTC,607,-6,234896000,1.3656944444444445
2014-02-24 00:00:00 UTC,607,-8,234896000,3.8137499999999998
2014-02-24 00:00:00 UTC,607,28,259525000,7.1501388888888888
2014-02-24 00:00:00 UTC,607,-28,235004300,0.76541666666666663
2014-02-24 00:00:00 UTC,607,-29,235004300,0.25722222222222224
2014-02-24 00:00:00 UTC,607,-3,211214990,0.23069444444444442
2014-02-24 00:00:00 UTC,607,-2,211214990,0.95597222222222222
2014-02-24 00:00:00 UTC,-417,-731,725008400,2.4468055555555557
2014-02-24 00:00:00 UTC,-161,-1184,412420811,0.46291666666666664
2014-02-24 00:00:00 UTC,-161,-1183,412420811,1.2004166666666665
2014-02-24 00:00:00 UTC,-161,-1181,412420818,2.1715277777777775
2014-02-24 00:00:00 UTC,-161,-1189,412420583,2.1918055555555553
2014-02-24 00:00:00 UTC,96,-294,432306000,1.1680555555555556
2014-02-24 00:00:00 UTC,96,-295,432306000,0.95263888888888881
2014-02-24 00:00:00 UTC,96,-293,432306000,2.6638888888888888
2014-02-24 00:00:00 UTC,96,-290,432306000,2.72125
2014-02-24 00:00:00 UTC,96,-283,431154000,3.4073611111111108
2014-02-24 00:00:00 UTC,96,1789,431206000,1.76125
2014-02-24 00:00:00 UTC,96,1787,431206000,0.95013888888888887
2014-02-24 00:00:00 UTC,96,1792,431206000,1.4497222222222221
2014-02-24 00:00:00 UTC,96,1788,431206000,0.96930555555555553
2014-02-24 00:00:00 UTC,96,1790,431206000,1.7833333333333332
2014-02-24 00:00:00 UTC,96,1795,431206000,1.836111111111111
2014-02-24 00:00:00 UTC,96,-211,431701650,8.5705555555555559
2014-02-24 00:00:00 UTC,352,1196,412328194,0.21402777777777776
2014-02-24 00:00:00 UTC,352,1195,412328198,0.75930555555555557
2014-02-24 00:00:00 UTC,352,1196,412328206,0.37986111111111109
2014-02-24 00:00:00 UTC,352,1195,413628980,0.69263888888888892
2014-02-24 00:00:00 UTC,352,-418,224114750,6.7054166666666664
2014-02-24 00:00:00 UTC,352,-419,224114750,0.788611111111111
2014-02-24 00:00:00 UTC,352,-417,224114750,1.1709722222222223
2014-02-24 00:00:00 UTC,352,1293,440267103,2.8081944444444447
2014-02-24 00:00:00 UTC,352,1292,440267103,0.63638888888888889
2014-02-24 00:00:00 UTC,352,1195,41238122,1.3197222222222222
2014-02-24 00:00:00 UTC,352,1195,412327275,1.2294444444444446
2014-02-24 00:00:00 UTC,352,1197,412327275,3.6640277777777781
2014-02-24 00:00:00 UTC,352,1196,412327275,3.3816666666666677
2014-02-24 00:00:00 UTC,352,1195,412321927,3.2881944444444446
2014-02-24 00:00:00 UTC,352,1196,412321938,0.55708333333333337
2014-02-24 00:00:00 UTC,352,1195,412321938,0.17472222222222222
2014-02-24 00:00:00 UTC,352,1198,412328123,18.271944444444447
2014-02-24 00:00:00 UTC,352,1197,412328127,0.57861111111111119
2014-02-24 00:00:00 UTC,352,1196,412328133,1.5930555555555557
2014-02-24 00:00:00 UTC,352,1199,412328141,2.4955555555555557
2014-02-24 00:00:00 UTC,352,1198,412322767,17.067638888888887
2014-02-24 00:00:00 UTC,352,1197,412328145,19.83944444444445
2014-02-24 00:00:00 UTC,352,1196,412328149,1.4591666666666667
2014-02-24 00:00:00 UTC,352,1198,412328159,0.615
2014-02-24 00:00:00 UTC,352,1196,412328161,2.3855555555555554
2014-02-24 00:00:00 UTC,352,1195,412328161,0.50791666666666668
2014-02-24 00:00:00 UTC,352,1197,412328162,7.0847222222222239
2014-02-24 00:00:00 UTC,352,1293,440153590,1.9704166666666667
2014-02-24 00:00:00 UTC,352,1293,440467703,0.76916666666666667
2014-02-24 00:00:00 UTC,608,-32,232746000,20.079027777777778
2014-02-24 00:00:00 UTC,608,-31,232746000,12.535138888888889
2014-02-24 00:00:00 UTC,608,11,219176000,4.6677777777777774
2014-02-24 00:00:00 UTC,608,13,219176000,2.290972222222222
2014-02-24 00:00:00 UTC,608,12,219176000,6.70375
2014-02-24 00:00:00 UTC,608,-13,235001420,2.4948611111111108
2014-02-24 00:00:00 UTC,608,189,230001770,6.0827777777777783
2014-02-24 00:00:00 UTC,608,-23,226246000,0.53388888888888886
2014-02-24 00:00:00 UTC,608,-26,226246000,0.93125
2014-02-24 00:00:00 UTC,608,-24,226246000,0.70152777777777775
2014-02-24 00:00:00 UTC,608,-25,226246000,0.81291666666666662
2014-02-24 00:00:00 UTC,608,-22,226246000,0.28347222222222224
2014-02-24 00:00:00 UTC,608,-2,211227510,2.5570833333333329
2014-02-24 00:00:00 UTC,608,-1,234896000,0.51277777777777778
2014-02-24 00:00:00 UTC,608,-5,234896000,3.9884722222222222
2014-02-24 00:00:00 UTC,608,-7,234896000,2.2643055555555556
2014-02-24 00:00:00 UTC,608,-6,234896000,3.8540277777777776
2014-02-24 00:00:00 UTC,608,-3,234896000,1.5305555555555554
2014-02-24 00:00:00 UTC,608,-4,234896000,1.1693055555555554
2014-02-24 00:00:00 UTC,608,-2,234896000,3.3168055555555558
2014-02-24 00:00:00 UTC,608,-28,235004300,1.002361111111111
2014-02-24 00:00:00 UTC,608,-1,211214990,3.825
2014-02-24 00:00:00 UTC,608,-13,234052000,3.0466666666666669
2014-02-24 00:00:00 UTC,608,-12,234052000,1.872638888888889
2014-02-24 00:00:00 UTC,608,-14,234052000,1.8325
2014-02-24 00:00:00 UTC,608,-11,234052000,0.63888888888888884
2014-02-24 00:00:00 UTC,608,13,219139000,2.43375
2014-02-24 00:00:00 UTC,608,12,219139000,6.7215277777777773
2014-02-24 00:00:00 UTC,-416,-746,725000620,1.5109722222222222
2014-02-24 00:00:00 UTC,-416,-747,725000620,5.5415277777777767
2014-02-24 00:00:00 UTC,-160,-811,412420469,9.1450000000000014
2014-02-24 00:00:00 UTC,-160,-813,412420255,5.8834722222222222
2014-02-24 00:00:00 UTC,-160,-1206,412420792,7.2726388888888884
2014-02-24 00:00:00 UTC,-160,-1195,412420793,6.4380555555555565
2014-02-24 00:00:00 UTC,-160,-1197,412420796,2.9543055555555555
2014-02-24 00:00:00 UTC,-160,-1198,412420796,2.0670833333333332
2014-02-24 00:00:00 UTC,-160,-1182,412420811,2.9336111111111114
2014-02-24 00:00:00 UTC,-160,-1184,412420811,1.2294444444444446
2014-02-24 00:00:00 UTC,-160,-1182,412420818,1.7170833333333337
2014-02-24 00:00:00 UTC,-160,-1220,412420582,3.855
2014-02-24 00:00:00 UTC,-160,-1190,412420583,1.6920833333333329
2014-02-24 00:00:00 UTC,-160,-1168,412420849,1.7455555555555555
2014-02-24 00:00:00 UTC,-160,-810,412420339,6.5619444444444444
2014-02-24 00:00:00 UTC,97,510,440916000,1.5347222222222221
2014-02-24 00:00:00 UTC,97,-289,432306000,1.8776388888888889
2014-02-24 00:00:00 UTC,97,1789,431206000,1.1365277777777778
2014-02-24 00:00:00 UTC,97,1787,431206000,1.9806944444444443
2014-02-24 00:00:00 UTC,97,1790,431206000,0.91388888888888886
2014-02-24 00:00:00 UTC,353,1194,412328192,0.95583333333333331
2014-02-24 00:00:00 UTC,353,1195,412328192,1.7151388888888892
2014-02-24 00:00:00 UTC,353,1194,412328195,0.39527777777777778
2014-02-24 00:00:00 UTC,353,1195,412328198,0.24763888888888885
2014-02-24 00:00:00 UTC,353,1195,413628980,0.27638888888888891
2014-02-24 00:00:00 UTC,353,-528,224029760,3.0298611111111109
2014-02-24 00:00:00 UTC,353,1195,41238122,2.2706944444444446
2014-02-24 00:00:00 UTC,353,1197,412321919,0.14652777777777776
2014-02-24 00:00:00 UTC,353,1194,872003726,1.6533333333333335
2014-02-24 00:00:00 UTC,353,1197,412321937,4.2375000000000007
2014-02-24 00:00:00 UTC,353,1198,412321943,2.2098611111111115
2014-02-24 00:00:00 UTC,353,1198,412330404,16.436666666666667
2014-02-24 00:00:00 UTC,353,1197,412328117,23.991805555555551
2014-02-24 00:00:00 UTC,353,1199,412328119,3.5399999999999996
2014-02-24 00:00:00 UTC,353,1197,412330429,21.930833333333325
2014-02-24 00:00:00 UTC,353,1199,412328141,16.1625
2014-02-24 00:00:00 UTC,353,1197,412328162,12.735277777777776
2014-02-24 00:00:00 UTC,353,1195,412328175,1.043611111111111
2014-02-24 00:00:00 UTC,353,1198,412328175,1.955
2014-02-24 00:00:00 UTC,609,-12,235001420,4.2586111111111116
2014-02-24 00:00:00 UTC,609,-15,235001420,7.0458333333333334
2014-02-24 00:00:00 UTC,609,-11,235001420,1.2984722222222222
2014-02-24 00:00:00 UTC,609,193,230001770,4.7633333333333336
2014-02-24 00:00:00 UTC,609,-22,226246000,0.58319444444444446
2014-02-24 00:00:00 UTC,609,-19,211227510,0.29194444444444445
2014-02-24 00:00:00 UTC,609,-20,211227510,0.94083333333333341
2014-02-24 00:00:00 UTC,609,-5,234896000,0.42833333333333334
2014-02-24 00:00:00 UTC,609,-19,211214990,0.44819444444444445
2014-02-24 00:00:00 UTC,609,-20,211214990,0.62111111111111117
2014-02-24 00:00:00 UTC,609,-21,211214990,0.88611111111111107
2014-02-24 00:00:00 UTC,609,-18,211214990,0.34041666666666665
2014-02-24 00:00:00 UTC,609,-15,234052000,5.671666666666666
2014-02-24 00:00:00 UTC,609,-12,234052000,1.85875
2014-02-24 00:00:00 UTC,609,-13,234052000,2.0695833333333336
2014-02-24 00:00:00 UTC,609,-14,234052000,2.033611111111111
2014-02-24 00:00:00 UTC,609,-1,235003080,8.661944444444444
2014-02-24 00:00:00 UTC,609,17,232007650,13.487916666666665
2014-02-24 00:00:00 UTC,609,16,232007650,0.39208333333333334
2014-02-24 00:00:00 UTC,-415,-746,725000620,1.31625
2014-02-24 00:00:00 UTC,-159,-813,412243122,11.75
2014-02-24 00:00:00 UTC,-159,-1193,412420793,3.8665277777777778
2014-02-24 00:00:00 UTC,-159,-1200,412420796,3.4626388888888888
2014-02-24 00:00:00 UTC,-159,-1184,412420811,1.6037499999999998
2014-02-24 00:00:00 UTC,-159,-1182,412420818,4.4709722222222226
2014-02-24 00:00:00 UTC,-159,-1220,412420582,1.8231944444444446
2014-02-24 00:00:00 UTC,-159,-1216,412420582,5.2616666666666667
2014-02-24 00:00:00 UTC,-159,-1191,412420583,1.5955555555555552
2014-02-24 00:00:00 UTC,-159,-1170,412420849,1.8458333333333332
2014-02-24 00:00:00 UTC,-159,1605,416002545,3.5906944444444444
2014-02-24 00:00:00 UTC,98,-1800,440604000,2.7084722222222224
2014-02-24 00:00:00 UTC,98,1795,440604000,1.2873611111111112
2014-02-24 00:00:00 UTC,98,1798,440604000,2.8361111111111112
2014-02-24 00:00:00 UTC,98,1791,440604000,3.5816666666666666
2014-02-24 00:00:00 UTC,98,1792,440604000,3.6611111111111114
2014-02-24 00:00:00 UTC,98,1797,440604000,1.7695833333333333
2014-02-24 00:00:00 UTC,98,1794,440604000,2.8515277777777781
2014-02-24 00:00:00 UTC,98,1796,440604000,1.4166666666666665
2014-02-24 00:00:00 UTC,354,1199,412328207,0.78
2014-02-24 00:00:00 UTC,354,252,247145250,0.37013888888888891
2014-02-24 00:00:00 UTC,354,-527,224029760,3.09125
2014-02-24 00:00:00 UTC,354,-519,224775000,5.7704166666666667
2014-02-24 00:00:00 UTC,354,1197,412321919,1.0086111111111111
2014-02-24 00:00:00 UTC,354,1197,412327565,5.4998611111111106
2014-02-24 00:00:00 UTC,354,1197,412330393,4.3586111111111112
2014-02-24 00:00:00 UTC,354,1197,412328135,4.0009722222222219
2014-02-24 00:00:00 UTC,354,-548,224173000,2.1306944444444444
2014-02-24 00:00:00 UTC,354,-539,224173000,1.5776388888888886
2014-02-24 00:00:00 UTC,354,-540,224173000,3.085833333333333
2014-02-24 00:00:00 UTC,354,-541,224173000,1.2574999999999998
2014-02-24 00:00:00 UTC,354,-546,224173000,3.2898611111111107
2014-02-24 00:00:00 UTC,354,-542,224173000,6.504027777777778
2014-02-24 00:00:00 UTC,354,1198,412328137,17.608888888888892
2014-02-24 00:00:00 UTC,354,1197,412328156,0.25944444444444448
2014-02-24 00:00:00 UTC,354,1198,412328156,4.6041666666666661
2014-02-24 00:00:00 UTC,354,1197,412328162,2.0998611111111112
2014-02-24 00:00:00 UTC,610,-11,235001420,2.287638888888889
2014-02-24 00:00:00 UTC,610,-12,235001420,6.1916666666666664
2014-02-24 00:00:00 UTC,610,-19,211227510,0.82763888888888881
2014-02-24 00:00:00 UTC,610,-18,211227510,0.97125
2014-02-24 00:00:00 UTC,610,-17,211227510,0.29777777777777775
2014-02-24 00:00:00 UTC,610,-17,211214990,0.37958333333333333
2014-02-24 00:00:00 UTC,610,-18,211214990,1.046111111111111
2014-02-24 00:00:00 UTC,610,-19,211214990,1.2295833333333333
2014-02-24 00:00:00 UTC,610,3,211214990,3.8506944444444446
2014-02-24 00:00:00 UTC,610,-2,235003080,3.847083333333333
2014-02-24 00:00:00 UTC,610,17,232007650,9.01986111111111
2014-02-24 00:00:00 UTC,-158,-815,412420469,7.3298611111111107
2014-02-24 00:00:00 UTC,-158,-1193,412420793,1.8422222222222222
2014-02-24 00:00:00 UTC,-158,-1197,412420796,2.566527777777778
2014-02-24 00:00:00 UTC,-158,-812,412420809,14.654722222222222
2014-02-24 00:00:00 UTC,-158,-813,412420809,10.579027777777778
2014-02-24 00:00:00 UTC,-158,-1184,412420811,4.7844444444444445
2014-02-24 00:00:00 UTC,-158,-1185,412420811,1.8043055555555556
2014-02-24 00:00:00 UTC,-158,-1208,412420812,2.9708333333333337
2014-02-24 00:00:00 UTC,-158,-1183,412420818,5.150555555555556
2014-02-24 00:00:00 UTC,-158,-1220,412420582,1.3443055555555556
2014-02-24 00:00:00 UTC,-158,-1191,412420583,1.8170833333333332
2014-02-24 00:00:00 UTC,99,-1434,412678060,0.94180555555555556
2014-02-24 00:00:00 UTC,99,-1433,412678060,1.8120833333333335
2014-02-24 00:00:00 UTC,355,1199,412328197,5.8512499999999994
2014-02-24 00:00:00 UTC,355,1199,412328207,13.338333333333333
2014-02-24 00:00:00 UTC,355,1198,412328207,0.94000000000000006
2014-02-24 00:00:00 UTC,355,250,247145250,0.98972222222222228
2014-02-24 00:00:00 UTC,355,252,247145250,2.6988888888888889
2014-02-24 00:00:00 UTC,355,247,247145250,1.6804166666666667
2014-02-24 00:00:00 UTC,355,249,247145250,0.58888888888888891
2014-02-24 00:00:00 UTC,355,251,247145250,1.6761111111111113
2014-02-24 00:00:00 UTC,355,246,247145250,0.59986111111111107
2014-02-24 00:00:00 UTC,355,248,247145250,2.4747222222222223
2014-02-24 00:00:00 UTC,355,-320,224043560,4.9720833333333339
2014-02-24 00:00:00 UTC,355,-325,224043560,3.8
2014-02-24 00:00:00 UTC,355,-321,224043560,1.8179166666666666
2014-02-24 00:00:00 UTC,355,-324,224043560,1.5972222222222223
2014-02-24 00:00:00 UTC,355,-322,224043560,1.581388888888889
2014-02-24 00:00:00 UTC,355,-519,224775000,8.6688888888888886
2014-02-24 00:00:00 UTC,355,-520,224775000,8.74986111111111
2014-02-24 00:00:00 UTC,355,-424,224047990,6.5748611111111108
2014-02-24 00:00:00 UTC,355,-420,224047990,1.65125
2014-02-24 00:00:00 UTC,355,-422,224047990,1.5926388888888889
2014-02-24 00:00:00 UTC,355,-423,224047990,1.4194444444444445
2014-02-24 00:00:00 UTC,355,1197,412327565,1.0041666666666667
2014-02-24 00:00:00 UTC,355,-512,224099470,6.2883333333333331
2014-02-24 00:00:00 UTC,355,-538,224173000,1.956388888888889
2014-02-24 00:00:00 UTC,355,1197,412328156,2.3497222222222223
2014-02-24 00:00:00 UTC,611,4,211298640,7.5684722222222227
2014-02-24 00:00:00 UTC,611,-54,231004000,7.8881944444444443
2014-02-24 00:00:00 UTC,611,-17,211227510,0.77027777777777784
2014-02-24 00:00:00 UTC,611,-16,211227510,0.27833333333333332
2014-02-24 00:00:00 UTC,611,-16,211214990,0.24375
2014-02-24 00:00:00 UTC,611,-17,211214990,0.58472222222222225
2014-02-24 00:00:00 UTC,611,22,259683000,3.8761111111111108
2014-02-24 00:00:00 UTC,611,0,235003080,11.723194444444445
2014-02-24 00:00:00 UTC,611,-5,235003080,10.243611111111111
2014-02-24 00:00:00 UTC,-157,-1212,412420792,3.7883333333333331
2014-02-24 00:00:00 UTC,-157,-1193,412420793,1.3416666666666666
2014-02-24 00:00:00 UTC,-157,-1197,412420796,3.6376388888888886
2014-02-24 00:00:00 UTC,-157,-1185,412420811,4.2088888888888887
2014-02-24 00:00:00 UTC,-157,-1208,412420812,0.84180555555555558
2014-02-24 00:00:00 UTC,-157,-1199,412420817,1.0038888888888888
2014-02-24 00:00:00 UTC,-157,-1220,412420582,1.6323611111111112
2014-02-24 00:00:00 UTC,-157,-1217,412420582,3.7424999999999997
2014-02-24 00:00:00 UTC,-157,-1191,412420583,4.2704166666666667
2014-02-24 00:00:00 UTC,-157,-1172,412420849,2.9722222222222223
2014-02-24 00:00:00 UTC,-157,1608,416002545,3.6558333333333333
2014-02-24 00:00:00 UTC,100,-1424,412678060,1.8327777777777776
2014-02-24 00:00:00 UTC,100,-1431,412678060,2.3918055555555555
2014-02-24 00:00:00 UTC,100,-1428,412678060,2.8413888888888885
2014-02-24 00:00:00 UTC,100,-1426,412678060,2.0655555555555551
2014-02-24 00:00:00 UTC,356,-326,224043560,1.6206944444444447
2014-02-24 00:00:00 UTC,356,-325,224043560,1.4391666666666667
2014-02-24 00:00:00 UTC,356,-523,224029760,1.9704166666666669
2014-02-24 00:00:00 UTC,356,-524,224029760,0.84888888888888892
2014-02-24 00:00:00 UTC,356,-521,224029760,5.5166666666666666
2014-02-24 00:00:00 UTC,356,-517,224029760,7.756388888888889
2014-02-24 00:00:00 UTC,356,-525,224029760,2.3358333333333334
2014-02-24 00:00:00 UTC,356,-520,224775000,2.1376388888888886
2014-02-24 00:00:00 UTC,356,-420,224047990,1.6251388888888889
2014-02-24 00:00:00 UTC,356,-423,224047990,6.2098611111111106
2014-02-24 00:00:00 UTC,356,-422,224047990,2.4468055555555557
2014-02-24 00:00:00 UTC,356,-512,224099470,1.9643055555555555
2014-02-24 00:00:00 UTC,356,-536,224173000,5.5315277777777778
2014-02-24 00:00:00 UTC,612,-54,231004000,4.6373611111111108
2014-02-24 00:00:00 UTC,612,-52,231004000,9.44875
2014-02-24 00:00:00 UTC,612,21,259683000,0.83333333333333337
2014-02-24 00:00:00 UTC,612,22,259683000,0.30569444444444444
2014-02-24 00:00:00 UTC,612,20,259683000,1.1552777777777778
2014-02-24 00:00:00 UTC,612,202,230987510,0.79180555555555554
2014-02-24 00:00:00 UTC,-156,-1206,412420891,4.4876388888888883
2014-02-24 00:00:00 UTC,-156,-1214,412420792,1.8109722222222224
2014-02-24 00:00:00 UTC,-156,-1193,412420793,1.3580555555555558
2014-02-24 00:00:00 UTC,-156,-1197,412420796,2.1044444444444448
2014-02-24 00:00:00 UTC,-156,-1208,412420812,1.8211111111111111
2014-02-24 00:00:00 UTC,-156,-1184,412420818,4.7919444444444439
2014-02-24 00:00:00 UTC,-156,-1220,412420582,1.5276388888888888
2014-02-24 00:00:00 UTC,-156,-1175,412420849,6.4655555555555555
2014-02-24 00:00:00 UTC,101,1799,440604000,1.6666666666666667
2014-02-24 00:00:00 UTC,101,-1422,412678060,1.8618055555555557
2014-02-24 00:00:00 UTC,101,-1420,412678060,0.9375
2014-02-24 00:00:00 UTC,357,-326,224043560,4.4973611111111111
2014-02-24 00:00:00 UTC,357,-445,224069960,5.7068055555555555
2014-02-24 00:00:00 UTC,357,-446,224069960,0.78625
2014-02-24 00:00:00 UTC,357,-127,224098640,6.6598611111111108
2014-02-24 00:00:00 UTC,357,-125,224098640,0.87486111111111109
2014-02-24 00:00:00 UTC,357,-126,224098640,0.78736111111111118
2014-02-24 00:00:00 UTC,357,-123,224098640,3.9
2014-02-24 00:00:00 UTC,357,-115,224098640,4.5290277777777774
2014-02-24 00:00:00 UTC,357,-518,224099470,0.85305555555555557
2014-02-24 00:00:00 UTC,357,-517,224099470,6.5265277777777779
2014-02-24 00:00:00 UTC,357,129,247145360,1.7065277777777779
2014-02-24 00:00:00 UTC,357,128,247145360,3.2670833333333338
2014-02-24 00:00:00 UTC,357,127,247145360,3.5295833333333331
2014-02-24 00:00:00 UTC,357,126,247145360,0.86291666666666667
2014-02-24 00:00:00 UTC,357,1208,100700382,0.90555555555555545
2014-02-24 00:00:00 UTC,613,19,259683000,3.0554166666666664
2014-02-24 00:00:00 UTC,613,18,259683000,0.21027777777777779
2014-02-24 00:00:00 UTC,-155,-1159,431182000,3.3472222222222223
2014-02-24 00:00:00 UTC,-155,-1213,412420792,1.3697222222222221
2014-02-24 00:00:00 UTC,-155,-1214,412420792,0.83652777777777776
2014-02-24 00:00:00 UTC,-155,-1194,412420793,1.5536111111111108
2014-02-24 00:00:00 UTC,-155,-1193,412420793,1.1841666666666666
2014-02-24 00:00:00 UTC,-155,-1195,412420793,5.1426388888888885
2014-02-24 00:00:00 UTC,-155,-1196,412420796,1.5376388888888888
2014-02-24 00:00:00 UTC,-155,-1209,412420812,2.1587500000000004
2014-02-24 00:00:00 UTC,-155,-1200,412420817,3.8423611111111109
2014-02-24 00:00:00 UTC,-155,-1220,412420582,5.20361111111111
2014-02-24 00:00:00 UTC,-155,-1245,412460015,0.62486111111111109
2014-02-24 00:00:00 UTC,-155,-1242,412460015,1.3240277777777778
2014-02-24 00:00:00 UTC,-155,-1243,412460015,1.132638888888889
2014-02-24 00:00:00 UTC,-155,-1241,412460015,1.8401388888888888
2014-02-24 00:00:00 UTC,-155,-1239,412460015,4.20875
2014-02-24 00:00:00 UTC,-155,-1244,412460015,1.0273611111111109
2014-02-24 00:00:00 UTC,-155,1608,416002545,2.4250000000000003
2014-02-24 00:00:00 UTC,102,1797,440604000,1.9902777777777778
2014-02-24 00:00:00 UTC,102,-1420,412678060,0.89097222222222217
2014-02-24 00:00:00 UTC,358,142,248000540,4.0768055555555547
2014-02-24 00:00:00 UTC,358,-329,224043560,1.9784722222222222
2014-02-24 00:00:00 UTC,358,-446,224069960,1.5929166666666668
2014-02-24 00:00:00 UTC,358,-132,224098640,6.1406944444444447
2014-02-24 00:00:00 UTC,358,-175,224066130,5.43875
2014-02-24 00:00:00 UTC,358,-177,224066130,5.7005555555555549
2014-02-24 00:00:00 UTC,358,-414,224045930,0.78875000000000006
2014-02-24 00:00:00 UTC,358,-415,224045930,2.0848611111111111
2014-02-24 00:00:00 UTC,358,-419,224047990,2.9738888888888888
2014-02-24 00:00:00 UTC,358,-519,224099470,3.0741666666666667
2014-02-24 00:00:00 UTC,358,-518,224099470,0.73597222222222225
2014-02-24 00:00:00 UTC,358,125,247145360,0.37513888888888891
2014-02-24 00:00:00 UTC,358,126,247145360,0.44277777777777777
2014-02-24 00:00:00 UTC,358,-525,224068000,7.7801388888888887
2014-02-24 00:00:00 UTC,358,-531,224068000,4.622638888888889
2014-02-24 00:00:00 UTC,614,15,235008110,3.9118055555555546
2014-02-24 00:00:00 UTC,614,16,235008110,4.2431944444444447
2014-02-24 00:00:00 UTC,614,18,259683000,1.3719444444444444
2014-02-24 00:00:00 UTC,614,19,259683000,0.48055555555555557
2014-02-24 00:00:00 UTC,-410,-569,701006182,8.0111111111111111
2014-02-24 00:00:00 UTC,-154,-1159,431182000,1.8065277777777777
2014-02-24 00:00:00 UTC,-154,-1213,412420792,1.3656944444444443
2014-02-24 00:00:00 UTC,-154,-1196,412420796,5.1168055555555556
2014-02-24 00:00:00 UTC,-154,-1209,412420812,1.7165277777777772
2014-02-24 00:00:00 UTC,-154,-1245,412460015,1.3279166666666666
2014-02-24 00:00:00 UTC,-154,-1246,412460015,1.8444444444444446
2014-02-24 00:00:00 UTC,103,-1771,431101320,1.8348611111111111
2014-02-24 00:00:00 UTC,103,-1765,431101320,1.4054166666666665
2014-02-24 00:00:00 UTC,103,-1769,431101320,5.9947222222222223
2014-02-24 00:00:00 UTC,103,-1770,431101320,1.8047222222222223
2014-02-24 00:00:00 UTC,103,-1766,431101320,4.487222222222222
2014-02-24 00:00:00 UTC,103,-1227,412440235,10.99013888888889
2014-02-24 00:00:00 UTC,103,-1228,412440235,6.6233333333333331
2014-02-24 00:00:00 UTC,103,-1419,412678060,1.7991666666666666
2014-02-24 00:00:00 UTC,359,142,248000540,7.9445833333333322
2014-02-24 00:00:00 UTC,359,-443,224069960,1.4580555555555554
2014-02-24 00:00:00 UTC,359,-446,224069960,2.4544444444444444
2014-02-24 00:00:00 UTC,359,-445,224069960,6.2995833333333326
2014-02-24 00:00:00 UTC,359,-447,224069960,2.0075
2014-02-24 00:00:00 UTC,359,-171,224066130,3.315
2014-02-24 00:00:00 UTC,359,-172,224066130,0.75125
2014-02-24 00:00:00 UTC,359,-173,224066130,2.1276388888888889
2014-02-24 00:00:00 UTC,359,-414,224045930,1.5293055555555557
2014-02-24 00:00:00 UTC,359,-418,224045930,5.5101388888888891
2014-02-24 00:00:00 UTC,359,152,247061710,7.3072222222222223
2014-02-24 00:00:00 UTC,615,-62,231167000,5.8543055555555563
2014-02-24 00:00:00 UTC,615,12,218162000,1.0175
2014-02-24 00:00:00 UTC,615,14,218162000,0.69652777777777775
2014-02-24 00:00:00 UTC,615,11,218162000,2.2294444444444448
2014-02-24 00:00:00 UTC,615,13,218162000,0.50902777777777775
2014-02-24 00:00:00 UTC,615,15,235008110,1.4391666666666667
2014-02-24 00:00:00 UTC,615,16,235008110,6.8341666666666674
2014-02-24 00:00:00 UTC,615,-72,231184000,3.6180555555555558
2014-02-24 00:00:00 UTC,615,-73,231184000,1.9016666666666666
2014-02-24 00:00:00 UTC,-409,-583,701006020,3.7798611111111109
2014-02-24 00:00:00 UTC,-409,-582,701006020,5.044722222222223
2014-02-24 00:00:00 UTC,-409,-581,701006020,1.2952777777777778
2014-02-24 00:00:00 UTC,-409,-583,701006026,3.7431944444444447
2014-02-24 00:00:00 UTC,-409,-582,701006038,2.1836111111111114
2014-02-24 00:00:00 UTC,-409,-583,701006038,1.6233333333333333
2014-02-24 00:00:00 UTC,-409,-583,701006066,3.002361111111111
2014-02-24 00:00:00 UTC,-409,-584,701006066,5.5304166666666665
2014-02-24 00:00:00 UTC,-153,-1292,416242800,0.8375
2014-02-24 00:00:00 UTC,-153,-1152,431182000,3.3777777777777782
2014-02-24 00:00:00 UTC,-153,-1155,431182000,1.1791666666666667
2014-02-24 00:00:00 UTC,-153,-1157,431182000,2.3606944444444444
2014-02-24 00:00:00 UTC,-153,-1213,412420792,1.9065277777777778
2014-02-24 00:00:00 UTC,-153,-1209,412420812,1.57125
2014-02-24 00:00:00 UTC,-153,-1247,412460015,3.8048611111111112
2014-02-24 00:00:00 UTC,-153,-1276,412460018,1.548888888888889
2014-02-24 00:00:00 UTC,-153,-1275,412460018,6.090416666666667
2014-02-24 00:00:00 UTC,104,-1772,431101320,3.4733333333333336
2014-02-24 00:00:00 UTC,104,-1764,431101320,4.6151388888888887
2014-02-24 00:00:00 UTC,104,-1794,440705000,7.3243055555555561
2014-02-24 00:00:00 UTC,104,-1792,440705000,12.509027777777778
2014-02-24 00:00:00 UTC,360,1202,412348432,4.8623611111111105
2014-02-24 00:00:00 UTC,360,1205,813022248,1.7830555555555556
2014-02-24 00:00:00 UTC,360,1203,412456238,3.7355555555555555
2014-02-24 00:00:00 UTC,360,1202,412456238,0.83347222222222228
2014-02-24 00:00:00 UTC,360,1202,412327238,0.20166666666666666
2014-02-24 00:00:00 UTC,360,-356,224071000,4.489583333333333
2014-02-24 00:00:00 UTC,360,-358,224071000,1.983888888888889
2014-02-24 00:00:00 UTC,360,-413,224045930,1.6831944444444444
2014-02-24 00:00:00 UTC,360,1202,412327042,0.59902777777777771
2014-02-24 00:00:00 UTC,360,1202,412327044,1.0993055555555555
2014-02-24 00:00:00 UTC,360,1202,412327052,0.3225
2014-02-24 00:00:00 UTC,360,329,271072661,1.8019444444444446
2014-02-24 00:00:00 UTC,360,330,271072661,2.1484722222222223
2014-02-24 00:00:00 UTC,360,1203,412327062,0.27111111111111108
2014-02-24 00:00:00 UTC,360,1202,412327062,3.0547222222222228
2014-02-24 00:00:00 UTC,360,329,271072994,1.025
2014-02-24 00:00:00 UTC,360,330,271072994,1.1745833333333333
2014-02-24 00:00:00 UTC,616,-63,231167000,3.6370833333333334
2014-02-24 00:00:00 UTC,616,-62,231167000,7.9738888888888892
2014-02-24 00:00:00 UTC,616,11,218162000,3.851666666666667
2014-02-24 00:00:00 UTC,616,14,218162000,1.9656944444444444
2014-02-24 00:00:00 UTC,616,-72,231184000,5.7872222222222218
2014-02-24 00:00:00 UTC,616,-73,231184000,12.786527777777774
2014-02-24 00:00:00 UTC,-408,-584,701000511,2.1891666666666669
2014-02-24 00:00:00 UTC,-408,-583,701000531,3.7668055555555555
2014-02-24 00:00:00 UTC,-408,-583,701000850,3.7848611111111112
2014-02-24 00:00:00 UTC,-408,-581,701006020,5.2569444444444446
2014-02-24 00:00:00 UTC,-408,-582,701006026,9.5651388888888889
2014-02-24 00:00:00 UTC,-408,-583,701006026,0.88083333333333336
2014-02-24 00:00:00 UTC,-408,-581,701006038,1.5706944444444444
2014-02-24 00:00:00 UTC,-408,-580,701006038,2.173888888888889
2014-02-24 00:00:00 UTC,-408,-582,701006061,0.79194444444444434
2014-02-24 00:00:00 UTC,-408,-581,701006066,3.1854166666666668
2014-02-24 00:00:00 UTC,-408,-583,701006066,1.5819444444444444
2014-02-24 00:00:00 UTC,-152,1589,416003074,9.11347222222222
2014-02-24 00:00:00 UTC,-152,-1221,412420901,1.7956944444444445
2014-02-24 00:00:00 UTC,-152,-1222,412420901,4.7923611111111111
2014-02-24 00:00:00 UTC,-152,598,416002875,5.7834722222222226
2014-02-24 00:00:00 UTC,-152,-1293,416242800,0.85027777777777769
2014-02-24 00:00:00 UTC,-152,-1294,416242800,0.72097222222222224
2014-02-24 00:00:00 UTC,-152,-1156,431182000,3.0423611111111106
2014-02-24 00:00:00 UTC,-152,-1214,412420792,1.8981944444444445
2014-02-24 00:00:00 UTC,-152,-1210,412420812,3.800416666666667
2014-02-24 00:00:00 UTC,-152,-1209,412420812,1.77125
2014-02-24 00:00:00 UTC,-152,1608,416002545,2.2708333333333335
2014-02-24 00:00:00 UTC,-152,-1279,412460018,1.3280555555555555
2014-02-24 00:00:00 UTC,-152,-1278,412460018,1.6777777777777778
2014-02-24 00:00:00 UTC,-152,-1280,412460018,0.89902777777777776
2014-02-24 00:00:00 UTC,-152,-1282,412460018,0.8783333333333333
2014-02-24 00:00:00 UTC,-152,-1281,412460018,1.8068055555555556
2014-02-24 00:00:00 UTC,-152,-1283,412460018,2.9683333333333333
2014-02-24 00:00:00 UTC,105,-1418,412678060,1.816111111111111
2014-02-24 00:00:00 UTC,361,-54,224226830,0.63555555555555554
2014-02-24 00:00:00 UTC,361,-53,224226830,0.39263888888888887
2014-02-24 00:00:00 UTC,361,1208,412348698,16.64375
2014-02-24 00:00:00 UTC,361,1208,412348719,20.834305555555556
2014-02-24 00:00:00 UTC,361,1208,412348724,10.882083333333334
2014-02-24 00:00:00 UTC,361,1208,412348729,19.006666666666668
2014-02-24 00:00:00 UTC,361,-170,224066130,3.8776388888888889
2014-02-24 00:00:00 UTC,361,-172,224066130,0.824861111111111
2014-02-24 00:00:00 UTC,361,-355,224071000,1.4577777777777778
2014-02-24 00:00:00 UTC,361,-352,224071000,2.884722222222222
2014-02-24 00:00:00 UTC,361,-354,224071000,2.407777777777778
2014-02-24 00:00:00 UTC,361,261,247146590,1.5856944444444447
2014-02-24 00:00:00 UTC,361,-412,224045930,1.4483333333333333
2014-02-24 00:00:00 UTC,361,261,247146910,0.52833333333333332
2014-02-24 00:00:00 UTC,361,262,247146910,0.38763888888888887
2014-02-24 00:00:00 UTC,361,-525,224068000,4.6888888888888891
2014-02-24 00:00:00 UTC,361,1208,412348609,4.6552777777777772
2014-02-24 00:00:00 UTC,361,151,247061710,13.966527777777777
2014-02-24 00:00:00 UTC,361,261,247304930,1.9158333333333333
2014-02-24 00:00:00 UTC,-407,-582,701000511,2.169861111111111
2014-02-24 00:00:00 UTC,-407,-581,701000531,2.9508333333333336
2014-02-24 00:00:00 UTC,-407,-582,701000531,10.349444444444444
2014-02-24 00:00:00 UTC,-407,-583,701000850,1.6356944444444446
2014-02-24 00:00:00 UTC,-407,-582,701000850,5.271527777777778
2014-02-24 00:00:00 UTC,-407,-581,701000850,0.73263888888888884
2014-02-24 00:00:00 UTC,-407,-583,701006026,0.76680555555555552
2014-02-24 00:00:00 UTC,-407,-581,701006026,3.7518055555555554
2014-02-24 00:00:00 UTC,-407,-580,701006038,1.5390277777777777
2014-02-24 00:00:00 UTC,-407,-581,701006061,3.7824999999999998
2014-02-24 00:00:00 UTC,-407,-582,701006061,6.055
2014-02-24 00:00:00 UTC,-407,-581,701006066,3.69625
2014-02-24 00:00:00 UTC,-151,1588,416003074,1.3591666666666666
2014-02-24 00:00:00 UTC,-151,-1225,412420901,0.933611111111111
2014-02-24 00:00:00 UTC,-151,-1223,412420901,3.0086111111111111
2014-02-24 00:00:00 UTC,-151,-1224,412420901,1.4915277777777778
2014-02-24 00:00:00 UTC,-151,597,416002875,13.579166666666666
2014-02-24 00:00:00 UTC,-151,-1295,416242800,0.8372222222222222
2014-02-24 00:00:00 UTC,-151,-1296,416242800,0.85416666666666674
2014-02-24 00:00:00 UTC,-151,-1156,431182000,0.98736111111111113
2014-02-24 00:00:00 UTC,-151,-1215,412420792,4.1961111111111107
2014-02-24 00:00:00 UTC,106,-1158,412440233,7.262777777777778
2014-02-24 00:00:00 UTC,362,-53,224226830,1.6155555555555556
2014-02-24 00:00:00 UTC,362,139,249000210,9.615
2014-02-24 00:00:00 UTC,362,1232,412333356,18.808055555555558
2014-02-24 00:00:00 UTC,362,1210,412348719,1.0893055555555555
2014-02-24 00:00:00 UTC,362,1208,412348719,1.3247222222222221
2014-02-24 00:00:00 UTC,362,1209,412348719,1.9012499999999999
2014-02-24 00:00:00 UTC,362,1209,412348724,2.5261111111111112
2014-02-24 00:00:00 UTC,362,1210,412348724,0.48819444444444449
2014-02-24 00:00:00 UTC,362,1210,412348729,9.2366666666666664
2014-02-24 00:00:00 UTC,362,-172,224066130,1.3169444444444445
2014-02-24 00:00:00 UTC,362,119,247300180,5.8291666666666666
2014-02-24 00:00:00 UTC,362,-350,224071000,5.4925
2014-02-24 00:00:00 UTC,362,-353,224071000,0.68361111111111106
2014-02-24 00:00:00 UTC,362,-354,224071000,0.13208333333333333
2014-02-24 00:00:00 UTC,362,-357,224071000,1.6108333333333333
2014-02-24 00:00:00 UTC,362,261,247146590,0.86430555555555544
2014-02-24 00:00:00 UTC,362,264,247146590,6.096805555555556
2014-02-24 00:00:00 UTC,362,263,247146590,7.3262499999999982
2014-02-24 00:00:00 UTC,362,262,247146590,7.4130555555555544
2014-02-24 00:00:00 UTC,362,-412,224045930,6.1049999999999995
2014-02-24 00:00:00 UTC,362,-519,224099470,4.5969444444444445
2014-02-24 00:00:00 UTC,362,152,247141020,4.125
2014-02-24 00:00:00 UTC,362,264,247146910,2.9166666666666665
2014-02-24 00:00:00 UTC,362,263,247146910,5.0958333333333332
2014-02-24 00:00:00 UTC,362,262,247146910,5.1734722222222222
2014-02-24 00:00:00 UTC,362,261,247146910,1.3523611111111111
2014-02-24 00:00:00 UTC,362,-526,224068000,1.7452777777777777
2014-02-24 00:00:00 UTC,362,-525,224068000,0.77069444444444446
2014-02-24 00:00:00 UTC,362,1208,412348609,1.7727777777777778
2014-02-24 00:00:00 UTC,362,1208,412348614,8.0815277777777776
2014-02-24 00:00:00 UTC,362,1210,412348614,1.3070833333333334
2014-02-24 00:00:00 UTC,362,1209,412348614,2.1054166666666667
2014-02-24 00:00:00 UTC,362,141,249000930,2.2129166666666666
2014-02-24 00:00:00 UTC,362,142,249000930,2.0741666666666667
2014-02-24 00:00:00 UTC,362,143,249000930,1.4848611111111112
2014-02-24 00:00:00 UTC,362,263,247304930,6.0205555555555534
2014-02-24 00:00:00 UTC,362,264,247304930,2.9686111111111111
2014-02-24 00:00:00 UTC,362,262,247304930,6.1981944444444448
2014-02-24 00:00:00 UTC,362,261,247304930,0.46361111111111108
2014-02-24 00:00:00 UTC,618,-52,231199000,4.5998611111111112
2014-02-24 00:00:00 UTC,618,11,218162000,4.6297222222222221
2014-02-24 00:00:00 UTC,-406,-581,701000511,1.5387499999999998
2014-02-24 00:00:00 UTC,-406,-580,701000511,5.6776388888888887
2014-02-24 00:00:00 UTC,-406,-579,701000531,5.6629166666666659
2014-02-24 00:00:00 UTC,-406,-580,701000531,1.5097222222222222
2014-02-24 00:00:00 UTC,-406,-580,701000850,6.4486111111111111
2014-02-24 00:00:00 UTC,-406,-584,701000850,6.355
2014-02-24 00:00:00 UTC,-406,-582,701006026,6.3648611111111109
2014-02-24 00:00:00 UTC,-406,-578,701006038,5.9077777777777776
2014-02-24 00:00:00 UTC,-406,-580,701006061,7.994305555555556
2014-02-24 00:00:00 UTC,-406,-579,701006061,5.660277777777778
2014-02-24 00:00:00 UTC,-406,-579,701006066,7.1947222222222225
2014-02-24 00:00:00 UTC,-150,1588,416003074,0.85277777777777786
2014-02-24 00:00:00 UTC,-150,-1226,412420901,4.3172222222222221
2014-02-24 00:00:00 UTC,-150,-1227,412420901,2.8586111111111117
2014-02-24 00:00:00 UTC,-150,-1225,412420901,1.7909722222222222
2014-02-24 00:00:00 UTC,-150,598,416002875,0.76194444444444442
2014-02-24 00:00:00 UTC,-150,637,416002659,0.88888888888888884
2014-02-24 00:00:00 UTC,-150,-1297,416242800,0.82958333333333334
2014-02-24 00:00:00 UTC,-150,-1298,416242800,1.3245833333333332
2014-02-24 00:00:00 UTC,-150,-1156,431182000,2.2711111111111109
2014-02-24 00:00:00 UTC,-150,-1210,412420812,7.6965277777777779
2014-02-24 00:00:00 UTC,-150,1608,416002545,1.1706944444444445
2014-02-24 00:00:00 UTC,-150,-1288,412460018,7.3811111111111112
2014-02-24 00:00:00 UTC,107,-1417,412678060,1.8472222222222223
2014-02-24 00:00:00 UTC,363,-53,224226830,8.4222222222222225
2014-02-24 00:00:00 UTC,363,-459,224170000,3.262083333333333
2014-02-24 00:00:00 UTC,363,153,247304980,2.6330555555555555
2014-02-24 00:00:00 UTC,363,1210,412348719,1.5158333333333331
2014-02-24 00:00:00 UTC,363,-51,224082480,9.34013888888889
2014-02-24 00:00:00 UTC,363,1210,412348729,10.26875
2014-02-24 00:00:00 UTC,363,119,247300180,1.2861111111111112
2014-02-24 00:00:00 UTC,363,120,247300180,1.2333333333333334
2014-02-24 00:00:00 UTC,363,-411,224045930,1.9894444444444446
2014-02-24 00:00:00 UTC,363,1212,412348787,6.8818055555555562
2014-02-24 00:00:00 UTC,363,-49,224064640,1.0861111111111112
2014-02-24 00:00:00 UTC,363,-50,224064640,0.11180555555555556
2014-02-24 00:00:00 UTC,363,150,247142020,2.9502777777777776
2014-02-24 00:00:00 UTC,363,118,247146120,2.5625
2014-02-24 00:00:00 UTC,363,116,247146120,1.68625
2014-02-24 00:00:00 UTC,363,117,247146120,0.98888888888888893
2014-02-24 00:00:00 UTC,363,-483,224052370,1.4791666666666667
2014-02-24 00:00:00 UTC,363,-481,224052370,2.3816666666666668
2014-02-24 00:00:00 UTC,363,-480,224052370,6.5252777777777782
2014-02-24 00:00:00 UTC,363,152,247141020,3.6340277777777779
2014-02-24 00:00:00 UTC,363,119,247139500,0.82000000000000006
2014-02-24 00:00:00 UTC,363,121,247139500,0.99875
2014-02-24 00:00:00 UTC,363,120,247139500,1.1719444444444445
2014-02-24 00:00:00 UTC,363,1211,412348869,3.6761111111111116
2014-02-24 00:00:00 UTC,363,152,247061710,2.8318055555555559
2014-02-24 00:00:00 UTC,363,141,249000930,1.6175
2014-02-24 00:00:00 UTC,363,1232,412325105,6.5331944444444447
2014-02-24 00:00:00 UTC,363,1235,412201713,1.0552777777777778
2014-02-24 00:00:00 UTC,619,-53,231199000,8.6081944444444431
2014-02-24 00:00:00 UTC,619,-53,231326000,7.12375
2014-02-24 00:00:00 UTC,619,7,218162000,5.9998611111111115
2014-02-24 00:00:00 UTC,619,-52,231046000,2.3154166666666667
2014-02-24 00:00:00 UTC,619,-52,231106000,12.532083333333334
2014-02-24 00:00:00 UTC,619,-52,231031000,1.5498611111111111
2014-02-24 00:00:00 UTC,619,-51,231191000,3.8206944444444444
2014-02-24 00:00:00 UTC,619,-52,231191000,7.1251388888888894
2014-02-24 00:00:00 UTC,619,-53,231191000,3.0294444444444442
2014-02-24 00:00:00 UTC,619,-51,231105000,11.722222222222221
2014-02-24 00:00:00 UTC,-149,1588,416003074,0.86944444444444446
2014-02-24 00:00:00 UTC,-149,-1228,412420901,3.4752777777777779
2014-02-24 00:00:00 UTC,-149,598,416002875,4.69125
2014-02-24 00:00:00 UTC,-149,637,416002659,1.8469444444444445
2014-02-24 00:00:00 UTC,-149,636,416002659,9.1793055555555547
2014-02-24 00:00:00 UTC,-149,-1300,416242800,1.8294444444444444
2014-02-24 00:00:00 UTC,-149,-1156,431182000,1.6452777777777778
2014-02-24 00:00:00 UTC,-149,-1253,412460015,3.7673611111111107
2014-02-24 00:00:00 UTC,-149,1608,416002545,0.40027777777777779
2014-02-24 00:00:00 UTC,364,-461,224170000,3.0951388888888887
2014-02-24 00:00:00 UTC,364,152,247304980,8.0320833333333326
2014-02-24 00:00:00 UTC,364,-48,224166440,1.8819444444444444
2014-02-24 00:00:00 UTC,364,-47,224166440,1.3947222222222222
2014-02-24 00:00:00 UTC,364,1219,412348713,2.7529166666666667
2014-02-24 00:00:00 UTC,364,1217,412348713,8.7236111111111114
2014-02-24 00:00:00 UTC,364,1218,412348713,11.407777777777778
2014-02-24 00:00:00 UTC,364,1229,412333356,1.7855555555555556
2014-02-24 00:00:00 UTC,364,121,247144240,8.870000000000001
2014-02-24 00:00:00 UTC,364,118,247143230,0.23944444444444443
2014-02-24 00:00:00 UTC,364,-47,224386370,1.1933333333333334
2014-02-24 00:00:00 UTC,364,-46,224386370,4.8690277777777764
2014-02-24 00:00:00 UTC,364,-45,224386370,3.4184722222222224
2014-02-24 00:00:00 UTC,364,119,247300180,1.1355555555555554
2014-02-24 00:00:00 UTC,364,149,247144290,1.1566666666666667
2014-02-24 00:00:00 UTC,364,-49,224064640,1.5602777777777779
2014-02-24 00:00:00 UTC,364,150,247142020,1.4059722222222222
2014-02-24 00:00:00 UTC,364,149,247142020,3.6540277777777783
2014-02-24 00:00:00 UTC,364,-49,224110470,8.6548611111111118
2014-02-24 00:00:00 UTC,364,-67,224148120,12.711666666666668
2014-02-24 00:00:00 UTC,364,-526,224068000,5.7458333333333336
2014-02-24 00:00:00 UTC,364,121,247143860,14.648472222222219
2014-02-24 00:00:00 UTC,364,-49,224063670,1.2709722222222224
2014-02-24 00:00:00 UTC,364,-50,224063670,0.53847222222222224
2014-02-24 00:00:00 UTC,364,1219,412348607,7.1422222222222222
2014-02-24 00:00:00 UTC,364,-45,224068550,3.9636111111111112
2014-02-24 00:00:00 UTC,364,-46,224068550,3.5747222222222219
2014-02-24 00:00:00 UTC,364,1218,412348617,8.742222222222221
2014-02-24 00:00:00 UTC,364,1220,412348619,1.8186111111111112
2014-02-24 00:00:00 UTC,364,1234,412326389,5.5305555555555559
2014-02-24 00:00:00 UTC,620,-52,231327000,7.9151388888888885
2014-02-24 00:00:00 UTC,620,-51,231199000,6.45125
2014-02-24 00:00:00 UTC,620,-52,231199000,2.2923611111111111
2014-02-24 00:00:00 UTC,620,-52,231326000,5.4154166666666663
2014-02-24 00:00:00 UTC,620,-81,231240000,12.49125
2014-02-24 00:00:00 UTC,620,-52,231037000,10.942916666666667
2014-02-24 00:00:00 UTC,620,-54,231046000,7.1401388888888881
2014-02-24 00:00:00 UTC,620,-52,231046000,3.0629166666666667
2014-02-24 00:00:00 UTC,620,-53,231046000,2.2723611111111111
2014-02-24 00:00:00 UTC,620,-52,231031000,2.2911111111111113
2014-02-24 00:00:00 UTC,620,-51,231191000,7.1752777777777785
2014-02-24 00:00:00 UTC,620,-52,231030000,4.5748611111111108
2014-02-24 00:00:00 UTC,620,-51,231190000,1.5129166666666667
2014-02-24 00:00:00 UTC,620,-48,231190000,3.0945833333333335
2014-02-24 00:00:00 UTC,-148,1587,416003074,2.3005555555555555
2014-02-24 00:00:00 UTC,-148,625,416002876,5.953611111111111
2014-02-24 00:00:00 UTC,-148,624,416002876,1.8333333333333335
2014-02-24 00:00:00 UTC,-148,-827,224892000,1.1823611111111112
2014-02-24 00:00:00 UTC,-148,-828,224892000,4.2472222222222218
2014-02-24 00:00:00 UTC,-148,-1301,416242800,0.86625000000000008
2014-02-24 00:00:00 UTC,-148,-1302,416242800,3.0458333333333329
2014-02-24 00:00:00 UTC,-148,-1156,431182000,1.8294444444444444
2014-02-24 00:00:00 UTC,-148,-1203,412420817,6.4618055555555554
2014-02-24 00:00:00 UTC,-148,1602,416003561,4.5320833333333335
2014-02-24 00:00:00 UTC,-148,-1253,412460015,3.4718055555555556
2014-02-24 00:00:00 UTC,109,-1416,412678060,1.83375
2014-02-24 00:00:00 UTC,365,146,247140610,2.0704166666666666
2014-02-24 00:00:00 UTC,365,148,247140610,2.8245833333333339
2014-02-24 00:00:00 UTC,365,149,247140610,2.2672222222222222
2014-02-24 00:00:00 UTC,365,147,247140610,2.9686111111111111
2014-02-24 00:00:00 UTC,365,1218,412348684,3.052083333333333
2014-02-24 00:00:00 UTC,365,1219,412348684,7.4555555555555548
2014-02-24 00:00:00 UTC,365,-458,224170000,1.3816666666666668
2014-02-24 00:00:00 UTC,365,-461,224170000,0.78416666666666668
2014-02-24 00:00:00 UTC,365,-44,224107280,2.2672222222222222
2014-02-24 00:00:00 UTC,365,1219,412348708,18.333055555555557
2014-02-24 00:00:00 UTC,365,1219,412348711,4.4622222222222225
2014-02-24 00:00:00 UTC,365,1220,412348711,1.2263888888888888
2014-02-24 00:00:00 UTC,365,1217,412348711,13.118611111111111
2014-02-24 00:00:00 UTC,365,1218,412348711,1.2609722222222222
2014-02-24 00:00:00 UTC,365,1216,412348711,8.8486111111111114
2014-02-24 00:00:00 UTC,365,-68,224078380,12.174583333333334
2014-02-24 00:00:00 UTC,365,1228,412333356,0.84291666666666665
2014-02-24 00:00:00 UTC,365,1229,412333356,0.69972222222222225
2014-02-24 00:00:00 UTC,365,1212,412365613,22.289305555555554
2014-02-24 00:00:00 UTC,365,119,247144240,2.3518055555555555
2014-02-24 00:00:00 UTC,365,121,247144240,0.48472222222222222
2014-02-24 00:00:00 UTC,365,120,247144240,2.0711111111111111
2014-02-24 00:00:00 UTC,365,117,247143230,1.6647222222222222
2014-02-24 00:00:00 UTC,365,118,247143230,0.21125
2014-02-24 00:00:00 UTC,365,-45,224151870,1.408611111111111
2014-02-24 00:00:00 UTC,365,-46,224151870,1.5855555555555556
2014-02-24 00:00:00 UTC,365,1220,412348736,1.3781944444444445
2014-02-24 00:00:00 UTC,365,1219,412348736,2.7906944444444446
2014-02-24 00:00:00 UTC,365,1219,412348743,1.9658333333333333
2014-02-24 00:00:00 UTC,365,1218,412348744,1.3111111111111111
2014-02-24 00:00:00 UTC,365,1219,412348744,15.557916666666664
2014-02-24 00:00:00 UTC,365,118,247300180,9.40986111111111
2014-02-24 00:00:00 UTC,365,119,247300180,0.24541666666666667
2014-02-24 00:00:00 UTC,365,-45,224062560,2.4323611111111112
2014-02-24 00:00:00 UTC,365,-44,224062560,0.60111111111111115
2014-02-24 00:00:00 UTC,365,149,247144290,3.8377777777777773
2014-02-24 00:00:00 UTC,365,148,247144290,3.2984722222222222
2014-02-24 00:00:00 UTC,365,147,247144290,3.7005555555555554
2014-02-24 00:00:00 UTC,365,146,247144290,1.0816666666666666
2014-02-24 00:00:00 UTC,365,-38,224242290,0.49416666666666664
2014-02-24 00:00:00 UTC,365,-39,224242290,1.8831944444444444
2014-02-24 00:00:00 UTC,365,150,247142020,4.8661111111111106
2014-02-24 00:00:00 UTC,365,-45,224072590,2.2579166666666666
2014-02-24 00:00:00 UTC,365,-44,224072590,2.1972222222222224
2014-02-24 00:00:00 UTC,365,360,271066002,1.0484722222222222
2014-02-24 00:00:00 UTC,365,359,271066002,2.1044444444444448
2014-02-24 00:00:00 UTC,365,358,271066002,0.84666666666666668
2014-02-24 00:00:00 UTC,365,-479,224052370,1.2030555555555555
2014-02-24 00:00:00 UTC,365,-68,224148120,0.56347222222222226
2014-02-24 00:00:00 UTC,365,148,247300760,0.89124999999999988
2014-02-24 00:00:00 UTC,365,149,247300760,0.7975000000000001
2014-02-24 00:00:00 UTC,365,116,247143580,1.9620833333333334
2014-02-24 00:00:00 UTC,365,-45,224096930,1.6555555555555557
2014-02-24 00:00:00 UTC,365,-44,224096930,2.4298611111111112
2014-02-24 00:00:00 UTC,365,1217,412348605,5.5845833333333328
2014-02-24 00:00:00 UTC,365,-45,224068550,1.964722222222222
2014-02-24 00:00:00 UTC,365,1217,412348617,7.0180555555555557
2014-02-24 00:00:00 UTC,365,1218,412348617,6.9997222222222222
2014-02-24 00:00:00 UTC,365,1219,412348617,10.323194444444445
2014-02-24 00:00:00 UTC,365,1219,412348619,2.0559722222222225
2014-02-24 00:00:00 UTC,365,1219,412348633,10.479166666666666
2014-02-24 00:00:00 UTC,365,1218,412348637,17.623472222222219
2014-02-24 00:00:00 UTC,365,1219,412348637,11.417916666666665
2014-02-24 00:00:00 UTC,365,143,247149280,3.2790277777777779
2014-02-24 00:00:00 UTC,365,142,247149280,2.03375
2014-02-24 00:00:00 UTC,365,1229,412325104,0.5
2014-02-24 00:00:00 UTC,365,-45,224051190,1.8305555555555557
2014-02-24 00:00:00 UTC,621,-53,231327000,11.742916666666666
2014-02-24 00:00:00 UTC,621,-51,231327000,3.8791666666666664
2014-02-24 00:00:00 UTC,621,-52,231327000,7.8862499999999995
2014-02-24 00:00:00 UTC,621,-52,231199000,1.5377777777777779
2014-02-24 00:00:00 UTC,621,-52,231326000,7.0902777777777777
2014-02-24 00:00:00 UTC,621,-39,231068000,3.8679166666666669
2014-02-24 00:00:00 UTC,621,-38,231068000,9.4581944444444446
2014-02-24 00:00:00 UTC,621,-51,231173000,2.31625
2014-02-24 00:00:00 UTC,621,-52,231010000,3.8522222222222222
2014-02-24 00:00:00 UTC,621,-52,231031000,2.3002777777777776
2014-02-24 00:00:00 UTC,621,-53,231031000,10.117638888888887
2014-02-24 00:00:00 UTC,621,-52,231191000,2.3294444444444444
2014-02-24 00:00:00 UTC,621,-52,231009000,1.5225
2014-02-24 00:00:00 UTC,621,-53,231030000,10.187083333333334
2014-02-24 00:00:00 UTC,621,-52,231030000,1.5422222222222222
2014-02-24 00:00:00 UTC,621,-50,231190000,8.6573611111111113
2014-02-24 00:00:00 UTC,621,-52,231190000,1.5308333333333333
2014-02-24 00:00:00 UTC,-403,1733,272178000,1.3656944444444445
2014-02-24 00:00:00 UTC,-403,1735,272178000,0.7533333333333333
2014-02-24 00:00:00 UTC,-403,1734,272178000,2.6061111111111113
2014-02-24 00:00:00 UTC,-147,1586,416003074,5.4383333333333335
2014-02-24 00:00:00 UTC,-147,-827,224892000,1.2518055555555554
2014-02-24 00:00:00 UTC,-147,-825,224892000,1.7756944444444445
2014-02-24 00:00:00 UTC,-147,-1156,431182000,1.8319444444444444
2014-02-24 00:00:00 UTC,110,-1231,412440235,9.706666666666667
2014-02-24 00:00:00 UTC,366,1221,412214535,20.546111111111113
2014-02-24 00:00:00 UTC,366,-460,224170000,0.78805555555555562
2014-02-24 00:00:00 UTC,366,-461,224170000,0.7861111111111112
2014-02-24 00:00:00 UTC,366,-44,224107280,4.5677777777777786
2014-02-24 00:00:00 UTC,366,-43,224107280,1.7922222222222222
2014-02-24 00:00:00 UTC,366,-42,224107280,0.53875000000000006
2014-02-24 00:00:00 UTC,366,252,237418000,6.2693055555555555
2014-02-24 00:00:00 UTC,366,118,247141910,9.1799999999999979
2014-02-24 00:00:00 UTC,366,-514,224020000,5.9719444444444445
2014-02-24 00:00:00 UTC,366,-31,224040480,11.725694444444445
2014-02-24 00:00:00 UTC,366,-45,224081450,0.83041666666666658
2014-02-24 00:00:00 UTC,366,-44,224081450,0.82208333333333328
2014-02-24 00:00:00 UTC,366,-41,224081450,0.37236111111111114
2014-02-24 00:00:00 UTC,366,348,271073066,5.8279166666666669
2014-02-24 00:00:00 UTC,366,346,271073066,2.5395833333333333
2014-02-24 00:00:00 UTC,366,347,271073066,1.7237499999999997
2014-02-24 00:00:00 UTC,366,345,271073066,2.1894444444444443
2014-02-24 00:00:00 UTC,366,1228,412333356,0.45208333333333334
2014-02-24 00:00:00 UTC,366,1227,412333356,1.2547222222222221
2014-02-24 00:00:00 UTC,366,118,247144240,1.9343055555555555
2014-02-24 00:00:00 UTC,366,119,247144240,0.23944444444444446
2014-02-24 00:00:00 UTC,366,347,271072822,4.89513888888889
2014-02-24 00:00:00 UTC,366,346,271072822,1.5155555555555555
2014-02-24 00:00:00 UTC,366,-36,224337720,10.424861111111111
2014-02-24 00:00:00 UTC,366,-37,224337720,1.5398611111111111
2014-02-24 00:00:00 UTC,366,-38,224337720,2.4205555555555556
2014-02-24 00:00:00 UTC,366,117,247143230,0.49763888888888891
2014-02-24 00:00:00 UTC,366,-45,224151870,0.4851388888888889
2014-02-24 00:00:00 UTC,366,-40,224115790,0.99444444444444446
2014-02-24 00:00:00 UTC,366,-42,224062560,1.6705555555555556
2014-02-24 00:00:00 UTC,366,-44,224062560,3.17875
2014-02-24 00:00:00 UTC,366,-39,224242290,1.2669444444444444
2014-02-24 00:00:00 UTC,366,-36,224242290,11.096805555555555
2014-02-24 00:00:00 UTC,366,-37,224242290,1.6998611111111108
2014-02-24 00:00:00 UTC,366,-38,224242290,1.7177777777777778
2014-02-24 00:00:00 UTC,366,347,271040381,0.21583333333333332
2014-02-24 00:00:00 UTC,366,344,271040381,1.3979166666666667
2014-02-24 00:00:00 UTC,366,345,271040381,1.9977777777777777
2014-02-24 00:00:00 UTC,366,346,271040381,4.3483333333333327
2014-02-24 00:00:00 UTC,366,347,271040383,12.314722222222221
2014-02-24 00:00:00 UTC,366,346,271040383,1.8805555555555555
2014-02-24 00:00:00 UTC,366,348,271040383,2.0025
2014-02-24 00:00:00 UTC,366,346,271072387,0.50791666666666657
2014-02-24 00:00:00 UTC,366,-43,224072590,1.0586111111111112
2014-02-24 00:00:00 UTC,366,-42,224260750,3.6890277777777776
2014-02-24 00:00:00 UTC,366,-40,224260750,2.9761111111111109
2014-02-24 00:00:00 UTC,366,-41,224260750,2.7209722222222226
2014-02-24 00:00:00 UTC,366,360,271066002,0.26680555555555557
2014-02-24 00:00:00 UTC,366,-478,224052370,1.21
2014-02-24 00:00:00 UTC,366,-40,224009880,0.5773611111111111
2014-02-24 00:00:00 UTC,366,149,247300760,1.4434722222222223
2014-02-24 00:00:00 UTC,366,148,247300760,2.1033333333333335
2014-02-24 00:00:00 UTC,366,147,247300760,3.2848611111111117
2014-02-24 00:00:00 UTC,366,116,247143580,2.2381944444444444
2014-02-24 00:00:00 UTC,366,-44,224096930,2.3973611111111111
2014-02-24 00:00:00 UTC,366,-43,224096930,0.68597222222222221
2014-02-24 00:00:00 UTC,366,-44,224076970,2.3058333333333332
2014-02-24 00:00:00 UTC,366,-69,224128940,0.59847222222222218
2014-02-24 00:00:00 UTC,366,-70,224128940,5.9908333333333328
2014-02-24 00:00:00 UTC,366,-43,224328880,0.84416666666666662
2014-02-24 00:00:00 UTC,366,-42,224328880,0.99569444444444444
2014-02-24 00:00:00 UTC,366,-41,224328880,0.26625
2014-02-24 00:00:00 UTC,366,-44,224328880,3.1338888888888889
2014-02-24 00:00:00 UTC,366,-41,224114130,2.24
2014-02-24 00:00:00 UTC,366,-40,224114130,1.1248611111111111
2014-02-24 00:00:00 UTC,366,-42,224114130,2.4713888888888893
2014-02-24 00:00:00 UTC,366,1234,800019162,0.62125000000000008
2014-02-24 00:00:00 UTC,366,143,247149280,3.3256944444444452
2014-02-24 00:00:00 UTC,366,142,247149280,0.74249999999999994
2014-02-24 00:00:00 UTC,366,-42,224220130,5.1276388888888889
2014-02-24 00:00:00 UTC,366,-41,224220130,1.2030555555555555
2014-02-24 00:00:00 UTC,366,1228,412325104,0.61486111111111108
2014-02-24 00:00:00 UTC,366,1227,412325104,0.53472222222222232
2014-02-24 00:00:00 UTC,366,360,271072501,11.640277777777779
2014-02-24 00:00:00 UTC,366,361,271072501,0.77416666666666667
2014-02-24 00:00:00 UTC,366,-45,224051190,0.57472222222222225
2014-02-24 00:00:00 UTC,366,-42,224051190,0.41680555555555554
2014-02-24 00:00:00 UTC,366,-44,224051190,2.5390277777777781
2014-02-24 00:00:00 UTC,366,-43,224051190,2.1884722222222219
2014-02-24 00:00:00 UTC,366,148,247305470,3.5872222222222216
2014-02-24 00:00:00 UTC,366,150,247305470,7.4491666666666658
2014-02-24 00:00:00 UTC,366,149,247305470,3.0975
2014-02-24 00:00:00 UTC,366,147,247305470,2.91
2014-02-24 00:00:00 UTC,622,-53,231037000,2.3211111111111111
2014-02-24 00:00:00 UTC,622,-53,231173000,3.865
2014-02-24 00:00:00 UTC,622,-52,231170000,12.5375
2014-02-24 00:00:00 UTC,622,-55,231105000,9.4095833333333339
2014-02-24 00:00:00 UTC,622,-51,231009000,1.5111111111111111
2014-02-24 00:00:00 UTC,-402,1679,512000015,0.83624999999999994
2014-02-24 00:00:00 UTC,-402,1680,512000015,1.6404166666666666
2014-02-24 00:00:00 UTC,-402,1736,272178000,0.81472222222222213
2014-02-24 00:00:00 UTC,-146,589,533333001,9.142777777777777
2014-02-24 00:00:00 UTC,-146,624,416002876,11.716944444444444
2014-02-24 00:00:00 UTC,-146,-823,224892000,1.9204166666666667
2014-02-24 00:00:00 UTC,111,-1157,412440233,4.6704166666666662
2014-02-24 00:00:00 UTC,367,306,271072522,2.3180555555555555
2014-02-24 00:00:00 UTC,367,-460,224170000,5.7293055555555554
2014-02-24 00:00:00 UTC,367,252,237418000,1.806111111111111
2014-02-24 00:00:00 UTC,367,118,247141910,0.20541666666666666
2014-02-24 00:00:00 UTC,367,-81,263231000,0.47361111111111115
2014-02-24 00:00:00 UTC,367,-82,263231000,2.100972222222222
2014-02-24 00:00:00 UTC,367,-515,224020000,6.4836111111111112
2014-02-24 00:00:00 UTC,367,-521,224020000,12.554583333333333
2014-02-24 00:00:00 UTC,367,-80,263401250,11.715416666666666
2014-02-24 00:00:00 UTC,367,346,271073066,0.47555555555555551
2014-02-24 00:00:00 UTC,367,348,271073066,6.0530555555555559
2014-02-24 00:00:00 UTC,367,347,271073066,1.8975
2014-02-24 00:00:00 UTC,367,1226,412333356,1.3058333333333332
2014-02-24 00:00:00 UTC,367,1225,412333356,0.48374999999999996
2014-02-24 00:00:00 UTC,367,1228,800013615,2.1731944444444444
2014-02-24 00:00:00 UTC,367,1227,800013615,0.41527777777777775
2014-02-24 00:00:00 UTC,367,-84,263422770,4.9719444444444445
2014-02-24 00:00:00 UTC,367,-86,263422770,0.50111111111111106
2014-02-24 00:00:00 UTC,367,-83,263422770,4.8094444444444449
2014-02-24 00:00:00 UTC,367,-85,263422770,3.8306944444444442
2014-02-24 00:00:00 UTC,367,-82,263422770,1.5
2014-02-24 00:00:00 UTC,367,116,247143230,0.42472222222222222
2014-02-24 00:00:00 UTC,367,1227,412213575,0.55055555555555558
2014-02-24 00:00:00 UTC,367,-40,224115790,0.62847222222222221
2014-02-24 00:00:00 UTC,367,-92,263402580,1.4490277777777778
2014-02-24 00:00:00 UTC,367,-88,204263000,1.7731944444444445
2014-02-24 00:00:00 UTC,367,-90,204263000,0.24986111111111112
2014-02-24 00:00:00 UTC,367,-89,204263000,1.6505555555555556
2014-02-24 00:00:00 UTC,367,-87,204263000,1.5494444444444444
2014-02-24 00:00:00 UTC,367,-81,263406940,0.92194444444444446
2014-02-24 00:00:00 UTC,367,-82,263406940,0.20194444444444443
2014-02-24 00:00:00 UTC,367,1237,412200545,1.96875
2014-02-24 00:00:00 UTC,367,142,247149410,7.979166666666667
2014-02-24 00:00:00 UTC,367,347,271040354,6.3319444444444448
2014-02-24 00:00:00 UTC,367,346,271040354,1.1397222222222223
2014-02-24 00:00:00 UTC,367,-86,263402350,1.2797222222222224
2014-02-24 00:00:00 UTC,367,-87,263407470,1.8244444444444445
2014-02-24 00:00:00 UTC,367,-88,263407470,1.421388888888889
2014-02-24 00:00:00 UTC,367,-89,263407470,0.25069444444444444
2014-02-24 00:00:00 UTC,367,-86,263407470,0.27680555555555553
2014-02-24 00:00:00 UTC,367,347,271040381,5.0205555555555543
2014-02-24 00:00:00 UTC,367,346,271040381,0.97416666666666663
2014-02-24 00:00:00 UTC,367,347,271040383,8.3847222222222229
2014-02-24 00:00:00 UTC,367,143,247149190,1.9495833333333332
2014-02-24 00:00:00 UTC,367,142,247149190,1.2634722222222221
2014-02-24 00:00:00 UTC,367,-80,263237000,2.2341666666666664
2014-02-24 00:00:00 UTC,367,-41,224084620,0.82111111111111112
2014-02-24 00:00:00 UTC,367,144,247145870,3.2745833333333336
2014-02-24 00:00:00 UTC,367,145,247145870,2.0695833333333336
2014-02-24 00:00:00 UTC,367,-84,263482000,6.4534722222222216
2014-02-24 00:00:00 UTC,367,-85,263482000,2.045
2014-02-24 00:00:00 UTC,367,-83,263482000,7.0468055555555544
2014-02-24 00:00:00 UTC,367,-82,263482000,1.5266666666666666
2014-02-24 00:00:00 UTC,367,-83,263578000,1.0001388888888889
2014-02-24 00:00:00 UTC,367,-84,263578000,1.7747222222222221
2014-02-24 00:00:00 UTC,367,-86,263578000,1.2497222222222222
2014-02-24 00:00:00 UTC,367,-85,263578000,1.975138888888889
2014-02-24 00:00:00 UTC,367,-477,224052370,6.3009722222222218
2014-02-24 00:00:00 UTC,367,-39,224009880,11.951388888888888
2014-02-24 00:00:00 UTC,367,116,247143580,0.96847222222222218
2014-02-24 00:00:00 UTC,367,115,247143580,0.87750000000000006
2014-02-24 00:00:00 UTC,367,1227,800010143,1.1668055555555554
2014-02-24 00:00:00 UTC,367,-39,224076970,0.850138888888889
2014-02-24 00:00:00 UTC,367,-41,224076970,1.2859722222222221
2014-02-24 00:00:00 UTC,367,-41,224114130,1.2391666666666667
2014-02-24 00:00:00 UTC,367,-40,224114130,1.836527777777778
2014-02-24 00:00:00 UTC,367,1216,412015059,4.4070833333333335
2014-02-24 00:00:00 UTC,367,-41,224220130,1.1913888888888888
2014-02-24 00:00:00 UTC,367,-84,263406570,1.2841666666666667
2014-02-24 00:00:00 UTC,367,-82,263406570,1.86125
2014-02-24 00:00:00 UTC,367,-83,263406570,1.5370833333333334
2014-02-24 00:00:00 UTC,367,1227,412325104,0.45652777777777775
2014-02-24 00:00:00 UTC,367,125,247149810,1.1934722222222223
2014-02-24 00:00:00 UTC,367,124,247149810,1.5512499999999998
2014-02-24 00:00:00 UTC,367,-41,224060150,0.95763888888888893
2014-02-24 00:00:00 UTC,623,-40,231068000,9.4558333333333326
2014-02-24 00:00:00 UTC,623,-54,231173000,1.5583333333333333
2014-02-24 00:00:00 UTC,623,-56,231173000,7.9256944444444448
2014-02-24 00:00:00 UTC,623,56,258095000,1.588888888888889
2014-02-24 00:00:00 UTC,623,60,258095000,0.89708333333333334
2014-02-24 00:00:00 UTC,623,-59,231150000,1.526388888888889
2014-02-24 00:00:00 UTC,623,-56,231170000,8.680416666666666
2014-02-24 00:00:00 UTC,623,-53,231009000,7.88875
2014-02-24 00:00:00 UTC,623,-51,231009000,1.5511111111111111
2014-02-24 00:00:00 UTC,623,-55,231009000,1.5304166666666668
2014-02-24 00:00:00 UTC,623,-56,231190000,7.1454166666666667
2014-02-24 00:00:00 UTC,-401,1681,512000015,1.6425
2014-02-24 00:00:00 UTC,-401,1679,512000015,0.0125
2014-02-24 00:00:00 UTC,-401,1680,512000015,1.3669444444444445
2014-02-24 00:00:00 UTC,-401,1682,512000015,1.3184722222222223
2014-02-24 00:00:00 UTC,-145,594,533333009,1.7770833333333333
2014-02-24 00:00:00 UTC,-145,593,533333009,9.1222222222222236
2014-02-24 00:00:00 UTC,-145,-821,224892000,1.8379166666666666
2014-02-24 00:00:00 UTC,368,306,271072522,0.42055555555555557
2014-02-24 00:00:00 UTC,368,248,237418000,2.2958333333333334
2014-02-24 00:00:00 UTC,368,249,237418000,2.2424999999999997
2014-02-24 00:00:00 UTC,368,252,237418000,0.63180555555555551
2014-02-24 00:00:00 UTC,368,250,237418000,1.9886111111111111
2014-02-24 00:00:00 UTC,368,251,237418000,1.7536111111111112
2014-02-24 00:00:00 UTC,368,122,247140370,0.56541666666666668
2014-02-24 00:00:00 UTC,368,-81,263231000,8.2511111111111113
2014-02-24 00:00:00 UTC,368,-80,204244000,0.12444444444444444
2014-02-24 00:00:00 UTC,368,-81,204244000,2.0747222222222224
2014-02-24 00:00:00 UTC,368,1225,412333356,0.20805555555555555
2014-02-24 00:00:00 UTC,368,1227,800013615,14.25
2014-02-24 00:00:00 UTC,368,1228,800013615,0.44472222222222224
2014-02-24 00:00:00 UTC,368,1228,412702514,1.4463888888888889
2014-02-24 00:00:00 UTC,368,-85,263422770,1.1401388888888888
2014-02-24 00:00:00 UTC,368,-86,263422770,1.0459722222222223
2014-02-24 00:00:00 UTC,368,116,247143230,1.3816666666666668
2014-02-24 00:00:00 UTC,368,1227,412213575,4.9449999999999994
2014-02-24 00:00:00 UTC,368,1228,412213575,0.50722222222222224
2014-02-24 00:00:00 UTC,368,-92,263402580,6.8249999999999984
2014-02-24 00:00:00 UTC,368,1228,412705622,2.200277777777778
2014-02-24 00:00:00 UTC,368,-86,204263000,7.2891666666666675
2014-02-24 00:00:00 UTC,368,-87,204263000,3.2206944444444447
2014-02-24 00:00:00 UTC,368,-78,263406940,8.4004166666666666
2014-02-24 00:00:00 UTC,368,-81,263406940,20.106666666666666
2014-02-24 00:00:00 UTC,368,142,247149410,1.5137500000000002
2014-02-24 00:00:00 UTC,368,141,247149410,0.22499999999999998
2014-02-24 00:00:00 UTC,368,-91,204209000,4.9020833333333336
2014-02-24 00:00:00 UTC,368,-86,263402350,13.798194444444443
2014-02-24 00:00:00 UTC,368,-84,263407470,1.5002777777777778
2014-02-24 00:00:00 UTC,368,-83,263407470,1.9031944444444444
2014-02-24 00:00:00 UTC,368,-81,263407470,5.2256944444444438
2014-02-24 00:00:00 UTC,368,-82,263407470,3.6466666666666661
2014-02-24 00:00:00 UTC,368,-85,263407470,0.25027777777777777
2014-02-24 00:00:00 UTC,368,252,237616000,3.25875
2014-02-24 00:00:00 UTC,368,143,247149190,0.63194444444444442
2014-02-24 00:00:00 UTC,368,142,247149190,2.8955555555555561
2014-02-24 00:00:00 UTC,368,-78,263237000,4.1391666666666671
2014-02-24 00:00:00 UTC,368,-80,263237000,0.57583333333333331
2014-02-24 00:00:00 UTC,368,-83,263237000,0.47597222222222224
2014-02-24 00:00:00 UTC,368,-82,263237000,4.7356944444444444
2014-02-24 00:00:00 UTC,368,-81,263237000,8.7395833333333357
2014-02-24 00:00:00 UTC,368,143,247145870,1.6709722222222221
2014-02-24 00:00:00 UTC,368,144,247145870,1.0723611111111111
2014-02-24 00:00:00 UTC,368,-92,263546000,3.1999999999999997
2014-02-24 00:00:00 UTC,368,-85,263482000,0.49944444444444447
2014-02-24 00:00:00 UTC,368,-82,263578000,4.7741666666666669
2014-02-24 00:00:00 UTC,368,-83,263578000,0.5
2014-02-24 00:00:00 UTC,368,-81,263578000,5.0006944444444441
2014-02-24 00:00:00 UTC,368,122,247143320,0.52361111111111114
2014-02-24 00:00:00 UTC,368,141,247141050,1.4615277777777775
2014-02-24 00:00:00 UTC,368,142,247141050,0.73888888888888882
2014-02-24 00:00:00 UTC,368,142,247304660,0.42680555555555555
2014-02-24 00:00:00 UTC,368,141,247304660,2.5152777777777775
2014-02-24 00:00:00 UTC,368,1228,800004053,1.6704166666666667
2014-02-24 00:00:00 UTC,368,220,240428000,8.4494444444444454
2014-02-24 00:00:00 UTC,368,219,240428000,1.34875
2014-02-24 00:00:00 UTC,368,-81,263406570,1.5015277777777778
2014-02-24 00:00:00 UTC,368,1225,412325104,3.5187500000000007
2014-02-24 00:00:00 UTC,368,1225,412325105,3.79513888888889
2014-02-24 00:00:00 UTC,368,124,247149810,0.47930555555555554
2014-02-24 00:00:00 UTC,368,123,247149810,2.0495833333333335
2014-02-24 00:00:00 UTC,368,1224,412324858,0.48944444444444446
2014-02-24 00:00:00 UTC,624,-68,231316000,4.43625
2014-02-24 00:00:00 UTC,624,-69,231316000,2.9648611111111114
2014-02-24 00:00:00 UTC,624,-56,231037000,10.1875
2014-02-24 00:00:00 UTC,624,-46,231133000,10.962361111111111
2014-02-24 00:00:00 UTC,624,52,258397000,0.21458333333333335
2014-02-24 00:00:00 UTC,624,51,258397000,0.2615277777777778
2014-02-24 00:00:00 UTC,624,50,258397000,0.26666666666666666
2014-02-24 00:00:00 UTC,624,61,257157740,2.4994444444444444
2014-02-24 00:00:00 UTC,624,-56,231046000,7.1331944444444444
2014-02-24 00:00:00 UTC,624,52,259536000,1.8463888888888889
2014-02-24 00:00:00 UTC,624,53,257157520,0.66902777777777778
2014-02-24 00:00:00 UTC,624,54,257157520,2.951944444444444
2014-02-24 00:00:00 UTC,624,-67,231343000,0.26944444444444443
2014-02-24 00:00:00 UTC,624,-68,231343000,9.7647222222222219
2014-02-24 00:00:00 UTC,624,60,258095000,0.46388888888888891
2014-02-24 00:00:00 UTC,624,-62,231150000,7.1705555555555556
2014-02-24 00:00:00 UTC,624,-59,231150000,3.0725
2014-02-24 00:00:00 UTC,624,55,257089740,3.2672222222222227
2014-02-24 00:00:00 UTC,624,-53,231010000,3.8779166666666667
2014-02-24 00:00:00 UTC,624,55,257105640,0.2976388888888889
2014-02-24 00:00:00 UTC,624,-52,231009000,1.54
2014-02-24 00:00:00 UTC,624,-53,231009000,1.5001388888888889
2014-02-24 00:00:00 UTC,624,-54,231009000,6.3977777777777778
2014-02-24 00:00:00 UTC,-144,591,533333009,5.6077777777777778
2014-02-24 00:00:00 UTC,-144,592,533333009,5.4890277777777774
2014-02-24 00:00:00 UTC,113,-1710,432453000,1.8211111111111111
2014-02-24 00:00:00 UTC,113,-1706,432453000,1.3158333333333334
2014-02-24 00:00:00 UTC,113,-1705,432453000,1.3912499999999999
2014-02-24 00:00:00 UTC,113,-1711,432453000,2.7222222222222223
2014-02-24 00:00:00 UTC,113,-1709,432453000,1.9566666666666666
2014-02-24 00:00:00 UTC,113,-1707,432453000,2.6372222222222224
2014-02-24 00:00:00 UTC,113,-1712,432453000,1.8234722222222222
2014-02-24 00:00:00 UTC,113,-1704,432453000,1.8797222222222221
2014-02-24 00:00:00 UTC,113,-1703,432453000,1.8331944444444446
2014-02-24 00:00:00 UTC,369,122,247143690,5.1906944444444445
2014-02-24 00:00:00 UTC,369,121,247143690,2.7934722222222228
2014-02-24 00:00:00 UTC,369,120,247143690,0.45555555555555555
2014-02-24 00:00:00 UTC,369,-466,224170000,8.2779166666666661
2014-02-24 00:00:00 UTC,369,248,237418000,2.1356944444444443
2014-02-24 00:00:00 UTC,369,122,247140370,4.90125
2014-02-24 00:00:00 UTC,369,117,247141910,1.3554166666666665
2014-02-24 00:00:00 UTC,369,118,247141910,3.4477777777777781
2014-02-24 00:00:00 UTC,369,-88,263408670,0.80347222222222214
2014-02-24 00:00:00 UTC,369,-75,263401250,16.008194444444445
2014-02-24 00:00:00 UTC,369,139,247142960,1.2598611111111113
2014-02-24 00:00:00 UTC,369,142,247142960,3.8648611111111109
2014-02-24 00:00:00 UTC,369,141,247142960,0.83805555555555555
2014-02-24 00:00:00 UTC,369,140,247142960,1.9393055555555554
2014-02-24 00:00:00 UTC,369,138,247309110,1.5511111111111111
2014-02-24 00:00:00 UTC,369,139,247309110,1.0606944444444444
2014-02-24 00:00:00 UTC,369,-77,263411770,5.4513888888888893
2014-02-24 00:00:00 UTC,369,116,247143230,1.2937500000000002
2014-02-24 00:00:00 UTC,369,138,247127110,0.78069444444444447
2014-02-24 00:00:00 UTC,369,139,247127110,0.86375
2014-02-24 00:00:00 UTC,369,-92,263402580,8.0637499999999989
2014-02-24 00:00:00 UTC,369,-86,204263000,0.23486111111111113
2014-02-24 00:00:00 UTC,369,1229,800014683,2.3570833333333332
2014-02-24 00:00:00 UTC,369,1229,800031084,2.5141666666666667
2014-02-24 00:00:00 UTC,369,-86,263402350,0.91708333333333325
2014-02-24 00:00:00 UTC,369,-85,263402350,0.42430555555555555
2014-02-24 00:00:00 UTC,369,141,247303280,0.61944444444444446
2014-02-24 00:00:00 UTC,369,252,237616000,1.0640277777777778
2014-02-24 00:00:00 UTC,369,143,247149190,1.2431944444444445
2014-02-24 00:00:00 UTC,369,142,247149190,1.2484722222222222
2014-02-24 00:00:00 UTC,369,143,247145870,3.0979166666666669
2014-02-24 00:00:00 UTC,369,142,247145870,1.2331944444444443
2014-02-24 00:00:00 UTC,369,-92,263546000,4.2502777777777778
2014-02-24 00:00:00 UTC,369,137,247143830,5.1045833333333333
2014-02-24 00:00:00 UTC,369,138,247143830,1.0474999999999999
2014-02-24 00:00:00 UTC,369,121,247143320,0.45375
2014-02-24 00:00:00 UTC,369,122,247143320,2.8658333333333332
2014-02-24 00:00:00 UTC,369,138,247144120,0.21694444444444444
2014-02-24 00:00:00 UTC,369,141,247141050,0.86097222222222214
2014-02-24 00:00:00 UTC,369,139,247141050,0.11708333333333333
2014-02-24 00:00:00 UTC,369,140,247141050,2.7443055555555556
2014-02-24 00:00:00 UTC,369,118,247145920,5.926388888888888
2014-02-24 00:00:00 UTC,369,137,247147720,13.333194444444445
2014-02-24 00:00:00 UTC,369,139,247304660,1.0315277777777778
2014-02-24 00:00:00 UTC,369,140,247304660,3.365
2014-02-24 00:00:00 UTC,369,141,247304660,1.2406944444444443
2014-02-24 00:00:00 UTC,369,219,240428000,1.9141666666666666
2014-02-24 00:00:00 UTC,369,220,240428000,0.22930555555555554
2014-02-24 00:00:00 UTC,369,121,247141350,4.0175
2014-02-24 00:00:00 UTC,369,122,247141350,4.0563888888888888
2014-02-24 00:00:00 UTC,369,120,247141350,1.0823611111111111
2014-02-24 00:00:00 UTC,369,-86,263410940,1.9872222222222222
2014-02-24 00:00:00 UTC,369,-84,263410940,0.4480555555555556
2014-02-24 00:00:00 UTC,369,-85,263410940,0.81819444444444445
2014-02-24 00:00:00 UTC,625,49,257582600,0.46388888888888891
2014-02-24 00:00:00 UTC,625,48,257582600,0.2986111111111111
2014-02-24 00:00:00 UTC,625,51,257582600,3.8154166666666671
2014-02-24 00:00:00 UTC,625,57,257582600,0.42541666666666667
2014-02-24 00:00:00 UTC,625,54,257005840,6.8847222222222229
2014-02-24 00:00:00 UTC,625,55,257005840,2.5094444444444441
2014-02-24 00:00:00 UTC,625,56,257132820,7.9218055555555544
2014-02-24 00:00:00 UTC,625,56,257131800,0.25444444444444447
2014-02-24 00:00:00 UTC,625,49,259647000,3.1306944444444449
2014-02-24 00:00:00 UTC,625,50,259647000,1.4806944444444443
2014-02-24 00:00:00 UTC,625,51,259380000,0.91944444444444429
2014-02-24 00:00:00 UTC,625,56,258526000,2.6125
2014-02-24 00:00:00 UTC,625,55,258526000,3.376527777777778
2014-02-24 00:00:00 UTC,625,-49,231133000,9.406944444444445
2014-02-24 00:00:00 UTC,625,-46,231133000,10.229722222222222
2014-02-24 00:00:00 UTC,625,53,258524000,5.5588888888888883
2014-02-24 00:00:00 UTC,625,54,258524000,2.8625
2014-02-24 00:00:00 UTC,625,52,258524000,1.6787500000000002
2014-02-24 00:00:00 UTC,625,48,259707000,2.4497222222222224
2014-02-24 00:00:00 UTC,625,49,259707000,10.1375
2014-02-24 00:00:00 UTC,625,55,257701500,1.14
2014-02-24 00:00:00 UTC,625,50,259536000,0.48888888888888887
2014-02-24 00:00:00 UTC,625,51,259536000,1.7355555555555557
2014-02-24 00:00:00 UTC,625,53,259536000,3.3091666666666666
2014-02-24 00:00:00 UTC,625,52,259536000,2.8761111111111113
2014-02-24 00:00:00 UTC,625,-68,231343000,9.8936111111111114
2014-02-24 00:00:00 UTC,625,-67,231343000,3.1937499999999996
2014-02-24 00:00:00 UTC,625,55,258319000,0.30777777777777782
2014-02-24 00:00:00 UTC,625,49,258319000,0.33486111111111111
2014-02-24 00:00:00 UTC,625,50,258319000,4.3430555555555559
2014-02-24 00:00:00 UTC,625,52,258319000,1.6491666666666664
2014-02-24 00:00:00 UTC,625,53,258319000,1.0241666666666667
2014-02-24 00:00:00 UTC,625,-61,231236000,2.2718055555555554
2014-02-24 00:00:00 UTC,625,-60,231236000,2.3008333333333333
2014-02-24 00:00:00 UTC,625,-63,231236000,1.5518055555555557
2014-02-24 00:00:00 UTC,625,-62,231236000,3.8231944444444439
2014-02-24 00:00:00 UTC,625,-73,231213000,4.5863888888888891
2014-02-24 00:00:00 UTC,625,56,257089740,0.63944444444444448
2014-02-24 00:00:00 UTC,625,56,257563600,0.679861111111111
2014-02-24 00:00:00 UTC,625,55,257563600,0.88513888888888892
2014-02-24 00:00:00 UTC,625,52,257563600,4.1170833333333334
2014-02-24 00:00:00 UTC,625,53,257563600,0.60069444444444442
2014-02-24 00:00:00 UTC,625,54,259586000,1.0911111111111111
2014-02-24 00:00:00 UTC,625,53,259586000,7.5119444444444428
2014-02-24 00:00:00 UTC,625,53,257079000,0.43375
2014-02-24 00:00:00 UTC,625,52,257079000,8.9316666666666666
2014-02-24 00:00:00 UTC,625,50,257079000,0.66652777777777783
2014-02-24 00:00:00 UTC,625,51,257079000,3.313333333333333
2014-02-24 00:00:00 UTC,625,52,259329000,1.78625
2014-02-24 00:00:00 UTC,625,55,257105640,0.29958333333333331
2014-02-24 00:00:00 UTC,625,54,257105640,0.56736111111111109
2014-02-24 00:00:00 UTC,625,48,259457000,0.52236111111111116
2014-02-24 00:00:00 UTC,-399,-561,701000735,2.3694444444444445
2014-02-24 00:00:00 UTC,-399,-560,701000735,3.784583333333333
2014-02-24 00:00:00 UTC,-143,594,533333009,5.0869444444444447
2014-02-24 00:00:00 UTC,114,-173,247118400,4.8552777777777774
2014-02-24 00:00:00 UTC,370,120,247143690,0.48069444444444442
2014-02-24 00:00:00 UTC,370,122,247143690,1.8118055555555552
2014-02-24 00:00:00 UTC,370,248,237418000,0.57916666666666661
2014-02-24 00:00:00 UTC,370,249,237418000,2.2677777777777774
2014-02-24 00:00:00 UTC,370,123,247140370,0.89430555555555558
2014-02-24 00:00:00 UTC,370,121,247140370,1.1491666666666667
2014-02-24 00:00:00 UTC,370,122,247140370,3.1006944444444446
2014-02-24 00:00:00 UTC,370,116,247141910,3.673888888888889
2014-02-24 00:00:00 UTC,370,-87,263421980,1.4984722222222222
2014-02-24 00:00:00 UTC,370,-88,263421980,0.45263888888888892
2014-02-24 00:00:00 UTC,370,141,247142960,2.9777777777777774
2014-02-24 00:00:00 UTC,370,142,247142960,0.62430555555555556
2014-02-24 00:00:00 UTC,370,140,247142960,0.64291666666666669
2014-02-24 00:00:00 UTC,370,-83,263407670,0.75541666666666663
2014-02-24 00:00:00 UTC,370,138,247309110,0.71375
2014-02-24 00:00:00 UTC,370,137,247309110,9.9329166666666673
2014-02-24 00:00:00 UTC,370,117,247143230,1.46875
2014-02-24 00:00:00 UTC,370,116,247143230,1.7623611111111113
2014-02-24 00:00:00 UTC,370,-92,263402580,0.21125
2014-02-24 00:00:00 UTC,370,139,247303280,1.7381944444444446
2014-02-24 00:00:00 UTC,370,141,247303280,2.0951388888888887
2014-02-24 00:00:00 UTC,370,140,247303280,5.7480555555555544
2014-02-24 00:00:00 UTC,370,137,247143820,10.894722222222221
2014-02-24 00:00:00 UTC,370,138,247143820,0.74444444444444446
2014-02-24 00:00:00 UTC,370,-92,263546000,0.62486111111111109
2014-02-24 00:00:00 UTC,370,122,247143320,0.43458333333333332
2014-02-24 00:00:00 UTC,370,123,247145650,3.9134722222222225
2014-02-24 00:00:00 UTC,370,-87,263406770,1.7133333333333334
2014-02-24 00:00:00 UTC,370,138,247144120,0.44152777777777774
2014-02-24 00:00:00 UTC,370,137,247144120,0.84736111111111112
2014-02-24 00:00:00 UTC,370,118,247145920,0.18069444444444444
2014-02-24 00:00:00 UTC,370,-454,224032970,3.8058333333333332
2014-02-24 00:00:00 UTC,370,120,247141350,0.91027777777777774
2014-02-24 00:00:00 UTC,370,122,247141350,1.98875
2014-02-24 00:00:00 UTC,370,123,247141350,1.3959722222222224
2014-02-24 00:00:00 UTC,370,-86,263410940,0.20430555555555557
2014-02-24 00:00:00 UTC,626,50,257582600,1.7629166666666669
2014-02-24 00:00:00 UTC,626,53,257582600,0.975138888888889
2014-02-24 00:00:00 UTC,626,48,257582600,1.3931944444444442
2014-02-24 00:00:00 UTC,626,51,257582600,3.0638888888888891
2014-02-24 00:00:00 UTC,626,49,257582600,4.1727777777777781
2014-02-24 00:00:00 UTC,626,58,257059340,0.5280555555555555
2014-02-24 00:00:00 UTC,626,57,257059340,0.52111111111111108
2014-02-24 00:00:00 UTC,626,59,257057040,0.2113888888888889
2014-02-24 00:00:00 UTC,626,58,257057040,0.69347222222222227
2014-02-24 00:00:00 UTC,626,56,257131800,1.4801388888888889
2014-02-24 00:00:00 UTC,626,55,257131800,0.97958333333333336
2014-02-24 00:00:00 UTC,626,55,259295000,0.50166666666666671
2014-02-24 00:00:00 UTC,626,56,259295000,2.3397222222222225
2014-02-24 00:00:00 UTC,626,48,259647000,0.67888888888888888
2014-02-24 00:00:00 UTC,626,53,259380000,0.21
2014-02-24 00:00:00 UTC,626,52,259380000,0.90527777777777774
2014-02-24 00:00:00 UTC,626,53,259421000,0.23472222222222222
2014-02-24 00:00:00 UTC,626,54,258524000,0.38402777777777775
2014-02-24 00:00:00 UTC,626,56,257122920,2.2318055555555554
2014-02-24 00:00:00 UTC,626,51,259536000,0.62888888888888883
2014-02-24 00:00:00 UTC,626,53,259536000,0.52527777777777773
2014-02-24 00:00:00 UTC,626,52,259536000,3.4361111111111109
2014-02-24 00:00:00 UTC,626,-68,231440000,6.8804166666666671
2014-02-24 00:00:00 UTC,626,-59,231173000,7.8705555555555557
2014-02-24 00:00:00 UTC,626,51,259109000,1.3315277777777776
2014-02-24 00:00:00 UTC,626,52,259109000,0.82388888888888889
2014-02-24 00:00:00 UTC,626,56,257478800,0.78152777777777782
2014-02-24 00:00:00 UTC,626,53,258319000,0.68791666666666673
2014-02-24 00:00:00 UTC,626,54,258319000,1.45875
2014-02-24 00:00:00 UTC,626,52,258319000,0.99930555555555556
2014-02-24 00:00:00 UTC,626,51,258319000,0.89416666666666667
2014-02-24 00:00:00 UTC,626,55,257816500,3.7136111111111116
2014-02-24 00:00:00 UTC,626,56,257816500,0.53666666666666674
2014-02-24 00:00:00 UTC,626,58,257816500,0.27902777777777776
2014-02-24 00:00:00 UTC,626,53,257816500,0.49277777777777776
2014-02-24 00:00:00 UTC,626,54,257816500,0.98041666666666671
2014-02-24 00:00:00 UTC,626,51,257563600,1.4763888888888888
2014-02-24 00:00:00 UTC,626,55,259586000,2.8625
2014-02-24 00:00:00 UTC,626,54,259586000,5.2938888888888886
2014-02-24 00:00:00 UTC,626,64,257215700,0.9675
2014-02-24 00:00:00 UTC,626,-62,231031000,0.75013888888888891
2014-02-24 00:00:00 UTC,626,-61,231031000,6.43875
2014-02-24 00:00:00 UTC,626,52,257079000,0.46819444444444441
2014-02-24 00:00:00 UTC,626,53,259244000,1.3779166666666667
2014-02-24 00:00:00 UTC,626,50,259244000,4.335
2014-02-24 00:00:00 UTC,626,48,259457000,1.4181944444444445
2014-02-24 00:00:00 UTC,626,50,259457000,5.3827777777777763
2014-02-24 00:00:00 UTC,626,49,259457000,9.7272222222222222
2014-02-24 00:00:00 UTC,626,-61,231030000,7.1436111111111114
2014-02-24 00:00:00 UTC,-398,-559,701000735,0.50263888888888886
2014-02-24 00:00:00 UTC,-398,-561,701000735,0.39305555555555555
2014-02-24 00:00:00 UTC,-398,-560,701000735,2.5530555555555554
2014-02-24 00:00:00 UTC,-398,-558,701000735,0.65347222222222223
2014-02-24 00:00:00 UTC,-142,-1339,416002581,5.7998611111111114
2014-02-24 00:00:00 UTC,-142,-1340,416002581,0.34194444444444444
2014-02-24 00:00:00 UTC,115,-1702,432453000,1.8333333333333333
2014-02-24 00:00:00 UTC,371,120,247143690,2.2886111111111114
2014-02-24 00:00:00 UTC,371,121,247143690,2.4236111111111112
2014-02-24 00:00:00 UTC,371,121,247140370,4.1461111111111109
2014-02-24 00:00:00 UTC,371,123,247140370,0.6575
2014-02-24 00:00:00 UTC,371,122,247140370,2.0830555555555557
2014-02-24 00:00:00 UTC,371,134,247140890,10.10375
2014-02-24 00:00:00 UTC,371,273,271062090,5.5138888888888893
2014-02-24 00:00:00 UTC,371,273,271072343,1.2816666666666667
2014-02-24 00:00:00 UTC,371,121,247143320,2.9680555555555559
2014-02-24 00:00:00 UTC,371,120,247143320,2.51125
2014-02-24 00:00:00 UTC,371,123,247145650,7.1062499999999993
2014-02-24 00:00:00 UTC,371,273,271072179,4.0580555555555557
2014-02-24 00:00:00 UTC,371,272,271072179,2.165
2014-02-24 00:00:00 UTC,371,121,247149020,1.8291666666666666
2014-02-24 00:00:00 UTC,371,122,247149020,0.49972222222222223
2014-02-24 00:00:00 UTC,371,123,247141350,1.1790277777777778
2014-02-24 00:00:00 UTC,371,119,247141350,0.43319444444444444
2014-02-24 00:00:00 UTC,371,120,247141350,1.8781944444444441
2014-02-24 00:00:00 UTC,371,124,247141350,0.6875
2014-02-24 00:00:00 UTC,371,121,247141350,2.4359722222222224
2014-02-24 00:00:00 UTC,627,51,257582600,2.0493055555555557
2014-02-24 00:00:00 UTC,627,55,259421000,1.2399999999999998
2014-02-24 00:00:00 UTC,627,53,259421000,1.7855555555555556
2014-02-24 00:00:00 UTC,627,52,259421000,0.50097222222222215
2014-02-24 00:00:00 UTC,627,54,259421000,1.4811111111111108
2014-02-24 00:00:00 UTC,627,51,259421000,0.98097222222222225
2014-02-24 00:00:00 UTC,627,52,258397000,1.747638888888889
2014-02-24 00:00:00 UTC,627,51,258397000,3.9758333333333331
2014-02-24 00:00:00 UTC,627,50,258397000,0.23166666666666669
2014-02-24 00:00:00 UTC,627,57,257478800,0.21708333333333332
2014-02-24 00:00:00 UTC,627,56,257478800,0.86569444444444432
2014-02-24 00:00:00 UTC,627,52,258319000,0.52347222222222223
2014-02-24 00:00:00 UTC,627,66,257215700,2.2968055555555553
2014-02-24 00:00:00 UTC,627,-70,231180000,5.3009722222222226
2014-02-24 00:00:00 UTC,627,-68,231180000,11.945833333333333
2014-02-24 00:00:00 UTC,627,-71,231180000,5.4365277777777781
2014-02-24 00:00:00 UTC,627,50,259244000,7.3852777777777776
2014-02-24 00:00:00 UTC,627,49,259244000,2.0759722222222221
2014-02-24 00:00:00 UTC,-397,-560,701000735,0.35013888888888889
2014-02-24 00:00:00 UTC,-141,598,533333007,9.1829166666666655
2014-02-24 00:00:00 UTC,-141,-1340,416002581,3.23375
2014-02-24 00:00:00 UTC,-141,-1304,416242800,3.6794444444444445
2014-02-24 00:00:00 UTC,-141,583,416002269,2.6730555555555555
2014-02-24 00:00:00 UTC,116,-173,247118400,2.715416666666667
2014-02-24 00:00:00 UTC,116,-1706,432453000,0.52055555555555555
2014-02-24 00:00:00 UTC,116,-1707,432453000,0.84333333333333349
2014-02-24 00:00:00 UTC,116,-1708,432453000,0.33625000000000005
2014-02-24 00:00:00 UTC,116,-1705,432453000,0.94152777777777785
2014-02-24 00:00:00 UTC,116,-1710,432453000,0.76527777777777772
2014-02-24 00:00:00 UTC,116,-1711,432453000,0.44333333333333336
2014-02-24 00:00:00 UTC,116,-1709,432453000,0.47333333333333333
2014-02-24 00:00:00 UTC,372,122,247140370,0.80499999999999994
2014-02-24 00:00:00 UTC,372,121,247140370,0.99055555555555563
2014-02-24 00:00:00 UTC,372,273,271072343,20.72875
2014-02-24 00:00:00 UTC,372,-90,263416450,4.2751388888888888
2014-02-24 00:00:00 UTC,372,121,247145650,2.7943055555555558
2014-02-24 00:00:00 UTC,372,273,271072179,6.8294444444444444
2014-02-24 00:00:00 UTC,372,-453,224032970,2.4625
2014-02-24 00:00:00 UTC,372,122,247149020,0.70583333333333331
2014-02-24 00:00:00 UTC,628,-65,231146000,17.118194444444445
2014-02-24 00:00:00 UTC,628,-64,231146000,3.0943055555555556
2014-02-24 00:00:00 UTC,628,-69,231146000,9.412638888888889
2014-02-24 00:00:00 UTC,628,53,259647000,2.2383333333333333
2014-02-24 00:00:00 UTC,628,54,259647000,0.6069444444444444
2014-02-24 00:00:00 UTC,628,54,259380000,2.05875
2014-02-24 00:00:00 UTC,628,52,259380000,0.21513888888888888
2014-02-24 00:00:00 UTC,628,55,259380000,1.536388888888889
2014-02-24 00:00:00 UTC,628,53,259380000,8.11375
2014-02-24 00:00:00 UTC,628,69,257036420,1.4411111111111112
2014-02-24 00:00:00 UTC,628,-246,251129000,5.5919444444444446
2014-02-24 00:00:00 UTC,628,-248,251129000,1.5484722222222222
2014-02-24 00:00:00 UTC,628,-246,251179000,0.20875
2014-02-24 00:00:00 UTC,628,-247,251179000,0.20958333333333334
2014-02-24 00:00:00 UTC,-140,598,533333007,1.7597222222222222
2014-02-24 00:00:00 UTC,-140,-1342,416002581,5.3227777777777785
2014-02-24 00:00:00 UTC,-140,-1338,416002581,4.5773611111111112
2014-02-24 00:00:00 UTC,-140,-1305,416242800,0.7962499999999999
2014-02-24 00:00:00 UTC,-140,591,416002269,5.6161111111111106
2014-02-24 00:00:00 UTC,-140,585,416002269,5.835
2014-02-24 00:00:00 UTC,-140,584,416002269,2.7249999999999996
2014-02-24 00:00:00 UTC,-140,590,416002269,5.9029166666666661
2014-02-24 00:00:00 UTC,117,-173,247118400,3.7901388888888889
2014-02-24 00:00:00 UTC,117,-1711,432453000,1.0693055555555555
2014-02-24 00:00:00 UTC,373,151,247305480,3.144305555555555
2014-02-24 00:00:00 UTC,373,1199,800019517,1.4119444444444444
2014-02-24 00:00:00 UTC,373,273,271072343,3.2427777777777775
2014-02-24 00:00:00 UTC,373,1190,418500207,0.85027777777777791
2014-02-24 00:00:00 UTC,373,1191,418500207,14.959722222222217
2014-02-24 00:00:00 UTC,373,1192,418500207,0.69875
2014-02-24 00:00:00 UTC,373,1195,412326566,0.425
2014-02-24 00:00:00 UTC,373,121,247145650,4.10138888888889
2014-02-24 00:00:00 UTC,373,273,271072179,2.975138888888889
2014-02-24 00:00:00 UTC,373,-453,224032970,1.4697222222222222
2014-02-24 00:00:00 UTC,373,151,247140580,3.3761111111111113
2014-02-24 00:00:00 UTC,373,1192,412326648,15.326805555555556
2014-02-24 00:00:00 UTC,373,1191,412326648,1.576111111111111
2014-02-24 00:00:00 UTC,373,1190,412326648,1.5643055555555558
2014-02-24 00:00:00 UTC,629,53,259647000,0.34152777777777776
2014-02-24 00:00:00 UTC,629,54,259647000,5.2875000000000005
2014-02-24 00:00:00 UTC,629,55,259380000,1.6593055555555556
2014-02-24 00:00:00 UTC,629,65,257015440,0.67777777777777781
2014-02-24 00:00:00 UTC,629,61,259576000,0.73763888888888884
2014-02-24 00:00:00 UTC,629,-252,251047110,1.297638888888889
2014-02-24 00:00:00 UTC,629,-253,251047110,0.86819444444444449
2014-02-24 00:00:00 UTC,629,-254,251047110,0.99722222222222223
2014-02-24 00:00:00 UTC,629,65,257767390,0.9212499999999999
2014-02-24 00:00:00 UTC,629,-244,251179000,0.84763888888888883
2014-02-24 00:00:00 UTC,629,-242,251179000,0.25805555555555559
2014-02-24 00:00:00 UTC,629,-245,251179000,1.0959722222222221
2014-02-24 00:00:00 UTC,629,-246,251179000,0.68152777777777784
2014-02-24 00:00:00 UTC,629,-243,251179000,0.85458333333333336
2014-02-24 00:00:00 UTC,-139,598,533333007,1.7648611111111112
2014-02-24 00:00:00 UTC,-139,-1305,416242800,2.7201388888888887
2014-02-24 00:00:00 UTC,118,-173,247118400,5.4106944444444443
2014-02-24 00:00:00 UTC,118,-1718,412985000,21.47763888888889
2014-02-24 00:00:00 UTC,374,1195,412326446,4.9001388888888888
2014-02-24 00:00:00 UTC,374,1199,800019517,0.5280555555555555
2014-02-24 00:00:00 UTC,374,1195,412326486,17.08625
2014-02-24 00:00:00 UTC,374,-505,224135000,11.743055555555555
2014-02-24 00:00:00 UTC,374,-510,224135000,12.524999999999999
2014-02-24 00:00:00 UTC,374,1196,412326492,13.008472222222222
2014-02-24 00:00:00 UTC,374,1198,412328035,1.0975000000000001
2014-02-24 00:00:00 UTC,374,1199,412328035,7.8656944444444443
2014-02-24 00:00:00 UTC,374,1197,412328035,1.0251388888888888
2014-02-24 00:00:00 UTC,374,1192,412326543,17.426944444444445
2014-02-24 00:00:00 UTC,374,151,247148960,4.1415277777777773
2014-02-24 00:00:00 UTC,374,1195,412326566,12.345972222222221
2014-02-24 00:00:00 UTC,374,1198,412323523,10.492638888888887
2014-02-24 00:00:00 UTC,374,-452,224032970,1.533611111111111
2014-02-24 00:00:00 UTC,374,1192,412325841,2.3994444444444447
2014-02-24 00:00:00 UTC,374,-10,224126930,0.87638888888888888
2014-02-24 00:00:00 UTC,374,-8,224126930,0.26805555555555555
2014-02-24 00:00:00 UTC,374,-9,224126930,1.5244444444444443
2014-02-24 00:00:00 UTC,374,1192,412325622,0.48388888888888887
2014-02-24 00:00:00 UTC,630,-222,251529000,0.3825
2014-02-24 00:00:00 UTC,630,-228,251529000,0.31541666666666668
2014-02-24 00:00:00 UTC,630,-225,251529000,1.9984722222222222
2014-02-24 00:00:00 UTC,630,-223,251529000,2.8104166666666668
2014-02-24 00:00:00 UTC,630,-226,251529000,2.0540277777777778
2014-02-24 00:00:00 UTC,630,-221,251529000,0.72458333333333336
2014-02-24 00:00:00 UTC,630,-227,251529000,3.2156944444444449
2014-02-24 00:00:00 UTC,630,-224,251529000,1.4102777777777777
2014-02-24 00:00:00 UTC,630,-249,251102000,9.3505555555555553
2014-02-24 00:00:00 UTC,630,-252,251129000,0.42847222222222225
2014-02-24 00:00:00 UTC,630,-251,251129000,0.29125
2014-02-24 00:00:00 UTC,630,-254,251129000,1.48
2014-02-24 00:00:00 UTC,630,63,259576000,0.93180555555555555
2014-02-24 00:00:00 UTC,630,61,259576000,1.1890277777777776
2014-02-24 00:00:00 UTC,630,64,259576000,0.25
2014-02-24 00:00:00 UTC,630,62,259576000,4.2638888888888893
2014-02-24 00:00:00 UTC,630,-253,251047110,6.3515277777777781
2014-02-24 00:00:00 UTC,630,-250,251047110,0.44944444444444442
2014-02-24 00:00:00 UTC,630,-251,251047110,1.1212499999999999
2014-02-24 00:00:00 UTC,630,-250,251141110,9.3472222222222214
2014-02-24 00:00:00 UTC,630,-249,251141110,0.37486111111111109
2014-02-24 00:00:00 UTC,630,-238,251179000,0.4375
2014-02-24 00:00:00 UTC,630,-242,251179000,0.58027777777777778
2014-02-24 00:00:00 UTC,630,-239,251179000,0.73152777777777778
2014-02-24 00:00:00 UTC,630,-241,251179000,0.64375
2014-02-24 00:00:00 UTC,630,-240,251179000,0.90333333333333332
2014-02-24 00:00:00 UTC,-138,1581,416003089,5.1223611111111111
2014-02-24 00:00:00 UTC,-138,1580,416003089,2.7465277777777777
2014-02-24 00:00:00 UTC,-138,-1339,416002581,6.657916666666666
2014-02-24 00:00:00 UTC,119,-173,247118400,5.6459722222222224
2014-02-24 00:00:00 UTC,119,-1781,431053000,1.7970833333333334
2014-02-24 00:00:00 UTC,119,-1783,431053000,1.9180555555555556
2014-02-24 00:00:00 UTC,375,238,237482000,0.24416666666666664
2014-02-24 00:00:00 UTC,375,-6,224093460,8.9604166666666654
2014-02-24 00:00:00 UTC,375,1194,412326441,0.2738888888888889
2014-02-24 00:00:00 UTC,375,-3,224127540,2.4452777777777781
2014-02-24 00:00:00 UTC,375,-4,224127540,3.378055555555556
2014-02-24 00:00:00 UTC,375,-5,224127540,1.7354166666666668
2014-02-24 00:00:00 UTC,375,1194,412326484,8.6656944444444441
2014-02-24 00:00:00 UTC,375,1194,412326492,8.9420833333333327
2014-02-24 00:00:00 UTC,375,1195,412326506,8.262083333333333
2014-02-24 00:00:00 UTC,375,1194,412326506,1.5930555555555554
2014-02-24 00:00:00 UTC,375,-4,224088940,2.9040277777777774
2014-02-24 00:00:00 UTC,375,-3,224088940,0.43875000000000003
2014-02-24 00:00:00 UTC,375,-5,224088940,1.6508333333333332
2014-02-24 00:00:00 UTC,375,-3,224021630,0.3775
2014-02-24 00:00:00 UTC,375,-4,224021630,3.2444444444444449
2014-02-24 00:00:00 UTC,375,-5,224021630,2.842222222222222
2014-02-24 00:00:00 UTC,375,1195,412327577,14.813333333333333
2014-02-24 00:00:00 UTC,375,1194,800019611,2.9613888888888891
2014-02-24 00:00:00 UTC,375,1193,800019611,1.1288888888888888
2014-02-24 00:00:00 UTC,375,151,247148960,3.7895833333333337
2014-02-24 00:00:00 UTC,375,-7,224089260,5.2344444444444447
2014-02-24 00:00:00 UTC,375,-6,224089260,1.4590277777777778
2014-02-24 00:00:00 UTC,375,1198,412323513,12.852916666666667
2014-02-24 00:00:00 UTC,375,-5,224064450,0.67638888888888893
2014-02-24 00:00:00 UTC,375,-7,224064450,0.48319444444444448
2014-02-24 00:00:00 UTC,375,-6,224064450,4.548055555555556
2014-02-24 00:00:00 UTC,375,-452,224032970,6.3415277777777774
2014-02-24 00:00:00 UTC,375,-456,224032970,1.9934722222222221
2014-02-24 00:00:00 UTC,375,-8,224126930,1.6625
2014-02-24 00:00:00 UTC,375,-7,224126930,3.7118055555555558
2014-02-24 00:00:00 UTC,375,-4,224150760,3.5802777777777779
2014-02-24 00:00:00 UTC,375,-5,224150760,1.7931944444444445
2014-02-24 00:00:00 UTC,375,-9,224084460,1.9765277777777777
2014-02-24 00:00:00 UTC,375,-10,224084460,2.0479166666666666
2014-02-24 00:00:00 UTC,375,-11,224084460,3.5851388888888893
2014-02-24 00:00:00 UTC,631,-229,251529000,3.0780555555555553
2014-02-24 00:00:00 UTC,631,-228,251529000,1.2377777777777779
2014-02-24 00:00:00 UTC,631,-248,251102000,0.53069444444444436
2014-02-24 00:00:00 UTC,631,-250,251062110,1.2430555555555556
2014-02-24 00:00:00 UTC,631,-249,251062110,0.977638888888889
2014-02-24 00:00:00 UTC,631,-248,251062110,0.20347222222222222
2014-02-24 00:00:00 UTC,631,-211,251219110,6.9258333333333333
2014-02-24 00:00:00 UTC,631,-249,251129000,1.1702777777777778
2014-02-24 00:00:00 UTC,631,-253,251129000,1.8651388888888889
2014-02-24 00:00:00 UTC,631,-252,251129000,1.4986111111111111
2014-02-24 00:00:00 UTC,631,-250,251129000,2.009722222222222
2014-02-24 00:00:00 UTC,631,-251,251129000,0.29236111111111107
2014-02-24 00:00:00 UTC,631,-214,251048110,7.1194444444444445
2014-02-24 00:00:00 UTC,631,-205,251427000,6.6431944444444433
2014-02-24 00:00:00 UTC,631,-204,251427000,1.5730555555555554
2014-02-24 00:00:00 UTC,631,64,259576000,0.2583333333333333
2014-02-24 00:00:00 UTC,631,62,259576000,0.49583333333333335
2014-02-24 00:00:00 UTC,631,63,259576000,0.94277777777777771
2014-02-24 00:00:00 UTC,631,-251,251047110,1.8948611111111111
2014-02-24 00:00:00 UTC,631,-249,251047110,0.28805555555555556
2014-02-24 00:00:00 UTC,631,-250,251047110,8.92736111111111
2014-02-24 00:00:00 UTC,631,-254,251047110,1.5222222222222221
2014-02-24 00:00:00 UTC,631,-244,251141110,1.5701388888888888
2014-02-24 00:00:00 UTC,631,-248,251141110,0.24111111111111111
2014-02-24 00:00:00 UTC,631,-250,251141110,0.34263888888888888
2014-02-24 00:00:00 UTC,631,-249,251141110,0.2175
2014-02-24 00:00:00 UTC,631,-253,251141110,8.6455555555555552
2014-02-24 00:00:00 UTC,631,-251,251141110,1.5872222222222221
2014-02-24 00:00:00 UTC,631,-235,251179000,0.83402777777777781
2014-02-24 00:00:00 UTC,631,-237,251179000,0.9258333333333334
2014-02-24 00:00:00 UTC,631,-234,251179000,0.66027777777777774
2014-02-24 00:00:00 UTC,631,-238,251179000,0.41569444444444448
2014-02-24 00:00:00 UTC,631,-236,251179000,0.78791666666666671
2014-02-24 00:00:00 UTC,-393,-559,701000778,0.99972222222222218
2014-02-24 00:00:00 UTC,-393,226,416002655,1.5504166666666666
2014-02-24 00:00:00 UTC,-137,598,533333007,6.6209722222222229
2014-02-24 00:00:00 UTC,-137,1580,416003089,2.6584722222222221
2014-02-24 00:00:00 UTC,-137,1581,416003089,1.3820833333333333
2014-02-24 00:00:00 UTC,-137,1579,416003089,8.2238888888888884
2014-02-24 00:00:00 UTC,120,-173,247118400,1.3501388888888888
2014-02-24 00:00:00 UTC,120,-1785,431053000,2.1779166666666665
2014-02-24 00:00:00 UTC,120,-1784,431053000,2.2918055555555554
2014-02-24 00:00:00 UTC,120,-1782,431053000,1.4593055555555556
2014-02-24 00:00:00 UTC,120,-1470,412440009,5.205972222222222
2014-02-24 00:00:00 UTC,376,1226,231656205,18.804861111111112
2014-02-24 00:00:00 UTC,376,238,237482000,0.80166666666666675
2014-02-24 00:00:00 UTC,376,237,237482000,1.4830555555555556
2014-02-24 00:00:00 UTC,376,236,237482000,1.4486111111111111
2014-02-24 00:00:00 UTC,376,239,237482000,1.5886111111111112
2014-02-24 00:00:00 UTC,376,1194,412326476,9.86138888888889
2014-02-24 00:00:00 UTC,376,-7,224138320,0.92722222222222217
2014-02-24 00:00:00 UTC,376,1194,412326484,6.5868055555555554
2014-02-24 00:00:00 UTC,376,1213,412214368,4.771805555555555
2014-02-24 00:00:00 UTC,376,1194,412326513,10.673333333333332
2014-02-24 00:00:00 UTC,376,1213,900900213,2.165
2014-02-24 00:00:00 UTC,376,1194,412326525,12.849444444444444
2014-02-24 00:00:00 UTC,376,-3,224021630,1.2158333333333333
2014-02-24 00:00:00 UTC,376,1199,900019589,3.179583333333333
2014-02-24 00:00:00 UTC,376,1194,412326544,14.369166666666665
2014-02-24 00:00:00 UTC,376,1194,412326295,20.904305555555556
2014-02-24 00:00:00 UTC,376,1214,412568768,1.3693055555555553
2014-02-24 00:00:00 UTC,376,1213,412568768,3.8798611111111105
2014-02-24 00:00:00 UTC,376,-5,224064450,3.1102777777777781
2014-02-24 00:00:00 UTC,376,1211,412328644,0.6134722222222222
2014-02-24 00:00:00 UTC,376,1213,412213702,1.9716666666666667
2014-02-24 00:00:00 UTC,376,-456,224032970,6.5194444444444439
2014-02-24 00:00:00 UTC,376,-7,224126930,0.42194444444444446
2014-02-24 00:00:00 UTC,376,1213,900900321,8.8006944444444439
2014-02-24 00:00:00 UTC,376,-4,224150760,0.77569444444444446
2014-02-24 00:00:00 UTC,376,-6,224072690,0.70819444444444457
2014-02-24 00:00:00 UTC,376,-92,263412470,3.1477777777777782
2014-02-24 00:00:00 UTC,376,-92,263275000,1.9988888888888887
2014-02-24 00:00:00 UTC,632,-231,251182110,2.3075
2014-02-24 00:00:00 UTC,632,-229,251182110,10.666805555555559
2014-02-24 00:00:00 UTC,632,-230,251182110,6.9933333333333341
2014-02-24 00:00:00 UTC,632,-228,251529000,1.5356944444444443
2014-02-24 00:00:00 UTC,632,-230,251529000,0.7302777777777778
2014-02-24 00:00:00 UTC,632,-229,251529000,4.1827777777777779
2014-02-24 00:00:00 UTC,632,-231,251102000,1.3415277777777779
2014-02-24 00:00:00 UTC,632,-253,251062110,6.3486111111111114
2014-02-24 00:00:00 UTC,632,-252,251062110,1.5068055555555555
2014-02-24 00:00:00 UTC,632,-214,251228000,3.1329166666666666
2014-02-24 00:00:00 UTC,632,-213,251228000,3.0770833333333334
2014-02-24 00:00:00 UTC,632,-215,251228000,3.0998611111111112
2014-02-24 00:00:00 UTC,632,-395,211207270,0.80444444444444441
2014-02-24 00:00:00 UTC,632,-199,251344000,2.8429166666666665
2014-02-24 00:00:00 UTC,632,-202,251344000,0.21861111111111112
2014-02-24 00:00:00 UTC,632,-200,251344000,2.4175
2014-02-24 00:00:00 UTC,632,-201,251344000,1.8259722222222223
2014-02-24 00:00:00 UTC,632,-253,251151000,1.5393055555555555
2014-02-24 00:00:00 UTC,632,-254,251151000,6.3679166666666669
2014-02-24 00:00:00 UTC,632,-202,251219110,0.99263888888888885
2014-02-24 00:00:00 UTC,632,-211,251219110,1.5198611111111111
2014-02-24 00:00:00 UTC,632,-203,251219110,1.42625
2014-02-24 00:00:00 UTC,632,-253,251129000,1.5623611111111111
2014-02-24 00:00:00 UTC,632,-254,251129000,5.6305555555555555
2014-02-24 00:00:00 UTC,632,-215,251048110,1.5540277777777778
2014-02-24 00:00:00 UTC,632,-208,251427000,3.0477777777777777
2014-02-24 00:00:00 UTC,632,-210,251427000,1.5704166666666666
2014-02-24 00:00:00 UTC,632,-207,251427000,6.3722222222222218
2014-02-24 00:00:00 UTC,632,-232,251179000,0.48152777777777778
2014-02-24 00:00:00 UTC,632,-230,251179000,3.8358333333333334
2014-02-24 00:00:00 UTC,632,-229,251179000,6.29625
2014-02-24 00:00:00 UTC,632,-231,251179000,1.2440277777777777
2014-02-24 00:00:00 UTC,-392,1433,503628300,4.5008333333333335
2014-02-24 00:00:00 UTC,-392,-559,701000778,8.3248611111111117
2014-02-24 00:00:00 UTC,-392,226,416002655,3.2326388888888893
2014-02-24 00:00:00 UTC,-392,230,416002655,0.7565277777777778
2014-02-24 00:00:00 UTC,-392,231,416002655,1.3252777777777778
2014-02-24 00:00:00 UTC,-392,232,416002655,6.51013888888889
2014-02-24 00:00:00 UTC,-136,1579,416003089,5.3452777777777776
2014-02-24 00:00:00 UTC,-136,1581,416003089,2.5868055555555558
2014-02-24 00:00:00 UTC,-136,577,416004342,5.8230555555555554
2014-02-24 00:00:00 UTC,121,-1785,431053000,1.9116666666666666
2014-02-24 00:00:00 UTC,121,-1784,431053000,0.897361111111111
2014-02-24 00:00:00 UTC,121,-1788,431053000,2.4094444444444445
2014-02-24 00:00:00 UTC,121,-1789,431053000,4.6398611111111112
2014-02-24 00:00:00 UTC,121,-1787,431053000,2.8163888888888886
2014-02-24 00:00:00 UTC,121,-1786,431053000,1.4891666666666663
2014-02-24 00:00:00 UTC,377,1226,231656205,12.782777777777778
2014-02-24 00:00:00 UTC,377,-7,224015120,0.68861111111111106
2014-02-24 00:00:00 UTC,377,237,237482000,4.0569444444444445
2014-02-24 00:00:00 UTC,377,236,237482000,2.5054166666666671
2014-02-24 00:00:00 UTC,377,1195,412325912,5.626666666666666
2014-02-24 00:00:00 UTC,377,1213,412214368,3.7009722222222226
2014-02-24 00:00:00 UTC,377,-93,263413350,0.45527777777777778
2014-02-24 00:00:00 UTC,377,-7,224020840,0.26722222222222225
2014-02-24 00:00:00 UTC,377,-6,224020840,0.45736111111111111
2014-02-24 00:00:00 UTC,377,1194,412326513,18.37125
2014-02-24 00:00:00 UTC,377,1213,900900213,2.6830555555555557
2014-02-24 00:00:00 UTC,377,1195,412326538,2.7454166666666668
2014-02-24 00:00:00 UTC,377,1194,412326538,14.904305555555556
2014-02-24 00:00:00 UTC,377,1194,800019611,12.058333333333335
2014-02-24 00:00:00 UTC,377,1195,900023203,2.8802777777777777
2014-02-24 00:00:00 UTC,377,1194,412326565,17.368611111111107
2014-02-24 00:00:00 UTC,377,1194,412326574,17.312222222222221
2014-02-24 00:00:00 UTC,377,1212,412328644,0.93611111111111112
2014-02-24 00:00:00 UTC,377,1211,412328644,0.65472222222222221
2014-02-24 00:00:00 UTC,377,1213,412213702,2.6579166666666665
2014-02-24 00:00:00 UTC,377,1213,900900321,3.5258333333333334
2014-02-24 00:00:00 UTC,377,236,237526000,0.275
2014-02-24 00:00:00 UTC,377,235,237526000,0.5838888888888889
2014-02-24 00:00:00 UTC,377,-6,224072690,2.4136111111111114
2014-02-24 00:00:00 UTC,377,-6,224107250,0.43152777777777779
2014-02-24 00:00:00 UTC,377,-7,224107250,0.69958333333333333
2014-02-24 00:00:00 UTC,377,1194,800024307,7.1947222222222216
2014-02-24 00:00:00 UTC,377,-92,263412470,7.2840277777777782
2014-02-24 00:00:00 UTC,377,-92,263275000,7.981111111111109
2014-02-24 00:00:00 UTC,377,1194,562134521,15.407777777777778
2014-02-24 00:00:00 UTC,633,-229,251182110,0.52513888888888882
2014-02-24 00:00:00 UTC,633,-231,251182110,1.5315277777777778
2014-02-24 00:00:00 UTC,633,-230,251182110,0.62458333333333338
2014-02-24 00:00:00 UTC,633,-231,251529000,0.23444444444444446
2014-02-24 00:00:00 UTC,633,-244,251062110,0.50555555555555554
2014-02-24 00:00:00 UTC,633,-221,251228000,2.6386111111111106
2014-02-24 00:00:00 UTC,633,-394,211207270,1.5508333333333333
2014-02-24 00:00:00 UTC,633,-395,211207270,13.498750000000001
2014-02-24 00:00:00 UTC,633,-393,211207270,2.3555555555555552
2014-02-24 00:00:00 UTC,633,-200,251344000,0.69888888888888889
2014-02-24 00:00:00 UTC,633,-198,251344000,2.4319444444444449
2014-02-24 00:00:00 UTC,633,-199,251344000,5.146805555555555
2014-02-24 00:00:00 UTC,633,-192,251013000,1.5088888888888889
2014-02-24 00:00:00 UTC,633,-190,251013000,1.4815277777777778
2014-02-24 00:00:00 UTC,633,-190,251240110,0.47486111111111112
2014-02-24 00:00:00 UTC,633,-191,251240110,2.3283333333333331
2014-02-24 00:00:00 UTC,633,-189,251240110,5.749305555555555
2014-02-24 00:00:00 UTC,633,-209,251048110,1.5238888888888891
2014-02-24 00:00:00 UTC,633,-210,251048110,7.1505555555555551
2014-02-24 00:00:00 UTC,633,-215,251048110,1.5484722222222222
2014-02-24 00:00:00 UTC,633,-229,251179000,0.43361111111111117
2014-02-24 00:00:00 UTC,-391,1432,503628300,12.559166666666668
2014-02-24 00:00:00 UTC,-391,226,416001838,4.4748611111111112
2014-02-24 00:00:00 UTC,-391,234,416001838,6.4216666666666669
2014-02-24 00:00:00 UTC,-135,597,533333007,10.062777777777779
2014-02-24 00:00:00 UTC,-135,577,416004342,0.95013888888888887
2014-02-24 00:00:00 UTC,-135,580,416004342,5.614583333333333
2014-02-24 00:00:00 UTC,-135,578,416004342,3.5366666666666662
2014-02-24 00:00:00 UTC,122,-1469,412440011,4.5669444444444451
2014-02-24 00:00:00 UTC,378,-7,224014850,2.1756944444444444
2014-02-24 00:00:00 UTC,378,-6,224014850,3.5013888888888887
2014-02-24 00:00:00 UTC,378,1193,412325123,0.72625000000000006
2014-02-24 00:00:00 UTC,378,1192,412325123,14.452083333333333
2014-02-24 00:00:00 UTC,378,-7,224191750,1.2086111111111111
2014-02-24 00:00:00 UTC,378,-7,224015120,0.62347222222222221
2014-02-24 00:00:00 UTC,378,1192,900029463,5.1063888888888886
2014-02-24 00:00:00 UTC,378,1193,900029463,10.44125
2014-02-24 00:00:00 UTC,378,-7,224100120,0.64583333333333326
2014-02-24 00:00:00 UTC,378,-7,224057890,0.44388888888888889
2014-02-24 00:00:00 UTC,378,-7,224177460,3.1663888888888891
2014-02-24 00:00:00 UTC,378,-7,224046150,0.43569444444444444
2014-02-24 00:00:00 UTC,378,233,237565000,0.63069444444444445
2014-02-24 00:00:00 UTC,378,232,237565000,5.7808333333333337
2014-02-24 00:00:00 UTC,378,231,237565000,2.3905555555555553
2014-02-24 00:00:00 UTC,378,1194,412326476,4.8433333333333337
2014-02-24 00:00:00 UTC,378,1194,412326477,17.765555555555558
2014-02-24 00:00:00 UTC,378,-7,224138320,2.4195833333333332
2014-02-24 00:00:00 UTC,378,1194,412326484,5.6225
2014-02-24 00:00:00 UTC,378,-6,224177240,0.22263888888888889
2014-02-24 00:00:00 UTC,378,-7,224177240,1.9318055555555556
2014-02-24 00:00:00 UTC,378,-92,263413350,0.2472222222222222
2014-02-24 00:00:00 UTC,378,-7,224020840,1.7722222222222221
2014-02-24 00:00:00 UTC,378,-6,224107670,0.85986111111111119
2014-02-24 00:00:00 UTC,378,-4,224042650,4.3041666666666663
2014-02-24 00:00:00 UTC,378,1195,412326566,0.62166666666666659
2014-02-24 00:00:00 UTC,378,-7,224054950,0.44180555555555556
2014-02-24 00:00:00 UTC,378,-6,224054950,1.8130555555555556
2014-02-24 00:00:00 UTC,378,-6,224219320,0.43305555555555558
2014-02-24 00:00:00 UTC,378,-7,224219320,3.6305555555555555
2014-02-24 00:00:00 UTC,378,-6,224215230,1.731527777777778
2014-02-24 00:00:00 UTC,378,-7,224215230,0.92069444444444448
2014-02-24 00:00:00 UTC,378,1193,412314567,7.4087499999999995
2014-02-24 00:00:00 UTC,378,243,240429000,1.6265277777777778
2014-02-24 00:00:00 UTC,378,242,240429000,0.96888888888888891
2014-02-24 00:00:00 UTC,378,240,240429000,0.94055555555555559
2014-02-24 00:00:00 UTC,378,1221,800031959,2.2004166666666665
2014-02-24 00:00:00 UTC,378,1220,800031959,0.88361111111111112
2014-02-24 00:00:00 UTC,378,-7,224131820,1.1505555555555556
2014-02-24 00:00:00 UTC,378,237,237526000,0.42944444444444441
2014-02-24 00:00:00 UTC,378,236,237526000,7.8691666666666666
2014-02-24 00:00:00 UTC,378,235,237526000,4.5419444444444448
2014-02-24 00:00:00 UTC,378,-6,224072690,3.6451388888888885
2014-02-24 00:00:00 UTC,378,-7,224107250,0.70527777777777789
2014-02-24 00:00:00 UTC,378,-92,263412470,7.3563888888888878
2014-02-24 00:00:00 UTC,378,-92,263275000,7.8179166666666653
2014-02-24 00:00:00 UTC,634,-230,251331110,3.3913888888888888
2014-02-24 00:00:00 UTC,634,-247,251102000,8.7204166666666669
2014-02-24 00:00:00 UTC,634,-242,251062110,1.1036111111111111
2014-02-24 00:00:00 UTC,634,-241,251062110,1.5086111111111111
2014-02-24 00:00:00 UTC,634,-247,251062110,2.2959722222222223
2014-02-24 00:00:00 UTC,634,-220,251228000,0.87569444444444444
2014-02-24 00:00:00 UTC,634,-221,251228000,0.56513888888888886
2014-02-24 00:00:00 UTC,634,-395,211207270,2.25875
2014-02-24 00:00:00 UTC,634,-520,331184000,3.0679166666666666
2014-02-24 00:00:00 UTC,634,-248,251151000,1.5545833333333334
2014-02-24 00:00:00 UTC,634,-199,251259110,0.97930555555555554
2014-02-24 00:00:00 UTC,-390,228,416002566,3.7770833333333336
2014-02-24 00:00:00 UTC,-390,231,416002566,2.348611111111111
2014-02-24 00:00:00 UTC,-390,235,416002566,3.7387499999999996
2014-02-24 00:00:00 UTC,-390,226,416002566,6.4554166666666672
2014-02-24 00:00:00 UTC,-390,234,416002061,11.985416666666667
2014-02-24 00:00:00 UTC,-390,226,416001838,6.6036111111111113
2014-02-24 00:00:00 UTC,-390,1740,512000089,3.8262500000000004
2014-02-24 00:00:00 UTC,-390,1739,512000089,0.70805555555555566
2014-02-24 00:00:00 UTC,-390,1741,512000089,4.6951388888888888
2014-02-24 00:00:00 UTC,-134,580,416004342,4.30875
2014-02-24 00:00:00 UTC,379,-7,224191750,0.91013888888888894
2014-02-24 00:00:00 UTC,379,-6,224191750,0.46777777777777785
2014-02-24 00:00:00 UTC,379,-6,224071980,3.1286111111111117
2014-02-24 00:00:00 UTC,379,-6,224046150,3.4759722222222225
2014-02-24 00:00:00 UTC,379,-7,224046150,0.25027777777777777
2014-02-24 00:00:00 UTC,379,232,237565000,0.54
2014-02-24 00:00:00 UTC,379,-6,224138320,1.2159722222222222
2014-02-24 00:00:00 UTC,379,-6,224177240,1.442361111111111
2014-02-24 00:00:00 UTC,379,-5,224154730,2.9734722222222221
2014-02-24 00:00:00 UTC,379,-6,224107670,1.8279166666666666
2014-02-24 00:00:00 UTC,379,-5,224107670,1.6168055555555556
2014-02-24 00:00:00 UTC,379,245,237615000,1.2545833333333334
2014-02-24 00:00:00 UTC,379,244,237615000,17.505972222222223
2014-02-24 00:00:00 UTC,379,-5,224156570,3.5556944444444456
2014-02-24 00:00:00 UTC,379,-4,224042650,4.16125
2014-02-24 00:00:00 UTC,379,242,240429000,1.5244444444444443
2014-02-24 00:00:00 UTC,379,240,240429000,2.0904166666666666
2014-02-24 00:00:00 UTC,379,241,240429000,1.8023611111111109
2014-02-24 00:00:00 UTC,379,241,240802000,6.2299999999999995
2014-02-24 00:00:00 UTC,379,-5,224092140,1.1741666666666666
2014-02-24 00:00:00 UTC,379,-7,224131820,0.44472222222222224
2014-02-24 00:00:00 UTC,379,236,237526000,0.20833333333333331
2014-02-24 00:00:00 UTC,379,-6,224072690,0.93902777777777779
2014-02-24 00:00:00 UTC,635,-229,251160110,0.2348611111111111
2014-02-24 00:00:00 UTC,635,-233,251160110,2.1018055555555555
2014-02-24 00:00:00 UTC,635,-234,251160110,1.5723611111111111
2014-02-24 00:00:00 UTC,635,-203,251032110,1.7125000000000001
2014-02-24 00:00:00 UTC,635,-204,251032110,1.7220833333333334
2014-02-24 00:00:00 UTC,635,-209,251031110,1.785
2014-02-24 00:00:00 UTC,635,-206,251031110,0.66055555555555556
2014-02-24 00:00:00 UTC,635,-207,251031110,7.7023611111111112
2014-02-24 00:00:00 UTC,635,-261,259474000,2.3022222222222224
2014-02-24 00:00:00 UTC,635,-246,251062110,6.419722222222223
2014-02-24 00:00:00 UTC,635,-521,331184000,4.5115277777777774
2014-02-24 00:00:00 UTC,635,-216,251269000,1.1505555555555556
2014-02-24 00:00:00 UTC,635,-247,251151000,6.3416666666666668
2014-02-24 00:00:00 UTC,-389,235,416002566,6.2851388888888886
2014-02-24 00:00:00 UTC,-389,226,416002566,0.78791666666666671
2014-02-24 00:00:00 UTC,-389,225,416001838,3.7197222222222224
2014-02-24 00:00:00 UTC,-389,227,416002865,9.4673611111111118
2014-02-24 00:00:00 UTC,-389,1742,512000089,4.4443055555555553
2014-02-24 00:00:00 UTC,-389,225,416002655,4.2295833333333333
2014-02-24 00:00:00 UTC,-389,224,416002655,5.7226388888888895
2014-02-24 00:00:00 UTC,124,-1468,412440011,4.4538888888888888
2014-02-24 00:00:00 UTC,380,242,237610000,2.8637500000000005
2014-02-24 00:00:00 UTC,380,241,237610000,2.0416666666666665
2014-02-24 00:00:00 UTC,380,208,237546000,10.556666666666667
2014-02-24 00:00:00 UTC,380,209,237546000,2.9773611111111107
2014-02-24 00:00:00 UTC,380,-5,224027670,1.9720833333333332
2014-02-24 00:00:00 UTC,380,-3,224027670,1.4874999999999998
2014-02-24 00:00:00 UTC,380,-4,224027670,2.5659722222222223
2014-02-24 00:00:00 UTC,380,-6,224249640,3.1265277777777776
2014-02-24 00:00:00 UTC,380,-5,224249640,3.4706944444444439
2014-02-24 00:00:00 UTC,380,-6,224138320,0.49722222222222223
2014-02-24 00:00:00 UTC,380,1210,412324177,3.7941666666666665
2014-02-24 00:00:00 UTC,380,268,271072858,12.387361111111112
2014-02-24 00:00:00 UTC,380,-2,224066650,0.26347222222222222
2014-02-24 00:00:00 UTC,380,-3,224066650,3.6619444444444449
2014-02-24 00:00:00 UTC,380,-1,224066650,3.8694444444444445
2014-02-24 00:00:00 UTC,380,-7,224020840,0.715138888888889
2014-02-24 00:00:00 UTC,380,-5,224154730,0.42333333333333334
2014-02-24 00:00:00 UTC,380,-4,224154730,4.3611111111111107
2014-02-24 00:00:00 UTC,380,-5,224018540,2.0034722222222219
2014-02-24 00:00:00 UTC,380,-6,224018540,2.195
2014-02-24 00:00:00 UTC,380,208,237382000,1.3005555555555555
2014-02-24 00:00:00 UTC,380,-4,224353650,3.050416666666667
2014-02-24 00:00:00 UTC,380,260,237519000,1.8526388888888889
2014-02-24 00:00:00 UTC,380,-4,224027550,0.43708333333333332
2014-02-24 00:00:00 UTC,380,-3,224027550,0.33944444444444444
2014-02-24 00:00:00 UTC,380,212,240120000,10.703194444444444
2014-02-24 00:00:00 UTC,380,1210,412324038,6.949583333333333
2014-02-24 00:00:00 UTC,380,241,240429000,3.3879166666666674
2014-02-24 00:00:00 UTC,380,241,240802000,1.0498611111111111
2014-02-24 00:00:00 UTC,380,242,240802000,0.55722222222222229
2014-02-24 00:00:00 UTC,380,-6,224007640,1.0351388888888888
2014-02-24 00:00:00 UTC,380,-4,224007640,0.65027777777777773
2014-02-24 00:00:00 UTC,380,-5,224007640,7.3083333333333327
2014-02-24 00:00:00 UTC,380,-4,224079840,0.45541666666666664
2014-02-24 00:00:00 UTC,380,-5,224092140,1.09875
2014-02-24 00:00:00 UTC,380,-4,224092140,1.7534722222222223
2014-02-24 00:00:00 UTC,380,-3,224092140,0.9736111111111112
2014-02-24 00:00:00 UTC,636,-225,251140110,2.101805555555555
2014-02-24 00:00:00 UTC,636,-226,251140110,1.4970833333333335
2014-02-24 00:00:00 UTC,636,-224,251835940,1.2455555555555553
2014-02-24 00:00:00 UTC,636,-226,251043110,2.7604166666666665
2014-02-24 00:00:00 UTC,636,-225,251043110,2.3527777777777779
2014-02-24 00:00:00 UTC,636,-227,251043110,2.2938888888888891
2014-02-24 00:00:00 UTC,636,-232,251160110,0.3248611111111111
2014-02-24 00:00:00 UTC,636,-208,251031110,4.3416666666666668
2014-02-24 00:00:00 UTC,636,-261,259474000,3.0754166666666665
2014-02-24 00:00:00 UTC,636,-262,259474000,18.122361111111111
2014-02-24 00:00:00 UTC,636,-225,251723110,0.4575
2014-02-24 00:00:00 UTC,636,-224,251723110,1.0401388888888889
2014-02-24 00:00:00 UTC,636,-225,251764110,0.28694444444444445
2014-02-24 00:00:00 UTC,636,-216,251048110,0.34805555555555556
2014-02-24 00:00:00 UTC,636,-223,251761110,0.21125
2014-02-24 00:00:00 UTC,636,-224,251761110,1.2877777777777779
2014-02-24 00:00:00 UTC,636,-226,251840470,6.521527777777778
2014-02-24 00:00:00 UTC,-388,226,416002566,2.1365277777777778
2014-02-24 00:00:00 UTC,-388,1739,272178000,0.31763888888888892
2014-02-24 00:00:00 UTC,-388,1737,272178000,1.50125
2014-02-24 00:00:00 UTC,-388,1738,272178000,0.83597222222222212
2014-02-24 00:00:00 UTC,-388,224,416002655,0.7384722222222222
2014-02-24 00:00:00 UTC,-388,228,416239800,7.255694444444444
2014-02-24 00:00:00 UTC,-388,229,416239800,3.7108333333333334
2014-02-24 00:00:00 UTC,125,-1467,412440011,3.9863888888888885
2014-02-24 00:00:00 UTC,381,260,237536000,4.9025
2014-02-24 00:00:00 UTC,381,261,237536000,8.063194444444445
2014-02-24 00:00:00 UTC,381,1204,412286208,0.41958333333333336
2014-02-24 00:00:00 UTC,381,1205,412286208,5.0393055555555559
2014-02-24 00:00:00 UTC,381,1205,412286209,11.341666666666667
2014-02-24 00:00:00 UTC,381,1205,412286213,4.9866666666666664
2014-02-24 00:00:00 UTC,381,1204,412286213,1.81
2014-02-24 00:00:00 UTC,381,1205,412286214,6.1215277777777759
2014-02-24 00:00:00 UTC,381,1204,412286214,1.0575
2014-02-24 00:00:00 UTC,381,1204,412286215,0.20583333333333334
2014-02-24 00:00:00 UTC,381,1205,412286215,3.5945833333333335
2014-02-24 00:00:00 UTC,381,1205,412286216,1.1415277777777779
2014-02-24 00:00:00 UTC,381,1206,412286216,0.72027777777777779
2014-02-24 00:00:00 UTC,381,1205,412286478,9.5119444444444454
2014-02-24 00:00:00 UTC,381,261,237802000,4.45125
2014-02-24 00:00:00 UTC,381,209,237546000,3.2763888888888886
2014-02-24 00:00:00 UTC,381,208,237546000,2.2125000000000004
2014-02-24 00:00:00 UTC,381,-2,224006930,11.271388888888888
2014-02-24 00:00:00 UTC,381,1205,412286226,2.11375
2014-02-24 00:00:00 UTC,381,1204,412286226,0.45402777777777781
2014-02-24 00:00:00 UTC,381,1204,412286227,4.0208333333333339
2014-02-24 00:00:00 UTC,381,1205,412286227,7.5799999999999974
2014-02-24 00:00:00 UTC,381,-5,224027670,3.8844444444444446
2014-02-24 00:00:00 UTC,381,-4,224027670,0.47944444444444445
2014-02-24 00:00:00 UTC,381,1205,412286237,0.86055555555555552
2014-02-24 00:00:00 UTC,381,1205,5918,5.5652777777777782
2014-02-24 00:00:00 UTC,381,1204,5918,1.8848611111111109
2014-02-24 00:00:00 UTC,381,215,237108000,1.4954166666666664
2014-02-24 00:00:00 UTC,381,1205,412286243,1.8843055555555557
2014-02-24 00:00:00 UTC,381,1206,412286243,0.40944444444444444
2014-02-24 00:00:00 UTC,381,1205,412286247,2.0804166666666664
2014-02-24 00:00:00 UTC,381,-5,224249640,3.0338888888888884
2014-02-24 00:00:00 UTC,381,-6,224249640,0.86736111111111114
2014-02-24 00:00:00 UTC,381,216,237566000,0.73958333333333326
2014-02-24 00:00:00 UTC,381,215,237566000,1.617361111111111
2014-02-24 00:00:00 UTC,381,1205,412286272,2.7654166666666664
2014-02-24 00:00:00 UTC,381,1206,413324363,5.1269444444444447
2014-02-24 00:00:00 UTC,381,-3,224259150,12.391111111111112
2014-02-24 00:00:00 UTC,381,1212,412324177,1.2841666666666667
2014-02-24 00:00:00 UTC,381,1211,412324177,1.0213888888888889
2014-02-24 00:00:00 UTC,381,1210,412324177,4.5109722222222226
2014-02-24 00:00:00 UTC,381,215,237383000,0.996388888888889
2014-02-24 00:00:00 UTC,381,216,237383000,1.7608333333333333
2014-02-24 00:00:00 UTC,381,261,237809000,1.0043055555555556
2014-02-24 00:00:00 UTC,381,-5,224018540,1.185138888888889
2014-02-24 00:00:00 UTC,381,129,247302510,1.7259722222222225
2014-02-24 00:00:00 UTC,381,127,247302510,0.22944444444444445
2014-02-24 00:00:00 UTC,381,128,247302510,0.10972222222222222
2014-02-24 00:00:00 UTC,381,130,247302510,0.66638888888888892
2014-02-24 00:00:00 UTC,381,208,237382000,2.2130555555555551
2014-02-24 00:00:00 UTC,381,209,237382000,7.45375
2014-02-24 00:00:00 UTC,381,207,237382000,0.64055555555555554
2014-02-24 00:00:00 UTC,381,215,237222000,1.0502777777777779
2014-02-24 00:00:00 UTC,381,1205,900019569,4.5741666666666667
2014-02-24 00:00:00 UTC,381,215,237552000,1.16125
2014-02-24 00:00:00 UTC,381,216,237552000,1.9490277777777778
2014-02-24 00:00:00 UTC,381,210,240314000,3.1259722222222219
2014-02-24 00:00:00 UTC,381,260,237519000,0.99347222222222209
2014-02-24 00:00:00 UTC,381,258,237519000,1.9940277777777777
2014-02-24 00:00:00 UTC,381,261,237519000,1.3736111111111113
2014-02-24 00:00:00 UTC,381,261,240153000,1.8819444444444444
2014-02-24 00:00:00 UTC,381,212,237155000,19.110694444444441
2014-02-24 00:00:00 UTC,381,215,237464000,4.002361111111111
2014-02-24 00:00:00 UTC,381,216,237464000,3.489583333333333
2014-02-24 00:00:00 UTC,381,260,237208000,1.6691666666666667
2014-02-24 00:00:00 UTC,381,261,237208000,12.88763888888889
2014-02-24 00:00:00 UTC,381,211,240120000,9.36625
2014-02-24 00:00:00 UTC,381,-2,224166850,12.075694444444444
2014-02-24 00:00:00 UTC,381,1210,412324038,6.456666666666667
2014-02-24 00:00:00 UTC,381,1216,412677589,1.2329166666666667
2014-02-24 00:00:00 UTC,381,1215,412677589,13.725
2014-02-24 00:00:00 UTC,381,-4,224007640,0.85749999999999993
2014-02-24 00:00:00 UTC,381,-6,224007640,0.94013888888888886
2014-02-24 00:00:00 UTC,381,130,247302360,0.27611111111111108
2014-02-24 00:00:00 UTC,381,-4,224079840,1.2529166666666667
2014-02-24 00:00:00 UTC,381,-3,224079840,1.7472222222222222
2014-02-24 00:00:00 UTC,381,130,247302370,1.6051388888888889
2014-02-24 00:00:00 UTC,381,-2,224092140,1.0568055555555556
2014-02-24 00:00:00 UTC,381,-3,224092140,3.2713888888888882
2014-02-24 00:00:00 UTC,381,263,271008508,5.2454166666666664
2014-02-24 00:00:00 UTC,381,-225,263408380,1.6640277777777777
2014-02-24 00:00:00 UTC,637,-226,251843340,3.8340277777777785
2014-02-24 00:00:00 UTC,637,-227,251843340,4.2923611111111111
2014-02-24 00:00:00 UTC,637,-225,251140110,2.9148611111111116
2014-02-24 00:00:00 UTC,637,-226,251140110,0.50291666666666668
2014-02-24 00:00:00 UTC,637,-224,251140110,0.76055555555555554
2014-02-24 00:00:00 UTC,637,-224,251835940,7.5168055555555542
2014-02-24 00:00:00 UTC,637,-224,251043110,1.6044444444444446
2014-02-24 00:00:00 UTC,637,-225,251043110,0.73097222222222225
2014-02-24 00:00:00 UTC,637,-211,251319110,1.1181944444444445
2014-02-24 00:00:00 UTC,637,-212,251319110,0.647361111111111
2014-02-24 00:00:00 UTC,637,-231,251453000,1.318888888888889
2014-02-24 00:00:00 UTC,637,-230,251453000,1.9179166666666667
2014-02-24 00:00:00 UTC,637,-225,251467110,2.5859722222222223
2014-02-24 00:00:00 UTC,637,-226,251467110,0.22902777777777777
2014-02-24 00:00:00 UTC,637,-225,251723110,0.69986111111111116
2014-02-24 00:00:00 UTC,637,-224,251723110,5.3401388888888883
2014-02-24 00:00:00 UTC,637,-212,251344000,0.66958333333333331
2014-02-24 00:00:00 UTC,637,-220,251269000,0.88597222222222227
2014-02-24 00:00:00 UTC,637,-221,251269000,0.23527777777777781
2014-02-24 00:00:00 UTC,637,-216,251269000,1.0944444444444446
2014-02-24 00:00:00 UTC,637,-219,251269000,0.73069444444444454
2014-02-24 00:00:00 UTC,637,-217,251269000,1.00875
2014-02-24 00:00:00 UTC,637,-212,251269000,1.5319444444444446
2014-02-24 00:00:00 UTC,637,-214,251269000,1.2275
2014-02-24 00:00:00 UTC,637,-218,251269000,0.71777777777777785
2014-02-24 00:00:00 UTC,637,-225,251764110,6.3005555555555564
2014-02-24 00:00:00 UTC,637,-215,251048110,0.72388888888888892
2014-02-24 00:00:00 UTC,637,-216,251048110,1.0679166666666666
2014-02-24 00:00:00 UTC,637,-225,251538110,0.49027777777777781
2014-02-24 00:00:00 UTC,637,-226,251538110,6.2956944444444449
2014-02-24 00:00:00 UTC,637,-227,251222740,3.3816666666666664
2014-02-24 00:00:00 UTC,637,-223,251761110,5.0976388888888895
2014-02-24 00:00:00 UTC,637,-222,251761110,0.21361111111111111
2014-02-24 00:00:00 UTC,637,-224,251761110,1.7941666666666667
2014-02-24 00:00:00 UTC,637,-226,251840470,3.6743055555555557
2014-02-24 00:00:00 UTC,637,-232,251468000,1.3251388888888891
2014-02-24 00:00:00 UTC,-387,228,416002865,11.925
2014-02-24 00:00:00 UTC,-387,227,416002865,5.2340277777777775
2014-02-24 00:00:00 UTC,-387,230,416239800,16.294305555555557
2014-02-24 00:00:00 UTC,-387,1736,512000192,10.087777777777777
2014-02-24 00:00:00 UTC,126,-1466,412440011,7.3790277777777771
2014-02-24 00:00:00 UTC,382,261,237536000,2.544027777777778
2014-02-24 00:00:00 UTC,382,215,240096000,3.9287500000000004
2014-02-24 00:00:00 UTC,382,216,240096000,0.67611111111111111
2014-02-24 00:00:00 UTC,382,214,240096000,3.1755555555555555
2014-02-24 00:00:00 UTC,382,213,240096000,0.61319444444444438
2014-02-24 00:00:00 UTC,382,1205,412286208,9.74402777777778
2014-02-24 00:00:00 UTC,382,1206,412286208,0.66916666666666669
2014-02-24 00:00:00 UTC,382,1204,412286208,4.2095833333333337
2014-02-24 00:00:00 UTC,382,1204,412286209,1.1541666666666666
2014-02-24 00:00:00 UTC,382,1205,412286209,2.0634722222222224
2014-02-24 00:00:00 UTC,382,1206,412286209,7.637777777777778
2014-02-24 00:00:00 UTC,382,1205,412286213,13.311527777777776
2014-02-24 00:00:00 UTC,382,1206,412286213,1.9655555555555555
2014-02-24 00:00:00 UTC,382,1204,412286213,0.86638888888888888
2014-02-24 00:00:00 UTC,382,1206,412286214,6.2845833333333321
2014-02-24 00:00:00 UTC,382,1205,412286214,6.3044444444444441
2014-02-24 00:00:00 UTC,382,1204,412286214,1.2968055555555555
2014-02-24 00:00:00 UTC,382,1206,412286215,0.22430555555555554
2014-02-24 00:00:00 UTC,382,1205,412286215,15.723194444444442
2014-02-24 00:00:00 UTC,382,1205,412286216,14.235138888888892
2014-02-24 00:00:00 UTC,382,1204,412286216,4.2322222222222221
2014-02-24 00:00:00 UTC,382,1216,412666633,19.567361111111111
2014-02-24 00:00:00 UTC,382,1217,412666633,0.99041666666666672
2014-02-24 00:00:00 UTC,382,1205,412286478,9.2656944444444438
2014-02-24 00:00:00 UTC,382,1204,412286478,1.1884722222222224
2014-02-24 00:00:00 UTC,382,261,237802000,1.2840277777777778
2014-02-24 00:00:00 UTC,382,209,237546000,1.7838888888888889
2014-02-24 00:00:00 UTC,382,-1,224006930,0.17472222222222222
2014-02-24 00:00:00 UTC,382,-2,224006930,0.31069444444444444
2014-02-24 00:00:00 UTC,382,1205,412286226,6.9668055555555561
2014-02-24 00:00:00 UTC,382,1204,412286226,7.1959722222222231
2014-02-24 00:00:00 UTC,382,1204,412286227,1.5879166666666666
2014-02-24 00:00:00 UTC,382,1205,412286227,6.3468055555555569
2014-02-24 00:00:00 UTC,382,1206,412286227,0.68138888888888882
2014-02-24 00:00:00 UTC,382,1204,412286233,4.1323611111111118
2014-02-24 00:00:00 UTC,382,1205,412286233,12.850694444444448
2014-02-24 00:00:00 UTC,382,1204,412286237,1.6670833333333335
2014-02-24 00:00:00 UTC,382,1205,412286237,14.54875
2014-02-24 00:00:00 UTC,382,1205,5918,11.582222222222221
2014-02-24 00:00:00 UTC,382,1204,5918,2.1086111111111112
2014-02-24 00:00:00 UTC,382,1412,432564000,0.64250000000000007
2014-02-24 00:00:00 UTC,382,1204,412286241,5.5290277777777783
2014-02-24 00:00:00 UTC,382,1205,412286241,13.355416666666665
2014-02-24 00:00:00 UTC,382,1206,412286242,1.0480555555555555
2014-02-24 00:00:00 UTC,382,1204,412286242,1.3591666666666669
2014-02-24 00:00:00 UTC,382,1205,412286242,19.397916666666664
2014-02-24 00:00:00 UTC,382,1204,412286243,4.0833333333333339
2014-02-24 00:00:00 UTC,382,1206,412286243,2.9148611111111111
2014-02-24 00:00:00 UTC,382,1205,412286243,10.212777777777772
2014-02-24 00:00:00 UTC,382,1205,412286244,10.3675
2014-02-24 00:00:00 UTC,382,1204,412286244,6.2059722222222211
2014-02-24 00:00:00 UTC,382,1204,412286245,10.365
2014-02-24 00:00:00 UTC,382,1205,412286245,5.3888888888888893
2014-02-24 00:00:00 UTC,382,1204,412286247,7.4893055555555543
2014-02-24 00:00:00 UTC,382,1205,412286247,7.1965277777777779
2014-02-24 00:00:00 UTC,382,1204,412286248,12.283055555555553
2014-02-24 00:00:00 UTC,382,1205,412286248,3.3970833333333337
2014-02-24 00:00:00 UTC,382,1212,412214057,18.146527777777781
2014-02-24 00:00:00 UTC,382,221,237438000,0.37680555555555556
2014-02-24 00:00:00 UTC,382,212,237566000,1.8570833333333334
2014-02-24 00:00:00 UTC,382,216,237566000,0.747638888888889
2014-02-24 00:00:00 UTC,382,214,237566000,1.8330555555555557
2014-02-24 00:00:00 UTC,382,213,237566000,1.3722222222222222
2014-02-24 00:00:00 UTC,382,210,237566000,1.9362499999999998
2014-02-24 00:00:00 UTC,382,211,237566000,1.7709722222222224
2014-02-24 00:00:00 UTC,382,209,237566000,0.8616666666666668
2014-02-24 00:00:00 UTC,382,215,237566000,0.60666666666666669
2014-02-24 00:00:00 UTC,382,150,247149630,10.392499999999997
2014-02-24 00:00:00 UTC,382,216,237448000,2.375
2014-02-24 00:00:00 UTC,382,215,237448000,1.4922222222222221
2014-02-24 00:00:00 UTC,382,1205,412286272,11.441944444444442
2014-02-24 00:00:00 UTC,382,1206,412286272,1.5544444444444445
2014-02-24 00:00:00 UTC,382,1204,412286272,3.6861111111111109
2014-02-24 00:00:00 UTC,382,1212,412666689,4.2709722222222215
2014-02-24 00:00:00 UTC,382,1212,412214351,13.937916666666666
2014-02-24 00:00:00 UTC,382,216,237383000,5.9581944444444437
2014-02-24 00:00:00 UTC,382,217,237383000,5.6002777777777775
2014-02-24 00:00:00 UTC,382,1204,412286044,11.866250000000003
2014-02-24 00:00:00 UTC,382,1204,412286049,4.9279166666666674
2014-02-24 00:00:00 UTC,382,1205,412286049,12.077361111111113
2014-02-24 00:00:00 UTC,382,1204,412286051,3.18
2014-02-24 00:00:00 UTC,382,1205,412286051,13.979305555555559
2014-02-24 00:00:00 UTC,382,1206,412286051,0.21944444444444444
2014-02-24 00:00:00 UTC,382,1204,412286052,4.5194444444444448
2014-02-24 00:00:00 UTC,382,1205,412286052,13.941111111111113
2014-02-24 00:00:00 UTC,382,224,237329000,1.0298611111111111
2014-02-24 00:00:00 UTC,382,222,237329000,0.75027777777777782
2014-02-24 00:00:00 UTC,382,223,237329000,0.33486111111111111
2014-02-24 00:00:00 UTC,382,261,237809000,5.0831944444444437
2014-02-24 00:00:00 UTC,382,130,247302510,4.8956944444444446
2014-02-24 00:00:00 UTC,382,131,247302510,0.21944444444444444
2014-02-24 00:00:00 UTC,382,129,247302510,0.25291666666666668
2014-02-24 00:00:00 UTC,382,209,237382000,1.2833333333333334
2014-02-24 00:00:00 UTC,382,207,237382000,2.8113888888888887
2014-02-24 00:00:00 UTC,382,208,237382000,1.252361111111111
2014-02-24 00:00:00 UTC,382,216,237222000,6.4204166666666653
2014-02-24 00:00:00 UTC,382,217,237222000,0.20555555555555555
2014-02-24 00:00:00 UTC,382,215,237222000,3.8879166666666669
2014-02-24 00:00:00 UTC,382,1204,900019569,3.6
2014-02-24 00:00:00 UTC,382,1205,900019569,8.9826388888888875
2014-02-24 00:00:00 UTC,382,1205,900019573,15.82416666666667
2014-02-24 00:00:00 UTC,382,1204,900019573,3.0380555555555562
2014-02-24 00:00:00 UTC,382,1205,412026235,5.1323611111111109
2014-02-24 00:00:00 UTC,382,1204,412026235,0.92611111111111111
2014-02-24 00:00:00 UTC,382,1206,412286078,0.25194444444444442
2014-02-24 00:00:00 UTC,382,1204,412286078,4.1905555555555551
2014-02-24 00:00:00 UTC,382,1205,412286078,14.931944444444442
2014-02-24 00:00:00 UTC,382,215,237552000,4.6336111111111107
2014-02-24 00:00:00 UTC,382,216,237552000,5.1825
2014-02-24 00:00:00 UTC,382,261,237519000,4.358194444444444
2014-02-24 00:00:00 UTC,382,258,237519000,2.5415277777777776
2014-02-24 00:00:00 UTC,382,261,240153000,1.1569444444444446
2014-02-24 00:00:00 UTC,382,1215,412201645,2.1718055555555553
2014-02-24 00:00:00 UTC,382,1214,412201645,13.956666666666671
2014-02-24 00:00:00 UTC,382,1213,412201645,7.9008333333333329
2014-02-24 00:00:00 UTC,382,215,237464000,1.2416666666666667
2014-02-24 00:00:00 UTC,382,214,237464000,9.78125
2014-02-24 00:00:00 UTC,382,216,237464000,0.76208333333333345
2014-02-24 00:00:00 UTC,382,261,237208000,0.8320833333333334
2014-02-24 00:00:00 UTC,382,1205,912041417,14.634583333333332
2014-02-24 00:00:00 UTC,382,1204,912041417,4.4023611111111114
2014-02-24 00:00:00 UTC,382,1213,820040916,19.763888888888889
2014-02-24 00:00:00 UTC,382,1215,412677589,5.8036111111111115
2014-02-24 00:00:00 UTC,382,1216,412677589,1.5705555555555555
2014-02-24 00:00:00 UTC,382,131,247302360,4.8419444444444446
2014-02-24 00:00:00 UTC,382,130,247302360,3.0977777777777775
2014-02-24 00:00:00 UTC,382,262,271072478,1.6169444444444443
2014-02-24 00:00:00 UTC,382,133,247300320,4.3052777777777784
2014-02-24 00:00:00 UTC,382,130,247302370,4.3291666666666666
2014-02-24 00:00:00 UTC,382,131,247302370,3.6719444444444447
2014-02-24 00:00:00 UTC,382,132,247302370,0.96902777777777782
2014-02-24 00:00:00 UTC,382,1204,413705698,6.94513888888889
2014-02-24 00:00:00 UTC,382,1205,413705698,10.656388888888889
2014-02-24 00:00:00 UTC,382,1207,5608,1.9059722222222222
2014-02-24 00:00:00 UTC,382,1205,5608,2.516111111111111
2014-02-24 00:00:00 UTC,382,1206,5608,1.4322222222222223
2014-02-24 00:00:00 UTC,382,1204,5608,0.40402777777777776
2014-02-24 00:00:00 UTC,382,1212,820040938,2.23875
2014-02-24 00:00:00 UTC,382,1218,415786734,12.58375
2014-02-24 00:00:00 UTC,382,1204,412286194,12.738333333333333
2014-02-24 00:00:00 UTC,382,1204,413706484,3.5765277777777778
2014-02-24 00:00:00 UTC,382,1205,413706484,13.721944444444444
2014-02-24 00:00:00 UTC,382,1205,900023030,8.6455555555555552
2014-02-24 00:00:00 UTC,382,1204,900023030,8.15361111111111
2014-02-24 00:00:00 UTC,382,-217,263408380,5.6619444444444449
2014-02-24 00:00:00 UTC,382,-223,263408380,2.2580555555555555
2014-02-24 00:00:00 UTC,382,-221,263408380,1.3911111111111112
2014-02-24 00:00:00 UTC,382,-226,263408380,1.6052777777777778
2014-02-24 00:00:00 UTC,382,-220,263408380,5.4229166666666666
2014-02-24 00:00:00 UTC,382,-225,263408380,1.6127777777777779
2014-02-24 00:00:00 UTC,382,-222,263408380,1.5513888888888889
2014-02-24 00:00:00 UTC,638,-229,251364110,0.48597222222222225
2014-02-24 00:00:00 UTC,638,-255,251330110,6.4461111111111116
2014-02-24 00:00:00 UTC,638,-256,251330110,1.5216666666666667
2014-02-24 00:00:00 UTC,638,-230,251453000,1.6081944444444445
2014-02-24 00:00:00 UTC,638,-212,251030110,0.72805555555555557
2014-02-24 00:00:00 UTC,638,-213,251030110,0.44027777777777777
2014-02-24 00:00:00 UTC,638,-230,251452000,0.83208333333333329
2014-02-24 00:00:00 UTC,638,-225,251467110,1.7398611111111111
2014-02-24 00:00:00 UTC,638,-226,251467110,0.20597222222222222
2014-02-24 00:00:00 UTC,638,-212,251344000,0.21527777777777779
2014-02-24 00:00:00 UTC,638,-213,251344000,0.44930555555555551
2014-02-24 00:00:00 UTC,638,-213,251269000,0.94430555555555551
2014-02-24 00:00:00 UTC,638,-228,251081110,3.6840277777777781
2014-02-24 00:00:00 UTC,638,-229,251081110,0.40986111111111112
2014-02-24 00:00:00 UTC,638,-228,251428000,5.2494444444444444
2014-02-24 00:00:00 UTC,638,-228,251283110,5.1572222222222219
2014-02-24 00:00:00 UTC,638,-229,251283110,0.22097222222222224
2014-02-24 00:00:00 UTC,638,-228,251138740,6.7061111111111105
2014-02-24 00:00:00 UTC,638,-229,251138740,1.4594444444444443
2014-02-24 00:00:00 UTC,638,-228,251037110,2.9548611111111112
2014-02-24 00:00:00 UTC,638,-227,251222740,0.79486111111111124
2014-02-24 00:00:00 UTC,638,-228,251537110,0.52458333333333329
2014-02-24 00:00:00 UTC,638,-229,251468000,3.2781944444444444
2014-02-24 00:00:00 UTC,638,-232,251468000,1.3537499999999998
2014-02-24 00:00:00 UTC,638,-231,251468000,1.8422222222222224
2014-02-24 00:00:00 UTC,638,-228,251468000,5.242222222222221
2014-02-24 00:00:00 UTC,638,-233,251468000,1.9805555555555556
2014-02-24 00:00:00 UTC,638,-225,251301110,0.45097222222222222
2014-02-24 00:00:00 UTC,638,-226,251301110,1.7111111111111108
2014-02-24 00:00:00 UTC,-386,242,416002061,7.0048611111111114
2014-02-24 00:00:00 UTC,-386,228,416002865,6.2544444444444434
2014-02-24 00:00:00 UTC,-386,223,416875000,2.4281944444444443
2014-02-24 00:00:00 UTC,-386,221,416875000,2.37375
2014-02-24 00:00:00 UTC,127,-1471,412440009,2.6627777777777775
2014-02-24 00:00:00 UTC,383,216,240096000,1.1183333333333334
2014-02-24 00:00:00 UTC,383,1179,412286726,1.2190277777777778
2014-02-24 00:00:00 UTC,383,1217,412666633,2.4618055555555554
2014-02-24 00:00:00 UTC,383,1216,412666633,0.98652777777777789
2014-02-24 00:00:00 UTC,383,1412,432564000,0.20916666666666667
2014-02-24 00:00:00 UTC,383,1212,412214057,0.69777777777777783
2014-02-24 00:00:00 UTC,383,220,237438000,6.8633333333333342
2014-02-24 00:00:00 UTC,383,221,237438000,5.0891666666666664
2014-02-24 00:00:00 UTC,383,209,237566000,2.622638888888889
2014-02-24 00:00:00 UTC,383,262,271072319,1.3768055555555556
2014-02-24 00:00:00 UTC,383,216,237448000,1.2025000000000001
2014-02-24 00:00:00 UTC,383,215,237448000,0.4622222222222222
2014-02-24 00:00:00 UTC,383,1212,412666689,4.6143055555555552
2014-02-24 00:00:00 UTC,383,-93,263412560,4.8729166666666668
2014-02-24 00:00:00 UTC,383,157,247131730,0.27736111111111111
2014-02-24 00:00:00 UTC,383,156,247131730,4.5179166666666672
2014-02-24 00:00:00 UTC,383,217,237383000,0.45152777777777775
2014-02-24 00:00:00 UTC,383,216,237383000,3.5620833333333333
2014-02-24 00:00:00 UTC,383,1211,820040807,11.65
2014-02-24 00:00:00 UTC,383,223,237329000,4.0081944444444453
2014-02-24 00:00:00 UTC,383,222,237329000,3.3737499999999994
2014-02-24 00:00:00 UTC,383,224,237329000,2.5270833333333336
2014-02-24 00:00:00 UTC,383,261,237809000,1.1152777777777778
2014-02-24 00:00:00 UTC,383,219,237446000,7.6388888888888893
2014-02-24 00:00:00 UTC,383,220,237446000,0.66569444444444437
2014-02-24 00:00:00 UTC,383,218,237446000,0.40041666666666664
2014-02-24 00:00:00 UTC,383,208,237382000,1.2883333333333333
2014-02-24 00:00:00 UTC,383,216,237222000,2.6398611111111112
2014-02-24 00:00:00 UTC,383,217,237222000,0.22263888888888889
2014-02-24 00:00:00 UTC,383,1214,412205431,3.5337499999999995
2014-02-24 00:00:00 UTC,383,1212,412205431,5.8159722222222223
2014-02-24 00:00:00 UTC,383,1213,412205431,5.0593055555555555
2014-02-24 00:00:00 UTC,383,158,247131770,0.23458333333333334
2014-02-24 00:00:00 UTC,383,157,247119740,1.9809722222222219
2014-02-24 00:00:00 UTC,383,156,247130750,3.3777777777777782
2014-02-24 00:00:00 UTC,383,-94,263269000,3.6009722222222225
2014-02-24 00:00:00 UTC,383,-95,263269000,4.523194444444445
2014-02-24 00:00:00 UTC,383,1208,412323983,1.48625
2014-02-24 00:00:00 UTC,383,1200,412283541,14.327083333333329
2014-02-24 00:00:00 UTC,383,1201,412283541,7.3487500000000008
2014-02-24 00:00:00 UTC,383,257,237519000,1.9708333333333334
2014-02-24 00:00:00 UTC,383,258,237519000,0.25138888888888888
2014-02-24 00:00:00 UTC,383,1214,412201625,3.7600000000000002
2014-02-24 00:00:00 UTC,383,1213,412201625,0.68486111111111114
2014-02-24 00:00:00 UTC,383,1178,412605088,2.2413888888888889
2014-02-24 00:00:00 UTC,383,1178,412605089,10.824027777777781
2014-02-24 00:00:00 UTC,383,1214,412205475,3.3873611111111113
2014-02-24 00:00:00 UTC,383,1213,412205475,5.2223611111111108
2014-02-24 00:00:00 UTC,383,1213,412211366,0.51222222222222225
2014-02-24 00:00:00 UTC,383,1212,412211366,10.025694444444445
2014-02-24 00:00:00 UTC,383,261,240153000,0.26097222222222222
2014-02-24 00:00:00 UTC,383,262,240153000,0.91694444444444456
2014-02-24 00:00:00 UTC,383,1213,412201646,9.5125000000000028
2014-02-24 00:00:00 UTC,383,1214,412201646,6.7022222222222219
2014-02-24 00:00:00 UTC,383,1212,412201646,3.6020833333333333
2014-02-24 00:00:00 UTC,383,1179,412286385,9.8569444444444443
2014-02-24 00:00:00 UTC,383,1214,412201653,6.65375
2014-02-24 00:00:00 UTC,383,1212,412201653,2.6475
2014-02-24 00:00:00 UTC,383,-3,224139450,11.445972222222222
2014-02-24 00:00:00 UTC,383,1178,412325567,15.741944444444444
2014-02-24 00:00:00 UTC,383,219,237453000,8.5087500000000027
2014-02-24 00:00:00 UTC,383,1213,412201679,5.3675
2014-02-24 00:00:00 UTC,383,-94,263500263,0.44847222222222222
2014-02-24 00:00:00 UTC,383,-95,263500263,3.1230555555555553
2014-02-24 00:00:00 UTC,383,1213,412201717,1.2769444444444444
2014-02-24 00:00:00 UTC,383,1214,412201717,4.034583333333333
2014-02-24 00:00:00 UTC,383,262,271072503,23.541805555555555
2014-02-24 00:00:00 UTC,383,-226,263408380,2.5755555555555554
2014-02-24 00:00:00 UTC,639,93,259285000,0.70736111111111111
2014-02-24 00:00:00 UTC,639,-229,251364110,0.23013888888888889
2014-02-24 00:00:00 UTC,639,-228,251364110,4.6993055555555561
2014-02-24 00:00:00 UTC,639,-236,251423000,0.78555555555555556
2014-02-24 00:00:00 UTC,639,-237,251423000,0.81027777777777776
2014-02-24 00:00:00 UTC,639,-235,251423000,7.0919444444444437
2014-02-24 00:00:00 UTC,639,-253,251330110,1.5520833333333333
2014-02-24 00:00:00 UTC,639,-254,251330110,1.5406944444444444
2014-02-24 00:00:00 UTC,639,-255,251330110,1.5234722222222223
2014-02-24 00:00:00 UTC,639,-256,251330110,7.9081944444444447
2014-02-24 00:00:00 UTC,639,-257,251330110,3.0190277777777776
2014-02-24 00:00:00 UTC,639,-231,251453000,0.43472222222222223
2014-02-24 00:00:00 UTC,639,-230,251453000,3.3069444444444445
2014-02-24 00:00:00 UTC,639,-232,251453000,1.3302777777777779
2014-02-24 00:00:00 UTC,639,-230,251452000,8.8797222222222221
2014-02-24 00:00:00 UTC,639,-231,251452000,3.3534722222222224
2014-02-24 00:00:00 UTC,639,-228,251263340,0.76472222222222219
2014-02-24 00:00:00 UTC,639,-229,251263340,8.5391666666666666
2014-02-24 00:00:00 UTC,639,-525,331184000,4.9413888888888886
2014-02-24 00:00:00 UTC,639,-524,331184000,0.475
2014-02-24 00:00:00 UTC,639,-228,251081110,0.4343055555555555
2014-02-24 00:00:00 UTC,639,-228,251428000,3.0890277777777775
2014-02-24 00:00:00 UTC,639,-229,251428000,1.42875
2014-02-24 00:00:00 UTC,639,-229,251537110,2.4320833333333334
2014-02-24 00:00:00 UTC,639,-228,251537110,6.2695833333333324
2014-02-24 00:00:00 UTC,639,-231,251803110,1.1205555555555557
2014-02-24 00:00:00 UTC,639,-233,251803110,0.6316666666666666
2014-02-24 00:00:00 UTC,639,-232,251803110,2.6059722222222224
2014-02-24 00:00:00 UTC,639,-230,251803110,1.7747222222222223
2014-02-24 00:00:00 UTC,-385,243,416002061,5.2708333333333339
2014-02-24 00:00:00 UTC,-385,223,416875000,2.1111111111111112
2014-02-24 00:00:00 UTC,-385,220,416875000,6.8608333333333338
2014-02-24 00:00:00 UTC,-129,-1259,412695550,1.5736111111111108
2014-02-24 00:00:00 UTC,-129,-1261,412695550,4.2420833333333334
2014-02-24 00:00:00 UTC,-129,-1260,412695550,4.6833333333333336
2014-02-24 00:00:00 UTC,-129,-1258,412695550,1.6863888888888887
2014-02-24 00:00:00 UTC,128,-1194,412440237,5.8952777777777783
2014-02-24 00:00:00 UTC,128,-1471,412440009,5.9640277777777779
2014-02-24 00:00:00 UTC,384,1179,412286726,0.42791666666666667
2014-02-24 00:00:00 UTC,384,-96,263317000,1.7508333333333332
2014-02-24 00:00:00 UTC,384,-97,263317000,1.575
2014-02-24 00:00:00 UTC,384,-98,263294000,0.25013888888888891
2014-02-24 00:00:00 UTC,384,-97,263294000,5.1256944444444432
2014-02-24 00:00:00 UTC,384,209,237566000,3.4455555555555559
2014-02-24 00:00:00 UTC,384,1211,100702516,6.250694444444445
2014-02-24 00:00:00 UTC,384,157,247131730,4.8429166666666656
2014-02-24 00:00:00 UTC,384,156,247131730,0.24041666666666667
2014-02-24 00:00:00 UTC,384,1211,100700767,4.0141666666666662
2014-02-24 00:00:00 UTC,384,1199,412286049,0.12944444444444445
2014-02-24 00:00:00 UTC,384,1200,412286049,0.23097222222222222
2014-02-24 00:00:00 UTC,384,1210,100700775,16.096805555555555
2014-02-24 00:00:00 UTC,384,1211,820040807,3.8206944444444439
2014-02-24 00:00:00 UTC,384,261,237809000,6.4543055555555551
2014-02-24 00:00:00 UTC,384,1217,412205417,4.6881944444444441
2014-02-24 00:00:00 UTC,384,1211,820040824,14.897916666666667
2014-02-24 00:00:00 UTC,384,159,247131770,0.50847222222222221
2014-02-24 00:00:00 UTC,384,158,247131770,5.088750000000001
2014-02-24 00:00:00 UTC,384,157,247119740,3.6804166666666669
2014-02-24 00:00:00 UTC,384,158,247119740,1.5818055555555555
2014-02-24 00:00:00 UTC,384,156,247130750,1.8955555555555559
2014-02-24 00:00:00 UTC,384,157,247130750,3.7169444444444442
2014-02-24 00:00:00 UTC,384,158,247130750,0.93791666666666673
2014-02-24 00:00:00 UTC,384,1211,413563786,6.14361111111111
2014-02-24 00:00:00 UTC,384,1209,412201615,0.78708333333333336
2014-02-24 00:00:00 UTC,384,1210,412201615,0.35750000000000004
2014-02-24 00:00:00 UTC,384,1209,412323985,8.2025
2014-02-24 00:00:00 UTC,384,1210,412205457,2.92625
2014-02-24 00:00:00 UTC,384,1212,710080148,5.5695833333333322
2014-02-24 00:00:00 UTC,384,1201,412283541,0.50763888888888886
2014-02-24 00:00:00 UTC,384,1210,800004505,11.817361111111111
2014-02-24 00:00:00 UTC,384,263,240153000,0.66361111111111115
2014-02-24 00:00:00 UTC,384,262,240153000,1.8793055555555556
2014-02-24 00:00:00 UTC,384,1212,412201653,4.7063888888888883
2014-02-24 00:00:00 UTC,384,1211,790701494,1.4894444444444446
2014-02-24 00:00:00 UTC,384,1211,412201689,3.1084722222222223
2014-02-24 00:00:00 UTC,384,1212,820040938,3.8951388888888889
2014-02-24 00:00:00 UTC,384,1212,820040939,16.452916666666667
2014-02-24 00:00:00 UTC,384,1200,412286194,0.74958333333333327
2014-02-24 00:00:00 UTC,384,1213,412201717,4.2870833333333334
2014-02-24 00:00:00 UTC,384,1212,412201717,3.4908333333333337
2014-02-24 00:00:00 UTC,640,93,259285000,1.9568055555555555
2014-02-24 00:00:00 UTC,640,94,259285000,0.22347222222222224
2014-02-24 00:00:00 UTC,640,-228,251271440,5.2133333333333338
2014-02-24 00:00:00 UTC,640,-229,251271440,3.3380555555555551
2014-02-24 00:00:00 UTC,640,-158,251065110,2.2622222222222219
2014-02-24 00:00:00 UTC,640,-157,251065110,1.4375
2014-02-24 00:00:00 UTC,640,-236,251423000,2.4147222222222222
2014-02-24 00:00:00 UTC,640,-237,251423000,1.5570833333333334
2014-02-24 00:00:00 UTC,640,-235,251423000,8.5563888888888879
2014-02-24 00:00:00 UTC,640,-229,251311640,1.4280555555555556
2014-02-24 00:00:00 UTC,640,-160,251438110,10.25958333333333
2014-02-24 00:00:00 UTC,640,-157,251438110,0.25791666666666668
2014-02-24 00:00:00 UTC,640,-228,251473440,2.3941666666666666
2014-02-24 00:00:00 UTC,640,-229,251473440,2.1190277777777777
2014-02-24 00:00:00 UTC,640,-229,251443240,4.8672222222222228
2014-02-24 00:00:00 UTC,640,-228,251808840,0.21208333333333335
2014-02-24 00:00:00 UTC,640,-229,251808840,5.3161111111111108
2014-02-24 00:00:00 UTC,640,-230,251453000,1.9425
2014-02-24 00:00:00 UTC,640,-229,251453000,0.65583333333333327
2014-02-24 00:00:00 UTC,640,-231,251453000,0.22375
2014-02-24 00:00:00 UTC,640,-229,251837770,3.2231944444444443
2014-02-24 00:00:00 UTC,640,-228,251837770,2.3483333333333336
2014-02-24 00:00:00 UTC,640,-229,251539540,0.91583333333333328
2014-02-24 00:00:00 UTC,640,-228,251539540,4.4291666666666663
2014-02-24 00:00:00 UTC,640,-229,251313240,2.318055555555556
2014-02-24 00:00:00 UTC,640,-228,251313240,1.0197222222222222
2014-02-24 00:00:00 UTC,640,-238,251164000,3.5861111111111108
2014-02-24 00:00:00 UTC,640,-237,251164000,2.0555555555555554
2014-02-24 00:00:00 UTC,640,-236,251164000,4.6165277777777778
2014-02-24 00:00:00 UTC,640,-229,251452000,0.42652777777777773
2014-02-24 00:00:00 UTC,640,-230,251452000,4.1751388888888883
2014-02-24 00:00:00 UTC,640,-232,251452000,1.2477777777777779
2014-02-24 00:00:00 UTC,640,-233,251452000,0.49416666666666664
2014-02-24 00:00:00 UTC,640,-231,251452000,1.2419444444444443
2014-02-24 00:00:00 UTC,640,-229,251805540,5.2741666666666669
2014-02-24 00:00:00 UTC,640,-228,251805540,0.21638888888888891
2014-02-24 00:00:00 UTC,640,-230,251531110,2.2505555555555556
2014-02-24 00:00:00 UTC,640,-231,251531110,1.9405555555555556
2014-02-24 00:00:00 UTC,640,-229,251531110,1.3225
2014-02-24 00:00:00 UTC,640,-160,251057000,2.4419444444444443
2014-02-24 00:00:00 UTC,640,-159,251057000,0.22027777777777779
2014-02-24 00:00:00 UTC,640,-161,251057000,0.60430555555555554
2014-02-24 00:00:00 UTC,640,-158,251057000,1.0227777777777778
2014-02-24 00:00:00 UTC,640,-231,251538540,0.56972222222222224
2014-02-24 00:00:00 UTC,640,-230,251538540,9.9427777777777813
2014-02-24 00:00:00 UTC,640,-229,251538540,0.20944444444444443
2014-02-24 00:00:00 UTC,640,-222,251386740,0.7777777777777779
2014-02-24 00:00:00 UTC,640,-229,251386740,0.65472222222222221
2014-02-24 00:00:00 UTC,640,-228,251386740,4.4168055555555554
2014-02-24 00:00:00 UTC,640,-228,251189110,2.7101388888888889
2014-02-24 00:00:00 UTC,640,-229,251189110,3.3013888888888889
2014-02-24 00:00:00 UTC,640,-256,251482000,6.346111111111111
2014-02-24 00:00:00 UTC,640,-255,251482000,2.3358333333333334
2014-02-24 00:00:00 UTC,640,-228,251389340,2.2463888888888892
2014-02-24 00:00:00 UTC,640,-229,251389340,1.2352777777777779
2014-02-24 00:00:00 UTC,640,-228,251493540,1.2202777777777778
2014-02-24 00:00:00 UTC,640,-229,251493540,4.7749999999999995
2014-02-24 00:00:00 UTC,640,-229,251446440,4.7915277777777794
2014-02-24 00:00:00 UTC,640,-228,251446440,0.90736111111111106
2014-02-24 00:00:00 UTC,640,-159,251086000,0.60041666666666671
2014-02-24 00:00:00 UTC,640,-158,251086000,0.29888888888888887
2014-02-24 00:00:00 UTC,640,-160,251086000,1.9993055555555557
2014-02-24 00:00:00 UTC,640,-228,251223740,1.5966666666666667
2014-02-24 00:00:00 UTC,640,-228,251816640,4.1879166666666663
2014-02-24 00:00:00 UTC,640,-229,251816640,2.8355555555555552
2014-02-24 00:00:00 UTC,640,-230,251469000,1.9529166666666664
2014-02-24 00:00:00 UTC,640,-229,251590110,6.058749999999999
2014-02-24 00:00:00 UTC,640,-229,251533540,2.8977777777777773
2014-02-24 00:00:00 UTC,640,-228,251533540,2.6556944444444448
2014-02-24 00:00:00 UTC,640,-231,251803110,4.9345833333333342
2014-02-24 00:00:00 UTC,640,-230,251803110,3.9361111111111118
2014-02-24 00:00:00 UTC,640,-232,251803110,0.20569444444444446
2014-02-24 00:00:00 UTC,640,-229,251739110,1.0498611111111111
2014-02-24 00:00:00 UTC,640,-228,251739110,1.2352777777777777
2014-02-24 00:00:00 UTC,640,-231,251504110,5.1779166666666665
2014-02-24 00:00:00 UTC,640,-232,251504110,0.91708333333333336
2014-02-24 00:00:00 UTC,-384,1741,512000192,5.4708333333333332
2014-02-24 00:00:00 UTC,-384,222,416875000,1.5652777777777778
2014-02-24 00:00:00 UTC,-384,220,416875000,4.8334722222222224
2014-02-24 00:00:00 UTC,-384,221,416875000,5.6859722222222224
2014-02-24 00:00:00 UTC,-384,223,416875000,2.1405555555555553
2014-02-24 00:00:00 UTC,-128,-1261,412695550,5.320555555555555
2014-02-24 00:00:00 UTC,-128,-1256,412695550,2.7847222222222223
2014-02-24 00:00:00 UTC,-128,-1257,412695550,1.2237500000000001
2014-02-24 00:00:00 UTC,129,1735,412420905,5.9140277777777781
2014-02-24 00:00:00 UTC,385,1221,412205571,0.65666666666666673
2014-02-24 00:00:00 UTC,385,1211,412201735,2.4794444444444443
2014-02-24 00:00:00 UTC,385,1209,412201735,10.734027777777776
2014-02-24 00:00:00 UTC,385,1210,412201735,5.6170833333333343
2014-02-24 00:00:00 UTC,385,-97,263317000,1.4261111111111111
2014-02-24 00:00:00 UTC,385,1209,412260877,1.01125
2014-02-24 00:00:00 UTC,385,1210,412201749,3.7772222222222225
2014-02-24 00:00:00 UTC,385,1209,412201749,5.3372222222222234
2014-02-24 00:00:00 UTC,385,1208,412207151,1.4197222222222223
2014-02-24 00:00:00 UTC,385,1209,412207151,13.700416666666666
2014-02-24 00:00:00 UTC,385,-98,263294000,7.1499999999999986
2014-02-24 00:00:00 UTC,385,209,237566000,0.73333333333333328
2014-02-24 00:00:00 UTC,385,1209,412110135,2.3263888888888888
2014-02-24 00:00:00 UTC,385,1210,412110135,1.3522222222222222
2014-02-24 00:00:00 UTC,385,1211,800005444,1.51875
2014-02-24 00:00:00 UTC,385,1210,800005444,9.7131944444444454
2014-02-24 00:00:00 UTC,385,1213,800005444,3.9406944444444445
2014-02-24 00:00:00 UTC,385,1212,800005444,3.2504166666666667
2014-02-24 00:00:00 UTC,385,1209,412201541,5.4423611111111105
2014-02-24 00:00:00 UTC,385,1212,412203082,12.166944444444445
2014-02-24 00:00:00 UTC,385,1210,412203082,2.8288888888888888
2014-02-24 00:00:00 UTC,385,1210,412201299,11.131805555555554
2014-02-24 00:00:00 UTC,385,1211,412201299,1.6797222222222221
2014-02-24 00:00:00 UTC,385,1212,412201299,4.1448611111111111
2014-02-24 00:00:00 UTC,385,1209,412201299,1.0851388888888889
2014-02-24 00:00:00 UTC,385,1210,412204127,6.7063888888888883
2014-02-24 00:00:00 UTC,385,1209,412204127,2.9709722222222221
2014-02-24 00:00:00 UTC,385,1210,110705761,0.73555555555555552
2014-02-24 00:00:00 UTC,385,1209,110705761,5.8133333333333335
2014-02-24 00:00:00 UTC,385,1211,110705761,0.29375
2014-02-24 00:00:00 UTC,385,1210,412705898,0.98666666666666658
2014-02-24 00:00:00 UTC,385,1209,412705898,6.0254166666666666
2014-02-24 00:00:00 UTC,385,1211,820040824,3.6158333333333337
2014-02-24 00:00:00 UTC,385,159,247131770,2.2209722222222221
2014-02-24 00:00:00 UTC,385,158,247131770,1.8361111111111112
2014-02-24 00:00:00 UTC,385,158,247119740,1.2943055555555554
2014-02-24 00:00:00 UTC,385,157,247119740,0.375
2014-02-24 00:00:00 UTC,385,1210,412201608,5.4302777777777775
2014-02-24 00:00:00 UTC,385,1209,412201608,6.620555555555554
2014-02-24 00:00:00 UTC,385,1211,413563786,2.0311111111111111
2014-02-24 00:00:00 UTC,385,1210,110706317,0.63944444444444437
2014-02-24 00:00:00 UTC,385,1209,412201615,4.6894444444444447
2014-02-24 00:00:00 UTC,385,1208,412201615,2.4270833333333335
2014-02-24 00:00:00 UTC,385,1209,412251025,7.1443055555555555
2014-02-24 00:00:00 UTC,385,1209,412205457,6.6255555555555574
2014-02-24 00:00:00 UTC,385,1210,412411027,1.0779166666666669
2014-02-24 00:00:00 UTC,385,1212,710080148,3.1627777777777779
2014-02-24 00:00:00 UTC,385,1210,412201625,4.2775
2014-02-24 00:00:00 UTC,385,1209,412201625,2.1816666666666666
2014-02-24 00:00:00 UTC,385,1209,412201121,8.1895833333333314
2014-02-24 00:00:00 UTC,385,1210,412201121,2.4926388888888891
2014-02-24 00:00:00 UTC,385,1209,412201635,8.5840277777777754
2014-02-24 00:00:00 UTC,385,1210,412201635,3.1275
2014-02-24 00:00:00 UTC,385,263,240153000,11.235
2014-02-24 00:00:00 UTC,385,1209,412201653,4.07875
2014-02-24 00:00:00 UTC,385,1213,412201658,3.4324999999999997
2014-02-24 00:00:00 UTC,385,-99,263341000,6.2297222222222226
2014-02-24 00:00:00 UTC,385,1234,412768979,17.416388888888889
2014-02-24 00:00:00 UTC,385,1210,412322003,7.3248611111111108
2014-02-24 00:00:00 UTC,385,1209,412322003,6.2344444444444438
2014-02-24 00:00:00 UTC,385,1211,412026581,0.87430555555555556
2014-02-24 00:00:00 UTC,385,1210,412026581,6.346111111111111
2014-02-24 00:00:00 UTC,385,1209,412026581,4.9243055555555557
2014-02-24 00:00:00 UTC,385,1208,412201689,1.931111111111111
2014-02-24 00:00:00 UTC,385,1210,412201689,2.70125
2014-02-24 00:00:00 UTC,385,1209,412201689,4.2002777777777771
2014-02-24 00:00:00 UTC,385,1213,110705896,4.2098611111111115
2014-02-24 00:00:00 UTC,385,1210,110705896,5.2119444444444447
2014-02-24 00:00:00 UTC,385,1211,110705896,2.0805555555555557
2014-02-24 00:00:00 UTC,385,1212,110705896,3.1040277777777776
2014-02-24 00:00:00 UTC,385,1212,820040938,3.5165277777777781
2014-02-24 00:00:00 UTC,385,1212,820040939,0.57138888888888884
2014-02-24 00:00:00 UTC,385,1177,412286195,0.22194444444444444
2014-02-24 00:00:00 UTC,385,1209,412203253,4.9630555555555551
2014-02-24 00:00:00 UTC,385,1210,412075256,0.90791666666666671
2014-02-24 00:00:00 UTC,385,1209,412075256,12.026944444444444
2014-02-24 00:00:00 UTC,385,263,271008508,0.47972222222222222
2014-02-24 00:00:00 UTC,641,-228,251588110,5.7343055555555562
2014-02-24 00:00:00 UTC,641,-227,251321110,3.7519444444444439
2014-02-24 00:00:00 UTC,641,-228,251321110,5.2506944444444441
2014-02-24 00:00:00 UTC,641,-158,251065110,0.94708333333333339
2014-02-24 00:00:00 UTC,641,-158,251438110,0.51402777777777775
2014-02-24 00:00:00 UTC,641,-229,251383110,1.0254166666666666
2014-02-24 00:00:00 UTC,641,-228,251383110,4.5401388888888894
2014-02-24 00:00:00 UTC,641,-236,251164000,0.64680555555555552
2014-02-24 00:00:00 UTC,641,-237,251164000,0.73541666666666661
2014-02-24 00:00:00 UTC,641,-231,251531110,0.97263888888888894
2014-02-24 00:00:00 UTC,641,-232,251531110,4.4418055555555558
2014-02-24 00:00:00 UTC,641,-159,251057000,0.2286111111111111
2014-02-24 00:00:00 UTC,641,-158,251057000,1.1006944444444444
2014-02-24 00:00:00 UTC,641,-157,251057000,1.2572222222222222
2014-02-24 00:00:00 UTC,641,-160,251057000,4.0102777777777776
2014-02-24 00:00:00 UTC,641,-228,251230110,5.3275000000000015
2014-02-24 00:00:00 UTC,641,-229,251230110,3.4058333333333337
2014-02-24 00:00:00 UTC,641,-556,331428000,3.8948611111111111
2014-02-24 00:00:00 UTC,641,-160,251086000,4.8837500000000009
2014-02-24 00:00:00 UTC,641,-159,251086000,3.1670833333333333
2014-02-24 00:00:00 UTC,641,-228,251011000,2.3761111111111108
2014-02-24 00:00:00 UTC,641,-232,251504110,2.6981944444444443
2014-02-24 00:00:00 UTC,641,-231,251504110,4.2069444444444439
2014-02-24 00:00:00 UTC,-383,1742,512000192,1.4538888888888888
2014-02-24 00:00:00 UTC,-127,-1256,412695550,1.8568055555555554
2014-02-24 00:00:00 UTC,-127,-1255,412695550,2.8683333333333336
2014-02-24 00:00:00 UTC,130,-1470,412440009,2.1080555555555556
2014-02-24 00:00:00 UTC,130,-1471,412440009,3.62875
2014-02-24 00:00:00 UTC,386,1221,412205571,20.080833333333331
2014-02-24 00:00:00 UTC,386,1208,412201735,3.3763888888888891
2014-02-24 00:00:00 UTC,386,1209,412201735,1.4363888888888887
2014-02-24 00:00:00 UTC,386,-97,263317000,0.80402777777777779
2014-02-24 00:00:00 UTC,386,-98,263317000,1.5720833333333333
2014-02-24 00:00:00 UTC,386,1208,412260877,3.5518055555555552
2014-02-24 00:00:00 UTC,386,1209,412260877,2.8002777777777776
2014-02-24 00:00:00 UTC,386,1209,412201749,2.08625
2014-02-24 00:00:00 UTC,386,1208,412201749,7.7255555555555535
2014-02-24 00:00:00 UTC,386,1185,412326166,3.2879166666666668
2014-02-24 00:00:00 UTC,386,1208,412207151,4.0472222222222225
2014-02-24 00:00:00 UTC,386,1210,412207151,0.30694444444444446
2014-02-24 00:00:00 UTC,386,1209,412207151,2.4176388888888889
2014-02-24 00:00:00 UTC,386,1209,412110135,1.3279166666666669
2014-02-24 00:00:00 UTC,386,1208,412110135,1.9247222222222222
2014-02-24 00:00:00 UTC,386,1213,800005444,0.34958333333333336
2014-02-24 00:00:00 UTC,386,1212,800005444,0.29055555555555557
2014-02-24 00:00:00 UTC,386,1208,412201541,10.89125
2014-02-24 00:00:00 UTC,386,1209,412201541,1.2908333333333333
2014-02-24 00:00:00 UTC,386,1220,412202567,1.7277777777777779
2014-02-24 00:00:00 UTC,386,1221,412202567,6.524861111111111
2014-02-24 00:00:00 UTC,386,1209,412203082,1.1669444444444443
2014-02-24 00:00:00 UTC,386,1210,412203082,0.55083333333333329
2014-02-24 00:00:00 UTC,386,1183,412326226,22.848888888888894
2014-02-24 00:00:00 UTC,386,1210,412201306,0.18541666666666667
2014-02-24 00:00:00 UTC,386,1209,9103962,16.992916666666666
2014-02-24 00:00:00 UTC,386,1227,412214365,1.0168055555555555
2014-02-24 00:00:00 UTC,386,1225,412214365,0.60777777777777775
2014-02-24 00:00:00 UTC,386,1209,412204127,10.451666666666666
2014-02-24 00:00:00 UTC,386,1208,412204127,4.0566666666666666
2014-02-24 00:00:00 UTC,386,1208,110705761,3.7079166666666667
2014-02-24 00:00:00 UTC,386,1209,110705761,4.2394444444444446
2014-02-24 00:00:00 UTC,386,1211,110705761,0.28555555555555556
2014-02-24 00:00:00 UTC,386,1209,412201571,3.0413888888888887
2014-02-24 00:00:00 UTC,386,1208,412201571,1.3179166666666666
2014-02-24 00:00:00 UTC,386,1210,412201571,0.23361111111111113
2014-02-24 00:00:00 UTC,386,1221,412205417,13.923194444444446
2014-02-24 00:00:00 UTC,386,1208,412705898,5.1097222222222216
2014-02-24 00:00:00 UTC,386,1209,412705898,2.5095833333333339
2014-02-24 00:00:00 UTC,386,1221,412205422,25.108194444444443
2014-02-24 00:00:00 UTC,386,1209,412201587,5.8968055555555559
2014-02-24 00:00:00 UTC,386,1210,412201587,7.5649999999999995
2014-02-24 00:00:00 UTC,386,1184,412326272,11.03638888888889
2014-02-24 00:00:00 UTC,386,1209,412201608,4.3822222222222234
2014-02-24 00:00:00 UTC,386,1208,412201608,4.5683333333333325
2014-02-24 00:00:00 UTC,386,1183,412326282,23.10125
2014-02-24 00:00:00 UTC,386,1209,110706317,2.1133333333333333
2014-02-24 00:00:00 UTC,386,1210,110706317,0.7844444444444445
2014-02-24 00:00:00 UTC,386,1208,412201615,7.1054166666666667
2014-02-24 00:00:00 UTC,386,1208,412251025,7.3066666666666675
2014-02-24 00:00:00 UTC,386,1209,412251025,10.13125
2014-02-24 00:00:00 UTC,386,1183,412286098,1.4519444444444445
2014-02-24 00:00:00 UTC,386,1210,412411027,1.0055555555555555
2014-02-24 00:00:00 UTC,386,1209,412411027,7.4684722222222231
2014-02-24 00:00:00 UTC,386,1209,412201121,2.4408333333333334
2014-02-24 00:00:00 UTC,386,1208,412201121,6.3497222222222218
2014-02-24 00:00:00 UTC,386,1208,412201635,5.0756944444444452
2014-02-24 00:00:00 UTC,386,1209,412201635,2.5013888888888887
2014-02-24 00:00:00 UTC,386,1209,412130725,2.1644444444444444
2014-02-24 00:00:00 UTC,386,1210,412130725,2.5194444444444448
2014-02-24 00:00:00 UTC,386,1183,412286377,19.660972222222224
2014-02-24 00:00:00 UTC,386,1209,412201653,0.53347222222222213
2014-02-24 00:00:00 UTC,386,1213,412201658,0.86972222222222229
2014-02-24 00:00:00 UTC,386,1221,412205499,20.996250000000003
2014-02-24 00:00:00 UTC,386,1208,412200388,9.16138888888889
2014-02-24 00:00:00 UTC,386,1208,412204742,3.7880555555555557
2014-02-24 00:00:00 UTC,386,1209,412204742,9.3054166666666642
2014-02-24 00:00:00 UTC,386,-99,263341000,4.5209722222222215
2014-02-24 00:00:00 UTC,386,1208,412322003,3.4474999999999993
2014-02-24 00:00:00 UTC,386,1209,412322003,2.9374999999999996
2014-02-24 00:00:00 UTC,386,1209,412026581,8.6552777777777763
2014-02-24 00:00:00 UTC,386,1208,412026581,3.1937500000000005
2014-02-24 00:00:00 UTC,386,1209,412201689,3.9315277777777782
2014-02-24 00:00:00 UTC,386,1177,412286195,0.20986111111111111
2014-02-24 00:00:00 UTC,386,1208,412203253,3.4858333333333325
2014-02-24 00:00:00 UTC,386,1209,412203253,4.3752777777777778
2014-02-24 00:00:00 UTC,386,1209,412075256,2.7409722222222221
2014-02-24 00:00:00 UTC,386,1210,412075256,0.26236111111111104
2014-02-24 00:00:00 UTC,386,1211,412075256,0.37472222222222218
2014-02-24 00:00:00 UTC,386,1208,412075256,2.2504166666666667
2014-02-24 00:00:00 UTC,642,-222,251833110,1.1355555555555557
2014-02-24 00:00:00 UTC,642,-222,251346240,0.31680555555555556
2014-02-24 00:00:00 UTC,642,-222,251396440,1.7898611111111111
2014-02-24 00:00:00 UTC,642,-236,251164000,9.6454166666666659
2014-02-24 00:00:00 UTC,642,-257,251482000,2.2845833333333334
2014-02-24 00:00:00 UTC,642,-256,251482000,6.3681944444444438
2014-02-24 00:00:00 UTC,642,-219,251363740,0.24958333333333332
2014-02-24 00:00:00 UTC,642,-220,251363740,1.1116666666666668
2014-02-24 00:00:00 UTC,642,-222,251166110,1.3145833333333334
2014-02-24 00:00:00 UTC,642,-223,251166110,4.483888888888889
2014-02-24 00:00:00 UTC,642,-556,331428000,3.7972222222222221
2014-02-24 00:00:00 UTC,642,-557,331428000,1.55
2014-02-24 00:00:00 UTC,642,-222,251581110,0.48319444444444448
2014-02-24 00:00:00 UTC,642,80,259106000,0.20805555555555555
2014-02-24 00:00:00 UTC,642,-223,251386840,5.8313888888888883
2014-02-24 00:00:00 UTC,-382,-742,725000970,2.8195833333333331
2014-02-24 00:00:00 UTC,-382,1741,512000192,0.28763888888888889
2014-02-24 00:00:00 UTC,131,-1036,412440238,22.48041666666667
2014-02-24 00:00:00 UTC,387,231,237045000,14.769861111111112
2014-02-24 00:00:00 UTC,387,230,237045000,1.5401388888888889
2014-02-24 00:00:00 UTC,387,-99,263317000,3.21875
2014-02-24 00:00:00 UTC,387,1185,412326166,14.601111111111113
2014-02-24 00:00:00 UTC,387,1176,412068888,8.2090277777777789
2014-02-24 00:00:00 UTC,387,1227,412205092,4.974444444444444
2014-02-24 00:00:00 UTC,387,1176,412300343,19.486944444444443
2014-02-24 00:00:00 UTC,387,1213,800005444,1.7968055555555555
2014-02-24 00:00:00 UTC,387,1183,412326226,1.6616666666666668
2014-02-24 00:00:00 UTC,387,1209,412201306,3.4748611111111112
2014-02-24 00:00:00 UTC,387,1210,412201306,0.17125
2014-02-24 00:00:00 UTC,387,1208,110705761,0.54527777777777775
2014-02-24 00:00:00 UTC,387,1209,412201571,9.3297222222222214
2014-02-24 00:00:00 UTC,387,263,271069031,0.12875
2014-02-24 00:00:00 UTC,387,263,271069035,5.1043055555555554
2014-02-24 00:00:00 UTC,387,264,271069035,3.7766666666666668
2014-02-24 00:00:00 UTC,387,1208,412201587,1.5005555555555556
2014-02-24 00:00:00 UTC,387,1209,412201587,9.62027777777778
2014-02-24 00:00:00 UTC,387,1184,412326272,3.9997222222222222
2014-02-24 00:00:00 UTC,387,1179,412283521,3.7498611111111106
2014-02-24 00:00:00 UTC,387,1179,412283528,6.2577777777777781
2014-02-24 00:00:00 UTC,387,1183,412326282,1.1159722222222221
2014-02-24 00:00:00 UTC,387,161,247130250,0.36527777777777776
2014-02-24 00:00:00 UTC,387,1184,412286098,1.1952777777777777
2014-02-24 00:00:00 UTC,387,1209,412411027,8.47861111111111
2014-02-24 00:00:00 UTC,387,1208,412411027,6.2713888888888887
2014-02-24 00:00:00 UTC,387,1208,412201635,1.1916666666666667
2014-02-24 00:00:00 UTC,387,1209,412130725,2.0613888888888887
2014-02-24 00:00:00 UTC,387,1210,412251047,5.4833333333333334
2014-02-24 00:00:00 UTC,387,1183,412286377,2.4386111111111113
2014-02-24 00:00:00 UTC,387,1226,412203435,3.2706944444444446
2014-02-24 00:00:00 UTC,387,1226,412203441,3.9897222222222224
2014-02-24 00:00:00 UTC,387,1226,412203442,2.8375
2014-02-24 00:00:00 UTC,387,1226,412203447,5.8786111111111108
2014-02-24 00:00:00 UTC,387,230,240099000,7.7590277777777779
2014-02-24 00:00:00 UTC,387,231,240099000,6.3601388888888888
2014-02-24 00:00:00 UTC,387,232,240099000,9.4831944444444431
2014-02-24 00:00:00 UTC,387,161,247131320,0.3223611111111111
2014-02-24 00:00:00 UTC,387,1208,412204742,1.69
2014-02-24 00:00:00 UTC,387,1217,412204487,0.55847222222222226
2014-02-24 00:00:00 UTC,387,1208,412203253,2.06625
2014-02-24 00:00:00 UTC,387,-101,204267000,3.6020833333333333
2014-02-24 00:00:00 UTC,387,-102,204267000,6.6402777777777775
2014-02-24 00:00:00 UTC,643,-222,251833110,3.6784722222222226
2014-02-24 00:00:00 UTC,643,-222,251346240,4.4669444444444446
2014-02-24 00:00:00 UTC,643,-224,251073110,10.209027777777779
2014-02-24 00:00:00 UTC,643,-222,251396440,2.6738888888888885
2014-02-24 00:00:00 UTC,643,-235,251164000,1.3495833333333334
2014-02-24 00:00:00 UTC,643,-222,251444340,4.1351388888888891
2014-02-24 00:00:00 UTC,643,-218,251363740,1.5265277777777779
2014-02-24 00:00:00 UTC,643,-219,251363740,3.5301388888888883
2014-02-24 00:00:00 UTC,643,-222,251166110,0.49652777777777779
2014-02-24 00:00:00 UTC,643,-557,331428000,7.1930555555555555
2014-02-24 00:00:00 UTC,643,-222,251352240,0.20708333333333334
2014-02-24 00:00:00 UTC,643,-256,251203000,7.1205555555555557
2014-02-24 00:00:00 UTC,643,81,259106000,0.64930555555555558
2014-02-24 00:00:00 UTC,-381,-741,725000970,1.6568055555555556
2014-02-24 00:00:00 UTC,-381,1741,512000192,1.2958333333333334
2014-02-24 00:00:00 UTC,-125,-1273,412695640,4.3170833333333327
2014-02-24 00:00:00 UTC,-125,-1070,431022000,1.8330555555555557
2014-02-24 00:00:00 UTC,132,1591,416002643,1.6708333333333334
2014-02-24 00:00:00 UTC,132,-1470,412440009,4.1045833333333333
2014-02-24 00:00:00 UTC,388,1231,412202752,12.529722222222222
2014-02-24 00:00:00 UTC,388,230,237045000,3.2874999999999996
2014-02-24 00:00:00 UTC,388,1181,412326169,1.7344444444444442
2014-02-24 00:00:00 UTC,388,1181,412326172,1.7218055555555556
2014-02-24 00:00:00 UTC,388,1217,412203048,3.3173611111111114
2014-02-24 00:00:00 UTC,388,1216,412203048,3.064027777777778
2014-02-24 00:00:00 UTC,388,1176,412300343,3.8400000000000003
2014-02-24 00:00:00 UTC,388,90,247151940,1.5405555555555557
2014-02-24 00:00:00 UTC,388,1221,412202567,9.5280555555555537
2014-02-24 00:00:00 UTC,388,264,237586000,1.3459722222222221
2014-02-24 00:00:00 UTC,388,265,237586000,1.086111111111111
2014-02-24 00:00:00 UTC,388,263,237586000,0.47236111111111112
2014-02-24 00:00:00 UTC,388,1207,412203618,10.296527777777779
2014-02-24 00:00:00 UTC,388,18,224124260,0.9720833333333333
2014-02-24 00:00:00 UTC,388,1177,200583782,3.1316666666666668
2014-02-24 00:00:00 UTC,388,263,271069031,5.1456944444444446
2014-02-24 00:00:00 UTC,388,265,271069031,0.77847222222222223
2014-02-24 00:00:00 UTC,388,264,271069031,5.7118055555555554
2014-02-24 00:00:00 UTC,388,264,271069032,5.5065277777777784
2014-02-24 00:00:00 UTC,388,263,271069032,5.6302777777777768
2014-02-24 00:00:00 UTC,388,259,271069034,8.3451388888888882
2014-02-24 00:00:00 UTC,388,264,271069035,2.2586111111111111
2014-02-24 00:00:00 UTC,388,263,271069035,1.314027777777778
2014-02-24 00:00:00 UTC,388,1221,412205419,21.108888888888885
2014-02-24 00:00:00 UTC,388,1179,412884089,0.83083333333333331
2014-02-24 00:00:00 UTC,388,161,247130250,2.1023611111111111
2014-02-24 00:00:00 UTC,388,159,247130250,2.4608333333333334
2014-02-24 00:00:00 UTC,388,1177,412605097,0.21250000000000002
2014-02-24 00:00:00 UTC,388,1176,412605097,3.6477777777777778
2014-02-24 00:00:00 UTC,388,-103,263403690,0.4276388888888889
2014-02-24 00:00:00 UTC,388,1191,412010166,12.922222222222222
2014-02-24 00:00:00 UTC,388,161,247131320,2.286111111111111
2014-02-24 00:00:00 UTC,388,87,247151290,0.10305555555555555
2014-02-24 00:00:00 UTC,388,88,247151290,10.760416666666666
2014-02-24 00:00:00 UTC,388,1179,412659386,0.88930555555555557
2014-02-24 00:00:00 UTC,388,1176,123589,3.195416666666667
2014-02-24 00:00:00 UTC,388,161,247130320,1.9069444444444446
2014-02-24 00:00:00 UTC,388,159,247130320,2.8797222222222221
2014-02-24 00:00:00 UTC,644,85,258057000,1.2769444444444444
2014-02-24 00:00:00 UTC,644,83,257271600,0.24916666666666668
2014-02-24 00:00:00 UTC,644,87,258984000,2.79625
2014-02-24 00:00:00 UTC,644,85,258984000,0.63263888888888886
2014-02-24 00:00:00 UTC,644,86,258984000,1.764861111111111
2014-02-24 00:00:00 UTC,644,84,258984000,1.3819444444444446
2014-02-24 00:00:00 UTC,644,88,258984000,1.3255555555555554
2014-02-24 00:00:00 UTC,644,83,258984000,1.0686111111111112
2014-02-24 00:00:00 UTC,644,-246,251136110,2.0108333333333333
2014-02-24 00:00:00 UTC,644,-245,251136110,0.68763888888888891
2014-02-24 00:00:00 UTC,644,-247,251136110,0.30722222222222223
2014-02-24 00:00:00 UTC,644,87,258874000,1.17625
2014-02-24 00:00:00 UTC,644,86,258874000,1.3530555555555557
2014-02-24 00:00:00 UTC,644,88,258874000,0.89055555555555554
2014-02-24 00:00:00 UTC,644,86,258778000,0.70819444444444446
2014-02-24 00:00:00 UTC,644,-557,331428000,8.619305555555556
2014-02-24 00:00:00 UTC,644,-222,251352240,5.9658333333333333
2014-02-24 00:00:00 UTC,644,-261,251203000,7.1359722222222226
2014-02-24 00:00:00 UTC,644,-260,251203000,1.5166666666666666
2014-02-24 00:00:00 UTC,644,-256,251203000,1.5763888888888888
2014-02-24 00:00:00 UTC,644,-257,251203000,2.3180555555555555
2014-02-24 00:00:00 UTC,644,87,257656000,1.2986111111111109
2014-02-24 00:00:00 UTC,644,88,257656000,0.22749999999999998
2014-02-24 00:00:00 UTC,644,86,257656000,1.34
2014-02-24 00:00:00 UTC,644,83,259576000,0.29458333333333331
2014-02-24 00:00:00 UTC,644,84,259576000,0.99083333333333334
2014-02-24 00:00:00 UTC,644,84,259106000,0.67527777777777787
2014-02-24 00:00:00 UTC,644,86,259106000,0.26416666666666666
2014-02-24 00:00:00 UTC,644,85,259106000,0.92402777777777778
2014-02-24 00:00:00 UTC,644,82,259106000,0.97583333333333333
2014-02-24 00:00:00 UTC,644,83,259106000,0.68652777777777785
2014-02-24 00:00:00 UTC,644,-235,251323110,0.68319444444444444
2014-02-24 00:00:00 UTC,644,86,259659000,1.6366666666666669
2014-02-24 00:00:00 UTC,644,87,259659000,0.63305555555555559
2014-02-24 00:00:00 UTC,644,88,259659000,0.23347222222222219
2014-02-24 00:00:00 UTC,-636,-605,440899000,10.099861111111112
2014-02-24 00:00:00 UTC,-636,-604,440899000,3.1248611111111115
2014-02-24 00:00:00 UTC,-636,-605,441699000,6.226805555555555
2014-02-24 00:00:00 UTC,-636,-604,441699000,4.6426388888888894
2014-02-24 00:00:00 UTC,-380,-741,725000970,1.0195833333333333
2014-02-24 00:00:00 UTC,-380,1740,512000192,6.1084722222222219
2014-02-24 00:00:00 UTC,-124,-1273,412695640,1.7815277777777778
2014-02-24 00:00:00 UTC,-124,581,416002198,2.1254166666666667
2014-02-24 00:00:00 UTC,-124,580,416002198,5.9279166666666665
2014-02-24 00:00:00 UTC,133,-172,263432000,2.8713888888888892
2014-02-24 00:00:00 UTC,133,-290,224083590,6.57625
2014-02-24 00:00:00 UTC,133,-216,224452000,4.7558333333333334
2014-02-24 00:00:00 UTC,389,1228,412203526,0.40736111111111106
2014-02-24 00:00:00 UTC,389,1208,412205586,1.8165277777777775
2014-02-24 00:00:00 UTC,389,1178,800020246,14.745694444444442
2014-02-24 00:00:00 UTC,389,1181,412326172,2.2665277777777777
2014-02-24 00:00:00 UTC,389,1186,412566333,3.0547222222222219
2014-02-24 00:00:00 UTC,389,91,247151940,1.9363888888888887
2014-02-24 00:00:00 UTC,389,90,247151940,1.4888888888888887
2014-02-24 00:00:00 UTC,389,92,247151940,1.7727777777777776
2014-02-24 00:00:00 UTC,389,93,247151940,1.7401388888888889
2014-02-24 00:00:00 UTC,389,1178,412365896,7.2634722222222212
2014-02-24 00:00:00 UTC,389,1187,412365896,0.28055555555555556
2014-02-24 00:00:00 UTC,389,264,237586000,1.2997222222222224
2014-02-24 00:00:00 UTC,389,266,237586000,3.0790277777777777
2014-02-24 00:00:00 UTC,389,263,237586000,0.95430555555555552
2014-02-24 00:00:00 UTC,389,265,237586000,1.9694444444444443
2014-02-24 00:00:00 UTC,389,1187,412283738,3.8769444444444443
2014-02-24 00:00:00 UTC,389,1189,412818019,5.3088888888888892
2014-02-24 00:00:00 UTC,389,18,224124260,1.2890277777777779
2014-02-24 00:00:00 UTC,389,17,224124260,1.1054166666666667
2014-02-24 00:00:00 UTC,389,1180,200583782,2.6133333333333333
2014-02-24 00:00:00 UTC,389,1181,200583782,6.6129166666666679
2014-02-24 00:00:00 UTC,389,19,224143730,2.0951388888888891
2014-02-24 00:00:00 UTC,389,18,224143730,3.9725
2014-02-24 00:00:00 UTC,389,1178,412884089,0.22638888888888889
2014-02-24 00:00:00 UTC,389,1179,412884089,0.24208333333333332
2014-02-24 00:00:00 UTC,389,1186,412884089,1.5877777777777777
2014-02-24 00:00:00 UTC,389,159,247130250,2.2429166666666669
2014-02-24 00:00:00 UTC,389,161,247130250,1.7225000000000001
2014-02-24 00:00:00 UTC,389,1186,412991115,4.200972222222223
2014-02-24 00:00:00 UTC,389,-498,224020890,2.978472222222222
2014-02-24 00:00:00 UTC,389,261,237401000,1.2219444444444445
2014-02-24 00:00:00 UTC,389,-104,263403690,0.22499999999999998
2014-02-24 00:00:00 UTC,389,-103,263403690,1.6704166666666667
2014-02-24 00:00:00 UTC,389,1228,412203438,1.5072222222222222
2014-02-24 00:00:00 UTC,389,1186,412665523,6.4395833333333332
2014-02-24 00:00:00 UTC,389,159,247131320,3.4986111111111109
2014-02-24 00:00:00 UTC,389,161,247131320,1.5498611111111114
2014-02-24 00:00:00 UTC,389,160,247131320,1.7858333333333334
2014-02-24 00:00:00 UTC,389,1228,412203449,0.98305555555555557
2014-02-24 00:00:00 UTC,389,1178,412659386,3.6213888888888883
2014-02-24 00:00:00 UTC,389,1179,412659386,0.9675
2014-02-24 00:00:00 UTC,389,1186,412659386,0.52583333333333326
2014-02-24 00:00:00 UTC,389,1228,412203451,3.3991666666666664
2014-02-24 00:00:00 UTC,389,1228,412203452,1.6952777777777779
2014-02-24 00:00:00 UTC,389,1228,412203453,9.3344444444444434
2014-02-24 00:00:00 UTC,389,1228,412203455,0.49666666666666665
2014-02-24 00:00:00 UTC,389,161,247130320,1.6413888888888888
2014-02-24 00:00:00 UTC,389,159,247130320,3.5422222222222222
2014-02-24 00:00:00 UTC,389,263,237175000,2.4079166666666669
2014-02-24 00:00:00 UTC,389,265,237175000,0.72597222222222224
2014-02-24 00:00:00 UTC,389,264,237175000,2.3391666666666668
2014-02-24 00:00:00 UTC,389,1181,41232613,7.9348611111111111
2014-02-24 00:00:00 UTC,389,264,237345000,1.1226388888888887
2014-02-24 00:00:00 UTC,389,263,237345000,1.0529166666666667
2014-02-24 00:00:00 UTC,389,1232,412202751,5.8231944444444457
2014-02-24 00:00:00 UTC,389,1231,412202751,2.1231944444444446
2014-02-24 00:00:00 UTC,645,85,259285000,1.5155555555555555
2014-02-24 00:00:00 UTC,645,88,259285000,0.50555555555555554
2014-02-24 00:00:00 UTC,645,89,259285000,7.065555555555556
2014-02-24 00:00:00 UTC,645,87,259285000,2.02875
2014-02-24 00:00:00 UTC,645,90,258943000,2.0938888888888889
2014-02-24 00:00:00 UTC,645,87,258943000,1.7279166666666668
2014-02-24 00:00:00 UTC,645,86,258943000,1.1161111111111111
2014-02-24 00:00:00 UTC,645,88,258943000,2.3923611111111107
2014-02-24 00:00:00 UTC,645,85,258943000,4.4358333333333331
2014-02-24 00:00:00 UTC,645,89,258943000,2.8311111111111109
2014-02-24 00:00:00 UTC,645,-233,251401000,0.21041666666666667
2014-02-24 00:00:00 UTC,645,-232,251401000,0.2729166666666667
2014-02-24 00:00:00 UTC,645,85,258057000,3.2825
2014-02-24 00:00:00 UTC,645,84,258057000,2.1169444444444441
2014-02-24 00:00:00 UTC,645,88,258057000,6.6406944444444438
2014-02-24 00:00:00 UTC,645,86,258057000,3.7933333333333334
2014-02-24 00:00:00 UTC,645,87,258057000,7.00875
2014-02-24 00:00:00 UTC,645,86,257271600,3.4844444444444447
2014-02-24 00:00:00 UTC,645,91,257271600,0.42277777777777781
2014-02-24 00:00:00 UTC,645,85,257271600,2.2920833333333337
2014-02-24 00:00:00 UTC,645,90,257271600,1.1861111111111109
2014-02-24 00:00:00 UTC,645,89,257271600,3.2162500000000005
2014-02-24 00:00:00 UTC,645,87,257271600,0.3059722222222222
2014-02-24 00:00:00 UTC,645,88,257271600,1.0052777777777777
2014-02-24 00:00:00 UTC,645,84,257271600,0.75347222222222221
2014-02-24 00:00:00 UTC,645,90,258984000,2.6581944444444447
2014-02-24 00:00:00 UTC,645,91,258984000,1.69875
2014-02-24 00:00:00 UTC,645,89,258984000,1.1194444444444445
2014-02-24 00:00:00 UTC,645,88,258984000,0.87527777777777782
2014-02-24 00:00:00 UTC,645,84,258984000,0.78513888888888883
2014-02-24 00:00:00 UTC,645,85,258984000,1.6147222222222222
2014-02-24 00:00:00 UTC,645,91,259282000,3.0588888888888888
2014-02-24 00:00:00 UTC,645,90,259282000,0.81875
2014-02-24 00:00:00 UTC,645,87,259282000,4.4738888888888892
2014-02-24 00:00:00 UTC,645,86,259282000,8.1691666666666674
2014-02-24 00:00:00 UTC,645,89,259282000,0.89277777777777778
2014-02-24 00:00:00 UTC,645,85,259282000,0.36791666666666667
2014-02-24 00:00:00 UTC,645,-250,251136110,1.5319444444444446
2014-02-24 00:00:00 UTC,645,-249,251136110,2.1208333333333331
2014-02-24 00:00:00 UTC,645,-246,251136110,0.69472222222222224
2014-02-24 00:00:00 UTC,645,-251,251136110,1.5498611111111109
2014-02-24 00:00:00 UTC,645,-247,251136110,1.7581944444444444
2014-02-24 00:00:00 UTC,645,-248,251136110,3.4375000000000004
2014-02-24 00:00:00 UTC,645,88,258874000,4.5133333333333336
2014-02-24 00:00:00 UTC,645,87,258874000,4.7879166666666668
2014-02-24 00:00:00 UTC,645,85,258874000,0.525
2014-02-24 00:00:00 UTC,645,89,258874000,1.5452777777777778
2014-02-24 00:00:00 UTC,645,86,258874000,2.2350000000000003
2014-02-24 00:00:00 UTC,645,89,258778000,4.4818055555555549
2014-02-24 00:00:00 UTC,645,87,258778000,3.8511111111111109
2014-02-24 00:00:00 UTC,645,86,258778000,4.1079166666666662
2014-02-24 00:00:00 UTC,645,88,258778000,3.4343055555555555
2014-02-24 00:00:00 UTC,645,85,258778000,4.1759722222222226
2014-02-24 00:00:00 UTC,645,89,258563000,1.1573611111111111
2014-02-24 00:00:00 UTC,645,86,258360000,1.387361111111111
2014-02-24 00:00:00 UTC,645,85,258360000,0.66652777777777772
2014-02-24 00:00:00 UTC,645,89,258360000,2.0351388888888891
2014-02-24 00:00:00 UTC,645,87,258360000,6.7663888888888906
2014-02-24 00:00:00 UTC,645,88,258360000,1.2072222222222222
2014-02-24 00:00:00 UTC,645,90,258360000,0.34055555555555556
2014-02-24 00:00:00 UTC,645,85,257656000,1.4018055555555555
2014-02-24 00:00:00 UTC,645,90,257656000,1.6434722222222222
2014-02-24 00:00:00 UTC,645,87,257656000,2.050416666666667
2014-02-24 00:00:00 UTC,645,89,257656000,2.928055555555555
2014-02-24 00:00:00 UTC,645,88,257656000,1.9834722222222225
2014-02-24 00:00:00 UTC,645,86,257656000,2.54375
2014-02-24 00:00:00 UTC,645,85,259576000,1.0006944444444443
2014-02-24 00:00:00 UTC,645,86,259576000,1.0105555555555554
2014-02-24 00:00:00 UTC,645,86,259106000,3.1722222222222221
2014-02-24 00:00:00 UTC,645,87,259106000,0.29083333333333333
2014-02-24 00:00:00 UTC,645,89,258732000,5.5941666666666672
2014-02-24 00:00:00 UTC,645,86,258732000,1.4047222222222222
2014-02-24 00:00:00 UTC,645,90,258732000,2.282777777777778
2014-02-24 00:00:00 UTC,645,87,258732000,3.2247222222222218
2014-02-24 00:00:00 UTC,645,88,258732000,3.660277777777778
2014-02-24 00:00:00 UTC,645,85,258732000,3.8024999999999998
2014-02-24 00:00:00 UTC,645,-238,251323110,1.0266666666666666
2014-02-24 00:00:00 UTC,645,-237,251323110,1.2906944444444444
2014-02-24 00:00:00 UTC,645,-239,251323110,1.7373611111111109
2014-02-24 00:00:00 UTC,645,-236,251323110,0.95944444444444454
2014-02-24 00:00:00 UTC,645,-235,251323110,1.0569444444444445
2014-02-24 00:00:00 UTC,645,88,259659000,0.45694444444444443
2014-02-24 00:00:00 UTC,645,91,259659000,1.825277777777778
2014-02-24 00:00:00 UTC,645,92,259659000,1.182638888888889
2014-02-24 00:00:00 UTC,645,90,259659000,1.5623611111111111
2014-02-24 00:00:00 UTC,645,89,259659000,2.391111111111111
2014-02-24 00:00:00 UTC,645,88,259691000,1.8636111111111111
2014-02-24 00:00:00 UTC,645,85,259691000,6.5112499999999995
2014-02-24 00:00:00 UTC,645,87,259691000,0.77152777777777781
2014-02-24 00:00:00 UTC,645,89,259691000,0.68986111111111115
2014-02-24 00:00:00 UTC,645,86,259691000,2.5580555555555557
2014-02-24 00:00:00 UTC,-635,-604,440899000,1.5498611111111109
2014-02-24 00:00:00 UTC,-635,-605,440899000,1.5504166666666666
2014-02-24 00:00:00 UTC,-635,-604,441699000,6.2976388888888888
2014-02-24 00:00:00 UTC,-123,-1269,412695640,3.5050000000000003
2014-02-24 00:00:00 UTC,-123,-1270,412695640,2.0399999999999996
2014-02-24 00:00:00 UTC,-123,-1273,412695640,0.92416666666666669
2014-02-24 00:00:00 UTC,-123,-1107,432924000,1.8236111111111111
2014-02-24 00:00:00 UTC,-123,582,416002198,5.4897222222222224
2014-02-24 00:00:00 UTC,-123,583,416002198,5.2055555555555557
2014-02-24 00:00:00 UTC,-123,581,416002198,5.6194444444444445
2014-02-24 00:00:00 UTC,134,-172,263432000,8.4145833333333364
2014-02-24 00:00:00 UTC,134,-171,263432000,0.91222222222222227
2014-02-24 00:00:00 UTC,134,-289,224083590,2.78875
2014-02-24 00:00:00 UTC,134,-215,224452000,0.77930555555555547
2014-02-24 00:00:00 UTC,134,-214,224452000,1.2119444444444443
2014-02-24 00:00:00 UTC,390,1232,412202752,1.0102777777777778
2014-02-24 00:00:00 UTC,390,1226,412203526,1.3045833333333334
2014-02-24 00:00:00 UTC,390,1226,412203528,0.5476388888888889
2014-02-24 00:00:00 UTC,390,1225,412203528,1.6176388888888888
2014-02-24 00:00:00 UTC,390,1208,412205579,12.45833333333333
2014-02-24 00:00:00 UTC,390,1208,412205586,13.935277777777783
2014-02-24 00:00:00 UTC,390,1180,412300849,13.015555555555556
2014-02-24 00:00:00 UTC,390,92,247151940,0.89722222222222214
2014-02-24 00:00:00 UTC,390,93,247151940,5.0524999999999993
2014-02-24 00:00:00 UTC,390,267,271072587,6.3000000000000007
2014-02-24 00:00:00 UTC,390,1193,412283726,3.1029166666666668
2014-02-24 00:00:00 UTC,390,266,237586000,0.68791666666666673
2014-02-24 00:00:00 UTC,390,1188,412283738,0.37097222222222226
2014-02-24 00:00:00 UTC,390,1190,412818019,1.6815277777777777
2014-02-24 00:00:00 UTC,390,17,224143730,0.52486111111111111
2014-02-24 00:00:00 UTC,390,18,224143730,2.0615277777777776
2014-02-24 00:00:00 UTC,390,-504,224020890,6.4945833333333338
2014-02-24 00:00:00 UTC,390,1181,412006299,8.4002777777777773
2014-02-24 00:00:00 UTC,390,1228,412203429,7.7359722222222222
2014-02-24 00:00:00 UTC,390,1228,412203431,8.2243055555555546
2014-02-24 00:00:00 UTC,390,261,237401000,2.5956944444444439
2014-02-24 00:00:00 UTC,390,260,237401000,4.8041666666666663
2014-02-24 00:00:00 UTC,390,259,237401000,1.3751388888888889
2014-02-24 00:00:00 UTC,390,-104,263403690,0.27611111111111108
2014-02-24 00:00:00 UTC,390,1228,412203449,3.5486111111111116
2014-02-24 00:00:00 UTC,390,1228,412203451,0.992361111111111
2014-02-24 00:00:00 UTC,390,1228,412203452,2.1730555555555555
2014-02-24 00:00:00 UTC,390,1228,412203453,3.652222222222222
2014-02-24 00:00:00 UTC,390,1228,412203455,0.26388888888888884
2014-02-24 00:00:00 UTC,390,1191,412007104,0.46402777777777782
2014-02-24 00:00:00 UTC,390,17,224018890,0.72583333333333333
2014-02-24 00:00:00 UTC,390,1181,412283602,7.359583333333334
2014-02-24 00:00:00 UTC,390,1189,412283608,3.495
2014-02-24 00:00:00 UTC,390,1188,412001018,2.6237500000000002
2014-02-24 00:00:00 UTC,646,88,259285000,3.6156944444444443
2014-02-24 00:00:00 UTC,646,86,258943000,3.5663888888888886
2014-02-24 00:00:00 UTC,646,89,258943000,1.09375
2014-02-24 00:00:00 UTC,646,90,258943000,0.8945833333333334
2014-02-24 00:00:00 UTC,646,85,258943000,1.59
2014-02-24 00:00:00 UTC,646,88,258943000,0.96083333333333332
2014-02-24 00:00:00 UTC,646,87,258943000,1.4605555555555556
2014-02-24 00:00:00 UTC,646,-239,251391000,0.46902777777777777
2014-02-24 00:00:00 UTC,646,-238,251584540,4.1920833333333327
2014-02-24 00:00:00 UTC,646,-233,251401000,0.20319444444444446
2014-02-24 00:00:00 UTC,646,-234,251401000,0.21375
2014-02-24 00:00:00 UTC,646,87,257271600,0.92888888888888888
2014-02-24 00:00:00 UTC,646,88,257271600,0.9524999999999999
2014-02-24 00:00:00 UTC,646,89,257271600,0.70124999999999993
2014-02-24 00:00:00 UTC,646,91,257271600,1.3787500000000001
2014-02-24 00:00:00 UTC,646,85,257271600,4.6137500000000005
2014-02-24 00:00:00 UTC,646,86,257271600,2.544861111111111
2014-02-24 00:00:00 UTC,646,92,258984000,3.8348611111111111
2014-02-24 00:00:00 UTC,646,91,258984000,1.6268055555555558
2014-02-24 00:00:00 UTC,646,-248,251255110,1.7906944444444444
2014-02-24 00:00:00 UTC,646,85,259282000,3.6487499999999997
2014-02-24 00:00:00 UTC,646,86,259282000,0.98416666666666663
2014-02-24 00:00:00 UTC,646,-249,251136110,1.3793055555555558
2014-02-24 00:00:00 UTC,646,-250,251136110,2.4194444444444443
2014-02-24 00:00:00 UTC,646,-248,251210110,1.5283333333333333
2014-02-24 00:00:00 UTC,646,86,258778000,0.34652777777777777
2014-02-24 00:00:00 UTC,646,85,258778000,2.7980555555555551
2014-02-24 00:00:00 UTC,646,88,259258000,11.743611111111111
2014-02-24 00:00:00 UTC,646,-253,251203000,2.3
2014-02-24 00:00:00 UTC,646,87,258360000,4.2358333333333329
2014-02-24 00:00:00 UTC,646,85,258360000,1.0770833333333334
2014-02-24 00:00:00 UTC,646,88,258360000,0.46097222222222223
2014-02-24 00:00:00 UTC,646,86,258360000,5.8456944444444447
2014-02-24 00:00:00 UTC,646,88,257656000,2.4555555555555557
2014-02-24 00:00:00 UTC,646,85,257656000,0.49083333333333329
2014-02-24 00:00:00 UTC,646,86,257656000,1.1595833333333334
2014-02-24 00:00:00 UTC,646,89,257656000,2.4115277777777782
2014-02-24 00:00:00 UTC,646,87,257656000,2.0944444444444441
2014-02-24 00:00:00 UTC,646,84,259576000,0.74597222222222226
2014-02-24 00:00:00 UTC,646,85,259576000,0.81791666666666663
2014-02-24 00:00:00 UTC,646,-236,251146440,1.6570833333333332
2014-02-24 00:00:00 UTC,646,-235,251146440,0.25694444444444442
2014-02-24 00:00:00 UTC,646,85,259106000,2.3666666666666667
2014-02-24 00:00:00 UTC,646,86,258732000,1.5595833333333333
2014-02-24 00:00:00 UTC,646,84,258732000,1.533611111111111
2014-02-24 00:00:00 UTC,646,85,258732000,0.47666666666666668
2014-02-24 00:00:00 UTC,646,92,259659000,6.8898611111111121
2014-02-24 00:00:00 UTC,646,91,259659000,1.4052777777777778
2014-02-24 00:00:00 UTC,646,93,259659000,1.607361111111111
2014-02-24 00:00:00 UTC,646,84,259691000,1.2650000000000001
2014-02-24 00:00:00 UTC,646,85,259691000,5.3124999999999991
2014-02-24 00:00:00 UTC,646,86,259691000,2.455138888888889
2014-02-24 00:00:00 UTC,646,87,259691000,2.6454166666666667
2014-02-24 00:00:00 UTC,646,87,257589500,8.9050000000000011
2014-02-24 00:00:00 UTC,646,88,257589500,9.4983333333333331
2014-02-24 00:00:00 UTC,-122,-1065,431893000,0.88708333333333333
2014-02-24 00:00:00 UTC,-122,-1273,412695640,3.55125
2014-02-24 00:00:00 UTC,-122,-1082,432346000,1.7497222222222222
2014-02-24 00:00:00 UTC,-122,-1070,431022000,3.482361111111111
2014-02-24 00:00:00 UTC,-122,-1066,431490000,1.81375
2014-02-24 00:00:00 UTC,-122,-1068,431490000,1.7390277777777778
2014-02-24 00:00:00 UTC,135,-172,263432000,6.182500000000001
2014-02-24 00:00:00 UTC,135,-171,263432000,3.2791666666666668
2014-02-24 00:00:00 UTC,135,-170,263432000,2.3112500000000002
2014-02-24 00:00:00 UTC,135,-288,224083590,2.8055555555555554
2014-02-24 00:00:00 UTC,135,-214,224452000,2.2508333333333335
2014-02-24 00:00:00 UTC,135,-1193,412440237,4.5693055555555553
2014-02-24 00:00:00 UTC,391,25,224227590,1.6788888888888891
2014-02-24 00:00:00 UTC,391,27,224227590,1.3256944444444445
2014-02-24 00:00:00 UTC,391,26,224227590,1.3575
2014-02-24 00:00:00 UTC,391,1226,412203528,0.24458333333333332
2014-02-24 00:00:00 UTC,391,83,247150870,7.7034722222222225
2014-02-24 00:00:00 UTC,391,1190,412515360,0.5075
2014-02-24 00:00:00 UTC,391,1192,412639779,4.62875
2014-02-24 00:00:00 UTC,391,1193,412639779,2.3036111111111115
2014-02-24 00:00:00 UTC,391,-2,224074290,0.65791666666666671
2014-02-24 00:00:00 UTC,391,1179,412205117,5.0579166666666664
2014-02-24 00:00:00 UTC,391,1192,412283726,1.8568055555555554
2014-02-24 00:00:00 UTC,391,1193,412283726,5.9925
2014-02-24 00:00:00 UTC,391,1192,412585058,0.20763888888888887
2014-02-24 00:00:00 UTC,391,1193,412585058,1.9344444444444444
2014-02-24 00:00:00 UTC,391,1190,412818019,0.3025
2014-02-24 00:00:00 UTC,391,79,247151990,3.41875
2014-02-24 00:00:00 UTC,391,1193,412234113,1.8805555555555555
2014-02-24 00:00:00 UTC,391,25,224178570,3.870138888888889
2014-02-24 00:00:00 UTC,391,1191,412001173,7.1045833333333333
2014-02-24 00:00:00 UTC,391,-498,224020890,3.2580555555555555
2014-02-24 00:00:00 UTC,391,-500,224020890,2.26375
2014-02-24 00:00:00 UTC,391,266,271072674,7.1890277777777776
2014-02-24 00:00:00 UTC,391,-105,263403690,1.4513888888888888
2014-02-24 00:00:00 UTC,391,-104,263403690,3.6483333333333334
2014-02-24 00:00:00 UTC,391,1191,100702635,7.7870833333333334
2014-02-24 00:00:00 UTC,391,1192,100702635,7.4340277777777777
2014-02-24 00:00:00 UTC,391,1192,412585909,0.24805555555555553
2014-02-24 00:00:00 UTC,391,1191,412007104,0.26430555555555557
2014-02-24 00:00:00 UTC,391,17,224018890,1.9865277777777779
2014-02-24 00:00:00 UTC,391,1192,412884172,0.25180555555555556
2014-02-24 00:00:00 UTC,391,1180,412283602,9.5765277777777751
2014-02-24 00:00:00 UTC,391,1193,820040925,1.4494444444444445
2014-02-24 00:00:00 UTC,391,1191,800004577,8.9106944444444434
2014-02-24 00:00:00 UTC,391,25,224409830,2.1109722222222218
2014-02-24 00:00:00 UTC,391,27,224409830,2.5936111111111115
2014-02-24 00:00:00 UTC,391,26,224409830,1.8263888888888888
2014-02-24 00:00:00 UTC,647,-239,251391000,0.71680555555555558
2014-02-24 00:00:00 UTC,647,-240,251391000,0.24763888888888888
2014-02-24 00:00:00 UTC,647,-236,251584540,1.6054166666666665
2014-02-24 00:00:00 UTC,647,92,258984000,0.73888888888888893
2014-02-24 00:00:00 UTC,647,-246,251255110,1.5276388888888888
2014-02-24 00:00:00 UTC,647,-247,251255110,6.6319444444444455
2014-02-24 00:00:00 UTC,647,-248,251255110,1.8340277777777776
2014-02-24 00:00:00 UTC,647,-240,251442540,0.860138888888889
2014-02-24 00:00:00 UTC,647,-241,251227000,1.7501388888888891
2014-02-24 00:00:00 UTC,647,-248,251210110,1.5458333333333334
2014-02-24 00:00:00 UTC,647,-247,251210110,1.5391666666666666
2014-02-24 00:00:00 UTC,647,-248,251167110,2.2570833333333331
2014-02-24 00:00:00 UTC,647,-251,251167110,3.0706944444444448
2014-02-24 00:00:00 UTC,647,-250,251167110,1.9855555555555555
2014-02-24 00:00:00 UTC,647,-249,251167110,1.9823611111111112
2014-02-24 00:00:00 UTC,647,-241,251439000,1.6936111111111112
2014-02-24 00:00:00 UTC,647,87,258083000,14.899166666666668
2014-02-24 00:00:00 UTC,647,86,258083000,1.5662500000000001
2014-02-24 00:00:00 UTC,647,88,258083000,1.5634722222222224
2014-02-24 00:00:00 UTC,647,-235,251146440,1.835833333333333
2014-02-24 00:00:00 UTC,647,-240,251756000,13.348333333333333
2014-02-24 00:00:00 UTC,647,-241,251756000,0.86916666666666664
2014-02-24 00:00:00 UTC,647,91,259659000,3.745972222222222
2014-02-24 00:00:00 UTC,-121,-1065,431893000,0.85041666666666671
2014-02-24 00:00:00 UTC,-121,-1273,412695640,1.711527777777778
2014-02-24 00:00:00 UTC,-121,-1272,412695640,1.6486111111111112
2014-02-24 00:00:00 UTC,-121,-1107,432924000,1.7452777777777779
2014-02-24 00:00:00 UTC,-121,-1080,432346000,1.8372222222222221
2014-02-24 00:00:00 UTC,-121,-1071,431022000,1.8304166666666668
2014-02-24 00:00:00 UTC,-121,-1069,431490000,1.8277777777777777
2014-02-24 00:00:00 UTC,136,-248,224153130,4.6354166666666679
2014-02-24 00:00:00 UTC,136,-289,224083590,4.0205555555555552
2014-02-24 00:00:00 UTC,136,-215,224452000,1.9548611111111112
2014-02-24 00:00:00 UTC,136,-216,224452000,1.1895833333333332
2014-02-24 00:00:00 UTC,392,24,224227590,1.8109722222222222
2014-02-24 00:00:00 UTC,392,25,224227590,0.25055555555555553
2014-02-24 00:00:00 UTC,392,1231,412203532,3.402222222222222
2014-02-24 00:00:00 UTC,392,265,271062042,0.45055555555555554
2014-02-24 00:00:00 UTC,392,266,271062042,2.2233333333333332
2014-02-24 00:00:00 UTC,392,1191,190701082,0.6843055555555555
2014-02-24 00:00:00 UTC,392,0,224168220,0.67805555555555552
2014-02-24 00:00:00 UTC,392,-186,263422240,6.5445833333333336
2014-02-24 00:00:00 UTC,392,1192,412589111,2.6602777777777775
2014-02-24 00:00:00 UTC,392,1191,412001080,6.3688888888888888
2014-02-24 00:00:00 UTC,392,-1,224087870,1.310138888888889
2014-02-24 00:00:00 UTC,392,1193,412585058,7.7354166666666666
2014-02-24 00:00:00 UTC,392,1231,412251001,4.149166666666666
2014-02-24 00:00:00 UTC,392,1231,412251002,2.8584722222222219
2014-02-24 00:00:00 UTC,392,-1,224118650,1.8154166666666667
2014-02-24 00:00:00 UTC,392,-2,224118650,0.29569444444444448
2014-02-24 00:00:00 UTC,392,25,224189820,0.69861111111111107
2014-02-24 00:00:00 UTC,392,1231,412251008,4.4170833333333333
2014-02-24 00:00:00 UTC,392,1193,412234113,8.6561111111111124
2014-02-24 00:00:00 UTC,392,1231,412251009,4.8709722222222229
2014-02-24 00:00:00 UTC,392,1231,412251013,2.0916666666666668
2014-02-24 00:00:00 UTC,392,1231,412251015,3.9668055555555561
2014-02-24 00:00:00 UTC,392,265,271056010,1.5745833333333334
2014-02-24 00:00:00 UTC,392,1191,412001173,1.5708333333333333
2014-02-24 00:00:00 UTC,392,-1,224014490,0.64513888888888893
2014-02-24 00:00:00 UTC,392,-500,224020890,7.8748611111111115
2014-02-24 00:00:00 UTC,392,266,271072674,2.7330555555555551
2014-02-24 00:00:00 UTC,392,1192,412585909,5.6395833333333343
2014-02-24 00:00:00 UTC,392,1191,412585909,0.24041666666666667
2014-02-24 00:00:00 UTC,392,17,224018890,1.3276388888888888
2014-02-24 00:00:00 UTC,392,1192,412884172,2.7008333333333332
2014-02-24 00:00:00 UTC,392,1193,820040925,8.7329166666666662
2014-02-24 00:00:00 UTC,392,27,224409830,0.43583333333333335
2014-02-24 00:00:00 UTC,392,26,224409830,0.48208333333333331
2014-02-24 00:00:00 UTC,392,1191,412320230,3.877222222222223
2014-02-24 00:00:00 UTC,392,1192,412320230,0.32125
2014-02-24 00:00:00 UTC,392,-1,224013050,12.313194444444447
2014-02-24 00:00:00 UTC,648,-241,251391000,2.125
2014-02-24 00:00:00 UTC,648,-138,251757110,3.4165277777777776
2014-02-24 00:00:00 UTC,648,-247,251255110,0.69027777777777777
2014-02-24 00:00:00 UTC,648,-246,251255110,4.4679166666666674
2014-02-24 00:00:00 UTC,648,-241,251517000,0.55222222222222228
2014-02-24 00:00:00 UTC,648,-241,251265110,2.657083333333333
2014-02-24 00:00:00 UTC,648,-241,251233110,3.8134722222222224
2014-02-24 00:00:00 UTC,648,-241,331143000,1.8083333333333333
2014-02-24 00:00:00 UTC,648,-241,251442540,0.49249999999999994
2014-02-24 00:00:00 UTC,648,-241,251227000,0.93874999999999986
2014-02-24 00:00:00 UTC,648,-241,251451000,0.62833333333333341
2014-02-24 00:00:00 UTC,648,-246,251210110,0.24166666666666667
2014-02-24 00:00:00 UTC,648,-247,251210110,0.20333333333333331
2014-02-24 00:00:00 UTC,648,-251,251167110,3.2820833333333326
2014-02-24 00:00:00 UTC,648,85,259258000,4.6658333333333335
2014-02-24 00:00:00 UTC,648,-241,251439000,1.4358333333333335
2014-02-24 00:00:00 UTC,648,87,258083000,5.44125
2014-02-24 00:00:00 UTC,648,-241,251756000,3.682777777777777
2014-02-24 00:00:00 UTC,-376,1764,512003236,10.465694444444443
2014-02-24 00:00:00 UTC,-120,-1065,431893000,1.2708333333333335
2014-02-24 00:00:00 UTC,-120,-1271,412695640,1.814861111111111
2014-02-24 00:00:00 UTC,-120,-1272,412695640,3.1549999999999994
2014-02-24 00:00:00 UTC,-120,-1107,432924000,0.94666666666666677
2014-02-24 00:00:00 UTC,-120,-1083,432346000,1.7140277777777777
2014-02-24 00:00:00 UTC,-120,-1071,431022000,1.1055555555555556
2014-02-24 00:00:00 UTC,-120,-1069,431490000,1.1097222222222221
2014-02-24 00:00:00 UTC,137,-247,224153130,1.4019444444444444
2014-02-24 00:00:00 UTC,137,-288,224083590,3.0927777777777776
2014-02-24 00:00:00 UTC,137,-289,224083590,2.4776388888888889
2014-02-24 00:00:00 UTC,137,-216,224452000,2.5156944444444447
2014-02-24 00:00:00 UTC,393,26,224227590,1.0661111111111112
2014-02-24 00:00:00 UTC,393,27,224227590,0.64527777777777784
2014-02-24 00:00:00 UTC,393,83,247150870,3.8952777777777783
2014-02-24 00:00:00 UTC,393,265,271062043,5.2034722222222216
2014-02-24 00:00:00 UTC,393,0,224168220,1.4159722222222222
2014-02-24 00:00:00 UTC,393,201,237332000,2.4793055555555554
2014-02-24 00:00:00 UTC,393,-178,263422240,0.1723611111111111
2014-02-24 00:00:00 UTC,393,-179,263422240,0.59013888888888888
2014-02-24 00:00:00 UTC,393,-218,224155950,6.9586111111111109
2014-02-24 00:00:00 UTC,393,0,224071730,1.7622222222222221
2014-02-24 00:00:00 UTC,393,-1,224071730,10.142222222222221
2014-02-24 00:00:00 UTC,393,1192,412589111,11.226249999999999
2014-02-24 00:00:00 UTC,393,-1,224087870,1.7684722222222222
2014-02-24 00:00:00 UTC,393,0,224117340,1.2216666666666667
2014-02-24 00:00:00 UTC,393,0,224022140,1.5297222222222222
2014-02-24 00:00:00 UTC,393,24,224189820,3.0608333333333335
2014-02-24 00:00:00 UTC,393,22,224189820,0.62972222222222229
2014-02-24 00:00:00 UTC,393,23,224189820,3.229722222222223
2014-02-24 00:00:00 UTC,393,25,224189820,0.25819444444444445
2014-02-24 00:00:00 UTC,393,-1,224014490,2.3516666666666666
2014-02-24 00:00:00 UTC,393,33,224098720,0.62472222222222218
2014-02-24 00:00:00 UTC,393,34,224098720,0.97666666666666679
2014-02-24 00:00:00 UTC,393,0,224173230,1.3259722222222221
2014-02-24 00:00:00 UTC,393,1192,412585909,0.18402777777777779
2014-02-24 00:00:00 UTC,393,1191,412585909,2.1980555555555559
2014-02-24 00:00:00 UTC,393,0,224068290,1.3677777777777778
2014-02-24 00:00:00 UTC,393,1192,412884172,3.8634722222222218
2014-02-24 00:00:00 UTC,393,-1,224310520,0.33847222222222223
2014-02-24 00:00:00 UTC,649,-237,251392000,0.23277777777777778
2014-02-24 00:00:00 UTC,649,-235,251392000,0.51138888888888889
2014-02-24 00:00:00 UTC,649,-236,251392000,3.4126388888888886
2014-02-24 00:00:00 UTC,649,-241,251125000,5.6233333333333322
2014-02-24 00:00:00 UTC,649,-249,251530000,1.4731944444444445
2014-02-24 00:00:00 UTC,649,-239,251801110,2.7447222222222223
2014-02-24 00:00:00 UTC,649,-238,251801110,2.5031944444444445
2014-02-24 00:00:00 UTC,649,-241,251801110,0.32902777777777781
2014-02-24 00:00:00 UTC,649,-241,251391000,3.9379166666666663
2014-02-24 00:00:00 UTC,649,-237,251846170,2.5061111111111112
2014-02-24 00:00:00 UTC,649,-238,251846170,0.20819444444444446
2014-02-24 00:00:00 UTC,649,104,257118500,0.22375
2014-02-24 00:00:00 UTC,649,104,257301040,0.41041666666666665
2014-02-24 00:00:00 UTC,649,-241,251517000,4.0945833333333335
2014-02-24 00:00:00 UTC,649,-239,251084110,0.64277777777777778
2014-02-24 00:00:00 UTC,649,-238,251084110,3.4669444444444446
2014-02-24 00:00:00 UTC,649,-239,251265110,1.5126388888888889
2014-02-24 00:00:00 UTC,649,-240,251265110,0.51527777777777772
2014-02-24 00:00:00 UTC,649,-241,331143000,2.2481944444444446
2014-02-24 00:00:00 UTC,649,-241,251451000,6.6113888888888885
2014-02-24 00:00:00 UTC,649,-241,251284110,1.2097222222222219
2014-02-24 00:00:00 UTC,649,-238,251284110,0.82680555555555557
2014-02-24 00:00:00 UTC,649,-239,251284110,1.0784722222222223
2014-02-24 00:00:00 UTC,649,-242,251439000,0.48388888888888887
2014-02-24 00:00:00 UTC,649,-241,251439000,4.5798611111111116
2014-02-24 00:00:00 UTC,649,-237,251836340,4.5926388888888878
2014-02-24 00:00:00 UTC,649,-241,251756000,1.7466666666666666
2014-02-24 00:00:00 UTC,649,-240,251756000,3.3338888888888887
2014-02-24 00:00:00 UTC,-119,-1065,431893000,1.6455555555555557
2014-02-24 00:00:00 UTC,-119,-1107,432924000,1.70625
2014-02-24 00:00:00 UTC,-119,-1080,432346000,1.8152777777777778
2014-02-24 00:00:00 UTC,-119,-1070,431022000,1.2401388888888889
2014-02-24 00:00:00 UTC,-119,-1071,431022000,1.2206944444444443
2014-02-24 00:00:00 UTC,-119,-1069,431490000,1.2223611111111112
2014-02-24 00:00:00 UTC,138,-245,224153130,1.8336111111111111
2014-02-24 00:00:00 UTC,138,-288,224083590,1.6865277777777776
2014-02-24 00:00:00 UTC,138,-215,224452000,1.5418055555555554
2014-02-24 00:00:00 UTC,394,0,224168220,2.075
2014-02-24 00:00:00 UTC,394,201,237332000,5.5018055555555545
2014-02-24 00:00:00 UTC,394,-180,263422240,2.0098611111111113
2014-02-24 00:00:00 UTC,394,-182,263422240,5.5133333333333336
2014-02-24 00:00:00 UTC,394,-98,263379000,5.34986111111111
2014-02-24 00:00:00 UTC,394,-97,263379000,3.5949999999999998
2014-02-24 00:00:00 UTC,394,1197,412286029,2.3326388888888889
2014-02-24 00:00:00 UTC,394,0,224117340,12.108055555555556
2014-02-24 00:00:00 UTC,394,0,224022140,1.7736111111111112
2014-02-24 00:00:00 UTC,394,201,237392000,9.4819444444444443
2014-02-24 00:00:00 UTC,394,200,237392000,1.410277777777778
2014-02-24 00:00:00 UTC,394,-93,263500170,3.97625
2014-02-24 00:00:00 UTC,394,-2,224102540,0.87138888888888877
2014-02-24 00:00:00 UTC,394,35,224098720,5.1015277777777781
2014-02-24 00:00:00 UTC,394,34,224098720,1.3363888888888888
2014-02-24 00:00:00 UTC,394,0,224173230,0.74499999999999988
2014-02-24 00:00:00 UTC,394,-93,263414960,2.9708333333333332
2014-02-24 00:00:00 UTC,394,-93,263414970,3.870833333333334
2014-02-24 00:00:00 UTC,394,0,224068290,10.857777777777779
2014-02-24 00:00:00 UTC,394,1211,412214211,0.50583333333333336
2014-02-24 00:00:00 UTC,394,1199,812286152,0.65958333333333341
2014-02-24 00:00:00 UTC,394,1197,412286161,1.5206944444444443
2014-02-24 00:00:00 UTC,394,1202,412286167,1.381388888888889
2014-02-24 00:00:00 UTC,394,-2,224396270,0.4811111111111111
2014-02-24 00:00:00 UTC,394,1197,412286196,0.21083333333333332
2014-02-24 00:00:00 UTC,394,0,224310520,11.272222222222222
2014-02-24 00:00:00 UTC,394,-1,224310520,0.85555555555555551
2014-02-24 00:00:00 UTC,650,-236,251392000,0.66083333333333338
2014-02-24 00:00:00 UTC,650,-238,251846170,5.3394444444444433
2014-02-24 00:00:00 UTC,650,-237,251846170,3.2208333333333332
2014-02-24 00:00:00 UTC,650,-236,251278110,1.3856944444444446
2014-02-24 00:00:00 UTC,650,-235,251278110,2.7481944444444446
2014-02-24 00:00:00 UTC,650,-239,251084110,1.0808333333333335
2014-02-24 00:00:00 UTC,650,-238,251084110,0.23027777777777778
2014-02-24 00:00:00 UTC,650,-240,251084110,5.5109722222222235
2014-02-24 00:00:00 UTC,650,-236,251307110,0.19347222222222221
2014-02-24 00:00:00 UTC,650,-235,251307110,0.42861111111111105
2014-02-24 00:00:00 UTC,650,-242,251242110,4.1779166666666665
2014-02-24 00:00:00 UTC,650,-243,251242110,2.1833333333333336
2014-02-24 00:00:00 UTC,650,-249,251167110,0.89555555555555555
2014-02-24 00:00:00 UTC,650,-244,251039110,0.4654166666666667
2014-02-24 00:00:00 UTC,650,-243,251039110,2.0645833333333337
2014-02-24 00:00:00 UTC,650,-231,251444110,2.0187500000000003
2014-02-24 00:00:00 UTC,650,-246,251197110,1.595
2014-02-24 00:00:00 UTC,650,-242,251197110,0.47069444444444442
2014-02-24 00:00:00 UTC,650,-248,251197110,0.21375
2014-02-24 00:00:00 UTC,650,-245,251197110,2.5666666666666664
2014-02-24 00:00:00 UTC,650,-244,251197110,0.982638888888889
2014-02-24 00:00:00 UTC,650,-247,251197110,1.5797222222222222
2014-02-24 00:00:00 UTC,650,-243,251197110,0.65861111111111115
2014-02-24 00:00:00 UTC,650,-228,251485640,0.23708333333333334
2014-02-24 00:00:00 UTC,650,-242,251290110,0.23694444444444446
2014-02-24 00:00:00 UTC,650,-241,251290110,0.25444444444444447
2014-02-24 00:00:00 UTC,-118,-1102,432448000,1.7536111111111112
2014-02-24 00:00:00 UTC,-118,-1065,431893000,1.7462500000000003
2014-02-24 00:00:00 UTC,-118,-1107,432924000,0.91097222222222229
2014-02-24 00:00:00 UTC,-118,-1080,432346000,1.1888888888888889
2014-02-24 00:00:00 UTC,-118,-1070,431022000,1.1670833333333333
2014-02-24 00:00:00 UTC,-118,-1071,431022000,1.7152777777777777
2014-02-24 00:00:00 UTC,-118,-1070,431490000,1.7223611111111108
2014-02-24 00:00:00 UTC,139,-287,224083590,2.6945833333333336
2014-02-24 00:00:00 UTC,395,-2,224448260,0.58444444444444454
2014-02-24 00:00:00 UTC,395,21,224094480,0.43791666666666662
2014-02-24 00:00:00 UTC,395,83,247150870,4.3586111111111112
2014-02-24 00:00:00 UTC,395,200,237332000,4.8904166666666669
2014-02-24 00:00:00 UTC,395,-221,224155950,5.2798611111111109
2014-02-24 00:00:00 UTC,395,-220,224155950,6.5027777777777773
2014-02-24 00:00:00 UTC,395,-2,224141360,9.8625
2014-02-24 00:00:00 UTC,395,1199,412286273,1.05125
2014-02-24 00:00:00 UTC,395,1198,412286029,11.695694444444449
2014-02-24 00:00:00 UTC,395,1197,412286029,8.9534722222222225
2014-02-24 00:00:00 UTC,395,97,247082830,9.1152777777777771
2014-02-24 00:00:00 UTC,395,1199,412885607,3.188194444444445
2014-02-24 00:00:00 UTC,395,200,237392000,3.7190277777777783
2014-02-24 00:00:00 UTC,395,199,237392000,1.4884722222222222
2014-02-24 00:00:00 UTC,395,1198,412819073,3.0791666666666666
2014-02-24 00:00:00 UTC,395,1199,412819073,4.2831944444444439
2014-02-24 00:00:00 UTC,395,1201,800016025,1.1086111111111112
2014-02-24 00:00:00 UTC,395,1200,800016025,6.1681944444444445
2014-02-24 00:00:00 UTC,395,1199,800016025,2.825277777777778
2014-02-24 00:00:00 UTC,395,1198,800016025,9.0083333333333329
2014-02-24 00:00:00 UTC,395,-2,224092830,0.48125
2014-02-24 00:00:00 UTC,395,1198,412819119,6.5954166666666678
2014-02-24 00:00:00 UTC,395,1199,412819119,3.2455555555555557
2014-02-24 00:00:00 UTC,395,1197,812286152,1.2718055555555554
2014-02-24 00:00:00 UTC,395,1198,812286152,7.0041666666666664
2014-02-24 00:00:00 UTC,395,1199,812286152,8.73486111111111
2014-02-24 00:00:00 UTC,395,1197,412286161,0.39708333333333334
2014-02-24 00:00:00 UTC,395,1198,412286161,4.6959722222222213
2014-02-24 00:00:00 UTC,395,1199,412286161,0.74555555555555553
2014-02-24 00:00:00 UTC,395,1199,800016341,9.3791666666666664
2014-02-24 00:00:00 UTC,395,1198,800016341,4.6959722222222222
2014-02-24 00:00:00 UTC,395,1202,412286167,0.53833333333333333
2014-02-24 00:00:00 UTC,395,1201,412286167,0.91472222222222221
2014-02-24 00:00:00 UTC,395,1198,412286172,7.3948611111111111
2014-02-24 00:00:00 UTC,395,1199,412286172,3.9954166666666664
2014-02-24 00:00:00 UTC,395,1212,412210404,1.8275
2014-02-24 00:00:00 UTC,395,1200,811021797,1.1076388888888888
2014-02-24 00:00:00 UTC,395,1201,811021797,3.2140277777777779
2014-02-24 00:00:00 UTC,395,1199,412286188,9.3479166666666664
2014-02-24 00:00:00 UTC,395,1198,412286188,4.9225
2014-02-24 00:00:00 UTC,395,1200,412286188,0.50097222222222226
2014-02-24 00:00:00 UTC,395,1197,412286188,3.4070833333333335
2014-02-24 00:00:00 UTC,395,1198,412286192,1.9781944444444446
2014-02-24 00:00:00 UTC,395,1197,412286196,0.84055555555555561
2014-02-24 00:00:00 UTC,395,1198,412286196,5.0479166666666666
2014-02-24 00:00:00 UTC,395,1200,412286196,4.1779166666666665
2014-02-24 00:00:00 UTC,395,1199,412286196,6.345
2014-02-24 00:00:00 UTC,395,1198,412286201,4.2511111111111113
2014-02-24 00:00:00 UTC,395,1199,412286201,6.4872222222222229
2014-02-24 00:00:00 UTC,395,1198,412286202,0.63930555555555557
2014-02-24 00:00:00 UTC,395,1199,412286202,11.549583333333333
2014-02-24 00:00:00 UTC,651,-243,251039110,1.5847222222222221
2014-02-24 00:00:00 UTC,651,-247,251039110,1.3563888888888891
2014-02-24 00:00:00 UTC,651,-246,251039110,1.6730555555555555
2014-02-24 00:00:00 UTC,651,-245,251039110,7.6062499999999984
2014-02-24 00:00:00 UTC,651,-244,251039110,5.5791666666666675
2014-02-24 00:00:00 UTC,651,-226,251431840,0.33083333333333331
2014-02-24 00:00:00 UTC,651,-225,251431840,0.31416666666666671
2014-02-24 00:00:00 UTC,651,-240,251254000,5.8490277777777786
2014-02-24 00:00:00 UTC,651,-238,251254000,0.68944444444444442
2014-02-24 00:00:00 UTC,651,-239,251254000,4.0780555555555562
2014-02-24 00:00:00 UTC,651,-243,251290110,7.9836111111111112
2014-02-24 00:00:00 UTC,651,-244,251290110,3.5961111111111115
2014-02-24 00:00:00 UTC,651,-241,251290110,1.33625
2014-02-24 00:00:00 UTC,651,-242,251290110,7.0815277777777776
2014-02-24 00:00:00 UTC,-629,-587,412217999,4.8055555555555554
2014-02-24 00:00:00 UTC,-117,-1101,432448000,0.91819444444444442
2014-02-24 00:00:00 UTC,-117,-1103,432448000,1.7048611111111112
2014-02-24 00:00:00 UTC,-117,-1107,432924000,3.5806944444444446
2014-02-24 00:00:00 UTC,-117,-1080,432346000,1.1463888888888889
2014-02-24 00:00:00 UTC,-117,-1083,432346000,1.2572222222222222
2014-02-24 00:00:00 UTC,-117,-1072,431022000,1.4222222222222223
2014-02-24 00:00:00 UTC,-117,-1070,431490000,1.4156944444444446
2014-02-24 00:00:00 UTC,-117,614,416237800,5.6172222222222219
2014-02-24 00:00:00 UTC,-117,612,416237800,4.3168055555555558
2014-02-24 00:00:00 UTC,140,-244,224153130,1.7572222222222222
2014-02-24 00:00:00 UTC,140,-215,224452000,3.2080555555555552
2014-02-24 00:00:00 UTC,396,83,247152130,0.53833333333333333
2014-02-24 00:00:00 UTC,396,81,247152130,5.6808333333333332
2014-02-24 00:00:00 UTC,396,82,247152130,7.6494444444444447
2014-02-24 00:00:00 UTC,396,21,224094480,0.64666666666666672
2014-02-24 00:00:00 UTC,396,22,224094480,1.33125
2014-02-24 00:00:00 UTC,396,83,247150870,1.211111111111111
2014-02-24 00:00:00 UTC,396,200,237332000,2.3640277777777783
2014-02-24 00:00:00 UTC,396,-214,224155950,4.5920833333333331
2014-02-24 00:00:00 UTC,396,-2,224050240,0.96472222222222215
2014-02-24 00:00:00 UTC,396,1199,412286273,0.86555555555555563
2014-02-24 00:00:00 UTC,396,185,247122510,5.1415277777777773
2014-02-24 00:00:00 UTC,396,184,247122510,4.0933333333333328
2014-02-24 00:00:00 UTC,396,1199,412885607,2.8529166666666668
2014-02-24 00:00:00 UTC,396,1200,412885607,14.706388888888883
2014-02-24 00:00:00 UTC,396,200,237392000,0.5280555555555555
2014-02-24 00:00:00 UTC,396,199,237392000,1.4725
2014-02-24 00:00:00 UTC,396,1199,412819073,10.786805555555556
2014-02-24 00:00:00 UTC,396,1200,412819073,5.80263888888889
2014-02-24 00:00:00 UTC,396,1199,800016025,1.2466666666666668
2014-02-24 00:00:00 UTC,396,1200,800016025,3.1686111111111113
2014-02-24 00:00:00 UTC,396,-2,224092830,1.8404166666666666
2014-02-24 00:00:00 UTC,396,1199,412819119,10.123333333333331
2014-02-24 00:00:00 UTC,396,1200,412819119,1.169861111111111
2014-02-24 00:00:00 UTC,396,21,224125630,0.24694444444444447
2014-02-24 00:00:00 UTC,396,20,224125630,0.68888888888888888
2014-02-24 00:00:00 UTC,396,1200,812286152,5.9194444444444452
2014-02-24 00:00:00 UTC,396,1200,412286161,7.9962499999999981
2014-02-24 00:00:00 UTC,396,1199,412286161,8.4041666666666668
2014-02-24 00:00:00 UTC,396,1199,800016341,5.7734722222222219
2014-02-24 00:00:00 UTC,396,1200,800016341,3.7348611111111114
2014-02-24 00:00:00 UTC,396,1199,412286172,4.7291666666666661
2014-02-24 00:00:00 UTC,396,1200,412286172,6.004999999999999
2014-02-24 00:00:00 UTC,396,1199,811021797,0.6595833333333333
2014-02-24 00:00:00 UTC,396,1201,811021797,3.1197222222222223
2014-02-24 00:00:00 UTC,396,-1,224073960,3.4823611111111115
2014-02-24 00:00:00 UTC,396,1200,412286188,4.133055555555555
2014-02-24 00:00:00 UTC,396,1198,412286196,1.6570833333333332
2014-02-24 00:00:00 UTC,396,1200,412286196,3.8036111111111106
2014-02-24 00:00:00 UTC,396,1200,412286201,1.4118055555555555
2014-02-24 00:00:00 UTC,396,1199,412286201,12.029722222222222
2014-02-24 00:00:00 UTC,396,1201,412286202,0.42333333333333334
2014-02-24 00:00:00 UTC,396,1200,412286202,8.0572222222222223
2014-02-24 00:00:00 UTC,396,1199,412286202,2.6799999999999997
2014-02-24 00:00:00 UTC,652,102,257247000,7.6023611111111116
2014-02-24 00:00:00 UTC,652,100,257247000,5.3725000000000005
2014-02-24 00:00:00 UTC,652,101,257247000,10.637222222222222
2014-02-24 00:00:00 UTC,652,100,257554600,2.2677777777777779
2014-02-24 00:00:00 UTC,652,99,257554600,2.3458333333333332
2014-02-24 00:00:00 UTC,652,103,257554600,3.3293055555555555
2014-02-24 00:00:00 UTC,652,101,257554600,7.084027777777778
2014-02-24 00:00:00 UTC,652,102,257554600,4.9347222222222218
2014-02-24 00:00:00 UTC,652,-244,251290110,0.21958333333333332
2014-02-24 00:00:00 UTC,-628,-588,412217999,1.5706944444444444
2014-02-24 00:00:00 UTC,-628,-587,412217999,1.5456944444444445
2014-02-24 00:00:00 UTC,-628,-586,412217999,1.5944444444444446
2014-02-24 00:00:00 UTC,-116,-1101,432448000,0.9125
2014-02-24 00:00:00 UTC,-116,-1066,431893000,4.2623611111111108
2014-02-24 00:00:00 UTC,-116,-1545,735058003,1.75
2014-02-24 00:00:00 UTC,-116,-1107,432924000,0.96694444444444438
2014-02-24 00:00:00 UTC,-116,-1080,432346000,1.2784722222222222
2014-02-24 00:00:00 UTC,-116,-1084,432346000,1.1668055555555554
2014-02-24 00:00:00 UTC,-116,-1070,431490000,1.8925
2014-02-24 00:00:00 UTC,141,-247,224153130,1.2245833333333334
2014-02-24 00:00:00 UTC,141,-245,224153130,3.765
2014-02-24 00:00:00 UTC,141,-246,224153130,1.6856944444444446
2014-02-24 00:00:00 UTC,141,-244,224153130,2.0051388888888892
2014-02-24 00:00:00 UTC,141,-1192,412440237,11.73388888888889
2014-02-24 00:00:00 UTC,397,83,247152130,7.560833333333334
2014-02-24 00:00:00 UTC,397,23,224094480,0.91972222222222233
2014-02-24 00:00:00 UTC,397,22,224094480,2.8023611111111109
2014-02-24 00:00:00 UTC,397,1241,412210714,2.6873611111111115
2014-02-24 00:00:00 UTC,397,1195,412326179,0.66819444444444442
2014-02-24 00:00:00 UTC,397,-222,263405380,2.4305555555555558
2014-02-24 00:00:00 UTC,397,-224,263405380,3.0595833333333333
2014-02-24 00:00:00 UTC,397,-221,263405380,2.2
2014-02-24 00:00:00 UTC,397,1203,412286276,3.2630555555555554
2014-02-24 00:00:00 UTC,397,1240,412210758,12.083055555555555
2014-02-24 00:00:00 UTC,397,23,224066890,0.43666666666666665
2014-02-24 00:00:00 UTC,397,22,224066890,1.818611111111111
2014-02-24 00:00:00 UTC,397,21,224066890,2.2116666666666664
2014-02-24 00:00:00 UTC,397,-97,263414860,6.02611111111111
2014-02-24 00:00:00 UTC,397,187,247122510,1.630138888888889
2014-02-24 00:00:00 UTC,397,186,247122510,5.3608333333333338
2014-02-24 00:00:00 UTC,397,185,247122510,0.67875
2014-02-24 00:00:00 UTC,397,1200,412885607,3.4811111111111108
2014-02-24 00:00:00 UTC,397,1241,412211821,1.9627777777777777
2014-02-24 00:00:00 UTC,397,22,224068490,1.5780555555555555
2014-02-24 00:00:00 UTC,397,21,224068490,2.0731944444444443
2014-02-24 00:00:00 UTC,397,23,224068490,0.7
2014-02-24 00:00:00 UTC,397,1194,412321447,0.40111111111111108
2014-02-24 00:00:00 UTC,397,23,224125630,0.82097222222222221
2014-02-24 00:00:00 UTC,397,22,224125630,1.5275
2014-02-24 00:00:00 UTC,397,21,224125630,1.9877777777777776
2014-02-24 00:00:00 UTC,397,1196,412416982,0.32847222222222222
2014-02-24 00:00:00 UTC,397,1194,412416982,0.92888888888888888
2014-02-24 00:00:00 UTC,397,1195,412416982,1.2462499999999999
2014-02-24 00:00:00 UTC,397,1202,412286167,1.4705555555555554
2014-02-24 00:00:00 UTC,397,1241,412211684,2.8581944444444445
2014-02-24 00:00:00 UTC,397,1194,800031988,3.76875
2014-02-24 00:00:00 UTC,397,1195,800031988,0.66763888888888889
2014-02-24 00:00:00 UTC,653,-114,251092000,10.21
2014-02-24 00:00:00 UTC,653,-250,251298110,0.88611111111111107
2014-02-24 00:00:00 UTC,-371,-543,770576200,11.238611111111112
2014-02-24 00:00:00 UTC,-371,-541,770576305,5.6847222222222227
2014-02-24 00:00:00 UTC,-371,-549,770576062,5.059444444444444
2014-02-24 00:00:00 UTC,-371,-548,770576062,1.1433333333333331
2014-02-24 00:00:00 UTC,-115,-1101,432448000,1.8240277777777778
2014-02-24 00:00:00 UTC,-115,-1103,432448000,0.861388888888889
2014-02-24 00:00:00 UTC,-115,-1546,735058003,2.3515277777777777
2014-02-24 00:00:00 UTC,-115,-1107,432924000,2.9591666666666665
2014-02-24 00:00:00 UTC,-115,-1080,432346000,1.8530555555555557
2014-02-24 00:00:00 UTC,-115,-1070,431022000,3.4220833333333331
2014-02-24 00:00:00 UTC,-115,-1072,431022000,1.9000000000000001
2014-02-24 00:00:00 UTC,142,-250,224153130,1.8343055555555554
2014-02-24 00:00:00 UTC,142,-248,224153130,1.0066666666666666
2014-02-24 00:00:00 UTC,142,-249,224153130,1.7990277777777779
2014-02-24 00:00:00 UTC,398,-92,263401740,0.29888888888888887
2014-02-24 00:00:00 UTC,398,-91,263401740,6.0520833333333313
2014-02-24 00:00:00 UTC,398,24,224094480,2.0811111111111114
2014-02-24 00:00:00 UTC,398,23,224094480,0.69138888888888883
2014-02-24 00:00:00 UTC,398,25,224094480,0.2625
2014-02-24 00:00:00 UTC,398,1198,412286252,5.4337500000000016
2014-02-24 00:00:00 UTC,398,1199,412286252,1.3656944444444443
2014-02-24 00:00:00 UTC,398,1199,412286261,0.62541666666666662
2014-02-24 00:00:00 UTC,398,1199,412286268,1.3983333333333332
2014-02-24 00:00:00 UTC,398,1198,412286268,3.42388888888889
2014-02-24 00:00:00 UTC,398,1198,412286275,6.5236111111111095
2014-02-24 00:00:00 UTC,398,1199,412286275,0.76583333333333337
2014-02-24 00:00:00 UTC,398,-225,263405380,2.215
2014-02-24 00:00:00 UTC,398,-229,263405380,6.9240277777777779
2014-02-24 00:00:00 UTC,398,1200,412286276,0.33083333333333331
2014-02-24 00:00:00 UTC,398,24,224066890,2.0022222222222221
2014-02-24 00:00:00 UTC,398,23,224066890,1.4051388888888889
2014-02-24 00:00:00 UTC,398,-98,263414860,4.6488888888888882
2014-02-24 00:00:00 UTC,398,187,247122510,0.87472222222222218
2014-02-24 00:00:00 UTC,398,1198,412286038,7.291944444444443
2014-02-24 00:00:00 UTC,398,187,247123290,1.0072222222222222
2014-02-24 00:00:00 UTC,398,1198,412286068,0.11625
2014-02-24 00:00:00 UTC,398,1199,412286074,0.2376388888888889
2014-02-24 00:00:00 UTC,398,1198,412286074,6.2090277777777771
2014-02-24 00:00:00 UTC,398,24,224068490,1.5608333333333333
2014-02-24 00:00:00 UTC,398,23,224068490,1.163888888888889
2014-02-24 00:00:00 UTC,398,25,224068490,1.08875
2014-02-24 00:00:00 UTC,398,25,224125630,0.505
2014-02-24 00:00:00 UTC,398,23,224125630,0.83319444444444446
2014-02-24 00:00:00 UTC,398,24,224125630,1.6461111111111113
2014-02-24 00:00:00 UTC,398,228,237900000,1.1405555555555555
2014-02-24 00:00:00 UTC,398,229,237900000,3.7219444444444445
2014-02-24 00:00:00 UTC,398,228,240705000,2.0131944444444443
2014-02-24 00:00:00 UTC,398,229,240705000,2.0643055555555554
2014-02-24 00:00:00 UTC,398,227,240705000,0.38347222222222221
2014-02-24 00:00:00 UTC,654,-115,251092000,1.495972222222222
2014-02-24 00:00:00 UTC,654,-252,251298110,7.4368055555555559
2014-02-24 00:00:00 UTC,654,-253,251298110,2.8597222222222225
2014-02-24 00:00:00 UTC,654,-251,251298110,11.422222222222221
2014-02-24 00:00:00 UTC,654,-251,251248110,0.68583333333333329
2014-02-24 00:00:00 UTC,654,-250,251248110,1.3287499999999999
2014-02-24 00:00:00 UTC,-370,-542,770576200,2.1295833333333332
2014-02-24 00:00:00 UTC,-114,-1101,432448000,1.1819444444444445
2014-02-24 00:00:00 UTC,-114,-1103,432448000,0.41541666666666666
2014-02-24 00:00:00 UTC,-114,-1107,432924000,0.75680555555555551
2014-02-24 00:00:00 UTC,-114,-1072,431022000,3.3527777777777779
2014-02-24 00:00:00 UTC,-114,-1071,431490000,1.7790277777777779
2014-02-24 00:00:00 UTC,143,-251,224153130,3.5338888888888889
2014-02-24 00:00:00 UTC,399,-735,367138050,2.9509722222222221
2014-02-24 00:00:00 UTC,399,-727,366873860,6.4668055555555561
2014-02-24 00:00:00 UTC,399,1202,412213791,11.512222222222222
2014-02-24 00:00:00 UTC,399,238,240105000,0.27388888888888885
2014-02-24 00:00:00 UTC,399,237,240105000,1.4708333333333332
2014-02-24 00:00:00 UTC,399,229,240105000,0.726388888888889
2014-02-24 00:00:00 UTC,399,1198,412286252,4.2652777777777775
2014-02-24 00:00:00 UTC,399,1199,412286252,12.91486111111111
2014-02-24 00:00:00 UTC,399,1201,412286264,3.9393055555555554
2014-02-24 00:00:00 UTC,399,1200,412286264,12.101111111111109
2014-02-24 00:00:00 UTC,399,1198,412286264,3.5336111111111106
2014-02-24 00:00:00 UTC,399,1199,412286264,7.2895833333333329
2014-02-24 00:00:00 UTC,399,1198,412286266,3.8254166666666669
2014-02-24 00:00:00 UTC,399,1199,412286266,2.8601388888888888
2014-02-24 00:00:00 UTC,399,1198,412286267,10.673333333333327
2014-02-24 00:00:00 UTC,399,1199,412286267,11.148472222222219
2014-02-24 00:00:00 UTC,399,1200,412286267,1.6908333333333334
2014-02-24 00:00:00 UTC,399,1198,412286268,5.1648611111111089
2014-02-24 00:00:00 UTC,399,1200,412286268,0.85569444444444442
2014-02-24 00:00:00 UTC,399,1199,412286268,13.017638888888891
2014-02-24 00:00:00 UTC,399,230,240104000,9.5131944444444443
2014-02-24 00:00:00 UTC,399,231,240104000,1.3584722222222221
2014-02-24 00:00:00 UTC,399,1199,412286275,3.6045833333333337
2014-02-24 00:00:00 UTC,399,-226,263405380,6.5041666666666664
2014-02-24 00:00:00 UTC,399,1201,412286276,3.6301388888888888
2014-02-24 00:00:00 UTC,399,1200,412286276,1.574861111111111
2014-02-24 00:00:00 UTC,399,1201,412286277,1.3058333333333332
2014-02-24 00:00:00 UTC,399,1198,412286277,2.4418055555555558
2014-02-24 00:00:00 UTC,399,1199,412286277,16.301944444444437
2014-02-24 00:00:00 UTC,399,1200,412286277,3.9915277777777778
2014-02-24 00:00:00 UTC,399,1198,412286278,7.069305555555558
2014-02-24 00:00:00 UTC,399,1199,412286278,16.723888888888894
2014-02-24 00:00:00 UTC,399,-99,204285000,0.52583333333333337
2014-02-24 00:00:00 UTC,399,1200,412286038,5.1459722222222215
2014-02-24 00:00:00 UTC,399,1199,412286038,10.146527777777777
2014-02-24 00:00:00 UTC,399,1198,412286038,2.7404166666666669
2014-02-24 00:00:00 UTC,399,186,247123290,3.2998611111111114
2014-02-24 00:00:00 UTC,399,187,247123290,6.6743055555555557
2014-02-24 00:00:00 UTC,399,238,237308000,7.3386111111111108
2014-02-24 00:00:00 UTC,399,237,237308000,0.26958333333333334
2014-02-24 00:00:00 UTC,399,34,224073830,2.8695833333333334
2014-02-24 00:00:00 UTC,399,33,224073830,0.96847222222222218
2014-02-24 00:00:00 UTC,399,1198,412286054,4.0569444444444445
2014-02-24 00:00:00 UTC,399,1201,412286054,1.5995833333333334
2014-02-24 00:00:00 UTC,399,1199,412286054,10.545555555555556
2014-02-24 00:00:00 UTC,399,1200,412286054,7.8411111111111111
2014-02-24 00:00:00 UTC,399,232,237457000,1.7336111111111112
2014-02-24 00:00:00 UTC,399,1200,412286323,4.3080555555555557
2014-02-24 00:00:00 UTC,399,1201,412286323,0.75097222222222215
2014-02-24 00:00:00 UTC,399,1198,412286068,12.241666666666658
2014-02-24 00:00:00 UTC,399,1199,412286068,11.583749999999998
2014-02-24 00:00:00 UTC,399,1202,412286072,15.21125
2014-02-24 00:00:00 UTC,399,1200,412286072,1.3904166666666666
2014-02-24 00:00:00 UTC,399,1201,412286072,3.4861111111111107
2014-02-24 00:00:00 UTC,399,1199,412286074,3.1476388888888893
2014-02-24 00:00:00 UTC,399,1201,412286074,12.03736111111111
2014-02-24 00:00:00 UTC,399,1202,412286074,2.5793055555555555
2014-02-24 00:00:00 UTC,399,1200,412286074,1.5143055555555556
2014-02-24 00:00:00 UTC,399,-697,367387330,17.828333333333333
2014-02-24 00:00:00 UTC,399,228,237900000,3.8237500000000009
2014-02-24 00:00:00 UTC,399,227,237900000,0.22888888888888889
2014-02-24 00:00:00 UTC,399,228,240705000,1.80875
2014-02-24 00:00:00 UTC,399,227,240705000,1.9873611111111111
2014-02-24 00:00:00 UTC,655,-116,251092000,8.7195833333333326
2014-02-24 00:00:00 UTC,655,-251,251298110,0.54027777777777786
2014-02-24 00:00:00 UTC,655,-250,251298110,0.325
2014-02-24 00:00:00 UTC,655,-250,251351110,3.0069444444444446
2014-02-24 00:00:00 UTC,655,-251,251351110,2.8316666666666666
2014-02-24 00:00:00 UTC,655,-251,251248110,5.3069444444444445
2014-02-24 00:00:00 UTC,655,-252,251248110,1.8608333333333333
2014-02-24 00:00:00 UTC,655,-250,251248110,2.310972222222222
2014-02-24 00:00:00 UTC,-369,-541,770576200,1.5152777777777779
2014-02-24 00:00:00 UTC,-113,-1104,432448000,1.171111111111111
2014-02-24 00:00:00 UTC,-113,-1101,432448000,1.1372222222222221
2014-02-24 00:00:00 UTC,-113,-1107,432924000,1.8752777777777778
2014-02-24 00:00:00 UTC,-113,-1108,432924000,3.0568055555555551
2014-02-24 00:00:00 UTC,-113,-1081,432346000,1.7958333333333334
2014-02-24 00:00:00 UTC,-113,-1084,432346000,3.41375
2014-02-24 00:00:00 UTC,144,-213,224452000,1.2540277777777777
2014-02-24 00:00:00 UTC,144,-212,224452000,3.1506944444444445
2014-02-24 00:00:00 UTC,400,-229,263410690,5.7394444444444446
2014-02-24 00:00:00 UTC,400,-234,263410690,5.6605555555555558
2014-02-24 00:00:00 UTC,400,-224,263410690,3.0712500000000005
2014-02-24 00:00:00 UTC,400,-226,263410690,0.23666666666666666
2014-02-24 00:00:00 UTC,400,-225,263410690,2.9905555555555559
2014-02-24 00:00:00 UTC,400,-223,263410690,3.2398611111111113
2014-02-24 00:00:00 UTC,400,9,224210180,3.0650000000000004
2014-02-24 00:00:00 UTC,400,236,240021000,2.5365277777777777
2014-02-24 00:00:00 UTC,400,235,240105000,3.3091666666666666
2014-02-24 00:00:00 UTC,400,229,240105000,1.7169444444444444
2014-02-24 00:00:00 UTC,400,236,240105000,4.3718055555555555
2014-02-24 00:00:00 UTC,400,1209,412701492,6.752361111111111
2014-02-24 00:00:00 UTC,400,1210,412001083,1.9763888888888888
2014-02-24 00:00:00 UTC,400,1210,412004673,20.887361111111112
2014-02-24 00:00:00 UTC,400,-99,204285000,0.88694444444444442
2014-02-24 00:00:00 UTC,400,230,237127000,1.1416666666666668
2014-02-24 00:00:00 UTC,400,231,237127000,1.3751388888888889
2014-02-24 00:00:00 UTC,400,187,247123290,2.036111111111111
2014-02-24 00:00:00 UTC,400,186,247123290,4.2776388888888883
2014-02-24 00:00:00 UTC,400,237,237308000,3.1788888888888889
2014-02-24 00:00:00 UTC,400,236,237308000,6.41875
2014-02-24 00:00:00 UTC,400,231,240337000,0.22638888888888889
2014-02-24 00:00:00 UTC,400,231,237457000,0.87805555555555559
2014-02-24 00:00:00 UTC,400,232,237457000,4.62375
2014-02-24 00:00:00 UTC,400,-713,367059830,13.605416666666667
2014-02-24 00:00:00 UTC,400,226,237295000,2.6220833333333333
2014-02-24 00:00:00 UTC,400,226,237880000,3.4625
2014-02-24 00:00:00 UTC,400,228,237900000,3.1227777777777779
2014-02-24 00:00:00 UTC,400,227,237900000,0.51263888888888887
2014-02-24 00:00:00 UTC,400,227,240705000,4.3552777777777782
2014-02-24 00:00:00 UTC,400,228,240705000,2.6129166666666666
2014-02-24 00:00:00 UTC,656,-250,251257110,6.8191666666666659
2014-02-24 00:00:00 UTC,656,-252,251257110,3.3283333333333331
2014-02-24 00:00:00 UTC,656,-251,251257110,7.4873611111111122
2014-02-24 00:00:00 UTC,656,-115,251092000,1.5484722222222222
2014-02-24 00:00:00 UTC,656,-250,251351110,1.1793055555555556
2014-02-24 00:00:00 UTC,656,-252,251351110,5.1368055555555552
2014-02-24 00:00:00 UTC,656,-251,251351110,6.7733333333333334
2014-02-24 00:00:00 UTC,656,-253,251351110,1.4790277777777778
2014-02-24 00:00:00 UTC,656,-249,251563110,3.5419444444444448
2014-02-24 00:00:00 UTC,656,-250,251563110,1.0666666666666667
2014-02-24 00:00:00 UTC,656,-248,251563110,1.5268055555555553
2014-02-24 00:00:00 UTC,656,-182,251809940,0.89986111111111122
2014-02-24 00:00:00 UTC,656,-253,251248110,2.4993055555555554
2014-02-24 00:00:00 UTC,656,-255,251248110,4.8112499999999994
2014-02-24 00:00:00 UTC,656,-254,251248110,0.91875
2014-02-24 00:00:00 UTC,656,-252,251248110,1.5416666666666665
2014-02-24 00:00:00 UTC,-368,-541,770576200,5.03888888888889
2014-02-24 00:00:00 UTC,-112,-1101,432448000,1.1984722222222222
2014-02-24 00:00:00 UTC,-112,128,306012000,1.1948611111111112
2014-02-24 00:00:00 UTC,-112,-1107,432924000,3.3468055555555556
2014-02-24 00:00:00 UTC,-112,-1081,432346000,0.90277777777777779
2014-02-24 00:00:00 UTC,401,-226,263410690,0.59027777777777779
2014-02-24 00:00:00 UTC,401,-227,263410690,1.7863888888888888
2014-02-24 00:00:00 UTC,401,9,224210180,1.2816666666666667
2014-02-24 00:00:00 UTC,401,235,240021000,0.66805555555555551
2014-02-24 00:00:00 UTC,401,1214,412705559,0.16236111111111112
2014-02-24 00:00:00 UTC,401,234,240105000,1.810138888888889
2014-02-24 00:00:00 UTC,401,230,240105000,0.30277777777777781
2014-02-24 00:00:00 UTC,401,1209,412701492,0.97374999999999989
2014-02-24 00:00:00 UTC,401,1210,412001083,0.69805555555555554
2014-02-24 00:00:00 UTC,401,1209,412001083,24.612083333333334
2014-02-24 00:00:00 UTC,401,-99,204285000,1.0269444444444444
2014-02-24 00:00:00 UTC,401,234,237885000,10.835416666666667
2014-02-24 00:00:00 UTC,401,231,237127000,1.8295833333333331
2014-02-24 00:00:00 UTC,401,229,237127000,0.9013888888888888
2014-02-24 00:00:00 UTC,401,230,237127000,1.6945833333333331
2014-02-24 00:00:00 UTC,401,232,237127000,1.6748611111111109
2014-02-24 00:00:00 UTC,401,231,240337000,3.5993055555555555
2014-02-24 00:00:00 UTC,401,232,237457000,3.3430555555555559
2014-02-24 00:00:00 UTC,401,5,224068970,2.0069444444444446
2014-02-24 00:00:00 UTC,401,6,224010630,2.7927777777777774
2014-02-24 00:00:00 UTC,401,226,237178000,10.000972222222222
2014-02-24 00:00:00 UTC,401,226,237295000,4.2131944444444454
2014-02-24 00:00:00 UTC,401,235,240131000,2.6068055555555554
2014-02-24 00:00:00 UTC,401,234,240131000,5.4752777777777775
2014-02-24 00:00:00 UTC,401,233,240131000,0.8525
2014-02-24 00:00:00 UTC,401,10,224164540,0.55541666666666667
2014-02-24 00:00:00 UTC,401,11,224164540,0.72236111111111112
2014-02-24 00:00:00 UTC,401,4,224071870,3.5081944444444444
2014-02-24 00:00:00 UTC,401,226,237880000,3.9838888888888895
2014-02-24 00:00:00 UTC,401,229,237900000,1.5013888888888887
2014-02-24 00:00:00 UTC,401,230,237900000,0.41513888888888889
2014-02-24 00:00:00 UTC,401,228,237900000,3.099305555555556
2014-02-24 00:00:00 UTC,401,230,240705000,0.49152777777777779
2014-02-24 00:00:00 UTC,401,229,240705000,1.6084722222222223
2014-02-24 00:00:00 UTC,657,-258,251530000,4.1663888888888891
2014-02-24 00:00:00 UTC,657,-252,251257110,3.6727777777777777
2014-02-24 00:00:00 UTC,657,-253,251257110,0.96930555555555564
2014-02-24 00:00:00 UTC,657,-115,251092000,1.515138888888889
2014-02-24 00:00:00 UTC,657,-181,251225640,3.5302777777777776
2014-02-24 00:00:00 UTC,657,-253,251447110,10.63625
2014-02-24 00:00:00 UTC,657,-252,251447110,6.6173611111111112
2014-02-24 00:00:00 UTC,657,-251,251447110,0.40402777777777776
2014-02-24 00:00:00 UTC,657,-254,251447110,0.63888888888888884
2014-02-24 00:00:00 UTC,657,-182,251208840,4.9023611111111114
2014-02-24 00:00:00 UTC,657,-182,251809940,0.71708333333333329
2014-02-24 00:00:00 UTC,-367,-536,770576305,1.6461111111111113
2014-02-24 00:00:00 UTC,-111,-1101,432448000,1.9373611111111111
2014-02-24 00:00:00 UTC,-111,-1081,432346000,0.98749999999999993
2014-02-24 00:00:00 UTC,402,7,224210180,2.635416666666667
2014-02-24 00:00:00 UTC,402,1219,412213811,6.6608333333333327
2014-02-24 00:00:00 UTC,402,1220,412214086,0.14986111111111111
2014-02-24 00:00:00 UTC,402,-99,204285000,5.0711111111111107
2014-02-24 00:00:00 UTC,402,1212,412564566,1.7702777777777778
2014-02-24 00:00:00 UTC,402,231,237127000,0.63583333333333325
2014-02-24 00:00:00 UTC,402,230,237127000,0.20722222222222222
2014-02-24 00:00:00 UTC,402,1219,100700762,3.0709722222222222
2014-02-24 00:00:00 UTC,402,1220,100700762,0.37861111111111112
2014-02-24 00:00:00 UTC,402,227,240337000,1.2520833333333334
2014-02-24 00:00:00 UTC,402,232,237457000,0.25180555555555556
2014-02-24 00:00:00 UTC,402,231,237457000,8.2663888888888888
2014-02-24 00:00:00 UTC,402,5,224068970,0.73486111111111119
2014-02-24 00:00:00 UTC,402,5,224043370,0.83902777777777771
2014-02-24 00:00:00 UTC,402,5,224010630,2.4048611111111113
2014-02-24 00:00:00 UTC,402,6,224010630,3.1529166666666661
2014-02-24 00:00:00 UTC,402,227,237295000,0.43402777777777779
2014-02-24 00:00:00 UTC,402,226,237295000,3.5248611111111106
2014-02-24 00:00:00 UTC,402,233,240131000,0.25375000000000003
2014-02-24 00:00:00 UTC,402,234,240131000,3.9044444444444446
2014-02-24 00:00:00 UTC,402,99,247084730,1.4629166666666666
2014-02-24 00:00:00 UTC,402,97,247084730,2.3843055555555557
2014-02-24 00:00:00 UTC,402,98,247084730,2.8751388888888885
2014-02-24 00:00:00 UTC,402,4,224071870,4.1561111111111115
2014-02-24 00:00:00 UTC,402,-549,224472000,7.0813888888888883
2014-02-24 00:00:00 UTC,402,226,237880000,2.3233333333333333
2014-02-24 00:00:00 UTC,402,227,237880000,2.6719444444444442
2014-02-24 00:00:00 UTC,402,102,247151050,0.70124999999999993
2014-02-24 00:00:00 UTC,402,228,237900000,0.22111111111111112
2014-02-24 00:00:00 UTC,402,-729,367555070,8.1788888888888884
2014-02-24 00:00:00 UTC,658,-257,251530000,9.03875
2014-02-24 00:00:00 UTC,658,-256,251530000,2.1801388888888891
2014-02-24 00:00:00 UTC,658,-204,251317540,1.5259722222222223
2014-02-24 00:00:00 UTC,658,-181,251810110,0.69486111111111115
2014-02-24 00:00:00 UTC,658,-182,251810110,4.1111111111111116
2014-02-24 00:00:00 UTC,658,-254,251447110,3.6194444444444449
2014-02-24 00:00:00 UTC,658,-196,251359840,0.37124999999999997
2014-02-24 00:00:00 UTC,658,-197,251359840,0.71736111111111112
2014-02-24 00:00:00 UTC,658,-204,251551340,1.5277777777777779
2014-02-24 00:00:00 UTC,658,-183,251208440,1.1169444444444445
2014-02-24 00:00:00 UTC,-366,-535,770576305,1.3670833333333334
2014-02-24 00:00:00 UTC,-110,-1104,432448000,3.4140277777777777
2014-02-24 00:00:00 UTC,147,-1588,432321000,1.6111111111111112
2014-02-24 00:00:00 UTC,147,-1589,432321000,4.0613888888888887
2014-02-24 00:00:00 UTC,403,6,224205880,6.192222222222223
2014-02-24 00:00:00 UTC,403,5,224205880,1.0627777777777778
2014-02-24 00:00:00 UTC,403,1219,412214086,4.3615277777777788
2014-02-24 00:00:00 UTC,403,1220,412214086,2.1913888888888891
2014-02-24 00:00:00 UTC,403,10,224350280,2.6704166666666667
2014-02-24 00:00:00 UTC,403,9,224350280,1.0752777777777778
2014-02-24 00:00:00 UTC,403,4,224133980,2.6115277777777779
2014-02-24 00:00:00 UTC,403,5,224133980,3.2815277777777778
2014-02-24 00:00:00 UTC,403,227,240337000,1.7022222222222223
2014-02-24 00:00:00 UTC,403,1215,412213613,3.14625
2014-02-24 00:00:00 UTC,403,1220,412213877,12.996388888888891
2014-02-24 00:00:00 UTC,403,1220,412213885,4.3329166666666676
2014-02-24 00:00:00 UTC,403,4,224299660,0.45861111111111108
2014-02-24 00:00:00 UTC,403,226,237295000,0.475
2014-02-24 00:00:00 UTC,403,227,237295000,2.19
2014-02-24 00:00:00 UTC,403,146,247114410,2.0623611111111111
2014-02-24 00:00:00 UTC,403,147,247101880,7.8106944444444437
2014-02-24 00:00:00 UTC,403,148,247101880,0.32194444444444448
2014-02-24 00:00:00 UTC,403,4,224071870,1.0319444444444446
2014-02-24 00:00:00 UTC,403,-550,224472000,0.78625000000000012
2014-02-24 00:00:00 UTC,403,227,237880000,2.8794444444444447
2014-02-24 00:00:00 UTC,403,103,247151050,5.7220833333333321
2014-02-24 00:00:00 UTC,403,13,224014550,0.5476388888888889
2014-02-24 00:00:00 UTC,403,1220,412214257,4.920694444444444
2014-02-24 00:00:00 UTC,403,103,247133170,6.0280555555555564
2014-02-24 00:00:00 UTC,659,-230,251202110,2.5515277777777774
2014-02-24 00:00:00 UTC,659,-229,251202110,2.2776388888888888
2014-02-24 00:00:00 UTC,659,-306,276806000,1.5608333333333333
2014-02-24 00:00:00 UTC,659,-305,276806000,3.0791666666666666
2014-02-24 00:00:00 UTC,659,-307,276806000,17.329166666666669
2014-02-24 00:00:00 UTC,659,-230,251027110,0.24
2014-02-24 00:00:00 UTC,659,-184,251208440,2.2990277777777779
2014-02-24 00:00:00 UTC,659,-183,251208440,1.6409722222222221
2014-02-24 00:00:00 UTC,-365,-534,770576305,2.8247222222222224
2014-02-24 00:00:00 UTC,-365,1579,431702990,2.1975
2014-02-24 00:00:00 UTC,-365,1573,431702990,2.1687499999999997
2014-02-24 00:00:00 UTC,-109,-1101,432448000,1.9004166666666666
2014-02-24 00:00:00 UTC,404,1215,412213508,2.94
2014-02-24 00:00:00 UTC,404,1216,412213508,12.299027777777779
2014-02-24 00:00:00 UTC,404,146,247111950,8.224444444444444
2014-02-24 00:00:00 UTC,404,1216,412705559,1.4598611111111111
2014-02-24 00:00:00 UTC,404,1217,412705559,3.6077777777777786
2014-02-24 00:00:00 UTC,404,14,224252450,1.1793055555555556
2014-02-24 00:00:00 UTC,404,13,224252450,2.8152777777777778
2014-02-24 00:00:00 UTC,404,1217,412035107,2.4881944444444444
2014-02-24 00:00:00 UTC,404,1216,412035107,6.1416666666666675
2014-02-24 00:00:00 UTC,404,5,224205880,0.65430555555555558
2014-02-24 00:00:00 UTC,404,147,247122490,0.70652777777777787
2014-02-24 00:00:00 UTC,404,148,247122490,1.33125
2014-02-24 00:00:00 UTC,404,8,224350280,4.5868055555555554
2014-02-24 00:00:00 UTC,404,290,271072855,0.2625
2014-02-24 00:00:00 UTC,404,289,271072855,0.16236111111111112
2014-02-24 00:00:00 UTC,404,5,224133980,3.024861111111111
2014-02-24 00:00:00 UTC,404,139,247100520,0.27527777777777779
2014-02-24 00:00:00 UTC,404,1216,412213617,6.5787499999999994
2014-02-24 00:00:00 UTC,404,12,224071540,3.6095833333333331
2014-02-24 00:00:00 UTC,404,139,247100020,1.3761111111111111
2014-02-24 00:00:00 UTC,404,1216,412213661,15.325138888888885
2014-02-24 00:00:00 UTC,404,147,247112110,2.0004166666666667
2014-02-24 00:00:00 UTC,404,146,247112110,2.1361111111111111
2014-02-24 00:00:00 UTC,404,147,247101880,3.2043055555555555
2014-02-24 00:00:00 UTC,404,13,224014270,1.2780555555555557
2014-02-24 00:00:00 UTC,404,-550,224472000,2.2925
2014-02-24 00:00:00 UTC,404,-97,255512000,0.69708333333333328
2014-02-24 00:00:00 UTC,404,-96,255512000,3.2773611111111109
2014-02-24 00:00:00 UTC,404,103,247151050,1.6393055555555553
2014-02-24 00:00:00 UTC,404,13,224416460,1.5058333333333334
2014-02-24 00:00:00 UTC,404,11,224055250,0.60041666666666671
2014-02-24 00:00:00 UTC,404,12,224014550,2.7247222222222223
2014-02-24 00:00:00 UTC,404,13,224014550,2.4552777777777779
2014-02-24 00:00:00 UTC,404,103,247133170,7.81611111111111
2014-02-24 00:00:00 UTC,660,-230,251202110,0.29625
2014-02-24 00:00:00 UTC,660,-177,251361110,1.71125
2014-02-24 00:00:00 UTC,660,-306,276806000,2.2848611111111112
2014-02-24 00:00:00 UTC,660,-186,251550110,0.62125
2014-02-24 00:00:00 UTC,660,-185,251396840,1.1984722222222224
2014-02-24 00:00:00 UTC,660,-184,251396840,0.2286111111111111
2014-02-24 00:00:00 UTC,660,-184,251208440,0.71597222222222223
2014-02-24 00:00:00 UTC,-364,-533,770576305,5.6813888888888888
2014-02-24 00:00:00 UTC,-364,352,263576000,1.1323611111111112
2014-02-24 00:00:00 UTC,-364,351,263576000,2.6574999999999998
2014-02-24 00:00:00 UTC,-364,1579,431702990,3.0990277777777777
2014-02-24 00:00:00 UTC,-108,-1101,432448000,3.36375
2014-02-24 00:00:00 UTC,-108,64,432276000,1.8179166666666666
2014-02-24 00:00:00 UTC,-108,66,432276000,1.828611111111111
2014-02-24 00:00:00 UTC,149,-1601,432321000,3.1416666666666662
2014-02-24 00:00:00 UTC,405,-95,263405580,4.47125
2014-02-24 00:00:00 UTC,405,-94,263405580,3.0275000000000003
2014-02-24 00:00:00 UTC,405,147,247111950,1.4681944444444444
2014-02-24 00:00:00 UTC,405,148,247111950,0.50138888888888888
2014-02-24 00:00:00 UTC,405,1216,412705559,2.6238888888888887
2014-02-24 00:00:00 UTC,405,13,224252450,0.48319444444444448
2014-02-24 00:00:00 UTC,405,1216,412035107,5.6183333333333332
2014-02-24 00:00:00 UTC,405,13,224087340,2.5534722222222221
2014-02-24 00:00:00 UTC,405,147,247122490,3.4309722222222221
2014-02-24 00:00:00 UTC,405,146,247122490,0.29458333333333331
2014-02-24 00:00:00 UTC,405,1216,412213329,2.5020833333333332
2014-02-24 00:00:00 UTC,405,13,224097380,1.1945833333333336
2014-02-24 00:00:00 UTC,405,-728,367426660,7.63486111111111
2014-02-24 00:00:00 UTC,405,139,247100520,1.4552777777777779
2014-02-24 00:00:00 UTC,405,140,247100520,7.00763888888889
2014-02-24 00:00:00 UTC,405,1215,412000620,8.95513888888889
2014-02-24 00:00:00 UTC,405,1215,412556656,19.480416666666667
2014-02-24 00:00:00 UTC,405,140,247100020,3.575277777777778
2014-02-24 00:00:00 UTC,405,139,247100020,3.5212499999999998
2014-02-24 00:00:00 UTC,405,259,237029000,0.8849999999999999
2014-02-24 00:00:00 UTC,405,258,237029000,4.4772222222222222
2014-02-24 00:00:00 UTC,405,1215,412320911,0.28916666666666668
2014-02-24 00:00:00 UTC,405,146,247114410,0.88097222222222216
2014-02-24 00:00:00 UTC,405,147,247114410,5.8776388888888889
2014-02-24 00:00:00 UTC,405,146,247112110,3.0529166666666665
2014-02-24 00:00:00 UTC,405,147,247112110,4.1897222222222226
2014-02-24 00:00:00 UTC,405,1220,412213687,2.234861111111111
2014-02-24 00:00:00 UTC,405,13,224014270,3.6945833333333331
2014-02-24 00:00:00 UTC,405,-553,224472000,3.455138888888889
2014-02-24 00:00:00 UTC,405,-550,224472000,2.4461111111111107
2014-02-24 00:00:00 UTC,405,-552,224472000,1.6179166666666667
2014-02-24 00:00:00 UTC,405,-554,224472000,1.2101388888888889
2014-02-24 00:00:00 UTC,405,-96,255512000,5.3974999999999991
2014-02-24 00:00:00 UTC,405,-95,255512000,2.8520833333333333
2014-02-24 00:00:00 UTC,405,1215,412213698,11.926805555555555
2014-02-24 00:00:00 UTC,405,13,224416460,2.3129166666666667
2014-02-24 00:00:00 UTC,405,12,224055250,0.71944444444444444
2014-02-24 00:00:00 UTC,405,1215,412213716,3.2383333333333333
2014-02-24 00:00:00 UTC,405,1215,415864546,14.429444444444442
2014-02-24 00:00:00 UTC,661,-178,251064110,0.6726388888888889
2014-02-24 00:00:00 UTC,661,-178,251361110,3.5058333333333329
2014-02-24 00:00:00 UTC,661,-177,251361110,0.72333333333333327
2014-02-24 00:00:00 UTC,661,-231,251402110,2.2231944444444447
2014-02-24 00:00:00 UTC,661,-232,251402110,5.1005555555555553
2014-02-24 00:00:00 UTC,661,-185,251396840,2.0355555555555553
2014-02-24 00:00:00 UTC,661,-184,251396840,3.9297222222222223
2014-02-24 00:00:00 UTC,-363,-535,770576186,2.7833333333333337
2014-02-24 00:00:00 UTC,-363,-534,770576186,1.5806944444444446
2014-02-24 00:00:00 UTC,-363,344,224556000,1.4802777777777778
2014-02-24 00:00:00 UTC,-363,340,224556000,3.9851388888888888
2014-02-24 00:00:00 UTC,-107,34,432408000,1.74375
2014-02-24 00:00:00 UTC,150,-1574,432899000,1.9294444444444445
2014-02-24 00:00:00 UTC,150,-1571,432899000,2.2154166666666666
2014-02-24 00:00:00 UTC,150,-1573,432899000,2.1456944444444446
2014-02-24 00:00:00 UTC,150,-1575,432899000,1.2169444444444442
2014-02-24 00:00:00 UTC,406,142,247113220,1.3501388888888888
2014-02-24 00:00:00 UTC,406,141,247113220,1.0777777777777777
2014-02-24 00:00:00 UTC,406,143,247113220,0.92375
2014-02-24 00:00:00 UTC,406,144,247113220,0.21986111111111112
2014-02-24 00:00:00 UTC,406,-94,263405580,2.701111111111111
2014-02-24 00:00:00 UTC,406,147,247111950,0.3165277777777778
2014-02-24 00:00:00 UTC,406,143,247110970,1.5302777777777778
2014-02-24 00:00:00 UTC,406,102,247150410,4.0488888888888894
2014-02-24 00:00:00 UTC,406,10,224083790,0.12486111111111112
2014-02-24 00:00:00 UTC,406,183,247122260,11.245277777777778
2014-02-24 00:00:00 UTC,406,13,224097380,1.3997222222222221
2014-02-24 00:00:00 UTC,406,1215,412000620,8.1433333333333326
2014-02-24 00:00:00 UTC,406,1219,412213613,2.5090277777777779
2014-02-24 00:00:00 UTC,406,1215,412556656,4.0625
2014-02-24 00:00:00 UTC,406,257,237029000,2.1786111111111111
2014-02-24 00:00:00 UTC,406,258,237029000,6.6426388888888885
2014-02-24 00:00:00 UTC,406,182,247120550,11.003888888888889
2014-02-24 00:00:00 UTC,406,258,237347000,1.9161111111111111
2014-02-24 00:00:00 UTC,406,13,224014270,0.65180555555555553
2014-02-24 00:00:00 UTC,406,-554,224472000,6.4805555555555552
2014-02-24 00:00:00 UTC,406,13,224416460,0.40166666666666667
2014-02-24 00:00:00 UTC,406,1215,415864546,9.5641666666666687
2014-02-24 00:00:00 UTC,406,179,247122670,0.59166666666666667
2014-02-24 00:00:00 UTC,406,-92,263402480,0.29944444444444446
2014-02-24 00:00:00 UTC,406,257,237334000,1.9652777777777777
2014-02-24 00:00:00 UTC,406,259,237334000,2.2901388888888889
2014-02-24 00:00:00 UTC,406,258,237334000,9.61722222222222
2014-02-24 00:00:00 UTC,406,142,247113720,1.8934722222222224
2014-02-24 00:00:00 UTC,406,141,247113720,0.85277777777777775
2014-02-24 00:00:00 UTC,662,-123,251054110,1.5666666666666667
2014-02-24 00:00:00 UTC,662,-125,251054110,1.5373611111111112
2014-02-24 00:00:00 UTC,662,-120,251054110,2.3056944444444447
2014-02-24 00:00:00 UTC,662,-122,251054110,8.6876388888888876
2014-02-24 00:00:00 UTC,662,-124,251054110,1.5194444444444444
2014-02-24 00:00:00 UTC,662,-306,331070000,7.14861111111111
2014-02-24 00:00:00 UTC,662,-307,331070000,6.1377777777777771
2014-02-24 00:00:00 UTC,662,-190,251436110,1.444722222222222
2014-02-24 00:00:00 UTC,662,-189,251436110,2.0736111111111111
2014-02-24 00:00:00 UTC,662,-235,251793240,0.88027777777777783
2014-02-24 00:00:00 UTC,662,-236,251793240,4.5676388888888892
2014-02-24 00:00:00 UTC,662,-235,251420000,1.6081944444444445
2014-02-24 00:00:00 UTC,662,-237,251420000,1.3843055555555557
2014-02-24 00:00:00 UTC,662,-236,251420000,5.1734722222222222
2014-02-24 00:00:00 UTC,662,-123,251019110,7.1430555555555557
2014-02-24 00:00:00 UTC,662,-124,251019110,1.5541666666666667
2014-02-24 00:00:00 UTC,662,-125,251019110,7.1194444444444445
2014-02-24 00:00:00 UTC,662,-121,251019110,2.2966666666666669
2014-02-24 00:00:00 UTC,662,-122,251019110,4.6255555555555556
2014-02-24 00:00:00 UTC,662,-231,251842670,6.1263888888888882
2014-02-24 00:00:00 UTC,662,-232,251842670,0.44097222222222221
2014-02-24 00:00:00 UTC,662,-232,251402110,1.5318055555555556
2014-02-24 00:00:00 UTC,662,-233,251402110,2.446944444444445
2014-02-24 00:00:00 UTC,662,-259,251338110,4.3975
2014-02-24 00:00:00 UTC,662,-187,251146640,3.1179166666666669
2014-02-24 00:00:00 UTC,662,-188,251146640,5.4045833333333322
2014-02-24 00:00:00 UTC,662,-236,251841270,2.3855555555555559
2014-02-24 00:00:00 UTC,662,-235,251841270,0.28069444444444447
2014-02-24 00:00:00 UTC,662,-237,251841270,1.5798611111111109
2014-02-24 00:00:00 UTC,-362,-533,770576186,8.7947222222222212
2014-02-24 00:00:00 UTC,-362,205,601254000,17.67625
2014-02-24 00:00:00 UTC,-362,-560,701006201,5.0277777777777777
2014-02-24 00:00:00 UTC,-362,344,224556000,1.61125
2014-02-24 00:00:00 UTC,-106,64,432276000,1.7723611111111111
2014-02-24 00:00:00 UTC,-106,-1109,431613000,1.8416666666666666
2014-02-24 00:00:00 UTC,-106,9,431791000,3.2058333333333331
2014-02-24 00:00:00 UTC,-106,10,431791000,3.4655555555555555
2014-02-24 00:00:00 UTC,-106,34,432408000,1.9277777777777778
2014-02-24 00:00:00 UTC,151,-1594,432399000,0.91666666666666674
2014-02-24 00:00:00 UTC,151,-1576,432899000,1.3356944444444445
2014-02-24 00:00:00 UTC,151,-1575,432899000,0.34680555555555553
2014-02-24 00:00:00 UTC,407,141,247113220,2.1756944444444448
2014-02-24 00:00:00 UTC,407,143,247113220,0.4375
2014-02-24 00:00:00 UTC,407,144,247113220,0.63
2014-02-24 00:00:00 UTC,407,142,247113220,3.0061111111111112
2014-02-24 00:00:00 UTC,407,292,271072027,3.6536111111111111
2014-02-24 00:00:00 UTC,407,12,224012830,1.4694444444444443
2014-02-24 00:00:00 UTC,407,139,247110430,2.7941666666666669
2014-02-24 00:00:00 UTC,407,258,271073060,3.0983333333333332
2014-02-24 00:00:00 UTC,407,257,271073060,1.5284722222222222
2014-02-24 00:00:00 UTC,407,138,247131440,0.65361111111111114
2014-02-24 00:00:00 UTC,407,139,247131440,2.6451388888888889
2014-02-24 00:00:00 UTC,407,12,224175670,1.276111111111111
2014-02-24 00:00:00 UTC,407,13,224175670,2.3263888888888888
2014-02-24 00:00:00 UTC,407,143,247110970,3.7669444444444435
2014-02-24 00:00:00 UTC,407,10,224083790,1.1769444444444446
2014-02-24 00:00:00 UTC,407,183,247122260,0.47263888888888889
2014-02-24 00:00:00 UTC,407,182,247122260,1.48625
2014-02-24 00:00:00 UTC,407,181,247122260,8.1429166666666664
2014-02-24 00:00:00 UTC,407,258,271062108,1.9908333333333335
2014-02-24 00:00:00 UTC,407,244,240220000,1.5191666666666666
2014-02-24 00:00:00 UTC,407,245,240220000,0.69666666666666666
2014-02-24 00:00:00 UTC,407,142,247114610,7.132083333333334
2014-02-24 00:00:00 UTC,407,141,247114610,4.4011111111111108
2014-02-24 00:00:00 UTC,407,133,247100020,5.6445833333333333
2014-02-24 00:00:00 UTC,407,134,247100020,6.4552777777777788
2014-02-24 00:00:00 UTC,407,10,224060290,1.1744444444444444
2014-02-24 00:00:00 UTC,407,258,237029000,0.98277777777777786
2014-02-24 00:00:00 UTC,407,294,271056028,0.79638888888888892
2014-02-24 00:00:00 UTC,407,11,224127390,1.2670833333333333
2014-02-24 00:00:00 UTC,407,138,247114150,0.44111111111111112
2014-02-24 00:00:00 UTC,407,139,247114150,2.62625
2014-02-24 00:00:00 UTC,407,11,224095660,0.62222222222222223
2014-02-24 00:00:00 UTC,407,12,224095660,3.8418055555555553
2014-02-24 00:00:00 UTC,407,138,247113390,0.62694444444444453
2014-02-24 00:00:00 UTC,407,139,247113390,4.0609722222222224
2014-02-24 00:00:00 UTC,407,-92,224355000,1.0019444444444443
2014-02-24 00:00:00 UTC,407,-91,224355000,0.75041666666666662
2014-02-24 00:00:00 UTC,407,259,237347000,4.2497222222222222
2014-02-24 00:00:00 UTC,407,258,237347000,5.5036111111111108
2014-02-24 00:00:00 UTC,407,259,237058000,2.262083333333333
2014-02-24 00:00:00 UTC,407,258,237058000,2.8719444444444449
2014-02-24 00:00:00 UTC,407,179,247122670,12.469583333333333
2014-02-24 00:00:00 UTC,407,-92,263402480,8.12375
2014-02-24 00:00:00 UTC,407,-91,263402480,4.2431944444444438
2014-02-24 00:00:00 UTC,407,258,237334000,1.9516666666666667
2014-02-24 00:00:00 UTC,407,138,247113970,0.24027777777777776
2014-02-24 00:00:00 UTC,407,139,247113970,2.499166666666667
2014-02-24 00:00:00 UTC,407,142,247113720,0.6791666666666667
2014-02-24 00:00:00 UTC,407,141,247113720,2.0904166666666666
2014-02-24 00:00:00 UTC,407,143,247113720,3.2269444444444448
2014-02-24 00:00:00 UTC,663,-307,331070000,1.5236111111111112
2014-02-24 00:00:00 UTC,663,-306,331070000,10.202777777777778
2014-02-24 00:00:00 UTC,663,-548,331165000,1.5252777777777777
2014-02-24 00:00:00 UTC,663,-237,251841270,4.4245833333333326
2014-02-24 00:00:00 UTC,-361,-533,770576186,6.8327777777777783
2014-02-24 00:00:00 UTC,-361,-532,770576186,3.7840277777777778
2014-02-24 00:00:00 UTC,-361,-560,701006201,2.1011111111111109
2014-02-24 00:00:00 UTC,-361,344,224556000,1.6776388888888889
2014-02-24 00:00:00 UTC,-361,340,224556000,1.46625
2014-02-24 00:00:00 UTC,-105,691,416002826,6.7225
2014-02-24 00:00:00 UTC,-105,67,432276000,2.08
2014-02-24 00:00:00 UTC,-105,-1111,431613000,1.7920833333333333
2014-02-24 00:00:00 UTC,-105,36,431889000,2.0026388888888889
2014-02-24 00:00:00 UTC,-105,8,431791000,1.7793055555555555
2014-02-24 00:00:00 UTC,-105,9,431791000,4.1759722222222226
2014-02-24 00:00:00 UTC,-105,11,431791000,1.3968055555555556
2014-02-24 00:00:00 UTC,-105,-1461,735057565,1.9690277777777778
2014-02-24 00:00:00 UTC,-105,-1460,735057565,2.2483333333333335
2014-02-24 00:00:00 UTC,-105,-1187,431704230,1.19625
2014-02-24 00:00:00 UTC,-105,33,432408000,1.7501388888888889
2014-02-24 00:00:00 UTC,152,-1577,432899000,1.8351388888888889
2014-02-24 00:00:00 UTC,408,139,247100690,1.0515277777777778
2014-02-24 00:00:00 UTC,408,138,247100690,1.066111111111111
2014-02-24 00:00:00 UTC,408,130,247094550,2.2216666666666667
2014-02-24 00:00:00 UTC,408,292,271072027,4.254027777777778
2014-02-24 00:00:00 UTC,408,291,271072027,3.77
2014-02-24 00:00:00 UTC,408,12,224012830,1.8775
2014-02-24 00:00:00 UTC,408,11,224012830,2.2473611111111111
2014-02-24 00:00:00 UTC,408,140,247110430,0.21263888888888888
2014-02-24 00:00:00 UTC,408,139,247110430,9.75875
2014-02-24 00:00:00 UTC,408,139,247131440,4.2143055555555557
2014-02-24 00:00:00 UTC,408,138,247131440,4.0109722222222217
2014-02-24 00:00:00 UTC,408,12,224175670,1.6684722222222221
2014-02-24 00:00:00 UTC,408,13,224175670,1.7831944444444447
2014-02-24 00:00:00 UTC,408,15,224012860,0.39930555555555558
2014-02-24 00:00:00 UTC,408,14,224012860,1.4166666666666665
2014-02-24 00:00:00 UTC,408,292,271072079,3.7765277777777775
2014-02-24 00:00:00 UTC,408,84,247150940,0.97291666666666676
2014-02-24 00:00:00 UTC,408,85,247150940,0.9975
2014-02-24 00:00:00 UTC,408,137,247112550,4.5456944444444449
2014-02-24 00:00:00 UTC,408,138,247112550,1.1886111111111111
2014-02-24 00:00:00 UTC,408,15,224135530,3.6195833333333329
2014-02-24 00:00:00 UTC,408,14,224135530,1.7473611111111109
2014-02-24 00:00:00 UTC,408,291,271062130,3.6484722222222215
2014-02-24 00:00:00 UTC,408,291,271072629,2.2870833333333334
2014-02-24 00:00:00 UTC,408,291,271072127,0.75763888888888886
2014-02-24 00:00:00 UTC,408,15,224119680,2.97375
2014-02-24 00:00:00 UTC,408,14,224119680,0.84152777777777787
2014-02-24 00:00:00 UTC,408,13,224191360,0.57458333333333333
2014-02-24 00:00:00 UTC,408,14,224191360,3.9897222222222219
2014-02-24 00:00:00 UTC,408,139,247113090,1.1663888888888889
2014-02-24 00:00:00 UTC,408,9,224060290,9.281944444444445
2014-02-24 00:00:00 UTC,408,290,271072137,2.4250000000000003
2014-02-24 00:00:00 UTC,408,293,271056028,0.68041666666666667
2014-02-24 00:00:00 UTC,408,9,224127390,2.0733333333333333
2014-02-24 00:00:00 UTC,408,11,224127390,1.9995833333333333
2014-02-24 00:00:00 UTC,408,10,224127390,0.20166666666666666
2014-02-24 00:00:00 UTC,408,291,271056033,2.4026388888888888
2014-02-24 00:00:00 UTC,408,292,271056033,1.5998611111111112
2014-02-24 00:00:00 UTC,408,292,271056035,0.90194444444444444
2014-02-24 00:00:00 UTC,408,139,247114150,3.3331944444444441
2014-02-24 00:00:00 UTC,408,138,247114150,3.5094444444444446
2014-02-24 00:00:00 UTC,408,11,224095660,0.4341666666666667
2014-02-24 00:00:00 UTC,408,139,247110830,1.892638888888889
2014-02-24 00:00:00 UTC,408,138,247110830,2.0143055555555551
2014-02-24 00:00:00 UTC,408,139,247113390,2.1573611111111108
2014-02-24 00:00:00 UTC,408,138,247113390,3.3498611111111107
2014-02-24 00:00:00 UTC,408,291,271056047,3.3201388888888888
2014-02-24 00:00:00 UTC,408,291,271072190,7.19527777777778
2014-02-24 00:00:00 UTC,408,292,271072190,2.00875
2014-02-24 00:00:00 UTC,408,258,237058000,0.89291666666666658
2014-02-24 00:00:00 UTC,408,13,224209620,4.22375
2014-02-24 00:00:00 UTC,408,290,271072472,1.8843055555555555
2014-02-24 00:00:00 UTC,408,291,271072472,2.2008333333333332
2014-02-24 00:00:00 UTC,408,292,271072476,3.9038888888888885
2014-02-24 00:00:00 UTC,408,291,271072476,1.4801388888888889
2014-02-24 00:00:00 UTC,408,139,247110880,0.21722222222222223
2014-02-24 00:00:00 UTC,408,138,247110880,0.45305555555555554
2014-02-24 00:00:00 UTC,408,13,224253920,0.41138888888888886
2014-02-24 00:00:00 UTC,408,12,224221160,2.5066666666666668
2014-02-24 00:00:00 UTC,408,11,224221160,0.72194444444444439
2014-02-24 00:00:00 UTC,408,292,271072489,8.8731944444444455
2014-02-24 00:00:00 UTC,408,291,271072489,10.892777777777777
2014-02-24 00:00:00 UTC,408,-91,263402480,4.4991666666666674
2014-02-24 00:00:00 UTC,408,138,247113970,3.6620833333333338
2014-02-24 00:00:00 UTC,408,139,247113970,5.0779166666666669
2014-02-24 00:00:00 UTC,408,142,247113720,1.2144444444444444
2014-02-24 00:00:00 UTC,664,-167,251417110,2.774861111111111
2014-02-24 00:00:00 UTC,664,-168,251417110,2.08
2014-02-24 00:00:00 UTC,664,-167,251315240,0.41541666666666666
2014-02-24 00:00:00 UTC,664,-546,331155000,0.62611111111111106
2014-02-24 00:00:00 UTC,664,-547,331155000,0.24916666666666668
2014-02-24 00:00:00 UTC,664,-547,331165000,3.0150000000000006
2014-02-24 00:00:00 UTC,664,-548,331165000,1.585
2014-02-24 00:00:00 UTC,664,-546,331165000,3.0859722222222223
2014-02-24 00:00:00 UTC,664,-168,251836240,0.47333333333333338
2014-02-24 00:00:00 UTC,664,-167,251836240,0.42986111111111114
2014-02-24 00:00:00 UTC,664,-187,251015000,0.29555555555555557
2014-02-24 00:00:00 UTC,664,-545,331142000,1.0547222222222221
2014-02-24 00:00:00 UTC,664,-544,331142000,3.2219444444444445
2014-02-24 00:00:00 UTC,664,-254,251338110,2.3333333333333335
2014-02-24 00:00:00 UTC,664,-253,251338110,3.7102777777777778
2014-02-24 00:00:00 UTC,664,-252,251338110,2.2773611111111114
2014-02-24 00:00:00 UTC,664,130,257099140,0.26625
2014-02-24 00:00:00 UTC,664,-251,251226000,0.908611111111111
2014-02-24 00:00:00 UTC,664,-252,251226000,0.69597222222222221
2014-02-24 00:00:00 UTC,664,-178,251602110,1.3591666666666666
2014-02-24 00:00:00 UTC,664,-179,251602110,4.6831944444444451
2014-02-24 00:00:00 UTC,664,-252,251025110,2.7418055555555556
2014-02-24 00:00:00 UTC,664,-253,251025110,5.2588888888888894
2014-02-24 00:00:00 UTC,-360,-559,701006201,4.0820833333333333
2014-02-24 00:00:00 UTC,-360,1582,431702990,3.2033333333333331
2014-02-24 00:00:00 UTC,-360,1583,431702990,9.2344444444444456
2014-02-24 00:00:00 UTC,-360,344,224556000,2.0268055555555553
2014-02-24 00:00:00 UTC,-104,691,416002826,6.0131944444444443
2014-02-24 00:00:00 UTC,-104,62,432276000,1.8027777777777778
2014-02-24 00:00:00 UTC,-104,65,432276000,1.5581944444444444
2014-02-24 00:00:00 UTC,-104,63,432276000,2.6237500000000002
2014-02-24 00:00:00 UTC,-104,66,432276000,1.2072222222222222
2014-02-24 00:00:00 UTC,-104,64,432276000,2.6158333333333337
2014-02-24 00:00:00 UTC,-104,-1109,431613000,1.5124999999999997
2014-02-24 00:00:00 UTC,-104,11,431791000,1.9891666666666665
2014-02-24 00:00:00 UTC,-104,33,432408000,2.0773611111111112
2014-02-24 00:00:00 UTC,153,-1577,432899000,2.7066666666666666
2014-02-24 00:00:00 UTC,153,-1583,432899000,2.1016666666666666
2014-02-24 00:00:00 UTC,153,-1584,432899000,1.9877777777777776
2014-02-24 00:00:00 UTC,409,137,247100690,1.7486111111111113
2014-02-24 00:00:00 UTC,409,139,247100690,2.9609722222222223
2014-02-24 00:00:00 UTC,409,134,247100690,2.69375
2014-02-24 00:00:00 UTC,409,138,247100690,2.36625
2014-02-24 00:00:00 UTC,409,135,247100690,0.25916666666666666
2014-02-24 00:00:00 UTC,409,131,247094550,4.2472222222222218
2014-02-24 00:00:00 UTC,409,132,247094550,2.7813888888888889
2014-02-24 00:00:00 UTC,409,133,247094550,2.3602777777777777
2014-02-24 00:00:00 UTC,409,12,224012830,1.5075
2014-02-24 00:00:00 UTC,409,138,247110430,0.33902777777777782
2014-02-24 00:00:00 UTC,409,139,247110430,0.62944444444444447
2014-02-24 00:00:00 UTC,409,-94,225353000,2.5494444444444446
2014-02-24 00:00:00 UTC,409,138,247131440,1.0193055555555555
2014-02-24 00:00:00 UTC,409,15,224012860,1.2697222222222222
2014-02-24 00:00:00 UTC,409,16,224012860,2.3859722222222222
2014-02-24 00:00:00 UTC,409,85,247150940,1.2583333333333333
2014-02-24 00:00:00 UTC,409,86,247150940,5.669722222222223
2014-02-24 00:00:00 UTC,409,84,247150940,2.9709722222222217
2014-02-24 00:00:00 UTC,409,276,271072609,1.2244444444444444
2014-02-24 00:00:00 UTC,409,137,247112550,4.0570833333333338
2014-02-24 00:00:00 UTC,409,15,224135530,2.0691666666666668
2014-02-24 00:00:00 UTC,409,15,224119680,1.9193055555555556
2014-02-24 00:00:00 UTC,409,138,247113090,3.240277777777778
2014-02-24 00:00:00 UTC,409,139,247113090,0.90819444444444453
2014-02-24 00:00:00 UTC,409,137,247113090,0.51125
2014-02-24 00:00:00 UTC,409,86,247150980,4.59
2014-02-24 00:00:00 UTC,409,85,247150980,1.4891666666666667
2014-02-24 00:00:00 UTC,409,137,247094150,1.4397222222222221
2014-02-24 00:00:00 UTC,409,287,271056019,3.4538888888888888
2014-02-24 00:00:00 UTC,409,10,224127390,1.1829166666666666
2014-02-24 00:00:00 UTC,409,11,224127390,1.5590277777777779
2014-02-24 00:00:00 UTC,409,287,271056032,0.597361111111111
2014-02-24 00:00:00 UTC,409,287,271072161,4.66763888888889
2014-02-24 00:00:00 UTC,409,289,271072676,7.079305555555556
2014-02-24 00:00:00 UTC,409,287,271072676,7.2725
2014-02-24 00:00:00 UTC,409,139,247114150,2.1166666666666663
2014-02-24 00:00:00 UTC,409,138,247114150,0.99694444444444441
2014-02-24 00:00:00 UTC,409,181,247120550,18.039583333333333
2014-02-24 00:00:00 UTC,409,134,247094190,3.4020833333333327
2014-02-24 00:00:00 UTC,409,133,247094190,2.4279166666666665
2014-02-24 00:00:00 UTC,409,135,247094190,0.97347222222222218
2014-02-24 00:00:00 UTC,409,138,247110830,2.1419444444444444
2014-02-24 00:00:00 UTC,409,137,247110830,6.180416666666666
2014-02-24 00:00:00 UTC,409,139,247110830,0.26291666666666669
2014-02-24 00:00:00 UTC,409,139,247113390,1.347777777777778
2014-02-24 00:00:00 UTC,409,138,247113390,0.44541666666666668
2014-02-24 00:00:00 UTC,409,14,224093380,1.3102777777777779
2014-02-24 00:00:00 UTC,409,289,271072200,1.3780555555555556
2014-02-24 00:00:00 UTC,409,277,271072204,0.97611111111111115
2014-02-24 00:00:00 UTC,409,135,247094220,1.5111111111111111
2014-02-24 00:00:00 UTC,409,136,247094220,1.0318055555555556
2014-02-24 00:00:00 UTC,409,13,224209620,1.8504166666666664
2014-02-24 00:00:00 UTC,409,84,247121620,2.0697222222222225
2014-02-24 00:00:00 UTC,409,86,247121620,1.2681944444444446
2014-02-24 00:00:00 UTC,409,85,247121620,18.817083333333336
2014-02-24 00:00:00 UTC,409,136,247110880,0.225
2014-02-24 00:00:00 UTC,409,137,247110880,1.7195833333333335
2014-02-24 00:00:00 UTC,409,139,247110880,1.743611111111111
2014-02-24 00:00:00 UTC,409,138,247110880,6.1922222222222212
2014-02-24 00:00:00 UTC,409,134,247110880,2.2909722222222224
2014-02-24 00:00:00 UTC,409,135,247110880,0.2886111111111111
2014-02-24 00:00:00 UTC,409,13,224253920,4.3194444444444438
2014-02-24 00:00:00 UTC,409,12,224221160,3.42125
2014-02-24 00:00:00 UTC,665,-544,331155000,3.905
2014-02-24 00:00:00 UTC,665,-543,331155000,7.6758333333333333
2014-02-24 00:00:00 UTC,665,-545,331155000,4.3988888888888891
2014-02-24 00:00:00 UTC,665,-547,331155000,0.45430555555555552
2014-02-24 00:00:00 UTC,665,-546,331155000,4.6055555555555561
2014-02-24 00:00:00 UTC,665,-544,331165000,5.6648611111111116
2014-02-24 00:00:00 UTC,665,-543,331165000,5.3083333333333327
2014-02-24 00:00:00 UTC,665,-545,331165000,3.5698611111111118
2014-02-24 00:00:00 UTC,665,-174,251015000,0.26541666666666663
2014-02-24 00:00:00 UTC,665,-173,251015000,1.6302777777777779
2014-02-24 00:00:00 UTC,665,-543,331142000,1.6815277777777777
2014-02-24 00:00:00 UTC,665,-544,331142000,11.888750000000005
2014-02-24 00:00:00 UTC,665,-545,331142000,0.83041666666666658
2014-02-24 00:00:00 UTC,665,-180,251525240,1.7670833333333333
2014-02-24 00:00:00 UTC,665,-251,251338110,2.3550000000000004
2014-02-24 00:00:00 UTC,665,-252,251338110,1.9340277777777779
2014-02-24 00:00:00 UTC,665,-250,251338110,0.89555555555555544
2014-02-24 00:00:00 UTC,665,-253,251338110,1.075
2014-02-24 00:00:00 UTC,665,-179,251412110,1.2686111111111111
2014-02-24 00:00:00 UTC,665,-251,251226000,0.22097222222222224
2014-02-24 00:00:00 UTC,665,121,257110720,1.6266666666666667
2014-02-24 00:00:00 UTC,665,-252,251025110,1.8965277777777778
2014-02-24 00:00:00 UTC,665,-253,251025110,1.5515277777777778
2014-02-24 00:00:00 UTC,665,-251,251025110,0.82361111111111107
2014-02-24 00:00:00 UTC,665,-254,251025110,3.6906944444444445
2014-02-24 00:00:00 UTC,-359,536,432927000,1.2488888888888889
2014-02-24 00:00:00 UTC,-359,204,601254000,12.590972222222224
2014-02-24 00:00:00 UTC,-359,-760,725000890,5.7426388888888891
2014-02-24 00:00:00 UTC,-359,1583,431702990,1.6288888888888891
2014-02-24 00:00:00 UTC,-103,690,416002826,9.1970833333333335
2014-02-24 00:00:00 UTC,-103,61,432276000,3.2005555555555558
2014-02-24 00:00:00 UTC,-103,60,432276000,3.0169444444444444
2014-02-24 00:00:00 UTC,-103,-1109,431613000,1.1833333333333331
2014-02-24 00:00:00 UTC,-103,34,431889000,1.03
2014-02-24 00:00:00 UTC,-103,35,431889000,0.95930555555555552
2014-02-24 00:00:00 UTC,-103,12,431791000,2.129027777777778
2014-02-24 00:00:00 UTC,-103,-1187,431704230,2.8706944444444442
2014-02-24 00:00:00 UTC,154,-1581,432899000,0.78194444444444444
2014-02-24 00:00:00 UTC,410,136,247100690,0.36388888888888887
2014-02-24 00:00:00 UTC,410,134,247100690,2.19125
2014-02-24 00:00:00 UTC,410,135,247100690,1.0988888888888888
2014-02-24 00:00:00 UTC,410,133,247094550,0.9275
2014-02-24 00:00:00 UTC,410,12,224368920,2.345277777777778
2014-02-24 00:00:00 UTC,410,128,247099420,1.8993055555555558
2014-02-24 00:00:00 UTC,410,127,247099420,1.2136111111111112
2014-02-24 00:00:00 UTC,410,126,247099420,4.27
2014-02-24 00:00:00 UTC,410,129,247099420,0.92625
2014-02-24 00:00:00 UTC,410,12,224012830,0.68777777777777782
2014-02-24 00:00:00 UTC,410,-94,225353000,1.625
2014-02-24 00:00:00 UTC,410,22,224200490,1.1906944444444445
2014-02-24 00:00:00 UTC,410,21,224200490,1.6409722222222223
2014-02-24 00:00:00 UTC,410,11,224095360,2.5369444444444444
2014-02-24 00:00:00 UTC,410,137,247113090,0.48055555555555551
2014-02-24 00:00:00 UTC,410,138,247113090,2.4516666666666671
2014-02-24 00:00:00 UTC,410,83,247150980,1.665
2014-02-24 00:00:00 UTC,410,84,247150980,2.8779166666666667
2014-02-24 00:00:00 UTC,410,12,224217990,2.3706944444444447
2014-02-24 00:00:00 UTC,410,136,247094150,3.3726388888888885
2014-02-24 00:00:00 UTC,410,137,247094150,1.3880555555555556
2014-02-24 00:00:00 UTC,410,11,224127390,0.77347222222222223
2014-02-24 00:00:00 UTC,410,11,224023970,3.8986111111111112
2014-02-24 00:00:00 UTC,410,133,247094190,1.1890277777777778
2014-02-24 00:00:00 UTC,410,132,247094190,0.95680555555555546
2014-02-24 00:00:00 UTC,410,135,247110830,5.0945833333333335
2014-02-24 00:00:00 UTC,410,134,247110830,1.8275
2014-02-24 00:00:00 UTC,410,11,224016820,4.573611111111112
2014-02-24 00:00:00 UTC,410,12,224016820,1.6369444444444445
2014-02-24 00:00:00 UTC,410,11,224178880,2.2552777777777777
2014-02-24 00:00:00 UTC,410,15,224093380,4.7859722222222221
2014-02-24 00:00:00 UTC,410,14,224093380,0.24041666666666667
2014-02-24 00:00:00 UTC,410,135,247094220,2.0888888888888886
2014-02-24 00:00:00 UTC,410,133,247094220,0.72347222222222218
2014-02-24 00:00:00 UTC,410,134,247094220,1.9355555555555557
2014-02-24 00:00:00 UTC,410,136,247094220,1.4498611111111113
2014-02-24 00:00:00 UTC,410,18,224010960,13.025138888888888
2014-02-24 00:00:00 UTC,410,85,247121620,0.88916666666666666
2014-02-24 00:00:00 UTC,410,11,224143830,2.2941666666666665
2014-02-24 00:00:00 UTC,410,12,224143830,0.8913888888888889
2014-02-24 00:00:00 UTC,410,136,247110880,0.56916666666666671
2014-02-24 00:00:00 UTC,410,134,247110880,2.5879166666666666
2014-02-24 00:00:00 UTC,410,14,224253920,2.565
2014-02-24 00:00:00 UTC,410,13,224253920,0.28027777777777779
2014-02-24 00:00:00 UTC,410,12,224221160,1.6061111111111113
2014-02-24 00:00:00 UTC,410,21,224137460,2.1245833333333337
2014-02-24 00:00:00 UTC,410,11,224016890,5.40861111111111
2014-02-24 00:00:00 UTC,410,12,224016890,0.45
2014-02-24 00:00:00 UTC,666,-542,331168000,0.42180555555555554
2014-02-24 00:00:00 UTC,666,-541,331168000,0.26930555555555558
2014-02-24 00:00:00 UTC,666,-543,331155000,0.48402777777777778
2014-02-24 00:00:00 UTC,666,-544,331155000,1.4034722222222222
2014-02-24 00:00:00 UTC,666,-545,331155000,0.22319444444444445
2014-02-24 00:00:00 UTC,666,-544,331142000,1.6616666666666666
2014-02-24 00:00:00 UTC,666,-543,331142000,1.9080555555555556
2014-02-24 00:00:00 UTC,666,-250,251338110,1.7962500000000001
2014-02-24 00:00:00 UTC,666,-249,251338110,0.86902777777777773
2014-02-24 00:00:00 UTC,666,-181,251412110,3.9974999999999996
2014-02-24 00:00:00 UTC,666,-248,251226000,0.42791666666666667
2014-02-24 00:00:00 UTC,666,-249,251226000,0.46888888888888891
2014-02-24 00:00:00 UTC,666,-250,251025110,1.1209722222222223
2014-02-24 00:00:00 UTC,666,-249,251025110,0.638888888888889
2014-02-24 00:00:00 UTC,-358,536,432927000,17.800972222222224
2014-02-24 00:00:00 UTC,-358,535,432927000,1.6930555555555555
2014-02-24 00:00:00 UTC,-358,-760,725000890,1.6597222222222223
2014-02-24 00:00:00 UTC,-358,1583,431702990,0.90402777777777776
2014-02-24 00:00:00 UTC,-358,340,224556000,4.883055555555555
2014-02-24 00:00:00 UTC,-102,700,416004624,8.2802777777777781
2014-02-24 00:00:00 UTC,-102,-1112,431613000,3.7911111111111113
2014-02-24 00:00:00 UTC,-102,-1109,431613000,1.0291666666666666
2014-02-24 00:00:00 UTC,-102,33,431889000,1.7891666666666666
2014-02-24 00:00:00 UTC,155,-1580,432899000,0.86263888888888884
2014-02-24 00:00:00 UTC,155,1643,412676580,11.714583333333334
2014-02-24 00:00:00 UTC,155,1642,412676580,5.9448611111111109
2014-02-24 00:00:00 UTC,411,130,247092230,5.4161111111111095
2014-02-24 00:00:00 UTC,411,129,247092230,0.90736111111111117
2014-02-24 00:00:00 UTC,411,22,224235270,2.412638888888889
2014-02-24 00:00:00 UTC,411,134,247094040,2.7748611111111114
2014-02-24 00:00:00 UTC,411,133,247094040,3.3948611111111111
2014-02-24 00:00:00 UTC,411,135,247094040,0.36291666666666667
2014-02-24 00:00:00 UTC,411,22,224014120,1.9911111111111111
2014-02-24 00:00:00 UTC,411,24,224014120,1.7368055555555557
2014-02-24 00:00:00 UTC,411,23,224014120,3.1579166666666669
2014-02-24 00:00:00 UTC,411,-93,225353000,1.9270833333333335
2014-02-24 00:00:00 UTC,411,21,224200490,1.02125
2014-02-24 00:00:00 UTC,411,19,224200490,1.6279166666666667
2014-02-24 00:00:00 UTC,411,21,224097340,1.2218055555555556
2014-02-24 00:00:00 UTC,411,19,224097340,2.5844444444444448
2014-02-24 00:00:00 UTC,411,20,224097340,0.51138888888888889
2014-02-24 00:00:00 UTC,411,19,224098880,1.18625
2014-02-24 00:00:00 UTC,411,130,247092290,1.2933333333333334
2014-02-24 00:00:00 UTC,411,129,247092290,2.1030555555555557
2014-02-24 00:00:00 UTC,411,133,247092550,3.1716666666666669
2014-02-24 00:00:00 UTC,411,134,247092550,2.2733333333333334
2014-02-24 00:00:00 UTC,411,132,247092550,4.3454166666666669
2014-02-24 00:00:00 UTC,411,134,247099210,2.025
2014-02-24 00:00:00 UTC,411,132,247099210,3.861527777777777
2014-02-24 00:00:00 UTC,411,133,247099210,4.1897222222222226
2014-02-24 00:00:00 UTC,411,129,247092310,2.285277777777778
2014-02-24 00:00:00 UTC,411,130,247092310,1.0688888888888888
2014-02-24 00:00:00 UTC,411,135,247094110,4.5763888888888893
2014-02-24 00:00:00 UTC,411,133,247094110,1.3237500000000002
2014-02-24 00:00:00 UTC,411,134,247094110,4.2905555555555548
2014-02-24 00:00:00 UTC,411,133,247092320,1.5575
2014-02-24 00:00:00 UTC,411,132,247092320,2.3193055555555553
2014-02-24 00:00:00 UTC,411,131,247092320,3.9409722222222228
2014-02-24 00:00:00 UTC,411,133,247092330,2.8676388888888891
2014-02-24 00:00:00 UTC,411,131,247092330,1.6759722222222222
2014-02-24 00:00:00 UTC,411,134,247092330,4.5019444444444439
2014-02-24 00:00:00 UTC,411,132,247092330,2.0351388888888891
2014-02-24 00:00:00 UTC,411,135,247111020,0.98875
2014-02-24 00:00:00 UTC,411,134,247111020,1.6254166666666667
2014-02-24 00:00:00 UTC,411,133,247111020,0.70972222222222225
2014-02-24 00:00:00 UTC,411,137,247111020,0.11555555555555555
2014-02-24 00:00:00 UTC,411,136,247111020,1.4293055555555556
2014-02-24 00:00:00 UTC,411,23,224149120,2.0152777777777775
2014-02-24 00:00:00 UTC,411,22,224149120,1.5068055555555557
2014-02-24 00:00:00 UTC,411,24,224149120,0.71194444444444438
2014-02-24 00:00:00 UTC,411,137,247113090,1.06125
2014-02-24 00:00:00 UTC,411,134,247094150,1.91375
2014-02-24 00:00:00 UTC,411,135,247094150,4.2873611111111112
2014-02-24 00:00:00 UTC,411,133,247099280,2.6387500000000004
2014-02-24 00:00:00 UTC,411,134,247099280,2.5797222222222222
2014-02-24 00:00:00 UTC,411,132,247099280,3.0925000000000002
2014-02-24 00:00:00 UTC,411,131,247099280,1.7180555555555554
2014-02-24 00:00:00 UTC,411,131,247092370,2.5270833333333336
2014-02-24 00:00:00 UTC,411,134,247092370,3.0470833333333331
2014-02-24 00:00:00 UTC,411,132,247092370,2.5836111111111109
2014-02-24 00:00:00 UTC,411,133,247092370,3.1580555555555558
2014-02-24 00:00:00 UTC,411,133,247094170,2.5286111111111111
2014-02-24 00:00:00 UTC,411,135,247094170,2.1170833333333334
2014-02-24 00:00:00 UTC,411,134,247094170,2.8001388888888887
2014-02-24 00:00:00 UTC,411,136,247094170,0.73236111111111113
2014-02-24 00:00:00 UTC,411,131,247092380,2.3384722222222223
2014-02-24 00:00:00 UTC,411,132,247092380,0.26138888888888889
2014-02-24 00:00:00 UTC,411,23,224066460,1.2384722222222222
2014-02-24 00:00:00 UTC,411,24,224066460,0.32388888888888889
2014-02-24 00:00:00 UTC,411,129,247090880,1.5377777777777779
2014-02-24 00:00:00 UTC,411,133,247094220,1.0315277777777778
2014-02-24 00:00:00 UTC,411,134,247094220,1.1383333333333334
2014-02-24 00:00:00 UTC,411,135,247094220,1.2165277777777779
2014-02-24 00:00:00 UTC,411,18,224010960,0.77527777777777773
2014-02-24 00:00:00 UTC,411,127,247100630,1.4530555555555555
2014-02-24 00:00:00 UTC,411,128,247252970,1.5916666666666666
2014-02-24 00:00:00 UTC,411,20,224220140,2.1765277777777778
2014-02-24 00:00:00 UTC,411,21,224220140,1.3631944444444444
2014-02-24 00:00:00 UTC,667,-540,331168000,0.72680555555555559
2014-02-24 00:00:00 UTC,667,-541,331168000,1.0531944444444443
2014-02-24 00:00:00 UTC,667,78,259655000,9.4191666666666656
2014-02-24 00:00:00 UTC,667,-148,251126110,12.727777777777778
2014-02-24 00:00:00 UTC,667,-249,251338110,0.20972222222222223
2014-02-24 00:00:00 UTC,667,-248,251226000,1.5280555555555557
2014-02-24 00:00:00 UTC,667,-247,251226000,0.12736111111111109
2014-02-24 00:00:00 UTC,667,-248,251025110,1.4118055555555555
2014-02-24 00:00:00 UTC,667,-249,251025110,0.954861111111111
2014-02-24 00:00:00 UTC,-357,535,432927000,0.78486111111111112
2014-02-24 00:00:00 UTC,-357,-558,701006201,0.77777777777777779
2014-02-24 00:00:00 UTC,-357,-559,701006201,5.4886111111111111
2014-02-24 00:00:00 UTC,-357,1583,431702990,5.7340277777777784
2014-02-24 00:00:00 UTC,-357,-759,725000669,3.0808333333333331
2014-02-24 00:00:00 UTC,-357,343,224556000,2.0408333333333335
2014-02-24 00:00:00 UTC,-101,-1110,431613000,1.7920833333333333
2014-02-24 00:00:00 UTC,-101,32,431889000,1.7269444444444444
2014-02-24 00:00:00 UTC,-101,36,431889000,1.9830555555555556
2014-02-24 00:00:00 UTC,-101,10,431791000,1.7736111111111112
2014-02-24 00:00:00 UTC,-101,11,431791000,1.774861111111111
2014-02-24 00:00:00 UTC,-101,12,431791000,1.7751388888888888
2014-02-24 00:00:00 UTC,-101,-1221,440900000,1.71375
2014-02-24 00:00:00 UTC,-101,-1188,431704230,1.6318055555555555
2014-02-24 00:00:00 UTC,-101,31,432408000,2.5451388888888888
2014-02-24 00:00:00 UTC,156,-1575,432899000,1.805277777777778
2014-02-24 00:00:00 UTC,156,-1578,432899000,1.5579166666666666
2014-02-24 00:00:00 UTC,412,128,247092230,1.3876388888888891
2014-02-24 00:00:00 UTC,412,129,247092230,2.9486111111111111
2014-02-24 00:00:00 UTC,412,17,224004380,7.7222222222222223
2014-02-24 00:00:00 UTC,412,23,224245280,1.56875
2014-02-24 00:00:00 UTC,412,21,224245280,0.4752777777777778
2014-02-24 00:00:00 UTC,412,22,224245280,1.4555555555555557
2014-02-24 00:00:00 UTC,412,24,224245280,0.92347222222222225
2014-02-24 00:00:00 UTC,412,128,247090980,0.55152777777777784
2014-02-24 00:00:00 UTC,412,129,247090980,3.4980555555555553
2014-02-24 00:00:00 UTC,412,24,224014120,1.6081944444444445
2014-02-24 00:00:00 UTC,412,-93,225353000,1.099861111111111
2014-02-24 00:00:00 UTC,412,129,247065640,1.0348611111111112
2014-02-24 00:00:00 UTC,412,128,247065640,6.8595833333333331
2014-02-24 00:00:00 UTC,412,19,224200490,0.26930555555555558
2014-02-24 00:00:00 UTC,412,91,247154230,0.48041666666666671
2014-02-24 00:00:00 UTC,412,90,247154230,2.7143055555555557
2014-02-24 00:00:00 UTC,412,88,247154230,2.6443055555555555
2014-02-24 00:00:00 UTC,412,87,247154230,5.7915277777777785
2014-02-24 00:00:00 UTC,412,21,224097340,2.4309722222222225
2014-02-24 00:00:00 UTC,412,22,224097340,0.25
2014-02-24 00:00:00 UTC,412,21,224098880,1.2618055555555556
2014-02-24 00:00:00 UTC,412,22,224098880,2.7504166666666667
2014-02-24 00:00:00 UTC,412,23,224098880,1.7722222222222221
2014-02-24 00:00:00 UTC,412,128,247092290,3.4815277777777776
2014-02-24 00:00:00 UTC,412,132,247092290,0.64805555555555561
2014-02-24 00:00:00 UTC,412,129,247092290,4.4776388888888885
2014-02-24 00:00:00 UTC,412,133,247092550,2.9413888888888891
2014-02-24 00:00:00 UTC,412,134,247092550,0.42625
2014-02-24 00:00:00 UTC,412,133,247099210,1.8865277777777778
2014-02-24 00:00:00 UTC,412,128,247092310,1.3844444444444446
2014-02-24 00:00:00 UTC,412,129,247092310,4.3351388888888884
2014-02-24 00:00:00 UTC,412,134,247094110,1.5501388888888892
2014-02-24 00:00:00 UTC,412,133,247094110,0.61805555555555558
2014-02-24 00:00:00 UTC,412,132,247092320,1.1379166666666667
2014-02-24 00:00:00 UTC,412,133,247092320,1.2116666666666667
2014-02-24 00:00:00 UTC,412,132,247092330,1.2469444444444444
2014-02-24 00:00:00 UTC,412,22,224149120,0.60125
2014-02-24 00:00:00 UTC,412,23,224149120,1.5988888888888888
2014-02-24 00:00:00 UTC,412,24,224149120,0.80958333333333332
2014-02-24 00:00:00 UTC,412,134,247094150,1.0498611111111111
2014-02-24 00:00:00 UTC,412,131,247099280,1.1665277777777776
2014-02-24 00:00:00 UTC,412,132,247099280,1.6773611111111113
2014-02-24 00:00:00 UTC,412,132,247092370,1.3016666666666667
2014-02-24 00:00:00 UTC,412,24,224005270,1.6322222222222225
2014-02-24 00:00:00 UTC,412,22,224005270,1.4961111111111112
2014-02-24 00:00:00 UTC,412,23,224005270,1.3580555555555556
2014-02-24 00:00:00 UTC,412,132,247092380,3.1704166666666667
2014-02-24 00:00:00 UTC,412,131,247092380,2.20875
2014-02-24 00:00:00 UTC,412,133,247092380,3.6980555555555554
2014-02-24 00:00:00 UTC,412,23,224066460,1.4373611111111111
2014-02-24 00:00:00 UTC,412,24,224066460,0.95111111111111124
2014-02-24 00:00:00 UTC,412,22,224066460,2.2302777777777778
2014-02-24 00:00:00 UTC,412,23,224085930,1.3930555555555557
2014-02-24 00:00:00 UTC,412,22,224085930,2.0926388888888887
2014-02-24 00:00:00 UTC,412,24,224085930,1.1479166666666667
2014-02-24 00:00:00 UTC,412,129,247091120,4.7956944444444449
2014-02-24 00:00:00 UTC,412,128,247091120,0.75027777777777782
2014-02-24 00:00:00 UTC,412,-91,224355000,0.57527777777777778
2014-02-24 00:00:00 UTC,412,129,247091130,3.5847222222222221
2014-02-24 00:00:00 UTC,412,129,247090880,2.0748611111111113
2014-02-24 00:00:00 UTC,412,128,247090880,2.9105555555555553
2014-02-24 00:00:00 UTC,412,130,247090880,0.40833333333333333
2014-02-24 00:00:00 UTC,412,128,247090910,1.4688888888888889
2014-02-24 00:00:00 UTC,412,129,247090910,6.4068055555555565
2014-02-24 00:00:00 UTC,412,130,247090910,0.69458333333333333
2014-02-24 00:00:00 UTC,412,22,224220140,2.6427777777777779
2014-02-24 00:00:00 UTC,412,21,224220140,1.7823611111111113
2014-02-24 00:00:00 UTC,668,-540,331168000,0.21194444444444444
2014-02-24 00:00:00 UTC,668,-539,331168000,0.80055555555555569
2014-02-24 00:00:00 UTC,668,84,259655000,7.8706944444444442
2014-02-24 00:00:00 UTC,668,-152,251126110,1.5095833333333335
2014-02-24 00:00:00 UTC,668,-147,251126110,1.55
2014-02-24 00:00:00 UTC,668,-146,251178110,1.3581944444444445
2014-02-24 00:00:00 UTC,668,-148,251178110,4.044027777777778
2014-02-24 00:00:00 UTC,668,-147,251178110,9.0105555555555572
2014-02-24 00:00:00 UTC,668,-247,251226000,1.1331944444444444
2014-02-24 00:00:00 UTC,668,-245,251226000,1.2770833333333333
2014-02-24 00:00:00 UTC,668,-246,251226000,1.1333333333333333
2014-02-24 00:00:00 UTC,668,-244,251226000,0.45708333333333334
2014-02-24 00:00:00 UTC,668,-247,251025110,1.4801388888888891
2014-02-24 00:00:00 UTC,668,-248,251025110,0.64027777777777783
2014-02-24 00:00:00 UTC,668,-246,251025110,1.1515277777777777
2014-02-24 00:00:00 UTC,668,-245,251025110,0.23777777777777775
2014-02-24 00:00:00 UTC,-356,534,432927000,1.455
2014-02-24 00:00:00 UTC,-356,533,432927000,1.6740277777777774
2014-02-24 00:00:00 UTC,-356,-558,701006201,1.7747222222222223
2014-02-24 00:00:00 UTC,-356,-559,701006201,0.59791666666666665
2014-02-24 00:00:00 UTC,-356,-758,725000880,6.7602777777777785
2014-02-24 00:00:00 UTC,-356,-758,725004500,7.9113888888888884
2014-02-24 00:00:00 UTC,-356,-759,725000669,2.074583333333333
2014-02-24 00:00:00 UTC,-356,343,224556000,4.7847222222222223
2014-02-24 00:00:00 UTC,-356,-758,725000690,9.550416666666667
2014-02-24 00:00:00 UTC,-100,699,416004624,12.766944444444444
2014-02-24 00:00:00 UTC,-100,37,431889000,2.069722222222222
2014-02-24 00:00:00 UTC,-100,697,416004507,21.909861111111113
2014-02-24 00:00:00 UTC,-100,-1219,440900000,1.6469444444444443
2014-02-24 00:00:00 UTC,-100,-1187,431704230,1.8013888888888889
2014-02-24 00:00:00 UTC,-100,30,432408000,2.3918055555555555
2014-02-24 00:00:00 UTC,-100,40,431864000,16.350694444444446
2014-02-24 00:00:00 UTC,413,126,247090950,2.3075
2014-02-24 00:00:00 UTC,413,127,247090950,9.0905555555555555
2014-02-24 00:00:00 UTC,413,23,224245280,1.1944444444444444
2014-02-24 00:00:00 UTC,413,22,224245280,0.35972222222222222
2014-02-24 00:00:00 UTC,413,128,247090980,4.8329166666666667
2014-02-24 00:00:00 UTC,413,129,247090980,0.71083333333333332
2014-02-24 00:00:00 UTC,413,125,247253540,0.44430555555555556
2014-02-24 00:00:00 UTC,413,128,247065640,1.5586111111111112
2014-02-24 00:00:00 UTC,413,127,247252280,3.0430555555555552
2014-02-24 00:00:00 UTC,413,126,247252280,4.787638888888889
2014-02-24 00:00:00 UTC,413,125,247090830,1.3947222222222222
2014-02-24 00:00:00 UTC,413,24,224005270,0.95847222222222217
2014-02-24 00:00:00 UTC,413,22,224005270,0.26111111111111113
2014-02-24 00:00:00 UTC,413,23,224005270,1.4597222222222221
2014-02-24 00:00:00 UTC,413,126,247090850,3.6927777777777782
2014-02-24 00:00:00 UTC,413,125,247090850,4.7422222222222228
2014-02-24 00:00:00 UTC,413,127,247091110,8.3527777777777779
2014-02-24 00:00:00 UTC,413,126,247091110,3.7238888888888892
2014-02-24 00:00:00 UTC,413,23,224085930,0.71736111111111123
2014-02-24 00:00:00 UTC,413,126,247090860,5.7297222222222226
2014-02-24 00:00:00 UTC,413,127,247090860,7.0511111111111111
2014-02-24 00:00:00 UTC,413,128,247091120,3.7665277777777777
2014-02-24 00:00:00 UTC,413,129,247091120,0.86874999999999991
2014-02-24 00:00:00 UTC,413,127,247091120,1.845
2014-02-24 00:00:00 UTC,413,-91,224355000,0.25027777777777777
2014-02-24 00:00:00 UTC,413,128,247091130,1.9831944444444447
2014-02-24 00:00:00 UTC,413,129,247091130,1.8912499999999999
2014-02-24 00:00:00 UTC,413,128,247090880,0.92027777777777775
2014-02-24 00:00:00 UTC,413,127,247090880,2.2513888888888887
2014-02-24 00:00:00 UTC,413,129,247090880,1.2791666666666668
2014-02-24 00:00:00 UTC,413,125,247091160,2.1861111111111109
2014-02-24 00:00:00 UTC,413,127,247090910,2.5575
2014-02-24 00:00:00 UTC,413,129,247090910,1.0554166666666664
2014-02-24 00:00:00 UTC,413,128,247090910,1.6627777777777777
2014-02-24 00:00:00 UTC,669,80,257888000,4.7429166666666669
2014-02-24 00:00:00 UTC,669,-154,251126110,1.5154166666666666
2014-02-24 00:00:00 UTC,669,-152,251126110,1.5738888888888889
2014-02-24 00:00:00 UTC,669,-148,251178110,2.4641666666666668
2014-02-24 00:00:00 UTC,669,-147,251178110,1.4425
2014-02-24 00:00:00 UTC,669,-152,251178110,0.23777777777777778
2014-02-24 00:00:00 UTC,669,-151,251178110,0.65152777777777782
2014-02-24 00:00:00 UTC,669,-150,251178110,0.62208333333333332
2014-02-24 00:00:00 UTC,669,-149,251178110,1.5058333333333329
2014-02-24 00:00:00 UTC,669,-158,251145110,1.9577777777777776
2014-02-24 00:00:00 UTC,669,-156,251145110,2.5915277777777779
2014-02-24 00:00:00 UTC,669,-155,251145110,0.71124999999999994
2014-02-24 00:00:00 UTC,669,-157,251145110,7.6498611111111128
2014-02-24 00:00:00 UTC,-355,-1780,224456000,4.3472222222222223
2014-02-24 00:00:00 UTC,-355,-1775,224456000,4.4501388888888886
2014-02-24 00:00:00 UTC,-355,-758,725000275,3.6688888888888886
2014-02-24 00:00:00 UTC,-355,-757,725000275,2.9104166666666664
2014-02-24 00:00:00 UTC,-355,-559,701006201,0.38208333333333333
2014-02-24 00:00:00 UTC,-355,-759,725003220,8.2345833333333331
2014-02-24 00:00:00 UTC,-355,-760,725003220,2.712361111111111
2014-02-24 00:00:00 UTC,-355,-758,725000690,2.7552777777777777
2014-02-24 00:00:00 UTC,-99,-1110,431613000,4.2823611111111113
2014-02-24 00:00:00 UTC,-99,37,431889000,2.588888888888889
2014-02-24 00:00:00 UTC,-99,-1223,440900000,1.3463888888888889
2014-02-24 00:00:00 UTC,-99,-1222,440900000,3.3447222222222219
2014-02-24 00:00:00 UTC,-99,-1220,440900000,1.8723611111111109
2014-02-24 00:00:00 UTC,-99,-1221,440900000,2.9373611111111106
2014-02-24 00:00:00 UTC,-99,-1224,440900000,2.6361111111111111
2014-02-24 00:00:00 UTC,-99,30,432408000,2.7440277777777777
2014-02-24 00:00:00 UTC,414,126,247090950,0.55972222222222223
2014-02-24 00:00:00 UTC,414,124,247093010,2.0706944444444444
2014-02-24 00:00:00 UTC,414,23,224010270,0.8575
2014-02-24 00:00:00 UTC,414,124,247092770,3.1127777777777776
2014-02-24 00:00:00 UTC,414,125,247253540,0.87375
2014-02-24 00:00:00 UTC,414,124,247253540,0.59041666666666659
2014-02-24 00:00:00 UTC,414,-92,225353000,1.7758333333333334
2014-02-24 00:00:00 UTC,414,124,247092810,1.3266666666666667
2014-02-24 00:00:00 UTC,414,124,247092860,2.4191666666666665
2014-02-24 00:00:00 UTC,414,124,247092870,5.9790277777777776
2014-02-24 00:00:00 UTC,414,125,247090830,1.8677777777777778
2014-02-24 00:00:00 UTC,414,124,247090830,2.5229166666666667
2014-02-24 00:00:00 UTC,414,124,247096470,3.1901388888888889
2014-02-24 00:00:00 UTC,414,125,247096470,1.1583333333333332
2014-02-24 00:00:00 UTC,414,124,247092890,2.0827777777777778
2014-02-24 00:00:00 UTC,414,125,247090850,1.0259722222222221
2014-02-24 00:00:00 UTC,414,126,247090850,0.72319444444444447
2014-02-24 00:00:00 UTC,414,124,247092920,3.4626388888888888
2014-02-24 00:00:00 UTC,414,-91,224355000,1.1481944444444443
2014-02-24 00:00:00 UTC,414,-92,224355000,0.95319444444444446
2014-02-24 00:00:00 UTC,414,-703,366900670,0.32111111111111112
2014-02-24 00:00:00 UTC,414,124,247092950,4.569583333333334
2014-02-24 00:00:00 UTC,414,125,247091160,5.5183333333333335
2014-02-24 00:00:00 UTC,414,-663,316001017,3.242777777777778
2014-02-24 00:00:00 UTC,414,-671,316001017,6.2927777777777782
2014-02-24 00:00:00 UTC,670,84,257888000,4.76
2014-02-24 00:00:00 UTC,670,83,259655000,6.3013888888888889
2014-02-24 00:00:00 UTC,670,-153,251178110,0.90222222222222226
2014-02-24 00:00:00 UTC,670,-152,251178110,0.45430555555555557
2014-02-24 00:00:00 UTC,670,-154,251178110,0.22791666666666666
2014-02-24 00:00:00 UTC,670,-155,251178110,0.2426388888888889
2014-02-24 00:00:00 UTC,670,-156,251178110,0.22486111111111112
2014-02-24 00:00:00 UTC,670,-157,251145110,2.225833333333334
2014-02-24 00:00:00 UTC,670,-158,251145110,6.8701388888888886
2014-02-24 00:00:00 UTC,670,-159,251145110,0.45444444444444443
2014-02-24 00:00:00 UTC,670,110,273216200,7.6213888888888892
2014-02-24 00:00:00 UTC,-354,-756,725000890,5.11
2014-02-24 00:00:00 UTC,-354,-1778,224015550,4.4529166666666669
2014-02-24 00:00:00 UTC,-354,-1779,224015550,4.2837499999999995
2014-02-24 00:00:00 UTC,-354,-759,725003220,1.61125
2014-02-24 00:00:00 UTC,-354,-756,725003220,5.1515277777777779
2014-02-24 00:00:00 UTC,-98,-1224,440900000,1.95375
2014-02-24 00:00:00 UTC,-98,-1188,431704230,3.4330555555555553
2014-02-24 00:00:00 UTC,-98,30,432408000,1.8252777777777778
2014-02-24 00:00:00 UTC,159,-274,224259000,8.1901388888888889
2014-02-24 00:00:00 UTC,415,124,247092750,2.7093055555555554
2014-02-24 00:00:00 UTC,415,122,247092750,0.76291666666666669
2014-02-24 00:00:00 UTC,415,123,247092750,0.88458333333333328
2014-02-24 00:00:00 UTC,415,123,247093010,6.1293055555555558
2014-02-24 00:00:00 UTC,415,122,247093010,0.72902777777777783
2014-02-24 00:00:00 UTC,415,32,224095770,1.7430555555555554
2014-02-24 00:00:00 UTC,415,33,224095770,0.70583333333333331
2014-02-24 00:00:00 UTC,415,124,247092770,2.2404166666666665
2014-02-24 00:00:00 UTC,415,122,247092770,1.8179166666666666
2014-02-24 00:00:00 UTC,415,123,247092770,6.1991666666666667
2014-02-24 00:00:00 UTC,415,-93,225353000,2.1998611111111113
2014-02-24 00:00:00 UTC,415,122,247092780,0.66958333333333331
2014-02-24 00:00:00 UTC,415,123,247093060,4.6852777777777774
2014-02-24 00:00:00 UTC,415,121,247093060,4.866944444444445
2014-02-24 00:00:00 UTC,415,123,247092810,0.59291666666666665
2014-02-24 00:00:00 UTC,415,124,247092810,2.0047222222222221
2014-02-24 00:00:00 UTC,415,32,224104280,2.672361111111111
2014-02-24 00:00:00 UTC,415,33,224104280,0.22597222222222221
2014-02-24 00:00:00 UTC,415,122,247092830,0.2598611111111111
2014-02-24 00:00:00 UTC,415,121,247096930,0.67375000000000007
2014-02-24 00:00:00 UTC,415,122,247092850,0.4811111111111111
2014-02-24 00:00:00 UTC,415,123,247092860,5.2918055555555554
2014-02-24 00:00:00 UTC,415,122,247092860,0.92125000000000012
2014-02-24 00:00:00 UTC,415,124,247092860,1.2349999999999999
2014-02-24 00:00:00 UTC,415,33,224106880,1.0872222222222223
2014-02-24 00:00:00 UTC,415,32,224106880,1.3615277777777779
2014-02-24 00:00:00 UTC,415,123,247090830,4.389444444444444
2014-02-24 00:00:00 UTC,415,124,247090830,0.8586111111111111
2014-02-24 00:00:00 UTC,415,123,247096470,1.6469444444444445
2014-02-24 00:00:00 UTC,415,124,247096470,1.0931944444444444
2014-02-24 00:00:00 UTC,415,122,247092890,0.70875
2014-02-24 00:00:00 UTC,415,123,247092890,6.0183333333333326
2014-02-24 00:00:00 UTC,415,124,247092920,2.8945833333333333
2014-02-24 00:00:00 UTC,415,123,247092920,2.9843055555555553
2014-02-24 00:00:00 UTC,415,-93,224355000,0.59736111111111112
2014-02-24 00:00:00 UTC,415,-92,224355000,1.3997222222222223
2014-02-24 00:00:00 UTC,415,124,247092950,3.8131944444444446
2014-02-24 00:00:00 UTC,415,123,247092950,1.70875
2014-02-24 00:00:00 UTC,415,122,247092950,0.87402777777777774
2014-02-24 00:00:00 UTC,415,-93,204236000,3.8744444444444444
2014-02-24 00:00:00 UTC,415,123,247092990,5.629027777777778
2014-02-24 00:00:00 UTC,415,122,247092990,0.26833333333333331
2014-02-24 00:00:00 UTC,415,124,247092990,1.2220833333333334
2014-02-24 00:00:00 UTC,671,85,257888000,11.726666666666667
2014-02-24 00:00:00 UTC,671,86,257888000,2.3318055555555555
2014-02-24 00:00:00 UTC,671,85,259655000,3.8502777777777779
2014-02-24 00:00:00 UTC,671,-158,251145110,0.76069444444444434
2014-02-24 00:00:00 UTC,671,-157,251145110,0.66708333333333336
2014-02-24 00:00:00 UTC,671,108,273317270,9.4347222222222218
2014-02-24 00:00:00 UTC,671,112,273216200,4.5677777777777777
2014-02-24 00:00:00 UTC,-353,-756,725000890,5.7526388888888889
2014-02-24 00:00:00 UTC,-353,-1778,224015550,5.3865277777777774
2014-02-24 00:00:00 UTC,-353,-755,725004500,1.513611111111111
2014-02-24 00:00:00 UTC,-353,-756,725000690,7.5269444444444442
2014-02-24 00:00:00 UTC,-97,37,431889000,3.4875
2014-02-24 00:00:00 UTC,-97,-1224,440900000,1.8181944444444444
2014-02-24 00:00:00 UTC,416,121,247092750,2.3429166666666665
2014-02-24 00:00:00 UTC,416,122,247092750,6.2201388888888882
2014-02-24 00:00:00 UTC,416,123,247092750,0.82013888888888886
2014-02-24 00:00:00 UTC,416,123,247093010,1.2249999999999999
2014-02-24 00:00:00 UTC,416,122,247093010,1.4176388888888889
2014-02-24 00:00:00 UTC,416,121,247093010,0.96986111111111106
2014-02-24 00:00:00 UTC,416,33,224095770,2.048888888888889
2014-02-24 00:00:00 UTC,416,-93,224091680,2.3791666666666669
2014-02-24 00:00:00 UTC,416,122,247092770,0.62972222222222218
2014-02-24 00:00:00 UTC,416,123,247092770,1.5155555555555555
2014-02-24 00:00:00 UTC,416,122,247093030,5.5830555555555552
2014-02-24 00:00:00 UTC,416,121,247093030,2.8956944444444446
2014-02-24 00:00:00 UTC,416,-93,225353000,1.4493055555555556
2014-02-24 00:00:00 UTC,416,-94,225353000,0.35083333333333333
2014-02-24 00:00:00 UTC,416,121,247092780,3.6038888888888891
2014-02-24 00:00:00 UTC,416,123,247092780,2.4694444444444446
2014-02-24 00:00:00 UTC,416,122,247092780,5.669999999999999
2014-02-24 00:00:00 UTC,416,122,247093060,1.097361111111111
2014-02-24 00:00:00 UTC,416,120,247093060,2.1633333333333331
2014-02-24 00:00:00 UTC,416,121,247093060,0.23458333333333331
2014-02-24 00:00:00 UTC,416,123,247093060,1.1323611111111112
2014-02-24 00:00:00 UTC,416,121,247092810,2.6404166666666664
2014-02-24 00:00:00 UTC,416,122,247092810,3.4883333333333324
2014-02-24 00:00:00 UTC,416,123,247092810,1.8159722222222221
2014-02-24 00:00:00 UTC,416,33,224104280,3.3009722222222222
2014-02-24 00:00:00 UTC,416,121,247092830,0.21736111111111112
2014-02-24 00:00:00 UTC,416,122,247092830,1.9669444444444442
2014-02-24 00:00:00 UTC,416,122,247096930,1.8522222222222222
2014-02-24 00:00:00 UTC,416,121,247096930,1.4236111111111112
2014-02-24 00:00:00 UTC,416,120,247096930,4.0754166666666665
2014-02-24 00:00:00 UTC,416,119,247096930,1.3245833333333332
2014-02-24 00:00:00 UTC,416,121,247092850,0.68375000000000008
2014-02-24 00:00:00 UTC,416,122,247092850,5.7804166666666665
2014-02-24 00:00:00 UTC,416,123,247092850,2.8947222222222222
2014-02-24 00:00:00 UTC,416,121,247092860,1.044861111111111
2014-02-24 00:00:00 UTC,416,123,247092860,2.1290277777777775
2014-02-24 00:00:00 UTC,416,122,247092860,1.5991666666666666
2014-02-24 00:00:00 UTC,416,33,224106880,1.5552777777777778
2014-02-24 00:00:00 UTC,416,34,224106880,0.71013888888888888
2014-02-24 00:00:00 UTC,416,122,247092870,1.3772222222222221
2014-02-24 00:00:00 UTC,416,123,247092870,2.1231944444444446
2014-02-24 00:00:00 UTC,416,122,247092890,2.2606944444444443
2014-02-24 00:00:00 UTC,416,123,247092890,0.90944444444444439
2014-02-24 00:00:00 UTC,416,121,247110810,0.9144444444444445
2014-02-24 00:00:00 UTC,416,122,247110810,6.142777777777777
2014-02-24 00:00:00 UTC,416,33,224566950,0.69486111111111115
2014-02-24 00:00:00 UTC,416,34,224566950,3.0706944444444444
2014-02-24 00:00:00 UTC,416,122,247092920,1.1350000000000002
2014-02-24 00:00:00 UTC,416,123,247092920,1.7684722222222222
2014-02-24 00:00:00 UTC,416,-93,224355000,0.5247222222222222
2014-02-24 00:00:00 UTC,416,-94,224355000,1.2013888888888888
2014-02-24 00:00:00 UTC,416,-697,366900670,5.9519444444444449
2014-02-24 00:00:00 UTC,416,-698,366900670,0.21958333333333335
2014-02-24 00:00:00 UTC,416,-698,366953940,0.2063888888888889
2014-02-24 00:00:00 UTC,416,-697,366953940,4.8551388888888889
2014-02-24 00:00:00 UTC,416,123,247092950,1.6925
2014-02-24 00:00:00 UTC,416,122,247092950,1.2494444444444444
2014-02-24 00:00:00 UTC,416,-93,204236000,11.383611111111113
2014-02-24 00:00:00 UTC,416,-94,204236000,4.9456944444444453
2014-02-24 00:00:00 UTC,416,121,247092980,2.1462499999999998
2014-02-24 00:00:00 UTC,416,122,247092980,0.37069444444444444
2014-02-24 00:00:00 UTC,416,-663,316001017,5.6494444444444447
2014-02-24 00:00:00 UTC,416,-662,316001017,1.5166666666666666
2014-02-24 00:00:00 UTC,416,122,247092990,3.5701388888888892
2014-02-24 00:00:00 UTC,416,121,247092990,0.84763888888888883
2014-02-24 00:00:00 UTC,672,87,257888000,4.6679166666666667
2014-02-24 00:00:00 UTC,672,113,273447010,6.3133333333333335
2014-02-24 00:00:00 UTC,672,109,273317270,6.1997222222222224
2014-02-24 00:00:00 UTC,672,114,257529000,8.91138888888889
2014-02-24 00:00:00 UTC,672,113,257529000,2.6047222222222222
2014-02-24 00:00:00 UTC,672,113,273425330,6.1569444444444441
2014-02-24 00:00:00 UTC,672,114,273425330,2.6486111111111112
2014-02-24 00:00:00 UTC,672,111,273216200,10.65375
2014-02-24 00:00:00 UTC,672,114,259383000,2.379861111111111
2014-02-24 00:00:00 UTC,672,115,259383000,4.0691666666666668
2014-02-24 00:00:00 UTC,-352,-1775,224456000,3.6691666666666665
2014-02-24 00:00:00 UTC,-352,365,224132000,4.8923611111111116
2014-02-24 00:00:00 UTC,-352,358,224132000,4.7561111111111112
2014-02-24 00:00:00 UTC,-352,-1780,224015550,1.4543055555555555
2014-02-24 00:00:00 UTC,-352,-1779,224015550,2.0826388888888889
2014-02-24 00:00:00 UTC,-352,-755,725004500,5.744305555555556
2014-02-24 00:00:00 UTC,-96,-1224,440900000,1.8152777777777778
2014-02-24 00:00:00 UTC,-96,-1188,431704230,0.93902777777777768
2014-02-24 00:00:00 UTC,-96,30,432408000,6.5713888888888885
2014-02-24 00:00:00 UTC,417,121,247092750,0.82500000000000007
2014-02-24 00:00:00 UTC,417,121,247093010,0.2927777777777778
2014-02-24 00:00:00 UTC,417,33,224095770,2.94
2014-02-24 00:00:00 UTC,417,-94,224091680,4.2498611111111106
2014-02-24 00:00:00 UTC,417,-93,224091680,0.97291666666666665
2014-02-24 00:00:00 UTC,417,121,247092770,1.3806944444444444
2014-02-24 00:00:00 UTC,417,121,247093030,2.6224999999999996
2014-02-24 00:00:00 UTC,417,-94,225353000,1.5508333333333333
2014-02-24 00:00:00 UTC,417,121,247092780,2.6516666666666664
2014-02-24 00:00:00 UTC,417,121,247092790,0.42194444444444446
2014-02-24 00:00:00 UTC,417,119,247092790,3.6468055555555554
2014-02-24 00:00:00 UTC,417,120,247093050,2.7958333333333329
2014-02-24 00:00:00 UTC,417,118,247093050,0.36375
2014-02-24 00:00:00 UTC,417,119,247093050,1.5166666666666666
2014-02-24 00:00:00 UTC,417,121,247093050,0.41763888888888889
2014-02-24 00:00:00 UTC,417,31,224026690,5.9961111111111105
2014-02-24 00:00:00 UTC,417,32,224026690,1.0609722222222222
2014-02-24 00:00:00 UTC,417,120,247093060,0.75166666666666671
2014-02-24 00:00:00 UTC,417,120,247092810,0.50083333333333335
2014-02-24 00:00:00 UTC,417,121,247092810,1.4797222222222222
2014-02-24 00:00:00 UTC,417,34,224104280,0.26222222222222225
2014-02-24 00:00:00 UTC,417,33,224104280,0.78583333333333327
2014-02-24 00:00:00 UTC,417,119,247096930,1.3993055555555558
2014-02-24 00:00:00 UTC,417,120,247096930,0.24347222222222223
2014-02-24 00:00:00 UTC,417,121,247096930,1.3748611111111111
2014-02-24 00:00:00 UTC,417,121,247092860,0.20694444444444443
2014-02-24 00:00:00 UTC,417,34,224106880,0.88625
2014-02-24 00:00:00 UTC,417,121,247110810,3.9131944444444442
2014-02-24 00:00:00 UTC,417,34,224566950,2.785277777777778
2014-02-24 00:00:00 UTC,417,35,224566950,1.1748611111111111
2014-02-24 00:00:00 UTC,417,-94,224355000,2.4427777777777777
2014-02-24 00:00:00 UTC,417,30,224104380,0.92486111111111113
2014-02-24 00:00:00 UTC,417,31,224104380,0.87125
2014-02-24 00:00:00 UTC,417,-697,366900670,1.2101388888888889
2014-02-24 00:00:00 UTC,417,-698,366900670,1.9015277777777779
2014-02-24 00:00:00 UTC,417,-697,366953940,1.1693055555555556
2014-02-24 00:00:00 UTC,417,-698,366953940,1.943472222222222
2014-02-24 00:00:00 UTC,417,121,247092950,0.4408333333333333
2014-02-24 00:00:00 UTC,417,121,247099360,1.27
2014-02-24 00:00:00 UTC,417,120,247099360,0.66013888888888883
2014-02-24 00:00:00 UTC,417,119,247099360,1.8787500000000001
2014-02-24 00:00:00 UTC,417,166,247121640,7.2336111111111112
2014-02-24 00:00:00 UTC,417,-1247,366934770,2.1040277777777776
2014-02-24 00:00:00 UTC,417,121,247092980,2.1645833333333333
2014-02-24 00:00:00 UTC,417,120,247092980,3.4751388888888886
2014-02-24 00:00:00 UTC,417,-663,316001017,2.3875
2014-02-24 00:00:00 UTC,417,121,247092990,1.5780555555555558
2014-02-24 00:00:00 UTC,673,88,257888000,3.1138888888888889
2014-02-24 00:00:00 UTC,673,117,258143000,2.7270833333333337
2014-02-24 00:00:00 UTC,673,-221,251464000,1.5220833333333332
2014-02-24 00:00:00 UTC,673,-219,251464000,1.5515277777777778
2014-02-24 00:00:00 UTC,673,-224,251464000,1.5455555555555556
2014-02-24 00:00:00 UTC,673,-202,251089000,1.5401388888888889
2014-02-24 00:00:00 UTC,673,109,273317270,3.107361111111111
2014-02-24 00:00:00 UTC,673,114,257529000,5.0568055555555551
2014-02-24 00:00:00 UTC,673,115,257529000,5.7440277777777773
2014-02-24 00:00:00 UTC,673,115,259822000,3.0069444444444442
2014-02-24 00:00:00 UTC,673,116,259822000,7.5706944444444453
2014-02-24 00:00:00 UTC,673,112,273425330,3.9059722222222222
2014-02-24 00:00:00 UTC,673,115,259383000,5.1843055555555555
2014-02-24 00:00:00 UTC,673,113,259383000,5.0434722222222224
2014-02-24 00:00:00 UTC,673,114,259383000,5.0079166666666666
2014-02-24 00:00:00 UTC,673,120,257101030,0.885
2014-02-24 00:00:00 UTC,-351,-1775,224456000,0.81402777777777779
2014-02-24 00:00:00 UTC,-351,358,224132000,2.0944444444444446
2014-02-24 00:00:00 UTC,-351,-1781,224015550,2.9959722222222225
2014-02-24 00:00:00 UTC,-351,345,263576000,1.6451388888888892
2014-02-24 00:00:00 UTC,-351,350,263576000,2.1166666666666663
2014-02-24 00:00:00 UTC,-351,347,263576000,2.0604166666666663
2014-02-24 00:00:00 UTC,-351,-563,770576120,0.33611111111111114
2014-02-24 00:00:00 UTC,-95,37,431889000,1.8083333333333333
2014-02-24 00:00:00 UTC,-95,-1224,440900000,3.3304166666666668
2014-02-24 00:00:00 UTC,-95,-1188,431704230,0.91125
2014-02-24 00:00:00 UTC,162,-272,224259000,12.05486111111111
2014-02-24 00:00:00 UTC,418,33,224095490,2.0145833333333334
2014-02-24 00:00:00 UTC,418,32,224095490,1.3338888888888891
2014-02-24 00:00:00 UTC,418,-94,224091680,0.2993055555555556
2014-02-24 00:00:00 UTC,418,120,247093030,1.2679166666666668
2014-02-24 00:00:00 UTC,418,121,247093030,2.6370833333333334
2014-02-24 00:00:00 UTC,418,32,224104230,0.70138888888888884
2014-02-24 00:00:00 UTC,418,33,224104230,4.2884722222222234
2014-02-24 00:00:00 UTC,418,164,247121710,1.0331944444444445
2014-02-24 00:00:00 UTC,418,34,224104240,0.76777777777777767
2014-02-24 00:00:00 UTC,418,35,224104240,0.66666666666666663
2014-02-24 00:00:00 UTC,418,33,224088370,4.6526388888888892
2014-02-24 00:00:00 UTC,418,32,224088370,2.5038888888888891
2014-02-24 00:00:00 UTC,418,164,247121970,0.88361111111111112
2014-02-24 00:00:00 UTC,418,163,247121970,0.26222222222222225
2014-02-24 00:00:00 UTC,418,118,247092790,3.0473611111111114
2014-02-24 00:00:00 UTC,418,121,247092790,2.0355555555555553
2014-02-24 00:00:00 UTC,418,120,247092790,1.3533333333333331
2014-02-24 00:00:00 UTC,418,118,247093050,2.0343055555555556
2014-02-24 00:00:00 UTC,418,119,247093050,0.23888888888888887
2014-02-24 00:00:00 UTC,418,120,247093050,0.24361111111111111
2014-02-24 00:00:00 UTC,418,117,247093050,1.7795833333333331
2014-02-24 00:00:00 UTC,418,33,224104250,2.3801388888888888
2014-02-24 00:00:00 UTC,418,35,224104250,0.46277777777777779
2014-02-24 00:00:00 UTC,418,34,224104250,1.5245833333333332
2014-02-24 00:00:00 UTC,418,31,224026690,0.82458333333333333
2014-02-24 00:00:00 UTC,418,32,224104260,1.546388888888889
2014-02-24 00:00:00 UTC,418,33,224104260,5.2483333333333331
2014-02-24 00:00:00 UTC,418,-94,224067670,1.4491666666666667
2014-02-24 00:00:00 UTC,418,117,247094370,4.5976388888888886
2014-02-24 00:00:00 UTC,418,-94,224051590,2.70125
2014-02-24 00:00:00 UTC,418,163,247125640,8.7694444444444457
2014-02-24 00:00:00 UTC,418,164,247125640,4.31138888888889
2014-02-24 00:00:00 UTC,418,162,247122830,0.73902777777777784
2014-02-24 00:00:00 UTC,418,163,247125650,9.4926388888888891
2014-02-24 00:00:00 UTC,418,164,247125650,2.2456944444444442
2014-02-24 00:00:00 UTC,418,120,247110810,1.3243055555555556
2014-02-24 00:00:00 UTC,418,121,247110810,3.0293055555555557
2014-02-24 00:00:00 UTC,418,-94,224292000,1.6026388888888889
2014-02-24 00:00:00 UTC,418,-94,224355000,1.4572222222222222
2014-02-24 00:00:00 UTC,418,30,224104380,0.21194444444444444
2014-02-24 00:00:00 UTC,418,31,224104380,4.8245833333333339
2014-02-24 00:00:00 UTC,418,33,224201160,3.8704166666666668
2014-02-24 00:00:00 UTC,418,32,224201160,1.3072222222222223
2014-02-24 00:00:00 UTC,418,34,224137940,1.5869444444444443
2014-02-24 00:00:00 UTC,418,33,224137940,4.0811111111111114
2014-02-24 00:00:00 UTC,418,121,247092950,0.22236111111111112
2014-02-24 00:00:00 UTC,418,120,247099360,2.3341666666666665
2014-02-24 00:00:00 UTC,418,119,247099360,0.98305555555555557
2014-02-24 00:00:00 UTC,418,118,247099360,1.7672222222222222
2014-02-24 00:00:00 UTC,418,121,247099360,1.2181944444444444
2014-02-24 00:00:00 UTC,418,34,224164580,1.3173611111111112
2014-02-24 00:00:00 UTC,418,32,224164580,1.442361111111111
2014-02-24 00:00:00 UTC,418,33,224164580,3.8268055555555556
2014-02-24 00:00:00 UTC,418,165,247121640,2.90375
2014-02-24 00:00:00 UTC,418,33,224070380,0.20847222222222223
2014-02-24 00:00:00 UTC,418,-94,224147180,2.0733333333333333
2014-02-24 00:00:00 UTC,418,-1247,366934770,0.20013888888888889
2014-02-24 00:00:00 UTC,418,120,247092980,1.7443055555555556
2014-02-24 00:00:00 UTC,418,121,247092980,0.46569444444444441
2014-02-24 00:00:00 UTC,418,165,247121660,0.66083333333333327
2014-02-24 00:00:00 UTC,674,120,257450500,0.65861111111111115
2014-02-24 00:00:00 UTC,674,121,257450500,0.30222222222222223
2014-02-24 00:00:00 UTC,674,-203,251464000,1.5211111111111111
2014-02-24 00:00:00 UTC,674,-224,251464000,8.6611111111111114
2014-02-24 00:00:00 UTC,674,-223,251464000,1.526388888888889
2014-02-24 00:00:00 UTC,674,116,257937500,1.5444444444444445
2014-02-24 00:00:00 UTC,674,-201,251089000,7.8945833333333333
2014-02-24 00:00:00 UTC,674,-204,251089000,7.1376388888888886
2014-02-24 00:00:00 UTC,674,115,257529000,0.74541666666666662
2014-02-24 00:00:00 UTC,674,120,257101030,8.4084722222222243
2014-02-24 00:00:00 UTC,-350,-1776,224456000,5.7170833333333331
2014-02-24 00:00:00 UTC,-350,-563,8029,0.65236111111111117
2014-02-24 00:00:00 UTC,-350,366,224132000,4.84361111111111
2014-02-24 00:00:00 UTC,-350,365,224132000,1.2498611111111111
2014-02-24 00:00:00 UTC,-350,-1783,224015550,1.7731944444444445
2014-02-24 00:00:00 UTC,-350,-1782,224015550,1.6006944444444442
2014-02-24 00:00:00 UTC,-350,344,263576000,3.1551388888888887
2014-02-24 00:00:00 UTC,-94,37,431889000,4.0697222222222225
2014-02-24 00:00:00 UTC,-94,-1188,431704230,0.91236111111111118
2014-02-24 00:00:00 UTC,163,-271,224259000,2.0705555555555555
2014-02-24 00:00:00 UTC,163,-169,224033000,19.275972222222219
2014-02-24 00:00:00 UTC,419,152,247102730,1.4955555555555555
2014-02-24 00:00:00 UTC,419,153,247102750,0.40597222222222223
2014-02-24 00:00:00 UTC,419,-94,224049960,8.149861111111111
2014-02-24 00:00:00 UTC,419,156,247124010,0.88847222222222222
2014-02-24 00:00:00 UTC,419,157,247124010,1.1193055555555556
2014-02-24 00:00:00 UTC,419,163,247121710,1.9740277777777777
2014-02-24 00:00:00 UTC,419,35,224104240,4.8522222222222222
2014-02-24 00:00:00 UTC,419,34,224104240,0.63583333333333336
2014-02-24 00:00:00 UTC,419,163,247121970,1.9497222222222224
2014-02-24 00:00:00 UTC,419,164,247121970,0.15166666666666667
2014-02-24 00:00:00 UTC,419,34,224104250,0.43708333333333332
2014-02-24 00:00:00 UTC,419,35,224104250,2.7173611111111113
2014-02-24 00:00:00 UTC,419,33,224104260,0.25055555555555553
2014-02-24 00:00:00 UTC,419,-94,224123730,3.0733333333333333
2014-02-24 00:00:00 UTC,419,-94,224067670,4.1529166666666661
2014-02-24 00:00:00 UTC,419,117,247094370,0.915
2014-02-24 00:00:00 UTC,419,115,247094370,0.33625000000000005
2014-02-24 00:00:00 UTC,419,116,247094370,1.8397222222222223
2014-02-24 00:00:00 UTC,419,116,247128190,0.42930555555555555
2014-02-24 00:00:00 UTC,419,33,224104320,2.6755555555555559
2014-02-24 00:00:00 UTC,419,34,224104320,4.9393055555555563
2014-02-24 00:00:00 UTC,419,-94,224051590,3.7318055555555558
2014-02-24 00:00:00 UTC,419,163,247125640,1.074861111111111
2014-02-24 00:00:00 UTC,419,162,247122830,1.13875
2014-02-24 00:00:00 UTC,419,164,247122830,1.3458333333333332
2014-02-24 00:00:00 UTC,419,163,247122830,0.67708333333333337
2014-02-24 00:00:00 UTC,419,161,247122830,0.675138888888889
2014-02-24 00:00:00 UTC,419,163,247125650,2.4356944444444446
2014-02-24 00:00:00 UTC,419,164,247125650,1.1872222222222222
2014-02-24 00:00:00 UTC,419,-94,224292000,3.5243055555555562
2014-02-24 00:00:00 UTC,419,156,247145660,0.21222222222222223
2014-02-24 00:00:00 UTC,419,157,247145660,2.0548611111111108
2014-02-24 00:00:00 UTC,419,158,247145660,0.4556944444444444
2014-02-24 00:00:00 UTC,419,115,247097280,0.24861111111111112
2014-02-24 00:00:00 UTC,419,116,247097280,5.6308333333333325
2014-02-24 00:00:00 UTC,419,33,224095430,2.0980555555555553
2014-02-24 00:00:00 UTC,419,34,224095430,4.5381944444444438
2014-02-24 00:00:00 UTC,419,33,224201160,0.90388888888888874
2014-02-24 00:00:00 UTC,419,32,224201160,0.89958333333333329
2014-02-24 00:00:00 UTC,419,34,224137940,0.92291666666666661
2014-02-24 00:00:00 UTC,419,34,224164580,1.4979166666666666
2014-02-24 00:00:00 UTC,419,34,224070380,4.7458333333333327
2014-02-24 00:00:00 UTC,419,35,224070380,0.87277777777777787
2014-02-24 00:00:00 UTC,419,33,224070380,1.1823611111111112
2014-02-24 00:00:00 UTC,419,-94,224147180,3.9613888888888886
2014-02-24 00:00:00 UTC,419,119,247092980,2.2305555555555556
2014-02-24 00:00:00 UTC,419,120,247092980,0.23444444444444446
2014-02-24 00:00:00 UTC,419,164,247121660,3.6366666666666667
2014-02-24 00:00:00 UTC,419,163,247121660,0.44694444444444448
2014-02-24 00:00:00 UTC,675,-198,251089000,2.3083333333333336
2014-02-24 00:00:00 UTC,675,143,259023000,0.65736111111111106
2014-02-24 00:00:00 UTC,-605,-460,258261000,1.5074999999999998
2014-02-24 00:00:00 UTC,-605,-461,258261000,11.629999999999999
2014-02-24 00:00:00 UTC,-605,-458,258261000,1.536111111111111
2014-02-24 00:00:00 UTC,-605,-459,258261000,9.5551388888888873
2014-02-24 00:00:00 UTC,-605,-458,259539000,5.5916666666666668
2014-02-24 00:00:00 UTC,-605,-460,259539000,5.3490277777777777
2014-02-24 00:00:00 UTC,-605,-459,259539000,14.085972222222223
2014-02-24 00:00:00 UTC,-605,-458,258139000,5.5875
2014-02-24 00:00:00 UTC,-605,-460,258139000,6.0201388888888889
2014-02-24 00:00:00 UTC,-605,-459,258139000,13.433472222222221
2014-02-24 00:00:00 UTC,-349,-1777,224456000,4.1263888888888891
2014-02-24 00:00:00 UTC,-349,-1776,224456000,0.44527777777777777
2014-02-24 00:00:00 UTC,-349,243,601479000,2.6890277777777776
2014-02-24 00:00:00 UTC,-349,-1783,224015550,3.2387500000000009
2014-02-24 00:00:00 UTC,-349,-1784,224015550,1.5036111111111112
2014-02-24 00:00:00 UTC,-93,-1188,431704230,0.9125
2014-02-24 00:00:00 UTC,164,-271,224259000,2.3548611111111111
2014-02-24 00:00:00 UTC,164,-169,224033000,6.3233333333333333
2014-02-24 00:00:00 UTC,420,151,247102720,0.79041666666666666
2014-02-24 00:00:00 UTC,420,338,271072264,0.63694444444444442
2014-02-24 00:00:00 UTC,420,336,271072264,0.36680555555555555
2014-02-24 00:00:00 UTC,420,337,271072264,2.4768055555555559
2014-02-24 00:00:00 UTC,420,151,247102730,0.94763888888888892
2014-02-24 00:00:00 UTC,420,150,247102730,0.9291666666666667
2014-02-24 00:00:00 UTC,420,151,247100430,1.9555555555555557
2014-02-24 00:00:00 UTC,420,-94,224041240,1.9245833333333335
2014-02-24 00:00:00 UTC,420,151,247125790,0.27333333333333332
2014-02-24 00:00:00 UTC,420,150,247125790,0.69277777777777771
2014-02-24 00:00:00 UTC,420,-94,224049960,4.1502777777777773
2014-02-24 00:00:00 UTC,420,337,271072304,2.4448611111111109
2014-02-24 00:00:00 UTC,420,-94,224090160,0.74930555555555567
2014-02-24 00:00:00 UTC,420,-93,224090160,0.47763888888888889
2014-02-24 00:00:00 UTC,420,149,247111480,0.15430555555555556
2014-02-24 00:00:00 UTC,420,148,247111480,0.35111111111111115
2014-02-24 00:00:00 UTC,420,159,247125820,0.23902777777777778
2014-02-24 00:00:00 UTC,420,-94,224056130,2.12375
2014-02-24 00:00:00 UTC,420,115,247094340,8.056111111111111
2014-02-24 00:00:00 UTC,420,159,247120710,0.22
2014-02-24 00:00:00 UTC,420,-669,316004170,11.708194444444445
2014-02-24 00:00:00 UTC,420,-94,224123730,6.1963888888888876
2014-02-24 00:00:00 UTC,420,-94,224067670,4.3483333333333336
2014-02-24 00:00:00 UTC,420,115,247094370,0.33041666666666669
2014-02-24 00:00:00 UTC,420,115,247128190,1.3388888888888888
2014-02-24 00:00:00 UTC,420,150,247102080,0.59638888888888886
2014-02-24 00:00:00 UTC,420,151,247102080,0.4029166666666667
2014-02-24 00:00:00 UTC,420,150,247100290,0.7254166666666666
2014-02-24 00:00:00 UTC,420,151,247100290,0.31527777777777777
2014-02-24 00:00:00 UTC,420,161,247124610,0.68625
2014-02-24 00:00:00 UTC,420,-94,224051590,4.5470833333333331
2014-02-24 00:00:00 UTC,420,166,247281290,10.148333333333333
2014-02-24 00:00:00 UTC,420,164,247281290,10.069861111111111
2014-02-24 00:00:00 UTC,420,114,247099790,1.158611111111111
2014-02-24 00:00:00 UTC,420,115,247099790,0.39861111111111114
2014-02-24 00:00:00 UTC,420,-94,224292000,4.1241666666666665
2014-02-24 00:00:00 UTC,420,149,247100590,0.99180555555555561
2014-02-24 00:00:00 UTC,420,150,247100590,1.4876388888888887
2014-02-24 00:00:00 UTC,420,114,247099830,1.4588888888888887
2014-02-24 00:00:00 UTC,420,114,247097280,0.84583333333333333
2014-02-24 00:00:00 UTC,420,115,247097280,3.25875
2014-02-24 00:00:00 UTC,420,-94,224147180,3.7177777777777781
2014-02-24 00:00:00 UTC,420,32,224072430,3.9779166666666668
2014-02-24 00:00:00 UTC,676,-195,251089000,1.5693055555555557
2014-02-24 00:00:00 UTC,676,-190,251089000,1.5540277777777778
2014-02-24 00:00:00 UTC,676,-188,251089000,1.4958333333333331
2014-02-24 00:00:00 UTC,676,142,259023000,0.51055555555555554
2014-02-24 00:00:00 UTC,-348,243,601301000,1.3595833333333334
2014-02-24 00:00:00 UTC,-348,347,224233000,1.7559722222222223
2014-02-24 00:00:00 UTC,-348,245,601479000,5.2720833333333337
2014-02-24 00:00:00 UTC,-348,244,601479000,6.4568055555555555
2014-02-24 00:00:00 UTC,-348,242,601479000,6.2609722222222226
2014-02-24 00:00:00 UTC,-348,248,601223000,0.70583333333333331
2014-02-24 00:00:00 UTC,-348,244,601223000,4.8656944444444452
2014-02-24 00:00:00 UTC,-348,246,601223000,5.6526388888888892
2014-02-24 00:00:00 UTC,-348,245,601223000,0.79902777777777767
2014-02-24 00:00:00 UTC,-348,247,601223000,1.4505555555555558
2014-02-24 00:00:00 UTC,-348,358,224132000,2.0734722222222226
2014-02-24 00:00:00 UTC,-92,-1115,431613000,7.3884722222222239
2014-02-24 00:00:00 UTC,-92,-1188,431704230,2.177083333333333
2014-02-24 00:00:00 UTC,421,116,247094280,5.8383333333333338
2014-02-24 00:00:00 UTC,421,-94,224041240,3.1761111111111111
2014-02-24 00:00:00 UTC,421,116,247094310,0.75722222222222224
2014-02-24 00:00:00 UTC,421,-94,224049960,2.8269444444444445
2014-02-24 00:00:00 UTC,421,-93,224049960,1.525
2014-02-24 00:00:00 UTC,421,-94,224090160,1.8966666666666665
2014-02-24 00:00:00 UTC,421,-93,224090160,1.774861111111111
2014-02-24 00:00:00 UTC,421,148,247111480,0.39430555555555558
2014-02-24 00:00:00 UTC,421,155,247120440,1.3579166666666667
2014-02-24 00:00:00 UTC,421,154,247120440,2.2456944444444447
2014-02-24 00:00:00 UTC,421,158,247125820,1.3840277777777779
2014-02-24 00:00:00 UTC,421,159,247125820,1.8544444444444448
2014-02-24 00:00:00 UTC,421,-94,224056130,2.9250000000000003
2014-02-24 00:00:00 UTC,421,158,247120710,0.67222222222222228
2014-02-24 00:00:00 UTC,421,159,247120710,2.0265277777777775
2014-02-24 00:00:00 UTC,421,-669,316004170,11.575416666666667
2014-02-24 00:00:00 UTC,421,-94,224123730,5.0281944444444449
2014-02-24 00:00:00 UTC,421,-93,224123730,2.2479166666666668
2014-02-24 00:00:00 UTC,421,-95,224123730,0.82416666666666671
2014-02-24 00:00:00 UTC,421,-94,224157780,5.1137500000000005
2014-02-24 00:00:00 UTC,421,-94,224067670,4.125694444444445
2014-02-24 00:00:00 UTC,421,150,247100290,0.49847222222222221
2014-02-24 00:00:00 UTC,421,151,247100290,0.89416666666666655
2014-02-24 00:00:00 UTC,421,160,247124610,2.9547222222222222
2014-02-24 00:00:00 UTC,421,158,247124610,2.6320833333333336
2014-02-24 00:00:00 UTC,421,161,247124610,0.22361111111111109
2014-02-24 00:00:00 UTC,421,157,247124610,0.87555555555555553
2014-02-24 00:00:00 UTC,421,159,247124610,1.9315277777777777
2014-02-24 00:00:00 UTC,421,-94,224051590,3.9959722222222225
2014-02-24 00:00:00 UTC,421,-94,224292000,4.3777777777777773
2014-02-24 00:00:00 UTC,421,157,247123880,0.91652777777777783
2014-02-24 00:00:00 UTC,421,158,247123880,0.23208333333333334
2014-02-24 00:00:00 UTC,421,149,247100590,5.8998611111111128
2014-02-24 00:00:00 UTC,421,148,247101630,3.1247222222222222
2014-02-24 00:00:00 UTC,421,-94,224138950,4.2234722222222221
2014-02-24 00:00:00 UTC,421,-94,224147180,2.5727777777777776
2014-02-24 00:00:00 UTC,421,-93,224147180,1.4999999999999998
2014-02-24 00:00:00 UTC,677,119,257555500,10.634722222222223
2014-02-24 00:00:00 UTC,677,118,257555500,1.0515277777777778
2014-02-24 00:00:00 UTC,677,117,257555500,1.1483333333333334
2014-02-24 00:00:00 UTC,677,142,259023000,0.11666666666666667
2014-02-24 00:00:00 UTC,677,143,259023000,0.51791666666666669
2014-02-24 00:00:00 UTC,-347,348,224233000,1.4006944444444442
2014-02-24 00:00:00 UTC,-347,247,601223000,3.5179166666666672
2014-02-24 00:00:00 UTC,-347,358,224132000,1.6395833333333334
2014-02-24 00:00:00 UTC,-347,1361,503584700,1.7825
2014-02-24 00:00:00 UTC,-91,-1188,431704230,1.0458333333333332
2014-02-24 00:00:00 UTC,-91,1369,412440231,5.4483333333333333
2014-02-24 00:00:00 UTC,-91,1368,412440231,2.7747222222222225
2014-02-24 00:00:00 UTC,-91,-1105,431395000,1.8805555555555555
2014-02-24 00:00:00 UTC,422,146,247104260,4.8854166666666661
2014-02-24 00:00:00 UTC,422,147,247104260,8.8297222222222214
2014-02-24 00:00:00 UTC,422,115,247094280,4.5058333333333334
2014-02-24 00:00:00 UTC,422,116,247094280,0.61541666666666672
2014-02-24 00:00:00 UTC,422,151,247281420,2.3865277777777778
2014-02-24 00:00:00 UTC,422,152,247281420,3.4986111111111109
2014-02-24 00:00:00 UTC,422,154,247281420,2.2041666666666666
2014-02-24 00:00:00 UTC,422,153,247281420,2.645833333333333
2014-02-24 00:00:00 UTC,422,155,247281420,1.4156944444444444
2014-02-24 00:00:00 UTC,422,-94,224041240,2.6483333333333339
2014-02-24 00:00:00 UTC,422,116,247094310,1.0373611111111112
2014-02-24 00:00:00 UTC,422,115,247094310,0.76722222222222214
2014-02-24 00:00:00 UTC,422,-94,224049960,0.47472222222222221
2014-02-24 00:00:00 UTC,422,-93,224049960,1.874583333333333
2014-02-24 00:00:00 UTC,422,-93,224090160,1.6008333333333333
2014-02-24 00:00:00 UTC,422,155,247120440,0.24902777777777779
2014-02-24 00:00:00 UTC,422,156,247120440,1.6052777777777778
2014-02-24 00:00:00 UTC,422,158,247125820,2.0101388888888887
2014-02-24 00:00:00 UTC,422,-94,224056130,3.0000000000000004
2014-02-24 00:00:00 UTC,422,158,247120710,2.1370833333333339
2014-02-24 00:00:00 UTC,422,157,247123530,0.21041666666666667
2014-02-24 00:00:00 UTC,422,156,247123530,0.72291666666666665
2014-02-24 00:00:00 UTC,422,-93,224123730,3.6004166666666668
2014-02-24 00:00:00 UTC,422,-94,224157780,5.9595833333333355
2014-02-24 00:00:00 UTC,422,-94,224067670,3.4237499999999996
2014-02-24 00:00:00 UTC,422,-93,224067670,0.27583333333333332
2014-02-24 00:00:00 UTC,422,146,247101540,3.6361111111111115
2014-02-24 00:00:00 UTC,422,145,247101540,2.6444444444444444
2014-02-24 00:00:00 UTC,422,157,247124610,0.88111111111111107
2014-02-24 00:00:00 UTC,422,-92,224051590,0.27513888888888893
2014-02-24 00:00:00 UTC,422,-94,224051590,1.9772222222222222
2014-02-24 00:00:00 UTC,422,-93,224051590,2.2504166666666667
2014-02-24 00:00:00 UTC,422,160,247122310,1.9133333333333331
2014-02-24 00:00:00 UTC,422,159,247122310,0.44583333333333336
2014-02-24 00:00:00 UTC,422,156,247122320,0.653888888888889
2014-02-24 00:00:00 UTC,422,156,247122330,0.70083333333333342
2014-02-24 00:00:00 UTC,422,157,247122330,0.22055555555555556
2014-02-24 00:00:00 UTC,422,31,224106140,4.3505555555555553
2014-02-24 00:00:00 UTC,422,-93,224015520,1.3765277777777776
2014-02-24 00:00:00 UTC,422,-93,224292000,1.6997222222222221
2014-02-24 00:00:00 UTC,422,-94,224292000,2.2224999999999997
2014-02-24 00:00:00 UTC,422,157,247080360,0.25180555555555556
2014-02-24 00:00:00 UTC,422,151,247146920,1.5033333333333332
2014-02-24 00:00:00 UTC,422,150,247146920,1.9029166666666666
2014-02-24 00:00:00 UTC,422,157,247123880,0.69861111111111107
2014-02-24 00:00:00 UTC,422,156,247123880,2.2698611111111111
2014-02-24 00:00:00 UTC,422,148,247100590,2.4141666666666666
2014-02-24 00:00:00 UTC,422,156,247122350,0.6809722222222222
2014-02-24 00:00:00 UTC,422,156,247125680,0.69597222222222221
2014-02-24 00:00:00 UTC,422,157,247125680,0.20847222222222223
2014-02-24 00:00:00 UTC,422,147,247068080,2.5923611111111109
2014-02-24 00:00:00 UTC,422,146,247068080,7.7308333333333339
2014-02-24 00:00:00 UTC,422,156,247083190,0.26111111111111113
2014-02-24 00:00:00 UTC,422,147,247101630,12.164305555555556
2014-02-24 00:00:00 UTC,422,146,247101630,2.338888888888889
2014-02-24 00:00:00 UTC,422,-93,224138950,0.8963888888888889
2014-02-24 00:00:00 UTC,422,-94,224138950,6.947916666666667
2014-02-24 00:00:00 UTC,422,157,247120602,0.43694444444444447
2014-02-24 00:00:00 UTC,422,-95,224147180,0.52388888888888885
2014-02-24 00:00:00 UTC,422,-94,224147180,1.8248611111111113
2014-02-24 00:00:00 UTC,422,-93,224147180,2.1268055555555554
2014-02-24 00:00:00 UTC,678,144,259023000,1.3973611111111111
2014-02-24 00:00:00 UTC,-346,349,224233000,1.6265277777777778
2014-02-24 00:00:00 UTC,-346,254,601572000,4.0468055555555553
2014-02-24 00:00:00 UTC,-346,255,601572000,2.0020833333333332
2014-02-24 00:00:00 UTC,-346,357,224132000,3.1666666666666665
2014-02-24 00:00:00 UTC,-90,-1188,431704230,1.7815277777777778
2014-02-24 00:00:00 UTC,-90,1371,412440232,8.2155555555555555
2014-02-24 00:00:00 UTC,-90,-1102,431395000,1.8291666666666666
2014-02-24 00:00:00 UTC,167,-167,413219000,7.1244444444444452
2014-02-24 00:00:00 UTC,423,149,247104260,3.4837499999999997
2014-02-24 00:00:00 UTC,423,146,247104260,0.51111111111111107
2014-02-24 00:00:00 UTC,423,150,247104260,5.0405555555555548
2014-02-24 00:00:00 UTC,423,-89,224141830,4.3502777777777775
2014-02-24 00:00:00 UTC,423,-88,224141830,1.1452777777777778
2014-02-24 00:00:00 UTC,423,151,247281420,1.0915277777777779
2014-02-24 00:00:00 UTC,423,150,247281420,0.87638888888888888
2014-02-24 00:00:00 UTC,423,150,247100430,2.1891666666666665
2014-02-24 00:00:00 UTC,423,-90,224378390,6.2611111111111111
2014-02-24 00:00:00 UTC,423,-94,224041240,3.1805555555555554
2014-02-24 00:00:00 UTC,423,150,247100190,6.4395833333333332
2014-02-24 00:00:00 UTC,423,151,247100190,0.8725
2014-02-24 00:00:00 UTC,423,150,247122210,4.0691666666666668
2014-02-24 00:00:00 UTC,423,146,247103780,1.0584722222222223
2014-02-24 00:00:00 UTC,423,145,247103780,0.46069444444444446
2014-02-24 00:00:00 UTC,423,-89,224479270,7.0498611111111131
2014-02-24 00:00:00 UTC,423,-93,224049960,1.0011111111111111
2014-02-24 00:00:00 UTC,423,144,247151160,10.397083333333335
2014-02-24 00:00:00 UTC,423,156,247120440,2.6666666666666665
2014-02-24 00:00:00 UTC,423,158,247120440,1.1584722222222221
2014-02-24 00:00:00 UTC,423,157,247120440,1.2779166666666666
2014-02-24 00:00:00 UTC,423,-94,224056130,1.6777777777777778
2014-02-24 00:00:00 UTC,423,-93,224056130,1.3830555555555555
2014-02-24 00:00:00 UTC,423,-89,224189260,3.4473611111111113
2014-02-24 00:00:00 UTC,423,-90,224372560,8.1002777777777766
2014-02-24 00:00:00 UTC,423,-93,224123730,0.24930555555555556
2014-02-24 00:00:00 UTC,423,-94,224157780,3.2776388888888888
2014-02-24 00:00:00 UTC,423,-94,224067670,0.25194444444444442
2014-02-24 00:00:00 UTC,423,-93,224067670,1.1722222222222223
2014-02-24 00:00:00 UTC,423,145,247100250,1.952638888888889
2014-02-24 00:00:00 UTC,423,146,247100250,2.26375
2014-02-24 00:00:00 UTC,423,150,247102810,4.6134722222222218
2014-02-24 00:00:00 UTC,423,147,247102810,4.4777777777777779
2014-02-24 00:00:00 UTC,423,145,247101540,0.75847222222222221
2014-02-24 00:00:00 UTC,423,-92,224051590,1.5225
2014-02-24 00:00:00 UTC,423,159,247122310,1.3883333333333334
2014-02-24 00:00:00 UTC,423,-95,224025230,4.2258333333333331
2014-02-24 00:00:00 UTC,423,-96,224025230,6.4480555555555554
2014-02-24 00:00:00 UTC,423,-93,224015520,6.9261111111111111
2014-02-24 00:00:00 UTC,423,-94,224292000,0.2747222222222222
2014-02-24 00:00:00 UTC,423,-93,224292000,2.9001388888888888
2014-02-24 00:00:00 UTC,423,150,247146920,1.1763888888888889
2014-02-24 00:00:00 UTC,423,156,247123880,0.22805555555555557
2014-02-24 00:00:00 UTC,423,146,247068080,1.9977777777777779
2014-02-24 00:00:00 UTC,423,-90,224278460,4.9052777777777781
2014-02-24 00:00:00 UTC,423,147,247101630,4.7720833333333328
2014-02-24 00:00:00 UTC,423,146,247101630,1.7863888888888888
2014-02-24 00:00:00 UTC,423,-94,224138950,3.5536111111111115
2014-02-24 00:00:00 UTC,423,-93,224138950,1.3494444444444444
2014-02-24 00:00:00 UTC,423,-88,224235980,2.2752777777777782
2014-02-24 00:00:00 UTC,423,-89,224235980,1.995138888888889
2014-02-24 00:00:00 UTC,423,-94,224019420,1.8258333333333336
2014-02-24 00:00:00 UTC,423,151,247081440,8.5751388888888886
2014-02-24 00:00:00 UTC,423,-89,224457450,1.6501388888888888
2014-02-24 00:00:00 UTC,423,-94,224147180,0.74902777777777774
2014-02-24 00:00:00 UTC,423,-93,224147180,0.72666666666666668
2014-02-24 00:00:00 UTC,423,144,247100910,0.25
2014-02-24 00:00:00 UTC,-345,351,224233000,1.1141666666666667
2014-02-24 00:00:00 UTC,-345,350,224233000,2.0541666666666667
2014-02-24 00:00:00 UTC,-345,258,601221000,6.0194444444444439
2014-02-24 00:00:00 UTC,-345,256,601572000,9.4323611111111116
2014-02-24 00:00:00 UTC,-345,257,601572000,1.2656944444444445
2014-02-24 00:00:00 UTC,-345,258,601572000,5.65
2014-02-24 00:00:00 UTC,-89,4,432444000,1.1358333333333333
2014-02-24 00:00:00 UTC,-89,-1188,431704230,1.3475000000000001
2014-02-24 00:00:00 UTC,-89,1374,412440231,6.3608333333333329
2014-02-24 00:00:00 UTC,-89,1376,412440232,4.5570833333333329
2014-02-24 00:00:00 UTC,-89,-1103,431395000,0.91124999999999989
2014-02-24 00:00:00 UTC,-89,1365,412420827,9.106527777777778
2014-02-24 00:00:00 UTC,-89,1373,412420836,5.1422222222222222
2014-02-24 00:00:00 UTC,-89,1372,412420836,1.9791666666666667
2014-02-24 00:00:00 UTC,-89,1371,412420836,6.40625
2014-02-24 00:00:00 UTC,-89,1366,412420836,8.2575
2014-02-24 00:00:00 UTC,-89,1368,412420837,10.088611111111112
2014-02-24 00:00:00 UTC,-89,-1114,431382000,2.552777777777778
2014-02-24 00:00:00 UTC,168,-166,413219000,0.84972222222222227
2014-02-24 00:00:00 UTC,168,-167,413219000,0.47555555555555556
2014-02-24 00:00:00 UTC,424,150,247100430,1.44125
2014-02-24 00:00:00 UTC,424,-94,224041240,1.9709722222222223
2014-02-24 00:00:00 UTC,424,147,247100190,5.5238888888888882
2014-02-24 00:00:00 UTC,424,145,247100190,1.8551388888888887
2014-02-24 00:00:00 UTC,424,144,247100190,0.63555555555555565
2014-02-24 00:00:00 UTC,424,146,247100190,3.4943055555555556
2014-02-24 00:00:00 UTC,424,146,247103780,1.8223611111111111
2014-02-24 00:00:00 UTC,424,145,247100460,1.47125
2014-02-24 00:00:00 UTC,424,32,227318070,2.4065277777777778
2014-02-24 00:00:00 UTC,424,156,247120440,8.0256944444444436
2014-02-24 00:00:00 UTC,424,157,247120440,1.6454166666666667
2014-02-24 00:00:00 UTC,424,157,247125820,1.2943055555555554
2014-02-24 00:00:00 UTC,424,158,247125820,1.6448611111111111
2014-02-24 00:00:00 UTC,424,-705,367458880,1.0206944444444443
2014-02-24 00:00:00 UTC,424,-704,367458880,5.715
2014-02-24 00:00:00 UTC,424,-93,224056130,1.7645833333333334
2014-02-24 00:00:00 UTC,424,-94,224056130,0.22874999999999998
2014-02-24 00:00:00 UTC,424,106,247066180,6.3243055555555561
2014-02-24 00:00:00 UTC,424,102,247066180,14.239444444444445
2014-02-24 00:00:00 UTC,424,105,247066180,4.8106944444444437
2014-02-24 00:00:00 UTC,424,158,247120710,1.4666666666666668
2014-02-24 00:00:00 UTC,424,157,247120710,1.3769444444444443
2014-02-24 00:00:00 UTC,424,157,247123530,1.3638888888888889
2014-02-24 00:00:00 UTC,424,-94,224157780,0.50180555555555562
2014-02-24 00:00:00 UTC,424,145,247121240,0.32527777777777778
2014-02-24 00:00:00 UTC,424,147,247100250,8.7138888888888886
2014-02-24 00:00:00 UTC,424,146,247100250,0.30805555555555553
2014-02-24 00:00:00 UTC,424,143,247101540,1.2613888888888889
2014-02-24 00:00:00 UTC,424,144,247101540,0.23597222222222222
2014-02-24 00:00:00 UTC,424,171,247121790,4.6366666666666667
2014-02-24 00:00:00 UTC,424,170,247121790,3.58875
2014-02-24 00:00:00 UTC,424,151,247100290,0.68388888888888888
2014-02-24 00:00:00 UTC,424,162,238000005,5.6172222222222228
2014-02-24 00:00:00 UTC,424,-95,224025230,9.0515277777777783
2014-02-24 00:00:00 UTC,424,-96,224025230,0.27583333333333332
2014-02-24 00:00:00 UTC,424,157,247122320,0.92777777777777781
2014-02-24 00:00:00 UTC,424,156,247122320,0.64180555555555552
2014-02-24 00:00:00 UTC,424,157,247122330,1.66125
2014-02-24 00:00:00 UTC,424,-93,224015520,4.6752777777777768
2014-02-24 00:00:00 UTC,424,157,247080360,1.1152777777777778
2014-02-24 00:00:00 UTC,424,156,247080360,0.24277777777777776
2014-02-24 00:00:00 UTC,424,157,247122350,1.7587499999999998
2014-02-24 00:00:00 UTC,424,145,247101360,0.36930555555555555
2014-02-24 00:00:00 UTC,424,144,247101360,1.1686111111111113
2014-02-24 00:00:00 UTC,424,157,247125680,1.3420833333333333
2014-02-24 00:00:00 UTC,424,157,247083190,1.0916666666666668
2014-02-24 00:00:00 UTC,424,156,247083190,0.4555555555555556
2014-02-24 00:00:00 UTC,424,-90,224278460,0.47708333333333336
2014-02-24 00:00:00 UTC,424,171,247122110,4.700277777777778
2014-02-24 00:00:00 UTC,424,-94,224138950,0.675
2014-02-24 00:00:00 UTC,424,177,238921940,9.195
2014-02-24 00:00:00 UTC,424,178,238921940,2.5551388888888891
2014-02-24 00:00:00 UTC,424,157,247120602,1.3051388888888891
2014-02-24 00:00:00 UTC,424,156,247120602,0.8375
2014-02-24 00:00:00 UTC,424,-94,224019420,4.1715277777777775
2014-02-24 00:00:00 UTC,424,144,247100910,4.7377777777777776
2014-02-24 00:00:00 UTC,424,145,247100910,3.4250000000000003
2014-02-24 00:00:00 UTC,680,151,259023000,1.5370833333333334
2014-02-24 00:00:00 UTC,-344,349,224233000,0.68027777777777776
2014-02-24 00:00:00 UTC,-344,352,224233000,2.0502777777777776
2014-02-24 00:00:00 UTC,-344,348,224233000,0.26277777777777778
2014-02-24 00:00:00 UTC,-344,353,224233000,3.8833333333333337
2014-02-24 00:00:00 UTC,-344,350,224233000,1.0584722222222223
2014-02-24 00:00:00 UTC,-88,-1760,416002596,1.7833333333333332
2014-02-24 00:00:00 UTC,-88,-1762,416002596,5.4508333333333328
2014-02-24 00:00:00 UTC,-88,1,432444000,2.1256944444444446
2014-02-24 00:00:00 UTC,-88,-1218,431855000,4.2979166666666666
2014-02-24 00:00:00 UTC,-88,-1188,431704230,0.92777777777777781
2014-02-24 00:00:00 UTC,-88,1375,412440231,0.16666666666666666
2014-02-24 00:00:00 UTC,-88,1377,412440231,9.0008333333333326
2014-02-24 00:00:00 UTC,-88,1376,412440231,0.67486111111111113
2014-02-24 00:00:00 UTC,-88,1378,412440232,0.7038888888888889
2014-02-24 00:00:00 UTC,-88,1375,412440232,1.8281944444444445
2014-02-24 00:00:00 UTC,-88,1377,412440232,1.2616666666666667
2014-02-24 00:00:00 UTC,-88,-1106,431395000,1.6136111111111111
2014-02-24 00:00:00 UTC,-88,-1103,431395000,0.90847222222222213
2014-02-24 00:00:00 UTC,-88,1372,412420827,1.8201388888888888
2014-02-24 00:00:00 UTC,-88,1374,412420827,3.5411111111111113
2014-02-24 00:00:00 UTC,-88,-1127,432374000,2.5859722222222223
2014-02-24 00:00:00 UTC,169,-166,413219000,3.0502777777777776
2014-02-24 00:00:00 UTC,425,150,247100430,1.4451388888888888
2014-02-24 00:00:00 UTC,425,151,247100430,1.9945833333333334
2014-02-24 00:00:00 UTC,425,142,247102490,0.65236111111111117
2014-02-24 00:00:00 UTC,425,143,247102490,1.550138888888889
2014-02-24 00:00:00 UTC,425,145,247100190,1.4283333333333335
2014-02-24 00:00:00 UTC,425,144,247100190,1.1672222222222222
2014-02-24 00:00:00 UTC,425,144,247102240,1.7862500000000001
2014-02-24 00:00:00 UTC,425,143,247102240,3.1745833333333335
2014-02-24 00:00:00 UTC,425,147,247103780,6.6941666666666668
2014-02-24 00:00:00 UTC,425,143,247084070,4.9701388888888891
2014-02-24 00:00:00 UTC,425,143,247101480,1.0633333333333335
2014-02-24 00:00:00 UTC,425,144,247101480,1.9636111111111112
2014-02-24 00:00:00 UTC,425,145,247100460,2.32875
2014-02-24 00:00:00 UTC,425,31,227318070,3.0156944444444447
2014-02-24 00:00:00 UTC,425,32,227318070,2.6127777777777776
2014-02-24 00:00:00 UTC,425,158,247125820,0.25541666666666668
2014-02-24 00:00:00 UTC,425,160,247125820,1.7622222222222224
2014-02-24 00:00:00 UTC,425,159,247125820,2.4795833333333333
2014-02-24 00:00:00 UTC,425,-705,367458880,4.0373611111111112
2014-02-24 00:00:00 UTC,425,-704,367458880,2.3131944444444446
2014-02-24 00:00:00 UTC,425,142,247101250,1.2019444444444445
2014-02-24 00:00:00 UTC,425,145,247102020,1.2890277777777777
2014-02-24 00:00:00 UTC,425,144,247102020,0.6216666666666667
2014-02-24 00:00:00 UTC,425,146,247102020,9.0479166666666657
2014-02-24 00:00:00 UTC,425,158,247120710,0.38458333333333333
2014-02-24 00:00:00 UTC,425,159,247120710,2.3913888888888888
2014-02-24 00:00:00 UTC,425,160,247120710,1.4922222222222223
2014-02-24 00:00:00 UTC,425,157,247123530,0.93208333333333337
2014-02-24 00:00:00 UTC,425,158,247123530,0.94861111111111107
2014-02-24 00:00:00 UTC,425,146,247127120,0.85583333333333333
2014-02-24 00:00:00 UTC,425,145,247127120,0.67458333333333331
2014-02-24 00:00:00 UTC,425,104,247101020,1.6777777777777778
2014-02-24 00:00:00 UTC,425,105,247101020,0.22486111111111112
2014-02-24 00:00:00 UTC,425,142,247100770,0.22583333333333333
2014-02-24 00:00:00 UTC,425,143,247101540,0.21902777777777777
2014-02-24 00:00:00 UTC,425,142,247101540,1.7511111111111111
2014-02-24 00:00:00 UTC,425,150,247129960,4.4745833333333334
2014-02-24 00:00:00 UTC,425,142,247100780,0.43819444444444444
2014-02-24 00:00:00 UTC,425,142,247102070,0.20861111111111111
2014-02-24 00:00:00 UTC,425,145,247102070,2.5027777777777778
2014-02-24 00:00:00 UTC,425,144,247102070,2.7590277777777779
2014-02-24 00:00:00 UTC,425,143,247102070,2.6026388888888889
2014-02-24 00:00:00 UTC,425,170,247121790,0.91013888888888894
2014-02-24 00:00:00 UTC,425,172,247121790,4.9048611111111118
2014-02-24 00:00:00 UTC,425,171,247121790,1.2826388888888889
2014-02-24 00:00:00 UTC,425,161,238000001,0.97958333333333325
2014-02-24 00:00:00 UTC,425,162,238000001,4.2393055555555552
2014-02-24 00:00:00 UTC,425,163,238000001,2.1044444444444443
2014-02-24 00:00:00 UTC,425,151,247100290,0.11805555555555555
2014-02-24 00:00:00 UTC,425,161,238000005,2.26375
2014-02-24 00:00:00 UTC,425,162,238000005,0.46375
2014-02-24 00:00:00 UTC,425,160,238000005,6.4154166666666654
2014-02-24 00:00:00 UTC,425,161,247122310,3.4243055555555553
2014-02-24 00:00:00 UTC,425,160,247122310,3.0472222222222225
2014-02-24 00:00:00 UTC,425,142,247101320,0.41972222222222222
2014-02-24 00:00:00 UTC,425,157,247122320,0.92930555555555561
2014-02-24 00:00:00 UTC,425,158,247122320,1.0745833333333334
2014-02-24 00:00:00 UTC,425,1340,273359510,9.5579166666666673
2014-02-24 00:00:00 UTC,425,1339,273359510,3.8898611111111112
2014-02-24 00:00:00 UTC,425,-94,224083350,0.32499999999999996
2014-02-24 00:00:00 UTC,425,-95,224083350,1.0990277777777777
2014-02-24 00:00:00 UTC,425,143,247101590,3.9145833333333337
2014-02-24 00:00:00 UTC,425,144,247101590,1.8554166666666665
2014-02-24 00:00:00 UTC,425,144,247051930,0.56791666666666663
2014-02-24 00:00:00 UTC,425,142,247051930,0.21694444444444444
2014-02-24 00:00:00 UTC,425,158,247122330,1.8193055555555555
2014-02-24 00:00:00 UTC,425,142,247101340,1.4970833333333333
2014-02-24 00:00:00 UTC,425,142,247102110,0.63263888888888886
2014-02-24 00:00:00 UTC,425,157,247122850,1.4030555555555555
2014-02-24 00:00:00 UTC,425,158,247122850,1.3927777777777777
2014-02-24 00:00:00 UTC,425,158,247080360,1.8151388888888889
2014-02-24 00:00:00 UTC,425,157,247080360,0.43625
2014-02-24 00:00:00 UTC,425,144,247101610,2.0052777777777777
2014-02-24 00:00:00 UTC,425,158,247122350,1.8345833333333337
2014-02-24 00:00:00 UTC,425,157,247122350,0.24180555555555555
2014-02-24 00:00:00 UTC,425,144,247101360,3.9290277777777787
2014-02-24 00:00:00 UTC,425,143,247101360,0.95513888888888876
2014-02-24 00:00:00 UTC,425,142,247101360,1.641388888888889
2014-02-24 00:00:00 UTC,425,158,247125680,1.8652777777777778
2014-02-24 00:00:00 UTC,425,157,247125680,0.24833333333333335
2014-02-24 00:00:00 UTC,425,105,247066290,1.5904166666666666
2014-02-24 00:00:00 UTC,425,104,247066290,11.029722222222222
2014-02-24 00:00:00 UTC,425,158,247083190,1.5122222222222224
2014-02-24 00:00:00 UTC,425,157,247083190,0.93888888888888888
2014-02-24 00:00:00 UTC,425,172,247122110,4.5204166666666667
2014-02-24 00:00:00 UTC,425,171,247122110,1.1245833333333333
2014-02-24 00:00:00 UTC,425,146,247102410,1.9659722222222222
2014-02-24 00:00:00 UTC,425,145,247102410,0.66097222222222218
2014-02-24 00:00:00 UTC,425,-90,224032470,1.1705555555555556
2014-02-24 00:00:00 UTC,425,157,247150040,2.6847222222222222
2014-02-24 00:00:00 UTC,425,158,247150040,1.3720833333333333
2014-02-24 00:00:00 UTC,425,158,247120602,1.1027777777777779
2014-02-24 00:00:00 UTC,425,142,247102180,1.3806944444444444
2014-02-24 00:00:00 UTC,425,145,247102180,1.1140277777777778
2014-02-24 00:00:00 UTC,425,143,247102180,0.68305555555555553
2014-02-24 00:00:00 UTC,425,144,247102180,3.3665277777777782
2014-02-24 00:00:00 UTC,425,144,247100910,4.8145833333333332
2014-02-24 00:00:00 UTC,425,143,247100910,1.3004166666666666
2014-02-24 00:00:00 UTC,681,130,257543500,2.7180555555555559
2014-02-24 00:00:00 UTC,681,131,257543500,2.3095833333333333
2014-02-24 00:00:00 UTC,681,129,257413500,5.5172222222222222
2014-02-24 00:00:00 UTC,681,130,257499800,4.383055555555555
2014-02-24 00:00:00 UTC,681,131,257499800,0.67430555555555549
2014-02-24 00:00:00 UTC,-343,348,224233000,0.82388888888888889
2014-02-24 00:00:00 UTC,-87,-1188,431704230,1.8856944444444443
2014-02-24 00:00:00 UTC,-87,-1103,431395000,1.7109722222222221
2014-02-24 00:00:00 UTC,-87,1370,412420827,1.6456944444444443
2014-02-24 00:00:00 UTC,-87,1368,412420827,1.3336111111111113
2014-02-24 00:00:00 UTC,-87,1369,412420827,0.90013888888888882
2014-02-24 00:00:00 UTC,-87,1371,412420827,1.6495833333333332
2014-02-24 00:00:00 UTC,-87,1370,412420837,5.1190277777777782
2014-02-24 00:00:00 UTC,-87,1369,412420837,7.5143055555555565
2014-02-24 00:00:00 UTC,-87,-1114,431382000,0.91805555555555551
2014-02-24 00:00:00 UTC,-87,-1128,432374000,1.8447222222222222
2014-02-24 00:00:00 UTC,170,-167,413219000,0.24986111111111112
2014-02-24 00:00:00 UTC,170,-166,413219000,3.4493055555555561
2014-02-24 00:00:00 UTC,426,143,247102490,4.0844444444444443
2014-02-24 00:00:00 UTC,426,142,247102490,3.8918055555555555
2014-02-24 00:00:00 UTC,426,144,247121180,0.26597222222222222
2014-02-24 00:00:00 UTC,426,143,247121180,0.64527777777777784
2014-02-24 00:00:00 UTC,426,143,247080480,0.611111111111111
2014-02-24 00:00:00 UTC,426,95,227630880,1.8425
2014-02-24 00:00:00 UTC,426,96,227630880,0.63458333333333328
2014-02-24 00:00:00 UTC,426,144,247102240,4.8636111111111111
2014-02-24 00:00:00 UTC,426,142,247102240,1.8083333333333333
2014-02-24 00:00:00 UTC,426,143,247102240,4.1665277777777776
2014-02-24 00:00:00 UTC,426,148,247103780,8.2158333333333342
2014-02-24 00:00:00 UTC,426,142,247084070,2.9774999999999996
2014-02-24 00:00:00 UTC,426,143,247084070,5.6859722222222215
2014-02-24 00:00:00 UTC,426,144,247101480,2.6398611111111112
2014-02-24 00:00:00 UTC,426,143,247101480,3.8443055555555561
2014-02-24 00:00:00 UTC,426,142,247101480,2.1223611111111111
2014-02-24 00:00:00 UTC,426,-93,224174120,1.3
2014-02-24 00:00:00 UTC,426,145,247100460,9.17986111111111
2014-02-24 00:00:00 UTC,426,144,247101490,12.321250000000001
2014-02-24 00:00:00 UTC,426,31,227318070,1.40625
2014-02-24 00:00:00 UTC,426,144,247121210,0.51125
2014-02-24 00:00:00 UTC,426,160,247125820,2.0827777777777778
2014-02-24 00:00:00 UTC,426,141,247101250,17.711944444444448
2014-02-24 00:00:00 UTC,426,142,247101250,1.9048611111111113
2014-02-24 00:00:00 UTC,426,143,247102020,1.455138888888889
2014-02-24 00:00:00 UTC,426,144,247101510,1.5811111111111111
2014-02-24 00:00:00 UTC,426,160,247120710,7.365
2014-02-24 00:00:00 UTC,426,159,247120710,0.24861111111111112
2014-02-24 00:00:00 UTC,426,158,247123530,0.47333333333333333
2014-02-24 00:00:00 UTC,426,144,247127120,0.8634722222222222
2014-02-24 00:00:00 UTC,426,154,247080290,0.52222222222222214
2014-02-24 00:00:00 UTC,426,155,247080290,0.49194444444444441
2014-02-24 00:00:00 UTC,426,142,247100770,0.74986111111111109
2014-02-24 00:00:00 UTC,426,141,247100770,0.2558333333333333
2014-02-24 00:00:00 UTC,426,145,247100770,0.45875
2014-02-24 00:00:00 UTC,426,142,247101540,0.4211111111111111
2014-02-24 00:00:00 UTC,426,141,247101540,11.390694444444442
2014-02-24 00:00:00 UTC,426,142,247100780,1.4273611111111113
2014-02-24 00:00:00 UTC,426,143,247100780,0.60583333333333333
2014-02-24 00:00:00 UTC,426,141,247100780,0.88958333333333339
2014-02-24 00:00:00 UTC,426,144,247100270,2.1697222222222221
2014-02-24 00:00:00 UTC,426,145,247100270,6.9365277777777781
2014-02-24 00:00:00 UTC,426,143,247100270,0.84152777777777765
2014-02-24 00:00:00 UTC,426,143,247102070,1.6566666666666667
2014-02-24 00:00:00 UTC,426,144,247102070,5.7576388888888888
2014-02-24 00:00:00 UTC,426,142,247121280,0.20277777777777778
2014-02-24 00:00:00 UTC,426,161,238000001,4.4895833333333321
2014-02-24 00:00:00 UTC,426,161,238000005,9.6315277777777784
2014-02-24 00:00:00 UTC,426,161,247122310,1.3277777777777777
2014-02-24 00:00:00 UTC,426,142,247101320,1.9331944444444447
2014-02-24 00:00:00 UTC,426,145,247101320,0.5425
2014-02-24 00:00:00 UTC,426,158,247122320,0.41944444444444445
2014-02-24 00:00:00 UTC,426,161,247122320,5.2034722222222225
2014-02-24 00:00:00 UTC,426,160,247122320,0.62847222222222221
2014-02-24 00:00:00 UTC,426,162,247122320,0.46527777777777779
2014-02-24 00:00:00 UTC,426,-94,224042130,0.25069444444444444
2014-02-24 00:00:00 UTC,426,-95,224042130,0.72555555555555562
2014-02-24 00:00:00 UTC,426,-95,224083350,0.74861111111111112
2014-02-24 00:00:00 UTC,426,143,247101590,1.4336111111111109
2014-02-24 00:00:00 UTC,426,144,247101590,2.6165277777777778
2014-02-24 00:00:00 UTC,426,142,247101590,0.64402777777777775
2014-02-24 00:00:00 UTC,426,143,247051930,0.59736111111111112
2014-02-24 00:00:00 UTC,426,144,247051930,0.2277777777777778
2014-02-24 00:00:00 UTC,426,142,247051930,0.92208333333333325
2014-02-24 00:00:00 UTC,426,141,247051930,0.42791666666666667
2014-02-24 00:00:00 UTC,426,160,247122330,0.74
2014-02-24 00:00:00 UTC,426,161,247122330,2.1965277777777779
2014-02-24 00:00:00 UTC,426,158,247122330,0.21847222222222223
2014-02-24 00:00:00 UTC,426,142,247102110,1.8101388888888885
2014-02-24 00:00:00 UTC,426,141,247102110,4.897222222222223
2014-02-24 00:00:00 UTC,426,145,247104160,9.0423611111111111
2014-02-24 00:00:00 UTC,426,159,247122850,0.26055555555555554
2014-02-24 00:00:00 UTC,426,160,247122850,1.7599999999999998
2014-02-24 00:00:00 UTC,426,161,247122850,1.7958333333333334
2014-02-24 00:00:00 UTC,426,161,247080360,2.5170833333333333
2014-02-24 00:00:00 UTC,426,158,247080360,0.20694444444444443
2014-02-24 00:00:00 UTC,426,160,247080360,2.0168055555555555
2014-02-24 00:00:00 UTC,426,143,247101610,1.7698611111111111
2014-02-24 00:00:00 UTC,426,144,247101610,8.4394444444444439
2014-02-24 00:00:00 UTC,426,160,247122350,0.38625
2014-02-24 00:00:00 UTC,426,161,247122350,3.3015277777777774
2014-02-24 00:00:00 UTC,426,158,247122350,0.21430555555555555
2014-02-24 00:00:00 UTC,426,143,247101360,1.6019444444444444
2014-02-24 00:00:00 UTC,426,144,247101360,0.36444444444444446
2014-02-24 00:00:00 UTC,426,142,247101360,2.67
2014-02-24 00:00:00 UTC,426,158,247125680,0.22347222222222224
2014-02-24 00:00:00 UTC,426,160,247125680,0.21513888888888888
2014-02-24 00:00:00 UTC,426,161,247125680,5.47111111111111
2014-02-24 00:00:00 UTC,426,106,247066290,0.43013888888888896
2014-02-24 00:00:00 UTC,426,105,247066290,7.7369444444444442
2014-02-24 00:00:00 UTC,426,171,238402740,3.9168055555555554
2014-02-24 00:00:00 UTC,426,160,247083190,0.485
2014-02-24 00:00:00 UTC,426,161,247083190,3.6180555555555554
2014-02-24 00:00:00 UTC,426,145,247102410,0.60652777777777778
2014-02-24 00:00:00 UTC,426,158,247150040,2.4763888888888888
2014-02-24 00:00:00 UTC,426,143,247052760,0.97944444444444445
2014-02-24 00:00:00 UTC,426,-95,224019420,5.1641666666666657
2014-02-24 00:00:00 UTC,426,143,247102180,0.53069444444444447
2014-02-24 00:00:00 UTC,426,142,247102180,2.6691666666666665
2014-02-24 00:00:00 UTC,426,144,247102180,1.649861111111111
2014-02-24 00:00:00 UTC,426,-96,224134380,0.2286111111111111
2014-02-24 00:00:00 UTC,426,143,247122430,0.71499999999999986
2014-02-24 00:00:00 UTC,426,144,247122430,0.64111111111111119
2014-02-24 00:00:00 UTC,682,130,257543500,1.547361111111111
2014-02-24 00:00:00 UTC,682,131,257543500,0.73791666666666667
2014-02-24 00:00:00 UTC,682,145,257184340,0.21888888888888888
2014-02-24 00:00:00 UTC,682,131,257499800,0.27944444444444444
2014-02-24 00:00:00 UTC,-342,350,224233000,1.787638888888889
2014-02-24 00:00:00 UTC,-342,352,224233000,3.9833333333333334
2014-02-24 00:00:00 UTC,-342,347,224233000,1.4954166666666666
2014-02-24 00:00:00 UTC,-86,-1760,416002596,4.4911111111111115
2014-02-24 00:00:00 UTC,-86,-5,432444000,1.7743055555555556
2014-02-24 00:00:00 UTC,-86,-3,432444000,1.7702777777777778
2014-02-24 00:00:00 UTC,-86,-1,432444000,1.8879166666666667
2014-02-24 00:00:00 UTC,-86,-1205,432890000,0.95
2014-02-24 00:00:00 UTC,-86,-1218,431855000,1.8416666666666668
2014-02-24 00:00:00 UTC,-86,-1188,431704230,1.7443055555555556
2014-02-24 00:00:00 UTC,-86,-1103,431395000,1.2222222222222219
2014-02-24 00:00:00 UTC,-86,1367,412420827,5.4151388888888894
2014-02-24 00:00:00 UTC,-86,-1114,431382000,1.825
2014-02-24 00:00:00 UTC,-86,-1128,432374000,1.8177777777777777
2014-02-24 00:00:00 UTC,171,-168,224275000,5.4130555555555553
2014-02-24 00:00:00 UTC,427,143,247302670,12.244583333333335
2014-02-24 00:00:00 UTC,427,142,247302670,0.59763888888888883
2014-02-24 00:00:00 UTC,427,142,247102490,6.0269444444444442
2014-02-24 00:00:00 UTC,427,143,247121180,1.4993055555555554
2014-02-24 00:00:00 UTC,427,143,247080480,1.0001388888888889
2014-02-24 00:00:00 UTC,427,95,227630880,2.2791666666666668
2014-02-24 00:00:00 UTC,427,96,227630880,0.76805555555555549
2014-02-24 00:00:00 UTC,427,141,247102240,4.0291666666666668
2014-02-24 00:00:00 UTC,427,142,247102240,0.54138888888888892
2014-02-24 00:00:00 UTC,427,144,247101480,0.4244444444444444
2014-02-24 00:00:00 UTC,427,142,247101480,3.0141666666666662
2014-02-24 00:00:00 UTC,427,143,247101480,4.2941666666666665
2014-02-24 00:00:00 UTC,427,-93,224174120,4.1236111111111109
2014-02-24 00:00:00 UTC,427,107,247066420,0.2323611111111111
2014-02-24 00:00:00 UTC,427,105,247066420,5.5233333333333325
2014-02-24 00:00:00 UTC,427,104,247066420,4.6884722222222228
2014-02-24 00:00:00 UTC,427,106,247066420,0.42805555555555558
2014-02-24 00:00:00 UTC,427,144,247102020,8.4277777777777771
2014-02-24 00:00:00 UTC,427,144,247101510,4.0358333333333336
2014-02-24 00:00:00 UTC,427,144,247103560,9.2502777777777787
2014-02-24 00:00:00 UTC,427,143,247103560,10.01375
2014-02-24 00:00:00 UTC,427,157,247100490,0.57611111111111113
2014-02-24 00:00:00 UTC,427,159,247123530,10.01625
2014-02-24 00:00:00 UTC,427,160,247123530,0.48583333333333334
2014-02-24 00:00:00 UTC,427,104,247069530,4.7855555555555558
2014-02-24 00:00:00 UTC,427,105,247069530,12.050138888888888
2014-02-24 00:00:00 UTC,427,154,247080290,4.0431944444444436
2014-02-24 00:00:00 UTC,427,155,247080290,0.46472222222222226
2014-02-24 00:00:00 UTC,427,153,247080290,1.0316666666666667
2014-02-24 00:00:00 UTC,427,145,247100770,7.2583333333333337
2014-02-24 00:00:00 UTC,427,142,247100780,6.7669444444444444
2014-02-24 00:00:00 UTC,427,143,247100780,2.3297222222222222
2014-02-24 00:00:00 UTC,427,144,247100780,8.0893055555555549
2014-02-24 00:00:00 UTC,427,143,247100270,6.4888888888888889
2014-02-24 00:00:00 UTC,427,143,247102070,3.2252777777777784
2014-02-24 00:00:00 UTC,427,161,238000001,3.4462500000000005
2014-02-24 00:00:00 UTC,427,140,247102850,0.10222222222222223
2014-02-24 00:00:00 UTC,427,142,247101320,0.77222222222222225
2014-02-24 00:00:00 UTC,427,159,247122320,2.8044444444444445
2014-02-24 00:00:00 UTC,427,160,247122320,4.0761111111111115
2014-02-24 00:00:00 UTC,427,-95,224042130,1.0244444444444443
2014-02-24 00:00:00 UTC,427,142,247101590,2.8556944444444445
2014-02-24 00:00:00 UTC,427,141,247051930,0.67458333333333331
2014-02-24 00:00:00 UTC,427,159,247122330,3.3223611111111109
2014-02-24 00:00:00 UTC,427,160,247122330,5.5186111111111114
2014-02-24 00:00:00 UTC,427,141,247102110,12.992361111111112
2014-02-24 00:00:00 UTC,427,160,247122850,2.5555555555555562
2014-02-24 00:00:00 UTC,427,161,247122850,0.26236111111111116
2014-02-24 00:00:00 UTC,427,159,247122850,4.02625
2014-02-24 00:00:00 UTC,427,158,247122850,2.3690277777777777
2014-02-24 00:00:00 UTC,427,159,247080360,3.7206944444444443
2014-02-24 00:00:00 UTC,427,158,247080360,1.395
2014-02-24 00:00:00 UTC,427,160,247080360,3.7630555555555558
2014-02-24 00:00:00 UTC,427,144,247101610,0.78597222222222218
2014-02-24 00:00:00 UTC,427,143,247101610,6.9606944444444441
2014-02-24 00:00:00 UTC,427,160,247122350,0.82499999999999984
2014-02-24 00:00:00 UTC,427,159,247122350,5.4452777777777772
2014-02-24 00:00:00 UTC,427,158,247122350,0.47513888888888889
2014-02-24 00:00:00 UTC,427,143,247100080,11.680694444444445
2014-02-24 00:00:00 UTC,427,143,247101360,2.059166666666667
2014-02-24 00:00:00 UTC,427,142,247101360,3.4440277777777779
2014-02-24 00:00:00 UTC,427,160,247125680,4.2119444444444438
2014-02-24 00:00:00 UTC,427,159,247125680,2.9037500000000005
2014-02-24 00:00:00 UTC,427,172,238402740,5.0415277777777785
2014-02-24 00:00:00 UTC,427,171,238402740,2.3840277777777779
2014-02-24 00:00:00 UTC,427,159,247083190,4.1036111111111113
2014-02-24 00:00:00 UTC,427,160,247083190,3.2693055555555555
2014-02-24 00:00:00 UTC,427,31,228198600,2.3718055555555555
2014-02-24 00:00:00 UTC,427,31,228178900,1.4718055555555554
2014-02-24 00:00:00 UTC,427,158,247150040,0.34638888888888886
2014-02-24 00:00:00 UTC,427,143,247052760,2.0125
2014-02-24 00:00:00 UTC,427,-95,224079580,1.8984722222222223
2014-02-24 00:00:00 UTC,427,-94,224079580,0.42736111111111108
2014-02-24 00:00:00 UTC,427,156,247121120,3.2272222222222222
2014-02-24 00:00:00 UTC,427,155,247121120,0.25541666666666668
2014-02-24 00:00:00 UTC,427,142,247102180,3.2222222222222219
2014-02-24 00:00:00 UTC,427,143,247102180,3.0809722222222224
2014-02-24 00:00:00 UTC,427,-96,224134380,5.7438888888888888
2014-02-24 00:00:00 UTC,427,-95,224134380,2.0006944444444446
2014-02-24 00:00:00 UTC,427,106,247065080,2.5429166666666667
2014-02-24 00:00:00 UTC,427,105,247065080,5.9511111111111106
2014-02-24 00:00:00 UTC,427,104,247065080,4.1568055555555556
2014-02-24 00:00:00 UTC,427,143,247122430,0.41402777777777777
2014-02-24 00:00:00 UTC,-85,-1205,432890000,0.915
2014-02-24 00:00:00 UTC,-85,-1218,431855000,4.3241666666666667
2014-02-24 00:00:00 UTC,-85,-1103,431395000,1.1170833333333332
2014-02-24 00:00:00 UTC,-85,-1106,431395000,1.2498611111111111
2014-02-24 00:00:00 UTC,-85,-1107,431395000,0.775
2014-02-24 00:00:00 UTC,-85,-1114,431382000,0.91236111111111107
2014-02-24 00:00:00 UTC,172,-168,224275000,7.5751388888888886
2014-02-24 00:00:00 UTC,428,96,227630880,1.4444444444444442
2014-02-24 00:00:00 UTC,428,105,247066420,0.24236111111111114
2014-02-24 00:00:00 UTC,428,106,247066420,1.1348611111111111
2014-02-24 00:00:00 UTC,428,-96,224137550,0.3248611111111111
2014-02-24 00:00:00 UTC,428,-96,224083350,0.57597222222222222
2014-02-24 00:00:00 UTC,428,43,224096680,21.995694444444446
2014-02-24 00:00:00 UTC,428,-96,224201150,1.9506944444444445
2014-02-24 00:00:00 UTC,428,31,228198600,2.8779166666666671
2014-02-24 00:00:00 UTC,428,31,228178900,1.6636111111111109
2014-02-24 00:00:00 UTC,428,143,247052760,0.10013888888888889
2014-02-24 00:00:00 UTC,428,-95,224079580,1.9001388888888888
2014-02-24 00:00:00 UTC,428,155,247121120,4.3209722222222222
2014-02-24 00:00:00 UTC,428,156,247121120,1.4290277777777778
2014-02-24 00:00:00 UTC,428,36,227320290,0.22875
2014-02-24 00:00:00 UTC,428,-96,224134380,2.0472222222222221
2014-02-24 00:00:00 UTC,428,-95,224134380,2.0029166666666667
2014-02-24 00:00:00 UTC,428,-95,224213490,1.5502777777777779
2014-02-24 00:00:00 UTC,428,-96,224411380,2.3513888888888888
2014-02-24 00:00:00 UTC,428,106,247065080,1.1045833333333333
2014-02-24 00:00:00 UTC,428,105,247065080,0.27763888888888888
2014-02-24 00:00:00 UTC,684,119,273539800,6.304444444444445
2014-02-24 00:00:00 UTC,-84,-1206,432890000,1.8208333333333335
2014-02-24 00:00:00 UTC,-84,-1204,432890000,1.6623611111111112
2014-02-24 00:00:00 UTC,-84,-1218,431855000,0.71250000000000013
2014-02-24 00:00:00 UTC,-84,-1103,431395000,1.4215277777777777
2014-02-24 00:00:00 UTC,-84,-1114,431382000,1.7268055555555555
2014-02-24 00:00:00 UTC,-84,-1127,432374000,1.2498611111111111
2014-02-24 00:00:00 UTC,173,-167,224275000,2.3219444444444446
2014-02-24 00:00:00 UTC,429,-96,224086550,0.70083333333333342
2014-02-24 00:00:00 UTC,429,-95,224086550,0.57527777777777778
2014-02-24 00:00:00 UTC,429,-96,224225320,0.87361111111111112
2014-02-24 00:00:00 UTC,429,151,247101510,10.341527777777777
2014-02-24 00:00:00 UTC,429,-96,224137550,3.3008333333333328
2014-02-24 00:00:00 UTC,429,41,227146600,0.65569444444444436
2014-02-24 00:00:00 UTC,429,42,227146600,1.5673611111111112
2014-02-24 00:00:00 UTC,429,-96,224052340,2.0265277777777779
2014-02-24 00:00:00 UTC,429,34,227305360,1.71875
2014-02-24 00:00:00 UTC,429,-96,224083350,1.7498611111111111
2014-02-24 00:00:00 UTC,429,31,228146600,5.4359722222222215
2014-02-24 00:00:00 UTC,429,43,224096680,2.3088888888888888
2014-02-24 00:00:00 UTC,429,-96,224201150,3.026388888888889
2014-02-24 00:00:00 UTC,429,34,228149700,1.5247222222222223
2014-02-24 00:00:00 UTC,429,33,228149700,0.63805555555555549
2014-02-24 00:00:00 UTC,429,31,228198600,2.831666666666667
2014-02-24 00:00:00 UTC,429,38,227144400,2.6079166666666667
2014-02-24 00:00:00 UTC,429,31,228178900,0.52013888888888882
2014-02-24 00:00:00 UTC,429,42,227142100,2.4273611111111109
2014-02-24 00:00:00 UTC,429,-95,224079580,1.9029166666666668
2014-02-24 00:00:00 UTC,429,-680,367138530,14.591944444444444
2014-02-24 00:00:00 UTC,429,36,227320290,0.86541666666666672
2014-02-24 00:00:00 UTC,429,35,227320290,2.36875
2014-02-24 00:00:00 UTC,429,-95,224134380,1.9748611111111112
2014-02-24 00:00:00 UTC,429,-96,224134380,1.8519444444444446
2014-02-24 00:00:00 UTC,429,100,247066860,4.09986111111111
2014-02-24 00:00:00 UTC,429,-95,224213490,1.5962500000000004
2014-02-24 00:00:00 UTC,429,-96,224411380,3.078611111111111
2014-02-24 00:00:00 UTC,685,121,273539800,5.5225
2014-02-24 00:00:00 UTC,685,122,273539800,7.0861111111111112
2014-02-24 00:00:00 UTC,685,125,273539800,2.3111111111111113
2014-02-24 00:00:00 UTC,-83,-1206,432890000,0.90972222222222232
2014-02-24 00:00:00 UTC,-83,-1219,431855000,0.8123611111111112
2014-02-24 00:00:00 UTC,-83,-1218,431855000,0.89611111111111108
2014-02-24 00:00:00 UTC,-83,-1107,431395000,0.76374999999999993
2014-02-24 00:00:00 UTC,-83,-1103,431395000,1.8973611111111111
2014-02-24 00:00:00 UTC,-83,-1114,431382000,3.19125
2014-02-24 00:00:00 UTC,-83,-1127,432374000,0.36694444444444446
2014-02-24 00:00:00 UTC,430,-96,224126980,2.9540277777777777
2014-02-24 00:00:00 UTC,430,-96,224176390,3.675
2014-02-24 00:00:00 UTC,430,155,238988040,1.5875
2014-02-24 00:00:00 UTC,430,-95,224086550,5.202638888888889
2014-02-24 00:00:00 UTC,430,-96,224086550,1.3979166666666667
2014-02-24 00:00:00 UTC,430,153,238327840,4.8134722222222219
2014-02-24 00:00:00 UTC,430,154,238327840,7.7926388888888889
2014-02-24 00:00:00 UTC,430,157,238327840,1.3751388888888889
2014-02-24 00:00:00 UTC,430,155,238327840,6.7438888888888888
2014-02-24 00:00:00 UTC,430,35,227321890,1.34125
2014-02-24 00:00:00 UTC,430,-96,224225320,3.5254166666666666
2014-02-24 00:00:00 UTC,430,-96,224137550,3.4997222222222222
2014-02-24 00:00:00 UTC,430,35,227321170,1.0923611111111111
2014-02-24 00:00:00 UTC,430,34,227321170,0.86902777777777784
2014-02-24 00:00:00 UTC,430,152,238156640,6.9918055555555565
2014-02-24 00:00:00 UTC,430,39,227146600,2.657083333333333
2014-02-24 00:00:00 UTC,430,41,227146600,1.1516666666666666
2014-02-24 00:00:00 UTC,430,40,227146600,2.4688888888888889
2014-02-24 00:00:00 UTC,430,-96,224052340,3.2265277777777777
2014-02-24 00:00:00 UTC,430,36,228248700,1.1068055555555556
2014-02-24 00:00:00 UTC,430,37,228248700,0.90999999999999992
2014-02-24 00:00:00 UTC,430,-699,367530120,10.444444444444443
2014-02-24 00:00:00 UTC,430,34,227305360,1.329722222222222
2014-02-24 00:00:00 UTC,430,-96,224083350,3.4225000000000003
2014-02-24 00:00:00 UTC,430,-96,224095140,0.57652777777777775
2014-02-24 00:00:00 UTC,430,31,228146600,2.0223611111111111
2014-02-24 00:00:00 UTC,430,56,227312050,0.4095833333333333
2014-02-24 00:00:00 UTC,430,-96,224201150,2.8490277777777777
2014-02-24 00:00:00 UTC,430,33,228149700,0.21458333333333335
2014-02-24 00:00:00 UTC,430,34,228149700,2.3754166666666667
2014-02-24 00:00:00 UTC,430,42,228168900,1.3326388888888889
2014-02-24 00:00:00 UTC,430,96,247063240,0.87541666666666673
2014-02-24 00:00:00 UTC,430,38,227144400,1.4872222222222222
2014-02-24 00:00:00 UTC,430,34,228210900,3.4508333333333336
2014-02-24 00:00:00 UTC,430,35,228210900,0.21611111111111111
2014-02-24 00:00:00 UTC,430,41,227142100,3.4545833333333338
2014-02-24 00:00:00 UTC,430,39,227142100,1.2779166666666668
2014-02-24 00:00:00 UTC,430,-95,224079580,3.84375
2014-02-24 00:00:00 UTC,430,35,227320290,3.2216666666666667
2014-02-24 00:00:00 UTC,430,42,228173800,0.67652777777777784
2014-02-24 00:00:00 UTC,430,40,228173800,2.1998611111111108
2014-02-24 00:00:00 UTC,430,41,228173800,1.3595833333333334
2014-02-24 00:00:00 UTC,430,-96,224134380,2.3501388888888886
2014-02-24 00:00:00 UTC,430,-95,224134380,0.49888888888888888
2014-02-24 00:00:00 UTC,430,100,247066860,3.497638888888889
2014-02-24 00:00:00 UTC,430,99,247066860,0.50027777777777782
2014-02-24 00:00:00 UTC,430,-95,224213490,1.5529166666666667
2014-02-24 00:00:00 UTC,430,-96,224213490,1.9731944444444445
2014-02-24 00:00:00 UTC,430,-96,224411380,2.7947222222222221
2014-02-24 00:00:00 UTC,-82,-1206,432890000,1.2651388888888888
2014-02-24 00:00:00 UTC,-82,-1218,431855000,2.7581944444444444
2014-02-24 00:00:00 UTC,-82,-1107,431395000,3.0337500000000004
2014-02-24 00:00:00 UTC,-82,-1114,431382000,1.298888888888889
2014-02-24 00:00:00 UTC,-82,-1127,432374000,2.9726388888888891
2014-02-24 00:00:00 UTC,175,-167,224275000,0.79041666666666666
2014-02-24 00:00:00 UTC,431,139,247083520,2.7072222222222226
2014-02-24 00:00:00 UTC,431,156,238337540,9.54888888888889
2014-02-24 00:00:00 UTC,431,155,238337540,8.6579166666666669
2014-02-24 00:00:00 UTC,431,-96,224126980,3.2020833333333338
2014-02-24 00:00:00 UTC,431,-96,224176390,3.2258333333333336
2014-02-24 00:00:00 UTC,431,158,238988040,0.58861111111111108
2014-02-24 00:00:00 UTC,431,154,238988040,1.5797222222222222
2014-02-24 00:00:00 UTC,431,156,238988040,0.31083333333333329
2014-02-24 00:00:00 UTC,431,155,238988040,3.5179166666666668
2014-02-24 00:00:00 UTC,431,37,228154900,3.9879166666666666
2014-02-24 00:00:00 UTC,431,36,228154900,1.6183333333333334
2014-02-24 00:00:00 UTC,431,38,228154900,2.3536111111111109
2014-02-24 00:00:00 UTC,431,35,228154900,0.51652777777777781
2014-02-24 00:00:00 UTC,431,157,238117140,0.42388888888888887
2014-02-24 00:00:00 UTC,431,156,238117140,2.6990277777777782
2014-02-24 00:00:00 UTC,431,155,238117140,8.4094444444444445
2014-02-24 00:00:00 UTC,431,-96,224086550,1.7529166666666667
2014-02-24 00:00:00 UTC,431,-95,224086550,4.5690277777777784
2014-02-24 00:00:00 UTC,431,35,227321890,3.1795833333333343
2014-02-24 00:00:00 UTC,431,34,227321890,0.21875
2014-02-24 00:00:00 UTC,431,-96,224225320,3.2245833333333334
2014-02-24 00:00:00 UTC,431,-93,224128320,0.29958333333333331
2014-02-24 00:00:00 UTC,431,169,238893640,3.740277777777778
2014-02-24 00:00:00 UTC,431,-96,224137550,4.4766666666666666
2014-02-24 00:00:00 UTC,431,36,227321170,4.2845833333333339
2014-02-24 00:00:00 UTC,431,34,227321170,0.34875
2014-02-24 00:00:00 UTC,431,37,227321170,2.2669444444444444
2014-02-24 00:00:00 UTC,431,154,238317140,4.9613888888888891
2014-02-24 00:00:00 UTC,431,155,238317140,4.8986111111111112
2014-02-24 00:00:00 UTC,431,42,227145300,1.1490277777777778
2014-02-24 00:00:00 UTC,431,45,227145300,1.0805555555555555
2014-02-24 00:00:00 UTC,431,41,227145300,0.44527777777777777
2014-02-24 00:00:00 UTC,431,43,227145300,1.1029166666666665
2014-02-24 00:00:00 UTC,431,46,227145300,3.0990277777777777
2014-02-24 00:00:00 UTC,431,44,227145300,1.1101388888888888
2014-02-24 00:00:00 UTC,431,156,238404440,9.1887499999999989
2014-02-24 00:00:00 UTC,431,155,238404440,2.8248611111111113
2014-02-24 00:00:00 UTC,431,155,238156640,6.2518055555555563
2014-02-24 00:00:00 UTC,431,154,238156640,3.3080555555555557
2014-02-24 00:00:00 UTC,431,38,228172900,0.83041666666666669
2014-02-24 00:00:00 UTC,431,139,247080550,1.0555555555555556
2014-02-24 00:00:00 UTC,431,39,227146600,1.9488888888888891
2014-02-24 00:00:00 UTC,431,38,227146600,0.99111111111111116
2014-02-24 00:00:00 UTC,431,51,227318890,1.0177777777777779
2014-02-24 00:00:00 UTC,431,37,228242800,0.62944444444444447
2014-02-24 00:00:00 UTC,431,40,228242800,1.1172222222222223
2014-02-24 00:00:00 UTC,431,39,228242800,1.110138888888889
2014-02-24 00:00:00 UTC,431,38,228242800,1.6743055555555557
2014-02-24 00:00:00 UTC,431,-96,224052340,4.0734722222222226
2014-02-24 00:00:00 UTC,431,155,238117240,4.8476388888888895
2014-02-24 00:00:00 UTC,431,37,228248700,5.4747222222222218
2014-02-24 00:00:00 UTC,431,36,228248700,1.6502777777777775
2014-02-24 00:00:00 UTC,431,38,228248700,0.44861111111111113
2014-02-24 00:00:00 UTC,431,140,247101310,17.999722222222225
2014-02-24 00:00:00 UTC,431,-96,224083350,1.5008333333333335
2014-02-24 00:00:00 UTC,431,39,227311010,0.51791666666666658
2014-02-24 00:00:00 UTC,431,40,227311010,2.4884722222222222
2014-02-24 00:00:00 UTC,431,41,227311010,0.88916666666666666
2014-02-24 00:00:00 UTC,431,-96,224095140,3.0290277777777779
2014-02-24 00:00:00 UTC,431,154,238987940,7.6655555555555548
2014-02-24 00:00:00 UTC,431,155,238987940,10.15486111111111
2014-02-24 00:00:00 UTC,431,156,238987940,0.37347222222222221
2014-02-24 00:00:00 UTC,431,56,227312050,12.044861111111112
2014-02-24 00:00:00 UTC,431,55,227312050,1.5894444444444444
2014-02-24 00:00:00 UTC,431,41,228168900,0.88513888888888881
2014-02-24 00:00:00 UTC,431,40,228168900,1.4855555555555555
2014-02-24 00:00:00 UTC,431,43,228168900,2.4809722222222224
2014-02-24 00:00:00 UTC,431,95,247063240,0.38583333333333336
2014-02-24 00:00:00 UTC,431,96,247063240,1.8756944444444446
2014-02-24 00:00:00 UTC,431,38,227144400,1.6627777777777775
2014-02-24 00:00:00 UTC,431,37,227144400,0.21930555555555556
2014-02-24 00:00:00 UTC,431,38,228210900,0.64333333333333331
2014-02-24 00:00:00 UTC,431,35,228210900,0.21680555555555556
2014-02-24 00:00:00 UTC,431,37,228210900,0.43458333333333332
2014-02-24 00:00:00 UTC,431,40,227142100,1.9520833333333334
2014-02-24 00:00:00 UTC,431,39,227142100,0.45333333333333337
2014-02-24 00:00:00 UTC,431,41,227142100,0.43861111111111112
2014-02-24 00:00:00 UTC,431,-95,224079580,3.0029166666666667
2014-02-24 00:00:00 UTC,431,-96,224079580,0.8288888888888889
2014-02-24 00:00:00 UTC,431,34,227320290,1.4763888888888888
2014-02-24 00:00:00 UTC,431,35,227320290,0.33319444444444446
2014-02-24 00:00:00 UTC,431,104,247066850,8.82847222222222
2014-02-24 00:00:00 UTC,431,40,228173800,0.85083333333333322
2014-02-24 00:00:00 UTC,431,38,228173800,1.1265277777777778
2014-02-24 00:00:00 UTC,431,41,228173800,1.4902777777777778
2014-02-24 00:00:00 UTC,431,42,228173800,0.88555555555555554
2014-02-24 00:00:00 UTC,431,98,247066860,2.9259722222222222
2014-02-24 00:00:00 UTC,431,99,247066860,2.4652777777777781
2014-02-24 00:00:00 UTC,431,-96,224213490,3.125833333333333
2014-02-24 00:00:00 UTC,431,-95,224213490,0.72569444444444453
2014-02-24 00:00:00 UTC,431,-96,224411380,3.5976388888888891
2014-02-24 00:00:00 UTC,687,127,273450850,6.2747222222222216
2014-02-24 00:00:00 UTC,687,-541,331224000,1.6097222222222223
2014-02-24 00:00:00 UTC,687,-542,331224000,1.4158333333333335
2014-02-24 00:00:00 UTC,687,-523,331191000,0.46249999999999997
2014-02-24 00:00:00 UTC,687,-524,331191000,3.5419444444444448
2014-02-24 00:00:00 UTC,687,-525,331191000,4.0761111111111115
2014-02-24 00:00:00 UTC,-81,-1146,432468000,1.5899999999999999
2014-02-24 00:00:00 UTC,-81,-1204,432890000,0.9225
2014-02-24 00:00:00 UTC,-81,-1206,432890000,1.337777777777778
2014-02-24 00:00:00 UTC,-81,-1218,431855000,1.3002777777777776
2014-02-24 00:00:00 UTC,-81,-1103,431395000,1.7540277777777777
2014-02-24 00:00:00 UTC,-81,-1114,431382000,2.61625
2014-02-24 00:00:00 UTC,-81,-1127,432374000,2.6163888888888889
2014-02-24 00:00:00 UTC,432,139,247083520,11.608888888888888
2014-02-24 00:00:00 UTC,432,138,247083520,2.1159722222222221
2014-02-24 00:00:00 UTC,432,51,228236800,1.0644444444444443
2014-02-24 00:00:00 UTC,432,48,228236800,0.33166666666666667
2014-02-24 00:00:00 UTC,432,49,228236800,1.0447222222222221
2014-02-24 00:00:00 UTC,432,50,228236800,2.0354166666666669
2014-02-24 00:00:00 UTC,432,156,238337540,0.33930555555555553
2014-02-24 00:00:00 UTC,432,157,238337540,3.3072222222222214
2014-02-24 00:00:00 UTC,432,158,238337540,1.8562500000000002
2014-02-24 00:00:00 UTC,432,-95,224126980,2.5998611111111112
2014-02-24 00:00:00 UTC,432,-96,224126980,1.2734722222222223
2014-02-24 00:00:00 UTC,432,-96,224176390,1.7486111111111109
2014-02-24 00:00:00 UTC,432,-95,224176390,2.7020833333333338
2014-02-24 00:00:00 UTC,432,157,238988040,1.1138888888888889
2014-02-24 00:00:00 UTC,432,156,238988040,2.2201388888888887
2014-02-24 00:00:00 UTC,432,162,238390540,6.9465277777777787
2014-02-24 00:00:00 UTC,432,38,228154900,1.0422222222222222
2014-02-24 00:00:00 UTC,432,36,228154900,0.24861111111111112
2014-02-24 00:00:00 UTC,432,37,228154900,1.0655555555555556
2014-02-24 00:00:00 UTC,432,158,238117140,2.9136111111111109
2014-02-24 00:00:00 UTC,432,157,238117140,1.8872222222222221
2014-02-24 00:00:00 UTC,432,-95,224086550,2.3538888888888891
2014-02-24 00:00:00 UTC,432,-94,224086550,1.2525
2014-02-24 00:00:00 UTC,432,-96,224086550,0.42319444444444443
2014-02-24 00:00:00 UTC,432,34,227321890,0.6744444444444444
2014-02-24 00:00:00 UTC,432,-96,224225320,2.3258333333333336
2014-02-24 00:00:00 UTC,432,-95,224225320,1.8761111111111111
2014-02-24 00:00:00 UTC,432,139,247080750,0.53402777777777777
2014-02-24 00:00:00 UTC,432,140,247080750,6.5054166666666662
2014-02-24 00:00:00 UTC,432,43,227317550,0.65541666666666665
2014-02-24 00:00:00 UTC,432,35,227322420,0.46055555555555555
2014-02-24 00:00:00 UTC,432,36,227322420,1.8988888888888891
2014-02-24 00:00:00 UTC,432,48,228187700,1.912638888888889
2014-02-24 00:00:00 UTC,432,49,228187700,2.1647222222222222
2014-02-24 00:00:00 UTC,432,50,228187700,1.0970833333333334
2014-02-24 00:00:00 UTC,432,47,228187700,1.4722222222222223
2014-02-24 00:00:00 UTC,432,139,247081270,5.5055555555555555
2014-02-24 00:00:00 UTC,432,-93,224128320,0.56694444444444447
2014-02-24 00:00:00 UTC,432,138,247080770,2.8219444444444446
2014-02-24 00:00:00 UTC,432,162,238893640,7.2391666666666667
2014-02-24 00:00:00 UTC,432,164,238880340,5.9795833333333341
2014-02-24 00:00:00 UTC,432,41,227145300,1.2090277777777778
2014-02-24 00:00:00 UTC,432,42,228263000,0.83347222222222217
2014-02-24 00:00:00 UTC,432,158,238156640,1.2566666666666668
2014-02-24 00:00:00 UTC,432,157,238156640,1.5398611111111111
2014-02-24 00:00:00 UTC,432,139,247081570,2.0815277777777776
2014-02-24 00:00:00 UTC,432,102,247064930,2.3326388888888889
2014-02-24 00:00:00 UTC,432,103,247064930,3.3151388888888884
2014-02-24 00:00:00 UTC,432,104,247064930,0.2252777777777778
2014-02-24 00:00:00 UTC,432,44,227317860,0.97374999999999989
2014-02-24 00:00:00 UTC,432,43,227317860,0.69500000000000006
2014-02-24 00:00:00 UTC,432,38,228172900,3.8126388888888889
2014-02-24 00:00:00 UTC,432,39,228172900,2.0405555555555557
2014-02-24 00:00:00 UTC,432,163,238288740,4.7090277777777771
2014-02-24 00:00:00 UTC,432,138,247080550,3.3113888888888892
2014-02-24 00:00:00 UTC,432,139,247080550,2.2047222222222222
2014-02-24 00:00:00 UTC,432,38,227146600,0.85083333333333333
2014-02-24 00:00:00 UTC,432,139,247080810,8.2433333333333323
2014-02-24 00:00:00 UTC,432,51,227318890,5.0270833333333336
2014-02-24 00:00:00 UTC,432,50,227318890,0.77097222222222217
2014-02-24 00:00:00 UTC,432,52,227318890,0.7022222222222223
2014-02-24 00:00:00 UTC,432,38,228242800,3.5293055555555557
2014-02-24 00:00:00 UTC,432,39,228242800,0.675
2014-02-24 00:00:00 UTC,432,37,228242800,0.31277777777777782
2014-02-24 00:00:00 UTC,432,36,228248700,0.8848611111111111
2014-02-24 00:00:00 UTC,432,37,228248700,0.27083333333333337
2014-02-24 00:00:00 UTC,432,35,228248700,0.84750000000000014
2014-02-24 00:00:00 UTC,432,139,247101310,2.6770833333333335
2014-02-24 00:00:00 UTC,432,-92,224027520,0.64888888888888885
2014-02-24 00:00:00 UTC,432,164,238116740,5.4233333333333329
2014-02-24 00:00:00 UTC,432,164,238771340,12.096666666666664
2014-02-24 00:00:00 UTC,432,95,247063180,1.4279166666666665
2014-02-24 00:00:00 UTC,432,96,247063180,0.45986111111111111
2014-02-24 00:00:00 UTC,432,-94,225018770,0.82805555555555554
2014-02-24 00:00:00 UTC,432,44,227321240,2.1897222222222226
2014-02-24 00:00:00 UTC,432,46,227321240,0.46916666666666662
2014-02-24 00:00:00 UTC,432,45,227321240,2.1570833333333335
2014-02-24 00:00:00 UTC,432,38,227311010,1.5973611111111112
2014-02-24 00:00:00 UTC,432,40,227311010,0.46958333333333335
2014-02-24 00:00:00 UTC,432,39,227311010,2.0326388888888891
2014-02-24 00:00:00 UTC,432,157,238987940,2.9929166666666664
2014-02-24 00:00:00 UTC,432,158,238987940,0.71513888888888888
2014-02-24 00:00:00 UTC,432,156,238987940,2.12875
2014-02-24 00:00:00 UTC,432,51,227588520,1.6459722222222222
2014-02-24 00:00:00 UTC,432,50,227588520,2.4840277777777775
2014-02-24 00:00:00 UTC,432,49,227588520,1.5351388888888891
2014-02-24 00:00:00 UTC,432,48,228218800,1.3218055555555555
2014-02-24 00:00:00 UTC,432,51,228218800,0.71972222222222226
2014-02-24 00:00:00 UTC,432,49,228218800,2.541666666666667
2014-02-24 00:00:00 UTC,432,50,228218800,2.21625
2014-02-24 00:00:00 UTC,432,138,247152310,11.789166666666667
2014-02-24 00:00:00 UTC,432,164,238176440,13.222361111111116
2014-02-24 00:00:00 UTC,432,41,228168900,1.6068055555555556
2014-02-24 00:00:00 UTC,432,39,228168900,0.64458333333333329
2014-02-24 00:00:00 UTC,432,40,228168900,0.82472222222222225
2014-02-24 00:00:00 UTC,432,164,238775240,6.8987499999999979
2014-02-24 00:00:00 UTC,432,95,247063240,1.6075
2014-02-24 00:00:00 UTC,432,38,227144400,3.2581944444444444
2014-02-24 00:00:00 UTC,432,37,227144400,1.6962500000000003
2014-02-24 00:00:00 UTC,432,38,228210900,0.63666666666666671
2014-02-24 00:00:00 UTC,432,39,227142100,0.96736111111111112
2014-02-24 00:00:00 UTC,432,38,227142100,1.2731944444444445
2014-02-24 00:00:00 UTC,432,-94,224136920,2.1688888888888891
2014-02-24 00:00:00 UTC,432,-95,224136920,0.84166666666666667
2014-02-24 00:00:00 UTC,432,44,227318490,0.96861111111111109
2014-02-24 00:00:00 UTC,432,-95,224079580,1.6225
2014-02-24 00:00:00 UTC,432,-95,224030940,0.22597222222222224
2014-02-24 00:00:00 UTC,432,34,227320290,0.78902777777777777
2014-02-24 00:00:00 UTC,432,104,247066850,12.414861111111112
2014-02-24 00:00:00 UTC,432,164,238366440,3.8431944444444444
2014-02-24 00:00:00 UTC,432,40,228173800,0.22472222222222221
2014-02-24 00:00:00 UTC,432,39,228173800,0.85249999999999992
2014-02-24 00:00:00 UTC,432,163,238923240,4.2673611111111116
2014-02-24 00:00:00 UTC,432,99,247066860,1.0280555555555555
2014-02-24 00:00:00 UTC,432,98,247066860,0.28402777777777777
2014-02-24 00:00:00 UTC,432,-96,224213490,0.52527777777777773
2014-02-24 00:00:00 UTC,432,164,238623740,4.1126388888888883
2014-02-24 00:00:00 UTC,432,139,247081470,1.9447222222222222
2014-02-24 00:00:00 UTC,688,135,273555000,18.795833333333334
2014-02-24 00:00:00 UTC,688,132,273450850,7.0779166666666669
2014-02-24 00:00:00 UTC,688,133,273448120,4.6665277777777776
2014-02-24 00:00:00 UTC,688,-542,331224000,0.21277777777777779
2014-02-24 00:00:00 UTC,688,-541,331224000,5.7716666666666665
2014-02-24 00:00:00 UTC,688,-522,331191000,4.2797222222222224
2014-02-24 00:00:00 UTC,688,-523,331191000,3.333333333333333
2014-02-24 00:00:00 UTC,688,-524,331191000,7.3568055555555558
2014-02-24 00:00:00 UTC,688,-525,331191000,1.1666666666666667
2014-02-24 00:00:00 UTC,-80,-1146,432468000,1.7343055555555555
2014-02-24 00:00:00 UTC,-80,-1205,432890000,0.85138888888888886
2014-02-24 00:00:00 UTC,-80,-1206,432890000,1.4806944444444441
2014-02-24 00:00:00 UTC,-80,-1204,432890000,0.7663888888888889
2014-02-24 00:00:00 UTC,-80,-1219,431855000,1.8247222222222221
2014-02-24 00:00:00 UTC,-80,-1165,432856000,1.8259722222222221
2014-02-24 00:00:00 UTC,-80,-1164,432856000,1.8518055555555555
2014-02-24 00:00:00 UTC,-80,-1165,432343000,1.6581944444444443
2014-02-24 00:00:00 UTC,-80,-1166,432343000,1.8555555555555556
2014-02-24 00:00:00 UTC,-80,-1224,441015000,1.6820833333333334
2014-02-24 00:00:00 UTC,-80,-1227,441015000,1.1443055555555555
2014-02-24 00:00:00 UTC,-80,-1226,441015000,1.1675
2014-02-24 00:00:00 UTC,-80,-1222,441015000,1.651388888888889
2014-02-24 00:00:00 UTC,-80,-1229,441015000,3.5109722222222226
2014-02-24 00:00:00 UTC,-80,-1127,432374000,4.306805555555556
2014-02-24 00:00:00 UTC,433,138,247080960,1.7573611111111112
2014-02-24 00:00:00 UTC,433,139,247080960,2.1556944444444444
2014-02-24 00:00:00 UTC,433,138,247083520,4.3655555555555559
2014-02-24 00:00:00 UTC,433,-93,224026880,3.8175
2014-02-24 00:00:00 UTC,433,-94,224026880,5.4369444444444461
2014-02-24 00:00:00 UTC,433,-86,224026880,0.20708333333333334
2014-02-24 00:00:00 UTC,433,49,228236800,0.39055555555555554
2014-02-24 00:00:00 UTC,433,158,238337540,0.20305555555555554
2014-02-24 00:00:00 UTC,433,-95,224126980,0.8866666666666666
2014-02-24 00:00:00 UTC,433,-94,224126980,2.6379166666666665
2014-02-24 00:00:00 UTC,433,-18,224065290,0.72972222222222227
2014-02-24 00:00:00 UTC,433,45,227318540,0.4243055555555556
2014-02-24 00:00:00 UTC,433,41,227318540,0.8354166666666667
2014-02-24 00:00:00 UTC,433,44,227318540,2.1072222222222221
2014-02-24 00:00:00 UTC,433,42,227318540,1.3016666666666667
2014-02-24 00:00:00 UTC,433,43,227318540,3.1130555555555555
2014-02-24 00:00:00 UTC,433,138,247081230,0.4777777777777778
2014-02-24 00:00:00 UTC,433,-93,224050450,0.47138888888888886
2014-02-24 00:00:00 UTC,433,-95,224050450,1.6681944444444445
2014-02-24 00:00:00 UTC,433,-87,224050450,1.0997222222222223
2014-02-24 00:00:00 UTC,433,-86,224050450,2.3816666666666668
2014-02-24 00:00:00 UTC,433,-94,224050450,7.9422222222222238
2014-02-24 00:00:00 UTC,433,-93,224086550,1.3522222222222222
2014-02-24 00:00:00 UTC,433,-94,224086550,0.82152777777777775
2014-02-24 00:00:00 UTC,433,-33,224134940,0.63347222222222221
2014-02-24 00:00:00 UTC,433,142,247080750,4.1805555555555554
2014-02-24 00:00:00 UTC,433,140,247080750,0.51416666666666666
2014-02-24 00:00:00 UTC,433,139,247080750,2.3608333333333333
2014-02-24 00:00:00 UTC,433,43,227317550,0.50555555555555554
2014-02-24 00:00:00 UTC,433,41,227317550,1.5054166666666666
2014-02-24 00:00:00 UTC,433,44,227317550,2.0755555555555554
2014-02-24 00:00:00 UTC,433,42,227317550,1.4883333333333333
2014-02-24 00:00:00 UTC,433,40,227317550,0.46236111111111111
2014-02-24 00:00:00 UTC,433,-92,224926000,0.50416666666666665
2014-02-24 00:00:00 UTC,433,36,227322420,1.5065277777777777
2014-02-24 00:00:00 UTC,433,48,228187700,1.3327777777777778
2014-02-24 00:00:00 UTC,433,50,228187700,0.47458333333333336
2014-02-24 00:00:00 UTC,433,138,247081270,3.2076388888888894
2014-02-24 00:00:00 UTC,433,139,247081270,9.5058333333333316
2014-02-24 00:00:00 UTC,433,162,238279740,5.6226388888888881
2014-02-24 00:00:00 UTC,433,-94,224128320,7.4241666666666672
2014-02-24 00:00:00 UTC,433,138,247080770,1.34625
2014-02-24 00:00:00 UTC,433,141,247087940,5.8465277777777773
2014-02-24 00:00:00 UTC,433,-89,224085830,0.88569444444444445
2014-02-24 00:00:00 UTC,433,162,238893640,0.20958333333333334
2014-02-24 00:00:00 UTC,433,-19,224152140,0.66902777777777778
2014-02-24 00:00:00 UTC,433,-32,224018260,0.67902777777777779
2014-02-24 00:00:00 UTC,433,-33,224018260,0.41486111111111112
2014-02-24 00:00:00 UTC,433,157,238317140,5.435138888888889
2014-02-24 00:00:00 UTC,433,41,228263000,3.8809722222222218
2014-02-24 00:00:00 UTC,433,42,228263000,1.4534722222222223
2014-02-24 00:00:00 UTC,433,40,228263000,2.890138888888889
2014-02-24 00:00:00 UTC,433,-93,224016730,0.72263888888888883
2014-02-24 00:00:00 UTC,433,-94,224016730,5.9290277777777769
2014-02-24 00:00:00 UTC,433,-95,224016730,2.5220833333333337
2014-02-24 00:00:00 UTC,433,139,247081570,2.4194444444444443
2014-02-24 00:00:00 UTC,433,102,247064930,1.6509722222222221
2014-02-24 00:00:00 UTC,433,103,247064930,5.3876388888888895
2014-02-24 00:00:00 UTC,433,40,227317860,1.1144444444444443
2014-02-24 00:00:00 UTC,433,41,227317860,1.7166666666666666
2014-02-24 00:00:00 UTC,433,42,227317860,1.7211111111111113
2014-02-24 00:00:00 UTC,433,-84,224048230,0.12125
2014-02-24 00:00:00 UTC,433,43,227318120,0.93055555555555558
2014-02-24 00:00:00 UTC,433,44,227318120,1.9409722222222221
2014-02-24 00:00:00 UTC,433,42,227318120,0.67069444444444448
2014-02-24 00:00:00 UTC,433,139,247080810,9.5051388888888884
2014-02-24 00:00:00 UTC,433,-32,224214890,1.4676388888888889
2014-02-24 00:00:00 UTC,433,-31,224214890,2.6291666666666669
2014-02-24 00:00:00 UTC,433,-93,224057450,4.978194444444445
2014-02-24 00:00:00 UTC,433,-94,224057450,5.0712499999999991
2014-02-24 00:00:00 UTC,433,138,247081580,0.43402777777777779
2014-02-24 00:00:00 UTC,433,-32,224046190,1.7145833333333331
2014-02-24 00:00:00 UTC,433,45,227318650,1.2218055555555556
2014-02-24 00:00:00 UTC,433,43,227318650,3.2359722222222222
2014-02-24 00:00:00 UTC,433,44,227318650,0.95166666666666655
2014-02-24 00:00:00 UTC,433,42,227318650,2.8724999999999996
2014-02-24 00:00:00 UTC,433,41,227318650,0.63902777777777775
2014-02-24 00:00:00 UTC,433,139,247101310,1.0915277777777779
2014-02-24 00:00:00 UTC,433,-32,224077440,0.21319444444444444
2014-02-24 00:00:00 UTC,433,-93,224027520,1.7122222222222221
2014-02-24 00:00:00 UTC,433,-92,224027520,1.9759722222222225
2014-02-24 00:00:00 UTC,433,-90,224027520,2.7977777777777781
2014-02-24 00:00:00 UTC,433,-94,224095620,3.3330555555555557
2014-02-24 00:00:00 UTC,433,-95,224095620,2.7990277777777779
2014-02-24 00:00:00 UTC,433,-658,316004229,0.96180555555555558
2014-02-24 00:00:00 UTC,433,37,227320710,0.44777777777777777
2014-02-24 00:00:00 UTC,433,38,227320710,0.49430555555555555
2014-02-24 00:00:00 UTC,433,95,247063180,2.6240277777777776
2014-02-24 00:00:00 UTC,433,96,247063180,1.658611111111111
2014-02-24 00:00:00 UTC,433,-95,225018770,1.17625
2014-02-24 00:00:00 UTC,433,-94,225018770,6.489583333333333
2014-02-24 00:00:00 UTC,433,-502,316111000,9.387083333333333
2014-02-24 00:00:00 UTC,433,-501,316111000,4.5002777777777778
2014-02-24 00:00:00 UTC,433,-503,316111000,4.5318055555555556
2014-02-24 00:00:00 UTC,433,43,227321240,2.5134722222222226
2014-02-24 00:00:00 UTC,433,40,227321240,0.34916666666666663
2014-02-24 00:00:00 UTC,433,44,227321240,0.22152777777777777
2014-02-24 00:00:00 UTC,433,41,227321240,1.2073611111111111
2014-02-24 00:00:00 UTC,433,42,227321240,2.2655555555555558
2014-02-24 00:00:00 UTC,433,144,247087260,4.1334722222222222
2014-02-24 00:00:00 UTC,433,142,247087260,1.7897222222222222
2014-02-24 00:00:00 UTC,433,143,247087260,0.66888888888888887
2014-02-24 00:00:00 UTC,433,38,227311010,0.64708333333333323
2014-02-24 00:00:00 UTC,433,-84,224108450,0.20541666666666666
2014-02-24 00:00:00 UTC,433,-94,224095140,1.6679166666666667
2014-02-24 00:00:00 UTC,433,-95,224095140,0.56236111111111109
2014-02-24 00:00:00 UTC,433,49,227588520,1.8651388888888887
2014-02-24 00:00:00 UTC,433,49,228218800,3.6497222222222221
2014-02-24 00:00:00 UTC,433,-94,224906170,0.44972222222222225
2014-02-24 00:00:00 UTC,433,96,247061690,4.13611111111111
2014-02-24 00:00:00 UTC,433,95,247061690,0.445
2014-02-24 00:00:00 UTC,433,-33,224025280,0.84666666666666668
2014-02-24 00:00:00 UTC,433,-94,224105920,1.3975
2014-02-24 00:00:00 UTC,433,-93,224105920,1.2002777777777778
2014-02-24 00:00:00 UTC,433,40,228168900,0.21236111111111111
2014-02-24 00:00:00 UTC,433,39,228168900,0.65472222222222221
2014-02-24 00:00:00 UTC,433,41,228168900,0.48083333333333333
2014-02-24 00:00:00 UTC,433,-94,224906180,0.22430555555555554
2014-02-24 00:00:00 UTC,433,-92,224042440,0.38388888888888884
2014-02-24 00:00:00 UTC,433,-93,224042440,0.74791666666666667
2014-02-24 00:00:00 UTC,433,38,227144400,0.53375
2014-02-24 00:00:00 UTC,433,37,227144400,0.30708333333333337
2014-02-24 00:00:00 UTC,433,45,227320020,0.78722222222222216
2014-02-24 00:00:00 UTC,433,42,227320020,1.3336111111111109
2014-02-24 00:00:00 UTC,433,44,227320020,3.8911111111111105
2014-02-24 00:00:00 UTC,433,43,227320020,0.92055555555555557
2014-02-24 00:00:00 UTC,433,41,227320020,0.83013888888888887
2014-02-24 00:00:00 UTC,433,-93,224136920,3.1009722222222225
2014-02-24 00:00:00 UTC,433,-92,224136920,0.43138888888888888
2014-02-24 00:00:00 UTC,433,-95,224136920,0.21222222222222223
2014-02-24 00:00:00 UTC,433,-94,224136920,2.0695833333333336
2014-02-24 00:00:00 UTC,433,43,227318490,0.695138888888889
2014-02-24 00:00:00 UTC,433,40,227318490,0.86291666666666667
2014-02-24 00:00:00 UTC,433,41,227318490,1.2772222222222225
2014-02-24 00:00:00 UTC,433,42,227318490,1.5345833333333334
2014-02-24 00:00:00 UTC,433,44,227318490,0.46930555555555553
2014-02-24 00:00:00 UTC,433,-93,224030940,1.588888888888889
2014-02-24 00:00:00 UTC,433,-95,224030940,4.5633333333333335
2014-02-24 00:00:00 UTC,433,-94,224030940,4.0173611111111107
2014-02-24 00:00:00 UTC,433,44,227317980,2.22125
2014-02-24 00:00:00 UTC,433,42,227317980,1.2645833333333334
2014-02-24 00:00:00 UTC,433,41,227317980,0.25486111111111109
2014-02-24 00:00:00 UTC,433,43,227317980,3.6737500000000005
2014-02-24 00:00:00 UTC,433,-95,224021730,0.47486111111111112
2014-02-24 00:00:00 UTC,433,-93,224021730,1.8912499999999999
2014-02-24 00:00:00 UTC,433,-94,224021730,8.96
2014-02-24 00:00:00 UTC,433,139,247081470,0.95666666666666667
2014-02-24 00:00:00 UTC,433,138,247081470,6.1281944444444445
2014-02-24 00:00:00 UTC,689,171,257124140,0.4186111111111111
2014-02-24 00:00:00 UTC,689,173,257124140,0.20805555555555555
2014-02-24 00:00:00 UTC,689,172,257124140,0.43763888888888891
2014-02-24 00:00:00 UTC,689,135,273450850,4.6873611111111115
2014-02-24 00:00:00 UTC,689,134,273450850,8.6220833333333324
2014-02-24 00:00:00 UTC,689,134,273448120,4.605833333333333
2014-02-24 00:00:00 UTC,689,136,273448120,3.1393055555555556
2014-02-24 00:00:00 UTC,689,137,273448120,8.5990277777777777
2014-02-24 00:00:00 UTC,689,152,257536700,1.1265277777777778
2014-02-24 00:00:00 UTC,-79,-1764,440895000,1.8366666666666667
2014-02-24 00:00:00 UTC,-79,-1763,440895000,1.8088888888888888
2014-02-24 00:00:00 UTC,-79,-1205,432890000,1.4525000000000001
2014-02-24 00:00:00 UTC,-79,-1165,432856000,1.8181944444444444
2014-02-24 00:00:00 UTC,-79,-1166,432343000,1.825
2014-02-24 00:00:00 UTC,-79,-1227,441015000,1.3376388888888888
2014-02-24 00:00:00 UTC,-79,-1222,441015000,1.875
2014-02-24 00:00:00 UTC,-79,-1229,441015000,1.849722222222222
2014-02-24 00:00:00 UTC,-79,-1228,441015000,1.4581944444444443
2014-02-24 00:00:00 UTC,-79,-1225,441015000,1.6861111111111113
2014-02-24 00:00:00 UTC,-79,-1230,441015000,1.7369444444444444
2014-02-24 00:00:00 UTC,-79,-1224,441015000,1.3565277777777778
2014-02-24 00:00:00 UTC,-79,-1226,441015000,1.4797222222222222
2014-02-24 00:00:00 UTC,-79,-1223,441015000,1.8140277777777778
2014-02-24 00:00:00 UTC,-79,-1115,431382000,3.3902777777777779
2014-02-24 00:00:00 UTC,-79,-1114,431382000,1.8502777777777777
2014-02-24 00:00:00 UTC,434,140,247080960,7.0281944444444449
2014-02-24 00:00:00 UTC,434,138,247080960,4.7754166666666675
2014-02-24 00:00:00 UTC,434,139,247080960,4.8577777777777769
2014-02-24 00:00:00 UTC,434,158,238506240,0.77680555555555553
2014-02-24 00:00:00 UTC,434,156,238506240,4.9569444444444448
2014-02-24 00:00:00 UTC,434,157,238506240,7.4400000000000013
2014-02-24 00:00:00 UTC,434,-93,224026880,1.445
2014-02-24 00:00:00 UTC,434,-86,224026880,2.299722222222222
2014-02-24 00:00:00 UTC,434,-87,224026880,1.0627777777777776
2014-02-24 00:00:00 UTC,434,-87,224047360,1.372638888888889
2014-02-24 00:00:00 UTC,434,-28,224139780,2.4083333333333332
2014-02-24 00:00:00 UTC,434,139,247081220,0.888611111111111
2014-02-24 00:00:00 UTC,434,138,247081220,1.4752777777777777
2014-02-24 00:00:00 UTC,434,141,247083530,1.5495833333333333
2014-02-24 00:00:00 UTC,434,139,247083530,1.18875
2014-02-24 00:00:00 UTC,434,140,247083530,0.81111111111111112
2014-02-24 00:00:00 UTC,434,-19,224065290,1.3193055555555555
2014-02-24 00:00:00 UTC,434,40,227318540,1.1233333333333333
2014-02-24 00:00:00 UTC,434,41,227318540,1.5236111111111112
2014-02-24 00:00:00 UTC,434,42,227318540,1.2209722222222221
2014-02-24 00:00:00 UTC,434,138,247081230,1.5638888888888889
2014-02-24 00:00:00 UTC,434,137,247081230,0.20541666666666666
2014-02-24 00:00:00 UTC,434,-658,316004879,1.1573611111111111
2014-02-24 00:00:00 UTC,434,-93,224000020,0.47597222222222224
2014-02-24 00:00:00 UTC,434,-92,224000020,3.0256944444444445
2014-02-24 00:00:00 UTC,434,-33,224053530,0.65208333333333335
2014-02-24 00:00:00 UTC,434,140,247083550,1.3688888888888888
2014-02-24 00:00:00 UTC,434,139,247083550,0.28597222222222224
2014-02-24 00:00:00 UTC,434,-84,224198440,1.3330555555555557
2014-02-24 00:00:00 UTC,434,139,247081260,0.96097222222222223
2014-02-24 00:00:00 UTC,434,140,247081260,8.6
2014-02-24 00:00:00 UTC,434,143,247080750,7.3081944444444433
2014-02-24 00:00:00 UTC,434,40,227317550,1.5859722222222219
2014-02-24 00:00:00 UTC,434,-90,224926000,2.79375
2014-02-24 00:00:00 UTC,434,-91,224926000,3.0991666666666662
2014-02-24 00:00:00 UTC,434,-89,224926000,2.3698611111111116
2014-02-24 00:00:00 UTC,434,-92,224926000,2.8955555555555552
2014-02-24 00:00:00 UTC,434,139,247081270,2.0722222222222224
2014-02-24 00:00:00 UTC,434,139,247051830,1.1584722222222223
2014-02-24 00:00:00 UTC,434,140,247051830,5.41125
2014-02-24 00:00:00 UTC,434,-87,224071740,2.5227777777777778
2014-02-24 00:00:00 UTC,434,-86,224071740,2.87875
2014-02-24 00:00:00 UTC,434,-93,224093760,0.45
2014-02-24 00:00:00 UTC,434,-94,224093760,10.658194444444444
2014-02-24 00:00:00 UTC,434,-94,224128320,0.47944444444444445
2014-02-24 00:00:00 UTC,434,-93,224128320,1.8533333333333331
2014-02-24 00:00:00 UTC,434,137,247080770,1.35125
2014-02-24 00:00:00 UTC,434,138,247080770,1.4569444444444446
2014-02-24 00:00:00 UTC,434,141,247087940,4.3575
2014-02-24 00:00:00 UTC,434,140,247087940,1.195
2014-02-24 00:00:00 UTC,434,-89,224085830,1.824027777777778
2014-02-24 00:00:00 UTC,434,-90,224085830,0.9212499999999999
2014-02-24 00:00:00 UTC,434,-89,224047430,0.685138888888889
2014-02-24 00:00:00 UTC,434,-90,224047430,2.2020833333333329
2014-02-24 00:00:00 UTC,434,140,247081290,0.12486111111111112
2014-02-24 00:00:00 UTC,434,142,247080780,0.92208333333333337
2014-02-24 00:00:00 UTC,434,-32,224215890,2.2133333333333329
2014-02-24 00:00:00 UTC,434,-33,224018260,1.7598611111111111
2014-02-24 00:00:00 UTC,434,158,238445140,6.9094444444444454
2014-02-24 00:00:00 UTC,434,157,238445140,1.96375
2014-02-24 00:00:00 UTC,434,156,238445140,1.7447222222222223
2014-02-24 00:00:00 UTC,434,158,238317140,1.1995833333333334
2014-02-24 00:00:00 UTC,434,157,238317140,0.7551388888888888
2014-02-24 00:00:00 UTC,434,-90,224004950,3.5061111111111107
2014-02-24 00:00:00 UTC,434,-89,224004950,1.588888888888889
2014-02-24 00:00:00 UTC,434,-87,224004950,0.63
2014-02-24 00:00:00 UTC,434,-91,224004950,2.3201388888888888
2014-02-24 00:00:00 UTC,434,-88,224004950,1.5608333333333333
2014-02-24 00:00:00 UTC,434,41,228263000,0.63458333333333339
2014-02-24 00:00:00 UTC,434,40,228263000,2.2119444444444443
2014-02-24 00:00:00 UTC,434,39,228263000,0.40263888888888888
2014-02-24 00:00:00 UTC,434,157,238404440,8.3227777777777785
2014-02-24 00:00:00 UTC,434,-94,224016730,4.5243055555555554
2014-02-24 00:00:00 UTC,434,-93,224016730,2.8261111111111115
2014-02-24 00:00:00 UTC,434,-84,224101980,0.20708333333333334
2014-02-24 00:00:00 UTC,434,140,247081570,2.2556944444444444
2014-02-24 00:00:00 UTC,434,138,247081570,1.7833333333333332
2014-02-24 00:00:00 UTC,434,139,247081570,6.3866666666666676
2014-02-24 00:00:00 UTC,434,141,247081570,2.1547222222222224
2014-02-24 00:00:00 UTC,434,40,227317860,0.95472222222222225
2014-02-24 00:00:00 UTC,434,161,238288740,6.6759722222222226
2014-02-24 00:00:00 UTC,434,-84,224048230,1.2647222222222223
2014-02-24 00:00:00 UTC,434,42,227318120,2.0333333333333332
2014-02-24 00:00:00 UTC,434,40,227318120,8.1229166666666668
2014-02-24 00:00:00 UTC,434,41,227318120,3.1455555555555561
2014-02-24 00:00:00 UTC,434,-18,224050280,0.86680555555555561
2014-02-24 00:00:00 UTC,434,-19,224050280,1.1306944444444444
2014-02-24 00:00:00 UTC,434,138,247081580,2.3936111111111114
2014-02-24 00:00:00 UTC,434,139,247081580,6.1831944444444451
2014-02-24 00:00:00 UTC,434,139,247083630,1.3718055555555555
2014-02-24 00:00:00 UTC,434,141,247083630,1.3190277777777779
2014-02-24 00:00:00 UTC,434,140,247083630,1.0531944444444443
2014-02-24 00:00:00 UTC,434,-33,224046190,1.4851388888888888
2014-02-24 00:00:00 UTC,434,138,247083380,0.43847222222222226
2014-02-24 00:00:00 UTC,434,141,247083380,2.6534722222222222
2014-02-24 00:00:00 UTC,434,139,247083380,3.1275
2014-02-24 00:00:00 UTC,434,140,247083380,0.96111111111111114
2014-02-24 00:00:00 UTC,434,158,238791540,0.76097222222222238
2014-02-24 00:00:00 UTC,434,157,238791540,1.7358333333333333
2014-02-24 00:00:00 UTC,434,142,247081590,11.255138888888888
2014-02-24 00:00:00 UTC,434,-18,228315000,3.7922222222222217
2014-02-24 00:00:00 UTC,434,40,227318650,6.3280555555555553
2014-02-24 00:00:00 UTC,434,41,227318650,1.7525000000000002
2014-02-24 00:00:00 UTC,434,40,227714430,0.42805555555555552
2014-02-24 00:00:00 UTC,434,-33,224077440,1.0697222222222222
2014-02-24 00:00:00 UTC,434,-91,224027520,1.0866666666666667
2014-02-24 00:00:00 UTC,434,-92,224027520,2.3163888888888886
2014-02-24 00:00:00 UTC,434,158,238000003,0.75416666666666665
2014-02-24 00:00:00 UTC,434,156,238000003,10.151805555555555
2014-02-24 00:00:00 UTC,434,157,238000003,2.5830555555555557
2014-02-24 00:00:00 UTC,434,-93,224095620,0.71805555555555556
2014-02-24 00:00:00 UTC,434,-94,224095620,4.0773611111111112
2014-02-24 00:00:00 UTC,434,39,227320710,0.2975
2014-02-24 00:00:00 UTC,434,138,247080840,2.1331944444444444
2014-02-24 00:00:00 UTC,434,95,247063180,3.7045833333333329
2014-02-24 00:00:00 UTC,434,143,247083410,2.5111111111111111
2014-02-24 00:00:00 UTC,434,142,247083410,1.3355555555555556
2014-02-24 00:00:00 UTC,434,-84,224021650,0.872638888888889
2014-02-24 00:00:00 UTC,434,-93,225018770,2.4261111111111111
2014-02-24 00:00:00 UTC,434,-94,225018770,4.1834722222222229
2014-02-24 00:00:00 UTC,434,-501,316111000,6.4554166666666664
2014-02-24 00:00:00 UTC,434,142,247083420,2.0444444444444443
2014-02-24 00:00:00 UTC,434,140,247083420,2.5859722222222219
2014-02-24 00:00:00 UTC,434,143,247087260,4.2025
2014-02-24 00:00:00 UTC,434,158,238401440,1.470277777777778
2014-02-24 00:00:00 UTC,434,157,238401440,2.2816666666666667
2014-02-24 00:00:00 UTC,434,-84,224108450,1.53125
2014-02-24 00:00:00 UTC,434,-33,224138660,0.45041666666666669
2014-02-24 00:00:00 UTC,434,41,227145900,2.3988888888888891
2014-02-24 00:00:00 UTC,434,39,227145900,1.0976388888888888
2014-02-24 00:00:00 UTC,434,40,227145900,3.4733333333333332
2014-02-24 00:00:00 UTC,434,139,247083440,2.2333333333333334
2014-02-24 00:00:00 UTC,434,140,247081650,1.0752777777777778
2014-02-24 00:00:00 UTC,434,139,247081650,0.66125
2014-02-24 00:00:00 UTC,434,141,247081650,0.88013888888888892
2014-02-24 00:00:00 UTC,434,139,247088050,1.1970833333333333
2014-02-24 00:00:00 UTC,434,140,247088050,0.8026388888888889
2014-02-24 00:00:00 UTC,434,141,247088050,0.84222222222222221
2014-02-24 00:00:00 UTC,434,-84,224077240,0.44083333333333335
2014-02-24 00:00:00 UTC,434,-93,224906170,2.8099999999999996
2014-02-24 00:00:00 UTC,434,-92,224906170,1.9606944444444445
2014-02-24 00:00:00 UTC,434,96,247061690,0.43125
2014-02-24 00:00:00 UTC,434,95,247061690,3.8613888888888885
2014-02-24 00:00:00 UTC,434,-33,224008640,0.22152777777777777
2014-02-24 00:00:00 UTC,434,158,238299840,7.4293055555555565
2014-02-24 00:00:00 UTC,434,157,238299840,6.2848611111111117
2014-02-24 00:00:00 UTC,434,-33,224025280,0.25902777777777775
2014-02-24 00:00:00 UTC,434,-92,224105920,3.4411111111111108
2014-02-24 00:00:00 UTC,434,-93,224105920,0.82597222222222222
2014-02-24 00:00:00 UTC,434,-90,224105920,0.25875000000000004
2014-02-24 00:00:00 UTC,434,-91,224105920,3.7848611111111108
2014-02-24 00:00:00 UTC,434,-93,224906180,2.8112500000000002
2014-02-24 00:00:00 UTC,434,-92,224906180,2.3133333333333335
2014-02-24 00:00:00 UTC,434,-90,224042440,0.61986111111111108
2014-02-24 00:00:00 UTC,434,-91,224042440,3.1586111111111106
2014-02-24 00:00:00 UTC,434,-92,224042440,2.8419444444444442
2014-02-24 00:00:00 UTC,434,140,247081940,0.86680555555555561
2014-02-24 00:00:00 UTC,434,40,227320020,1.5745833333333332
2014-02-24 00:00:00 UTC,434,41,227320020,2.4483333333333333
2014-02-24 00:00:00 UTC,434,-599,316005077,5.68638888888889
2014-02-24 00:00:00 UTC,434,-600,316005077,1.7230555555555556
2014-02-24 00:00:00 UTC,434,-91,224136920,3.6536111111111111
2014-02-24 00:00:00 UTC,434,-93,224136920,0.42625
2014-02-24 00:00:00 UTC,434,-92,224136920,2.6911111111111108
2014-02-24 00:00:00 UTC,434,-90,224136920,1.7080555555555552
2014-02-24 00:00:00 UTC,434,139,247081690,1.0081944444444444
2014-02-24 00:00:00 UTC,434,140,247081690,5.4472222222222229
2014-02-24 00:00:00 UTC,434,40,227318490,0.46319444444444446
2014-02-24 00:00:00 UTC,434,141,247081180,1.2498611111111111
2014-02-24 00:00:00 UTC,434,142,247081180,9.4522222222222219
2014-02-24 00:00:00 UTC,434,140,247081180,0.24444444444444444
2014-02-24 00:00:00 UTC,434,-93,224030940,3.3569444444444443
2014-02-24 00:00:00 UTC,434,41,227317980,2.885
2014-02-24 00:00:00 UTC,434,40,227317980,0.90208333333333335
2014-02-24 00:00:00 UTC,434,-84,224068580,0.83305555555555555
2014-02-24 00:00:00 UTC,434,-86,224065000,0.41708333333333331
2014-02-24 00:00:00 UTC,434,138,247086570,0.9556944444444444
2014-02-24 00:00:00 UTC,434,139,247086570,2.809166666666667
2014-02-24 00:00:00 UTC,434,141,247086570,2.9854166666666666
2014-02-24 00:00:00 UTC,434,-24,224087530,1.9791666666666665
2014-02-24 00:00:00 UTC,434,101,247066860,1.6829166666666666
2014-02-24 00:00:00 UTC,434,102,247066860,0.87916666666666665
2014-02-24 00:00:00 UTC,434,-87,224094960,1.0315277777777778
2014-02-24 00:00:00 UTC,434,-88,224094960,4.9047222222222233
2014-02-24 00:00:00 UTC,434,-86,224094960,0.25819444444444445
2014-02-24 00:00:00 UTC,434,-89,224094960,5.8806944444444449
2014-02-24 00:00:00 UTC,434,-84,224906480,0.78194444444444444
2014-02-24 00:00:00 UTC,434,141,247083260,4.0640277777777776
2014-02-24 00:00:00 UTC,434,-93,224041980,0.20861111111111111
2014-02-24 00:00:00 UTC,434,-92,224041980,2.5441666666666669
2014-02-24 00:00:00 UTC,434,-19,224176380,2.9308333333333332
2014-02-24 00:00:00 UTC,434,138,247081470,5.5654166666666676
2014-02-24 00:00:00 UTC,434,139,247081470,6.5330555555555554
2014-02-24 00:00:00 UTC,-78,-1763,440895000,0.94152777777777774
2014-02-24 00:00:00 UTC,-78,-1146,432468000,2.975138888888889
2014-02-24 00:00:00 UTC,-78,-1204,432890000,1.13875
2014-02-24 00:00:00 UTC,-78,-1205,432890000,1.8527777777777779
2014-02-24 00:00:00 UTC,-78,-1219,431855000,2.6080555555555556
2014-02-24 00:00:00 UTC,-78,-1218,431855000,1.2291666666666665
2014-02-24 00:00:00 UTC,-78,-1228,440847000,1.6556944444444444
2014-02-24 00:00:00 UTC,-78,-1230,440847000,1.8733333333333333
2014-02-24 00:00:00 UTC,-78,-1163,432856000,2.99625
2014-02-24 00:00:00 UTC,-78,-1294,431853000,1.6665277777777776
2014-02-24 00:00:00 UTC,-78,-1166,432343000,4.8695833333333329
2014-02-24 00:00:00 UTC,-78,-1127,432374000,3.391111111111111
2014-02-24 00:00:00 UTC,435,-87,224047360,6.4016666666666664
2014-02-24 00:00:00 UTC,435,-86,224047360,7.6355555555555572
2014-02-24 00:00:00 UTC,435,-88,224047360,1.297361111111111
2014-02-24 00:00:00 UTC,435,-85,224047360,0.22055555555555556
2014-02-24 00:00:00 UTC,435,137,247081220,1.6412499999999999
2014-02-24 00:00:00 UTC,435,139,247081220,4.2363888888888894
2014-02-24 00:00:00 UTC,435,138,247081220,5.2898611111111107
2014-02-24 00:00:00 UTC,435,140,247081220,2.4416666666666669
2014-02-24 00:00:00 UTC,435,156,238407940,3.4612500000000006
2014-02-24 00:00:00 UTC,435,155,238407940,2.7677777777777779
2014-02-24 00:00:00 UTC,435,154,238407940,2.9405555555555556
2014-02-24 00:00:00 UTC,435,157,238407940,3.545555555555556
2014-02-24 00:00:00 UTC,435,-36,224011530,7.247638888888889
2014-02-24 00:00:00 UTC,435,-35,224011530,2.9611111111111112
2014-02-24 00:00:00 UTC,435,139,247083530,2.1138888888888889
2014-02-24 00:00:00 UTC,435,137,247081230,7.1476388888888875
2014-02-24 00:00:00 UTC,435,138,247081230,5.5384722222222216
2014-02-24 00:00:00 UTC,435,-90,224000020,1.79125
2014-02-24 00:00:00 UTC,435,-92,224000020,0.48041666666666666
2014-02-24 00:00:00 UTC,435,-91,224000020,3.0688888888888886
2014-02-24 00:00:00 UTC,435,-88,224011290,0.41375000000000006
2014-02-24 00:00:00 UTC,435,155,238957340,4.11361111111111
2014-02-24 00:00:00 UTC,435,156,238957340,3.1734722222222222
2014-02-24 00:00:00 UTC,435,154,238957340,1.4422222222222221
2014-02-24 00:00:00 UTC,435,158,238957340,0.66944444444444451
2014-02-24 00:00:00 UTC,435,157,238957340,3.0470833333333327
2014-02-24 00:00:00 UTC,435,139,247083550,2.8087500000000003
2014-02-24 00:00:00 UTC,435,155,238795040,2.9243055555555557
2014-02-24 00:00:00 UTC,435,154,238795040,3.4825
2014-02-24 00:00:00 UTC,435,156,238795040,2.8780555555555551
2014-02-24 00:00:00 UTC,435,157,238795040,3.5927777777777776
2014-02-24 00:00:00 UTC,435,-86,224068650,1.3026388888888891
2014-02-24 00:00:00 UTC,435,-87,224068650,1.2413888888888889
2014-02-24 00:00:00 UTC,435,140,247071020,1.1502777777777777
2014-02-24 00:00:00 UTC,435,141,247071020,8.0065277777777766
2014-02-24 00:00:00 UTC,435,-89,224926000,0.42180555555555554
2014-02-24 00:00:00 UTC,435,-86,224926000,2.3772222222222221
2014-02-24 00:00:00 UTC,435,-87,224926000,3.0068055555555557
2014-02-24 00:00:00 UTC,435,-88,224926000,3.0343055555555556
2014-02-24 00:00:00 UTC,435,-89,224093750,2.1294444444444447
2014-02-24 00:00:00 UTC,435,-88,224093750,1.2240277777777777
2014-02-24 00:00:00 UTC,435,-87,224093750,1.545277777777778
2014-02-24 00:00:00 UTC,435,-86,224093750,1.0983333333333334
2014-02-24 00:00:00 UTC,435,137,247083320,0.97722222222222221
2014-02-24 00:00:00 UTC,435,136,247083320,2.8513888888888888
2014-02-24 00:00:00 UTC,435,-88,224071740,6.3540277777777776
2014-02-24 00:00:00 UTC,435,-89,224071740,0.64069444444444446
2014-02-24 00:00:00 UTC,435,-86,224071740,1.9686111111111111
2014-02-24 00:00:00 UTC,435,-84,224071740,0.65736111111111117
2014-02-24 00:00:00 UTC,435,-85,224071740,2.7427777777777775
2014-02-24 00:00:00 UTC,435,-87,224071740,3.88
2014-02-24 00:00:00 UTC,435,137,247080770,0.58625
2014-02-24 00:00:00 UTC,435,140,247087940,3.9479166666666674
2014-02-24 00:00:00 UTC,435,155,238211140,1.86625
2014-02-24 00:00:00 UTC,435,157,238211140,3.1736111111111112
2014-02-24 00:00:00 UTC,435,154,238211140,4.6615277777777777
2014-02-24 00:00:00 UTC,435,-88,224047430,3.4769444444444444
2014-02-24 00:00:00 UTC,435,-87,224047430,1.7094444444444445
2014-02-24 00:00:00 UTC,435,-89,224047430,2.6536111111111107
2014-02-24 00:00:00 UTC,435,-90,224047430,0.2286111111111111
2014-02-24 00:00:00 UTC,435,-86,224047430,0.6776388888888889
2014-02-24 00:00:00 UTC,435,-90,224186960,2.6215277777777781
2014-02-24 00:00:00 UTC,435,-89,224186960,0.20291666666666666
2014-02-24 00:00:00 UTC,435,156,238445140,1.6497222222222221
2014-02-24 00:00:00 UTC,435,154,238445140,1.0205555555555557
2014-02-24 00:00:00 UTC,435,158,238445140,0.92055555555555557
2014-02-24 00:00:00 UTC,435,155,238445140,3.0877777777777782
2014-02-24 00:00:00 UTC,435,157,238445140,1.3041666666666667
2014-02-24 00:00:00 UTC,435,-88,224004950,2.7002777777777776
2014-02-24 00:00:00 UTC,435,-91,224004950,0.22069444444444444
2014-02-24 00:00:00 UTC,435,-87,224004950,0.96624999999999994
2014-02-24 00:00:00 UTC,435,-89,224004950,4.7790277777777783
2014-02-24 00:00:00 UTC,435,-90,224004950,2.5926388888888892
2014-02-24 00:00:00 UTC,435,139,247081570,2.4575
2014-02-24 00:00:00 UTC,435,138,247081570,1.5699999999999998
2014-02-24 00:00:00 UTC,435,-86,224067690,1.0409722222222222
2014-02-24 00:00:00 UTC,435,-87,224067690,1.2472222222222222
2014-02-24 00:00:00 UTC,435,137,247081580,3.7444444444444454
2014-02-24 00:00:00 UTC,435,138,247081580,4.4347222222222227
2014-02-24 00:00:00 UTC,435,139,247083630,2.0694444444444446
2014-02-24 00:00:00 UTC,435,141,247083630,0.83375
2014-02-24 00:00:00 UTC,435,157,238791540,1.9938888888888888
2014-02-24 00:00:00 UTC,435,155,238791540,4.8226388888888883
2014-02-24 00:00:00 UTC,435,156,238791540,3.97625
2014-02-24 00:00:00 UTC,435,40,227714430,0.21666666666666667
2014-02-24 00:00:00 UTC,435,-26,224185220,1.4954166666666668
2014-02-24 00:00:00 UTC,435,138,247080840,2.0647222222222226
2014-02-24 00:00:00 UTC,435,137,247080840,0.59208333333333329
2014-02-24 00:00:00 UTC,435,95,247063180,0.56513888888888886
2014-02-24 00:00:00 UTC,435,141,247083410,3.025555555555556
2014-02-24 00:00:00 UTC,435,98,247041430,0.71777777777777774
2014-02-24 00:00:00 UTC,435,140,247081370,1.205138888888889
2014-02-24 00:00:00 UTC,435,139,247083420,0.95027777777777778
2014-02-24 00:00:00 UTC,435,157,238401440,2.0568055555555556
2014-02-24 00:00:00 UTC,435,156,238401440,1.4331944444444447
2014-02-24 00:00:00 UTC,435,154,238401440,1.5440277777777778
2014-02-24 00:00:00 UTC,435,155,238401440,4.0083333333333329
2014-02-24 00:00:00 UTC,435,-1243,367310250,3.1648611111111111
2014-02-24 00:00:00 UTC,435,40,227145900,0.6575
2014-02-24 00:00:00 UTC,435,139,247083440,2.4330555555555557
2014-02-24 00:00:00 UTC,435,139,247081650,2.6804166666666669
2014-02-24 00:00:00 UTC,435,141,247081650,1.5113888888888889
2014-02-24 00:00:00 UTC,435,139,247088050,2.1197222222222223
2014-02-24 00:00:00 UTC,435,141,247088050,0.78875000000000006
2014-02-24 00:00:00 UTC,435,-90,224906170,2.5133333333333332
2014-02-24 00:00:00 UTC,435,-92,224906170,0.85833333333333328
2014-02-24 00:00:00 UTC,435,-91,224906170,2.9473611111111113
2014-02-24 00:00:00 UTC,435,95,247061690,0.4225
2014-02-24 00:00:00 UTC,435,-87,224136380,1.5204166666666667
2014-02-24 00:00:00 UTC,435,-88,224136380,0.20944444444444443
2014-02-24 00:00:00 UTC,435,-91,224105920,0.22041666666666665
2014-02-24 00:00:00 UTC,435,-89,224105920,3.1865277777777776
2014-02-24 00:00:00 UTC,435,-90,224105920,3.1594444444444454
2014-02-24 00:00:00 UTC,435,-90,224906180,2.3406944444444444
2014-02-24 00:00:00 UTC,435,-92,224906180,0.24458333333333332
2014-02-24 00:00:00 UTC,435,-91,224906180,3.1068055555555558
2014-02-24 00:00:00 UTC,435,-73,224101830,1.9340277777777777
2014-02-24 00:00:00 UTC,435,-72,224101830,2.5870833333333332
2014-02-24 00:00:00 UTC,435,-88,224042440,2.1945833333333331
2014-02-24 00:00:00 UTC,435,-90,224042440,2.6586111111111115
2014-02-24 00:00:00 UTC,435,-89,224042440,3.3816666666666668
2014-02-24 00:00:00 UTC,435,-85,224007370,0.25541666666666668
2014-02-24 00:00:00 UTC,435,-86,224007370,1.7683333333333333
2014-02-24 00:00:00 UTC,435,-87,224007370,3.1750000000000003
2014-02-24 00:00:00 UTC,435,-89,224007370,3.6255555555555556
2014-02-24 00:00:00 UTC,435,-88,224007370,5.694166666666665
2014-02-24 00:00:00 UTC,435,139,247081940,0.63583333333333336
2014-02-24 00:00:00 UTC,435,140,247081940,0.42791666666666667
2014-02-24 00:00:00 UTC,435,-602,316005077,2.2940277777777776
2014-02-24 00:00:00 UTC,435,-601,316005077,2.1062499999999997
2014-02-24 00:00:00 UTC,435,-600,316005077,6.6779166666666674
2014-02-24 00:00:00 UTC,435,-31,224005590,1.0711111111111111
2014-02-24 00:00:00 UTC,435,-33,224005590,1.3358333333333332
2014-02-24 00:00:00 UTC,435,-32,224005590,2.0131944444444443
2014-02-24 00:00:00 UTC,435,-90,224136920,1.8922222222222222
2014-02-24 00:00:00 UTC,435,-89,224136920,1.31875
2014-02-24 00:00:00 UTC,435,98,247061720,2.5881944444444445
2014-02-24 00:00:00 UTC,435,97,247061720,1.0534722222222221
2014-02-24 00:00:00 UTC,435,138,247081190,2.3054166666666664
2014-02-24 00:00:00 UTC,435,137,247081190,0.3275
2014-02-24 00:00:00 UTC,435,141,247084520,1.7106944444444445
2014-02-24 00:00:00 UTC,435,-88,224065000,1.0741666666666667
2014-02-24 00:00:00 UTC,435,-86,224065000,0.40666666666666662
2014-02-24 00:00:00 UTC,435,-87,224065000,1.5043055555555556
2014-02-24 00:00:00 UTC,435,138,247086570,0.4498611111111111
2014-02-24 00:00:00 UTC,435,-23,224087530,10.125138888888889
2014-02-24 00:00:00 UTC,435,-34,224020460,1.7045833333333331
2014-02-24 00:00:00 UTC,435,102,247066860,0.24055555555555555
2014-02-24 00:00:00 UTC,435,101,247066860,3.9525000000000006
2014-02-24 00:00:00 UTC,435,-88,224094960,1.9490277777777778
2014-02-24 00:00:00 UTC,435,-87,224094960,1.8226388888888889
2014-02-24 00:00:00 UTC,435,-86,224094960,1.027638888888889
2014-02-24 00:00:00 UTC,435,-90,224041980,1.5154166666666669
2014-02-24 00:00:00 UTC,435,-92,224041980,0.8668055555555555
2014-02-24 00:00:00 UTC,435,-91,224041980,2.8734722222222224
2014-02-24 00:00:00 UTC,691,143,257578600,0.53430555555555559
2014-02-24 00:00:00 UTC,691,144,257578600,1.8740277777777776
2014-02-24 00:00:00 UTC,691,146,257578600,1.5248611111111112
2014-02-24 00:00:00 UTC,691,145,257578600,1.0345833333333334
2014-02-24 00:00:00 UTC,691,144,259478000,1.7137499999999999
2014-02-24 00:00:00 UTC,691,146,259478000,0.21458333333333335
2014-02-24 00:00:00 UTC,691,143,259478000,0.32194444444444442
2014-02-24 00:00:00 UTC,691,145,259478000,4.8047222222222237
2014-02-24 00:00:00 UTC,-77,-1763,440895000,0.90833333333333333
2014-02-24 00:00:00 UTC,-77,-1764,440895000,1.8275000000000001
2014-02-24 00:00:00 UTC,-77,-1146,432468000,1.8291666666666666
2014-02-24 00:00:00 UTC,-77,-1218,431855000,1.825277777777778
2014-02-24 00:00:00 UTC,-77,-1230,440847000,1.8179166666666666
2014-02-24 00:00:00 UTC,-77,-1165,432856000,1.237638888888889
2014-02-24 00:00:00 UTC,-77,-1163,432856000,1.2033333333333334
2014-02-24 00:00:00 UTC,-77,-1164,432856000,2.1291666666666669
2014-02-24 00:00:00 UTC,-77,-1295,431853000,1.7930555555555556
2014-02-24 00:00:00 UTC,-77,-1294,431853000,1.8279166666666666
2014-02-24 00:00:00 UTC,-77,-1166,432343000,1.2388888888888889
2014-02-24 00:00:00 UTC,-77,-1165,432343000,1.5899999999999999
2014-02-24 00:00:00 UTC,-77,-1114,431382000,1.7754166666666666
2014-02-24 00:00:00 UTC,180,-166,224372000,14.705138888888888
2014-02-24 00:00:00 UTC,436,-86,224047360,2.6075
2014-02-24 00:00:00 UTC,436,-85,224047360,2.8599999999999994
2014-02-24 00:00:00 UTC,436,136,247081220,1.1751388888888887
2014-02-24 00:00:00 UTC,436,137,247081220,2.355
2014-02-24 00:00:00 UTC,436,-58,224949000,2.0211111111111109
2014-02-24 00:00:00 UTC,436,138,247083530,0.35013888888888889
2014-02-24 00:00:00 UTC,436,137,247083530,0.27208333333333334
2014-02-24 00:00:00 UTC,436,136,247081230,3.4301388888888891
2014-02-24 00:00:00 UTC,436,137,247081230,3.8005555555555559
2014-02-24 00:00:00 UTC,436,-90,224000020,2.1587499999999995
2014-02-24 00:00:00 UTC,436,-89,224000020,1.3009722222222222
2014-02-24 00:00:00 UTC,436,134,247084310,0.21944444444444444
2014-02-24 00:00:00 UTC,436,-86,224011290,1.4820833333333334
2014-02-24 00:00:00 UTC,436,-87,224011290,1.254861111111111
2014-02-24 00:00:00 UTC,436,-89,224011290,3.0905555555555546
2014-02-24 00:00:00 UTC,436,-88,224011290,2.0568055555555551
2014-02-24 00:00:00 UTC,436,140,247083550,0.47791666666666666
2014-02-24 00:00:00 UTC,436,139,247083550,1.191527777777778
2014-02-24 00:00:00 UTC,436,157,238899240,6.0716666666666645
2014-02-24 00:00:00 UTC,436,158,238899240,6.1873611111111106
2014-02-24 00:00:00 UTC,436,-87,224068650,0.42666666666666669
2014-02-24 00:00:00 UTC,436,-89,224068650,0.62236111111111114
2014-02-24 00:00:00 UTC,436,-88,224068650,1.8333333333333335
2014-02-24 00:00:00 UTC,436,140,247071020,2.894166666666667
2014-02-24 00:00:00 UTC,436,140,247081260,1.7927777777777778
2014-02-24 00:00:00 UTC,436,-86,224926000,0.42222222222222222
2014-02-24 00:00:00 UTC,436,-90,224093750,0.76611111111111119
2014-02-24 00:00:00 UTC,436,-86,224093750,0.6447222222222222
2014-02-24 00:00:00 UTC,436,-89,224093750,1.8743055555555557
2014-02-24 00:00:00 UTC,436,-85,224093750,1.3031944444444443
2014-02-24 00:00:00 UTC,436,-84,224093750,0.21902777777777777
2014-02-24 00:00:00 UTC,436,136,247083320,11.480416666666663
2014-02-24 00:00:00 UTC,436,135,247083320,4.5284722222222227
2014-02-24 00:00:00 UTC,436,-85,224047430,0.65250000000000008
2014-02-24 00:00:00 UTC,436,-86,224047430,3.9600000000000004
2014-02-24 00:00:00 UTC,436,-87,224047430,2.2159722222222222
2014-02-24 00:00:00 UTC,436,-88,224047430,0.99041666666666661
2014-02-24 00:00:00 UTC,436,-89,224186960,2.0925
2014-02-24 00:00:00 UTC,436,-88,224186960,1.8416666666666668
2014-02-24 00:00:00 UTC,436,157,238993240,12.679722222222221
2014-02-24 00:00:00 UTC,436,-89,224067690,1.8558333333333334
2014-02-24 00:00:00 UTC,436,-88,224067690,2.2477777777777779
2014-02-24 00:00:00 UTC,436,-87,224067690,0.21819444444444444
2014-02-24 00:00:00 UTC,436,137,247081580,2.9709722222222221
2014-02-24 00:00:00 UTC,436,136,247081580,1.0390277777777777
2014-02-24 00:00:00 UTC,436,137,247083630,0.5444444444444444
2014-02-24 00:00:00 UTC,436,138,247083630,0.53986111111111112
2014-02-24 00:00:00 UTC,436,156,238114940,8.3720833333333324
2014-02-24 00:00:00 UTC,436,-59,263408000,0.30111111111111111
2014-02-24 00:00:00 UTC,436,137,247080840,9.1734722222222231
2014-02-24 00:00:00 UTC,436,139,247080840,3.0583333333333331
2014-02-24 00:00:00 UTC,436,138,247080840,3.1551388888888896
2014-02-24 00:00:00 UTC,436,136,247080840,0.30569444444444444
2014-02-24 00:00:00 UTC,436,97,247061650,0.67236111111111119
2014-02-24 00:00:00 UTC,436,98,247061650,0.2113888888888889
2014-02-24 00:00:00 UTC,436,98,247041430,3.5884722222222223
2014-02-24 00:00:00 UTC,436,141,247081370,1.5247222222222221
2014-02-24 00:00:00 UTC,436,-1243,367310250,12.579583333333334
2014-02-24 00:00:00 UTC,436,139,247083440,1.3836111111111111
2014-02-24 00:00:00 UTC,436,138,247083440,0.64847222222222223
2014-02-24 00:00:00 UTC,436,98,247061680,2.1363888888888884
2014-02-24 00:00:00 UTC,436,137,247081650,1.2054166666666668
2014-02-24 00:00:00 UTC,436,138,247081650,0.53333333333333333
2014-02-24 00:00:00 UTC,436,138,247088050,0.58847222222222217
2014-02-24 00:00:00 UTC,436,137,247088050,0.36083333333333334
2014-02-24 00:00:00 UTC,436,-90,224906170,1.0620833333333333
2014-02-24 00:00:00 UTC,436,-86,224136380,2.8265277777777782
2014-02-24 00:00:00 UTC,436,-87,224136380,0.76208333333333345
2014-02-24 00:00:00 UTC,436,-85,224136380,1.8879166666666669
2014-02-24 00:00:00 UTC,436,98,247041470,0.21944444444444444
2014-02-24 00:00:00 UTC,436,-90,224906180,1.0765277777777778
2014-02-24 00:00:00 UTC,436,-73,224101830,11.065
2014-02-24 00:00:00 UTC,436,-85,224042440,0.47333333333333333
2014-02-24 00:00:00 UTC,436,-86,224042440,2.0320833333333335
2014-02-24 00:00:00 UTC,436,-88,224042440,0.87180555555555561
2014-02-24 00:00:00 UTC,436,-87,224042440,2.9486111111111111
2014-02-24 00:00:00 UTC,436,-87,224007370,2.6563888888888894
2014-02-24 00:00:00 UTC,436,-88,224007370,0.2675
2014-02-24 00:00:00 UTC,436,-86,224007370,5.01986111111111
2014-02-24 00:00:00 UTC,436,140,247080910,1.1863888888888889
2014-02-24 00:00:00 UTC,436,134,247083470,0.20847222222222223
2014-02-24 00:00:00 UTC,436,135,247083470,3.3415277777777779
2014-02-24 00:00:00 UTC,436,136,247083470,6.0115277777777774
2014-02-24 00:00:00 UTC,436,97,247063250,0.20625
2014-02-24 00:00:00 UTC,436,-33,224005590,1.6373611111111113
2014-02-24 00:00:00 UTC,436,97,247061720,2.3552777777777778
2014-02-24 00:00:00 UTC,436,98,247061720,2.2948611111111106
2014-02-24 00:00:00 UTC,436,157,238744540,6.5218055555555559
2014-02-24 00:00:00 UTC,436,156,238217440,6.3383333333333329
2014-02-24 00:00:00 UTC,436,101,247061730,0.42138888888888892
2014-02-24 00:00:00 UTC,436,136,247081190,3.3595833333333331
2014-02-24 00:00:00 UTC,436,138,247081190,2.0673611111111114
2014-02-24 00:00:00 UTC,436,137,247081190,5.5038888888888895
2014-02-24 00:00:00 UTC,436,135,247081190,1.1551388888888889
2014-02-24 00:00:00 UTC,436,98,247063270,1.3093055555555555
2014-02-24 00:00:00 UTC,436,-19,263457000,9.0379166666666677
2014-02-24 00:00:00 UTC,436,135,247083240,3.7506944444444446
2014-02-24 00:00:00 UTC,436,137,247083240,0.71958333333333346
2014-02-24 00:00:00 UTC,436,136,247083240,2.3141666666666665
2014-02-24 00:00:00 UTC,436,-89,224065000,0.22625
2014-02-24 00:00:00 UTC,436,-87,224065000,1.5823611111111111
2014-02-24 00:00:00 UTC,436,-86,224065000,0.90569444444444436
2014-02-24 00:00:00 UTC,436,-88,224065000,2.2152777777777777
2014-02-24 00:00:00 UTC,436,-61,224100590,4.5065277777777784
2014-02-24 00:00:00 UTC,436,157,238957040,11.377777777777776
2014-02-24 00:00:00 UTC,436,101,247061750,0.21652777777777776
2014-02-24 00:00:00 UTC,436,157,238777340,7.3197222222222207
2014-02-24 00:00:00 UTC,436,-90,224041980,2.2701388888888889
2014-02-24 00:00:00 UTC,436,-89,224041980,1.1188888888888888
2014-02-24 00:00:00 UTC,692,147,257578600,1.4176388888888889
2014-02-24 00:00:00 UTC,692,146,257578600,0.23138888888888887
2014-02-24 00:00:00 UTC,692,148,257578600,1.026388888888889
2014-02-24 00:00:00 UTC,692,-544,331224000,1.702638888888889
2014-02-24 00:00:00 UTC,692,-543,331224000,2.4422222222222221
2014-02-24 00:00:00 UTC,692,-542,331224000,0.50375
2014-02-24 00:00:00 UTC,692,145,259478000,0.20875
2014-02-24 00:00:00 UTC,692,147,259478000,0.79375
2014-02-24 00:00:00 UTC,692,146,259478000,4.9390277777777776
2014-02-24 00:00:00 UTC,-332,179,601794000,2.0690277777777779
2014-02-24 00:00:00 UTC,-76,-1766,440895000,0.66986111111111113
2014-02-24 00:00:00 UTC,-76,-1765,440895000,1.617777777777778
2014-02-24 00:00:00 UTC,-76,-1146,432468000,4.8322222222222226
2014-02-24 00:00:00 UTC,-76,-194,224286000,5.7847222222222223
2014-02-24 00:00:00 UTC,-76,-193,224286000,1.8538888888888889
2014-02-24 00:00:00 UTC,-76,-1205,432890000,3.25
2014-02-24 00:00:00 UTC,-76,-1204,432890000,1.1518055555555555
2014-02-24 00:00:00 UTC,-76,-1230,440847000,2.1776388888888887
2014-02-24 00:00:00 UTC,-76,-1164,432856000,1.4734722222222223
2014-02-24 00:00:00 UTC,-76,-1292,431853000,0.93736111111111109
2014-02-24 00:00:00 UTC,-76,-1291,431853000,0.39333333333333331
2014-02-24 00:00:00 UTC,-76,-1166,432343000,2.2795833333333331
2014-02-24 00:00:00 UTC,181,-166,224372000,8.2831944444444456
2014-02-24 00:00:00 UTC,437,132,247084310,0.85430555555555554
2014-02-24 00:00:00 UTC,437,133,247084310,1.3970833333333332
2014-02-24 00:00:00 UTC,437,134,247084310,1.347361111111111
2014-02-24 00:00:00 UTC,437,-87,224011290,0.20805555555555555
2014-02-24 00:00:00 UTC,437,-88,224011290,4.2202777777777776
2014-02-24 00:00:00 UTC,437,79,247048990,6.7390277777777774
2014-02-24 00:00:00 UTC,437,78,247048990,1.0333333333333334
2014-02-24 00:00:00 UTC,437,80,247048990,0.30347222222222225
2014-02-24 00:00:00 UTC,437,77,247048990,2.6138888888888889
2014-02-24 00:00:00 UTC,437,133,247084320,1.0256944444444445
2014-02-24 00:00:00 UTC,437,132,247084320,0.27749999999999997
2014-02-24 00:00:00 UTC,437,-89,224068650,0.21847222222222223
2014-02-24 00:00:00 UTC,437,-88,224068650,9.6043055555555572
2014-02-24 00:00:00 UTC,437,139,247071020,0.53972222222222221
2014-02-24 00:00:00 UTC,437,140,247071020,4.9101388888888886
2014-02-24 00:00:00 UTC,437,140,247081260,9.5125
2014-02-24 00:00:00 UTC,437,-88,224093750,3.7833333333333337
2014-02-24 00:00:00 UTC,437,136,247083070,0.46055555555555555
2014-02-24 00:00:00 UTC,437,133,247084610,1.5418055555555559
2014-02-24 00:00:00 UTC,437,134,247084610,0.24083333333333334
2014-02-24 00:00:00 UTC,437,137,247081540,0.67777777777777781
2014-02-24 00:00:00 UTC,437,-86,224047430,0.5575
2014-02-24 00:00:00 UTC,437,100,247063630,0.20541666666666669
2014-02-24 00:00:00 UTC,437,97,247132750,1.8601388888888886
2014-02-24 00:00:00 UTC,437,-88,224186960,4.558472222222222
2014-02-24 00:00:00 UTC,437,132,247083860,0.25847222222222221
2014-02-24 00:00:00 UTC,437,133,247083860,0.22499999999999998
2014-02-24 00:00:00 UTC,437,-89,224067690,0.66097222222222218
2014-02-24 00:00:00 UTC,437,-88,224067690,8.7395833333333339
2014-02-24 00:00:00 UTC,437,-86,224113260,0.43152777777777773
2014-02-24 00:00:00 UTC,437,-85,224113260,0.23986111111111108
2014-02-24 00:00:00 UTC,437,-53,224144750,11.205
2014-02-24 00:00:00 UTC,437,153,238294140,9.90513888888889
2014-02-24 00:00:00 UTC,437,134,247083390,0.24736111111111111
2014-02-24 00:00:00 UTC,437,135,247083140,0.22222222222222221
2014-02-24 00:00:00 UTC,437,138,247080840,1.1195833333333334
2014-02-24 00:00:00 UTC,437,97,247061650,1.4887500000000002
2014-02-24 00:00:00 UTC,437,96,247061650,2.1170833333333334
2014-02-24 00:00:00 UTC,437,97,247041430,1.4522222222222223
2014-02-24 00:00:00 UTC,437,98,247041430,2.7469444444444444
2014-02-24 00:00:00 UTC,437,141,247081370,3.7913888888888891
2014-02-24 00:00:00 UTC,437,101,247063450,3.80875
2014-02-24 00:00:00 UTC,437,134,247083170,0.72222222222222221
2014-02-24 00:00:00 UTC,437,78,247048870,6.0000000000000009
2014-02-24 00:00:00 UTC,437,77,247048870,6.2074999999999987
2014-02-24 00:00:00 UTC,437,-1243,367310250,2.2488888888888887
2014-02-24 00:00:00 UTC,437,137,247087020,0.21902777777777777
2014-02-24 00:00:00 UTC,437,136,247087020,0.66958333333333342
2014-02-24 00:00:00 UTC,437,80,247048880,0.43861111111111112
2014-02-24 00:00:00 UTC,437,79,247048880,10.021666666666665
2014-02-24 00:00:00 UTC,437,97,247061680,3.5561111111111114
2014-02-24 00:00:00 UTC,437,98,247061680,0.44486111111111115
2014-02-24 00:00:00 UTC,437,-74,224097970,9.7470833333333324
2014-02-24 00:00:00 UTC,437,-83,224012980,10.100277777777777
2014-02-24 00:00:00 UTC,437,-59,263427000,4.9522222222222227
2014-02-24 00:00:00 UTC,437,-86,224136380,0.21958333333333332
2014-02-24 00:00:00 UTC,437,-84,224136380,4.1968055555555557
2014-02-24 00:00:00 UTC,437,-85,224136380,2.1579166666666669
2014-02-24 00:00:00 UTC,437,100,247041470,1.0638888888888889
2014-02-24 00:00:00 UTC,437,98,247041470,4.70138888888889
2014-02-24 00:00:00 UTC,437,97,247041470,0.63319444444444439
2014-02-24 00:00:00 UTC,437,136,247083460,1.5054166666666666
2014-02-24 00:00:00 UTC,437,137,247083460,1.0031944444444445
2014-02-24 00:00:00 UTC,437,140,247080910,10.547361111111112
2014-02-24 00:00:00 UTC,437,136,247083470,0.42236111111111108
2014-02-24 00:00:00 UTC,437,135,247083470,6.4750000000000005
2014-02-24 00:00:00 UTC,437,134,247083470,0.86708333333333332
2014-02-24 00:00:00 UTC,437,152,238469840,2.6819444444444445
2014-02-24 00:00:00 UTC,437,97,247063250,4.3888888888888884
2014-02-24 00:00:00 UTC,437,98,247063250,0.43069444444444444
2014-02-24 00:00:00 UTC,437,136,247083220,0.72194444444444439
2014-02-24 00:00:00 UTC,437,97,247042520,2.9994444444444448
2014-02-24 00:00:00 UTC,437,97,247061720,1.0631944444444446
2014-02-24 00:00:00 UTC,437,101,247061730,2.6943055555555557
2014-02-24 00:00:00 UTC,437,137,247081190,2.0016666666666665
2014-02-24 00:00:00 UTC,437,136,247081190,3.4875
2014-02-24 00:00:00 UTC,437,138,247081190,0.22472222222222221
2014-02-24 00:00:00 UTC,437,97,247063270,2.1622222222222223
2014-02-24 00:00:00 UTC,437,-20,263457000,8.698888888888888
2014-02-24 00:00:00 UTC,437,134,247083240,0.21722222222222221
2014-02-24 00:00:00 UTC,437,136,247083240,4.3000000000000007
2014-02-24 00:00:00 UTC,437,135,247083240,2.5679166666666662
2014-02-24 00:00:00 UTC,437,137,247083240,0.67513888888888884
2014-02-24 00:00:00 UTC,437,-88,224065000,4.2401388888888887
2014-02-24 00:00:00 UTC,437,101,247061750,5.7515277777777767
2014-02-24 00:00:00 UTC,437,-85,224192250,0.5018055555555555
2014-02-24 00:00:00 UTC,437,155,238777340,7.3768055555555545
2014-02-24 00:00:00 UTC,693,161,257834500,1.8900000000000003
2014-02-24 00:00:00 UTC,693,162,257834500,0.46263888888888893
2014-02-24 00:00:00 UTC,693,151,259208000,0.20694444444444443
2014-02-24 00:00:00 UTC,693,152,259208000,1.1183333333333334
2014-02-24 00:00:00 UTC,693,153,257536700,1.5019444444444443
2014-02-24 00:00:00 UTC,693,152,257536700,0.20277777777777778
2014-02-24 00:00:00 UTC,693,154,257536700,0.82027777777777777
2014-02-24 00:00:00 UTC,693,155,257536700,0.84777777777777774
2014-02-24 00:00:00 UTC,-75,-1766,440895000,0.91375
2014-02-24 00:00:00 UTC,-75,-1767,440895000,0.732361111111111
2014-02-24 00:00:00 UTC,-75,-1146,432468000,1.2369444444444444
2014-02-24 00:00:00 UTC,-75,-192,224286000,2.0186111111111109
2014-02-24 00:00:00 UTC,-75,-1204,432890000,3.5166666666666666
2014-02-24 00:00:00 UTC,-75,-1230,440847000,1.3536111111111111
2014-02-24 00:00:00 UTC,-75,-1228,440847000,1.6872222222222222
2014-02-24 00:00:00 UTC,-75,-1164,432856000,2.4391666666666669
2014-02-24 00:00:00 UTC,-75,1697,431693000,0.97847222222222219
2014-02-24 00:00:00 UTC,-75,-1291,431853000,0.995972222222222
2014-02-24 00:00:00 UTC,-75,-1166,432343000,1.6984722222222222
2014-02-24 00:00:00 UTC,438,136,247081730,0.45805555555555555
2014-02-24 00:00:00 UTC,438,137,247081730,0.53833333333333333
2014-02-24 00:00:00 UTC,438,135,247084290,0.64041666666666663
2014-02-24 00:00:00 UTC,438,135,247081740,0.49430555555555555
2014-02-24 00:00:00 UTC,438,137,247083280,9.354444444444443
2014-02-24 00:00:00 UTC,438,138,247083280,0.72791666666666666
2014-02-24 00:00:00 UTC,438,131,247084310,2.0444444444444447
2014-02-24 00:00:00 UTC,438,133,247084310,0.43041666666666667
2014-02-24 00:00:00 UTC,438,132,247084310,5.7484722222222233
2014-02-24 00:00:00 UTC,438,-87,224011290,4.6015277777777781
2014-02-24 00:00:00 UTC,438,-86,224011290,0.45861111111111108
2014-02-24 00:00:00 UTC,438,-68,224082460,4.9668055555555561
2014-02-24 00:00:00 UTC,438,-69,224082460,2.3526388888888889
2014-02-24 00:00:00 UTC,438,132,247084320,2.0368055555555555
2014-02-24 00:00:00 UTC,438,131,247084320,6.5337499999999995
2014-02-24 00:00:00 UTC,438,-83,224013090,0.87527777777777782
2014-02-24 00:00:00 UTC,438,-88,224068650,1.7512500000000002
2014-02-24 00:00:00 UTC,438,-87,224068650,3.8280555555555567
2014-02-24 00:00:00 UTC,438,133,247083060,1.2994444444444446
2014-02-24 00:00:00 UTC,438,134,247083060,1.3195833333333336
2014-02-24 00:00:00 UTC,438,135,247083060,1.0226388888888889
2014-02-24 00:00:00 UTC,438,-88,224093750,0.50166666666666671
2014-02-24 00:00:00 UTC,438,-87,224093750,4.5558333333333341
2014-02-24 00:00:00 UTC,438,-81,224015930,3.326111111111111
2014-02-24 00:00:00 UTC,438,-82,224015930,6.6893055555555554
2014-02-24 00:00:00 UTC,438,136,247083070,1.8341666666666665
2014-02-24 00:00:00 UTC,438,137,247083840,1.9504166666666669
2014-02-24 00:00:00 UTC,438,138,247083840,0.82458333333333333
2014-02-24 00:00:00 UTC,438,133,247084610,1.253611111111111
2014-02-24 00:00:00 UTC,438,132,247084610,5.456666666666667
2014-02-24 00:00:00 UTC,438,139,247081540,0.71111111111111114
2014-02-24 00:00:00 UTC,438,137,247081540,1.9636111111111112
2014-02-24 00:00:00 UTC,438,138,247081540,2.0005555555555556
2014-02-24 00:00:00 UTC,438,-74,224123720,1.7729166666666667
2014-02-24 00:00:00 UTC,438,-75,224123720,0.67069444444444448
2014-02-24 00:00:00 UTC,438,99,247063630,1.705138888888889
2014-02-24 00:00:00 UTC,438,100,247063630,2.9568055555555555
2014-02-24 00:00:00 UTC,438,96,247132750,1.5083333333333333
2014-02-24 00:00:00 UTC,438,97,247132750,2.565833333333333
2014-02-24 00:00:00 UTC,438,133,247082320,1.3355555555555556
2014-02-24 00:00:00 UTC,438,132,247082320,0.24430555555555555
2014-02-24 00:00:00 UTC,438,134,247082320,1.372638888888889
2014-02-24 00:00:00 UTC,438,-82,224085840,2.4299999999999997
2014-02-24 00:00:00 UTC,438,-81,224085840,6.0966666666666667
2014-02-24 00:00:00 UTC,438,-88,224186960,1.0499999999999998
2014-02-24 00:00:00 UTC,438,-87,224186960,3.7497222222222222
2014-02-24 00:00:00 UTC,438,-81,224018770,11.752361111111112
2014-02-24 00:00:00 UTC,438,-82,224018770,0.28152777777777777
2014-02-24 00:00:00 UTC,438,-80,224018770,0.6134722222222222
2014-02-24 00:00:00 UTC,438,131,247083860,1.5326388888888889
2014-02-24 00:00:00 UTC,438,132,247083860,1.8266666666666667
2014-02-24 00:00:00 UTC,438,-86,224111190,2.0415277777777776
2014-02-24 00:00:00 UTC,438,-85,224111190,1.46625
2014-02-24 00:00:00 UTC,438,-87,224067690,2.5809722222222224
2014-02-24 00:00:00 UTC,438,-88,224067690,3.3970833333333332
2014-02-24 00:00:00 UTC,438,-84,224113260,1.7186111111111113
2014-02-24 00:00:00 UTC,438,-85,224113260,2.4875
2014-02-24 00:00:00 UTC,438,134,247083390,9.9008333333333312
2014-02-24 00:00:00 UTC,438,136,247084670,1.0027777777777778
2014-02-24 00:00:00 UTC,438,135,247084670,1.1641666666666666
2014-02-24 00:00:00 UTC,438,136,247083140,0.28861111111111115
2014-02-24 00:00:00 UTC,438,137,247083920,1.3583333333333334
2014-02-24 00:00:00 UTC,438,96,247061650,2.574583333333333
2014-02-24 00:00:00 UTC,438,100,247061650,6.2640277777777786
2014-02-24 00:00:00 UTC,438,101,247061650,1.9294444444444445
2014-02-24 00:00:00 UTC,438,-85,224134550,0.47208333333333335
2014-02-24 00:00:00 UTC,438,99,247041430,3.3518055555555555
2014-02-24 00:00:00 UTC,438,98,247041430,1.2705555555555557
2014-02-24 00:00:00 UTC,438,97,247041430,2.5631944444444446
2014-02-24 00:00:00 UTC,438,-85,224022170,0.78847222222222224
2014-02-24 00:00:00 UTC,438,101,247063450,2.723333333333334
2014-02-24 00:00:00 UTC,438,100,247063450,5.9470833333333326
2014-02-24 00:00:00 UTC,438,135,247083170,0.56416666666666671
2014-02-24 00:00:00 UTC,438,134,247083170,3.1027777777777779
2014-02-24 00:00:00 UTC,438,133,247083170,0.36097222222222225
2014-02-24 00:00:00 UTC,438,-81,224013220,4.249305555555555
2014-02-24 00:00:00 UTC,438,131,247083940,0.73902777777777784
2014-02-24 00:00:00 UTC,438,137,247087020,4.4645833333333336
2014-02-24 00:00:00 UTC,438,97,247061680,3.6073611111111115
2014-02-24 00:00:00 UTC,438,-83,224012980,1.7313888888888886
2014-02-24 00:00:00 UTC,438,-59,263427000,1.4754166666666666
2014-02-24 00:00:00 UTC,438,-82,224136380,1.7608333333333333
2014-02-24 00:00:00 UTC,438,-83,224136380,3.504722222222223
2014-02-24 00:00:00 UTC,438,-84,224136380,1.06875
2014-02-24 00:00:00 UTC,438,-82,224012990,8.3854166666666661
2014-02-24 00:00:00 UTC,438,-81,224012990,2.015
2014-02-24 00:00:00 UTC,438,98,247041470,0.65027777777777773
2014-02-24 00:00:00 UTC,438,97,247041470,5.1419444444444462
2014-02-24 00:00:00 UTC,438,99,247041470,2.4915277777777773
2014-02-24 00:00:00 UTC,438,135,247083460,5.33
2014-02-24 00:00:00 UTC,438,136,247083460,1.9106944444444443
2014-02-24 00:00:00 UTC,438,137,247081670,1.7143055555555557
2014-02-24 00:00:00 UTC,438,136,247081670,0.22222222222222221
2014-02-24 00:00:00 UTC,438,138,247081670,0.43083333333333335
2014-02-24 00:00:00 UTC,438,-81,224046790,0.22541666666666665
2014-02-24 00:00:00 UTC,438,135,247083470,0.61097222222222225
2014-02-24 00:00:00 UTC,438,134,247083470,2.66625
2014-02-24 00:00:00 UTC,438,-86,224354000,1.6706944444444445
2014-02-24 00:00:00 UTC,438,-85,224354000,1.731111111111111
2014-02-24 00:00:00 UTC,438,100,247063250,1.9400000000000002
2014-02-24 00:00:00 UTC,438,97,247063250,1.7616666666666667
2014-02-24 00:00:00 UTC,438,101,247063250,0.85916666666666663
2014-02-24 00:00:00 UTC,438,96,247063250,2.516111111111111
2014-02-24 00:00:00 UTC,438,136,247083220,0.8519444444444445
2014-02-24 00:00:00 UTC,438,137,247083220,1.1163888888888889
2014-02-24 00:00:00 UTC,438,139,247083480,8.3905555555555562
2014-02-24 00:00:00 UTC,438,136,247083480,0.7275
2014-02-24 00:00:00 UTC,438,97,247042520,2.5570833333333338
2014-02-24 00:00:00 UTC,438,96,247042520,0.74777777777777776
2014-02-24 00:00:00 UTC,438,101,247061720,0.41986111111111113
2014-02-24 00:00:00 UTC,438,100,247061720,2.1102777777777777
2014-02-24 00:00:00 UTC,438,153,238744540,3.9190277777777771
2014-02-24 00:00:00 UTC,438,136,247083230,2.4991666666666665
2014-02-24 00:00:00 UTC,438,137,247083230,0.7025
2014-02-24 00:00:00 UTC,438,101,247061730,1.4649999999999999
2014-02-24 00:00:00 UTC,438,100,247061730,1.0681944444444447
2014-02-24 00:00:00 UTC,438,100,247063270,3.1705555555555551
2014-02-24 00:00:00 UTC,438,97,247063270,2.5704166666666666
2014-02-24 00:00:00 UTC,438,101,247063270,0.20111111111111113
2014-02-24 00:00:00 UTC,438,135,247083240,2.8309722222222224
2014-02-24 00:00:00 UTC,438,136,247083240,1.8523611111111111
2014-02-24 00:00:00 UTC,438,-87,224065000,3.5925
2014-02-24 00:00:00 UTC,438,-86,224065000,0.32944444444444443
2014-02-24 00:00:00 UTC,438,-88,224065000,1.7352777777777779
2014-02-24 00:00:00 UTC,438,136,247081710,1.9469444444444444
2014-02-24 00:00:00 UTC,438,135,247081710,0.56902777777777769
2014-02-24 00:00:00 UTC,438,-81,224055790,0.46861111111111114
2014-02-24 00:00:00 UTC,438,138,247083250,0.27791666666666665
2014-02-24 00:00:00 UTC,438,101,247061750,0.64166666666666661
2014-02-24 00:00:00 UTC,438,100,247061750,4.3045833333333343
2014-02-24 00:00:00 UTC,438,-85,224075000,1.31125
2014-02-24 00:00:00 UTC,438,137,247081720,0.26097222222222222
2014-02-24 00:00:00 UTC,438,136,247081720,0.24986111111111112
2014-02-24 00:00:00 UTC,438,81,247049210,3.6868055555555554
2014-02-24 00:00:00 UTC,438,82,247049210,0.64152777777777781
2014-02-24 00:00:00 UTC,438,80,247049210,1.3591666666666666
2014-02-24 00:00:00 UTC,438,-84,224192250,2.0544444444444445
2014-02-24 00:00:00 UTC,438,-85,224192250,1.8983333333333332
2014-02-24 00:00:00 UTC,694,160,257460500,0.49805555555555553
2014-02-24 00:00:00 UTC,694,159,257801500,1.2025000000000001
2014-02-24 00:00:00 UTC,694,159,257523500,1.1444444444444444
2014-02-24 00:00:00 UTC,694,160,257523500,1.5030555555555556
2014-02-24 00:00:00 UTC,694,161,257523500,0.776388888888889
2014-02-24 00:00:00 UTC,694,189,257229000,2.5418055555555554
2014-02-24 00:00:00 UTC,-74,-1146,432468000,1.0755555555555554
2014-02-24 00:00:00 UTC,-74,-1230,440847000,1.4861111111111109
2014-02-24 00:00:00 UTC,-74,-1164,432856000,1.4561111111111111
2014-02-24 00:00:00 UTC,-74,-1166,432343000,1.4387500000000002
2014-02-24 00:00:00 UTC,439,137,247081730,3.4919444444444445
2014-02-24 00:00:00 UTC,439,135,247084290,0.21666666666666667
2014-02-24 00:00:00 UTC,439,136,247084290,1.6251388888888889
2014-02-24 00:00:00 UTC,439,136,247081740,1.5022222222222221
2014-02-24 00:00:00 UTC,439,135,247081740,0.76444444444444448
2014-02-24 00:00:00 UTC,439,138,247083280,0.96444444444444444
2014-02-24 00:00:00 UTC,439,139,247083280,8.0002777777777769
2014-02-24 00:00:00 UTC,439,131,247084310,3.6022222222222222
2014-02-24 00:00:00 UTC,439,132,247084310,1.9168055555555554
2014-02-24 00:00:00 UTC,439,-86,224011290,1.4276388888888889
2014-02-24 00:00:00 UTC,439,-69,263401760,2.7297222222222217
2014-02-24 00:00:00 UTC,439,131,247084320,2.2686111111111109
2014-02-24 00:00:00 UTC,439,130,247084320,1.0418055555555554
2014-02-24 00:00:00 UTC,439,-83,224013090,1.482361111111111
2014-02-24 00:00:00 UTC,439,-82,224013090,2.800416666666667
2014-02-24 00:00:00 UTC,439,-81,224013090,5.9725
2014-02-24 00:00:00 UTC,439,-87,224068650,0.24902777777777779
2014-02-24 00:00:00 UTC,439,-84,224181290,2.4648611111111114
2014-02-24 00:00:00 UTC,439,-85,224181290,0.24055555555555555
2014-02-24 00:00:00 UTC,439,136,247082030,0.99958333333333327
2014-02-24 00:00:00 UTC,439,137,247082030,3.3365277777777775
2014-02-24 00:00:00 UTC,439,-21,224218930,7.2369444444444442
2014-02-24 00:00:00 UTC,439,133,247083060,0.26666666666666666
2014-02-24 00:00:00 UTC,439,132,247083060,1.5751388888888891
2014-02-24 00:00:00 UTC,439,135,247083060,0.56833333333333336
2014-02-24 00:00:00 UTC,439,134,247083060,1.5594444444444442
2014-02-24 00:00:00 UTC,439,-87,224093750,0.62486111111111109
2014-02-24 00:00:00 UTC,439,-86,224093750,1.0222222222222221
2014-02-24 00:00:00 UTC,439,-71,224092730,0.73430555555555554
2014-02-24 00:00:00 UTC,439,-72,224092730,2.9283333333333332
2014-02-24 00:00:00 UTC,439,137,247083070,1.5747222222222224
2014-02-24 00:00:00 UTC,439,136,247083070,0.7525
2014-02-24 00:00:00 UTC,439,138,247083070,0.86972222222222217
2014-02-24 00:00:00 UTC,439,145,247082560,10.679722222222223
2014-02-24 00:00:00 UTC,439,138,247083840,2.0054166666666666
2014-02-24 00:00:00 UTC,439,139,247083840,0.59722222222222221
2014-02-24 00:00:00 UTC,439,132,247084610,0.57416666666666671
2014-02-24 00:00:00 UTC,439,131,247084610,5.6743055555555557
2014-02-24 00:00:00 UTC,439,130,247084610,1.1943055555555557
2014-02-24 00:00:00 UTC,439,140,247081540,0.81097222222222221
2014-02-24 00:00:00 UTC,439,139,247081540,0.94152777777777774
2014-02-24 00:00:00 UTC,439,-84,224012870,2.1665277777777781
2014-02-24 00:00:00 UTC,439,-85,224012870,0.92569444444444449
2014-02-24 00:00:00 UTC,439,-82,224012870,0.91805555555555551
2014-02-24 00:00:00 UTC,439,-83,224012870,2.6188888888888888
2014-02-24 00:00:00 UTC,439,131,247072840,1.1945833333333333
2014-02-24 00:00:00 UTC,439,130,247072840,0.53319444444444453
2014-02-24 00:00:00 UTC,439,100,247063630,0.41166666666666668
2014-02-24 00:00:00 UTC,439,99,247063630,7.5302777777777781
2014-02-24 00:00:00 UTC,439,96,247132750,2.4859722222222218
2014-02-24 00:00:00 UTC,439,97,247132750,0.44541666666666668
2014-02-24 00:00:00 UTC,439,134,247082320,0.45916666666666661
2014-02-24 00:00:00 UTC,439,131,247082320,0.93305555555555564
2014-02-24 00:00:00 UTC,439,132,247082320,2.0359722222222221
2014-02-24 00:00:00 UTC,439,133,247082320,2.6372222222222224
2014-02-24 00:00:00 UTC,439,-86,224186960,1.4519444444444443
2014-02-24 00:00:00 UTC,439,-87,224186960,1.3731944444444444
2014-02-24 00:00:00 UTC,439,145,247082580,11.340000000000002
2014-02-24 00:00:00 UTC,439,130,247083860,1.0084722222222222
2014-02-24 00:00:00 UTC,439,131,247083860,5.9009722222222214
2014-02-24 00:00:00 UTC,439,132,247083860,1.4483333333333333
2014-02-24 00:00:00 UTC,439,-85,224111190,2.6002777777777779
2014-02-24 00:00:00 UTC,439,-84,224111190,2.2244444444444444
2014-02-24 00:00:00 UTC,439,-82,224113260,0.88527777777777783
2014-02-24 00:00:00 UTC,439,-83,224113260,2.7188888888888894
2014-02-24 00:00:00 UTC,439,-84,224113260,1.4956944444444447
2014-02-24 00:00:00 UTC,439,134,247083390,8.89111111111111
2014-02-24 00:00:00 UTC,439,136,247084670,2.2725
2014-02-24 00:00:00 UTC,439,137,247084670,7.7973611111111127
2014-02-24 00:00:00 UTC,439,93,247044990,0.68763888888888891
2014-02-24 00:00:00 UTC,439,95,247044990,2.0470833333333331
2014-02-24 00:00:00 UTC,439,94,247044990,3.2841666666666667
2014-02-24 00:00:00 UTC,439,136,247083140,1.8691666666666666
2014-02-24 00:00:00 UTC,439,133,247081610,1.4913888888888889
2014-02-24 00:00:00 UTC,439,132,247081610,1.06125
2014-02-24 00:00:00 UTC,439,-85,224004750,1.8073611111111112
2014-02-24 00:00:00 UTC,439,-82,224004750,0.74916666666666676
2014-02-24 00:00:00 UTC,439,-83,224004750,2.7504166666666667
2014-02-24 00:00:00 UTC,439,-84,224004750,1.7773611111111112
2014-02-24 00:00:00 UTC,439,138,247083920,1.0163888888888888
2014-02-24 00:00:00 UTC,439,100,247061650,1.27
2014-02-24 00:00:00 UTC,439,-81,224259220,3.18
2014-02-24 00:00:00 UTC,439,-80,224259220,1.3661111111111111
2014-02-24 00:00:00 UTC,439,-84,224134550,2.98375
2014-02-24 00:00:00 UTC,439,-85,224134550,0.68472222222222223
2014-02-24 00:00:00 UTC,439,-83,224134550,1.6383333333333334
2014-02-24 00:00:00 UTC,439,98,247041430,1.2723611111111111
2014-02-24 00:00:00 UTC,439,-81,224022170,1.19375
2014-02-24 00:00:00 UTC,439,-83,224022170,2.6148611111111109
2014-02-24 00:00:00 UTC,439,-84,224022170,2.3880555555555554
2014-02-24 00:00:00 UTC,439,-85,224022170,1.3141666666666667
2014-02-24 00:00:00 UTC,439,100,247063450,5.2570833333333313
2014-02-24 00:00:00 UTC,439,99,247063450,0.40958333333333335
2014-02-24 00:00:00 UTC,439,-75,224216220,3.6831944444444447
2014-02-24 00:00:00 UTC,439,-76,224216220,4.2477777777777774
2014-02-24 00:00:00 UTC,439,133,247083170,1.1002777777777779
2014-02-24 00:00:00 UTC,439,134,247083170,2.5418055555555559
2014-02-24 00:00:00 UTC,439,-81,224013220,5.4518055555555556
2014-02-24 00:00:00 UTC,439,-83,224013220,1.862222222222222
2014-02-24 00:00:00 UTC,439,-82,224013220,2.9501388888888891
2014-02-24 00:00:00 UTC,439,131,247083940,0.27513888888888888
2014-02-24 00:00:00 UTC,439,130,247083940,0.36375
2014-02-24 00:00:00 UTC,439,138,247087020,3.0469444444444447
2014-02-24 00:00:00 UTC,439,137,247087020,0.73833333333333329
2014-02-24 00:00:00 UTC,439,133,247084470,3.4684722222222226
2014-02-24 00:00:00 UTC,439,132,247084470,1.3945833333333333
2014-02-24 00:00:00 UTC,439,131,247084470,1.9101388888888891
2014-02-24 00:00:00 UTC,439,-76,224025270,6.0243055555555562
2014-02-24 00:00:00 UTC,439,-75,224025270,1.1161111111111111
2014-02-24 00:00:00 UTC,439,-81,224136380,0.99041666666666661
2014-02-24 00:00:00 UTC,439,-82,224136380,1.4230555555555555
2014-02-24 00:00:00 UTC,439,98,247041470,1.6805555555555556
2014-02-24 00:00:00 UTC,439,99,247041470,0.41013888888888889
2014-02-24 00:00:00 UTC,439,137,247081670,0.23041666666666666
2014-02-24 00:00:00 UTC,439,138,247081670,8.2381944444444439
2014-02-24 00:00:00 UTC,439,-81,224046790,5.375
2014-02-24 00:00:00 UTC,439,-81,224028620,2.9747222222222223
2014-02-24 00:00:00 UTC,439,-84,224354000,2.4938888888888888
2014-02-24 00:00:00 UTC,439,-85,224354000,2.2484722222222224
2014-02-24 00:00:00 UTC,439,132,247081170,2.1619444444444444
2014-02-24 00:00:00 UTC,439,133,247081170,3.2908333333333331
2014-02-24 00:00:00 UTC,439,100,247063250,0.84958333333333325
2014-02-24 00:00:00 UTC,439,99,247063250,0.83208333333333329
2014-02-24 00:00:00 UTC,439,137,247083220,1.6143055555555554
2014-02-24 00:00:00 UTC,439,136,247083480,0.28583333333333333
2014-02-24 00:00:00 UTC,439,137,247083480,9.0470833333333331
2014-02-24 00:00:00 UTC,439,97,247042520,0.20472222222222222
2014-02-24 00:00:00 UTC,439,96,247042520,1.6818055555555556
2014-02-24 00:00:00 UTC,439,100,247061720,1.9711111111111113
2014-02-24 00:00:00 UTC,439,137,247083230,9.6252777777777787
2014-02-24 00:00:00 UTC,439,136,247083230,0.71958333333333335
2014-02-24 00:00:00 UTC,439,100,247061730,1.4583333333333333
2014-02-24 00:00:00 UTC,439,99,247061730,1.0690277777777777
2014-02-24 00:00:00 UTC,439,81,247049190,10.779722222222224
2014-02-24 00:00:00 UTC,439,82,247049190,2.0905555555555555
2014-02-24 00:00:00 UTC,439,99,247063270,0.41319444444444442
2014-02-24 00:00:00 UTC,439,100,247063270,0.62972222222222218
2014-02-24 00:00:00 UTC,439,-86,224065000,1.8712499999999999
2014-02-24 00:00:00 UTC,439,-87,224065000,0.23138888888888887
2014-02-24 00:00:00 UTC,439,137,247081710,3.2869444444444444
2014-02-24 00:00:00 UTC,439,136,247081710,1.5656944444444445
2014-02-24 00:00:00 UTC,439,138,247081710,0.82527777777777778
2014-02-24 00:00:00 UTC,439,-85,224181230,0.47666666666666668
2014-02-24 00:00:00 UTC,439,-84,224181230,2.6054166666666667
2014-02-24 00:00:00 UTC,439,-81,224055790,11.716527777777777
2014-02-24 00:00:00 UTC,439,-80,224055790,0.7252777777777778
2014-02-24 00:00:00 UTC,439,137,247083250,0.538888888888889
2014-02-24 00:00:00 UTC,439,139,247083250,3.2101388888888889
2014-02-24 00:00:00 UTC,439,136,247083250,0.25
2014-02-24 00:00:00 UTC,439,100,247061750,2.0938888888888885
2014-02-24 00:00:00 UTC,439,-85,224075000,0.77805555555555561
2014-02-24 00:00:00 UTC,439,-81,224075000,1.9529166666666664
2014-02-24 00:00:00 UTC,439,-84,224075000,2.6445833333333337
2014-02-24 00:00:00 UTC,439,-83,224075000,1.4341666666666666
2014-02-24 00:00:00 UTC,439,137,247081720,5.5140277777777778
2014-02-24 00:00:00 UTC,439,138,247081720,1.4197222222222221
2014-02-24 00:00:00 UTC,439,139,247081720,0.50263888888888886
2014-02-24 00:00:00 UTC,439,136,247081720,0.25569444444444445
2014-02-24 00:00:00 UTC,439,82,247049210,1.0640277777777776
2014-02-24 00:00:00 UTC,439,81,247049210,3.6056944444444445
2014-02-24 00:00:00 UTC,439,-82,224192250,1.5122222222222221
2014-02-24 00:00:00 UTC,439,-83,224192250,2.8368055555555554
2014-02-24 00:00:00 UTC,439,-84,224192250,1.0840277777777778
2014-02-24 00:00:00 UTC,695,176,257154440,5.3518055555555559
2014-02-24 00:00:00 UTC,695,188,257229000,1.0830555555555554
2014-02-24 00:00:00 UTC,695,189,257229000,3.3454166666666665
2014-02-24 00:00:00 UTC,-73,-1768,440895000,1.5140277777777778
2014-02-24 00:00:00 UTC,-73,-1147,432468000,0.84722222222222221
2014-02-24 00:00:00 UTC,-73,-1146,432468000,0.86444444444444446
2014-02-24 00:00:00 UTC,-73,-191,224286000,1.8920833333333329
2014-02-24 00:00:00 UTC,-73,-190,224286000,0.825
2014-02-24 00:00:00 UTC,-73,-1228,440847000,1.15375
2014-02-24 00:00:00 UTC,-73,-1230,440847000,2.2794444444444446
2014-02-24 00:00:00 UTC,-73,-1164,432856000,1.9125
2014-02-24 00:00:00 UTC,-73,-1166,432343000,0.92791666666666672
2014-02-24 00:00:00 UTC,440,137,247081730,2.685
2014-02-24 00:00:00 UTC,440,139,247081730,1.3751388888888889
2014-02-24 00:00:00 UTC,440,136,247084290,2.3583333333333334
2014-02-24 00:00:00 UTC,440,137,247084290,3.1766666666666663
2014-02-24 00:00:00 UTC,440,136,247081740,8.2234722222222221
2014-02-24 00:00:00 UTC,440,137,247081740,6.9577777777777783
2014-02-24 00:00:00 UTC,440,129,247084320,1.5804166666666668
2014-02-24 00:00:00 UTC,440,140,247081510,10.649305555555557
2014-02-24 00:00:00 UTC,440,-82,224181290,1.4340277777777777
2014-02-24 00:00:00 UTC,440,-84,224181290,0.4177777777777778
2014-02-24 00:00:00 UTC,440,-83,224181290,1.9548611111111112
2014-02-24 00:00:00 UTC,440,-81,224181290,2.04375
2014-02-24 00:00:00 UTC,440,138,247082030,1.5388888888888888
2014-02-24 00:00:00 UTC,440,139,247082030,7.214027777777777
2014-02-24 00:00:00 UTC,440,132,247083060,0.46402777777777782
2014-02-24 00:00:00 UTC,440,134,247083060,2.1079166666666667
2014-02-24 00:00:00 UTC,440,133,247083060,2.1669444444444448
2014-02-24 00:00:00 UTC,440,138,247083070,0.28902777777777777
2014-02-24 00:00:00 UTC,440,144,247082560,2.1722222222222225
2014-02-24 00:00:00 UTC,440,139,247083840,1.3116666666666665
2014-02-24 00:00:00 UTC,440,140,247083840,3.6166666666666667
2014-02-24 00:00:00 UTC,440,131,247070530,0.49180555555555561
2014-02-24 00:00:00 UTC,440,132,247070530,9.7719444444444434
2014-02-24 00:00:00 UTC,440,142,247081540,1.1391666666666667
2014-02-24 00:00:00 UTC,440,143,247081540,1.6555555555555554
2014-02-24 00:00:00 UTC,440,140,247081540,2.7518055555555554
2014-02-24 00:00:00 UTC,440,-84,224012870,1.7786111111111111
2014-02-24 00:00:00 UTC,440,-83,224012870,1.7843055555555556
2014-02-24 00:00:00 UTC,440,-81,224012870,2.9876388888888887
2014-02-24 00:00:00 UTC,440,-82,224012870,5.6797222222222219
2014-02-24 00:00:00 UTC,440,131,247072840,0.93888888888888888
2014-02-24 00:00:00 UTC,440,130,247072840,10.329027777777778
2014-02-24 00:00:00 UTC,440,96,247132750,2.6205555555555553
2014-02-24 00:00:00 UTC,440,97,247132750,1.5020833333333334
2014-02-24 00:00:00 UTC,440,133,247082320,5.5888888888888886
2014-02-24 00:00:00 UTC,440,132,247082320,2.6733333333333338
2014-02-24 00:00:00 UTC,440,1366,273358420,11.692222222222222
2014-02-24 00:00:00 UTC,440,145,247082580,1.2293055555555557
2014-02-24 00:00:00 UTC,440,144,247082580,0.91375000000000006
2014-02-24 00:00:00 UTC,440,130,247083860,0.43305555555555553
2014-02-24 00:00:00 UTC,440,-82,224111190,2.1768055555555557
2014-02-24 00:00:00 UTC,440,-83,224111190,2.1430555555555557
2014-02-24 00:00:00 UTC,440,-84,224111190,0.61430555555555555
2014-02-24 00:00:00 UTC,440,-82,224113260,1.6033333333333335
2014-02-24 00:00:00 UTC,440,-82,224032880,3.90875
2014-02-24 00:00:00 UTC,440,138,247084670,7.3995833333333341
2014-02-24 00:00:00 UTC,440,92,247044990,0.6430555555555556
2014-02-24 00:00:00 UTC,440,94,247044990,0.4309722222222222
2014-02-24 00:00:00 UTC,440,93,247044990,2.6077777777777773
2014-02-24 00:00:00 UTC,440,95,247044990,1.7204166666666667
2014-02-24 00:00:00 UTC,440,136,247083140,4.8993055555555554
2014-02-24 00:00:00 UTC,440,135,247081610,0.64166666666666661
2014-02-24 00:00:00 UTC,440,134,247081610,1.088888888888889
2014-02-24 00:00:00 UTC,440,139,247081610,14.994166666666668
2014-02-24 00:00:00 UTC,440,-81,224004750,2.0066666666666668
2014-02-24 00:00:00 UTC,440,-83,224004750,2.701944444444444
2014-02-24 00:00:00 UTC,440,-84,224004750,2.2865277777777777
2014-02-24 00:00:00 UTC,440,-82,224004750,5.2991666666666664
2014-02-24 00:00:00 UTC,440,-80,224259220,3.6084722222222219
2014-02-24 00:00:00 UTC,440,-75,224259220,4.0972222222222223
2014-02-24 00:00:00 UTC,440,-74,224259220,0.70986111111111116
2014-02-24 00:00:00 UTC,440,-83,224134550,0.45916666666666667
2014-02-24 00:00:00 UTC,440,-82,224134550,1.8563888888888889
2014-02-24 00:00:00 UTC,440,142,247081370,0.99986111111111109
2014-02-24 00:00:00 UTC,440,143,247081370,4.185138888888889
2014-02-24 00:00:00 UTC,440,-81,224022170,2.3077777777777779
2014-02-24 00:00:00 UTC,440,134,247083170,1.4029166666666666
2014-02-24 00:00:00 UTC,440,133,247083170,0.41930555555555554
2014-02-24 00:00:00 UTC,440,130,247083940,5.2502777777777778
2014-02-24 00:00:00 UTC,440,129,247083940,5.2170833333333331
2014-02-24 00:00:00 UTC,440,138,247087020,10.467083333333333
2014-02-24 00:00:00 UTC,440,132,247070640,6.353194444444445
2014-02-24 00:00:00 UTC,440,131,247070640,0.12763888888888889
2014-02-24 00:00:00 UTC,440,131,247084470,0.4669444444444445
2014-02-24 00:00:00 UTC,440,132,247084470,11.146805555555556
2014-02-24 00:00:00 UTC,440,133,247084470,5.2327777777777778
2014-02-24 00:00:00 UTC,440,-77,224025270,7.335694444444445
2014-02-24 00:00:00 UTC,440,-82,224083650,9.5415277777777767
2014-02-24 00:00:00 UTC,440,139,247081670,2.08875
2014-02-24 00:00:00 UTC,440,140,247081670,0.25013888888888886
2014-02-24 00:00:00 UTC,440,-83,224354000,2.3480555555555553
2014-02-24 00:00:00 UTC,440,-84,224354000,0.41805555555555551
2014-02-24 00:00:00 UTC,440,-82,224354000,2.0838888888888891
2014-02-24 00:00:00 UTC,440,130,247081170,1.6527777777777779
2014-02-24 00:00:00 UTC,440,132,247081170,1.7887499999999998
2014-02-24 00:00:00 UTC,440,131,247081170,1.2938888888888889
2014-02-24 00:00:00 UTC,440,133,247081170,0.76375
2014-02-24 00:00:00 UTC,440,135,247081170,1.5888888888888888
2014-02-24 00:00:00 UTC,440,134,247081170,1.3834722222222222
2014-02-24 00:00:00 UTC,440,136,247083220,0.955138888888889
2014-02-24 00:00:00 UTC,440,137,247083220,0.59444444444444444
2014-02-24 00:00:00 UTC,440,97,247042520,1.465138888888889
2014-02-24 00:00:00 UTC,440,96,247042520,2.5080555555555559
2014-02-24 00:00:00 UTC,440,137,247083230,6.7719444444444434
2014-02-24 00:00:00 UTC,440,82,247049190,2.4427777777777782
2014-02-24 00:00:00 UTC,440,-83,224019690,5.2176388888888887
2014-02-24 00:00:00 UTC,440,-84,224019690,1.181111111111111
2014-02-24 00:00:00 UTC,440,-81,224019690,0.98611111111111116
2014-02-24 00:00:00 UTC,440,-82,224019690,8.078055555555558
2014-02-24 00:00:00 UTC,440,139,247081710,0.80444444444444441
2014-02-24 00:00:00 UTC,440,138,247081710,3.1086111111111112
2014-02-24 00:00:00 UTC,440,-84,224181230,0.24736111111111109
2014-02-24 00:00:00 UTC,440,142,247083250,3.1222222222222222
2014-02-24 00:00:00 UTC,440,-83,224075000,0.98611111111111116
2014-02-24 00:00:00 UTC,440,-82,224075000,2.1094444444444442
2014-02-24 00:00:00 UTC,440,139,247081720,4.0668055555555558
2014-02-24 00:00:00 UTC,440,82,247049210,1.8924999999999998
2014-02-24 00:00:00 UTC,440,81,247049210,0.25541666666666668
2014-02-24 00:00:00 UTC,440,-82,224192250,1.3368055555555554
2014-02-24 00:00:00 UTC,696,165,257842500,0.22875
2014-02-24 00:00:00 UTC,696,166,257842500,5.097777777777778
2014-02-24 00:00:00 UTC,696,165,257458500,7.8479166666666647
2014-02-24 00:00:00 UTC,696,166,257458500,1.615
2014-02-24 00:00:00 UTC,696,173,257154440,6.754027777777778
2014-02-24 00:00:00 UTC,696,174,257154440,7.3515277777777772
2014-02-24 00:00:00 UTC,696,189,257027000,3.7505555555555552
2014-02-24 00:00:00 UTC,-72,-1769,440895000,10.851527777777779
2014-02-24 00:00:00 UTC,-72,-1147,432468000,1.4245833333333333
2014-02-24 00:00:00 UTC,-72,-190,224286000,2.1055555555555556
2014-02-24 00:00:00 UTC,-72,-1230,440847000,0.91125
2014-02-24 00:00:00 UTC,-72,-1228,440847000,1.1447222222222222
2014-02-24 00:00:00 UTC,-72,-1166,432343000,0.95277777777777783
2014-02-24 00:00:00 UTC,185,-167,224013480,2.7630555555555558
2014-02-24 00:00:00 UTC,441,138,247084290,3.8206944444444444
2014-02-24 00:00:00 UTC,441,-22,224081180,6.2315277777777771
2014-02-24 00:00:00 UTC,441,93,247045150,3.3925
2014-02-24 00:00:00 UTC,441,94,247045150,0.84638888888888886
2014-02-24 00:00:00 UTC,441,147,238146340,5.7169444444444437
2014-02-24 00:00:00 UTC,441,93,247045160,1.5197222222222224
2014-02-24 00:00:00 UTC,441,140,247082030,5.3529166666666663
2014-02-24 00:00:00 UTC,441,134,247083060,4.4913888888888884
2014-02-24 00:00:00 UTC,441,147,238902840,6.293055555555557
2014-02-24 00:00:00 UTC,441,143,247082560,1.8191666666666668
2014-02-24 00:00:00 UTC,441,142,247082560,1.5433333333333334
2014-02-24 00:00:00 UTC,441,144,247082560,0.61013888888888879
2014-02-24 00:00:00 UTC,441,131,247070530,0.55180555555555555
2014-02-24 00:00:00 UTC,441,141,247081540,1.7229166666666667
2014-02-24 00:00:00 UTC,441,142,247081540,3.525
2014-02-24 00:00:00 UTC,441,96,247132750,0.21819444444444444
2014-02-24 00:00:00 UTC,441,144,247082580,0.7175
2014-02-24 00:00:00 UTC,441,143,247082580,1.6062500000000002
2014-02-24 00:00:00 UTC,441,92,247044990,0.65333333333333332
2014-02-24 00:00:00 UTC,441,94,247041670,0.4513888888888889
2014-02-24 00:00:00 UTC,441,93,247041670,1.4365277777777778
2014-02-24 00:00:00 UTC,441,135,247081610,5.719444444444445
2014-02-24 00:00:00 UTC,441,142,247081370,5.1170833333333334
2014-02-24 00:00:00 UTC,441,134,247083170,3.7220833333333339
2014-02-24 00:00:00 UTC,441,132,247070640,3.8134722222222219
2014-02-24 00:00:00 UTC,441,131,247070640,2.0029166666666667
2014-02-24 00:00:00 UTC,441,130,247070640,1.5169444444444444
2014-02-24 00:00:00 UTC,441,129,247070640,4.0294444444444446
2014-02-24 00:00:00 UTC,441,147,238281140,1.8361111111111108
2014-02-24 00:00:00 UTC,441,132,247084470,0.39694444444444443
2014-02-24 00:00:00 UTC,441,140,247081670,5.56125
2014-02-24 00:00:00 UTC,441,136,247081170,1.4788888888888889
2014-02-24 00:00:00 UTC,441,135,247081170,3.1609722222222221
2014-02-24 00:00:00 UTC,441,134,247081170,0.89444444444444438
2014-02-24 00:00:00 UTC,441,138,247083220,0.93861111111111117
2014-02-24 00:00:00 UTC,441,96,247042520,0.21430555555555558
2014-02-24 00:00:00 UTC,441,139,247081710,2.6195833333333334
2014-02-24 00:00:00 UTC,441,138,247081710,1.7802777777777776
2014-02-24 00:00:00 UTC,441,142,247083250,4.2513888888888891
2014-02-24 00:00:00 UTC,441,141,247081720,6.0859722222222228
2014-02-24 00:00:00 UTC,697,166,257842500,3.3762500000000006
2014-02-24 00:00:00 UTC,697,166,257458500,1.1676388888888889
2014-02-24 00:00:00 UTC,697,165,257458500,1.0173611111111112
2014-02-24 00:00:00 UTC,697,167,259995000,0.23486111111111113
2014-02-24 00:00:00 UTC,697,166,259995000,0.21347222222222223
2014-02-24 00:00:00 UTC,697,198,257549800,1.0058333333333334
2014-02-24 00:00:00 UTC,697,197,257549800,2.6968055555555557
2014-02-24 00:00:00 UTC,-327,1524,503690600,1.01875
2014-02-24 00:00:00 UTC,-327,1525,503690600,2.4816666666666665
2014-02-24 00:00:00 UTC,-71,-194,224308000,2.7486111111111109
2014-02-24 00:00:00 UTC,-71,-1147,432468000,1.8876388888888889
2014-02-24 00:00:00 UTC,-71,-188,224286000,2.308472222222222
2014-02-24 00:00:00 UTC,-71,-1231,440847000,2.4404166666666667
2014-02-24 00:00:00 UTC,-71,-1164,432856000,1.7993055555555557
2014-02-24 00:00:00 UTC,-71,-1283,431853000,0.92347222222222225
2014-02-24 00:00:00 UTC,-71,-1286,431853000,1.8151388888888889
2014-02-24 00:00:00 UTC,-71,-1290,431853000,0.8275
2014-02-24 00:00:00 UTC,-71,-1284,431853000,0.91111111111111109
2014-02-24 00:00:00 UTC,-71,-1287,431853000,4.8984722222222228
2014-02-24 00:00:00 UTC,-71,-1166,432343000,3.3430555555555554
2014-02-24 00:00:00 UTC,-71,-1661,416004594,5.3370833333333341
2014-02-24 00:00:00 UTC,-71,-1666,416004594,0.94375
2014-02-24 00:00:00 UTC,-71,-1664,416004594,1.641388888888889
2014-02-24 00:00:00 UTC,-71,-1663,416004594,0.88875
2014-02-24 00:00:00 UTC,-71,-1662,416004594,1.3702777777777779
2014-02-24 00:00:00 UTC,-71,-1665,416004594,0.6068055555555556
2014-02-24 00:00:00 UTC,186,-1045,345861246,1.0270833333333331
2014-02-24 00:00:00 UTC,186,-1046,345861246,0.9276388888888889
2014-02-24 00:00:00 UTC,186,-1044,345860489,9.3527777777777779
2014-02-24 00:00:00 UTC,186,-168,224013480,5.3681944444444438
2014-02-24 00:00:00 UTC,442,140,247081730,2.6845833333333333
2014-02-24 00:00:00 UTC,442,138,247084290,5.3723611111111111
2014-02-24 00:00:00 UTC,442,-84,224181530,3.032083333333333
2014-02-24 00:00:00 UTC,442,-21,224081180,5.9793055555555554
2014-02-24 00:00:00 UTC,442,91,247045150,3.9830555555555556
2014-02-24 00:00:00 UTC,442,93,247045150,2.2390277777777778
2014-02-24 00:00:00 UTC,442,90,247045150,2.6686111111111113
2014-02-24 00:00:00 UTC,442,92,247045150,3.5486111111111107
2014-02-24 00:00:00 UTC,442,90,247045160,1.6470833333333335
2014-02-24 00:00:00 UTC,442,91,247045160,2.1120833333333331
2014-02-24 00:00:00 UTC,442,93,247045160,0.71847222222222218
2014-02-24 00:00:00 UTC,442,92,247045160,2.1144444444444446
2014-02-24 00:00:00 UTC,442,150,238902840,5.7472222222222218
2014-02-24 00:00:00 UTC,442,147,238902840,0.75055555555555564
2014-02-24 00:00:00 UTC,442,85,247042620,0.67013888888888884
2014-02-24 00:00:00 UTC,442,141,247082560,0.25555555555555554
2014-02-24 00:00:00 UTC,442,142,247082560,0.35541666666666666
2014-02-24 00:00:00 UTC,442,91,247044930,2.60625
2014-02-24 00:00:00 UTC,442,139,247082580,0.58847222222222229
2014-02-24 00:00:00 UTC,442,142,247082580,1.8141666666666667
2014-02-24 00:00:00 UTC,442,141,247082580,1.0502777777777779
2014-02-24 00:00:00 UTC,442,140,247082580,1.9288888888888889
2014-02-24 00:00:00 UTC,442,150,238561110,7.5583333333333327
2014-02-24 00:00:00 UTC,442,93,247041670,0.62888888888888894
2014-02-24 00:00:00 UTC,442,91,247041670,3.6448611111111116
2014-02-24 00:00:00 UTC,442,92,247041670,2.0791666666666666
2014-02-24 00:00:00 UTC,442,90,247041670,3.347777777777778
2014-02-24 00:00:00 UTC,442,134,247083170,0.40555555555555556
2014-02-24 00:00:00 UTC,442,149,238778540,6.5881944444444436
2014-02-24 00:00:00 UTC,442,138,247083220,0.11138888888888888
2014-02-24 00:00:00 UTC,442,138,247081710,0.33666666666666667
2014-02-24 00:00:00 UTC,442,139,247081710,2.6584722222222226
2014-02-24 00:00:00 UTC,442,150,238769140,6.3726388888888881
2014-02-24 00:00:00 UTC,442,148,238769140,6.058194444444446
2014-02-24 00:00:00 UTC,698,199,257245220,0.56375
2014-02-24 00:00:00 UTC,698,197,257549800,0.71291666666666664
2014-02-24 00:00:00 UTC,698,198,257549800,1.9144444444444442
2014-02-24 00:00:00 UTC,698,199,257549800,2.5487499999999996
2014-02-24 00:00:00 UTC,-326,1524,503690600,3.568055555555556
2014-02-24 00:00:00 UTC,-326,1525,503690600,0.69027777777777777
2014-02-24 00:00:00 UTC,-70,-190,224308000,0.82347222222222227
2014-02-24 00:00:00 UTC,-70,-191,224308000,2.2590277777777779
2014-02-24 00:00:00 UTC,-70,-189,224308000,1.1058333333333334
2014-02-24 00:00:00 UTC,-70,-185,224308000,2.328611111111111
2014-02-24 00:00:00 UTC,-70,-194,224308000,4.7241666666666671
2014-02-24 00:00:00 UTC,-70,-193,224308000,0.77069444444444435
2014-02-24 00:00:00 UTC,-70,-188,224308000,1.8311111111111111
2014-02-24 00:00:00 UTC,-70,-1147,432468000,3.3291666666666666
2014-02-24 00:00:00 UTC,-70,-1228,440847000,2.5979166666666664
2014-02-24 00:00:00 UTC,-70,1694,431769000,1.7833333333333332
2014-02-24 00:00:00 UTC,-70,-1288,431853000,5.5893055555555557
2014-02-24 00:00:00 UTC,-70,-1290,431853000,0.90416666666666667
2014-02-24 00:00:00 UTC,-70,-1287,431853000,0.47763888888888895
2014-02-24 00:00:00 UTC,-70,-1659,416004594,1.8172222222222221
2014-02-24 00:00:00 UTC,-70,-1667,416004594,0.92236111111111108
2014-02-24 00:00:00 UTC,-70,-1661,416004594,0.97944444444444445
2014-02-24 00:00:00 UTC,187,-168,224370000,9.172638888888887
2014-02-24 00:00:00 UTC,187,-1045,345861246,0.71486111111111106
2014-02-24 00:00:00 UTC,187,-1046,345861246,1.067361111111111
2014-02-24 00:00:00 UTC,187,-168,224013480,6.9280555555555559
2014-02-24 00:00:00 UTC,443,131,247073550,1.355
2014-02-24 00:00:00 UTC,443,132,247073550,0.45902777777777776
2014-02-24 00:00:00 UTC,443,130,247073550,7.6537500000000005
2014-02-24 00:00:00 UTC,443,86,247042620,7.4962499999999981
2014-02-24 00:00:00 UTC,443,85,247042620,2.6629166666666664
2014-02-24 00:00:00 UTC,443,87,247042620,0.86125000000000007
2014-02-24 00:00:00 UTC,443,91,247044930,2.6752777777777781
2014-02-24 00:00:00 UTC,443,90,247044930,3.9765277777777781
2014-02-24 00:00:00 UTC,443,87,247204460,1.1934722222222223
2014-02-24 00:00:00 UTC,443,85,247204460,2.6322222222222225
2014-02-24 00:00:00 UTC,443,86,247204460,5.7006944444444443
2014-02-24 00:00:00 UTC,443,144,238621810,6.3248611111111108
2014-02-24 00:00:00 UTC,443,90,247041670,1.1575000000000002
2014-02-24 00:00:00 UTC,443,149,238778540,6.5651388888888889
2014-02-24 00:00:00 UTC,443,-576,316011711,29.837916666666665
2014-02-24 00:00:00 UTC,443,144,238770640,1.1051388888888889
2014-02-24 00:00:00 UTC,699,168,273312270,0.26305555555555554
2014-02-24 00:00:00 UTC,699,201,257245220,0.21375
2014-02-24 00:00:00 UTC,699,199,257245220,1.7922222222222224
2014-02-24 00:00:00 UTC,699,200,257245220,10.244444444444449
2014-02-24 00:00:00 UTC,699,385,273212000,4.7144444444444442
2014-02-24 00:00:00 UTC,699,384,273294000,1.537638888888889
2014-02-24 00:00:00 UTC,699,381,273294000,1.5915277777777779
2014-02-24 00:00:00 UTC,699,199,257549800,0.46916666666666668
2014-02-24 00:00:00 UTC,-69,-185,224308000,1.788888888888889
2014-02-24 00:00:00 UTC,-69,-187,224286000,2.7265277777777777
2014-02-24 00:00:00 UTC,-69,-1686,440751000,2.1323611111111114
2014-02-24 00:00:00 UTC,-69,-1684,440751000,2.3430555555555554
2014-02-24 00:00:00 UTC,-69,-1685,440751000,1.3369444444444443
2014-02-24 00:00:00 UTC,-69,-1229,440847000,2.6944444444444446
2014-02-24 00:00:00 UTC,-69,-1249,440963000,1.8320833333333333
2014-02-24 00:00:00 UTC,188,-168,224370000,8.5856944444444458
2014-02-24 00:00:00 UTC,188,-1045,345861280,0.86944444444444446
2014-02-24 00:00:00 UTC,444,127,247071070,0.83277777777777773
2014-02-24 00:00:00 UTC,444,144,238621810,6.2751388888888888
2014-02-24 00:00:00 UTC,444,-1250,366804620,5.3069444444444445
2014-02-24 00:00:00 UTC,444,-1249,366804620,7.0630555555555556
2014-02-24 00:00:00 UTC,444,145,238770640,0.28069444444444447
2014-02-24 00:00:00 UTC,444,-14,227436000,7.790277777777777
2014-02-24 00:00:00 UTC,444,127,247073510,0.18055555555555555
2014-02-24 00:00:00 UTC,444,-15,227425000,1.2206944444444443
2014-02-24 00:00:00 UTC,444,127,247070710,1.0352777777777777
2014-02-24 00:00:00 UTC,444,127,247070970,0.98555555555555552
2014-02-24 00:00:00 UTC,444,128,247070970,0.31680555555555556
2014-02-24 00:00:00 UTC,444,129,247070970,0.52777777777777779
2014-02-24 00:00:00 UTC,700,169,273355780,5.28736111111111
2014-02-24 00:00:00 UTC,700,170,273355780,3.9715277777777773
2014-02-24 00:00:00 UTC,700,168,273355780,0.75305555555555559
2014-02-24 00:00:00 UTC,700,171,273355780,0.32388888888888889
2014-02-24 00:00:00 UTC,700,169,273312270,5.01
2014-02-24 00:00:00 UTC,700,170,273312270,5.3949999999999987
2014-02-24 00:00:00 UTC,700,168,273312270,3.0675000000000003
2014-02-24 00:00:00 UTC,700,172,273433400,0.96027777777777779
2014-02-24 00:00:00 UTC,700,382,273298000,1.5526388888888889
2014-02-24 00:00:00 UTC,700,384,273298000,13.381805555555555
2014-02-24 00:00:00 UTC,700,170,251026000,0.58680555555555558
2014-02-24 00:00:00 UTC,700,171,273316960,3.411944444444444
2014-02-24 00:00:00 UTC,700,167,273316960,0.89680555555555563
2014-02-24 00:00:00 UTC,700,169,273316960,6.315833333333333
2014-02-24 00:00:00 UTC,700,170,273316960,1.9580555555555557
2014-02-24 00:00:00 UTC,700,168,273316960,0.51027777777777783
2014-02-24 00:00:00 UTC,700,384,273212000,4.6430555555555557
2014-02-24 00:00:00 UTC,700,381,273212000,2.3834722222222222
2014-02-24 00:00:00 UTC,700,383,273212000,1.5556944444444445
2014-02-24 00:00:00 UTC,700,384,273294000,7.8186111111111112
2014-02-24 00:00:00 UTC,700,168,273527500,1.5329166666666665
2014-02-24 00:00:00 UTC,700,170,273527500,4.6409722222222225
2014-02-24 00:00:00 UTC,700,178,258380500,5.0052777777777777
2014-02-24 00:00:00 UTC,700,179,258380500,10.610555555555559
2014-02-24 00:00:00 UTC,700,180,258380500,0.50097222222222226
2014-02-24 00:00:00 UTC,-324,-104,224084640,0.65541666666666665
2014-02-24 00:00:00 UTC,-68,-1686,440751000,1.7993055555555555
2014-02-24 00:00:00 UTC,-68,-1684,440751000,1.5088888888888889
2014-02-24 00:00:00 UTC,-68,-1250,440963000,0.90527777777777774
2014-02-24 00:00:00 UTC,-68,-1249,440963000,0.9125
2014-02-24 00:00:00 UTC,-68,-1248,440886000,3.6063888888888886
2014-02-24 00:00:00 UTC,189,-1045,345861280,3.7847222222222223
2014-02-24 00:00:00 UTC,189,-1046,345861280,2.7305555555555556
2014-02-24 00:00:00 UTC,445,125,247070230,9.2069444444444439
2014-02-24 00:00:00 UTC,445,130,247051550,0.88069444444444445
2014-02-24 00:00:00 UTC,445,129,247071030,4.5945833333333326
2014-02-24 00:00:00 UTC,445,128,247071030,0.16916666666666666
2014-02-24 00:00:00 UTC,445,130,247050560,0.4804166666666666
2014-02-24 00:00:00 UTC,445,131,247050560,0.76944444444444438
2014-02-24 00:00:00 UTC,445,-573,316003660,7.2608333333333341
2014-02-24 00:00:00 UTC,445,-572,316003660,4.5245833333333332
2014-02-24 00:00:00 UTC,445,127,247071070,3.3058333333333332
2014-02-24 00:00:00 UTC,445,128,247071070,0.55833333333333335
2014-02-24 00:00:00 UTC,445,-14,228124000,1.3544444444444446
2014-02-24 00:00:00 UTC,445,124,247074680,0.41874999999999996
2014-02-24 00:00:00 UTC,445,-1250,366804620,11.492222222222223
2014-02-24 00:00:00 UTC,445,128,247071380,1.7470833333333331
2014-02-24 00:00:00 UTC,445,127,247071380,1.3504166666666666
2014-02-24 00:00:00 UTC,445,130,247054740,0.89013888888888881
2014-02-24 00:00:00 UTC,445,130,247054750,0.63555555555555554
2014-02-24 00:00:00 UTC,445,126,247070880,0.28333333333333333
2014-02-24 00:00:00 UTC,445,128,247070880,0.5805555555555556
2014-02-24 00:00:00 UTC,445,-14,227897000,19.993333333333329
2014-02-24 00:00:00 UTC,445,127,247070660,0.10041666666666667
2014-02-24 00:00:00 UTC,445,125,247100620,0.46152777777777776
2014-02-24 00:00:00 UTC,445,147,238770640,3.694722222222222
2014-02-24 00:00:00 UTC,445,-14,227436000,8.62138888888889
2014-02-24 00:00:00 UTC,445,128,247073510,1.7388888888888889
2014-02-24 00:00:00 UTC,445,-14,227425000,0.21416666666666667
2014-02-24 00:00:00 UTC,445,-15,227425000,5.536944444444444
2014-02-24 00:00:00 UTC,445,128,247070710,0.68347222222222226
2014-02-24 00:00:00 UTC,445,127,247070710,3.0008333333333335
2014-02-24 00:00:00 UTC,445,129,247070970,0.91902777777777778
2014-02-24 00:00:00 UTC,701,170,273355780,0.95333333333333337
2014-02-24 00:00:00 UTC,701,171,273355780,3.1218055555555555
2014-02-24 00:00:00 UTC,701,170,273312270,3.6725
2014-02-24 00:00:00 UTC,701,171,273312270,6.022222222222223
2014-02-24 00:00:00 UTC,701,172,273311280,0.26027777777777777
2014-02-24 00:00:00 UTC,701,171,273311280,1.1404166666666669
2014-02-24 00:00:00 UTC,701,173,273817400,0.20847222222222223
2014-02-24 00:00:00 UTC,701,172,273817400,0.41902777777777778
2014-02-24 00:00:00 UTC,701,171,273817400,2.6163888888888893
2014-02-24 00:00:00 UTC,701,171,273433400,1.2341666666666666
2014-02-24 00:00:00 UTC,701,174,273433400,1.0544444444444445
2014-02-24 00:00:00 UTC,701,172,273433400,0.22208333333333335
2014-02-24 00:00:00 UTC,701,176,273433400,2.8366666666666669
2014-02-24 00:00:00 UTC,701,175,273433400,1.5568055555555553
2014-02-24 00:00:00 UTC,701,384,273298000,4.6333333333333329
2014-02-24 00:00:00 UTC,701,381,273298000,1.5333333333333334
2014-02-24 00:00:00 UTC,701,171,251026000,0.99833333333333329
2014-02-24 00:00:00 UTC,701,171,273316960,4.6706944444444449
2014-02-24 00:00:00 UTC,701,170,273316960,1.7223611111111112
2014-02-24 00:00:00 UTC,701,383,273212000,7.1069444444444443
2014-02-24 00:00:00 UTC,701,382,273212000,1.5319444444444446
2014-02-24 00:00:00 UTC,701,384,273212000,1.5415277777777778
2014-02-24 00:00:00 UTC,701,171,273554600,7.90486111111111
2014-02-24 00:00:00 UTC,701,384,273294000,1.55125
2014-02-24 00:00:00 UTC,701,383,273294000,1.5361111111111112
2014-02-24 00:00:00 UTC,701,393,273435580,2.3526388888888889
2014-02-24 00:00:00 UTC,701,172,273527500,0.23222222222222222
2014-02-24 00:00:00 UTC,701,171,273527500,6.422083333333334
2014-02-24 00:00:00 UTC,701,174,258380500,3.7388888888888889
2014-02-24 00:00:00 UTC,701,178,258380500,1.1998611111111113
2014-02-24 00:00:00 UTC,701,177,258380500,1.3823611111111112
2014-02-24 00:00:00 UTC,-323,-103,224084640,1.4049999999999998
2014-02-24 00:00:00 UTC,-323,-104,224084640,0.98388888888888892
2014-02-24 00:00:00 UTC,-67,1634,440053000,0.046944444444444441
2014-02-24 00:00:00 UTC,-67,-185,224308000,1.81875
2014-02-24 00:00:00 UTC,-67,-1247,440966000,1.6609722222222223
2014-02-24 00:00:00 UTC,-67,-1671,440751000,1.9083333333333334
2014-02-24 00:00:00 UTC,-67,-1684,440751000,1.8194444444444446
2014-02-24 00:00:00 UTC,-67,-1687,440751000,0.91625
2014-02-24 00:00:00 UTC,-67,-1249,440963000,1.6761111111111111
2014-02-24 00:00:00 UTC,-67,-1250,440963000,1.3445833333333332
2014-02-24 00:00:00 UTC,-67,-1247,441014000,1.890138888888889
2014-02-24 00:00:00 UTC,-67,-1248,440886000,0.90986111111111112
2014-02-24 00:00:00 UTC,-67,-1249,440886000,0.90736111111111117
2014-02-24 00:00:00 UTC,190,-1044,345861280,5.6454166666666667
2014-02-24 00:00:00 UTC,190,-169,224013480,0.75777777777777788
2014-02-24 00:00:00 UTC,446,133,247051790,0.67847222222222214
2014-02-24 00:00:00 UTC,446,132,247051790,2.49125
2014-02-24 00:00:00 UTC,446,-16,228131600,4.8523611111111116
2014-02-24 00:00:00 UTC,446,127,247070230,0.26902777777777775
2014-02-24 00:00:00 UTC,446,129,247070230,2.8019444444444446
2014-02-24 00:00:00 UTC,446,130,247051550,1.7665277777777779
2014-02-24 00:00:00 UTC,446,129,247051550,1.0643055555555556
2014-02-24 00:00:00 UTC,446,129,247050790,0.58055555555555549
2014-02-24 00:00:00 UTC,446,128,247071030,0.3913888888888889
2014-02-24 00:00:00 UTC,446,130,247071030,1.2551388888888888
2014-02-24 00:00:00 UTC,446,129,247071030,1.6976388888888891
2014-02-24 00:00:00 UTC,446,132,247071040,0.2063888888888889
2014-02-24 00:00:00 UTC,446,131,247071040,2.8475000000000006
2014-02-24 00:00:00 UTC,446,129,247050560,1.4011111111111112
2014-02-24 00:00:00 UTC,446,131,247050560,1.1002777777777777
2014-02-24 00:00:00 UTC,446,132,247050560,0.27208333333333334
2014-02-24 00:00:00 UTC,446,128,247050830,1.2780555555555555
2014-02-24 00:00:00 UTC,446,129,247050830,1.3690277777777777
2014-02-24 00:00:00 UTC,446,127,247050830,0.22194444444444444
2014-02-24 00:00:00 UTC,446,130,247051860,1.8330555555555554
2014-02-24 00:00:00 UTC,446,129,247051860,1.8859722222222222
2014-02-24 00:00:00 UTC,446,126,247071070,0.51680555555555552
2014-02-24 00:00:00 UTC,446,127,247071070,1.3948611111111111
2014-02-24 00:00:00 UTC,446,128,247071070,1.2859722222222221
2014-02-24 00:00:00 UTC,446,-15,228124000,9.0715277777777779
2014-02-24 00:00:00 UTC,446,-14,228124000,0.72916666666666663
2014-02-24 00:00:00 UTC,446,-15,228390000,0.74541666666666662
2014-02-24 00:00:00 UTC,446,124,247074680,4.692222222222223
2014-02-24 00:00:00 UTC,446,128,247152510,0.9161111111111111
2014-02-24 00:00:00 UTC,446,129,247152510,0.88819444444444451
2014-02-24 00:00:00 UTC,446,131,247051920,3.1231944444444442
2014-02-24 00:00:00 UTC,446,126,247071890,0.95805555555555555
2014-02-24 00:00:00 UTC,446,127,247071890,0.15
2014-02-24 00:00:00 UTC,446,128,247071890,0.68888888888888888
2014-02-24 00:00:00 UTC,446,129,247051410,0.60055555555555562
2014-02-24 00:00:00 UTC,446,128,247051410,0.21652777777777776
2014-02-24 00:00:00 UTC,446,129,247071380,1.6675
2014-02-24 00:00:00 UTC,446,128,247071380,4.7711111111111109
2014-02-24 00:00:00 UTC,446,130,247054740,0.37763888888888886
2014-02-24 00:00:00 UTC,446,129,247054740,1.2997222222222222
2014-02-24 00:00:00 UTC,446,129,247054750,0.86888888888888882
2014-02-24 00:00:00 UTC,446,130,247054750,1.1819444444444445
2014-02-24 00:00:00 UTC,446,126,247070880,1.5666666666666667
2014-02-24 00:00:00 UTC,446,129,247070880,1.1388888888888888
2014-02-24 00:00:00 UTC,446,128,247070880,1.4280555555555556
2014-02-24 00:00:00 UTC,446,131,247052710,6.8123611111111106
2014-02-24 00:00:00 UTC,446,132,247052710,0.21694444444444444
2014-02-24 00:00:00 UTC,446,-14,227897000,0.59291666666666665
2014-02-24 00:00:00 UTC,446,129,247071930,0.48347222222222219
2014-02-24 00:00:00 UTC,446,128,247071930,1.0805555555555557
2014-02-24 00:00:00 UTC,446,130,247050430,2.6980555555555559
2014-02-24 00:00:00 UTC,446,127,247070660,1.7504166666666667
2014-02-24 00:00:00 UTC,446,129,247050440,0.5275
2014-02-24 00:00:00 UTC,446,127,247100620,0.49986111111111109
2014-02-24 00:00:00 UTC,446,129,247100620,1.3258333333333332
2014-02-24 00:00:00 UTC,446,129,247070670,0.64222222222222225
2014-02-24 00:00:00 UTC,446,128,247070670,0.949861111111111
2014-02-24 00:00:00 UTC,446,-14,228110800,0.93611111111111112
2014-02-24 00:00:00 UTC,446,-14,227303130,2.9902777777777776
2014-02-24 00:00:00 UTC,446,-14,227436000,1.9279166666666669
2014-02-24 00:00:00 UTC,446,127,247073510,0.26555555555555554
2014-02-24 00:00:00 UTC,446,128,247073510,1.2277777777777779
2014-02-24 00:00:00 UTC,446,126,247073510,0.73319444444444448
2014-02-24 00:00:00 UTC,446,129,247073510,0.8748611111111112
2014-02-24 00:00:00 UTC,446,-15,227425000,3.4525
2014-02-24 00:00:00 UTC,446,127,247070710,1.59625
2014-02-24 00:00:00 UTC,446,128,247070710,1.6329166666666666
2014-02-24 00:00:00 UTC,446,129,247070710,0.33083333333333331
2014-02-24 00:00:00 UTC,446,130,247070970,0.70624999999999993
2014-02-24 00:00:00 UTC,446,129,247070970,4.9912499999999991
2014-02-24 00:00:00 UTC,702,171,273355780,0.62402777777777774
2014-02-24 00:00:00 UTC,702,172,273355780,0.56430555555555562
2014-02-24 00:00:00 UTC,702,170,273312270,0.23277777777777778
2014-02-24 00:00:00 UTC,702,171,273311280,1.6016666666666666
2014-02-24 00:00:00 UTC,702,173,273311280,0.24541666666666667
2014-02-24 00:00:00 UTC,702,172,273817400,3.4568055555555559
2014-02-24 00:00:00 UTC,702,174,273817400,0.97805555555555557
2014-02-24 00:00:00 UTC,702,171,273817400,2.967222222222222
2014-02-24 00:00:00 UTC,702,173,273817400,0.26805555555555555
2014-02-24 00:00:00 UTC,702,172,273433400,3.2320833333333336
2014-02-24 00:00:00 UTC,702,175,273433400,3.2544444444444443
2014-02-24 00:00:00 UTC,702,174,273433400,3.3056944444444443
2014-02-24 00:00:00 UTC,702,176,273433400,0.88847222222222211
2014-02-24 00:00:00 UTC,702,171,273433400,0.39361111111111113
2014-02-24 00:00:00 UTC,702,173,273433400,4.4151388888888894
2014-02-24 00:00:00 UTC,702,172,273550400,1.2919444444444443
2014-02-24 00:00:00 UTC,702,171,273550400,0.89194444444444443
2014-02-24 00:00:00 UTC,702,384,273298000,1.533611111111111
2014-02-24 00:00:00 UTC,702,172,251079000,1.0870833333333334
2014-02-24 00:00:00 UTC,702,171,251079000,0.28291666666666671
2014-02-24 00:00:00 UTC,702,174,251079000,0.86597222222222225
2014-02-24 00:00:00 UTC,702,170,273316960,0.8586111111111111
2014-02-24 00:00:00 UTC,702,171,273554600,2.0745833333333334
2014-02-24 00:00:00 UTC,702,172,273554600,1.7033333333333334
2014-02-24 00:00:00 UTC,702,384,273294000,1.54875
2014-02-24 00:00:00 UTC,702,399,273435580,1.6180555555555556
2014-02-24 00:00:00 UTC,702,173,273527500,0.669861111111111
2014-02-24 00:00:00 UTC,702,172,273527500,0.93333333333333335
2014-02-24 00:00:00 UTC,702,171,273527500,0.22194444444444444
2014-02-24 00:00:00 UTC,702,172,273341920,4.5927777777777781
2014-02-24 00:00:00 UTC,702,171,273341920,12.639027777777779
2014-02-24 00:00:00 UTC,-322,-103,224084640,1.6902777777777778
2014-02-24 00:00:00 UTC,-322,-104,224084640,0.71777777777777774
2014-02-24 00:00:00 UTC,-66,1589,416004453,1.8
2014-02-24 00:00:00 UTC,-66,1590,416004453,4.4968055555555555
2014-02-24 00:00:00 UTC,-66,1588,416004453,0.99125000000000008
2014-02-24 00:00:00 UTC,-66,1587,416004453,2.2347222222222225
2014-02-24 00:00:00 UTC,-66,-1685,440751000,0.98819444444444449
2014-02-24 00:00:00 UTC,-66,-1682,440751000,1.8694444444444445
2014-02-24 00:00:00 UTC,-66,-1679,440751000,1.4820833333333332
2014-02-24 00:00:00 UTC,-66,-1676,440751000,0.79194444444444434
2014-02-24 00:00:00 UTC,-66,-1677,440751000,0.94569444444444428
2014-02-24 00:00:00 UTC,-66,-1675,440751000,0.92888888888888888
2014-02-24 00:00:00 UTC,-66,-1673,440751000,1.2418055555555556
2014-02-24 00:00:00 UTC,-66,-1686,440751000,0.9127777777777778
2014-02-24 00:00:00 UTC,-66,-1250,440963000,1.3697222222222223
2014-02-24 00:00:00 UTC,-66,-1248,440706000,3.3388888888888886
2014-02-24 00:00:00 UTC,-66,-1248,441014000,1.7816666666666667
2014-02-24 00:00:00 UTC,-66,-1249,440886000,2.1648611111111111
2014-02-24 00:00:00 UTC,191,-169,224013480,1.1148611111111111
2014-02-24 00:00:00 UTC,447,132,247051790,2.605
2014-02-24 00:00:00 UTC,447,133,247051790,2.0645833333333337
2014-02-24 00:00:00 UTC,447,134,247051790,1.2968055555555555
2014-02-24 00:00:00 UTC,447,128,247070230,0.538888888888889
2014-02-24 00:00:00 UTC,447,127,247070230,0.4251388888888889
2014-02-24 00:00:00 UTC,447,128,247051550,1.2911111111111111
2014-02-24 00:00:00 UTC,447,129,247051550,0.33888888888888891
2014-02-24 00:00:00 UTC,447,129,247050790,0.68861111111111106
2014-02-24 00:00:00 UTC,447,128,247050790,3.3526388888888894
2014-02-24 00:00:00 UTC,447,-1244,338155824,1.4418055555555558
2014-02-24 00:00:00 UTC,447,-1243,338155824,0.34583333333333333
2014-02-24 00:00:00 UTC,447,130,247071030,3.2529166666666667
2014-02-24 00:00:00 UTC,447,133,247071040,2.4090277777777782
2014-02-24 00:00:00 UTC,447,132,247071040,5.59125
2014-02-24 00:00:00 UTC,447,134,247071040,0.8668055555555555
2014-02-24 00:00:00 UTC,447,132,247050560,1.1775000000000002
2014-02-24 00:00:00 UTC,447,128,247050560,1.0291666666666668
2014-02-24 00:00:00 UTC,447,127,247053120,1.0029166666666667
2014-02-24 00:00:00 UTC,447,130,247053120,0.8575
2014-02-24 00:00:00 UTC,447,129,247053120,0.22486111111111112
2014-02-24 00:00:00 UTC,447,131,247053120,0.66319444444444442
2014-02-24 00:00:00 UTC,447,128,247053120,1.3088888888888888
2014-02-24 00:00:00 UTC,447,128,247077190,0.39152777777777781
2014-02-24 00:00:00 UTC,447,129,247077190,1.4165277777777778
2014-02-24 00:00:00 UTC,447,130,247077190,1.7859722222222221
2014-02-24 00:00:00 UTC,447,127,247050830,0.43625
2014-02-24 00:00:00 UTC,447,129,247050830,0.64458333333333329
2014-02-24 00:00:00 UTC,447,-16,227922000,16.020277777777778
2014-02-24 00:00:00 UTC,447,130,247051860,0.23180555555555554
2014-02-24 00:00:00 UTC,447,128,247051860,0.65541666666666676
2014-02-24 00:00:00 UTC,447,129,247071070,1.3283333333333334
2014-02-24 00:00:00 UTC,447,127,247071070,1.8359722222222221
2014-02-24 00:00:00 UTC,447,-15,228124000,0.72722222222222221
2014-02-24 00:00:00 UTC,447,129,247053420,0.70833333333333326
2014-02-24 00:00:00 UTC,447,130,247053420,1.3459722222222223
2014-02-24 00:00:00 UTC,447,127,247053420,1.9141666666666666
2014-02-24 00:00:00 UTC,447,128,247053420,1.0501388888888887
2014-02-24 00:00:00 UTC,447,131,247053420,0.7863888888888888
2014-02-24 00:00:00 UTC,447,-16,228390000,3.0301388888888887
2014-02-24 00:00:00 UTC,447,-15,228390000,1.4940277777777777
2014-02-24 00:00:00 UTC,447,127,247152510,0.44472222222222224
2014-02-24 00:00:00 UTC,447,128,247077250,0.59472222222222226
2014-02-24 00:00:00 UTC,447,130,247077250,2.9820833333333332
2014-02-24 00:00:00 UTC,447,129,247077250,1.6952777777777777
2014-02-24 00:00:00 UTC,447,134,247051920,1.7759722222222221
2014-02-24 00:00:00 UTC,447,132,247051920,3.9543055555555555
2014-02-24 00:00:00 UTC,447,133,247051920,4.3694444444444445
2014-02-24 00:00:00 UTC,447,127,247071890,7.454305555555556
2014-02-24 00:00:00 UTC,447,129,247051410,0.45277777777777772
2014-02-24 00:00:00 UTC,447,128,247051410,3.7222222222222223
2014-02-24 00:00:00 UTC,447,129,247071380,0.73916666666666664
2014-02-24 00:00:00 UTC,447,128,247071380,0.74555555555555553
2014-02-24 00:00:00 UTC,447,127,247054740,0.21041666666666667
2014-02-24 00:00:00 UTC,447,129,247054740,0.26583333333333337
2014-02-24 00:00:00 UTC,447,128,247054740,1.5005555555555556
2014-02-24 00:00:00 UTC,447,128,247054750,1.9923611111111112
2014-02-24 00:00:00 UTC,447,127,247054750,0.22486111111111112
2014-02-24 00:00:00 UTC,447,129,247070880,1.6863888888888887
2014-02-24 00:00:00 UTC,447,130,247070880,0.46611111111111114
2014-02-24 00:00:00 UTC,447,126,247070880,0.31888888888888889
2014-02-24 00:00:00 UTC,447,127,247070880,1.5641666666666665
2014-02-24 00:00:00 UTC,447,131,247052710,0.26166666666666666
2014-02-24 00:00:00 UTC,447,132,247052710,5.7118055555555554
2014-02-24 00:00:00 UTC,447,129,247071930,1.4944444444444445
2014-02-24 00:00:00 UTC,447,130,247071930,0.99944444444444458
2014-02-24 00:00:00 UTC,447,132,247050170,0.50291666666666668
2014-02-24 00:00:00 UTC,447,128,247050170,0.31111111111111112
2014-02-24 00:00:00 UTC,447,130,247050430,7.3662500000000009
2014-02-24 00:00:00 UTC,447,128,247070660,1.7383333333333333
2014-02-24 00:00:00 UTC,447,129,247070660,0.97513888888888889
2014-02-24 00:00:00 UTC,447,128,247050440,0.45611111111111113
2014-02-24 00:00:00 UTC,447,127,247050440,7.7730555555555556
2014-02-24 00:00:00 UTC,447,129,247050440,2.4004166666666666
2014-02-24 00:00:00 UTC,447,132,247051720,8.274861111111111
2014-02-24 00:00:00 UTC,447,128,247100620,0.63916666666666666
2014-02-24 00:00:00 UTC,447,127,247070670,0.43430555555555561
2014-02-24 00:00:00 UTC,447,129,247070670,1.6540277777777777
2014-02-24 00:00:00 UTC,447,-14,228110800,1.8693055555555556
2014-02-24 00:00:00 UTC,447,-14,227303130,1.0075
2014-02-24 00:00:00 UTC,447,134,247051740,0.96583333333333332
2014-02-24 00:00:00 UTC,447,133,247051740,0.53152777777777782
2014-02-24 00:00:00 UTC,447,129,247073510,2.0334722222222221
2014-02-24 00:00:00 UTC,447,130,247073510,0.31097222222222221
2014-02-24 00:00:00 UTC,447,127,247073510,3.4681944444444444
2014-02-24 00:00:00 UTC,447,-15,227425000,2.1847222222222218
2014-02-24 00:00:00 UTC,447,134,247092970,0.48333333333333334
2014-02-24 00:00:00 UTC,447,133,247092970,2.4954166666666668
2014-02-24 00:00:00 UTC,447,129,247070710,1.8479166666666669
2014-02-24 00:00:00 UTC,447,127,247070710,2.41125
2014-02-24 00:00:00 UTC,447,130,247070970,0.76847222222222222
2014-02-24 00:00:00 UTC,447,129,247070970,0.25625000000000003
2014-02-24 00:00:00 UTC,703,172,273355780,0.49013888888888885
2014-02-24 00:00:00 UTC,703,173,273355780,0.23013888888888889
2014-02-24 00:00:00 UTC,703,398,273240600,1.5518055555555557
2014-02-24 00:00:00 UTC,703,175,273311280,0.39
2014-02-24 00:00:00 UTC,703,172,273311280,3.0945833333333335
2014-02-24 00:00:00 UTC,703,172,273817400,1.2306944444444445
2014-02-24 00:00:00 UTC,703,176,273817400,0.96194444444444449
2014-02-24 00:00:00 UTC,703,173,251026000,1.5019444444444443
2014-02-24 00:00:00 UTC,703,175,251026000,0.96027777777777779
2014-02-24 00:00:00 UTC,703,172,273213010,1.3891666666666667
2014-02-24 00:00:00 UTC,703,172,251079000,0.80666666666666664
2014-02-24 00:00:00 UTC,703,174,251079000,1.5018055555555554
2014-02-24 00:00:00 UTC,703,170,273316960,0.91
2014-02-24 00:00:00 UTC,703,175,251174000,1.6368055555555554
2014-02-24 00:00:00 UTC,703,173,273554600,0.24972222222222223
2014-02-24 00:00:00 UTC,703,172,273554600,7.3601388888888888
2014-02-24 00:00:00 UTC,703,171,273554600,0.5888888888888888
2014-02-24 00:00:00 UTC,703,173,273527500,0.67138888888888881
2014-02-24 00:00:00 UTC,703,172,273430750,1.4873611111111109
2014-02-24 00:00:00 UTC,703,171,273341920,0.99291666666666667
2014-02-24 00:00:00 UTC,703,172,273341920,4.4097222222222214
2014-02-24 00:00:00 UTC,-321,687,224122000,5.4919444444444441
2014-02-24 00:00:00 UTC,-321,688,224122000,5.4997222222222222
2014-02-24 00:00:00 UTC,-321,-104,224084640,0.90569444444444436
2014-02-24 00:00:00 UTC,-321,792,224130000,1.9184722222222224
2014-02-24 00:00:00 UTC,-65,-185,224308000,1.3951388888888889
2014-02-24 00:00:00 UTC,-65,-187,224286000,2.7319444444444443
2014-02-24 00:00:00 UTC,-65,-1247,440966000,1.8916666666666666
2014-02-24 00:00:00 UTC,-65,-1229,432475000,0.90833333333333333
2014-02-24 00:00:00 UTC,-65,-1251,441038000,2.8098611111111111
2014-02-24 00:00:00 UTC,-65,-1250,440963000,1.4013888888888888
2014-02-24 00:00:00 UTC,-65,-1248,440706000,1.8831944444444444
2014-02-24 00:00:00 UTC,-65,-1289,431329000,1.765138888888889
2014-02-24 00:00:00 UTC,-65,-1248,441014000,1.8129166666666667
2014-02-24 00:00:00 UTC,-65,-1249,440886000,1.3444444444444446
2014-02-24 00:00:00 UTC,-65,-1248,440886000,1.6241666666666665
2014-02-24 00:00:00 UTC,448,129,247052550,2.5184722222222224
2014-02-24 00:00:00 UTC,448,127,247052550,1.375
2014-02-24 00:00:00 UTC,448,130,247052550,1.9869444444444446
2014-02-24 00:00:00 UTC,448,128,247052550,0.73291666666666666
2014-02-24 00:00:00 UTC,448,131,247052550,1.0341666666666667
2014-02-24 00:00:00 UTC,448,133,247051790,1.3818055555555555
2014-02-24 00:00:00 UTC,448,134,247051790,2.2286111111111113
2014-02-24 00:00:00 UTC,448,132,247052570,1.2002777777777778
2014-02-24 00:00:00 UTC,448,131,247052570,0.91652777777777783
2014-02-24 00:00:00 UTC,448,128,247051550,0.7945833333333332
2014-02-24 00:00:00 UTC,448,-562,251267110,8.6272222222222226
2014-02-24 00:00:00 UTC,448,-561,251267110,5.7109722222222228
2014-02-24 00:00:00 UTC,448,128,247050790,0.20569444444444446
2014-02-24 00:00:00 UTC,448,127,247050790,0.94458333333333344
2014-02-24 00:00:00 UTC,448,127,247051560,1.017638888888889
2014-02-24 00:00:00 UTC,448,131,247051560,1.1031944444444444
2014-02-24 00:00:00 UTC,448,129,247051560,2.0309722222222222
2014-02-24 00:00:00 UTC,448,130,247051560,1.9606944444444443
2014-02-24 00:00:00 UTC,448,130,247120170,0.28472222222222221
2014-02-24 00:00:00 UTC,448,133,247120430,5.22388888888889
2014-02-24 00:00:00 UTC,448,-1244,338155824,0.88347222222222221
2014-02-24 00:00:00 UTC,448,-1242,338155824,0.6825
2014-02-24 00:00:00 UTC,448,-1243,338155824,1.0577777777777777
2014-02-24 00:00:00 UTC,448,132,247053620,1.6025
2014-02-24 00:00:00 UTC,448,130,247053620,0.99458333333333337
2014-02-24 00:00:00 UTC,448,131,247053620,3.0116666666666667
2014-02-24 00:00:00 UTC,448,130,247071030,0.51916666666666667
2014-02-24 00:00:00 UTC,448,-16,228211000,10.141805555555557
2014-02-24 00:00:00 UTC,448,131,247054650,0.27236111111111111
2014-02-24 00:00:00 UTC,448,132,247054650,2.0576388888888886
2014-02-24 00:00:00 UTC,448,133,247071040,2.9901388888888887
2014-02-24 00:00:00 UTC,448,128,247050560,0.31375
2014-02-24 00:00:00 UTC,448,132,247050560,0.27541666666666664
2014-02-24 00:00:00 UTC,448,127,247053120,0.43374999999999997
2014-02-24 00:00:00 UTC,448,130,247053120,1.4709722222222221
2014-02-24 00:00:00 UTC,448,129,247077190,1.1106944444444444
2014-02-24 00:00:00 UTC,448,129,247050830,1.3655555555555556
2014-02-24 00:00:00 UTC,448,126,247050830,0.43305555555555553
2014-02-24 00:00:00 UTC,448,128,247051860,0.35791666666666666
2014-02-24 00:00:00 UTC,448,125,247053910,4.2258333333333331
2014-02-24 00:00:00 UTC,448,129,247071070,1.4602777777777776
2014-02-24 00:00:00 UTC,448,127,247071070,0.888611111111111
2014-02-24 00:00:00 UTC,448,128,247071070,1.6331944444444444
2014-02-24 00:00:00 UTC,448,130,247071070,0.71194444444444438
2014-02-24 00:00:00 UTC,448,130,247053420,1.6451388888888889
2014-02-24 00:00:00 UTC,448,131,247050620,1.2473611111111111
2014-02-24 00:00:00 UTC,448,129,247152510,0.66722222222222216
2014-02-24 00:00:00 UTC,448,126,247152510,0.43027777777777776
2014-02-24 00:00:00 UTC,448,129,247077250,0.88888888888888884
2014-02-24 00:00:00 UTC,448,129,247052930,3.6975
2014-02-24 00:00:00 UTC,448,-15,228101000,3.8488888888888892
2014-02-24 00:00:00 UTC,448,133,247051920,2.4781944444444441
2014-02-24 00:00:00 UTC,448,127,247051410,0.2175
2014-02-24 00:00:00 UTC,448,129,247051410,0.33861111111111108
2014-02-24 00:00:00 UTC,448,128,247051410,0.21097222222222223
2014-02-24 00:00:00 UTC,448,128,247071380,3.5673611111111114
2014-02-24 00:00:00 UTC,448,128,247054740,1.109861111111111
2014-02-24 00:00:00 UTC,448,128,247054750,0.63694444444444442
2014-02-24 00:00:00 UTC,448,130,247054750,0.22069444444444444
2014-02-24 00:00:00 UTC,448,127,247054750,0.2376388888888889
2014-02-24 00:00:00 UTC,448,127,247070880,1.0808333333333333
2014-02-24 00:00:00 UTC,448,130,247070880,1.9391666666666665
2014-02-24 00:00:00 UTC,448,132,247052710,1.9108333333333332
2014-02-24 00:00:00 UTC,448,128,247071930,1.2131944444444445
2014-02-24 00:00:00 UTC,448,129,247071930,1.5554166666666669
2014-02-24 00:00:00 UTC,448,127,247071930,2.1331944444444444
2014-02-24 00:00:00 UTC,448,130,247071930,1.6697222222222223
2014-02-24 00:00:00 UTC,448,130,247050430,2.3427777777777781
2014-02-24 00:00:00 UTC,448,128,247070660,0.23819444444444443
2014-02-24 00:00:00 UTC,448,129,247070660,1.945
2014-02-24 00:00:00 UTC,448,129,247050440,1.4723611111111112
2014-02-24 00:00:00 UTC,448,131,247051720,0.26125
2014-02-24 00:00:00 UTC,448,132,247051720,2.4611111111111112
2014-02-24 00:00:00 UTC,448,130,247070670,0.88375
2014-02-24 00:00:00 UTC,448,128,247070670,4.1798611111111112
2014-02-24 00:00:00 UTC,448,127,247070670,0.61097222222222225
2014-02-24 00:00:00 UTC,448,129,247070670,3.3595833333333331
2014-02-24 00:00:00 UTC,448,133,247051740,10.402777777777777
2014-02-24 00:00:00 UTC,448,134,247051740,0.71902777777777771
2014-02-24 00:00:00 UTC,448,130,247073510,2.9252777777777781
2014-02-24 00:00:00 UTC,448,127,247073510,3.333194444444445
2014-02-24 00:00:00 UTC,448,128,247073510,1.3552777777777778
2014-02-24 00:00:00 UTC,448,129,247073510,1.7777777777777777
2014-02-24 00:00:00 UTC,448,133,247092970,8.0741666666666667
2014-02-24 00:00:00 UTC,448,134,247092970,1.3480555555555556
2014-02-24 00:00:00 UTC,448,125,247050230,7.2666666666666666
2014-02-24 00:00:00 UTC,448,128,247070710,2.1468055555555554
2014-02-24 00:00:00 UTC,448,130,247070710,0.23236111111111113
2014-02-24 00:00:00 UTC,448,129,247070710,1.5575
2014-02-24 00:00:00 UTC,448,134,247051770,0.74930555555555556
2014-02-24 00:00:00 UTC,448,133,247051770,1.2368055555555555
2014-02-24 00:00:00 UTC,704,176,273351680,1.1109722222222222
2014-02-24 00:00:00 UTC,704,174,273351680,0.67013888888888884
2014-02-24 00:00:00 UTC,704,175,273351680,1.3973611111111111
2014-02-24 00:00:00 UTC,704,178,273351680,0.94666666666666666
2014-02-24 00:00:00 UTC,704,183,273351680,0.26777777777777778
2014-02-24 00:00:00 UTC,704,173,273351680,0.68347222222222226
2014-02-24 00:00:00 UTC,704,177,273351680,1.4019444444444444
2014-02-24 00:00:00 UTC,704,179,273351680,1.1270833333333332
2014-02-24 00:00:00 UTC,704,176,331072000,3.54
2014-02-24 00:00:00 UTC,704,172,331072000,0.70736111111111111
2014-02-24 00:00:00 UTC,704,173,331072000,0.91361111111111115
2014-02-24 00:00:00 UTC,704,177,331072000,1.7590277777777779
2014-02-24 00:00:00 UTC,704,174,331072000,3.1230555555555557
2014-02-24 00:00:00 UTC,704,175,331072000,2.0604166666666668
2014-02-24 00:00:00 UTC,704,179,273355780,0.33236111111111111
2014-02-24 00:00:00 UTC,704,174,273355780,0.93555555555555547
2014-02-24 00:00:00 UTC,704,176,273355780,0.49305555555555552
2014-02-24 00:00:00 UTC,704,175,273355780,0.65847222222222224
2014-02-24 00:00:00 UTC,704,178,273355780,0.44277777777777783
2014-02-24 00:00:00 UTC,704,177,273355780,0.66041666666666665
2014-02-24 00:00:00 UTC,704,173,273355780,0.43861111111111106
2014-02-24 00:00:00 UTC,704,185,273241100,0.21791666666666665
2014-02-24 00:00:00 UTC,704,174,273241100,2.2233333333333332
2014-02-24 00:00:00 UTC,704,179,273241100,0.39222222222222225
2014-02-24 00:00:00 UTC,704,184,273241100,1.6713888888888886
2014-02-24 00:00:00 UTC,704,178,273241100,0.42958333333333332
2014-02-24 00:00:00 UTC,704,177,273241100,0.80972222222222223
2014-02-24 00:00:00 UTC,704,180,273241100,1.346111111111111
2014-02-24 00:00:00 UTC,704,183,273241100,1.0691666666666668
2014-02-24 00:00:00 UTC,704,182,273241100,1.9970833333333333
2014-02-24 00:00:00 UTC,704,193,259562000,2.986388888888889
2014-02-24 00:00:00 UTC,704,190,259562000,3.7916666666666665
2014-02-24 00:00:00 UTC,704,192,259562000,6.8937500000000007
2014-02-24 00:00:00 UTC,704,194,259562000,1.0606944444444446
2014-02-24 00:00:00 UTC,704,191,259562000,2.0681944444444444
2014-02-24 00:00:00 UTC,704,401,273240600,1.575
2014-02-24 00:00:00 UTC,704,400,273240600,3.1694444444444443
2014-02-24 00:00:00 UTC,704,399,273240600,1.5476388888888888
2014-02-24 00:00:00 UTC,704,398,273240600,1.5513888888888889
2014-02-24 00:00:00 UTC,704,221,258217000,0.27888888888888891
2014-02-24 00:00:00 UTC,704,220,258217000,0.22055555555555556
2014-02-24 00:00:00 UTC,704,172,273311280,1.9456944444444444
2014-02-24 00:00:00 UTC,704,173,273311280,1.3076388888888888
2014-02-24 00:00:00 UTC,704,176,273311280,3.2622222222222224
2014-02-24 00:00:00 UTC,704,174,273311280,1.6172222222222221
2014-02-24 00:00:00 UTC,704,175,273311280,0.81833333333333336
2014-02-24 00:00:00 UTC,704,180,273817400,0.4588888888888889
2014-02-24 00:00:00 UTC,704,175,273817400,0.43708333333333332
2014-02-24 00:00:00 UTC,704,178,273817400,1.3383333333333334
2014-02-24 00:00:00 UTC,704,171,273817400,1.6116666666666666
2014-02-24 00:00:00 UTC,704,177,273817400,0.43402777777777779
2014-02-24 00:00:00 UTC,704,174,273817400,0.49694444444444452
2014-02-24 00:00:00 UTC,704,173,273817400,0.43666666666666665
2014-02-24 00:00:00 UTC,704,179,273817400,1.5201388888888889
2014-02-24 00:00:00 UTC,704,172,273817400,1.7922222222222222
2014-02-24 00:00:00 UTC,704,176,273817400,0.45736111111111111
2014-02-24 00:00:00 UTC,704,184,273296700,2.2847222222222223
2014-02-24 00:00:00 UTC,704,182,273296700,0.32138888888888889
2014-02-24 00:00:00 UTC,704,183,273296700,1.1216666666666666
2014-02-24 00:00:00 UTC,704,179,273550400,0.85152777777777777
2014-02-24 00:00:00 UTC,704,180,273550400,0.48791666666666667
2014-02-24 00:00:00 UTC,704,183,273550400,0.32777777777777778
2014-02-24 00:00:00 UTC,704,178,273550400,0.5708333333333333
2014-02-24 00:00:00 UTC,704,174,273550400,0.58722222222222231
2014-02-24 00:00:00 UTC,704,182,273550400,0.8455555555555555
2014-02-24 00:00:00 UTC,704,184,273550400,0.24916666666666665
2014-02-24 00:00:00 UTC,704,172,273550400,5.261388888888888
2014-02-24 00:00:00 UTC,704,173,273550400,1.4430555555555555
2014-02-24 00:00:00 UTC,704,177,273550400,0.74055555555555563
2014-02-24 00:00:00 UTC,704,176,331208000,2.310138888888889
2014-02-24 00:00:00 UTC,704,172,331208000,0.44569444444444439
2014-02-24 00:00:00 UTC,704,177,331208000,0.42680555555555555
2014-02-24 00:00:00 UTC,704,174,331208000,2.2554166666666666
2014-02-24 00:00:00 UTC,704,173,331208000,3.8869444444444445
2014-02-24 00:00:00 UTC,704,175,331208000,3.7126388888888884
2014-02-24 00:00:00 UTC,704,172,251026000,0.49486111111111108
2014-02-24 00:00:00 UTC,704,178,251026000,0.44375
2014-02-24 00:00:00 UTC,704,176,251026000,0.84472222222222226
2014-02-24 00:00:00 UTC,704,177,251026000,2.4177777777777778
2014-02-24 00:00:00 UTC,704,175,251026000,1.2105555555555556
2014-02-24 00:00:00 UTC,704,179,251026000,1.2268055555555555
2014-02-24 00:00:00 UTC,704,173,251026000,2.0799999999999996
2014-02-24 00:00:00 UTC,704,174,251026000,1.4994444444444444
2014-02-24 00:00:00 UTC,704,173,273213010,0.93652777777777785
2014-02-24 00:00:00 UTC,704,178,273213010,0.72791666666666677
2014-02-24 00:00:00 UTC,704,171,273213010,0.59236111111111112
2014-02-24 00:00:00 UTC,704,176,273213010,1.2356944444444444
2014-02-24 00:00:00 UTC,704,175,273213010,1.8919444444444444
2014-02-24 00:00:00 UTC,704,174,273213010,2.1631944444444442
2014-02-24 00:00:00 UTC,704,177,273213010,1.4740277777777779
2014-02-24 00:00:00 UTC,704,177,251079000,0.7270833333333333
2014-02-24 00:00:00 UTC,704,173,251079000,0.72680555555555548
2014-02-24 00:00:00 UTC,704,178,251079000,0.54388888888888887
2014-02-24 00:00:00 UTC,704,175,251079000,1.0381944444444444
2014-02-24 00:00:00 UTC,704,172,251079000,0.45291666666666669
2014-02-24 00:00:00 UTC,704,179,251079000,0.19
2014-02-24 00:00:00 UTC,704,176,251079000,1.4163888888888889
2014-02-24 00:00:00 UTC,704,183,273298800,2.006388888888889
2014-02-24 00:00:00 UTC,704,184,273298800,1.3470833333333336
2014-02-24 00:00:00 UTC,704,176,251174000,1.2268055555555555
2014-02-24 00:00:00 UTC,704,175,273523100,2.6319444444444446
2014-02-24 00:00:00 UTC,704,173,273523100,0.6973611111111111
2014-02-24 00:00:00 UTC,704,172,273523100,1.4601388888888889
2014-02-24 00:00:00 UTC,704,174,273523100,4.3179166666666671
2014-02-24 00:00:00 UTC,704,171,273554600,2.4363888888888892
2014-02-24 00:00:00 UTC,704,178,273527500,1.013611111111111
2014-02-24 00:00:00 UTC,704,177,273527500,0.96458333333333324
2014-02-24 00:00:00 UTC,704,176,273527500,1.1259722222222224
2014-02-24 00:00:00 UTC,704,179,273527500,0.66402777777777766
2014-02-24 00:00:00 UTC,704,175,273527500,1.828888888888889
2014-02-24 00:00:00 UTC,704,174,273527500,0.69375
2014-02-24 00:00:00 UTC,704,172,273527500,1.2627777777777778
2014-02-24 00:00:00 UTC,704,178,273430750,0.97236111111111112
2014-02-24 00:00:00 UTC,704,176,273430750,2.2416666666666667
2014-02-24 00:00:00 UTC,704,177,273430750,0.50375
2014-02-24 00:00:00 UTC,704,173,273430750,2.7755555555555551
2014-02-24 00:00:00 UTC,704,175,273430750,0.8026388888888889
2014-02-24 00:00:00 UTC,704,174,273430750,3.4620833333333332
2014-02-24 00:00:00 UTC,704,171,273430750,0.24638888888888888
2014-02-24 00:00:00 UTC,704,172,273341920,0.41430555555555554
2014-02-24 00:00:00 UTC,704,171,273341920,0.91027777777777774
2014-02-24 00:00:00 UTC,704,172,273217010,0.41583333333333333
2014-02-24 00:00:00 UTC,704,175,273217010,0.71819444444444447
2014-02-24 00:00:00 UTC,704,174,273217010,0.52374999999999994
2014-02-24 00:00:00 UTC,704,171,273217010,2.9011111111111112
2014-02-24 00:00:00 UTC,704,173,273217010,1.7490277777777776
2014-02-24 00:00:00 UTC,704,177,273217010,0.30027777777777775
2014-02-24 00:00:00 UTC,704,176,273217010,0.43708333333333338
2014-02-24 00:00:00 UTC,-320,689,224122000,1.2158333333333333
2014-02-24 00:00:00 UTC,-320,-104,224084640,5.4244444444444442
2014-02-24 00:00:00 UTC,-320,-103,224084640,4.15375
2014-02-24 00:00:00 UTC,-64,-185,224308000,0.93055555555555558
2014-02-24 00:00:00 UTC,-64,1586,416004453,6.9679166666666665
2014-02-24 00:00:00 UTC,-64,-1247,440966000,3.8963888888888887
2014-02-24 00:00:00 UTC,-64,-1251,441038000,0.90416666666666656
2014-02-24 00:00:00 UTC,-64,-1250,440963000,1.3427777777777778
2014-02-24 00:00:00 UTC,-64,-1249,440963000,1.716388888888889
2014-02-24 00:00:00 UTC,-64,-1249,440706000,0.90555555555555556
2014-02-24 00:00:00 UTC,-64,-1248,440706000,2.05375
2014-02-24 00:00:00 UTC,-64,-1290,431329000,1.6280555555555556
2014-02-24 00:00:00 UTC,-64,-1248,441014000,1.3472222222222223
2014-02-24 00:00:00 UTC,-64,-1247,441014000,2.0055555555555555
2014-02-24 00:00:00 UTC,-64,-1249,440886000,1.9336111111111114
2014-02-24 00:00:00 UTC,449,130,247052550,0.28625
2014-02-24 00:00:00 UTC,449,129,247052550,0.56375
2014-02-24 00:00:00 UTC,449,133,247051790,1.1841666666666666
2014-02-24 00:00:00 UTC,449,130,247052570,0.99791666666666656
2014-02-24 00:00:00 UTC,449,131,247052570,3.1438888888888887
2014-02-24 00:00:00 UTC,449,136,238411040,5.1698611111111115
2014-02-24 00:00:00 UTC,449,-562,251267110,2.9269444444444441
2014-02-24 00:00:00 UTC,449,-561,251267110,2.1902777777777778
2014-02-24 00:00:00 UTC,449,128,247120170,1.88875
2014-02-24 00:00:00 UTC,449,127,247120170,0.2638888888888889
2014-02-24 00:00:00 UTC,449,130,247120170,1.2818055555555556
2014-02-24 00:00:00 UTC,449,133,247120430,8.1149999999999984
2014-02-24 00:00:00 UTC,449,-1243,338155824,0.98819444444444438
2014-02-24 00:00:00 UTC,449,127,247053620,0.78472222222222221
2014-02-24 00:00:00 UTC,449,130,247053620,0.24166666666666664
2014-02-24 00:00:00 UTC,449,132,247053620,4.0622222222222222
2014-02-24 00:00:00 UTC,449,133,247053620,4.9595833333333328
2014-02-24 00:00:00 UTC,449,128,247053620,0.83319444444444446
2014-02-24 00:00:00 UTC,449,127,247100470,1.1838888888888888
2014-02-24 00:00:00 UTC,449,131,247100470,0.81805555555555554
2014-02-24 00:00:00 UTC,449,132,247100470,0.46708333333333335
2014-02-24 00:00:00 UTC,449,128,247100470,0.67138888888888892
2014-02-24 00:00:00 UTC,449,129,247100470,0.52027777777777784
2014-02-24 00:00:00 UTC,449,130,247100470,0.91694444444444445
2014-02-24 00:00:00 UTC,449,133,247100470,7.6013888888888879
2014-02-24 00:00:00 UTC,449,130,247050810,1.0663888888888891
2014-02-24 00:00:00 UTC,449,131,247050810,2.0322222222222224
2014-02-24 00:00:00 UTC,449,133,247050810,0.45166666666666666
2014-02-24 00:00:00 UTC,449,132,247050810,12.865416666666667
2014-02-24 00:00:00 UTC,449,131,247054650,3.4065277777777778
2014-02-24 00:00:00 UTC,449,130,247054650,2.4630555555555556
2014-02-24 00:00:00 UTC,449,132,247071040,0.22555555555555556
2014-02-24 00:00:00 UTC,449,133,247071040,0.235
2014-02-24 00:00:00 UTC,449,130,247053120,0.50722222222222224
2014-02-24 00:00:00 UTC,449,129,247053120,0.57847222222222228
2014-02-24 00:00:00 UTC,449,131,247142730,0.95527777777777778
2014-02-24 00:00:00 UTC,449,132,247142730,3.5652777777777773
2014-02-24 00:00:00 UTC,449,130,247142730,0.3248611111111111
2014-02-24 00:00:00 UTC,449,143,238184780,0.24625000000000002
2014-02-24 00:00:00 UTC,449,142,238184780,3.4331944444444442
2014-02-24 00:00:00 UTC,449,129,247050830,0.21486111111111111
2014-02-24 00:00:00 UTC,449,126,247053910,7.8822222222222225
2014-02-24 00:00:00 UTC,449,130,247071070,1.5708333333333333
2014-02-24 00:00:00 UTC,449,129,247071070,1.0345833333333332
2014-02-24 00:00:00 UTC,449,128,247071070,1.7805555555555559
2014-02-24 00:00:00 UTC,449,136,238900840,4.45375
2014-02-24 00:00:00 UTC,449,126,247054440,1.4608333333333332
2014-02-24 00:00:00 UTC,449,129,247053420,0.32513888888888887
2014-02-24 00:00:00 UTC,449,130,247053420,0.31111111111111112
2014-02-24 00:00:00 UTC,449,131,247050620,0.90708333333333346
2014-02-24 00:00:00 UTC,449,130,247050620,0.26097222222222222
2014-02-24 00:00:00 UTC,449,130,247052930,0.22694444444444445
2014-02-24 00:00:00 UTC,449,129,247052930,2.3394444444444442
2014-02-24 00:00:00 UTC,449,133,247051920,0.64430555555555558
2014-02-24 00:00:00 UTC,449,132,247051920,0.55194444444444435
2014-02-24 00:00:00 UTC,449,128,247071380,4.7636111111111124
2014-02-24 00:00:00 UTC,449,129,247052440,0.8816666666666666
2014-02-24 00:00:00 UTC,449,130,247052440,1.0172222222222222
2014-02-24 00:00:00 UTC,449,145,238406040,16.000972222222224
2014-02-24 00:00:00 UTC,449,129,247070880,1.2222222222222223
2014-02-24 00:00:00 UTC,449,130,247070880,1.5555555555555554
2014-02-24 00:00:00 UTC,449,128,247070880,1.2616666666666667
2014-02-24 00:00:00 UTC,449,127,247051940,4.1452777777777774
2014-02-24 00:00:00 UTC,449,126,247051940,0.76666666666666672
2014-02-24 00:00:00 UTC,449,132,247052710,3.8376388888888893
2014-02-24 00:00:00 UTC,449,126,247050160,1.3733333333333335
2014-02-24 00:00:00 UTC,449,127,247050160,2.8083333333333336
2014-02-24 00:00:00 UTC,449,130,247071930,4.0398611111111116
2014-02-24 00:00:00 UTC,449,129,247050430,0.35013888888888889
2014-02-24 00:00:00 UTC,449,130,247050430,3.2481944444444442
2014-02-24 00:00:00 UTC,449,128,247070660,1.8927777777777779
2014-02-24 00:00:00 UTC,449,133,247051720,0.91527777777777786
2014-02-24 00:00:00 UTC,449,132,247051720,1.0197222222222222
2014-02-24 00:00:00 UTC,449,131,247051720,0.70472222222222225
2014-02-24 00:00:00 UTC,449,130,247051470,2.4070833333333335
2014-02-24 00:00:00 UTC,449,130,247070670,4.0697222222222225
2014-02-24 00:00:00 UTC,449,136,238316240,1.0334722222222221
2014-02-24 00:00:00 UTC,449,131,247051740,3.2394444444444446
2014-02-24 00:00:00 UTC,449,130,247073510,0.41416666666666668
2014-02-24 00:00:00 UTC,449,132,247092970,1.2947222222222223
2014-02-24 00:00:00 UTC,449,131,247050480,2.5533333333333332
2014-02-24 00:00:00 UTC,449,128,247070710,0.97083333333333333
2014-02-24 00:00:00 UTC,449,130,247070710,2.140138888888889
2014-02-24 00:00:00 UTC,449,129,247070710,1.3330555555555557
2014-02-24 00:00:00 UTC,449,132,247051770,2.8890277777777778
2014-02-24 00:00:00 UTC,449,133,247051770,5.143472222222222
2014-02-24 00:00:00 UTC,449,131,247051770,1.2147222222222223
2014-02-24 00:00:00 UTC,705,181,273351680,1.1180555555555556
2014-02-24 00:00:00 UTC,705,186,273351680,0.60236111111111112
2014-02-24 00:00:00 UTC,705,177,273351680,0.4225
2014-02-24 00:00:00 UTC,705,180,273351680,0.80888888888888888
2014-02-24 00:00:00 UTC,705,182,273351680,0.97291666666666665
2014-02-24 00:00:00 UTC,705,179,273351680,0.80583333333333329
2014-02-24 00:00:00 UTC,705,183,273351680,0.54
2014-02-24 00:00:00 UTC,705,178,273351680,0.21069444444444443
2014-02-24 00:00:00 UTC,705,179,331072000,0.48819444444444443
2014-02-24 00:00:00 UTC,705,178,331072000,1.3805555555555555
2014-02-24 00:00:00 UTC,705,181,331072000,0.46263888888888888
2014-02-24 00:00:00 UTC,705,177,331072000,1.0281944444444444
2014-02-24 00:00:00 UTC,705,180,331072000,0.65708333333333324
2014-02-24 00:00:00 UTC,705,185,273355780,0.68791666666666662
2014-02-24 00:00:00 UTC,705,184,273355780,1.1259722222222222
2014-02-24 00:00:00 UTC,705,186,273355780,0.24902777777777776
2014-02-24 00:00:00 UTC,705,181,273355780,0.86722222222222212
2014-02-24 00:00:00 UTC,705,180,273355780,0.856111111111111
2014-02-24 00:00:00 UTC,705,182,273241100,0.27111111111111114
2014-02-24 00:00:00 UTC,705,181,273241100,0.50722222222222224
2014-02-24 00:00:00 UTC,705,186,273241100,1.9983333333333333
2014-02-24 00:00:00 UTC,705,180,273241100,0.22222222222222221
2014-02-24 00:00:00 UTC,705,183,273241100,0.84805555555555556
2014-02-24 00:00:00 UTC,705,185,273241100,0.64930555555555558
2014-02-24 00:00:00 UTC,705,184,273241100,0.43347222222222226
2014-02-24 00:00:00 UTC,705,187,273241100,2.2763888888888886
2014-02-24 00:00:00 UTC,705,191,259562000,2.37875
2014-02-24 00:00:00 UTC,705,193,259562000,0.28125
2014-02-24 00:00:00 UTC,705,192,259562000,3.4279166666666665
2014-02-24 00:00:00 UTC,705,190,259562000,1.3154166666666667
2014-02-24 00:00:00 UTC,705,401,273240600,3.0694444444444446
2014-02-24 00:00:00 UTC,705,399,273240600,5.4963888888888892
2014-02-24 00:00:00 UTC,705,219,257549600,2.75375
2014-02-24 00:00:00 UTC,705,173,273311280,1.3241666666666667
2014-02-24 00:00:00 UTC,705,177,273311280,0.49319444444444449
2014-02-24 00:00:00 UTC,705,176,273311280,1.5304166666666668
2014-02-24 00:00:00 UTC,705,174,273311280,1.3356944444444443
2014-02-24 00:00:00 UTC,705,175,273311280,2.8401388888888883
2014-02-24 00:00:00 UTC,705,182,273817400,0.16833333333333333
2014-02-24 00:00:00 UTC,705,181,273817400,1.0936111111111111
2014-02-24 00:00:00 UTC,705,186,273296700,3.5056944444444444
2014-02-24 00:00:00 UTC,705,185,273296700,4.81
2014-02-24 00:00:00 UTC,705,190,273296700,5.325972222222223
2014-02-24 00:00:00 UTC,705,189,273296700,4.8130555555555556
2014-02-24 00:00:00 UTC,705,184,273296700,1.3393055555555557
2014-02-24 00:00:00 UTC,705,183,273296700,0.20291666666666666
2014-02-24 00:00:00 UTC,705,191,273296700,0.47541666666666665
2014-02-24 00:00:00 UTC,705,180,273550400,0.80916666666666659
2014-02-24 00:00:00 UTC,705,174,273550400,0.24069444444444443
2014-02-24 00:00:00 UTC,705,184,273550400,0.50388888888888883
2014-02-24 00:00:00 UTC,705,183,273550400,1.0156944444444442
2014-02-24 00:00:00 UTC,705,185,273550400,0.52388888888888885
2014-02-24 00:00:00 UTC,705,181,273550400,0.85319444444444437
2014-02-24 00:00:00 UTC,705,175,273550400,0.24847222222222223
2014-02-24 00:00:00 UTC,705,186,273550400,0.72388888888888892
2014-02-24 00:00:00 UTC,705,175,331208000,0.47513888888888889
2014-02-24 00:00:00 UTC,705,178,331208000,0.43972222222222224
2014-02-24 00:00:00 UTC,705,184,331208000,1.4562499999999998
2014-02-24 00:00:00 UTC,705,187,331208000,1.0679166666666666
2014-02-24 00:00:00 UTC,705,176,331208000,0.64722222222222225
2014-02-24 00:00:00 UTC,705,177,331208000,1.04875
2014-02-24 00:00:00 UTC,705,189,331208000,0.22972222222222222
2014-02-24 00:00:00 UTC,705,180,331208000,3.1781944444444443
2014-02-24 00:00:00 UTC,705,188,331208000,0.4425
2014-02-24 00:00:00 UTC,705,181,331208000,1.5609722222222222
2014-02-24 00:00:00 UTC,705,179,331208000,0.42388888888888893
2014-02-24 00:00:00 UTC,705,176,251026000,0.89722222222222214
2014-02-24 00:00:00 UTC,705,180,251026000,1.0295833333333333
2014-02-24 00:00:00 UTC,705,178,251026000,1.3484722222222223
2014-02-24 00:00:00 UTC,705,182,251026000,1.9579166666666665
2014-02-24 00:00:00 UTC,705,179,251026000,2.1359722222222226
2014-02-24 00:00:00 UTC,705,175,251026000,0.41930555555555554
2014-02-24 00:00:00 UTC,705,177,251026000,1.6848611111111109
2014-02-24 00:00:00 UTC,705,181,273295700,0.91763888888888889
2014-02-24 00:00:00 UTC,705,189,273295700,1.787638888888889
2014-02-24 00:00:00 UTC,705,192,273295700,4.3431944444444444
2014-02-24 00:00:00 UTC,705,187,273295700,2.194722222222222
2014-02-24 00:00:00 UTC,705,180,273295700,0.2472222222222222
2014-02-24 00:00:00 UTC,705,185,273295700,0.84152777777777776
2014-02-24 00:00:00 UTC,705,183,273295700,1.6088888888888888
2014-02-24 00:00:00 UTC,705,184,273295700,0.43388888888888888
2014-02-24 00:00:00 UTC,705,190,273295700,0.81958333333333333
2014-02-24 00:00:00 UTC,705,182,273295700,0.65694444444444455
2014-02-24 00:00:00 UTC,705,186,273295700,6.97763888888889
2014-02-24 00:00:00 UTC,705,188,273295700,3.18375
2014-02-24 00:00:00 UTC,705,179,251079000,0.14791666666666667
2014-02-24 00:00:00 UTC,705,191,273298800,0.4145833333333333
2014-02-24 00:00:00 UTC,705,189,273298800,2.3416666666666668
2014-02-24 00:00:00 UTC,705,186,273298800,4.6745833333333335
2014-02-24 00:00:00 UTC,705,184,273298800,0.945138888888889
2014-02-24 00:00:00 UTC,705,188,273298800,3.072916666666667
2014-02-24 00:00:00 UTC,705,190,273298800,1.497638888888889
2014-02-24 00:00:00 UTC,705,187,273298800,3.2502777777777778
2014-02-24 00:00:00 UTC,705,185,273298800,4.1116666666666664
2014-02-24 00:00:00 UTC,705,178,251174000,0.33680555555555558
2014-02-24 00:00:00 UTC,705,177,251174000,0.21569444444444447
2014-02-24 00:00:00 UTC,705,176,251174000,0.22083333333333333
2014-02-24 00:00:00 UTC,705,400,273420660,3.1138888888888889
2014-02-24 00:00:00 UTC,705,398,273213300,1.5354166666666669
2014-02-24 00:00:00 UTC,705,187,273433220,3.8820833333333331
2014-02-24 00:00:00 UTC,705,186,273433220,2.3377777777777782
2014-02-24 00:00:00 UTC,705,189,273433220,3.5004166666666663
2014-02-24 00:00:00 UTC,705,185,273433220,1.2488888888888889
2014-02-24 00:00:00 UTC,705,192,273433220,2.4743055555555555
2014-02-24 00:00:00 UTC,705,184,273433220,2.3283333333333331
2014-02-24 00:00:00 UTC,705,188,273433220,0.49944444444444447
2014-02-24 00:00:00 UTC,705,218,257218440,1.2456944444444447
2014-02-24 00:00:00 UTC,705,217,257218440,0.826111111111111
2014-02-24 00:00:00 UTC,705,175,273523100,2.2666666666666666
2014-02-24 00:00:00 UTC,705,185,273523100,1.0409722222222222
2014-02-24 00:00:00 UTC,705,180,273523100,0.54694444444444446
2014-02-24 00:00:00 UTC,705,178,273523100,0.67736111111111108
2014-02-24 00:00:00 UTC,705,179,273523100,0.62069444444444444
2014-02-24 00:00:00 UTC,705,176,273523100,0.96847222222222218
2014-02-24 00:00:00 UTC,705,177,273523100,1.0572222222222223
2014-02-24 00:00:00 UTC,705,183,273523100,1.5187499999999998
2014-02-24 00:00:00 UTC,705,181,273523100,1.5327777777777778
2014-02-24 00:00:00 UTC,705,186,273523100,1.8147222222222223
2014-02-24 00:00:00 UTC,705,187,273523100,1.37625
2014-02-24 00:00:00 UTC,705,182,273523100,0.96361111111111108
2014-02-24 00:00:00 UTC,705,174,273523100,0.22347222222222224
2014-02-24 00:00:00 UTC,705,184,273523100,0.4448611111111111
2014-02-24 00:00:00 UTC,705,398,273413800,3.162638888888889
2014-02-24 00:00:00 UTC,705,399,273413800,3.8651388888888891
2014-02-24 00:00:00 UTC,705,399,273435580,1.5486111111111112
2014-02-24 00:00:00 UTC,705,398,273435580,3.0825
2014-02-24 00:00:00 UTC,705,216,257077440,3.4276388888888891
2014-02-24 00:00:00 UTC,705,218,257077440,0.97458333333333336
2014-02-24 00:00:00 UTC,705,217,257077440,0.90333333333333332
2014-02-24 00:00:00 UTC,705,188,273212100,2.1675000000000004
2014-02-24 00:00:00 UTC,705,190,273212100,3.1625
2014-02-24 00:00:00 UTC,705,187,273212100,0.5970833333333333
2014-02-24 00:00:00 UTC,705,184,273212100,1.1961111111111111
2014-02-24 00:00:00 UTC,705,183,273212100,0.86402777777777773
2014-02-24 00:00:00 UTC,705,191,273212100,1.5595833333333333
2014-02-24 00:00:00 UTC,705,186,273212100,5.7591666666666681
2014-02-24 00:00:00 UTC,705,185,273212100,2.527222222222222
2014-02-24 00:00:00 UTC,705,173,273527500,0.66166666666666663
2014-02-24 00:00:00 UTC,705,179,273527500,0.23319444444444443
2014-02-24 00:00:00 UTC,705,219,257246420,2.5702777777777777
2014-02-24 00:00:00 UTC,705,179,273430750,0.66652777777777772
2014-02-24 00:00:00 UTC,705,180,273430750,1.2098611111111111
2014-02-24 00:00:00 UTC,705,178,273430750,0.41652777777777777
2014-02-24 00:00:00 UTC,705,177,273430750,0.60805555555555557
2014-02-24 00:00:00 UTC,705,171,273217010,0.49611111111111106
2014-02-24 00:00:00 UTC,705,176,273217010,1.6395833333333334
2014-02-24 00:00:00 UTC,705,172,273217010,1.7430555555555556
2014-02-24 00:00:00 UTC,705,181,273217010,0.62
2014-02-24 00:00:00 UTC,705,177,273217010,0.45305555555555554
2014-02-24 00:00:00 UTC,705,178,273217010,1.8401388888888888
2014-02-24 00:00:00 UTC,705,180,273217010,0.63180555555555551
2014-02-24 00:00:00 UTC,705,182,273217010,0.67999999999999994
2014-02-24 00:00:00 UTC,705,183,273217010,0.44527777777777777
2014-02-24 00:00:00 UTC,705,393,273525500,2.3161111111111112
2014-02-24 00:00:00 UTC,-319,690,224122000,2.2594444444444446
2014-02-24 00:00:00 UTC,-319,689,224122000,0.78319444444444442
2014-02-24 00:00:00 UTC,-319,-104,224084640,2.132222222222222
2014-02-24 00:00:00 UTC,-63,-184,224308000,0.8288888888888889
2014-02-24 00:00:00 UTC,-63,-187,224286000,1.4066666666666667
2014-02-24 00:00:00 UTC,-63,-1247,440966000,1.3431944444444444
2014-02-24 00:00:00 UTC,-63,-1248,440966000,0.82694444444444448
2014-02-24 00:00:00 UTC,-63,-1229,432475000,0.90847222222222224
2014-02-24 00:00:00 UTC,-63,-1230,432475000,1.2556944444444444
2014-02-24 00:00:00 UTC,-63,-1452,520238000,1.7680555555555557
2014-02-24 00:00:00 UTC,-63,-1453,520238000,3.4701388888888896
2014-02-24 00:00:00 UTC,-63,-1251,441038000,3.903888888888889
2014-02-24 00:00:00 UTC,-63,-1250,440963000,1.8449999999999998
2014-02-24 00:00:00 UTC,-63,-1249,440706000,3.0348611111111112
2014-02-24 00:00:00 UTC,-63,-1248,440706000,1.6158333333333332
2014-02-24 00:00:00 UTC,-63,-1289,431329000,1.8259722222222221
2014-02-24 00:00:00 UTC,-63,-1292,431329000,0.97347222222222218
2014-02-24 00:00:00 UTC,-63,-1248,441014000,1.375
2014-02-24 00:00:00 UTC,-63,-1248,440886000,1.1372222222222221
2014-02-24 00:00:00 UTC,-63,-1249,440886000,0.88083333333333336
2014-02-24 00:00:00 UTC,-63,-1713,224523000,0.91541666666666666
2014-02-24 00:00:00 UTC,450,135,238258440,2.9415277777777775
2014-02-24 00:00:00 UTC,450,132,247051790,1.2240277777777777
2014-02-24 00:00:00 UTC,450,131,247052570,0.22916666666666669
2014-02-24 00:00:00 UTC,450,130,247052570,2.9302777777777775
2014-02-24 00:00:00 UTC,450,132,247052570,0.66125
2014-02-24 00:00:00 UTC,450,136,238411040,5.1677777777777774
2014-02-24 00:00:00 UTC,450,143,238939940,6.0504166666666661
2014-02-24 00:00:00 UTC,450,128,247120170,0.36833333333333335
2014-02-24 00:00:00 UTC,450,127,247120170,2.0651388888888889
2014-02-24 00:00:00 UTC,450,126,247120170,1.3375
2014-02-24 00:00:00 UTC,450,144,238743340,5.3859722222222217
2014-02-24 00:00:00 UTC,450,132,247120430,1.7168055555555553
2014-02-24 00:00:00 UTC,450,133,247120430,0.21680555555555556
2014-02-24 00:00:00 UTC,450,-1243,338155824,1.0706944444444444
2014-02-24 00:00:00 UTC,450,-1244,338155824,2.0030555555555556
2014-02-24 00:00:00 UTC,450,126,247053620,0.22194444444444444
2014-02-24 00:00:00 UTC,450,132,247053620,2.1680555555555556
2014-02-24 00:00:00 UTC,450,127,247053620,1.3291666666666666
2014-02-24 00:00:00 UTC,450,132,247100470,6.4620833333333323
2014-02-24 00:00:00 UTC,450,133,247100470,1.693611111111111
2014-02-24 00:00:00 UTC,450,126,247100470,0.66694444444444445
2014-02-24 00:00:00 UTC,450,129,247050810,2.3611111111111112
2014-02-24 00:00:00 UTC,450,132,247050810,2.0283333333333333
2014-02-24 00:00:00 UTC,450,128,247050810,1.0863888888888888
2014-02-24 00:00:00 UTC,450,129,247054650,2.0751388888888891
2014-02-24 00:00:00 UTC,450,130,247054650,9.5315277777777769
2014-02-24 00:00:00 UTC,450,132,247071040,0.29694444444444446
2014-02-24 00:00:00 UTC,450,130,247142730,0.32472222222222225
2014-02-24 00:00:00 UTC,450,127,247142730,0.94166666666666665
2014-02-24 00:00:00 UTC,450,128,247142730,1.0583333333333331
2014-02-24 00:00:00 UTC,450,129,247142730,0.97833333333333328
2014-02-24 00:00:00 UTC,450,131,247142730,2.8381944444444445
2014-02-24 00:00:00 UTC,450,132,247142730,10.86736111111111
2014-02-24 00:00:00 UTC,450,1374,273825610,10.90486111111111
2014-02-24 00:00:00 UTC,450,143,238184780,1.1079166666666667
2014-02-24 00:00:00 UTC,450,142,238184780,2.4058333333333337
2014-02-24 00:00:00 UTC,450,-546,361000800,10.130277777777779
2014-02-24 00:00:00 UTC,450,-547,361000800,4.7144444444444442
2014-02-24 00:00:00 UTC,450,136,238900840,6.289027777777779
2014-02-24 00:00:00 UTC,450,126,247054440,0.24472222222222223
2014-02-24 00:00:00 UTC,450,129,247050620,2.7498611111111106
2014-02-24 00:00:00 UTC,450,130,247050620,0.21666666666666667
2014-02-24 00:00:00 UTC,450,131,247050620,1.6980555555555554
2014-02-24 00:00:00 UTC,450,130,247052930,2.3730555555555557
2014-02-24 00:00:00 UTC,450,127,247051910,2.395
2014-02-24 00:00:00 UTC,450,128,247051910,0.2927777777777778
2014-02-24 00:00:00 UTC,450,132,247051920,1.1456944444444443
2014-02-24 00:00:00 UTC,450,131,247051920,0.23319444444444443
2014-02-24 00:00:00 UTC,450,130,247052440,1.21875
2014-02-24 00:00:00 UTC,450,129,247052440,3.2736111111111112
2014-02-24 00:00:00 UTC,450,-501,316004000,2.5562499999999995
2014-02-24 00:00:00 UTC,450,127,247051940,1.1030555555555555
2014-02-24 00:00:00 UTC,450,125,247051940,1.5522222222222222
2014-02-24 00:00:00 UTC,450,126,247051940,5.0084722222222222
2014-02-24 00:00:00 UTC,450,132,247052710,0.86986111111111108
2014-02-24 00:00:00 UTC,450,131,247052710,0.53972222222222221
2014-02-24 00:00:00 UTC,450,124,247050160,0.29444444444444445
2014-02-24 00:00:00 UTC,450,127,247050160,5.0113888888888889
2014-02-24 00:00:00 UTC,450,126,247050160,1.7369444444444446
2014-02-24 00:00:00 UTC,450,125,247050160,1.8663888888888889
2014-02-24 00:00:00 UTC,450,130,247071930,0.59125
2014-02-24 00:00:00 UTC,450,130,247050430,1.1743055555555557
2014-02-24 00:00:00 UTC,450,126,247050430,0.42222222222222222
2014-02-24 00:00:00 UTC,450,128,247050430,1.1869444444444444
2014-02-24 00:00:00 UTC,450,127,247050430,0.84888888888888892
2014-02-24 00:00:00 UTC,450,131,247050430,1.1619444444444444
2014-02-24 00:00:00 UTC,450,129,247050430,0.63972222222222219
2014-02-24 00:00:00 UTC,450,129,247070660,0.22763888888888889
2014-02-24 00:00:00 UTC,450,128,247070660,1.56875
2014-02-24 00:00:00 UTC,450,132,247051720,0.21055555555555555
2014-02-24 00:00:00 UTC,450,136,238897610,0.24166666666666667
2014-02-24 00:00:00 UTC,450,130,247051470,6.7176388888888887
2014-02-24 00:00:00 UTC,450,130,247070670,2.1047222222222222
2014-02-24 00:00:00 UTC,450,143,238621140,6.4836111111111121
2014-02-24 00:00:00 UTC,450,128,247051740,1.9618055555555558
2014-02-24 00:00:00 UTC,450,131,247051740,0.25333333333333335
2014-02-24 00:00:00 UTC,450,129,247051740,1.8715277777777777
2014-02-24 00:00:00 UTC,450,130,247051740,1.7945833333333334
2014-02-24 00:00:00 UTC,450,127,247051740,0.2388888888888889
2014-02-24 00:00:00 UTC,450,132,247092970,1.0888888888888888
2014-02-24 00:00:00 UTC,450,144,238914540,6.1694444444444443
2014-02-24 00:00:00 UTC,450,127,247050220,1.1
2014-02-24 00:00:00 UTC,450,135,238195440,8.56611111111111
2014-02-24 00:00:00 UTC,450,131,247050480,5.6577777777777767
2014-02-24 00:00:00 UTC,450,132,247051770,4.6630555555555553
2014-02-24 00:00:00 UTC,450,133,247051770,0.51472222222222219
2014-02-24 00:00:00 UTC,450,131,247051770,1.0584722222222223
2014-02-24 00:00:00 UTC,706,187,273351680,0.20722222222222222
2014-02-24 00:00:00 UTC,706,171,257248000,0.44138888888888889
2014-02-24 00:00:00 UTC,706,173,257248000,1.193611111111111
2014-02-24 00:00:00 UTC,706,172,257248000,1.1390277777777778
2014-02-24 00:00:00 UTC,706,398,273240600,5.5333333333333332
2014-02-24 00:00:00 UTC,706,226,258067000,2.3626388888888887
2014-02-24 00:00:00 UTC,706,169,273316960,1.2218055555555556
2014-02-24 00:00:00 UTC,706,399,273420660,11.758611111111112
2014-02-24 00:00:00 UTC,706,398,273420660,1.5205555555555557
2014-02-24 00:00:00 UTC,706,398,273213300,8.5849999999999991
2014-02-24 00:00:00 UTC,706,397,273213300,7.8801388888888884
2014-02-24 00:00:00 UTC,706,398,273413800,1.5558333333333334
2014-02-24 00:00:00 UTC,706,399,273413800,8.6594444444444445
2014-02-24 00:00:00 UTC,706,400,273413800,5.4870833333333335
2014-02-24 00:00:00 UTC,706,398,273435580,3.9375
2014-02-24 00:00:00 UTC,706,399,273435580,3.106527777777778
2014-02-24 00:00:00 UTC,706,400,273435580,3.9626388888888888
2014-02-24 00:00:00 UTC,706,394,273525500,3.0973611111111108
2014-02-24 00:00:00 UTC,706,395,273525500,1.53
2014-02-24 00:00:00 UTC,-318,1759,224256000,4.3609722222222222
2014-02-24 00:00:00 UTC,-318,688,224122000,1.6255555555555556
2014-02-24 00:00:00 UTC,-318,692,224122000,0.81486111111111115
2014-02-24 00:00:00 UTC,-318,-30,224335000,0.76805555555555549
2014-02-24 00:00:00 UTC,-62,-184,224308000,0.77208333333333334
2014-02-24 00:00:00 UTC,-62,-187,224286000,0.69013888888888886
2014-02-24 00:00:00 UTC,-62,-1239,432914000,0.7747222222222222
2014-02-24 00:00:00 UTC,-62,-1241,432914000,1.6743055555555555
2014-02-24 00:00:00 UTC,-62,-1240,432914000,0.92263888888888879
2014-02-24 00:00:00 UTC,-62,-1660,412370007,2.785
2014-02-24 00:00:00 UTC,-62,-1247,440966000,1.0934722222222222
2014-02-24 00:00:00 UTC,-62,-1248,440966000,0.86722222222222223
2014-02-24 00:00:00 UTC,-62,-1230,432475000,1.3609722222222222
2014-02-24 00:00:00 UTC,-62,-1251,441038000,1.3795833333333332
2014-02-24 00:00:00 UTC,-62,-1250,440963000,1.7958333333333334
2014-02-24 00:00:00 UTC,-62,-1248,440706000,1.5097222222222222
2014-02-24 00:00:00 UTC,-62,-1292,431329000,0.39458333333333329
2014-02-24 00:00:00 UTC,-62,-1289,431329000,1.8201388888888888
2014-02-24 00:00:00 UTC,-62,-1248,441014000,1.1566666666666667
2014-02-24 00:00:00 UTC,-62,-1249,440886000,0.94222222222222218
2014-02-24 00:00:00 UTC,-62,-1465,416119800,3.6374999999999997
2014-02-24 00:00:00 UTC,-62,-1471,416119800,1.8420833333333335
2014-02-24 00:00:00 UTC,-62,-1472,416119800,2.5013888888888887
2014-02-24 00:00:00 UTC,451,134,238258440,3.7968055555555549
2014-02-24 00:00:00 UTC,451,135,238258440,2.7815277777777774
2014-02-24 00:00:00 UTC,451,144,238988810,6.9572222222222218
2014-02-24 00:00:00 UTC,451,145,238988810,5.3288888888888888
2014-02-24 00:00:00 UTC,451,132,247051790,0.9145833333333333
2014-02-24 00:00:00 UTC,451,125,247050520,0.6809722222222222
2014-02-24 00:00:00 UTC,451,132,247052570,2.3633333333333333
2014-02-24 00:00:00 UTC,451,130,247052570,2.6665277777777776
2014-02-24 00:00:00 UTC,451,-552,316002590,16.978611111111114
2014-02-24 00:00:00 UTC,451,144,238939940,4.5237500000000006
2014-02-24 00:00:00 UTC,451,124,247120170,1.7223611111111112
2014-02-24 00:00:00 UTC,451,125,247120170,0.4802777777777778
2014-02-24 00:00:00 UTC,451,144,238743340,6.0747222222222232
2014-02-24 00:00:00 UTC,451,127,247120430,0.42805555555555552
2014-02-24 00:00:00 UTC,451,129,247120430,3.1625000000000005
2014-02-24 00:00:00 UTC,451,128,247120430,0.85777777777777775
2014-02-24 00:00:00 UTC,451,132,247120430,3.1869444444444448
2014-02-24 00:00:00 UTC,451,-1243,338155824,1.0454166666666667
2014-02-24 00:00:00 UTC,451,126,247100470,0.21277777777777779
2014-02-24 00:00:00 UTC,451,125,247100470,0.76069444444444456
2014-02-24 00:00:00 UTC,451,124,247100470,0.63541666666666674
2014-02-24 00:00:00 UTC,451,129,247054650,0.21388888888888888
2014-02-24 00:00:00 UTC,451,130,247054650,1.21375
2014-02-24 00:00:00 UTC,451,128,247071040,1.1627777777777777
2014-02-24 00:00:00 UTC,451,129,247071040,0.82111111111111112
2014-02-24 00:00:00 UTC,451,127,247071040,0.23333333333333334
2014-02-24 00:00:00 UTC,451,130,247071040,0.83194444444444438
2014-02-24 00:00:00 UTC,451,131,247071040,0.81805555555555554
2014-02-24 00:00:00 UTC,451,132,247142730,0.78347222222222213
2014-02-24 00:00:00 UTC,451,126,247142730,0.21388888888888888
2014-02-24 00:00:00 UTC,451,135,238430040,10.277777777777777
2014-02-24 00:00:00 UTC,451,-553,361000800,7.7770833333333336
2014-02-24 00:00:00 UTC,451,126,247050620,2.5055555555555555
2014-02-24 00:00:00 UTC,451,129,247050620,1.5893055555555557
2014-02-24 00:00:00 UTC,451,130,247050620,0.9719444444444445
2014-02-24 00:00:00 UTC,451,125,247050620,2.5584722222222225
2014-02-24 00:00:00 UTC,451,128,247050620,1.0211111111111111
2014-02-24 00:00:00 UTC,451,127,247050620,2.6530555555555555
2014-02-24 00:00:00 UTC,451,131,247050620,0.59472222222222215
2014-02-24 00:00:00 UTC,451,130,247052930,4.4220833333333331
2014-02-24 00:00:00 UTC,451,124,247050630,0.25
2014-02-24 00:00:00 UTC,451,127,247051910,0.949861111111111
2014-02-24 00:00:00 UTC,451,128,247051910,6.3241666666666676
2014-02-24 00:00:00 UTC,451,125,247051910,0.6594444444444445
2014-02-24 00:00:00 UTC,451,126,247051910,1.3025
2014-02-24 00:00:00 UTC,451,125,247052680,0.22361111111111109
2014-02-24 00:00:00 UTC,451,129,247051920,0.56916666666666671
2014-02-24 00:00:00 UTC,451,131,247051920,0.60763888888888884
2014-02-24 00:00:00 UTC,451,130,247051920,1.0119444444444445
2014-02-24 00:00:00 UTC,451,126,247051920,0.67333333333333334
2014-02-24 00:00:00 UTC,451,128,247051920,0.34472222222222226
2014-02-24 00:00:00 UTC,451,126,247052440,2.6919444444444451
2014-02-24 00:00:00 UTC,451,128,247052440,0.92513888888888884
2014-02-24 00:00:00 UTC,451,129,247052440,0.27069444444444446
2014-02-24 00:00:00 UTC,451,127,247052440,4.4056944444444435
2014-02-24 00:00:00 UTC,451,124,247051940,1.3879166666666667
2014-02-24 00:00:00 UTC,451,144,238390440,12.510277777777777
2014-02-24 00:00:00 UTC,451,124,247050160,2.2309722222222224
2014-02-24 00:00:00 UTC,451,128,247054010,2.8959722222222224
2014-02-24 00:00:00 UTC,451,127,247054010,4.0344444444444445
2014-02-24 00:00:00 UTC,451,126,247054010,0.86319444444444449
2014-02-24 00:00:00 UTC,451,124,247056570,8.7193055555555539
2014-02-24 00:00:00 UTC,451,126,247050430,0.643888888888889
2014-02-24 00:00:00 UTC,451,124,247050430,0.2631944444444444
2014-02-24 00:00:00 UTC,451,125,247050430,0.99249999999999994
2014-02-24 00:00:00 UTC,451,135,238897610,8.3131944444444432
2014-02-24 00:00:00 UTC,451,128,247051470,2.1384722222222221
2014-02-24 00:00:00 UTC,451,127,247051470,0.31972222222222224
2014-02-24 00:00:00 UTC,451,130,247051470,5.1751388888888892
2014-02-24 00:00:00 UTC,451,129,247051470,2.1636111111111114
2014-02-24 00:00:00 UTC,451,135,238316240,6.3298611111111107
2014-02-24 00:00:00 UTC,451,125,247050450,1.81875
2014-02-24 00:00:00 UTC,451,131,247050450,2.9544444444444444
2014-02-24 00:00:00 UTC,451,126,247050450,1.4165277777777778
2014-02-24 00:00:00 UTC,451,144,238621140,5.554027777777776
2014-02-24 00:00:00 UTC,451,128,247092970,0.6694444444444444
2014-02-24 00:00:00 UTC,451,132,247092970,1.1184722222222221
2014-02-24 00:00:00 UTC,451,126,247092970,0.23347222222222222
2014-02-24 00:00:00 UTC,451,127,247092970,0.21958333333333332
2014-02-24 00:00:00 UTC,451,129,247092970,0.7779166666666667
2014-02-24 00:00:00 UTC,451,128,247050220,5.770138888888888
2014-02-24 00:00:00 UTC,451,126,247050220,1.1070833333333332
2014-02-24 00:00:00 UTC,451,125,247050220,0.96472222222222226
2014-02-24 00:00:00 UTC,451,127,247050220,0.88180555555555573
2014-02-24 00:00:00 UTC,451,134,238195440,0.41763888888888889
2014-02-24 00:00:00 UTC,451,135,238195440,0.64125
2014-02-24 00:00:00 UTC,451,130,247050480,0.29458333333333331
2014-02-24 00:00:00 UTC,451,131,247050480,2.2781944444444449
2014-02-24 00:00:00 UTC,451,128,247053040,3.1791666666666667
2014-02-24 00:00:00 UTC,451,126,247053040,0.47958333333333331
2014-02-24 00:00:00 UTC,451,127,247053040,4.2055555555555548
2014-02-24 00:00:00 UTC,451,130,247051770,0.80069444444444449
2014-02-24 00:00:00 UTC,451,132,247051770,1.7640277777777782
2014-02-24 00:00:00 UTC,451,129,247051770,0.91166666666666674
2014-02-24 00:00:00 UTC,451,128,247051770,0.21708333333333335
2014-02-24 00:00:00 UTC,451,131,247051770,0.89097222222222228
2014-02-24 00:00:00 UTC,707,172,257248000,0.72777777777777786
2014-02-24 00:00:00 UTC,707,225,258067000,2.208333333333333
2014-02-24 00:00:00 UTC,707,375,273293400,6.2634722222222221
2014-02-24 00:00:00 UTC,707,398,273420660,3.1670833333333333
2014-02-24 00:00:00 UTC,707,397,273420660,3.9404166666666667
2014-02-24 00:00:00 UTC,707,398,273213300,3.9194444444444443
2014-02-24 00:00:00 UTC,707,398,273413800,2.3083333333333336
2014-02-24 00:00:00 UTC,707,399,273525500,1.6052777777777778
2014-02-24 00:00:00 UTC,707,398,273525500,3.0891666666666664
2014-02-24 00:00:00 UTC,707,397,273525500,11.854027777777777
2014-02-24 00:00:00 UTC,-317,693,224122000,4.212361111111111
2014-02-24 00:00:00 UTC,-317,687,224122000,1.5134722222222221
2014-02-24 00:00:00 UTC,-317,-31,224335000,1.3109722222222222
2014-02-24 00:00:00 UTC,-317,-105,224084640,2.02625
2014-02-24 00:00:00 UTC,-317,-106,224084640,4.0402777777777779
2014-02-24 00:00:00 UTC,-61,-1246,432914000,1.9820833333333336
2014-02-24 00:00:00 UTC,-61,-1244,432914000,2.1691666666666665
2014-02-24 00:00:00 UTC,-61,-1241,432914000,1.8654166666666667
2014-02-24 00:00:00 UTC,-61,-1245,432914000,0.867361111111111
2014-02-24 00:00:00 UTC,-61,-1239,432914000,1.1280555555555556
2014-02-24 00:00:00 UTC,-61,-1243,432914000,1.820138888888889
2014-02-24 00:00:00 UTC,-61,-1237,432914000,1.1445833333333333
2014-02-24 00:00:00 UTC,-61,-1662,412370007,1.7973611111111112
2014-02-24 00:00:00 UTC,-61,-1659,412370007,1.8595833333333334
2014-02-24 00:00:00 UTC,-61,1587,416004453,9.1470833333333346
2014-02-24 00:00:00 UTC,-61,-1247,440966000,3.1887499999999998
2014-02-24 00:00:00 UTC,-61,-1230,432475000,0.59388888888888891
2014-02-24 00:00:00 UTC,-61,-1231,432475000,1.3848611111111111
2014-02-24 00:00:00 UTC,-61,-1454,520238000,0.86180555555555549
2014-02-24 00:00:00 UTC,-61,-1455,520238000,2.0369444444444444
2014-02-24 00:00:00 UTC,-61,-1456,520238000,1.1709722222222223
2014-02-24 00:00:00 UTC,-61,-1453,520238000,1.0027777777777778
2014-02-24 00:00:00 UTC,-61,-1251,441038000,3.0691666666666668
2014-02-24 00:00:00 UTC,-61,-1253,441038000,0.93069444444444449
2014-02-24 00:00:00 UTC,-61,-1250,440963000,3.745
2014-02-24 00:00:00 UTC,-61,-1249,440963000,1.1475
2014-02-24 00:00:00 UTC,-61,-1248,440706000,3.951111111111111
2014-02-24 00:00:00 UTC,-61,-1290,431329000,1.3375
2014-02-24 00:00:00 UTC,-61,-1292,431329000,0.94861111111111107
2014-02-24 00:00:00 UTC,-61,-1248,441014000,1.5740277777777778
2014-02-24 00:00:00 UTC,-61,-1247,441014000,1.8359722222222221
2014-02-24 00:00:00 UTC,-61,-1248,440886000,1.13625
2014-02-24 00:00:00 UTC,-61,-1249,440886000,1.8477777777777777
2014-02-24 00:00:00 UTC,-61,-1468,416119800,0.97222222222222221
2014-02-24 00:00:00 UTC,-61,-1469,416119800,2.7308333333333334
2014-02-24 00:00:00 UTC,-61,-1467,416119800,1.7606944444444443
2014-02-24 00:00:00 UTC,-61,-1472,416119800,0.48291666666666672
2014-02-24 00:00:00 UTC,-61,-1470,416119800,2.4818055555555554
2014-02-24 00:00:00 UTC,-61,-1466,416119800,4.6205555555555557
2014-02-24 00:00:00 UTC,-61,-1465,416119800,2.7227777777777771
2014-02-24 00:00:00 UTC,-61,-1471,416119800,1.9300000000000002
2014-02-24 00:00:00 UTC,196,1090,412477373,1.6159722222222221
2014-02-24 00:00:00 UTC,196,1091,412477373,0.76847222222222222
2014-02-24 00:00:00 UTC,452,127,247050760,1.4116666666666666
2014-02-24 00:00:00 UTC,452,125,247050760,0.23347222222222222
2014-02-24 00:00:00 UTC,452,126,247050760,1.0733333333333333
2014-02-24 00:00:00 UTC,452,128,247050760,0.95666666666666667
2014-02-24 00:00:00 UTC,452,129,247050760,3.3112500000000002
2014-02-24 00:00:00 UTC,452,127,247053580,0.24694444444444444
2014-02-24 00:00:00 UTC,452,132,247051790,1.6431944444444442
2014-02-24 00:00:00 UTC,452,128,247051790,0.23555555555555555
2014-02-24 00:00:00 UTC,452,131,247051790,0.32333333333333336
2014-02-24 00:00:00 UTC,452,130,247051790,1.4554166666666668
2014-02-24 00:00:00 UTC,452,129,247051790,1.395
2014-02-24 00:00:00 UTC,452,123,247052560,0.24708333333333332
2014-02-24 00:00:00 UTC,452,124,247052560,1.3068055555555556
2014-02-24 00:00:00 UTC,452,125,247050520,1.5943055555555556
2014-02-24 00:00:00 UTC,452,126,247050520,1.1325
2014-02-24 00:00:00 UTC,452,127,247050520,1.0459722222222221
2014-02-24 00:00:00 UTC,452,130,247052570,1.5754166666666667
2014-02-24 00:00:00 UTC,452,131,247052570,1.9337500000000003
2014-02-24 00:00:00 UTC,452,132,247052570,1.21125
2014-02-24 00:00:00 UTC,452,124,247051820,1.5255555555555558
2014-02-24 00:00:00 UTC,452,123,247051820,0.25694444444444442
2014-02-24 00:00:00 UTC,452,124,247052590,0.21388888888888891
2014-02-24 00:00:00 UTC,452,131,247121270,4.4544444444444444
2014-02-24 00:00:00 UTC,452,129,247121270,4.6905555555555551
2014-02-24 00:00:00 UTC,452,128,247121270,1.4723611111111112
2014-02-24 00:00:00 UTC,452,130,247121270,2.9575
2014-02-24 00:00:00 UTC,452,130,247052930,1.0363888888888888
2014-02-24 00:00:00 UTC,452,126,247050630,1.475138888888889
2014-02-24 00:00:00 UTC,452,125,247050630,1.0580555555555555
2014-02-24 00:00:00 UTC,452,127,247050630,1.7569444444444446
2014-02-24 00:00:00 UTC,452,128,247050630,0.976111111111111
2014-02-24 00:00:00 UTC,452,129,247050630,2.8448611111111113
2014-02-24 00:00:00 UTC,452,128,247051910,2.4694444444444441
2014-02-24 00:00:00 UTC,452,125,247051910,0.45569444444444446
2014-02-24 00:00:00 UTC,452,125,247052680,2.2399999999999998
2014-02-24 00:00:00 UTC,452,127,247052680,0.86027777777777781
2014-02-24 00:00:00 UTC,452,126,247052680,1.0829166666666667
2014-02-24 00:00:00 UTC,452,126,247052440,0.45513888888888887
2014-02-24 00:00:00 UTC,452,127,247052440,2.1731944444444444
2014-02-24 00:00:00 UTC,452,-23,228931000,14.089722222222223
2014-02-24 00:00:00 UTC,452,128,247054010,0.50694444444444442
2014-02-24 00:00:00 UTC,452,129,247054010,3.5627777777777778
2014-02-24 00:00:00 UTC,452,125,247054010,3.5549999999999997
2014-02-24 00:00:00 UTC,452,124,247054010,1.7027777777777779
2014-02-24 00:00:00 UTC,452,126,247054010,3.4124999999999996
2014-02-24 00:00:00 UTC,452,127,247054010,1.3204166666666666
2014-02-24 00:00:00 UTC,452,130,247054010,2.0833333333333335
2014-02-24 00:00:00 UTC,452,130,247051980,0.6775
2014-02-24 00:00:00 UTC,452,129,247051980,1.4470833333333333
2014-02-24 00:00:00 UTC,452,125,247051980,1.4856944444444444
2014-02-24 00:00:00 UTC,452,127,247050450,1.9175
2014-02-24 00:00:00 UTC,452,129,247050450,2.012777777777778
2014-02-24 00:00:00 UTC,452,128,247050450,1.7505555555555556
2014-02-24 00:00:00 UTC,452,130,247050450,5.1066666666666674
2014-02-24 00:00:00 UTC,452,126,247050450,0.37513888888888891
2014-02-24 00:00:00 UTC,452,131,247050450,4.491944444444445
2014-02-24 00:00:00 UTC,452,124,247050450,1.2169444444444444
2014-02-24 00:00:00 UTC,452,126,247051730,0.88777777777777778
2014-02-24 00:00:00 UTC,452,125,247051730,3.1776388888888891
2014-02-24 00:00:00 UTC,452,123,247055830,3.0298611111111113
2014-02-24 00:00:00 UTC,452,132,247092970,1.3005555555555555
2014-02-24 00:00:00 UTC,452,130,247092970,0.75569444444444445
2014-02-24 00:00:00 UTC,452,129,247092970,0.9309722222222222
2014-02-24 00:00:00 UTC,452,128,247050220,2.9965277777777777
2014-02-24 00:00:00 UTC,452,130,247050480,2.0598611111111111
2014-02-24 00:00:00 UTC,452,131,247050480,3.0315277777777778
2014-02-24 00:00:00 UTC,452,127,247050480,0.3165277777777778
2014-02-24 00:00:00 UTC,452,128,247050480,0.939861111111111
2014-02-24 00:00:00 UTC,452,129,247050480,1.7581944444444448
2014-02-24 00:00:00 UTC,452,126,247053040,3.9122222222222223
2014-02-24 00:00:00 UTC,452,127,247053040,1.7318055555555554
2014-02-24 00:00:00 UTC,452,128,247053040,1.0318055555555556
2014-02-24 00:00:00 UTC,452,129,247053040,3.0137500000000004
2014-02-24 00:00:00 UTC,452,124,247053040,1.1116666666666668
2014-02-24 00:00:00 UTC,452,130,247053040,1.2459722222222223
2014-02-24 00:00:00 UTC,452,125,247053040,3.911944444444444
2014-02-24 00:00:00 UTC,708,172,257248000,1.9776388888888887
2014-02-24 00:00:00 UTC,708,171,257248000,0.32069444444444445
2014-02-24 00:00:00 UTC,708,221,258067000,7.3208333333333329
2014-02-24 00:00:00 UTC,708,223,258067000,3.7384722222222222
2014-02-24 00:00:00 UTC,708,222,258067000,1.7455555555555555
2014-02-24 00:00:00 UTC,-60,-1279,440936000,2.6501388888888888
2014-02-24 00:00:00 UTC,-60,-1246,432914000,0.83888888888888891
2014-02-24 00:00:00 UTC,-60,-1663,412370007,1.8175
2014-02-24 00:00:00 UTC,-60,-1247,440966000,1.8297222222222222
2014-02-24 00:00:00 UTC,-60,-1231,432475000,1.7268055555555555
2014-02-24 00:00:00 UTC,-60,-1454,520238000,1.7904166666666668
2014-02-24 00:00:00 UTC,-60,-1453,520238000,1.8606944444444444
2014-02-24 00:00:00 UTC,-60,-1452,520238000,3.3398611111111114
2014-02-24 00:00:00 UTC,-60,-1455,520238000,1.3659722222222221
2014-02-24 00:00:00 UTC,-60,-1456,520238000,0.89305555555555549
2014-02-24 00:00:00 UTC,-60,-1253,441038000,3.0390277777777777
2014-02-24 00:00:00 UTC,-60,-1252,441038000,0.94305555555555554
2014-02-24 00:00:00 UTC,-60,-1251,441038000,0.85555555555555562
2014-02-24 00:00:00 UTC,-60,-1252,440963000,1.651388888888889
2014-02-24 00:00:00 UTC,-60,-1253,440963000,3.6548611111111109
2014-02-24 00:00:00 UTC,-60,-1249,440706000,0.8930555555555556
2014-02-24 00:00:00 UTC,-60,-1290,431329000,1.0804166666666666
2014-02-24 00:00:00 UTC,-60,-1248,441014000,1.8219444444444446
2014-02-24 00:00:00 UTC,-60,-1249,440886000,6.0451388888888884
2014-02-24 00:00:00 UTC,197,1090,412477373,0.74652777777777768
2014-02-24 00:00:00 UTC,197,1091,412477373,1.7998611111111111
2014-02-24 00:00:00 UTC,453,130,247050760,1.2431944444444443
2014-02-24 00:00:00 UTC,453,129,247050760,11.192500000000003
2014-02-24 00:00:00 UTC,453,128,247050760,2.2288888888888891
2014-02-24 00:00:00 UTC,453,127,247050760,0.43694444444444447
2014-02-24 00:00:00 UTC,453,127,247053580,6.5543055555555556
2014-02-24 00:00:00 UTC,453,131,247051790,0.919861111111111
2014-02-24 00:00:00 UTC,453,124,247052560,0.21958333333333335
2014-02-24 00:00:00 UTC,453,125,247052560,0.61972222222222229
2014-02-24 00:00:00 UTC,453,129,247050520,1.6637499999999998
2014-02-24 00:00:00 UTC,453,126,247050520,0.92333333333333334
2014-02-24 00:00:00 UTC,453,128,247050520,2.8751388888888894
2014-02-24 00:00:00 UTC,453,127,247050520,1.7874999999999999
2014-02-24 00:00:00 UTC,453,130,247050520,0.80680555555555555
2014-02-24 00:00:00 UTC,453,124,247051820,2.2072222222222222
2014-02-24 00:00:00 UTC,453,125,247051820,0.24430555555555555
2014-02-24 00:00:00 UTC,453,124,247052590,0.41541666666666666
2014-02-24 00:00:00 UTC,453,-15,228211000,1.9681944444444444
2014-02-24 00:00:00 UTC,453,131,247121270,4.9845833333333314
2014-02-24 00:00:00 UTC,453,127,247050630,0.45097222222222222
2014-02-24 00:00:00 UTC,453,128,247050630,1.8604166666666668
2014-02-24 00:00:00 UTC,453,130,247050630,2.1240277777777776
2014-02-24 00:00:00 UTC,453,129,247050630,11.114583333333332
2014-02-24 00:00:00 UTC,453,128,247051910,3.0523611111111117
2014-02-24 00:00:00 UTC,453,130,247051910,0.66736111111111118
2014-02-24 00:00:00 UTC,453,129,247051910,1.0834722222222222
2014-02-24 00:00:00 UTC,453,126,247052680,1.0626388888888889
2014-02-24 00:00:00 UTC,453,127,247052680,0.64583333333333326
2014-02-24 00:00:00 UTC,453,129,247052680,2.3213888888888885
2014-02-24 00:00:00 UTC,453,128,247052680,2.7438888888888888
2014-02-24 00:00:00 UTC,453,134,238316440,4.676805555555557
2014-02-24 00:00:00 UTC,453,126,247075010,0.67888888888888888
2014-02-24 00:00:00 UTC,453,124,247075010,3.183472222222222
2014-02-24 00:00:00 UTC,453,128,247075010,1.0118055555555556
2014-02-24 00:00:00 UTC,453,127,247075010,2.1443055555555555
2014-02-24 00:00:00 UTC,453,125,247075010,3.6402777777777779
2014-02-24 00:00:00 UTC,453,130,247075010,3.2874999999999996
2014-02-24 00:00:00 UTC,453,129,247075010,2.8126388888888885
2014-02-24 00:00:00 UTC,453,124,247051980,0.43111111111111111
2014-02-24 00:00:00 UTC,453,125,247051980,3.7151388888888892
2014-02-24 00:00:00 UTC,453,126,247051980,2.0379166666666668
2014-02-24 00:00:00 UTC,453,127,247051980,4.1698611111111115
2014-02-24 00:00:00 UTC,453,129,247051980,1.4665277777777777
2014-02-24 00:00:00 UTC,453,130,247051980,0.2638888888888889
2014-02-24 00:00:00 UTC,453,125,247051730,2.1377777777777776
2014-02-24 00:00:00 UTC,453,127,247051730,5.6138888888888907
2014-02-24 00:00:00 UTC,453,124,247051730,0.64305555555555549
2014-02-24 00:00:00 UTC,453,126,247051730,5.6381944444444452
2014-02-24 00:00:00 UTC,453,123,247056870,3.0211111111111104
2014-02-24 00:00:00 UTC,453,132,247092970,0.50583333333333336
2014-02-24 00:00:00 UTC,453,131,247092970,0.7716666666666665
2014-02-24 00:00:00 UTC,453,128,247050220,2.7511111111111117
2014-02-24 00:00:00 UTC,453,129,247050220,0.86458333333333337
2014-02-24 00:00:00 UTC,709,272,257164320,4.9187499999999993
2014-02-24 00:00:00 UTC,709,273,257164320,6.5280555555555555
2014-02-24 00:00:00 UTC,709,273,257205540,10.025
2014-02-24 00:00:00 UTC,709,272,257205540,1.5498611111111111
2014-02-24 00:00:00 UTC,709,293,259635000,0.56861111111111107
2014-02-24 00:00:00 UTC,709,292,259635000,6.1199999999999992
2014-02-24 00:00:00 UTC,709,222,258067000,0.55388888888888888
2014-02-24 00:00:00 UTC,709,271,257221740,1.8198611111111112
2014-02-24 00:00:00 UTC,709,261,257109120,0.799861111111111
2014-02-24 00:00:00 UTC,709,260,257774480,2.7277777777777779
2014-02-24 00:00:00 UTC,709,272,257343120,0.77083333333333326
2014-02-24 00:00:00 UTC,709,262,257311640,1.4204166666666667
2014-02-24 00:00:00 UTC,709,272,257003710,3.0390277777777777
2014-02-24 00:00:00 UTC,709,271,257003710,1.7650000000000001
2014-02-24 00:00:00 UTC,709,261,257097440,0.56625
2014-02-24 00:00:00 UTC,-315,1762,224256000,5.4063888888888894
2014-02-24 00:00:00 UTC,-315,518,225374000,0.83847222222222229
2014-02-24 00:00:00 UTC,-315,517,225374000,0.850138888888889
2014-02-24 00:00:00 UTC,-315,-31,224335000,1.6376388888888889
2014-02-24 00:00:00 UTC,-315,-118,224120000,0.72083333333333333
2014-02-24 00:00:00 UTC,-315,-119,224120000,0.077083333333333337
2014-02-24 00:00:00 UTC,-59,-1279,440936000,2.2501388888888889
2014-02-24 00:00:00 UTC,-59,-1236,432914000,1.6693055555555556
2014-02-24 00:00:00 UTC,-59,-1246,432914000,1.4463888888888889
2014-02-24 00:00:00 UTC,-59,-1247,432914000,3.4168055555555554
2014-02-24 00:00:00 UTC,-59,-1247,440966000,2.6348611111111113
2014-02-24 00:00:00 UTC,-59,-1248,440966000,2.7501388888888889
2014-02-24 00:00:00 UTC,-59,-1232,432475000,1.8833333333333333
2014-02-24 00:00:00 UTC,-59,-1454,416010900,1.7937500000000002
2014-02-24 00:00:00 UTC,-59,-1452,520238000,0.94180555555555556
2014-02-24 00:00:00 UTC,-59,-1251,441038000,1.3293055555555555
2014-02-24 00:00:00 UTC,-59,-1249,440706000,4.6291666666666664
2014-02-24 00:00:00 UTC,-59,-1293,431329000,1.6740277777777777
2014-02-24 00:00:00 UTC,-59,-1290,431329000,2.13375
2014-02-24 00:00:00 UTC,-59,-1248,441014000,0.9458333333333333
2014-02-24 00:00:00 UTC,-59,-1247,441014000,3.4666666666666668
2014-02-24 00:00:00 UTC,198,-172,412110254,24.003055555555555
2014-02-24 00:00:00 UTC,454,-34,227989000,2.6941666666666664
2014-02-24 00:00:00 UTC,454,129,247053580,8.5070833333333322
2014-02-24 00:00:00 UTC,454,126,247052560,4.0470833333333331
2014-02-24 00:00:00 UTC,454,125,247052560,6.1515277777777779
2014-02-24 00:00:00 UTC,454,131,247050520,0.98569444444444432
2014-02-24 00:00:00 UTC,454,130,247050520,1.37375
2014-02-24 00:00:00 UTC,454,125,247051820,2.3844444444444446
2014-02-24 00:00:00 UTC,454,127,247051820,1.8125
2014-02-24 00:00:00 UTC,454,126,247051820,3.4129166666666673
2014-02-24 00:00:00 UTC,454,127,247052590,0.28319444444444447
2014-02-24 00:00:00 UTC,454,126,247052590,1.5541666666666667
2014-02-24 00:00:00 UTC,454,125,247052590,0.86930555555555555
2014-02-24 00:00:00 UTC,454,131,247051910,1.234861111111111
2014-02-24 00:00:00 UTC,454,129,247051910,0.83902777777777782
2014-02-24 00:00:00 UTC,454,130,247051910,1.8518055555555557
2014-02-24 00:00:00 UTC,454,130,247052680,1.7459722222222225
2014-02-24 00:00:00 UTC,454,131,247052680,1.7261111111111109
2014-02-24 00:00:00 UTC,454,134,238316440,8.66388888888889
2014-02-24 00:00:00 UTC,454,126,247075010,1.5055555555555555
2014-02-24 00:00:00 UTC,454,127,247075010,0.56263888888888891
2014-02-24 00:00:00 UTC,454,125,247075010,0.575
2014-02-24 00:00:00 UTC,454,-19,228185800,17.025277777777777
2014-02-24 00:00:00 UTC,454,-18,228185800,1.9500000000000002
2014-02-24 00:00:00 UTC,454,127,247051980,0.76388888888888884
2014-02-24 00:00:00 UTC,454,126,247051980,1.9880555555555559
2014-02-24 00:00:00 UTC,454,129,247050220,1.2356944444444444
2014-02-24 00:00:00 UTC,454,131,247050220,2.786111111111111
2014-02-24 00:00:00 UTC,454,130,247050220,2.8063888888888888
2014-02-24 00:00:00 UTC,454,126,247053820,0.41902777777777778
2014-02-24 00:00:00 UTC,454,125,247053820,0.22972222222222222
2014-02-24 00:00:00 UTC,710,171,257248000,1.5361111111111112
2014-02-24 00:00:00 UTC,710,262,257141040,2.0315277777777778
2014-02-24 00:00:00 UTC,710,271,257221740,1.1493055555555556
2014-02-24 00:00:00 UTC,710,262,257309840,1.2172222222222224
2014-02-24 00:00:00 UTC,710,263,257309840,0.2663888888888889
2014-02-24 00:00:00 UTC,710,441,273521100,1.6163888888888889
2014-02-24 00:00:00 UTC,710,263,257097440,2.16875
2014-02-24 00:00:00 UTC,-314,1762,224256000,4.4813888888888886
2014-02-24 00:00:00 UTC,-314,520,225374000,0.49430555555555555
2014-02-24 00:00:00 UTC,-314,518,225374000,1.6887500000000002
2014-02-24 00:00:00 UTC,-314,-30,224335000,4.9401388888888889
2014-02-24 00:00:00 UTC,-314,527,224696000,1.6033333333333335
2014-02-24 00:00:00 UTC,-314,-123,224120000,4.945
2014-02-24 00:00:00 UTC,-314,-119,224120000,0.89555555555555555
2014-02-24 00:00:00 UTC,-58,-1280,440936000,2.9748611111111112
2014-02-24 00:00:00 UTC,-58,-1247,432914000,1.8147222222222221
2014-02-24 00:00:00 UTC,-58,-1247,440966000,5.1772222222222215
2014-02-24 00:00:00 UTC,-58,-1460,416010900,1.7730555555555554
2014-02-24 00:00:00 UTC,-58,-1454,416010900,1.3719444444444446
2014-02-24 00:00:00 UTC,-58,-1452,416010900,2.8123611111111111
2014-02-24 00:00:00 UTC,-58,-1452,520238000,4.8386111111111116
2014-02-24 00:00:00 UTC,-58,-1251,441038000,1.9897222222222222
2014-02-24 00:00:00 UTC,-58,-1249,440706000,2.7027777777777779
2014-02-24 00:00:00 UTC,-58,-1290,431329000,0.91305555555555551
2014-02-24 00:00:00 UTC,-58,-1248,441014000,4.2966666666666669
2014-02-24 00:00:00 UTC,-58,-1708,224523000,1.0444444444444445
2014-02-24 00:00:00 UTC,455,-36,227989000,9.5204166666666659
2014-02-24 00:00:00 UTC,711,171,257248000,1.5569444444444445
2014-02-24 00:00:00 UTC,711,436,273421600,1.5654166666666667
2014-02-24 00:00:00 UTC,711,437,273421600,3.1438888888888892
2014-02-24 00:00:00 UTC,711,438,273421600,7.1059722222222224
2014-02-24 00:00:00 UTC,711,438,273294400,3.1080555555555556
2014-02-24 00:00:00 UTC,711,435,273294400,5.5558333333333332
2014-02-24 00:00:00 UTC,711,430,273294400,2.3980555555555556
2014-02-24 00:00:00 UTC,711,276,257111140,0.97777777777777775
2014-02-24 00:00:00 UTC,711,277,257111140,0.22888888888888889
2014-02-24 00:00:00 UTC,711,275,257111140,1.1951388888888888
2014-02-24 00:00:00 UTC,711,262,257309840,2.4054166666666665
2014-02-24 00:00:00 UTC,711,263,257309840,0.27083333333333331
2014-02-24 00:00:00 UTC,711,261,257123220,1.661111111111111
2014-02-24 00:00:00 UTC,711,439,273211800,2.3072222222222223
2014-02-24 00:00:00 UTC,711,438,273211800,7.8737499999999994
2014-02-24 00:00:00 UTC,711,440,273211800,1.5919444444444446
2014-02-24 00:00:00 UTC,711,215,273212100,3.9359722222222224
2014-02-24 00:00:00 UTC,711,437,273521100,1.53125
2014-02-24 00:00:00 UTC,711,439,273521100,3.1548611111111109
2014-02-24 00:00:00 UTC,711,258,257117920,2.2025
2014-02-24 00:00:00 UTC,711,259,257117920,0.2675
2014-02-24 00:00:00 UTC,-313,1761,224256000,2.5818055555555555
2014-02-24 00:00:00 UTC,-313,521,225374000,0.42624999999999996
2014-02-24 00:00:00 UTC,-313,525,224696000,1.7391666666666667
2014-02-24 00:00:00 UTC,-313,-119,224120000,0.87555555555555564
2014-02-24 00:00:00 UTC,-313,-122,224120000,1.2225000000000001
2014-02-24 00:00:00 UTC,-57,-1278,440936000,1.725
2014-02-24 00:00:00 UTC,-57,-1666,412370007,1.2993055555555557
2014-02-24 00:00:00 UTC,-57,-1664,412370007,1.7845833333333334
2014-02-24 00:00:00 UTC,-57,-1667,412370007,2.3109722222222224
2014-02-24 00:00:00 UTC,-57,-1233,432475000,1.7804166666666665
2014-02-24 00:00:00 UTC,-57,-1455,416010900,2.425
2014-02-24 00:00:00 UTC,-57,-1459,416010900,6.3102777777777774
2014-02-24 00:00:00 UTC,-57,-1457,416010900,2.8086111111111114
2014-02-24 00:00:00 UTC,-57,-1460,416010900,1.7575
2014-02-24 00:00:00 UTC,-57,-1454,416010900,1.6680555555555556
2014-02-24 00:00:00 UTC,-57,-1456,416010900,2.7
2014-02-24 00:00:00 UTC,-57,-1252,441038000,3.3440277777777778
2014-02-24 00:00:00 UTC,-57,-1291,431329000,1.828611111111111
2014-02-24 00:00:00 UTC,456,134,247030770,7.1745833333333344
2014-02-24 00:00:00 UTC,456,135,247030770,2.6668055555555554
2014-02-24 00:00:00 UTC,456,-1242,367531260,3.4086111111111106
2014-02-24 00:00:00 UTC,712,170,257248000,2.3376388888888888
2014-02-24 00:00:00 UTC,712,169,257248000,1.53625
2014-02-24 00:00:00 UTC,712,436,273421600,1.5556944444444443
2014-02-24 00:00:00 UTC,712,434,273421600,1.5393055555555555
2014-02-24 00:00:00 UTC,712,435,273421600,1.5486111111111112
2014-02-24 00:00:00 UTC,712,432,273421600,3.9594444444444443
2014-02-24 00:00:00 UTC,712,433,273421600,3.0895833333333336
2014-02-24 00:00:00 UTC,712,431,273421600,1.5505555555555555
2014-02-24 00:00:00 UTC,712,433,273294400,3.0747222222222224
2014-02-24 00:00:00 UTC,712,436,273294400,1.548888888888889
2014-02-24 00:00:00 UTC,712,430,273294400,1.55
2014-02-24 00:00:00 UTC,712,431,273294400,3.9469444444444446
2014-02-24 00:00:00 UTC,712,435,273294400,1.5375
2014-02-24 00:00:00 UTC,712,278,257111140,0.70347222222222228
2014-02-24 00:00:00 UTC,712,277,257111140,1.0905555555555557
2014-02-24 00:00:00 UTC,712,276,257111140,0.22513888888888889
2014-02-24 00:00:00 UTC,712,432,273211800,1.55125
2014-02-24 00:00:00 UTC,712,433,273211800,1.5541666666666667
2014-02-24 00:00:00 UTC,712,436,273211800,1.5484722222222222
2014-02-24 00:00:00 UTC,712,435,273211800,2.3108333333333335
2014-02-24 00:00:00 UTC,712,431,273211800,5.5238888888888891
2014-02-24 00:00:00 UTC,712,430,273298100,2.3031944444444443
2014-02-24 00:00:00 UTC,712,437,273298100,1.5469444444444445
2014-02-24 00:00:00 UTC,712,434,273298100,1.5526388888888889
2014-02-24 00:00:00 UTC,712,438,273298100,1.5502777777777776
2014-02-24 00:00:00 UTC,712,435,273298100,2.3169444444444443
2014-02-24 00:00:00 UTC,712,352,273517500,1.5347222222222223
2014-02-24 00:00:00 UTC,712,354,273517500,5.4752777777777784
2014-02-24 00:00:00 UTC,712,355,273297100,5.4972222222222227
2014-02-24 00:00:00 UTC,712,356,273297100,3.1111111111111112
2014-02-24 00:00:00 UTC,712,436,273521100,5.4884722222222226
2014-02-24 00:00:00 UTC,712,435,273521100,5.48375
2014-02-24 00:00:00 UTC,712,430,273521100,2.3316666666666666
2014-02-24 00:00:00 UTC,712,434,273521100,2.3248611111111108
2014-02-24 00:00:00 UTC,712,433,273521100,1.5194444444444444
2014-02-24 00:00:00 UTC,712,253,259937000,1.6126388888888887
2014-02-24 00:00:00 UTC,712,252,259937000,1.54875
2014-02-24 00:00:00 UTC,-312,1760,224256000,2.4018055555555557
2014-02-24 00:00:00 UTC,-312,521,225374000,4.7998611111111114
2014-02-24 00:00:00 UTC,-312,526,224696000,0.69722222222222219
2014-02-24 00:00:00 UTC,-312,529,224696000,4.8166666666666664
2014-02-24 00:00:00 UTC,-312,527,224696000,0.32388888888888889
2014-02-24 00:00:00 UTC,-312,-121,224120000,6.271527777777778
2014-02-24 00:00:00 UTC,-312,-119,224120000,0.805
2014-02-24 00:00:00 UTC,-56,-1278,440936000,1.7741666666666664
2014-02-24 00:00:00 UTC,-56,-1236,432914000,1.84875
2014-02-24 00:00:00 UTC,-56,-1237,432914000,1.81125
2014-02-24 00:00:00 UTC,-56,-1667,412370007,6.2645833333333334
2014-02-24 00:00:00 UTC,-56,-1665,412370007,1.9079166666666667
2014-02-24 00:00:00 UTC,-56,-1271,440931000,0.8486111111111112
2014-02-24 00:00:00 UTC,-56,-1269,440931000,1.7168055555555555
2014-02-24 00:00:00 UTC,-56,-1268,440780000,1.7609722222222222
2014-02-24 00:00:00 UTC,-56,-1291,431329000,4.4172222222222217
2014-02-24 00:00:00 UTC,-56,-1295,431329000,1.77
2014-02-24 00:00:00 UTC,201,-176,244563000,4.2879166666666668
2014-02-24 00:00:00 UTC,201,1103,800026110,2.1847222222222222
2014-02-24 00:00:00 UTC,457,-36,224067130,0.26666666666666666
2014-02-24 00:00:00 UTC,457,-39,224067130,12.429583333333335
2014-02-24 00:00:00 UTC,457,-38,224067130,3.9065277777777778
2014-02-24 00:00:00 UTC,457,-37,224067130,2.8676388888888891
2014-02-24 00:00:00 UTC,457,-1242,367531260,2.57375
2014-02-24 00:00:00 UTC,457,-1241,367531260,1.288888888888889
2014-02-24 00:00:00 UTC,713,257,259252000,1.8800000000000001
2014-02-24 00:00:00 UTC,713,255,259252000,3.107361111111111
2014-02-24 00:00:00 UTC,713,254,259252000,0.74847222222222221
2014-02-24 00:00:00 UTC,713,253,259252000,0.70652777777777787
2014-02-24 00:00:00 UTC,713,242,273811080,1.5540277777777778
2014-02-24 00:00:00 UTC,713,241,273811080,6.275
2014-02-24 00:00:00 UTC,713,240,273811080,6.2127777777777773
2014-02-24 00:00:00 UTC,713,252,273415090,1.5484722222222222
2014-02-24 00:00:00 UTC,713,431,273298100,1.5470833333333334
2014-02-24 00:00:00 UTC,713,354,273517500,7.0136111111111106
2014-02-24 00:00:00 UTC,713,355,273517500,4.7329166666666662
2014-02-24 00:00:00 UTC,713,353,273517500,5.4869444444444451
2014-02-24 00:00:00 UTC,713,357,273297100,1.5916666666666668
2014-02-24 00:00:00 UTC,713,257,273454800,2.5765277777777778
2014-02-24 00:00:00 UTC,713,259,273454800,5.8330555555555552
2014-02-24 00:00:00 UTC,713,258,273454800,3.1856944444444442
2014-02-24 00:00:00 UTC,713,255,273454800,0.47625
2014-02-24 00:00:00 UTC,713,256,273454800,1.1695833333333334
2014-02-24 00:00:00 UTC,713,260,273454800,0.27375
2014-02-24 00:00:00 UTC,713,240,273350610,7.8159722222222232
2014-02-24 00:00:00 UTC,713,242,273350610,1.6030555555555557
2014-02-24 00:00:00 UTC,713,243,273350610,1.5502777777777776
2014-02-24 00:00:00 UTC,713,239,273350610,1.5806944444444446
2014-02-24 00:00:00 UTC,713,237,273350610,1.5513888888888889
2014-02-24 00:00:00 UTC,-567,-692,725002350,3.09375
2014-02-24 00:00:00 UTC,-311,1761,224256000,1.8180555555555555
2014-02-24 00:00:00 UTC,-311,887,263583000,1.5831944444444446
2014-02-24 00:00:00 UTC,-311,889,263583000,1.3618055555555555
2014-02-24 00:00:00 UTC,-311,-28,224335000,4.8374999999999995
2014-02-24 00:00:00 UTC,-311,848,224654000,2.0598611111111111
2014-02-24 00:00:00 UTC,-311,851,224654000,1.9644444444444444
2014-02-24 00:00:00 UTC,-311,852,224654000,4.6194444444444445
2014-02-24 00:00:00 UTC,-311,527,224696000,1.0566666666666666
2014-02-24 00:00:00 UTC,-311,-119,224120000,1.8377777777777777
2014-02-24 00:00:00 UTC,-311,-120,224120000,3.315555555555556
2014-02-24 00:00:00 UTC,-55,-1278,440936000,1.6251388888888889
2014-02-24 00:00:00 UTC,-55,-1279,440936000,1.8752777777777778
2014-02-24 00:00:00 UTC,-55,-1271,440931000,0.78055555555555556
2014-02-24 00:00:00 UTC,-55,-1269,440931000,0.93319444444444444
2014-02-24 00:00:00 UTC,-55,-1268,440931000,0.92625
2014-02-24 00:00:00 UTC,-55,-1271,440780000,1.6984722222222224
2014-02-24 00:00:00 UTC,-55,-1268,440780000,1.7595833333333333
2014-02-24 00:00:00 UTC,-55,-1295,431329000,0.95958333333333334
2014-02-24 00:00:00 UTC,202,-176,244563000,2.506388888888889
2014-02-24 00:00:00 UTC,458,-26,227860000,1.0609722222222222
2014-02-24 00:00:00 UTC,458,-27,228157000,0.57208333333333339
2014-02-24 00:00:00 UTC,458,-34,227408000,4.420694444444444
2014-02-24 00:00:00 UTC,458,-35,227408000,0.30180555555555555
2014-02-24 00:00:00 UTC,458,-1248,367187080,3.7888888888888888
2014-02-24 00:00:00 UTC,458,-27,228137900,0.50166666666666659
2014-02-24 00:00:00 UTC,458,-33,227883000,4.5263888888888886
2014-02-24 00:00:00 UTC,458,-35,227883000,0.8240277777777778
2014-02-24 00:00:00 UTC,458,-34,227883000,0.94430555555555551
2014-02-24 00:00:00 UTC,458,-1242,367531260,1.3043055555555556
2014-02-24 00:00:00 UTC,458,-1241,367531260,0.47972222222222227
2014-02-24 00:00:00 UTC,714,166,257248000,2.3706944444444442
2014-02-24 00:00:00 UTC,714,258,259252000,1.0920833333333333
2014-02-24 00:00:00 UTC,714,240,273811080,3.1456944444444446
2014-02-24 00:00:00 UTC,714,241,273811080,1.58875
2014-02-24 00:00:00 UTC,714,254,273415090,7.3006944444444439
2014-02-24 00:00:00 UTC,714,252,273415090,2.8415277777777779
2014-02-24 00:00:00 UTC,714,255,273415090,2.0093055555555557
2014-02-24 00:00:00 UTC,714,248,273415090,2.3144444444444443
2014-02-24 00:00:00 UTC,714,258,273415090,2.9090277777777778
2014-02-24 00:00:00 UTC,714,259,273415090,1.3468055555555556
2014-02-24 00:00:00 UTC,714,249,273415090,1.5595833333333333
2014-02-24 00:00:00 UTC,714,257,273415090,1.3029166666666665
2014-02-24 00:00:00 UTC,714,433,273298100,6.3383333333333329
2014-02-24 00:00:00 UTC,714,259,273454800,6.6444444444444439
2014-02-24 00:00:00 UTC,714,256,273454800,0.26569444444444446
2014-02-24 00:00:00 UTC,714,260,273454800,0.22375
2014-02-24 00:00:00 UTC,714,257,273454800,0.55875
2014-02-24 00:00:00 UTC,714,238,273350610,3.8720833333333333
2014-02-24 00:00:00 UTC,714,239,273350610,2.3425000000000002
2014-02-24 00:00:00 UTC,-310,1761,224256000,3.9715277777777782
2014-02-24 00:00:00 UTC,-310,891,263583000,1.5122222222222224
2014-02-24 00:00:00 UTC,-310,893,263583000,4.671388888888889
2014-02-24 00:00:00 UTC,-310,890,263583000,1.1808333333333334
2014-02-24 00:00:00 UTC,-310,-33,224335000,1.5093055555555557
2014-02-24 00:00:00 UTC,-310,-29,224335000,1.2561111111111112
2014-02-24 00:00:00 UTC,-310,-30,224335000,1.3377777777777777
2014-02-24 00:00:00 UTC,-310,847,224654000,1.6180555555555554
2014-02-24 00:00:00 UTC,-310,529,224696000,1.8279166666666669
2014-02-24 00:00:00 UTC,-310,-118,224120000,0.69819444444444445
2014-02-24 00:00:00 UTC,-310,-119,224120000,2.4455555555555559
2014-02-24 00:00:00 UTC,-54,-1278,440936000,1.8004166666666666
2014-02-24 00:00:00 UTC,-54,-1511,412695630,1.8481944444444443
2014-02-24 00:00:00 UTC,-54,-1508,412695630,2.8144444444444447
2014-02-24 00:00:00 UTC,-54,-1513,412695630,0.91208333333333336
2014-02-24 00:00:00 UTC,-54,-1514,412695630,0.89916666666666678
2014-02-24 00:00:00 UTC,-54,-1269,440931000,1.8179166666666666
2014-02-24 00:00:00 UTC,-54,-1268,440780000,1.8181944444444444
2014-02-24 00:00:00 UTC,459,-26,228229900,5.144166666666667
2014-02-24 00:00:00 UTC,459,-27,227860000,1.5344444444444445
2014-02-24 00:00:00 UTC,459,-26,227860000,0.46583333333333332
2014-02-24 00:00:00 UTC,459,-27,228157000,0.22069444444444444
2014-02-24 00:00:00 UTC,459,-25,228157000,0.20569444444444446
2014-02-24 00:00:00 UTC,459,-26,228157000,2.8593055555555553
2014-02-24 00:00:00 UTC,459,-1248,367187080,2.5168055555555551
2014-02-24 00:00:00 UTC,459,-26,228367000,2.403888888888889
2014-02-24 00:00:00 UTC,459,-27,228137900,2.655416666666667
2014-02-24 00:00:00 UTC,459,-25,228931000,0.31847222222222227
2014-02-24 00:00:00 UTC,459,-26,228931000,7.3815277777777775
2014-02-24 00:00:00 UTC,459,-1242,367531260,2.275
2014-02-24 00:00:00 UTC,715,165,257248000,1.5638888888888889
2014-02-24 00:00:00 UTC,715,240,273811080,4.7208333333333332
2014-02-24 00:00:00 UTC,715,259,273454800,2.342916666666667
2014-02-24 00:00:00 UTC,-309,1760,224256000,3.8593055555555558
2014-02-24 00:00:00 UTC,-309,893,263583000,4.7394444444444446
2014-02-24 00:00:00 UTC,-309,-34,224335000,3.1759722222222226
2014-02-24 00:00:00 UTC,-309,-31,224335000,3.2555555555555555
2014-02-24 00:00:00 UTC,-53,-1455,412695580,2.3809722222222227
2014-02-24 00:00:00 UTC,-53,-1454,412695580,1.6695833333333332
2014-02-24 00:00:00 UTC,-53,-1456,412695580,2.7101388888888884
2014-02-24 00:00:00 UTC,-53,-1458,412695580,4.3961111111111109
2014-02-24 00:00:00 UTC,-53,-168,416128800,0.80041666666666667
2014-02-24 00:00:00 UTC,-53,-1278,440936000,1.8
2014-02-24 00:00:00 UTC,-53,-1511,412695630,2.6768055555555557
2014-02-24 00:00:00 UTC,-53,-1272,440931000,0.71333333333333337
2014-02-24 00:00:00 UTC,-53,-1273,440931000,0.45875
2014-02-24 00:00:00 UTC,-53,-1270,440931000,1.3458333333333334
2014-02-24 00:00:00 UTC,-53,-1272,440780000,1.1568055555555556
2014-02-24 00:00:00 UTC,-53,-1269,440780000,2.1790277777777778
2014-02-24 00:00:00 UTC,460,-21,227328000,0.7136111111111112
2014-02-24 00:00:00 UTC,460,-27,228229900,1.5366666666666666
2014-02-24 00:00:00 UTC,460,-26,228107800,1.4711111111111113
2014-02-24 00:00:00 UTC,460,-25,228107800,1.8319444444444444
2014-02-24 00:00:00 UTC,460,-27,228107800,0.23125
2014-02-24 00:00:00 UTC,460,-27,227860000,0.62222222222222223
2014-02-24 00:00:00 UTC,460,-27,227443000,3.8850000000000002
2014-02-24 00:00:00 UTC,460,-27,228157000,11.308611111111111
2014-02-24 00:00:00 UTC,460,-20,228114000,7.535277777777778
2014-02-24 00:00:00 UTC,460,-25,226150000,1.9209722222222223
2014-02-24 00:00:00 UTC,460,-27,226150000,0.20402777777777778
2014-02-24 00:00:00 UTC,460,-26,226150000,1.3941666666666666
2014-02-24 00:00:00 UTC,460,-1248,367187080,1.4212500000000001
2014-02-24 00:00:00 UTC,460,-1249,367187080,8.7277777777777779
2014-02-24 00:00:00 UTC,460,-27,228367000,1.2002777777777778
2014-02-24 00:00:00 UTC,460,-36,228239000,3.9823611111111115
2014-02-24 00:00:00 UTC,460,-42,228975000,8.0826388888888889
2014-02-24 00:00:00 UTC,460,-19,227833000,6.8606944444444462
2014-02-24 00:00:00 UTC,460,-27,228137900,11.511111111111113
2014-02-24 00:00:00 UTC,460,-26,227415000,9.2802777777777781
2014-02-24 00:00:00 UTC,460,-1242,367531260,3.0279166666666666
2014-02-24 00:00:00 UTC,-308,464,24288000,4.637777777777778
2014-02-24 00:00:00 UTC,-308,527,225374000,4.6763888888888889
2014-02-24 00:00:00 UTC,-308,856,224654000,2.1486111111111112
2014-02-24 00:00:00 UTC,-308,852,224654000,4.7318055555555558
2014-02-24 00:00:00 UTC,-308,529,224696000,4.7344444444444447
2014-02-24 00:00:00 UTC,-52,-1456,412695580,3.7754166666666662
2014-02-24 00:00:00 UTC,-52,-1455,412695580,1.7711111111111111
2014-02-24 00:00:00 UTC,-52,-1454,412695580,1.3961111111111111
2014-02-24 00:00:00 UTC,-52,-1279,440936000,8.7994444444444451
2014-02-24 00:00:00 UTC,-52,-1508,412695630,1.961111111111111
2014-02-24 00:00:00 UTC,-52,-1509,412695630,0.75777777777777777
2014-02-24 00:00:00 UTC,-52,-1793,520241000,8.60513888888889
2014-02-24 00:00:00 UTC,-52,-1270,440931000,1.6943055555555555
2014-02-24 00:00:00 UTC,-52,-1271,440931000,0.46708333333333329
2014-02-24 00:00:00 UTC,-52,-1273,440931000,1.1263888888888889
2014-02-24 00:00:00 UTC,-52,-1269,440780000,1.3213888888888889
2014-02-24 00:00:00 UTC,-52,-1272,440780000,1.1408333333333334
2014-02-24 00:00:00 UTC,461,-21,227328000,13.117083333333335
2014-02-24 00:00:00 UTC,461,-20,227328000,11.141944444444443
2014-02-24 00:00:00 UTC,461,-20,228018700,7.9472222222222229
2014-02-24 00:00:00 UTC,461,-28,228229900,0.49680555555555556
2014-02-24 00:00:00 UTC,461,-27,228229900,1.4444444444444444
2014-02-24 00:00:00 UTC,461,-28,228107800,0.87944444444444447
2014-02-24 00:00:00 UTC,461,-26,228107800,2.2570833333333331
2014-02-24 00:00:00 UTC,461,-27,228107800,1.1488888888888888
2014-02-24 00:00:00 UTC,461,-25,228107800,1.4740277777777779
2014-02-24 00:00:00 UTC,461,-20,226004000,8.65125
2014-02-24 00:00:00 UTC,461,-28,227443000,0.20583333333333331
2014-02-24 00:00:00 UTC,461,-27,227443000,1.7761111111111108
2014-02-24 00:00:00 UTC,461,-20,228114000,16.139583333333331
2014-02-24 00:00:00 UTC,461,-25,226150000,3.3619444444444446
2014-02-24 00:00:00 UTC,461,-27,226150000,1.2601388888888887
2014-02-24 00:00:00 UTC,461,-28,226150000,7.7941666666666665
2014-02-24 00:00:00 UTC,461,-1248,367187080,1.7797222222222222
2014-02-24 00:00:00 UTC,461,-1247,367187080,1.6205555555555555
2014-02-24 00:00:00 UTC,461,-28,228367000,0.45819444444444446
2014-02-24 00:00:00 UTC,461,-27,228367000,1.58
2014-02-24 00:00:00 UTC,461,-37,228239000,2.2769444444444447
2014-02-24 00:00:00 UTC,461,-36,228239000,2.8898611111111112
2014-02-24 00:00:00 UTC,461,-42,228975000,7.9127777777777775
2014-02-24 00:00:00 UTC,461,-43,228975000,0.35347222222222219
2014-02-24 00:00:00 UTC,461,-19,227833000,15.964444444444446
2014-02-24 00:00:00 UTC,461,-20,227577000,6.1143055555555552
2014-02-24 00:00:00 UTC,461,-19,227577000,8.88875
2014-02-24 00:00:00 UTC,461,-28,227415000,0.20986111111111111
2014-02-24 00:00:00 UTC,461,-27,227415000,1.8430555555555554
2014-02-24 00:00:00 UTC,461,-20,227574000,22.268611111111117
2014-02-24 00:00:00 UTC,461,-1242,367531260,0.80902777777777779
2014-02-24 00:00:00 UTC,461,-1243,367531260,0.013749999999999998
2014-02-24 00:00:00 UTC,717,250,259247000,3.0997222222222223
2014-02-24 00:00:00 UTC,717,249,259247000,1.5620833333333333
2014-02-24 00:00:00 UTC,717,251,259247000,4.7265277777777781
2014-02-24 00:00:00 UTC,-307,464,24288000,1.2056944444444444
2014-02-24 00:00:00 UTC,-307,526,225374000,2.902222222222222
2014-02-24 00:00:00 UTC,-307,856,224654000,1.9281944444444445
2014-02-24 00:00:00 UTC,-307,855,224654000,0.65666666666666673
2014-02-24 00:00:00 UTC,-307,530,224696000,2.4127777777777779
2014-02-24 00:00:00 UTC,-51,-1464,412695580,5.5944444444444441
2014-02-24 00:00:00 UTC,-51,118,228186000,0.65652777777777771
2014-02-24 00:00:00 UTC,-51,-1271,440931000,1.9705555555555556
2014-02-24 00:00:00 UTC,-51,-1275,440931000,1.6790277777777778
2014-02-24 00:00:00 UTC,-51,-1270,440780000,1.3247222222222224
2014-02-24 00:00:00 UTC,-51,-1269,440780000,0.64
2014-02-24 00:00:00 UTC,206,-1054,345990192,1.8870833333333334
2014-02-24 00:00:00 UTC,462,-24,228240900,1.3204166666666668
2014-02-24 00:00:00 UTC,462,-20,228018700,7.9800000000000013
2014-02-24 00:00:00 UTC,462,-28,228229900,7.6070833333333336
2014-02-24 00:00:00 UTC,462,-25,228107800,0.23986111111111114
2014-02-24 00:00:00 UTC,462,-24,228107800,3.4051388888888887
2014-02-24 00:00:00 UTC,462,-20,226004000,3.5173611111111112
2014-02-24 00:00:00 UTC,462,-24,228209700,2.0763888888888888
2014-02-24 00:00:00 UTC,462,-23,228209700,4.0177777777777779
2014-02-24 00:00:00 UTC,462,-28,227443000,1.5930555555555554
2014-02-24 00:00:00 UTC,462,-23,227878000,1.0415277777777778
2014-02-24 00:00:00 UTC,462,-23,226150000,3.0018055555555558
2014-02-24 00:00:00 UTC,462,-25,226150000,3.1651388888888889
2014-02-24 00:00:00 UTC,462,-1247,367187080,1.5119444444444448
2014-02-24 00:00:00 UTC,462,-1246,367187080,0.34736111111111112
2014-02-24 00:00:00 UTC,462,-28,228367000,6.9518055555555556
2014-02-24 00:00:00 UTC,462,-34,228239000,2.2075
2014-02-24 00:00:00 UTC,462,-23,228888000,5.2240277777777795
2014-02-24 00:00:00 UTC,462,-24,228888000,0.61236111111111113
2014-02-24 00:00:00 UTC,462,-26,228184000,2.029722222222222
2014-02-24 00:00:00 UTC,462,-23,227319490,6.3665277777777778
2014-02-24 00:00:00 UTC,462,-23,228253900,0.47361111111111109
2014-02-24 00:00:00 UTC,462,-24,228253900,15.280833333333334
2014-02-24 00:00:00 UTC,462,-25,227426000,3.1890277777777776
2014-02-24 00:00:00 UTC,462,-28,227415000,1.7243055555555555
2014-02-24 00:00:00 UTC,462,-24,228240600,2.6133333333333333
2014-02-24 00:00:00 UTC,718,249,259247000,1.5458333333333334
2014-02-24 00:00:00 UTC,718,250,259247000,3.0908333333333333
2014-02-24 00:00:00 UTC,718,454,273550500,1.5513888888888889
2014-02-24 00:00:00 UTC,718,456,273550500,1.5538888888888889
2014-02-24 00:00:00 UTC,718,449,273550500,3.1416666666666666
2014-02-24 00:00:00 UTC,718,461,273550500,5.5013888888888891
2014-02-24 00:00:00 UTC,718,451,273550500,1.5388888888888888
2014-02-24 00:00:00 UTC,-306,466,24288000,4.7926388888888889
2014-02-24 00:00:00 UTC,-306,463,24288000,2.2713888888888887
2014-02-24 00:00:00 UTC,-306,528,225374000,1.1879166666666667
2014-02-24 00:00:00 UTC,-306,853,224654000,0.67722222222222217
2014-02-24 00:00:00 UTC,-306,854,224654000,0.84861111111111132
2014-02-24 00:00:00 UTC,-306,855,224654000,0.78055555555555556
2014-02-24 00:00:00 UTC,-306,852,224654000,0.9029166666666667
2014-02-24 00:00:00 UTC,-306,850,224654000,1.8780555555555556
2014-02-24 00:00:00 UTC,-306,530,224696000,1.6338888888888889
2014-02-24 00:00:00 UTC,-50,-214,224261000,2.333333333333333
2014-02-24 00:00:00 UTC,-50,118,228186000,5.7022222222222219
2014-02-24 00:00:00 UTC,-50,-1271,440931000,1.8152777777777778
2014-02-24 00:00:00 UTC,-50,-1273,440780000,2.6194444444444445
2014-02-24 00:00:00 UTC,-50,-1270,440780000,1.8818055555555555
2014-02-24 00:00:00 UTC,463,-24,228240900,1.3519444444444444
2014-02-24 00:00:00 UTC,463,-1242,367379720,1.21625
2014-02-24 00:00:00 UTC,463,-24,228209700,4.5943055555555548
2014-02-24 00:00:00 UTC,463,-23,228209700,5.3575
2014-02-24 00:00:00 UTC,463,-25,228209700,1.7795833333333333
2014-02-24 00:00:00 UTC,463,-25,227561000,12.264305555555556
2014-02-24 00:00:00 UTC,463,-19,227806000,1.306111111111111
2014-02-24 00:00:00 UTC,463,-29,227443000,1.5277777777777777
2014-02-24 00:00:00 UTC,463,-28,227443000,0.27749999999999997
2014-02-24 00:00:00 UTC,463,-24,227878000,0.81263888888888891
2014-02-24 00:00:00 UTC,463,-22,227878000,0.72597222222222224
2014-02-24 00:00:00 UTC,463,-23,227878000,21.923750000000002
2014-02-24 00:00:00 UTC,463,-23,228888000,0.897361111111111
2014-02-24 00:00:00 UTC,463,-25,228888000,7.9475
2014-02-24 00:00:00 UTC,463,-24,228888000,5.6926388888888892
2014-02-24 00:00:00 UTC,463,-26,228184000,13.170694444444443
2014-02-24 00:00:00 UTC,463,-22,227319490,5.9345833333333333
2014-02-24 00:00:00 UTC,463,-23,227319490,2.8651388888888887
2014-02-24 00:00:00 UTC,463,-23,228253900,5.6804166666666669
2014-02-24 00:00:00 UTC,463,-26,227426000,1.6447222222222224
2014-02-24 00:00:00 UTC,463,-25,227426000,2.5144444444444445
2014-02-24 00:00:00 UTC,463,-29,227415000,1.2843055555555556
2014-02-24 00:00:00 UTC,463,-28,227415000,0.21944444444444444
2014-02-24 00:00:00 UTC,463,-24,228240600,7.700277777777778
2014-02-24 00:00:00 UTC,463,-23,228240600,6.1258333333333335
2014-02-24 00:00:00 UTC,463,-22,228240600,0.3536111111111111
2014-02-24 00:00:00 UTC,719,449,231124000,7.0429166666666667
2014-02-24 00:00:00 UTC,719,453,231124000,1.5543055555555556
2014-02-24 00:00:00 UTC,719,447,231124000,1.5316666666666667
2014-02-24 00:00:00 UTC,719,444,231124000,1.5611111111111111
2014-02-24 00:00:00 UTC,719,250,259247000,3.1876388888888889
2014-02-24 00:00:00 UTC,719,249,259247000,3.1111111111111112
2014-02-24 00:00:00 UTC,719,457,273550500,1.555
2014-02-24 00:00:00 UTC,719,456,273550500,4.7195833333333335
2014-02-24 00:00:00 UTC,719,460,273550500,1.5443055555555556
2014-02-24 00:00:00 UTC,719,454,273550500,3.1527777777777777
2014-02-24 00:00:00 UTC,-305,464,24288000,1.6369444444444443
2014-02-24 00:00:00 UTC,-305,527,225374000,1.2447222222222223
2014-02-24 00:00:00 UTC,-305,526,225374000,1.6223611111111111
2014-02-24 00:00:00 UTC,-49,-215,224261000,2.7666666666666666
2014-02-24 00:00:00 UTC,-49,-1732,440986000,3.9811111111111113
2014-02-24 00:00:00 UTC,-49,-1731,440986000,1.5058333333333334
2014-02-24 00:00:00 UTC,-49,-371,710000020,3.1401388888888886
2014-02-24 00:00:00 UTC,-49,-1276,440931000,2.7458333333333331
2014-02-24 00:00:00 UTC,-49,-1272,440931000,3.6611111111111114
2014-02-24 00:00:00 UTC,-49,-1270,440780000,2.5595833333333333
2014-02-24 00:00:00 UTC,-49,-1271,440780000,1.8330555555555557
2014-02-24 00:00:00 UTC,464,-1242,367379720,0.18263888888888891
2014-02-24 00:00:00 UTC,464,-30,227443000,1.1169444444444445
2014-02-24 00:00:00 UTC,464,-29,227443000,2.05875
2014-02-24 00:00:00 UTC,464,-40,228189000,0.84611111111111115
2014-02-24 00:00:00 UTC,464,-41,228189000,2.1059722222222224
2014-02-24 00:00:00 UTC,464,-25,227648190,6.8443055555555556
2014-02-24 00:00:00 UTC,464,-24,227648190,6.1772222222222215
2014-02-24 00:00:00 UTC,464,-29,227415000,1.3445833333333335
2014-02-24 00:00:00 UTC,464,-30,227415000,0.6125
2014-02-24 00:00:00 UTC,464,-24,228240600,3.1466666666666674
2014-02-24 00:00:00 UTC,464,-1242,367531260,1.1295833333333334
2014-02-24 00:00:00 UTC,720,455,231124000,3.096111111111111
2014-02-24 00:00:00 UTC,720,452,231124000,1.5484722222222222
2014-02-24 00:00:00 UTC,-304,464,24288000,1.4029166666666666
2014-02-24 00:00:00 UTC,-304,530,224696000,1.5162499999999999
2014-02-24 00:00:00 UTC,-304,531,224696000,1.4601388888888889
2014-02-24 00:00:00 UTC,-304,-98,263415290,5.9820833333333336
2014-02-24 00:00:00 UTC,-48,-214,224261000,1.7934722222222221
2014-02-24 00:00:00 UTC,-48,-1731,440986000,7.3076388888888877
2014-02-24 00:00:00 UTC,-48,-1732,440986000,1.830138888888889
2014-02-24 00:00:00 UTC,209,1105,200004010,1.6240277777777776
2014-02-24 00:00:00 UTC,465,-27,227584000,4.3948611111111111
2014-02-24 00:00:00 UTC,465,-26,227584000,0.43083333333333335
2014-02-24 00:00:00 UTC,465,-27,228169000,18.594583333333325
2014-02-24 00:00:00 UTC,465,-30,227443000,1.2161111111111111
2014-02-24 00:00:00 UTC,465,-26,227901000,7.4452777777777781
2014-02-24 00:00:00 UTC,465,-27,227901000,13.584444444444443
2014-02-24 00:00:00 UTC,465,-44,228946000,2.2690277777777776
2014-02-24 00:00:00 UTC,465,-39,227857000,0.49166666666666664
2014-02-24 00:00:00 UTC,465,-26,227834000,2.2375
2014-02-24 00:00:00 UTC,465,-1249,367019950,1.4190277777777776
2014-02-24 00:00:00 UTC,465,-24,227648190,1.1027777777777779
2014-02-24 00:00:00 UTC,465,-27,228301000,0.27430555555555558
2014-02-24 00:00:00 UTC,465,-30,227415000,1.0847222222222221
2014-02-24 00:00:00 UTC,721,414,257139000,1.6070833333333332
2014-02-24 00:00:00 UTC,721,250,257466000,4.7472222222222227
2014-02-24 00:00:00 UTC,-303,465,24288000,1.4693055555555556
2014-02-24 00:00:00 UTC,-47,1796,520241000,4.5359722222222221
2014-02-24 00:00:00 UTC,-47,1798,520241000,8.655
2014-02-24 00:00:00 UTC,-47,-214,224261000,1.1433333333333333
2014-02-24 00:00:00 UTC,-47,-1730,440986000,1.8633333333333333
2014-02-24 00:00:00 UTC,210,1106,412480124,0.1509722222222222
2014-02-24 00:00:00 UTC,210,1106,200004010,1.6266666666666669
2014-02-24 00:00:00 UTC,210,1105,412480193,1.6661111111111109
2014-02-24 00:00:00 UTC,466,-27,227584000,7.5811111111111105
2014-02-24 00:00:00 UTC,466,-28,228169000,3.2281944444444446
2014-02-24 00:00:00 UTC,466,-27,228169000,1.8350000000000002
2014-02-24 00:00:00 UTC,466,-26,227901000,0.42180555555555554
2014-02-24 00:00:00 UTC,466,-27,227901000,2.4105555555555553
2014-02-24 00:00:00 UTC,466,-46,228946000,4.4736111111111114
2014-02-24 00:00:00 UTC,466,-44,228946000,8.4715277777777782
2014-02-24 00:00:00 UTC,466,-38,227857000,2.9380555555555556
2014-02-24 00:00:00 UTC,466,-39,227857000,10.490000000000002
2014-02-24 00:00:00 UTC,466,-27,227834000,3.0673611111111119
2014-02-24 00:00:00 UTC,466,-26,227834000,14.294999999999998
2014-02-24 00:00:00 UTC,466,-31,228313000,10.859583333333333
2014-02-24 00:00:00 UTC,466,-1249,367019950,10.8625
2014-02-24 00:00:00 UTC,466,1399,273812400,6.0818055555555555
2014-02-24 00:00:00 UTC,466,1398,273812400,6.3734722222222224
2014-02-24 00:00:00 UTC,466,-27,228301000,10.044583333333334
2014-02-24 00:00:00 UTC,466,-26,227563000,18.226666666666667
2014-02-24 00:00:00 UTC,466,-27,227563000,0.23472222222222222
2014-02-24 00:00:00 UTC,-302,-97,263415290,2.0718055555555557
2014-02-24 00:00:00 UTC,-46,1796,520241000,3.67375
2014-02-24 00:00:00 UTC,-46,-1705,440987000,0.93069444444444449
2014-02-24 00:00:00 UTC,-46,-1704,440987000,0.915138888888889
2014-02-24 00:00:00 UTC,-46,-1703,440987000,1.8140277777777778
2014-02-24 00:00:00 UTC,-46,-1702,440987000,1.4969444444444444
2014-02-24 00:00:00 UTC,-46,-213,224261000,1.9247222222222222
2014-02-24 00:00:00 UTC,-46,-1569,440952000,3.620972222222222
2014-02-24 00:00:00 UTC,-46,-1560,440920000,1.405
2014-02-24 00:00:00 UTC,-46,-1561,440920000,1.6801388888888891
2014-02-24 00:00:00 UTC,-46,-1565,440920000,1.8712499999999999
2014-02-24 00:00:00 UTC,211,1105,412468489,1.7416666666666667
2014-02-24 00:00:00 UTC,211,1106,412468489,0.78930555555555548
2014-02-24 00:00:00 UTC,211,1105,412468505,4.2677777777777779
2014-02-24 00:00:00 UTC,211,1106,412468505,3.3093055555555555
2014-02-24 00:00:00 UTC,211,1107,412480124,14.317222222222222
2014-02-24 00:00:00 UTC,211,1106,412480124,0.3026388888888889
2014-02-24 00:00:00 UTC,211,1107,412480405,5.0666666666666664
2014-02-24 00:00:00 UTC,211,1106,200004010,0.89097222222222228
2014-02-24 00:00:00 UTC,211,1107,412480444,5.6468055555555559
2014-02-24 00:00:00 UTC,467,-46,227412000,9.9570833333333333
2014-02-24 00:00:00 UTC,467,-45,227412000,6.4593055555555559
2014-02-24 00:00:00 UTC,467,-39,228264000,1.2212500000000002
2014-02-24 00:00:00 UTC,467,-38,228264000,0.55125
2014-02-24 00:00:00 UTC,467,-46,227376000,6.8426388888888887
2014-02-24 00:00:00 UTC,467,-45,227376000,22.791805555555555
2014-02-24 00:00:00 UTC,467,-26,227876000,4.4208333333333334
2014-02-24 00:00:00 UTC,467,-32,228313000,2.161805555555556
2014-02-24 00:00:00 UTC,467,-34,228313000,0.8668055555555555
2014-02-24 00:00:00 UTC,467,-33,228313000,1.235
2014-02-24 00:00:00 UTC,467,-35,228313000,1.4595833333333332
2014-02-24 00:00:00 UTC,467,-31,228313000,0.22791666666666668
2014-02-24 00:00:00 UTC,467,-1250,367019950,2.8997222222222221
2014-02-24 00:00:00 UTC,467,1399,273812400,11.80375
2014-02-24 00:00:00 UTC,467,-34,228193000,1.8818055555555555
2014-02-24 00:00:00 UTC,467,-33,228193000,9.77763888888889
2014-02-24 00:00:00 UTC,467,-33,227145200,1.9456944444444448
2014-02-24 00:00:00 UTC,467,-32,227145200,6.3620833333333335
2014-02-24 00:00:00 UTC,467,-31,227145200,0.997361111111111
2014-02-24 00:00:00 UTC,723,417,257139000,1.5470833333333334
2014-02-24 00:00:00 UTC,723,256,257466000,1.5638888888888889
2014-02-24 00:00:00 UTC,-45,-1751,440821000,0.97944444444444456
2014-02-24 00:00:00 UTC,-45,-1755,440821000,1.5433333333333334
2014-02-24 00:00:00 UTC,-45,-1754,440821000,2.7054166666666668
2014-02-24 00:00:00 UTC,-45,-1753,440821000,2.6127777777777776
2014-02-24 00:00:00 UTC,-45,-1752,440821000,1.5066666666666668
2014-02-24 00:00:00 UTC,-45,-1701,440987000,1.6252777777777776
2014-02-24 00:00:00 UTC,-45,-1569,440952000,1.7070833333333333
2014-02-24 00:00:00 UTC,-45,-1561,440920000,0.528888888888889
2014-02-24 00:00:00 UTC,-45,-1562,440920000,1.8179166666666666
2014-02-24 00:00:00 UTC,-45,-1559,440920000,3.6390277777777782
2014-02-24 00:00:00 UTC,-45,-1564,440920000,1.7501388888888889
2014-02-24 00:00:00 UTC,-45,-1558,440920000,1.4744444444444444
2014-02-24 00:00:00 UTC,-45,-1563,440920000,1.8877777777777778
2014-02-24 00:00:00 UTC,212,1104,412468541,14.370277777777778
2014-02-24 00:00:00 UTC,468,-37,228264000,2.0525
2014-02-24 00:00:00 UTC,468,-39,228264000,5.5430555555555561
2014-02-24 00:00:00 UTC,468,-38,228264000,0.91847222222222225
2014-02-24 00:00:00 UTC,468,-460,231112000,2.0211111111111113
2014-02-24 00:00:00 UTC,468,-460,231014000,2.0238888888888891
2014-02-24 00:00:00 UTC,468,-28,227876000,0.23736111111111111
2014-02-24 00:00:00 UTC,468,-27,227876000,5.4120833333333342
2014-02-24 00:00:00 UTC,468,-26,227876000,2.3506944444444446
2014-02-24 00:00:00 UTC,468,-36,228313000,5.5347222222222223
2014-02-24 00:00:00 UTC,468,-40,228226000,11.152638888888889
2014-02-24 00:00:00 UTC,468,-36,228193000,0.65833333333333333
2014-02-24 00:00:00 UTC,468,-35,228193000,0.77208333333333323
2014-02-24 00:00:00 UTC,468,-32,227145200,0.4876388888888889
2014-02-24 00:00:00 UTC,468,-35,227145200,1.651388888888889
2014-02-24 00:00:00 UTC,468,-36,227145200,1.1629166666666666
2014-02-24 00:00:00 UTC,468,-37,227145200,1.0583333333333333
2014-02-24 00:00:00 UTC,468,-38,227145200,1.2938888888888889
2014-02-24 00:00:00 UTC,724,417,257139000,1.5361111111111112
2014-02-24 00:00:00 UTC,724,262,257466000,1.5513888888888889
2014-02-24 00:00:00 UTC,724,274,257466000,3.1084722222222223
2014-02-24 00:00:00 UTC,-300,382,224142870,2.2761111111111112
2014-02-24 00:00:00 UTC,-300,-97,263415290,1.648611111111111
2014-02-24 00:00:00 UTC,-44,-1747,440821000,3.7330555555555551
2014-02-24 00:00:00 UTC,-44,-1751,440821000,2.3361111111111112
2014-02-24 00:00:00 UTC,-44,-1750,440821000,2.8491666666666666
2014-02-24 00:00:00 UTC,-44,-1748,440821000,3.5451388888888888
2014-02-24 00:00:00 UTC,-44,-1701,440987000,1.21
2014-02-24 00:00:00 UTC,-44,928,432848000,3.4591666666666665
2014-02-24 00:00:00 UTC,-44,927,432848000,1.5177777777777777
2014-02-24 00:00:00 UTC,-44,-215,224261000,2.78875
2014-02-24 00:00:00 UTC,-44,-212,224261000,2.028888888888889
2014-02-24 00:00:00 UTC,-44,-1568,440952000,1.8733333333333335
2014-02-24 00:00:00 UTC,-44,-1559,440920000,0.9275
2014-02-24 00:00:00 UTC,-44,-1558,440920000,1.9059722222222222
2014-02-24 00:00:00 UTC,213,1083,200004400,1.2511111111111111
2014-02-24 00:00:00 UTC,213,1083,900016722,6.198888888888888
2014-02-24 00:00:00 UTC,213,1118,900017800,3.9556944444444442
2014-02-24 00:00:00 UTC,213,1090,413201311,0.21930555555555556
2014-02-24 00:00:00 UTC,213,1084,200005804,1.0830555555555557
2014-02-24 00:00:00 UTC,213,1083,200005804,22.410694444444445
2014-02-24 00:00:00 UTC,213,1119,412477646,5.0536111111111115
2014-02-24 00:00:00 UTC,213,1083,200005855,1.642638888888889
2014-02-24 00:00:00 UTC,213,1082,200005855,0.87527777777777782
2014-02-24 00:00:00 UTC,213,1083,800020976,3.3226388888888891
2014-02-24 00:00:00 UTC,469,-29,227808000,5.9102777777777771
2014-02-24 00:00:00 UTC,469,-32,228239900,1.0238888888888888
2014-02-24 00:00:00 UTC,469,-29,227977000,4.2381944444444439
2014-02-24 00:00:00 UTC,469,-30,227977000,16.83
2014-02-24 00:00:00 UTC,469,-462,231112000,9.6540277777777774
2014-02-24 00:00:00 UTC,469,-461,231112000,7.80111111111111
2014-02-24 00:00:00 UTC,469,-377,263517000,1.5398611111111111
2014-02-24 00:00:00 UTC,469,-375,263517000,1.5361111111111112
2014-02-24 00:00:00 UTC,469,-365,263517000,6.4793055555555554
2014-02-24 00:00:00 UTC,469,-374,263517000,6.3140277777777776
2014-02-24 00:00:00 UTC,469,-364,263517000,2.0305555555555559
2014-02-24 00:00:00 UTC,469,-462,231090000,19.717916666666671
2014-02-24 00:00:00 UTC,469,-31,227879000,13.473055555555559
2014-02-24 00:00:00 UTC,469,-30,227879000,1.8440277777777778
2014-02-24 00:00:00 UTC,469,-460,231014000,6.2924999999999995
2014-02-24 00:00:00 UTC,469,-462,231014000,8.1215277777777786
2014-02-24 00:00:00 UTC,469,-461,231216000,9.9675
2014-02-24 00:00:00 UTC,469,-462,231216000,11.780416666666666
2014-02-24 00:00:00 UTC,469,-29,227856000,6.12375
2014-02-24 00:00:00 UTC,469,-28,227876000,2.7261111111111109
2014-02-24 00:00:00 UTC,469,-29,228260000,1.3083333333333336
2014-02-24 00:00:00 UTC,469,-31,228260000,0.75
2014-02-24 00:00:00 UTC,469,-30,228260000,3.9773611111111107
2014-02-24 00:00:00 UTC,469,-31,228259000,0.64486111111111111
2014-02-24 00:00:00 UTC,469,-30,228259000,4.5697222222222216
2014-02-24 00:00:00 UTC,469,-29,228259000,1.7247222222222223
2014-02-24 00:00:00 UTC,469,-29,228920000,5.6991666666666667
2014-02-24 00:00:00 UTC,469,-30,228920000,13.183333333333334
2014-02-24 00:00:00 UTC,469,-28,228920000,0.47416666666666663
2014-02-24 00:00:00 UTC,469,-31,228248000,0.645
2014-02-24 00:00:00 UTC,469,-30,228248000,6.4488888888888889
2014-02-24 00:00:00 UTC,469,-29,228248000,0.24694444444444444
2014-02-24 00:00:00 UTC,469,-30,228194000,5.9594444444444443
2014-02-24 00:00:00 UTC,469,-28,228194000,2.0806944444444446
2014-02-24 00:00:00 UTC,469,-29,228194000,3.7808333333333333
2014-02-24 00:00:00 UTC,469,-461,231084000,15.912083333333335
2014-02-24 00:00:00 UTC,469,-460,231084000,2.0656944444444445
2014-02-24 00:00:00 UTC,469,-29,228300000,7.4004166666666666
2014-02-24 00:00:00 UTC,469,-30,227852000,5.3940277777777776
2014-02-24 00:00:00 UTC,469,-31,227852000,1.4841666666666664
2014-02-24 00:00:00 UTC,725,273,257466000,7.8119444444444444
2014-02-24 00:00:00 UTC,-299,-500,911011003,4.22125
2014-02-24 00:00:00 UTC,-299,316,255501000,0.42472222222222222
2014-02-24 00:00:00 UTC,-299,315,255501000,0.4201388888888889
2014-02-24 00:00:00 UTC,-299,314,224459000,0.85111111111111115
2014-02-24 00:00:00 UTC,-299,-97,263415290,1.2390277777777778
2014-02-24 00:00:00 UTC,-43,-1749,440821000,1.952361111111111
2014-02-24 00:00:00 UTC,-43,-1700,440987000,0.83194444444444449
2014-02-24 00:00:00 UTC,-43,-1701,440987000,0.850138888888889
2014-02-24 00:00:00 UTC,-43,922,432848000,5.4555555555555557
2014-02-24 00:00:00 UTC,-43,923,432848000,1.8990277777777778
2014-02-24 00:00:00 UTC,-43,927,432848000,4.8138888888888891
2014-02-24 00:00:00 UTC,-43,-212,224261000,1.7484722222222222
2014-02-24 00:00:00 UTC,-43,-1568,440952000,2.3851388888888891
2014-02-24 00:00:00 UTC,-43,-1560,440920000,0.89361111111111113
2014-02-24 00:00:00 UTC,214,1090,421300000,0.62013888888888891
2014-02-24 00:00:00 UTC,214,1083,200004400,2.3356944444444445
2014-02-24 00:00:00 UTC,214,1083,900016722,10.572916666666664
2014-02-24 00:00:00 UTC,214,1087,413059163,5.7879166666666659
2014-02-24 00:00:00 UTC,214,1086,413059163,3.2223611111111108
2014-02-24 00:00:00 UTC,214,1085,900017279,4.5630555555555556
2014-02-24 00:00:00 UTC,214,1084,900017279,9.9952777777777779
2014-02-24 00:00:00 UTC,214,1118,412478087,9.068194444444444
2014-02-24 00:00:00 UTC,214,1118,900017800,14.045138888888889
2014-02-24 00:00:00 UTC,214,1086,201307020,1.6391666666666664
2014-02-24 00:00:00 UTC,214,1087,201307020,4.3670833333333334
2014-02-24 00:00:00 UTC,214,1117,900017808,12.191388888888888
2014-02-24 00:00:00 UTC,214,1083,200005804,0.42402777777777778
2014-02-24 00:00:00 UTC,214,1084,200005804,2.6268055555555554
2014-02-24 00:00:00 UTC,214,1086,110300590,10.451527777777777
2014-02-24 00:00:00 UTC,214,1084,997752004,1.066527777777778
2014-02-24 00:00:00 UTC,214,1083,200005855,1.82125
2014-02-24 00:00:00 UTC,214,1119,412477934,10.092222222222222
2014-02-24 00:00:00 UTC,214,1118,412477934,0.44958333333333333
2014-02-24 00:00:00 UTC,214,1083,800020976,17.867083333333344
2014-02-24 00:00:00 UTC,214,1082,800020976,1.0675000000000001
2014-02-24 00:00:00 UTC,214,1119,412477943,1.6516666666666666
2014-02-24 00:00:00 UTC,470,-32,228239900,0.84013888888888888
2014-02-24 00:00:00 UTC,470,-31,228239900,7.31375
2014-02-24 00:00:00 UTC,470,-462,231112000,1.6318055555555557
2014-02-24 00:00:00 UTC,470,-461,231112000,2.2347222222222225
2014-02-24 00:00:00 UTC,470,-378,263517000,1.5859722222222223
2014-02-24 00:00:00 UTC,470,-462,231090000,2.3483333333333332
2014-02-24 00:00:00 UTC,470,-461,231090000,2.0575
2014-02-24 00:00:00 UTC,470,-30,227879000,2.45
2014-02-24 00:00:00 UTC,470,-31,227879000,3.3315277777777776
2014-02-24 00:00:00 UTC,470,-462,231014000,2.2670833333333333
2014-02-24 00:00:00 UTC,470,-461,231014000,3.8156944444444445
2014-02-24 00:00:00 UTC,470,-461,231216000,1.6111111111111112
2014-02-24 00:00:00 UTC,470,-28,227876000,0.62569444444444444
2014-02-24 00:00:00 UTC,470,-28,228260000,0.4301388888888889
2014-02-24 00:00:00 UTC,470,-29,228260000,0.20722222222222222
2014-02-24 00:00:00 UTC,470,-31,228260000,4.80486111111111
2014-02-24 00:00:00 UTC,470,-30,228260000,1.0945833333333335
2014-02-24 00:00:00 UTC,470,-28,228259000,0.65166666666666662
2014-02-24 00:00:00 UTC,470,-31,228259000,3.9980555555555553
2014-02-24 00:00:00 UTC,470,-29,228920000,3.8222222222222224
2014-02-24 00:00:00 UTC,470,-30,228920000,0.58777777777777773
2014-02-24 00:00:00 UTC,470,-30,228248000,8.8727777777777774
2014-02-24 00:00:00 UTC,470,-31,228248000,1.9283333333333332
2014-02-24 00:00:00 UTC,470,-38,228802000,7.2401388888888887
2014-02-24 00:00:00 UTC,470,-30,228194000,5.0444444444444443
2014-02-24 00:00:00 UTC,470,-29,228194000,2.5333333333333337
2014-02-24 00:00:00 UTC,470,-461,231084000,1.4956944444444444
2014-02-24 00:00:00 UTC,470,-462,231084000,0.78902777777777777
2014-02-24 00:00:00 UTC,470,-31,227852000,6.9425000000000008
2014-02-24 00:00:00 UTC,726,418,257139000,1.5570833333333334
2014-02-24 00:00:00 UTC,726,423,257139000,1.53625
2014-02-24 00:00:00 UTC,726,426,257139000,1.5513888888888889
2014-02-24 00:00:00 UTC,726,272,257466000,3.1431944444444442
2014-02-24 00:00:00 UTC,726,269,257466000,1.6055555555555556
2014-02-24 00:00:00 UTC,-298,383,224142870,2.2386111111111111
2014-02-24 00:00:00 UTC,-298,524,224049460,0.8569444444444444
2014-02-24 00:00:00 UTC,-298,-499,911011003,0.93666666666666665
2014-02-24 00:00:00 UTC,-298,-500,911011003,0.87888888888888883
2014-02-24 00:00:00 UTC,-298,-97,263415290,1.2186111111111111
2014-02-24 00:00:00 UTC,-42,-1700,440987000,1.3651388888888889
2014-02-24 00:00:00 UTC,-42,-212,224261000,2.7044444444444444
2014-02-24 00:00:00 UTC,-42,-215,224261000,1.2525
2014-02-24 00:00:00 UTC,-42,-211,224261000,3.0530555555555554
2014-02-24 00:00:00 UTC,-42,-1693,440954000,2.4225000000000003
2014-02-24 00:00:00 UTC,-42,-1697,440954000,0.82222222222222219
2014-02-24 00:00:00 UTC,-42,-1691,440954000,0.98777777777777775
2014-02-24 00:00:00 UTC,-42,-1692,440954000,1.7279166666666665
2014-02-24 00:00:00 UTC,-42,-1568,440952000,1.6777777777777778
2014-02-24 00:00:00 UTC,-42,-1560,440920000,0.7598611111111111
2014-02-24 00:00:00 UTC,215,1121,412477218,0.2615277777777778
2014-02-24 00:00:00 UTC,215,1119,412477218,1.7351388888888888
2014-02-24 00:00:00 UTC,215,1118,412477218,1.4255555555555555
2014-02-24 00:00:00 UTC,215,1120,412477218,13.815694444444444
2014-02-24 00:00:00 UTC,215,1117,412477261,7.4822222222222221
2014-02-24 00:00:00 UTC,215,1086,413059163,3.209027777777778
2014-02-24 00:00:00 UTC,215,1087,413059163,7.4719444444444463
2014-02-24 00:00:00 UTC,215,1088,413059163,0.24111111111111111
2014-02-24 00:00:00 UTC,215,1120,100702825,8.2333333333333343
2014-02-24 00:00:00 UTC,215,1119,100702825,3.0059722222222218
2014-02-24 00:00:00 UTC,215,1118,100702825,2.3269444444444445
2014-02-24 00:00:00 UTC,215,1119,412477294,1.2444444444444445
2014-02-24 00:00:00 UTC,215,1118,412477294,5.2593055555555557
2014-02-24 00:00:00 UTC,215,1120,412477294,6.8693055555555551
2014-02-24 00:00:00 UTC,215,1085,900017279,2.1668055555555554
2014-02-24 00:00:00 UTC,215,1084,900017279,1.1268055555555556
2014-02-24 00:00:00 UTC,215,1087,201307020,10.999861111111112
2014-02-24 00:00:00 UTC,215,1088,201307020,0.23763888888888887
2014-02-24 00:00:00 UTC,215,1086,201307020,7.0993055555555564
2014-02-24 00:00:00 UTC,215,1084,200005804,1.6848611111111109
2014-02-24 00:00:00 UTC,215,1086,110300590,0.30930555555555556
2014-02-24 00:00:00 UTC,215,1117,412478386,0.45972222222222225
2014-02-24 00:00:00 UTC,215,1118,412478386,0.46638888888888885
2014-02-24 00:00:00 UTC,215,1117,412478405,0.9884722222222222
2014-02-24 00:00:00 UTC,215,1118,412478405,0.18291666666666667
2014-02-24 00:00:00 UTC,215,1118,412477934,0.42027777777777775
2014-02-24 00:00:00 UTC,471,-54,228288000,0.9588888888888889
2014-02-24 00:00:00 UTC,471,-53,228288000,0.76472222222222219
2014-02-24 00:00:00 UTC,471,-47,228394000,12.4625
2014-02-24 00:00:00 UTC,471,-29,228239900,1.3045833333333332
2014-02-24 00:00:00 UTC,471,-31,228239900,0.92499999999999993
2014-02-24 00:00:00 UTC,471,-30,228239900,1.327361111111111
2014-02-24 00:00:00 UTC,471,-32,228239900,4.3745833333333328
2014-02-24 00:00:00 UTC,471,-29,227879000,1.7809722222222222
2014-02-24 00:00:00 UTC,471,-56,228252000,1.5241666666666667
2014-02-24 00:00:00 UTC,471,-461,231014000,1.6294444444444445
2014-02-24 00:00:00 UTC,471,-56,228020600,0.80944444444444441
2014-02-24 00:00:00 UTC,471,-56,228251000,12.348333333333333
2014-02-24 00:00:00 UTC,471,-31,228260000,3.8283333333333331
2014-02-24 00:00:00 UTC,471,-30,228260000,0.59861111111111109
2014-02-24 00:00:00 UTC,471,-56,227843000,14.198611111111111
2014-02-24 00:00:00 UTC,471,-30,228259000,0.24722222222222223
2014-02-24 00:00:00 UTC,471,-31,228259000,4.3598611111111119
2014-02-24 00:00:00 UTC,471,-31,228248000,0.44763888888888892
2014-02-24 00:00:00 UTC,471,-30,228248000,2.0830555555555552
2014-02-24 00:00:00 UTC,471,-29,228194000,0.90694444444444433
2014-02-24 00:00:00 UTC,471,-31,227852000,0.54652777777777772
2014-02-24 00:00:00 UTC,-297,398,224142870,0.96125
2014-02-24 00:00:00 UTC,-297,384,224142870,2.0183333333333335
2014-02-24 00:00:00 UTC,-297,399,224142870,0.58569444444444452
2014-02-24 00:00:00 UTC,-297,524,224049460,0.74361111111111122
2014-02-24 00:00:00 UTC,-297,-98,263415290,3.9805555555555556
2014-02-24 00:00:00 UTC,-41,-1700,440987000,5.4563888888888883
2014-02-24 00:00:00 UTC,-41,-215,224261000,0.73847222222222231
2014-02-24 00:00:00 UTC,-41,-1698,440954000,0.86972222222222229
2014-02-24 00:00:00 UTC,-41,-1697,440954000,4.3241666666666667
2014-02-24 00:00:00 UTC,-41,-1696,440954000,1.8118055555555554
2014-02-24 00:00:00 UTC,-41,-1695,440954000,2.7744444444444443
2014-02-24 00:00:00 UTC,-41,-1691,440954000,1.1584722222222221
2014-02-24 00:00:00 UTC,-41,-1694,440954000,0.92416666666666669
2014-02-24 00:00:00 UTC,-41,-1568,440952000,1.4066666666666667
2014-02-24 00:00:00 UTC,-41,-1569,440952000,1.8170833333333332
2014-02-24 00:00:00 UTC,-41,-1570,440952000,3.59875
2014-02-24 00:00:00 UTC,-41,-1561,440920000,1.3416666666666668
2014-02-24 00:00:00 UTC,-41,-1700,441869000,5.4255555555555555
2014-02-24 00:00:00 UTC,216,1132,800028580,34.68416666666667
2014-02-24 00:00:00 UTC,216,1128,413918888,3.4330555555555557
2014-02-24 00:00:00 UTC,216,1119,412476336,16.216111111111111
2014-02-24 00:00:00 UTC,216,1130,900003778,3.1683333333333334
2014-02-24 00:00:00 UTC,216,1131,900003778,0.96972222222222215
2014-02-24 00:00:00 UTC,216,1129,900003778,1.0929166666666668
2014-02-24 00:00:00 UTC,216,1129,412464337,4.8081944444444442
2014-02-24 00:00:00 UTC,216,1128,412464337,3.0037499999999997
2014-02-24 00:00:00 UTC,216,1128,900005096,9.0972222222222214
2014-02-24 00:00:00 UTC,216,1128,900018669,1.2090277777777776
2014-02-24 00:00:00 UTC,216,1129,900018669,2.18375
2014-02-24 00:00:00 UTC,472,-28,228239900,1.7093055555555554
2014-02-24 00:00:00 UTC,472,-32,228370000,3.9447222222222225
2014-02-24 00:00:00 UTC,472,-33,228370000,1.8148611111111113
2014-02-24 00:00:00 UTC,472,-34,228380000,8.0651388888888889
2014-02-24 00:00:00 UTC,472,-57,227889000,1.9240277777777779
2014-02-24 00:00:00 UTC,472,-58,227889000,0.966388888888889
2014-02-24 00:00:00 UTC,472,-56,228020600,6.8787499999999993
2014-02-24 00:00:00 UTC,472,-57,228020600,13.78361111111111
2014-02-24 00:00:00 UTC,472,-56,228251000,0.4851388888888889
2014-02-24 00:00:00 UTC,472,-57,228251000,0.27347222222222223
2014-02-24 00:00:00 UTC,472,-57,227843000,1.9811111111111113
2014-02-24 00:00:00 UTC,472,-57,228172000,0.83097222222222222
2014-02-24 00:00:00 UTC,728,433,257139000,1.57625
2014-02-24 00:00:00 UTC,-552,-661,701000880,1.5498611111111111
2014-02-24 00:00:00 UTC,-552,-661,701068000,0.77875
2014-02-24 00:00:00 UTC,-296,399,224142870,1.1084722222222223
2014-02-24 00:00:00 UTC,-296,396,224142870,1.8140277777777778
2014-02-24 00:00:00 UTC,-296,398,224142870,0.58847222222222229
2014-02-24 00:00:00 UTC,-296,524,224049460,0.28361111111111115
2014-02-24 00:00:00 UTC,-296,525,224049460,0.69763888888888892
2014-02-24 00:00:00 UTC,-296,-85,263415290,0.83763888888888882
2014-02-24 00:00:00 UTC,-296,-86,263415290,0.82638888888888884
2014-02-24 00:00:00 UTC,-296,-90,263415290,4.1609722222222221
2014-02-24 00:00:00 UTC,-296,-87,263415290,1.4497222222222224
2014-02-24 00:00:00 UTC,-296,-84,263415290,0.48305555555555557
2014-02-24 00:00:00 UTC,-40,-1703,440987000,0.77777777777777779
2014-02-24 00:00:00 UTC,-40,-1690,440954000,2.0377777777777775
2014-02-24 00:00:00 UTC,-40,-1697,440954000,3.078611111111111
2014-02-24 00:00:00 UTC,-40,-1701,441869000,0.9825
2014-02-24 00:00:00 UTC,-40,850,432918000,3.7081944444444446
2014-02-24 00:00:00 UTC,217,1130,412881676,11.389999999999999
2014-02-24 00:00:00 UTC,217,1131,412881676,1.9845833333333336
2014-02-24 00:00:00 UTC,217,1129,412881676,0.1927777777777778
2014-02-24 00:00:00 UTC,217,1133,900003354,4.3102777777777774
2014-02-24 00:00:00 UTC,217,1134,900003354,0.65375
2014-02-24 00:00:00 UTC,217,1134,900003365,5.65263888888889
2014-02-24 00:00:00 UTC,217,1133,900003365,3.1944444444444446
2014-02-24 00:00:00 UTC,217,1130,900010792,5.1661111111111113
2014-02-24 00:00:00 UTC,217,1129,900010792,5.4463888888888885
2014-02-24 00:00:00 UTC,217,1134,200004658,3.0245833333333332
2014-02-24 00:00:00 UTC,217,1133,200004658,4.8568055555555558
2014-02-24 00:00:00 UTC,217,1129,412464959,0.80583333333333329
2014-02-24 00:00:00 UTC,217,1131,412464959,1.5118055555555556
2014-02-24 00:00:00 UTC,217,1130,412464959,8.89083333333333
2014-02-24 00:00:00 UTC,217,1131,412476746,6.2433333333333332
2014-02-24 00:00:00 UTC,217,1131,412476493,5.1245833333333337
2014-02-24 00:00:00 UTC,217,1130,412464978,3.5965277777777778
2014-02-24 00:00:00 UTC,217,1129,412464978,3.4626388888888888
2014-02-24 00:00:00 UTC,217,1128,412464507,3.5602777777777779
2014-02-24 00:00:00 UTC,217,1129,412464507,13.190138888888889
2014-02-24 00:00:00 UTC,217,1130,412476541,4.1322222222222225
2014-02-24 00:00:00 UTC,217,1131,412476541,3.5283333333333329
2014-02-24 00:00:00 UTC,217,1135,900020625,2.2404166666666665
2014-02-24 00:00:00 UTC,217,1134,900020625,4.214722222222222
2014-02-24 00:00:00 UTC,217,1134,900003492,5.0488888888888885
2014-02-24 00:00:00 UTC,217,1133,900003499,3.5894444444444442
2014-02-24 00:00:00 UTC,217,1134,900003499,2.3947222222222222
2014-02-24 00:00:00 UTC,217,1132,412477358,2.8281944444444451
2014-02-24 00:00:00 UTC,217,1131,412477358,0.86847222222222231
2014-02-24 00:00:00 UTC,217,1129,413555888,0.73652777777777778
2014-02-24 00:00:00 UTC,217,1131,413555888,6.5468055555555553
2014-02-24 00:00:00 UTC,217,1130,413555888,6.2702777777777765
2014-02-24 00:00:00 UTC,217,1129,412464576,0.27458333333333335
2014-02-24 00:00:00 UTC,217,1130,412464576,9.8569444444444461
2014-02-24 00:00:00 UTC,217,1131,412464576,3.6543055555555557
2014-02-24 00:00:00 UTC,217,1130,900003778,1.0515277777777778
2014-02-24 00:00:00 UTC,217,1132,900003778,4.5454166666666662
2014-02-24 00:00:00 UTC,217,1133,900003778,2.1801388888888886
2014-02-24 00:00:00 UTC,217,1131,900003778,3.5984722222222221
2014-02-24 00:00:00 UTC,217,1130,412464586,10.845416666666665
2014-02-24 00:00:00 UTC,217,1131,412464586,3.4547222222222222
2014-02-24 00:00:00 UTC,217,1130,412464337,4.2222222222222223
2014-02-24 00:00:00 UTC,217,1129,412464337,0.69666666666666677
2014-02-24 00:00:00 UTC,217,1130,412476376,5.8808333333333334
2014-02-24 00:00:00 UTC,217,1129,412464345,6.722083333333333
2014-02-24 00:00:00 UTC,217,1130,412464345,6.8929166666666672
2014-02-24 00:00:00 UTC,217,1130,412464355,0.43027777777777776
2014-02-24 00:00:00 UTC,217,1129,412464355,4.9705555555555554
2014-02-24 00:00:00 UTC,217,1129,412464357,0.46097222222222223
2014-02-24 00:00:00 UTC,217,1130,412464357,0.15472222222222223
2014-02-24 00:00:00 UTC,217,1129,900018669,8.6465277777777771
2014-02-24 00:00:00 UTC,217,1130,900018669,7.7525
2014-02-24 00:00:00 UTC,217,1128,900018669,0.57583333333333331
2014-02-24 00:00:00 UTC,217,1130,412464367,3.1922222222222225
2014-02-24 00:00:00 UTC,217,1129,412464367,1.0602777777777779
2014-02-24 00:00:00 UTC,217,1130,412464369,0.27486111111111111
2014-02-24 00:00:00 UTC,217,1131,120400117,3.6279166666666667
2014-02-24 00:00:00 UTC,217,1130,120400117,3.5788888888888883
2014-02-24 00:00:00 UTC,217,1130,412464637,15.055694444444441
2014-02-24 00:00:00 UTC,217,1131,412464637,2.0641666666666669
2014-02-24 00:00:00 UTC,473,-53,228288000,15.998888888888889
2014-02-24 00:00:00 UTC,473,-47,228035600,11.725
2014-02-24 00:00:00 UTC,473,-34,228380000,1.0109722222222222
2014-02-24 00:00:00 UTC,473,-35,228380000,8.8158333333333339
2014-02-24 00:00:00 UTC,473,-455,231089000,2.2151388888888888
2014-02-24 00:00:00 UTC,473,-36,228313000,4.9955555555555557
2014-02-24 00:00:00 UTC,473,-47,228258000,3.3198611111111109
2014-02-24 00:00:00 UTC,473,-58,228172000,0.54263888888888889
2014-02-24 00:00:00 UTC,473,-54,228854000,9.9465277777777779
2014-02-24 00:00:00 UTC,473,-53,228854000,0.60625
2014-02-24 00:00:00 UTC,729,437,257139000,3.9361111111111113
2014-02-24 00:00:00 UTC,-551,-659,701000880,3.1744444444444442
2014-02-24 00:00:00 UTC,-295,397,224142870,0.69444444444444442
2014-02-24 00:00:00 UTC,-295,396,224142870,1.4952777777777777
2014-02-24 00:00:00 UTC,-295,394,224142870,3.9929166666666669
2014-02-24 00:00:00 UTC,-295,376,224197150,2.0445833333333336
2014-02-24 00:00:00 UTC,-295,377,224197150,2.2318055555555554
2014-02-24 00:00:00 UTC,-295,526,224049460,0.83138888888888884
2014-02-24 00:00:00 UTC,-39,-1702,440987000,0.96541666666666659
2014-02-24 00:00:00 UTC,-39,-1715,440624000,1.8025000000000002
2014-02-24 00:00:00 UTC,-39,849,432282000,5.5208333333333339
2014-02-24 00:00:00 UTC,-39,-1789,416004242,1.8480555555555553
2014-02-24 00:00:00 UTC,-39,-1788,416004242,2.7808333333333333
2014-02-24 00:00:00 UTC,-39,-1570,440952000,1.5580555555555557
2014-02-24 00:00:00 UTC,-39,-1573,440952000,0.89194444444444443
2014-02-24 00:00:00 UTC,-39,-1572,440952000,1.3470833333333332
2014-02-24 00:00:00 UTC,-39,-1562,440920000,1.8602777777777777
2014-02-24 00:00:00 UTC,-39,-1701,441869000,0.93472222222222223
2014-02-24 00:00:00 UTC,-39,-223,441057000,1.8251388888888889
2014-02-24 00:00:00 UTC,-39,-221,441057000,1.7902777777777779
2014-02-24 00:00:00 UTC,-39,-225,441057000,2.5531944444444443
2014-02-24 00:00:00 UTC,-39,-224,441057000,2.32625
2014-02-24 00:00:00 UTC,218,1132,412476678,2.2544444444444443
2014-02-24 00:00:00 UTC,218,1133,412476678,5.5997222222222218
2014-02-24 00:00:00 UTC,218,1130,412464913,4.6333333333333329
2014-02-24 00:00:00 UTC,218,1135,900003354,1.29
2014-02-24 00:00:00 UTC,218,1134,900003354,4.6752777777777776
2014-02-24 00:00:00 UTC,218,1135,900003365,2.4515277777777778
2014-02-24 00:00:00 UTC,218,1134,900003365,2.7004166666666665
2014-02-24 00:00:00 UTC,218,1138,900022059,3.8015277777777778
2014-02-24 00:00:00 UTC,218,1139,900022059,1.1856944444444446
2014-02-24 00:00:00 UTC,218,1134,200004658,1.3869444444444445
2014-02-24 00:00:00 UTC,218,1135,200004658,1.2741666666666667
2014-02-24 00:00:00 UTC,218,1136,200004658,0.25875000000000004
2014-02-24 00:00:00 UTC,218,1134,412476984,4.4865277777777779
2014-02-24 00:00:00 UTC,218,1130,412465209,0.7
2014-02-24 00:00:00 UTC,218,1133,412476985,1.6138888888888889
2014-02-24 00:00:00 UTC,218,1134,412476987,3.4573611111111111
2014-02-24 00:00:00 UTC,218,1132,412476743,11.864444444444445
2014-02-24 00:00:00 UTC,218,1131,412476746,1.0247222222222221
2014-02-24 00:00:00 UTC,218,1131,412476493,0.72513888888888878
2014-02-24 00:00:00 UTC,218,1130,412464978,3.7352777777777773
2014-02-24 00:00:00 UTC,218,1134,200001877,5.2770833333333327
2014-02-24 00:00:00 UTC,218,1133,200001877,0.3375
2014-02-24 00:00:00 UTC,218,1130,412464237,5.3683333333333314
2014-02-24 00:00:00 UTC,218,1131,412476541,0.44555555555555559
2014-02-24 00:00:00 UTC,218,1132,412476541,0.83638888888888885
2014-02-24 00:00:00 UTC,218,1130,412476541,1.0198611111111111
2014-02-24 00:00:00 UTC,218,1131,412464266,1.223611111111111
2014-02-24 00:00:00 UTC,218,1130,412464266,9.1668055555555554
2014-02-24 00:00:00 UTC,218,1138,900003216,7.8023611111111117
2014-02-24 00:00:00 UTC,218,1136,900020625,0.3009722222222222
2014-02-24 00:00:00 UTC,218,1134,900020625,1.9302777777777778
2014-02-24 00:00:00 UTC,218,1135,900020625,2.5299999999999994
2014-02-24 00:00:00 UTC,218,1133,412476561,4.9636111111111116
2014-02-24 00:00:00 UTC,218,1132,412475026,4.2040277777777781
2014-02-24 00:00:00 UTC,218,1134,900003492,1.412638888888889
2014-02-24 00:00:00 UTC,218,1135,900003492,1.7955555555555556
2014-02-24 00:00:00 UTC,218,1130,412464294,6.370555555555554
2014-02-24 00:00:00 UTC,218,1131,412464294,2.6927777777777782
2014-02-24 00:00:00 UTC,218,1129,412464551,8.3958333333333339
2014-02-24 00:00:00 UTC,218,1131,412464296,0.4433333333333333
2014-02-24 00:00:00 UTC,218,1130,412464296,10.237361111111111
2014-02-24 00:00:00 UTC,218,1134,900003499,3.4748611111111107
2014-02-24 00:00:00 UTC,218,1136,900003499,1.5969444444444445
2014-02-24 00:00:00 UTC,218,1132,412477358,5.0384722222222225
2014-02-24 00:00:00 UTC,218,1130,413555888,0.59986111111111107
2014-02-24 00:00:00 UTC,218,1131,413555888,0.24236111111111114
2014-02-24 00:00:00 UTC,218,1133,900003778,2.418333333333333
2014-02-24 00:00:00 UTC,218,1134,900003778,2.1744444444444442
2014-02-24 00:00:00 UTC,218,1130,412464586,1.2565277777777779
2014-02-24 00:00:00 UTC,218,1137,200002002,4.9802777777777774
2014-02-24 00:00:00 UTC,218,1135,200002003,0.74472222222222229
2014-02-24 00:00:00 UTC,218,1137,200002003,1.6213888888888888
2014-02-24 00:00:00 UTC,218,1136,200002003,2.1856944444444446
2014-02-24 00:00:00 UTC,218,1135,200005844,8.6026388888888885
2014-02-24 00:00:00 UTC,218,1133,200005844,1.0998611111111112
2014-02-24 00:00:00 UTC,218,1134,200005844,0.50347222222222221
2014-02-24 00:00:00 UTC,218,1130,412476376,1.7309722222222224
2014-02-24 00:00:00 UTC,218,1130,412464345,2.2623611111111113
2014-02-24 00:00:00 UTC,218,1130,412464355,0.38291666666666668
2014-02-24 00:00:00 UTC,218,1130,412464611,0.76583333333333337
2014-02-24 00:00:00 UTC,218,1130,412464357,9.3097222222222236
2014-02-24 00:00:00 UTC,218,1129,412464357,8.0904166666666661
2014-02-24 00:00:00 UTC,218,1130,412464613,4.08763888888889
2014-02-24 00:00:00 UTC,218,1129,412464613,0.24208333333333332
2014-02-24 00:00:00 UTC,218,1130,412464362,10.423472222222223
2014-02-24 00:00:00 UTC,218,1128,412464367,5.7131944444444445
2014-02-24 00:00:00 UTC,218,1129,412464367,0.16194444444444445
2014-02-24 00:00:00 UTC,218,1130,412464367,5.52875
2014-02-24 00:00:00 UTC,218,1130,412464369,7.743611111111111
2014-02-24 00:00:00 UTC,218,1129,412464369,1.5323611111111111
2014-02-24 00:00:00 UTC,218,1131,120400117,1.3583333333333334
2014-02-24 00:00:00 UTC,218,1132,120400117,2.7376388888888887
2014-02-24 00:00:00 UTC,218,1128,412464376,9.1198611111111116
2014-02-24 00:00:00 UTC,218,1134,412478205,4.7091666666666665
2014-02-24 00:00:00 UTC,218,1133,412476927,1.9448611111111112
2014-02-24 00:00:00 UTC,474,-54,228288000,5.3469444444444445
2014-02-24 00:00:00 UTC,474,-36,228949000,5.7191666666666672
2014-02-24 00:00:00 UTC,474,-34,227315990,3.80875
2014-02-24 00:00:00 UTC,474,-35,227315990,3.3080555555555557
2014-02-24 00:00:00 UTC,474,-64,228383000,9.23
2014-02-24 00:00:00 UTC,474,-454,231156000,6.4940277777777782
2014-02-24 00:00:00 UTC,474,-33,228224800,7.3483333333333345
2014-02-24 00:00:00 UTC,474,-34,228224800,3.9015277777777784
2014-02-24 00:00:00 UTC,474,-33,228370000,4.2426388888888891
2014-02-24 00:00:00 UTC,474,-34,228370000,1.8304166666666666
2014-02-24 00:00:00 UTC,474,-35,228380000,1.63625
2014-02-24 00:00:00 UTC,474,-54,227590000,0.575
2014-02-24 00:00:00 UTC,474,-54,227984000,7.6305555555555555
2014-02-24 00:00:00 UTC,474,-54,228133000,12.349166666666667
2014-02-24 00:00:00 UTC,474,-53,228133000,0.90861111111111115
2014-02-24 00:00:00 UTC,474,-33,227481000,7.1019444444444453
2014-02-24 00:00:00 UTC,474,-34,227481000,11.546388888888886
2014-02-24 00:00:00 UTC,474,-35,228313000,1.7747222222222221
2014-02-24 00:00:00 UTC,474,-46,228258000,2.3993055555555554
2014-02-24 00:00:00 UTC,474,-50,228854000,5.8991666666666669
2014-02-24 00:00:00 UTC,474,-53,228854000,5.5493055555555557
2014-02-24 00:00:00 UTC,474,-54,228854000,1.3969444444444443
2014-02-24 00:00:00 UTC,474,-49,228854000,0.58263888888888893
2014-02-24 00:00:00 UTC,474,-63,228235000,10.13375
2014-02-24 00:00:00 UTC,-294,385,224142870,3.8831944444444444
2014-02-24 00:00:00 UTC,-294,384,224142870,2.00875
2014-02-24 00:00:00 UTC,-294,527,224049460,1.3163888888888888
2014-02-24 00:00:00 UTC,-294,879,235007600,2.4444444444444446
2014-02-24 00:00:00 UTC,-294,877,235007600,1.81125
2014-02-24 00:00:00 UTC,-38,-1430,9102875,7.0462500000000006
2014-02-24 00:00:00 UTC,-38,-1562,440733000,1.6956944444444444
2014-02-24 00:00:00 UTC,-38,-1563,440733000,3.6127777777777776
2014-02-24 00:00:00 UTC,-38,-1702,440987000,1.1794444444444445
2014-02-24 00:00:00 UTC,-38,-1712,440624000,2.273333333333333
2014-02-24 00:00:00 UTC,-38,-1722,440624000,1.3977777777777778
2014-02-24 00:00:00 UTC,-38,-1713,440624000,1.7047222222222222
2014-02-24 00:00:00 UTC,-38,-1714,440624000,1.4940277777777777
2014-02-24 00:00:00 UTC,-38,-1789,416004242,2.3748611111111111
2014-02-24 00:00:00 UTC,-38,-1788,416004242,1.8527777777777779
2014-02-24 00:00:00 UTC,-38,-1574,440952000,0.83472222222222225
2014-02-24 00:00:00 UTC,-38,-1701,441869000,2.2905555555555557
2014-02-24 00:00:00 UTC,-38,-221,441057000,1.4373611111111111
2014-02-24 00:00:00 UTC,-38,-225,441057000,2.2833333333333332
2014-02-24 00:00:00 UTC,-38,-222,441057000,1.8069444444444445
2014-02-24 00:00:00 UTC,-38,-223,441057000,2.0468055555555553
2014-02-24 00:00:00 UTC,-38,-220,441057000,1.7777777777777777
2014-02-24 00:00:00 UTC,-38,-218,441057000,2.0834722222222224
2014-02-24 00:00:00 UTC,-38,-219,441057000,1.8180555555555555
2014-02-24 00:00:00 UTC,-38,850,432918000,8.2390277777777783
2014-02-24 00:00:00 UTC,219,1133,412476673,0.21111111111111111
2014-02-24 00:00:00 UTC,219,1130,412464668,0.21138888888888888
2014-02-24 00:00:00 UTC,219,1134,412477471,0.99694444444444441
2014-02-24 00:00:00 UTC,219,1133,412477471,2.0216666666666665
2014-02-24 00:00:00 UTC,219,1136,9103140,1.8959722222222219
2014-02-24 00:00:00 UTC,219,1139,900022059,1.6466666666666665
2014-02-24 00:00:00 UTC,219,1137,900022059,2.7851388888888891
2014-02-24 00:00:00 UTC,219,1138,900022059,3.4522222222222219
2014-02-24 00:00:00 UTC,219,1136,900019244,2.1673611111111111
2014-02-24 00:00:00 UTC,219,1133,412477743,3.5519444444444446
2014-02-24 00:00:00 UTC,219,1134,412476984,4.0893055555555557
2014-02-24 00:00:00 UTC,219,1133,412476984,1.1327777777777777
2014-02-24 00:00:00 UTC,219,1130,412465209,3.2986111111111112
2014-02-24 00:00:00 UTC,219,1133,412476985,6.2693055555555564
2014-02-24 00:00:00 UTC,219,1134,412476985,2.7831944444444447
2014-02-24 00:00:00 UTC,219,1134,412476987,9.5195833333333333
2014-02-24 00:00:00 UTC,219,1133,412462153,0.99305555555555558
2014-02-24 00:00:00 UTC,219,1134,412462153,1.6429166666666668
2014-02-24 00:00:00 UTC,219,1137,200001877,1.3426388888888887
2014-02-24 00:00:00 UTC,219,1138,200001877,3.2913888888888887
2014-02-24 00:00:00 UTC,219,1133,412478048,0.22375
2014-02-24 00:00:00 UTC,219,1133,412478052,0.70027777777777778
2014-02-24 00:00:00 UTC,219,1134,412478313,6.9772222222222222
2014-02-24 00:00:00 UTC,219,1133,412462186,0.67638888888888893
2014-02-24 00:00:00 UTC,219,1136,910060655,26.590694444444445
2014-02-24 00:00:00 UTC,219,1135,910060655,1.9395833333333334
2014-02-24 00:00:00 UTC,219,1136,900020346,14.672916666666666
2014-02-24 00:00:00 UTC,219,1135,412476032,5.4216666666666669
2014-02-24 00:00:00 UTC,219,1134,412476032,0.57361111111111107
2014-02-24 00:00:00 UTC,219,1136,900020354,1.0194444444444444
2014-02-24 00:00:00 UTC,219,1135,900020354,5.8656944444444452
2014-02-24 00:00:00 UTC,219,1134,900020354,8.2202777777777776
2014-02-24 00:00:00 UTC,219,1133,900023173,5.8936111111111105
2014-02-24 00:00:00 UTC,219,1133,412477829,0.41486111111111112
2014-02-24 00:00:00 UTC,219,1136,900020363,5.50875
2014-02-24 00:00:00 UTC,219,1137,900020363,3.95875
2014-02-24 00:00:00 UTC,219,1135,900020363,10.313750000000002
2014-02-24 00:00:00 UTC,219,1135,900020625,2.085
2014-02-24 00:00:00 UTC,219,1134,900020625,0.82208333333333328
2014-02-24 00:00:00 UTC,219,1133,412476561,3.808472222222222
2014-02-24 00:00:00 UTC,219,1136,412478611,2.28125
2014-02-24 00:00:00 UTC,219,1134,412478611,2.3687500000000004
2014-02-24 00:00:00 UTC,219,1135,412478611,5.1677777777777782
2014-02-24 00:00:00 UTC,219,1134,412476567,4.3654166666666665
2014-02-24 00:00:00 UTC,219,1133,412462255,6.0868055555555562
2014-02-24 00:00:00 UTC,219,1137,200002002,1.6004166666666668
2014-02-24 00:00:00 UTC,219,1138,200002002,6.1543055555555544
2014-02-24 00:00:00 UTC,219,1135,200002003,3.0401388888888894
2014-02-24 00:00:00 UTC,219,1137,200002003,2.0612500000000002
2014-02-24 00:00:00 UTC,219,1138,200002003,1.0419444444444443
2014-02-24 00:00:00 UTC,219,1136,200002003,1.4601388888888889
2014-02-24 00:00:00 UTC,219,1133,412462292,0.21111111111111114
2014-02-24 00:00:00 UTC,219,1134,200005844,7.7356944444444444
2014-02-24 00:00:00 UTC,219,1133,200005844,6.5004166666666672
2014-02-24 00:00:00 UTC,219,1133,412477398,0.51958333333333329
2014-02-24 00:00:00 UTC,219,1134,412477911,2.9655555555555555
2014-02-24 00:00:00 UTC,219,1134,412476388,6.5475
2014-02-24 00:00:00 UTC,219,1130,412464362,0.75194444444444453
2014-02-24 00:00:00 UTC,219,1134,412478205,1.6215277777777777
2014-02-24 00:00:00 UTC,219,1133,412476927,4.6066666666666665
2014-02-24 00:00:00 UTC,219,1134,412476927,12.826944444444445
2014-02-24 00:00:00 UTC,475,-36,228949000,0.44513888888888886
2014-02-24 00:00:00 UTC,475,-454,231156000,3.4944444444444445
2014-02-24 00:00:00 UTC,475,-43,228171600,3.4241666666666668
2014-02-24 00:00:00 UTC,475,-54,227590000,8.4291666666666671
2014-02-24 00:00:00 UTC,475,-43,228219000,1.9159722222222222
2014-02-24 00:00:00 UTC,475,-54,227984000,1.6694444444444445
2014-02-24 00:00:00 UTC,475,-49,228922000,9.7366666666666664
2014-02-24 00:00:00 UTC,475,-35,228313000,0.44055555555555559
2014-02-24 00:00:00 UTC,475,-36,228313000,0.20861111111111111
2014-02-24 00:00:00 UTC,475,-45,228118700,0.43305555555555553
2014-02-24 00:00:00 UTC,475,-46,228118700,1.3601388888888888
2014-02-24 00:00:00 UTC,475,-45,228258000,1.7111111111111108
2014-02-24 00:00:00 UTC,475,-44,228258000,3.6833333333333331
2014-02-24 00:00:00 UTC,-293,374,224197150,1.982361111111111
2014-02-24 00:00:00 UTC,-293,878,235007600,1.0220833333333335
2014-02-24 00:00:00 UTC,-293,879,235007600,0.56097222222222221
2014-02-24 00:00:00 UTC,-293,881,235007600,2.0706944444444444
2014-02-24 00:00:00 UTC,-293,380,224049530,10.420416666666666
2014-02-24 00:00:00 UTC,-37,-1562,440574000,1.8834722222222222
2014-02-24 00:00:00 UTC,-37,-1563,440574000,1.774861111111111
2014-02-24 00:00:00 UTC,-37,-1554,440733000,1.7873611111111112
2014-02-24 00:00:00 UTC,-37,-1562,440733000,1.8611111111111112
2014-02-24 00:00:00 UTC,-37,-1558,440733000,1.6872222222222222
2014-02-24 00:00:00 UTC,-37,-1557,440733000,2.0401388888888889
2014-02-24 00:00:00 UTC,-37,-1561,440733000,1.7486111111111111
2014-02-24 00:00:00 UTC,-37,-1560,440733000,1.3202777777777779
2014-02-24 00:00:00 UTC,-37,-1559,440733000,1.1229166666666666
2014-02-24 00:00:00 UTC,-37,-1556,440733000,1.8052777777777778
2014-02-24 00:00:00 UTC,-37,-1555,440733000,1.8377777777777777
2014-02-24 00:00:00 UTC,-37,-1701,440987000,0.92083333333333339
2014-02-24 00:00:00 UTC,-37,-1700,440987000,1.0511111111111111
2014-02-24 00:00:00 UTC,-37,-1562,441072000,1.8720833333333333
2014-02-24 00:00:00 UTC,-37,-1563,441072000,1.8155555555555556
2014-02-24 00:00:00 UTC,-37,-1722,440624000,0.98208333333333331
2014-02-24 00:00:00 UTC,-37,-1711,440624000,1.8320833333333333
2014-02-24 00:00:00 UTC,-37,-1554,440933000,1.8444444444444446
2014-02-24 00:00:00 UTC,-37,-1553,440933000,3.3273611111111112
2014-02-24 00:00:00 UTC,-37,-1557,440933000,1.1283333333333334
2014-02-24 00:00:00 UTC,-37,-1562,440933000,4.4624999999999995
2014-02-24 00:00:00 UTC,-37,-1559,440933000,2.8919444444444444
2014-02-24 00:00:00 UTC,-37,-1561,440933000,1.8976388888888889
2014-02-24 00:00:00 UTC,-37,-1558,440933000,1.1783333333333335
2014-02-24 00:00:00 UTC,-37,-1560,440933000,1.8783333333333334
2014-02-24 00:00:00 UTC,-37,-1789,416004242,0.73277777777777775
2014-02-24 00:00:00 UTC,-37,-1788,416004242,1.7959722222222223
2014-02-24 00:00:00 UTC,-37,-1574,440952000,2.7109722222222223
2014-02-24 00:00:00 UTC,-37,-1701,441869000,1.6973611111111113
2014-02-24 00:00:00 UTC,220,1137,200001025,2.6234722222222224
2014-02-24 00:00:00 UTC,220,1138,200001025,8.92736111111111
2014-02-24 00:00:00 UTC,220,1137,412461847,0.14958333333333335
2014-02-24 00:00:00 UTC,220,1138,412461847,0.67972222222222223
2014-02-24 00:00:00 UTC,220,1130,412464668,16.035833333333333
2014-02-24 00:00:00 UTC,220,1137,412461853,0.79777777777777781
2014-02-24 00:00:00 UTC,220,1136,9103137,5.3034722222222213
2014-02-24 00:00:00 UTC,220,1136,9103140,10.195416666666667
2014-02-24 00:00:00 UTC,220,1136,412462654,0.25805555555555559
2014-02-24 00:00:00 UTC,220,1135,412462654,0.55902777777777779
2014-02-24 00:00:00 UTC,220,1136,200000584,2.567361111111111
2014-02-24 00:00:00 UTC,220,1137,200000584,5.5006944444444441
2014-02-24 00:00:00 UTC,220,1134,412462153,0.98305555555555557
2014-02-24 00:00:00 UTC,220,1136,200005990,10.921666666666669
2014-02-24 00:00:00 UTC,220,1135,200005990,0.77583333333333337
2014-02-24 00:00:00 UTC,220,1137,200005990,1.12625
2014-02-24 00:00:00 UTC,220,1134,412462186,1.5963888888888889
2014-02-24 00:00:00 UTC,220,1136,412478577,0.35
2014-02-24 00:00:00 UTC,220,1135,412478577,4.6530555555555555
2014-02-24 00:00:00 UTC,220,1136,900020346,2.0798611111111112
2014-02-24 00:00:00 UTC,220,1136,412478591,0.48305555555555557
2014-02-24 00:00:00 UTC,220,1138,100702081,4.3173611111111114
2014-02-24 00:00:00 UTC,220,1138,412785555,2.6140277777777778
2014-02-24 00:00:00 UTC,220,1136,412462245,0.25875000000000004
2014-02-24 00:00:00 UTC,220,1137,412462245,0.77458333333333329
2014-02-24 00:00:00 UTC,220,1133,412462255,8.8412499999999987
2014-02-24 00:00:00 UTC,220,1138,412462284,0.53111111111111109
2014-02-24 00:00:00 UTC,220,1139,412462284,0.32708333333333328
2014-02-24 00:00:00 UTC,220,1139,412462285,0.576388888888889
2014-02-24 00:00:00 UTC,220,1136,412461526,0.12527777777777777
2014-02-24 00:00:00 UTC,220,1138,412462819,0.28361111111111115
2014-02-24 00:00:00 UTC,220,1139,412462076,1.431111111111111
2014-02-24 00:00:00 UTC,220,1138,412462076,1.8856944444444441
2014-02-24 00:00:00 UTC,220,1138,412462077,2.1475
2014-02-24 00:00:00 UTC,220,1139,412462077,1.9551388888888888
2014-02-24 00:00:00 UTC,220,1136,412461567,0.97305555555555556
2014-02-24 00:00:00 UTC,476,-43,228171600,0.73305555555555557
2014-02-24 00:00:00 UTC,476,-45,228171600,4.4447222222222216
2014-02-24 00:00:00 UTC,476,-52,227590000,0.49777777777777776
2014-02-24 00:00:00 UTC,476,-53,227590000,8.0109722222222217
2014-02-24 00:00:00 UTC,476,-51,227590000,0.22055555555555556
2014-02-24 00:00:00 UTC,476,-43,228219000,2.0301388888888887
2014-02-24 00:00:00 UTC,476,-45,228219000,0.66305555555555551
2014-02-24 00:00:00 UTC,476,-44,228219000,4.4209722222222219
2014-02-24 00:00:00 UTC,476,-53,227984000,7.0909722222222218
2014-02-24 00:00:00 UTC,476,-68,227375000,21.295138888888889
2014-02-24 00:00:00 UTC,476,-40,227300000,3.5713888888888889
2014-02-24 00:00:00 UTC,476,-39,227300000,1.6595833333333334
2014-02-24 00:00:00 UTC,476,-42,227300000,8.1151388888888878
2014-02-24 00:00:00 UTC,476,-35,227300000,1.417083333333333
2014-02-24 00:00:00 UTC,476,-41,227300000,3.4477777777777776
2014-02-24 00:00:00 UTC,476,-43,228118700,2.2502777777777778
2014-02-24 00:00:00 UTC,476,-44,228118700,2.3006944444444444
2014-02-24 00:00:00 UTC,476,-45,228118700,1.7958333333333334
2014-02-24 00:00:00 UTC,-548,-742,725002300,4.4709722222222226
2014-02-24 00:00:00 UTC,-548,-741,725002300,2.2447222222222223
2014-02-24 00:00:00 UTC,-548,-630,701000627,1.5952777777777778
2014-02-24 00:00:00 UTC,-548,-631,701000627,5.6211111111111114
2014-02-24 00:00:00 UTC,-548,-632,701000627,9.10736111111111
2014-02-24 00:00:00 UTC,-292,1535,503657500,10.979444444444443
2014-02-24 00:00:00 UTC,-292,374,224197150,2.34
2014-02-24 00:00:00 UTC,-292,373,224197150,3.8931944444444446
2014-02-24 00:00:00 UTC,-292,880,235007600,5.6651388888888885
2014-02-24 00:00:00 UTC,-36,-1430,9102875,1.527222222222222
2014-02-24 00:00:00 UTC,-36,-1561,440574000,1.8858333333333333
2014-02-24 00:00:00 UTC,-36,-1558,440574000,0.90416666666666656
2014-02-24 00:00:00 UTC,-36,-1555,440574000,2.7348611111111114
2014-02-24 00:00:00 UTC,-36,-1560,440574000,1.385
2014-02-24 00:00:00 UTC,-36,-1557,440574000,0.909861111111111
2014-02-24 00:00:00 UTC,-36,-1562,440574000,3.5068055555555553
2014-02-24 00:00:00 UTC,-36,-1554,440574000,1.4870833333333335
2014-02-24 00:00:00 UTC,-36,-1559,440574000,2.2444444444444445
2014-02-24 00:00:00 UTC,-36,-1562,440733000,1.8098611111111111
2014-02-24 00:00:00 UTC,-36,-1560,440733000,0.88208333333333333
2014-02-24 00:00:00 UTC,-36,-1559,440733000,1.3419444444444442
2014-02-24 00:00:00 UTC,-36,-1562,441072000,1.6805555555555556
2014-02-24 00:00:00 UTC,-36,-1561,441072000,1.8529166666666665
2014-02-24 00:00:00 UTC,-36,-1559,441072000,3.4894444444444446
2014-02-24 00:00:00 UTC,-36,-1560,441072000,1.4915277777777778
2014-02-24 00:00:00 UTC,-36,-1553,441072000,2.2295833333333333
2014-02-24 00:00:00 UTC,-36,-1556,441072000,1.8331944444444443
2014-02-24 00:00:00 UTC,-36,-1723,440624000,1.143888888888889
2014-02-24 00:00:00 UTC,-36,-1711,440624000,1.7991666666666666
2014-02-24 00:00:00 UTC,-36,-1712,440624000,3.6762500000000005
2014-02-24 00:00:00 UTC,-36,-1725,440624000,1.9905555555555554
2014-02-24 00:00:00 UTC,-36,-1555,440933000,1.8041666666666667
2014-02-24 00:00:00 UTC,-36,-1557,440933000,1.1644444444444444
2014-02-24 00:00:00 UTC,-36,-1558,440933000,0.60652777777777778
2014-02-24 00:00:00 UTC,-36,-1556,440933000,1.3234722222222222
2014-02-24 00:00:00 UTC,-36,849,432282000,3.8597222222222225
2014-02-24 00:00:00 UTC,-36,-1789,416004242,2.3398611111111114
2014-02-24 00:00:00 UTC,-36,-1790,416004242,1.8043055555555556
2014-02-24 00:00:00 UTC,-36,1719,441241000,1.8177777777777777
2014-02-24 00:00:00 UTC,-36,-1701,441869000,1.4969444444444444
2014-02-24 00:00:00 UTC,-36,-1711,440781000,0.91486111111111112
2014-02-24 00:00:00 UTC,-36,-222,441057000,1.3538888888888887
2014-02-24 00:00:00 UTC,221,1136,412461569,0.16555555555555554
2014-02-24 00:00:00 UTC,221,1138,412461847,0.099999999999999992
2014-02-24 00:00:00 UTC,221,1137,412461853,2.3277777777777775
2014-02-24 00:00:00 UTC,221,1136,9103140,0.65277777777777779
2014-02-24 00:00:00 UTC,221,1137,412461618,0.66555555555555557
2014-02-24 00:00:00 UTC,221,1138,412462131,0.10430555555555555
2014-02-24 00:00:00 UTC,221,1135,412462394,0.33861111111111108
2014-02-24 00:00:00 UTC,221,1136,412462394,5.6229166666666659
2014-02-24 00:00:00 UTC,221,1136,412462654,0.11694444444444445
2014-02-24 00:00:00 UTC,221,1135,412462654,2.6494444444444447
2014-02-24 00:00:00 UTC,221,1136,910100035,0.93486111111111114
2014-02-24 00:00:00 UTC,221,1137,200000584,1.1122222222222222
2014-02-24 00:00:00 UTC,221,1136,200000584,0.45000000000000007
2014-02-24 00:00:00 UTC,221,1138,900017741,6.7816666666666663
2014-02-24 00:00:00 UTC,221,1139,900017741,3.1091666666666664
2014-02-24 00:00:00 UTC,221,1140,900017741,1.2525
2014-02-24 00:00:00 UTC,221,1138,9103709,0.81958333333333333
2014-02-24 00:00:00 UTC,221,1138,200005990,0.48319444444444437
2014-02-24 00:00:00 UTC,221,1137,200005990,0.82527777777777778
2014-02-24 00:00:00 UTC,221,1136,200005997,2.0198611111111111
2014-02-24 00:00:00 UTC,221,1137,412464246,0.12083333333333333
2014-02-24 00:00:00 UTC,221,1136,412478583,7.1558333333333337
2014-02-24 00:00:00 UTC,221,1137,412478584,1.0423611111111111
2014-02-24 00:00:00 UTC,221,1136,412478584,2.5606944444444446
2014-02-24 00:00:00 UTC,221,1137,412478585,3.3658333333333337
2014-02-24 00:00:00 UTC,221,1136,412478585,3.0598611111111111
2014-02-24 00:00:00 UTC,221,1136,412478591,5.3881944444444452
2014-02-24 00:00:00 UTC,221,1137,412785555,0.24541666666666667
2014-02-24 00:00:00 UTC,221,1138,412785555,0.09736111111111112
2014-02-24 00:00:00 UTC,221,1138,412462245,6.0797222222222222
2014-02-24 00:00:00 UTC,221,1136,412462245,0.22375
2014-02-24 00:00:00 UTC,221,1137,412462245,11.451944444444445
2014-02-24 00:00:00 UTC,221,1141,412201148,0.96222222222222231
2014-02-24 00:00:00 UTC,221,1138,412462284,4.9804166666666667
2014-02-24 00:00:00 UTC,221,1139,412462284,3.1086111111111112
2014-02-24 00:00:00 UTC,221,1139,412462285,1.7995833333333333
2014-02-24 00:00:00 UTC,221,1138,412462285,2.7773611111111109
2014-02-24 00:00:00 UTC,221,1137,412462285,0.21694444444444444
2014-02-24 00:00:00 UTC,221,1140,412475091,0.27569444444444446
2014-02-24 00:00:00 UTC,221,1136,412461526,8.7772222222222229
2014-02-24 00:00:00 UTC,221,1137,412461526,0.31777777777777777
2014-02-24 00:00:00 UTC,221,1136,412461528,12.304166666666665
2014-02-24 00:00:00 UTC,221,1137,412461534,5.513472222222223
2014-02-24 00:00:00 UTC,221,1138,412462819,3.3720833333333333
2014-02-24 00:00:00 UTC,221,1139,412462076,4.2208333333333332
2014-02-24 00:00:00 UTC,221,1138,412462076,0.2375
2014-02-24 00:00:00 UTC,221,1139,412462077,4.0519444444444446
2014-02-24 00:00:00 UTC,221,1140,412462077,0.30888888888888888
2014-02-24 00:00:00 UTC,221,1138,412462077,0.21736111111111112
2014-02-24 00:00:00 UTC,221,1137,412461822,2.3788888888888886
2014-02-24 00:00:00 UTC,221,1136,412461567,16.403611111111108
2014-02-24 00:00:00 UTC,477,-49,228842000,1.2263888888888888
2014-02-24 00:00:00 UTC,477,-47,228842000,2.072222222222222
2014-02-24 00:00:00 UTC,477,-48,228842000,3.6323611111111114
2014-02-24 00:00:00 UTC,477,-48,227318040,0.75263888888888886
2014-02-24 00:00:00 UTC,477,-47,227318040,0.50305555555555559
2014-02-24 00:00:00 UTC,477,-48,228925000,1.5541666666666665
2014-02-24 00:00:00 UTC,477,-47,228925000,2.9940277777777782
2014-02-24 00:00:00 UTC,477,-46,228925000,0.94513888888888886
2014-02-24 00:00:00 UTC,477,-46,228893000,2.8884722222222221
2014-02-24 00:00:00 UTC,477,-48,228893000,0.44152777777777774
2014-02-24 00:00:00 UTC,477,-47,228893000,2.5695833333333336
2014-02-24 00:00:00 UTC,477,-45,228306000,0.54861111111111116
2014-02-24 00:00:00 UTC,477,-47,228306000,1.7580555555555555
2014-02-24 00:00:00 UTC,477,-46,228306000,1.6718055555555555
2014-02-24 00:00:00 UTC,477,-48,228306000,1.24375
2014-02-24 00:00:00 UTC,477,-44,228219000,0.62694444444444453
2014-02-24 00:00:00 UTC,477,-43,228118700,0.70861111111111108
2014-02-24 00:00:00 UTC,477,-47,228263900,4.3125
2014-02-24 00:00:00 UTC,477,-46,228263900,2.9802777777777778
2014-02-24 00:00:00 UTC,-547,-743,725002300,2.3818055555555553
2014-02-24 00:00:00 UTC,-547,-742,725002300,8.7594444444444441
2014-02-24 00:00:00 UTC,-547,-741,725002300,6.4054166666666665
2014-02-24 00:00:00 UTC,-547,-630,701000627,1.5298611111111111
2014-02-24 00:00:00 UTC,-547,-631,701000627,5.6266666666666669
2014-02-24 00:00:00 UTC,-35,-1430,9102875,1.7220833333333325
2014-02-24 00:00:00 UTC,-35,-1559,440574000,1.8144444444444445
2014-02-24 00:00:00 UTC,-35,-1562,440574000,1.7552777777777777
2014-02-24 00:00:00 UTC,-35,-1556,440574000,1.8831944444444444
2014-02-24 00:00:00 UTC,-35,-1555,441072000,1.786111111111111
2014-02-24 00:00:00 UTC,-35,-1553,441072000,1.4956944444444444
2014-02-24 00:00:00 UTC,-35,-1554,441072000,1.8361111111111112
2014-02-24 00:00:00 UTC,-35,-1556,441072000,1.8431944444444444
2014-02-24 00:00:00 UTC,-35,-1557,441072000,0.9025
2014-02-24 00:00:00 UTC,-35,-1558,441072000,1.3405555555555555
2014-02-24 00:00:00 UTC,-35,1722,441241000,3.8270833333333334
2014-02-24 00:00:00 UTC,-35,1723,441241000,1.7893055555555555
2014-02-24 00:00:00 UTC,-35,1720,441241000,4.9734722222222221
2014-02-24 00:00:00 UTC,-35,1721,441241000,2.0668055555555558
2014-02-24 00:00:00 UTC,-35,1719,441241000,1.8572222222222221
2014-02-24 00:00:00 UTC,-35,-1701,441869000,1.82375
2014-02-24 00:00:00 UTC,-35,-1711,440781000,2.0695833333333331
2014-02-24 00:00:00 UTC,-35,-1712,440781000,3.9602777777777782
2014-02-24 00:00:00 UTC,-35,-1713,440781000,3.6709722222222219
2014-02-24 00:00:00 UTC,-35,-1710,440781000,0.79458333333333331
2014-02-24 00:00:00 UTC,-35,850,432918000,2.5388888888888888
2014-02-24 00:00:00 UTC,222,1137,412461569,6.0047222222222212
2014-02-24 00:00:00 UTC,222,1136,412461569,17.144027777777772
2014-02-24 00:00:00 UTC,222,1136,412461618,1.4145833333333333
2014-02-24 00:00:00 UTC,222,1137,412461618,2.3856944444444448
2014-02-24 00:00:00 UTC,222,1136,910100035,0.29958333333333331
2014-02-24 00:00:00 UTC,222,1136,412462663,0.067222222222222225
2014-02-24 00:00:00 UTC,222,1146,800016460,1.28
2014-02-24 00:00:00 UTC,222,1147,800016460,1.18125
2014-02-24 00:00:00 UTC,222,1138,900017741,1.0322222222222222
2014-02-24 00:00:00 UTC,222,1137,200005990,0.901388888888889
2014-02-24 00:00:00 UTC,222,1137,412478061,0.73333333333333328
2014-02-24 00:00:00 UTC,222,1136,412478581,0.80875
2014-02-24 00:00:00 UTC,222,1137,412464246,0.62486111111111109
2014-02-24 00:00:00 UTC,222,1136,412464246,1.0751388888888889
2014-02-24 00:00:00 UTC,222,1138,900017016,1.7986111111111112
2014-02-24 00:00:00 UTC,222,1136,412478584,0.55513888888888885
2014-02-24 00:00:00 UTC,222,1137,412478585,0.12513888888888888
2014-02-24 00:00:00 UTC,222,1136,412478585,3.990972222222223
2014-02-24 00:00:00 UTC,222,1136,412478591,1.8575000000000002
2014-02-24 00:00:00 UTC,222,1137,412478591,0.14152777777777778
2014-02-24 00:00:00 UTC,222,1135,412464514,0.53750000000000009
2014-02-24 00:00:00 UTC,222,1137,100702086,1.2966666666666666
2014-02-24 00:00:00 UTC,222,1135,412462233,16.22
2014-02-24 00:00:00 UTC,222,1138,412475038,0.54166666666666674
2014-02-24 00:00:00 UTC,222,1136,412464303,0.595
2014-02-24 00:00:00 UTC,222,1137,412464303,0.35041666666666665
2014-02-24 00:00:00 UTC,222,1137,412478137,2.7829166666666665
2014-02-24 00:00:00 UTC,222,1136,412462268,0.37013888888888891
2014-02-24 00:00:00 UTC,222,1136,412462273,0.6744444444444444
2014-02-24 00:00:00 UTC,222,1136,412461526,2.8586111111111108
2014-02-24 00:00:00 UTC,222,1136,412461528,0.54208333333333336
2014-02-24 00:00:00 UTC,222,1136,412482776,6.0590277777777777
2014-02-24 00:00:00 UTC,222,1137,412461534,0.99152777777777779
2014-02-24 00:00:00 UTC,222,1138,412461797,2.577638888888889
2014-02-24 00:00:00 UTC,222,1136,412461559,6.46986111111111
2014-02-24 00:00:00 UTC,222,1137,412461559,1.5258333333333338
2014-02-24 00:00:00 UTC,222,1136,412461567,0.33847222222222217
2014-02-24 00:00:00 UTC,478,1401,273820420,1.9963888888888892
2014-02-24 00:00:00 UTC,478,1402,273820420,0.83694444444444449
2014-02-24 00:00:00 UTC,478,-47,228842000,1.2526388888888889
2014-02-24 00:00:00 UTC,478,-47,227318040,2.7151388888888888
2014-02-24 00:00:00 UTC,478,-46,227318040,1.5594444444444444
2014-02-24 00:00:00 UTC,478,-48,227318040,2.3995833333333336
2014-02-24 00:00:00 UTC,478,-45,228947000,0.74069444444444443
2014-02-24 00:00:00 UTC,478,-48,228925000,0.85347222222222219
2014-02-24 00:00:00 UTC,478,-47,228925000,1.8698611111111112
2014-02-24 00:00:00 UTC,478,-47,228893000,0.5509722222222222
2014-02-24 00:00:00 UTC,478,-48,228893000,2.27875
2014-02-24 00:00:00 UTC,478,-48,228306000,2.1594444444444445
2014-02-24 00:00:00 UTC,478,-47,228306000,1.7184722222222222
2014-02-24 00:00:00 UTC,478,-74,228935000,23.505694444444444
2014-02-24 00:00:00 UTC,478,-77,224016230,11.743194444444445
2014-02-24 00:00:00 UTC,478,-80,224016230,2.2593055555555557
2014-02-24 00:00:00 UTC,478,1413,273438070,3.9518055555555556
2014-02-24 00:00:00 UTC,478,1412,273438070,1.1266666666666667
2014-02-24 00:00:00 UTC,478,-47,228195000,0.47791666666666666
2014-02-24 00:00:00 UTC,478,-47,228376000,1.4068055555555556
2014-02-24 00:00:00 UTC,478,-48,228376000,3.0195833333333333
2014-02-24 00:00:00 UTC,478,1411,273899500,4.2073611111111111
2014-02-24 00:00:00 UTC,478,1411,273428220,3.1188888888888888
2014-02-24 00:00:00 UTC,-290,887,235007600,2.4747222222222223
2014-02-24 00:00:00 UTC,-290,888,235007600,2.0056944444444444
2014-02-24 00:00:00 UTC,-34,-1430,9102875,0.80194444444444446
2014-02-24 00:00:00 UTC,-34,-1432,9102875,1.8031944444444445
2014-02-24 00:00:00 UTC,-34,-1431,9102875,1.4143055555555557
2014-02-24 00:00:00 UTC,-34,849,432282000,1.7444444444444445
2014-02-24 00:00:00 UTC,-34,-1789,416004242,4.5570833333333329
2014-02-24 00:00:00 UTC,-34,-1790,416004242,3.5794444444444444
2014-02-24 00:00:00 UTC,-34,1722,441241000,0.97444444444444445
2014-02-24 00:00:00 UTC,-34,1721,441241000,3.1994444444444445
2014-02-24 00:00:00 UTC,-34,-1709,440781000,1.8140277777777778
2014-02-24 00:00:00 UTC,-34,-1710,440781000,2.307638888888889
2014-02-24 00:00:00 UTC,-34,850,432918000,1.2701388888888889
2014-02-24 00:00:00 UTC,223,1137,412461569,6.6241666666666665
2014-02-24 00:00:00 UTC,223,1138,412462611,7.5237500000000015
2014-02-24 00:00:00 UTC,223,1138,812462618,4.3925
2014-02-24 00:00:00 UTC,223,1136,412462109,0.1238888888888889
2014-02-24 00:00:00 UTC,223,1138,412462621,7.5276388888888865
2014-02-24 00:00:00 UTC,223,1138,412462626,3.984861111111111
2014-02-24 00:00:00 UTC,223,1138,412462117,1.6170833333333332
2014-02-24 00:00:00 UTC,223,1137,412461618,1.0702777777777777
2014-02-24 00:00:00 UTC,223,1147,412475448,5.1394444444444449
2014-02-24 00:00:00 UTC,223,1138,412462652,7.2619444444444463
2014-02-24 00:00:00 UTC,223,1138,412462656,3.35
2014-02-24 00:00:00 UTC,223,1145,412472387,1.5366666666666666
2014-02-24 00:00:00 UTC,223,1146,412475459,0.34944444444444445
2014-02-24 00:00:00 UTC,223,1141,9103709,1.2722222222222221
2014-02-24 00:00:00 UTC,223,-1691,367338850,10.120833333333334
2014-02-24 00:00:00 UTC,223,1137,412478061,2.4290277777777778
2014-02-24 00:00:00 UTC,223,1136,412478581,0.64194444444444443
2014-02-24 00:00:00 UTC,223,1137,412464514,0.79055555555555546
2014-02-24 00:00:00 UTC,223,1138,800021392,2.2133333333333334
2014-02-24 00:00:00 UTC,223,1138,412475049,0.20194444444444443
2014-02-24 00:00:00 UTC,223,1136,412462251,12.154305555555554
2014-02-24 00:00:00 UTC,223,1137,412464303,4.7363888888888885
2014-02-24 00:00:00 UTC,223,1136,412464303,0.44194444444444447
2014-02-24 00:00:00 UTC,223,1137,412478137,1.7844444444444447
2014-02-24 00:00:00 UTC,223,1138,412478137,0.11694444444444443
2014-02-24 00:00:00 UTC,223,1137,412462266,0.3322222222222222
2014-02-24 00:00:00 UTC,223,1136,412462266,5.2033333333333331
2014-02-24 00:00:00 UTC,223,1136,412462268,6.7494444444444435
2014-02-24 00:00:00 UTC,223,1147,412478142,0.53166666666666673
2014-02-24 00:00:00 UTC,223,1136,412462271,3.6115277777777779
2014-02-24 00:00:00 UTC,223,1147,900020673,5.0973611111111108
2014-02-24 00:00:00 UTC,223,1136,412462273,2.5838888888888887
2014-02-24 00:00:00 UTC,223,1147,412478147,3.3415277777777783
2014-02-24 00:00:00 UTC,223,1147,900017867,0.49277777777777776
2014-02-24 00:00:00 UTC,223,1137,412461534,1.5659722222222221
2014-02-24 00:00:00 UTC,223,1137,412461797,20.82236111111111
2014-02-24 00:00:00 UTC,223,1202,416059627,0.78875000000000006
2014-02-24 00:00:00 UTC,223,1136,412478699,1.4754166666666668
2014-02-24 00:00:00 UTC,479,1401,273820420,0.17888888888888888
2014-02-24 00:00:00 UTC,479,1402,273820420,7.6258333333333344
2014-02-24 00:00:00 UTC,479,1403,273820420,8.4954166666666673
2014-02-24 00:00:00 UTC,479,-1255,366986010,1.6140277777777778
2014-02-24 00:00:00 UTC,479,1411,273823020,1.0916666666666668
2014-02-24 00:00:00 UTC,479,-46,228947000,0.25541666666666663
2014-02-24 00:00:00 UTC,479,-47,228947000,6.9631944444444445
2014-02-24 00:00:00 UTC,479,-45,228947000,1.1731944444444444
2014-02-24 00:00:00 UTC,479,1402,273437790,13.017916666666668
2014-02-24 00:00:00 UTC,479,1403,273437790,1.9384722222222224
2014-02-24 00:00:00 UTC,479,-80,224016230,7.1069444444444452
2014-02-24 00:00:00 UTC,479,-81,224016230,4.6291666666666664
2014-02-24 00:00:00 UTC,479,1412,273438070,10.738333333333332
2014-02-24 00:00:00 UTC,479,-69,228378000,10.09611111111111
2014-02-24 00:00:00 UTC,479,-48,228195000,0.30125
2014-02-24 00:00:00 UTC,479,-47,228195000,2.03625
2014-02-24 00:00:00 UTC,479,-46,228376000,0.26041666666666669
2014-02-24 00:00:00 UTC,479,-47,228376000,5.3737499999999994
2014-02-24 00:00:00 UTC,479,-80,224045260,11.759444444444444
2014-02-24 00:00:00 UTC,479,-79,224045260,11.720555555555556
2014-02-24 00:00:00 UTC,479,1411,273899500,0.38
2014-02-24 00:00:00 UTC,479,1410,273899500,4.5129166666666665
2014-02-24 00:00:00 UTC,479,1410,273428220,0.35819444444444443
2014-02-24 00:00:00 UTC,479,1411,273428220,4.5812500000000007
2014-02-24 00:00:00 UTC,-289,889,235007600,1.9740277777777777
2014-02-24 00:00:00 UTC,-289,887,235007600,5.57625
2014-02-24 00:00:00 UTC,-289,367,224022910,3.8930555555555557
2014-02-24 00:00:00 UTC,-33,-1558,440934000,7.2245833333333334
2014-02-24 00:00:00 UTC,-33,-1557,440934000,1.8254166666666665
2014-02-24 00:00:00 UTC,-33,849,432282000,1.7704166666666667
2014-02-24 00:00:00 UTC,-33,1717,441241000,1.5220833333333335
2014-02-24 00:00:00 UTC,-33,-1695,441869000,1.2184722222222222
2014-02-24 00:00:00 UTC,-33,-1698,441869000,0.90722222222222226
2014-02-24 00:00:00 UTC,-33,-1701,441869000,1.8720833333333333
2014-02-24 00:00:00 UTC,-33,-1697,441869000,0.77513888888888882
2014-02-24 00:00:00 UTC,-33,-1696,441869000,0.95805555555555566
2014-02-24 00:00:00 UTC,-33,-1700,441869000,1.4870833333333335
2014-02-24 00:00:00 UTC,-33,850,432918000,0.99833333333333341
2014-02-24 00:00:00 UTC,224,1137,412462081,0.2625
2014-02-24 00:00:00 UTC,224,1203,416003606,11.755694444444444
2014-02-24 00:00:00 UTC,224,1204,416003606,10.304444444444444
2014-02-24 00:00:00 UTC,224,1139,412462621,0.10833333333333334
2014-02-24 00:00:00 UTC,224,1202,416306463,3.6580555555555563
2014-02-24 00:00:00 UTC,224,1138,412462117,1.5684722222222223
2014-02-24 00:00:00 UTC,224,1139,412462117,7.3152777777777773
2014-02-24 00:00:00 UTC,224,1138,412462635,8.4395833333333314
2014-02-24 00:00:00 UTC,224,1139,412462635,15.61638888888889
2014-02-24 00:00:00 UTC,224,1138,412462652,1.2968055555555558
2014-02-24 00:00:00 UTC,224,1144,412472387,1.9373611111111111
2014-02-24 00:00:00 UTC,224,1145,412472387,6.1808333333333341
2014-02-24 00:00:00 UTC,224,1202,416003682,4.7331944444444449
2014-02-24 00:00:00 UTC,224,1203,416022114,4.0541666666666654
2014-02-24 00:00:00 UTC,224,1204,416022114,2.689861111111111
2014-02-24 00:00:00 UTC,224,1203,416022122,10.445972222222226
2014-02-24 00:00:00 UTC,224,1202,416458609,2.6197222222222223
2014-02-24 00:00:00 UTC,224,1147,900017803,5.31263888888889
2014-02-24 00:00:00 UTC,224,1202,900019861,1.1856944444444444
2014-02-24 00:00:00 UTC,224,1136,412462237,1.9481944444444446
2014-02-24 00:00:00 UTC,224,1138,412475049,0.82944444444444443
2014-02-24 00:00:00 UTC,224,1203,416001974,13.510833333333334
2014-02-24 00:00:00 UTC,224,1204,416001974,10.78
2014-02-24 00:00:00 UTC,224,1146,412478142,3.7047222222222222
2014-02-24 00:00:00 UTC,224,1147,412478142,2.7165277777777779
2014-02-24 00:00:00 UTC,224,1136,412462271,2.1494444444444443
2014-02-24 00:00:00 UTC,224,1137,412462271,0.50597222222222216
2014-02-24 00:00:00 UTC,224,1146,412478147,0.39222222222222225
2014-02-24 00:00:00 UTC,224,1147,412478147,0.1375
2014-02-24 00:00:00 UTC,224,1202,900019918,1.3655555555555554
2014-02-24 00:00:00 UTC,224,1137,412461534,0.10138888888888889
2014-02-24 00:00:00 UTC,224,1202,416059627,1.4968055555555557
2014-02-24 00:00:00 UTC,224,1137,412462066,0.14611111111111111
2014-02-24 00:00:00 UTC,224,1146,412475387,0.74430555555555555
2014-02-24 00:00:00 UTC,224,1147,412475387,7.61611111111111
2014-02-24 00:00:00 UTC,480,1411,273823020,1.7898611111111111
2014-02-24 00:00:00 UTC,480,-74,228339000,6.4698611111111113
2014-02-24 00:00:00 UTC,480,1412,273347910,0.90583333333333327
2014-02-24 00:00:00 UTC,480,1413,273347910,7.441944444444446
2014-02-24 00:00:00 UTC,480,-69,227474000,11.753194444444443
2014-02-24 00:00:00 UTC,480,-54,227320660,5.004027777777778
2014-02-24 00:00:00 UTC,480,1403,273437790,1.2320833333333332
2014-02-24 00:00:00 UTC,480,1404,273437790,1.7379166666666668
2014-02-24 00:00:00 UTC,480,-69,228378000,7.0997222222222227
2014-02-24 00:00:00 UTC,480,-1252,367510750,13.075555555555557
2014-02-24 00:00:00 UTC,480,1411,273899500,1.57375
2014-02-24 00:00:00 UTC,480,1410,273899500,5.4899999999999993
2014-02-24 00:00:00 UTC,480,1411,273428220,2.6348611111111113
2014-02-24 00:00:00 UTC,480,1410,273428220,0.24736111111111111
2014-02-24 00:00:00 UTC,736,192,273514800,1.5416666666666665
2014-02-24 00:00:00 UTC,736,193,273514800,1.5458333333333334
2014-02-24 00:00:00 UTC,-544,-554,740369000,3.683472222222222
2014-02-24 00:00:00 UTC,-544,-555,740369000,14.299722222222222
2014-02-24 00:00:00 UTC,-544,-556,740369000,5.4848611111111119
2014-02-24 00:00:00 UTC,-288,531,224049460,3.8126388888888894
2014-02-24 00:00:00 UTC,-32,-1434,9102875,1.8552777777777778
2014-02-24 00:00:00 UTC,-32,-1715,440648000,1.8238888888888889
2014-02-24 00:00:00 UTC,-32,-1717,440648000,1.1008333333333333
2014-02-24 00:00:00 UTC,-32,-1554,440934000,0.75041666666666673
2014-02-24 00:00:00 UTC,-32,-1555,440934000,2.4244444444444442
2014-02-24 00:00:00 UTC,-32,849,432282000,1.1120833333333333
2014-02-24 00:00:00 UTC,-32,1718,441241000,1.7508333333333332
2014-02-24 00:00:00 UTC,-32,-1694,441869000,1.9280555555555556
2014-02-24 00:00:00 UTC,-32,-1708,440781000,0.8912500000000001
2014-02-24 00:00:00 UTC,-32,850,432918000,2.5958333333333332
2014-02-24 00:00:00 UTC,225,1137,412462081,3.7854166666666664
2014-02-24 00:00:00 UTC,225,1136,412462081,0.97083333333333333
2014-02-24 00:00:00 UTC,225,1136,412462122,0.45777777777777778
2014-02-24 00:00:00 UTC,225,1137,412462122,13.853472222222223
2014-02-24 00:00:00 UTC,225,1146,412472106,0.96763888888888894
2014-02-24 00:00:00 UTC,225,1145,412472106,2.3375
2014-02-24 00:00:00 UTC,225,1201,900019755,4.7304166666666667
2014-02-24 00:00:00 UTC,225,1145,412472107,2.4881944444444448
2014-02-24 00:00:00 UTC,225,1146,412472107,1.0966666666666667
2014-02-24 00:00:00 UTC,225,1202,900019757,0.95597222222222222
2014-02-24 00:00:00 UTC,225,1201,900019757,1.0125000000000002
2014-02-24 00:00:00 UTC,225,1201,900019762,2.0866666666666669
2014-02-24 00:00:00 UTC,225,1202,900019762,0.77486111111111111
2014-02-24 00:00:00 UTC,225,1201,200001105,0.34569444444444442
2014-02-24 00:00:00 UTC,225,1202,200001105,0.39625
2014-02-24 00:00:00 UTC,225,1136,412462427,4.3965277777777771
2014-02-24 00:00:00 UTC,225,1137,412462177,4.4294444444444441
2014-02-24 00:00:00 UTC,225,-1686,367338850,5.7240277777777777
2014-02-24 00:00:00 UTC,225,1202,416003682,0.11166666666666666
2014-02-24 00:00:00 UTC,225,1202,900020325,1.2756944444444445
2014-02-24 00:00:00 UTC,225,1201,900020325,0.16680555555555557
2014-02-24 00:00:00 UTC,225,1146,412474726,5.0845833333333328
2014-02-24 00:00:00 UTC,225,1145,412474726,4.4431944444444449
2014-02-24 00:00:00 UTC,225,1154,412474731,1.1043055555555554
2014-02-24 00:00:00 UTC,225,1155,412474731,4.64125
2014-02-24 00:00:00 UTC,225,1156,412474731,8.6808333333333358
2014-02-24 00:00:00 UTC,225,1157,412474731,1.3394444444444444
2014-02-24 00:00:00 UTC,225,1201,416458608,2.706666666666667
2014-02-24 00:00:00 UTC,225,1202,416458608,0.96069444444444452
2014-02-24 00:00:00 UTC,225,1136,412462208,4.7958333333333334
2014-02-24 00:00:00 UTC,225,1202,416003461,0.67152777777777761
2014-02-24 00:00:00 UTC,225,1201,416003461,4.806111111111111
2014-02-24 00:00:00 UTC,225,1137,412462217,0.40847222222222224
2014-02-24 00:00:00 UTC,225,1136,412462217,4.399861111111111
2014-02-24 00:00:00 UTC,225,1200,200006544,0.17902777777777779
2014-02-24 00:00:00 UTC,225,1200,900019859,3.9765277777777781
2014-02-24 00:00:00 UTC,225,1201,900019859,3.8740277777777781
2014-02-24 00:00:00 UTC,225,1202,900019862,0.49444444444444446
2014-02-24 00:00:00 UTC,225,1201,900019862,0.50472222222222229
2014-02-24 00:00:00 UTC,225,1202,900019878,2.4926388888888891
2014-02-24 00:00:00 UTC,225,1201,900019878,0.37986111111111109
2014-02-24 00:00:00 UTC,225,1137,412462246,4.9056944444444444
2014-02-24 00:00:00 UTC,225,1146,412472247,7.3836111111111116
2014-02-24 00:00:00 UTC,225,1136,412462274,2.7318055555555558
2014-02-24 00:00:00 UTC,225,1136,412462534,0.41236111111111112
2014-02-24 00:00:00 UTC,225,1137,412462534,6.0156944444444438
2014-02-24 00:00:00 UTC,225,1156,412473546,2.4034722222222222
2014-02-24 00:00:00 UTC,225,1153,412473546,1.21625
2014-02-24 00:00:00 UTC,225,1154,412473546,2.47875
2014-02-24 00:00:00 UTC,225,1155,412473546,1.9401388888888889
2014-02-24 00:00:00 UTC,225,1157,412473546,0.84416666666666673
2014-02-24 00:00:00 UTC,225,1202,900019918,1.5626388888888889
2014-02-24 00:00:00 UTC,225,1201,900019918,0.20708333333333334
2014-02-24 00:00:00 UTC,225,1201,416000206,9.1702777777777786
2014-02-24 00:00:00 UTC,225,1138,412462304,0.125
2014-02-24 00:00:00 UTC,225,1137,412462304,1.118611111111111
2014-02-24 00:00:00 UTC,225,1201,416059627,0.34444444444444444
2014-02-24 00:00:00 UTC,225,1202,416059627,1.4030555555555555
2014-02-24 00:00:00 UTC,225,1137,412462073,1.6688888888888889
2014-02-24 00:00:00 UTC,481,-76,228339000,11.762083333333333
2014-02-24 00:00:00 UTC,481,-45,228037700,0.62888888888888894
2014-02-24 00:00:00 UTC,481,1413,273347910,7.99
2014-02-24 00:00:00 UTC,481,1414,273347910,1.6148611111111111
2014-02-24 00:00:00 UTC,481,-54,227320660,4.8708333333333336
2014-02-24 00:00:00 UTC,481,1404,273437790,5.0533333333333337
2014-02-24 00:00:00 UTC,481,-1252,367510750,5.4568055555555555
2014-02-24 00:00:00 UTC,481,1410,273899500,3.1763888888888885
2014-02-24 00:00:00 UTC,481,1411,273899500,4.05375
2014-02-24 00:00:00 UTC,481,-93,235000820,29.638472222222223
2014-02-24 00:00:00 UTC,481,1411,273428220,3.6163888888888889
2014-02-24 00:00:00 UTC,481,1410,273428220,0.34305555555555556
2014-02-24 00:00:00 UTC,737,192,273514800,5.566527777777778
2014-02-24 00:00:00 UTC,737,193,273514800,1.5933333333333333
2014-02-24 00:00:00 UTC,737,191,273514800,1.5472222222222223
2014-02-24 00:00:00 UTC,737,204,273427000,1.55
2014-02-24 00:00:00 UTC,737,201,273517900,1.5515277777777778
2014-02-24 00:00:00 UTC,737,199,273517900,3.1688888888888891
2014-02-24 00:00:00 UTC,-287,367,224022910,1.1724999999999999
2014-02-24 00:00:00 UTC,-31,-1482,441536000,0.90819444444444442
2014-02-24 00:00:00 UTC,-31,-1717,440648000,0.50972222222222219
2014-02-24 00:00:00 UTC,-31,-1718,440648000,0.6875
2014-02-24 00:00:00 UTC,-31,-1714,440648000,1.8484722222222221
2014-02-24 00:00:00 UTC,-31,-1553,440934000,1.324861111111111
2014-02-24 00:00:00 UTC,-31,-1554,440934000,0.925
2014-02-24 00:00:00 UTC,-31,849,432282000,1.0272222222222223
2014-02-24 00:00:00 UTC,-31,-1705,441644000,1.9023611111111109
2014-02-24 00:00:00 UTC,226,1136,412462081,9.0584722222222229
2014-02-24 00:00:00 UTC,226,1174,412445979,4.3086111111111114
2014-02-24 00:00:00 UTC,226,1136,412462122,8.69375
2014-02-24 00:00:00 UTC,226,1145,412472106,1.9583333333333333
2014-02-24 00:00:00 UTC,226,1146,412472106,3.0779166666666664
2014-02-24 00:00:00 UTC,226,1146,412472107,3.435277777777777
2014-02-24 00:00:00 UTC,226,1145,412472107,1.5977777777777777
2014-02-24 00:00:00 UTC,226,1201,900019757,1.9031944444444449
2014-02-24 00:00:00 UTC,226,1152,412460335,1.4345833333333333
2014-02-24 00:00:00 UTC,226,1201,900019762,9.681805555555556
2014-02-24 00:00:00 UTC,226,1201,200001105,2.2577777777777777
2014-02-24 00:00:00 UTC,226,1137,412462177,0.23430555555555554
2014-02-24 00:00:00 UTC,226,1136,412462177,3.7333333333333338
2014-02-24 00:00:00 UTC,226,1201,900020325,0.99055555555555552
2014-02-24 00:00:00 UTC,226,1146,412474726,0.67930555555555561
2014-02-24 00:00:00 UTC,226,1145,412474726,4.4430555555555546
2014-02-24 00:00:00 UTC,226,1137,412462194,0.80541666666666667
2014-02-24 00:00:00 UTC,226,1201,200007041,2.0620833333333333
2014-02-24 00:00:00 UTC,226,1201,416003461,2.88
2014-02-24 00:00:00 UTC,226,1175,412446855,7.8747222222222222
2014-02-24 00:00:00 UTC,226,1200,900019850,3.0538888888888884
2014-02-24 00:00:00 UTC,226,1200,200006544,3.8945833333333333
2014-02-24 00:00:00 UTC,226,1200,900019859,0.87097222222222226
2014-02-24 00:00:00 UTC,226,1201,900019862,2.3502777777777779
2014-02-24 00:00:00 UTC,226,1136,412461718,3.5805555555555557
2014-02-24 00:00:00 UTC,226,1201,900019878,2.8744444444444439
2014-02-24 00:00:00 UTC,226,1146,412472247,4.1502777777777782
2014-02-24 00:00:00 UTC,226,1136,412462534,8.54138888888889
2014-02-24 00:00:00 UTC,226,1157,412473546,1.0041666666666667
2014-02-24 00:00:00 UTC,226,1201,900019918,2.3183333333333334
2014-02-24 00:00:00 UTC,226,1201,416059627,2.2594444444444446
2014-02-24 00:00:00 UTC,482,1412,273823020,1.6705555555555553
2014-02-24 00:00:00 UTC,482,1414,273347910,2.7222222222222219
2014-02-24 00:00:00 UTC,482,1413,273347910,0.5148611111111111
2014-02-24 00:00:00 UTC,482,-67,227474000,12.495416666666667
2014-02-24 00:00:00 UTC,482,-68,227474000,6.2409722222222221
2014-02-24 00:00:00 UTC,482,-45,227629670,1.4997222222222222
2014-02-24 00:00:00 UTC,482,-67,227483000,6.4723611111111108
2014-02-24 00:00:00 UTC,482,-67,227941000,17.035972222222224
2014-02-24 00:00:00 UTC,482,-68,228378000,11.744861111111112
2014-02-24 00:00:00 UTC,482,-45,227681710,3.06
2014-02-24 00:00:00 UTC,482,1413,273819100,1.7201388888888889
2014-02-24 00:00:00 UTC,482,-1251,367510750,0.76930555555555558
2014-02-24 00:00:00 UTC,482,1412,273428220,1.1634722222222222
2014-02-24 00:00:00 UTC,482,1411,273428220,1.5729166666666667
2014-02-24 00:00:00 UTC,738,190,273514800,3.9361111111111113
2014-02-24 00:00:00 UTC,738,191,273514800,6.9665277777777774
2014-02-24 00:00:00 UTC,738,208,258483000,3.1252777777777778
2014-02-24 00:00:00 UTC,738,207,258483000,1.5404166666666668
2014-02-24 00:00:00 UTC,738,203,273427000,6.183472222222222
2014-02-24 00:00:00 UTC,738,202,273427000,5.55
2014-02-24 00:00:00 UTC,738,198,273517900,3.1818055555555556
2014-02-24 00:00:00 UTC,738,201,273517900,1.5684722222222223
2014-02-24 00:00:00 UTC,738,200,273517900,3.9183333333333334
2014-02-24 00:00:00 UTC,738,199,273517900,4.694583333333334
2014-02-24 00:00:00 UTC,-542,-521,725004140,7.9179166666666676
2014-02-24 00:00:00 UTC,-542,-509,272645000,1.5358333333333332
2014-02-24 00:00:00 UTC,-286,373,224197150,4
2014-02-24 00:00:00 UTC,-286,531,224049460,1.1634722222222222
2014-02-24 00:00:00 UTC,-286,367,224022910,1.2223611111111112
2014-02-24 00:00:00 UTC,-30,-1482,441536000,0.93875
2014-02-24 00:00:00 UTC,-30,-1435,9102875,2.7872222222222223
2014-02-24 00:00:00 UTC,-30,-1721,440648000,5.7602777777777776
2014-02-24 00:00:00 UTC,-30,-1551,440934000,1.7497222222222222
2014-02-24 00:00:00 UTC,-30,-1552,440934000,1.9252777777777776
2014-02-24 00:00:00 UTC,-30,848,432282000,1.7573611111111112
2014-02-24 00:00:00 UTC,-30,-1705,441644000,1.8018055555555554
2014-02-24 00:00:00 UTC,-30,-1704,441644000,1.5191666666666666
2014-02-24 00:00:00 UTC,-30,850,432918000,3.7951388888888888
2014-02-24 00:00:00 UTC,227,1174,412445979,1.7537500000000001
2014-02-24 00:00:00 UTC,227,1193,412444968,4.5129166666666665
2014-02-24 00:00:00 UTC,227,1200,900019758,12.233472222222222
2014-02-24 00:00:00 UTC,227,1201,900019758,12.469583333333334
2014-02-24 00:00:00 UTC,227,1200,900019762,1.6119444444444444
2014-02-24 00:00:00 UTC,227,1201,200001105,1.3320833333333333
2014-02-24 00:00:00 UTC,227,1200,200001105,1.8001388888888887
2014-02-24 00:00:00 UTC,227,1136,412462177,0.13305555555555557
2014-02-24 00:00:00 UTC,227,-1687,367338850,1.6941666666666666
2014-02-24 00:00:00 UTC,227,1136,412462194,2.2558333333333334
2014-02-24 00:00:00 UTC,227,1201,200007041,3.715694444444444
2014-02-24 00:00:00 UTC,227,1201,900019853,0.10833333333333334
2014-02-24 00:00:00 UTC,227,1200,900019853,2.8341666666666669
2014-02-24 00:00:00 UTC,227,1201,900019855,3.2956944444444449
2014-02-24 00:00:00 UTC,227,1200,900019862,1.2333333333333334
2014-02-24 00:00:00 UTC,227,1201,900019862,0.8975
2014-02-24 00:00:00 UTC,227,-237,204815000,1.3030555555555556
2014-02-24 00:00:00 UTC,227,-238,204815000,3.125
2014-02-24 00:00:00 UTC,227,1189,412446883,6.3266666666666662
2014-02-24 00:00:00 UTC,227,1190,412446883,1.2925000000000002
2014-02-24 00:00:00 UTC,227,1201,900019918,0.38763888888888892
2014-02-24 00:00:00 UTC,483,-45,227636480,2.0398611111111111
2014-02-24 00:00:00 UTC,483,-45,227303430,1.4619444444444443
2014-02-24 00:00:00 UTC,483,-44,227303430,2.9020833333333336
2014-02-24 00:00:00 UTC,483,-45,227666970,2.0154166666666669
2014-02-24 00:00:00 UTC,483,-44,227666970,0.46625
2014-02-24 00:00:00 UTC,483,-45,227592480,2.0169444444444444
2014-02-24 00:00:00 UTC,483,1413,273823020,0.68708333333333327
2014-02-24 00:00:00 UTC,483,1412,273823020,1.2519444444444443
2014-02-24 00:00:00 UTC,483,-44,227322670,0.25805555555555559
2014-02-24 00:00:00 UTC,483,-45,227322670,4.2061111111111114
2014-02-24 00:00:00 UTC,483,-44,227621940,2.1330555555555559
2014-02-24 00:00:00 UTC,483,-46,227621940,0.11597222222222223
2014-02-24 00:00:00 UTC,483,-45,227621940,0.74236111111111114
2014-02-24 00:00:00 UTC,483,-53,227312180,2.7623611111111113
2014-02-24 00:00:00 UTC,483,-45,227641920,1.7156944444444444
2014-02-24 00:00:00 UTC,483,-45,227322690,2.2386111111111111
2014-02-24 00:00:00 UTC,483,1414,273347910,2.1927777777777777
2014-02-24 00:00:00 UTC,483,-44,227608410,2.2105555555555556
2014-02-24 00:00:00 UTC,483,-45,227631450,13.030416666666667
2014-02-24 00:00:00 UTC,483,-44,227631450,0.59069444444444452
2014-02-24 00:00:00 UTC,483,-45,227578460,3.5052777777777777
2014-02-24 00:00:00 UTC,483,-45,227308650,0.93861111111111106
2014-02-24 00:00:00 UTC,483,-45,227639660,2.4988888888888887
2014-02-24 00:00:00 UTC,483,-71,227483000,3.8472222222222223
2014-02-24 00:00:00 UTC,483,-45,227625340,4.6448611111111111
2014-02-24 00:00:00 UTC,483,-45,227316100,4.2425000000000006
2014-02-24 00:00:00 UTC,483,-44,227590030,2.1615277777777782
2014-02-24 00:00:00 UTC,483,-45,227590030,0.83263888888888893
2014-02-24 00:00:00 UTC,483,-46,227589520,2.3320833333333337
2014-02-24 00:00:00 UTC,483,-64,227375000,11.770833333333334
2014-02-24 00:00:00 UTC,483,-45,227315110,2.9359722222222224
2014-02-24 00:00:00 UTC,483,-45,227681710,1.0173611111111114
2014-02-24 00:00:00 UTC,483,-44,227641010,2.3416666666666672
2014-02-24 00:00:00 UTC,483,-45,227628730,1.7605555555555559
2014-02-24 00:00:00 UTC,483,1413,273819100,0.24902777777777779
2014-02-24 00:00:00 UTC,483,-45,227571190,1.3493055555555555
2014-02-24 00:00:00 UTC,483,1412,273428220,2.2658333333333331
2014-02-24 00:00:00 UTC,739,206,258483000,2.3623611111111114
2014-02-24 00:00:00 UTC,739,212,258483000,3.1038888888888891
2014-02-24 00:00:00 UTC,739,202,273427000,1.5415277777777776
2014-02-24 00:00:00 UTC,739,201,273427000,8.63875
2014-02-24 00:00:00 UTC,739,200,273517900,1.5590277777777777
2014-02-24 00:00:00 UTC,739,198,273517900,1.5402777777777779
2014-02-24 00:00:00 UTC,739,199,273517900,2.3204166666666666
2014-02-24 00:00:00 UTC,-541,-521,725004140,0.80138888888888893
2014-02-24 00:00:00 UTC,-541,-518,725004140,4.6769444444444446
2014-02-24 00:00:00 UTC,-541,-520,725004140,3.1448611111111111
2014-02-24 00:00:00 UTC,-541,-519,725004140,6.9601388888888893
2014-02-24 00:00:00 UTC,-541,-509,272645000,8.6125
2014-02-24 00:00:00 UTC,-541,-508,272645000,2.2109722222222219
2014-02-24 00:00:00 UTC,-285,531,224049460,1.2812499999999998
2014-02-24 00:00:00 UTC,-285,367,224022910,4.6215277777777777
2014-02-24 00:00:00 UTC,-29,-1440,9102875,6.4843055555555553
2014-02-24 00:00:00 UTC,-29,-1720,440648000,1.7491666666666665
2014-02-24 00:00:00 UTC,-29,849,432282000,3.495972222222222
2014-02-24 00:00:00 UTC,-29,-1704,441644000,1.4972222222222222
2014-02-24 00:00:00 UTC,-29,-1703,441644000,0.89444444444444438
2014-02-24 00:00:00 UTC,-29,-1702,441644000,1.1893055555555556
2014-02-24 00:00:00 UTC,228,1174,412445979,11.386666666666667
2014-02-24 00:00:00 UTC,228,1200,900019762,0.71097222222222234
2014-02-24 00:00:00 UTC,228,1172,412460385,14.620000000000001
2014-02-24 00:00:00 UTC,228,-1689,367338850,6.0993055555555564
2014-02-24 00:00:00 UTC,228,1135,412461666,4.7231944444444443
2014-02-24 00:00:00 UTC,228,1172,412460391,10.220972222222224
2014-02-24 00:00:00 UTC,228,1172,412460428,21.949166666666667
2014-02-24 00:00:00 UTC,228,1200,900019853,0.54083333333333328
2014-02-24 00:00:00 UTC,228,1200,900019862,0.38472222222222219
2014-02-24 00:00:00 UTC,228,1172,412460456,17.063750000000002
2014-02-24 00:00:00 UTC,228,1172,412460473,22.960694444444446
2014-02-24 00:00:00 UTC,484,1413,273823020,0.46569444444444441
2014-02-24 00:00:00 UTC,484,1412,273823020,0.43694444444444447
2014-02-24 00:00:00 UTC,484,-53,227312180,1.3451388888888891
2014-02-24 00:00:00 UTC,484,-66,227483000,8.9038888888888881
2014-02-24 00:00:00 UTC,484,-1255,316002956,1.7997222222222224
2014-02-24 00:00:00 UTC,484,1414,273819100,4.515416666666666
2014-02-24 00:00:00 UTC,484,1415,273819100,4.2738888888888891
2014-02-24 00:00:00 UTC,484,1412,273428220,1.6497222222222223
2014-02-24 00:00:00 UTC,740,215,258154000,1.5498611111111111
2014-02-24 00:00:00 UTC,740,216,258154000,5.5443055555555558
2014-02-24 00:00:00 UTC,740,214,258154000,4.7266666666666666
2014-02-24 00:00:00 UTC,740,210,258483000,3.1761111111111111
2014-02-24 00:00:00 UTC,740,204,258483000,3.9222222222222221
2014-02-24 00:00:00 UTC,740,211,258483000,1.536111111111111
2014-02-24 00:00:00 UTC,740,203,258483000,4.7208333333333332
2014-02-24 00:00:00 UTC,-540,-505,272645000,11.947916666666664
2014-02-24 00:00:00 UTC,-284,374,224197150,1.8165277777777777
2014-02-24 00:00:00 UTC,-284,531,224049460,1.6191666666666666
2014-02-24 00:00:00 UTC,-284,378,224049530,5.712361111111111
2014-02-24 00:00:00 UTC,-284,368,224022910,1.786111111111111
2014-02-24 00:00:00 UTC,-284,367,224022910,1.0630555555555556
2014-02-24 00:00:00 UTC,-284,366,224022910,2.8122222222222222
2014-02-24 00:00:00 UTC,-284,371,224022910,4.0098611111111113
2014-02-24 00:00:00 UTC,-28,-1483,441536000,1.5815277777777776
2014-02-24 00:00:00 UTC,-28,-1723,440648000,1.1941666666666666
2014-02-24 00:00:00 UTC,-28,-1722,440648000,1.7998611111111111
2014-02-24 00:00:00 UTC,-28,848,432282000,1.7569444444444446
2014-02-24 00:00:00 UTC,-28,-1704,441644000,3.3177777777777777
2014-02-24 00:00:00 UTC,229,1168,412460617,12.841250000000002
2014-02-24 00:00:00 UTC,229,1166,412460639,0.93638888888888894
2014-02-24 00:00:00 UTC,229,1172,412460391,11.21125
2014-02-24 00:00:00 UTC,229,1168,412460681,3.2906944444444441
2014-02-24 00:00:00 UTC,229,1166,412460691,11.890277777777778
2014-02-24 00:00:00 UTC,229,1172,412460456,0.53291666666666671
2014-02-24 00:00:00 UTC,229,1169,412460212,3.0595833333333333
2014-02-24 00:00:00 UTC,229,1168,412460212,10.361805555555557
2014-02-24 00:00:00 UTC,229,1168,900922816,4.6113888888888894
2014-02-24 00:00:00 UTC,229,1166,412460753,0.68722222222222218
2014-02-24 00:00:00 UTC,485,-53,227988000,0.42208333333333331
2014-02-24 00:00:00 UTC,485,-52,227988000,1.3459722222222221
2014-02-24 00:00:00 UTC,485,1411,273823020,3.2294444444444439
2014-02-24 00:00:00 UTC,485,1412,273823020,2.1734722222222222
2014-02-24 00:00:00 UTC,485,-1255,316002956,1.8945833333333333
2014-02-24 00:00:00 UTC,485,-53,226084000,0.25958333333333333
2014-02-24 00:00:00 UTC,485,-52,226084000,4.958333333333333
2014-02-24 00:00:00 UTC,485,-67,232005850,23.460972222222221
2014-02-24 00:00:00 UTC,485,1414,273819100,3.6270833333333332
2014-02-24 00:00:00 UTC,485,-84,227145700,12.538611111111111
2014-02-24 00:00:00 UTC,485,-85,227145700,7.1052777777777774
2014-02-24 00:00:00 UTC,485,-67,232005630,33.839444444444439
2014-02-24 00:00:00 UTC,741,216,258154000,1.5427777777777778
2014-02-24 00:00:00 UTC,741,214,258154000,3.84
2014-02-24 00:00:00 UTC,741,213,258154000,1.5529166666666665
2014-02-24 00:00:00 UTC,741,167,273555500,3.1127777777777776
2014-02-24 00:00:00 UTC,741,170,211272580,1.5652777777777778
2014-02-24 00:00:00 UTC,741,169,211272580,3.9361111111111113
2014-02-24 00:00:00 UTC,-283,531,224049460,1.4429166666666666
2014-02-24 00:00:00 UTC,-283,370,224022910,3.0969444444444445
2014-02-24 00:00:00 UTC,-27,860,431253000,1.9336111111111112
2014-02-24 00:00:00 UTC,-27,857,431253000,4.68375
2014-02-24 00:00:00 UTC,-27,854,431253000,5.5030555555555551
2014-02-24 00:00:00 UTC,-27,848,432282000,2.9026388888888892
2014-02-24 00:00:00 UTC,-27,-1707,440781000,1.4240277777777779
2014-02-24 00:00:00 UTC,-27,-1708,441644000,1.8352777777777778
2014-02-24 00:00:00 UTC,-27,-1705,441644000,2.3222222222222224
2014-02-24 00:00:00 UTC,-27,-1706,441644000,1.9280555555555554
2014-02-24 00:00:00 UTC,-27,-1707,441644000,3.6576388888888891
2014-02-24 00:00:00 UTC,230,1166,412468992,16.673333333333336
2014-02-24 00:00:00 UTC,230,1167,412468992,0.45152777777777775
2014-02-24 00:00:00 UTC,230,1169,412460562,5.3295833333333329
2014-02-24 00:00:00 UTC,230,1168,412460562,0.22486111111111112
2014-02-24 00:00:00 UTC,230,1166,412460614,1.1712500000000001
2014-02-24 00:00:00 UTC,230,1168,412460614,0.15041666666666667
2014-02-24 00:00:00 UTC,230,1167,412460614,2.9534722222222221
2014-02-24 00:00:00 UTC,230,1168,412460617,2.9154166666666668
2014-02-24 00:00:00 UTC,230,1169,412460617,2.475972222222222
2014-02-24 00:00:00 UTC,230,1169,412460889,0.58875
2014-02-24 00:00:00 UTC,230,1168,412470109,2.4081944444444447
2014-02-24 00:00:00 UTC,230,1168,412460639,1.1681944444444443
2014-02-24 00:00:00 UTC,230,1167,412460639,6.1484722222222219
2014-02-24 00:00:00 UTC,230,1168,412470117,12.924027777777777
2014-02-24 00:00:00 UTC,230,1167,412470117,2.0481944444444444
2014-02-24 00:00:00 UTC,230,1169,412460681,4.2052777777777779
2014-02-24 00:00:00 UTC,230,1170,412460681,3.5147222222222219
2014-02-24 00:00:00 UTC,230,1168,412460681,9.3338888888888878
2014-02-24 00:00:00 UTC,230,1167,412468873,3.6651388888888894
2014-02-24 00:00:00 UTC,230,1166,412468873,4.8325
2014-02-24 00:00:00 UTC,230,1169,412460702,0.48166666666666669
2014-02-24 00:00:00 UTC,230,1168,412460702,3.17875
2014-02-24 00:00:00 UTC,230,1168,412460204,1.0302777777777776
2014-02-24 00:00:00 UTC,230,1167,412460204,4.3673611111111112
2014-02-24 00:00:00 UTC,230,1166,412460206,0.77819444444444441
2014-02-24 00:00:00 UTC,230,1167,412460206,6.4248611111111105
2014-02-24 00:00:00 UTC,230,1168,412460206,0.25430555555555556
2014-02-24 00:00:00 UTC,230,1167,412460207,1.1954166666666668
2014-02-24 00:00:00 UTC,230,1169,412460212,3.4926388888888891
2014-02-24 00:00:00 UTC,230,1168,412460212,1.4706944444444443
2014-02-24 00:00:00 UTC,230,1168,412460215,2.1025
2014-02-24 00:00:00 UTC,230,1171,412460473,3.3833333333333333
2014-02-24 00:00:00 UTC,230,1168,412460222,0.4548611111111111
2014-02-24 00:00:00 UTC,230,1168,900922816,1.892638888888889
2014-02-24 00:00:00 UTC,230,1166,900922816,4.5031944444444445
2014-02-24 00:00:00 UTC,230,1168,412469963,2.70875
2014-02-24 00:00:00 UTC,230,1168,412460753,0.49375
2014-02-24 00:00:00 UTC,230,1166,412460753,0.5838888888888889
2014-02-24 00:00:00 UTC,230,1167,412460753,5.0556944444444447
2014-02-24 00:00:00 UTC,230,1167,412460253,3.8179166666666671
2014-02-24 00:00:00 UTC,230,1168,412460253,1.6901388888888891
2014-02-24 00:00:00 UTC,230,1169,412470494,1.0576388888888888
2014-02-24 00:00:00 UTC,230,1168,412460775,0.48722222222222222
2014-02-24 00:00:00 UTC,230,1168,412460265,0.61680555555555561
2014-02-24 00:00:00 UTC,230,1168,412460777,5.4015277777777779
2014-02-24 00:00:00 UTC,230,1167,412468971,1.5459722222222223
2014-02-24 00:00:00 UTC,230,1168,412469995,0.97986111111111107
2014-02-24 00:00:00 UTC,230,1167,412469997,1.4294444444444445
2014-02-24 00:00:00 UTC,230,1168,412469997,2.3093055555555555
2014-02-24 00:00:00 UTC,230,1167,412460795,0.43291666666666667
2014-02-24 00:00:00 UTC,230,1168,412470011,2.0044444444444443
2014-02-24 00:00:00 UTC,486,-53,227988000,0.4926388888888889
2014-02-24 00:00:00 UTC,486,-52,227988000,4.5209722222222224
2014-02-24 00:00:00 UTC,486,-497,316011910,6.4336111111111105
2014-02-24 00:00:00 UTC,486,-52,226084000,1.0306944444444444
2014-02-24 00:00:00 UTC,486,-51,226084000,0.75263888888888886
2014-02-24 00:00:00 UTC,486,-54,228211900,1.6081944444444443
2014-02-24 00:00:00 UTC,486,-78,228228800,5.2102777777777778
2014-02-24 00:00:00 UTC,486,1414,273819100,2.0501388888888892
2014-02-24 00:00:00 UTC,486,-84,227145700,11.744444444444445
2014-02-24 00:00:00 UTC,486,-73,250000887,18.382777777777779
2014-02-24 00:00:00 UTC,742,213,258154000,1.6056944444444445
2014-02-24 00:00:00 UTC,742,212,258154000,3.1431944444444442
2014-02-24 00:00:00 UTC,742,168,273555500,1.5593055555555555
2014-02-24 00:00:00 UTC,742,167,273555500,1.5279166666666666
2014-02-24 00:00:00 UTC,-282,531,224049460,1.5037500000000001
2014-02-24 00:00:00 UTC,-282,379,224049530,3.6268055555555554
2014-02-24 00:00:00 UTC,-282,378,224049530,1.8020833333333335
2014-02-24 00:00:00 UTC,-26,-1484,441536000,0.77875
2014-02-24 00:00:00 UTC,-26,860,431253000,2.9606944444444454
2014-02-24 00:00:00 UTC,-26,861,431253000,1.8447222222222224
2014-02-24 00:00:00 UTC,-26,859,431253000,1.67375
2014-02-24 00:00:00 UTC,-26,-1723,440648000,1.8363888888888888
2014-02-24 00:00:00 UTC,-26,-1705,441644000,2.0015277777777776
2014-02-24 00:00:00 UTC,231,1169,412470528,3.1786111111111111
2014-02-24 00:00:00 UTC,231,1169,412470534,1.1622222222222223
2014-02-24 00:00:00 UTC,231,1169,412460561,0.59680555555555548
2014-02-24 00:00:00 UTC,231,1169,412460817,3.3633333333333333
2014-02-24 00:00:00 UTC,231,1168,412460817,1.1358333333333333
2014-02-24 00:00:00 UTC,231,1169,412470545,2.9568055555555555
2014-02-24 00:00:00 UTC,231,1168,412460562,1.1988888888888889
2014-02-24 00:00:00 UTC,231,1169,412460562,5.086666666666666
2014-02-24 00:00:00 UTC,231,1169,412460563,6.0587500000000016
2014-02-24 00:00:00 UTC,231,1168,412460563,0.77680555555555564
2014-02-24 00:00:00 UTC,231,1169,412460819,0.8975
2014-02-24 00:00:00 UTC,231,1169,412470549,5.5341666666666658
2014-02-24 00:00:00 UTC,231,1169,412470551,1.5026388888888889
2014-02-24 00:00:00 UTC,231,1169,412460834,0.15791666666666668
2014-02-24 00:00:00 UTC,231,1169,412460843,1.0051388888888888
2014-02-24 00:00:00 UTC,231,1168,412460845,1.373472222222222
2014-02-24 00:00:00 UTC,231,1169,412460845,9.100833333333334
2014-02-24 00:00:00 UTC,231,1169,412460592,1.6626388888888888
2014-02-24 00:00:00 UTC,231,1169,412460593,11.250416666666668
2014-02-24 00:00:00 UTC,231,1169,412460594,0.10625
2014-02-24 00:00:00 UTC,231,1169,412464184,6.0098611111111113
2014-02-24 00:00:00 UTC,231,1168,412464184,3.6699999999999995
2014-02-24 00:00:00 UTC,231,1168,412460614,4.3959722222222215
2014-02-24 00:00:00 UTC,231,1167,412460614,0.20416666666666666
2014-02-24 00:00:00 UTC,231,1169,412460614,2.7990277777777779
2014-02-24 00:00:00 UTC,231,1169,412460617,1.9109722222222219
2014-02-24 00:00:00 UTC,231,1170,412460889,0.71000000000000008
2014-02-24 00:00:00 UTC,231,1169,412460889,4.4815277777777771
2014-02-24 00:00:00 UTC,231,1169,412460639,1.2622222222222224
2014-02-24 00:00:00 UTC,231,1168,412460639,3.2398611111111109
2014-02-24 00:00:00 UTC,231,1169,412470371,0.63930555555555557
2014-02-24 00:00:00 UTC,231,1168,412470117,3.2118055555555554
2014-02-24 00:00:00 UTC,231,1169,412470375,0.79236111111111118
2014-02-24 00:00:00 UTC,231,1169,412470376,0.95944444444444432
2014-02-24 00:00:00 UTC,231,1168,812041330,0.30555555555555558
2014-02-24 00:00:00 UTC,231,1169,412460659,1.3070833333333332
2014-02-24 00:00:00 UTC,231,1169,412470388,2.9165277777777781
2014-02-24 00:00:00 UTC,231,1168,412460662,1.6797222222222223
2014-02-24 00:00:00 UTC,231,1169,412460662,4.7176388888888887
2014-02-24 00:00:00 UTC,231,1169,412460668,3.2393055555555557
2014-02-24 00:00:00 UTC,231,1168,412460668,5.5941666666666681
2014-02-24 00:00:00 UTC,231,1169,412460669,3.0254166666666666
2014-02-24 00:00:00 UTC,231,1168,412460669,6.2779166666666679
2014-02-24 00:00:00 UTC,231,1166,412470141,4.90513888888889
2014-02-24 00:00:00 UTC,231,1166,813021824,19.119305555555556
2014-02-24 00:00:00 UTC,231,1168,412460677,7.6298611111111105
2014-02-24 00:00:00 UTC,231,1169,412460677,4.2670833333333329
2014-02-24 00:00:00 UTC,231,1169,412460681,3.6711111111111112
2014-02-24 00:00:00 UTC,231,1167,412468873,0.81652777777777785
2014-02-24 00:00:00 UTC,231,1169,412460687,13.221805555555555
2014-02-24 00:00:00 UTC,231,1168,412460687,1.6804166666666667
2014-02-24 00:00:00 UTC,231,1169,559000208,3.6797222222222223
2014-02-24 00:00:00 UTC,231,1169,412460184,0.80458333333333332
2014-02-24 00:00:00 UTC,231,1169,412460702,10.661527777777781
2014-02-24 00:00:00 UTC,231,1168,412460702,0.22027777777777779
2014-02-24 00:00:00 UTC,231,1169,412460191,0.77583333333333337
2014-02-24 00:00:00 UTC,231,1168,412460191,7.8590277777777757
2014-02-24 00:00:00 UTC,231,1168,412460707,6.965
2014-02-24 00:00:00 UTC,231,1169,412460707,0.56875
2014-02-24 00:00:00 UTC,231,1168,412460196,1.1377777777777778
2014-02-24 00:00:00 UTC,231,1169,412460708,0.74208333333333332
2014-02-24 00:00:00 UTC,231,1169,412460709,0.24541666666666667
2014-02-24 00:00:00 UTC,231,1171,412460456,4.3123611111111115
2014-02-24 00:00:00 UTC,231,1170,412460203,0.54875000000000007
2014-02-24 00:00:00 UTC,231,1169,412460203,0.30722222222222223
2014-02-24 00:00:00 UTC,231,1169,412460204,0.7583333333333333
2014-02-24 00:00:00 UTC,231,1168,412460204,2.3112500000000002
2014-02-24 00:00:00 UTC,231,1167,412460206,0.22069444444444444
2014-02-24 00:00:00 UTC,231,1169,412460206,1.2258333333333331
2014-02-24 00:00:00 UTC,231,1168,412460206,4.2045833333333329
2014-02-24 00:00:00 UTC,231,1167,412460207,0.21236111111111111
2014-02-24 00:00:00 UTC,231,1169,412460207,8.14472222222222
2014-02-24 00:00:00 UTC,231,1168,412460207,2.0691666666666668
2014-02-24 00:00:00 UTC,231,1169,412460721,0.2175
2014-02-24 00:00:00 UTC,231,1169,412460723,1.6684722222222224
2014-02-24 00:00:00 UTC,231,1169,412460212,2.0970833333333334
2014-02-24 00:00:00 UTC,231,1169,412460213,3.1291666666666669
2014-02-24 00:00:00 UTC,231,1168,412460213,2.4563888888888887
2014-02-24 00:00:00 UTC,231,1169,412460215,3.0912499999999996
2014-02-24 00:00:00 UTC,231,1168,412460215,4.4540277777777781
2014-02-24 00:00:00 UTC,231,1169,412460221,0.81805555555555554
2014-02-24 00:00:00 UTC,231,1169,412460222,5.9133333333333331
2014-02-24 00:00:00 UTC,231,1168,412460222,3.3588888888888881
2014-02-24 00:00:00 UTC,231,1169,412460735,1.2834722222222223
2014-02-24 00:00:00 UTC,231,1169,997752770,0.84263888888888883
2014-02-24 00:00:00 UTC,231,1169,412460739,4.5805555555555557
2014-02-24 00:00:00 UTC,231,1168,412460739,0.52791666666666659
2014-02-24 00:00:00 UTC,231,1169,412460746,2.6436111111111114
2014-02-24 00:00:00 UTC,231,1168,412460746,7.2661111111111119
2014-02-24 00:00:00 UTC,231,1168,412460235,6.5938888888888894
2014-02-24 00:00:00 UTC,231,1169,412460235,1.1775
2014-02-24 00:00:00 UTC,231,1169,412460751,9.486527777777777
2014-02-24 00:00:00 UTC,231,1169,412460752,3.7365277777777779
2014-02-24 00:00:00 UTC,231,1168,412460752,7.7041666666666657
2014-02-24 00:00:00 UTC,231,1168,412460241,2.3151388888888889
2014-02-24 00:00:00 UTC,231,1168,412460753,2.3084722222222225
2014-02-24 00:00:00 UTC,231,1169,412460244,1.3029166666666667
2014-02-24 00:00:00 UTC,231,1168,412460244,1.5030555555555556
2014-02-24 00:00:00 UTC,231,1169,412460758,3.1019444444444453
2014-02-24 00:00:00 UTC,231,1168,412460758,5.03736111111111
2014-02-24 00:00:00 UTC,231,1169,412460762,2.6195833333333334
2014-02-24 00:00:00 UTC,231,1168,412460762,5.8901388888888908
2014-02-24 00:00:00 UTC,231,1170,800035547,0.27541666666666664
2014-02-24 00:00:00 UTC,231,1169,800035547,7.333333333333333
2014-02-24 00:00:00 UTC,231,1168,412460253,5.149861111111111
2014-02-24 00:00:00 UTC,231,1169,412460253,2.824583333333333
2014-02-24 00:00:00 UTC,231,1169,412460765,4.268472222222222
2014-02-24 00:00:00 UTC,231,1168,412460765,0.69597222222222221
2014-02-24 00:00:00 UTC,231,1169,412470494,2.2463888888888888
2014-02-24 00:00:00 UTC,231,1169,900017119,7.1465277777777789
2014-02-24 00:00:00 UTC,231,1170,900017119,0.27861111111111109
2014-02-24 00:00:00 UTC,231,1168,900017119,3.1944444444444438
2014-02-24 00:00:00 UTC,231,1169,412460768,1.3394444444444447
2014-02-24 00:00:00 UTC,231,1168,412460768,6.4987500000000011
2014-02-24 00:00:00 UTC,231,1168,412460258,5.2754166666666666
2014-02-24 00:00:00 UTC,231,1169,412460258,4.5081944444444444
2014-02-24 00:00:00 UTC,231,1169,412460259,2.0263888888888886
2014-02-24 00:00:00 UTC,231,1169,412470501,0.76277777777777778
2014-02-24 00:00:00 UTC,231,1169,812460774,2.3447222222222224
2014-02-24 00:00:00 UTC,231,1168,812460774,5.896527777777778
2014-02-24 00:00:00 UTC,231,1168,800034535,8.0981944444444469
2014-02-24 00:00:00 UTC,231,1169,800034535,2.9772222222222222
2014-02-24 00:00:00 UTC,231,1168,412460775,11.246111111111112
2014-02-24 00:00:00 UTC,231,1169,412460776,2.7901388888888885
2014-02-24 00:00:00 UTC,231,1168,412460776,1.4505555555555556
2014-02-24 00:00:00 UTC,231,1168,412460265,5.7319444444444443
2014-02-24 00:00:00 UTC,231,1169,412460265,2.9573611111111116
2014-02-24 00:00:00 UTC,231,1169,412460777,4.0209722222222224
2014-02-24 00:00:00 UTC,231,1169,412460266,4.7136111111111116
2014-02-24 00:00:00 UTC,231,1168,412460266,10.409861111111113
2014-02-24 00:00:00 UTC,231,1168,412460779,3.4673611111111109
2014-02-24 00:00:00 UTC,231,1169,412460779,5.6993055555555552
2014-02-24 00:00:00 UTC,231,1167,412468971,0.75777777777777777
2014-02-24 00:00:00 UTC,231,1169,412469995,0.91694444444444445
2014-02-24 00:00:00 UTC,231,1168,412469995,6.738611111111112
2014-02-24 00:00:00 UTC,231,1169,412470508,0.9818055555555556
2014-02-24 00:00:00 UTC,231,1169,412469997,3.9238888888888885
2014-02-24 00:00:00 UTC,231,1168,412469997,4.031944444444445
2014-02-24 00:00:00 UTC,231,1168,412460783,0.43402777777777779
2014-02-24 00:00:00 UTC,231,1169,412460783,0.66222222222222216
2014-02-24 00:00:00 UTC,231,1169,412470513,9.3215277777777779
2014-02-24 00:00:00 UTC,231,1169,412460274,1.5179166666666668
2014-02-24 00:00:00 UTC,231,1168,412460274,1.0620833333333333
2014-02-24 00:00:00 UTC,231,1168,412460786,1.8491666666666666
2014-02-24 00:00:00 UTC,231,1169,412460786,3.3955555555555557
2014-02-24 00:00:00 UTC,231,1168,412460787,4.108888888888889
2014-02-24 00:00:00 UTC,231,1169,412460787,5.0144444444444449
2014-02-24 00:00:00 UTC,231,1168,412460788,2.3919444444444444
2014-02-24 00:00:00 UTC,231,1169,412460788,12.500972222222222
2014-02-24 00:00:00 UTC,231,1169,412460792,1.2690277777777776
2014-02-24 00:00:00 UTC,231,1168,412460792,7.2593055555555566
2014-02-24 00:00:00 UTC,231,1168,412470009,0.84541666666666671
2014-02-24 00:00:00 UTC,231,1169,412470009,1.0216666666666665
2014-02-24 00:00:00 UTC,231,1169,412470521,3.2194444444444446
2014-02-24 00:00:00 UTC,231,1168,412460794,3.6655555555555557
2014-02-24 00:00:00 UTC,231,1169,412460794,4.072916666666667
2014-02-24 00:00:00 UTC,231,1169,412460795,0.65319444444444452
2014-02-24 00:00:00 UTC,231,1168,412460795,5.8238888888888871
2014-02-24 00:00:00 UTC,231,1167,412460795,0.41805555555555557
2014-02-24 00:00:00 UTC,231,1168,412470011,11.261944444444444
2014-02-24 00:00:00 UTC,231,1169,412460797,3.1134722222222222
2014-02-24 00:00:00 UTC,231,1168,412460797,0.50625
2014-02-24 00:00:00 UTC,487,-44,228287000,0.48069444444444442
2014-02-24 00:00:00 UTC,487,-65,227327000,22.500972222222224
2014-02-24 00:00:00 UTC,487,-49,227560790,0.21111111111111111
2014-02-24 00:00:00 UTC,487,-48,227560790,1.5802777777777779
2014-02-24 00:00:00 UTC,487,-48,227610980,2.3520833333333333
2014-02-24 00:00:00 UTC,487,-28,228806000,1.2470833333333333
2014-02-24 00:00:00 UTC,487,-27,228039800,0.43125
2014-02-24 00:00:00 UTC,487,-26,228039800,0.47944444444444445
2014-02-24 00:00:00 UTC,487,-24,227323270,1.7336111111111112
2014-02-24 00:00:00 UTC,487,-25,227323270,1.6765277777777778
2014-02-24 00:00:00 UTC,487,-29,227317150,0.98972222222222217
2014-02-24 00:00:00 UTC,487,-54,228211900,0.23166666666666669
2014-02-24 00:00:00 UTC,487,-52,228211900,2.4122222222222223
2014-02-24 00:00:00 UTC,487,-53,228211900,2.7727777777777778
2014-02-24 00:00:00 UTC,487,-47,226199000,0.23319444444444443
2014-02-24 00:00:00 UTC,487,-49,226199000,0.53222222222222215
2014-02-24 00:00:00 UTC,487,-48,226199000,4.3295833333333329
2014-02-24 00:00:00 UTC,487,-73,250000887,7.1084722222222227
2014-02-24 00:00:00 UTC,487,-27,228004600,0.67930555555555561
2014-02-24 00:00:00 UTC,487,-26,228004600,0.663888888888889
2014-02-24 00:00:00 UTC,743,167,273555500,4.7493055555555559
2014-02-24 00:00:00 UTC,-281,374,224197150,3.2747222222222221
2014-02-24 00:00:00 UTC,-281,373,224197150,2.135
2014-02-24 00:00:00 UTC,-25,-1484,441536000,0.944861111111111
2014-02-24 00:00:00 UTC,-25,1724,440731000,1.1666666666666665
2014-02-24 00:00:00 UTC,-25,1727,440731000,1.8045833333333334
2014-02-24 00:00:00 UTC,-25,1726,440731000,1.8354166666666667
2014-02-24 00:00:00 UTC,-25,1725,440731000,1.4719444444444445
2014-02-24 00:00:00 UTC,-25,-1791,416002195,5.5072222222222225
2014-02-24 00:00:00 UTC,-25,-1790,416002195,3.6176388888888886
2014-02-24 00:00:00 UTC,-25,-1707,440781000,2.1068055555555554
2014-02-24 00:00:00 UTC,232,1169,412470528,0.21388888888888888
2014-02-24 00:00:00 UTC,232,1172,875414276,1.3997222222222223
2014-02-24 00:00:00 UTC,232,1169,412470534,7.4744444444444449
2014-02-24 00:00:00 UTC,232,1170,412460561,10.48486111111111
2014-02-24 00:00:00 UTC,232,1169,412460561,2.0904166666666666
2014-02-24 00:00:00 UTC,232,1169,412460817,1.3958333333333333
2014-02-24 00:00:00 UTC,232,1170,412460817,1.9705555555555556
2014-02-24 00:00:00 UTC,232,1169,412470545,4.0452777777777786
2014-02-24 00:00:00 UTC,232,1169,412460562,1.7606944444444443
2014-02-24 00:00:00 UTC,232,1170,412460562,0.40972222222222221
2014-02-24 00:00:00 UTC,232,1170,412460818,11.502361111111112
2014-02-24 00:00:00 UTC,232,1169,412460818,0.41222222222222227
2014-02-24 00:00:00 UTC,232,1169,412470546,3.2979166666666666
2014-02-24 00:00:00 UTC,232,1170,412460563,0.20680555555555558
2014-02-24 00:00:00 UTC,232,1169,412460563,0.70027777777777778
2014-02-24 00:00:00 UTC,232,1170,412460819,2.0631944444444446
2014-02-24 00:00:00 UTC,232,1169,412460819,2.6911111111111108
2014-02-24 00:00:00 UTC,232,1168,100701716,0.56958333333333333
2014-02-24 00:00:00 UTC,232,1169,412470549,0.47972222222222222
2014-02-24 00:00:00 UTC,232,1170,412460823,7.4386111111111113
2014-02-24 00:00:00 UTC,232,1169,412460823,1.3043055555555556
2014-02-24 00:00:00 UTC,232,1169,412470551,5.8838888888888885
2014-02-24 00:00:00 UTC,232,1169,412470552,3.044861111111111
2014-02-24 00:00:00 UTC,232,1170,412460827,6.9240277777777779
2014-02-24 00:00:00 UTC,232,1169,412460827,2.6320833333333331
2014-02-24 00:00:00 UTC,232,1169,412470555,2.6734722222222222
2014-02-24 00:00:00 UTC,232,1170,412460829,1.9226388888888888
2014-02-24 00:00:00 UTC,232,1169,412460834,0.85569444444444442
2014-02-24 00:00:00 UTC,232,1170,412460837,11.620555555555557
2014-02-24 00:00:00 UTC,232,1169,412460837,2.952638888888889
2014-02-24 00:00:00 UTC,232,1169,412460586,3.407083333333333
2014-02-24 00:00:00 UTC,232,1170,412460586,10.725
2014-02-24 00:00:00 UTC,232,1170,412460843,13.205138888888891
2014-02-24 00:00:00 UTC,232,1170,412460845,1.1951388888888888
2014-02-24 00:00:00 UTC,232,1169,412460845,1.7536111111111108
2014-02-24 00:00:00 UTC,232,1171,412469293,3.8109722222222224
2014-02-24 00:00:00 UTC,232,1172,412469293,11.126944444444446
2014-02-24 00:00:00 UTC,232,1170,412460846,11.056666666666667
2014-02-24 00:00:00 UTC,232,1169,412460592,2.7502777777777778
2014-02-24 00:00:00 UTC,232,1170,412460592,2.0070833333333331
2014-02-24 00:00:00 UTC,232,1170,412460593,7.41652777777778
2014-02-24 00:00:00 UTC,232,1169,412460593,2.1172222222222219
2014-02-24 00:00:00 UTC,232,1169,412460596,6.6266666666666652
2014-02-24 00:00:00 UTC,232,1170,412460596,10.049166666666666
2014-02-24 00:00:00 UTC,232,1170,412460599,14.795833333333333
2014-02-24 00:00:00 UTC,232,1170,412464184,1.5602777777777779
2014-02-24 00:00:00 UTC,232,1169,412464184,0.24680555555555556
2014-02-24 00:00:00 UTC,232,1171,412469313,1.5987499999999997
2014-02-24 00:00:00 UTC,232,1170,412469313,0.4276388888888889
2014-02-24 00:00:00 UTC,232,1169,412460614,1.2441666666666666
2014-02-24 00:00:00 UTC,232,1170,412460617,0.23291666666666666
2014-02-24 00:00:00 UTC,232,1169,412460617,2.1008333333333331
2014-02-24 00:00:00 UTC,232,1168,110701388,1.0179166666666668
2014-02-24 00:00:00 UTC,232,1170,412460889,4.915972222222222
2014-02-24 00:00:00 UTC,232,1169,412460889,0.20805555555555555
2014-02-24 00:00:00 UTC,232,1169,412460634,0.66958333333333331
2014-02-24 00:00:00 UTC,232,1170,412460634,11.031944444444449
2014-02-24 00:00:00 UTC,232,1169,412470371,3.0623611111111111
2014-02-24 00:00:00 UTC,232,1169,997753445,0.42541666666666667
2014-02-24 00:00:00 UTC,232,1168,997753445,0.2147222222222222
2014-02-24 00:00:00 UTC,232,1169,412470375,4.8981944444444441
2014-02-24 00:00:00 UTC,232,1172,412469352,0.29541666666666666
2014-02-24 00:00:00 UTC,232,1171,412469352,5.5413888888888891
2014-02-24 00:00:00 UTC,232,1169,412470376,2.6388888888888888
2014-02-24 00:00:00 UTC,232,1171,412460656,0.97083333333333321
2014-02-24 00:00:00 UTC,232,1168,812041330,4.293333333333333
2014-02-24 00:00:00 UTC,232,1170,412460659,7.557500000000001
2014-02-24 00:00:00 UTC,232,1169,412460659,3.7627777777777771
2014-02-24 00:00:00 UTC,232,1169,412470388,0.41236111111111107
2014-02-24 00:00:00 UTC,232,1169,412460662,0.45180555555555557
2014-02-24 00:00:00 UTC,232,1171,412460675,1.1420833333333333
2014-02-24 00:00:00 UTC,232,1169,412460677,5.8074999999999992
2014-02-24 00:00:00 UTC,232,1168,412460677,0.26652777777777781
2014-02-24 00:00:00 UTC,232,1169,412460687,3.4919444444444436
2014-02-24 00:00:00 UTC,232,1170,412460687,4.7986111111111107
2014-02-24 00:00:00 UTC,232,1170,559000208,8.5852777777777778
2014-02-24 00:00:00 UTC,232,1169,559000208,0.91805555555555562
2014-02-24 00:00:00 UTC,232,1169,412460689,1.5486111111111114
2014-02-24 00:00:00 UTC,232,1170,412460689,11.921111111111111
2014-02-24 00:00:00 UTC,232,1172,875400853,14.383750000000001
2014-02-24 00:00:00 UTC,232,-236,204815000,3.2415277777777778
2014-02-24 00:00:00 UTC,232,1170,412460184,2.6709722222222223
2014-02-24 00:00:00 UTC,232,1169,412460184,2.7238888888888888
2014-02-24 00:00:00 UTC,232,1170,412460696,9.2279166666666672
2014-02-24 00:00:00 UTC,232,1169,412460696,5.8649999999999975
2014-02-24 00:00:00 UTC,232,1170,412469403,1.106111111111111
2014-02-24 00:00:00 UTC,232,1170,412460702,4.7422222222222219
2014-02-24 00:00:00 UTC,232,1169,412460702,3.3472222222222223
2014-02-24 00:00:00 UTC,232,1169,412460191,10.124583333333332
2014-02-24 00:00:00 UTC,232,1170,412460191,1.0327777777777778
2014-02-24 00:00:00 UTC,232,1172,811021730,15.792916666666667
2014-02-24 00:00:00 UTC,232,1168,412460707,0.20069444444444445
2014-02-24 00:00:00 UTC,232,1169,412460707,11.601250000000002
2014-02-24 00:00:00 UTC,232,1169,412460196,7.0011111111111122
2014-02-24 00:00:00 UTC,232,1168,412460196,0.54402777777777778
2014-02-24 00:00:00 UTC,232,1170,412460708,1.6297222222222221
2014-02-24 00:00:00 UTC,232,1169,412460708,4.2722222222222213
2014-02-24 00:00:00 UTC,232,1170,412460709,8.8562500000000011
2014-02-24 00:00:00 UTC,232,1169,412460709,0.28972222222222221
2014-02-24 00:00:00 UTC,232,1170,412460203,12.379305555555552
2014-02-24 00:00:00 UTC,232,1169,412460203,0.92041666666666666
2014-02-24 00:00:00 UTC,232,1170,412469165,0.42555555555555558
2014-02-24 00:00:00 UTC,232,1169,412460209,4.6826388888888886
2014-02-24 00:00:00 UTC,232,1170,412460209,7.519166666666667
2014-02-24 00:00:00 UTC,232,1170,412460721,7.3406944444444422
2014-02-24 00:00:00 UTC,232,1169,412460721,1.6143055555555557
2014-02-24 00:00:00 UTC,232,1170,412460723,2.184166666666667
2014-02-24 00:00:00 UTC,232,1169,412460723,2.7458333333333336
2014-02-24 00:00:00 UTC,232,1169,412460212,2.5168055555555555
2014-02-24 00:00:00 UTC,232,1169,412460213,7.7822222222222237
2014-02-24 00:00:00 UTC,232,1170,412460221,1.1002777777777777
2014-02-24 00:00:00 UTC,232,1169,412460221,3.7134722222222223
2014-02-24 00:00:00 UTC,232,1170,412469181,1.33
2014-02-24 00:00:00 UTC,232,1170,412460222,1.649027777777778
2014-02-24 00:00:00 UTC,232,1169,412460735,3.3862500000000004
2014-02-24 00:00:00 UTC,232,1170,412460735,3.449583333333333
2014-02-24 00:00:00 UTC,232,1169,997752770,3.4383333333333335
2014-02-24 00:00:00 UTC,232,1170,412460739,1.2691666666666666
2014-02-24 00:00:00 UTC,232,1169,412460739,1.9336111111111112
2014-02-24 00:00:00 UTC,232,1169,412460233,4.9158333333333335
2014-02-24 00:00:00 UTC,232,1170,412460233,11.214722222222219
2014-02-24 00:00:00 UTC,232,1170,412460234,14.135555555555555
2014-02-24 00:00:00 UTC,232,1169,412460235,0.49458333333333332
2014-02-24 00:00:00 UTC,232,1169,412470476,1.3069444444444445
2014-02-24 00:00:00 UTC,232,1170,412460749,9.615
2014-02-24 00:00:00 UTC,232,1169,412460749,2.6515277777777775
2014-02-24 00:00:00 UTC,232,1168,412460241,1.4940277777777777
2014-02-24 00:00:00 UTC,232,1169,412460241,8.2319444444444425
2014-02-24 00:00:00 UTC,232,1173,412446676,1.5684722222222223
2014-02-24 00:00:00 UTC,232,1172,412446676,9.9081944444444456
2014-02-24 00:00:00 UTC,232,1169,412460244,10.803611111111111
2014-02-24 00:00:00 UTC,232,1168,412460758,0.11222222222222222
2014-02-24 00:00:00 UTC,232,1169,412460759,3.4940277777777782
2014-02-24 00:00:00 UTC,232,1170,412460759,10.288749999999999
2014-02-24 00:00:00 UTC,232,1169,412460762,0.45472222222222225
2014-02-24 00:00:00 UTC,232,1169,800035547,1.5556944444444445
2014-02-24 00:00:00 UTC,232,1170,800035547,10.959583333333331
2014-02-24 00:00:00 UTC,232,1169,412460765,0.20986111111111111
2014-02-24 00:00:00 UTC,232,1170,412460765,1.5493055555555557
2014-02-24 00:00:00 UTC,232,1168,900017119,1.2073611111111111
2014-02-24 00:00:00 UTC,232,1170,900017119,2.0859722222222223
2014-02-24 00:00:00 UTC,232,1169,900017119,5.86875
2014-02-24 00:00:00 UTC,232,1169,412460768,0.23277777777777781
2014-02-24 00:00:00 UTC,232,1170,412460769,12.319722222222222
2014-02-24 00:00:00 UTC,232,1169,412460769,2.8761111111111113
2014-02-24 00:00:00 UTC,232,1169,412460258,2.6588888888888889
2014-02-24 00:00:00 UTC,232,1170,412460258,0.8525
2014-02-24 00:00:00 UTC,232,1170,412460259,6.4519444444444449
2014-02-24 00:00:00 UTC,232,1169,412460259,2.0599999999999996
2014-02-24 00:00:00 UTC,232,1172,412469733,1.9304166666666667
2014-02-24 00:00:00 UTC,232,1171,412469733,0.27055555555555555
2014-02-24 00:00:00 UTC,232,1169,412470501,2.8745833333333333
2014-02-24 00:00:00 UTC,232,1169,812460774,0.65222222222222226
2014-02-24 00:00:00 UTC,232,1170,412469222,8.6037500000000016
2014-02-24 00:00:00 UTC,232,1169,800034535,2.4468055555555557
2014-02-24 00:00:00 UTC,232,1170,412460264,6.8565277777777771
2014-02-24 00:00:00 UTC,232,1169,412460264,0.91597222222222219
2014-02-24 00:00:00 UTC,232,1169,412460776,3.5972222222222214
2014-02-24 00:00:00 UTC,232,1169,412469224,9.3015277777777765
2014-02-24 00:00:00 UTC,232,1169,412460265,3.6306944444444453
2014-02-24 00:00:00 UTC,232,1169,400460778,4.4868055555555557
2014-02-24 00:00:00 UTC,232,1170,400460778,1.6891666666666665
2014-02-24 00:00:00 UTC,232,1172,412469482,11.717083333333335
2014-02-24 00:00:00 UTC,232,1171,412469482,2.9897222222222224
2014-02-24 00:00:00 UTC,232,1172,412469484,12.604583333333334
2014-02-24 00:00:00 UTC,232,1169,412470508,2.640138888888889
2014-02-24 00:00:00 UTC,232,1169,412469997,0.4811111111111111
2014-02-24 00:00:00 UTC,232,1169,412470513,0.20930555555555555
2014-02-24 00:00:00 UTC,232,1169,412460274,3.4941666666666662
2014-02-24 00:00:00 UTC,232,1170,412460274,1.3872222222222224
2014-02-24 00:00:00 UTC,232,1169,412460786,0.97583333333333333
2014-02-24 00:00:00 UTC,232,1169,412460275,1.5881944444444442
2014-02-24 00:00:00 UTC,232,1170,412460275,10.48
2014-02-24 00:00:00 UTC,232,1170,412460788,6.3412500000000005
2014-02-24 00:00:00 UTC,232,1169,412460788,2.5291666666666663
2014-02-24 00:00:00 UTC,232,1170,412469238,9.6494444444444429
2014-02-24 00:00:00 UTC,232,1171,412469497,1.2598611111111111
2014-02-24 00:00:00 UTC,232,1170,412469497,0.21375
2014-02-24 00:00:00 UTC,232,1169,412470521,1.594027777777778
2014-02-24 00:00:00 UTC,232,1168,412470521,0.20791666666666667
2014-02-24 00:00:00 UTC,232,1170,412460797,1.578611111111111
2014-02-24 00:00:00 UTC,232,1169,412460797,1.7972222222222221
2014-02-24 00:00:00 UTC,488,-44,228287000,4.5436111111111117
2014-02-24 00:00:00 UTC,488,-1267,316023833,1.1733333333333336
2014-02-24 00:00:00 UTC,488,-46,228317000,0.80777777777777782
2014-02-24 00:00:00 UTC,488,-48,227560790,1.4281944444444443
2014-02-24 00:00:00 UTC,488,-47,227560790,3.0195833333333333
2014-02-24 00:00:00 UTC,488,-48,227610980,0.92902777777777779
2014-02-24 00:00:00 UTC,488,-47,227610980,2.4401388888888889
2014-02-24 00:00:00 UTC,488,-28,228806000,1.385
2014-02-24 00:00:00 UTC,488,-42,228264600,5.8544444444444439
2014-02-24 00:00:00 UTC,488,-75,228236700,5.3080555555555549
2014-02-24 00:00:00 UTC,488,-29,227317150,0.8848611111111111
2014-02-24 00:00:00 UTC,488,-18,227940000,1.0562500000000001
2014-02-24 00:00:00 UTC,488,-19,227940000,4.4483333333333333
2014-02-24 00:00:00 UTC,488,-43,227573960,1.2193055555555556
2014-02-24 00:00:00 UTC,488,-42,227573960,4.1934722222222227
2014-02-24 00:00:00 UTC,488,-47,226199000,3.3638888888888889
2014-02-24 00:00:00 UTC,488,-46,226199000,0.34944444444444445
2014-02-24 00:00:00 UTC,488,-64,227372000,6.6775
2014-02-24 00:00:00 UTC,488,-65,227372000,7.2416666666666671
2014-02-24 00:00:00 UTC,488,-40,228143600,2.5741666666666667
2014-02-24 00:00:00 UTC,488,-20,228115700,4.4716666666666667
2014-02-24 00:00:00 UTC,488,-27,228004600,0.2875
2014-02-24 00:00:00 UTC,744,168,273555500,1.5765277777777778
2014-02-24 00:00:00 UTC,744,165,211214200,1.5616666666666665
2014-02-24 00:00:00 UTC,744,168,211214200,2.3805555555555555
2014-02-24 00:00:00 UTC,744,165,211272580,1.5513888888888889
2014-02-24 00:00:00 UTC,744,167,211272580,3.9033333333333333
2014-02-24 00:00:00 UTC,-536,-524,725002460,1.5952777777777776
2014-02-24 00:00:00 UTC,-536,-525,725002460,9.995
2014-02-24 00:00:00 UTC,-24,-1483,441536000,1.8679166666666669
2014-02-24 00:00:00 UTC,-24,-1482,441536000,0.35291666666666666
2014-02-24 00:00:00 UTC,-24,-1486,441536000,1.7488888888888889
2014-02-24 00:00:00 UTC,-24,-1481,441536000,0.87222222222222223
2014-02-24 00:00:00 UTC,-24,-1491,440926000,3.7293055555555554
2014-02-24 00:00:00 UTC,-24,-1494,440926000,1.41125
2014-02-24 00:00:00 UTC,-24,-1492,440926000,4.05125
2014-02-24 00:00:00 UTC,-24,-1499,440926000,2.5955555555555558
2014-02-24 00:00:00 UTC,-24,-1498,440926000,2.6615277777777777
2014-02-24 00:00:00 UTC,-24,-1500,440926000,0.85666666666666669
2014-02-24 00:00:00 UTC,-24,-1497,440926000,1.8140277777777778
2014-02-24 00:00:00 UTC,-24,-1493,440926000,1.4152777777777779
2014-02-24 00:00:00 UTC,-24,-1490,440926000,1.69125
2014-02-24 00:00:00 UTC,-24,-1495,440926000,2.2884722222222225
2014-02-24 00:00:00 UTC,-24,-1489,440765000,1.8511111111111109
2014-02-24 00:00:00 UTC,-24,-1481,440765000,1.8654166666666665
2014-02-24 00:00:00 UTC,-24,-1488,440765000,3.5783333333333331
2014-02-24 00:00:00 UTC,-24,-1487,440765000,1.7302777777777778
2014-02-24 00:00:00 UTC,-24,-1490,440636000,1.6886111111111111
2014-02-24 00:00:00 UTC,-24,-1488,440636000,1.4322222222222223
2014-02-24 00:00:00 UTC,-24,-1487,440636000,0.56194444444444436
2014-02-24 00:00:00 UTC,-24,-1491,440636000,2.8352777777777778
2014-02-24 00:00:00 UTC,-24,1721,440731000,1.8184722222222223
2014-02-24 00:00:00 UTC,-24,1729,440731000,1.8179166666666666
2014-02-24 00:00:00 UTC,-24,1722,440731000,2.0995833333333334
2014-02-24 00:00:00 UTC,-24,1720,440731000,5.4434722222222218
2014-02-24 00:00:00 UTC,-24,1723,440731000,0.79708333333333325
2014-02-24 00:00:00 UTC,-24,-1790,416002195,4.4376388888888894
2014-02-24 00:00:00 UTC,-24,605,416004526,16.02986111111111
2014-02-24 00:00:00 UTC,233,1172,875414276,0.90180555555555553
2014-02-24 00:00:00 UTC,233,1171,100706320,2.8990277777777775
2014-02-24 00:00:00 UTC,233,1172,100706320,14.624027777777776
2014-02-24 00:00:00 UTC,233,1170,412460561,0.23486111111111113
2014-02-24 00:00:00 UTC,233,1169,412460561,0.20763888888888887
2014-02-24 00:00:00 UTC,233,1168,100701716,11.99513888888889
2014-02-24 00:00:00 UTC,233,1170,412460837,7.5616666666666656
2014-02-24 00:00:00 UTC,233,1170,412460586,0.21430555555555555
2014-02-24 00:00:00 UTC,233,1169,412460586,0.23138888888888889
2014-02-24 00:00:00 UTC,233,1170,412460846,8.88263888888889
2014-02-24 00:00:00 UTC,233,1168,800033071,1.1773611111111111
2014-02-24 00:00:00 UTC,233,1169,800033071,8.01875
2014-02-24 00:00:00 UTC,233,1170,412460592,0.20333333333333334
2014-02-24 00:00:00 UTC,233,1169,412460592,0.40902777777777777
2014-02-24 00:00:00 UTC,233,1171,412460595,22.205972222222222
2014-02-24 00:00:00 UTC,233,1172,412460595,2.9362500000000002
2014-02-24 00:00:00 UTC,233,1170,412460599,8.1593055555555551
2014-02-24 00:00:00 UTC,233,1170,412469312,1.3536111111111111
2014-02-24 00:00:00 UTC,233,1170,412469313,1.0497222222222222
2014-02-24 00:00:00 UTC,233,1171,412460358,10.585
2014-02-24 00:00:00 UTC,233,1172,811021645,3.1716666666666664
2014-02-24 00:00:00 UTC,233,1173,811021645,5.456666666666667
2014-02-24 00:00:00 UTC,233,1171,412460633,0.27930555555555558
2014-02-24 00:00:00 UTC,233,1172,412460633,3.5752777777777776
2014-02-24 00:00:00 UTC,233,1172,412447337,14.970416666666663
2014-02-24 00:00:00 UTC,233,1171,412447337,3.5647222222222217
2014-02-24 00:00:00 UTC,233,1173,412447337,2.5393055555555555
2014-02-24 00:00:00 UTC,233,1171,412460656,0.22
2014-02-24 00:00:00 UTC,233,1168,412470128,1.5702777777777777
2014-02-24 00:00:00 UTC,233,1169,412470128,0.25888888888888889
2014-02-24 00:00:00 UTC,233,1172,412447602,2.424722222222222
2014-02-24 00:00:00 UTC,233,1171,412447602,5.9577777777777783
2014-02-24 00:00:00 UTC,233,1170,412460659,10.003472222222221
2014-02-24 00:00:00 UTC,233,1171,412460158,12.053055555555556
2014-02-24 00:00:00 UTC,233,1171,412460675,1.5669444444444445
2014-02-24 00:00:00 UTC,233,1171,412460164,4.6161111111111106
2014-02-24 00:00:00 UTC,233,1171,412460165,6.96625
2014-02-24 00:00:00 UTC,233,1170,412460689,0.41138888888888892
2014-02-24 00:00:00 UTC,233,-234,204815000,0.85430555555555554
2014-02-24 00:00:00 UTC,233,-233,204815000,0.79694444444444446
2014-02-24 00:00:00 UTC,233,-232,204815000,3.1166666666666663
2014-02-24 00:00:00 UTC,233,-235,204815000,1.5915277777777779
2014-02-24 00:00:00 UTC,233,1170,412460696,8.9755555555555553
2014-02-24 00:00:00 UTC,233,1169,412460191,1.1498611111111112
2014-02-24 00:00:00 UTC,233,1172,811021730,2.4170833333333333
2014-02-24 00:00:00 UTC,233,1172,412460197,21.57277777777778
2014-02-24 00:00:00 UTC,233,1170,412460203,8.1508333333333329
2014-02-24 00:00:00 UTC,233,1170,412469165,3.142638888888889
2014-02-24 00:00:00 UTC,233,1171,813021362,14.764166666666668
2014-02-24 00:00:00 UTC,233,1170,412469181,1.4579166666666665
2014-02-24 00:00:00 UTC,233,1171,412460734,10.489166666666668
2014-02-24 00:00:00 UTC,233,1170,875435200,7.0931944444444452
2014-02-24 00:00:00 UTC,233,1170,412460233,7.9456944444444444
2014-02-24 00:00:00 UTC,233,1172,412446676,1.492777777777778
2014-02-24 00:00:00 UTC,233,1172,412460757,13.166666666666668
2014-02-24 00:00:00 UTC,233,1171,412460757,3.8280555555555562
2014-02-24 00:00:00 UTC,233,1170,412460759,9.4722222222222232
2014-02-24 00:00:00 UTC,233,1170,800035547,0.44277777777777777
2014-02-24 00:00:00 UTC,233,1169,900017119,1.2715277777777778
2014-02-24 00:00:00 UTC,233,1170,412460769,3.4341666666666666
2014-02-24 00:00:00 UTC,233,1170,412460264,1.4466666666666668
2014-02-24 00:00:00 UTC,233,1169,412469224,2.0693055555555553
2014-02-24 00:00:00 UTC,233,1170,412469497,1.6656944444444444
2014-02-24 00:00:00 UTC,233,1168,412470521,1.0363888888888888
2014-02-24 00:00:00 UTC,489,-45,228287000,1.8922222222222222
2014-02-24 00:00:00 UTC,489,-1268,316023833,19.470277777777774
2014-02-24 00:00:00 UTC,489,-1267,316023833,2.5348611111111112
2014-02-24 00:00:00 UTC,489,-46,228317000,3.4719444444444449
2014-02-24 00:00:00 UTC,489,-45,228317000,2.7179166666666665
2014-02-24 00:00:00 UTC,489,1549,273899100,1.6036111111111109
2014-02-24 00:00:00 UTC,489,1548,273899100,3.0068055555555553
2014-02-24 00:00:00 UTC,489,1550,273899100,1.5791666666666666
2014-02-24 00:00:00 UTC,489,-43,228264600,0.26666666666666666
2014-02-24 00:00:00 UTC,489,-74,228236700,8.1993055555555561
2014-02-24 00:00:00 UTC,489,-42,227573960,1.6975000000000002
2014-02-24 00:00:00 UTC,489,-41,227573960,0.95597222222222222
2014-02-24 00:00:00 UTC,489,-21,228115700,2.2027777777777775
2014-02-24 00:00:00 UTC,745,167,273555500,1.5447222222222221
2014-02-24 00:00:00 UTC,745,162,273555500,1.5726388888888889
2014-02-24 00:00:00 UTC,745,165,211272580,1.5569444444444445
2014-02-24 00:00:00 UTC,-535,-523,725002460,1.5558333333333332
2014-02-24 00:00:00 UTC,-535,-524,725002460,1.6143055555555554
2014-02-24 00:00:00 UTC,-535,-526,725002460,1.5536111111111111
2014-02-24 00:00:00 UTC,-23,-1682,441811000,1.8208333333333333
2014-02-24 00:00:00 UTC,-23,-1684,441811000,2.37
2014-02-24 00:00:00 UTC,-23,-1680,441811000,0.90638888888888891
2014-02-24 00:00:00 UTC,-23,-1681,441811000,2.7272222222222222
2014-02-24 00:00:00 UTC,-23,-1484,440765000,2.2931944444444441
2014-02-24 00:00:00 UTC,-23,-1482,440765000,2.5834722222222224
2014-02-24 00:00:00 UTC,-23,-1483,440765000,0.90736111111111117
2014-02-24 00:00:00 UTC,-23,-1486,440765000,1.8304166666666666
2014-02-24 00:00:00 UTC,-23,-1487,440765000,1.8681944444444443
2014-02-24 00:00:00 UTC,-23,-1481,440765000,0.94597222222222221
2014-02-24 00:00:00 UTC,-23,-1485,440765000,2.65625
2014-02-24 00:00:00 UTC,-23,-1488,440765000,1.7402777777777776
2014-02-24 00:00:00 UTC,-23,-1480,440765000,1.5622222222222222
2014-02-24 00:00:00 UTC,-23,-1483,440636000,1.5773611111111112
2014-02-24 00:00:00 UTC,-23,-1482,440636000,1.8062500000000001
2014-02-24 00:00:00 UTC,-23,-1487,440636000,1.6879166666666667
2014-02-24 00:00:00 UTC,-23,-1489,440636000,3.9520833333333338
2014-02-24 00:00:00 UTC,-23,-1491,440636000,0.92402777777777778
2014-02-24 00:00:00 UTC,-23,-1485,440636000,0.91152777777777783
2014-02-24 00:00:00 UTC,-23,-1486,440636000,1.4151388888888889
2014-02-24 00:00:00 UTC,-23,-1484,440636000,1.8308333333333333
2014-02-24 00:00:00 UTC,-23,1729,440731000,1.3929166666666668
2014-02-24 00:00:00 UTC,-23,-1790,416002195,2.7125
2014-02-24 00:00:00 UTC,-23,-1792,416002195,1.3138888888888887
2014-02-24 00:00:00 UTC,-23,-1707,440781000,0.93875
2014-02-24 00:00:00 UTC,234,1173,412445268,2.3677777777777775
2014-02-24 00:00:00 UTC,234,1172,412460633,2.6047222222222222
2014-02-24 00:00:00 UTC,234,1171,412460674,3.0709722222222227
2014-02-24 00:00:00 UTC,234,1172,412460674,13.163611111111111
2014-02-24 00:00:00 UTC,234,1172,412460693,2.8002777777777776
2014-02-24 00:00:00 UTC,234,1173,412460693,4.5451388888888893
2014-02-24 00:00:00 UTC,234,-234,204815000,4.6948611111111109
2014-02-24 00:00:00 UTC,234,1169,412460191,0.295
2014-02-24 00:00:00 UTC,234,1172,412460703,12.445277777777779
2014-02-24 00:00:00 UTC,234,1173,412460703,5.2538888888888895
2014-02-24 00:00:00 UTC,234,1172,412460195,10.148888888888889
2014-02-24 00:00:00 UTC,234,1172,412460716,3.250833333333333
2014-02-24 00:00:00 UTC,234,1173,412460716,13.036111111111111
2014-02-24 00:00:00 UTC,234,1171,412460716,0.31861111111111112
2014-02-24 00:00:00 UTC,234,1173,412460724,11.080277777777779
2014-02-24 00:00:00 UTC,234,1172,412460724,1.2273611111111111
2014-02-24 00:00:00 UTC,234,1170,875435200,0.31041666666666667
2014-02-24 00:00:00 UTC,234,1172,412460754,2.9259722222222222
2014-02-24 00:00:00 UTC,234,1173,412460781,4.3319444444444439
2014-02-24 00:00:00 UTC,234,1172,412460781,4.5395833333333337
2014-02-24 00:00:00 UTC,490,-45,228287000,0.94
2014-02-24 00:00:00 UTC,490,1552,273896000,5.6022222222222222
2014-02-24 00:00:00 UTC,490,1554,273896000,4.5609722222222224
2014-02-24 00:00:00 UTC,490,-27,227308110,1.6997222222222221
2014-02-24 00:00:00 UTC,490,1552,273899100,6.5156944444444447
2014-02-24 00:00:00 UTC,490,1551,273899100,1.5863888888888886
2014-02-24 00:00:00 UTC,490,-28,228806000,0.21152777777777776
2014-02-24 00:00:00 UTC,490,-24,228124900,1.4766666666666668
2014-02-24 00:00:00 UTC,490,1554,273899000,6.1083333333333325
2014-02-24 00:00:00 UTC,490,1552,273899000,10.951805555555556
2014-02-24 00:00:00 UTC,746,253,259178000,1.5527777777777778
2014-02-24 00:00:00 UTC,746,161,273555500,3.1658333333333335
2014-02-24 00:00:00 UTC,746,165,273555500,1.5508333333333333
2014-02-24 00:00:00 UTC,746,162,273555500,3.1530555555555555
2014-02-24 00:00:00 UTC,746,162,211272580,1.5415277777777778
2014-02-24 00:00:00 UTC,-278,943,224371000,3.8733333333333331
2014-02-24 00:00:00 UTC,-22,-1682,441811000,0.91722222222222227
2014-02-24 00:00:00 UTC,-22,-1683,441811000,1.8305555555555557
2014-02-24 00:00:00 UTC,-22,-1681,441811000,4.10125
2014-02-24 00:00:00 UTC,-22,-1679,441811000,1.8372222222222221
2014-02-24 00:00:00 UTC,-22,-1678,441811000,1.0516666666666667
2014-02-24 00:00:00 UTC,-22,-1680,441811000,3.15
2014-02-24 00:00:00 UTC,-22,-1684,441811000,3.1154166666666665
2014-02-24 00:00:00 UTC,-22,-1482,440636000,0.57236111111111121
2014-02-24 00:00:00 UTC,-22,-1483,440636000,0.67888888888888888
2014-02-24 00:00:00 UTC,-22,-1485,440636000,0.90347222222222223
2014-02-24 00:00:00 UTC,-22,-1484,440636000,0.86111111111111116
2014-02-24 00:00:00 UTC,-22,-1486,440636000,1.8241666666666667
2014-02-24 00:00:00 UTC,-22,1728,440731000,0.64277777777777789
2014-02-24 00:00:00 UTC,-22,-1792,416002195,1.4375
2014-02-24 00:00:00 UTC,-22,-1794,416002195,4.656944444444445
2014-02-24 00:00:00 UTC,-22,-1707,440781000,1.0683333333333334
2014-02-24 00:00:00 UTC,235,1176,412445305,4.0872222222222225
2014-02-24 00:00:00 UTC,235,1170,412460677,0.22152777777777777
2014-02-24 00:00:00 UTC,235,-228,204815000,5.4081944444444439
2014-02-24 00:00:00 UTC,491,-25,227413000,1.6290277777777775
2014-02-24 00:00:00 UTC,491,-24,227413000,1.8144444444444443
2014-02-24 00:00:00 UTC,491,-48,228329000,7.0216666666666665
2014-02-24 00:00:00 UTC,491,1552,273896000,6.1859722222222224
2014-02-24 00:00:00 UTC,491,1553,273896000,1.5808333333333333
2014-02-24 00:00:00 UTC,491,-30,227346000,8.9490277777777809
2014-02-24 00:00:00 UTC,491,-29,227346000,7.3534722222222229
2014-02-24 00:00:00 UTC,491,1555,273899100,6.1943055555555562
2014-02-24 00:00:00 UTC,491,1552,273899100,2.8972222222222221
2014-02-24 00:00:00 UTC,491,-28,228806000,1.1836111111111112
2014-02-24 00:00:00 UTC,491,-27,228806000,0.871388888888889
2014-02-24 00:00:00 UTC,491,-28,227867000,3.3679166666666669
2014-02-24 00:00:00 UTC,491,-29,227867000,0.9291666666666667
2014-02-24 00:00:00 UTC,491,-500,316011910,7.0541666666666663
2014-02-24 00:00:00 UTC,491,-28,228965000,3.4123611111111112
2014-02-24 00:00:00 UTC,491,-24,228124900,0.56263888888888891
2014-02-24 00:00:00 UTC,491,-25,228124900,2.1879166666666667
2014-02-24 00:00:00 UTC,491,1553,273899000,1.5959722222222221
2014-02-24 00:00:00 UTC,747,251,259178000,3.1609722222222221
2014-02-24 00:00:00 UTC,747,252,259178000,1.6054166666666667
2014-02-24 00:00:00 UTC,747,162,211272580,1.5569444444444445
2014-02-24 00:00:00 UTC,-533,-521,725002460,1.5497222222222222
2014-02-24 00:00:00 UTC,-533,-524,725002460,5.6097222222222216
2014-02-24 00:00:00 UTC,-533,-506,272364000,6.4193055555555558
2014-02-24 00:00:00 UTC,-277,942,224371000,0.76541666666666663
2014-02-24 00:00:00 UTC,-277,943,224371000,1.9681944444444444
2014-02-24 00:00:00 UTC,-21,1728,440731000,0.78305555555555562
2014-02-24 00:00:00 UTC,236,1176,100706324,1.0380555555555555
2014-02-24 00:00:00 UTC,236,1177,100706324,3.7718055555555554
2014-02-24 00:00:00 UTC,236,1177,412445507,3.5304166666666665
2014-02-24 00:00:00 UTC,236,1178,412445507,4.3263888888888893
2014-02-24 00:00:00 UTC,236,1178,412446531,16.294861111111111
2014-02-24 00:00:00 UTC,236,1177,412446531,0.15458333333333332
2014-02-24 00:00:00 UTC,236,1177,412445252,2.5169444444444444
2014-02-24 00:00:00 UTC,236,1176,412446036,0.26805555555555555
2014-02-24 00:00:00 UTC,236,1176,412446046,8.321805555555553
2014-02-24 00:00:00 UTC,236,1176,412446075,7.1177777777777784
2014-02-24 00:00:00 UTC,236,1177,813023376,4.7097222222222221
2014-02-24 00:00:00 UTC,236,1175,900009878,0.29652777777777778
2014-02-24 00:00:00 UTC,236,1176,412446113,3.38875
2014-02-24 00:00:00 UTC,236,-164,242926000,1.118611111111111
2014-02-24 00:00:00 UTC,236,1175,412446147,0.12472222222222223
2014-02-24 00:00:00 UTC,236,1174,412446147,9.9327777777777779
2014-02-24 00:00:00 UTC,492,-32,228033800,0.70111111111111124
2014-02-24 00:00:00 UTC,492,-35,228033800,1.7327777777777778
2014-02-24 00:00:00 UTC,492,-33,228033800,1.3276388888888888
2014-02-24 00:00:00 UTC,492,-34,228033800,3.5556944444444443
2014-02-24 00:00:00 UTC,492,-36,228033800,2.9151388888888889
2014-02-24 00:00:00 UTC,492,-34,228203800,2.4781944444444441
2014-02-24 00:00:00 UTC,492,-33,228203800,2.9205555555555565
2014-02-24 00:00:00 UTC,492,-35,228203800,5.5838888888888887
2014-02-24 00:00:00 UTC,492,-27,235001140,8.7476388888888881
2014-02-24 00:00:00 UTC,492,-26,235001140,3.4884722222222222
2014-02-24 00:00:00 UTC,492,1553,273896000,5.610555555555556
2014-02-24 00:00:00 UTC,492,-33,227592000,1.5675
2014-02-24 00:00:00 UTC,492,-33,228165700,5.6445833333333333
2014-02-24 00:00:00 UTC,492,-29,227346000,7.1337499999999991
2014-02-24 00:00:00 UTC,492,-34,228021600,4.024166666666666
2014-02-24 00:00:00 UTC,492,-33,227315560,0.88305555555555548
2014-02-24 00:00:00 UTC,492,-32,227315560,2.2730555555555552
2014-02-24 00:00:00 UTC,492,-34,227315560,4.4329166666666664
2014-02-24 00:00:00 UTC,492,-28,227867000,5.7700000000000022
2014-02-24 00:00:00 UTC,492,-27,227867000,1.128611111111111
2014-02-24 00:00:00 UTC,492,-30,227867000,1.0776388888888888
2014-02-24 00:00:00 UTC,492,-29,227867000,11.445277777777777
2014-02-24 00:00:00 UTC,492,-500,316011910,3.6876388888888885
2014-02-24 00:00:00 UTC,492,-27,228965000,1.566527777777778
2014-02-24 00:00:00 UTC,492,-28,228965000,6.8155555555555551
2014-02-24 00:00:00 UTC,492,-29,228965000,10.774861111111113
2014-02-24 00:00:00 UTC,492,-30,228965000,1.4793055555555554
2014-02-24 00:00:00 UTC,492,-26,228221900,1.8786111111111112
2014-02-24 00:00:00 UTC,492,-27,228221900,1.5941666666666667
2014-02-24 00:00:00 UTC,748,249,259178000,1.5513888888888889
2014-02-24 00:00:00 UTC,748,246,259178000,1.5430555555555556
2014-02-24 00:00:00 UTC,748,251,259178000,2.3263888888888888
2014-02-24 00:00:00 UTC,748,247,259178000,2.3291666666666666
2014-02-24 00:00:00 UTC,748,255,257225000,3.1569444444444446
2014-02-24 00:00:00 UTC,-276,462,431838000,1.3066666666666666
2014-02-24 00:00:00 UTC,-276,461,431838000,3.7438888888888888
2014-02-24 00:00:00 UTC,-276,464,431838000,11.749444444444446
2014-02-24 00:00:00 UTC,-276,627,263582000,2.37986111111111
2014-02-24 00:00:00 UTC,237,1178,100706324,13.042500000000002
2014-02-24 00:00:00 UTC,237,1177,100706324,1.8541666666666667
2014-02-24 00:00:00 UTC,237,1178,412445507,6.275555555555556
2014-02-24 00:00:00 UTC,237,1178,412446531,0.76041666666666663
2014-02-24 00:00:00 UTC,237,1177,412446531,0.47819444444444442
2014-02-24 00:00:00 UTC,237,1177,412445252,1.7944444444444445
2014-02-24 00:00:00 UTC,237,1178,412445252,4.5915277777777774
2014-02-24 00:00:00 UTC,237,1177,412447575,4.1318055555555553
2014-02-24 00:00:00 UTC,237,1176,412447575,0.8386111111111112
2014-02-24 00:00:00 UTC,237,1178,412445312,2.6748611111111109
2014-02-24 00:00:00 UTC,237,1177,412445312,3.7395833333333335
2014-02-24 00:00:00 UTC,237,1178,412445316,0.97597222222222224
2014-02-24 00:00:00 UTC,237,1177,412445326,4.8181944444444449
2014-02-24 00:00:00 UTC,237,1178,412445326,2.045
2014-02-24 00:00:00 UTC,237,1177,412446105,1.8983333333333332
2014-02-24 00:00:00 UTC,237,-163,242926000,1.4984722222222222
2014-02-24 00:00:00 UTC,237,1177,412446158,3.5940277777777778
2014-02-24 00:00:00 UTC,493,-32,228033800,0.52194444444444443
2014-02-24 00:00:00 UTC,493,-33,228033800,4.4761111111111109
2014-02-24 00:00:00 UTC,493,-35,228033800,0.21500000000000002
2014-02-24 00:00:00 UTC,493,-34,228033800,6.2172222222222215
2014-02-24 00:00:00 UTC,493,-33,228203800,3.2137499999999992
2014-02-24 00:00:00 UTC,493,-34,228203800,6.616944444444445
2014-02-24 00:00:00 UTC,493,-32,228203800,1.5695833333333336
2014-02-24 00:00:00 UTC,493,-1,227309340,0.4275
2014-02-24 00:00:00 UTC,493,-2,227309340,1.6981944444444446
2014-02-24 00:00:00 UTC,493,-26,235001140,1.9993055555555554
2014-02-24 00:00:00 UTC,493,-27,235001140,2.4179166666666667
2014-02-24 00:00:00 UTC,493,-34,227592000,3.5948611111111113
2014-02-24 00:00:00 UTC,493,-32,227592000,5.35388888888889
2014-02-24 00:00:00 UTC,493,-33,227592000,11.304305555555555
2014-02-24 00:00:00 UTC,493,-33,228165700,15.471388888888891
2014-02-24 00:00:00 UTC,493,-32,228021600,3.4861111111111107
2014-02-24 00:00:00 UTC,493,-34,228021600,6.3156944444444445
2014-02-24 00:00:00 UTC,493,-33,228021600,0.80069444444444438
2014-02-24 00:00:00 UTC,493,-33,227315560,4.1822222222222223
2014-02-24 00:00:00 UTC,493,-32,227315560,0.69958333333333345
2014-02-24 00:00:00 UTC,493,-34,227315560,0.57180555555555557
2014-02-24 00:00:00 UTC,493,-31,227315560,1.0636111111111111
2014-02-24 00:00:00 UTC,493,-30,228326000,1.7958333333333332
2014-02-24 00:00:00 UTC,493,-30,228039800,0.42861111111111111
2014-02-24 00:00:00 UTC,493,-31,228039800,0.69541666666666668
2014-02-24 00:00:00 UTC,493,-28,227867000,0.22527777777777777
2014-02-24 00:00:00 UTC,493,-1,227611780,1.3454166666666665
2014-02-24 00:00:00 UTC,493,-2,227611780,1.7486111111111109
2014-02-24 00:00:00 UTC,493,-2,227314310,0.21666666666666667
2014-02-24 00:00:00 UTC,493,-34,228297900,2.6459722222222219
2014-02-24 00:00:00 UTC,493,-54,235097013,0.89722222222222225
2014-02-24 00:00:00 UTC,493,-27,235096263,0.64291666666666669
2014-02-24 00:00:00 UTC,493,-28,235096263,4.1326388888888888
2014-02-24 00:00:00 UTC,493,-30,228148700,1.2013888888888888
2014-02-24 00:00:00 UTC,493,-31,228148700,0.22875
2014-02-24 00:00:00 UTC,749,256,257225000,3.9222222222222225
2014-02-24 00:00:00 UTC,749,265,257225000,1.5444444444444443
2014-02-24 00:00:00 UTC,749,263,257225000,5.4734722222222221
2014-02-24 00:00:00 UTC,749,261,257225000,1.54875
2014-02-24 00:00:00 UTC,749,254,257225000,1.5583333333333331
2014-02-24 00:00:00 UTC,749,257,257225000,1.5597222222222222
2014-02-24 00:00:00 UTC,749,258,257225000,3.1572222222222219
2014-02-24 00:00:00 UTC,749,259,257225000,1.5541666666666667
2014-02-24 00:00:00 UTC,749,164,261383000,4.6561111111111106
2014-02-24 00:00:00 UTC,749,159,261383000,1.5540277777777778
2014-02-24 00:00:00 UTC,749,165,261383000,3.1097222222222221
2014-02-24 00:00:00 UTC,749,160,261383000,1.5944444444444446
2014-02-24 00:00:00 UTC,749,169,261383000,2.3922222222222222
2014-02-24 00:00:00 UTC,749,161,261383000,1.5654166666666667
2014-02-24 00:00:00 UTC,749,160,211214200,1.5555555555555556
2014-02-24 00:00:00 UTC,749,160,211272580,1.5656944444444445
2014-02-24 00:00:00 UTC,749,161,211272580,1.5681944444444444
2014-02-24 00:00:00 UTC,749,161,232555000,2.3112500000000002
2014-02-24 00:00:00 UTC,749,159,232555000,3.8909722222222225
2014-02-24 00:00:00 UTC,749,160,232555000,1.5609722222222222
2014-02-24 00:00:00 UTC,-531,-592,233659000,0.76541666666666663
2014-02-24 00:00:00 UTC,-275,463,431838000,2.4804166666666667
2014-02-24 00:00:00 UTC,-275,462,431838000,2.2336111111111112
2014-02-24 00:00:00 UTC,-275,464,431838000,1.043611111111111
2014-02-24 00:00:00 UTC,-275,628,263582000,1.6170833333333334
2014-02-24 00:00:00 UTC,-275,941,224371000,6.3026388888888887
2014-02-24 00:00:00 UTC,-19,-1748,440894000,1.8495833333333334
2014-02-24 00:00:00 UTC,-19,1728,440731000,1.2031944444444445
2014-02-24 00:00:00 UTC,-19,1746,416243600,1.3927777777777779
2014-02-24 00:00:00 UTC,-19,-1647,416072600,3.1176388888888886
2014-02-24 00:00:00 UTC,238,1179,412444717,5.2204166666666669
2014-02-24 00:00:00 UTC,238,1178,412445326,0.51680555555555552
2014-02-24 00:00:00 UTC,238,1177,412445392,0.79222222222222216
2014-02-24 00:00:00 UTC,494,-35,228033800,2.5025000000000004
2014-02-24 00:00:00 UTC,494,-8,227635470,0.43541666666666667
2014-02-24 00:00:00 UTC,494,-6,227423000,2.9805555555555561
2014-02-24 00:00:00 UTC,494,-7,227423000,5.4568055555555546
2014-02-24 00:00:00 UTC,494,-4,227519000,0.42305555555555557
2014-02-24 00:00:00 UTC,494,-5,227519000,1.9436111111111114
2014-02-24 00:00:00 UTC,494,-6,227519000,0.66041666666666665
2014-02-24 00:00:00 UTC,494,-2,227309340,7.2288888888888883
2014-02-24 00:00:00 UTC,494,-1,227309340,2.4929166666666669
2014-02-24 00:00:00 UTC,494,-4,228281900,1.4820833333333332
2014-02-24 00:00:00 UTC,494,-5,228281900,0.86555555555555563
2014-02-24 00:00:00 UTC,494,-6,228281900,0.98277777777777775
2014-02-24 00:00:00 UTC,494,-7,228281900,7.0356944444444434
2014-02-24 00:00:00 UTC,494,-9,227561780,5.4494444444444454
2014-02-24 00:00:00 UTC,494,-10,227561780,10.996250000000002
2014-02-24 00:00:00 UTC,494,-40,235099244,0.96388888888888891
2014-02-24 00:00:00 UTC,494,-39,235099244,5.38625
2014-02-24 00:00:00 UTC,494,-30,228326000,0.7005555555555556
2014-02-24 00:00:00 UTC,494,-29,228326000,7.014444444444444
2014-02-24 00:00:00 UTC,494,-10,227314040,6.386388888888888
2014-02-24 00:00:00 UTC,494,-9,227314040,2.3009722222222222
2014-02-24 00:00:00 UTC,494,-1,227611780,3.1751388888888883
2014-02-24 00:00:00 UTC,494,-2,227611780,3.7291666666666665
2014-02-24 00:00:00 UTC,494,-3,227611780,0.22194444444444444
2014-02-24 00:00:00 UTC,494,-1,227314310,1.1277777777777778
2014-02-24 00:00:00 UTC,494,-3,227314310,1.3273611111111112
2014-02-24 00:00:00 UTC,494,-2,227314310,4.3680555555555571
2014-02-24 00:00:00 UTC,494,-4,227314310,3.5802777777777779
2014-02-24 00:00:00 UTC,494,-67,227364000,0.35583333333333333
2014-02-24 00:00:00 UTC,494,-10,227320490,7.1247222222222213
2014-02-24 00:00:00 UTC,494,-50,228297900,0.21375
2014-02-24 00:00:00 UTC,494,-51,228297900,0.64722222222222225
2014-02-24 00:00:00 UTC,494,-53,235097013,3.5680555555555555
2014-02-24 00:00:00 UTC,494,-54,235097013,6.0844444444444452
2014-02-24 00:00:00 UTC,494,-52,235097013,0.21888888888888888
2014-02-24 00:00:00 UTC,494,-55,235097013,1.5863888888888888
2014-02-24 00:00:00 UTC,494,-7,227316160,2.1959722222222222
2014-02-24 00:00:00 UTC,494,-5,227316160,2.5123611111111113
2014-02-24 00:00:00 UTC,494,-6,227316160,0.87027777777777793
2014-02-24 00:00:00 UTC,494,-7,227314630,0.26625
2014-02-24 00:00:00 UTC,494,-5,227314630,0.21652777777777776
2014-02-24 00:00:00 UTC,494,-6,227314630,2.6352777777777776
2014-02-24 00:00:00 UTC,494,-7,227437000,0.92111111111111121
2014-02-24 00:00:00 UTC,494,-6,227437000,2.1375
2014-02-24 00:00:00 UTC,494,-8,205293000,2.4145833333333337
2014-02-24 00:00:00 UTC,494,-7,205293000,0.3930555555555556
2014-02-24 00:00:00 UTC,494,-9,205293000,1.8295833333333333
2014-02-24 00:00:00 UTC,494,-30,227533000,0.48930555555555555
2014-02-24 00:00:00 UTC,494,-29,227533000,1.3815277777777779
2014-02-24 00:00:00 UTC,494,-29,227469000,4.804722222222221
2014-02-24 00:00:00 UTC,494,1550,273319630,2.8959722222222219
2014-02-24 00:00:00 UTC,494,-29,228148700,1.6068055555555556
2014-02-24 00:00:00 UTC,494,-30,228148700,0.949861111111111
2014-02-24 00:00:00 UTC,494,-58,235005150,0.94041666666666657
2014-02-24 00:00:00 UTC,494,-54,235005150,2.1143055555555557
2014-02-24 00:00:00 UTC,494,-57,235005150,0.36805555555555558
2014-02-24 00:00:00 UTC,494,-60,235005150,0.26347222222222222
2014-02-24 00:00:00 UTC,494,-59,235005150,0.69041666666666668
2014-02-24 00:00:00 UTC,494,-55,235005150,0.34027777777777779
2014-02-24 00:00:00 UTC,494,-29,227468000,2.2595833333333331
2014-02-24 00:00:00 UTC,494,-30,227468000,3.1568055555555556
2014-02-24 00:00:00 UTC,494,1548,273564400,5.329305555555556
2014-02-24 00:00:00 UTC,750,160,261383000,3.1076388888888888
2014-02-24 00:00:00 UTC,750,161,261383000,1.5606944444444446
2014-02-24 00:00:00 UTC,750,166,261383000,2.3625
2014-02-24 00:00:00 UTC,750,168,261383000,3.1347222222222224
2014-02-24 00:00:00 UTC,750,159,211214200,1.5595833333333333
2014-02-24 00:00:00 UTC,750,159,211272580,2.4027777777777777
2014-02-24 00:00:00 UTC,750,158,211272580,2.3666666666666667
2014-02-24 00:00:00 UTC,750,159,232555000,2.3661111111111111
2014-02-24 00:00:00 UTC,750,160,232555000,4.6794444444444441
2014-02-24 00:00:00 UTC,750,162,232555000,1.5943055555555556
2014-02-24 00:00:00 UTC,750,161,232555000,3.0888888888888886
2014-02-24 00:00:00 UTC,-530,-590,233659000,5.6220833333333333
2014-02-24 00:00:00 UTC,-530,-593,233659000,1.6081944444444445
2014-02-24 00:00:00 UTC,-530,-591,233659000,5.5331944444444439
2014-02-24 00:00:00 UTC,-530,-592,233659000,4.7358333333333329
2014-02-24 00:00:00 UTC,-530,-593,740368000,3.7663888888888888
2014-02-24 00:00:00 UTC,-530,-591,740368000,3.7866666666666666
2014-02-24 00:00:00 UTC,-530,-590,740368000,4.83125
2014-02-24 00:00:00 UTC,-530,-590,740356000,1.5838888888888887
2014-02-24 00:00:00 UTC,-530,-594,740356000,3.8055555555555554
2014-02-24 00:00:00 UTC,-530,-593,740366000,5.5506944444444448
2014-02-24 00:00:00 UTC,-530,-591,740366000,8.6156944444444452
2014-02-24 00:00:00 UTC,-530,-592,740344000,2.97
2014-02-24 00:00:00 UTC,-530,-591,740344000,2.8959722222222224
2014-02-24 00:00:00 UTC,-530,-592,740353000,2.7859722222222221
2014-02-24 00:00:00 UTC,-530,-591,740353000,4.5920833333333331
2014-02-24 00:00:00 UTC,-530,-593,740353000,3.9311111111111114
2014-02-24 00:00:00 UTC,-530,-591,224491000,4.3220833333333335
2014-02-24 00:00:00 UTC,-530,-590,224491000,4.0758333333333336
2014-02-24 00:00:00 UTC,-530,-593,224491000,1.5825
2014-02-24 00:00:00 UTC,-530,-592,224491000,1.53875
2014-02-24 00:00:00 UTC,-274,462,431838000,1.1716666666666666
2014-02-24 00:00:00 UTC,-274,627,263582000,1.2394444444444446
2014-02-24 00:00:00 UTC,-274,628,263582000,1.2225
2014-02-24 00:00:00 UTC,-18,-1745,440894000,1.475138888888889
2014-02-24 00:00:00 UTC,-18,-1747,440894000,1.7759722222222223
2014-02-24 00:00:00 UTC,-18,-1748,440894000,1.810138888888889
2014-02-24 00:00:00 UTC,-18,-1753,440894000,5.4336111111111114
2014-02-24 00:00:00 UTC,-18,1728,440731000,0.48916666666666664
2014-02-24 00:00:00 UTC,-18,1743,416243600,0.92499999999999993
2014-02-24 00:00:00 UTC,-18,-1640,416072600,2.1874999999999996
2014-02-24 00:00:00 UTC,-18,-1641,416072600,3.2633333333333332
2014-02-24 00:00:00 UTC,-18,-1643,416072600,4.4620833333333332
2014-02-24 00:00:00 UTC,-18,-1639,416072600,1.7998611111111109
2014-02-24 00:00:00 UTC,-18,-1642,416072600,1.8323611111111111
2014-02-24 00:00:00 UTC,239,-1459,367179270,16.094722222222227
2014-02-24 00:00:00 UTC,239,1178,412445326,2.6373611111111108
2014-02-24 00:00:00 UTC,239,1181,412000199,18.81527777777778
2014-02-24 00:00:00 UTC,495,-11,227146500,0.47319444444444447
2014-02-24 00:00:00 UTC,495,-10,227146500,10.345277777777779
2014-02-24 00:00:00 UTC,495,-8,227635470,6.71763888888889
2014-02-24 00:00:00 UTC,495,-7,227635470,2.4519444444444445
2014-02-24 00:00:00 UTC,495,-31,228259600,0.92833333333333334
2014-02-24 00:00:00 UTC,495,-32,228259600,1.1193055555555556
2014-02-24 00:00:00 UTC,495,-7,227423000,1.0486111111111112
2014-02-24 00:00:00 UTC,495,-4,227519000,6.3229166666666679
2014-02-24 00:00:00 UTC,495,-51,227358000,3.0687500000000005
2014-02-24 00:00:00 UTC,495,-49,227358000,0.22666666666666668
2014-02-24 00:00:00 UTC,495,-50,227358000,2.8105555555555557
2014-02-24 00:00:00 UTC,495,-52,227358000,2.3563888888888891
2014-02-24 00:00:00 UTC,495,-9,227561780,0.23319444444444443
2014-02-24 00:00:00 UTC,495,-25,235070806,0.66541666666666666
2014-02-24 00:00:00 UTC,495,-39,235099244,8.4995833333333337
2014-02-24 00:00:00 UTC,495,-38,235099244,7.2601388888888874
2014-02-24 00:00:00 UTC,495,-40,235099244,1.8152777777777775
2014-02-24 00:00:00 UTC,495,-30,228326000,1.3294444444444444
2014-02-24 00:00:00 UTC,495,-28,228326000,5.3894444444444449
2014-02-24 00:00:00 UTC,495,-29,228326000,6.4113888888888892
2014-02-24 00:00:00 UTC,495,-10,227314040,1.83
2014-02-24 00:00:00 UTC,495,-2,227314310,0.21666666666666667
2014-02-24 00:00:00 UTC,495,-11,227573130,1.3684722222222221
2014-02-24 00:00:00 UTC,495,-10,227573130,8.4625
2014-02-24 00:00:00 UTC,495,-11,228134800,1.1263888888888889
2014-02-24 00:00:00 UTC,495,-10,228134800,8.8519444444444417
2014-02-24 00:00:00 UTC,495,-49,228264600,10.324305555555556
2014-02-24 00:00:00 UTC,495,-53,228264600,2.5938888888888889
2014-02-24 00:00:00 UTC,495,-52,228264600,0.67027777777777775
2014-02-24 00:00:00 UTC,495,-68,227364000,1.2563888888888888
2014-02-24 00:00:00 UTC,495,-67,227364000,0.44680555555555557
2014-02-24 00:00:00 UTC,495,-71,227364000,1.5902777777777779
2014-02-24 00:00:00 UTC,495,-69,227364000,2.02
2014-02-24 00:00:00 UTC,495,-51,228324000,0.89069444444444446
2014-02-24 00:00:00 UTC,495,-53,228324000,0.44999999999999996
2014-02-24 00:00:00 UTC,495,-52,228324000,1.733888888888889
2014-02-24 00:00:00 UTC,495,-11,227320490,0.92958333333333332
2014-02-24 00:00:00 UTC,495,-10,227320490,1.9684722222222222
2014-02-24 00:00:00 UTC,495,-53,228297900,1.8505555555555555
2014-02-24 00:00:00 UTC,495,-54,228297900,0.6525
2014-02-24 00:00:00 UTC,495,-52,228297900,0.43222222222222223
2014-02-24 00:00:00 UTC,495,-53,235097013,3.42
2014-02-24 00:00:00 UTC,495,-54,235097013,4.1036111111111113
2014-02-24 00:00:00 UTC,495,-53,228216000,1.2481944444444444
2014-02-24 00:00:00 UTC,495,-50,228216000,1.7631944444444443
2014-02-24 00:00:00 UTC,495,-51,228216000,4.1674999999999995
2014-02-24 00:00:00 UTC,495,-52,228216000,5.2305555555555552
2014-02-24 00:00:00 UTC,495,-7,227316160,0.2225
2014-02-24 00:00:00 UTC,495,-5,227316160,0.63222222222222224
2014-02-24 00:00:00 UTC,495,-6,227316160,3.8688888888888888
2014-02-24 00:00:00 UTC,495,-53,227144900,1.2802777777777778
2014-02-24 00:00:00 UTC,495,-52,227144900,1.1925
2014-02-24 00:00:00 UTC,495,-51,227144900,0.21597222222222223
2014-02-24 00:00:00 UTC,495,-7,227314630,4.838055555555556
2014-02-24 00:00:00 UTC,495,-8,227314630,2.036111111111111
2014-02-24 00:00:00 UTC,495,-8,205293000,5.1456944444444446
2014-02-24 00:00:00 UTC,495,-10,205293000,0.28069444444444447
2014-02-24 00:00:00 UTC,495,-9,205293000,2.6644444444444439
2014-02-24 00:00:00 UTC,495,-30,227533000,1.3751388888888889
2014-02-24 00:00:00 UTC,495,-31,227533000,2.8119444444444448
2014-02-24 00:00:00 UTC,495,-29,227533000,4.0076388888888888
2014-02-24 00:00:00 UTC,495,-28,227469000,4.2827777777777785
2014-02-24 00:00:00 UTC,495,-29,227469000,4.7011111111111115
2014-02-24 00:00:00 UTC,495,1550,273319630,20.44375
2014-02-24 00:00:00 UTC,495,-8,227318230,4.1598611111111117
2014-02-24 00:00:00 UTC,495,-6,227318230,3.65375
2014-02-24 00:00:00 UTC,495,-7,227318230,2.3315277777777776
2014-02-24 00:00:00 UTC,495,-29,228148700,2.8941666666666661
2014-02-24 00:00:00 UTC,495,-28,228148700,0.225
2014-02-24 00:00:00 UTC,495,-30,228148700,1.8151388888888889
2014-02-24 00:00:00 UTC,495,-31,228148700,0.20847222222222223
2014-02-24 00:00:00 UTC,495,-50,235005150,0.46833333333333332
2014-02-24 00:00:00 UTC,495,-49,235005150,0.69638888888888884
2014-02-24 00:00:00 UTC,495,-52,235005150,0.88777777777777778
2014-02-24 00:00:00 UTC,495,-48,235005150,3.9908333333333332
2014-02-24 00:00:00 UTC,495,-53,235005150,0.42930555555555555
2014-02-24 00:00:00 UTC,495,-54,235005150,4.5781944444444438
2014-02-24 00:00:00 UTC,495,-51,235005150,0.91013888888888883
2014-02-24 00:00:00 UTC,495,-27,227468000,0.21416666666666667
2014-02-24 00:00:00 UTC,495,-30,227468000,3.5190277777777772
2014-02-24 00:00:00 UTC,495,-29,227468000,5.1388888888888884
2014-02-24 00:00:00 UTC,495,-28,227468000,3.219583333333333
2014-02-24 00:00:00 UTC,495,-53,228321000,1.1383333333333334
2014-02-24 00:00:00 UTC,495,-50,228321000,3.6358333333333328
2014-02-24 00:00:00 UTC,495,-51,228321000,6.4429166666666653
2014-02-24 00:00:00 UTC,495,-52,228321000,5.863611111111112
2014-02-24 00:00:00 UTC,751,159,211214200,2.3647222222222224
2014-02-24 00:00:00 UTC,751,160,211214200,1.5777777777777777
2014-02-24 00:00:00 UTC,-529,-591,740338000,1.5693055555555555
2014-02-24 00:00:00 UTC,-529,-590,740338000,1.6344444444444444
2014-02-24 00:00:00 UTC,-529,-589,233659000,2.9909722222222221
2014-02-24 00:00:00 UTC,-529,-589,740356000,2.9702777777777776
2014-02-24 00:00:00 UTC,-529,-593,740344000,1.5775
2014-02-24 00:00:00 UTC,-529,-590,740353000,1.39875
2014-02-24 00:00:00 UTC,-529,-589,740353000,1.5654166666666667
2014-02-24 00:00:00 UTC,-529,-589,224491000,1.58875
2014-02-24 00:00:00 UTC,-273,626,263582000,3.7513888888888887
2014-02-24 00:00:00 UTC,-17,-1751,440894000,0.94986111111111116
2014-02-24 00:00:00 UTC,-17,-1746,440894000,0.90694444444444433
2014-02-24 00:00:00 UTC,-17,-1749,440894000,2.3256944444444443
2014-02-24 00:00:00 UTC,-17,-1750,440894000,3.1308333333333334
2014-02-24 00:00:00 UTC,-17,-1752,440894000,0.98069444444444442
2014-02-24 00:00:00 UTC,-17,1728,440731000,1.0223611111111111
2014-02-24 00:00:00 UTC,-17,1743,416243600,2.3587499999999997
2014-02-24 00:00:00 UTC,-17,1744,416243600,1.9586111111111111
2014-02-24 00:00:00 UTC,-17,-1640,416072600,0.90861111111111115
2014-02-24 00:00:00 UTC,-17,-1644,416072600,1.7873611111111112
2014-02-24 00:00:00 UTC,-17,-1641,416072600,0.99583333333333324
2014-02-24 00:00:00 UTC,-17,-1647,416072600,0.49944444444444447
2014-02-24 00:00:00 UTC,-17,-1646,416072600,0.92902777777777779
2014-02-24 00:00:00 UTC,240,1181,800026894,0.77625
2014-02-24 00:00:00 UTC,240,1180,412444946,7.1319444444444446
2014-02-24 00:00:00 UTC,240,1183,412433208,15.141666666666666
2014-02-24 00:00:00 UTC,240,1183,412433476,1.7719444444444443
2014-02-24 00:00:00 UTC,240,1182,412433476,7.6743055555555557
2014-02-24 00:00:00 UTC,240,1183,412449613,14.648611111111112
2014-02-24 00:00:00 UTC,240,1183,412432234,11.120833333333334
2014-02-24 00:00:00 UTC,240,1183,412433303,8.2220833333333339
2014-02-24 00:00:00 UTC,240,1183,412432037,14.651250000000001
2014-02-24 00:00:00 UTC,240,1183,412423657,3.9211111111111112
2014-02-24 00:00:00 UTC,496,-42,228213000,1.4356944444444444
2014-02-24 00:00:00 UTC,496,-43,228213000,1.5515277777777776
2014-02-24 00:00:00 UTC,496,-29,228259600,7.2568055555555553
2014-02-24 00:00:00 UTC,496,-30,228259600,4.1175
2014-02-24 00:00:00 UTC,496,-31,228259600,3.3186111111111116
2014-02-24 00:00:00 UTC,496,1556,273849910,11.054444444444444
2014-02-24 00:00:00 UTC,496,1554,273849910,2.9211111111111112
2014-02-24 00:00:00 UTC,496,1555,273516600,3.8388888888888895
2014-02-24 00:00:00 UTC,496,1556,273516600,7.1680555555555552
2014-02-24 00:00:00 UTC,496,-41,227143500,5.1084722222222219
2014-02-24 00:00:00 UTC,496,-42,227143500,7.346111111111111
2014-02-24 00:00:00 UTC,496,-27,228326000,0.78
2014-02-24 00:00:00 UTC,496,-28,228326000,0.46416666666666667
2014-02-24 00:00:00 UTC,496,-2,227314310,4.6995833333333339
2014-02-24 00:00:00 UTC,496,-52,228264600,0.44222222222222218
2014-02-24 00:00:00 UTC,496,-49,228264600,1.2926388888888889
2014-02-24 00:00:00 UTC,496,-17,235054747,0.55
2014-02-24 00:00:00 UTC,496,-70,227364000,2.4804166666666663
2014-02-24 00:00:00 UTC,496,-53,235097013,0.21222222222222223
2014-02-24 00:00:00 UTC,496,-55,235097013,0.62208333333333332
2014-02-24 00:00:00 UTC,496,-54,235097013,2.5791666666666666
2014-02-24 00:00:00 UTC,496,-47,226179000,2.161111111111111
2014-02-24 00:00:00 UTC,496,-8,227136700,3.7111111111111104
2014-02-24 00:00:00 UTC,496,-9,227136700,1.4815277777777778
2014-02-24 00:00:00 UTC,496,-7,227136700,2.3381944444444445
2014-02-24 00:00:00 UTC,496,-52,228216000,0.78527777777777774
2014-02-24 00:00:00 UTC,496,-49,228216000,1.1876388888888889
2014-02-24 00:00:00 UTC,496,-50,228216000,1.6547222222222224
2014-02-24 00:00:00 UTC,496,-53,228216000,2.1108333333333333
2014-02-24 00:00:00 UTC,496,-28,227533000,0.63
2014-02-24 00:00:00 UTC,496,-36,227533000,0.70069444444444451
2014-02-24 00:00:00 UTC,496,-29,227533000,1.7256944444444444
2014-02-24 00:00:00 UTC,496,-35,227533000,0.67694444444444446
2014-02-24 00:00:00 UTC,496,-34,227533000,1.534861111111111
2014-02-24 00:00:00 UTC,496,-33,227533000,1.6405555555555555
2014-02-24 00:00:00 UTC,496,-29,227469000,5.23013888888889
2014-02-24 00:00:00 UTC,496,-27,227469000,0.47486111111111118
2014-02-24 00:00:00 UTC,496,-28,227469000,4.11875
2014-02-24 00:00:00 UTC,496,-28,228148700,2.2526388888888893
2014-02-24 00:00:00 UTC,496,-29,228148700,7.3126388888888894
2014-02-24 00:00:00 UTC,496,-30,228148700,2.5290277777777774
2014-02-24 00:00:00 UTC,496,-28,227468000,2.2033333333333331
2014-02-24 00:00:00 UTC,496,-29,227468000,0.85444444444444456
2014-02-24 00:00:00 UTC,496,-27,227468000,2.8116666666666665
2014-02-24 00:00:00 UTC,496,-26,227468000,0.48430555555555554
2014-02-24 00:00:00 UTC,496,-8,227574760,1.8809722222222223
2014-02-24 00:00:00 UTC,496,-7,227574760,4.2184722222222222
2014-02-24 00:00:00 UTC,496,-50,228321000,0.963888888888889
2014-02-24 00:00:00 UTC,496,-49,228321000,5.8626388888888892
2014-02-24 00:00:00 UTC,752,156,211214200,2.396527777777778
2014-02-24 00:00:00 UTC,752,160,232555000,1.5620833333333333
2014-02-24 00:00:00 UTC,752,161,232555000,2.4144444444444444
2014-02-24 00:00:00 UTC,-528,-589,740338000,1.5622222222222222
2014-02-24 00:00:00 UTC,-528,-588,740366000,6.902222222222222
2014-02-24 00:00:00 UTC,-528,-594,740344000,1.5569444444444445
2014-02-24 00:00:00 UTC,-528,-588,740353000,1.5818055555555555
2014-02-24 00:00:00 UTC,-528,-588,224491000,2.9891666666666667
2014-02-24 00:00:00 UTC,-16,-1166,412354058,12.030138888888889
2014-02-24 00:00:00 UTC,-16,-1748,440894000,1.9794444444444443
2014-02-24 00:00:00 UTC,-16,-1746,440894000,1.1684722222222221
2014-02-24 00:00:00 UTC,-16,-1168,412420225,3.7572222222222225
2014-02-24 00:00:00 UTC,-16,-1165,412420228,7.6838888888888892
2014-02-24 00:00:00 UTC,-16,-1164,412420229,6.1991666666666667
2014-02-24 00:00:00 UTC,-16,-1163,412420229,11.031666666666668
2014-02-24 00:00:00 UTC,-16,-1165,412420231,7.2238888888888884
2014-02-24 00:00:00 UTC,-16,1743,416243600,1.775
2014-02-24 00:00:00 UTC,-16,-1165,412420249,5.7690277777777776
2014-02-24 00:00:00 UTC,-16,-1167,412420273,7.2663888888888888
2014-02-24 00:00:00 UTC,-16,-1166,412420273,5.6522222222222229
2014-02-24 00:00:00 UTC,-16,-1167,412420798,8.5875
2014-02-24 00:00:00 UTC,241,1182,412444935,7.7011111111111115
2014-02-24 00:00:00 UTC,241,1181,800026894,1.1466666666666667
2014-02-24 00:00:00 UTC,241,1183,412433425,11.487638888888888
2014-02-24 00:00:00 UTC,241,1180,412444946,18.183055555555555
2014-02-24 00:00:00 UTC,241,1181,412444946,0.43527777777777776
2014-02-24 00:00:00 UTC,241,1183,412448552,11.858472222222222
2014-02-24 00:00:00 UTC,241,1181,412444723,4.2266666666666666
2014-02-24 00:00:00 UTC,241,1182,412444723,7.6691666666666665
2014-02-24 00:00:00 UTC,241,1182,412433476,7.7731944444444441
2014-02-24 00:00:00 UTC,241,1195,412450885,0.56611111111111112
2014-02-24 00:00:00 UTC,241,1182,412444748,9.673333333333332
2014-02-24 00:00:00 UTC,241,1182,412444751,4.6056944444444445
2014-02-24 00:00:00 UTC,241,1182,412003666,0.96305555555555555
2014-02-24 00:00:00 UTC,241,1204,416458583,0.7875
2014-02-24 00:00:00 UTC,241,1182,412449624,2.3894444444444445
2014-02-24 00:00:00 UTC,241,1204,900023402,1.4269444444444443
2014-02-24 00:00:00 UTC,241,1182,412449646,10.663472222222222
2014-02-24 00:00:00 UTC,241,1182,412444788,8.337361111111111
2014-02-24 00:00:00 UTC,241,1182,412444789,5.7781944444444449
2014-02-24 00:00:00 UTC,241,1182,412444796,0.33833333333333332
2014-02-24 00:00:00 UTC,241,1183,412450437,0.7875
2014-02-24 00:00:00 UTC,241,1183,413428888,7.9504166666666665
2014-02-24 00:00:00 UTC,241,1183,412433311,3.7534722222222223
2014-02-24 00:00:00 UTC,241,1183,412432547,0.73875
2014-02-24 00:00:00 UTC,241,1183,412432037,9.055416666666666
2014-02-24 00:00:00 UTC,241,1204,416002982,0.79625
2014-02-24 00:00:00 UTC,241,1182,412432337,8.31388888888889
2014-02-24 00:00:00 UTC,241,1183,412432625,1.4668055555555557
2014-02-24 00:00:00 UTC,497,-5,205333000,2.13375
2014-02-24 00:00:00 UTC,497,-4,205333000,1.065
2014-02-24 00:00:00 UTC,497,-41,228213000,0.89180555555555552
2014-02-24 00:00:00 UTC,497,-42,228213000,1.3166666666666667
2014-02-24 00:00:00 UTC,497,-29,228259600,0.92638888888888893
2014-02-24 00:00:00 UTC,497,-27,228259600,2.8736111111111109
2014-02-24 00:00:00 UTC,497,-28,228259600,3.4526388888888886
2014-02-24 00:00:00 UTC,497,-28,227945000,1.3470833333333332
2014-02-24 00:00:00 UTC,497,-32,235000360,0.21652777777777776
2014-02-24 00:00:00 UTC,497,1554,273849910,1.5569444444444445
2014-02-24 00:00:00 UTC,497,1555,273849910,5.3888888888888893
2014-02-24 00:00:00 UTC,497,1553,273849910,2.3830555555555555
2014-02-24 00:00:00 UTC,497,1553,273516600,5.5959722222222226
2014-02-24 00:00:00 UTC,497,1554,273516600,6.0830555555555552
2014-02-24 00:00:00 UTC,497,1555,273516600,0.8320833333333334
2014-02-24 00:00:00 UTC,497,-4,205192000,0.29263888888888889
2014-02-24 00:00:00 UTC,497,-40,227143500,6.6888888888888891
2014-02-24 00:00:00 UTC,497,-51,235006840,0.42305555555555557
2014-02-24 00:00:00 UTC,497,-52,235006840,2.9895833333333335
2014-02-24 00:00:00 UTC,497,-32,232005530,0.2147222222222222
2014-02-24 00:00:00 UTC,497,-3,205316000,0.24458333333333332
2014-02-24 00:00:00 UTC,497,-5,205316000,0.43319444444444444
2014-02-24 00:00:00 UTC,497,-4,205316000,2.6626388888888886
2014-02-24 00:00:00 UTC,497,-46,226179000,2.4649999999999994
2014-02-24 00:00:00 UTC,497,-45,226179000,1.6134722222222222
2014-02-24 00:00:00 UTC,497,-47,226179000,0.25319444444444444
2014-02-24 00:00:00 UTC,497,-8,227136700,0.75097222222222215
2014-02-24 00:00:00 UTC,497,-33,227533000,2.9954166666666668
2014-02-24 00:00:00 UTC,497,-35,227533000,0.88013888888888892
2014-02-24 00:00:00 UTC,497,-34,227533000,1.2701388888888889
2014-02-24 00:00:00 UTC,497,-36,227533000,1.8790277777777777
2014-02-24 00:00:00 UTC,497,-8,227553000,0.89902777777777776
2014-02-24 00:00:00 UTC,497,-4,227553000,1.0993055555555555
2014-02-24 00:00:00 UTC,497,-2,227553000,8.2700000000000014
2014-02-24 00:00:00 UTC,497,-7,227553000,0.41263888888888889
2014-02-24 00:00:00 UTC,497,-5,227553000,0.45805555555555555
2014-02-24 00:00:00 UTC,497,-3,227553000,1.5354166666666664
2014-02-24 00:00:00 UTC,497,-1,227553000,9.4048611111111118
2014-02-24 00:00:00 UTC,-527,-588,740338000,1.5320833333333335
2014-02-24 00:00:00 UTC,-271,1536,503318900,8.6962500000000009
2014-02-24 00:00:00 UTC,-15,-1165,412420228,11.886388888888888
2014-02-24 00:00:00 UTC,-15,-1167,412420798,7.775555555555556
2014-02-24 00:00:00 UTC,-15,-1167,412420062,3.7243055555555555
2014-02-24 00:00:00 UTC,-15,-1168,412673260,13.942916666666667
2014-02-24 00:00:00 UTC,242,1182,412444936,2.6609722222222221
2014-02-24 00:00:00 UTC,242,1183,412444936,2.9070833333333335
2014-02-24 00:00:00 UTC,242,1182,412444949,0.93305555555555553
2014-02-24 00:00:00 UTC,242,1181,412059691,0.29722222222222222
2014-02-24 00:00:00 UTC,242,1204,416002094,7.4390277777777785
2014-02-24 00:00:00 UTC,242,1183,412444723,7.9949999999999992
2014-02-24 00:00:00 UTC,242,1182,412444723,0.46097222222222223
2014-02-24 00:00:00 UTC,242,1194,412450885,2.785277777777778
2014-02-24 00:00:00 UTC,242,1183,412444748,6.2518055555555554
2014-02-24 00:00:00 UTC,242,1183,412444751,8.9034722222222218
2014-02-24 00:00:00 UTC,242,1204,416458583,2.4234722222222218
2014-02-24 00:00:00 UTC,242,1183,412444763,9.0293055555555544
2014-02-24 00:00:00 UTC,242,1182,412444763,1.9618055555555558
2014-02-24 00:00:00 UTC,242,1203,900016732,1.1656944444444441
2014-02-24 00:00:00 UTC,242,1204,900016732,4.9144444444444444
2014-02-24 00:00:00 UTC,242,1204,900023402,0.90361111111111114
2014-02-24 00:00:00 UTC,242,1182,412444788,9.1647222222222222
2014-02-24 00:00:00 UTC,242,1183,412444789,10.374444444444446
2014-02-24 00:00:00 UTC,242,1182,412444789,0.10027777777777777
2014-02-24 00:00:00 UTC,242,1186,412452727,12.800416666666667
2014-02-24 00:00:00 UTC,242,1182,412412804,0.42138888888888887
2014-02-24 00:00:00 UTC,242,1204,416002982,3.9961111111111109
2014-02-24 00:00:00 UTC,242,1182,412444881,7.1645833333333329
2014-02-24 00:00:00 UTC,242,1204,416002013,4.9236111111111107
2014-02-24 00:00:00 UTC,242,1203,416002013,0.64277777777777778
2014-02-24 00:00:00 UTC,242,1183,412444922,2.4318055555555551
2014-02-24 00:00:00 UTC,242,1182,412444922,14.166666666666663
2014-02-24 00:00:00 UTC,242,1181,412447742,5.29875
2014-02-24 00:00:00 UTC,498,-5,205333000,1.6069444444444447
2014-02-24 00:00:00 UTC,498,-5,205237000,7.8419444444444446
2014-02-24 00:00:00 UTC,498,-4,205237000,10.88625
2014-02-24 00:00:00 UTC,498,-4,205322000,7.9955555555555549
2014-02-24 00:00:00 UTC,498,-5,205322000,0.24972222222222221
2014-02-24 00:00:00 UTC,498,-50,235071779,2.1697222222222221
2014-02-24 00:00:00 UTC,498,-51,235071779,0.445
2014-02-24 00:00:00 UTC,498,-28,227945000,3.2080555555555552
2014-02-24 00:00:00 UTC,498,-27,227945000,8.795416666666668
2014-02-24 00:00:00 UTC,498,-30,235000360,1.1430555555555557
2014-02-24 00:00:00 UTC,498,-32,235000360,7.75
2014-02-24 00:00:00 UTC,498,-33,235000360,0.79388888888888887
2014-02-24 00:00:00 UTC,498,-31,235000360,5.9775000000000009
2014-02-24 00:00:00 UTC,498,-29,235000360,0.41513888888888889
2014-02-24 00:00:00 UTC,498,-4,205321000,2.8180555555555555
2014-02-24 00:00:00 UTC,498,-5,205321000,1.125
2014-02-24 00:00:00 UTC,498,-5,205192000,0.73958333333333326
2014-02-24 00:00:00 UTC,498,-4,205192000,4.3422222222222224
2014-02-24 00:00:00 UTC,498,-4,205149000,13.217916666666669
2014-02-24 00:00:00 UTC,498,-5,205149000,3.2677777777777779
2014-02-24 00:00:00 UTC,498,-3,205149000,1.1355555555555557
2014-02-24 00:00:00 UTC,498,-108,218066000,18.338333333333331
2014-02-24 00:00:00 UTC,498,-4,205170000,9.5658333333333321
2014-02-24 00:00:00 UTC,498,-3,205170000,5.6780555555555559
2014-02-24 00:00:00 UTC,498,-53,235006840,2.5809722222222224
2014-02-24 00:00:00 UTC,498,-50,235006840,0.21958333333333332
2014-02-24 00:00:00 UTC,498,-52,235006840,2.7759722222222218
2014-02-24 00:00:00 UTC,498,-51,235006840,5.079305555555556
2014-02-24 00:00:00 UTC,498,-51,235040121,5.8556944444444436
2014-02-24 00:00:00 UTC,498,-52,235040121,6.4055555555555568
2014-02-24 00:00:00 UTC,498,-53,235040121,5.80208333333333
2014-02-24 00:00:00 UTC,498,-2,228170900,4.8041666666666671
2014-02-24 00:00:00 UTC,498,-3,228170900,1.8666666666666665
2014-02-24 00:00:00 UTC,498,-12,227599000,0.20444444444444443
2014-02-24 00:00:00 UTC,498,-33,232005530,12.273611111111109
2014-02-24 00:00:00 UTC,498,-31,232005530,0.34166666666666667
2014-02-24 00:00:00 UTC,498,-32,232005530,10.384305555555553
2014-02-24 00:00:00 UTC,498,-160,273534110,5.2833333333333332
2014-02-24 00:00:00 UTC,498,-5,205316000,3.29625
2014-02-24 00:00:00 UTC,498,-4,205316000,0.70763888888888893
2014-02-24 00:00:00 UTC,498,-111,224793000,7.2311111111111117
2014-02-24 00:00:00 UTC,498,-4,205262000,6.2331944444444449
2014-02-24 00:00:00 UTC,498,-44,232007350,0.22083333333333333
2014-02-24 00:00:00 UTC,498,-40,232007350,0.24611111111111111
2014-02-24 00:00:00 UTC,498,-45,226179000,0.84666666666666668
2014-02-24 00:00:00 UTC,498,-44,226179000,0.85944444444444446
2014-02-24 00:00:00 UTC,498,-4,205059000,11.585416666666667
2014-02-24 00:00:00 UTC,498,-52,235060673,2.2354166666666662
2014-02-24 00:00:00 UTC,498,-53,235060673,6.5606944444444437
2014-02-24 00:00:00 UTC,498,-54,235060673,1.3444444444444443
2014-02-24 00:00:00 UTC,498,-161,273529800,7.2009722222222221
2014-02-24 00:00:00 UTC,498,-162,273529800,12.508333333333333
2014-02-24 00:00:00 UTC,498,-2,227553000,0.88874999999999993
2014-02-24 00:00:00 UTC,-270,-303,416004204,10.152916666666666
2014-02-24 00:00:00 UTC,-270,-304,416004204,7.4933333333333341
2014-02-24 00:00:00 UTC,-270,1535,503318900,1.1863888888888889
2014-02-24 00:00:00 UTC,243,1181,412447747,10.856388888888887
2014-02-24 00:00:00 UTC,243,1184,412432388,3.9898611111111109
2014-02-24 00:00:00 UTC,243,1185,412451077,2.5491666666666668
2014-02-24 00:00:00 UTC,243,1183,412433414,5.8354166666666663
2014-02-24 00:00:00 UTC,243,1185,412433414,9.21111111111111
2014-02-24 00:00:00 UTC,243,1184,412433414,2.9943055555555551
2014-02-24 00:00:00 UTC,243,1187,412452873,1.4452777777777777
2014-02-24 00:00:00 UTC,243,1184,412433425,3.5061111111111107
2014-02-24 00:00:00 UTC,243,1765,416004369,1.8166666666666667
2014-02-24 00:00:00 UTC,243,1185,412433941,8.3106944444444437
2014-02-24 00:00:00 UTC,243,1183,412444953,1.30125
2014-02-24 00:00:00 UTC,243,1182,412444953,0.36541666666666672
2014-02-24 00:00:00 UTC,243,1185,412432422,10.025138888888888
2014-02-24 00:00:00 UTC,243,1184,412432422,7.5359722222222221
2014-02-24 00:00:00 UTC,243,1186,412451368,6.3523611111111116
2014-02-24 00:00:00 UTC,243,1186,412452398,1.7551388888888888
2014-02-24 00:00:00 UTC,243,1204,416002094,1.7926388888888887
2014-02-24 00:00:00 UTC,243,1184,412433203,11.328472222222222
2014-02-24 00:00:00 UTC,243,1183,412433203,7.4266666666666676
2014-02-24 00:00:00 UTC,243,1184,412433208,11.045
2014-02-24 00:00:00 UTC,243,1182,412444474,2.0713888888888889
2014-02-24 00:00:00 UTC,243,1181,412444986,3.0194444444444448
2014-02-24 00:00:00 UTC,243,1185,412433212,11.064444444444444
2014-02-24 00:00:00 UTC,243,1182,412444992,2.6697222222222221
2014-02-24 00:00:00 UTC,243,1189,412451141,1.0973611111111112
2014-02-24 00:00:00 UTC,243,1188,412451141,1.0175
2014-02-24 00:00:00 UTC,243,1184,412432716,12.673055555555557
2014-02-24 00:00:00 UTC,243,1183,412432716,7.1923611111111105
2014-02-24 00:00:00 UTC,243,1183,412444751,5.9120833333333334
2014-02-24 00:00:00 UTC,243,1187,412452943,1.1884722222222222
2014-02-24 00:00:00 UTC,243,1186,412452943,0.67083333333333339
2014-02-24 00:00:00 UTC,243,1185,412432987,20.604861111111116
2014-02-24 00:00:00 UTC,243,1204,900016732,2.6568055555555552
2014-02-24 00:00:00 UTC,243,1184,412433245,2.7454166666666668
2014-02-24 00:00:00 UTC,243,1186,469215330,3.1237500000000002
2014-02-24 00:00:00 UTC,243,1185,891200356,15.169305555555555
2014-02-24 00:00:00 UTC,243,1186,412401510,1.9683333333333333
2014-02-24 00:00:00 UTC,243,1185,412432502,7.9798611111111111
2014-02-24 00:00:00 UTC,243,1186,900028800,2.2183333333333333
2014-02-24 00:00:00 UTC,243,1185,900028800,3.4843055555555558
2014-02-24 00:00:00 UTC,243,1185,412433538,4.8866666666666667
2014-02-24 00:00:00 UTC,243,1182,412444804,5.30486111111111
2014-02-24 00:00:00 UTC,243,1185,412433029,3.0387500000000003
2014-02-24 00:00:00 UTC,243,1185,900028806,2.9601388888888893
2014-02-24 00:00:00 UTC,243,1186,900028806,1.908611111111111
2014-02-24 00:00:00 UTC,243,1184,412433048,1.0408333333333333
2014-02-24 00:00:00 UTC,243,1185,412433048,2.6262499999999998
2014-02-24 00:00:00 UTC,243,1185,413428888,6.1627777777777775
2014-02-24 00:00:00 UTC,243,1185,412432539,11.943194444444444
2014-02-24 00:00:00 UTC,243,1186,900029083,1.5313888888888889
2014-02-24 00:00:00 UTC,243,1183,412432544,9.7198611111111113
2014-02-24 00:00:00 UTC,243,1185,412432544,7.585694444444445
2014-02-24 00:00:00 UTC,243,1184,412432544,2.483888888888889
2014-02-24 00:00:00 UTC,243,1185,412432547,11.145833333333332
2014-02-24 00:00:00 UTC,243,1184,412432547,7.2027777777777775
2014-02-24 00:00:00 UTC,243,1185,412448932,9.2916666666666679
2014-02-24 00:00:00 UTC,243,1184,412448679,1.1080555555555556
2014-02-24 00:00:00 UTC,243,1188,412451239,7.0197222222222218
2014-02-24 00:00:00 UTC,243,1186,412448937,5.6005555555555553
2014-02-24 00:00:00 UTC,243,1185,412449197,5.9773611111111107
2014-02-24 00:00:00 UTC,243,1185,412433327,10.362916666666667
2014-02-24 00:00:00 UTC,243,1185,412433583,9.0381944444444429
2014-02-24 00:00:00 UTC,243,1184,412432563,6.419722222222223
2014-02-24 00:00:00 UTC,243,1185,412433332,15.645694444444445
2014-02-24 00:00:00 UTC,243,1184,412433332,10.012361111111112
2014-02-24 00:00:00 UTC,243,1185,412433334,5.0666666666666664
2014-02-24 00:00:00 UTC,243,1184,412411579,3.7623611111111113
2014-02-24 00:00:00 UTC,243,1184,412432319,13.930555555555557
2014-02-24 00:00:00 UTC,243,1183,412432319,6.5293055555555553
2014-02-24 00:00:00 UTC,243,1181,412444609,0.98902777777777773
2014-02-24 00:00:00 UTC,243,1185,412448967,0.63666666666666671
2014-02-24 00:00:00 UTC,243,1185,412432079,14.069722222222223
2014-02-24 00:00:00 UTC,243,1183,412450511,0.1336111111111111
2014-02-24 00:00:00 UTC,243,1185,412451024,4.3605555555555551
2014-02-24 00:00:00 UTC,243,1186,412451024,2.182638888888889
2014-02-24 00:00:00 UTC,243,1184,412432337,3.0927777777777776
2014-02-24 00:00:00 UTC,243,1185,412433361,0.73125
2014-02-24 00:00:00 UTC,243,1185,412450515,2.0652777777777778
2014-02-24 00:00:00 UTC,243,1185,412431572,3.0165277777777781
2014-02-24 00:00:00 UTC,243,1204,416002013,4.2098611111111115
2014-02-24 00:00:00 UTC,243,1185,412433394,8.0954166666666669
2014-02-24 00:00:00 UTC,243,1185,412432636,0.83472222222222225
2014-02-24 00:00:00 UTC,499,-5,205333000,0.21791666666666665
2014-02-24 00:00:00 UTC,499,-4,205333000,1.4752777777777779
2014-02-24 00:00:00 UTC,499,-5,205237000,1.6
2014-02-24 00:00:00 UTC,499,-4,205237000,4.7147222222222211
2014-02-24 00:00:00 UTC,499,-30,244309000,4.8854166666666661
2014-02-24 00:00:00 UTC,499,-29,244309000,3.2601388888888891
2014-02-24 00:00:00 UTC,499,-4,205322000,5.5690277777777766
2014-02-24 00:00:00 UTC,499,-5,205322000,1.2352777777777777
2014-02-24 00:00:00 UTC,499,-50,235071779,3.1444444444444444
2014-02-24 00:00:00 UTC,499,-49,235071779,1.7926388888888891
2014-02-24 00:00:00 UTC,499,-27,227945000,4.209027777777778
2014-02-24 00:00:00 UTC,499,-28,227945000,0.46402777777777776
2014-02-24 00:00:00 UTC,499,-26,227945000,1.3072222222222221
2014-02-24 00:00:00 UTC,499,-28,235000360,6.6333333333333346
2014-02-24 00:00:00 UTC,499,-29,235000360,0.855
2014-02-24 00:00:00 UTC,499,-4,205321000,5.1540277777777774
2014-02-24 00:00:00 UTC,499,-50,235062841,6.3776388888888889
2014-02-24 00:00:00 UTC,499,-5,205192000,2.1105555555555555
2014-02-24 00:00:00 UTC,499,-6,205192000,1.5098611111111111
2014-02-24 00:00:00 UTC,499,-7,205192000,0.65972222222222221
2014-02-24 00:00:00 UTC,499,-4,205192000,1.3130555555555556
2014-02-24 00:00:00 UTC,499,-4,205149000,0.25916666666666666
2014-02-24 00:00:00 UTC,499,-5,205149000,0.3455555555555555
2014-02-24 00:00:00 UTC,499,-3,205170000,5.31
2014-02-24 00:00:00 UTC,499,-4,205170000,2.3716666666666666
2014-02-24 00:00:00 UTC,499,-5,205170000,0.74930555555555556
2014-02-24 00:00:00 UTC,499,-50,235006840,4.6383333333333345
2014-02-24 00:00:00 UTC,499,-51,235006840,0.44333333333333336
2014-02-24 00:00:00 UTC,499,-21,232004735,1.5147222222222223
2014-02-24 00:00:00 UTC,499,-22,232004735,0.20833333333333331
2014-02-24 00:00:00 UTC,499,-41,235088014,0.58152777777777775
2014-02-24 00:00:00 UTC,499,-43,235088014,2.5638888888888891
2014-02-24 00:00:00 UTC,499,-42,235088014,1.2270833333333333
2014-02-24 00:00:00 UTC,499,-35,228215700,0.75069444444444444
2014-02-24 00:00:00 UTC,499,-36,228215700,0.52583333333333337
2014-02-24 00:00:00 UTC,499,-34,228215700,0.24736111111111111
2014-02-24 00:00:00 UTC,499,-37,228215700,0.7275
2014-02-24 00:00:00 UTC,499,-38,228215700,2.6031944444444441
2014-02-24 00:00:00 UTC,499,0,228170900,4.5901388888888892
2014-02-24 00:00:00 UTC,499,-1,228170900,9.95736111111111
2014-02-24 00:00:00 UTC,499,-2,228170900,2.7800000000000002
2014-02-24 00:00:00 UTC,499,-7,227599000,0.26208333333333333
2014-02-24 00:00:00 UTC,499,-11,227599000,0.21458333333333335
2014-02-24 00:00:00 UTC,499,-12,227599000,0.61805555555555558
2014-02-24 00:00:00 UTC,499,-8,227599000,0.28194444444444444
2014-02-24 00:00:00 UTC,499,-33,232005530,0.69680555555555546
2014-02-24 00:00:00 UTC,499,-160,273534110,7.09
2014-02-24 00:00:00 UTC,499,4,246233000,0.51944444444444438
2014-02-24 00:00:00 UTC,499,-3,205262000,5.237222222222222
2014-02-24 00:00:00 UTC,499,-4,205262000,5.8177777777777777
2014-02-24 00:00:00 UTC,499,-5,205262000,0.23208333333333334
2014-02-24 00:00:00 UTC,499,-30,235002800,2.6140277777777774
2014-02-24 00:00:00 UTC,499,-39,228222900,1.5029166666666665
2014-02-24 00:00:00 UTC,499,-37,228222900,0.48472222222222222
2014-02-24 00:00:00 UTC,499,-40,228222900,0.20819444444444446
2014-02-24 00:00:00 UTC,499,-38,228222900,0.45263888888888892
2014-02-24 00:00:00 UTC,499,-41,232007350,4.4619444444444447
2014-02-24 00:00:00 UTC,499,-40,232007350,0.42472222222222222
2014-02-24 00:00:00 UTC,499,-43,232007350,11.80805555555555
2014-02-24 00:00:00 UTC,499,-42,232007350,4.2911111111111113
2014-02-24 00:00:00 UTC,499,-44,232007350,0.95513888888888887
2014-02-24 00:00:00 UTC,499,-47,226179000,1.7708333333333333
2014-02-24 00:00:00 UTC,499,-45,226179000,0.92222222222222217
2014-02-24 00:00:00 UTC,499,-46,226179000,0.45527777777777778
2014-02-24 00:00:00 UTC,499,-25,228323000,0.22388888888888889
2014-02-24 00:00:00 UTC,499,-28,228323000,2.5052777777777782
2014-02-24 00:00:00 UTC,499,-27,228323000,4.4601388888888893
2014-02-24 00:00:00 UTC,499,-26,228323000,1.43875
2014-02-24 00:00:00 UTC,499,-5,205059000,1.5781944444444447
2014-02-24 00:00:00 UTC,499,-4,205059000,3.8741666666666665
2014-02-24 00:00:00 UTC,499,-24,235001800,2.3191666666666664
2014-02-24 00:00:00 UTC,499,-25,235001800,0.47
2014-02-24 00:00:00 UTC,499,-158,273536210,11.716805555555554
2014-02-24 00:00:00 UTC,499,4,227559640,8.1741666666666681
2014-02-24 00:00:00 UTC,499,-3,205153000,1.1347222222222222
2014-02-24 00:00:00 UTC,499,-4,205153000,3.1986111111111111
2014-02-24 00:00:00 UTC,755,397,258099000,2.3575
2014-02-24 00:00:00 UTC,-269,-297,416004204,16.630277777777778
2014-02-24 00:00:00 UTC,244,1185,412410625,0.39958333333333329
2014-02-24 00:00:00 UTC,244,1186,412410625,6.7555555555555564
2014-02-24 00:00:00 UTC,244,1186,412433154,12.144861111111108
2014-02-24 00:00:00 UTC,244,1186,412433155,15.9875
2014-02-24 00:00:00 UTC,244,1187,412433155,0.67055555555555557
2014-02-24 00:00:00 UTC,244,1185,412432389,9.2541666666666682
2014-02-24 00:00:00 UTC,244,1186,412432389,9.776250000000001
2014-02-24 00:00:00 UTC,244,1186,412451077,9.129999999999999
2014-02-24 00:00:00 UTC,244,1186,412432646,1.1
2014-02-24 00:00:00 UTC,244,1188,412452873,3.9612499999999997
2014-02-24 00:00:00 UTC,244,1187,412452873,8.794027777777778
2014-02-24 00:00:00 UTC,244,1186,412433420,1.587361111111111
2014-02-24 00:00:00 UTC,244,1761,416004369,1.0879166666666666
2014-02-24 00:00:00 UTC,244,1763,416004369,1.3704166666666666
2014-02-24 00:00:00 UTC,244,1760,416004369,5.1869444444444444
2014-02-24 00:00:00 UTC,244,1767,416004369,0.89180555555555552
2014-02-24 00:00:00 UTC,244,1220,416002067,3.32375
2014-02-24 00:00:00 UTC,244,1185,412433941,13.610694444444448
2014-02-24 00:00:00 UTC,244,1186,412449051,13.786249999999999
2014-02-24 00:00:00 UTC,244,1185,412449051,4.6302777777777777
2014-02-24 00:00:00 UTC,244,1188,800000032,4.981527777777778
2014-02-24 00:00:00 UTC,244,1187,800000032,2.9316666666666666
2014-02-24 00:00:00 UTC,244,1187,412432416,11.830138888888889
2014-02-24 00:00:00 UTC,244,1186,412432418,14.239166666666666
2014-02-24 00:00:00 UTC,244,1186,900003108,9.47125
2014-02-24 00:00:00 UTC,244,1187,900003108,9.760694444444443
2014-02-24 00:00:00 UTC,244,1185,412432422,0.93444444444444441
2014-02-24 00:00:00 UTC,244,1186,412432167,7.5545833333333325
2014-02-24 00:00:00 UTC,244,1186,412432684,9.336666666666666
2014-02-24 00:00:00 UTC,244,1185,412433197,23.234166666666667
2014-02-24 00:00:00 UTC,244,1186,412432686,22.385833333333334
2014-02-24 00:00:00 UTC,244,1185,412432431,22.145833333333332
2014-02-24 00:00:00 UTC,244,1186,412433199,7.7737500000000015
2014-02-24 00:00:00 UTC,244,1187,412450351,9.0123611111111117
2014-02-24 00:00:00 UTC,244,1185,412431408,11.93625
2014-02-24 00:00:00 UTC,244,1186,412431408,0.81513888888888886
2014-02-24 00:00:00 UTC,244,1185,412431409,15.537222222222221
2014-02-24 00:00:00 UTC,244,1187,412432433,13.830555555555552
2014-02-24 00:00:00 UTC,244,1186,412432433,8.461666666666666
2014-02-24 00:00:00 UTC,244,1186,412433201,1.3740277777777776
2014-02-24 00:00:00 UTC,244,1185,412433201,17.485138888888891
2014-02-24 00:00:00 UTC,244,1187,412450356,1.5529166666666665
2014-02-24 00:00:00 UTC,244,1186,412450356,0.615
2014-02-24 00:00:00 UTC,244,1186,412432695,12.00097222222222
2014-02-24 00:00:00 UTC,244,1190,412452663,2.2583333333333333
2014-02-24 00:00:00 UTC,244,1189,412452663,1.2695833333333333
2014-02-24 00:00:00 UTC,244,1185,412433464,2.7752777777777777
2014-02-24 00:00:00 UTC,244,1186,412432954,20.085833333333333
2014-02-24 00:00:00 UTC,244,1187,412430654,2.4116666666666666
2014-02-24 00:00:00 UTC,244,1186,412430654,2.7102777777777773
2014-02-24 00:00:00 UTC,244,1185,412433217,8.6302777777777777
2014-02-24 00:00:00 UTC,244,1186,412433475,19.954861111111111
2014-02-24 00:00:00 UTC,244,1186,412439621,10.112916666666669
2014-02-24 00:00:00 UTC,244,1194,412450885,2.4141666666666666
2014-02-24 00:00:00 UTC,244,1189,412451141,4.1852777777777774
2014-02-24 00:00:00 UTC,244,1188,412451141,0.66208333333333336
2014-02-24 00:00:00 UTC,244,1190,412451141,0.24513888888888891
2014-02-24 00:00:00 UTC,244,1186,412433226,6.0416666666666661
2014-02-24 00:00:00 UTC,244,1186,412449613,9.7272222222222222
2014-02-24 00:00:00 UTC,244,1185,412450381,2.4402777777777778
2014-02-24 00:00:00 UTC,244,1187,412452943,1.3634722222222222
2014-02-24 00:00:00 UTC,244,1185,412432468,7.5658333333333339
2014-02-24 00:00:00 UTC,244,1186,412449621,15.482361111111112
2014-02-24 00:00:00 UTC,244,1190,412450648,8.00388888888889
2014-02-24 00:00:00 UTC,244,1189,412450648,1.8679166666666667
2014-02-24 00:00:00 UTC,244,1186,412449629,8.3827777777777772
2014-02-24 00:00:00 UTC,244,1186,412432738,10.677499999999998
2014-02-24 00:00:00 UTC,244,1187,412433506,19.241666666666667
2014-02-24 00:00:00 UTC,244,1186,412433506,0.23388888888888887
2014-02-24 00:00:00 UTC,244,1186,412450147,7.1070833333333336
2014-02-24 00:00:00 UTC,244,1185,891200356,7.2838888888888889
2014-02-24 00:00:00 UTC,244,1186,412401510,6.9634722222222223
2014-02-24 00:00:00 UTC,244,1185,412401510,9.000694444444445
2014-02-24 00:00:00 UTC,244,1185,412450151,17.036388888888887
2014-02-24 00:00:00 UTC,244,1186,412449898,6.7925
2014-02-24 00:00:00 UTC,244,1185,412433515,22.434027777777779
2014-02-24 00:00:00 UTC,244,1185,412432238,12.162916666666668
2014-02-24 00:00:00 UTC,244,1189,412450926,0.4244444444444444
2014-02-24 00:00:00 UTC,244,1186,412433264,6.6254166666666663
2014-02-24 00:00:00 UTC,244,1186,412433012,8.5880555555555542
2014-02-24 00:00:00 UTC,244,1186,412448628,23.586111111111109
2014-02-24 00:00:00 UTC,244,1189,412452724,2.1294444444444447
2014-02-24 00:00:00 UTC,244,1186,412432502,4.3597222222222225
2014-02-24 00:00:00 UTC,244,1185,412433526,17.7075
2014-02-24 00:00:00 UTC,244,1186,412410486,9.33986111111111
2014-02-24 00:00:00 UTC,244,1188,412448633,0.99888888888888894
2014-02-24 00:00:00 UTC,244,1186,412448633,17.153194444444448
2014-02-24 00:00:00 UTC,244,1187,412448633,5.8055555555555554
2014-02-24 00:00:00 UTC,244,1185,413021051,3.7786111111111111
2014-02-24 00:00:00 UTC,244,1186,412432763,2.0413888888888887
2014-02-24 00:00:00 UTC,244,1185,412344444,12.3975
2014-02-24 00:00:00 UTC,244,1189,412452989,13.491388888888888
2014-02-24 00:00:00 UTC,244,1188,412451967,1.9095833333333334
2014-02-24 00:00:00 UTC,244,1189,412451967,0.47263888888888889
2014-02-24 00:00:00 UTC,244,1186,412433536,6.1169444444444441
2014-02-24 00:00:00 UTC,244,1186,900028800,4.1990277777777774
2014-02-24 00:00:00 UTC,244,1187,900017281,2.7330555555555556
2014-02-24 00:00:00 UTC,244,1186,412433026,8.5672222222222221
2014-02-24 00:00:00 UTC,244,1187,412433026,6.8563888888888886
2014-02-24 00:00:00 UTC,244,1186,412433029,6.0768055555555556
2014-02-24 00:00:00 UTC,244,1187,220000389,7.5069444444444446
2014-02-24 00:00:00 UTC,244,1186,900028806,5.0658333333333339
2014-02-24 00:00:00 UTC,244,1185,900028809,1.0476388888888888
2014-02-24 00:00:00 UTC,244,1187,412449929,0.61819444444444449
2014-02-24 00:00:00 UTC,244,1186,412432779,7.0468055555555562
2014-02-24 00:00:00 UTC,244,1186,412433547,2.5856944444444445
2014-02-24 00:00:00 UTC,244,1186,412432781,9.8558333333333348
2014-02-24 00:00:00 UTC,244,1187,412449934,3.7581944444444448
2014-02-24 00:00:00 UTC,244,1186,412433552,19.439027777777781
2014-02-24 00:00:00 UTC,244,1185,412452752,2.6641666666666666
2014-02-24 00:00:00 UTC,244,1186,412449681,1.8684722222222221
2014-02-24 00:00:00 UTC,244,1187,412449681,9.9873611111111114
2014-02-24 00:00:00 UTC,244,1199,412452753,2.945
2014-02-24 00:00:00 UTC,244,1185,412432787,4.9019444444444451
2014-02-24 00:00:00 UTC,244,1184,412432787,2.6762500000000005
2014-02-24 00:00:00 UTC,244,1186,412433555,5.9531944444444438
2014-02-24 00:00:00 UTC,244,1187,412450453,1.1594444444444445
2014-02-24 00:00:00 UTC,244,1186,412449687,21.163055555555552
2014-02-24 00:00:00 UTC,244,1185,412433048,8.0773611111111112
2014-02-24 00:00:00 UTC,244,1185,413428888,3.5627777777777778
2014-02-24 00:00:00 UTC,244,1180,412445081,0.59638888888888886
2014-02-24 00:00:00 UTC,244,1185,412432539,7.9134722222222225
2014-02-24 00:00:00 UTC,244,1185,900029083,1.9479166666666665
2014-02-24 00:00:00 UTC,244,1187,412449691,19.660416666666666
2014-02-24 00:00:00 UTC,244,1186,412430493,1.4958333333333333
2014-02-24 00:00:00 UTC,244,1185,412430493,0.91527777777777786
2014-02-24 00:00:00 UTC,244,1186,412449693,3.3980555555555556
2014-02-24 00:00:00 UTC,244,1186,412433311,15.144305555555555
2014-02-24 00:00:00 UTC,244,1185,412433569,10.378472222222221
2014-02-24 00:00:00 UTC,244,1186,412433569,0.27819444444444441
2014-02-24 00:00:00 UTC,244,1186,412449697,7.7376388888888892
2014-02-24 00:00:00 UTC,244,1186,412449698,6.5459722222222219
2014-02-24 00:00:00 UTC,244,1185,412432547,0.25625
2014-02-24 00:00:00 UTC,244,1185,412448932,14.676388888888891
2014-02-24 00:00:00 UTC,244,1185,412448679,8.4268055555555552
2014-02-24 00:00:00 UTC,244,1189,412451239,10.598472222222222
2014-02-24 00:00:00 UTC,244,1188,412451239,4.149861111111111
2014-02-24 00:00:00 UTC,244,1187,412448937,9.4912499999999991
2014-02-24 00:00:00 UTC,244,1186,412448937,1.6563888888888889
2014-02-24 00:00:00 UTC,244,1187,412432298,17.628055555555559
2014-02-24 00:00:00 UTC,244,1186,412432811,15.313333333333336
2014-02-24 00:00:00 UTC,244,1185,412449197,16.62402777777778
2014-02-24 00:00:00 UTC,244,1186,412433071,0.47180555555555559
2014-02-24 00:00:00 UTC,244,1187,412433071,10.236944444444443
2014-02-24 00:00:00 UTC,244,1185,412433327,9.3902777777777775
2014-02-24 00:00:00 UTC,244,1185,412433583,1.4776388888888887
2014-02-24 00:00:00 UTC,244,1220,416001967,8.49986111111111
2014-02-24 00:00:00 UTC,244,1186,412433073,7.3311111111111105
2014-02-24 00:00:00 UTC,244,1185,412433073,14.370138888888887
2014-02-24 00:00:00 UTC,244,1186,413200819,3.00125
2014-02-24 00:00:00 UTC,244,1187,412432565,0.79819444444444443
2014-02-24 00:00:00 UTC,244,1186,412432565,20.963194444444444
2014-02-24 00:00:00 UTC,244,1186,412433589,9.776250000000001
2014-02-24 00:00:00 UTC,244,1185,412433078,17.744999999999997
2014-02-24 00:00:00 UTC,244,1186,412433334,2.2941666666666665
2014-02-24 00:00:00 UTC,244,1186,412432315,21.222500000000004
2014-02-24 00:00:00 UTC,244,1185,412433083,10.401388888888887
2014-02-24 00:00:00 UTC,244,1187,412433341,0.76902777777777775
2014-02-24 00:00:00 UTC,244,1186,412432574,2.285277777777778
2014-02-24 00:00:00 UTC,244,1186,412402369,3.1373611111111108
2014-02-24 00:00:00 UTC,244,1186,412450246,3.1354166666666665
2014-02-24 00:00:00 UTC,244,1186,412448967,1.8663888888888889
2014-02-24 00:00:00 UTC,244,1185,412448967,5.8686111111111119
2014-02-24 00:00:00 UTC,244,1190,412451527,17.070277777777779
2014-02-24 00:00:00 UTC,244,1186,412432329,9.6955555555555559
2014-02-24 00:00:00 UTC,244,1186,412449737,2.7084722222222224
2014-02-24 00:00:00 UTC,244,1186,412432333,14.15763888888889
2014-02-24 00:00:00 UTC,244,1186,412451024,2.6654166666666672
2014-02-24 00:00:00 UTC,244,1187,412451024,0.54194444444444445
2014-02-24 00:00:00 UTC,244,1184,412433361,0.48236111111111113
2014-02-24 00:00:00 UTC,244,1187,412432594,13.237222222222222
2014-02-24 00:00:00 UTC,244,1185,412450515,16.094583333333329
2014-02-24 00:00:00 UTC,244,1185,412431572,7.5330555555555554
2014-02-24 00:00:00 UTC,244,1186,412431572,6.5394444444444444
2014-02-24 00:00:00 UTC,244,1186,412433364,9.6506944444444436
2014-02-24 00:00:00 UTC,244,1187,412448724,0.6497222222222222
2014-02-24 00:00:00 UTC,244,1186,412448724,14.225555555555557
2014-02-24 00:00:00 UTC,244,1186,412433367,0.56527777777777777
2014-02-24 00:00:00 UTC,244,1186,111005143,17.315555555555555
2014-02-24 00:00:00 UTC,244,1187,900026335,12.307777777777776
2014-02-24 00:00:00 UTC,244,1186,412411615,7.4677777777777781
2014-02-24 00:00:00 UTC,244,1187,333301472,9.67361111111111
2014-02-24 00:00:00 UTC,244,1186,412432363,15.942916666666665
2014-02-24 00:00:00 UTC,244,1185,200005611,13.51041666666667
2014-02-24 00:00:00 UTC,244,1186,200005611,6.5391666666666666
2014-02-24 00:00:00 UTC,244,1186,412433132,13.698333333333334
2014-02-24 00:00:00 UTC,244,1187,412432625,10.818194444444444
2014-02-24 00:00:00 UTC,244,1186,412432625,7.3180555555555555
2014-02-24 00:00:00 UTC,244,1185,412433138,10.851666666666668
2014-02-24 00:00:00 UTC,244,1186,412433138,8.2559722222222209
2014-02-24 00:00:00 UTC,244,1185,412433394,1.7247222222222223
2014-02-24 00:00:00 UTC,244,1186,412602103,4.2927777777777774
2014-02-24 00:00:00 UTC,244,1221,416001528,2.6593055555555556
2014-02-24 00:00:00 UTC,244,1186,412432635,15.268194444444443
2014-02-24 00:00:00 UTC,244,1186,412433659,15.178194444444445
2014-02-24 00:00:00 UTC,244,1186,412432383,22.015555555555558
2014-02-24 00:00:00 UTC,500,-51,235063301,1.3238888888888889
2014-02-24 00:00:00 UTC,500,-50,235063301,0.44430555555555551
2014-02-24 00:00:00 UTC,500,-3,205333000,0.67583333333333329
2014-02-24 00:00:00 UTC,500,-4,205333000,0.25861111111111112
2014-02-24 00:00:00 UTC,500,-30,244309000,1.1376388888888891
2014-02-24 00:00:00 UTC,500,-28,244309000,3.0606944444444451
2014-02-24 00:00:00 UTC,500,-27,244309000,0.67041666666666666
2014-02-24 00:00:00 UTC,500,-29,244309000,2.9531944444444447
2014-02-24 00:00:00 UTC,500,4,227120400,0.22236111111111112
2014-02-24 00:00:00 UTC,500,3,227120400,0.22236111111111112
2014-02-24 00:00:00 UTC,500,-8,205322000,1.149861111111111
2014-02-24 00:00:00 UTC,500,-11,205322000,2.1127777777777776
2014-02-24 00:00:00 UTC,500,-12,205322000,2.2766666666666664
2014-02-24 00:00:00 UTC,500,-9,205322000,0.69430555555555551
2014-02-24 00:00:00 UTC,500,-10,205322000,0.90152777777777771
2014-02-24 00:00:00 UTC,500,-13,205322000,0.69791666666666663
2014-02-24 00:00:00 UTC,500,-6,205322000,1.2188888888888887
2014-02-24 00:00:00 UTC,500,-7,205322000,0.43236111111111108
2014-02-24 00:00:00 UTC,500,-44,235012902,0.68277777777777771
2014-02-24 00:00:00 UTC,500,-28,235000360,0.21527777777777779
2014-02-24 00:00:00 UTC,500,-14,227337000,0.97333333333333338
2014-02-24 00:00:00 UTC,500,-11,227337000,0.64041666666666663
2014-02-24 00:00:00 UTC,500,-13,227337000,6.9706944444444447
2014-02-24 00:00:00 UTC,500,-12,227337000,4.9111111111111114
2014-02-24 00:00:00 UTC,500,-3,205321000,1.6145833333333335
2014-02-24 00:00:00 UTC,500,-4,205321000,0.50708333333333333
2014-02-24 00:00:00 UTC,500,6,228198700,1.0818055555555555
2014-02-24 00:00:00 UTC,500,5,228198700,2.2318055555555554
2014-02-24 00:00:00 UTC,500,7,228198700,1.0776388888888888
2014-02-24 00:00:00 UTC,500,8,228198700,0.27805555555555556
2014-02-24 00:00:00 UTC,500,5,227108400,8.9537499999999959
2014-02-24 00:00:00 UTC,500,4,227108400,4.9915277777777787
2014-02-24 00:00:00 UTC,500,6,227108400,0.26
2014-02-24 00:00:00 UTC,500,3,227108400,1.3951388888888887
2014-02-24 00:00:00 UTC,500,-50,235062841,0.86694444444444441
2014-02-24 00:00:00 UTC,500,4,228112700,3.8576388888888888
2014-02-24 00:00:00 UTC,500,5,228112700,5.3268055555555556
2014-02-24 00:00:00 UTC,500,2,228112700,1.3863888888888889
2014-02-24 00:00:00 UTC,500,6,228112700,1.3055555555555556
2014-02-24 00:00:00 UTC,500,3,228112700,4.764166666666668
2014-02-24 00:00:00 UTC,500,6,227137600,0.35013888888888889
2014-02-24 00:00:00 UTC,500,3,227137600,2.141111111111111
2014-02-24 00:00:00 UTC,500,5,227137600,11.019999999999998
2014-02-24 00:00:00 UTC,500,4,227137600,3.5615277777777785
2014-02-24 00:00:00 UTC,500,1564,273332830,5.4091666666666667
2014-02-24 00:00:00 UTC,500,4,227119200,9.8547222222222217
2014-02-24 00:00:00 UTC,500,3,227119200,3.6608333333333336
2014-02-24 00:00:00 UTC,500,6,227119200,0.79875
2014-02-24 00:00:00 UTC,500,5,227119200,0.87347222222222221
2014-02-24 00:00:00 UTC,500,6,227324000,0.28513888888888889
2014-02-24 00:00:00 UTC,500,7,227324000,1.7002777777777776
2014-02-24 00:00:00 UTC,500,8,227324000,0.47833333333333333
2014-02-24 00:00:00 UTC,500,-2,205169000,0.47333333333333333
2014-02-24 00:00:00 UTC,500,-4,205169000,5.1234722222222224
2014-02-24 00:00:00 UTC,500,-3,205169000,7.3033333333333337
2014-02-24 00:00:00 UTC,500,6,227137400,1.6658333333333335
2014-02-24 00:00:00 UTC,500,2,227137400,1.1370833333333334
2014-02-24 00:00:00 UTC,500,3,227137400,6.2908333333333335
2014-02-24 00:00:00 UTC,500,5,227137400,4.3525
2014-02-24 00:00:00 UTC,500,4,227137400,3.965416666666667
2014-02-24 00:00:00 UTC,500,-50,235006840,0.51263888888888887
2014-02-24 00:00:00 UTC,500,-19,232004735,0.21652777777777776
2014-02-24 00:00:00 UTC,500,-22,232004735,5.0372222222222209
2014-02-24 00:00:00 UTC,500,-20,232004735,2.6931944444444444
2014-02-24 00:00:00 UTC,500,-21,232004735,4.071527777777777
2014-02-24 00:00:00 UTC,500,8,227106700,0.2525
2014-02-24 00:00:00 UTC,500,7,227106700,1.4488888888888889
2014-02-24 00:00:00 UTC,500,6,227106700,0.30111111111111111
2014-02-24 00:00:00 UTC,500,-33,228215700,0.5
2014-02-24 00:00:00 UTC,500,-34,228215700,0.70708333333333329
2014-02-24 00:00:00 UTC,500,-7,227599000,1.6561111111111111
2014-02-24 00:00:00 UTC,500,-10,227599000,0.87527777777777782
2014-02-24 00:00:00 UTC,500,-8,227599000,0.776388888888889
2014-02-24 00:00:00 UTC,500,-6,227599000,0.46097222222222223
2014-02-24 00:00:00 UTC,500,-11,227599000,0.21430555555555555
2014-02-24 00:00:00 UTC,500,-112,224793000,11.813055555555556
2014-02-24 00:00:00 UTC,500,3,246233000,0.22208333333333335
2014-02-24 00:00:00 UTC,500,1,246233000,0.41388888888888886
2014-02-24 00:00:00 UTC,500,6,244377000,0.675
2014-02-24 00:00:00 UTC,500,-45,235002029,3.5102777777777781
2014-02-24 00:00:00 UTC,500,-3,205262000,2.6294444444444443
2014-02-24 00:00:00 UTC,500,-2,205262000,4.6247222222222213
2014-02-24 00:00:00 UTC,500,-31,235002800,1.3075
2014-02-24 00:00:00 UTC,500,-30,235002800,0.75375
2014-02-24 00:00:00 UTC,500,-41,232007350,1.5445833333333332
2014-02-24 00:00:00 UTC,500,-46,226179000,1.1390277777777778
2014-02-24 00:00:00 UTC,500,-49,226179000,2.4901388888888887
2014-02-24 00:00:00 UTC,500,-48,226179000,1.9901388888888891
2014-02-24 00:00:00 UTC,500,-1,205155000,1.574861111111111
2014-02-24 00:00:00 UTC,500,-2,205155000,0.45194444444444448
2014-02-24 00:00:00 UTC,500,-6,205059000,9.1706944444444449
2014-02-24 00:00:00 UTC,500,1,205240000,0.48763888888888884
2014-02-24 00:00:00 UTC,500,-3,205325000,1.9648611111111109
2014-02-24 00:00:00 UTC,500,-23,235001800,5.05013888888889
2014-02-24 00:00:00 UTC,500,-22,235001800,2.3394444444444447
2014-02-24 00:00:00 UTC,500,-24,235001800,4.9125000000000005
2014-02-24 00:00:00 UTC,500,-29,227146700,1.2691666666666666
2014-02-24 00:00:00 UTC,500,-28,227146700,1.1511111111111112
2014-02-24 00:00:00 UTC,500,-31,227146700,1.22875
2014-02-24 00:00:00 UTC,500,-37,227146700,1.911111111111111
2014-02-24 00:00:00 UTC,500,-34,227146700,1.0419444444444443
2014-02-24 00:00:00 UTC,500,-30,227146700,1.1759722222222222
2014-02-24 00:00:00 UTC,500,-35,227146700,1.1497222222222221
2014-02-24 00:00:00 UTC,500,-36,227146700,2.0015277777777776
2014-02-24 00:00:00 UTC,500,-32,227146700,0.48638888888888887
2014-02-24 00:00:00 UTC,500,-158,273536210,10.172777777777778
2014-02-24 00:00:00 UTC,500,-157,273536210,7.1930555555555555
2014-02-24 00:00:00 UTC,500,7,227873000,10.554583333333333
2014-02-24 00:00:00 UTC,500,9,227873000,0.29694444444444446
2014-02-24 00:00:00 UTC,500,8,227873000,3.2755555555555551
2014-02-24 00:00:00 UTC,500,6,227873000,4.7383333333333342
2014-02-24 00:00:00 UTC,500,-2,205153000,0.22388888888888889
2014-02-24 00:00:00 UTC,500,-4,205153000,1.3744444444444444
2014-02-24 00:00:00 UTC,500,-3,205153000,3.5220833333333332
2014-02-24 00:00:00 UTC,500,-7,227414000,1.0956944444444443
2014-02-24 00:00:00 UTC,500,-8,227414000,0.54041666666666666
2014-02-24 00:00:00 UTC,500,-6,227414000,0.8223611111111111
2014-02-24 00:00:00 UTC,500,-5,246742000,3.3125
2014-02-24 00:00:00 UTC,500,-3,205259000,5.6386111111111115
2014-02-24 00:00:00 UTC,500,-4,205259000,4.8770833333333332
2014-02-24 00:00:00 UTC,756,396,258099000,3.8806944444444444
2014-02-24 00:00:00 UTC,756,395,258099000,4.7358333333333338
2014-02-24 00:00:00 UTC,756,398,258099000,9.4091666666666658
2014-02-24 00:00:00 UTC,245,1187,412452099,3.4594444444444439
2014-02-24 00:00:00 UTC,245,1188,412452099,0.48347222222222225
2014-02-24 00:00:00 UTC,245,1187,412451077,3.8383333333333338
2014-02-24 00:00:00 UTC,245,1188,412452873,3.7534722222222219
2014-02-24 00:00:00 UTC,245,1189,412400395,0.30694444444444446
2014-02-24 00:00:00 UTC,245,1188,412400395,0.7375
2014-02-24 00:00:00 UTC,245,1187,412432401,8.1684722222222224
2014-02-24 00:00:00 UTC,245,1220,416002067,3.730833333333333
2014-02-24 00:00:00 UTC,245,1221,416002067,4.24375
2014-02-24 00:00:00 UTC,245,1219,416002067,14.481805555555555
2014-02-24 00:00:00 UTC,245,1187,800022037,2.0995833333333334
2014-02-24 00:00:00 UTC,245,1188,800022037,4.6736111111111107
2014-02-24 00:00:00 UTC,245,1187,412452119,3.5884722222222223
2014-02-24 00:00:00 UTC,245,1188,800033819,5.1741666666666672
2014-02-24 00:00:00 UTC,245,1187,412452124,0.21916666666666668
2014-02-24 00:00:00 UTC,245,1187,800021790,9.37125
2014-02-24 00:00:00 UTC,245,1188,800021790,9.7305555555555561
2014-02-24 00:00:00 UTC,245,1188,800000032,0.43472222222222223
2014-02-24 00:00:00 UTC,245,1187,412432416,4.004027777777778
2014-02-24 00:00:00 UTC,245,1188,412432418,0.2261111111111111
2014-02-24 00:00:00 UTC,245,1187,412432418,0.96236111111111122
2014-02-24 00:00:00 UTC,245,1186,900003108,0.748611111111111
2014-02-24 00:00:00 UTC,245,1186,412432167,4.3975
2014-02-24 00:00:00 UTC,245,1187,412432684,0.66555555555555546
2014-02-24 00:00:00 UTC,245,1188,412432684,0.20722222222222222
2014-02-24 00:00:00 UTC,245,1186,412432684,0.38430555555555557
2014-02-24 00:00:00 UTC,245,1186,412432686,0.38013888888888892
2014-02-24 00:00:00 UTC,245,1187,412450353,16.917777777777779
2014-02-24 00:00:00 UTC,245,1187,412450354,18.823611111111109
2014-02-24 00:00:00 UTC,245,1186,412450356,0.21013888888888888
2014-02-24 00:00:00 UTC,245,1187,412450356,15.715277777777777
2014-02-24 00:00:00 UTC,245,1190,412452663,3.4227777777777781
2014-02-24 00:00:00 UTC,245,1189,412452663,1.7795833333333333
2014-02-24 00:00:00 UTC,245,1191,412452663,1.7750000000000001
2014-02-24 00:00:00 UTC,245,1186,412432954,3.402222222222222
2014-02-24 00:00:00 UTC,245,1189,813021242,5.58375
2014-02-24 00:00:00 UTC,245,1188,813021242,1.4744444444444447
2014-02-24 00:00:00 UTC,245,1187,480018236,3.1191666666666666
2014-02-24 00:00:00 UTC,245,1188,480018236,0.41375
2014-02-24 00:00:00 UTC,245,-156,242952000,0.56916666666666671
2014-02-24 00:00:00 UTC,245,1186,412433475,0.2688888888888889
2014-02-24 00:00:00 UTC,245,1187,412433221,4.3225
2014-02-24 00:00:00 UTC,245,1187,412439621,11.673749999999997
2014-02-24 00:00:00 UTC,245,1194,412450885,9.6962500000000009
2014-02-24 00:00:00 UTC,245,1189,412451141,1.95875
2014-02-24 00:00:00 UTC,245,1187,412451141,0.26333333333333331
2014-02-24 00:00:00 UTC,245,1191,412451141,0.49986111111111109
2014-02-24 00:00:00 UTC,245,1190,412451141,1.723611111111111
2014-02-24 00:00:00 UTC,245,1189,412451655,3.0331944444444447
2014-02-24 00:00:00 UTC,245,-155,242045000,4.6275
2014-02-24 00:00:00 UTC,245,1187,412433225,0.20930555555555555
2014-02-24 00:00:00 UTC,245,1185,412450381,2.7995833333333335
2014-02-24 00:00:00 UTC,245,1190,412450648,4.5188888888888892
2014-02-24 00:00:00 UTC,245,1189,412450648,1.8641666666666667
2014-02-24 00:00:00 UTC,245,1190,412451674,4.2922222222222217
2014-02-24 00:00:00 UTC,245,1189,412451674,0.75666666666666671
2014-02-24 00:00:00 UTC,245,1186,412432738,9.8870833333333366
2014-02-24 00:00:00 UTC,245,1187,412432738,1.9161111111111111
2014-02-24 00:00:00 UTC,245,1187,412433506,0.26625
2014-02-24 00:00:00 UTC,245,1187,412450147,2.9658333333333333
2014-02-24 00:00:00 UTC,245,1187,412450408,1.4231944444444444
2014-02-24 00:00:00 UTC,245,1189,412450926,6.2770833333333336
2014-02-24 00:00:00 UTC,245,1186,412448628,0.46277777777777773
2014-02-24 00:00:00 UTC,245,1190,412452724,6.6298611111111114
2014-02-24 00:00:00 UTC,245,1189,412452724,1.4652777777777777
2014-02-24 00:00:00 UTC,245,1191,412452724,1.857361111111111
2014-02-24 00:00:00 UTC,245,1190,800000121,0.98875
2014-02-24 00:00:00 UTC,245,1189,800000121,3.3308333333333331
2014-02-24 00:00:00 UTC,245,1190,412451967,2.9534722222222225
2014-02-24 00:00:00 UTC,245,1189,412451967,2.9458333333333333
2014-02-24 00:00:00 UTC,245,1187,900028800,2.5415277777777776
2014-02-24 00:00:00 UTC,245,1188,900017281,3.2665277777777777
2014-02-24 00:00:00 UTC,245,1189,900017281,0.21652777777777776
2014-02-24 00:00:00 UTC,245,1187,900017281,14.137638888888889
2014-02-24 00:00:00 UTC,245,1187,900028806,2.1427777777777779
2014-02-24 00:00:00 UTC,245,1187,412451462,11.736388888888889
2014-02-24 00:00:00 UTC,245,1184,900028809,4.4365277777777772
2014-02-24 00:00:00 UTC,245,1185,900028809,1.5058333333333334
2014-02-24 00:00:00 UTC,245,1187,412432779,0.78180555555555553
2014-02-24 00:00:00 UTC,245,1186,412432779,2.341388888888889
2014-02-24 00:00:00 UTC,245,1186,412433547,3.1479166666666671
2014-02-24 00:00:00 UTC,245,1187,412433547,0.28597222222222218
2014-02-24 00:00:00 UTC,245,1186,412432781,10.454861111111109
2014-02-24 00:00:00 UTC,245,1188,412432781,0.20625
2014-02-24 00:00:00 UTC,245,1187,412432781,1.3702777777777779
2014-02-24 00:00:00 UTC,245,1189,412451218,0.81875
2014-02-24 00:00:00 UTC,245,1190,412451218,2.347777777777778
2014-02-24 00:00:00 UTC,245,1188,813022612,4.17125
2014-02-24 00:00:00 UTC,245,1189,813022612,3.7519444444444447
2014-02-24 00:00:00 UTC,245,1187,813022612,1.6661111111111113
2014-02-24 00:00:00 UTC,245,1187,412449687,0.53166666666666673
2014-02-24 00:00:00 UTC,245,1184,900029083,1.5781944444444447
2014-02-24 00:00:00 UTC,245,1185,900029083,0.62680555555555562
2014-02-24 00:00:00 UTC,245,1186,412430493,2.5526388888888887
2014-02-24 00:00:00 UTC,245,1186,412449701,0.20319444444444446
2014-02-24 00:00:00 UTC,245,1187,412449701,0.61430555555555555
2014-02-24 00:00:00 UTC,245,1188,412450213,0.41541666666666666
2014-02-24 00:00:00 UTC,245,1186,412448679,0.6348611111111111
2014-02-24 00:00:00 UTC,245,1191,412459948,1.7848611111111112
2014-02-24 00:00:00 UTC,245,1186,412433071,7.9131944444444446
2014-02-24 00:00:00 UTC,245,1187,412433071,2.4201388888888888
2014-02-24 00:00:00 UTC,245,1184,800022961,20.039305555555554
2014-02-24 00:00:00 UTC,245,1185,800022961,4.1380555555555549
2014-02-24 00:00:00 UTC,245,1188,412441778,0.22652777777777777
2014-02-24 00:00:00 UTC,245,1186,413200819,0.32597222222222222
2014-02-24 00:00:00 UTC,245,1186,412432565,0.28222222222222226
2014-02-24 00:00:00 UTC,245,1187,412432565,0.48041666666666671
2014-02-24 00:00:00 UTC,245,1186,412433589,8.9395833333333314
2014-02-24 00:00:00 UTC,245,1187,412433589,1.1455555555555557
2014-02-24 00:00:00 UTC,245,1188,415595962,0.4802777777777778
2014-02-24 00:00:00 UTC,245,1186,412432315,1.8784722222222221
2014-02-24 00:00:00 UTC,245,1222,416211900,7.4259722222222226
2014-02-24 00:00:00 UTC,245,1187,412433341,8.0579166666666673
2014-02-24 00:00:00 UTC,245,1186,412433341,0.87555555555555553
2014-02-24 00:00:00 UTC,245,1186,412432574,2.0909722222222222
2014-02-24 00:00:00 UTC,245,1189,800023487,0.62944444444444447
2014-02-24 00:00:00 UTC,245,1187,800023487,3.3320833333333333
2014-02-24 00:00:00 UTC,245,1188,800023487,3.6951388888888883
2014-02-24 00:00:00 UTC,245,1189,412452802,7.8788888888888886
2014-02-24 00:00:00 UTC,245,1186,412450251,5.1848611111111111
2014-02-24 00:00:00 UTC,245,1187,412450251,14.487916666666669
2014-02-24 00:00:00 UTC,245,1186,412432333,0.33416666666666667
2014-02-24 00:00:00 UTC,245,1187,412451024,2.4598611111111106
2014-02-24 00:00:00 UTC,245,1185,412449489,3.0098611111111113
2014-02-24 00:00:00 UTC,245,1186,412432594,0.59472222222222215
2014-02-24 00:00:00 UTC,245,1187,412432594,8.2459722222222229
2014-02-24 00:00:00 UTC,245,1190,412452562,1.1069444444444445
2014-02-24 00:00:00 UTC,245,1187,412448724,0.99138888888888888
2014-02-24 00:00:00 UTC,245,1187,412433367,1.2133333333333334
2014-02-24 00:00:00 UTC,245,1221,416212700,2.516111111111111
2014-02-24 00:00:00 UTC,245,1188,900026335,2.6990277777777778
2014-02-24 00:00:00 UTC,245,1187,800033253,0.51875
2014-02-24 00:00:00 UTC,245,1188,800033253,20.26875
2014-02-24 00:00:00 UTC,245,1189,412452841,1.9120833333333334
2014-02-24 00:00:00 UTC,245,1190,412452841,1.0898611111111109
2014-02-24 00:00:00 UTC,245,1188,800030956,2.8198611111111114
2014-02-24 00:00:00 UTC,245,1187,800030956,3.5956944444444447
2014-02-24 00:00:00 UTC,245,1187,412450288,20.726805555555554
2014-02-24 00:00:00 UTC,245,1221,416001528,8.9809722222222241
2014-02-24 00:00:00 UTC,245,1222,416001528,3.3045833333333334
2014-02-24 00:00:00 UTC,245,1187,412432635,0.29500000000000004
2014-02-24 00:00:00 UTC,245,1186,412432635,0.34958333333333336
2014-02-24 00:00:00 UTC,501,-51,235063301,1.5488888888888888
2014-02-24 00:00:00 UTC,501,-50,235063301,2.0947222222222219
2014-02-24 00:00:00 UTC,501,4,244938000,3.3461111111111115
2014-02-24 00:00:00 UTC,501,2,227120400,11.890138888888892
2014-02-24 00:00:00 UTC,501,1,227120400,1.2248611111111112
2014-02-24 00:00:00 UTC,501,3,227120400,1.6129166666666666
2014-02-24 00:00:00 UTC,501,-42,235012902,4.072222222222222
2014-02-24 00:00:00 UTC,501,-41,235012902,0.59069444444444441
2014-02-24 00:00:00 UTC,501,-45,235012902,2.835
2014-02-24 00:00:00 UTC,501,-43,235012902,1.4449999999999998
2014-02-24 00:00:00 UTC,501,-10,227337000,3.1876388888888885
2014-02-24 00:00:00 UTC,501,-12,227337000,1.1048611111111111
2014-02-24 00:00:00 UTC,501,-11,227337000,4.7584722222222222
2014-02-24 00:00:00 UTC,501,-9,227337000,0.24708333333333332
2014-02-24 00:00:00 UTC,501,-2,205321000,1.5915277777777779
2014-02-24 00:00:00 UTC,501,8,228198700,11.735
2014-02-24 00:00:00 UTC,501,9,228198700,1.0875
2014-02-24 00:00:00 UTC,501,7,228198700,0.24861111111111112
2014-02-24 00:00:00 UTC,501,6,227108400,0.49861111111111112
2014-02-24 00:00:00 UTC,501,5,227108400,1.0733333333333333
2014-02-24 00:00:00 UTC,501,-3,227106100,1.1805555555555556
2014-02-24 00:00:00 UTC,501,-2,227106100,0.66263888888888889
2014-02-24 00:00:00 UTC,501,-41,235004476,1.7349999999999999
2014-02-24 00:00:00 UTC,501,-42,235004476,1.2172222222222222
2014-02-24 00:00:00 UTC,501,6,227137600,0.47319444444444447
2014-02-24 00:00:00 UTC,501,-83,227336000,1.337361111111111
2014-02-24 00:00:00 UTC,501,-82,227336000,6.5751388888888886
2014-02-24 00:00:00 UTC,501,1565,273332830,1.5669444444444445
2014-02-24 00:00:00 UTC,501,1564,273332830,3.1879166666666667
2014-02-24 00:00:00 UTC,501,9,227324000,1.6304166666666671
2014-02-24 00:00:00 UTC,501,8,227324000,1.8993055555555556
2014-02-24 00:00:00 UTC,501,-2,205169000,3.3168055555555553
2014-02-24 00:00:00 UTC,501,-3,205169000,7.6930555555555546
2014-02-24 00:00:00 UTC,501,1,228227700,3.1902777777777778
2014-02-24 00:00:00 UTC,501,1,228107900,1.8283333333333331
2014-02-24 00:00:00 UTC,501,2,228107900,21.703888888888894
2014-02-24 00:00:00 UTC,501,-36,235007100,5.0454166666666662
2014-02-24 00:00:00 UTC,501,8,227106700,1.76125
2014-02-24 00:00:00 UTC,501,10,227106700,0.6134722222222222
2014-02-24 00:00:00 UTC,501,9,227106700,0.8520833333333333
2014-02-24 00:00:00 UTC,501,-21,226202000,10.494166666666663
2014-02-24 00:00:00 UTC,501,-22,226202000,9.11763888888889
2014-02-24 00:00:00 UTC,501,-23,226202000,1.2694444444444444
2014-02-24 00:00:00 UTC,501,-20,226202000,1.0093055555555555
2014-02-24 00:00:00 UTC,501,-33,228215700,0.70583333333333331
2014-02-24 00:00:00 UTC,501,-32,228215700,0.96013888888888888
2014-02-24 00:00:00 UTC,501,1,235051671,0.96069444444444441
2014-02-24 00:00:00 UTC,501,-158,273534110,8.5268055555555549
2014-02-24 00:00:00 UTC,501,-112,224793000,9.5213888888888878
2014-02-24 00:00:00 UTC,501,-43,235002029,1.0481944444444444
2014-02-24 00:00:00 UTC,501,-42,235002029,1.7580555555555557
2014-02-24 00:00:00 UTC,501,-44,235002029,2.0625
2014-02-24 00:00:00 UTC,501,11,227102900,0.25291666666666668
2014-02-24 00:00:00 UTC,501,10,227102900,0.25416666666666665
2014-02-24 00:00:00 UTC,501,-33,228222900,0.93958333333333333
2014-02-24 00:00:00 UTC,501,-32,228222900,0.91666666666666663
2014-02-24 00:00:00 UTC,501,-39,235095223,3.6541666666666659
2014-02-24 00:00:00 UTC,501,-38,235095223,5.0394444444444453
2014-02-24 00:00:00 UTC,501,-47,226179000,2.7001388888888891
2014-02-24 00:00:00 UTC,501,-48,226179000,1.7920833333333333
2014-02-24 00:00:00 UTC,501,-2,205155000,10.530000000000001
2014-02-24 00:00:00 UTC,501,2,227104700,0.11791666666666667
2014-02-24 00:00:00 UTC,501,3,227104700,1.2333333333333334
2014-02-24 00:00:00 UTC,501,1,205240000,0.45527777777777778
2014-02-24 00:00:00 UTC,501,-2,205325000,12.55402777777778
2014-02-24 00:00:00 UTC,501,-1,205325000,0.29569444444444448
2014-02-24 00:00:00 UTC,501,-3,205325000,5.6995833333333339
2014-02-24 00:00:00 UTC,501,-157,273529800,11.732083333333334
2014-02-24 00:00:00 UTC,501,-22,235001800,0.29152777777777777
2014-02-24 00:00:00 UTC,501,-27,227146700,1.7544444444444445
2014-02-24 00:00:00 UTC,501,-26,227146700,1.328888888888889
2014-02-24 00:00:00 UTC,501,-28,227146700,0.21444444444444444
2014-02-24 00:00:00 UTC,501,-25,227146700,0.42652777777777773
2014-02-24 00:00:00 UTC,501,-34,227146700,2.4870833333333335
2014-02-24 00:00:00 UTC,501,-35,227146700,2.3838888888888885
2014-02-24 00:00:00 UTC,501,-33,227146700,1.1334722222222222
2014-02-24 00:00:00 UTC,501,-36,227146700,0.92041666666666666
2014-02-24 00:00:00 UTC,501,-159,273532110,10.17
2014-02-24 00:00:00 UTC,501,-161,273532110,11.768333333333334
2014-02-24 00:00:00 UTC,501,-160,273532110,8.6469444444444434
2014-02-24 00:00:00 UTC,501,-9,227938000,0.58041666666666658
2014-02-24 00:00:00 UTC,501,-11,227938000,4.40513888888889
2014-02-24 00:00:00 UTC,501,-10,227938000,2.6094444444444442
2014-02-24 00:00:00 UTC,501,-14,227938000,1.2679166666666666
2014-02-24 00:00:00 UTC,501,-12,227938000,2.4491666666666667
2014-02-24 00:00:00 UTC,501,-13,227938000,0.84944444444444445
2014-02-24 00:00:00 UTC,501,-44,235003089,3.4313888888888893
2014-02-24 00:00:00 UTC,501,-42,235003089,2.1923611111111114
2014-02-24 00:00:00 UTC,501,-43,235003089,3.1102777777777773
2014-02-24 00:00:00 UTC,501,-45,235003089,1.7370833333333331
2014-02-24 00:00:00 UTC,501,-2,205153000,5.1666666666666661
2014-02-24 00:00:00 UTC,501,-3,205153000,0.61680555555555561
2014-02-24 00:00:00 UTC,501,-1,235004140,7.4390277777777776
2014-02-24 00:00:00 UTC,501,9,227138800,1.7302777777777778
2014-02-24 00:00:00 UTC,501,7,227138800,3.6022222222222222
2014-02-24 00:00:00 UTC,501,10,227138800,1.8109722222222222
2014-02-24 00:00:00 UTC,501,8,227138800,2.7969444444444442
2014-02-24 00:00:00 UTC,501,6,227138800,0.80944444444444441
2014-02-24 00:00:00 UTC,501,-4,246742000,3.9401388888888889
2014-02-24 00:00:00 UTC,501,-5,246742000,6.3437500000000009
2014-02-24 00:00:00 UTC,501,-6,246742000,0.56527777777777777
2014-02-24 00:00:00 UTC,501,-26,235068406,0.41444444444444439
2014-02-24 00:00:00 UTC,501,-29,235068406,7.4608333333333334
2014-02-24 00:00:00 UTC,501,-27,235068406,10.522499999999999
2014-02-24 00:00:00 UTC,501,-28,235068406,4.3559722222222232
2014-02-24 00:00:00 UTC,501,-30,235068406,0.48861111111111111
2014-02-24 00:00:00 UTC,501,-3,205259000,2.2263888888888888
2014-02-24 00:00:00 UTC,501,-2,205259000,5.1106944444444453
2014-02-24 00:00:00 UTC,757,396,258099000,3.104166666666667
2014-02-24 00:00:00 UTC,-267,139,659294000,4.9223611111111119
2014-02-24 00:00:00 UTC,-11,1761,440946000,0.87222222222222223
2014-02-24 00:00:00 UTC,246,1186,412410625,6.07
2014-02-24 00:00:00 UTC,246,1190,412449538,3.6762500000000005
2014-02-24 00:00:00 UTC,246,1189,412452099,1.2291666666666667
2014-02-24 00:00:00 UTC,246,1188,412452099,5.88138888888889
2014-02-24 00:00:00 UTC,246,1188,412432391,0.73722222222222222
2014-02-24 00:00:00 UTC,246,1188,412432401,0.40819444444444442
2014-02-24 00:00:00 UTC,246,1188,412432402,0.31291666666666662
2014-02-24 00:00:00 UTC,246,1188,800022037,4.4633333333333329
2014-02-24 00:00:00 UTC,246,1187,800022037,0.58986111111111117
2014-02-24 00:00:00 UTC,246,1188,412452119,6.6845833333333324
2014-02-24 00:00:00 UTC,246,1189,412452119,0.98944444444444446
2014-02-24 00:00:00 UTC,246,1187,413016600,3.1854166666666672
2014-02-24 00:00:00 UTC,246,1200,412452632,0.74263888888888885
2014-02-24 00:00:00 UTC,246,1201,412452632,0.38847222222222222
2014-02-24 00:00:00 UTC,246,1189,412452124,1.1688888888888891
2014-02-24 00:00:00 UTC,246,1188,412452124,11.300833333333333
2014-02-24 00:00:00 UTC,246,1190,412432159,5.4448611111111109
2014-02-24 00:00:00 UTC,246,1188,412432418,0.43402777777777779
2014-02-24 00:00:00 UTC,246,1188,900029485,4.7130555555555551
2014-02-24 00:00:00 UTC,246,1189,900029485,0.64180555555555552
2014-02-24 00:00:00 UTC,246,1188,412432433,0.24472222222222223
2014-02-24 00:00:00 UTC,246,1188,412432695,0.44263888888888892
2014-02-24 00:00:00 UTC,246,1189,412433207,1.1118055555555555
2014-02-24 00:00:00 UTC,246,1190,412452663,0.79458333333333342
2014-02-24 00:00:00 UTC,246,1190,813021242,6.3343055555555559
2014-02-24 00:00:00 UTC,246,1189,480018236,0.98249999999999993
2014-02-24 00:00:00 UTC,246,1188,480018236,7.4951388888888886
2014-02-24 00:00:00 UTC,246,1187,480018236,0.26013888888888892
2014-02-24 00:00:00 UTC,246,-155,242952000,1.7075
2014-02-24 00:00:00 UTC,246,-156,242952000,0.47097222222222224
2014-02-24 00:00:00 UTC,246,1188,412433221,1.447222222222222
2014-02-24 00:00:00 UTC,246,1187,412433221,4.6491666666666669
2014-02-24 00:00:00 UTC,246,1192,412451141,1.1043055555555554
2014-02-24 00:00:00 UTC,246,1191,412451141,0.800138888888889
2014-02-24 00:00:00 UTC,246,1190,800000070,3.3033333333333332
2014-02-24 00:00:00 UTC,246,1189,800000070,2.895
2014-02-24 00:00:00 UTC,246,1191,412451655,15.928194444444443
2014-02-24 00:00:00 UTC,246,1188,412433225,0.66805555555555551
2014-02-24 00:00:00 UTC,246,1189,412435529,1.3220833333333331
2014-02-24 00:00:00 UTC,246,1190,412435529,0.32125000000000004
2014-02-24 00:00:00 UTC,246,1190,412450648,5.7148611111111114
2014-02-24 00:00:00 UTC,246,1191,412451674,0.51680555555555552
2014-02-24 00:00:00 UTC,246,1192,412451674,0.72847222222222219
2014-02-24 00:00:00 UTC,246,1189,412451674,0.62083333333333335
2014-02-24 00:00:00 UTC,246,1189,800022878,1.0152777777777777
2014-02-24 00:00:00 UTC,246,1190,800022878,11.783055555555558
2014-02-24 00:00:00 UTC,246,1188,800022878,0.25680555555555551
2014-02-24 00:00:00 UTC,246,1188,412433506,0.23486111111111113
2014-02-24 00:00:00 UTC,246,1189,800000099,0.868888888888889
2014-02-24 00:00:00 UTC,246,1188,800000099,2.878333333333333
2014-02-24 00:00:00 UTC,246,1188,412433257,2.6573611111111108
2014-02-24 00:00:00 UTC,246,1189,412433257,6.39986111111111
2014-02-24 00:00:00 UTC,246,1201,412451694,8.8094444444444449
2014-02-24 00:00:00 UTC,246,1189,412433012,11.017222222222221
2014-02-24 00:00:00 UTC,246,1188,412433012,0.31305555555555559
2014-02-24 00:00:00 UTC,246,1190,412449908,1.1968055555555557
2014-02-24 00:00:00 UTC,246,1190,412452724,0.28861111111111115
2014-02-24 00:00:00 UTC,246,1191,412452724,2.1183333333333332
2014-02-24 00:00:00 UTC,246,1192,412452724,2.3626388888888887
2014-02-24 00:00:00 UTC,246,1189,412410486,2.0406944444444446
2014-02-24 00:00:00 UTC,246,1188,412410486,8.8751388888888876
2014-02-24 00:00:00 UTC,246,1190,800000121,1.6288888888888891
2014-02-24 00:00:00 UTC,246,1190,412432506,6.0222222222222221
2014-02-24 00:00:00 UTC,246,1190,412451967,0.93861111111111106
2014-02-24 00:00:00 UTC,246,1188,900028800,0.32972222222222225
2014-02-24 00:00:00 UTC,246,1187,900028800,0.22902777777777777
2014-02-24 00:00:00 UTC,246,1188,412452224,0.84527777777777791
2014-02-24 00:00:00 UTC,246,1189,412452224,1.5722222222222224
2014-02-24 00:00:00 UTC,246,1188,900017281,0.45680555555555552
2014-02-24 00:00:00 UTC,246,1190,900017281,1.5683333333333334
2014-02-24 00:00:00 UTC,246,1189,900017281,3.4193055555555558
2014-02-24 00:00:00 UTC,246,1192,415595393,0.64625
2014-02-24 00:00:00 UTC,246,1191,415595393,2.913472222222222
2014-02-24 00:00:00 UTC,246,1187,220000389,0.54180555555555554
2014-02-24 00:00:00 UTC,246,1187,900028806,1.0065277777777779
2014-02-24 00:00:00 UTC,246,1187,412451462,0.33208333333333334
2014-02-24 00:00:00 UTC,246,1188,412432781,0.22194444444444444
2014-02-24 00:00:00 UTC,246,1189,412451218,0.69166666666666665
2014-02-24 00:00:00 UTC,246,1191,412451218,5.4538888888888888
2014-02-24 00:00:00 UTC,246,1188,412451218,0.91166666666666663
2014-02-24 00:00:00 UTC,246,1190,813022612,2.77375
2014-02-24 00:00:00 UTC,246,1189,813022612,1.6559722222222224
2014-02-24 00:00:00 UTC,246,1188,813022612,1.0452777777777778
2014-02-24 00:00:00 UTC,246,1187,412433304,0.43472222222222223
2014-02-24 00:00:00 UTC,246,1187,412450213,10.255694444444446
2014-02-24 00:00:00 UTC,246,1188,412450213,1.215138888888889
2014-02-24 00:00:00 UTC,246,1189,412459948,1.0490277777777779
2014-02-24 00:00:00 UTC,246,1192,412459948,1.5936111111111111
2014-02-24 00:00:00 UTC,246,1188,412459948,0.77444444444444449
2014-02-24 00:00:00 UTC,246,1188,412433071,1.0152777777777777
2014-02-24 00:00:00 UTC,246,1184,800022961,0.12041666666666667
2014-02-24 00:00:00 UTC,246,1188,412441778,7.5781944444444447
2014-02-24 00:00:00 UTC,246,1189,415595962,6.9013888888888895
2014-02-24 00:00:00 UTC,246,1188,800023487,4.215416666666667
2014-02-24 00:00:00 UTC,246,1189,800023487,0.68222222222222229
2014-02-24 00:00:00 UTC,246,1193,412444863,0.70513888888888887
2014-02-24 00:00:00 UTC,246,1190,800030661,2.2715277777777776
2014-02-24 00:00:00 UTC,246,1190,412449479,0.45013888888888887
2014-02-24 00:00:00 UTC,246,1189,412432331,0.42569444444444443
2014-02-24 00:00:00 UTC,246,1187,412432333,0.2638888888888889
2014-02-24 00:00:00 UTC,246,1188,412451024,0.21194444444444444
2014-02-24 00:00:00 UTC,246,1188,412432594,0.52652777777777782
2014-02-24 00:00:00 UTC,246,1191,412452562,0.54180555555555554
2014-02-24 00:00:00 UTC,246,1190,412452562,0.95208333333333328
2014-02-24 00:00:00 UTC,246,1188,412433364,1.2588888888888887
2014-02-24 00:00:00 UTC,246,1187,412433364,0.7236111111111112
2014-02-24 00:00:00 UTC,246,1188,412433367,0.63541666666666674
2014-02-24 00:00:00 UTC,246,1191,412459992,0.52694444444444444
2014-02-24 00:00:00 UTC,246,1189,412432859,0.46194444444444444
2014-02-24 00:00:00 UTC,246,1190,412452326,1.0856944444444443
2014-02-24 00:00:00 UTC,246,1188,800030956,0.97652777777777766
2014-02-24 00:00:00 UTC,246,1189,800030956,8.2897222222222222
2014-02-24 00:00:00 UTC,246,1222,416001528,2.5581944444444442
2014-02-24 00:00:00 UTC,246,1223,416001528,3.1330555555555555
2014-02-24 00:00:00 UTC,246,1189,412451578,0.52666666666666662
2014-02-24 00:00:00 UTC,246,1191,412451578,2.4509722222222221
2014-02-24 00:00:00 UTC,246,1190,412451578,1.4788888888888887
2014-02-24 00:00:00 UTC,246,1187,412432635,0.20833333333333334
2014-02-24 00:00:00 UTC,246,1190,412450301,3.5359722222222221
2014-02-24 00:00:00 UTC,246,1190,412451325,6.0366666666666662
2014-02-24 00:00:00 UTC,246,1191,412451325,6.3258333333333336
2014-02-24 00:00:00 UTC,246,1189,412432382,0.83208333333333329
2014-02-24 00:00:00 UTC,502,1,244938000,5.7086111111111109
2014-02-24 00:00:00 UTC,502,3,244938000,7.6443055555555564
2014-02-24 00:00:00 UTC,502,2,244938000,5.9401388888888889
2014-02-24 00:00:00 UTC,502,5,244810000,0.6151388888888889
2014-02-24 00:00:00 UTC,502,3,235003170,1.0370833333333334
2014-02-24 00:00:00 UTC,502,4,235003170,6.1923611111111123
2014-02-24 00:00:00 UTC,502,-2,205321000,1.8836111111111111
2014-02-24 00:00:00 UTC,502,-60,205246000,2.2898611111111107
2014-02-24 00:00:00 UTC,502,-62,205246000,2.0611111111111109
2014-02-24 00:00:00 UTC,502,11,228238900,1.3018055555555557
2014-02-24 00:00:00 UTC,502,11,228240700,1.8180555555555558
2014-02-24 00:00:00 UTC,502,3,245928000,2.6758333333333333
2014-02-24 00:00:00 UTC,502,2,245928000,0.45555555555555555
2014-02-24 00:00:00 UTC,502,-82,227336000,11.363333333333333
2014-02-24 00:00:00 UTC,502,-60,232005700,1.4881944444444446
2014-02-24 00:00:00 UTC,502,2,246749000,1.8140277777777778
2014-02-24 00:00:00 UTC,502,1,246749000,1.9212500000000001
2014-02-24 00:00:00 UTC,502,3,246557000,6.7055555555555557
2014-02-24 00:00:00 UTC,502,-107,218066000,12.228888888888889
2014-02-24 00:00:00 UTC,502,9,245234000,3.0300000000000002
2014-02-24 00:00:00 UTC,502,8,245234000,0.52694444444444444
2014-02-24 00:00:00 UTC,502,2,235068506,0.53263888888888888
2014-02-24 00:00:00 UTC,502,3,235068506,1.5908333333333333
2014-02-24 00:00:00 UTC,502,7,228228700,23.929861111111116
2014-02-24 00:00:00 UTC,502,1563,273332830,2.9597222222222221
2014-02-24 00:00:00 UTC,502,1562,273332830,10.19361111111111
2014-02-24 00:00:00 UTC,502,9,227324000,1.5495833333333333
2014-02-24 00:00:00 UTC,502,4,227324000,0.50263888888888886
2014-02-24 00:00:00 UTC,502,5,227324000,1.6997222222222224
2014-02-24 00:00:00 UTC,502,6,227324000,1.3616666666666668
2014-02-24 00:00:00 UTC,502,11,227324000,0.93305555555555553
2014-02-24 00:00:00 UTC,502,10,227324000,1.1477777777777776
2014-02-24 00:00:00 UTC,502,1,228227700,0.75694444444444442
2014-02-24 00:00:00 UTC,502,-35,235007100,1.2486111111111113
2014-02-24 00:00:00 UTC,502,-36,235007100,1.7780555555555555
2014-02-24 00:00:00 UTC,502,6,227106700,1.2136111111111112
2014-02-24 00:00:00 UTC,502,5,227106700,1.4695833333333335
2014-02-24 00:00:00 UTC,502,9,227106700,0.3001388888888889
2014-02-24 00:00:00 UTC,502,10,227106700,1.5747222222222221
2014-02-24 00:00:00 UTC,502,11,227106700,1.7001388888888889
2014-02-24 00:00:00 UTC,502,4,227106700,0.2459722222222222
2014-02-24 00:00:00 UTC,502,-31,228215700,1.1466666666666665
2014-02-24 00:00:00 UTC,502,-32,228215700,1.2504166666666667
2014-02-24 00:00:00 UTC,502,2,235051671,1.6813888888888888
2014-02-24 00:00:00 UTC,502,3,235051671,0.5115277777777778
2014-02-24 00:00:00 UTC,502,11,227144600,0.50555555555555554
2014-02-24 00:00:00 UTC,502,2,245316000,0.61375
2014-02-24 00:00:00 UTC,502,1,246233000,3.5483333333333329
2014-02-24 00:00:00 UTC,502,0,246233000,0.72472222222222216
2014-02-24 00:00:00 UTC,502,-1,205198000,17.404583333333335
2014-02-24 00:00:00 UTC,502,0,205198000,1.0627777777777778
2014-02-24 00:00:00 UTC,502,-2,205198000,0.43430555555555556
2014-02-24 00:00:00 UTC,502,-31,228222900,1.1080555555555556
2014-02-24 00:00:00 UTC,502,-32,228222900,1.1986111111111111
2014-02-24 00:00:00 UTC,502,-1,205155000,6.3727777777777792
2014-02-24 00:00:00 UTC,502,-2,205155000,2.9591666666666665
2014-02-24 00:00:00 UTC,502,0,205155000,1.9720833333333332
2014-02-24 00:00:00 UTC,502,4,227104700,1.9631944444444442
2014-02-24 00:00:00 UTC,502,-2,205325000,2.2798611111111113
2014-02-24 00:00:00 UTC,502,4,245325000,0.74097222222222225
2014-02-24 00:00:00 UTC,502,2,245325000,2.3848611111111109
2014-02-24 00:00:00 UTC,502,1,245325000,0.71833333333333327
2014-02-24 00:00:00 UTC,502,3,245325000,0.56875000000000009
2014-02-24 00:00:00 UTC,502,-33,227146700,1.1581944444444443
2014-02-24 00:00:00 UTC,502,-42,235003089,0.42902777777777779
2014-02-24 00:00:00 UTC,502,4,235074776,0.85166666666666668
2014-02-24 00:00:00 UTC,502,3,235074776,0.25
2014-02-24 00:00:00 UTC,502,5,235074776,0.53347222222222224
2014-02-24 00:00:00 UTC,502,0,205153000,2.4391666666666669
2014-02-24 00:00:00 UTC,502,-2,205153000,2.9519444444444449
2014-02-24 00:00:00 UTC,502,-1,205153000,0.21666666666666667
2014-02-24 00:00:00 UTC,502,-1,235004140,16.070833333333336
2014-02-24 00:00:00 UTC,502,11,227138800,2.8075
2014-02-24 00:00:00 UTC,502,12,227138800,0.62875
2014-02-24 00:00:00 UTC,502,-3,246742000,0.94847222222222216
2014-02-24 00:00:00 UTC,502,-2,246742000,2.7688888888888892
2014-02-24 00:00:00 UTC,502,-4,246742000,0.21916666666666668
2014-02-24 00:00:00 UTC,502,5,226230000,0.4851388888888889
2014-02-24 00:00:00 UTC,502,4,226230000,0.94111111111111112
2014-02-24 00:00:00 UTC,502,-29,235068406,0.69472222222222224
2014-02-24 00:00:00 UTC,502,-2,205259000,4.2879166666666659
2014-02-24 00:00:00 UTC,-266,138,659294000,3.0955555555555558
2014-02-24 00:00:00 UTC,-266,140,659294000,4.8915277777777781
2014-02-24 00:00:00 UTC,-10,1753,440946000,2.004027777777778
2014-02-24 00:00:00 UTC,-10,1763,440946000,1.7777777777777777
2014-02-24 00:00:00 UTC,247,1190,412449538,12.569583333333334
2014-02-24 00:00:00 UTC,247,1191,412449538,0.80972222222222223
2014-02-24 00:00:00 UTC,247,1189,412452099,1.0984722222222223
2014-02-24 00:00:00 UTC,247,1190,412433163,8.5265277777777779
2014-02-24 00:00:00 UTC,247,1189,412433163,11.348333333333338
2014-02-24 00:00:00 UTC,247,1191,412433163,0.60013888888888889
2014-02-24 00:00:00 UTC,247,1191,412451351,0.54513888888888884
2014-02-24 00:00:00 UTC,247,1192,412451351,1.7583333333333333
2014-02-24 00:00:00 UTC,247,1189,412452119,1.2468055555555557
2014-02-24 00:00:00 UTC,247,1187,413016600,0.40388888888888885
2014-02-24 00:00:00 UTC,247,1189,412433176,11.774166666666666
2014-02-24 00:00:00 UTC,247,1201,412452632,1.7683333333333335
2014-02-24 00:00:00 UTC,247,1189,412452124,0.69722222222222219
2014-02-24 00:00:00 UTC,247,1190,412432159,16.957916666666673
2014-02-24 00:00:00 UTC,247,1190,412449059,20.380416666666662
2014-02-24 00:00:00 UTC,247,1191,412449059,0.96111111111111125
2014-02-24 00:00:00 UTC,247,1189,412451364,5.40875
2014-02-24 00:00:00 UTC,247,1189,412432681,18.603333333333328
2014-02-24 00:00:00 UTC,247,1190,412432681,0.97402777777777771
2014-02-24 00:00:00 UTC,247,1190,412449065,18.417777777777779
2014-02-24 00:00:00 UTC,247,1191,412449065,5.2136111111111108
2014-02-24 00:00:00 UTC,247,1189,900029485,2.4120833333333334
2014-02-24 00:00:00 UTC,247,1190,900029485,9.3030555555555559
2014-02-24 00:00:00 UTC,247,1191,412449071,2.1523611111111109
2014-02-24 00:00:00 UTC,247,1198,412441392,0.9129166666666666
2014-02-24 00:00:00 UTC,247,1223,416002357,1.4352777777777779
2014-02-24 00:00:00 UTC,247,1189,412433207,20.799583333333331
2014-02-24 00:00:00 UTC,247,1190,412433207,0.16375
2014-02-24 00:00:00 UTC,247,1191,412433209,0.27333333333333332
2014-02-24 00:00:00 UTC,247,1189,412433209,10.909305555555557
2014-02-24 00:00:00 UTC,247,1190,412433209,8.73861111111111
2014-02-24 00:00:00 UTC,247,1190,813021242,0.28347222222222224
2014-02-24 00:00:00 UTC,247,1191,813021242,0.675138888888889
2014-02-24 00:00:00 UTC,247,1190,412433467,1.994861111111111
2014-02-24 00:00:00 UTC,247,1191,412002363,0.40319444444444441
2014-02-24 00:00:00 UTC,247,1190,412002363,3.0029166666666667
2014-02-24 00:00:00 UTC,247,1189,480018236,0.65680555555555564
2014-02-24 00:00:00 UTC,247,1188,480018236,0.25888888888888889
2014-02-24 00:00:00 UTC,247,1190,412449085,12.583194444444445
2014-02-24 00:00:00 UTC,247,1191,412449085,7.8808333333333334
2014-02-24 00:00:00 UTC,247,1190,412449088,10.862083333333333
2014-02-24 00:00:00 UTC,247,1191,412449088,10.862916666666665
2014-02-24 00:00:00 UTC,247,1191,412449089,23.319999999999997
2014-02-24 00:00:00 UTC,247,1190,412449089,1.8236111111111111
2014-02-24 00:00:00 UTC,247,1190,412449093,19.642083333333328
2014-02-24 00:00:00 UTC,247,1191,412449093,4.5101388888888891
2014-02-24 00:00:00 UTC,247,1189,900004421,20.835
2014-02-24 00:00:00 UTC,247,1192,412451655,1.1294444444444445
2014-02-24 00:00:00 UTC,247,1189,412435529,22.191111111111116
2014-02-24 00:00:00 UTC,247,1199,412441431,13.225277777777778
2014-02-24 00:00:00 UTC,247,1192,412451674,8.70736111111111
2014-02-24 00:00:00 UTC,247,1190,412450914,9.1568055555555556
2014-02-24 00:00:00 UTC,247,1188,800000099,0.22819444444444445
2014-02-24 00:00:00 UTC,247,1189,800000099,7.9516666666666662
2014-02-24 00:00:00 UTC,247,1191,412449125,23.65263888888888
2014-02-24 00:00:00 UTC,247,1190,412449125,0.27486111111111111
2014-02-24 00:00:00 UTC,247,1190,412000873,0.50083333333333335
2014-02-24 00:00:00 UTC,247,1191,412000873,22.487638888888892
2014-02-24 00:00:00 UTC,247,1188,412451443,0.7662500000000001
2014-02-24 00:00:00 UTC,247,1189,412433524,20.275694444444436
2014-02-24 00:00:00 UTC,247,1190,412449908,12.976527777777779
2014-02-24 00:00:00 UTC,247,1192,412452724,1.0605555555555557
2014-02-24 00:00:00 UTC,247,1189,412410486,0.11291666666666667
2014-02-24 00:00:00 UTC,247,1191,800000120,0.49152777777777779
2014-02-24 00:00:00 UTC,247,1189,800000121,0.25611111111111112
2014-02-24 00:00:00 UTC,247,1189,412432506,6.2804166666666648
2014-02-24 00:00:00 UTC,247,1190,412432506,3.7950000000000004
2014-02-24 00:00:00 UTC,247,1198,412441726,0.15861111111111112
2014-02-24 00:00:00 UTC,247,1197,412441726,12.138333333333332
2014-02-24 00:00:00 UTC,247,1188,800000127,0.47375
2014-02-24 00:00:00 UTC,247,1223,416000639,1.25
2014-02-24 00:00:00 UTC,247,1222,416000639,0.69041666666666668
2014-02-24 00:00:00 UTC,247,1189,800031104,0.25736111111111115
2014-02-24 00:00:00 UTC,247,1193,415595393,7.8794444444444443
2014-02-24 00:00:00 UTC,247,1192,415595393,1.8641666666666667
2014-02-24 00:00:00 UTC,247,1191,412450691,0.80555555555555558
2014-02-24 00:00:00 UTC,247,1192,412450691,1.4819444444444445
2014-02-24 00:00:00 UTC,247,1191,412450696,0.64833333333333332
2014-02-24 00:00:00 UTC,247,1192,412450696,1.8606944444444444
2014-02-24 00:00:00 UTC,247,1189,800000142,4.8029166666666665
2014-02-24 00:00:00 UTC,247,1190,412665999,1.1409722222222223
2014-02-24 00:00:00 UTC,247,1191,412451218,3.1788888888888889
2014-02-24 00:00:00 UTC,247,1190,412433556,22.14875
2014-02-24 00:00:00 UTC,247,1191,412450971,13.124027777777778
2014-02-24 00:00:00 UTC,247,1190,412450971,0.89819444444444452
2014-02-24 00:00:00 UTC,247,1191,412002208,9.9009722222222223
2014-02-24 00:00:00 UTC,247,1190,412002208,13.277222222222221
2014-02-24 00:00:00 UTC,247,1190,412432545,3.7154166666666657
2014-02-24 00:00:00 UTC,247,1189,412432545,17.522083333333335
2014-02-24 00:00:00 UTC,247,1192,412452769,1.7541666666666669
2014-02-24 00:00:00 UTC,247,1191,412452769,1.350138888888889
2014-02-24 00:00:00 UTC,247,1191,412433571,0.64277777777777778
2014-02-24 00:00:00 UTC,247,1189,412433571,11.026249999999997
2014-02-24 00:00:00 UTC,247,1190,412433571,9.7808333333333319
2014-02-24 00:00:00 UTC,247,1191,412457636,2.2902777777777779
2014-02-24 00:00:00 UTC,247,1192,412457636,4.0448611111111115
2014-02-24 00:00:00 UTC,247,1190,412450983,0.15388888888888888
2014-02-24 00:00:00 UTC,247,1191,412450983,0.80791666666666673
2014-02-24 00:00:00 UTC,247,1193,412459948,4.4668055555555561
2014-02-24 00:00:00 UTC,247,1188,412459948,0.10444444444444445
2014-02-24 00:00:00 UTC,247,1190,412459948,1.9147222222222222
2014-02-24 00:00:00 UTC,247,1191,412459948,1.8088888888888888
2014-02-24 00:00:00 UTC,247,1189,412459948,0.82777777777777783
2014-02-24 00:00:00 UTC,247,1192,412459948,6.0811111111111105
2014-02-24 00:00:00 UTC,247,1190,412449464,14.34
2014-02-24 00:00:00 UTC,247,1191,412449464,7.6555555555555541
2014-02-24 00:00:00 UTC,247,1190,800030661,2.16125
2014-02-24 00:00:00 UTC,247,1191,800030661,2.3191666666666664
2014-02-24 00:00:00 UTC,247,1190,412449479,1.9375
2014-02-24 00:00:00 UTC,247,1191,412449479,1.0304166666666665
2014-02-24 00:00:00 UTC,247,1192,412452553,0.34166666666666667
2014-02-24 00:00:00 UTC,247,1190,412432074,22.253472222222229
2014-02-24 00:00:00 UTC,247,1189,412432331,22.708750000000009
2014-02-24 00:00:00 UTC,247,1189,412432336,23.646527777777788
2014-02-24 00:00:00 UTC,247,1191,412459992,0.87194444444444452
2014-02-24 00:00:00 UTC,247,1190,412080856,17.88194444444445
2014-02-24 00:00:00 UTC,247,1191,412080856,6.1451388888888889
2014-02-24 00:00:00 UTC,247,1189,412432858,22.780833333333337
2014-02-24 00:00:00 UTC,247,1189,412432859,22.564583333333339
2014-02-24 00:00:00 UTC,247,1222,416004581,2.34625
2014-02-24 00:00:00 UTC,247,1191,412449511,17.275694444444444
2014-02-24 00:00:00 UTC,247,1190,412449511,4.6438888888888892
2014-02-24 00:00:00 UTC,247,1189,800030956,0.665138888888889
2014-02-24 00:00:00 UTC,247,1190,800030956,0.543611111111111
2014-02-24 00:00:00 UTC,247,1190,900202222,9.6573611111111113
2014-02-24 00:00:00 UTC,247,1190,412432367,27.323333333333359
2014-02-24 00:00:00 UTC,247,1190,900202230,6.8909722222222234
2014-02-24 00:00:00 UTC,247,1223,416001528,2.2809722222222222
2014-02-24 00:00:00 UTC,247,1222,416001528,0.76888888888888884
2014-02-24 00:00:00 UTC,247,1192,412451578,1.1880555555555556
2014-02-24 00:00:00 UTC,247,1190,412450301,20.040555555555553
2014-02-24 00:00:00 UTC,247,1192,412451325,5.8209722222222222
2014-02-24 00:00:00 UTC,247,1191,412451325,2.6194444444444445
2014-02-24 00:00:00 UTC,247,1190,412451325,1.1216666666666666
2014-02-24 00:00:00 UTC,247,1189,412432382,22.739166666666655
2014-02-24 00:00:00 UTC,503,-1,233450000,2.4188888888888886
2014-02-24 00:00:00 UTC,503,-2,233450000,9.8391666666666673
2014-02-24 00:00:00 UTC,503,-3,233450000,0.50013888888888891
2014-02-24 00:00:00 UTC,503,6,244810000,0.872638888888889
2014-02-24 00:00:00 UTC,503,7,244810000,0.83583333333333321
2014-02-24 00:00:00 UTC,503,-3,205162000,0.75694444444444442
2014-02-24 00:00:00 UTC,503,-1,205162000,0.83291666666666664
2014-02-24 00:00:00 UTC,503,-2,205162000,3.3170833333333336
2014-02-24 00:00:00 UTC,503,-59,227391000,1.4620833333333332
2014-02-24 00:00:00 UTC,503,-58,227391000,1.0516666666666667
2014-02-24 00:00:00 UTC,503,7,246015000,2.7399999999999998
2014-02-24 00:00:00 UTC,503,6,246015000,9.8804166666666688
2014-02-24 00:00:00 UTC,503,5,246015000,0.27569444444444446
2014-02-24 00:00:00 UTC,503,3,235003170,3.2677777777777783
2014-02-24 00:00:00 UTC,503,4,235003170,7.1137500000000014
2014-02-24 00:00:00 UTC,503,3,205161000,8.1794444444444441
2014-02-24 00:00:00 UTC,503,4,205161000,2.0958333333333337
2014-02-24 00:00:00 UTC,503,-2,205321000,6.1662499999999989
2014-02-24 00:00:00 UTC,503,-3,205321000,1.1877777777777778
2014-02-24 00:00:00 UTC,503,2,228134700,1.3
2014-02-24 00:00:00 UTC,503,-59,205246000,2.6615277777777777
2014-02-24 00:00:00 UTC,503,-60,205246000,0.8625
2014-02-24 00:00:00 UTC,503,-62,205246000,1.2679166666666666
2014-02-24 00:00:00 UTC,503,-58,205246000,0.6431944444444444
2014-02-24 00:00:00 UTC,503,10,228238900,1.5134722222222221
2014-02-24 00:00:00 UTC,503,10,228240700,0.64986111111111111
2014-02-24 00:00:00 UTC,503,1,245928000,0.25194444444444442
2014-02-24 00:00:00 UTC,503,3,245928000,1.8180555555555558
2014-02-24 00:00:00 UTC,503,2,245928000,7.4856944444444453
2014-02-24 00:00:00 UTC,503,-59,232005700,6.4427777777777777
2014-02-24 00:00:00 UTC,503,-60,232005700,15.956666666666669
2014-02-24 00:00:00 UTC,503,5,227257670,7.4670833333333348
2014-02-24 00:00:00 UTC,503,1,246749000,1.0894444444444447
2014-02-24 00:00:00 UTC,503,2,246749000,0.20875
2014-02-24 00:00:00 UTC,503,-59,205277000,3.3659722222222226
2014-02-24 00:00:00 UTC,503,-58,205277000,1.0516666666666667
2014-02-24 00:00:00 UTC,503,-60,205277000,4.528611111111112
2014-02-24 00:00:00 UTC,503,-108,218066000,7.915
2014-02-24 00:00:00 UTC,503,9,245234000,1.8544444444444441
2014-02-24 00:00:00 UTC,503,10,245234000,3.3526388888888889
2014-02-24 00:00:00 UTC,503,4,235068506,1.8865277777777778
2014-02-24 00:00:00 UTC,503,3,235068506,5.8870833333333339
2014-02-24 00:00:00 UTC,503,2,235068506,3.6965277777777779
2014-02-24 00:00:00 UTC,503,11,227324000,0.52513888888888893
2014-02-24 00:00:00 UTC,503,7,244987000,6.7995833333333335
2014-02-24 00:00:00 UTC,503,-3,205243000,14.652500000000002
2014-02-24 00:00:00 UTC,503,-2,205243000,2.5372222222222223
2014-02-24 00:00:00 UTC,503,-4,205243000,0.99875
2014-02-24 00:00:00 UTC,503,11,227106700,0.54583333333333339
2014-02-24 00:00:00 UTC,503,-59,205306000,2.7109722222222219
2014-02-24 00:00:00 UTC,503,-31,228215700,1.8381944444444445
2014-02-24 00:00:00 UTC,503,-30,228215700,0.60902777777777772
2014-02-24 00:00:00 UTC,503,4,235051671,2.6327777777777781
2014-02-24 00:00:00 UTC,503,3,235051671,7.0579166666666682
2014-02-24 00:00:00 UTC,503,1,245316000,0.73388888888888881
2014-02-24 00:00:00 UTC,503,2,245316000,14.394305555555558
2014-02-24 00:00:00 UTC,503,-1,246233000,1.8272222222222223
2014-02-24 00:00:00 UTC,503,0,246233000,1.7702777777777778
2014-02-24 00:00:00 UTC,503,-1,205198000,2.5675
2014-02-24 00:00:00 UTC,503,0,205198000,1.9075
2014-02-24 00:00:00 UTC,503,-31,228222900,2.0531944444444443
2014-02-24 00:00:00 UTC,503,-30,228222900,0.51263888888888887
2014-02-24 00:00:00 UTC,503,6,205240000,0.84319444444444436
2014-02-24 00:00:00 UTC,503,7,205240000,6.2837500000000013
2014-02-24 00:00:00 UTC,503,8,205240000,2.1227777777777774
2014-02-24 00:00:00 UTC,503,-2,205325000,1.3543055555555554
2014-02-24 00:00:00 UTC,503,3,245325000,2.1019444444444444
2014-02-24 00:00:00 UTC,503,4,245325000,8.8704166666666691
2014-02-24 00:00:00 UTC,503,5,245325000,0.86652777777777779
2014-02-24 00:00:00 UTC,503,-57,227330000,0.44680555555555557
2014-02-24 00:00:00 UTC,503,-58,227330000,0.87458333333333338
2014-02-24 00:00:00 UTC,503,5,235074776,0.24291666666666667
2014-02-24 00:00:00 UTC,503,7,235074776,0.66375
2014-02-24 00:00:00 UTC,503,6,235074776,0.71361111111111108
2014-02-24 00:00:00 UTC,503,0,205260000,0.31680555555555556
2014-02-24 00:00:00 UTC,503,1,205260000,18.666111111111103
2014-02-24 00:00:00 UTC,503,-58,235008741,0.2338888888888889
2014-02-24 00:00:00 UTC,503,-2,205345000,2.7581944444444444
2014-02-24 00:00:00 UTC,503,-1,205345000,2.017638888888889
2014-02-24 00:00:00 UTC,503,-1,205153000,1.1604166666666667
2014-02-24 00:00:00 UTC,503,0,205153000,1.79625
2014-02-24 00:00:00 UTC,503,12,227138800,1.335
2014-02-24 00:00:00 UTC,503,11,227138800,0.21402777777777776
2014-02-24 00:00:00 UTC,503,13,227138800,0.46805555555555556
2014-02-24 00:00:00 UTC,503,1,246742000,1.1830555555555555
2014-02-24 00:00:00 UTC,503,3,246742000,0.275
2014-02-24 00:00:00 UTC,503,2,246742000,1.0777777777777777
2014-02-24 00:00:00 UTC,503,0,246742000,1.2541666666666667
2014-02-24 00:00:00 UTC,503,-1,246742000,1.0130555555555556
2014-02-24 00:00:00 UTC,503,-2,205259000,0.22805555555555557
2014-02-24 00:00:00 UTC,759,394,225436000,3.9304166666666669
2014-02-24 00:00:00 UTC,759,397,225436000,3.1416666666666666
2014-02-24 00:00:00 UTC,759,393,225436000,3.1720833333333331
2014-02-24 00:00:00 UTC,759,396,225436000,4.6526388888888892
2014-02-24 00:00:00 UTC,759,398,225436000,1.6027777777777779
2014-02-24 00:00:00 UTC,759,395,225436000,6.2127777777777773
2014-02-24 00:00:00 UTC,-265,138,659294000,0.70277777777777783
2014-02-24 00:00:00 UTC,-265,139,659294000,0.81236111111111109
2014-02-24 00:00:00 UTC,-265,140,659294000,6.2583333333333329
2014-02-24 00:00:00 UTC,248,1190,800022060,1.7054166666666666
2014-02-24 00:00:00 UTC,248,1190,800000053,2.9106944444444443
2014-02-24 00:00:00 UTC,248,1222,416001845,13.075138888888889
2014-02-24 00:00:00 UTC,248,1223,416002357,2.05375
2014-02-24 00:00:00 UTC,248,1224,416002357,0.22444444444444445
2014-02-24 00:00:00 UTC,248,1190,412002363,0.30236111111111108
2014-02-24 00:00:00 UTC,248,1223,416000639,10.024861111111113
2014-02-24 00:00:00 UTC,248,1190,800031104,4.7695833333333333
2014-02-24 00:00:00 UTC,248,1189,412450694,0.73472222222222228
2014-02-24 00:00:00 UTC,248,1190,412450694,6.8872222222222206
2014-02-24 00:00:00 UTC,248,1189,412450703,0.49444444444444446
2014-02-24 00:00:00 UTC,248,1190,412450703,4.8633333333333333
2014-02-24 00:00:00 UTC,248,1190,412457636,0.26319444444444445
2014-02-24 00:00:00 UTC,248,1191,412457636,0.61861111111111111
2014-02-24 00:00:00 UTC,248,1222,416001241,6.0538888888888893
2014-02-24 00:00:00 UTC,504,13,227314180,0.88791666666666669
2014-02-24 00:00:00 UTC,504,12,227314180,1.4983333333333331
2014-02-24 00:00:00 UTC,504,11,227314180,10.24861111111111
2014-02-24 00:00:00 UTC,504,-1,233450000,2.5295833333333335
2014-02-24 00:00:00 UTC,504,10,244810000,0.44
2014-02-24 00:00:00 UTC,504,9,244810000,0.46388888888888891
2014-02-24 00:00:00 UTC,504,8,244810000,10.369027777777777
2014-02-24 00:00:00 UTC,504,7,244810000,2.1141666666666667
2014-02-24 00:00:00 UTC,504,0,205162000,5.1341666666666663
2014-02-24 00:00:00 UTC,504,-1,205162000,5.96236111111111
2014-02-24 00:00:00 UTC,504,-2,205162000,0.29736111111111108
2014-02-24 00:00:00 UTC,504,1,205162000,0.28486111111111112
2014-02-24 00:00:00 UTC,504,-55,227391000,1.9231944444444444
2014-02-24 00:00:00 UTC,504,-56,227391000,1.2879166666666666
2014-02-24 00:00:00 UTC,504,-60,227391000,2.5861111111111112
2014-02-24 00:00:00 UTC,504,-58,227391000,0.41222222222222227
2014-02-24 00:00:00 UTC,504,-57,227391000,1.517638888888889
2014-02-24 00:00:00 UTC,504,7,246015000,0.74055555555555563
2014-02-24 00:00:00 UTC,504,6,246015000,0.43666666666666665
2014-02-24 00:00:00 UTC,504,13,227562010,0.43055555555555558
2014-02-24 00:00:00 UTC,504,-2,205321000,1.3090277777777777
2014-02-24 00:00:00 UTC,504,-1,205321000,0.57333333333333325
2014-02-24 00:00:00 UTC,504,-3,228134700,1.3070833333333334
2014-02-24 00:00:00 UTC,504,-2,228134700,0.95375
2014-02-24 00:00:00 UTC,504,-4,228134700,0.8781944444444445
2014-02-24 00:00:00 UTC,504,-58,205246000,0.67583333333333329
2014-02-24 00:00:00 UTC,504,-59,205246000,5.8795833333333336
2014-02-24 00:00:00 UTC,504,-60,205246000,4.1452777777777774
2014-02-24 00:00:00 UTC,504,-61,205246000,0.63055555555555554
2014-02-24 00:00:00 UTC,504,8,228238900,1.2656944444444445
2014-02-24 00:00:00 UTC,504,10,228238900,2.2230555555555553
2014-02-24 00:00:00 UTC,504,9,228238900,4.298055555555556
2014-02-24 00:00:00 UTC,504,-55,227347000,3.4066666666666663
2014-02-24 00:00:00 UTC,504,-56,227347000,9.29347222222222
2014-02-24 00:00:00 UTC,504,-57,227347000,4.4981944444444455
2014-02-24 00:00:00 UTC,504,-58,227347000,0.87486111111111109
2014-02-24 00:00:00 UTC,504,2,245928000,1.4809722222222224
2014-02-24 00:00:00 UTC,504,3,245928000,2.9876388888888883
2014-02-24 00:00:00 UTC,504,-54,235001921,23.285416666666666
2014-02-24 00:00:00 UTC,504,-53,235001921,0.67083333333333339
2014-02-24 00:00:00 UTC,504,4,227257670,3.430277777777778
2014-02-24 00:00:00 UTC,504,5,227257670,12.977916666666665
2014-02-24 00:00:00 UTC,504,-58,205277000,5.3361111111111121
2014-02-24 00:00:00 UTC,504,-57,205277000,5.56736111111111
2014-02-24 00:00:00 UTC,504,-60,205277000,4.1961111111111107
2014-02-24 00:00:00 UTC,504,-63,227558000,0.86874999999999991
2014-02-24 00:00:00 UTC,504,-55,227558000,2.1061111111111113
2014-02-24 00:00:00 UTC,504,-56,227558000,2.5422222222222226
2014-02-24 00:00:00 UTC,504,7,244987000,4.3808333333333334
2014-02-24 00:00:00 UTC,504,6,227124600,9.3097222222222236
2014-02-24 00:00:00 UTC,504,8,227124600,0.33027777777777778
2014-02-24 00:00:00 UTC,504,7,227124600,3.8643055555555557
2014-02-24 00:00:00 UTC,504,-3,205243000,4.2879166666666668
2014-02-24 00:00:00 UTC,504,-4,205243000,1.1606944444444443
2014-02-24 00:00:00 UTC,504,-59,205306000,1.0919444444444444
2014-02-24 00:00:00 UTC,504,-60,205306000,11.745833333333332
2014-02-24 00:00:00 UTC,504,-52,235070358,2.2687500000000007
2014-02-24 00:00:00 UTC,504,3,235051671,1.0516666666666667
2014-02-24 00:00:00 UTC,504,4,235051671,1.2455555555555557
2014-02-24 00:00:00 UTC,504,1,245316000,0.22513888888888889
2014-02-24 00:00:00 UTC,504,2,245316000,3.2955555555555556
2014-02-24 00:00:00 UTC,504,-2,205017000,1.27375
2014-02-24 00:00:00 UTC,504,-62,205241000,0.95444444444444443
2014-02-24 00:00:00 UTC,504,-4,227143100,0.72930555555555554
2014-02-24 00:00:00 UTC,504,-3,227143100,1.2929166666666667
2014-02-24 00:00:00 UTC,504,-2,227143100,0.901388888888889
2014-02-24 00:00:00 UTC,504,-60,227330000,0.6875
2014-02-24 00:00:00 UTC,504,-59,227330000,0.6575
2014-02-24 00:00:00 UTC,504,-58,227330000,0.47333333333333333
2014-02-24 00:00:00 UTC,504,-61,227330000,0.22388888888888889
2014-02-24 00:00:00 UTC,504,1,205239000,1.1204166666666666
2014-02-24 00:00:00 UTC,504,2,205239000,1.0962500000000002
2014-02-24 00:00:00 UTC,504,8,235074776,0.21263888888888888
2014-02-24 00:00:00 UTC,504,7,235074776,5.943888888888889
2014-02-24 00:00:00 UTC,504,6,235074776,1.2391666666666665
2014-02-24 00:00:00 UTC,504,0,205260000,0.62194444444444441
2014-02-24 00:00:00 UTC,504,1,205260000,4.2045833333333329
2014-02-24 00:00:00 UTC,504,-58,235008741,1.2418055555555556
2014-02-24 00:00:00 UTC,504,-57,235008741,1.8663888888888887
2014-02-24 00:00:00 UTC,504,1,205345000,4.081666666666667
2014-02-24 00:00:00 UTC,504,2,205345000,2.1913888888888891
2014-02-24 00:00:00 UTC,504,0,205345000,5.5919444444444437
2014-02-24 00:00:00 UTC,504,-1,205345000,4.9497222222222224
2014-02-24 00:00:00 UTC,504,3,246742000,0.24680555555555556
2014-02-24 00:00:00 UTC,-264,139,659294000,3.4115277777777777
2014-02-24 00:00:00 UTC,-264,940,224371000,6.4901388888888887
2014-02-24 00:00:00 UTC,-264,351,432463000,0.65277777777777779
2014-02-24 00:00:00 UTC,-264,350,432463000,0.94152777777777774
2014-02-24 00:00:00 UTC,249,1190,800000370,3.9223611111111114
2014-02-24 00:00:00 UTC,249,1190,412450694,0.96930555555555564
2014-02-24 00:00:00 UTC,249,-821,367529920,10.734861111111112
2014-02-24 00:00:00 UTC,505,13,227314180,3.0525
2014-02-24 00:00:00 UTC,505,5,228242700,1.8959722222222222
2014-02-24 00:00:00 UTC,505,4,228242700,0.20222222222222222
2014-02-24 00:00:00 UTC,505,-1,233450000,0.4876388888888889
2014-02-24 00:00:00 UTC,505,0,233450000,0.88430555555555546
2014-02-24 00:00:00 UTC,505,1,205162000,2.5266666666666664
2014-02-24 00:00:00 UTC,505,0,205162000,2.2479166666666668
2014-02-24 00:00:00 UTC,505,-1,205162000,2.5813888888888892
2014-02-24 00:00:00 UTC,505,6,227143700,3.8340277777777776
2014-02-24 00:00:00 UTC,505,5,227143700,3.1856944444444446
2014-02-24 00:00:00 UTC,505,7,227143700,0.21652777777777776
2014-02-24 00:00:00 UTC,505,-61,227391000,3.265
2014-02-24 00:00:00 UTC,505,-60,227391000,0.66347222222222224
2014-02-24 00:00:00 UTC,505,13,227562010,0.43541666666666667
2014-02-24 00:00:00 UTC,505,14,227562010,0.46680555555555558
2014-02-24 00:00:00 UTC,505,4,205236000,0.24152777777777779
2014-02-24 00:00:00 UTC,505,10,228134700,0.24513888888888888
2014-02-24 00:00:00 UTC,505,-2,228134700,0.72805555555555557
2014-02-24 00:00:00 UTC,505,0,228134700,0.25819444444444445
2014-02-24 00:00:00 UTC,505,9,228134700,2.8543055555555554
2014-02-24 00:00:00 UTC,505,-1,228134700,1.9090277777777778
2014-02-24 00:00:00 UTC,505,9,228238900,2.6308333333333329
2014-02-24 00:00:00 UTC,505,10,228238900,1.6333333333333333
2014-02-24 00:00:00 UTC,505,5,228240700,1.2818055555555556
2014-02-24 00:00:00 UTC,505,8,228240700,3.4102777777777789
2014-02-24 00:00:00 UTC,505,9,228240700,3.0963888888888893
2014-02-24 00:00:00 UTC,505,10,228240700,0.54027777777777786
2014-02-24 00:00:00 UTC,505,7,228240700,2.107361111111111
2014-02-24 00:00:00 UTC,505,6,228240700,2.5858333333333334
2014-02-24 00:00:00 UTC,505,-5,235078469,1.6580555555555554
2014-02-24 00:00:00 UTC,505,-4,235078469,1.3333333333333333
2014-02-24 00:00:00 UTC,505,8,227145800,0.64277777777777789
2014-02-24 00:00:00 UTC,505,9,227145800,1.3013888888888889
2014-02-24 00:00:00 UTC,505,10,227145800,1.1509722222222221
2014-02-24 00:00:00 UTC,505,-7,227538000,0.11944444444444445
2014-02-24 00:00:00 UTC,505,-5,227538000,1.3205555555555555
2014-02-24 00:00:00 UTC,505,-6,227538000,2.4197222222222226
2014-02-24 00:00:00 UTC,505,12,205191000,0.21513888888888888
2014-02-24 00:00:00 UTC,505,2,227106400,0.72541666666666671
2014-02-24 00:00:00 UTC,505,7,227106400,0.88111111111111118
2014-02-24 00:00:00 UTC,505,5,227106400,1.476388888888889
2014-02-24 00:00:00 UTC,505,4,227106400,1.2831944444444445
2014-02-24 00:00:00 UTC,505,6,227106400,0.87652777777777779
2014-02-24 00:00:00 UTC,505,3,227106400,1.6430555555555555
2014-02-24 00:00:00 UTC,505,-62,227558000,2.1076388888888893
2014-02-24 00:00:00 UTC,505,-63,227558000,0.87944444444444447
2014-02-24 00:00:00 UTC,505,-59,227558000,0.60722222222222222
2014-02-24 00:00:00 UTC,505,-61,227558000,0.23402777777777778
2014-02-24 00:00:00 UTC,505,-60,227558000,0.20416666666666666
2014-02-24 00:00:00 UTC,505,7,227124600,0.89999999999999991
2014-02-24 00:00:00 UTC,505,8,227124600,0.26652777777777781
2014-02-24 00:00:00 UTC,505,13,227319430,4.6752777777777768
2014-02-24 00:00:00 UTC,505,-52,235070358,0.87861111111111112
2014-02-24 00:00:00 UTC,505,-3,205017000,1.9130555555555555
2014-02-24 00:00:00 UTC,505,-2,205017000,2.8219444444444441
2014-02-24 00:00:00 UTC,505,-62,205241000,1.1806944444444445
2014-02-24 00:00:00 UTC,505,7,244377000,7.5145833333333334
2014-02-24 00:00:00 UTC,505,8,244377000,3.1936111111111112
2014-02-24 00:00:00 UTC,505,-2,227143100,0.8093055555555555
2014-02-24 00:00:00 UTC,505,-1,227143100,2.1459722222222224
2014-02-24 00:00:00 UTC,505,-60,227330000,0.42930555555555561
2014-02-24 00:00:00 UTC,505,-61,227330000,15.831111111111113
2014-02-24 00:00:00 UTC,505,6,235074776,1.2465277777777777
2014-02-24 00:00:00 UTC,505,8,235074776,1.7722222222222224
2014-02-24 00:00:00 UTC,505,7,235074776,1.9494444444444448
2014-02-24 00:00:00 UTC,505,1,205345000,1.8622222222222222
2014-02-24 00:00:00 UTC,-263,941,224371000,2.4675000000000002
2014-02-24 00:00:00 UTC,-263,351,432463000,0.71180555555555558
2014-02-24 00:00:00 UTC,-263,350,432463000,12.822638888888889
2014-02-24 00:00:00 UTC,250,1189,800000286,2.8840277777777779
2014-02-24 00:00:00 UTC,250,1191,412002363,2.2497222222222222
2014-02-24 00:00:00 UTC,250,1189,800000318,23.692500000000006
2014-02-24 00:00:00 UTC,250,-821,367037040,5.3465277777777782
2014-02-24 00:00:00 UTC,250,-820,367037040,17.121944444444441
2014-02-24 00:00:00 UTC,250,1189,800000132,8.3366666666666642
2014-02-24 00:00:00 UTC,250,-820,367529920,2.9444444444444446
2014-02-24 00:00:00 UTC,250,-821,367529920,4.1838888888888892
2014-02-24 00:00:00 UTC,250,1189,800000202,7.8519444444444444
2014-02-24 00:00:00 UTC,250,1189,800000213,7.1265277777777749
2014-02-24 00:00:00 UTC,506,5,228242700,0.63722222222222213
2014-02-24 00:00:00 UTC,506,6,228242700,0.20666666666666667
2014-02-24 00:00:00 UTC,506,2,205258000,0.91597222222222219
2014-02-24 00:00:00 UTC,506,4,205258000,0.21694444444444444
2014-02-24 00:00:00 UTC,506,3,205258000,0.85222222222222221
2014-02-24 00:00:00 UTC,506,1,205258000,0.51583333333333337
2014-02-24 00:00:00 UTC,506,-62,227391000,0.46236111111111111
2014-02-24 00:00:00 UTC,506,-61,227391000,4.4763888888888888
2014-02-24 00:00:00 UTC,506,-60,227391000,0.49361111111111111
2014-02-24 00:00:00 UTC,506,5,205236000,6.30125
2014-02-24 00:00:00 UTC,506,7,205236000,0.96402777777777793
2014-02-24 00:00:00 UTC,506,6,205236000,2.310138888888889
2014-02-24 00:00:00 UTC,506,4,205236000,0.21791666666666665
2014-02-24 00:00:00 UTC,506,8,205236000,0.20958333333333334
2014-02-24 00:00:00 UTC,506,-4,235007275,2.590694444444444
2014-02-24 00:00:00 UTC,506,5,228134700,0.62361111111111112
2014-02-24 00:00:00 UTC,506,10,228134700,0.45958333333333334
2014-02-24 00:00:00 UTC,506,11,228134700,0.22749999999999998
2014-02-24 00:00:00 UTC,506,6,228134700,0.40152777777777776
2014-02-24 00:00:00 UTC,506,14,227729980,0.22083333333333333
2014-02-24 00:00:00 UTC,506,8,205128000,0.21805555555555556
2014-02-24 00:00:00 UTC,506,10,227145800,0.21736111111111112
2014-02-24 00:00:00 UTC,506,-5,227538000,1.5272222222222225
2014-02-24 00:00:00 UTC,506,-4,227538000,2.4805555555555556
2014-02-24 00:00:00 UTC,506,12,205191000,0.92361111111111094
2014-02-24 00:00:00 UTC,506,13,205191000,1.1504166666666666
2014-02-24 00:00:00 UTC,506,14,227314010,5.6533333333333342
2014-02-24 00:00:00 UTC,506,6,227106400,0.65527777777777785
2014-02-24 00:00:00 UTC,506,8,205265000,3.1790277777777778
2014-02-24 00:00:00 UTC,506,7,205265000,0.43666666666666665
2014-02-24 00:00:00 UTC,506,-61,227558000,2.4154166666666663
2014-02-24 00:00:00 UTC,506,14,227317120,1.7458333333333331
2014-02-24 00:00:00 UTC,506,7,205232000,0.43166666666666664
2014-02-24 00:00:00 UTC,506,14,227317910,5.0501388888888883
2014-02-24 00:00:00 UTC,506,-1,205017000,1.0859722222222223
2014-02-24 00:00:00 UTC,506,6,205017000,0.8668055555555555
2014-02-24 00:00:00 UTC,506,5,205017000,2.369305555555556
2014-02-24 00:00:00 UTC,506,1,205017000,1.0477777777777779
2014-02-24 00:00:00 UTC,506,0,205017000,0.89694444444444443
2014-02-24 00:00:00 UTC,506,2,205017000,1.0443055555555556
2014-02-24 00:00:00 UTC,506,4,205017000,1.0883333333333334
2014-02-24 00:00:00 UTC,506,-2,205017000,6.3268055555555547
2014-02-24 00:00:00 UTC,506,3,205017000,1.1309722222222223
2014-02-24 00:00:00 UTC,506,-3,205017000,2.0930555555555554
2014-02-24 00:00:00 UTC,506,8,244377000,0.24430555555555555
2014-02-24 00:00:00 UTC,506,14,227315370,1.3484722222222223
2014-02-24 00:00:00 UTC,506,15,227315370,1.7243055555555555
2014-02-24 00:00:00 UTC,506,12,227048380,1.994861111111111
2014-02-24 00:00:00 UTC,506,7,227143100,2.3030555555555559
2014-02-24 00:00:00 UTC,506,6,227143100,1.3425
2014-02-24 00:00:00 UTC,506,5,227143100,2.1570833333333335
2014-02-24 00:00:00 UTC,506,8,205336000,3.0675000000000008
2014-02-24 00:00:00 UTC,506,7,205336000,3.9222222222222225
2014-02-24 00:00:00 UTC,506,6,205261000,3.5562500000000004
2014-02-24 00:00:00 UTC,506,7,205261000,2.1636111111111109
2014-02-24 00:00:00 UTC,506,8,205261000,3.2040277777777773
2014-02-24 00:00:00 UTC,506,14,227582920,12.407083333333334
2014-02-24 00:00:00 UTC,506,-61,227330000,3.8005555555555555
2014-02-24 00:00:00 UTC,506,14,227314170,0.43430555555555556
2014-02-24 00:00:00 UTC,-262,-942,224881000,6.0155555555555553
2014-02-24 00:00:00 UTC,-262,350,432463000,1.6418055555555555
2014-02-24 00:00:00 UTC,-262,351,432463000,4.6891666666666669
2014-02-24 00:00:00 UTC,251,1214,416000002,0.73444444444444446
2014-02-24 00:00:00 UTC,251,1213,416000002,1.1441666666666668
2014-02-24 00:00:00 UTC,251,1214,416035610,0.31388888888888888
2014-02-24 00:00:00 UTC,251,1213,416035610,5.2576388888888888
2014-02-24 00:00:00 UTC,251,1213,200005219,1.3258333333333334
2014-02-24 00:00:00 UTC,251,-820,367037040,1.7351388888888888
2014-02-24 00:00:00 UTC,251,1218,333366666,0.7466666666666667
2014-02-24 00:00:00 UTC,251,1218,416900016,22.032222222222217
2014-02-24 00:00:00 UTC,251,1217,416900016,1.3299999999999998
2014-02-24 00:00:00 UTC,507,15,227649290,3.8801388888888897
2014-02-24 00:00:00 UTC,507,14,227141900,2.179583333333333
2014-02-24 00:00:00 UTC,507,-61,227391000,0.58541666666666659
2014-02-24 00:00:00 UTC,507,-63,227391000,0.22722222222222221
2014-02-24 00:00:00 UTC,507,14,227117600,1.8133333333333335
2014-02-24 00:00:00 UTC,507,10,205236000,0.20402777777777778
2014-02-24 00:00:00 UTC,507,9,205236000,1.0627777777777778
2014-02-24 00:00:00 UTC,507,8,205236000,0.95458333333333334
2014-02-24 00:00:00 UTC,507,-4,235007275,2.5105555555555554
2014-02-24 00:00:00 UTC,507,-4,235085356,2.4143055555555555
2014-02-24 00:00:00 UTC,507,-103,235096368,11.792083333333334
2014-02-24 00:00:00 UTC,507,0,235096124,1.4900000000000002
2014-02-24 00:00:00 UTC,507,1,235096124,1.7209722222222223
2014-02-24 00:00:00 UTC,507,14,227729980,4.0669444444444443
2014-02-24 00:00:00 UTC,507,8,205128000,8.3250000000000028
2014-02-24 00:00:00 UTC,507,7,205128000,0.86111111111111116
2014-02-24 00:00:00 UTC,507,13,227314010,0.275
2014-02-24 00:00:00 UTC,507,14,227314010,1.7112500000000002
2014-02-24 00:00:00 UTC,507,10,227319130,3.2387500000000005
2014-02-24 00:00:00 UTC,507,11,227319130,1.859861111111111
2014-02-24 00:00:00 UTC,507,10,227314780,5.7818055555555556
2014-02-24 00:00:00 UTC,507,6,235102558,7.0922222222222207
2014-02-24 00:00:00 UTC,507,5,235102558,0.91680555555555554
2014-02-24 00:00:00 UTC,507,9,228108900,0.21666666666666667
2014-02-24 00:00:00 UTC,507,8,228108900,0.85500000000000009
2014-02-24 00:00:00 UTC,507,7,205265000,2.9306944444444447
2014-02-24 00:00:00 UTC,507,8,205265000,3.9777777777777783
2014-02-24 00:00:00 UTC,507,9,205265000,1.8575000000000002
2014-02-24 00:00:00 UTC,507,11,205286000,7.2725
2014-02-24 00:00:00 UTC,507,7,205232000,1.49
2014-02-24 00:00:00 UTC,507,8,205232000,6.0545833333333343
2014-02-24 00:00:00 UTC,507,14,225054340,0.11722222222222223
2014-02-24 00:00:00 UTC,507,13,225054340,7.6305555555555555
2014-02-24 00:00:00 UTC,507,6,205317000,1.5108333333333333
2014-02-24 00:00:00 UTC,507,8,205317000,3.9761111111111114
2014-02-24 00:00:00 UTC,507,7,205317000,7.5768055555555556
2014-02-24 00:00:00 UTC,507,-111,235215000,28.192499999999995
2014-02-24 00:00:00 UTC,507,12,205284000,0.84277777777777785
2014-02-24 00:00:00 UTC,507,14,227315370,0.29541666666666666
2014-02-24 00:00:00 UTC,507,15,227315370,0.43736111111111109
2014-02-24 00:00:00 UTC,507,12,227048380,2.6425
2014-02-24 00:00:00 UTC,507,13,227048380,0.94097222222222221
2014-02-24 00:00:00 UTC,507,8,205336000,1.9380555555555554
2014-02-24 00:00:00 UTC,507,6,205336000,1.6804166666666667
2014-02-24 00:00:00 UTC,507,9,205336000,0.23319444444444443
2014-02-24 00:00:00 UTC,507,7,205336000,2.9709722222222226
2014-02-24 00:00:00 UTC,507,8,205261000,0.92833333333333334
2014-02-24 00:00:00 UTC,507,6,205261000,0.22194444444444444
2014-02-24 00:00:00 UTC,507,7,205261000,1.2745833333333334
2014-02-24 00:00:00 UTC,507,9,205261000,0.20777777777777778
2014-02-24 00:00:00 UTC,507,14,226220000,2.6551388888888887
2014-02-24 00:00:00 UTC,507,15,227141600,0.24041666666666667
2014-02-24 00:00:00 UTC,507,15,227306990,3.5265277777777775
2014-02-24 00:00:00 UTC,507,7,205291000,6.2327777777777786
2014-02-24 00:00:00 UTC,507,8,205291000,3.1263888888888891
2014-02-24 00:00:00 UTC,507,6,205291000,0.85416666666666663
2014-02-24 00:00:00 UTC,507,9,205291000,2.7877777777777775
2014-02-24 00:00:00 UTC,507,14,227314170,3.7673611111111107
2014-02-24 00:00:00 UTC,-261,942,224371000,2.4036111111111111
2014-02-24 00:00:00 UTC,-261,-942,224881000,3.0283333333333333
2014-02-24 00:00:00 UTC,-261,-939,224881000,1.596111111111111
2014-02-24 00:00:00 UTC,-261,350,432463000,2.2234722222222221
2014-02-24 00:00:00 UTC,252,1213,416000002,0.20819444444444443
2014-02-24 00:00:00 UTC,252,1213,416035610,0.81680555555555567
2014-02-24 00:00:00 UTC,252,1214,416035610,0.24375000000000002
2014-02-24 00:00:00 UTC,252,1214,416003128,1.9020833333333333
2014-02-24 00:00:00 UTC,252,1217,416001097,2.7094444444444448
2014-02-24 00:00:00 UTC,252,1218,416001097,3.9068055555555552
2014-02-24 00:00:00 UTC,252,1213,200005219,3.1287499999999997
2014-02-24 00:00:00 UTC,252,1214,200005219,0.22722222222222221
2014-02-24 00:00:00 UTC,252,1217,333366666,1.0423611111111111
2014-02-24 00:00:00 UTC,252,1218,333366666,1.2479166666666668
2014-02-24 00:00:00 UTC,252,1199,412443307,7.4556944444444442
2014-02-24 00:00:00 UTC,252,1199,412443308,12.393194444444443
2014-02-24 00:00:00 UTC,252,1213,416204220,0.32111111111111112
2014-02-24 00:00:00 UTC,508,14,227141900,0.22611111111111112
2014-02-24 00:00:00 UTC,508,15,227141900,1.2293055555555557
2014-02-24 00:00:00 UTC,508,6,235069725,4.9134722222222225
2014-02-24 00:00:00 UTC,508,15,227117600,0.42388888888888887
2014-02-24 00:00:00 UTC,508,14,227117600,1.5663888888888888
2014-02-24 00:00:00 UTC,508,-104,235096368,7.275
2014-02-24 00:00:00 UTC,508,14,227729980,1.9479166666666667
2014-02-24 00:00:00 UTC,508,13,226183000,1.0866666666666667
2014-02-24 00:00:00 UTC,508,14,226183000,1.5651388888888889
2014-02-24 00:00:00 UTC,508,9,205191000,0.41875
2014-02-24 00:00:00 UTC,508,10,205191000,0.21416666666666667
2014-02-24 00:00:00 UTC,508,5,235102558,0.32527777777777778
2014-02-24 00:00:00 UTC,508,15,227106400,0.74291666666666667
2014-02-24 00:00:00 UTC,508,14,227106400,2.5756944444444443
2014-02-24 00:00:00 UTC,508,8,228108900,0.22083333333333333
2014-02-24 00:00:00 UTC,508,9,228108900,2.4148611111111111
2014-02-24 00:00:00 UTC,508,11,205265000,1.0562500000000001
2014-02-24 00:00:00 UTC,508,12,205265000,0.42541666666666667
2014-02-24 00:00:00 UTC,508,10,205265000,2.6493055555555558
2014-02-24 00:00:00 UTC,508,12,205232000,0.41972222222222222
2014-02-24 00:00:00 UTC,508,9,205317000,0.20444444444444443
2014-02-24 00:00:00 UTC,508,-1296,316014803,2.2305555555555556
2014-02-24 00:00:00 UTC,508,14,227317470,2.8395833333333331
2014-02-24 00:00:00 UTC,508,15,227317470,0.21083333333333332
2014-02-24 00:00:00 UTC,508,14,226220000,1.4026388888888888
2014-02-24 00:00:00 UTC,508,8,205291000,0.4175
2014-02-24 00:00:00 UTC,508,14,227314170,2.0652777777777778
2014-02-24 00:00:00 UTC,-516,-688,701006046,5.6206944444444442
2014-02-24 00:00:00 UTC,253,1217,416001097,13.122499999999999
2014-02-24 00:00:00 UTC,253,1199,412443288,10.451111111111112
2014-02-24 00:00:00 UTC,253,1199,412443313,2.0565277777777777
2014-02-24 00:00:00 UTC,253,1199,412443316,2.7197222222222219
2014-02-24 00:00:00 UTC,253,1200,412443323,0.63027777777777771
2014-02-24 00:00:00 UTC,509,13,228242700,2.4163888888888891
2014-02-24 00:00:00 UTC,509,16,227141900,1.7738888888888888
2014-02-24 00:00:00 UTC,509,16,227117600,1.5899999999999999
2014-02-24 00:00:00 UTC,509,15,227117600,0.65097222222222229
2014-02-24 00:00:00 UTC,509,-80,226216000,10.932500000000001
2014-02-24 00:00:00 UTC,509,13,205320000,4.9916666666666671
2014-02-24 00:00:00 UTC,509,13,227145800,0.83444444444444432
2014-02-24 00:00:00 UTC,509,14,226183000,2.1373611111111113
2014-02-24 00:00:00 UTC,509,15,226183000,1.3399999999999999
2014-02-24 00:00:00 UTC,509,14,228108900,0.20263888888888887
2014-02-24 00:00:00 UTC,509,12,205232000,0.22375
2014-02-24 00:00:00 UTC,509,13,205232000,0.21791666666666668
2014-02-24 00:00:00 UTC,509,16,227144600,1.5186111111111111
2014-02-24 00:00:00 UTC,509,15,227144600,0.21013888888888888
2014-02-24 00:00:00 UTC,509,15,227102900,0.91652777777777783
2014-02-24 00:00:00 UTC,509,16,227102900,1.0933333333333333
2014-02-24 00:00:00 UTC,509,-1296,316014803,1.3913888888888888
2014-02-24 00:00:00 UTC,509,14,227317470,0.24236111111111108
2014-02-24 00:00:00 UTC,509,13,226230000,0.4301388888888889
2014-02-24 00:00:00 UTC,-515,-575,740335000,1.66125
2014-02-24 00:00:00 UTC,-515,-686,701000629,2.9156944444444441
2014-02-24 00:00:00 UTC,-515,-687,701000629,0.83055555555555549
2014-02-24 00:00:00 UTC,-515,-575,740354000,4.5777777777777775
2014-02-24 00:00:00 UTC,-515,-686,701006044,2.7638888888888888
2014-02-24 00:00:00 UTC,-515,-686,701006046,5.2922222222222217
2014-02-24 00:00:00 UTC,-259,-939,224881000,0.89180555555555552
2014-02-24 00:00:00 UTC,254,1199,412443265,2.2311111111111113
2014-02-24 00:00:00 UTC,254,1199,412443288,0.9925
2014-02-24 00:00:00 UTC,254,1200,412443323,1.87875
2014-02-24 00:00:00 UTC,254,1193,412448198,4.0729166666666661
2014-02-24 00:00:00 UTC,254,1199,412443628,4.0738888888888889
2014-02-24 00:00:00 UTC,510,20,227594760,6.2751388888888879
2014-02-24 00:00:00 UTC,510,14,228242700,0.61680555555555561
2014-02-24 00:00:00 UTC,510,16,227141900,5.9497222222222224
2014-02-24 00:00:00 UTC,510,16,227117600,0.88777777777777778
2014-02-24 00:00:00 UTC,510,17,227117600,0.75763888888888886
2014-02-24 00:00:00 UTC,510,20,227323170,5.701527777777776
2014-02-24 00:00:00 UTC,510,21,227323170,0.62083333333333335
2014-02-24 00:00:00 UTC,510,22,227317050,4.4295833333333334
2014-02-24 00:00:00 UTC,510,-81,226216000,6.2947222222222221
2014-02-24 00:00:00 UTC,510,15,227145800,0.8241666666666666
2014-02-24 00:00:00 UTC,510,13,227145800,0.20652777777777778
2014-02-24 00:00:00 UTC,510,14,227145800,1.461111111111111
2014-02-24 00:00:00 UTC,510,20,227317840,1.337361111111111
2014-02-24 00:00:00 UTC,510,19,227317840,3.4281944444444439
2014-02-24 00:00:00 UTC,510,19,227316830,2.41
2014-02-24 00:00:00 UTC,510,18,227316830,5.2173611111111118
2014-02-24 00:00:00 UTC,510,14,228108900,1.5240277777777778
2014-02-24 00:00:00 UTC,510,15,228108900,0.88138888888888889
2014-02-24 00:00:00 UTC,510,22,227318380,1.5879166666666666
2014-02-24 00:00:00 UTC,510,23,227318380,0.45083333333333331
2014-02-24 00:00:00 UTC,510,20,227318380,2.5558333333333336
2014-02-24 00:00:00 UTC,510,21,227318380,2.492777777777778
2014-02-24 00:00:00 UTC,510,22,227311230,0.63222222222222224
2014-02-24 00:00:00 UTC,510,23,227311230,0.40694444444444444
2014-02-24 00:00:00 UTC,510,17,227144600,1.3276388888888888
2014-02-24 00:00:00 UTC,510,21,227317660,4.4488888888888889
2014-02-24 00:00:00 UTC,510,20,227317660,0.27972222222222221
2014-02-24 00:00:00 UTC,510,18,227300260,4.5575
2014-02-24 00:00:00 UTC,510,19,227300260,2.3573611111111115
2014-02-24 00:00:00 UTC,510,20,227626920,5.1370833333333339
2014-02-24 00:00:00 UTC,510,19,227626920,1.2411111111111111
2014-02-24 00:00:00 UTC,510,-49,235032237,3.7716666666666665
2014-02-24 00:00:00 UTC,510,-48,235032237,7.6440277777777776
2014-02-24 00:00:00 UTC,510,22,227321790,3.6344444444444446
2014-02-24 00:00:00 UTC,510,20,227635910,5.6459722222222224
2014-02-24 00:00:00 UTC,510,19,227635910,2.297361111111111
2014-02-24 00:00:00 UTC,510,18,227141600,1.7023611111111112
2014-02-24 00:00:00 UTC,510,17,227141600,8.26125
2014-02-24 00:00:00 UTC,510,15,226230000,0.64041666666666675
2014-02-24 00:00:00 UTC,510,14,226230000,1.2793055555555557
2014-02-24 00:00:00 UTC,510,20,227317490,5.4695833333333326
2014-02-24 00:00:00 UTC,-514,-575,740372000,3.1525000000000003
2014-02-24 00:00:00 UTC,-514,-575,740337000,10.356944444444444
2014-02-24 00:00:00 UTC,-514,-575,740358000,1.5305555555555554
2014-02-24 00:00:00 UTC,-514,-575,740336000,1.5627777777777778
2014-02-24 00:00:00 UTC,-514,-575,740335000,8.7870833333333334
2014-02-24 00:00:00 UTC,-514,-687,701000629,7.76138888888889
2014-02-24 00:00:00 UTC,-514,-575,740333000,8.0402777777777779
2014-02-24 00:00:00 UTC,-514,-687,701006044,1.528888888888889
2014-02-24 00:00:00 UTC,-514,-687,701006046,1.537638888888889
2014-02-24 00:00:00 UTC,-514,-686,701006046,1.6359722222222222
2014-02-24 00:00:00 UTC,-258,-940,224881000,0.66333333333333333
2014-02-24 00:00:00 UTC,255,571,422611000,4.729166666666667
2014-02-24 00:00:00 UTC,255,1198,412443633,0.25708333333333333
2014-02-24 00:00:00 UTC,511,23,227573000,0.2277777777777778
2014-02-24 00:00:00 UTC,511,22,227573000,3.4051388888888887
2014-02-24 00:00:00 UTC,511,-93,228174600,1.0369444444444444
2014-02-24 00:00:00 UTC,511,-92,228174600,2.9540277777777777
2014-02-24 00:00:00 UTC,511,24,244245000,1.05125
2014-02-24 00:00:00 UTC,511,25,244245000,3.276388888888889
2014-02-24 00:00:00 UTC,511,17,228242700,1.4029166666666666
2014-02-24 00:00:00 UTC,511,-83,250000917,1.3055555555555556
2014-02-24 00:00:00 UTC,511,27,205311000,0.24111111111111111
2014-02-24 00:00:00 UTC,511,25,245331000,4.4470833333333335
2014-02-24 00:00:00 UTC,511,24,245331000,2.1465277777777776
2014-02-24 00:00:00 UTC,511,-81,226216000,0.38430555555555551
2014-02-24 00:00:00 UTC,511,-82,226216000,1.6827777777777777
2014-02-24 00:00:00 UTC,511,17,227145800,0.64958333333333329
2014-02-24 00:00:00 UTC,511,15,228108900,0.6758333333333334
2014-02-24 00:00:00 UTC,511,16,228108900,0.20958333333333334
2014-02-24 00:00:00 UTC,511,23,227311230,0.31361111111111112
2014-02-24 00:00:00 UTC,511,22,227311230,3.8366666666666656
2014-02-24 00:00:00 UTC,511,17,227144600,2.548888888888889
2014-02-24 00:00:00 UTC,511,-45,235032237,0.5493055555555556
2014-02-24 00:00:00 UTC,511,-44,235032237,2.4772222222222222
2014-02-24 00:00:00 UTC,511,21,227300270,3.6277777777777773
2014-02-24 00:00:00 UTC,511,20,227300270,0.64416666666666655
2014-02-24 00:00:00 UTC,511,21,227319230,6.3936111111111114
2014-02-24 00:00:00 UTC,511,22,227321790,2.7101388888888884
2014-02-24 00:00:00 UTC,511,26,205272000,4.824583333333333
2014-02-24 00:00:00 UTC,511,27,205272000,0.62986111111111109
2014-02-24 00:00:00 UTC,511,18,226220000,1.4452777777777777
2014-02-24 00:00:00 UTC,511,19,226220000,0.63277777777777777
2014-02-24 00:00:00 UTC,511,18,227141600,1.1281944444444445
2014-02-24 00:00:00 UTC,511,19,227141600,0.65666666666666673
2014-02-24 00:00:00 UTC,511,28,205281000,0.94125
2014-02-24 00:00:00 UTC,511,26,205281000,0.46611111111111114
2014-02-24 00:00:00 UTC,511,27,205281000,3.5384722222222225
2014-02-24 00:00:00 UTC,511,25,205281000,2.7970833333333336
2014-02-24 00:00:00 UTC,511,25,246273000,1.7358333333333333
2014-02-24 00:00:00 UTC,511,24,246273000,0.88208333333333333
2014-02-24 00:00:00 UTC,511,-167,259521000,5.3808333333333334
2014-02-24 00:00:00 UTC,511,-166,259521000,7.0894444444444442
2014-02-24 00:00:00 UTC,511,18,226230000,0.42486111111111108
2014-02-24 00:00:00 UTC,511,17,226230000,0.22597222222222224
2014-02-24 00:00:00 UTC,-513,-575,740372000,8.6170833333333334
2014-02-24 00:00:00 UTC,-513,-575,740337000,2.9601388888888884
2014-02-24 00:00:00 UTC,-513,-575,740358000,8.5601388888888881
2014-02-24 00:00:00 UTC,-513,-575,740336000,2.7631944444444443
2014-02-24 00:00:00 UTC,-513,-575,740335000,10.319166666666668
2014-02-24 00:00:00 UTC,-513,-687,701000629,0.85847222222222219
2014-02-24 00:00:00 UTC,-513,-575,740333000,3.7488888888888887
2014-02-24 00:00:00 UTC,-513,-575,740354000,7.1459722222222224
2014-02-24 00:00:00 UTC,-513,-687,701006044,2.3758333333333335
2014-02-24 00:00:00 UTC,-513,-687,701006046,9.3905555555555562
2014-02-24 00:00:00 UTC,-257,-941,224881000,1.045
2014-02-24 00:00:00 UTC,-1,606,416634000,5.785277777777778
2014-02-24 00:00:00 UTC,-1,609,416634000,8.9284722222222221
2014-02-24 00:00:00 UTC,-1,607,416634000,13.758333333333335
