date,lat_bin,lon_bin,mmsi,fishing_hours
2015-11-14 00:00:00 UTC,0,1748,441098000,3.7399999999999998
2015-11-14 00:00:00 UTC,0,1747,441098000,8.4022222222222211
2015-11-14 00:00:00 UTC,0,-1097,735059233,1.3697222222222223
2015-11-14 00:00:00 UTC,0,-1098,735059233,2.7770833333333331
2015-11-14 00:00:00 UTC,0,-1096,735059233,2.7511111111111108
2015-11-14 00:00:00 UTC,0,-1103,735059255,3.4577777777777774
2015-11-14 00:00:00 UTC,0,-1106,735059255,0.24569444444444444
2015-11-14 00:00:00 UTC,0,-1105,735059255,0.68736111111111109
2015-11-14 00:00:00 UTC,0,-1102,735059255,1.0374999999999999
2015-11-14 00:00:00 UTC,0,-1088,224017000,2.6693055555555558
2015-11-14 00:00:00 UTC,0,1745,440987000,5.925
2015-11-14 00:00:00 UTC,0,-254,224752000,0.34472222222222226
2015-11-14 00:00:00 UTC,0,-1095,224051350,2.2249999999999992
2015-11-14 00:00:00 UTC,0,-1094,224051350,2.0309722222222222
2015-11-14 00:00:00 UTC,0,-1093,224051350,1.1002777777777779
2015-11-14 00:00:00 UTC,0,1750,440055000,1.6098611111111112
2015-11-14 00:00:00 UTC,0,-1082,224918000,3.8845833333333335
2015-11-14 00:00:00 UTC,512,1580,273815900,3.7911111111111109
2015-11-14 00:00:00 UTC,512,1579,273815900,4.2109722222222219
2015-11-14 00:00:00 UTC,512,1579,273810110,5.4736111111111105
2015-11-14 00:00:00 UTC,512,1581,273810110,7.4794444444444439
2015-11-14 00:00:00 UTC,512,1580,273810110,3.7780555555555555
2015-11-14 00:00:00 UTC,512,-63,250003137,2.4598611111111111
2015-11-14 00:00:00 UTC,768,286,258067000,1.5976388888888888
2015-11-14 00:00:00 UTC,768,287,258067000,1.7174999999999998
2015-11-14 00:00:00 UTC,768,287,258535000,0.90097222222222229
2015-11-14 00:00:00 UTC,768,288,258535000,0.69458333333333333
2015-11-14 00:00:00 UTC,768,285,224572000,1.7015277777777778
2015-11-14 00:00:00 UTC,768,284,224572000,3.1291666666666669
2015-11-14 00:00:00 UTC,768,284,211207270,0.76402777777777775
2015-11-14 00:00:00 UTC,768,285,211207270,0.83263888888888893
2015-11-14 00:00:00 UTC,768,435,273894000,1.4933333333333332
2015-11-14 00:00:00 UTC,768,433,273894000,3.1713888888888886
2015-11-14 00:00:00 UTC,768,284,263586000,1.1543055555555557
2015-11-14 00:00:00 UTC,768,127,273350610,0.79569444444444448
2015-11-14 00:00:00 UTC,768,285,257153500,0.8436111111111112
2015-11-14 00:00:00 UTC,768,286,257153500,0.78861111111111115
2015-11-14 00:00:00 UTC,768,287,227489000,0.80444444444444441
2015-11-14 00:00:00 UTC,768,285,227489000,0.85277777777777775
2015-11-14 00:00:00 UTC,-512,-634,224978000,0.5083333333333333
2015-11-14 00:00:00 UTC,-256,823,224122000,2.8919444444444444
2015-11-14 00:00:00 UTC,-256,831,224122000,0.33083333333333331
2015-11-14 00:00:00 UTC,-256,830,224122000,0.69027777777777788
2015-11-14 00:00:00 UTC,-256,828,224122000,0.33902777777777782
2015-11-14 00:00:00 UTC,-256,827,224122000,0.69708333333333328
2015-11-14 00:00:00 UTC,-256,826,224122000,0.72347222222222229
2015-11-14 00:00:00 UTC,-256,829,224122000,0.70000000000000007
2015-11-14 00:00:00 UTC,-256,825,224122000,0.736111111111111
2015-11-14 00:00:00 UTC,-256,340,650115000,2.5519444444444446
2015-11-14 00:00:00 UTC,-256,341,650115000,6.983194444444444
2015-11-14 00:00:00 UTC,-256,779,224696000,1.2181944444444446
2015-11-14 00:00:00 UTC,-256,778,224696000,0.34777777777777774
2015-11-14 00:00:00 UTC,-256,782,224696000,1.0655555555555556
2015-11-14 00:00:00 UTC,-256,350,601431000,6.4873611111111105
2015-11-14 00:00:00 UTC,-256,351,601431000,2.4549999999999992
2015-11-14 00:00:00 UTC,1,1748,441098000,4.5134722222222221
2015-11-14 00:00:00 UTC,1,-1097,735059233,1.7108333333333334
2015-11-14 00:00:00 UTC,1,-1098,735059233,1.8918055555555555
2015-11-14 00:00:00 UTC,1,-1099,735059233,1.5297222222222222
2015-11-14 00:00:00 UTC,1,-1096,735059233,2.0995833333333334
2015-11-14 00:00:00 UTC,1,1708,412694570,4.4504166666666665
2015-11-14 00:00:00 UTC,1,-1106,735059255,0.59569444444444453
2015-11-14 00:00:00 UTC,1,-1105,735059255,0.35277777777777775
2015-11-14 00:00:00 UTC,1,1745,440987000,4.40125
2015-11-14 00:00:00 UTC,1,-254,224752000,0.68486111111111114
2015-11-14 00:00:00 UTC,1,-1096,224051350,2.5452777777777769
2015-11-14 00:00:00 UTC,1,-1094,224051350,2.4015277777777779
2015-11-14 00:00:00 UTC,1,-1093,224051350,1.7498611111111113
2015-11-14 00:00:00 UTC,1,1751,440055000,3.5259722222222227
2015-11-14 00:00:00 UTC,1,1749,440055000,2.6166666666666667
2015-11-14 00:00:00 UTC,513,15,235094386,4.3140277777777776
2015-11-14 00:00:00 UTC,513,1580,273810110,6.2502777777777778
2015-11-14 00:00:00 UTC,513,1581,273810110,1.6744444444444442
2015-11-14 00:00:00 UTC,769,283,259252000,0.79861111111111094
2015-11-14 00:00:00 UTC,769,285,273555500,0.75361111111111123
2015-11-14 00:00:00 UTC,769,284,273555500,0.79902777777777789
2015-11-14 00:00:00 UTC,769,282,273555500,0.76666666666666661
2015-11-14 00:00:00 UTC,769,283,258067000,0.26569444444444446
2015-11-14 00:00:00 UTC,769,284,258067000,2.3680555555555554
2015-11-14 00:00:00 UTC,769,282,259666000,3.0929166666666665
2015-11-14 00:00:00 UTC,769,283,259666000,3.2151388888888883
2015-11-14 00:00:00 UTC,769,283,261383000,3.1322222222222216
2015-11-14 00:00:00 UTC,769,282,261383000,1.5343055555555556
2015-11-14 00:00:00 UTC,769,286,258535000,1.598611111111111
2015-11-14 00:00:00 UTC,769,283,258535000,2.7241666666666671
2015-11-14 00:00:00 UTC,769,284,224572000,2.6556944444444444
2015-11-14 00:00:00 UTC,769,282,224572000,1.0197222222222222
2015-11-14 00:00:00 UTC,769,285,224572000,0.78486111111111112
2015-11-14 00:00:00 UTC,769,284,211207270,2.3486111111111114
2015-11-14 00:00:00 UTC,769,283,211207270,0.79638888888888892
2015-11-14 00:00:00 UTC,769,282,211207270,0.78194444444444444
2015-11-14 00:00:00 UTC,769,283,218799000,1.5022222222222221
2015-11-14 00:00:00 UTC,769,282,218799000,2.507222222222222
2015-11-14 00:00:00 UTC,769,285,218799000,2.245972222222222
2015-11-14 00:00:00 UTC,769,284,218799000,3.2522222222222217
2015-11-14 00:00:00 UTC,769,282,263586000,0.8106944444444445
2015-11-14 00:00:00 UTC,769,283,263586000,1.5499999999999998
2015-11-14 00:00:00 UTC,769,284,263586000,1.1868055555555554
2015-11-14 00:00:00 UTC,769,286,263586000,1.3381944444444445
2015-11-14 00:00:00 UTC,769,126,273350610,0.77430555555555547
2015-11-14 00:00:00 UTC,769,128,273350610,0.82263888888888892
2015-11-14 00:00:00 UTC,769,130,273350610,0.86152777777777767
2015-11-14 00:00:00 UTC,769,125,273350610,0.76
2015-11-14 00:00:00 UTC,769,133,273350610,0.73611111111111116
2015-11-14 00:00:00 UTC,769,285,257153500,0.73416666666666675
2015-11-14 00:00:00 UTC,769,284,257153500,1.5849999999999997
2015-11-14 00:00:00 UTC,769,282,235103197,0.82291666666666663
2015-11-14 00:00:00 UTC,769,285,235103197,1.6129166666666666
2015-11-14 00:00:00 UTC,769,284,235103197,2.4154166666666663
2015-11-14 00:00:00 UTC,769,283,235103197,1.57125
2015-11-14 00:00:00 UTC,769,284,227489000,1.6083333333333332
2015-11-14 00:00:00 UTC,-255,543,660000300,1.8081944444444449
2015-11-14 00:00:00 UTC,-255,544,660000300,1.4918055555555556
2015-11-14 00:00:00 UTC,-255,824,224122000,3.0023611111111115
2015-11-14 00:00:00 UTC,-255,349,650115000,5.4011111111111108
2015-11-14 00:00:00 UTC,-255,350,650115000,2.2430555555555558
2015-11-14 00:00:00 UTC,-255,778,224696000,1.3693055555555556
2015-11-14 00:00:00 UTC,-255,779,224696000,1.2136111111111112
2015-11-14 00:00:00 UTC,-255,781,224696000,1.4188888888888886
2015-11-14 00:00:00 UTC,-255,777,224696000,4.6247222222222213
2015-11-14 00:00:00 UTC,-255,351,601431000,4.0629166666666663
2015-11-14 00:00:00 UTC,2,-1096,735059233,0.77125
2015-11-14 00:00:00 UTC,2,-1097,735059233,0.5098611111111111
2015-11-14 00:00:00 UTC,2,1713,412694570,4.4293055555555556
2015-11-14 00:00:00 UTC,2,1624,412460114,3.9619444444444447
2015-11-14 00:00:00 UTC,2,1745,440987000,0.62083333333333335
2015-11-14 00:00:00 UTC,2,-254,224752000,0.97458333333333336
2015-11-14 00:00:00 UTC,2,-1094,224051350,2.5883333333333334
2015-11-14 00:00:00 UTC,2,-1093,224051350,1.8125
2015-11-14 00:00:00 UTC,2,1748,440055000,4.0205555555555552
2015-11-14 00:00:00 UTC,514,40,244780417,0.53111111111111109
2015-11-14 00:00:00 UTC,514,40,924467387,0.28430555555555559
2015-11-14 00:00:00 UTC,514,1581,273442270,2.2091666666666665
2015-11-14 00:00:00 UTC,770,283,227360000,0.78208333333333335
2015-11-14 00:00:00 UTC,770,279,227360000,0.83069444444444451
2015-11-14 00:00:00 UTC,770,282,227360000,3.7377777777777776
2015-11-14 00:00:00 UTC,770,281,227360000,3.12625
2015-11-14 00:00:00 UTC,770,284,227360000,0.72347222222222218
2015-11-14 00:00:00 UTC,770,285,227360000,0.87138888888888888
2015-11-14 00:00:00 UTC,770,280,227360000,2.0541666666666667
2015-11-14 00:00:00 UTC,770,297,273421600,4.2295833333333333
2015-11-14 00:00:00 UTC,770,291,273421600,1.5876388888888886
2015-11-14 00:00:00 UTC,770,295,273421600,0.78361111111111115
2015-11-14 00:00:00 UTC,770,294,273421600,1.6069444444444443
2015-11-14 00:00:00 UTC,770,288,273421600,1.4148611111111109
2015-11-14 00:00:00 UTC,770,289,273421600,1.5916666666666668
2015-11-14 00:00:00 UTC,770,298,273421600,1.57375
2015-11-14 00:00:00 UTC,770,296,273421600,0.78097222222222218
2015-11-14 00:00:00 UTC,770,292,273421600,0.82722222222222219
2015-11-14 00:00:00 UTC,770,293,273421600,0.72263888888888883
2015-11-14 00:00:00 UTC,770,287,273421600,0.15999999999999998
2015-11-14 00:00:00 UTC,770,300,273421600,2.3748611111111111
2015-11-14 00:00:00 UTC,770,299,273421600,2.1079166666666667
2015-11-14 00:00:00 UTC,770,292,259252000,0.33513888888888888
2015-11-14 00:00:00 UTC,770,287,259252000,1.1988888888888889
2015-11-14 00:00:00 UTC,770,283,259252000,1.5819444444444444
2015-11-14 00:00:00 UTC,770,286,259252000,0.81083333333333341
2015-11-14 00:00:00 UTC,770,291,259252000,0.52625000000000011
2015-11-14 00:00:00 UTC,770,293,259252000,0.77152777777777781
2015-11-14 00:00:00 UTC,770,282,273555500,3.6491666666666669
2015-11-14 00:00:00 UTC,770,281,273555500,0.87152777777777779
2015-11-14 00:00:00 UTC,770,283,273555500,1.5822222222222222
2015-11-14 00:00:00 UTC,770,279,258067000,3.6008333333333336
2015-11-14 00:00:00 UTC,770,280,258067000,1.6081944444444447
2015-11-14 00:00:00 UTC,770,281,258067000,0.76916666666666667
2015-11-14 00:00:00 UTC,770,282,258067000,5.3048611111111112
2015-11-14 00:00:00 UTC,770,282,259666000,1.9286111111111111
2015-11-14 00:00:00 UTC,770,280,259666000,0.74472222222222217
2015-11-14 00:00:00 UTC,770,283,259666000,0.81958333333333333
2015-11-14 00:00:00 UTC,770,281,259666000,2.03125
2015-11-14 00:00:00 UTC,770,279,261383000,1.0273611111111112
2015-11-14 00:00:00 UTC,770,278,261383000,0.39958333333333335
2015-11-14 00:00:00 UTC,770,281,261383000,4.2866666666666671
2015-11-14 00:00:00 UTC,770,280,258535000,1.3381944444444445
2015-11-14 00:00:00 UTC,770,282,258535000,3.7372222222222224
2015-11-14 00:00:00 UTC,770,284,258535000,1.5719444444444444
2015-11-14 00:00:00 UTC,770,279,258535000,0.86291666666666667
2015-11-14 00:00:00 UTC,770,281,258535000,3.0690277777777775
2015-11-14 00:00:00 UTC,770,281,224572000,3.1293055555555558
2015-11-14 00:00:00 UTC,770,285,224572000,0.76083333333333336
2015-11-14 00:00:00 UTC,770,284,211207270,1.5748611111111113
2015-11-14 00:00:00 UTC,770,281,211207270,0.78041666666666665
2015-11-14 00:00:00 UTC,770,281,257317000,0.82541666666666669
2015-11-14 00:00:00 UTC,770,286,257317000,0.81986111111111115
2015-11-14 00:00:00 UTC,770,283,257317000,5.0005555555555548
2015-11-14 00:00:00 UTC,770,278,257317000,0.78708333333333325
2015-11-14 00:00:00 UTC,770,282,257317000,5.2590277777777787
2015-11-14 00:00:00 UTC,770,281,218799000,0.7418055555555555
2015-11-14 00:00:00 UTC,770,279,218799000,1.5737499999999998
2015-11-14 00:00:00 UTC,770,282,218799000,1.3154166666666665
2015-11-14 00:00:00 UTC,770,287,218799000,1.6670833333333333
2015-11-14 00:00:00 UTC,770,285,218799000,1.5887499999999997
2015-11-14 00:00:00 UTC,770,280,218799000,1.1075
2015-11-14 00:00:00 UTC,770,283,218799000,3.1176388888888891
2015-11-14 00:00:00 UTC,770,282,273370020,3.1998611111111113
2015-11-14 00:00:00 UTC,770,283,259683000,1.5891666666666664
2015-11-14 00:00:00 UTC,770,281,259683000,5.5454166666666662
2015-11-14 00:00:00 UTC,770,282,259683000,3.5563888888888897
2015-11-14 00:00:00 UTC,770,281,257656000,2.2945833333333336
2015-11-14 00:00:00 UTC,770,282,257656000,1.9781944444444446
2015-11-14 00:00:00 UTC,770,283,257656000,4.4538888888888888
2015-11-14 00:00:00 UTC,770,281,263586000,0.76222222222222225
2015-11-14 00:00:00 UTC,770,283,263586000,2.2270833333333333
2015-11-14 00:00:00 UTC,770,282,263586000,0.99972222222222229
2015-11-14 00:00:00 UTC,770,284,263586000,1.5947222222222222
2015-11-14 00:00:00 UTC,770,130,273350610,1.0865277777777778
2015-11-14 00:00:00 UTC,770,132,273350610,1.3495833333333334
2015-11-14 00:00:00 UTC,770,283,257153500,1.5636111111111111
2015-11-14 00:00:00 UTC,770,282,257153500,2.36
2015-11-14 00:00:00 UTC,770,282,235103197,0.800138888888889
2015-11-14 00:00:00 UTC,770,283,235103197,2.3933333333333335
2015-11-14 00:00:00 UTC,770,279,235103197,0.5225
2015-11-14 00:00:00 UTC,770,284,235103197,0.70583333333333331
2015-11-14 00:00:00 UTC,770,285,235103197,0.85972222222222228
2015-11-14 00:00:00 UTC,770,280,235103197,1.0025
2015-11-14 00:00:00 UTC,770,280,273430750,3.1577777777777776
2015-11-14 00:00:00 UTC,770,279,273430750,2.357361111111111
2015-11-14 00:00:00 UTC,770,282,227489000,3.2152777777777777
2015-11-14 00:00:00 UTC,770,281,227489000,3.3193055555555553
2015-11-14 00:00:00 UTC,-254,543,660000300,1.6541666666666668
2015-11-14 00:00:00 UTC,-254,781,224696000,0.51194444444444442
2015-11-14 00:00:00 UTC,-254,779,224696000,1.1220833333333333
2015-11-14 00:00:00 UTC,-254,351,601431000,3.6005555555555557
2015-11-14 00:00:00 UTC,3,1714,412694570,3.6677777777777778
2015-11-14 00:00:00 UTC,3,1713,412694570,2.1859722222222224
2015-11-14 00:00:00 UTC,3,1624,412460114,2.0565277777777782
2015-11-14 00:00:00 UTC,3,-1091,224017000,0.35305555555555557
2015-11-14 00:00:00 UTC,3,-1090,224017000,2.3831944444444444
2015-11-14 00:00:00 UTC,3,1745,440987000,4.5313888888888885
2015-11-14 00:00:00 UTC,3,1744,440987000,0.52625
2015-11-14 00:00:00 UTC,3,-254,224752000,1.1819444444444445
2015-11-14 00:00:00 UTC,3,-1094,224051350,0.8208333333333333
2015-11-14 00:00:00 UTC,3,-1093,224051350,2.00875
2015-11-14 00:00:00 UTC,515,17,205165000,2.2479166666666663
2015-11-14 00:00:00 UTC,515,16,205165000,0.64833333333333332
2015-11-14 00:00:00 UTC,771,286,227360000,0.77763888888888888
2015-11-14 00:00:00 UTC,771,282,227360000,0.69527777777777777
2015-11-14 00:00:00 UTC,771,283,227360000,0.75916666666666666
2015-11-14 00:00:00 UTC,771,279,227360000,1.1984722222222222
2015-11-14 00:00:00 UTC,771,284,227360000,0.84055555555555561
2015-11-14 00:00:00 UTC,771,281,227360000,0.78055555555555556
2015-11-14 00:00:00 UTC,771,280,227360000,2.3743055555555554
2015-11-14 00:00:00 UTC,771,281,273355290,2.419027777777778
2015-11-14 00:00:00 UTC,771,282,273355290,0.78263888888888888
2015-11-14 00:00:00 UTC,771,300,273421600,0.47583333333333333
2015-11-14 00:00:00 UTC,771,302,273421600,0.38680555555555551
2015-11-14 00:00:00 UTC,771,297,273421600,1.2777777777777777
2015-11-14 00:00:00 UTC,771,301,273421600,1.2590277777777779
2015-11-14 00:00:00 UTC,771,299,273421600,1.1159722222222221
2015-11-14 00:00:00 UTC,771,289,259252000,0.75402777777777774
2015-11-14 00:00:00 UTC,771,283,259252000,1.9916666666666667
2015-11-14 00:00:00 UTC,771,279,273555500,3.536805555555556
2015-11-14 00:00:00 UTC,771,281,273555500,3.8480555555555558
2015-11-14 00:00:00 UTC,771,280,273555500,0.90527777777777785
2015-11-14 00:00:00 UTC,771,278,258067000,2.4211111111111112
2015-11-14 00:00:00 UTC,771,279,259666000,0.80125
2015-11-14 00:00:00 UTC,771,283,259666000,0.76930555555555558
2015-11-14 00:00:00 UTC,771,280,259666000,1.5640277777777776
2015-11-14 00:00:00 UTC,771,282,259666000,0.87777777777777788
2015-11-14 00:00:00 UTC,771,277,261383000,0.71013888888888888
2015-11-14 00:00:00 UTC,771,275,261383000,0.76583333333333337
2015-11-14 00:00:00 UTC,771,271,261383000,0.96972222222222215
2015-11-14 00:00:00 UTC,771,278,261383000,2.2841666666666662
2015-11-14 00:00:00 UTC,771,279,261383000,0.01652777777777778
2015-11-14 00:00:00 UTC,771,270,261383000,0.75958333333333339
2015-11-14 00:00:00 UTC,771,274,261383000,2.2930555555555561
2015-11-14 00:00:00 UTC,771,280,258535000,1.5845833333333332
2015-11-14 00:00:00 UTC,771,281,258535000,0.75847222222222221
2015-11-14 00:00:00 UTC,771,278,258535000,0.72625000000000006
2015-11-14 00:00:00 UTC,771,277,211207270,0.98611111111111127
2015-11-14 00:00:00 UTC,771,270,211207270,1.6081944444444445
2015-11-14 00:00:00 UTC,771,273,211207270,1.40875
2015-11-14 00:00:00 UTC,771,278,211207270,0.7944444444444444
2015-11-14 00:00:00 UTC,771,282,211207270,1.5511111111111111
2015-11-14 00:00:00 UTC,771,281,257317000,1.6004166666666666
2015-11-14 00:00:00 UTC,771,285,257317000,0.66055555555555556
2015-11-14 00:00:00 UTC,771,282,257317000,1.5851388888888889
2015-11-14 00:00:00 UTC,771,286,257317000,1.7161111111111107
2015-11-14 00:00:00 UTC,771,283,257317000,1.5665277777777777
2015-11-14 00:00:00 UTC,771,280,257317000,0.79958333333333342
2015-11-14 00:00:00 UTC,771,278,257317000,0.76916666666666655
2015-11-14 00:00:00 UTC,771,279,257317000,0.7975
2015-11-14 00:00:00 UTC,771,284,257317000,1.5833333333333333
2015-11-14 00:00:00 UTC,771,275,218799000,1.0033333333333334
2015-11-14 00:00:00 UTC,771,276,218799000,2.1702777777777778
2015-11-14 00:00:00 UTC,771,282,273370020,2.1906944444444445
2015-11-14 00:00:00 UTC,771,281,273370020,1.7331944444444443
2015-11-14 00:00:00 UTC,771,280,273370020,3.3713888888888883
2015-11-14 00:00:00 UTC,771,278,259683000,1.6954166666666668
2015-11-14 00:00:00 UTC,771,275,259683000,0.79041666666666666
2015-11-14 00:00:00 UTC,771,273,259683000,0.99805555555555547
2015-11-14 00:00:00 UTC,771,277,259683000,2.9106944444444443
2015-11-14 00:00:00 UTC,771,280,259683000,2.3211111111111111
2015-11-14 00:00:00 UTC,771,281,259683000,2.8294444444444449
2015-11-14 00:00:00 UTC,771,283,257656000,1.5208333333333335
2015-11-14 00:00:00 UTC,771,282,257656000,1.598611111111111
2015-11-14 00:00:00 UTC,771,285,257656000,0.73388888888888892
2015-11-14 00:00:00 UTC,771,280,257656000,1.5973611111111112
2015-11-14 00:00:00 UTC,771,281,257656000,1.5888888888888886
2015-11-14 00:00:00 UTC,771,284,257656000,1.7252777777777777
2015-11-14 00:00:00 UTC,771,281,263586000,1.5833333333333335
2015-11-14 00:00:00 UTC,771,283,263586000,1.5634722222222219
2015-11-14 00:00:00 UTC,771,282,263586000,1.0777777777777777
2015-11-14 00:00:00 UTC,771,127,273350610,0.64138888888888879
2015-11-14 00:00:00 UTC,771,129,273350610,0.79736111111111108
2015-11-14 00:00:00 UTC,771,130,273350610,0.78597222222222218
2015-11-14 00:00:00 UTC,771,128,273350610,0.78333333333333333
2015-11-14 00:00:00 UTC,771,283,257153500,3.1708333333333334
2015-11-14 00:00:00 UTC,771,279,257153500,1.6665277777777776
2015-11-14 00:00:00 UTC,771,285,235103197,1.5708333333333337
2015-11-14 00:00:00 UTC,771,281,235103197,2.3680555555555558
2015-11-14 00:00:00 UTC,771,280,235103197,0.8175
2015-11-14 00:00:00 UTC,771,283,235103197,1.531666666666667
2015-11-14 00:00:00 UTC,771,284,235103197,0.053888888888888889
2015-11-14 00:00:00 UTC,771,280,273430750,1.59625
2015-11-14 00:00:00 UTC,771,281,273430750,1.5641666666666665
2015-11-14 00:00:00 UTC,771,286,227489000,0.78499999999999992
2015-11-14 00:00:00 UTC,771,281,227489000,2.8525
2015-11-14 00:00:00 UTC,771,280,273326830,0.17486111111111113
2015-11-14 00:00:00 UTC,771,281,273326830,0.625
2015-11-14 00:00:00 UTC,-253,542,660000300,1.1361111111111111
2015-11-14 00:00:00 UTC,-253,778,224696000,1.5658333333333334
2015-11-14 00:00:00 UTC,4,1714,412694570,1.8026388888888887
2015-11-14 00:00:00 UTC,4,-1693,416004409,2.3001388888888887
2015-11-14 00:00:00 UTC,4,-1694,416004409,2.51625
2015-11-14 00:00:00 UTC,4,-1091,224017000,1.0823611111111111
2015-11-14 00:00:00 UTC,4,-1092,224017000,3.2711111111111109
2015-11-14 00:00:00 UTC,4,-1094,224051350,4.6472222222222221
2015-11-14 00:00:00 UTC,4,1764,440504000,1.6061111111111113
2015-11-14 00:00:00 UTC,4,-1578,416003822,3.5795833333333333
2015-11-14 00:00:00 UTC,516,1790,366988820,0.84402777777777782
2015-11-14 00:00:00 UTC,516,1784,366988820,0.9243055555555556
2015-11-14 00:00:00 UTC,516,1783,366988820,0.18986111111111112
2015-11-14 00:00:00 UTC,516,1791,366988820,0.78611111111111109
2015-11-14 00:00:00 UTC,516,39,245737000,1.8040277777777776
2015-11-14 00:00:00 UTC,516,-106,227385000,0.41138888888888892
2015-11-14 00:00:00 UTC,516,-107,227385000,0.34013888888888888
2015-11-14 00:00:00 UTC,516,17,205165000,9.9894444444444446
2015-11-14 00:00:00 UTC,516,18,205153000,2.705
2015-11-14 00:00:00 UTC,772,288,227360000,0.77333333333333332
2015-11-14 00:00:00 UTC,772,287,227360000,0.80722222222222217
2015-11-14 00:00:00 UTC,772,279,227360000,0.7875
2015-11-14 00:00:00 UTC,772,278,273355290,1.5650000000000002
2015-11-14 00:00:00 UTC,772,280,273355290,1.5026388888888891
2015-11-14 00:00:00 UTC,772,279,273355290,1.8920833333333333
2015-11-14 00:00:00 UTC,772,277,273555500,1.5619444444444444
2015-11-14 00:00:00 UTC,772,276,273555500,0.78597222222222218
2015-11-14 00:00:00 UTC,772,279,273555500,0.71333333333333326
2015-11-14 00:00:00 UTC,772,275,273555500,0.78194444444444444
2015-11-14 00:00:00 UTC,772,278,273555500,2.443055555555556
2015-11-14 00:00:00 UTC,772,280,259666000,1.5445833333333334
2015-11-14 00:00:00 UTC,772,278,259666000,4.7759722222222223
2015-11-14 00:00:00 UTC,772,281,259666000,0.81819444444444445
2015-11-14 00:00:00 UTC,772,279,259666000,0.79013888888888884
2015-11-14 00:00:00 UTC,772,276,261383000,0.39125
2015-11-14 00:00:00 UTC,772,271,211207270,0.76458333333333328
2015-11-14 00:00:00 UTC,772,270,211207270,0.79736111111111119
2015-11-14 00:00:00 UTC,772,282,273370020,0.95166666666666666
2015-11-14 00:00:00 UTC,772,280,273370020,2.1434722222222224
2015-11-14 00:00:00 UTC,772,296,273212100,0.7875
2015-11-14 00:00:00 UTC,772,295,273212100,1.5741666666666667
2015-11-14 00:00:00 UTC,772,282,263586000,1.57625
2015-11-14 00:00:00 UTC,772,127,273350610,0.93347222222222226
2015-11-14 00:00:00 UTC,772,126,273350610,1.5554166666666667
2015-11-14 00:00:00 UTC,772,275,257153500,1.5359722222222223
2015-11-14 00:00:00 UTC,772,276,257153500,0.79708333333333337
2015-11-14 00:00:00 UTC,772,278,257153500,0.81541666666666668
2015-11-14 00:00:00 UTC,772,285,235103197,1.5572222222222223
2015-11-14 00:00:00 UTC,772,282,273430750,1.5938888888888889
2015-11-14 00:00:00 UTC,772,286,227489000,1.587361111111111
2015-11-14 00:00:00 UTC,772,282,273326830,1.5831944444444446
2015-11-14 00:00:00 UTC,-252,542,660000300,1.7430555555555551
2015-11-14 00:00:00 UTC,-252,353,650027000,4.4211111111111121
2015-11-14 00:00:00 UTC,5,1713,412694570,5.2625
2015-11-14 00:00:00 UTC,5,1714,412694570,2.0444444444444447
2015-11-14 00:00:00 UTC,5,-1693,416004409,1.8115277777777776
2015-11-14 00:00:00 UTC,5,-1695,416004409,0.87388888888888883
2015-11-14 00:00:00 UTC,5,45,228167000,1.673888888888889
2015-11-14 00:00:00 UTC,5,-1092,224017000,5.0552777777777775
2015-11-14 00:00:00 UTC,5,-254,224752000,0.72083333333333333
2015-11-14 00:00:00 UTC,5,-1566,416200071,4.7979166666666675
2015-11-14 00:00:00 UTC,5,1,224709000,0.64027777777777772
2015-11-14 00:00:00 UTC,5,-1571,416004553,2.8001388888888892
2015-11-14 00:00:00 UTC,5,-1570,416004553,4.75625
2015-11-14 00:00:00 UTC,5,-1572,416004553,6.0775000000000006
2015-11-14 00:00:00 UTC,5,-1578,416003822,1.6543055555555557
2015-11-14 00:00:00 UTC,517,1791,366988820,1.622222222222222
2015-11-14 00:00:00 UTC,517,1785,366988820,0.32611111111111113
2015-11-14 00:00:00 UTC,517,-1307,316001649,3.1952777777777777
2015-11-14 00:00:00 UTC,517,-149,232006270,2.955972222222222
2015-11-14 00:00:00 UTC,517,-137,232006840,5.2620833333333339
2015-11-14 00:00:00 UTC,517,17,205165000,8.9380555555555521
2015-11-14 00:00:00 UTC,517,19,205153000,1.3993055555555556
2015-11-14 00:00:00 UTC,517,20,205153000,1.0486111111111112
2015-11-14 00:00:00 UTC,517,18,205153000,1.6438888888888887
2015-11-14 00:00:00 UTC,773,288,227360000,1.0302777777777776
2015-11-14 00:00:00 UTC,773,289,227360000,1.347361111111111
2015-11-14 00:00:00 UTC,773,280,273355290,1.5793055555555555
2015-11-14 00:00:00 UTC,773,282,273355290,1.329722222222222
2015-11-14 00:00:00 UTC,773,274,273555500,0.75874999999999992
2015-11-14 00:00:00 UTC,773,283,273354820,0.78347222222222224
2015-11-14 00:00:00 UTC,773,281,273354820,0.56763888888888892
2015-11-14 00:00:00 UTC,773,282,273298800,1.2809722222222222
2015-11-14 00:00:00 UTC,773,282,273370020,1.4265277777777778
2015-11-14 00:00:00 UTC,773,283,273370020,0.78041666666666665
2015-11-14 00:00:00 UTC,773,285,273370020,1.2770833333333333
2015-11-14 00:00:00 UTC,773,297,273212100,1.5808333333333333
2015-11-14 00:00:00 UTC,773,296,273212100,1.6876388888888889
2015-11-14 00:00:00 UTC,773,295,273212100,0.798611111111111
2015-11-14 00:00:00 UTC,773,282,263586000,1.6165277777777778
2015-11-14 00:00:00 UTC,773,125,273350610,0.83777777777777773
2015-11-14 00:00:00 UTC,773,124,273350610,1.5173611111111112
2015-11-14 00:00:00 UTC,773,123,273350610,0.8158333333333333
2015-11-14 00:00:00 UTC,773,284,235103197,1.8087499999999996
2015-11-14 00:00:00 UTC,773,282,273430750,1.5573611111111112
2015-11-14 00:00:00 UTC,773,287,227489000,1.0138888888888888
2015-11-14 00:00:00 UTC,773,290,227489000,4.433472222222222
2015-11-14 00:00:00 UTC,773,286,227489000,0.80402777777777779
2015-11-14 00:00:00 UTC,773,284,273326830,0.809861111111111
2015-11-14 00:00:00 UTC,773,283,273326830,0.78263888888888888
2015-11-14 00:00:00 UTC,-251,541,660000300,0.66708333333333336
2015-11-14 00:00:00 UTC,-251,542,660000300,1.4554166666666668
2015-11-14 00:00:00 UTC,-251,543,660000300,3.1566666666666663
2015-11-14 00:00:00 UTC,-251,872,224130000,1.7833333333333332
2015-11-14 00:00:00 UTC,-251,873,224130000,0.53111111111111109
2015-11-14 00:00:00 UTC,-251,353,650027000,3.9097222222222219
2015-11-14 00:00:00 UTC,6,1753,412460296,2.01
2015-11-14 00:00:00 UTC,6,1751,412460296,3.0290277777777783
2015-11-14 00:00:00 UTC,6,-1694,416004409,2.7834722222222212
2015-11-14 00:00:00 UTC,6,-1693,416004409,2.3015277777777778
2015-11-14 00:00:00 UTC,6,-1695,416004409,2.5111111111111111
2015-11-14 00:00:00 UTC,6,-1696,416004409,1.1080555555555556
2015-11-14 00:00:00 UTC,6,45,228167000,3.0659722222222228
2015-11-14 00:00:00 UTC,6,-1566,416200071,6.1220833333333333
2015-11-14 00:00:00 UTC,6,-1567,416200071,4.3815277777777775
2015-11-14 00:00:00 UTC,6,-1568,416200071,1.4708333333333334
2015-11-14 00:00:00 UTC,6,-1569,416200071,1.3205555555555555
2015-11-14 00:00:00 UTC,6,-1570,416200071,4.70625
2015-11-14 00:00:00 UTC,6,-1563,416200071,4.3690277777777773
2015-11-14 00:00:00 UTC,6,-1563,416003803,2.5277777777777777
2015-11-14 00:00:00 UTC,6,-1579,416003822,1.3297222222222222
2015-11-14 00:00:00 UTC,6,-1578,416003822,0.63944444444444437
2015-11-14 00:00:00 UTC,262,-151,224000240,2.42875
2015-11-14 00:00:00 UTC,262,-152,224000240,1.8286111111111112
2015-11-14 00:00:00 UTC,518,-137,224010000,2.7527777777777773
2015-11-14 00:00:00 UTC,518,-120,227583000,0.67041666666666666
2015-11-14 00:00:00 UTC,518,-137,227107100,1.7515277777777776
2015-11-14 00:00:00 UTC,518,-138,224020340,9.30736111111111
2015-11-14 00:00:00 UTC,518,-140,224020340,5.5469444444444438
2015-11-14 00:00:00 UTC,518,17,205165000,2.3463888888888889
2015-11-14 00:00:00 UTC,518,-137,224268000,1.5372222222222223
2015-11-14 00:00:00 UTC,518,20,205153000,1.8833333333333333
2015-11-14 00:00:00 UTC,774,304,273550600,0.81333333333333324
2015-11-14 00:00:00 UTC,774,296,273550600,0.38680555555555557
2015-11-14 00:00:00 UTC,774,300,273550600,0.64111111111111108
2015-11-14 00:00:00 UTC,774,306,273550600,0.77958333333333352
2015-11-14 00:00:00 UTC,774,305,273550600,0.78472222222222221
2015-11-14 00:00:00 UTC,774,293,273550600,0.79291666666666671
2015-11-14 00:00:00 UTC,774,303,273550600,0.790138888888889
2015-11-14 00:00:00 UTC,774,299,273550600,1.0081944444444442
2015-11-14 00:00:00 UTC,774,290,273550600,0.79583333333333339
2015-11-14 00:00:00 UTC,774,301,273550600,0.87444444444444447
2015-11-14 00:00:00 UTC,774,285,273550600,0.81819444444444445
2015-11-14 00:00:00 UTC,774,302,273550600,0.65916666666666668
2015-11-14 00:00:00 UTC,774,295,273550600,1.1715277777777777
2015-11-14 00:00:00 UTC,774,289,273550600,0.78652777777777771
2015-11-14 00:00:00 UTC,774,287,273550600,0.7745833333333334
2015-11-14 00:00:00 UTC,774,284,273355290,0.81055555555555547
2015-11-14 00:00:00 UTC,774,287,273355290,0.76847222222222222
2015-11-14 00:00:00 UTC,774,282,273355290,1.5990277777777777
2015-11-14 00:00:00 UTC,774,285,273355290,0.77666666666666662
2015-11-14 00:00:00 UTC,774,283,273355290,0.757638888888889
2015-11-14 00:00:00 UTC,774,291,273296700,1.5941666666666663
2015-11-14 00:00:00 UTC,774,284,273296700,1.5497222222222222
2015-11-14 00:00:00 UTC,774,288,273296700,0.77069444444444446
2015-11-14 00:00:00 UTC,774,294,273296700,2.0698611111111109
2015-11-14 00:00:00 UTC,774,290,273296700,1.7966666666666669
2015-11-14 00:00:00 UTC,774,295,273296700,0.86180555555555549
2015-11-14 00:00:00 UTC,774,285,273296700,0.77527777777777773
2015-11-14 00:00:00 UTC,774,282,273296700,3.129027777777778
2015-11-14 00:00:00 UTC,774,286,273296700,2.5984722222222221
2015-11-14 00:00:00 UTC,774,281,273296700,2.5077777777777781
2015-11-14 00:00:00 UTC,774,287,273296700,1.3352777777777773
2015-11-14 00:00:00 UTC,774,286,273354820,0.77555555555555555
2015-11-14 00:00:00 UTC,774,283,273354820,0.81847222222222227
2015-11-14 00:00:00 UTC,774,291,273354820,0.47013888888888888
2015-11-14 00:00:00 UTC,774,284,273354820,0.76458333333333339
2015-11-14 00:00:00 UTC,774,289,273295700,2.0644444444444443
2015-11-14 00:00:00 UTC,774,287,273295700,0.77486111111111111
2015-11-14 00:00:00 UTC,774,288,273295700,0.75916666666666666
2015-11-14 00:00:00 UTC,774,292,273295700,0.85305555555555546
2015-11-14 00:00:00 UTC,774,294,273295700,0.76111111111111107
2015-11-14 00:00:00 UTC,774,291,273295700,3.0605555555555553
2015-11-14 00:00:00 UTC,774,293,273295700,0.83083333333333342
2015-11-14 00:00:00 UTC,774,282,273316960,0.48944444444444446
2015-11-14 00:00:00 UTC,774,282,224572000,0.95222222222222219
2015-11-14 00:00:00 UTC,774,282,273298800,1.5918055555555557
2015-11-14 00:00:00 UTC,774,283,273298800,0.78625
2015-11-14 00:00:00 UTC,774,288,273298800,1.6304166666666666
2015-11-14 00:00:00 UTC,774,296,273298800,0.77777777777777779
2015-11-14 00:00:00 UTC,774,287,273298800,2.3698611111111108
2015-11-14 00:00:00 UTC,774,295,273298800,0.80555555555555569
2015-11-14 00:00:00 UTC,774,284,273298800,0.9688888888888888
2015-11-14 00:00:00 UTC,774,291,273298800,2.402222222222222
2015-11-14 00:00:00 UTC,774,283,273431440,0.77402777777777776
2015-11-14 00:00:00 UTC,774,296,273431440,1.5918055555555557
2015-11-14 00:00:00 UTC,774,280,273431440,0.77875
2015-11-14 00:00:00 UTC,774,287,273431440,4.088055555555556
2015-11-14 00:00:00 UTC,774,281,273431440,0.21611111111111111
2015-11-14 00:00:00 UTC,774,289,273431440,0.23041666666666669
2015-11-14 00:00:00 UTC,774,290,273431440,0.54194444444444445
2015-11-14 00:00:00 UTC,774,291,273431440,1.6376388888888889
2015-11-14 00:00:00 UTC,774,282,273431440,1.4184722222222224
2015-11-14 00:00:00 UTC,774,292,273431440,1.5397222222222222
2015-11-14 00:00:00 UTC,774,285,273370020,0.78208333333333324
2015-11-14 00:00:00 UTC,774,287,273370020,0.77333333333333343
2015-11-14 00:00:00 UTC,774,283,273370020,0.78194444444444444
2015-11-14 00:00:00 UTC,774,289,273370020,1.6822222222222223
2015-11-14 00:00:00 UTC,774,284,273370020,0.8026388888888889
2015-11-14 00:00:00 UTC,774,295,273212100,1.9872222222222222
2015-11-14 00:00:00 UTC,774,285,273212100,0.72930555555555554
2015-11-14 00:00:00 UTC,774,288,273212100,0.76236111111111116
2015-11-14 00:00:00 UTC,774,294,273212100,0.36638888888888888
2015-11-14 00:00:00 UTC,774,292,273212100,0.80569444444444449
2015-11-14 00:00:00 UTC,774,282,273212100,0.087222222222222229
2015-11-14 00:00:00 UTC,774,284,273212100,0.86152777777777778
2015-11-14 00:00:00 UTC,774,283,273212100,0.69555555555555548
2015-11-14 00:00:00 UTC,774,293,273212100,0.79930555555555549
2015-11-14 00:00:00 UTC,774,289,273212100,0.8175
2015-11-14 00:00:00 UTC,774,291,273212100,0.7725
2015-11-14 00:00:00 UTC,774,282,263586000,1.6031944444444446
2015-11-14 00:00:00 UTC,774,284,263586000,0.928888888888889
2015-11-14 00:00:00 UTC,774,285,263586000,0.65013888888888893
2015-11-14 00:00:00 UTC,774,123,273350610,1.5737499999999998
2015-11-14 00:00:00 UTC,774,126,273350610,1.7431944444444445
2015-11-14 00:00:00 UTC,774,285,235103197,1.3483333333333332
2015-11-14 00:00:00 UTC,774,288,273430750,1.6220833333333333
2015-11-14 00:00:00 UTC,774,290,273430750,0.77222222222222214
2015-11-14 00:00:00 UTC,774,285,273430750,1.5773611111111112
2015-11-14 00:00:00 UTC,774,283,273326830,1.5893055555555555
2015-11-14 00:00:00 UTC,-250,543,660000300,1.2234722222222221
2015-11-14 00:00:00 UTC,-250,542,660000300,0.5345833333333333
2015-11-14 00:00:00 UTC,-250,869,224130000,1.0670833333333332
2015-11-14 00:00:00 UTC,-250,870,224130000,1.0008333333333332
2015-11-14 00:00:00 UTC,-250,871,224130000,1.0840277777777778
2015-11-14 00:00:00 UTC,-250,354,650027000,9.6443055555555564
2015-11-14 00:00:00 UTC,-250,353,650027000,0.20819444444444443
2015-11-14 00:00:00 UTC,7,-1480,440820000,0.88069444444444445
2015-11-14 00:00:00 UTC,7,-1481,440820000,0.52499999999999991
2015-11-14 00:00:00 UTC,7,-1696,416004409,2.2288888888888891
2015-11-14 00:00:00 UTC,7,-1563,416003803,1.1215277777777777
2015-11-14 00:00:00 UTC,7,-1562,416003803,1.341388888888889
2015-11-14 00:00:00 UTC,7,-1579,416003822,4.7656944444444447
2015-11-14 00:00:00 UTC,7,-1578,416003822,4.3295833333333329
2015-11-14 00:00:00 UTC,263,-151,224040840,1.5951388888888889
2015-11-14 00:00:00 UTC,263,-152,224040840,1.0580555555555555
2015-11-14 00:00:00 UTC,263,-152,224051140,14.401527777777781
2015-11-14 00:00:00 UTC,263,-150,224000240,4.7043055555555569
2015-11-14 00:00:00 UTC,263,-151,224000240,9.4156944444444441
2015-11-14 00:00:00 UTC,519,-137,224010000,3.3336111111111109
2015-11-14 00:00:00 UTC,519,-121,227583000,0.88055555555555554
2015-11-14 00:00:00 UTC,519,-137,227107100,4.1568055555555556
2015-11-14 00:00:00 UTC,519,-136,227389000,1.5579166666666668
2015-11-14 00:00:00 UTC,519,-135,227389000,1.0241666666666667
2015-11-14 00:00:00 UTC,519,-137,227385000,0.34736111111111112
2015-11-14 00:00:00 UTC,519,-136,227385000,3.3095833333333333
2015-11-14 00:00:00 UTC,519,-137,224268000,18.930555555555557
2015-11-14 00:00:00 UTC,519,-136,224268000,0.70583333333333331
2015-11-14 00:00:00 UTC,519,20,205153000,8.42236111111111
2015-11-14 00:00:00 UTC,775,286,273550600,0.73152777777777767
2015-11-14 00:00:00 UTC,775,296,273550600,1.5806944444444442
2015-11-14 00:00:00 UTC,775,293,273550600,0.76694444444444443
2015-11-14 00:00:00 UTC,775,290,273550600,3.1598611111111112
2015-11-14 00:00:00 UTC,775,294,273550600,0.78597222222222218
2015-11-14 00:00:00 UTC,775,298,273550600,0.79472222222222222
2015-11-14 00:00:00 UTC,775,291,273550600,0.8668055555555555
2015-11-14 00:00:00 UTC,775,292,273550600,0.79458333333333331
2015-11-14 00:00:00 UTC,775,297,273550600,0.78
2015-11-14 00:00:00 UTC,775,285,273550600,0.86888888888888882
2015-11-14 00:00:00 UTC,775,289,273550600,0.76930555555555546
2015-11-14 00:00:00 UTC,775,288,273355290,0.801527777777778
2015-11-14 00:00:00 UTC,775,287,273355290,0.758888888888889
2015-11-14 00:00:00 UTC,775,296,273355290,1.5480555555555555
2015-11-14 00:00:00 UTC,775,294,273355290,0.88833333333333331
2015-11-14 00:00:00 UTC,775,293,273355290,0.7943055555555556
2015-11-14 00:00:00 UTC,775,292,273355290,0.78194444444444444
2015-11-14 00:00:00 UTC,775,289,273355290,0.82166666666666666
2015-11-14 00:00:00 UTC,775,291,273355290,0.79152777777777783
2015-11-14 00:00:00 UTC,775,286,273296700,1.2997222222222222
2015-11-14 00:00:00 UTC,775,290,273296700,0.79055555555555557
2015-11-14 00:00:00 UTC,775,291,273296700,0.79305555555555562
2015-11-14 00:00:00 UTC,775,288,273296700,0.78736111111111118
2015-11-14 00:00:00 UTC,775,285,273296700,0.24902777777777776
2015-11-14 00:00:00 UTC,775,293,273296700,0.87222222222222223
2015-11-14 00:00:00 UTC,775,289,273354820,1.2708333333333333
2015-11-14 00:00:00 UTC,775,294,273354820,1.214722222222222
2015-11-14 00:00:00 UTC,775,293,273354820,0.79208333333333325
2015-11-14 00:00:00 UTC,775,295,273354820,0.77847222222222223
2015-11-14 00:00:00 UTC,775,120,273517900,1.5636111111111111
2015-11-14 00:00:00 UTC,775,121,273517900,0.77388888888888885
2015-11-14 00:00:00 UTC,775,295,273295700,0.81666666666666665
2015-11-14 00:00:00 UTC,775,292,273295700,1.24125
2015-11-14 00:00:00 UTC,775,290,273295700,0.77222222222222214
2015-11-14 00:00:00 UTC,775,293,273295700,0.37819444444444444
2015-11-14 00:00:00 UTC,775,287,273295700,0.85
2015-11-14 00:00:00 UTC,775,285,273295700,3.9533333333333331
2015-11-14 00:00:00 UTC,775,289,273295700,1.5959722222222223
2015-11-14 00:00:00 UTC,775,283,273295700,0.79444444444444451
2015-11-14 00:00:00 UTC,775,286,273295700,1.5527777777777778
2015-11-14 00:00:00 UTC,775,282,273295700,0.79444444444444451
2015-11-14 00:00:00 UTC,775,288,273295700,0.80569444444444438
2015-11-14 00:00:00 UTC,775,284,273295700,0.78319444444444442
2015-11-14 00:00:00 UTC,775,290,273316960,0.77875
2015-11-14 00:00:00 UTC,775,284,273316960,0.78638888888888892
2015-11-14 00:00:00 UTC,775,286,273316960,0.78861111111111115
2015-11-14 00:00:00 UTC,775,288,273316960,0.87791666666666668
2015-11-14 00:00:00 UTC,775,286,224572000,1.6541666666666668
2015-11-14 00:00:00 UTC,775,291,224572000,1.3493055555555555
2015-11-14 00:00:00 UTC,775,284,273298800,0.82208333333333328
2015-11-14 00:00:00 UTC,775,295,273298800,2.3805555555555555
2015-11-14 00:00:00 UTC,775,281,273298800,1.5723611111111109
2015-11-14 00:00:00 UTC,775,289,273298800,2.3915277777777777
2015-11-14 00:00:00 UTC,775,288,273298800,0.78611111111111109
2015-11-14 00:00:00 UTC,775,291,273298800,1.3672222222222223
2015-11-14 00:00:00 UTC,775,286,273298800,0.77222222222222214
2015-11-14 00:00:00 UTC,775,296,273298800,1.6084722222222221
2015-11-14 00:00:00 UTC,775,283,273431440,0.57069444444444439
2015-11-14 00:00:00 UTC,775,290,273431440,0.76750000000000007
2015-11-14 00:00:00 UTC,775,285,273431440,0.77736111111111106
2015-11-14 00:00:00 UTC,775,291,273431440,0.78597222222222229
2015-11-14 00:00:00 UTC,775,284,273431440,1.0104166666666667
2015-11-14 00:00:00 UTC,775,287,273431440,1.4166666666666665
2015-11-14 00:00:00 UTC,775,292,273431440,0.84944444444444445
2015-11-14 00:00:00 UTC,775,296,273431440,1.564861111111111
2015-11-14 00:00:00 UTC,775,294,273431440,0.78097222222222218
2015-11-14 00:00:00 UTC,775,286,273431440,0.77597222222222217
2015-11-14 00:00:00 UTC,775,293,273431440,0.85347222222222219
2015-11-14 00:00:00 UTC,775,288,273431440,0.80152777777777784
2015-11-14 00:00:00 UTC,775,286,273370020,0.77611111111111108
2015-11-14 00:00:00 UTC,775,289,273370020,0.8125
2015-11-14 00:00:00 UTC,775,291,273370020,0.788888888888889
2015-11-14 00:00:00 UTC,775,286,273425330,1.6112499999999996
2015-11-14 00:00:00 UTC,775,284,273425330,0.80819444444444444
2015-11-14 00:00:00 UTC,775,283,273425330,0.7875
2015-11-14 00:00:00 UTC,775,288,273425330,0.84166666666666667
2015-11-14 00:00:00 UTC,775,290,273425330,1.5859722222222221
2015-11-14 00:00:00 UTC,775,289,273425330,0.8041666666666667
2015-11-14 00:00:00 UTC,775,295,273212100,1.797361111111111
2015-11-14 00:00:00 UTC,775,292,273212100,0.76416666666666666
2015-11-14 00:00:00 UTC,775,282,273212100,0.76375
2015-11-14 00:00:00 UTC,775,300,273212100,0.47513888888888883
2015-11-14 00:00:00 UTC,775,280,273212100,1.5843055555555556
2015-11-14 00:00:00 UTC,775,287,273212100,1.6383333333333332
2015-11-14 00:00:00 UTC,775,287,263586000,0.77041666666666675
2015-11-14 00:00:00 UTC,775,289,263586000,0.54666666666666663
2015-11-14 00:00:00 UTC,775,288,263586000,0.24291666666666667
2015-11-14 00:00:00 UTC,775,293,273430750,1.2186111111111111
2015-11-14 00:00:00 UTC,775,296,273430750,1.5515277777777778
2015-11-14 00:00:00 UTC,775,289,273430750,1.2770833333333333
2015-11-14 00:00:00 UTC,775,288,273430750,1.0838888888888889
2015-11-14 00:00:00 UTC,775,291,273430750,1.2898611111111111
2015-11-14 00:00:00 UTC,775,281,273326830,0.49222222222222217
2015-11-14 00:00:00 UTC,775,286,273326830,0.75583333333333336
2015-11-14 00:00:00 UTC,775,290,273326830,0.76125
2015-11-14 00:00:00 UTC,775,285,273326830,0.77486111111111111
2015-11-14 00:00:00 UTC,775,287,273326830,0.87722222222222224
2015-11-14 00:00:00 UTC,775,280,273326830,0.78152777777777771
2015-11-14 00:00:00 UTC,775,291,273326830,0.83958333333333335
2015-11-14 00:00:00 UTC,-505,-577,224378000,2.3523611111111107
2015-11-14 00:00:00 UTC,-249,37,224094520,0.19611111111111112
2015-11-14 00:00:00 UTC,-249,867,224130000,1.4209722222222223
2015-11-14 00:00:00 UTC,-249,868,224130000,1.3151388888888889
2015-11-14 00:00:00 UTC,-249,866,224130000,0.34027777777777779
2015-11-14 00:00:00 UTC,-249,354,650027000,2.0486111111111112
2015-11-14 00:00:00 UTC,8,-1480,440820000,1.6984722222222222
2015-11-14 00:00:00 UTC,8,-1568,416004553,6.1311111111111112
2015-11-14 00:00:00 UTC,8,-1570,416004553,4.7777777777777786
2015-11-14 00:00:00 UTC,8,-1562,416003803,0.512361111111111
2015-11-14 00:00:00 UTC,8,-1563,416003803,2.7009722222222221
2015-11-14 00:00:00 UTC,264,-151,224040840,11.607777777777782
2015-11-14 00:00:00 UTC,264,-150,224040840,5.6334722222222222
2015-11-14 00:00:00 UTC,264,-152,224051140,10.703888888888889
2015-11-14 00:00:00 UTC,264,-150,224000240,5.6752777777777768
2015-11-14 00:00:00 UTC,520,-137,224010000,10.608194444444445
2015-11-14 00:00:00 UTC,520,-122,227583000,1.3951388888888889
2015-11-14 00:00:00 UTC,520,-139,250184000,1.1986111111111111
2015-11-14 00:00:00 UTC,520,-140,250184000,6.9518055555555556
2015-11-14 00:00:00 UTC,520,-139,227570000,0.42041666666666666
2015-11-14 00:00:00 UTC,520,-140,227570000,5.2418055555555565
2015-11-14 00:00:00 UTC,520,-104,232006810,1.3970833333333332
2015-11-14 00:00:00 UTC,520,-105,232006810,0.97236111111111123
2015-11-14 00:00:00 UTC,520,-103,232006810,0.25319444444444444
2015-11-14 00:00:00 UTC,520,-137,235054804,5.456666666666667
2015-11-14 00:00:00 UTC,520,-138,235054804,1.7570833333333331
2015-11-14 00:00:00 UTC,776,297,273355290,0.33916666666666673
2015-11-14 00:00:00 UTC,776,298,273355290,0.46916666666666668
2015-11-14 00:00:00 UTC,776,121,273517900,0.95583333333333342
2015-11-14 00:00:00 UTC,776,119,273517900,5.7663888888888888
2015-11-14 00:00:00 UTC,776,118,273517900,3.9022222222222225
2015-11-14 00:00:00 UTC,776,117,273517900,1.1372222222222221
2015-11-14 00:00:00 UTC,776,120,273517900,3.3445833333333339
2015-11-14 00:00:00 UTC,776,303,273212100,0.80833333333333335
2015-11-14 00:00:00 UTC,776,304,273212100,0.53347222222222224
2015-11-14 00:00:00 UTC,776,300,273212100,0.30736111111111108
2015-11-14 00:00:00 UTC,776,288,273430750,0.78916666666666668
2015-11-14 00:00:00 UTC,-504,-610,224754000,1.5194444444444444
2015-11-14 00:00:00 UTC,-504,-612,224754000,1.2531944444444445
2015-11-14 00:00:00 UTC,-504,-609,224754000,1.4333333333333333
2015-11-14 00:00:00 UTC,-504,-607,224754000,0.892638888888889
2015-11-14 00:00:00 UTC,-504,-583,224378000,0.56527777777777777
2015-11-14 00:00:00 UTC,-504,-581,224378000,2.5184722222222224
2015-11-14 00:00:00 UTC,-504,-582,224378000,1.1618055555555555
2015-11-14 00:00:00 UTC,-248,865,224130000,2.5643055555555558
2015-11-14 00:00:00 UTC,-248,866,224130000,0.72333333333333327
2015-11-14 00:00:00 UTC,-248,354,650027000,0.62777777777777777
2015-11-14 00:00:00 UTC,-248,355,650027000,1.3513888888888888
2015-11-14 00:00:00 UTC,9,-1480,440820000,0.4818055555555556
2015-11-14 00:00:00 UTC,9,-1481,440820000,1.0322222222222222
2015-11-14 00:00:00 UTC,9,1626,412460114,1.3234722222222222
2015-11-14 00:00:00 UTC,9,-1563,416003803,1.3848611111111111
2015-11-14 00:00:00 UTC,265,-150,224040840,4.5176388888888894
2015-11-14 00:00:00 UTC,521,-136,227957000,4.7420833333333334
2015-11-14 00:00:00 UTC,521,-140,227570000,11.357083333333334
2015-11-14 00:00:00 UTC,521,-136,235054804,4.2022222222222219
2015-11-14 00:00:00 UTC,521,-137,235054804,1.8899999999999997
2015-11-14 00:00:00 UTC,521,-70,250106600,5.7348611111111119
2015-11-14 00:00:00 UTC,521,-141,227894000,2.4004166666666666
2015-11-14 00:00:00 UTC,521,-139,227894000,1.19625
2015-11-14 00:00:00 UTC,777,316,273355780,0.79458333333333331
2015-11-14 00:00:00 UTC,777,315,273355780,0.83055555555555549
2015-11-14 00:00:00 UTC,777,317,273355780,1.5670833333333332
2015-11-14 00:00:00 UTC,777,119,273517900,1.2955555555555556
2015-11-14 00:00:00 UTC,777,118,273517900,3.2737499999999997
2015-11-14 00:00:00 UTC,777,117,273517900,2.2505555555555556
2015-11-14 00:00:00 UTC,-503,-583,740349000,7.574583333333333
2015-11-14 00:00:00 UTC,-503,-584,740349000,0.48597222222222219
2015-11-14 00:00:00 UTC,-503,-606,224754000,1.0140277777777778
2015-11-14 00:00:00 UTC,-503,-586,224378000,0.9256944444444446
2015-11-14 00:00:00 UTC,-503,-583,224378000,0.11402777777777778
2015-11-14 00:00:00 UTC,-503,-585,224378000,0.91819444444444442
2015-11-14 00:00:00 UTC,-503,-589,224378000,0.95152777777777775
2015-11-14 00:00:00 UTC,-503,-584,224378000,0.6118055555555556
2015-11-14 00:00:00 UTC,-503,-587,224378000,0.94083333333333363
2015-11-14 00:00:00 UTC,-503,-588,224378000,1.0416666666666665
2015-11-14 00:00:00 UTC,-247,789,263582000,0.49472222222222217
2015-11-14 00:00:00 UTC,-247,788,263582000,0.69819444444444445
2015-11-14 00:00:00 UTC,-247,783,263582000,1.9234722222222218
2015-11-14 00:00:00 UTC,-247,787,263582000,0.75166666666666671
2015-11-14 00:00:00 UTC,-247,785,263582000,0.35819444444444448
2015-11-14 00:00:00 UTC,-247,786,263582000,0.67777777777777781
2015-11-14 00:00:00 UTC,-247,784,263582000,0.72652777777777777
2015-11-14 00:00:00 UTC,-247,355,650027000,0.85819444444444437
2015-11-14 00:00:00 UTC,10,-1481,440820000,1.4031944444444442
2015-11-14 00:00:00 UTC,10,1747,440617000,4.3873611111111117
2015-11-14 00:00:00 UTC,10,1744,440617000,1.7447222222222221
2015-11-14 00:00:00 UTC,10,1743,440617000,5.2440277777777782
2015-11-14 00:00:00 UTC,10,1746,440617000,4.9083333333333341
2015-11-14 00:00:00 UTC,10,-1563,416003803,1.284861111111111
2015-11-14 00:00:00 UTC,10,-1127,735058912,1.6665277777777774
2015-11-14 00:00:00 UTC,10,1611,412460007,7.6069444444444452
2015-11-14 00:00:00 UTC,10,1612,412460007,1.3429166666666665
2015-11-14 00:00:00 UTC,10,1610,412460007,3.1368055555555552
2015-11-14 00:00:00 UTC,522,-135,227957000,4.4080555555555563
2015-11-14 00:00:00 UTC,522,-134,227957000,6.3352777777777787
2015-11-14 00:00:00 UTC,522,-134,235054804,6.3947222222222226
2015-11-14 00:00:00 UTC,522,-135,235054804,4.2423611111111112
2015-11-14 00:00:00 UTC,778,318,273355780,4.0474999999999994
2015-11-14 00:00:00 UTC,778,317,273355780,4.9906944444444434
2015-11-14 00:00:00 UTC,778,319,273355780,0.77486111111111111
2015-11-14 00:00:00 UTC,-502,-584,740349000,1.3634722222222222
2015-11-14 00:00:00 UTC,-502,-583,740349000,0.63361111111111112
2015-11-14 00:00:00 UTC,-502,-605,224754000,0.96333333333333337
2015-11-14 00:00:00 UTC,-502,-607,224754000,2.9955555555555557
2015-11-14 00:00:00 UTC,-502,-606,224754000,0.71388888888888891
2015-11-14 00:00:00 UTC,-502,-620,224978000,0.77777777777777768
2015-11-14 00:00:00 UTC,-502,-590,224378000,0.26944444444444449
2015-11-14 00:00:00 UTC,-246,500,533333003,11.435694444444445
2015-11-14 00:00:00 UTC,-246,498,533333005,4.5923611111111109
2015-11-14 00:00:00 UTC,-246,780,263582000,0.71694444444444438
2015-11-14 00:00:00 UTC,-246,781,263582000,0.38458333333333333
2015-11-14 00:00:00 UTC,-246,782,263582000,0.80527777777777776
2015-11-14 00:00:00 UTC,-246,870,224130000,3.2220833333333334
2015-11-14 00:00:00 UTC,-246,543,660001500,1.4894444444444446
2015-11-14 00:00:00 UTC,11,1749,412460296,0.17569444444444443
2015-11-14 00:00:00 UTC,11,1750,412460296,0.55958333333333332
2015-11-14 00:00:00 UTC,11,1751,412460296,2.6119444444444446
2015-11-14 00:00:00 UTC,11,-1481,440820000,2.9441666666666668
2015-11-14 00:00:00 UTC,11,-1489,440820000,2.3970833333333337
2015-11-14 00:00:00 UTC,11,1745,440617000,4.5162499999999994
2015-11-14 00:00:00 UTC,11,1744,440617000,2.164166666666667
2015-11-14 00:00:00 UTC,11,1746,440617000,1.5958333333333332
2015-11-14 00:00:00 UTC,11,1627,412460114,1.9904166666666665
2015-11-14 00:00:00 UTC,11,1037,563022450,0.39333333333333331
2015-11-14 00:00:00 UTC,11,-968,774559424,3.7343055555555558
2015-11-14 00:00:00 UTC,11,-969,774559424,3.6305555555555551
2015-11-14 00:00:00 UTC,11,-1563,416003803,2.0836111111111109
2015-11-14 00:00:00 UTC,11,1620,412460008,5.59
2015-11-14 00:00:00 UTC,11,-1580,416003822,4.7756944444444454
2015-11-14 00:00:00 UTC,523,-134,224018440,12.283888888888889
2015-11-14 00:00:00 UTC,523,-118,228293900,5.2190277777777778
2015-11-14 00:00:00 UTC,523,-121,224046570,9.3125
2015-11-14 00:00:00 UTC,779,318,273355780,1.5666666666666664
2015-11-14 00:00:00 UTC,779,319,273355780,2.8895833333333334
2015-11-14 00:00:00 UTC,-501,-585,740349000,1.6666666666666665
2015-11-14 00:00:00 UTC,-501,-584,740349000,0.25166666666666665
2015-11-14 00:00:00 UTC,-501,-606,224754000,0.57333333333333336
2015-11-14 00:00:00 UTC,-501,-605,224754000,1.0920833333333333
2015-11-14 00:00:00 UTC,-501,-609,224567000,1.2463888888888888
2015-11-14 00:00:00 UTC,-245,501,533333003,13.267361111111111
2015-11-14 00:00:00 UTC,-245,498,533333005,6.0177777777777779
2015-11-14 00:00:00 UTC,-245,499,533333005,1.5163888888888888
2015-11-14 00:00:00 UTC,-245,873,224130000,1.6105555555555555
2015-11-14 00:00:00 UTC,-245,543,660001500,3.7877777777777784
2015-11-14 00:00:00 UTC,12,1037,563022450,2.2712499999999998
2015-11-14 00:00:00 UTC,12,1038,563022450,0.85638888888888887
2015-11-14 00:00:00 UTC,12,-177,226180000,1.60125
2015-11-14 00:00:00 UTC,12,-1563,416003803,1.5298611111111109
2015-11-14 00:00:00 UTC,12,1607,412460007,3.8637499999999996
2015-11-14 00:00:00 UTC,12,1616,412460008,0.72583333333333333
2015-11-14 00:00:00 UTC,12,1615,412460008,3.3127777777777778
2015-11-14 00:00:00 UTC,268,-160,431500470,2.1452777777777778
2015-11-14 00:00:00 UTC,524,-118,228293900,7.3404166666666661
2015-11-14 00:00:00 UTC,524,-142,227570000,6.791666666666667
2015-11-14 00:00:00 UTC,524,-148,211313600,9.6433333333333344
2015-11-14 00:00:00 UTC,524,-146,224492000,0.67513888888888884
2015-11-14 00:00:00 UTC,524,-145,224492000,1.399861111111111
2015-11-14 00:00:00 UTC,524,-145,224385000,8.9295833333333334
2015-11-14 00:00:00 UTC,780,321,273355780,0.76916666666666655
2015-11-14 00:00:00 UTC,780,319,273355780,0.24652777777777776
2015-11-14 00:00:00 UTC,780,318,273355780,0.55513888888888885
2015-11-14 00:00:00 UTC,-500,-586,740349000,9.3229166666666661
2015-11-14 00:00:00 UTC,-500,-607,224754000,1.1937499999999999
2015-11-14 00:00:00 UTC,-500,-606,224754000,2.3519444444444444
2015-11-14 00:00:00 UTC,-500,-608,224754000,2.3265277777777778
2015-11-14 00:00:00 UTC,-500,-609,224567000,1.5223611111111111
2015-11-14 00:00:00 UTC,-244,499,533333005,1.7726388888888889
2015-11-14 00:00:00 UTC,-244,875,224130000,1.9866666666666668
2015-11-14 00:00:00 UTC,-244,876,224130000,5.4327777777777779
2015-11-14 00:00:00 UTC,13,-1483,440820000,2.5594444444444444
2015-11-14 00:00:00 UTC,13,-178,226180000,5.7744444444444447
2015-11-14 00:00:00 UTC,13,-177,226180000,0.72361111111111109
2015-11-14 00:00:00 UTC,13,-176,226180000,2.8848611111111113
2015-11-14 00:00:00 UTC,13,-1560,416003803,1.9418055555555551
2015-11-14 00:00:00 UTC,13,-1563,416003803,2.7991666666666668
2015-11-14 00:00:00 UTC,13,-1562,416003803,0.76944444444444449
2015-11-14 00:00:00 UTC,13,-1558,416003803,1.4625
2015-11-14 00:00:00 UTC,13,1604,412460007,1.4656944444444444
2015-11-14 00:00:00 UTC,13,1605,412460007,5.1940277777777775
2015-11-14 00:00:00 UTC,13,1606,412460007,1.765138888888889
2015-11-14 00:00:00 UTC,13,1617,412460008,2.1447222222222222
2015-11-14 00:00:00 UTC,13,1616,412460008,1.6354166666666665
2015-11-14 00:00:00 UTC,13,-1580,416003822,6.1137500000000005
2015-11-14 00:00:00 UTC,269,1207,412449545,4.2491666666666674
2015-11-14 00:00:00 UTC,269,1208,412449545,18.06055555555556
2015-11-14 00:00:00 UTC,269,1209,413001486,0.40236111111111111
2015-11-14 00:00:00 UTC,525,-140,227978000,2.8319444444444444
2015-11-14 00:00:00 UTC,525,-143,227978000,2.35375
2015-11-14 00:00:00 UTC,525,-141,227978000,4.1129166666666661
2015-11-14 00:00:00 UTC,525,-139,227978000,7.0605555555555553
2015-11-14 00:00:00 UTC,525,-142,227978000,7.5530555555555559
2015-11-14 00:00:00 UTC,525,-148,211313600,8.4754166666666677
2015-11-14 00:00:00 UTC,525,-140,224492000,9.8229166666666679
2015-11-14 00:00:00 UTC,525,-146,224492000,6.5029166666666667
2015-11-14 00:00:00 UTC,525,-140,224385000,3.8205555555555555
2015-11-14 00:00:00 UTC,525,-141,224385000,0.85
2015-11-14 00:00:00 UTC,525,-138,224385000,9.9970833333333342
2015-11-14 00:00:00 UTC,525,-124,224046570,0.3375
2015-11-14 00:00:00 UTC,525,-125,224046570,5.1961111111111116
2015-11-14 00:00:00 UTC,781,324,273355780,0.76513888888888881
2015-11-14 00:00:00 UTC,781,325,273355780,0.82569444444444451
2015-11-14 00:00:00 UTC,-499,-607,224540000,5.69125
2015-11-14 00:00:00 UTC,-499,-606,224540000,1.723611111111111
2015-11-14 00:00:00 UTC,-499,-604,224540000,1.1561111111111111
2015-11-14 00:00:00 UTC,-243,499,533333005,11.614722222222222
2015-11-14 00:00:00 UTC,-243,515,416002779,1.2001388888888889
2015-11-14 00:00:00 UTC,14,-1483,440820000,1.4248611111111109
2015-11-14 00:00:00 UTC,14,-1556,416003709,6.1159722222222221
2015-11-14 00:00:00 UTC,14,-175,226180000,3.7813888888888885
2015-11-14 00:00:00 UTC,14,-1562,416003803,2.4515277777777782
2015-11-14 00:00:00 UTC,14,1623,412460008,2.1734722222222222
2015-11-14 00:00:00 UTC,14,1622,412460008,5.5068055555555553
2015-11-14 00:00:00 UTC,270,1208,412449545,0.91055555555555556
2015-11-14 00:00:00 UTC,270,1207,412449565,11.042916666666667
2015-11-14 00:00:00 UTC,270,1206,412449388,5.210694444444445
2015-11-14 00:00:00 UTC,270,1206,412450456,2.8008333333333333
2015-11-14 00:00:00 UTC,270,1209,412448703,8.6245833333333337
2015-11-14 00:00:00 UTC,526,-117,227275010,1.7291666666666667
2015-11-14 00:00:00 UTC,526,-148,211313600,9.8115277777777781
2015-11-14 00:00:00 UTC,782,328,273355780,0.80152777777777773
2015-11-14 00:00:00 UTC,782,333,273355780,0.72152777777777788
2015-11-14 00:00:00 UTC,782,332,273355780,0.85541666666666671
2015-11-14 00:00:00 UTC,782,329,273355780,0.7763888888888888
2015-11-14 00:00:00 UTC,-498,-609,224567000,1.837361111111111
2015-11-14 00:00:00 UTC,-242,506,416002646,1.4081944444444445
2015-11-14 00:00:00 UTC,-242,504,416002646,2.2
2015-11-14 00:00:00 UTC,-242,519,416002779,1.6561111111111111
2015-11-14 00:00:00 UTC,-242,518,416002779,2.7808333333333333
2015-11-14 00:00:00 UTC,-242,516,416002779,0.875
2015-11-14 00:00:00 UTC,15,-1483,440820000,1.3751388888888889
2015-11-14 00:00:00 UTC,15,-1557,416003709,0.76111111111111118
2015-11-14 00:00:00 UTC,15,-1558,416003709,4.4576388888888889
2015-11-14 00:00:00 UTC,15,-1128,730050000,8.0218055555555559
2015-11-14 00:00:00 UTC,15,1619,412460008,4.2098611111111115
2015-11-14 00:00:00 UTC,271,1204,412422166,1.4665277777777777
2015-11-14 00:00:00 UTC,271,1212,412440121,11.394583333333333
2015-11-14 00:00:00 UTC,271,1211,200000319,8.1552777777777781
2015-11-14 00:00:00 UTC,271,1213,412040019,14.930416666666666
2015-11-14 00:00:00 UTC,271,1207,412449388,9.71513888888889
2015-11-14 00:00:00 UTC,271,1209,412449662,2.6251388888888889
2015-11-14 00:00:00 UTC,271,1215,412449921,0.60458333333333325
2015-11-14 00:00:00 UTC,271,1483,416003735,11.684583333333332
2015-11-14 00:00:00 UTC,271,1209,412432569,1.8775
2015-11-14 00:00:00 UTC,271,1209,412448703,15.48736111111111
2015-11-14 00:00:00 UTC,271,1209,412433347,1.0988888888888888
2015-11-14 00:00:00 UTC,271,1211,412407494,6.39375
2015-11-14 00:00:00 UTC,271,1209,412450008,2.6095833333333331
2015-11-14 00:00:00 UTC,271,1211,413452533,19.107361111111111
2015-11-14 00:00:00 UTC,527,-120,227275010,3.4686111111111111
2015-11-14 00:00:00 UTC,527,1586,273847700,3.65875
2015-11-14 00:00:00 UTC,-497,-611,224567000,2.7693055555555555
2015-11-14 00:00:00 UTC,-241,500,533333007,6.4448611111111118
2015-11-14 00:00:00 UTC,-241,506,416002646,0.44999999999999996
2015-11-14 00:00:00 UTC,-241,502,416002646,1.7086111111111111
2015-11-14 00:00:00 UTC,-241,520,416080500,1.195138888888889
2015-11-14 00:00:00 UTC,-241,520,416002779,7.3840277777777779
2015-11-14 00:00:00 UTC,-241,518,416002779,4.6929166666666671
2015-11-14 00:00:00 UTC,-241,514,416002039,4.3808333333333334
2015-11-14 00:00:00 UTC,-241,515,416002039,0.87041666666666662
2015-11-14 00:00:00 UTC,-241,516,416002039,1.725
2015-11-14 00:00:00 UTC,-241,518,416002039,0.96305555555555555
2015-11-14 00:00:00 UTC,16,1628,41246006,1.6197222222222223
2015-11-14 00:00:00 UTC,16,-1556,416003709,4.7945833333333336
2015-11-14 00:00:00 UTC,16,-1558,416003709,1.9743055555555555
2015-11-14 00:00:00 UTC,16,-1557,416003709,4.3366666666666669
2015-11-14 00:00:00 UTC,16,-1127,730050000,6.2080555555555552
2015-11-14 00:00:00 UTC,16,-1342,303137000,7.1502777777777782
2015-11-14 00:00:00 UTC,16,1707,412371179,0.50972222222222219
2015-11-14 00:00:00 UTC,272,1212,412419086,7.3416666666666668
2015-11-14 00:00:00 UTC,272,1214,200001811,22.508472222222224
2015-11-14 00:00:00 UTC,272,1211,412432404,1.6951388888888888
2015-11-14 00:00:00 UTC,272,1210,412432404,11.325833333333334
2015-11-14 00:00:00 UTC,272,1209,412432404,7.27
2015-11-14 00:00:00 UTC,272,1209,412433433,1.1991666666666667
2015-11-14 00:00:00 UTC,272,1209,412449306,17.325277777777778
2015-11-14 00:00:00 UTC,272,1211,412449306,0.87763888888888886
2015-11-14 00:00:00 UTC,272,1211,413403440,0.42069444444444437
2015-11-14 00:00:00 UTC,272,1209,413403440,2.1245833333333333
2015-11-14 00:00:00 UTC,272,1209,412433459,17.544722222222219
2015-11-14 00:00:00 UTC,272,1209,412433461,6.614583333333333
2015-11-14 00:00:00 UTC,272,1210,412433461,9.0144444444444449
2015-11-14 00:00:00 UTC,272,1211,412433461,2.9552777777777779
2015-11-14 00:00:00 UTC,272,1212,412440121,2.2688888888888892
2015-11-14 00:00:00 UTC,272,1209,412432202,2.0413888888888891
2015-11-14 00:00:00 UTC,272,1210,412450134,8.6552777777777781
2015-11-14 00:00:00 UTC,272,1209,412450134,1.1745833333333333
2015-11-14 00:00:00 UTC,272,1211,412432227,4.1068055555555549
2015-11-14 00:00:00 UTC,272,1210,412432227,2.1901388888888889
2015-11-14 00:00:00 UTC,272,1212,412418409,6.0701388888888888
2015-11-14 00:00:00 UTC,272,1210,412433259,0.54263888888888889
2015-11-14 00:00:00 UTC,272,1209,412433259,6.8605555555555551
2015-11-14 00:00:00 UTC,272,1208,412449653,24.965277777777779
2015-11-14 00:00:00 UTC,272,1208,412449662,5.0176388888888894
2015-11-14 00:00:00 UTC,272,1209,412449662,14.5
2015-11-14 00:00:00 UTC,272,1214,412449921,5.0898611111111105
2015-11-14 00:00:00 UTC,272,1212,412419462,10.920833333333333
2015-11-14 00:00:00 UTC,272,1211,412433293,1.6622222222222223
2015-11-14 00:00:00 UTC,272,1209,412433293,3.2891666666666666
2015-11-14 00:00:00 UTC,272,1212,412433293,8.3466666666666676
2015-11-14 00:00:00 UTC,272,1210,412433293,0.28125
2015-11-14 00:00:00 UTC,272,1209,412432271,3.5351388888888891
2015-11-14 00:00:00 UTC,272,1210,412432271,2.5283333333333333
2015-11-14 00:00:00 UTC,272,1211,412432271,2.1904166666666667
2015-11-14 00:00:00 UTC,272,1209,412432023,2.8026388888888887
2015-11-14 00:00:00 UTC,272,1212,412041373,4.2405555555555559
2015-11-14 00:00:00 UTC,272,1209,412432289,2.8404166666666666
2015-11-14 00:00:00 UTC,272,1210,412432289,9.14138888888889
2015-11-14 00:00:00 UTC,272,1209,412432293,3.5716666666666663
2015-11-14 00:00:00 UTC,272,1210,412411304,14.094583333333334
2015-11-14 00:00:00 UTC,272,1215,412450476,10.923472222222223
2015-11-14 00:00:00 UTC,272,1210,412432569,0.61180555555555549
2015-11-14 00:00:00 UTC,272,1209,412432569,2.4627777777777777
2015-11-14 00:00:00 UTC,272,1211,412432569,5.1636111111111118
2015-11-14 00:00:00 UTC,272,1209,412432314,3.1288888888888886
2015-11-14 00:00:00 UTC,272,1210,412432314,2.658611111111111
2015-11-14 00:00:00 UTC,272,1211,412433347,2.0602777777777779
2015-11-14 00:00:00 UTC,272,1209,412433347,3.2068055555555559
2015-11-14 00:00:00 UTC,272,1210,412433347,2.4008333333333334
2015-11-14 00:00:00 UTC,272,1212,412418504,1.9152777777777779
2015-11-14 00:00:00 UTC,272,1211,412433352,2.8244444444444445
2015-11-14 00:00:00 UTC,272,1209,412433352,4.4161111111111113
2015-11-14 00:00:00 UTC,272,1210,412433352,2.8437500000000004
2015-11-14 00:00:00 UTC,272,1212,412418505,4.9231944444444444
2015-11-14 00:00:00 UTC,272,1209,412433107,3.1854166666666668
2015-11-14 00:00:00 UTC,272,1208,412450003,5.7165277777777774
2015-11-14 00:00:00 UTC,272,1209,412450003,13.167361111111113
2015-11-14 00:00:00 UTC,272,1209,412433108,4.3376388888888879
2015-11-14 00:00:00 UTC,272,1210,412432343,4.1879166666666663
2015-11-14 00:00:00 UTC,272,1211,412432343,3.8204166666666661
2015-11-14 00:00:00 UTC,272,1209,412432343,11.725416666666666
2015-11-14 00:00:00 UTC,272,1209,412450008,2.8490277777777777
2015-11-14 00:00:00 UTC,272,1208,412450017,17.477083333333333
2015-11-14 00:00:00 UTC,272,1209,412433378,17.396527777777781
2015-11-14 00:00:00 UTC,272,1210,412433378,2.6370833333333334
2015-11-14 00:00:00 UTC,272,1209,412433379,15.920416666666666
2015-11-14 00:00:00 UTC,272,1210,412433379,1.6837499999999996
2015-11-14 00:00:00 UTC,272,1208,412432369,1.7861111111111112
2015-11-14 00:00:00 UTC,272,1209,412432369,5.9498611111111117
2015-11-14 00:00:00 UTC,272,1211,412432369,4.3690277777777773
2015-11-14 00:00:00 UTC,272,1210,412432369,2.0204166666666667
2015-11-14 00:00:00 UTC,272,1211,412061173,0.36652777777777779
2015-11-14 00:00:00 UTC,272,1212,413452533,5.960694444444445
2015-11-14 00:00:00 UTC,272,1212,412417525,4.8011111111111111
2015-11-14 00:00:00 UTC,272,1212,412416248,0.37430555555555556
2015-11-14 00:00:00 UTC,272,1209,412432377,3.9734722222222221
2015-11-14 00:00:00 UTC,272,1210,412432377,2.267638888888889
2015-11-14 00:00:00 UTC,272,1211,412432377,2.9725
2015-11-14 00:00:00 UTC,272,1212,412432637,0.35013888888888889
2015-11-14 00:00:00 UTC,272,1208,412449791,5.4501388888888886
2015-11-14 00:00:00 UTC,-496,-611,224567000,1.4302777777777775
2015-11-14 00:00:00 UTC,-496,-612,224567000,0.36541666666666661
2015-11-14 00:00:00 UTC,-496,-610,224567000,2.1043055555555559
2015-11-14 00:00:00 UTC,-240,500,533333007,5.9786111111111113
2015-11-14 00:00:00 UTC,-240,1527,503647800,0.83847222222222229
2015-11-14 00:00:00 UTC,-240,1526,503647800,5.6768055555555552
2015-11-14 00:00:00 UTC,-240,501,416002646,4.3163888888888886
2015-11-14 00:00:00 UTC,-240,517,312028000,0.72069444444444442
2015-11-14 00:00:00 UTC,-240,515,312028000,1.0333333333333332
2015-11-14 00:00:00 UTC,-240,518,312028000,0.74986111111111109
2015-11-14 00:00:00 UTC,-240,516,312028000,0.53763888888888889
2015-11-14 00:00:00 UTC,-240,519,312028000,0.33791666666666664
2015-11-14 00:00:00 UTC,-240,520,416080500,0.51680555555555552
2015-11-14 00:00:00 UTC,-240,522,416080500,4.0358333333333327
2015-11-14 00:00:00 UTC,-240,521,416080500,1.2168055555555557
2015-11-14 00:00:00 UTC,-240,368,431600010,3.3052777777777775
2015-11-14 00:00:00 UTC,-240,542,660001500,4.314861111111111
2015-11-14 00:00:00 UTC,-240,518,416002039,1.2387499999999998
2015-11-14 00:00:00 UTC,-240,519,416002039,1.8304166666666666
2015-11-14 00:00:00 UTC,17,1779,412328728,0.81236111111111109
2015-11-14 00:00:00 UTC,17,1781,412328728,1.7219444444444443
2015-11-14 00:00:00 UTC,17,1630,41246006,10.064305555555555
2015-11-14 00:00:00 UTC,17,1633,41246006,6.2844444444444445
2015-11-14 00:00:00 UTC,17,1627,41246006,0.8602777777777777
2015-11-14 00:00:00 UTC,17,-1558,416003709,4.7275
2015-11-14 00:00:00 UTC,17,-1702,416210600,1.3701388888888888
2015-11-14 00:00:00 UTC,17,-1701,416210600,4.906944444444445
2015-11-14 00:00:00 UTC,17,-968,774559424,2.3876388888888891
2015-11-14 00:00:00 UTC,17,1577,416232900,6.0708333333333337
2015-11-14 00:00:00 UTC,17,-857,730018000,2.8954166666666667
2015-11-14 00:00:00 UTC,17,1633,412460004,4.1720833333333331
2015-11-14 00:00:00 UTC,17,1632,412460004,3.5425
2015-11-14 00:00:00 UTC,17,1631,412460004,3.1756944444444444
2015-11-14 00:00:00 UTC,17,1627,412460004,2.0451388888888888
2015-11-14 00:00:00 UTC,17,1630,412460004,5.5155555555555562
2015-11-14 00:00:00 UTC,17,-1342,303137000,4.003333333333333
2015-11-14 00:00:00 UTC,17,-1341,303137000,0.43847222222222226
2015-11-14 00:00:00 UTC,17,1708,412371179,4.5781944444444447
2015-11-14 00:00:00 UTC,17,1706,412371179,2.3569444444444443
2015-11-14 00:00:00 UTC,17,1707,412371179,1.9334722222222225
2015-11-14 00:00:00 UTC,273,1212,200009219,2.8784722222222223
2015-11-14 00:00:00 UTC,273,1210,412432647,9.1329166666666683
2015-11-14 00:00:00 UTC,273,1211,412432647,8.0747222222222224
2015-11-14 00:00:00 UTC,273,1211,412432648,17.80625
2015-11-14 00:00:00 UTC,273,1215,412410379,6.2144444444444451
2015-11-14 00:00:00 UTC,273,1212,412419086,4.8543055555555554
2015-11-14 00:00:00 UTC,273,1211,412432398,0.72083333333333333
2015-11-14 00:00:00 UTC,273,1211,412432404,5.6645833333333329
2015-11-14 00:00:00 UTC,273,1210,412432404,3.3672222222222219
2015-11-14 00:00:00 UTC,273,1211,412432665,4.4615277777777784
2015-11-14 00:00:00 UTC,273,1210,412432665,9.8356944444444476
2015-11-14 00:00:00 UTC,273,1211,412433177,1.0444444444444443
2015-11-14 00:00:00 UTC,273,1212,412433177,3.3158333333333334
2015-11-14 00:00:00 UTC,273,1209,412433433,4.8270833333333334
2015-11-14 00:00:00 UTC,273,1208,412433433,0.29625
2015-11-14 00:00:00 UTC,273,1211,412449306,10.424999999999999
2015-11-14 00:00:00 UTC,273,1211,412450342,6.2422222222222228
2015-11-14 00:00:00 UTC,273,1212,412450342,5.588055555555556
2015-11-14 00:00:00 UTC,273,1209,111203371,1.6304166666666666
2015-11-14 00:00:00 UTC,273,1214,412410414,0.84152777777777787
2015-11-14 00:00:00 UTC,273,1211,413403440,1.4069444444444446
2015-11-14 00:00:00 UTC,273,1211,412433459,11.210694444444446
2015-11-14 00:00:00 UTC,273,1210,412433461,4.300416666666667
2015-11-14 00:00:00 UTC,273,1211,412433461,6.9531944444444456
2015-11-14 00:00:00 UTC,273,1214,412431671,0.8388888888888888
2015-11-14 00:00:00 UTC,273,1213,412431671,8.9334722222222211
2015-11-14 00:00:00 UTC,273,1212,412440121,2.3016666666666667
2015-11-14 00:00:00 UTC,273,1213,413336643,1.4302777777777778
2015-11-14 00:00:00 UTC,273,1214,413336643,1.5599999999999998
2015-11-14 00:00:00 UTC,273,1211,412433992,0.21180555555555558
2015-11-14 00:00:00 UTC,273,1211,412432202,13.05625
2015-11-14 00:00:00 UTC,273,1210,412432202,1.9920833333333332
2015-11-14 00:00:00 UTC,273,1209,412432202,10.858194444444443
2015-11-14 00:00:00 UTC,273,1210,412450134,0.32902777777777781
2015-11-14 00:00:00 UTC,273,1211,412450134,4.3808333333333334
2015-11-14 00:00:00 UTC,273,1209,412450134,3.6568055555555556
2015-11-14 00:00:00 UTC,273,1211,412432227,3.5073611111111114
2015-11-14 00:00:00 UTC,273,1210,412432227,0.17166666666666666
2015-11-14 00:00:00 UTC,273,1213,412415081,2.643472222222222
2015-11-14 00:00:00 UTC,273,1211,412433259,10.39583333333333
2015-11-14 00:00:00 UTC,273,1209,412433259,2.5718055555555557
2015-11-14 00:00:00 UTC,273,1210,412433259,3.8981944444444441
2015-11-14 00:00:00 UTC,273,1214,412415099,5.5418055555555554
2015-11-14 00:00:00 UTC,273,1213,412415099,6.1663888888888883
2015-11-14 00:00:00 UTC,273,1211,410101116,5.2619444444444445
2015-11-14 00:00:00 UTC,273,1215,412449921,12.622499999999999
2015-11-14 00:00:00 UTC,273,1209,412433801,5.2794444444444437
2015-11-14 00:00:00 UTC,273,1212,412414602,2.0080555555555555
2015-11-14 00:00:00 UTC,273,1211,412414602,0.51375
2015-11-14 00:00:00 UTC,273,1210,412433293,5.1813888888888879
2015-11-14 00:00:00 UTC,273,1211,412433293,6.1005555555555571
2015-11-14 00:00:00 UTC,273,1209,412433293,4.399861111111111
2015-11-14 00:00:00 UTC,273,1212,412432271,3.2826388888888891
2015-11-14 00:00:00 UTC,273,1209,412432271,1.1801388888888888
2015-11-14 00:00:00 UTC,273,1210,412432271,9.2715277777777771
2015-11-14 00:00:00 UTC,273,1211,412432271,4.3677777777777775
2015-11-14 00:00:00 UTC,273,1209,412432288,15.735
2015-11-14 00:00:00 UTC,273,1211,412432288,13.738333333333333
2015-11-14 00:00:00 UTC,273,1212,412432289,0.31055555555555558
2015-11-14 00:00:00 UTC,273,1211,412432289,10.918888888888885
2015-11-14 00:00:00 UTC,273,1209,412432289,3.2644444444444445
2015-11-14 00:00:00 UTC,273,1210,412432289,4.2011111111111115
2015-11-14 00:00:00 UTC,273,1211,412432293,2.5919444444444442
2015-11-14 00:00:00 UTC,273,1210,412432552,0.16569444444444442
2015-11-14 00:00:00 UTC,273,1211,412432552,8.07986111111111
2015-11-14 00:00:00 UTC,273,1210,412411304,9.7547222222222221
2015-11-14 00:00:00 UTC,273,1215,412450476,8.8712500000000016
2015-11-14 00:00:00 UTC,273,1210,800200116,5.6701388888888893
2015-11-14 00:00:00 UTC,273,1213,412412344,15.337777777777774
2015-11-14 00:00:00 UTC,273,1209,412432569,3.3245833333333334
2015-11-14 00:00:00 UTC,273,1210,412432569,3.9220833333333323
2015-11-14 00:00:00 UTC,273,1212,412432569,0.44222222222222224
2015-11-14 00:00:00 UTC,273,1211,412432569,6.1334722222222231
2015-11-14 00:00:00 UTC,273,1213,412435129,0.56277777777777782
2015-11-14 00:00:00 UTC,273,1211,412432314,9.2348611111111136
2015-11-14 00:00:00 UTC,273,1210,412432314,2.8690277777777773
2015-11-14 00:00:00 UTC,273,1209,412432314,2.9094444444444445
2015-11-14 00:00:00 UTC,273,1211,412432321,4.4580555555555561
2015-11-14 00:00:00 UTC,273,1210,412432321,1.4019444444444444
2015-11-14 00:00:00 UTC,273,1212,412432321,2.46375
2015-11-14 00:00:00 UTC,273,1211,412432322,9.8483333333333345
2015-11-14 00:00:00 UTC,273,1211,412433346,17.622916666666669
2015-11-14 00:00:00 UTC,273,1209,412433347,2.6527777777777777
2015-11-14 00:00:00 UTC,273,1210,412433347,2.4747222222222227
2015-11-14 00:00:00 UTC,273,1211,412433347,9.0515277777777765
2015-11-14 00:00:00 UTC,273,1212,412433347,0.79152777777777794
2015-11-14 00:00:00 UTC,273,1211,412433351,9.74375
2015-11-14 00:00:00 UTC,273,1211,412433352,8.8726388888888863
2015-11-14 00:00:00 UTC,273,1210,412433352,3.2923611111111111
2015-11-14 00:00:00 UTC,273,1209,412433352,1.798888888888889
2015-11-14 00:00:00 UTC,273,1214,413548748,0.28583333333333333
2015-11-14 00:00:00 UTC,273,1211,412433107,3.8481944444444438
2015-11-14 00:00:00 UTC,273,1210,412433107,2.1329166666666666
2015-11-14 00:00:00 UTC,273,1209,412433107,6.74875
2015-11-14 00:00:00 UTC,273,1210,412433108,2.2947222222222221
2015-11-14 00:00:00 UTC,273,1211,412433108,3.6673611111111111
2015-11-14 00:00:00 UTC,273,1209,412433108,5.9273611111111109
2015-11-14 00:00:00 UTC,273,1209,412432343,3.08875
2015-11-14 00:00:00 UTC,273,1211,412432343,2.6570833333333335
2015-11-14 00:00:00 UTC,273,1210,412432343,1.127361111111111
2015-11-14 00:00:00 UTC,273,1211,412432602,2.4723611111111112
2015-11-14 00:00:00 UTC,273,1210,412432602,9.97263888888889
2015-11-14 00:00:00 UTC,273,1214,412416218,13.399583333333331
2015-11-14 00:00:00 UTC,273,1211,412432348,1.2386111111111111
2015-11-14 00:00:00 UTC,273,1210,412432348,0.78541666666666665
2015-11-14 00:00:00 UTC,273,1210,412433378,0.87055555555555553
2015-11-14 00:00:00 UTC,273,1211,412433378,5.8779166666666658
2015-11-14 00:00:00 UTC,273,1215,413521122,0.92680555555555555
2015-11-14 00:00:00 UTC,273,1210,412433379,0.56375
2015-11-14 00:00:00 UTC,273,1211,412433379,6.1001388888888881
2015-11-14 00:00:00 UTC,273,1214,413410288,7.1405555555555553
2015-11-14 00:00:00 UTC,273,1210,412432369,2.534583333333333
2015-11-14 00:00:00 UTC,273,1209,412432369,3.1543055555555561
2015-11-14 00:00:00 UTC,273,1211,412432369,3.2777777777777777
2015-11-14 00:00:00 UTC,273,1211,412061173,7.34986111111111
2015-11-14 00:00:00 UTC,273,1214,412356600,0.91013888888888883
2015-11-14 00:00:00 UTC,273,1215,412356600,11.805138888888889
2015-11-14 00:00:00 UTC,273,1212,412429816,0.22069444444444442
2015-11-14 00:00:00 UTC,273,1212,412416248,2.1459722222222224
2015-11-14 00:00:00 UTC,273,1210,412432377,4.4247222222222229
2015-11-14 00:00:00 UTC,273,1211,412432377,7.3348611111111115
2015-11-14 00:00:00 UTC,273,1209,412432377,3.2388888888888889
2015-11-14 00:00:00 UTC,273,1212,412432377,0.46180555555555558
2015-11-14 00:00:00 UTC,273,1215,412545785,0.51444444444444448
2015-11-14 00:00:00 UTC,273,1211,412432637,1.3225
2015-11-14 00:00:00 UTC,273,1210,412432637,0.14
2015-11-14 00:00:00 UTC,273,1212,412432637,1.2091666666666667
2015-11-14 00:00:00 UTC,273,1211,412410623,9.7633333333333336
2015-11-14 00:00:00 UTC,-495,-611,224567000,0.84444444444444444
2015-11-14 00:00:00 UTC,-495,-610,224567000,1.8348611111111113
2015-11-14 00:00:00 UTC,-239,504,533333001,3.4402777777777782
2015-11-14 00:00:00 UTC,-239,502,533333001,6.2327777777777786
2015-11-14 00:00:00 UTC,-239,1525,503647800,0.81652777777777774
2015-11-14 00:00:00 UTC,-239,1526,503647800,2.0333333333333332
2015-11-14 00:00:00 UTC,-239,501,416002646,0.96652777777777776
2015-11-14 00:00:00 UTC,-239,505,416002646,3.9229166666666666
2015-11-14 00:00:00 UTC,-239,504,416002646,2.7268055555555555
2015-11-14 00:00:00 UTC,-239,502,416002646,1.1251388888888889
2015-11-14 00:00:00 UTC,-239,517,312028000,4
2015-11-14 00:00:00 UTC,-239,519,312028000,2.5680555555555555
2015-11-14 00:00:00 UTC,-239,514,312028000,2.0875
2015-11-14 00:00:00 UTC,-239,518,312028000,2.1658333333333331
2015-11-14 00:00:00 UTC,-239,519,416080500,0.46638888888888885
2015-11-14 00:00:00 UTC,-239,521,416080500,1.7522222222222221
2015-11-14 00:00:00 UTC,-239,520,416080500,0.51694444444444443
2015-11-14 00:00:00 UTC,-239,1520,503030680,3.1445833333333333
2015-11-14 00:00:00 UTC,-239,1521,503030680,8.1008333333333358
2015-11-14 00:00:00 UTC,-239,1522,503030680,7.3227777777777812
2015-11-14 00:00:00 UTC,18,1779,412328728,2.7290277777777776
2015-11-14 00:00:00 UTC,18,1627,41246006,2.6238888888888892
2015-11-14 00:00:00 UTC,18,1628,41246006,3.6863888888888887
2015-11-14 00:00:00 UTC,18,-1703,416210600,1.7545833333333332
2015-11-14 00:00:00 UTC,18,-1704,416210600,3.7826388888888891
2015-11-14 00:00:00 UTC,18,-857,730018000,0.52916666666666667
2015-11-14 00:00:00 UTC,18,-859,730018000,0.50680555555555551
2015-11-14 00:00:00 UTC,18,-860,730018000,0.4244444444444444
2015-11-14 00:00:00 UTC,18,1627,412460004,2.2619444444444445
2015-11-14 00:00:00 UTC,18,1628,412460004,3.65375
2015-11-14 00:00:00 UTC,18,1707,412371179,4.2081944444444446
2015-11-14 00:00:00 UTC,18,1709,412371179,8.3618055555555557
2015-11-14 00:00:00 UTC,18,1706,412371179,1.21375
2015-11-14 00:00:00 UTC,274,1215,412410379,1.5825
2015-11-14 00:00:00 UTC,274,1211,412432398,3.1288888888888886
2015-11-14 00:00:00 UTC,274,1215,412410385,2.0370833333333334
2015-11-14 00:00:00 UTC,274,1211,412432404,0.51541666666666663
2015-11-14 00:00:00 UTC,274,1213,412435989,0.64625
2015-11-14 00:00:00 UTC,274,1211,412432665,5.153888888888889
2015-11-14 00:00:00 UTC,274,1207,412433433,0.44986111111111116
2015-11-14 00:00:00 UTC,274,1208,412433433,0.62694444444444442
2015-11-14 00:00:00 UTC,274,1211,412449306,1.2461111111111109
2015-11-14 00:00:00 UTC,274,1213,200003618,5.2097222222222221
2015-11-14 00:00:00 UTC,274,1214,412410402,1.0423611111111111
2015-11-14 00:00:00 UTC,274,1214,412410403,10.465000000000002
2015-11-14 00:00:00 UTC,274,1212,412450342,7.3134722222222219
2015-11-14 00:00:00 UTC,274,1213,412415015,0.14583333333333331
2015-11-14 00:00:00 UTC,274,1207,412500267,1.1879166666666667
2015-11-14 00:00:00 UTC,274,1210,111203371,1.04
2015-11-14 00:00:00 UTC,274,1209,111203371,3.8381944444444436
2015-11-14 00:00:00 UTC,274,1214,412410413,1.7812499999999998
2015-11-14 00:00:00 UTC,274,1214,412410414,1.4376388888888889
2015-11-14 00:00:00 UTC,274,1211,413403440,7.2205555555555563
2015-11-14 00:00:00 UTC,274,1215,412410419,1.4379166666666667
2015-11-14 00:00:00 UTC,274,1213,412416831,24.517500000000002
2015-11-14 00:00:00 UTC,274,1214,412415552,24.896388888888886
2015-11-14 00:00:00 UTC,274,1213,412416832,4.1176388888888882
2015-11-14 00:00:00 UTC,274,1213,413336643,1.151388888888889
2015-11-14 00:00:00 UTC,274,1211,412433992,1.1688888888888889
2015-11-14 00:00:00 UTC,274,1209,412433992,1.0522222222222222
2015-11-14 00:00:00 UTC,274,1211,412432202,1.1318055555555555
2015-11-14 00:00:00 UTC,274,1213,333330000,2.45875
2015-11-14 00:00:00 UTC,274,1212,333330000,17.647083333333327
2015-11-14 00:00:00 UTC,274,1215,412430177,0.63263888888888886
2015-11-14 00:00:00 UTC,274,1214,412436839,5.6586111111111119
2015-11-14 00:00:00 UTC,274,1213,412436839,0.84611111111111126
2015-11-14 00:00:00 UTC,274,1213,412415081,0.90361111111111114
2015-11-14 00:00:00 UTC,274,1209,111203949,0.59124999999999994
2015-11-14 00:00:00 UTC,274,1210,111203949,1.287222222222222
2015-11-14 00:00:00 UTC,274,1213,412415092,14.161249999999999
2015-11-14 00:00:00 UTC,274,1213,412415095,2.1480555555555556
2015-11-14 00:00:00 UTC,274,1213,412415099,13.340833333333334
2015-11-14 00:00:00 UTC,274,1214,412415099,0.55486111111111114
2015-11-14 00:00:00 UTC,274,1214,412419453,21.968194444444446
2015-11-14 00:00:00 UTC,274,1211,412414599,2.935
2015-11-14 00:00:00 UTC,274,1212,412414599,11.855416666666668
2015-11-14 00:00:00 UTC,274,1212,412414601,6.0529166666666665
2015-11-14 00:00:00 UTC,274,1211,412414601,1.0655555555555556
2015-11-14 00:00:00 UTC,274,1212,412414602,13.555416666666666
2015-11-14 00:00:00 UTC,274,1211,412414602,3.5281944444444444
2015-11-14 00:00:00 UTC,274,1214,412417937,13.843194444444444
2015-11-14 00:00:00 UTC,274,1215,412438419,2.047361111111111
2015-11-14 00:00:00 UTC,274,1214,412410781,0.87361111111111112
2015-11-14 00:00:00 UTC,274,1214,412410782,1.2981944444444444
2015-11-14 00:00:00 UTC,274,1212,412435364,18.606388888888887
2015-11-14 00:00:00 UTC,274,1213,412435364,2.314861111111111
2015-11-14 00:00:00 UTC,274,1212,200010413,11.258888888888892
2015-11-14 00:00:00 UTC,274,1211,200010413,10.090833333333332
2015-11-14 00:00:00 UTC,274,1211,412414643,12.460694444444444
2015-11-14 00:00:00 UTC,274,1216,412435126,19.59875
2015-11-14 00:00:00 UTC,274,1214,412412344,2.9770833333333337
2015-11-14 00:00:00 UTC,274,1213,412435129,16.734583333333333
2015-11-14 00:00:00 UTC,274,1212,412410809,10.419166666666666
2015-11-14 00:00:00 UTC,274,1211,412410809,6.0391666666666666
2015-11-14 00:00:00 UTC,274,1211,412432314,0.16125
2015-11-14 00:00:00 UTC,274,1214,413548748,0.46416666666666667
2015-11-14 00:00:00 UTC,274,1211,412433107,6.1561111111111124
2015-11-14 00:00:00 UTC,274,1212,412433107,1.264861111111111
2015-11-14 00:00:00 UTC,274,1211,412433108,6.4600000000000009
2015-11-14 00:00:00 UTC,274,1212,412433108,0.57152777777777775
2015-11-14 00:00:00 UTC,274,1213,412438229,11.284444444444446
2015-11-14 00:00:00 UTC,274,1211,412432602,5.1968055555555548
2015-11-14 00:00:00 UTC,274,1214,412416218,3.5673611111111105
2015-11-14 00:00:00 UTC,274,1211,412433378,2.6352777777777776
2015-11-14 00:00:00 UTC,274,1212,412433378,1.4252777777777779
2015-11-14 00:00:00 UTC,274,1215,413521122,1.5016666666666665
2015-11-14 00:00:00 UTC,274,1212,412433379,1.5180555555555555
2015-11-14 00:00:00 UTC,274,1211,412433379,2.2469444444444449
2015-11-14 00:00:00 UTC,274,1216,412413926,3.2275
2015-11-14 00:00:00 UTC,274,1214,200005866,25.554583333333337
2015-11-14 00:00:00 UTC,274,1214,413410288,7.324583333333333
2015-11-14 00:00:00 UTC,274,1215,413410288,0.35736111111111113
2015-11-14 00:00:00 UTC,274,1212,412429816,14.09236111111111
2015-11-14 00:00:00 UTC,274,1215,412545785,1.7005555555555554
2015-11-14 00:00:00 UTC,-238,502,533333001,3.787638888888889
2015-11-14 00:00:00 UTC,-238,505,533333001,7.019861111111112
2015-11-14 00:00:00 UTC,-238,500,533333007,12.295833333333334
2015-11-14 00:00:00 UTC,-238,1525,503647800,0.60833333333333339
2015-11-14 00:00:00 UTC,-238,505,416002646,4.5595833333333333
2015-11-14 00:00:00 UTC,-238,501,416002646,1.0959722222222221
2015-11-14 00:00:00 UTC,-238,502,416002646,1.341388888888889
2015-11-14 00:00:00 UTC,-238,519,312028000,1.9798611111111111
2015-11-14 00:00:00 UTC,-238,517,312028000,3.6565277777777778
2015-11-14 00:00:00 UTC,-238,518,312028000,1.7173611111111113
2015-11-14 00:00:00 UTC,-238,520,416080500,1.370972222222222
2015-11-14 00:00:00 UTC,-238,519,416080500,0.64152777777777781
2015-11-14 00:00:00 UTC,-238,517,416083600,0.53736111111111118
2015-11-14 00:00:00 UTC,-238,515,416083600,1.2670833333333333
2015-11-14 00:00:00 UTC,-238,516,416083600,0.7038888888888889
2015-11-14 00:00:00 UTC,-238,519,416083600,0.3913888888888889
2015-11-14 00:00:00 UTC,-238,518,416083600,0.8208333333333333
2015-11-14 00:00:00 UTC,-238,116,224076000,0.49916666666666665
2015-11-14 00:00:00 UTC,19,-1575,441024000,0.67180555555555554
2015-11-14 00:00:00 UTC,19,-1576,441024000,1.5494444444444444
2015-11-14 00:00:00 UTC,19,-258,224044870,3.3702777777777779
2015-11-14 00:00:00 UTC,19,-257,224044870,1.7202777777777776
2015-11-14 00:00:00 UTC,19,-1575,510065000,1.2502777777777778
2015-11-14 00:00:00 UTC,19,-1707,416210600,4.7656944444444447
2015-11-14 00:00:00 UTC,19,-1706,416210600,2.86625
2015-11-14 00:00:00 UTC,19,-858,730018000,0.87652777777777768
2015-11-14 00:00:00 UTC,19,-857,730018000,0.34291666666666665
2015-11-14 00:00:00 UTC,19,-861,730018000,5.4526388888888881
2015-11-14 00:00:00 UTC,19,-1575,416004831,2.6179166666666669
2015-11-14 00:00:00 UTC,275,1212,412432647,3.0668055555555558
2015-11-14 00:00:00 UTC,275,1215,412410379,2.0005555555555556
2015-11-14 00:00:00 UTC,275,1214,412449548,4.070555555555555
2015-11-14 00:00:00 UTC,275,1215,412410386,10.705
2015-11-14 00:00:00 UTC,275,1213,412435989,20.267777777777781
2015-11-14 00:00:00 UTC,275,1212,412432665,2.2451388888888886
2015-11-14 00:00:00 UTC,275,1209,700000538,0.56638888888888883
2015-11-14 00:00:00 UTC,275,1208,700000538,2.1176388888888891
2015-11-14 00:00:00 UTC,275,1213,412415004,1.5001388888888889
2015-11-14 00:00:00 UTC,275,1213,412414751,2.0629166666666667
2015-11-14 00:00:00 UTC,275,1209,332145441,2.9050000000000002
2015-11-14 00:00:00 UTC,275,1214,412410402,1.3641666666666665
2015-11-14 00:00:00 UTC,275,1215,412410402,0.3684722222222222
2015-11-14 00:00:00 UTC,275,1214,412410403,1.0716666666666665
2015-11-14 00:00:00 UTC,275,1215,412410403,0.36333333333333329
2015-11-14 00:00:00 UTC,275,1212,412450342,1.8930555555555555
2015-11-14 00:00:00 UTC,275,1214,413081387,4.8348611111111124
2015-11-14 00:00:00 UTC,275,1213,413081387,0.27083333333333337
2015-11-14 00:00:00 UTC,275,1214,200001069,5.8338888888888887
2015-11-14 00:00:00 UTC,275,1213,200001069,1.1122222222222222
2015-11-14 00:00:00 UTC,275,1214,412410413,0.29805555555555552
2015-11-14 00:00:00 UTC,275,1215,412410413,1.44625
2015-11-14 00:00:00 UTC,275,1214,412410414,0.76166666666666671
2015-11-14 00:00:00 UTC,275,1215,412410414,1.3322222222222222
2015-11-14 00:00:00 UTC,275,1215,412410419,2.0675
2015-11-14 00:00:00 UTC,275,1216,412413254,14.376666666666667
2015-11-14 00:00:00 UTC,275,1209,412433992,0.65041666666666664
2015-11-14 00:00:00 UTC,275,1213,333330000,1.1948611111111112
2015-11-14 00:00:00 UTC,275,1212,333330000,1.5791666666666666
2015-11-14 00:00:00 UTC,275,1213,412436568,0.28763888888888889
2015-11-14 00:00:00 UTC,275,1215,412436568,0.59916666666666663
2015-11-14 00:00:00 UTC,275,1214,412430177,8.59361111111111
2015-11-14 00:00:00 UTC,275,1215,412430177,0.78486111111111112
2015-11-14 00:00:00 UTC,275,1213,412436839,0.82680555555555546
2015-11-14 00:00:00 UTC,275,1214,412436839,16.019027777777779
2015-11-14 00:00:00 UTC,275,1214,412430697,27.635138888888889
2015-11-14 00:00:00 UTC,275,1214,412430698,7.5126388888888886
2015-11-14 00:00:00 UTC,275,1210,111203949,0.29166666666666669
2015-11-14 00:00:00 UTC,275,1209,111203949,0.95444444444444443
2015-11-14 00:00:00 UTC,275,1208,412433776,5.447916666666667
2015-11-14 00:00:00 UTC,275,1215,412415351,20.965277777777779
2015-11-14 00:00:00 UTC,275,1217,412414587,14.939583333333331
2015-11-14 00:00:00 UTC,275,1212,412414599,1.7801388888888887
2015-11-14 00:00:00 UTC,275,1212,412414602,1.2081944444444443
2015-11-14 00:00:00 UTC,275,1215,412438419,2.846388888888888
2015-11-14 00:00:00 UTC,275,1208,412433812,15.03222222222222
2015-11-14 00:00:00 UTC,275,1209,412501140,4.1784722222222221
2015-11-14 00:00:00 UTC,275,1214,412410781,0.29458333333333331
2015-11-14 00:00:00 UTC,275,1215,412410781,1.5501388888888892
2015-11-14 00:00:00 UTC,275,1215,412410782,1.646527777777778
2015-11-14 00:00:00 UTC,275,1206,412432033,0.53333333333333333
2015-11-14 00:00:00 UTC,275,1212,412435364,0.87361111111111112
2015-11-14 00:00:00 UTC,275,1213,412435364,1.4273611111111111
2015-11-14 00:00:00 UTC,275,1211,200010413,1.3505555555555555
2015-11-14 00:00:00 UTC,275,1212,412414643,2.6661111111111113
2015-11-14 00:00:00 UTC,275,1206,800200116,2.5293055555555557
2015-11-14 00:00:00 UTC,275,1211,412433846,2.5554166666666664
2015-11-14 00:00:00 UTC,275,1213,412435129,5.3513888888888888
2015-11-14 00:00:00 UTC,275,1211,412410809,1.5822222222222222
2015-11-14 00:00:00 UTC,275,1209,413000901,12.171666666666667
2015-11-14 00:00:00 UTC,275,1214,413548748,0.38958333333333334
2015-11-14 00:00:00 UTC,275,1212,412433107,0.46152777777777776
2015-11-14 00:00:00 UTC,275,1212,412433108,1.0504166666666666
2015-11-14 00:00:00 UTC,275,1213,412438229,13.620000000000003
2015-11-14 00:00:00 UTC,275,1208,412433883,8.5343055555555551
2015-11-14 00:00:00 UTC,275,1215,413521122,1.7468055555555555
2015-11-14 00:00:00 UTC,275,1215,413410288,3.3087500000000003
2015-11-14 00:00:00 UTC,275,1741,431254000,0.825
2015-11-14 00:00:00 UTC,275,1740,431254000,2.0477777777777773
2015-11-14 00:00:00 UTC,275,1214,412430327,11.341805555555558
2015-11-14 00:00:00 UTC,275,1212,412429816,8.9788888888888909
2015-11-14 00:00:00 UTC,275,1215,412430328,1.8694444444444445
2015-11-14 00:00:00 UTC,275,1214,412430328,8.0693055555555553
2015-11-14 00:00:00 UTC,275,1215,412432632,3.0198611111111116
2015-11-14 00:00:00 UTC,275,1215,412545785,2.0875
2015-11-14 00:00:00 UTC,531,-1292,316007587,1.3551388888888889
2015-11-14 00:00:00 UTC,531,-1294,316007587,0.81166666666666676
2015-11-14 00:00:00 UTC,-237,1524,503647800,5.0333333333333332
2015-11-14 00:00:00 UTC,-237,519,416080500,1.46
2015-11-14 00:00:00 UTC,-237,520,416080500,8.2269444444444435
2015-11-14 00:00:00 UTC,-237,519,416083600,0.34180555555555558
2015-11-14 00:00:00 UTC,-237,516,416083600,4.8041666666666671
2015-11-14 00:00:00 UTC,-237,518,416083600,4.4527777777777775
2015-11-14 00:00:00 UTC,-237,517,416083600,4.6806944444444438
2015-11-14 00:00:00 UTC,-237,515,416083600,0.67055555555555557
2015-11-14 00:00:00 UTC,20,-1577,441024000,14.096388888888885
2015-11-14 00:00:00 UTC,20,-1578,441024000,3.6566666666666667
2015-11-14 00:00:00 UTC,20,1775,412328728,2.4340277777777777
2015-11-14 00:00:00 UTC,20,1776,412328728,4.2663888888888888
2015-11-14 00:00:00 UTC,20,-256,224044870,1.1390277777777778
2015-11-14 00:00:00 UTC,20,-255,224044870,2.8273611111111112
2015-11-14 00:00:00 UTC,20,1618,510052000,0.88916666666666655
2015-11-14 00:00:00 UTC,20,-859,730018000,11.033750000000001
2015-11-14 00:00:00 UTC,276,1214,412437001,0.70027777777777778
2015-11-14 00:00:00 UTC,276,1215,412410379,3.1752777777777776
2015-11-14 00:00:00 UTC,276,1215,412449548,4.5827777777777783
2015-11-14 00:00:00 UTC,276,1214,412449548,6.3630555555555555
2015-11-14 00:00:00 UTC,276,1213,412449548,0.61694444444444441
2015-11-14 00:00:00 UTC,276,1213,412450317,0.32499999999999996
2015-11-14 00:00:00 UTC,276,1214,412450317,6.9756944444444455
2015-11-14 00:00:00 UTC,276,1215,412410381,0.97888888888888892
2015-11-14 00:00:00 UTC,276,1213,412430862,0.59180555555555558
2015-11-14 00:00:00 UTC,276,1215,412410385,2.4604166666666667
2015-11-14 00:00:00 UTC,276,1216,412410385,0.55319444444444443
2015-11-14 00:00:00 UTC,276,1216,412410386,9.305416666666666
2015-11-14 00:00:00 UTC,276,1213,412435989,2.2470833333333329
2015-11-14 00:00:00 UTC,276,1217,412433177,2.2494444444444444
2015-11-14 00:00:00 UTC,276,1208,700000538,1.2175
2015-11-14 00:00:00 UTC,276,1212,412415004,10.418750000000001
2015-11-14 00:00:00 UTC,276,1213,412415004,0.6175
2015-11-14 00:00:00 UTC,276,1216,412449822,9.0068055555555535
2015-11-14 00:00:00 UTC,276,1218,412432159,9.4326388888888886
2015-11-14 00:00:00 UTC,276,1217,412432159,5.2881944444444446
2015-11-14 00:00:00 UTC,276,1212,412414751,10.265694444444442
2015-11-14 00:00:00 UTC,276,1217,412417569,8.2199999999999989
2015-11-14 00:00:00 UTC,276,1215,412410402,2.2795833333333331
2015-11-14 00:00:00 UTC,276,1215,412410403,2.5836111111111109
2015-11-14 00:00:00 UTC,276,1216,413081387,10.194027777777778
2015-11-14 00:00:00 UTC,276,1214,413081387,2.1275
2015-11-14 00:00:00 UTC,276,1215,413081387,3.8268055555555556
2015-11-14 00:00:00 UTC,276,1213,200001069,0.27902777777777776
2015-11-14 00:00:00 UTC,276,1214,200001069,3.6288888888888886
2015-11-14 00:00:00 UTC,276,1215,200001069,0.30402777777777779
2015-11-14 00:00:00 UTC,276,1215,200005165,0.64958333333333329
2015-11-14 00:00:00 UTC,276,1215,412410413,2.960833333333333
2015-11-14 00:00:00 UTC,276,1213,412434222,3.1959722222222218
2015-11-14 00:00:00 UTC,276,1214,333302318,7.9929166666666669
2015-11-14 00:00:00 UTC,276,1215,412410414,2.9924999999999997
2015-11-14 00:00:00 UTC,276,1217,412432691,1.4486111111111111
2015-11-14 00:00:00 UTC,276,1215,412410419,1.4195833333333332
2015-11-14 00:00:00 UTC,276,1214,412450102,2.1979166666666665
2015-11-14 00:00:00 UTC,276,1217,412433465,2.5844444444444443
2015-11-14 00:00:00 UTC,276,1215,412416064,4.7148611111111105
2015-11-14 00:00:00 UTC,276,1216,412416064,3.5368055555555555
2015-11-14 00:00:00 UTC,276,1544,416229700,1.9808333333333334
2015-11-14 00:00:00 UTC,276,1543,416229700,3.3844444444444441
2015-11-14 00:00:00 UTC,276,1546,416229700,2.8627777777777776
2015-11-14 00:00:00 UTC,276,1208,412439878,0.9426388888888888
2015-11-14 00:00:00 UTC,276,1207,412439878,1.9481944444444443
2015-11-14 00:00:00 UTC,276,1215,200012877,1.3824999999999998
2015-11-14 00:00:00 UTC,276,1218,412432207,1.7186111111111111
2015-11-14 00:00:00 UTC,276,1217,412432207,2.2295833333333333
2015-11-14 00:00:00 UTC,276,1214,412430177,10.212083333333336
2015-11-14 00:00:00 UTC,276,1215,412430177,2.6533333333333333
2015-11-14 00:00:00 UTC,276,1470,416230500,12.269305555555555
2015-11-14 00:00:00 UTC,276,1471,416230500,6.4202777777777769
2015-11-14 00:00:00 UTC,276,1214,412432228,0.2673611111111111
2015-11-14 00:00:00 UTC,276,1217,412432228,1.7280555555555557
2015-11-14 00:00:00 UTC,276,1214,412436839,0.53652777777777783
2015-11-14 00:00:00 UTC,276,1214,412430697,8.7080555555555552
2015-11-14 00:00:00 UTC,276,1214,412430698,5.7411111111111106
2015-11-14 00:00:00 UTC,276,1215,412430698,5.3929166666666664
2015-11-14 00:00:00 UTC,276,1207,412433776,1.138611111111111
2015-11-14 00:00:00 UTC,276,1215,412657776,2.5670833333333332
2015-11-14 00:00:00 UTC,276,1213,200005498,19.687361111111116
2015-11-14 00:00:00 UTC,276,1216,412449659,1.6373611111111113
2015-11-14 00:00:00 UTC,276,1215,412449659,3.545
2015-11-14 00:00:00 UTC,276,1214,412415875,8.7501388888888911
2015-11-14 00:00:00 UTC,276,1213,412415875,2.9368055555555559
2015-11-14 00:00:00 UTC,276,1212,454545544,1.4506944444444443
2015-11-14 00:00:00 UTC,276,1213,454545544,10.863333333333332
2015-11-14 00:00:00 UTC,276,1218,412433556,8.7255555555555553
2015-11-14 00:00:00 UTC,276,1217,412433556,9.9095833333333321
2015-11-14 00:00:00 UTC,276,1216,412414613,17.98375
2015-11-14 00:00:00 UTC,276,1214,421551255,1.6211111111111112
2015-11-14 00:00:00 UTC,276,1215,412410781,1.8034722222222221
2015-11-14 00:00:00 UTC,276,1215,412410782,1.7401388888888889
2015-11-14 00:00:00 UTC,276,1215,412450471,2.1012500000000003
2015-11-14 00:00:00 UTC,276,1215,412416682,3.0995833333333334
2015-11-14 00:00:00 UTC,276,1217,412433325,1.3533333333333333
2015-11-14 00:00:00 UTC,276,1214,412433325,0.30958333333333332
2015-11-14 00:00:00 UTC,276,1209,458888880,1.0594444444444444
2015-11-14 00:00:00 UTC,276,1208,458888880,0.24236111111111111
2015-11-14 00:00:00 UTC,276,1210,458888880,1.4934722222222221
2015-11-14 00:00:00 UTC,276,1209,787654321,10.209583333333335
2015-11-14 00:00:00 UTC,276,1208,787654321,0.29986111111111113
2015-11-14 00:00:00 UTC,276,1216,412415668,9.3875000000000011
2015-11-14 00:00:00 UTC,276,1213,412417731,6.0570833333333347
2015-11-14 00:00:00 UTC,276,1215,412416964,3.7822222222222224
2015-11-14 00:00:00 UTC,276,-1149,345905093,1.1133333333333333
2015-11-14 00:00:00 UTC,276,1211,412430789,1.4061111111111111
2015-11-14 00:00:00 UTC,276,1210,412430792,1.4449999999999998
2015-11-14 00:00:00 UTC,276,1213,412430803,0.67902777777777779
2015-11-14 00:00:00 UTC,276,1218,412414676,18.032361111111111
2015-11-14 00:00:00 UTC,276,1212,412430805,0.851111111111111
2015-11-14 00:00:00 UTC,276,1211,412430808,1.6229166666666668
2015-11-14 00:00:00 UTC,276,1213,412450008,0.3372222222222222
2015-11-14 00:00:00 UTC,276,1214,412450008,4.0663888888888895
2015-11-14 00:00:00 UTC,276,1215,412450008,2.6745833333333331
2015-11-14 00:00:00 UTC,276,1215,412450009,4.6181944444444438
2015-11-14 00:00:00 UTC,276,1210,400087770,4.5005555555555556
2015-11-14 00:00:00 UTC,276,1211,400087770,9.1097222222222225
2015-11-14 00:00:00 UTC,276,1211,412430813,0.86916666666666664
2015-11-14 00:00:00 UTC,276,1214,412433888,3.5548611111111112
2015-11-14 00:00:00 UTC,276,1213,412433888,0.26013888888888892
2015-11-14 00:00:00 UTC,276,1215,413521122,2.0893055555555557
2015-11-14 00:00:00 UTC,276,1215,412426723,5.765
2015-11-14 00:00:00 UTC,276,1214,412417775,0.35541666666666666
2015-11-14 00:00:00 UTC,276,1213,412417775,8.075277777777778
2015-11-14 00:00:00 UTC,276,1215,413410288,2.009722222222222
2015-11-14 00:00:00 UTC,276,1739,431254000,1.4038888888888887
2015-11-14 00:00:00 UTC,276,1740,431254000,0.81694444444444436
2015-11-14 00:00:00 UTC,276,1212,412430833,4.9538888888888888
2015-11-14 00:00:00 UTC,276,1215,412430327,2.4051388888888887
2015-11-14 00:00:00 UTC,276,1214,412430327,12.359583333333333
2015-11-14 00:00:00 UTC,276,1212,412430839,3.1179166666666669
2015-11-14 00:00:00 UTC,276,1215,412356600,0.84277777777777785
2015-11-14 00:00:00 UTC,276,1216,412356600,0.81222222222222218
2015-11-14 00:00:00 UTC,276,1217,412356600,0.66694444444444445
2015-11-14 00:00:00 UTC,276,1215,412430328,4.396805555555555
2015-11-14 00:00:00 UTC,276,1214,412430328,9.4698611111111113
2015-11-14 00:00:00 UTC,276,1216,412432632,9.7323611111111124
2015-11-14 00:00:00 UTC,276,1216,412545785,0.31444444444444442
2015-11-14 00:00:00 UTC,276,1215,412545785,3.1068055555555563
2015-11-14 00:00:00 UTC,276,1215,413078526,0.96152777777777776
2015-11-14 00:00:00 UTC,532,-1292,316007587,0.14541666666666664
2015-11-14 00:00:00 UTC,532,-1294,316007587,0.5148611111111111
2015-11-14 00:00:00 UTC,-492,1665,512002681,5.9320833333333356
2015-11-14 00:00:00 UTC,-236,503,533333001,0.69569444444444439
2015-11-14 00:00:00 UTC,-236,502,533333001,1.254027777777778
2015-11-14 00:00:00 UTC,-236,504,533333001,2.4618055555555554
2015-11-14 00:00:00 UTC,-236,993,224371000,3.4111111111111114
2015-11-14 00:00:00 UTC,-236,519,416080500,2.5170833333333333
2015-11-14 00:00:00 UTC,-236,517,416083600,3.2230555555555558
2015-11-14 00:00:00 UTC,-236,518,416083600,0.4425
2015-11-14 00:00:00 UTC,-236,513,416083600,1.8581944444444445
2015-11-14 00:00:00 UTC,21,1776,412328728,2.7204166666666669
2015-11-14 00:00:00 UTC,21,1775,412328728,5.8683333333333332
2015-11-14 00:00:00 UTC,21,1525,431680380,5.2566666666666668
2015-11-14 00:00:00 UTC,21,1613,510052000,3.8841666666666663
2015-11-14 00:00:00 UTC,21,1618,510052000,0.8425
2015-11-14 00:00:00 UTC,21,1616,510052000,2.7115277777777775
2015-11-14 00:00:00 UTC,21,1617,510052000,3.5719444444444437
2015-11-14 00:00:00 UTC,21,1611,510052000,1.5984722222222221
2015-11-14 00:00:00 UTC,21,-1706,416210600,4.6508333333333329
2015-11-14 00:00:00 UTC,277,1217,412419591,8.4877777777777776
2015-11-14 00:00:00 UTC,277,1214,412437001,6.24763888888889
2015-11-14 00:00:00 UTC,277,1215,412437001,2.1944444444444442
2015-11-14 00:00:00 UTC,277,1217,412433418,7.5980555555555549
2015-11-14 00:00:00 UTC,277,1215,412410379,2.9963888888888892
2015-11-14 00:00:00 UTC,277,1215,412449548,4.0738888888888889
2015-11-14 00:00:00 UTC,277,1214,412450317,4.8609722222222231
2015-11-14 00:00:00 UTC,277,1215,412410381,2.534305555555556
2015-11-14 00:00:00 UTC,277,1211,412430862,2.4304166666666669
2015-11-14 00:00:00 UTC,277,1211,412430864,8.26388888888889
2015-11-14 00:00:00 UTC,277,1216,412410385,3.2491666666666665
2015-11-14 00:00:00 UTC,277,1216,412410386,1.9373611111111111
2015-11-14 00:00:00 UTC,277,1218,412414741,0.32333333333333336
2015-11-14 00:00:00 UTC,277,1218,412414742,4.0143055555555556
2015-11-14 00:00:00 UTC,277,1218,412418839,0.98736111111111113
2015-11-14 00:00:00 UTC,277,1219,412418839,1.441527777777778
2015-11-14 00:00:00 UTC,277,1214,412414745,2.3234722222222222
2015-11-14 00:00:00 UTC,277,1214,412434202,1.1080555555555556
2015-11-14 00:00:00 UTC,277,1213,412434202,6.3004166666666679
2015-11-14 00:00:00 UTC,277,1214,412414747,1.6441666666666666
2015-11-14 00:00:00 UTC,277,1215,412449822,10.241666666666665
2015-11-14 00:00:00 UTC,277,1212,412414751,6.5545833333333343
2015-11-14 00:00:00 UTC,277,1214,412415007,15.910972222222222
2015-11-14 00:00:00 UTC,277,1213,412415008,1.546111111111111
2015-11-14 00:00:00 UTC,277,1214,412415008,3.331666666666667
2015-11-14 00:00:00 UTC,277,1217,412417569,3.1981944444444439
2015-11-14 00:00:00 UTC,277,1214,412434212,15.223194444444442
2015-11-14 00:00:00 UTC,277,1213,412434212,4.0105555555555554
2015-11-14 00:00:00 UTC,277,1217,412416295,4.6762500000000005
2015-11-14 00:00:00 UTC,277,1213,412415274,1.1097222222222223
2015-11-14 00:00:00 UTC,277,1214,412415274,7.4443055555555553
2015-11-14 00:00:00 UTC,277,1215,200001069,0.175
2015-11-14 00:00:00 UTC,277,1214,412434222,11.102361111111112
2015-11-14 00:00:00 UTC,277,1213,412434222,5.4011111111111116
2015-11-14 00:00:00 UTC,277,1214,333302318,1.09625
2015-11-14 00:00:00 UTC,277,1209,413434415,10.954861111111114
2015-11-14 00:00:00 UTC,277,1222,412414513,0.49513888888888891
2015-11-14 00:00:00 UTC,277,1223,412414513,0.99763888888888885
2015-11-14 00:00:00 UTC,277,1215,412410419,4.1159722222222221
2015-11-14 00:00:00 UTC,277,1215,412410421,3.364583333333333
2015-11-14 00:00:00 UTC,277,1215,412450102,3.5341666666666658
2015-11-14 00:00:00 UTC,277,1214,412450102,2.947916666666667
2015-11-14 00:00:00 UTC,277,1214,412414774,13.916111111111112
2015-11-14 00:00:00 UTC,277,1216,412433465,0.60458333333333325
2015-11-14 00:00:00 UTC,277,1217,412433465,4.199583333333333
2015-11-14 00:00:00 UTC,277,1218,412419392,0.903611111111111
2015-11-14 00:00:00 UTC,277,1536,416229700,9.5609722222222224
2015-11-14 00:00:00 UTC,277,1215,412416324,12.044861111111112
2015-11-14 00:00:00 UTC,277,1208,412439878,0.33013888888888887
2015-11-14 00:00:00 UTC,277,1215,412410696,0.94861111111111118
2015-11-14 00:00:00 UTC,277,1215,412410697,5.979861111111112
2015-11-14 00:00:00 UTC,277,1215,200012877,6.7579166666666675
2015-11-14 00:00:00 UTC,277,1216,412432207,0.65125
2015-11-14 00:00:00 UTC,277,1218,412432207,2.7136111111111112
2015-11-14 00:00:00 UTC,277,1217,412432207,8.8566666666666638
2015-11-14 00:00:00 UTC,277,1219,412415831,1.018888888888889
2015-11-14 00:00:00 UTC,277,1214,412421464,0.37638888888888888
2015-11-14 00:00:00 UTC,277,1215,412421464,0.9604166666666667
2015-11-14 00:00:00 UTC,277,1219,412415836,1.345
2015-11-14 00:00:00 UTC,277,1218,412415836,1.3363888888888888
2015-11-14 00:00:00 UTC,277,1217,412413789,4.4704166666666669
2015-11-14 00:00:00 UTC,277,1215,412430177,1.0180555555555555
2015-11-14 00:00:00 UTC,277,1214,412430692,1.0848611111111111
2015-11-14 00:00:00 UTC,277,1215,412430692,0.50513888888888892
2015-11-14 00:00:00 UTC,277,1217,412432228,4.2818055555555556
2015-11-14 00:00:00 UTC,277,1215,412430698,2.41625
2015-11-14 00:00:00 UTC,277,1215,412449386,4.2705555555555543
2015-11-14 00:00:00 UTC,277,1214,412449386,1.7790277777777779
2015-11-14 00:00:00 UTC,277,1214,412657776,0.62541666666666673
2015-11-14 00:00:00 UTC,277,1215,412657776,4.7048611111111116
2015-11-14 00:00:00 UTC,277,1209,81019,2.74125
2015-11-14 00:00:00 UTC,277,1213,412449659,0.53819444444444442
2015-11-14 00:00:00 UTC,277,1218,412418186,0.8536111111111111
2015-11-14 00:00:00 UTC,277,1219,412418186,2.1972222222222224
2015-11-14 00:00:00 UTC,277,1216,412414613,4.8523611111111107
2015-11-14 00:00:00 UTC,277,1214,421551255,5.3
2015-11-14 00:00:00 UTC,277,1218,412418712,9.0776388888888881
2015-11-14 00:00:00 UTC,277,1217,412418712,4.6108333333333329
2015-11-14 00:00:00 UTC,277,1215,412410781,0.50291666666666668
2015-11-14 00:00:00 UTC,277,1215,412416669,5.145833333333333
2015-11-14 00:00:00 UTC,277,1215,412410782,1.1749999999999998
2015-11-14 00:00:00 UTC,277,1220,412449955,17.364027777777778
2015-11-14 00:00:00 UTC,277,1219,412449955,5.7930555555555552
2015-11-14 00:00:00 UTC,277,1218,412449955,8.715
2015-11-14 00:00:00 UTC,277,1212,412430245,1.2755555555555556
2015-11-14 00:00:00 UTC,277,1215,412450471,7.0418055555555545
2015-11-14 00:00:00 UTC,277,1216,412416682,4.5955555555555563
2015-11-14 00:00:00 UTC,277,1215,412416682,2.5672222222222225
2015-11-14 00:00:00 UTC,277,1218,412418987,4.0598611111111111
2015-11-14 00:00:00 UTC,277,1217,412418987,2.7190277777777778
2015-11-14 00:00:00 UTC,277,1217,412418988,9.22888888888889
2015-11-14 00:00:00 UTC,277,1217,412433325,4.8566666666666674
2015-11-14 00:00:00 UTC,277,1214,412433325,0.29625
2015-11-14 00:00:00 UTC,277,1216,412433325,0.38277777777777777
2015-11-14 00:00:00 UTC,277,1216,412415151,14.455277777777777
2015-11-14 00:00:00 UTC,277,1216,412415668,5.9468055555555566
2015-11-14 00:00:00 UTC,277,1218,412418229,5.1998611111111108
2015-11-14 00:00:00 UTC,277,1219,412418229,0.39958333333333329
2015-11-14 00:00:00 UTC,277,1217,412412351,12.955555555555556
2015-11-14 00:00:00 UTC,277,1220,413001153,2.9041666666666668
2015-11-14 00:00:00 UTC,277,1215,412415169,7.1345833333333335
2015-11-14 00:00:00 UTC,277,1214,412415169,5.9541666666666675
2015-11-14 00:00:00 UTC,277,1214,412417731,3.2979166666666666
2015-11-14 00:00:00 UTC,277,1210,412430788,0.70444444444444443
2015-11-14 00:00:00 UTC,277,1211,412430788,3.6875
2015-11-14 00:00:00 UTC,277,1215,412416964,0.94861111111111107
2015-11-14 00:00:00 UTC,277,1211,412430789,1.7987499999999998
2015-11-14 00:00:00 UTC,277,1213,412430791,3.1131944444444448
2015-11-14 00:00:00 UTC,277,1210,412430792,1.7533333333333332
2015-11-14 00:00:00 UTC,277,1219,412414665,10.8175
2015-11-14 00:00:00 UTC,277,1209,412435665,14.145
2015-11-14 00:00:00 UTC,277,1213,412430803,5.3979166666666671
2015-11-14 00:00:00 UTC,277,1219,412414676,7.6030555555555557
2015-11-14 00:00:00 UTC,277,1211,412430805,3.9377777777777774
2015-11-14 00:00:00 UTC,277,1212,412430805,3.2802777777777772
2015-11-14 00:00:00 UTC,277,1211,412430806,0.2779166666666667
2015-11-14 00:00:00 UTC,277,1210,412430806,6.8952777777777783
2015-11-14 00:00:00 UTC,277,1213,412430807,3.615
2015-11-14 00:00:00 UTC,277,1211,412430808,12.904305555555558
2015-11-14 00:00:00 UTC,277,1214,412450008,2.9068055555555556
2015-11-14 00:00:00 UTC,277,1215,412450009,0.65013888888888893
2015-11-14 00:00:00 UTC,277,1211,400087770,0.58597222222222223
2015-11-14 00:00:00 UTC,277,1210,412430813,1.9119444444444449
2015-11-14 00:00:00 UTC,277,1211,412430813,4.91236111111111
2015-11-14 00:00:00 UTC,277,1212,412430302,3.0966666666666667
2015-11-14 00:00:00 UTC,277,1211,412430816,3.0022222222222217
2015-11-14 00:00:00 UTC,277,1210,412430816,3.2445833333333329
2015-11-14 00:00:00 UTC,277,1212,412417761,0.29708333333333337
2015-11-14 00:00:00 UTC,277,1208,412434402,0.94708333333333339
2015-11-14 00:00:00 UTC,277,1209,412434402,11.413749999999999
2015-11-14 00:00:00 UTC,277,1215,413521122,3.8876388888888891
2015-11-14 00:00:00 UTC,277,1215,412426723,0.27875
2015-11-14 00:00:00 UTC,277,1213,412430052,1.3504166666666666
2015-11-14 00:00:00 UTC,277,1211,412430055,8.2566666666666677
2015-11-14 00:00:00 UTC,277,1213,412430827,2.8297222222222222
2015-11-14 00:00:00 UTC,277,1214,412417775,4.4293055555555556
2015-11-14 00:00:00 UTC,277,1213,412417775,6.8929166666666672
2015-11-14 00:00:00 UTC,277,1209,412434416,15.976666666666668
2015-11-14 00:00:00 UTC,277,1738,431254000,1.9356944444444444
2015-11-14 00:00:00 UTC,277,1748,431254000,5.2513888888888891
2015-11-14 00:00:00 UTC,277,1742,431254000,2.2594444444444441
2015-11-14 00:00:00 UTC,277,1217,412418805,2.9820833333333336
2015-11-14 00:00:00 UTC,277,1215,412430327,1.3168055555555556
2015-11-14 00:00:00 UTC,277,1218,412356600,9.6305555555555564
2015-11-14 00:00:00 UTC,277,1215,412430328,0.848611111111111
2015-11-14 00:00:00 UTC,277,1216,412545785,3.0493055555555557
2015-11-14 00:00:00 UTC,277,1215,413078526,0.18111111111111111
2015-11-14 00:00:00 UTC,277,1209,412430846,14.63263888888889
2015-11-14 00:00:00 UTC,533,-43,235061018,1.0684722222222223
2015-11-14 00:00:00 UTC,533,-43,235076636,7.97152777777778
2015-11-14 00:00:00 UTC,533,-105,250137450,0.25875000000000004
2015-11-14 00:00:00 UTC,533,-1292,316007587,1.0501388888888887
2015-11-14 00:00:00 UTC,533,-1293,316007587,0.75875
2015-11-14 00:00:00 UTC,533,-37,232006630,0.38680555555555557
2015-11-14 00:00:00 UTC,533,-36,232006630,0.38958333333333328
2015-11-14 00:00:00 UTC,-491,1664,512002681,1.8334722222222222
2015-11-14 00:00:00 UTC,-491,1665,512002681,6.93763888888889
2015-11-14 00:00:00 UTC,-235,994,224371000,1.2870833333333334
2015-11-14 00:00:00 UTC,-235,995,224371000,1.8298611111111109
2015-11-14 00:00:00 UTC,-235,993,224371000,3.7947222222222217
2015-11-14 00:00:00 UTC,-235,500,416003192,7.2215277777777782
2015-11-14 00:00:00 UTC,-235,508,416002269,4.6208333333333336
2015-11-14 00:00:00 UTC,22,1776,412328728,2.0125
2015-11-14 00:00:00 UTC,22,1775,412328728,0.6711111111111111
2015-11-14 00:00:00 UTC,22,-248,224044870,0.78319444444444442
2015-11-14 00:00:00 UTC,22,-245,224044870,1.1469444444444443
2015-11-14 00:00:00 UTC,22,-249,224044870,0.80722222222222217
2015-11-14 00:00:00 UTC,22,-244,224044870,1.966388888888889
2015-11-14 00:00:00 UTC,22,-246,224044870,0.51277777777777778
2015-11-14 00:00:00 UTC,22,-247,224044870,0.94152777777777774
2015-11-14 00:00:00 UTC,22,-241,224044870,3.355833333333333
2015-11-14 00:00:00 UTC,22,-251,224044870,1.2154166666666666
2015-11-14 00:00:00 UTC,22,-250,224044870,0.73916666666666664
2015-11-14 00:00:00 UTC,22,-1671,416003756,1.4548611111111112
2015-11-14 00:00:00 UTC,22,-1554,553111754,0.065
2015-11-14 00:00:00 UTC,278,1220,412418561,5.6601388888888895
2015-11-14 00:00:00 UTC,278,1219,412418561,3.0002777777777778
2015-11-14 00:00:00 UTC,278,1219,412419591,2.3744444444444444
2015-11-14 00:00:00 UTC,278,1217,412419591,5.2013888888888884
2015-11-14 00:00:00 UTC,278,1218,412419591,3.7201388888888882
2015-11-14 00:00:00 UTC,278,1216,412419591,0.63194444444444442
2015-11-14 00:00:00 UTC,278,1216,412433418,8.8930555555555575
2015-11-14 00:00:00 UTC,278,1215,412433418,0.63833333333333331
2015-11-14 00:00:00 UTC,278,1217,412433418,0.4393055555555555
2015-11-14 00:00:00 UTC,278,1220,412418321,0.38055555555555554
2015-11-14 00:00:00 UTC,278,1223,412435473,1.0088888888888889
2015-11-14 00:00:00 UTC,278,1222,412435473,0.29180555555555554
2015-11-14 00:00:00 UTC,278,1220,200007697,5.6913888888888886
2015-11-14 00:00:00 UTC,278,1211,412430866,0.85458333333333336
2015-11-14 00:00:00 UTC,278,1222,412437524,5.0204166666666667
2015-11-14 00:00:00 UTC,278,1219,412414741,10.535277777777779
2015-11-14 00:00:00 UTC,278,1218,412414741,5.0777777777777775
2015-11-14 00:00:00 UTC,278,1220,412414741,0.5395833333333333
2015-11-14 00:00:00 UTC,278,1218,412414742,5.4101388888888895
2015-11-14 00:00:00 UTC,278,1219,412414742,13.834166666666667
2015-11-14 00:00:00 UTC,278,1220,412414742,0.69805555555555554
2015-11-14 00:00:00 UTC,278,1218,412418839,10.625972222222222
2015-11-14 00:00:00 UTC,278,1217,412418839,1.53625
2015-11-14 00:00:00 UTC,278,1219,412418839,9.0845833333333328
2015-11-14 00:00:00 UTC,278,1214,412414745,18.71972222222222
2015-11-14 00:00:00 UTC,278,1214,412434202,10.923888888888889
2015-11-14 00:00:00 UTC,278,1213,412434202,1.1759722222222224
2015-11-14 00:00:00 UTC,278,1215,412414747,2.1483333333333334
2015-11-14 00:00:00 UTC,278,1214,412414747,9.3077777777777779
2015-11-14 00:00:00 UTC,278,1215,412415007,2.3208333333333333
2015-11-14 00:00:00 UTC,278,1214,412415007,2.5647222222222221
2015-11-14 00:00:00 UTC,278,1214,412415008,13.777500000000003
2015-11-14 00:00:00 UTC,278,1220,412419361,10.55
2015-11-14 00:00:00 UTC,278,1219,412419361,11.36875
2015-11-14 00:00:00 UTC,278,1217,412417569,10.345138888888888
2015-11-14 00:00:00 UTC,278,1217,412416295,0.86277777777777775
2015-11-14 00:00:00 UTC,278,1213,412449832,4.2993055555555566
2015-11-14 00:00:00 UTC,278,1219,412416041,8.0869444444444447
2015-11-14 00:00:00 UTC,278,1214,412415274,11.049444444444445
2015-11-14 00:00:00 UTC,278,1214,412414763,1.3048611111111112
2015-11-14 00:00:00 UTC,278,1222,412414513,0.6475
2015-11-14 00:00:00 UTC,278,1222,412435252,3.2458333333333331
2015-11-14 00:00:00 UTC,278,1218,200004405,5.8994444444444447
2015-11-14 00:00:00 UTC,278,1215,412414774,3.8772222222222226
2015-11-14 00:00:00 UTC,278,1216,412433465,1.5559722222222221
2015-11-14 00:00:00 UTC,278,1217,412433465,0.37958333333333333
2015-11-14 00:00:00 UTC,278,1215,412433465,0.87680555555555539
2015-11-14 00:00:00 UTC,278,1218,412416571,2.5754166666666669
2015-11-14 00:00:00 UTC,278,1218,412419392,13.725277777777782
2015-11-14 00:00:00 UTC,278,1219,412419392,8.37736111111111
2015-11-14 00:00:00 UTC,278,1539,416229700,3.5422222222222226
2015-11-14 00:00:00 UTC,278,1215,412416324,0.39444444444444449
2015-11-14 00:00:00 UTC,278,1222,412436293,0.7993055555555556
2015-11-14 00:00:00 UTC,278,1219,412416581,14.883055555555556
2015-11-14 00:00:00 UTC,278,1220,412416581,0.5363888888888888
2015-11-14 00:00:00 UTC,278,1218,412416581,3.7069444444444444
2015-11-14 00:00:00 UTC,278,1220,412416075,10.55736111111111
2015-11-14 00:00:00 UTC,278,1219,412416075,2.1131944444444444
2015-11-14 00:00:00 UTC,278,1215,200012877,0.86388888888888893
2015-11-14 00:00:00 UTC,278,1215,412432207,0.93791666666666662
2015-11-14 00:00:00 UTC,278,1216,412432207,4.052777777777778
2015-11-14 00:00:00 UTC,278,1218,412432207,0.53652777777777771
2015-11-14 00:00:00 UTC,278,1217,412432207,1.2627777777777778
2015-11-14 00:00:00 UTC,278,1220,412418133,3.2536111111111112
2015-11-14 00:00:00 UTC,278,1219,412418133,1.5540277777777778
2015-11-14 00:00:00 UTC,278,1218,412418133,6.0991666666666662
2015-11-14 00:00:00 UTC,278,1219,412416854,6.5066666666666668
2015-11-14 00:00:00 UTC,278,1219,412415831,13.749166666666666
2015-11-14 00:00:00 UTC,278,1222,412435545,2.0261111111111112
2015-11-14 00:00:00 UTC,278,1223,412435545,0.5411111111111111
2015-11-14 00:00:00 UTC,278,1208,82010,1.0006944444444446
2015-11-14 00:00:00 UTC,278,1209,82010,5.5208333333333339
2015-11-14 00:00:00 UTC,278,1218,412415836,12.395138888888891
2015-11-14 00:00:00 UTC,278,1219,412415836,7.0320833333333326
2015-11-14 00:00:00 UTC,278,1218,412413789,11.758055555555556
2015-11-14 00:00:00 UTC,278,1217,412413789,2.4163888888888891
2015-11-14 00:00:00 UTC,278,1217,412432228,0.88055555555555554
2015-11-14 00:00:00 UTC,278,1216,412432228,0.82958333333333334
2015-11-14 00:00:00 UTC,278,1215,412432228,0.93625
2015-11-14 00:00:00 UTC,278,1211,412449386,0.92944444444444452
2015-11-14 00:00:00 UTC,278,1219,412416366,8.9743055555555564
2015-11-14 00:00:00 UTC,278,1220,412416366,3.34875
2015-11-14 00:00:00 UTC,278,-967,367332720,2.3697222222222223
2015-11-14 00:00:00 UTC,278,-968,367332720,1.6958333333333333
2015-11-14 00:00:00 UTC,278,1213,412433777,3.6765277777777783
2015-11-14 00:00:00 UTC,278,1220,412416887,10.159861111111111
2015-11-14 00:00:00 UTC,278,1218,412414584,11.84027777777778
2015-11-14 00:00:00 UTC,278,1219,412414584,9.3504166666666659
2015-11-14 00:00:00 UTC,278,1218,412414585,11.562361111111109
2015-11-14 00:00:00 UTC,278,1219,412414585,10.596249999999994
2015-11-14 00:00:00 UTC,278,1218,412418439,12.382222222222218
2015-11-14 00:00:00 UTC,278,1221,412436872,0.87111111111111117
2015-11-14 00:00:00 UTC,278,1217,412418186,1.398611111111111
2015-11-14 00:00:00 UTC,278,1218,412418186,9.9011111111111116
2015-11-14 00:00:00 UTC,278,1219,412418186,8.775
2015-11-14 00:00:00 UTC,278,1219,412436107,0.12986111111111112
2015-11-14 00:00:00 UTC,278,1213,200010637,4.2209722222222226
2015-11-14 00:00:00 UTC,278,1220,412417165,9.53486111111111
2015-11-14 00:00:00 UTC,278,1219,412417165,1.57625
2015-11-14 00:00:00 UTC,278,1215,412415374,3.5079166666666657
2015-11-14 00:00:00 UTC,278,1219,412418197,5.07013888888889
2015-11-14 00:00:00 UTC,278,1220,412418197,7.4419444444444451
2015-11-14 00:00:00 UTC,278,1220,200010133,2.9693055555555556
2015-11-14 00:00:00 UTC,278,1217,412418712,2.2345833333333331
2015-11-14 00:00:00 UTC,278,1218,412418712,8.5229166666666671
2015-11-14 00:00:00 UTC,278,1215,412416669,12.033472222222224
2015-11-14 00:00:00 UTC,278,1222,412435875,0.5790277777777777
2015-11-14 00:00:00 UTC,278,1212,412430506,0.46513888888888888
2015-11-14 00:00:00 UTC,278,1211,412430506,0.50708333333333333
2015-11-14 00:00:00 UTC,278,1219,412416682,4.1926388888888892
2015-11-14 00:00:00 UTC,278,1217,412418987,8.41611111111111
2015-11-14 00:00:00 UTC,278,1218,412418987,3.6245833333333328
2015-11-14 00:00:00 UTC,278,1219,412418987,6.4901388888888878
2015-11-14 00:00:00 UTC,278,1217,412418988,5.6384722222222221
2015-11-14 00:00:00 UTC,278,1218,412418988,1.3068055555555556
2015-11-14 00:00:00 UTC,278,1219,412418988,7.9343055555555546
2015-11-14 00:00:00 UTC,278,1216,412433325,1.0138888888888888
2015-11-14 00:00:00 UTC,278,1215,412433325,1.0306944444444444
2015-11-14 00:00:00 UTC,278,1217,412433325,0.64083333333333337
2015-11-14 00:00:00 UTC,278,1220,412417454,8.3669444444444441
2015-11-14 00:00:00 UTC,278,1219,412417454,11.652638888888889
2015-11-14 00:00:00 UTC,278,1217,412418479,5.1341666666666672
2015-11-14 00:00:00 UTC,278,1218,412416689,3.0465277777777779
2015-11-14 00:00:00 UTC,278,1219,412416689,2.6388888888888888
2015-11-14 00:00:00 UTC,278,1220,412416689,18.330972222222222
2015-11-14 00:00:00 UTC,278,1214,412416434,10.499861111111114
2015-11-14 00:00:00 UTC,278,1219,412418229,9.70263888888889
2015-11-14 00:00:00 UTC,278,1219,412419511,11.859722222222222
2015-11-14 00:00:00 UTC,278,1220,412419511,10.778611111111111
2015-11-14 00:00:00 UTC,278,1213,412435896,9.9343055555555555
2015-11-14 00:00:00 UTC,278,1217,412417466,9.9661111111111111
2015-11-14 00:00:00 UTC,278,1219,412417466,6.6481944444444441
2015-11-14 00:00:00 UTC,278,1218,412417466,4.3216666666666672
2015-11-14 00:00:00 UTC,278,1222,412410558,0.75472222222222218
2015-11-14 00:00:00 UTC,278,1218,412419519,3.6108333333333333
2015-11-14 00:00:00 UTC,278,1217,412419519,10.415138888888889
2015-11-14 00:00:00 UTC,278,1217,412412351,5.1476388888888893
2015-11-14 00:00:00 UTC,278,1220,412416191,9.73638888888889
2015-11-14 00:00:00 UTC,278,1214,412415169,6.2512499999999989
2015-11-14 00:00:00 UTC,278,1215,412415169,0.87236111111111114
2015-11-14 00:00:00 UTC,278,1220,412416964,2.3434722222222222
2015-11-14 00:00:00 UTC,278,1219,412414665,14.549861111111111
2015-11-14 00:00:00 UTC,278,1219,412417226,5.6019444444444435
2015-11-14 00:00:00 UTC,278,1218,412417226,2.0908333333333333
2015-11-14 00:00:00 UTC,278,1220,412417226,3.7311111111111117
2015-11-14 00:00:00 UTC,278,1216,412412876,0.81
2015-11-14 00:00:00 UTC,278,1219,412419791,16.953611111111112
2015-11-14 00:00:00 UTC,278,1221,412436435,3.9126388888888886
2015-11-14 00:00:00 UTC,278,1222,412436435,0.35
2015-11-14 00:00:00 UTC,278,1219,412414675,1.3447222222222222
2015-11-14 00:00:00 UTC,278,1219,412414676,1.8295833333333333
2015-11-14 00:00:00 UTC,278,1219,412415444,1.7226388888888891
2015-11-14 00:00:00 UTC,278,1212,412430809,2.0818055555555555
2015-11-14 00:00:00 UTC,278,1211,412430809,1.340138888888889
2015-11-14 00:00:00 UTC,278,1212,412430811,2.9372222222222231
2015-11-14 00:00:00 UTC,278,1211,412430811,0.64541666666666664
2015-11-14 00:00:00 UTC,278,1219,412412637,3.9463888888888885
2015-11-14 00:00:00 UTC,278,1220,412412637,8.100138888888889
2015-11-14 00:00:00 UTC,278,1212,412436704,2.9008333333333334
2015-11-14 00:00:00 UTC,278,1212,412417761,9.1279166666666676
2015-11-14 00:00:00 UTC,278,1213,412430052,0.58097222222222222
2015-11-14 00:00:00 UTC,278,1214,412418277,2.9990277777777772
2015-11-14 00:00:00 UTC,278,1218,412418533,1.26375
2015-11-14 00:00:00 UTC,278,1219,412418533,13.36263888888889
2015-11-14 00:00:00 UTC,278,1220,412418533,9.4144444444444453
2015-11-14 00:00:00 UTC,278,1222,412417765,0.72833333333333339
2015-11-14 00:00:00 UTC,278,1221,412418791,4.0051388888888884
2015-11-14 00:00:00 UTC,278,1219,412418791,6.2755555555555551
2015-11-14 00:00:00 UTC,278,1220,412418791,10.105416666666667
2015-11-14 00:00:00 UTC,278,1211,412430055,0.28708333333333336
2015-11-14 00:00:00 UTC,278,1215,412432104,0.62291666666666667
2015-11-14 00:00:00 UTC,278,1216,412432104,0.92222222222222228
2015-11-14 00:00:00 UTC,278,1218,412418799,9.9702777777777776
2015-11-14 00:00:00 UTC,278,1737,431254000,1.7841666666666665
2015-11-14 00:00:00 UTC,278,1218,412418805,4.1320833333333331
2015-11-14 00:00:00 UTC,278,1217,412418805,9.4054166666666674
2015-11-14 00:00:00 UTC,278,1219,412415733,4.4243055555555557
2015-11-14 00:00:00 UTC,278,1219,412416503,10.836527777777778
2015-11-14 00:00:00 UTC,534,-106,250137450,1.0451388888888888
2015-11-14 00:00:00 UTC,534,-107,250137450,0.52680555555555553
2015-11-14 00:00:00 UTC,534,-61,250002836,4.3920833333333329
2015-11-14 00:00:00 UTC,534,-60,250001597,1.1190277777777777
2015-11-14 00:00:00 UTC,790,114,277442000,0.26125
2015-11-14 00:00:00 UTC,790,109,277442000,2.1468055555555554
2015-11-14 00:00:00 UTC,790,108,277442000,1.5229166666666667
2015-11-14 00:00:00 UTC,790,113,277442000,0.26
2015-11-14 00:00:00 UTC,790,112,277442000,1.6677777777777774
2015-11-14 00:00:00 UTC,790,115,277442000,2.4734722222222221
2015-11-14 00:00:00 UTC,790,106,277442000,1.2508333333333335
2015-11-14 00:00:00 UTC,790,110,277442000,2.0791666666666666
2015-11-14 00:00:00 UTC,790,111,277442000,2.6229166666666668
2015-11-14 00:00:00 UTC,790,107,277442000,1.0083333333333335
2015-11-14 00:00:00 UTC,-490,1665,512002681,0.93472222222222223
2015-11-14 00:00:00 UTC,-234,997,224371000,3.75375
2015-11-14 00:00:00 UTC,-234,995,224371000,1.8358333333333337
2015-11-14 00:00:00 UTC,-234,996,224371000,0.20069444444444443
2015-11-14 00:00:00 UTC,-234,500,416003192,11.511805555555556
2015-11-14 00:00:00 UTC,-234,508,416002269,6.8048611111111121
2015-11-14 00:00:00 UTC,23,-1710,416002116,1.4380555555555556
2015-11-14 00:00:00 UTC,23,-1709,416002116,1.4695833333333335
2015-11-14 00:00:00 UTC,23,-1707,416002116,3.9744444444444444
2015-11-14 00:00:00 UTC,23,-1705,416002116,2.5119444444444445
2015-11-14 00:00:00 UTC,23,-1711,416002116,2.7873611111111112
2015-11-14 00:00:00 UTC,23,-1708,416002116,0.95500000000000007
2015-11-14 00:00:00 UTC,23,-1706,416002116,3.2101388888888889
2015-11-14 00:00:00 UTC,23,-252,224044870,3.2749999999999995
2015-11-14 00:00:00 UTC,23,1524,431680380,2.4508333333333332
2015-11-14 00:00:00 UTC,23,-1670,416003756,4.5538888888888893
2015-11-14 00:00:00 UTC,23,-1672,416003756,5.9295833333333334
2015-11-14 00:00:00 UTC,23,1532,431918000,5.4548611111111107
2015-11-14 00:00:00 UTC,279,1217,412410371,2.2406944444444443
2015-11-14 00:00:00 UTC,279,1218,412410372,0.31916666666666665
2015-11-14 00:00:00 UTC,279,1217,412410372,2.40625
2015-11-14 00:00:00 UTC,279,1215,412417284,10.217083333333331
2015-11-14 00:00:00 UTC,279,1216,412417284,6.9443055555555553
2015-11-14 00:00:00 UTC,279,1216,412414726,1.7855555555555556
2015-11-14 00:00:00 UTC,279,1215,412417286,3.2870833333333338
2015-11-14 00:00:00 UTC,279,1221,412417798,11.705555555555559
2015-11-14 00:00:00 UTC,279,1216,412419591,0.29444444444444445
2015-11-14 00:00:00 UTC,279,1221,412419592,0.19430555555555556
2015-11-14 00:00:00 UTC,279,1222,412447753,2.8086111111111109
2015-11-14 00:00:00 UTC,279,1221,412447753,8.1284722222222214
2015-11-14 00:00:00 UTC,279,1222,412438026,1.3533333333333333
2015-11-14 00:00:00 UTC,279,1221,412418061,1.526388888888889
2015-11-14 00:00:00 UTC,279,1213,412449806,2.6381944444444443
2015-11-14 00:00:00 UTC,279,1216,413056016,1.8752777777777778
2015-11-14 00:00:00 UTC,279,1221,412418321,0.32763888888888887
2015-11-14 00:00:00 UTC,279,1220,412418321,11.479583333333334
2015-11-14 00:00:00 UTC,279,1222,412435473,0.74652777777777768
2015-11-14 00:00:00 UTC,279,1222,200007697,6.1504166666666666
2015-11-14 00:00:00 UTC,279,1216,413088788,1.4591666666666665
2015-11-14 00:00:00 UTC,279,1222,412437524,2.3872222222222219
2015-11-14 00:00:00 UTC,279,1216,412450325,3.1999999999999997
2015-11-14 00:00:00 UTC,279,1221,412419094,0.81805555555555554
2015-11-14 00:00:00 UTC,279,1219,412418839,0.52111111111111108
2015-11-14 00:00:00 UTC,279,1215,412414747,4.8211111111111107
2015-11-14 00:00:00 UTC,279,1214,412414747,0.58277777777777773
2015-11-14 00:00:00 UTC,279,1212,412430877,1.4809722222222219
2015-11-14 00:00:00 UTC,279,1211,412430877,0.20277777777777778
2015-11-14 00:00:00 UTC,279,1221,412435229,5.8365277777777775
2015-11-14 00:00:00 UTC,279,1217,412417569,2.046388888888889
2015-11-14 00:00:00 UTC,279,1222,412436002,7.2562499999999988
2015-11-14 00:00:00 UTC,279,1222,412436258,8.6604166666666664
2015-11-14 00:00:00 UTC,279,1215,424555555,0.85902777777777772
2015-11-14 00:00:00 UTC,279,1222,412435235,0.90875
2015-11-14 00:00:00 UTC,279,1217,413698852,2.3698611111111112
2015-11-14 00:00:00 UTC,279,1219,412414757,3.1799999999999997
2015-11-14 00:00:00 UTC,279,1218,412414757,6.75125
2015-11-14 00:00:00 UTC,279,1218,412416295,0.34777777777777774
2015-11-14 00:00:00 UTC,279,1214,412414763,3.0566666666666666
2015-11-14 00:00:00 UTC,279,1221,412417071,16.172777777777775
2015-11-14 00:00:00 UTC,279,1217,412414512,5.7773611111111114
2015-11-14 00:00:00 UTC,279,1222,412435252,2.7411111111111115
2015-11-14 00:00:00 UTC,279,1214,412417332,3.6934722222222218
2015-11-14 00:00:00 UTC,279,1215,412414774,1.1077777777777778
2015-11-14 00:00:00 UTC,279,1215,412413242,3.2009722222222221
2015-11-14 00:00:00 UTC,279,1220,412418622,9.44875
2015-11-14 00:00:00 UTC,279,1221,412418368,7.3648611111111126
2015-11-14 00:00:00 UTC,279,1219,412419392,1.01375
2015-11-14 00:00:00 UTC,279,1225,412435009,2.4541666666666666
2015-11-14 00:00:00 UTC,279,1224,412435009,0.53708333333333336
2015-11-14 00:00:00 UTC,279,1216,413875267,0.33569444444444446
2015-11-14 00:00:00 UTC,279,1216,412414787,9.3144444444444421
2015-11-14 00:00:00 UTC,279,1215,412416324,6.1570833333333326
2015-11-14 00:00:00 UTC,279,1222,412436293,4.8711111111111105
2015-11-14 00:00:00 UTC,279,1219,412416581,0.39083333333333337
2015-11-14 00:00:00 UTC,279,1215,200012877,1.0844444444444443
2015-11-14 00:00:00 UTC,279,1217,412410703,3.1731944444444444
2015-11-14 00:00:00 UTC,279,1218,412410703,0.32833333333333337
2015-11-14 00:00:00 UTC,279,1217,412040019,0.57638888888888884
2015-11-14 00:00:00 UTC,279,1216,412040019,0.56361111111111106
2015-11-14 00:00:00 UTC,279,1221,412419412,9.7625
2015-11-14 00:00:00 UTC,279,1219,412415831,0.39458333333333334
2015-11-14 00:00:00 UTC,279,1222,412435545,1.4361111111111111
2015-11-14 00:00:00 UTC,279,1215,412410714,3.1769444444444446
2015-11-14 00:00:00 UTC,279,1221,412412507,0.28125
2015-11-14 00:00:00 UTC,279,1215,412418652,3.6865277777777781
2015-11-14 00:00:00 UTC,279,1217,413521244,0.28791666666666665
2015-11-14 00:00:00 UTC,279,1219,412415836,1.2277777777777779
2015-11-14 00:00:00 UTC,279,1218,412415836,0.45402777777777775
2015-11-14 00:00:00 UTC,279,1217,412410717,1.7501388888888889
2015-11-14 00:00:00 UTC,279,1221,412419679,7.6143055555555552
2015-11-14 00:00:00 UTC,279,1222,412419679,3.4769444444444448
2015-11-14 00:00:00 UTC,279,1221,412417125,4.5061111111111112
2015-11-14 00:00:00 UTC,279,1222,412436838,2.6095833333333331
2015-11-14 00:00:00 UTC,279,1221,412436838,0.28319444444444442
2015-11-14 00:00:00 UTC,279,1218,412411501,1.4819444444444445
2015-11-14 00:00:00 UTC,279,1217,412411501,2.6623611111111112
2015-11-14 00:00:00 UTC,279,1221,412418415,3.8495833333333334
2015-11-14 00:00:00 UTC,279,1219,412418927,2.9229166666666666
2015-11-14 00:00:00 UTC,279,1217,412411503,1.3320833333333331
2015-11-14 00:00:00 UTC,279,1218,412411503,0.475
2015-11-14 00:00:00 UTC,279,-966,367332720,2.4237499999999996
2015-11-14 00:00:00 UTC,279,-967,367332720,1.5290277777777779
2015-11-14 00:00:00 UTC,279,-964,367332720,1.0486111111111112
2015-11-14 00:00:00 UTC,279,-965,367332720,1.9749999999999999
2015-11-14 00:00:00 UTC,279,1221,412435319,2.2781944444444444
2015-11-14 00:00:00 UTC,279,1219,412414584,2.0291666666666668
2015-11-14 00:00:00 UTC,279,1218,412414584,0.51222222222222225
2015-11-14 00:00:00 UTC,279,1218,412414585,0.60444444444444456
2015-11-14 00:00:00 UTC,279,1219,412414585,1.2886111111111112
2015-11-14 00:00:00 UTC,279,1214,412414586,2.475138888888889
2015-11-14 00:00:00 UTC,279,1215,412414586,15.787083333333335
2015-11-14 00:00:00 UTC,279,1223,412437636,1.7195833333333332
2015-11-14 00:00:00 UTC,279,1225,412437636,0.95625
2015-11-14 00:00:00 UTC,279,1224,412437636,1.3806944444444444
2015-11-14 00:00:00 UTC,279,1221,412437636,5.6118055555555548
2015-11-14 00:00:00 UTC,279,1222,412437636,1.9297222222222221
2015-11-14 00:00:00 UTC,279,1221,412436872,5.5291666666666668
2015-11-14 00:00:00 UTC,279,1222,412436872,3.4483333333333333
2015-11-14 00:00:00 UTC,279,1219,412418186,1.1012499999999998
2015-11-14 00:00:00 UTC,279,1221,412416906,0.92708333333333337
2015-11-14 00:00:00 UTC,279,1219,412436107,0.30486111111111114
2015-11-14 00:00:00 UTC,279,1221,412417165,3.565
2015-11-14 00:00:00 UTC,279,1220,412417165,6.8711111111111114
2015-11-14 00:00:00 UTC,279,1215,412415374,0.25611111111111112
2015-11-14 00:00:00 UTC,279,1216,412418448,1.0377777777777779
2015-11-14 00:00:00 UTC,279,1216,412418449,3.2183333333333337
2015-11-14 00:00:00 UTC,279,1484,416003735,12.069583333333334
2015-11-14 00:00:00 UTC,279,1217,412412311,0.56777777777777771
2015-11-14 00:00:00 UTC,279,1216,412412311,1.4402777777777778
2015-11-14 00:00:00 UTC,279,1215,412416669,3.6756944444444448
2015-11-14 00:00:00 UTC,279,1218,412417949,7.4925
2015-11-14 00:00:00 UTC,279,1216,412418462,1.2008333333333334
2015-11-14 00:00:00 UTC,279,1217,412418462,0.50111111111111106
2015-11-14 00:00:00 UTC,279,1215,412413345,2.8715277777777777
2015-11-14 00:00:00 UTC,279,1221,412435875,0.84430555555555553
2015-11-14 00:00:00 UTC,279,1222,412435875,7.8834722222222231
2015-11-14 00:00:00 UTC,279,1218,413667752,0.29166666666666669
2015-11-14 00:00:00 UTC,279,1218,412417963,8.59138888888889
2015-11-14 00:00:00 UTC,279,1221,412416684,6.4134722222222225
2015-11-14 00:00:00 UTC,279,1221,412418989,3.7109722222222223
2015-11-14 00:00:00 UTC,279,1222,412437934,1.9879166666666668
2015-11-14 00:00:00 UTC,279,1221,412419759,4.8231944444444439
2015-11-14 00:00:00 UTC,279,1211,412430768,0.27513888888888888
2015-11-14 00:00:00 UTC,279,1214,412416434,9.7356944444444444
2015-11-14 00:00:00 UTC,279,1548,416004797,1.5622222222222222
2015-11-14 00:00:00 UTC,279,1221,412418238,5.4333333333333336
2015-11-14 00:00:00 UTC,279,1222,412410558,7.5922222222222224
2015-11-14 00:00:00 UTC,279,1217,412410305,3.1665277777777781
2015-11-14 00:00:00 UTC,279,1222,412423876,1.0279166666666666
2015-11-14 00:00:00 UTC,279,1216,412416714,3.4933333333333332
2015-11-14 00:00:00 UTC,279,1221,412417738,6.07125
2015-11-14 00:00:00 UTC,279,1222,412417738,1.1425
2015-11-14 00:00:00 UTC,279,1220,412282828,1.4455555555555555
2015-11-14 00:00:00 UTC,279,1221,412417485,1.9773611111111109
2015-11-14 00:00:00 UTC,279,1222,412436435,4.1163888888888884
2015-11-14 00:00:00 UTC,279,1216,413262035,2.8554166666666667
2015-11-14 00:00:00 UTC,279,1217,412410323,6.20125
2015-11-14 00:00:00 UTC,279,1217,412410324,1.7670833333333336
2015-11-14 00:00:00 UTC,279,1219,412415444,0.46708333333333329
2015-11-14 00:00:00 UTC,279,1217,412410327,2.0575
2015-11-14 00:00:00 UTC,279,1217,412410328,1.183888888888889
2015-11-14 00:00:00 UTC,279,1215,412417241,3.0998611111111112
2015-11-14 00:00:00 UTC,279,1218,412418779,0.34444444444444444
2015-11-14 00:00:00 UTC,279,1217,412410075,2.2991666666666664
2015-11-14 00:00:00 UTC,279,1217,412410076,1.5951388888888889
2015-11-14 00:00:00 UTC,279,1212,412417761,11.675972222222224
2015-11-14 00:00:00 UTC,279,1216,412416738,4.2126388888888888
2015-11-14 00:00:00 UTC,279,1215,412416738,4.8055555555555562
2015-11-14 00:00:00 UTC,279,1214,412418277,7.0015277777777758
2015-11-14 00:00:00 UTC,279,1222,412417765,2.3122222222222222
2015-11-14 00:00:00 UTC,279,1216,412418534,9.4605555555555547
2015-11-14 00:00:00 UTC,279,1222,412419302,2.8506944444444442
2015-11-14 00:00:00 UTC,279,1221,412419302,7.1319444444444429
2015-11-14 00:00:00 UTC,279,1221,412418791,7.8777777777777782
2015-11-14 00:00:00 UTC,279,1222,200013805,4.01
2015-11-14 00:00:00 UTC,279,1221,412416238,9.5108333333333341
2015-11-14 00:00:00 UTC,279,1222,412436208,1.1127777777777776
2015-11-14 00:00:00 UTC,279,1743,431254000,3.759722222222222
2015-11-14 00:00:00 UTC,279,1736,431254000,1.0350000000000001
2015-11-14 00:00:00 UTC,279,1737,431254000,3.4097222222222223
2015-11-14 00:00:00 UTC,279,1216,412416496,3.2026388888888895
2015-11-14 00:00:00 UTC,279,1215,412418807,4.0713888888888885
2015-11-14 00:00:00 UTC,279,1221,412416503,11.25236111111111
2015-11-14 00:00:00 UTC,279,1214,412417271,3.224305555555556
2015-11-14 00:00:00 UTC,279,1218,412410364,0.30958333333333332
2015-11-14 00:00:00 UTC,279,1217,412410364,1.8705555555555555
2015-11-14 00:00:00 UTC,279,1217,412410365,2.7144444444444442
2015-11-14 00:00:00 UTC,535,-107,250137450,2.0302777777777781
2015-11-14 00:00:00 UTC,535,-61,250002836,0.33583333333333332
2015-11-14 00:00:00 UTC,535,-60,250001597,0.84611111111111115
2015-11-14 00:00:00 UTC,791,115,277442000,0.49805555555555553
2015-11-14 00:00:00 UTC,791,117,277442000,4.0065277777777784
2015-11-14 00:00:00 UTC,791,116,277442000,3.1568055555555556
2015-11-14 00:00:00 UTC,-233,996,224371000,0.79555555555555557
2015-11-14 00:00:00 UTC,-233,997,224371000,0.69541666666666668
2015-11-14 00:00:00 UTC,-233,486,416002659,7.2119444444444456
2015-11-14 00:00:00 UTC,-233,487,416002659,2.3416666666666668
2015-11-14 00:00:00 UTC,-233,484,416002659,3.9675000000000002
2015-11-14 00:00:00 UTC,-233,485,416002659,0.95902777777777781
2015-11-14 00:00:00 UTC,-233,501,416003192,5.1211111111111105
2015-11-14 00:00:00 UTC,-233,483,416003484,4.3163888888888895
2015-11-14 00:00:00 UTC,-233,509,416002269,6.8622222222222229
2015-11-14 00:00:00 UTC,-233,510,416002269,4.7255555555555553
2015-11-14 00:00:00 UTC,24,1494,416171600,2.0508333333333333
2015-11-14 00:00:00 UTC,24,1495,416171600,4.5391666666666666
2015-11-14 00:00:00 UTC,24,1492,416171600,0.7794444444444445
2015-11-14 00:00:00 UTC,24,1526,431680620,1.2291666666666665
2015-11-14 00:00:00 UTC,24,1525,431680380,4.5268055555555557
2015-11-14 00:00:00 UTC,24,-1672,416003756,3.5338888888888889
2015-11-14 00:00:00 UTC,24,-1671,416003756,1.9575
2015-11-14 00:00:00 UTC,24,1530,431680480,9.3706944444444442
2015-11-14 00:00:00 UTC,280,1217,413208324,0.31236111111111109
2015-11-14 00:00:00 UTC,280,1218,412410372,0.63069444444444445
2015-11-14 00:00:00 UTC,280,1218,412410628,16.045277777777777
2015-11-14 00:00:00 UTC,280,1221,200009220,8.9966666666666661
2015-11-14 00:00:00 UTC,280,1215,412417284,2.3975
2015-11-14 00:00:00 UTC,280,1216,412414726,2.2663888888888888
2015-11-14 00:00:00 UTC,280,1215,412417286,2.1445833333333333
2015-11-14 00:00:00 UTC,280,1221,412419592,8.5468055555555562
2015-11-14 00:00:00 UTC,280,1221,412447753,4.8593055555555553
2015-11-14 00:00:00 UTC,280,1222,412447753,5.5493055555555557
2015-11-14 00:00:00 UTC,280,1223,412438026,1.1558333333333333
2015-11-14 00:00:00 UTC,280,1222,412438026,2.4288888888888889
2015-11-14 00:00:00 UTC,280,1221,412418061,7.16263888888889
2015-11-14 00:00:00 UTC,280,1220,412413965,0.71249999999999991
2015-11-14 00:00:00 UTC,280,1219,412413965,1.0215277777777778
2015-11-14 00:00:00 UTC,280,1216,413056016,1.8756944444444443
2015-11-14 00:00:00 UTC,280,1220,412418321,4.6604166666666673
2015-11-14 00:00:00 UTC,280,1224,412435987,11.580416666666666
2015-11-14 00:00:00 UTC,280,1223,412435987,3.5083333333333333
2015-11-14 00:00:00 UTC,280,1222,412435987,0.77680555555555564
2015-11-14 00:00:00 UTC,280,1217,413088788,0.55958333333333332
2015-11-14 00:00:00 UTC,280,1224,412435476,0.52152777777777781
2015-11-14 00:00:00 UTC,280,1222,412437524,4.4001388888888879
2015-11-14 00:00:00 UTC,280,1216,412111124,1.6719444444444442
2015-11-14 00:00:00 UTC,280,1221,523145236,9.5834722222222251
2015-11-14 00:00:00 UTC,280,1218,412410389,9.2476388888888881
2015-11-14 00:00:00 UTC,280,1218,412417045,0.26916666666666667
2015-11-14 00:00:00 UTC,280,1218,412417301,4.8525
2015-11-14 00:00:00 UTC,280,1221,412419094,2.1222222222222222
2015-11-14 00:00:00 UTC,280,1222,412419094,4.1204166666666664
2015-11-14 00:00:00 UTC,280,1222,412418327,2.1331944444444444
2015-11-14 00:00:00 UTC,280,1221,412418327,1.8005555555555555
2015-11-14 00:00:00 UTC,280,1218,412410391,3.9140277777777777
2015-11-14 00:00:00 UTC,280,1217,412414746,13.715972222222222
2015-11-14 00:00:00 UTC,280,1216,412414746,2.8944444444444448
2015-11-14 00:00:00 UTC,280,1218,412041504,2.1876388888888889
2015-11-14 00:00:00 UTC,280,1223,412436002,2.8665277777777778
2015-11-14 00:00:00 UTC,280,1222,412436002,11.358333333333331
2015-11-14 00:00:00 UTC,280,1222,412436258,12.062083333333335
2015-11-14 00:00:00 UTC,280,1215,424555555,8.1520833333333318
2015-11-14 00:00:00 UTC,280,1222,412435235,9.6098611111111083
2015-11-14 00:00:00 UTC,280,1217,412410659,0.36583333333333334
2015-11-14 00:00:00 UTC,280,1218,412410659,0.19722222222222222
2015-11-14 00:00:00 UTC,280,1218,413698852,1.4888888888888889
2015-11-14 00:00:00 UTC,280,1218,412410404,7.3058333333333332
2015-11-14 00:00:00 UTC,280,1218,412417572,5.081666666666667
2015-11-14 00:00:00 UTC,280,1218,412410405,9.5904166666666661
2015-11-14 00:00:00 UTC,280,1218,412410406,8.70402777777778
2015-11-14 00:00:00 UTC,280,1218,412410407,8.44611111111111
2015-11-14 00:00:00 UTC,280,1218,412416295,2.6643055555555559
2015-11-14 00:00:00 UTC,280,1218,412419112,0.56319444444444455
2015-11-14 00:00:00 UTC,280,1220,412413224,16.165972222222223
2015-11-14 00:00:00 UTC,280,1218,413588521,0.30402777777777779
2015-11-14 00:00:00 UTC,280,1219,412416297,1.3481944444444443
2015-11-14 00:00:00 UTC,280,1218,412416297,0.29847222222222225
2015-11-14 00:00:00 UTC,280,1222,412417833,1.2665277777777779
2015-11-14 00:00:00 UTC,280,1221,412417833,0.45013888888888892
2015-11-14 00:00:00 UTC,280,1222,412418093,3.7470833333333333
2015-11-14 00:00:00 UTC,280,1223,412418094,3.9122222222222223
2015-11-14 00:00:00 UTC,280,1210,412434223,3.1419444444444444
2015-11-14 00:00:00 UTC,280,1210,412434224,0.44527777777777777
2015-11-14 00:00:00 UTC,280,1211,412434224,11.772361111111111
2015-11-14 00:00:00 UTC,280,1217,412414512,5.1929166666666671
2015-11-14 00:00:00 UTC,280,1216,412414512,4.6133333333333333
2015-11-14 00:00:00 UTC,280,1211,412434226,0.71180555555555558
2015-11-14 00:00:00 UTC,280,1210,412434226,0.41291666666666665
2015-11-14 00:00:00 UTC,280,1222,412435252,3.9545833333333333
2015-11-14 00:00:00 UTC,280,1214,412414516,14.31486111111111
2015-11-14 00:00:00 UTC,280,1214,412417332,10.847361111111111
2015-11-14 00:00:00 UTC,280,1218,490750262,1.7023611111111114
2015-11-14 00:00:00 UTC,280,1210,412434231,0.91152777777777783
2015-11-14 00:00:00 UTC,280,1211,412434231,1.2793055555555555
2015-11-14 00:00:00 UTC,280,1220,412417847,6.738611111111112
2015-11-14 00:00:00 UTC,280,1221,412417847,7.6473611111111115
2015-11-14 00:00:00 UTC,280,1210,412434232,1.4940277777777777
2015-11-14 00:00:00 UTC,280,1220,412417593,21.07277777777778
2015-11-14 00:00:00 UTC,280,1219,412419131,20.878194444444443
2015-11-14 00:00:00 UTC,280,1218,412416571,2.9891666666666663
2015-11-14 00:00:00 UTC,280,1218,412410685,0.41069444444444442
2015-11-14 00:00:00 UTC,280,1220,412417085,3.4047222222222224
2015-11-14 00:00:00 UTC,280,1221,412417085,16.777361111111109
2015-11-14 00:00:00 UTC,280,1219,412418622,4.3216666666666663
2015-11-14 00:00:00 UTC,280,1220,412418622,6.6251388888888894
2015-11-14 00:00:00 UTC,280,1222,412416062,1.6601388888888888
2015-11-14 00:00:00 UTC,280,1221,412416062,1.16875
2015-11-14 00:00:00 UTC,280,1221,412418368,8.31777777777778
2015-11-14 00:00:00 UTC,280,1222,412437312,1.3976388888888889
2015-11-14 00:00:00 UTC,280,1224,412435009,2.62125
2015-11-14 00:00:00 UTC,280,1216,412414787,8.3344444444444434
2015-11-14 00:00:00 UTC,280,1220,412417348,4.7336111111111112
2015-11-14 00:00:00 UTC,280,1223,412436293,0.37958333333333333
2015-11-14 00:00:00 UTC,280,1222,412436293,9.9961111111111123
2015-11-14 00:00:00 UTC,280,1221,412416581,1.6177777777777778
2015-11-14 00:00:00 UTC,280,-153,224134470,2.9699999999999998
2015-11-14 00:00:00 UTC,280,1219,412418119,2.5637500000000006
2015-11-14 00:00:00 UTC,280,1218,412418119,5.6459722222222224
2015-11-14 00:00:00 UTC,280,1216,412418632,1.993611111111111
2015-11-14 00:00:00 UTC,280,1214,412416329,8.8358333333333334
2015-11-14 00:00:00 UTC,280,1222,412418378,0.32222222222222219
2015-11-14 00:00:00 UTC,280,1219,412412234,0.69347222222222227
2015-11-14 00:00:00 UTC,280,1219,412412235,0.61819444444444449
2015-11-14 00:00:00 UTC,280,1222,412418381,0.64680555555555563
2015-11-14 00:00:00 UTC,280,1221,412419662,5.8641666666666659
2015-11-14 00:00:00 UTC,280,1218,422054222,9.4165277777777767
2015-11-14 00:00:00 UTC,280,1218,412410703,13.868611111111111
2015-11-14 00:00:00 UTC,280,1223,412436562,0.60013888888888878
2015-11-14 00:00:00 UTC,280,1224,412436562,0.94
2015-11-14 00:00:00 UTC,280,1222,412436562,1.2333333333333334
2015-11-14 00:00:00 UTC,280,1225,412436562,0.18291666666666667
2015-11-14 00:00:00 UTC,280,1217,412040019,0.28736111111111112
2015-11-14 00:00:00 UTC,280,1211,412434259,0.29027777777777775
2015-11-14 00:00:00 UTC,280,1210,412434259,2.84625
2015-11-14 00:00:00 UTC,280,1224,412437331,0.55513888888888885
2015-11-14 00:00:00 UTC,280,1223,412437331,2.5116666666666663
2015-11-14 00:00:00 UTC,280,1222,412437331,1.3106944444444444
2015-11-14 00:00:00 UTC,280,1221,412419412,3.3444444444444446
2015-11-14 00:00:00 UTC,280,1222,412435797,2.8776388888888889
2015-11-14 00:00:00 UTC,280,1225,412435798,1.4776388888888892
2015-11-14 00:00:00 UTC,280,1221,412413015,3.2731944444444445
2015-11-14 00:00:00 UTC,280,1214,412416599,2.9295833333333334
2015-11-14 00:00:00 UTC,280,1218,412418648,1.5036111111111112
2015-11-14 00:00:00 UTC,280,1218,412417368,5.546666666666666
2015-11-14 00:00:00 UTC,280,1216,412417882,4.3759722222222228
2015-11-14 00:00:00 UTC,280,1217,413521244,0.64027777777777772
2015-11-14 00:00:00 UTC,280,1217,412410716,1.8440277777777778
2015-11-14 00:00:00 UTC,280,1218,412410205,12.511250000000004
2015-11-14 00:00:00 UTC,280,1218,412410717,1.3252777777777778
2015-11-14 00:00:00 UTC,280,1221,412419679,5.2302777777777774
2015-11-14 00:00:00 UTC,280,1221,412123488,9.90472222222222
2015-11-14 00:00:00 UTC,280,1217,412417888,2.8922222222222222
2015-11-14 00:00:00 UTC,280,1216,412417888,1.2315277777777778
2015-11-14 00:00:00 UTC,280,1216,412418657,12.694305555555557
2015-11-14 00:00:00 UTC,280,1222,412435045,0.90472222222222221
2015-11-14 00:00:00 UTC,280,1221,412417125,4.4447222222222216
2015-11-14 00:00:00 UTC,280,1222,412417125,1.5705555555555555
2015-11-14 00:00:00 UTC,280,1214,412418406,5.9743055555555546
2015-11-14 00:00:00 UTC,280,1212,412418406,0.78777777777777769
2015-11-14 00:00:00 UTC,280,1213,412418406,6.5062499999999988
2015-11-14 00:00:00 UTC,280,1222,412436838,8.28138888888889
2015-11-14 00:00:00 UTC,280,1221,412436838,1.5759722222222221
2015-11-14 00:00:00 UTC,280,1223,412412264,1.4504166666666667
2015-11-14 00:00:00 UTC,280,1222,412412264,1.033611111111111
2015-11-14 00:00:00 UTC,280,1217,412411501,9.4004166666666666
2015-11-14 00:00:00 UTC,280,1218,412411501,4.3261111111111106
2015-11-14 00:00:00 UTC,280,1218,413000558,15.090694444444445
2015-11-14 00:00:00 UTC,280,1221,412418415,8.7106944444444476
2015-11-14 00:00:00 UTC,280,1219,412418927,13.916250000000002
2015-11-14 00:00:00 UTC,280,1218,412411503,4.5525
2015-11-14 00:00:00 UTC,280,1217,412411503,4.7818055555555556
2015-11-14 00:00:00 UTC,280,-964,367332720,6.2554166666666662
2015-11-14 00:00:00 UTC,280,-965,367332720,6.0876388888888888
2015-11-14 00:00:00 UTC,280,1222,412450416,0.9275
2015-11-14 00:00:00 UTC,280,1217,412412272,1.1169444444444445
2015-11-14 00:00:00 UTC,280,1218,412412272,3.7943055555555554
2015-11-14 00:00:00 UTC,280,1218,412412278,1.2148611111111112
2015-11-14 00:00:00 UTC,280,1223,412435319,2.2188888888888889
2015-11-14 00:00:00 UTC,280,1221,412435319,6.7522222222222217
2015-11-14 00:00:00 UTC,280,1222,412435319,7.6191666666666666
2015-11-14 00:00:00 UTC,280,1219,412416889,6.9948611111111116
2015-11-14 00:00:00 UTC,280,1215,412414586,1.5113888888888889
2015-11-14 00:00:00 UTC,280,1220,412416895,2.4925
2015-11-14 00:00:00 UTC,280,1222,412435072,0.54527777777777775
2015-11-14 00:00:00 UTC,280,1221,412437636,0.77638888888888891
2015-11-14 00:00:00 UTC,280,1222,412437636,4.9301388888888891
2015-11-14 00:00:00 UTC,280,1224,412418183,4.9156944444444441
2015-11-14 00:00:00 UTC,280,1223,412418183,4.0805555555555557
2015-11-14 00:00:00 UTC,280,1221,412436872,1.584027777777778
2015-11-14 00:00:00 UTC,280,1222,412436872,5.8937500000000007
2015-11-14 00:00:00 UTC,280,1222,412416906,2.3875
2015-11-14 00:00:00 UTC,280,1221,412416906,2.9002777777777777
2015-11-14 00:00:00 UTC,280,1222,412417165,1.0420833333333333
2015-11-14 00:00:00 UTC,280,1216,412418448,2.3802777777777777
2015-11-14 00:00:00 UTC,280,1223,412437904,0.86333333333333329
2015-11-14 00:00:00 UTC,280,1222,412437904,1.4625000000000001
2015-11-14 00:00:00 UTC,280,1216,412418449,0.27736111111111111
2015-11-14 00:00:00 UTC,280,1215,421551255,8.3340277777777771
2015-11-14 00:00:00 UTC,280,1216,421551255,1.783611111111111
2015-11-14 00:00:00 UTC,280,1216,412418459,3.3598611111111114
2015-11-14 00:00:00 UTC,280,1219,412417179,19.421388888888885
2015-11-14 00:00:00 UTC,280,1218,412410012,3.0973611111111112
2015-11-14 00:00:00 UTC,280,1217,412410012,2.835833333333333
2015-11-14 00:00:00 UTC,280,1216,412201885,3.4847222222222221
2015-11-14 00:00:00 UTC,280,1221,412416413,1.5748611111111113
2015-11-14 00:00:00 UTC,280,1213,412414623,12.042916666666667
2015-11-14 00:00:00 UTC,280,1222,412435875,11.158194444444442
2015-11-14 00:00:00 UTC,280,1223,412435875,0.9375
2015-11-14 00:00:00 UTC,280,1217,412416676,2.4830555555555556
2015-11-14 00:00:00 UTC,280,1218,412413093,1.3811111111111112
2015-11-14 00:00:00 UTC,280,1222,412411559,0.32472222222222225
2015-11-14 00:00:00 UTC,280,1221,412411559,1.2206944444444443
2015-11-14 00:00:00 UTC,280,1218,413667752,13.633611111111112
2015-11-14 00:00:00 UTC,280,1213,412441000,3.2166666666666663
2015-11-14 00:00:00 UTC,280,1222,412418218,4.0299999999999994
2015-11-14 00:00:00 UTC,280,1221,412418218,9.6205555555555549
2015-11-14 00:00:00 UTC,280,1216,413008812,3.8444444444444441
2015-11-14 00:00:00 UTC,280,1222,412416428,1.1290277777777777
2015-11-14 00:00:00 UTC,280,1221,412416684,3.4568055555555546
2015-11-14 00:00:00 UTC,280,1221,412418989,0.29194444444444445
2015-11-14 00:00:00 UTC,280,1223,412437934,2.0413888888888891
2015-11-14 00:00:00 UTC,280,1222,412437934,0.71680555555555547
2015-11-14 00:00:00 UTC,280,1218,412416700,3.6187500000000008
2015-11-14 00:00:00 UTC,280,1221,412418238,8.9194444444444443
2015-11-14 00:00:00 UTC,280,1222,412410558,8.0981944444444451
2015-11-14 00:00:00 UTC,280,1220,412416446,0.88194444444444442
2015-11-14 00:00:00 UTC,280,1222,412416446,0.78972222222222221
2015-11-14 00:00:00 UTC,280,1221,412416446,8.9494444444444436
2015-11-14 00:00:00 UTC,280,1218,412410303,9.8783333333333321
2015-11-14 00:00:00 UTC,280,1217,412410303,3.74625
2015-11-14 00:00:00 UTC,280,1218,200012223,0.30916666666666665
2015-11-14 00:00:00 UTC,280,1221,412419776,1.2088888888888889
2015-11-14 00:00:00 UTC,280,1222,412419776,0.72208333333333341
2015-11-14 00:00:00 UTC,280,1217,412410304,2.7844444444444445
2015-11-14 00:00:00 UTC,280,1218,412410304,9.4201388888888875
2015-11-14 00:00:00 UTC,280,1217,412412352,2.8079166666666664
2015-11-14 00:00:00 UTC,280,1218,412412352,1.6227777777777774
2015-11-14 00:00:00 UTC,280,1224,412414656,0.96097222222222223
2015-11-14 00:00:00 UTC,280,1221,413939393,8.5769444444444467
2015-11-14 00:00:00 UTC,280,1218,412410305,8.34638888888889
2015-11-14 00:00:00 UTC,280,1218,412410306,17.89361111111111
2015-11-14 00:00:00 UTC,280,1223,412423876,1.0480555555555555
2015-11-14 00:00:00 UTC,280,1222,412423876,2.464722222222222
2015-11-14 00:00:00 UTC,280,1218,412416196,0.16722222222222222
2015-11-14 00:00:00 UTC,280,1224,412437703,1.0290277777777779
2015-11-14 00:00:00 UTC,280,1222,412437703,1.41125
2015-11-14 00:00:00 UTC,280,1223,412437703,0.9125
2015-11-14 00:00:00 UTC,280,1222,412417738,4.5133333333333336
2015-11-14 00:00:00 UTC,280,1221,412417738,3.7816666666666667
2015-11-14 00:00:00 UTC,280,1221,412418763,2.2505555555555556
2015-11-14 00:00:00 UTC,280,1220,412282828,4.5240277777777775
2015-11-14 00:00:00 UTC,280,1220,200009421,20.100833333333334
2015-11-14 00:00:00 UTC,280,1221,412417485,8.7215277777777764
2015-11-14 00:00:00 UTC,280,1218,412410318,2.2890277777777777
2015-11-14 00:00:00 UTC,280,1218,412410319,1.6793055555555556
2015-11-14 00:00:00 UTC,280,1218,412416719,9.9725
2015-11-14 00:00:00 UTC,280,1218,413083088,0.30861111111111106
2015-11-14 00:00:00 UTC,280,1218,412410321,1.3691666666666666
2015-11-14 00:00:00 UTC,280,1217,412410321,1.5201388888888889
2015-11-14 00:00:00 UTC,280,1222,412436435,7.8379166666666675
2015-11-14 00:00:00 UTC,280,1218,412410323,5.3891666666666671
2015-11-14 00:00:00 UTC,280,1218,412410324,11.883333333333333
2015-11-14 00:00:00 UTC,280,1218,412410836,9.4298611111111121
2015-11-14 00:00:00 UTC,280,1218,412410837,8.85625
2015-11-14 00:00:00 UTC,280,1218,412410327,4.4009722222222223
2015-11-14 00:00:00 UTC,280,1217,412410327,3.9926388888888891
2015-11-14 00:00:00 UTC,280,1216,412449752,3.4066666666666667
2015-11-14 00:00:00 UTC,280,1218,412410328,4.6551388888888887
2015-11-14 00:00:00 UTC,280,1217,412410328,8.6966666666666672
2015-11-14 00:00:00 UTC,280,1217,412410329,3.1504166666666666
2015-11-14 00:00:00 UTC,280,1218,412410329,1.523611111111111
2015-11-14 00:00:00 UTC,280,1218,412418779,3.7338888888888886
2015-11-14 00:00:00 UTC,280,1218,412410075,10.984861111111112
2015-11-14 00:00:00 UTC,280,1217,412410075,0.85041666666666671
2015-11-14 00:00:00 UTC,280,1217,412410331,1.5755555555555554
2015-11-14 00:00:00 UTC,280,1218,412410331,1.7902777777777776
2015-11-14 00:00:00 UTC,280,1217,412410076,1.1809722222222221
2015-11-14 00:00:00 UTC,280,1218,412410076,11.076944444444447
2015-11-14 00:00:00 UTC,280,1217,412410332,6.6534722222222227
2015-11-14 00:00:00 UTC,280,1218,200010976,3.4584722222222228
2015-11-14 00:00:00 UTC,280,1212,412417761,1.1445833333333333
2015-11-14 00:00:00 UTC,280,1216,412416738,7.9456944444444462
2015-11-14 00:00:00 UTC,280,1217,412416738,2.4647222222222225
2015-11-14 00:00:00 UTC,280,1214,412418277,0.58902777777777771
2015-11-14 00:00:00 UTC,280,1217,412410341,2.7387499999999996
2015-11-14 00:00:00 UTC,280,1218,412416485,21.054583333333333
2015-11-14 00:00:00 UTC,280,1222,412417765,0.84097222222222223
2015-11-14 00:00:00 UTC,280,1215,412418534,4.4152777777777779
2015-11-14 00:00:00 UTC,280,1217,412410342,2.9181944444444441
2015-11-14 00:00:00 UTC,280,1217,412410343,2.0680555555555555
2015-11-14 00:00:00 UTC,280,1218,412410343,1.30625
2015-11-14 00:00:00 UTC,280,1218,412410344,1.5275
2015-11-14 00:00:00 UTC,280,1217,412410344,2.0173611111111112
2015-11-14 00:00:00 UTC,280,1218,412410345,9.68875
2015-11-14 00:00:00 UTC,280,1224,412415977,0.76027777777777783
2015-11-14 00:00:00 UTC,280,1223,412415977,0.48861111111111111
2015-11-14 00:00:00 UTC,280,1222,412415977,0.42277777777777781
2015-11-14 00:00:00 UTC,280,1218,412410346,10.240416666666668
2015-11-14 00:00:00 UTC,280,1218,412416234,0.28180555555555553
2015-11-14 00:00:00 UTC,280,1218,412432109,9.174722222222222
2015-11-14 00:00:00 UTC,280,1218,412410349,8.9701388888888882
2015-11-14 00:00:00 UTC,280,1222,200013805,2.2006944444444443
2015-11-14 00:00:00 UTC,280,1218,412410351,1.6
2015-11-14 00:00:00 UTC,280,1217,412410351,6.9691666666666663
2015-11-14 00:00:00 UTC,280,1222,412436208,11.098472222222224
2015-11-14 00:00:00 UTC,280,1218,412410352,1.1356944444444443
2015-11-14 00:00:00 UTC,280,1217,412410352,9.61083333333333
2015-11-14 00:00:00 UTC,280,1225,412418291,1.6309722222222223
2015-11-14 00:00:00 UTC,280,1223,412414708,0.90736111111111117
2015-11-14 00:00:00 UTC,280,1223,412416244,4.2776388888888892
2015-11-14 00:00:00 UTC,280,1223,412417781,3.7398611111111113
2015-11-14 00:00:00 UTC,280,1215,412417271,1.2847222222222221
2015-11-14 00:00:00 UTC,280,1219,412412153,1.8316666666666668
2015-11-14 00:00:00 UTC,280,1222,412417018,4.643472222222222
2015-11-14 00:00:00 UTC,280,1216,412417786,3.1337499999999996
2015-11-14 00:00:00 UTC,280,1226,412435195,12.256666666666666
2015-11-14 00:00:00 UTC,280,1224,412435195,1.2516666666666665
2015-11-14 00:00:00 UTC,280,1222,412435195,1.1011111111111112
2015-11-14 00:00:00 UTC,280,1223,412435195,0.97222222222222221
2015-11-14 00:00:00 UTC,280,1222,412435707,2.880694444444444
2015-11-14 00:00:00 UTC,280,1219,412419068,4.0804166666666672
2015-11-14 00:00:00 UTC,280,1218,412410364,1.173888888888889
2015-11-14 00:00:00 UTC,280,1218,412410365,1.4916666666666667
2015-11-14 00:00:00 UTC,280,1222,412416765,3.8572222222222221
2015-11-14 00:00:00 UTC,536,-40,235076636,0.25611111111111112
2015-11-14 00:00:00 UTC,536,-39,235076636,1.5470833333333331
2015-11-14 00:00:00 UTC,536,64,235032615,1.3363888888888888
2015-11-14 00:00:00 UTC,536,65,235032615,0.12722222222222224
2015-11-14 00:00:00 UTC,536,63,235032615,3.775694444444444
2015-11-14 00:00:00 UTC,536,-107,250137450,1.8429166666666668
2015-11-14 00:00:00 UTC,536,-1657,366820000,5.2005555555555558
2015-11-14 00:00:00 UTC,536,-1659,366820000,2.414305555555555
2015-11-14 00:00:00 UTC,536,-1658,366820000,6.0129166666666665
2015-11-14 00:00:00 UTC,792,117,277442000,0.51777777777777789
2015-11-14 00:00:00 UTC,-232,997,224371000,1.0277777777777777
2015-11-14 00:00:00 UTC,-232,484,416002659,1.4
2015-11-14 00:00:00 UTC,-232,487,416002659,0.93333333333333346
2015-11-14 00:00:00 UTC,-232,488,416002659,3.9829166666666667
2015-11-14 00:00:00 UTC,-232,486,416002659,1.0543055555555556
2015-11-14 00:00:00 UTC,-232,484,416003484,3.1290277777777775
2015-11-14 00:00:00 UTC,25,-1705,416002116,3.0058333333333325
2015-11-14 00:00:00 UTC,25,-1706,416002116,4.3202777777777781
2015-11-14 00:00:00 UTC,25,1492,416171600,4.11388888888889
2015-11-14 00:00:00 UTC,25,1493,416171600,5.3575
2015-11-14 00:00:00 UTC,25,1526,431680620,3.556111111111111
2015-11-14 00:00:00 UTC,25,1525,431680380,2.6054166666666667
2015-11-14 00:00:00 UTC,25,1523,431680380,5.7336111111111112
2015-11-14 00:00:00 UTC,25,-1671,416003756,2.325
2015-11-14 00:00:00 UTC,25,1643,510051000,1.0513888888888889
2015-11-14 00:00:00 UTC,25,1642,510051000,2.9447222222222225
2015-11-14 00:00:00 UTC,25,1533,431501259,5.615277777777778
2015-11-14 00:00:00 UTC,281,1211,412432128,0.51652777777777781
2015-11-14 00:00:00 UTC,281,1220,412442368,2.0929166666666665
2015-11-14 00:00:00 UTC,281,1220,412410368,2.5956944444444447
2015-11-14 00:00:00 UTC,281,1219,412413953,21.764166666666668
2015-11-14 00:00:00 UTC,281,1220,412412674,0.5755555555555556
2015-11-14 00:00:00 UTC,281,1222,412478978,0.19944444444444445
2015-11-14 00:00:00 UTC,281,1221,412478978,5.2720833333333337
2015-11-14 00:00:00 UTC,281,1219,412413954,1.6415277777777777
2015-11-14 00:00:00 UTC,281,1220,412413954,21.460972222222221
2015-11-14 00:00:00 UTC,281,1220,412416514,18.767361111111107
2015-11-14 00:00:00 UTC,281,1218,412410371,0.26527777777777778
2015-11-14 00:00:00 UTC,281,1220,412410371,0.30222222222222223
2015-11-14 00:00:00 UTC,281,1219,412410371,2.0731944444444443
2015-11-14 00:00:00 UTC,281,1218,413208324,1.3954166666666665
2015-11-14 00:00:00 UTC,281,1217,413208324,0.34972222222222227
2015-11-14 00:00:00 UTC,281,1218,412410372,0.29027777777777775
2015-11-14 00:00:00 UTC,281,1219,412410372,2.2541666666666664
2015-11-14 00:00:00 UTC,281,1219,412410628,1.3075
2015-11-14 00:00:00 UTC,281,1218,412410628,1.3118055555555554
2015-11-14 00:00:00 UTC,281,1220,412410373,2.2319444444444447
2015-11-14 00:00:00 UTC,281,1219,412413958,2.2702777777777778
2015-11-14 00:00:00 UTC,281,1217,412413958,5.200972222222223
2015-11-14 00:00:00 UTC,281,1218,412413958,0.29458333333333331
2015-11-14 00:00:00 UTC,281,1223,412417798,4.1733333333333329
2015-11-14 00:00:00 UTC,281,1224,412417798,1.5605555555555557
2015-11-14 00:00:00 UTC,281,1220,412412423,1.1222222222222222
2015-11-14 00:00:00 UTC,281,1221,412419592,7.681388888888887
2015-11-14 00:00:00 UTC,281,1222,412419592,0.82819444444444446
2015-11-14 00:00:00 UTC,281,1222,412447753,2.77
2015-11-14 00:00:00 UTC,281,1223,412438026,2.4290277777777778
2015-11-14 00:00:00 UTC,281,1219,412410378,0.84388888888888891
2015-11-14 00:00:00 UTC,281,1220,412410378,1.2016666666666667
2015-11-14 00:00:00 UTC,281,1223,412416267,1.8131944444444446
2015-11-14 00:00:00 UTC,281,1221,412418061,7.2475
2015-11-14 00:00:00 UTC,281,1220,412412685,0.57944444444444443
2015-11-14 00:00:00 UTC,281,1219,412413965,14.127916666666668
2015-11-14 00:00:00 UTC,281,1222,412416783,1.7066666666666666
2015-11-14 00:00:00 UTC,281,1221,412416783,4.2948611111111115
2015-11-14 00:00:00 UTC,281,1224,412417039,12.90111111111111
2015-11-14 00:00:00 UTC,281,1216,413056016,5.2259722222222216
2015-11-14 00:00:00 UTC,281,1222,412410128,1.6009722222222222
2015-11-14 00:00:00 UTC,281,1223,412435985,3.3341666666666665
2015-11-14 00:00:00 UTC,281,1223,412416273,1.0734722222222222
2015-11-14 00:00:00 UTC,281,1222,412435987,5.3830555555555577
2015-11-14 00:00:00 UTC,281,1217,413082388,7.9968055555555546
2015-11-14 00:00:00 UTC,281,1219,413082388,2.3056944444444443
2015-11-14 00:00:00 UTC,281,1218,413082388,1.0880555555555556
2015-11-14 00:00:00 UTC,281,1218,413088788,1.5820833333333333
2015-11-14 00:00:00 UTC,281,1219,413088788,0.27888888888888891
2015-11-14 00:00:00 UTC,281,1224,412435476,0.32791666666666663
2015-11-14 00:00:00 UTC,281,1223,412435476,0.67236111111111108
2015-11-14 00:00:00 UTC,281,1222,412437524,8.1183333333333341
2015-11-14 00:00:00 UTC,281,1221,523145236,5.1793055555555556
2015-11-14 00:00:00 UTC,281,1222,523145236,2.2943055555555558
2015-11-14 00:00:00 UTC,281,1217,412410388,0.63250000000000006
2015-11-14 00:00:00 UTC,281,1216,412450325,5.0273611111111114
2015-11-14 00:00:00 UTC,281,1219,412410389,2.0847222222222221
2015-11-14 00:00:00 UTC,281,1219,412412693,0.94625
2015-11-14 00:00:00 UTC,281,1219,412417045,0.58069444444444451
2015-11-14 00:00:00 UTC,281,1218,412417045,2.9537500000000003
2015-11-14 00:00:00 UTC,281,1217,412417045,3.3675
2015-11-14 00:00:00 UTC,281,1218,412417301,4.42875
2015-11-14 00:00:00 UTC,281,1223,412417813,3.4173611111111111
2015-11-14 00:00:00 UTC,281,1222,412419094,5.0083333333333337
2015-11-14 00:00:00 UTC,281,1223,412418327,5.1984722222222217
2015-11-14 00:00:00 UTC,281,1222,412418327,1.3230555555555554
2015-11-14 00:00:00 UTC,281,1222,412449047,15.944166666666666
2015-11-14 00:00:00 UTC,281,1219,412410391,2.0075000000000003
2015-11-14 00:00:00 UTC,281,1221,412410647,0.85055555555555562
2015-11-14 00:00:00 UTC,281,1222,412410647,10.554444444444441
2015-11-14 00:00:00 UTC,281,1220,412413719,0.34861111111111109
2015-11-14 00:00:00 UTC,281,1220,412412443,0.54291666666666671
2015-11-14 00:00:00 UTC,281,1222,412435229,6.1463888888888887
2015-11-14 00:00:00 UTC,281,1220,412413726,0.75694444444444442
2015-11-14 00:00:00 UTC,281,1219,412041504,0.63736111111111116
2015-11-14 00:00:00 UTC,281,1218,412041504,11.620694444444446
2015-11-14 00:00:00 UTC,281,1222,412436002,2.5333333333333337
2015-11-14 00:00:00 UTC,281,1222,412436258,3.3991666666666664
2015-11-14 00:00:00 UTC,281,1222,412435235,1.9537499999999999
2015-11-14 00:00:00 UTC,281,1219,412410659,0.62944444444444447
2015-11-14 00:00:00 UTC,281,1218,412410659,1.0156944444444445
2015-11-14 00:00:00 UTC,281,1223,412418084,2.9241666666666664
2015-11-14 00:00:00 UTC,281,1224,412418084,1.38125
2015-11-14 00:00:00 UTC,281,1219,413698852,0.88458333333333339
2015-11-14 00:00:00 UTC,281,1218,413698852,0.29805555555555557
2015-11-14 00:00:00 UTC,281,1218,412410404,0.80166666666666675
2015-11-14 00:00:00 UTC,281,1219,412410404,3.0759722222222221
2015-11-14 00:00:00 UTC,281,1218,412417572,9.6011111111111127
2015-11-14 00:00:00 UTC,281,1222,412418341,2.2875
2015-11-14 00:00:00 UTC,281,1221,412418341,2.9812499999999997
2015-11-14 00:00:00 UTC,281,1218,412410405,0.57111111111111112
2015-11-14 00:00:00 UTC,281,1219,412410405,3.2770833333333327
2015-11-14 00:00:00 UTC,281,1219,412410406,3.4175
2015-11-14 00:00:00 UTC,281,1217,412418855,0.3273611111111111
2015-11-14 00:00:00 UTC,281,1218,412410407,0.5525
2015-11-14 00:00:00 UTC,281,1219,412410407,2.5556944444444447
2015-11-14 00:00:00 UTC,281,1219,412416295,1.6933333333333336
2015-11-14 00:00:00 UTC,281,1218,412416295,3.4401388888888889
2015-11-14 00:00:00 UTC,281,1218,412419112,1.9930555555555554
2015-11-14 00:00:00 UTC,281,1220,412413224,1.7711111111111106
2015-11-14 00:00:00 UTC,281,1219,412413992,15.701666666666668
2015-11-14 00:00:00 UTC,281,1219,413588521,2.1008333333333331
2015-11-14 00:00:00 UTC,281,1218,413588521,3.007222222222222
2015-11-14 00:00:00 UTC,281,1221,412412457,0.522361111111111
2015-11-14 00:00:00 UTC,281,1219,412416297,0.25291666666666668
2015-11-14 00:00:00 UTC,281,1222,412417833,7.8334722222222233
2015-11-14 00:00:00 UTC,281,1221,412417833,2.9876388888888883
2015-11-14 00:00:00 UTC,281,1220,412412459,0.6218055555555555
2015-11-14 00:00:00 UTC,281,1222,412418093,9.5512499999999978
2015-11-14 00:00:00 UTC,281,1224,412418094,8.2041666666666675
2015-11-14 00:00:00 UTC,281,1223,412418094,11.801388888888889
2015-11-14 00:00:00 UTC,281,1211,412434224,10.757916666666667
2015-11-14 00:00:00 UTC,281,1216,200000816,0.62458333333333327
2015-11-14 00:00:00 UTC,281,1217,200000816,4.9676388888888887
2015-11-14 00:00:00 UTC,281,1217,412414512,0.28791666666666665
2015-11-14 00:00:00 UTC,281,1210,412434226,0.83319444444444435
2015-11-14 00:00:00 UTC,281,1222,412435252,3.0123611111111108
2015-11-14 00:00:00 UTC,281,1215,412414516,0.8338888888888889
2015-11-14 00:00:00 UTC,281,1214,412414516,2.6886111111111113
2015-11-14 00:00:00 UTC,281,1213,412414516,0.39847222222222223
2015-11-14 00:00:00 UTC,281,1223,412416053,0.3947222222222222
2015-11-14 00:00:00 UTC,281,1218,490750262,6.0936111111111115
2015-11-14 00:00:00 UTC,281,1211,412434231,0.53333333333333333
2015-11-14 00:00:00 UTC,281,1216,412413242,5.2322222222222212
2015-11-14 00:00:00 UTC,281,1214,412414522,0.28763888888888889
2015-11-14 00:00:00 UTC,281,1223,412418875,3.3113888888888887
2015-11-14 00:00:00 UTC,281,1218,412416571,7.7754166666666658
2015-11-14 00:00:00 UTC,281,1218,412410685,12.416666666666664
2015-11-14 00:00:00 UTC,281,1219,412410685,0.3397222222222222
2015-11-14 00:00:00 UTC,281,1217,200006463,0.33333333333333331
2015-11-14 00:00:00 UTC,281,1223,412416063,0.28513888888888889
2015-11-14 00:00:00 UTC,281,1224,412417855,1.611388888888889
2015-11-14 00:00:00 UTC,281,1223,412417855,4.8127777777777778
2015-11-14 00:00:00 UTC,281,1222,412418368,5.0516666666666676
2015-11-14 00:00:00 UTC,281,1221,412418368,1.9734722222222223
2015-11-14 00:00:00 UTC,281,1222,412437312,3.41125
2015-11-14 00:00:00 UTC,281,1216,412416577,1.2088888888888889
2015-11-14 00:00:00 UTC,281,1221,412419651,8.093055555555555
2015-11-14 00:00:00 UTC,281,1222,412419651,3.4651388888888888
2015-11-14 00:00:00 UTC,281,1220,412417348,17.708055555555557
2015-11-14 00:00:00 UTC,281,1222,412436293,5.5761111111111106
2015-11-14 00:00:00 UTC,281,1220,412412229,0.90125000000000011
2015-11-14 00:00:00 UTC,281,1221,412412485,0.49444444444444446
2015-11-14 00:00:00 UTC,281,1221,412416581,0.32305555555555554
2015-11-14 00:00:00 UTC,281,1222,412416581,1.0675
2015-11-14 00:00:00 UTC,281,1221,412419654,1.9979166666666668
2015-11-14 00:00:00 UTC,281,1221,412412486,0.38583333333333336
2015-11-14 00:00:00 UTC,281,1222,412416838,1.9776388888888889
2015-11-14 00:00:00 UTC,281,1223,412416838,1.2126388888888888
2015-11-14 00:00:00 UTC,281,1221,412416838,1.2005555555555556
2015-11-14 00:00:00 UTC,281,1216,413006918,2.583333333333333
2015-11-14 00:00:00 UTC,281,1218,412418119,10.567222222222222
2015-11-14 00:00:00 UTC,281,1219,412418119,0.3190277777777778
2015-11-14 00:00:00 UTC,281,1220,412412231,1.2186111111111111
2015-11-14 00:00:00 UTC,281,1221,412418377,0.76138888888888889
2015-11-14 00:00:00 UTC,281,1219,412413001,0.6268055555555555
2015-11-14 00:00:00 UTC,281,1220,412413001,0.57194444444444448
2015-11-14 00:00:00 UTC,281,1214,412416329,6.03125
2015-11-14 00:00:00 UTC,281,1222,412418378,6.085416666666668
2015-11-14 00:00:00 UTC,281,1221,412418378,0.53763888888888889
2015-11-14 00:00:00 UTC,281,1220,412412234,1.1615277777777777
2015-11-14 00:00:00 UTC,281,1219,412412234,7.1173611111111121
2015-11-14 00:00:00 UTC,281,1219,412412235,7.1804166666666642
2015-11-14 00:00:00 UTC,281,1220,412412235,1.1683333333333334
2015-11-14 00:00:00 UTC,281,1226,412416331,6.9734722222222221
2015-11-14 00:00:00 UTC,281,1220,410391116,0.28722222222222227
2015-11-14 00:00:00 UTC,281,1221,412418381,2.5597222222222227
2015-11-14 00:00:00 UTC,281,1222,412418381,6.4256944444444448
2015-11-14 00:00:00 UTC,281,1221,412419662,9.1748611111111114
2015-11-14 00:00:00 UTC,281,1222,412419662,2.1155555555555559
2015-11-14 00:00:00 UTC,281,1219,422054222,3.2925
2015-11-14 00:00:00 UTC,281,1218,422054222,0.81833333333333336
2015-11-14 00:00:00 UTC,281,1219,412410703,1.9915277777777776
2015-11-14 00:00:00 UTC,281,1218,412410703,3.93375
2015-11-14 00:00:00 UTC,281,1214,412418129,0.50708333333333333
2015-11-14 00:00:00 UTC,281,1225,412436562,2.8669444444444441
2015-11-14 00:00:00 UTC,281,1224,412436562,1.9579166666666667
2015-11-14 00:00:00 UTC,281,1210,412434259,0.47458333333333336
2015-11-14 00:00:00 UTC,281,1211,412434259,0.27347222222222223
2015-11-14 00:00:00 UTC,281,1222,412437331,5.7384722222222218
2015-11-14 00:00:00 UTC,281,1222,412419412,4.68375
2015-11-14 00:00:00 UTC,281,1217,412449876,2.271527777777778
2015-11-14 00:00:00 UTC,281,1222,412435797,2.3405555555555555
2015-11-14 00:00:00 UTC,281,1220,412412501,0.585
2015-11-14 00:00:00 UTC,281,1226,412416853,15.841944444444444
2015-11-14 00:00:00 UTC,281,1225,412416853,5.8505555555555553
2015-11-14 00:00:00 UTC,281,1224,412435798,1.0184722222222224
2015-11-14 00:00:00 UTC,281,1225,412435798,1.8737499999999998
2015-11-14 00:00:00 UTC,281,1220,412412502,0.61833333333333329
2015-11-14 00:00:00 UTC,281,1221,412413015,6.1908333333333347
2015-11-14 00:00:00 UTC,281,1214,412416599,4.5536111111111115
2015-11-14 00:00:00 UTC,281,1218,412418648,6.6495833333333341
2015-11-14 00:00:00 UTC,281,1218,412417368,7.4709722222222208
2015-11-14 00:00:00 UTC,281,1220,412410713,2.6579166666666665
2015-11-14 00:00:00 UTC,281,1216,412410714,2.5390277777777777
2015-11-14 00:00:00 UTC,281,1216,412417882,10.960277777777778
2015-11-14 00:00:00 UTC,281,1217,412417882,6.6212500000000007
2015-11-14 00:00:00 UTC,281,1222,412412507,1.2774999999999999
2015-11-14 00:00:00 UTC,281,1216,412418652,4.5815277777777768
2015-11-14 00:00:00 UTC,281,1218,413521244,0.9177777777777778
2015-11-14 00:00:00 UTC,281,1221,412419677,1.9088888888888889
2015-11-14 00:00:00 UTC,281,1219,412410205,0.87944444444444447
2015-11-14 00:00:00 UTC,281,1218,412410205,0.28597222222222224
2015-11-14 00:00:00 UTC,281,1219,412410717,1.0715277777777779
2015-11-14 00:00:00 UTC,281,1218,412410717,0.59958333333333336
2015-11-14 00:00:00 UTC,281,1219,412413021,1.6745833333333331
2015-11-14 00:00:00 UTC,281,1218,412413021,0.28569444444444447
2015-11-14 00:00:00 UTC,281,1222,412419679,4.6104166666666666
2015-11-14 00:00:00 UTC,281,1221,412419679,2.5004166666666667
2015-11-14 00:00:00 UTC,281,1217,412415583,3.7322222222222221
2015-11-14 00:00:00 UTC,281,1217,412417888,11.81763888888889
2015-11-14 00:00:00 UTC,281,1216,412417888,4.4997222222222231
2015-11-14 00:00:00 UTC,281,1216,412418657,8.3272222222222219
2015-11-14 00:00:00 UTC,281,1220,412412001,1.17875
2015-11-14 00:00:00 UTC,281,1219,412412001,0.52861111111111114
2015-11-14 00:00:00 UTC,281,1221,412416099,2.1144444444444446
2015-11-14 00:00:00 UTC,281,1220,412412516,11.863472222222223
2015-11-14 00:00:00 UTC,281,1222,412435045,3.6365277777777782
2015-11-14 00:00:00 UTC,281,1220,412412517,11.349305555555556
2015-11-14 00:00:00 UTC,281,1225,412417125,7.1552777777777772
2015-11-14 00:00:00 UTC,281,1214,412418406,1.0180555555555557
2015-11-14 00:00:00 UTC,281,1213,412418406,5.7470833333333333
2015-11-14 00:00:00 UTC,281,1223,412436838,2.1158333333333337
2015-11-14 00:00:00 UTC,281,1222,412436838,3.35125
2015-11-14 00:00:00 UTC,281,1222,412414567,7.7768055555555549
2015-11-14 00:00:00 UTC,281,1224,412412264,3.327638888888889
2015-11-14 00:00:00 UTC,281,1222,412416616,5.4490277777777774
2015-11-14 00:00:00 UTC,281,1221,412416616,1.8241666666666667
2015-11-14 00:00:00 UTC,281,1223,412416616,2.6597222222222223
2015-11-14 00:00:00 UTC,281,1218,412416106,10.851249999999999
2015-11-14 00:00:00 UTC,281,1219,412416106,0.26458333333333334
2015-11-14 00:00:00 UTC,281,1221,412418923,0.5625
2015-11-14 00:00:00 UTC,281,1218,412411501,4.2036111111111119
2015-11-14 00:00:00 UTC,281,1219,412411501,2.3516666666666666
2015-11-14 00:00:00 UTC,281,1220,412412525,1.1556944444444444
2015-11-14 00:00:00 UTC,281,1219,412412525,0.91583333333333339
2015-11-14 00:00:00 UTC,281,1221,412416877,1.7502777777777778
2015-11-14 00:00:00 UTC,281,1219,413000558,0.7665277777777777
2015-11-14 00:00:00 UTC,281,1218,413000558,0.27111111111111108
2015-11-14 00:00:00 UTC,281,1219,412412526,0.59388888888888891
2015-11-14 00:00:00 UTC,281,1220,412412526,1.4825
2015-11-14 00:00:00 UTC,281,1221,412418415,5.221388888888888
2015-11-14 00:00:00 UTC,281,1219,412411503,2.278888888888889
2015-11-14 00:00:00 UTC,281,1218,412411503,4.14875
2015-11-14 00:00:00 UTC,281,1217,412449904,2.6472222222222221
2015-11-14 00:00:00 UTC,281,1216,412449904,5.5562499999999995
2015-11-14 00:00:00 UTC,281,1217,412412272,1.9336111111111109
2015-11-14 00:00:00 UTC,281,1218,412412272,5.953611111111111
2015-11-14 00:00:00 UTC,281,1222,412448627,4.7502777777777769
2015-11-14 00:00:00 UTC,281,1223,412448627,0.61402777777777784
2015-11-14 00:00:00 UTC,281,1220,412417908,0.27347222222222223
2015-11-14 00:00:00 UTC,281,1219,412417908,0.85375
2015-11-14 00:00:00 UTC,281,1218,412412277,9.8605555555555569
2015-11-14 00:00:00 UTC,281,1218,412412278,12.594027777777779
2015-11-14 00:00:00 UTC,281,1219,412412278,1.1959722222222222
2015-11-14 00:00:00 UTC,281,1220,412412534,2.5347222222222223
2015-11-14 00:00:00 UTC,281,1221,412418423,1.3031944444444445
2015-11-14 00:00:00 UTC,281,1222,412418423,5.9258333333333333
2015-11-14 00:00:00 UTC,281,1222,412435319,0.44722222222222219
2015-11-14 00:00:00 UTC,281,1221,412435319,2.7443055555555556
2015-11-14 00:00:00 UTC,281,1220,412412535,2.3598611111111114
2015-11-14 00:00:00 UTC,281,1217,412449912,2.5327777777777776
2015-11-14 00:00:00 UTC,281,1218,412449912,7.6404166666666686
2015-11-14 00:00:00 UTC,281,1220,412412536,1.0418055555555557
2015-11-14 00:00:00 UTC,281,1219,412417912,0.26666666666666666
2015-11-14 00:00:00 UTC,281,1218,412417912,5.7572222222222216
2015-11-14 00:00:00 UTC,281,1220,412412537,1.2534722222222223
2015-11-14 00:00:00 UTC,281,1219,412416889,2.3170833333333336
2015-11-14 00:00:00 UTC,281,1220,412416889,12.109166666666667
2015-11-14 00:00:00 UTC,281,1220,412416895,9.5545833333333317
2015-11-14 00:00:00 UTC,281,1222,412435072,2.7793055555555553
2015-11-14 00:00:00 UTC,281,1220,412412288,4.364583333333333
2015-11-14 00:00:00 UTC,281,1223,412417152,4.5706944444444444
2015-11-14 00:00:00 UTC,281,1224,412417152,5.4255555555555564
2015-11-14 00:00:00 UTC,281,1220,412418689,1.7994444444444446
2015-11-14 00:00:00 UTC,281,1223,412419713,6.2197222222222219
2015-11-14 00:00:00 UTC,281,1220,412411523,0.87125000000000008
2015-11-14 00:00:00 UTC,281,1219,412411523,0.88375
2015-11-14 00:00:00 UTC,281,1219,412419716,0.57972222222222225
2015-11-14 00:00:00 UTC,281,1220,412419716,1.2022222222222223
2015-11-14 00:00:00 UTC,281,1222,412437636,0.70458333333333334
2015-11-14 00:00:00 UTC,281,1224,412418183,0.34916666666666663
2015-11-14 00:00:00 UTC,281,1223,412418183,12.604027777777778
2015-11-14 00:00:00 UTC,281,1222,412436872,5.1215277777777768
2015-11-14 00:00:00 UTC,281,1219,412417416,1.9918055555555556
2015-11-14 00:00:00 UTC,281,1218,412417416,5.3197222222222225
2015-11-14 00:00:00 UTC,281,1222,412416906,4.0001388888888894
2015-11-14 00:00:00 UTC,281,1222,412416395,8.043333333333333
2015-11-14 00:00:00 UTC,281,1221,412416395,1.760416666666667
2015-11-14 00:00:00 UTC,281,1222,412417165,0.63041666666666663
2015-11-14 00:00:00 UTC,281,1224,412417422,3.0047222222222221
2015-11-14 00:00:00 UTC,281,1223,412417422,4.11
2015-11-14 00:00:00 UTC,281,1216,412418448,4.9527777777777775
2015-11-14 00:00:00 UTC,281,1223,412437904,2.9545833333333329
2015-11-14 00:00:00 UTC,281,1217,412418449,3.0301388888888887
2015-11-14 00:00:00 UTC,281,1214,200007570,7.2047222222222222
2015-11-14 00:00:00 UTC,281,1220,412413587,0.28583333333333333
2015-11-14 00:00:00 UTC,281,1223,412417942,1.6083333333333334
2015-11-14 00:00:00 UTC,281,1222,412417942,4.3302777777777779
2015-11-14 00:00:00 UTC,281,1216,421551255,1.5131944444444445
2015-11-14 00:00:00 UTC,281,1221,412134807,1.9033333333333333
2015-11-14 00:00:00 UTC,281,1222,412415639,0.57069444444444439
2015-11-14 00:00:00 UTC,281,1222,412415641,0.41666666666666669
2015-11-14 00:00:00 UTC,281,1216,412418459,4.6344444444444441
2015-11-14 00:00:00 UTC,281,1217,412449947,1.9263888888888889
2015-11-14 00:00:00 UTC,281,1216,412449947,2.8106944444444437
2015-11-14 00:00:00 UTC,281,1217,412410012,0.27111111111111114
2015-11-14 00:00:00 UTC,281,1218,412410012,1.5615277777777776
2015-11-14 00:00:00 UTC,281,1219,412410012,2.5780555555555553
2015-11-14 00:00:00 UTC,281,1220,412412572,9.3827777777777772
2015-11-14 00:00:00 UTC,281,1217,412201885,3.9461111111111116
2015-11-14 00:00:00 UTC,281,1221,412416413,0.32361111111111107
2015-11-14 00:00:00 UTC,281,1222,412416413,1.12625
2015-11-14 00:00:00 UTC,281,1220,413112222,1.2301388888888889
2015-11-14 00:00:00 UTC,281,1219,413112222,0.62416666666666665
2015-11-14 00:00:00 UTC,281,1213,412414623,2.9456944444444444
2015-11-14 00:00:00 UTC,281,1214,412414623,0.95708333333333329
2015-11-14 00:00:00 UTC,281,1216,412413345,4.4041666666666677
2015-11-14 00:00:00 UTC,281,1217,111203746,4.6195833333333329
2015-11-14 00:00:00 UTC,281,1216,111203746,1.3897222222222221
2015-11-14 00:00:00 UTC,281,1222,412435875,1.6872222222222222
2015-11-14 00:00:00 UTC,281,1226,200012964,10.864305555555555
2015-11-14 00:00:00 UTC,281,1217,412416676,16.115416666666675
2015-11-14 00:00:00 UTC,281,1216,412416676,2.1016666666666666
2015-11-14 00:00:00 UTC,281,1219,412418725,1.1838888888888888
2015-11-14 00:00:00 UTC,281,1218,412413093,5.5125000000000011
2015-11-14 00:00:00 UTC,281,1221,412416933,10.553055555555556
2015-11-14 00:00:00 UTC,281,1221,412417189,3.1211111111111109
2015-11-14 00:00:00 UTC,281,1222,412417189,0.43236111111111108
2015-11-14 00:00:00 UTC,281,1222,412411559,0.7465277777777779
2015-11-14 00:00:00 UTC,281,1218,413667752,1.6047222222222222
2015-11-14 00:00:00 UTC,281,1219,413667752,0.77583333333333337
2015-11-14 00:00:00 UTC,281,1214,412350889,10.121527777777775
2015-11-14 00:00:00 UTC,281,1219,412411562,0.36097222222222225
2015-11-14 00:00:00 UTC,281,1218,412411562,2.4258333333333333
2015-11-14 00:00:00 UTC,281,1216,413008812,6.1930555555555564
2015-11-14 00:00:00 UTC,281,1222,412416428,8.590833333333336
2015-11-14 00:00:00 UTC,281,1221,412416428,1.3093055555555555
2015-11-14 00:00:00 UTC,281,1222,412416684,11.773888888888889
2015-11-14 00:00:00 UTC,281,1216,412449709,3.080972222222222
2015-11-14 00:00:00 UTC,281,1220,412416941,9.8595833333333314
2015-11-14 00:00:00 UTC,281,1221,412416941,7.6118055555555548
2015-11-14 00:00:00 UTC,281,1221,412417197,2.7450000000000006
2015-11-14 00:00:00 UTC,281,1223,412437934,1.2448611111111112
2015-11-14 00:00:00 UTC,281,1219,412418736,0.29833333333333334
2015-11-14 00:00:00 UTC,281,1223,412412338,9.88375
2015-11-14 00:00:00 UTC,281,1223,412418999,3.1329166666666666
2015-11-14 00:00:00 UTC,281,1217,412449977,4.3886111111111106
2015-11-14 00:00:00 UTC,281,1220,412412604,2.1176388888888891
2015-11-14 00:00:00 UTC,281,1221,200010940,1.27
2015-11-14 00:00:00 UTC,281,1220,412413628,0.58416666666666672
2015-11-14 00:00:00 UTC,281,1219,412416700,2.884444444444445
2015-11-14 00:00:00 UTC,281,1216,412449981,2.7848611111111117
2015-11-14 00:00:00 UTC,281,1220,412412605,1.1076388888888888
2015-11-14 00:00:00 UTC,281,1221,412418238,2.5530555555555554
2015-11-14 00:00:00 UTC,281,1222,412418238,1.2458333333333336
2015-11-14 00:00:00 UTC,281,1221,412430014,2.3794444444444443
2015-11-14 00:00:00 UTC,281,1222,412410558,3.8659722222222221
2015-11-14 00:00:00 UTC,281,1220,412416446,3.5108333333333333
2015-11-14 00:00:00 UTC,281,1221,412416446,1.0580555555555555
2015-11-14 00:00:00 UTC,281,1218,412410303,1.1579166666666667
2015-11-14 00:00:00 UTC,281,1219,412410303,1.4961111111111109
2015-11-14 00:00:00 UTC,281,1217,412410303,0.54541666666666666
2015-11-14 00:00:00 UTC,281,1218,200012223,3.3002777777777776
2015-11-14 00:00:00 UTC,281,1222,412419776,4.7737500000000006
2015-11-14 00:00:00 UTC,281,1223,412419776,4.1745833333333335
2015-11-14 00:00:00 UTC,281,1221,412419776,1.9526388888888886
2015-11-14 00:00:00 UTC,281,1219,412410304,1.9636111111111112
2015-11-14 00:00:00 UTC,281,1217,412410304,1.17375
2015-11-14 00:00:00 UTC,281,1218,412410304,1.0759722222222221
2015-11-14 00:00:00 UTC,281,1217,412412352,3.8055555555555558
2015-11-14 00:00:00 UTC,281,1218,412412352,3.5343055555555556
2015-11-14 00:00:00 UTC,281,1224,412414656,18.58125
2015-11-14 00:00:00 UTC,281,1222,412417216,1.82375
2015-11-14 00:00:00 UTC,281,1221,413939393,7.6518055555555549
2015-11-14 00:00:00 UTC,281,1222,413939393,0.95597222222222222
2015-11-14 00:00:00 UTC,281,1218,412410305,3.665972222222222
2015-11-14 00:00:00 UTC,281,1219,412410305,1.8354166666666669
2015-11-14 00:00:00 UTC,281,1220,412413633,1.4630555555555556
2015-11-14 00:00:00 UTC,281,1214,412417473,10.558333333333332
2015-11-14 00:00:00 UTC,281,1225,200000706,5.9576388888888889
2015-11-14 00:00:00 UTC,281,1219,412410306,2.0348611111111112
2015-11-14 00:00:00 UTC,281,1218,412410306,3.9863888888888885
2015-11-14 00:00:00 UTC,281,1223,412423876,2.7097222222222221
2015-11-14 00:00:00 UTC,281,1218,412416196,6.9555555555555566
2015-11-14 00:00:00 UTC,281,1225,412437703,0.64555555555555555
2015-11-14 00:00:00 UTC,281,1224,412437703,1.7245833333333334
2015-11-14 00:00:00 UTC,281,1217,412410567,0.81263888888888891
2015-11-14 00:00:00 UTC,281,1222,412417225,7.1595833333333347
2015-11-14 00:00:00 UTC,281,1223,412417225,1.9644444444444444
2015-11-14 00:00:00 UTC,281,1221,412417225,0.47430555555555559
2015-11-14 00:00:00 UTC,281,1222,412417737,0.77027777777777773
2015-11-14 00:00:00 UTC,281,1216,412416714,5.67
2015-11-14 00:00:00 UTC,281,1224,412417226,2.4519444444444445
2015-11-14 00:00:00 UTC,281,1221,412417738,0.69638888888888884
2015-11-14 00:00:00 UTC,281,1222,412417738,5.5248611111111119
2015-11-14 00:00:00 UTC,281,1221,412418763,2.2081944444444446
2015-11-14 00:00:00 UTC,281,1222,412418763,2.5188888888888887
2015-11-14 00:00:00 UTC,281,1216,412412876,1.1368055555555556
2015-11-14 00:00:00 UTC,281,1217,412412876,0.28513888888888889
2015-11-14 00:00:00 UTC,281,1221,412668877,0.35777777777777775
2015-11-14 00:00:00 UTC,281,1221,412417485,3.1719444444444442
2015-11-14 00:00:00 UTC,281,1222,412417485,1.518888888888889
2015-11-14 00:00:00 UTC,281,1220,412410318,0.26902777777777775
2015-11-14 00:00:00 UTC,281,1220,412411598,5.4859722222222231
2015-11-14 00:00:00 UTC,281,1221,412418767,2.064861111111111
2015-11-14 00:00:00 UTC,281,1220,412410319,0.58944444444444444
2015-11-14 00:00:00 UTC,281,1218,412410319,0.28805555555555556
2015-11-14 00:00:00 UTC,281,1219,412410319,1.44
2015-11-14 00:00:00 UTC,281,1216,200008911,1.0623611111111111
2015-11-14 00:00:00 UTC,281,1220,412412623,1.6280555555555556
2015-11-14 00:00:00 UTC,281,1221,412418256,5.4856944444444444
2015-11-14 00:00:00 UTC,281,1219,413083088,0.89847222222222223
2015-11-14 00:00:00 UTC,281,1218,413083088,9.161249999999999
2015-11-14 00:00:00 UTC,281,1220,412412624,1.7319444444444443
2015-11-14 00:00:00 UTC,281,1219,412410321,0.5377777777777778
2015-11-14 00:00:00 UTC,281,1218,412410321,1.0555555555555558
2015-11-14 00:00:00 UTC,281,1222,412415697,2.3655555555555559
2015-11-14 00:00:00 UTC,281,1219,412413394,11.516666666666667
2015-11-14 00:00:00 UTC,281,1222,412436435,5.492916666666666
2015-11-14 00:00:00 UTC,281,1217,413262035,4.3837499999999991
2015-11-14 00:00:00 UTC,281,1218,412410323,2.2305555555555556
2015-11-14 00:00:00 UTC,281,1219,412410323,1.6294444444444445
2015-11-14 00:00:00 UTC,281,1220,412413907,3.1216666666666666
2015-11-14 00:00:00 UTC,281,1215,412419284,0.57472222222222225
2015-11-14 00:00:00 UTC,281,1219,412410324,1.7813888888888889
2015-11-14 00:00:00 UTC,281,1218,412410324,1.8297222222222222
2015-11-14 00:00:00 UTC,281,1219,412410836,5.1258333333333344
2015-11-14 00:00:00 UTC,281,1216,412412884,0.87361111111111112
2015-11-14 00:00:00 UTC,281,1217,412412884,12.749305555555553
2015-11-14 00:00:00 UTC,281,1220,412413908,2.5406944444444441
2015-11-14 00:00:00 UTC,281,1219,412410837,5.1159722222222221
2015-11-14 00:00:00 UTC,281,1222,412418262,0.42444444444444446
2015-11-14 00:00:00 UTC,281,1221,412418262,2.2634722222222221
2015-11-14 00:00:00 UTC,281,1225,412416726,6.0733333333333333
2015-11-14 00:00:00 UTC,281,1218,412419799,0.54583333333333328
2015-11-14 00:00:00 UTC,281,1219,412419799,2.1897222222222221
2015-11-14 00:00:00 UTC,281,1217,412419799,7.7026388888888881
2015-11-14 00:00:00 UTC,281,1219,412410327,1.3580555555555556
2015-11-14 00:00:00 UTC,281,1218,412410327,5.540694444444445
2015-11-14 00:00:00 UTC,281,1217,412449752,3.2691666666666666
2015-11-14 00:00:00 UTC,281,1218,412410328,5.8269444444444449
2015-11-14 00:00:00 UTC,281,1219,412410328,1.105
2015-11-14 00:00:00 UTC,281,1221,412412376,0.90125
2015-11-14 00:00:00 UTC,281,1218,412410329,0.32333333333333336
2015-11-14 00:00:00 UTC,281,1219,412410329,1.3563888888888889
2015-11-14 00:00:00 UTC,281,1216,412417241,5.0881944444444445
2015-11-14 00:00:00 UTC,281,1218,412418779,11.805416666666664
2015-11-14 00:00:00 UTC,281,1218,412410075,1.5608333333333335
2015-11-14 00:00:00 UTC,281,1219,412410075,2.2105555555555556
2015-11-14 00:00:00 UTC,281,1219,412410331,1.1108333333333333
2015-11-14 00:00:00 UTC,281,1218,412410331,0.28555555555555556
2015-11-14 00:00:00 UTC,281,1218,412410076,1.7281944444444444
2015-11-14 00:00:00 UTC,281,1219,412410076,1.9259722222222222
2015-11-14 00:00:00 UTC,281,1217,412410332,0.83166666666666678
2015-11-14 00:00:00 UTC,281,1218,412410332,0.8698611111111112
2015-11-14 00:00:00 UTC,281,1220,412410332,0.75930555555555557
2015-11-14 00:00:00 UTC,281,1220,412410333,0.78666666666666663
2015-11-14 00:00:00 UTC,281,1219,412410334,0.27347222222222223
2015-11-14 00:00:00 UTC,281,1220,412410334,0.28611111111111109
2015-11-14 00:00:00 UTC,281,1220,412412382,1.22625
2015-11-14 00:00:00 UTC,281,1220,412410335,0.8568055555555556
2015-11-14 00:00:00 UTC,281,1219,412410335,2.1045833333333333
2015-11-14 00:00:00 UTC,281,1219,412413919,0.25263888888888886
2015-11-14 00:00:00 UTC,281,1223,412419552,2.0241666666666669
2015-11-14 00:00:00 UTC,281,1218,200010976,7.373333333333334
2015-11-14 00:00:00 UTC,281,1218,412436963,10.228888888888886
2015-11-14 00:00:00 UTC,281,1223,412418532,3.3641666666666667
2015-11-14 00:00:00 UTC,281,1222,412418532,5.7786111111111111
2015-11-14 00:00:00 UTC,281,1221,412418532,2.9765277777777777
2015-11-14 00:00:00 UTC,281,1223,412414692,3.2275
2015-11-14 00:00:00 UTC,281,1223,412418021,0.31041666666666667
2015-11-14 00:00:00 UTC,281,1220,412450278,1.6081944444444445
2015-11-14 00:00:00 UTC,281,1218,412410342,0.55944444444444441
2015-11-14 00:00:00 UTC,281,1218,412411878,2.5019444444444443
2015-11-14 00:00:00 UTC,281,1218,412410343,0.67277777777777781
2015-11-14 00:00:00 UTC,281,1219,412410343,0.86541666666666672
2015-11-14 00:00:00 UTC,281,1219,412410344,0.83208333333333329
2015-11-14 00:00:00 UTC,281,1218,412410344,0.55875000000000008
2015-11-14 00:00:00 UTC,281,1219,412410345,2.0313888888888894
2015-11-14 00:00:00 UTC,281,1218,412410345,1.6077777777777778
2015-11-14 00:00:00 UTC,281,1217,412410345,0.525
2015-11-14 00:00:00 UTC,281,1220,412413673,1.2479166666666668
2015-11-14 00:00:00 UTC,281,1224,412415977,3.9773611111111111
2015-11-14 00:00:00 UTC,281,1223,412415977,0.87472222222222218
2015-11-14 00:00:00 UTC,281,1219,412410346,2.047361111111111
2015-11-14 00:00:00 UTC,281,1217,412410346,0.91180555555555554
2015-11-14 00:00:00 UTC,281,1218,412410346,1.6066666666666667
2015-11-14 00:00:00 UTC,281,1218,412416234,9.6363888888888862
2015-11-14 00:00:00 UTC,281,1220,412412139,1.027638888888889
2015-11-14 00:00:00 UTC,281,1219,412412139,0.57166666666666666
2015-11-14 00:00:00 UTC,281,1218,412416747,3.3994444444444443
2015-11-14 00:00:00 UTC,281,1219,412410348,1.0795833333333333
2015-11-14 00:00:00 UTC,281,1216,412416748,13.172083333333335
2015-11-14 00:00:00 UTC,281,1219,412432109,2.9933333333333332
2015-11-14 00:00:00 UTC,281,1219,412410349,3.7934722222222228
2015-11-14 00:00:00 UTC,281,1218,412410351,2.4366666666666665
2015-11-14 00:00:00 UTC,281,1219,412410351,4.3848611111111113
2015-11-14 00:00:00 UTC,281,1220,412412143,0.82777777777777772
2015-11-14 00:00:00 UTC,281,1222,412436208,9.7144444444444442
2015-11-14 00:00:00 UTC,281,1219,412410352,4.2554166666666662
2015-11-14 00:00:00 UTC,281,1218,412410352,2.5029166666666667
2015-11-14 00:00:00 UTC,281,1220,412412144,0.63097222222222216
2015-11-14 00:00:00 UTC,281,1216,412416496,4.9359722222222207
2015-11-14 00:00:00 UTC,281,1225,412418291,3.6884722222222224
2015-11-14 00:00:00 UTC,281,1220,412411891,10.339027777777778
2015-11-14 00:00:00 UTC,281,1221,412414451,9.63138888888889
2015-11-14 00:00:00 UTC,281,1220,412414451,6.8559722222222224
2015-11-14 00:00:00 UTC,281,1220,412412404,0.99416666666666664
2015-11-14 00:00:00 UTC,281,1223,412414708,3.2419444444444441
2015-11-14 00:00:00 UTC,281,1223,412416244,4.8791666666666673
2015-11-14 00:00:00 UTC,281,1223,412419317,4.5334722222222217
2015-11-14 00:00:00 UTC,281,1220,412410357,1.4240277777777779
2015-11-14 00:00:00 UTC,281,1220,412412405,1.0805555555555555
2015-11-14 00:00:00 UTC,281,1224,412417781,8.805
2015-11-14 00:00:00 UTC,281,1223,412417781,6.7574999999999994
2015-11-14 00:00:00 UTC,281,1223,412417782,4.5434722222222224
2015-11-14 00:00:00 UTC,281,1216,412418807,4.3476388888888886
2015-11-14 00:00:00 UTC,281,1223,412419063,2.0349999999999997
2015-11-14 00:00:00 UTC,281,1221,412417783,15.814722222222223
2015-11-14 00:00:00 UTC,281,1218,412410361,7.3005555555555555
2015-11-14 00:00:00 UTC,281,1220,412412153,9.6241666666666656
2015-11-14 00:00:00 UTC,281,1219,412412153,2.4652777777777777
2015-11-14 00:00:00 UTC,281,1222,412435706,1.56875
2015-11-14 00:00:00 UTC,281,1222,412417018,1.4302777777777778
2015-11-14 00:00:00 UTC,281,1216,412417786,4.4184722222222232
2015-11-14 00:00:00 UTC,281,1224,412435195,1.8652777777777778
2015-11-14 00:00:00 UTC,281,1225,412435195,2.802777777777778
2015-11-14 00:00:00 UTC,281,1222,412435707,2.3461111111111106
2015-11-14 00:00:00 UTC,281,1219,412419068,4.575972222222223
2015-11-14 00:00:00 UTC,281,1220,412419068,1.0091666666666668
2015-11-14 00:00:00 UTC,281,1221,421408508,1.8674999999999997
2015-11-14 00:00:00 UTC,281,1219,412410364,1.1813888888888888
2015-11-14 00:00:00 UTC,281,1218,412410364,0.57152777777777775
2015-11-14 00:00:00 UTC,281,1223,412410109,1.0976388888888891
2015-11-14 00:00:00 UTC,281,1218,412410365,0.55944444444444441
2015-11-14 00:00:00 UTC,281,1219,412410365,1.0806944444444444
2015-11-14 00:00:00 UTC,281,1223,412416765,5.2312499999999993
2015-11-14 00:00:00 UTC,537,-45,235061018,2.2954166666666662
2015-11-14 00:00:00 UTC,537,-46,235061018,0.78069444444444458
2015-11-14 00:00:00 UTC,537,-40,235076636,2.3316666666666661
2015-11-14 00:00:00 UTC,537,-39,235076636,1.2790277777777779
2015-11-14 00:00:00 UTC,537,-41,235076636,2.0447222222222221
2015-11-14 00:00:00 UTC,537,65,235032615,0.41361111111111115
2015-11-14 00:00:00 UTC,537,-107,250137450,1.87625
2015-11-14 00:00:00 UTC,537,-59,250000283,5.9968055555555564
2015-11-14 00:00:00 UTC,537,-60,250000283,1.0227777777777778
2015-11-14 00:00:00 UTC,537,-1656,366820000,2.9643055555555553
2015-11-14 00:00:00 UTC,-231,-1186,576638000,0.87500000000000011
2015-11-14 00:00:00 UTC,-231,997,224371000,0.62097222222222226
2015-11-14 00:00:00 UTC,-231,996,224371000,0.75680555555555562
2015-11-14 00:00:00 UTC,-231,487,416002659,3.6141666666666672
2015-11-14 00:00:00 UTC,-231,484,416002659,1.328888888888889
2015-11-14 00:00:00 UTC,26,1497,416171600,4.4493055555555552
2015-11-14 00:00:00 UTC,26,1526,431680620,5.1583333333333332
2015-11-14 00:00:00 UTC,26,1527,431680620,3.21875
2015-11-14 00:00:00 UTC,26,1516,431501170,9.5204166666666659
2015-11-14 00:00:00 UTC,26,1525,431680380,4.8369444444444438
2015-11-14 00:00:00 UTC,26,-1672,416003756,3.8225
2015-11-14 00:00:00 UTC,26,1641,510051000,2.9333333333333331
2015-11-14 00:00:00 UTC,26,1642,510051000,1.0472222222222223
2015-11-14 00:00:00 UTC,26,1533,431501259,3.1138888888888889
2015-11-14 00:00:00 UTC,26,1531,431680480,3.1808333333333341
2015-11-14 00:00:00 UTC,282,1220,412442368,5.8784722222222223
2015-11-14 00:00:00 UTC,282,1221,412442368,0.8575
2015-11-14 00:00:00 UTC,282,1220,412410368,10.353055555555553
2015-11-14 00:00:00 UTC,282,1220,412412417,2.2088888888888887
2015-11-14 00:00:00 UTC,282,1221,412412417,9.5631944444444432
2015-11-14 00:00:00 UTC,282,1219,412413953,0.92472222222222222
2015-11-14 00:00:00 UTC,282,1223,412417793,7.332361111111112
2015-11-14 00:00:00 UTC,282,1221,412412418,7.39861111111111
2015-11-14 00:00:00 UTC,282,1220,412412418,3.987916666666667
2015-11-14 00:00:00 UTC,282,1220,412412674,3.479166666666667
2015-11-14 00:00:00 UTC,282,1221,412412674,1.1693055555555556
2015-11-14 00:00:00 UTC,282,1222,412478978,5.8080555555555557
2015-11-14 00:00:00 UTC,282,1223,412478978,1.1938888888888888
2015-11-14 00:00:00 UTC,282,1221,412478978,6.0686111111111121
2015-11-14 00:00:00 UTC,282,1220,412416514,0.57944444444444443
2015-11-14 00:00:00 UTC,282,1219,412410371,2.2855555555555553
2015-11-14 00:00:00 UTC,282,1220,412410371,14.466527777777777
2015-11-14 00:00:00 UTC,282,1218,413208324,1.1172222222222223
2015-11-14 00:00:00 UTC,282,1227,412435972,0.5575
2015-11-14 00:00:00 UTC,282,1219,412410372,2.52875
2015-11-14 00:00:00 UTC,282,1220,412410372,13.874583333333337
2015-11-14 00:00:00 UTC,282,1223,412418309,10.820972222222224
2015-11-14 00:00:00 UTC,282,1220,412410373,16.530555555555559
2015-11-14 00:00:00 UTC,282,1221,412412166,2.0402777777777779
2015-11-14 00:00:00 UTC,282,1220,412412166,10.359583333333333
2015-11-14 00:00:00 UTC,282,1219,412413958,12.595972222222224
2015-11-14 00:00:00 UTC,282,1217,412413958,0.26847222222222222
2015-11-14 00:00:00 UTC,282,1218,412414726,0.32513888888888887
2015-11-14 00:00:00 UTC,282,1220,412412423,8.2904166666666654
2015-11-14 00:00:00 UTC,282,1223,412417543,3.8119444444444444
2015-11-14 00:00:00 UTC,282,1221,412419592,4.8569444444444434
2015-11-14 00:00:00 UTC,282,1221,412412169,4.4158333333333335
2015-11-14 00:00:00 UTC,282,1223,412438026,0.60569444444444442
2015-11-14 00:00:00 UTC,282,1224,412438026,1.8168055555555558
2015-11-14 00:00:00 UTC,282,1219,412410378,2.4666666666666668
2015-11-14 00:00:00 UTC,282,1220,412410378,9.8216666666666654
2015-11-14 00:00:00 UTC,282,1223,412417802,2.1998611111111113
2015-11-14 00:00:00 UTC,282,1224,412437259,0.85777777777777775
2015-11-14 00:00:00 UTC,282,1222,412441355,0.27972222222222221
2015-11-14 00:00:00 UTC,282,1221,412441355,5.204027777777779
2015-11-14 00:00:00 UTC,282,1221,412412171,2.8223611111111113
2015-11-14 00:00:00 UTC,282,1220,412412172,0.29388888888888887
2015-11-14 00:00:00 UTC,282,1221,412412172,1.2229166666666667
2015-11-14 00:00:00 UTC,282,1221,412412428,7.1141666666666676
2015-11-14 00:00:00 UTC,282,1220,412412428,1.7672222222222222
2015-11-14 00:00:00 UTC,282,1222,412418061,3.9548611111111112
2015-11-14 00:00:00 UTC,282,1221,412418061,1.9977777777777779
2015-11-14 00:00:00 UTC,282,1224,412419085,6.4377777777777778
2015-11-14 00:00:00 UTC,282,1223,412419085,2.0052777777777777
2015-11-14 00:00:00 UTC,282,1221,412412173,0.77375
2015-11-14 00:00:00 UTC,282,1220,412412173,4.4005555555555551
2015-11-14 00:00:00 UTC,282,1220,412412429,2.0309722222222222
2015-11-14 00:00:00 UTC,282,1221,412412429,6.3127777777777778
2015-11-14 00:00:00 UTC,282,1221,412412685,0.26027777777777777
2015-11-14 00:00:00 UTC,282,1220,412412685,16.798333333333339
2015-11-14 00:00:00 UTC,282,1219,412412685,0.40763888888888888
2015-11-14 00:00:00 UTC,282,1220,412417038,0.27916666666666667
2015-11-14 00:00:00 UTC,282,1219,412417038,2.6637500000000003
2015-11-14 00:00:00 UTC,282,1222,412416783,11.381250000000001
2015-11-14 00:00:00 UTC,282,1221,412416783,4.3865277777777774
2015-11-14 00:00:00 UTC,282,1223,412410128,2.1224999999999996
2015-11-14 00:00:00 UTC,282,1222,412410128,0.45861111111111108
2015-11-14 00:00:00 UTC,282,1223,412435985,2.4133333333333331
2015-11-14 00:00:00 UTC,282,1223,412416273,8.0655555555555551
2015-11-14 00:00:00 UTC,282,1222,412418578,2.8331944444444446
2015-11-14 00:00:00 UTC,282,1223,412418578,1.4063888888888887
2015-11-14 00:00:00 UTC,282,1223,412436754,2.1373611111111113
2015-11-14 00:00:00 UTC,282,1221,412441618,6.2216666666666667
2015-11-14 00:00:00 UTC,282,-169,224239890,0.43402777777777779
2015-11-14 00:00:00 UTC,282,1222,412435987,3.4901388888888887
2015-11-14 00:00:00 UTC,282,1219,413082388,12.363611111111112
2015-11-14 00:00:00 UTC,282,1219,413088788,0.97208333333333341
2015-11-14 00:00:00 UTC,282,1223,412435476,0.3947222222222222
2015-11-14 00:00:00 UTC,282,1222,412437524,3.7486111111111113
2015-11-14 00:00:00 UTC,282,1216,412111124,6.6774999999999993
2015-11-14 00:00:00 UTC,282,1222,523145236,3.999166666666667
2015-11-14 00:00:00 UTC,282,1217,412410388,3.8115277777777776
2015-11-14 00:00:00 UTC,282,1219,412410389,4.165972222222222
2015-11-14 00:00:00 UTC,282,1220,412410389,1.3919444444444444
2015-11-14 00:00:00 UTC,282,1222,412412437,1.6144444444444443
2015-11-14 00:00:00 UTC,282,1221,412412437,4.8713888888888892
2015-11-14 00:00:00 UTC,282,1219,412412693,1.4927777777777778
2015-11-14 00:00:00 UTC,282,1220,412412693,6.9620833333333341
2015-11-14 00:00:00 UTC,282,1223,200012309,1.5720833333333335
2015-11-14 00:00:00 UTC,282,1219,412417045,14.315694444444448
2015-11-14 00:00:00 UTC,282,1218,412417301,4.3237499999999995
2015-11-14 00:00:00 UTC,282,1223,412417813,9.4609722222222228
2015-11-14 00:00:00 UTC,282,1225,412417813,0.97347222222222229
2015-11-14 00:00:00 UTC,282,1223,412419094,7.0768055555555556
2015-11-14 00:00:00 UTC,282,1221,412412438,4.48375
2015-11-14 00:00:00 UTC,282,1222,412412438,1.6172222222222221
2015-11-14 00:00:00 UTC,282,1224,412418327,1.65
2015-11-14 00:00:00 UTC,282,1223,412418327,9.732222222222223
2015-11-14 00:00:00 UTC,282,1220,412410391,1.5001388888888887
2015-11-14 00:00:00 UTC,282,1219,412410391,4.1225
2015-11-14 00:00:00 UTC,282,1221,412410647,0.36319444444444443
2015-11-14 00:00:00 UTC,282,1222,412410647,1.5165277777777775
2015-11-14 00:00:00 UTC,282,1221,412412439,4.1223611111111111
2015-11-14 00:00:00 UTC,282,1221,412413719,1.8444444444444446
2015-11-14 00:00:00 UTC,282,1220,412413719,7.6068055555555567
2015-11-14 00:00:00 UTC,282,1221,412417559,0.175
2015-11-14 00:00:00 UTC,282,1222,412417559,9.7577777777777772
2015-11-14 00:00:00 UTC,282,1222,412412184,1.1627777777777779
2015-11-14 00:00:00 UTC,282,1221,412412184,7.5461111111111121
2015-11-14 00:00:00 UTC,282,1221,412412441,3.9609722222222219
2015-11-14 00:00:00 UTC,282,1222,412419611,8.1245833333333319
2015-11-14 00:00:00 UTC,282,1223,412419611,0.96694444444444438
2015-11-14 00:00:00 UTC,282,1221,412412443,1.8354166666666667
2015-11-14 00:00:00 UTC,282,1220,412412443,3.64125
2015-11-14 00:00:00 UTC,282,1221,412412699,1.395
2015-11-14 00:00:00 UTC,282,1220,412412699,2.3247222222222224
2015-11-14 00:00:00 UTC,282,1222,412435229,6.2544444444444443
2015-11-14 00:00:00 UTC,282,1220,412412445,3.9137500000000003
2015-11-14 00:00:00 UTC,282,1221,412412445,1.4812499999999997
2015-11-14 00:00:00 UTC,282,1220,412413726,12.985972222222228
2015-11-14 00:00:00 UTC,282,1220,412413471,11.473750000000003
2015-11-14 00:00:00 UTC,282,1224,412416543,2.2634722222222221
2015-11-14 00:00:00 UTC,282,1223,412416543,11.136805555555556
2015-11-14 00:00:00 UTC,282,1217,412041504,1.1708333333333334
2015-11-14 00:00:00 UTC,282,1218,412041504,4.6834722222222229
2015-11-14 00:00:00 UTC,282,1220,412412194,5.0690277777777775
2015-11-14 00:00:00 UTC,282,1221,412412194,3.0887499999999997
2015-11-14 00:00:00 UTC,282,1220,412413474,11.427777777777779
2015-11-14 00:00:00 UTC,282,1222,412435235,3.9551388888888894
2015-11-14 00:00:00 UTC,282,1223,412435235,1.8763888888888889
2015-11-14 00:00:00 UTC,282,1221,412412195,4.0330555555555554
2015-11-14 00:00:00 UTC,282,1220,412412195,4.4512500000000008
2015-11-14 00:00:00 UTC,282,1223,412418084,7.8295833333333347
2015-11-14 00:00:00 UTC,282,1224,412418084,2.7888888888888888
2015-11-14 00:00:00 UTC,282,1220,413698852,8.3800000000000026
2015-11-14 00:00:00 UTC,282,1219,413698852,1.1938888888888888
2015-11-14 00:00:00 UTC,282,1219,412410404,4.610555555555556
2015-11-14 00:00:00 UTC,282,1218,412417572,1.21875
2015-11-14 00:00:00 UTC,282,1222,412418341,6.2791666666666668
2015-11-14 00:00:00 UTC,282,1221,412418341,4.7265277777777781
2015-11-14 00:00:00 UTC,282,1221,412860197,1.5166666666666664
2015-11-14 00:00:00 UTC,282,1220,412860197,6.0397222222222222
2015-11-14 00:00:00 UTC,282,1219,412410405,4.4181944444444445
2015-11-14 00:00:00 UTC,282,1219,412410406,3.7447222222222218
2015-11-14 00:00:00 UTC,282,1220,412410406,0.94972222222222225
2015-11-14 00:00:00 UTC,282,1217,412418855,3.5848611111111111
2015-11-14 00:00:00 UTC,282,1221,200004391,2.8554166666666667
2015-11-14 00:00:00 UTC,282,1219,412410407,3.21375
2015-11-14 00:00:00 UTC,282,1220,412410407,0.88333333333333341
2015-11-14 00:00:00 UTC,282,1221,412412967,0.87902777777777774
2015-11-14 00:00:00 UTC,282,1220,412412968,3.7648611111111112
2015-11-14 00:00:00 UTC,282,1221,412412968,1.1420833333333333
2015-11-14 00:00:00 UTC,282,1220,413588521,16.306944444444447
2015-11-14 00:00:00 UTC,282,1219,413588521,0.29625
2015-11-14 00:00:00 UTC,282,1221,412412457,10.254027777777777
2015-11-14 00:00:00 UTC,282,1219,412416297,13.596388888888892
2015-11-14 00:00:00 UTC,282,1221,412417833,3.361388888888889
2015-11-14 00:00:00 UTC,282,1222,412417833,8.0762499999999982
2015-11-14 00:00:00 UTC,282,1221,412412459,0.63458333333333328
2015-11-14 00:00:00 UTC,282,1220,412412459,5.5765277777777786
2015-11-14 00:00:00 UTC,282,-169,224139820,5.7556944444444449
2015-11-14 00:00:00 UTC,282,1222,412418093,3.1562500000000004
2015-11-14 00:00:00 UTC,282,1223,412418093,5.8341666666666674
2015-11-14 00:00:00 UTC,282,1224,412416301,0.41277777777777774
2015-11-14 00:00:00 UTC,282,1219,412419118,1.9463888888888889
2015-11-14 00:00:00 UTC,282,1221,200010286,0.36694444444444441
2015-11-14 00:00:00 UTC,282,1220,200010286,3.4422222222222221
2015-11-14 00:00:00 UTC,282,1223,412417072,12.1175
2015-11-14 00:00:00 UTC,282,1224,412416049,3.5377777777777779
2015-11-14 00:00:00 UTC,282,1223,412416049,2.3490277777777777
2015-11-14 00:00:00 UTC,282,1223,412419634,15.058472222222225
2015-11-14 00:00:00 UTC,282,1223,413565234,0.91347222222222224
2015-11-14 00:00:00 UTC,282,1222,413565234,7.7248611111111121
2015-11-14 00:00:00 UTC,282,1222,412410163,0.44069444444444444
2015-11-14 00:00:00 UTC,282,1223,412410163,0.81013888888888885
2015-11-14 00:00:00 UTC,282,1223,412435252,1.9754166666666664
2015-11-14 00:00:00 UTC,282,1222,412435252,0.33763888888888888
2015-11-14 00:00:00 UTC,282,1223,412416053,3.2190277777777774
2015-11-14 00:00:00 UTC,282,1224,412416053,2.8708333333333336
2015-11-14 00:00:00 UTC,282,1218,412435512,2.4497222222222224
2015-11-14 00:00:00 UTC,282,1224,412417592,6.0799999999999992
2015-11-14 00:00:00 UTC,282,1223,412417592,1.8993055555555554
2015-11-14 00:00:00 UTC,282,1214,412414522,8.7840277777777782
2015-11-14 00:00:00 UTC,282,1215,412414522,2.6158333333333332
2015-11-14 00:00:00 UTC,282,1223,412418875,8.2451388888888886
2015-11-14 00:00:00 UTC,282,1218,412416571,0.28625
2015-11-14 00:00:00 UTC,282,1225,412435516,1.1873611111111113
2015-11-14 00:00:00 UTC,282,1220,412412476,1.8256944444444445
2015-11-14 00:00:00 UTC,282,1221,412412476,1.5088888888888887
2015-11-14 00:00:00 UTC,282,1220,412413756,7.25611111111111
2015-11-14 00:00:00 UTC,282,1221,412413756,3.5076388888888883
2015-11-14 00:00:00 UTC,282,1220,412410685,0.38222222222222224
2015-11-14 00:00:00 UTC,282,1219,412410685,3.347083333333333
2015-11-14 00:00:00 UTC,282,1221,412416062,0.58347222222222217
2015-11-14 00:00:00 UTC,282,1222,412416062,1.0994444444444444
2015-11-14 00:00:00 UTC,282,1223,412416574,2.2763888888888886
2015-11-14 00:00:00 UTC,282,1224,412416574,4.2013888888888893
2015-11-14 00:00:00 UTC,282,1220,412449343,9.78513888888889
2015-11-14 00:00:00 UTC,282,1224,412416063,1.2444444444444445
2015-11-14 00:00:00 UTC,282,1223,412416063,2.7340277777777779
2015-11-14 00:00:00 UTC,282,1224,412417855,2.1577777777777776
2015-11-14 00:00:00 UTC,282,1223,412417855,13.444027777777777
2015-11-14 00:00:00 UTC,282,1222,412418368,1.3980555555555554
2015-11-14 00:00:00 UTC,282,1220,412430402,6.6618055555555564
2015-11-14 00:00:00 UTC,282,1222,412419651,0.5905555555555555
2015-11-14 00:00:00 UTC,282,1221,412419651,2.9176388888888889
2015-11-14 00:00:00 UTC,282,1223,412419651,3.8695833333333338
2015-11-14 00:00:00 UTC,282,1220,412413507,4.0511111111111111
2015-11-14 00:00:00 UTC,282,1222,412436293,2.3416666666666668
2015-11-14 00:00:00 UTC,282,1220,412412229,8.4770833333333329
2015-11-14 00:00:00 UTC,282,1221,412412229,0.59652777777777777
2015-11-14 00:00:00 UTC,282,1221,412412485,10.307638888888889
2015-11-14 00:00:00 UTC,282,1222,412419654,1.4805555555555556
2015-11-14 00:00:00 UTC,282,1221,412419654,9.4166666666666661
2015-11-14 00:00:00 UTC,282,1223,412419654,1.5516666666666665
2015-11-14 00:00:00 UTC,282,1221,412412486,9.69986111111111
2015-11-14 00:00:00 UTC,282,1222,412416838,4.9534722222222225
2015-11-14 00:00:00 UTC,282,1223,412416838,3.3543055555555554
2015-11-14 00:00:00 UTC,282,1221,412416838,2.4104166666666664
2015-11-14 00:00:00 UTC,282,1216,413006918,3.7143055555555557
2015-11-14 00:00:00 UTC,282,1218,412418119,0.55486111111111114
2015-11-14 00:00:00 UTC,282,1214,412410439,1.7990277777777779
2015-11-14 00:00:00 UTC,282,1220,412412231,7.462361111111111
2015-11-14 00:00:00 UTC,282,1221,412412231,0.571388888888889
2015-11-14 00:00:00 UTC,282,1216,412418632,6.2354166666666675
2015-11-14 00:00:00 UTC,282,1223,412418377,4.230833333333333
2015-11-14 00:00:00 UTC,282,1221,412418377,11.822499999999998
2015-11-14 00:00:00 UTC,282,1222,412418377,1.703611111111111
2015-11-14 00:00:00 UTC,282,1221,412411721,1.6977777777777776
2015-11-14 00:00:00 UTC,282,1220,412411721,4.7373611111111114
2015-11-14 00:00:00 UTC,282,1221,412418378,1.8280555555555553
2015-11-14 00:00:00 UTC,282,1222,412418378,3.4691666666666667
2015-11-14 00:00:00 UTC,282,1223,412418378,3.4843055555555553
2015-11-14 00:00:00 UTC,282,1221,412412234,0.87777777777777777
2015-11-14 00:00:00 UTC,282,1220,412412234,5.1613888888888884
2015-11-14 00:00:00 UTC,282,1220,412412235,5.254027777777778
2015-11-14 00:00:00 UTC,282,1221,412412235,0.82791666666666663
2015-11-14 00:00:00 UTC,282,1226,412416331,1.9791666666666665
2015-11-14 00:00:00 UTC,282,1221,410391116,1.0379166666666668
2015-11-14 00:00:00 UTC,282,1220,410391116,2.9855555555555555
2015-11-14 00:00:00 UTC,282,1224,412417356,1.18125
2015-11-14 00:00:00 UTC,282,1223,412417356,2.9058333333333333
2015-11-14 00:00:00 UTC,282,1223,412418381,2.9515277777777778
2015-11-14 00:00:00 UTC,282,1222,412418381,3.5209722222222224
2015-11-14 00:00:00 UTC,282,1221,412418381,0.96291666666666664
2015-11-14 00:00:00 UTC,282,1224,412416589,3.495
2015-11-14 00:00:00 UTC,282,1223,412416589,6.5143055555555556
2015-11-14 00:00:00 UTC,282,1222,412419662,5.7031944444444447
2015-11-14 00:00:00 UTC,282,1219,422054222,4.4951388888888877
2015-11-14 00:00:00 UTC,282,1221,600065103,1.2898611111111111
2015-11-14 00:00:00 UTC,282,1219,412410703,0.54680555555555554
2015-11-14 00:00:00 UTC,282,1223,412416847,5.168333333333333
2015-11-14 00:00:00 UTC,282,1223,412418128,15.711666666666666
2015-11-14 00:00:00 UTC,282,1221,412412496,8.6133333333333333
2015-11-14 00:00:00 UTC,282,1214,412418129,22.99819444444444
2015-11-14 00:00:00 UTC,282,1221,412412497,1.6137499999999998
2015-11-14 00:00:00 UTC,282,1222,412437331,3.1423611111111107
2015-11-14 00:00:00 UTC,282,1223,412437331,0.33736111111111111
2015-11-14 00:00:00 UTC,282,1221,412413779,3.446944444444445
2015-11-14 00:00:00 UTC,282,1220,412413779,7.7868055555555538
2015-11-14 00:00:00 UTC,282,1223,412419412,5.9804166666666676
2015-11-14 00:00:00 UTC,282,1218,412449876,10.904166666666667
2015-11-14 00:00:00 UTC,282,1217,412449876,6.0525
2015-11-14 00:00:00 UTC,282,1221,412412756,2.3026388888888887
2015-11-14 00:00:00 UTC,282,1220,412412756,0.30236111111111114
2015-11-14 00:00:00 UTC,282,1223,412435797,0.77277777777777779
2015-11-14 00:00:00 UTC,282,1222,412435797,5.133055555555555
2015-11-14 00:00:00 UTC,282,1220,412412501,7.8238888888888889
2015-11-14 00:00:00 UTC,282,1224,412435798,1.9500000000000002
2015-11-14 00:00:00 UTC,282,1220,412412502,7.2566666666666677
2015-11-14 00:00:00 UTC,282,1214,412416599,11.185277777777777
2015-11-14 00:00:00 UTC,282,1222,412419416,0.83208333333333329
2015-11-14 00:00:00 UTC,282,1218,412417368,3.4291666666666667
2015-11-14 00:00:00 UTC,282,1219,412410713,1.1504166666666666
2015-11-14 00:00:00 UTC,282,1220,412410713,3.7877777777777784
2015-11-14 00:00:00 UTC,282,1224,412413786,0.36333333333333334
2015-11-14 00:00:00 UTC,282,1222,412412507,1.9241666666666666
2015-11-14 00:00:00 UTC,282,1223,412416603,1.8577777777777778
2015-11-14 00:00:00 UTC,282,1224,412416603,2.3959722222222224
2015-11-14 00:00:00 UTC,282,1220,412410716,12.453888888888887
2015-11-14 00:00:00 UTC,282,1222,412412508,1.2881944444444444
2015-11-14 00:00:00 UTC,282,1223,412419677,2.9097222222222223
2015-11-14 00:00:00 UTC,282,1221,412419677,4.9063888888888894
2015-11-14 00:00:00 UTC,282,1222,412419677,5.75375
2015-11-14 00:00:00 UTC,282,1219,412410205,1.6601388888888891
2015-11-14 00:00:00 UTC,282,1219,412410717,0.85402777777777783
2015-11-14 00:00:00 UTC,282,1220,412410717,13.871111111111112
2015-11-14 00:00:00 UTC,282,1219,412413021,12.408194444444444
2015-11-14 00:00:00 UTC,282,1220,413081182,6.0080555555555542
2015-11-14 00:00:00 UTC,282,1222,412419679,0.88222222222222213
2015-11-14 00:00:00 UTC,282,1222,412123488,1.0191666666666666
2015-11-14 00:00:00 UTC,282,1220,412412001,0.82013888888888886
2015-11-14 00:00:00 UTC,282,1217,200414818,2.9491666666666667
2015-11-14 00:00:00 UTC,282,1223,412418659,3.9322222222222223
2015-11-14 00:00:00 UTC,282,1221,412416099,5.8441666666666663
2015-11-14 00:00:00 UTC,282,1222,412416099,3.8795833333333336
2015-11-14 00:00:00 UTC,282,1221,412412516,0.2986111111111111
2015-11-14 00:00:00 UTC,282,1220,412412516,5.1488888888888891
2015-11-14 00:00:00 UTC,282,1223,412435045,0.37555555555555553
2015-11-14 00:00:00 UTC,282,1222,412435045,5.8950000000000014
2015-11-14 00:00:00 UTC,282,1221,412412517,0.54027777777777786
2015-11-14 00:00:00 UTC,282,1220,412412517,4.825
2015-11-14 00:00:00 UTC,282,1223,412416869,2.7601388888888887
2015-11-14 00:00:00 UTC,282,1224,412416869,5.6319444444444446
2015-11-14 00:00:00 UTC,282,1223,412436838,2.2347222222222221
2015-11-14 00:00:00 UTC,282,1222,412436838,3.1123611111111109
2015-11-14 00:00:00 UTC,282,1221,412412518,1.1351388888888889
2015-11-14 00:00:00 UTC,282,1220,412412518,0.2565277777777778
2015-11-14 00:00:00 UTC,282,1220,413488999,10.770138888888889
2015-11-14 00:00:00 UTC,282,1221,413488999,2.8818055555555557
2015-11-14 00:00:00 UTC,282,1221,412412519,1.5504166666666668
2015-11-14 00:00:00 UTC,282,1220,412412519,0.55416666666666659
2015-11-14 00:00:00 UTC,282,1222,412414567,18.754444444444445
2015-11-14 00:00:00 UTC,282,1223,412412264,0.88055555555555554
2015-11-14 00:00:00 UTC,282,1224,412412264,2.353472222222222
2015-11-14 00:00:00 UTC,282,1222,412416616,4.8472222222222214
2015-11-14 00:00:00 UTC,282,1223,412416616,7.9094444444444445
2015-11-14 00:00:00 UTC,282,1221,412416616,1.3380555555555556
2015-11-14 00:00:00 UTC,282,1218,412418665,8.90652777777778
2015-11-14 00:00:00 UTC,282,1218,412416106,7.4076388888888882
2015-11-14 00:00:00 UTC,282,1219,412416106,4.9106944444444451
2015-11-14 00:00:00 UTC,282,1226,412416362,0.98222222222222222
2015-11-14 00:00:00 UTC,282,1225,412416362,1.5997222222222223
2015-11-14 00:00:00 UTC,282,1221,412418923,6.6393055555555538
2015-11-14 00:00:00 UTC,282,1223,412418923,2.4693055555555556
2015-11-14 00:00:00 UTC,282,1222,412418923,6.8947222222222235
2015-11-14 00:00:00 UTC,282,1224,412448621,3.8258333333333332
2015-11-14 00:00:00 UTC,282,1220,412412525,8.3979166666666671
2015-11-14 00:00:00 UTC,282,1221,412416877,2.1031944444444441
2015-11-14 00:00:00 UTC,282,1222,412416877,7.0465277777777775
2015-11-14 00:00:00 UTC,282,1223,412416877,0.68444444444444452
2015-11-14 00:00:00 UTC,282,1219,413000558,1.7706944444444446
2015-11-14 00:00:00 UTC,282,1220,412412526,8.9341666666666661
2015-11-14 00:00:00 UTC,282,1223,412417134,3.1931944444444444
2015-11-14 00:00:00 UTC,282,1223,412418415,0.37236111111111114
2015-11-14 00:00:00 UTC,282,1221,412418415,1.5543055555555554
2015-11-14 00:00:00 UTC,282,1222,412418415,4.5391666666666675
2015-11-14 00:00:00 UTC,282,1218,412413295,0.30236111111111108
2015-11-14 00:00:00 UTC,282,1218,412449904,10.403194444444445
2015-11-14 00:00:00 UTC,282,1217,412449904,3.1637500000000003
2015-11-14 00:00:00 UTC,282,1221,412413554,10.19263888888889
2015-11-14 00:00:00 UTC,282,1222,412413554,0.92541666666666655
2015-11-14 00:00:00 UTC,282,1220,412417908,0.29013888888888889
2015-11-14 00:00:00 UTC,282,1218,412412277,3.8211111111111111
2015-11-14 00:00:00 UTC,282,1214,412437366,1.3927777777777777
2015-11-14 00:00:00 UTC,282,1217,412004214,1.4506944444444445
2015-11-14 00:00:00 UTC,282,1217,412412278,1.2141666666666666
2015-11-14 00:00:00 UTC,282,1218,412412278,4.1598611111111108
2015-11-14 00:00:00 UTC,282,1220,412412534,6.0162499999999985
2015-11-14 00:00:00 UTC,282,1221,412412534,2.3247222222222224
2015-11-14 00:00:00 UTC,282,1222,412418423,4.0995833333333334
2015-11-14 00:00:00 UTC,282,1223,412418423,5.2697222222222218
2015-11-14 00:00:00 UTC,282,1221,412418423,1.3566666666666667
2015-11-14 00:00:00 UTC,282,1220,412412535,6.3580555555555565
2015-11-14 00:00:00 UTC,282,1221,412412535,3.122638888888889
2015-11-14 00:00:00 UTC,282,1220,412412536,5.1219444444444449
2015-11-14 00:00:00 UTC,282,1221,412412536,2.8479166666666664
2015-11-14 00:00:00 UTC,282,1219,412417912,9.0390277777777772
2015-11-14 00:00:00 UTC,282,1218,412417912,1.6509722222222221
2015-11-14 00:00:00 UTC,282,1220,412412537,8.7979166666666675
2015-11-14 00:00:00 UTC,282,1221,412412537,3.3643055555555561
2015-11-14 00:00:00 UTC,282,1221,412413562,0.61763888888888885
2015-11-14 00:00:00 UTC,282,1220,412413562,0.29013888888888889
2015-11-14 00:00:00 UTC,282,1220,412416895,0.64763888888888888
2015-11-14 00:00:00 UTC,282,1221,412416895,0.68055555555555558
2015-11-14 00:00:00 UTC,282,1223,412419712,1.4319444444444445
2015-11-14 00:00:00 UTC,282,1222,412435072,0.59638888888888886
2015-11-14 00:00:00 UTC,282,1223,412435072,1.8702777777777779
2015-11-14 00:00:00 UTC,282,1220,412412288,11.091527777777776
2015-11-14 00:00:00 UTC,282,1224,412417152,1.1166666666666667
2015-11-14 00:00:00 UTC,282,1223,412417152,9.6069444444444443
2015-11-14 00:00:00 UTC,282,1220,412418689,0.79541666666666666
2015-11-14 00:00:00 UTC,282,1223,412419713,9.21861111111111
2015-11-14 00:00:00 UTC,282,1222,412417921,11.675833333333337
2015-11-14 00:00:00 UTC,282,1224,412417922,5.480833333333333
2015-11-14 00:00:00 UTC,282,1223,412417922,2.7711111111111109
2015-11-14 00:00:00 UTC,282,1221,412411523,0.88402777777777786
2015-11-14 00:00:00 UTC,282,1220,412411523,10.790277777777776
2015-11-14 00:00:00 UTC,282,1222,412417923,22.241250000000004
2015-11-14 00:00:00 UTC,282,1216,412419206,2.3938888888888887
2015-11-14 00:00:00 UTC,282,1219,412417416,15.150416666666667
2015-11-14 00:00:00 UTC,282,1218,412417416,0.73486111111111119
2015-11-14 00:00:00 UTC,282,1222,412417928,16.915694444444448
2015-11-14 00:00:00 UTC,282,1216,412419209,1.5786111111111112
2015-11-14 00:00:00 UTC,282,1220,250201482,0.27055555555555555
2015-11-14 00:00:00 UTC,282,1219,250201482,0.55
2015-11-14 00:00:00 UTC,282,1223,412416906,4.6850000000000005
2015-11-14 00:00:00 UTC,282,1222,412416906,3.0069444444444446
2015-11-14 00:00:00 UTC,282,1220,412413579,3.2640277777777782
2015-11-14 00:00:00 UTC,282,1223,412416395,3.0220833333333337
2015-11-14 00:00:00 UTC,282,1221,412416395,2.1143055555555552
2015-11-14 00:00:00 UTC,282,1222,412416395,3.1134722222222222
2015-11-14 00:00:00 UTC,282,1216,412419213,3.4768055555555555
2015-11-14 00:00:00 UTC,282,1216,412419214,1.4175000000000002
2015-11-14 00:00:00 UTC,282,1224,412417422,3.6213888888888879
2015-11-14 00:00:00 UTC,282,1223,412417422,12.396805555555556
2015-11-14 00:00:00 UTC,282,1223,412437904,2.183472222222222
2015-11-14 00:00:00 UTC,282,1224,412410000,1.2773611111111112
2015-11-14 00:00:00 UTC,282,1223,412410000,9.9770833333333364
2015-11-14 00:00:00 UTC,282,1214,200007570,7.7427777777777784
2015-11-14 00:00:00 UTC,282,1220,412410771,2.0916666666666668
2015-11-14 00:00:00 UTC,282,1220,412413587,8.2065277777777776
2015-11-14 00:00:00 UTC,282,1221,412413587,0.93347222222222226
2015-11-14 00:00:00 UTC,282,1223,412419478,8.2783333333333324
2015-11-14 00:00:00 UTC,282,1224,412419478,1.7552777777777777
2015-11-14 00:00:00 UTC,282,1222,412410262,1.1990277777777778
2015-11-14 00:00:00 UTC,282,1223,412410262,1.4693055555555556
2015-11-14 00:00:00 UTC,282,1221,412417942,0.37819444444444444
2015-11-14 00:00:00 UTC,282,1223,412417942,1.9698611111111111
2015-11-14 00:00:00 UTC,282,1222,412417942,14.691805555555556
2015-11-14 00:00:00 UTC,282,1221,412134807,9.7998611111111131
2015-11-14 00:00:00 UTC,282,1222,412134807,1.3201388888888888
2015-11-14 00:00:00 UTC,282,1223,412134807,4.3627777777777785
2015-11-14 00:00:00 UTC,282,1222,412415639,5.62
2015-11-14 00:00:00 UTC,282,1221,412415639,1.9665277777777779
2015-11-14 00:00:00 UTC,282,1223,412415641,0.30277777777777781
2015-11-14 00:00:00 UTC,282,1222,412415641,6.4498611111111108
2015-11-14 00:00:00 UTC,282,1221,412415641,2.3841666666666668
2015-11-14 00:00:00 UTC,282,1222,412417946,18.27611111111111
2015-11-14 00:00:00 UTC,282,1217,412449947,4.850416666666665
2015-11-14 00:00:00 UTC,282,1218,412449947,9.5149999999999988
2015-11-14 00:00:00 UTC,282,1218,412410012,0.36041666666666666
2015-11-14 00:00:00 UTC,282,1220,412410012,2.3651388888888891
2015-11-14 00:00:00 UTC,282,1219,412410012,3.1609722222222216
2015-11-14 00:00:00 UTC,282,1221,412412572,2.8212499999999996
2015-11-14 00:00:00 UTC,282,1220,412412572,3.8048611111111112
2015-11-14 00:00:00 UTC,282,1218,412418461,5.4683333333333328
2015-11-14 00:00:00 UTC,282,1217,412418461,2.4226388888888888
2015-11-14 00:00:00 UTC,282,1219,413112222,1.7561111111111112
2015-11-14 00:00:00 UTC,282,1220,413112222,10.881666666666664
2015-11-14 00:00:00 UTC,282,1220,412417183,0.55527777777777776
2015-11-14 00:00:00 UTC,282,1219,412417183,2.2173611111111109
2015-11-14 00:00:00 UTC,282,1223,448870560,11.436805555555557
2015-11-14 00:00:00 UTC,282,1223,412418722,3.412638888888889
2015-11-14 00:00:00 UTC,282,1224,412418722,7.8693055555555551
2015-11-14 00:00:00 UTC,282,1221,412410019,1.0580555555555555
2015-11-14 00:00:00 UTC,282,1226,200012964,3.2866666666666666
2015-11-14 00:00:00 UTC,282,1219,412418725,0.63069444444444445
2015-11-14 00:00:00 UTC,282,1221,412412325,9.8273611111111112
2015-11-14 00:00:00 UTC,282,1220,412412325,2.4129166666666668
2015-11-14 00:00:00 UTC,282,1218,412413093,2.3804166666666666
2015-11-14 00:00:00 UTC,282,1222,412416933,3.5573611111111112
2015-11-14 00:00:00 UTC,282,1221,412416933,1.8425
2015-11-14 00:00:00 UTC,282,1223,412416933,3.3881944444444443
2015-11-14 00:00:00 UTC,282,1223,412417189,0.5125
2015-11-14 00:00:00 UTC,282,1221,412417189,1.45125
2015-11-14 00:00:00 UTC,282,1222,412417189,17.935277777777777
2015-11-14 00:00:00 UTC,282,1221,412412326,10.254861111111111
2015-11-14 00:00:00 UTC,282,1220,412412326,2.6627777777777775
2015-11-14 00:00:00 UTC,282,1220,412411562,14.205
2015-11-14 00:00:00 UTC,282,1220,412412331,4.8715277777777786
2015-11-14 00:00:00 UTC,282,1222,413008812,2.9188888888888882
2015-11-14 00:00:00 UTC,282,1223,412416428,2.6658333333333335
2015-11-14 00:00:00 UTC,282,1221,412416428,2.0799999999999996
2015-11-14 00:00:00 UTC,282,1222,412416428,1.4804166666666665
2015-11-14 00:00:00 UTC,282,1222,412416684,2.7375
2015-11-14 00:00:00 UTC,282,1217,412449709,3.004861111111111
2015-11-14 00:00:00 UTC,282,1216,412449709,0.26277777777777778
2015-11-14 00:00:00 UTC,282,1220,412416941,2.1086111111111112
2015-11-14 00:00:00 UTC,282,1223,412417197,4.5966666666666667
2015-11-14 00:00:00 UTC,282,1222,412417197,1.1683333333333334
2015-11-14 00:00:00 UTC,282,1221,412417197,9.4698611111111131
2015-11-14 00:00:00 UTC,282,1219,412418736,1.0243055555555556
2015-11-14 00:00:00 UTC,282,1215,412423088,2.09625
2015-11-14 00:00:00 UTC,282,1223,412412338,8.49388888888889
2015-11-14 00:00:00 UTC,282,1221,412412339,0.5969444444444445
2015-11-14 00:00:00 UTC,282,1220,412412339,0.28166666666666668
2015-11-14 00:00:00 UTC,282,1220,412412595,5.5918055555555553
2015-11-14 00:00:00 UTC,282,1221,412412595,2.1036111111111113
2015-11-14 00:00:00 UTC,282,1224,412418996,1.1247222222222222
2015-11-14 00:00:00 UTC,282,1221,412412596,1.9897222222222219
2015-11-14 00:00:00 UTC,282,1220,412412596,5.4043055555555561
2015-11-14 00:00:00 UTC,282,1221,412412341,0.86652777777777779
2015-11-14 00:00:00 UTC,282,1219,412417461,1.932361111111111
2015-11-14 00:00:00 UTC,282,1223,412418999,4.775
2015-11-14 00:00:00 UTC,282,1220,412411831,4.0322222222222219
2015-11-14 00:00:00 UTC,282,1221,412411831,9.178194444444447
2015-11-14 00:00:00 UTC,282,1222,412416439,12.401944444444448
2015-11-14 00:00:00 UTC,282,1223,412419256,6.6645833333333337
2015-11-14 00:00:00 UTC,282,1222,200004280,4.256388888888889
2015-11-14 00:00:00 UTC,282,1218,412449977,8.6894444444444439
2015-11-14 00:00:00 UTC,282,1217,412449977,5.5243055555555554
2015-11-14 00:00:00 UTC,282,1222,412419771,9.8547222222222217
2015-11-14 00:00:00 UTC,282,1221,412412604,2.1405555555555558
2015-11-14 00:00:00 UTC,282,1220,412412604,5.5451388888888893
2015-11-14 00:00:00 UTC,282,1221,200010940,7.3283333333333331
2015-11-14 00:00:00 UTC,282,1220,412413628,12.632916666666667
2015-11-14 00:00:00 UTC,282,1220,412416700,1.4562499999999998
2015-11-14 00:00:00 UTC,282,1219,412416700,3.5712500000000005
2015-11-14 00:00:00 UTC,282,1216,412449981,7.3298611111111107
2015-11-14 00:00:00 UTC,282,1220,412412605,5.8936111111111105
2015-11-14 00:00:00 UTC,282,1221,412412605,1.6518055555555555
2015-11-14 00:00:00 UTC,282,1216,412417981,3.3468055555555556
2015-11-14 00:00:00 UTC,282,1222,412418238,5.7293055555555554
2015-11-14 00:00:00 UTC,282,1222,412430014,2.3440277777777778
2015-11-14 00:00:00 UTC,282,1221,412430014,2.7505555555555556
2015-11-14 00:00:00 UTC,282,1222,412410558,3.1118055555555557
2015-11-14 00:00:00 UTC,282,1224,412406719,0.98722222222222222
2015-11-14 00:00:00 UTC,282,1223,412410047,2.0905555555555555
2015-11-14 00:00:00 UTC,282,1220,412410303,1.0208333333333333
2015-11-14 00:00:00 UTC,282,1218,412410303,0.85291666666666677
2015-11-14 00:00:00 UTC,282,1219,412410303,3.3327777777777774
2015-11-14 00:00:00 UTC,282,1224,412411839,3.2272222222222222
2015-11-14 00:00:00 UTC,282,1220,412413887,11.082222222222223
2015-11-14 00:00:00 UTC,282,1218,200012223,3.6344444444444441
2015-11-14 00:00:00 UTC,282,1219,412410304,2.6370833333333339
2015-11-14 00:00:00 UTC,282,1218,412410304,1.1652777777777776
2015-11-14 00:00:00 UTC,282,1220,412410304,1.17625
2015-11-14 00:00:00 UTC,282,1218,412412352,2.8594444444444438
2015-11-14 00:00:00 UTC,282,1217,412412352,0.82513888888888887
2015-11-14 00:00:00 UTC,282,1220,412413888,12.019861111111112
2015-11-14 00:00:00 UTC,282,1223,412417216,2.1151388888888887
2015-11-14 00:00:00 UTC,282,1222,412417216,6.1518055555555557
2015-11-14 00:00:00 UTC,282,1221,413939393,4.4809722222222224
2015-11-14 00:00:00 UTC,282,1219,412410305,0.66055555555555556
2015-11-14 00:00:00 UTC,282,1221,412412353,5.48638888888889
2015-11-14 00:00:00 UTC,282,1220,412413633,12.079166666666667
2015-11-14 00:00:00 UTC,282,1221,412413633,0.30236111111111108
2015-11-14 00:00:00 UTC,282,1225,200000706,2.9162500000000002
2015-11-14 00:00:00 UTC,282,1219,412410306,0.92055555555555557
2015-11-14 00:00:00 UTC,282,1221,412412354,5.4770833333333337
2015-11-14 00:00:00 UTC,282,1220,412412354,0.35736111111111113
2015-11-14 00:00:00 UTC,282,1221,412412611,9.2018055555555556
2015-11-14 00:00:00 UTC,282,1223,412423876,0.42625
2015-11-14 00:00:00 UTC,282,1224,412423876,2.1701388888888888
2015-11-14 00:00:00 UTC,282,1221,412412612,9.8051388888888891
2015-11-14 00:00:00 UTC,282,1218,412416196,3.7405555555555559
2015-11-14 00:00:00 UTC,282,1224,412417733,12.953333333333333
2015-11-14 00:00:00 UTC,282,1220,412411846,1.5581944444444447
2015-11-14 00:00:00 UTC,282,1217,412410567,3.89125
2015-11-14 00:00:00 UTC,282,1223,412411848,5.8690277777777764
2015-11-14 00:00:00 UTC,282,1217,412411849,3.4059722222222222
2015-11-14 00:00:00 UTC,282,1221,412412617,10.945694444444447
2015-11-14 00:00:00 UTC,282,1223,412417225,5.6456944444444446
2015-11-14 00:00:00 UTC,282,1221,412417225,0.44513888888888892
2015-11-14 00:00:00 UTC,282,1222,412417225,6.4829166666666671
2015-11-14 00:00:00 UTC,282,1223,412417737,12.493194444444445
2015-11-14 00:00:00 UTC,282,1222,412417737,2.1894444444444443
2015-11-14 00:00:00 UTC,282,1221,412412618,10.895972222222222
2015-11-14 00:00:00 UTC,282,1222,412416714,2.8716666666666666
2015-11-14 00:00:00 UTC,282,1224,412417226,1.9041666666666663
2015-11-14 00:00:00 UTC,282,1223,412417226,0.31125
2015-11-14 00:00:00 UTC,282,1222,412417738,1.7973611111111114
2015-11-14 00:00:00 UTC,282,1222,412418763,6.4030555555555564
2015-11-14 00:00:00 UTC,282,1221,412668877,7.94861111111111
2015-11-14 00:00:00 UTC,282,1221,412417485,0.58138888888888884
2015-11-14 00:00:00 UTC,282,1222,412417485,6.155
2015-11-14 00:00:00 UTC,282,1221,412410318,0.64583333333333326
2015-11-14 00:00:00 UTC,282,1220,412410318,4.1654166666666663
2015-11-14 00:00:00 UTC,282,1221,412411598,2.2797222222222224
2015-11-14 00:00:00 UTC,282,1220,412411598,5.3773611111111119
2015-11-14 00:00:00 UTC,282,1222,412418767,8.5805555555555557
2015-11-14 00:00:00 UTC,282,1221,412418767,0.58416666666666672
2015-11-14 00:00:00 UTC,282,1222,412419279,8.2756944444444454
2015-11-14 00:00:00 UTC,282,1221,412419279,2.364583333333333
2015-11-14 00:00:00 UTC,282,1221,200000463,1.4413888888888891
2015-11-14 00:00:00 UTC,282,1220,200000463,8.3833333333333346
2015-11-14 00:00:00 UTC,282,1221,412410319,1.3258333333333334
2015-11-14 00:00:00 UTC,282,1220,412410319,13.206111111111111
2015-11-14 00:00:00 UTC,282,1221,412412623,1.6609722222222221
2015-11-14 00:00:00 UTC,282,1220,412412623,6.6374999999999993
2015-11-14 00:00:00 UTC,282,1224,412417743,3.8133333333333335
2015-11-14 00:00:00 UTC,282,1221,412418256,6.0223611111111115
2015-11-14 00:00:00 UTC,282,1222,412418256,6.2090277777777789
2015-11-14 00:00:00 UTC,282,1223,412418256,0.84916666666666663
2015-11-14 00:00:00 UTC,282,1219,413083088,0.8208333333333333
2015-11-14 00:00:00 UTC,282,1217,412412112,2.6784722222222221
2015-11-14 00:00:00 UTC,282,1220,412412624,7.6279166666666658
2015-11-14 00:00:00 UTC,282,1221,412412624,1.9593055555555554
2015-11-14 00:00:00 UTC,282,1224,412417744,8.4929166666666625
2015-11-14 00:00:00 UTC,282,1219,412410321,1.1390277777777778
2015-11-14 00:00:00 UTC,282,1220,412410321,9.7411111111111133
2015-11-14 00:00:00 UTC,282,1222,412415697,8.6023611111111116
2015-11-14 00:00:00 UTC,282,1221,412415697,0.20944444444444443
2015-11-14 00:00:00 UTC,282,1222,412436435,3.4720833333333339
2015-11-14 00:00:00 UTC,282,1219,412410323,3.2233333333333336
2015-11-14 00:00:00 UTC,282,1220,412410323,2.4269444444444441
2015-11-14 00:00:00 UTC,282,1220,412413907,4.3740277777777781
2015-11-14 00:00:00 UTC,282,1216,412419284,0.2525
2015-11-14 00:00:00 UTC,282,1215,412419284,0.6595833333333333
2015-11-14 00:00:00 UTC,282,1220,412410324,2.6883333333333335
2015-11-14 00:00:00 UTC,282,1219,412410324,3.0538888888888889
2015-11-14 00:00:00 UTC,282,1219,412410836,1.9851388888888888
2015-11-14 00:00:00 UTC,282,1220,412410836,2.785277777777778
2015-11-14 00:00:00 UTC,282,1220,412413908,4.7166666666666677
2015-11-14 00:00:00 UTC,282,1219,412410837,1.8175000000000001
2015-11-14 00:00:00 UTC,282,1220,412410837,2.859861111111111
2015-11-14 00:00:00 UTC,282,1221,412418262,2.0775
2015-11-14 00:00:00 UTC,282,1222,412418262,6.095
2015-11-14 00:00:00 UTC,282,1223,412418262,4.0133333333333336
2015-11-14 00:00:00 UTC,282,1220,412411606,1.0829166666666667
2015-11-14 00:00:00 UTC,282,1219,412419799,11.551388888888889
2015-11-14 00:00:00 UTC,282,1219,413841111,0.59152777777777787
2015-11-14 00:00:00 UTC,282,1219,412417751,1.4080555555555558
2015-11-14 00:00:00 UTC,282,1220,412417751,1.121388888888889
2015-11-14 00:00:00 UTC,282,1219,412412376,0.6183333333333334
2015-11-14 00:00:00 UTC,282,1221,412412376,2.0826388888888889
2015-11-14 00:00:00 UTC,282,1219,412410329,0.53541666666666665
2015-11-14 00:00:00 UTC,282,1220,412410329,14.930138888888887
2015-11-14 00:00:00 UTC,282,1218,412418779,0.79055555555555557
2015-11-14 00:00:00 UTC,282,1220,412410075,1.4743055555555555
2015-11-14 00:00:00 UTC,282,1219,412410075,3.4461111111111111
2015-11-14 00:00:00 UTC,282,1220,412410331,13.754583333333336
2015-11-14 00:00:00 UTC,282,1219,412410331,0.83652777777777776
2015-11-14 00:00:00 UTC,282,1220,412411611,1.9645833333333336
2015-11-14 00:00:00 UTC,282,1220,412410076,1.4875
2015-11-14 00:00:00 UTC,282,1219,412410076,3.6965277777777774
2015-11-14 00:00:00 UTC,282,1220,412410332,13.735694444444444
2015-11-14 00:00:00 UTC,282,1219,412410332,1.4070833333333335
2015-11-14 00:00:00 UTC,282,1218,412410332,0.77625000000000011
2015-11-14 00:00:00 UTC,282,1220,400523741,4.331666666666667
2015-11-14 00:00:00 UTC,282,1220,412410333,11.744444444444444
2015-11-14 00:00:00 UTC,282,1219,412410334,0.70125
2015-11-14 00:00:00 UTC,282,1220,412410334,2.6038888888888891
2015-11-14 00:00:00 UTC,282,1220,412412382,6.55847222222222
2015-11-14 00:00:00 UTC,282,1219,412413918,0.57111111111111112
2015-11-14 00:00:00 UTC,282,1220,412413918,8.1118055555555575
2015-11-14 00:00:00 UTC,282,1219,412410335,0.57111111111111112
2015-11-14 00:00:00 UTC,282,1220,412410335,15.456944444444444
2015-11-14 00:00:00 UTC,282,1219,412413919,0.26986111111111111
2015-11-14 00:00:00 UTC,282,1220,412413919,7.3809722222222218
2015-11-14 00:00:00 UTC,282,1223,412419552,12.12083333333333
2015-11-14 00:00:00 UTC,282,1221,412412384,11.839166666666669
2015-11-14 00:00:00 UTC,282,1218,200010976,2.5122222222222219
2015-11-14 00:00:00 UTC,282,1218,412436963,10.819722222222223
2015-11-14 00:00:00 UTC,282,1223,412418532,4.9961111111111114
2015-11-14 00:00:00 UTC,282,1221,412418532,0.62027777777777771
2015-11-14 00:00:00 UTC,282,1222,412418532,4.7054166666666672
2015-11-14 00:00:00 UTC,282,1220,412412388,9.2948611111111141
2015-11-14 00:00:00 UTC,282,1223,412414692,6.3502777777777784
2015-11-14 00:00:00 UTC,282,1220,412410341,10.517222222222225
2015-11-14 00:00:00 UTC,282,1220,412412389,9.29277777777778
2015-11-14 00:00:00 UTC,282,1223,412418021,15.899583333333329
2015-11-14 00:00:00 UTC,282,1221,412450278,2.4511111111111115
2015-11-14 00:00:00 UTC,282,1220,412450278,5.9825
2015-11-14 00:00:00 UTC,282,1220,412410342,14.746805555555552
2015-11-14 00:00:00 UTC,282,1218,412411878,6.7527777777777764
2015-11-14 00:00:00 UTC,282,1221,412412646,0.93763888888888891
2015-11-14 00:00:00 UTC,282,1220,412412646,0.67277777777777781
2015-11-14 00:00:00 UTC,282,1221,412441575,6.3663888888888893
2015-11-14 00:00:00 UTC,282,1220,412410343,10.825833333333334
2015-11-14 00:00:00 UTC,282,1219,412410343,0.87805555555555559
2015-11-14 00:00:00 UTC,282,1220,412412391,11.722638888888889
2015-11-14 00:00:00 UTC,282,1221,412412647,0.878611111111111
2015-11-14 00:00:00 UTC,282,1220,412412647,0.87
2015-11-14 00:00:00 UTC,282,1220,412410344,15.497499999999997
2015-11-14 00:00:00 UTC,282,1219,412410344,0.8537499999999999
2015-11-14 00:00:00 UTC,282,1220,412412392,7.0997222222222236
2015-11-14 00:00:00 UTC,282,1219,412410345,3.5822222222222222
2015-11-14 00:00:00 UTC,282,1220,412410345,2.3590277777777775
2015-11-14 00:00:00 UTC,282,1225,412410857,4.0693055555555553
2015-11-14 00:00:00 UTC,282,1220,412412393,9.8543055555555554
2015-11-14 00:00:00 UTC,282,1221,412413673,0.30027777777777775
2015-11-14 00:00:00 UTC,282,1220,412413673,11.9125
2015-11-14 00:00:00 UTC,282,1219,412410346,2.5915277777777779
2015-11-14 00:00:00 UTC,282,1220,412410346,2.6530555555555559
2015-11-14 00:00:00 UTC,282,1219,412416234,2.0851388888888889
2015-11-14 00:00:00 UTC,282,1220,412412139,14.829583333333337
2015-11-14 00:00:00 UTC,282,1219,412412139,1.6184722222222223
2015-11-14 00:00:00 UTC,282,1218,412416747,3.7194444444444437
2015-11-14 00:00:00 UTC,282,1220,412410348,0.54083333333333339
2015-11-14 00:00:00 UTC,282,1219,412410348,1.9036111111111109
2015-11-14 00:00:00 UTC,282,1219,412432109,3.5980555555555558
2015-11-14 00:00:00 UTC,282,1220,412432109,1.2072222222222222
2015-11-14 00:00:00 UTC,282,1219,412410349,3.9455555555555555
2015-11-14 00:00:00 UTC,282,1220,412410349,0.8076388888888888
2015-11-14 00:00:00 UTC,282,1220,412412653,2.7558333333333334
2015-11-14 00:00:00 UTC,282,1221,412412653,0.28569444444444447
2015-11-14 00:00:00 UTC,282,1222,412417262,2.2190277777777778
2015-11-14 00:00:00 UTC,282,1223,412417262,8.7156944444444431
2015-11-14 00:00:00 UTC,282,1219,412410351,1.8283333333333331
2015-11-14 00:00:00 UTC,282,1220,412410351,2.0115277777777782
2015-11-14 00:00:00 UTC,282,1221,412412143,1.2333333333333334
2015-11-14 00:00:00 UTC,282,1220,412412143,6.8656944444444443
2015-11-14 00:00:00 UTC,282,1222,412436208,2.4165277777777776
2015-11-14 00:00:00 UTC,282,1220,412410352,1.725972222222222
2015-11-14 00:00:00 UTC,282,1219,412410352,1.9670833333333333
2015-11-14 00:00:00 UTC,282,1221,412412144,1.5393055555555555
2015-11-14 00:00:00 UTC,282,1220,412412144,6.5561111111111128
2015-11-14 00:00:00 UTC,282,1220,412412402,10.089722222222225
2015-11-14 00:00:00 UTC,282,1225,412418291,3.4688888888888894
2015-11-14 00:00:00 UTC,282,1225,412438259,1.9333333333333333
2015-11-14 00:00:00 UTC,282,1221,412411891,1.6020833333333333
2015-11-14 00:00:00 UTC,282,1220,412411891,6.75
2015-11-14 00:00:00 UTC,282,1219,412410356,0.62083333333333335
2015-11-14 00:00:00 UTC,282,1220,412412404,6.3625
2015-11-14 00:00:00 UTC,282,1223,412419317,5.4777777777777779
2015-11-14 00:00:00 UTC,282,1224,412419317,2.46875
2015-11-14 00:00:00 UTC,282,1220,412410357,16.321666666666665
2015-11-14 00:00:00 UTC,282,1220,412412405,6.8730555555555553
2015-11-14 00:00:00 UTC,282,1223,412417781,4.8338888888888887
2015-11-14 00:00:00 UTC,282,1223,412417782,8.3048611111111121
2015-11-14 00:00:00 UTC,282,1223,412419063,7.4170833333333333
2015-11-14 00:00:00 UTC,282,1222,412412407,8.2483333333333348
2015-11-14 00:00:00 UTC,282,1220,412417783,4.3675
2015-11-14 00:00:00 UTC,282,1219,412412408,0.53666666666666663
2015-11-14 00:00:00 UTC,282,1223,412446969,2.0566666666666666
2015-11-14 00:00:00 UTC,282,1219,412410361,10.835555555555556
2015-11-14 00:00:00 UTC,282,1220,412410361,2.9326388888888886
2015-11-14 00:00:00 UTC,282,1220,412412153,2.0844444444444443
2015-11-14 00:00:00 UTC,282,1219,412412153,1.348611111111111
2015-11-14 00:00:00 UTC,282,1222,412435706,2.5884722222222223
2015-11-14 00:00:00 UTC,282,1222,412417018,8.7469444444444449
2015-11-14 00:00:00 UTC,282,1221,412417018,1.3184722222222223
2015-11-14 00:00:00 UTC,282,1222,412435707,2.4248611111111109
2015-11-14 00:00:00 UTC,282,1220,412419068,2.9099999999999997
2015-11-14 00:00:00 UTC,282,1221,412419068,0.87083333333333335
2015-11-14 00:00:00 UTC,282,1221,421408508,1.1055555555555556
2015-11-14 00:00:00 UTC,282,1222,421408508,7.7358333333333338
2015-11-14 00:00:00 UTC,282,1220,412410364,14.881388888888891
2015-11-14 00:00:00 UTC,282,1219,412410364,2.0920833333333331
2015-11-14 00:00:00 UTC,282,1224,412410109,0.45805555555555555
2015-11-14 00:00:00 UTC,282,1223,412410109,1.6855555555555555
2015-11-14 00:00:00 UTC,282,1219,412410365,1.7654166666666669
2015-11-14 00:00:00 UTC,282,1220,412410365,15.048611111111111
2015-11-14 00:00:00 UTC,282,1225,412416765,4.4901388888888887
2015-11-14 00:00:00 UTC,282,1224,412416765,4.2091666666666665
2015-11-14 00:00:00 UTC,282,1223,412416765,3.7161111111111111
2015-11-14 00:00:00 UTC,282,1223,412416766,1.4079166666666667
2015-11-14 00:00:00 UTC,538,-47,235061018,1.5408333333333333
2015-11-14 00:00:00 UTC,538,-46,235061018,5.7131944444444445
2015-11-14 00:00:00 UTC,538,-45,235061018,2.3458333333333332
2015-11-14 00:00:00 UTC,538,-106,250137450,0.26013888888888892
2015-11-14 00:00:00 UTC,538,-107,250137450,1.2836111111111113
2015-11-14 00:00:00 UTC,538,-44,235014511,2.5936111111111115
2015-11-14 00:00:00 UTC,538,-43,235014511,3.0741666666666667
2015-11-14 00:00:00 UTC,538,-59,250000283,10.320000000000002
2015-11-14 00:00:00 UTC,538,-58,250000283,0.785
2015-11-14 00:00:00 UTC,538,-45,235004920,0.78513888888888883
2015-11-14 00:00:00 UTC,538,-46,235004920,0.25180555555555556
2015-11-14 00:00:00 UTC,-230,-1186,576638000,2.7705555555555552
2015-11-14 00:00:00 UTC,-230,1025,225374000,2.0979166666666669
2015-11-14 00:00:00 UTC,-230,1028,225374000,0.52208333333333334
2015-11-14 00:00:00 UTC,-230,1026,225374000,1.0540277777777778
2015-11-14 00:00:00 UTC,-230,1027,225374000,1.0640277777777778
2015-11-14 00:00:00 UTC,-230,995,224371000,1.0472222222222223
2015-11-14 00:00:00 UTC,-230,994,224371000,3.0486111111111112
2015-11-14 00:00:00 UTC,-230,1514,503002460,3.1658333333333335
2015-11-14 00:00:00 UTC,-230,-431,710035600,0.18402777777777776
2015-11-14 00:00:00 UTC,-230,-432,710035600,1.870138888888889
2015-11-14 00:00:00 UTC,-230,486,416003484,3.9441666666666664
2015-11-14 00:00:00 UTC,-230,484,416003484,5.9761111111111109
2015-11-14 00:00:00 UTC,-230,485,416003484,4.4983333333333331
2015-11-14 00:00:00 UTC,-230,496,416002732,6.4440277777777784
2015-11-14 00:00:00 UTC,27,-1147,730016000,0.88874999999999993
2015-11-14 00:00:00 UTC,27,1496,416171600,3.2848611111111112
2015-11-14 00:00:00 UTC,27,1516,431501170,3.5994444444444449
2015-11-14 00:00:00 UTC,27,-1670,416004501,3.4734722222222221
2015-11-14 00:00:00 UTC,27,1636,510051000,1.5731944444444443
2015-11-14 00:00:00 UTC,27,1638,510051000,3.9140277777777777
2015-11-14 00:00:00 UTC,27,1534,431501259,3.3288888888888888
2015-11-14 00:00:00 UTC,27,1037,533191118,1.660277777777778
2015-11-14 00:00:00 UTC,27,1038,533191118,4.4826388888888893
2015-11-14 00:00:00 UTC,27,-1661,416004566,2.6627777777777779
2015-11-14 00:00:00 UTC,27,-1672,416197600,5.9020833333333336
2015-11-14 00:00:00 UTC,27,-1666,416197600,5.25375
2015-11-14 00:00:00 UTC,27,-1671,416197600,5.2815277777777787
2015-11-14 00:00:00 UTC,27,-1670,416197600,4.7191666666666663
2015-11-14 00:00:00 UTC,27,1532,431680480,1.3295833333333333
2015-11-14 00:00:00 UTC,283,1221,412442368,3.5961111111111115
2015-11-14 00:00:00 UTC,283,1220,412442368,3.9054166666666661
2015-11-14 00:00:00 UTC,283,1220,412410368,4.3673611111111112
2015-11-14 00:00:00 UTC,283,1221,412412417,3.5191666666666666
2015-11-14 00:00:00 UTC,283,1220,412412417,1.7584722222222227
2015-11-14 00:00:00 UTC,283,1223,412417793,12.907916666666667
2015-11-14 00:00:00 UTC,283,1221,412412418,3.1616666666666671
2015-11-14 00:00:00 UTC,283,1220,412412418,1.6926388888888888
2015-11-14 00:00:00 UTC,283,1220,412412674,4.4823611111111115
2015-11-14 00:00:00 UTC,283,1221,412412674,7.00472222222222
2015-11-14 00:00:00 UTC,283,1223,412478978,5.5675000000000008
2015-11-14 00:00:00 UTC,283,1227,412435972,0.29138888888888886
2015-11-14 00:00:00 UTC,283,1223,412418309,7.7729166666666663
2015-11-14 00:00:00 UTC,283,1220,412410373,3.372638888888889
2015-11-14 00:00:00 UTC,283,1221,412410373,0.58430555555555563
2015-11-14 00:00:00 UTC,283,1220,412412166,3.8741666666666665
2015-11-14 00:00:00 UTC,283,1221,412412166,2.1343055555555557
2015-11-14 00:00:00 UTC,283,1222,412412166,0.58041666666666658
2015-11-14 00:00:00 UTC,283,1223,412417542,9.2991666666666681
2015-11-14 00:00:00 UTC,283,1221,412412423,0.93666666666666676
2015-11-14 00:00:00 UTC,283,1220,412412423,4.1612500000000008
2015-11-14 00:00:00 UTC,283,1224,412417543,5.6734722222222222
2015-11-14 00:00:00 UTC,283,1223,412417543,10.361527777777779
2015-11-14 00:00:00 UTC,283,1221,412419592,1.8618055555555557
2015-11-14 00:00:00 UTC,283,1224,412417032,5.8913888888888888
2015-11-14 00:00:00 UTC,283,1223,412417032,11.386666666666665
2015-11-14 00:00:00 UTC,283,1221,412412169,10.376249999999995
2015-11-14 00:00:00 UTC,283,1224,412438026,1.3023611111111113
2015-11-14 00:00:00 UTC,283,1220,412410378,8.5606944444444437
2015-11-14 00:00:00 UTC,283,1222,412441355,1.7755555555555553
2015-11-14 00:00:00 UTC,283,1221,412441355,8.8802777777777759
2015-11-14 00:00:00 UTC,283,1221,412412171,13.697916666666664
2015-11-14 00:00:00 UTC,283,1220,412412172,3.1623611111111116
2015-11-14 00:00:00 UTC,283,1221,412412172,8.7566666666666659
2015-11-14 00:00:00 UTC,283,1220,412412428,1.3418055555555557
2015-11-14 00:00:00 UTC,283,1221,412412428,8.9940277777777791
2015-11-14 00:00:00 UTC,283,1223,412419085,3.02
2015-11-14 00:00:00 UTC,283,1224,412419085,8.83611111111111
2015-11-14 00:00:00 UTC,283,1220,412412173,3.6919444444444447
2015-11-14 00:00:00 UTC,283,1221,412412173,4.7720833333333337
2015-11-14 00:00:00 UTC,283,1220,412412429,0.67236111111111108
2015-11-14 00:00:00 UTC,283,1221,412412429,9.15763888888889
2015-11-14 00:00:00 UTC,283,1221,412412685,0.71319444444444446
2015-11-14 00:00:00 UTC,283,1220,412412685,0.37680555555555556
2015-11-14 00:00:00 UTC,283,1220,412417038,0.29555555555555557
2015-11-14 00:00:00 UTC,283,1219,412417038,7.1933333333333342
2015-11-14 00:00:00 UTC,283,1222,412416783,1.5568055555555556
2015-11-14 00:00:00 UTC,283,1223,412410128,7.2730555555555556
2015-11-14 00:00:00 UTC,283,1222,412410128,0.48777777777777775
2015-11-14 00:00:00 UTC,283,1224,412410128,0.34138888888888885
2015-11-14 00:00:00 UTC,283,1221,412410128,0.66
2015-11-14 00:00:00 UTC,283,1223,412435985,2.6295833333333327
2015-11-14 00:00:00 UTC,283,1223,412416273,5.4163888888888891
2015-11-14 00:00:00 UTC,283,1224,412416273,9.941111111111109
2015-11-14 00:00:00 UTC,283,1223,412418578,13.488055555555556
2015-11-14 00:00:00 UTC,283,1223,412436754,2.1202777777777779
2015-11-14 00:00:00 UTC,283,1221,412441618,8.1826388888888886
2015-11-14 00:00:00 UTC,283,1222,412441618,2.0987500000000003
2015-11-14 00:00:00 UTC,283,1222,523145236,1.6683333333333334
2015-11-14 00:00:00 UTC,283,1223,523145236,0.52013888888888893
2015-11-14 00:00:00 UTC,283,1217,412410388,1.6202777777777775
2015-11-14 00:00:00 UTC,283,1223,412435477,2.4794444444444443
2015-11-14 00:00:00 UTC,283,1219,412410389,1.2948611111111112
2015-11-14 00:00:00 UTC,283,1220,412410389,0.29569444444444448
2015-11-14 00:00:00 UTC,283,1221,412412437,10.182777777777778
2015-11-14 00:00:00 UTC,283,1222,412412437,0.8470833333333333
2015-11-14 00:00:00 UTC,283,1221,412412693,2.3636111111111111
2015-11-14 00:00:00 UTC,283,1220,412412693,1.2479166666666668
2015-11-14 00:00:00 UTC,283,1223,200012309,19.321527777777778
2015-11-14 00:00:00 UTC,283,1224,200012309,0.28333333333333333
2015-11-14 00:00:00 UTC,283,1223,412417813,3.7788888888888894
2015-11-14 00:00:00 UTC,283,1224,412417813,2.7040277777777777
2015-11-14 00:00:00 UTC,283,1225,412417813,2.67875
2015-11-14 00:00:00 UTC,283,1223,412419094,4.5593055555555546
2015-11-14 00:00:00 UTC,283,1222,412412438,1.1986111111111111
2015-11-14 00:00:00 UTC,283,1221,412412438,9.5726388888888874
2015-11-14 00:00:00 UTC,283,1223,412418327,1.0973611111111112
2015-11-14 00:00:00 UTC,283,1224,412418327,1.0911111111111111
2015-11-14 00:00:00 UTC,283,1223,412435735,0.94986111111111127
2015-11-14 00:00:00 UTC,283,1224,412435735,2.298055555555556
2015-11-14 00:00:00 UTC,283,1220,412410391,0.3001388888888889
2015-11-14 00:00:00 UTC,283,1219,412410391,1.4094444444444443
2015-11-14 00:00:00 UTC,283,1221,412412439,11.756250000000005
2015-11-14 00:00:00 UTC,283,1221,412413719,3.3829166666666666
2015-11-14 00:00:00 UTC,283,1220,412413719,4.5637500000000006
2015-11-14 00:00:00 UTC,283,1222,412417559,5.2505555555555556
2015-11-14 00:00:00 UTC,283,1223,412417559,5.3661111111111106
2015-11-14 00:00:00 UTC,283,1221,412412184,5.9923611111111095
2015-11-14 00:00:00 UTC,283,1222,412412184,1.9291666666666667
2015-11-14 00:00:00 UTC,283,1221,412412441,12.919166666666662
2015-11-14 00:00:00 UTC,283,1223,412419611,4.7334722222222219
2015-11-14 00:00:00 UTC,283,1222,412419611,5.8040277777777787
2015-11-14 00:00:00 UTC,283,1221,412412443,2.036111111111111
2015-11-14 00:00:00 UTC,283,1220,412412443,4.6933333333333334
2015-11-14 00:00:00 UTC,283,1221,412412699,1.587777777777778
2015-11-14 00:00:00 UTC,283,1220,412412699,0.35666666666666669
2015-11-14 00:00:00 UTC,283,1220,412412445,5.10888888888889
2015-11-14 00:00:00 UTC,283,1222,412412445,0.982361111111111
2015-11-14 00:00:00 UTC,283,1221,412412445,1.7611111111111111
2015-11-14 00:00:00 UTC,283,1224,412417053,2.8104166666666668
2015-11-14 00:00:00 UTC,283,1220,412413726,2.13125
2015-11-14 00:00:00 UTC,283,1221,412413471,0.29069444444444448
2015-11-14 00:00:00 UTC,283,1220,412413471,4.4711111111111119
2015-11-14 00:00:00 UTC,283,1224,412416543,2.5895833333333327
2015-11-14 00:00:00 UTC,283,1223,412416543,7.467083333333334
2015-11-14 00:00:00 UTC,283,1220,412412194,0.30027777777777775
2015-11-14 00:00:00 UTC,283,1221,412412194,11.018472222222224
2015-11-14 00:00:00 UTC,283,1220,412413474,4.61625
2015-11-14 00:00:00 UTC,283,1222,412435235,2.2455555555555553
2015-11-14 00:00:00 UTC,283,1223,412435235,1.3490277777777777
2015-11-14 00:00:00 UTC,283,1220,412412195,0.93805555555555564
2015-11-14 00:00:00 UTC,283,1221,412412195,10.263055555555558
2015-11-14 00:00:00 UTC,283,1223,412418084,3.8827777777777777
2015-11-14 00:00:00 UTC,283,1224,412418084,5.30111111111111
2015-11-14 00:00:00 UTC,283,1220,413698852,3.2402777777777776
2015-11-14 00:00:00 UTC,283,1219,412410404,1.6300000000000001
2015-11-14 00:00:00 UTC,283,1223,412418341,5.9205555555555556
2015-11-14 00:00:00 UTC,283,1222,412418341,0.98736111111111113
2015-11-14 00:00:00 UTC,283,1219,412410405,1.7041666666666666
2015-11-14 00:00:00 UTC,283,1219,412410406,1.1048611111111111
2015-11-14 00:00:00 UTC,283,1220,412410406,0.87916666666666665
2015-11-14 00:00:00 UTC,283,1217,412418855,1.1969444444444444
2015-11-14 00:00:00 UTC,283,1221,200004391,5.0565277777777773
2015-11-14 00:00:00 UTC,283,1220,412410407,1.10875
2015-11-14 00:00:00 UTC,283,1219,412410407,0.81944444444444453
2015-11-14 00:00:00 UTC,283,1220,412412967,4.4226388888888888
2015-11-14 00:00:00 UTC,283,1221,412412967,7.6855555555555579
2015-11-14 00:00:00 UTC,283,1220,412412968,4.8945833333333333
2015-11-14 00:00:00 UTC,283,1221,412412968,3.8094444444444449
2015-11-14 00:00:00 UTC,283,1220,413588521,0.58902777777777782
2015-11-14 00:00:00 UTC,283,1221,412412457,4.7122222222222216
2015-11-14 00:00:00 UTC,283,1225,412418603,4.6376388888888886
2015-11-14 00:00:00 UTC,283,1220,412412459,5.9493055555555552
2015-11-14 00:00:00 UTC,283,1221,412412459,1.4631944444444447
2015-11-14 00:00:00 UTC,283,1223,412418093,1.8908333333333336
2015-11-14 00:00:00 UTC,283,1224,412416301,6.080277777777777
2015-11-14 00:00:00 UTC,283,1219,412419118,2.4054166666666665
2015-11-14 00:00:00 UTC,283,1220,200010286,2.5047222222222221
2015-11-14 00:00:00 UTC,283,1221,200010286,1.25
2015-11-14 00:00:00 UTC,283,1224,412416302,5.7115277777777775
2015-11-14 00:00:00 UTC,283,1223,412417072,11.876250000000002
2015-11-14 00:00:00 UTC,283,1222,412417073,0.43930555555555556
2015-11-14 00:00:00 UTC,283,1223,412419634,11.495833333333334
2015-11-14 00:00:00 UTC,283,1222,413565234,6.1324999999999994
2015-11-14 00:00:00 UTC,283,1223,413565234,4.322916666666667
2015-11-14 00:00:00 UTC,283,1223,412410163,7.967083333333334
2015-11-14 00:00:00 UTC,283,1220,412840245,1.8086111111111109
2015-11-14 00:00:00 UTC,283,1221,412840245,1.4084722222222223
2015-11-14 00:00:00 UTC,283,1223,412416053,8.8283333333333331
2015-11-14 00:00:00 UTC,283,1224,412416053,5.0661111111111117
2015-11-14 00:00:00 UTC,283,1223,412417592,3.4380555555555552
2015-11-14 00:00:00 UTC,283,1224,412417592,10.325000000000001
2015-11-14 00:00:00 UTC,283,1218,412418107,15.483194444444445
2015-11-14 00:00:00 UTC,283,1223,412418875,9.14375
2015-11-14 00:00:00 UTC,283,1225,412435516,0.31291666666666668
2015-11-14 00:00:00 UTC,283,1220,412412476,6.2902777777777779
2015-11-14 00:00:00 UTC,283,1221,412412476,1.5375
2015-11-14 00:00:00 UTC,283,1222,412413756,0.89916666666666667
2015-11-14 00:00:00 UTC,283,1220,412413756,4.4912500000000009
2015-11-14 00:00:00 UTC,283,1221,412413756,0.7236111111111112
2015-11-14 00:00:00 UTC,283,1222,412416062,1.2119444444444443
2015-11-14 00:00:00 UTC,283,1223,412416062,0.53819444444444453
2015-11-14 00:00:00 UTC,283,1224,412416062,1.388611111111111
2015-11-14 00:00:00 UTC,283,1224,412416574,11.570277777777779
2015-11-14 00:00:00 UTC,283,1223,412416574,2.96375
2015-11-14 00:00:00 UTC,283,1221,412449343,0.59152777777777776
2015-11-14 00:00:00 UTC,283,1220,412449343,0.31611111111111112
2015-11-14 00:00:00 UTC,283,1223,412416063,5.9930555555555554
2015-11-14 00:00:00 UTC,283,1224,412416063,3.5529166666666665
2015-11-14 00:00:00 UTC,283,1223,412417855,2.0902777777777777
2015-11-14 00:00:00 UTC,283,1220,412430402,5.6190277777777773
2015-11-14 00:00:00 UTC,283,1221,412430402,0.5656944444444445
2015-11-14 00:00:00 UTC,283,1224,412416322,0.27958333333333329
2015-11-14 00:00:00 UTC,283,1223,412419651,4.3013888888888889
2015-11-14 00:00:00 UTC,283,1222,412413507,0.30319444444444443
2015-11-14 00:00:00 UTC,283,1221,412413507,1.0226388888888889
2015-11-14 00:00:00 UTC,283,1220,412413507,1.4315277777777777
2015-11-14 00:00:00 UTC,283,1220,412412229,2.7829166666666674
2015-11-14 00:00:00 UTC,283,1221,412412229,3.8194444444444446
2015-11-14 00:00:00 UTC,283,1221,412412485,4.720416666666666
2015-11-14 00:00:00 UTC,283,1222,412419654,3.2361111111111112
2015-11-14 00:00:00 UTC,283,1223,412419654,4.4148611111111107
2015-11-14 00:00:00 UTC,283,1221,412412486,4.8902777777777766
2015-11-14 00:00:00 UTC,283,1222,412416838,3.1659722222222224
2015-11-14 00:00:00 UTC,283,1221,412416838,2.402916666666667
2015-11-14 00:00:00 UTC,283,1223,412416838,2.2697222222222222
2015-11-14 00:00:00 UTC,283,1220,412412231,3.1181944444444443
2015-11-14 00:00:00 UTC,283,1221,412412231,4.455
2015-11-14 00:00:00 UTC,283,1222,412418377,3.2983333333333338
2015-11-14 00:00:00 UTC,283,1223,412418377,1.4780555555555555
2015-11-14 00:00:00 UTC,283,1221,412418377,0.43402777777777779
2015-11-14 00:00:00 UTC,283,1220,412411721,0.83902777777777771
2015-11-14 00:00:00 UTC,283,1221,412411721,1.3601388888888888
2015-11-14 00:00:00 UTC,283,1223,412418378,4.0005555555555548
2015-11-14 00:00:00 UTC,283,1222,412418378,3.1202777777777779
2015-11-14 00:00:00 UTC,283,1221,412412234,3.5475000000000003
2015-11-14 00:00:00 UTC,283,1220,412412234,3.0587500000000003
2015-11-14 00:00:00 UTC,283,1220,412412235,3.1176388888888891
2015-11-14 00:00:00 UTC,283,1221,412412235,4.0223611111111115
2015-11-14 00:00:00 UTC,283,1221,410391116,6.9520833333333325
2015-11-14 00:00:00 UTC,283,1220,410391116,3.3019444444444446
2015-11-14 00:00:00 UTC,283,1224,412417356,2.084027777777778
2015-11-14 00:00:00 UTC,283,1223,412417356,9.8675
2015-11-14 00:00:00 UTC,283,1223,412418381,2.8475
2015-11-14 00:00:00 UTC,283,1222,412418381,3.3798611111111114
2015-11-14 00:00:00 UTC,283,1223,412416589,3.9544444444444449
2015-11-14 00:00:00 UTC,283,1224,412416589,9.1775
2015-11-14 00:00:00 UTC,283,1220,422054222,0.28638888888888892
2015-11-14 00:00:00 UTC,283,1219,422054222,1.4177777777777778
2015-11-14 00:00:00 UTC,283,1221,600065103,6.207361111111112
2015-11-14 00:00:00 UTC,283,1224,412416847,11.980138888888888
2015-11-14 00:00:00 UTC,283,1223,412418128,8.2516666666666669
2015-11-14 00:00:00 UTC,283,1221,412412496,6.5347222222222241
2015-11-14 00:00:00 UTC,283,1221,412412497,2.3284722222222225
2015-11-14 00:00:00 UTC,283,1225,412419411,3.4034722222222227
2015-11-14 00:00:00 UTC,283,1221,412413779,0.62208333333333332
2015-11-14 00:00:00 UTC,283,1220,412413779,4.3459722222222217
2015-11-14 00:00:00 UTC,283,1222,412413779,0.67194444444444446
2015-11-14 00:00:00 UTC,283,1224,412419412,3.1190277777777773
2015-11-14 00:00:00 UTC,283,1223,412419412,5.0905555555555564
2015-11-14 00:00:00 UTC,283,1220,412412756,4.8420833333333322
2015-11-14 00:00:00 UTC,283,1221,412412756,9.9301388888888891
2015-11-14 00:00:00 UTC,283,1223,412435797,2.476666666666667
2015-11-14 00:00:00 UTC,283,1221,412412501,2.6981944444444443
2015-11-14 00:00:00 UTC,283,1220,412412501,4.9180555555555552
2015-11-14 00:00:00 UTC,283,1220,412412502,4.8079166666666673
2015-11-14 00:00:00 UTC,283,1221,412412502,2.7247222222222223
2015-11-14 00:00:00 UTC,283,1220,412410713,2.132916666666667
2015-11-14 00:00:00 UTC,283,1223,412413786,1.9352777777777774
2015-11-14 00:00:00 UTC,283,1224,412413786,2.8654166666666665
2015-11-14 00:00:00 UTC,283,1224,412416603,3.4673611111111113
2015-11-14 00:00:00 UTC,283,1223,412416603,10.057916666666666
2015-11-14 00:00:00 UTC,283,1220,412410716,3.6669444444444443
2015-11-14 00:00:00 UTC,283,1223,412419677,5.1211111111111114
2015-11-14 00:00:00 UTC,283,1222,412419677,3.53875
2015-11-14 00:00:00 UTC,283,1219,412410205,0.26083333333333336
2015-11-14 00:00:00 UTC,283,1220,412410205,1.1105555555555555
2015-11-14 00:00:00 UTC,283,1220,412410717,3.2361111111111107
2015-11-14 00:00:00 UTC,283,1220,413081182,0.87694444444444442
2015-11-14 00:00:00 UTC,283,1221,413081182,0.56722222222222218
2015-11-14 00:00:00 UTC,283,1220,412412001,6.7183333333333319
2015-11-14 00:00:00 UTC,283,1218,200414818,11.735555555555557
2015-11-14 00:00:00 UTC,283,1217,200414818,3.26
2015-11-14 00:00:00 UTC,283,1223,412418659,4.2138888888888886
2015-11-14 00:00:00 UTC,283,1224,412418659,12.16861111111111
2015-11-14 00:00:00 UTC,283,1224,412416099,3.5776388888888886
2015-11-14 00:00:00 UTC,283,1222,412416099,3.3041666666666667
2015-11-14 00:00:00 UTC,283,1223,412416099,4.2222222222222214
2015-11-14 00:00:00 UTC,283,1221,412412516,2.3380555555555551
2015-11-14 00:00:00 UTC,283,1220,412412516,1.5134722222222223
2015-11-14 00:00:00 UTC,283,1223,412435045,2.34375
2015-11-14 00:00:00 UTC,283,1221,412412517,1.9616666666666667
2015-11-14 00:00:00 UTC,283,1220,412412517,2.1730555555555555
2015-11-14 00:00:00 UTC,283,1224,412416869,10.542083333333332
2015-11-14 00:00:00 UTC,283,1223,412416869,2.4794444444444448
2015-11-14 00:00:00 UTC,283,1223,412436838,0.43194444444444446
2015-11-14 00:00:00 UTC,283,1221,412412518,4.6372222222222232
2015-11-14 00:00:00 UTC,283,1220,412412518,6.6979166666666661
2015-11-14 00:00:00 UTC,283,1222,413488999,0.88930555555555557
2015-11-14 00:00:00 UTC,283,1221,413488999,0.87666666666666671
2015-11-14 00:00:00 UTC,283,1220,413488999,3.0065277777777779
2015-11-14 00:00:00 UTC,283,1221,412412519,5.7659722222222225
2015-11-14 00:00:00 UTC,283,1220,412412519,5.712083333333335
2015-11-14 00:00:00 UTC,283,1223,412412264,0.59736111111111112
2015-11-14 00:00:00 UTC,283,1224,412412264,2.3915277777777777
2015-11-14 00:00:00 UTC,283,1226,412416362,4.5972222222222223
2015-11-14 00:00:00 UTC,283,1225,412416362,0.88791666666666669
2015-11-14 00:00:00 UTC,283,1223,412418923,4.4983333333333331
2015-11-14 00:00:00 UTC,283,1222,412418923,2.5469444444444442
2015-11-14 00:00:00 UTC,283,1220,412412523,4.2402777777777763
2015-11-14 00:00:00 UTC,283,1221,412412523,3.3579166666666671
2015-11-14 00:00:00 UTC,283,1220,412412524,4.5126388888888886
2015-11-14 00:00:00 UTC,283,1221,412412524,3.1291666666666673
2015-11-14 00:00:00 UTC,283,1223,412448621,4.0751388888888895
2015-11-14 00:00:00 UTC,283,1224,412448621,2.6069444444444443
2015-11-14 00:00:00 UTC,283,1220,412412525,4.0526388888888887
2015-11-14 00:00:00 UTC,283,1222,412416877,5.2884722222222225
2015-11-14 00:00:00 UTC,283,1223,412416877,5.5545833333333334
2015-11-14 00:00:00 UTC,283,1219,413000558,0.17680555555555555
2015-11-14 00:00:00 UTC,283,1220,413000558,1.0540277777777778
2015-11-14 00:00:00 UTC,283,1220,412412526,3.9762499999999994
2015-11-14 00:00:00 UTC,283,1219,412413295,2.7033333333333336
2015-11-14 00:00:00 UTC,283,1218,412413295,0.31458333333333333
2015-11-14 00:00:00 UTC,283,1221,412413554,4.04875
2015-11-14 00:00:00 UTC,283,1219,412417394,0.36569444444444443
2015-11-14 00:00:00 UTC,283,1224,412417394,16.590138888888887
2015-11-14 00:00:00 UTC,283,1220,412417908,6.3212499999999991
2015-11-14 00:00:00 UTC,283,1222,412448886,3.1902777777777778
2015-11-14 00:00:00 UTC,283,1223,412448886,16.66277777777778
2015-11-14 00:00:00 UTC,283,1220,412412534,1.0419444444444443
2015-11-14 00:00:00 UTC,283,1221,412412534,2.8313888888888892
2015-11-14 00:00:00 UTC,283,1223,412418423,2.4306944444444447
2015-11-14 00:00:00 UTC,283,1222,412418423,2.7997222222222224
2015-11-14 00:00:00 UTC,283,1220,412412535,1.1472222222222221
2015-11-14 00:00:00 UTC,283,1221,412412535,2.7409722222222226
2015-11-14 00:00:00 UTC,283,1221,412412536,0.16402777777777777
2015-11-14 00:00:00 UTC,283,1220,412412537,2.3670833333333334
2015-11-14 00:00:00 UTC,283,1221,412412537,1.2359722222222222
2015-11-14 00:00:00 UTC,283,1221,412413562,4.0324999999999989
2015-11-14 00:00:00 UTC,283,1220,412413562,0.32333333333333336
2015-11-14 00:00:00 UTC,283,1224,412419712,14.18986111111111
2015-11-14 00:00:00 UTC,283,1223,412419712,2.326111111111111
2015-11-14 00:00:00 UTC,283,1223,412435072,1.9343055555555555
2015-11-14 00:00:00 UTC,283,1222,412412288,1.4716666666666667
2015-11-14 00:00:00 UTC,283,1221,412412288,0.33916666666666667
2015-11-14 00:00:00 UTC,283,1220,412412288,0.43055555555555552
2015-11-14 00:00:00 UTC,283,1223,412417152,5.06
2015-11-14 00:00:00 UTC,283,1220,412418689,6.2108333333333334
2015-11-14 00:00:00 UTC,283,1224,412419713,5.49013888888889
2015-11-14 00:00:00 UTC,283,1223,412419713,1.7115277777777778
2015-11-14 00:00:00 UTC,283,1221,412411523,1.2640277777777778
2015-11-14 00:00:00 UTC,283,1222,412411523,0.28361111111111109
2015-11-14 00:00:00 UTC,283,1220,412411523,3.3097222222222218
2015-11-14 00:00:00 UTC,283,1220,412419716,6.619861111111109
2015-11-14 00:00:00 UTC,283,1221,250201482,0.26625
2015-11-14 00:00:00 UTC,283,1220,250201482,11.91888888888889
2015-11-14 00:00:00 UTC,283,1223,412416906,4.4125000000000005
2015-11-14 00:00:00 UTC,283,1224,412416906,1.3970833333333332
2015-11-14 00:00:00 UTC,283,1221,412413579,1.5054166666666666
2015-11-14 00:00:00 UTC,283,1220,412413579,2.3127777777777778
2015-11-14 00:00:00 UTC,283,1222,412413579,0.27347222222222223
2015-11-14 00:00:00 UTC,283,1223,412416395,2.0056944444444444
2015-11-14 00:00:00 UTC,283,1222,412416395,3.9340277777777786
2015-11-14 00:00:00 UTC,283,1223,412417422,0.65472222222222221
2015-11-14 00:00:00 UTC,283,1223,412437904,2.4211111111111112
2015-11-14 00:00:00 UTC,283,1224,412410000,6.3122222222222222
2015-11-14 00:00:00 UTC,283,1223,412410000,1.8669444444444445
2015-11-14 00:00:00 UTC,283,1222,412416914,4.69625
2015-11-14 00:00:00 UTC,283,1220,412410771,3.2376388888888892
2015-11-14 00:00:00 UTC,283,1221,412413587,2.9956944444444442
2015-11-14 00:00:00 UTC,283,1220,412413587,4.9784722222222229
2015-11-14 00:00:00 UTC,283,1223,412418708,13.813611111111111
2015-11-14 00:00:00 UTC,283,1223,412419478,12.419583333333332
2015-11-14 00:00:00 UTC,283,1224,412419478,1.4897222222222224
2015-11-14 00:00:00 UTC,283,1223,412134807,1.9537499999999999
2015-11-14 00:00:00 UTC,283,1222,412134807,4.5481944444444435
2015-11-14 00:00:00 UTC,283,1222,412415639,4.2719444444444434
2015-11-14 00:00:00 UTC,283,1223,412415639,2.4280555555555559
2015-11-14 00:00:00 UTC,283,1223,412415641,2.0518055555555557
2015-11-14 00:00:00 UTC,283,1222,412415641,4.4340277777777768
2015-11-14 00:00:00 UTC,283,1218,412449947,0.25888888888888889
2015-11-14 00:00:00 UTC,283,1220,412410012,1.7591666666666668
2015-11-14 00:00:00 UTC,283,1221,412412572,1.9858333333333333
2015-11-14 00:00:00 UTC,283,1222,412412572,0.86499999999999988
2015-11-14 00:00:00 UTC,283,1221,412411549,1.6497222222222221
2015-11-14 00:00:00 UTC,283,1220,413112222,4.48861111111111
2015-11-14 00:00:00 UTC,283,1218,412412319,2.9847222222222216
2015-11-14 00:00:00 UTC,283,1220,412417183,0.26444444444444448
2015-11-14 00:00:00 UTC,283,1219,412417183,8.5015277777777758
2015-11-14 00:00:00 UTC,283,1223,448870560,11.703472222222224
2015-11-14 00:00:00 UTC,283,1224,412418722,5.3243055555555552
2015-11-14 00:00:00 UTC,283,1223,412418722,7.5138888888888875
2015-11-14 00:00:00 UTC,283,1219,412418725,4.5393055555555559
2015-11-14 00:00:00 UTC,283,1221,412412325,4.1369444444444445
2015-11-14 00:00:00 UTC,283,1220,412412325,0.29402777777777778
2015-11-14 00:00:00 UTC,283,1222,412416933,2.9548611111111112
2015-11-14 00:00:00 UTC,283,1223,412417189,1.0997222222222223
2015-11-14 00:00:00 UTC,283,1220,412412326,0.28611111111111109
2015-11-14 00:00:00 UTC,283,1221,412412326,4.0836111111111117
2015-11-14 00:00:00 UTC,283,1218,412417958,18.340833333333329
2015-11-14 00:00:00 UTC,283,1220,412411562,0.31555555555555553
2015-11-14 00:00:00 UTC,283,1221,412412331,1.0925
2015-11-14 00:00:00 UTC,283,1220,412412331,7.4755555555555553
2015-11-14 00:00:00 UTC,283,1222,413008812,1.3047222222222223
2015-11-14 00:00:00 UTC,283,1222,200006060,5.0933333333333337
2015-11-14 00:00:00 UTC,283,1223,412416428,3.6252777777777769
2015-11-14 00:00:00 UTC,283,1222,412416428,3.2705555555555557
2015-11-14 00:00:00 UTC,283,1219,412412845,0.27125
2015-11-14 00:00:00 UTC,283,1222,412417197,3.0472222222222225
2015-11-14 00:00:00 UTC,283,1223,412417197,2.6440277777777781
2015-11-14 00:00:00 UTC,283,1219,412418736,2.8284722222222221
2015-11-14 00:00:00 UTC,283,1223,200005808,13.590416666666668
2015-11-14 00:00:00 UTC,283,1222,200005808,1.3497222222222223
2015-11-14 00:00:00 UTC,283,1220,412412339,2.0381944444444446
2015-11-14 00:00:00 UTC,283,1221,412412339,10.322916666666664
2015-11-14 00:00:00 UTC,283,1221,412412595,3.216527777777777
2015-11-14 00:00:00 UTC,283,1220,412412595,6.993611111111111
2015-11-14 00:00:00 UTC,283,1224,412418996,4.7245833333333334
2015-11-14 00:00:00 UTC,283,1220,412412596,6.9754166666666659
2015-11-14 00:00:00 UTC,283,1221,412412596,3.4897222222222224
2015-11-14 00:00:00 UTC,283,1220,412412341,2.2327777777777778
2015-11-14 00:00:00 UTC,283,1221,412412341,9.4059722222222213
2015-11-14 00:00:00 UTC,283,1219,412417461,6.32986111111111
2015-11-14 00:00:00 UTC,283,1224,412418999,2.7440277777777777
2015-11-14 00:00:00 UTC,283,1223,412418999,7.4604166666666663
2015-11-14 00:00:00 UTC,283,1221,412411831,2.8218055555555557
2015-11-14 00:00:00 UTC,283,1220,412411831,0.63874999999999993
2015-11-14 00:00:00 UTC,283,1223,412419256,13.338055555555554
2015-11-14 00:00:00 UTC,283,1224,412419256,1.0533333333333332
2015-11-14 00:00:00 UTC,283,1222,200004280,3.0293055555555557
2015-11-14 00:00:00 UTC,283,1223,200004280,0.98347222222222219
2015-11-14 00:00:00 UTC,283,1223,412419771,5.43
2015-11-14 00:00:00 UTC,283,1222,412419771,4.2801388888888887
2015-11-14 00:00:00 UTC,283,1220,412412604,2.3991666666666669
2015-11-14 00:00:00 UTC,283,1221,412412604,4.884722222222222
2015-11-14 00:00:00 UTC,283,1221,200010940,0.79944444444444451
2015-11-14 00:00:00 UTC,283,1220,412413628,2.1812500000000004
2015-11-14 00:00:00 UTC,283,1219,412416700,1.3965277777777776
2015-11-14 00:00:00 UTC,283,1220,412416700,0.5593055555555555
2015-11-14 00:00:00 UTC,283,1218,412412349,4.6040277777777776
2015-11-14 00:00:00 UTC,283,1217,412412349,0.26513888888888892
2015-11-14 00:00:00 UTC,283,1221,412412605,4.8248611111111108
2015-11-14 00:00:00 UTC,283,1220,412412605,1.3540277777777778
2015-11-14 00:00:00 UTC,283,1222,412430014,1.7998611111111114
2015-11-14 00:00:00 UTC,283,1221,412430014,1.2708333333333333
2015-11-14 00:00:00 UTC,283,1224,412406719,5.395138888888888
2015-11-14 00:00:00 UTC,283,1223,412406719,0.30847222222222226
2015-11-14 00:00:00 UTC,283,1224,412410047,0.45736111111111111
2015-11-14 00:00:00 UTC,283,1222,412410047,0.87388888888888883
2015-11-14 00:00:00 UTC,283,1223,412410047,7.8108333333333331
2015-11-14 00:00:00 UTC,283,1219,412410303,0.88236111111111115
2015-11-14 00:00:00 UTC,283,1220,412410303,1.4818055555555556
2015-11-14 00:00:00 UTC,283,1223,412411839,7.0919444444444437
2015-11-14 00:00:00 UTC,283,1224,412411839,7.3319444444444448
2015-11-14 00:00:00 UTC,283,1219,412412863,0.20166666666666666
2015-11-14 00:00:00 UTC,283,1220,412413887,3.7979166666666671
2015-11-14 00:00:00 UTC,283,1220,412410304,1.6654166666666668
2015-11-14 00:00:00 UTC,283,1219,412410304,0.8106944444444445
2015-11-14 00:00:00 UTC,283,1220,412413888,3.7461111111111114
2015-11-14 00:00:00 UTC,283,1222,412417216,4.799722222222222
2015-11-14 00:00:00 UTC,283,1223,412417216,7.0777777777777784
2015-11-14 00:00:00 UTC,283,1224,412417216,1.2174999999999998
2015-11-14 00:00:00 UTC,283,1221,413939393,1.8576388888888888
2015-11-14 00:00:00 UTC,283,1221,412412353,9.5606944444444437
2015-11-14 00:00:00 UTC,283,1221,412413633,0.29041666666666666
2015-11-14 00:00:00 UTC,283,1222,412413633,0.27819444444444441
2015-11-14 00:00:00 UTC,283,1220,412413633,3.0563888888888893
2015-11-14 00:00:00 UTC,283,1221,412412354,9.5480555555555551
2015-11-14 00:00:00 UTC,283,1221,412412611,4.56375
2015-11-14 00:00:00 UTC,283,1224,412423876,0.88791666666666669
2015-11-14 00:00:00 UTC,283,1221,412412612,4.3352777777777769
2015-11-14 00:00:00 UTC,283,1224,412417733,8.2191666666666663
2015-11-14 00:00:00 UTC,283,1223,412417733,2.8337499999999998
2015-11-14 00:00:00 UTC,283,1220,412411846,3.1019444444444444
2015-11-14 00:00:00 UTC,283,1221,412411846,1.4674999999999998
2015-11-14 00:00:00 UTC,283,1217,412410567,1.4041666666666666
2015-11-14 00:00:00 UTC,283,1223,412411848,15.918333333333335
2015-11-14 00:00:00 UTC,283,1224,412411848,1.8848611111111113
2015-11-14 00:00:00 UTC,283,1218,412411849,11.255972222222221
2015-11-14 00:00:00 UTC,283,1217,412411849,2.5213888888888887
2015-11-14 00:00:00 UTC,283,1222,412412617,1.8150000000000002
2015-11-14 00:00:00 UTC,283,1221,412412617,5.5163888888888888
2015-11-14 00:00:00 UTC,283,1223,412417225,1.9526388888888888
2015-11-14 00:00:00 UTC,283,1223,412417737,8.4504166666666656
2015-11-14 00:00:00 UTC,283,1221,412412618,6.0116666666666667
2015-11-14 00:00:00 UTC,283,1222,412412618,0.9875
2015-11-14 00:00:00 UTC,283,1222,412416714,0.58916666666666662
2015-11-14 00:00:00 UTC,283,1217,412410316,0.28125
2015-11-14 00:00:00 UTC,283,1221,412668877,7.9837500000000006
2015-11-14 00:00:00 UTC,283,1221,412410318,0.63125
2015-11-14 00:00:00 UTC,283,1220,412410318,0.60944444444444446
2015-11-14 00:00:00 UTC,283,1220,412411598,1.7559722222222223
2015-11-14 00:00:00 UTC,283,1221,412411598,2.8509722222222216
2015-11-14 00:00:00 UTC,283,1223,412418767,6.0020833333333332
2015-11-14 00:00:00 UTC,283,1222,412418767,4.4443055555555553
2015-11-14 00:00:00 UTC,283,1223,412419279,5.9938888888888888
2015-11-14 00:00:00 UTC,283,1222,412419279,5.0645833333333332
2015-11-14 00:00:00 UTC,283,1220,200000463,4.3609722222222231
2015-11-14 00:00:00 UTC,283,1221,200000463,1.9704166666666665
2015-11-14 00:00:00 UTC,283,1220,412410319,0.8947222222222222
2015-11-14 00:00:00 UTC,283,1221,412410319,0.94208333333333338
2015-11-14 00:00:00 UTC,283,1220,412412623,3.1154166666666665
2015-11-14 00:00:00 UTC,283,1221,412412623,0.85291666666666677
2015-11-14 00:00:00 UTC,283,1223,412417743,1.7272222222222222
2015-11-14 00:00:00 UTC,283,1223,412418256,5.6726388888888888
2015-11-14 00:00:00 UTC,283,1219,413083088,2.0601388888888885
2015-11-14 00:00:00 UTC,283,1217,412412112,1.8890277777777778
2015-11-14 00:00:00 UTC,283,1218,412412112,1.41875
2015-11-14 00:00:00 UTC,283,1220,412412624,2.0863888888888891
2015-11-14 00:00:00 UTC,283,1221,412412624,1.8791666666666669
2015-11-14 00:00:00 UTC,283,1223,412417744,2.7627777777777776
2015-11-14 00:00:00 UTC,283,1224,412417744,12.250416666666666
2015-11-14 00:00:00 UTC,283,1220,412410321,4.6693055555555567
2015-11-14 00:00:00 UTC,283,1222,412415697,2.9838888888888886
2015-11-14 00:00:00 UTC,283,1223,412415697,1.915
2015-11-14 00:00:00 UTC,283,1225,412419795,2.19125
2015-11-14 00:00:00 UTC,283,1224,412419795,1.1623611111111112
2015-11-14 00:00:00 UTC,283,1220,412410323,0.23625000000000002
2015-11-14 00:00:00 UTC,283,1220,412413907,5.3052777777777775
2015-11-14 00:00:00 UTC,283,1221,412413907,1.4002777777777777
2015-11-14 00:00:00 UTC,283,1220,412410836,3.0068055555555553
2015-11-14 00:00:00 UTC,283,1220,412413908,5.3272222222222219
2015-11-14 00:00:00 UTC,283,1221,412413908,1.7858333333333332
2015-11-14 00:00:00 UTC,283,1220,412410837,3.9981944444444446
2015-11-14 00:00:00 UTC,283,1221,412418262,2.612916666666667
2015-11-14 00:00:00 UTC,283,1223,412418262,3.9713888888888889
2015-11-14 00:00:00 UTC,283,1222,412418262,2.0445833333333336
2015-11-14 00:00:00 UTC,283,1221,412411606,0.25180555555555556
2015-11-14 00:00:00 UTC,283,1220,412411606,1.0194444444444446
2015-11-14 00:00:00 UTC,283,1219,413841111,10.543055555555554
2015-11-14 00:00:00 UTC,283,1220,412417751,10.420833333333331
2015-11-14 00:00:00 UTC,283,1221,412412376,1.1984722222222224
2015-11-14 00:00:00 UTC,283,1220,412410329,3.5469444444444447
2015-11-14 00:00:00 UTC,283,1220,412410075,1.4273611111111111
2015-11-14 00:00:00 UTC,283,1220,412410331,4.2763888888888895
2015-11-14 00:00:00 UTC,283,1221,412411611,2.66625
2015-11-14 00:00:00 UTC,283,1220,412411611,2.677083333333333
2015-11-14 00:00:00 UTC,283,1224,412450012,6.8554166666666658
2015-11-14 00:00:00 UTC,283,1220,412410076,1.1816666666666666
2015-11-14 00:00:00 UTC,283,1220,412410332,2.6269444444444439
2015-11-14 00:00:00 UTC,283,1219,412410332,0.27041666666666664
2015-11-14 00:00:00 UTC,283,1222,400523741,0.23625
2015-11-14 00:00:00 UTC,283,1220,400523741,1.8829166666666668
2015-11-14 00:00:00 UTC,283,1221,400523741,1.4430555555555555
2015-11-14 00:00:00 UTC,283,1220,412410333,2.3756944444444446
2015-11-14 00:00:00 UTC,283,1220,412410334,3.4372222222222231
2015-11-14 00:00:00 UTC,283,1221,412412382,0.27333333333333332
2015-11-14 00:00:00 UTC,283,1220,412412382,5.7813888888888894
2015-11-14 00:00:00 UTC,283,1220,412413918,7.4340277777777786
2015-11-14 00:00:00 UTC,283,1222,412413918,0.66847222222222213
2015-11-14 00:00:00 UTC,283,1221,412413918,1.2063888888888887
2015-11-14 00:00:00 UTC,283,1220,412410335,5.0590277777777777
2015-11-14 00:00:00 UTC,283,1221,412413919,0.92430555555555549
2015-11-14 00:00:00 UTC,283,1222,412413919,0.8866666666666666
2015-11-14 00:00:00 UTC,283,1220,412413919,7.4276388888888878
2015-11-14 00:00:00 UTC,283,1223,412419552,8.9590277777777771
2015-11-14 00:00:00 UTC,283,1221,412412384,5.9919444444444458
2015-11-14 00:00:00 UTC,283,1223,412418532,0.90875000000000006
2015-11-14 00:00:00 UTC,283,1221,412412388,1.1391666666666667
2015-11-14 00:00:00 UTC,283,1220,412412388,2.9929166666666669
2015-11-14 00:00:00 UTC,283,1220,412410341,1.4576388888888887
2015-11-14 00:00:00 UTC,283,1221,412412389,0.95944444444444443
2015-11-14 00:00:00 UTC,283,1220,412412389,3.2690277777777776
2015-11-14 00:00:00 UTC,283,1223,412418021,7.7815277777777787
2015-11-14 00:00:00 UTC,283,1221,412450278,4.1445833333333333
2015-11-14 00:00:00 UTC,283,1220,412450278,2.0266666666666668
2015-11-14 00:00:00 UTC,283,1220,412410342,1.7298611111111111
2015-11-14 00:00:00 UTC,283,1221,412412646,12.124861111111116
2015-11-14 00:00:00 UTC,283,1220,412412646,0.95763888888888882
2015-11-14 00:00:00 UTC,283,1225,412438247,1.1543055555555555
2015-11-14 00:00:00 UTC,283,1221,412441575,8.6429166666666681
2015-11-14 00:00:00 UTC,283,1222,412441575,1.6481944444444443
2015-11-14 00:00:00 UTC,283,1220,412410343,3.3331944444444446
2015-11-14 00:00:00 UTC,283,1221,412412647,12.175138888888888
2015-11-14 00:00:00 UTC,283,1220,412412647,0.5969444444444445
2015-11-14 00:00:00 UTC,283,1220,412410344,2.7113888888888891
2015-11-14 00:00:00 UTC,283,1220,412412392,5.5193055555555555
2015-11-14 00:00:00 UTC,283,1220,412410345,0.5676388888888888
2015-11-14 00:00:00 UTC,283,1226,412410857,1.6370833333333334
2015-11-14 00:00:00 UTC,283,1225,412410857,6.8056944444444456
2015-11-14 00:00:00 UTC,283,1220,412412393,4.9045833333333331
2015-11-14 00:00:00 UTC,283,1221,412413673,0.55444444444444452
2015-11-14 00:00:00 UTC,283,1220,412413673,3.4697222222222215
2015-11-14 00:00:00 UTC,283,1220,412410346,0.57222222222222219
2015-11-14 00:00:00 UTC,283,1219,412416234,1.82375
2015-11-14 00:00:00 UTC,283,1220,412412139,3.0836111111111113
2015-11-14 00:00:00 UTC,283,1220,412410348,2.1956944444444448
2015-11-14 00:00:00 UTC,283,1219,412432109,1.3483333333333332
2015-11-14 00:00:00 UTC,283,1220,412432109,0.55972222222222223
2015-11-14 00:00:00 UTC,283,1220,412410349,1.9441666666666666
2015-11-14 00:00:00 UTC,283,1220,412412653,5.5794444444444444
2015-11-14 00:00:00 UTC,283,1221,412412653,4.3190277777777775
2015-11-14 00:00:00 UTC,283,1226,200013805,0.33361111111111108
2015-11-14 00:00:00 UTC,283,1220,200004078,0.31680555555555556
2015-11-14 00:00:00 UTC,283,1222,412417262,1.5993055555555555
2015-11-14 00:00:00 UTC,283,1223,412417262,9.7854166666666647
2015-11-14 00:00:00 UTC,283,1221,412412143,3.5945833333333335
2015-11-14 00:00:00 UTC,283,1220,412412143,4.768472222222222
2015-11-14 00:00:00 UTC,283,1220,412412144,4.6443055555555546
2015-11-14 00:00:00 UTC,283,1221,412412144,4.6545833333333331
2015-11-14 00:00:00 UTC,283,1220,412412402,5.9736111111111105
2015-11-14 00:00:00 UTC,283,1225,412438259,0.60791666666666666
2015-11-14 00:00:00 UTC,283,1218,412410355,1.3783333333333334
2015-11-14 00:00:00 UTC,283,1216,412410355,0.57972222222222225
2015-11-14 00:00:00 UTC,283,1217,412410355,1.8369444444444447
2015-11-14 00:00:00 UTC,283,1221,412411891,2.7784722222222222
2015-11-14 00:00:00 UTC,283,1225,412417011,5.4168055555555554
2015-11-14 00:00:00 UTC,283,1219,412410356,6.9659722222222227
2015-11-14 00:00:00 UTC,283,1220,412412404,6.2719444444444443
2015-11-14 00:00:00 UTC,283,1223,412419317,2.3081944444444442
2015-11-14 00:00:00 UTC,283,1220,412410357,4.6436111111111105
2015-11-14 00:00:00 UTC,283,1221,412410357,0.91736111111111107
2015-11-14 00:00:00 UTC,283,1220,412412405,6.0258333333333338
2015-11-14 00:00:00 UTC,283,1223,412419063,14.483055555555557
2015-11-14 00:00:00 UTC,283,1223,412412407,1.1951388888888888
2015-11-14 00:00:00 UTC,283,1222,412412407,2.9093055555555556
2015-11-14 00:00:00 UTC,283,1219,412412408,17.547638888888891
2015-11-14 00:00:00 UTC,283,1220,412410361,1.2191666666666667
2015-11-14 00:00:00 UTC,283,1219,412412409,2.7265277777777777
2015-11-14 00:00:00 UTC,283,1223,412435706,0.48930555555555555
2015-11-14 00:00:00 UTC,283,1222,412435706,0.36833333333333329
2015-11-14 00:00:00 UTC,283,1223,412417018,4.9658333333333333
2015-11-14 00:00:00 UTC,283,1222,412417018,1.5323611111111111
2015-11-14 00:00:00 UTC,283,1222,412435707,0.32166666666666666
2015-11-14 00:00:00 UTC,283,1223,412435707,1.4265277777777778
2015-11-14 00:00:00 UTC,283,1222,412416251,0.75027777777777782
2015-11-14 00:00:00 UTC,283,1223,412416251,13.916666666666671
2015-11-14 00:00:00 UTC,283,1223,421408508,6.1437500000000007
2015-11-14 00:00:00 UTC,283,1222,421408508,4.2393055555555552
2015-11-14 00:00:00 UTC,283,1220,412410364,1.1601388888888891
2015-11-14 00:00:00 UTC,283,1223,412410109,4.2480555555555561
2015-11-14 00:00:00 UTC,283,1220,412410365,1.4181944444444445
2015-11-14 00:00:00 UTC,283,1223,412416765,2.7484722222222224
2015-11-14 00:00:00 UTC,283,1223,412416766,19.727638888888894
2015-11-14 00:00:00 UTC,539,63,235032615,0.39902777777777776
2015-11-14 00:00:00 UTC,539,62,235032615,4.3156944444444454
2015-11-14 00:00:00 UTC,539,61,235032615,3.3488888888888879
2015-11-14 00:00:00 UTC,539,-106,250137450,2.0936111111111115
2015-11-14 00:00:00 UTC,539,-43,235014511,0.77374999999999994
2015-11-14 00:00:00 UTC,539,-44,235014511,1.0206944444444446
2015-11-14 00:00:00 UTC,539,-58,250000283,0.27055555555555555
2015-11-14 00:00:00 UTC,539,-59,250000283,1.7330555555555553
2015-11-14 00:00:00 UTC,539,-46,235004920,3.3393055555555557
2015-11-14 00:00:00 UTC,539,-45,235004920,3.1204166666666668
2015-11-14 00:00:00 UTC,-229,-1187,576638000,0.7583333333333333
2015-11-14 00:00:00 UTC,-229,1030,225374000,1.1431944444444442
2015-11-14 00:00:00 UTC,-229,1025,225374000,1.7502777777777778
2015-11-14 00:00:00 UTC,-229,1027,225374000,0.80777777777777771
2015-11-14 00:00:00 UTC,-229,1028,225374000,0.50097222222222226
2015-11-14 00:00:00 UTC,-229,1029,225374000,1.0598611111111111
2015-11-14 00:00:00 UTC,-229,1514,503002460,9.6305555555555564
2015-11-14 00:00:00 UTC,-229,1515,503002460,8.61375
2015-11-14 00:00:00 UTC,-229,503,416219500,5.4619444444444447
2015-11-14 00:00:00 UTC,-229,485,416003484,2.7116666666666664
2015-11-14 00:00:00 UTC,-229,1588,540004000,1.0095833333333333
2015-11-14 00:00:00 UTC,28,-1142,730016000,5.5091666666666663
2015-11-14 00:00:00 UTC,28,-1143,730016000,2.0447222222222221
2015-11-14 00:00:00 UTC,28,1516,431501170,1.9211111111111112
2015-11-14 00:00:00 UTC,28,-1673,416004501,2.3533333333333331
2015-11-14 00:00:00 UTC,28,-1672,416004501,3.2430555555555558
2015-11-14 00:00:00 UTC,28,-1670,416004501,0.79625
2015-11-14 00:00:00 UTC,28,1533,431918000,4.0455555555555556
2015-11-14 00:00:00 UTC,28,1636,510051000,0.6511111111111112
2015-11-14 00:00:00 UTC,28,-1661,416004566,2.0391666666666666
2015-11-14 00:00:00 UTC,28,-1671,416197600,5.266111111111111
2015-11-14 00:00:00 UTC,28,-1670,416197600,0.92958333333333343
2015-11-14 00:00:00 UTC,28,1532,431680480,1.3006944444444444
2015-11-14 00:00:00 UTC,28,1517,431501545,4.1413888888888888
2015-11-14 00:00:00 UTC,284,1222,412442368,3.5522222222222224
2015-11-14 00:00:00 UTC,284,1221,412412417,2.25125
2015-11-14 00:00:00 UTC,284,1223,412417793,3.4081944444444447
2015-11-14 00:00:00 UTC,284,1221,412412418,2.44625
2015-11-14 00:00:00 UTC,284,1221,412412674,1.7302777777777778
2015-11-14 00:00:00 UTC,284,1223,412418309,0.71388888888888891
2015-11-14 00:00:00 UTC,284,1222,412412166,2.2875
2015-11-14 00:00:00 UTC,284,1224,412417542,10.742222222222221
2015-11-14 00:00:00 UTC,284,1221,412412423,0.88861111111111113
2015-11-14 00:00:00 UTC,284,1224,412417543,4.2276388888888894
2015-11-14 00:00:00 UTC,284,1224,412417032,4.2663888888888888
2015-11-14 00:00:00 UTC,284,1221,412412169,1.6570833333333332
2015-11-14 00:00:00 UTC,284,1222,412412169,0.53861111111111115
2015-11-14 00:00:00 UTC,284,1225,412417546,2.3848611111111109
2015-11-14 00:00:00 UTC,284,1221,412441355,2.3736111111111109
2015-11-14 00:00:00 UTC,284,1222,412412171,0.32347222222222222
2015-11-14 00:00:00 UTC,284,1221,412412171,1.8338888888888889
2015-11-14 00:00:00 UTC,284,1220,412412172,0.28666666666666668
2015-11-14 00:00:00 UTC,284,1221,412412172,2.9698611111111113
2015-11-14 00:00:00 UTC,284,1221,412412428,2.7675000000000005
2015-11-14 00:00:00 UTC,284,1224,412419085,2.9711111111111115
2015-11-14 00:00:00 UTC,284,1221,412412173,2.8952777777777778
2015-11-14 00:00:00 UTC,284,1220,412412173,0.28944444444444445
2015-11-14 00:00:00 UTC,284,1221,412412429,3.0779166666666664
2015-11-14 00:00:00 UTC,284,1221,412412685,3.8940277777777772
2015-11-14 00:00:00 UTC,284,1222,412413711,2.1198611111111116
2015-11-14 00:00:00 UTC,284,1223,412435985,2.306805555555556
2015-11-14 00:00:00 UTC,284,1222,412413713,0.90319444444444441
2015-11-14 00:00:00 UTC,284,1223,412418578,6.1283333333333339
2015-11-14 00:00:00 UTC,284,1223,412436754,0.59083333333333332
2015-11-14 00:00:00 UTC,284,1221,412441618,2.35125
2015-11-14 00:00:00 UTC,284,1223,412435477,6.2416666666666654
2015-11-14 00:00:00 UTC,284,1220,412410389,1.8643055555555557
2015-11-14 00:00:00 UTC,284,1222,412412437,1.911111111111111
2015-11-14 00:00:00 UTC,284,1221,412412693,1.0180555555555555
2015-11-14 00:00:00 UTC,284,1223,200012309,2.6118055555555557
2015-11-14 00:00:00 UTC,284,1221,412412438,0.2025
2015-11-14 00:00:00 UTC,284,1222,412412438,2.0737499999999995
2015-11-14 00:00:00 UTC,284,1224,412435735,2.0423611111111111
2015-11-14 00:00:00 UTC,284,1223,412435735,0.27944444444444444
2015-11-14 00:00:00 UTC,284,1220,412410391,1.7704166666666667
2015-11-14 00:00:00 UTC,284,1221,412412439,0.29416666666666669
2015-11-14 00:00:00 UTC,284,1222,412412439,1.754027777777778
2015-11-14 00:00:00 UTC,284,1222,412413719,2.10875
2015-11-14 00:00:00 UTC,284,1223,412417559,2.2575000000000003
2015-11-14 00:00:00 UTC,284,1221,412412184,0.89527777777777784
2015-11-14 00:00:00 UTC,284,1222,412412184,1.3279166666666666
2015-11-14 00:00:00 UTC,284,1221,412412441,0.56347222222222226
2015-11-14 00:00:00 UTC,284,1222,412412441,1.6127777777777779
2015-11-14 00:00:00 UTC,284,1223,412419611,3.3579166666666662
2015-11-14 00:00:00 UTC,284,1220,412412443,0.55972222222222223
2015-11-14 00:00:00 UTC,284,1221,412412443,1.3954166666666667
2015-11-14 00:00:00 UTC,284,1222,412412699,0.40513888888888888
2015-11-14 00:00:00 UTC,284,1221,412412699,0.89527777777777784
2015-11-14 00:00:00 UTC,284,1220,412412699,0.13902777777777778
2015-11-14 00:00:00 UTC,284,1221,412412445,0.91569444444444448
2015-11-14 00:00:00 UTC,284,1220,412412445,1.2201388888888887
2015-11-14 00:00:00 UTC,284,1224,412417053,7.86361111111111
2015-11-14 00:00:00 UTC,284,1222,412413726,0.73249999999999993
2015-11-14 00:00:00 UTC,284,1222,412413471,0.60805555555555557
2015-11-14 00:00:00 UTC,284,1221,412412194,3.1038888888888891
2015-11-14 00:00:00 UTC,284,1222,412413474,0.95166666666666666
2015-11-14 00:00:00 UTC,284,1223,412435235,1.2566666666666666
2015-11-14 00:00:00 UTC,284,1221,412412195,2.9533333333333331
2015-11-14 00:00:00 UTC,284,1220,412410404,1.9654166666666666
2015-11-14 00:00:00 UTC,284,1221,412413988,2.1801388888888891
2015-11-14 00:00:00 UTC,284,1220,412410405,2.0020833333333332
2015-11-14 00:00:00 UTC,284,1220,412410406,2.7404166666666669
2015-11-14 00:00:00 UTC,284,1217,412411686,1.2551388888888888
2015-11-14 00:00:00 UTC,284,1222,200004391,1.9575
2015-11-14 00:00:00 UTC,284,1221,200004391,0.97777777777777775
2015-11-14 00:00:00 UTC,284,1220,412410407,2.9373611111111115
2015-11-14 00:00:00 UTC,284,1221,412412967,5.5209722222222224
2015-11-14 00:00:00 UTC,284,1222,412412967,1.0395833333333333
2015-11-14 00:00:00 UTC,284,1221,412412968,5.6459722222222206
2015-11-14 00:00:00 UTC,284,1222,412412968,0.52069444444444446
2015-11-14 00:00:00 UTC,284,1222,412412457,1.4059722222222224
2015-11-14 00:00:00 UTC,284,1224,412417577,15.708333333333332
2015-11-14 00:00:00 UTC,284,1221,412412714,0.9425
2015-11-14 00:00:00 UTC,284,1222,412412714,2.338888888888889
2015-11-14 00:00:00 UTC,284,1225,412418603,5.2245833333333342
2015-11-14 00:00:00 UTC,284,1221,412412459,1.5515277777777778
2015-11-14 00:00:00 UTC,284,1220,412412459,1.4793055555555557
2015-11-14 00:00:00 UTC,284,1225,412417068,8.5909722222222218
2015-11-14 00:00:00 UTC,284,1224,412416301,12.768333333333334
2015-11-14 00:00:00 UTC,284,1221,200010286,0.837361111111111
2015-11-14 00:00:00 UTC,284,1222,200010286,1.4793055555555554
2015-11-14 00:00:00 UTC,284,1224,412416302,15.713750000000001
2015-11-14 00:00:00 UTC,284,1222,200009263,1.8834722222222222
2015-11-14 00:00:00 UTC,284,1223,200009263,16.734583333333333
2015-11-14 00:00:00 UTC,284,1217,412411695,2.60375
2015-11-14 00:00:00 UTC,284,1223,412417072,1.0231944444444445
2015-11-14 00:00:00 UTC,284,1223,413565234,4.4265277777777783
2015-11-14 00:00:00 UTC,284,1222,412413491,0.26444444444444448
2015-11-14 00:00:00 UTC,284,1221,412840245,2.9943055555555551
2015-11-14 00:00:00 UTC,284,1223,412416053,2.0505555555555555
2015-11-14 00:00:00 UTC,284,1224,412416053,1.9061111111111111
2015-11-14 00:00:00 UTC,284,1223,412431159,1.4148611111111111
2015-11-14 00:00:00 UTC,284,1224,412431159,0.9669444444444445
2015-11-14 00:00:00 UTC,284,1224,412417592,2.4477777777777776
2015-11-14 00:00:00 UTC,284,1218,412418107,4.4830555555555556
2015-11-14 00:00:00 UTC,284,1221,412412476,1.9922222222222223
2015-11-14 00:00:00 UTC,284,1220,412412476,3.7647222222222227
2015-11-14 00:00:00 UTC,284,1222,412413756,2.0911111111111111
2015-11-14 00:00:00 UTC,284,1224,412416574,3.1915277777777775
2015-11-14 00:00:00 UTC,284,1221,412449343,1.7245833333333334
2015-11-14 00:00:00 UTC,284,1221,412430402,0.94277777777777783
2015-11-14 00:00:00 UTC,284,1225,200009026,4.7502777777777778
2015-11-14 00:00:00 UTC,284,1224,412416322,7.7170833333333322
2015-11-14 00:00:00 UTC,284,1223,412416322,0.895
2015-11-14 00:00:00 UTC,284,1222,412413507,2.0694444444444446
2015-11-14 00:00:00 UTC,284,1222,412461381,0.40111111111111108
2015-11-14 00:00:00 UTC,284,1221,412412229,2.5066666666666668
2015-11-14 00:00:00 UTC,284,1222,412412485,1.3797222222222223
2015-11-14 00:00:00 UTC,284,1222,412412486,1.4291666666666667
2015-11-14 00:00:00 UTC,284,1221,412412231,2.254027777777778
2015-11-14 00:00:00 UTC,284,1222,412411721,0.37888888888888889
2015-11-14 00:00:00 UTC,284,1222,200008778,1.7337500000000001
2015-11-14 00:00:00 UTC,284,1221,410391116,1.4223611111111114
2015-11-14 00:00:00 UTC,284,1223,412417356,7.9283333333333328
2015-11-14 00:00:00 UTC,284,1220,422054222,1.9502777777777776
2015-11-14 00:00:00 UTC,284,1222,600065103,2.4552777777777774
2015-11-14 00:00:00 UTC,284,1221,600065103,1.4231944444444444
2015-11-14 00:00:00 UTC,284,1224,412416847,4.4818055555555567
2015-11-14 00:00:00 UTC,284,1222,412412496,0.92930555555555561
2015-11-14 00:00:00 UTC,284,1225,412419411,4.7131944444444436
2015-11-14 00:00:00 UTC,284,1222,412413779,1.9718055555555556
2015-11-14 00:00:00 UTC,284,1221,412412756,2.4975
2015-11-14 00:00:00 UTC,284,1222,412412756,0.33597222222222223
2015-11-14 00:00:00 UTC,284,1223,412435797,0.81819444444444456
2015-11-14 00:00:00 UTC,284,1222,412412501,0.22527777777777777
2015-11-14 00:00:00 UTC,284,1222,412412502,0.3198611111111111
2015-11-14 00:00:00 UTC,284,1223,412415574,19.519027777777779
2015-11-14 00:00:00 UTC,284,1222,412415574,2.0519444444444446
2015-11-14 00:00:00 UTC,284,1219,412008025,1.0577777777777779
2015-11-14 00:00:00 UTC,284,1224,412413786,0.71819444444444436
2015-11-14 00:00:00 UTC,284,1223,412413786,0.4
2015-11-14 00:00:00 UTC,284,1224,412416603,3.0547222222222223
2015-11-14 00:00:00 UTC,284,1223,412416603,3.3276388888888881
2015-11-14 00:00:00 UTC,284,1220,412410205,2.4859722222222222
2015-11-14 00:00:00 UTC,284,1221,413081182,1.7154166666666666
2015-11-14 00:00:00 UTC,284,1223,412435807,1.8552777777777778
2015-11-14 00:00:00 UTC,284,1222,412435807,1.2645833333333334
2015-11-14 00:00:00 UTC,284,1218,200414818,2.0636111111111108
2015-11-14 00:00:00 UTC,284,1224,412418659,3.5658333333333334
2015-11-14 00:00:00 UTC,284,1221,412412516,1.4093055555555556
2015-11-14 00:00:00 UTC,284,1223,412435045,1.11125
2015-11-14 00:00:00 UTC,284,1221,412412517,2.1797222222222223
2015-11-14 00:00:00 UTC,284,1224,412416869,1.6724999999999999
2015-11-14 00:00:00 UTC,284,1221,412412518,3.7137499999999997
2015-11-14 00:00:00 UTC,284,1222,413488999,1.7938888888888889
2015-11-14 00:00:00 UTC,284,1221,412412519,3.6111111111111116
2015-11-14 00:00:00 UTC,284,1226,412416362,1.7218055555555556
2015-11-14 00:00:00 UTC,284,1222,412418155,0.59847222222222229
2015-11-14 00:00:00 UTC,284,1221,412418155,2.6936111111111116
2015-11-14 00:00:00 UTC,284,1216,412418411,0.13013888888888889
2015-11-14 00:00:00 UTC,284,1221,412412523,1.0926388888888887
2015-11-14 00:00:00 UTC,284,1221,412412524,0.98013888888888889
2015-11-14 00:00:00 UTC,284,1220,412412524,0.29847222222222225
2015-11-14 00:00:00 UTC,284,1223,412448621,6.674722222222222
2015-11-14 00:00:00 UTC,284,1224,412448621,0.89999999999999991
2015-11-14 00:00:00 UTC,284,1220,412412525,0.29013888888888889
2015-11-14 00:00:00 UTC,284,1221,412412525,2.9068055555555552
2015-11-14 00:00:00 UTC,284,1222,412472942,0.75430555555555556
2015-11-14 00:00:00 UTC,284,1220,413000558,3.2305555555555552
2015-11-14 00:00:00 UTC,284,1221,412412526,3.2647222222222227
2015-11-14 00:00:00 UTC,284,1223,412435823,1.2756944444444445
2015-11-14 00:00:00 UTC,284,1222,412472945,1.0288888888888887
2015-11-14 00:00:00 UTC,284,1222,412412273,0.55180555555555555
2015-11-14 00:00:00 UTC,284,1222,412412274,0.57694444444444448
2015-11-14 00:00:00 UTC,284,1222,412412275,1.2159722222222222
2015-11-14 00:00:00 UTC,284,1222,412413555,0.60902777777777783
2015-11-14 00:00:00 UTC,284,1223,412411508,1.2894444444444446
2015-11-14 00:00:00 UTC,284,1222,412411508,9.1509722222222223
2015-11-14 00:00:00 UTC,284,1222,412412276,1.0177777777777777
2015-11-14 00:00:00 UTC,284,1221,412412534,2.0269444444444442
2015-11-14 00:00:00 UTC,284,1222,412412534,0.4836111111111111
2015-11-14 00:00:00 UTC,284,1221,412412535,1.8952777777777776
2015-11-14 00:00:00 UTC,284,1222,412412535,0.29888888888888887
2015-11-14 00:00:00 UTC,284,1216,412412281,1.6512499999999999
2015-11-14 00:00:00 UTC,284,1217,412412281,1.1052777777777778
2015-11-14 00:00:00 UTC,284,1221,412413562,0.55041666666666667
2015-11-14 00:00:00 UTC,284,1222,412413562,0.28930555555555559
2015-11-14 00:00:00 UTC,284,1219,412411771,2.3254166666666665
2015-11-14 00:00:00 UTC,284,1223,412417915,3.9418055555555558
2015-11-14 00:00:00 UTC,284,1224,412419712,5.3726388888888881
2015-11-14 00:00:00 UTC,284,1223,412435072,2.7998611111111109
2015-11-14 00:00:00 UTC,284,1222,412412288,2.2247222222222223
2015-11-14 00:00:00 UTC,284,1222,412411523,0.88875
2015-11-14 00:00:00 UTC,284,1225,412416135,1.0197222222222222
2015-11-14 00:00:00 UTC,284,1221,250201482,2.1323611111111109
2015-11-14 00:00:00 UTC,284,1222,250201482,0.87069444444444444
2015-11-14 00:00:00 UTC,284,1222,668066698,0.62
2015-11-14 00:00:00 UTC,284,1222,412413579,1.7916666666666667
2015-11-14 00:00:00 UTC,284,1224,412436878,0.85152777777777777
2015-11-14 00:00:00 UTC,284,1223,412436878,0.7023611111111111
2015-11-14 00:00:00 UTC,284,1223,412437904,0.95819444444444446
2015-11-14 00:00:00 UTC,284,1224,412410000,4.5186111111111114
2015-11-14 00:00:00 UTC,284,1222,412416914,14.610555555555553
2015-11-14 00:00:00 UTC,284,1222,412413587,2.2533333333333339
2015-11-14 00:00:00 UTC,284,1223,412415639,2.8548611111111111
2015-11-14 00:00:00 UTC,284,1223,412415641,3.016805555555556
2015-11-14 00:00:00 UTC,284,1222,200006299,0.5888888888888888
2015-11-14 00:00:00 UTC,284,1223,412410012,2.7566666666666664
2015-11-14 00:00:00 UTC,284,1222,412412572,3.4955555555555557
2015-11-14 00:00:00 UTC,284,1221,412412572,0.89555555555555566
2015-11-14 00:00:00 UTC,284,1223,412419742,3.06125
2015-11-14 00:00:00 UTC,284,1218,412412318,12.891527777777773
2015-11-14 00:00:00 UTC,284,1219,412412318,1.9495833333333332
2015-11-14 00:00:00 UTC,284,1219,412412319,0.8026388888888889
2015-11-14 00:00:00 UTC,284,1218,412412319,10.400000000000002
2015-11-14 00:00:00 UTC,284,1223,448870560,0.99944444444444447
2015-11-14 00:00:00 UTC,284,1222,412413604,0.7729166666666667
2015-11-14 00:00:00 UTC,284,1221,412412325,0.5494444444444444
2015-11-14 00:00:00 UTC,284,1222,412412325,1.2980555555555555
2015-11-14 00:00:00 UTC,284,1222,412412326,1.2958333333333334
2015-11-14 00:00:00 UTC,284,1221,412412326,0.66791666666666671
2015-11-14 00:00:00 UTC,284,1218,412417958,2.0165277777777781
2015-11-14 00:00:00 UTC,284,1219,412410791,9.4016666666666673
2015-11-14 00:00:00 UTC,284,1225,412418474,0.82208333333333328
2015-11-14 00:00:00 UTC,284,1221,412412331,2.7186111111111111
2015-11-14 00:00:00 UTC,284,1222,200006060,12.749444444444444
2015-11-14 00:00:00 UTC,284,1222,412412588,1.5211111111111109
2015-11-14 00:00:00 UTC,284,1219,412412844,1.2354166666666666
2015-11-14 00:00:00 UTC,284,1222,412412589,1.9704166666666667
2015-11-14 00:00:00 UTC,284,1219,412412845,3.2608333333333333
2015-11-14 00:00:00 UTC,284,1218,412412845,2.4887499999999996
2015-11-14 00:00:00 UTC,284,1222,412413613,1.1522222222222223
2015-11-14 00:00:00 UTC,284,1223,200005808,0.32069444444444445
2015-11-14 00:00:00 UTC,284,1221,412412339,3.0968055555555551
2015-11-14 00:00:00 UTC,284,1221,412412595,2.1023611111111111
2015-11-14 00:00:00 UTC,284,1225,412418996,2.1948611111111114
2015-11-14 00:00:00 UTC,284,1224,412418996,3.1476388888888884
2015-11-14 00:00:00 UTC,284,1221,412412596,2.0679166666666666
2015-11-14 00:00:00 UTC,284,1221,412412341,2.9166666666666665
2015-11-14 00:00:00 UTC,284,1219,412412853,1.982361111111111
2015-11-14 00:00:00 UTC,284,1223,412418999,2.4848611111111114
2015-11-14 00:00:00 UTC,284,1224,412418999,3.3254166666666665
2015-11-14 00:00:00 UTC,284,1222,412411831,1.4904166666666665
2015-11-14 00:00:00 UTC,284,1223,412419256,3.1174999999999997
2015-11-14 00:00:00 UTC,284,1223,200004280,2.604166666666667
2015-11-14 00:00:00 UTC,284,1219,412412856,3.9348611111111125
2015-11-14 00:00:00 UTC,284,1222,412414392,0.15
2015-11-14 00:00:00 UTC,284,1221,412414392,0.58361111111111108
2015-11-14 00:00:00 UTC,284,1223,412419771,4.3866666666666667
2015-11-14 00:00:00 UTC,284,1221,412412604,2.2141666666666664
2015-11-14 00:00:00 UTC,284,1222,412413628,0.6645833333333333
2015-11-14 00:00:00 UTC,284,1220,412416700,1.7133333333333334
2015-11-14 00:00:00 UTC,284,1219,412412349,2.0254166666666666
2015-11-14 00:00:00 UTC,284,1218,412412349,12.9
2015-11-14 00:00:00 UTC,284,1221,412412605,2.4476388888888887
2015-11-14 00:00:00 UTC,284,1222,413656511,2.260416666666667
2015-11-14 00:00:00 UTC,284,1224,412411839,6.6141666666666659
2015-11-14 00:00:00 UTC,284,1219,412412863,1.9469444444444444
2015-11-14 00:00:00 UTC,284,1222,412413887,0.62708333333333333
2015-11-14 00:00:00 UTC,284,1225,412417727,2.51
2015-11-14 00:00:00 UTC,284,1222,412413888,0.62208333333333332
2015-11-14 00:00:00 UTC,284,1224,412417216,0.64291666666666658
2015-11-14 00:00:00 UTC,284,1222,412412353,0.85416666666666663
2015-11-14 00:00:00 UTC,284,1219,412412865,4.903194444444444
2015-11-14 00:00:00 UTC,284,1222,412413633,0.61361111111111111
2015-11-14 00:00:00 UTC,284,1222,412412354,0.7811111111111112
2015-11-14 00:00:00 UTC,284,1222,412412611,0.96222222222222209
2015-11-14 00:00:00 UTC,284,1218,412412867,1.9591666666666667
2015-11-14 00:00:00 UTC,284,1222,412412612,0.62541666666666662
2015-11-14 00:00:00 UTC,284,1222,412413636,1.9509722222222223
2015-11-14 00:00:00 UTC,284,1223,412435654,8.7709722222222215
2015-11-14 00:00:00 UTC,284,1221,412411846,0.58000000000000007
2015-11-14 00:00:00 UTC,284,1222,412411846,1.18625
2015-11-14 00:00:00 UTC,284,1220,412411846,3.4430555555555555
2015-11-14 00:00:00 UTC,284,1218,412411849,1.6726388888888888
2015-11-14 00:00:00 UTC,284,1222,412412617,1.115
2015-11-14 00:00:00 UTC,284,1221,412412617,1.6129166666666666
2015-11-14 00:00:00 UTC,284,1222,412412618,1.1777777777777778
2015-11-14 00:00:00 UTC,284,1221,412412618,1.7236111111111112
2015-11-14 00:00:00 UTC,284,1217,412410316,0.55472222222222212
2015-11-14 00:00:00 UTC,284,1222,412435405,2.13625
2015-11-14 00:00:00 UTC,284,1223,412435405,2.6625
2015-11-14 00:00:00 UTC,284,1221,412668877,2.0168055555555551
2015-11-14 00:00:00 UTC,284,1222,412412365,1.8762500000000002
2015-11-14 00:00:00 UTC,284,1221,412411598,2.19
2015-11-14 00:00:00 UTC,284,1223,412418767,2.1355555555555554
2015-11-14 00:00:00 UTC,284,1223,412419279,3.747638888888889
2015-11-14 00:00:00 UTC,284,1220,200000463,0.30416666666666664
2015-11-14 00:00:00 UTC,284,1221,200000463,1.6412499999999999
2015-11-14 00:00:00 UTC,284,1222,412412623,0.79458333333333331
2015-11-14 00:00:00 UTC,284,1222,412412624,0.95875
2015-11-14 00:00:00 UTC,284,1224,412417744,0.30222222222222223
2015-11-14 00:00:00 UTC,284,1223,412415697,1.9972222222222222
2015-11-14 00:00:00 UTC,284,1225,412419795,5.1348611111111113
2015-11-14 00:00:00 UTC,284,1224,413262035,1.3754166666666667
2015-11-14 00:00:00 UTC,284,1222,412413907,0.81027777777777765
2015-11-14 00:00:00 UTC,284,1222,412413908,0.34194444444444444
2015-11-14 00:00:00 UTC,284,1223,412412373,3.1072222222222217
2015-11-14 00:00:00 UTC,284,1220,412411606,0.26861111111111113
2015-11-14 00:00:00 UTC,284,1220,413841111,0.13972222222222222
2015-11-14 00:00:00 UTC,284,1219,413841111,1.9297222222222223
2015-11-14 00:00:00 UTC,284,1221,412411611,0.48777777777777775
2015-11-14 00:00:00 UTC,284,1220,412411611,3.133055555555555
2015-11-14 00:00:00 UTC,284,1222,412411611,1.3959722222222219
2015-11-14 00:00:00 UTC,284,1224,412450012,9.7656944444444456
2015-11-14 00:00:00 UTC,284,1226,412435677,0.13444444444444445
2015-11-14 00:00:00 UTC,284,1222,400523741,1.9008333333333332
2015-11-14 00:00:00 UTC,284,1221,412412382,3.5254166666666671
2015-11-14 00:00:00 UTC,284,1222,412413918,2.0309722222222222
2015-11-14 00:00:00 UTC,284,1222,412413919,1.9965277777777779
2015-11-14 00:00:00 UTC,284,1219,412410848,19.243055555555557
2015-11-14 00:00:00 UTC,284,1219,412411616,1.1718055555555555
2015-11-14 00:00:00 UTC,284,1222,412412384,0.84958333333333336
2015-11-14 00:00:00 UTC,284,1221,412412384,1.2270833333333333
2015-11-14 00:00:00 UTC,284,1222,412413667,0.87888888888888894
2015-11-14 00:00:00 UTC,284,1221,412412388,4.2736111111111121
2015-11-14 00:00:00 UTC,284,1221,412412389,4.3361111111111112
2015-11-14 00:00:00 UTC,284,1222,412450278,0.30430555555555561
2015-11-14 00:00:00 UTC,284,1221,412450278,2.5801388888888885
2015-11-14 00:00:00 UTC,284,1221,412412646,2.0851388888888889
2015-11-14 00:00:00 UTC,284,1220,412412646,1.0827777777777778
2015-11-14 00:00:00 UTC,284,1221,412441575,2.439861111111111
2015-11-14 00:00:00 UTC,284,1221,412412647,1.6280555555555556
2015-11-14 00:00:00 UTC,284,1220,412412647,1.4154166666666668
2015-11-14 00:00:00 UTC,284,1221,412412392,0.61416666666666664
2015-11-14 00:00:00 UTC,284,1220,412412392,1.3013888888888889
2015-11-14 00:00:00 UTC,284,1226,412410857,2.3848611111111113
2015-11-14 00:00:00 UTC,284,1221,412412393,3.1598611111111108
2015-11-14 00:00:00 UTC,284,1222,412413673,0.94291666666666663
2015-11-14 00:00:00 UTC,284,1220,412412139,2.1419444444444444
2015-11-14 00:00:00 UTC,284,1220,412410348,3.5108333333333328
2015-11-14 00:00:00 UTC,284,1220,412432109,1.9418055555555553
2015-11-14 00:00:00 UTC,284,1220,412410349,3.7358333333333329
2015-11-14 00:00:00 UTC,284,1220,412412653,2.4561111111111114
2015-11-14 00:00:00 UTC,284,1221,412412653,0.59375
2015-11-14 00:00:00 UTC,284,1226,200013805,7.3915277777777781
2015-11-14 00:00:00 UTC,284,1223,412417262,1.3363888888888891
2015-11-14 00:00:00 UTC,284,1221,412412143,3.0955555555555554
2015-11-14 00:00:00 UTC,284,1221,412412144,2.6440277777777781
2015-11-14 00:00:00 UTC,284,1216,412410353,0.75694444444444442
2015-11-14 00:00:00 UTC,284,1221,412412402,1.7827777777777776
2015-11-14 00:00:00 UTC,284,1218,412410355,2.7484722222222224
2015-11-14 00:00:00 UTC,284,1219,412410355,5.2713888888888887
2015-11-14 00:00:00 UTC,284,1221,412411891,0.29458333333333331
2015-11-14 00:00:00 UTC,284,1225,412417011,4.6209722222222229
2015-11-14 00:00:00 UTC,284,1219,412410356,2.3693055555555551
2015-11-14 00:00:00 UTC,284,1220,412412404,1.0847222222222221
2015-11-14 00:00:00 UTC,284,1221,412412404,2.5118055555555556
2015-11-14 00:00:00 UTC,284,1219,412413428,4.0450000000000008
2015-11-14 00:00:00 UTC,284,1221,412412405,2.5365277777777777
2015-11-14 00:00:00 UTC,284,1220,412412405,0.68402777777777768
2015-11-14 00:00:00 UTC,284,1218,412412917,6.5400000000000009
2015-11-14 00:00:00 UTC,284,1223,412412407,2.4441666666666668
2015-11-14 00:00:00 UTC,284,1219,412412408,3.5930555555555559
2015-11-14 00:00:00 UTC,284,1219,412412409,0.757638888888889
2015-11-14 00:00:00 UTC,284,1223,412435706,2.7315277777777776
2015-11-14 00:00:00 UTC,284,1223,412435707,2.555277777777778
2015-11-14 00:00:00 UTC,284,1223,421408508,1.8788888888888891
2015-11-14 00:00:00 UTC,284,1223,412416766,3.1002777777777775
2015-11-14 00:00:00 UTC,540,-106,250137450,1.5318055555555556
2015-11-14 00:00:00 UTC,540,-44,235014511,1.0179166666666668
2015-11-14 00:00:00 UTC,-484,710,503552000,5.8505555555555562
2015-11-14 00:00:00 UTC,-484,709,503552000,5.4484722222222253
2015-11-14 00:00:00 UTC,-484,-760,725000357,10.373888888888887
2015-11-14 00:00:00 UTC,-228,1026,225374000,5.4291666666666671
2015-11-14 00:00:00 UTC,-228,1031,225374000,1.564861111111111
2015-11-14 00:00:00 UTC,-228,506,416219500,5.403888888888889
2015-11-14 00:00:00 UTC,-228,504,416219500,6.9761111111111109
2015-11-14 00:00:00 UTC,-228,609,224654000,0.46333333333333337
2015-11-14 00:00:00 UTC,-228,608,224654000,0.048472222222222222
2015-11-14 00:00:00 UTC,29,1516,431501170,1.9463888888888887
2015-11-14 00:00:00 UTC,29,1531,431680630,3.0380555555555553
2015-11-14 00:00:00 UTC,29,-1671,416004501,2.5755555555555554
2015-11-14 00:00:00 UTC,29,-1672,416004501,4.0897222222222229
2015-11-14 00:00:00 UTC,29,-1670,416004501,0.78708333333333325
2015-11-14 00:00:00 UTC,29,1533,431918000,3.1751388888888887
2015-11-14 00:00:00 UTC,29,1635,510051000,0.21736111111111112
2015-11-14 00:00:00 UTC,29,1636,510051000,0.60027777777777769
2015-11-14 00:00:00 UTC,29,1536,431501259,1.2877777777777779
2015-11-14 00:00:00 UTC,29,1535,431501259,4.0138888888888893
2015-11-14 00:00:00 UTC,29,-1660,416004566,2.9576388888888889
2015-11-14 00:00:00 UTC,29,-1662,416004566,3.9906944444444443
2015-11-14 00:00:00 UTC,29,-1661,416004566,1.6508333333333334
2015-11-14 00:00:00 UTC,29,1532,431680480,1.6580555555555554
2015-11-14 00:00:00 UTC,29,1520,431501545,6.149861111111111
2015-11-14 00:00:00 UTC,285,1222,412442368,3.3655555555555554
2015-11-14 00:00:00 UTC,285,1221,412412417,2.0325
2015-11-14 00:00:00 UTC,285,1221,412412418,2.4161111111111113
2015-11-14 00:00:00 UTC,285,1222,412412418,0.28180555555555553
2015-11-14 00:00:00 UTC,285,1222,412412674,1.29125
2015-11-14 00:00:00 UTC,285,1222,412412166,1.9816666666666667
2015-11-14 00:00:00 UTC,285,1222,412412423,2.5065277777777779
2015-11-14 00:00:00 UTC,285,1221,412412169,0.70583333333333331
2015-11-14 00:00:00 UTC,285,1222,412412169,3.1408333333333336
2015-11-14 00:00:00 UTC,285,1225,412417546,5.3325000000000005
2015-11-14 00:00:00 UTC,285,1221,412441355,1.6223611111111109
2015-11-14 00:00:00 UTC,285,1222,412441355,1.8897222222222221
2015-11-14 00:00:00 UTC,285,1222,412412171,3.2365277777777779
2015-11-14 00:00:00 UTC,285,1221,412412171,0.91166666666666674
2015-11-14 00:00:00 UTC,285,1227,412450316,2.5011111111111108
2015-11-14 00:00:00 UTC,285,1226,412450316,4.5708333333333337
2015-11-14 00:00:00 UTC,285,1221,412412172,3.1008333333333336
2015-11-14 00:00:00 UTC,285,1222,412412172,0.92069444444444448
2015-11-14 00:00:00 UTC,285,1222,412412428,0.6020833333333333
2015-11-14 00:00:00 UTC,285,1222,412412173,1.0923611111111111
2015-11-14 00:00:00 UTC,285,1221,412412173,3.0952777777777776
2015-11-14 00:00:00 UTC,285,1222,412412429,0.87861111111111112
2015-11-14 00:00:00 UTC,285,1221,412412685,0.34180555555555558
2015-11-14 00:00:00 UTC,285,1222,412412685,0.36305555555555558
2015-11-14 00:00:00 UTC,285,1223,412437519,9.4505555555555567
2015-11-14 00:00:00 UTC,285,1224,412437519,2.0209722222222219
2015-11-14 00:00:00 UTC,285,1222,412413711,10.279027777777777
2015-11-14 00:00:00 UTC,285,1219,412410384,9.2640277777777769
2015-11-14 00:00:00 UTC,285,1226,412418577,6.2686111111111105
2015-11-14 00:00:00 UTC,285,1223,412435985,1.984861111111111
2015-11-14 00:00:00 UTC,285,1223,412413713,1.0563888888888888
2015-11-14 00:00:00 UTC,285,1222,412413713,6.7216666666666667
2015-11-14 00:00:00 UTC,285,1221,412441618,1.3422222222222224
2015-11-14 00:00:00 UTC,285,1222,412441618,2.274861111111111
2015-11-14 00:00:00 UTC,285,1219,412410388,4.9075000000000006
2015-11-14 00:00:00 UTC,285,1223,412435477,6.5394444444444453
2015-11-14 00:00:00 UTC,285,1222,412435477,0.63972222222222219
2015-11-14 00:00:00 UTC,285,1220,412410389,3.1973611111111113
2015-11-14 00:00:00 UTC,285,1222,412412437,4.4058333333333337
2015-11-14 00:00:00 UTC,285,1222,412412693,1.2911111111111113
2015-11-14 00:00:00 UTC,285,1221,412412693,1.318472222222222
2015-11-14 00:00:00 UTC,285,1224,412549654,1.1169444444444445
2015-11-14 00:00:00 UTC,285,1222,412412438,3.3695833333333334
2015-11-14 00:00:00 UTC,285,1223,412435735,4.8962499999999993
2015-11-14 00:00:00 UTC,285,1224,412435735,0.77861111111111114
2015-11-14 00:00:00 UTC,285,1220,412410391,3.202638888888889
2015-11-14 00:00:00 UTC,285,1222,412412439,2.7670833333333333
2015-11-14 00:00:00 UTC,285,1222,412413719,1.2952777777777778
2015-11-14 00:00:00 UTC,285,1222,412412184,2.619305555555556
2015-11-14 00:00:00 UTC,285,1223,412412441,0.29847222222222225
2015-11-14 00:00:00 UTC,285,1222,412412441,2.8683333333333332
2015-11-14 00:00:00 UTC,285,1224,412437018,1.2090277777777778
2015-11-14 00:00:00 UTC,285,1223,412437018,0.23666666666666666
2015-11-14 00:00:00 UTC,285,1222,412412443,1.8302777777777777
2015-11-14 00:00:00 UTC,285,1221,412412443,0.57222222222222219
2015-11-14 00:00:00 UTC,285,1221,412412699,0.83416666666666661
2015-11-14 00:00:00 UTC,285,1222,412412699,0.98972222222222228
2015-11-14 00:00:00 UTC,285,1220,412412189,2.2245833333333334
2015-11-14 00:00:00 UTC,285,1221,412412445,0.60125000000000006
2015-11-14 00:00:00 UTC,285,1222,412412445,4.1541666666666668
2015-11-14 00:00:00 UTC,285,1221,200058910,0.2875
2015-11-14 00:00:00 UTC,285,1222,200058910,12.19736111111111
2015-11-14 00:00:00 UTC,285,1222,412413726,1.9813888888888889
2015-11-14 00:00:00 UTC,285,1222,412413471,2.4704166666666669
2015-11-14 00:00:00 UTC,285,1219,412411681,0.28347222222222224
2015-11-14 00:00:00 UTC,285,1221,412412194,0.32569444444444445
2015-11-14 00:00:00 UTC,285,1222,412412194,0.9259722222222222
2015-11-14 00:00:00 UTC,285,1222,412413474,2.1959722222222222
2015-11-14 00:00:00 UTC,285,1222,412412195,0.93944444444444453
2015-11-14 00:00:00 UTC,285,1221,412412195,0.29625
2015-11-14 00:00:00 UTC,285,1220,412410404,2.3913888888888888
2015-11-14 00:00:00 UTC,285,1221,412413988,4.3397222222222229
2015-11-14 00:00:00 UTC,285,1222,412860197,2.4984722222222224
2015-11-14 00:00:00 UTC,285,1221,412860197,0.15569444444444444
2015-11-14 00:00:00 UTC,285,1220,412410405,2.5227777777777778
2015-11-14 00:00:00 UTC,285,1217,412411686,3.0345833333333334
2015-11-14 00:00:00 UTC,285,1218,412411686,1.7838888888888889
2015-11-14 00:00:00 UTC,285,1219,412418855,7.8137500000000006
2015-11-14 00:00:00 UTC,285,1218,412418855,2.7205555555555558
2015-11-14 00:00:00 UTC,285,1222,200004391,1.2366666666666666
2015-11-14 00:00:00 UTC,285,1221,200004391,2.1855555555555557
2015-11-14 00:00:00 UTC,285,1221,412412967,1.8134722222222222
2015-11-14 00:00:00 UTC,285,1222,412412967,1.5494444444444444
2015-11-14 00:00:00 UTC,285,1217,412411688,6.0561111111111128
2015-11-14 00:00:00 UTC,285,1218,412411688,5.2977777777777781
2015-11-14 00:00:00 UTC,285,1221,412412968,1.5147222222222223
2015-11-14 00:00:00 UTC,285,1222,412412968,2.9170833333333333
2015-11-14 00:00:00 UTC,285,1218,412411689,0.29583333333333334
2015-11-14 00:00:00 UTC,285,1222,412412457,2.0779166666666669
2015-11-14 00:00:00 UTC,285,1222,412412714,11.589722222222221
2015-11-14 00:00:00 UTC,285,1225,412418603,13.40875
2015-11-14 00:00:00 UTC,285,1221,412412459,0.56388888888888888
2015-11-14 00:00:00 UTC,285,1222,412412459,2.052777777777778
2015-11-14 00:00:00 UTC,285,1225,412417068,0.9473611111111111
2015-11-14 00:00:00 UTC,285,1217,412411694,1.0718055555555557
2015-11-14 00:00:00 UTC,285,1218,412411694,5.3443055555555548
2015-11-14 00:00:00 UTC,285,1221,200010286,1.2141666666666668
2015-11-14 00:00:00 UTC,285,1222,200010286,2.1556944444444444
2015-11-14 00:00:00 UTC,285,1223,200009263,1.9226388888888888
2015-11-14 00:00:00 UTC,285,1218,412411695,1.9366666666666668
2015-11-14 00:00:00 UTC,285,1217,412411695,4.7027777777777766
2015-11-14 00:00:00 UTC,285,1224,412437553,0.27361111111111114
2015-11-14 00:00:00 UTC,285,1223,412437553,0.59097222222222223
2015-11-14 00:00:00 UTC,285,1223,412417073,18.301111111111116
2015-11-14 00:00:00 UTC,285,1224,412417073,2.9320833333333334
2015-11-14 00:00:00 UTC,285,1222,412413491,8.4706944444444456
2015-11-14 00:00:00 UTC,285,1224,412417331,7.4291666666666663
2015-11-14 00:00:00 UTC,285,1221,412840245,0.33333333333333331
2015-11-14 00:00:00 UTC,285,1218,412411702,5.6591666666666676
2015-11-14 00:00:00 UTC,285,1217,412411702,3.135416666666667
2015-11-14 00:00:00 UTC,285,1223,412435512,1.4341666666666668
2015-11-14 00:00:00 UTC,285,1224,412435512,3.9066666666666672
2015-11-14 00:00:00 UTC,285,1221,412412984,1.2144444444444447
2015-11-14 00:00:00 UTC,285,1222,412412984,9.4088888888888889
2015-11-14 00:00:00 UTC,285,1221,412412476,2.2834722222222221
2015-11-14 00:00:00 UTC,285,1222,412412476,0.92958333333333343
2015-11-14 00:00:00 UTC,285,1222,412413756,1.7652777777777777
2015-11-14 00:00:00 UTC,285,1222,412449343,1.5958333333333332
2015-11-14 00:00:00 UTC,285,1221,412449343,6.6970833333333326
2015-11-14 00:00:00 UTC,285,1218,412411711,0.87944444444444436
2015-11-14 00:00:00 UTC,285,1225,200013119,19.077916666666667
2015-11-14 00:00:00 UTC,285,1226,200013119,0.50430555555555556
2015-11-14 00:00:00 UTC,285,1222,412430402,1.6887500000000002
2015-11-14 00:00:00 UTC,285,1221,412430402,0.584861111111111
2015-11-14 00:00:00 UTC,285,1225,200009026,4.3468055555555551
2015-11-14 00:00:00 UTC,285,1221,412413507,8.9476388888888874
2015-11-14 00:00:00 UTC,285,1222,412413507,2.0922222222222224
2015-11-14 00:00:00 UTC,285,1222,412461381,7.2816666666666672
2015-11-14 00:00:00 UTC,285,1216,412410437,2.2133333333333329
2015-11-14 00:00:00 UTC,285,1221,412412229,2.0995833333333334
2015-11-14 00:00:00 UTC,285,1222,412412229,1.506388888888889
2015-11-14 00:00:00 UTC,285,1222,412412485,2.2784722222222222
2015-11-14 00:00:00 UTC,285,1216,412410438,2.3676388888888886
2015-11-14 00:00:00 UTC,285,1222,412412486,2.5106944444444443
2015-11-14 00:00:00 UTC,285,1222,412412742,8.4918055555555547
2015-11-14 00:00:00 UTC,285,1221,412412742,2.1370833333333334
2015-11-14 00:00:00 UTC,285,1225,412417862,3.4713888888888893
2015-11-14 00:00:00 UTC,285,1221,412412231,1.7723611111111111
2015-11-14 00:00:00 UTC,285,1222,412412231,1.5186111111111114
2015-11-14 00:00:00 UTC,285,1222,412411721,1.0897222222222223
2015-11-14 00:00:00 UTC,285,1222,200008778,8.8719444444444431
2015-11-14 00:00:00 UTC,285,1222,410391116,0.918611111111111
2015-11-14 00:00:00 UTC,285,1219,412410701,12.968055555555557
2015-11-14 00:00:00 UTC,285,1220,422054222,2.620138888888889
2015-11-14 00:00:00 UTC,285,1222,600065103,2.14625
2015-11-14 00:00:00 UTC,285,1221,600065103,1.3258333333333332
2015-11-14 00:00:00 UTC,285,1222,412412496,2.0531944444444443
2015-11-14 00:00:00 UTC,285,1220,412410706,2.3708333333333331
2015-11-14 00:00:00 UTC,285,1226,412418643,6.6947222222222234
2015-11-14 00:00:00 UTC,285,1225,412419411,11.554166666666665
2015-11-14 00:00:00 UTC,285,1222,412413779,2.1906944444444445
2015-11-14 00:00:00 UTC,285,1226,412419668,10.540833333333333
2015-11-14 00:00:00 UTC,285,1221,412412756,0.29833333333333334
2015-11-14 00:00:00 UTC,285,1222,412412756,3.1987500000000004
2015-11-14 00:00:00 UTC,285,1224,413213013,0.67125
2015-11-14 00:00:00 UTC,285,1225,413213013,3.2375
2015-11-14 00:00:00 UTC,285,1223,412435285,3.7958333333333338
2015-11-14 00:00:00 UTC,285,1223,412435797,2.79875
2015-11-14 00:00:00 UTC,285,1222,412412501,2.2268055555555555
2015-11-14 00:00:00 UTC,285,1222,412412502,2.25125
2015-11-14 00:00:00 UTC,285,1223,412415574,1.0790277777777777
2015-11-14 00:00:00 UTC,285,1216,210406234,2.5583333333333336
2015-11-14 00:00:00 UTC,285,1219,412415578,12.266944444444439
2015-11-14 00:00:00 UTC,285,1220,413021275,2.4880555555555555
2015-11-14 00:00:00 UTC,285,1220,412410205,1.2854166666666667
2015-11-14 00:00:00 UTC,285,1222,413081182,1.6859722222222222
2015-11-14 00:00:00 UTC,285,1221,413081182,6.4393055555555545
2015-11-14 00:00:00 UTC,285,1223,412435807,7.9383333333333326
2015-11-14 00:00:00 UTC,285,1222,412435807,7.6483333333333334
2015-11-14 00:00:00 UTC,285,1222,412435045,0.27875
2015-11-14 00:00:00 UTC,285,1223,412435045,1.6709722222222223
2015-11-14 00:00:00 UTC,285,1221,412412518,0.88541666666666663
2015-11-14 00:00:00 UTC,285,1222,412412518,1.6502777777777777
2015-11-14 00:00:00 UTC,285,1225,413008999,4.2955555555555556
2015-11-14 00:00:00 UTC,285,1222,413488999,2.5404166666666663
2015-11-14 00:00:00 UTC,285,1218,412411751,0.65458333333333329
2015-11-14 00:00:00 UTC,285,1221,412412519,1.0105555555555554
2015-11-14 00:00:00 UTC,285,1222,412412519,1.3447222222222224
2015-11-14 00:00:00 UTC,285,1226,412417386,18.778333333333329
2015-11-14 00:00:00 UTC,285,1222,412418155,10.463472222222219
2015-11-14 00:00:00 UTC,285,1221,412418155,0.39777777777777779
2015-11-14 00:00:00 UTC,285,1216,412418411,3.9561111111111109
2015-11-14 00:00:00 UTC,285,1222,412412523,1.6861111111111111
2015-11-14 00:00:00 UTC,285,1221,412412523,0.6134722222222222
2015-11-14 00:00:00 UTC,285,1221,412412524,0.66305555555555551
2015-11-14 00:00:00 UTC,285,1222,412412524,1.6018055555555557
2015-11-14 00:00:00 UTC,285,1222,412412525,1.4465277777777776
2015-11-14 00:00:00 UTC,285,1221,412412525,0.83611111111111114
2015-11-14 00:00:00 UTC,285,1222,412472942,8.3454166666666669
2015-11-14 00:00:00 UTC,285,1220,413000558,1.5740277777777776
2015-11-14 00:00:00 UTC,285,1222,412412526,1.5126388888888889
2015-11-14 00:00:00 UTC,285,1221,412412526,0.88875
2015-11-14 00:00:00 UTC,285,1224,412435823,0.55236111111111108
2015-11-14 00:00:00 UTC,285,1223,412435823,9.3030555555555541
2015-11-14 00:00:00 UTC,285,1218,412666481,0.30458333333333332
2015-11-14 00:00:00 UTC,285,1217,412666481,0.919861111111111
2015-11-14 00:00:00 UTC,285,1222,412472945,8.4701388888888882
2015-11-14 00:00:00 UTC,285,1222,412412273,10.738750000000003
2015-11-14 00:00:00 UTC,285,1221,412412273,2.858055555555556
2015-11-14 00:00:00 UTC,285,1222,412412274,11.170555555555554
2015-11-14 00:00:00 UTC,285,1221,412412274,3.1762500000000005
2015-11-14 00:00:00 UTC,285,1222,412412275,6.3884722222222212
2015-11-14 00:00:00 UTC,285,1222,412413555,7.693888888888889
2015-11-14 00:00:00 UTC,285,1222,412412276,7.0230555555555538
2015-11-14 00:00:00 UTC,285,1223,412366197,0.602638888888889
2015-11-14 00:00:00 UTC,285,1224,412366197,0.26319444444444445
2015-11-14 00:00:00 UTC,285,1222,412366197,2.2490277777777776
2015-11-14 00:00:00 UTC,285,1222,412412534,1.9133333333333331
2015-11-14 00:00:00 UTC,285,1217,412412279,0.835
2015-11-14 00:00:00 UTC,285,1222,412412535,2.7595833333333335
2015-11-14 00:00:00 UTC,285,1221,412412535,1.0313888888888889
2015-11-14 00:00:00 UTC,285,1224,412436345,2.6244444444444444
2015-11-14 00:00:00 UTC,285,1223,412436345,0.37472222222222223
2015-11-14 00:00:00 UTC,285,1216,412412281,0.57625
2015-11-14 00:00:00 UTC,285,1217,412412281,2.1058333333333334
2015-11-14 00:00:00 UTC,285,1226,412538234,6.4902777777777771
2015-11-14 00:00:00 UTC,285,1222,412413562,2.9025
2015-11-14 00:00:00 UTC,285,1221,412413562,1.550138888888889
2015-11-14 00:00:00 UTC,285,1223,412417915,24.135694444444443
2015-11-14 00:00:00 UTC,285,1226,412417405,4.9133333333333331
2015-11-14 00:00:00 UTC,285,1223,412435072,2.2745833333333332
2015-11-14 00:00:00 UTC,285,1222,412412288,2.506388888888889
2015-11-14 00:00:00 UTC,285,1224,412435073,8.6144444444444446
2015-11-14 00:00:00 UTC,285,1223,412435073,3.5638888888888891
2015-11-14 00:00:00 UTC,285,1222,412411523,4.5408333333333335
2015-11-14 00:00:00 UTC,285,1221,412412294,1.0645833333333334
2015-11-14 00:00:00 UTC,285,1219,412411784,5.0701388888888888
2015-11-14 00:00:00 UTC,285,1222,250201482,1.1544444444444444
2015-11-14 00:00:00 UTC,285,1222,668066698,10.660972222222222
2015-11-14 00:00:00 UTC,285,1222,412413579,2.8683333333333332
2015-11-14 00:00:00 UTC,285,1226,412417677,6.5959722222222226
2015-11-14 00:00:00 UTC,285,1224,412436878,3.0645833333333332
2015-11-14 00:00:00 UTC,285,1223,412436878,2.2212499999999995
2015-11-14 00:00:00 UTC,285,1223,412437904,3.6506944444444449
2015-11-14 00:00:00 UTC,285,1222,412413587,2.1655555555555552
2015-11-14 00:00:00 UTC,285,1223,412435348,0.23125
2015-11-14 00:00:00 UTC,285,1224,412435348,2.8995833333333327
2015-11-14 00:00:00 UTC,285,1220,412418453,2.6369444444444445
2015-11-14 00:00:00 UTC,285,1223,412415639,4.2840277777777773
2015-11-14 00:00:00 UTC,285,1217,412410521,0.58583333333333332
2015-11-14 00:00:00 UTC,285,1223,412415641,4.1638888888888888
2015-11-14 00:00:00 UTC,285,1222,200006299,5.9831944444444449
2015-11-14 00:00:00 UTC,285,1223,412410012,0.78972222222222221
2015-11-14 00:00:00 UTC,285,1223,412201885,4.7326388888888893
2015-11-14 00:00:00 UTC,285,1224,412201885,3.4116666666666662
2015-11-14 00:00:00 UTC,285,1223,412419742,18.690277777777773
2015-11-14 00:00:00 UTC,285,1226,200016288,15.250416666666665
2015-11-14 00:00:00 UTC,285,1217,412411812,1.0369444444444444
2015-11-14 00:00:00 UTC,285,1223,412413604,1.1683333333333334
2015-11-14 00:00:00 UTC,285,1222,412413604,6.8066666666666666
2015-11-14 00:00:00 UTC,285,1222,412412325,3.2749999999999995
2015-11-14 00:00:00 UTC,285,1222,412412326,3.0247222222222221
2015-11-14 00:00:00 UTC,285,1219,412410791,4.4802777777777782
2015-11-14 00:00:00 UTC,285,1222,412413607,2.1013888888888888
2015-11-14 00:00:00 UTC,285,1224,412418473,6.6215277777777777
2015-11-14 00:00:00 UTC,285,1225,412418473,5.0629166666666654
2015-11-14 00:00:00 UTC,285,1222,411300009,9.8019444444444446
2015-11-14 00:00:00 UTC,285,1224,412418474,2.0333333333333332
2015-11-14 00:00:00 UTC,285,1225,412418474,5.8434722222222222
2015-11-14 00:00:00 UTC,285,1219,412410794,3.7368055555555562
2015-11-14 00:00:00 UTC,285,1222,412412331,0.684861111111111
2015-11-14 00:00:00 UTC,285,1221,412412331,1.4797222222222222
2015-11-14 00:00:00 UTC,285,1222,412412588,11.283333333333337
2015-11-14 00:00:00 UTC,285,1219,412412844,0.35569444444444442
2015-11-14 00:00:00 UTC,285,1222,412412589,10.941805555555554
2015-11-14 00:00:00 UTC,285,1222,412413613,15.140555555555551
2015-11-14 00:00:00 UTC,285,1222,412442542,4.9783333333333335
2015-11-14 00:00:00 UTC,285,1221,412442542,0.33763888888888888
2015-11-14 00:00:00 UTC,285,1219,412410545,14.163749999999999
2015-11-14 00:00:00 UTC,285,1222,412412339,0.31958333333333333
2015-11-14 00:00:00 UTC,285,1221,412412339,1.6052777777777778
2015-11-14 00:00:00 UTC,285,1221,412412595,3.1386111111111115
2015-11-14 00:00:00 UTC,285,1224,412418996,10.316666666666665
2015-11-14 00:00:00 UTC,285,1225,412418996,0.29888888888888887
2015-11-14 00:00:00 UTC,285,1222,412441268,10.635833333333331
2015-11-14 00:00:00 UTC,285,1219,412410548,6.1984722222222217
2015-11-14 00:00:00 UTC,285,1220,412410548,2.7272222222222222
2015-11-14 00:00:00 UTC,285,1222,412411572,12.582222222222226
2015-11-14 00:00:00 UTC,285,1221,412412596,3.0656944444444441
2015-11-14 00:00:00 UTC,285,1221,412412341,1.7826388888888891
2015-11-14 00:00:00 UTC,285,1222,412412341,0.26861111111111113
2015-11-14 00:00:00 UTC,285,1226,412412597,14.281111111111112
2015-11-14 00:00:00 UTC,285,1219,412412854,1.7872222222222223
2015-11-14 00:00:00 UTC,285,1222,412411831,3.8948611111111111
2015-11-14 00:00:00 UTC,285,1223,200004280,7.9323611111111134
2015-11-14 00:00:00 UTC,285,1222,412414392,7.00013888888889
2015-11-14 00:00:00 UTC,285,1221,412414392,1.3280555555555555
2015-11-14 00:00:00 UTC,285,1222,412487866,12.491388888888888
2015-11-14 00:00:00 UTC,285,1216,412436667,8.0666666666666664
2015-11-14 00:00:00 UTC,285,1221,412412604,2.5290277777777774
2015-11-14 00:00:00 UTC,285,1222,412412604,0.64402777777777775
2015-11-14 00:00:00 UTC,285,1222,412413628,1.7998611111111114
2015-11-14 00:00:00 UTC,285,1220,412416700,2.5647222222222221
2015-11-14 00:00:00 UTC,285,1222,412412605,0.30680555555555555
2015-11-14 00:00:00 UTC,285,1221,412412605,1.966388888888889
2015-11-14 00:00:00 UTC,285,1222,413656511,5.7894444444444453
2015-11-14 00:00:00 UTC,285,1221,413656511,1.9940277777777777
2015-11-14 00:00:00 UTC,285,1222,412413887,2.1080555555555556
2015-11-14 00:00:00 UTC,285,1224,412417727,2.1431944444444446
2015-11-14 00:00:00 UTC,285,1225,412417727,5.1658333333333335
2015-11-14 00:00:00 UTC,285,1219,412412864,0.8354166666666667
2015-11-14 00:00:00 UTC,285,1222,412413888,1.8755555555555556
2015-11-14 00:00:00 UTC,285,1223,412413888,0.40222222222222226
2015-11-14 00:00:00 UTC,285,1222,412412353,2.120972222222222
2015-11-14 00:00:00 UTC,285,1220,412413377,2.2380555555555555
2015-11-14 00:00:00 UTC,285,1222,412413633,2.3724999999999996
2015-11-14 00:00:00 UTC,285,1222,412412354,2.1916666666666664
2015-11-14 00:00:00 UTC,285,1222,412412611,1.8452777777777776
2015-11-14 00:00:00 UTC,285,1222,412412612,1.8109722222222222
2015-11-14 00:00:00 UTC,285,1222,412413636,9.5744444444444454
2015-11-14 00:00:00 UTC,285,1221,412413636,0.90388888888888885
2015-11-14 00:00:00 UTC,285,1223,412419269,15.617777777777777
2015-11-14 00:00:00 UTC,285,1224,412419269,2.4423611111111114
2015-11-14 00:00:00 UTC,285,1223,412435654,10.769027777777779
2015-11-14 00:00:00 UTC,285,1221,412437958,1.2290277777777776
2015-11-14 00:00:00 UTC,285,1222,412411846,3.1634722222222225
2015-11-14 00:00:00 UTC,285,1221,412437959,1.0427777777777778
2015-11-14 00:00:00 UTC,285,1218,412410567,1.1947222222222225
2015-11-14 00:00:00 UTC,285,1222,412412359,9.6706944444444431
2015-11-14 00:00:00 UTC,285,1220,412410825,2.1245833333333333
2015-11-14 00:00:00 UTC,285,1222,412412617,0.9025
2015-11-14 00:00:00 UTC,285,1221,412412617,2.07125
2015-11-14 00:00:00 UTC,285,1224,412416713,4.6427777777777779
2015-11-14 00:00:00 UTC,285,1221,412412618,2.15125
2015-11-14 00:00:00 UTC,285,1222,412412618,0.62958333333333338
2015-11-14 00:00:00 UTC,285,1223,412435405,6.197222222222222
2015-11-14 00:00:00 UTC,285,1222,412435405,2.4309722222222225
2015-11-14 00:00:00 UTC,285,1221,412668877,0.28722222222222221
2015-11-14 00:00:00 UTC,285,1222,412668877,2.9805555555555556
2015-11-14 00:00:00 UTC,285,1222,412412365,11.66388888888889
2015-11-14 00:00:00 UTC,285,1222,412411598,2.9194444444444447
2015-11-14 00:00:00 UTC,285,1221,412411598,0.67361111111111116
2015-11-14 00:00:00 UTC,285,1221,200000463,1.5170833333333333
2015-11-14 00:00:00 UTC,285,1222,200000463,1.9123611111111112
2015-11-14 00:00:00 UTC,285,1222,412412623,2.0306944444444439
2015-11-14 00:00:00 UTC,285,1219,412412112,9.0077777777777754
2015-11-14 00:00:00 UTC,285,1222,412412624,2.048888888888889
2015-11-14 00:00:00 UTC,285,1223,412415697,4.5531944444444452
2015-11-14 00:00:00 UTC,285,1225,412419795,12.566249999999998
2015-11-14 00:00:00 UTC,285,1223,413262035,3.2034722222222225
2015-11-14 00:00:00 UTC,285,1224,413262035,3.1388888888888888
2015-11-14 00:00:00 UTC,285,1222,412413907,4.3744444444444444
2015-11-14 00:00:00 UTC,285,1222,412413908,3.6938888888888894
2015-11-14 00:00:00 UTC,285,1223,412412373,2.0344444444444445
2015-11-14 00:00:00 UTC,285,1217,413841111,0.57527777777777778
2015-11-14 00:00:00 UTC,285,1219,412410839,18.009305555555546
2015-11-14 00:00:00 UTC,285,1222,412412376,0.6479166666666667
2015-11-14 00:00:00 UTC,285,1219,412410841,14.338333333333336
2015-11-14 00:00:00 UTC,285,1222,412412377,3.2334722222222223
2015-11-14 00:00:00 UTC,285,1222,412412378,3.2470833333333333
2015-11-14 00:00:00 UTC,285,1222,412411611,3.4990277777777781
2015-11-14 00:00:00 UTC,285,1224,412450012,7.5681944444444449
2015-11-14 00:00:00 UTC,285,1219,412012764,15.760416666666668
2015-11-14 00:00:00 UTC,285,1226,412435677,0.866111111111111
2015-11-14 00:00:00 UTC,285,1222,400523741,2.81
2015-11-14 00:00:00 UTC,285,1222,412412382,1.305
2015-11-14 00:00:00 UTC,285,1221,412412382,0.92583333333333329
2015-11-14 00:00:00 UTC,285,1222,412413918,1.9876388888888887
2015-11-14 00:00:00 UTC,285,1222,412413919,1.5665277777777777
2015-11-14 00:00:00 UTC,285,1222,412412384,2.2870833333333334
2015-11-14 00:00:00 UTC,285,1219,412410337,11.647916666666671
2015-11-14 00:00:00 UTC,285,1219,412410338,11.521111111111109
2015-11-14 00:00:00 UTC,285,1219,412412898,5.5588888888888892
2015-11-14 00:00:00 UTC,285,1225,412416226,4.2793055555555553
2015-11-14 00:00:00 UTC,285,1222,412413667,15.343888888888889
2015-11-14 00:00:00 UTC,285,1222,412411876,0.34902777777777783
2015-11-14 00:00:00 UTC,285,1221,412412388,0.37430555555555556
2015-11-14 00:00:00 UTC,285,1222,412412388,1.9512500000000004
2015-11-14 00:00:00 UTC,285,1223,412420069,0.64916666666666667
2015-11-14 00:00:00 UTC,285,1222,412420069,3.7534722222222228
2015-11-14 00:00:00 UTC,285,1219,412412133,9.7915277777777732
2015-11-14 00:00:00 UTC,285,1221,412412389,0.28583333333333333
2015-11-14 00:00:00 UTC,285,1222,412412389,1.8745833333333335
2015-11-14 00:00:00 UTC,285,1222,412450278,2.2844444444444441
2015-11-14 00:00:00 UTC,285,1221,412412646,1.1555555555555554
2015-11-14 00:00:00 UTC,285,1222,412412646,3.4590277777777776
2015-11-14 00:00:00 UTC,285,1221,412441575,0.65958333333333341
2015-11-14 00:00:00 UTC,285,1222,412441575,2.7405555555555554
2015-11-14 00:00:00 UTC,285,1221,412412391,11.662638888888889
2015-11-14 00:00:00 UTC,285,1222,412412647,3.3966666666666665
2015-11-14 00:00:00 UTC,285,1221,412412647,1.4379166666666665
2015-11-14 00:00:00 UTC,285,1222,412412392,4.612222222222222
2015-11-14 00:00:00 UTC,285,1221,412412392,1.815
2015-11-14 00:00:00 UTC,285,1222,412412393,1.7045833333333333
2015-11-14 00:00:00 UTC,285,1221,412412393,0.55791666666666662
2015-11-14 00:00:00 UTC,285,1222,412413673,2.0172222222222222
2015-11-14 00:00:00 UTC,285,1220,412432109,2.6566666666666667
2015-11-14 00:00:00 UTC,285,1222,412412653,4.2784722222222218
2015-11-14 00:00:00 UTC,285,1221,412412653,0.26472222222222219
2015-11-14 00:00:00 UTC,285,1226,200013805,1.0594444444444444
2015-11-14 00:00:00 UTC,285,1226,200004078,7.93138888888889
2015-11-14 00:00:00 UTC,285,1222,412412143,0.36208333333333331
2015-11-14 00:00:00 UTC,285,1221,412412143,1.3701388888888888
2015-11-14 00:00:00 UTC,285,1221,412412144,1.8370833333333332
2015-11-14 00:00:00 UTC,285,1216,412410353,0.48444444444444446
2015-11-14 00:00:00 UTC,285,1223,200009713,1.1591666666666667
2015-11-14 00:00:00 UTC,285,1222,200009713,7.6656944444444459
2015-11-14 00:00:00 UTC,285,1221,412412402,0.5425
2015-11-14 00:00:00 UTC,285,1222,412412402,1.6794444444444443
2015-11-14 00:00:00 UTC,285,1225,412417011,10.337499999999999
2015-11-14 00:00:00 UTC,285,1222,412417779,0.325
2015-11-14 00:00:00 UTC,285,1222,412412404,1.2402777777777778
2015-11-14 00:00:00 UTC,285,1221,412412404,0.99597222222222215
2015-11-14 00:00:00 UTC,285,1221,412412405,1.2729166666666665
2015-11-14 00:00:00 UTC,285,1222,412412405,1.2525
2015-11-14 00:00:00 UTC,285,1219,412412917,0.36291666666666667
2015-11-14 00:00:00 UTC,285,1223,412412407,7.8808333333333325
2015-11-14 00:00:00 UTC,285,1222,412441336,7.0537499999999982
2015-11-14 00:00:00 UTC,285,1223,412435706,2.449583333333333
2015-11-14 00:00:00 UTC,285,1223,412435707,2.276388888888889
2015-11-14 00:00:00 UTC,285,1216,412410363,9.4695833333333361
2015-11-14 00:00:00 UTC,285,1220,412418812,3.6698611111111106
2015-11-14 00:00:00 UTC,285,1220,412410876,0.20444444444444443
2015-11-14 00:00:00 UTC,285,1222,413548798,6.8261111111111124
2015-11-14 00:00:00 UTC,541,-45,235028482,10.45541666666667
2015-11-14 00:00:00 UTC,541,-44,235014511,0.26
2015-11-14 00:00:00 UTC,-483,709,503552000,1.0261111111111112
2015-11-14 00:00:00 UTC,-483,-760,725000357,4.1005555555555562
2015-11-14 00:00:00 UTC,-227,559,660003100,0.68833333333333335
2015-11-14 00:00:00 UTC,-227,558,660003100,3.6350000000000002
2015-11-14 00:00:00 UTC,-227,1031,225374000,0.72125
2015-11-14 00:00:00 UTC,-227,1032,225374000,0.69486111111111115
2015-11-14 00:00:00 UTC,-227,1549,503597400,3.15625
2015-11-14 00:00:00 UTC,-227,504,416219500,6.8711111111111114
2015-11-14 00:00:00 UTC,-227,1585,540004000,0.94611111111111112
2015-11-14 00:00:00 UTC,30,1517,431501170,3.8956944444444446
2015-11-14 00:00:00 UTC,30,1516,431501170,0.84180555555555558
2015-11-14 00:00:00 UTC,30,1514,431501170,3.6870833333333333
2015-11-14 00:00:00 UTC,30,1531,431680630,0.53763888888888889
2015-11-14 00:00:00 UTC,30,1666,412699540,2.8784722222222223
2015-11-14 00:00:00 UTC,30,1672,412699540,4.2243055555555564
2015-11-14 00:00:00 UTC,30,1665,412699540,2.4222222222222221
2015-11-14 00:00:00 UTC,30,-1671,416004501,1.6877777777777783
2015-11-14 00:00:00 UTC,30,-1670,416004501,0.9127777777777778
2015-11-14 00:00:00 UTC,30,1635,510051000,0.85986111111111108
2015-11-14 00:00:00 UTC,30,1580,416232900,1.0088888888888889
2015-11-14 00:00:00 UTC,30,1579,416232900,6.6644444444444444
2015-11-14 00:00:00 UTC,30,1537,431501259,5.034583333333333
2015-11-14 00:00:00 UTC,30,1536,431501259,1.3247222222222224
2015-11-14 00:00:00 UTC,30,-1662,416004566,3.0447222222222221
2015-11-14 00:00:00 UTC,30,1533,431680480,4.6911111111111108
2015-11-14 00:00:00 UTC,30,1522,431501545,12.688611111111111
2015-11-14 00:00:00 UTC,30,1523,431501545,4.1031944444444441
2015-11-14 00:00:00 UTC,286,1222,412412674,2.4408333333333334
2015-11-14 00:00:00 UTC,286,1223,412449539,24.04708333333334
2015-11-14 00:00:00 UTC,286,1224,412430342,1.254027777777778
2015-11-14 00:00:00 UTC,286,1222,412412166,0.68583333333333329
2015-11-14 00:00:00 UTC,286,1222,412412423,1.8293055555555555
2015-11-14 00:00:00 UTC,286,1223,412412423,0.34069444444444441
2015-11-14 00:00:00 UTC,286,1221,412412169,0.88763888888888887
2015-11-14 00:00:00 UTC,286,1225,412417546,15.450555555555555
2015-11-14 00:00:00 UTC,286,1222,412441355,0.65472222222222221
2015-11-14 00:00:00 UTC,286,1221,412441355,0.26291666666666669
2015-11-14 00:00:00 UTC,286,1221,412412171,0.70694444444444438
2015-11-14 00:00:00 UTC,286,1227,412450316,13.285555555555561
2015-11-14 00:00:00 UTC,286,1222,412412172,1.8415277777777779
2015-11-14 00:00:00 UTC,286,1223,412412172,0.63916666666666666
2015-11-14 00:00:00 UTC,286,1222,412450061,8.9919444444444441
2015-11-14 00:00:00 UTC,286,1223,412450061,14.48375
2015-11-14 00:00:00 UTC,286,1222,412412173,2.3634722222222222
2015-11-14 00:00:00 UTC,286,1224,412437519,3.7058333333333335
2015-11-14 00:00:00 UTC,286,1223,412437519,4.6226388888888881
2015-11-14 00:00:00 UTC,286,1222,412413711,4.95625
2015-11-14 00:00:00 UTC,286,1220,412410384,1.0815277777777776
2015-11-14 00:00:00 UTC,286,1219,412410384,3.8940277777777781
2015-11-14 00:00:00 UTC,286,1226,412418577,5.70236111111111
2015-11-14 00:00:00 UTC,286,1223,412435985,2.3
2015-11-14 00:00:00 UTC,286,1222,412413713,9.9305555555555554
2015-11-14 00:00:00 UTC,286,1223,412413713,1.5622222222222222
2015-11-14 00:00:00 UTC,286,1221,412413713,1.2140277777777777
2015-11-14 00:00:00 UTC,286,1221,412441618,0.59305555555555556
2015-11-14 00:00:00 UTC,286,1225,412416274,2.1459722222222224
2015-11-14 00:00:00 UTC,286,1224,412416274,19.307222222222222
2015-11-14 00:00:00 UTC,286,1222,412432659,0.83972222222222226
2015-11-14 00:00:00 UTC,286,1223,412432659,6.8780555555555551
2015-11-14 00:00:00 UTC,286,1220,412412947,1.25875
2015-11-14 00:00:00 UTC,286,1219,412410388,4.0775
2015-11-14 00:00:00 UTC,286,1225,412419349,2.51125
2015-11-14 00:00:00 UTC,286,1223,412435477,5.3893055555555556
2015-11-14 00:00:00 UTC,286,1222,412412693,3.1884722222222219
2015-11-14 00:00:00 UTC,286,1224,412549654,0.36597222222222225
2015-11-14 00:00:00 UTC,286,1223,412435735,1.5373611111111112
2015-11-14 00:00:00 UTC,286,1222,412412439,0.47736111111111112
2015-11-14 00:00:00 UTC,286,1223,412412439,1.5158333333333331
2015-11-14 00:00:00 UTC,286,1222,412413719,0.47083333333333333
2015-11-14 00:00:00 UTC,286,1222,412412184,1.8450000000000002
2015-11-14 00:00:00 UTC,286,1222,412412441,0.49958333333333332
2015-11-14 00:00:00 UTC,286,1223,412412441,1.3705555555555555
2015-11-14 00:00:00 UTC,286,1224,412437018,0.16652777777777777
2015-11-14 00:00:00 UTC,286,1223,412437018,0.33333333333333331
2015-11-14 00:00:00 UTC,286,1222,412412443,3.3065277777777782
2015-11-14 00:00:00 UTC,286,1222,412412699,1.8586111111111112
2015-11-14 00:00:00 UTC,286,1223,412410397,20.923749999999991
2015-11-14 00:00:00 UTC,286,1221,412412189,1.6758333333333333
2015-11-14 00:00:00 UTC,286,1220,412412189,4.4933333333333332
2015-11-14 00:00:00 UTC,286,1222,412412445,2.9540277777777777
2015-11-14 00:00:00 UTC,286,1226,412417053,1.247638888888889
2015-11-14 00:00:00 UTC,286,1221,200058910,2.2338888888888886
2015-11-14 00:00:00 UTC,286,1222,200058910,3.2936111111111113
2015-11-14 00:00:00 UTC,286,1222,412413726,1.8722222222222222
2015-11-14 00:00:00 UTC,286,1226,412418591,30.09847222222222
2015-11-14 00:00:00 UTC,286,1227,412419359,15.723194444444445
2015-11-14 00:00:00 UTC,286,1222,412413471,1.4283333333333332
2015-11-14 00:00:00 UTC,286,1224,412437024,1.7920833333333333
2015-11-14 00:00:00 UTC,286,1218,412411681,2.8355555555555556
2015-11-14 00:00:00 UTC,286,1222,412413474,1.2215277777777778
2015-11-14 00:00:00 UTC,286,1224,412437283,4.8875000000000011
2015-11-14 00:00:00 UTC,286,1223,412449059,20.029027777777774
2015-11-14 00:00:00 UTC,286,1224,412449059,0.62583333333333324
2015-11-14 00:00:00 UTC,286,1222,412449059,3.5519444444444441
2015-11-14 00:00:00 UTC,286,1224,412437031,0.45805555555555555
2015-11-14 00:00:00 UTC,286,1221,200004391,1.766111111111111
2015-11-14 00:00:00 UTC,286,1222,200004391,3.4576388888888889
2015-11-14 00:00:00 UTC,286,1218,412411689,2.0218055555555559
2015-11-14 00:00:00 UTC,286,1222,412412457,3.4716666666666667
2015-11-14 00:00:00 UTC,286,1222,412412714,0.62722222222222224
2015-11-14 00:00:00 UTC,286,1222,412412459,2.6202777777777779
2015-11-14 00:00:00 UTC,286,1225,412417068,1.4363888888888889
2015-11-14 00:00:00 UTC,286,1226,412417068,2.2686111111111114
2015-11-14 00:00:00 UTC,286,1221,200010286,1.8441666666666667
2015-11-14 00:00:00 UTC,286,1222,200010286,7.16388888888889
2015-11-14 00:00:00 UTC,286,1223,412414767,1.0206944444444446
2015-11-14 00:00:00 UTC,286,1223,412437553,1.9127777777777775
2015-11-14 00:00:00 UTC,286,1224,412437553,6.8827777777777781
2015-11-14 00:00:00 UTC,286,1223,412449073,22.694166666666668
2015-11-14 00:00:00 UTC,286,1225,412415538,1.0604166666666666
2015-11-14 00:00:00 UTC,286,1225,412418867,2.69875
2015-11-14 00:00:00 UTC,286,1224,412436787,2.2920833333333333
2015-11-14 00:00:00 UTC,286,1222,412413491,7.0108333333333341
2015-11-14 00:00:00 UTC,286,1221,412413491,0.33999999999999997
2015-11-14 00:00:00 UTC,286,1224,412417331,0.33180555555555558
2015-11-14 00:00:00 UTC,286,1224,412430389,0.73194444444444451
2015-11-14 00:00:00 UTC,286,1223,412437046,1.8656944444444441
2015-11-14 00:00:00 UTC,286,1224,412437046,3.2440277777777773
2015-11-14 00:00:00 UTC,286,1224,412435512,1.350138888888889
2015-11-14 00:00:00 UTC,286,1224,412412216,2.3484722222222221
2015-11-14 00:00:00 UTC,286,1222,412412984,8.2283333333333335
2015-11-14 00:00:00 UTC,286,1221,412412984,2.2283333333333335
2015-11-14 00:00:00 UTC,286,1218,412411705,1.2877777777777779
2015-11-14 00:00:00 UTC,286,1224,412412217,1.9127777777777777
2015-11-14 00:00:00 UTC,286,1216,412414009,15.191111111111111
2015-11-14 00:00:00 UTC,286,1220,412412986,7.1511111111111125
2015-11-14 00:00:00 UTC,286,1223,412002363,15.556388888888891
2015-11-14 00:00:00 UTC,286,1218,412411707,2.1419444444444444
2015-11-14 00:00:00 UTC,286,1221,412412476,0.44527777777777777
2015-11-14 00:00:00 UTC,286,1222,412412476,1.9193055555555554
2015-11-14 00:00:00 UTC,286,1223,412449085,22.190277777777773
2015-11-14 00:00:00 UTC,286,1222,412449343,1.8829166666666666
2015-11-14 00:00:00 UTC,286,1218,412411711,1.6755555555555555
2015-11-14 00:00:00 UTC,286,1223,412449088,23.380416666666669
2015-11-14 00:00:00 UTC,286,1222,412430402,3.0684722222222223
2015-11-14 00:00:00 UTC,286,1223,412430402,0.27736111111111111
2015-11-14 00:00:00 UTC,286,1225,200009026,14.910277777777774
2015-11-14 00:00:00 UTC,286,1222,412413507,0.33083333333333331
2015-11-14 00:00:00 UTC,286,1223,412449092,17.825277777777778
2015-11-14 00:00:00 UTC,286,1222,412461381,8.50972222222222
2015-11-14 00:00:00 UTC,286,1227,413058117,14.666666666666668
2015-11-14 00:00:00 UTC,286,1216,412410437,8.6233333333333331
2015-11-14 00:00:00 UTC,286,1222,412412485,3.3331944444444446
2015-11-14 00:00:00 UTC,286,1216,412410438,21.675138888888892
2015-11-14 00:00:00 UTC,286,1222,412412486,3.1966666666666663
2015-11-14 00:00:00 UTC,286,1222,412412742,11.592222222222224
2015-11-14 00:00:00 UTC,286,1221,412412742,0.48111111111111116
2015-11-14 00:00:00 UTC,286,1227,412416326,12.133611111111112
2015-11-14 00:00:00 UTC,286,1225,412417862,9.9175
2015-11-14 00:00:00 UTC,286,1224,412417862,1.5156944444444445
2015-11-14 00:00:00 UTC,286,1226,412417862,3.3329166666666667
2015-11-14 00:00:00 UTC,286,1226,412456777,9.0652777777777764
2015-11-14 00:00:00 UTC,286,1223,412410442,17.884999999999998
2015-11-14 00:00:00 UTC,286,1222,200008778,5.2269444444444435
2015-11-14 00:00:00 UTC,286,1225,412418891,9.2333333333333343
2015-11-14 00:00:00 UTC,286,1226,412418891,9.0330555555555563
2015-11-14 00:00:00 UTC,286,1226,200009547,2.2166666666666668
2015-11-14 00:00:00 UTC,286,1222,410391116,3.1102777777777777
2015-11-14 00:00:00 UTC,286,1219,412410701,2.5165277777777777
2015-11-14 00:00:00 UTC,286,1222,600065103,4.4495833333333339
2015-11-14 00:00:00 UTC,286,1221,600065103,1.7130555555555556
2015-11-14 00:00:00 UTC,286,1222,412412496,4.0127777777777771
2015-11-14 00:00:00 UTC,286,1220,412410706,3.6420833333333338
2015-11-14 00:00:00 UTC,286,1226,412418643,5.8943055555555555
2015-11-14 00:00:00 UTC,286,1222,412413779,0.32472222222222225
2015-11-14 00:00:00 UTC,286,1223,412413779,0.27305555555555555
2015-11-14 00:00:00 UTC,286,1225,412419668,6.8086111111111105
2015-11-14 00:00:00 UTC,286,1222,412412756,0.34902777777777777
2015-11-14 00:00:00 UTC,286,1225,413213013,15.257361111111114
2015-11-14 00:00:00 UTC,286,1223,412435285,4.1527777777777777
2015-11-14 00:00:00 UTC,286,1224,412435285,1.9541666666666668
2015-11-14 00:00:00 UTC,286,1223,412435797,0.74375000000000013
2015-11-14 00:00:00 UTC,286,1222,412412501,2.4777777777777779
2015-11-14 00:00:00 UTC,286,1222,412412502,2.9337500000000003
2015-11-14 00:00:00 UTC,286,1223,412450393,5.3341666666666674
2015-11-14 00:00:00 UTC,286,1216,210406234,9.6252777777777769
2015-11-14 00:00:00 UTC,286,1218,412410458,0.45152777777777781
2015-11-14 00:00:00 UTC,286,1217,412410458,10.561250000000003
2015-11-14 00:00:00 UTC,286,1220,412415578,6.4075
2015-11-14 00:00:00 UTC,286,1219,412415578,2.5909722222222222
2015-11-14 00:00:00 UTC,286,1221,413021275,1.9962499999999999
2015-11-14 00:00:00 UTC,286,1220,413021275,3.5977777777777775
2015-11-14 00:00:00 UTC,286,1225,412418142,13.201944444444443
2015-11-14 00:00:00 UTC,286,1222,413081182,1.6223611111111111
2015-11-14 00:00:00 UTC,286,1223,412435807,4.1843055555555555
2015-11-14 00:00:00 UTC,286,1222,412435807,1.0695833333333333
2015-11-14 00:00:00 UTC,286,1224,412415583,5.8344444444444443
2015-11-14 00:00:00 UTC,286,1222,412410464,1.7626388888888889
2015-11-14 00:00:00 UTC,286,1223,412410464,5.9316666666666666
2015-11-14 00:00:00 UTC,286,1223,412435045,1.3441666666666667
2015-11-14 00:00:00 UTC,286,1223,412436837,0.67708333333333337
2015-11-14 00:00:00 UTC,286,1224,412436837,0.5676388888888888
2015-11-14 00:00:00 UTC,286,1222,412412518,2.1051388888888889
2015-11-14 00:00:00 UTC,286,1225,413008999,1.6222222222222222
2015-11-14 00:00:00 UTC,286,1226,413008999,13.016250000000001
2015-11-14 00:00:00 UTC,286,1222,413488999,0.29833333333333334
2015-11-14 00:00:00 UTC,286,1218,412411751,2.0784722222222225
2015-11-14 00:00:00 UTC,286,1222,412412519,3.6740277777777774
2015-11-14 00:00:00 UTC,286,1225,412414568,13.36916666666667
2015-11-14 00:00:00 UTC,286,1223,412410729,23.117361111111116
2015-11-14 00:00:00 UTC,286,1222,412418155,0.92430555555555549
2015-11-14 00:00:00 UTC,286,1216,412418411,0.56805555555555554
2015-11-14 00:00:00 UTC,286,1222,412412523,2.7154166666666666
2015-11-14 00:00:00 UTC,286,1222,412412524,3.5234722222222223
2015-11-14 00:00:00 UTC,286,1222,412412525,3.0268055555555557
2015-11-14 00:00:00 UTC,286,1222,412472942,8.91513888888889
2015-11-14 00:00:00 UTC,286,1221,412472942,2.1222222222222222
2015-11-14 00:00:00 UTC,286,1222,412412526,2.1483333333333334
2015-11-14 00:00:00 UTC,286,1223,412412526,0.34513888888888888
2015-11-14 00:00:00 UTC,286,1224,412435823,1.81125
2015-11-14 00:00:00 UTC,286,1223,412435823,9.146250000000002
2015-11-14 00:00:00 UTC,286,1217,412413039,10.508611111111113
2015-11-14 00:00:00 UTC,286,1218,412666481,2.4268055555555552
2015-11-14 00:00:00 UTC,286,1217,412666481,0.59555555555555562
2015-11-14 00:00:00 UTC,286,1221,412472945,1.7665277777777779
2015-11-14 00:00:00 UTC,286,1222,412472945,9.4099999999999984
2015-11-14 00:00:00 UTC,286,1222,412412273,6.9133333333333313
2015-11-14 00:00:00 UTC,286,1222,412412274,6.8820833333333322
2015-11-14 00:00:00 UTC,286,1222,412412275,13.040138888888887
2015-11-14 00:00:00 UTC,286,1222,412413555,6.1845833333333333
2015-11-14 00:00:00 UTC,286,1222,412412276,11.574861111111108
2015-11-14 00:00:00 UTC,286,1225,412413044,0.4475
2015-11-14 00:00:00 UTC,286,1222,412366197,2.12875
2015-11-14 00:00:00 UTC,286,1224,412366197,2.8588888888888886
2015-11-14 00:00:00 UTC,286,1223,413002357,23.939305555555556
2015-11-14 00:00:00 UTC,286,1218,412412279,2.8529166666666663
2015-11-14 00:00:00 UTC,286,1224,412436345,5.9811111111111108
2015-11-14 00:00:00 UTC,286,1225,412436345,0.34958333333333336
2015-11-14 00:00:00 UTC,286,1216,412412281,16.275416666666668
2015-11-14 00:00:00 UTC,286,1224,412413049,1.1161111111111111
2015-11-14 00:00:00 UTC,286,1223,412413049,0.38180555555555556
2015-11-14 00:00:00 UTC,286,1226,412538234,8.0883333333333329
2015-11-14 00:00:00 UTC,286,1222,412413562,6.1820833333333338
2015-11-14 00:00:00 UTC,286,1221,412413562,1.9680555555555554
2015-11-14 00:00:00 UTC,286,1223,412410491,20.972222222222225
2015-11-14 00:00:00 UTC,286,1223,412410492,20.075972222222227
2015-11-14 00:00:00 UTC,286,1220,412411517,11.224583333333333
2015-11-14 00:00:00 UTC,286,1226,412417405,12.098749999999999
2015-11-14 00:00:00 UTC,286,1220,412411518,4.4868055555555557
2015-11-14 00:00:00 UTC,286,1224,412435073,8.47236111111111
2015-11-14 00:00:00 UTC,286,1223,412435073,3.7011111111111115
2015-11-14 00:00:00 UTC,286,1225,412417666,1.7588888888888892
2015-11-14 00:00:00 UTC,286,1222,412411523,0.30555555555555558
2015-11-14 00:00:00 UTC,286,1223,412433028,10.9125
2015-11-14 00:00:00 UTC,286,1222,412433028,8.8426388888888887
2015-11-14 00:00:00 UTC,286,1221,412412294,7.0631944444444441
2015-11-14 00:00:00 UTC,286,1224,412435847,0.92875
2015-11-14 00:00:00 UTC,286,1222,668066698,7.98513888888889
2015-11-14 00:00:00 UTC,286,1222,412413579,0.71930555555555553
2015-11-14 00:00:00 UTC,286,1223,412415629,6.0356944444444443
2015-11-14 00:00:00 UTC,286,1225,412417677,7.0093055555555557
2015-11-14 00:00:00 UTC,286,1223,412436878,3.1038888888888891
2015-11-14 00:00:00 UTC,286,1224,412436878,8.3597222222222225
2015-11-14 00:00:00 UTC,286,1223,412437904,1.8748611111111109
2015-11-14 00:00:00 UTC,286,1222,412413587,0.65305555555555561
2015-11-14 00:00:00 UTC,286,1223,412418964,19.765138888888885
2015-11-14 00:00:00 UTC,286,1224,412435348,6.4295833333333317
2015-11-14 00:00:00 UTC,286,1225,412435348,0.68347222222222226
2015-11-14 00:00:00 UTC,286,1222,412442004,0.67805555555555552
2015-11-14 00:00:00 UTC,286,1223,412442004,2.0009722222222224
2015-11-14 00:00:00 UTC,286,1220,412418453,3.8897222222222219
2015-11-14 00:00:00 UTC,286,1218,412418453,1.827361111111111
2015-11-14 00:00:00 UTC,286,1217,412410521,11.105138888888884
2015-11-14 00:00:00 UTC,286,1218,412410521,2.5643055555555549
2015-11-14 00:00:00 UTC,286,1223,412453018,0.38680555555555551
2015-11-14 00:00:00 UTC,286,1224,412453018,0.7675
2015-11-14 00:00:00 UTC,286,1222,200006299,9.3934722222222238
2015-11-14 00:00:00 UTC,286,1221,412411547,4.0273611111111114
2015-11-14 00:00:00 UTC,286,1222,412449949,12.731250000000001
2015-11-14 00:00:00 UTC,286,1223,412449949,0.40888888888888886
2015-11-14 00:00:00 UTC,286,1224,412201885,1.6027777777777779
2015-11-14 00:00:00 UTC,286,1222,412413604,8.4265277777777783
2015-11-14 00:00:00 UTC,286,1223,412413604,1.74875
2015-11-14 00:00:00 UTC,286,1221,412413604,1.9822222222222223
2015-11-14 00:00:00 UTC,286,1222,412449701,1.69625
2015-11-14 00:00:00 UTC,286,1223,412449701,14.29361111111111
2015-11-14 00:00:00 UTC,286,1223,412412325,1.0766666666666667
2015-11-14 00:00:00 UTC,286,1222,412412325,0.65194444444444444
2015-11-14 00:00:00 UTC,286,1222,412412326,0.875
2015-11-14 00:00:00 UTC,286,1223,412412326,0.72083333333333333
2015-11-14 00:00:00 UTC,286,1221,412413607,3.7804166666666661
2015-11-14 00:00:00 UTC,286,1222,412413607,14.859305555555554
2015-11-14 00:00:00 UTC,286,1225,412418473,2.5276388888888888
2015-11-14 00:00:00 UTC,286,1224,412418473,5.8801388888888892
2015-11-14 00:00:00 UTC,286,1222,411300009,8.8527777777777779
2015-11-14 00:00:00 UTC,286,1225,412418474,4.0588888888888892
2015-11-14 00:00:00 UTC,286,1224,412418474,7.9419444444444443
2015-11-14 00:00:00 UTC,286,1222,412412331,3.0693055555555553
2015-11-14 00:00:00 UTC,286,1222,412412588,5.66625
2015-11-14 00:00:00 UTC,286,1222,412412589,5.748333333333334
2015-11-14 00:00:00 UTC,286,1222,412413613,2.1072222222222221
2015-11-14 00:00:00 UTC,286,1222,412442542,12.955833333333333
2015-11-14 00:00:00 UTC,286,1221,412442542,2.862222222222222
2015-11-14 00:00:00 UTC,286,1224,412436399,0.72472222222222227
2015-11-14 00:00:00 UTC,286,1223,412436399,1.1584722222222221
2015-11-14 00:00:00 UTC,286,1223,412412591,4.4330555555555557
2015-11-14 00:00:00 UTC,286,1224,412412591,0.28236111111111112
2015-11-14 00:00:00 UTC,286,1222,412412591,0.33944444444444444
2015-11-14 00:00:00 UTC,286,1219,412410545,2.0454166666666667
2015-11-14 00:00:00 UTC,286,1222,412412339,2.2369444444444446
2015-11-14 00:00:00 UTC,286,1221,412412595,0.43902777777777779
2015-11-14 00:00:00 UTC,286,1225,412413363,1.4408333333333332
2015-11-14 00:00:00 UTC,286,1222,412441268,10.850972222222222
2015-11-14 00:00:00 UTC,286,1220,412410548,2.1793055555555556
2015-11-14 00:00:00 UTC,286,1219,412410548,8.99361111111111
2015-11-14 00:00:00 UTC,286,1222,412411572,4.1134722222222226
2015-11-14 00:00:00 UTC,286,1221,412412596,0.58486111111111116
2015-11-14 00:00:00 UTC,286,1222,412412341,3.0358333333333332
2015-11-14 00:00:00 UTC,286,1225,412412597,0.90638888888888891
2015-11-14 00:00:00 UTC,286,1222,412411831,1.6868055555555557
2015-11-14 00:00:00 UTC,286,1226,412448696,3.9884722222222218
2015-11-14 00:00:00 UTC,286,1223,200004280,1.5051388888888888
2015-11-14 00:00:00 UTC,286,1222,412414392,11.283750000000001
2015-11-14 00:00:00 UTC,286,1221,412414392,1.9256944444444444
2015-11-14 00:00:00 UTC,286,1216,412436667,8.4377777777777769
2015-11-14 00:00:00 UTC,286,1222,412412604,0.98166666666666669
2015-11-14 00:00:00 UTC,286,1222,412413628,1.6915277777777777
2015-11-14 00:00:00 UTC,286,1222,412412605,0.96763888888888894
2015-11-14 00:00:00 UTC,286,1221,413656511,0.2927777777777778
2015-11-14 00:00:00 UTC,286,1223,413656511,0.93763888888888891
2015-11-14 00:00:00 UTC,286,1222,413656511,9.7370833333333344
2015-11-14 00:00:00 UTC,286,1222,412413887,0.35236111111111112
2015-11-14 00:00:00 UTC,286,1223,412413887,0.742361111111111
2015-11-14 00:00:00 UTC,286,1225,412417727,2.9631944444444449
2015-11-14 00:00:00 UTC,286,1224,412417727,5.6994444444444436
2015-11-14 00:00:00 UTC,286,1225,412417983,2.6202777777777779
2015-11-14 00:00:00 UTC,286,1226,412417983,2.5781944444444447
2015-11-14 00:00:00 UTC,286,1223,412413888,9.4965277777777786
2015-11-14 00:00:00 UTC,286,1216,789456321,0.32958333333333334
2015-11-14 00:00:00 UTC,286,1222,412412353,2.9468055555555557
2015-11-14 00:00:00 UTC,286,1223,412412353,0.88375
2015-11-14 00:00:00 UTC,286,1220,412413377,3.8363888888888886
2015-11-14 00:00:00 UTC,286,1222,412413633,2.4015277777777779
2015-11-14 00:00:00 UTC,286,1223,412412354,0.85138888888888886
2015-11-14 00:00:00 UTC,286,1222,412412354,2.9079166666666665
2015-11-14 00:00:00 UTC,286,1222,412412611,3.5019444444444447
2015-11-14 00:00:00 UTC,286,1222,412412612,2.2769444444444447
2015-11-14 00:00:00 UTC,286,1222,412413636,8.0991666666666653
2015-11-14 00:00:00 UTC,286,1227,412416709,1.9254166666666668
2015-11-14 00:00:00 UTC,286,1224,412435654,1.1902777777777778
2015-11-14 00:00:00 UTC,286,1223,412435654,2.8197222222222225
2015-11-14 00:00:00 UTC,286,1221,412437958,4.646527777777778
2015-11-14 00:00:00 UTC,286,1222,412411846,0.36236111111111113
2015-11-14 00:00:00 UTC,286,1221,412437959,4.6655555555555548
2015-11-14 00:00:00 UTC,286,1222,412412359,9.4720833333333339
2015-11-14 00:00:00 UTC,286,1223,412416455,22.87458333333333
2015-11-14 00:00:00 UTC,286,1220,412410825,4.441527777777778
2015-11-14 00:00:00 UTC,286,1218,412410825,8.8331944444444446
2015-11-14 00:00:00 UTC,286,1224,412416713,1.0376388888888888
2015-11-14 00:00:00 UTC,286,1222,412412618,0.33625
2015-11-14 00:00:00 UTC,286,1224,412450508,2.3
2015-11-14 00:00:00 UTC,286,1222,412435405,1.8633333333333333
2015-11-14 00:00:00 UTC,286,1223,412449485,17.310000000000006
2015-11-14 00:00:00 UTC,286,1222,412668877,1.8384722222222223
2015-11-14 00:00:00 UTC,286,1222,412412365,9.2998611111111114
2015-11-14 00:00:00 UTC,286,1222,412411598,0.33291666666666664
2015-11-14 00:00:00 UTC,286,1222,200000463,1.8711111111111109
2015-11-14 00:00:00 UTC,286,1222,412412623,2.670694444444444
2015-11-14 00:00:00 UTC,286,1222,412412624,3.3319444444444444
2015-11-14 00:00:00 UTC,286,1225,412418769,3.7048611111111116
2015-11-14 00:00:00 UTC,286,1223,412410833,22.473611111111108
2015-11-14 00:00:00 UTC,286,1218,412412113,2.4843055555555553
2015-11-14 00:00:00 UTC,286,1223,412415697,0.55694444444444446
2015-11-14 00:00:00 UTC,286,1224,413262035,1.6781944444444443
2015-11-14 00:00:00 UTC,286,1222,412413907,0.86708333333333343
2015-11-14 00:00:00 UTC,286,1220,412417747,8.5408333333333353
2015-11-14 00:00:00 UTC,286,1222,412413908,0.94083333333333341
2015-11-14 00:00:00 UTC,286,1224,412438231,3.2838888888888884
2015-11-14 00:00:00 UTC,286,1217,413841111,2.7975
2015-11-14 00:00:00 UTC,286,1216,413841111,1.9716666666666669
2015-11-14 00:00:00 UTC,286,1219,412410839,2.2165277777777779
2015-11-14 00:00:00 UTC,286,1222,412412376,2.6444444444444444
2015-11-14 00:00:00 UTC,286,1224,412430297,2.265138888888889
2015-11-14 00:00:00 UTC,286,1219,412410841,5.6966666666666672
2015-11-14 00:00:00 UTC,286,1222,412412377,18.36986111111111
2015-11-14 00:00:00 UTC,286,1224,412430298,1.8868055555555558
2015-11-14 00:00:00 UTC,286,1222,412412378,18.666666666666668
2015-11-14 00:00:00 UTC,286,1223,412432347,1.2101388888888889
2015-11-14 00:00:00 UTC,286,1222,412411611,1.2034722222222223
2015-11-14 00:00:00 UTC,286,1219,412012764,2.9384722222222219
2015-11-14 00:00:00 UTC,286,1225,412435677,0.69013888888888886
2015-11-14 00:00:00 UTC,286,1222,400523741,0.92305555555555563
2015-11-14 00:00:00 UTC,286,1223,200004062,8.4391666666666687
2015-11-14 00:00:00 UTC,286,1222,412412382,3.6773611111111113
2015-11-14 00:00:00 UTC,286,1222,412413918,0.28625
2015-11-14 00:00:00 UTC,286,1220,412412127,8.98625
2015-11-14 00:00:00 UTC,286,1220,412417759,10.323611111111113
2015-11-14 00:00:00 UTC,286,1224,412437216,0.38305555555555559
2015-11-14 00:00:00 UTC,286,1219,412412128,3.3729166666666663
2015-11-14 00:00:00 UTC,286,1220,412412128,1.3530555555555557
2015-11-14 00:00:00 UTC,286,1223,412412384,0.99305555555555547
2015-11-14 00:00:00 UTC,286,1219,412410337,4.5773611111111112
2015-11-14 00:00:00 UTC,286,1219,412410338,3.4108333333333336
2015-11-14 00:00:00 UTC,286,1220,412410338,0.39194444444444443
2015-11-14 00:00:00 UTC,286,1225,412416226,11.82875
2015-11-14 00:00:00 UTC,286,1222,412413667,2.4858333333333333
2015-11-14 00:00:00 UTC,286,1222,412411876,1.5256944444444445
2015-11-14 00:00:00 UTC,286,1222,412412388,3.2990277777777779
2015-11-14 00:00:00 UTC,286,1224,412420069,1.8522222222222222
2015-11-14 00:00:00 UTC,286,1222,412420069,7.1963888888888867
2015-11-14 00:00:00 UTC,286,1223,412420069,2.0901388888888888
2015-11-14 00:00:00 UTC,286,1220,412412133,5.36861111111111
2015-11-14 00:00:00 UTC,286,1219,412412133,2.0038888888888886
2015-11-14 00:00:00 UTC,286,1222,412412389,3.4188888888888891
2015-11-14 00:00:00 UTC,286,1222,412450278,1.3643055555555557
2015-11-14 00:00:00 UTC,286,1222,412412646,1.7191666666666667
2015-11-14 00:00:00 UTC,286,1220,412412902,0.87083333333333335
2015-11-14 00:00:00 UTC,286,1219,412412902,3.7883333333333336
2015-11-14 00:00:00 UTC,286,1222,412441575,0.812638888888889
2015-11-14 00:00:00 UTC,286,1222,412412647,1.4919444444444445
2015-11-14 00:00:00 UTC,286,1222,412412392,1.9049999999999998
2015-11-14 00:00:00 UTC,286,1222,412412393,3.5624999999999996
2015-11-14 00:00:00 UTC,286,1222,412413673,2.7216666666666662
2015-11-14 00:00:00 UTC,286,1222,412412653,1.6438888888888892
2015-11-14 00:00:00 UTC,286,1226,200004078,10.513333333333334
2015-11-14 00:00:00 UTC,286,1225,200004078,1.8651388888888891
2015-11-14 00:00:00 UTC,286,1223,412436209,2.8247222222222219
2015-11-14 00:00:00 UTC,286,1224,412436209,6.8170833333333336
2015-11-14 00:00:00 UTC,286,1223,200009713,0.570138888888889
2015-11-14 00:00:00 UTC,286,1222,200009713,6.6177777777777775
2015-11-14 00:00:00 UTC,286,1222,412412402,2.4873611111111109
2015-11-14 00:00:00 UTC,286,1221,412411123,5.6598611111111108
2015-11-14 00:00:00 UTC,286,1222,412412404,3.8004166666666666
2015-11-14 00:00:00 UTC,286,1223,412421365,2.5636111111111113
2015-11-14 00:00:00 UTC,286,1222,412412405,3.4250000000000003
2015-11-14 00:00:00 UTC,286,1219,412412917,6.1490277777777775
2015-11-14 00:00:00 UTC,286,1224,412437751,1.2263888888888888
2015-11-14 00:00:00 UTC,286,1223,412412407,1.4484722222222222
2015-11-14 00:00:00 UTC,286,1224,412437752,1.0504166666666666
2015-11-14 00:00:00 UTC,286,1222,412441336,10.885555555555555
2015-11-14 00:00:00 UTC,286,1225,412450042,2.6838888888888888
2015-11-14 00:00:00 UTC,286,1224,412412154,0.91236111111111118
2015-11-14 00:00:00 UTC,286,1223,412435707,0.31222222222222223
2015-11-14 00:00:00 UTC,286,1216,412410363,6.905277777777779
2015-11-14 00:00:00 UTC,286,1220,412418812,3.8094444444444444
2015-11-14 00:00:00 UTC,286,1218,412418812,5.0616666666666665
2015-11-14 00:00:00 UTC,286,1223,412410876,11.41236111111111
2015-11-14 00:00:00 UTC,286,1222,412410876,0.5870833333333334
2015-11-14 00:00:00 UTC,286,1222,413548798,8.7880555555555571
2015-11-14 00:00:00 UTC,542,-1655,367571460,0.34944444444444445
2015-11-14 00:00:00 UTC,542,-1654,367571460,8.5681944444444422
2015-11-14 00:00:00 UTC,542,-55,235002043,0.76875
2015-11-14 00:00:00 UTC,542,-56,235002043,0.54305555555555551
2015-11-14 00:00:00 UTC,-482,-760,725000357,1.5388888888888888
2015-11-14 00:00:00 UTC,-226,489,533333009,6.2031944444444447
2015-11-14 00:00:00 UTC,-226,559,660003100,1.3956944444444446
2015-11-14 00:00:00 UTC,-226,-1188,576638000,0.18333333333333335
2015-11-14 00:00:00 UTC,-226,585,416002875,1.0786111111111112
2015-11-14 00:00:00 UTC,-226,584,416002875,7.2
2015-11-14 00:00:00 UTC,-226,506,416003173,2.0868055555555554
2015-11-14 00:00:00 UTC,-226,505,416003451,9.8872222222222241
2015-11-14 00:00:00 UTC,-226,506,416003451,7.7025000000000006
2015-11-14 00:00:00 UTC,-226,1532,503647900,1.3547222222222222
2015-11-14 00:00:00 UTC,-226,1532,503671200,1.4726388888888888
2015-11-14 00:00:00 UTC,-226,922,263576000,1.0225
2015-11-14 00:00:00 UTC,-226,924,263576000,1.6262499999999998
2015-11-14 00:00:00 UTC,-226,591,660006100,1.5404166666666668
2015-11-14 00:00:00 UTC,-226,590,660006100,4.646527777777778
2015-11-14 00:00:00 UTC,-226,586,416002287,6.2534722222222214
2015-11-14 00:00:00 UTC,31,1672,412699540,1.4256944444444446
2015-11-14 00:00:00 UTC,31,-1671,416004501,2.2601388888888891
2015-11-14 00:00:00 UTC,31,-1670,416004501,1.3615277777777779
2015-11-14 00:00:00 UTC,31,1532,431918000,5.8411111111111111
2015-11-14 00:00:00 UTC,31,1531,431918000,8.7366666666666681
2015-11-14 00:00:00 UTC,31,1635,510051000,0.66805555555555551
2015-11-14 00:00:00 UTC,31,1581,416232900,3.8544444444444443
2015-11-14 00:00:00 UTC,31,1588,416232900,2.8583333333333334
2015-11-14 00:00:00 UTC,31,1580,416232900,3.2223611111111112
2015-11-14 00:00:00 UTC,31,1589,416232900,1.7684722222222222
2015-11-14 00:00:00 UTC,31,-1664,416004566,5.3645833333333339
2015-11-14 00:00:00 UTC,287,1224,412430342,2.9058333333333337
2015-11-14 00:00:00 UTC,287,1223,412412167,1.0380555555555555
2015-11-14 00:00:00 UTC,287,1223,412412423,0.29013888888888889
2015-11-14 00:00:00 UTC,287,1227,412450316,2.1844444444444449
2015-11-14 00:00:00 UTC,287,1224,412432141,1.0341666666666667
2015-11-14 00:00:00 UTC,287,1223,412432141,13.653750000000002
2015-11-14 00:00:00 UTC,287,1220,412412942,12.404305555555556
2015-11-14 00:00:00 UTC,287,1224,412437519,3.0369444444444449
2015-11-14 00:00:00 UTC,287,1223,412437519,0.62694444444444442
2015-11-14 00:00:00 UTC,287,1222,412413711,3.2813888888888885
2015-11-14 00:00:00 UTC,287,1226,412418577,9.984444444444442
2015-11-14 00:00:00 UTC,287,1223,412435985,0.27333333333333332
2015-11-14 00:00:00 UTC,287,1222,412413713,2.5036111111111112
2015-11-14 00:00:00 UTC,287,1221,412413713,0.30291666666666667
2015-11-14 00:00:00 UTC,287,1224,412432659,0.60180555555555559
2015-11-14 00:00:00 UTC,287,1222,412432659,0.99125000000000008
2015-11-14 00:00:00 UTC,287,1223,412432659,5.5520833333333339
2015-11-14 00:00:00 UTC,287,1223,412433171,12.925416666666665
2015-11-14 00:00:00 UTC,287,1224,412433171,1.9579166666666667
2015-11-14 00:00:00 UTC,287,1220,412412947,10.228194444444444
2015-11-14 00:00:00 UTC,287,1225,412419349,1.5201388888888889
2015-11-14 00:00:00 UTC,287,1223,412435477,0.29055555555555557
2015-11-14 00:00:00 UTC,287,1222,412412693,0.6348611111111111
2015-11-14 00:00:00 UTC,287,1220,412412952,13.512361111111112
2015-11-14 00:00:00 UTC,287,1222,412412443,1.0443055555555556
2015-11-14 00:00:00 UTC,287,1223,412410397,0.64986111111111111
2015-11-14 00:00:00 UTC,287,1221,412412189,12.406388888888889
2015-11-14 00:00:00 UTC,287,1226,412417053,7.0565277777777773
2015-11-14 00:00:00 UTC,287,1222,200058910,0.64222222222222225
2015-11-14 00:00:00 UTC,287,1227,412419359,9.9718055555555551
2015-11-14 00:00:00 UTC,287,1224,412433184,9.1586111111111119
2015-11-14 00:00:00 UTC,287,1224,412437024,8.3705555555555549
2015-11-14 00:00:00 UTC,287,1222,412413474,0.59930555555555554
2015-11-14 00:00:00 UTC,287,1224,412437283,3.7044444444444444
2015-11-14 00:00:00 UTC,287,1223,412425511,0.71722222222222221
2015-11-14 00:00:00 UTC,287,1224,412437031,3.0311111111111111
2015-11-14 00:00:00 UTC,287,1222,200004391,0.89833333333333332
2015-11-14 00:00:00 UTC,287,1221,200004391,0.31569444444444444
2015-11-14 00:00:00 UTC,287,1222,412412457,0.28722222222222227
2015-11-14 00:00:00 UTC,287,1222,412412459,0.81194444444444447
2015-11-14 00:00:00 UTC,287,1223,200010286,0.29625
2015-11-14 00:00:00 UTC,287,1223,412414767,13.608611111111111
2015-11-14 00:00:00 UTC,287,1222,412414767,1.5362500000000001
2015-11-14 00:00:00 UTC,287,1224,412437553,1.0183333333333335
2015-11-14 00:00:00 UTC,287,1223,412437553,0.60000000000000009
2015-11-14 00:00:00 UTC,287,1223,412449073,1.1330555555555555
2015-11-14 00:00:00 UTC,287,1223,413510450,1.432638888888889
2015-11-14 00:00:00 UTC,287,1226,412415538,7.7004166666666656
2015-11-14 00:00:00 UTC,287,1225,412415538,7.4830555555555556
2015-11-14 00:00:00 UTC,287,1225,412418867,3.8890277777777782
2015-11-14 00:00:00 UTC,287,1224,412436787,4.6297222222222221
2015-11-14 00:00:00 UTC,287,1222,412413491,1.1791666666666667
2015-11-14 00:00:00 UTC,287,1224,412430389,3.3247222222222219
2015-11-14 00:00:00 UTC,287,1223,412437046,1.6761111111111111
2015-11-14 00:00:00 UTC,287,1224,412437046,4.1312500000000005
2015-11-14 00:00:00 UTC,287,1217,412414006,5.66125
2015-11-14 00:00:00 UTC,287,1224,412412216,2.245138888888889
2015-11-14 00:00:00 UTC,287,1222,412412984,0.94569444444444439
2015-11-14 00:00:00 UTC,287,1224,412412217,2.5886111111111108
2015-11-14 00:00:00 UTC,287,1216,412414009,8.7259722222222216
2015-11-14 00:00:00 UTC,287,1220,412412986,2.9111111111111105
2015-11-14 00:00:00 UTC,287,1222,412413756,0.33291666666666664
2015-11-14 00:00:00 UTC,287,1223,412449088,0.63791666666666669
2015-11-14 00:00:00 UTC,287,1222,412430402,0.57305555555555554
2015-11-14 00:00:00 UTC,287,1222,412461381,5.64638888888889
2015-11-14 00:00:00 UTC,287,1227,413058117,7.9841666666666669
2015-11-14 00:00:00 UTC,287,1227,412416326,10.8625
2015-11-14 00:00:00 UTC,287,1225,412417862,1.6972222222222222
2015-11-14 00:00:00 UTC,287,1226,412456777,14.983611111111109
2015-11-14 00:00:00 UTC,287,1223,412410442,0.591388888888889
2015-11-14 00:00:00 UTC,287,1223,200008778,7.4122222222222218
2015-11-14 00:00:00 UTC,287,1222,200008778,1.0591666666666666
2015-11-14 00:00:00 UTC,287,1226,412418891,13.881944444444445
2015-11-14 00:00:00 UTC,287,1226,200009547,12.116666666666667
2015-11-14 00:00:00 UTC,287,1224,412430415,3.8323611111111116
2015-11-14 00:00:00 UTC,287,1222,600065103,0.90083333333333326
2015-11-14 00:00:00 UTC,287,1226,412418643,11.072083333333333
2015-11-14 00:00:00 UTC,287,1223,412435285,0.39
2015-11-14 00:00:00 UTC,287,1224,412435285,2.3319444444444444
2015-11-14 00:00:00 UTC,287,1222,412412501,0.3240277777777778
2015-11-14 00:00:00 UTC,287,1222,412412502,0.3575
2015-11-14 00:00:00 UTC,287,1224,412450393,3.7409722222222221
2015-11-14 00:00:00 UTC,287,1222,412450393,0.96444444444444444
2015-11-14 00:00:00 UTC,287,1223,412450393,6.3123611111111115
2015-11-14 00:00:00 UTC,287,1221,413021275,12.762083333333335
2015-11-14 00:00:00 UTC,287,1224,412412509,0.28611111111111109
2015-11-14 00:00:00 UTC,287,1223,412412509,1.3440277777777778
2015-11-14 00:00:00 UTC,287,1225,412418142,10.873055555555554
2015-11-14 00:00:00 UTC,287,1224,412412511,0.3240277777777778
2015-11-14 00:00:00 UTC,287,1223,412412511,1.4605555555555556
2015-11-14 00:00:00 UTC,287,1223,412410464,0.73111111111111116
2015-11-14 00:00:00 UTC,287,1224,412412001,0.44986111111111116
2015-11-14 00:00:00 UTC,287,1223,412436837,2.2018055555555556
2015-11-14 00:00:00 UTC,287,1224,412436837,4.9204166666666671
2015-11-14 00:00:00 UTC,287,1222,412412518,1.2118055555555556
2015-11-14 00:00:00 UTC,287,1222,412412519,0.98208333333333342
2015-11-14 00:00:00 UTC,287,1223,412449898,1.6429166666666668
2015-11-14 00:00:00 UTC,287,1222,412418155,3.1588888888888884
2015-11-14 00:00:00 UTC,287,1222,412412523,2.4291666666666667
2015-11-14 00:00:00 UTC,287,1222,412412524,0.55527777777777776
2015-11-14 00:00:00 UTC,287,1223,412412525,0.73013888888888889
2015-11-14 00:00:00 UTC,287,1221,412472942,0.60930555555555554
2015-11-14 00:00:00 UTC,287,1222,412472942,2.3679166666666669
2015-11-14 00:00:00 UTC,287,1223,412412526,0.32805555555555554
2015-11-14 00:00:00 UTC,287,1224,412435823,0.325
2015-11-14 00:00:00 UTC,287,1223,412435823,0.81097222222222221
2015-11-14 00:00:00 UTC,287,1217,412666481,2.6356944444444443
2015-11-14 00:00:00 UTC,287,1218,412666481,2.3602777777777777
2015-11-14 00:00:00 UTC,287,1222,412472945,2.2504166666666667
2015-11-14 00:00:00 UTC,287,1221,412472945,0.64597222222222217
2015-11-14 00:00:00 UTC,287,1222,412412273,2.0569444444444445
2015-11-14 00:00:00 UTC,287,1222,412412274,2.0534722222222221
2015-11-14 00:00:00 UTC,287,1218,412414066,0.67569444444444449
2015-11-14 00:00:00 UTC,287,1222,412412275,3.0043055555555558
2015-11-14 00:00:00 UTC,287,1222,412413555,1.5119444444444443
2015-11-14 00:00:00 UTC,287,1222,412412276,3.4526388888888881
2015-11-14 00:00:00 UTC,287,1224,412366197,4.2573611111111109
2015-11-14 00:00:00 UTC,287,1223,412366197,2.1665277777777776
2015-11-14 00:00:00 UTC,287,1222,412366197,0.53555555555555556
2015-11-14 00:00:00 UTC,287,1226,412418935,0.72930555555555543
2015-11-14 00:00:00 UTC,287,1225,412418935,14.735694444444443
2015-11-14 00:00:00 UTC,287,1218,412412279,0.55402777777777779
2015-11-14 00:00:00 UTC,287,1217,412412279,0.70180555555555557
2015-11-14 00:00:00 UTC,287,1225,412436345,4.074583333333333
2015-11-14 00:00:00 UTC,287,1224,412436345,3.4015277777777779
2015-11-14 00:00:00 UTC,287,1224,412413049,3.3836111111111116
2015-11-14 00:00:00 UTC,287,1226,412538234,8.6518055555555549
2015-11-14 00:00:00 UTC,287,1221,412413562,0.68305555555555564
2015-11-14 00:00:00 UTC,287,1223,412413562,0.61749999999999994
2015-11-14 00:00:00 UTC,287,1223,412410491,1.0345833333333332
2015-11-14 00:00:00 UTC,287,1223,412410492,2.0398611111111107
2015-11-14 00:00:00 UTC,287,1221,412411516,2.7476388888888894
2015-11-14 00:00:00 UTC,287,1220,412411517,8.46125
2015-11-14 00:00:00 UTC,287,1226,412417405,1.6854166666666666
2015-11-14 00:00:00 UTC,287,1220,412411518,8.5805555555555575
2015-11-14 00:00:00 UTC,287,1222,412412799,2.7870833333333334
2015-11-14 00:00:00 UTC,287,1217,412414083,1.6415277777777777
2015-11-14 00:00:00 UTC,287,1221,412412294,5.2872222222222227
2015-11-14 00:00:00 UTC,287,1225,412435847,2.1254166666666667
2015-11-14 00:00:00 UTC,287,1224,412435847,0.37083333333333335
2015-11-14 00:00:00 UTC,287,1222,668066698,5.087361111111111
2015-11-14 00:00:00 UTC,287,1223,412436107,2.1163888888888889
2015-11-14 00:00:00 UTC,287,1224,412415629,2.642638888888889
2015-11-14 00:00:00 UTC,287,1223,412415629,7.48875
2015-11-14 00:00:00 UTC,287,1223,412436878,0.47916666666666663
2015-11-14 00:00:00 UTC,287,1224,412436878,5.1954166666666666
2015-11-14 00:00:00 UTC,287,1223,412437904,0.33777777777777773
2015-11-14 00:00:00 UTC,287,1223,412418964,0.27736111111111111
2015-11-14 00:00:00 UTC,287,-148,224082580,0.1425
2015-11-14 00:00:00 UTC,287,-146,224082580,0.13763888888888889
2015-11-14 00:00:00 UTC,287,-147,224082580,0.7975000000000001
2015-11-14 00:00:00 UTC,287,1224,412435348,4.2186111111111106
2015-11-14 00:00:00 UTC,287,1225,412435348,2.2023611111111112
2015-11-14 00:00:00 UTC,287,1223,412442004,10.849027777777779
2015-11-14 00:00:00 UTC,287,1224,412442004,1.0047222222222221
2015-11-14 00:00:00 UTC,287,1222,412442004,1.1781944444444443
2015-11-14 00:00:00 UTC,287,1223,412453018,4.0595833333333333
2015-11-14 00:00:00 UTC,287,1220,412413338,0.32097222222222221
2015-11-14 00:00:00 UTC,287,1219,412413338,4.0112499999999995
2015-11-14 00:00:00 UTC,287,1222,200006299,8.1984722222222217
2015-11-14 00:00:00 UTC,287,1219,412411041,1.4791666666666665
2015-11-14 00:00:00 UTC,287,1220,412416417,3.7959722222222219
2015-11-14 00:00:00 UTC,287,1223,412433571,1.3843055555555557
2015-11-14 00:00:00 UTC,287,1221,412413604,0.32791666666666663
2015-11-14 00:00:00 UTC,287,1222,412413604,2.657083333333333
2015-11-14 00:00:00 UTC,287,1223,412260005,1.8469444444444443
2015-11-14 00:00:00 UTC,287,1221,412413607,0.26430555555555557
2015-11-14 00:00:00 UTC,287,1222,412413607,3.0229166666666667
2015-11-14 00:00:00 UTC,287,1222,411300009,3.4186111111111108
2015-11-14 00:00:00 UTC,287,1222,412412331,1.6319444444444444
2015-11-14 00:00:00 UTC,287,1222,412412588,5.45125
2015-11-14 00:00:00 UTC,287,1224,412432045,0.44194444444444447
2015-11-14 00:00:00 UTC,287,1223,412432045,10.954166666666667
2015-11-14 00:00:00 UTC,287,1222,412412589,5.2870833333333334
2015-11-14 00:00:00 UTC,287,1222,412413613,4.5818055555555564
2015-11-14 00:00:00 UTC,287,1223,412433326,6.0393055555555568
2015-11-14 00:00:00 UTC,287,1222,412442542,3.0077777777777781
2015-11-14 00:00:00 UTC,287,1224,412436399,7.6495833333333323
2015-11-14 00:00:00 UTC,287,1224,412412591,2.9338888888888892
2015-11-14 00:00:00 UTC,287,1223,412412591,7.4887499999999987
2015-11-14 00:00:00 UTC,287,1222,412412591,0.68361111111111117
2015-11-14 00:00:00 UTC,287,1222,412412339,1.8277777777777779
2015-11-14 00:00:00 UTC,287,1218,412413107,1.6602777777777777
2015-11-14 00:00:00 UTC,287,1217,412413107,0.68944444444444442
2015-11-14 00:00:00 UTC,287,1225,412413363,4.7705555555555552
2015-11-14 00:00:00 UTC,287,1222,412411572,0.34638888888888886
2015-11-14 00:00:00 UTC,287,1222,412412341,1.8291666666666666
2015-11-14 00:00:00 UTC,287,1226,412448696,6.5997222222222227
2015-11-14 00:00:00 UTC,287,1225,412448696,5.6254166666666672
2015-11-14 00:00:00 UTC,287,1222,412414392,1.1576388888888889
2015-11-14 00:00:00 UTC,287,1226,412417721,3.6272222222222221
2015-11-14 00:00:00 UTC,287,1225,412417721,5.2704166666666667
2015-11-14 00:00:00 UTC,287,1223,412432571,13.704305555555557
2015-11-14 00:00:00 UTC,287,1224,412432571,1.2154166666666666
2015-11-14 00:00:00 UTC,287,1222,413656511,2.8680555555555554
2015-11-14 00:00:00 UTC,287,1222,412413887,0.40861111111111109
2015-11-14 00:00:00 UTC,287,1226,412417983,9.5498611111111114
2015-11-14 00:00:00 UTC,287,1225,412417983,3.4091666666666667
2015-11-14 00:00:00 UTC,287,1222,412412611,0.91652777777777783
2015-11-14 00:00:00 UTC,287,1222,412412612,1.0222222222222221
2015-11-14 00:00:00 UTC,287,1222,412413636,3.1595833333333339
2015-11-14 00:00:00 UTC,287,1227,412416709,20.484027777777776
2015-11-14 00:00:00 UTC,287,1221,412437958,7.5265277777777762
2015-11-14 00:00:00 UTC,287,1222,412411846,0.37
2015-11-14 00:00:00 UTC,287,1221,412437959,7.2229166666666664
2015-11-14 00:00:00 UTC,287,1222,412412359,4.1456944444444446
2015-11-14 00:00:00 UTC,287,1225,412450508,0.97430555555555554
2015-11-14 00:00:00 UTC,287,1224,412450508,2.1754166666666666
2015-11-14 00:00:00 UTC,287,1223,412435405,10.425972222222223
2015-11-14 00:00:00 UTC,287,1222,412435405,1.0763888888888888
2015-11-14 00:00:00 UTC,287,1222,412412365,1.2355555555555555
2015-11-14 00:00:00 UTC,287,1222,200000463,0.78402777777777777
2015-11-14 00:00:00 UTC,287,1225,412418769,4.603472222222222
2015-11-14 00:00:00 UTC,287,1223,412410833,0.611388888888889
2015-11-14 00:00:00 UTC,287,1220,412417747,3.0981944444444447
2015-11-14 00:00:00 UTC,287,1224,412432342,0.83597222222222223
2015-11-14 00:00:00 UTC,287,1224,412438231,5.041666666666667
2015-11-14 00:00:00 UTC,287,1221,412412376,2.3961111111111109
2015-11-14 00:00:00 UTC,287,1223,412412376,0.29000000000000004
2015-11-14 00:00:00 UTC,287,1222,412412376,1.9968055555555557
2015-11-14 00:00:00 UTC,287,1224,412430297,1.3158333333333334
2015-11-14 00:00:00 UTC,287,1222,412412377,2.2522222222222221
2015-11-14 00:00:00 UTC,287,1224,412430298,1.7512499999999998
2015-11-14 00:00:00 UTC,287,1222,412412378,2.1858333333333335
2015-11-14 00:00:00 UTC,287,1223,412432347,11.792083333333334
2015-11-14 00:00:00 UTC,287,1223,200004062,4.9083333333333323
2015-11-14 00:00:00 UTC,287,1224,200004062,3.8383333333333329
2015-11-14 00:00:00 UTC,287,1222,412412382,0.6020833333333333
2015-11-14 00:00:00 UTC,287,1220,412412127,9.4095833333333339
2015-11-14 00:00:00 UTC,287,1220,412417759,3.6816666666666666
2015-11-14 00:00:00 UTC,287,1219,412412128,0.50236111111111115
2015-11-14 00:00:00 UTC,287,1220,412412128,7.1730555555555551
2015-11-14 00:00:00 UTC,287,1220,412412131,6.8600000000000012
2015-11-14 00:00:00 UTC,287,1222,412413667,5.0704166666666683
2015-11-14 00:00:00 UTC,287,1223,412001508,17.548333333333336
2015-11-14 00:00:00 UTC,287,1224,412001508,6.48375
2015-11-14 00:00:00 UTC,287,1222,412412388,0.6775
2015-11-14 00:00:00 UTC,287,1222,412420069,5.6126388888888892
2015-11-14 00:00:00 UTC,287,1224,412420069,0.37347222222222221
2015-11-14 00:00:00 UTC,287,1221,412420069,0.32430555555555557
2015-11-14 00:00:00 UTC,287,1222,412412389,0.59375
2015-11-14 00:00:00 UTC,287,1220,412412902,0.31666666666666665
2015-11-14 00:00:00 UTC,287,1226,412418281,15.122083333333334
2015-11-14 00:00:00 UTC,287,1222,412412393,0.19138888888888889
2015-11-14 00:00:00 UTC,287,1223,412433131,1.5472222222222221
2015-11-14 00:00:00 UTC,287,1223,412412142,1.9505555555555554
2015-11-14 00:00:00 UTC,287,1224,412436209,2.5683333333333334
2015-11-14 00:00:00 UTC,287,1222,200009713,4.8038888888888884
2015-11-14 00:00:00 UTC,287,1223,200009713,1.2798611111111113
2015-11-14 00:00:00 UTC,287,1222,412412402,0.60555555555555551
2015-11-14 00:00:00 UTC,287,1221,412411123,8.22652777777778
2015-11-14 00:00:00 UTC,287,1222,412412404,0.60986111111111108
2015-11-14 00:00:00 UTC,287,1222,412412405,0.64513888888888893
2015-11-14 00:00:00 UTC,287,1225,412437751,1.6065277777777778
2015-11-14 00:00:00 UTC,287,1224,412437751,2.21625
2015-11-14 00:00:00 UTC,287,1225,412437752,0.7780555555555555
2015-11-14 00:00:00 UTC,287,1224,412437752,3.2591666666666668
2015-11-14 00:00:00 UTC,287,1222,412441336,5.1019444444444453
2015-11-14 00:00:00 UTC,287,1226,412450042,13.853472222222223
2015-11-14 00:00:00 UTC,287,1225,412450042,6.899166666666666
2015-11-14 00:00:00 UTC,287,1224,412412154,0.81083333333333329
2015-11-14 00:00:00 UTC,287,1224,412416251,0.155
2015-11-14 00:00:00 UTC,287,1223,412410876,2.357361111111111
2015-11-14 00:00:00 UTC,287,1222,413548798,8.268472222222222
2015-11-14 00:00:00 UTC,543,-1654,367571460,11.876388888888886
2015-11-14 00:00:00 UTC,543,-1655,367571460,0.80055555555555558
2015-11-14 00:00:00 UTC,543,-1653,367571460,1.3472222222222221
2015-11-14 00:00:00 UTC,543,-1612,366761830,0.57819444444444446
2015-11-14 00:00:00 UTC,543,-55,235095948,0.25847222222222221
2015-11-14 00:00:00 UTC,543,-1659,369283000,3.9645833333333336
2015-11-14 00:00:00 UTC,-481,-761,725000357,1.5608333333333331
2015-11-14 00:00:00 UTC,-481,-760,725000357,1.3095833333333333
2015-11-14 00:00:00 UTC,-225,489,533333009,1.8008333333333335
2015-11-14 00:00:00 UTC,-225,583,416002325,5.4151388888888885
2015-11-14 00:00:00 UTC,-225,975,263583000,2.1172222222222219
2015-11-14 00:00:00 UTC,-225,976,263583000,1.4906944444444443
2015-11-14 00:00:00 UTC,-225,560,660003100,0.6034722222222223
2015-11-14 00:00:00 UTC,-225,559,660003100,0.39875
2015-11-14 00:00:00 UTC,-225,1532,503648300,1.8254166666666667
2015-11-14 00:00:00 UTC,-225,-1190,576638000,3.3373611111111114
2015-11-14 00:00:00 UTC,-225,-1189,576638000,0.325
2015-11-14 00:00:00 UTC,-225,585,416002875,0.85402777777777783
2015-11-14 00:00:00 UTC,-225,504,416003451,5.4697222222222228
2015-11-14 00:00:00 UTC,-225,538,660002700,1.0180555555555555
2015-11-14 00:00:00 UTC,-225,539,660002700,1.1681944444444445
2015-11-14 00:00:00 UTC,-225,1532,503647900,0.6497222222222222
2015-11-14 00:00:00 UTC,-225,1533,503647900,2.5179166666666664
2015-11-14 00:00:00 UTC,-225,1531,503647900,0.9025
2015-11-14 00:00:00 UTC,-225,922,263576000,0.95569444444444451
2015-11-14 00:00:00 UTC,-225,926,263576000,0.84319444444444436
2015-11-14 00:00:00 UTC,-225,591,660006100,1.6076388888888888
2015-11-14 00:00:00 UTC,-225,586,416002287,1.796111111111111
2015-11-14 00:00:00 UTC,-225,585,416002287,5.9973611111111111
2015-11-14 00:00:00 UTC,32,98,613022006,22.578194444444442
2015-11-14 00:00:00 UTC,32,1635,510051000,5.0719444444444441
2015-11-14 00:00:00 UTC,288,1223,412412167,1.0465277777777779
2015-11-14 00:00:00 UTC,288,1217,412413198,6.71625
2015-11-14 00:00:00 UTC,288,1220,412413198,5.5516666666666659
2015-11-14 00:00:00 UTC,288,1219,412413198,0.97513888888888889
2015-11-14 00:00:00 UTC,288,1222,412413711,1.6570833333333332
2015-11-14 00:00:00 UTC,288,1217,412413202,1.2856944444444445
2015-11-14 00:00:00 UTC,288,1218,412413202,1.7113888888888886
2015-11-14 00:00:00 UTC,288,1225,412432147,4.1791666666666663
2015-11-14 00:00:00 UTC,288,1220,412412951,2.97
2015-11-14 00:00:00 UTC,288,1225,412433184,15.519722222222223
2015-11-14 00:00:00 UTC,288,1224,412437024,1.1502777777777777
2015-11-14 00:00:00 UTC,288,1224,412437283,8.65875
2015-11-14 00:00:00 UTC,288,1223,412425511,1.2213888888888889
2015-11-14 00:00:00 UTC,288,1224,412425511,17.224027777777778
2015-11-14 00:00:00 UTC,288,1225,412437031,3.83
2015-11-14 00:00:00 UTC,288,1224,412437031,5.1366666666666667
2015-11-14 00:00:00 UTC,288,1226,412417063,5.2118055555555554
2015-11-14 00:00:00 UTC,288,1222,412437036,0.82527777777777778
2015-11-14 00:00:00 UTC,288,1223,412437036,0.52527777777777773
2015-11-14 00:00:00 UTC,288,1224,412412975,0.13847222222222222
2015-11-14 00:00:00 UTC,288,1224,412414767,6.74125
2015-11-14 00:00:00 UTC,288,1224,412449584,0.86208333333333331
2015-11-14 00:00:00 UTC,288,1219,412411697,2.3544444444444443
2015-11-14 00:00:00 UTC,288,1220,412411697,1.9908333333333332
2015-11-14 00:00:00 UTC,288,1225,412432434,9.8313888888888883
2015-11-14 00:00:00 UTC,288,1223,413510450,1.0876388888888888
2015-11-14 00:00:00 UTC,288,1224,412436787,7.128055555555556
2015-11-14 00:00:00 UTC,288,1222,412413491,7.813194444444445
2015-11-14 00:00:00 UTC,288,1226,412418357,7.0686111111111112
2015-11-14 00:00:00 UTC,288,1224,412437046,8.16
2015-11-14 00:00:00 UTC,288,1223,412437046,0.34055555555555556
2015-11-14 00:00:00 UTC,288,1217,412414006,3.3320833333333333
2015-11-14 00:00:00 UTC,288,1216,412414006,0.50847222222222221
2015-11-14 00:00:00 UTC,288,1220,412401729,3.0493055555555557
2015-11-14 00:00:00 UTC,288,1219,412401729,3.1031944444444446
2015-11-14 00:00:00 UTC,288,1218,412401729,1.0984722222222221
2015-11-14 00:00:00 UTC,288,1224,412433476,1.7456944444444444
2015-11-14 00:00:00 UTC,288,1225,412433476,5.6691666666666665
2015-11-14 00:00:00 UTC,288,1222,412461381,0.96013888888888888
2015-11-14 00:00:00 UTC,288,1224,412433222,2.89875
2015-11-14 00:00:00 UTC,288,1225,412433222,7.4445833333333322
2015-11-14 00:00:00 UTC,288,1220,412413006,0.49611111111111106
2015-11-14 00:00:00 UTC,288,1219,412413006,4.2625
2015-11-14 00:00:00 UTC,288,1217,412512079,2.2079166666666667
2015-11-14 00:00:00 UTC,288,1220,412477777,5.713055555555556
2015-11-14 00:00:00 UTC,288,1221,412477777,1.4761111111111109
2015-11-14 00:00:00 UTC,288,1225,412435285,0.48986111111111108
2015-11-14 00:00:00 UTC,288,1224,412435285,2.4504166666666669
2015-11-14 00:00:00 UTC,288,1224,412450393,4.8669444444444441
2015-11-14 00:00:00 UTC,288,1223,412412509,1.013611111111111
2015-11-14 00:00:00 UTC,288,1224,412412509,1.0918055555555557
2015-11-14 00:00:00 UTC,288,1223,412412511,6.7697222222222226
2015-11-14 00:00:00 UTC,288,1224,412412511,0.53472222222222221
2015-11-14 00:00:00 UTC,288,1224,412436837,8.1026388888888885
2015-11-14 00:00:00 UTC,288,1224,412449898,8.8745833333333319
2015-11-14 00:00:00 UTC,288,1222,412418155,0.55305555555555552
2015-11-14 00:00:00 UTC,288,1223,412413039,2.7433333333333327
2015-11-14 00:00:00 UTC,288,1223,412412273,0.20222222222222222
2015-11-14 00:00:00 UTC,288,1223,412412274,0.32416666666666666
2015-11-14 00:00:00 UTC,288,1217,412414066,11.787777777777777
2015-11-14 00:00:00 UTC,288,1222,412413555,0.31277777777777782
2015-11-14 00:00:00 UTC,288,1223,412413555,0.4375
2015-11-14 00:00:00 UTC,288,1224,412366197,4.5402777777777779
2015-11-14 00:00:00 UTC,288,1223,412366197,2.5512499999999996
2015-11-14 00:00:00 UTC,288,1223,412461941,1.2495833333333333
2015-11-14 00:00:00 UTC,288,1217,412414070,7.5504166666666679
2015-11-14 00:00:00 UTC,288,1225,412433017,8.8981944444444441
2015-11-14 00:00:00 UTC,288,1225,412436345,3.0923611111111109
2015-11-14 00:00:00 UTC,288,1224,412413049,4.4225000000000012
2015-11-14 00:00:00 UTC,288,1218,412414074,1.0968055555555556
2015-11-14 00:00:00 UTC,288,1221,412411516,3.4390277777777785
2015-11-14 00:00:00 UTC,288,1220,412411516,3.2804166666666665
2015-11-14 00:00:00 UTC,288,1223,500080001,0.37458333333333332
2015-11-14 00:00:00 UTC,288,1223,412411522,1.375
2015-11-14 00:00:00 UTC,288,1217,412414084,1.3308333333333333
2015-11-14 00:00:00 UTC,288,1218,412414084,21.518194444444443
2015-11-14 00:00:00 UTC,288,1221,412412294,2.8383333333333334
2015-11-14 00:00:00 UTC,288,1220,412409229,2.8609722222222222
2015-11-14 00:00:00 UTC,288,1219,412409229,1.5247222222222223
2015-11-14 00:00:00 UTC,288,1220,412414093,2.100138888888889
2015-11-14 00:00:00 UTC,288,1218,412414093,1.2415277777777778
2015-11-14 00:00:00 UTC,288,1219,412414093,3.0759722222222226
2015-11-14 00:00:00 UTC,288,1224,412415629,6.5801388888888894
2015-11-14 00:00:00 UTC,288,1224,412415889,8.8420833333333331
2015-11-14 00:00:00 UTC,288,1225,412435348,3.2622222222222224
2015-11-14 00:00:00 UTC,288,1224,412442004,6.0902777777777786
2015-11-14 00:00:00 UTC,288,1225,412433561,0.77402777777777776
2015-11-14 00:00:00 UTC,288,1219,412411041,1.5823611111111111
2015-11-14 00:00:00 UTC,288,1220,412411041,4.1748611111111114
2015-11-14 00:00:00 UTC,288,1221,412416417,3.2898611111111116
2015-11-14 00:00:00 UTC,288,1223,412433571,6.1981944444444448
2015-11-14 00:00:00 UTC,288,1224,412433571,11.541666666666666
2015-11-14 00:00:00 UTC,288,1224,412260005,0.841111111111111
2015-11-14 00:00:00 UTC,288,1223,412260005,1.1541666666666666
2015-11-14 00:00:00 UTC,288,1224,412412328,5.235
2015-11-14 00:00:00 UTC,288,1224,412448937,2.0741666666666667
2015-11-14 00:00:00 UTC,288,1222,411300009,1.232361111111111
2015-11-14 00:00:00 UTC,288,1224,412433323,1.681527777777778
2015-11-14 00:00:00 UTC,288,1225,412433323,2.8411111111111111
2015-11-14 00:00:00 UTC,288,1222,412413613,0.71847222222222218
2015-11-14 00:00:00 UTC,288,1224,412436399,8.9708333333333332
2015-11-14 00:00:00 UTC,288,1224,412412591,5.5008333333333344
2015-11-14 00:00:00 UTC,288,1217,412413106,24.176388888888887
2015-11-14 00:00:00 UTC,288,1218,412413107,4.1051388888888889
2015-11-14 00:00:00 UTC,288,1224,412437432,18.582638888888894
2015-11-14 00:00:00 UTC,288,1222,412413636,1.5680555555555555
2015-11-14 00:00:00 UTC,288,1217,412413125,1.7316666666666667
2015-11-14 00:00:00 UTC,288,1218,412413125,1.2444444444444445
2015-11-14 00:00:00 UTC,288,1221,412437958,5.3505555555555553
2015-11-14 00:00:00 UTC,288,1221,412437959,5.0331944444444439
2015-11-14 00:00:00 UTC,288,1222,412412359,0.35291666666666666
2015-11-14 00:00:00 UTC,288,1225,412450508,0.70041666666666669
2015-11-14 00:00:00 UTC,288,1219,412412621,0.30611111111111111
2015-11-14 00:00:00 UTC,288,1221,412422094,3.0847222222222221
2015-11-14 00:00:00 UTC,288,1225,412418769,11.089583333333334
2015-11-14 00:00:00 UTC,288,1224,412432342,3.7786111111111111
2015-11-14 00:00:00 UTC,288,1225,412432342,6.2172222222222224
2015-11-14 00:00:00 UTC,288,1224,412438231,0.44569444444444445
2015-11-14 00:00:00 UTC,288,1222,412412376,1.1109722222222222
2015-11-14 00:00:00 UTC,288,1224,200004062,6.823611111111112
2015-11-14 00:00:00 UTC,288,1220,412412131,2.8844444444444441
2015-11-14 00:00:00 UTC,288,1222,412413667,0.38805555555555554
2015-11-14 00:00:00 UTC,288,1222,412411876,0.49583333333333335
2015-11-14 00:00:00 UTC,288,1222,412420069,0.69847222222222227
2015-11-14 00:00:00 UTC,288,1221,412420069,0.68555555555555558
2015-11-14 00:00:00 UTC,288,1226,412418281,8.9922222222222228
2015-11-14 00:00:00 UTC,288,1223,412412142,1.1683333333333334
2015-11-14 00:00:00 UTC,288,1224,412412142,0.69763888888888892
2015-11-14 00:00:00 UTC,288,1223,200009713,1.0416666666666665
2015-11-14 00:00:00 UTC,288,1222,200009713,0.8801388888888888
2015-11-14 00:00:00 UTC,288,1221,412411123,4.0838888888888878
2015-11-14 00:00:00 UTC,288,1223,412412659,0.65569444444444447
2015-11-14 00:00:00 UTC,288,1224,412442102,4.0686111111111112
2015-11-14 00:00:00 UTC,288,1225,412442102,1.5918055555555557
2015-11-14 00:00:00 UTC,288,1225,412437751,2.7481944444444446
2015-11-14 00:00:00 UTC,288,1221,412567035,0.85638888888888887
2015-11-14 00:00:00 UTC,288,1220,412413181,3.7005555555555549
2015-11-14 00:00:00 UTC,288,1219,412413181,1.9723611111111112
2015-11-14 00:00:00 UTC,288,1220,412413183,5.7622222222222224
2015-11-14 00:00:00 UTC,544,1548,273373190,3.1013888888888888
2015-11-14 00:00:00 UTC,544,1547,273373190,0.74055555555555552
2015-11-14 00:00:00 UTC,544,1549,273846610,7.3791666666666664
2015-11-14 00:00:00 UTC,544,-1612,366761830,1.0244444444444445
2015-11-14 00:00:00 UTC,544,1552,273376120,2.4508333333333332
2015-11-14 00:00:00 UTC,544,-55,235095948,0.53611111111111109
2015-11-14 00:00:00 UTC,544,-1656,368313000,13.264444444444448
2015-11-14 00:00:00 UTC,544,-1654,368313000,0.83958333333333335
2015-11-14 00:00:00 UTC,544,-1655,368313000,1.9284722222222217
2015-11-14 00:00:00 UTC,544,-1657,368313000,1.0625
2015-11-14 00:00:00 UTC,-224,582,416002325,6.9515277777777786
2015-11-14 00:00:00 UTC,-224,977,263583000,0.45819444444444446
2015-11-14 00:00:00 UTC,-224,974,263583000,6.714027777777777
2015-11-14 00:00:00 UTC,-224,975,263583000,2.67875
2015-11-14 00:00:00 UTC,-224,976,263583000,0.5925
2015-11-14 00:00:00 UTC,-224,560,660003100,1.381111111111111
2015-11-14 00:00:00 UTC,-224,584,416002875,2.4376388888888889
2015-11-14 00:00:00 UTC,-224,585,416002875,5.2673611111111116
2015-11-14 00:00:00 UTC,-224,539,660002700,0.24013888888888887
2015-11-14 00:00:00 UTC,-224,538,660002700,3.2347222222222221
2015-11-14 00:00:00 UTC,-224,1532,503671200,1.1372222222222221
2015-11-14 00:00:00 UTC,-224,926,263576000,2.1905555555555556
2015-11-14 00:00:00 UTC,-224,591,660006100,2.4372222222222217
2015-11-14 00:00:00 UTC,-224,586,416002287,5.2048611111111116
2015-11-14 00:00:00 UTC,289,1219,412412938,5.0769444444444449
2015-11-14 00:00:00 UTC,289,1219,412413198,0.99930555555555567
2015-11-14 00:00:00 UTC,289,1218,412413202,1.142638888888889
2015-11-14 00:00:00 UTC,289,1225,412432147,1.745
2015-11-14 00:00:00 UTC,289,1221,412412951,0.96097222222222212
2015-11-14 00:00:00 UTC,289,1220,412412951,1.1483333333333334
2015-11-14 00:00:00 UTC,289,1225,412437031,7.205
2015-11-14 00:00:00 UTC,289,1226,412417063,18.931250000000002
2015-11-14 00:00:00 UTC,289,1224,412449584,3.8286111111111114
2015-11-14 00:00:00 UTC,289,1224,413510450,2.9104166666666664
2015-11-14 00:00:00 UTC,289,1225,412366899,9.3831944444444435
2015-11-14 00:00:00 UTC,289,1224,412366899,2.6047222222222222
2015-11-14 00:00:00 UTC,289,1224,412436787,3.2601388888888887
2015-11-14 00:00:00 UTC,289,1226,412418357,4.612222222222222
2015-11-14 00:00:00 UTC,289,1224,412437046,0.49541666666666667
2015-11-14 00:00:00 UTC,289,1223,412437046,0.85763888888888884
2015-11-14 00:00:00 UTC,289,1217,412414006,0.59125
2015-11-14 00:00:00 UTC,289,1220,412436026,4.6654166666666672
2015-11-14 00:00:00 UTC,289,1219,412436027,9.59430555555555
2015-11-14 00:00:00 UTC,289,1225,412433476,0.82791666666666663
2015-11-14 00:00:00 UTC,289,1219,412436036,1.3822222222222222
2015-11-14 00:00:00 UTC,289,1220,412436036,5.3495833333333325
2015-11-14 00:00:00 UTC,289,1219,412435531,7.3737500000000011
2015-11-14 00:00:00 UTC,289,1221,412413003,6.3129166666666663
2015-11-14 00:00:00 UTC,289,1225,412449102,16.656111111111112
2015-11-14 00:00:00 UTC,289,1224,412449102,1.6991666666666667
2015-11-14 00:00:00 UTC,289,1222,411116879,0.4523611111111111
2015-11-14 00:00:00 UTC,289,1217,412512079,0.60402777777777772
2015-11-14 00:00:00 UTC,289,1218,412512079,1.9987499999999998
2015-11-14 00:00:00 UTC,289,1220,412477777,1.4552777777777777
2015-11-14 00:00:00 UTC,289,1221,412477777,1.0350000000000001
2015-11-14 00:00:00 UTC,289,1225,412435285,0.22111111111111112
2015-11-14 00:00:00 UTC,289,1224,412412509,0.29388888888888887
2015-11-14 00:00:00 UTC,289,1220,412436831,3.3272222222222223
2015-11-14 00:00:00 UTC,289,1226,412416607,3.9326388888888886
2015-11-14 00:00:00 UTC,289,1225,412416607,3.2983333333333333
2015-11-14 00:00:00 UTC,289,1224,412436837,1.81125
2015-11-14 00:00:00 UTC,289,1226,412414311,7.6405555555555553
2015-11-14 00:00:00 UTC,289,1224,412449898,4.6568055555555556
2015-11-14 00:00:00 UTC,289,1225,412449898,10.250416666666666
2015-11-14 00:00:00 UTC,289,-904,367414380,17.8775
2015-11-14 00:00:00 UTC,289,1223,412413039,1.6680555555555556
2015-11-14 00:00:00 UTC,289,1225,412435064,15.895972222222222
2015-11-14 00:00:00 UTC,289,1225,412433017,13.28875
2015-11-14 00:00:00 UTC,289,1225,412436345,3.0455555555555556
2015-11-14 00:00:00 UTC,289,1218,412414074,2.1940277777777779
2015-11-14 00:00:00 UTC,289,1217,412414074,9.3088888888888874
2015-11-14 00:00:00 UTC,289,1220,412411004,0.265
2015-11-14 00:00:00 UTC,289,1225,412418689,9.3375
2015-11-14 00:00:00 UTC,289,1223,500080001,2.5795833333333333
2015-11-14 00:00:00 UTC,289,1218,412414084,1.0765277777777778
2015-11-14 00:00:00 UTC,289,1221,412412294,4.9205555555555556
2015-11-14 00:00:00 UTC,289,1221,412413063,5.5013888888888882
2015-11-14 00:00:00 UTC,289,1221,412413324,5.0999999999999988
2015-11-14 00:00:00 UTC,289,1220,412409229,0.22305555555555556
2015-11-14 00:00:00 UTC,289,1224,413000589,16.62402777777778
2015-11-14 00:00:00 UTC,289,1220,412414093,0.32097222222222221
2015-11-14 00:00:00 UTC,289,1218,412414093,0.31680555555555556
2015-11-14 00:00:00 UTC,289,1225,412435348,2.6391666666666667
2015-11-14 00:00:00 UTC,289,1221,412400788,0.85055555555555551
2015-11-14 00:00:00 UTC,289,1225,412433561,3.7019444444444445
2015-11-14 00:00:00 UTC,289,1220,412410779,2.4115277777777777
2015-11-14 00:00:00 UTC,289,1221,412410779,3.7452777777777779
2015-11-14 00:00:00 UTC,289,1222,412413088,5.6090277777777784
2015-11-14 00:00:00 UTC,289,1221,412416417,2.6709722222222223
2015-11-14 00:00:00 UTC,289,1223,412260005,5.3875000000000011
2015-11-14 00:00:00 UTC,289,1224,412260005,1.3202777777777779
2015-11-14 00:00:00 UTC,289,1224,412412328,0.60402777777777783
2015-11-14 00:00:00 UTC,289,1224,412448937,4.1497222222222225
2015-11-14 00:00:00 UTC,289,1224,412436399,7.9918055555555547
2015-11-14 00:00:00 UTC,289,1221,412413114,4.8665277777777778
2015-11-14 00:00:00 UTC,289,1221,412413124,6.111944444444446
2015-11-14 00:00:00 UTC,289,1221,412437958,1.4804166666666669
2015-11-14 00:00:00 UTC,289,1224,200088007,4.1583333333333332
2015-11-14 00:00:00 UTC,289,1221,412437959,2.833333333333333
2015-11-14 00:00:00 UTC,289,1225,412450504,1.2231944444444443
2015-11-14 00:00:00 UTC,289,1224,412450504,12.746805555555556
2015-11-14 00:00:00 UTC,289,1225,412450508,0.34166666666666667
2015-11-14 00:00:00 UTC,289,1219,412412621,1.0766666666666667
2015-11-14 00:00:00 UTC,289,1226,412416212,6.0843055555555559
2015-11-14 00:00:00 UTC,289,1221,412412629,6.4211111111111112
2015-11-14 00:00:00 UTC,289,1225,412432342,4.0327777777777776
2015-11-14 00:00:00 UTC,289,1224,412432342,9.539027777777779
2015-11-14 00:00:00 UTC,289,1220,412412131,1.6620833333333334
2015-11-14 00:00:00 UTC,289,1221,412412131,0.92708333333333326
2015-11-14 00:00:00 UTC,289,1221,412413925,5.3306944444444433
2015-11-14 00:00:00 UTC,289,1223,412412142,14.997916666666665
2015-11-14 00:00:00 UTC,289,1221,412411123,2.8987499999999997
2015-11-14 00:00:00 UTC,289,1223,412412659,1.0005555555555556
2015-11-14 00:00:00 UTC,289,1224,412442102,0.4802777777777778
2015-11-14 00:00:00 UTC,289,1225,412442102,0.28166666666666668
2015-11-14 00:00:00 UTC,289,1225,412437751,0.37833333333333335
2015-11-14 00:00:00 UTC,289,1224,412410362,11.186666666666669
2015-11-14 00:00:00 UTC,289,1222,412567035,0.43069444444444449
2015-11-14 00:00:00 UTC,289,1221,412567035,0.35625
2015-11-14 00:00:00 UTC,289,1219,412413181,0.64916666666666667
2015-11-14 00:00:00 UTC,289,1220,412413183,1.52375
2015-11-14 00:00:00 UTC,545,100,211226920,1.0795833333333333
2015-11-14 00:00:00 UTC,545,1548,273846610,12.413749999999999
2015-11-14 00:00:00 UTC,545,1549,273846610,0.80972222222222223
2015-11-14 00:00:00 UTC,545,1552,273376120,15.593055555555555
2015-11-14 00:00:00 UTC,545,1551,273376120,3.5963888888888889
2015-11-14 00:00:00 UTC,-479,-587,440282000,1.6002777777777775
2015-11-14 00:00:00 UTC,-223,489,533333009,5.2288888888888891
2015-11-14 00:00:00 UTC,-223,582,416002325,7.1551388888888887
2015-11-14 00:00:00 UTC,-223,977,263583000,0.99861111111111112
2015-11-14 00:00:00 UTC,-223,976,263583000,3.4040277777777774
2015-11-14 00:00:00 UTC,-223,974,263583000,0.52347222222222223
2015-11-14 00:00:00 UTC,-223,560,660003100,1.1172222222222221
2015-11-14 00:00:00 UTC,-223,1531,503648300,3.2718055555555554
2015-11-14 00:00:00 UTC,-223,585,416002875,7.308472222222222
2015-11-14 00:00:00 UTC,-223,505,416003173,1.7754166666666666
2015-11-14 00:00:00 UTC,-223,538,660002700,0.73180555555555549
2015-11-14 00:00:00 UTC,-223,1531,503671200,1.5954166666666665
2015-11-14 00:00:00 UTC,-223,1594,540004000,2.3581944444444445
2015-11-14 00:00:00 UTC,-223,1595,540004000,1.0404166666666668
2015-11-14 00:00:00 UTC,-223,506,416004772,1.1747222222222222
2015-11-14 00:00:00 UTC,-223,504,416004772,2.9380555555555561
2015-11-14 00:00:00 UTC,-223,503,416004772,6.0781944444444447
2015-11-14 00:00:00 UTC,-223,505,416004772,1.4584722222222224
2015-11-14 00:00:00 UTC,-223,920,263576000,0.24444444444444446
2015-11-14 00:00:00 UTC,-223,921,263576000,2.276388888888889
2015-11-14 00:00:00 UTC,-223,591,660006100,5.7069444444444439
2015-11-14 00:00:00 UTC,-223,585,416002287,6.2656944444444438
2015-11-14 00:00:00 UTC,34,1694,431600275,2.7009722222222221
2015-11-14 00:00:00 UTC,290,1224,412449584,0.68361111111111117
2015-11-14 00:00:00 UTC,290,1220,412436026,1.6861111111111111
2015-11-14 00:00:00 UTC,290,1218,412436026,0.66430555555555548
2015-11-14 00:00:00 UTC,290,1217,412435011,0.31083333333333335
2015-11-14 00:00:00 UTC,290,1218,412436036,4.8613888888888876
2015-11-14 00:00:00 UTC,290,1221,412413003,0.87847222222222232
2015-11-14 00:00:00 UTC,290,1221,412436831,1.1384722222222223
2015-11-14 00:00:00 UTC,290,1220,412436831,17.008749999999996
2015-11-14 00:00:00 UTC,290,1226,412416607,2.7030555555555558
2015-11-14 00:00:00 UTC,290,1226,412414311,3.6343055555555557
2015-11-14 00:00:00 UTC,290,1221,412435827,6.1104166666666657
2015-11-14 00:00:00 UTC,290,1223,412461941,1.2080555555555557
2015-11-14 00:00:00 UTC,290,1220,412411004,1.1345833333333335
2015-11-14 00:00:00 UTC,290,1221,412412294,2.1829166666666668
2015-11-14 00:00:00 UTC,290,1221,412413063,1.754861111111111
2015-11-14 00:00:00 UTC,290,1220,412435082,1.4402777777777778
2015-11-14 00:00:00 UTC,290,1221,412437644,2.7252777777777775
2015-11-14 00:00:00 UTC,290,1220,412437644,1.2958333333333334
2015-11-14 00:00:00 UTC,290,1221,412413324,1.9516666666666667
2015-11-14 00:00:00 UTC,290,1224,413000589,4.746666666666667
2015-11-14 00:00:00 UTC,290,1220,412400788,0.30763888888888891
2015-11-14 00:00:00 UTC,290,1221,412400788,2.8529166666666663
2015-11-14 00:00:00 UTC,290,1225,412433561,1.1147222222222222
2015-11-14 00:00:00 UTC,290,1223,412260005,1.9827777777777778
2015-11-14 00:00:00 UTC,290,1221,412413114,1.5983333333333334
2015-11-14 00:00:00 UTC,290,1221,412413124,1.4463888888888887
2015-11-14 00:00:00 UTC,290,1221,412437958,2.81625
2015-11-14 00:00:00 UTC,290,1221,412437959,2.2575
2015-11-14 00:00:00 UTC,290,1221,412412629,1.5026388888888889
2015-11-14 00:00:00 UTC,290,1221,412413925,1.4044444444444446
2015-11-14 00:00:00 UTC,290,1221,412411123,3.2188888888888889
2015-11-14 00:00:00 UTC,546,101,211226920,2.57625
2015-11-14 00:00:00 UTC,546,100,211226920,1.1029166666666665
2015-11-14 00:00:00 UTC,546,188,219012671,0.13222222222222224
2015-11-14 00:00:00 UTC,546,1548,273846610,3.2138888888888886
2015-11-14 00:00:00 UTC,546,135,211312240,1.0726388888888889
2015-11-14 00:00:00 UTC,546,133,211312240,0.5425
2015-11-14 00:00:00 UTC,546,134,211312240,6.2477777777777783
2015-11-14 00:00:00 UTC,546,1551,273376120,2.9325
2015-11-14 00:00:00 UTC,546,-59,250000511,4.4600000000000009
2015-11-14 00:00:00 UTC,-478,713,503552000,3.35
2015-11-14 00:00:00 UTC,-478,-589,440282000,2.3938888888888887
2015-11-14 00:00:00 UTC,-478,-590,440282000,3.4579166666666667
2015-11-14 00:00:00 UTC,-222,1141,503711500,1.0665277777777777
2015-11-14 00:00:00 UTC,-222,1142,503711500,1.0622222222222222
2015-11-14 00:00:00 UTC,-222,582,416002325,5.035972222222223
2015-11-14 00:00:00 UTC,-222,976,263583000,0.52777777777777779
2015-11-14 00:00:00 UTC,-222,977,263583000,0.811527777777778
2015-11-14 00:00:00 UTC,-222,560,660003100,1.0568055555555556
2015-11-14 00:00:00 UTC,-222,1531,503648300,7.28736111111111
2015-11-14 00:00:00 UTC,-222,1651,540003400,3.1801388888888891
2015-11-14 00:00:00 UTC,-222,497,416003173,0.70444444444444443
2015-11-14 00:00:00 UTC,-222,1142,503711100,0.31611111111111112
2015-11-14 00:00:00 UTC,-222,1141,503711100,4.6208333333333336
2015-11-14 00:00:00 UTC,-222,531,660002700,4.0506944444444448
2015-11-14 00:00:00 UTC,-222,538,660002700,0.31236111111111109
2015-11-14 00:00:00 UTC,-222,489,416002447,6.8100000000000005
2015-11-14 00:00:00 UTC,-222,1531,503671200,0.69180555555555556
2015-11-14 00:00:00 UTC,-222,1596,540004000,1.0705555555555555
2015-11-14 00:00:00 UTC,-222,1595,540004000,0.35138888888888886
2015-11-14 00:00:00 UTC,-222,504,416004772,7.7209722222222226
2015-11-14 00:00:00 UTC,-222,505,416004772,2.7288888888888891
2015-11-14 00:00:00 UTC,-222,1141,503711400,3.1579166666666665
2015-11-14 00:00:00 UTC,-222,1142,503711400,7.9904166666666665
2015-11-14 00:00:00 UTC,-222,1142,503710900,0.99263888888888885
2015-11-14 00:00:00 UTC,-222,1141,503710900,14.763333333333328
2015-11-14 00:00:00 UTC,-222,921,263576000,0.27
2015-11-14 00:00:00 UTC,-222,918,263576000,1.0783333333333331
2015-11-14 00:00:00 UTC,-222,922,263576000,1.3684722222222221
2015-11-14 00:00:00 UTC,-222,920,263576000,0.68625
2015-11-14 00:00:00 UTC,-222,919,263576000,1.0698611111111112
2015-11-14 00:00:00 UTC,-222,592,660006100,4.8080555555555557
2015-11-14 00:00:00 UTC,-222,591,660006100,5.9418055555555558
2015-11-14 00:00:00 UTC,-222,1141,503711200,2.0429166666666667
2015-11-14 00:00:00 UTC,35,1694,431600275,1.7843055555555554
2015-11-14 00:00:00 UTC,291,1223,412443418,2.7975
2015-11-14 00:00:00 UTC,291,1224,412443418,2.32125
2015-11-14 00:00:00 UTC,291,1223,412422429,0.70416666666666672
2015-11-14 00:00:00 UTC,291,1222,412411682,1.4513888888888888
2015-11-14 00:00:00 UTC,291,1222,412412965,24.470972222222223
2015-11-14 00:00:00 UTC,291,1224,412449584,7.2891666666666666
2015-11-14 00:00:00 UTC,291,1222,412411697,3.6591666666666667
2015-11-14 00:00:00 UTC,291,1224,413510450,12.378194444444443
2015-11-14 00:00:00 UTC,291,1222,412411714,1.0009722222222222
2015-11-14 00:00:00 UTC,291,1221,412411714,2.3227777777777776
2015-11-14 00:00:00 UTC,291,1224,412435783,9.1030555555555566
2015-11-14 00:00:00 UTC,291,1221,412413005,2.086527777777778
2015-11-14 00:00:00 UTC,291,1221,412414040,2.0366666666666666
2015-11-14 00:00:00 UTC,291,1222,412414040,1.6659722222222222
2015-11-14 00:00:00 UTC,291,-898,367519360,11.984166666666665
2015-11-14 00:00:00 UTC,291,-899,367519360,6.0948611111111139
2015-11-14 00:00:00 UTC,291,1224,412443779,3.5806944444444442
2015-11-14 00:00:00 UTC,291,1223,412443779,6.5170833333333338
2015-11-14 00:00:00 UTC,291,1220,412435082,0.33791666666666664
2015-11-14 00:00:00 UTC,291,1220,412437644,3.2297222222222222
2015-11-14 00:00:00 UTC,291,1225,412436886,24.02138888888889
2015-11-14 00:00:00 UTC,291,1224,412436886,4.3791666666666664
2015-11-14 00:00:00 UTC,291,1222,412413084,15.333194444444446
2015-11-14 00:00:00 UTC,291,1224,412437154,8.1827777777777779
2015-11-14 00:00:00 UTC,291,1224,412260005,9.3138888888888882
2015-11-14 00:00:00 UTC,291,1224,412436403,19.035277777777779
2015-11-14 00:00:00 UTC,291,1223,412413124,0.31736111111111109
2015-11-14 00:00:00 UTC,291,1222,412411341,0.91486111111111112
2015-11-14 00:00:00 UTC,291,1220,412471015,2.7886111111111114
2015-11-14 00:00:00 UTC,291,1220,412435446,0.82305555555555565
2015-11-14 00:00:00 UTC,547,-1651,367642380,2.0958333333333332
2015-11-14 00:00:00 UTC,547,-1652,367642380,5.61736111111111
2015-11-14 00:00:00 UTC,547,1430,273848610,5.6369444444444454
2015-11-14 00:00:00 UTC,547,1540,273894200,0.92611111111111111
2015-11-14 00:00:00 UTC,547,1539,273894200,2.9175
2015-11-14 00:00:00 UTC,547,1543,273894200,5.03736111111111
2015-11-14 00:00:00 UTC,547,-11,235003730,2.2811111111111111
2015-11-14 00:00:00 UTC,547,-10,235003730,1.2088888888888889
2015-11-14 00:00:00 UTC,547,107,220006000,3.5347222222222219
2015-11-14 00:00:00 UTC,547,-12,235004900,0.41722222222222227
2015-11-14 00:00:00 UTC,547,-11,235004900,0.67458333333333331
2015-11-14 00:00:00 UTC,547,-1652,367197950,5.50763888888889
2015-11-14 00:00:00 UTC,-477,713,503552000,0.67638888888888882
2015-11-14 00:00:00 UTC,-477,1690,512000126,0.068472222222222226
2015-11-14 00:00:00 UTC,-477,1689,512000126,1.484444444444444
2015-11-14 00:00:00 UTC,-477,-590,440282000,1.3523611111111111
2015-11-14 00:00:00 UTC,-477,-591,440282000,1.9051388888888889
2015-11-14 00:00:00 UTC,-221,1545,503007240,3.5345833333333334
2015-11-14 00:00:00 UTC,-221,1142,503711500,8.557500000000001
2015-11-14 00:00:00 UTC,-221,976,263583000,1.0804166666666668
2015-11-14 00:00:00 UTC,-221,977,263583000,1.2873611111111112
2015-11-14 00:00:00 UTC,-221,558,660003100,0.31958333333333333
2015-11-14 00:00:00 UTC,-221,559,660003100,0.7275
2015-11-14 00:00:00 UTC,-221,1530,503648300,11.547638888888889
2015-11-14 00:00:00 UTC,-221,1531,503648100,13.415138888888889
2015-11-14 00:00:00 UTC,-221,1530,503648100,12.295833333333334
2015-11-14 00:00:00 UTC,-221,502,416003173,1.1334722222222222
2015-11-14 00:00:00 UTC,-221,503,416003173,0.53319444444444453
2015-11-14 00:00:00 UTC,-221,499,416003173,0.65430555555555558
2015-11-14 00:00:00 UTC,-221,504,416003173,5.9288888888888893
2015-11-14 00:00:00 UTC,-221,500,416003173,3.4538888888888888
2015-11-14 00:00:00 UTC,-221,498,416003173,1.2959722222222223
2015-11-14 00:00:00 UTC,-221,497,416003173,4.5123611111111108
2015-11-14 00:00:00 UTC,-221,501,416003173,1.887361111111111
2015-11-14 00:00:00 UTC,-221,1142,503711100,5.8555555555555552
2015-11-14 00:00:00 UTC,-221,1141,503711100,0.95305555555555554
2015-11-14 00:00:00 UTC,-221,487,416002447,1.7472222222222222
2015-11-14 00:00:00 UTC,-221,486,416002447,5.4340277777777777
2015-11-14 00:00:00 UTC,-221,1530,503671200,10.767222222222223
2015-11-14 00:00:00 UTC,-221,1596,540004000,2.0694444444444446
2015-11-14 00:00:00 UTC,-221,1141,503711400,1.0305555555555554
2015-11-14 00:00:00 UTC,-221,1142,503711400,1.265138888888889
2015-11-14 00:00:00 UTC,-221,1141,503710900,0.55763888888888891
2015-11-14 00:00:00 UTC,-221,918,263576000,0.35972222222222222
2015-11-14 00:00:00 UTC,-221,917,263576000,0.71986111111111106
2015-11-14 00:00:00 UTC,-221,923,263576000,1.3865277777777778
2015-11-14 00:00:00 UTC,-221,1530,503648200,15.111666666666665
2015-11-14 00:00:00 UTC,-221,1142,503711200,4.751666666666666
2015-11-14 00:00:00 UTC,36,-1740,440809000,4.9452777777777781
2015-11-14 00:00:00 UTC,36,1696,431600275,2.6752777777777776
2015-11-14 00:00:00 UTC,292,1221,412435236,3.1129166666666666
2015-11-14 00:00:00 UTC,292,1220,412435236,0.40986111111111112
2015-11-14 00:00:00 UTC,292,1222,412411697,1.675138888888889
2015-11-14 00:00:00 UTC,292,1223,412413244,0.85430555555555554
2015-11-14 00:00:00 UTC,292,1224,412413244,1.8476388888888891
2015-11-14 00:00:00 UTC,292,1220,412413005,0.576111111111111
2015-11-14 00:00:00 UTC,292,1221,412413005,6.9856944444444435
2015-11-14 00:00:00 UTC,292,1222,412414040,4.8825
2015-11-14 00:00:00 UTC,292,1221,412402015,5.09
2015-11-14 00:00:00 UTC,292,-898,367519360,0.29722222222222222
2015-11-14 00:00:00 UTC,292,1219,412413063,2.65125
2015-11-14 00:00:00 UTC,292,1221,412435848,5.92875
2015-11-14 00:00:00 UTC,292,1220,412437645,14.924722222222224
2015-11-14 00:00:00 UTC,292,1221,412438419,0.13124999999999998
2015-11-14 00:00:00 UTC,292,1223,412435604,1.9523611111111112
2015-11-14 00:00:00 UTC,292,1225,412433561,0.98486111111111119
2015-11-14 00:00:00 UTC,292,1220,412436892,4.6855555555555553
2015-11-14 00:00:00 UTC,292,1219,412413114,3.5158333333333331
2015-11-14 00:00:00 UTC,292,1223,412413124,0.25458333333333333
2015-11-14 00:00:00 UTC,292,1219,412413925,2.9097222222222219
2015-11-14 00:00:00 UTC,292,1220,412435183,3.8437500000000004
2015-11-14 00:00:00 UTC,548,-1652,367642380,6.69611111111111
2015-11-14 00:00:00 UTC,548,-1651,367642380,4.228472222222222
2015-11-14 00:00:00 UTC,548,1536,273894200,2.122638888888889
2015-11-14 00:00:00 UTC,548,1534,273894200,5.1680555555555561
2015-11-14 00:00:00 UTC,548,1542,273894200,5.3844444444444441
2015-11-14 00:00:00 UTC,548,1543,273894200,2.2125
2015-11-14 00:00:00 UTC,548,-93,277330000,0.26013888888888892
2015-11-14 00:00:00 UTC,548,-92,277330000,1.0283333333333333
2015-11-14 00:00:00 UTC,548,-57,235002718,22.561944444444439
2015-11-14 00:00:00 UTC,548,-56,235002718,1.3270833333333336
2015-11-14 00:00:00 UTC,548,108,220006000,0.26833333333333331
2015-11-14 00:00:00 UTC,548,-53,235091079,0.27444444444444444
2015-11-14 00:00:00 UTC,548,1510,273431690,4.0166666666666666
2015-11-14 00:00:00 UTC,548,-9,235008670,2.2434722222222221
2015-11-14 00:00:00 UTC,548,-10,235008670,0.15569444444444444
2015-11-14 00:00:00 UTC,548,-53,232004523,0.18986111111111109
2015-11-14 00:00:00 UTC,548,-11,235004900,1.0041666666666667
2015-11-14 00:00:00 UTC,548,-12,235004900,4.2706944444444428
2015-11-14 00:00:00 UTC,548,-1652,367197950,9.9390277777777776
2015-11-14 00:00:00 UTC,548,-1654,367197950,0.84902777777777783
2015-11-14 00:00:00 UTC,548,-1653,367197950,7.4855555555555542
2015-11-14 00:00:00 UTC,804,297,276458000,1.6398611111111108
2015-11-14 00:00:00 UTC,804,296,276458000,3.1381944444444443
2015-11-14 00:00:00 UTC,804,295,276458000,1.5833333333333335
2015-11-14 00:00:00 UTC,804,298,276458000,0.88791666666666669
2015-11-14 00:00:00 UTC,-476,711,503552000,0.45986111111111116
2015-11-14 00:00:00 UTC,-476,713,503552000,0.35291666666666666
2015-11-14 00:00:00 UTC,-476,712,503552000,0.67194444444444446
2015-11-14 00:00:00 UTC,-476,-566,224967000,0.28958333333333336
2015-11-14 00:00:00 UTC,-476,1691,512000126,4.1622222222222218
2015-11-14 00:00:00 UTC,-476,1690,512000126,4.3593055555555562
2015-11-14 00:00:00 UTC,-220,1545,503007240,6.052083333333333
2015-11-14 00:00:00 UTC,-220,1143,503711500,2.7140277777777779
2015-11-14 00:00:00 UTC,-220,1142,503711500,1.0772222222222221
2015-11-14 00:00:00 UTC,-220,355,601170200,1.033611111111111
2015-11-14 00:00:00 UTC,-220,976,263583000,1.4416666666666667
2015-11-14 00:00:00 UTC,-220,558,660003100,0.36
2015-11-14 00:00:00 UTC,-220,1545,503798600,7.7888888888888879
2015-11-14 00:00:00 UTC,-220,1142,503711100,2.2193055555555556
2015-11-14 00:00:00 UTC,-220,489,416002447,9.7754166666666649
2015-11-14 00:00:00 UTC,-220,1530,503671200,9.1904166666666676
2015-11-14 00:00:00 UTC,-220,923,263576000,1.4397222222222221
2015-11-14 00:00:00 UTC,-220,924,263576000,2.3427777777777781
2015-11-14 00:00:00 UTC,-220,917,263576000,0.53152777777777782
2015-11-14 00:00:00 UTC,-220,919,263576000,1.5197222222222222
2015-11-14 00:00:00 UTC,-220,1143,503711200,4.0623611111111106
2015-11-14 00:00:00 UTC,-220,1142,503711200,0.85166666666666657
2015-11-14 00:00:00 UTC,37,-1742,440809000,1.6933333333333334
2015-11-14 00:00:00 UTC,37,-1476,431500430,0.83208333333333329
2015-11-14 00:00:00 UTC,37,-1477,431500430,0.91097222222222229
2015-11-14 00:00:00 UTC,293,1225,412443418,2.3680555555555554
2015-11-14 00:00:00 UTC,293,1220,412435236,3.9026388888888897
2015-11-14 00:00:00 UTC,293,1221,412435236,0.95472222222222225
2015-11-14 00:00:00 UTC,293,1221,412435848,1.1104166666666666
2015-11-14 00:00:00 UTC,293,1221,201400317,2.7756944444444445
2015-11-14 00:00:00 UTC,293,1220,201400317,3.7420833333333325
2015-11-14 00:00:00 UTC,549,1543,273373190,0.70597222222222222
2015-11-14 00:00:00 UTC,549,1544,273373190,1.5125
2015-11-14 00:00:00 UTC,549,1401,273848610,5.7755555555555551
2015-11-14 00:00:00 UTC,549,1402,273848610,2.9495833333333334
2015-11-14 00:00:00 UTC,549,-91,277330000,0.7794444444444445
2015-11-14 00:00:00 UTC,549,-92,277330000,0.2583333333333333
2015-11-14 00:00:00 UTC,549,-53,235091079,2.8980555555555556
2015-11-14 00:00:00 UTC,549,1510,273431690,0.8568055555555556
2015-11-14 00:00:00 UTC,549,1511,273431690,7.4605555555555565
2015-11-14 00:00:00 UTC,549,1507,273431690,3.190833333333333
2015-11-14 00:00:00 UTC,549,-9,235008670,2.1493055555555554
2015-11-14 00:00:00 UTC,549,-53,232004523,3.9268055555555557
2015-11-14 00:00:00 UTC,549,-55,235003080,1.2876388888888888
2015-11-14 00:00:00 UTC,549,-54,235003080,9.5234722222222228
2015-11-14 00:00:00 UTC,549,-12,235004900,2.6344444444444441
2015-11-14 00:00:00 UTC,549,-13,235004900,1.5940277777777778
2015-11-14 00:00:00 UTC,805,298,276458000,3.8173611111111105
2015-11-14 00:00:00 UTC,805,297,276458000,0.78194444444444444
2015-11-14 00:00:00 UTC,805,299,276458000,5.2019444444444458
2015-11-14 00:00:00 UTC,805,300,276458000,1.6027777777777776
2015-11-14 00:00:00 UTC,-475,711,503552000,0.6125
2015-11-14 00:00:00 UTC,-475,712,503552000,2.7495833333333333
2015-11-14 00:00:00 UTC,-475,710,503552000,0.33361111111111108
2015-11-14 00:00:00 UTC,-475,-566,224967000,0.14527777777777781
2015-11-14 00:00:00 UTC,-475,1692,512000126,1.6533333333333331
2015-11-14 00:00:00 UTC,-475,1694,512000126,2.8273611111111112
2015-11-14 00:00:00 UTC,-219,557,660003100,1.0763888888888888
2015-11-14 00:00:00 UTC,-219,554,660000800,3.220277777777778
2015-11-14 00:00:00 UTC,-219,551,660000800,0.57055555555555559
2015-11-14 00:00:00 UTC,-219,552,660000800,1.3394444444444442
2015-11-14 00:00:00 UTC,-219,553,660000800,0.71416666666666673
2015-11-14 00:00:00 UTC,-219,1547,503597400,0.53736111111111107
2015-11-14 00:00:00 UTC,-219,919,263576000,0.24138888888888888
2015-11-14 00:00:00 UTC,-219,918,263576000,0.36347222222222225
2015-11-14 00:00:00 UTC,-219,1143,503711200,7.205
2015-11-14 00:00:00 UTC,38,-185,617094000,6.1645833333333329
2015-11-14 00:00:00 UTC,38,-1472,431500430,0.033333333333333333
2015-11-14 00:00:00 UTC,38,-1476,431500430,0.60597222222222225
2015-11-14 00:00:00 UTC,38,-1473,431500430,0.89444444444444449
2015-11-14 00:00:00 UTC,38,-1475,431500430,0.97652777777777777
2015-11-14 00:00:00 UTC,38,1696,431600275,4.0627777777777778
2015-11-14 00:00:00 UTC,294,1222,412422405,0.96430555555555553
2015-11-14 00:00:00 UTC,294,1225,585625878,8.0230555555555547
2015-11-14 00:00:00 UTC,294,1225,412443418,1.1251388888888889
2015-11-14 00:00:00 UTC,294,1225,412413982,0.63041666666666663
2015-11-14 00:00:00 UTC,294,1224,412413727,2.2555555555555555
2015-11-14 00:00:00 UTC,294,1220,412435236,0.27847222222222223
2015-11-14 00:00:00 UTC,294,1224,412413732,1.6783333333333332
2015-11-14 00:00:00 UTC,294,1224,412449584,10.506527777777777
2015-11-14 00:00:00 UTC,294,1224,412413244,6.5579166666666664
2015-11-14 00:00:00 UTC,294,1224,412430418,13.446666666666665
2015-11-14 00:00:00 UTC,294,1224,412413523,2.510416666666667
2015-11-14 00:00:00 UTC,294,1224,412412767,2.6418055555555555
2015-11-14 00:00:00 UTC,294,1224,400421989,2.5429166666666667
2015-11-14 00:00:00 UTC,294,1225,400421989,5.5309722222222222
2015-11-14 00:00:00 UTC,294,1224,412413568,1.1223611111111111
2015-11-14 00:00:00 UTC,294,1224,412413577,2.8702777777777775
2015-11-14 00:00:00 UTC,294,1224,410384266,1.5641666666666667
2015-11-14 00:00:00 UTC,294,1221,412410775,0.58749999999999991
2015-11-14 00:00:00 UTC,294,1222,412410775,3.4265277777777778
2015-11-14 00:00:00 UTC,294,1224,410412697,5.1693055555555558
2015-11-14 00:00:00 UTC,294,1224,412413593,2.3297222222222222
2015-11-14 00:00:00 UTC,294,1221,412438188,6.7062499999999989
2015-11-14 00:00:00 UTC,294,1220,412438188,0.9075
2015-11-14 00:00:00 UTC,294,1224,412413361,6.4069444444444441
2015-11-14 00:00:00 UTC,294,1224,412413639,2.0059722222222223
2015-11-14 00:00:00 UTC,294,-134,224069860,4.875694444444445
2015-11-14 00:00:00 UTC,294,-135,224069860,6.4086111111111119
2015-11-14 00:00:00 UTC,294,1224,412412659,0.53986111111111112
2015-11-14 00:00:00 UTC,294,1223,412423158,2.1359722222222222
2015-11-14 00:00:00 UTC,294,1221,412438009,3.1745833333333335
2015-11-14 00:00:00 UTC,294,1220,412438009,0.64347222222222222
2015-11-14 00:00:00 UTC,294,1224,413415420,2.3543055555555554
2015-11-14 00:00:00 UTC,550,109,219011336,4.17875
2015-11-14 00:00:00 UTC,550,-92,277330000,1.5877777777777777
2015-11-14 00:00:00 UTC,550,-93,277330000,1.3566666666666667
2015-11-14 00:00:00 UTC,550,-94,277330000,0.98958333333333326
2015-11-14 00:00:00 UTC,550,-91,277330000,0.25625
2015-11-14 00:00:00 UTC,550,-53,235000407,1.8051388888888888
2015-11-14 00:00:00 UTC,550,-52,235000407,9.5445833333333354
2015-11-14 00:00:00 UTC,550,-53,232017000,1.3688888888888888
2015-11-14 00:00:00 UTC,550,-51,232017000,2.0740277777777778
2015-11-14 00:00:00 UTC,550,-52,232017000,6.76361111111111
2015-11-14 00:00:00 UTC,550,1511,273431690,1.5136111111111112
2015-11-14 00:00:00 UTC,550,1512,273431690,5.0298611111111118
2015-11-14 00:00:00 UTC,550,1508,273431690,1.6809722222222221
2015-11-14 00:00:00 UTC,550,-11,235008670,5.2058333333333335
2015-11-14 00:00:00 UTC,550,-10,235008670,2.9601388888888889
2015-11-14 00:00:00 UTC,550,-55,235003080,6.7284722222222211
2015-11-14 00:00:00 UTC,550,-54,235003080,6.53208333333333
2015-11-14 00:00:00 UTC,550,67,250370000,1.201111111111111
2015-11-14 00:00:00 UTC,550,66,250370000,1.4872222222222224
2015-11-14 00:00:00 UTC,806,298,276458000,1.5866666666666664
2015-11-14 00:00:00 UTC,806,299,276458000,1.9906944444444441
2015-11-14 00:00:00 UTC,-474,712,503552000,0.69847222222222216
2015-11-14 00:00:00 UTC,-474,710,503552000,1.1555555555555554
2015-11-14 00:00:00 UTC,-474,711,503552000,0.71402777777777771
2015-11-14 00:00:00 UTC,-474,1694,512000126,1.6991666666666667
2015-11-14 00:00:00 UTC,-218,1546,503025160,8.5247222222222216
2015-11-14 00:00:00 UTC,-218,552,660000800,3.5954166666666669
2015-11-14 00:00:00 UTC,-218,551,660000800,0.85986111111111119
2015-11-14 00:00:00 UTC,-218,550,660000800,1.6381944444444445
2015-11-14 00:00:00 UTC,-218,554,660000800,4.8804166666666671
2015-11-14 00:00:00 UTC,-218,553,660000800,4.1024999999999991
2015-11-14 00:00:00 UTC,-218,1647,540002100,1.8101388888888892
2015-11-14 00:00:00 UTC,-218,1646,540002100,0.65944444444444439
2015-11-14 00:00:00 UTC,-218,1547,503597400,6.469444444444445
2015-11-14 00:00:00 UTC,-218,1544,503798900,2.0070833333333331
2015-11-14 00:00:00 UTC,-218,918,263576000,0.70541666666666669
2015-11-14 00:00:00 UTC,-218,919,263576000,0.88236111111111115
2015-11-14 00:00:00 UTC,-218,490,416002794,6.0313888888888885
2015-11-14 00:00:00 UTC,-218,489,416002794,13.209861111111111
2015-11-14 00:00:00 UTC,295,1225,585625878,2.0072222222222225
2015-11-14 00:00:00 UTC,295,1225,412413982,2.4954166666666664
2015-11-14 00:00:00 UTC,295,1224,412413727,6.7683333333333326
2015-11-14 00:00:00 UTC,295,1224,412413728,7.4536111111111119
2015-11-14 00:00:00 UTC,295,1225,412413729,10.978472222222223
2015-11-14 00:00:00 UTC,295,1224,412413732,6.4623611111111119
2015-11-14 00:00:00 UTC,295,1224,412413489,8.6866666666666639
2015-11-14 00:00:00 UTC,295,1223,412417858,12.331388888888888
2015-11-14 00:00:00 UTC,295,1224,412430418,3.9763888888888896
2015-11-14 00:00:00 UTC,295,1224,412413523,6.8858333333333341
2015-11-14 00:00:00 UTC,295,1225,412413523,0.9975
2015-11-14 00:00:00 UTC,295,1224,412412767,16.879305555555558
2015-11-14 00:00:00 UTC,295,1224,400421989,2.0030555555555556
2015-11-14 00:00:00 UTC,295,1225,400421989,13.194722222222223
2015-11-14 00:00:00 UTC,295,1224,412413568,6.3923611111111107
2015-11-14 00:00:00 UTC,295,1225,412413568,0.8240277777777778
2015-11-14 00:00:00 UTC,295,1226,400731523,13.699305555555554
2015-11-14 00:00:00 UTC,295,1225,412413577,1.1663888888888889
2015-11-14 00:00:00 UTC,295,1224,412413577,5.5569444444444436
2015-11-14 00:00:00 UTC,295,1224,410384266,7.2188888888888885
2015-11-14 00:00:00 UTC,295,1222,412410775,10.392638888888889
2015-11-14 00:00:00 UTC,295,1224,412413592,7.7156944444444449
2015-11-14 00:00:00 UTC,295,1224,410412697,4.4054166666666656
2015-11-14 00:00:00 UTC,295,1224,412413593,8.043333333333333
2015-11-14 00:00:00 UTC,295,1224,412437928,0.43680555555555556
2015-11-14 00:00:00 UTC,295,1223,412437928,2.2975
2015-11-14 00:00:00 UTC,295,1221,412438188,1.6297222222222221
2015-11-14 00:00:00 UTC,295,1226,412413621,14.264861111111111
2015-11-14 00:00:00 UTC,295,1224,412413639,7.6773611111111109
2015-11-14 00:00:00 UTC,295,1223,412410569,7.8634722222222218
2015-11-14 00:00:00 UTC,295,1223,412422626,4.0333333333333332
2015-11-14 00:00:00 UTC,295,1220,412410339,0.26902777777777775
2015-11-14 00:00:00 UTC,295,1222,412410339,14.859444444444442
2015-11-14 00:00:00 UTC,295,-134,224069860,4.6441666666666679
2015-11-14 00:00:00 UTC,295,-135,224069860,0.40166666666666662
2015-11-14 00:00:00 UTC,295,1224,200008932,14.9675
2015-11-14 00:00:00 UTC,295,1225,412413934,4.3198611111111109
2015-11-14 00:00:00 UTC,295,1223,412436464,1.4040277777777779
2015-11-14 00:00:00 UTC,295,1222,412423159,3.5268055555555557
2015-11-14 00:00:00 UTC,295,1223,412423932,3.8019444444444446
2015-11-14 00:00:00 UTC,295,1225,413415420,7.5602777777777774
2015-11-14 00:00:00 UTC,295,1224,413415420,1.899305555555556
2015-11-14 00:00:00 UTC,551,1461,273417010,2.1301388888888888
2015-11-14 00:00:00 UTC,551,-92,277330000,2.16125
2015-11-14 00:00:00 UTC,551,-93,277330000,0.27013888888888887
2015-11-14 00:00:00 UTC,551,-173,211232850,1.0205555555555557
2015-11-14 00:00:00 UTC,551,-172,211232850,0.35430555555555554
2015-11-14 00:00:00 UTC,551,-13,235111765,2.6934722222222223
2015-11-14 00:00:00 UTC,551,-53,235000407,0.51069444444444445
2015-11-14 00:00:00 UTC,551,1510,273431690,2.2027777777777779
2015-11-14 00:00:00 UTC,551,-11,235008670,2.0186111111111109
2015-11-14 00:00:00 UTC,551,1519,273345230,5.4054166666666665
2015-11-14 00:00:00 UTC,551,1521,273345230,14.110972222222227
2015-11-14 00:00:00 UTC,551,1520,273345230,4.2983333333333338
2015-11-14 00:00:00 UTC,551,66,250370000,3.5716666666666663
2015-11-14 00:00:00 UTC,551,67,250370000,0.30361111111111111
2015-11-14 00:00:00 UTC,-473,1672,512392000,1.6481944444444445
2015-11-14 00:00:00 UTC,-473,1694,512000126,0.62513888888888891
2015-11-14 00:00:00 UTC,-473,-591,440282000,0.20277777777777778
2015-11-14 00:00:00 UTC,-473,-592,440282000,0.40041666666666664
2015-11-14 00:00:00 UTC,-217,552,660000800,0.65333333333333332
2015-11-14 00:00:00 UTC,-217,1644,540002100,2.3606944444444444
2015-11-14 00:00:00 UTC,-217,1645,540002100,1.2958333333333334
2015-11-14 00:00:00 UTC,-217,1646,540002100,0.50277777777777777
2015-11-14 00:00:00 UTC,-217,600,416004168,8.46375
2015-11-14 00:00:00 UTC,-217,594,416002764,6.2629166666666665
2015-11-14 00:00:00 UTC,296,1226,412422912,7.6530555555555555
2015-11-14 00:00:00 UTC,296,1226,412412701,0.56805555555555554
2015-11-14 00:00:00 UTC,296,1225,412413727,2.8591666666666669
2015-11-14 00:00:00 UTC,296,1224,412413727,1.5763888888888888
2015-11-14 00:00:00 UTC,296,1224,412413728,2.9222222222222221
2015-11-14 00:00:00 UTC,296,1225,412413728,2.0268055555555557
2015-11-14 00:00:00 UTC,296,1225,412413732,1.6563888888888889
2015-11-14 00:00:00 UTC,296,1224,412413732,2.0313888888888889
2015-11-14 00:00:00 UTC,296,1224,412413489,2.6445833333333333
2015-11-14 00:00:00 UTC,296,1225,412413489,1.65625
2015-11-14 00:00:00 UTC,296,1223,412417858,1.8681944444444445
2015-11-14 00:00:00 UTC,296,1225,412413523,1.5106944444444443
2015-11-14 00:00:00 UTC,296,1224,412413523,2.0919444444444446
2015-11-14 00:00:00 UTC,296,1226,412412513,9.9645833333333318
2015-11-14 00:00:00 UTC,296,1225,412461941,1.5929166666666665
2015-11-14 00:00:00 UTC,296,1226,410632058,0.60805555555555557
2015-11-14 00:00:00 UTC,296,1224,412413568,1.57
2015-11-14 00:00:00 UTC,296,1225,412413568,2.1245833333333337
2015-11-14 00:00:00 UTC,296,1220,438724225,4.1111111111111107
2015-11-14 00:00:00 UTC,296,1224,412411266,2.92625
2015-11-14 00:00:00 UTC,296,1223,412411266,9.0393055555555524
2015-11-14 00:00:00 UTC,296,1226,400731523,0.30333333333333334
2015-11-14 00:00:00 UTC,296,1225,400731523,8.0841666666666665
2015-11-14 00:00:00 UTC,296,1225,412413577,1.1129166666666666
2015-11-14 00:00:00 UTC,296,1224,412413577,2.6497222222222221
2015-11-14 00:00:00 UTC,296,1225,410384266,4.2475000000000005
2015-11-14 00:00:00 UTC,296,1222,412410775,1.3415277777777777
2015-11-14 00:00:00 UTC,296,1223,412410775,1.6622222222222223
2015-11-14 00:00:00 UTC,296,1225,412413592,2.9116666666666666
2015-11-14 00:00:00 UTC,296,1224,412413592,1.6238888888888892
2015-11-14 00:00:00 UTC,296,1225,410412697,12.065694444444444
2015-11-14 00:00:00 UTC,296,1225,412413593,3.2834722222222221
2015-11-14 00:00:00 UTC,296,1217,412439451,2.3190277777777779
2015-11-14 00:00:00 UTC,296,1218,412439451,3.8647222222222219
2015-11-14 00:00:00 UTC,296,1224,412437928,2.6573611111111113
2015-11-14 00:00:00 UTC,296,1220,412439473,2.9208333333333329
2015-11-14 00:00:00 UTC,296,1221,412439473,3.2633333333333336
2015-11-14 00:00:00 UTC,296,1220,412439479,2.5459722222222219
2015-11-14 00:00:00 UTC,296,1217,412439479,2.7747222222222221
2015-11-14 00:00:00 UTC,296,1218,412439479,0.61291666666666667
2015-11-14 00:00:00 UTC,296,1225,412413639,2.232361111111111
2015-11-14 00:00:00 UTC,296,1224,412413639,2.3545833333333333
2015-11-14 00:00:00 UTC,296,1223,412410569,1.5954166666666669
2015-11-14 00:00:00 UTC,296,1226,412411601,4.2598611111111113
2015-11-14 00:00:00 UTC,296,1225,412411601,4.8163888888888886
2015-11-14 00:00:00 UTC,296,1217,412439511,1.6006944444444446
2015-11-14 00:00:00 UTC,296,1218,412439511,3.9508333333333336
2015-11-14 00:00:00 UTC,296,1219,412439514,2.0066666666666664
2015-11-14 00:00:00 UTC,296,1218,412439514,1.7152777777777777
2015-11-14 00:00:00 UTC,296,1226,412412642,9.6966666666666672
2015-11-14 00:00:00 UTC,296,1222,412410339,3.8255555555555558
2015-11-14 00:00:00 UTC,296,1226,412412643,5.8315277777777776
2015-11-14 00:00:00 UTC,296,1221,412422891,1.3081944444444442
2015-11-14 00:00:00 UTC,296,1225,412413934,12.733472222222222
2015-11-14 00:00:00 UTC,296,1225,412412659,0.37333333333333329
2015-11-14 00:00:00 UTC,552,1459,273417010,2.8543055555555554
2015-11-14 00:00:00 UTC,552,-76,235061559,0.55
2015-11-14 00:00:00 UTC,552,-92,277330000,0.25277777777777777
2015-11-14 00:00:00 UTC,552,-91,277330000,2.8688888888888893
2015-11-14 00:00:00 UTC,552,-90,277330000,0.54222222222222227
2015-11-14 00:00:00 UTC,552,-170,211232850,0.84513888888888888
2015-11-14 00:00:00 UTC,552,-171,211232850,0.33694444444444444
2015-11-14 00:00:00 UTC,552,-168,211232850,3.6875
2015-11-14 00:00:00 UTC,552,-15,235063378,1.9226388888888888
2015-11-14 00:00:00 UTC,552,-13,235111765,4.0620833333333328
2015-11-14 00:00:00 UTC,552,-76,235007390,2.735
2015-11-14 00:00:00 UTC,552,-11,235008670,2.7086111111111113
2015-11-14 00:00:00 UTC,552,66,250370000,5.3248611111111108
2015-11-14 00:00:00 UTC,552,70,250369000,3.3487500000000003
2015-11-14 00:00:00 UTC,-472,1686,441182000,1.5431944444444445
2015-11-14 00:00:00 UTC,-472,1673,512392000,3.6486111111111108
2015-11-14 00:00:00 UTC,-472,1672,512392000,0.73916666666666664
2015-11-14 00:00:00 UTC,-472,1694,512000126,0.40249999999999997
2015-11-14 00:00:00 UTC,-472,1695,512000126,0.31694444444444447
2015-11-14 00:00:00 UTC,-472,-592,440282000,0.44319444444444445
2015-11-14 00:00:00 UTC,-216,1544,503798900,2.0194444444444444
2015-11-14 00:00:00 UTC,-216,596,416002764,5.2375000000000007
2015-11-14 00:00:00 UTC,-216,1614,540011500,0.81805555555555554
2015-11-14 00:00:00 UTC,-216,1622,540011500,2.203611111111111
2015-11-14 00:00:00 UTC,-216,1612,540011500,0.53472222222222221
2015-11-14 00:00:00 UTC,-216,1613,540011500,1.9916666666666667
2015-11-14 00:00:00 UTC,-216,1621,540011500,0.75041666666666662
2015-11-14 00:00:00 UTC,-216,1620,540011500,1.6959722222222222
2015-11-14 00:00:00 UTC,41,86,412001251,7.44625
2015-11-14 00:00:00 UTC,297,1225,412443394,3.7325000000000004
2015-11-14 00:00:00 UTC,297,1226,412413709,0.44625000000000004
2015-11-14 00:00:00 UTC,297,1225,412413709,3.7704166666666667
2015-11-14 00:00:00 UTC,297,1226,412423952,1.7179166666666665
2015-11-14 00:00:00 UTC,297,1227,412423952,2.6109722222222222
2015-11-14 00:00:00 UTC,297,1226,412422165,12.977916666666667
2015-11-14 00:00:00 UTC,297,1226,585625878,10.180555555555557
2015-11-14 00:00:00 UTC,297,1228,412413465,11.194444444444446
2015-11-14 00:00:00 UTC,297,1225,412443418,1.3475
2015-11-14 00:00:00 UTC,297,1226,412443418,1.05
2015-11-14 00:00:00 UTC,297,1226,412413981,20.854027777777777
2015-11-14 00:00:00 UTC,297,1226,412413982,11.566111111111111
2015-11-14 00:00:00 UTC,297,1225,412410655,7.1073611111111106
2015-11-14 00:00:00 UTC,297,1225,412413727,1.7816666666666665
2015-11-14 00:00:00 UTC,297,1226,412413727,7.4366666666666674
2015-11-14 00:00:00 UTC,297,1225,412413728,11.795694444444445
2015-11-14 00:00:00 UTC,297,-813,367530530,3.7830555555555554
2015-11-14 00:00:00 UTC,297,1226,412413732,3.1872222222222222
2015-11-14 00:00:00 UTC,297,1225,412413732,7.69888888888889
2015-11-14 00:00:00 UTC,297,1225,412413733,19.811666666666664
2015-11-14 00:00:00 UTC,297,1226,412421671,10.395555555555557
2015-11-14 00:00:00 UTC,297,1225,412413489,5.935
2015-11-14 00:00:00 UTC,297,1227,412420147,5.9176388888888889
2015-11-14 00:00:00 UTC,297,1227,412436545,5.9
2015-11-14 00:00:00 UTC,297,1225,412410699,10.729583333333336
2015-11-14 00:00:00 UTC,297,1225,412413523,9.8656944444444434
2015-11-14 00:00:00 UTC,297,1226,412413529,5.3008333333333333
2015-11-14 00:00:00 UTC,297,1226,412412513,1.8797222222222221
2015-11-14 00:00:00 UTC,297,1224,412418412,0.42805555555555558
2015-11-14 00:00:00 UTC,297,1228,412433261,2.2180555555555559
2015-11-14 00:00:00 UTC,297,1225,412461941,0.59083333333333332
2015-11-14 00:00:00 UTC,297,1226,412461941,0.74222222222222223
2015-11-14 00:00:00 UTC,297,1228,410632058,6.908611111111111
2015-11-14 00:00:00 UTC,297,1227,410632058,0.59875
2015-11-14 00:00:00 UTC,297,1226,410632058,0.95166666666666666
2015-11-14 00:00:00 UTC,297,1225,412413568,2.3029166666666665
2015-11-14 00:00:00 UTC,297,1226,412413568,8.2816666666666663
2015-11-14 00:00:00 UTC,297,1225,500080001,0.61944444444444446
2015-11-14 00:00:00 UTC,297,1226,500080001,0.65694444444444444
2015-11-14 00:00:00 UTC,297,1224,412411266,3.9322222222222223
2015-11-14 00:00:00 UTC,297,1223,412411266,0.59638888888888886
2015-11-14 00:00:00 UTC,297,1225,412443779,1.5273611111111112
2015-11-14 00:00:00 UTC,297,1225,412413577,9.66111111111111
2015-11-14 00:00:00 UTC,297,1226,412413577,0.37861111111111112
2015-11-14 00:00:00 UTC,297,1225,410384266,0.43416666666666665
2015-11-14 00:00:00 UTC,297,1225,412410763,8.2177777777777781
2015-11-14 00:00:00 UTC,297,1225,412413592,6.4748611111111112
2015-11-14 00:00:00 UTC,297,1225,412413593,10.300555555555558
2015-11-14 00:00:00 UTC,297,1227,412412583,2.2875
2015-11-14 00:00:00 UTC,297,1226,412413612,10.077083333333333
2015-11-14 00:00:00 UTC,297,1226,412423856,6.79
2015-11-14 00:00:00 UTC,297,1218,412439479,0.85458333333333325
2015-11-14 00:00:00 UTC,297,1227,412412602,2.4041666666666668
2015-11-14 00:00:00 UTC,297,1227,412412603,4.6351388888888891
2015-11-14 00:00:00 UTC,297,1225,412410559,8.8834722222222222
2015-11-14 00:00:00 UTC,297,1225,412359621,7.1068055555555558
2015-11-14 00:00:00 UTC,297,1225,412413639,9.7818055555555556
2015-11-14 00:00:00 UTC,297,1225,412410569,7.07888888888889
2015-11-14 00:00:00 UTC,297,1224,412422603,6.7544444444444443
2015-11-14 00:00:00 UTC,297,1226,412413132,0.97277777777777774
2015-11-14 00:00:00 UTC,297,1226,412421585,11.856527777777778
2015-11-14 00:00:00 UTC,297,1226,412411601,1.8627777777777776
2015-11-14 00:00:00 UTC,297,1226,412413393,1.1593055555555556
2015-11-14 00:00:00 UTC,297,1222,412422617,1.4291666666666665
2015-11-14 00:00:00 UTC,297,1218,412439514,0.61749999999999994
2015-11-14 00:00:00 UTC,297,1220,412423392,5.5551388888888882
2015-11-14 00:00:00 UTC,297,1225,412410336,2.4631944444444445
2015-11-14 00:00:00 UTC,297,1226,412412642,2.1252777777777778
2015-11-14 00:00:00 UTC,297,1226,412412643,2.2519444444444443
2015-11-14 00:00:00 UTC,297,1224,412418788,0.23347222222222222
2015-11-14 00:00:00 UTC,297,1225,412418794,3.903194444444444
2015-11-14 00:00:00 UTC,297,1224,412423917,4.3495833333333334
2015-11-14 00:00:00 UTC,297,1225,412412659,0.75347222222222221
2015-11-14 00:00:00 UTC,553,1461,273417010,3.6879166666666667
2015-11-14 00:00:00 UTC,553,-91,277330000,1.0319444444444446
2015-11-14 00:00:00 UTC,553,-169,211232850,11.077083333333334
2015-11-14 00:00:00 UTC,553,-171,211232850,6.8113888888888887
2015-11-14 00:00:00 UTC,553,-15,235063378,2.3918055555555555
2015-11-14 00:00:00 UTC,553,-12,235111765,1.7263888888888892
2015-11-14 00:00:00 UTC,553,-13,235111765,2.0008333333333335
2015-11-14 00:00:00 UTC,553,69,250370000,1.125
2015-11-14 00:00:00 UTC,553,68,250370000,2.0575
2015-11-14 00:00:00 UTC,553,67,250370000,2.2466666666666666
2015-11-14 00:00:00 UTC,553,70,250370000,2.3747222222222222
2015-11-14 00:00:00 UTC,553,66,250370000,4.2004166666666665
2015-11-14 00:00:00 UTC,553,68,250369000,0.28513888888888894
2015-11-14 00:00:00 UTC,553,67,250369000,1.2956944444444443
2015-11-14 00:00:00 UTC,-471,1686,441182000,6.3473611111111108
2015-11-14 00:00:00 UTC,-471,1687,441182000,0.80541666666666667
2015-11-14 00:00:00 UTC,-471,1685,441182000,1.8980555555555554
2015-11-14 00:00:00 UTC,-471,1673,512392000,1.2304166666666665
2015-11-14 00:00:00 UTC,-471,1674,512392000,0.87222222222222223
2015-11-14 00:00:00 UTC,-471,1672,512392000,0.13430555555555554
2015-11-14 00:00:00 UTC,-471,1696,512000126,0.6513888888888888
2015-11-14 00:00:00 UTC,-471,1695,512000126,1.412222222222222
2015-11-14 00:00:00 UTC,-471,-592,440282000,0.44527777777777777
2015-11-14 00:00:00 UTC,-215,1545,503798600,12.154444444444445
2015-11-14 00:00:00 UTC,-215,600,416004168,1.4583333333333335
2015-11-14 00:00:00 UTC,-215,1546,503597400,0.50444444444444447
2015-11-14 00:00:00 UTC,-215,1543,503798900,3.892638888888889
2015-11-14 00:00:00 UTC,-215,594,416002764,6.0747222222222224
2015-11-14 00:00:00 UTC,-215,595,416002764,0.9425
2015-11-14 00:00:00 UTC,-215,-1215,412420818,0.75458333333333327
2015-11-14 00:00:00 UTC,-215,-1209,412420818,0.175
2015-11-14 00:00:00 UTC,-215,-1210,412420818,0.29569444444444448
2015-11-14 00:00:00 UTC,-215,-1214,412420818,1.4754166666666666
2015-11-14 00:00:00 UTC,-215,-1216,412420818,0.7040277777777777
2015-11-14 00:00:00 UTC,-215,-1217,412420818,5.8415277777777774
2015-11-14 00:00:00 UTC,-215,-1203,412420818,1.1833333333333333
2015-11-14 00:00:00 UTC,-215,1619,540011500,4.6248611111111115
2015-11-14 00:00:00 UTC,-215,1612,540011500,0.73319444444444448
2015-11-14 00:00:00 UTC,-215,1611,540011500,1.0306944444444444
2015-11-14 00:00:00 UTC,42,1697,431600275,3.512083333333333
2015-11-14 00:00:00 UTC,298,1225,412443394,6.9044444444444446
2015-11-14 00:00:00 UTC,298,1226,412443394,2.8906944444444442
2015-11-14 00:00:00 UTC,298,1226,412423429,25.552638888888893
2015-11-14 00:00:00 UTC,298,1225,412413709,6.8605555555555551
2015-11-14 00:00:00 UTC,298,1226,412413709,2.8254166666666665
2015-11-14 00:00:00 UTC,298,1226,412422165,12.3325
2015-11-14 00:00:00 UTC,298,1225,412412949,16.460138888888888
2015-11-14 00:00:00 UTC,298,1226,412412949,1.0808333333333333
2015-11-14 00:00:00 UTC,298,1226,585625878,2.8648611111111109
2015-11-14 00:00:00 UTC,298,1226,412443418,6.1112499999999992
2015-11-14 00:00:00 UTC,298,1225,412443418,0.60055555555555551
2015-11-14 00:00:00 UTC,298,1229,413061917,0.12513888888888888
2015-11-14 00:00:00 UTC,298,1226,412413981,2.555
2015-11-14 00:00:00 UTC,298,1226,412413982,3.9286111111111106
2015-11-14 00:00:00 UTC,298,1225,412410655,1.4955555555555555
2015-11-14 00:00:00 UTC,298,1224,412410655,2.3697222222222218
2015-11-14 00:00:00 UTC,298,-813,367530530,4.6963888888888894
2015-11-14 00:00:00 UTC,298,1226,412421671,9.6719444444444456
2015-11-14 00:00:00 UTC,298,1225,412412712,5.5119444444444445
2015-11-14 00:00:00 UTC,298,1226,412422444,1.2404166666666667
2015-11-14 00:00:00 UTC,298,1227,412422444,2.9375
2015-11-14 00:00:00 UTC,298,1229,412432686,6.9338888888888892
2015-11-14 00:00:00 UTC,298,1229,412412462,10.637361111111112
2015-11-14 00:00:00 UTC,298,1227,412410416,2.0004166666666667
2015-11-14 00:00:00 UTC,298,1226,412410416,0.65472222222222221
2015-11-14 00:00:00 UTC,298,1226,412420147,1.3073611111111112
2015-11-14 00:00:00 UTC,298,1229,412437557,1.5916666666666668
2015-11-14 00:00:00 UTC,298,1228,412437558,0.57486111111111116
2015-11-14 00:00:00 UTC,298,1229,412437558,1.3626388888888887
2015-11-14 00:00:00 UTC,298,1227,412436545,7.3556944444444445
2015-11-14 00:00:00 UTC,298,1225,412436291,13.086666666666668
2015-11-14 00:00:00 UTC,298,1225,412435529,1.0788888888888888
2015-11-14 00:00:00 UTC,298,1223,412435529,0.25847222222222221
2015-11-14 00:00:00 UTC,298,1226,412435529,0.91569444444444448
2015-11-14 00:00:00 UTC,298,1224,412435529,1.2075000000000002
2015-11-14 00:00:00 UTC,298,1224,412410699,2.29625
2015-11-14 00:00:00 UTC,298,1225,412410699,1.2695833333333333
2015-11-14 00:00:00 UTC,298,1225,412410445,15.099861111111109
2015-11-14 00:00:00 UTC,298,1229,412436302,1.7827777777777778
2015-11-14 00:00:00 UTC,298,1228,412436302,1.31125
2015-11-14 00:00:00 UTC,298,1225,410579288,6.36875
2015-11-14 00:00:00 UTC,298,1226,412413529,4.0509722222222226
2015-11-14 00:00:00 UTC,298,1227,412422494,6.2054166666666655
2015-11-14 00:00:00 UTC,298,1226,412422495,6.1577777777777776
2015-11-14 00:00:00 UTC,298,1226,412412513,1.6773611111111111
2015-11-14 00:00:00 UTC,298,1225,412418412,21.130972222222223
2015-11-14 00:00:00 UTC,298,1227,412433261,9.9995833333333337
2015-11-14 00:00:00 UTC,298,1223,412556655,2.9795833333333337
2015-11-14 00:00:00 UTC,298,1225,412423794,1.5655555555555554
2015-11-14 00:00:00 UTC,298,1227,412423539,4.8666666666666671
2015-11-14 00:00:00 UTC,298,1226,412461941,1.2923611111111111
2015-11-14 00:00:00 UTC,298,1225,412461941,9.4615277777777784
2015-11-14 00:00:00 UTC,298,1229,410632058,8.1061111111111117
2015-11-14 00:00:00 UTC,298,1226,412423294,2.3975000000000004
2015-11-14 00:00:00 UTC,298,1227,412423294,6.3319444444444448
2015-11-14 00:00:00 UTC,298,1226,500080001,11.36611111111111
2015-11-14 00:00:00 UTC,298,1225,412443779,0.22013888888888888
2015-11-14 00:00:00 UTC,298,1226,412443779,9.61847222222222
2015-11-14 00:00:00 UTC,298,1225,412413582,3.4015277777777779
2015-11-14 00:00:00 UTC,298,1226,412422552,1.4483333333333333
2015-11-14 00:00:00 UTC,298,1227,412422552,5.6406944444444447
2015-11-14 00:00:00 UTC,298,1226,412413083,2.459027777777778
2015-11-14 00:00:00 UTC,298,1225,412412581,14.373333333333335
2015-11-14 00:00:00 UTC,298,1227,412412582,11.66722222222222
2015-11-14 00:00:00 UTC,298,1227,412412583,8.4375
2015-11-14 00:00:00 UTC,298,1226,412413612,1.3159722222222223
2015-11-14 00:00:00 UTC,298,1226,412423856,1.45125
2015-11-14 00:00:00 UTC,298,1226,414021808,0.64583333333333326
2015-11-14 00:00:00 UTC,298,1225,412410551,9.1366666666666649
2015-11-14 00:00:00 UTC,298,1226,412420024,10.432222222222222
2015-11-14 00:00:00 UTC,298,1227,412420024,1.0119444444444445
2015-11-14 00:00:00 UTC,298,1222,412422585,0.3223611111111111
2015-11-14 00:00:00 UTC,298,1223,412422585,0.12944444444444445
2015-11-14 00:00:00 UTC,298,1227,412412602,4.8736111111111118
2015-11-14 00:00:00 UTC,298,1227,412433595,0.5969444444444445
2015-11-14 00:00:00 UTC,298,1227,412412603,3.9752777777777779
2015-11-14 00:00:00 UTC,298,1228,412412603,1.19
2015-11-14 00:00:00 UTC,298,1227,412436677,11.20263888888889
2015-11-14 00:00:00 UTC,298,1224,412422603,7.68486111111111
2015-11-14 00:00:00 UTC,298,1226,412413132,1.6354166666666665
2015-11-14 00:00:00 UTC,298,1226,412421585,14.545138888888889
2015-11-14 00:00:00 UTC,298,1226,412411601,2.6043055555555554
2015-11-14 00:00:00 UTC,298,1226,412413393,2.1026388888888889
2015-11-14 00:00:00 UTC,298,1227,412413913,0.53291666666666671
2015-11-14 00:00:00 UTC,298,1228,412427232,3.8906944444444442
2015-11-14 00:00:00 UTC,298,1225,412410336,13.532777777777779
2015-11-14 00:00:00 UTC,298,1226,412412642,1.9329166666666666
2015-11-14 00:00:00 UTC,298,1226,412412643,1.7397222222222222
2015-11-14 00:00:00 UTC,298,1225,412418788,18.348611111111111
2015-11-14 00:00:00 UTC,298,1225,412418794,12.085416666666665
2015-11-14 00:00:00 UTC,298,1224,412423917,7.3227777777777767
2015-11-14 00:00:00 UTC,298,1226,412412659,0.57041666666666657
2015-11-14 00:00:00 UTC,298,1225,412412659,10.973472222222224
2015-11-14 00:00:00 UTC,554,67,250369000,9.1590277777777764
2015-11-14 00:00:00 UTC,554,66,250369000,10.930416666666666
2015-11-14 00:00:00 UTC,-470,1689,441182000,0.41569444444444448
2015-11-14 00:00:00 UTC,-470,1687,441182000,4.2702777777777774
2015-11-14 00:00:00 UTC,-470,1688,441182000,3.4866666666666664
2015-11-14 00:00:00 UTC,-470,1686,441182000,0.53083333333333327
2015-11-14 00:00:00 UTC,-470,1674,512392000,1.5243055555555556
2015-11-14 00:00:00 UTC,-470,1673,512392000,4.6140277777777774
2015-11-14 00:00:00 UTC,-470,1697,512000126,0.88583333333333336
2015-11-14 00:00:00 UTC,-470,1696,512000126,0.6958333333333333
2015-11-14 00:00:00 UTC,-470,-593,440282000,0.43111111111111111
2015-11-14 00:00:00 UTC,-214,1544,503007240,12.825416666666666
2015-11-14 00:00:00 UTC,-214,562,660003100,3.689166666666666
2015-11-14 00:00:00 UTC,-214,1546,503597400,0.887361111111111
2015-11-14 00:00:00 UTC,-214,1544,503798900,4.4506944444444443
2015-11-14 00:00:00 UTC,-214,595,416002764,0.81236111111111109
2015-11-14 00:00:00 UTC,-214,-1203,412420818,0.72513888888888889
2015-11-14 00:00:00 UTC,-214,1611,540011500,3.3125
2015-11-14 00:00:00 UTC,-214,1619,540011500,2.6301388888888892
2015-11-14 00:00:00 UTC,43,-15,627186000,15.029166666666665
2015-11-14 00:00:00 UTC,43,1696,431600275,2.7511111111111108
2015-11-14 00:00:00 UTC,43,1697,431600275,1.5677777777777777
2015-11-14 00:00:00 UTC,299,1226,412422917,8.1927777777777777
2015-11-14 00:00:00 UTC,299,1226,412423429,0.40388888888888885
2015-11-14 00:00:00 UTC,299,1229,412443407,19.707083333333333
2015-11-14 00:00:00 UTC,299,1224,412421395,1.1955555555555555
2015-11-14 00:00:00 UTC,299,1229,412427029,18.256944444444443
2015-11-14 00:00:00 UTC,299,1226,412412949,2.8130555555555552
2015-11-14 00:00:00 UTC,299,1225,412412949,1.2143055555555555
2015-11-14 00:00:00 UTC,299,1227,412438038,3.8922222222222222
2015-11-14 00:00:00 UTC,299,1227,412438039,2.209027777777778
2015-11-14 00:00:00 UTC,299,1229,412413465,11.649305555555555
2015-11-14 00:00:00 UTC,299,1224,412423706,7.834305555555555
2015-11-14 00:00:00 UTC,299,1226,412443418,0.85055555555555562
2015-11-14 00:00:00 UTC,299,1226,412423455,2.0954166666666669
2015-11-14 00:00:00 UTC,299,1227,412421921,5.9715277777777773
2015-11-14 00:00:00 UTC,299,-813,367530530,2.5268055555555557
2015-11-14 00:00:00 UTC,299,1230,412436517,0.57041666666666668
2015-11-14 00:00:00 UTC,299,1229,412436517,0.20347222222222222
2015-11-14 00:00:00 UTC,299,1229,412413477,1.7105555555555554
2015-11-14 00:00:00 UTC,299,1226,412421671,1.7572222222222222
2015-11-14 00:00:00 UTC,299,1226,412422444,14.685000000000002
2015-11-14 00:00:00 UTC,299,1227,412422444,3.9783333333333335
2015-11-14 00:00:00 UTC,299,1227,412423213,7.8654166666666665
2015-11-14 00:00:00 UTC,299,1229,412412462,1.5455555555555556
2015-11-14 00:00:00 UTC,299,1227,412410416,6.4456944444444444
2015-11-14 00:00:00 UTC,299,1228,412437557,3.5997222222222218
2015-11-14 00:00:00 UTC,299,1228,412437558,2.6940277777777779
2015-11-14 00:00:00 UTC,299,1229,412441654,14.949722222222224
2015-11-14 00:00:00 UTC,299,1222,412422461,0.29972222222222222
2015-11-14 00:00:00 UTC,299,1227,412436545,8.0568055555555542
2015-11-14 00:00:00 UTC,299,1225,412436291,7.7409722222222239
2015-11-14 00:00:00 UTC,299,1226,412436291,2.2516666666666669
2015-11-14 00:00:00 UTC,299,1229,412461386,22.079444444444444
2015-11-14 00:00:00 UTC,299,1229,412413516,3.5808333333333335
2015-11-14 00:00:00 UTC,299,1228,412436302,1.9175
2015-11-14 00:00:00 UTC,299,1229,412413521,17.295138888888889
2015-11-14 00:00:00 UTC,299,1229,412413531,16.095833333333335
2015-11-14 00:00:00 UTC,299,1227,412422494,5.1105555555555551
2015-11-14 00:00:00 UTC,299,1226,412423264,2.2979166666666666
2015-11-14 00:00:00 UTC,299,1227,412423264,12.443472222222223
2015-11-14 00:00:00 UTC,299,1226,412412513,2.1597222222222223
2015-11-14 00:00:00 UTC,299,1227,412422498,2.4355555555555553
2015-11-14 00:00:00 UTC,299,1229,412413796,27.336388888888887
2015-11-14 00:00:00 UTC,299,1229,412413799,4.8725000000000005
2015-11-14 00:00:00 UTC,299,1224,412421489,1.1536111111111111
2015-11-14 00:00:00 UTC,299,1225,412423794,3.7258333333333336
2015-11-14 00:00:00 UTC,299,1227,412423539,2.3441666666666667
2015-11-14 00:00:00 UTC,299,1226,412461941,0.2713888888888889
2015-11-14 00:00:00 UTC,299,1229,410632058,5.7347222222222216
2015-11-14 00:00:00 UTC,299,1230,410632058,1.0954166666666665
2015-11-14 00:00:00 UTC,299,1229,412413565,3.5884722222222223
2015-11-14 00:00:00 UTC,299,1227,412423294,4.8880555555555549
2015-11-14 00:00:00 UTC,299,1226,412423294,0.88402777777777775
2015-11-14 00:00:00 UTC,299,1227,412422786,3.6669444444444443
2015-11-14 00:00:00 UTC,299,1226,412443779,0.89666666666666661
2015-11-14 00:00:00 UTC,299,1227,412422279,6.2759722222222223
2015-11-14 00:00:00 UTC,299,1229,412378000,16.388055555555553
2015-11-14 00:00:00 UTC,299,1229,412411543,5.5606944444444446
2015-11-14 00:00:00 UTC,299,1226,412422552,3.8977777777777778
2015-11-14 00:00:00 UTC,299,1227,412422552,5.8872222222222224
2015-11-14 00:00:00 UTC,299,1227,412423065,4.0011111111111113
2015-11-14 00:00:00 UTC,299,1226,412413083,19.500416666666666
2015-11-14 00:00:00 UTC,299,1227,412412582,8.5325
2015-11-14 00:00:00 UTC,299,1227,412412583,9.3361111111111121
2015-11-14 00:00:00 UTC,299,1227,412423599,4.4558333333333335
2015-11-14 00:00:00 UTC,299,1226,414021808,16.297500000000003
2015-11-14 00:00:00 UTC,299,1227,412423602,7.4291666666666663
2015-11-14 00:00:00 UTC,299,1227,412422323,2.015
2015-11-14 00:00:00 UTC,299,1227,412422583,6.1181944444444447
2015-11-14 00:00:00 UTC,299,1227,412420024,4.100138888888889
2015-11-14 00:00:00 UTC,299,1219,412422585,0.84458333333333335
2015-11-14 00:00:00 UTC,299,1222,412422585,1.2356944444444444
2015-11-14 00:00:00 UTC,299,1220,412422585,1.6530555555555555
2015-11-14 00:00:00 UTC,299,1221,412422585,1.6231944444444444
2015-11-14 00:00:00 UTC,299,1227,412412602,8.8591666666666669
2015-11-14 00:00:00 UTC,299,1226,412419003,2.4843055555555553
2015-11-14 00:00:00 UTC,299,1225,412419003,6.6194444444444445
2015-11-14 00:00:00 UTC,299,1227,412412603,7.3001388888888874
2015-11-14 00:00:00 UTC,299,1228,412412603,1.1090277777777777
2015-11-14 00:00:00 UTC,299,1229,412325054,18.985694444444444
2015-11-14 00:00:00 UTC,299,1225,412410559,1.4243055555555557
2015-11-14 00:00:00 UTC,299,1224,412410559,2.0861111111111112
2015-11-14 00:00:00 UTC,299,1224,412359621,1.9412499999999997
2015-11-14 00:00:00 UTC,299,1225,412359621,1.1668055555555557
2015-11-14 00:00:00 UTC,299,1227,412436677,4.4836111111111112
2015-11-14 00:00:00 UTC,299,1224,412422603,4.5915277777777774
2015-11-14 00:00:00 UTC,299,1227,412422348,3.7231944444444438
2015-11-14 00:00:00 UTC,299,1226,412413132,13.989027777777778
2015-11-14 00:00:00 UTC,299,1226,412411601,1.23125
2015-11-14 00:00:00 UTC,299,1227,412413393,12.093888888888889
2015-11-14 00:00:00 UTC,299,1226,412413393,4.5108333333333324
2015-11-14 00:00:00 UTC,299,1227,412413913,9.2455555555555566
2015-11-14 00:00:00 UTC,299,1228,412427232,13.123750000000001
2015-11-14 00:00:00 UTC,299,1226,412412642,1.96375
2015-11-14 00:00:00 UTC,299,1226,412412643,1.2861111111111112
2015-11-14 00:00:00 UTC,299,1222,412422374,1.0002777777777778
2015-11-14 00:00:00 UTC,299,1226,412422631,0.47486111111111112
2015-11-14 00:00:00 UTC,299,1227,412422631,2.1036111111111109
2015-11-14 00:00:00 UTC,299,1227,412422376,5.3684722222222216
2015-11-14 00:00:00 UTC,299,1227,412423404,5.7862500000000008
2015-11-14 00:00:00 UTC,299,1224,412423917,4.779583333333334
2015-11-14 00:00:00 UTC,299,1224,412422895,11.015972222222221
2015-11-14 00:00:00 UTC,299,1227,412423407,2.7441666666666666
2015-11-14 00:00:00 UTC,299,1227,412423409,2.85625
2015-11-14 00:00:00 UTC,299,1227,412423156,4.1504166666666666
2015-11-14 00:00:00 UTC,299,1227,412423413,4.0422222222222226
2015-11-14 00:00:00 UTC,555,-1639,303407000,0.76916666666666655
2015-11-14 00:00:00 UTC,555,-1638,303407000,1.6877777777777778
2015-11-14 00:00:00 UTC,-469,1688,441182000,0.70430555555555563
2015-11-14 00:00:00 UTC,-469,1689,441182000,4.1315277777777775
2015-11-14 00:00:00 UTC,-469,-647,701006427,7.0211111111111117
2015-11-14 00:00:00 UTC,-469,1698,512000126,0.18319444444444444
2015-11-14 00:00:00 UTC,-469,-593,440282000,0.64625
2015-11-14 00:00:00 UTC,-213,562,660003100,2.877361111111111
2015-11-14 00:00:00 UTC,-213,600,416004168,1.2452777777777779
2015-11-14 00:00:00 UTC,-213,599,416004168,5.0947222222222219
2015-11-14 00:00:00 UTC,-213,1546,503597400,0.52875
2015-11-14 00:00:00 UTC,-213,1543,503798900,1.5820833333333333
2015-11-14 00:00:00 UTC,-213,609,416002934,6.2525
2015-11-14 00:00:00 UTC,-213,595,416002764,6.2245833333333342
2015-11-14 00:00:00 UTC,-213,-1203,412420818,1.9304166666666662
2015-11-14 00:00:00 UTC,44,-70,412200215,0.92958333333333332
2015-11-14 00:00:00 UTC,44,-72,412200219,5.2156944444444449
2015-11-14 00:00:00 UTC,44,-70,412200219,7.0905555555555555
2015-11-14 00:00:00 UTC,44,-71,412200219,6.1194444444444445
2015-11-14 00:00:00 UTC,44,-70,412200222,7.0918055555555553
2015-11-14 00:00:00 UTC,44,-71,412200222,11.419861111111111
2015-11-14 00:00:00 UTC,44,-70,412200255,6.262777777777778
2015-11-14 00:00:00 UTC,44,-15,627144000,17.90347222222222
2015-11-14 00:00:00 UTC,300,1227,412423168,2.2875
2015-11-14 00:00:00 UTC,300,1216,413477888,6.6343055555555575
2015-11-14 00:00:00 UTC,300,1226,412422659,5.8788888888888895
2015-11-14 00:00:00 UTC,300,1216,412439814,0.73722222222222222
2015-11-14 00:00:00 UTC,300,1224,412424455,4.8202777777777781
2015-11-14 00:00:00 UTC,300,1229,412427029,5.71
2015-11-14 00:00:00 UTC,300,1227,412438038,3.3956944444444446
2015-11-14 00:00:00 UTC,300,1227,412438039,2.6556944444444444
2015-11-14 00:00:00 UTC,300,1230,412413465,1.1345833333333333
2015-11-14 00:00:00 UTC,300,1230,412590620,0.2951388888888889
2015-11-14 00:00:00 UTC,300,1226,412423455,4.0670833333333327
2015-11-14 00:00:00 UTC,300,1226,412423456,10.268333333333334
2015-11-14 00:00:00 UTC,300,1227,412421921,13.90013888888889
2015-11-14 00:00:00 UTC,300,1229,412413477,4.0105555555555554
2015-11-14 00:00:00 UTC,300,1227,412421675,4.2665277777777781
2015-11-14 00:00:00 UTC,300,1226,412421675,2.3675
2015-11-14 00:00:00 UTC,300,1229,412412716,0.13180555555555556
2015-11-14 00:00:00 UTC,300,1228,412423213,0.52027777777777773
2015-11-14 00:00:00 UTC,300,1227,412423213,10.213750000000001
2015-11-14 00:00:00 UTC,300,1229,412412462,6.5563888888888888
2015-11-14 00:00:00 UTC,300,1231,412450358,11.587916666666667
2015-11-14 00:00:00 UTC,300,1227,412436545,0.94138888888888883
2015-11-14 00:00:00 UTC,300,1224,412424519,4.68875
2015-11-14 00:00:00 UTC,300,1225,412424519,1.5529166666666667
2015-11-14 00:00:00 UTC,300,1225,412410445,2.9105555555555553
2015-11-14 00:00:00 UTC,300,1230,412448597,6.8409722222222218
2015-11-14 00:00:00 UTC,300,1227,412421726,18.12736111111111
2015-11-14 00:00:00 UTC,300,1226,412422494,0.30388888888888888
2015-11-14 00:00:00 UTC,300,1227,412422494,4.8430555555555559
2015-11-14 00:00:00 UTC,300,1227,412423264,3.7605555555555554
2015-11-14 00:00:00 UTC,300,1226,412423264,5.20388888888889
2015-11-14 00:00:00 UTC,300,1233,412426593,15.9075
2015-11-14 00:00:00 UTC,300,1227,412424034,3.3519444444444444
2015-11-14 00:00:00 UTC,300,1227,412423539,4.8795833333333336
2015-11-14 00:00:00 UTC,300,1226,412423539,7.1236111111111109
2015-11-14 00:00:00 UTC,300,1227,412423294,12.927916666666667
2015-11-14 00:00:00 UTC,300,1225,412410753,0.48208333333333331
2015-11-14 00:00:00 UTC,300,1227,412422786,16.908888888888889
2015-11-14 00:00:00 UTC,300,1227,412422279,13.31
2015-11-14 00:00:00 UTC,300,1231,412448393,21.784444444444446
2015-11-14 00:00:00 UTC,300,1225,412410763,1.1343055555555557
2015-11-14 00:00:00 UTC,300,1226,412422552,3.6590277777777778
2015-11-14 00:00:00 UTC,300,1227,412422552,3.4508333333333336
2015-11-14 00:00:00 UTC,300,1227,412423065,11.070138888888891
2015-11-14 00:00:00 UTC,300,1226,412413083,2.9719444444444445
2015-11-14 00:00:00 UTC,300,1231,412431005,9.0779166666666669
2015-11-14 00:00:00 UTC,300,1231,412432541,16.06375
2015-11-14 00:00:00 UTC,300,1227,412422306,31.722083333333334
2015-11-14 00:00:00 UTC,300,1227,412412582,2.6248611111111111
2015-11-14 00:00:00 UTC,300,1227,412412583,2.8115277777777776
2015-11-14 00:00:00 UTC,300,1226,412423337,5.7265277777777781
2015-11-14 00:00:00 UTC,300,1227,412423337,12.412083333333333
2015-11-14 00:00:00 UTC,300,1227,412423599,12.99430555555556
2015-11-14 00:00:00 UTC,300,1226,414021808,2.9379166666666663
2015-11-14 00:00:00 UTC,300,1227,412423602,13.962361111111107
2015-11-14 00:00:00 UTC,300,1227,412422323,19.048611111111114
2015-11-14 00:00:00 UTC,300,1227,412422583,12.039861111111108
2015-11-14 00:00:00 UTC,300,1225,412410551,1.6187500000000004
2015-11-14 00:00:00 UTC,300,1224,412410551,1.245138888888889
2015-11-14 00:00:00 UTC,300,1219,412422585,1.5286111111111111
2015-11-14 00:00:00 UTC,300,1227,412412602,6.2020833333333343
2015-11-14 00:00:00 UTC,300,1225,412419003,4.1852777777777774
2015-11-14 00:00:00 UTC,300,1227,412412603,6.5440277777777771
2015-11-14 00:00:00 UTC,300,1225,412410559,0.58041666666666658
2015-11-14 00:00:00 UTC,300,1227,412436677,1.6152777777777778
2015-11-14 00:00:00 UTC,300,1227,412422348,12.431527777777777
2015-11-14 00:00:00 UTC,300,1226,412413132,2.6070833333333336
2015-11-14 00:00:00 UTC,300,1227,412423123,2.3319444444444444
2015-11-14 00:00:00 UTC,300,1232,412411357,0.47166666666666668
2015-11-14 00:00:00 UTC,300,1228,412427232,5.0704166666666666
2015-11-14 00:00:00 UTC,300,1225,412410336,2.6786111111111111
2015-11-14 00:00:00 UTC,300,1226,412422631,1.4759722222222222
2015-11-14 00:00:00 UTC,300,1227,412422376,16.836111111111109
2015-11-14 00:00:00 UTC,300,1227,412423404,10.640694444444444
2015-11-14 00:00:00 UTC,300,1227,412423407,12.207222222222221
2015-11-14 00:00:00 UTC,300,1226,412423407,1.0691666666666666
2015-11-14 00:00:00 UTC,300,1227,412423408,13.339166666666666
2015-11-14 00:00:00 UTC,300,1226,412423409,0.44152777777777774
2015-11-14 00:00:00 UTC,300,1227,412423409,14.872222222222222
2015-11-14 00:00:00 UTC,300,1227,412423921,11.716805555555554
2015-11-14 00:00:00 UTC,300,1226,412423921,3.8636111111111111
2015-11-14 00:00:00 UTC,300,1228,412423156,2.8895833333333334
2015-11-14 00:00:00 UTC,300,1227,412423156,3.4306944444444443
2015-11-14 00:00:00 UTC,300,1227,412423413,13.897916666666665
2015-11-14 00:00:00 UTC,300,1227,412423415,15.670416666666664
2015-11-14 00:00:00 UTC,300,1228,412426231,23.133611111111112
2015-11-14 00:00:00 UTC,556,-18,235108169,0.5541666666666667
2015-11-14 00:00:00 UTC,556,-1652,367011410,2.9420833333333332
2015-11-14 00:00:00 UTC,556,-19,235103342,0.32347222222222227
2015-11-14 00:00:00 UTC,556,-18,235103342,3.6123611111111109
2015-11-14 00:00:00 UTC,556,-1639,303407000,0.36125
2015-11-14 00:00:00 UTC,556,-1641,303407000,0.2348611111111111
2015-11-14 00:00:00 UTC,556,-95,226105000,13.323611111111109
2015-11-14 00:00:00 UTC,556,-74,250510000,0.40722222222222226
2015-11-14 00:00:00 UTC,556,-18,235078372,2.1020833333333329
2015-11-14 00:00:00 UTC,556,-17,235078372,1.3352777777777778
2015-11-14 00:00:00 UTC,556,145,266059000,0.39180555555555557
2015-11-14 00:00:00 UTC,556,146,266059000,2.1979166666666665
2015-11-14 00:00:00 UTC,-468,350,601971000,0.612638888888889
2015-11-14 00:00:00 UTC,-468,348,601971000,8.8719444444444466
2015-11-14 00:00:00 UTC,-468,349,601971000,4.1444444444444448
2015-11-14 00:00:00 UTC,-468,-647,701006427,4.5952777777777776
2015-11-14 00:00:00 UTC,-468,-596,440282000,2.9722222222222223
2015-11-14 00:00:00 UTC,-468,-593,440282000,0.23083333333333333
2015-11-14 00:00:00 UTC,-468,-595,440282000,3.4938888888888893
2015-11-14 00:00:00 UTC,-468,-594,440282000,1.8791666666666664
2015-11-14 00:00:00 UTC,-212,1627,540002100,0.99055555555555563
2015-11-14 00:00:00 UTC,-212,1628,540002100,0.08875
2015-11-14 00:00:00 UTC,-212,600,416004168,0.86694444444444452
2015-11-14 00:00:00 UTC,-212,1546,503597400,0.60097222222222224
2015-11-14 00:00:00 UTC,-212,1543,503798900,4.5256944444444445
2015-11-14 00:00:00 UTC,-212,607,416002934,7.1993055555555561
2015-11-14 00:00:00 UTC,-212,604,416002934,5.9886111111111111
2015-11-14 00:00:00 UTC,-212,-1204,412420818,1.6454166666666665
2015-11-14 00:00:00 UTC,-212,1632,540003800,0.80152777777777784
2015-11-14 00:00:00 UTC,-212,1630,540003800,0.7416666666666667
2015-11-14 00:00:00 UTC,-212,1633,540003800,1.0722222222222222
2015-11-14 00:00:00 UTC,-212,1634,540003800,2.88875
2015-11-14 00:00:00 UTC,-212,1631,540003800,0.97777777777777775
2015-11-14 00:00:00 UTC,45,1659,412658750,3.6402777777777779
2015-11-14 00:00:00 UTC,45,1661,412658750,2.8327777777777778
2015-11-14 00:00:00 UTC,45,1660,412658750,1.0429166666666667
2015-11-14 00:00:00 UTC,45,-9,627132000,6.63875
2015-11-14 00:00:00 UTC,301,1227,412423168,0.62888888888888883
2015-11-14 00:00:00 UTC,301,1216,412439813,4.692499999999999
2015-11-14 00:00:00 UTC,301,1216,412439814,1.656527777777778
2015-11-14 00:00:00 UTC,301,1229,412427021,1.4870833333333333
2015-11-14 00:00:00 UTC,301,1233,412422926,16.980416666666667
2015-11-14 00:00:00 UTC,301,1233,412433935,21.348333333333333
2015-11-14 00:00:00 UTC,301,1229,412441871,19.529305555555556
2015-11-14 00:00:00 UTC,301,1225,412437785,0.71569444444444441
2015-11-14 00:00:00 UTC,301,1229,412423194,8.2747222222222216
2015-11-14 00:00:00 UTC,301,1225,412410655,4.2051388888888885
2015-11-14 00:00:00 UTC,301,1228,412421921,0.57416666666666671
2015-11-14 00:00:00 UTC,301,1227,412421921,2.0306944444444444
2015-11-14 00:00:00 UTC,301,1227,412423721,0.57958333333333334
2015-11-14 00:00:00 UTC,301,1233,412432171,22.72625
2015-11-14 00:00:00 UTC,301,1227,412423213,5.4266666666666667
2015-11-14 00:00:00 UTC,301,1233,412432697,16.163472222222222
2015-11-14 00:00:00 UTC,301,1229,412422721,17.596527777777776
2015-11-14 00:00:00 UTC,301,1229,412423236,25.143472222222218
2015-11-14 00:00:00 UTC,301,1228,412422725,5.2388888888888889
2015-11-14 00:00:00 UTC,301,1226,412410699,1.7481944444444446
2015-11-14 00:00:00 UTC,301,1225,412410699,2.8115277777777781
2015-11-14 00:00:00 UTC,301,1225,412410445,1.3119444444444446
2015-11-14 00:00:00 UTC,301,1229,412423767,18.239444444444445
2015-11-14 00:00:00 UTC,301,1224,412422749,0.32111111111111112
2015-11-14 00:00:00 UTC,301,1225,412422749,0.40444444444444444
2015-11-14 00:00:00 UTC,301,1233,412423521,7.9309722222222216
2015-11-14 00:00:00 UTC,301,1233,412426593,8.2540277777777789
2015-11-14 00:00:00 UTC,301,1227,412422498,1.8156944444444445
2015-11-14 00:00:00 UTC,301,1227,412424034,8.2544444444444451
2015-11-14 00:00:00 UTC,301,1230,412427891,7.756388888888889
2015-11-14 00:00:00 UTC,301,1233,412433271,16.76027777777778
2015-11-14 00:00:00 UTC,301,1225,412410753,3.4130555555555553
2015-11-14 00:00:00 UTC,301,1227,412422786,5.1305555555555555
2015-11-14 00:00:00 UTC,301,1234,412412551,3.2956944444444445
2015-11-14 00:00:00 UTC,301,1228,412422794,2.1766666666666672
2015-11-14 00:00:00 UTC,301,1225,412410763,3.0662500000000006
2015-11-14 00:00:00 UTC,301,1224,412410763,4.6681944444444436
2015-11-14 00:00:00 UTC,301,1227,412423065,4.0551388888888891
2015-11-14 00:00:00 UTC,301,1231,412431005,6.784583333333333
2015-11-14 00:00:00 UTC,301,1230,412425891,0.28347222222222224
2015-11-14 00:00:00 UTC,301,1225,412412581,1.5863888888888888
2015-11-14 00:00:00 UTC,301,1228,412410537,2.6020833333333333
2015-11-14 00:00:00 UTC,301,1229,412423341,25.035416666666666
2015-11-14 00:00:00 UTC,301,1225,412436398,0.6086111111111111
2015-11-14 00:00:00 UTC,301,1227,412423599,4.3761111111111113
2015-11-14 00:00:00 UTC,301,1227,412423602,2.4194444444444443
2015-11-14 00:00:00 UTC,301,1227,412422323,0.48694444444444446
2015-11-14 00:00:00 UTC,301,1226,412422323,1.181111111111111
2015-11-14 00:00:00 UTC,301,1227,412422068,0.32916666666666666
2015-11-14 00:00:00 UTC,301,1230,413211060,12.485
2015-11-14 00:00:00 UTC,301,1231,413211060,10.832916666666666
2015-11-14 00:00:00 UTC,301,1227,412422583,5.3177777777777786
2015-11-14 00:00:00 UTC,301,1225,412410551,4.1273611111111119
2015-11-14 00:00:00 UTC,301,1217,412422585,0.57444444444444431
2015-11-14 00:00:00 UTC,301,1218,412422585,1.0856944444444445
2015-11-14 00:00:00 UTC,301,1225,412422079,2.1948611111111109
2015-11-14 00:00:00 UTC,301,1226,412410559,1.9411111111111112
2015-11-14 00:00:00 UTC,301,1225,412410559,2.0327777777777776
2015-11-14 00:00:00 UTC,301,1225,412359621,1.4548611111111109
2015-11-14 00:00:00 UTC,301,1226,412359621,1.98625
2015-11-14 00:00:00 UTC,301,1227,412422348,4.645833333333333
2015-11-14 00:00:00 UTC,301,1226,412422348,0.73277777777777775
2015-11-14 00:00:00 UTC,301,1230,412425172,8.3397222222222211
2015-11-14 00:00:00 UTC,301,1233,412411357,0.21888888888888891
2015-11-14 00:00:00 UTC,301,1225,412410336,1.6466666666666667
2015-11-14 00:00:00 UTC,301,1232,412427236,0.3790277777777778
2015-11-14 00:00:00 UTC,301,1227,412422376,1.3741666666666665
2015-11-14 00:00:00 UTC,301,1233,412423401,11.201388888888889
2015-11-14 00:00:00 UTC,301,1233,412423148,16.013611111111107
2015-11-14 00:00:00 UTC,301,1227,412423404,4.9634722222222214
2015-11-14 00:00:00 UTC,301,1233,412433389,19.614166666666666
2015-11-14 00:00:00 UTC,301,1227,412423407,3.1263888888888891
2015-11-14 00:00:00 UTC,301,1226,412423407,3.8183333333333338
2015-11-14 00:00:00 UTC,301,1227,412423408,9.9348611111111111
2015-11-14 00:00:00 UTC,301,1227,412423409,4.6594444444444445
2015-11-14 00:00:00 UTC,301,1226,412423409,1.298888888888889
2015-11-14 00:00:00 UTC,301,1226,412423921,3.8429166666666665
2015-11-14 00:00:00 UTC,301,1227,412423921,2.3856944444444443
2015-11-14 00:00:00 UTC,301,1227,412423156,3.9998611111111111
2015-11-14 00:00:00 UTC,301,1227,412423413,6.121666666666667
2015-11-14 00:00:00 UTC,301,1227,412423415,8.5256944444444436
2015-11-14 00:00:00 UTC,301,1228,412426231,1.1106944444444444
2015-11-14 00:00:00 UTC,301,1227,412410878,0.90777777777777779
2015-11-14 00:00:00 UTC,557,-1642,303426100,0.035
2015-11-14 00:00:00 UTC,557,-19,235103342,1.4702777777777778
2015-11-14 00:00:00 UTC,557,1620,273846700,2.2656944444444442
2015-11-14 00:00:00 UTC,557,1621,273846700,10.513472222222221
2015-11-14 00:00:00 UTC,557,1622,273846700,6.3156944444444418
2015-11-14 00:00:00 UTC,557,-74,250510000,0.76069444444444445
2015-11-14 00:00:00 UTC,557,126,219006916,0.12777777777777777
2015-11-14 00:00:00 UTC,557,1469,273814510,12.290000000000001
2015-11-14 00:00:00 UTC,557,145,266059000,8.6961111111111116
2015-11-14 00:00:00 UTC,-467,-667,701006385,5.371666666666667
2015-11-14 00:00:00 UTC,-467,-666,701006385,3.17861111111111
2015-11-14 00:00:00 UTC,-467,351,601971000,0.36652777777777779
2015-11-14 00:00:00 UTC,-467,350,601971000,0.62541666666666673
2015-11-14 00:00:00 UTC,-467,348,601971000,5.250694444444445
2015-11-14 00:00:00 UTC,-467,349,601971000,3.4729166666666664
2015-11-14 00:00:00 UTC,-467,1670,512392000,0.81930555555555551
2015-11-14 00:00:00 UTC,-467,-648,701006450,0.64458333333333329
2015-11-14 00:00:00 UTC,-211,-1207,412400154,1.1568055555555554
2015-11-14 00:00:00 UTC,-211,-1210,412400154,1.8574999999999995
2015-11-14 00:00:00 UTC,-211,-1206,412400154,0.84125
2015-11-14 00:00:00 UTC,-211,-1215,412400154,4.9038888888888872
2015-11-14 00:00:00 UTC,-211,-1211,412400154,0.553611111111111
2015-11-14 00:00:00 UTC,-211,-1214,412400154,0.62027777777777782
2015-11-14 00:00:00 UTC,-211,-1213,412400154,0.59125000000000016
2015-11-14 00:00:00 UTC,-211,-1212,412400154,0.79444444444444451
2015-11-14 00:00:00 UTC,-211,1626,540002100,1.4156944444444446
2015-11-14 00:00:00 UTC,-211,1627,540002100,0.16930555555555557
2015-11-14 00:00:00 UTC,-211,600,416004168,0.54166666666666674
2015-11-14 00:00:00 UTC,-211,1546,503597400,0.98388888888888892
2015-11-14 00:00:00 UTC,-211,609,416002934,0.82083333333333341
2015-11-14 00:00:00 UTC,-211,610,416002934,4.2801388888888887
2015-11-14 00:00:00 UTC,-211,-1231,412420793,0.9244444444444444
2015-11-14 00:00:00 UTC,-211,-1235,412420793,2.9666666666666668
2015-11-14 00:00:00 UTC,-211,-1205,412420818,3.0420833333333333
2015-11-14 00:00:00 UTC,-211,-1200,412420819,0.12083333333333332
2015-11-14 00:00:00 UTC,-211,1634,540003800,0.79263888888888889
2015-11-14 00:00:00 UTC,46,1140,533190683,12.893611111111113
2015-11-14 00:00:00 UTC,46,1667,412658750,0.52208333333333334
2015-11-14 00:00:00 UTC,46,1666,412658750,1.2894444444444444
2015-11-14 00:00:00 UTC,46,1665,412658750,3.1968055555555548
2015-11-14 00:00:00 UTC,46,-13,627600000,12.272222222222222
2015-11-14 00:00:00 UTC,46,-815,371759000,10.569999999999999
2015-11-14 00:00:00 UTC,302,1232,412427268,0.36638888888888888
2015-11-14 00:00:00 UTC,302,1229,412425224,12.375277777777777
2015-11-14 00:00:00 UTC,302,1234,250250250,29.613749999999996
2015-11-14 00:00:00 UTC,302,1230,412427021,15.644305555555555
2015-11-14 00:00:00 UTC,302,1228,412427021,5.4604166666666671
2015-11-14 00:00:00 UTC,302,1234,412432413,0.32125
2015-11-14 00:00:00 UTC,302,1233,412433194,0.58902777777777782
2015-11-14 00:00:00 UTC,302,1225,412436785,0.12944444444444445
2015-11-14 00:00:00 UTC,302,1226,412426036,0.55347222222222214
2015-11-14 00:00:00 UTC,302,1229,412426296,1.5947222222222222
2015-11-14 00:00:00 UTC,302,1234,412432697,8.37513888888889
2015-11-14 00:00:00 UTC,302,1229,412437587,0.56138888888888894
2015-11-14 00:00:00 UTC,302,1229,412437588,0.56638888888888883
2015-11-14 00:00:00 UTC,302,1225,412420437,3.7223611111111108
2015-11-14 00:00:00 UTC,302,1233,412449621,0.45916666666666661
2015-11-14 00:00:00 UTC,302,1233,412433499,0.18125
2015-11-14 00:00:00 UTC,302,1218,412435561,0.86861111111111122
2015-11-14 00:00:00 UTC,302,1228,412410733,7.7004166666666665
2015-11-14 00:00:00 UTC,302,1227,412410733,1.9629166666666666
2015-11-14 00:00:00 UTC,302,1227,412410736,7.518472222222222
2015-11-14 00:00:00 UTC,302,1223,412413043,0.48750000000000004
2015-11-14 00:00:00 UTC,302,1225,412413043,8.6643055555555542
2015-11-14 00:00:00 UTC,302,1234,412433271,8.20513888888889
2015-11-14 00:00:00 UTC,302,1228,412410753,2.7870833333333338
2015-11-14 00:00:00 UTC,302,1227,412410753,7.1193055555555551
2015-11-14 00:00:00 UTC,302,1226,412411017,2.5619444444444439
2015-11-14 00:00:00 UTC,302,1225,412411017,2.8576388888888888
2015-11-14 00:00:00 UTC,302,1225,412412566,7.1581944444444439
2015-11-14 00:00:00 UTC,302,1231,412433562,11.49513888888889
2015-11-14 00:00:00 UTC,302,1233,412431005,8.6541666666666686
2015-11-14 00:00:00 UTC,302,1233,412432541,8.5258333333333329
2015-11-14 00:00:00 UTC,302,1226,412435616,7.8695833333333338
2015-11-14 00:00:00 UTC,302,1233,412410785,0.098194444444444445
2015-11-14 00:00:00 UTC,302,1230,412425891,21.15750000000001
2015-11-14 00:00:00 UTC,302,1227,412410537,11.040000000000001
2015-11-14 00:00:00 UTC,302,1230,412440491,1.2456944444444444
2015-11-14 00:00:00 UTC,302,1227,412410799,12.094861111111113
2015-11-14 00:00:00 UTC,302,1228,412410799,3.1762499999999996
2015-11-14 00:00:00 UTC,302,1227,412422068,0.65972222222222232
2015-11-14 00:00:00 UTC,302,1225,412422068,0.57027777777777777
2015-11-14 00:00:00 UTC,302,1219,412422585,3.8395833333333336
2015-11-14 00:00:00 UTC,302,1218,412422585,0.27902777777777776
2015-11-14 00:00:00 UTC,302,1233,412410298,0.83833333333333326
2015-11-14 00:00:00 UTC,302,1233,412410299,1.351388888888889
2015-11-14 00:00:00 UTC,302,1225,412422079,2.9186111111111108
2015-11-14 00:00:00 UTC,302,1227,412410824,1.0327777777777776
2015-11-14 00:00:00 UTC,302,1228,412410824,0.93708333333333327
2015-11-14 00:00:00 UTC,302,1232,412427212,1.0119444444444445
2015-11-14 00:00:00 UTC,302,1230,412425172,0.63180555555555551
2015-11-14 00:00:00 UTC,302,1230,412422101,1.8731944444444444
2015-11-14 00:00:00 UTC,302,1225,412411361,1.0074999999999998
2015-11-14 00:00:00 UTC,302,1232,412427236,3.111388888888889
2015-11-14 00:00:00 UTC,302,1226,412425711,0.38722222222222225
2015-11-14 00:00:00 UTC,302,1234,412421617,1.8398611111111112
2015-11-14 00:00:00 UTC,302,1227,412410354,20.51625
2015-11-14 00:00:00 UTC,302,1227,412410878,3.0345833333333339
2015-11-14 00:00:00 UTC,302,1228,412410878,10.735416666666667
2015-11-14 00:00:00 UTC,558,1471,273814310,3.2418055555555561
2015-11-14 00:00:00 UTC,558,-1642,303426100,0.2375
2015-11-14 00:00:00 UTC,558,-1641,303426100,0.75111111111111117
2015-11-14 00:00:00 UTC,558,126,265721400,4.4155555555555557
2015-11-14 00:00:00 UTC,558,-1650,367011410,1.2902777777777779
2015-11-14 00:00:00 UTC,558,1621,273846700,3.8243055555555556
2015-11-14 00:00:00 UTC,558,-75,250510000,1.01125
2015-11-14 00:00:00 UTC,558,-80,250510000,1.3236111111111111
2015-11-14 00:00:00 UTC,558,-74,250510000,0.50097222222222215
2015-11-14 00:00:00 UTC,814,306,276388000,1.5670833333333332
2015-11-14 00:00:00 UTC,814,304,276388000,3.1430555555555553
2015-11-14 00:00:00 UTC,814,303,276388000,3.9501388888888891
2015-11-14 00:00:00 UTC,814,309,276388000,0.40652777777777777
2015-11-14 00:00:00 UTC,814,314,276388000,0.77361111111111114
2015-11-14 00:00:00 UTC,814,310,276388000,2.3765277777777776
2015-11-14 00:00:00 UTC,814,301,276388000,0.61833333333333329
2015-11-14 00:00:00 UTC,814,305,276388000,0.80694444444444458
2015-11-14 00:00:00 UTC,814,300,276388000,0.98458333333333337
2015-11-14 00:00:00 UTC,814,308,276388000,2.7987499999999996
2015-11-14 00:00:00 UTC,814,307,276388000,3.2186111111111111
2015-11-14 00:00:00 UTC,814,311,276388000,3.1515277777777779
2015-11-14 00:00:00 UTC,-466,-667,701006385,2.3570833333333332
2015-11-14 00:00:00 UTC,-466,-665,701006385,3.76625
2015-11-14 00:00:00 UTC,-466,-666,701006385,0.26944444444444443
2015-11-14 00:00:00 UTC,-466,1670,512392000,1.8684722222222219
2015-11-14 00:00:00 UTC,-466,-650,701006427,11.450833333333334
2015-11-14 00:00:00 UTC,-466,-651,701006427,2.0611111111111109
2015-11-14 00:00:00 UTC,-466,-649,701006450,0.23666666666666666
2015-11-14 00:00:00 UTC,-466,-648,701006450,4.698888888888888
2015-11-14 00:00:00 UTC,-210,1637,540004100,8.56236111111111
2015-11-14 00:00:00 UTC,-210,-1205,412400154,0.75361111111111123
2015-11-14 00:00:00 UTC,-210,1626,540002100,0.17902777777777779
2015-11-14 00:00:00 UTC,-210,1625,540002100,3.3148611111111106
2015-11-14 00:00:00 UTC,-210,1764,520083000,2.5956944444444439
2015-11-14 00:00:00 UTC,-210,599,416004168,2.8908333333333327
2015-11-14 00:00:00 UTC,-210,600,416004168,1.5302777777777776
2015-11-14 00:00:00 UTC,-210,1546,503597400,6.729166666666667
2015-11-14 00:00:00 UTC,-210,-1230,412420793,2.1802777777777775
2015-11-14 00:00:00 UTC,-210,-1231,412420793,1.4165277777777778
2015-11-14 00:00:00 UTC,-210,-1229,412420793,0.3913888888888889
2015-11-14 00:00:00 UTC,-210,-1202,412420819,0.72500000000000009
2015-11-14 00:00:00 UTC,-210,-1207,412420819,1.2943055555555554
2015-11-14 00:00:00 UTC,-210,-1200,412420819,0.81180555555555556
2015-11-14 00:00:00 UTC,-210,-1204,412420819,1.3236111111111111
2015-11-14 00:00:00 UTC,-210,-1208,412420819,0.42916666666666664
2015-11-14 00:00:00 UTC,-210,-1201,412420819,1.4525000000000003
2015-11-14 00:00:00 UTC,-210,-1203,412420819,0.66986111111111113
2015-11-14 00:00:00 UTC,-210,1621,540003800,3.2302777777777778
2015-11-14 00:00:00 UTC,47,1140,533190683,11.574166666666667
2015-11-14 00:00:00 UTC,47,-12,627060000,13.090972222222222
2015-11-14 00:00:00 UTC,47,-11,627060000,14.728333333333333
2015-11-14 00:00:00 UTC,47,-9,627091000,10.983888888888888
2015-11-14 00:00:00 UTC,47,-11,627091000,3.61125
2015-11-14 00:00:00 UTC,47,-12,627091000,0.49152777777777779
2015-11-14 00:00:00 UTC,47,1663,412658760,0.95
2015-11-14 00:00:00 UTC,303,1232,412427268,5.1290277777777771
2015-11-14 00:00:00 UTC,303,1224,412411143,3.9084722222222217
2015-11-14 00:00:00 UTC,303,1225,412411143,9.19861111111111
2015-11-14 00:00:00 UTC,303,1229,412425224,11.604583333333329
2015-11-14 00:00:00 UTC,303,1230,412427791,18.223055555555554
2015-11-14 00:00:00 UTC,303,1224,412411153,2.3930555555555557
2015-11-14 00:00:00 UTC,303,1225,412411153,6.1466666666666665
2015-11-14 00:00:00 UTC,303,1219,412437785,1.1441666666666666
2015-11-14 00:00:00 UTC,303,1230,412428322,16.503194444444443
2015-11-14 00:00:00 UTC,303,1228,413150506,1.67125
2015-11-14 00:00:00 UTC,303,1232,412428334,15.415694444444444
2015-11-14 00:00:00 UTC,303,1231,412428334,9.9576388888888889
2015-11-14 00:00:00 UTC,303,1225,412436785,19.561249999999994
2015-11-14 00:00:00 UTC,303,1226,412436785,0.27944444444444444
2015-11-14 00:00:00 UTC,303,1226,412426036,4.681111111111111
2015-11-14 00:00:00 UTC,303,1232,412427833,17.120277777777776
2015-11-14 00:00:00 UTC,303,1232,412441925,24.334583333333335
2015-11-14 00:00:00 UTC,303,1226,412425805,2.0395833333333329
2015-11-14 00:00:00 UTC,303,1225,412425805,0.6166666666666667
2015-11-14 00:00:00 UTC,303,1233,412432209,0.57972222222222225
2015-11-14 00:00:00 UTC,303,1228,412437587,7.3429166666666665
2015-11-14 00:00:00 UTC,303,1228,412437588,6.8087500000000007
2015-11-14 00:00:00 UTC,303,1229,412437588,0.27513888888888888
2015-11-14 00:00:00 UTC,303,1225,412420437,0.5740277777777778
2015-11-14 00:00:00 UTC,303,1230,412424542,1.8180555555555555
2015-11-14 00:00:00 UTC,303,1230,412428134,19.261805555555554
2015-11-14 00:00:00 UTC,303,1218,412435561,1.4952777777777779
2015-11-14 00:00:00 UTC,303,1225,412413043,2.3676388888888891
2015-11-14 00:00:00 UTC,303,1231,412427894,9.5404166666666637
2015-11-14 00:00:00 UTC,303,1230,412428406,0.86125
2015-11-14 00:00:00 UTC,303,1217,412435834,14.865416666666667
2015-11-14 00:00:00 UTC,303,1229,412428412,5.0466666666666669
2015-11-14 00:00:00 UTC,303,1234,412427901,17.623333333333335
2015-11-14 00:00:00 UTC,303,1227,412410753,5.3344444444444452
2015-11-14 00:00:00 UTC,303,1227,412427145,18.509722222222226
2015-11-14 00:00:00 UTC,303,1225,412411017,3.4609722222222219
2015-11-14 00:00:00 UTC,303,1232,412428427,8.1002777777777784
2015-11-14 00:00:00 UTC,303,1229,412425359,23.432361111111113
2015-11-14 00:00:00 UTC,303,1230,412428432,14.214305555555553
2015-11-14 00:00:00 UTC,303,1225,412412566,4.90125
2015-11-14 00:00:00 UTC,303,1230,412428441,1.3491666666666666
2015-11-14 00:00:00 UTC,303,1230,412428698,23.532361111111104
2015-11-14 00:00:00 UTC,303,1230,412411547,1.6983333333333333
2015-11-14 00:00:00 UTC,303,1233,412431005,0.73458333333333337
2015-11-14 00:00:00 UTC,303,1226,412435616,3.5354166666666669
2015-11-14 00:00:00 UTC,303,1224,412435616,3.5290277777777774
2015-11-14 00:00:00 UTC,303,1230,412425891,2.5011111111111113
2015-11-14 00:00:00 UTC,303,1229,200000676,15.565833333333334
2015-11-14 00:00:00 UTC,303,1230,200000676,0.69652777777777775
2015-11-14 00:00:00 UTC,303,1231,412428454,2.34125
2015-11-14 00:00:00 UTC,303,1231,412428455,9.7340277777777775
2015-11-14 00:00:00 UTC,303,1228,412435115,7.2255555555555562
2015-11-14 00:00:00 UTC,303,1229,412435115,0.44597222222222221
2015-11-14 00:00:00 UTC,303,1223,412440491,0.72458333333333336
2015-11-14 00:00:00 UTC,303,1230,412440491,4.0036111111111108
2015-11-14 00:00:00 UTC,303,1225,412439472,8.5083333333333311
2015-11-14 00:00:00 UTC,303,1224,412439472,1.8173611111111112
2015-11-14 00:00:00 UTC,303,1233,412410298,0.32611111111111113
2015-11-14 00:00:00 UTC,303,1233,412410299,1.201111111111111
2015-11-14 00:00:00 UTC,303,1225,412435915,14.015555555555556
2015-11-14 00:00:00 UTC,303,1226,412435915,8.26
2015-11-14 00:00:00 UTC,303,1217,412436939,1.2834722222222223
2015-11-14 00:00:00 UTC,303,1216,412436939,2.6836111111111109
2015-11-14 00:00:00 UTC,303,1232,412427212,19.495416666666667
2015-11-14 00:00:00 UTC,303,1229,200007884,1.5047222222222221
2015-11-14 00:00:00 UTC,303,1230,200007884,7.6829166666666655
2015-11-14 00:00:00 UTC,303,1230,413782222,1.357361111111111
2015-11-14 00:00:00 UTC,303,1230,412425172,0.74375
2015-11-14 00:00:00 UTC,303,1230,412422101,20.593472222222218
2015-11-14 00:00:00 UTC,303,1226,412437731,1.5738888888888889
2015-11-14 00:00:00 UTC,303,1225,412437731,2.9288888888888893
2015-11-14 00:00:00 UTC,303,1225,412411363,2.9779166666666668
2015-11-14 00:00:00 UTC,303,1232,412427236,1.591388888888889
2015-11-14 00:00:00 UTC,303,1225,412425711,0.64569444444444446
2015-11-14 00:00:00 UTC,303,1226,412425711,3.0938888888888894
2015-11-14 00:00:00 UTC,303,1230,434562543,1.2509722222222224
2015-11-14 00:00:00 UTC,303,1225,412413173,2.596805555555556
2015-11-14 00:00:00 UTC,303,1231,412433398,0.15625
2015-11-14 00:00:00 UTC,559,1471,273814310,3.0513888888888894
2015-11-14 00:00:00 UTC,559,1469,273814310,4.7968055555555553
2015-11-14 00:00:00 UTC,559,1466,273814310,0.76083333333333336
2015-11-14 00:00:00 UTC,559,1467,273814310,1.5990277777777777
2015-11-14 00:00:00 UTC,559,-1639,303426100,1.5858333333333332
2015-11-14 00:00:00 UTC,559,-1640,303426100,0.6019444444444445
2015-11-14 00:00:00 UTC,559,-1649,367011410,0.71486111111111106
2015-11-14 00:00:00 UTC,559,1466,273561700,5.8679166666666669
2015-11-14 00:00:00 UTC,559,-1645,303407000,4.891805555555556
2015-11-14 00:00:00 UTC,559,1470,273342630,2.3779166666666667
2015-11-14 00:00:00 UTC,559,1471,273342630,0.82222222222222219
2015-11-14 00:00:00 UTC,559,-78,250510000,2.2276388888888885
2015-11-14 00:00:00 UTC,559,-79,250510000,2.1077777777777778
2015-11-14 00:00:00 UTC,559,-77,250510000,8.7088888888888878
2015-11-14 00:00:00 UTC,559,-76,250510000,1.5363888888888888
2015-11-14 00:00:00 UTC,559,-80,250510000,2.911111111111111
2015-11-14 00:00:00 UTC,559,-75,250510000,0.26222222222222225
2015-11-14 00:00:00 UTC,559,1470,273810610,3.0977777777777784
2015-11-14 00:00:00 UTC,559,1471,273810610,2.3825
2015-11-14 00:00:00 UTC,559,1468,273810610,8.2390277777777783
2015-11-14 00:00:00 UTC,559,1467,273810610,4.8777777777777773
2015-11-14 00:00:00 UTC,559,1466,273810610,1.5373611111111112
2015-11-14 00:00:00 UTC,559,1468,273814510,1.1277777777777778
2015-11-14 00:00:00 UTC,559,1467,273814510,1.3956944444444446
2015-11-14 00:00:00 UTC,-465,-663,701006385,1.2506944444444446
2015-11-14 00:00:00 UTC,-465,-648,701006450,0.65222222222222226
2015-11-14 00:00:00 UTC,-465,-645,701006450,2.887083333333333
2015-11-14 00:00:00 UTC,-465,-649,701006450,1.2052777777777779
2015-11-14 00:00:00 UTC,-209,1635,540004100,2.5901388888888888
2015-11-14 00:00:00 UTC,-209,1636,540004100,0.67777777777777781
2015-11-14 00:00:00 UTC,-209,1638,540004100,2.257222222222222
2015-11-14 00:00:00 UTC,-209,1637,540004100,0.90541666666666665
2015-11-14 00:00:00 UTC,-209,-1205,412400154,0.64083333333333337
2015-11-14 00:00:00 UTC,-209,1763,520083000,2.1043055555555554
2015-11-14 00:00:00 UTC,-209,1766,520083000,2.675
2015-11-14 00:00:00 UTC,-209,-1232,412420793,4.1883333333333326
2015-11-14 00:00:00 UTC,-209,-1228,412420793,0.32527777777777778
2015-11-14 00:00:00 UTC,-209,-1202,412420819,1.3615277777777777
2015-11-14 00:00:00 UTC,-209,-1210,412420819,6.7568055555555562
2015-11-14 00:00:00 UTC,-209,-1201,412420819,2.2148611111111114
2015-11-14 00:00:00 UTC,-209,-1209,412420819,0.84180555555555547
2015-11-14 00:00:00 UTC,-209,1621,540003800,0.72375
2015-11-14 00:00:00 UTC,-209,1620,540003800,3.1302777777777777
2015-11-14 00:00:00 UTC,48,-30,200002093,23.735138888888891
2015-11-14 00:00:00 UTC,48,1664,412658760,3.9834722222222219
2015-11-14 00:00:00 UTC,48,1668,412658760,3.9641666666666664
2015-11-14 00:00:00 UTC,48,1671,412658760,1.1893055555555556
2015-11-14 00:00:00 UTC,48,1663,412658760,3.8362500000000006
2015-11-14 00:00:00 UTC,48,1670,412658760,1.6318055555555553
2015-11-14 00:00:00 UTC,48,-8,627142000,0.85819444444444448
2015-11-14 00:00:00 UTC,48,-12,627600000,8.1125
2015-11-14 00:00:00 UTC,48,-12,627599000,14.083611111111111
2015-11-14 00:00:00 UTC,48,-30,627169000,20.392083333333332
2015-11-14 00:00:00 UTC,304,1231,412428288,20.786805555555549
2015-11-14 00:00:00 UTC,304,1230,412422406,23.295
2015-11-14 00:00:00 UTC,304,1227,412441351,0.90833333333333333
2015-11-14 00:00:00 UTC,304,1225,412411143,7.7681944444444451
2015-11-14 00:00:00 UTC,304,1234,412435977,5.0691666666666659
2015-11-14 00:00:00 UTC,304,1227,412442377,0.59222222222222221
2015-11-14 00:00:00 UTC,304,1229,412442377,7.1820833333333329
2015-11-14 00:00:00 UTC,304,1234,412435978,4.0129166666666665
2015-11-14 00:00:00 UTC,304,1225,412411153,9.7772222222222211
2015-11-14 00:00:00 UTC,304,1229,412428825,0.28402777777777777
2015-11-14 00:00:00 UTC,304,1232,412427807,0.36569444444444443
2015-11-14 00:00:00 UTC,304,1230,412428322,0.98625
2015-11-14 00:00:00 UTC,304,1224,412412454,0.18222222222222223
2015-11-14 00:00:00 UTC,304,1225,412412454,0.30944444444444441
2015-11-14 00:00:00 UTC,304,1228,413150506,3.1066666666666665
2015-11-14 00:00:00 UTC,304,1220,412436781,3.271527777777778
2015-11-14 00:00:00 UTC,304,1232,412428335,6.4602777777777778
2015-11-14 00:00:00 UTC,304,1225,412436785,0.29194444444444445
2015-11-14 00:00:00 UTC,304,1230,412441907,8.3402777777777786
2015-11-14 00:00:00 UTC,304,1231,412428343,10.209166666666667
2015-11-14 00:00:00 UTC,304,1231,412428344,15.506666666666666
2015-11-14 00:00:00 UTC,304,1232,412427833,7.365277777777778
2015-11-14 00:00:00 UTC,304,1229,412432702,6.82
2015-11-14 00:00:00 UTC,304,1232,412423233,21.356111111111112
2015-11-14 00:00:00 UTC,304,1221,412438083,0.70097222222222222
2015-11-14 00:00:00 UTC,304,-398,224253000,1.0069444444444444
2015-11-14 00:00:00 UTC,304,1228,412437587,15.305277777777778
2015-11-14 00:00:00 UTC,304,1228,412437588,15.116527777777776
2015-11-14 00:00:00 UTC,304,1220,412436822,0.18013888888888888
2015-11-14 00:00:00 UTC,304,1226,412413016,0.32791666666666663
2015-11-14 00:00:00 UTC,304,1227,412413016,0.4030555555555555
2015-11-14 00:00:00 UTC,304,1230,412428379,6.5340277777777764
2015-11-14 00:00:00 UTC,304,1233,412423265,0.28736111111111112
2015-11-14 00:00:00 UTC,304,1230,412441953,13.659027777777778
2015-11-14 00:00:00 UTC,304,1231,412441953,1.838888888888889
2015-11-14 00:00:00 UTC,304,1232,412441953,0.62069444444444444
2015-11-14 00:00:00 UTC,304,1229,200009060,1.5998611111111112
2015-11-14 00:00:00 UTC,304,1227,200009060,1.6584722222222223
2015-11-14 00:00:00 UTC,304,1220,412435561,1.9470833333333333
2015-11-14 00:00:00 UTC,304,1232,412880490,0.86291666666666667
2015-11-14 00:00:00 UTC,304,1231,412880490,15.470416666666669
2015-11-14 00:00:00 UTC,304,1232,412427882,18.048750000000002
2015-11-14 00:00:00 UTC,304,1231,412427883,17.902638888888887
2015-11-14 00:00:00 UTC,304,1234,412412267,1.0637500000000002
2015-11-14 00:00:00 UTC,304,1233,412412267,0.24069444444444443
2015-11-14 00:00:00 UTC,304,1233,412422764,1.2030555555555555
2015-11-14 00:00:00 UTC,304,1228,412461933,0.33111111111111113
2015-11-14 00:00:00 UTC,304,1227,412461933,0.75013888888888891
2015-11-14 00:00:00 UTC,304,1229,412428656,8.5348611111111126
2015-11-14 00:00:00 UTC,304,1233,412422515,2.3329166666666667
2015-11-14 00:00:00 UTC,304,1225,412413043,1.6377777777777776
2015-11-14 00:00:00 UTC,304,1230,412427893,16.412777777777777
2015-11-14 00:00:00 UTC,304,1231,412427894,3.3086111111111114
2015-11-14 00:00:00 UTC,304,1230,412428406,2.3965277777777771
2015-11-14 00:00:00 UTC,304,1231,412428406,3.6679166666666667
2015-11-14 00:00:00 UTC,304,1234,412422519,2.5686111111111112
2015-11-14 00:00:00 UTC,304,1227,412461945,0.88583333333333347
2015-11-14 00:00:00 UTC,304,1228,412461945,0.35388888888888892
2015-11-14 00:00:00 UTC,304,1229,412461945,0.7927777777777778
2015-11-14 00:00:00 UTC,304,1229,412428412,17.399305555555557
2015-11-14 00:00:00 UTC,304,1230,412428412,0.57472222222222225
2015-11-14 00:00:00 UTC,304,1228,412472964,1.0208333333333335
2015-11-14 00:00:00 UTC,304,1227,412472964,3.0951388888888882
2015-11-14 00:00:00 UTC,304,1229,412472964,3.8351388888888889
2015-11-14 00:00:00 UTC,304,1233,412421509,8.3330555555555552
2015-11-14 00:00:00 UTC,304,1233,412436869,0.76986111111111111
2015-11-14 00:00:00 UTC,304,1234,412436869,3.58625
2015-11-14 00:00:00 UTC,304,1227,412472965,3.3643055555555557
2015-11-14 00:00:00 UTC,304,1228,412472965,0.93027777777777776
2015-11-14 00:00:00 UTC,304,1224,412411014,5.2284722222222229
2015-11-14 00:00:00 UTC,304,1225,412411014,15.923888888888889
2015-11-14 00:00:00 UTC,304,1227,412427145,5.5997222222222218
2015-11-14 00:00:00 UTC,304,1231,412428425,17.601388888888891
2015-11-14 00:00:00 UTC,304,1231,412428427,0.94458333333333322
2015-11-14 00:00:00 UTC,304,1230,412428431,18.610277777777782
2015-11-14 00:00:00 UTC,304,1230,412428432,6.2575
2015-11-14 00:00:00 UTC,304,1231,412427921,1.0084722222222222
2015-11-14 00:00:00 UTC,304,1230,412427921,9.99486111111111
2015-11-14 00:00:00 UTC,304,1232,412000915,2.0287499999999996
2015-11-14 00:00:00 UTC,304,1231,412000915,2.1702777777777778
2015-11-14 00:00:00 UTC,304,1233,412000915,10.162638888888889
2015-11-14 00:00:00 UTC,304,1230,412000915,9.8052777777777749
2015-11-14 00:00:00 UTC,304,1224,412411285,2.6431944444444442
2015-11-14 00:00:00 UTC,304,1230,412428441,9.83375
2015-11-14 00:00:00 UTC,304,1230,412428443,9.0777777777777739
2015-11-14 00:00:00 UTC,304,1230,412411547,1.9909722222222224
2015-11-14 00:00:00 UTC,304,1231,412428446,0.56833333333333336
2015-11-14 00:00:00 UTC,304,1230,412428446,3.1533333333333333
2015-11-14 00:00:00 UTC,304,1226,412435616,0.78347222222222224
2015-11-14 00:00:00 UTC,304,1233,412002208,23.697638888888889
2015-11-14 00:00:00 UTC,304,1231,412428705,12.40875
2015-11-14 00:00:00 UTC,304,1230,200000676,0.28791666666666665
2015-11-14 00:00:00 UTC,304,1229,200000676,0.29583333333333328
2015-11-14 00:00:00 UTC,304,1230,412428454,0.57541666666666669
2015-11-14 00:00:00 UTC,304,1231,412428454,22.245277777777783
2015-11-14 00:00:00 UTC,304,1231,412428455,3.1118055555555557
2015-11-14 00:00:00 UTC,304,1230,412428457,7.2122222222222225
2015-11-14 00:00:00 UTC,304,1228,412435115,16.172222222222221
2015-11-14 00:00:00 UTC,304,1219,412436397,5.0158333333333323
2015-11-14 00:00:00 UTC,304,1219,412436398,1.5819444444444444
2015-11-14 00:00:00 UTC,304,1232,412427953,4.25625
2015-11-14 00:00:00 UTC,304,1229,412433586,7.7322222222222221
2015-11-14 00:00:00 UTC,304,1226,412413884,1.4804166666666667
2015-11-14 00:00:00 UTC,304,1233,412400069,1.4948611111111112
2015-11-14 00:00:00 UTC,304,1229,413400008,1.5643055555555556
2015-11-14 00:00:00 UTC,304,1227,413400008,0.90902777777777788
2015-11-14 00:00:00 UTC,304,1230,413782222,2.8719444444444444
2015-11-14 00:00:00 UTC,304,1227,412462032,2.5331944444444447
2015-11-14 00:00:00 UTC,304,1229,412462032,1.7098611111111111
2015-11-14 00:00:00 UTC,304,1230,412425172,0.97138888888888886
2015-11-14 00:00:00 UTC,304,1226,412413144,0.30444444444444446
2015-11-14 00:00:00 UTC,304,1233,412423131,6.402916666666667
2015-11-14 00:00:00 UTC,304,1226,413889499,1.7898611111111111
2015-11-14 00:00:00 UTC,304,1229,412413922,4.8220833333333326
2015-11-14 00:00:00 UTC,304,1230,412413922,8.8151388888888871
2015-11-14 00:00:00 UTC,304,1225,412437731,7.528888888888889
2015-11-14 00:00:00 UTC,304,1225,412411363,9.9820833333333354
2015-11-14 00:00:00 UTC,304,1225,412411364,4.1047222222222217
2015-11-14 00:00:00 UTC,304,1217,412435176,0.44527777777777777
2015-11-14 00:00:00 UTC,304,1233,412410858,2.1426388888888885
2015-11-14 00:00:00 UTC,304,1233,412422638,1.1075
2015-11-14 00:00:00 UTC,304,1230,434562543,7.8695833333333338
2015-11-14 00:00:00 UTC,304,1231,434562543,0.28791666666666665
2015-11-14 00:00:00 UTC,304,1233,412420593,1.1380555555555556
2015-11-14 00:00:00 UTC,304,1225,412413173,8.5679166666666671
2015-11-14 00:00:00 UTC,304,1227,412441343,0.9
2015-11-14 00:00:00 UTC,560,1433,273848100,2.1277777777777778
2015-11-14 00:00:00 UTC,560,1466,273814310,0.058194444444444444
2015-11-14 00:00:00 UTC,560,1462,273814310,2.1363888888888889
2015-11-14 00:00:00 UTC,560,1464,273814310,2.8545833333333333
2015-11-14 00:00:00 UTC,560,1465,273814310,0.025
2015-11-14 00:00:00 UTC,560,1433,273890100,4.5147222222222219
2015-11-14 00:00:00 UTC,560,1433,273849910,8.566111111111109
2015-11-14 00:00:00 UTC,560,1434,273849910,1.3143055555555554
2015-11-14 00:00:00 UTC,560,1433,273896000,3.68125
2015-11-14 00:00:00 UTC,560,1433,273240400,4.5022222222222217
2015-11-14 00:00:00 UTC,560,1434,273240400,0.019861111111111111
2015-11-14 00:00:00 UTC,560,-1649,367011410,1.8566666666666665
2015-11-14 00:00:00 UTC,560,1464,273561700,1.5815277777777776
2015-11-14 00:00:00 UTC,560,1465,273561700,1.5236111111111112
2015-11-14 00:00:00 UTC,560,1463,273561700,2.8868055555555552
2015-11-14 00:00:00 UTC,560,-24,234757000,0.29666666666666663
2015-11-14 00:00:00 UTC,560,1470,273342630,3.96
2015-11-14 00:00:00 UTC,560,1468,273342630,1.6526388888888888
2015-11-14 00:00:00 UTC,560,1467,273342630,2.9425
2015-11-14 00:00:00 UTC,560,1469,273342630,5.1929166666666662
2015-11-14 00:00:00 UTC,560,1462,273810610,2.1115277777777779
2015-11-14 00:00:00 UTC,560,1465,273810610,2.0769444444444445
2015-11-14 00:00:00 UTC,560,1467,273814510,1.5401388888888889
2015-11-14 00:00:00 UTC,560,1465,273814510,0.7318055555555556
2015-11-14 00:00:00 UTC,560,1468,273814510,4.6308333333333334
2015-11-14 00:00:00 UTC,560,1470,273814510,3.2218055555555551
2015-11-14 00:00:00 UTC,560,1469,273814510,1.51375
2015-11-14 00:00:00 UTC,560,1464,273814510,2.4008333333333334
2015-11-14 00:00:00 UTC,560,1466,273814510,2.822916666666667
2015-11-14 00:00:00 UTC,-464,-663,701006385,0.2583333333333333
2015-11-14 00:00:00 UTC,-464,-662,701006385,1.5162499999999999
2015-11-14 00:00:00 UTC,-464,-649,701006450,4.2951388888888893
2015-11-14 00:00:00 UTC,-464,-644,701006450,3.8273611111111112
2015-11-14 00:00:00 UTC,-464,-648,701006450,4.7418055555555556
2015-11-14 00:00:00 UTC,-464,-605,412329686,0.79861111111111116
2015-11-14 00:00:00 UTC,-464,-606,412329686,3.66611111111111
2015-11-14 00:00:00 UTC,-464,-603,412329689,2.6561111111111106
2015-11-14 00:00:00 UTC,-464,-604,412329689,3.9952777777777775
2015-11-14 00:00:00 UTC,-464,-643,701000947,5.660694444444446
2015-11-14 00:00:00 UTC,-464,-642,701000947,4.9970833333333333
2015-11-14 00:00:00 UTC,-464,1663,512004085,3.7040277777777786
2015-11-14 00:00:00 UTC,-464,1664,512004085,1.7373611111111114
2015-11-14 00:00:00 UTC,-208,1634,540004100,4.8601388888888888
2015-11-14 00:00:00 UTC,-208,1635,540004100,3.4533333333333331
2015-11-14 00:00:00 UTC,-208,-1205,412400154,1.5945833333333332
2015-11-14 00:00:00 UTC,-208,366,431444000,0.6711111111111111
2015-11-14 00:00:00 UTC,-208,1772,520116000,0.029166666666666667
2015-11-14 00:00:00 UTC,-208,1762,520116000,5.3966666666666674
2015-11-14 00:00:00 UTC,-208,1771,520116000,4.4434722222222227
2015-11-14 00:00:00 UTC,-208,1764,520083000,2.5170833333333329
2015-11-14 00:00:00 UTC,-208,1762,520083000,2.4252777777777776
2015-11-14 00:00:00 UTC,-208,548,660005300,3.4388888888888887
2015-11-14 00:00:00 UTC,-208,-1228,412420793,0.71680555555555558
2015-11-14 00:00:00 UTC,-208,-1234,412420793,0.741111111111111
2015-11-14 00:00:00 UTC,-208,-1229,412420793,1.50375
2015-11-14 00:00:00 UTC,-208,-1232,412420793,4.3631944444444448
2015-11-14 00:00:00 UTC,-208,-1233,412420793,4.1883333333333344
2015-11-14 00:00:00 UTC,-208,-1203,412420819,1.3080555555555555
2015-11-14 00:00:00 UTC,-208,-1205,412420819,0.77486111111111111
2015-11-14 00:00:00 UTC,-208,-1204,412420819,0.88611111111111118
2015-11-14 00:00:00 UTC,-208,-1206,412420819,2.9891666666666667
2015-11-14 00:00:00 UTC,49,1666,412658750,0.092083333333333323
2015-11-14 00:00:00 UTC,49,1675,412699460,3.7312499999999993
2015-11-14 00:00:00 UTC,49,1674,412699460,0.37458333333333332
2015-11-14 00:00:00 UTC,49,1671,412658760,0.050138888888888886
2015-11-14 00:00:00 UTC,49,1676,412695170,3.1973611111111109
2015-11-14 00:00:00 UTC,49,1674,412695170,3.9179166666666667
2015-11-14 00:00:00 UTC,49,1692,412699570,5.0536111111111115
2015-11-14 00:00:00 UTC,49,-33,627981000,11.799027777777777
2015-11-14 00:00:00 UTC,49,-32,627981000,8.22763888888889
2015-11-14 00:00:00 UTC,305,1231,412428288,0.64902777777777776
2015-11-14 00:00:00 UTC,305,1231,412433413,0.2779166666666667
2015-11-14 00:00:00 UTC,305,1227,412441351,9.8966666666666647
2015-11-14 00:00:00 UTC,305,1230,412432649,21.483749999999997
2015-11-14 00:00:00 UTC,305,1234,412435977,0.87444444444444436
2015-11-14 00:00:00 UTC,305,1227,412442377,8.9761111111111109
2015-11-14 00:00:00 UTC,305,1234,412435978,3.183472222222222
2015-11-14 00:00:00 UTC,305,1233,412422671,0.72125
2015-11-14 00:00:00 UTC,305,1234,412422671,3.7002777777777776
2015-11-14 00:00:00 UTC,305,1225,412411153,0.27749999999999997
2015-11-14 00:00:00 UTC,305,1227,412370195,4.2650000000000006
2015-11-14 00:00:00 UTC,305,1233,412421911,17.770000000000003
2015-11-14 00:00:00 UTC,305,1232,412422174,6.7402777777777771
2015-11-14 00:00:00 UTC,305,1218,412436766,4.8843055555555557
2015-11-14 00:00:00 UTC,305,1219,412436766,0.30861111111111111
2015-11-14 00:00:00 UTC,305,1231,412427807,3.8136111111111113
2015-11-14 00:00:00 UTC,305,1232,412427807,19.588750000000005
2015-11-14 00:00:00 UTC,305,1232,412428578,25.374305555555559
2015-11-14 00:00:00 UTC,305,1234,412422691,5.674027777777777
2015-11-14 00:00:00 UTC,305,1233,412422691,2.3720833333333333
2015-11-14 00:00:00 UTC,305,1225,412412454,1.768472222222222
2015-11-14 00:00:00 UTC,305,1228,413150506,3.7622222222222219
2015-11-14 00:00:00 UTC,305,1227,412410667,1.931388888888889
2015-11-14 00:00:00 UTC,305,1232,412421932,0.37902777777777774
2015-11-14 00:00:00 UTC,305,1220,412436781,2.0134722222222221
2015-11-14 00:00:00 UTC,305,1232,412428335,16.735416666666669
2015-11-14 00:00:00 UTC,305,1231,412433199,0.44208333333333333
2015-11-14 00:00:00 UTC,305,1230,412433199,3.0962500000000004
2015-11-14 00:00:00 UTC,305,1233,412422453,10.229583333333334
2015-11-14 00:00:00 UTC,305,1232,412422453,1.8233333333333333
2015-11-14 00:00:00 UTC,305,1231,412433205,0.831388888888889
2015-11-14 00:00:00 UTC,305,1233,412438838,4.5493055555555557
2015-11-14 00:00:00 UTC,305,1232,412438838,2.1541666666666668
2015-11-14 00:00:00 UTC,305,1231,412428343,0.56208333333333338
2015-11-14 00:00:00 UTC,305,1231,412428344,8.12888888888889
2015-11-14 00:00:00 UTC,305,1230,412433208,3.18
2015-11-14 00:00:00 UTC,305,1230,412432702,12.301388888888891
2015-11-14 00:00:00 UTC,305,1221,412438083,16.885277777777777
2015-11-14 00:00:00 UTC,305,-399,224253000,1.4061111111111111
2015-11-14 00:00:00 UTC,305,1233,412422218,12.039027777777777
2015-11-14 00:00:00 UTC,305,1220,412436822,4.5377777777777784
2015-11-14 00:00:00 UTC,305,1221,412436822,0.37069444444444444
2015-11-14 00:00:00 UTC,305,1222,412436822,4.5152777777777775
2015-11-14 00:00:00 UTC,305,1231,412427863,12.330972222222222
2015-11-14 00:00:00 UTC,305,1226,412413016,2.6862500000000002
2015-11-14 00:00:00 UTC,305,1227,412413016,1.2177777777777776
2015-11-14 00:00:00 UTC,305,1230,412428378,4.222083333333333
2015-11-14 00:00:00 UTC,305,1231,412428378,16.068055555555556
2015-11-14 00:00:00 UTC,305,1230,412428379,15.434861111111109
2015-11-14 00:00:00 UTC,305,1226,412699999,0.62569444444444444
2015-11-14 00:00:00 UTC,305,1227,412699999,5.7259722222222225
2015-11-14 00:00:00 UTC,305,1230,412441953,1.5625
2015-11-14 00:00:00 UTC,305,1227,200009060,6.8283333333333323
2015-11-14 00:00:00 UTC,305,1226,200009060,0.38722222222222225
2015-11-14 00:00:00 UTC,305,1220,412435561,4.4625
2015-11-14 00:00:00 UTC,305,1231,412880490,5.0036111111111117
2015-11-14 00:00:00 UTC,305,1232,412880490,2.3094444444444444
2015-11-14 00:00:00 UTC,305,1232,412427882,8.432500000000001
2015-11-14 00:00:00 UTC,305,1231,412427883,3.1440277777777776
2015-11-14 00:00:00 UTC,305,1234,412412267,4.1661111111111113
2015-11-14 00:00:00 UTC,305,1233,412422764,7.3431944444444444
2015-11-14 00:00:00 UTC,305,1232,412422764,1.1905555555555556
2015-11-14 00:00:00 UTC,305,1223,412428653,2.9079166666666669
2015-11-14 00:00:00 UTC,305,1228,412461933,2.0958333333333332
2015-11-14 00:00:00 UTC,305,1227,412461933,4.4916666666666663
2015-11-14 00:00:00 UTC,305,1232,412422515,2.7798611111111109
2015-11-14 00:00:00 UTC,305,1233,412422515,10.702916666666667
2015-11-14 00:00:00 UTC,305,1230,412427893,4.7945833333333328
2015-11-14 00:00:00 UTC,305,1230,412427894,3.4158333333333331
2015-11-14 00:00:00 UTC,305,1233,412422519,6.3247222222222215
2015-11-14 00:00:00 UTC,305,1234,412422519,4.6173611111111112
2015-11-14 00:00:00 UTC,305,1232,412421752,1.6163888888888889
2015-11-14 00:00:00 UTC,305,1233,412421752,1.4022222222222223
2015-11-14 00:00:00 UTC,305,1227,412461945,4.5123611111111117
2015-11-14 00:00:00 UTC,305,1228,412461945,2.1775
2015-11-14 00:00:00 UTC,305,1230,412432768,19.41611111111111
2015-11-14 00:00:00 UTC,305,1227,412472964,1.4336111111111112
2015-11-14 00:00:00 UTC,305,1228,412472964,5.2919444444444448
2015-11-14 00:00:00 UTC,305,1233,412436869,2.6580555555555558
2015-11-14 00:00:00 UTC,305,1227,412472965,1.3511111111111109
2015-11-14 00:00:00 UTC,305,1228,412472965,5.1752777777777776
2015-11-14 00:00:00 UTC,305,1231,412428423,0.898611111111111
2015-11-14 00:00:00 UTC,305,1230,412428423,22.014444444444447
2015-11-14 00:00:00 UTC,305,1225,412413832,1.7433333333333334
2015-11-14 00:00:00 UTC,305,1224,412413832,8.6741666666666664
2015-11-14 00:00:00 UTC,305,1230,412428426,2.6838888888888892
2015-11-14 00:00:00 UTC,305,1232,412421771,1.9066666666666665
2015-11-14 00:00:00 UTC,305,1233,412421771,8.9697222222222219
2015-11-14 00:00:00 UTC,305,1231,412428427,16.965555555555557
2015-11-14 00:00:00 UTC,305,1224,412411019,4.1373611111111117
2015-11-14 00:00:00 UTC,305,1225,412411019,1.5699999999999998
2015-11-14 00:00:00 UTC,305,1230,412427921,16.059722222222224
2015-11-14 00:00:00 UTC,305,1231,412427921,2.1802777777777775
2015-11-14 00:00:00 UTC,305,1231,412433553,1.6233333333333335
2015-11-14 00:00:00 UTC,305,1224,412411285,0.37055555555555553
2015-11-14 00:00:00 UTC,305,1232,412421787,14.496805555555554
2015-11-14 00:00:00 UTC,305,1230,412428444,22.57555555555556
2015-11-14 00:00:00 UTC,305,1230,412428445,9.44027777777778
2015-11-14 00:00:00 UTC,305,1230,412428446,5.6099999999999994
2015-11-14 00:00:00 UTC,305,1231,412433567,1.2093055555555554
2015-11-14 00:00:00 UTC,305,1230,412433567,15.010416666666668
2015-11-14 00:00:00 UTC,305,1231,412427936,22.283472222222223
2015-11-14 00:00:00 UTC,305,1232,412421793,14.431944444444444
2015-11-14 00:00:00 UTC,305,1230,412428453,22.894722222222228
2015-11-14 00:00:00 UTC,305,1233,412420006,5.9990277777777781
2015-11-14 00:00:00 UTC,305,1234,412420006,2.2513888888888887
2015-11-14 00:00:00 UTC,305,1232,412427953,8.50361111111111
2015-11-14 00:00:00 UTC,305,1230,412432563,0.91666666666666663
2015-11-14 00:00:00 UTC,305,1230,412432566,3.9336111111111114
2015-11-14 00:00:00 UTC,305,1225,412413884,0.62583333333333324
2015-11-14 00:00:00 UTC,305,1226,412413884,0.78930555555555559
2015-11-14 00:00:00 UTC,305,1215,412436415,3.5
2015-11-14 00:00:00 UTC,305,1216,412436415,11.211388888888891
2015-11-14 00:00:00 UTC,305,1233,412422592,1.401388888888889
2015-11-14 00:00:00 UTC,305,1234,412422592,1.2675
2015-11-14 00:00:00 UTC,305,1231,413488579,3.5936111111111111
2015-11-14 00:00:00 UTC,305,1232,412400069,0.91597222222222219
2015-11-14 00:00:00 UTC,305,1233,412400069,13.896944444444447
2015-11-14 00:00:00 UTC,305,1228,413400008,1.9591666666666665
2015-11-14 00:00:00 UTC,305,1227,413400008,4.7320833333333336
2015-11-14 00:00:00 UTC,305,1227,412462032,6.19875
2015-11-14 00:00:00 UTC,305,1230,412425172,0.65152777777777771
2015-11-14 00:00:00 UTC,305,1231,413408980,3.2179166666666661
2015-11-14 00:00:00 UTC,305,1232,412423639,0.72
2015-11-14 00:00:00 UTC,305,1226,412413144,0.60430555555555554
2015-11-14 00:00:00 UTC,305,1233,412423131,7.5038888888888886
2015-11-14 00:00:00 UTC,305,1232,412423131,0.86125000000000007
2015-11-14 00:00:00 UTC,305,1226,413889499,0.85986111111111108
2015-11-14 00:00:00 UTC,305,1225,413889499,0.84486111111111106
2015-11-14 00:00:00 UTC,305,1231,412428258,1.3731944444444444
2015-11-14 00:00:00 UTC,305,1229,412413922,0.90513888888888883
2015-11-14 00:00:00 UTC,305,1231,412428259,1.2820833333333332
2015-11-14 00:00:00 UTC,305,1231,412433125,0.80499999999999994
2015-11-14 00:00:00 UTC,305,1230,412433125,4.1015277777777781
2015-11-14 00:00:00 UTC,305,1232,412428262,2.1769444444444446
2015-11-14 00:00:00 UTC,305,1230,412428262,0.40458333333333329
2015-11-14 00:00:00 UTC,305,1231,412428262,0.40416666666666667
2015-11-14 00:00:00 UTC,305,1232,412410858,0.98583333333333334
2015-11-14 00:00:00 UTC,305,1233,412410858,8.8270833333333325
2015-11-14 00:00:00 UTC,305,1233,412422638,10.519861111111112
2015-11-14 00:00:00 UTC,305,1231,412428272,2.0031944444444445
2015-11-14 00:00:00 UTC,305,1233,412420593,2.4861111111111112
2015-11-14 00:00:00 UTC,305,1233,412422641,11.162916666666668
2015-11-14 00:00:00 UTC,305,1223,412428531,5.805416666666666
2015-11-14 00:00:00 UTC,305,1225,412428531,4.52361111111111
2015-11-14 00:00:00 UTC,305,1224,412428531,9.8063888888888915
2015-11-14 00:00:00 UTC,305,1232,412421629,1.7525
2015-11-14 00:00:00 UTC,305,1227,412441343,9.4408333333333339
2015-11-14 00:00:00 UTC,561,-1636,368608000,1.6298611111111114
2015-11-14 00:00:00 UTC,561,-593,316010000,5.0680555555555546
2015-11-14 00:00:00 UTC,561,-591,316010000,5.2361111111111116
2015-11-14 00:00:00 UTC,561,-592,316010000,5.9551388888888885
2015-11-14 00:00:00 UTC,561,-594,316010000,1.5236111111111112
2015-11-14 00:00:00 UTC,561,-590,316010000,0.33611111111111114
2015-11-14 00:00:00 UTC,561,1431,273848100,8.7902777777777779
2015-11-14 00:00:00 UTC,561,1433,273848100,3.4466666666666668
2015-11-14 00:00:00 UTC,561,1432,273848100,9.0370833333333351
2015-11-14 00:00:00 UTC,561,1431,273890100,6.7334722222222236
2015-11-14 00:00:00 UTC,561,1433,273890100,1.2580555555555555
2015-11-14 00:00:00 UTC,561,1432,273890100,11.018194444444445
2015-11-14 00:00:00 UTC,561,-1637,303426100,0.87194444444444441
2015-11-14 00:00:00 UTC,561,1433,273849910,3.1173611111111112
2015-11-14 00:00:00 UTC,561,1431,273849910,1.5676388888888888
2015-11-14 00:00:00 UTC,561,1432,273849910,9.7775
2015-11-14 00:00:00 UTC,561,1432,273896000,13.76472222222222
2015-11-14 00:00:00 UTC,561,1431,273896000,7.6511111111111108
2015-11-14 00:00:00 UTC,561,-25,235001670,2.0695833333333331
2015-11-14 00:00:00 UTC,561,-24,235001670,1.8529166666666668
2015-11-14 00:00:00 UTC,561,1431,273240400,3.4516666666666667
2015-11-14 00:00:00 UTC,561,1432,273240400,11.602222222222222
2015-11-14 00:00:00 UTC,561,1434,273240400,0.84791666666666665
2015-11-14 00:00:00 UTC,561,-1649,367011410,8.3391666666666637
2015-11-14 00:00:00 UTC,561,-1648,367011410,2.4506944444444447
2015-11-14 00:00:00 UTC,561,-1650,367011410,0.29555555555555557
2015-11-14 00:00:00 UTC,561,-31,235074212,1.3345833333333332
2015-11-14 00:00:00 UTC,561,-30,235074212,0.93847222222222226
2015-11-14 00:00:00 UTC,561,1460,273826220,4.7490277777777781
2015-11-14 00:00:00 UTC,561,1461,273826220,3.0265277777777779
2015-11-14 00:00:00 UTC,561,1462,273826220,2.90625
2015-11-14 00:00:00 UTC,561,-592,316323000,5.139444444444444
2015-11-14 00:00:00 UTC,561,-591,316323000,3.7468055555555559
2015-11-14 00:00:00 UTC,561,-593,316323000,2.52
2015-11-14 00:00:00 UTC,-463,-661,701006385,1.3979166666666665
2015-11-14 00:00:00 UTC,-463,-663,701006385,0.53472222222222221
2015-11-14 00:00:00 UTC,-463,-662,701006385,0.25347222222222221
2015-11-14 00:00:00 UTC,-463,-603,412329685,0.83763888888888882
2015-11-14 00:00:00 UTC,-463,-605,412329686,1.471111111111111
2015-11-14 00:00:00 UTC,-463,-606,412329686,0.47291666666666671
2015-11-14 00:00:00 UTC,-463,-604,412329686,3.2730555555555561
2015-11-14 00:00:00 UTC,-463,-642,701000947,9.5512500000000031
2015-11-14 00:00:00 UTC,-463,1662,512004085,0.36638888888888888
2015-11-14 00:00:00 UTC,-463,1663,512004085,0.97083333333333333
2015-11-14 00:00:00 UTC,-207,1714,413322760,4.7602777777777776
2015-11-14 00:00:00 UTC,-207,-1206,412400154,1.5734722222222224
2015-11-14 00:00:00 UTC,-207,-1205,412400154,0.77819444444444452
2015-11-14 00:00:00 UTC,-207,367,431444000,0.29597222222222219
2015-11-14 00:00:00 UTC,-207,1742,520020000,5.2205555555555554
2015-11-14 00:00:00 UTC,-207,1709,441219875,0.9225000000000001
2015-11-14 00:00:00 UTC,-207,546,660005300,1.6815277777777777
2015-11-14 00:00:00 UTC,50,-41,224405000,0.16930555555555554
2015-11-14 00:00:00 UTC,50,-521,745000500,3.0972222222222223
2015-11-14 00:00:00 UTC,50,1667,412658750,0.79722222222222228
2015-11-14 00:00:00 UTC,50,1668,412699460,5.024861111111111
2015-11-14 00:00:00 UTC,50,1669,412699460,2.7619444444444445
2015-11-14 00:00:00 UTC,50,1673,412699460,3.6213888888888892
2015-11-14 00:00:00 UTC,50,1674,412699460,3.5480555555555555
2015-11-14 00:00:00 UTC,50,1668,412695170,2.0649999999999995
2015-11-14 00:00:00 UTC,50,1667,412695170,2.2004166666666665
2015-11-14 00:00:00 UTC,50,1669,412695170,0.49194444444444441
2015-11-14 00:00:00 UTC,50,1691,412699570,2.9255555555555555
2015-11-14 00:00:00 UTC,50,1687,412699570,3.9387499999999998
2015-11-14 00:00:00 UTC,306,1231,412432388,5.9004166666666666
2015-11-14 00:00:00 UTC,306,1231,412433413,3.0652777777777773
2015-11-14 00:00:00 UTC,306,1227,412441351,2.5280555555555555
2015-11-14 00:00:00 UTC,306,1232,412432393,1.1051388888888889
2015-11-14 00:00:00 UTC,306,1231,412433417,19.005000000000003
2015-11-14 00:00:00 UTC,306,1227,412442377,1.7858333333333332
2015-11-14 00:00:00 UTC,306,1233,412435978,3.3504166666666668
2015-11-14 00:00:00 UTC,306,1228,412428045,3.3051388888888891
2015-11-14 00:00:00 UTC,306,1233,412422671,8.6240277777777763
2015-11-14 00:00:00 UTC,306,1228,412428815,1.4834722222222223
2015-11-14 00:00:00 UTC,306,1227,412370195,1.0808333333333333
2015-11-14 00:00:00 UTC,306,1232,412420119,5.1079166666666671
2015-11-14 00:00:00 UTC,306,1228,412428056,2.5566666666666662
2015-11-14 00:00:00 UTC,306,1225,412413211,3.8145833333333328
2015-11-14 00:00:00 UTC,306,1231,412441119,7.0068055555555562
2015-11-14 00:00:00 UTC,306,1232,412432416,6.1279166666666658
2015-11-14 00:00:00 UTC,306,1228,412427809,4.1415277777777781
2015-11-14 00:00:00 UTC,306,1228,412428066,2.3211111111111107
2015-11-14 00:00:00 UTC,306,1233,412422691,7.383055555555555
2015-11-14 00:00:00 UTC,306,1228,412428068,1.0197222222222222
2015-11-14 00:00:00 UTC,306,1232,412432422,1.0202777777777778
2015-11-14 00:00:00 UTC,306,1232,412421416,6.0472222222222234
2015-11-14 00:00:00 UTC,306,1233,412428585,4.5523611111111109
2015-11-14 00:00:00 UTC,306,1228,413150506,4.6184722222222225
2015-11-14 00:00:00 UTC,306,1227,412410667,1.7993055555555553
2015-11-14 00:00:00 UTC,306,1232,412421932,5.4513888888888884
2015-11-14 00:00:00 UTC,306,1228,412428076,1.3431944444444444
2015-11-14 00:00:00 UTC,306,1230,412427821,3.1404166666666669
2015-11-14 00:00:00 UTC,306,1230,412433197,9.4225
2015-11-14 00:00:00 UTC,306,1228,412427822,2.8209722222222218
2015-11-14 00:00:00 UTC,306,1228,412427823,3.2143055555555553
2015-11-14 00:00:00 UTC,306,1227,412428847,2.8794444444444443
2015-11-14 00:00:00 UTC,306,1231,412433199,0.3873611111111111
2015-11-14 00:00:00 UTC,306,1225,412428592,0.83277777777777784
2015-11-14 00:00:00 UTC,306,1228,412428081,0.8866666666666666
2015-11-14 00:00:00 UTC,306,1231,412433457,17.984861111111112
2015-11-14 00:00:00 UTC,306,1228,412428082,2.8020833333333335
2015-11-14 00:00:00 UTC,306,1228,412428084,1.7945833333333332
2015-11-14 00:00:00 UTC,306,1232,412422453,9.4498611111111117
2015-11-14 00:00:00 UTC,306,1233,412438838,4.3706944444444451
2015-11-14 00:00:00 UTC,306,1232,412438838,10.622777777777779
2015-11-14 00:00:00 UTC,306,1232,412433207,3.7798611111111109
2015-11-14 00:00:00 UTC,306,1230,412432184,1.0208333333333335
2015-11-14 00:00:00 UTC,306,1231,412432184,10.405555555555555
2015-11-14 00:00:00 UTC,306,1228,412428089,4.137777777777778
2015-11-14 00:00:00 UTC,306,1228,412428858,0.28236111111111106
2015-11-14 00:00:00 UTC,306,1232,412421947,7.6466666666666656
2015-11-14 00:00:00 UTC,306,1233,412421947,14.426111111111112
2015-11-14 00:00:00 UTC,306,1228,412428091,4.7440277777777782
2015-11-14 00:00:00 UTC,306,1231,412433213,20.125972222222227
2015-11-14 00:00:00 UTC,306,1231,412433215,14.831111111111113
2015-11-14 00:00:00 UTC,306,1233,412433215,0.679861111111111
2015-11-14 00:00:00 UTC,306,1228,412428096,2.6824999999999997
2015-11-14 00:00:00 UTC,306,1231,412432192,2.381388888888889
2015-11-14 00:00:00 UTC,306,1228,412428097,2.256388888888889
2015-11-14 00:00:00 UTC,306,1228,412428866,1.2866666666666666
2015-11-14 00:00:00 UTC,306,1228,412428099,13.567916666666671
2015-11-14 00:00:00 UTC,306,1232,412433475,1.8105555555555557
2015-11-14 00:00:00 UTC,306,1228,412428101,3.7520833333333332
2015-11-14 00:00:00 UTC,306,1233,412432197,1.4129166666666666
2015-11-14 00:00:00 UTC,306,1228,412428103,4.9947222222222223
2015-11-14 00:00:00 UTC,306,1228,412427848,0.63750000000000007
2015-11-14 00:00:00 UTC,306,-405,224253000,0.66805555555555562
2015-11-14 00:00:00 UTC,306,-403,224253000,0.51513888888888881
2015-11-14 00:00:00 UTC,306,-402,224253000,1.3716666666666666
2015-11-14 00:00:00 UTC,306,-404,224253000,0.92625
2015-11-14 00:00:00 UTC,306,1228,412428105,4.0551388888888891
2015-11-14 00:00:00 UTC,306,1232,412422218,7.5081944444444453
2015-11-14 00:00:00 UTC,306,1232,412433226,1.9390277777777778
2015-11-14 00:00:00 UTC,306,1232,412231243,1.7223611111111112
2015-11-14 00:00:00 UTC,306,1233,412231243,1.6270833333333332
2015-11-14 00:00:00 UTC,306,1232,412433227,0.78111111111111109
2015-11-14 00:00:00 UTC,306,1228,412428108,2.2298611111111111
2015-11-14 00:00:00 UTC,306,1228,412428111,3.5390277777777781
2015-11-14 00:00:00 UTC,306,1232,412421713,3.2669444444444444
2015-11-14 00:00:00 UTC,306,1228,412428116,1.1236111111111111
2015-11-14 00:00:00 UTC,306,1228,412428119,1.7490277777777778
2015-11-14 00:00:00 UTC,306,1228,412428375,1.7908333333333331
2015-11-14 00:00:00 UTC,306,1224,400000088,5.60111111111111
2015-11-14 00:00:00 UTC,306,1228,412428122,5.2473611111111111
2015-11-14 00:00:00 UTC,306,1231,412433242,13.875694444444443
2015-11-14 00:00:00 UTC,306,1231,412432987,6.5623611111111115
2015-11-14 00:00:00 UTC,306,1232,412432987,0.38208333333333333
2015-11-14 00:00:00 UTC,306,1228,412428126,0.77861111111111114
2015-11-14 00:00:00 UTC,306,1224,412428638,3.4238888888888885
2015-11-14 00:00:00 UTC,306,1228,412428639,3.4974999999999996
2015-11-14 00:00:00 UTC,306,1226,412699999,0.33763888888888888
2015-11-14 00:00:00 UTC,306,1227,412699999,5.6631944444444446
2015-11-14 00:00:00 UTC,306,1231,412433248,21.492222222222225
2015-11-14 00:00:00 UTC,306,1228,412428129,3.9838888888888886
2015-11-14 00:00:00 UTC,306,1231,412432738,18.735277777777775
2015-11-14 00:00:00 UTC,306,1228,412428132,2.4926388888888886
2015-11-14 00:00:00 UTC,306,1230,412449892,2.0763888888888888
2015-11-14 00:00:00 UTC,306,1227,200009060,4.11375
2015-11-14 00:00:00 UTC,306,1228,412428389,3.4688888888888889
2015-11-14 00:00:00 UTC,306,1228,412428391,2.5019444444444443
2015-11-14 00:00:00 UTC,306,1228,412428393,4.8161111111111117
2015-11-14 00:00:00 UTC,306,1228,412428138,1.7738888888888891
2015-11-14 00:00:00 UTC,306,1232,412432234,0.41152777777777777
2015-11-14 00:00:00 UTC,306,1228,412428395,0.71263888888888893
2015-11-14 00:00:00 UTC,306,1230,412433515,8.85361111111111
2015-11-14 00:00:00 UTC,306,1232,412422764,12.7525
2015-11-14 00:00:00 UTC,306,1223,412428653,0.528888888888889
2015-11-14 00:00:00 UTC,306,1224,412428653,1.0333333333333334
2015-11-14 00:00:00 UTC,306,1227,412461933,4.8475
2015-11-14 00:00:00 UTC,306,1228,412428398,5.012083333333333
2015-11-14 00:00:00 UTC,306,1230,412433521,8.61486111111111
2015-11-14 00:00:00 UTC,306,1231,412413553,4.4715277777777782
2015-11-14 00:00:00 UTC,306,1231,412422258,0.31236111111111109
2015-11-14 00:00:00 UTC,306,1230,412422258,0.31625000000000003
2015-11-14 00:00:00 UTC,306,1228,412428146,1.2569444444444444
2015-11-14 00:00:00 UTC,306,1232,412422515,7.552083333333333
2015-11-14 00:00:00 UTC,306,1228,412428403,2.2568055555555557
2015-11-14 00:00:00 UTC,306,1230,412433523,7.0108333333333333
2015-11-14 00:00:00 UTC,306,1228,412428148,4.0955555555555563
2015-11-14 00:00:00 UTC,306,1230,412433525,6.48125
2015-11-14 00:00:00 UTC,306,1234,412422519,0.9277777777777777
2015-11-14 00:00:00 UTC,306,1233,412422519,6.4208333333333334
2015-11-14 00:00:00 UTC,306,1232,412421752,5.527222222222222
2015-11-14 00:00:00 UTC,306,1228,412461945,0.30138888888888893
2015-11-14 00:00:00 UTC,306,1227,412461945,4.5773611111111112
2015-11-14 00:00:00 UTC,306,1228,412428158,0.84944444444444445
2015-11-14 00:00:00 UTC,306,1231,412422273,0.61541666666666672
2015-11-14 00:00:00 UTC,306,1228,412472964,1.0668055555555556
2015-11-14 00:00:00 UTC,306,1227,412472964,1.4249999999999998
2015-11-14 00:00:00 UTC,306,1233,412421509,16.633333333333333
2015-11-14 00:00:00 UTC,306,1233,412436869,0.12555555555555556
2015-11-14 00:00:00 UTC,306,1227,412472965,1.6641666666666666
2015-11-14 00:00:00 UTC,306,1228,412472965,0.87569444444444455
2015-11-14 00:00:00 UTC,306,1227,412428166,0.65402777777777776
2015-11-14 00:00:00 UTC,306,1228,412428166,4.682777777777777
2015-11-14 00:00:00 UTC,306,1231,412432263,14.668055555555554
2015-11-14 00:00:00 UTC,306,1228,412428426,1.5944444444444446
2015-11-14 00:00:00 UTC,306,1231,412421771,0.63305555555555548
2015-11-14 00:00:00 UTC,306,1232,412421771,4.2619444444444445
2015-11-14 00:00:00 UTC,306,1224,412411019,1.2034722222222223
2015-11-14 00:00:00 UTC,306,1233,412422028,3.1891666666666669
2015-11-14 00:00:00 UTC,306,1228,412428685,2.6948611111111105
2015-11-14 00:00:00 UTC,306,1231,412449934,4.1918055555555558
2015-11-14 00:00:00 UTC,306,1232,412432272,3.6170833333333334
2015-11-14 00:00:00 UTC,306,1230,412449936,2.875694444444445
2015-11-14 00:00:00 UTC,306,1231,412429201,20.648333333333323
2015-11-14 00:00:00 UTC,306,1231,412433553,3.3056944444444447
2015-11-14 00:00:00 UTC,306,1231,412428697,17.052222222222223
2015-11-14 00:00:00 UTC,306,1232,412421787,3.7040277777777777
2015-11-14 00:00:00 UTC,306,1231,412433566,6.1544444444444446
2015-11-14 00:00:00 UTC,306,1232,412433313,16.689305555555556
2015-11-14 00:00:00 UTC,306,1231,412433313,4.8825000000000012
2015-11-14 00:00:00 UTC,306,1233,412420006,13.340138888888889
2015-11-14 00:00:00 UTC,306,1231,412432555,12.310555555555554
2015-11-14 00:00:00 UTC,306,1228,412428462,0.27458333333333329
2015-11-14 00:00:00 UTC,306,1217,412370864,1.1494444444444445
2015-11-14 00:00:00 UTC,306,1228,412428209,2.803055555555555
2015-11-14 00:00:00 UTC,306,1228,412428211,2.2291666666666665
2015-11-14 00:00:00 UTC,306,1228,412428212,1.3658333333333332
2015-11-14 00:00:00 UTC,306,1228,412428213,2.9481944444444448
2015-11-14 00:00:00 UTC,306,1230,412428469,5.8830555555555542
2015-11-14 00:00:00 UTC,306,1230,412433077,7.7397222222222224
2015-11-14 00:00:00 UTC,306,1228,412428214,0.553611111111111
2015-11-14 00:00:00 UTC,306,1228,412428471,0.32069444444444445
2015-11-14 00:00:00 UTC,306,1228,412428727,1.0372222222222223
2015-11-14 00:00:00 UTC,306,1228,412428216,2.9965277777777777
2015-11-14 00:00:00 UTC,306,1228,412428217,2.6031944444444446
2015-11-14 00:00:00 UTC,306,1233,412438201,2.6645833333333333
2015-11-14 00:00:00 UTC,306,1228,412428219,0.35430555555555554
2015-11-14 00:00:00 UTC,306,1231,412433341,17.995
2015-11-14 00:00:00 UTC,306,1228,412428222,3.9443055555555557
2015-11-14 00:00:00 UTC,306,1231,412432574,18.653749999999995
2015-11-14 00:00:00 UTC,306,1231,412433342,20.830694444444436
2015-11-14 00:00:00 UTC,306,1216,412436415,3.3654166666666669
2015-11-14 00:00:00 UTC,306,1233,412422592,12.969583333333333
2015-11-14 00:00:00 UTC,306,1234,412422592,1.5677777777777777
2015-11-14 00:00:00 UTC,306,1228,412428225,5.326249999999999
2015-11-14 00:00:00 UTC,306,1228,412428226,2.1784722222222221
2015-11-14 00:00:00 UTC,306,1232,413488579,6.8683333333333332
2015-11-14 00:00:00 UTC,306,1228,412428228,0.2845833333333333
2015-11-14 00:00:00 UTC,306,1228,412428229,0.58680555555555558
2015-11-14 00:00:00 UTC,306,1231,412431813,4.8590277777777784
2015-11-14 00:00:00 UTC,306,1232,412431813,16.228749999999998
2015-11-14 00:00:00 UTC,306,1232,412400069,8.8099999999999987
2015-11-14 00:00:00 UTC,306,1228,412428232,0.34888888888888892
2015-11-14 00:00:00 UTC,306,1227,413400008,4.5758333333333336
2015-11-14 00:00:00 UTC,306,1228,413400008,0.28180555555555553
2015-11-14 00:00:00 UTC,306,1228,412428489,1.5137499999999997
2015-11-14 00:00:00 UTC,306,1232,412432331,12.057222222222222
2015-11-14 00:00:00 UTC,306,1228,412428237,3.5081944444444439
2015-11-14 00:00:00 UTC,306,1231,412433101,6.9740277777777777
2015-11-14 00:00:00 UTC,306,1231,412427982,0.94180555555555556
2015-11-14 00:00:00 UTC,306,1231,412432846,6.1479166666666663
2015-11-14 00:00:00 UTC,306,1231,412432079,16.2875
2015-11-14 00:00:00 UTC,306,1231,412432335,1.6031944444444446
2015-11-14 00:00:00 UTC,306,1227,412462032,3.8887500000000004
2015-11-14 00:00:00 UTC,306,1229,412425172,0.60388888888888892
2015-11-14 00:00:00 UTC,306,1230,412425172,0.35180555555555554
2015-11-14 00:00:00 UTC,306,1231,413408980,10.670833333333334
2015-11-14 00:00:00 UTC,306,1226,412427989,4.9355555555555561
2015-11-14 00:00:00 UTC,306,1226,412428501,6.3473611111111117
2015-11-14 00:00:00 UTC,306,1232,412423639,8.3752777777777787
2015-11-14 00:00:00 UTC,306,1227,412428503,0.60749999999999993
2015-11-14 00:00:00 UTC,306,1232,412423641,3.7838888888888889
2015-11-14 00:00:00 UTC,306,1232,412410842,0.90402777777777787
2015-11-14 00:00:00 UTC,306,1232,412423131,12.855694444444444
2015-11-14 00:00:00 UTC,306,1232,412432859,5.9466666666666663
2015-11-14 00:00:00 UTC,306,1231,412428766,6.498333333333334
2015-11-14 00:00:00 UTC,306,1232,412432864,2.7447222222222223
2015-11-14 00:00:00 UTC,306,1231,412432864,10.539305555555554
2015-11-14 00:00:00 UTC,306,1231,412428258,10.4275
2015-11-14 00:00:00 UTC,306,1231,412428259,12.494999999999997
2015-11-14 00:00:00 UTC,306,1232,412428262,4.8204166666666666
2015-11-14 00:00:00 UTC,306,1231,412428262,13.165555555555557
2015-11-14 00:00:00 UTC,306,1230,412433127,8.3618055555555557
2015-11-14 00:00:00 UTC,306,1231,412428265,8.4116666666666653
2015-11-14 00:00:00 UTC,306,1230,412432617,9.8034722222222239
2015-11-14 00:00:00 UTC,306,1231,412428266,10.683194444444444
2015-11-14 00:00:00 UTC,306,1232,412410858,12.059444444444441
2015-11-14 00:00:00 UTC,306,1233,412422638,12.903055555555554
2015-11-14 00:00:00 UTC,306,1224,412428783,0.88402777777777786
2015-11-14 00:00:00 UTC,306,1232,412422896,11.955138888888889
2015-11-14 00:00:00 UTC,306,1231,412428272,13.56375
2015-11-14 00:00:00 UTC,306,1233,412420593,5.4131944444444446
2015-11-14 00:00:00 UTC,306,1233,412422641,11.570972222222222
2015-11-14 00:00:00 UTC,306,1228,412428017,0.8159722222222221
2015-11-14 00:00:00 UTC,306,1228,412428023,2.3152777777777778
2015-11-14 00:00:00 UTC,306,1231,413422073,1.1476388888888889
2015-11-14 00:00:00 UTC,306,1232,412421629,5.4323611111111116
2015-11-14 00:00:00 UTC,306,1228,412428031,2.3106944444444446
2015-11-14 00:00:00 UTC,306,1232,412432383,16.669722222222223
2015-11-14 00:00:00 UTC,306,1227,412441343,2.2231944444444443
2015-11-14 00:00:00 UTC,562,-1636,368608000,1.6052777777777778
2015-11-14 00:00:00 UTC,562,-1637,368608000,1.5605555555555557
2015-11-14 00:00:00 UTC,562,1463,273892100,12.815972222222223
2015-11-14 00:00:00 UTC,562,-589,316010000,3.2005555555555554
2015-11-14 00:00:00 UTC,562,-590,316010000,2.4870833333333335
2015-11-14 00:00:00 UTC,562,-1663,366230550,3.4398611111111115
2015-11-14 00:00:00 UTC,562,-1666,366230550,2.3166666666666664
2015-11-14 00:00:00 UTC,562,-1662,366230550,4.0108333333333333
2015-11-14 00:00:00 UTC,562,-1664,366230550,1.586111111111111
2015-11-14 00:00:00 UTC,562,1431,273848100,0.93736111111111109
2015-11-14 00:00:00 UTC,562,1431,273890100,0.7976388888888889
2015-11-14 00:00:00 UTC,562,-1637,303426100,3.1191666666666666
2015-11-14 00:00:00 UTC,562,-1638,303426100,1.6230555555555557
2015-11-14 00:00:00 UTC,562,-26,235108678,1.0751388888888889
2015-11-14 00:00:00 UTC,562,-27,235108678,0.59666666666666668
2015-11-14 00:00:00 UTC,562,-24,235001670,2.791666666666667
2015-11-14 00:00:00 UTC,562,-25,235001670,3.0711111111111107
2015-11-14 00:00:00 UTC,562,1431,273240400,1.4243055555555553
2015-11-14 00:00:00 UTC,562,-1649,367011410,3.2838888888888893
2015-11-14 00:00:00 UTC,562,-1650,367011410,0.99138888888888888
2015-11-14 00:00:00 UTC,562,-1648,367011410,1.62125
2015-11-14 00:00:00 UTC,562,1463,273561700,2.395
2015-11-14 00:00:00 UTC,562,1462,273561700,0.87638888888888888
2015-11-14 00:00:00 UTC,562,-588,316100000,0.79430555555555549
2015-11-14 00:00:00 UTC,562,-591,316100000,7.2726388888888875
2015-11-14 00:00:00 UTC,562,-589,316100000,4.9765277777777781
2015-11-14 00:00:00 UTC,562,-590,316100000,7.9933333333333323
2015-11-14 00:00:00 UTC,562,-592,316100000,2.9044444444444442
2015-11-14 00:00:00 UTC,562,-590,316323000,4.145
2015-11-14 00:00:00 UTC,562,-591,316323000,8.4491666666666667
2015-11-14 00:00:00 UTC,-462,-659,701006385,0.78875
2015-11-14 00:00:00 UTC,-462,-603,412331073,2.1716666666666669
2015-11-14 00:00:00 UTC,-462,-605,412329686,1.3580555555555556
2015-11-14 00:00:00 UTC,-462,-601,412329694,1.7611111111111111
2015-11-14 00:00:00 UTC,-462,-602,412329694,2.2961111111111112
2015-11-14 00:00:00 UTC,-462,-603,412329694,4.3241666666666658
2015-11-14 00:00:00 UTC,-462,-603,412329695,9.5725
2015-11-14 00:00:00 UTC,-462,-644,701000947,1.6148611111111111
2015-11-14 00:00:00 UTC,-206,-1207,412400154,2.6940277777777779
2015-11-14 00:00:00 UTC,-206,369,431444000,0.959861111111111
2015-11-14 00:00:00 UTC,-206,368,431444000,0.74027777777777781
2015-11-14 00:00:00 UTC,-206,370,431444000,1.3754166666666667
2015-11-14 00:00:00 UTC,-206,1709,441219875,0.77638888888888891
2015-11-14 00:00:00 UTC,-206,1711,441219875,4.0311111111111106
2015-11-14 00:00:00 UTC,-206,1710,441219875,0.80680555555555566
2015-11-14 00:00:00 UTC,-206,1762,520083000,2.0831944444444446
2015-11-14 00:00:00 UTC,-206,-1268,416211600,0.42583333333333334
2015-11-14 00:00:00 UTC,-206,-1269,416211600,0.20194444444444443
2015-11-14 00:00:00 UTC,-206,545,660005300,2.4852777777777777
2015-11-14 00:00:00 UTC,51,1667,412658750,2.5618055555555554
2015-11-14 00:00:00 UTC,51,1685,412699570,1.5943055555555556
2015-11-14 00:00:00 UTC,307,1232,412432386,22.587500000000002
2015-11-14 00:00:00 UTC,307,1228,412428041,6.4805555555555543
2015-11-14 00:00:00 UTC,307,1233,412435978,2.2965277777777779
2015-11-14 00:00:00 UTC,307,1232,412432396,1.9625
2015-11-14 00:00:00 UTC,307,1228,412428045,6.5408333333333326
2015-11-14 00:00:00 UTC,307,1228,412428815,9.3430555555555532
2015-11-14 00:00:00 UTC,307,1227,412428815,0.55819444444444444
2015-11-14 00:00:00 UTC,307,1232,412432655,20.567083333333333
2015-11-14 00:00:00 UTC,307,1224,412413199,3.7701388888888885
2015-11-14 00:00:00 UTC,307,1223,412413199,4.2415277777777778
2015-11-14 00:00:00 UTC,307,1226,412427792,9.3216666666666672
2015-11-14 00:00:00 UTC,307,1232,412432403,2.859861111111111
2015-11-14 00:00:00 UTC,307,1228,412428056,13.562499999999996
2015-11-14 00:00:00 UTC,307,1232,412421914,0.26625
2015-11-14 00:00:00 UTC,307,1231,412421914,0.852638888888889
2015-11-14 00:00:00 UTC,307,1232,412432666,21.760972222222222
2015-11-14 00:00:00 UTC,307,1232,412432414,3.4019444444444442
2015-11-14 00:00:00 UTC,307,1233,412432414,0.53027777777777785
2015-11-14 00:00:00 UTC,307,1228,412427809,9.7747222222222234
2015-11-14 00:00:00 UTC,307,1230,412428577,13.486944444444443
2015-11-14 00:00:00 UTC,307,1228,412428066,6.9219444444444447
2015-11-14 00:00:00 UTC,307,1228,412427811,1.2573611111111109
2015-11-14 00:00:00 UTC,307,1228,412428068,7.4906944444444452
2015-11-14 00:00:00 UTC,307,1232,412432676,4.2570833333333331
2015-11-14 00:00:00 UTC,307,1231,412428069,23.515694444444449
2015-11-14 00:00:00 UTC,307,1232,412432422,1.7434722222222225
2015-11-14 00:00:00 UTC,307,1232,412432167,14.261388888888888
2015-11-14 00:00:00 UTC,307,1228,412428075,8.4097222222222214
2015-11-14 00:00:00 UTC,307,1228,412428076,6.555
2015-11-14 00:00:00 UTC,307,1231,412427821,3.1908333333333334
2015-11-14 00:00:00 UTC,307,1230,412427821,8.3543055555555554
2015-11-14 00:00:00 UTC,307,1228,412427822,16.413333333333334
2015-11-14 00:00:00 UTC,307,1233,412432686,0.46513888888888888
2015-11-14 00:00:00 UTC,307,1228,412427823,6.759722222222222
2015-11-14 00:00:00 UTC,307,1225,412428592,6.50263888888889
2015-11-14 00:00:00 UTC,307,1228,412428081,6.7894444444444453
2015-11-14 00:00:00 UTC,307,1232,412433457,2.9055555555555559
2015-11-14 00:00:00 UTC,307,1228,412428082,9.5341666666666676
2015-11-14 00:00:00 UTC,307,1232,412433458,5.0373611111111112
2015-11-14 00:00:00 UTC,307,1228,412428083,5.399861111111111
2015-11-14 00:00:00 UTC,307,1227,412428083,0.64916666666666667
2015-11-14 00:00:00 UTC,307,1232,412433203,3.5820833333333333
2015-11-14 00:00:00 UTC,307,1228,412428084,7.823611111111112
2015-11-14 00:00:00 UTC,307,1228,412428086,7.6383333333333336
2015-11-14 00:00:00 UTC,307,1232,412438838,1.0252777777777777
2015-11-14 00:00:00 UTC,307,1233,412432184,2.1184722222222221
2015-11-14 00:00:00 UTC,307,1232,412432184,10.66375
2015-11-14 00:00:00 UTC,307,1228,412428089,13.693888888888889
2015-11-14 00:00:00 UTC,307,1228,412428858,6.8243055555555552
2015-11-14 00:00:00 UTC,307,1228,412428091,12.772083333333333
2015-11-14 00:00:00 UTC,307,1228,412428096,13.583750000000004
2015-11-14 00:00:00 UTC,307,1232,412433216,30.078611111111112
2015-11-14 00:00:00 UTC,307,1228,412428097,13.022916666666665
2015-11-14 00:00:00 UTC,307,1232,412432705,1.63125
2015-11-14 00:00:00 UTC,307,1228,412428866,6.295
2015-11-14 00:00:00 UTC,307,1227,412428866,0.66555555555555546
2015-11-14 00:00:00 UTC,307,1228,412428099,12.189027777777778
2015-11-14 00:00:00 UTC,307,1226,412428611,8.4612500000000015
2015-11-14 00:00:00 UTC,307,1232,412433475,13.016944444444444
2015-11-14 00:00:00 UTC,307,1228,412428101,15.213333333333333
2015-11-14 00:00:00 UTC,307,1230,412428869,2.8404166666666666
2015-11-14 00:00:00 UTC,307,1232,412432197,13.337222222222222
2015-11-14 00:00:00 UTC,307,1232,412433478,19.30777777777778
2015-11-14 00:00:00 UTC,307,1228,412428103,14.793472222222222
2015-11-14 00:00:00 UTC,307,1227,412427848,0.64916666666666667
2015-11-14 00:00:00 UTC,307,1228,412427848,6.2809722222222222
2015-11-14 00:00:00 UTC,307,-408,224253000,1.0347222222222223
2015-11-14 00:00:00 UTC,307,-407,224253000,0.59319444444444447
2015-11-14 00:00:00 UTC,307,-406,224253000,0.50138888888888888
2015-11-14 00:00:00 UTC,307,1228,412428105,11.798055555555555
2015-11-14 00:00:00 UTC,307,1232,412433226,11.25875
2015-11-14 00:00:00 UTC,307,1233,412231243,18.098055555555554
2015-11-14 00:00:00 UTC,307,1232,412433227,11.283888888888889
2015-11-14 00:00:00 UTC,307,1230,412427084,0.43902777777777779
2015-11-14 00:00:00 UTC,307,1228,412428108,13.079027777777782
2015-11-14 00:00:00 UTC,307,1231,412432716,1.7931944444444445
2015-11-14 00:00:00 UTC,307,1232,412432716,15.973333333333334
2015-11-14 00:00:00 UTC,307,1231,412426063,7.58875
2015-11-14 00:00:00 UTC,307,1232,412426063,7.0377777777777775
2015-11-14 00:00:00 UTC,307,1228,412428111,12.978888888888887
2015-11-14 00:00:00 UTC,307,1230,412427858,18.667916666666667
2015-11-14 00:00:00 UTC,307,1228,412428114,5.9873611111111105
2015-11-14 00:00:00 UTC,307,1228,412428116,14.351666666666663
2015-11-14 00:00:00 UTC,307,1231,412427093,0.74069444444444443
2015-11-14 00:00:00 UTC,307,1232,412427093,5.2509722222222219
2015-11-14 00:00:00 UTC,307,1228,412428119,7.159583333333333
2015-11-14 00:00:00 UTC,307,1228,412428375,6.9833333333333325
2015-11-14 00:00:00 UTC,307,1232,412436824,1.9793055555555557
2015-11-14 00:00:00 UTC,307,1228,412428121,6.1080555555555547
2015-11-14 00:00:00 UTC,307,1230,412427866,1.6995833333333334
2015-11-14 00:00:00 UTC,307,1228,412428122,13
2015-11-14 00:00:00 UTC,307,1232,412433242,3.18375
2015-11-14 00:00:00 UTC,307,1226,412428635,4.0216666666666665
2015-11-14 00:00:00 UTC,307,1232,412432987,14.766388888888889
2015-11-14 00:00:00 UTC,307,1228,412428126,9.9131944444444446
2015-11-14 00:00:00 UTC,307,1228,412428639,6.2577777777777772
2015-11-14 00:00:00 UTC,307,1228,412428129,9.7993055555555539
2015-11-14 00:00:00 UTC,307,1227,412428129,0.57027777777777777
2015-11-14 00:00:00 UTC,307,1232,413406818,8.4468055555555548
2015-11-14 00:00:00 UTC,307,1232,412432738,2.5405555555555557
2015-11-14 00:00:00 UTC,307,1228,412428132,6.1137500000000005
2015-11-14 00:00:00 UTC,307,1228,412428389,12.771111111111109
2015-11-14 00:00:00 UTC,307,1228,412428391,7.90736111111111
2015-11-14 00:00:00 UTC,307,1228,412428647,1.2480555555555555
2015-11-14 00:00:00 UTC,307,1228,412428393,14.44263888888889
2015-11-14 00:00:00 UTC,307,1228,412428138,4.800416666666667
2015-11-14 00:00:00 UTC,307,1227,412428138,1.5022222222222221
2015-11-14 00:00:00 UTC,307,1232,412432234,5.2843055555555551
2015-11-14 00:00:00 UTC,307,1228,412428139,6.1038888888888891
2015-11-14 00:00:00 UTC,307,1228,412428395,6.5819444444444448
2015-11-14 00:00:00 UTC,307,1231,412433515,10.739305555555557
2015-11-14 00:00:00 UTC,307,1233,412412267,3.3386111111111112
2015-11-14 00:00:00 UTC,307,1231,412427885,6.85375
2015-11-14 00:00:00 UTC,307,1230,412427885,15.579166666666664
2015-11-14 00:00:00 UTC,307,1227,412428141,1.4779166666666665
2015-11-14 00:00:00 UTC,307,1228,412428141,10.125000000000002
2015-11-14 00:00:00 UTC,307,1227,412428397,1.7736111111111112
2015-11-14 00:00:00 UTC,307,1228,412428397,6.3231944444444439
2015-11-14 00:00:00 UTC,307,1228,412428398,12.46986111111111
2015-11-14 00:00:00 UTC,307,1228,412428143,7.624305555555555
2015-11-14 00:00:00 UTC,307,1227,412428143,0.65791666666666671
2015-11-14 00:00:00 UTC,307,1228,412428145,7.7647222222222227
2015-11-14 00:00:00 UTC,307,1228,412428146,5.520833333333333
2015-11-14 00:00:00 UTC,307,1227,412428146,0.28666666666666663
2015-11-14 00:00:00 UTC,307,1228,412428147,9.84013888888889
2015-11-14 00:00:00 UTC,307,1227,412428147,1.731527777777778
2015-11-14 00:00:00 UTC,307,1227,412428403,0.58319444444444435
2015-11-14 00:00:00 UTC,307,1228,412428403,6.4816666666666674
2015-11-14 00:00:00 UTC,307,1228,412428148,14.340138888888886
2015-11-14 00:00:00 UTC,307,1232,412433524,0.638611111111111
2015-11-14 00:00:00 UTC,307,1232,412432501,5.7701388888888889
2015-11-14 00:00:00 UTC,307,1232,412433525,10.640694444444446
2015-11-14 00:00:00 UTC,307,1230,412424566,23.62541666666667
2015-11-14 00:00:00 UTC,307,1230,412427896,21.18125
2015-11-14 00:00:00 UTC,307,1231,412420217,9.09125
2015-11-14 00:00:00 UTC,307,1227,412428153,1.8998611111111112
2015-11-14 00:00:00 UTC,307,1228,412428153,6.6884722222222219
2015-11-14 00:00:00 UTC,307,1228,412428154,8.06875
2015-11-14 00:00:00 UTC,307,1227,412428154,1.2445833333333334
2015-11-14 00:00:00 UTC,307,1227,412428156,0.58291666666666664
2015-11-14 00:00:00 UTC,307,1228,412428156,5.5116666666666676
2015-11-14 00:00:00 UTC,307,1225,412428669,2.4736111111111114
2015-11-14 00:00:00 UTC,307,1228,412428158,6.9273611111111109
2015-11-14 00:00:00 UTC,307,1228,412428162,7.4729166666666655
2015-11-14 00:00:00 UTC,307,1228,412428163,7.3027777777777789
2015-11-14 00:00:00 UTC,307,1227,412428163,1.1319444444444444
2015-11-14 00:00:00 UTC,307,1228,412428166,14.462083333333329
2015-11-14 00:00:00 UTC,307,1226,412428679,3.0441666666666669
2015-11-14 00:00:00 UTC,307,1232,412432263,2.6463888888888887
2015-11-14 00:00:00 UTC,307,1227,412428168,1.2033333333333334
2015-11-14 00:00:00 UTC,307,1228,412428168,7.3770833333333341
2015-11-14 00:00:00 UTC,307,1228,412428169,0.31180555555555556
2015-11-14 00:00:00 UTC,307,1228,412428426,8.3979166666666654
2015-11-14 00:00:00 UTC,307,1232,412432779,23.936666666666667
2015-11-14 00:00:00 UTC,307,1224,412411019,2.0761111111111106
2015-11-14 00:00:00 UTC,307,1233,412422028,12.731666666666667
2015-11-14 00:00:00 UTC,307,1227,412428173,0.54972222222222222
2015-11-14 00:00:00 UTC,307,1228,412428173,10.408194444444444
2015-11-14 00:00:00 UTC,307,1228,412428685,6.3694444444444445
2015-11-14 00:00:00 UTC,307,1232,412433296,5.1733333333333338
2015-11-14 00:00:00 UTC,307,1232,412429201,2.3051388888888891
2015-11-14 00:00:00 UTC,307,1233,412421778,13.558194444444444
2015-11-14 00:00:00 UTC,307,1233,412427154,0.4909722222222222
2015-11-14 00:00:00 UTC,307,1228,412428179,4.8970833333333328
2015-11-14 00:00:00 UTC,307,1227,412428179,0.56180555555555556
2015-11-14 00:00:00 UTC,307,1228,412428181,7.6422222222222231
2015-11-14 00:00:00 UTC,307,1232,412432535,10.695
2015-11-14 00:00:00 UTC,307,1231,412428697,3.9505555555555549
2015-11-14 00:00:00 UTC,307,1227,412428186,2.4265277777777778
2015-11-14 00:00:00 UTC,307,1228,412428186,4.8016666666666676
2015-11-14 00:00:00 UTC,307,1224,412411037,2.5173611111111107
2015-11-14 00:00:00 UTC,307,1223,412411037,4.54875
2015-11-14 00:00:00 UTC,307,1232,412432544,20.905833333333334
2015-11-14 00:00:00 UTC,307,1232,412433317,4.2754166666666666
2015-11-14 00:00:00 UTC,307,1234,412427176,3.4575
2015-11-14 00:00:00 UTC,307,1232,412432296,19.317499999999995
2015-11-14 00:00:00 UTC,307,1232,412432555,6.6983333333333341
2015-11-14 00:00:00 UTC,307,1228,412428462,6.5893055555555549
2015-11-14 00:00:00 UTC,307,1227,412428462,1.4129166666666664
2015-11-14 00:00:00 UTC,307,1217,412370862,0.63916666666666666
2015-11-14 00:00:00 UTC,307,1231,412423601,17.577777777777779
2015-11-14 00:00:00 UTC,307,1228,412428209,6.8181944444444449
2015-11-14 00:00:00 UTC,307,1218,412370865,23.607499999999998
2015-11-14 00:00:00 UTC,307,1228,412428211,13.619166666666665
2015-11-14 00:00:00 UTC,307,1228,412428212,14.123333333333337
2015-11-14 00:00:00 UTC,307,1228,412428213,14.952083333333336
2015-11-14 00:00:00 UTC,307,1230,412428469,18.05736111111111
2015-11-14 00:00:00 UTC,307,1228,412428727,6.8819444444444438
2015-11-14 00:00:00 UTC,307,1228,412428216,14.90958333333333
2015-11-14 00:00:00 UTC,307,1228,412428217,14.879444444444443
2015-11-14 00:00:00 UTC,307,1228,412428218,7.0658333333333312
2015-11-14 00:00:00 UTC,307,1228,412428222,13.293472222222221
2015-11-14 00:00:00 UTC,307,1232,412432574,3.2744444444444447
2015-11-14 00:00:00 UTC,307,1232,412433342,1.5438888888888891
2015-11-14 00:00:00 UTC,307,1233,412433342,2.6356944444444448
2015-11-14 00:00:00 UTC,307,1232,412432319,7.7097222222222221
2015-11-14 00:00:00 UTC,307,1231,412432319,0.19277777777777777
2015-11-14 00:00:00 UTC,307,1228,412428225,11.792916666666667
2015-11-14 00:00:00 UTC,307,1231,412423106,2.8200000000000003
2015-11-14 00:00:00 UTC,307,1228,412428226,17.801805555555557
2015-11-14 00:00:00 UTC,307,1227,412428227,0.90291666666666659
2015-11-14 00:00:00 UTC,307,1228,412428227,6.39625
2015-11-14 00:00:00 UTC,307,1232,412430531,21.070416666666663
2015-11-14 00:00:00 UTC,307,1232,412441283,4.41625
2015-11-14 00:00:00 UTC,307,1233,412441283,2.7811111111111111
2015-11-14 00:00:00 UTC,307,1228,412428229,6.340694444444444
2015-11-14 00:00:00 UTC,307,1232,412432069,20.122361111111115
2015-11-14 00:00:00 UTC,307,1232,412400069,1.9523611111111112
2015-11-14 00:00:00 UTC,307,1227,412428489,1.4027777777777777
2015-11-14 00:00:00 UTC,307,1228,412428489,11.90458333333333
2015-11-14 00:00:00 UTC,307,1227,413560012,4.9041666666666659
2015-11-14 00:00:00 UTC,307,1229,413560012,2.2129166666666666
2015-11-14 00:00:00 UTC,307,1228,412428237,12.063194444444449
2015-11-14 00:00:00 UTC,307,1231,412432846,10.416666666666666
2015-11-14 00:00:00 UTC,307,1232,412432846,0.71166666666666667
2015-11-14 00:00:00 UTC,307,1232,412432337,25.050277777777779
2015-11-14 00:00:00 UTC,307,1229,412425172,0.5790277777777777
2015-11-14 00:00:00 UTC,307,1231,413408980,8.44125
2015-11-14 00:00:00 UTC,307,1232,412410842,2.2698611111111111
2015-11-14 00:00:00 UTC,307,1232,412860891,6.9501388888888895
2015-11-14 00:00:00 UTC,307,1230,412439517,22.390694444444442
2015-11-14 00:00:00 UTC,307,1231,412428258,12.272916666666667
2015-11-14 00:00:00 UTC,307,1231,412428259,9.85888888888889
2015-11-14 00:00:00 UTC,307,1232,412432611,12.64722222222222
2015-11-14 00:00:00 UTC,307,1231,412428262,3.0309722222222222
2015-11-14 00:00:00 UTC,307,1231,412428265,13.612777777777776
2015-11-14 00:00:00 UTC,307,1232,412432873,24.445694444444445
2015-11-14 00:00:00 UTC,307,1231,412428266,10.266666666666666
2015-11-14 00:00:00 UTC,307,1226,412428268,3.4698611111111113
2015-11-14 00:00:00 UTC,307,1232,412433132,7.559444444444444
2015-11-14 00:00:00 UTC,307,1231,412432878,5.9898611111111109
2015-11-14 00:00:00 UTC,307,1231,412428272,7.612222222222222
2015-11-14 00:00:00 UTC,307,1232,412432881,9.3233333333333341
2015-11-14 00:00:00 UTC,307,1228,412428023,13.84041666666667
2015-11-14 00:00:00 UTC,307,1228,200005368,0.27944444444444444
2015-11-14 00:00:00 UTC,307,1227,200005368,0.34944444444444445
2015-11-14 00:00:00 UTC,307,1232,413422073,1.216388888888889
2015-11-14 00:00:00 UTC,307,1231,413422073,4.1934722222222218
2015-11-14 00:00:00 UTC,307,1232,412432122,14.586944444444445
2015-11-14 00:00:00 UTC,307,1230,412432122,1.9941666666666666
2015-11-14 00:00:00 UTC,307,1231,412432122,12.138055555555557
2015-11-14 00:00:00 UTC,307,1231,412423419,16.741388888888885
2015-11-14 00:00:00 UTC,307,1230,412423419,1.5781944444444445
2015-11-14 00:00:00 UTC,307,1227,412428027,0.58736111111111111
2015-11-14 00:00:00 UTC,307,1228,412428027,5.7872222222222227
2015-11-14 00:00:00 UTC,307,1232,412432381,21.202222222222218
2015-11-14 00:00:00 UTC,307,1227,222222333,1.7879166666666666
2015-11-14 00:00:00 UTC,307,1228,412428031,6.4241666666666672
2015-11-14 00:00:00 UTC,563,-1618,366208000,1.23
2015-11-14 00:00:00 UTC,563,1463,273892100,0.6054166666666666
2015-11-14 00:00:00 UTC,563,1464,273892100,10.449722222222222
2015-11-14 00:00:00 UTC,563,1465,273898000,3.0629166666666667
2015-11-14 00:00:00 UTC,563,1464,273898000,4.8729166666666668
2015-11-14 00:00:00 UTC,563,69,205322000,0.29777777777777775
2015-11-14 00:00:00 UTC,563,68,205322000,0.89138888888888879
2015-11-14 00:00:00 UTC,563,-1666,366230550,0.16222222222222221
2015-11-14 00:00:00 UTC,563,-1664,366230550,1.6311111111111112
2015-11-14 00:00:00 UTC,563,-1665,366230550,0.11277777777777778
2015-11-14 00:00:00 UTC,563,-1669,366230550,0.33736111111111111
2015-11-14 00:00:00 UTC,563,-27,235108678,0.26680555555555552
2015-11-14 00:00:00 UTC,563,-27,235090787,0.92541666666666667
2015-11-14 00:00:00 UTC,563,1464,273561700,2.4016666666666668
2015-11-14 00:00:00 UTC,563,1465,273561700,4.8347222222222213
2015-11-14 00:00:00 UTC,563,-28,235097703,1.6129166666666666
2015-11-14 00:00:00 UTC,563,-27,235097703,0.26680555555555552
2015-11-14 00:00:00 UTC,563,-1666,366906730,2.3265277777777773
2015-11-14 00:00:00 UTC,563,-1668,366906730,4.0279166666666661
2015-11-14 00:00:00 UTC,563,1463,273826220,3.9562500000000003
2015-11-14 00:00:00 UTC,563,1464,273336810,1.2670833333333333
2015-11-14 00:00:00 UTC,563,-1636,366993150,10.173472222222221
2015-11-14 00:00:00 UTC,563,-1640,366993150,3.950972222222223
2015-11-14 00:00:00 UTC,563,-1637,366993150,6.2976388888888888
2015-11-14 00:00:00 UTC,563,-1635,366993150,0.45958333333333334
2015-11-14 00:00:00 UTC,819,392,231053000,0.84319444444444447
2015-11-14 00:00:00 UTC,-461,-659,701006385,0.84597222222222213
2015-11-14 00:00:00 UTC,-461,-603,412331073,9.0208333333333321
2015-11-14 00:00:00 UTC,-461,-649,701000651,0.77930555555555558
2015-11-14 00:00:00 UTC,-461,-603,412329685,0.751388888888889
2015-11-14 00:00:00 UTC,-461,-605,412329686,1.7152777777777777
2015-11-14 00:00:00 UTC,-461,-595,412329691,3.6044444444444439
2015-11-14 00:00:00 UTC,-461,-596,412329691,3.0273611111111114
2015-11-14 00:00:00 UTC,-461,-602,412329693,4.3391666666666673
2015-11-14 00:00:00 UTC,-461,-601,412329693,0.775
2015-11-14 00:00:00 UTC,-461,-602,412329694,4.1526388888888892
2015-11-14 00:00:00 UTC,-205,1715,413322760,1.8948611111111113
2015-11-14 00:00:00 UTC,-205,-1208,412400154,1.6779166666666667
2015-11-14 00:00:00 UTC,-205,370,431444000,1.4034722222222222
2015-11-14 00:00:00 UTC,-205,1780,520116000,0.86138888888888887
2015-11-14 00:00:00 UTC,-205,1742,520020000,2.0511111111111111
2015-11-14 00:00:00 UTC,-205,1738,520020000,5.4119444444444449
2015-11-14 00:00:00 UTC,-205,1741,520020000,5.2273611111111116
2015-11-14 00:00:00 UTC,-205,1711,441219875,2.0518055555555552
2015-11-14 00:00:00 UTC,-205,1712,441219875,4.4997222222222231
2015-11-14 00:00:00 UTC,-205,-1269,416211600,1.1165277777777778
2015-11-14 00:00:00 UTC,-205,-1268,416211600,2.7976388888888888
2015-11-14 00:00:00 UTC,-205,-1273,416211600,6.5212500000000011
2015-11-14 00:00:00 UTC,-205,-1270,416211600,0.91194444444444445
2015-11-14 00:00:00 UTC,-205,-1271,416211600,1.5818055555555555
2015-11-14 00:00:00 UTC,-205,-1272,416211600,1.3131944444444443
2015-11-14 00:00:00 UTC,-205,1714,413322680,4.8190277777777775
2015-11-14 00:00:00 UTC,-205,1713,413322680,4.4915277777777778
2015-11-14 00:00:00 UTC,52,-40,224405000,0.13791666666666666
2015-11-14 00:00:00 UTC,52,-521,745000500,1.2061111111111111
2015-11-14 00:00:00 UTC,52,1685,412699570,0.57541666666666669
2015-11-14 00:00:00 UTC,308,1227,412428037,0.27888888888888885
2015-11-14 00:00:00 UTC,308,1227,412428041,5.8999999999999995
2015-11-14 00:00:00 UTC,308,1228,412428041,0.58291666666666664
2015-11-14 00:00:00 UTC,308,1228,412428045,2.9590277777777776
2015-11-14 00:00:00 UTC,308,1227,412428815,3.7055555555555553
2015-11-14 00:00:00 UTC,308,1228,412428815,2.9393055555555554
2015-11-14 00:00:00 UTC,308,1232,412435217,8.1379166666666674
2015-11-14 00:00:00 UTC,308,1228,412413975,5.0713888888888885
2015-11-14 00:00:00 UTC,308,1228,412428056,4.0294444444444446
2015-11-14 00:00:00 UTC,308,1227,412428056,0.57902777777777781
2015-11-14 00:00:00 UTC,308,1233,412427293,5.953333333333334
2015-11-14 00:00:00 UTC,308,1229,412413215,2.2873611111111112
2015-11-14 00:00:00 UTC,308,1228,412427809,3.1936111111111112
2015-11-14 00:00:00 UTC,308,1227,412427809,0.5905555555555555
2015-11-14 00:00:00 UTC,308,1230,412428577,9.41666666666667
2015-11-14 00:00:00 UTC,308,1228,412428066,2.4412499999999997
2015-11-14 00:00:00 UTC,308,1228,412427811,3.4441666666666664
2015-11-14 00:00:00 UTC,308,1228,412428068,4.97625
2015-11-14 00:00:00 UTC,308,1228,412428075,1.402638888888889
2015-11-14 00:00:00 UTC,308,1227,412428075,4.5379166666666659
2015-11-14 00:00:00 UTC,308,1228,412428076,2.7656944444444447
2015-11-14 00:00:00 UTC,308,1230,412427053,0.89486111111111111
2015-11-14 00:00:00 UTC,308,1228,412427822,2.9980555555555553
2015-11-14 00:00:00 UTC,308,1228,412427823,2.99875
2015-11-14 00:00:00 UTC,308,1228,412428081,0.5870833333333334
2015-11-14 00:00:00 UTC,308,1227,412428081,3.9722222222222223
2015-11-14 00:00:00 UTC,308,1228,412428082,2.464722222222222
2015-11-14 00:00:00 UTC,308,1224,412423987,0.64166666666666672
2015-11-14 00:00:00 UTC,308,1231,412427059,10.643888888888888
2015-11-14 00:00:00 UTC,308,1227,412428083,4.0593055555555555
2015-11-14 00:00:00 UTC,308,1228,412428083,2.0897222222222225
2015-11-14 00:00:00 UTC,308,1228,412428084,2.2313888888888886
2015-11-14 00:00:00 UTC,308,1227,412428086,3.9251388888888896
2015-11-14 00:00:00 UTC,308,1228,412428086,1.2952777777777778
2015-11-14 00:00:00 UTC,308,1228,412428089,3.2088888888888891
2015-11-14 00:00:00 UTC,308,1234,412437817,3.1009722222222225
2015-11-14 00:00:00 UTC,308,1226,412428602,4.4984722222222215
2015-11-14 00:00:00 UTC,308,1228,412428858,0.59916666666666663
2015-11-14 00:00:00 UTC,308,1227,412428858,3.3409722222222218
2015-11-14 00:00:00 UTC,308,1227,412428091,2.0875
2015-11-14 00:00:00 UTC,308,1228,412428091,1.7074999999999998
2015-11-14 00:00:00 UTC,308,-424,224101950,2.6256944444444441
2015-11-14 00:00:00 UTC,308,1228,412428096,5.5611111111111118
2015-11-14 00:00:00 UTC,308,1228,412428097,6.7558333333333334
2015-11-14 00:00:00 UTC,308,1227,412428866,3.1363888888888889
2015-11-14 00:00:00 UTC,308,1228,412428099,4.6755555555555555
2015-11-14 00:00:00 UTC,308,1233,412412483,1.7316666666666667
2015-11-14 00:00:00 UTC,308,1228,412428101,3.379861111111111
2015-11-14 00:00:00 UTC,308,1230,412428869,4.6259722222222219
2015-11-14 00:00:00 UTC,308,1228,412428103,3.017638888888889
2015-11-14 00:00:00 UTC,308,1227,412427848,4.7001388888888886
2015-11-14 00:00:00 UTC,308,-407,224253000,1.8273611111111112
2015-11-14 00:00:00 UTC,308,1228,412428105,3.7511111111111104
2015-11-14 00:00:00 UTC,308,1230,412427084,7.8793055555555558
2015-11-14 00:00:00 UTC,308,1227,412428108,0.60333333333333328
2015-11-14 00:00:00 UTC,308,1228,412428108,6.1515277777777779
2015-11-14 00:00:00 UTC,308,1231,412426063,4.5716666666666672
2015-11-14 00:00:00 UTC,308,1232,412426063,4.24125
2015-11-14 00:00:00 UTC,308,1228,412428111,3.9458333333333333
2015-11-14 00:00:00 UTC,308,1227,412428114,7.6752777777777776
2015-11-14 00:00:00 UTC,308,1228,412428114,0.64111111111111119
2015-11-14 00:00:00 UTC,308,1227,412428116,0.30374999999999996
2015-11-14 00:00:00 UTC,308,1228,412428116,5.6826388888888895
2015-11-14 00:00:00 UTC,308,1231,412427093,18.434861111111108
2015-11-14 00:00:00 UTC,308,1228,412428119,2.2118055555555554
2015-11-14 00:00:00 UTC,308,1228,412428375,3.2640277777777778
2015-11-14 00:00:00 UTC,308,1227,412428121,4.3481944444444434
2015-11-14 00:00:00 UTC,308,1228,412428121,1.1155555555555554
2015-11-14 00:00:00 UTC,308,1230,412427866,5.0102777777777785
2015-11-14 00:00:00 UTC,308,1228,412428122,5.2425
2015-11-14 00:00:00 UTC,308,1234,412436571,6.079305555555556
2015-11-14 00:00:00 UTC,308,1228,412428126,1.902638888888889
2015-11-14 00:00:00 UTC,308,1227,412428126,1.5074999999999998
2015-11-14 00:00:00 UTC,308,1228,412428639,2.2694444444444448
2015-11-14 00:00:00 UTC,308,1228,412428129,2.4868055555555557
2015-11-14 00:00:00 UTC,308,1227,412428129,1.444722222222222
2015-11-14 00:00:00 UTC,308,1226,412428642,1.1320833333333333
2015-11-14 00:00:00 UTC,308,1224,412428643,7.2977777777777773
2015-11-14 00:00:00 UTC,308,1225,412428643,6.3015277777777783
2015-11-14 00:00:00 UTC,308,1228,412428132,3.2851388888888886
2015-11-14 00:00:00 UTC,308,1228,412428389,3.3893055555555547
2015-11-14 00:00:00 UTC,308,1227,412428391,0.55305555555555552
2015-11-14 00:00:00 UTC,308,1228,412428391,1.4023611111111109
2015-11-14 00:00:00 UTC,308,1228,412428393,3.1720833333333331
2015-11-14 00:00:00 UTC,308,1227,412428138,2.0956944444444443
2015-11-14 00:00:00 UTC,308,1227,412428139,2.1608333333333332
2015-11-14 00:00:00 UTC,308,1228,412428139,0.42013888888888884
2015-11-14 00:00:00 UTC,308,1228,412428395,0.85375
2015-11-14 00:00:00 UTC,308,1227,412428395,3.8876388888888886
2015-11-14 00:00:00 UTC,308,1233,412412267,2.4148611111111111
2015-11-14 00:00:00 UTC,308,1234,412412267,2.0573611111111112
2015-11-14 00:00:00 UTC,308,1227,412428141,11.208888888888891
2015-11-14 00:00:00 UTC,308,1227,412428397,3.6633333333333331
2015-11-14 00:00:00 UTC,308,1228,412428398,4.762083333333333
2015-11-14 00:00:00 UTC,308,1227,412428143,4.6868055555555559
2015-11-14 00:00:00 UTC,308,1227,412428145,5.8997222222222225
2015-11-14 00:00:00 UTC,308,1226,412428145,0.990138888888889
2015-11-14 00:00:00 UTC,308,1228,412428145,1.1675
2015-11-14 00:00:00 UTC,308,1227,412428146,1.423888888888889
2015-11-14 00:00:00 UTC,308,1228,412428146,1.0243055555555556
2015-11-14 00:00:00 UTC,308,1227,412428147,7.2348611111111127
2015-11-14 00:00:00 UTC,308,1228,412428403,0.87319444444444438
2015-11-14 00:00:00 UTC,308,1227,412428403,2.9772222222222218
2015-11-14 00:00:00 UTC,308,1228,412428148,2.5780555555555562
2015-11-14 00:00:00 UTC,308,1224,412428405,2.3940277777777776
2015-11-14 00:00:00 UTC,308,1226,412428664,0.31638888888888889
2015-11-14 00:00:00 UTC,308,1225,412428664,2.475
2015-11-14 00:00:00 UTC,308,1227,412428153,3.1402777777777775
2015-11-14 00:00:00 UTC,308,1226,412427898,4.3025
2015-11-14 00:00:00 UTC,308,1227,412428154,6.7508333333333326
2015-11-14 00:00:00 UTC,308,1228,412428156,0.56597222222222221
2015-11-14 00:00:00 UTC,308,1227,412428156,5.4629166666666675
2015-11-14 00:00:00 UTC,308,1228,412428158,2.5530555555555559
2015-11-14 00:00:00 UTC,308,1227,412428158,1.5727777777777778
2015-11-14 00:00:00 UTC,308,1227,412428162,8.4202777777777786
2015-11-14 00:00:00 UTC,308,1228,412428162,1.3490277777777777
2015-11-14 00:00:00 UTC,308,1227,412428163,5.7986111111111107
2015-11-14 00:00:00 UTC,308,1233,412428164,0.27458333333333335
2015-11-14 00:00:00 UTC,308,1232,412428164,0.57416666666666671
2015-11-14 00:00:00 UTC,308,1233,220000389,3.9477777777777776
2015-11-14 00:00:00 UTC,308,1228,412428166,1.7744444444444447
2015-11-14 00:00:00 UTC,308,1226,412428679,18.756249999999998
2015-11-14 00:00:00 UTC,308,1227,412428168,2.9254166666666661
2015-11-14 00:00:00 UTC,308,1228,412428426,4.7080555555555561
2015-11-14 00:00:00 UTC,308,1227,412428426,0.33736111111111111
2015-11-14 00:00:00 UTC,308,1229,412411018,0.97402777777777771
2015-11-14 00:00:00 UTC,308,1228,412411018,1.1925
2015-11-14 00:00:00 UTC,308,1227,412428173,7.0893055555555557
2015-11-14 00:00:00 UTC,308,1228,412428173,0.2951388888888889
2015-11-14 00:00:00 UTC,308,1228,412428685,3.1890277777777776
2015-11-14 00:00:00 UTC,308,1228,412413073,5.121666666666667
2015-11-14 00:00:00 UTC,308,1233,412427154,7.2897222222222222
2015-11-14 00:00:00 UTC,308,1227,412428179,6.5569444444444445
2015-11-14 00:00:00 UTC,308,1227,412428181,5.0012499999999989
2015-11-14 00:00:00 UTC,308,1228,412428181,0.59458333333333335
2015-11-14 00:00:00 UTC,308,1227,412428186,12.468055555555555
2015-11-14 00:00:00 UTC,308,1223,412411037,4.5541666666666663
2015-11-14 00:00:00 UTC,308,1224,412411037,1.7968055555555553
2015-11-14 00:00:00 UTC,308,1228,412413343,3.98375
2015-11-14 00:00:00 UTC,308,1232,412427176,0.58777777777777773
2015-11-14 00:00:00 UTC,308,1233,412427176,14.860972222222223
2015-11-14 00:00:00 UTC,308,1224,412411048,1.0951388888888889
2015-11-14 00:00:00 UTC,308,1223,412411048,2.7873611111111112
2015-11-14 00:00:00 UTC,308,1233,412436141,0.30833333333333335
2015-11-14 00:00:00 UTC,308,1227,412428462,3.70625
2015-11-14 00:00:00 UTC,308,1228,412428209,2.2347222222222221
2015-11-14 00:00:00 UTC,308,1228,412428211,6.14111111111111
2015-11-14 00:00:00 UTC,308,1228,412428212,5.2422222222222219
2015-11-14 00:00:00 UTC,308,1228,412428213,0.97805555555555557
2015-11-14 00:00:00 UTC,308,1228,412428727,3.6012500000000003
2015-11-14 00:00:00 UTC,308,1228,412428216,3.6220833333333333
2015-11-14 00:00:00 UTC,308,1227,412428216,0.32458333333333333
2015-11-14 00:00:00 UTC,308,1228,412428217,3.36375
2015-11-14 00:00:00 UTC,308,1234,412438201,1.8494444444444444
2015-11-14 00:00:00 UTC,308,1228,412428218,0.29097222222222219
2015-11-14 00:00:00 UTC,308,1227,412428218,5.5909722222222218
2015-11-14 00:00:00 UTC,308,1227,412428222,1.3083333333333331
2015-11-14 00:00:00 UTC,308,1228,412428222,4.0829166666666659
2015-11-14 00:00:00 UTC,308,1226,412428736,3.6962499999999996
2015-11-14 00:00:00 UTC,308,1228,412428225,4.5494444444444442
2015-11-14 00:00:00 UTC,308,1228,412428226,3.4437499999999996
2015-11-14 00:00:00 UTC,308,1227,412428227,4.5697222222222225
2015-11-14 00:00:00 UTC,308,1227,412428229,3.0186111111111109
2015-11-14 00:00:00 UTC,308,1228,412428229,0.92875000000000008
2015-11-14 00:00:00 UTC,308,1228,412428489,0.87819444444444428
2015-11-14 00:00:00 UTC,308,1227,412428489,4.5388888888888879
2015-11-14 00:00:00 UTC,308,1228,412413386,8.4658333333333324
2015-11-14 00:00:00 UTC,308,1229,412413386,1.1965277777777779
2015-11-14 00:00:00 UTC,308,1228,412413387,9.63125
2015-11-14 00:00:00 UTC,308,1229,412413387,1.2468055555555557
2015-11-14 00:00:00 UTC,308,1227,412428237,1.7941666666666667
2015-11-14 00:00:00 UTC,308,1228,412428237,4.1213888888888892
2015-11-14 00:00:00 UTC,308,1229,412411346,1.9434722222222223
2015-11-14 00:00:00 UTC,308,1228,412413395,7.10125
2015-11-14 00:00:00 UTC,308,1229,412425172,0.752361111111111
2015-11-14 00:00:00 UTC,308,1225,412428501,2.722777777777778
2015-11-14 00:00:00 UTC,308,1234,412436441,7.5081944444444453
2015-11-14 00:00:00 UTC,308,1224,412428506,0.30347222222222225
2015-11-14 00:00:00 UTC,308,1234,412437986,4.2009722222222221
2015-11-14 00:00:00 UTC,308,1229,412413154,3.4938888888888888
2015-11-14 00:00:00 UTC,308,1228,412428023,4.9634722222222214
2015-11-14 00:00:00 UTC,308,1228,200005368,0.73305555555555557
2015-11-14 00:00:00 UTC,308,1229,200005368,1.3538888888888889
2015-11-14 00:00:00 UTC,308,1227,412428027,3.9333333333333331
2015-11-14 00:00:00 UTC,308,1228,412428027,0.27444444444444444
2015-11-14 00:00:00 UTC,308,1228,412428031,3.7793055555555557
2015-11-14 00:00:00 UTC,564,-1619,366208000,3.91361111111111
2015-11-14 00:00:00 UTC,564,-1617,366208000,6.7602777777777785
2015-11-14 00:00:00 UTC,564,-1618,366208000,3.1652777777777774
2015-11-14 00:00:00 UTC,564,-1616,366208000,4.5226388888888893
2015-11-14 00:00:00 UTC,564,-1639,367045260,5.4461111111111125
2015-11-14 00:00:00 UTC,564,-1638,367045260,0.07888888888888887
2015-11-14 00:00:00 UTC,564,-1637,367045260,0.77125
2015-11-14 00:00:00 UTC,564,-1687,367094420,2.4009722222222223
2015-11-14 00:00:00 UTC,564,-55,235006100,4.3123611111111106
2015-11-14 00:00:00 UTC,564,-56,235006100,4.4065277777777778
2015-11-14 00:00:00 UTC,564,-93,226105000,10.79111111111111
2015-11-14 00:00:00 UTC,564,-1634,367154100,10.675277777777779
2015-11-14 00:00:00 UTC,564,-1636,367154100,1.32875
2015-11-14 00:00:00 UTC,564,-1635,367154100,5.8926388888888885
2015-11-14 00:00:00 UTC,564,167,261002420,4.7822222222222219
2015-11-14 00:00:00 UTC,564,-1637,303457000,2.4924999999999997
2015-11-14 00:00:00 UTC,564,-1636,303457000,2.2006944444444443
2015-11-14 00:00:00 UTC,820,401,231053000,1.5220833333333332
2015-11-14 00:00:00 UTC,820,400,231053000,1.569722222222222
2015-11-14 00:00:00 UTC,820,397,231053000,3.2568055555555553
2015-11-14 00:00:00 UTC,820,403,231053000,2.3288888888888888
2015-11-14 00:00:00 UTC,820,405,231053000,0.762361111111111
2015-11-14 00:00:00 UTC,820,406,231053000,0.87444444444444436
2015-11-14 00:00:00 UTC,820,395,231053000,1.9815277777777776
2015-11-14 00:00:00 UTC,820,407,231053000,1.5243055555555556
2015-11-14 00:00:00 UTC,820,394,231053000,0.79986111111111113
2015-11-14 00:00:00 UTC,820,402,231053000,1.6115277777777779
2015-11-14 00:00:00 UTC,820,399,231053000,2.3705555555555557
2015-11-14 00:00:00 UTC,820,392,231053000,0.75138888888888888
2015-11-14 00:00:00 UTC,820,396,231053000,2.0338888888888889
2015-11-14 00:00:00 UTC,820,398,231053000,1.5472222222222221
2015-11-14 00:00:00 UTC,-460,-605,412329686,0.95861111111111108
2015-11-14 00:00:00 UTC,-460,-606,412329686,0.78472222222222221
2015-11-14 00:00:00 UTC,-460,-602,412329691,1.1751388888888887
2015-11-14 00:00:00 UTC,-460,-600,412329693,0.69305555555555554
2015-11-14 00:00:00 UTC,-460,-601,412329693,3.3447222222222224
2015-11-14 00:00:00 UTC,-460,-602,412329693,0.3125
2015-11-14 00:00:00 UTC,-460,-602,412329694,1.5043055555555558
2015-11-14 00:00:00 UTC,-460,-603,412329696,13.502638888888889
2015-11-14 00:00:00 UTC,-204,1713,413322760,5.2099999999999991
2015-11-14 00:00:00 UTC,-204,-1209,412400154,2.7930555555555556
2015-11-14 00:00:00 UTC,-204,370,431444000,0.35250000000000004
2015-11-14 00:00:00 UTC,-204,369,431444000,1.0401388888888889
2015-11-14 00:00:00 UTC,-204,1745,520020000,4.8102777777777774
2015-11-14 00:00:00 UTC,-204,1710,441219875,5.1722222222222216
2015-11-14 00:00:00 UTC,-204,1762,520083000,4.6709722222222227
2015-11-14 00:00:00 UTC,-204,-1223,576678000,1.8754166666666667
2015-11-14 00:00:00 UTC,-204,-1227,576678000,1.6322222222222216
2015-11-14 00:00:00 UTC,-204,-1225,576678000,0.60527777777777791
2015-11-14 00:00:00 UTC,-204,-1224,576678000,1.3351388888888889
2015-11-14 00:00:00 UTC,-204,-1226,576678000,0.7416666666666667
2015-11-14 00:00:00 UTC,-204,553,660001400,1.3416666666666668
2015-11-14 00:00:00 UTC,-204,555,660001400,2.1523611111111114
2015-11-14 00:00:00 UTC,-204,554,660001400,0.74027777777777781
2015-11-14 00:00:00 UTC,-204,556,660001400,4.0970833333333339
2015-11-14 00:00:00 UTC,-204,1714,413322680,1.6941666666666666
2015-11-14 00:00:00 UTC,-204,1713,413322680,6.4651388888888883
2015-11-14 00:00:00 UTC,53,1684,412699570,0.037500000000000006
2015-11-14 00:00:00 UTC,53,1685,412699570,0.72625000000000006
2015-11-14 00:00:00 UTC,309,1227,412428037,4.0915277777777774
2015-11-14 00:00:00 UTC,309,1225,412428814,0.96472222222222226
2015-11-14 00:00:00 UTC,309,1226,412428814,4.2216666666666667
2015-11-14 00:00:00 UTC,309,1229,412413215,2.1936111111111112
2015-11-14 00:00:00 UTC,309,1229,412427053,0.29180555555555554
2015-11-14 00:00:00 UTC,309,1230,412427053,19.152361111111112
2015-11-14 00:00:00 UTC,309,-349,224101940,0.67527777777777775
2015-11-14 00:00:00 UTC,309,-346,224101940,0.55277777777777781
2015-11-14 00:00:00 UTC,309,-347,224101940,1.3263888888888888
2015-11-14 00:00:00 UTC,309,-350,224101940,0.69541666666666657
2015-11-14 00:00:00 UTC,309,-348,224101940,1.3205555555555555
2015-11-14 00:00:00 UTC,309,1233,412437817,1.0490277777777779
2015-11-14 00:00:00 UTC,309,1234,412437817,10.729444444444445
2015-11-14 00:00:00 UTC,309,1226,412428602,3.5470833333333336
2015-11-14 00:00:00 UTC,309,-423,224101950,1.2609722222222222
2015-11-14 00:00:00 UTC,309,-422,224101950,0.65513888888888894
2015-11-14 00:00:00 UTC,309,1233,412412483,2.6390277777777778
2015-11-14 00:00:00 UTC,309,1234,412412483,3.0718055555555557
2015-11-14 00:00:00 UTC,309,1234,412437062,3.75
2015-11-14 00:00:00 UTC,309,1233,412437062,11.204722222222221
2015-11-14 00:00:00 UTC,309,1228,412400202,0.69833333333333336
2015-11-14 00:00:00 UTC,309,1230,412427084,2.2301388888888889
2015-11-14 00:00:00 UTC,309,1233,412437071,12.36888888888889
2015-11-14 00:00:00 UTC,309,1231,412427093,2.0191666666666666
2015-11-14 00:00:00 UTC,309,1233,412436571,0.84972222222222216
2015-11-14 00:00:00 UTC,309,1234,412436571,18.250277777777775
2015-11-14 00:00:00 UTC,309,1226,412428642,3.1304166666666671
2015-11-14 00:00:00 UTC,309,-364,224241000,1.7026388888888888
2015-11-14 00:00:00 UTC,309,-365,224241000,0.48069444444444442
2015-11-14 00:00:00 UTC,309,1224,412413037,6.4899999999999984
2015-11-14 00:00:00 UTC,309,1225,412413037,3.4880555555555559
2015-11-14 00:00:00 UTC,309,1226,412428145,0.59555555555555562
2015-11-14 00:00:00 UTC,309,1225,412428405,4.7615277777777782
2015-11-14 00:00:00 UTC,309,1224,412428405,7.90861111111111
2015-11-14 00:00:00 UTC,309,1226,412428664,7.0291666666666659
2015-11-14 00:00:00 UTC,309,1231,412420475,1.4941666666666666
2015-11-14 00:00:00 UTC,309,1226,412413315,0.8783333333333333
2015-11-14 00:00:00 UTC,309,1228,412413073,9.8065277777777791
2015-11-14 00:00:00 UTC,309,1228,412413343,10.363055555555553
2015-11-14 00:00:00 UTC,309,1233,412427176,3.7784722222222222
2015-11-14 00:00:00 UTC,309,1223,412411048,0.41972222222222222
2015-11-14 00:00:00 UTC,309,1233,412436141,11.704444444444444
2015-11-14 00:00:00 UTC,309,1231,412425911,1.7933333333333334
2015-11-14 00:00:00 UTC,309,1233,412438199,19.442916666666669
2015-11-14 00:00:00 UTC,309,1226,412428736,6.2427777777777766
2015-11-14 00:00:00 UTC,309,1225,412423109,4.8484722222222221
2015-11-14 00:00:00 UTC,309,1226,412428485,5.9651388888888883
2015-11-14 00:00:00 UTC,309,1227,412428485,0.31180555555555556
2015-11-14 00:00:00 UTC,309,1229,412413386,1.5543055555555556
2015-11-14 00:00:00 UTC,309,1228,412413386,4.2925
2015-11-14 00:00:00 UTC,309,1228,412413387,3.5347222222222223
2015-11-14 00:00:00 UTC,309,1229,412413387,3.2151388888888892
2015-11-14 00:00:00 UTC,309,1228,412413395,5.1323611111111109
2015-11-14 00:00:00 UTC,309,1225,412428501,2.598611111111111
2015-11-14 00:00:00 UTC,309,1226,412428501,4.6797222222222228
2015-11-14 00:00:00 UTC,309,1234,412436441,1.82625
2015-11-14 00:00:00 UTC,309,1224,412428506,13.831944444444442
2015-11-14 00:00:00 UTC,309,-128,204236000,22.401666666666657
2015-11-14 00:00:00 UTC,309,-129,204236000,0.76069444444444456
2015-11-14 00:00:00 UTC,309,1224,412411362,14.100972222222225
2015-11-14 00:00:00 UTC,309,1229,412413154,1.2333333333333334
2015-11-14 00:00:00 UTC,309,1227,412422375,5.1558333333333337
2015-11-14 00:00:00 UTC,309,1225,412413164,6.2801388888888878
2015-11-14 00:00:00 UTC,309,1224,412413164,3.0516666666666663
2015-11-14 00:00:00 UTC,309,1234,412436206,1.0222222222222221
2015-11-14 00:00:00 UTC,309,1234,413412345,4.1838888888888892
2015-11-14 00:00:00 UTC,309,1233,413412345,0.51291666666666669
2015-11-14 00:00:00 UTC,565,-1617,366208000,0.71638888888888885
2015-11-14 00:00:00 UTC,565,1476,273417010,0.80722222222222229
2015-11-14 00:00:00 UTC,565,-1686,367094420,4.115555555555555
2015-11-14 00:00:00 UTC,565,-1688,367094420,2.6169444444444445
2015-11-14 00:00:00 UTC,565,-1690,367094420,3.938333333333333
2015-11-14 00:00:00 UTC,565,-1689,367094420,0.6876388888888888
2015-11-14 00:00:00 UTC,565,-1687,367094420,4.8427777777777781
2015-11-14 00:00:00 UTC,565,-55,235006100,0.25819444444444445
2015-11-14 00:00:00 UTC,565,-1634,367154100,2.1077777777777778
2015-11-14 00:00:00 UTC,565,-1635,367154100,1.40375
2015-11-14 00:00:00 UTC,565,-1633,367154100,1.6218055555555555
2015-11-14 00:00:00 UTC,565,-1639,303457000,0.86819444444444449
2015-11-14 00:00:00 UTC,565,-1636,303457000,2.3919444444444444
2015-11-14 00:00:00 UTC,565,-1637,303457000,2.3091666666666661
2015-11-14 00:00:00 UTC,-459,-605,412329686,1.9718055555555558
2015-11-14 00:00:00 UTC,-459,-607,412329686,1.6441666666666666
2015-11-14 00:00:00 UTC,-459,-606,412329686,2.72625
2015-11-14 00:00:00 UTC,-459,-602,412329687,3.0202777777777774
2015-11-14 00:00:00 UTC,-459,-602,412329691,1.143888888888889
2015-11-14 00:00:00 UTC,-459,-602,412329693,1.3179166666666666
2015-11-14 00:00:00 UTC,-459,-601,412329694,0.78125
2015-11-14 00:00:00 UTC,-459,-602,412329694,0.512361111111111
2015-11-14 00:00:00 UTC,-203,1712,413322760,2.0611111111111113
2015-11-14 00:00:00 UTC,-203,-1212,412400154,2.5552777777777775
2015-11-14 00:00:00 UTC,-203,369,431444000,1.1522222222222223
2015-11-14 00:00:00 UTC,-203,1780,520116000,5.4379166666666672
2015-11-14 00:00:00 UTC,-203,1761,520083000,6.0038888888888886
2015-11-14 00:00:00 UTC,-203,595,416002407,5.4659722222222218
2015-11-14 00:00:00 UTC,-203,-1228,576678000,3.0066666666666664
2015-11-14 00:00:00 UTC,-203,553,660001400,1.0223611111111113
2015-11-14 00:00:00 UTC,-203,552,660001400,0.13180555555555556
2015-11-14 00:00:00 UTC,-203,556,660001400,0.18319444444444444
2015-11-14 00:00:00 UTC,-203,554,660001400,0.20986111111111111
2015-11-14 00:00:00 UTC,-203,555,660001400,3.6216666666666666
2015-11-14 00:00:00 UTC,-203,1713,413322680,5.2516666666666669
2015-11-14 00:00:00 UTC,-203,1714,413322680,1.8568055555555556
2015-11-14 00:00:00 UTC,54,1663,412658750,3.0505555555555555
2015-11-14 00:00:00 UTC,54,1661,412658750,1.7686111111111107
2015-11-14 00:00:00 UTC,54,1699,412699510,2.7552777777777777
2015-11-14 00:00:00 UTC,54,1697,412699510,1.0802777777777779
2015-11-14 00:00:00 UTC,54,1698,412699510,1.2059722222222222
2015-11-14 00:00:00 UTC,54,1684,412699570,0.69624999999999992
2015-11-14 00:00:00 UTC,54,0,627999990,7.203611111111111
2015-11-14 00:00:00 UTC,310,1229,412400128,2.3373611111111106
2015-11-14 00:00:00 UTC,310,1228,412400128,2.1219444444444444
2015-11-14 00:00:00 UTC,310,1226,412421678,0.5461111111111111
2015-11-14 00:00:00 UTC,310,1225,412428592,3.9404166666666667
2015-11-14 00:00:00 UTC,310,-366,224101940,0.72236111111111112
2015-11-14 00:00:00 UTC,310,-364,224101940,3.16375
2015-11-14 00:00:00 UTC,310,-368,224101940,0.48638888888888887
2015-11-14 00:00:00 UTC,310,-349,224101940,0.68180555555555555
2015-11-14 00:00:00 UTC,310,-351,224101940,0.68597222222222221
2015-11-14 00:00:00 UTC,310,-352,224101940,1.3152777777777778
2015-11-14 00:00:00 UTC,310,-359,224101940,3.8580555555555556
2015-11-14 00:00:00 UTC,310,-365,224101940,0.72361111111111109
2015-11-14 00:00:00 UTC,310,-350,224101940,0.6529166666666667
2015-11-14 00:00:00 UTC,310,-367,224101940,0.79236111111111118
2015-11-14 00:00:00 UTC,310,-355,224101940,1.9002777777777777
2015-11-14 00:00:00 UTC,310,-358,224101940,2.007222222222222
2015-11-14 00:00:00 UTC,310,-421,224101950,1.7591666666666668
2015-11-14 00:00:00 UTC,310,1230,412427071,14.764166666666664
2015-11-14 00:00:00 UTC,310,1221,412985666,9.70888888888889
2015-11-14 00:00:00 UTC,310,-406,224253000,1.9422222222222223
2015-11-14 00:00:00 UTC,310,1228,412400202,1.2491666666666665
2015-11-14 00:00:00 UTC,310,1229,412427091,23.094722222222224
2015-11-14 00:00:00 UTC,310,1227,412413277,12.321388888888889
2015-11-14 00:00:00 UTC,310,-365,224241000,0.33902777777777782
2015-11-14 00:00:00 UTC,310,-363,224241000,2.0723611111111113
2015-11-14 00:00:00 UTC,310,-366,224241000,0.72333333333333338
2015-11-14 00:00:00 UTC,310,1226,412413034,3.4858333333333333
2015-11-14 00:00:00 UTC,310,1224,412428405,4.8829166666666666
2015-11-14 00:00:00 UTC,310,1225,412428664,6.066527777777778
2015-11-14 00:00:00 UTC,310,1219,200008824,8.5859722222222228
2015-11-14 00:00:00 UTC,310,1231,412420475,7.7898611111111116
2015-11-14 00:00:00 UTC,310,1226,412413311,0.33291666666666664
2015-11-14 00:00:00 UTC,310,1227,412413311,16.673750000000002
2015-11-14 00:00:00 UTC,310,1226,412413315,10.834999999999997
2015-11-14 00:00:00 UTC,310,1227,412413315,2.2526388888888889
2015-11-14 00:00:00 UTC,310,1226,412413062,2.3748611111111115
2015-11-14 00:00:00 UTC,310,1227,412413062,10.740138888888888
2015-11-14 00:00:00 UTC,310,1226,412413328,8.1540277777777774
2015-11-14 00:00:00 UTC,310,1228,412413073,2.415
2015-11-14 00:00:00 UTC,310,1228,412413343,4.5715277777777779
2015-11-14 00:00:00 UTC,310,1224,412428724,2.7418055555555556
2015-11-14 00:00:00 UTC,310,1231,412425911,19.72
2015-11-14 00:00:00 UTC,310,1224,412428736,6.0822222222222226
2015-11-14 00:00:00 UTC,310,1227,412428484,21.792638888888888
2015-11-14 00:00:00 UTC,310,1226,412428485,1.9774999999999998
2015-11-14 00:00:00 UTC,310,1227,412428485,1.2941666666666667
2015-11-14 00:00:00 UTC,310,1228,412413386,2.0559722222222225
2015-11-14 00:00:00 UTC,310,1228,412413387,2.6591666666666667
2015-11-14 00:00:00 UTC,310,1226,412416975,5.785
2015-11-14 00:00:00 UTC,310,1227,412416975,0.56680555555555556
2015-11-14 00:00:00 UTC,310,1227,412413904,9.9050000000000011
2015-11-14 00:00:00 UTC,310,1226,412413905,5.63111111111111
2015-11-14 00:00:00 UTC,310,1228,412413395,3.9809722222222224
2015-11-14 00:00:00 UTC,310,1224,412428506,6.5443055555555549
2015-11-14 00:00:00 UTC,310,1225,412413153,0.82833333333333337
2015-11-14 00:00:00 UTC,310,1227,412422375,0.35513888888888889
2015-11-14 00:00:00 UTC,310,1224,412428778,4.6086111111111112
2015-11-14 00:00:00 UTC,566,202,277354000,0.78305555555555562
2015-11-14 00:00:00 UTC,566,-1674,366182680,0.81347222222222215
2015-11-14 00:00:00 UTC,566,-1675,366182680,1.4926388888888888
2015-11-14 00:00:00 UTC,566,-1523,367189280,0.648611111111111
2015-11-14 00:00:00 UTC,566,-1525,367189280,1.526388888888889
2015-11-14 00:00:00 UTC,566,-1519,367189280,0.68333333333333335
2015-11-14 00:00:00 UTC,566,-1520,367189280,0.56513888888888886
2015-11-14 00:00:00 UTC,566,-1521,367189280,0.86402777777777784
2015-11-14 00:00:00 UTC,566,-1522,367189280,0.67347222222222225
2015-11-14 00:00:00 UTC,566,-1524,367189280,0.54402777777777778
2015-11-14 00:00:00 UTC,566,-1674,367453000,0.61958333333333337
2015-11-14 00:00:00 UTC,566,-1675,367453000,1.300138888888889
2015-11-14 00:00:00 UTC,566,202,277029000,0.26125
2015-11-14 00:00:00 UTC,566,203,277029000,0.26916666666666667
2015-11-14 00:00:00 UTC,566,-1637,303457000,1.7408333333333335
2015-11-14 00:00:00 UTC,566,-68,235080695,1.2597222222222222
2015-11-14 00:00:00 UTC,566,-69,235080695,0.72958333333333336
2015-11-14 00:00:00 UTC,566,-70,235080695,2.1697222222222221
2015-11-14 00:00:00 UTC,-458,-643,701000546,1.2723611111111111
2015-11-14 00:00:00 UTC,-458,492,618000500,3.8848611111111109
2015-11-14 00:00:00 UTC,-458,493,618000500,1.3622222222222224
2015-11-14 00:00:00 UTC,-458,-601,412329687,4.8141666666666669
2015-11-14 00:00:00 UTC,-458,-602,412329691,1.5226388888888889
2015-11-14 00:00:00 UTC,-458,-602,412329693,1.0059722222222223
2015-11-14 00:00:00 UTC,-458,-601,412329694,1.3118055555555557
2015-11-14 00:00:00 UTC,-458,-602,412329694,3.0870833333333336
2015-11-14 00:00:00 UTC,-458,1663,512161000,0.86625
2015-11-14 00:00:00 UTC,-458,1664,512161000,0.58736111111111122
2015-11-14 00:00:00 UTC,-202,1712,413322760,10.661805555555556
2015-11-14 00:00:00 UTC,-202,369,431444000,0.20833333333333331
2015-11-14 00:00:00 UTC,-202,367,431444000,0.38194444444444448
2015-11-14 00:00:00 UTC,-202,368,431444000,1.7743055555555558
2015-11-14 00:00:00 UTC,-202,366,431444000,0.52902777777777776
2015-11-14 00:00:00 UTC,-202,1745,520020000,1.8931944444444446
2015-11-14 00:00:00 UTC,-202,1711,441219875,5.3319444444444448
2015-11-14 00:00:00 UTC,-202,595,416002407,1.7452777777777777
2015-11-14 00:00:00 UTC,-202,-1222,576678000,2.3873611111111108
2015-11-14 00:00:00 UTC,-202,117,659398000,2.3288888888888888
2015-11-14 00:00:00 UTC,-202,556,660001400,0.26083333333333336
2015-11-14 00:00:00 UTC,-202,554,660001400,0.87986111111111109
2015-11-14 00:00:00 UTC,-202,555,660001400,0.7697222222222222
2015-11-14 00:00:00 UTC,-202,552,660001400,1.0388888888888888
2015-11-14 00:00:00 UTC,-202,-1267,416211600,2.1458333333333335
2015-11-14 00:00:00 UTC,-202,-1257,200008650,0.78750000000000009
2015-11-14 00:00:00 UTC,-202,-1258,200008650,4.6693055555555558
2015-11-14 00:00:00 UTC,55,1684,412699570,0.81
2015-11-14 00:00:00 UTC,55,0,627999990,2.9138888888888888
2015-11-14 00:00:00 UTC,311,1229,412400128,2.6456944444444446
2015-11-14 00:00:00 UTC,311,1228,412400128,1.9888888888888889
2015-11-14 00:00:00 UTC,311,1221,412370179,0.57583333333333342
2015-11-14 00:00:00 UTC,311,1222,412370179,1.9063888888888891
2015-11-14 00:00:00 UTC,311,1227,200007686,0.62097222222222226
2015-11-14 00:00:00 UTC,311,1219,200015127,4.3468055555555543
2015-11-14 00:00:00 UTC,311,1227,412427815,14.009166666666667
2015-11-14 00:00:00 UTC,311,1226,412421678,0.4316666666666667
2015-11-14 00:00:00 UTC,311,1228,412421424,6.298055555555556
2015-11-14 00:00:00 UTC,311,1228,412428337,16.930138888888887
2015-11-14 00:00:00 UTC,311,-421,224101950,1.8611111111111112
2015-11-14 00:00:00 UTC,311,1230,412427071,3.8426388888888887
2015-11-14 00:00:00 UTC,311,-405,224253000,3.8511111111111109
2015-11-14 00:00:00 UTC,311,1226,412413002,5.6008333333333331
2015-11-14 00:00:00 UTC,311,1227,412427861,19.440972222222225
2015-11-14 00:00:00 UTC,311,1218,200002647,3.3762500000000011
2015-11-14 00:00:00 UTC,311,1226,412413277,0.38819444444444445
2015-11-14 00:00:00 UTC,311,-367,224241000,0.959861111111111
2015-11-14 00:00:00 UTC,311,-366,224241000,0.18055555555555558
2015-11-14 00:00:00 UTC,311,1226,412413034,6.6265277777777793
2015-11-14 00:00:00 UTC,311,1231,412420475,6.9452777777777772
2015-11-14 00:00:00 UTC,311,1226,412413311,0.32458333333333333
2015-11-14 00:00:00 UTC,311,1227,412413315,9.53111111111111
2015-11-14 00:00:00 UTC,311,1226,412413328,10.016388888888887
2015-11-14 00:00:00 UTC,311,1226,412413591,0.59972222222222227
2015-11-14 00:00:00 UTC,311,1230,412436376,3.1751388888888887
2015-11-14 00:00:00 UTC,311,1231,412436376,1.3631944444444444
2015-11-14 00:00:00 UTC,311,1226,412413605,0.5261111111111112
2015-11-14 00:00:00 UTC,311,1226,415069869,0.85847222222222208
2015-11-14 00:00:00 UTC,311,1224,200004292,4.4934722222222216
2015-11-14 00:00:00 UTC,311,1227,412416975,0.38666666666666666
2015-11-14 00:00:00 UTC,311,1225,412413904,5.9170833333333333
2015-11-14 00:00:00 UTC,311,1225,412413905,2.3093055555555555
2015-11-14 00:00:00 UTC,311,1226,412413905,5.06875
2015-11-14 00:00:00 UTC,311,1229,412425172,0.3561111111111111
2015-11-14 00:00:00 UTC,311,1225,412413153,14.57277777777778
2015-11-14 00:00:00 UTC,567,202,277354000,7.7275000000000009
2015-11-14 00:00:00 UTC,567,203,277354000,0.52875
2015-11-14 00:00:00 UTC,567,1463,273898000,0.75944444444444448
2015-11-14 00:00:00 UTC,567,-1676,366182680,2.93125
2015-11-14 00:00:00 UTC,567,-1674,366182680,9.49736111111111
2015-11-14 00:00:00 UTC,567,-1518,367189280,0.47138888888888886
2015-11-14 00:00:00 UTC,567,-1519,367189280,0.84305555555555567
2015-11-14 00:00:00 UTC,567,-1521,367330860,0.6316666666666666
2015-11-14 00:00:00 UTC,567,-1520,367330860,0.61694444444444441
2015-11-14 00:00:00 UTC,567,-1523,367330860,0.69013888888888886
2015-11-14 00:00:00 UTC,567,-1518,367330860,0.72777777777777786
2015-11-14 00:00:00 UTC,567,-1519,367330860,0.64861111111111114
2015-11-14 00:00:00 UTC,567,-1522,367330860,0.59847222222222218
2015-11-14 00:00:00 UTC,567,-1524,367330860,1.9973611111111111
2015-11-14 00:00:00 UTC,567,1478,273417010,1.5527777777777778
2015-11-14 00:00:00 UTC,567,-1525,367165240,2.2990277777777779
2015-11-14 00:00:00 UTC,567,-1673,367453000,1.6184722222222223
2015-11-14 00:00:00 UTC,567,-1674,367453000,10.70152777777778
2015-11-14 00:00:00 UTC,567,-1676,367453000,2.9298611111111112
2015-11-14 00:00:00 UTC,567,202,277029000,7.1369444444444445
2015-11-14 00:00:00 UTC,567,203,277029000,1.6355555555555554
2015-11-14 00:00:00 UTC,567,203,277346000,2.8918055555555555
2015-11-14 00:00:00 UTC,-457,-645,701006083,0.65736111111111117
2015-11-14 00:00:00 UTC,-457,-650,701006083,3.028888888888889
2015-11-14 00:00:00 UTC,-457,-647,701006083,1.2643055555555556
2015-11-14 00:00:00 UTC,-457,-650,701006377,1.6861111111111111
2015-11-14 00:00:00 UTC,-457,-605,412328762,4.14375
2015-11-14 00:00:00 UTC,-457,-606,412328762,4.2983333333333338
2015-11-14 00:00:00 UTC,-457,-650,701000800,2.9773611111111111
2015-11-14 00:00:00 UTC,-457,-644,701000546,1.4234722222222222
2015-11-14 00:00:00 UTC,-457,-642,701000550,1.5170833333333333
2015-11-14 00:00:00 UTC,-457,-644,701000550,1.27875
2015-11-14 00:00:00 UTC,-457,-650,701041000,2.814027777777778
2015-11-14 00:00:00 UTC,-457,492,618000500,5.9730555555555549
2015-11-14 00:00:00 UTC,-457,493,618000500,2.0540277777777778
2015-11-14 00:00:00 UTC,-457,-644,701006471,1.2644444444444445
2015-11-14 00:00:00 UTC,-457,-650,701000588,4.2684722222222229
2015-11-14 00:00:00 UTC,-457,-648,701000645,1.5127777777777778
2015-11-14 00:00:00 UTC,-457,-650,701000645,0.57041666666666657
2015-11-14 00:00:00 UTC,-457,-649,701000645,0.25222222222222224
2015-11-14 00:00:00 UTC,-457,-651,701000645,1.4558333333333331
2015-11-14 00:00:00 UTC,-457,-601,412329687,2.0152777777777775
2015-11-14 00:00:00 UTC,-457,-602,412329691,1.19875
2015-11-14 00:00:00 UTC,-457,-602,412329693,5.0651388888888889
2015-11-14 00:00:00 UTC,-457,-602,412329694,1.185138888888889
2015-11-14 00:00:00 UTC,-457,-601,412329694,2.038472222222222
2015-11-14 00:00:00 UTC,-457,-643,701100000,0.5970833333333333
2015-11-14 00:00:00 UTC,-457,-644,701100000,1.2708333333333335
2015-11-14 00:00:00 UTC,-457,-650,701006060,5.4241666666666664
2015-11-14 00:00:00 UTC,-201,-1231,576678000,0.50902777777777775
2015-11-14 00:00:00 UTC,-201,-1234,576678000,1.3736111111111111
2015-11-14 00:00:00 UTC,-201,-1230,576678000,1.3397222222222218
2015-11-14 00:00:00 UTC,-201,-1232,576678000,4.3859722222222226
2015-11-14 00:00:00 UTC,-201,-1225,576678000,1.5681944444444444
2015-11-14 00:00:00 UTC,-201,-1226,576678000,1.4994444444444444
2015-11-14 00:00:00 UTC,-201,-1233,576678000,1.7219444444444445
2015-11-14 00:00:00 UTC,-201,552,660001400,0.77194444444444443
2015-11-14 00:00:00 UTC,-201,555,660001400,4.9370833333333328
2015-11-14 00:00:00 UTC,-201,553,660001400,1.2766666666666668
2015-11-14 00:00:00 UTC,-201,-1268,416211600,2.3661111111111106
2015-11-14 00:00:00 UTC,-201,-1269,416211600,4.1147222222222224
2015-11-14 00:00:00 UTC,-201,-1256,200008650,4.7231944444444443
2015-11-14 00:00:00 UTC,56,-520,745000500,2.9420833333333336
2015-11-14 00:00:00 UTC,56,-519,745000500,0.79597222222222219
2015-11-14 00:00:00 UTC,56,-520,745004600,4.0438888888888886
2015-11-14 00:00:00 UTC,56,-519,745004600,5.0280555555555555
2015-11-14 00:00:00 UTC,56,-519,745005400,11.586388888888891
2015-11-14 00:00:00 UTC,56,-520,745005400,1.3652777777777778
2015-11-14 00:00:00 UTC,56,-520,745002400,3.057638888888889
2015-11-14 00:00:00 UTC,56,4,627043000,14.129583333333334
2015-11-14 00:00:00 UTC,312,1221,412370179,0.87236111111111114
2015-11-14 00:00:00 UTC,312,1220,412370179,0.66347222222222224
2015-11-14 00:00:00 UTC,312,1227,200007686,11.209305555555556
2015-11-14 00:00:00 UTC,312,-135,431700260,6.2658333333333349
2015-11-14 00:00:00 UTC,312,-136,431700260,0.85791666666666666
2015-11-14 00:00:00 UTC,312,1227,412427815,1.1416666666666666
2015-11-14 00:00:00 UTC,312,1225,412413243,6.6131944444444466
2015-11-14 00:00:00 UTC,312,1226,412413243,4.5822222222222226
2015-11-14 00:00:00 UTC,312,1220,412311362,1.3661111111111111
2015-11-14 00:00:00 UTC,312,1218,200002647,4.7072222222222226
2015-11-14 00:00:00 UTC,312,1219,412371034,2.2102777777777778
2015-11-14 00:00:00 UTC,312,1221,201746785,0.18027777777777779
2015-11-14 00:00:00 UTC,312,1220,201746785,0.72166666666666668
2015-11-14 00:00:00 UTC,312,-365,224241000,2.0004166666666663
2015-11-14 00:00:00 UTC,312,-368,224241000,0.59430555555555564
2015-11-14 00:00:00 UTC,312,1226,412413052,15.429027777777778
2015-11-14 00:00:00 UTC,312,1222,413011846,2.5823611111111111
2015-11-14 00:00:00 UTC,312,1226,412413591,0.80222222222222217
2015-11-14 00:00:00 UTC,312,1225,412413092,16.55916666666667
2015-11-14 00:00:00 UTC,312,1226,412413605,0.88916666666666666
2015-11-14 00:00:00 UTC,312,1226,415069869,1.537361111111111
2015-11-14 00:00:00 UTC,312,1225,412413905,3.9669444444444437
2015-11-14 00:00:00 UTC,312,1226,412413905,0.40083333333333332
2015-11-14 00:00:00 UTC,312,1226,412413663,1.105
2015-11-14 00:00:00 UTC,312,1225,412413153,2.2113888888888891
2015-11-14 00:00:00 UTC,312,1225,412413156,7.512083333333333
2015-11-14 00:00:00 UTC,312,1226,412413157,18.572222222222237
2015-11-14 00:00:00 UTC,312,1225,412428532,2.9219444444444442
2015-11-14 00:00:00 UTC,568,202,277354000,4.6461111111111109
2015-11-14 00:00:00 UTC,568,203,277354000,5.97611111111111
2015-11-14 00:00:00 UTC,568,204,277354000,2.9552777777777779
2015-11-14 00:00:00 UTC,568,1463,273898000,2.2455555555555553
2015-11-14 00:00:00 UTC,568,-1518,367189280,0.52722222222222226
2015-11-14 00:00:00 UTC,568,-1517,367189280,0.49819444444444438
2015-11-14 00:00:00 UTC,568,-1517,367330860,0.33458333333333334
2015-11-14 00:00:00 UTC,568,-1518,367330860,1.051666666666667
2015-11-14 00:00:00 UTC,568,-1675,367460660,0.24152777777777779
2015-11-14 00:00:00 UTC,568,-1526,367165240,1.6419444444444438
2015-11-14 00:00:00 UTC,568,203,277029000,7.0759722222222239
2015-11-14 00:00:00 UTC,568,204,277029000,0.25513888888888892
2015-11-14 00:00:00 UTC,568,202,277029000,6.7002777777777771
2015-11-14 00:00:00 UTC,568,-1519,367319530,1.5475
2015-11-14 00:00:00 UTC,-456,-650,701006083,7.3209722222222222
2015-11-14 00:00:00 UTC,-456,-649,701006083,5.76625
2015-11-14 00:00:00 UTC,-456,-635,701000729,1.3130555555555556
2015-11-14 00:00:00 UTC,-456,-639,701000729,3.7381944444444448
2015-11-14 00:00:00 UTC,-456,-606,412328741,8.438194444444445
2015-11-14 00:00:00 UTC,-456,-650,701006377,4.6091666666666669
2015-11-14 00:00:00 UTC,-456,-638,701000764,1.5444444444444443
2015-11-14 00:00:00 UTC,-456,-636,701000764,1.2713888888888889
2015-11-14 00:00:00 UTC,-456,-602,412331068,5.0727777777777776
2015-11-14 00:00:00 UTC,-456,-648,701096000,1.9987500000000002
2015-11-14 00:00:00 UTC,-456,-647,701096000,0.068472222222222226
2015-11-14 00:00:00 UTC,-456,-649,701096000,0.4193055555555556
2015-11-14 00:00:00 UTC,-456,-605,412331075,7.7754166666666675
2015-11-14 00:00:00 UTC,-456,-650,701000800,4.6008333333333331
2015-11-14 00:00:00 UTC,-456,-649,701000800,5.4904166666666665
2015-11-14 00:00:00 UTC,-456,-647,701000546,0.70138888888888884
2015-11-14 00:00:00 UTC,-456,-648,701000546,0.98111111111111116
2015-11-14 00:00:00 UTC,-456,-649,701000546,3.5404166666666668
2015-11-14 00:00:00 UTC,-456,-644,701000550,0.59583333333333333
2015-11-14 00:00:00 UTC,-456,-648,701000550,6.1369444444444436
2015-11-14 00:00:00 UTC,-456,-645,701000550,0.77402777777777776
2015-11-14 00:00:00 UTC,-456,-649,701000550,0.51652777777777781
2015-11-14 00:00:00 UTC,-456,-649,701041000,3.76375
2015-11-14 00:00:00 UTC,-456,-648,701041000,1.5111111111111111
2015-11-14 00:00:00 UTC,-456,-650,701041000,10.249166666666671
2015-11-14 00:00:00 UTC,-456,-646,701006471,1.5304166666666668
2015-11-14 00:00:00 UTC,-456,-649,701006471,0.50347222222222221
2015-11-14 00:00:00 UTC,-456,-648,701006471,4.7909722222222237
2015-11-14 00:00:00 UTC,-456,-647,701006471,2.5116666666666667
2015-11-14 00:00:00 UTC,-456,-648,701000588,1.2656944444444445
2015-11-14 00:00:00 UTC,-456,-650,701000588,9.7654166666666669
2015-11-14 00:00:00 UTC,-456,-649,701000588,5.695
2015-11-14 00:00:00 UTC,-456,-650,701007027,3.0538888888888893
2015-11-14 00:00:00 UTC,-456,-649,701007027,4.1473611111111106
2015-11-14 00:00:00 UTC,-456,-648,701007027,2.5995833333333334
2015-11-14 00:00:00 UTC,-456,-649,701000895,1.52625
2015-11-14 00:00:00 UTC,-456,-650,701000895,9.3029166666666683
2015-11-14 00:00:00 UTC,-456,-650,701007039,5.4151388888888885
2015-11-14 00:00:00 UTC,-456,-649,701007039,4.8241666666666667
2015-11-14 00:00:00 UTC,-456,-647,701000645,1.2726388888888889
2015-11-14 00:00:00 UTC,-456,-650,701000645,12.284444444444444
2015-11-14 00:00:00 UTC,-456,-601,412329687,1.1122222222222222
2015-11-14 00:00:00 UTC,-456,-601,412329691,2.3048611111111112
2015-11-14 00:00:00 UTC,-456,-601,412329693,2.6480555555555556
2015-11-14 00:00:00 UTC,-456,-647,701100000,0.61708333333333332
2015-11-14 00:00:00 UTC,-456,-650,701006060,3.8056944444444443
2015-11-14 00:00:00 UTC,-456,-649,701006060,1.6040277777777776
2015-11-14 00:00:00 UTC,-456,-639,701000696,4.5080555555555559
2015-11-14 00:00:00 UTC,-200,122,620051000,1.750416666666667
2015-11-14 00:00:00 UTC,-200,598,416002876,6.0377777777777784
2015-11-14 00:00:00 UTC,-200,1717,441201727,0.83777777777777773
2015-11-14 00:00:00 UTC,-200,116,659398000,3.14375
2015-11-14 00:00:00 UTC,-200,427,441242000,2.1772222222222219
2015-11-14 00:00:00 UTC,-200,-1268,416211600,0.15833333333333333
2015-11-14 00:00:00 UTC,-200,-1269,416211600,0.12416666666666666
2015-11-14 00:00:00 UTC,57,-520,745000500,8.4022222222222229
2015-11-14 00:00:00 UTC,57,-521,745004600,8.0245833333333341
2015-11-14 00:00:00 UTC,57,-520,745004600,6.6723611111111119
2015-11-14 00:00:00 UTC,57,-520,745005400,11.206805555555558
2015-11-14 00:00:00 UTC,57,1684,412699570,2.7334722222222223
2015-11-14 00:00:00 UTC,313,1216,412370184,0.4125
2015-11-14 00:00:00 UTC,313,-135,431700260,4.2290277777777785
2015-11-14 00:00:00 UTC,313,1226,412413243,2.5143055555555556
2015-11-14 00:00:00 UTC,313,1225,412413243,10.115416666666667
2015-11-14 00:00:00 UTC,313,-420,224101950,1.9477777777777776
2015-11-14 00:00:00 UTC,313,1220,412367713,0.30333333333333334
2015-11-14 00:00:00 UTC,313,1217,201746785,0.12930555555555556
2015-11-14 00:00:00 UTC,313,1216,201746785,0.89111111111111119
2015-11-14 00:00:00 UTC,313,1221,201746785,0.32944444444444443
2015-11-14 00:00:00 UTC,313,-368,224241000,1.0655555555555556
2015-11-14 00:00:00 UTC,313,-365,224241000,4.1844444444444449
2015-11-14 00:00:00 UTC,313,1220,412370811,2.8676388888888886
2015-11-14 00:00:00 UTC,313,1226,412413052,3.0066666666666668
2015-11-14 00:00:00 UTC,313,1220,413011846,1.5231944444444445
2015-11-14 00:00:00 UTC,313,1219,413011846,0.72069444444444453
2015-11-14 00:00:00 UTC,313,1221,413011846,0.4080555555555555
2015-11-14 00:00:00 UTC,313,1226,415069869,5.6125
2015-11-14 00:00:00 UTC,313,1225,412413156,4.1808333333333341
2015-11-14 00:00:00 UTC,313,1468,431601130,12.258472222222222
2015-11-14 00:00:00 UTC,569,-1661,367079950,1.1929166666666666
2015-11-14 00:00:00 UTC,569,-1713,367892000,0.064027777777777767
2015-11-14 00:00:00 UTC,569,-1712,367892000,0.83513888888888876
2015-11-14 00:00:00 UTC,569,-1517,367330860,0.36097222222222225
2015-11-14 00:00:00 UTC,569,-1516,367330860,0.66805555555555551
2015-11-14 00:00:00 UTC,569,1481,273417010,1.6906944444444445
2015-11-14 00:00:00 UTC,569,1480,273417010,3.7761111111111108
2015-11-14 00:00:00 UTC,569,-1675,367460660,1.8030555555555554
2015-11-14 00:00:00 UTC,569,-1676,367460660,2.0718055555555548
2015-11-14 00:00:00 UTC,569,-1674,367460660,3.8697222222222223
2015-11-14 00:00:00 UTC,569,-1526,367165240,0.87249999999999983
2015-11-14 00:00:00 UTC,569,-72,232007570,1.090138888888889
2015-11-14 00:00:00 UTC,569,-71,232007570,0.27236111111111111
2015-11-14 00:00:00 UTC,569,1630,273845700,4.7063888888888874
2015-11-14 00:00:00 UTC,-455,-637,701000729,1.5163888888888888
2015-11-14 00:00:00 UTC,-455,-636,701000729,1.3381944444444445
2015-11-14 00:00:00 UTC,-455,-605,412328763,8.4044444444444437
2015-11-14 00:00:00 UTC,-455,-601,412331067,2.8798611111111114
2015-11-14 00:00:00 UTC,-455,-602,412331067,1.3348611111111111
2015-11-14 00:00:00 UTC,-455,-637,701000764,1.368888888888889
2015-11-14 00:00:00 UTC,-455,-601,412331068,4.5038888888888886
2015-11-14 00:00:00 UTC,-455,-647,701096000,4.9668055555555544
2015-11-14 00:00:00 UTC,-455,-648,701096000,2.1990277777777778
2015-11-14 00:00:00 UTC,-455,-605,412331074,8.58277777777778
2015-11-14 00:00:00 UTC,-455,-645,701000515,4.2120833333333341
2015-11-14 00:00:00 UTC,-455,-643,701000515,1.5334722222222223
2015-11-14 00:00:00 UTC,-455,-646,701000515,1.6547222222222222
2015-11-14 00:00:00 UTC,-455,-644,701000515,2.0925
2015-11-14 00:00:00 UTC,-455,-648,701000800,1.5083333333333333
2015-11-14 00:00:00 UTC,-455,-646,701000800,2.9988888888888892
2015-11-14 00:00:00 UTC,-455,-646,701000546,1.41
2015-11-14 00:00:00 UTC,-455,-648,701000546,2.5301388888888887
2015-11-14 00:00:00 UTC,-455,-647,701000546,2.7588888888888889
2015-11-14 00:00:00 UTC,-455,-648,701000550,1.6184722222222225
2015-11-14 00:00:00 UTC,-455,-647,701000550,4.435833333333334
2015-11-14 00:00:00 UTC,-455,-648,701041000,1.4358333333333333
2015-11-14 00:00:00 UTC,-455,-649,701041000,1.2727777777777778
2015-11-14 00:00:00 UTC,-455,-648,701006471,3.8309722222222224
2015-11-14 00:00:00 UTC,-455,-645,701006471,1.4294444444444441
2015-11-14 00:00:00 UTC,-455,-647,701006471,5.3405555555555555
2015-11-14 00:00:00 UTC,-455,-647,701007027,1.6570833333333332
2015-11-14 00:00:00 UTC,-455,-648,701006005,2.9752777777777779
2015-11-14 00:00:00 UTC,-455,-643,701006005,1.3726388888888887
2015-11-14 00:00:00 UTC,-455,-647,701006005,1.096111111111111
2015-11-14 00:00:00 UTC,-455,-642,701006005,0.28361111111111109
2015-11-14 00:00:00 UTC,-455,-604,412694480,10.447638888888889
2015-11-14 00:00:00 UTC,-455,-601,412329687,1.2899999999999998
2015-11-14 00:00:00 UTC,-455,-602,412329689,1.628333333333333
2015-11-14 00:00:00 UTC,-455,-601,412329689,1.4697222222222224
2015-11-14 00:00:00 UTC,-455,-603,412329689,4.7011111111111115
2015-11-14 00:00:00 UTC,-455,-601,412329691,3.3722222222222222
2015-11-14 00:00:00 UTC,-455,-639,701000925,1.5168055555555555
2015-11-14 00:00:00 UTC,-455,-636,701000925,1.3070833333333334
2015-11-14 00:00:00 UTC,-455,-601,412329693,1.480833333333333
2015-11-14 00:00:00 UTC,-455,-645,701000928,1.6509722222222221
2015-11-14 00:00:00 UTC,-455,-642,701000928,2.0898611111111109
2015-11-14 00:00:00 UTC,-455,-643,701000928,1.195
2015-11-14 00:00:00 UTC,-455,-644,701000928,1.3827777777777777
2015-11-14 00:00:00 UTC,-455,-648,701100000,3.0202777777777774
2015-11-14 00:00:00 UTC,-455,-647,701100000,9.1373611111111135
2015-11-14 00:00:00 UTC,-455,-605,412326888,7.2729166666666654
2015-11-14 00:00:00 UTC,-455,-599,770565353,6.3966666666666665
2015-11-14 00:00:00 UTC,-455,-642,701006058,1.5668055555555556
2015-11-14 00:00:00 UTC,-455,-643,701006058,0.10847222222222222
2015-11-14 00:00:00 UTC,-455,-647,701006060,5.2529166666666667
2015-11-14 00:00:00 UTC,-455,-646,701006071,1.611388888888889
2015-11-14 00:00:00 UTC,-455,-643,701006071,3.9025
2015-11-14 00:00:00 UTC,-455,-645,701006071,0.10791666666666666
2015-11-14 00:00:00 UTC,-455,-644,701006071,1.3368055555555556
2015-11-14 00:00:00 UTC,-455,-642,701006071,4.3444444444444441
2015-11-14 00:00:00 UTC,-455,-637,701000696,1.2729166666666667
2015-11-14 00:00:00 UTC,-455,-604,412371196,8.0715277777777779
2015-11-14 00:00:00 UTC,-199,-1270,416002586,0.58041666666666669
2015-11-14 00:00:00 UTC,-199,122,620051000,3.197222222222222
2015-11-14 00:00:00 UTC,-199,597,416002876,7.18375
2015-11-14 00:00:00 UTC,-199,1716,441201727,8.573888888888888
2015-11-14 00:00:00 UTC,-199,1158,503220100,2.7097222222222221
2015-11-14 00:00:00 UTC,-199,1157,503220100,1.1994444444444445
2015-11-14 00:00:00 UTC,-199,428,441242000,0.34569444444444442
2015-11-14 00:00:00 UTC,-199,427,441242000,1.9856944444444444
2015-11-14 00:00:00 UTC,-199,1603,540010700,0.3552777777777778
2015-11-14 00:00:00 UTC,-199,1604,540010700,0.42124999999999996
2015-11-14 00:00:00 UTC,314,-419,224101950,4.10375
2015-11-14 00:00:00 UTC,314,-404,224253000,8.49152777777778
2015-11-14 00:00:00 UTC,314,1216,201746785,0.2713888888888889
2015-11-14 00:00:00 UTC,314,-369,224241000,0.67875
2015-11-14 00:00:00 UTC,314,-368,224241000,0.34472222222222221
2015-11-14 00:00:00 UTC,314,1218,413014396,13.934166666666668
2015-11-14 00:00:00 UTC,570,-1661,367079950,2.2555555555555555
2015-11-14 00:00:00 UTC,570,-1683,369524000,0.99638888888888888
2015-11-14 00:00:00 UTC,570,-1516,367330860,0.36124999999999996
2015-11-14 00:00:00 UTC,570,-1675,367460660,2.4218055555555558
2015-11-14 00:00:00 UTC,570,-1660,303303000,7.9993055555555568
2015-11-14 00:00:00 UTC,570,-1661,303303000,3.1888888888888891
2015-11-14 00:00:00 UTC,570,-1651,368583000,1.5663888888888888
2015-11-14 00:00:00 UTC,570,-1652,368583000,5.35111111111111
2015-11-14 00:00:00 UTC,570,236,275099000,2.4186111111111113
2015-11-14 00:00:00 UTC,570,238,275099000,1.0491666666666666
2015-11-14 00:00:00 UTC,570,237,275099000,2.3995833333333332
2015-11-14 00:00:00 UTC,570,235,275099000,1.6565277777777778
2015-11-14 00:00:00 UTC,570,-70,232007570,0.5066666666666666
2015-11-14 00:00:00 UTC,570,-71,232007570,2.38875
2015-11-14 00:00:00 UTC,570,-21,235008412,0.34527777777777779
2015-11-14 00:00:00 UTC,570,-1736,367390380,0.34833333333333333
2015-11-14 00:00:00 UTC,570,-1737,367390380,11.895833333333337
2015-11-14 00:00:00 UTC,570,-1738,367390380,3.7734722222222219
2015-11-14 00:00:00 UTC,570,1630,273845700,13.572638888888887
2015-11-14 00:00:00 UTC,-454,-640,701006086,3.8040277777777791
2015-11-14 00:00:00 UTC,-454,-639,701006086,1.0461111111111112
2015-11-14 00:00:00 UTC,-454,-638,701000729,0.8041666666666667
2015-11-14 00:00:00 UTC,-454,-639,701000729,3.9188888888888891
2015-11-14 00:00:00 UTC,-454,-640,701000729,1.6
2015-11-14 00:00:00 UTC,-454,-602,412331067,1.6975
2015-11-14 00:00:00 UTC,-454,-601,412331067,3.6972222222222224
2015-11-14 00:00:00 UTC,-454,-640,701000764,5.2388888888888889
2015-11-14 00:00:00 UTC,-454,-638,701000764,0.8
2015-11-14 00:00:00 UTC,-454,-600,412331071,1.6529166666666666
2015-11-14 00:00:00 UTC,-454,-643,701000515,1.3302777777777779
2015-11-14 00:00:00 UTC,-454,-641,701000515,3.7766666666666664
2015-11-14 00:00:00 UTC,-454,-639,701000516,0.77666666666666662
2015-11-14 00:00:00 UTC,-454,-647,701000800,1.2727777777777778
2015-11-14 00:00:00 UTC,-454,-649,701007027,1.3747222222222222
2015-11-14 00:00:00 UTC,-454,-650,701007027,1.295
2015-11-14 00:00:00 UTC,-454,-641,701006005,0.64097222222222228
2015-11-14 00:00:00 UTC,-454,-640,701006005,0.43
2015-11-14 00:00:00 UTC,-454,-648,701000895,5.0431944444444445
2015-11-14 00:00:00 UTC,-454,-650,701000895,4.5940277777777787
2015-11-14 00:00:00 UTC,-454,-651,701007039,0.81111111111111112
2015-11-14 00:00:00 UTC,-454,-650,701007039,0.862638888888889
2015-11-14 00:00:00 UTC,-454,-640,701000642,1.804583333333333
2015-11-14 00:00:00 UTC,-454,-639,701000642,3.7576388888888888
2015-11-14 00:00:00 UTC,-454,-638,701000642,1.4956944444444444
2015-11-14 00:00:00 UTC,-454,-647,701000645,1.427083333333333
2015-11-14 00:00:00 UTC,-454,-601,412329687,0.75680555555555562
2015-11-14 00:00:00 UTC,-454,-601,412329689,3.6525000000000003
2015-11-14 00:00:00 UTC,-454,-639,701000925,5.3869444444444445
2015-11-14 00:00:00 UTC,-454,-637,701000925,1.4068055555555554
2015-11-14 00:00:00 UTC,-454,-640,701000925,4.790694444444445
2015-11-14 00:00:00 UTC,-454,-642,701000928,1.6666666666666667
2015-11-14 00:00:00 UTC,-454,-640,701000928,0.43541666666666667
2015-11-14 00:00:00 UTC,-454,-641,701000928,0.58597222222222223
2015-11-14 00:00:00 UTC,-454,-605,412326887,10.975694444444448
2015-11-14 00:00:00 UTC,-454,-605,412326888,1.3515277777777777
2015-11-14 00:00:00 UTC,-454,-599,770565353,1.5265277777777779
2015-11-14 00:00:00 UTC,-454,-639,701006058,0.87513888888888891
2015-11-14 00:00:00 UTC,-454,-640,701006058,0.64875
2015-11-14 00:00:00 UTC,-454,-642,701006058,0.98236111111111113
2015-11-14 00:00:00 UTC,-454,-641,701006058,1.1147222222222222
2015-11-14 00:00:00 UTC,-454,-646,701006060,3.0315277777777778
2015-11-14 00:00:00 UTC,-454,-645,701006060,1.2922222222222222
2015-11-14 00:00:00 UTC,-454,-640,701006071,2.3445833333333335
2015-11-14 00:00:00 UTC,-454,-637,701000696,0.54638888888888881
2015-11-14 00:00:00 UTC,-454,-604,412371195,4.2856944444444451
2015-11-14 00:00:00 UTC,-198,-1270,416002586,1.3580555555555556
2015-11-14 00:00:00 UTC,-198,122,412331051,4.4202777777777778
2015-11-14 00:00:00 UTC,-198,122,620051000,2.3458333333333332
2015-11-14 00:00:00 UTC,-198,1716,441201727,0.066388888888888886
2015-11-14 00:00:00 UTC,-198,1714,441201727,1.8629166666666663
2015-11-14 00:00:00 UTC,-198,1715,441201727,0.75152777777777779
2015-11-14 00:00:00 UTC,-198,115,659398000,1.129861111111111
2015-11-14 00:00:00 UTC,-198,597,416067700,5.3986111111111112
2015-11-14 00:00:00 UTC,-198,598,416067700,5.8327777777777774
2015-11-14 00:00:00 UTC,-198,428,441242000,0.71527777777777779
2015-11-14 00:00:00 UTC,-198,1602,540010700,0.96388888888888891
2015-11-14 00:00:00 UTC,-198,1601,540010700,4.1738888888888894
2015-11-14 00:00:00 UTC,-198,1603,540010700,0.60666666666666658
2015-11-14 00:00:00 UTC,59,1662,431703710,4.8370833333333332
2015-11-14 00:00:00 UTC,59,1679,412699570,2.9912500000000004
2015-11-14 00:00:00 UTC,59,1678,412699570,2.4847222222222225
2015-11-14 00:00:00 UTC,315,1481,431500830,3.23375
2015-11-14 00:00:00 UTC,315,1487,431500830,6.2495833333333337
2015-11-14 00:00:00 UTC,315,1482,431500830,4.0284722222222227
2015-11-14 00:00:00 UTC,315,-368,224241000,0.35138888888888886
2015-11-14 00:00:00 UTC,571,-1662,367079950,1.6495833333333332
2015-11-14 00:00:00 UTC,571,-1663,367079950,1.1037500000000002
2015-11-14 00:00:00 UTC,571,-1664,367079950,0.33652777777777776
2015-11-14 00:00:00 UTC,571,1463,273898000,2.9259722222222222
2015-11-14 00:00:00 UTC,571,-1683,369524000,8.0709722222222258
2015-11-14 00:00:00 UTC,571,-1684,369524000,2.6265277777777776
2015-11-14 00:00:00 UTC,571,-1711,367892000,0.15069444444444446
2015-11-14 00:00:00 UTC,571,-1714,367892000,1.7280555555555557
2015-11-14 00:00:00 UTC,571,-1713,367892000,4.6456944444444446
2015-11-14 00:00:00 UTC,571,-1712,367892000,2.2805555555555554
2015-11-14 00:00:00 UTC,571,-1515,367189280,3.9074999999999993
2015-11-14 00:00:00 UTC,571,-1513,367189280,1.5612499999999998
2015-11-14 00:00:00 UTC,571,-1512,367189280,1.6147222222222222
2015-11-14 00:00:00 UTC,571,-1514,367189280,1.5931944444444441
2015-11-14 00:00:00 UTC,571,82,205321000,1.2369444444444446
2015-11-14 00:00:00 UTC,571,-1512,367330860,1.5777777777777775
2015-11-14 00:00:00 UTC,571,-1514,367330860,3.0945833333333335
2015-11-14 00:00:00 UTC,571,-1513,367330860,3.1669444444444443
2015-11-14 00:00:00 UTC,571,-1515,367330860,2.4766666666666661
2015-11-14 00:00:00 UTC,571,-73,235088442,1.1124999999999998
2015-11-14 00:00:00 UTC,571,-72,235088442,1.9788888888888891
2015-11-14 00:00:00 UTC,571,-20,234973000,0.2695833333333334
2015-11-14 00:00:00 UTC,571,-21,234973000,0.53763888888888889
2015-11-14 00:00:00 UTC,571,-1662,303303000,2.6276388888888889
2015-11-14 00:00:00 UTC,571,-1651,368583000,3.6311111111111112
2015-11-14 00:00:00 UTC,571,-1653,368583000,2.1461111111111113
2015-11-14 00:00:00 UTC,571,-1652,368583000,5.4456944444444435
2015-11-14 00:00:00 UTC,571,-1514,367143770,2.2590277777777779
2015-11-14 00:00:00 UTC,571,-1515,367143770,2.3740277777777781
2015-11-14 00:00:00 UTC,571,-1516,367143770,0.89166666666666661
2015-11-14 00:00:00 UTC,571,236,275099000,0.26180555555555551
2015-11-14 00:00:00 UTC,571,-71,232007570,0.25791666666666668
2015-11-14 00:00:00 UTC,571,-70,232007570,2.9404166666666667
2015-11-14 00:00:00 UTC,571,-71,235004070,0.26222222222222225
2015-11-14 00:00:00 UTC,571,-1736,367390380,4.7683333333333335
2015-11-14 00:00:00 UTC,571,-1737,367390380,0.65847222222222224
2015-11-14 00:00:00 UTC,571,-1738,367390380,1.5598611111111111
2015-11-14 00:00:00 UTC,571,-136,232006590,4.9104166666666664
2015-11-14 00:00:00 UTC,571,82,205197000,4.67236111111111
2015-11-14 00:00:00 UTC,571,81,205197000,1.8627777777777776
2015-11-14 00:00:00 UTC,-453,-640,701006086,5.09375
2015-11-14 00:00:00 UTC,-453,-639,701006086,3.2986111111111107
2015-11-14 00:00:00 UTC,-453,-639,701000729,1.4993055555555557
2015-11-14 00:00:00 UTC,-453,-640,701000729,3.8159722222222223
2015-11-14 00:00:00 UTC,-453,-638,701000764,0.84458333333333335
2015-11-14 00:00:00 UTC,-453,-639,701000764,8.76513888888889
2015-11-14 00:00:00 UTC,-453,-640,701000515,3.7691666666666666
2015-11-14 00:00:00 UTC,-453,-639,701000516,3.88875
2015-11-14 00:00:00 UTC,-453,-639,701006005,1.20125
2015-11-14 00:00:00 UTC,-453,-640,701006005,3.2405555555555554
2015-11-14 00:00:00 UTC,-453,-651,701007039,0.80972222222222223
2015-11-14 00:00:00 UTC,-453,-638,701000642,1.2755555555555556
2015-11-14 00:00:00 UTC,-453,-639,701000642,7.7486111111111118
2015-11-14 00:00:00 UTC,-453,-640,701000642,1.3059722222222221
2015-11-14 00:00:00 UTC,-453,-646,701000645,1.6090277777777779
2015-11-14 00:00:00 UTC,-453,-601,412329687,1.120138888888889
2015-11-14 00:00:00 UTC,-453,-600,412329687,0.17069444444444443
2015-11-14 00:00:00 UTC,-453,-639,701000925,5.4644444444444433
2015-11-14 00:00:00 UTC,-453,-640,701000928,4.4634722222222223
2015-11-14 00:00:00 UTC,-453,-639,701000928,0.65097222222222217
2015-11-14 00:00:00 UTC,-453,-598,770565353,0.81805555555555554
2015-11-14 00:00:00 UTC,-453,-597,770565353,3.7855555555555558
2015-11-14 00:00:00 UTC,-453,-599,770565353,0.862638888888889
2015-11-14 00:00:00 UTC,-453,-640,701006058,1.5677777777777777
2015-11-14 00:00:00 UTC,-453,-639,701006058,1.5211111111111111
2015-11-14 00:00:00 UTC,-453,-640,701006071,6.7629166666666674
2015-11-14 00:00:00 UTC,-453,-639,701000696,9.5225
2015-11-14 00:00:00 UTC,-453,-637,701000696,0.83416666666666672
2015-11-14 00:00:00 UTC,-453,-640,701000696,1.5059722222222223
2015-11-14 00:00:00 UTC,-453,-604,412371195,3.7870833333333334
2015-11-14 00:00:00 UTC,-197,-1781,520031000,5.5220833333333337
2015-11-14 00:00:00 UTC,-197,-1780,520031000,1.1475
2015-11-14 00:00:00 UTC,-197,356,416011800,12.760972222222223
2015-11-14 00:00:00 UTC,-197,-1270,416002586,0.84999999999999987
2015-11-14 00:00:00 UTC,-197,122,412331051,4.3759722222222219
2015-11-14 00:00:00 UTC,-197,121,620051000,0.71541666666666659
2015-11-14 00:00:00 UTC,-197,122,620051000,7.7255555555555553
2015-11-14 00:00:00 UTC,-197,620,645265000,1.2569444444444444
2015-11-14 00:00:00 UTC,-197,-1258,416242800,1.9288888888888889
2015-11-14 00:00:00 UTC,-197,-1260,416242800,3.8536111111111113
2015-11-14 00:00:00 UTC,-197,-1257,416242800,1.8593055555555555
2015-11-14 00:00:00 UTC,-197,115,659398000,5.3562499999999993
2015-11-14 00:00:00 UTC,-197,114,659398000,0.3611111111111111
2015-11-14 00:00:00 UTC,-197,598,416067700,4.8206944444444444
2015-11-14 00:00:00 UTC,-197,428,441242000,1.4123611111111112
2015-11-14 00:00:00 UTC,-197,426,440089000,1.85
2015-11-14 00:00:00 UTC,-197,427,440089000,2.9258333333333333
2015-11-14 00:00:00 UTC,-197,424,440089000,0.87583333333333324
2015-11-14 00:00:00 UTC,-197,425,440089000,0.81861111111111107
2015-11-14 00:00:00 UTC,-197,1601,540010700,0.57041666666666679
2015-11-14 00:00:00 UTC,-197,1616,540010700,0.375
2015-11-14 00:00:00 UTC,316,1486,431500830,4.3580555555555556
2015-11-14 00:00:00 UTC,316,-417,224101950,3.9649999999999994
2015-11-14 00:00:00 UTC,316,344,428150081,2.1051388888888889
2015-11-14 00:00:00 UTC,316,1212,200015188,8.4251388888888918
2015-11-14 00:00:00 UTC,572,-1664,367079950,3.6201388888888886
2015-11-14 00:00:00 UTC,572,-1663,367079950,3.2301388888888884
2015-11-14 00:00:00 UTC,572,1463,273898000,1.5375
2015-11-14 00:00:00 UTC,572,-1684,369524000,1.2475
2015-11-14 00:00:00 UTC,572,-1683,369524000,4.8223611111111113
2015-11-14 00:00:00 UTC,572,-1511,367189280,1.5947222222222219
2015-11-14 00:00:00 UTC,572,83,205321000,2.8988888888888891
2015-11-14 00:00:00 UTC,572,82,205321000,15.279305555555556
2015-11-14 00:00:00 UTC,572,-73,235088442,2.6748611111111109
2015-11-14 00:00:00 UTC,572,-20,234973000,0.26180555555555551
2015-11-14 00:00:00 UTC,572,-19,234973000,0.25930555555555557
2015-11-14 00:00:00 UTC,572,-1663,303303000,1.0641666666666667
2015-11-14 00:00:00 UTC,572,-1664,303303000,4.1094444444444447
2015-11-14 00:00:00 UTC,572,-1653,368583000,2.2556944444444444
2015-11-14 00:00:00 UTC,572,-1651,368583000,1.8430555555555559
2015-11-14 00:00:00 UTC,572,-1714,366480000,1.3224999999999998
2015-11-14 00:00:00 UTC,572,-1710,366480000,4.5747222222222224
2015-11-14 00:00:00 UTC,572,-1713,366480000,2.8488888888888888
2015-11-14 00:00:00 UTC,572,-1709,366480000,3.4643055555555562
2015-11-14 00:00:00 UTC,572,-1711,366480000,6.0684722222222218
2015-11-14 00:00:00 UTC,572,-1708,366480000,3.5395833333333337
2015-11-14 00:00:00 UTC,572,-71,235004070,6.6977777777777785
2015-11-14 00:00:00 UTC,572,-72,235004070,4.3256944444444443
2015-11-14 00:00:00 UTC,572,-70,235004070,1.6831944444444447
2015-11-14 00:00:00 UTC,572,-135,232006590,1.60375
2015-11-14 00:00:00 UTC,572,-131,232006590,9.80236111111111
2015-11-14 00:00:00 UTC,572,-134,232006590,7.0734722222222217
2015-11-14 00:00:00 UTC,572,-132,232006590,3.7981944444444444
2015-11-14 00:00:00 UTC,572,82,205197000,16.851805555555558
2015-11-14 00:00:00 UTC,-452,-641,701000515,1.5301388888888889
2015-11-14 00:00:00 UTC,-452,-639,701000642,2.4690277777777778
2015-11-14 00:00:00 UTC,-452,-638,701000642,0.6034722222222223
2015-11-14 00:00:00 UTC,-452,-600,412329687,1.3041666666666669
2015-11-14 00:00:00 UTC,-452,-640,701000928,2.7204166666666669
2015-11-14 00:00:00 UTC,-452,-639,701000696,1.6419444444444444
2015-11-14 00:00:00 UTC,-196,122,659424000,2.1534722222222222
2015-11-14 00:00:00 UTC,-196,-1780,520031000,1.2906944444444446
2015-11-14 00:00:00 UTC,-196,-1781,520031000,4.5858333333333334
2015-11-14 00:00:00 UTC,-196,355,416011800,6.3940277777777776
2015-11-14 00:00:00 UTC,-196,357,416011800,4.4745833333333334
2015-11-14 00:00:00 UTC,-196,122,412331051,9.64138888888889
2015-11-14 00:00:00 UTC,-196,120,620051000,1.2081944444444443
2015-11-14 00:00:00 UTC,-196,122,620051000,5.221111111111111
2015-11-14 00:00:00 UTC,-196,121,620051000,2.2652777777777779
2015-11-14 00:00:00 UTC,-196,1713,441201727,6.0959722222222226
2015-11-14 00:00:00 UTC,-196,-1257,416242800,0.80027777777777775
2015-11-14 00:00:00 UTC,-196,-1256,416242800,5.1913888888888886
2015-11-14 00:00:00 UTC,-196,114,659398000,0.55972222222222223
2015-11-14 00:00:00 UTC,-196,115,659398000,1.5888888888888888
2015-11-14 00:00:00 UTC,-196,426,440154000,1.6963888888888889
2015-11-14 00:00:00 UTC,-196,428,440154000,1.7525
2015-11-14 00:00:00 UTC,-196,429,440154000,1.23625
2015-11-14 00:00:00 UTC,-196,427,440154000,1.202361111111111
2015-11-14 00:00:00 UTC,-196,427,441242000,1.0691666666666666
2015-11-14 00:00:00 UTC,-196,426,441242000,2.0223611111111111
2015-11-14 00:00:00 UTC,-196,425,441242000,1.8493055555555555
2015-11-14 00:00:00 UTC,-196,421,440089000,4.3763888888888882
2015-11-14 00:00:00 UTC,-196,420,440089000,0.82347222222222227
2015-11-14 00:00:00 UTC,-196,423,440089000,4.7169444444444446
2015-11-14 00:00:00 UTC,-196,418,440089000,6.0905555555555555
2015-11-14 00:00:00 UTC,-196,1615,540010700,1.580138888888889
2015-11-14 00:00:00 UTC,-196,1616,540010700,0.19097222222222221
2015-11-14 00:00:00 UTC,-196,1479,503766500,16.985555555555557
2015-11-14 00:00:00 UTC,61,1674,412699950,3.5470833333333336
2015-11-14 00:00:00 UTC,61,1675,412699950,1.2690277777777776
2015-11-14 00:00:00 UTC,61,1667,412699950,4.4730555555555558
2015-11-14 00:00:00 UTC,61,1668,412699950,0.37555555555555559
2015-11-14 00:00:00 UTC,61,-786,371696000,6.0240277777777775
2015-11-14 00:00:00 UTC,61,1660,431703710,1.7044444444444444
2015-11-14 00:00:00 UTC,61,1667,431703710,5.4125000000000005
2015-11-14 00:00:00 UTC,317,1484,431500830,5.9018055555555557
2015-11-14 00:00:00 UTC,317,-417,224101950,5.0543055555555556
2015-11-14 00:00:00 UTC,317,345,428150081,16.258055555555558
2015-11-14 00:00:00 UTC,317,344,428150081,2.669861111111111
2015-11-14 00:00:00 UTC,317,-368,224241000,4.0611111111111118
2015-11-14 00:00:00 UTC,317,1562,431600490,3.2336111111111112
2015-11-14 00:00:00 UTC,317,1564,431600490,2.4538888888888888
2015-11-14 00:00:00 UTC,317,1563,431600490,2.3666666666666667
2015-11-14 00:00:00 UTC,317,-370,224115880,0.69541666666666657
2015-11-14 00:00:00 UTC,317,-369,224115880,1.0513888888888889
2015-11-14 00:00:00 UTC,317,1487,431200702,7.84611111111111
2015-11-14 00:00:00 UTC,317,1486,431200702,12.079027777777778
2015-11-14 00:00:00 UTC,573,107,219424000,2.1123611111111114
2015-11-14 00:00:00 UTC,573,-1664,367079950,2.7884722222222225
2015-11-14 00:00:00 UTC,573,-1663,367079950,3.2730555555555556
2015-11-14 00:00:00 UTC,573,1463,273898000,1.5041666666666669
2015-11-14 00:00:00 UTC,573,106,219013178,0.51180555555555562
2015-11-14 00:00:00 UTC,573,107,219013178,0.25513888888888892
2015-11-14 00:00:00 UTC,573,-1515,549000000,3.054583333333333
2015-11-14 00:00:00 UTC,573,-17,234973000,1.4788888888888891
2015-11-14 00:00:00 UTC,573,-18,234973000,1.32
2015-11-14 00:00:00 UTC,573,-1665,303303000,2.4301388888888886
2015-11-14 00:00:00 UTC,573,-1666,303303000,2.3972222222222221
2015-11-14 00:00:00 UTC,-451,-610,701045000,3.7368055555555557
2015-11-14 00:00:00 UTC,-451,-600,412329687,3.5270833333333336
2015-11-14 00:00:00 UTC,-195,-1781,520031000,1.1816666666666666
2015-11-14 00:00:00 UTC,-195,121,412331051,5.3704166666666673
2015-11-14 00:00:00 UTC,-195,581,645405000,5.2865277777777777
2015-11-14 00:00:00 UTC,-195,114,659398000,2.9415277777777775
2015-11-14 00:00:00 UTC,-195,115,659398000,0.375
2015-11-14 00:00:00 UTC,-195,598,416067700,1.7673611111111112
2015-11-14 00:00:00 UTC,-195,597,416067700,4.76486111111111
2015-11-14 00:00:00 UTC,-195,426,440154000,2.22625
2015-11-14 00:00:00 UTC,-195,428,440154000,0.56944444444444442
2015-11-14 00:00:00 UTC,-195,425,440154000,0.30402777777777779
2015-11-14 00:00:00 UTC,-195,429,440154000,0.34722222222222221
2015-11-14 00:00:00 UTC,-195,427,440154000,0.68444444444444452
2015-11-14 00:00:00 UTC,-195,427,441242000,0.94958333333333333
2015-11-14 00:00:00 UTC,-195,424,441242000,1.7018055555555556
2015-11-14 00:00:00 UTC,-195,425,441242000,0.84125
2015-11-14 00:00:00 UTC,-195,1615,540010700,2.77875
2015-11-14 00:00:00 UTC,-195,1478,503766500,12.724027777777778
2015-11-14 00:00:00 UTC,318,1209,412370188,0.18569444444444444
2015-11-14 00:00:00 UTC,318,345,428150081,1.8470833333333334
2015-11-14 00:00:00 UTC,318,1464,431000672,6.9793055555555554
2015-11-14 00:00:00 UTC,318,-368,224241000,4.0427777777777774
2015-11-14 00:00:00 UTC,318,-372,224115880,8.4484722222222217
2015-11-14 00:00:00 UTC,318,-367,224115880,0.34013888888888888
2015-11-14 00:00:00 UTC,318,-368,224115880,0.66958333333333331
2015-11-14 00:00:00 UTC,318,1486,431200702,0.34583333333333333
2015-11-14 00:00:00 UTC,318,1623,431600120,3.787638888888889
2015-11-14 00:00:00 UTC,574,107,219424000,1.5588888888888888
2015-11-14 00:00:00 UTC,574,106,219424000,5.9969444444444457
2015-11-14 00:00:00 UTC,574,-1664,367079950,0.79722222222222217
2015-11-14 00:00:00 UTC,574,-1663,367079950,0.62750000000000006
2015-11-14 00:00:00 UTC,574,1462,273898000,1.3656944444444443
2015-11-14 00:00:00 UTC,574,106,219013178,1.0266666666666666
2015-11-14 00:00:00 UTC,574,105,219013178,1.0516666666666665
2015-11-14 00:00:00 UTC,574,107,219013178,1.3902777777777779
2015-11-14 00:00:00 UTC,574,-1515,549000000,2.4586111111111117
2015-11-14 00:00:00 UTC,574,-14,234973000,0.66736111111111118
2015-11-14 00:00:00 UTC,574,-16,234973000,0.96777777777777774
2015-11-14 00:00:00 UTC,574,-15,234973000,0.90527777777777763
2015-11-14 00:00:00 UTC,574,-17,234973000,0.834861111111111
2015-11-14 00:00:00 UTC,574,-72,235071578,0.2673611111111111
2015-11-14 00:00:00 UTC,-450,-595,770565353,0.66
2015-11-14 00:00:00 UTC,-450,-596,770565353,0.87361111111111112
2015-11-14 00:00:00 UTC,-194,-1781,520031000,4.0527777777777771
2015-11-14 00:00:00 UTC,-194,1714,441201729,1.9405555555555556
2015-11-14 00:00:00 UTC,-194,1715,441201729,4.0125
2015-11-14 00:00:00 UTC,-194,580,645405000,4.544027777777778
2015-11-14 00:00:00 UTC,-194,1721,520050000,9.1095833333333349
2015-11-14 00:00:00 UTC,-194,425,441233000,1.871388888888889
2015-11-14 00:00:00 UTC,-194,420,441233000,4.5609722222222224
2015-11-14 00:00:00 UTC,-194,427,441233000,1.72125
2015-11-14 00:00:00 UTC,-194,429,441233000,1.8636111111111111
2015-11-14 00:00:00 UTC,-194,608,645265000,0.45416666666666672
2015-11-14 00:00:00 UTC,-194,607,645265000,1.5459722222222221
2015-11-14 00:00:00 UTC,-194,-1265,416242800,3.6368055555555552
2015-11-14 00:00:00 UTC,-194,114,659398000,1.1155555555555556
2015-11-14 00:00:00 UTC,-194,422,440154000,1.309722222222222
2015-11-14 00:00:00 UTC,-194,425,440154000,1.6009722222222222
2015-11-14 00:00:00 UTC,-194,420,440154000,7.0086111111111107
2015-11-14 00:00:00 UTC,-194,421,440154000,0.63375
2015-11-14 00:00:00 UTC,-194,424,440154000,3.4615277777777775
2015-11-14 00:00:00 UTC,-194,422,441242000,0.763611111111111
2015-11-14 00:00:00 UTC,-194,424,441242000,0.74749999999999994
2015-11-14 00:00:00 UTC,-194,420,441242000,4.4062500000000009
2015-11-14 00:00:00 UTC,-194,421,441242000,0.35180555555555554
2015-11-14 00:00:00 UTC,-194,423,441242000,3.7570833333333336
2015-11-14 00:00:00 UTC,-194,429,441644000,1.3651388888888889
2015-11-14 00:00:00 UTC,-194,426,441644000,1.7183333333333333
2015-11-14 00:00:00 UTC,-194,428,441644000,1.2038888888888888
2015-11-14 00:00:00 UTC,-194,431,441644000,1.466388888888889
2015-11-14 00:00:00 UTC,63,1665,431703710,2.8041666666666667
2015-11-14 00:00:00 UTC,63,1666,431703710,1.3669444444444443
2015-11-14 00:00:00 UTC,319,346,428433000,5.0881944444444445
2015-11-14 00:00:00 UTC,319,345,428433000,1.0241666666666667
2015-11-14 00:00:00 UTC,319,1565,431600490,3.825277777777778
2015-11-14 00:00:00 UTC,319,-367,224115880,0.75
2015-11-14 00:00:00 UTC,319,-366,224115880,0.4473611111111111
2015-11-14 00:00:00 UTC,319,1484,431601070,1.6048611111111111
2015-11-14 00:00:00 UTC,319,1623,431600078,6.4294444444444441
2015-11-14 00:00:00 UTC,319,1465,431601130,11.708472222222222
2015-11-14 00:00:00 UTC,319,1622,431600120,2.3543055555555554
2015-11-14 00:00:00 UTC,575,106,219424000,1.94625
2015-11-14 00:00:00 UTC,575,106,219936000,4.3563888888888895
2015-11-14 00:00:00 UTC,575,107,219936000,1.12
2015-11-14 00:00:00 UTC,575,-58,235008523,0.81263888888888891
2015-11-14 00:00:00 UTC,575,106,220138000,0.79652777777777772
2015-11-14 00:00:00 UTC,575,229,275274000,1.608888888888889
2015-11-14 00:00:00 UTC,575,107,220127000,0.87041666666666662
2015-11-14 00:00:00 UTC,575,-65,235054892,4.705000000000001
2015-11-14 00:00:00 UTC,575,107,219013178,1.4586111111111111
2015-11-14 00:00:00 UTC,575,106,219013178,1.1370833333333334
2015-11-14 00:00:00 UTC,575,-1519,549000000,1.5975
2015-11-14 00:00:00 UTC,575,-1518,549000000,1.5691666666666666
2015-11-14 00:00:00 UTC,575,-1517,549000000,0.86527777777777781
2015-11-14 00:00:00 UTC,575,-1516,549000000,0.74152777777777779
2015-11-14 00:00:00 UTC,575,-14,234973000,2.7705555555555557
2015-11-14 00:00:00 UTC,575,-13,234973000,0.80902777777777779
2015-11-14 00:00:00 UTC,575,1502,273351500,3.1627777777777775
2015-11-14 00:00:00 UTC,575,1501,273351500,2.9459722222222222
2015-11-14 00:00:00 UTC,575,105,219004242,0.83666666666666667
2015-11-14 00:00:00 UTC,575,106,219004242,2.9072222222222219
2015-11-14 00:00:00 UTC,575,-71,235071578,7.9608333333333334
2015-11-14 00:00:00 UTC,575,-72,235071578,2.189861111111111
2015-11-14 00:00:00 UTC,575,106,219004275,4.1887500000000006
2015-11-14 00:00:00 UTC,575,105,219004275,0.25555555555555554
2015-11-14 00:00:00 UTC,575,1501,273384310,2.3081944444444447
2015-11-14 00:00:00 UTC,575,1503,273384310,3.1868055555555554
2015-11-14 00:00:00 UTC,575,1500,273384310,4.4461111111111107
2015-11-14 00:00:00 UTC,575,1502,273384310,2.3279166666666669
2015-11-14 00:00:00 UTC,575,106,219001976,5.69486111111111
2015-11-14 00:00:00 UTC,575,107,219001976,1.1551388888888889
2015-11-14 00:00:00 UTC,575,228,275258000,24.926111111111116
2015-11-14 00:00:00 UTC,575,227,275258000,2.17375
2015-11-14 00:00:00 UTC,575,-1710,366297000,0.36458333333333331
2015-11-14 00:00:00 UTC,575,-1712,366297000,6.0206944444444446
2015-11-14 00:00:00 UTC,575,-1711,366297000,4.245555555555554
2015-11-14 00:00:00 UTC,575,-1713,366297000,2.9352777777777779
2015-11-14 00:00:00 UTC,575,-1714,366297000,3.2344444444444438
2015-11-14 00:00:00 UTC,575,-71,235091884,1.9654166666666668
2015-11-14 00:00:00 UTC,575,105,219001518,0.25138888888888888
2015-11-14 00:00:00 UTC,575,107,219001518,0.27611111111111108
2015-11-14 00:00:00 UTC,575,106,219001518,7.672361111111111
2015-11-14 00:00:00 UTC,575,106,220334000,0.51902777777777787
2015-11-14 00:00:00 UTC,575,-241,431245000,1.275
2015-11-14 00:00:00 UTC,575,55,257079000,23.100694444444443
2015-11-14 00:00:00 UTC,575,54,257079000,0.35041666666666671
2015-11-14 00:00:00 UTC,-449,-610,701045000,1.5305555555555554
2015-11-14 00:00:00 UTC,-449,-658,701097000,2.2120833333333332
2015-11-14 00:00:00 UTC,-193,-1782,520031000,3.1359722222222222
2015-11-14 00:00:00 UTC,-193,-1781,520031000,3.2055555555555553
2015-11-14 00:00:00 UTC,-193,1714,441201729,2.0531944444444443
2015-11-14 00:00:00 UTC,-193,1713,441201729,6.0791666666666675
2015-11-14 00:00:00 UTC,-193,578,645405000,7.2063888888888883
2015-11-14 00:00:00 UTC,-193,424,441233000,5.1993055555555552
2015-11-14 00:00:00 UTC,-193,421,441233000,1.5111111111111111
2015-11-14 00:00:00 UTC,-193,423,441233000,4.6941666666666668
2015-11-14 00:00:00 UTC,-193,608,645265000,1.6287500000000001
2015-11-14 00:00:00 UTC,-193,610,645265000,1.5086111111111111
2015-11-14 00:00:00 UTC,-193,609,645265000,2.1454166666666667
2015-11-14 00:00:00 UTC,-193,612,645265000,6.1413888888888888
2015-11-14 00:00:00 UTC,-193,424,441644000,0.91124999999999989
2015-11-14 00:00:00 UTC,-193,423,441644000,4.1386111111111106
2015-11-14 00:00:00 UTC,-193,425,441644000,0.93541666666666656
2015-11-14 00:00:00 UTC,64,1676,412699950,0.39569444444444446
2015-11-14 00:00:00 UTC,320,346,428433000,3.8120833333333333
2015-11-14 00:00:00 UTC,320,-365,224115880,0.58472222222222214
2015-11-14 00:00:00 UTC,320,-366,224115880,0.5790277777777777
2015-11-14 00:00:00 UTC,320,-367,224115880,3.8884722222222226
2015-11-14 00:00:00 UTC,576,107,219936000,3.9804166666666672
2015-11-14 00:00:00 UTC,576,106,219936000,1.6372222222222224
2015-11-14 00:00:00 UTC,576,1502,273436430,5.1573611111111113
2015-11-14 00:00:00 UTC,576,106,220138000,0.25555555555555554
2015-11-14 00:00:00 UTC,576,86,220138000,0.68638888888888894
2015-11-14 00:00:00 UTC,576,85,220138000,1.1047222222222222
2015-11-14 00:00:00 UTC,576,229,275274000,1.974722222222222
2015-11-14 00:00:00 UTC,576,110,220127000,1.0402777777777779
2015-11-14 00:00:00 UTC,576,-65,235054892,0.56152777777777785
2015-11-14 00:00:00 UTC,576,-60,232004676,0.54694444444444446
2015-11-14 00:00:00 UTC,576,1501,273351500,4.4748611111111112
2015-11-14 00:00:00 UTC,576,1503,273351500,3.6730555555555555
2015-11-14 00:00:00 UTC,576,1502,273351500,6.4869444444444442
2015-11-14 00:00:00 UTC,576,106,219004242,0.54
2015-11-14 00:00:00 UTC,576,-71,235102047,1.1906944444444445
2015-11-14 00:00:00 UTC,576,-72,235102047,0.29194444444444445
2015-11-14 00:00:00 UTC,576,86,219013485,1.0493055555555555
2015-11-14 00:00:00 UTC,576,85,219013485,1.421388888888889
2015-11-14 00:00:00 UTC,576,106,219004275,2.074583333333333
2015-11-14 00:00:00 UTC,576,108,219004275,0.42041666666666666
2015-11-14 00:00:00 UTC,576,107,219004275,1.7602777777777778
2015-11-14 00:00:00 UTC,576,1502,273384310,1.5773611111111112
2015-11-14 00:00:00 UTC,576,1501,273384310,6.3048611111111121
2015-11-14 00:00:00 UTC,576,1505,273384310,1.5934722222222222
2015-11-14 00:00:00 UTC,576,1504,273384310,2.0290277777777779
2015-11-14 00:00:00 UTC,576,107,219001976,3.2759722222222218
2015-11-14 00:00:00 UTC,576,106,219001976,1.5723611111111111
2015-11-14 00:00:00 UTC,576,107,219439000,6.4506944444444443
2015-11-14 00:00:00 UTC,576,106,219439000,8.4991666666666674
2015-11-14 00:00:00 UTC,576,-31,235070113,0.25847222222222221
2015-11-14 00:00:00 UTC,576,-1713,366297000,0.61597222222222225
2015-11-14 00:00:00 UTC,576,-1712,366297000,1.9368055555555554
2015-11-14 00:00:00 UTC,576,-1714,366297000,0.18000000000000002
2015-11-14 00:00:00 UTC,576,86,219801000,1.9845833333333334
2015-11-14 00:00:00 UTC,576,85,219801000,4.4725
2015-11-14 00:00:00 UTC,576,83,219801000,2.7906944444444441
2015-11-14 00:00:00 UTC,576,84,219801000,4.5226388888888884
2015-11-14 00:00:00 UTC,576,-71,235091884,0.824861111111111
2015-11-14 00:00:00 UTC,576,83,219010989,1.3623611111111109
2015-11-14 00:00:00 UTC,576,84,219010989,1.7940277777777776
2015-11-14 00:00:00 UTC,576,79,219010989,1.9073611111111111
2015-11-14 00:00:00 UTC,576,80,219010989,1.2941666666666667
2015-11-14 00:00:00 UTC,576,82,219010989,2.9631944444444449
2015-11-14 00:00:00 UTC,576,81,219010989,2.37875
2015-11-14 00:00:00 UTC,576,107,219001518,6.1184722222222225
2015-11-14 00:00:00 UTC,576,106,219001518,2.6854166666666668
2015-11-14 00:00:00 UTC,576,106,220334000,12.437638888888888
2015-11-14 00:00:00 UTC,576,-69,235084486,1.1043055555555557
2015-11-14 00:00:00 UTC,576,-70,235084486,2.5876388888888888
2015-11-14 00:00:00 UTC,576,-39,235000529,4.3252777777777771
2015-11-14 00:00:00 UTC,576,-38,235000529,1.0909722222222222
2015-11-14 00:00:00 UTC,576,66,257537000,3.0522222222222224
2015-11-14 00:00:00 UTC,576,-38,235106041,1.6205555555555553
2015-11-14 00:00:00 UTC,576,-39,235106041,4.6340277777777779
2015-11-14 00:00:00 UTC,576,-37,235106041,0.53777777777777769
2015-11-14 00:00:00 UTC,-448,1715,512000041,1.0299999999999998
2015-11-14 00:00:00 UTC,-448,-610,701000512,7.8008333333333342
2015-11-14 00:00:00 UTC,-448,-595,770565353,0.756388888888889
2015-11-14 00:00:00 UTC,-448,-594,770565353,4.1997222222222224
2015-11-14 00:00:00 UTC,-192,-1253,412420906,2.3216666666666668
2015-11-14 00:00:00 UTC,-192,1713,441201729,4.5219444444444443
2015-11-14 00:00:00 UTC,-192,1758,520189000,2.92
2015-11-14 00:00:00 UTC,-192,1740,412691540,6.8693055555555551
2015-11-14 00:00:00 UTC,-192,1739,412691540,2.0523611111111113
2015-11-14 00:00:00 UTC,-192,-1266,416242800,1.1715277777777779
2015-11-14 00:00:00 UTC,-192,420,441644000,0.84847222222222207
2015-11-14 00:00:00 UTC,-192,418,441644000,6.6681944444444445
2015-11-14 00:00:00 UTC,65,1676,412699950,0.38305555555555554
2015-11-14 00:00:00 UTC,65,1673,510014000,3.385
2015-11-14 00:00:00 UTC,65,1674,510014000,0.90124999999999988
2015-11-14 00:00:00 UTC,65,1675,510014000,0.29208333333333331
2015-11-14 00:00:00 UTC,65,1666,412699560,3.2631944444444443
2015-11-14 00:00:00 UTC,321,-1179,367656250,2.1456944444444446
2015-11-14 00:00:00 UTC,321,347,428150610,0.53347222222222224
2015-11-14 00:00:00 UTC,321,346,428150610,6.6834722222222229
2015-11-14 00:00:00 UTC,321,346,428433000,4.9283333333333337
2015-11-14 00:00:00 UTC,321,1566,431600490,2.3875
2015-11-14 00:00:00 UTC,321,-365,224115880,0.49555555555555553
2015-11-14 00:00:00 UTC,321,-364,224115880,0.49319444444444444
2015-11-14 00:00:00 UTC,321,-366,224115880,1.9309722222222223
2015-11-14 00:00:00 UTC,321,1559,431001016,8.2670833333333338
2015-11-14 00:00:00 UTC,577,107,219936000,1.3843055555555552
2015-11-14 00:00:00 UTC,577,106,219936000,1.6769444444444446
2015-11-14 00:00:00 UTC,577,1507,273436430,4.0209722222222224
2015-11-14 00:00:00 UTC,577,1502,273436430,1.6005555555555555
2015-11-14 00:00:00 UTC,577,1506,273436430,1.6045833333333333
2015-11-14 00:00:00 UTC,577,87,220138000,4.2970833333333331
2015-11-14 00:00:00 UTC,577,85,220138000,0.27666666666666667
2015-11-14 00:00:00 UTC,577,88,220138000,2.0693055555555553
2015-11-14 00:00:00 UTC,577,86,220138000,2.4669444444444446
2015-11-14 00:00:00 UTC,577,111,220127000,0.37833333333333335
2015-11-14 00:00:00 UTC,577,108,220127000,0.3025
2015-11-14 00:00:00 UTC,577,86,219443000,2.3747222222222222
2015-11-14 00:00:00 UTC,577,85,219443000,3.2423611111111108
2015-11-14 00:00:00 UTC,577,88,219443000,0.27666666666666667
2015-11-14 00:00:00 UTC,577,87,219443000,1.6369444444444445
2015-11-14 00:00:00 UTC,577,84,219443000,0.555138888888889
2015-11-14 00:00:00 UTC,577,-60,232004676,2.158611111111111
2015-11-14 00:00:00 UTC,577,-61,232004676,0.80333333333333323
2015-11-14 00:00:00 UTC,577,86,219013485,3.5827777777777783
2015-11-14 00:00:00 UTC,577,89,219013485,0.77499999999999991
2015-11-14 00:00:00 UTC,577,88,219013485,1.6080555555555556
2015-11-14 00:00:00 UTC,577,85,219013485,1.1806944444444445
2015-11-14 00:00:00 UTC,577,87,219013485,5.808472222222222
2015-11-14 00:00:00 UTC,577,106,219004275,2.1036111111111109
2015-11-14 00:00:00 UTC,577,226,275173000,1.83375
2015-11-14 00:00:00 UTC,577,-31,235070113,0.829861111111111
2015-11-14 00:00:00 UTC,577,87,219801000,2.1068055555555554
2015-11-14 00:00:00 UTC,577,86,219801000,2.5068055555555557
2015-11-14 00:00:00 UTC,577,88,219801000,4.5859722222222219
2015-11-14 00:00:00 UTC,577,84,219010989,1.8029166666666665
2015-11-14 00:00:00 UTC,577,82,219010989,0.76527777777777772
2015-11-14 00:00:00 UTC,577,87,219010989,1.065
2015-11-14 00:00:00 UTC,577,83,219010989,1.5798611111111112
2015-11-14 00:00:00 UTC,577,85,219010989,3.2431944444444443
2015-11-14 00:00:00 UTC,577,86,219010989,3.6794444444444441
2015-11-14 00:00:00 UTC,577,-69,235084486,0.52944444444444438
2015-11-14 00:00:00 UTC,577,-38,235000529,1.3208333333333333
2015-11-14 00:00:00 UTC,577,-37,235000529,0.26625
2015-11-14 00:00:00 UTC,577,61,257537000,6.3109722222222224
2015-11-14 00:00:00 UTC,577,63,257537000,0.54194444444444445
2015-11-14 00:00:00 UTC,577,64,257537000,0.58513888888888888
2015-11-14 00:00:00 UTC,577,62,257537000,1.0787499999999999
2015-11-14 00:00:00 UTC,577,-37,235106041,1.345
2015-11-14 00:00:00 UTC,-447,-610,701045000,1.2961111111111112
2015-11-14 00:00:00 UTC,-447,-614,701045000,3.798888888888889
2015-11-14 00:00:00 UTC,-447,1715,512000041,0.26277777777777778
2015-11-14 00:00:00 UTC,-447,1714,512000041,1.2743055555555558
2015-11-14 00:00:00 UTC,-447,1713,512000041,0.14986111111111111
2015-11-14 00:00:00 UTC,-447,-610,701000512,12.024583333333334
2015-11-14 00:00:00 UTC,-191,-1255,412420906,1.3338888888888887
2015-11-14 00:00:00 UTC,-191,-1254,412420906,1.3431944444444444
2015-11-14 00:00:00 UTC,-191,1757,520189000,1.3051388888888888
2015-11-14 00:00:00 UTC,-191,1759,520189000,3.7706944444444441
2015-11-14 00:00:00 UTC,-191,1739,412691540,3.7593055555555557
2015-11-14 00:00:00 UTC,-191,-1267,416242800,5.3581944444444449
2015-11-14 00:00:00 UTC,-191,1740,412694520,1.0779166666666666
2015-11-14 00:00:00 UTC,-191,1741,412694520,2.6140277777777778
2015-11-14 00:00:00 UTC,66,1676,412699950,3.0283333333333338
2015-11-14 00:00:00 UTC,66,1672,412699560,3.9018055555555557
2015-11-14 00:00:00 UTC,66,1667,412699560,1.1847222222222222
2015-11-14 00:00:00 UTC,66,1666,412699560,0.98847222222222231
2015-11-14 00:00:00 UTC,66,1668,412699560,2.5991666666666666
2015-11-14 00:00:00 UTC,322,347,428150610,1.4500000000000002
2015-11-14 00:00:00 UTC,322,346,428150610,4.420694444444444
2015-11-14 00:00:00 UTC,322,1566,431600490,6.3920833333333338
2015-11-14 00:00:00 UTC,322,-364,224115880,1.5
2015-11-14 00:00:00 UTC,322,1557,431501250,6.4375
2015-11-14 00:00:00 UTC,578,1501,273436430,1.6295833333333332
2015-11-14 00:00:00 UTC,578,1502,273436430,4.5898611111111105
2015-11-14 00:00:00 UTC,578,1503,273436430,2.9136111111111109
2015-11-14 00:00:00 UTC,578,89,220138000,2.4781944444444446
2015-11-14 00:00:00 UTC,578,91,219443000,7.756388888888889
2015-11-14 00:00:00 UTC,578,88,219443000,1.3984722222222219
2015-11-14 00:00:00 UTC,578,89,219443000,1.5011111111111113
2015-11-14 00:00:00 UTC,578,90,219443000,2.484861111111111
2015-11-14 00:00:00 UTC,578,-61,232004676,0.54541666666666666
2015-11-14 00:00:00 UTC,578,-62,232004676,2.11125
2015-11-14 00:00:00 UTC,578,89,219013485,2.2256944444444446
2015-11-14 00:00:00 UTC,578,90,219013485,4.9273611111111109
2015-11-14 00:00:00 UTC,578,88,219013485,1.0083333333333333
2015-11-14 00:00:00 UTC,578,-1537,367426420,0.064166666666666664
2015-11-14 00:00:00 UTC,578,225,275173000,2.5905555555555555
2015-11-14 00:00:00 UTC,578,226,275173000,2.5898611111111114
2015-11-14 00:00:00 UTC,578,89,219013539,8.04888888888889
2015-11-14 00:00:00 UTC,578,-1672,367331540,0.34069444444444441
2015-11-14 00:00:00 UTC,-446,-610,701045000,1.4106944444444445
2015-11-14 00:00:00 UTC,-446,-614,701045000,1.4727777777777775
2015-11-14 00:00:00 UTC,-446,1714,512000041,3.3498611111111116
2015-11-14 00:00:00 UTC,-446,1713,512000041,0.96694444444444438
2015-11-14 00:00:00 UTC,-446,-611,701000512,6.9258333333333333
2015-11-14 00:00:00 UTC,-446,1715,512002264,1.607777777777778
2015-11-14 00:00:00 UTC,-446,1714,512002264,0.78763888888888878
2015-11-14 00:00:00 UTC,-190,-1251,416002581,4.2156944444444449
2015-11-14 00:00:00 UTC,-190,-1256,412420906,2.8248611111111113
2015-11-14 00:00:00 UTC,-190,-1255,412420906,0.85527777777777769
2015-11-14 00:00:00 UTC,-190,1757,520189000,6.8837499999999991
2015-11-14 00:00:00 UTC,-190,1737,412691540,6.8601388888888879
2015-11-14 00:00:00 UTC,-190,393,432228000,0.069722222222222227
2015-11-14 00:00:00 UTC,-190,394,432228000,0.66194444444444445
2015-11-14 00:00:00 UTC,-190,395,432228000,0.92972222222222223
2015-11-14 00:00:00 UTC,-190,388,431714000,4.0002777777777778
2015-11-14 00:00:00 UTC,-190,1739,412694520,5.9490277777777774
2015-11-14 00:00:00 UTC,-190,1740,412694520,3.234861111111111
2015-11-14 00:00:00 UTC,-190,1737,412694520,3.0886111111111108
2015-11-14 00:00:00 UTC,67,1669,510032000,3.9934722222222225
2015-11-14 00:00:00 UTC,67,1670,510032000,0.74333333333333329
2015-11-14 00:00:00 UTC,67,1671,510032000,3.3081944444444447
2015-11-14 00:00:00 UTC,67,1663,431703710,3.84125
2015-11-14 00:00:00 UTC,323,347,428150610,10.264166666666666
2015-11-14 00:00:00 UTC,323,-474,224068000,2.8484722222222221
2015-11-14 00:00:00 UTC,323,-473,224068000,4.5122222222222224
2015-11-14 00:00:00 UTC,323,-365,224115880,2.2488888888888887
2015-11-14 00:00:00 UTC,323,1214,412354519,11.020138888888889
2015-11-14 00:00:00 UTC,579,-54,235088896,0.26263888888888887
2015-11-14 00:00:00 UTC,579,1635,273840900,13.572222222222225
2015-11-14 00:00:00 UTC,579,1636,273840900,7.3909722222222225
2015-11-14 00:00:00 UTC,579,47,219765000,0.50944444444444437
2015-11-14 00:00:00 UTC,579,51,219765000,0.29347222222222225
2015-11-14 00:00:00 UTC,579,46,219765000,2.9363888888888892
2015-11-14 00:00:00 UTC,579,50,219765000,0.31097222222222221
2015-11-14 00:00:00 UTC,579,45,219765000,0.25069444444444444
2015-11-14 00:00:00 UTC,579,-65,235109926,4.38361111111111
2015-11-14 00:00:00 UTC,579,-1674,338643000,3.1870833333333328
2015-11-14 00:00:00 UTC,579,-1673,338643000,3.9645833333333327
2015-11-14 00:00:00 UTC,579,1528,273438080,3.2429166666666673
2015-11-14 00:00:00 UTC,579,1527,273438080,1.6606944444444443
2015-11-14 00:00:00 UTC,579,1526,273438080,1.6156944444444443
2015-11-14 00:00:00 UTC,579,-1700,366864000,0.94222222222222218
2015-11-14 00:00:00 UTC,579,-1672,366864000,1.6416666666666666
2015-11-14 00:00:00 UTC,579,-1699,366864000,0.1736111111111111
2015-11-14 00:00:00 UTC,579,-1702,366864000,0.14416666666666667
2015-11-14 00:00:00 UTC,579,-1674,366864000,1.5598611111111109
2015-11-14 00:00:00 UTC,579,-1701,366864000,0.96791666666666676
2015-11-14 00:00:00 UTC,579,-1669,366864000,2.3240277777777778
2015-11-14 00:00:00 UTC,579,231,276282000,0.49444444444444446
2015-11-14 00:00:00 UTC,579,232,276282000,8.8784722222222232
2015-11-14 00:00:00 UTC,579,50,258542000,0.85041666666666671
2015-11-14 00:00:00 UTC,579,49,258542000,0.78000000000000014
2015-11-14 00:00:00 UTC,579,-1672,367331540,5.0508333333333333
2015-11-14 00:00:00 UTC,579,-1673,367331540,1.6131944444444444
2015-11-14 00:00:00 UTC,579,-1711,366433000,0.94249999999999989
2015-11-14 00:00:00 UTC,579,-1714,366433000,1.4720833333333334
2015-11-14 00:00:00 UTC,579,-1712,366433000,1.1020833333333333
2015-11-14 00:00:00 UTC,579,-1713,366433000,1.3913888888888886
2015-11-14 00:00:00 UTC,579,50,257537000,1.5911111111111111
2015-11-14 00:00:00 UTC,579,51,257537000,0.39305555555555555
2015-11-14 00:00:00 UTC,-445,-614,701045000,5.012777777777778
2015-11-14 00:00:00 UTC,-445,1714,512000041,7.3418055555555544
2015-11-14 00:00:00 UTC,-445,1716,512002262,2.1533333333333333
2015-11-14 00:00:00 UTC,-445,1715,512002264,1.9293055555555556
2015-11-14 00:00:00 UTC,-189,1720,441201729,4.07736111111111
2015-11-14 00:00:00 UTC,-189,575,645405000,9.5627777777777787
2015-11-14 00:00:00 UTC,-189,1757,520189000,0.18694444444444444
2015-11-14 00:00:00 UTC,-189,1760,520189000,4.3143055555555554
2015-11-14 00:00:00 UTC,-189,1759,520189000,3.2834722222222221
2015-11-14 00:00:00 UTC,-189,1758,520189000,0.84180555555555558
2015-11-14 00:00:00 UTC,-189,395,432228000,0.45013888888888887
2015-11-14 00:00:00 UTC,-189,396,432228000,0.41097222222222218
2015-11-14 00:00:00 UTC,-189,388,431714000,4.3873611111111108
2015-11-14 00:00:00 UTC,-189,1736,412694520,1.3111111111111111
2015-11-14 00:00:00 UTC,-189,1737,412694520,4.649861111111111
2015-11-14 00:00:00 UTC,-189,1735,412694520,1.8238888888888889
2015-11-14 00:00:00 UTC,-189,559,660002300,3.1284722222222223
2015-11-14 00:00:00 UTC,68,1675,412699950,3.326944444444444
2015-11-14 00:00:00 UTC,68,1676,412699950,1.776388888888889
2015-11-14 00:00:00 UTC,68,1662,431703710,3.8754166666666663
2015-11-14 00:00:00 UTC,68,1664,412699560,1.7140277777777777
2015-11-14 00:00:00 UTC,68,1672,412699560,7.1468055555555559
2015-11-14 00:00:00 UTC,68,1666,412699560,3.033611111111111
2015-11-14 00:00:00 UTC,324,347,428150610,0.51541666666666663
2015-11-14 00:00:00 UTC,324,1612,431377000,2.4001388888888888
2015-11-14 00:00:00 UTC,324,-475,224068000,1.1611111111111112
2015-11-14 00:00:00 UTC,324,-474,224068000,0.33208333333333334
2015-11-14 00:00:00 UTC,324,1218,320702388,5.2469444444444449
2015-11-14 00:00:00 UTC,324,1217,320702388,9.3997222222222234
2015-11-14 00:00:00 UTC,324,1559,431001016,12.258194444444444
2015-11-14 00:00:00 UTC,324,1320,431600330,4.9898611111111109
2015-11-14 00:00:00 UTC,324,1319,431600330,16.706944444444446
2015-11-14 00:00:00 UTC,324,1215,412354519,2.2848611111111117
2015-11-14 00:00:00 UTC,324,1214,412354519,0.12069444444444444
2015-11-14 00:00:00 UTC,580,1637,273840900,2.649027777777778
2015-11-14 00:00:00 UTC,580,49,219765000,1.03625
2015-11-14 00:00:00 UTC,580,48,219765000,1.0373611111111112
2015-11-14 00:00:00 UTC,580,47,219765000,5.6494444444444447
2015-11-14 00:00:00 UTC,580,46,219765000,0.95972222222222214
2015-11-14 00:00:00 UTC,580,50,219765000,1.0898611111111109
2015-11-14 00:00:00 UTC,580,-64,235112983,0.2663888888888889
2015-11-14 00:00:00 UTC,580,-1674,338643000,9.8625
2015-11-14 00:00:00 UTC,580,-1675,338643000,0.99263888888888885
2015-11-14 00:00:00 UTC,580,6,235007080,0.51402777777777775
2015-11-14 00:00:00 UTC,580,7,235007080,0.26069444444444445
2015-11-14 00:00:00 UTC,580,5,235007080,0.51319444444444451
2015-11-14 00:00:00 UTC,580,1529,273438080,5.2458333333333345
2015-11-14 00:00:00 UTC,580,1530,273438080,2.7213888888888889
2015-11-14 00:00:00 UTC,580,1532,273438080,1.3681944444444445
2015-11-14 00:00:00 UTC,580,1528,273438080,1.5997222222222223
2015-11-14 00:00:00 UTC,580,1531,273438080,3.0781944444444447
2015-11-14 00:00:00 UTC,580,231,276282000,0.30374999999999996
2015-11-14 00:00:00 UTC,580,-64,235001503,1.6043055555555554
2015-11-14 00:00:00 UTC,580,48,258542000,0.25791666666666668
2015-11-14 00:00:00 UTC,580,-1673,367331540,1.6224999999999998
2015-11-14 00:00:00 UTC,580,-1672,367331540,5.7004166666666665
2015-11-14 00:00:00 UTC,580,-1716,366433000,0.28319444444444447
2015-11-14 00:00:00 UTC,580,-1719,366433000,0.94430555555555551
2015-11-14 00:00:00 UTC,580,-1718,366433000,1.9863888888888888
2015-11-14 00:00:00 UTC,580,-1713,366433000,1.9419444444444445
2015-11-14 00:00:00 UTC,580,-1717,366433000,3.4956944444444442
2015-11-14 00:00:00 UTC,580,-1711,366433000,0.34069444444444441
2015-11-14 00:00:00 UTC,580,-1715,366433000,2.0069444444444446
2015-11-14 00:00:00 UTC,580,-1712,366433000,3.5751388888888882
2015-11-14 00:00:00 UTC,580,-1714,366433000,4.3409722222222218
2015-11-14 00:00:00 UTC,580,51,257537000,7.7055555555555557
2015-11-14 00:00:00 UTC,580,13,235077608,1.5691666666666666
2015-11-14 00:00:00 UTC,580,13,235008490,4.483888888888889
2015-11-14 00:00:00 UTC,-444,1713,512000041,0.53375
2015-11-14 00:00:00 UTC,-444,1714,512000041,2.1265277777777771
2015-11-14 00:00:00 UTC,-444,-610,701006168,3.8258333333333332
2015-11-14 00:00:00 UTC,-444,1716,512002262,1.07125
2015-11-14 00:00:00 UTC,-444,1717,512002262,0.29874999999999996
2015-11-14 00:00:00 UTC,-444,1712,512002262,0.66791666666666671
2015-11-14 00:00:00 UTC,-444,1713,512002264,0.80041666666666655
2015-11-14 00:00:00 UTC,-444,1714,512002264,0.27513888888888888
2015-11-14 00:00:00 UTC,-188,-1250,416002581,5.8711111111111105
2015-11-14 00:00:00 UTC,-188,-1251,416002581,5.8411111111111111
2015-11-14 00:00:00 UTC,-188,-1252,416002581,1.3311111111111111
2015-11-14 00:00:00 UTC,-188,-1258,412420906,2.8159722222222219
2015-11-14 00:00:00 UTC,-188,397,432228000,0.5774999999999999
2015-11-14 00:00:00 UTC,-188,394,432228000,0.5558333333333334
2015-11-14 00:00:00 UTC,-188,393,432228000,0.52347222222222223
2015-11-14 00:00:00 UTC,-188,395,432228000,0.62763888888888886
2015-11-14 00:00:00 UTC,-188,392,432228000,0.36541666666666661
2015-11-14 00:00:00 UTC,-188,396,432228000,3.86875
2015-11-14 00:00:00 UTC,-188,-704,725019300,1.9720833333333332
2015-11-14 00:00:00 UTC,-188,1702,412689870,3.9927777777777775
2015-11-14 00:00:00 UTC,-188,386,431714000,1.462361111111111
2015-11-14 00:00:00 UTC,-188,387,431714000,0.6084722222222223
2015-11-14 00:00:00 UTC,-188,560,660002300,0.70611111111111113
2015-11-14 00:00:00 UTC,325,1214,412352829,0.44819444444444445
2015-11-14 00:00:00 UTC,325,1559,431003457,8.2130555555555542
2015-11-14 00:00:00 UTC,325,347,428150089,0.53305555555555562
2015-11-14 00:00:00 UTC,325,-801,367107940,12.452500000000004
2015-11-14 00:00:00 UTC,325,-802,367107940,1.1044444444444443
2015-11-14 00:00:00 UTC,325,-800,367107940,0.80777777777777782
2015-11-14 00:00:00 UTC,325,1217,412364152,5.3827777777777781
2015-11-14 00:00:00 UTC,325,-476,224068000,5.1975
2015-11-14 00:00:00 UTC,325,1215,412354541,6.965
2015-11-14 00:00:00 UTC,325,1214,812354543,3.708333333333333
2015-11-14 00:00:00 UTC,581,-64,235112983,2.411944444444444
2015-11-14 00:00:00 UTC,581,99,219294000,4.78625
2015-11-14 00:00:00 UTC,581,100,219294000,2.1488888888888886
2015-11-14 00:00:00 UTC,581,13,235166000,3.9463888888888889
2015-11-14 00:00:00 UTC,581,-1676,338643000,0.12513888888888888
2015-11-14 00:00:00 UTC,581,-1675,338643000,4.2454166666666673
2015-11-14 00:00:00 UTC,581,13,235059791,1.9269444444444443
2015-11-14 00:00:00 UTC,581,6,233714000,1.5413888888888887
2015-11-14 00:00:00 UTC,581,3,233714000,1.3195833333333333
2015-11-14 00:00:00 UTC,581,4,233714000,1.5211111111111109
2015-11-14 00:00:00 UTC,581,2,233714000,3.677777777777778
2015-11-14 00:00:00 UTC,581,5,233714000,4.0998611111111121
2015-11-14 00:00:00 UTC,581,13,235068242,1.3601388888888888
2015-11-14 00:00:00 UTC,581,1532,273438080,2.3997222222222225
2015-11-14 00:00:00 UTC,581,1531,273438080,1.5886111111111112
2015-11-14 00:00:00 UTC,581,-601,316011910,9.0126388888888886
2015-11-14 00:00:00 UTC,581,-63,235001503,1.8388888888888886
2015-11-14 00:00:00 UTC,581,-64,235001503,3.2868055555555555
2015-11-14 00:00:00 UTC,581,-1673,367331540,4.4887500000000005
2015-11-14 00:00:00 UTC,581,-1672,367331540,4.2051388888888885
2015-11-14 00:00:00 UTC,581,13,235077608,3.4787500000000007
2015-11-14 00:00:00 UTC,581,14,235077608,1.0186111111111111
2015-11-14 00:00:00 UTC,581,13,235008490,6.118611111111111
2015-11-14 00:00:00 UTC,-443,1715,512000041,1.9076388888888891
2015-11-14 00:00:00 UTC,-443,1714,512000041,1.5718055555555555
2015-11-14 00:00:00 UTC,-443,-610,701006168,6.9638888888888895
2015-11-14 00:00:00 UTC,-443,-609,701006168,2.04875
2015-11-14 00:00:00 UTC,-443,1714,512002264,1.3456944444444443
2015-11-14 00:00:00 UTC,-443,1713,512002264,0.27902777777777776
2015-11-14 00:00:00 UTC,-187,-1253,416002581,1.3997222222222221
2015-11-14 00:00:00 UTC,-187,-1254,416002581,5.1247222222222222
2015-11-14 00:00:00 UTC,-187,-1258,412420906,0.37722222222222224
2015-11-14 00:00:00 UTC,-187,1720,441201729,1.8697222222222223
2015-11-14 00:00:00 UTC,-187,392,432228000,1.0590277777777777
2015-11-14 00:00:00 UTC,-187,395,432228000,1.5112499999999998
2015-11-14 00:00:00 UTC,-187,396,432228000,0.17916666666666667
2015-11-14 00:00:00 UTC,-187,397,432228000,4.6161111111111115
2015-11-14 00:00:00 UTC,-187,1701,412689870,2.5791666666666666
2015-11-14 00:00:00 UTC,-187,389,431714000,4.1
2015-11-14 00:00:00 UTC,-187,1700,441247715,4.0345833333333339
2015-11-14 00:00:00 UTC,-187,1705,412326904,4.3981944444444441
2015-11-14 00:00:00 UTC,-187,1706,412326904,1.6740277777777779
2015-11-14 00:00:00 UTC,-187,1702,412326904,4.0638888888888891
2015-11-14 00:00:00 UTC,-187,560,660002300,1.2149999999999999
2015-11-14 00:00:00 UTC,326,1214,412352817,20.285000000000007
2015-11-14 00:00:00 UTC,326,348,428150089,1.8459722222222221
2015-11-14 00:00:00 UTC,326,347,428150089,0.5213888888888889
2015-11-14 00:00:00 UTC,326,1619,431500120,2.38375
2015-11-14 00:00:00 UTC,326,-171,255500125,8.22486111111111
2015-11-14 00:00:00 UTC,326,-170,255500125,1.02625
2015-11-14 00:00:00 UTC,326,-801,367107940,3.036944444444444
2015-11-14 00:00:00 UTC,326,1612,431377000,0.81694444444444436
2015-11-14 00:00:00 UTC,326,1618,431600760,6.4123611111111112
2015-11-14 00:00:00 UTC,326,-171,255401340,5.3666666666666654
2015-11-14 00:00:00 UTC,326,-478,224068000,1.0318055555555556
2015-11-14 00:00:00 UTC,326,1214,412353215,10.85138888888889
2015-11-14 00:00:00 UTC,326,1559,431601917,0.52083333333333337
2015-11-14 00:00:00 UTC,582,13,235081732,4.125
2015-11-14 00:00:00 UTC,582,14,235166000,3.1761111111111111
2015-11-14 00:00:00 UTC,582,15,235166000,2.3862500000000004
2015-11-14 00:00:00 UTC,582,13,235166000,4.1986111111111111
2015-11-14 00:00:00 UTC,582,13,235001650,5.9279166666666665
2015-11-14 00:00:00 UTC,582,14,235001650,0.2663888888888889
2015-11-14 00:00:00 UTC,582,-1676,338643000,1.4325
2015-11-14 00:00:00 UTC,582,191,266205000,2.66875
2015-11-14 00:00:00 UTC,582,14,235098956,5.2584722222222222
2015-11-14 00:00:00 UTC,582,13,235098956,4.2138888888888886
2015-11-14 00:00:00 UTC,582,15,235098956,0.24472222222222223
2015-11-14 00:00:00 UTC,582,14,235059791,2.122638888888889
2015-11-14 00:00:00 UTC,582,15,235059791,0.2722222222222222
2015-11-14 00:00:00 UTC,582,13,235059791,4.6234722222222224
2015-11-14 00:00:00 UTC,582,7,233714000,0.5361111111111112
2015-11-14 00:00:00 UTC,582,6,233714000,5.3829166666666675
2015-11-14 00:00:00 UTC,582,5,233714000,1.2840277777777778
2015-11-14 00:00:00 UTC,582,15,235068242,0.2583333333333333
2015-11-14 00:00:00 UTC,582,14,235068242,3.2945833333333328
2015-11-14 00:00:00 UTC,582,13,235068242,7.1522222222222229
2015-11-14 00:00:00 UTC,582,12,235065442,1.0795833333333333
2015-11-14 00:00:00 UTC,582,13,235065442,2.4011111111111108
2015-11-14 00:00:00 UTC,582,-601,316011910,12.28263888888889
2015-11-14 00:00:00 UTC,582,-62,234414000,1.6202777777777775
2015-11-14 00:00:00 UTC,582,-61,234414000,0.28083333333333332
2015-11-14 00:00:00 UTC,582,-1715,369176000,2.2840277777777778
2015-11-14 00:00:00 UTC,582,-1717,369176000,1.3734722222222222
2015-11-14 00:00:00 UTC,582,-1712,369176000,1.7220833333333332
2015-11-14 00:00:00 UTC,582,-1713,369176000,4.5393055555555559
2015-11-14 00:00:00 UTC,582,-1714,369176000,4.1179166666666669
2015-11-14 00:00:00 UTC,582,-1716,369176000,1.9122222222222223
2015-11-14 00:00:00 UTC,582,14,235077608,1.2909722222222222
2015-11-14 00:00:00 UTC,582,13,235077608,4.5795833333333338
2015-11-14 00:00:00 UTC,582,1472,273336810,0.78888888888888886
2015-11-14 00:00:00 UTC,582,1471,273336810,0.06069444444444444
2015-11-14 00:00:00 UTC,582,14,235008490,0.7927777777777778
2015-11-14 00:00:00 UTC,582,13,235008490,2.44375
2015-11-14 00:00:00 UTC,582,14,235001340,1.3479166666666664
2015-11-14 00:00:00 UTC,582,13,235001340,3.9909722222222213
2015-11-14 00:00:00 UTC,-442,-610,701006168,1.4670833333333333
2015-11-14 00:00:00 UTC,-442,-609,701006168,3.7388888888888889
2015-11-14 00:00:00 UTC,-442,-611,701006168,0.798888888888889
2015-11-14 00:00:00 UTC,-186,1630,540010900,0.50791666666666668
2015-11-14 00:00:00 UTC,-186,1632,540010900,1.8070833333333332
2015-11-14 00:00:00 UTC,-186,-705,725019300,0.19472222222222219
2015-11-14 00:00:00 UTC,-186,1701,412689870,2.0551388888888891
2015-11-14 00:00:00 UTC,-186,389,431714000,3.8004166666666666
2015-11-14 00:00:00 UTC,-186,1701,441247715,4.0429166666666667
2015-11-14 00:00:00 UTC,-186,1700,441247715,1.9344444444444444
2015-11-14 00:00:00 UTC,-186,561,660002300,0.99138888888888888
2015-11-14 00:00:00 UTC,-186,560,660002300,0.54722222222222228
2015-11-14 00:00:00 UTC,327,1635,431602750,2.3755555555555556
2015-11-14 00:00:00 UTC,327,1559,431003457,8.18361111111111
2015-11-14 00:00:00 UTC,327,348,428150089,2.1583333333333332
2015-11-14 00:00:00 UTC,327,1614,431600760,6.1626388888888881
2015-11-14 00:00:00 UTC,327,1798,576890000,0.56958333333333333
2015-11-14 00:00:00 UTC,327,1797,576890000,0.11680555555555555
2015-11-14 00:00:00 UTC,327,-478,224068000,0.84569444444444453
2015-11-14 00:00:00 UTC,327,-477,224068000,1.7975
2015-11-14 00:00:00 UTC,327,1558,431601917,4.7205555555555554
2015-11-14 00:00:00 UTC,583,9,235081732,0.53333333333333333
2015-11-14 00:00:00 UTC,583,13,235081732,2.1016666666666666
2015-11-14 00:00:00 UTC,583,14,235081732,3.2599999999999993
2015-11-14 00:00:00 UTC,583,41,219765000,0.52555555555555555
2015-11-14 00:00:00 UTC,583,40,219765000,0.25097222222222221
2015-11-14 00:00:00 UTC,583,10,234805000,1.6776388888888891
2015-11-14 00:00:00 UTC,583,12,234805000,2.6297222222222225
2015-11-14 00:00:00 UTC,583,11,234805000,2.0836111111111109
2015-11-14 00:00:00 UTC,583,14,234805000,4.3893055555555556
2015-11-14 00:00:00 UTC,583,13,234805000,6.3458333333333332
2015-11-14 00:00:00 UTC,583,15,234805000,0.62125
2015-11-14 00:00:00 UTC,583,4,258217000,0.57902777777777781
2015-11-14 00:00:00 UTC,583,14,235166000,4.70375
2015-11-14 00:00:00 UTC,583,13,235166000,0.77722222222222215
2015-11-14 00:00:00 UTC,583,15,235166000,3.9881944444444444
2015-11-14 00:00:00 UTC,583,14,235001650,6.6886111111111113
2015-11-14 00:00:00 UTC,583,13,235001650,2.161111111111111
2015-11-14 00:00:00 UTC,583,15,235001650,0.49875
2015-11-14 00:00:00 UTC,583,190,266205000,6.72013888888889
2015-11-14 00:00:00 UTC,583,15,235098956,5.0529166666666656
2015-11-14 00:00:00 UTC,583,14,235098956,3.5568055555555551
2015-11-14 00:00:00 UTC,583,13,235098956,1.1026388888888889
2015-11-14 00:00:00 UTC,583,13,235059791,1.3234722222222224
2015-11-14 00:00:00 UTC,583,14,235059791,8.0352777777777771
2015-11-14 00:00:00 UTC,583,15,235059791,3.4420833333333336
2015-11-14 00:00:00 UTC,583,104,219762000,1.8927777777777774
2015-11-14 00:00:00 UTC,583,13,235068242,1.2990277777777777
2015-11-14 00:00:00 UTC,583,15,235068242,2.3679166666666664
2015-11-14 00:00:00 UTC,583,14,235068242,5.705
2015-11-14 00:00:00 UTC,583,13,235065442,1.8520833333333333
2015-11-14 00:00:00 UTC,583,14,235065442,5.5712500000000009
2015-11-14 00:00:00 UTC,583,1638,273849700,2.1033333333333335
2015-11-14 00:00:00 UTC,583,-31,235010670,5.4216666666666669
2015-11-14 00:00:00 UTC,583,-32,235010670,1.2981944444444444
2015-11-14 00:00:00 UTC,583,-601,316011910,2.8366666666666664
2015-11-14 00:00:00 UTC,583,44,258542000,0.55875
2015-11-14 00:00:00 UTC,583,43,258542000,0.53513888888888883
2015-11-14 00:00:00 UTC,583,-61,234414000,2.6186111111111114
2015-11-14 00:00:00 UTC,583,-62,234414000,0.27222222222222225
2015-11-14 00:00:00 UTC,583,-60,234414000,0.7780555555555555
2015-11-14 00:00:00 UTC,583,-1716,369176000,1.5943055555555556
2015-11-14 00:00:00 UTC,583,43,259127000,1.6833333333333333
2015-11-14 00:00:00 UTC,583,44,259127000,6.266111111111111
2015-11-14 00:00:00 UTC,583,14,235077608,3.8540277777777776
2015-11-14 00:00:00 UTC,583,13,235077608,1.2952777777777778
2015-11-14 00:00:00 UTC,583,14,235008490,2.5559722222222221
2015-11-14 00:00:00 UTC,583,15,235001340,1.9598611111111111
2015-11-14 00:00:00 UTC,583,13,235001340,0.74805555555555547
2015-11-14 00:00:00 UTC,583,14,235001340,3.4847222222222216
2015-11-14 00:00:00 UTC,-441,1741,512000122,0.18402777777777776
2015-11-14 00:00:00 UTC,-441,1739,512000122,0.33847222222222223
2015-11-14 00:00:00 UTC,-441,1740,512000122,1.1591666666666667
2015-11-14 00:00:00 UTC,-185,-707,725000192,0.74125
2015-11-14 00:00:00 UTC,-185,-705,725000192,1.3605555555555557
2015-11-14 00:00:00 UTC,-185,-706,725000028,2.1156944444444439
2015-11-14 00:00:00 UTC,-185,-707,725000028,0.25166666666666671
2015-11-14 00:00:00 UTC,-185,-705,725000028,2.9455555555555555
2015-11-14 00:00:00 UTC,-185,-707,725000030,1.7711111111111109
2015-11-14 00:00:00 UTC,-185,-705,725000030,2.4440277777777779
2015-11-14 00:00:00 UTC,-185,1729,413340000,5.166666666666667
2015-11-14 00:00:00 UTC,-185,1630,540010900,10.194999999999997
2015-11-14 00:00:00 UTC,-185,1632,540010900,1.5222222222222219
2015-11-14 00:00:00 UTC,-185,-705,725019300,4.90263888888889
2015-11-14 00:00:00 UTC,-185,1701,412689870,8.6869444444444444
2015-11-14 00:00:00 UTC,-185,389,431714000,4.37125
2015-11-14 00:00:00 UTC,-185,1700,441247715,2.0488888888888885
2015-11-14 00:00:00 UTC,-185,1699,441247715,6.3962499999999984
2015-11-14 00:00:00 UTC,-185,560,416237800,9.7788888888888881
2015-11-14 00:00:00 UTC,-185,1703,412326904,1.9522222222222223
2015-11-14 00:00:00 UTC,-185,561,660002300,1.0516666666666667
2015-11-14 00:00:00 UTC,-185,562,660002300,0.57277777777777772
2015-11-14 00:00:00 UTC,328,1637,431602750,4.7995833333333335
2015-11-14 00:00:00 UTC,328,348,428150089,3.3013888888888889
2015-11-14 00:00:00 UTC,328,349,428150089,0.54152777777777783
2015-11-14 00:00:00 UTC,328,1619,431500120,4.3119444444444452
2015-11-14 00:00:00 UTC,328,1614,431600760,2.5747222222222224
2015-11-14 00:00:00 UTC,328,1798,576890000,1.5661111111111112
2015-11-14 00:00:00 UTC,328,-479,224068000,0.41263888888888889
2015-11-14 00:00:00 UTC,328,-478,224068000,0.3263888888888889
2015-11-14 00:00:00 UTC,328,-477,224068000,1.5373611111111112
2015-11-14 00:00:00 UTC,328,348,428418000,1.7325000000000002
2015-11-14 00:00:00 UTC,328,349,428418000,0.28347222222222224
2015-11-14 00:00:00 UTC,328,1558,431601917,1.433472222222222
2015-11-14 00:00:00 UTC,584,38,257248000,1.5555555555555556
2015-11-14 00:00:00 UTC,584,37,257248000,2.0805555555555557
2015-11-14 00:00:00 UTC,584,39,257248000,4.0172222222222222
2015-11-14 00:00:00 UTC,584,13,235081732,1.9129166666666664
2015-11-14 00:00:00 UTC,584,12,235081732,0.96069444444444441
2015-11-14 00:00:00 UTC,584,14,235081732,5.3268055555555556
2015-11-14 00:00:00 UTC,584,10,235081732,1.3208333333333333
2015-11-14 00:00:00 UTC,584,11,235081732,0.52833333333333332
2015-11-14 00:00:00 UTC,584,39,219765000,1.8483333333333332
2015-11-14 00:00:00 UTC,584,38,219765000,1.79125
2015-11-14 00:00:00 UTC,584,40,219765000,0.25347222222222221
2015-11-14 00:00:00 UTC,584,6,259893000,0.77069444444444446
2015-11-14 00:00:00 UTC,584,7,259893000,1.142638888888889
2015-11-14 00:00:00 UTC,584,9,259893000,0.55444444444444452
2015-11-14 00:00:00 UTC,584,8,259893000,1.0708333333333333
2015-11-14 00:00:00 UTC,584,14,234805000,3.2606944444444448
2015-11-14 00:00:00 UTC,584,12,234805000,0.27180555555555552
2015-11-14 00:00:00 UTC,584,13,234805000,2.8674999999999993
2015-11-14 00:00:00 UTC,584,-62,235003400,5.3023611111111109
2015-11-14 00:00:00 UTC,584,-68,235006480,0.2688888888888889
2015-11-14 00:00:00 UTC,584,-67,235006480,0.55388888888888888
2015-11-14 00:00:00 UTC,584,38,219956000,10.680694444444443
2015-11-14 00:00:00 UTC,584,4,258217000,2.9281944444444443
2015-11-14 00:00:00 UTC,584,5,258217000,2.0315277777777778
2015-11-14 00:00:00 UTC,584,3,258217000,1.2429166666666667
2015-11-14 00:00:00 UTC,584,3,258121000,4.7974999999999994
2015-11-14 00:00:00 UTC,584,2,258121000,5.8147222222222226
2015-11-14 00:00:00 UTC,584,4,258121000,4.3862499999999995
2015-11-14 00:00:00 UTC,584,5,258121000,3.2191666666666663
2015-11-14 00:00:00 UTC,584,15,235166000,0.30194444444444446
2015-11-14 00:00:00 UTC,584,14,235166000,0.4325
2015-11-14 00:00:00 UTC,584,14,235001650,5.8105555555555561
2015-11-14 00:00:00 UTC,584,13,235001650,1.3143055555555556
2015-11-14 00:00:00 UTC,584,15,235001650,0.52416666666666667
2015-11-14 00:00:00 UTC,584,12,235001650,0.79708333333333325
2015-11-14 00:00:00 UTC,584,15,235098956,0.72625000000000006
2015-11-14 00:00:00 UTC,584,14,235098956,3.855
2015-11-14 00:00:00 UTC,584,14,235059791,1.9325
2015-11-14 00:00:00 UTC,584,15,235059791,0.4251388888888889
2015-11-14 00:00:00 UTC,584,104,219762000,3.1604166666666669
2015-11-14 00:00:00 UTC,584,15,235068242,0.25583333333333336
2015-11-14 00:00:00 UTC,584,14,235068242,2.3991666666666664
2015-11-14 00:00:00 UTC,584,6,259655000,1.8248611111111113
2015-11-14 00:00:00 UTC,584,53,259623000,0.25416666666666665
2015-11-14 00:00:00 UTC,584,-19,232004190,1.3402777777777777
2015-11-14 00:00:00 UTC,584,14,235065442,5.834305555555555
2015-11-14 00:00:00 UTC,584,13,235065442,4.3341666666666665
2015-11-14 00:00:00 UTC,584,-31,235010670,0.25958333333333333
2015-11-14 00:00:00 UTC,584,42,258542000,1.2969444444444445
2015-11-14 00:00:00 UTC,584,-60,234414000,3.4258333333333333
2015-11-14 00:00:00 UTC,584,-87,232006620,2.520833333333333
2015-11-14 00:00:00 UTC,584,-88,232006620,5.2722222222222221
2015-11-14 00:00:00 UTC,584,14,235077608,2.6365277777777778
2015-11-14 00:00:00 UTC,584,11,235008490,1.0454166666666667
2015-11-14 00:00:00 UTC,584,13,235008490,0.83041666666666658
2015-11-14 00:00:00 UTC,584,12,235008490,0.47736111111111112
2015-11-14 00:00:00 UTC,584,14,235008490,4.4968055555555555
2015-11-14 00:00:00 UTC,584,14,235001340,8.2368055555555539
2015-11-14 00:00:00 UTC,584,15,235001340,0.26930555555555558
2015-11-14 00:00:00 UTC,584,13,235001340,1.4297222222222223
2015-11-14 00:00:00 UTC,-440,1741,512000122,1.4045833333333333
2015-11-14 00:00:00 UTC,-440,1742,512000122,0.8536111111111111
2015-11-14 00:00:00 UTC,-440,-594,440854000,0.58833333333333337
2015-11-14 00:00:00 UTC,-440,-593,440854000,2.2094444444444443
2015-11-14 00:00:00 UTC,-184,1784,412320026,0.81805555555555565
2015-11-14 00:00:00 UTC,-184,1783,412320026,0.83180555555555546
2015-11-14 00:00:00 UTC,-184,-1252,412420906,1.4076388888888889
2015-11-14 00:00:00 UTC,-184,-705,725000028,0.73930555555555544
2015-11-14 00:00:00 UTC,-184,1632,540010900,1.0666666666666667
2015-11-14 00:00:00 UTC,-184,-706,725019300,1.3611111111111112
2015-11-14 00:00:00 UTC,-184,1698,412689870,5.35625
2015-11-14 00:00:00 UTC,-184,1699,412689870,1.8915277777777777
2015-11-14 00:00:00 UTC,-184,1697,441247715,6.0890277777777779
2015-11-14 00:00:00 UTC,-184,559,416237800,5.2704166666666667
2015-11-14 00:00:00 UTC,-184,1704,412326904,4.5247222222222216
2015-11-14 00:00:00 UTC,-184,1702,412326904,4.0283333333333333
2015-11-14 00:00:00 UTC,-184,1700,412326904,0.8126388888888888
2015-11-14 00:00:00 UTC,-184,1703,412326904,2.0618055555555554
2015-11-14 00:00:00 UTC,-184,1783,412326905,1.7001388888888886
2015-11-14 00:00:00 UTC,-184,562,660002300,0.80944444444444441
2015-11-14 00:00:00 UTC,-184,561,660002300,3.4954166666666668
2015-11-14 00:00:00 UTC,329,349,428150089,8.5729166666666661
2015-11-14 00:00:00 UTC,329,348,428150089,1.3905555555555555
2015-11-14 00:00:00 UTC,329,1613,431500120,6.0168055555555551
2015-11-14 00:00:00 UTC,329,1614,431600760,3.0709722222222222
2015-11-14 00:00:00 UTC,329,1797,576890000,2.1070833333333336
2015-11-14 00:00:00 UTC,329,1556,431602069,11.716111111111111
2015-11-14 00:00:00 UTC,329,1557,431602069,0.52111111111111108
2015-11-14 00:00:00 UTC,329,-479,224068000,1.7015277777777778
2015-11-14 00:00:00 UTC,329,-478,224068000,0.95541666666666669
2015-11-14 00:00:00 UTC,329,348,428418000,4.4780555555555557
2015-11-14 00:00:00 UTC,329,349,428418000,7.5327777777777776
2015-11-14 00:00:00 UTC,329,1613,431600092,4.6040277777777776
2015-11-14 00:00:00 UTC,329,1560,431601917,2.9506944444444447
2015-11-14 00:00:00 UTC,329,1559,431601917,7.4211111111111112
2015-11-14 00:00:00 UTC,329,1558,431601917,2.8111111111111109
2015-11-14 00:00:00 UTC,329,1562,431601917,3.9629166666666666
2015-11-14 00:00:00 UTC,585,37,257248000,11.041527777777778
2015-11-14 00:00:00 UTC,585,36,257248000,1.0330555555555554
2015-11-14 00:00:00 UTC,585,38,257248000,0.50916666666666666
2015-11-14 00:00:00 UTC,585,12,235081732,1.7513888888888889
2015-11-14 00:00:00 UTC,585,37,219765000,0.26180555555555557
2015-11-14 00:00:00 UTC,585,38,219765000,1.3459722222222223
2015-11-14 00:00:00 UTC,585,-62,235003400,8.0151388888888881
2015-11-14 00:00:00 UTC,585,-61,235003400,6.629305555555554
2015-11-14 00:00:00 UTC,585,-63,235003400,0.2540277777777778
2015-11-14 00:00:00 UTC,585,-69,235006480,1.7779166666666666
2015-11-14 00:00:00 UTC,585,-68,235006480,0.70583333333333331
2015-11-14 00:00:00 UTC,585,-67,235006480,2.1399999999999997
2015-11-14 00:00:00 UTC,585,-66,235006480,0.51263888888888887
2015-11-14 00:00:00 UTC,585,38,219956000,16.105555555555554
2015-11-14 00:00:00 UTC,585,4,258217000,3.1300000000000003
2015-11-14 00:00:00 UTC,585,1,258217000,0.53944444444444439
2015-11-14 00:00:00 UTC,585,2,258217000,1.8993055555555556
2015-11-14 00:00:00 UTC,585,3,258217000,3.8381944444444445
2015-11-14 00:00:00 UTC,585,1,258121000,0.28013888888888894
2015-11-14 00:00:00 UTC,585,5,258045000,1.0316666666666667
2015-11-14 00:00:00 UTC,585,6,258045000,0.25138888888888888
2015-11-14 00:00:00 UTC,585,3,258045000,1.0177777777777777
2015-11-14 00:00:00 UTC,585,2,258045000,0.50458333333333338
2015-11-14 00:00:00 UTC,585,4,258045000,0.80166666666666653
2015-11-14 00:00:00 UTC,585,104,219762000,1.6695833333333334
2015-11-14 00:00:00 UTC,585,102,219762000,0.83583333333333343
2015-11-14 00:00:00 UTC,585,103,219762000,4.7834722222222226
2015-11-14 00:00:00 UTC,585,4,259655000,1.2452777777777777
2015-11-14 00:00:00 UTC,585,6,259655000,1.0411111111111111
2015-11-14 00:00:00 UTC,585,5,259655000,0.9276388888888889
2015-11-14 00:00:00 UTC,585,2,259655000,2.2088888888888891
2015-11-14 00:00:00 UTC,585,3,259655000,1.0883333333333334
2015-11-14 00:00:00 UTC,585,0,259655000,1.3758333333333335
2015-11-14 00:00:00 UTC,585,1,259655000,1.6724999999999999
2015-11-14 00:00:00 UTC,585,-2,259655000,0.61569444444444443
2015-11-14 00:00:00 UTC,585,-1,259655000,1.7818055555555556
2015-11-14 00:00:00 UTC,585,-19,232004190,1.8336111111111113
2015-11-14 00:00:00 UTC,585,12,235065442,1.6141666666666665
2015-11-14 00:00:00 UTC,585,13,235065442,1.3309722222222222
2015-11-14 00:00:00 UTC,585,-72,211285880,1.1631944444444444
2015-11-14 00:00:00 UTC,585,-70,211285880,2.4813888888888886
2015-11-14 00:00:00 UTC,585,-68,211285880,1.6327777777777777
2015-11-14 00:00:00 UTC,585,38,258542000,1.0456944444444445
2015-11-14 00:00:00 UTC,585,35,258542000,1.5827777777777778
2015-11-14 00:00:00 UTC,585,37,258542000,1.3458333333333334
2015-11-14 00:00:00 UTC,585,39,258542000,0.77736111111111117
2015-11-14 00:00:00 UTC,585,40,258542000,1.2969444444444445
2015-11-14 00:00:00 UTC,585,36,258542000,1.5958333333333332
2015-11-14 00:00:00 UTC,585,-60,234414000,2.1251388888888885
2015-11-14 00:00:00 UTC,585,-59,234414000,1.3163888888888888
2015-11-14 00:00:00 UTC,585,-61,234414000,1.0858333333333334
2015-11-14 00:00:00 UTC,585,39,259127000,0.3041666666666667
2015-11-14 00:00:00 UTC,585,37,259127000,0.8288888888888889
2015-11-14 00:00:00 UTC,585,38,259127000,0.35125
2015-11-14 00:00:00 UTC,585,36,259127000,0.38166666666666665
2015-11-14 00:00:00 UTC,585,40,259127000,1.6044444444444443
2015-11-14 00:00:00 UTC,585,14,235077608,2.1036111111111109
2015-11-14 00:00:00 UTC,585,-68,232006130,0.83652777777777776
2015-11-14 00:00:00 UTC,585,15,235001340,0.18777777777777777
2015-11-14 00:00:00 UTC,585,14,235001340,2.3265277777777778
2015-11-14 00:00:00 UTC,-439,1743,512000122,1.3431944444444444
2015-11-14 00:00:00 UTC,-439,1742,512000122,2.1095833333333331
2015-11-14 00:00:00 UTC,-439,-593,440854000,4.1379166666666665
2015-11-14 00:00:00 UTC,-183,1774,520085000,0.94097222222222221
2015-11-14 00:00:00 UTC,-183,1782,520085000,0.067916666666666667
2015-11-14 00:00:00 UTC,-183,1771,520085000,1.5788888888888886
2015-11-14 00:00:00 UTC,-183,1773,520085000,1.0924999999999998
2015-11-14 00:00:00 UTC,-183,1770,520085000,1.90125
2015-11-14 00:00:00 UTC,-183,1775,520085000,1.3204166666666666
2015-11-14 00:00:00 UTC,-183,1776,520085000,0.43166666666666664
2015-11-14 00:00:00 UTC,-183,1771,413343000,8.1261111111111113
2015-11-14 00:00:00 UTC,-183,578,416001838,1.6461111111111111
2015-11-14 00:00:00 UTC,-183,1729,413340000,2.0780555555555553
2015-11-14 00:00:00 UTC,-183,559,416237800,1.7718055555555554
2015-11-14 00:00:00 UTC,-183,558,416237800,6.2230555555555549
2015-11-14 00:00:00 UTC,-183,1700,412326904,1.0330555555555556
2015-11-14 00:00:00 UTC,-183,565,660002300,0.85416666666666652
2015-11-14 00:00:00 UTC,-183,561,660002300,5.8809722222222227
2015-11-14 00:00:00 UTC,-183,564,660002300,3.8345833333333337
2015-11-14 00:00:00 UTC,-183,563,660002300,1.201111111111111
2015-11-14 00:00:00 UTC,330,-490,224020000,5.9158333333333335
2015-11-14 00:00:00 UTC,330,350,428150089,1.34
2015-11-14 00:00:00 UTC,330,349,428150089,2.7915277777777776
2015-11-14 00:00:00 UTC,330,1795,576890000,1.7840277777777778
2015-11-14 00:00:00 UTC,330,1797,576890000,0.72944444444444445
2015-11-14 00:00:00 UTC,330,1796,576890000,1.5406944444444446
2015-11-14 00:00:00 UTC,330,1794,576890000,2.2449999999999997
2015-11-14 00:00:00 UTC,330,1561,431602069,6.0044444444444451
2015-11-14 00:00:00 UTC,330,1557,431602069,1.4544444444444444
2015-11-14 00:00:00 UTC,330,1558,431602069,5.5869444444444447
2015-11-14 00:00:00 UTC,330,1556,431602069,1.3876388888888889
2015-11-14 00:00:00 UTC,330,-479,224068000,0.37638888888888888
2015-11-14 00:00:00 UTC,330,349,428418000,6.462361111111111
2015-11-14 00:00:00 UTC,330,350,428418000,3.1069444444444443
2015-11-14 00:00:00 UTC,330,1613,431600092,1.9788888888888891
2015-11-14 00:00:00 UTC,586,36,257248000,1.6040277777777776
2015-11-14 00:00:00 UTC,586,35,257248000,2.1149999999999998
2015-11-14 00:00:00 UTC,586,13,235081732,1.0606944444444444
2015-11-14 00:00:00 UTC,586,12,235081732,1.0523611111111113
2015-11-14 00:00:00 UTC,586,3,258217000,2.6055555555555556
2015-11-14 00:00:00 UTC,586,0,258217000,2.2359722222222222
2015-11-14 00:00:00 UTC,586,1,258217000,1.72125
2015-11-14 00:00:00 UTC,586,2,258217000,0.82777777777777783
2015-11-14 00:00:00 UTC,586,4,258217000,0.53319444444444442
2015-11-14 00:00:00 UTC,586,0,258121000,5.6238888888888887
2015-11-14 00:00:00 UTC,586,2,258045000,0.77930555555555547
2015-11-14 00:00:00 UTC,586,1,258045000,0.81347222222222215
2015-11-14 00:00:00 UTC,586,-11,258045000,9.598055555555554
2015-11-14 00:00:00 UTC,586,-1,258045000,0.26986111111111111
2015-11-14 00:00:00 UTC,586,7,258045000,0.5130555555555556
2015-11-14 00:00:00 UTC,586,0,258045000,0.56666666666666665
2015-11-14 00:00:00 UTC,586,6,258045000,1.5480555555555555
2015-11-14 00:00:00 UTC,586,103,219762000,2.1990277777777778
2015-11-14 00:00:00 UTC,586,101,219762000,0.60430555555555554
2015-11-14 00:00:00 UTC,586,102,219762000,6.2455555555555557
2015-11-14 00:00:00 UTC,586,-1,259655000,2.3879166666666665
2015-11-14 00:00:00 UTC,586,5,259655000,0.76541666666666675
2015-11-14 00:00:00 UTC,586,0,259655000,0.56083333333333329
2015-11-14 00:00:00 UTC,586,6,259655000,0.50527777777777771
2015-11-14 00:00:00 UTC,586,3,259655000,0.78624999999999989
2015-11-14 00:00:00 UTC,586,4,259655000,1.037361111111111
2015-11-14 00:00:00 UTC,586,2,259655000,0.7745833333333334
2015-11-14 00:00:00 UTC,586,-13,235010670,1.0827777777777778
2015-11-14 00:00:00 UTC,586,-12,235010670,1.6069444444444443
2015-11-14 00:00:00 UTC,586,-11,235010670,0.38444444444444448
2015-11-14 00:00:00 UTC,586,-42,235040121,0.52597222222222217
2015-11-14 00:00:00 UTC,586,-41,235040121,0.52638888888888891
2015-11-14 00:00:00 UTC,586,-39,235040121,0.53694444444444445
2015-11-14 00:00:00 UTC,586,-46,235040121,3.3266666666666671
2015-11-14 00:00:00 UTC,586,-43,235040121,0.78972222222222221
2015-11-14 00:00:00 UTC,586,-44,235040121,0.52055555555555544
2015-11-14 00:00:00 UTC,586,-45,235040121,0.79986111111111113
2015-11-14 00:00:00 UTC,586,-40,235040121,0.798611111111111
2015-11-14 00:00:00 UTC,586,-64,235070377,0.35166666666666668
2015-11-14 00:00:00 UTC,586,-63,235070377,0.2951388888888889
2015-11-14 00:00:00 UTC,586,35,258542000,0.28166666666666668
2015-11-14 00:00:00 UTC,586,34,258542000,2.4330555555555553
2015-11-14 00:00:00 UTC,586,-61,234414000,0.81958333333333333
2015-11-14 00:00:00 UTC,586,-63,234414000,0.80166666666666675
2015-11-14 00:00:00 UTC,586,-62,234414000,1.5924999999999998
2015-11-14 00:00:00 UTC,586,4,258071000,1.2869444444444444
2015-11-14 00:00:00 UTC,586,7,258071000,0.7961111111111111
2015-11-14 00:00:00 UTC,586,6,258071000,1.0458333333333334
2015-11-14 00:00:00 UTC,586,8,258071000,0.51958333333333329
2015-11-14 00:00:00 UTC,586,3,258071000,0.52166666666666661
2015-11-14 00:00:00 UTC,586,5,258071000,1.0276388888888888
2015-11-14 00:00:00 UTC,586,38,259127000,1.19125
2015-11-14 00:00:00 UTC,586,39,259127000,0.58680555555555558
2015-11-14 00:00:00 UTC,586,14,235077608,1.3836111111111111
2015-11-14 00:00:00 UTC,586,-73,232006130,0.62416666666666665
2015-11-14 00:00:00 UTC,586,-71,232006130,0.81388888888888888
2015-11-14 00:00:00 UTC,586,-70,232006130,0.82527777777777778
2015-11-14 00:00:00 UTC,586,-72,232006130,1.0283333333333333
2015-11-14 00:00:00 UTC,586,-69,232006130,1.0631944444444446
2015-11-14 00:00:00 UTC,-438,1742,512000122,1.2152777777777777
2015-11-14 00:00:00 UTC,-438,1741,512000122,0.53736111111111107
2015-11-14 00:00:00 UTC,-438,1744,512000122,1.4151388888888889
2015-11-14 00:00:00 UTC,-438,-592,440854000,2.8922222222222218
2015-11-14 00:00:00 UTC,-182,1770,520085000,0.33208333333333329
2015-11-14 00:00:00 UTC,-182,1769,413343000,7.1408333333333331
2015-11-14 00:00:00 UTC,-182,1768,413343000,3.3651388888888891
2015-11-14 00:00:00 UTC,-182,584,416001838,4.2148611111111105
2015-11-14 00:00:00 UTC,-182,577,416001838,2.3875
2015-11-14 00:00:00 UTC,-182,582,416001838,3.1468055555555559
2015-11-14 00:00:00 UTC,-182,578,416001838,1.7522222222222221
2015-11-14 00:00:00 UTC,-182,583,416001838,1.6947222222222222
2015-11-14 00:00:00 UTC,-182,579,416001838,3.4651388888888892
2015-11-14 00:00:00 UTC,-182,1763,412463406,1.0120833333333332
2015-11-14 00:00:00 UTC,-182,1619,540010800,0.31527777777777777
2015-11-14 00:00:00 UTC,-182,1728,413340000,4.5275
2015-11-14 00:00:00 UTC,75,-137,247055400,4.7018055555555556
2015-11-14 00:00:00 UTC,75,-137,247059800,10.110833333333332
2015-11-14 00:00:00 UTC,75,-138,247059800,3.9080555555555554
2015-11-14 00:00:00 UTC,75,-138,247083400,3.1002777777777784
2015-11-14 00:00:00 UTC,331,1615,431600760,3.3163888888888891
2015-11-14 00:00:00 UTC,331,1792,576890000,1.5240277777777778
2015-11-14 00:00:00 UTC,331,1793,576890000,1.7765277777777775
2015-11-14 00:00:00 UTC,331,1613,431600092,2.3873611111111108
2015-11-14 00:00:00 UTC,587,102,219762000,1.1495833333333332
2015-11-14 00:00:00 UTC,587,1,259655000,1.0380555555555555
2015-11-14 00:00:00 UTC,587,0,259655000,1.0254166666666666
2015-11-14 00:00:00 UTC,587,-1,259655000,0.77555555555555566
2015-11-14 00:00:00 UTC,587,2,259655000,0.52638888888888891
2015-11-14 00:00:00 UTC,587,-11,235010670,0.41513888888888889
2015-11-14 00:00:00 UTC,587,-46,235040121,1.5752777777777778
2015-11-14 00:00:00 UTC,587,176,265757320,0.27
2015-11-14 00:00:00 UTC,587,175,265757320,4.4101388888888886
2015-11-14 00:00:00 UTC,587,1646,273840800,1.0226388888888889
2015-11-14 00:00:00 UTC,-437,1744,512000122,1.3345833333333332
2015-11-14 00:00:00 UTC,-437,1741,512000122,3.3855555555555563
2015-11-14 00:00:00 UTC,-437,1743,512000122,1.7963888888888888
2015-11-14 00:00:00 UTC,-437,-592,440854000,5.2962499999999988
2015-11-14 00:00:00 UTC,-181,578,416004624,7.1986111111111111
2015-11-14 00:00:00 UTC,-181,583,416001838,1.6136111111111111
2015-11-14 00:00:00 UTC,-181,579,416001838,1.2461111111111112
2015-11-14 00:00:00 UTC,-181,580,416001838,0.71263888888888893
2015-11-14 00:00:00 UTC,-181,581,416001838,1.8118055555555559
2015-11-14 00:00:00 UTC,-181,1617,540010800,2.0025
2015-11-14 00:00:00 UTC,-181,1618,540010800,2.9041666666666663
2015-11-14 00:00:00 UTC,-181,1619,540010800,5.3145833333333332
2015-11-14 00:00:00 UTC,-181,1731,413340000,4.8525
2015-11-14 00:00:00 UTC,-181,586,416002286,11.487083333333334
2015-11-14 00:00:00 UTC,76,-137,247055400,3.5927777777777776
2015-11-14 00:00:00 UTC,76,-138,247055400,7.2201388888888882
2015-11-14 00:00:00 UTC,76,-135,247055400,1.4347222222222222
2015-11-14 00:00:00 UTC,76,-139,247055400,1.3608333333333333
2015-11-14 00:00:00 UTC,76,-134,247055400,1.6644444444444444
2015-11-14 00:00:00 UTC,76,-138,247059800,11.722777777777777
2015-11-14 00:00:00 UTC,76,-138,247083400,10.532222222222224
2015-11-14 00:00:00 UTC,76,-139,247083400,6.8347222222222221
2015-11-14 00:00:00 UTC,76,1592,510041000,3.6934722222222223
2015-11-14 00:00:00 UTC,332,1614,431500120,4.3920833333333338
2015-11-14 00:00:00 UTC,332,1557,431500637,7.1373611111111117
2015-11-14 00:00:00 UTC,332,1615,431600760,6.2708333333333339
2015-11-14 00:00:00 UTC,588,-11,235010670,0.26125
2015-11-14 00:00:00 UTC,588,-39,235008380,0.25458333333333338
2015-11-14 00:00:00 UTC,588,-44,235008380,0.26902777777777775
2015-11-14 00:00:00 UTC,588,-43,235008380,2.1234722222222224
2015-11-14 00:00:00 UTC,588,-42,235008380,0.4675
2015-11-14 00:00:00 UTC,588,-41,235008380,0.525
2015-11-14 00:00:00 UTC,588,-40,235008380,0.12819444444444444
2015-11-14 00:00:00 UTC,588,1647,273840800,7.7387499999999987
2015-11-14 00:00:00 UTC,588,1646,273840800,9.2015277777777786
2015-11-14 00:00:00 UTC,588,1648,273840800,3.4291666666666667
2015-11-14 00:00:00 UTC,588,16,259374000,1.2405555555555556
2015-11-14 00:00:00 UTC,588,6,257815000,0.43069444444444444
2015-11-14 00:00:00 UTC,588,7,257815000,2.8848611111111109
2015-11-14 00:00:00 UTC,-436,1694,512000842,1.1286111111111112
2015-11-14 00:00:00 UTC,-436,-591,440854000,0.33305555555555555
2015-11-14 00:00:00 UTC,-436,-592,440854000,1.76125
2015-11-14 00:00:00 UTC,-180,579,416004624,5.0954166666666669
2015-11-14 00:00:00 UTC,-180,1766,413343000,4.3873611111111108
2015-11-14 00:00:00 UTC,-180,1617,540010800,1.0551388888888888
2015-11-14 00:00:00 UTC,77,-136,247055400,1.22875
2015-11-14 00:00:00 UTC,77,1598,510041000,2.9787500000000002
2015-11-14 00:00:00 UTC,333,1639,431602750,10.245555555555555
2015-11-14 00:00:00 UTC,333,1615,431500120,5.945555555555555
2015-11-14 00:00:00 UTC,333,1475,431601350,3.6661111111111113
2015-11-14 00:00:00 UTC,333,1613,431600092,2.4833333333333329
2015-11-14 00:00:00 UTC,589,-1738,367068230,0.6727777777777777
2015-11-14 00:00:00 UTC,589,-1739,367068230,1.553333333333333
2015-11-14 00:00:00 UTC,589,4,257138000,0.16166666666666665
2015-11-14 00:00:00 UTC,589,-11,235010670,2.1483333333333334
2015-11-14 00:00:00 UTC,589,-12,235010670,1.0705555555555555
2015-11-14 00:00:00 UTC,589,-10,235010670,1.5556944444444445
2015-11-14 00:00:00 UTC,589,-39,235008380,0.25347222222222221
2015-11-14 00:00:00 UTC,589,-38,235008380,0.12597222222222224
2015-11-14 00:00:00 UTC,589,6,257327000,0.81194444444444447
2015-11-14 00:00:00 UTC,589,1,257327000,1.3200000000000003
2015-11-14 00:00:00 UTC,589,2,257327000,1.0294444444444446
2015-11-14 00:00:00 UTC,589,3,257327000,2.6258333333333335
2015-11-14 00:00:00 UTC,589,5,257327000,3.1965277777777779
2015-11-14 00:00:00 UTC,589,4,257327000,4.7213888888888889
2015-11-14 00:00:00 UTC,589,0,257327000,1.0552777777777778
2015-11-14 00:00:00 UTC,589,1648,273840800,0.79722222222222228
2015-11-14 00:00:00 UTC,589,6,259374000,0.5097222222222223
2015-11-14 00:00:00 UTC,589,11,259374000,1.4762500000000003
2015-11-14 00:00:00 UTC,589,4,259374000,0.52027777777777784
2015-11-14 00:00:00 UTC,589,10,259374000,0.5081944444444445
2015-11-14 00:00:00 UTC,589,2,259374000,0.51750000000000007
2015-11-14 00:00:00 UTC,589,3,259374000,0.51527777777777783
2015-11-14 00:00:00 UTC,589,5,259374000,0.50944444444444437
2015-11-14 00:00:00 UTC,589,-39,232004550,0.38680555555555557
2015-11-14 00:00:00 UTC,589,5,220461000,0.77111111111111108
2015-11-14 00:00:00 UTC,589,8,220461000,1.857361111111111
2015-11-14 00:00:00 UTC,589,3,220461000,0.51166666666666671
2015-11-14 00:00:00 UTC,589,6,220461000,1.572222222222222
2015-11-14 00:00:00 UTC,589,4,220461000,1.2765277777777775
2015-11-14 00:00:00 UTC,589,7,220461000,2.8545833333333333
2015-11-14 00:00:00 UTC,589,2,220461000,1.0593055555555555
2015-11-14 00:00:00 UTC,589,11,259511000,1.8909722222222221
2015-11-14 00:00:00 UTC,589,10,259511000,0.76902777777777775
2015-11-14 00:00:00 UTC,589,12,259511000,0.59986111111111107
2015-11-14 00:00:00 UTC,589,9,259511000,0.76194444444444454
2015-11-14 00:00:00 UTC,589,8,257815000,1.5906944444444449
2015-11-14 00:00:00 UTC,589,9,257815000,3.4308333333333336
2015-11-14 00:00:00 UTC,589,5,257815000,0.51847222222222222
2015-11-14 00:00:00 UTC,589,11,257815000,0.51875
2015-11-14 00:00:00 UTC,589,10,257815000,3.1902777777777782
2015-11-14 00:00:00 UTC,589,6,257815000,1.8309722222222224
2015-11-14 00:00:00 UTC,589,7,257815000,0.2540277777777778
2015-11-14 00:00:00 UTC,589,-11,250000870,0.77416666666666667
2015-11-14 00:00:00 UTC,-435,-639,701000742,1.4283333333333332
2015-11-14 00:00:00 UTC,-435,1696,512000044,2.1708333333333329
2015-11-14 00:00:00 UTC,-435,1695,512000044,9.88736111111111
2015-11-14 00:00:00 UTC,-435,1695,512000842,6.625694444444445
2015-11-14 00:00:00 UTC,-435,1697,512000842,2.1997222222222228
2015-11-14 00:00:00 UTC,-435,1696,512000842,3.245972222222222
2015-11-14 00:00:00 UTC,-435,-639,701000528,5.3393055555555549
2015-11-14 00:00:00 UTC,-435,-639,701000539,4.9706944444444447
2015-11-14 00:00:00 UTC,-435,1743,512000122,0.81944444444444442
2015-11-14 00:00:00 UTC,-435,1742,512000122,1.1044444444444443
2015-11-14 00:00:00 UTC,-435,-639,701000830,6.0068055555555562
2015-11-14 00:00:00 UTC,-435,-638,701000830,0.85611111111111116
2015-11-14 00:00:00 UTC,-435,-637,701000830,6.1391666666666671
2015-11-14 00:00:00 UTC,-435,-638,701000840,1.5884722222222223
2015-11-14 00:00:00 UTC,-435,-639,701000840,5.4245833333333326
2015-11-14 00:00:00 UTC,-435,-595,701000902,1.1327777777777777
2015-11-14 00:00:00 UTC,-435,-596,701000902,0.26833333333333331
2015-11-14 00:00:00 UTC,-435,-639,701000652,2.2734722222222219
2015-11-14 00:00:00 UTC,-435,-640,701000652,2.5379166666666668
2015-11-14 00:00:00 UTC,-435,-639,701000658,2.7666666666666666
2015-11-14 00:00:00 UTC,-435,-638,701000658,3.086527777777778
2015-11-14 00:00:00 UTC,-435,-639,701000666,0.78638888888888892
2015-11-14 00:00:00 UTC,-435,-591,440854000,0.37611111111111112
2015-11-14 00:00:00 UTC,-435,-592,440854000,3.9430555555555555
2015-11-14 00:00:00 UTC,-179,578,416004624,6.0572222222222232
2015-11-14 00:00:00 UTC,-179,579,416004624,0.87527777777777782
2015-11-14 00:00:00 UTC,-179,566,416002604,5.3970833333333328
2015-11-14 00:00:00 UTC,-179,1730,413340000,1.8602777777777777
2015-11-14 00:00:00 UTC,-179,1728,413340000,1.6766666666666667
2015-11-14 00:00:00 UTC,-179,585,416002286,7.1754166666666661
2015-11-14 00:00:00 UTC,78,1595,510041000,7.6997222222222232
2015-11-14 00:00:00 UTC,78,1598,510041000,0.52083333333333326
2015-11-14 00:00:00 UTC,78,1596,510041000,0.74319444444444449
2015-11-14 00:00:00 UTC,78,1597,510041000,2.2611111111111111
2015-11-14 00:00:00 UTC,334,1640,431602750,3.8288888888888888
2015-11-14 00:00:00 UTC,334,1639,431602750,3.308472222222222
2015-11-14 00:00:00 UTC,334,-260,224045930,5.9223611111111119
2015-11-14 00:00:00 UTC,334,-256,224045930,0.37902777777777774
2015-11-14 00:00:00 UTC,334,-262,224045930,1.0402777777777779
2015-11-14 00:00:00 UTC,334,-259,224045930,0.94500000000000006
2015-11-14 00:00:00 UTC,334,-255,224045930,5.8140277777777785
2015-11-14 00:00:00 UTC,334,-257,224045930,0.58611111111111114
2015-11-14 00:00:00 UTC,334,-258,224045930,1.076111111111111
2015-11-14 00:00:00 UTC,334,1555,431501250,5.8708333333333336
2015-11-14 00:00:00 UTC,334,1553,431501250,2.075
2015-11-14 00:00:00 UTC,334,1551,431501250,3.058472222222222
2015-11-14 00:00:00 UTC,334,1614,431600092,1.3961111111111111
2015-11-14 00:00:00 UTC,590,4,258654000,1.033611111111111
2015-11-14 00:00:00 UTC,590,6,258654000,2.6813888888888884
2015-11-14 00:00:00 UTC,590,8,258654000,2.3858333333333333
2015-11-14 00:00:00 UTC,590,5,258654000,2.877361111111111
2015-11-14 00:00:00 UTC,590,3,258654000,0.25291666666666668
2015-11-14 00:00:00 UTC,590,7,258654000,3.914305555555555
2015-11-14 00:00:00 UTC,590,9,258654000,2.3776388888888884
2015-11-14 00:00:00 UTC,590,-1739,367068230,2.0302777777777776
2015-11-14 00:00:00 UTC,590,-1738,367068230,2.0583333333333331
2015-11-14 00:00:00 UTC,590,5,257138000,0.25791666666666668
2015-11-14 00:00:00 UTC,590,4,257138000,0.25458333333333333
2015-11-14 00:00:00 UTC,590,6,257327000,1.297361111111111
2015-11-14 00:00:00 UTC,590,7,257327000,1.0636111111111111
2015-11-14 00:00:00 UTC,590,-41,232004550,0.28055555555555556
2015-11-14 00:00:00 UTC,590,-40,232004550,0.14444444444444446
2015-11-14 00:00:00 UTC,590,46,257089000,1.6936111111111112
2015-11-14 00:00:00 UTC,590,47,257089000,0.16097222222222221
2015-11-14 00:00:00 UTC,-434,-638,701006094,13.459583333333335
2015-11-14 00:00:00 UTC,-434,-639,701006094,2.1923611111111105
2015-11-14 00:00:00 UTC,-434,-638,701000742,13.902222222222223
2015-11-14 00:00:00 UTC,-434,-639,701000742,0.77347222222222223
2015-11-14 00:00:00 UTC,-434,1697,512000044,0.65
2015-11-14 00:00:00 UTC,-434,1696,512000044,4.1326388888888888
2015-11-14 00:00:00 UTC,-434,1697,512000842,0.60402777777777761
2015-11-14 00:00:00 UTC,-434,1696,512000842,9.2915277777777767
2015-11-14 00:00:00 UTC,-434,1698,512000842,0.75805555555555548
2015-11-14 00:00:00 UTC,-434,-638,701000528,1.507222222222222
2015-11-14 00:00:00 UTC,-434,-640,701000528,0.79305555555555562
2015-11-14 00:00:00 UTC,-434,-639,701000528,5.5419444444444448
2015-11-14 00:00:00 UTC,-434,-638,701000539,6.8534722222222229
2015-11-14 00:00:00 UTC,-434,-639,701000539,5.2618055555555561
2015-11-14 00:00:00 UTC,-434,1742,512000122,0.87611111111111128
2015-11-14 00:00:00 UTC,-434,1743,512000122,0.78347222222222213
2015-11-14 00:00:00 UTC,-434,1741,512000122,3.2543055555555562
2015-11-14 00:00:00 UTC,-434,-639,701000830,0.9195833333333332
2015-11-14 00:00:00 UTC,-434,-638,701000830,8.6608333333333327
2015-11-14 00:00:00 UTC,-434,-638,701000840,0.81666666666666676
2015-11-14 00:00:00 UTC,-434,-637,701000639,2.9263888888888889
2015-11-14 00:00:00 UTC,-434,-595,701000902,0.52374999999999994
2015-11-14 00:00:00 UTC,-434,-596,701000902,0.24791666666666667
2015-11-14 00:00:00 UTC,-434,-594,701000902,0.51597222222222228
2015-11-14 00:00:00 UTC,-434,-640,701000652,1.5141666666666667
2015-11-14 00:00:00 UTC,-434,-638,701000652,10.233749999999999
2015-11-14 00:00:00 UTC,-434,-639,701000652,3.9216666666666664
2015-11-14 00:00:00 UTC,-434,-639,701000658,8.9409722222222214
2015-11-14 00:00:00 UTC,-434,-638,701000658,2.3705555555555553
2015-11-14 00:00:00 UTC,-434,-638,701000666,9.43875
2015-11-14 00:00:00 UTC,-434,-592,440854000,0.77
2015-11-14 00:00:00 UTC,-434,-590,440854000,1.6533333333333335
2015-11-14 00:00:00 UTC,-178,579,416004624,5.3966666666666674
2015-11-14 00:00:00 UTC,-178,566,416002604,7.6604166666666664
2015-11-14 00:00:00 UTC,-178,564,416002604,6.4493055555555552
2015-11-14 00:00:00 UTC,-178,1728,413340000,4.40125
2015-11-14 00:00:00 UTC,-178,386,431725000,4.60111111111111
2015-11-14 00:00:00 UTC,-178,390,431725000,1.7073611111111111
2015-11-14 00:00:00 UTC,-178,387,431725000,3.2337499999999997
2015-11-14 00:00:00 UTC,-178,389,431725000,4.5048611111111123
2015-11-14 00:00:00 UTC,79,1718,431251000,1.3870833333333332
2015-11-14 00:00:00 UTC,79,1717,431251000,4.7693055555555564
2015-11-14 00:00:00 UTC,79,-143,247083500,3.96375
2015-11-14 00:00:00 UTC,79,-142,247083500,2.9123611111111112
2015-11-14 00:00:00 UTC,335,-268,224045930,1.0609722222222222
2015-11-14 00:00:00 UTC,335,1798,576890000,5.8647222222222224
2015-11-14 00:00:00 UTC,335,1553,431501250,3.0954166666666665
2015-11-14 00:00:00 UTC,335,1555,431501250,4.0584722222222229
2015-11-14 00:00:00 UTC,335,1614,431600092,1.7541666666666669
2015-11-14 00:00:00 UTC,591,9,258654000,2.8619444444444442
2015-11-14 00:00:00 UTC,591,10,258654000,0.25847222222222221
2015-11-14 00:00:00 UTC,591,8,258654000,1.5966666666666667
2015-11-14 00:00:00 UTC,591,-1739,367068230,2.2070833333333333
2015-11-14 00:00:00 UTC,591,-1738,367068230,5.3316666666666661
2015-11-14 00:00:00 UTC,591,9,257138000,4.79
2015-11-14 00:00:00 UTC,591,6,257138000,1.5977777777777777
2015-11-14 00:00:00 UTC,591,8,257138000,2.6511111111111112
2015-11-14 00:00:00 UTC,591,4,257138000,1.0848611111111111
2015-11-14 00:00:00 UTC,591,7,257138000,1.8436111111111111
2015-11-14 00:00:00 UTC,591,10,257138000,3.3834722222222222
2015-11-14 00:00:00 UTC,591,5,257138000,1.5905555555555555
2015-11-14 00:00:00 UTC,591,1650,273848700,6.977777777777777
2015-11-14 00:00:00 UTC,591,1649,273848700,12.230833333333333
2015-11-14 00:00:00 UTC,591,1648,273848700,2.1904166666666667
2015-11-14 00:00:00 UTC,591,231,276377000,0.53569444444444447
2015-11-14 00:00:00 UTC,591,-41,232004550,0.74194444444444452
2015-11-14 00:00:00 UTC,591,-42,232004550,2.1484722222222223
2015-11-14 00:00:00 UTC,591,22,220109000,0.58847222222222229
2015-11-14 00:00:00 UTC,591,53,257089000,1.774861111111111
2015-11-14 00:00:00 UTC,-433,-594,701006605,16.568749999999998
2015-11-14 00:00:00 UTC,-433,-595,701006605,1.5373611111111112
2015-11-14 00:00:00 UTC,-433,-638,701000742,1.3184722222222223
2015-11-14 00:00:00 UTC,-433,-637,701000528,3.7472222222222222
2015-11-14 00:00:00 UTC,-433,-639,701000539,1.2990277777777779
2015-11-14 00:00:00 UTC,-433,-638,701000539,1.5111111111111111
2015-11-14 00:00:00 UTC,-433,1743,512419000,1.7991666666666666
2015-11-14 00:00:00 UTC,-433,-636,701000639,0.88430555555555557
2015-11-14 00:00:00 UTC,-433,-637,701000639,0.15972222222222221
2015-11-14 00:00:00 UTC,-433,-594,701000902,1.0383333333333333
2015-11-14 00:00:00 UTC,-433,-637,701000658,2.9276388888888887
2015-11-14 00:00:00 UTC,-433,-637,701000666,5.0583333333333336
2015-11-14 00:00:00 UTC,-177,565,416002604,5.0855555555555556
2015-11-14 00:00:00 UTC,-177,49,432444000,0.57652777777777775
2015-11-14 00:00:00 UTC,-177,48,432444000,1.0122222222222224
2015-11-14 00:00:00 UTC,-177,47,432444000,1.61375
2015-11-14 00:00:00 UTC,-177,394,431725000,0.50680555555555551
2015-11-14 00:00:00 UTC,-177,386,431725000,0.055277777777777773
2015-11-14 00:00:00 UTC,-177,393,431725000,2.8109722222222224
2015-11-14 00:00:00 UTC,-177,391,431725000,0.88680555555555562
2015-11-14 00:00:00 UTC,-177,392,431725000,2.4694444444444441
2015-11-14 00:00:00 UTC,-177,387,431725000,0.12361111111111112
2015-11-14 00:00:00 UTC,80,1717,431251000,0.6625
2015-11-14 00:00:00 UTC,80,1716,431251000,0.50416666666666665
2015-11-14 00:00:00 UTC,80,-143,247083500,3.0202777777777774
2015-11-14 00:00:00 UTC,336,-490,224020000,3.1831944444444442
2015-11-14 00:00:00 UTC,592,228,276276000,5.2491666666666665
2015-11-14 00:00:00 UTC,592,229,276276000,1.8283333333333336
2015-11-14 00:00:00 UTC,592,-1738,367068230,3.1023611111111116
2015-11-14 00:00:00 UTC,592,234,276690000,2.4222222222222225
2015-11-14 00:00:00 UTC,592,233,276167000,4.3229166666666661
2015-11-14 00:00:00 UTC,592,236,276326000,1.0458333333333334
2015-11-14 00:00:00 UTC,592,235,276326000,0.78236111111111106
2015-11-14 00:00:00 UTC,592,234,276326000,1.8505555555555557
2015-11-14 00:00:00 UTC,592,236,276187000,0.26013888888888892
2015-11-14 00:00:00 UTC,592,237,276187000,0.26097222222222222
2015-11-14 00:00:00 UTC,592,235,276187000,0.79208333333333336
2015-11-14 00:00:00 UTC,592,1649,273848700,2.4456944444444444
2015-11-14 00:00:00 UTC,592,-1761,303301000,3.9633333333333334
2015-11-14 00:00:00 UTC,592,230,276377000,0.80208333333333326
2015-11-14 00:00:00 UTC,592,231,276377000,3.7004166666666669
2015-11-14 00:00:00 UTC,592,235,276174000,2.72125
2015-11-14 00:00:00 UTC,592,-42,232004550,0.26444444444444448
2015-11-14 00:00:00 UTC,592,22,220109000,1.6556944444444444
2015-11-14 00:00:00 UTC,592,21,220109000,1.4406944444444445
2015-11-14 00:00:00 UTC,592,236,276182000,2.1929166666666666
2015-11-14 00:00:00 UTC,592,237,276182000,1.5844444444444443
2015-11-14 00:00:00 UTC,592,229,276299000,0.26847222222222222
2015-11-14 00:00:00 UTC,592,228,276299000,1.20125
2015-11-14 00:00:00 UTC,-432,1769,512002725,2.2752777777777773
2015-11-14 00:00:00 UTC,-432,1744,512419000,3.8576388888888888
2015-11-14 00:00:00 UTC,-432,1743,512419000,5.2420833333333334
2015-11-14 00:00:00 UTC,-432,-632,701000639,0.5970833333333333
2015-11-14 00:00:00 UTC,-432,-594,701000902,0.25513888888888892
2015-11-14 00:00:00 UTC,-432,-593,701000902,0.2623611111111111
2015-11-14 00:00:00 UTC,-176,-1239,412420914,0.0625
2015-11-14 00:00:00 UTC,-176,47,432444000,2.8959722222222224
2015-11-14 00:00:00 UTC,-176,49,432444000,1.8901388888888888
2015-11-14 00:00:00 UTC,-176,48,432444000,0.86249999999999993
2015-11-14 00:00:00 UTC,-176,394,431725000,0.59333333333333327
2015-11-14 00:00:00 UTC,337,1353,431005366,0.21180555555555558
2015-11-14 00:00:00 UTC,593,234,276690000,1.3769444444444445
2015-11-14 00:00:00 UTC,593,233,276690000,1.6202777777777775
2015-11-14 00:00:00 UTC,593,232,276167000,1.5655555555555556
2015-11-14 00:00:00 UTC,593,233,276167000,1.6118055555555555
2015-11-14 00:00:00 UTC,593,234,276326000,1.0647222222222221
2015-11-14 00:00:00 UTC,593,236,276187000,2.9520833333333334
2015-11-14 00:00:00 UTC,593,237,276187000,1.8684722222222221
2015-11-14 00:00:00 UTC,593,235,276187000,0.2631944444444444
2015-11-14 00:00:00 UTC,593,-1761,303301000,4.7884722222222216
2015-11-14 00:00:00 UTC,593,231,276377000,1.5659722222222221
2015-11-14 00:00:00 UTC,593,232,276377000,0.25166666666666671
2015-11-14 00:00:00 UTC,593,236,276174000,4.1794444444444441
2015-11-14 00:00:00 UTC,593,235,276174000,0.8255555555555556
2015-11-14 00:00:00 UTC,593,19,220109000,1.0522222222222222
2015-11-14 00:00:00 UTC,593,20,220109000,1.1616666666666666
2015-11-14 00:00:00 UTC,593,21,220109000,0.87125
2015-11-14 00:00:00 UTC,593,237,276182000,3.5752777777777771
2015-11-14 00:00:00 UTC,-431,1770,512410000,1.8745833333333335
2015-11-14 00:00:00 UTC,-431,1771,512410000,5.3250000000000011
2015-11-14 00:00:00 UTC,-431,1767,512410000,0.76708333333333334
2015-11-14 00:00:00 UTC,-431,1768,512410000,4.5750000000000011
2015-11-14 00:00:00 UTC,-431,1769,512410000,4.8584722222222219
2015-11-14 00:00:00 UTC,-431,1769,512002725,1.88375
2015-11-14 00:00:00 UTC,-431,1772,512002725,3.5077777777777777
2015-11-14 00:00:00 UTC,-431,1773,512002725,5.2081944444444455
2015-11-14 00:00:00 UTC,-431,1770,512002725,4.0291666666666668
2015-11-14 00:00:00 UTC,-431,1771,512002725,5.8872222222222232
2015-11-14 00:00:00 UTC,-431,1743,512419000,1.7261111111111109
2015-11-14 00:00:00 UTC,-431,1744,512419000,1.9804166666666667
2015-11-14 00:00:00 UTC,-431,-627,701000639,0.41236111111111107
2015-11-14 00:00:00 UTC,-431,-628,701000639,0.4851388888888889
2015-11-14 00:00:00 UTC,-431,-632,701000639,0.60916666666666663
2015-11-14 00:00:00 UTC,-431,-593,701000902,0.76902777777777787
2015-11-14 00:00:00 UTC,-175,48,432444000,2.4715277777777778
2015-11-14 00:00:00 UTC,-175,395,431725000,0.54708333333333337
2015-11-14 00:00:00 UTC,-175,394,431725000,1.0163888888888888
2015-11-14 00:00:00 UTC,-175,59,431200730,6.0211111111111109
2015-11-14 00:00:00 UTC,338,-489,224020000,5.2325
2015-11-14 00:00:00 UTC,338,1535,431600260,10.258888888888889
2015-11-14 00:00:00 UTC,338,1635,431600078,1.754027777777778
2015-11-14 00:00:00 UTC,594,8,232746000,0.41305555555555556
2015-11-14 00:00:00 UTC,594,9,232746000,1.2898611111111111
2015-11-14 00:00:00 UTC,594,243,276787000,1.3987500000000002
2015-11-14 00:00:00 UTC,594,241,276103000,0.54583333333333339
2015-11-14 00:00:00 UTC,594,243,276103000,0.26083333333333336
2015-11-14 00:00:00 UTC,594,238,276103000,0.36
2015-11-14 00:00:00 UTC,594,242,276103000,1.5868055555555556
2015-11-14 00:00:00 UTC,594,237,276103000,4.296388888888889
2015-11-14 00:00:00 UTC,594,234,276785000,2.0027777777777778
2015-11-14 00:00:00 UTC,594,-1761,303301000,2.2252777777777775
2015-11-14 00:00:00 UTC,594,238,276761000,3.0877777777777777
2015-11-14 00:00:00 UTC,594,237,276761000,2.12875
2015-11-14 00:00:00 UTC,594,242,276643000,0.26111111111111107
2015-11-14 00:00:00 UTC,594,243,276152000,1.0197222222222222
2015-11-14 00:00:00 UTC,594,236,276152000,0.52416666666666667
2015-11-14 00:00:00 UTC,594,242,276152000,1.0440277777777776
2015-11-14 00:00:00 UTC,594,237,276152000,3.7855555555555549
2015-11-14 00:00:00 UTC,594,238,276152000,1.0920833333333333
2015-11-14 00:00:00 UTC,594,18,220109000,0.52069444444444446
2015-11-14 00:00:00 UTC,594,19,220109000,0.2540277777777778
2015-11-14 00:00:00 UTC,594,-37,235070436,0.26347222222222222
2015-11-14 00:00:00 UTC,594,-36,235070436,0.52652777777777782
2015-11-14 00:00:00 UTC,594,237,276385000,1.131388888888889
2015-11-14 00:00:00 UTC,594,239,276790000,1.3497222222222223
2015-11-14 00:00:00 UTC,594,241,276790000,1.0541666666666667
2015-11-14 00:00:00 UTC,594,238,276790000,1.3694444444444445
2015-11-14 00:00:00 UTC,594,240,276790000,1.3502777777777777
2015-11-14 00:00:00 UTC,594,237,276790000,3.4890277777777783
2015-11-14 00:00:00 UTC,-430,1769,512410000,1.4540277777777777
2015-11-14 00:00:00 UTC,-430,1771,512410000,0.45805555555555555
2015-11-14 00:00:00 UTC,-430,1770,512410000,2.463055555555556
2015-11-14 00:00:00 UTC,-430,1772,512002725,0.70013888888888887
2015-11-14 00:00:00 UTC,-430,1773,512002725,0.5125
2015-11-14 00:00:00 UTC,-430,-751,725000620,3.1233333333333335
2015-11-14 00:00:00 UTC,-430,1777,512002236,1.6712499999999997
2015-11-14 00:00:00 UTC,-430,1774,512002236,3.4662499999999996
2015-11-14 00:00:00 UTC,-430,1775,512002236,3.4952777777777779
2015-11-14 00:00:00 UTC,-430,1776,512002236,5.5424999999999995
2015-11-14 00:00:00 UTC,-430,1772,512002236,1.0084722222222222
2015-11-14 00:00:00 UTC,-430,1773,512002236,8.88638888888889
2015-11-14 00:00:00 UTC,-430,1774,512002241,5.3329166666666667
2015-11-14 00:00:00 UTC,-430,1772,512002241,3.924722222222222
2015-11-14 00:00:00 UTC,-430,1776,512002241,7.7872222222222236
2015-11-14 00:00:00 UTC,-430,1773,512002241,3.2502777777777783
2015-11-14 00:00:00 UTC,-430,1775,512002241,3.5130555555555549
2015-11-14 00:00:00 UTC,-430,-592,701000902,10.055277777777778
2015-11-14 00:00:00 UTC,-430,-591,701000902,0.26111111111111113
2015-11-14 00:00:00 UTC,-174,-1245,412420914,0.80041666666666678
2015-11-14 00:00:00 UTC,-174,-1247,412420914,2.3008333333333337
2015-11-14 00:00:00 UTC,-174,-1246,412420914,4.2238888888888892
2015-11-14 00:00:00 UTC,-174,-1246,412420434,3.17625
2015-11-14 00:00:00 UTC,-174,-1247,412420434,2.4693055555555552
2015-11-14 00:00:00 UTC,-174,48,432444000,4.1454166666666659
2015-11-14 00:00:00 UTC,-174,71,431750000,0.4727777777777778
2015-11-14 00:00:00 UTC,-174,395,431725000,0.35291666666666666
2015-11-14 00:00:00 UTC,-174,394,431725000,0.82763888888888892
2015-11-14 00:00:00 UTC,-174,-1281,416004591,4.6534722222222218
2015-11-14 00:00:00 UTC,83,1641,510034000,3.8644444444444441
2015-11-14 00:00:00 UTC,83,1644,510034000,1.7984722222222222
2015-11-14 00:00:00 UTC,83,-141,412280986,1.6233333333333333
2015-11-14 00:00:00 UTC,339,1654,431600660,5.6044444444444448
2015-11-14 00:00:00 UTC,339,1638,431600660,5.7416666666666671
2015-11-14 00:00:00 UTC,339,-328,224047990,1.0390277777777777
2015-11-14 00:00:00 UTC,339,1637,431500210,6.2044444444444444
2015-11-14 00:00:00 UTC,339,1625,431600092,1.6251388888888889
2015-11-14 00:00:00 UTC,595,3,233344000,0.32166666666666666
2015-11-14 00:00:00 UTC,595,2,233344000,0.52569444444444446
2015-11-14 00:00:00 UTC,595,9,232746000,7.0190277777777776
2015-11-14 00:00:00 UTC,595,11,232746000,3.0838888888888887
2015-11-14 00:00:00 UTC,595,8,232746000,1.975138888888889
2015-11-14 00:00:00 UTC,595,10,232746000,8.137777777777778
2015-11-14 00:00:00 UTC,595,243,276787000,6.4866666666666646
2015-11-14 00:00:00 UTC,595,244,276787000,2.7279166666666663
2015-11-14 00:00:00 UTC,595,-1728,366172000,6.975138888888889
2015-11-14 00:00:00 UTC,595,-1761,303301000,3.1815277777777773
2015-11-14 00:00:00 UTC,595,238,276761000,0.31402777777777779
2015-11-14 00:00:00 UTC,595,240,276761000,1.3536111111111111
2015-11-14 00:00:00 UTC,595,239,276761000,1.9580555555555557
2015-11-14 00:00:00 UTC,595,242,276761000,1.0281944444444444
2015-11-14 00:00:00 UTC,595,241,276761000,1.3395833333333331
2015-11-14 00:00:00 UTC,595,243,276761000,0.80069444444444449
2015-11-14 00:00:00 UTC,595,242,276643000,1.0822222222222222
2015-11-14 00:00:00 UTC,595,244,276643000,2.3845833333333331
2015-11-14 00:00:00 UTC,595,243,276643000,4.5773611111111112
2015-11-14 00:00:00 UTC,595,243,276152000,1.1516666666666666
2015-11-14 00:00:00 UTC,595,-1770,367570430,1.1404166666666666
2015-11-14 00:00:00 UTC,595,-1768,367570430,4.301111111111112
2015-11-14 00:00:00 UTC,595,-1767,367570430,3.8183333333333334
2015-11-14 00:00:00 UTC,595,-1765,367570430,5.7145833333333345
2015-11-14 00:00:00 UTC,595,-1766,367570430,1.0266666666666666
2015-11-14 00:00:00 UTC,595,-1769,367570430,5.451944444444444
2015-11-14 00:00:00 UTC,-429,1473,316014991,12.124305555555555
2015-11-14 00:00:00 UTC,-429,1771,512410000,1.308472222222222
2015-11-14 00:00:00 UTC,-429,-751,725000620,1.5194444444444444
2015-11-14 00:00:00 UTC,-429,-750,725000620,1.5955555555555554
2015-11-14 00:00:00 UTC,-173,-810,412420611,12.626666666666667
2015-11-14 00:00:00 UTC,-173,-1245,412420914,3.9244444444444442
2015-11-14 00:00:00 UTC,-173,-789,416562000,5.0791666666666666
2015-11-14 00:00:00 UTC,-173,-1246,412420434,5.4994444444444444
2015-11-14 00:00:00 UTC,-173,-1247,412420434,1.9072222222222222
2015-11-14 00:00:00 UTC,-173,-1270,412420436,1.8731944444444442
2015-11-14 00:00:00 UTC,-173,-1271,412420436,0.50347222222222221
2015-11-14 00:00:00 UTC,-173,48,432444000,0.37944444444444442
2015-11-14 00:00:00 UTC,-173,49,432444000,0.49291666666666667
2015-11-14 00:00:00 UTC,-173,113,224710000,3.5355555555555558
2015-11-14 00:00:00 UTC,-173,71,431750000,1.5422222222222224
2015-11-14 00:00:00 UTC,-173,70,431750000,0.58916666666666662
2015-11-14 00:00:00 UTC,-173,114,224079000,7.7518055555555572
2015-11-14 00:00:00 UTC,-173,113,224079000,7.8313888888888883
2015-11-14 00:00:00 UTC,-173,115,224079000,2.6943055555555557
2015-11-14 00:00:00 UTC,-173,52,431700130,16.116666666666667
2015-11-14 00:00:00 UTC,-173,-1290,416004591,0.78333333333333321
2015-11-14 00:00:00 UTC,-173,-1289,416004591,3.9618055555555558
2015-11-14 00:00:00 UTC,-173,-1282,416004591,1.3170833333333332
2015-11-14 00:00:00 UTC,84,1636,510034000,1.456388888888889
2015-11-14 00:00:00 UTC,84,1637,510034000,2.6031944444444441
2015-11-14 00:00:00 UTC,84,1635,510034000,3.04
2015-11-14 00:00:00 UTC,84,-143,412280986,2.2534722222222223
2015-11-14 00:00:00 UTC,340,1636,431000582,1.5124999999999997
2015-11-14 00:00:00 UTC,340,1637,431000582,2.9087499999999995
2015-11-14 00:00:00 UTC,340,1635,431002127,2.1034722222222224
2015-11-14 00:00:00 UTC,340,1638,431002127,1.6580555555555554
2015-11-14 00:00:00 UTC,340,1633,431002127,8.3624999999999989
2015-11-14 00:00:00 UTC,340,1636,431002127,1.30875
2015-11-14 00:00:00 UTC,340,1634,431002127,10.170833333333334
2015-11-14 00:00:00 UTC,340,1637,431002127,0.86722222222222223
2015-11-14 00:00:00 UTC,340,1650,431600660,5.358194444444444
2015-11-14 00:00:00 UTC,340,1648,431600660,1.1958333333333333
2015-11-14 00:00:00 UTC,340,1647,431600660,0.3625
2015-11-14 00:00:00 UTC,340,1649,431600660,1.4209722222222223
2015-11-14 00:00:00 UTC,340,-328,224047990,1.0529166666666667
2015-11-14 00:00:00 UTC,340,1536,431600260,2.7958333333333329
2015-11-14 00:00:00 UTC,340,1537,431600260,3.9558333333333335
2015-11-14 00:00:00 UTC,340,1633,431501731,5.9961111111111114
2015-11-14 00:00:00 UTC,340,1631,431501731,2.4170833333333333
2015-11-14 00:00:00 UTC,340,1634,431501731,3.9330555555555553
2015-11-14 00:00:00 UTC,340,1655,431500210,6.0495833333333344
2015-11-14 00:00:00 UTC,340,1650,431500210,5.3998611111111119
2015-11-14 00:00:00 UTC,340,1327,431006677,0.97208333333333341
2015-11-14 00:00:00 UTC,340,1328,431006677,3.1106944444444444
2015-11-14 00:00:00 UTC,596,-4,233344000,0.77777777777777779
2015-11-14 00:00:00 UTC,596,-6,233344000,1.0230555555555556
2015-11-14 00:00:00 UTC,596,-3,233344000,1.2877777777777777
2015-11-14 00:00:00 UTC,596,-5,233344000,1.0359722222222221
2015-11-14 00:00:00 UTC,596,-6,233651000,0.80430555555555561
2015-11-14 00:00:00 UTC,596,-7,233651000,0.26222222222222225
2015-11-14 00:00:00 UTC,596,-5,233651000,1.0388888888888888
2015-11-14 00:00:00 UTC,596,-3,233651000,0.78749999999999987
2015-11-14 00:00:00 UTC,596,-4,233651000,1.0290277777777777
2015-11-14 00:00:00 UTC,596,-1729,366172000,1.5527777777777776
2015-11-14 00:00:00 UTC,596,-1728,366172000,8.4759722222222216
2015-11-14 00:00:00 UTC,596,-1761,303301000,4.6495833333333341
2015-11-14 00:00:00 UTC,596,-1760,303301000,0.86569444444444443
2015-11-14 00:00:00 UTC,596,1667,273445310,1.4279166666666667
2015-11-14 00:00:00 UTC,596,4,220109000,2.350138888888889
2015-11-14 00:00:00 UTC,596,-1768,367570430,1.5624999999999996
2015-11-14 00:00:00 UTC,-428,-1783,512000015,0.49972222222222218
2015-11-14 00:00:00 UTC,-428,-1778,512000015,1.5970833333333332
2015-11-14 00:00:00 UTC,-428,-1782,512000015,0.34166666666666667
2015-11-14 00:00:00 UTC,-428,-1800,512000015,2.7662500000000003
2015-11-14 00:00:00 UTC,-428,1799,512000015,7.2577777777777781
2015-11-14 00:00:00 UTC,-428,-1779,512000015,1.3522222222222227
2015-11-14 00:00:00 UTC,-428,-1777,512000015,0.84791666666666665
2015-11-14 00:00:00 UTC,-428,-1797,512000015,1.1830555555555553
2015-11-14 00:00:00 UTC,-428,-1780,512000015,0.66958333333333342
2015-11-14 00:00:00 UTC,-428,-1781,512000015,0.38694444444444442
2015-11-14 00:00:00 UTC,-428,-749,725000620,4.5319444444444441
2015-11-14 00:00:00 UTC,-172,-793,412354055,9.1870833333333337
2015-11-14 00:00:00 UTC,-172,-793,412354056,3.6630555555555553
2015-11-14 00:00:00 UTC,-172,-794,412354056,7.7004166666666674
2015-11-14 00:00:00 UTC,-172,-795,416842000,5.287638888888889
2015-11-14 00:00:00 UTC,-172,-794,412422694,10.426805555555555
2015-11-14 00:00:00 UTC,-172,-793,412422695,7.4515277777777778
2015-11-14 00:00:00 UTC,-172,-794,412422701,10.106527777777778
2015-11-14 00:00:00 UTC,-172,-1237,412420914,3.8786111111111108
2015-11-14 00:00:00 UTC,-172,-790,416562000,5.0055555555555555
2015-11-14 00:00:00 UTC,-172,-1241,412420434,3.6844444444444444
2015-11-14 00:00:00 UTC,-172,49,432444000,0.58458333333333334
2015-11-14 00:00:00 UTC,-172,-794,412420965,6.808472222222222
2015-11-14 00:00:00 UTC,-172,113,224710000,3.9411111111111112
2015-11-14 00:00:00 UTC,-172,71,431750000,0.48652777777777778
2015-11-14 00:00:00 UTC,-172,70,431750000,1.5623611111111111
2015-11-14 00:00:00 UTC,-172,69,431750000,1.983888888888889
2015-11-14 00:00:00 UTC,-172,113,224079000,0.37583333333333335
2015-11-14 00:00:00 UTC,-172,-794,412420798,13.766944444444444
2015-11-14 00:00:00 UTC,-172,-794,412422352,8.22486111111111
2015-11-14 00:00:00 UTC,-172,61,431200730,3.0208333333333335
2015-11-14 00:00:00 UTC,-172,-1293,416004591,1.1005555555555555
2015-11-14 00:00:00 UTC,-172,-1292,416004591,1.1715277777777777
2015-11-14 00:00:00 UTC,-172,-1283,416004591,2.1504166666666666
2015-11-14 00:00:00 UTC,-172,-1284,416004591,4.4202777777777778
2015-11-14 00:00:00 UTC,-172,-793,412420854,12.049305555555556
2015-11-14 00:00:00 UTC,-172,-793,412420855,7.0976388888888886
2015-11-14 00:00:00 UTC,-172,-794,412420855,6.3195833333333331
2015-11-14 00:00:00 UTC,85,1640,510034000,3.3044444444444445
2015-11-14 00:00:00 UTC,85,-144,412280983,3.03625
2015-11-14 00:00:00 UTC,85,-143,412280986,1.649861111111111
2015-11-14 00:00:00 UTC,85,-141,412280986,3.0395833333333333
2015-11-14 00:00:00 UTC,85,-140,412280986,1.8886111111111112
2015-11-14 00:00:00 UTC,341,1635,431000582,3.3161111111111112
2015-11-14 00:00:00 UTC,341,1636,431000582,0.69194444444444436
2015-11-14 00:00:00 UTC,341,1641,431002127,5.4036111111111111
2015-11-14 00:00:00 UTC,341,1639,431002127,2.4955555555555553
2015-11-14 00:00:00 UTC,341,1647,431600660,4.1415277777777781
2015-11-14 00:00:00 UTC,341,-486,224020000,6.0261111111111108
2015-11-14 00:00:00 UTC,341,-487,224020000,4.5743055555555552
2015-11-14 00:00:00 UTC,341,-327,224047990,1.0486111111111112
2015-11-14 00:00:00 UTC,341,-328,224047990,0.49569444444444444
2015-11-14 00:00:00 UTC,341,1640,431501731,1.9456944444444446
2015-11-14 00:00:00 UTC,341,1638,431501731,4.4498611111111108
2015-11-14 00:00:00 UTC,341,1639,431501731,1.9168055555555554
2015-11-14 00:00:00 UTC,341,1649,431500210,2.3043055555555556
2015-11-14 00:00:00 UTC,341,1648,431500210,4.6372222222222224
2015-11-14 00:00:00 UTC,597,-8,233344000,1.0361111111111112
2015-11-14 00:00:00 UTC,597,-7,233344000,2.3572222222222221
2015-11-14 00:00:00 UTC,597,-436,231156000,1.4837500000000001
2015-11-14 00:00:00 UTC,597,-8,233651000,1.3054166666666669
2015-11-14 00:00:00 UTC,597,-7,233651000,1.87125
2015-11-14 00:00:00 UTC,597,-29,235004230,1.2934722222222221
2015-11-14 00:00:00 UTC,597,-27,235004230,0.25527777777777777
2015-11-14 00:00:00 UTC,597,-28,235004230,2.5909722222222222
2015-11-14 00:00:00 UTC,597,-1728,366172000,6.8066666666666666
2015-11-14 00:00:00 UTC,597,1679,273849700,0.71527777777777768
2015-11-14 00:00:00 UTC,597,0,220109000,1.8633333333333333
2015-11-14 00:00:00 UTC,597,1,220109000,2.0841666666666665
2015-11-14 00:00:00 UTC,597,2,220109000,1.82
2015-11-14 00:00:00 UTC,597,3,220109000,1.5462500000000001
2015-11-14 00:00:00 UTC,597,4,220109000,0.23861111111111111
2015-11-14 00:00:00 UTC,-427,-544,412328765,4.512083333333333
2015-11-14 00:00:00 UTC,-171,-794,412354055,1.1748611111111111
2015-11-14 00:00:00 UTC,-171,-794,412422695,2.2693055555555555
2015-11-14 00:00:00 UTC,-171,69,431702580,8.3831944444444453
2015-11-14 00:00:00 UTC,-171,-1241,412420434,3.4176388888888889
2015-11-14 00:00:00 UTC,-171,-1240,412420434,1.1823611111111112
2015-11-14 00:00:00 UTC,-171,-1239,412420434,0.69916666666666671
2015-11-14 00:00:00 UTC,-171,-1266,412420436,2.5720833333333339
2015-11-14 00:00:00 UTC,-171,-1264,412420436,5.2429166666666678
2015-11-14 00:00:00 UTC,-171,49,432444000,0.50152777777777779
2015-11-14 00:00:00 UTC,-171,-794,412420965,2.9456944444444444
2015-11-14 00:00:00 UTC,-171,113,224710000,5.8661111111111115
2015-11-14 00:00:00 UTC,-171,70,431750000,1.9324999999999999
2015-11-14 00:00:00 UTC,-171,-1784,520153000,1.0305555555555554
2015-11-14 00:00:00 UTC,-171,-1785,520153000,1.2734722222222223
2015-11-14 00:00:00 UTC,-171,61,431200730,4.3454166666666669
2015-11-14 00:00:00 UTC,-171,-1294,416004591,4.2579166666666666
2015-11-14 00:00:00 UTC,86,1645,510035000,1.6861111111111109
2015-11-14 00:00:00 UTC,86,1639,510035000,2.9251388888888887
2015-11-14 00:00:00 UTC,86,1643,510035000,3.6470833333333328
2015-11-14 00:00:00 UTC,86,1638,510035000,1.2344444444444445
2015-11-14 00:00:00 UTC,86,1637,510035000,4.8202777777777772
2015-11-14 00:00:00 UTC,86,-143,412280983,2.8047222222222219
2015-11-14 00:00:00 UTC,86,-144,412280983,3.4140277777777777
2015-11-14 00:00:00 UTC,86,-141,412280986,4.283611111111111
2015-11-14 00:00:00 UTC,86,-143,412280986,0.79111111111111121
2015-11-14 00:00:00 UTC,86,-142,412280986,4.7875
2015-11-14 00:00:00 UTC,342,-327,224047990,1.0886111111111112
2015-11-14 00:00:00 UTC,342,137,247305860,8.51152777777778
2015-11-14 00:00:00 UTC,342,1637,431600078,6.9169444444444439
2015-11-14 00:00:00 UTC,342,138,248000728,19.235555555555557
2015-11-14 00:00:00 UTC,598,-435,231156000,15.845277777777779
2015-11-14 00:00:00 UTC,598,-434,231156000,3.5295833333333335
2015-11-14 00:00:00 UTC,598,-433,231156000,1.7375
2015-11-14 00:00:00 UTC,598,-436,231156000,1.3423611111111111
2015-11-14 00:00:00 UTC,598,-32,235004230,7.13138888888889
2015-11-14 00:00:00 UTC,598,-28,235004230,2.0754166666666669
2015-11-14 00:00:00 UTC,598,-31,235004230,3.6604166666666669
2015-11-14 00:00:00 UTC,598,-27,235004230,1.3048611111111112
2015-11-14 00:00:00 UTC,598,-33,235004230,3.0741666666666667
2015-11-14 00:00:00 UTC,598,-34,235004230,0.51041666666666674
2015-11-14 00:00:00 UTC,598,-30,235004230,0.7648611111111111
2015-11-14 00:00:00 UTC,598,-29,235004230,1.5477777777777777
2015-11-14 00:00:00 UTC,598,-55,225341000,1.75
2015-11-14 00:00:00 UTC,598,1682,273849700,1.4595833333333335
2015-11-14 00:00:00 UTC,598,-10,234896000,0.5279166666666667
2015-11-14 00:00:00 UTC,598,1675,273445310,3.7655555555555553
2015-11-14 00:00:00 UTC,598,1669,273445310,6.5077777777777781
2015-11-14 00:00:00 UTC,-426,-544,412328765,4.3234722222222217
2015-11-14 00:00:00 UTC,-426,-599,701042000,0.16069444444444445
2015-11-14 00:00:00 UTC,-170,-1237,412420911,5.1733333333333329
2015-11-14 00:00:00 UTC,-170,-1236,412420911,1.3123611111111111
2015-11-14 00:00:00 UTC,-170,-1234,412420911,4.6363888888888889
2015-11-14 00:00:00 UTC,-170,-1235,412420911,1.4166666666666665
2015-11-14 00:00:00 UTC,-170,-1239,412420434,2.2815277777777778
2015-11-14 00:00:00 UTC,-170,-1238,412420434,0.52041666666666664
2015-11-14 00:00:00 UTC,-170,-1240,412420434,1.3826388888888888
2015-11-14 00:00:00 UTC,-170,48,432444000,0.36
2015-11-14 00:00:00 UTC,-170,49,432444000,6.0247222222222208
2015-11-14 00:00:00 UTC,-170,113,224710000,0.5377777777777778
2015-11-14 00:00:00 UTC,-170,111,224079000,2.4715277777777773
2015-11-14 00:00:00 UTC,-170,112,224079000,3.4998611111111106
2015-11-14 00:00:00 UTC,-170,-1785,520153000,4.1552777777777781
2015-11-14 00:00:00 UTC,87,1641,412699450,2.09875
2015-11-14 00:00:00 UTC,87,1634,412699450,1.0640277777777778
2015-11-14 00:00:00 UTC,87,1639,412699450,3.7552777777777777
2015-11-14 00:00:00 UTC,87,1635,412699450,3.0044444444444443
2015-11-14 00:00:00 UTC,87,1633,412699450,3.1888888888888887
2015-11-14 00:00:00 UTC,87,1633,510033000,14.236805555555556
2015-11-14 00:00:00 UTC,87,-143,412280983,5.1609722222222212
2015-11-14 00:00:00 UTC,343,1342,431004999,2.0354166666666664
2015-11-14 00:00:00 UTC,343,1498,431175000,1.8698611111111112
2015-11-14 00:00:00 UTC,343,-327,224047990,0.99319444444444438
2015-11-14 00:00:00 UTC,343,137,247305860,6.427777777777778
2015-11-14 00:00:00 UTC,343,-73,242131100,0.40458333333333329
2015-11-14 00:00:00 UTC,343,-72,242130100,0.36263888888888884
2015-11-14 00:00:00 UTC,343,-1198,367568350,2.1144444444444441
2015-11-14 00:00:00 UTC,343,-70,242063100,1.1795833333333332
2015-11-14 00:00:00 UTC,343,-69,242063100,4.6531944444444449
2015-11-14 00:00:00 UTC,599,-9,234896000,0.26930555555555558
2015-11-14 00:00:00 UTC,599,-10,234896000,3.6798611111111112
2015-11-14 00:00:00 UTC,599,1675,273445310,0.016666666666666666
2015-11-14 00:00:00 UTC,599,1676,273445310,0.10041666666666667
2015-11-14 00:00:00 UTC,599,1671,273449170,1.5975
2015-11-14 00:00:00 UTC,-425,-599,701000732,1.7647222222222223
2015-11-14 00:00:00 UTC,-425,-598,701000732,0.59402777777777771
2015-11-14 00:00:00 UTC,-425,-599,701042000,0.38194444444444442
2015-11-14 00:00:00 UTC,-425,-598,701042000,2.8016666666666663
2015-11-14 00:00:00 UTC,-425,-749,725000620,2.6095833333333331
2015-11-14 00:00:00 UTC,-425,-748,725000620,5.3136111111111113
2015-11-14 00:00:00 UTC,-425,-599,701006073,1.1552777777777776
2015-11-14 00:00:00 UTC,-169,67,431702580,2.9704166666666665
2015-11-14 00:00:00 UTC,-169,570,312422000,7.0630555555555556
2015-11-14 00:00:00 UTC,-169,-1786,520153000,3.9852777777777777
2015-11-14 00:00:00 UTC,-169,-1242,412420585,1.1581944444444445
2015-11-14 00:00:00 UTC,88,1641,412699450,0.69291666666666674
2015-11-14 00:00:00 UTC,88,1632,510034000,5.4115277777777777
2015-11-14 00:00:00 UTC,88,-143,412280983,5.47125
2015-11-14 00:00:00 UTC,88,1641,538060013,1.2808333333333333
2015-11-14 00:00:00 UTC,88,1635,538060013,2.7088888888888887
2015-11-14 00:00:00 UTC,88,1640,538060013,1.903472222222222
2015-11-14 00:00:00 UTC,88,1634,538060013,0.96791666666666654
2015-11-14 00:00:00 UTC,88,1633,538060013,4.1354166666666661
2015-11-14 00:00:00 UTC,88,1639,538060013,3.5540277777777773
2015-11-14 00:00:00 UTC,344,1284,440336660,4.665
2015-11-14 00:00:00 UTC,344,1342,431004999,3.3608333333333333
2015-11-14 00:00:00 UTC,344,1341,431004999,2.3294444444444444
2015-11-14 00:00:00 UTC,344,1499,431175000,2.02
2015-11-14 00:00:00 UTC,344,1498,431175000,3.702638888888889
2015-11-14 00:00:00 UTC,344,-326,224047990,1.5220833333333332
2015-11-14 00:00:00 UTC,344,-327,224047990,0.17916666666666664
2015-11-14 00:00:00 UTC,600,1673,273896300,1.5755555555555554
2015-11-14 00:00:00 UTC,600,-9,234896000,2.6281944444444445
2015-11-14 00:00:00 UTC,600,1675,273825210,2.935972222222222
2015-11-14 00:00:00 UTC,600,1673,273825210,1.5899999999999999
2015-11-14 00:00:00 UTC,600,1675,273445310,0.81944444444444453
2015-11-14 00:00:00 UTC,600,1674,273449170,3.0259722222222218
2015-11-14 00:00:00 UTC,600,1676,273449170,0.33347222222222223
2015-11-14 00:00:00 UTC,600,1672,273449170,1.600972222222222
2015-11-14 00:00:00 UTC,600,1675,273449170,1.6665277777777781
2015-11-14 00:00:00 UTC,600,1673,273449170,2.783611111111111
2015-11-14 00:00:00 UTC,600,1674,273511900,3.6729166666666671
2015-11-14 00:00:00 UTC,600,1675,273511900,0.10541666666666664
2015-11-14 00:00:00 UTC,-424,-598,701000732,4.8515277777777772
2015-11-14 00:00:00 UTC,-424,-596,701000735,2.9501388888888886
2015-11-14 00:00:00 UTC,-424,-598,701042000,2.0016666666666669
2015-11-14 00:00:00 UTC,-424,-598,701006073,4.335
2015-11-14 00:00:00 UTC,-424,-599,701006073,2.2543055555555553
2015-11-14 00:00:00 UTC,-168,-1239,412420911,3.9198611111111106
2015-11-14 00:00:00 UTC,-168,-1240,412420911,1.2005555555555556
2015-11-14 00:00:00 UTC,-168,-1241,412420911,5.4127777777777784
2015-11-14 00:00:00 UTC,-168,72,440989000,2.4322222222222218
2015-11-14 00:00:00 UTC,-168,571,312422000,5.2566666666666659
2015-11-14 00:00:00 UTC,-168,69,431750000,1.6915277777777777
2015-11-14 00:00:00 UTC,-168,-1248,412420821,0.90736111111111106
2015-11-14 00:00:00 UTC,-168,-1249,412420821,2.5559722222222216
2015-11-14 00:00:00 UTC,-168,1721,412689880,4.0725
2015-11-14 00:00:00 UTC,-168,1720,412689880,4.0356944444444443
2015-11-14 00:00:00 UTC,-168,-1244,412420585,1.400138888888889
2015-11-14 00:00:00 UTC,-168,-1242,412420585,1.1208333333333333
2015-11-14 00:00:00 UTC,-168,-1243,412420585,2.1255555555555556
2015-11-14 00:00:00 UTC,-168,-1263,412420846,3.1093055555555553
2015-11-14 00:00:00 UTC,89,1642,510035000,0.7761111111111112
2015-11-14 00:00:00 UTC,89,1641,412699450,0.72111111111111115
2015-11-14 00:00:00 UTC,89,1539,431704420,5.46611111111111
2015-11-14 00:00:00 UTC,89,-143,412280983,1.7520833333333332
2015-11-14 00:00:00 UTC,89,1639,538060013,0.72972222222222227
2015-11-14 00:00:00 UTC,89,1638,538060013,0.538888888888889
2015-11-14 00:00:00 UTC,89,1637,538060013,3.6091666666666669
2015-11-14 00:00:00 UTC,345,1280,440123650,0.9901388888888889
2015-11-14 00:00:00 UTC,345,1280,440311860,1.4980555555555555
2015-11-14 00:00:00 UTC,345,1280,440115540,0.84819444444444447
2015-11-14 00:00:00 UTC,345,1500,431175000,2.2816666666666663
2015-11-14 00:00:00 UTC,345,1501,431175000,4.0366666666666671
2015-11-14 00:00:00 UTC,345,1348,431005303,3.3263888888888884
2015-11-14 00:00:00 UTC,345,1349,431005303,0.53180555555555564
2015-11-14 00:00:00 UTC,345,1348,431005304,0.79166666666666674
2015-11-14 00:00:00 UTC,345,1280,440222080,1.63125
2015-11-14 00:00:00 UTC,345,1278,440305060,0.79638888888888881
2015-11-14 00:00:00 UTC,345,1348,431005876,3.4372222222222226
2015-11-14 00:00:00 UTC,345,1349,431005876,0.11944444444444445
2015-11-14 00:00:00 UTC,345,1348,431005877,2.7869444444444444
2015-11-14 00:00:00 UTC,345,1349,431005877,1.6781944444444443
2015-11-14 00:00:00 UTC,345,328,212899000,0.22055555555555556
2015-11-14 00:00:00 UTC,345,1280,440109260,2.9180555555555556
2015-11-14 00:00:00 UTC,345,1280,440142040,0.8963888888888889
2015-11-14 00:00:00 UTC,601,1675,273896300,3.3090277777777781
2015-11-14 00:00:00 UTC,601,1676,273896300,1.4059722222222222
2015-11-14 00:00:00 UTC,601,-9,234896000,0.52458333333333329
2015-11-14 00:00:00 UTC,601,9,257018000,4.840416666666667
2015-11-14 00:00:00 UTC,601,7,257018000,3.8584722222222219
2015-11-14 00:00:00 UTC,601,8,257018000,1.850972222222222
2015-11-14 00:00:00 UTC,601,1676,273825210,3.9195833333333332
2015-11-14 00:00:00 UTC,601,1674,273825210,2.4076388888888887
2015-11-14 00:00:00 UTC,601,1675,273825210,4.0370833333333325
2015-11-14 00:00:00 UTC,601,1673,273825210,1.6099999999999999
2015-11-14 00:00:00 UTC,601,1678,273445310,4.046388888888889
2015-11-14 00:00:00 UTC,601,1679,273445310,1.5849999999999997
2015-11-14 00:00:00 UTC,601,1677,273445310,1.5477777777777777
2015-11-14 00:00:00 UTC,601,1678,273449170,1.4290277777777778
2015-11-14 00:00:00 UTC,601,1680,273449170,0.77347222222222234
2015-11-14 00:00:00 UTC,601,1676,273449170,2.0276388888888888
2015-11-14 00:00:00 UTC,601,1679,273449170,1.3293055555555551
2015-11-14 00:00:00 UTC,601,1675,273449170,1.6873611111111106
2015-11-14 00:00:00 UTC,601,1677,273449170,5.53361111111111
2015-11-14 00:00:00 UTC,601,1674,273511900,1.3375
2015-11-14 00:00:00 UTC,601,1676,273511900,5.1819444444444436
2015-11-14 00:00:00 UTC,601,1678,273511900,2.9508333333333336
2015-11-14 00:00:00 UTC,601,1675,273511900,8.4297222222222246
2015-11-14 00:00:00 UTC,-423,-597,701000732,2.3125
2015-11-14 00:00:00 UTC,-423,-598,701000732,8.0043055555555558
2015-11-14 00:00:00 UTC,-423,-597,701000735,0.99999999999999978
2015-11-14 00:00:00 UTC,-423,-596,701000735,3.649861111111111
2015-11-14 00:00:00 UTC,-423,-598,701042000,7.9441666666666659
2015-11-14 00:00:00 UTC,-423,-597,701042000,2.3398611111111109
2015-11-14 00:00:00 UTC,-423,-590,701000577,5.2356944444444444
2015-11-14 00:00:00 UTC,-423,-597,701006043,2.2415277777777778
2015-11-14 00:00:00 UTC,-423,-598,701006073,5.0301388888888887
2015-11-14 00:00:00 UTC,-423,-599,701006073,1.4637499999999999
2015-11-14 00:00:00 UTC,-167,68,431702580,2.9584722222222219
2015-11-14 00:00:00 UTC,-167,72,440989000,4.8980555555555547
2015-11-14 00:00:00 UTC,-167,571,312422000,12.242777777777778
2015-11-14 00:00:00 UTC,-167,69,431750000,1.6188888888888888
2015-11-14 00:00:00 UTC,-167,-1787,520153000,6.3465277777777773
2015-11-14 00:00:00 UTC,-167,-1248,412420821,0.40375
2015-11-14 00:00:00 UTC,-167,1720,412689880,2.0045833333333332
2015-11-14 00:00:00 UTC,-167,1721,412689880,1.8531944444444441
2015-11-14 00:00:00 UTC,-167,-1245,412420585,3.8209722222222222
2015-11-14 00:00:00 UTC,-167,-1263,412420846,2.1425
2015-11-14 00:00:00 UTC,90,1641,510035000,2.721111111111111
2015-11-14 00:00:00 UTC,90,1634,412699450,0.77208333333333334
2015-11-14 00:00:00 UTC,90,1635,412699450,2.069722222222222
2015-11-14 00:00:00 UTC,90,1641,412699450,3.9294444444444441
2015-11-14 00:00:00 UTC,90,1632,510033000,3.0394444444444448
2015-11-14 00:00:00 UTC,90,1634,510033000,10.582638888888889
2015-11-14 00:00:00 UTC,90,1628,538060013,5.1141666666666667
2015-11-14 00:00:00 UTC,346,-69,242051100,1.8858333333333333
2015-11-14 00:00:00 UTC,346,1280,440148260,10.541944444444445
2015-11-14 00:00:00 UTC,346,1279,440122670,0.38472222222222219
2015-11-14 00:00:00 UTC,346,1280,440122670,1.6184722222222221
2015-11-14 00:00:00 UTC,346,1279,440122930,0.46291666666666664
2015-11-14 00:00:00 UTC,346,1279,440145460,0.40430555555555553
2015-11-14 00:00:00 UTC,346,1279,440311860,0.55069444444444449
2015-11-14 00:00:00 UTC,346,1197,412366389,2.3240277777777778
2015-11-14 00:00:00 UTC,346,1279,440131130,4.149861111111111
2015-11-14 00:00:00 UTC,346,1280,440122940,1.0358333333333334
2015-11-14 00:00:00 UTC,346,1279,440122940,0.86027777777777781
2015-11-14 00:00:00 UTC,346,1279,440131390,0.9343055555555555
2015-11-14 00:00:00 UTC,346,1280,440131390,0.78972222222222221
2015-11-14 00:00:00 UTC,346,1280,440141640,0.64666666666666672
2015-11-14 00:00:00 UTC,346,1279,440141640,1.24125
2015-11-14 00:00:00 UTC,346,1286,440152650,5.0701388888888888
2015-11-14 00:00:00 UTC,346,1280,440131150,1.1883333333333332
2015-11-14 00:00:00 UTC,346,1279,440131150,1.2226388888888891
2015-11-14 00:00:00 UTC,346,1280,440145490,12.63125
2015-11-14 00:00:00 UTC,346,1502,431175000,1.4677777777777778
2015-11-14 00:00:00 UTC,346,1500,431175000,5.0969444444444454
2015-11-14 00:00:00 UTC,346,1501,431175000,1.4719444444444445
2015-11-14 00:00:00 UTC,346,1279,440123490,0.94652777777777775
2015-11-14 00:00:00 UTC,346,-69,242929000,2.3150000000000004
2015-11-14 00:00:00 UTC,346,1279,440130930,1.7723611111111111
2015-11-14 00:00:00 UTC,346,-333,224047990,8.0904166666666661
2015-11-14 00:00:00 UTC,346,-328,224047990,4.0163888888888888
2015-11-14 00:00:00 UTC,346,-325,224047990,2.4531944444444447
2015-11-14 00:00:00 UTC,346,-326,224047990,1.9391666666666667
2015-11-14 00:00:00 UTC,346,1280,440102520,0.3255555555555556
2015-11-14 00:00:00 UTC,346,1279,440102520,0.66444444444444439
2015-11-14 00:00:00 UTC,346,1280,440222080,0.4851388888888889
2015-11-14 00:00:00 UTC,346,330,209232000,0.2122222222222222
2015-11-14 00:00:00 UTC,346,332,209232000,4.3786111111111108
2015-11-14 00:00:00 UTC,346,331,209232000,6.6588888888888871
2015-11-14 00:00:00 UTC,346,1279,440102530,0.70583333333333342
2015-11-14 00:00:00 UTC,346,1280,440102530,1.3393055555555557
2015-11-14 00:00:00 UTC,346,1280,440123780,0.7779166666666667
2015-11-14 00:00:00 UTC,346,1279,440123780,1.4352777777777779
2015-11-14 00:00:00 UTC,346,1280,440122760,0.9080555555555555
2015-11-14 00:00:00 UTC,346,1279,440122760,1.5797222222222222
2015-11-14 00:00:00 UTC,346,1280,440148120,0.89541666666666664
2015-11-14 00:00:00 UTC,346,1286,440131480,6.2145833333333336
2015-11-14 00:00:00 UTC,346,1285,440131480,1.6669444444444443
2015-11-14 00:00:00 UTC,346,1280,440112550,2.0619444444444444
2015-11-14 00:00:00 UTC,346,1279,440154550,0.48138888888888887
2015-11-14 00:00:00 UTC,346,325,212899000,0.518888888888889
2015-11-14 00:00:00 UTC,346,328,212899000,3.5083333333333324
2015-11-14 00:00:00 UTC,346,326,212899000,3.9993055555555559
2015-11-14 00:00:00 UTC,346,327,212899000,3.9081944444444443
2015-11-14 00:00:00 UTC,346,1286,440116670,1.3738888888888889
2015-11-14 00:00:00 UTC,346,1279,440145860,1.1930555555555555
2015-11-14 00:00:00 UTC,346,1286,440116680,0.34736111111111112
2015-11-14 00:00:00 UTC,346,1279,440152780,1.0516666666666667
2015-11-14 00:00:00 UTC,346,1280,440152780,0.32611111111111113
2015-11-14 00:00:00 UTC,346,1280,440109260,0.50750000000000006
2015-11-14 00:00:00 UTC,346,1280,440142040,1.2904166666666668
2015-11-14 00:00:00 UTC,346,1286,440106230,0.48777777777777775
2015-11-14 00:00:00 UTC,346,-69,242063100,7.1225
2015-11-14 00:00:00 UTC,602,7,226246000,3.2584722222222222
2015-11-14 00:00:00 UTC,602,8,226246000,0.48055555555555551
2015-11-14 00:00:00 UTC,602,6,226246000,1.6486111111111112
2015-11-14 00:00:00 UTC,602,7,257018000,3.6455555555555557
2015-11-14 00:00:00 UTC,602,8,257018000,0.25680555555555551
2015-11-14 00:00:00 UTC,602,6,228190900,1.9509722222222221
2015-11-14 00:00:00 UTC,602,13,228190900,2.385
2015-11-14 00:00:00 UTC,602,7,228190900,3.8647222222222224
2015-11-14 00:00:00 UTC,602,-472,331277000,0.35013888888888889
2015-11-14 00:00:00 UTC,-422,-597,701000732,5.06625
2015-11-14 00:00:00 UTC,-422,-598,701000732,1.1876388888888889
2015-11-14 00:00:00 UTC,-422,-597,701000735,0.742638888888889
2015-11-14 00:00:00 UTC,-422,-596,701000735,2.1838888888888892
2015-11-14 00:00:00 UTC,-422,-598,701042000,2.9319444444444445
2015-11-14 00:00:00 UTC,-422,-597,701042000,4.9034722222222209
2015-11-14 00:00:00 UTC,-422,-589,701000577,5.2983333333333329
2015-11-14 00:00:00 UTC,-422,-590,701000577,9.86013888888889
2015-11-14 00:00:00 UTC,-422,-593,701037000,5.3291666666666666
2015-11-14 00:00:00 UTC,-422,-594,701006042,0.76222222222222225
2015-11-14 00:00:00 UTC,-422,-591,701006042,1.6593055555555556
2015-11-14 00:00:00 UTC,-422,-597,701006042,3.66125
2015-11-14 00:00:00 UTC,-422,-595,701006042,1.6293055555555556
2015-11-14 00:00:00 UTC,-422,-592,701006042,2.16125
2015-11-14 00:00:00 UTC,-422,-593,701006042,4.1956944444444444
2015-11-14 00:00:00 UTC,-422,-597,701006043,3.8262500000000004
2015-11-14 00:00:00 UTC,-422,-598,701006073,1.6416666666666666
2015-11-14 00:00:00 UTC,-166,1471,503798300,13.383333333333333
2015-11-14 00:00:00 UTC,-166,68,431702580,2.9668055555555557
2015-11-14 00:00:00 UTC,-166,113,224710000,4.8919444444444444
2015-11-14 00:00:00 UTC,-166,69,431750000,2.9409722222222223
2015-11-14 00:00:00 UTC,-166,52,431700130,4.828611111111111
2015-11-14 00:00:00 UTC,-166,98,432408000,1.6529166666666666
2015-11-14 00:00:00 UTC,-166,99,432408000,1.6054166666666667
2015-11-14 00:00:00 UTC,-166,-1253,412420821,2.5472222222222221
2015-11-14 00:00:00 UTC,-166,1719,412689880,2.0209722222222219
2015-11-14 00:00:00 UTC,-166,-1265,412420846,5.690833333333333
2015-11-14 00:00:00 UTC,91,1633,510035000,0.77583333333333337
2015-11-14 00:00:00 UTC,91,1635,510035000,2.8327777777777778
2015-11-14 00:00:00 UTC,91,1632,510035000,1.7097222222222221
2015-11-14 00:00:00 UTC,91,1633,412699450,2.4640277777777784
2015-11-14 00:00:00 UTC,347,1196,412369172,6.2248611111111121
2015-11-14 00:00:00 UTC,347,-69,242190100,5.3408333333333333
2015-11-14 00:00:00 UTC,347,-70,242190100,4.7722222222222221
2015-11-14 00:00:00 UTC,347,1195,412369173,0.38180555555555551
2015-11-14 00:00:00 UTC,347,1194,412369173,0.69333333333333336
2015-11-14 00:00:00 UTC,347,-69,242051100,3.3605555555555555
2015-11-14 00:00:00 UTC,347,-68,242051100,1.8391666666666666
2015-11-14 00:00:00 UTC,347,1197,412327458,5.9254166666666661
2015-11-14 00:00:00 UTC,347,-69,242910000,3.4344444444444444
2015-11-14 00:00:00 UTC,347,1281,440122930,0.52902777777777776
2015-11-14 00:00:00 UTC,347,1196,412366388,0.31541666666666668
2015-11-14 00:00:00 UTC,347,1195,412366388,0.31791666666666668
2015-11-14 00:00:00 UTC,347,1196,412366389,0.5130555555555556
2015-11-14 00:00:00 UTC,347,1197,412366389,18.415833333333332
2015-11-14 00:00:00 UTC,347,-68,242007100,2.1875
2015-11-14 00:00:00 UTC,347,-69,242007100,3.6798611111111112
2015-11-14 00:00:00 UTC,347,1287,440152650,6.5558333333333341
2015-11-14 00:00:00 UTC,347,1286,440152650,1.7269444444444444
2015-11-14 00:00:00 UTC,347,1287,440124490,1.377361111111111
2015-11-14 00:00:00 UTC,347,1286,440124490,0.64680555555555552
2015-11-14 00:00:00 UTC,347,1198,412328523,0.9458333333333333
2015-11-14 00:00:00 UTC,347,1197,412328523,4.947916666666667
2015-11-14 00:00:00 UTC,347,1503,431175000,0.60375
2015-11-14 00:00:00 UTC,347,1502,431175000,1.3583333333333334
2015-11-14 00:00:00 UTC,347,-69,242048100,4.199583333333333
2015-11-14 00:00:00 UTC,347,-68,242929000,1.9119444444444444
2015-11-14 00:00:00 UTC,347,-69,242929000,8.2827777777777776
2015-11-14 00:00:00 UTC,347,1195,412366449,12.455138888888889
2015-11-14 00:00:00 UTC,347,1286,440122520,0.32013888888888886
2015-11-14 00:00:00 UTC,347,1287,440122520,0.61972222222222217
2015-11-14 00:00:00 UTC,347,1287,440131480,0.29902777777777778
2015-11-14 00:00:00 UTC,347,1286,440131480,2.4902777777777776
2015-11-14 00:00:00 UTC,347,1286,440122540,1.9541666666666666
2015-11-14 00:00:00 UTC,347,1197,412366253,10.775555555555554
2015-11-14 00:00:00 UTC,347,1286,441131440,0.37013888888888891
2015-11-14 00:00:00 UTC,347,1287,441131440,0.31388888888888888
2015-11-14 00:00:00 UTC,347,-70,242130100,2.7565277777777779
2015-11-14 00:00:00 UTC,347,1286,440116670,0.8865277777777778
2015-11-14 00:00:00 UTC,347,1196,999966399,5.82736111111111
2015-11-14 00:00:00 UTC,347,1263,440326340,0.31444444444444442
2015-11-14 00:00:00 UTC,347,1287,440116680,4.7220833333333339
2015-11-14 00:00:00 UTC,347,1286,440116680,1.2415277777777778
2015-11-14 00:00:00 UTC,347,128,256000723,5.8875
2015-11-14 00:00:00 UTC,347,-69,242063100,5.2083333333333339
2015-11-14 00:00:00 UTC,603,1661,273896300,5.7354166666666657
2015-11-14 00:00:00 UTC,603,9,226246000,2.5002777777777778
2015-11-14 00:00:00 UTC,603,8,226246000,1.2279166666666668
2015-11-14 00:00:00 UTC,603,7,226246000,2.1969444444444446
2015-11-14 00:00:00 UTC,603,8,257018000,4.0654166666666667
2015-11-14 00:00:00 UTC,603,10,257018000,3.0431944444444445
2015-11-14 00:00:00 UTC,603,9,257018000,1.3669444444444445
2015-11-14 00:00:00 UTC,603,9,228190900,3.185972222222222
2015-11-14 00:00:00 UTC,603,13,228190900,6.4851388888888888
2015-11-14 00:00:00 UTC,603,7,228190900,4.3372222222222225
2015-11-14 00:00:00 UTC,603,8,228190900,3.320416666666667
2015-11-14 00:00:00 UTC,603,-472,331277000,20.816388888888888
2015-11-14 00:00:00 UTC,-421,-599,701006341,2.3215277777777779
2015-11-14 00:00:00 UTC,-421,-594,701006341,3.4645833333333331
2015-11-14 00:00:00 UTC,-421,-597,701006341,3.4381944444444446
2015-11-14 00:00:00 UTC,-421,-598,701006341,1.3658333333333332
2015-11-14 00:00:00 UTC,-421,-600,701006341,2.4969444444444444
2015-11-14 00:00:00 UTC,-421,-595,701006341,1.504027777777778
2015-11-14 00:00:00 UTC,-421,-596,701006341,2.1801388888888891
2015-11-14 00:00:00 UTC,-421,-595,701000735,0.84583333333333321
2015-11-14 00:00:00 UTC,-421,-594,701000735,1.0044444444444445
2015-11-14 00:00:00 UTC,-421,-593,701000735,1.2973611111111112
2015-11-14 00:00:00 UTC,-421,-597,701000735,1.0469444444444445
2015-11-14 00:00:00 UTC,-421,-592,701000735,1.3020833333333333
2015-11-14 00:00:00 UTC,-421,-596,701000735,0.82944444444444443
2015-11-14 00:00:00 UTC,-421,-600,701000509,3.18
2015-11-14 00:00:00 UTC,-421,-598,701000509,1.5369444444444444
2015-11-14 00:00:00 UTC,-421,-595,701000509,1.5020833333333334
2015-11-14 00:00:00 UTC,-421,-594,701000509,0.95013888888888887
2015-11-14 00:00:00 UTC,-421,-599,701000509,2.7884722222222225
2015-11-14 00:00:00 UTC,-421,-597,701000509,2.9081944444444447
2015-11-14 00:00:00 UTC,-421,-598,701042000,0.28430555555555553
2015-11-14 00:00:00 UTC,-421,-597,701000870,5.8816666666666668
2015-11-14 00:00:00 UTC,-421,-595,701000870,1.4787500000000002
2015-11-14 00:00:00 UTC,-421,-600,701000870,1.6527777777777777
2015-11-14 00:00:00 UTC,-421,-594,701000870,4.9745833333333342
2015-11-14 00:00:00 UTC,-421,-598,701000870,1.403888888888889
2015-11-14 00:00:00 UTC,-421,-599,701000870,4.5141666666666671
2015-11-14 00:00:00 UTC,-421,-597,701006020,1.8176388888888884
2015-11-14 00:00:00 UTC,-421,-598,701006020,2.7888888888888888
2015-11-14 00:00:00 UTC,-421,-596,701006020,1.1434722222222222
2015-11-14 00:00:00 UTC,-421,-595,701006020,1.0722222222222222
2015-11-14 00:00:00 UTC,-421,-600,701006020,1.7650000000000001
2015-11-14 00:00:00 UTC,-421,-599,701006020,2.1225
2015-11-14 00:00:00 UTC,-421,-594,701006020,1.6500000000000001
2015-11-14 00:00:00 UTC,-421,-596,701006042,2.0687499999999996
2015-11-14 00:00:00 UTC,-421,-593,701006042,3.7452777777777779
2015-11-14 00:00:00 UTC,-421,-596,701006061,2.6638888888888888
2015-11-14 00:00:00 UTC,-421,-592,701006061,3.3275
2015-11-14 00:00:00 UTC,-421,-595,701006061,1.0202777777777778
2015-11-14 00:00:00 UTC,-421,-598,701006061,1.1568055555555556
2015-11-14 00:00:00 UTC,-421,-599,701006061,2.8013888888888894
2015-11-14 00:00:00 UTC,-421,-600,701006061,2.5345833333333334
2015-11-14 00:00:00 UTC,-421,-593,701006061,0.65569444444444447
2015-11-14 00:00:00 UTC,-421,-594,701006061,3.7370833333333331
2015-11-14 00:00:00 UTC,-421,-597,701006061,3.1529166666666661
2015-11-14 00:00:00 UTC,-165,-1247,412420913,4.6575
2015-11-14 00:00:00 UTC,-165,-1246,412420913,1.3331944444444446
2015-11-14 00:00:00 UTC,-165,-815,412420427,8.4743055555555564
2015-11-14 00:00:00 UTC,-165,-815,412420964,6.4034722222222218
2015-11-14 00:00:00 UTC,-165,70,431750000,2.4429166666666666
2015-11-14 00:00:00 UTC,-165,-1256,412420238,2.193888888888889
2015-11-14 00:00:00 UTC,-165,-1255,412420238,0.2038888888888889
2015-11-14 00:00:00 UTC,-165,52,431700130,7.162638888888889
2015-11-14 00:00:00 UTC,-165,-816,412329658,6.3180555555555546
2015-11-14 00:00:00 UTC,-165,98,432408000,0.86638888888888888
2015-11-14 00:00:00 UTC,-165,97,432408000,0.47652777777777777
2015-11-14 00:00:00 UTC,-165,91,431864000,0.71222222222222231
2015-11-14 00:00:00 UTC,-165,1718,412689880,4.5127777777777789
2015-11-14 00:00:00 UTC,-165,62,431200730,4.0502777777777776
2015-11-14 00:00:00 UTC,-165,-1263,412420582,0.17055555555555557
2015-11-14 00:00:00 UTC,92,-1487,412440011,6.0147222222222219
2015-11-14 00:00:00 UTC,348,1196,412369172,0.89486111111111111
2015-11-14 00:00:00 UTC,348,-69,242190100,4.8301388888888885
2015-11-14 00:00:00 UTC,348,-68,242190100,0.90013888888888882
2015-11-14 00:00:00 UTC,348,1287,440320280,0.59541666666666671
2015-11-14 00:00:00 UTC,348,-68,242051100,2.1261111111111108
2015-11-14 00:00:00 UTC,348,1289,440106270,7.96388888888889
2015-11-14 00:00:00 UTC,348,1197,412327458,8.12138888888889
2015-11-14 00:00:00 UTC,348,1523,431500070,6.4
2015-11-14 00:00:00 UTC,348,1522,431500070,11.555694444444445
2015-11-14 00:00:00 UTC,348,1199,412322600,9.2488888888888887
2015-11-14 00:00:00 UTC,348,1198,412322600,11.915972222222221
2015-11-14 00:00:00 UTC,348,1197,412322858,6.6484722222222219
2015-11-14 00:00:00 UTC,348,1196,412322858,0.79958333333333331
2015-11-14 00:00:00 UTC,348,-68,242910000,0.775
2015-11-14 00:00:00 UTC,348,-69,242910000,9.4366666666666656
2015-11-14 00:00:00 UTC,348,1289,440323890,1.6018055555555555
2015-11-14 00:00:00 UTC,348,1288,440323890,7.1270833333333332
2015-11-14 00:00:00 UTC,348,-69,242007100,13.777777777777777
2015-11-14 00:00:00 UTC,348,-68,242007100,2.2531944444444441
2015-11-14 00:00:00 UTC,348,1367,431002434,0.28333333333333333
2015-11-14 00:00:00 UTC,348,1366,431002434,1.01375
2015-11-14 00:00:00 UTC,348,1197,412328523,2.2988888888888885
2015-11-14 00:00:00 UTC,348,-68,242048100,2.4094444444444445
2015-11-14 00:00:00 UTC,348,-67,242048100,2.9709722222222221
2015-11-14 00:00:00 UTC,348,1193,412364133,12.05263888888889
2015-11-14 00:00:00 UTC,348,-68,242929000,1.4227777777777777
2015-11-14 00:00:00 UTC,348,1195,412366449,3.2052777777777779
2015-11-14 00:00:00 UTC,348,1196,412369027,0.68861111111111106
2015-11-14 00:00:00 UTC,348,1289,440111750,1.3322222222222222
2015-11-14 00:00:00 UTC,348,1195,412365976,0.25888888888888889
2015-11-14 00:00:00 UTC,348,1196,412365976,2.5258333333333334
2015-11-14 00:00:00 UTC,348,-70,242131100,1.6808333333333334
2015-11-14 00:00:00 UTC,348,1288,440100260,3.9148611111111116
2015-11-14 00:00:00 UTC,348,1197,412332976,2.4436111111111112
2015-11-14 00:00:00 UTC,348,1198,412332976,1.6436111111111114
2015-11-14 00:00:00 UTC,348,-70,242130100,1.3725
2015-11-14 00:00:00 UTC,348,1196,999966399,1.1423611111111112
2015-11-14 00:00:00 UTC,348,1196,412387019,0.73125000000000007
2015-11-14 00:00:00 UTC,348,1196,412364515,17.740694444444443
2015-11-14 00:00:00 UTC,348,1289,440122870,0.71083333333333343
2015-11-14 00:00:00 UTC,348,1288,440122870,2.3345833333333337
2015-11-14 00:00:00 UTC,604,9,226246000,5.8034722222222221
2015-11-14 00:00:00 UTC,604,13,226246000,6.013472222222223
2015-11-14 00:00:00 UTC,604,9,257018000,1.2169444444444444
2015-11-14 00:00:00 UTC,604,-472,331277000,1.3961111111111109
2015-11-14 00:00:00 UTC,604,-473,331277000,1.5584722222222223
2015-11-14 00:00:00 UTC,-420,-593,701006341,0.55375
2015-11-14 00:00:00 UTC,-420,-604,701000765,2.1527777777777777
2015-11-14 00:00:00 UTC,-420,-603,701000765,1.1358333333333333
2015-11-14 00:00:00 UTC,-420,-605,701000765,5.0413888888888883
2015-11-14 00:00:00 UTC,-420,-601,701000765,3.2654166666666669
2015-11-14 00:00:00 UTC,-420,-606,701000765,1.655
2015-11-14 00:00:00 UTC,-420,-607,701000765,1.8248611111111113
2015-11-14 00:00:00 UTC,-420,-602,701000765,0.87583333333333335
2015-11-14 00:00:00 UTC,-420,-604,701000834,2.4929166666666664
2015-11-14 00:00:00 UTC,-420,-601,701000834,1.3802777777777777
2015-11-14 00:00:00 UTC,-420,-602,701000834,4.3570833333333336
2015-11-14 00:00:00 UTC,-420,-607,701000834,1.4804166666666667
2015-11-14 00:00:00 UTC,-420,-606,701000834,4.689166666666666
2015-11-14 00:00:00 UTC,-420,-605,701000834,0.88875
2015-11-14 00:00:00 UTC,-420,-626,701000617,1.5886111111111114
2015-11-14 00:00:00 UTC,-420,-625,701038000,2.2201388888888891
2015-11-14 00:00:00 UTC,-420,-565,441784000,3.9234722222222222
2015-11-14 00:00:00 UTC,-164,1468,503798300,4.5115277777777774
2015-11-14 00:00:00 UTC,-164,-1245,412420913,1.3673611111111108
2015-11-14 00:00:00 UTC,-164,68,431702580,7.8206944444444444
2015-11-14 00:00:00 UTC,-164,71,440989000,0.87930555555555556
2015-11-14 00:00:00 UTC,-164,69,431750000,0.69875
2015-11-14 00:00:00 UTC,-164,-1263,412420238,0.98680555555555549
2015-11-14 00:00:00 UTC,-164,-1264,412420238,0.3419444444444445
2015-11-14 00:00:00 UTC,-164,-1261,412420238,2.5020833333333332
2015-11-14 00:00:00 UTC,-164,-1255,412420238,0.56208333333333327
2015-11-14 00:00:00 UTC,-164,-816,412329658,3.3416666666666668
2015-11-14 00:00:00 UTC,-164,98,432408000,1.6152777777777778
2015-11-14 00:00:00 UTC,-164,91,431864000,2.4748611111111107
2015-11-14 00:00:00 UTC,-164,92,431864000,0.32930555555555552
2015-11-14 00:00:00 UTC,-164,-1228,412420811,7.3130555555555556
2015-11-14 00:00:00 UTC,-164,-1227,412420811,0.92083333333333339
2015-11-14 00:00:00 UTC,-164,-1255,412420821,7.2737500000000006
2015-11-14 00:00:00 UTC,-164,62,431200730,7.70388888888889
2015-11-14 00:00:00 UTC,-164,-1264,412420582,0.81972222222222235
2015-11-14 00:00:00 UTC,-164,-1265,412420582,2.0355555555555553
2015-11-14 00:00:00 UTC,-164,-1263,412420582,1.969583333333333
2015-11-14 00:00:00 UTC,93,-145,412209211,7.01
2015-11-14 00:00:00 UTC,93,-144,412209212,10.198472222222222
2015-11-14 00:00:00 UTC,93,-1487,412440011,5.816527777777778
2015-11-14 00:00:00 UTC,349,1285,440123650,1.1556944444444444
2015-11-14 00:00:00 UTC,349,1294,440150020,1.778888888888889
2015-11-14 00:00:00 UTC,349,1195,412365063,2.580138888888889
2015-11-14 00:00:00 UTC,349,1196,412365063,4.7383333333333333
2015-11-14 00:00:00 UTC,349,-70,242190100,2.7726388888888889
2015-11-14 00:00:00 UTC,349,-69,242190100,2.002361111111111
2015-11-14 00:00:00 UTC,349,1197,412328213,4.95763888888889
2015-11-14 00:00:00 UTC,349,1290,440110360,14.19611111111111
2015-11-14 00:00:00 UTC,349,1289,440106270,2.0122222222222224
2015-11-14 00:00:00 UTC,349,1290,440106270,3.2491666666666665
2015-11-14 00:00:00 UTC,349,1196,412327458,1.9343055555555555
2015-11-14 00:00:00 UTC,349,1197,412327458,4.9891666666666667
2015-11-14 00:00:00 UTC,349,1196,412322858,5.54375
2015-11-14 00:00:00 UTC,349,1197,412322858,8.85388888888889
2015-11-14 00:00:00 UTC,349,-69,242910000,2.9370833333333333
2015-11-14 00:00:00 UTC,349,1197,412322873,1.8965277777777776
2015-11-14 00:00:00 UTC,349,1193,412332865,0.37083333333333335
2015-11-14 00:00:00 UTC,349,1367,431002434,1.32125
2015-11-14 00:00:00 UTC,349,1194,412332872,3.3047222222222219
2015-11-14 00:00:00 UTC,349,1193,818000201,14.510000000000002
2015-11-14 00:00:00 UTC,349,1195,412328523,0.65472222222222221
2015-11-14 00:00:00 UTC,349,1197,412328523,1.30625
2015-11-14 00:00:00 UTC,349,1196,412328523,9.8566666666666656
2015-11-14 00:00:00 UTC,349,1193,412332372,15.193055555555556
2015-11-14 00:00:00 UTC,349,1197,412332629,7.3352777777777778
2015-11-14 00:00:00 UTC,349,1194,412333144,8.37263888888889
2015-11-14 00:00:00 UTC,349,1195,412332385,5.0751388888888895
2015-11-14 00:00:00 UTC,349,1193,412332385,7.32388888888889
2015-11-14 00:00:00 UTC,349,1194,412332385,3.3315277777777772
2015-11-14 00:00:00 UTC,349,-67,242048100,8.468055555555555
2015-11-14 00:00:00 UTC,349,1196,412333157,4.0490277777777779
2015-11-14 00:00:00 UTC,349,-67,242929000,13.561666666666667
2015-11-14 00:00:00 UTC,349,1193,412332398,7.596805555555556
2015-11-14 00:00:00 UTC,349,1194,412332398,6.4336111111111105
2015-11-14 00:00:00 UTC,349,1193,412332403,0.29847222222222225
2015-11-14 00:00:00 UTC,349,1194,412332403,9.4219444444444473
2015-11-14 00:00:00 UTC,349,1289,440111750,0.15569444444444444
2015-11-14 00:00:00 UTC,349,1194,412332423,6.8820833333333331
2015-11-14 00:00:00 UTC,349,1193,412332423,2.3943055555555559
2015-11-14 00:00:00 UTC,349,1196,412365976,2.9880555555555555
2015-11-14 00:00:00 UTC,349,1195,412365976,1.4458333333333331
2015-11-14 00:00:00 UTC,349,1197,412332957,12.680694444444445
2015-11-14 00:00:00 UTC,349,1196,412332957,3.5693055555555557
2015-11-14 00:00:00 UTC,349,1193,412332456,5.3297222222222231
2015-11-14 00:00:00 UTC,349,1196,412333225,17.538194444444443
2015-11-14 00:00:00 UTC,349,1197,412332976,1.4831944444444445
2015-11-14 00:00:00 UTC,349,1287,440124080,1.6884722222222222
2015-11-14 00:00:00 UTC,349,1196,818000049,1.3383333333333334
2015-11-14 00:00:00 UTC,349,-70,242130100,1.6470833333333332
2015-11-14 00:00:00 UTC,349,1194,412332743,0.50569444444444445
2015-11-14 00:00:00 UTC,349,1193,412332743,0.28347222222222224
2015-11-14 00:00:00 UTC,349,1193,412330442,5.0545833333333334
2015-11-14 00:00:00 UTC,349,1195,412387019,0.28291666666666665
2015-11-14 00:00:00 UTC,349,1550,431002571,6.399861111111111
2015-11-14 00:00:00 UTC,349,1194,412366289,0.28791666666666671
2015-11-14 00:00:00 UTC,349,1194,412332761,5.9491666666666667
2015-11-14 00:00:00 UTC,349,1193,412332761,0.45361111111111108
2015-11-14 00:00:00 UTC,349,1195,412332767,0.3684722222222222
2015-11-14 00:00:00 UTC,349,1196,412332767,9.1543055555555561
2015-11-14 00:00:00 UTC,349,1195,412332787,0.7125
2015-11-14 00:00:00 UTC,349,1289,440153590,7.8931944444444433
2015-11-14 00:00:00 UTC,349,1290,440153590,3.3401388888888883
2015-11-14 00:00:00 UTC,349,1290,440134140,4.4258333333333333
2015-11-14 00:00:00 UTC,349,1289,440134140,9.1745833333333344
2015-11-14 00:00:00 UTC,349,1197,412332798,8.731527777777778
2015-11-14 00:00:00 UTC,605,-13,232326000,11.2475
2015-11-14 00:00:00 UTC,605,-14,232326000,5.6809722222222216
2015-11-14 00:00:00 UTC,605,-14,232006830,1.5722222222222224
2015-11-14 00:00:00 UTC,605,-13,232006830,13.876249999999999
2015-11-14 00:00:00 UTC,605,-1779,367147230,1.5388888888888888
2015-11-14 00:00:00 UTC,605,-1780,367147230,2.1005555555555557
2015-11-14 00:00:00 UTC,-419,-601,701000509,1.4006944444444442
2015-11-14 00:00:00 UTC,-419,-626,701000617,1.5534722222222221
2015-11-14 00:00:00 UTC,-419,-624,701038000,1.7581944444444444
2015-11-14 00:00:00 UTC,-419,-623,701038000,0.9095833333333333
2015-11-14 00:00:00 UTC,-419,-565,441784000,0.78430555555555559
2015-11-14 00:00:00 UTC,-163,1724,412687130,5.204305555555556
2015-11-14 00:00:00 UTC,-163,-1245,412420913,5.1876388888888894
2015-11-14 00:00:00 UTC,-163,-818,412420409,6.4666666666666668
2015-11-14 00:00:00 UTC,-163,70,440989000,1.4115277777777777
2015-11-14 00:00:00 UTC,-163,-817,412331088,3.6991666666666667
2015-11-14 00:00:00 UTC,-163,-818,412331088,5.3170833333333336
2015-11-14 00:00:00 UTC,-163,69,431750000,2.8584722222222219
2015-11-14 00:00:00 UTC,-163,68,431750000,3.8005555555555555
2015-11-14 00:00:00 UTC,-163,-1257,412420238,2.7141666666666664
2015-11-14 00:00:00 UTC,-163,-1264,412420238,3.9384722222222224
2015-11-14 00:00:00 UTC,-163,-1258,412420238,1.3579166666666667
2015-11-14 00:00:00 UTC,-163,-1263,412420238,2.9259722222222226
2015-11-14 00:00:00 UTC,-163,-1255,412420238,1.0322222222222222
2015-11-14 00:00:00 UTC,-163,-818,412329657,16.097638888888884
2015-11-14 00:00:00 UTC,-163,98,432408000,0.82833333333333337
2015-11-14 00:00:00 UTC,-163,91,431864000,2.5293055555555557
2015-11-14 00:00:00 UTC,-163,92,431864000,3.5545833333333334
2015-11-14 00:00:00 UTC,-163,-1226,412420811,2.7048611111111112
2015-11-14 00:00:00 UTC,-163,-1262,412420817,0.33722222222222226
2015-11-14 00:00:00 UTC,-163,-1263,412420817,1.5105555555555557
2015-11-14 00:00:00 UTC,-163,1716,412689880,4.3997222222222225
2015-11-14 00:00:00 UTC,-163,1717,412689880,1.6826388888888888
2015-11-14 00:00:00 UTC,-163,-1262,412420582,0.97402777777777783
2015-11-14 00:00:00 UTC,-163,-1261,412420582,1.0241666666666667
2015-11-14 00:00:00 UTC,-163,-818,412421357,3.5263888888888886
2015-11-14 00:00:00 UTC,94,761,419800320,5.438194444444445
2015-11-14 00:00:00 UTC,94,-147,412209211,11.104583333333334
2015-11-14 00:00:00 UTC,94,-146,412209212,5.2981944444444444
2015-11-14 00:00:00 UTC,350,1294,440150020,1.8490277777777777
2015-11-14 00:00:00 UTC,350,1195,412332814,1.1736111111111109
2015-11-14 00:00:00 UTC,350,1292,440130580,2.2847222222222219
2015-11-14 00:00:00 UTC,350,1291,440130580,2.2990277777777774
2015-11-14 00:00:00 UTC,350,1197,412328213,0.33236111111111111
2015-11-14 00:00:00 UTC,350,1195,412332827,0.41222222222222221
2015-11-14 00:00:00 UTC,350,1195,412327458,0.99097222222222225
2015-11-14 00:00:00 UTC,350,1195,412332839,1.7844444444444445
2015-11-14 00:00:00 UTC,350,1197,412322873,12.119444444444445
2015-11-14 00:00:00 UTC,350,1194,412332872,3.1752777777777776
2015-11-14 00:00:00 UTC,350,1195,412328523,2.2043055555555555
2015-11-14 00:00:00 UTC,350,1196,412328523,0.99569444444444444
2015-11-14 00:00:00 UTC,350,1291,440101970,0.78305555555555562
2015-11-14 00:00:00 UTC,350,1292,440101970,0.5475000000000001
2015-11-14 00:00:00 UTC,350,1285,440115540,1.5290277777777779
2015-11-14 00:00:00 UTC,350,1197,412332629,1.2822222222222224
2015-11-14 00:00:00 UTC,350,1294,440107870,2.4127777777777784
2015-11-14 00:00:00 UTC,350,1193,412332385,0.20791666666666667
2015-11-14 00:00:00 UTC,350,1195,412327533,1.4197222222222221
2015-11-14 00:00:00 UTC,350,1193,412332398,7.2291666666666661
2015-11-14 00:00:00 UTC,350,1193,412332403,6.6344444444444441
2015-11-14 00:00:00 UTC,350,1193,412332666,0.44847222222222216
2015-11-14 00:00:00 UTC,350,1194,412332666,2.9423611111111105
2015-11-14 00:00:00 UTC,350,1195,412332932,6.4454166666666657
2015-11-14 00:00:00 UTC,350,1194,412332932,1.4058333333333335
2015-11-14 00:00:00 UTC,350,1193,412332423,1.225138888888889
2015-11-14 00:00:00 UTC,350,1194,412332424,5.7363888888888894
2015-11-14 00:00:00 UTC,350,1194,412332945,1.02625
2015-11-14 00:00:00 UTC,350,1293,440151190,4.1155555555555559
2015-11-14 00:00:00 UTC,350,1293,440107430,4.0756944444444452
2015-11-14 00:00:00 UTC,350,1195,412332711,0.96124999999999994
2015-11-14 00:00:00 UTC,350,1193,412332456,0.99180555555555561
2015-11-14 00:00:00 UTC,350,1195,412332976,0.54666666666666663
2015-11-14 00:00:00 UTC,350,1285,440124080,3.0426388888888889
2015-11-14 00:00:00 UTC,350,1195,412332977,2.3079166666666668
2015-11-14 00:00:00 UTC,350,1285,440129460,5.46875
2015-11-14 00:00:00 UTC,350,1195,412332739,3.0015277777777776
2015-11-14 00:00:00 UTC,350,1196,412332739,1.5169444444444444
2015-11-14 00:00:00 UTC,350,1195,413568973,1.1108333333333333
2015-11-14 00:00:00 UTC,350,1197,413568973,6.5929166666666656
2015-11-14 00:00:00 UTC,350,1196,413568973,8.9018055555555566
2015-11-14 00:00:00 UTC,350,1196,412333007,0.18402777777777776
2015-11-14 00:00:00 UTC,350,1195,412333007,3.5208333333333335
2015-11-14 00:00:00 UTC,350,1292,440005080,1.4065277777777778
2015-11-14 00:00:00 UTC,350,1193,412332761,0.94819444444444445
2015-11-14 00:00:00 UTC,350,1290,440009180,0.19666666666666666
2015-11-14 00:00:00 UTC,350,-129,263405790,11.909861111111113
2015-11-14 00:00:00 UTC,350,-130,263405790,12.878750000000002
2015-11-14 00:00:00 UTC,350,1196,412332767,10.062777777777777
2015-11-14 00:00:00 UTC,350,1195,412332767,0.82097222222222221
2015-11-14 00:00:00 UTC,350,1194,412332512,1.036111111111111
2015-11-14 00:00:00 UTC,350,1195,412332512,0.21680555555555556
2015-11-14 00:00:00 UTC,350,1196,412332773,1.9541666666666666
2015-11-14 00:00:00 UTC,350,1195,412332777,22.986388888888889
2015-11-14 00:00:00 UTC,350,1196,412332787,1.22625
2015-11-14 00:00:00 UTC,350,1195,412332787,5.3456944444444447
2015-11-14 00:00:00 UTC,350,1195,412323066,0.8288888888888889
2015-11-14 00:00:00 UTC,350,1197,412332798,8.6748611111111114
2015-11-14 00:00:00 UTC,350,1195,412332798,1.8008333333333335
2015-11-14 00:00:00 UTC,350,1196,412332798,0.60222222222222221
2015-11-14 00:00:00 UTC,606,1794,273332330,4.624027777777779
2015-11-14 00:00:00 UTC,606,1793,273332330,1.9361111111111113
2015-11-14 00:00:00 UTC,606,-8,235110013,2.4268055555555557
2015-11-14 00:00:00 UTC,606,-14,232006830,0.43083333333333329
2015-11-14 00:00:00 UTC,606,-15,232006830,0.26361111111111113
2015-11-14 00:00:00 UTC,606,-1784,367147230,0.34333333333333338
2015-11-14 00:00:00 UTC,606,-1783,367147230,4.8480555555555549
2015-11-14 00:00:00 UTC,606,-1781,367147230,4.9284722222222221
2015-11-14 00:00:00 UTC,606,-1780,367147230,3.9044444444444437
2015-11-14 00:00:00 UTC,606,-1782,367147230,4.642777777777777
2015-11-14 00:00:00 UTC,-418,1712,512002695,0.76222222222222213
2015-11-14 00:00:00 UTC,-418,-625,701007036,7.5697222222222216
2015-11-14 00:00:00 UTC,-418,-626,701007036,12.340138888888889
2015-11-14 00:00:00 UTC,-418,-565,441784000,0.80277777777777781
2015-11-14 00:00:00 UTC,-162,1725,413322770,5.288333333333334
2015-11-14 00:00:00 UTC,-162,613,416002841,1.6129166666666668
2015-11-14 00:00:00 UTC,-162,612,416002841,6.427083333333333
2015-11-14 00:00:00 UTC,-162,1723,441226015,5.1925
2015-11-14 00:00:00 UTC,-162,-1249,412420913,4.7408333333333337
2015-11-14 00:00:00 UTC,-162,-1251,412420913,6.4836111111111112
2015-11-14 00:00:00 UTC,-162,70,440989000,4.5847222222222221
2015-11-14 00:00:00 UTC,-162,-1276,412695640,1.9113888888888888
2015-11-14 00:00:00 UTC,-162,-1267,412695640,6.8187500000000005
2015-11-14 00:00:00 UTC,-162,-1277,412695640,4.600138888888889
2015-11-14 00:00:00 UTC,-162,-1275,412695640,0.77027777777777784
2015-11-14 00:00:00 UTC,-162,-1274,412695640,3.9877777777777776
2015-11-14 00:00:00 UTC,-162,47,431602020,2.0915277777777779
2015-11-14 00:00:00 UTC,-162,1724,412679030,5.1838888888888892
2015-11-14 00:00:00 UTC,-162,-1256,412420238,1.47375
2015-11-14 00:00:00 UTC,-162,-1259,412420238,3.5340277777777782
2015-11-14 00:00:00 UTC,-162,99,432408000,2.6284722222222223
2015-11-14 00:00:00 UTC,-162,-1262,412420817,0.72958333333333336
2015-11-14 00:00:00 UTC,-162,-1267,412420817,2.2066666666666666
2015-11-14 00:00:00 UTC,-162,-1269,412420582,2.3927777777777774
2015-11-14 00:00:00 UTC,95,761,419800320,2.1891666666666669
2015-11-14 00:00:00 UTC,95,762,419800320,10.588055555555556
2015-11-14 00:00:00 UTC,95,-147,412209212,2.0522222222222224
2015-11-14 00:00:00 UTC,351,1526,431500044,12.287222222222223
2015-11-14 00:00:00 UTC,351,1195,412332814,1.1908333333333334
2015-11-14 00:00:00 UTC,351,1292,440130580,0.60291666666666666
2015-11-14 00:00:00 UTC,351,1196,412328213,9.7929166666666667
2015-11-14 00:00:00 UTC,351,1566,431000343,3.1048611111111111
2015-11-14 00:00:00 UTC,351,1196,412322858,4.578611111111111
2015-11-14 00:00:00 UTC,351,1293,440120650,4.8472222222222223
2015-11-14 00:00:00 UTC,351,1195,412332877,4.6305555555555546
2015-11-14 00:00:00 UTC,351,1292,440101970,1.4493055555555554
2015-11-14 00:00:00 UTC,351,1291,440101970,1.0244444444444445
2015-11-14 00:00:00 UTC,351,1197,412332629,13.153333333333332
2015-11-14 00:00:00 UTC,351,-1700,413328727,2.4651388888888888
2015-11-14 00:00:00 UTC,351,1292,440267107,1.7938888888888889
2015-11-14 00:00:00 UTC,351,1195,412332395,2.8065277777777782
2015-11-14 00:00:00 UTC,351,1521,432378000,6.5993055555555555
2015-11-14 00:00:00 UTC,351,1520,432378000,6.2169444444444437
2015-11-14 00:00:00 UTC,351,1293,440151190,1.5572222222222223
2015-11-14 00:00:00 UTC,351,1293,440107430,0.70555555555555549
2015-11-14 00:00:00 UTC,351,1195,412332976,0.96652777777777776
2015-11-14 00:00:00 UTC,351,1196,412332976,4.7752777777777782
2015-11-14 00:00:00 UTC,351,1292,440005080,3.1647222222222222
2015-11-14 00:00:00 UTC,351,1292,440131830,5.0441666666666656
2015-11-14 00:00:00 UTC,607,-70,231164000,2.96625
2015-11-14 00:00:00 UTC,607,1794,273332330,4.1248611111111115
2015-11-14 00:00:00 UTC,607,1792,273332330,2.0990277777777777
2015-11-14 00:00:00 UTC,607,1793,273332330,8.68638888888889
2015-11-14 00:00:00 UTC,607,1795,273332330,1.5473611111111112
2015-11-14 00:00:00 UTC,607,-16,232326000,2.3472222222222223
2015-11-14 00:00:00 UTC,607,-14,232326000,0.51569444444444446
2015-11-14 00:00:00 UTC,607,-15,232326000,0.75291666666666668
2015-11-14 00:00:00 UTC,607,-70,231163000,3.7320833333333332
2015-11-14 00:00:00 UTC,607,-8,235110013,21.158055555555553
2015-11-14 00:00:00 UTC,607,-668,316065000,1.5443055555555554
2015-11-14 00:00:00 UTC,607,-673,316065000,2.9977777777777774
2015-11-14 00:00:00 UTC,607,-671,316065000,2.3070833333333329
2015-11-14 00:00:00 UTC,607,-672,316065000,3.2158333333333329
2015-11-14 00:00:00 UTC,607,-669,316065000,3.9118055555555555
2015-11-14 00:00:00 UTC,607,-670,316065000,5.7111111111111121
2015-11-14 00:00:00 UTC,-417,1746,512000102,0.28500000000000003
2015-11-14 00:00:00 UTC,-417,1713,512002695,5.875
2015-11-14 00:00:00 UTC,-417,1712,512002695,2.2480555555555557
2015-11-14 00:00:00 UTC,-161,9,432447000,0.36833333333333335
2015-11-14 00:00:00 UTC,-161,8,432447000,1.2991666666666666
2015-11-14 00:00:00 UTC,-161,10,432447000,1.3804166666666666
2015-11-14 00:00:00 UTC,-161,612,416002841,12.087361111111111
2015-11-14 00:00:00 UTC,-161,1724,412687130,2.0570833333333329
2015-11-14 00:00:00 UTC,-161,1722,441226015,0.82375
2015-11-14 00:00:00 UTC,-161,1723,441226015,1.2559722222222218
2015-11-14 00:00:00 UTC,-161,-1266,412420915,3.9811111111111113
2015-11-14 00:00:00 UTC,-161,1717,413341000,6.07736111111111
2015-11-14 00:00:00 UTC,-161,1721,412687180,3.2401388888888887
2015-11-14 00:00:00 UTC,-161,1720,412687180,1.3968055555555554
2015-11-14 00:00:00 UTC,-161,1718,412687180,1.9575
2015-11-14 00:00:00 UTC,-161,1723,412679030,2.0713888888888889
2015-11-14 00:00:00 UTC,-161,590,431603120,1.6843055555555557
2015-11-14 00:00:00 UTC,-161,99,432408000,2.4545833333333329
2015-11-14 00:00:00 UTC,-161,-1269,412420817,1.3036111111111108
2015-11-14 00:00:00 UTC,-161,-1270,412420817,4.59486111111111
2015-11-14 00:00:00 UTC,-161,-1262,412420817,0.84597222222222224
2015-11-14 00:00:00 UTC,-161,-1271,412420582,2.9984722222222224
2015-11-14 00:00:00 UTC,-161,-1270,412420582,3.9343055555555555
2015-11-14 00:00:00 UTC,96,761,419800320,10.650972222222224
2015-11-14 00:00:00 UTC,96,-147,412209212,4.508055555555555
2015-11-14 00:00:00 UTC,96,-148,412209212,11.503888888888889
2015-11-14 00:00:00 UTC,96,-1487,412440011,11.872638888888888
2015-11-14 00:00:00 UTC,352,1197,412330244,1.1290277777777777
2015-11-14 00:00:00 UTC,352,1196,412330244,0.2951388888888889
2015-11-14 00:00:00 UTC,352,1566,431000343,3.7868055555555551
2015-11-14 00:00:00 UTC,352,-104,224148760,12.124861111111112
2015-11-14 00:00:00 UTC,352,1593,416004411,1.4233333333333333
2015-11-14 00:00:00 UTC,352,1592,416004411,5.4575
2015-11-14 00:00:00 UTC,352,1517,431000931,8.3795833333333345
2015-11-14 00:00:00 UTC,352,1520,431003491,6.7623611111111108
2015-11-14 00:00:00 UTC,352,1196,412328121,2.8147222222222221
2015-11-14 00:00:00 UTC,352,1195,412328121,14.528055555555554
2015-11-14 00:00:00 UTC,352,1195,412328149,2.1252777777777778
2015-11-14 00:00:00 UTC,352,-369,224407000,2.8333333333333335
2015-11-14 00:00:00 UTC,352,1197,412330207,3.4497222222222224
2015-11-14 00:00:00 UTC,352,1513,431680225,12.070694444444444
2015-11-14 00:00:00 UTC,352,1293,440112120,13.876666666666667
2015-11-14 00:00:00 UTC,608,-70,231164000,6.9022222222222229
2015-11-14 00:00:00 UTC,608,-15,232326000,2.0145833333333334
2015-11-14 00:00:00 UTC,608,186,266011000,5.4537499999999994
2015-11-14 00:00:00 UTC,608,-70,231163000,6.7524999999999995
2015-11-14 00:00:00 UTC,608,1735,440025000,2.3901388888888886
2015-11-14 00:00:00 UTC,608,1736,440025000,4.7406944444444452
2015-11-14 00:00:00 UTC,-416,1746,512000102,0.84736111111111112
2015-11-14 00:00:00 UTC,-416,1745,512000102,1.0361111111111112
2015-11-14 00:00:00 UTC,-416,1713,512002695,9.4400000000000013
2015-11-14 00:00:00 UTC,-416,-565,441784000,1.4154166666666668
2015-11-14 00:00:00 UTC,-416,-588,701037000,6.0845833333333337
2015-11-14 00:00:00 UTC,-160,1725,413322770,2.0116666666666667
2015-11-14 00:00:00 UTC,-160,5,432447000,1.5720833333333335
2015-11-14 00:00:00 UTC,-160,7,432447000,1.2579166666666668
2015-11-14 00:00:00 UTC,-160,6,432447000,1.2852777777777775
2015-11-14 00:00:00 UTC,-160,8,432447000,1.2325000000000002
2015-11-14 00:00:00 UTC,-160,613,416002841,6.2195833333333326
2015-11-14 00:00:00 UTC,-160,1724,412687130,4.5133333333333328
2015-11-14 00:00:00 UTC,-160,1722,441226015,5.2609722222222217
2015-11-14 00:00:00 UTC,-160,-1266,412420915,0.78777777777777769
2015-11-14 00:00:00 UTC,-160,-1268,412420915,6.4761111111111118
2015-11-14 00:00:00 UTC,-160,1714,413341000,6.6998611111111117
2015-11-14 00:00:00 UTC,-160,1716,413341000,11.795833333333336
2015-11-14 00:00:00 UTC,-160,47,431602020,2.9583333333333335
2015-11-14 00:00:00 UTC,-160,1723,412679030,0.7225
2015-11-14 00:00:00 UTC,-160,-810,412420493,11.588194444444444
2015-11-14 00:00:00 UTC,-160,-806,412420008,12.536527777777778
2015-11-14 00:00:00 UTC,-160,99,432408000,3.5123611111111108
2015-11-14 00:00:00 UTC,-160,-806,412699080,8.1527777777777786
2015-11-14 00:00:00 UTC,-160,-1219,412420814,1.2502777777777776
2015-11-14 00:00:00 UTC,-160,-1270,412420817,1.5737499999999998
2015-11-14 00:00:00 UTC,-160,-1262,412420817,0.045
2015-11-14 00:00:00 UTC,-160,47,431457000,0.28638888888888892
2015-11-14 00:00:00 UTC,-160,48,431457000,1.554861111111111
2015-11-14 00:00:00 UTC,97,-148,412209211,6.13125
2015-11-14 00:00:00 UTC,97,-771,431704520,6.2745833333333323
2015-11-14 00:00:00 UTC,353,1197,412330244,0.74513888888888891
2015-11-14 00:00:00 UTC,353,1593,416004411,4.4920833333333343
2015-11-14 00:00:00 UTC,353,1518,431000931,3.5045833333333336
2015-11-14 00:00:00 UTC,353,1521,431003491,4.0623611111111106
2015-11-14 00:00:00 UTC,353,-376,224377000,4.398194444444445
2015-11-14 00:00:00 UTC,353,-377,224377000,1.8808333333333334
2015-11-14 00:00:00 UTC,353,1513,431005381,13.354444444444445
2015-11-14 00:00:00 UTC,353,1554,431002571,6.8
2015-11-14 00:00:00 UTC,353,1514,431600340,2.4841666666666669
2015-11-14 00:00:00 UTC,353,1511,431600340,6.7669444444444444
2015-11-14 00:00:00 UTC,353,-369,224407000,1.923888888888889
2015-11-14 00:00:00 UTC,353,-155,255401690,7.6708333333333334
2015-11-14 00:00:00 UTC,353,1293,440112120,1.1019444444444444
2015-11-14 00:00:00 UTC,609,1736,440025000,3.9548611111111112
2015-11-14 00:00:00 UTC,609,1737,440025000,3.1784722222222221
2015-11-14 00:00:00 UTC,-415,1759,512000102,3.9397222222222221
2015-11-14 00:00:00 UTC,-415,1745,512000102,1.4268055555555557
2015-11-14 00:00:00 UTC,-415,1714,512002695,6.0668055555555558
2015-11-14 00:00:00 UTC,-415,-562,441784000,3.8288888888888892
2015-11-14 00:00:00 UTC,-415,-563,441784000,0.79555555555555557
2015-11-14 00:00:00 UTC,-159,-803,412420622,5.9763888888888888
2015-11-14 00:00:00 UTC,-159,1727,600014098,2.6675
2015-11-14 00:00:00 UTC,-159,1724,413322770,4.5413888888888891
2015-11-14 00:00:00 UTC,-159,-810,412420644,10.360416666666666
2015-11-14 00:00:00 UTC,-159,-808,412331055,4.9636111111111116
2015-11-14 00:00:00 UTC,-159,-807,416031800,6.1929166666666671
2015-11-14 00:00:00 UTC,-159,-807,412420922,8.0765277777777769
2015-11-14 00:00:00 UTC,-159,-804,412420927,12.384305555555557
2015-11-14 00:00:00 UTC,-159,-803,412420928,5.3777777777777782
2015-11-14 00:00:00 UTC,-159,-805,412420929,11.75513888888889
2015-11-14 00:00:00 UTC,-159,1717,412687180,6.595833333333335
2015-11-14 00:00:00 UTC,-159,-1272,412420435,3.02625
2015-11-14 00:00:00 UTC,-159,-807,412420439,5.4615277777777775
2015-11-14 00:00:00 UTC,-159,-807,515303000,6.1919444444444434
2015-11-14 00:00:00 UTC,-159,47,431602020,0.9916666666666667
2015-11-14 00:00:00 UTC,-159,-803,412420454,10.768194444444443
2015-11-14 00:00:00 UTC,-159,-804,412420214,6.5036111111111108
2015-11-14 00:00:00 UTC,-159,1722,412679030,4.0500000000000007
2015-11-14 00:00:00 UTC,-159,1723,412679030,3.8058333333333336
2015-11-14 00:00:00 UTC,-159,-807,412420228,7.1423611111111107
2015-11-14 00:00:00 UTC,-159,-805,412420488,4.2412500000000009
2015-11-14 00:00:00 UTC,-159,-808,412217992,2.8998611111111114
2015-11-14 00:00:00 UTC,-159,-807,412217992,4.8154166666666658
2015-11-14 00:00:00 UTC,-159,-807,412217993,6.0361111111111114
2015-11-14 00:00:00 UTC,-159,-807,412400273,4.6147222222222224
2015-11-14 00:00:00 UTC,-159,1454,503655600,7.9209722222222219
2015-11-14 00:00:00 UTC,-159,-808,412206008,6.04
2015-11-14 00:00:00 UTC,-159,99,432408000,1.7780555555555555
2015-11-14 00:00:00 UTC,-159,-808,412420804,11.045972222222222
2015-11-14 00:00:00 UTC,-159,-1744,416230600,4.793333333333333
2015-11-14 00:00:00 UTC,-159,-1224,412420811,2.0783333333333331
2015-11-14 00:00:00 UTC,-159,-1219,412420814,0.88361111111111112
2015-11-14 00:00:00 UTC,-159,-1220,412420814,2.8873611111111113
2015-11-14 00:00:00 UTC,-159,-1262,412420817,0.42416666666666664
2015-11-14 00:00:00 UTC,-159,-805,412420825,5.3008333333333333
2015-11-14 00:00:00 UTC,-159,-808,412420577,3.0911111111111111
2015-11-14 00:00:00 UTC,-159,-807,412420577,11.35138888888889
2015-11-14 00:00:00 UTC,-159,48,431457000,2.0238888888888886
2015-11-14 00:00:00 UTC,98,-771,431704520,1.1140277777777778
2015-11-14 00:00:00 UTC,354,1565,431000343,2.60375
2015-11-14 00:00:00 UTC,354,-99,224148760,5.6863888888888887
2015-11-14 00:00:00 UTC,354,-1214,367399460,1.1330555555555557
2015-11-14 00:00:00 UTC,354,-155,204233000,8.0730555555555554
2015-11-14 00:00:00 UTC,354,-158,204233000,3.4540277777777777
2015-11-14 00:00:00 UTC,354,132,247300940,17.374305555555559
2015-11-14 00:00:00 UTC,354,-381,224377000,0.58597222222222223
2015-11-14 00:00:00 UTC,354,1552,431002571,4.836666666666666
2015-11-14 00:00:00 UTC,354,1760,431298000,3.67875
2015-11-14 00:00:00 UTC,354,1514,431600340,6.7666666666666675
2015-11-14 00:00:00 UTC,354,-366,224407000,1.865
2015-11-14 00:00:00 UTC,354,-365,224407000,0.63361111111111112
2015-11-14 00:00:00 UTC,610,193,230993160,6.70625
2015-11-14 00:00:00 UTC,610,194,230993160,21.641111111111115
2015-11-14 00:00:00 UTC,610,1793,273848600,2.2841666666666662
2015-11-14 00:00:00 UTC,610,187,230001770,1.4069444444444446
2015-11-14 00:00:00 UTC,610,179,266180000,1.7902777777777776
2015-11-14 00:00:00 UTC,610,180,266180000,0.26013888888888892
2015-11-14 00:00:00 UTC,610,178,266180000,9.6972222222222229
2015-11-14 00:00:00 UTC,-414,1762,512000102,3.2137499999999997
2015-11-14 00:00:00 UTC,-414,1760,512000102,1.04375
2015-11-14 00:00:00 UTC,-414,1759,512000102,0.16958333333333334
2015-11-14 00:00:00 UTC,-158,-807,412420609,11.72722222222222
2015-11-14 00:00:00 UTC,-158,-807,412420104,6.1433333333333335
2015-11-14 00:00:00 UTC,-158,-804,412420872,12.2925
2015-11-14 00:00:00 UTC,-158,-803,412420622,7.8951388888888889
2015-11-14 00:00:00 UTC,-158,-807,412679190,5.6343055555555557
2015-11-14 00:00:00 UTC,-158,-808,412679190,2.6279166666666667
2015-11-14 00:00:00 UTC,-158,1723,412687130,6.0598611111111111
2015-11-14 00:00:00 UTC,-158,1722,441226015,5.3073611111111116
2015-11-14 00:00:00 UTC,-158,-807,412424491,17.325277777777778
2015-11-14 00:00:00 UTC,-158,-807,412420912,11.115694444444445
2015-11-14 00:00:00 UTC,-158,-804,412422706,9.9079166666666669
2015-11-14 00:00:00 UTC,-158,-802,412420406,9.9508333333333354
2015-11-14 00:00:00 UTC,-158,1648,412328759,6.4998611111111115
2015-11-14 00:00:00 UTC,-158,-807,412420922,3.6995833333333334
2015-11-14 00:00:00 UTC,-158,-803,412420925,9.0990277777777777
2015-11-14 00:00:00 UTC,-158,-804,412420928,2.4106944444444443
2015-11-14 00:00:00 UTC,-158,-803,412420928,3.5197222222222222
2015-11-14 00:00:00 UTC,-158,-805,412420929,3.0451388888888888
2015-11-14 00:00:00 UTC,-158,-807,412420933,5.3129166666666663
2015-11-14 00:00:00 UTC,-158,-807,400288837,12.485694444444444
2015-11-14 00:00:00 UTC,-158,-807,412420934,12.513611111111111
2015-11-14 00:00:00 UTC,-158,-807,412697160,5.6855555555555553
2015-11-14 00:00:00 UTC,-158,-806,412697160,5.3548611111111111
2015-11-14 00:00:00 UTC,-158,1723,412687180,3.4923611111111112
2015-11-14 00:00:00 UTC,-158,1723,412690510,5.1790277777777778
2015-11-14 00:00:00 UTC,-158,-1272,412420435,1.107361111111111
2015-11-14 00:00:00 UTC,-158,-1271,412420435,7.6270833333333332
2015-11-14 00:00:00 UTC,-158,-808,412420439,6.4920833333333343
2015-11-14 00:00:00 UTC,-158,-809,412420697,1.4261111111111111
2015-11-14 00:00:00 UTC,-158,-808,412420697,5.7272222222222231
2015-11-14 00:00:00 UTC,-158,-803,412420955,9.07986111111111
2015-11-14 00:00:00 UTC,-158,-805,412420958,11.108055555555556
2015-11-14 00:00:00 UTC,-158,-806,412420963,14.993333333333332
2015-11-14 00:00:00 UTC,-158,-806,412424547,13.798055555555555
2015-11-14 00:00:00 UTC,-158,47,431602020,3.7879166666666664
2015-11-14 00:00:00 UTC,-158,-804,412420464,7.8372222222222225
2015-11-14 00:00:00 UTC,-158,-803,412420465,4.9525
2015-11-14 00:00:00 UTC,-158,-805,412420213,11.486666666666666
2015-11-14 00:00:00 UTC,-158,-804,412420214,4.096111111111111
2015-11-14 00:00:00 UTC,-158,1722,412679030,0.85680555555555549
2015-11-14 00:00:00 UTC,-158,-807,412420229,14.367638888888887
2015-11-14 00:00:00 UTC,-158,-806,412420231,7.6269444444444447
2015-11-14 00:00:00 UTC,-158,-805,412420488,8.07
2015-11-14 00:00:00 UTC,-158,-805,412420494,12.943611111111112
2015-11-14 00:00:00 UTC,-158,-806,412420242,9.6933333333333316
2015-11-14 00:00:00 UTC,-158,-807,412420244,13.193472222222221
2015-11-14 00:00:00 UTC,-158,-807,412420253,7.6840277777777786
2015-11-14 00:00:00 UTC,-158,-808,412420253,7.693888888888889
2015-11-14 00:00:00 UTC,-158,-807,412420255,18.146527777777777
2015-11-14 00:00:00 UTC,-158,-806,412699820,7.1630555555555553
2015-11-14 00:00:00 UTC,-158,1454,503655600,4.5865277777777784
2015-11-14 00:00:00 UTC,-158,-803,412420531,12.501388888888888
2015-11-14 00:00:00 UTC,-158,-804,412420532,12.525833333333333
2015-11-14 00:00:00 UTC,-158,-806,412420278,10.050416666666667
2015-11-14 00:00:00 UTC,-158,-1220,440963000,4.3218055555555557
2015-11-14 00:00:00 UTC,-158,-808,412420537,1.3781944444444445
2015-11-14 00:00:00 UTC,-158,-807,412420537,5.7519444444444447
2015-11-14 00:00:00 UTC,-158,-804,412420539,13.219166666666665
2015-11-14 00:00:00 UTC,-158,-807,412439742,12.475972222222222
2015-11-14 00:00:00 UTC,-158,100,432408000,0.31777777777777777
2015-11-14 00:00:00 UTC,-158,-806,412420801,11.673194444444444
2015-11-14 00:00:00 UTC,-158,-807,412420801,3.9952777777777779
2015-11-14 00:00:00 UTC,-158,-1744,416230600,1.2293055555555557
2015-11-14 00:00:00 UTC,-158,-1224,412420811,0.69972222222222213
2015-11-14 00:00:00 UTC,-158,-1220,412420814,0.85819444444444448
2015-11-14 00:00:00 UTC,-158,-1265,412420817,1.34125
2015-11-14 00:00:00 UTC,-158,-1264,412420817,1.3740277777777776
2015-11-14 00:00:00 UTC,-158,-1263,412420817,2.1854166666666668
2015-11-14 00:00:00 UTC,-158,-1266,412420817,3.5136111111111115
2015-11-14 00:00:00 UTC,-158,-1262,412420817,0.30388888888888888
2015-11-14 00:00:00 UTC,-158,-808,412420822,6.1222222222222218
2015-11-14 00:00:00 UTC,-158,-803,412420823,11.475000000000001
2015-11-14 00:00:00 UTC,-158,-806,412420825,3.5002777777777778
2015-11-14 00:00:00 UTC,-158,-1243,412420583,0.39999999999999997
2015-11-14 00:00:00 UTC,-158,48,431457000,2.0805555555555557
2015-11-14 00:00:00 UTC,-158,-807,412673260,7.794027777777778
2015-11-14 00:00:00 UTC,-158,-808,412329462,6.0291666666666659
2015-11-14 00:00:00 UTC,-158,-1266,412460284,4.7547222222222221
2015-11-14 00:00:00 UTC,-158,-1267,412460284,0.79666666666666663
2015-11-14 00:00:00 UTC,-158,-807,412424702,11.121944444444445
2015-11-14 00:00:00 UTC,99,-168,224068180,1.7333333333333334
2015-11-14 00:00:00 UTC,99,-169,224068180,1.5538888888888889
2015-11-14 00:00:00 UTC,99,1536,431704420,3.3602777777777773
2015-11-14 00:00:00 UTC,99,-771,431704520,1.1948611111111112
2015-11-14 00:00:00 UTC,355,1523,431500044,7.8627777777777776
2015-11-14 00:00:00 UTC,355,1565,431000343,2.4419444444444443
2015-11-14 00:00:00 UTC,355,-1215,367399460,0.15791666666666668
2015-11-14 00:00:00 UTC,355,-1214,367399460,0.29958333333333331
2015-11-14 00:00:00 UTC,355,1592,416004411,4.8029166666666665
2015-11-14 00:00:00 UTC,355,1594,416004411,6.0169444444444444
2015-11-14 00:00:00 UTC,355,1755,432626000,2.7527777777777773
2015-11-14 00:00:00 UTC,355,1756,432626000,0.94097222222222221
2015-11-14 00:00:00 UTC,355,1753,432626000,2.3377777777777777
2015-11-14 00:00:00 UTC,355,1754,432626000,2.0233333333333334
2015-11-14 00:00:00 UTC,355,1757,432626000,1.0443055555555556
2015-11-14 00:00:00 UTC,355,1519,431000931,6
2015-11-14 00:00:00 UTC,355,252,247147370,5.7606944444444448
2015-11-14 00:00:00 UTC,355,253,247147370,4.245
2015-11-14 00:00:00 UTC,355,250,247147370,4.3243055555555561
2015-11-14 00:00:00 UTC,355,251,247147370,7.8394444444444424
2015-11-14 00:00:00 UTC,355,-750,367143030,1.1790277777777778
2015-11-14 00:00:00 UTC,355,126,247300220,7.0883333333333338
2015-11-14 00:00:00 UTC,355,127,247300220,8.1801388888888891
2015-11-14 00:00:00 UTC,355,126,247122320,1.1870833333333333
2015-11-14 00:00:00 UTC,355,127,247122320,8.711666666666666
2015-11-14 00:00:00 UTC,355,-375,224377000,2.2261111111111109
2015-11-14 00:00:00 UTC,355,-381,224377000,1.6111111111111112
2015-11-14 00:00:00 UTC,355,-374,224377000,1.685138888888889
2015-11-14 00:00:00 UTC,355,1762,431500460,1.5325
2015-11-14 00:00:00 UTC,355,252,247158700,8.8519444444444471
2015-11-14 00:00:00 UTC,355,253,247158700,2.6904166666666667
2015-11-14 00:00:00 UTC,355,250,247158700,2.8597222222222225
2015-11-14 00:00:00 UTC,355,251,247158700,7.47125
2015-11-14 00:00:00 UTC,355,1751,431500990,1.5687499999999999
2015-11-14 00:00:00 UTC,355,1761,432984000,3.194722222222222
2015-11-14 00:00:00 UTC,355,1514,431005381,4.1918055555555558
2015-11-14 00:00:00 UTC,355,-155,204237000,0.79722222222222228
2015-11-14 00:00:00 UTC,355,-156,204237000,3.2955555555555556
2015-11-14 00:00:00 UTC,355,1760,431298000,1.596111111111111
2015-11-14 00:00:00 UTC,355,-364,224407000,0.56375
2015-11-14 00:00:00 UTC,355,-365,224407000,0.37902777777777774
2015-11-14 00:00:00 UTC,355,-368,224407000,3.9819444444444443
2015-11-14 00:00:00 UTC,355,253,247304930,2.6408333333333327
2015-11-14 00:00:00 UTC,355,250,247304930,3.8294444444444444
2015-11-14 00:00:00 UTC,355,251,247304930,6.7901388888888894
2015-11-14 00:00:00 UTC,355,252,247304930,7.4741666666666671
2015-11-14 00:00:00 UTC,355,1758,431700200,5.9251388888888892
2015-11-14 00:00:00 UTC,611,1792,273848600,3.1718055555555553
2015-11-14 00:00:00 UTC,611,1793,273848600,1.5654166666666665
2015-11-14 00:00:00 UTC,611,1790,273848600,2.2473611111111111
2015-11-14 00:00:00 UTC,611,1785,273848600,1.5620833333333335
2015-11-14 00:00:00 UTC,611,1794,273848600,0.052638888888888888
2015-11-14 00:00:00 UTC,611,187,230001770,2.6931944444444444
2015-11-14 00:00:00 UTC,611,195,230995870,6.4225
2015-11-14 00:00:00 UTC,611,178,266180000,2.6597222222222219
2015-11-14 00:00:00 UTC,611,-6,257529000,2.6868055555555554
2015-11-14 00:00:00 UTC,611,-7,257529000,2.7493055555555559
2015-11-14 00:00:00 UTC,611,-5,257529000,3.5193055555555555
2015-11-14 00:00:00 UTC,-413,-589,701006044,3.6086111111111112
2015-11-14 00:00:00 UTC,-157,-807,412420104,3.0663888888888886
2015-11-14 00:00:00 UTC,-157,-808,412679190,2.7813888888888889
2015-11-14 00:00:00 UTC,-157,10,432447000,4.506388888888889
2015-11-14 00:00:00 UTC,-157,1719,412687130,4.8504166666666668
2015-11-14 00:00:00 UTC,-157,1720,441226015,4.8347222222222213
2015-11-14 00:00:00 UTC,-157,-807,412439584,5.3115277777777781
2015-11-14 00:00:00 UTC,-157,-808,412422697,8.0851388888888884
2015-11-14 00:00:00 UTC,-157,-806,412420908,3.1176388888888891
2015-11-14 00:00:00 UTC,-157,-807,412420908,1.5645833333333334
2015-11-14 00:00:00 UTC,-157,-807,412422704,7.15
2015-11-14 00:00:00 UTC,-157,1648,412328759,1.9334722222222223
2015-11-14 00:00:00 UTC,-157,-803,412420925,1.7243055555555555
2015-11-14 00:00:00 UTC,-157,1658,441201730,4.7998611111111114
2015-11-14 00:00:00 UTC,-157,-807,412420677,8.07375
2015-11-14 00:00:00 UTC,-157,-806,412420677,4.9068055555555556
2015-11-14 00:00:00 UTC,-157,-807,412420933,5.7183333333333337
2015-11-14 00:00:00 UTC,-157,1722,412687180,1.7888888888888888
2015-11-14 00:00:00 UTC,-157,-1279,412420435,3.6262499999999998
2015-11-14 00:00:00 UTC,-157,-1280,412420435,8.0254166666666666
2015-11-14 00:00:00 UTC,-157,47,431602020,5.9912500000000009
2015-11-14 00:00:00 UTC,-157,-804,412420464,6.8511111111111109
2015-11-14 00:00:00 UTC,-157,-803,412420465,6.0545833333333334
2015-11-14 00:00:00 UTC,-157,1722,412679030,8.09375
2015-11-14 00:00:00 UTC,-157,-806,412420242,0.7075
2015-11-14 00:00:00 UTC,-157,-806,412420246,12.149722222222222
2015-11-14 00:00:00 UTC,-157,-1220,440963000,1.6724999999999997
2015-11-14 00:00:00 UTC,-157,100,432408000,3.9273611111111113
2015-11-14 00:00:00 UTC,-157,1659,412689860,4.8119444444444452
2015-11-14 00:00:00 UTC,-157,-1743,416230600,10.235694444444443
2015-11-14 00:00:00 UTC,-157,-1744,416230600,6.7501388888888885
2015-11-14 00:00:00 UTC,-157,-1225,412420811,0.6333333333333333
2015-11-14 00:00:00 UTC,-157,-1224,412420811,0.18833333333333332
2015-11-14 00:00:00 UTC,-157,-1220,412420814,0.65458333333333341
2015-11-14 00:00:00 UTC,-157,-1270,412420817,3.1343055555555557
2015-11-14 00:00:00 UTC,-157,-807,412420314,17.32138888888889
2015-11-14 00:00:00 UTC,-157,-805,412420316,7.6836111111111105
2015-11-14 00:00:00 UTC,-157,48,431457000,0.3790277777777778
2015-11-14 00:00:00 UTC,-157,-1228,412420852,2.545694444444444
2015-11-14 00:00:00 UTC,-157,-1229,412420852,2.6806944444444443
2015-11-14 00:00:00 UTC,-157,-1230,412420852,4.5513888888888889
2015-11-14 00:00:00 UTC,-157,-1267,412460284,0.029166666666666667
2015-11-14 00:00:00 UTC,100,-169,224068180,1.9337499999999999
2015-11-14 00:00:00 UTC,100,-769,431704520,3.13125
2015-11-14 00:00:00 UTC,356,127,247092740,0.57347222222222216
2015-11-14 00:00:00 UTC,356,125,247092740,8.8331944444444446
2015-11-14 00:00:00 UTC,356,126,247092740,4.0501388888888892
2015-11-14 00:00:00 UTC,356,1566,431000343,2.9958333333333331
2015-11-14 00:00:00 UTC,356,1567,431000343,9.6290277777777789
2015-11-14 00:00:00 UTC,356,-156,204233000,0.85902777777777783
2015-11-14 00:00:00 UTC,356,-157,204233000,0.52763888888888888
2015-11-14 00:00:00 UTC,356,1593,416004411,2.3972222222222221
2015-11-14 00:00:00 UTC,356,-1677,441600589,2.620972222222222
2015-11-14 00:00:00 UTC,356,1757,432626000,1.4218055555555558
2015-11-14 00:00:00 UTC,356,1755,432626000,0.81347222222222215
2015-11-14 00:00:00 UTC,356,1754,432626000,0.82652777777777775
2015-11-14 00:00:00 UTC,356,-1617,576690000,5.4051388888888887
2015-11-14 00:00:00 UTC,356,1521,431003491,10.111944444444445
2015-11-14 00:00:00 UTC,356,-750,367143030,17.439166666666665
2015-11-14 00:00:00 UTC,356,-751,367143030,6.3886111111111115
2015-11-14 00:00:00 UTC,356,1580,431003515,1.8875
2015-11-14 00:00:00 UTC,356,1579,431003515,6.6998611111111108
2015-11-14 00:00:00 UTC,356,1573,431003515,10.837361111111111
2015-11-14 00:00:00 UTC,356,125,247300220,3.2079166666666667
2015-11-14 00:00:00 UTC,356,127,247300220,0.77916666666666667
2015-11-14 00:00:00 UTC,356,126,247300220,4.346111111111111
2015-11-14 00:00:00 UTC,356,124,247122320,0.4836111111111111
2015-11-14 00:00:00 UTC,356,125,247122320,7.0026388888888889
2015-11-14 00:00:00 UTC,356,126,247122320,4.8758333333333326
2015-11-14 00:00:00 UTC,356,-1713,416804000,6.3656944444444452
2015-11-14 00:00:00 UTC,356,-374,224377000,4.0372222222222227
2015-11-14 00:00:00 UTC,356,1763,431500460,1.6676388888888884
2015-11-14 00:00:00 UTC,356,-750,367181750,6.16763888888889
2015-11-14 00:00:00 UTC,356,-751,367181750,10.55875
2015-11-14 00:00:00 UTC,356,1752,431500990,1.6523611111111114
2015-11-14 00:00:00 UTC,356,1759,432984000,0.79305555555555551
2015-11-14 00:00:00 UTC,356,-154,204237000,1.9252777777777776
2015-11-14 00:00:00 UTC,356,1547,431002571,6.0047222222222212
2015-11-14 00:00:00 UTC,356,1547,431200460,4.90861111111111
2015-11-14 00:00:00 UTC,356,-366,224407000,4.4123611111111112
2015-11-14 00:00:00 UTC,356,-362,224407000,0.50277777777777777
2015-11-14 00:00:00 UTC,356,-363,224407000,0.53347222222222224
2015-11-14 00:00:00 UTC,612,1774,273848600,0.23319444444444443
2015-11-14 00:00:00 UTC,612,1775,273848600,0.81680555555555556
2015-11-14 00:00:00 UTC,612,1778,273848600,0.49124999999999996
2015-11-14 00:00:00 UTC,612,1784,273848600,0.55833333333333335
2015-11-14 00:00:00 UTC,612,1777,273848600,0.93541666666666656
2015-11-14 00:00:00 UTC,612,1779,273848600,0.70624999999999993
2015-11-14 00:00:00 UTC,612,1783,273848600,0.4761111111111111
2015-11-14 00:00:00 UTC,612,186,230061850,1.8441666666666667
2015-11-14 00:00:00 UTC,612,185,230061850,2.3204166666666666
2015-11-14 00:00:00 UTC,612,191,230987140,6.1790277777777778
2015-11-14 00:00:00 UTC,612,1747,440025000,1.5298611111111111
2015-11-14 00:00:00 UTC,612,1748,440025000,4.9554166666666664
2015-11-14 00:00:00 UTC,612,-2,257529000,2.5075000000000003
2015-11-14 00:00:00 UTC,612,-3,257529000,2.7865277777777777
2015-11-14 00:00:00 UTC,612,-50,231084000,4.507083333333334
2015-11-14 00:00:00 UTC,-412,-642,701006001,1.661111111111111
2015-11-14 00:00:00 UTC,-412,-643,701006001,6.8904166666666669
2015-11-14 00:00:00 UTC,-156,1724,413322770,6.09236111111111
2015-11-14 00:00:00 UTC,-156,9,432447000,3.1380555555555558
2015-11-14 00:00:00 UTC,-156,1718,412687130,0.83180555555555558
2015-11-14 00:00:00 UTC,-156,1720,441226015,1.8302777777777779
2015-11-14 00:00:00 UTC,-156,-806,412420649,12.473472222222222
2015-11-14 00:00:00 UTC,-156,-807,412420908,5.977777777777777
2015-11-14 00:00:00 UTC,-156,1647,412328759,6.5223611111111106
2015-11-14 00:00:00 UTC,-156,-805,412420923,10.579583333333336
2015-11-14 00:00:00 UTC,-156,1658,441201730,1.1858333333333333
2015-11-14 00:00:00 UTC,-156,1716,412687180,6.04875
2015-11-14 00:00:00 UTC,-156,1722,412690510,1.8211111111111111
2015-11-14 00:00:00 UTC,-156,1722,412326570,1.8418055555555557
2015-11-14 00:00:00 UTC,-156,-1270,412420792,0.67541666666666678
2015-11-14 00:00:00 UTC,-156,-1265,412420792,2.0766666666666667
2015-11-14 00:00:00 UTC,-156,-1269,412420792,2.3354166666666667
2015-11-14 00:00:00 UTC,-156,-1271,412420792,0.89902777777777776
2015-11-14 00:00:00 UTC,-156,-1220,440963000,1.3668055555555549
2015-11-14 00:00:00 UTC,-156,-1268,412420796,3.8337499999999998
2015-11-14 00:00:00 UTC,-156,-1266,412420796,1.3540277777777776
2015-11-14 00:00:00 UTC,-156,-1267,412420796,1.3425
2015-11-14 00:00:00 UTC,-156,-1265,412420796,0.84194444444444438
2015-11-14 00:00:00 UTC,-156,100,432408000,0.86722222222222223
2015-11-14 00:00:00 UTC,-156,1659,412689860,2.3427777777777776
2015-11-14 00:00:00 UTC,-156,-1225,412420811,0.68333333333333335
2015-11-14 00:00:00 UTC,-156,-1221,412420814,2.6
2015-11-14 00:00:00 UTC,-156,48,431457000,4.0627777777777769
2015-11-14 00:00:00 UTC,-156,1611,412460283,4.4236111111111116
2015-11-14 00:00:00 UTC,-156,1612,412460283,1.7316666666666667
2015-11-14 00:00:00 UTC,101,-174,224032270,1.6934722222222223
2015-11-14 00:00:00 UTC,101,-176,224032270,3.6488888888888891
2015-11-14 00:00:00 UTC,101,-169,224068180,4.6295833333333336
2015-11-14 00:00:00 UTC,101,-768,431704520,2.8198611111111109
2015-11-14 00:00:00 UTC,101,-176,224026860,8.9009722222222223
2015-11-14 00:00:00 UTC,357,127,247092740,2.4465277777777779
2015-11-14 00:00:00 UTC,357,126,247092740,3.2351388888888888
2015-11-14 00:00:00 UTC,357,-157,204233000,2.4904166666666669
2015-11-14 00:00:00 UTC,357,1500,431600710,4.2334722222222219
2015-11-14 00:00:00 UTC,357,-1671,441600589,1.7787499999999998
2015-11-14 00:00:00 UTC,357,-1670,441600589,4.9581944444444446
2015-11-14 00:00:00 UTC,357,-1674,441600589,2.6704166666666667
2015-11-14 00:00:00 UTC,357,-1673,441600589,4.9883333333333333
2015-11-14 00:00:00 UTC,357,1755,432626000,1.7736111111111112
2015-11-14 00:00:00 UTC,357,1756,432626000,2.5327777777777776
2015-11-14 00:00:00 UTC,357,1753,432626000,3.1624999999999996
2015-11-14 00:00:00 UTC,357,1757,432626000,1.6048611111111108
2015-11-14 00:00:00 UTC,357,1754,432626000,2.5331944444444443
2015-11-14 00:00:00 UTC,357,-1612,576690000,5.9148611111111116
2015-11-14 00:00:00 UTC,357,1204,412349521,1.3023611111111111
2015-11-14 00:00:00 UTC,357,1205,412349521,1.7275
2015-11-14 00:00:00 UTC,357,1519,431003491,5.8833333333333329
2015-11-14 00:00:00 UTC,357,127,247305830,3.1670833333333328
2015-11-14 00:00:00 UTC,357,124,247305830,2.9263888888888889
2015-11-14 00:00:00 UTC,357,126,247305830,1.8851388888888887
2015-11-14 00:00:00 UTC,357,1522,432378000,7.4548611111111107
2015-11-14 00:00:00 UTC,357,1203,412349074,1.6994444444444445
2015-11-14 00:00:00 UTC,357,1202,412349074,11.878888888888888
2015-11-14 00:00:00 UTC,357,1202,812041380,11.37375
2015-11-14 00:00:00 UTC,357,1295,440409510,1.91625
2015-11-14 00:00:00 UTC,357,1765,431500460,3.1431944444444446
2015-11-14 00:00:00 UTC,357,1202,412348848,15.985972222222221
2015-11-14 00:00:00 UTC,357,-752,367181750,2.0673611111111114
2015-11-14 00:00:00 UTC,357,-751,367181750,1.2765277777777779
2015-11-14 00:00:00 UTC,357,1515,431005381,6.3876388888888886
2015-11-14 00:00:00 UTC,357,-156,204237000,3.8191666666666668
2015-11-14 00:00:00 UTC,357,1548,431002571,3.4998611111111111
2015-11-14 00:00:00 UTC,357,-366,224407000,2.4905555555555554
2015-11-14 00:00:00 UTC,357,-361,224407000,2.0679166666666671
2015-11-14 00:00:00 UTC,357,-1631,412125400,6.428055555555555
2015-11-14 00:00:00 UTC,357,-1649,416053500,2.7420833333333334
2015-11-14 00:00:00 UTC,357,-1648,416053500,1.308472222222222
2015-11-14 00:00:00 UTC,613,187,230061850,6.5708333333333337
2015-11-14 00:00:00 UTC,613,186,230061850,7.1619444444444458
2015-11-14 00:00:00 UTC,613,-67,231164000,0.31388888888888888
2015-11-14 00:00:00 UTC,613,-66,231164000,0.15125
2015-11-14 00:00:00 UTC,613,-67,231163000,0.39444444444444449
2015-11-14 00:00:00 UTC,613,-1796,441870000,2.9011111111111112
2015-11-14 00:00:00 UTC,613,-61,231106000,2.8902777777777775
2015-11-14 00:00:00 UTC,613,-57,231106000,4.54875
2015-11-14 00:00:00 UTC,613,-62,231106000,2.2483333333333335
2015-11-14 00:00:00 UTC,613,-501,331191000,4.8898611111111121
2015-11-14 00:00:00 UTC,613,-500,331191000,1.8706944444444444
2015-11-14 00:00:00 UTC,613,-62,231105000,2.1190277777777773
2015-11-14 00:00:00 UTC,613,-60,231105000,0.63916666666666666
2015-11-14 00:00:00 UTC,613,-61,231105000,1.2401388888888889
2015-11-14 00:00:00 UTC,613,-1794,273426670,2.0934722222222222
2015-11-14 00:00:00 UTC,-411,-642,701006001,1.0144444444444445
2015-11-14 00:00:00 UTC,-411,-643,701006001,6.7348611111111092
2015-11-14 00:00:00 UTC,-411,-644,701006001,4.0241666666666669
2015-11-14 00:00:00 UTC,-411,-589,701006044,0.18277777777777776
2015-11-14 00:00:00 UTC,-411,-586,701006044,0.94000000000000006
2015-11-14 00:00:00 UTC,-411,-588,701006044,1.6004166666666668
2015-11-14 00:00:00 UTC,-411,-587,701006044,2.1756944444444444
2015-11-14 00:00:00 UTC,-411,1733,512236000,0.054444444444444441
2015-11-14 00:00:00 UTC,-155,-1251,412420867,0.28333333333333333
2015-11-14 00:00:00 UTC,-155,-1252,412420867,4.9913888888888867
2015-11-14 00:00:00 UTC,-155,9,432447000,0.95958333333333345
2015-11-14 00:00:00 UTC,-155,1718,412687130,1.0106944444444443
2015-11-14 00:00:00 UTC,-155,-807,412420908,0.22638888888888889
2015-11-14 00:00:00 UTC,-155,1647,412328759,4.4712499999999995
2015-11-14 00:00:00 UTC,-155,1658,441201730,2.0079166666666666
2015-11-14 00:00:00 UTC,-155,1720,441226315,5.2070833333333333
2015-11-14 00:00:00 UTC,-155,1722,412690510,0.85333333333333339
2015-11-14 00:00:00 UTC,-155,1721,412690510,4.0363888888888892
2015-11-14 00:00:00 UTC,-155,580,416002655,16.151805555555555
2015-11-14 00:00:00 UTC,-155,1721,412326570,7.8169444444444443
2015-11-14 00:00:00 UTC,-155,1722,412326570,0.78708333333333336
2015-11-14 00:00:00 UTC,-155,-1746,416231600,1.2856944444444445
2015-11-14 00:00:00 UTC,-155,-1268,412420792,1.2193055555555556
2015-11-14 00:00:00 UTC,-155,-1269,412420792,0.56194444444444447
2015-11-14 00:00:00 UTC,-155,-1270,412420792,0.57430555555555551
2015-11-14 00:00:00 UTC,-155,-1220,440963000,1.2854166666666667
2015-11-14 00:00:00 UTC,-155,-1265,412420796,1.8141666666666665
2015-11-14 00:00:00 UTC,-155,-1264,412420796,1.3105555555555555
2015-11-14 00:00:00 UTC,-155,-1225,412420811,0.98333333333333328
2015-11-14 00:00:00 UTC,-155,-1221,412420814,3.6080555555555556
2015-11-14 00:00:00 UTC,-155,48,431457000,3.5275000000000003
2015-11-14 00:00:00 UTC,-155,1615,412460283,5.3163888888888895
2015-11-14 00:00:00 UTC,-155,-1266,412460284,3.5041666666666669
2015-11-14 00:00:00 UTC,-155,-1234,412420862,0.8783333333333333
2015-11-14 00:00:00 UTC,102,-176,224032270,11.770555555555557
2015-11-14 00:00:00 UTC,102,-174,224032270,5.2081944444444446
2015-11-14 00:00:00 UTC,102,-173,224068180,3.2345833333333331
2015-11-14 00:00:00 UTC,102,-767,431704520,1.3045833333333332
2015-11-14 00:00:00 UTC,102,-771,431704520,3.5444444444444447
2015-11-14 00:00:00 UTC,102,-766,431704520,1.1183333333333334
2015-11-14 00:00:00 UTC,102,-176,224026860,10.444583333333334
2015-11-14 00:00:00 UTC,358,125,247092740,1.41625
2015-11-14 00:00:00 UTC,358,126,247092740,0.66152777777777771
2015-11-14 00:00:00 UTC,358,1206,412349196,5.4966666666666661
2015-11-14 00:00:00 UTC,358,1205,412349196,11.542361111111111
2015-11-14 00:00:00 UTC,358,-151,204233000,7.9166666666666652
2015-11-14 00:00:00 UTC,358,146,256000318,2.17625
2015-11-14 00:00:00 UTC,358,146,672509000,0.40708333333333335
2015-11-14 00:00:00 UTC,358,-1669,441600589,1.5083333333333333
2015-11-14 00:00:00 UTC,358,-1668,441600589,4.7120833333333341
2015-11-14 00:00:00 UTC,358,-1670,441600589,0.50861111111111112
2015-11-14 00:00:00 UTC,358,-1618,576690000,5.31013888888889
2015-11-14 00:00:00 UTC,358,1202,412349781,0.8338888888888889
2015-11-14 00:00:00 UTC,358,145,256000087,1.0422222222222222
2015-11-14 00:00:00 UTC,358,1202,412349791,5.1090277777777784
2015-11-14 00:00:00 UTC,358,1203,412349791,1.2288888888888889
2015-11-14 00:00:00 UTC,358,1202,412349792,0.28555555555555556
2015-11-14 00:00:00 UTC,358,125,247305830,1.6059722222222221
2015-11-14 00:00:00 UTC,358,126,247305830,2.1195833333333334
2015-11-14 00:00:00 UTC,358,146,672550000,3.3765277777777785
2015-11-14 00:00:00 UTC,358,121,247151730,2.7790277777777774
2015-11-14 00:00:00 UTC,358,1203,812041340,3.6454166666666667
2015-11-14 00:00:00 UTC,358,1202,812041340,8.6650000000000009
2015-11-14 00:00:00 UTC,358,1201,800038015,1.816111111111111
2015-11-14 00:00:00 UTC,358,1202,412349839,1.09
2015-11-14 00:00:00 UTC,358,1203,412060309,1.7669444444444444
2015-11-14 00:00:00 UTC,358,1204,412060309,0.45069444444444445
2015-11-14 00:00:00 UTC,358,146,256000675,2.918333333333333
2015-11-14 00:00:00 UTC,358,1201,412349351,0.31875
2015-11-14 00:00:00 UTC,358,1202,412349351,0.15458333333333332
2015-11-14 00:00:00 UTC,358,-381,224377000,1.7445833333333334
2015-11-14 00:00:00 UTC,358,1764,431500460,2.6809722222222225
2015-11-14 00:00:00 UTC,358,1769,431500460,1.8740277777777778
2015-11-14 00:00:00 UTC,358,1766,431500460,1.0241666666666667
2015-11-14 00:00:00 UTC,358,1767,431500460,1.3718055555555557
2015-11-14 00:00:00 UTC,358,1765,431500460,7.4423611111111114
2015-11-14 00:00:00 UTC,358,1768,431500460,2.4931944444444447
2015-11-14 00:00:00 UTC,358,1202,412349613,7.935138888888889
2015-11-14 00:00:00 UTC,358,-752,367181750,4.57
2015-11-14 00:00:00 UTC,358,1753,431500990,3.1519444444444447
2015-11-14 00:00:00 UTC,358,1752,432984000,0.763611111111111
2015-11-14 00:00:00 UTC,358,1747,432984000,0.18708333333333332
2015-11-14 00:00:00 UTC,358,1753,432984000,0.34541666666666665
2015-11-14 00:00:00 UTC,358,1748,432984000,0.70152777777777775
2015-11-14 00:00:00 UTC,358,1751,432984000,0.66916666666666669
2015-11-14 00:00:00 UTC,358,1749,432984000,1.0315277777777778
2015-11-14 00:00:00 UTC,358,1750,432984000,0.70111111111111113
2015-11-14 00:00:00 UTC,358,-154,204237000,2.6072222222222221
2015-11-14 00:00:00 UTC,358,-366,224407000,1.9287499999999997
2015-11-14 00:00:00 UTC,358,-1639,412125400,4.693194444444444
2015-11-14 00:00:00 UTC,358,-1630,412125400,5.9547222222222231
2015-11-14 00:00:00 UTC,358,-1637,412125400,5.1931944444444449
2015-11-14 00:00:00 UTC,358,-1638,412125400,1.5186111111111111
2015-11-14 00:00:00 UTC,358,1203,412586456,12.226944444444442
2015-11-14 00:00:00 UTC,358,1203,412006878,1.403888888888889
2015-11-14 00:00:00 UTC,358,1202,412006878,5.2180555555555541
2015-11-14 00:00:00 UTC,358,126,247300340,5.3945833333333333
2015-11-14 00:00:00 UTC,358,-1705,576811000,3.5372222222222223
2015-11-14 00:00:00 UTC,358,-1648,416053500,1.35
2015-11-14 00:00:00 UTC,358,-1651,416053500,3.1077777777777782
2015-11-14 00:00:00 UTC,358,-1652,416053500,0.12111111111111111
2015-11-14 00:00:00 UTC,358,1203,412881405,15.858611111111113
2015-11-14 00:00:00 UTC,614,-67,231164000,8.0043055555555522
2015-11-14 00:00:00 UTC,614,-67,231163000,7.4463888888888885
2015-11-14 00:00:00 UTC,614,189,230987140,2.9268055555555557
2015-11-14 00:00:00 UTC,614,-1798,441870000,1.5066666666666666
2015-11-14 00:00:00 UTC,614,-62,231105000,1.5279166666666666
2015-11-14 00:00:00 UTC,614,-60,231105000,4.1327777777777781
2015-11-14 00:00:00 UTC,614,-1793,273426670,1.5295833333333333
2015-11-14 00:00:00 UTC,-154,-1251,412420867,4.2394444444444446
2015-11-14 00:00:00 UTC,-154,-1250,412420867,1.1869444444444444
2015-11-14 00:00:00 UTC,-154,9,432447000,0.62361111111111112
2015-11-14 00:00:00 UTC,-154,1658,441201730,0.82930555555555552
2015-11-14 00:00:00 UTC,-154,1719,441226315,1.2006944444444445
2015-11-14 00:00:00 UTC,-154,580,416002655,0.78791666666666682
2015-11-14 00:00:00 UTC,-154,-1747,416231600,1.2170833333333333
2015-11-14 00:00:00 UTC,-154,514,416004279,11.854305555555555
2015-11-14 00:00:00 UTC,-154,-1266,412420792,2.7437499999999995
2015-11-14 00:00:00 UTC,-154,-1265,412420792,1.1911111111111112
2015-11-14 00:00:00 UTC,-154,-1267,412420792,0.63680555555555562
2015-11-14 00:00:00 UTC,-154,-1267,412420796,2.0534722222222221
2015-11-14 00:00:00 UTC,-154,-1266,412420796,0.64597222222222217
2015-11-14 00:00:00 UTC,-154,1659,412689860,1.7011111111111106
2015-11-14 00:00:00 UTC,-154,-1225,412420811,1.2083333333333333
2015-11-14 00:00:00 UTC,-154,-1226,412420811,2.1544444444444446
2015-11-14 00:00:00 UTC,-154,-1244,412420813,2.1293055555555558
2015-11-14 00:00:00 UTC,-154,-1245,412420813,1.3456944444444445
2015-11-14 00:00:00 UTC,-154,-1221,412420814,0.87944444444444447
2015-11-14 00:00:00 UTC,-154,-1223,412420852,1.3284722222222223
2015-11-14 00:00:00 UTC,-154,-1224,412420852,1.6527777777777775
2015-11-14 00:00:00 UTC,103,1721,431702850,3.4372222222222226
2015-11-14 00:00:00 UTC,103,-172,224068180,4.0619444444444444
2015-11-14 00:00:00 UTC,103,-765,431704520,3.0111111111111115
2015-11-14 00:00:00 UTC,103,-766,431704520,0.48347222222222225
2015-11-14 00:00:00 UTC,103,-176,224026860,6.0894444444444442
2015-11-14 00:00:00 UTC,359,-1638,576736000,6.004999999999999
2015-11-14 00:00:00 UTC,359,1204,412348427,6.5104166666666661
2015-11-14 00:00:00 UTC,359,1206,412349196,3.9247222222222224
2015-11-14 00:00:00 UTC,359,-1626,576690000,2.4723611111111112
2015-11-14 00:00:00 UTC,359,1202,412349781,5.77236111111111
2015-11-14 00:00:00 UTC,359,1202,412349791,2.2108333333333334
2015-11-14 00:00:00 UTC,359,1201,412349791,11.132916666666667
2015-11-14 00:00:00 UTC,359,1202,412349792,1.3968055555555556
2015-11-14 00:00:00 UTC,359,120,247151730,1.4640277777777777
2015-11-14 00:00:00 UTC,359,119,247151730,2.0390277777777777
2015-11-14 00:00:00 UTC,359,1202,412349839,4.7133333333333329
2015-11-14 00:00:00 UTC,359,1562,431001235,9.37888888888889
2015-11-14 00:00:00 UTC,359,1203,412060309,10.574166666666668
2015-11-14 00:00:00 UTC,359,1204,412060309,3.7343055555555553
2015-11-14 00:00:00 UTC,359,1203,412004246,10.550833333333335
2015-11-14 00:00:00 UTC,359,1204,412004246,3.0536111111111115
2015-11-14 00:00:00 UTC,359,-145,263418780,3.715
2015-11-14 00:00:00 UTC,359,-150,263418780,10.001527777777778
2015-11-14 00:00:00 UTC,359,1201,412349351,0.32347222222222222
2015-11-14 00:00:00 UTC,359,-383,224377000,0.35680555555555554
2015-11-14 00:00:00 UTC,359,-382,224377000,0.8375
2015-11-14 00:00:00 UTC,359,1764,431500460,0.56736111111111109
2015-11-14 00:00:00 UTC,359,1202,412349613,5.572222222222222
2015-11-14 00:00:00 UTC,359,1748,431500990,0.96555555555555561
2015-11-14 00:00:00 UTC,359,1752,431500990,2.9051388888888892
2015-11-14 00:00:00 UTC,359,1747,431500990,0.34527777777777785
2015-11-14 00:00:00 UTC,359,1749,431500990,0.74930555555555556
2015-11-14 00:00:00 UTC,359,1751,431500990,1.0108333333333333
2015-11-14 00:00:00 UTC,359,1750,431500990,1.1156944444444443
2015-11-14 00:00:00 UTC,359,1746,432984000,0.86763888888888907
2015-11-14 00:00:00 UTC,359,1747,432984000,0.37
2015-11-14 00:00:00 UTC,359,1203,412348865,5.5691666666666677
2015-11-14 00:00:00 UTC,359,149,249000899,6.0636111111111113
2015-11-14 00:00:00 UTC,359,148,249000899,2.6404166666666669
2015-11-14 00:00:00 UTC,359,1206,412349129,23.759027777777774
2015-11-14 00:00:00 UTC,359,1262,440212170,4.3381944444444445
2015-11-14 00:00:00 UTC,359,-1632,416091600,5.9375
2015-11-14 00:00:00 UTC,359,1759,431298000,0.81666666666666665
2015-11-14 00:00:00 UTC,359,1756,431298000,0.903888888888889
2015-11-14 00:00:00 UTC,359,1763,431298000,1.649861111111111
2015-11-14 00:00:00 UTC,359,1755,431298000,3.8
2015-11-14 00:00:00 UTC,359,1761,431298000,1.2165277777777779
2015-11-14 00:00:00 UTC,359,1757,431298000,1.6166666666666665
2015-11-14 00:00:00 UTC,359,1758,431298000,1.08375
2015-11-14 00:00:00 UTC,359,1764,431298000,2.0458333333333334
2015-11-14 00:00:00 UTC,359,1765,431298000,3.3584722222222219
2015-11-14 00:00:00 UTC,359,1204,412586456,0.56402777777777768
2015-11-14 00:00:00 UTC,359,1204,412006878,3.3065277777777782
2015-11-14 00:00:00 UTC,359,1203,412006878,0.3363888888888889
2015-11-14 00:00:00 UTC,359,1202,412349673,3.6466666666666665
2015-11-14 00:00:00 UTC,359,1205,110802155,1.2656944444444445
2015-11-14 00:00:00 UTC,359,124,247300340,4.262777777777778
2015-11-14 00:00:00 UTC,359,125,247300340,6.0469444444444447
2015-11-14 00:00:00 UTC,359,126,247300340,1.12375
2015-11-14 00:00:00 UTC,359,-1705,576811000,2.3249999999999997
2015-11-14 00:00:00 UTC,359,-1651,416053500,1.5963888888888891
2015-11-14 00:00:00 UTC,359,-1649,416053500,4.2538888888888895
2015-11-14 00:00:00 UTC,359,-1652,416053500,1.3876388888888891
2015-11-14 00:00:00 UTC,615,1798,441870000,2.8613888888888885
2015-11-14 00:00:00 UTC,615,-61,231106000,0.2575
2015-11-14 00:00:00 UTC,615,-62,231106000,2.5481944444444444
2015-11-14 00:00:00 UTC,615,-46,231084000,2.4948611111111112
2015-11-14 00:00:00 UTC,615,-47,231084000,2.9956944444444447
2015-11-14 00:00:00 UTC,615,-62,231105000,1.5608333333333333
2015-11-14 00:00:00 UTC,-153,-1212,412420865,3.1926388888888888
2015-11-14 00:00:00 UTC,-153,-1249,412420867,1.706805555555555
2015-11-14 00:00:00 UTC,-153,-1255,412420875,0.46236111111111111
2015-11-14 00:00:00 UTC,-153,613,416002061,3.8758333333333335
2015-11-14 00:00:00 UTC,-153,1793,412694550,1.3256944444444445
2015-11-14 00:00:00 UTC,-153,1792,412694550,5.3554166666666676
2015-11-14 00:00:00 UTC,-153,9,432447000,0.16125
2015-11-14 00:00:00 UTC,-153,8,432447000,6.0098611111111122
2015-11-14 00:00:00 UTC,-153,-1259,576596000,5.1855555555555553
2015-11-14 00:00:00 UTC,-153,-1258,576596000,1.3583333333333334
2015-11-14 00:00:00 UTC,-153,-806,412320034,17.319583333333334
2015-11-14 00:00:00 UTC,-153,1648,412328759,4.9411111111111117
2015-11-14 00:00:00 UTC,-153,1658,441201730,4.5036111111111108
2015-11-14 00:00:00 UTC,-153,1719,441226315,4.1248611111111115
2015-11-14 00:00:00 UTC,-153,-800,412420941,7.2891666666666675
2015-11-14 00:00:00 UTC,-153,580,416002655,1.3790277777777777
2015-11-14 00:00:00 UTC,-153,581,416002655,0.7877777777777778
2015-11-14 00:00:00 UTC,-153,-1186,440934000,1.5358333333333332
2015-11-14 00:00:00 UTC,-153,-1747,416231600,4.0037499999999993
2015-11-14 00:00:00 UTC,-153,-1262,412420792,0.16236111111111112
2015-11-14 00:00:00 UTC,-153,-1263,412420792,0.51625
2015-11-14 00:00:00 UTC,-153,-1264,412420792,1.0530555555555556
2015-11-14 00:00:00 UTC,-153,-1272,412420796,2.7291666666666665
2015-11-14 00:00:00 UTC,-153,88,431864000,7.03375
2015-11-14 00:00:00 UTC,-153,89,431864000,4.4954166666666664
2015-11-14 00:00:00 UTC,-153,1659,412689860,3.2484722222222229
2015-11-14 00:00:00 UTC,-153,-1228,412420811,4.0633333333333335
2015-11-14 00:00:00 UTC,-153,-1245,412420813,1.0831944444444446
2015-11-14 00:00:00 UTC,-153,-1221,412420814,0.65833333333333344
2015-11-14 00:00:00 UTC,-153,1723,412460002,1.4709722222222221
2015-11-14 00:00:00 UTC,-153,-1225,412420852,3.3323611111111111
2015-11-14 00:00:00 UTC,-153,-1221,412420852,1.6244444444444444
2015-11-14 00:00:00 UTC,-153,-1222,412420852,1.2951388888888888
2015-11-14 00:00:00 UTC,-153,1615,412460283,2.4170833333333333
2015-11-14 00:00:00 UTC,-153,-1234,412420862,0.78319444444444453
2015-11-14 00:00:00 UTC,104,-158,663093000,2.0584722222222225
2015-11-14 00:00:00 UTC,104,1721,431702850,1.224861111111111
2015-11-14 00:00:00 UTC,104,1720,431702850,0.37083333333333329
2015-11-14 00:00:00 UTC,104,-1450,413691220,6.1072222222222221
2015-11-14 00:00:00 UTC,104,-1431,412591865,5.3879166666666665
2015-11-14 00:00:00 UTC,104,-1433,412591865,1.4211111111111112
2015-11-14 00:00:00 UTC,104,-1434,412591865,0.8586111111111111
2015-11-14 00:00:00 UTC,360,-1656,576736000,7.2140277777777779
2015-11-14 00:00:00 UTC,360,-1688,412331013,4.6515277777777779
2015-11-14 00:00:00 UTC,360,1202,765689868,1.9883333333333333
2015-11-14 00:00:00 UTC,360,1202,813022476,2.3069444444444445
2015-11-14 00:00:00 UTC,360,1202,800037137,4.3765277777777767
2015-11-14 00:00:00 UTC,360,1202,231200282,8.23347222222222
2015-11-14 00:00:00 UTC,360,1202,412456238,6.5969444444444454
2015-11-14 00:00:00 UTC,360,1202,567800368,5.9304166666666669
2015-11-14 00:00:00 UTC,360,1202,141000258,2.2466666666666666
2015-11-14 00:00:00 UTC,360,1203,412998213,0.16013888888888889
2015-11-14 00:00:00 UTC,360,1204,412998213,2.90625
2015-11-14 00:00:00 UTC,360,1497,431600710,6.0334722222222226
2015-11-14 00:00:00 UTC,360,-1649,416039500,1.6961111111111111
2015-11-14 00:00:00 UTC,360,-1651,416039500,1.7513888888888889
2015-11-14 00:00:00 UTC,360,-1650,416039500,0.96625
2015-11-14 00:00:00 UTC,360,-1656,416039500,2.8851388888888891
2015-11-14 00:00:00 UTC,360,-1654,416039500,1.0741666666666667
2015-11-14 00:00:00 UTC,360,-1655,416039500,1.2834722222222223
2015-11-14 00:00:00 UTC,360,-1653,416039500,2.0933333333333333
2015-11-14 00:00:00 UTC,360,-1648,416039500,7.6215277777777777
2015-11-14 00:00:00 UTC,360,1202,200009295,12.345277777777778
2015-11-14 00:00:00 UTC,360,-1627,576690000,5.4593055555555559
2015-11-14 00:00:00 UTC,360,-132,224069970,6.6268055555555554
2015-11-14 00:00:00 UTC,360,-1709,416785000,1.5733333333333333
2015-11-14 00:00:00 UTC,360,120,247151730,7.4384722222222228
2015-11-14 00:00:00 UTC,360,329,271040383,1.6572222222222224
2015-11-14 00:00:00 UTC,360,1202,200002179,7.5579166666666691
2015-11-14 00:00:00 UTC,360,1202,412987789,7.137777777777778
2015-11-14 00:00:00 UTC,360,1203,412998798,0.43805555555555559
2015-11-14 00:00:00 UTC,360,1204,412998798,1.8979166666666667
2015-11-14 00:00:00 UTC,360,-145,263418780,3.1390277777777778
2015-11-14 00:00:00 UTC,360,1202,140400034,1.3454166666666667
2015-11-14 00:00:00 UTC,360,1204,412857511,2.2219444444444445
2015-11-14 00:00:00 UTC,360,1747,431500990,1.7481944444444446
2015-11-14 00:00:00 UTC,360,1746,432984000,1.5258333333333334
2015-11-14 00:00:00 UTC,360,149,249000899,2.4108333333333336
2015-11-14 00:00:00 UTC,360,146,249000899,2.6143055555555557
2015-11-14 00:00:00 UTC,360,147,249000899,5.5668055555555558
2015-11-14 00:00:00 UTC,360,-154,204237000,0.8
2015-11-14 00:00:00 UTC,360,1261,440212170,3.9880555555555555
2015-11-14 00:00:00 UTC,360,-1637,416091600,2.346111111111111
2015-11-14 00:00:00 UTC,360,-1635,416091600,4.8458333333333332
2015-11-14 00:00:00 UTC,360,1761,431298000,0.69597222222222221
2015-11-14 00:00:00 UTC,360,1760,431298000,0.82097222222222221
2015-11-14 00:00:00 UTC,360,1759,431298000,0.5163888888888889
2015-11-14 00:00:00 UTC,360,1755,431700200,1.3916666666666668
2015-11-14 00:00:00 UTC,360,1757,431700200,0.737638888888889
2015-11-14 00:00:00 UTC,360,1756,431700200,1.237638888888889
2015-11-14 00:00:00 UTC,360,1754,431700200,3.987222222222222
2015-11-14 00:00:00 UTC,360,1758,431700200,0.9833333333333335
2015-11-14 00:00:00 UTC,360,1764,431700200,5.9501388888888886
2015-11-14 00:00:00 UTC,360,-1669,416641000,5.46875
2015-11-14 00:00:00 UTC,360,-1657,416641000,16.21361111111111
2015-11-14 00:00:00 UTC,360,-1668,416641000,0.77236111111111116
2015-11-14 00:00:00 UTC,360,1205,110802155,6.5527777777777771
2015-11-14 00:00:00 UTC,360,121,247143660,15.46361111111111
2015-11-14 00:00:00 UTC,360,122,247143660,4.1850000000000005
2015-11-14 00:00:00 UTC,360,-1705,576811000,2.7755555555555556
2015-11-14 00:00:00 UTC,360,-1703,576811000,3.778888888888889
2015-11-14 00:00:00 UTC,360,-1651,416053500,0.74555555555555553
2015-11-14 00:00:00 UTC,360,-1640,416053500,3.8290277777777781
2015-11-14 00:00:00 UTC,360,-1653,416053500,1.1083333333333334
2015-11-14 00:00:00 UTC,360,-1652,416053500,0.55375000000000008
2015-11-14 00:00:00 UTC,360,-1637,416053500,2.4212499999999997
2015-11-14 00:00:00 UTC,616,186,230983690,14.169027777777778
2015-11-14 00:00:00 UTC,616,-62,231106000,0.27
2015-11-14 00:00:00 UTC,616,-61,231106000,1.5523611111111111
2015-11-14 00:00:00 UTC,616,-63,231106000,0.25444444444444442
2015-11-14 00:00:00 UTC,616,-62,231105000,0.25347222222222221
2015-11-14 00:00:00 UTC,616,-61,231105000,1.2977777777777779
2015-11-14 00:00:00 UTC,-152,-1213,412420865,1.9104166666666664
2015-11-14 00:00:00 UTC,-152,-1256,412420875,1.1083333333333334
2015-11-14 00:00:00 UTC,-152,-1255,412420875,0.4375
2015-11-14 00:00:00 UTC,-152,-1258,412420875,1.3722222222222222
2015-11-14 00:00:00 UTC,-152,-1257,412420875,1.0159722222222223
2015-11-14 00:00:00 UTC,-152,-1260,412420875,3.5083333333333337
2015-11-14 00:00:00 UTC,-152,-1259,412420875,1.3529166666666665
2015-11-14 00:00:00 UTC,-152,1793,412694550,3.2801388888888892
2015-11-14 00:00:00 UTC,-152,-1227,412420891,2.6413888888888888
2015-11-14 00:00:00 UTC,-152,-1257,576596000,1.3495833333333329
2015-11-14 00:00:00 UTC,-152,1714,441226315,4.86361111111111
2015-11-14 00:00:00 UTC,-152,47,431602020,4.0083333333333329
2015-11-14 00:00:00 UTC,-152,-1187,440934000,1.1372222222222224
2015-11-14 00:00:00 UTC,-152,-1243,412420237,2.7223611111111108
2015-11-14 00:00:00 UTC,-152,-1262,412420792,2.0022222222222226
2015-11-14 00:00:00 UTC,-152,-1263,412420792,2.7191666666666663
2015-11-14 00:00:00 UTC,-152,-1234,412420794,1.9165277777777778
2015-11-14 00:00:00 UTC,-152,-1275,412420796,4.2465277777777777
2015-11-14 00:00:00 UTC,-152,-1274,412420796,0.93361111111111117
2015-11-14 00:00:00 UTC,-152,-1232,412420811,0.3913888888888889
2015-11-14 00:00:00 UTC,-152,-1231,412420811,2.7958333333333334
2015-11-14 00:00:00 UTC,-152,-1245,412420813,1.0048611111111112
2015-11-14 00:00:00 UTC,-152,-1220,412420814,0.3833333333333333
2015-11-14 00:00:00 UTC,-152,-1224,412420814,1.3386111111111112
2015-11-14 00:00:00 UTC,-152,-1225,412420814,3.4872222222222229
2015-11-14 00:00:00 UTC,-152,-1221,412420814,2.0956944444444443
2015-11-14 00:00:00 UTC,-152,-1223,412420814,1.412638888888889
2015-11-14 00:00:00 UTC,-152,-1193,431701710,3.0455555555555551
2015-11-14 00:00:00 UTC,-152,1723,412460002,0.80125
2015-11-14 00:00:00 UTC,-152,1722,412460002,0.044722222222222219
2015-11-14 00:00:00 UTC,-152,1609,412460283,5.8275000000000006
2015-11-14 00:00:00 UTC,-152,-1264,412460284,4.6529166666666661
2015-11-14 00:00:00 UTC,-152,-1265,412460284,2.7241666666666666
2015-11-14 00:00:00 UTC,-152,-1234,412420862,1.7399999999999998
2015-11-14 00:00:00 UTC,105,-337,432448000,4.3541666666666661
2015-11-14 00:00:00 UTC,105,-338,432448000,2.4326388888888886
2015-11-14 00:00:00 UTC,105,-336,432448000,1.0540277777777776
2015-11-14 00:00:00 UTC,105,-158,663093000,2.4168055555555554
2015-11-14 00:00:00 UTC,105,-156,663093000,0.88111111111111118
2015-11-14 00:00:00 UTC,105,-157,663093000,4.495972222222222
2015-11-14 00:00:00 UTC,105,-159,663093000,3.0947222222222219
2015-11-14 00:00:00 UTC,105,1739,431700030,0.52458333333333329
2015-11-14 00:00:00 UTC,105,1738,431700030,1.2668055555555555
2015-11-14 00:00:00 UTC,105,1720,431702850,1.3044444444444443
2015-11-14 00:00:00 UTC,105,-1434,412591865,4.3701388888888895
2015-11-14 00:00:00 UTC,361,-1645,576736000,0.7286111111111111
2015-11-14 00:00:00 UTC,361,-1643,576736000,5.1922222222222221
2015-11-14 00:00:00 UTC,361,-1646,576736000,4.6201388888888886
2015-11-14 00:00:00 UTC,361,-1644,576736000,0.821388888888889
2015-11-14 00:00:00 UTC,361,-1689,412331013,1.5819444444444444
2015-11-14 00:00:00 UTC,361,1202,567800368,0.10777777777777778
2015-11-14 00:00:00 UTC,361,-126,224069970,4.1833333333333336
2015-11-14 00:00:00 UTC,361,-132,224069970,1.7779166666666666
2015-11-14 00:00:00 UTC,361,-1663,416081500,5.475138888888889
2015-11-14 00:00:00 UTC,361,-1666,416081500,0.69597222222222221
2015-11-14 00:00:00 UTC,361,-1661,416081500,2.3154166666666667
2015-11-14 00:00:00 UTC,361,-1668,416081500,3.6609722222222221
2015-11-14 00:00:00 UTC,361,-1662,416081500,4.3859722222222217
2015-11-14 00:00:00 UTC,361,-1711,416785000,1.0243055555555556
2015-11-14 00:00:00 UTC,361,-1710,416785000,1.6441666666666666
2015-11-14 00:00:00 UTC,361,118,247151730,1.6148611111111109
2015-11-14 00:00:00 UTC,361,119,247151730,7.7509722222222219
2015-11-14 00:00:00 UTC,361,1202,412987789,1.7270833333333335
2015-11-14 00:00:00 UTC,361,120,247146130,4.572222222222222
2015-11-14 00:00:00 UTC,361,119,247149980,3.8006944444444444
2015-11-14 00:00:00 UTC,361,-138,263418780,7.0204166666666667
2015-11-14 00:00:00 UTC,361,-1713,416804000,2.2831944444444443
2015-11-14 00:00:00 UTC,361,1202,140400034,4.233888888888889
2015-11-14 00:00:00 UTC,361,1747,431500990,0.65319444444444441
2015-11-14 00:00:00 UTC,361,1746,431500990,1.4356944444444444
2015-11-14 00:00:00 UTC,361,1745,432984000,1.2684722222222222
2015-11-14 00:00:00 UTC,361,1202,412887777,6.5034722222222214
2015-11-14 00:00:00 UTC,361,1759,431700200,4.341388888888889
2015-11-14 00:00:00 UTC,361,120,247149810,5.36125
2015-11-14 00:00:00 UTC,361,119,247149810,0.26958333333333334
2015-11-14 00:00:00 UTC,361,267,247147510,9.17125
2015-11-14 00:00:00 UTC,361,268,247147510,3.5000000000000004
2015-11-14 00:00:00 UTC,361,266,247147510,1.0773611111111112
2015-11-14 00:00:00 UTC,361,-1705,576811000,2.2165277777777779
2015-11-14 00:00:00 UTC,361,1262,440301820,4.5813888888888892
2015-11-14 00:00:00 UTC,617,-48,231188000,1.5138888888888888
2015-11-14 00:00:00 UTC,617,-48,231187000,1.5001388888888889
2015-11-14 00:00:00 UTC,617,1788,441870000,0.86458333333333337
2015-11-14 00:00:00 UTC,617,1789,441870000,2.1861111111111113
2015-11-14 00:00:00 UTC,617,-67,231106000,4.3351388888888875
2015-11-14 00:00:00 UTC,617,-67,231105000,3.96375
2015-11-14 00:00:00 UTC,617,1765,273426670,0.06069444444444444
2015-11-14 00:00:00 UTC,-151,-1213,412420865,1.2902777777777779
2015-11-14 00:00:00 UTC,-151,-1263,412420875,3.1983333333333328
2015-11-14 00:00:00 UTC,-151,1793,412694550,0.72083333333333333
2015-11-14 00:00:00 UTC,-151,-1230,412420891,4.1380555555555558
2015-11-14 00:00:00 UTC,-151,1698,441219878,4.0626388888888885
2015-11-14 00:00:00 UTC,-151,1658,441201730,4.98138888888889
2015-11-14 00:00:00 UTC,-151,1717,441226315,5.6476388888888884
2015-11-14 00:00:00 UTC,-151,1718,441226315,1.6781944444444443
2015-11-14 00:00:00 UTC,-151,47,431602020,5.608194444444444
2015-11-14 00:00:00 UTC,-151,-1188,440934000,1.2931944444444443
2015-11-14 00:00:00 UTC,-151,-1187,440934000,0.5115277777777778
2015-11-14 00:00:00 UTC,-151,-1186,440934000,1.3294444444444444
2015-11-14 00:00:00 UTC,-151,-1192,440934000,4.4994444444444444
2015-11-14 00:00:00 UTC,-151,-1191,440934000,1.9775
2015-11-14 00:00:00 UTC,-151,-1190,440934000,2.1597222222222223
2015-11-14 00:00:00 UTC,-151,-1189,440934000,2.3961111111111109
2015-11-14 00:00:00 UTC,-151,-1264,412420792,3.6845833333333329
2015-11-14 00:00:00 UTC,-151,-1234,412420794,3.1580555555555558
2015-11-14 00:00:00 UTC,-151,1706,412689850,5.2120833333333332
2015-11-14 00:00:00 UTC,-151,1705,441225915,5.300416666666667
2015-11-14 00:00:00 UTC,-151,1658,412689860,4.9706944444444456
2015-11-14 00:00:00 UTC,-151,-1245,412420813,0.39541666666666664
2015-11-14 00:00:00 UTC,-151,-1244,412420813,1.024861111111111
2015-11-14 00:00:00 UTC,-151,-1193,431701710,0.57472222222222225
2015-11-14 00:00:00 UTC,-151,-1192,431701710,0.68347222222222226
2015-11-14 00:00:00 UTC,-151,1722,412460002,1.0316666666666667
2015-11-14 00:00:00 UTC,-151,48,431457000,8.5568055555555542
2015-11-14 00:00:00 UTC,-151,49,431457000,1.1931944444444442
2015-11-14 00:00:00 UTC,-151,-1274,412420849,1.1141666666666667
2015-11-14 00:00:00 UTC,-151,-1272,412420849,4.7444444444444445
2015-11-14 00:00:00 UTC,-151,-1261,412420849,1.3181944444444444
2015-11-14 00:00:00 UTC,-151,-1260,412420849,1.3609722222222222
2015-11-14 00:00:00 UTC,-151,-1259,412420849,5.1783333333333328
2015-11-14 00:00:00 UTC,-151,-1262,412420849,4.6873611111111106
2015-11-14 00:00:00 UTC,-151,1615,412460283,4.8402777777777786
2015-11-14 00:00:00 UTC,-151,-1266,412460284,5.161249999999999
2015-11-14 00:00:00 UTC,-151,-1236,412420862,2.2643055555555556
2015-11-14 00:00:00 UTC,-151,-1237,412420862,1.2405555555555554
2015-11-14 00:00:00 UTC,106,-334,432448000,3.412638888888889
2015-11-14 00:00:00 UTC,106,-336,432448000,0.7725
2015-11-14 00:00:00 UTC,106,-335,432448000,1.2663888888888888
2015-11-14 00:00:00 UTC,106,-158,663093000,3.6133333333333328
2015-11-14 00:00:00 UTC,106,-159,663093000,0.77347222222222223
2015-11-14 00:00:00 UTC,106,-158,663092000,12.558194444444442
2015-11-14 00:00:00 UTC,106,1738,431700030,1.8043055555555556
2015-11-14 00:00:00 UTC,106,1720,431702850,1.233611111111111
2015-11-14 00:00:00 UTC,106,-1443,413691220,10.731666666666667
2015-11-14 00:00:00 UTC,106,-1291,412440047,0.84180555555555547
2015-11-14 00:00:00 UTC,106,-1292,412440047,3.8955555555555557
2015-11-14 00:00:00 UTC,362,123,247147010,0.7725
2015-11-14 00:00:00 UTC,362,-1689,412331013,4.371666666666667
2015-11-14 00:00:00 UTC,362,123,247147320,2.4226388888888888
2015-11-14 00:00:00 UTC,362,122,247147320,6.4299999999999979
2015-11-14 00:00:00 UTC,362,121,247147320,0.25958333333333333
2015-11-14 00:00:00 UTC,362,-124,224069970,2.8026388888888887
2015-11-14 00:00:00 UTC,362,-122,224069970,8.5677777777777777
2015-11-14 00:00:00 UTC,362,-1663,416002900,5.9849999999999994
2015-11-14 00:00:00 UTC,362,-1669,416002900,5.4898611111111109
2015-11-14 00:00:00 UTC,362,-1668,416002900,5.2316666666666665
2015-11-14 00:00:00 UTC,362,-1709,416785000,2.405
2015-11-14 00:00:00 UTC,362,-1712,416785000,1.0265277777777777
2015-11-14 00:00:00 UTC,362,-1711,416785000,5.0845833333333328
2015-11-14 00:00:00 UTC,362,118,247151730,0.30958333333333332
2015-11-14 00:00:00 UTC,362,118,247146120,1.3199999999999998
2015-11-14 00:00:00 UTC,362,123,247152010,2.3751388888888889
2015-11-14 00:00:00 UTC,362,118,247149980,3.8729166666666668
2015-11-14 00:00:00 UTC,362,120,247149980,1.7981944444444444
2015-11-14 00:00:00 UTC,362,119,247149980,4.5893055555555557
2015-11-14 00:00:00 UTC,362,-1714,416804000,4.37375
2015-11-14 00:00:00 UTC,362,116,247142580,2.5929166666666665
2015-11-14 00:00:00 UTC,362,121,247143860,0.79180555555555543
2015-11-14 00:00:00 UTC,362,-1707,416032700,2.52375
2015-11-14 00:00:00 UTC,362,1746,431500990,1.7927777777777776
2015-11-14 00:00:00 UTC,362,1747,431500990,1.4920833333333334
2015-11-14 00:00:00 UTC,362,1745,432984000,3.6694444444444443
2015-11-14 00:00:00 UTC,362,-1636,416091600,5.1208333333333336
2015-11-14 00:00:00 UTC,362,122,247146460,1.6124999999999998
2015-11-14 00:00:00 UTC,362,123,247146460,2.9469444444444441
2015-11-14 00:00:00 UTC,362,120,247149810,4.5416666666666661
2015-11-14 00:00:00 UTC,362,118,247149810,0.6675
2015-11-14 00:00:00 UTC,362,119,247149810,7.5004166666666663
2015-11-14 00:00:00 UTC,362,268,247147510,0.26277777777777778
2015-11-14 00:00:00 UTC,362,269,247147510,5.0131944444444443
2015-11-14 00:00:00 UTC,362,-1705,576811000,1.2665277777777777
2015-11-14 00:00:00 UTC,362,-1702,576811000,2.4795833333333333
2015-11-14 00:00:00 UTC,618,-47,231188000,0.75958333333333339
2015-11-14 00:00:00 UTC,618,-47,231187000,3.0001388888888889
2015-11-14 00:00:00 UTC,618,-498,331227000,1.7770833333333336
2015-11-14 00:00:00 UTC,618,1785,441870000,0.67291666666666672
2015-11-14 00:00:00 UTC,618,-67,231106000,2.7459722222222225
2015-11-14 00:00:00 UTC,618,-66,231106000,0.38249999999999995
2015-11-14 00:00:00 UTC,618,-87,231031000,0.75013888888888891
2015-11-14 00:00:00 UTC,618,-67,231105000,3.3043055555555556
2015-11-14 00:00:00 UTC,-150,-1213,412420865,2.7484722222222215
2015-11-14 00:00:00 UTC,-150,1793,412694550,0.48069444444444442
2015-11-14 00:00:00 UTC,-150,-1231,412420891,2.3920833333333333
2015-11-14 00:00:00 UTC,-150,1657,441201730,5.3519444444444444
2015-11-14 00:00:00 UTC,-150,1713,441226315,1.8556944444444443
2015-11-14 00:00:00 UTC,-150,-1191,440934000,1.2655555555555555
2015-11-14 00:00:00 UTC,-150,-1248,412420237,2.9597222222222217
2015-11-14 00:00:00 UTC,-150,-1243,412420237,1.7570833333333333
2015-11-14 00:00:00 UTC,-150,-1750,416231600,1.711527777777778
2015-11-14 00:00:00 UTC,-150,-1751,416231600,4.262083333333333
2015-11-14 00:00:00 UTC,-150,-1234,412420794,1.6416666666666666
2015-11-14 00:00:00 UTC,-150,1706,412689850,2.0563888888888888
2015-11-14 00:00:00 UTC,-150,1658,412689860,7.3186111111111112
2015-11-14 00:00:00 UTC,-150,-1246,412420813,1.6038888888888889
2015-11-14 00:00:00 UTC,-150,-1245,412420813,1.3376388888888888
2015-11-14 00:00:00 UTC,-150,-1244,412420813,1.404722222222222
2015-11-14 00:00:00 UTC,-150,-1227,412420814,3.0919444444444446
2015-11-14 00:00:00 UTC,-150,-1192,431701710,1.811805555555555
2015-11-14 00:00:00 UTC,-150,1721,412460002,1.9401388888888891
2015-11-14 00:00:00 UTC,-150,-1259,412420847,1.3554166666666665
2015-11-14 00:00:00 UTC,-150,-1270,412420847,3.965416666666667
2015-11-14 00:00:00 UTC,-150,-1260,412420847,0.529861111111111
2015-11-14 00:00:00 UTC,-150,-1258,412420847,0.912638888888889
2015-11-14 00:00:00 UTC,-150,-1257,412420847,5.3466666666666667
2015-11-14 00:00:00 UTC,-150,-1274,412420847,5.3509722222222225
2015-11-14 00:00:00 UTC,-150,-1271,412420847,0.77902777777777776
2015-11-14 00:00:00 UTC,-150,-1273,412420847,1.1633333333333333
2015-11-14 00:00:00 UTC,-150,-1275,412420849,5.956666666666667
2015-11-14 00:00:00 UTC,-150,-1237,412420862,1.1531944444444444
2015-11-14 00:00:00 UTC,107,-173,224009000,5.6030555555555557
2015-11-14 00:00:00 UTC,107,-172,224009000,4.4513888888888893
2015-11-14 00:00:00 UTC,107,-159,412209202,6.16875
2015-11-14 00:00:00 UTC,107,1738,431700030,2.6666666666666665
2015-11-14 00:00:00 UTC,107,1736,431700030,2.7758333333333334
2015-11-14 00:00:00 UTC,107,1719,431702850,0.89166666666666661
2015-11-14 00:00:00 UTC,107,1718,431702850,2.9747222222222223
2015-11-14 00:00:00 UTC,107,1720,431702850,0.04597222222222222
2015-11-14 00:00:00 UTC,107,-1318,413691210,4.6443055555555555
2015-11-14 00:00:00 UTC,107,-1449,413691220,1.7919444444444443
2015-11-14 00:00:00 UTC,107,-1436,412678050,5.2736111111111112
2015-11-14 00:00:00 UTC,107,-1289,412440047,1.8459722222222223
2015-11-14 00:00:00 UTC,107,-1432,412591865,5.2611111111111111
2015-11-14 00:00:00 UTC,363,123,247147010,5.158333333333335
2015-11-14 00:00:00 UTC,363,122,247147010,7.415
2015-11-14 00:00:00 UTC,363,121,247147010,8.4237500000000036
2015-11-14 00:00:00 UTC,363,-1687,412331013,4.8015277777777783
2015-11-14 00:00:00 UTC,363,-297,224049460,1.2147222222222223
2015-11-14 00:00:00 UTC,363,-299,224049460,1.3984722222222221
2015-11-14 00:00:00 UTC,363,-298,224049460,1.1015277777777779
2015-11-14 00:00:00 UTC,363,122,247147320,2.713055555555556
2015-11-14 00:00:00 UTC,363,121,247147320,7.8923611111111107
2015-11-14 00:00:00 UTC,363,-1699,413328727,3.6572222222222224
2015-11-14 00:00:00 UTC,363,117,247142780,9.17
2015-11-14 00:00:00 UTC,363,118,247146120,2.381388888888889
2015-11-14 00:00:00 UTC,363,116,247146120,3.0141666666666667
2015-11-14 00:00:00 UTC,363,117,247146120,2.8094444444444449
2015-11-14 00:00:00 UTC,363,122,247152010,5.1175
2015-11-14 00:00:00 UTC,363,123,247152010,2.1262499999999998
2015-11-14 00:00:00 UTC,363,120,247152010,0.58305555555555555
2015-11-14 00:00:00 UTC,363,121,247152010,6.9002777777777782
2015-11-14 00:00:00 UTC,363,1566,431001235,6.1708333333333334
2015-11-14 00:00:00 UTC,363,117,247149980,0.2729166666666667
2015-11-14 00:00:00 UTC,363,122,247149980,1.9249999999999998
2015-11-14 00:00:00 UTC,363,116,247149980,2.1794444444444441
2015-11-14 00:00:00 UTC,363,123,247149980,0.53527777777777774
2015-11-14 00:00:00 UTC,363,118,247149980,1.7473611111111111
2015-11-14 00:00:00 UTC,363,121,247149980,2.339027777777777
2015-11-14 00:00:00 UTC,363,118,247142580,1.7434722222222223
2015-11-14 00:00:00 UTC,363,117,247142580,2.6934722222222218
2015-11-14 00:00:00 UTC,363,121,247143860,4.10861111111111
2015-11-14 00:00:00 UTC,363,120,247143860,1.6774999999999998
2015-11-14 00:00:00 UTC,363,122,247146420,2.2516666666666669
2015-11-14 00:00:00 UTC,363,121,247146420,1.070138888888889
2015-11-14 00:00:00 UTC,363,-1707,416032700,2.8438888888888885
2015-11-14 00:00:00 UTC,363,1746,431500990,1.5613888888888887
2015-11-14 00:00:00 UTC,363,1747,431500990,2.413472222222222
2015-11-14 00:00:00 UTC,363,1745,432984000,2.3444444444444446
2015-11-14 00:00:00 UTC,363,-1638,416091600,4.6415277777777781
2015-11-14 00:00:00 UTC,363,-1637,416091600,1.6252777777777778
2015-11-14 00:00:00 UTC,363,123,247146460,1.8040277777777776
2015-11-14 00:00:00 UTC,363,122,247146460,7.4281944444444434
2015-11-14 00:00:00 UTC,363,121,247146460,6.9262499999999987
2015-11-14 00:00:00 UTC,363,-1611,576726000,2.4729166666666664
2015-11-14 00:00:00 UTC,363,-1607,576726000,1.9444444444444446
2015-11-14 00:00:00 UTC,363,-1608,576726000,2.6123611111111114
2015-11-14 00:00:00 UTC,363,-1606,576726000,0.55055555555555546
2015-11-14 00:00:00 UTC,363,117,247149810,1.5605555555555557
2015-11-14 00:00:00 UTC,363,118,247149810,2.203611111111111
2015-11-14 00:00:00 UTC,363,119,247149810,1.2847222222222223
2015-11-14 00:00:00 UTC,363,-1705,576811000,3.3497222222222223
2015-11-14 00:00:00 UTC,619,1782,441870000,1.5676388888888888
2015-11-14 00:00:00 UTC,619,-55,231010000,1.2530555555555556
2015-11-14 00:00:00 UTC,619,-56,231010000,0.14833333333333334
2015-11-14 00:00:00 UTC,619,-67,231031000,0.13222222222222221
2015-11-14 00:00:00 UTC,619,-68,231031000,0.13666666666666666
2015-11-14 00:00:00 UTC,619,-69,231031000,0.66194444444444445
2015-11-14 00:00:00 UTC,619,-66,231031000,6.0018055555555554
2015-11-14 00:00:00 UTC,619,-73,231031000,0.35513888888888889
2015-11-14 00:00:00 UTC,619,-87,231031000,1.29125
2015-11-14 00:00:00 UTC,619,-56,231009000,0.45583333333333331
2015-11-14 00:00:00 UTC,619,-55,231009000,0.62319444444444438
2015-11-14 00:00:00 UTC,619,-54,231009000,0.40277777777777785
2015-11-14 00:00:00 UTC,619,-69,231030000,0.13
2015-11-14 00:00:00 UTC,619,-67,231030000,0.64652777777777781
2015-11-14 00:00:00 UTC,619,-74,231030000,0.31972222222222224
2015-11-14 00:00:00 UTC,619,-87,231030000,4.5005555555555556
2015-11-14 00:00:00 UTC,619,-66,231030000,6.5856944444444432
2015-11-14 00:00:00 UTC,619,-75,231030000,0.70611111111111113
2015-11-14 00:00:00 UTC,619,-73,231030000,0.6412500000000001
2015-11-14 00:00:00 UTC,-149,-1213,412420865,4.6705555555555556
2015-11-14 00:00:00 UTC,-149,1792,412694550,1.1827777777777777
2015-11-14 00:00:00 UTC,-149,1793,412694550,2.6748611111111109
2015-11-14 00:00:00 UTC,-149,1791,412694550,2.0308333333333333
2015-11-14 00:00:00 UTC,-149,1692,412320024,4.0419444444444448
2015-11-14 00:00:00 UTC,-149,-1231,412420891,1.5252777777777777
2015-11-14 00:00:00 UTC,-149,1697,441219878,1.84625
2015-11-14 00:00:00 UTC,-149,576,416243500,2.3665277777777778
2015-11-14 00:00:00 UTC,-149,-1205,432881000,0.51486111111111121
2015-11-14 00:00:00 UTC,-149,-1191,440934000,1.34625
2015-11-14 00:00:00 UTC,-149,-1243,412420237,4.1549999999999994
2015-11-14 00:00:00 UTC,-149,-1267,412420792,2.9679166666666665
2015-11-14 00:00:00 UTC,-149,-1235,412420794,1.5583333333333333
2015-11-14 00:00:00 UTC,-149,-1236,412420794,2.4458333333333337
2015-11-14 00:00:00 UTC,-149,1706,412689850,3.3324999999999996
2015-11-14 00:00:00 UTC,-149,-1262,412420795,1.3491666666666664
2015-11-14 00:00:00 UTC,-149,-1260,412420795,1.59
2015-11-14 00:00:00 UTC,-149,-1261,412420795,1.6148611111111106
2015-11-14 00:00:00 UTC,-149,1705,441225915,1.9988888888888887
2015-11-14 00:00:00 UTC,-149,-1246,412420813,4.796666666666666
2015-11-14 00:00:00 UTC,-149,-1192,431701710,1.3883333333333332
2015-11-14 00:00:00 UTC,-149,1721,412460002,0.37916666666666665
2015-11-14 00:00:00 UTC,-149,1720,412460002,0.75111111111111106
2015-11-14 00:00:00 UTC,-149,-1239,412420862,1.3533333333333335
2015-11-14 00:00:00 UTC,-149,-1237,412420862,0.97402777777777771
2015-11-14 00:00:00 UTC,-149,-1238,412420862,1.1780555555555554
2015-11-14 00:00:00 UTC,108,-173,224009000,10.577083333333334
2015-11-14 00:00:00 UTC,108,1735,431700030,2.591388888888889
2015-11-14 00:00:00 UTC,108,-1314,413691210,3.978472222222222
2015-11-14 00:00:00 UTC,108,-240,224005790,0.94777777777777783
2015-11-14 00:00:00 UTC,108,-1434,412678050,1.9055555555555554
2015-11-14 00:00:00 UTC,108,-675,775993040,0.93277777777777771
2015-11-14 00:00:00 UTC,108,-673,775993040,4.471111111111111
2015-11-14 00:00:00 UTC,108,-674,775993040,2.9387499999999998
2015-11-14 00:00:00 UTC,108,-672,775993040,5.6375000000000011
2015-11-14 00:00:00 UTC,108,-1430,412591865,5.74375
2015-11-14 00:00:00 UTC,364,122,247147010,0.792638888888889
2015-11-14 00:00:00 UTC,364,121,247147010,1.0422222222222222
2015-11-14 00:00:00 UTC,364,-1688,412331013,0.77777777777777779
2015-11-14 00:00:00 UTC,364,121,247147280,0.25583333333333336
2015-11-14 00:00:00 UTC,364,-297,224049460,1.1888888888888889
2015-11-14 00:00:00 UTC,364,121,247147320,1.4926388888888888
2015-11-14 00:00:00 UTC,364,1711,416212800,1.5848611111111111
2015-11-14 00:00:00 UTC,364,277,247301700,3.3990277777777784
2015-11-14 00:00:00 UTC,364,276,247301700,6.4015277777777779
2015-11-14 00:00:00 UTC,364,275,247301700,3.1798611111111112
2015-11-14 00:00:00 UTC,364,1226,412321095,25.994166666666676
2015-11-14 00:00:00 UTC,364,1225,412321095,2.26125
2015-11-14 00:00:00 UTC,364,1226,800025936,1.3754166666666667
2015-11-14 00:00:00 UTC,364,1224,800025936,5.91375
2015-11-14 00:00:00 UTC,364,-1661,416002900,7.885
2015-11-14 00:00:00 UTC,364,-1649,416081500,6.4313888888888888
2015-11-14 00:00:00 UTC,364,276,247146590,5.1431944444444451
2015-11-14 00:00:00 UTC,364,277,247146590,2.100138888888889
2015-11-14 00:00:00 UTC,364,-1712,416785000,2.2443055555555556
2015-11-14 00:00:00 UTC,364,123,247152010,1.5791666666666666
2015-11-14 00:00:00 UTC,364,121,247152010,1.5981944444444447
2015-11-14 00:00:00 UTC,364,124,247152010,1.0723611111111111
2015-11-14 00:00:00 UTC,364,1562,431001235,8.9290277777777778
2015-11-14 00:00:00 UTC,364,1566,431001235,1.5588888888888888
2015-11-14 00:00:00 UTC,364,121,247143860,2.9325000000000006
2015-11-14 00:00:00 UTC,364,120,247143860,2.9370833333333333
2015-11-14 00:00:00 UTC,364,-1708,416032700,1.2394444444444443
2015-11-14 00:00:00 UTC,364,121,247132860,1.8659722222222221
2015-11-14 00:00:00 UTC,364,120,247132860,3.4997222222222222
2015-11-14 00:00:00 UTC,364,-1772,416081600,4.4505555555555558
2015-11-14 00:00:00 UTC,364,-1771,416081600,1.5013888888888889
2015-11-14 00:00:00 UTC,364,121,247146460,1.8502777777777779
2015-11-14 00:00:00 UTC,364,1227,412330972,2.3436111111111111
2015-11-14 00:00:00 UTC,364,-1615,576726000,3.2141666666666664
2015-11-14 00:00:00 UTC,364,-1612,576726000,2.8141666666666665
2015-11-14 00:00:00 UTC,364,-1706,576811000,2.0586111111111114
2015-11-14 00:00:00 UTC,620,1778,441870000,0.82944444444444443
2015-11-14 00:00:00 UTC,620,1777,441870000,2.3320833333333333
2015-11-14 00:00:00 UTC,620,-60,231118000,0.52597222222222229
2015-11-14 00:00:00 UTC,620,-61,231118000,1.1838888888888888
2015-11-14 00:00:00 UTC,620,-58,231010000,0.63958333333333339
2015-11-14 00:00:00 UTC,620,-56,231010000,0.75555555555555554
2015-11-14 00:00:00 UTC,620,-53,231010000,2.7555555555555555
2015-11-14 00:00:00 UTC,620,-57,231010000,0.77874999999999994
2015-11-14 00:00:00 UTC,620,-55,231010000,0.25388888888888889
2015-11-14 00:00:00 UTC,620,-54,231010000,1.1347222222222222
2015-11-14 00:00:00 UTC,620,-71,231031000,0.9408333333333333
2015-11-14 00:00:00 UTC,620,-73,231031000,0.30888888888888888
2015-11-14 00:00:00 UTC,620,-66,231031000,2.31125
2015-11-14 00:00:00 UTC,620,-72,231031000,0.73680555555555549
2015-11-14 00:00:00 UTC,620,-56,231009000,0.55611111111111111
2015-11-14 00:00:00 UTC,620,-64,231009000,2.5969444444444441
2015-11-14 00:00:00 UTC,620,-57,231009000,0.77666666666666662
2015-11-14 00:00:00 UTC,620,-58,231009000,0.77652777777777782
2015-11-14 00:00:00 UTC,620,-53,231009000,2.0031944444444445
2015-11-14 00:00:00 UTC,620,-54,231009000,2.2683333333333335
2015-11-14 00:00:00 UTC,620,-60,231009000,0.25611111111111107
2015-11-14 00:00:00 UTC,620,-59,231009000,0.25513888888888892
2015-11-14 00:00:00 UTC,620,-71,231030000,1.1219444444444444
2015-11-14 00:00:00 UTC,-148,-1214,412420865,2.7893055555555555
2015-11-14 00:00:00 UTC,-148,-1231,412420891,0.47041666666666671
2015-11-14 00:00:00 UTC,-148,1702,441201731,5.2509722222222228
2015-11-14 00:00:00 UTC,-148,1735,412300365,2.816527777777778
2015-11-14 00:00:00 UTC,-148,-1206,432881000,0.22819444444444445
2015-11-14 00:00:00 UTC,-148,-1205,432881000,0.73791666666666689
2015-11-14 00:00:00 UTC,-148,-1191,440934000,1.6656944444444439
2015-11-14 00:00:00 UTC,-148,-1208,432453000,0.62416666666666665
2015-11-14 00:00:00 UTC,-148,-1207,432453000,0.37111111111111117
2015-11-14 00:00:00 UTC,-148,-1249,412420237,1.7806944444444444
2015-11-14 00:00:00 UTC,-148,-1241,412420237,5.2340277777777784
2015-11-14 00:00:00 UTC,-148,-1238,412420794,4.22125
2015-11-14 00:00:00 UTC,-148,-1235,412420794,3.8126388888888889
2015-11-14 00:00:00 UTC,-148,-1262,412420795,1.3536111111111111
2015-11-14 00:00:00 UTC,-148,-1261,412420795,6.0986111111111114
2015-11-14 00:00:00 UTC,-148,1705,441225915,4.5098611111111113
2015-11-14 00:00:00 UTC,-148,780,431128000,1.671388888888889
2015-11-14 00:00:00 UTC,-148,-1247,412420813,0.78013888888888894
2015-11-14 00:00:00 UTC,-148,-1192,431701710,1.3211111111111111
2015-11-14 00:00:00 UTC,-148,-1240,412420862,1.3579166666666667
2015-11-14 00:00:00 UTC,-148,-1241,412420862,0.84097222222222234
2015-11-14 00:00:00 UTC,109,-329,432448000,2.8925
2015-11-14 00:00:00 UTC,109,-173,224009000,0.56402777777777779
2015-11-14 00:00:00 UTC,109,1732,431700030,2.7540277777777775
2015-11-14 00:00:00 UTC,109,1731,431700030,1.1540277777777779
2015-11-14 00:00:00 UTC,109,1730,431700030,3.1748611111111109
2015-11-14 00:00:00 UTC,109,1716,431702850,6.1293055555555558
2015-11-14 00:00:00 UTC,109,1715,431702850,1.3247222222222224
2015-11-14 00:00:00 UTC,109,-1448,413691220,4.7193055555555556
2015-11-14 00:00:00 UTC,109,-1406,413693270,5.2513888888888882
2015-11-14 00:00:00 UTC,109,-240,224005790,0.82833333333333325
2015-11-14 00:00:00 UTC,109,-241,224005790,0.33888888888888891
2015-11-14 00:00:00 UTC,109,-1425,412678050,5.2187499999999991
2015-11-14 00:00:00 UTC,109,-675,775993050,0.27444444444444444
2015-11-14 00:00:00 UTC,109,-1286,412440047,1.5502777777777776
2015-11-14 00:00:00 UTC,109,-1287,412440047,5.2455555555555566
2015-11-14 00:00:00 UTC,365,-1689,412331013,3.1526388888888892
2015-11-14 00:00:00 UTC,365,-1688,412331013,0.049722222222222223
2015-11-14 00:00:00 UTC,365,360,271072522,8.1133333333333333
2015-11-14 00:00:00 UTC,365,359,271072522,5.8149999999999995
2015-11-14 00:00:00 UTC,365,121,247147280,1.0581944444444442
2015-11-14 00:00:00 UTC,365,120,247147280,2.5452777777777778
2015-11-14 00:00:00 UTC,365,1226,412329268,0.34402777777777782
2015-11-14 00:00:00 UTC,365,1227,412329268,9.2788888888888881
2015-11-14 00:00:00 UTC,365,-299,224049460,1.1702777777777778
2015-11-14 00:00:00 UTC,365,-296,224049460,0.96680555555555547
2015-11-14 00:00:00 UTC,365,1711,416212800,0.87125
2015-11-14 00:00:00 UTC,365,274,247301700,4.004027777777778
2015-11-14 00:00:00 UTC,365,276,247301700,2.475138888888889
2015-11-14 00:00:00 UTC,365,275,247301700,3.6736111111111112
2015-11-14 00:00:00 UTC,365,1224,800025936,8.9159722222222229
2015-11-14 00:00:00 UTC,365,276,247146590,3.7938888888888891
2015-11-14 00:00:00 UTC,365,275,247146590,6.7688888888888883
2015-11-14 00:00:00 UTC,365,274,247146590,3.2468055555555555
2015-11-14 00:00:00 UTC,365,1225,412362338,1.5972222222222221
2015-11-14 00:00:00 UTC,365,1224,412362338,0.535
2015-11-14 00:00:00 UTC,365,1226,412362338,0.99777777777777776
2015-11-14 00:00:00 UTC,365,-1713,416785000,1.9601388888888889
2015-11-14 00:00:00 UTC,365,-1717,416785000,3.9165277777777776
2015-11-14 00:00:00 UTC,365,1227,800037237,3.2140277777777779
2015-11-14 00:00:00 UTC,365,1226,800036216,0.62583333333333335
2015-11-14 00:00:00 UTC,365,1225,800036216,0.8865277777777778
2015-11-14 00:00:00 UTC,365,1221,412000638,17.383611111111112
2015-11-14 00:00:00 UTC,365,1565,431001235,3.8418055555555557
2015-11-14 00:00:00 UTC,365,1566,431001235,0.7120833333333334
2015-11-14 00:00:00 UTC,365,1223,412330664,2.3116666666666665
2015-11-14 00:00:00 UTC,365,1224,412330664,12.624583333333339
2015-11-14 00:00:00 UTC,365,1225,412330664,0.088055555555555554
2015-11-14 00:00:00 UTC,365,120,247143860,4.3305555555555566
2015-11-14 00:00:00 UTC,365,121,247143860,1.3288888888888892
2015-11-14 00:00:00 UTC,365,119,247143860,2.7136111111111112
2015-11-14 00:00:00 UTC,365,-1708,416032700,2.4054166666666665
2015-11-14 00:00:00 UTC,365,120,247132860,2.1940277777777779
2015-11-14 00:00:00 UTC,365,121,247132860,0.26236111111111116
2015-11-14 00:00:00 UTC,365,119,247132860,4.8115277777777772
2015-11-14 00:00:00 UTC,365,1227,412566717,0.91958333333333331
2015-11-14 00:00:00 UTC,365,1226,412566717,13.579305555555557
2015-11-14 00:00:00 UTC,365,1225,412566717,1.6627777777777777
2015-11-14 00:00:00 UTC,365,113,247146950,0.12888888888888889
2015-11-14 00:00:00 UTC,365,-1543,576877000,5.9394444444444447
2015-11-14 00:00:00 UTC,365,1226,412321506,0.24430555555555555
2015-11-14 00:00:00 UTC,621,-505,331000065,1.7086111111111111
2015-11-14 00:00:00 UTC,621,-507,331000065,4.0330555555555554
2015-11-14 00:00:00 UTC,621,-506,331000065,7.5629166666666672
2015-11-14 00:00:00 UTC,621,-50,231199000,1.7995833333333333
2015-11-14 00:00:00 UTC,621,-48,231199000,0.725
2015-11-14 00:00:00 UTC,621,-63,231188000,1.4244444444444444
2015-11-14 00:00:00 UTC,621,-64,231188000,8.3120833333333319
2015-11-14 00:00:00 UTC,621,-65,231188000,0.91555555555555557
2015-11-14 00:00:00 UTC,621,-62,231188000,0.76569444444444446
2015-11-14 00:00:00 UTC,621,-64,231187000,6.4844444444444456
2015-11-14 00:00:00 UTC,621,-65,231187000,0.78597222222222218
2015-11-14 00:00:00 UTC,621,-406,331036000,4.5159722222222216
2015-11-14 00:00:00 UTC,621,-405,331036000,2.7904166666666663
2015-11-14 00:00:00 UTC,621,-407,331036000,3.1724999999999994
2015-11-14 00:00:00 UTC,621,-51,231087000,1.4752777777777779
2015-11-14 00:00:00 UTC,621,-50,231087000,3.0363888888888888
2015-11-14 00:00:00 UTC,621,1781,441870000,1.6093055555555553
2015-11-14 00:00:00 UTC,621,1782,441870000,1.6129166666666668
2015-11-14 00:00:00 UTC,621,1779,441870000,0.86388888888888871
2015-11-14 00:00:00 UTC,621,1778,441870000,1.5016666666666667
2015-11-14 00:00:00 UTC,621,1780,441870000,1.6041666666666665
2015-11-14 00:00:00 UTC,621,-58,231118000,3.0183333333333331
2015-11-14 00:00:00 UTC,621,-62,231118000,2.6965277777777774
2015-11-14 00:00:00 UTC,621,-61,231118000,0.53152777777777782
2015-11-14 00:00:00 UTC,621,-59,231118000,9.4234722222222214
2015-11-14 00:00:00 UTC,621,-60,231118000,4.8980555555555556
2015-11-14 00:00:00 UTC,621,-407,331480000,1.9777777777777776
2015-11-14 00:00:00 UTC,621,-406,331480000,3.9522222222222219
2015-11-14 00:00:00 UTC,621,-405,331480000,2.1276388888888889
2015-11-14 00:00:00 UTC,621,-53,231010000,1.8475000000000001
2015-11-14 00:00:00 UTC,621,-64,231010000,5.7540277777777753
2015-11-14 00:00:00 UTC,621,-52,231010000,1.6783333333333332
2015-11-14 00:00:00 UTC,621,-508,331191000,2.7161111111111111
2015-11-14 00:00:00 UTC,621,-50,231191000,0.77083333333333337
2015-11-14 00:00:00 UTC,621,-64,231009000,3.3852777777777781
2015-11-14 00:00:00 UTC,621,-52,231009000,1.4744444444444447
2015-11-14 00:00:00 UTC,621,-53,231009000,2.3518055555555555
2015-11-14 00:00:00 UTC,-147,-1214,412420865,1.2665277777777777
2015-11-14 00:00:00 UTC,-147,1691,412320024,2.0093055555555557
2015-11-14 00:00:00 UTC,-147,576,416243500,4.273194444444445
2015-11-14 00:00:00 UTC,-147,1706,412328758,5.2079166666666667
2015-11-14 00:00:00 UTC,-147,1707,412328761,5.1933333333333334
2015-11-14 00:00:00 UTC,-147,1700,441201731,2.0373611111111112
2015-11-14 00:00:00 UTC,-147,1734,412300365,5.9501388888888895
2015-11-14 00:00:00 UTC,-147,-1206,432881000,0.69
2015-11-14 00:00:00 UTC,-147,-1205,432881000,2.1030555555555561
2015-11-14 00:00:00 UTC,-147,-1192,440934000,2.8355555555555556
2015-11-14 00:00:00 UTC,-147,-1207,432453000,1.0290277777777777
2015-11-14 00:00:00 UTC,-147,-1209,432453000,0.34430555555555553
2015-11-14 00:00:00 UTC,-147,-1208,432453000,0.33041666666666669
2015-11-14 00:00:00 UTC,-147,-1256,412420239,2.9718055555555556
2015-11-14 00:00:00 UTC,-147,1703,412689850,4.8244444444444445
2015-11-14 00:00:00 UTC,-147,-1262,412420795,0.83680555555555558
2015-11-14 00:00:00 UTC,-147,-1248,412420813,0.71222222222222209
2015-11-14 00:00:00 UTC,-147,-1247,412420813,0.12097222222222222
2015-11-14 00:00:00 UTC,-147,-1193,431701710,1.675972222222222
2015-11-14 00:00:00 UTC,-147,418,440236000,4.7709722222222224
2015-11-14 00:00:00 UTC,-147,420,440236000,5.3602777777777781
2015-11-14 00:00:00 UTC,-147,-1241,412420862,2.6518055555555557
2015-11-14 00:00:00 UTC,-147,-1245,412420862,3.1179166666666664
2015-11-14 00:00:00 UTC,-147,1612,412460287,4.9522222222222227
2015-11-14 00:00:00 UTC,110,-328,432448000,0.94291666666666674
2015-11-14 00:00:00 UTC,110,-329,432448000,0.18472222222222223
2015-11-14 00:00:00 UTC,110,-172,224009000,1.2258333333333333
2015-11-14 00:00:00 UTC,110,-1314,413691210,4.3468055555555551
2015-11-14 00:00:00 UTC,110,-1402,413693270,4.5426388888888889
2015-11-14 00:00:00 UTC,110,-1404,413693270,1.3951388888888889
2015-11-14 00:00:00 UTC,110,-241,224005790,2.2497222222222222
2015-11-14 00:00:00 UTC,110,-1432,412678050,4.700277777777778
2015-11-14 00:00:00 UTC,110,-675,775993050,0.50458333333333338
2015-11-14 00:00:00 UTC,110,-1286,412440047,4.3255555555555558
2015-11-14 00:00:00 UTC,110,-1288,412440047,1.4369444444444444
2015-11-14 00:00:00 UTC,366,-1688,412331013,4.4013888888888886
2015-11-14 00:00:00 UTC,366,361,271072522,0.84597222222222224
2015-11-14 00:00:00 UTC,366,361,271072015,6.2447222222222223
2015-11-14 00:00:00 UTC,366,248,237418000,2.9944444444444445
2015-11-14 00:00:00 UTC,366,247,237418000,1.4597222222222221
2015-11-14 00:00:00 UTC,366,1227,412329268,8.4294444444444458
2015-11-14 00:00:00 UTC,366,1226,412329268,4.4879166666666679
2015-11-14 00:00:00 UTC,366,-298,224049460,0.62930555555555556
2015-11-14 00:00:00 UTC,366,-299,224049460,2.5152777777777779
2015-11-14 00:00:00 UTC,366,-296,224049460,1.4331944444444444
2015-11-14 00:00:00 UTC,366,-297,224049460,3.548194444444444
2015-11-14 00:00:00 UTC,366,-300,224049460,1.6236111111111111
2015-11-14 00:00:00 UTC,366,1223,412213822,6.1880555555555548
2015-11-14 00:00:00 UTC,366,1224,412213822,0.20986111111111111
2015-11-14 00:00:00 UTC,366,147,247120450,11.822361111111112
2015-11-14 00:00:00 UTC,366,148,247120450,11.563472222222224
2015-11-14 00:00:00 UTC,366,1225,412323921,0.45541666666666669
2015-11-14 00:00:00 UTC,366,-1700,413328727,3.651388888888889
2015-11-14 00:00:00 UTC,366,306,271072344,0.52611111111111108
2015-11-14 00:00:00 UTC,366,-1714,416785000,1.5680555555555555
2015-11-14 00:00:00 UTC,366,-1715,416785000,1.0397222222222222
2015-11-14 00:00:00 UTC,366,-84,263402350,0.12875
2015-11-14 00:00:00 UTC,366,-86,263402350,1.0068055555555555
2015-11-14 00:00:00 UTC,366,-85,263402350,4.457638888888888
2015-11-14 00:00:00 UTC,366,1226,413002353,0.17902777777777779
2015-11-14 00:00:00 UTC,366,1228,800037237,8.8037499999999991
2015-11-14 00:00:00 UTC,366,1229,800037237,2.8884722222222221
2015-11-14 00:00:00 UTC,366,-330,224099450,0.4440277777777778
2015-11-14 00:00:00 UTC,366,1227,412327811,0.4588888888888889
2015-11-14 00:00:00 UTC,366,1226,412327811,1.0669444444444445
2015-11-14 00:00:00 UTC,366,1222,800010375,0.39402777777777775
2015-11-14 00:00:00 UTC,366,-145,263405970,1.9594444444444443
2015-11-14 00:00:00 UTC,366,360,271072153,6.8069444444444436
2015-11-14 00:00:00 UTC,366,361,271072153,0.59513888888888888
2015-11-14 00:00:00 UTC,366,-1718,416804000,4.7413888888888884
2015-11-14 00:00:00 UTC,366,1225,412330664,1.5450000000000004
2015-11-14 00:00:00 UTC,366,1226,412330664,0.29944444444444446
2015-11-14 00:00:00 UTC,366,1224,412330664,2.2840277777777773
2015-11-14 00:00:00 UTC,366,119,247143860,0.83472222222222237
2015-11-14 00:00:00 UTC,366,360,271072692,0.12902777777777777
2015-11-14 00:00:00 UTC,366,119,247132860,1.0456944444444445
2015-11-14 00:00:00 UTC,366,118,247132860,2.8738888888888887
2015-11-14 00:00:00 UTC,366,-1773,416081600,2.4129166666666668
2015-11-14 00:00:00 UTC,366,113,247146950,0.25958333333333333
2015-11-14 00:00:00 UTC,366,114,247146950,0.77194444444444432
2015-11-14 00:00:00 UTC,366,-1542,576877000,5.5312500000000009
2015-11-14 00:00:00 UTC,366,-1772,416779000,2.2965277777777779
2015-11-14 00:00:00 UTC,366,-1771,416779000,1.5472222222222223
2015-11-14 00:00:00 UTC,366,-1597,576843000,4.6373611111111108
2015-11-14 00:00:00 UTC,366,-1581,576843000,4.7998611111111105
2015-11-14 00:00:00 UTC,366,-1578,576843000,2.4015277777777779
2015-11-14 00:00:00 UTC,366,1228,415156218,0.09930555555555555
2015-11-14 00:00:00 UTC,366,1227,415156218,0.14166666666666666
2015-11-14 00:00:00 UTC,622,-62,231188000,0.2805555555555555
2015-11-14 00:00:00 UTC,622,1772,273448750,2.29375
2015-11-14 00:00:00 UTC,622,1770,273448750,8.5694444444444446
2015-11-14 00:00:00 UTC,622,1773,273448750,2.2761111111111108
2015-11-14 00:00:00 UTC,622,-64,231187000,0.39666666666666667
2015-11-14 00:00:00 UTC,622,-404,331036000,1.6926388888888888
2015-11-14 00:00:00 UTC,622,-407,331036000,1.5734722222222222
2015-11-14 00:00:00 UTC,622,-405,331036000,0.93027777777777776
2015-11-14 00:00:00 UTC,622,-59,231118000,0.75944444444444448
2015-11-14 00:00:00 UTC,622,-404,331480000,2.4580555555555557
2015-11-14 00:00:00 UTC,622,-405,331480000,6.0058333333333334
2015-11-14 00:00:00 UTC,622,-52,231010000,1.9891666666666665
2015-11-14 00:00:00 UTC,622,-53,231010000,1.9348611111111111
2015-11-14 00:00:00 UTC,622,-50,231191000,2.9952777777777779
2015-11-14 00:00:00 UTC,622,-37,231084000,1.9440277777777779
2015-11-14 00:00:00 UTC,622,-38,231084000,1.5651388888888891
2015-11-14 00:00:00 UTC,622,-52,231009000,2.4294444444444445
2015-11-14 00:00:00 UTC,622,-53,231009000,1.2745833333333332
2015-11-14 00:00:00 UTC,-146,-1214,412420865,3.1843055555555555
2015-11-14 00:00:00 UTC,-146,1690,412320024,2.0429166666666663
2015-11-14 00:00:00 UTC,-146,576,416243500,4.6906944444444445
2015-11-14 00:00:00 UTC,-146,1705,412328758,2.0643055555555549
2015-11-14 00:00:00 UTC,-146,1706,412328761,2.0804166666666664
2015-11-14 00:00:00 UTC,-146,1698,441201731,0.76152777777777769
2015-11-14 00:00:00 UTC,-146,1703,441201731,4.8495833333333334
2015-11-14 00:00:00 UTC,-146,1685,441201732,3.2219444444444445
2015-11-14 00:00:00 UTC,-146,1734,412300365,1.1290277777777777
2015-11-14 00:00:00 UTC,-146,1733,412300365,2.0715277777777779
2015-11-14 00:00:00 UTC,-146,1735,412300365,6.2086111111111117
2015-11-14 00:00:00 UTC,-146,-1216,440807000,0.76180555555555551
2015-11-14 00:00:00 UTC,-146,-1214,440807000,4.8143055555555545
2015-11-14 00:00:00 UTC,-146,-1219,440807000,4.2440277777777773
2015-11-14 00:00:00 UTC,-146,-1218,440807000,1.0490277777777779
2015-11-14 00:00:00 UTC,-146,-1217,440807000,0.37291666666666673
2015-11-14 00:00:00 UTC,-146,-1206,432881000,0.67541666666666667
2015-11-14 00:00:00 UTC,-146,-1218,440731000,0.32902777777777781
2015-11-14 00:00:00 UTC,-146,-1219,440731000,0.66388888888888886
2015-11-14 00:00:00 UTC,-146,-1220,440731000,2.32875
2015-11-14 00:00:00 UTC,-146,-1216,440731000,0.95319444444444446
2015-11-14 00:00:00 UTC,-146,-1214,440731000,0.75013888888888913
2015-11-14 00:00:00 UTC,-146,-1217,440731000,0.63666666666666671
2015-11-14 00:00:00 UTC,-146,-1228,441072000,4.3256944444444452
2015-11-14 00:00:00 UTC,-146,-1209,432453000,0.6973611111111111
2015-11-14 00:00:00 UTC,-146,-1250,412420237,6.2255555555555553
2015-11-14 00:00:00 UTC,-146,-1266,412420239,5.3326388888888889
2015-11-14 00:00:00 UTC,-146,-1263,412420239,3.2469444444444449
2015-11-14 00:00:00 UTC,-146,-1265,412420239,1.9156944444444441
2015-11-14 00:00:00 UTC,-146,-1253,412420239,0.91555555555555546
2015-11-14 00:00:00 UTC,-146,-1255,412420239,1.2781944444444444
2015-11-14 00:00:00 UTC,-146,1706,412689850,1.9305555555555556
2015-11-14 00:00:00 UTC,-146,1705,412689850,5.3229166666666661
2015-11-14 00:00:00 UTC,-146,-1262,412420795,1.9229166666666666
2015-11-14 00:00:00 UTC,-146,1703,441225915,4.3779166666666667
2015-11-14 00:00:00 UTC,-146,1704,441225915,6.4965277777777786
2015-11-14 00:00:00 UTC,-146,-1248,412420813,6.5876388888888888
2015-11-14 00:00:00 UTC,-146,-1193,431701710,2.7787499999999996
2015-11-14 00:00:00 UTC,-146,419,440236000,1.5852777777777778
2015-11-14 00:00:00 UTC,-146,1617,412460287,8.2765277777777779
2015-11-14 00:00:00 UTC,-146,1619,412460287,6.0136111111111106
2015-11-14 00:00:00 UTC,111,-328,432448000,0.35180555555555554
2015-11-14 00:00:00 UTC,111,1713,431702850,3.903888888888889
2015-11-14 00:00:00 UTC,111,-1406,413693270,0.9915277777777779
2015-11-14 00:00:00 UTC,111,-1407,413693270,4.315
2015-11-14 00:00:00 UTC,111,-171,616807000,3.0444444444444447
2015-11-14 00:00:00 UTC,111,-172,616807000,0.91375000000000006
2015-11-14 00:00:00 UTC,111,-241,224005790,1.0608333333333333
2015-11-14 00:00:00 UTC,111,-1427,412678050,4.572916666666667
2015-11-14 00:00:00 UTC,111,-1426,412678050,1.3855555555555554
2015-11-14 00:00:00 UTC,111,-1289,412440047,4.6615277777777777
2015-11-14 00:00:00 UTC,367,1226,412321288,7.6669444444444439
2015-11-14 00:00:00 UTC,367,1224,412000528,15.389305555555559
2015-11-14 00:00:00 UTC,367,246,237418000,4.975833333333334
2015-11-14 00:00:00 UTC,367,-197,224081430,4.0736111111111111
2015-11-14 00:00:00 UTC,367,1253,440219160,0.3601388888888889
2015-11-14 00:00:00 UTC,367,-89,263231000,1.9555555555555557
2015-11-14 00:00:00 UTC,367,-90,263231000,1.9501388888888886
2015-11-14 00:00:00 UTC,367,-88,263231000,0.32416666666666666
2015-11-14 00:00:00 UTC,367,-83,204244000,0.30013888888888884
2015-11-14 00:00:00 UTC,367,-87,263401250,1.1730555555555555
2015-11-14 00:00:00 UTC,367,-88,263401250,1.8247222222222221
2015-11-14 00:00:00 UTC,367,1225,412202791,0.75083333333333335
2015-11-14 00:00:00 UTC,367,1228,415140905,1.5538888888888889
2015-11-14 00:00:00 UTC,367,1226,415140905,0.715
2015-11-14 00:00:00 UTC,367,1225,415140905,0.42180555555555554
2015-11-14 00:00:00 UTC,367,1227,415140905,0.51847222222222222
2015-11-14 00:00:00 UTC,367,1226,412329268,1.90625
2015-11-14 00:00:00 UTC,367,-299,224049460,1.2029166666666666
2015-11-14 00:00:00 UTC,367,-298,224049460,1.8111111111111109
2015-11-14 00:00:00 UTC,367,-301,224049460,0.34277777777777774
2015-11-14 00:00:00 UTC,367,1229,412832060,8.8018055555555552
2015-11-14 00:00:00 UTC,367,1223,412213822,17.030833333333337
2015-11-14 00:00:00 UTC,367,-86,263402580,0.83763888888888882
2015-11-14 00:00:00 UTC,367,-89,263402580,2.8995833333333336
2015-11-14 00:00:00 UTC,367,-90,263402580,2.024861111111111
2015-11-14 00:00:00 UTC,367,-88,263402580,2.0370833333333334
2015-11-14 00:00:00 UTC,367,-87,263402580,3.7872222222222218
2015-11-14 00:00:00 UTC,367,1228,412201052,0.12611111111111112
2015-11-14 00:00:00 UTC,367,-1714,416785000,0.26444444444444448
2015-11-14 00:00:00 UTC,367,-85,263402350,3.7709722222222219
2015-11-14 00:00:00 UTC,367,-84,263402350,0.92611111111111111
2015-11-14 00:00:00 UTC,367,1228,800037237,1.4616666666666667
2015-11-14 00:00:00 UTC,367,1224,412215158,0.52513888888888882
2015-11-14 00:00:00 UTC,367,1223,412215158,23.750138888888891
2015-11-14 00:00:00 UTC,367,-329,224099450,1.0434722222222224
2015-11-14 00:00:00 UTC,367,-330,224099450,0.66097222222222218
2015-11-14 00:00:00 UTC,367,1227,412071802,0.72472222222222227
2015-11-14 00:00:00 UTC,367,-85,263237000,1.4969444444444444
2015-11-14 00:00:00 UTC,367,-86,263237000,1.0622222222222222
2015-11-14 00:00:00 UTC,367,-84,263237000,1.46
2015-11-14 00:00:00 UTC,367,-1771,416111500,2.3193055555555557
2015-11-14 00:00:00 UTC,367,1224,430765455,9.8997222222222216
2015-11-14 00:00:00 UTC,367,-146,263405970,1.9044444444444444
2015-11-14 00:00:00 UTC,367,-1717,416804000,4.53888888888889
2015-11-14 00:00:00 UTC,367,-1718,416804000,0.71694444444444438
2015-11-14 00:00:00 UTC,367,1226,412330664,2.3209722222222218
2015-11-14 00:00:00 UTC,367,1226,412324522,1.7405555555555556
2015-11-14 00:00:00 UTC,367,1227,412335018,1.7070833333333335
2015-11-14 00:00:00 UTC,367,1228,412335018,1.9043055555555555
2015-11-14 00:00:00 UTC,367,1227,412327852,4.4797222222222226
2015-11-14 00:00:00 UTC,367,-1707,416032700,3.8887500000000004
2015-11-14 00:00:00 UTC,367,-1772,416081600,5.4708333333333332
2015-11-14 00:00:00 UTC,367,-1778,416081600,4.455
2015-11-14 00:00:00 UTC,367,115,247146950,0.78402777777777777
2015-11-14 00:00:00 UTC,367,116,247146950,0.2638888888888889
2015-11-14 00:00:00 UTC,367,1225,412285394,0.58152777777777775
2015-11-14 00:00:00 UTC,367,1224,412285394,2.1051388888888889
2015-11-14 00:00:00 UTC,367,1229,412369619,0.16833333333333333
2015-11-14 00:00:00 UTC,367,-1775,416779000,2.8527777777777779
2015-11-14 00:00:00 UTC,367,-1776,416779000,1.8273611111111112
2015-11-14 00:00:00 UTC,367,-1596,576843000,1.5379166666666666
2015-11-14 00:00:00 UTC,367,-1590,576843000,4.5998611111111112
2015-11-14 00:00:00 UTC,367,-1594,576843000,1.6372222222222221
2015-11-14 00:00:00 UTC,367,-1592,576843000,1.612638888888889
2015-11-14 00:00:00 UTC,367,-1593,576843000,1.0580555555555557
2015-11-14 00:00:00 UTC,367,1226,415156218,0.69333333333333325
2015-11-14 00:00:00 UTC,367,1227,415156218,0.42194444444444446
2015-11-14 00:00:00 UTC,367,1225,415156218,0.69222222222222229
2015-11-14 00:00:00 UTC,367,1224,415156218,0.7880555555555554
2015-11-14 00:00:00 UTC,623,-50,231199000,2.975
2015-11-14 00:00:00 UTC,623,1773,273448750,8.8858333333333377
2015-11-14 00:00:00 UTC,623,1772,273448750,2.3005555555555555
2015-11-14 00:00:00 UTC,623,-404,331036000,3.1169444444444441
2015-11-14 00:00:00 UTC,623,-45,231046000,1.6255555555555556
2015-11-14 00:00:00 UTC,623,-44,231046000,1.2494444444444444
2015-11-14 00:00:00 UTC,623,-42,231046000,1.90625
2015-11-14 00:00:00 UTC,623,-50,231087000,3.0034722222222219
2015-11-14 00:00:00 UTC,623,-43,231129000,0.73249999999999993
2015-11-14 00:00:00 UTC,623,-42,231129000,1.6958333333333333
2015-11-14 00:00:00 UTC,623,-44,231129000,0.75708333333333333
2015-11-14 00:00:00 UTC,623,-405,331480000,0.81611111111111112
2015-11-14 00:00:00 UTC,623,-404,331480000,2.379861111111111
2015-11-14 00:00:00 UTC,623,-39,231084000,2.1077777777777778
2015-11-14 00:00:00 UTC,-145,-1285,412460288,4.7376388888888892
2015-11-14 00:00:00 UTC,-145,-1214,412420865,1.3399999999999999
2015-11-14 00:00:00 UTC,-145,1690,412320024,4.498333333333334
2015-11-14 00:00:00 UTC,-145,1689,412320024,4.0234722222222219
2015-11-14 00:00:00 UTC,-145,576,416243500,1.8194444444444444
2015-11-14 00:00:00 UTC,-145,1705,412328758,9.378472222222225
2015-11-14 00:00:00 UTC,-145,1706,412328761,4.4972222222222227
2015-11-14 00:00:00 UTC,-145,1733,412300365,4.1506944444444445
2015-11-14 00:00:00 UTC,-145,1732,412300365,2.7834722222222226
2015-11-14 00:00:00 UTC,-145,1734,412300365,3.1540277777777779
2015-11-14 00:00:00 UTC,-145,-1207,432881000,0.34305555555555556
2015-11-14 00:00:00 UTC,-145,-1192,440934000,2.1856944444444442
2015-11-14 00:00:00 UTC,-145,-1216,440731000,0.71930555555555564
2015-11-14 00:00:00 UTC,-145,-1214,440731000,3.7591666666666663
2015-11-14 00:00:00 UTC,-145,-1218,440731000,0.275
2015-11-14 00:00:00 UTC,-145,-1215,440731000,0.72222222222222232
2015-11-14 00:00:00 UTC,-145,-1228,441072000,1.662638888888889
2015-11-14 00:00:00 UTC,-145,-1209,432453000,0.35277777777777775
2015-11-14 00:00:00 UTC,-145,-1207,432453000,0.70500000000000029
2015-11-14 00:00:00 UTC,-145,-1253,412420239,1.7356944444444444
2015-11-14 00:00:00 UTC,-145,-1254,412420239,1.9988888888888887
2015-11-14 00:00:00 UTC,-145,-1255,412420239,3.7840277777777782
2015-11-14 00:00:00 UTC,-145,1702,412689850,1.884166666666667
2015-11-14 00:00:00 UTC,-145,1703,441225915,1.8001388888888887
2015-11-14 00:00:00 UTC,-145,-1198,431701710,1.4086111111111113
2015-11-14 00:00:00 UTC,-145,-1197,431701710,3.650555555555556
2015-11-14 00:00:00 UTC,-145,-1196,431701710,3.3119444444444444
2015-11-14 00:00:00 UTC,-145,419,440236000,1.9425000000000001
2015-11-14 00:00:00 UTC,-145,-1229,440246000,3.7522222222222226
2015-11-14 00:00:00 UTC,112,-328,432448000,0.66513888888888884
2015-11-14 00:00:00 UTC,112,-171,663135000,1.9495833333333334
2015-11-14 00:00:00 UTC,112,-172,663135000,1.2029166666666669
2015-11-14 00:00:00 UTC,112,-169,412203336,8.3208333333333329
2015-11-14 00:00:00 UTC,112,-172,616807000,3.4486111111111111
2015-11-14 00:00:00 UTC,112,-171,616807000,3.544027777777778
2015-11-14 00:00:00 UTC,112,-245,224005790,3.5413888888888891
2015-11-14 00:00:00 UTC,112,-244,224005790,5.8638888888888889
2015-11-14 00:00:00 UTC,112,-241,224005790,5.19986111111111
2015-11-14 00:00:00 UTC,368,1228,412283906,11.283055555555556
2015-11-14 00:00:00 UTC,368,1224,412000528,3.2155555555555559
2015-11-14 00:00:00 UTC,368,246,237418000,1.189861111111111
2015-11-14 00:00:00 UTC,368,-197,224081430,0.70138888888888884
2015-11-14 00:00:00 UTC,368,-90,263231000,1.46
2015-11-14 00:00:00 UTC,368,-89,263231000,1.8424999999999998
2015-11-14 00:00:00 UTC,368,-88,263231000,3.0159722222222225
2015-11-14 00:00:00 UTC,368,1228,412881178,12.145833333333332
2015-11-14 00:00:00 UTC,368,-81,204244000,4.99125
2015-11-14 00:00:00 UTC,368,-80,204244000,5.2666666666666666
2015-11-14 00:00:00 UTC,368,-83,204244000,0.26333333333333331
2015-11-14 00:00:00 UTC,368,-82,204244000,3.3718055555555559
2015-11-14 00:00:00 UTC,368,-82,263401250,4.0401388888888894
2015-11-14 00:00:00 UTC,368,-83,263401250,4.6015277777777772
2015-11-14 00:00:00 UTC,368,-80,263401250,2.7991666666666664
2015-11-14 00:00:00 UTC,368,-81,263401250,3.8402777777777781
2015-11-14 00:00:00 UTC,368,-84,263401250,1.1730555555555555
2015-11-14 00:00:00 UTC,368,1224,412202791,3.3274999999999997
2015-11-14 00:00:00 UTC,368,-85,263422770,3.7222222222222223
2015-11-14 00:00:00 UTC,368,-82,263422770,1.2006944444444443
2015-11-14 00:00:00 UTC,368,-83,263422770,4.8672222222222237
2015-11-14 00:00:00 UTC,368,-84,263422770,6.6740277777777779
2015-11-14 00:00:00 UTC,368,-300,224049460,1.3618055555555557
2015-11-14 00:00:00 UTC,368,-299,224049460,0.88944444444444448
2015-11-14 00:00:00 UTC,368,1224,412201015,0.76763888888888887
2015-11-14 00:00:00 UTC,368,1226,766454354,11.396944444444445
2015-11-14 00:00:00 UTC,368,1227,766454354,13.787916666666664
2015-11-14 00:00:00 UTC,368,-88,263402580,1.8497222222222223
2015-11-14 00:00:00 UTC,368,-89,263402580,1.4411111111111112
2015-11-14 00:00:00 UTC,368,-90,263402580,1.5012500000000002
2015-11-14 00:00:00 UTC,368,-87,263402350,1.5466666666666669
2015-11-14 00:00:00 UTC,368,-85,263402350,0.29333333333333333
2015-11-14 00:00:00 UTC,368,-86,263402350,9.1790277777777778
2015-11-14 00:00:00 UTC,368,-80,263407470,1.3684722222222221
2015-11-14 00:00:00 UTC,368,-81,263407470,3.4091666666666667
2015-11-14 00:00:00 UTC,368,-84,263407470,4.4247222222222229
2015-11-14 00:00:00 UTC,368,-83,263407470,3.3341666666666669
2015-11-14 00:00:00 UTC,368,-85,263407470,5.1580555555555554
2015-11-14 00:00:00 UTC,368,-82,263407470,4.0226388888888884
2015-11-14 00:00:00 UTC,368,1222,412215158,6.8545833333333333
2015-11-14 00:00:00 UTC,368,-330,224099450,0.74277777777777787
2015-11-14 00:00:00 UTC,368,-329,224099450,1.7984722222222222
2015-11-14 00:00:00 UTC,368,1227,412071802,1.4283333333333335
2015-11-14 00:00:00 UTC,368,1227,412283777,0.59888888888888892
2015-11-14 00:00:00 UTC,368,-83,263237000,1.6290277777777775
2015-11-14 00:00:00 UTC,368,-84,263237000,1.9209722222222223
2015-11-14 00:00:00 UTC,368,-85,263237000,0.7780555555555555
2015-11-14 00:00:00 UTC,368,-80,263237000,3.2493055555555559
2015-11-14 00:00:00 UTC,368,-82,263237000,4.1269444444444447
2015-11-14 00:00:00 UTC,368,-81,263237000,5.1134722222222226
2015-11-14 00:00:00 UTC,368,-1773,416111500,1.838611111111111
2015-11-14 00:00:00 UTC,368,-1774,416111500,3.6325
2015-11-14 00:00:00 UTC,368,-85,263482000,8.0884722222222223
2015-11-14 00:00:00 UTC,368,-88,263482000,2.7519444444444443
2015-11-14 00:00:00 UTC,368,-87,263482000,6.1595833333333356
2015-11-14 00:00:00 UTC,368,-84,263482000,3.0073611111111114
2015-11-14 00:00:00 UTC,368,-149,263405970,4.05263888888889
2015-11-14 00:00:00 UTC,368,-148,263405970,1.2229166666666664
2015-11-14 00:00:00 UTC,368,-1718,416804000,1.5004166666666667
2015-11-14 00:00:00 UTC,368,1226,412330664,3.1908333333333334
2015-11-14 00:00:00 UTC,368,1227,412330664,0.58777777777777773
2015-11-14 00:00:00 UTC,368,1227,412327852,1.7586111111111111
2015-11-14 00:00:00 UTC,368,-1779,416081600,5.4922222222222228
2015-11-14 00:00:00 UTC,368,1229,412369619,1.1408333333333334
2015-11-14 00:00:00 UTC,368,1230,412369619,0.65805555555555562
2015-11-14 00:00:00 UTC,368,1227,412283613,10.409583333333334
2015-11-14 00:00:00 UTC,368,220,240428000,3.4802777777777782
2015-11-14 00:00:00 UTC,368,219,240428000,6.1143055555555552
2015-11-14 00:00:00 UTC,368,1227,412283617,23.669444444444444
2015-11-14 00:00:00 UTC,368,1227,412675555,1.3299999999999998
2015-11-14 00:00:00 UTC,368,1228,412285413,11.500694444444443
2015-11-14 00:00:00 UTC,368,-74,263406570,2.2333333333333334
2015-11-14 00:00:00 UTC,368,1227,412088055,14.792222222222227
2015-11-14 00:00:00 UTC,368,1226,412283903,15.282916666666676
2015-11-14 00:00:00 UTC,624,-513,331238000,2.1162500000000004
2015-11-14 00:00:00 UTC,624,-45,231046000,1.2826388888888889
2015-11-14 00:00:00 UTC,624,-47,231046000,1.6218055555555555
2015-11-14 00:00:00 UTC,624,-49,231046000,1.6276388888888889
2015-11-14 00:00:00 UTC,624,-51,231087000,3.5494444444444442
2015-11-14 00:00:00 UTC,624,-45,231129000,2.1348611111111113
2015-11-14 00:00:00 UTC,624,-47,231129000,3.9904166666666669
2015-11-14 00:00:00 UTC,-144,-1287,412460288,6.5011111111111122
2015-11-14 00:00:00 UTC,-144,-1214,412420865,4.0918055555555561
2015-11-14 00:00:00 UTC,-144,576,416243500,5.2761111111111116
2015-11-14 00:00:00 UTC,-144,1704,412328758,1.8456944444444445
2015-11-14 00:00:00 UTC,-144,1692,412687160,6.0786111111111119
2015-11-14 00:00:00 UTC,-144,1706,412328761,4.8618055555555557
2015-11-14 00:00:00 UTC,-144,1702,441201731,6.228472222222222
2015-11-14 00:00:00 UTC,-144,1732,412300365,0.70027777777777778
2015-11-14 00:00:00 UTC,-144,-1212,440807000,5.9605555555555547
2015-11-14 00:00:00 UTC,-144,-1207,432881000,0.70916666666666672
2015-11-14 00:00:00 UTC,-144,-1214,440731000,1.7872222222222223
2015-11-14 00:00:00 UTC,-144,-1215,440731000,1.3790277777777777
2015-11-14 00:00:00 UTC,-144,-1216,440731000,0.35152777777777777
2015-11-14 00:00:00 UTC,-144,-1228,441072000,1.3768055555555552
2015-11-14 00:00:00 UTC,-144,-1207,432453000,1.5452777777777778
2015-11-14 00:00:00 UTC,-144,-1210,432453000,0.60416666666666663
2015-11-14 00:00:00 UTC,-144,1690,441219253,4.4595833333333337
2015-11-14 00:00:00 UTC,-144,-1229,440246000,1.6836111111111112
2015-11-14 00:00:00 UTC,-144,-815,412424703,12.239305555555557
2015-11-14 00:00:00 UTC,113,-330,432448000,1.7016666666666662
2015-11-14 00:00:00 UTC,113,-328,432448000,1.3094444444444444
2015-11-14 00:00:00 UTC,113,-329,432448000,1.0268055555555555
2015-11-14 00:00:00 UTC,113,-172,663135000,1.3861111111111113
2015-11-14 00:00:00 UTC,113,1733,431700030,2.5788888888888888
2015-11-14 00:00:00 UTC,113,1732,431700030,0.80388888888888888
2015-11-14 00:00:00 UTC,113,1711,431702850,1.7338888888888888
2015-11-14 00:00:00 UTC,113,-169,412203336,12.418333333333333
2015-11-14 00:00:00 UTC,113,-174,224313420,3.8311111111111114
2015-11-14 00:00:00 UTC,113,-1405,413693270,1.862638888888889
2015-11-14 00:00:00 UTC,113,-171,616807000,4.8290277777777773
2015-11-14 00:00:00 UTC,113,-246,224005790,0.68763888888888891
2015-11-14 00:00:00 UTC,113,-245,224005790,1.0013888888888889
2015-11-14 00:00:00 UTC,113,-244,224005790,0.79986111111111113
2015-11-14 00:00:00 UTC,113,-243,224005790,1.1708333333333332
2015-11-14 00:00:00 UTC,369,1227,412283906,2.7404166666666665
2015-11-14 00:00:00 UTC,369,-153,204213000,7.8518055555555559
2015-11-14 00:00:00 UTC,369,-154,204213000,3.1665277777777781
2015-11-14 00:00:00 UTC,369,245,237418000,2.7941666666666674
2015-11-14 00:00:00 UTC,369,244,237418000,0.67263888888888879
2015-11-14 00:00:00 UTC,369,-197,224081430,1.7305555555555554
2015-11-14 00:00:00 UTC,369,1227,412881178,2.3676388888888891
2015-11-14 00:00:00 UTC,369,-80,263408670,0.14902777777777776
2015-11-14 00:00:00 UTC,369,-301,224049460,0.38875000000000004
2015-11-14 00:00:00 UTC,369,-302,224049460,0.45763888888888893
2015-11-14 00:00:00 UTC,369,-300,224049460,0.64013888888888881
2015-11-14 00:00:00 UTC,369,1227,766454354,6.645
2015-11-14 00:00:00 UTC,369,272,271072600,2.205972222222222
2015-11-14 00:00:00 UTC,369,273,271072600,2.989583333333333
2015-11-14 00:00:00 UTC,369,274,271072600,13.151388888888889
2015-11-14 00:00:00 UTC,369,-85,263402350,0.13402777777777777
2015-11-14 00:00:00 UTC,369,-85,263407470,0.91513888888888872
2015-11-14 00:00:00 UTC,369,-330,224099450,0.68361111111111117
2015-11-14 00:00:00 UTC,369,1227,412071802,1.5627777777777778
2015-11-14 00:00:00 UTC,369,1227,412283777,2.3447222222222219
2015-11-14 00:00:00 UTC,369,1226,412283777,3.8504166666666659
2015-11-14 00:00:00 UTC,369,-75,224014730,7.381388888888889
2015-11-14 00:00:00 UTC,369,-1780,416111500,3.9962500000000003
2015-11-14 00:00:00 UTC,369,-85,263482000,2.0487499999999996
2015-11-14 00:00:00 UTC,369,1227,412011409,1.8755555555555554
2015-11-14 00:00:00 UTC,369,1226,412011409,6.02875
2015-11-14 00:00:00 UTC,369,-143,263405970,3.9336111111111114
2015-11-14 00:00:00 UTC,369,-145,263405970,1.70125
2015-11-14 00:00:00 UTC,369,-153,263405970,7.5959722222222226
2015-11-14 00:00:00 UTC,369,1226,412330664,1.73375
2015-11-14 00:00:00 UTC,369,1227,412881078,12.985555555555557
2015-11-14 00:00:00 UTC,369,273,271072457,3.06
2015-11-14 00:00:00 UTC,369,1226,412285394,0.66736111111111107
2015-11-14 00:00:00 UTC,369,1227,412285394,1.7102777777777778
2015-11-14 00:00:00 UTC,369,1230,412369619,0.19305555555555554
2015-11-14 00:00:00 UTC,369,116,247141850,0.52569444444444446
2015-11-14 00:00:00 UTC,369,1227,412283613,2.4363888888888887
2015-11-14 00:00:00 UTC,369,219,240428000,3.964722222222222
2015-11-14 00:00:00 UTC,369,1227,412283617,4.9748611111111112
2015-11-14 00:00:00 UTC,369,1225,412675555,0.13347222222222221
2015-11-14 00:00:00 UTC,369,1227,412675555,0.82569444444444451
2015-11-14 00:00:00 UTC,369,1226,412675555,0.95111111111111113
2015-11-14 00:00:00 UTC,369,1227,412285413,11.625694444444447
2015-11-14 00:00:00 UTC,369,-78,263406570,1.6358333333333335
2015-11-14 00:00:00 UTC,369,-76,263406570,4.8505555555555553
2015-11-14 00:00:00 UTC,369,-77,263406570,3.4684722222222222
2015-11-14 00:00:00 UTC,369,-75,263406570,5.8209722222222213
2015-11-14 00:00:00 UTC,369,244,237654000,2.01625
2015-11-14 00:00:00 UTC,369,245,237654000,0.26680555555555557
2015-11-14 00:00:00 UTC,369,243,237654000,1.0334722222222221
2015-11-14 00:00:00 UTC,369,1227,412088055,2.3261111111111115
2015-11-14 00:00:00 UTC,369,-1777,416779000,1.3904166666666669
2015-11-14 00:00:00 UTC,369,-1779,416779000,1.2515277777777776
2015-11-14 00:00:00 UTC,369,-1778,416779000,0.7466666666666667
2015-11-14 00:00:00 UTC,369,1227,412283901,1.7658333333333334
2015-11-14 00:00:00 UTC,369,271,271062015,0.79555555555555546
2015-11-14 00:00:00 UTC,369,272,271062015,0.2747222222222222
2015-11-14 00:00:00 UTC,369,1227,412283903,0.59527777777777779
2015-11-14 00:00:00 UTC,369,1226,412283903,1.1877777777777778
2015-11-14 00:00:00 UTC,625,-52,231199000,2.2668055555555555
2015-11-14 00:00:00 UTC,625,-54,231199000,1.5777777777777779
2015-11-14 00:00:00 UTC,625,-53,231081000,13.869583333333335
2015-11-14 00:00:00 UTC,625,-407,331036000,0.34180555555555558
2015-11-14 00:00:00 UTC,625,-409,331036000,0.83222222222222231
2015-11-14 00:00:00 UTC,625,-408,331036000,2.4755555555555553
2015-11-14 00:00:00 UTC,625,-406,331036000,1.4122222222222223
2015-11-14 00:00:00 UTC,625,-54,231046000,0.704861111111111
2015-11-14 00:00:00 UTC,625,-51,231046000,1.6523611111111109
2015-11-14 00:00:00 UTC,625,-52,231046000,1.3348611111111111
2015-11-14 00:00:00 UTC,625,-52,231087000,0.8731944444444445
2015-11-14 00:00:00 UTC,625,-55,231087000,3.3016666666666667
2015-11-14 00:00:00 UTC,625,-56,231087000,0.61805555555555558
2015-11-14 00:00:00 UTC,625,-54,231087000,1.3819444444444444
2015-11-14 00:00:00 UTC,625,-53,231087000,0.65152777777777782
2015-11-14 00:00:00 UTC,625,-52,231129000,3.4073611111111113
2015-11-14 00:00:00 UTC,625,-54,231191000,1.5298611111111111
2015-11-14 00:00:00 UTC,625,-52,231191000,2.9991666666666665
2015-11-14 00:00:00 UTC,625,-56,231191000,1.5251388888888888
2015-11-14 00:00:00 UTC,-399,1060,431602890,4.4538888888888888
2015-11-14 00:00:00 UTC,-143,1688,412320024,7.972083333333333
2015-11-14 00:00:00 UTC,-143,1704,412328758,4.4033333333333333
2015-11-14 00:00:00 UTC,-143,1703,412328758,1.6620833333333334
2015-11-14 00:00:00 UTC,-143,-1253,441043000,3.3601388888888888
2015-11-14 00:00:00 UTC,-143,1704,412328761,7.9319444444444454
2015-11-14 00:00:00 UTC,-143,1687,441201732,3.4327777777777779
2015-11-14 00:00:00 UTC,-143,-1211,440807000,1.364305555555555
2015-11-14 00:00:00 UTC,-143,-1207,432881000,1.2538888888888888
2015-11-14 00:00:00 UTC,-143,-1208,432881000,0.3586111111111111
2015-11-14 00:00:00 UTC,-143,-1212,440731000,1.3672222222222221
2015-11-14 00:00:00 UTC,-143,-1213,440731000,1.2504166666666667
2015-11-14 00:00:00 UTC,-143,-1228,441072000,1.2880555555555557
2015-11-14 00:00:00 UTC,-143,-1210,432453000,0.99569444444444444
2015-11-14 00:00:00 UTC,-143,-1265,412420795,2.384722222222222
2015-11-14 00:00:00 UTC,-143,-1194,431701710,2.141111111111111
2015-11-14 00:00:00 UTC,-143,419,440236000,5.0494444444444442
2015-11-14 00:00:00 UTC,-143,-1229,440246000,1.8440277777777778
2015-11-14 00:00:00 UTC,-143,1730,412460286,0.84430555555555542
2015-11-14 00:00:00 UTC,-143,1731,412460286,1.0222222222222221
2015-11-14 00:00:00 UTC,114,1730,431700030,1.6711111111111112
2015-11-14 00:00:00 UTC,114,-174,224313420,6.8541666666666661
2015-11-14 00:00:00 UTC,114,-1403,413693270,4.72625
2015-11-14 00:00:00 UTC,114,-171,616807000,1.1579166666666667
2015-11-14 00:00:00 UTC,114,-170,616807000,2.0204166666666667
2015-11-14 00:00:00 UTC,370,1227,412283906,2.5883333333333334
2015-11-14 00:00:00 UTC,370,-158,204213000,11.157083333333336
2015-11-14 00:00:00 UTC,370,-439,224170000,1.0041666666666667
2015-11-14 00:00:00 UTC,370,-434,224170000,7.1431944444444451
2015-11-14 00:00:00 UTC,370,-438,224170000,0.5083333333333333
2015-11-14 00:00:00 UTC,370,245,237418000,5.86125
2015-11-14 00:00:00 UTC,370,1227,412881178,5.0373611111111112
2015-11-14 00:00:00 UTC,370,1264,440007280,2.7493055555555559
2015-11-14 00:00:00 UTC,370,128,247143540,14.236388888888889
2015-11-14 00:00:00 UTC,370,-330,224099450,2.6655555555555557
2015-11-14 00:00:00 UTC,370,1227,412071802,5.9326388888888886
2015-11-14 00:00:00 UTC,370,1227,412283777,3.1884722222222219
2015-11-14 00:00:00 UTC,370,-1780,416111500,2.1372222222222224
2015-11-14 00:00:00 UTC,370,-1779,416111500,0.79888888888888887
2015-11-14 00:00:00 UTC,370,-1777,416111500,3.3927777777777779
2015-11-14 00:00:00 UTC,370,1226,412011409,10.940555555555557
2015-11-14 00:00:00 UTC,370,1260,440018070,1.0030555555555556
2015-11-14 00:00:00 UTC,370,1261,440018070,0.55652777777777773
2015-11-14 00:00:00 UTC,370,-1537,576877000,5.1908333333333339
2015-11-14 00:00:00 UTC,370,-1535,576877000,3.2397222222222224
2015-11-14 00:00:00 UTC,370,-1534,576877000,1.6493055555555558
2015-11-14 00:00:00 UTC,370,-1532,576877000,5.4225
2015-11-14 00:00:00 UTC,370,1227,412285394,2.4016666666666664
2015-11-14 00:00:00 UTC,370,115,247141850,1.1334722222222222
2015-11-14 00:00:00 UTC,370,116,247141850,1.5508333333333333
2015-11-14 00:00:00 UTC,370,117,247141850,0.65999999999999992
2015-11-14 00:00:00 UTC,370,1227,412283613,8.6455555555555552
2015-11-14 00:00:00 UTC,370,1227,412285413,1.3856944444444443
2015-11-14 00:00:00 UTC,370,244,237654000,7.6904166666666667
2015-11-14 00:00:00 UTC,370,1227,412088055,3.8295833333333338
2015-11-14 00:00:00 UTC,370,-1774,416779000,2.4754166666666668
2015-11-14 00:00:00 UTC,370,271,271062015,4.2486111111111109
2015-11-14 00:00:00 UTC,370,272,271062015,3.1576388888888887
2015-11-14 00:00:00 UTC,626,-60,231199000,1.6016666666666668
2015-11-14 00:00:00 UTC,626,-59,231199000,4.5640277777777776
2015-11-14 00:00:00 UTC,626,-61,231199000,0.78694444444444445
2015-11-14 00:00:00 UTC,626,-56,231199000,1.7226388888888891
2015-11-14 00:00:00 UTC,626,-57,231081000,12.766527777777778
2015-11-14 00:00:00 UTC,626,-79,231078000,1.620138888888889
2015-11-14 00:00:00 UTC,626,-58,231087000,3.1376388888888886
2015-11-14 00:00:00 UTC,626,-56,231087000,1.6398611111111112
2015-11-14 00:00:00 UTC,626,-57,231087000,0.82791666666666675
2015-11-14 00:00:00 UTC,626,-59,231191000,2.6194444444444449
2015-11-14 00:00:00 UTC,626,-61,231191000,0.79083333333333339
2015-11-14 00:00:00 UTC,626,-60,231191000,3.0434722222222224
2015-11-14 00:00:00 UTC,626,-58,231191000,0.9754166666666666
2015-11-14 00:00:00 UTC,-398,1060,431602890,1.9030555555555553
2015-11-14 00:00:00 UTC,-142,1705,441201183,5.2030555555555553
2015-11-14 00:00:00 UTC,-142,-1742,518676000,3.3643055555555552
2015-11-14 00:00:00 UTC,-142,-1254,441043000,1.6822222222222225
2015-11-14 00:00:00 UTC,-142,-1250,441043000,0.61638888888888888
2015-11-14 00:00:00 UTC,-142,-1252,441043000,0.69402777777777791
2015-11-14 00:00:00 UTC,-142,-1253,441043000,0.44930555555555557
2015-11-14 00:00:00 UTC,-142,-1251,441043000,0.6661111111111111
2015-11-14 00:00:00 UTC,-142,-1249,441043000,1.2337500000000001
2015-11-14 00:00:00 UTC,-142,-1211,440807000,1.6641666666666663
2015-11-14 00:00:00 UTC,-142,-1238,440604000,5.4868055555555557
2015-11-14 00:00:00 UTC,-142,-1239,440604000,2.6745833333333335
2015-11-14 00:00:00 UTC,-142,-1212,440731000,1.6765277777777774
2015-11-14 00:00:00 UTC,-142,-1266,412420795,0.8041666666666667
2015-11-14 00:00:00 UTC,-142,1711,412460002,2.4718055555555556
2015-11-14 00:00:00 UTC,-142,-1229,440246000,1.3415277777777779
2015-11-14 00:00:00 UTC,-142,1729,412460286,4.7729166666666663
2015-11-14 00:00:00 UTC,115,-171,616807000,4.2151388888888883
2015-11-14 00:00:00 UTC,115,-168,412203365,5.2922222222222226
2015-11-14 00:00:00 UTC,115,-174,224387000,0.99597222222222226
2015-11-14 00:00:00 UTC,115,-168,412202239,1.6697222222222221
2015-11-14 00:00:00 UTC,371,-436,224170000,0.49902777777777779
2015-11-14 00:00:00 UTC,371,-434,224170000,0.34041666666666665
2015-11-14 00:00:00 UTC,371,-439,224170000,3.8149999999999995
2015-11-14 00:00:00 UTC,371,-435,224170000,0.681388888888889
2015-11-14 00:00:00 UTC,371,-441,224170000,1.5620833333333333
2015-11-14 00:00:00 UTC,371,245,237418000,0.28833333333333333
2015-11-14 00:00:00 UTC,371,-199,224081430,6.8569444444444443
2015-11-14 00:00:00 UTC,371,-171,224016930,0.67499999999999993
2015-11-14 00:00:00 UTC,371,-170,224016930,0.70875
2015-11-14 00:00:00 UTC,371,274,271062090,6.1336111111111107
2015-11-14 00:00:00 UTC,371,273,271062090,1.0494444444444444
2015-11-14 00:00:00 UTC,371,1263,440005230,1.7001388888888889
2015-11-14 00:00:00 UTC,371,1264,440005230,5.5080555555555559
2015-11-14 00:00:00 UTC,371,-331,224099450,4.0243055555555554
2015-11-14 00:00:00 UTC,371,-330,224099450,0.98777777777777787
2015-11-14 00:00:00 UTC,371,-1779,416111500,0.79125
2015-11-14 00:00:00 UTC,371,-387,224250000,1.7979166666666666
2015-11-14 00:00:00 UTC,371,273,271072182,9.0913888888888881
2015-11-14 00:00:00 UTC,371,-159,263402680,4.0731944444444448
2015-11-14 00:00:00 UTC,371,274,271072197,3.2205555555555554
2015-11-14 00:00:00 UTC,371,197,247140040,1.5708333333333333
2015-11-14 00:00:00 UTC,371,115,247141850,1.3540277777777781
2015-11-14 00:00:00 UTC,371,118,247141850,0.80847222222222226
2015-11-14 00:00:00 UTC,371,116,247141850,0.39027777777777778
2015-11-14 00:00:00 UTC,371,123,247080670,13.68263888888889
2015-11-14 00:00:00 UTC,371,-91,263265000,2.2347222222222216
2015-11-14 00:00:00 UTC,371,-1773,416779000,3.4922222222222219
2015-11-14 00:00:00 UTC,371,271,271062015,0.25847222222222221
2015-11-14 00:00:00 UTC,371,272,271062015,2.3647222222222224
2015-11-14 00:00:00 UTC,627,-63,231199000,0.83708333333333329
2015-11-14 00:00:00 UTC,627,-61,231199000,0.79999999999999993
2015-11-14 00:00:00 UTC,627,-64,231199000,1.6169444444444445
2015-11-14 00:00:00 UTC,627,-62,231199000,2.014444444444444
2015-11-14 00:00:00 UTC,627,-60,231199000,0.40138888888888891
2015-11-14 00:00:00 UTC,627,-75,231078000,3.6823611111111112
2015-11-14 00:00:00 UTC,627,-76,231078000,1.6166666666666667
2015-11-14 00:00:00 UTC,627,-77,231078000,4.055
2015-11-14 00:00:00 UTC,627,-78,231078000,3.1018055555555555
2015-11-14 00:00:00 UTC,627,-64,231191000,1.6425
2015-11-14 00:00:00 UTC,627,-63,231191000,1.4670833333333335
2015-11-14 00:00:00 UTC,627,-61,231191000,0.78416666666666668
2015-11-14 00:00:00 UTC,627,-62,231191000,1.5736111111111111
2015-11-14 00:00:00 UTC,-397,1060,431602890,3.8213888888888894
2015-11-14 00:00:00 UTC,-141,1692,441201181,1.6922222222222214
2015-11-14 00:00:00 UTC,-141,1704,441201183,2.0936111111111106
2015-11-14 00:00:00 UTC,-141,1705,441201183,5.30638888888889
2015-11-14 00:00:00 UTC,-141,1703,441201183,5.2623611111111108
2015-11-14 00:00:00 UTC,-141,-1250,441043000,2.6681944444444441
2015-11-14 00:00:00 UTC,-141,-1251,441043000,3.3556944444444445
2015-11-14 00:00:00 UTC,-141,-1247,441043000,2.2320833333333336
2015-11-14 00:00:00 UTC,-141,1686,441201732,1.8902777777777775
2015-11-14 00:00:00 UTC,-141,-1211,440807000,4.3343055555555559
2015-11-14 00:00:00 UTC,-141,-1239,440604000,5.2048611111111107
2015-11-14 00:00:00 UTC,-141,-1213,432881000,1.4679166666666668
2015-11-14 00:00:00 UTC,-141,-1212,440731000,2.6259722222222224
2015-11-14 00:00:00 UTC,-141,-1267,412420795,6.3398611111111132
2015-11-14 00:00:00 UTC,-141,-1266,412420795,0.32916666666666666
2015-11-14 00:00:00 UTC,-141,1711,412460002,0.35597222222222225
2015-11-14 00:00:00 UTC,-141,-1229,440246000,1.5652777777777778
2015-11-14 00:00:00 UTC,116,-169,412205337,7.0402777777777779
2015-11-14 00:00:00 UTC,116,-170,412209199,2.38125
2015-11-14 00:00:00 UTC,116,-169,412209199,16.034444444444446
2015-11-14 00:00:00 UTC,116,-169,412209206,20.139444444444447
2015-11-14 00:00:00 UTC,116,-168,412203365,12.923333333333332
2015-11-14 00:00:00 UTC,116,-174,224387000,1.6047222222222224
2015-11-14 00:00:00 UTC,116,-168,412202239,1.3823611111111109
2015-11-14 00:00:00 UTC,372,-442,224170000,0.8370833333333334
2015-11-14 00:00:00 UTC,372,-443,224170000,0.40097222222222223
2015-11-14 00:00:00 UTC,372,-440,224170000,1.9234722222222222
2015-11-14 00:00:00 UTC,372,243,237482000,7.4106944444444443
2015-11-14 00:00:00 UTC,372,244,237482000,0.90541666666666676
2015-11-14 00:00:00 UTC,372,246,237482000,1.1195833333333334
2015-11-14 00:00:00 UTC,372,-172,224016930,1.4005555555555556
2015-11-14 00:00:00 UTC,372,-164,224016930,1.0540277777777778
2015-11-14 00:00:00 UTC,372,1191,412321576,13.069722222222222
2015-11-14 00:00:00 UTC,372,112,247146030,2.355833333333333
2015-11-14 00:00:00 UTC,372,1191,800036663,0.95777777777777773
2015-11-14 00:00:00 UTC,372,-110,204211000,0.42569444444444449
2015-11-14 00:00:00 UTC,372,-109,204211000,1.4079166666666667
2015-11-14 00:00:00 UTC,372,1191,412330051,13.279444444444444
2015-11-14 00:00:00 UTC,372,-90,263500360,4.6754166666666679
2015-11-14 00:00:00 UTC,372,-89,263500360,1.1491666666666669
2015-11-14 00:00:00 UTC,372,273,271062090,4.3526388888888885
2015-11-14 00:00:00 UTC,372,272,271062090,0.60749999999999993
2015-11-14 00:00:00 UTC,372,274,271062090,2.5090277777777779
2015-11-14 00:00:00 UTC,372,271,271062091,0.53069444444444436
2015-11-14 00:00:00 UTC,372,273,271062091,6.6697222222222239
2015-11-14 00:00:00 UTC,372,272,271062091,6.6361111111111111
2015-11-14 00:00:00 UTC,372,1191,412326219,0.84375
2015-11-14 00:00:00 UTC,372,1191,412639568,0.37791666666666668
2015-11-14 00:00:00 UTC,372,266,237468000,0.26666666666666666
2015-11-14 00:00:00 UTC,372,1190,412325743,0.31513888888888886
2015-11-14 00:00:00 UTC,372,-1225,338141808,1.8186111111111112
2015-11-14 00:00:00 UTC,372,-333,224099450,0.68875
2015-11-14 00:00:00 UTC,372,-331,224099450,0.31680555555555556
2015-11-14 00:00:00 UTC,372,-330,224099450,0.35458333333333336
2015-11-14 00:00:00 UTC,372,270,237456000,7.4593055555555559
2015-11-14 00:00:00 UTC,372,-172,263407240,2.3286111111111114
2015-11-14 00:00:00 UTC,372,-173,263407240,3.9468055555555557
2015-11-14 00:00:00 UTC,372,-92,263402890,0.89652777777777781
2015-11-14 00:00:00 UTC,372,1191,412326543,1.8756944444444446
2015-11-14 00:00:00 UTC,372,-390,224250000,1.3893055555555556
2015-11-14 00:00:00 UTC,372,272,271072179,6.1302777777777777
2015-11-14 00:00:00 UTC,372,273,271072179,17.803055555555552
2015-11-14 00:00:00 UTC,372,273,271072182,16.176111111111112
2015-11-14 00:00:00 UTC,372,272,271072182,3.0431944444444445
2015-11-14 00:00:00 UTC,372,-158,263402680,1.9456944444444444
2015-11-14 00:00:00 UTC,372,1190,257008832,0.27666666666666667
2015-11-14 00:00:00 UTC,372,198,247140040,1.0668055555555556
2015-11-14 00:00:00 UTC,372,272,271072970,5.7397222222222233
2015-11-14 00:00:00 UTC,372,118,247141850,0.51444444444444437
2015-11-14 00:00:00 UTC,372,119,247141850,0.26458333333333334
2015-11-14 00:00:00 UTC,372,124,247080670,3.1725
2015-11-14 00:00:00 UTC,372,123,247080670,8.1293055555555558
2015-11-14 00:00:00 UTC,372,1190,412328673,0.28111111111111109
2015-11-14 00:00:00 UTC,372,-92,263265000,2.0526388888888891
2015-11-14 00:00:00 UTC,372,-90,263265000,0.55666666666666664
2015-11-14 00:00:00 UTC,372,-91,263265000,3.625972222222221
2015-11-14 00:00:00 UTC,628,-71,231078000,0.80819444444444444
2015-11-14 00:00:00 UTC,628,-74,231078000,0.8569444444444444
2015-11-14 00:00:00 UTC,628,-72,231078000,0.73819444444444438
2015-11-14 00:00:00 UTC,628,-75,231078000,3.7584722222222222
2015-11-14 00:00:00 UTC,628,-76,231078000,1.295
2015-11-14 00:00:00 UTC,628,-73,231078000,2.7945833333333332
2015-11-14 00:00:00 UTC,-396,-575,770576135,0.20083333333333334
2015-11-14 00:00:00 UTC,-396,-574,770576065,0.77736111111111106
2015-11-14 00:00:00 UTC,-396,-573,770576065,1.4419444444444443
2015-11-14 00:00:00 UTC,-396,-575,770576065,0.82805555555555566
2015-11-14 00:00:00 UTC,-396,-572,770576065,0.85708333333333342
2015-11-14 00:00:00 UTC,-140,-1187,431704330,0.7072222222222222
2015-11-14 00:00:00 UTC,-140,-1188,431704330,2.2568055555555557
2015-11-14 00:00:00 UTC,-140,-1235,412420877,3.5322222222222228
2015-11-14 00:00:00 UTC,-140,-1232,412420877,2.09125
2015-11-14 00:00:00 UTC,-140,1690,441201181,4.0290277777777774
2015-11-14 00:00:00 UTC,-140,1701,441201183,4.8427777777777772
2015-11-14 00:00:00 UTC,-140,-1740,518676000,3.4329166666666664
2015-11-14 00:00:00 UTC,-140,1689,412328755,4.035277777777778
2015-11-14 00:00:00 UTC,-140,-1248,441043000,1.7561111111111112
2015-11-14 00:00:00 UTC,-140,-1249,441043000,2.0790277777777781
2015-11-14 00:00:00 UTC,-140,-1247,441043000,1.806527777777778
2015-11-14 00:00:00 UTC,-140,-1246,441043000,1.5588888888888888
2015-11-14 00:00:00 UTC,-140,-1239,440604000,4.7579166666666675
2015-11-14 00:00:00 UTC,-140,-1240,440604000,0.37805555555555553
2015-11-14 00:00:00 UTC,-140,-1213,432881000,1.2386111111111111
2015-11-14 00:00:00 UTC,-140,1662,520145000,2.0379166666666668
2015-11-14 00:00:00 UTC,-140,-1215,432453000,1.6011111111111109
2015-11-14 00:00:00 UTC,-140,577,416234700,6.0743055555555552
2015-11-14 00:00:00 UTC,-140,579,416234700,1.7415277777777778
2015-11-14 00:00:00 UTC,-140,1710,412460002,0.18722222222222223
2015-11-14 00:00:00 UTC,-140,1709,412460002,0.6906944444444445
2015-11-14 00:00:00 UTC,-140,-1229,440246000,0.58458333333333334
2015-11-14 00:00:00 UTC,117,-169,412205337,6.1861111111111109
2015-11-14 00:00:00 UTC,117,-169,412200986,10.678888888888888
2015-11-14 00:00:00 UTC,117,-168,412200986,9.21875
2015-11-14 00:00:00 UTC,117,-168,412203365,4.9359722222222224
2015-11-14 00:00:00 UTC,117,-170,412202673,7.0409722222222229
2015-11-14 00:00:00 UTC,117,-171,412202673,4.6847222222222227
2015-11-14 00:00:00 UTC,117,-174,224387000,3.098611111111111
2015-11-14 00:00:00 UTC,117,-173,247110330,4.5770833333333334
2015-11-14 00:00:00 UTC,117,-169,412202239,11.76375
2015-11-14 00:00:00 UTC,373,1190,412326662,0.2583333333333333
2015-11-14 00:00:00 UTC,373,-443,224170000,1.6036111111111111
2015-11-14 00:00:00 UTC,373,-444,224170000,1.3155555555555556
2015-11-14 00:00:00 UTC,373,-441,224170000,1.7925
2015-11-14 00:00:00 UTC,373,246,237482000,2.8002777777777776
2015-11-14 00:00:00 UTC,373,245,237482000,2.9116666666666666
2015-11-14 00:00:00 UTC,373,244,237482000,1.4470833333333333
2015-11-14 00:00:00 UTC,373,-210,224081430,9.4336111111111123
2015-11-14 00:00:00 UTC,373,1192,412325915,2.953611111111111
2015-11-14 00:00:00 UTC,373,-175,224016930,2.7395833333333335
2015-11-14 00:00:00 UTC,373,1192,412321576,4.0590277777777786
2015-11-14 00:00:00 UTC,373,152,247144750,0.26277777777777778
2015-11-14 00:00:00 UTC,373,151,247144750,1.4263888888888885
2015-11-14 00:00:00 UTC,373,112,247146030,3.1784722222222221
2015-11-14 00:00:00 UTC,373,1190,412375088,0.61458333333333326
2015-11-14 00:00:00 UTC,373,1192,800036663,4.3144444444444447
2015-11-14 00:00:00 UTC,373,1191,800036663,11.527500000000002
2015-11-14 00:00:00 UTC,373,1192,402332222,2.6998611111111113
2015-11-14 00:00:00 UTC,373,1191,412325694,0.94027777777777788
2015-11-14 00:00:00 UTC,373,1192,412330051,1.4615277777777778
2015-11-14 00:00:00 UTC,373,1191,412330051,1.3990277777777778
2015-11-14 00:00:00 UTC,373,1191,421060678,0.28138888888888891
2015-11-14 00:00:00 UTC,373,1192,421060678,0.25902777777777775
2015-11-14 00:00:00 UTC,373,246,237149000,0.80708333333333337
2015-11-14 00:00:00 UTC,373,-91,263500360,5.3730555555555544
2015-11-14 00:00:00 UTC,373,272,271062090,1.9024999999999999
2015-11-14 00:00:00 UTC,373,273,271062090,2.20625
2015-11-14 00:00:00 UTC,373,1192,412326219,2.8525
2015-11-14 00:00:00 UTC,373,1190,412330063,10.907361111111113
2015-11-14 00:00:00 UTC,373,1191,412070239,4.9673611111111118
2015-11-14 00:00:00 UTC,373,266,237468000,0.80611111111111111
2015-11-14 00:00:00 UTC,373,1192,418532456,3.3775
2015-11-14 00:00:00 UTC,373,1191,418532456,0.66013888888888883
2015-11-14 00:00:00 UTC,373,131,247041390,2.0075
2015-11-14 00:00:00 UTC,373,1190,412325743,0.63472222222222219
2015-11-14 00:00:00 UTC,373,-332,224099450,2.3315277777777776
2015-11-14 00:00:00 UTC,373,-331,224099450,0.69680555555555557
2015-11-14 00:00:00 UTC,373,268,237456000,8.9040277777777774
2015-11-14 00:00:00 UTC,373,-172,263407240,0.34527777777777779
2015-11-14 00:00:00 UTC,373,-92,263402890,2.3777777777777773
2015-11-14 00:00:00 UTC,373,-91,263402890,1.6224999999999998
2015-11-14 00:00:00 UTC,373,-1774,416111500,5.6670833333333341
2015-11-14 00:00:00 UTC,373,-392,224250000,1.385
2015-11-14 00:00:00 UTC,373,1191,412062121,1.4868055555555555
2015-11-14 00:00:00 UTC,373,271,271072444,0.68569444444444438
2015-11-14 00:00:00 UTC,373,1191,413689789,5.5859722222222228
2015-11-14 00:00:00 UTC,373,1190,257008832,0.26513888888888892
2015-11-14 00:00:00 UTC,373,198,247140040,9.23375
2015-11-14 00:00:00 UTC,373,1191,215487963,15.370833333333335
2015-11-14 00:00:00 UTC,373,1190,412326629,19.653194444444441
2015-11-14 00:00:00 UTC,373,1190,412321510,5.809444444444444
2015-11-14 00:00:00 UTC,373,1192,412326631,15.298472222222223
2015-11-14 00:00:00 UTC,373,-91,263265000,0.89972222222222231
2015-11-14 00:00:00 UTC,373,-90,263265000,1.1193055555555558
2015-11-14 00:00:00 UTC,373,1192,412321512,2.4323611111111112
2015-11-14 00:00:00 UTC,373,-91,263412470,0.69902777777777791
2015-11-14 00:00:00 UTC,373,-92,263412470,1.8205555555555553
2015-11-14 00:00:00 UTC,373,-90,263412470,1.0745833333333334
2015-11-14 00:00:00 UTC,629,-239,251047110,0.59125
2015-11-14 00:00:00 UTC,629,-238,251047110,0.79319444444444442
2015-11-14 00:00:00 UTC,-395,-575,770576135,3.9956944444444442
2015-11-14 00:00:00 UTC,-395,-575,770576065,3.9125
2015-11-14 00:00:00 UTC,-139,-1234,440821000,1.0815277777777779
2015-11-14 00:00:00 UTC,-139,-1236,440821000,3.3359722222222219
2015-11-14 00:00:00 UTC,-139,-1233,440821000,0.33472222222222225
2015-11-14 00:00:00 UTC,-139,-1235,440821000,2.6687499999999997
2015-11-14 00:00:00 UTC,-139,-1187,431704330,0.70944444444444443
2015-11-14 00:00:00 UTC,-139,-1188,431704330,1.1240277777777776
2015-11-14 00:00:00 UTC,-139,-1189,431704330,1.0720833333333333
2015-11-14 00:00:00 UTC,-139,-1238,412420877,3.0705555555555555
2015-11-14 00:00:00 UTC,-139,-1234,412420877,1.3515277777777779
2015-11-14 00:00:00 UTC,-139,-1233,412420877,1.3204166666666666
2015-11-14 00:00:00 UTC,-139,1699,441201183,1.8462499999999997
2015-11-14 00:00:00 UTC,-139,1688,412328755,0.815138888888889
2015-11-14 00:00:00 UTC,-139,1687,412328755,0.88263888888888886
2015-11-14 00:00:00 UTC,-139,-1240,440604000,1.2227777777777777
2015-11-14 00:00:00 UTC,-139,-1213,432881000,1.3644444444444443
2015-11-14 00:00:00 UTC,-139,-1215,432453000,1.0888888888888888
2015-11-14 00:00:00 UTC,-139,-1214,432453000,1.21125
2015-11-14 00:00:00 UTC,-139,-1233,440612000,1.2066666666666666
2015-11-14 00:00:00 UTC,-139,-1234,440612000,1.23875
2015-11-14 00:00:00 UTC,-139,-1231,440612000,1.7327777777777778
2015-11-14 00:00:00 UTC,-139,-1239,440612000,2.6119444444444442
2015-11-14 00:00:00 UTC,-139,-1236,440612000,2.6130555555555559
2015-11-14 00:00:00 UTC,-139,-1232,440612000,1.9738888888888888
2015-11-14 00:00:00 UTC,-139,-1238,440612000,0.841388888888889
2015-11-14 00:00:00 UTC,-139,-1235,440612000,0.90958333333333341
2015-11-14 00:00:00 UTC,-139,-1237,440612000,0.84083333333333332
2015-11-14 00:00:00 UTC,-139,580,416234700,13.083333333333334
2015-11-14 00:00:00 UTC,-139,578,416234700,6.2427777777777775
2015-11-14 00:00:00 UTC,-139,416,441910000,3.940555555555556
2015-11-14 00:00:00 UTC,-139,417,441910000,0.67986111111111114
2015-11-14 00:00:00 UTC,-139,418,441910000,3.9248611111111114
2015-11-14 00:00:00 UTC,-139,1725,412460286,5.3102777777777774
2015-11-14 00:00:00 UTC,118,-173,247110330,3.8101388888888894
2015-11-14 00:00:00 UTC,374,1190,412326662,1.9384722222222224
2015-11-14 00:00:00 UTC,374,1215,412324622,7.6804166666666669
2015-11-14 00:00:00 UTC,374,-444,224170000,1.002361111111111
2015-11-14 00:00:00 UTC,374,245,237482000,2.7054166666666668
2015-11-14 00:00:00 UTC,374,1191,412325915,0.88430555555555557
2015-11-14 00:00:00 UTC,374,-178,224016930,5.7780555555555564
2015-11-14 00:00:00 UTC,374,1192,412321576,2.875694444444445
2015-11-14 00:00:00 UTC,374,1199,800038959,0.53319444444444442
2015-11-14 00:00:00 UTC,374,1190,412328241,19.04125
2015-11-14 00:00:00 UTC,374,1192,800036663,3.1550000000000002
2015-11-14 00:00:00 UTC,374,1192,402332222,5.3231944444444439
2015-11-14 00:00:00 UTC,374,1191,402332222,8.60638888888889
2015-11-14 00:00:00 UTC,374,1191,412320068,10.977222222222224
2015-11-14 00:00:00 UTC,374,1191,421060678,13.25236111111111
2015-11-14 00:00:00 UTC,374,245,237149000,2.8905555555555553
2015-11-14 00:00:00 UTC,374,246,237149000,1.877361111111111
2015-11-14 00:00:00 UTC,374,-90,263500360,3.2511111111111104
2015-11-14 00:00:00 UTC,374,1192,412326219,1.095
2015-11-14 00:00:00 UTC,374,1193,412639568,6.30486111111111
2015-11-14 00:00:00 UTC,374,271,271072598,1.6501388888888888
2015-11-14 00:00:00 UTC,374,270,271072598,0.82472222222222225
2015-11-14 00:00:00 UTC,374,267,237852000,2.7020833333333334
2015-11-14 00:00:00 UTC,374,268,237852000,7.0654166666666667
2015-11-14 00:00:00 UTC,374,269,237852000,0.27055555555555555
2015-11-14 00:00:00 UTC,374,1192,418532456,1.2601388888888887
2015-11-14 00:00:00 UTC,374,1191,418532456,0.5526388888888889
2015-11-14 00:00:00 UTC,374,1192,412995688,11.801666666666669
2015-11-14 00:00:00 UTC,374,-332,224099450,6.1068055555555567
2015-11-14 00:00:00 UTC,374,1219,412331906,10.560555555555556
2015-11-14 00:00:00 UTC,374,-91,263402890,0.7270833333333333
2015-11-14 00:00:00 UTC,374,1191,412326543,5.3508333333333331
2015-11-14 00:00:00 UTC,374,-393,224250000,0.7425
2015-11-14 00:00:00 UTC,374,268,240238000,3.6081944444444445
2015-11-14 00:00:00 UTC,374,1191,412320181,0.80444444444444452
2015-11-14 00:00:00 UTC,374,-158,263402680,0.57111111111111112
2015-11-14 00:00:00 UTC,374,-159,263402680,3.4069444444444441
2015-11-14 00:00:00 UTC,374,-156,263402680,1.9061111111111111
2015-11-14 00:00:00 UTC,374,-157,263402680,1.2222222222222223
2015-11-14 00:00:00 UTC,374,1193,412323513,1.8801388888888888
2015-11-14 00:00:00 UTC,374,1192,412323513,8.0252777777777773
2015-11-14 00:00:00 UTC,374,271,271072444,0.60722222222222222
2015-11-14 00:00:00 UTC,374,1197,412323523,1.6805555555555558
2015-11-14 00:00:00 UTC,374,1198,412323523,0.16680555555555557
2015-11-14 00:00:00 UTC,374,1191,215487963,0.26625
2015-11-14 00:00:00 UTC,374,-91,263265000,2.1752777777777781
2015-11-14 00:00:00 UTC,374,1192,412321512,15.602500000000006
2015-11-14 00:00:00 UTC,374,1190,412326637,0.27902777777777776
2015-11-14 00:00:00 UTC,374,-92,263412470,9.73972222222222
2015-11-14 00:00:00 UTC,374,-91,263412470,1.2430555555555556
2015-11-14 00:00:00 UTC,374,-90,263412470,1.4256944444444446
2015-11-14 00:00:00 UTC,630,76,257487700,0.54138888888888892
2015-11-14 00:00:00 UTC,630,-236,251047110,3.1123611111111114
2015-11-14 00:00:00 UTC,630,-238,251047110,1.9977777777777779
2015-11-14 00:00:00 UTC,630,-237,251047110,4.3261111111111115
2015-11-14 00:00:00 UTC,-394,1062,431602890,3.2279166666666668
2015-11-14 00:00:00 UTC,-138,-1239,440821000,3.3648611111111109
2015-11-14 00:00:00 UTC,-138,-1231,440821000,4.5144444444444449
2015-11-14 00:00:00 UTC,-138,-1232,440821000,1.423888888888889
2015-11-14 00:00:00 UTC,-138,-1233,440821000,1.3534722222222222
2015-11-14 00:00:00 UTC,-138,-1230,440821000,0.72805555555555557
2015-11-14 00:00:00 UTC,-138,-1189,431704330,1.34875
2015-11-14 00:00:00 UTC,-138,-1187,431704330,0.37361111111111112
2015-11-14 00:00:00 UTC,-138,-1243,440733000,4.6629166666666668
2015-11-14 00:00:00 UTC,-138,-1241,440604000,1.0319444444444446
2015-11-14 00:00:00 UTC,-138,-1213,432881000,1.6722222222222223
2015-11-14 00:00:00 UTC,-138,-1212,440731000,2.3884722222222221
2015-11-14 00:00:00 UTC,-138,-1214,432453000,1.3708333333333331
2015-11-14 00:00:00 UTC,-138,-1239,440612000,2.4009722222222223
2015-11-14 00:00:00 UTC,-138,1688,441219253,4.01
2015-11-14 00:00:00 UTC,-138,-1236,441825000,1.3863888888888889
2015-11-14 00:00:00 UTC,-138,-1235,441825000,1.2879166666666666
2015-11-14 00:00:00 UTC,-138,-1237,441825000,5.2181944444444452
2015-11-14 00:00:00 UTC,-138,418,441910000,5.0669444444444443
2015-11-14 00:00:00 UTC,-138,1724,412460286,2.06875
2015-11-14 00:00:00 UTC,-138,1723,412460286,6.1506944444444454
2015-11-14 00:00:00 UTC,119,-321,431700550,3.4376388888888889
2015-11-14 00:00:00 UTC,119,-325,431700550,1.713611111111111
2015-11-14 00:00:00 UTC,119,-323,431700550,2.0290277777777779
2015-11-14 00:00:00 UTC,119,-322,431700550,3.1870833333333333
2015-11-14 00:00:00 UTC,119,-324,431700550,3.1147222222222224
2015-11-14 00:00:00 UTC,119,-174,224387000,3.7215277777777778
2015-11-14 00:00:00 UTC,119,-173,247110330,15.626527777777781
2015-11-14 00:00:00 UTC,375,1216,412324617,1.1319444444444444
2015-11-14 00:00:00 UTC,375,1217,412324618,8.830277777777777
2015-11-14 00:00:00 UTC,375,1218,412324618,1.2715277777777776
2015-11-14 00:00:00 UTC,375,1216,412324618,10.540000000000001
2015-11-14 00:00:00 UTC,375,1218,412324619,1.3547222222222222
2015-11-14 00:00:00 UTC,375,1217,412324619,8.8990277777777784
2015-11-14 00:00:00 UTC,375,1216,412324619,8.9008333333333347
2015-11-14 00:00:00 UTC,375,1217,412324621,10.886250000000002
2015-11-14 00:00:00 UTC,375,1216,412324625,3.0173611111111116
2015-11-14 00:00:00 UTC,375,1217,412324625,2.8872222222222219
2015-11-14 00:00:00 UTC,375,1217,412324626,3.3144444444444443
2015-11-14 00:00:00 UTC,375,1216,412324626,3.0970833333333339
2015-11-14 00:00:00 UTC,375,1225,412007700,2.9147222222222222
2015-11-14 00:00:00 UTC,375,1216,412324629,0.4622222222222222
2015-11-14 00:00:00 UTC,375,1216,412324631,1.6822222222222223
2015-11-14 00:00:00 UTC,375,1214,412324381,0.726388888888889
2015-11-14 00:00:00 UTC,375,-178,224016930,1.8541666666666665
2015-11-14 00:00:00 UTC,375,1220,800037155,5.2681944444444442
2015-11-14 00:00:00 UTC,375,151,247142180,0.51458333333333328
2015-11-14 00:00:00 UTC,375,1221,412325417,8.2794444444444419
2015-11-14 00:00:00 UTC,375,1220,412325417,3.54375
2015-11-14 00:00:00 UTC,375,1221,412325423,6.958055555555557
2015-11-14 00:00:00 UTC,375,1220,412325423,10.810416666666669
2015-11-14 00:00:00 UTC,375,1222,412325423,0.15166666666666667
2015-11-14 00:00:00 UTC,375,1198,800038959,4.6247222222222213
2015-11-14 00:00:00 UTC,375,1199,800038959,2.0529166666666665
2015-11-14 00:00:00 UTC,375,1193,412323651,7.2333333333333334
2015-11-14 00:00:00 UTC,375,1215,412330821,6.0966666666666667
2015-11-14 00:00:00 UTC,375,245,237149000,4.2206944444444447
2015-11-14 00:00:00 UTC,375,-90,263500360,3.09
2015-11-14 00:00:00 UTC,375,1193,412328019,7.61125
2015-11-14 00:00:00 UTC,375,270,271072598,5.5970833333333312
2015-11-14 00:00:00 UTC,375,269,271072598,1.0868055555555556
2015-11-14 00:00:00 UTC,375,1220,412325462,1.0755555555555554
2015-11-14 00:00:00 UTC,375,1221,412325462,5.78375
2015-11-14 00:00:00 UTC,375,1221,412325463,3.5418055555555554
2015-11-14 00:00:00 UTC,375,1220,412325463,1.672361111111111
2015-11-14 00:00:00 UTC,375,1216,412326232,4.262083333333333
2015-11-14 00:00:00 UTC,375,1220,412325209,1.1420833333333333
2015-11-14 00:00:00 UTC,375,1221,412325209,3.0790277777777773
2015-11-14 00:00:00 UTC,375,1222,412325466,0.15833333333333333
2015-11-14 00:00:00 UTC,375,1221,412325466,9.3547222222222235
2015-11-14 00:00:00 UTC,375,1223,412325466,0.30347222222222225
2015-11-14 00:00:00 UTC,375,1220,412325466,3.4084722222222217
2015-11-14 00:00:00 UTC,375,1217,800036187,0.32458333333333333
2015-11-14 00:00:00 UTC,375,1218,800036187,2.6730555555555551
2015-11-14 00:00:00 UTC,375,1219,800036187,1.2154166666666666
2015-11-14 00:00:00 UTC,375,267,237852000,4.2269444444444444
2015-11-14 00:00:00 UTC,375,266,237852000,9.7661111111111119
2015-11-14 00:00:00 UTC,375,1216,412324192,0.125
2015-11-14 00:00:00 UTC,375,1223,412554083,0.92541666666666655
2015-11-14 00:00:00 UTC,375,1222,412554083,4.9368055555555559
2015-11-14 00:00:00 UTC,375,1220,412325477,4.0280555555555555
2015-11-14 00:00:00 UTC,375,1221,412325477,7.3504166666666659
2015-11-14 00:00:00 UTC,375,1193,412328037,0.9276388888888889
2015-11-14 00:00:00 UTC,375,1218,800036209,1.6205555555555557
2015-11-14 00:00:00 UTC,375,1219,800036209,1.4597222222222221
2015-11-14 00:00:00 UTC,375,1220,412329073,3.6751388888888887
2015-11-14 00:00:00 UTC,375,1221,412329073,6.7294444444444457
2015-11-14 00:00:00 UTC,375,1216,412324222,0.35930555555555554
2015-11-14 00:00:00 UTC,375,1198,800035969,0.26166666666666666
2015-11-14 00:00:00 UTC,375,1220,412331906,3.7368055555555557
2015-11-14 00:00:00 UTC,375,1219,412331906,14.316944444444445
2015-11-14 00:00:00 UTC,375,1214,413836172,0.16833333333333333
2015-11-14 00:00:00 UTC,375,-425,224099470,0.37513888888888891
2015-11-14 00:00:00 UTC,375,1223,412008078,6.8234722222222235
2015-11-14 00:00:00 UTC,375,1222,412008078,0.070694444444444449
2015-11-14 00:00:00 UTC,375,-393,224250000,0.35972222222222222
2015-11-14 00:00:00 UTC,375,-394,224250000,0.3725
2015-11-14 00:00:00 UTC,375,1222,412325525,0.64944444444444449
2015-11-14 00:00:00 UTC,375,1221,412325525,3.1794444444444441
2015-11-14 00:00:00 UTC,375,1220,412325525,1.0999999999999999
2015-11-14 00:00:00 UTC,375,1221,800029094,0.43291666666666667
2015-11-14 00:00:00 UTC,375,1219,800029094,1.5975000000000001
2015-11-14 00:00:00 UTC,375,1220,800029094,1.4915277777777778
2015-11-14 00:00:00 UTC,375,1221,412325549,4.1891666666666678
2015-11-14 00:00:00 UTC,375,1222,412325549,0.65791666666666671
2015-11-14 00:00:00 UTC,375,270,240238000,4.2529166666666667
2015-11-14 00:00:00 UTC,375,268,240238000,0.54027777777777786
2015-11-14 00:00:00 UTC,375,269,240238000,1.6259722222222222
2015-11-14 00:00:00 UTC,375,1191,412320181,10.064444444444444
2015-11-14 00:00:00 UTC,375,-155,263402680,0.74944444444444447
2015-11-14 00:00:00 UTC,375,1219,412325561,2.5808333333333335
2015-11-14 00:00:00 UTC,375,1221,412325561,5.574583333333333
2015-11-14 00:00:00 UTC,375,1220,412325561,7.6286111111111108
2015-11-14 00:00:00 UTC,375,1193,412323514,5.1559722222222231
2015-11-14 00:00:00 UTC,375,1222,412068028,1.6169444444444445
2015-11-14 00:00:00 UTC,375,1224,412068028,5.5166666666666675
2015-11-14 00:00:00 UTC,375,1223,412068028,12.857500000000003
2015-11-14 00:00:00 UTC,375,1223,800037057,7.41375
2015-11-14 00:00:00 UTC,375,1221,800037057,7.0531944444444443
2015-11-14 00:00:00 UTC,375,1217,412326594,2.3266666666666667
2015-11-14 00:00:00 UTC,375,1197,412323523,13.675972222222223
2015-11-14 00:00:00 UTC,375,1193,412326341,2.3826388888888888
2015-11-14 00:00:00 UTC,375,1221,412206796,14.656805555555556
2015-11-14 00:00:00 UTC,375,1220,412206796,4.3372222222222225
2015-11-14 00:00:00 UTC,375,1223,412888015,8.5351388888888913
2015-11-14 00:00:00 UTC,375,1222,412888015,0.59638888888888886
2015-11-14 00:00:00 UTC,375,1222,412327631,1.3468055555555556
2015-11-14 00:00:00 UTC,375,1220,412327631,5.013472222222223
2015-11-14 00:00:00 UTC,375,1221,412327631,8.82013888888889
2015-11-14 00:00:00 UTC,375,1214,412333522,0.65333333333333332
2015-11-14 00:00:00 UTC,375,1198,200010197,2.1297222222222225
2015-11-14 00:00:00 UTC,375,1193,800038360,3.0175
2015-11-14 00:00:00 UTC,375,1194,800038360,1.3120833333333333
2015-11-14 00:00:00 UTC,375,1218,800037085,0.70930555555555563
2015-11-14 00:00:00 UTC,375,1193,412328673,14.508611111111112
2015-11-14 00:00:00 UTC,375,1220,412327651,6.1255555555555548
2015-11-14 00:00:00 UTC,375,1219,412327651,2.5384722222222225
2015-11-14 00:00:00 UTC,375,1221,412327651,14.041944444444445
2015-11-14 00:00:00 UTC,375,1225,412213735,19.325
2015-11-14 00:00:00 UTC,375,-91,263265000,2.3191666666666668
2015-11-14 00:00:00 UTC,375,1223,412586986,19.410972222222227
2015-11-14 00:00:00 UTC,375,1222,412586986,1.4672222222222222
2015-11-14 00:00:00 UTC,375,-92,263412470,0.39916666666666667
2015-11-14 00:00:00 UTC,375,1486,416000246,1.5940277777777778
2015-11-14 00:00:00 UTC,375,1224,412285686,3.5740277777777778
2015-11-14 00:00:00 UTC,375,1223,412285686,10.148194444444448
2015-11-14 00:00:00 UTC,375,1222,412285686,0.925138888888889
2015-11-14 00:00:00 UTC,375,151,247141630,1.0976388888888888
2015-11-14 00:00:00 UTC,375,1220,412286718,1.1794444444444445
2015-11-14 00:00:00 UTC,375,1221,412286718,1.2922222222222224
2015-11-14 00:00:00 UTC,631,-236,251047110,2.4573611111111111
2015-11-14 00:00:00 UTC,631,-234,251047110,0.77777777777777779
2015-11-14 00:00:00 UTC,631,-235,251047110,3.2890277777777772
2015-11-14 00:00:00 UTC,631,-233,251047110,0.81513888888888886
2015-11-14 00:00:00 UTC,-393,-559,770576065,0.81208333333333327
2015-11-14 00:00:00 UTC,-393,1062,431602890,0.82347222222222227
2015-11-14 00:00:00 UTC,-137,-1232,440821000,0.6054166666666666
2015-11-14 00:00:00 UTC,-137,-1231,440821000,0.62513888888888891
2015-11-14 00:00:00 UTC,-137,-1233,440821000,0.66541666666666666
2015-11-14 00:00:00 UTC,-137,-1230,440821000,0.95180555555555546
2015-11-14 00:00:00 UTC,-137,-1234,440821000,2.3079166666666668
2015-11-14 00:00:00 UTC,-137,-1189,431704330,1.673888888888889
2015-11-14 00:00:00 UTC,-137,-1187,431704330,1.1333333333333333
2015-11-14 00:00:00 UTC,-137,-1743,518676000,4.721111111111111
2015-11-14 00:00:00 UTC,-137,-1744,518676000,1.2379166666666666
2015-11-14 00:00:00 UTC,-137,-1737,529278000,5.5356944444444443
2015-11-14 00:00:00 UTC,-137,1689,412328755,4.0386111111111109
2015-11-14 00:00:00 UTC,-137,-1243,440733000,1.2880555555555557
2015-11-14 00:00:00 UTC,-137,-1234,440786000,4.6786111111111115
2015-11-14 00:00:00 UTC,-137,-1236,440786000,1.3902777777777779
2015-11-14 00:00:00 UTC,-137,-1235,440786000,1.2933333333333334
2015-11-14 00:00:00 UTC,-137,-1237,440786000,5.2179166666666665
2015-11-14 00:00:00 UTC,-137,-1241,440604000,3.4168055555555554
2015-11-14 00:00:00 UTC,-137,573,567000445,5.6748611111111114
2015-11-14 00:00:00 UTC,-137,574,567000445,3.6120833333333335
2015-11-14 00:00:00 UTC,-137,-1215,432453000,1.6699999999999997
2015-11-14 00:00:00 UTC,-137,-1228,440612000,1.5677777777777777
2015-11-14 00:00:00 UTC,-137,-1227,440612000,0.85611111111111116
2015-11-14 00:00:00 UTC,-137,1687,441219253,1.4315277777777777
2015-11-14 00:00:00 UTC,-137,417,441910000,2.3747222222222222
2015-11-14 00:00:00 UTC,-137,418,441910000,1.7580555555555555
2015-11-14 00:00:00 UTC,-137,416,441910000,0.83916666666666662
2015-11-14 00:00:00 UTC,-137,1721,412460286,4.396527777777778
2015-11-14 00:00:00 UTC,376,1220,800036352,5.0834722222222215
2015-11-14 00:00:00 UTC,376,1220,800037121,3.2231944444444447
2015-11-14 00:00:00 UTC,376,1216,412005121,0.75597222222222216
2015-11-14 00:00:00 UTC,376,1217,412005121,2.567361111111111
2015-11-14 00:00:00 UTC,376,1219,412005121,2.0773611111111108
2015-11-14 00:00:00 UTC,376,1220,412005121,0.26694444444444443
2015-11-14 00:00:00 UTC,376,1219,412235780,5.081666666666667
2015-11-14 00:00:00 UTC,376,1218,412235780,9.963055555555556
2015-11-14 00:00:00 UTC,376,1216,412235780,1.6008333333333329
2015-11-14 00:00:00 UTC,376,1215,412324615,3.6823611111111112
2015-11-14 00:00:00 UTC,376,1216,412324615,1.1543055555555555
2015-11-14 00:00:00 UTC,376,1220,412000519,3.4983333333333335
2015-11-14 00:00:00 UTC,376,1221,412000519,1.1504166666666666
2015-11-14 00:00:00 UTC,376,1216,412324617,7.0904166666666661
2015-11-14 00:00:00 UTC,376,1215,412324618,0.1175
2015-11-14 00:00:00 UTC,376,1216,412324618,2.0373611111111112
2015-11-14 00:00:00 UTC,376,1216,412324619,2.6630555555555553
2015-11-14 00:00:00 UTC,376,1215,412324622,0.5788888888888889
2015-11-14 00:00:00 UTC,376,1216,412324622,8.492916666666666
2015-11-14 00:00:00 UTC,376,1217,412324623,0.32513888888888887
2015-11-14 00:00:00 UTC,376,1217,412324624,0.37083333333333335
2015-11-14 00:00:00 UTC,376,1215,412324625,1.2920833333333335
2015-11-14 00:00:00 UTC,376,1217,412324625,0.28333333333333333
2015-11-14 00:00:00 UTC,376,1216,412324625,16.509861111111107
2015-11-14 00:00:00 UTC,376,1217,412324626,0.27055555555555555
2015-11-14 00:00:00 UTC,376,1216,412324626,16.25847222222222
2015-11-14 00:00:00 UTC,376,1215,412324626,1.1718055555555555
2015-11-14 00:00:00 UTC,376,1216,412324628,0.455
2015-11-14 00:00:00 UTC,376,1215,412324629,6.1758333333333333
2015-11-14 00:00:00 UTC,376,1216,412324629,4.0962499999999995
2015-11-14 00:00:00 UTC,376,1215,412324631,6.9559722222222238
2015-11-14 00:00:00 UTC,376,1216,412324631,3.8344444444444439
2015-11-14 00:00:00 UTC,376,1220,800019483,0.71
2015-11-14 00:00:00 UTC,376,1214,412324381,0.37305555555555558
2015-11-14 00:00:00 UTC,376,1213,412324127,1.2038888888888888
2015-11-14 00:00:00 UTC,376,1215,412324127,0.42874999999999996
2015-11-14 00:00:00 UTC,376,1212,412324127,0.4538888888888889
2015-11-14 00:00:00 UTC,376,1214,412324127,0.38430555555555557
2015-11-14 00:00:00 UTC,376,1214,412324128,0.22027777777777779
2015-11-14 00:00:00 UTC,376,1215,412324128,0.2747222222222222
2015-11-14 00:00:00 UTC,376,1213,412324128,1.3688888888888888
2015-11-14 00:00:00 UTC,376,1212,412324128,0.28333333333333333
2015-11-14 00:00:00 UTC,376,1216,412324131,2.4854166666666666
2015-11-14 00:00:00 UTC,376,1215,412324131,1.5472222222222221
2015-11-14 00:00:00 UTC,376,1220,412324387,5.0454166666666662
2015-11-14 00:00:00 UTC,376,1216,412324387,0.15388888888888888
2015-11-14 00:00:00 UTC,376,1218,412324643,0.20472222222222222
2015-11-14 00:00:00 UTC,376,1214,412324138,0.30027777777777775
2015-11-14 00:00:00 UTC,376,1216,412324138,0.62666666666666659
2015-11-14 00:00:00 UTC,376,1215,412324138,1.4118055555555555
2015-11-14 00:00:00 UTC,376,1216,412324139,0.67999999999999994
2015-11-14 00:00:00 UTC,376,1215,412324139,1.6343055555555555
2015-11-14 00:00:00 UTC,376,1216,412330795,1.3099999999999998
2015-11-14 00:00:00 UTC,376,1212,800044331,4.0093055555555557
2015-11-14 00:00:00 UTC,376,1217,412325166,3.4690277777777778
2015-11-14 00:00:00 UTC,376,1216,412325166,0.91250000000000009
2015-11-14 00:00:00 UTC,376,1220,412325423,0.62888888888888883
2015-11-14 00:00:00 UTC,376,1214,412324148,0.2038888888888889
2015-11-14 00:00:00 UTC,376,1213,412314167,5.3059722222222216
2015-11-14 00:00:00 UTC,376,1215,412314167,2.5475000000000003
2015-11-14 00:00:00 UTC,376,1214,412314167,5.7863888888888875
2015-11-14 00:00:00 UTC,376,1218,415046205,1.6466666666666667
2015-11-14 00:00:00 UTC,376,1219,415046205,1.2745833333333332
2015-11-14 00:00:00 UTC,376,1217,415046205,1.685
2015-11-14 00:00:00 UTC,376,1216,415046205,1.0113888888888891
2015-11-14 00:00:00 UTC,376,1222,800044094,0.35902777777777778
2015-11-14 00:00:00 UTC,376,1193,412323651,1.8944444444444444
2015-11-14 00:00:00 UTC,376,1215,412324164,3.1336111111111116
2015-11-14 00:00:00 UTC,376,1216,412324164,0.17777777777777776
2015-11-14 00:00:00 UTC,376,1214,412324164,2.2502777777777778
2015-11-14 00:00:00 UTC,376,1216,412324168,2
2015-11-14 00:00:00 UTC,376,1215,412324168,2.0531944444444443
2015-11-14 00:00:00 UTC,376,1214,412324168,2.2216666666666667
2015-11-14 00:00:00 UTC,376,1213,412324168,2.8715277777777777
2015-11-14 00:00:00 UTC,376,245,237149000,2.5538888888888893
2015-11-14 00:00:00 UTC,376,1212,412324169,1.9158333333333335
2015-11-14 00:00:00 UTC,376,1213,412324169,5.4624999999999995
2015-11-14 00:00:00 UTC,376,1214,412324169,2.4306944444444438
2015-11-14 00:00:00 UTC,376,1213,412324171,5.1030555555555548
2015-11-14 00:00:00 UTC,376,1214,412324171,2.4544444444444449
2015-11-14 00:00:00 UTC,376,1212,412324171,1.7679166666666666
2015-11-14 00:00:00 UTC,376,1215,412324181,0.49958333333333332
2015-11-14 00:00:00 UTC,376,269,271072598,3.4544444444444449
2015-11-14 00:00:00 UTC,376,270,271072598,2.1966666666666663
2015-11-14 00:00:00 UTC,376,1221,412325462,1.4256944444444444
2015-11-14 00:00:00 UTC,376,1218,800032088,5.4834722222222219
2015-11-14 00:00:00 UTC,376,1220,800032088,2.4945833333333334
2015-11-14 00:00:00 UTC,376,1217,800032088,2.7238888888888888
2015-11-14 00:00:00 UTC,376,1216,412326232,11.19222222222222
2015-11-14 00:00:00 UTC,376,1215,412324185,0.76055555555555565
2015-11-14 00:00:00 UTC,376,1216,412324185,2.692361111111111
2015-11-14 00:00:00 UTC,376,1220,412325209,7.7191666666666663
2015-11-14 00:00:00 UTC,376,1215,412324186,0.1388888888888889
2015-11-14 00:00:00 UTC,376,1219,800036187,1.5998611111111112
2015-11-14 00:00:00 UTC,376,1220,800036187,2.5911111111111111
2015-11-14 00:00:00 UTC,376,1218,800036187,2.05375
2015-11-14 00:00:00 UTC,376,1220,800024414,3.1947222222222225
2015-11-14 00:00:00 UTC,376,1216,412324192,0.91361111111111115
2015-11-14 00:00:00 UTC,376,1215,412324192,2.1816666666666662
2015-11-14 00:00:00 UTC,376,1215,412324194,0.31402777777777779
2015-11-14 00:00:00 UTC,376,1214,412324194,0.45263888888888892
2015-11-14 00:00:00 UTC,376,1215,412324195,0.59138888888888885
2015-11-14 00:00:00 UTC,376,1214,412324195,0.94611111111111112
2015-11-14 00:00:00 UTC,376,1213,412324197,0.69944444444444442
2015-11-14 00:00:00 UTC,376,1215,412324197,0.37111111111111111
2015-11-14 00:00:00 UTC,376,1214,412324197,2.5345833333333339
2015-11-14 00:00:00 UTC,376,1193,412328037,9.2354166666666675
2015-11-14 00:00:00 UTC,376,1216,412324203,3.2719444444444443
2015-11-14 00:00:00 UTC,376,1215,412324203,1.2915277777777776
2015-11-14 00:00:00 UTC,376,1215,412324204,3.6494444444444447
2015-11-14 00:00:00 UTC,376,1216,412324204,3.0455555555555556
2015-11-14 00:00:00 UTC,376,1215,412324207,0.81986111111111115
2015-11-14 00:00:00 UTC,376,1216,412324207,3.4220833333333331
2015-11-14 00:00:00 UTC,376,1215,412324208,0.81541666666666679
2015-11-14 00:00:00 UTC,376,1216,412324208,3.5612500000000002
2015-11-14 00:00:00 UTC,376,1216,412324209,2.1379166666666669
2015-11-14 00:00:00 UTC,376,1215,412324209,1.857777777777778
2015-11-14 00:00:00 UTC,376,1220,800036209,6.36625
2015-11-14 00:00:00 UTC,376,1220,412329073,1.9568055555555557
2015-11-14 00:00:00 UTC,376,1215,412324211,1.2370833333333333
2015-11-14 00:00:00 UTC,376,1216,412324211,2.2213888888888889
2015-11-14 00:00:00 UTC,376,1224,412213365,0.70500000000000007
2015-11-14 00:00:00 UTC,376,1214,412324216,0.6119444444444444
2015-11-14 00:00:00 UTC,376,1215,412324216,0.68027777777777776
2015-11-14 00:00:00 UTC,376,1222,800031353,0.67375
2015-11-14 00:00:00 UTC,376,1214,412324217,0.6216666666666667
2015-11-14 00:00:00 UTC,376,1215,412324217,0.53722222222222227
2015-11-14 00:00:00 UTC,376,1214,412324218,0.97319444444444447
2015-11-14 00:00:00 UTC,376,1214,412324219,0.46666666666666673
2015-11-14 00:00:00 UTC,376,1215,412324219,1.3213888888888889
2015-11-14 00:00:00 UTC,376,1216,412324219,2.1311111111111112
2015-11-14 00:00:00 UTC,376,1219,800044667,4.9279166666666665
2015-11-14 00:00:00 UTC,376,1221,800044667,0.74375
2015-11-14 00:00:00 UTC,376,1218,800044667,1.16875
2015-11-14 00:00:00 UTC,376,1220,800044667,2.5568055555555556
2015-11-14 00:00:00 UTC,376,1216,412324222,2.3495833333333334
2015-11-14 00:00:00 UTC,376,1215,412324222,0.35374999999999995
2015-11-14 00:00:00 UTC,376,1218,800036736,2.5083333333333333
2015-11-14 00:00:00 UTC,376,1217,800036736,1.795
2015-11-14 00:00:00 UTC,376,1220,800034691,5.298055555555556
2015-11-14 00:00:00 UTC,376,1222,412325763,6.8712500000000007
2015-11-14 00:00:00 UTC,376,-172,263407240,3.9288888888888889
2015-11-14 00:00:00 UTC,376,-165,263407240,3.140138888888889
2015-11-14 00:00:00 UTC,376,1221,800031368,0.83486111111111116
2015-11-14 00:00:00 UTC,376,1220,800031368,3.0030555555555556
2015-11-14 00:00:00 UTC,376,1219,800031368,2.3088888888888892
2015-11-14 00:00:00 UTC,376,1215,139766666,0.585
2015-11-14 00:00:00 UTC,376,1216,412324492,0.78986111111111112
2015-11-14 00:00:00 UTC,376,1217,412324492,1.5937499999999998
2015-11-14 00:00:00 UTC,376,1214,413836172,1.1516666666666666
2015-11-14 00:00:00 UTC,376,1215,413836172,3.118611111111111
2015-11-14 00:00:00 UTC,376,1213,800053388,2.025
2015-11-14 00:00:00 UTC,376,1212,800053388,1.1005555555555557
2015-11-14 00:00:00 UTC,376,-425,224099470,1.833333333333333
2015-11-14 00:00:00 UTC,376,-426,224099470,1.22625
2015-11-14 00:00:00 UTC,376,-420,224099470,1.9238888888888888
2015-11-14 00:00:00 UTC,376,-422,224099470,1.7990277777777777
2015-11-14 00:00:00 UTC,376,-424,224099470,1.36375
2015-11-14 00:00:00 UTC,376,-394,224250000,0.67736111111111108
2015-11-14 00:00:00 UTC,376,-395,224250000,1.3972222222222224
2015-11-14 00:00:00 UTC,376,1221,412325525,15.808055555555558
2015-11-14 00:00:00 UTC,376,1220,412325525,2.0768055555555556
2015-11-14 00:00:00 UTC,376,1222,412325525,0.94861111111111107
2015-11-14 00:00:00 UTC,376,1218,800044441,1.5944444444444446
2015-11-14 00:00:00 UTC,376,1217,800044441,1.641388888888889
2015-11-14 00:00:00 UTC,376,1219,800044441,1.4412500000000001
2015-11-14 00:00:00 UTC,376,1220,800044441,7.1823611111111108
2015-11-14 00:00:00 UTC,376,1219,800029094,0.83805555555555555
2015-11-14 00:00:00 UTC,376,1221,800029094,1.8122222222222222
2015-11-14 00:00:00 UTC,376,1220,800029094,2.1672222222222222
2015-11-14 00:00:00 UTC,376,1214,412025259,0.092222222222222219
2015-11-14 00:00:00 UTC,376,1216,412025259,0.82583333333333342
2015-11-14 00:00:00 UTC,376,1215,412025259,4.3547222222222226
2015-11-14 00:00:00 UTC,376,1216,412328619,1.1419444444444444
2015-11-14 00:00:00 UTC,376,1217,412328619,0.67472222222222222
2015-11-14 00:00:00 UTC,376,1221,412325549,9.7136111111111116
2015-11-14 00:00:00 UTC,376,1222,412325549,0.68277777777777771
2015-11-14 00:00:00 UTC,376,1220,412325549,2.921666666666666
2015-11-14 00:00:00 UTC,376,1217,412328623,3.658611111111111
2015-11-14 00:00:00 UTC,376,1216,412328623,0.78333333333333333
2015-11-14 00:00:00 UTC,376,1220,412324532,2.2743055555555558
2015-11-14 00:00:00 UTC,376,1217,412324532,3.2422222222222219
2015-11-14 00:00:00 UTC,376,1216,412324532,0.26666666666666666
2015-11-14 00:00:00 UTC,376,1193,412323514,4.8830555555555559
2015-11-14 00:00:00 UTC,376,1214,412333504,0.94652777777777786
2015-11-14 00:00:00 UTC,376,1215,412333504,0.7269444444444445
2015-11-14 00:00:00 UTC,376,1223,800037057,3.6709722222222223
2015-11-14 00:00:00 UTC,376,1222,800037057,5.4606944444444441
2015-11-14 00:00:00 UTC,376,1215,412333505,0.12555555555555556
2015-11-14 00:00:00 UTC,376,1214,412333505,2.8040277777777782
2015-11-14 00:00:00 UTC,376,1213,412333505,0.61208333333333331
2015-11-14 00:00:00 UTC,376,1217,412326594,10.472083333333332
2015-11-14 00:00:00 UTC,376,1216,412326594,0.46361111111111108
2015-11-14 00:00:00 UTC,376,1217,412324554,2.7208333333333332
2015-11-14 00:00:00 UTC,376,1216,412324554,1.06625
2015-11-14 00:00:00 UTC,376,1220,412324554,2.0963888888888889
2015-11-14 00:00:00 UTC,376,1216,800016331,3.0894444444444442
2015-11-14 00:00:00 UTC,376,1217,800016331,0.71652777777777776
2015-11-14 00:00:00 UTC,376,1220,412324558,2.8874999999999997
2015-11-14 00:00:00 UTC,376,1217,412324558,3.2455555555555553
2015-11-14 00:00:00 UTC,376,1220,412327631,3.5398611111111111
2015-11-14 00:00:00 UTC,376,1221,412327631,0.97583333333333333
2015-11-14 00:00:00 UTC,376,1222,412327631,0.44958333333333333
2015-11-14 00:00:00 UTC,376,233,237570000,1.1206944444444444
2015-11-14 00:00:00 UTC,376,234,237570000,8.9511111111111124
2015-11-14 00:00:00 UTC,376,1214,412333521,0.41333333333333333
2015-11-14 00:00:00 UTC,376,1215,412330962,1.1856944444444444
2015-11-14 00:00:00 UTC,376,1216,412330962,1.6449999999999998
2015-11-14 00:00:00 UTC,376,1214,412333522,1.4074999999999998
2015-11-14 00:00:00 UTC,376,1215,412333522,2.0641666666666665
2015-11-14 00:00:00 UTC,376,1220,412324564,0.20180555555555554
2015-11-14 00:00:00 UTC,376,1216,412330964,0.80152777777777773
2015-11-14 00:00:00 UTC,376,1193,800038360,11.409305555555559
2015-11-14 00:00:00 UTC,376,1219,800037085,1.838888888888889
2015-11-14 00:00:00 UTC,376,1218,800037085,1.1688888888888891
2015-11-14 00:00:00 UTC,376,1220,800037085,5.6725
2015-11-14 00:00:00 UTC,376,1221,800037085,0.3925
2015-11-14 00:00:00 UTC,376,1193,412328673,0.41847222222222225
2015-11-14 00:00:00 UTC,376,1220,412327651,0.64458333333333329
2015-11-14 00:00:00 UTC,376,1224,800040163,4.86875
2015-11-14 00:00:00 UTC,376,1222,412324842,1.9344444444444446
2015-11-14 00:00:00 UTC,376,1215,412323822,1.1277777777777778
2015-11-14 00:00:00 UTC,376,1217,412324593,2.0544444444444445
2015-11-14 00:00:00 UTC,376,1216,412324593,0.2623611111111111
2015-11-14 00:00:00 UTC,376,1220,412324593,1.5658333333333334
2015-11-14 00:00:00 UTC,376,1218,412324593,1.9279166666666665
2015-11-14 00:00:00 UTC,376,1219,412382195,10.920555555555556
2015-11-14 00:00:00 UTC,376,-92,263412470,0.91486111111111112
2015-11-14 00:00:00 UTC,376,-93,263412470,1.0679166666666668
2015-11-14 00:00:00 UTC,376,1222,412285686,0.125
2015-11-14 00:00:00 UTC,376,151,247141630,1.1218055555555555
2015-11-14 00:00:00 UTC,376,1220,412286718,4.8363888888888891
2015-11-14 00:00:00 UTC,632,-202,251031110,4.1379166666666656
2015-11-14 00:00:00 UTC,632,-189,251228000,0.47833333333333328
2015-11-14 00:00:00 UTC,632,-231,251050110,0.78861111111111115
2015-11-14 00:00:00 UTC,632,-230,251050110,1.1927777777777777
2015-11-14 00:00:00 UTC,632,-202,251251110,6.7962500000000006
2015-11-14 00:00:00 UTC,632,-187,251048110,8.1440277777777759
2015-11-14 00:00:00 UTC,632,-188,251048110,7.774583333333335
2015-11-14 00:00:00 UTC,632,-189,251048110,2.6175
2015-11-14 00:00:00 UTC,632,-186,251048110,1.4236111111111112
2015-11-14 00:00:00 UTC,632,-233,251047110,0.53291666666666671
2015-11-14 00:00:00 UTC,632,84,257000910,1.0304166666666668
2015-11-14 00:00:00 UTC,-392,1062,431602890,0.8288888888888889
2015-11-14 00:00:00 UTC,-136,-1189,431704330,2.6470833333333328
2015-11-14 00:00:00 UTC,-136,1685,441201181,6.04875
2015-11-14 00:00:00 UTC,-136,-1743,518676000,2.1879166666666667
2015-11-14 00:00:00 UTC,-136,1688,412328755,1.9716666666666667
2015-11-14 00:00:00 UTC,-136,-1243,440733000,1.380972222222222
2015-11-14 00:00:00 UTC,-136,-1213,432881000,2.63875
2015-11-14 00:00:00 UTC,-136,574,567000445,3.0275000000000003
2015-11-14 00:00:00 UTC,-136,-1215,432453000,2.638611111111111
2015-11-14 00:00:00 UTC,-136,1687,441219253,2.0640277777777776
2015-11-14 00:00:00 UTC,-136,-1445,546012900,5.9608333333333334
2015-11-14 00:00:00 UTC,-136,-1239,440641000,1.7858333333333332
2015-11-14 00:00:00 UTC,121,-313,431700550,1.7102777777777776
2015-11-14 00:00:00 UTC,121,-311,431700550,3.0273611111111109
2015-11-14 00:00:00 UTC,121,-172,412202673,1.7747222222222223
2015-11-14 00:00:00 UTC,377,1217,412005121,5.0152777777777775
2015-11-14 00:00:00 UTC,377,1213,412324098,4.77361111111111
2015-11-14 00:00:00 UTC,377,1214,412235780,3.6269444444444443
2015-11-14 00:00:00 UTC,377,1215,412324615,2.0490277777777774
2015-11-14 00:00:00 UTC,377,1219,800036875,11.315972222222221
2015-11-14 00:00:00 UTC,377,1212,412324108,6.4863888888888885
2015-11-14 00:00:00 UTC,377,1214,412324622,0.70486111111111116
2015-11-14 00:00:00 UTC,377,1216,412324622,12.800833333333333
2015-11-14 00:00:00 UTC,377,1215,412324622,3.3906944444444442
2015-11-14 00:00:00 UTC,377,1215,412324629,1.8880555555555554
2015-11-14 00:00:00 UTC,377,1215,412324631,2.1501388888888888
2015-11-14 00:00:00 UTC,377,1217,800019483,3.7981944444444444
2015-11-14 00:00:00 UTC,377,1218,800019483,2.9147222222222222
2015-11-14 00:00:00 UTC,377,1220,800019483,1.4152777777777776
2015-11-14 00:00:00 UTC,377,1216,800019483,2.3691666666666666
2015-11-14 00:00:00 UTC,377,1214,412324891,1.7122222222222221
2015-11-14 00:00:00 UTC,377,1215,412324891,1.7958333333333334
2015-11-14 00:00:00 UTC,377,1216,412324891,3.7752777777777773
2015-11-14 00:00:00 UTC,377,1219,412362525,3.8002777777777781
2015-11-14 00:00:00 UTC,377,1216,412324381,3.6683333333333339
2015-11-14 00:00:00 UTC,377,1215,412324381,5.2636111111111106
2015-11-14 00:00:00 UTC,377,1214,412324381,1.4091666666666667
2015-11-14 00:00:00 UTC,377,1216,412325149,11.658333333333331
2015-11-14 00:00:00 UTC,377,1216,412324126,12.489444444444445
2015-11-14 00:00:00 UTC,377,1214,412324126,2.5649999999999995
2015-11-14 00:00:00 UTC,377,1212,412324127,1.548472222222222
2015-11-14 00:00:00 UTC,377,1215,412324127,4.4090277777777782
2015-11-14 00:00:00 UTC,377,1214,412324127,2.0461111111111112
2015-11-14 00:00:00 UTC,377,1214,412324128,2.3933333333333331
2015-11-14 00:00:00 UTC,377,1212,412324128,0.85944444444444446
2015-11-14 00:00:00 UTC,377,1215,412324128,4.3491666666666662
2015-11-14 00:00:00 UTC,377,-181,224016930,1.7488888888888889
2015-11-14 00:00:00 UTC,377,1216,412327714,24.411805555555556
2015-11-14 00:00:00 UTC,377,1219,800006435,2.4820833333333332
2015-11-14 00:00:00 UTC,377,1218,412332323,0.81486111111111115
2015-11-14 00:00:00 UTC,377,1217,412332323,3.4833333333333334
2015-11-14 00:00:00 UTC,377,152,247142180,0.78652777777777771
2015-11-14 00:00:00 UTC,377,1216,412009511,5.4606944444444441
2015-11-14 00:00:00 UTC,377,1215,412009511,4.4745833333333325
2015-11-14 00:00:00 UTC,377,1213,412324138,0.9308333333333334
2015-11-14 00:00:00 UTC,377,1214,412324138,1.9831944444444443
2015-11-14 00:00:00 UTC,377,1215,412324138,4.8922222222222231
2015-11-14 00:00:00 UTC,377,1216,412324138,1.9322222222222223
2015-11-14 00:00:00 UTC,377,1213,412324139,0.84513888888888888
2015-11-14 00:00:00 UTC,377,1216,412324139,2.1673611111111111
2015-11-14 00:00:00 UTC,377,1214,412324139,2.1243055555555559
2015-11-14 00:00:00 UTC,377,1215,412324139,4.4155555555555557
2015-11-14 00:00:00 UTC,377,1215,412330795,1.6269444444444445
2015-11-14 00:00:00 UTC,377,1216,412330795,0.66472222222222221
2015-11-14 00:00:00 UTC,377,1212,800044331,1.1729166666666666
2015-11-14 00:00:00 UTC,377,1212,412324141,4.20875
2015-11-14 00:00:00 UTC,377,1222,412324397,3.1104166666666666
2015-11-14 00:00:00 UTC,377,1214,412324142,0.40847222222222224
2015-11-14 00:00:00 UTC,377,1213,412324142,0.72888888888888892
2015-11-14 00:00:00 UTC,377,1212,412324142,4.2034722222222225
2015-11-14 00:00:00 UTC,377,1215,412324147,8.5144444444444449
2015-11-14 00:00:00 UTC,377,1216,412324147,0.65416666666666656
2015-11-14 00:00:00 UTC,377,1214,412324147,3.1594444444444445
2015-11-14 00:00:00 UTC,377,1214,412324148,3.1776388888888896
2015-11-14 00:00:00 UTC,377,1216,412324148,0.47847222222222219
2015-11-14 00:00:00 UTC,377,1215,412324148,8.26388888888889
2015-11-14 00:00:00 UTC,377,1213,412324149,1.3651388888888889
2015-11-14 00:00:00 UTC,377,1212,412324149,1.1469444444444443
2015-11-14 00:00:00 UTC,377,1214,412324149,3.3031944444444439
2015-11-14 00:00:00 UTC,377,1211,412324149,1.2309722222222221
2015-11-14 00:00:00 UTC,377,1215,412324149,4.030555555555555
2015-11-14 00:00:00 UTC,377,1214,412314167,0.89597222222222228
2015-11-14 00:00:00 UTC,377,1215,412324152,7.055416666666666
2015-11-14 00:00:00 UTC,377,1214,412324152,3.9895833333333339
2015-11-14 00:00:00 UTC,377,1214,412324153,4.1852777777777774
2015-11-14 00:00:00 UTC,377,1215,412324153,6.3922222222222222
2015-11-14 00:00:00 UTC,377,1211,412324158,1.1341666666666668
2015-11-14 00:00:00 UTC,377,1213,412324158,2.4501388888888886
2015-11-14 00:00:00 UTC,377,1212,412324158,8.3502777777777784
2015-11-14 00:00:00 UTC,377,1221,800044094,1.767638888888889
2015-11-14 00:00:00 UTC,377,1219,800044094,2.0613888888888887
2015-11-14 00:00:00 UTC,377,1220,800044094,4.6744444444444451
2015-11-14 00:00:00 UTC,377,1211,412324159,0.658611111111111
2015-11-14 00:00:00 UTC,377,1212,412324159,8.6369444444444454
2015-11-14 00:00:00 UTC,377,1213,412324159,2.5094444444444441
2015-11-14 00:00:00 UTC,377,1215,412324164,4.1501388888888888
2015-11-14 00:00:00 UTC,377,1213,412324164,1.2713888888888889
2015-11-14 00:00:00 UTC,377,1214,412324164,1.0583333333333333
2015-11-14 00:00:00 UTC,377,1216,412324164,2.2054166666666668
2015-11-14 00:00:00 UTC,377,1214,412324168,0.89930555555555558
2015-11-14 00:00:00 UTC,377,243,237149000,3.1686111111111117
2015-11-14 00:00:00 UTC,377,244,237149000,0.90402777777777765
2015-11-14 00:00:00 UTC,377,242,237149000,0.76374999999999993
2015-11-14 00:00:00 UTC,377,232,237565000,11.259305555555555
2015-11-14 00:00:00 UTC,377,233,237565000,0.15666666666666668
2015-11-14 00:00:00 UTC,377,1212,412324169,3.1775
2015-11-14 00:00:00 UTC,377,1216,110706763,2.0779166666666669
2015-11-14 00:00:00 UTC,377,1211,412324171,5.8002777777777776
2015-11-14 00:00:00 UTC,377,1212,412324171,6.7273611111111125
2015-11-14 00:00:00 UTC,377,1223,800031309,11.795694444444445
2015-11-14 00:00:00 UTC,377,1224,800031309,1.1477777777777778
2015-11-14 00:00:00 UTC,377,1217,800044109,1.9105555555555553
2015-11-14 00:00:00 UTC,377,1218,800044109,2.3525
2015-11-14 00:00:00 UTC,377,1216,412324174,3.8997222222222221
2015-11-14 00:00:00 UTC,377,1214,412324174,1.058472222222222
2015-11-14 00:00:00 UTC,377,1215,412324174,1.2291666666666665
2015-11-14 00:00:00 UTC,377,1215,412324175,1.1456944444444446
2015-11-14 00:00:00 UTC,377,1214,412324175,1.0547222222222223
2015-11-14 00:00:00 UTC,377,1216,412324175,3.9668055555555553
2015-11-14 00:00:00 UTC,377,232,237554000,3.0656944444444445
2015-11-14 00:00:00 UTC,377,1215,412324178,2.3513888888888892
2015-11-14 00:00:00 UTC,377,1216,412324178,2.796388888888889
2015-11-14 00:00:00 UTC,377,1212,412211538,0.98291666666666666
2015-11-14 00:00:00 UTC,377,1214,412211538,0.27013888888888893
2015-11-14 00:00:00 UTC,377,1215,412324179,2.2611111111111111
2015-11-14 00:00:00 UTC,377,1216,412324179,2.637777777777778
2015-11-14 00:00:00 UTC,377,1220,800036179,1.893888888888889
2015-11-14 00:00:00 UTC,377,1219,800036179,2.5169444444444444
2015-11-14 00:00:00 UTC,377,1221,800036179,1.435138888888889
2015-11-14 00:00:00 UTC,377,1221,800025684,3.3351388888888884
2015-11-14 00:00:00 UTC,377,1222,800025684,2.010416666666667
2015-11-14 00:00:00 UTC,377,1214,412324181,1.8073611111111112
2015-11-14 00:00:00 UTC,377,1215,412324181,3.237222222222222
2015-11-14 00:00:00 UTC,377,1213,412324181,0.98444444444444446
2015-11-14 00:00:00 UTC,377,1212,412324181,2.0754166666666669
2015-11-14 00:00:00 UTC,377,1216,412330838,2.3309722222222224
2015-11-14 00:00:00 UTC,377,1215,412330838,4.89486111111111
2015-11-14 00:00:00 UTC,377,1217,412330838,2.9020833333333331
2015-11-14 00:00:00 UTC,377,1212,412324183,1.5162499999999999
2015-11-14 00:00:00 UTC,377,1215,412324183,3.8625000000000007
2015-11-14 00:00:00 UTC,377,1216,412324183,1.8738888888888887
2015-11-14 00:00:00 UTC,377,1214,412324183,1.4220833333333334
2015-11-14 00:00:00 UTC,377,1213,412324183,0.59986111111111107
2015-11-14 00:00:00 UTC,377,1213,412324184,0.84888888888888892
2015-11-14 00:00:00 UTC,377,1212,412324184,0.89847222222222223
2015-11-14 00:00:00 UTC,377,1214,412324184,1.9887500000000005
2015-11-14 00:00:00 UTC,377,1216,412324184,1.7898611111111109
2015-11-14 00:00:00 UTC,377,1215,412324184,4.0486111111111107
2015-11-14 00:00:00 UTC,377,1216,412326232,3.5168055555555555
2015-11-14 00:00:00 UTC,377,1215,412324187,4.0904166666666661
2015-11-14 00:00:00 UTC,377,1212,412324187,7.4401388888888889
2015-11-14 00:00:00 UTC,377,1213,412324187,2.4668055555555553
2015-11-14 00:00:00 UTC,377,1214,412324187,2.591388888888889
2015-11-14 00:00:00 UTC,377,1216,412324187,0.82847222222222228
2015-11-14 00:00:00 UTC,377,1213,800036191,3.9091666666666667
2015-11-14 00:00:00 UTC,377,1215,412324192,0.95347222222222228
2015-11-14 00:00:00 UTC,377,1213,412324192,1.1744444444444446
2015-11-14 00:00:00 UTC,377,1214,412324192,1.7419444444444445
2015-11-14 00:00:00 UTC,377,1216,412324192,0.29430555555555554
2015-11-14 00:00:00 UTC,377,1212,412324192,1.32125
2015-11-14 00:00:00 UTC,377,1212,412324194,1.3234722222222222
2015-11-14 00:00:00 UTC,377,1214,412324194,4.05986111111111
2015-11-14 00:00:00 UTC,377,1215,412324194,1.7398611111111111
2015-11-14 00:00:00 UTC,377,1213,412324194,1.8755555555555554
2015-11-14 00:00:00 UTC,377,1213,412324195,2.2658333333333331
2015-11-14 00:00:00 UTC,377,1212,412324195,1.0341666666666667
2015-11-14 00:00:00 UTC,377,1214,412324195,3.1998611111111108
2015-11-14 00:00:00 UTC,377,1215,412324195,1.5251388888888888
2015-11-14 00:00:00 UTC,377,1214,412324197,2.49375
2015-11-14 00:00:00 UTC,377,1215,412324197,1.3997222222222223
2015-11-14 00:00:00 UTC,377,1213,412324199,2.0536111111111111
2015-11-14 00:00:00 UTC,377,1214,412324199,3.9390277777777771
2015-11-14 00:00:00 UTC,377,1215,412324199,2.6113888888888894
2015-11-14 00:00:00 UTC,377,1212,412324199,2.1105555555555555
2015-11-14 00:00:00 UTC,377,1215,412556648,1.2277777777777776
2015-11-14 00:00:00 UTC,377,1216,412556648,9.6052777777777774
2015-11-14 00:00:00 UTC,377,1217,412556648,1.7193055555555554
2015-11-14 00:00:00 UTC,377,237,237553000,0.40111111111111114
2015-11-14 00:00:00 UTC,377,1213,412324202,0.78319444444444442
2015-11-14 00:00:00 UTC,377,1212,412324202,6.503333333333333
2015-11-14 00:00:00 UTC,377,1211,412324202,12.781805555555554
2015-11-14 00:00:00 UTC,377,1213,412324203,1.4706944444444443
2015-11-14 00:00:00 UTC,377,1213,412324204,8.1590277777777782
2015-11-14 00:00:00 UTC,377,1214,412324207,1.2540277777777777
2015-11-14 00:00:00 UTC,377,1213,412324207,1.1752777777777776
2015-11-14 00:00:00 UTC,377,1215,412324207,2.6297222222222221
2015-11-14 00:00:00 UTC,377,1213,412324208,2.1326388888888888
2015-11-14 00:00:00 UTC,377,1214,412324208,1.1462499999999998
2015-11-14 00:00:00 UTC,377,1215,412324208,3.4204166666666667
2015-11-14 00:00:00 UTC,377,1215,412324209,4.6086111111111121
2015-11-14 00:00:00 UTC,377,1214,412324209,1.14625
2015-11-14 00:00:00 UTC,377,1212,412324209,0.34569444444444442
2015-11-14 00:00:00 UTC,377,1213,412324209,1.1823611111111112
2015-11-14 00:00:00 UTC,377,1216,412324209,0.16194444444444445
2015-11-14 00:00:00 UTC,377,1217,412329074,5.7915277777777767
2015-11-14 00:00:00 UTC,377,1216,412329074,2.1888888888888891
2015-11-14 00:00:00 UTC,377,1216,412324211,0.31680555555555556
2015-11-14 00:00:00 UTC,377,1213,412324211,1.7862500000000001
2015-11-14 00:00:00 UTC,377,1215,412324211,4.7247222222222227
2015-11-14 00:00:00 UTC,377,1214,412324211,1.3293055555555555
2015-11-14 00:00:00 UTC,377,1213,412324212,0.55499999999999994
2015-11-14 00:00:00 UTC,377,1216,412324212,1.0218055555555556
2015-11-14 00:00:00 UTC,377,1214,412324212,0.80180555555555555
2015-11-14 00:00:00 UTC,377,1212,412324212,6.9886111111111111
2015-11-14 00:00:00 UTC,377,1215,412324212,3.30625
2015-11-14 00:00:00 UTC,377,1215,412324215,3.7974999999999994
2015-11-14 00:00:00 UTC,377,1214,412324215,2.0501388888888887
2015-11-14 00:00:00 UTC,377,1216,412324215,0.46069444444444446
2015-11-14 00:00:00 UTC,377,1213,412324215,2.4229166666666666
2015-11-14 00:00:00 UTC,377,1222,800043383,4.2229166666666664
2015-11-14 00:00:00 UTC,377,1213,412324216,3.6674999999999995
2015-11-14 00:00:00 UTC,377,1215,412324216,0.8684722222222222
2015-11-14 00:00:00 UTC,377,1212,412324216,1.3768055555555556
2015-11-14 00:00:00 UTC,377,1214,412324216,4.1519444444444442
2015-11-14 00:00:00 UTC,377,1222,413158265,1.9701388888888889
2015-11-14 00:00:00 UTC,377,1221,413158265,0.30513888888888885
2015-11-14 00:00:00 UTC,377,1221,800031353,1.7358333333333333
2015-11-14 00:00:00 UTC,377,1222,800031353,3.4977777777777774
2015-11-14 00:00:00 UTC,377,1213,412324217,3.5836111111111104
2015-11-14 00:00:00 UTC,377,1215,412324217,1.3080555555555555
2015-11-14 00:00:00 UTC,377,1214,412324217,3.8277777777777771
2015-11-14 00:00:00 UTC,377,1212,412324217,0.94249999999999989
2015-11-14 00:00:00 UTC,377,1214,412324218,0.13291666666666666
2015-11-14 00:00:00 UTC,377,1212,412324218,8.8448611111111113
2015-11-14 00:00:00 UTC,377,1216,412330874,0.22513888888888889
2015-11-14 00:00:00 UTC,377,1216,412324219,2.8383333333333334
2015-11-14 00:00:00 UTC,377,1214,412324219,2.5545833333333334
2015-11-14 00:00:00 UTC,377,1215,412324219,2.3136111111111108
2015-11-14 00:00:00 UTC,377,1213,412324219,0.53791666666666671
2015-11-14 00:00:00 UTC,377,1212,412324219,8.363611111111112
2015-11-14 00:00:00 UTC,377,1212,412324225,1.4588888888888889
2015-11-14 00:00:00 UTC,377,1212,412324226,3.2047222222222222
2015-11-14 00:00:00 UTC,377,1214,412324227,0.99597222222222215
2015-11-14 00:00:00 UTC,377,1213,412324227,2.228472222222222
2015-11-14 00:00:00 UTC,377,1213,412324228,2.0094444444444446
2015-11-14 00:00:00 UTC,377,1214,412324228,0.86625000000000008
2015-11-14 00:00:00 UTC,377,1212,412324228,1.1691666666666667
2015-11-14 00:00:00 UTC,377,1213,412324229,0.92722222222222228
2015-11-14 00:00:00 UTC,377,-167,263407240,1.6248611111111111
2015-11-14 00:00:00 UTC,377,-171,263407240,1.97375
2015-11-14 00:00:00 UTC,377,1215,139766666,1.2229166666666664
2015-11-14 00:00:00 UTC,377,1216,139766666,2.35375
2015-11-14 00:00:00 UTC,377,1213,800053388,1.4197222222222221
2015-11-14 00:00:00 UTC,377,-418,224099470,4.2094444444444443
2015-11-14 00:00:00 UTC,377,-424,224099470,1.3663888888888889
2015-11-14 00:00:00 UTC,377,235,237562000,0.45444444444444443
2015-11-14 00:00:00 UTC,377,1215,800031382,2.8976388888888889
2015-11-14 00:00:00 UTC,377,1214,800031382,1.1338888888888887
2015-11-14 00:00:00 UTC,377,1216,800031382,4.1784722222222221
2015-11-14 00:00:00 UTC,377,1223,800044441,0.3888888888888889
2015-11-14 00:00:00 UTC,377,1222,800044441,5.4686111111111115
2015-11-14 00:00:00 UTC,377,1220,412324515,2.7793055555555553
2015-11-14 00:00:00 UTC,377,1217,412324515,4.96125
2015-11-14 00:00:00 UTC,377,1215,412025259,1.9794444444444443
2015-11-14 00:00:00 UTC,377,1216,412025259,3.6399999999999997
2015-11-14 00:00:00 UTC,377,1219,800004528,16.989583333333332
2015-11-14 00:00:00 UTC,377,1220,800040368,4.5563888888888888
2015-11-14 00:00:00 UTC,377,1216,800044466,0.38013888888888886
2015-11-14 00:00:00 UTC,377,1216,412324532,0.78499999999999992
2015-11-14 00:00:00 UTC,377,1215,800044472,1.4529166666666669
2015-11-14 00:00:00 UTC,377,241,237027000,1.3448611111111111
2015-11-14 00:00:00 UTC,377,242,237027000,6.6965277777777779
2015-11-14 00:00:00 UTC,377,240,239139000,0.51930555555555546
2015-11-14 00:00:00 UTC,377,1213,412328633,3.4462499999999996
2015-11-14 00:00:00 UTC,377,1214,412328633,2.3027777777777776
2015-11-14 00:00:00 UTC,377,1215,412328633,2.5172222222222222
2015-11-14 00:00:00 UTC,377,1212,412328633,1.4454166666666666
2015-11-14 00:00:00 UTC,377,1215,412328634,2.5940277777777774
2015-11-14 00:00:00 UTC,377,1212,412328634,1.1826388888888888
2015-11-14 00:00:00 UTC,377,1213,412328634,3.1341666666666668
2015-11-14 00:00:00 UTC,377,1214,412328634,2.2058333333333335
2015-11-14 00:00:00 UTC,377,1220,800043196,3.0604166666666668
2015-11-14 00:00:00 UTC,377,1222,800043196,1.2679166666666666
2015-11-14 00:00:00 UTC,377,1221,800043196,1.9226388888888888
2015-11-14 00:00:00 UTC,377,1212,412333501,3.2880555555555557
2015-11-14 00:00:00 UTC,377,1213,412333501,4.5702777777777772
2015-11-14 00:00:00 UTC,377,1214,412333501,1.6281944444444445
2015-11-14 00:00:00 UTC,377,1212,412333502,2.9508333333333336
2015-11-14 00:00:00 UTC,377,1214,412333502,1.6512499999999999
2015-11-14 00:00:00 UTC,377,1213,412333502,5.1302777777777768
2015-11-14 00:00:00 UTC,377,-387,224472000,1.1047222222222222
2015-11-14 00:00:00 UTC,377,-388,224472000,0.29500000000000004
2015-11-14 00:00:00 UTC,377,1215,412333504,0.68902777777777779
2015-11-14 00:00:00 UTC,377,1215,412333505,1.8448611111111111
2015-11-14 00:00:00 UTC,377,1214,412333505,2.2813888888888889
2015-11-14 00:00:00 UTC,377,1217,412326594,2.8858333333333333
2015-11-14 00:00:00 UTC,377,1214,412328642,0.30041666666666667
2015-11-14 00:00:00 UTC,377,-1603,416717000,0.52
2015-11-14 00:00:00 UTC,377,1216,412327624,14.621527777777779
2015-11-14 00:00:00 UTC,377,1215,412327624,0.8619444444444444
2015-11-14 00:00:00 UTC,377,1215,800016331,0.69361111111111118
2015-11-14 00:00:00 UTC,377,1216,800016331,1.395
2015-11-14 00:00:00 UTC,377,1217,412324558,2.0040277777777775
2015-11-14 00:00:00 UTC,377,1216,412324558,1.236388888888889
2015-11-14 00:00:00 UTC,377,1216,412324048,2.6512499999999997
2015-11-14 00:00:00 UTC,377,1215,412324048,5.6618055555555546
2015-11-14 00:00:00 UTC,377,1214,412324048,3.3966666666666665
2015-11-14 00:00:00 UTC,377,1213,412324048,0.81319444444444444
2015-11-14 00:00:00 UTC,377,1213,412324049,3.7827777777777776
2015-11-14 00:00:00 UTC,377,1214,412324049,0.92027777777777775
2015-11-14 00:00:00 UTC,377,1212,412324049,1.8631944444444444
2015-11-14 00:00:00 UTC,377,1215,412333521,0.91152777777777771
2015-11-14 00:00:00 UTC,377,1216,412324562,2.5011111111111113
2015-11-14 00:00:00 UTC,377,1215,412330962,2.1772222222222224
2015-11-14 00:00:00 UTC,377,1216,412330962,2.0066666666666668
2015-11-14 00:00:00 UTC,377,1220,412324564,7.8122222222222231
2015-11-14 00:00:00 UTC,377,1216,412330964,3.1656944444444446
2015-11-14 00:00:00 UTC,377,1211,412333524,0.82541666666666669
2015-11-14 00:00:00 UTC,377,1212,412333524,2.9274999999999998
2015-11-14 00:00:00 UTC,377,1213,412333524,3.4773611111111107
2015-11-14 00:00:00 UTC,377,1212,412333526,0.20861111111111114
2015-11-14 00:00:00 UTC,377,1211,412333526,1.6234722222222222
2015-11-14 00:00:00 UTC,377,1214,412333526,2.10625
2015-11-14 00:00:00 UTC,377,1213,412333526,3.1480555555555556
2015-11-14 00:00:00 UTC,377,1215,412333526,4.169722222222223
2015-11-14 00:00:00 UTC,377,1212,412333529,4.0375
2015-11-14 00:00:00 UTC,377,1216,412330974,4.0626388888888894
2015-11-14 00:00:00 UTC,377,1217,412330974,3.8334722222222224
2015-11-14 00:00:00 UTC,377,1215,412330974,1.0066666666666668
2015-11-14 00:00:00 UTC,377,1213,412327654,1.4243055555555557
2015-11-14 00:00:00 UTC,377,1214,412327654,1.2422222222222223
2015-11-14 00:00:00 UTC,377,1213,412327655,1.7658333333333336
2015-11-14 00:00:00 UTC,377,1214,412327655,0.94652777777777786
2015-11-14 00:00:00 UTC,377,1222,412324842,3.612222222222222
2015-11-14 00:00:00 UTC,377,1212,412324077,0.55111111111111111
2015-11-14 00:00:00 UTC,377,1215,412324077,3.8643055555555565
2015-11-14 00:00:00 UTC,377,1214,412324077,2.7927777777777782
2015-11-14 00:00:00 UTC,377,1213,412324077,2.844444444444445
2015-11-14 00:00:00 UTC,377,1216,412323822,1.8029166666666665
2015-11-14 00:00:00 UTC,377,1213,412324079,0.72916666666666663
2015-11-14 00:00:00 UTC,377,1215,412324079,3.0998611111111112
2015-11-14 00:00:00 UTC,377,1214,412324079,3.5826388888888889
2015-11-14 00:00:00 UTC,377,1216,412324079,2.3172222222222221
2015-11-14 00:00:00 UTC,377,232,237014000,4.0827777777777783
2015-11-14 00:00:00 UTC,377,233,237014000,5.9273611111111117
2015-11-14 00:00:00 UTC,377,1217,412324593,2.0956944444444447
2015-11-14 00:00:00 UTC,377,1216,412324593,1.4413888888888888
2015-11-14 00:00:00 UTC,377,1214,412382195,0.99708333333333332
2015-11-14 00:00:00 UTC,377,-93,263412470,2.3302777777777779
2015-11-14 00:00:00 UTC,377,1222,800036342,7.0451388888888893
2015-11-14 00:00:00 UTC,377,272,271072504,1.325277777777778
2015-11-14 00:00:00 UTC,377,1216,412324095,7.1952777777777772
2015-11-14 00:00:00 UTC,377,1215,412324095,0.95875
2015-11-14 00:00:00 UTC,633,-208,251149110,0.80055555555555558
2015-11-14 00:00:00 UTC,633,-207,251149110,6.4047222222222215
2015-11-14 00:00:00 UTC,633,-205,251149110,0.94097222222222221
2015-11-14 00:00:00 UTC,633,-206,251149110,3.3112500000000002
2015-11-14 00:00:00 UTC,633,-201,251031110,1.5916666666666666
2015-11-14 00:00:00 UTC,633,-202,251319110,5.1745833333333344
2015-11-14 00:00:00 UTC,633,-203,251319110,0.78986111111111112
2015-11-14 00:00:00 UTC,633,-201,251319110,0.931111111111111
2015-11-14 00:00:00 UTC,633,-189,251228000,0.72180555555555559
2015-11-14 00:00:00 UTC,633,-188,251228000,0.92583333333333329
2015-11-14 00:00:00 UTC,633,-187,251048110,1.3336111111111111
2015-11-14 00:00:00 UTC,633,83,257000910,0.2688888888888889
2015-11-14 00:00:00 UTC,-391,1061,431602890,1.68875
2015-11-14 00:00:00 UTC,-391,1062,431602890,1.795
2015-11-14 00:00:00 UTC,-135,1684,441201181,1.2080555555555554
2015-11-14 00:00:00 UTC,-135,-1743,518676000,8.47375
2015-11-14 00:00:00 UTC,-135,-1735,529278000,4.2572222222222216
2015-11-14 00:00:00 UTC,-135,1687,412328755,2.0912499999999996
2015-11-14 00:00:00 UTC,-135,-1243,440733000,5.2205555555555563
2015-11-14 00:00:00 UTC,-135,574,567000445,1.4084722222222221
2015-11-14 00:00:00 UTC,-135,-1240,440645000,3.8936111111111114
2015-11-14 00:00:00 UTC,-135,-1168,431482000,0.63208333333333333
2015-11-14 00:00:00 UTC,-135,-1241,440847000,1.4954166666666666
2015-11-14 00:00:00 UTC,-135,-1242,440847000,4.354166666666667
2015-11-14 00:00:00 UTC,-135,-1227,440612000,1.40875
2015-11-14 00:00:00 UTC,-135,1686,441219253,2.0331944444444443
2015-11-14 00:00:00 UTC,-135,-1444,546012900,2.9895833333333326
2015-11-14 00:00:00 UTC,-135,-1443,546012900,4.3981944444444441
2015-11-14 00:00:00 UTC,-135,-1239,440641000,2.0843055555555559
2015-11-14 00:00:00 UTC,122,-172,412205337,0.62722222222222224
2015-11-14 00:00:00 UTC,122,-310,431700550,1.5290277777777779
2015-11-14 00:00:00 UTC,122,-312,431700550,1.2569444444444444
2015-11-14 00:00:00 UTC,122,-311,431700550,1.4197222222222221
2015-11-14 00:00:00 UTC,122,-172,412202673,1.1786111111111113
2015-11-14 00:00:00 UTC,378,1214,412324098,4.378055555555556
2015-11-14 00:00:00 UTC,378,1213,412324098,0.86138888888888887
2015-11-14 00:00:00 UTC,378,1215,412324098,5.1673611111111111
2015-11-14 00:00:00 UTC,378,1213,412324119,4.0325
2015-11-14 00:00:00 UTC,378,1216,412325149,10.878194444444443
2015-11-14 00:00:00 UTC,378,1215,412325149,2.9009722222222223
2015-11-14 00:00:00 UTC,378,1214,412324127,0.9211111111111111
2015-11-14 00:00:00 UTC,378,1214,412324128,0.54222222222222216
2015-11-14 00:00:00 UTC,378,1215,412324128,0.34986111111111112
2015-11-14 00:00:00 UTC,378,-182,224016930,4.3318055555555555
2015-11-14 00:00:00 UTC,378,1217,800006435,1.8541666666666665
2015-11-14 00:00:00 UTC,378,1219,800006435,2.1077777777777778
2015-11-14 00:00:00 UTC,378,1218,800006435,2.3201388888888888
2015-11-14 00:00:00 UTC,378,-397,224043560,0.53875
2015-11-14 00:00:00 UTC,378,1214,412324141,0.14583333333333331
2015-11-14 00:00:00 UTC,378,1213,412324141,1.8970833333333335
2015-11-14 00:00:00 UTC,378,1212,412324141,0.80888888888888877
2015-11-14 00:00:00 UTC,378,-90,263405370,1.0476388888888888
2015-11-14 00:00:00 UTC,378,1215,412324164,1.115
2015-11-14 00:00:00 UTC,378,271,271072328,2.447916666666667
2015-11-14 00:00:00 UTC,378,1215,412324174,3.2001388888888886
2015-11-14 00:00:00 UTC,378,1216,412324174,1.2290277777777778
2015-11-14 00:00:00 UTC,378,1214,412324174,1.5845833333333337
2015-11-14 00:00:00 UTC,378,1215,412324175,3.6304166666666666
2015-11-14 00:00:00 UTC,378,1214,412324175,2.1248611111111111
2015-11-14 00:00:00 UTC,378,-142,224098640,4.7770833333333327
2015-11-14 00:00:00 UTC,378,232,237554000,0.29972222222222222
2015-11-14 00:00:00 UTC,378,1215,412324178,1.1668055555555554
2015-11-14 00:00:00 UTC,378,1213,412211538,3.3722222222222218
2015-11-14 00:00:00 UTC,378,1212,412211538,4.1113888888888885
2015-11-14 00:00:00 UTC,378,1215,412324179,11.248888888888887
2015-11-14 00:00:00 UTC,378,271,271043668,0.95777777777777784
2015-11-14 00:00:00 UTC,378,270,271043668,0.27
2015-11-14 00:00:00 UTC,378,1213,412324183,0.59222222222222221
2015-11-14 00:00:00 UTC,378,1214,412324183,1.0994444444444444
2015-11-14 00:00:00 UTC,378,236,241063000,3.4625000000000012
2015-11-14 00:00:00 UTC,378,233,241063000,0.69861111111111107
2015-11-14 00:00:00 UTC,378,235,241063000,4.899861111111111
2015-11-14 00:00:00 UTC,378,237,241063000,5.7547222222222221
2015-11-14 00:00:00 UTC,378,234,241063000,3.4938888888888888
2015-11-14 00:00:00 UTC,378,1213,412324184,0.4837499999999999
2015-11-14 00:00:00 UTC,378,1214,412324184,1.1083333333333332
2015-11-14 00:00:00 UTC,378,1214,412324185,0.64486111111111111
2015-11-14 00:00:00 UTC,378,1213,412324185,1.2193055555555556
2015-11-14 00:00:00 UTC,378,1216,412556648,0.84416666666666662
2015-11-14 00:00:00 UTC,378,1215,412324203,2.9834722222222223
2015-11-14 00:00:00 UTC,378,1213,412324203,0.2877777777777778
2015-11-14 00:00:00 UTC,378,1214,412324203,0.99930555555555545
2015-11-14 00:00:00 UTC,378,1213,412324204,0.61277777777777787
2015-11-14 00:00:00 UTC,378,1214,412324204,2.6847222222222222
2015-11-14 00:00:00 UTC,378,1215,412324207,1.558472222222222
2015-11-14 00:00:00 UTC,378,1214,412324207,0.51638888888888879
2015-11-14 00:00:00 UTC,378,1214,412324208,0.66680555555555554
2015-11-14 00:00:00 UTC,378,1215,412324208,0.60597222222222225
2015-11-14 00:00:00 UTC,378,1216,412329074,7.8005555555555564
2015-11-14 00:00:00 UTC,378,271,271072372,1.72125
2015-11-14 00:00:00 UTC,378,1215,412324212,1.017638888888889
2015-11-14 00:00:00 UTC,378,1213,412324212,6.178055555555555
2015-11-14 00:00:00 UTC,378,1214,412324212,3.9833333333333329
2015-11-14 00:00:00 UTC,378,271,271072632,3.008055555555555
2015-11-14 00:00:00 UTC,378,1216,412330874,4.1168055555555556
2015-11-14 00:00:00 UTC,378,1214,412324222,0.20611111111111113
2015-11-14 00:00:00 UTC,378,1212,412324225,0.73333333333333328
2015-11-14 00:00:00 UTC,378,1214,412324225,0.34069444444444441
2015-11-14 00:00:00 UTC,378,1213,412324225,1.5215277777777778
2015-11-14 00:00:00 UTC,378,1213,412324226,1.3166666666666669
2015-11-14 00:00:00 UTC,378,1214,412324226,8.85513888888889
2015-11-14 00:00:00 UTC,378,1213,412324227,0.32069444444444445
2015-11-14 00:00:00 UTC,378,1214,412324227,1.7941666666666665
2015-11-14 00:00:00 UTC,378,1214,412324228,1.7179166666666665
2015-11-14 00:00:00 UTC,378,1213,412324228,0.19166666666666665
2015-11-14 00:00:00 UTC,378,-169,263407240,1.0990277777777777
2015-11-14 00:00:00 UTC,378,-171,263407240,3.9870833333333335
2015-11-14 00:00:00 UTC,378,-168,263407240,0.75013888888888891
2015-11-14 00:00:00 UTC,378,1215,139766666,1.1409722222222223
2015-11-14 00:00:00 UTC,378,-421,224099470,0.66916666666666669
2015-11-14 00:00:00 UTC,378,-414,224099470,5.7194444444444441
2015-11-14 00:00:00 UTC,378,-415,224099470,2.4026388888888888
2015-11-14 00:00:00 UTC,378,-422,224099470,1.2155555555555555
2015-11-14 00:00:00 UTC,378,-397,224250000,0.33166666666666667
2015-11-14 00:00:00 UTC,378,1216,800031382,2.1530555555555555
2015-11-14 00:00:00 UTC,378,1219,412330905,12.464166666666667
2015-11-14 00:00:00 UTC,378,235,237540000,2.3052777777777775
2015-11-14 00:00:00 UTC,378,234,237540000,12.577361111111109
2015-11-14 00:00:00 UTC,378,233,237540000,2.2030555555555553
2015-11-14 00:00:00 UTC,378,-1227,366918840,0.90430555555555547
2015-11-14 00:00:00 UTC,378,240,237027000,0.4490277777777778
2015-11-14 00:00:00 UTC,378,241,237027000,1.7627777777777778
2015-11-14 00:00:00 UTC,378,236,241091000,8.3819444444444429
2015-11-14 00:00:00 UTC,378,235,241091000,8.53930555555555
2015-11-14 00:00:00 UTC,378,240,239139000,2.6079166666666662
2015-11-14 00:00:00 UTC,378,1214,412324032,3.3631944444444444
2015-11-14 00:00:00 UTC,378,1215,412324032,2.4456944444444444
2015-11-14 00:00:00 UTC,378,1213,412324032,2.0441666666666665
2015-11-14 00:00:00 UTC,378,1213,412333508,0.6069444444444444
2015-11-14 00:00:00 UTC,378,-1604,416717000,1.8744444444444444
2015-11-14 00:00:00 UTC,378,-1603,416717000,0.70027777777777778
2015-11-14 00:00:00 UTC,378,1215,412327624,1.0711111111111111
2015-11-14 00:00:00 UTC,378,1216,412327624,3.6670833333333333
2015-11-14 00:00:00 UTC,378,1213,412333514,1.4058333333333333
2015-11-14 00:00:00 UTC,378,1212,412333514,1.7668055555555555
2015-11-14 00:00:00 UTC,378,1213,412324047,2.8125
2015-11-14 00:00:00 UTC,378,1216,412324562,0.93263888888888891
2015-11-14 00:00:00 UTC,378,1215,412324562,1.7418055555555556
2015-11-14 00:00:00 UTC,378,1215,412330962,0.53194444444444444
2015-11-14 00:00:00 UTC,378,1216,412330962,2.3425
2015-11-14 00:00:00 UTC,378,1213,412333529,5.650555555555556
2015-11-14 00:00:00 UTC,378,1213,412324068,2.6444444444444439
2015-11-14 00:00:00 UTC,378,1214,412324068,2.0243055555555558
2015-11-14 00:00:00 UTC,378,1214,412324076,3.6199999999999997
2015-11-14 00:00:00 UTC,378,1213,412324076,0.32555555555555554
2015-11-14 00:00:00 UTC,378,1215,412323822,1.2288888888888889
2015-11-14 00:00:00 UTC,378,1216,412323822,5.9322222222222223
2015-11-14 00:00:00 UTC,378,1216,412324079,2.3922222222222222
2015-11-14 00:00:00 UTC,378,271,271072496,3.6629166666666668
2015-11-14 00:00:00 UTC,378,236,237526000,2.6241666666666665
2015-11-14 00:00:00 UTC,378,235,237526000,3.283611111111111
2015-11-14 00:00:00 UTC,378,234,237526000,1.0183333333333333
2015-11-14 00:00:00 UTC,378,1214,412324081,5.1712500000000006
2015-11-14 00:00:00 UTC,378,1214,412382195,1.5505555555555555
2015-11-14 00:00:00 UTC,378,-7,224282870,0.13555555555555554
2015-11-14 00:00:00 UTC,378,270,271072504,0.52180555555555563
2015-11-14 00:00:00 UTC,378,271,271072504,6.5191666666666661
2015-11-14 00:00:00 UTC,378,1213,412324089,4.8751388888888885
2015-11-14 00:00:00 UTC,378,1213,412323838,1.0916666666666668
2015-11-14 00:00:00 UTC,634,51,259166000,0.76277777777777778
2015-11-14 00:00:00 UTC,634,52,259166000,0.57805555555555554
2015-11-14 00:00:00 UTC,634,-202,251319110,0.26847222222222222
2015-11-14 00:00:00 UTC,634,-158,251083110,0.53875
2015-11-14 00:00:00 UTC,634,-157,251083110,2.8568055555555558
2015-11-14 00:00:00 UTC,634,-156,251083110,4.2465277777777768
2015-11-14 00:00:00 UTC,634,-171,231089000,6.8175
2015-11-14 00:00:00 UTC,634,-203,251157440,7.4380555555555565
2015-11-14 00:00:00 UTC,634,-205,251157440,6.2234722222222212
2015-11-14 00:00:00 UTC,634,-204,251157440,2.0930555555555559
2015-11-14 00:00:00 UTC,-390,1062,431602890,1.6906944444444445
2015-11-14 00:00:00 UTC,-134,-1187,431704330,1.7241666666666668
2015-11-14 00:00:00 UTC,-134,1684,441201181,0.86805555555555558
2015-11-14 00:00:00 UTC,-134,1683,441201181,4.4816666666666665
2015-11-14 00:00:00 UTC,-134,1687,412328755,4.4902777777777771
2015-11-14 00:00:00 UTC,-134,-1239,441660000,6.0468055555555553
2015-11-14 00:00:00 UTC,-134,573,567000445,7.3497222222222227
2015-11-14 00:00:00 UTC,-134,574,567000445,0.70194444444444448
2015-11-14 00:00:00 UTC,-134,-1240,440645000,1.2077777777777778
2015-11-14 00:00:00 UTC,-134,-1168,431482000,1.0331944444444443
2015-11-14 00:00:00 UTC,-134,1710,412470420,2.5138888888888888
2015-11-14 00:00:00 UTC,-134,1709,412470420,0.52874999999999994
2015-11-14 00:00:00 UTC,-134,-1242,440847000,1.5988888888888884
2015-11-14 00:00:00 UTC,-134,-1241,440847000,1.3383333333333334
2015-11-14 00:00:00 UTC,-134,-1227,440612000,0.6331944444444445
2015-11-14 00:00:00 UTC,-134,-1224,440772000,0.71222222222222231
2015-11-14 00:00:00 UTC,-134,1685,441219253,4.4445833333333331
2015-11-14 00:00:00 UTC,-134,-1239,440641000,3.14375
2015-11-14 00:00:00 UTC,379,1214,412324115,5.8830555555555559
2015-11-14 00:00:00 UTC,379,271,271072796,0.645
2015-11-14 00:00:00 UTC,379,1214,412324134,22.78361111111111
2015-11-14 00:00:00 UTC,379,1213,412324135,3.9559722222222224
2015-11-14 00:00:00 UTC,379,1214,412324135,9.3097222222222236
2015-11-14 00:00:00 UTC,379,1214,412324136,15.975555555555555
2015-11-14 00:00:00 UTC,379,1213,412324136,0.88375
2015-11-14 00:00:00 UTC,379,-398,224043560,1.1845833333333333
2015-11-14 00:00:00 UTC,379,-397,224043560,0.33486111111111111
2015-11-14 00:00:00 UTC,379,1214,412324141,0.24013888888888887
2015-11-14 00:00:00 UTC,379,1213,412324141,8.3463888888888889
2015-11-14 00:00:00 UTC,379,-90,263405370,6.3318055555555546
2015-11-14 00:00:00 UTC,379,1213,412324154,0.84138888888888885
2015-11-14 00:00:00 UTC,379,1214,412324154,17.895277777777778
2015-11-14 00:00:00 UTC,379,1213,412324155,5.499305555555555
2015-11-14 00:00:00 UTC,379,1214,412324155,18.258888888888887
2015-11-14 00:00:00 UTC,379,271,271072328,5.7438888888888888
2015-11-14 00:00:00 UTC,379,-141,224098640,0.71805555555555545
2015-11-14 00:00:00 UTC,379,269,271043668,2.8218055555555552
2015-11-14 00:00:00 UTC,379,270,271043668,4.1606944444444451
2015-11-14 00:00:00 UTC,379,268,271043668,1.1965277777777779
2015-11-14 00:00:00 UTC,379,270,271069033,1.64375
2015-11-14 00:00:00 UTC,379,268,271069033,2.9244444444444442
2015-11-14 00:00:00 UTC,379,269,271069033,3.7744444444444447
2015-11-14 00:00:00 UTC,379,271,271072372,2.3481944444444443
2015-11-14 00:00:00 UTC,379,271,271072632,6.97111111111111
2015-11-14 00:00:00 UTC,379,268,271062148,2.9661111111111107
2015-11-14 00:00:00 UTC,379,269,271062148,5.8716666666666679
2015-11-14 00:00:00 UTC,379,270,271062148,2.4059722222222222
2015-11-14 00:00:00 UTC,379,1213,412324228,2.7923611111111111
2015-11-14 00:00:00 UTC,379,-397,224250000,1.3873611111111113
2015-11-14 00:00:00 UTC,379,241,240419000,2.6693055555555558
2015-11-14 00:00:00 UTC,379,241,237027000,0.20180555555555557
2015-11-14 00:00:00 UTC,379,240,237027000,1.6670833333333335
2015-11-14 00:00:00 UTC,379,236,241091000,0.1373611111111111
2015-11-14 00:00:00 UTC,379,211,240120000,0.14152777777777778
2015-11-14 00:00:00 UTC,379,271,271072449,4.384444444444445
2015-11-14 00:00:00 UTC,379,1215,412324037,3.525
2015-11-14 00:00:00 UTC,379,1214,412324037,1.2493055555555554
2015-11-14 00:00:00 UTC,379,271,271072456,5.4025
2015-11-14 00:00:00 UTC,379,1213,412333513,7.2534722222222223
2015-11-14 00:00:00 UTC,379,1215,412333514,5.5654166666666667
2015-11-14 00:00:00 UTC,379,1214,412333514,7.1027777777777779
2015-11-14 00:00:00 UTC,379,1213,412333514,7.7418055555555556
2015-11-14 00:00:00 UTC,379,1215,412333515,8.8527777777777779
2015-11-14 00:00:00 UTC,379,1214,412333515,11.451944444444445
2015-11-14 00:00:00 UTC,379,1214,412324047,3.6830555555555553
2015-11-14 00:00:00 UTC,379,1214,412324051,13.472083333333334
2015-11-14 00:00:00 UTC,379,1215,412324068,2.7581944444444444
2015-11-14 00:00:00 UTC,379,1214,412324068,2.8911111111111114
2015-11-14 00:00:00 UTC,379,1214,412324073,5.1594444444444445
2015-11-14 00:00:00 UTC,379,271,271072496,1.9094444444444445
2015-11-14 00:00:00 UTC,379,1214,412324082,18.776805555555555
2015-11-14 00:00:00 UTC,379,1213,412330996,10.850972222222222
2015-11-14 00:00:00 UTC,379,270,271072504,1.5830555555555554
2015-11-14 00:00:00 UTC,379,1214,412324092,26.52888888888889
2015-11-14 00:00:00 UTC,379,1214,412324093,17.77555555555556
2015-11-14 00:00:00 UTC,379,1213,412324093,5.4618055555555562
2015-11-14 00:00:00 UTC,379,1214,412323838,11.405416666666667
2015-11-14 00:00:00 UTC,379,1213,412323838,11.82138888888889
2015-11-14 00:00:00 UTC,635,51,259166000,0.21111111111111108
2015-11-14 00:00:00 UTC,635,-157,251083110,0.13791666666666666
2015-11-14 00:00:00 UTC,635,-173,231089000,1.6890277777777778
2015-11-14 00:00:00 UTC,635,-172,231089000,4.8852777777777776
2015-11-14 00:00:00 UTC,635,-170,231089000,0.78708333333333336
2015-11-14 00:00:00 UTC,635,-169,231089000,1.5402777777777779
2015-11-14 00:00:00 UTC,635,-166,231089000,2.3104166666666668
2015-11-14 00:00:00 UTC,635,-167,231089000,0.88472222222222219
2015-11-14 00:00:00 UTC,635,-171,231089000,1.7752777777777777
2015-11-14 00:00:00 UTC,635,-158,251057000,0.9508333333333332
2015-11-14 00:00:00 UTC,635,-259,251227000,1.6069444444444445
2015-11-14 00:00:00 UTC,635,-158,251086000,1.2186111111111113
2015-11-14 00:00:00 UTC,635,-217,251361740,1.9440277777777779
2015-11-14 00:00:00 UTC,-389,-737,725000970,0.95291666666666652
2015-11-14 00:00:00 UTC,-133,-1189,431704330,2.365277777777778
2015-11-14 00:00:00 UTC,-133,-1187,431704330,2.7245833333333334
2015-11-14 00:00:00 UTC,-133,-1735,529278000,2.1095833333333331
2015-11-14 00:00:00 UTC,-133,1533,431070000,1.0402777777777779
2015-11-14 00:00:00 UTC,-133,1532,431070000,1.3791666666666667
2015-11-14 00:00:00 UTC,-133,-1213,432881000,2.3836111111111111
2015-11-14 00:00:00 UTC,-133,-1239,440645000,1.2879166666666668
2015-11-14 00:00:00 UTC,-133,-1215,432453000,2.0184722222222224
2015-11-14 00:00:00 UTC,-133,-1168,431482000,2.1820833333333334
2015-11-14 00:00:00 UTC,-133,1709,412470420,0.8575
2015-11-14 00:00:00 UTC,-133,1708,412470420,1.3488888888888888
2015-11-14 00:00:00 UTC,-133,-1241,440847000,1.7058333333333335
2015-11-14 00:00:00 UTC,-133,-1242,440847000,3.47
2015-11-14 00:00:00 UTC,-133,-1227,440612000,0.81
2015-11-14 00:00:00 UTC,-133,-1224,440772000,2.1080555555555556
2015-11-14 00:00:00 UTC,-133,-1225,440772000,1.8948611111111109
2015-11-14 00:00:00 UTC,-133,1367,503741900,13.573749999999999
2015-11-14 00:00:00 UTC,-133,1366,503741900,10.189861111111112
2015-11-14 00:00:00 UTC,-133,-1239,440641000,1.2834722222222221
2015-11-14 00:00:00 UTC,380,270,271072796,0.525
2015-11-14 00:00:00 UTC,380,268,271072796,5.7801388888888887
2015-11-14 00:00:00 UTC,380,269,271072796,0.53708333333333336
2015-11-14 00:00:00 UTC,380,-90,263405370,6.1272222222222217
2015-11-14 00:00:00 UTC,380,-141,224098640,0.86708333333333332
2015-11-14 00:00:00 UTC,380,-138,224098640,7.3794444444444451
2015-11-14 00:00:00 UTC,380,269,271043668,1.3623611111111111
2015-11-14 00:00:00 UTC,380,267,271069033,2.7626388888888886
2015-11-14 00:00:00 UTC,380,268,271069033,0.54736111111111108
2015-11-14 00:00:00 UTC,380,212,237914000,1.1754166666666666
2015-11-14 00:00:00 UTC,380,241,240419000,3.3852777777777776
2015-11-14 00:00:00 UTC,380,241,237027000,2.0593055555555555
2015-11-14 00:00:00 UTC,380,211,240120000,2.1316666666666664
2015-11-14 00:00:00 UTC,380,269,271072456,0.3288888888888889
2015-11-14 00:00:00 UTC,380,-1606,416717000,3.665972222222222
2015-11-14 00:00:00 UTC,380,-95,263275000,9.8384722222222223
2015-11-14 00:00:00 UTC,636,-159,251065110,3.4773611111111116
2015-11-14 00:00:00 UTC,636,-158,251065110,4.5220833333333337
2015-11-14 00:00:00 UTC,636,-160,251065110,1.7422222222222219
2015-11-14 00:00:00 UTC,636,-125,251212110,1.536111111111111
2015-11-14 00:00:00 UTC,636,-124,251239000,1.5001388888888889
2015-11-14 00:00:00 UTC,636,-146,251083110,1.1081944444444445
2015-11-14 00:00:00 UTC,636,-145,251083110,1.5872222222222221
2015-11-14 00:00:00 UTC,636,-147,251083110,4.7569444444444446
2015-11-14 00:00:00 UTC,636,-159,251057000,0.76069444444444445
2015-11-14 00:00:00 UTC,636,-158,251057000,13.454166666666667
2015-11-14 00:00:00 UTC,636,-261,251227000,0.77625
2015-11-14 00:00:00 UTC,636,-260,251227000,1.4483333333333333
2015-11-14 00:00:00 UTC,636,-259,251163000,1.3513888888888888
2015-11-14 00:00:00 UTC,636,-261,251163000,1.0091666666666668
2015-11-14 00:00:00 UTC,636,-260,251163000,0.99833333333333329
2015-11-14 00:00:00 UTC,636,-261,251451000,0.59111111111111114
2015-11-14 00:00:00 UTC,636,-260,251451000,0.13402777777777777
2015-11-14 00:00:00 UTC,636,-158,251086000,5.4691666666666663
2015-11-14 00:00:00 UTC,636,-160,251086000,1.6138888888888889
2015-11-14 00:00:00 UTC,636,-159,251086000,4.2115277777777775
2015-11-14 00:00:00 UTC,636,-216,251361740,2.78125
2015-11-14 00:00:00 UTC,636,-176,251068110,0.64597222222222217
2015-11-14 00:00:00 UTC,636,-158,251068110,5.9702777777777776
2015-11-14 00:00:00 UTC,636,-159,251068110,2.3584722222222219
2015-11-14 00:00:00 UTC,636,-157,251068110,0.25847222222222221
2015-11-14 00:00:00 UTC,636,-220,251494110,2.4738888888888888
2015-11-14 00:00:00 UTC,636,-221,251494110,5.491666666666668
2015-11-14 00:00:00 UTC,636,-247,251056110,1.6263888888888889
2015-11-14 00:00:00 UTC,-388,-737,725000970,0.45930555555555563
2015-11-14 00:00:00 UTC,-132,-1187,431704330,3.2904166666666668
2015-11-14 00:00:00 UTC,-132,1682,441201181,4.415972222222222
2015-11-14 00:00:00 UTC,-132,1248,503003170,6.835694444444445
2015-11-14 00:00:00 UTC,-132,117,224745000,0.54694444444444446
2015-11-14 00:00:00 UTC,-132,1534,431070000,1.8083333333333331
2015-11-14 00:00:00 UTC,-132,1685,412328755,6.0575
2015-11-14 00:00:00 UTC,-132,-1244,440733000,3.9056944444444444
2015-11-14 00:00:00 UTC,-132,-1239,441660000,5.7473611111111111
2015-11-14 00:00:00 UTC,-132,-1240,440645000,5.7554166666666662
2015-11-14 00:00:00 UTC,-132,-1215,432453000,0.3611111111111111
2015-11-14 00:00:00 UTC,-132,-1168,431482000,2.2327777777777778
2015-11-14 00:00:00 UTC,-132,1708,412470420,2.7977777777777781
2015-11-14 00:00:00 UTC,-132,-1241,440847000,0.76666666666666661
2015-11-14 00:00:00 UTC,-132,-1243,440847000,0.69194444444444447
2015-11-14 00:00:00 UTC,-132,-1242,440847000,1.8577777777777775
2015-11-14 00:00:00 UTC,-132,-1227,440612000,0.75125
2015-11-14 00:00:00 UTC,-132,-1225,440772000,1.2404166666666665
2015-11-14 00:00:00 UTC,-132,1684,441219253,5.364583333333333
2015-11-14 00:00:00 UTC,-132,1367,503741900,7.2929166666666667
2015-11-14 00:00:00 UTC,-132,-1239,440641000,1.384722222222222
2015-11-14 00:00:00 UTC,-132,-1350,412460029,0.82527777777777767
2015-11-14 00:00:00 UTC,-132,-1353,412460029,1.9048611111111109
2015-11-14 00:00:00 UTC,125,-175,663135000,1.8488888888888888
2015-11-14 00:00:00 UTC,381,267,271072769,8.90847222222222
2015-11-14 00:00:00 UTC,381,211,237535000,1.3112499999999998
2015-11-14 00:00:00 UTC,381,210,237535000,3.0344444444444445
2015-11-14 00:00:00 UTC,381,-139,224098640,2.9458333333333333
2015-11-14 00:00:00 UTC,381,-95,204209000,2.2186111111111115
2015-11-14 00:00:00 UTC,381,-94,204209000,0.13013888888888889
2015-11-14 00:00:00 UTC,381,266,271069033,1.007638888888889
2015-11-14 00:00:00 UTC,381,211,237446000,0.12791666666666668
2015-11-14 00:00:00 UTC,381,212,237914000,6.8126388888888885
2015-11-14 00:00:00 UTC,381,213,237914000,2.2473611111111107
2015-11-14 00:00:00 UTC,381,212,240120000,9.6134722222222226
2015-11-14 00:00:00 UTC,381,211,240120000,3.8488888888888888
2015-11-14 00:00:00 UTC,381,-1607,416717000,3.0405555555555552
2015-11-14 00:00:00 UTC,381,210,237441000,1.9501388888888886
2015-11-14 00:00:00 UTC,381,211,237441000,1.9556944444444446
2015-11-14 00:00:00 UTC,381,209,237441000,0.2540277777777778
2015-11-14 00:00:00 UTC,637,-264,251125000,1.287361111111111
2015-11-14 00:00:00 UTC,637,-262,251125000,0.16527777777777777
2015-11-14 00:00:00 UTC,637,-263,251125000,0.81541666666666668
2015-11-14 00:00:00 UTC,637,-158,251065110,1.2491666666666668
2015-11-14 00:00:00 UTC,637,-160,251065110,3.1393055555555551
2015-11-14 00:00:00 UTC,637,-161,251065110,3.9334722222222229
2015-11-14 00:00:00 UTC,637,-159,251065110,3.5650000000000008
2015-11-14 00:00:00 UTC,637,-262,251391000,0.70125
2015-11-14 00:00:00 UTC,637,-264,251391000,0.2361111111111111
2015-11-14 00:00:00 UTC,637,-263,251391000,1.6320833333333333
2015-11-14 00:00:00 UTC,637,89,257176620,1.8866666666666667
2015-11-14 00:00:00 UTC,637,-124,251212110,1.462361111111111
2015-11-14 00:00:00 UTC,637,-126,251212110,2.2984722222222222
2015-11-14 00:00:00 UTC,637,-124,251239000,5.9830555555555556
2015-11-14 00:00:00 UTC,637,-125,251239000,6.2918055555555554
2015-11-14 00:00:00 UTC,637,-123,251239000,1.5319444444444446
2015-11-14 00:00:00 UTC,637,-145,251083110,1.4929166666666667
2015-11-14 00:00:00 UTC,637,-144,251083110,3.2224999999999997
2015-11-14 00:00:00 UTC,637,-142,251083110,1.6979166666666665
2015-11-14 00:00:00 UTC,637,95,259281000,0.74833333333333329
2015-11-14 00:00:00 UTC,637,-160,251057000,1.6583333333333334
2015-11-14 00:00:00 UTC,637,-162,251057000,1.6411111111111112
2015-11-14 00:00:00 UTC,637,-161,251057000,1.5941666666666667
2015-11-14 00:00:00 UTC,637,-159,251057000,0.92875
2015-11-14 00:00:00 UTC,637,-158,251057000,1.3156944444444443
2015-11-14 00:00:00 UTC,637,-264,251526000,0.82958333333333334
2015-11-14 00:00:00 UTC,637,-263,251526000,1.1352777777777778
2015-11-14 00:00:00 UTC,637,-262,251526000,0.59805555555555556
2015-11-14 00:00:00 UTC,637,-262,251227000,2.5841666666666665
2015-11-14 00:00:00 UTC,637,-263,251227000,1.3159722222222223
2015-11-14 00:00:00 UTC,637,-261,251163000,0.80736111111111108
2015-11-14 00:00:00 UTC,637,-262,251163000,2.3962499999999998
2015-11-14 00:00:00 UTC,637,-263,251163000,1.5658333333333334
2015-11-14 00:00:00 UTC,637,-262,251451000,0.59874999999999989
2015-11-14 00:00:00 UTC,637,-261,251451000,1.2140277777777777
2015-11-14 00:00:00 UTC,637,-263,251451000,2.0443055555555558
2015-11-14 00:00:00 UTC,637,-231,251081110,1.5995833333333331
2015-11-14 00:00:00 UTC,637,-158,251086000,1.5829166666666667
2015-11-14 00:00:00 UTC,637,-159,251086000,3.3720833333333338
2015-11-14 00:00:00 UTC,637,-162,251086000,0.30430555555555555
2015-11-14 00:00:00 UTC,637,-161,251086000,2.4552777777777779
2015-11-14 00:00:00 UTC,637,-160,251086000,1.9713888888888889
2015-11-14 00:00:00 UTC,637,-232,251037110,1.6398611111111112
2015-11-14 00:00:00 UTC,637,-231,251037110,1.7266666666666666
2015-11-14 00:00:00 UTC,637,-233,251367110,2.485
2015-11-14 00:00:00 UTC,637,-231,251367110,3.1116666666666668
2015-11-14 00:00:00 UTC,637,-232,251367110,17.129722222222224
2015-11-14 00:00:00 UTC,637,-161,251068110,1.01875
2015-11-14 00:00:00 UTC,637,-162,251068110,0.80027777777777775
2015-11-14 00:00:00 UTC,637,-160,251068110,1.0404166666666668
2015-11-14 00:00:00 UTC,637,-159,251068110,3.8068055555555556
2015-11-14 00:00:00 UTC,637,-158,251068110,0.25541666666666663
2015-11-14 00:00:00 UTC,637,-222,251222740,0.78916666666666668
2015-11-14 00:00:00 UTC,637,-221,251222740,0.27055555555555555
2015-11-14 00:00:00 UTC,637,-219,251494110,0.23180555555555554
2015-11-14 00:00:00 UTC,637,-231,251468000,2.16875
2015-11-14 00:00:00 UTC,637,-232,251468000,9.6963888888888885
2015-11-14 00:00:00 UTC,637,-233,251468000,1.5208333333333333
2015-11-14 00:00:00 UTC,637,-249,251056110,8.1224999999999987
2015-11-14 00:00:00 UTC,637,-250,251056110,2.961527777777778
2015-11-14 00:00:00 UTC,-387,1707,512300107,0.18305555555555555
2015-11-14 00:00:00 UTC,-387,1065,431602890,0.45694444444444449
2015-11-14 00:00:00 UTC,-131,-1187,431704330,2.9876388888888892
2015-11-14 00:00:00 UTC,-131,1682,441201181,1.651388888888889
2015-11-14 00:00:00 UTC,-131,1248,503003170,5.5730555555555554
2015-11-14 00:00:00 UTC,-131,-1735,529278000,0.92069444444444437
2015-11-14 00:00:00 UTC,-131,-1736,529278000,1.7873611111111112
2015-11-14 00:00:00 UTC,-131,1532,431070000,2.0061111111111112
2015-11-14 00:00:00 UTC,-131,1534,431070000,0.58361111111111108
2015-11-14 00:00:00 UTC,-131,-1244,440733000,7.3455555555555563
2015-11-14 00:00:00 UTC,-131,1795,367666000,3.8969444444444443
2015-11-14 00:00:00 UTC,-131,1796,367666000,3.4015277777777779
2015-11-14 00:00:00 UTC,-131,-1237,440549000,3.2981944444444449
2015-11-14 00:00:00 UTC,-131,-1240,440645000,5.23013888888889
2015-11-14 00:00:00 UTC,-131,-1168,431482000,2.7966666666666664
2015-11-14 00:00:00 UTC,-131,-1243,440847000,5.7080555555555552
2015-11-14 00:00:00 UTC,-131,-1227,440612000,1.5805555555555555
2015-11-14 00:00:00 UTC,-131,-1225,440772000,2.3511111111111109
2015-11-14 00:00:00 UTC,-131,-1232,441038000,2.7608333333333333
2015-11-14 00:00:00 UTC,-131,-1239,440641000,3.8740277777777776
2015-11-14 00:00:00 UTC,-131,-1357,412460029,5.3911111111111119
2015-11-14 00:00:00 UTC,126,-175,663135000,2.0597222222222218
2015-11-14 00:00:00 UTC,382,261,237802000,2.5695833333333336
2015-11-14 00:00:00 UTC,382,209,237535000,10.242222222222221
2015-11-14 00:00:00 UTC,382,211,237535000,0.19152777777777777
2015-11-14 00:00:00 UTC,382,210,237535000,0.82986111111111116
2015-11-14 00:00:00 UTC,382,210,237566000,1.8566666666666669
2015-11-14 00:00:00 UTC,382,209,237566000,0.78333333333333333
2015-11-14 00:00:00 UTC,382,211,237566000,2.060138888888889
2015-11-14 00:00:00 UTC,382,212,237566000,0.52986111111111112
2015-11-14 00:00:00 UTC,382,213,239432000,7.547083333333334
2015-11-14 00:00:00 UTC,382,211,239432000,5.23388888888889
2015-11-14 00:00:00 UTC,382,164,247125580,34.697500000000005
2015-11-14 00:00:00 UTC,382,-93,263412560,4.0711111111111125
2015-11-14 00:00:00 UTC,382,211,237446000,1.6308333333333334
2015-11-14 00:00:00 UTC,382,209,237446000,2.37375
2015-11-14 00:00:00 UTC,382,210,237446000,2.3330555555555557
2015-11-14 00:00:00 UTC,382,209,237552000,2.8284722222222221
2015-11-14 00:00:00 UTC,382,208,237552000,0.87708333333333333
2015-11-14 00:00:00 UTC,382,210,237552000,0.27069444444444446
2015-11-14 00:00:00 UTC,382,213,237914000,1.850972222222222
2015-11-14 00:00:00 UTC,382,211,237914000,6.898194444444445
2015-11-14 00:00:00 UTC,382,212,237914000,4.93138888888889
2015-11-14 00:00:00 UTC,382,209,237444000,1.0715277777777779
2015-11-14 00:00:00 UTC,382,210,237444000,3.2156944444444444
2015-11-14 00:00:00 UTC,382,164,247122090,9.7920833333333324
2015-11-14 00:00:00 UTC,382,211,240632000,3.9322222222222218
2015-11-14 00:00:00 UTC,382,212,240120000,0.74430555555555544
2015-11-14 00:00:00 UTC,382,211,240120000,3.2879166666666668
2015-11-14 00:00:00 UTC,382,-1608,416717000,3.0575
2015-11-14 00:00:00 UTC,382,209,237613000,5.7533333333333339
2015-11-14 00:00:00 UTC,382,210,237613000,2.0879166666666671
2015-11-14 00:00:00 UTC,382,208,237613000,1.848611111111111
2015-11-14 00:00:00 UTC,382,-96,263500263,1.325277777777778
2015-11-14 00:00:00 UTC,382,208,237441000,5.5065277777777775
2015-11-14 00:00:00 UTC,382,212,237441000,5.2352777777777781
2015-11-14 00:00:00 UTC,638,-158,251215110,1.3098611111111111
2015-11-14 00:00:00 UTC,638,-159,251215110,5.4074999999999989
2015-11-14 00:00:00 UTC,638,-262,251125000,0.62027777777777782
2015-11-14 00:00:00 UTC,638,-263,251125000,1.9651388888888888
2015-11-14 00:00:00 UTC,638,-266,251125000,0.71916666666666673
2015-11-14 00:00:00 UTC,638,-264,251125000,3.8912499999999994
2015-11-14 00:00:00 UTC,638,-265,251125000,3.8036111111111115
2015-11-14 00:00:00 UTC,638,-161,251065110,0.41583333333333339
2015-11-14 00:00:00 UTC,638,-162,251065110,1.5643055555555556
2015-11-14 00:00:00 UTC,638,-264,251391000,4.9777777777777779
2015-11-14 00:00:00 UTC,638,-265,251391000,3.4588888888888896
2015-11-14 00:00:00 UTC,638,-266,251391000,0.95236111111111132
2015-11-14 00:00:00 UTC,638,-263,251391000,0.18125000000000002
2015-11-14 00:00:00 UTC,638,89,257176620,0.8322222222222222
2015-11-14 00:00:00 UTC,638,-125,251212110,1.4541666666666666
2015-11-14 00:00:00 UTC,638,-124,251239000,3.2934722222222219
2015-11-14 00:00:00 UTC,638,-122,251239000,1.54
2015-11-14 00:00:00 UTC,638,-161,251057000,1.5926388888888887
2015-11-14 00:00:00 UTC,638,-265,251526000,1.6069444444444443
2015-11-14 00:00:00 UTC,638,-263,251526000,3.6898611111111106
2015-11-14 00:00:00 UTC,638,-263,251227000,1.7526388888888889
2015-11-14 00:00:00 UTC,638,-264,251227000,0.58291666666666664
2015-11-14 00:00:00 UTC,638,-262,251227000,0.51680555555555552
2015-11-14 00:00:00 UTC,638,-264,251163000,1.8380555555555553
2015-11-14 00:00:00 UTC,638,-263,251163000,1.6684722222222219
2015-11-14 00:00:00 UTC,638,-262,251163000,0.9177777777777778
2015-11-14 00:00:00 UTC,638,-266,251451000,1.5843055555555559
2015-11-14 00:00:00 UTC,638,-265,251451000,0.78347222222222213
2015-11-14 00:00:00 UTC,638,-264,251451000,2.1774999999999998
2015-11-14 00:00:00 UTC,638,-263,251451000,1.1913888888888891
2015-11-14 00:00:00 UTC,638,-257,251050110,1.631388888888889
2015-11-14 00:00:00 UTC,638,-258,251050110,0.78652777777777783
2015-11-14 00:00:00 UTC,638,-230,251081110,3.4177777777777778
2015-11-14 00:00:00 UTC,638,-162,251086000,1.0258333333333334
2015-11-14 00:00:00 UTC,638,-231,251037110,1.6740277777777779
2015-11-14 00:00:00 UTC,638,-231,251367110,1.5205555555555557
2015-11-14 00:00:00 UTC,638,-161,251068110,0.25555555555555554
2015-11-14 00:00:00 UTC,638,-162,251068110,2.048055555555556
2015-11-14 00:00:00 UTC,638,-163,251068110,0.7583333333333333
2015-11-14 00:00:00 UTC,638,-222,251222740,0.80583333333333329
2015-11-14 00:00:00 UTC,638,-221,251222740,1.2529166666666667
2015-11-14 00:00:00 UTC,638,-231,251468000,6.6502777777777773
2015-11-14 00:00:00 UTC,638,-232,251468000,3.1398611111111112
2015-11-14 00:00:00 UTC,638,-224,251301110,0.35972222222222222
2015-11-14 00:00:00 UTC,-386,1705,512300107,0.066666666666666666
2015-11-14 00:00:00 UTC,-386,1706,512300107,0.76277777777777778
2015-11-14 00:00:00 UTC,-130,1248,503003170,8.97861111111111
2015-11-14 00:00:00 UTC,-130,1534,431070000,0.26902777777777775
2015-11-14 00:00:00 UTC,-130,1533,431070000,0.37208333333333332
2015-11-14 00:00:00 UTC,-130,-1234,440549000,0.36958333333333332
2015-11-14 00:00:00 UTC,-130,-1237,440549000,0.70152777777777775
2015-11-14 00:00:00 UTC,-130,-1233,440549000,2.1122222222222224
2015-11-14 00:00:00 UTC,-130,-1240,440645000,0.84583333333333321
2015-11-14 00:00:00 UTC,-130,1707,412470420,1.5863888888888886
2015-11-14 00:00:00 UTC,-130,-1358,416303000,5.3583333333333334
2015-11-14 00:00:00 UTC,-130,-1354,416303000,4.695
2015-11-14 00:00:00 UTC,-130,-1352,416303000,0.77277777777777767
2015-11-14 00:00:00 UTC,-130,-1353,416303000,1.9420833333333332
2015-11-14 00:00:00 UTC,-130,-1351,416303000,4.3788888888888886
2015-11-14 00:00:00 UTC,-130,-1243,440847000,3.1554166666666665
2015-11-14 00:00:00 UTC,-130,-1230,440772000,2.5180555555555557
2015-11-14 00:00:00 UTC,-130,-1225,440772000,1.3825000000000003
2015-11-14 00:00:00 UTC,-130,-1229,440772000,4.855833333333333
2015-11-14 00:00:00 UTC,-130,-1227,440772000,2.4137500000000003
2015-11-14 00:00:00 UTC,-130,-1232,441038000,0.35555555555555557
2015-11-14 00:00:00 UTC,-130,-1235,432515000,0.72041666666666671
2015-11-14 00:00:00 UTC,-130,-1234,432515000,2.6247222222222222
2015-11-14 00:00:00 UTC,-130,-1239,440641000,0.66125
2015-11-14 00:00:00 UTC,127,-175,663135000,3.5120833333333343
2015-11-14 00:00:00 UTC,383,210,239253000,11.34125
2015-11-14 00:00:00 UTC,383,209,237535000,8.4390277777777776
2015-11-14 00:00:00 UTC,383,-399,224043560,0.49805555555555558
2015-11-14 00:00:00 UTC,383,-400,224043560,0.17208333333333331
2015-11-14 00:00:00 UTC,383,209,237566000,2.6155555555555554
2015-11-14 00:00:00 UTC,383,209,237446000,2.4094444444444445
2015-11-14 00:00:00 UTC,383,1213,412205431,4.70125
2015-11-14 00:00:00 UTC,383,209,237552000,2.265
2015-11-14 00:00:00 UTC,383,208,237552000,3.438333333333333
2015-11-14 00:00:00 UTC,383,210,237552000,0.27458333333333329
2015-11-14 00:00:00 UTC,383,266,271072393,0.5788888888888889
2015-11-14 00:00:00 UTC,383,209,237444000,5.7398611111111109
2015-11-14 00:00:00 UTC,383,208,237444000,2.1356944444444443
2015-11-14 00:00:00 UTC,383,210,237444000,2.1497222222222221
2015-11-14 00:00:00 UTC,383,210,239044000,3.0833333333333335
2015-11-14 00:00:00 UTC,383,165,247122090,4.8488888888888884
2015-11-14 00:00:00 UTC,383,164,247122090,2.4294444444444445
2015-11-14 00:00:00 UTC,383,166,247122090,1.8848611111111111
2015-11-14 00:00:00 UTC,383,209,237613000,2.9070833333333335
2015-11-14 00:00:00 UTC,383,210,237613000,1.2986111111111112
2015-11-14 00:00:00 UTC,383,208,237613000,6.0240277777777784
2015-11-14 00:00:00 UTC,383,1222,800036304,0.83763888888888882
2015-11-14 00:00:00 UTC,383,208,237441000,2.4652777777777777
2015-11-14 00:00:00 UTC,639,-159,251215110,1.0151388888888888
2015-11-14 00:00:00 UTC,639,-160,251215110,2.5958333333333328
2015-11-14 00:00:00 UTC,639,-262,251125000,0.512638888888889
2015-11-14 00:00:00 UTC,639,-263,251125000,1.2954166666666667
2015-11-14 00:00:00 UTC,639,-264,251125000,4.7672222222222231
2015-11-14 00:00:00 UTC,639,-265,251125000,2.0100000000000002
2015-11-14 00:00:00 UTC,639,-266,251125000,1.5763888888888891
2015-11-14 00:00:00 UTC,639,-162,251065110,0.625
2015-11-14 00:00:00 UTC,639,-264,251391000,0.25666666666666665
2015-11-14 00:00:00 UTC,639,-265,251391000,3.0929166666666656
2015-11-14 00:00:00 UTC,639,-267,251391000,2.1095833333333331
2015-11-14 00:00:00 UTC,639,-266,251391000,3.2255555555555557
2015-11-14 00:00:00 UTC,639,-125,251212110,1.7090277777777778
2015-11-14 00:00:00 UTC,639,-132,251212110,2.2494444444444444
2015-11-14 00:00:00 UTC,639,-123,251239000,1.77125
2015-11-14 00:00:00 UTC,639,-122,251239000,1.4944444444444445
2015-11-14 00:00:00 UTC,639,-267,251526000,6.3812500000000014
2015-11-14 00:00:00 UTC,639,-268,251526000,2.3320833333333333
2015-11-14 00:00:00 UTC,639,-266,251526000,1.5793055555555555
2015-11-14 00:00:00 UTC,639,-265,251526000,2.4865277777777779
2015-11-14 00:00:00 UTC,639,-265,251227000,0.40763888888888888
2015-11-14 00:00:00 UTC,639,-264,251227000,0.52569444444444446
2015-11-14 00:00:00 UTC,639,-263,251227000,0.74027777777777781
2015-11-14 00:00:00 UTC,639,-263,251163000,0.79138888888888892
2015-11-14 00:00:00 UTC,639,-264,251163000,2.3651388888888887
2015-11-14 00:00:00 UTC,639,-266,251451000,1.3336111111111111
2015-11-14 00:00:00 UTC,639,-263,251451000,2.9366666666666661
2015-11-14 00:00:00 UTC,639,-265,251451000,2.1849999999999996
2015-11-14 00:00:00 UTC,639,-264,251451000,2.0159722222222225
2015-11-14 00:00:00 UTC,-385,1705,512300107,0.72902777777777783
2015-11-14 00:00:00 UTC,-129,-1244,440704000,2.6206944444444447
2015-11-14 00:00:00 UTC,-129,1533,431070000,2.0955555555555554
2015-11-14 00:00:00 UTC,-129,1532,431070000,3.5184722222222224
2015-11-14 00:00:00 UTC,-129,-1719,576093000,2.212361111111111
2015-11-14 00:00:00 UTC,-129,-1238,441660000,5.5413888888888883
2015-11-14 00:00:00 UTC,-129,-1235,440549000,1.7352777777777777
2015-11-14 00:00:00 UTC,-129,-1233,440549000,2.4247222222222224
2015-11-14 00:00:00 UTC,-129,-1237,440549000,1.1531944444444444
2015-11-14 00:00:00 UTC,-129,-1234,440549000,0.37361111111111112
2015-11-14 00:00:00 UTC,-129,-1240,440645000,5.8526388888888885
2015-11-14 00:00:00 UTC,-129,-1169,431482000,2.1705555555555556
2015-11-14 00:00:00 UTC,-129,-1358,416303000,1.9154166666666663
2015-11-14 00:00:00 UTC,-129,-1355,416303000,4.724444444444444
2015-11-14 00:00:00 UTC,-129,-1225,440772000,1.6929166666666664
2015-11-14 00:00:00 UTC,-129,-1232,441038000,3.9468055555555557
2015-11-14 00:00:00 UTC,-129,-1231,441038000,1.4876388888888887
2015-11-14 00:00:00 UTC,-129,-1235,432515000,0.72541666666666682
2015-11-14 00:00:00 UTC,-129,-1234,432515000,2.7747222222222221
2015-11-14 00:00:00 UTC,-129,-1239,440641000,3.1666666666666661
2015-11-14 00:00:00 UTC,-129,-1523,412420848,5.6509722222222223
2015-11-14 00:00:00 UTC,128,1724,431206000,1.0763888888888888
2015-11-14 00:00:00 UTC,128,1725,431206000,0.73597222222222225
2015-11-14 00:00:00 UTC,128,1726,431206000,2.3848611111111113
2015-11-14 00:00:00 UTC,384,1216,412205602,0.71958333333333335
2015-11-14 00:00:00 UTC,384,1215,412205602,0.99194444444444452
2015-11-14 00:00:00 UTC,384,1217,412205602,11.720694444444446
2015-11-14 00:00:00 UTC,384,1214,412205602,1.6255555555555556
2015-11-14 00:00:00 UTC,384,-403,224043560,6.6395833333333334
2015-11-14 00:00:00 UTC,384,-400,224043560,0.55875
2015-11-14 00:00:00 UTC,384,-402,224043560,0.31791666666666663
2015-11-14 00:00:00 UTC,384,-401,224043560,0.50347222222222221
2015-11-14 00:00:00 UTC,384,1215,412205611,5.5093055555555557
2015-11-14 00:00:00 UTC,384,1212,412205611,0.93180555555555555
2015-11-14 00:00:00 UTC,384,1215,412205613,1.4191666666666667
2015-11-14 00:00:00 UTC,384,-97,263294000,4.790972222222222
2015-11-14 00:00:00 UTC,384,-95,204254000,2.2720833333333337
2015-11-14 00:00:00 UTC,384,209,237566000,3.9352777777777774
2015-11-14 00:00:00 UTC,384,208,237566000,6.868611111111111
2015-11-14 00:00:00 UTC,384,1215,412205136,3.4554166666666668
2015-11-14 00:00:00 UTC,384,209,237446000,8.1795833333333334
2015-11-14 00:00:00 UTC,384,1215,412205439,4.5281944444444449
2015-11-14 00:00:00 UTC,384,209,237552000,7.3881944444444461
2015-11-14 00:00:00 UTC,384,208,237552000,0.91125
2015-11-14 00:00:00 UTC,384,1210,412201608,5.6202777777777779
2015-11-14 00:00:00 UTC,384,266,271072393,1.402222222222222
2015-11-14 00:00:00 UTC,384,257,237519000,3.3668055555555556
2015-11-14 00:00:00 UTC,384,258,237519000,0.71513888888888888
2015-11-14 00:00:00 UTC,384,1210,412201625,2.5361111111111114
2015-11-14 00:00:00 UTC,384,209,237444000,3.0444444444444443
2015-11-14 00:00:00 UTC,384,208,237444000,1.4259722222222222
2015-11-14 00:00:00 UTC,384,210,239044000,1.5802777777777777
2015-11-14 00:00:00 UTC,384,167,247122090,4.1358333333333333
2015-11-14 00:00:00 UTC,384,1218,412281264,6.1034722222222229
2015-11-14 00:00:00 UTC,384,1219,412205493,7.15125
2015-11-14 00:00:00 UTC,384,1218,412205493,9.00375
2015-11-14 00:00:00 UTC,384,1213,412201657,14.65625
2015-11-14 00:00:00 UTC,384,208,237613000,0.54194444444444434
2015-11-14 00:00:00 UTC,384,1216,412211154,0.26291666666666669
2015-11-14 00:00:00 UTC,384,208,237441000,2.2527777777777782
2015-11-14 00:00:00 UTC,384,255,237206000,1.0393055555555555
2015-11-14 00:00:00 UTC,640,-133,251054110,2.6565277777777778
2015-11-14 00:00:00 UTC,640,-128,251212110,2.4402777777777773
2015-11-14 00:00:00 UTC,640,-134,251212110,0.8125
2015-11-14 00:00:00 UTC,640,-126,251212110,1.7670833333333333
2015-11-14 00:00:00 UTC,640,-260,251062110,0.77527777777777784
2015-11-14 00:00:00 UTC,640,-257,251062110,0.72777777777777775
2015-11-14 00:00:00 UTC,640,-261,251062110,0.51611111111111108
2015-11-14 00:00:00 UTC,640,-259,251062110,0.52499999999999991
2015-11-14 00:00:00 UTC,640,-258,251062110,0.77916666666666667
2015-11-14 00:00:00 UTC,640,-256,251062110,0.13013888888888889
2015-11-14 00:00:00 UTC,640,-537,331238000,0.80013888888888884
2015-11-14 00:00:00 UTC,640,-538,331238000,1.3966666666666665
2015-11-14 00:00:00 UTC,640,-536,331238000,0.79
2015-11-14 00:00:00 UTC,640,-263,251526000,0.68861111111111106
2015-11-14 00:00:00 UTC,640,-262,251526000,0.84361111111111109
2015-11-14 00:00:00 UTC,640,-264,251227000,0.96347222222222229
2015-11-14 00:00:00 UTC,640,-263,251227000,1.2845833333333334
2015-11-14 00:00:00 UTC,640,-262,251227000,1.125
2015-11-14 00:00:00 UTC,640,-265,251227000,3.0338888888888884
2015-11-14 00:00:00 UTC,640,-262,251163000,1.586111111111111
2015-11-14 00:00:00 UTC,640,-263,251163000,2.422361111111111
2015-11-14 00:00:00 UTC,640,-264,251451000,1.0519444444444446
2015-11-14 00:00:00 UTC,640,-263,251451000,2.3609722222222222
2015-11-14 00:00:00 UTC,640,-265,251451000,0.5098611111111111
2015-11-14 00:00:00 UTC,640,-558,211214200,0.7943055555555556
2015-11-14 00:00:00 UTC,640,-236,251580540,6.7383333333333333
2015-11-14 00:00:00 UTC,640,-133,251049110,4.2793055555555561
2015-11-14 00:00:00 UTC,640,-134,251049110,1.2731944444444443
2015-11-14 00:00:00 UTC,640,-132,251049110,1.6420833333333333
2015-11-14 00:00:00 UTC,640,-134,251143110,4.4698611111111113
2015-11-14 00:00:00 UTC,640,-133,251143110,2.1591666666666667
2015-11-14 00:00:00 UTC,640,-132,251143110,1.7336111111111112
2015-11-14 00:00:00 UTC,-128,-1245,440704000,0.3625
2015-11-14 00:00:00 UTC,-128,-1244,440704000,0.38749999999999996
2015-11-14 00:00:00 UTC,-128,-1719,576093000,1.7948611111111108
2015-11-14 00:00:00 UTC,-128,-1718,576093000,3.0291666666666663
2015-11-14 00:00:00 UTC,-128,-1233,440549000,1.2893055555555555
2015-11-14 00:00:00 UTC,-128,-1233,440517000,9.8065277777777773
2015-11-14 00:00:00 UTC,-128,-1174,431482000,0.13333333333333333
2015-11-14 00:00:00 UTC,-128,-1226,440772000,3.1469444444444443
2015-11-14 00:00:00 UTC,-128,-1232,441038000,4.3336111111111109
2015-11-14 00:00:00 UTC,-128,-1235,432515000,7.1409722222222216
2015-11-14 00:00:00 UTC,-128,-1234,432515000,2.8215277777777787
2015-11-14 00:00:00 UTC,-128,-1354,416118500,1.4434722222222223
2015-11-14 00:00:00 UTC,-128,-1355,416118500,5.13
2015-11-14 00:00:00 UTC,-128,-1353,416118500,1.2922222222222222
2015-11-14 00:00:00 UTC,-128,-1359,416118500,1.9990277777777776
2015-11-14 00:00:00 UTC,-128,-1358,416118500,5.3748611111111115
2015-11-14 00:00:00 UTC,-128,-1240,440641000,3.3766666666666669
2015-11-14 00:00:00 UTC,-128,-1239,440641000,0.37861111111111112
2015-11-14 00:00:00 UTC,129,1724,431206000,0.34458333333333335
2015-11-14 00:00:00 UTC,129,1723,431206000,1.7052777777777779
2015-11-14 00:00:00 UTC,385,261,237802000,18.284861111111113
2015-11-14 00:00:00 UTC,385,1221,412214545,3.3448611111111113
2015-11-14 00:00:00 UTC,385,1220,412214545,4.6468055555555559
2015-11-14 00:00:00 UTC,385,1212,412125458,3.9530555555555553
2015-11-14 00:00:00 UTC,385,1211,412125458,0.66402777777777777
2015-11-14 00:00:00 UTC,385,-411,224048150,0.33319444444444446
2015-11-14 00:00:00 UTC,385,1210,412701468,6.7659722222222216
2015-11-14 00:00:00 UTC,385,1216,412205602,3.0929166666666665
2015-11-14 00:00:00 UTC,385,1217,412205602,0.50347222222222221
2015-11-14 00:00:00 UTC,385,1215,412205602,3.6734722222222222
2015-11-14 00:00:00 UTC,385,1215,412205613,0.18347222222222223
2015-11-14 00:00:00 UTC,385,-95,204254000,0.55527777777777776
2015-11-14 00:00:00 UTC,385,1222,100702538,10.865833333333333
2015-11-14 00:00:00 UTC,385,1216,412205136,1.8884722222222221
2015-11-14 00:00:00 UTC,385,1215,412205136,7.649861111111111
2015-11-14 00:00:00 UTC,385,1220,100700767,0.83611111111111114
2015-11-14 00:00:00 UTC,385,1222,100700767,11.001666666666665
2015-11-14 00:00:00 UTC,385,1221,100700767,9.53125
2015-11-14 00:00:00 UTC,385,1218,412211567,0.17930555555555555
2015-11-14 00:00:00 UTC,385,209,237446000,2.4325
2015-11-14 00:00:00 UTC,385,1221,413111166,4.0781944444444438
2015-11-14 00:00:00 UTC,385,1220,413111166,2.8070833333333329
2015-11-14 00:00:00 UTC,385,1220,412324223,2.2319444444444443
2015-11-14 00:00:00 UTC,385,1221,412324223,1.3119444444444446
2015-11-14 00:00:00 UTC,385,1218,412324223,0.41652777777777777
2015-11-14 00:00:00 UTC,385,1219,412324223,3.336666666666666
2015-11-14 00:00:00 UTC,385,1218,412324224,2.141111111111111
2015-11-14 00:00:00 UTC,385,209,237552000,0.79388888888888887
2015-11-14 00:00:00 UTC,385,1212,412201608,4.5356944444444443
2015-11-14 00:00:00 UTC,385,1209,412201608,9.7768055555555549
2015-11-14 00:00:00 UTC,385,258,237519000,2.6466666666666665
2015-11-14 00:00:00 UTC,385,1209,412205721,5.5854166666666663
2015-11-14 00:00:00 UTC,385,1212,412205468,7.2505555555555556
2015-11-14 00:00:00 UTC,385,261,240153000,0.77597222222222229
2015-11-14 00:00:00 UTC,385,257,240153000,1.9775
2015-11-14 00:00:00 UTC,385,262,240153000,1.0655555555555556
2015-11-14 00:00:00 UTC,385,256,240153000,2.1633333333333331
2015-11-14 00:00:00 UTC,385,1210,848372913,3.739583333333333
2015-11-14 00:00:00 UTC,385,1220,412205493,4.6779166666666665
2015-11-14 00:00:00 UTC,385,1219,412205493,2.6765277777777778
2015-11-14 00:00:00 UTC,385,1212,790701494,6.5234722222222219
2015-11-14 00:00:00 UTC,385,235,239459000,7.1318055555555553
2015-11-14 00:00:00 UTC,385,1212,800044486,18.096388888888889
2015-11-14 00:00:00 UTC,385,209,237453000,12.169583333333335
2015-11-14 00:00:00 UTC,385,1212,412040923,6.9472222222222229
2015-11-14 00:00:00 UTC,385,1212,412055008,7.3391666666666664
2015-11-14 00:00:00 UTC,385,1209,412201705,0.79736111111111108
2015-11-14 00:00:00 UTC,385,1212,412201709,11.70263888888889
2015-11-14 00:00:00 UTC,385,1216,412201709,11.061805555555555
2015-11-14 00:00:00 UTC,385,1212,412201711,5.1276388888888889
2015-11-14 00:00:00 UTC,385,255,237206000,1.0880555555555556
2015-11-14 00:00:00 UTC,385,254,237206000,6.0402777777777779
2015-11-14 00:00:00 UTC,385,1219,800040695,0.52861111111111114
2015-11-14 00:00:00 UTC,385,1211,412205561,1.4559722222222222
2015-11-14 00:00:00 UTC,385,1212,412205561,14.792638888888893
2015-11-14 00:00:00 UTC,385,1221,100700159,0.66180555555555554
2015-11-14 00:00:00 UTC,641,-227,251588110,1.7616666666666665
2015-11-14 00:00:00 UTC,641,-226,251588110,0.12819444444444444
2015-11-14 00:00:00 UTC,641,-134,251054110,0.74847222222222221
2015-11-14 00:00:00 UTC,641,-230,251789110,1.357361111111111
2015-11-14 00:00:00 UTC,641,-134,251212110,0.77833333333333332
2015-11-14 00:00:00 UTC,641,-270,251062110,1.2974999999999999
2015-11-14 00:00:00 UTC,641,-269,251062110,0.97597222222222224
2015-11-14 00:00:00 UTC,641,-538,331238000,2.5424999999999995
2015-11-14 00:00:00 UTC,641,-536,331238000,0.78472222222222232
2015-11-14 00:00:00 UTC,641,-263,251526000,0.6841666666666667
2015-11-14 00:00:00 UTC,641,-265,251526000,0.9125
2015-11-14 00:00:00 UTC,641,-264,251526000,0.33652777777777776
2015-11-14 00:00:00 UTC,641,-558,211214200,1.6419444444444442
2015-11-14 00:00:00 UTC,641,-133,251049110,1.013611111111111
2015-11-14 00:00:00 UTC,641,-134,251049110,0.25888888888888889
2015-11-14 00:00:00 UTC,641,-148,251848370,0.53597222222222229
2015-11-14 00:00:00 UTC,641,-150,251848370,1.6291666666666664
2015-11-14 00:00:00 UTC,641,-151,251848370,1.3241666666666667
2015-11-14 00:00:00 UTC,641,-149,251848370,1.8488888888888888
2015-11-14 00:00:00 UTC,641,-134,251143110,0.82847222222222228
2015-11-14 00:00:00 UTC,641,-133,251143110,1.3929166666666664
2015-11-14 00:00:00 UTC,-127,123,224745000,2.8095833333333342
2015-11-14 00:00:00 UTC,-127,-1719,576093000,1.3290277777777777
2015-11-14 00:00:00 UTC,-127,-1256,440946000,4.6697222222222221
2015-11-14 00:00:00 UTC,-127,-1238,441660000,1.1506944444444442
2015-11-14 00:00:00 UTC,-127,-1237,440549000,2.4391666666666669
2015-11-14 00:00:00 UTC,-127,-1233,440549000,1.3868055555555556
2015-11-14 00:00:00 UTC,-127,-1233,440517000,2.6751388888888892
2015-11-14 00:00:00 UTC,-127,-1174,431482000,0.57291666666666663
2015-11-14 00:00:00 UTC,-127,-1232,441038000,2.1615277777777773
2015-11-14 00:00:00 UTC,-127,-1235,432515000,2.929583333333333
2015-11-14 00:00:00 UTC,-127,-1234,432515000,2.7666666666666657
2015-11-14 00:00:00 UTC,-127,-1150,432343000,2.3783333333333334
2015-11-14 00:00:00 UTC,-127,-1255,440780000,4.66
2015-11-14 00:00:00 UTC,-127,-1352,416118500,4.7144444444444451
2015-11-14 00:00:00 UTC,-127,-1357,416118500,4.6480555555555556
2015-11-14 00:00:00 UTC,-127,-1443,546012900,4.8845833333333335
2015-11-14 00:00:00 UTC,-127,-1239,440641000,1.8159722222222221
2015-11-14 00:00:00 UTC,-127,-1522,412420848,4.8025
2015-11-14 00:00:00 UTC,-127,-1520,412420848,4.685138888888889
2015-11-14 00:00:00 UTC,-127,-1358,416822000,1.437222222222222
2015-11-14 00:00:00 UTC,-127,-1357,416822000,5.9859722222222214
2015-11-14 00:00:00 UTC,130,1723,431206000,0.35569444444444442
2015-11-14 00:00:00 UTC,130,1722,431206000,1.2613888888888889
2015-11-14 00:00:00 UTC,130,648,412440494,14.999305555555555
2015-11-14 00:00:00 UTC,386,-95,263401740,0.39069444444444446
2015-11-14 00:00:00 UTC,386,-96,263401740,0.82472222222222225
2015-11-14 00:00:00 UTC,386,232,237962000,12.193333333333333
2015-11-14 00:00:00 UTC,386,1221,412214545,0.51277777777777778
2015-11-14 00:00:00 UTC,386,-407,224048150,1.7694444444444444
2015-11-14 00:00:00 UTC,386,-411,224048150,1.4016666666666664
2015-11-14 00:00:00 UTC,386,-410,224048150,1.8434722222222222
2015-11-14 00:00:00 UTC,386,1207,410201111,1.9518055555555556
2015-11-14 00:00:00 UTC,386,1222,412325668,13.998750000000001
2015-11-14 00:00:00 UTC,386,-95,263414850,7.3325000000000014
2015-11-14 00:00:00 UTC,386,-133,224098640,3.6013888888888888
2015-11-14 00:00:00 UTC,386,1216,413569879,4.0698611111111109
2015-11-14 00:00:00 UTC,386,1219,100700767,0.27458333333333329
2015-11-14 00:00:00 UTC,386,232,237980000,2.3056944444444443
2015-11-14 00:00:00 UTC,386,1224,412693862,1.7213888888888889
2015-11-14 00:00:00 UTC,386,1216,412215148,5.8804166666666671
2015-11-14 00:00:00 UTC,386,1218,412000884,4.0304166666666665
2015-11-14 00:00:00 UTC,386,1217,412354677,2.78
2015-11-14 00:00:00 UTC,386,1218,412354677,0.62166666666666659
2015-11-14 00:00:00 UTC,386,1216,412354677,15.09722222222222
2015-11-14 00:00:00 UTC,386,1216,412356985,3.1309722222222227
2015-11-14 00:00:00 UTC,386,1214,412356985,1.4475
2015-11-14 00:00:00 UTC,386,1218,412356985,0.47638888888888892
2015-11-14 00:00:00 UTC,386,1215,412356985,3.4429166666666666
2015-11-14 00:00:00 UTC,386,1217,412356985,3.8943055555555559
2015-11-14 00:00:00 UTC,386,1220,412324223,1.5886111111111112
2015-11-14 00:00:00 UTC,386,1223,412324223,10.040138888888889
2015-11-14 00:00:00 UTC,386,1220,412324224,3.0672222222222221
2015-11-14 00:00:00 UTC,386,1221,412324224,0.31680555555555556
2015-11-14 00:00:00 UTC,386,1208,412201091,8.9313888888888879
2015-11-14 00:00:00 UTC,386,1216,412201615,2.7295833333333341
2015-11-14 00:00:00 UTC,386,1217,412201615,3.2100000000000004
2015-11-14 00:00:00 UTC,386,1218,412201615,2.3080555555555557
2015-11-14 00:00:00 UTC,386,1215,412201615,5.4915277777777778
2015-11-14 00:00:00 UTC,386,1218,110705296,3.0734722222222217
2015-11-14 00:00:00 UTC,386,1217,110705296,1.642638888888889
2015-11-14 00:00:00 UTC,386,-96,263354000,0.40013888888888888
2015-11-14 00:00:00 UTC,386,1210,412411027,4.8425
2015-11-14 00:00:00 UTC,386,1209,412411027,1.9615277777777778
2015-11-14 00:00:00 UTC,386,1211,412411027,6.2402777777777789
2015-11-14 00:00:00 UTC,386,1217,800010388,0.2747222222222222
2015-11-14 00:00:00 UTC,386,258,237519000,5.8916666666666666
2015-11-14 00:00:00 UTC,386,259,237519000,0.33333333333333331
2015-11-14 00:00:00 UTC,386,1211,412013208,4.0783333333333331
2015-11-14 00:00:00 UTC,386,1209,412013208,1.5543055555555556
2015-11-14 00:00:00 UTC,386,1210,412013208,10.184722222222224
2015-11-14 00:00:00 UTC,386,1209,412205721,1.2145833333333333
2015-11-14 00:00:00 UTC,386,1208,412205721,0.3923611111111111
2015-11-14 00:00:00 UTC,386,1216,412210585,0.96638888888888885
2015-11-14 00:00:00 UTC,386,1218,420082841,3.7173611111111109
2015-11-14 00:00:00 UTC,386,1219,420082841,0.9043055555555557
2015-11-14 00:00:00 UTC,386,1223,800044699,11.189027777777778
2015-11-14 00:00:00 UTC,386,1216,412205468,1.2234722222222221
2015-11-14 00:00:00 UTC,386,1210,412130725,1.0790277777777777
2015-11-14 00:00:00 UTC,386,1212,412130725,0.80472222222222223
2015-11-14 00:00:00 UTC,386,1211,412130725,2.6416666666666666
2015-11-14 00:00:00 UTC,386,257,240153000,4.7022222222222227
2015-11-14 00:00:00 UTC,386,258,240153000,1.5350000000000001
2015-11-14 00:00:00 UTC,386,266,271072427,12.711666666666666
2015-11-14 00:00:00 UTC,386,1216,412201142,8.0615277777777781
2015-11-14 00:00:00 UTC,386,1217,412201142,4.3898611111111112
2015-11-14 00:00:00 UTC,386,1215,412201142,11.096805555555557
2015-11-14 00:00:00 UTC,386,1215,412201667,2.1155555555555559
2015-11-14 00:00:00 UTC,386,1218,412201667,1.8673611111111112
2015-11-14 00:00:00 UTC,386,1217,412201667,3.2606944444444448
2015-11-14 00:00:00 UTC,386,1216,412201667,2.3763888888888887
2015-11-14 00:00:00 UTC,386,1217,412201668,3.1931944444444444
2015-11-14 00:00:00 UTC,386,1216,412201668,9.7966666666666669
2015-11-14 00:00:00 UTC,386,1218,412201668,1.6423611111111112
2015-11-14 00:00:00 UTC,386,1211,800044486,0.52861111111111114
2015-11-14 00:00:00 UTC,386,1216,412201671,0.913611111111111
2015-11-14 00:00:00 UTC,386,1214,412201671,4.739583333333333
2015-11-14 00:00:00 UTC,386,1215,412201671,1.108611111111111
2015-11-14 00:00:00 UTC,386,1213,412201671,1.5588888888888888
2015-11-14 00:00:00 UTC,386,233,237965000,0.62069444444444444
2015-11-14 00:00:00 UTC,386,-99,263341000,5.0852777777777769
2015-11-14 00:00:00 UTC,386,1215,412202440,1.1572222222222222
2015-11-14 00:00:00 UTC,386,1217,412202440,3.9599999999999995
2015-11-14 00:00:00 UTC,386,1218,412202440,0.85763888888888884
2015-11-14 00:00:00 UTC,386,1216,412202440,2.9015277777777779
2015-11-14 00:00:00 UTC,386,1208,412205001,0.54055555555555557
2015-11-14 00:00:00 UTC,386,1212,413115085,1.7169444444444444
2015-11-14 00:00:00 UTC,386,1211,413115085,1.4434722222222223
2015-11-14 00:00:00 UTC,386,1207,800019409,2.6790277777777778
2015-11-14 00:00:00 UTC,386,1223,412213972,9.525555555555556
2015-11-14 00:00:00 UTC,386,1219,412055008,0.4251388888888889
2015-11-14 00:00:00 UTC,386,1207,412201705,8.1954166666666666
2015-11-14 00:00:00 UTC,386,1209,412201705,0.32597222222222222
2015-11-14 00:00:00 UTC,386,1208,412201705,1.1337499999999998
2015-11-14 00:00:00 UTC,386,1212,412201709,1.1895833333333332
2015-11-14 00:00:00 UTC,386,-128,263405550,0.8206944444444445
2015-11-14 00:00:00 UTC,386,1212,412201711,1.2923611111111111
2015-11-14 00:00:00 UTC,386,1213,413011184,0.19597222222222221
2015-11-14 00:00:00 UTC,386,1212,413011184,1.5951388888888887
2015-11-14 00:00:00 UTC,386,255,237206000,1.1975
2015-11-14 00:00:00 UTC,386,254,237206000,4.9430555555555555
2015-11-14 00:00:00 UTC,386,1212,800036338,0.6975
2015-11-14 00:00:00 UTC,386,1211,800036338,10.293472222222222
2015-11-14 00:00:00 UTC,386,1210,800036338,6.3798611111111114
2015-11-14 00:00:00 UTC,386,1219,800040695,0.64041666666666663
2015-11-14 00:00:00 UTC,386,233,240331000,3.8522222222222222
2015-11-14 00:00:00 UTC,386,232,240331000,0.81263888888888891
2015-11-14 00:00:00 UTC,642,-227,251588110,1.0558333333333334
2015-11-14 00:00:00 UTC,642,-128,251054110,0.85263888888888884
2015-11-14 00:00:00 UTC,642,-231,251789110,2.5602777777777779
2015-11-14 00:00:00 UTC,642,-230,251789110,2.3026388888888887
2015-11-14 00:00:00 UTC,642,-222,251346240,0.97833333333333328
2015-11-14 00:00:00 UTC,642,-135,251212110,0.48333333333333339
2015-11-14 00:00:00 UTC,642,-223,251396440,1.252361111111111
2015-11-14 00:00:00 UTC,642,-222,251396440,3.0055555555555555
2015-11-14 00:00:00 UTC,642,-270,251062110,1.5775
2015-11-14 00:00:00 UTC,642,-541,331238000,0.50166666666666671
2015-11-14 00:00:00 UTC,642,-536,331238000,0.81986111111111115
2015-11-14 00:00:00 UTC,642,-539,331238000,0.727638888888889
2015-11-14 00:00:00 UTC,642,-540,331238000,1.5481944444444444
2015-11-14 00:00:00 UTC,642,-542,331238000,0.83583333333333332
2015-11-14 00:00:00 UTC,642,-558,211214200,0.77374999999999994
2015-11-14 00:00:00 UTC,-126,-1245,440704000,3.3226388888888891
2015-11-14 00:00:00 UTC,-126,581,416863000,0.61111111111111116
2015-11-14 00:00:00 UTC,-126,580,416863000,3.3981944444444445
2015-11-14 00:00:00 UTC,-126,579,416863000,1.1536111111111111
2015-11-14 00:00:00 UTC,-126,124,224745000,7.2286111111111113
2015-11-14 00:00:00 UTC,-126,123,224745000,2.524027777777778
2015-11-14 00:00:00 UTC,-126,-1720,576093000,1.3202777777777777
2015-11-14 00:00:00 UTC,-126,-1723,576093000,3.0394444444444448
2015-11-14 00:00:00 UTC,-126,-1722,576093000,0.76694444444444443
2015-11-14 00:00:00 UTC,-126,-1719,576093000,0.79972222222222211
2015-11-14 00:00:00 UTC,-126,-1721,576093000,2.5918055555555553
2015-11-14 00:00:00 UTC,-126,-1725,576093000,5.7213888888888889
2015-11-14 00:00:00 UTC,-126,-1257,440946000,1.2870833333333334
2015-11-14 00:00:00 UTC,-126,-1258,440946000,0.56444444444444442
2015-11-14 00:00:00 UTC,-126,-1238,441660000,0.95319444444444446
2015-11-14 00:00:00 UTC,-126,-1233,440549000,3.3240277777777782
2015-11-14 00:00:00 UTC,-126,-1235,440517000,5.3815277777777775
2015-11-14 00:00:00 UTC,-126,-1233,440517000,5.1840277777777786
2015-11-14 00:00:00 UTC,-126,-1174,431482000,0.70333333333333337
2015-11-14 00:00:00 UTC,-126,-1720,576122000,0.27013888888888887
2015-11-14 00:00:00 UTC,-126,-1232,441038000,1.2880555555555555
2015-11-14 00:00:00 UTC,-126,-1150,432343000,1.7368055555555553
2015-11-14 00:00:00 UTC,-126,-1256,440780000,1.9647222222222218
2015-11-14 00:00:00 UTC,-126,-1442,546012900,5.5629166666666663
2015-11-14 00:00:00 UTC,-126,-1239,440641000,1.0083333333333333
2015-11-14 00:00:00 UTC,-126,1669,412326894,1.9601388888888889
2015-11-14 00:00:00 UTC,-126,1670,412326894,5.3613888888888894
2015-11-14 00:00:00 UTC,-126,-1519,412420848,1.3608333333333333
2015-11-14 00:00:00 UTC,-126,-1520,412420848,1.3044444444444445
2015-11-14 00:00:00 UTC,-126,-1354,416822000,0.833888888888889
2015-11-14 00:00:00 UTC,-126,-1356,416822000,4.7244444444444449
2015-11-14 00:00:00 UTC,-126,-1357,416822000,5.146805555555555
2015-11-14 00:00:00 UTC,-126,-1353,416822000,5.4009722222222223
2015-11-14 00:00:00 UTC,-126,-1356,431500530,0.67999999999999994
2015-11-14 00:00:00 UTC,-126,-1357,431500530,0.649861111111111
2015-11-14 00:00:00 UTC,-126,-1355,431500530,3.1012500000000003
2015-11-14 00:00:00 UTC,131,1723,431206000,2.2511111111111113
2015-11-14 00:00:00 UTC,131,1722,431206000,2.3013888888888889
2015-11-14 00:00:00 UTC,131,1719,431206000,0.89208333333333323
2015-11-14 00:00:00 UTC,131,1720,431206000,0.79416666666666669
2015-11-14 00:00:00 UTC,131,615,412440496,5.278194444444444
2015-11-14 00:00:00 UTC,131,1006,567108846,1.6025
2015-11-14 00:00:00 UTC,131,1005,567108846,0.52305555555555561
2015-11-14 00:00:00 UTC,387,1217,412200449,10.340972222222224
2015-11-14 00:00:00 UTC,387,1215,412214795,7.3959722222222215
2015-11-14 00:00:00 UTC,387,1214,412214795,5.1365277777777782
2015-11-14 00:00:00 UTC,387,-96,263401740,5.232777777777776
2015-11-14 00:00:00 UTC,387,231,237450000,6.4984722222222224
2015-11-14 00:00:00 UTC,387,1209,800036880,3.4880555555555559
2015-11-14 00:00:00 UTC,387,-410,224048150,0.61972222222222229
2015-11-14 00:00:00 UTC,387,-409,224048150,0.79888888888888887
2015-11-14 00:00:00 UTC,387,-408,224048150,1.1647222222222224
2015-11-14 00:00:00 UTC,387,1214,218218518,11.772361111111111
2015-11-14 00:00:00 UTC,387,1215,218218518,6.1813888888888888
2015-11-14 00:00:00 UTC,387,1207,410201111,5.0937500000000009
2015-11-14 00:00:00 UTC,387,1210,412201242,6.07888888888889
2015-11-14 00:00:00 UTC,387,1217,412203035,2.5751388888888891
2015-11-14 00:00:00 UTC,387,1218,412203035,2.23375
2015-11-14 00:00:00 UTC,387,1216,412299808,2.4058333333333337
2015-11-14 00:00:00 UTC,387,1216,412205602,2.3765277777777776
2015-11-14 00:00:00 UTC,387,1217,412201773,6.3397222222222211
2015-11-14 00:00:00 UTC,387,1219,412201773,0.25055555555555553
2015-11-14 00:00:00 UTC,387,1216,412201773,5.532916666666666
2015-11-14 00:00:00 UTC,387,1215,412201773,0.65305555555555561
2015-11-14 00:00:00 UTC,387,1218,412201773,2.0948611111111113
2015-11-14 00:00:00 UTC,387,1217,412205359,7.7775
2015-11-14 00:00:00 UTC,387,1178,400288563,22.466805555555556
2015-11-14 00:00:00 UTC,387,1207,412055092,1.1059722222222221
2015-11-14 00:00:00 UTC,387,1216,412210231,2.3869444444444445
2015-11-14 00:00:00 UTC,387,1217,412210231,12.647083333333335
2015-11-14 00:00:00 UTC,387,1218,412210231,8.8218055555555548
2015-11-14 00:00:00 UTC,387,1220,412056888,0.25847222222222221
2015-11-14 00:00:00 UTC,387,1207,412200507,7.8981944444444441
2015-11-14 00:00:00 UTC,387,1209,412015163,0.72097222222222224
2015-11-14 00:00:00 UTC,387,1217,412281159,8.6784722222222221
2015-11-14 00:00:00 UTC,387,1217,412201037,14.964444444444444
2015-11-14 00:00:00 UTC,387,-131,224098640,3.419861111111111
2015-11-14 00:00:00 UTC,387,-132,224098640,0.53347222222222224
2015-11-14 00:00:00 UTC,387,1217,413569879,4.7719444444444461
2015-11-14 00:00:00 UTC,387,1216,413569879,3.7180555555555559
2015-11-14 00:00:00 UTC,387,1223,412200537,1.5104166666666665
2015-11-14 00:00:00 UTC,387,1183,412284249,2.6551388888888887
2015-11-14 00:00:00 UTC,387,1182,412284249,10.710694444444444
2015-11-14 00:00:00 UTC,387,1219,412200538,6.7920833333333324
2015-11-14 00:00:00 UTC,387,1220,412200538,0.725
2015-11-14 00:00:00 UTC,387,1219,800000861,11.570277777777781
2015-11-14 00:00:00 UTC,387,1185,412284253,1.8359722222222223
2015-11-14 00:00:00 UTC,387,263,271069034,10.812916666666666
2015-11-14 00:00:00 UTC,387,1215,412456300,4.9819444444444443
2015-11-14 00:00:00 UTC,387,1216,412215148,9.95625
2015-11-14 00:00:00 UTC,387,1208,412205427,1.6329166666666668
2015-11-14 00:00:00 UTC,387,1218,412000884,1.1345833333333335
2015-11-14 00:00:00 UTC,387,1182,412284278,15.999444444444446
2015-11-14 00:00:00 UTC,387,1215,412211065,6.8437499999999982
2015-11-14 00:00:00 UTC,387,1213,412211065,0.72597222222222224
2015-11-14 00:00:00 UTC,387,1214,412211065,10.275138888888888
2015-11-14 00:00:00 UTC,387,1221,412324223,0.56944444444444442
2015-11-14 00:00:00 UTC,387,1221,412324224,0.58319444444444446
2015-11-14 00:00:00 UTC,387,1184,987600002,10.632222222222223
2015-11-14 00:00:00 UTC,387,1210,412201353,2.3318055555555559
2015-11-14 00:00:00 UTC,387,1207,412323722,5.6025
2015-11-14 00:00:00 UTC,387,1215,912113290,0.79125
2015-11-14 00:00:00 UTC,387,1183,412284298,0.4752777777777778
2015-11-14 00:00:00 UTC,387,1218,110705296,2.8649999999999998
2015-11-14 00:00:00 UTC,387,1217,110705296,4.85361111111111
2015-11-14 00:00:00 UTC,387,-96,263354000,7.1866666666666683
2015-11-14 00:00:00 UTC,387,-99,263290000,5.3643055555555543
2015-11-14 00:00:00 UTC,387,1209,412411027,3.8837500000000005
2015-11-14 00:00:00 UTC,387,1217,412211607,2.2627777777777776
2015-11-14 00:00:00 UTC,387,1216,412211607,8.4223611111111119
2015-11-14 00:00:00 UTC,387,1215,412211607,12.401944444444448
2015-11-14 00:00:00 UTC,387,1214,412211607,0.91736111111111107
2015-11-14 00:00:00 UTC,387,1210,412013208,1.6534722222222225
2015-11-14 00:00:00 UTC,387,1209,412013208,6.1579166666666652
2015-11-14 00:00:00 UTC,387,1217,420082841,5.5538888888888875
2015-11-14 00:00:00 UTC,387,1218,420082841,2.4830555555555551
2015-11-14 00:00:00 UTC,387,1217,412207006,0.13347222222222221
2015-11-14 00:00:00 UTC,387,1214,413568929,13.521805555555556
2015-11-14 00:00:00 UTC,387,1215,413568929,4.6936111111111112
2015-11-14 00:00:00 UTC,387,1209,800044453,7.0945833333333326
2015-11-14 00:00:00 UTC,387,1206,412201638,1.1679166666666667
2015-11-14 00:00:00 UTC,387,1183,412284326,3.5380555555555557
2015-11-14 00:00:00 UTC,387,1209,800044456,6.9901388888888878
2015-11-14 00:00:00 UTC,387,1217,412205482,16.726666666666663
2015-11-14 00:00:00 UTC,387,1223,412000685,3.3316666666666666
2015-11-14 00:00:00 UTC,387,1214,412203183,0.12513888888888888
2015-11-14 00:00:00 UTC,387,1215,412203183,3.5676388888888888
2015-11-14 00:00:00 UTC,387,1214,412201142,6.0563888888888888
2015-11-14 00:00:00 UTC,387,1215,412201142,0.20972222222222223
2015-11-14 00:00:00 UTC,387,1213,412201657,2.810972222222222
2015-11-14 00:00:00 UTC,387,1214,412235456,6.7538888888888886
2015-11-14 00:00:00 UTC,387,1215,412235456,4.5798611111111125
2015-11-14 00:00:00 UTC,387,1222,412200388,2.9269444444444446
2015-11-14 00:00:00 UTC,387,1223,412200388,15.951666666666668
2015-11-14 00:00:00 UTC,387,1210,412201413,4.5715277777777779
2015-11-14 00:00:00 UTC,387,1211,800044486,0.27347222222222223
2015-11-14 00:00:00 UTC,387,1215,412207047,4.3466666666666667
2015-11-14 00:00:00 UTC,387,1211,413115085,2.8704166666666664
2015-11-14 00:00:00 UTC,387,1215,412205517,0.43069444444444438
2015-11-14 00:00:00 UTC,387,1216,412205517,0.60152777777777777
2015-11-14 00:00:00 UTC,387,1207,800019409,7.9831944444444449
2015-11-14 00:00:00 UTC,387,1223,412213972,9.95625
2015-11-14 00:00:00 UTC,387,1183,412283862,16.677500000000002
2015-11-14 00:00:00 UTC,387,1215,412206818,1.3126388888888889
2015-11-14 00:00:00 UTC,387,1223,412205543,0.64361111111111113
2015-11-14 00:00:00 UTC,387,-127,263405550,0.8698611111111112
2015-11-14 00:00:00 UTC,387,-126,263405550,5.16125
2015-11-14 00:00:00 UTC,387,1213,413011184,0.53861111111111115
2015-11-14 00:00:00 UTC,387,1211,413011184,0.13263888888888889
2015-11-14 00:00:00 UTC,387,1214,413011184,0.55333333333333334
2015-11-14 00:00:00 UTC,387,254,237206000,0.54097222222222219
2015-11-14 00:00:00 UTC,387,253,237206000,1.2502777777777776
2015-11-14 00:00:00 UTC,387,1210,800036338,1.8037499999999997
2015-11-14 00:00:00 UTC,387,1209,800036338,3.7441666666666666
2015-11-14 00:00:00 UTC,387,232,240331000,9.60138888888889
2015-11-14 00:00:00 UTC,387,1181,412285177,6.2063888888888883
2015-11-14 00:00:00 UTC,387,1183,412285177,4.2301388888888889
2015-11-14 00:00:00 UTC,387,1183,412285179,17.790277777777778
2015-11-14 00:00:00 UTC,387,1220,412215294,0.63027777777777771
2015-11-14 00:00:00 UTC,387,1218,412200447,0.14166666666666666
2015-11-14 00:00:00 UTC,643,-144,251140110,3.0523611111111109
2015-11-14 00:00:00 UTC,643,-143,251140110,1.4706944444444443
2015-11-14 00:00:00 UTC,643,-126,251054110,1.6055555555555556
2015-11-14 00:00:00 UTC,643,-235,251361840,1.8366666666666667
2015-11-14 00:00:00 UTC,643,-234,251361840,1.5940277777777776
2015-11-14 00:00:00 UTC,643,-233,251361840,3.652222222222222
2015-11-14 00:00:00 UTC,643,-232,251361840,1.6025
2015-11-14 00:00:00 UTC,643,-223,251346240,2.8523611111111111
2015-11-14 00:00:00 UTC,643,-222,251346240,0.34111111111111114
2015-11-14 00:00:00 UTC,643,-135,251212110,0.29472222222222222
2015-11-14 00:00:00 UTC,643,-136,251212110,0.21791666666666665
2015-11-14 00:00:00 UTC,643,-270,251062110,1.5416666666666665
2015-11-14 00:00:00 UTC,643,-230,251723110,2.399861111111111
2015-11-14 00:00:00 UTC,643,-231,251723110,4.6812499999999995
2015-11-14 00:00:00 UTC,643,-234,251253110,4.0498611111111122
2015-11-14 00:00:00 UTC,643,-233,251253110,1.7694444444444444
2015-11-14 00:00:00 UTC,643,-557,211214200,2.3550000000000004
2015-11-14 00:00:00 UTC,643,-558,211214200,3.2733333333333339
2015-11-14 00:00:00 UTC,643,-551,211214200,2.1416666666666666
2015-11-14 00:00:00 UTC,643,-218,251786110,4.9577777777777783
2015-11-14 00:00:00 UTC,643,-128,251034000,0.23222222222222222
2015-11-14 00:00:00 UTC,643,-127,251034000,0.53361111111111115
2015-11-14 00:00:00 UTC,643,-234,251294110,1.1533333333333333
2015-11-14 00:00:00 UTC,-381,-743,725005800,1.0177777777777777
2015-11-14 00:00:00 UTC,-125,606,416249600,1.90625
2015-11-14 00:00:00 UTC,-125,607,416249600,2.1950000000000003
2015-11-14 00:00:00 UTC,-125,-1245,440704000,1.3941666666666666
2015-11-14 00:00:00 UTC,-125,580,416863000,2.4388888888888891
2015-11-14 00:00:00 UTC,-125,581,416863000,0.57777777777777783
2015-11-14 00:00:00 UTC,-125,1533,431070000,4.1797222222222219
2015-11-14 00:00:00 UTC,-125,-1258,440946000,1.7312499999999997
2015-11-14 00:00:00 UTC,-125,-1174,431482000,6.820277777777779
2015-11-14 00:00:00 UTC,-125,-1721,576122000,1.96
2015-11-14 00:00:00 UTC,-125,-1722,576122000,2.1461111111111109
2015-11-14 00:00:00 UTC,-125,-1720,576122000,4.0781944444444447
2015-11-14 00:00:00 UTC,-125,-1724,576122000,3.8779166666666667
2015-11-14 00:00:00 UTC,-125,-1232,441038000,4.3838888888888894
2015-11-14 00:00:00 UTC,-125,-1150,432343000,2.2293055555555554
2015-11-14 00:00:00 UTC,-125,-1717,576695000,2.1584722222222221
2015-11-14 00:00:00 UTC,-125,-1257,440780000,5.2181944444444444
2015-11-14 00:00:00 UTC,-125,-1256,440780000,0.72013888888888888
2015-11-14 00:00:00 UTC,-125,1668,412326894,2.1087499999999997
2015-11-14 00:00:00 UTC,-125,1667,412326894,8.9075
2015-11-14 00:00:00 UTC,-125,-1518,412420848,5.2404166666666665
2015-11-14 00:00:00 UTC,-125,-1354,416822000,1.0769444444444443
2015-11-14 00:00:00 UTC,-125,-1355,431500530,1.3918055555555555
2015-11-14 00:00:00 UTC,-125,-1356,431500530,1.8394444444444442
2015-11-14 00:00:00 UTC,-125,-1357,431500530,6.8329166666666659
2015-11-14 00:00:00 UTC,132,1721,431206000,2.2819444444444441
2015-11-14 00:00:00 UTC,132,614,412440496,0.70666666666666667
2015-11-14 00:00:00 UTC,132,615,412440496,1.8258333333333332
2015-11-14 00:00:00 UTC,132,1008,567108848,22.345694444444444
2015-11-14 00:00:00 UTC,388,1184,412285184,1.5359722222222221
2015-11-14 00:00:00 UTC,388,1184,412009988,2.5788888888888888
2015-11-14 00:00:00 UTC,388,1216,412200709,0.2590277777777778
2015-11-14 00:00:00 UTC,388,1217,412200709,1.1277777777777778
2015-11-14 00:00:00 UTC,388,1222,400000011,1.5233333333333334
2015-11-14 00:00:00 UTC,388,1219,412202763,9.9618055555555589
2015-11-14 00:00:00 UTC,388,1218,412202763,6.1033333333333326
2015-11-14 00:00:00 UTC,388,1220,412202763,3.5101388888888883
2015-11-14 00:00:00 UTC,388,1209,800036880,3.5469444444444442
2015-11-14 00:00:00 UTC,388,1222,110767890,0.56652777777777774
2015-11-14 00:00:00 UTC,388,1182,412303381,13.364861111111113
2015-11-14 00:00:00 UTC,388,-409,224048150,3.8593055555555558
2015-11-14 00:00:00 UTC,388,-411,224048150,0.7138888888888888
2015-11-14 00:00:00 UTC,388,1207,410201111,15.747638888888886
2015-11-14 00:00:00 UTC,388,1210,412201242,1.612638888888889
2015-11-14 00:00:00 UTC,388,1217,412203035,2.1844444444444444
2015-11-14 00:00:00 UTC,388,1218,412203035,17.153472222222227
2015-11-14 00:00:00 UTC,388,1184,412285216,2.1731944444444444
2015-11-14 00:00:00 UTC,388,1207,412055092,2.1256944444444441
2015-11-14 00:00:00 UTC,388,1183,412285236,1.6109722222222222
2015-11-14 00:00:00 UTC,388,-101,263406390,1.1694444444444443
2015-11-14 00:00:00 UTC,388,-100,263406390,4.1736111111111116
2015-11-14 00:00:00 UTC,388,-99,263406390,6.2695833333333324
2015-11-14 00:00:00 UTC,388,1207,412200507,15.703055555555554
2015-11-14 00:00:00 UTC,388,1209,412015163,1.6048611111111111
2015-11-14 00:00:00 UTC,388,1217,412281159,0.13722222222222222
2015-11-14 00:00:00 UTC,388,1221,800036425,8.1152777777777789
2015-11-14 00:00:00 UTC,388,1222,800036425,2.337361111111111
2015-11-14 00:00:00 UTC,388,1183,412284233,5.9958333333333336
2015-11-14 00:00:00 UTC,388,1217,412201037,0.3552777777777778
2015-11-14 00:00:00 UTC,388,1218,412201037,1.1158333333333335
2015-11-14 00:00:00 UTC,388,1183,412285007,8.06638888888889
2015-11-14 00:00:00 UTC,388,1183,412284241,4.5961111111111119
2015-11-14 00:00:00 UTC,388,1182,412284249,5.1454166666666667
2015-11-14 00:00:00 UTC,388,1219,412200538,9.2173611111111118
2015-11-14 00:00:00 UTC,388,1221,412200538,0.3084722222222222
2015-11-14 00:00:00 UTC,388,1220,412200538,2.7077777777777774
2015-11-14 00:00:00 UTC,388,1222,201111130,1.8931944444444446
2015-11-14 00:00:00 UTC,388,1221,201111130,5.0413888888888891
2015-11-14 00:00:00 UTC,388,1223,412215131,0.52333333333333332
2015-11-14 00:00:00 UTC,388,1182,412285019,2.6437500000000003
2015-11-14 00:00:00 UTC,388,1219,800000861,1.4781944444444444
2015-11-14 00:00:00 UTC,388,1219,412205405,9.74986111111111
2015-11-14 00:00:00 UTC,388,1216,110705761,3.2580555555555555
2015-11-14 00:00:00 UTC,388,205,237329000,0.523611111111111
2015-11-14 00:00:00 UTC,388,206,237329000,1.3336111111111111
2015-11-14 00:00:00 UTC,388,1183,800031082,1.2755555555555556
2015-11-14 00:00:00 UTC,388,1182,800031082,0.37513888888888891
2015-11-14 00:00:00 UTC,388,1187,412284266,6.0495833333333344
2015-11-14 00:00:00 UTC,388,1218,412200559,0.52486111111111111
2015-11-14 00:00:00 UTC,388,1208,412205427,0.43902777777777779
2015-11-14 00:00:00 UTC,388,1207,412205427,3.0363888888888888
2015-11-14 00:00:00 UTC,388,1220,412214133,0.35916666666666669
2015-11-14 00:00:00 UTC,388,1185,412284277,13.880416666666669
2015-11-14 00:00:00 UTC,388,1182,412284278,0.36777777777777776
2015-11-14 00:00:00 UTC,388,1182,412285048,0.944861111111111
2015-11-14 00:00:00 UTC,388,1181,687576448,1.547361111111111
2015-11-14 00:00:00 UTC,388,1184,987600002,1.8401388888888888
2015-11-14 00:00:00 UTC,388,1183,412285058,1.9494444444444443
2015-11-14 00:00:00 UTC,388,1206,412201091,18.222916666666666
2015-11-14 00:00:00 UTC,388,1219,412205443,1.0958333333333332
2015-11-14 00:00:00 UTC,388,1220,412205443,0.32625000000000004
2015-11-14 00:00:00 UTC,388,1181,412284291,1.5116666666666667
2015-11-14 00:00:00 UTC,388,1182,412284291,0.31736111111111109
2015-11-14 00:00:00 UTC,388,1223,412568967,1.3769444444444445
2015-11-14 00:00:00 UTC,388,1210,412201353,2.2486111111111109
2015-11-14 00:00:00 UTC,388,1181,412283785,0.7681944444444444
2015-11-14 00:00:00 UTC,388,1215,912113290,14.619444444444442
2015-11-14 00:00:00 UTC,388,1222,412215178,3.0795833333333329
2015-11-14 00:00:00 UTC,388,1223,412215178,1.6801388888888888
2015-11-14 00:00:00 UTC,388,1183,412284298,8.580277777777777
2015-11-14 00:00:00 UTC,388,-99,263290000,15.215138888888891
2015-11-14 00:00:00 UTC,388,1181,412285075,2.5668055555555558
2015-11-14 00:00:00 UTC,388,1182,412285075,0.54222222222222216
2015-11-14 00:00:00 UTC,388,1178,412285333,4.3111111111111109
2015-11-14 00:00:00 UTC,388,1179,412285333,9.74986111111111
2015-11-14 00:00:00 UTC,388,1184,412284316,5.2666666666666657
2015-11-14 00:00:00 UTC,388,1218,412207006,10.021666666666667
2015-11-14 00:00:00 UTC,388,1217,412207006,4.2544444444444451
2015-11-14 00:00:00 UTC,388,1219,412207006,0.76597222222222217
2015-11-14 00:00:00 UTC,388,265,237348000,1.1359722222222222
2015-11-14 00:00:00 UTC,388,264,237348000,2.0455555555555556
2015-11-14 00:00:00 UTC,388,1184,412285088,11.72375
2015-11-14 00:00:00 UTC,388,1184,753156258,1.9156944444444444
2015-11-14 00:00:00 UTC,388,1209,800044453,0.3084722222222222
2015-11-14 00:00:00 UTC,388,1219,412205477,20.018611111111102
2015-11-14 00:00:00 UTC,388,1220,412205477,2.2145833333333331
2015-11-14 00:00:00 UTC,388,1206,412201638,1.8708333333333336
2015-11-14 00:00:00 UTC,388,1183,412284326,0.32958333333333334
2015-11-14 00:00:00 UTC,388,1184,412283815,5.6118055555555557
2015-11-14 00:00:00 UTC,388,1186,412284327,1.8320833333333333
2015-11-14 00:00:00 UTC,388,1187,412284327,3.3986111111111112
2015-11-14 00:00:00 UTC,388,1209,800044456,0.90083333333333337
2015-11-14 00:00:00 UTC,388,1182,412285097,3.839722222222222
2015-11-14 00:00:00 UTC,388,1223,412000685,3.8841666666666672
2015-11-14 00:00:00 UTC,388,1216,412203182,5.5254166666666675
2015-11-14 00:00:00 UTC,388,1218,412205486,5.9538888888888879
2015-11-14 00:00:00 UTC,388,1220,412205486,0.84722222222222221
2015-11-14 00:00:00 UTC,388,1219,412205486,13.174305555555559
2015-11-14 00:00:00 UTC,388,1182,412284337,0.69500000000000006
2015-11-14 00:00:00 UTC,388,1182,412285111,0.74541666666666662
2015-11-14 00:00:00 UTC,388,1183,412285111,6.4298611111111112
2015-11-14 00:00:00 UTC,388,1183,412283836,6.0638888888888882
2015-11-14 00:00:00 UTC,388,1207,800044482,0.18944444444444444
2015-11-14 00:00:00 UTC,388,1210,412201413,1.875
2015-11-14 00:00:00 UTC,388,1184,412284358,4.5219444444444443
2015-11-14 00:00:00 UTC,388,1187,412284364,0.93875
2015-11-14 00:00:00 UTC,388,1207,800019409,6.7159722222222227
2015-11-14 00:00:00 UTC,388,1223,412213972,1.1059722222222224
2015-11-14 00:00:00 UTC,388,1218,412205528,3.4998611111111106
2015-11-14 00:00:00 UTC,388,1220,412205528,2.5909722222222222
2015-11-14 00:00:00 UTC,388,1219,412205528,7.7577777777777772
2015-11-14 00:00:00 UTC,388,1182,800030690,4.5375
2015-11-14 00:00:00 UTC,388,1215,412206818,3.0570833333333334
2015-11-14 00:00:00 UTC,388,1182,412283875,6.6723611111111119
2015-11-14 00:00:00 UTC,388,1185,412283876,12.246944444444441
2015-11-14 00:00:00 UTC,388,1182,800030695,2.4523611111111112
2015-11-14 00:00:00 UTC,388,1219,412025066,6.2552777777777777
2015-11-14 00:00:00 UTC,388,1218,412025066,17.319166666666668
2015-11-14 00:00:00 UTC,388,1182,800030700,1.6419444444444444
2015-11-14 00:00:00 UTC,388,1220,413011184,0.29166666666666663
2015-11-14 00:00:00 UTC,388,254,237206000,1.6608333333333332
2015-11-14 00:00:00 UTC,388,1422,273829110,4.8326388888888889
2015-11-14 00:00:00 UTC,388,1216,412200699,8.1166666666666671
2015-11-14 00:00:00 UTC,388,1217,412200699,15.705833333333333
2015-11-14 00:00:00 UTC,388,1222,412203005,6.7955555555555547
2015-11-14 00:00:00 UTC,388,1218,412200447,13.484444444444449
2015-11-14 00:00:00 UTC,644,-143,251140110,2.7790277777777774
2015-11-14 00:00:00 UTC,644,-144,251140110,0.77680555555555553
2015-11-14 00:00:00 UTC,644,-125,251054110,1.6241666666666665
2015-11-14 00:00:00 UTC,644,-270,251062110,0.81222222222222218
2015-11-14 00:00:00 UTC,644,-271,251062110,1.0543055555555556
2015-11-14 00:00:00 UTC,644,-558,211214200,3.8988888888888891
2015-11-14 00:00:00 UTC,644,-556,211214200,1.4943055555555556
2015-11-14 00:00:00 UTC,644,-552,211214200,1.2638888888888888
2015-11-14 00:00:00 UTC,644,-554,211214200,1.5334722222222221
2015-11-14 00:00:00 UTC,644,-557,211214200,4.5605555555555553
2015-11-14 00:00:00 UTC,644,-126,251034000,1.3454166666666667
2015-11-14 00:00:00 UTC,644,-125,251034000,0.55472222222222234
2015-11-14 00:00:00 UTC,644,-126,251049110,1.5677777777777777
2015-11-14 00:00:00 UTC,644,-233,251294110,4.0279166666666661
2015-11-14 00:00:00 UTC,644,-236,251294110,3.3879166666666665
2015-11-14 00:00:00 UTC,644,-235,251294110,6.2120833333333341
2015-11-14 00:00:00 UTC,644,-238,251294110,1.6465277777777776
2015-11-14 00:00:00 UTC,644,-226,251581110,5.0868055555555554
2015-11-14 00:00:00 UTC,-380,1449,503028090,0.922638888888889
2015-11-14 00:00:00 UTC,-380,1479,503023550,0.35000000000000003
2015-11-14 00:00:00 UTC,-380,-815,412420062,7.2293055555555554
2015-11-14 00:00:00 UTC,-124,-1244,440704000,2.3475
2015-11-14 00:00:00 UTC,-124,578,416863000,5.4672222222222242
2015-11-14 00:00:00 UTC,-124,581,416863000,0.95861111111111108
2015-11-14 00:00:00 UTC,-124,580,416863000,1.9834722222222223
2015-11-14 00:00:00 UTC,-124,1535,431070000,0.85013888888888878
2015-11-14 00:00:00 UTC,-124,1534,431070000,6.3959722222222224
2015-11-14 00:00:00 UTC,-124,-1258,440946000,4.3163888888888886
2015-11-14 00:00:00 UTC,-124,-1260,440946000,3.9470833333333331
2015-11-14 00:00:00 UTC,-124,-1238,441660000,5.1644444444444444
2015-11-14 00:00:00 UTC,-124,-1231,441038000,3.3376388888888888
2015-11-14 00:00:00 UTC,-124,-1232,441038000,1.76375
2015-11-14 00:00:00 UTC,-124,-1148,432461000,1.451111111111111
2015-11-14 00:00:00 UTC,-124,-1149,432461000,2.4841666666666664
2015-11-14 00:00:00 UTC,-124,-1150,432343000,1.6341666666666668
2015-11-14 00:00:00 UTC,-124,-1719,576695000,1.9540277777777777
2015-11-14 00:00:00 UTC,-124,-1717,576695000,2.3913888888888888
2015-11-14 00:00:00 UTC,-124,1665,412326894,5.3180555555555555
2015-11-14 00:00:00 UTC,-124,-1355,431500530,1.835277777777778
2015-11-14 00:00:00 UTC,133,-243,432458000,0.75694444444444442
2015-11-14 00:00:00 UTC,133,-242,432458000,1.473611111111111
2015-11-14 00:00:00 UTC,133,-240,432458000,4.276527777777777
2015-11-14 00:00:00 UTC,133,-241,432458000,1.8905555555555555
2015-11-14 00:00:00 UTC,133,1719,431206000,2.4858333333333329
2015-11-14 00:00:00 UTC,389,1221,412213248,5.3380555555555542
2015-11-14 00:00:00 UTC,389,1184,412285184,1.0768055555555556
2015-11-14 00:00:00 UTC,389,1184,412009988,11.649861111111111
2015-11-14 00:00:00 UTC,389,1222,800035333,2.9527777777777779
2015-11-14 00:00:00 UTC,389,1223,800035333,10.060138888888888
2015-11-14 00:00:00 UTC,389,1213,412207621,6.3663888888888884
2015-11-14 00:00:00 UTC,389,1212,412207621,7.165972222222222
2015-11-14 00:00:00 UTC,389,1224,412205575,7.4098611111111108
2015-11-14 00:00:00 UTC,389,1207,412201737,7.974444444444444
2015-11-14 00:00:00 UTC,389,1222,400000011,12.880555555555556
2015-11-14 00:00:00 UTC,389,1219,412202763,3.0445833333333332
2015-11-14 00:00:00 UTC,389,1223,400000012,1.3581944444444445
2015-11-14 00:00:00 UTC,389,1222,412200719,8.7608333333333359
2015-11-14 00:00:00 UTC,389,1222,110767890,13.712916666666663
2015-11-14 00:00:00 UTC,389,-407,224048150,0.67930555555555561
2015-11-14 00:00:00 UTC,389,-411,224048150,0.94722222222222219
2015-11-14 00:00:00 UTC,389,-408,224048150,0.68888888888888888
2015-11-14 00:00:00 UTC,389,-410,224048150,0.82055555555555548
2015-11-14 00:00:00 UTC,389,1184,412285216,7.769861111111112
2015-11-14 00:00:00 UTC,389,1183,412285216,2.3056944444444443
2015-11-14 00:00:00 UTC,389,1216,412295969,2.7079166666666663
2015-11-14 00:00:00 UTC,389,1224,800014629,3.4706944444444443
2015-11-14 00:00:00 UTC,389,1223,800014629,1.8118055555555557
2015-11-14 00:00:00 UTC,389,1477,412440366,3.2344444444444442
2015-11-14 00:00:00 UTC,389,1178,412369456,0.2625
2015-11-14 00:00:00 UTC,389,1179,412369456,4.8313888888888883
2015-11-14 00:00:00 UTC,389,1183,800030513,4.0691666666666659
2015-11-14 00:00:00 UTC,389,1222,412202545,5.0616666666666665
2015-11-14 00:00:00 UTC,389,1207,412055092,2.3626388888888887
2015-11-14 00:00:00 UTC,389,-100,263406390,0.65875
2015-11-14 00:00:00 UTC,389,-101,263406390,8.574583333333333
2015-11-14 00:00:00 UTC,389,-98,263406390,4.1348611111111113
2015-11-14 00:00:00 UTC,389,-99,263406390,0.25597222222222227
2015-11-14 00:00:00 UTC,389,1223,100700215,8.981527777777778
2015-11-14 00:00:00 UTC,389,1224,100700215,3.8048611111111112
2015-11-14 00:00:00 UTC,389,1209,412015163,0.48375
2015-11-14 00:00:00 UTC,389,1208,412015163,1.1388888888888888
2015-11-14 00:00:00 UTC,389,1222,412215099,0.88527777777777783
2015-11-14 00:00:00 UTC,389,1178,412288572,1.5358333333333334
2015-11-14 00:00:00 UTC,389,1178,412300359,13.214722222222223
2015-11-14 00:00:00 UTC,389,1221,800036425,0.27513888888888893
2015-11-14 00:00:00 UTC,389,1178,412288591,7.5630555555555556
2015-11-14 00:00:00 UTC,389,1183,412285007,2.729166666666667
2015-11-14 00:00:00 UTC,389,1183,412284241,3.5004166666666663
2015-11-14 00:00:00 UTC,389,1184,412284241,1.1438888888888887
2015-11-14 00:00:00 UTC,389,1222,412025176,0.49986111111111109
2015-11-14 00:00:00 UTC,389,1221,201111130,2.64625
2015-11-14 00:00:00 UTC,389,1209,412214362,6.66611111111111
2015-11-14 00:00:00 UTC,389,1208,412214362,3.5038888888888891
2015-11-14 00:00:00 UTC,389,1182,412285019,0.69388888888888889
2015-11-14 00:00:00 UTC,389,205,237329000,0.58097222222222222
2015-11-14 00:00:00 UTC,389,206,237329000,3.5073611111111109
2015-11-14 00:00:00 UTC,389,1182,412285036,2.5613888888888887
2015-11-14 00:00:00 UTC,389,1212,800036206,10.250138888888889
2015-11-14 00:00:00 UTC,389,1209,800003442,8.65277777777778
2015-11-14 00:00:00 UTC,389,1208,800003442,4.56875
2015-11-14 00:00:00 UTC,389,1210,800003442,11.082638888888889
2015-11-14 00:00:00 UTC,389,1222,100702578,0.37847222222222221
2015-11-14 00:00:00 UTC,389,1207,412205427,1.909861111111111
2015-11-14 00:00:00 UTC,389,1208,820040824,4.1688888888888886
2015-11-14 00:00:00 UTC,389,1209,820040824,7.8973611111111115
2015-11-14 00:00:00 UTC,389,1222,412035198,10.632222222222222
2015-11-14 00:00:00 UTC,389,1187,412284286,8.24611111111111
2015-11-14 00:00:00 UTC,389,1182,412285058,1.618611111111111
2015-11-14 00:00:00 UTC,389,1207,800044420,4.9579166666666667
2015-11-14 00:00:00 UTC,389,1208,800044420,1.3884722222222223
2015-11-14 00:00:00 UTC,389,1222,811021191,0.59749999999999992
2015-11-14 00:00:00 UTC,389,1221,811021191,3.3791666666666664
2015-11-14 00:00:00 UTC,389,1181,412283785,4.4809722222222224
2015-11-14 00:00:00 UTC,389,1179,412022668,6.8491666666666653
2015-11-14 00:00:00 UTC,389,1177,412022668,0.058888888888888886
2015-11-14 00:00:00 UTC,389,1178,412022668,0.59680555555555559
2015-11-14 00:00:00 UTC,389,1184,412284301,0.63138888888888889
2015-11-14 00:00:00 UTC,389,1222,412202129,1.4501388888888889
2015-11-14 00:00:00 UTC,389,1221,412202129,2.3266666666666662
2015-11-14 00:00:00 UTC,389,1220,412202129,2.0427777777777778
2015-11-14 00:00:00 UTC,389,1184,412283795,11.50986111111111
2015-11-14 00:00:00 UTC,389,1182,412285075,0.99694444444444441
2015-11-14 00:00:00 UTC,389,1181,412285075,0.895
2015-11-14 00:00:00 UTC,389,1184,412286356,12.330972222222224
2015-11-14 00:00:00 UTC,389,1179,412285333,1.0191666666666666
2015-11-14 00:00:00 UTC,389,1178,412285333,6.9386111111111122
2015-11-14 00:00:00 UTC,389,1224,412002458,1.9465277777777779
2015-11-14 00:00:00 UTC,389,1222,412015002,0.97013888888888888
2015-11-14 00:00:00 UTC,389,1224,412015002,7.9595833333333337
2015-11-14 00:00:00 UTC,389,1184,412284316,7.08888888888889
2015-11-14 00:00:00 UTC,389,266,237348000,3.70875
2015-11-14 00:00:00 UTC,389,265,237348000,1.8329166666666663
2015-11-14 00:00:00 UTC,389,1184,412285088,2.3284722222222221
2015-11-14 00:00:00 UTC,389,1207,412201638,0.56333333333333335
2015-11-14 00:00:00 UTC,389,1206,412201638,2.1341666666666668
2015-11-14 00:00:00 UTC,389,1184,412283815,13.292777777777776
2015-11-14 00:00:00 UTC,389,1186,412284327,1.6304166666666668
2015-11-14 00:00:00 UTC,389,1184,412284327,0.8093055555555555
2015-11-14 00:00:00 UTC,389,1182,789598888,0.54305555555555551
2015-11-14 00:00:00 UTC,389,266,237401000,1.0181944444444446
2015-11-14 00:00:00 UTC,389,1182,412285097,1.6504166666666666
2015-11-14 00:00:00 UTC,389,1186,412285353,5.9437500000000005
2015-11-14 00:00:00 UTC,389,1183,412285103,3.6165277777777778
2015-11-14 00:00:00 UTC,389,1212,800003769,6.5434722222222224
2015-11-14 00:00:00 UTC,389,1207,412201662,12.113611111111112
2015-11-14 00:00:00 UTC,389,1206,800044482,0.8848611111111111
2015-11-14 00:00:00 UTC,389,1207,800044482,1.5244444444444447
2015-11-14 00:00:00 UTC,389,1184,412284358,12.532083333333334
2015-11-14 00:00:00 UTC,389,1183,412285128,5.1802777777777775
2015-11-14 00:00:00 UTC,389,1208,412205001,0.13722222222222222
2015-11-14 00:00:00 UTC,389,1187,412284364,2.64
2015-11-14 00:00:00 UTC,389,1207,412201681,1.348611111111111
2015-11-14 00:00:00 UTC,389,1208,412201681,3.6448611111111116
2015-11-14 00:00:00 UTC,389,1187,412285139,4.4440277777777775
2015-11-14 00:00:00 UTC,389,1223,412213972,0.69513888888888875
2015-11-14 00:00:00 UTC,389,1222,412213972,0.38263888888888886
2015-11-14 00:00:00 UTC,389,1220,412205528,0.36694444444444446
2015-11-14 00:00:00 UTC,389,1219,412205528,2.4223611111111114
2015-11-14 00:00:00 UTC,389,1183,412285148,0.55069444444444449
2015-11-14 00:00:00 UTC,389,1222,100702695,0.80555555555555558
2015-11-14 00:00:00 UTC,389,1182,800030700,1.5401388888888889
2015-11-14 00:00:00 UTC,389,1221,413011184,0.25527777777777777
2015-11-14 00:00:00 UTC,389,1223,412999921,14.922083333333331
2015-11-14 00:00:00 UTC,389,1182,800030708,1.574861111111111
2015-11-14 00:00:00 UTC,389,1422,273829110,3.2863888888888888
2015-11-14 00:00:00 UTC,389,1222,412203005,2.8776388888888889
2015-11-14 00:00:00 UTC,389,1221,412203005,4.2306944444444445
2015-11-14 00:00:00 UTC,389,1185,412285182,2.36375
2015-11-14 00:00:00 UTC,645,-123,251054110,1.5787499999999999
2015-11-14 00:00:00 UTC,645,89,259421000,4.5573611111111108
2015-11-14 00:00:00 UTC,645,91,259421000,2.87625
2015-11-14 00:00:00 UTC,645,90,259421000,6.9688888888888894
2015-11-14 00:00:00 UTC,645,-272,251062110,1.5573611111111112
2015-11-14 00:00:00 UTC,645,-122,251019110,1.9072222222222222
2015-11-14 00:00:00 UTC,645,-123,251019110,2.9244444444444446
2015-11-14 00:00:00 UTC,645,-123,251034000,0.616111111111111
2015-11-14 00:00:00 UTC,645,-125,251034000,0.758888888888889
2015-11-14 00:00:00 UTC,645,-124,251034000,0.68180555555555566
2015-11-14 00:00:00 UTC,645,-125,251049110,1.3229166666666667
2015-11-14 00:00:00 UTC,645,-126,251049110,0.79305555555555551
2015-11-14 00:00:00 UTC,645,-122,251049110,0.28069444444444447
2015-11-14 00:00:00 UTC,645,-124,251049110,0.25708333333333333
2015-11-14 00:00:00 UTC,645,-237,251294110,7.1487500000000006
2015-11-14 00:00:00 UTC,645,-238,251294110,1.2644444444444445
2015-11-14 00:00:00 UTC,645,90,258360000,2.0320833333333335
2015-11-14 00:00:00 UTC,645,89,258360000,0.59152777777777776
2015-11-14 00:00:00 UTC,645,-126,251143110,0.76458333333333339
2015-11-14 00:00:00 UTC,-379,1480,503023550,3.172083333333334
2015-11-14 00:00:00 UTC,-379,1479,503023550,1.8334722222222219
2015-11-14 00:00:00 UTC,-123,-1246,440704000,1.8294444444444444
2015-11-14 00:00:00 UTC,-123,-1244,440704000,0.66250000000000009
2015-11-14 00:00:00 UTC,-123,-1245,440704000,1.7288888888888887
2015-11-14 00:00:00 UTC,-123,580,416863000,3.3612500000000005
2015-11-14 00:00:00 UTC,-123,579,416863000,0.80930555555555561
2015-11-14 00:00:00 UTC,-123,578,416863000,1.7938888888888889
2015-11-14 00:00:00 UTC,-123,-1260,440946000,0.85263888888888906
2015-11-14 00:00:00 UTC,-123,-1233,440549000,2.6037500000000002
2015-11-14 00:00:00 UTC,-123,-1725,576122000,5.4802777777777782
2015-11-14 00:00:00 UTC,-123,-1723,576122000,4.2483333333333331
2015-11-14 00:00:00 UTC,-123,-1148,432461000,0.73083333333333333
2015-11-14 00:00:00 UTC,-123,-1150,432343000,2.2319444444444438
2015-11-14 00:00:00 UTC,-123,-1719,576695000,0.7583333333333333
2015-11-14 00:00:00 UTC,-123,-1721,576695000,10.921944444444446
2015-11-14 00:00:00 UTC,-123,-1720,576695000,1.7925
2015-11-14 00:00:00 UTC,-123,-1722,576695000,3.0429166666666667
2015-11-14 00:00:00 UTC,-123,-1355,431500530,0.8845833333333335
2015-11-14 00:00:00 UTC,134,-244,432458000,2.0659722222222223
2015-11-14 00:00:00 UTC,134,-243,432458000,0.3375
2015-11-14 00:00:00 UTC,134,1718,431206000,1.3722222222222222
2015-11-14 00:00:00 UTC,390,1212,412207621,6.5379166666666668
2015-11-14 00:00:00 UTC,390,1224,412205575,17.345416666666669
2015-11-14 00:00:00 UTC,390,1207,412201737,7.3441666666666663
2015-11-14 00:00:00 UTC,390,1223,400000012,0.30013888888888884
2015-11-14 00:00:00 UTC,390,1222,412200719,1.1147222222222222
2015-11-14 00:00:00 UTC,390,1179,900018963,1.7272222222222222
2015-11-14 00:00:00 UTC,390,1178,900018963,0.88152777777777769
2015-11-14 00:00:00 UTC,390,1177,412286749,4.1969444444444441
2015-11-14 00:00:00 UTC,390,1178,412286749,1.2554166666666666
2015-11-14 00:00:00 UTC,390,1222,412025375,0.5708333333333333
2015-11-14 00:00:00 UTC,390,1221,412025375,0.56236111111111109
2015-11-14 00:00:00 UTC,390,-103,263500321,4.6926388888888884
2015-11-14 00:00:00 UTC,390,-102,263500321,19.130416666666669
2015-11-14 00:00:00 UTC,390,1189,800037923,2.4747222222222223
2015-11-14 00:00:00 UTC,390,1223,800014629,8.3709722222222229
2015-11-14 00:00:00 UTC,390,-399,224043560,7.3786111111111108
2015-11-14 00:00:00 UTC,390,-398,224043560,1.3370833333333332
2015-11-14 00:00:00 UTC,390,1477,412440366,6.8023611111111109
2015-11-14 00:00:00 UTC,390,1179,412369456,1.5211111111111111
2015-11-14 00:00:00 UTC,390,1178,412288572,4.5269444444444451
2015-11-14 00:00:00 UTC,390,1178,412288591,8.0415277777777785
2015-11-14 00:00:00 UTC,390,1222,412025176,2.3761111111111113
2015-11-14 00:00:00 UTC,390,1223,412857689,6.2841666666666667
2015-11-14 00:00:00 UTC,390,1210,820040807,3.3183333333333334
2015-11-14 00:00:00 UTC,390,1209,820040807,2.4388888888888882
2015-11-14 00:00:00 UTC,390,206,237329000,2.6830555555555557
2015-11-14 00:00:00 UTC,390,205,237329000,0.71194444444444449
2015-11-14 00:00:00 UTC,390,1208,800025451,17.243333333333332
2015-11-14 00:00:00 UTC,390,1209,800025451,4.350138888888889
2015-11-14 00:00:00 UTC,390,1222,412214133,0.32958333333333334
2015-11-14 00:00:00 UTC,390,1183,412284277,1.5101388888888887
2015-11-14 00:00:00 UTC,390,1190,412329593,8.5404166666666672
2015-11-14 00:00:00 UTC,390,1207,800044420,10.42763888888889
2015-11-14 00:00:00 UTC,390,1207,412456852,1.8479166666666667
2015-11-14 00:00:00 UTC,390,1206,412456852,5.1656944444444441
2015-11-14 00:00:00 UTC,390,1222,412006550,0.41597222222222224
2015-11-14 00:00:00 UTC,390,1223,412002458,11.879722222222222
2015-11-14 00:00:00 UTC,390,1224,412015002,9.8930555555555557
2015-11-14 00:00:00 UTC,390,1222,412015002,0.49305555555555558
2015-11-14 00:00:00 UTC,390,1223,412015002,1.0155555555555555
2015-11-14 00:00:00 UTC,390,1190,412283804,6.4145833333333337
2015-11-14 00:00:00 UTC,390,266,237348000,7.4754166666666659
2015-11-14 00:00:00 UTC,390,1177,412605088,3.3181944444444444
2015-11-14 00:00:00 UTC,390,1206,412201638,0.50708333333333333
2015-11-14 00:00:00 UTC,390,1207,412201638,0.89805555555555561
2015-11-14 00:00:00 UTC,390,1184,412284327,8.30861111111111
2015-11-14 00:00:00 UTC,390,1182,789598888,0.76805555555555549
2015-11-14 00:00:00 UTC,390,266,237401000,1.0387499999999998
2015-11-14 00:00:00 UTC,390,1182,412285097,9.1394444444444449
2015-11-14 00:00:00 UTC,390,1183,412285097,9.8104166666666668
2015-11-14 00:00:00 UTC,390,1189,412884139,2.2347222222222221
2015-11-14 00:00:00 UTC,390,1212,800003769,12.294027777777778
2015-11-14 00:00:00 UTC,390,1207,412201662,0.5427777777777778
2015-11-14 00:00:00 UTC,390,1223,412200897,9.3644444444444463
2015-11-14 00:00:00 UTC,390,1207,800044482,2.4626388888888888
2015-11-14 00:00:00 UTC,390,1188,412284875,2.8812499999999996
2015-11-14 00:00:00 UTC,390,1208,412201681,2.6729166666666666
2015-11-14 00:00:00 UTC,390,1207,412201681,2.9334722222222229
2015-11-14 00:00:00 UTC,390,1189,412284882,3.1190277777777777
2015-11-14 00:00:00 UTC,390,1222,412213972,0.27208333333333334
2015-11-14 00:00:00 UTC,390,267,271072742,8.5708333333333329
2015-11-14 00:00:00 UTC,390,1223,412075238,1.2679166666666666
2015-11-14 00:00:00 UTC,390,1224,412075238,4.620972222222222
2015-11-14 00:00:00 UTC,390,1222,100702695,0.27402777777777776
2015-11-14 00:00:00 UTC,390,1223,100702695,1.2706944444444443
2015-11-14 00:00:00 UTC,390,1177,412286701,1.6843055555555553
2015-11-14 00:00:00 UTC,390,266,239222000,0.82930555555555552
2015-11-14 00:00:00 UTC,390,1181,800030708,1.4801388888888889
2015-11-14 00:00:00 UTC,390,1206,412201726,0.70958333333333334
2015-11-14 00:00:00 UTC,390,1207,412201726,1.375
2015-11-14 00:00:00 UTC,646,-122,251054110,1.6197222222222221
2015-11-14 00:00:00 UTC,646,91,259421000,1.1206944444444444
2015-11-14 00:00:00 UTC,646,-273,251062110,1.6151388888888891
2015-11-14 00:00:00 UTC,646,-122,251019110,1.0401388888888889
2015-11-14 00:00:00 UTC,646,-124,251019110,6.77861111111111
2015-11-14 00:00:00 UTC,646,-121,251019110,2.8397222222222225
2015-11-14 00:00:00 UTC,646,-123,251019110,7.2031944444444456
2015-11-14 00:00:00 UTC,646,-243,251269000,2.6875000000000009
2015-11-14 00:00:00 UTC,646,-242,251269000,3.3258333333333336
2015-11-14 00:00:00 UTC,646,-270,251482000,1.3508333333333331
2015-11-14 00:00:00 UTC,646,-123,251034000,2.2490277777777776
2015-11-14 00:00:00 UTC,646,-126,251034000,0.51208333333333322
2015-11-14 00:00:00 UTC,646,-125,251034000,2.4805555555555556
2015-11-14 00:00:00 UTC,646,-122,251034000,1.0073611111111112
2015-11-14 00:00:00 UTC,646,-124,251034000,2.5816666666666666
2015-11-14 00:00:00 UTC,646,-121,251034000,2.8080555555555553
2015-11-14 00:00:00 UTC,646,-123,251049110,2.6120833333333335
2015-11-14 00:00:00 UTC,646,-125,251049110,1.6540277777777779
2015-11-14 00:00:00 UTC,646,-122,251049110,3.08625
2015-11-14 00:00:00 UTC,646,90,258360000,9.12972222222222
2015-11-14 00:00:00 UTC,646,89,258360000,5.1097222222222216
2015-11-14 00:00:00 UTC,646,-124,251143110,0.52513888888888882
2015-11-14 00:00:00 UTC,646,-126,251143110,0.12861111111111112
2015-11-14 00:00:00 UTC,646,-125,251143110,0.72208333333333341
2015-11-14 00:00:00 UTC,646,90,258732000,1.8816666666666668
2015-11-14 00:00:00 UTC,646,89,258732000,1.8854166666666667
2015-11-14 00:00:00 UTC,-122,-1246,440704000,1.7313888888888889
2015-11-14 00:00:00 UTC,-122,920,431380000,0.27236111111111111
2015-11-14 00:00:00 UTC,-122,407,725000287,5.4593055555555559
2015-11-14 00:00:00 UTC,-122,-1232,440549000,0.76
2015-11-14 00:00:00 UTC,-122,1578,441220243,6.1056944444444436
2015-11-14 00:00:00 UTC,-122,-1247,440952000,4.6640277777777781
2015-11-14 00:00:00 UTC,-122,-1148,432461000,0.69152777777777774
2015-11-14 00:00:00 UTC,-122,-1150,432343000,2.8118055555555554
2015-11-14 00:00:00 UTC,-122,-1721,576695000,3.681805555555556
2015-11-14 00:00:00 UTC,-122,134,659415000,1.9763888888888883
2015-11-14 00:00:00 UTC,-122,-1254,440780000,4.811805555555555
2015-11-14 00:00:00 UTC,-122,-1355,431500530,3.00125
2015-11-14 00:00:00 UTC,135,-244,432458000,0.35472222222222222
2015-11-14 00:00:00 UTC,135,-243,432458000,1.7854166666666664
2015-11-14 00:00:00 UTC,135,1718,431206000,4.3015277777777774
2015-11-14 00:00:00 UTC,135,1350,431030000,11.159444444444444
2015-11-14 00:00:00 UTC,391,1191,412285448,1.3906944444444445
2015-11-14 00:00:00 UTC,391,1189,412285448,2.1381944444444447
2015-11-14 00:00:00 UTC,391,1190,412285448,0.54236111111111118
2015-11-14 00:00:00 UTC,391,-406,224048150,8.4804166666666667
2015-11-14 00:00:00 UTC,391,1221,412025375,0.18305555555555555
2015-11-14 00:00:00 UTC,391,229,237993000,2.1480555555555556
2015-11-14 00:00:00 UTC,391,-399,224043560,2.6929166666666671
2015-11-14 00:00:00 UTC,391,-398,224043560,0.3783333333333333
2015-11-14 00:00:00 UTC,391,1191,412212777,14.328333333333335
2015-11-14 00:00:00 UTC,391,1191,412283689,10.928194444444443
2015-11-14 00:00:00 UTC,391,1191,412283694,1.0597222222222222
2015-11-14 00:00:00 UTC,391,1222,412200752,6.1118055555555566
2015-11-14 00:00:00 UTC,391,1221,412200752,0.28402777777777777
2015-11-14 00:00:00 UTC,391,1191,412283696,13.191944444444443
2015-11-14 00:00:00 UTC,391,1191,412884019,0.75041666666666673
2015-11-14 00:00:00 UTC,391,1475,412440371,9.9165277777777767
2015-11-14 00:00:00 UTC,391,1191,412001080,11.317499999999997
2015-11-14 00:00:00 UTC,391,1191,412283709,10.561666666666666
2015-11-14 00:00:00 UTC,391,1223,412205118,0.15944444444444444
2015-11-14 00:00:00 UTC,391,1191,412396885,4.7505555555555556
2015-11-14 00:00:00 UTC,391,1223,412857689,2.3620833333333331
2015-11-14 00:00:00 UTC,391,1224,412857689,1.0616666666666668
2015-11-14 00:00:00 UTC,391,1191,412283744,8.1002777777777784
2015-11-14 00:00:00 UTC,391,257,240112000,0.775
2015-11-14 00:00:00 UTC,391,1190,412283798,5.42986111111111
2015-11-14 00:00:00 UTC,391,1190,412283804,0.49263888888888885
2015-11-14 00:00:00 UTC,391,1189,412283807,9.5655555555555551
2015-11-14 00:00:00 UTC,391,266,237348000,1.3218055555555555
2015-11-14 00:00:00 UTC,391,266,271072674,4.3808333333333334
2015-11-14 00:00:00 UTC,391,1209,412201638,2.3775
2015-11-14 00:00:00 UTC,391,1207,412201638,2.9275
2015-11-14 00:00:00 UTC,391,266,237401000,3.2793055555555557
2015-11-14 00:00:00 UTC,391,1213,412213164,11.540416666666667
2015-11-14 00:00:00 UTC,391,1214,412213164,2.34375
2015-11-14 00:00:00 UTC,391,1190,412865968,5.9377777777777778
2015-11-14 00:00:00 UTC,391,1214,412010680,6.8559722222222224
2015-11-14 00:00:00 UTC,391,1213,412010680,11.683194444444444
2015-11-14 00:00:00 UTC,391,1191,412336313,13.86736111111111
2015-11-14 00:00:00 UTC,391,1192,412525506,2.1391666666666667
2015-11-14 00:00:00 UTC,391,1191,412136150,1.6376388888888891
2015-11-14 00:00:00 UTC,391,1191,412285402,1.4291666666666667
2015-11-14 00:00:00 UTC,391,267,271072990,2.5943055555555556
2015-11-14 00:00:00 UTC,391,266,271072990,4.7794444444444446
2015-11-14 00:00:00 UTC,391,1213,412213471,3.8483333333333327
2015-11-14 00:00:00 UTC,391,1214,412213471,2.6119444444444446
2015-11-14 00:00:00 UTC,391,1212,412213471,5.3080555555555549
2015-11-14 00:00:00 UTC,391,1192,312135139,10.114166666666666
2015-11-14 00:00:00 UTC,391,1190,412399588,5.7293055555555554
2015-11-14 00:00:00 UTC,391,266,271072742,3.0561111111111114
2015-11-14 00:00:00 UTC,391,267,271072742,9.3697222222222223
2015-11-14 00:00:00 UTC,391,1191,412283902,1.4091666666666669
2015-11-14 00:00:00 UTC,391,1191,412285438,3.2473611111111111
2015-11-14 00:00:00 UTC,647,-240,251844940,7.2808333333333337
2015-11-14 00:00:00 UTC,647,-120,251019110,0.77430555555555547
2015-11-14 00:00:00 UTC,647,-243,251269000,3.3277777777777779
2015-11-14 00:00:00 UTC,647,-271,251482000,4.1627777777777775
2015-11-14 00:00:00 UTC,647,-270,251482000,11.975138888888891
2015-11-14 00:00:00 UTC,647,-269,251482000,1.6323611111111112
2015-11-14 00:00:00 UTC,647,-126,251034000,0.96763888888888894
2015-11-14 00:00:00 UTC,647,-123,251034000,0.76375
2015-11-14 00:00:00 UTC,647,-125,251034000,0.60430555555555554
2015-11-14 00:00:00 UTC,647,-122,251034000,0.50625000000000009
2015-11-14 00:00:00 UTC,647,-124,251034000,0.5125
2015-11-14 00:00:00 UTC,647,111,257086940,0.15277777777777779
2015-11-14 00:00:00 UTC,647,110,257086940,1.2588888888888889
2015-11-14 00:00:00 UTC,-121,884,431253000,1.2944444444444443
2015-11-14 00:00:00 UTC,-121,920,431380000,1.3483333333333334
2015-11-14 00:00:00 UTC,-121,1658,412328757,4.8106944444444437
2015-11-14 00:00:00 UTC,-121,-1261,440946000,1.1605555555555551
2015-11-14 00:00:00 UTC,-121,-1247,440952000,1.2898611111111111
2015-11-14 00:00:00 UTC,-121,134,659416000,2.172361111111111
2015-11-14 00:00:00 UTC,-121,-1148,432461000,0.58472222222222214
2015-11-14 00:00:00 UTC,-121,-1147,432461000,0.16416666666666668
2015-11-14 00:00:00 UTC,-121,-1149,432461000,4.5486111111111107
2015-11-14 00:00:00 UTC,-121,134,659415000,3.112222222222222
2015-11-14 00:00:00 UTC,-121,553,416167900,5.3984722222222228
2015-11-14 00:00:00 UTC,136,-243,432458000,2.2665277777777777
2015-11-14 00:00:00 UTC,136,-247,432458000,0.5
2015-11-14 00:00:00 UTC,136,-246,432458000,3.09
2015-11-14 00:00:00 UTC,136,1351,431030000,5.1765277777777783
2015-11-14 00:00:00 UTC,392,1191,412003081,0.30236111111111108
2015-11-14 00:00:00 UTC,392,228,237994000,5.6745833333333335
2015-11-14 00:00:00 UTC,392,265,271062042,3.5029166666666667
2015-11-14 00:00:00 UTC,392,265,271062043,11.653333333333332
2015-11-14 00:00:00 UTC,392,1191,412284963,0.80027777777777775
2015-11-14 00:00:00 UTC,392,1191,412283689,2.6069444444444443
2015-11-14 00:00:00 UTC,392,1191,412283694,2.28625
2015-11-14 00:00:00 UTC,392,1221,100700215,0.6365277777777778
2015-11-14 00:00:00 UTC,392,1191,412001080,2.3569444444444443
2015-11-14 00:00:00 UTC,392,265,271072317,5.7056944444444451
2015-11-14 00:00:00 UTC,392,264,271072317,2.7030555555555558
2015-11-14 00:00:00 UTC,392,1191,412283709,2.7240277777777777
2015-11-14 00:00:00 UTC,392,1191,412396885,4.078333333333334
2015-11-14 00:00:00 UTC,392,1191,412283744,1.8476388888888891
2015-11-14 00:00:00 UTC,392,258,237478000,4.1180555555555554
2015-11-14 00:00:00 UTC,392,265,271072118,3.8794444444444443
2015-11-14 00:00:00 UTC,392,257,240112000,0.5247222222222222
2015-11-14 00:00:00 UTC,392,258,240112000,2.5936111111111111
2015-11-14 00:00:00 UTC,392,264,271072405,1.7676388888888888
2015-11-14 00:00:00 UTC,392,265,271072405,4.8481944444444434
2015-11-14 00:00:00 UTC,392,266,271072674,3.7413888888888884
2015-11-14 00:00:00 UTC,392,265,271072674,0.26652777777777781
2015-11-14 00:00:00 UTC,392,1191,412336313,5.5859722222222219
2015-11-14 00:00:00 UTC,392,1191,412285402,3.4013888888888886
2015-11-14 00:00:00 UTC,392,266,271072990,1.3240277777777778
2015-11-14 00:00:00 UTC,392,1422,273829110,3.6691666666666669
2015-11-14 00:00:00 UTC,392,265,271072248,0.56180555555555556
2015-11-14 00:00:00 UTC,392,1191,412283902,0.3255555555555556
2015-11-14 00:00:00 UTC,648,-243,251269000,0.25569444444444445
2015-11-14 00:00:00 UTC,648,-271,251482000,4.1091666666666669
2015-11-14 00:00:00 UTC,648,-138,251847570,0.4
2015-11-14 00:00:00 UTC,648,-136,251847570,0.59847222222222218
2015-11-14 00:00:00 UTC,648,-137,251847570,7.8691666666666675
2015-11-14 00:00:00 UTC,648,-134,251847670,0.86166666666666658
2015-11-14 00:00:00 UTC,648,-135,251847670,4.2301388888888889
2015-11-14 00:00:00 UTC,648,-136,251847670,4.150555555555556
2015-11-14 00:00:00 UTC,648,-137,251847670,0.645
2015-11-14 00:00:00 UTC,-120,883,431253000,2.0172222222222222
2015-11-14 00:00:00 UTC,-120,884,431253000,2.115
2015-11-14 00:00:00 UTC,-120,568,416229900,4.2198611111111113
2015-11-14 00:00:00 UTC,-120,567,416229900,3.88
2015-11-14 00:00:00 UTC,-120,569,416229900,1.67625
2015-11-14 00:00:00 UTC,-120,566,416229900,6.0479166666666666
2015-11-14 00:00:00 UTC,-120,920,431380000,1.9116666666666666
2015-11-14 00:00:00 UTC,-120,1658,412328757,1.2158333333333333
2015-11-14 00:00:00 UTC,-120,-1261,440946000,1.0197222222222222
2015-11-14 00:00:00 UTC,-120,406,725000287,10.993194444444445
2015-11-14 00:00:00 UTC,-120,-1253,440986000,2.076111111111111
2015-11-14 00:00:00 UTC,-120,-1247,440952000,5.3654166666666674
2015-11-14 00:00:00 UTC,-120,-1248,440952000,0.84722222222222232
2015-11-14 00:00:00 UTC,-120,-1249,440952000,5.21
2015-11-14 00:00:00 UTC,-120,798,431128000,2.75125
2015-11-14 00:00:00 UTC,-120,797,431128000,0.78736111111111107
2015-11-14 00:00:00 UTC,-120,133,659416000,3.4316666666666671
2015-11-14 00:00:00 UTC,-120,-1147,432461000,1.5887499999999999
2015-11-14 00:00:00 UTC,-120,-1149,432461000,4.4545833333333329
2015-11-14 00:00:00 UTC,-120,-1150,432343000,4.663333333333334
2015-11-14 00:00:00 UTC,-120,556,416167900,2.3556944444444445
2015-11-14 00:00:00 UTC,-120,-1254,440780000,1.1409722222222221
2015-11-14 00:00:00 UTC,-120,-1353,431500530,3.0166666666666666
2015-11-14 00:00:00 UTC,137,-246,432458000,1.4884722222222222
2015-11-14 00:00:00 UTC,137,-247,432458000,1.3183333333333334
2015-11-14 00:00:00 UTC,137,-245,432458000,1.7743055555555558
2015-11-14 00:00:00 UTC,137,-272,431798000,0.78180555555555564
2015-11-14 00:00:00 UTC,137,1351,431030000,0.77444444444444449
2015-11-14 00:00:00 UTC,393,1482,273370490,4.1136111111111111
2015-11-14 00:00:00 UTC,393,260,240112000,2.9770833333333337
2015-11-14 00:00:00 UTC,393,259,240112000,4.7616666666666667
2015-11-14 00:00:00 UTC,393,258,240112000,4.5661111111111126
2015-11-14 00:00:00 UTC,393,232,237850000,2.1190277777777777
2015-11-14 00:00:00 UTC,393,264,239118000,0.63611111111111107
2015-11-14 00:00:00 UTC,393,245,240430000,0.68736111111111109
2015-11-14 00:00:00 UTC,393,233,237656000,1.2954166666666667
2015-11-14 00:00:00 UTC,393,232,237656000,2.3277777777777775
2015-11-14 00:00:00 UTC,393,1479,416536000,5.6986111111111111
2015-11-14 00:00:00 UTC,393,263,237175000,0.25833333333333336
2015-11-14 00:00:00 UTC,393,264,237175000,4.1511111111111116
2015-11-14 00:00:00 UTC,393,1488,416240600,0.70763888888888893
2015-11-14 00:00:00 UTC,393,264,237623000,0.77597222222222229
2015-11-14 00:00:00 UTC,393,1422,273829110,0.53708333333333336
2015-11-14 00:00:00 UTC,393,265,271072248,0.91527777777777775
2015-11-14 00:00:00 UTC,393,264,271072248,0.35833333333333334
2015-11-14 00:00:00 UTC,393,230,237995000,3.6151388888888891
2015-11-14 00:00:00 UTC,393,229,237995000,4.5015277777777776
2015-11-14 00:00:00 UTC,649,-237,251584540,1.0675000000000001
2015-11-14 00:00:00 UTC,649,-236,251584540,2.6062499999999997
2015-11-14 00:00:00 UTC,649,-242,251287110,2.2986111111111107
2015-11-14 00:00:00 UTC,649,-243,251287110,1.5086111111111111
2015-11-14 00:00:00 UTC,649,-241,251287110,2.7719444444444443
2015-11-14 00:00:00 UTC,649,113,257129320,1.3280555555555555
2015-11-14 00:00:00 UTC,649,112,257129320,2.6063888888888891
2015-11-14 00:00:00 UTC,649,-265,251035000,3.6440277777777776
2015-11-14 00:00:00 UTC,649,-264,251035000,3.730833333333333
2015-11-14 00:00:00 UTC,649,-123,251485340,1.3229166666666665
2015-11-14 00:00:00 UTC,649,-124,251485340,1.8059722222222223
2015-11-14 00:00:00 UTC,649,-125,251485340,3.8813888888888886
2015-11-14 00:00:00 UTC,649,-133,251504110,0.74361111111111111
2015-11-14 00:00:00 UTC,649,-135,251504110,4.85513888888889
2015-11-14 00:00:00 UTC,649,-136,251504110,0.534861111111111
2015-11-14 00:00:00 UTC,649,-134,251504110,4.5366666666666671
2015-11-14 00:00:00 UTC,649,-139,251386110,0.52236111111111116
2015-11-14 00:00:00 UTC,649,-138,251386110,0.26583333333333337
2015-11-14 00:00:00 UTC,-119,883,431253000,1.795
2015-11-14 00:00:00 UTC,-119,567,416229900,3.0122222222222224
2015-11-14 00:00:00 UTC,-119,569,416229900,4.8023611111111117
2015-11-14 00:00:00 UTC,-119,921,431380000,2.2066666666666666
2015-11-14 00:00:00 UTC,-119,919,431380000,0.7501388888888888
2015-11-14 00:00:00 UTC,-119,920,431380000,1.87
2015-11-14 00:00:00 UTC,-119,1658,412328757,1.1684722222222224
2015-11-14 00:00:00 UTC,-119,884,431700560,7.3866666666666667
2015-11-14 00:00:00 UTC,-119,406,725000287,0.97347222222222229
2015-11-14 00:00:00 UTC,-119,-1253,440986000,1.7380555555555555
2015-11-14 00:00:00 UTC,-119,1578,441220243,4.5094444444444441
2015-11-14 00:00:00 UTC,-119,-1147,432461000,2.2056944444444442
2015-11-14 00:00:00 UTC,-119,-1150,432343000,3.4893055555555552
2015-11-14 00:00:00 UTC,-119,133,659415000,3.9665277777777779
2015-11-14 00:00:00 UTC,-119,555,416167900,6.0956944444444447
2015-11-14 00:00:00 UTC,-119,553,416167900,5.6744444444444451
2015-11-14 00:00:00 UTC,-119,556,416167900,4.2733333333333334
2015-11-14 00:00:00 UTC,-119,-1254,440780000,1.0354166666666667
2015-11-14 00:00:00 UTC,-119,132,659350000,2.2790277777777774
2015-11-14 00:00:00 UTC,-119,-1353,431500530,0.70847222222222217
2015-11-14 00:00:00 UTC,138,-247,432458000,0.36930555555555555
2015-11-14 00:00:00 UTC,394,1477,416028700,7.8705555555555549
2015-11-14 00:00:00 UTC,394,260,271062062,11.199305555555554
2015-11-14 00:00:00 UTC,394,257,271062062,8.1570833333333326
2015-11-14 00:00:00 UTC,394,200,237329000,1.4168055555555554
2015-11-14 00:00:00 UTC,394,261,237478000,4.4075000000000006
2015-11-14 00:00:00 UTC,394,1484,273370490,1.2630555555555556
2015-11-14 00:00:00 UTC,394,1483,273370490,1.554027777777778
2015-11-14 00:00:00 UTC,394,199,237445000,0.79736111111111119
2015-11-14 00:00:00 UTC,394,201,237445000,0.77875
2015-11-14 00:00:00 UTC,394,200,237445000,1.8497222222222223
2015-11-14 00:00:00 UTC,394,231,237850000,1.9369444444444444
2015-11-14 00:00:00 UTC,394,232,237850000,0.52847222222222223
2015-11-14 00:00:00 UTC,394,245,240430000,4.1947222222222225
2015-11-14 00:00:00 UTC,394,252,240430000,0.70833333333333326
2015-11-14 00:00:00 UTC,394,250,240430000,0.765
2015-11-14 00:00:00 UTC,394,251,240430000,1.5055555555555555
2015-11-14 00:00:00 UTC,394,265,271072703,16.625138888888891
2015-11-14 00:00:00 UTC,394,232,237656000,2.3734722222222224
2015-11-14 00:00:00 UTC,394,231,237656000,2.3351388888888884
2015-11-14 00:00:00 UTC,394,1197,412003275,7.712361111111111
2015-11-14 00:00:00 UTC,394,262,237175000,1.5434722222222224
2015-11-14 00:00:00 UTC,394,264,237175000,1.0359722222222223
2015-11-14 00:00:00 UTC,394,263,237175000,5.9350000000000005
2015-11-14 00:00:00 UTC,394,1197,412066008,6.6991666666666667
2015-11-14 00:00:00 UTC,394,250,237004000,0.38027777777777783
2015-11-14 00:00:00 UTC,394,1193,412869358,0.47
2015-11-14 00:00:00 UTC,394,200,241110000,2.2929166666666667
2015-11-14 00:00:00 UTC,394,200,240374000,1.7518055555555556
2015-11-14 00:00:00 UTC,394,199,240374000,4.7088888888888887
2015-11-14 00:00:00 UTC,650,-235,251399440,3.0698611111111114
2015-11-14 00:00:00 UTC,650,-245,251846170,1.4336111111111109
2015-11-14 00:00:00 UTC,650,-243,251846170,2.0794444444444444
2015-11-14 00:00:00 UTC,650,-246,251846170,0.17069444444444443
2015-11-14 00:00:00 UTC,650,-244,251846170,2.6447222222222222
2015-11-14 00:00:00 UTC,650,-232,251598110,0.31930555555555551
2015-11-14 00:00:00 UTC,650,-231,251598110,3.387916666666666
2015-11-14 00:00:00 UTC,650,-241,251835940,0.26722222222222225
2015-11-14 00:00:00 UTC,650,-242,251835940,0.52930555555555558
2015-11-14 00:00:00 UTC,650,-245,251298110,0.58833333333333337
2015-11-14 00:00:00 UTC,650,-241,251287110,1.8902777777777775
2015-11-14 00:00:00 UTC,650,-242,251287110,1.3045833333333334
2015-11-14 00:00:00 UTC,650,-243,251287110,1.3447222222222222
2015-11-14 00:00:00 UTC,650,-265,251035000,2.1088888888888886
2015-11-14 00:00:00 UTC,650,-235,251315840,1.6272222222222223
2015-11-14 00:00:00 UTC,650,-236,251315840,2.5331944444444443
2015-11-14 00:00:00 UTC,650,-241,251347110,0.14694444444444443
2015-11-14 00:00:00 UTC,650,-247,251848870,0.28263888888888888
2015-11-14 00:00:00 UTC,650,-244,251848870,0.866111111111111
2015-11-14 00:00:00 UTC,650,-245,251848870,3.6359722222222226
2015-11-14 00:00:00 UTC,650,-246,251848870,2.3447222222222219
2015-11-14 00:00:00 UTC,650,-241,251836340,0.42888888888888888
2015-11-14 00:00:00 UTC,650,-247,251410110,1.4779166666666665
2015-11-14 00:00:00 UTC,650,-246,251410110,2.3494444444444444
2015-11-14 00:00:00 UTC,650,-245,251410110,1.6788888888888889
2015-11-14 00:00:00 UTC,650,-140,251386110,1.1022222222222222
2015-11-14 00:00:00 UTC,650,-141,251386110,0.27125
2015-11-14 00:00:00 UTC,650,-139,251386110,1.0968055555555556
2015-11-14 00:00:00 UTC,-374,1741,325617000,0.090694444444444453
2015-11-14 00:00:00 UTC,-118,-1248,440704000,2.4688888888888885
2015-11-14 00:00:00 UTC,-118,885,431253000,1.2712499999999998
2015-11-14 00:00:00 UTC,-118,572,416229900,6.0366666666666671
2015-11-14 00:00:00 UTC,-118,919,431380000,0.847361111111111
2015-11-14 00:00:00 UTC,-118,920,431380000,1.4593055555555556
2015-11-14 00:00:00 UTC,-118,891,432894000,0.37208333333333332
2015-11-14 00:00:00 UTC,-118,1658,412328757,1.685972222222222
2015-11-14 00:00:00 UTC,-118,885,431700560,2.0247222222222221
2015-11-14 00:00:00 UTC,-118,-1262,440946000,4.244305555555556
2015-11-14 00:00:00 UTC,-118,-1255,440986000,3.93375
2015-11-14 00:00:00 UTC,-118,-1253,440986000,1.2273611111111111
2015-11-14 00:00:00 UTC,-118,-1254,440986000,1.7836111111111106
2015-11-14 00:00:00 UTC,-118,-1256,440986000,1.3988888888888888
2015-11-14 00:00:00 UTC,-118,1578,441220243,1.1922222222222223
2015-11-14 00:00:00 UTC,-118,-1250,440952000,2.1683333333333334
2015-11-14 00:00:00 UTC,-118,133,659416000,3.5790277777777777
2015-11-14 00:00:00 UTC,-118,-1147,432461000,1.32125
2015-11-14 00:00:00 UTC,-118,-1150,432343000,4.8579166666666662
2015-11-14 00:00:00 UTC,-118,-1256,440780000,4.25375
2015-11-14 00:00:00 UTC,-118,132,659350000,4.19013888888889
2015-11-14 00:00:00 UTC,395,1197,412281355,1.2058333333333335
2015-11-14 00:00:00 UTC,395,1197,412281367,1.6430555555555555
2015-11-14 00:00:00 UTC,395,260,271062055,1.8169444444444443
2015-11-14 00:00:00 UTC,395,259,271062055,13.965972222222222
2015-11-14 00:00:00 UTC,395,259,271062061,1.9098611111111112
2015-11-14 00:00:00 UTC,395,258,271062061,5.0293055555555561
2015-11-14 00:00:00 UTC,395,1199,412888887,2.3284722222222225
2015-11-14 00:00:00 UTC,395,1198,412888887,3.1005555555555557
2015-11-14 00:00:00 UTC,395,1197,412001598,0.31347222222222226
2015-11-14 00:00:00 UTC,395,1197,412281426,1.4088888888888889
2015-11-14 00:00:00 UTC,395,1199,412283988,4.0551388888888882
2015-11-14 00:00:00 UTC,395,1198,412283988,4.2411111111111115
2015-11-14 00:00:00 UTC,395,199,237329000,2.2920833333333333
2015-11-14 00:00:00 UTC,395,1199,412000887,0.58125
2015-11-14 00:00:00 UTC,395,1483,273370490,3.7944444444444443
2015-11-14 00:00:00 UTC,395,1485,273370490,7.3436111111111106
2015-11-14 00:00:00 UTC,395,1486,273370490,0.85888888888888892
2015-11-14 00:00:00 UTC,395,201,237445000,2.3579166666666671
2015-11-14 00:00:00 UTC,395,200,237445000,2.8597222222222225
2015-11-14 00:00:00 UTC,395,199,237445000,5.3344444444444443
2015-11-14 00:00:00 UTC,395,231,237850000,11.615694444444443
2015-11-14 00:00:00 UTC,395,252,240430000,0.30791666666666667
2015-11-14 00:00:00 UTC,395,1199,412565686,5.6461111111111117
2015-11-14 00:00:00 UTC,395,1199,412082102,3.3569444444444443
2015-11-14 00:00:00 UTC,395,1198,412082102,3.4813888888888895
2015-11-14 00:00:00 UTC,395,231,237656000,2.5731944444444443
2015-11-14 00:00:00 UTC,395,1198,412888002,0.30458333333333332
2015-11-14 00:00:00 UTC,395,259,271072711,1.6572222222222222
2015-11-14 00:00:00 UTC,395,1197,412003275,0.38833333333333331
2015-11-14 00:00:00 UTC,395,-96,263362000,11.368611111111122
2015-11-14 00:00:00 UTC,395,-95,263362000,0.42513888888888884
2015-11-14 00:00:00 UTC,395,200,239266000,1.5797222222222222
2015-11-14 00:00:00 UTC,395,199,239266000,6.6272222222222226
2015-11-14 00:00:00 UTC,395,1197,412066008,2.0091666666666668
2015-11-14 00:00:00 UTC,395,251,237004000,0.15555555555555556
2015-11-14 00:00:00 UTC,395,250,237004000,0.3223611111111111
2015-11-14 00:00:00 UTC,395,200,241110000,0.26916666666666667
2015-11-14 00:00:00 UTC,395,199,241110000,5.0223611111111106
2015-11-14 00:00:00 UTC,395,200,240374000,2.4373611111111106
2015-11-14 00:00:00 UTC,651,-248,251392000,3.8473611111111112
2015-11-14 00:00:00 UTC,651,-250,251392000,1.7334722222222219
2015-11-14 00:00:00 UTC,651,-249,251392000,7.5290277777777774
2015-11-14 00:00:00 UTC,651,-243,251840770,6.1655555555555557
2015-11-14 00:00:00 UTC,651,-244,251840770,3.6559722222222222
2015-11-14 00:00:00 UTC,651,-235,251399440,4.72388888888889
2015-11-14 00:00:00 UTC,651,-246,251846170,2.1443055555555559
2015-11-14 00:00:00 UTC,651,-245,251846170,1.3325
2015-11-14 00:00:00 UTC,651,-244,251846170,0.25972222222222219
2015-11-14 00:00:00 UTC,651,-230,251598110,3.21875
2015-11-14 00:00:00 UTC,651,-231,251598110,0.52819444444444441
2015-11-14 00:00:00 UTC,651,-229,251598110,0.83624999999999994
2015-11-14 00:00:00 UTC,651,-245,251479840,6.0013888888888882
2015-11-14 00:00:00 UTC,651,-246,251479840,0.77402777777777776
2015-11-14 00:00:00 UTC,651,-244,251835940,1.6129166666666666
2015-11-14 00:00:00 UTC,651,-242,251835940,4.2669444444444435
2015-11-14 00:00:00 UTC,651,-243,251835940,5.1833333333333336
2015-11-14 00:00:00 UTC,651,-247,251298110,3.5404166666666672
2015-11-14 00:00:00 UTC,651,-245,251298110,1.0652777777777778
2015-11-14 00:00:00 UTC,651,-248,251298110,2.1608333333333332
2015-11-14 00:00:00 UTC,651,-246,251298110,1.8491666666666666
2015-11-14 00:00:00 UTC,651,-244,251287110,0.54291666666666671
2015-11-14 00:00:00 UTC,651,-241,251287110,1.1156944444444445
2015-11-14 00:00:00 UTC,651,-240,251287110,0.42097222222222219
2015-11-14 00:00:00 UTC,651,-243,251287110,2.0540277777777778
2015-11-14 00:00:00 UTC,651,-138,251307110,0.82458333333333333
2015-11-14 00:00:00 UTC,651,-137,251307110,0.26666666666666666
2015-11-14 00:00:00 UTC,651,-241,251539110,0.96305555555555566
2015-11-14 00:00:00 UTC,651,-242,251539110,3.9980555555555553
2015-11-14 00:00:00 UTC,651,-247,251848870,2.1279166666666667
2015-11-14 00:00:00 UTC,651,-249,251848870,1.6163888888888891
2015-11-14 00:00:00 UTC,651,-248,251848870,3.3386111111111112
2015-11-14 00:00:00 UTC,651,-244,251836340,2.0804166666666668
2015-11-14 00:00:00 UTC,651,-243,251836340,3.8318055555555559
2015-11-14 00:00:00 UTC,651,-242,251836340,3.9850000000000003
2015-11-14 00:00:00 UTC,651,-249,251410110,1.3998611111111112
2015-11-14 00:00:00 UTC,651,-247,251410110,0.62555555555555553
2015-11-14 00:00:00 UTC,651,-248,251410110,5.0654166666666658
2015-11-14 00:00:00 UTC,651,-246,251531240,10.422222222222224
2015-11-14 00:00:00 UTC,-117,-1250,440704000,0.78958333333333341
2015-11-14 00:00:00 UTC,-117,-1207,431500040,2.2811111111111111
2015-11-14 00:00:00 UTC,-117,883,431253000,3.6276388888888889
2015-11-14 00:00:00 UTC,-117,884,431253000,0.4934722222222222
2015-11-14 00:00:00 UTC,-117,930,432405000,0.33611111111111114
2015-11-14 00:00:00 UTC,-117,-1534,412460297,0.55430555555555561
2015-11-14 00:00:00 UTC,-117,-1535,412460297,0.70111111111111113
2015-11-14 00:00:00 UTC,-117,920,431380000,5.6158333333333346
2015-11-14 00:00:00 UTC,-117,919,431380000,5.0122222222222224
2015-11-14 00:00:00 UTC,-117,891,432894000,0.89041666666666663
2015-11-14 00:00:00 UTC,-117,890,432894000,2.2398611111111109
2015-11-14 00:00:00 UTC,-117,1657,412328757,4.4884722222222226
2015-11-14 00:00:00 UTC,-117,906,431700060,7.8794444444444443
2015-11-14 00:00:00 UTC,-117,886,432987000,0.54847222222222225
2015-11-14 00:00:00 UTC,-117,-1256,440986000,3.7888888888888892
2015-11-14 00:00:00 UTC,-117,-1147,432461000,0.91694444444444456
2015-11-14 00:00:00 UTC,396,1197,412281355,4.5868055555555554
2015-11-14 00:00:00 UTC,396,1197,412281367,2.9490277777777778
2015-11-14 00:00:00 UTC,396,1197,412281379,3.5844444444444443
2015-11-14 00:00:00 UTC,396,1196,412002858,1.625
2015-11-14 00:00:00 UTC,396,1197,412281398,0.59222222222222221
2015-11-14 00:00:00 UTC,396,1199,412888887,4.190833333333333
2015-11-14 00:00:00 UTC,396,1198,412888887,0.30347222222222225
2015-11-14 00:00:00 UTC,396,1197,412281401,0.8931944444444444
2015-11-14 00:00:00 UTC,396,1197,412001598,4.6565277777777778
2015-11-14 00:00:00 UTC,396,-94,263407950,1.2744444444444445
2015-11-14 00:00:00 UTC,396,-96,263407950,0.8683333333333334
2015-11-14 00:00:00 UTC,396,-95,263407950,2.455972222222222
2015-11-14 00:00:00 UTC,396,1197,412281426,4.1941666666666668
2015-11-14 00:00:00 UTC,396,1197,412281427,3.4218055555555558
2015-11-14 00:00:00 UTC,396,1198,412283988,0.33013888888888887
2015-11-14 00:00:00 UTC,396,1199,412283988,0.57472222222222225
2015-11-14 00:00:00 UTC,396,1194,412360539,7.3322222222222218
2015-11-14 00:00:00 UTC,396,1195,412360539,2.6302777777777777
2015-11-14 00:00:00 UTC,396,1196,412281439,2.6265277777777776
2015-11-14 00:00:00 UTC,396,1241,412211821,3.7286111111111109
2015-11-14 00:00:00 UTC,396,1240,412211821,0.80361111111111116
2015-11-14 00:00:00 UTC,396,1198,412000887,3.2275
2015-11-14 00:00:00 UTC,396,1199,412000887,2.9201388888888888
2015-11-14 00:00:00 UTC,396,1196,412281464,1.5880555555555556
2015-11-14 00:00:00 UTC,396,1197,412281464,0.91555555555555557
2015-11-14 00:00:00 UTC,396,1485,273370490,0.35972222222222222
2015-11-14 00:00:00 UTC,396,1197,412281478,1.705
2015-11-14 00:00:00 UTC,396,199,237445000,3.1151388888888887
2015-11-14 00:00:00 UTC,396,200,237445000,4.9418055555555558
2015-11-14 00:00:00 UTC,396,1197,412281482,4.7844444444444436
2015-11-14 00:00:00 UTC,396,1197,412281485,4.6626388888888872
2015-11-14 00:00:00 UTC,396,-742,367622290,3.9086111111111106
2015-11-14 00:00:00 UTC,396,1197,412281505,3.3372222222222221
2015-11-14 00:00:00 UTC,396,1196,412281509,3.2147222222222225
2015-11-14 00:00:00 UTC,396,1197,412281509,2.2272222222222222
2015-11-14 00:00:00 UTC,396,1200,412205735,1.6797222222222221
2015-11-14 00:00:00 UTC,396,-93,263577000,0.77347222222222212
2015-11-14 00:00:00 UTC,396,-94,263577000,1.2766666666666666
2015-11-14 00:00:00 UTC,396,-95,263577000,1.6495833333333332
2015-11-14 00:00:00 UTC,396,253,240430000,10.708055555555555
2015-11-14 00:00:00 UTC,396,1198,412565686,0.29180555555555554
2015-11-14 00:00:00 UTC,396,1199,412565686,7.5030555555555551
2015-11-14 00:00:00 UTC,396,1198,412888006,2.2158333333333333
2015-11-14 00:00:00 UTC,396,1199,412888006,7.8313888888888892
2015-11-14 00:00:00 UTC,396,-96,263362000,8.77333333333333
2015-11-14 00:00:00 UTC,396,1213,412215262,2.0494444444444446
2015-11-14 00:00:00 UTC,396,1200,412700129,0.8502777777777778
2015-11-14 00:00:00 UTC,396,1197,412880099,1.6894444444444445
2015-11-14 00:00:00 UTC,652,-246,251479840,1.4891666666666667
2015-11-14 00:00:00 UTC,652,-246,251298110,3.1052777777777782
2015-11-14 00:00:00 UTC,652,-245,251298110,7.565138888888888
2015-11-14 00:00:00 UTC,652,-240,251287110,0.57222222222222219
2015-11-14 00:00:00 UTC,652,-241,251287110,0.700138888888889
2015-11-14 00:00:00 UTC,652,-137,251307110,2.381388888888889
2015-11-14 00:00:00 UTC,652,-264,251035000,1.5979166666666664
2015-11-14 00:00:00 UTC,652,-266,251035000,1.8158333333333332
2015-11-14 00:00:00 UTC,652,-242,251539110,5.1847222222222227
2015-11-14 00:00:00 UTC,652,-246,251347110,0.76138888888888889
2015-11-14 00:00:00 UTC,652,-245,251347110,0.33416666666666661
2015-11-14 00:00:00 UTC,652,-245,251422440,4.3193055555555562
2015-11-14 00:00:00 UTC,652,-244,251422440,0.99430555555555566
2015-11-14 00:00:00 UTC,652,-249,251254000,2.0301388888888887
2015-11-14 00:00:00 UTC,652,-252,251254000,5.2536111111111108
2015-11-14 00:00:00 UTC,652,-251,251254000,4.4706944444444439
2015-11-14 00:00:00 UTC,652,-250,251254000,6.3137499999999989
2015-11-14 00:00:00 UTC,-116,-1253,440704000,0.22458333333333333
2015-11-14 00:00:00 UTC,-116,-1250,440704000,0.13638888888888887
2015-11-14 00:00:00 UTC,-116,-1252,440704000,0.32513888888888887
2015-11-14 00:00:00 UTC,-116,-1251,440704000,0.89166666666666672
2015-11-14 00:00:00 UTC,-116,-1254,440704000,1.9195833333333332
2015-11-14 00:00:00 UTC,-116,-1207,431500040,1.4347222222222222
2015-11-14 00:00:00 UTC,-116,884,431253000,0.38763888888888887
2015-11-14 00:00:00 UTC,-116,931,432405000,0.70375
2015-11-14 00:00:00 UTC,-116,930,432405000,2.3345833333333337
2015-11-14 00:00:00 UTC,-116,-1534,412460297,2.0397222222222218
2015-11-14 00:00:00 UTC,-116,-1535,412460297,2.1822222222222223
2015-11-14 00:00:00 UTC,-116,1575,416003089,3.4797222222222222
2015-11-14 00:00:00 UTC,-116,1574,416003089,0.90125
2015-11-14 00:00:00 UTC,-116,919,431380000,3.1280555555555556
2015-11-14 00:00:00 UTC,-116,-1217,431038000,0.36375
2015-11-14 00:00:00 UTC,-116,1587,416004453,2.1063888888888886
2015-11-14 00:00:00 UTC,-116,1588,416004453,3.6986111111111111
2015-11-14 00:00:00 UTC,-116,876,431067000,0.31388888888888888
2015-11-14 00:00:00 UTC,-116,877,431067000,0.79180555555555554
2015-11-14 00:00:00 UTC,-116,878,431067000,0.33291666666666664
2015-11-14 00:00:00 UTC,-116,886,432987000,0.73583333333333334
2015-11-14 00:00:00 UTC,-116,885,432987000,1.6295833333333334
2015-11-14 00:00:00 UTC,-116,-1253,440986000,0.56111111111111112
2015-11-14 00:00:00 UTC,-116,-1254,440986000,5.2454166666666673
2015-11-14 00:00:00 UTC,-116,-1255,440986000,1.5623611111111109
2015-11-14 00:00:00 UTC,-116,-1252,440952000,4.2375
2015-11-14 00:00:00 UTC,-116,-1212,431853000,0.7375
2015-11-14 00:00:00 UTC,-116,-1211,431853000,1.8347222222222221
2015-11-14 00:00:00 UTC,-116,-1147,432461000,2.8105555555555553
2015-11-14 00:00:00 UTC,-116,-1101,431382000,0.3375
2015-11-14 00:00:00 UTC,-116,-1100,431382000,0.35388888888888886
2015-11-14 00:00:00 UTC,-116,932,432918000,0.6973611111111111
2015-11-14 00:00:00 UTC,-116,931,432918000,1.7636111111111112
2015-11-14 00:00:00 UTC,397,1196,412884224,10.730416666666667
2015-11-14 00:00:00 UTC,397,1198,412281346,0.26777777777777778
2015-11-14 00:00:00 UTC,397,1196,412281096,22.068611111111114
2015-11-14 00:00:00 UTC,397,1197,412281355,0.29777777777777781
2015-11-14 00:00:00 UTC,397,1196,412082188,7.2802777777777772
2015-11-14 00:00:00 UTC,397,1197,412281367,0.608611111111111
2015-11-14 00:00:00 UTC,397,1491,416004889,10.1075
2015-11-14 00:00:00 UTC,397,1490,416004889,0.35569444444444442
2015-11-14 00:00:00 UTC,397,-95,263409950,1.4501388888888886
2015-11-14 00:00:00 UTC,397,1195,412887333,6.9979166666666668
2015-11-14 00:00:00 UTC,397,1490,416649000,11.448055555555554
2015-11-14 00:00:00 UTC,397,-96,225353000,0.74902777777777785
2015-11-14 00:00:00 UTC,397,-97,225353000,0.52694444444444444
2015-11-14 00:00:00 UTC,397,1197,412281389,3.1091666666666664
2015-11-14 00:00:00 UTC,397,1196,412281393,0.54125
2015-11-14 00:00:00 UTC,397,1197,412281393,3.5563888888888888
2015-11-14 00:00:00 UTC,397,1214,412000308,1.6180555555555556
2015-11-14 00:00:00 UTC,397,1213,412000308,10.715277777777779
2015-11-14 00:00:00 UTC,397,1197,412281398,5.1543055555555553
2015-11-14 00:00:00 UTC,397,1197,412281401,5.2456944444444442
2015-11-14 00:00:00 UTC,397,1198,412281403,0.25125
2015-11-14 00:00:00 UTC,397,1196,412281404,5.736527777777777
2015-11-14 00:00:00 UTC,397,1197,412281405,5.3602777777777773
2015-11-14 00:00:00 UTC,397,1196,412281405,0.83666666666666667
2015-11-14 00:00:00 UTC,397,1197,412001598,0.29527777777777775
2015-11-14 00:00:00 UTC,397,1198,412214854,4.4051388888888878
2015-11-14 00:00:00 UTC,397,1199,412214854,2.5988888888888888
2015-11-14 00:00:00 UTC,397,1197,412281415,6.2786111111111111
2015-11-14 00:00:00 UTC,397,-96,263407950,7.0270833333333336
2015-11-14 00:00:00 UTC,397,1196,412555855,9.5506944444444439
2015-11-14 00:00:00 UTC,397,1482,441074000,4.199583333333333
2015-11-14 00:00:00 UTC,397,1197,412281426,0.33916666666666667
2015-11-14 00:00:00 UTC,397,1197,412281439,0.26347222222222222
2015-11-14 00:00:00 UTC,397,1196,412281439,3.0618055555555554
2015-11-14 00:00:00 UTC,397,1199,412456801,15.372638888888888
2015-11-14 00:00:00 UTC,397,1534,432561000,3.4920833333333334
2015-11-14 00:00:00 UTC,397,1533,432561000,4.0454166666666662
2015-11-14 00:00:00 UTC,397,1241,412211821,5.033888888888888
2015-11-14 00:00:00 UTC,397,1197,412281464,0.30583333333333329
2015-11-14 00:00:00 UTC,397,1196,412281464,2.7034722222222225
2015-11-14 00:00:00 UTC,397,1491,416037500,5.9140277777777772
2015-11-14 00:00:00 UTC,397,1197,412281478,1.0072222222222222
2015-11-14 00:00:00 UTC,397,1197,412281482,0.27527777777777779
2015-11-14 00:00:00 UTC,397,1197,412281485,1.1623611111111112
2015-11-14 00:00:00 UTC,397,1198,412214929,13.580833333333336
2015-11-14 00:00:00 UTC,397,1485,412200083,0.34569444444444447
2015-11-14 00:00:00 UTC,397,1486,412200083,1.5611111111111113
2015-11-14 00:00:00 UTC,397,1197,412281505,0.86972222222222229
2015-11-14 00:00:00 UTC,397,1196,412281509,0.31916666666666671
2015-11-14 00:00:00 UTC,397,1197,412281509,0.31333333333333335
2015-11-14 00:00:00 UTC,397,-93,263577000,0.42611111111111111
2015-11-14 00:00:00 UTC,397,1194,412000692,7.5456944444444449
2015-11-14 00:00:00 UTC,397,1198,412000973,4.3044444444444441
2015-11-14 00:00:00 UTC,397,1486,412270038,7.8515277777777772
2015-11-14 00:00:00 UTC,397,1241,412211684,7.3756944444444441
2015-11-14 00:00:00 UTC,397,1199,412004600,16.59847222222222
2015-11-14 00:00:00 UTC,397,1196,412084218,6.6522222222222211
2015-11-14 00:00:00 UTC,397,1196,412281339,0.78972222222222221
2015-11-14 00:00:00 UTC,397,1197,412281339,5.19375
2015-11-14 00:00:00 UTC,397,-215,263408380,6.8122222222222222
2015-11-14 00:00:00 UTC,397,-214,263408380,1.7708333333333333
2015-11-14 00:00:00 UTC,653,-115,251054110,1.2641666666666667
2015-11-14 00:00:00 UTC,653,-116,251054110,0.50555555555555554
2015-11-14 00:00:00 UTC,653,-246,251298110,0.53277777777777779
2015-11-14 00:00:00 UTC,653,-114,251015000,3.1695833333333332
2015-11-14 00:00:00 UTC,653,-264,251035000,5.2145833333333336
2015-11-14 00:00:00 UTC,653,-245,251347110,1.3556944444444441
2015-11-14 00:00:00 UTC,653,-246,251347110,0.13097222222222221
2015-11-14 00:00:00 UTC,653,-245,251422440,1.8034722222222221
2015-11-14 00:00:00 UTC,653,-244,251422440,3.8326388888888885
2015-11-14 00:00:00 UTC,653,-249,251254000,0.22555555555555556
2015-11-14 00:00:00 UTC,653,-250,251254000,3.3776388888888884
2015-11-14 00:00:00 UTC,653,-251,251254000,2.4041666666666668
2015-11-14 00:00:00 UTC,-115,-1253,440704000,0.47250000000000003
2015-11-14 00:00:00 UTC,-115,-1252,440704000,0.3375
2015-11-14 00:00:00 UTC,-115,-1207,431500040,1.7288888888888889
2015-11-14 00:00:00 UTC,-115,884,431253000,2.6102777777777777
2015-11-14 00:00:00 UTC,-115,932,432405000,2.2109722222222219
2015-11-14 00:00:00 UTC,-115,931,432405000,1.524861111111111
2015-11-14 00:00:00 UTC,-115,-1534,412460297,2.6783333333333328
2015-11-14 00:00:00 UTC,-115,1574,416003089,1.9756944444444444
2015-11-14 00:00:00 UTC,-115,-1217,431038000,3.3440277777777778
2015-11-14 00:00:00 UTC,-115,890,432894000,1.9404166666666667
2015-11-14 00:00:00 UTC,-115,906,431700060,2.6059722222222219
2015-11-14 00:00:00 UTC,-115,903,431700060,2.3580555555555556
2015-11-14 00:00:00 UTC,-115,877,431067000,0.54875000000000007
2015-11-14 00:00:00 UTC,-115,878,431067000,3.1948611111111109
2015-11-14 00:00:00 UTC,-115,876,431067000,3.4533333333333331
2015-11-14 00:00:00 UTC,-115,886,432987000,0.53041666666666665
2015-11-14 00:00:00 UTC,-115,933,432848000,0.70069444444444451
2015-11-14 00:00:00 UTC,-115,881,432568000,4.3786111111111117
2015-11-14 00:00:00 UTC,-115,880,432568000,3.8508333333333331
2015-11-14 00:00:00 UTC,-115,-1101,431382000,0.70486111111111116
2015-11-14 00:00:00 UTC,-115,931,432918000,2.108888888888889
2015-11-14 00:00:00 UTC,-115,933,432918000,2.5370833333333329
2015-11-14 00:00:00 UTC,142,-294,431927000,1.8161111111111112
2015-11-14 00:00:00 UTC,142,-276,431798000,3.8805555555555551
2015-11-14 00:00:00 UTC,398,1198,412281346,4.8204166666666666
2015-11-14 00:00:00 UTC,398,1196,412284681,9.8879166666666656
2015-11-14 00:00:00 UTC,398,1196,412082188,2.0934722222222217
2015-11-14 00:00:00 UTC,398,1198,412281366,6.0326388888888891
2015-11-14 00:00:00 UTC,398,1199,412281366,0.99319444444444449
2015-11-14 00:00:00 UTC,398,-95,263409950,1.6245833333333335
2015-11-14 00:00:00 UTC,398,-97,225353000,3.6749999999999994
2015-11-14 00:00:00 UTC,398,-96,225353000,0.14944444444444444
2015-11-14 00:00:00 UTC,398,1197,412281389,3.0159722222222225
2015-11-14 00:00:00 UTC,398,1198,412281393,0.6086111111111111
2015-11-14 00:00:00 UTC,398,1199,412281398,0.2961111111111111
2015-11-14 00:00:00 UTC,398,1198,412281398,0.25513888888888892
2015-11-14 00:00:00 UTC,398,1198,412281403,5.0034722222222214
2015-11-14 00:00:00 UTC,398,1197,412283963,0.29666666666666663
2015-11-14 00:00:00 UTC,398,1198,412214854,0.4875
2015-11-14 00:00:00 UTC,398,1199,412214854,0.513611111111111
2015-11-14 00:00:00 UTC,398,-97,263407950,1.1245833333333333
2015-11-14 00:00:00 UTC,398,-96,263407950,4.072916666666667
2015-11-14 00:00:00 UTC,398,1196,412555855,1.8163888888888888
2015-11-14 00:00:00 UTC,398,1199,412456801,0.26194444444444442
2015-11-14 00:00:00 UTC,398,1198,412281459,4.2388888888888889
2015-11-14 00:00:00 UTC,398,1197,412281459,1.2809722222222222
2015-11-14 00:00:00 UTC,398,1197,421212534,3.6806944444444447
2015-11-14 00:00:00 UTC,398,1198,421212534,1.6141666666666665
2015-11-14 00:00:00 UTC,398,1198,412281462,4.3581944444444449
2015-11-14 00:00:00 UTC,398,1199,412281462,2.0636111111111108
2015-11-14 00:00:00 UTC,398,1196,412568968,6.7311111111111108
2015-11-14 00:00:00 UTC,398,1486,412200083,0.69236111111111109
2015-11-14 00:00:00 UTC,398,1487,412200083,5.106527777777778
2015-11-14 00:00:00 UTC,398,-741,367151830,0.16666666666666669
2015-11-14 00:00:00 UTC,398,1241,412211684,0.54138888888888892
2015-11-14 00:00:00 UTC,398,1199,412004600,0.79958333333333331
2015-11-14 00:00:00 UTC,398,1196,412084218,1.8140277777777774
2015-11-14 00:00:00 UTC,654,-115,251054110,2.1443055555555559
2015-11-14 00:00:00 UTC,654,-116,251054110,0.88888888888888884
2015-11-14 00:00:00 UTC,654,-114,251015000,8.2001388888888886
2015-11-14 00:00:00 UTC,654,-115,251015000,6.5944444444444441
2015-11-14 00:00:00 UTC,654,-265,251035000,1.4434722222222223
2015-11-14 00:00:00 UTC,654,-264,251035000,4.5777777777777784
2015-11-14 00:00:00 UTC,654,-130,251344000,3.2972222222222221
2015-11-14 00:00:00 UTC,654,-132,251344000,5.2798611111111118
2015-11-14 00:00:00 UTC,654,-131,251344000,4.4287500000000009
2015-11-14 00:00:00 UTC,654,-129,251344000,1.8404166666666666
2015-11-14 00:00:00 UTC,-114,-1207,431500040,4.2479166666666668
2015-11-14 00:00:00 UTC,-114,-1206,431500040,4.9659722222222218
2015-11-14 00:00:00 UTC,-114,884,431253000,0.70152777777777775
2015-11-14 00:00:00 UTC,-114,932,432405000,1.830138888888889
2015-11-14 00:00:00 UTC,-114,931,432405000,2.0588888888888892
2015-11-14 00:00:00 UTC,-114,-1534,412460297,1.3895833333333332
2015-11-14 00:00:00 UTC,-114,-1217,431038000,0.8716666666666667
2015-11-14 00:00:00 UTC,-114,890,432894000,2.0770833333333334
2015-11-14 00:00:00 UTC,-114,891,432894000,0.53055555555555556
2015-11-14 00:00:00 UTC,-114,1655,412328757,4.9673611111111109
2015-11-14 00:00:00 UTC,-114,1656,412328757,6.0418055555555554
2015-11-14 00:00:00 UTC,-114,1586,416004453,2.9756944444444442
2015-11-14 00:00:00 UTC,-114,878,431067000,3.3798611111111114
2015-11-14 00:00:00 UTC,-114,886,432987000,0.56111111111111112
2015-11-14 00:00:00 UTC,-114,885,432987000,1.9491666666666667
2015-11-14 00:00:00 UTC,-114,934,432848000,0.3611111111111111
2015-11-14 00:00:00 UTC,-114,932,432848000,1.8970833333333332
2015-11-14 00:00:00 UTC,-114,933,432848000,0.33763888888888893
2015-11-14 00:00:00 UTC,-114,-1214,432346000,1.0211111111111111
2015-11-14 00:00:00 UTC,-114,876,431703970,1.0647222222222221
2015-11-14 00:00:00 UTC,-114,881,432568000,2.5954166666666665
2015-11-14 00:00:00 UTC,-114,-1147,432461000,2.0841666666666665
2015-11-14 00:00:00 UTC,-114,-1101,431382000,1.3466666666666667
2015-11-14 00:00:00 UTC,-114,932,432918000,1.012361111111111
2015-11-14 00:00:00 UTC,-114,133,659350000,3.4165277777777776
2015-11-14 00:00:00 UTC,-114,134,659350000,1.7112500000000002
2015-11-14 00:00:00 UTC,143,-279,431701650,1.6872222222222222
2015-11-14 00:00:00 UTC,143,-293,431927000,4.9445833333333331
2015-11-14 00:00:00 UTC,143,-294,431927000,2.0476388888888888
2015-11-14 00:00:00 UTC,399,1215,412213764,0.528888888888889
2015-11-14 00:00:00 UTC,399,1216,412213764,1.9968055555555555
2015-11-14 00:00:00 UTC,399,-214,224066580,0.66222222222222227
2015-11-14 00:00:00 UTC,399,-215,224066580,3.9011111111111112
2015-11-14 00:00:00 UTC,399,-211,224066580,0.33597222222222223
2015-11-14 00:00:00 UTC,399,-213,224066580,0.76833333333333331
2015-11-14 00:00:00 UTC,399,-210,224066580,0.46708333333333329
2015-11-14 00:00:00 UTC,399,-212,224066580,0.6958333333333333
2015-11-14 00:00:00 UTC,399,-95,263409950,1.67625
2015-11-14 00:00:00 UTC,399,-97,225353000,2.0997222222222218
2015-11-14 00:00:00 UTC,399,1199,412286252,5.3159722222222223
2015-11-14 00:00:00 UTC,399,1198,412286252,5.4531944444444447
2015-11-14 00:00:00 UTC,399,1536,432776000,0.22125
2015-11-14 00:00:00 UTC,399,1535,432776000,9.8368055555555554
2015-11-14 00:00:00 UTC,399,1198,412286277,7.41736111111111
2015-11-14 00:00:00 UTC,399,1199,412286277,16.727638888888894
2015-11-14 00:00:00 UTC,399,1198,412286281,0.18763888888888888
2015-11-14 00:00:00 UTC,399,1199,412286281,19.50083333333334
2015-11-14 00:00:00 UTC,399,1200,412286281,4.2729166666666671
2015-11-14 00:00:00 UTC,399,-96,263407950,3.275694444444444
2015-11-14 00:00:00 UTC,399,-97,263407950,1.5761111111111112
2015-11-14 00:00:00 UTC,399,1215,412214608,20.33902777777778
2015-11-14 00:00:00 UTC,399,1200,412286306,1.67125
2015-11-14 00:00:00 UTC,399,1199,412286306,17.193888888888889
2015-11-14 00:00:00 UTC,399,1198,412286306,5.0643055555555545
2015-11-14 00:00:00 UTC,399,1198,412286054,13.092083333333337
2015-11-14 00:00:00 UTC,399,1199,412286054,21.353750000000005
2015-11-14 00:00:00 UTC,399,1214,412214381,0.29527777777777775
2015-11-14 00:00:00 UTC,399,1199,412286323,16.563333333333329
2015-11-14 00:00:00 UTC,399,1198,412286323,7.4409722222222232
2015-11-14 00:00:00 UTC,399,1199,412286068,4.8695833333333338
2015-11-14 00:00:00 UTC,399,1198,412286068,13.748472222222217
2015-11-14 00:00:00 UTC,399,1200,412286072,4.7305555555555561
2015-11-14 00:00:00 UTC,399,1198,412286072,5.4105555555555558
2015-11-14 00:00:00 UTC,399,1199,412286072,13.911666666666667
2015-11-14 00:00:00 UTC,399,1215,800019587,5.2597222222222229
2015-11-14 00:00:00 UTC,399,1199,412214921,1.4324999999999999
2015-11-14 00:00:00 UTC,399,1200,412214921,3.9868055555555557
2015-11-14 00:00:00 UTC,399,1486,412200083,2.3504166666666668
2015-11-14 00:00:00 UTC,399,1488,412200083,1.2209722222222221
2015-11-14 00:00:00 UTC,399,1485,412200083,3.8152777777777778
2015-11-14 00:00:00 UTC,399,1200,412214934,3.0380555555555553
2015-11-14 00:00:00 UTC,399,1199,412214934,3.164166666666667
2015-11-14 00:00:00 UTC,399,1216,412213923,2.7733333333333334
2015-11-14 00:00:00 UTC,399,-97,263577000,0.45055555555555549
2015-11-14 00:00:00 UTC,399,1199,800035756,23.250833333333333
2015-11-14 00:00:00 UTC,399,1214,412213172,4.620972222222222
2015-11-14 00:00:00 UTC,399,-741,367151830,0.19166666666666665
2015-11-14 00:00:00 UTC,399,1488,412270038,5.9250000000000007
2015-11-14 00:00:00 UTC,399,1490,412270038,5.987916666666667
2015-11-14 00:00:00 UTC,399,1201,412213241,0.30513888888888885
2015-11-14 00:00:00 UTC,399,-219,263408380,4.8830555555555559
2015-11-14 00:00:00 UTC,655,-251,251453000,0.78458333333333341
2015-11-14 00:00:00 UTC,655,-250,251838540,6.085694444444445
2015-11-14 00:00:00 UTC,655,-115,251015000,0.22611111111111112
2015-11-14 00:00:00 UTC,655,-116,251015000,5.9529166666666669
2015-11-14 00:00:00 UTC,655,-131,251344000,1.0501388888888887
2015-11-14 00:00:00 UTC,655,-133,251344000,3.7495833333333337
2015-11-14 00:00:00 UTC,655,-132,251344000,3.5625
2015-11-14 00:00:00 UTC,655,-134,251344000,0.15736111111111109
2015-11-14 00:00:00 UTC,655,-249,251772110,0.95055555555555549
2015-11-14 00:00:00 UTC,655,-251,251772110,1.8615277777777777
2015-11-14 00:00:00 UTC,655,-250,251772110,8.855833333333333
2015-11-14 00:00:00 UTC,-113,-1207,431500040,2.439861111111111
2015-11-14 00:00:00 UTC,-113,-1206,431500040,0.61791666666666667
2015-11-14 00:00:00 UTC,-113,884,431253000,4.3793055555555558
2015-11-14 00:00:00 UTC,-113,931,432405000,1.6613888888888888
2015-11-14 00:00:00 UTC,-113,-1534,412460297,3.6090277777777779
2015-11-14 00:00:00 UTC,-113,1574,416003089,1.9918055555555556
2015-11-14 00:00:00 UTC,-113,-1217,431038000,1.3844444444444446
2015-11-14 00:00:00 UTC,-113,890,432894000,3.4079166666666665
2015-11-14 00:00:00 UTC,-113,891,432894000,1.4773611111111111
2015-11-14 00:00:00 UTC,-113,-1792,367666000,2.3831944444444444
2015-11-14 00:00:00 UTC,-113,-1793,367666000,0.90819444444444442
2015-11-14 00:00:00 UTC,-113,1586,416004453,1.31
2015-11-14 00:00:00 UTC,-113,878,431067000,3.8120833333333333
2015-11-14 00:00:00 UTC,-113,886,432987000,1.4802777777777778
2015-11-14 00:00:00 UTC,-113,885,432987000,2.1066666666666665
2015-11-14 00:00:00 UTC,-113,934,432848000,2.2023611111111108
2015-11-14 00:00:00 UTC,-113,933,432848000,2.6247222222222222
2015-11-14 00:00:00 UTC,-113,-1214,432346000,1.4758333333333333
2015-11-14 00:00:00 UTC,-113,876,431703970,0.75861111111111112
2015-11-14 00:00:00 UTC,-113,875,431703970,2.61
2015-11-14 00:00:00 UTC,-113,-1211,431853000,2.4154166666666668
2015-11-14 00:00:00 UTC,-113,-1101,431382000,3.364583333333333
2015-11-14 00:00:00 UTC,-113,932,432918000,1.0387499999999998
2015-11-14 00:00:00 UTC,-113,933,432918000,1.8204166666666666
2015-11-14 00:00:00 UTC,-113,134,659350000,1.8483333333333332
2015-11-14 00:00:00 UTC,144,-278,431701650,1.7038888888888888
2015-11-14 00:00:00 UTC,144,-279,431701650,1.7630555555555554
2015-11-14 00:00:00 UTC,144,-277,431701650,0.20847222222222223
2015-11-14 00:00:00 UTC,144,-292,431927000,1.2308333333333332
2015-11-14 00:00:00 UTC,144,-1156,345080032,0.50958333333333328
2015-11-14 00:00:00 UTC,144,-280,431798000,1.7169444444444446
2015-11-14 00:00:00 UTC,400,1215,412213764,14.395138888888889
2015-11-14 00:00:00 UTC,400,-209,224066580,0.91375
2015-11-14 00:00:00 UTC,400,1201,412705559,4.09125
2015-11-14 00:00:00 UTC,400,1216,412213783,7.9259722222222226
2015-11-14 00:00:00 UTC,400,1217,412213783,10.099444444444446
2015-11-14 00:00:00 UTC,400,-95,263409950,1.3738888888888889
2015-11-14 00:00:00 UTC,400,-97,263409950,0.27597222222222223
2015-11-14 00:00:00 UTC,400,-97,225353000,1.3177777777777777
2015-11-14 00:00:00 UTC,400,1216,412558897,5.3869444444444463
2015-11-14 00:00:00 UTC,400,1215,412558897,9.8705555555555549
2015-11-14 00:00:00 UTC,400,1217,412055098,0.16402777777777777
2015-11-14 00:00:00 UTC,400,1217,412568908,3.0875000000000004
2015-11-14 00:00:00 UTC,400,1216,412568908,18.85541666666667
2015-11-14 00:00:00 UTC,400,1217,412214605,21.871388888888887
2015-11-14 00:00:00 UTC,400,-97,263407950,0.57472222222222213
2015-11-14 00:00:00 UTC,400,1215,412214608,6.0719444444444441
2015-11-14 00:00:00 UTC,400,1216,412214353,19.684027777777782
2015-11-14 00:00:00 UTC,400,1215,412213842,16.482361111111111
2015-11-14 00:00:00 UTC,400,1216,412214617,8.5255555555555542
2015-11-14 00:00:00 UTC,400,1217,412214617,10.763194444444446
2015-11-14 00:00:00 UTC,400,1214,412213338,0.47944444444444445
2015-11-14 00:00:00 UTC,400,1213,412213338,0.50527777777777771
2015-11-14 00:00:00 UTC,400,1217,412213851,0.12541666666666668
2015-11-14 00:00:00 UTC,400,1214,412215147,4.8138888888888891
2015-11-14 00:00:00 UTC,400,1213,412215147,1.3588888888888888
2015-11-14 00:00:00 UTC,400,1214,412214381,0.31027777777777776
2015-11-14 00:00:00 UTC,400,1216,412214381,14.511944444444445
2015-11-14 00:00:00 UTC,400,1215,412214381,0.57055555555555548
2015-11-14 00:00:00 UTC,400,1215,800019587,8.45361111111111
2015-11-14 00:00:00 UTC,400,1216,412213894,2.4120833333333334
2015-11-14 00:00:00 UTC,400,1217,900935058,18.195277777777775
2015-11-14 00:00:00 UTC,400,1216,900935058,9.5909722222222218
2015-11-14 00:00:00 UTC,400,1216,412215191,6.8695833333333329
2015-11-14 00:00:00 UTC,400,1217,412215191,4.955
2015-11-14 00:00:00 UTC,400,1216,412213923,10.719999999999997
2015-11-14 00:00:00 UTC,400,1215,412213923,5.9169444444444439
2015-11-14 00:00:00 UTC,400,-97,263577000,1.6504166666666666
2015-11-14 00:00:00 UTC,400,1217,800020138,8.231527777777778
2015-11-14 00:00:00 UTC,400,1218,800020138,1.277222222222222
2015-11-14 00:00:00 UTC,400,1201,412213674,21.035833333333333
2015-11-14 00:00:00 UTC,400,1216,412213958,2.5558333333333332
2015-11-14 00:00:00 UTC,400,1215,412213958,0.44194444444444447
2015-11-14 00:00:00 UTC,400,-423,224173000,0.79986111111111113
2015-11-14 00:00:00 UTC,400,1215,412214221,12.033194444444444
2015-11-14 00:00:00 UTC,400,1214,412214221,0.325
2015-11-14 00:00:00 UTC,400,1216,412213738,10.13263888888889
2015-11-14 00:00:00 UTC,400,1217,412041721,5.5734722222222217
2015-11-14 00:00:00 UTC,400,-222,263408380,1.7676388888888888
2015-11-14 00:00:00 UTC,400,-221,263408380,1.8915277777777779
2015-11-14 00:00:00 UTC,656,-282,251464000,2.4483333333333333
2015-11-14 00:00:00 UTC,656,-278,251464000,0.70180555555555557
2015-11-14 00:00:00 UTC,656,-284,251464000,1.3722222222222222
2015-11-14 00:00:00 UTC,656,-280,251464000,2.2979166666666666
2015-11-14 00:00:00 UTC,656,-281,251464000,4.014722222222221
2015-11-14 00:00:00 UTC,656,-279,251464000,0.9620833333333334
2015-11-14 00:00:00 UTC,656,-283,251464000,2.43375
2015-11-14 00:00:00 UTC,656,-249,251453000,1.5522222222222219
2015-11-14 00:00:00 UTC,656,-252,251453000,1.8684722222222221
2015-11-14 00:00:00 UTC,656,-251,251453000,1.1344444444444446
2015-11-14 00:00:00 UTC,656,-250,251453000,0.24527777777777776
2015-11-14 00:00:00 UTC,656,-250,251838540,0.34208333333333329
2015-11-14 00:00:00 UTC,656,-249,251838540,7.2140277777777779
2015-11-14 00:00:00 UTC,656,-280,251089000,2.76625
2015-11-14 00:00:00 UTC,656,-283,251089000,2.4305555555555554
2015-11-14 00:00:00 UTC,656,-279,251089000,0.50666666666666671
2015-11-14 00:00:00 UTC,656,-282,251089000,1.3663888888888889
2015-11-14 00:00:00 UTC,656,-278,251089000,1.1718055555555555
2015-11-14 00:00:00 UTC,656,-277,251089000,0.3888888888888889
2015-11-14 00:00:00 UTC,656,-236,251848570,0.26888888888888884
2015-11-14 00:00:00 UTC,656,-264,251219110,2.1004166666666668
2015-11-14 00:00:00 UTC,656,-262,251219110,2.4372222222222222
2015-11-14 00:00:00 UTC,656,-257,251219110,3.2352777777777777
2015-11-14 00:00:00 UTC,656,-258,251219110,3.5861111111111108
2015-11-14 00:00:00 UTC,656,-261,251219110,2.3566666666666665
2015-11-14 00:00:00 UTC,656,-259,251219110,4.4870833333333326
2015-11-14 00:00:00 UTC,656,-256,251219110,2.4161111111111113
2015-11-14 00:00:00 UTC,656,-260,251219110,2.15125
2015-11-14 00:00:00 UTC,656,-265,251219110,0.89652777777777781
2015-11-14 00:00:00 UTC,656,-279,251790000,0.79055555555555557
2015-11-14 00:00:00 UTC,656,-278,251790000,2.1495833333333332
2015-11-14 00:00:00 UTC,656,-280,251790000,2.2454166666666668
2015-11-14 00:00:00 UTC,656,-282,251790000,1.6306944444444444
2015-11-14 00:00:00 UTC,656,-281,251790000,3.129027777777778
2015-11-14 00:00:00 UTC,656,-252,251427000,1.7927777777777776
2015-11-14 00:00:00 UTC,-112,-1206,431500040,3.2070833333333337
2015-11-14 00:00:00 UTC,-112,-1207,431500040,2.405555555555555
2015-11-14 00:00:00 UTC,-112,884,431253000,1.0486111111111112
2015-11-14 00:00:00 UTC,-112,932,432405000,2.7605555555555554
2015-11-14 00:00:00 UTC,-112,-1536,412460297,2.6369444444444445
2015-11-14 00:00:00 UTC,-112,1574,416003089,0.9095833333333333
2015-11-14 00:00:00 UTC,-112,-1217,431038000,0.77791666666666659
2015-11-14 00:00:00 UTC,-112,-1792,338622000,0.93305555555555553
2015-11-14 00:00:00 UTC,-112,1586,416004453,0.32083333333333336
2015-11-14 00:00:00 UTC,-112,1585,416004453,2.8415277777777774
2015-11-14 00:00:00 UTC,-112,1587,416004453,6.9863888888888885
2015-11-14 00:00:00 UTC,-112,885,432987000,3.4616666666666669
2015-11-14 00:00:00 UTC,-112,1579,416002681,2.0502777777777776
2015-11-14 00:00:00 UTC,-112,933,432848000,5.2025
2015-11-14 00:00:00 UTC,-112,934,432848000,1.8163888888888888
2015-11-14 00:00:00 UTC,-112,-1215,432346000,1.2197222222222222
2015-11-14 00:00:00 UTC,-112,920,432282000,1.8315277777777776
2015-11-14 00:00:00 UTC,-112,-1208,431500180,2.6431944444444442
2015-11-14 00:00:00 UTC,-112,876,431703970,5.478194444444445
2015-11-14 00:00:00 UTC,-112,881,432568000,5.6540277777777774
2015-11-14 00:00:00 UTC,-112,-1211,431853000,1.6770833333333337
2015-11-14 00:00:00 UTC,-112,920,432353000,1.476388888888889
2015-11-14 00:00:00 UTC,-112,921,432353000,0.33347222222222217
2015-11-14 00:00:00 UTC,-112,-1101,431382000,1.3240277777777778
2015-11-14 00:00:00 UTC,-112,932,432918000,3.8059722222222221
2015-11-14 00:00:00 UTC,-112,134,659350000,3.3809722222222218
2015-11-14 00:00:00 UTC,-112,134,603100159,0.736388888888889
2015-11-14 00:00:00 UTC,145,-289,431927000,3.6537500000000005
2015-11-14 00:00:00 UTC,145,-279,431798000,1.252361111111111
2015-11-14 00:00:00 UTC,145,-278,431798000,1.0870833333333332
2015-11-14 00:00:00 UTC,145,-280,431798000,1.4177777777777778
2015-11-14 00:00:00 UTC,145,-277,431798000,3.32625
2015-11-14 00:00:00 UTC,401,1219,412213761,2.6495833333333332
2015-11-14 00:00:00 UTC,401,1218,412213761,10.24527777777778
2015-11-14 00:00:00 UTC,401,1218,412213765,0.26347222222222222
2015-11-14 00:00:00 UTC,401,1218,412213773,10.609166666666669
2015-11-14 00:00:00 UTC,401,1218,412889360,13.771250000000004
2015-11-14 00:00:00 UTC,401,1218,412213777,4.1927777777777786
2015-11-14 00:00:00 UTC,401,1219,412213777,2.4206944444444445
2015-11-14 00:00:00 UTC,401,-95,263409950,1.3330555555555554
2015-11-14 00:00:00 UTC,401,-97,263409950,2.2231944444444447
2015-11-14 00:00:00 UTC,401,-96,263409950,1.215138888888889
2015-11-14 00:00:00 UTC,401,-97,225353000,2.03125
2015-11-14 00:00:00 UTC,401,1217,412055098,13.009027777777781
2015-11-14 00:00:00 UTC,401,1216,412700230,9.5370833333333316
2015-11-14 00:00:00 UTC,401,1218,412214352,11.246944444444447
2015-11-14 00:00:00 UTC,401,1215,412213842,7.4612500000000006
2015-11-14 00:00:00 UTC,401,1218,412214611,0.13388888888888889
2015-11-14 00:00:00 UTC,401,1217,412213846,7.1952777777777772
2015-11-14 00:00:00 UTC,401,1214,412214616,2.1174999999999997
2015-11-14 00:00:00 UTC,401,1213,412214616,2.4051388888888887
2015-11-14 00:00:00 UTC,401,1217,412213851,6.30125
2015-11-14 00:00:00 UTC,401,1218,412213851,2.5329166666666665
2015-11-14 00:00:00 UTC,401,1216,412213851,4.6388888888888893
2015-11-14 00:00:00 UTC,401,232,237884000,2.89625
2015-11-14 00:00:00 UTC,401,1217,412213875,0.15833333333333333
2015-11-14 00:00:00 UTC,401,1216,412213894,0.33902777777777776
2015-11-14 00:00:00 UTC,401,1214,412215191,2.847777777777778
2015-11-14 00:00:00 UTC,401,1213,412215191,3.5313888888888889
2015-11-14 00:00:00 UTC,401,1217,412213919,1.9033333333333335
2015-11-14 00:00:00 UTC,401,1216,412213919,7.2402777777777763
2015-11-14 00:00:00 UTC,401,-97,263577000,3.7187499999999996
2015-11-14 00:00:00 UTC,401,-96,263577000,1.2336111111111112
2015-11-14 00:00:00 UTC,401,1489,440793000,4.0366666666666671
2015-11-14 00:00:00 UTC,401,1218,800020138,0.56319444444444444
2015-11-14 00:00:00 UTC,401,1217,800020138,5.3304166666666664
2015-11-14 00:00:00 UTC,401,1216,412091578,0.34583333333333333
2015-11-14 00:00:00 UTC,401,1215,412091578,0.14097222222222222
2015-11-14 00:00:00 UTC,401,1216,412213958,0.28791666666666665
2015-11-14 00:00:00 UTC,401,-422,224173000,1.7176388888888887
2015-11-14 00:00:00 UTC,401,-423,224173000,0.34861111111111109
2015-11-14 00:00:00 UTC,401,1215,412214221,3.02875
2015-11-14 00:00:00 UTC,401,1214,412214221,8.798333333333332
2015-11-14 00:00:00 UTC,401,1219,820080082,0.26611111111111108
2015-11-14 00:00:00 UTC,401,1216,412214228,0.16277777777777777
2015-11-14 00:00:00 UTC,401,1217,412214228,6.6290277777777771
2015-11-14 00:00:00 UTC,401,1218,412213722,5.7513888888888882
2015-11-14 00:00:00 UTC,401,1215,412214239,9.7811111111111089
2015-11-14 00:00:00 UTC,401,1216,412213738,0.95333333333333325
2015-11-14 00:00:00 UTC,401,1216,412215282,25.56375
2015-11-14 00:00:00 UTC,401,1216,412215287,12.573055555555557
2015-11-14 00:00:00 UTC,401,1217,412215287,0.696388888888889
2015-11-14 00:00:00 UTC,401,1218,412215287,0.53944444444444439
2015-11-14 00:00:00 UTC,401,1217,412041721,13.321944444444444
2015-11-14 00:00:00 UTC,401,-222,263408380,1.9569444444444444
2015-11-14 00:00:00 UTC,401,1216,412214269,3.9983333333333331
2015-11-14 00:00:00 UTC,401,1217,412214269,3.9330555555555553
2015-11-14 00:00:00 UTC,401,1216,412215293,2.9777777777777779
2015-11-14 00:00:00 UTC,401,1217,412215293,7.9919444444444441
2015-11-14 00:00:00 UTC,657,-279,251464000,3.1086111111111112
2015-11-14 00:00:00 UTC,657,-278,251464000,1.6223611111111111
2015-11-14 00:00:00 UTC,657,-250,251453000,4.497361111111112
2015-11-14 00:00:00 UTC,657,-252,251453000,2.8611111111111116
2015-11-14 00:00:00 UTC,657,-249,251453000,3.64
2015-11-14 00:00:00 UTC,657,-251,251453000,1.8327777777777778
2015-11-14 00:00:00 UTC,657,-276,251089000,1.0834722222222224
2015-11-14 00:00:00 UTC,657,-278,251089000,1.6218055555555555
2015-11-14 00:00:00 UTC,657,-279,251089000,3.9402777777777778
2015-11-14 00:00:00 UTC,657,-281,251089000,1.6601388888888891
2015-11-14 00:00:00 UTC,657,-277,251089000,0.58472222222222225
2015-11-14 00:00:00 UTC,657,-236,251848570,0.54708333333333325
2015-11-14 00:00:00 UTC,657,-277,251790000,3.6183333333333336
2015-11-14 00:00:00 UTC,657,-279,251790000,0.82625
2015-11-14 00:00:00 UTC,657,-278,251790000,0.79541666666666666
2015-11-14 00:00:00 UTC,657,-252,251427000,6.655
2015-11-14 00:00:00 UTC,-367,204,601220800,7.5462499999999979
2015-11-14 00:00:00 UTC,-111,-1207,431500040,0.05513888888888889
2015-11-14 00:00:00 UTC,-111,-1206,431500040,0.38125
2015-11-14 00:00:00 UTC,-111,1574,416003089,6.11875
2015-11-14 00:00:00 UTC,-111,-1217,431038000,2.5955555555555549
2015-11-14 00:00:00 UTC,-111,885,431700560,5.870972222222222
2015-11-14 00:00:00 UTC,-111,134,224935000,3.9104166666666664
2015-11-14 00:00:00 UTC,-111,1583,416004453,1.3256944444444443
2015-11-14 00:00:00 UTC,-111,1582,416004453,2.6125
2015-11-14 00:00:00 UTC,-111,1580,416002681,5.2619444444444445
2015-11-14 00:00:00 UTC,-111,1579,416002681,1.4561111111111109
2015-11-14 00:00:00 UTC,-111,-1215,432346000,1.3743055555555554
2015-11-14 00:00:00 UTC,-111,921,432282000,0.54180555555555554
2015-11-14 00:00:00 UTC,-111,920,432282000,2.3037500000000004
2015-11-14 00:00:00 UTC,-111,-1208,431500180,0.33736111111111111
2015-11-14 00:00:00 UTC,-111,-1207,431500180,0.6151388888888889
2015-11-14 00:00:00 UTC,-111,921,432353000,0.69027777777777777
2015-11-14 00:00:00 UTC,-111,-1100,431382000,1.4825
2015-11-14 00:00:00 UTC,-111,134,659350000,1.8279166666666669
2015-11-14 00:00:00 UTC,-111,134,603100159,0.672638888888889
2015-11-14 00:00:00 UTC,146,-276,431316000,2.5726388888888887
2015-11-14 00:00:00 UTC,402,1490,440768000,4.7427777777777775
2015-11-14 00:00:00 UTC,402,1218,412213761,7.6352777777777767
2015-11-14 00:00:00 UTC,402,1215,800036355,6.548055555555556
2015-11-14 00:00:00 UTC,402,1219,412213765,0.027777777777777776
2015-11-14 00:00:00 UTC,402,1214,412213254,15.82513888888889
2015-11-14 00:00:00 UTC,402,1490,416757000,7.4818055555555549
2015-11-14 00:00:00 UTC,402,1216,412218888,5.1005555555555553
2015-11-14 00:00:00 UTC,402,1218,412213773,7.2465277777777759
2015-11-14 00:00:00 UTC,402,1216,412214287,0.71097222222222234
2015-11-14 00:00:00 UTC,402,1217,412214287,7.5169444444444453
2015-11-14 00:00:00 UTC,402,1217,412889360,1.9269444444444446
2015-11-14 00:00:00 UTC,402,1217,412213777,1.300138888888889
2015-11-14 00:00:00 UTC,402,1218,412213777,12.109722222222228
2015-11-14 00:00:00 UTC,402,1219,412213777,0.1701388888888889
2015-11-14 00:00:00 UTC,402,1218,412213778,21.602222222222235
2015-11-14 00:00:00 UTC,402,-213,224066580,2.4415277777777775
2015-11-14 00:00:00 UTC,402,-218,224066580,5.6254166666666663
2015-11-14 00:00:00 UTC,402,1216,412213785,0.73902777777777784
2015-11-14 00:00:00 UTC,402,1217,412213785,6.0947222222222219
2015-11-14 00:00:00 UTC,402,1217,412213786,18.194999999999997
2015-11-14 00:00:00 UTC,402,-96,263409950,1.744861111111111
2015-11-14 00:00:00 UTC,402,-97,263409950,1.3769444444444445
2015-11-14 00:00:00 UTC,402,1217,900932645,17.982777777777777
2015-11-14 00:00:00 UTC,402,1216,412214311,1.1384722222222221
2015-11-14 00:00:00 UTC,402,1219,412214311,0.08819444444444445
2015-11-14 00:00:00 UTC,402,1217,412214311,0.72666666666666657
2015-11-14 00:00:00 UTC,402,-97,225353000,1.1741666666666668
2015-11-14 00:00:00 UTC,402,1532,432776000,3.4169444444444443
2015-11-14 00:00:00 UTC,402,1218,412214599,19.27430555555555
2015-11-14 00:00:00 UTC,402,1218,412214602,19.323888888888884
2015-11-14 00:00:00 UTC,402,1218,412214603,16.153333333333336
2015-11-14 00:00:00 UTC,402,1214,412213324,1.1425
2015-11-14 00:00:00 UTC,402,1215,412213324,15.163888888888891
2015-11-14 00:00:00 UTC,402,1216,412214606,5.7072222222222235
2015-11-14 00:00:00 UTC,402,1217,412214606,11.880416666666665
2015-11-14 00:00:00 UTC,402,1214,412213329,3.1149999999999998
2015-11-14 00:00:00 UTC,402,1213,412213329,0.29291666666666666
2015-11-14 00:00:00 UTC,402,1215,412213329,1.0552777777777778
2015-11-14 00:00:00 UTC,402,1218,412214611,14.875972222222222
2015-11-14 00:00:00 UTC,402,1219,412214611,2.7018055555555551
2015-11-14 00:00:00 UTC,402,1219,412213846,6.30375
2015-11-14 00:00:00 UTC,402,1218,412213846,1.5250000000000001
2015-11-14 00:00:00 UTC,402,1217,412213846,9.3640277777777765
2015-11-14 00:00:00 UTC,402,1217,412214616,4.5126388888888878
2015-11-14 00:00:00 UTC,402,1216,412214616,7.5202777777777774
2015-11-14 00:00:00 UTC,402,1215,412213339,2.294027777777778
2015-11-14 00:00:00 UTC,402,1490,440060000,5.9231944444444444
2015-11-14 00:00:00 UTC,402,1218,412214624,16.834444444444436
2015-11-14 00:00:00 UTC,402,1217,412214624,0.92152777777777772
2015-11-14 00:00:00 UTC,402,1217,412700515,14.253888888888889
2015-11-14 00:00:00 UTC,402,1216,412700515,3.7001388888888904
2015-11-14 00:00:00 UTC,402,1488,441713000,6.2605555555555554
2015-11-14 00:00:00 UTC,402,1536,432561000,7.3165277777777771
2015-11-14 00:00:00 UTC,402,1216,412213608,0.23291666666666666
2015-11-14 00:00:00 UTC,402,1490,440038000,8.19138888888889
2015-11-14 00:00:00 UTC,402,1217,412213875,3.5247222222222225
2015-11-14 00:00:00 UTC,402,1218,412213875,0.27166666666666661
2015-11-14 00:00:00 UTC,402,1219,412213875,0.25458333333333333
2015-11-14 00:00:00 UTC,402,1217,412700540,5.888749999999999
2015-11-14 00:00:00 UTC,402,1218,412214653,6.824305555555557
2015-11-14 00:00:00 UTC,402,1219,412214653,9.8845833333333335
2015-11-14 00:00:00 UTC,402,1216,412215191,0.4251388888888889
2015-11-14 00:00:00 UTC,402,1217,412215191,0.46319444444444446
2015-11-14 00:00:00 UTC,402,1217,412213919,1.3844444444444444
2015-11-14 00:00:00 UTC,402,1216,412213919,1.0420833333333335
2015-11-14 00:00:00 UTC,402,1218,412213919,0.69805555555555565
2015-11-14 00:00:00 UTC,402,1488,440964000,5.4793055555555554
2015-11-14 00:00:00 UTC,402,-96,263577000,0.53541666666666665
2015-11-14 00:00:00 UTC,402,-97,263577000,3.4491666666666658
2015-11-14 00:00:00 UTC,402,1540,431700140,7.0388888888888888
2015-11-14 00:00:00 UTC,402,1214,412213166,0.32930555555555557
2015-11-14 00:00:00 UTC,402,1215,412213166,19.426666666666666
2015-11-14 00:00:00 UTC,402,-96,224355000,4.5240277777777766
2015-11-14 00:00:00 UTC,402,-97,224355000,1.6751388888888887
2015-11-14 00:00:00 UTC,402,-421,224173000,1.7629166666666667
2015-11-14 00:00:00 UTC,402,-422,224173000,1.2318055555555554
2015-11-14 00:00:00 UTC,402,-420,224173000,0.85694444444444451
2015-11-14 00:00:00 UTC,402,230,239053000,2.3295833333333333
2015-11-14 00:00:00 UTC,402,1218,820080082,2.5861111111111117
2015-11-14 00:00:00 UTC,402,1219,820080082,0.69888888888888889
2015-11-14 00:00:00 UTC,402,1217,412005586,3.9330555555555557
2015-11-14 00:00:00 UTC,402,1216,412005586,7.9165277777777767
2015-11-14 00:00:00 UTC,402,1217,412214228,2.3248611111111113
2015-11-14 00:00:00 UTC,402,1218,412213722,5.990277777777778
2015-11-14 00:00:00 UTC,402,1217,412213722,1.3299999999999998
2015-11-14 00:00:00 UTC,402,1217,412214238,8.3090277777777768
2015-11-14 00:00:00 UTC,402,1215,412214239,14.588333333333331
2015-11-14 00:00:00 UTC,402,1486,440076000,3.3597222222222225
2015-11-14 00:00:00 UTC,402,1218,412213728,0.74972222222222218
2015-11-14 00:00:00 UTC,402,1217,412213728,3.0055555555555555
2015-11-14 00:00:00 UTC,402,1218,412213729,22.036805555555553
2015-11-14 00:00:00 UTC,402,1219,412213729,0.55541666666666667
2015-11-14 00:00:00 UTC,402,1218,412214249,2.0333333333333332
2015-11-14 00:00:00 UTC,402,1219,412214249,15.936805555555551
2015-11-14 00:00:00 UTC,402,1218,412215277,9.6380555555555567
2015-11-14 00:00:00 UTC,402,1217,412215277,5.6504166666666666
2015-11-14 00:00:00 UTC,402,1219,412214002,0.61916666666666664
2015-11-14 00:00:00 UTC,402,1218,412214002,19.103055555555557
2015-11-14 00:00:00 UTC,402,1538,431659000,2.9619444444444443
2015-11-14 00:00:00 UTC,402,1537,432907000,11.981388888888889
2015-11-14 00:00:00 UTC,402,1538,432907000,1.9808333333333332
2015-11-14 00:00:00 UTC,402,1219,412213755,7.9869444444444442
2015-11-14 00:00:00 UTC,402,1218,412213755,7.8759722222222237
2015-11-14 00:00:00 UTC,402,1218,412214269,1.34375
2015-11-14 00:00:00 UTC,402,1216,412214269,0.74986111111111109
2015-11-14 00:00:00 UTC,402,1217,412214269,3.9852777777777773
2015-11-14 00:00:00 UTC,402,1219,412214269,0.26333333333333331
2015-11-14 00:00:00 UTC,402,1219,412213759,2.105833333333333
2015-11-14 00:00:00 UTC,402,1218,412213759,10.082083333333333
2015-11-14 00:00:00 UTC,658,-274,251464000,0.59833333333333327
2015-11-14 00:00:00 UTC,658,-276,251464000,1.4022222222222223
2015-11-14 00:00:00 UTC,658,-275,251464000,0.94888888888888889
2015-11-14 00:00:00 UTC,658,-278,251464000,1.5430555555555556
2015-11-14 00:00:00 UTC,658,-246,251287110,0.69333333333333336
2015-11-14 00:00:00 UTC,658,-247,251287110,0.22194444444444444
2015-11-14 00:00:00 UTC,658,-249,251453000,0.16208333333333333
2015-11-14 00:00:00 UTC,658,-253,251453000,0.26138888888888889
2015-11-14 00:00:00 UTC,658,-251,251453000,1.6618055555555558
2015-11-14 00:00:00 UTC,658,-252,251453000,1.0451388888888891
2015-11-14 00:00:00 UTC,658,-250,251453000,1.5079166666666666
2015-11-14 00:00:00 UTC,658,-277,251089000,1.5043055555555556
2015-11-14 00:00:00 UTC,658,-275,251790000,2.9299999999999997
2015-11-14 00:00:00 UTC,658,-276,251790000,2.2705555555555557
2015-11-14 00:00:00 UTC,658,-274,251790000,2.4137500000000003
2015-11-14 00:00:00 UTC,658,-277,251790000,0.9194444444444444
2015-11-14 00:00:00 UTC,658,-251,251427000,5.8226388888888909
2015-11-14 00:00:00 UTC,658,-252,251427000,4.3713888888888883
2015-11-14 00:00:00 UTC,658,-250,251427000,3.1908333333333325
2015-11-14 00:00:00 UTC,-366,203,601811000,5.0831944444444437
2015-11-14 00:00:00 UTC,-366,203,601860000,4.3458333333333332
2015-11-14 00:00:00 UTC,-366,202,601220800,3.3426388888888883
2015-11-14 00:00:00 UTC,-110,-1537,412460297,3.4106944444444447
2015-11-14 00:00:00 UTC,-110,-1535,412460297,4.6916666666666664
2015-11-14 00:00:00 UTC,-110,1573,416003089,3.8077777777777775
2015-11-14 00:00:00 UTC,-110,-1217,431038000,1.6623611111111112
2015-11-14 00:00:00 UTC,-110,885,431700560,0.31486111111111109
2015-11-14 00:00:00 UTC,-110,884,431700560,3.998472222222222
2015-11-14 00:00:00 UTC,-110,-1236,440871000,3.0138888888888888
2015-11-14 00:00:00 UTC,-110,134,224935000,1.5847222222222221
2015-11-14 00:00:00 UTC,-110,133,224935000,2.5038888888888886
2015-11-14 00:00:00 UTC,-110,1579,416002681,1.3358333333333334
2015-11-14 00:00:00 UTC,-110,-1234,441584000,3.017638888888889
2015-11-14 00:00:00 UTC,-110,-1215,432346000,1.6943055555555557
2015-11-14 00:00:00 UTC,-110,921,432282000,2.2065277777777776
2015-11-14 00:00:00 UTC,-110,920,432282000,2.0294444444444446
2015-11-14 00:00:00 UTC,-110,-1235,440954000,4.8129166666666663
2015-11-14 00:00:00 UTC,-110,-1207,431500180,0.62680555555555562
2015-11-14 00:00:00 UTC,-110,-1233,440792000,2.6563888888888889
2015-11-14 00:00:00 UTC,-110,-1211,431853000,1.3823611111111112
2015-11-14 00:00:00 UTC,-110,1584,520225000,10.815555555555555
2015-11-14 00:00:00 UTC,-110,1583,520225000,11.857222222222221
2015-11-14 00:00:00 UTC,-110,921,432353000,11.840555555555556
2015-11-14 00:00:00 UTC,-110,-1100,431382000,3.0134722222222221
2015-11-14 00:00:00 UTC,-110,134,659350000,0.86569444444444443
2015-11-14 00:00:00 UTC,-110,133,659350000,2.0949999999999998
2015-11-14 00:00:00 UTC,403,1216,412214788,2.5593055555555559
2015-11-14 00:00:00 UTC,403,1214,412213254,6.2166666666666668
2015-11-14 00:00:00 UTC,403,1215,412213254,2.7063888888888892
2015-11-14 00:00:00 UTC,403,-95,263381000,1.1163888888888891
2015-11-14 00:00:00 UTC,403,1219,412214024,22.28694444444444
2015-11-14 00:00:00 UTC,403,1216,412218888,0.993611111111111
2015-11-14 00:00:00 UTC,403,1215,412002828,6.1476388888888875
2015-11-14 00:00:00 UTC,403,1214,412002828,4.0743055555555552
2015-11-14 00:00:00 UTC,403,-217,224066580,3.1054166666666667
2015-11-14 00:00:00 UTC,403,-96,263409950,1.6002777777777779
2015-11-14 00:00:00 UTC,403,-97,263409950,1.2498611111111109
2015-11-14 00:00:00 UTC,403,1219,412214052,18.211250000000007
2015-11-14 00:00:00 UTC,403,1220,412214052,0.77083333333333326
2015-11-14 00:00:00 UTC,403,-97,225353000,2.0981944444444443
2015-11-14 00:00:00 UTC,403,1219,412214315,9.9636111111111116
2015-11-14 00:00:00 UTC,403,1215,412002881,8.477916666666669
2015-11-14 00:00:00 UTC,403,1214,412002881,3.2240277777777782
2015-11-14 00:00:00 UTC,403,1217,412210498,0.27611111111111108
2015-11-14 00:00:00 UTC,403,1216,412210498,12.967777777777775
2015-11-14 00:00:00 UTC,403,1215,412210498,1.0145833333333334
2015-11-14 00:00:00 UTC,403,1213,412213323,8.2806944444444444
2015-11-14 00:00:00 UTC,403,1216,413111116,6.7726388888888893
2015-11-14 00:00:00 UTC,403,1215,413111116,2.9434722222222218
2015-11-14 00:00:00 UTC,403,1215,412213324,1.4187500000000002
2015-11-14 00:00:00 UTC,403,1220,412214352,2.68375
2015-11-14 00:00:00 UTC,403,1215,412213339,1.5004166666666667
2015-11-14 00:00:00 UTC,403,1537,431600220,4.3644444444444437
2015-11-14 00:00:00 UTC,403,1216,412214629,7.2562500000000005
2015-11-14 00:00:00 UTC,403,1215,412214629,11.814166666666662
2015-11-14 00:00:00 UTC,403,1215,412213351,3.6108333333333329
2015-11-14 00:00:00 UTC,403,1489,441713000,7.441527777777778
2015-11-14 00:00:00 UTC,403,1216,412213608,8.3093055555555555
2015-11-14 00:00:00 UTC,403,1221,412355433,9.2458333333333336
2015-11-14 00:00:00 UTC,403,1221,412213873,0.16666666666666669
2015-11-14 00:00:00 UTC,403,1220,412213873,0.57791666666666663
2015-11-14 00:00:00 UTC,403,1218,412213873,8.5004166666666681
2015-11-14 00:00:00 UTC,403,1219,412213873,0.56541666666666668
2015-11-14 00:00:00 UTC,403,1217,412213875,2.7976388888888888
2015-11-14 00:00:00 UTC,403,1218,412213875,3.3522222222222222
2015-11-14 00:00:00 UTC,403,1212,412213368,4.8086111111111105
2015-11-14 00:00:00 UTC,403,1217,412213882,0.15833333333333333
2015-11-14 00:00:00 UTC,403,1218,412213882,2.9258333333333333
2015-11-14 00:00:00 UTC,403,1219,412214653,7.0980555555555549
2015-11-14 00:00:00 UTC,403,1218,412356999,1.63625
2015-11-14 00:00:00 UTC,403,1219,412356999,0.4794444444444444
2015-11-14 00:00:00 UTC,403,1219,412213899,8.0708333333333346
2015-11-14 00:00:00 UTC,403,-97,263577000,0.15013888888888888
2015-11-14 00:00:00 UTC,403,1540,431700140,1.793611111111111
2015-11-14 00:00:00 UTC,403,1215,412213166,1.2634722222222221
2015-11-14 00:00:00 UTC,403,1219,412213935,19.770555555555561
2015-11-14 00:00:00 UTC,403,-97,224355000,3.2745833333333332
2015-11-14 00:00:00 UTC,403,-96,224355000,6.1751388888888892
2015-11-14 00:00:00 UTC,403,1490,412329656,10.177361111111111
2015-11-14 00:00:00 UTC,403,1219,412214202,11.745555555555555
2015-11-14 00:00:00 UTC,403,-421,224173000,0.53597222222222218
2015-11-14 00:00:00 UTC,403,-417,224173000,0.75152777777777779
2015-11-14 00:00:00 UTC,403,-420,224173000,1.0277777777777779
2015-11-14 00:00:00 UTC,403,-418,224173000,4.2418055555555556
2015-11-14 00:00:00 UTC,403,1220,412886988,0.76458333333333339
2015-11-14 00:00:00 UTC,403,1218,412886988,10.223055555555559
2015-11-14 00:00:00 UTC,403,1219,412886988,0.68861111111111117
2015-11-14 00:00:00 UTC,403,1221,412886988,0.18388888888888888
2015-11-14 00:00:00 UTC,403,1221,412213968,7.1452777777777774
2015-11-14 00:00:00 UTC,403,1219,412214236,11.775138888888893
2015-11-14 00:00:00 UTC,403,1220,412214236,8.66791666666667
2015-11-14 00:00:00 UTC,403,1218,412214238,0.43333333333333335
2015-11-14 00:00:00 UTC,403,1217,412214238,15.293055555555554
2015-11-14 00:00:00 UTC,403,1214,412213478,6.7004166666666674
2015-11-14 00:00:00 UTC,403,1217,412215277,2.4015277777777775
2015-11-14 00:00:00 UTC,403,-194,224176370,4.20875
2015-11-14 00:00:00 UTC,403,-192,224176370,1.7329166666666669
2015-11-14 00:00:00 UTC,403,-193,224176370,0.52208333333333334
2015-11-14 00:00:00 UTC,403,-195,224176370,0.70124999999999993
2015-11-14 00:00:00 UTC,403,1539,431659000,1.2294444444444446
2015-11-14 00:00:00 UTC,403,1538,431659000,2.1293055555555553
2015-11-14 00:00:00 UTC,403,1538,432907000,4.0494444444444442
2015-11-14 00:00:00 UTC,403,1220,412213755,0.49208333333333337
2015-11-14 00:00:00 UTC,403,1218,412213759,5.865
2015-11-14 00:00:00 UTC,659,-246,251287110,0.6198611111111112
2015-11-14 00:00:00 UTC,659,-245,251287110,1.0106944444444443
2015-11-14 00:00:00 UTC,659,-250,251453000,0.53625
2015-11-14 00:00:00 UTC,659,-269,251089000,1.4663888888888887
2015-11-14 00:00:00 UTC,659,-184,251154840,0.25847222222222221
2015-11-14 00:00:00 UTC,659,-250,251427000,1.6898611111111108
2015-11-14 00:00:00 UTC,-365,220,601799000,7.5472222222222225
2015-11-14 00:00:00 UTC,-365,219,601799000,1.8040277777777778
2015-11-14 00:00:00 UTC,-365,201,601223000,4.9372222222222231
2015-11-14 00:00:00 UTC,-365,202,601223000,4.9036111111111111
2015-11-14 00:00:00 UTC,-365,203,601860000,3.5706944444444444
2015-11-14 00:00:00 UTC,-365,202,601220800,5.0290277777777774
2015-11-14 00:00:00 UTC,-365,200,601220800,0.11791666666666667
2015-11-14 00:00:00 UTC,-365,201,601220800,3.6565277777777774
2015-11-14 00:00:00 UTC,-109,933,432405000,3.7119444444444447
2015-11-14 00:00:00 UTC,-109,932,432405000,2.1598611111111112
2015-11-14 00:00:00 UTC,-109,904,431167000,2.2491666666666661
2015-11-14 00:00:00 UTC,-109,903,431167000,3.9940277777777777
2015-11-14 00:00:00 UTC,-109,-1217,431038000,2.6352777777777776
2015-11-14 00:00:00 UTC,-109,891,432894000,3.1680555555555552
2015-11-14 00:00:00 UTC,-109,-1454,413011000,1.3241666666666667
2015-11-14 00:00:00 UTC,-109,-1446,413011000,2.7965277777777779
2015-11-14 00:00:00 UTC,-109,-1455,413011000,1.6845833333333327
2015-11-14 00:00:00 UTC,-109,-1453,413011000,1.1222222222222225
2015-11-14 00:00:00 UTC,-109,-1452,413011000,1.2941666666666667
2015-11-14 00:00:00 UTC,-109,-1236,440871000,1.0556944444444445
2015-11-14 00:00:00 UTC,-109,133,224935000,1.4325
2015-11-14 00:00:00 UTC,-109,132,224935000,1.3431944444444444
2015-11-14 00:00:00 UTC,-109,905,431700060,6.0211111111111109
2015-11-14 00:00:00 UTC,-109,904,431700060,5.1194444444444445
2015-11-14 00:00:00 UTC,-109,888,432955000,0.69694444444444448
2015-11-14 00:00:00 UTC,-109,1579,416002681,3.4929166666666669
2015-11-14 00:00:00 UTC,-109,-1234,441584000,2.0748611111111113
2015-11-14 00:00:00 UTC,-109,1693,365878412,0.33041666666666669
2015-11-14 00:00:00 UTC,-109,1690,365878412,1.2654166666666666
2015-11-14 00:00:00 UTC,-109,1691,365878412,0.43875
2015-11-14 00:00:00 UTC,-109,-1208,431500180,2.2881944444444446
2015-11-14 00:00:00 UTC,-109,-1205,431500180,0.3322222222222222
2015-11-14 00:00:00 UTC,-109,-1206,431500180,2.191527777777778
2015-11-14 00:00:00 UTC,-109,-1207,431500180,3.31125
2015-11-14 00:00:00 UTC,-109,876,431703970,1.8497222222222223
2015-11-14 00:00:00 UTC,-109,-1234,440792000,1.225
2015-11-14 00:00:00 UTC,-109,-1233,440792000,0.72097222222222224
2015-11-14 00:00:00 UTC,-109,-1210,431853000,1.2213888888888889
2015-11-14 00:00:00 UTC,-109,888,431702230,2.5066666666666668
2015-11-14 00:00:00 UTC,-109,-1236,440620000,4.6644444444444444
2015-11-14 00:00:00 UTC,-109,-1100,431382000,2.0747222222222219
2015-11-14 00:00:00 UTC,-109,933,432918000,3.5025
2015-11-14 00:00:00 UTC,-109,132,659350000,1.1388888888888888
2015-11-14 00:00:00 UTC,-109,133,659350000,0.87375
2015-11-14 00:00:00 UTC,404,1216,412214788,2.9249999999999994
2015-11-14 00:00:00 UTC,404,-95,263381000,1.5555555555555556
2015-11-14 00:00:00 UTC,404,-94,263381000,3.4808333333333339
2015-11-14 00:00:00 UTC,404,1217,412218888,8.1955555555555542
2015-11-14 00:00:00 UTC,404,1216,412218888,0.6166666666666667
2015-11-14 00:00:00 UTC,404,1214,412002828,0.98249999999999993
2015-11-14 00:00:00 UTC,404,-218,224066580,1.7433333333333332
2015-11-14 00:00:00 UTC,404,-90,263401760,0.923888888888889
2015-11-14 00:00:00 UTC,404,-96,225353000,2.0258333333333334
2015-11-14 00:00:00 UTC,404,-97,225353000,0.25125
2015-11-14 00:00:00 UTC,404,1216,412210498,0.16722222222222222
2015-11-14 00:00:00 UTC,404,1217,412214596,1.8793055555555558
2015-11-14 00:00:00 UTC,404,1217,412214363,1.1741666666666668
2015-11-14 00:00:00 UTC,404,1216,412214363,11.346944444444444
2015-11-14 00:00:00 UTC,404,1538,431600220,3.858194444444444
2015-11-14 00:00:00 UTC,404,1215,412213351,7.90125
2015-11-14 00:00:00 UTC,404,1216,412213608,4.8237499999999995
2015-11-14 00:00:00 UTC,404,1216,412214153,6.1247222222222222
2015-11-14 00:00:00 UTC,404,1215,900900506,8.5415277777777767
2015-11-14 00:00:00 UTC,404,1216,900900506,10.686527777777778
2015-11-14 00:00:00 UTC,404,1220,412214186,6.8959722222222215
2015-11-14 00:00:00 UTC,404,1216,412213163,8.6163888888888884
2015-11-14 00:00:00 UTC,404,1215,412213163,6.8572222222222212
2015-11-14 00:00:00 UTC,404,1540,431700140,12.992083333333333
2015-11-14 00:00:00 UTC,404,-97,224355000,0.3009722222222222
2015-11-14 00:00:00 UTC,404,-96,224355000,6.1745833333333326
2015-11-14 00:00:00 UTC,404,257,237347000,0.79347222222222213
2015-11-14 00:00:00 UTC,404,258,237347000,0.55180555555555566
2015-11-14 00:00:00 UTC,404,1215,412213183,4.0862500000000006
2015-11-14 00:00:00 UTC,404,-421,224173000,0.34041666666666665
2015-11-14 00:00:00 UTC,404,-415,224173000,0.80347222222222225
2015-11-14 00:00:00 UTC,404,-416,224173000,0.45930555555555552
2015-11-14 00:00:00 UTC,404,-417,224173000,0.16916666666666666
2015-11-14 00:00:00 UTC,404,-420,224173000,0.65847222222222213
2015-11-14 00:00:00 UTC,404,-414,224173000,0.21111111111111111
2015-11-14 00:00:00 UTC,404,1218,412213968,7.191527777777778
2015-11-14 00:00:00 UTC,404,1217,412213968,1.3429166666666665
2015-11-14 00:00:00 UTC,404,1216,900932568,4.4269444444444446
2015-11-14 00:00:00 UTC,404,1215,900932568,4.0947222222222219
2015-11-14 00:00:00 UTC,404,1216,412025310,0.86319444444444449
2015-11-14 00:00:00 UTC,404,1215,412025310,1.675138888888889
2015-11-14 00:00:00 UTC,404,1217,412213741,11.179444444444442
2015-11-14 00:00:00 UTC,404,-198,224176370,0.75
2015-11-14 00:00:00 UTC,404,-195,224176370,2.0168055555555551
2015-11-14 00:00:00 UTC,404,-196,224176370,1.2252777777777779
2015-11-14 00:00:00 UTC,404,-197,224176370,1.8491666666666666
2015-11-14 00:00:00 UTC,404,-192,224176370,5.0524999999999993
2015-11-14 00:00:00 UTC,404,-709,366739960,5.8780555555555551
2015-11-14 00:00:00 UTC,404,-704,366739960,0.97652777777777777
2015-11-14 00:00:00 UTC,404,-706,366739960,6.1712500000000006
2015-11-14 00:00:00 UTC,404,-707,366739960,7.7674999999999992
2015-11-14 00:00:00 UTC,404,-703,366739960,1.5969444444444445
2015-11-14 00:00:00 UTC,404,-705,366739960,0.53194444444444444
2015-11-14 00:00:00 UTC,404,-708,366739960,1.0763888888888888
2015-11-14 00:00:00 UTC,404,1539,431659000,4.0290277777777783
2015-11-14 00:00:00 UTC,-364,219,601799000,0.6166666666666667
2015-11-14 00:00:00 UTC,-364,201,601223000,5.0497222222222229
2015-11-14 00:00:00 UTC,-364,200,601223000,1.2366666666666668
2015-11-14 00:00:00 UTC,-364,200,601220800,1.9611111111111108
2015-11-14 00:00:00 UTC,-364,201,601220800,0.2055555555555556
2015-11-14 00:00:00 UTC,-108,131,603100161,1.1944444444444444
2015-11-14 00:00:00 UTC,-108,933,432405000,4.49236111111111
2015-11-14 00:00:00 UTC,-108,131,603100174,1.4181944444444445
2015-11-14 00:00:00 UTC,-108,-1483,412331026,3.3
2015-11-14 00:00:00 UTC,-108,-1478,412331026,1.19625
2015-11-14 00:00:00 UTC,-108,-1479,412331026,2.6658333333333335
2015-11-14 00:00:00 UTC,-108,-1480,412331026,3.7770833333333331
2015-11-14 00:00:00 UTC,-108,-1484,412331026,1.74875
2015-11-14 00:00:00 UTC,-108,-1216,431038000,2.0345833333333334
2015-11-14 00:00:00 UTC,-108,891,432894000,3.5283333333333333
2015-11-14 00:00:00 UTC,-108,-1452,413011000,1.3712499999999999
2015-11-14 00:00:00 UTC,-108,-1455,413011000,2.61375
2015-11-14 00:00:00 UTC,-108,-1451,413011000,1.7816666666666667
2015-11-14 00:00:00 UTC,-108,-1450,413011000,2.4408333333333334
2015-11-14 00:00:00 UTC,-108,-1449,413011000,0.34861111111111109
2015-11-14 00:00:00 UTC,-108,-1447,413011000,0.63263888888888886
2015-11-14 00:00:00 UTC,-108,-1446,413011000,0.9293055555555555
2015-11-14 00:00:00 UTC,-108,-1454,413011000,3.7622222222222228
2015-11-14 00:00:00 UTC,-108,-1448,413011000,0.63263888888888886
2015-11-14 00:00:00 UTC,-108,-1236,440871000,2.8172222222222221
2015-11-14 00:00:00 UTC,-108,132,224935000,2.0794444444444444
2015-11-14 00:00:00 UTC,-108,131,224935000,3.7954166666666662
2015-11-14 00:00:00 UTC,-108,887,432955000,0.3848611111111111
2015-11-14 00:00:00 UTC,-108,888,432955000,1.0944444444444446
2015-11-14 00:00:00 UTC,-108,878,431067000,3.867777777777778
2015-11-14 00:00:00 UTC,-108,885,432987000,2.77
2015-11-14 00:00:00 UTC,-108,886,432987000,2.1236111111111109
2015-11-14 00:00:00 UTC,-108,-1234,441584000,1.7269444444444444
2015-11-14 00:00:00 UTC,-108,934,432848000,4.2124999999999995
2015-11-14 00:00:00 UTC,-108,-1215,432346000,2.7995833333333335
2015-11-14 00:00:00 UTC,-108,920,432282000,2.1155555555555559
2015-11-14 00:00:00 UTC,-108,-1235,440954000,5.7895833333333329
2015-11-14 00:00:00 UTC,-108,-1208,431500180,1.9640277777777777
2015-11-14 00:00:00 UTC,-108,-1207,431500180,1.6670833333333335
2015-11-14 00:00:00 UTC,-108,876,431703970,4.5225000000000009
2015-11-14 00:00:00 UTC,-108,-1231,440920000,4.6672222222222217
2015-11-14 00:00:00 UTC,-108,-1234,440792000,2.2273611111111111
2015-11-14 00:00:00 UTC,-108,-1210,431853000,2.1740277777777774
2015-11-14 00:00:00 UTC,-108,888,431702230,0.38041666666666668
2015-11-14 00:00:00 UTC,-108,-1236,440620000,1.298888888888889
2015-11-14 00:00:00 UTC,-108,-1235,440620000,3.9966666666666666
2015-11-14 00:00:00 UTC,-108,131,603100137,0.32361111111111113
2015-11-14 00:00:00 UTC,-108,132,603100137,4.9540277777777781
2015-11-14 00:00:00 UTC,-108,934,432918000,4.9859722222222222
2015-11-14 00:00:00 UTC,-108,933,432918000,2.5004166666666667
2015-11-14 00:00:00 UTC,149,-285,431316000,2.7497222222222222
2015-11-14 00:00:00 UTC,149,-284,431316000,0.73875
2015-11-14 00:00:00 UTC,149,-288,431927000,1.5729166666666665
2015-11-14 00:00:00 UTC,149,-287,431927000,4.0111111111111111
2015-11-14 00:00:00 UTC,149,-289,431927000,1.4488888888888889
2015-11-14 00:00:00 UTC,149,-290,431927000,0.946111111111111
2015-11-14 00:00:00 UTC,149,-291,431927000,0.76888888888888884
2015-11-14 00:00:00 UTC,405,-94,263509000,0.44986111111111116
2015-11-14 00:00:00 UTC,405,-94,263381000,0.28875
2015-11-14 00:00:00 UTC,405,-217,224066580,2.2552777777777777
2015-11-14 00:00:00 UTC,405,-218,224066580,0.87083333333333324
2015-11-14 00:00:00 UTC,405,-90,263401760,3.1766666666666663
2015-11-14 00:00:00 UTC,405,1216,800036897,18.754444444444445
2015-11-14 00:00:00 UTC,405,-93,225353000,0.72625000000000006
2015-11-14 00:00:00 UTC,405,-94,225353000,1.7477777777777777
2015-11-14 00:00:00 UTC,405,-95,225353000,1.0518055555555554
2015-11-14 00:00:00 UTC,405,1215,800019257,10.74388888888889
2015-11-14 00:00:00 UTC,405,1216,800019257,1.5959722222222221
2015-11-14 00:00:00 UTC,405,1538,432776000,9.3043055555555547
2015-11-14 00:00:00 UTC,405,1534,432776000,4.4581944444444446
2015-11-14 00:00:00 UTC,405,1218,412214596,0.83180555555555546
2015-11-14 00:00:00 UTC,405,1217,412214596,7.890138888888889
2015-11-14 00:00:00 UTC,405,1216,412214363,2.1984722222222222
2015-11-14 00:00:00 UTC,405,1536,431600220,11.356111111111112
2015-11-14 00:00:00 UTC,405,141,247100520,3.87625
2015-11-14 00:00:00 UTC,405,139,247100520,6.032916666666666
2015-11-14 00:00:00 UTC,405,140,247100520,11.073333333333336
2015-11-14 00:00:00 UTC,405,1213,412213368,3.9248611111111114
2015-11-14 00:00:00 UTC,405,-90,263408000,0.74986111111111109
2015-11-14 00:00:00 UTC,405,1208,412010379,12.153194444444445
2015-11-14 00:00:00 UTC,405,1218,412215179,11.253611111111113
2015-11-14 00:00:00 UTC,405,1217,412215179,1.076111111111111
2015-11-14 00:00:00 UTC,405,1215,900900506,2.2619444444444445
2015-11-14 00:00:00 UTC,405,1216,900900506,1.5476388888888888
2015-11-14 00:00:00 UTC,405,1218,412214186,8.5513888888888889
2015-11-14 00:00:00 UTC,405,1213,412213425,7.5102777777777776
2015-11-14 00:00:00 UTC,405,1217,666666166,0.15125
2015-11-14 00:00:00 UTC,405,1216,666666166,2.8648611111111113
2015-11-14 00:00:00 UTC,405,1219,412213687,3.5086111111111107
2015-11-14 00:00:00 UTC,405,1220,412213687,0.77972222222222221
2015-11-14 00:00:00 UTC,405,1215,800016056,4.2608333333333341
2015-11-14 00:00:00 UTC,405,257,237347000,0.77583333333333337
2015-11-14 00:00:00 UTC,405,256,237347000,0.78708333333333336
2015-11-14 00:00:00 UTC,405,1213,412213434,4.3356944444444441
2015-11-14 00:00:00 UTC,405,-415,224173000,2.175416666666667
2015-11-14 00:00:00 UTC,405,-414,224173000,3.7611111111111115
2015-11-14 00:00:00 UTC,405,1217,412213968,1.5775000000000001
2015-11-14 00:00:00 UTC,405,1218,412213968,0.65236111111111117
2015-11-14 00:00:00 UTC,405,1216,412213968,4.0591666666666661
2015-11-14 00:00:00 UTC,405,1215,412025310,1.4494444444444445
2015-11-14 00:00:00 UTC,405,1216,412587999,11.64763888888889
2015-11-14 00:00:00 UTC,405,1215,412587999,0.84833333333333338
2015-11-14 00:00:00 UTC,405,1212,412213222,23.497916666666669
2015-11-14 00:00:00 UTC,405,1213,412213222,0.98152777777777778
2015-11-14 00:00:00 UTC,405,1212,800002025,8.1672222222222217
2015-11-14 00:00:00 UTC,405,1217,412213741,12.73666666666667
2015-11-14 00:00:00 UTC,405,-200,224176370,0.51527777777777772
2015-11-14 00:00:00 UTC,405,-198,224176370,0.90458333333333341
2015-11-14 00:00:00 UTC,405,-199,224176370,1.033611111111111
2015-11-14 00:00:00 UTC,405,1211,412213234,3.8634722222222222
2015-11-14 00:00:00 UTC,661,126,257021440,1.6243055555555552
2015-11-14 00:00:00 UTC,661,-237,251299110,0.5461111111111111
2015-11-14 00:00:00 UTC,661,-238,251299110,3.9498611111111108
2015-11-14 00:00:00 UTC,661,-237,251582540,3.23
2015-11-14 00:00:00 UTC,661,-238,251582540,0.54597222222222219
2015-11-14 00:00:00 UTC,661,-196,251784110,2.3113888888888892
2015-11-14 00:00:00 UTC,661,-197,251784110,3.1761111111111111
2015-11-14 00:00:00 UTC,661,-233,251146740,1.3283333333333334
2015-11-14 00:00:00 UTC,661,-262,251141110,1.54875
2015-11-14 00:00:00 UTC,-363,220,601799000,1.0041666666666667
2015-11-14 00:00:00 UTC,-363,199,601223000,0.54986111111111113
2015-11-14 00:00:00 UTC,-363,200,601223000,0.25375000000000003
2015-11-14 00:00:00 UTC,-107,131,603100161,10.970694444444444
2015-11-14 00:00:00 UTC,-107,131,603100174,11.982361111111112
2015-11-14 00:00:00 UTC,-107,-1479,412331026,2.2359722222222222
2015-11-14 00:00:00 UTC,-107,-1485,412331026,3.2630555555555554
2015-11-14 00:00:00 UTC,-107,-1480,412331026,0.72513888888888889
2015-11-14 00:00:00 UTC,-107,-1216,431038000,3.0577777777777779
2015-11-14 00:00:00 UTC,-107,890,432894000,1.6984722222222222
2015-11-14 00:00:00 UTC,-107,891,432894000,2.8040277777777778
2015-11-14 00:00:00 UTC,-107,-1791,338622000,7.6155555555555541
2015-11-14 00:00:00 UTC,-107,-1790,338622000,3.30375
2015-11-14 00:00:00 UTC,-107,-1450,413011000,0.51111111111111107
2015-11-14 00:00:00 UTC,-107,-1449,413011000,0.34180555555555558
2015-11-14 00:00:00 UTC,-107,-1233,440125000,4.9083333333333332
2015-11-14 00:00:00 UTC,-107,-1232,440125000,4.572916666666667
2015-11-14 00:00:00 UTC,-107,-1236,440871000,3.8801388888888884
2015-11-14 00:00:00 UTC,-107,887,432955000,1.6193055555555556
2015-11-14 00:00:00 UTC,-107,878,431067000,3.4308333333333336
2015-11-14 00:00:00 UTC,-107,886,432987000,1.4398611111111113
2015-11-14 00:00:00 UTC,-107,1581,416002681,6.1725
2015-11-14 00:00:00 UTC,-107,-1234,441584000,2.7005555555555558
2015-11-14 00:00:00 UTC,-107,-1440,416368000,3.6631944444444446
2015-11-14 00:00:00 UTC,-107,-1441,416368000,1.99375
2015-11-14 00:00:00 UTC,-107,935,432848000,4.7837499999999995
2015-11-14 00:00:00 UTC,-107,934,432848000,1.6330555555555555
2015-11-14 00:00:00 UTC,-107,536,416241800,5.6268055555555554
2015-11-14 00:00:00 UTC,-107,921,432282000,1.5215277777777778
2015-11-14 00:00:00 UTC,-107,920,432282000,3.5915277777777779
2015-11-14 00:00:00 UTC,-107,-1235,440954000,3.745972222222222
2015-11-14 00:00:00 UTC,-107,-1207,431500180,1.3823611111111109
2015-11-14 00:00:00 UTC,-107,-1208,431500180,3.6880555555555548
2015-11-14 00:00:00 UTC,-107,546,416004245,6.0879166666666666
2015-11-14 00:00:00 UTC,-107,876,431703970,5.3956944444444437
2015-11-14 00:00:00 UTC,-107,871,432878000,2.1211111111111109
2015-11-14 00:00:00 UTC,-107,-1232,440920000,1.3961111111111109
2015-11-14 00:00:00 UTC,-107,-1231,440920000,1.3047222222222223
2015-11-14 00:00:00 UTC,-107,-1233,440792000,3.9527777777777775
2015-11-14 00:00:00 UTC,-107,-1210,431853000,2.4788888888888887
2015-11-14 00:00:00 UTC,-107,888,431702230,1.8441666666666667
2015-11-14 00:00:00 UTC,-107,-1235,440620000,0.82680555555555557
2015-11-14 00:00:00 UTC,-107,-1236,440620000,1.3977777777777776
2015-11-14 00:00:00 UTC,-107,131,603100137,3.5769444444444445
2015-11-14 00:00:00 UTC,-107,-1249,441014000,6.6052777777777782
2015-11-14 00:00:00 UTC,-107,-1247,441014000,1.1243055555555554
2015-11-14 00:00:00 UTC,-107,-1246,441014000,1.0363888888888888
2015-11-14 00:00:00 UTC,-107,-1100,431382000,3.4426388888888892
2015-11-14 00:00:00 UTC,150,-284,431316000,1.4134722222222222
2015-11-14 00:00:00 UTC,406,-90,263401760,1.6729166666666666
2015-11-14 00:00:00 UTC,406,1216,800036897,3.7055555555555553
2015-11-14 00:00:00 UTC,406,259,271062050,11.760138888888889
2015-11-14 00:00:00 UTC,406,1216,412035107,11.992638888888887
2015-11-14 00:00:00 UTC,406,-93,225353000,1.9244444444444444
2015-11-14 00:00:00 UTC,406,259,271072057,19.443194444444444
2015-11-14 00:00:00 UTC,406,1215,800019257,5.4923611111111112
2015-11-14 00:00:00 UTC,406,1216,800019257,6.6806944444444447
2015-11-14 00:00:00 UTC,406,1212,412213307,1.9841666666666666
2015-11-14 00:00:00 UTC,406,1213,412668989,17.687638888888888
2015-11-14 00:00:00 UTC,406,242,237383000,1.7705555555555554
2015-11-14 00:00:00 UTC,406,140,247100520,0.25625
2015-11-14 00:00:00 UTC,406,1492,416004981,1.2320833333333332
2015-11-14 00:00:00 UTC,406,-90,263408000,3.6986111111111111
2015-11-14 00:00:00 UTC,406,-91,263408000,1.4993055555555557
2015-11-14 00:00:00 UTC,406,1214,412213377,7.6330555555555559
2015-11-14 00:00:00 UTC,406,1211,412002691,1.0261111111111112
2015-11-14 00:00:00 UTC,406,1208,412010379,11.041388888888889
2015-11-14 00:00:00 UTC,406,1211,412213162,9.0554166666666678
2015-11-14 00:00:00 UTC,406,1213,412213425,15.404166666666667
2015-11-14 00:00:00 UTC,406,1216,666666166,2.0158333333333331
2015-11-14 00:00:00 UTC,406,1219,415678904,11.124444444444446
2015-11-14 00:00:00 UTC,406,1211,412708539,7.2405555555555559
2015-11-14 00:00:00 UTC,406,1488,416243900,11.140277777777778
2015-11-14 00:00:00 UTC,406,1213,412211138,3.5379166666666673
2015-11-14 00:00:00 UTC,406,1219,412213701,4.67875
2015-11-14 00:00:00 UTC,406,243,240418000,0.52874999999999994
2015-11-14 00:00:00 UTC,406,242,240418000,6.0019444444444439
2015-11-14 00:00:00 UTC,406,142,247049430,1.4759722222222222
2015-11-14 00:00:00 UTC,406,1216,412587999,5.903194444444444
2015-11-14 00:00:00 UTC,406,1215,412587999,2.5165277777777781
2015-11-14 00:00:00 UTC,406,279,271072741,12.836805555555554
2015-11-14 00:00:00 UTC,406,278,271072741,2.6261111111111108
2015-11-14 00:00:00 UTC,406,-200,224176370,2.0522222222222224
2015-11-14 00:00:00 UTC,406,-201,224176370,1.0284722222222222
2015-11-14 00:00:00 UTC,406,1211,412213234,4.1388888888888884
2015-11-14 00:00:00 UTC,662,-235,251023110,4.516805555555556
2015-11-14 00:00:00 UTC,662,-236,251023110,0.88680555555555562
2015-11-14 00:00:00 UTC,662,-236,251793240,4.1118055555555548
2015-11-14 00:00:00 UTC,662,-237,251793240,2.5393055555555555
2015-11-14 00:00:00 UTC,662,-235,251793240,1.0156944444444445
2015-11-14 00:00:00 UTC,662,-237,251420000,2.8368055555555554
2015-11-14 00:00:00 UTC,662,-236,251420000,0.22375
2015-11-14 00:00:00 UTC,662,-235,251842670,0.747638888888889
2015-11-14 00:00:00 UTC,662,-238,251842670,1.0943055555555556
2015-11-14 00:00:00 UTC,662,-236,251842670,2.5734722222222226
2015-11-14 00:00:00 UTC,662,-237,251842670,3.1808333333333336
2015-11-14 00:00:00 UTC,662,-173,251167110,3.052083333333333
2015-11-14 00:00:00 UTC,662,-233,251284110,0.17069444444444445
2015-11-14 00:00:00 UTC,662,-261,251011000,0.32944444444444448
2015-11-14 00:00:00 UTC,662,-258,251011000,0.62722222222222224
2015-11-14 00:00:00 UTC,662,-259,251011000,0.91083333333333338
2015-11-14 00:00:00 UTC,662,-260,251011000,0.8
2015-11-14 00:00:00 UTC,662,-236,251826110,3.211527777777778
2015-11-14 00:00:00 UTC,662,-235,251826110,1.370972222222222
2015-11-14 00:00:00 UTC,662,-237,251826110,2.7255555555555557
2015-11-14 00:00:00 UTC,662,-235,251259110,0.81694444444444436
2015-11-14 00:00:00 UTC,662,-239,251259110,1.7923611111111113
2015-11-14 00:00:00 UTC,662,-236,251259110,4.5027777777777773
2015-11-14 00:00:00 UTC,662,-237,251259110,3.5088888888888894
2015-11-14 00:00:00 UTC,662,-238,251259110,1.3066666666666666
2015-11-14 00:00:00 UTC,662,-233,251146740,0.26666666666666666
2015-11-14 00:00:00 UTC,662,-260,251141110,1.4877777777777776
2015-11-14 00:00:00 UTC,662,-259,251141110,1.7090277777777778
2015-11-14 00:00:00 UTC,662,-238,251841270,0.26180555555555551
2015-11-14 00:00:00 UTC,662,-240,251841270,1.8741666666666668
2015-11-14 00:00:00 UTC,662,-239,251841270,3.7750000000000004
2015-11-14 00:00:00 UTC,-362,199,601089100,7.5541666666666663
2015-11-14 00:00:00 UTC,-362,220,601799000,0.55833333333333335
2015-11-14 00:00:00 UTC,-362,198,601223000,1.8115277777777781
2015-11-14 00:00:00 UTC,-362,199,601223000,1.3648611111111111
2015-11-14 00:00:00 UTC,-106,131,603100161,0.86486111111111119
2015-11-14 00:00:00 UTC,-106,130,603100161,1.7566666666666666
2015-11-14 00:00:00 UTC,-106,130,603100174,2.3208333333333333
2015-11-14 00:00:00 UTC,-106,131,603100174,2.6147222222222219
2015-11-14 00:00:00 UTC,-106,-1480,412331026,2.0370833333333334
2015-11-14 00:00:00 UTC,-106,-1479,412331026,0.54986111111111113
2015-11-14 00:00:00 UTC,-106,-1486,412331026,2.7745833333333332
2015-11-14 00:00:00 UTC,-106,-1232,440125000,1.3019444444444446
2015-11-14 00:00:00 UTC,-106,-1451,416086600,1.8109722222222224
2015-11-14 00:00:00 UTC,-106,-1441,416086600,2.1854166666666668
2015-11-14 00:00:00 UTC,-106,-1462,416338000,4.266805555555556
2015-11-14 00:00:00 UTC,-106,-1463,416338000,1.7106944444444443
2015-11-14 00:00:00 UTC,-106,-1464,416338000,1.9312499999999997
2015-11-14 00:00:00 UTC,-106,-1465,416338000,5.4118055555555555
2015-11-14 00:00:00 UTC,-106,-1236,440871000,1.3920833333333329
2015-11-14 00:00:00 UTC,-106,-1237,440871000,0.825138888888889
2015-11-14 00:00:00 UTC,-106,130,224935000,2.9930555555555554
2015-11-14 00:00:00 UTC,-106,882,431047000,1.6969444444444444
2015-11-14 00:00:00 UTC,-106,883,431047000,1.2930555555555554
2015-11-14 00:00:00 UTC,-106,887,432955000,1.4802777777777778
2015-11-14 00:00:00 UTC,-106,878,431067000,2.6970833333333331
2015-11-14 00:00:00 UTC,-106,886,432987000,3.8048611111111108
2015-11-14 00:00:00 UTC,-106,885,432987000,1.0094444444444446
2015-11-14 00:00:00 UTC,-106,1582,416002681,1.6155555555555556
2015-11-14 00:00:00 UTC,-106,-1234,441584000,5.9425000000000008
2015-11-14 00:00:00 UTC,-106,-1447,416368000,1.3519444444444444
2015-11-14 00:00:00 UTC,-106,-1443,416368000,1.681388888888889
2015-11-14 00:00:00 UTC,-106,-1442,416368000,2.6872222222222226
2015-11-14 00:00:00 UTC,-106,-1448,416368000,0.6075
2015-11-14 00:00:00 UTC,-106,921,432282000,0.78333333333333333
2015-11-14 00:00:00 UTC,-106,528,416826000,2.337361111111111
2015-11-14 00:00:00 UTC,-106,-1235,440954000,5.196944444444445
2015-11-14 00:00:00 UTC,-106,-1207,431500180,2.8595833333333336
2015-11-14 00:00:00 UTC,-106,544,416004245,5.6926388888888892
2015-11-14 00:00:00 UTC,-106,876,431703970,4.1202777777777788
2015-11-14 00:00:00 UTC,-106,881,432568000,7.7602777777777776
2015-11-14 00:00:00 UTC,-106,880,432568000,1.5477777777777779
2015-11-14 00:00:00 UTC,-106,-1231,440920000,4.8179166666666671
2015-11-14 00:00:00 UTC,-106,-1232,440920000,5.206666666666667
2015-11-14 00:00:00 UTC,-106,-1233,440792000,1.3894444444444445
2015-11-14 00:00:00 UTC,-106,-1210,431853000,2.2647222222222223
2015-11-14 00:00:00 UTC,-106,889,431702230,0.89027777777777783
2015-11-14 00:00:00 UTC,-106,1690,366903000,1.5080555555555557
2015-11-14 00:00:00 UTC,-106,-1236,440620000,5.2161111111111111
2015-11-14 00:00:00 UTC,-106,881,431105000,4.540972222222222
2015-11-14 00:00:00 UTC,-106,130,603100137,1.4058333333333333
2015-11-14 00:00:00 UTC,-106,-1249,441014000,1.2990277777777779
2015-11-14 00:00:00 UTC,-106,-1248,441014000,4.665694444444445
2015-11-14 00:00:00 UTC,-106,-1101,431382000,3.4666666666666668
2015-11-14 00:00:00 UTC,-106,-1100,431382000,2.1383333333333332
2015-11-14 00:00:00 UTC,-106,1582,416002545,6.1480555555555556
2015-11-14 00:00:00 UTC,151,-286,431316000,1.7141666666666666
2015-11-14 00:00:00 UTC,151,-284,431316000,0.76847222222222222
2015-11-14 00:00:00 UTC,151,-285,431316000,1.5433333333333334
2015-11-14 00:00:00 UTC,407,141,247119890,0.30000000000000004
2015-11-14 00:00:00 UTC,407,-93,225353000,0.57541666666666669
2015-11-14 00:00:00 UTC,407,1212,412213307,1.3594444444444445
2015-11-14 00:00:00 UTC,407,1210,412320347,7.4480555555555554
2015-11-14 00:00:00 UTC,407,-90,263408000,3.2306944444444436
2015-11-14 00:00:00 UTC,407,-92,263408000,0.47138888888888891
2015-11-14 00:00:00 UTC,407,-91,263408000,3.3216666666666663
2015-11-14 00:00:00 UTC,407,1210,413125521,8.6356944444444448
2015-11-14 00:00:00 UTC,407,-90,263279000,0.92499999999999993
2015-11-14 00:00:00 UTC,407,294,271056036,1.5704166666666666
2015-11-14 00:00:00 UTC,407,1216,412752820,1.6300000000000001
2015-11-14 00:00:00 UTC,407,1211,412708539,0.0020833333333333333
2015-11-14 00:00:00 UTC,407,248,240440000,0.40083333333333326
2015-11-14 00:00:00 UTC,407,1219,412213698,1.4190277777777778
2015-11-14 00:00:00 UTC,407,-418,224173000,1.2220833333333334
2015-11-14 00:00:00 UTC,407,243,240418000,0.28750000000000003
2015-11-14 00:00:00 UTC,407,142,247118040,1.5431944444444445
2015-11-14 00:00:00 UTC,407,142,247113950,1.2059722222222222
2015-11-14 00:00:00 UTC,407,1210,412327667,7.2781944444444449
2015-11-14 00:00:00 UTC,407,243,237963000,12.036805555555562
2015-11-14 00:00:00 UTC,407,1538,431659000,5.5084722222222222
2015-11-14 00:00:00 UTC,663,-202,251040000,1.1223611111111111
2015-11-14 00:00:00 UTC,663,-203,251040000,1.0288888888888887
2015-11-14 00:00:00 UTC,663,127,257311520,0.55041666666666667
2015-11-14 00:00:00 UTC,663,42,257437000,5.9073611111111113
2015-11-14 00:00:00 UTC,663,41,257437000,0.74597222222222226
2015-11-14 00:00:00 UTC,663,125,257972040,1.3204166666666666
2015-11-14 00:00:00 UTC,663,124,257972040,2.5147222222222227
2015-11-14 00:00:00 UTC,663,-238,251420000,2.3747222222222226
2015-11-14 00:00:00 UTC,663,-237,251420000,5.4154166666666654
2015-11-14 00:00:00 UTC,663,-238,251842670,0.80333333333333323
2015-11-14 00:00:00 UTC,663,-186,251850110,0.26875
2015-11-14 00:00:00 UTC,663,-187,251850110,3.5941666666666672
2015-11-14 00:00:00 UTC,663,-173,251167110,7.7475
2015-11-14 00:00:00 UTC,663,-206,251045000,1.5269444444444444
2015-11-14 00:00:00 UTC,663,-233,251284110,0.78208333333333324
2015-11-14 00:00:00 UTC,663,-35,273298600,2.4084722222222221
2015-11-14 00:00:00 UTC,663,-547,219257000,0.65375
2015-11-14 00:00:00 UTC,663,-548,219257000,0.43333333333333335
2015-11-14 00:00:00 UTC,663,-256,251011000,0.5872222222222222
2015-11-14 00:00:00 UTC,663,-257,251011000,1.3159722222222221
2015-11-14 00:00:00 UTC,663,-198,251309000,2.0825
2015-11-14 00:00:00 UTC,663,-199,251309000,2.7888888888888892
2015-11-14 00:00:00 UTC,663,-200,251309000,1.60375
2015-11-14 00:00:00 UTC,663,-201,251309000,0.31736111111111109
2015-11-14 00:00:00 UTC,663,-238,251259110,2.8011111111111111
2015-11-14 00:00:00 UTC,663,-237,251259110,0.2936111111111111
2015-11-14 00:00:00 UTC,663,-258,251141110,1.8918055555555555
2015-11-14 00:00:00 UTC,663,-256,251141110,0.930138888888889
2015-11-14 00:00:00 UTC,663,-257,251141110,1.7406944444444443
2015-11-14 00:00:00 UTC,663,-240,251841270,1.9699999999999998
2015-11-14 00:00:00 UTC,663,-241,251841270,0.52083333333333337
2015-11-14 00:00:00 UTC,-361,220,601301000,0.94180555555555545
2015-11-14 00:00:00 UTC,-361,221,601301000,0.48319444444444448
2015-11-14 00:00:00 UTC,-361,199,601089100,1.5831944444444446
2015-11-14 00:00:00 UTC,-361,198,601089100,4.4851388888888888
2015-11-14 00:00:00 UTC,-361,221,601799000,0.8041666666666667
2015-11-14 00:00:00 UTC,-361,196,601009500,3.8673611111111112
2015-11-14 00:00:00 UTC,-361,195,601009500,0.69152777777777774
2015-11-14 00:00:00 UTC,-361,195,601710000,5.8858333333333333
2015-11-14 00:00:00 UTC,-361,196,601710000,0.86152777777777767
2015-11-14 00:00:00 UTC,-105,-1216,431038000,0.80666666666666664
2015-11-14 00:00:00 UTC,-105,-1232,440125000,3.2830555555555554
2015-11-14 00:00:00 UTC,-105,-1448,416086600,3.0770833333333334
2015-11-14 00:00:00 UTC,-105,-1442,416086600,1.3741666666666665
2015-11-14 00:00:00 UTC,-105,-1450,416086600,1.3731944444444442
2015-11-14 00:00:00 UTC,-105,-1441,416086600,2.3602777777777777
2015-11-14 00:00:00 UTC,-105,-1443,416086600,1.3034722222222224
2015-11-14 00:00:00 UTC,-105,-1444,416086600,1.6901388888888891
2015-11-14 00:00:00 UTC,-105,-1439,416086600,1.560972222222222
2015-11-14 00:00:00 UTC,-105,-1440,416086600,0.57416666666666671
2015-11-14 00:00:00 UTC,-105,545,416004427,5.4891666666666676
2015-11-14 00:00:00 UTC,-105,543,416004427,1.4380555555555556
2015-11-14 00:00:00 UTC,-105,542,416004427,11.745138888888889
2015-11-14 00:00:00 UTC,-105,-1460,416338000,5.6527777777777795
2015-11-14 00:00:00 UTC,-105,-1459,416338000,4.7961111111111112
2015-11-14 00:00:00 UTC,-105,-1237,440871000,2.5009722222222224
2015-11-14 00:00:00 UTC,-105,-1236,440871000,0.936388888888889
2015-11-14 00:00:00 UTC,-105,129,224935000,1.7656944444444442
2015-11-14 00:00:00 UTC,-105,130,224935000,0.7665277777777777
2015-11-14 00:00:00 UTC,-105,883,431047000,0.55833333333333335
2015-11-14 00:00:00 UTC,-105,887,432955000,0.99083333333333334
2015-11-14 00:00:00 UTC,-105,888,432955000,0.54569444444444448
2015-11-14 00:00:00 UTC,-105,1582,416002681,3.0415277777777785
2015-11-14 00:00:00 UTC,-105,-1443,416368000,3.0709722222222222
2015-11-14 00:00:00 UTC,-105,-1446,416368000,1.0959722222222221
2015-11-14 00:00:00 UTC,-105,-1447,416368000,3.7511111111111113
2015-11-14 00:00:00 UTC,-105,-1444,416368000,3.5012499999999998
2015-11-14 00:00:00 UTC,-105,535,416241800,18.065555555555555
2015-11-14 00:00:00 UTC,-105,-1215,432346000,2.0959722222222226
2015-11-14 00:00:00 UTC,-105,534,416826000,3.8747222222222222
2015-11-14 00:00:00 UTC,-105,530,416826000,1.6600000000000001
2015-11-14 00:00:00 UTC,-105,529,416826000,6.19375
2015-11-14 00:00:00 UTC,-105,-1235,440954000,4.2552777777777777
2015-11-14 00:00:00 UTC,-105,547,416004245,10.513472222222223
2015-11-14 00:00:00 UTC,-105,871,432878000,3.2626388888888886
2015-11-14 00:00:00 UTC,-105,-1233,440792000,4.8938888888888892
2015-11-14 00:00:00 UTC,-105,889,431702230,2.2777777777777777
2015-11-14 00:00:00 UTC,-105,888,431702230,2.625
2015-11-14 00:00:00 UTC,-105,-1235,440620000,1.1158333333333332
2015-11-14 00:00:00 UTC,-105,129,603100137,1.6427777777777779
2015-11-14 00:00:00 UTC,-105,130,603100137,0.7518055555555555
2015-11-14 00:00:00 UTC,-105,-1247,441014000,9.0693055555555571
2015-11-14 00:00:00 UTC,-105,1579,416002545,6.1302777777777777
2015-11-14 00:00:00 UTC,152,-303,432991000,0.89069444444444446
2015-11-14 00:00:00 UTC,152,-299,432991000,3.5186111111111109
2015-11-14 00:00:00 UTC,152,-300,432991000,1.0381944444444444
2015-11-14 00:00:00 UTC,152,-302,432991000,1.3834722222222222
2015-11-14 00:00:00 UTC,152,-304,432991000,0.79888888888888887
2015-11-14 00:00:00 UTC,152,-301,432991000,1.2819444444444443
2015-11-14 00:00:00 UTC,408,-94,263381000,3.1758333333333328
2015-11-14 00:00:00 UTC,408,292,271072027,1.0102777777777776
2015-11-14 00:00:00 UTC,408,293,271072027,0.22569444444444445
2015-11-14 00:00:00 UTC,408,291,271072027,2.4480555555555559
2015-11-14 00:00:00 UTC,408,141,247113010,0.79902777777777778
2015-11-14 00:00:00 UTC,408,176,247123250,5.5636111111111113
2015-11-14 00:00:00 UTC,408,251,237063000,14.983611111111111
2015-11-14 00:00:00 UTC,408,250,237063000,0.2875
2015-11-14 00:00:00 UTC,408,274,271072616,1.3458333333333334
2015-11-14 00:00:00 UTC,408,-91,263408000,5.7134722222222214
2015-11-14 00:00:00 UTC,408,-90,263408000,0.1973611111111111
2015-11-14 00:00:00 UTC,408,292,271056025,0.72861111111111121
2015-11-14 00:00:00 UTC,408,248,240440000,0.25277777777777777
2015-11-14 00:00:00 UTC,408,-557,225325000,0.68166666666666664
2015-11-14 00:00:00 UTC,408,-559,225325000,0.37375
2015-11-14 00:00:00 UTC,408,-558,225325000,2.2543055555555558
2015-11-14 00:00:00 UTC,664,-203,251040000,3.028888888888889
2015-11-14 00:00:00 UTC,664,-212,251040000,0.84958333333333336
2015-11-14 00:00:00 UTC,664,-207,251160110,1.7880555555555555
2015-11-14 00:00:00 UTC,664,-206,251160110,1.9770833333333333
2015-11-14 00:00:00 UTC,664,-181,251850110,0.10402777777777777
2015-11-14 00:00:00 UTC,664,-187,251850110,3.4327777777777784
2015-11-14 00:00:00 UTC,664,-188,251850110,2.3715277777777781
2015-11-14 00:00:00 UTC,664,-173,251167110,6.8213888888888894
2015-11-14 00:00:00 UTC,664,-207,251045000,2.3884722222222221
2015-11-14 00:00:00 UTC,664,-206,251045000,4.150555555555556
2015-11-14 00:00:00 UTC,664,-234,251284110,2.4058333333333333
2015-11-14 00:00:00 UTC,664,-235,251284110,2.8481944444444443
2015-11-14 00:00:00 UTC,664,-169,251145110,1.3230555555555554
2015-11-14 00:00:00 UTC,664,-546,219257000,7.3224999999999989
2015-11-14 00:00:00 UTC,664,-545,219257000,4.7406944444444434
2015-11-14 00:00:00 UTC,664,-547,219257000,2.5101388888888891
2015-11-14 00:00:00 UTC,664,-255,251011000,2.5847222222222226
2015-11-14 00:00:00 UTC,664,-254,251011000,1.1748611111111109
2015-11-14 00:00:00 UTC,664,-256,251011000,1.1341666666666668
2015-11-14 00:00:00 UTC,664,-254,251250110,1.7734722222222221
2015-11-14 00:00:00 UTC,664,-199,251848640,0.53347222222222224
2015-11-14 00:00:00 UTC,664,-200,251848640,1.7572222222222225
2015-11-14 00:00:00 UTC,664,-200,251309000,2.0813888888888887
2015-11-14 00:00:00 UTC,664,-545,331074000,3.9204166666666662
2015-11-14 00:00:00 UTC,664,-546,331074000,6.3838888888888876
2015-11-14 00:00:00 UTC,664,-547,331074000,2.3608333333333329
2015-11-14 00:00:00 UTC,664,-256,251141110,2.7116666666666669
2015-11-14 00:00:00 UTC,664,-254,251141110,1.3697222222222223
2015-11-14 00:00:00 UTC,664,-255,251141110,2.7811111111111111
2015-11-14 00:00:00 UTC,-360,220,601301000,0.59986111111111118
2015-11-14 00:00:00 UTC,-360,222,601301000,0.98166666666666658
2015-11-14 00:00:00 UTC,-360,221,601301000,0.35013888888888889
2015-11-14 00:00:00 UTC,-360,197,601089100,0.6331944444444445
2015-11-14 00:00:00 UTC,-360,195,601089100,1.1873611111111111
2015-11-14 00:00:00 UTC,-360,196,601089100,0.8455555555555555
2015-11-14 00:00:00 UTC,-360,221,601799000,1.2248611111111112
2015-11-14 00:00:00 UTC,-360,195,601009500,12.745972222222218
2015-11-14 00:00:00 UTC,-360,195,601710000,14.729722222222222
2015-11-14 00:00:00 UTC,-104,129,603100174,5.7054166666666664
2015-11-14 00:00:00 UTC,-104,-1222,431702550,3.2869444444444444
2015-11-14 00:00:00 UTC,-104,903,431167000,6.0183333333333335
2015-11-14 00:00:00 UTC,-104,902,431167000,3.8465277777777778
2015-11-14 00:00:00 UTC,-104,-1723,416000029,4.1344444444444441
2015-11-14 00:00:00 UTC,-104,-1725,416000029,4.0038888888888886
2015-11-14 00:00:00 UTC,-104,-1216,431038000,0.55777777777777771
2015-11-14 00:00:00 UTC,-104,1294,503018300,12.760972222222222
2015-11-14 00:00:00 UTC,-104,-1232,440125000,3.9061111111111111
2015-11-14 00:00:00 UTC,-104,-1449,416086600,3.1677777777777782
2015-11-14 00:00:00 UTC,-104,-1445,416086600,3.4301388888888895
2015-11-14 00:00:00 UTC,-104,542,416004427,6.0952777777777776
2015-11-14 00:00:00 UTC,-104,-1236,440871000,0.60749999999999993
2015-11-14 00:00:00 UTC,-104,-1239,440871000,3.3568055555555558
2015-11-14 00:00:00 UTC,-104,883,431047000,2.6586111111111115
2015-11-14 00:00:00 UTC,-104,888,432955000,1.4677777777777778
2015-11-14 00:00:00 UTC,-104,887,432955000,1.09625
2015-11-14 00:00:00 UTC,-104,-1234,441584000,1.1480555555555554
2015-11-14 00:00:00 UTC,-104,536,416241800,3.734861111111111
2015-11-14 00:00:00 UTC,-104,535,416241800,1.2644444444444445
2015-11-14 00:00:00 UTC,-104,922,432282000,4.5505555555555555
2015-11-14 00:00:00 UTC,-104,871,432878000,4.6102777777777773
2015-11-14 00:00:00 UTC,-104,-1231,440920000,1.1131944444444442
2015-11-14 00:00:00 UTC,-104,-1233,440792000,0.7929166666666666
2015-11-14 00:00:00 UTC,-104,888,431702230,1.8123611111111111
2015-11-14 00:00:00 UTC,-104,1689,366903000,0.74958333333333327
2015-11-14 00:00:00 UTC,-104,1686,366903000,0.28486111111111112
2015-11-14 00:00:00 UTC,-104,1688,366903000,1.1434722222222222
2015-11-14 00:00:00 UTC,-104,1687,366903000,5.5438888888888895
2015-11-14 00:00:00 UTC,-104,-1235,440620000,1.0295833333333333
2015-11-14 00:00:00 UTC,-104,881,431105000,5.2920833333333333
2015-11-14 00:00:00 UTC,-104,922,432353000,5.3423611111111118
2015-11-14 00:00:00 UTC,-104,923,432353000,5.2165277777777774
2015-11-14 00:00:00 UTC,-104,129,603100137,4.8277777777777775
2015-11-14 00:00:00 UTC,153,-306,432045000,4.9898611111111109
2015-11-14 00:00:00 UTC,153,-307,432045000,0.28138888888888891
2015-11-14 00:00:00 UTC,153,-297,432045000,3.6501388888888888
2015-11-14 00:00:00 UTC,409,-94,263381000,2.6245833333333328
2015-11-14 00:00:00 UTC,409,-95,263381000,2.8802777777777777
2015-11-14 00:00:00 UTC,409,1212,115678989,0.2011111111111111
2015-11-14 00:00:00 UTC,409,174,247123250,1.307638888888889
2015-11-14 00:00:00 UTC,409,176,247123250,1.9630555555555556
2015-11-14 00:00:00 UTC,409,175,247123250,4.2105555555555556
2015-11-14 00:00:00 UTC,409,402,271073094,0.63027777777777771
2015-11-14 00:00:00 UTC,409,289,271072088,0.31472222222222224
2015-11-14 00:00:00 UTC,409,289,271072367,4.8841666666666654
2015-11-14 00:00:00 UTC,409,-90,263408000,3.3427777777777785
2015-11-14 00:00:00 UTC,409,-91,263408000,0.27513888888888888
2015-11-14 00:00:00 UTC,409,-560,225325000,0.65388888888888885
2015-11-14 00:00:00 UTC,409,-561,225325000,0.34875
2015-11-14 00:00:00 UTC,409,-559,225325000,0.36402777777777778
2015-11-14 00:00:00 UTC,409,289,271072200,8.581666666666667
2015-11-14 00:00:00 UTC,409,402,271072217,1.5179166666666666
2015-11-14 00:00:00 UTC,409,289,271073013,2.7633333333333332
2015-11-14 00:00:00 UTC,409,1541,431659000,4.4579166666666667
2015-11-14 00:00:00 UTC,409,1539,432907000,8.4331944444444442
2015-11-14 00:00:00 UTC,665,-543,331168000,2.7331944444444445
2015-11-14 00:00:00 UTC,665,-545,331168000,1.1098611111111112
2015-11-14 00:00:00 UTC,665,-544,331168000,1.4081944444444447
2015-11-14 00:00:00 UTC,665,-211,251040000,1.3991666666666667
2015-11-14 00:00:00 UTC,665,-203,251040000,2.5111111111111115
2015-11-14 00:00:00 UTC,665,129,257373220,0.84625
2015-11-14 00:00:00 UTC,665,-207,251160110,2.9045833333333331
2015-11-14 00:00:00 UTC,665,-206,251160110,1.6195833333333334
2015-11-14 00:00:00 UTC,665,-203,251160110,1.4984722222222222
2015-11-14 00:00:00 UTC,665,-204,251160110,3.0388888888888888
2015-11-14 00:00:00 UTC,665,-191,251136110,0.96291666666666675
2015-11-14 00:00:00 UTC,665,-187,251850110,1.3127777777777778
2015-11-14 00:00:00 UTC,665,-184,251850110,0.094305555555555545
2015-11-14 00:00:00 UTC,665,-188,251850110,3.8800000000000003
2015-11-14 00:00:00 UTC,665,-185,251850110,0.70305555555555554
2015-11-14 00:00:00 UTC,665,-181,251850110,0.33458333333333334
2015-11-14 00:00:00 UTC,665,-206,251045000,0.68916666666666671
2015-11-14 00:00:00 UTC,665,-171,251145110,1.5693055555555557
2015-11-14 00:00:00 UTC,665,-169,251145110,1.5159722222222223
2015-11-14 00:00:00 UTC,665,-172,251145110,0.25291666666666668
2015-11-14 00:00:00 UTC,665,-170,251145110,1.2926388888888889
2015-11-14 00:00:00 UTC,665,132,257305000,0.80333333333333334
2015-11-14 00:00:00 UTC,665,-545,219257000,7.4787500000000007
2015-11-14 00:00:00 UTC,665,-546,219257000,0.54791666666666661
2015-11-14 00:00:00 UTC,665,-172,251368110,1.6113888888888885
2015-11-14 00:00:00 UTC,665,-171,251368110,0.79819444444444443
2015-11-14 00:00:00 UTC,665,-242,251203000,2.8666666666666663
2015-11-14 00:00:00 UTC,665,-251,251011000,1.9852777777777779
2015-11-14 00:00:00 UTC,665,-254,251011000,0.4127777777777778
2015-11-14 00:00:00 UTC,665,-253,251011000,2.0005555555555556
2015-11-14 00:00:00 UTC,665,-252,251011000,1.6358333333333333
2015-11-14 00:00:00 UTC,665,-250,251011000,0.50958333333333328
2015-11-14 00:00:00 UTC,665,-254,251250110,1.564861111111111
2015-11-14 00:00:00 UTC,665,-252,251250110,2.597777777777778
2015-11-14 00:00:00 UTC,665,-253,251250110,2.8411111111111111
2015-11-14 00:00:00 UTC,665,-251,251250110,0.80555555555555558
2015-11-14 00:00:00 UTC,665,-199,251848640,3.2041666666666666
2015-11-14 00:00:00 UTC,665,-197,251848640,0.24
2015-11-14 00:00:00 UTC,665,-198,251848640,2.7020833333333334
2015-11-14 00:00:00 UTC,665,-545,331074000,6.7577777777777781
2015-11-14 00:00:00 UTC,665,-546,331074000,1.850138888888889
2015-11-14 00:00:00 UTC,665,-544,331074000,2.1388888888888893
2015-11-14 00:00:00 UTC,665,131,257496800,1.3358333333333332
2015-11-14 00:00:00 UTC,665,130,257496800,0.585
2015-11-14 00:00:00 UTC,665,-233,251140840,0.15833333333333333
2015-11-14 00:00:00 UTC,665,-232,251140840,4.8556944444444454
2015-11-14 00:00:00 UTC,665,-253,251141110,2.2423611111111112
2015-11-14 00:00:00 UTC,665,-252,251141110,1.53375
2015-11-14 00:00:00 UTC,665,-254,251141110,1.3844444444444446
2015-11-14 00:00:00 UTC,-359,222,601301000,1.1068055555555556
2015-11-14 00:00:00 UTC,-359,219,601301000,1.100138888888889
2015-11-14 00:00:00 UTC,-359,195,601089100,2.8581944444444445
2015-11-14 00:00:00 UTC,-359,221,601799000,1.4790277777777776
2015-11-14 00:00:00 UTC,-359,196,601479000,7.9141666666666666
2015-11-14 00:00:00 UTC,-359,193,601009500,4.3209722222222222
2015-11-14 00:00:00 UTC,-359,194,601009500,2.9454166666666666
2015-11-14 00:00:00 UTC,-359,-573,770576114,1.3209722222222222
2015-11-14 00:00:00 UTC,-359,-571,770576114,1.0465277777777779
2015-11-14 00:00:00 UTC,-359,-572,770576114,1.1234722222222222
2015-11-14 00:00:00 UTC,-359,-573,770576116,1.0408333333333333
2015-11-14 00:00:00 UTC,-359,-571,770576116,1.16625
2015-11-14 00:00:00 UTC,-359,-572,770576116,1.0868055555555556
2015-11-14 00:00:00 UTC,-103,-1222,431702550,1.9248611111111109
2015-11-14 00:00:00 UTC,-103,904,431167000,0.82916666666666661
2015-11-14 00:00:00 UTC,-103,902,431167000,2.9661111111111111
2015-11-14 00:00:00 UTC,-103,-1455,412331033,0.20416666666666666
2015-11-14 00:00:00 UTC,-103,-1456,412331033,2.383055555555555
2015-11-14 00:00:00 UTC,-103,-1722,416000029,2.4456944444444444
2015-11-14 00:00:00 UTC,-103,-1721,416000029,2.5715277777777774
2015-11-14 00:00:00 UTC,-103,114,431753000,2.2044444444444444
2015-11-14 00:00:00 UTC,-103,-1216,431038000,0.47750000000000004
2015-11-14 00:00:00 UTC,-103,-1232,440125000,5.1591666666666667
2015-11-14 00:00:00 UTC,-103,-1236,440871000,0.63180555555555551
2015-11-14 00:00:00 UTC,-103,883,431047000,2.2941666666666669
2015-11-14 00:00:00 UTC,-103,882,431047000,1.7934722222222224
2015-11-14 00:00:00 UTC,-103,-1721,576753000,1.7044444444444444
2015-11-14 00:00:00 UTC,-103,888,432955000,3.7913888888888887
2015-11-14 00:00:00 UTC,-103,-1143,431700090,11.559583333333332
2015-11-14 00:00:00 UTC,-103,-1234,441584000,4.0551388888888891
2015-11-14 00:00:00 UTC,-103,922,432282000,2.2320833333333336
2015-11-14 00:00:00 UTC,-103,923,432282000,2.0790277777777777
2015-11-14 00:00:00 UTC,-103,871,432878000,2.7094444444444448
2015-11-14 00:00:00 UTC,-103,-1231,440920000,1.0404166666666668
2015-11-14 00:00:00 UTC,-103,-1233,440792000,4.02875
2015-11-14 00:00:00 UTC,-103,888,431702230,4.146527777777778
2015-11-14 00:00:00 UTC,-103,451,416244700,7.30375
2015-11-14 00:00:00 UTC,-103,881,431105000,1.816527777777778
2015-11-14 00:00:00 UTC,-103,922,432353000,0.48055555555555557
2015-11-14 00:00:00 UTC,-103,923,432353000,0.59986111111111107
2015-11-14 00:00:00 UTC,154,-173,663142000,2.1820833333333334
2015-11-14 00:00:00 UTC,154,-174,663142000,2.7155555555555555
2015-11-14 00:00:00 UTC,154,-307,432045000,1.2506944444444446
2015-11-14 00:00:00 UTC,154,-301,432045000,1.7077777777777778
2015-11-14 00:00:00 UTC,154,-308,432045000,4.3530555555555557
2015-11-14 00:00:00 UTC,154,-297,432045000,0.36055555555555552
2015-11-14 00:00:00 UTC,154,-299,432045000,2.3027777777777776
2015-11-14 00:00:00 UTC,154,-298,432045000,0.70583333333333331
2015-11-14 00:00:00 UTC,154,-305,432045000,3.1869444444444444
2015-11-14 00:00:00 UTC,410,-94,263381000,0.54972222222222222
2015-11-14 00:00:00 UTC,410,-93,263381000,0.27458333333333335
2015-11-14 00:00:00 UTC,410,396,271072268,11.031944444444445
2015-11-14 00:00:00 UTC,410,402,271062033,1.8508333333333336
2015-11-14 00:00:00 UTC,410,-91,263401760,1.0479166666666666
2015-11-14 00:00:00 UTC,410,398,271072560,0.65375
2015-11-14 00:00:00 UTC,410,397,271072560,0.67513888888888884
2015-11-14 00:00:00 UTC,410,396,271072560,2.4066666666666667
2015-11-14 00:00:00 UTC,410,172,247120180,0.26138888888888889
2015-11-14 00:00:00 UTC,410,397,271072583,1.5134722222222223
2015-11-14 00:00:00 UTC,410,403,271069010,0.65375
2015-11-14 00:00:00 UTC,410,1540,431600220,6.9915277777777778
2015-11-14 00:00:00 UTC,410,396,271069027,2.2173611111111113
2015-11-14 00:00:00 UTC,410,401,271062119,1.0709722222222222
2015-11-14 00:00:00 UTC,410,403,271062119,2.0008333333333335
2015-11-14 00:00:00 UTC,410,402,271062119,1.390138888888889
2015-11-14 00:00:00 UTC,410,289,271072367,0.19527777777777777
2015-11-14 00:00:00 UTC,410,397,271072881,3.0077777777777781
2015-11-14 00:00:00 UTC,410,137,247091570,10.459166666666665
2015-11-14 00:00:00 UTC,410,-91,263279000,0.81791666666666663
2015-11-14 00:00:00 UTC,410,-214,224687000,4.4136111111111118
2015-11-14 00:00:00 UTC,410,-213,224687000,5.0831944444444437
2015-11-14 00:00:00 UTC,410,396,271072706,2.1379166666666665
2015-11-14 00:00:00 UTC,410,397,271072706,1.1629166666666666
2015-11-14 00:00:00 UTC,410,397,271072707,0.53430555555555559
2015-11-14 00:00:00 UTC,410,-562,225325000,0.57222222222222219
2015-11-14 00:00:00 UTC,410,-563,225325000,6.8583333333333334
2015-11-14 00:00:00 UTC,410,397,271072215,2.5306944444444448
2015-11-14 00:00:00 UTC,410,402,271072217,0.27736111111111106
2015-11-14 00:00:00 UTC,410,397,271072241,1.9954166666666668
2015-11-14 00:00:00 UTC,410,1542,431659000,4.9043055555555553
2015-11-14 00:00:00 UTC,666,-543,331168000,1.327361111111111
2015-11-14 00:00:00 UTC,666,-216,251331110,1.1469444444444445
2015-11-14 00:00:00 UTC,666,-204,251160110,1.4888888888888889
2015-11-14 00:00:00 UTC,666,-205,251160110,2.4723611111111108
2015-11-14 00:00:00 UTC,666,-203,251160110,2.4240277777777779
2015-11-14 00:00:00 UTC,666,-243,251155000,1.2306944444444443
2015-11-14 00:00:00 UTC,666,-242,251155000,0.52388888888888885
2015-11-14 00:00:00 UTC,666,129,257113420,0.27555555555555555
2015-11-14 00:00:00 UTC,666,128,257113420,0.26666666666666666
2015-11-14 00:00:00 UTC,666,130,257113420,0.27069444444444446
2015-11-14 00:00:00 UTC,666,-191,251136110,4.47375
2015-11-14 00:00:00 UTC,666,-185,251850110,0.25444444444444447
2015-11-14 00:00:00 UTC,666,-187,251850110,0.76291666666666669
2015-11-14 00:00:00 UTC,666,-186,251850110,1.0891666666666666
2015-11-14 00:00:00 UTC,666,-173,251145110,1.0131944444444443
2015-11-14 00:00:00 UTC,666,-170,251145110,0.51791666666666658
2015-11-14 00:00:00 UTC,666,-172,251145110,7.268472222222222
2015-11-14 00:00:00 UTC,666,-171,251145110,3.2727777777777769
2015-11-14 00:00:00 UTC,666,-181,251410340,3.4569444444444439
2015-11-14 00:00:00 UTC,666,-180,251410340,0.25930555555555557
2015-11-14 00:00:00 UTC,666,-25,273298600,1.5408333333333333
2015-11-14 00:00:00 UTC,666,-26,273298600,2.415
2015-11-14 00:00:00 UTC,666,-171,251368110,2.3334722222222219
2015-11-14 00:00:00 UTC,666,-172,251368110,9.6734722222222178
2015-11-14 00:00:00 UTC,666,-173,251368110,4.238611111111112
2015-11-14 00:00:00 UTC,666,-243,251203000,5.5194444444444439
2015-11-14 00:00:00 UTC,666,-244,251203000,3.7795833333333331
2015-11-14 00:00:00 UTC,666,-242,251203000,3.51763888888889
2015-11-14 00:00:00 UTC,666,-249,251011000,1.9406944444444445
2015-11-14 00:00:00 UTC,666,-250,251011000,2.6054166666666667
2015-11-14 00:00:00 UTC,666,-251,251011000,0.22000000000000003
2015-11-14 00:00:00 UTC,666,-251,251250110,1.2779166666666668
2015-11-14 00:00:00 UTC,666,-199,251848640,0.25847222222222221
2015-11-14 00:00:00 UTC,666,-198,251848640,1.7623611111111108
2015-11-14 00:00:00 UTC,666,-232,251140840,4.789305555555555
2015-11-14 00:00:00 UTC,-358,222,601301000,0.99944444444444436
2015-11-14 00:00:00 UTC,-358,218,601301000,2.3918055555555555
2015-11-14 00:00:00 UTC,-358,219,601301000,1.3747222222222222
2015-11-14 00:00:00 UTC,-358,193,601089100,1.4625
2015-11-14 00:00:00 UTC,-358,192,601089100,0.70013888888888887
2015-11-14 00:00:00 UTC,-358,-572,770576114,1.5455555555555558
2015-11-14 00:00:00 UTC,-358,-573,770576114,0.25722222222222224
2015-11-14 00:00:00 UTC,-358,-573,770576116,0.77277777777777779
2015-11-14 00:00:00 UTC,-358,-572,770576116,1.0287499999999998
2015-11-14 00:00:00 UTC,-102,128,603100161,6.1905555555555551
2015-11-14 00:00:00 UTC,-102,1369,503005450,10.319027777777778
2015-11-14 00:00:00 UTC,-102,-1721,576394000,1.2795833333333335
2015-11-14 00:00:00 UTC,-102,-1722,576394000,4.7498611111111115
2015-11-14 00:00:00 UTC,-102,-1222,431702550,1.3745833333333333
2015-11-14 00:00:00 UTC,-102,-1455,412331033,0.31666666666666671
2015-11-14 00:00:00 UTC,-102,-1453,412331033,0.65388888888888874
2015-11-14 00:00:00 UTC,-102,-1454,412331033,0.58763888888888882
2015-11-14 00:00:00 UTC,-102,-1452,412331033,0.97111111111111126
2015-11-14 00:00:00 UTC,-102,-1459,412331033,4.0334722222222226
2015-11-14 00:00:00 UTC,-102,-1458,412331033,0.87097222222222226
2015-11-14 00:00:00 UTC,-102,-1719,416000029,5.1201388888888886
2015-11-14 00:00:00 UTC,-102,-1716,416000029,0.48777777777777775
2015-11-14 00:00:00 UTC,-102,114,431753000,1.0838888888888889
2015-11-14 00:00:00 UTC,-102,-1216,431038000,3.3008333333333333
2015-11-14 00:00:00 UTC,-102,-1792,338622000,1.1105555555555553
2015-11-14 00:00:00 UTC,-102,-1233,440125000,4.33
2015-11-14 00:00:00 UTC,-102,-1236,440871000,2.9406944444444445
2015-11-14 00:00:00 UTC,-102,883,431047000,4.1795833333333334
2015-11-14 00:00:00 UTC,-102,-1721,576753000,17.522638888888888
2015-11-14 00:00:00 UTC,-102,-1214,432454000,1.9136111111111109
2015-11-14 00:00:00 UTC,-102,-1234,441584000,3.2887500000000003
2015-11-14 00:00:00 UTC,-102,871,432878000,0.71277777777777773
2015-11-14 00:00:00 UTC,-102,-1231,440920000,4.2298611111111111
2015-11-14 00:00:00 UTC,-102,-1233,440792000,1.6788888888888889
2015-11-14 00:00:00 UTC,-102,-1232,440792000,0.38749999999999996
2015-11-14 00:00:00 UTC,-102,449,416244700,5.7126388888888888
2015-11-14 00:00:00 UTC,-102,448,416244700,11.815833333333334
2015-11-14 00:00:00 UTC,-102,-1235,440620000,4.2452777777777779
2015-11-14 00:00:00 UTC,-102,881,431105000,3.970277777777778
2015-11-14 00:00:00 UTC,-102,1587,416004073,6.2724999999999991
2015-11-14 00:00:00 UTC,155,-173,663142000,0.82847222222222228
2015-11-14 00:00:00 UTC,155,-1141,345080032,1.3304166666666668
2015-11-14 00:00:00 UTC,155,-172,224086000,1.0848611111111111
2015-11-14 00:00:00 UTC,411,290,271072266,1.8040277777777778
2015-11-14 00:00:00 UTC,411,-91,263401760,0.81680555555555556
2015-11-14 00:00:00 UTC,411,172,247120180,0.3
2015-11-14 00:00:00 UTC,411,374,271072569,1.3366666666666664
2015-11-14 00:00:00 UTC,411,373,271072315,2.149861111111111
2015-11-14 00:00:00 UTC,411,290,271072320,4.6519444444444451
2015-11-14 00:00:00 UTC,411,373,271072577,0.92041666666666666
2015-11-14 00:00:00 UTC,411,131,247110980,0.78819444444444442
2015-11-14 00:00:00 UTC,411,372,271072848,0.2583333333333333
2015-11-14 00:00:00 UTC,411,24,224093790,1.4263888888888889
2015-11-14 00:00:00 UTC,411,25,224093790,2.265
2015-11-14 00:00:00 UTC,411,291,271072361,0.46569444444444441
2015-11-14 00:00:00 UTC,411,290,271072361,0.64708333333333334
2015-11-14 00:00:00 UTC,411,290,271072107,1.8269444444444445
2015-11-14 00:00:00 UTC,411,290,271072367,7.7934722222222224
2015-11-14 00:00:00 UTC,411,290,271062130,2.4947222222222223
2015-11-14 00:00:00 UTC,411,137,247091570,2.8533333333333335
2015-11-14 00:00:00 UTC,411,290,271072127,9.8798611111111114
2015-11-14 00:00:00 UTC,411,290,271072134,6.9143055555555568
2015-11-14 00:00:00 UTC,411,290,271072918,3.3409722222222236
2015-11-14 00:00:00 UTC,411,-91,263279000,1.9641666666666668
2015-11-14 00:00:00 UTC,411,-216,224687000,2.4273611111111113
2015-11-14 00:00:00 UTC,411,-215,224687000,2.4675000000000002
2015-11-14 00:00:00 UTC,411,-218,224687000,1.4334722222222223
2015-11-14 00:00:00 UTC,411,-217,224687000,1.1709722222222223
2015-11-14 00:00:00 UTC,411,290,271072418,0.80805555555555553
2015-11-14 00:00:00 UTC,411,290,271072173,4.5879166666666658
2015-11-14 00:00:00 UTC,411,290,271056047,8.8305555555555557
2015-11-14 00:00:00 UTC,411,290,271072689,10.024583333333332
2015-11-14 00:00:00 UTC,667,125,257175320,5.2790277777777774
2015-11-14 00:00:00 UTC,667,124,257175320,0.66527777777777786
2015-11-14 00:00:00 UTC,667,-236,251182110,0.51777777777777778
2015-11-14 00:00:00 UTC,667,-237,251182110,0.51138888888888889
2015-11-14 00:00:00 UTC,667,-239,251182110,0.51125
2015-11-14 00:00:00 UTC,667,-244,251182110,0.75500000000000012
2015-11-14 00:00:00 UTC,667,-241,251182110,0.55138888888888893
2015-11-14 00:00:00 UTC,667,-240,251182110,0.737638888888889
2015-11-14 00:00:00 UTC,667,-243,251182110,0.5412499999999999
2015-11-14 00:00:00 UTC,667,-238,251182110,0.52722222222222226
2015-11-14 00:00:00 UTC,667,-242,251182110,0.76208333333333333
2015-11-14 00:00:00 UTC,667,-235,251182110,1.3045833333333337
2015-11-14 00:00:00 UTC,667,-220,251331110,2.1006944444444446
2015-11-14 00:00:00 UTC,667,-217,251331110,4.0909722222222218
2015-11-14 00:00:00 UTC,667,-218,251331110,3.4681944444444439
2015-11-14 00:00:00 UTC,667,-216,251331110,2.4522222222222219
2015-11-14 00:00:00 UTC,667,-219,251331110,7.2275000000000009
2015-11-14 00:00:00 UTC,667,-246,251021110,1.0330555555555556
2015-11-14 00:00:00 UTC,667,-244,251155000,5.4352777777777792
2015-11-14 00:00:00 UTC,667,-243,251155000,1.0934722222222222
2015-11-14 00:00:00 UTC,667,-245,251155000,1.2834722222222223
2015-11-14 00:00:00 UTC,667,-236,251026000,0.77569444444444458
2015-11-14 00:00:00 UTC,667,-235,251026000,0.77180555555555541
2015-11-14 00:00:00 UTC,667,-234,251026000,0.16180555555555556
2015-11-14 00:00:00 UTC,667,-237,251026000,0.50791666666666668
2015-11-14 00:00:00 UTC,667,-134,251377000,10.324027777777779
2015-11-14 00:00:00 UTC,667,-135,251377000,1.6263888888888889
2015-11-14 00:00:00 UTC,667,-190,251136110,2.0476388888888888
2015-11-14 00:00:00 UTC,667,-192,251136110,0.25625
2015-11-14 00:00:00 UTC,667,-191,251136110,8.52083333333333
2015-11-14 00:00:00 UTC,667,-173,251145110,1.8056944444444443
2015-11-14 00:00:00 UTC,667,-248,251151000,0.26388888888888884
2015-11-14 00:00:00 UTC,667,-172,251368110,3.961666666666666
2015-11-14 00:00:00 UTC,667,-173,251368110,1.5455555555555556
2015-11-14 00:00:00 UTC,667,-237,251203000,1.5897222222222223
2015-11-14 00:00:00 UTC,667,-238,251203000,0.26125
2015-11-14 00:00:00 UTC,667,-248,251011000,0.55638888888888893
2015-11-14 00:00:00 UTC,667,-249,251011000,0.95666666666666667
2015-11-14 00:00:00 UTC,667,-239,251318000,1.5433333333333332
2015-11-14 00:00:00 UTC,667,-236,251318000,0.60611111111111116
2015-11-14 00:00:00 UTC,667,-237,251318000,0.40666666666666662
2015-11-14 00:00:00 UTC,667,-233,251318000,0.24361111111111111
2015-11-14 00:00:00 UTC,667,-238,251318000,0.75819444444444439
2015-11-14 00:00:00 UTC,667,-234,251318000,1.5511111111111109
2015-11-14 00:00:00 UTC,667,-240,251318000,0.25263888888888886
2015-11-14 00:00:00 UTC,667,-235,251318000,0.50527777777777771
2015-11-14 00:00:00 UTC,-357,222,601301000,0.11263888888888889
2015-11-14 00:00:00 UTC,-357,192,601089100,1.0206944444444443
2015-11-14 00:00:00 UTC,-357,191,601089100,2.2373611111111109
2015-11-14 00:00:00 UTC,-357,190,601479000,0.71652777777777787
2015-11-14 00:00:00 UTC,-357,191,601479000,5.0531944444444452
2015-11-14 00:00:00 UTC,-357,-572,770576114,0.778888888888889
2015-11-14 00:00:00 UTC,-357,-571,770576114,1.6008333333333333
2015-11-14 00:00:00 UTC,-357,-569,770576114,0.84666666666666679
2015-11-14 00:00:00 UTC,-357,-570,770576114,1.0118055555555554
2015-11-14 00:00:00 UTC,-357,-570,770576116,1.3372222222222221
2015-11-14 00:00:00 UTC,-357,-571,770576116,1.5404166666666668
2015-11-14 00:00:00 UTC,-357,-572,770576116,1.0445833333333332
2015-11-14 00:00:00 UTC,-357,-569,770576116,0.60777777777777775
2015-11-14 00:00:00 UTC,-101,128,603100161,1.9472222222222224
2015-11-14 00:00:00 UTC,-101,-1719,576394000,10.149999999999999
2015-11-14 00:00:00 UTC,-101,-1716,576394000,5.480833333333333
2015-11-14 00:00:00 UTC,-101,-1720,576394000,1.2422222222222223
2015-11-14 00:00:00 UTC,-101,-1717,576394000,1.527222222222222
2015-11-14 00:00:00 UTC,-101,-1222,431702550,3.314861111111111
2015-11-14 00:00:00 UTC,-101,-1450,412331033,1.3670833333333334
2015-11-14 00:00:00 UTC,-101,-1457,412331033,0.94138888888888894
2015-11-14 00:00:00 UTC,-101,-1458,412331033,0.76250000000000007
2015-11-14 00:00:00 UTC,-101,-1451,412331033,1.6277777777777775
2015-11-14 00:00:00 UTC,-101,-1452,412331033,0.92486111111111124
2015-11-14 00:00:00 UTC,-101,-1455,412331033,1.4248611111111111
2015-11-14 00:00:00 UTC,-101,-1716,416000029,4.39875
2015-11-14 00:00:00 UTC,-101,114,431753000,0.84444444444444444
2015-11-14 00:00:00 UTC,-101,-1214,432454000,1.4601388888888889
2015-11-14 00:00:00 UTC,-101,871,432878000,0.55680555555555555
2015-11-14 00:00:00 UTC,-101,-1696,576664000,1.2481944444444444
2015-11-14 00:00:00 UTC,-101,-1697,576664000,3.4658333333333329
2015-11-14 00:00:00 UTC,-101,-1208,431853000,2.6029166666666663
2015-11-14 00:00:00 UTC,-101,448,416244700,1.483888888888889
2015-11-14 00:00:00 UTC,-101,128,603100137,3.7758333333333338
2015-11-14 00:00:00 UTC,-101,1589,416004073,2.7416666666666667
2015-11-14 00:00:00 UTC,-101,1583,416004073,8.9004166666666666
2015-11-14 00:00:00 UTC,-101,848,431700970,0.20472222222222222
2015-11-14 00:00:00 UTC,156,-173,663142000,12.509305555555557
2015-11-14 00:00:00 UTC,156,-172,224086000,3.6888888888888891
2015-11-14 00:00:00 UTC,412,364,271072279,0.59291666666666665
2015-11-14 00:00:00 UTC,412,364,271072283,0.30125
2015-11-14 00:00:00 UTC,412,364,271072285,0.30291666666666667
2015-11-14 00:00:00 UTC,412,-239,224138280,1.8913888888888888
2015-11-14 00:00:00 UTC,412,-243,224138280,7.604166666666667
2015-11-14 00:00:00 UTC,412,291,271062063,1.183888888888889
2015-11-14 00:00:00 UTC,412,172,247120180,5.5915277777777783
2015-11-14 00:00:00 UTC,412,312,271072572,8.8681944444444447
2015-11-14 00:00:00 UTC,412,313,271072572,0.88180555555555562
2015-11-14 00:00:00 UTC,412,291,271072331,0.3263888888888889
2015-11-14 00:00:00 UTC,412,295,271062098,1.9068055555555556
2015-11-14 00:00:00 UTC,412,295,271062099,8.0459722222222219
2015-11-14 00:00:00 UTC,412,294,271062105,2.7893055555555559
2015-11-14 00:00:00 UTC,412,295,271062105,7.7934722222222224
2015-11-14 00:00:00 UTC,412,25,224093790,1.0466666666666666
2015-11-14 00:00:00 UTC,412,291,271072361,1.7230555555555558
2015-11-14 00:00:00 UTC,412,289,271072361,0.55847222222222226
2015-11-14 00:00:00 UTC,412,290,271072361,0.12611111111111112
2015-11-14 00:00:00 UTC,412,296,271062122,18.926527777777778
2015-11-14 00:00:00 UTC,412,290,271062130,0.27777777777777779
2015-11-14 00:00:00 UTC,412,289,271062130,1.0243055555555554
2015-11-14 00:00:00 UTC,412,295,271062146,22.167638888888888
2015-11-14 00:00:00 UTC,412,291,271072918,1.4119444444444444
2015-11-14 00:00:00 UTC,412,-90,263279000,1.7730555555555554
2015-11-14 00:00:00 UTC,412,-91,263279000,2.9376388888888894
2015-11-14 00:00:00 UTC,412,-224,224687000,0.70402777777777781
2015-11-14 00:00:00 UTC,412,-219,224687000,0.68527777777777787
2015-11-14 00:00:00 UTC,412,-218,224687000,0.90069444444444446
2015-11-14 00:00:00 UTC,412,-225,224687000,0.69027777777777777
2015-11-14 00:00:00 UTC,412,290,271072173,1.2905555555555557
2015-11-14 00:00:00 UTC,412,289,271072173,0.63305555555555548
2015-11-14 00:00:00 UTC,412,-558,225325000,0.971111111111111
2015-11-14 00:00:00 UTC,412,-559,225325000,0.73444444444444446
2015-11-14 00:00:00 UTC,412,292,271072203,1.1797222222222223
2015-11-14 00:00:00 UTC,412,291,271072747,0.14180555555555555
2015-11-14 00:00:00 UTC,412,292,271072747,9.3995833333333358
2015-11-14 00:00:00 UTC,412,312,271072251,5.591111111111112
2015-11-14 00:00:00 UTC,412,313,271072251,1.4954166666666666
2015-11-14 00:00:00 UTC,668,-246,251182110,0.47097222222222224
2015-11-14 00:00:00 UTC,668,-243,251182110,0.99944444444444458
2015-11-14 00:00:00 UTC,668,-242,251182110,1.5624999999999996
2015-11-14 00:00:00 UTC,668,-245,251182110,1.4170833333333337
2015-11-14 00:00:00 UTC,668,-244,251182110,1.6908333333333332
2015-11-14 00:00:00 UTC,668,-235,251182110,1.5430555555555556
2015-11-14 00:00:00 UTC,668,-220,251331110,0.80805555555555553
2015-11-14 00:00:00 UTC,668,-219,251331110,1.5265277777777777
2015-11-14 00:00:00 UTC,668,-234,251102000,1.5768055555555556
2015-11-14 00:00:00 UTC,668,-242,251155000,1.1104166666666666
2015-11-14 00:00:00 UTC,668,-244,251155000,0.76958333333333329
2015-11-14 00:00:00 UTC,668,-241,251155000,1.2047222222222222
2015-11-14 00:00:00 UTC,668,-245,251155000,0.25666666666666665
2015-11-14 00:00:00 UTC,668,-243,251155000,0.77666666666666662
2015-11-14 00:00:00 UTC,668,-238,251026000,0.52625000000000011
2015-11-14 00:00:00 UTC,668,-237,251026000,0.76166666666666671
2015-11-14 00:00:00 UTC,668,-235,251026000,1.2791666666666668
2015-11-14 00:00:00 UTC,668,-242,251026000,3.9284722222222217
2015-11-14 00:00:00 UTC,668,-243,251026000,2.0029166666666667
2015-11-14 00:00:00 UTC,668,-244,251026000,0.68375
2015-11-14 00:00:00 UTC,668,-245,251026000,0.34888888888888892
2015-11-14 00:00:00 UTC,668,-241,251026000,1.6731944444444442
2015-11-14 00:00:00 UTC,668,-134,251377000,7.1190277777777773
2015-11-14 00:00:00 UTC,668,-133,251377000,4.6856944444444446
2015-11-14 00:00:00 UTC,668,-193,251136110,0.60569444444444442
2015-11-14 00:00:00 UTC,668,-192,251136110,1.6954166666666666
2015-11-14 00:00:00 UTC,668,-191,251136110,3.615
2015-11-14 00:00:00 UTC,668,-171,251145110,0.27722222222222226
2015-11-14 00:00:00 UTC,668,-208,251279000,11.885555555555555
2015-11-14 00:00:00 UTC,668,-209,251279000,9.8283333333333331
2015-11-14 00:00:00 UTC,668,-248,251151000,1.3016666666666665
2015-11-14 00:00:00 UTC,668,-247,251151000,0.76694444444444443
2015-11-14 00:00:00 UTC,668,136,257169820,1.41625
2015-11-14 00:00:00 UTC,668,135,257169820,3.6805555555555554
2015-11-14 00:00:00 UTC,668,-239,251203000,1.0540277777777778
2015-11-14 00:00:00 UTC,668,-238,251203000,2.3758333333333335
2015-11-14 00:00:00 UTC,668,-242,251036110,1.374583333333333
2015-11-14 00:00:00 UTC,668,-244,251036110,0.51083333333333325
2015-11-14 00:00:00 UTC,668,-241,251036110,0.96152777777777776
2015-11-14 00:00:00 UTC,668,-243,251036110,1.3063888888888888
2015-11-14 00:00:00 UTC,668,-234,251318000,0.76916666666666655
2015-11-14 00:00:00 UTC,668,-235,251318000,1.0365277777777777
2015-11-14 00:00:00 UTC,668,-245,251318000,1.0620833333333333
2015-11-14 00:00:00 UTC,668,-240,251318000,0.84194444444444461
2015-11-14 00:00:00 UTC,668,-232,251318000,1.0295833333333333
2015-11-14 00:00:00 UTC,668,-243,251318000,1.5127777777777776
2015-11-14 00:00:00 UTC,668,-241,251318000,2.0854166666666667
2015-11-14 00:00:00 UTC,668,-242,251318000,2.1433333333333331
2015-11-14 00:00:00 UTC,668,-244,251318000,1.128611111111111
2015-11-14 00:00:00 UTC,668,-239,251318000,0.76750000000000007
2015-11-14 00:00:00 UTC,668,-233,251318000,0.50777777777777777
2015-11-14 00:00:00 UTC,-356,222,601301000,1.2
2015-11-14 00:00:00 UTC,-356,190,601479000,1.715138888888889
2015-11-14 00:00:00 UTC,-356,189,601479000,1.6480555555555556
2015-11-14 00:00:00 UTC,-356,-569,770576114,1.8077777777777779
2015-11-14 00:00:00 UTC,-356,-569,770576116,1.8693055555555556
2015-11-14 00:00:00 UTC,-100,1365,503005450,4.5075
2015-11-14 00:00:00 UTC,-100,-1702,416101900,4.1616666666666671
2015-11-14 00:00:00 UTC,-100,-1704,416101900,2.0711111111111111
2015-11-14 00:00:00 UTC,-100,-1699,416101900,6.4774999999999991
2015-11-14 00:00:00 UTC,-100,-1222,431702550,2.2323611111111115
2015-11-14 00:00:00 UTC,-100,-1454,412331033,2.7005555555555554
2015-11-14 00:00:00 UTC,-100,-1451,412331033,2.6913888888888886
2015-11-14 00:00:00 UTC,-100,-1455,412331033,0.17916666666666667
2015-11-14 00:00:00 UTC,-100,-1450,412331033,1.6958333333333331
2015-11-14 00:00:00 UTC,-100,-1692,576660000,7.7286111111111122
2015-11-14 00:00:00 UTC,-100,-1694,576660000,2.1388888888888888
2015-11-14 00:00:00 UTC,-100,114,431753000,0.80138888888888893
2015-11-14 00:00:00 UTC,-100,-1215,432454000,2.3993055555555554
2015-11-14 00:00:00 UTC,-100,888,432955000,1.3166666666666667
2015-11-14 00:00:00 UTC,-100,871,432878000,3.8644444444444441
2015-11-14 00:00:00 UTC,-100,-1699,576664000,2.798888888888889
2015-11-14 00:00:00 UTC,-100,-1696,576664000,1.3420833333333333
2015-11-14 00:00:00 UTC,-100,-1695,576664000,1.050138888888889
2015-11-14 00:00:00 UTC,-100,754,416770000,6.2233333333333336
2015-11-14 00:00:00 UTC,-100,753,416770000,6.07125
2015-11-14 00:00:00 UTC,-100,603,645089000,4.2361111111111116
2015-11-14 00:00:00 UTC,-100,127,603100137,2.2806944444444444
2015-11-14 00:00:00 UTC,-100,1589,416004073,7.4944444444444445
2015-11-14 00:00:00 UTC,-100,848,431700970,2.1829166666666668
2015-11-14 00:00:00 UTC,157,-172,224086000,0.47125
2015-11-14 00:00:00 UTC,157,-171,224086000,2.4430555555555555
2015-11-14 00:00:00 UTC,413,364,271072279,15.614166666666666
2015-11-14 00:00:00 UTC,413,365,271072279,2.4275
2015-11-14 00:00:00 UTC,413,365,271072283,1.5881944444444445
2015-11-14 00:00:00 UTC,413,364,271072283,3.2377777777777781
2015-11-14 00:00:00 UTC,413,363,271072283,2.2558333333333334
2015-11-14 00:00:00 UTC,413,365,271072285,1.7262499999999998
2015-11-14 00:00:00 UTC,413,363,271072285,2.0058333333333334
2015-11-14 00:00:00 UTC,413,364,271072285,4.4184722222222215
2015-11-14 00:00:00 UTC,413,-241,224138280,2.9030555555555555
2015-11-14 00:00:00 UTC,413,-238,224138280,0.34722222222222221
2015-11-14 00:00:00 UTC,413,-239,224138280,0.34597222222222224
2015-11-14 00:00:00 UTC,413,294,271062063,1.398611111111111
2015-11-14 00:00:00 UTC,413,292,271062063,1.5231944444444445
2015-11-14 00:00:00 UTC,413,293,271062063,3.3851388888888887
2015-11-14 00:00:00 UTC,413,291,271062063,0.963611111111111
2015-11-14 00:00:00 UTC,413,368,271072047,0.13833333333333334
2015-11-14 00:00:00 UTC,413,171,247120180,10.46875
2015-11-14 00:00:00 UTC,413,294,271062098,11.34625
2015-11-14 00:00:00 UTC,413,293,271062098,0.29125
2015-11-14 00:00:00 UTC,413,294,271062099,2.5065277777777775
2015-11-14 00:00:00 UTC,413,293,271062099,11.355555555555556
2015-11-14 00:00:00 UTC,413,295,271062105,3.6861111111111109
2015-11-14 00:00:00 UTC,413,412,271069020,1.3444444444444446
2015-11-14 00:00:00 UTC,413,25,224093790,1.560972222222222
2015-11-14 00:00:00 UTC,413,363,271072352,1.2240277777777777
2015-11-14 00:00:00 UTC,413,193,201100155,8.3741666666666656
2015-11-14 00:00:00 UTC,413,-91,263279000,1.8927777777777781
2015-11-14 00:00:00 UTC,413,-90,263279000,1.9138888888888888
2015-11-14 00:00:00 UTC,413,-219,224687000,0.69805555555555565
2015-11-14 00:00:00 UTC,413,-220,224687000,0.34319444444444447
2015-11-14 00:00:00 UTC,413,-224,224687000,1.2152777777777777
2015-11-14 00:00:00 UTC,413,365,271072953,3.5202777777777774
2015-11-14 00:00:00 UTC,413,363,271072953,0.89069444444444446
2015-11-14 00:00:00 UTC,413,366,271072953,1.82875
2015-11-14 00:00:00 UTC,413,-556,225325000,8.6722222222222225
2015-11-14 00:00:00 UTC,413,-557,225325000,1.1419444444444444
2015-11-14 00:00:00 UTC,413,-558,225325000,0.31347222222222221
2015-11-14 00:00:00 UTC,413,291,271072203,0.56777777777777783
2015-11-14 00:00:00 UTC,413,-91,263415250,1.795
2015-11-14 00:00:00 UTC,413,365,271072216,0.63722222222222225
2015-11-14 00:00:00 UTC,413,364,271072216,7.7358333333333347
2015-11-14 00:00:00 UTC,413,363,271073006,1.3840277777777779
2015-11-14 00:00:00 UTC,413,364,271073006,4.3844444444444433
2015-11-14 00:00:00 UTC,413,365,271073006,0.74125
2015-11-14 00:00:00 UTC,669,-231,251040000,0.83458333333333334
2015-11-14 00:00:00 UTC,669,-232,251040000,0.52388888888888885
2015-11-14 00:00:00 UTC,669,-229,251040000,0.25291666666666668
2015-11-14 00:00:00 UTC,669,-230,251040000,0.51361111111111113
2015-11-14 00:00:00 UTC,669,-233,251040000,1.4486111111111113
2015-11-14 00:00:00 UTC,669,-235,251530000,0.26402777777777775
2015-11-14 00:00:00 UTC,669,-234,251530000,1.8836111111111109
2015-11-14 00:00:00 UTC,669,-236,251530000,1.0451388888888888
2015-11-14 00:00:00 UTC,669,-233,251530000,0.44875000000000004
2015-11-14 00:00:00 UTC,669,-242,251182110,0.25888888888888889
2015-11-14 00:00:00 UTC,669,-240,251182110,1.5454166666666667
2015-11-14 00:00:00 UTC,669,-238,251182110,0.59736111111111123
2015-11-14 00:00:00 UTC,669,-237,251182110,0.91527777777777786
2015-11-14 00:00:00 UTC,669,-234,251182110,0.21208333333333335
2015-11-14 00:00:00 UTC,669,-239,251182110,1.9136111111111112
2015-11-14 00:00:00 UTC,669,-241,251182110,1.52625
2015-11-14 00:00:00 UTC,669,-235,251182110,0.525
2015-11-14 00:00:00 UTC,669,-234,251529000,0.25597222222222227
2015-11-14 00:00:00 UTC,669,-233,251529000,3.3693055555555556
2015-11-14 00:00:00 UTC,669,-236,251529000,0.78972222222222221
2015-11-14 00:00:00 UTC,669,-235,251102000,3.9584722222222219
2015-11-14 00:00:00 UTC,669,-234,251102000,2.0012499999999998
2015-11-14 00:00:00 UTC,669,-236,251038000,0.75972222222222219
2015-11-14 00:00:00 UTC,669,-238,251038000,0.5125
2015-11-14 00:00:00 UTC,669,-239,251038000,0.25444444444444447
2015-11-14 00:00:00 UTC,669,-235,251038000,0.26111111111111107
2015-11-14 00:00:00 UTC,669,-233,251038000,1.5190277777777776
2015-11-14 00:00:00 UTC,669,-232,251038000,0.25416666666666665
2015-11-14 00:00:00 UTC,669,-234,251038000,5.7115277777777775
2015-11-14 00:00:00 UTC,669,-240,251155000,0.953888888888889
2015-11-14 00:00:00 UTC,669,-241,251155000,1.6504166666666669
2015-11-14 00:00:00 UTC,669,-234,251026000,1.3109722222222222
2015-11-14 00:00:00 UTC,669,-235,251026000,0.77944444444444438
2015-11-14 00:00:00 UTC,669,-241,251026000,2.4269444444444446
2015-11-14 00:00:00 UTC,669,-238,251026000,0.22652777777777777
2015-11-14 00:00:00 UTC,669,-240,251026000,2.6213888888888892
2015-11-14 00:00:00 UTC,669,-239,251026000,1.0304166666666665
2015-11-14 00:00:00 UTC,669,-234,251079000,2.2938888888888895
2015-11-14 00:00:00 UTC,669,-236,251079000,0.75013888888888869
2015-11-14 00:00:00 UTC,669,-233,251079000,2.1140277777777774
2015-11-14 00:00:00 UTC,669,-235,251079000,0.27013888888888887
2015-11-14 00:00:00 UTC,669,-233,251126110,1.5645833333333334
2015-11-14 00:00:00 UTC,669,-236,251126110,1.0373611111111112
2015-11-14 00:00:00 UTC,669,-234,251126110,1.7538888888888886
2015-11-14 00:00:00 UTC,669,-185,251164000,4.4355555555555544
2015-11-14 00:00:00 UTC,669,-186,251164000,1.0206944444444446
2015-11-14 00:00:00 UTC,669,-184,251164000,0.6315277777777778
2015-11-14 00:00:00 UTC,669,-187,251164000,3.1276388888888889
2015-11-14 00:00:00 UTC,669,-235,251452000,1.537361111111111
2015-11-14 00:00:00 UTC,669,-233,251452000,1.3484722222222223
2015-11-14 00:00:00 UTC,669,-234,251452000,3.8779166666666671
2015-11-14 00:00:00 UTC,669,-229,251211110,0.21583333333333332
2015-11-14 00:00:00 UTC,669,-228,251211110,4.2222222222222214
2015-11-14 00:00:00 UTC,669,-233,251174000,2.3211111111111111
2015-11-14 00:00:00 UTC,669,-232,251174000,0.2533333333333333
2015-11-14 00:00:00 UTC,669,-235,251174000,2.4499999999999997
2015-11-14 00:00:00 UTC,669,-236,251174000,0.36347222222222225
2015-11-14 00:00:00 UTC,669,-234,251174000,1.0231944444444443
2015-11-14 00:00:00 UTC,669,-233,251226000,1.0001388888888889
2015-11-14 00:00:00 UTC,669,-235,251226000,0.52694444444444444
2015-11-14 00:00:00 UTC,669,-234,251226000,2.0855555555555556
2015-11-14 00:00:00 UTC,669,-172,251145110,1.0015277777777778
2015-11-14 00:00:00 UTC,669,-171,251145110,0.50125
2015-11-14 00:00:00 UTC,669,-208,251279000,1.6008333333333331
2015-11-14 00:00:00 UTC,669,-209,251279000,0.45263888888888892
2015-11-14 00:00:00 UTC,669,-233,251151000,0.78138888888888891
2015-11-14 00:00:00 UTC,669,-247,251151000,0.26069444444444445
2015-11-14 00:00:00 UTC,669,-235,251151000,0.26319444444444445
2015-11-14 00:00:00 UTC,669,-245,251151000,0.51458333333333339
2015-11-14 00:00:00 UTC,669,-234,251151000,2.8493055555555555
2015-11-14 00:00:00 UTC,669,-246,251151000,0.51694444444444443
2015-11-14 00:00:00 UTC,669,-240,251036110,1.8159722222222221
2015-11-14 00:00:00 UTC,669,-238,251036110,0.67402777777777778
2015-11-14 00:00:00 UTC,669,-243,251036110,0.74708333333333332
2015-11-14 00:00:00 UTC,669,-245,251036110,0.25569444444444445
2015-11-14 00:00:00 UTC,669,-241,251036110,0.34111111111111114
2015-11-14 00:00:00 UTC,669,-235,251036110,1.403888888888889
2015-11-14 00:00:00 UTC,669,-244,251036110,1.7930555555555556
2015-11-14 00:00:00 UTC,669,-239,251036110,1.7931944444444445
2015-11-14 00:00:00 UTC,669,-237,251036110,0.9775
2015-11-14 00:00:00 UTC,669,-236,251036110,1.2768055555555553
2015-11-14 00:00:00 UTC,669,-234,251025110,1.1990277777777778
2015-11-14 00:00:00 UTC,669,-235,251025110,1.5815277777777774
2015-11-14 00:00:00 UTC,669,-233,251025110,0.77930555555555558
2015-11-14 00:00:00 UTC,669,-234,251318000,0.22680555555555557
2015-11-14 00:00:00 UTC,669,-241,251318000,1.2804166666666665
2015-11-14 00:00:00 UTC,669,-239,251318000,0.25847222222222221
2015-11-14 00:00:00 UTC,669,-240,251318000,0.80833333333333335
2015-11-14 00:00:00 UTC,669,-235,251318000,0.2583333333333333
2015-11-14 00:00:00 UTC,669,-232,251318000,0.25861111111111112
2015-11-14 00:00:00 UTC,-355,221,601301000,0.82597222222222211
2015-11-14 00:00:00 UTC,-355,188,601479000,2.7226388888888886
2015-11-14 00:00:00 UTC,-355,-570,770576114,0.18305555555555555
2015-11-14 00:00:00 UTC,-355,-569,770576114,1.5859722222222221
2015-11-14 00:00:00 UTC,-355,-569,770576116,1.5391666666666666
2015-11-14 00:00:00 UTC,-99,-1702,416101900,3.4162500000000002
2015-11-14 00:00:00 UTC,-99,-1703,416101900,2.1998611111111108
2015-11-14 00:00:00 UTC,-99,-1222,431702550,4.5211111111111109
2015-11-14 00:00:00 UTC,-99,-1692,576660000,2.0793055555555555
2015-11-14 00:00:00 UTC,-99,114,431753000,2.6225
2015-11-14 00:00:00 UTC,-99,115,431753000,2.0941666666666667
2015-11-14 00:00:00 UTC,-99,-1261,440574000,11.29875
2015-11-14 00:00:00 UTC,-99,-1216,432454000,1.8051388888888886
2015-11-14 00:00:00 UTC,-99,-1215,432454000,2.3762499999999998
2015-11-14 00:00:00 UTC,-99,888,432955000,5.7298611111111111
2015-11-14 00:00:00 UTC,-99,871,432878000,1.216388888888889
2015-11-14 00:00:00 UTC,-99,-1699,576664000,4.3456944444444439
2015-11-14 00:00:00 UTC,-99,-1694,576664000,2.0494444444444446
2015-11-14 00:00:00 UTC,-99,-1693,576664000,0.083333333333333329
2015-11-14 00:00:00 UTC,-99,-1207,431853000,0.95152777777777786
2015-11-14 00:00:00 UTC,-99,889,431702230,9.00236111111111
2015-11-14 00:00:00 UTC,-99,888,431702230,0.66111111111111109
2015-11-14 00:00:00 UTC,-99,1589,416004073,3.6781944444444443
2015-11-14 00:00:00 UTC,414,-237,224138280,0.35972222222222222
2015-11-14 00:00:00 UTC,414,-238,224138280,0.68472222222222223
2015-11-14 00:00:00 UTC,414,-446,224029760,2.8704166666666668
2015-11-14 00:00:00 UTC,414,27,224093790,2.5897222222222225
2015-11-14 00:00:00 UTC,414,25,224093790,0.51527777777777772
2015-11-14 00:00:00 UTC,414,26,224093790,1.3252777777777776
2015-11-14 00:00:00 UTC,414,414,271069041,0.27055555555555555
2015-11-14 00:00:00 UTC,414,193,201100155,7.7347222222222216
2015-11-14 00:00:00 UTC,414,-90,263279000,0.85583333333333333
2015-11-14 00:00:00 UTC,414,-91,263279000,4.4002777777777773
2015-11-14 00:00:00 UTC,414,-221,224687000,1.3704166666666666
2015-11-14 00:00:00 UTC,414,-220,224687000,0.34652777777777777
2015-11-14 00:00:00 UTC,414,-458,224020890,3.8595833333333331
2015-11-14 00:00:00 UTC,414,-91,263415250,1.4886111111111109
2015-11-14 00:00:00 UTC,670,-234,251040000,0.36208333333333331
2015-11-14 00:00:00 UTC,670,-233,251040000,1.2970833333333334
2015-11-14 00:00:00 UTC,670,-239,251221000,0.26569444444444446
2015-11-14 00:00:00 UTC,670,-235,251221000,1.5433333333333332
2015-11-14 00:00:00 UTC,670,-237,251221000,0.776111111111111
2015-11-14 00:00:00 UTC,670,-238,251221000,1.2888888888888888
2015-11-14 00:00:00 UTC,670,-236,251221000,2.3611111111111112
2015-11-14 00:00:00 UTC,670,-234,251221000,0.53291666666666671
2015-11-14 00:00:00 UTC,670,-241,251530000,0.80236111111111108
2015-11-14 00:00:00 UTC,670,-232,251530000,0.76666666666666672
2015-11-14 00:00:00 UTC,670,-240,251530000,1.5387499999999998
2015-11-14 00:00:00 UTC,670,-237,251530000,0.52791666666666659
2015-11-14 00:00:00 UTC,670,-235,251530000,2.0654166666666667
2015-11-14 00:00:00 UTC,670,-239,251530000,0.58
2015-11-14 00:00:00 UTC,670,-234,251530000,5.1636111111111109
2015-11-14 00:00:00 UTC,670,-233,251530000,1.317361111111111
2015-11-14 00:00:00 UTC,670,-236,251530000,0.51736111111111116
2015-11-14 00:00:00 UTC,670,-238,251530000,0.72416666666666663
2015-11-14 00:00:00 UTC,670,-238,251182110,0.78861111111111115
2015-11-14 00:00:00 UTC,670,-237,251182110,0.15
2015-11-14 00:00:00 UTC,670,-234,251529000,2.3434722222222222
2015-11-14 00:00:00 UTC,670,-235,251529000,3.9362500000000002
2015-11-14 00:00:00 UTC,670,-236,251529000,1.2812499999999998
2015-11-14 00:00:00 UTC,670,-233,251529000,4.191527777777778
2015-11-14 00:00:00 UTC,670,-238,251102000,0.49527777777777776
2015-11-14 00:00:00 UTC,670,-234,251102000,1.3602777777777777
2015-11-14 00:00:00 UTC,670,-237,251102000,0.7583333333333333
2015-11-14 00:00:00 UTC,670,-236,251102000,1.5393055555555555
2015-11-14 00:00:00 UTC,670,-233,251102000,0.67333333333333334
2015-11-14 00:00:00 UTC,670,-235,251102000,3.8838888888888885
2015-11-14 00:00:00 UTC,670,-232,251038000,0.76874999999999993
2015-11-14 00:00:00 UTC,670,-233,251038000,2.9111111111111105
2015-11-14 00:00:00 UTC,670,-235,251038000,2.8083333333333336
2015-11-14 00:00:00 UTC,670,-237,251038000,0.77930555555555547
2015-11-14 00:00:00 UTC,670,-238,251038000,1.0306944444444444
2015-11-14 00:00:00 UTC,670,-236,251038000,1.8372222222222223
2015-11-14 00:00:00 UTC,670,-234,251038000,3.8651388888888891
2015-11-14 00:00:00 UTC,670,-223,251330110,2.651388888888889
2015-11-14 00:00:00 UTC,670,-222,251330110,5.275
2015-11-14 00:00:00 UTC,670,-224,251447110,0.2623611111111111
2015-11-14 00:00:00 UTC,670,-225,251447110,0.923888888888889
2015-11-14 00:00:00 UTC,670,-238,251026000,0.28722222222222221
2015-11-14 00:00:00 UTC,670,-233,251079000,0.951111111111111
2015-11-14 00:00:00 UTC,670,-236,251079000,1.3180555555555555
2015-11-14 00:00:00 UTC,670,-235,251079000,0.52083333333333326
2015-11-14 00:00:00 UTC,670,-234,251079000,2.5630555555555556
2015-11-14 00:00:00 UTC,670,-232,251079000,0.69972222222222213
2015-11-14 00:00:00 UTC,670,-240,251079000,1.3055555555555556
2015-11-14 00:00:00 UTC,670,-236,251126110,3.06263888888889
2015-11-14 00:00:00 UTC,670,-234,251126110,1.3320833333333331
2015-11-14 00:00:00 UTC,670,-240,251126110,2.9124999999999996
2015-11-14 00:00:00 UTC,670,-235,251126110,1.8279166666666664
2015-11-14 00:00:00 UTC,670,-241,251126110,0.2583333333333333
2015-11-14 00:00:00 UTC,670,-233,251126110,1.8075
2015-11-14 00:00:00 UTC,670,-185,251164000,3.0081944444444444
2015-11-14 00:00:00 UTC,670,-186,251164000,2.2925000000000004
2015-11-14 00:00:00 UTC,670,-184,251164000,3.4420833333333332
2015-11-14 00:00:00 UTC,670,-233,251452000,1.0372222222222223
2015-11-14 00:00:00 UTC,670,-232,251452000,0.51583333333333337
2015-11-14 00:00:00 UTC,670,-234,251452000,6.3041666666666654
2015-11-14 00:00:00 UTC,670,-235,251452000,1.9562499999999998
2015-11-14 00:00:00 UTC,670,-237,251452000,0.25847222222222221
2015-11-14 00:00:00 UTC,670,-236,251452000,1.1247222222222222
2015-11-14 00:00:00 UTC,670,-227,251211110,1.3572222222222223
2015-11-14 00:00:00 UTC,670,-230,251211110,3.6004166666666668
2015-11-14 00:00:00 UTC,670,-229,251211110,5.9120833333333325
2015-11-14 00:00:00 UTC,670,-228,251211110,7.1459722222222233
2015-11-14 00:00:00 UTC,670,-237,251174000,0.96277777777777784
2015-11-14 00:00:00 UTC,670,-233,251174000,2.8154166666666671
2015-11-14 00:00:00 UTC,670,-238,251174000,1.6722222222222221
2015-11-14 00:00:00 UTC,670,-236,251174000,3.1095833333333331
2015-11-14 00:00:00 UTC,670,-235,251174000,2.3881944444444443
2015-11-14 00:00:00 UTC,670,-234,251174000,1.0115277777777778
2015-11-14 00:00:00 UTC,670,-239,251174000,0.3913888888888889
2015-11-14 00:00:00 UTC,670,-198,251039110,9.1241666666666674
2015-11-14 00:00:00 UTC,670,-235,251226000,1.8105555555555557
2015-11-14 00:00:00 UTC,670,-240,251226000,0.5181944444444444
2015-11-14 00:00:00 UTC,670,-237,251226000,0.77319444444444441
2015-11-14 00:00:00 UTC,670,-238,251226000,1.8090277777777779
2015-11-14 00:00:00 UTC,670,-234,251226000,0.74888888888888883
2015-11-14 00:00:00 UTC,670,-236,251226000,0.50847222222222221
2015-11-14 00:00:00 UTC,670,-239,251226000,1.8745833333333333
2015-11-14 00:00:00 UTC,670,-239,251151000,1.5404166666666668
2015-11-14 00:00:00 UTC,670,-240,251151000,0.51944444444444438
2015-11-14 00:00:00 UTC,670,-234,251151000,0.85333333333333328
2015-11-14 00:00:00 UTC,670,-238,251151000,0.76194444444444454
2015-11-14 00:00:00 UTC,670,-233,251151000,0.77652777777777771
2015-11-14 00:00:00 UTC,670,-235,251151000,0.72458333333333325
2015-11-14 00:00:00 UTC,670,-243,251036110,1.2880555555555555
2015-11-14 00:00:00 UTC,670,-239,251036110,0.25847222222222221
2015-11-14 00:00:00 UTC,670,-238,251036110,0.74111111111111116
2015-11-14 00:00:00 UTC,670,-242,251036110,1.5494444444444442
2015-11-14 00:00:00 UTC,670,-241,251036110,0.7830555555555555
2015-11-14 00:00:00 UTC,670,-237,251036110,1.5536111111111113
2015-11-14 00:00:00 UTC,670,-239,251025110,0.52069444444444457
2015-11-14 00:00:00 UTC,670,-235,251025110,4.04
2015-11-14 00:00:00 UTC,670,-237,251025110,0.17875
2015-11-14 00:00:00 UTC,670,-238,251025110,0.87430555555555556
2015-11-14 00:00:00 UTC,670,-234,251025110,4.04
2015-11-14 00:00:00 UTC,670,-236,251803110,1.0538888888888889
2015-11-14 00:00:00 UTC,670,-235,251803110,0.47930555555555554
2015-11-14 00:00:00 UTC,-354,221,601301000,0.41638888888888892
2015-11-14 00:00:00 UTC,-354,-547,701006640,1.7880555555555557
2015-11-14 00:00:00 UTC,-354,-546,701006640,0.81722222222222218
2015-11-14 00:00:00 UTC,-354,1743,512002865,4.50888888888889
2015-11-14 00:00:00 UTC,-354,-560,770576253,1.2673611111111112
2015-11-14 00:00:00 UTC,-354,-559,1957,0.26208333333333333
2015-11-14 00:00:00 UTC,-354,-570,770576114,0.29888888888888887
2015-11-14 00:00:00 UTC,-354,-571,770576116,0.47861111111111115
2015-11-14 00:00:00 UTC,-98,-1699,416101900,4.9369444444444444
2015-11-14 00:00:00 UTC,-98,-1222,431702550,0.95027777777777778
2015-11-14 00:00:00 UTC,-98,-1693,576660000,2.5476388888888883
2015-11-14 00:00:00 UTC,-98,-1138,432468000,2.1501388888888888
2015-11-14 00:00:00 UTC,-98,-1214,432454000,1.3879166666666667
2015-11-14 00:00:00 UTC,-98,-1216,432454000,0.845
2015-11-14 00:00:00 UTC,-98,888,432955000,3.7577777777777777
2015-11-14 00:00:00 UTC,-98,1721,416233600,10.092083333333333
2015-11-14 00:00:00 UTC,-98,1722,416233600,0.35555555555555551
2015-11-14 00:00:00 UTC,-98,1741,412326798,4.8113888888888887
2015-11-14 00:00:00 UTC,-98,1743,412326798,6.0886111111111108
2015-11-14 00:00:00 UTC,-98,871,432878000,2.8663888888888889
2015-11-14 00:00:00 UTC,-98,872,432878000,2.2269444444444444
2015-11-14 00:00:00 UTC,-98,580,416239800,6.1547222222222224
2015-11-14 00:00:00 UTC,-98,579,416239800,4.18375
2015-11-14 00:00:00 UTC,-98,-1694,576664000,2.4290277777777778
2015-11-14 00:00:00 UTC,-98,-1693,576664000,0.6843055555555555
2015-11-14 00:00:00 UTC,-98,-1206,431853000,0.68319444444444444
2015-11-14 00:00:00 UTC,-98,-1207,431853000,0.22944444444444445
2015-11-14 00:00:00 UTC,-98,755,416770000,6.4648611111111114
2015-11-14 00:00:00 UTC,-98,-1792,367084000,14.597222222222227
2015-11-14 00:00:00 UTC,-98,846,431700970,6.7855555555555558
2015-11-14 00:00:00 UTC,159,-311,432319000,3.6483333333333334
2015-11-14 00:00:00 UTC,159,-310,432319000,1.0404166666666668
2015-11-14 00:00:00 UTC,159,-170,224086000,1.4004166666666666
2015-11-14 00:00:00 UTC,415,-92,263401760,1.3387499999999999
2015-11-14 00:00:00 UTC,415,-93,224091680,4.7752777777777782
2015-11-14 00:00:00 UTC,415,-243,224138280,5.6581944444444447
2015-11-14 00:00:00 UTC,415,-237,224138280,0.67333333333333334
2015-11-14 00:00:00 UTC,415,-448,224029760,0.93638888888888894
2015-11-14 00:00:00 UTC,415,-447,224029760,0.6595833333333333
2015-11-14 00:00:00 UTC,415,-446,224029760,0.34166666666666667
2015-11-14 00:00:00 UTC,415,290,271072077,1.5156944444444447
2015-11-14 00:00:00 UTC,415,289,271072077,5.7116666666666669
2015-11-14 00:00:00 UTC,415,-477,224052370,1.9669444444444446
2015-11-14 00:00:00 UTC,415,-91,263279000,2.4248611111111109
2015-11-14 00:00:00 UTC,415,-458,224020890,4.2858333333333327
2015-11-14 00:00:00 UTC,671,-235,251221000,0.25569444444444445
2015-11-14 00:00:00 UTC,671,-237,251221000,0.77930555555555558
2015-11-14 00:00:00 UTC,671,-236,251221000,2.8861111111111115
2015-11-14 00:00:00 UTC,671,-233,251530000,0.78736111111111107
2015-11-14 00:00:00 UTC,671,-239,251530000,0.14347222222222222
2015-11-14 00:00:00 UTC,671,-240,251530000,0.385
2015-11-14 00:00:00 UTC,671,-212,251423000,1.615
2015-11-14 00:00:00 UTC,671,-213,251423000,2.3523611111111111
2015-11-14 00:00:00 UTC,671,-236,251529000,0.53277777777777779
2015-11-14 00:00:00 UTC,671,-234,251529000,4.5812499999999989
2015-11-14 00:00:00 UTC,671,-235,251529000,2.4370833333333328
2015-11-14 00:00:00 UTC,671,-236,251102000,1.7927777777777778
2015-11-14 00:00:00 UTC,671,-235,251102000,0.51583333333333337
2015-11-14 00:00:00 UTC,671,-237,251102000,0.78527777777777785
2015-11-14 00:00:00 UTC,671,-238,251102000,0.51402777777777775
2015-11-14 00:00:00 UTC,671,-234,251038000,0.52083333333333326
2015-11-14 00:00:00 UTC,671,-223,251330110,8.1283333333333339
2015-11-14 00:00:00 UTC,671,-224,251330110,1.0884722222222223
2015-11-14 00:00:00 UTC,671,-222,251330110,5.5754166666666674
2015-11-14 00:00:00 UTC,671,-221,251330110,0.43055555555555558
2015-11-14 00:00:00 UTC,671,-239,251079000,2.04625
2015-11-14 00:00:00 UTC,671,-235,251079000,1.025
2015-11-14 00:00:00 UTC,671,-236,251079000,1.2302777777777778
2015-11-14 00:00:00 UTC,671,-237,251079000,2.0847222222222221
2015-11-14 00:00:00 UTC,671,-238,251079000,0.56458333333333344
2015-11-14 00:00:00 UTC,671,-234,251079000,0.77680555555555553
2015-11-14 00:00:00 UTC,671,-263,331143000,0.32444444444444448
2015-11-14 00:00:00 UTC,671,-270,331143000,1.6193055555555556
2015-11-14 00:00:00 UTC,671,-262,331143000,0.50625
2015-11-14 00:00:00 UTC,671,-264,331143000,0.75958333333333339
2015-11-14 00:00:00 UTC,671,-266,331143000,2.0134722222222221
2015-11-14 00:00:00 UTC,671,-268,331143000,1.6269444444444443
2015-11-14 00:00:00 UTC,671,-239,251126110,5.7806944444444435
2015-11-14 00:00:00 UTC,671,-238,251126110,0.93291666666666673
2015-11-14 00:00:00 UTC,671,-185,251164000,3.1068055555555554
2015-11-14 00:00:00 UTC,671,-234,251452000,0.86291666666666678
2015-11-14 00:00:00 UTC,671,-236,251452000,2.3011111111111111
2015-11-14 00:00:00 UTC,671,-235,251452000,2.3024999999999993
2015-11-14 00:00:00 UTC,671,-233,251452000,0.19375
2015-11-14 00:00:00 UTC,671,-230,251211110,0.86152777777777767
2015-11-14 00:00:00 UTC,671,-236,251174000,2.2965277777777775
2015-11-14 00:00:00 UTC,671,-237,251174000,0.8340277777777777
2015-11-14 00:00:00 UTC,671,-235,251174000,2.1265277777777771
2015-11-14 00:00:00 UTC,671,-198,251039110,3.2023611111111108
2015-11-14 00:00:00 UTC,671,-199,251039110,2.3925
2015-11-14 00:00:00 UTC,671,-235,251226000,2.120138888888889
2015-11-14 00:00:00 UTC,671,-234,251226000,2.8452777777777771
2015-11-14 00:00:00 UTC,671,-236,251226000,0.98555555555555563
2015-11-14 00:00:00 UTC,671,-237,251226000,2.9305555555555549
2015-11-14 00:00:00 UTC,671,-238,251226000,2.357361111111111
2015-11-14 00:00:00 UTC,671,-235,251151000,1.3055555555555554
2015-11-14 00:00:00 UTC,671,-237,251151000,1.1954166666666668
2015-11-14 00:00:00 UTC,671,-238,251151000,1.1319444444444444
2015-11-14 00:00:00 UTC,671,-236,251151000,1.0381944444444444
2015-11-14 00:00:00 UTC,671,-241,251036110,0.52499999999999991
2015-11-14 00:00:00 UTC,671,-236,251025110,2.2076388888888889
2015-11-14 00:00:00 UTC,671,-237,251025110,2.5193055555555559
2015-11-14 00:00:00 UTC,671,-234,251025110,0.86625
2015-11-14 00:00:00 UTC,671,-235,251025110,1.75
2015-11-14 00:00:00 UTC,671,-238,251025110,1.4634722222222223
2015-11-14 00:00:00 UTC,671,140,257271520,0.66041666666666665
2015-11-14 00:00:00 UTC,671,-234,251803110,1.3037499999999997
2015-11-14 00:00:00 UTC,671,-236,251803110,1.7059722222222222
2015-11-14 00:00:00 UTC,671,-235,251803110,2.1155555555555554
2015-11-14 00:00:00 UTC,671,-237,251803110,1.16375
2015-11-14 00:00:00 UTC,-353,-564,770576153,0.25736111111111115
2015-11-14 00:00:00 UTC,-353,-545,701006640,1.5854166666666665
2015-11-14 00:00:00 UTC,-353,-546,701006640,1.5504166666666666
2015-11-14 00:00:00 UTC,-353,1743,512002865,4.337361111111111
2015-11-14 00:00:00 UTC,-353,188,601093500,1.025
2015-11-14 00:00:00 UTC,-353,190,601093500,0.35416666666666663
2015-11-14 00:00:00 UTC,-353,189,601093500,2.1094444444444442
2015-11-14 00:00:00 UTC,-353,-560,770576253,1.2491666666666665
2015-11-14 00:00:00 UTC,-353,-559,1957,5.0572222222222205
2015-11-14 00:00:00 UTC,-353,-558,1957,2.3334722222222219
2015-11-14 00:00:00 UTC,-353,-559,770576047,5.1851388888888881
2015-11-14 00:00:00 UTC,-353,-558,770576047,2.3327777777777778
2015-11-14 00:00:00 UTC,-353,-564,770576102,0.12597222222222224
2015-11-14 00:00:00 UTC,-353,-571,770576114,1.0252777777777777
2015-11-14 00:00:00 UTC,-353,-572,770576114,6.5177777777777779
2015-11-14 00:00:00 UTC,-353,-571,770576116,8.9256944444444439
2015-11-14 00:00:00 UTC,-97,-1451,416306451,9.5312500000000018
2015-11-14 00:00:00 UTC,-97,-1452,416306451,0.86277777777777787
2015-11-14 00:00:00 UTC,-97,-1222,431702550,0.65472222222222209
2015-11-14 00:00:00 UTC,-97,-1693,576660000,3.9395833333333332
2015-11-14 00:00:00 UTC,-97,-1694,576660000,6.410277777777778
2015-11-14 00:00:00 UTC,-97,114,431753000,1.1319444444444444
2015-11-14 00:00:00 UTC,-97,-1261,440574000,0.7927777777777778
2015-11-14 00:00:00 UTC,-97,874,431701560,1.6044444444444443
2015-11-14 00:00:00 UTC,-97,882,431047000,0.8208333333333333
2015-11-14 00:00:00 UTC,-97,883,431047000,8.8505555555555553
2015-11-14 00:00:00 UTC,-97,-1231,431703660,3.3762499999999993
2015-11-14 00:00:00 UTC,-97,-1214,432454000,1.6740277777777777
2015-11-14 00:00:00 UTC,-97,1736,412201849,3.3918055555555555
2015-11-14 00:00:00 UTC,-97,1735,412201849,0.69569444444444439
2015-11-14 00:00:00 UTC,-97,1734,412201849,0.72680555555555548
2015-11-14 00:00:00 UTC,-97,1732,412201849,1.8090277777777775
2015-11-14 00:00:00 UTC,-97,1739,412326798,1.8063888888888888
2015-11-14 00:00:00 UTC,-97,1743,412326798,2.0637499999999998
2015-11-14 00:00:00 UTC,-97,1745,412326798,5.3170833333333327
2015-11-14 00:00:00 UTC,-97,1742,412326798,4.473749999999999
2015-11-14 00:00:00 UTC,-97,-1244,441018000,0.9504166666666668
2015-11-14 00:00:00 UTC,-97,-1247,441018000,2.9765277777777777
2015-11-14 00:00:00 UTC,-97,-1241,441018000,0.012361111111111111
2015-11-14 00:00:00 UTC,-97,-1242,441018000,0.9030555555555555
2015-11-14 00:00:00 UTC,-97,-1246,441018000,0.32666666666666666
2015-11-14 00:00:00 UTC,-97,-1245,441018000,0.86375
2015-11-14 00:00:00 UTC,-97,579,416239800,3.183472222222222
2015-11-14 00:00:00 UTC,-97,-1206,431853000,0.6694444444444444
2015-11-14 00:00:00 UTC,-97,-1792,367084000,2.8418055555555553
2015-11-14 00:00:00 UTC,-97,881,431105000,9.98166666666667
2015-11-14 00:00:00 UTC,-97,1575,416000235,6.1913888888888895
2015-11-14 00:00:00 UTC,-97,1367,503001080,22.19083333333333
2015-11-14 00:00:00 UTC,160,-325,432319000,4.8061111111111119
2015-11-14 00:00:00 UTC,160,-308,432319000,3.2829166666666669
2015-11-14 00:00:00 UTC,160,-324,432319000,1.1056944444444443
2015-11-14 00:00:00 UTC,160,-323,432319000,3.1793055555555556
2015-11-14 00:00:00 UTC,160,-322,432319000,3.6550000000000002
2015-11-14 00:00:00 UTC,160,-326,432319000,0.80444444444444441
2015-11-14 00:00:00 UTC,160,-310,432319000,0.9426388888888888
2015-11-14 00:00:00 UTC,160,-309,432319000,1.3943055555555555
2015-11-14 00:00:00 UTC,416,-92,263401760,1.5966666666666667
2015-11-14 00:00:00 UTC,416,-94,224091680,3.1263888888888887
2015-11-14 00:00:00 UTC,416,-93,224091680,3.7826388888888896
2015-11-14 00:00:00 UTC,416,-235,224138280,1.0416666666666667
2015-11-14 00:00:00 UTC,416,-236,224138280,0.70027777777777778
2015-11-14 00:00:00 UTC,416,-448,224029760,1.7573611111111112
2015-11-14 00:00:00 UTC,416,-449,224029760,0.48458333333333337
2015-11-14 00:00:00 UTC,416,-450,224029760,0.34861111111111109
2015-11-14 00:00:00 UTC,416,321,271072379,3.1958333333333329
2015-11-14 00:00:00 UTC,416,321,271072382,0.25888888888888889
2015-11-14 00:00:00 UTC,416,-477,224052370,0.55
2015-11-14 00:00:00 UTC,416,-476,224052370,1.2384722222222222
2015-11-14 00:00:00 UTC,416,321,271072954,0.70680555555555558
2015-11-14 00:00:00 UTC,672,-213,251423000,4.8580555555555556
2015-11-14 00:00:00 UTC,672,-212,251423000,3.2127777777777777
2015-11-14 00:00:00 UTC,672,-235,251102000,0.46833333333333338
2015-11-14 00:00:00 UTC,672,-235,251079000,0.53499999999999992
2015-11-14 00:00:00 UTC,672,-264,331143000,0.74180555555555561
2015-11-14 00:00:00 UTC,672,-265,331143000,0.59138888888888885
2015-11-14 00:00:00 UTC,672,-263,331143000,0.78055555555555556
2015-11-14 00:00:00 UTC,672,-199,251039110,3.3719444444444449
2015-11-14 00:00:00 UTC,672,-198,251039110,2.6990277777777778
2015-11-14 00:00:00 UTC,672,-200,251039110,2.3895833333333334
2015-11-14 00:00:00 UTC,-352,-563,770576153,0.28402777777777777
2015-11-14 00:00:00 UTC,-352,-564,770576153,0.14902777777777779
2015-11-14 00:00:00 UTC,-352,-566,770576153,0.40736111111111112
2015-11-14 00:00:00 UTC,-352,-542,701006640,2.1887499999999998
2015-11-14 00:00:00 UTC,-352,-543,701006640,1.7568055555555555
2015-11-14 00:00:00 UTC,-352,-544,701006640,1.1473611111111111
2015-11-14 00:00:00 UTC,-352,187,601093500,1.5526388888888889
2015-11-14 00:00:00 UTC,-352,188,601093500,1.1752777777777776
2015-11-14 00:00:00 UTC,-352,-561,1957,2.9619444444444447
2015-11-14 00:00:00 UTC,-352,-560,1957,1.7791666666666666
2015-11-14 00:00:00 UTC,-352,-558,1957,1.7856944444444443
2015-11-14 00:00:00 UTC,-352,-559,1957,7.234166666666666
2015-11-14 00:00:00 UTC,-352,-562,1957,1.5330555555555556
2015-11-14 00:00:00 UTC,-352,-560,770576047,1.7987499999999998
2015-11-14 00:00:00 UTC,-352,-562,770576047,1.4570833333333333
2015-11-14 00:00:00 UTC,-352,-561,770576047,3.1022222222222222
2015-11-14 00:00:00 UTC,-352,-558,770576047,1.6488888888888891
2015-11-14 00:00:00 UTC,-352,-559,770576047,6.7500000000000009
2015-11-14 00:00:00 UTC,-352,-566,770576102,0.44597222222222227
2015-11-14 00:00:00 UTC,-352,-563,770576102,0.25694444444444442
2015-11-14 00:00:00 UTC,-96,-1447,416306451,1.3081944444444447
2015-11-14 00:00:00 UTC,-96,-1445,416306451,4.6602777777777771
2015-11-14 00:00:00 UTC,-96,-1446,416306451,1.3622222222222222
2015-11-14 00:00:00 UTC,-96,-1449,416306451,4.3154166666666667
2015-11-14 00:00:00 UTC,-96,-1448,416306451,1.7041666666666666
2015-11-14 00:00:00 UTC,-96,-1222,431702550,0.65833333333333333
2015-11-14 00:00:00 UTC,-96,-1455,412331032,2.049722222222222
2015-11-14 00:00:00 UTC,-96,-1454,412331032,0.52916666666666667
2015-11-14 00:00:00 UTC,-96,-1453,412331032,0.98333333333333328
2015-11-14 00:00:00 UTC,-96,-1137,432468000,2.8034722222222226
2015-11-14 00:00:00 UTC,-96,114,431753000,0.82944444444444454
2015-11-14 00:00:00 UTC,-96,115,431753000,1.4823611111111112
2015-11-14 00:00:00 UTC,-96,-1261,440574000,1.374722222222222
2015-11-14 00:00:00 UTC,-96,-1260,440574000,5.0220833333333337
2015-11-14 00:00:00 UTC,-96,871,431701560,7.2488888888888887
2015-11-14 00:00:00 UTC,-96,-1231,431703660,2.1669444444444448
2015-11-14 00:00:00 UTC,-96,-1247,440966000,4.8243055555555561
2015-11-14 00:00:00 UTC,-96,-1217,432454000,0.90319444444444441
2015-11-14 00:00:00 UTC,-96,-1214,432454000,2.4045833333333335
2015-11-14 00:00:00 UTC,-96,1733,412201849,2.1276388888888889
2015-11-14 00:00:00 UTC,-96,1734,412201849,0.34416666666666662
2015-11-14 00:00:00 UTC,-96,1730,412201849,2.8106944444444446
2015-11-14 00:00:00 UTC,-96,-1206,431853000,0.47097222222222224
2015-11-14 00:00:00 UTC,417,-697,367135520,0.533611111111111
2015-11-14 00:00:00 UTC,417,-92,263401760,0.28458333333333335
2015-11-14 00:00:00 UTC,417,-93,263401760,0.27583333333333332
2015-11-14 00:00:00 UTC,417,-93,224091680,0.59027777777777779
2015-11-14 00:00:00 UTC,417,-94,224091680,7.149166666666666
2015-11-14 00:00:00 UTC,417,-450,224029760,0.8833333333333333
2015-11-14 00:00:00 UTC,417,-448,224029760,1.0409722222222222
2015-11-14 00:00:00 UTC,417,-477,224052370,1.5054166666666668
2015-11-14 00:00:00 UTC,673,-213,251423000,3.8977777777777778
2015-11-14 00:00:00 UTC,673,-212,251423000,7.05736111111111
2015-11-14 00:00:00 UTC,673,141,257953500,0.6645833333333333
2015-11-14 00:00:00 UTC,673,140,257953500,1.9856944444444444
2015-11-14 00:00:00 UTC,-351,-566,770576142,2.2319444444444447
2015-11-14 00:00:00 UTC,-351,-565,770576142,19.139722222222215
2015-11-14 00:00:00 UTC,-351,-555,770576151,0.28083333333333332
2015-11-14 00:00:00 UTC,-351,-557,770576151,1.53125
2015-11-14 00:00:00 UTC,-351,-556,770576151,1.5244444444444445
2015-11-14 00:00:00 UTC,-351,-564,770576153,12.439583333333339
2015-11-14 00:00:00 UTC,-351,-563,770576153,1.300138888888889
2015-11-14 00:00:00 UTC,-351,-566,770576153,2.1727777777777777
2015-11-14 00:00:00 UTC,-351,-565,770576153,2.6291666666666664
2015-11-14 00:00:00 UTC,-351,-542,701006640,6.7686111111111114
2015-11-14 00:00:00 UTC,-351,-541,701006640,6.7545833333333327
2015-11-14 00:00:00 UTC,-351,187,601093500,0.3511111111111111
2015-11-14 00:00:00 UTC,-351,-561,1957,0.25930555555555557
2015-11-14 00:00:00 UTC,-351,-560,1957,0.81680555555555556
2015-11-14 00:00:00 UTC,-351,-560,770576047,0.76277777777777778
2015-11-14 00:00:00 UTC,-351,-561,770576047,0.12958333333333333
2015-11-14 00:00:00 UTC,-351,-564,770005708,8.59125
2015-11-14 00:00:00 UTC,-351,-565,770005708,10.787499999999996
2015-11-14 00:00:00 UTC,-351,-566,770005708,2.3212499999999996
2015-11-14 00:00:00 UTC,-351,-566,770576102,1.9206944444444445
2015-11-14 00:00:00 UTC,-351,-563,770576102,1.4368055555555557
2015-11-14 00:00:00 UTC,-351,-564,770576102,12.204166666666667
2015-11-14 00:00:00 UTC,-351,-565,770576102,2.5911111111111111
2015-11-14 00:00:00 UTC,-351,-555,770576115,0.16333333333333333
2015-11-14 00:00:00 UTC,-351,-557,770576115,1.3119444444444444
2015-11-14 00:00:00 UTC,-351,-556,770576115,1.8029166666666667
2015-11-14 00:00:00 UTC,-95,509,338138372,35.066111111111113
2015-11-14 00:00:00 UTC,-95,-1222,431702550,0.57527777777777789
2015-11-14 00:00:00 UTC,-95,-1455,412331032,2.5379166666666668
2015-11-14 00:00:00 UTC,-95,-1457,412331032,3.1858333333333331
2015-11-14 00:00:00 UTC,-95,-1454,412331032,1.6838888888888885
2015-11-14 00:00:00 UTC,-95,-1461,412331032,3.3763888888888891
2015-11-14 00:00:00 UTC,-95,-1460,412331032,2.9655555555555555
2015-11-14 00:00:00 UTC,-95,-1453,412331032,2.7959722222222223
2015-11-14 00:00:00 UTC,-95,-1452,412331032,2.8638888888888889
2015-11-14 00:00:00 UTC,-95,-1136,432468000,2.2490277777777776
2015-11-14 00:00:00 UTC,-95,115,431753000,3.3944444444444448
2015-11-14 00:00:00 UTC,-95,-1460,577308000,5.0781944444444447
2015-11-14 00:00:00 UTC,-95,-1461,577308000,5.3561111111111108
2015-11-14 00:00:00 UTC,-95,-1231,431703660,2.2388888888888885
2015-11-14 00:00:00 UTC,-95,-1217,432454000,0.445
2015-11-14 00:00:00 UTC,-95,1735,412201849,2.1005555555555553
2015-11-14 00:00:00 UTC,-95,1734,412201849,0.82347222222222216
2015-11-14 00:00:00 UTC,-95,1730,201851,7.08125
2015-11-14 00:00:00 UTC,-95,1733,201851,9.919722222222223
2015-11-14 00:00:00 UTC,-95,578,416239800,4.7215277777777773
2015-11-14 00:00:00 UTC,-95,-1698,576664000,4.2048611111111116
2015-11-14 00:00:00 UTC,-95,-1206,431853000,0.57208333333333328
2015-11-14 00:00:00 UTC,-95,-1350,416353000,1.4773611111111109
2015-11-14 00:00:00 UTC,-95,-1348,416353000,4.6759722222222218
2015-11-14 00:00:00 UTC,-95,-1349,416353000,1.3325
2015-11-14 00:00:00 UTC,-95,1567,416000235,0.28722222222222221
2015-11-14 00:00:00 UTC,-95,1568,416000235,1.0711111111111111
2015-11-14 00:00:00 UTC,-95,1569,416000235,0.21277777777777776
2015-11-14 00:00:00 UTC,418,-697,367135520,1.0720833333333333
2015-11-14 00:00:00 UTC,418,-94,224091680,2.4405555555555556
2015-11-14 00:00:00 UTC,418,-95,224091680,0.87611111111111117
2015-11-14 00:00:00 UTC,418,-234,224138280,1.2165277777777779
2015-11-14 00:00:00 UTC,418,-452,224029760,0.69722222222222219
2015-11-14 00:00:00 UTC,418,-451,224029760,0.50138888888888888
2015-11-14 00:00:00 UTC,418,-448,224029760,4.1026388888888885
2015-11-14 00:00:00 UTC,418,352,271072165,0.69916666666666671
2015-11-14 00:00:00 UTC,674,117,257336000,4.6140277777777783
2015-11-14 00:00:00 UTC,674,116,257336000,4.7365277777777779
2015-11-14 00:00:00 UTC,674,142,257953500,0.98222222222222222
2015-11-14 00:00:00 UTC,674,144,257953500,1.1509722222222223
2015-11-14 00:00:00 UTC,-350,-564,770576142,0.13013888888888889
2015-11-14 00:00:00 UTC,-350,-565,770576142,2.596805555555556
2015-11-14 00:00:00 UTC,-350,-565,770576153,1.538888888888889
2015-11-14 00:00:00 UTC,-350,-559,770576159,0.83833333333333337
2015-11-14 00:00:00 UTC,-350,-560,770576159,0.12666666666666668
2015-11-14 00:00:00 UTC,-350,-559,770576160,0.983888888888889
2015-11-14 00:00:00 UTC,-350,-560,770576160,0.13222222222222221
2015-11-14 00:00:00 UTC,-350,182,601137200,7.7295833333333324
2015-11-14 00:00:00 UTC,-350,-559,770576182,1.6583333333333332
2015-11-14 00:00:00 UTC,-350,-560,770576182,0.53041666666666665
2015-11-14 00:00:00 UTC,-350,-555,770576184,1.3727777777777779
2015-11-14 00:00:00 UTC,-350,-556,770576184,0.99680555555555561
2015-11-14 00:00:00 UTC,-350,-559,770576184,3.6648611111111116
2015-11-14 00:00:00 UTC,-350,187,601093500,0.29375000000000007
2015-11-14 00:00:00 UTC,-350,181,601411000,7.5795833333333338
2015-11-14 00:00:00 UTC,-350,-565,770005708,2.0644444444444443
2015-11-14 00:00:00 UTC,-350,-564,770005708,0.25694444444444442
2015-11-14 00:00:00 UTC,-350,-565,770576102,1.778472222222222
2015-11-14 00:00:00 UTC,-350,-559,770576111,1.4226388888888888
2015-11-14 00:00:00 UTC,-350,-560,770576111,0.74833333333333329
2015-11-14 00:00:00 UTC,-350,-558,770576120,2.0836111111111109
2015-11-14 00:00:00 UTC,-350,-559,770576120,1.2873611111111112
2015-11-14 00:00:00 UTC,-350,-560,770576120,0.27236111111111111
2015-11-14 00:00:00 UTC,-350,-560,770576123,0.13041666666666665
2015-11-14 00:00:00 UTC,-350,-558,770576123,1.941111111111111
2015-11-14 00:00:00 UTC,-350,-559,770576123,1.4597222222222221
2015-11-14 00:00:00 UTC,-94,-1222,431702550,0.51194444444444442
2015-11-14 00:00:00 UTC,-94,115,431753000,1.0069444444444444
2015-11-14 00:00:00 UTC,-94,-1454,577308000,5.2430555555555554
2015-11-14 00:00:00 UTC,-94,-1453,577308000,2.6776388888888891
2015-11-14 00:00:00 UTC,-94,-1231,431703660,1.4045833333333333
2015-11-14 00:00:00 UTC,-94,-1248,440966000,5.2611111111111111
2015-11-14 00:00:00 UTC,-94,-1247,440966000,1.1290277777777777
2015-11-14 00:00:00 UTC,-94,-1214,432454000,2.4904166666666665
2015-11-14 00:00:00 UTC,-94,-1217,432454000,1.9319444444444445
2015-11-14 00:00:00 UTC,-94,1734,412201849,2.2940277777777776
2015-11-14 00:00:00 UTC,-94,1729,201851,7.5659722222222214
2015-11-14 00:00:00 UTC,-94,557,416793000,0.66916666666666669
2015-11-14 00:00:00 UTC,-94,558,416793000,0.65
2015-11-14 00:00:00 UTC,-94,-1206,431853000,3.8365277777777775
2015-11-14 00:00:00 UTC,-94,-1343,416353000,4.715416666666667
2015-11-14 00:00:00 UTC,-94,-1349,416353000,5.1070833333333345
2015-11-14 00:00:00 UTC,-94,-1342,416353000,0.82875
2015-11-14 00:00:00 UTC,-94,1567,416000235,0.3375
2015-11-14 00:00:00 UTC,-94,1566,416000235,2.9818055555555558
2015-11-14 00:00:00 UTC,419,-94,224021820,5.84138888888889
2015-11-14 00:00:00 UTC,419,-452,224029760,0.59388888888888891
2015-11-14 00:00:00 UTC,419,-451,224029760,1.3894444444444445
2015-11-14 00:00:00 UTC,419,351,271062116,0.32680555555555557
2015-11-14 00:00:00 UTC,419,-478,224052370,3.081666666666667
2015-11-14 00:00:00 UTC,419,351,271072165,0.29902777777777778
2015-11-14 00:00:00 UTC,419,-663,316012470,14.93611111111111
2015-11-14 00:00:00 UTC,675,116,257336000,2.7318055555555554
2015-11-14 00:00:00 UTC,675,118,257336000,6.1676388888888889
2015-11-14 00:00:00 UTC,675,117,257336000,3.0568055555555551
2015-11-14 00:00:00 UTC,-349,181,601097500,1.2376388888888887
2015-11-14 00:00:00 UTC,-349,180,601097500,5.0658333333333339
2015-11-14 00:00:00 UTC,-349,180,601027100,1.0333333333333332
2015-11-14 00:00:00 UTC,-349,-559,770576159,0.85305555555555546
2015-11-14 00:00:00 UTC,-349,-558,770576159,2.0234722222222219
2015-11-14 00:00:00 UTC,-349,-559,770576160,0.78861111111111115
2015-11-14 00:00:00 UTC,-349,-558,770576160,1.949861111111111
2015-11-14 00:00:00 UTC,-349,181,601137200,3.6786111111111111
2015-11-14 00:00:00 UTC,-349,-559,770576182,11.459583333333333
2015-11-14 00:00:00 UTC,-349,-558,770576184,3.4913888888888889
2015-11-14 00:00:00 UTC,-349,-559,770576184,10.112916666666665
2015-11-14 00:00:00 UTC,-349,-556,770576184,1.0113888888888889
2015-11-14 00:00:00 UTC,-349,-557,770576184,1.976666666666667
2015-11-14 00:00:00 UTC,-349,180,601054800,4.5337499999999995
2015-11-14 00:00:00 UTC,-349,1716,512000127,6.7654166666666669
2015-11-14 00:00:00 UTC,-349,180,601148300,0.66236111111111118
2015-11-14 00:00:00 UTC,-349,179,601160100,8.67125
2015-11-14 00:00:00 UTC,-349,180,601078200,0.18333333333333332
2015-11-14 00:00:00 UTC,-349,181,601078200,0.22472222222222221
2015-11-14 00:00:00 UTC,-349,247,601202400,1.9233333333333333
2015-11-14 00:00:00 UTC,-349,248,601202400,2.5555555555555554
2015-11-14 00:00:00 UTC,-349,180,601069800,8.0269444444444442
2015-11-14 00:00:00 UTC,-349,-560,770576111,0.81736111111111109
2015-11-14 00:00:00 UTC,-349,-559,770576111,10.015694444444442
2015-11-14 00:00:00 UTC,-93,-1222,431702550,3.6970833333333331
2015-11-14 00:00:00 UTC,-93,-1135,432468000,1.6905555555555556
2015-11-14 00:00:00 UTC,-93,-197,224286000,1.4365277777777778
2015-11-14 00:00:00 UTC,-93,-196,224286000,4.364583333333333
2015-11-14 00:00:00 UTC,-93,-1445,416168500,4.6716666666666669
2015-11-14 00:00:00 UTC,-93,-1452,416168500,5.5870833333333332
2015-11-14 00:00:00 UTC,-93,-1240,441650000,0.91708333333333325
2015-11-14 00:00:00 UTC,-93,-1453,577308000,4.6790277777777778
2015-11-14 00:00:00 UTC,-93,-1231,431703660,3.2580555555555555
2015-11-14 00:00:00 UTC,-93,-1217,432454000,0.6958333333333333
2015-11-14 00:00:00 UTC,-93,-1216,432454000,0.49708333333333332
2015-11-14 00:00:00 UTC,-93,1731,412201849,3.9183333333333339
2015-11-14 00:00:00 UTC,-93,557,416793000,1.7418055555555556
2015-11-14 00:00:00 UTC,-93,559,416793000,5.1175000000000006
2015-11-14 00:00:00 UTC,-93,558,416793000,3.0970833333333339
2015-11-14 00:00:00 UTC,-93,-789,760012232,0.85319444444444437
2015-11-14 00:00:00 UTC,-93,-1342,416353000,1.0586111111111109
2015-11-14 00:00:00 UTC,-93,-1343,416353000,5.3688888888888888
2015-11-14 00:00:00 UTC,-93,1569,416000235,3.3025
2015-11-14 00:00:00 UTC,420,-93,224021820,2.2065277777777781
2015-11-14 00:00:00 UTC,420,-94,224021820,1.0315277777777778
2015-11-14 00:00:00 UTC,420,-453,224029760,6.8241666666666667
2015-11-14 00:00:00 UTC,420,-452,224029760,0.29777777777777781
2015-11-14 00:00:00 UTC,420,-96,224108670,6.1966666666666672
2015-11-14 00:00:00 UTC,420,-96,224209540,2.3859722222222222
2015-11-14 00:00:00 UTC,420,-480,224052370,6.3349999999999991
2015-11-14 00:00:00 UTC,420,-482,224052370,1.653888888888889
2015-11-14 00:00:00 UTC,420,-667,316012470,0.17375
2015-11-14 00:00:00 UTC,420,-665,316012470,3.6526388888888892
2015-11-14 00:00:00 UTC,420,-668,316012470,0.53805555555555551
2015-11-14 00:00:00 UTC,420,-666,316012470,0.75
2015-11-14 00:00:00 UTC,420,-669,316012470,1.55125
2015-11-14 00:00:00 UTC,420,-97,224212190,6.8251388888888886
2015-11-14 00:00:00 UTC,420,-95,224212190,5.675
2015-11-14 00:00:00 UTC,420,-96,224212190,2.6501388888888893
2015-11-14 00:00:00 UTC,420,-507,431873000,2.25
2015-11-14 00:00:00 UTC,-348,180,601097500,0.57527777777777778
2015-11-14 00:00:00 UTC,-348,181,601097500,8.7958333333333325
2015-11-14 00:00:00 UTC,-348,181,601027100,4.5869444444444447
2015-11-14 00:00:00 UTC,-348,180,601027100,2.0751388888888886
2015-11-14 00:00:00 UTC,-348,180,601396000,17.499444444444446
2015-11-14 00:00:00 UTC,-348,180,601137200,2.9590277777777776
2015-11-14 00:00:00 UTC,-348,179,601137200,1.6429166666666668
2015-11-14 00:00:00 UTC,-348,-522,770001221,21.170833333333334
2015-11-14 00:00:00 UTC,-348,180,601054800,3.0305555555555554
2015-11-14 00:00:00 UTC,-348,181,601054800,8.6422222222222231
2015-11-14 00:00:00 UTC,-348,1716,512000127,11.93875
2015-11-14 00:00:00 UTC,-348,1717,512000127,5.2784722222222227
2015-11-14 00:00:00 UTC,-348,180,601148300,6.3293055555555533
2015-11-14 00:00:00 UTC,-348,251,601572000,0.28763888888888889
2015-11-14 00:00:00 UTC,-348,180,601160100,3.8872222222222224
2015-11-14 00:00:00 UTC,-348,179,601160100,2.0498611111111109
2015-11-14 00:00:00 UTC,-348,181,601160100,0.80805555555555553
2015-11-14 00:00:00 UTC,-348,180,601731000,23.043333333333337
2015-11-14 00:00:00 UTC,-348,181,601078200,9.0547222222222228
2015-11-14 00:00:00 UTC,-348,180,601078200,6.231527777777778
2015-11-14 00:00:00 UTC,-348,179,601411000,1.5041666666666667
2015-11-14 00:00:00 UTC,-348,181,601411000,0.35430555555555554
2015-11-14 00:00:00 UTC,-348,180,601411000,6.4324999999999992
2015-11-14 00:00:00 UTC,-348,249,601202400,1.2291666666666667
2015-11-14 00:00:00 UTC,-348,250,601202400,0.16388888888888889
2015-11-14 00:00:00 UTC,-348,248,601202400,0.2361111111111111
2015-11-14 00:00:00 UTC,-348,251,601985000,0.9752777777777778
2015-11-14 00:00:00 UTC,-348,249,601985000,0.81791666666666663
2015-11-14 00:00:00 UTC,-348,250,601985000,1.4405555555555554
2015-11-14 00:00:00 UTC,-348,181,601069800,1.8344444444444445
2015-11-14 00:00:00 UTC,-348,180,601069800,6.9966666666666661
2015-11-14 00:00:00 UTC,-348,250,601718000,4.8872222222222224
2015-11-14 00:00:00 UTC,-92,-201,224308000,2.2295833333333333
2015-11-14 00:00:00 UTC,-92,-202,224308000,6.1766666666666667
2015-11-14 00:00:00 UTC,-92,-1135,432468000,2.3476388888888891
2015-11-14 00:00:00 UTC,-92,115,431753000,0.71138888888888885
2015-11-14 00:00:00 UTC,-92,-196,224286000,0.15069444444444446
2015-11-14 00:00:00 UTC,-92,-195,224286000,2.4180555555555556
2015-11-14 00:00:00 UTC,-92,-1446,416168500,1.2756944444444445
2015-11-14 00:00:00 UTC,-92,-1448,416168500,4.3383333333333338
2015-11-14 00:00:00 UTC,-92,-1451,416168500,4.8604166666666666
2015-11-14 00:00:00 UTC,-92,-1447,416168500,1.7016666666666667
2015-11-14 00:00:00 UTC,-92,-1445,416168500,1.3815277777777777
2015-11-14 00:00:00 UTC,-92,-1247,431869000,1.0366666666666666
2015-11-14 00:00:00 UTC,-92,-1245,431869000,0.71916666666666662
2015-11-14 00:00:00 UTC,-92,-1246,431869000,0.37041666666666667
2015-11-14 00:00:00 UTC,-92,-1244,431869000,2.3081944444444442
2015-11-14 00:00:00 UTC,-92,581,664582000,9.9620833333333323
2015-11-14 00:00:00 UTC,-92,1732,412201849,2.8041666666666663
2015-11-14 00:00:00 UTC,-92,1731,412201849,0.71097222222222223
2015-11-14 00:00:00 UTC,-92,559,416793000,2.379861111111111
2015-11-14 00:00:00 UTC,-92,557,416793000,1.68625
2015-11-14 00:00:00 UTC,165,-1641,431702470,3.2666666666666662
2015-11-14 00:00:00 UTC,165,-1632,431702470,2.7874999999999996
2015-11-14 00:00:00 UTC,421,-698,367135520,2.1731944444444444
2015-11-14 00:00:00 UTC,421,-697,367135520,1.0481944444444444
2015-11-14 00:00:00 UTC,421,-94,224021820,0.77222222222222214
2015-11-14 00:00:00 UTC,421,110,247065940,0.43458333333333332
2015-11-14 00:00:00 UTC,421,-96,224108670,6.4937500000000012
2015-11-14 00:00:00 UTC,421,-96,224209540,10.540138888888887
2015-11-14 00:00:00 UTC,421,113,247065740,10.577638888888886
2015-11-14 00:00:00 UTC,421,-483,224052370,7.353472222222222
2015-11-14 00:00:00 UTC,421,-459,224020890,4.149861111111111
2015-11-14 00:00:00 UTC,421,-667,316012470,0.57805555555555554
2015-11-14 00:00:00 UTC,421,-670,316012470,1.0543055555555556
2015-11-14 00:00:00 UTC,421,-668,316012470,0.34680555555555553
2015-11-14 00:00:00 UTC,421,-96,224051160,2.094583333333333
2015-11-14 00:00:00 UTC,421,-96,224212190,4.7248611111111121
2015-11-14 00:00:00 UTC,421,-97,224212190,0.27555555555555555
2015-11-14 00:00:00 UTC,421,-508,431873000,2.7822222222222219
2015-11-14 00:00:00 UTC,421,-507,431873000,1.7365277777777779
2015-11-14 00:00:00 UTC,-347,251,601053700,0.77055555555555555
2015-11-14 00:00:00 UTC,-347,252,601053700,1.1543055555555555
2015-11-14 00:00:00 UTC,-347,181,601097500,2.52125
2015-11-14 00:00:00 UTC,-347,182,601097500,1.4122222222222225
2015-11-14 00:00:00 UTC,-347,181,601027100,1.4830555555555553
2015-11-14 00:00:00 UTC,-347,178,601027100,4.4125
2015-11-14 00:00:00 UTC,-347,180,601027100,0.84180555555555547
2015-11-14 00:00:00 UTC,-347,179,601396000,0.33305555555555555
2015-11-14 00:00:00 UTC,-347,180,601396000,5.1043055555555563
2015-11-14 00:00:00 UTC,-347,180,601137200,1.9066666666666665
2015-11-14 00:00:00 UTC,-347,179,601137200,1.5193055555555555
2015-11-14 00:00:00 UTC,-347,178,601137200,2.8426388888888887
2015-11-14 00:00:00 UTC,-347,180,601054800,4.0761111111111115
2015-11-14 00:00:00 UTC,-347,181,601054800,2.2141666666666664
2015-11-14 00:00:00 UTC,-347,178,601047400,2.6977777777777776
2015-11-14 00:00:00 UTC,-347,246,601254000,2.3175
2015-11-14 00:00:00 UTC,-347,241,601254000,0.84597222222222224
2015-11-14 00:00:00 UTC,-347,242,601254000,0.44208333333333338
2015-11-14 00:00:00 UTC,-347,244,601254000,0.3125
2015-11-14 00:00:00 UTC,-347,245,601254000,10.032777777777781
2015-11-14 00:00:00 UTC,-347,179,601151600,1.5251388888888888
2015-11-14 00:00:00 UTC,-347,252,601339000,1.4527777777777777
2015-11-14 00:00:00 UTC,-347,179,601148300,5.5663888888888895
2015-11-14 00:00:00 UTC,-347,180,601148300,1.1497222222222223
2015-11-14 00:00:00 UTC,-347,177,601064600,5.295
2015-11-14 00:00:00 UTC,-347,253,601572000,6.1062499999999993
2015-11-14 00:00:00 UTC,-347,252,601572000,1.1951388888888888
2015-11-14 00:00:00 UTC,-347,251,601572000,1.2048611111111112
2015-11-14 00:00:00 UTC,-347,180,601160100,0.93277777777777782
2015-11-14 00:00:00 UTC,-347,181,601078200,2.0065277777777779
2015-11-14 00:00:00 UTC,-347,180,601411000,3.1791666666666671
2015-11-14 00:00:00 UTC,-347,250,601202400,0.60430555555555554
2015-11-14 00:00:00 UTC,-347,251,601202400,0.53347222222222224
2015-11-14 00:00:00 UTC,-347,252,601985000,0.64222222222222225
2015-11-14 00:00:00 UTC,-347,253,601985000,0.15958333333333335
2015-11-14 00:00:00 UTC,-347,180,601069800,3.9580555555555557
2015-11-14 00:00:00 UTC,-347,181,601069800,1.2166666666666668
2015-11-14 00:00:00 UTC,-347,251,601718000,0.90402777777777776
2015-11-14 00:00:00 UTC,-347,250,601718000,1.737638888888889
2015-11-14 00:00:00 UTC,-347,252,601718000,0.86680555555555561
2015-11-14 00:00:00 UTC,-347,252,601686000,2.8083333333333336
2015-11-14 00:00:00 UTC,-347,250,601686000,7.0588888888888892
2015-11-14 00:00:00 UTC,-91,-1135,432468000,0.6925
2015-11-14 00:00:00 UTC,-91,115,431753000,4.2579166666666675
2015-11-14 00:00:00 UTC,-91,-1246,431869000,0.52944444444444438
2015-11-14 00:00:00 UTC,-91,-1247,431869000,1.0163888888888888
2015-11-14 00:00:00 UTC,-91,-1240,441650000,6.4068055555555548
2015-11-14 00:00:00 UTC,-91,557,416793000,1.8143055555555554
2015-11-14 00:00:00 UTC,-91,558,416793000,4.6883333333333326
2015-11-14 00:00:00 UTC,-91,459,416246700,0.37097222222222226
2015-11-14 00:00:00 UTC,-91,847,431700970,6.3666666666666663
2015-11-14 00:00:00 UTC,166,-1632,431702470,0.83333333333333337
2015-11-14 00:00:00 UTC,166,-1633,431702470,1.2918055555555554
2015-11-14 00:00:00 UTC,166,-1644,431702470,2.4497222222222219
2015-11-14 00:00:00 UTC,422,281,207424000,3.2495833333333328
2015-11-14 00:00:00 UTC,422,-96,224209540,0.78236111111111117
2015-11-14 00:00:00 UTC,422,-459,224020890,1.9793055555555557
2015-11-14 00:00:00 UTC,422,281,207428000,10.235833333333334
2015-11-14 00:00:00 UTC,422,-508,431395000,2.2002777777777776
2015-11-14 00:00:00 UTC,422,-507,431395000,5.3666666666666663
2015-11-14 00:00:00 UTC,422,-509,431395000,0.32222222222222219
2015-11-14 00:00:00 UTC,422,100,247250120,2.0381944444444442
2015-11-14 00:00:00 UTC,422,-508,431873000,4.34625
2015-11-14 00:00:00 UTC,422,-509,431873000,0.82666666666666666
2015-11-14 00:00:00 UTC,422,-510,431873000,0.68055555555555558
2015-11-14 00:00:00 UTC,-346,255,601248000,0.31236111111111114
2015-11-14 00:00:00 UTC,-346,253,601248000,1.2623611111111113
2015-11-14 00:00:00 UTC,-346,252,601248000,1.25
2015-11-14 00:00:00 UTC,-346,254,601248000,1.3418055555555557
2015-11-14 00:00:00 UTC,-346,254,601053700,1.1419444444444444
2015-11-14 00:00:00 UTC,-346,253,601053700,1.1079166666666667
2015-11-14 00:00:00 UTC,-346,255,601053700,0.44597222222222221
2015-11-14 00:00:00 UTC,-346,180,601097500,4.6794444444444441
2015-11-14 00:00:00 UTC,-346,182,601097500,0.27916666666666667
2015-11-14 00:00:00 UTC,-346,180,601027100,0.70430555555555541
2015-11-14 00:00:00 UTC,-346,179,601027100,1.3415277777777779
2015-11-14 00:00:00 UTC,-346,178,601027100,0.38763888888888887
2015-11-14 00:00:00 UTC,-346,255,601172000,0.8322222222222222
2015-11-14 00:00:00 UTC,-346,254,601172000,1.2572222222222222
2015-11-14 00:00:00 UTC,-346,256,601172000,3.6431944444444442
2015-11-14 00:00:00 UTC,-346,180,601396000,0.94597222222222221
2015-11-14 00:00:00 UTC,-346,179,601396000,0.68305555555555553
2015-11-14 00:00:00 UTC,-346,255,601182000,0.9029166666666667
2015-11-14 00:00:00 UTC,-346,254,601182000,1.044861111111111
2015-11-14 00:00:00 UTC,-346,179,601137200,0.84166666666666656
2015-11-14 00:00:00 UTC,-346,180,601137200,0.67638888888888882
2015-11-14 00:00:00 UTC,-346,180,601054800,1.536111111111111
2015-11-14 00:00:00 UTC,-346,178,601047400,1.6981944444444446
2015-11-14 00:00:00 UTC,-346,177,601047400,1.7401388888888891
2015-11-14 00:00:00 UTC,-346,179,601047400,4.1674999999999995
2015-11-14 00:00:00 UTC,-346,255,601339000,0.89027777777777783
2015-11-14 00:00:00 UTC,-346,253,601339000,1.2511111111111113
2015-11-14 00:00:00 UTC,-346,254,601339000,1.4913888888888891
2015-11-14 00:00:00 UTC,-346,180,601148300,3.7626388888888882
2015-11-14 00:00:00 UTC,-346,180,601064600,0.862638888888889
2015-11-14 00:00:00 UTC,-346,178,601064600,3.2668055555555555
2015-11-14 00:00:00 UTC,-346,179,601064600,2.5581944444444447
2015-11-14 00:00:00 UTC,-346,254,601572000,2.74375
2015-11-14 00:00:00 UTC,-346,255,601572000,4.1705555555555556
2015-11-14 00:00:00 UTC,-346,181,601160100,0.66250000000000009
2015-11-14 00:00:00 UTC,-346,180,601160100,6.0462500000000006
2015-11-14 00:00:00 UTC,-346,180,601731000,5.0876388888888888
2015-11-14 00:00:00 UTC,-346,180,601078200,6.2030555555555553
2015-11-14 00:00:00 UTC,-346,179,601411000,4.6416666666666666
2015-11-14 00:00:00 UTC,-346,180,601411000,0.76680555555555552
2015-11-14 00:00:00 UTC,-346,254,601202400,1.04
2015-11-14 00:00:00 UTC,-346,253,601202400,0.10291666666666667
2015-11-14 00:00:00 UTC,-346,255,601202400,0.2961111111111111
2015-11-14 00:00:00 UTC,-346,256,601202400,2.1013888888888888
2015-11-14 00:00:00 UTC,-346,254,601985000,1.3694444444444445
2015-11-14 00:00:00 UTC,-346,256,601985000,1.6479166666666667
2015-11-14 00:00:00 UTC,-346,257,601985000,2.925
2015-11-14 00:00:00 UTC,-346,255,601985000,2.7208333333333337
2015-11-14 00:00:00 UTC,-346,253,601985000,1.0611111111111111
2015-11-14 00:00:00 UTC,-346,180,601069800,2.0402777777777779
2015-11-14 00:00:00 UTC,-346,256,601718000,2.6708333333333334
2015-11-14 00:00:00 UTC,-346,252,601718000,0.35444444444444445
2015-11-14 00:00:00 UTC,-346,253,601718000,1.0080555555555557
2015-11-14 00:00:00 UTC,-346,255,601718000,0.045833333333333337
2015-11-14 00:00:00 UTC,-346,254,601718000,1.5662499999999995
2015-11-14 00:00:00 UTC,-346,252,601686000,0.8125
2015-11-14 00:00:00 UTC,-346,253,601686000,5.6180555555555554
2015-11-14 00:00:00 UTC,-346,251,601686000,0.846111111111111
2015-11-14 00:00:00 UTC,-346,254,601686000,1.1581944444444445
2015-11-14 00:00:00 UTC,-90,-199,224308000,2.1275
2015-11-14 00:00:00 UTC,-90,115,431753000,1.5769444444444445
2015-11-14 00:00:00 UTC,-90,-193,224286000,0.79125
2015-11-14 00:00:00 UTC,-90,-194,224286000,1.3044444444444445
2015-11-14 00:00:00 UTC,-90,-1247,431869000,1.0902777777777777
2015-11-14 00:00:00 UTC,-90,-1231,431703660,6.5733333333333333
2015-11-14 00:00:00 UTC,-90,584,664582000,12.308611111111112
2015-11-14 00:00:00 UTC,-90,560,416793000,2.0995833333333334
2015-11-14 00:00:00 UTC,-90,847,431700970,8.5556944444444447
2015-11-14 00:00:00 UTC,167,-1633,431702470,1.21625
2015-11-14 00:00:00 UTC,167,-1634,431702470,1.4005555555555556
2015-11-14 00:00:00 UTC,423,281,207424000,2.3036111111111111
2015-11-14 00:00:00 UTC,423,161,238506240,1.5715277777777776
2015-11-14 00:00:00 UTC,423,166,238506240,1.0538888888888889
2015-11-14 00:00:00 UTC,423,163,238506240,2.6720833333333331
2015-11-14 00:00:00 UTC,423,165,238506240,4.5411111111111113
2015-11-14 00:00:00 UTC,423,162,238506240,1.848888888888889
2015-11-14 00:00:00 UTC,423,164,238506240,4.0761111111111106
2015-11-14 00:00:00 UTC,423,-1256,366047000,1.0851388888888889
2015-11-14 00:00:00 UTC,423,-1255,366047000,0.46499999999999997
2015-11-14 00:00:00 UTC,423,281,207422000,9.6894444444444439
2015-11-14 00:00:00 UTC,423,-97,224021820,0.27263888888888888
2015-11-14 00:00:00 UTC,423,-95,224021820,0.26125
2015-11-14 00:00:00 UTC,423,-96,224021820,1.0572222222222223
2015-11-14 00:00:00 UTC,423,277,207822660,0.55555555555555558
2015-11-14 00:00:00 UTC,423,-506,432605000,9.6127777777777776
2015-11-14 00:00:00 UTC,423,277,207826760,0.75291666666666668
2015-11-14 00:00:00 UTC,423,281,207420000,0.79166666666666663
2015-11-14 00:00:00 UTC,423,280,207420000,0.27236111111111111
2015-11-14 00:00:00 UTC,423,-96,224209540,1.0154166666666666
2015-11-14 00:00:00 UTC,423,277,207822750,1.5780555555555555
2015-11-14 00:00:00 UTC,423,281,207428000,1.3275
2015-11-14 00:00:00 UTC,423,-509,431395000,1.0681944444444444
2015-11-14 00:00:00 UTC,423,100,247250120,10.881944444444446
2015-11-14 00:00:00 UTC,423,-510,431873000,1.2072222222222222
2015-11-14 00:00:00 UTC,423,277,207822570,0.16958333333333334
2015-11-14 00:00:00 UTC,423,-507,432374000,11.366388888888888
2015-11-14 00:00:00 UTC,679,138,257017440,1.3819444444444442
2015-11-14 00:00:00 UTC,679,139,257017440,3.5388888888888888
2015-11-14 00:00:00 UTC,-345,255,601248000,5.5494444444444451
2015-11-14 00:00:00 UTC,-345,256,601248000,11.627777777777776
2015-11-14 00:00:00 UTC,-345,257,601248000,1.3883333333333332
2015-11-14 00:00:00 UTC,-345,256,601053700,2.1480555555555556
2015-11-14 00:00:00 UTC,-345,255,601053700,0.8041666666666667
2015-11-14 00:00:00 UTC,-345,256,601172000,0.73305555555555557
2015-11-14 00:00:00 UTC,-345,257,601172000,10.764861111111111
2015-11-14 00:00:00 UTC,-345,255,601172000,0.69944444444444442
2015-11-14 00:00:00 UTC,-345,258,601182000,1.0323611111111111
2015-11-14 00:00:00 UTC,-345,259,601182000,2.6272222222222221
2015-11-14 00:00:00 UTC,-345,255,601182000,6.9859722222222222
2015-11-14 00:00:00 UTC,-345,256,601182000,3.6684722222222224
2015-11-14 00:00:00 UTC,-345,257,601182000,8.6416666666666675
2015-11-14 00:00:00 UTC,-345,180,601047400,0.86555555555555552
2015-11-14 00:00:00 UTC,-345,179,601047400,1.044861111111111
2015-11-14 00:00:00 UTC,-345,257,601339000,2.0975
2015-11-14 00:00:00 UTC,-345,256,601339000,2.1998611111111113
2015-11-14 00:00:00 UTC,-345,255,601339000,1.4888888888888889
2015-11-14 00:00:00 UTC,-345,179,601064600,0.55402777777777779
2015-11-14 00:00:00 UTC,-345,255,601572000,1.4511111111111108
2015-11-14 00:00:00 UTC,-345,256,601572000,4.6169444444444441
2015-11-14 00:00:00 UTC,-345,257,601572000,2.3472222222222223
2015-11-14 00:00:00 UTC,-345,180,601160100,1.5211111111111111
2015-11-14 00:00:00 UTC,-345,256,601202400,5.0193055555555555
2015-11-14 00:00:00 UTC,-345,257,601202400,3.6848611111111111
2015-11-14 00:00:00 UTC,-345,255,601202400,1.4680555555555557
2015-11-14 00:00:00 UTC,-345,255,601985000,0.58749999999999991
2015-11-14 00:00:00 UTC,-345,256,601985000,3.5493055555555553
2015-11-14 00:00:00 UTC,-345,258,601718000,6.7165277777777774
2015-11-14 00:00:00 UTC,-345,255,601686000,1.4965277777777777
2015-11-14 00:00:00 UTC,-345,256,601686000,1.6266666666666665
2015-11-14 00:00:00 UTC,-345,257,601686000,4.7923611111111111
2015-11-14 00:00:00 UTC,-89,-198,224308000,1.7741666666666669
2015-11-14 00:00:00 UTC,-89,-193,224286000,1.7694444444444444
2015-11-14 00:00:00 UTC,-89,-1246,431869000,2.4654166666666666
2015-11-14 00:00:00 UTC,-89,-1349,416349000,4.7109722222222219
2015-11-14 00:00:00 UTC,-89,444,416004718,4.6968055555555557
2015-11-14 00:00:00 UTC,-89,443,416004718,1.8045833333333334
2015-11-14 00:00:00 UTC,-89,807,416705000,6.0170833333333338
2015-11-14 00:00:00 UTC,168,-1636,431702470,1.9323611111111112
2015-11-14 00:00:00 UTC,168,-1635,431702470,1.6502777777777775
2015-11-14 00:00:00 UTC,424,-1255,366047000,1.7529166666666665
2015-11-14 00:00:00 UTC,424,-96,224021820,0.25388888888888894
2015-11-14 00:00:00 UTC,424,-95,224021820,1.5575
2015-11-14 00:00:00 UTC,424,277,207822660,4.7597222222222211
2015-11-14 00:00:00 UTC,424,276,207822660,4.7047222222222214
2015-11-14 00:00:00 UTC,424,277,207826760,4.721805555555556
2015-11-14 00:00:00 UTC,424,276,207826760,4.2955555555555565
2015-11-14 00:00:00 UTC,424,276,207421000,3.3438888888888889
2015-11-14 00:00:00 UTC,424,277,207421000,1.7341666666666666
2015-11-14 00:00:00 UTC,424,-96,224209540,0.77625
2015-11-14 00:00:00 UTC,424,-459,224020890,1.7420833333333334
2015-11-14 00:00:00 UTC,424,276,207822750,4.1894444444444439
2015-11-14 00:00:00 UTC,424,277,207822750,4.5815277777777776
2015-11-14 00:00:00 UTC,424,276,207427000,5.3329166666666676
2015-11-14 00:00:00 UTC,424,277,207427000,3.5215277777777776
2015-11-14 00:00:00 UTC,424,-510,431395000,0.97930555555555565
2015-11-14 00:00:00 UTC,424,-509,431395000,0.36888888888888888
2015-11-14 00:00:00 UTC,424,99,247250120,2.11125
2015-11-14 00:00:00 UTC,424,104,247250120,1.9106944444444445
2015-11-14 00:00:00 UTC,424,277,207426000,3.5037500000000006
2015-11-14 00:00:00 UTC,424,276,207426000,6.3152777777777782
2015-11-14 00:00:00 UTC,424,-511,431873000,0.54861111111111116
2015-11-14 00:00:00 UTC,424,-510,431873000,1.3629166666666668
2015-11-14 00:00:00 UTC,424,276,207822570,5.8497222222222227
2015-11-14 00:00:00 UTC,424,277,207822570,3.9073611111111104
2015-11-14 00:00:00 UTC,680,139,257017440,0.3536111111111111
2015-11-14 00:00:00 UTC,-344,220,601301000,0.30333333333333334
2015-11-14 00:00:00 UTC,-344,219,601301000,0.41444444444444445
2015-11-14 00:00:00 UTC,-344,180,601099800,1.5025
2015-11-14 00:00:00 UTC,-88,-197,224308000,0.99333333333333329
2015-11-14 00:00:00 UTC,-88,-196,224308000,1.3438888888888887
2015-11-14 00:00:00 UTC,-88,-192,224286000,0.98930555555555555
2015-11-14 00:00:00 UTC,-88,-1471,416033600,1.3965277777777778
2015-11-14 00:00:00 UTC,-88,-1469,416033600,0.42069444444444448
2015-11-14 00:00:00 UTC,-88,-1472,416033600,3.3058333333333327
2015-11-14 00:00:00 UTC,-88,-1470,416033600,1.5706944444444442
2015-11-14 00:00:00 UTC,-88,-1246,431869000,3.1420833333333338
2015-11-14 00:00:00 UTC,-88,-1242,431869000,1.7995833333333331
2015-11-14 00:00:00 UTC,-88,-1349,416349000,1.8901388888888886
2015-11-14 00:00:00 UTC,-88,-1348,416349000,5.3634722222222235
2015-11-14 00:00:00 UTC,-88,1562,416154700,11.429722222222223
2015-11-14 00:00:00 UTC,-88,-1230,431703660,4.2379166666666661
2015-11-14 00:00:00 UTC,-88,-1486,416168600,4.5405555555555557
2015-11-14 00:00:00 UTC,-88,-1487,416168600,1.09625
2015-11-14 00:00:00 UTC,-88,807,416705000,1.8479166666666667
2015-11-14 00:00:00 UTC,169,-1640,431702470,3.645833333333333
2015-11-14 00:00:00 UTC,169,-1639,431702470,1.3997222222222225
2015-11-14 00:00:00 UTC,169,-1638,431702470,1.82125
2015-11-14 00:00:00 UTC,425,161,247125260,3.6968055555555557
2015-11-14 00:00:00 UTC,425,-1255,366047000,0.7122222222222222
2015-11-14 00:00:00 UTC,425,-1254,366047000,1.0927777777777778
2015-11-14 00:00:00 UTC,425,106,247069980,2.35375
2015-11-14 00:00:00 UTC,425,278,207828790,16.542083333333334
2015-11-14 00:00:00 UTC,425,-508,432605000,5.1791666666666671
2015-11-14 00:00:00 UTC,425,-96,224108670,4.0112499999999995
2015-11-14 00:00:00 UTC,425,-96,224209540,1.03625
2015-11-14 00:00:00 UTC,425,-459,224020890,1.5609722222222222
2015-11-14 00:00:00 UTC,425,1548,412674970,15.311944444444444
2015-11-14 00:00:00 UTC,425,-510,431395000,1.835
2015-11-14 00:00:00 UTC,425,-509,431395000,4.0315277777777778
2015-11-14 00:00:00 UTC,425,106,247064760,0.25569444444444445
2015-11-14 00:00:00 UTC,425,-95,224085960,7.6636111111111109
2015-11-14 00:00:00 UTC,425,104,247250120,2.2752777777777777
2015-11-14 00:00:00 UTC,425,278,207832280,0.46208333333333335
2015-11-14 00:00:00 UTC,425,277,207832280,2.6166666666666667
2015-11-14 00:00:00 UTC,425,-511,431873000,1.3048611111111112
2015-11-14 00:00:00 UTC,425,106,247065580,3.9962499999999994
2015-11-14 00:00:00 UTC,681,152,257180000,1.3679166666666667
2015-11-14 00:00:00 UTC,681,149,257775500,4.16375
2015-11-14 00:00:00 UTC,681,148,257775500,0.87958333333333338
2015-11-14 00:00:00 UTC,-343,180,601099800,2.2319444444444447
2015-11-14 00:00:00 UTC,-343,251,601705000,3.5769444444444449
2015-11-14 00:00:00 UTC,-87,130,224266000,0.76666666666666661
2015-11-14 00:00:00 UTC,-87,-195,224308000,1.1570833333333335
2015-11-14 00:00:00 UTC,-87,-192,224286000,1.0152777777777779
2015-11-14 00:00:00 UTC,-87,-1469,416033600,0.54194444444444445
2015-11-14 00:00:00 UTC,-87,-1470,416033600,2.4431944444444444
2015-11-14 00:00:00 UTC,-87,-1242,431869000,0.86972222222222217
2015-11-14 00:00:00 UTC,-87,-1350,416349000,2.0805555555555548
2015-11-14 00:00:00 UTC,-87,-1349,416349000,5.4145833333333337
2015-11-14 00:00:00 UTC,-87,-1351,416349000,4.3709722222222229
2015-11-14 00:00:00 UTC,-87,1562,416154700,5.7188888888888885
2015-11-14 00:00:00 UTC,-87,-1466,576850000,0.73583333333333334
2015-11-14 00:00:00 UTC,-87,-1469,576850000,3.4636111111111112
2015-11-14 00:00:00 UTC,-87,-1467,576850000,2.0926388888888887
2015-11-14 00:00:00 UTC,-87,-1470,576850000,1.4418055555555558
2015-11-14 00:00:00 UTC,-87,-188,224306000,0.34347222222222218
2015-11-14 00:00:00 UTC,-87,-187,224306000,1.3579166666666667
2015-11-14 00:00:00 UTC,-87,-1485,416168600,5.2065277777777776
2015-11-14 00:00:00 UTC,-87,-1484,416168600,1.3568055555555556
2015-11-14 00:00:00 UTC,-87,-1483,416168600,1.3465277777777778
2015-11-14 00:00:00 UTC,-87,-1487,416168600,4.7884722222222225
2015-11-14 00:00:00 UTC,-87,-1482,416168600,4.6916666666666664
2015-11-14 00:00:00 UTC,-87,-1259,520217000,4.2501388888888894
2015-11-14 00:00:00 UTC,-87,459,416246700,0.81666666666666665
2015-11-14 00:00:00 UTC,-87,458,416246700,0.020694444444444446
2015-11-14 00:00:00 UTC,-87,807,416705000,17.700277777777778
2015-11-14 00:00:00 UTC,426,162,247125260,12.91111111111111
2015-11-14 00:00:00 UTC,426,161,247125260,0.76291666666666669
2015-11-14 00:00:00 UTC,426,-1254,366047000,1.2630555555555556
2015-11-14 00:00:00 UTC,426,1546,412420124,11.369583333333331
2015-11-14 00:00:00 UTC,426,1545,412675870,5.5429166666666667
2015-11-14 00:00:00 UTC,426,1544,412675870,3.513611111111111
2015-11-14 00:00:00 UTC,426,1547,412698930,7.9918055555555565
2015-11-14 00:00:00 UTC,426,1547,412420164,12.072777777777777
2015-11-14 00:00:00 UTC,426,1548,412672330,3.9563888888888883
2015-11-14 00:00:00 UTC,426,1547,412698970,8.5694444444444446
2015-11-14 00:00:00 UTC,426,171,238901340,7.5776388888888881
2015-11-14 00:00:00 UTC,426,1548,412420972,9.9465277777777779
2015-11-14 00:00:00 UTC,426,1549,412420211,12.261666666666667
2015-11-14 00:00:00 UTC,426,-96,224108670,0.27236111111111111
2015-11-14 00:00:00 UTC,426,-96,224209540,1.9220833333333334
2015-11-14 00:00:00 UTC,426,1549,412354446,5.9615277777777775
2015-11-14 00:00:00 UTC,426,180,238011540,2.4137500000000003
2015-11-14 00:00:00 UTC,426,179,238011540,4.7359722222222222
2015-11-14 00:00:00 UTC,426,177,238011540,2.4
2015-11-14 00:00:00 UTC,426,178,238011540,1.7418055555555556
2015-11-14 00:00:00 UTC,426,-507,431855000,11.561805555555555
2015-11-14 00:00:00 UTC,426,-458,224020890,1.7331944444444445
2015-11-14 00:00:00 UTC,426,-459,224020890,1.1484722222222221
2015-11-14 00:00:00 UTC,426,106,247220130,5.3302777777777779
2015-11-14 00:00:00 UTC,426,1546,412698550,9.5894444444444442
2015-11-14 00:00:00 UTC,426,-510,431395000,1.0266666666666666
2015-11-14 00:00:00 UTC,426,106,247064760,0.51805555555555549
2015-11-14 00:00:00 UTC,426,-95,224085960,2.7293055555555554
2015-11-14 00:00:00 UTC,426,277,207832280,1.0125
2015-11-14 00:00:00 UTC,426,278,207832280,1.3002777777777776
2015-11-14 00:00:00 UTC,426,1547,412672220,8.5981944444444451
2015-11-14 00:00:00 UTC,426,-511,431873000,1.6522222222222225
2015-11-14 00:00:00 UTC,426,-509,432374000,4.1980555555555554
2015-11-14 00:00:00 UTC,426,1549,412675570,6.395833333333333
2015-11-14 00:00:00 UTC,426,1547,412672250,5.4761111111111109
2015-11-14 00:00:00 UTC,682,-550,331218000,1.1979166666666667
2015-11-14 00:00:00 UTC,682,-551,331218000,0.58111111111111113
2015-11-14 00:00:00 UTC,682,149,257775500,0.78777777777777769
2015-11-14 00:00:00 UTC,682,-599,316014240,1.6416666666666668
2015-11-14 00:00:00 UTC,-342,180,601099800,0.77972222222222221
2015-11-14 00:00:00 UTC,-342,179,601099800,15.181944444444444
2015-11-14 00:00:00 UTC,-342,252,601705000,8.48125
2015-11-14 00:00:00 UTC,-342,251,601705000,5.2630555555555558
2015-11-14 00:00:00 UTC,-342,253,601705000,0.56291666666666662
2015-11-14 00:00:00 UTC,-86,129,224266000,0.12777777777777777
2015-11-14 00:00:00 UTC,-86,130,224266000,0.29625
2015-11-14 00:00:00 UTC,-86,-195,224308000,0.27430555555555558
2015-11-14 00:00:00 UTC,-86,-196,224308000,1.0227777777777778
2015-11-14 00:00:00 UTC,-86,-192,224286000,0.71513888888888888
2015-11-14 00:00:00 UTC,-86,-193,224286000,0.71236111111111111
2015-11-14 00:00:00 UTC,-86,-1241,431869000,0.92541666666666667
2015-11-14 00:00:00 UTC,-86,-1467,576850000,3.3223611111111113
2015-11-14 00:00:00 UTC,-86,-1465,576850000,2.6655555555555552
2015-11-14 00:00:00 UTC,-86,-1466,576850000,1.3323611111111109
2015-11-14 00:00:00 UTC,-86,-1472,576850000,4.67
2015-11-14 00:00:00 UTC,-86,-187,224306000,0.903888888888889
2015-11-14 00:00:00 UTC,-86,-188,224306000,1.1523611111111112
2015-11-14 00:00:00 UTC,-86,-1194,431602530,4.17986111111111
2015-11-14 00:00:00 UTC,-86,-1254,520217000,4.7409722222222221
2015-11-14 00:00:00 UTC,-86,-1256,520217000,1.1674999999999998
2015-11-14 00:00:00 UTC,-86,-1257,520217000,1.0625
2015-11-14 00:00:00 UTC,-86,-1350,416503000,2.77625
2015-11-14 00:00:00 UTC,-86,-1348,416503000,4.3136111111111113
2015-11-14 00:00:00 UTC,-86,-1349,416503000,0.81652777777777785
2015-11-14 00:00:00 UTC,427,159,238337540,1.8424999999999998
2015-11-14 00:00:00 UTC,427,157,238337540,1.28125
2015-11-14 00:00:00 UTC,427,156,238337540,0.25347222222222221
2015-11-14 00:00:00 UTC,427,158,238337540,1.2770833333333333
2015-11-14 00:00:00 UTC,427,160,238337540,1.8790277777777777
2015-11-14 00:00:00 UTC,427,162,247125260,1.306111111111111
2015-11-14 00:00:00 UTC,427,160,238117140,0.25416666666666665
2015-11-14 00:00:00 UTC,427,159,238117140,1.2681944444444444
2015-11-14 00:00:00 UTC,427,158,238327840,1.5340277777777778
2015-11-14 00:00:00 UTC,427,159,238327840,3.0599999999999996
2015-11-14 00:00:00 UTC,427,160,238327840,1.0386111111111112
2015-11-14 00:00:00 UTC,427,1551,412420388,8.1918055555555558
2015-11-14 00:00:00 UTC,427,1549,412672050,4.0266666666666664
2015-11-14 00:00:00 UTC,427,1550,412672050,8.505694444444444
2015-11-14 00:00:00 UTC,427,1548,412672320,18.501111111111111
2015-11-14 00:00:00 UTC,427,1549,412420162,3.8777777777777782
2015-11-14 00:00:00 UTC,427,1548,412420162,12.210416666666667
2015-11-14 00:00:00 UTC,427,1550,412420163,12.416805555555555
2015-11-14 00:00:00 UTC,427,1548,412672330,9.4776388888888885
2015-11-14 00:00:00 UTC,427,158,238019940,0.26166666666666666
2015-11-14 00:00:00 UTC,427,160,238019940,1.3006944444444446
2015-11-14 00:00:00 UTC,427,159,238019940,2.8188888888888886
2015-11-14 00:00:00 UTC,427,1549,412420968,13.853055555555557
2015-11-14 00:00:00 UTC,427,1550,412401260,2.2233333333333336
2015-11-14 00:00:00 UTC,427,1548,412420209,12.992777777777778
2015-11-14 00:00:00 UTC,427,1550,412674930,12.987777777777778
2015-11-14 00:00:00 UTC,427,-97,224209540,1.75875
2015-11-14 00:00:00 UTC,427,-96,224209540,3.651527777777777
2015-11-14 00:00:00 UTC,427,1549,412671880,7.9244444444444442
2015-11-14 00:00:00 UTC,427,1549,412671890,9.2497222222222231
2015-11-14 00:00:00 UTC,427,-458,224020890,1.0322222222222222
2015-11-14 00:00:00 UTC,427,-459,224020890,0.70013888888888887
2015-11-14 00:00:00 UTC,427,1547,412697760,9.5652777777777764
2015-11-14 00:00:00 UTC,427,1550,412671910,8.0356944444444451
2015-11-14 00:00:00 UTC,427,1548,412672170,2.39875
2015-11-14 00:00:00 UTC,427,1547,412420275,12.105694444444444
2015-11-14 00:00:00 UTC,427,-510,431395000,0.96097222222222234
2015-11-14 00:00:00 UTC,427,-511,431395000,0.84138888888888885
2015-11-14 00:00:00 UTC,427,1548,412671930,5.8055555555555554
2015-11-14 00:00:00 UTC,427,-95,224085960,1.8681944444444445
2015-11-14 00:00:00 UTC,427,-96,224085960,1.0780555555555555
2015-11-14 00:00:00 UTC,427,1548,412671950,9.9615277777777784
2015-11-14 00:00:00 UTC,427,1550,412698070,1.8330555555555557
2015-11-14 00:00:00 UTC,427,1550,412674780,13.106944444444444
2015-11-14 00:00:00 UTC,427,-511,431873000,5.0526388888888887
2015-11-14 00:00:00 UTC,427,-510,432374000,2.76875
2015-11-14 00:00:00 UTC,427,1550,412675570,5.2616666666666667
2015-11-14 00:00:00 UTC,683,158,257614700,0.80027777777777775
2015-11-14 00:00:00 UTC,683,-599,316014240,1.6175000000000002
2015-11-14 00:00:00 UTC,683,-600,316014240,1.6316666666666664
2015-11-14 00:00:00 UTC,683,161,257942500,2.125
2015-11-14 00:00:00 UTC,683,163,257942500,2.7968055555555553
2015-11-14 00:00:00 UTC,683,164,257942500,0.5543055555555555
2015-11-14 00:00:00 UTC,683,-600,316013290,1.6302777777777777
2015-11-14 00:00:00 UTC,683,-599,316013290,3.2655555555555549
2015-11-14 00:00:00 UTC,-341,181,601099800,0.28305555555555556
2015-11-14 00:00:00 UTC,-341,251,601705000,5.944583333333334
2015-11-14 00:00:00 UTC,-85,-1476,416084500,6.2415277777777778
2015-11-14 00:00:00 UTC,-85,-1475,416084500,3.3455555555555554
2015-11-14 00:00:00 UTC,-85,-1474,416084500,4.6501388888888888
2015-11-14 00:00:00 UTC,-85,-196,224308000,2.7698611111111111
2015-11-14 00:00:00 UTC,-85,-193,224286000,0.84902777777777771
2015-11-14 00:00:00 UTC,-85,-1469,416033600,0.21638888888888891
2015-11-14 00:00:00 UTC,-85,-1241,431869000,0.58638888888888885
2015-11-14 00:00:00 UTC,-85,-1465,576850000,0.802361111111111
2015-11-14 00:00:00 UTC,-85,-1471,576850000,1.1959722222222222
2015-11-14 00:00:00 UTC,-85,-1466,576850000,1.7268055555555553
2015-11-14 00:00:00 UTC,-85,-1472,576850000,0.32625
2015-11-14 00:00:00 UTC,-85,-187,224306000,0.7863888888888888
2015-11-14 00:00:00 UTC,-85,-188,224306000,1.6248611111111111
2015-11-14 00:00:00 UTC,-85,-1194,431602530,1.7813888888888885
2015-11-14 00:00:00 UTC,-85,444,416004718,0.66291666666666671
2015-11-14 00:00:00 UTC,-85,445,416004718,3.9152777777777774
2015-11-14 00:00:00 UTC,-85,-1254,359002000,10.017222222222223
2015-11-14 00:00:00 UTC,-85,-1253,359002000,3.1522222222222225
2015-11-14 00:00:00 UTC,-85,-1205,432856000,1.8255555555555554
2015-11-14 00:00:00 UTC,-85,584,416223700,5.70625
2015-11-14 00:00:00 UTC,-85,583,416223700,4.3066666666666666
2015-11-14 00:00:00 UTC,-85,582,416223700,6.9087499999999995
2015-11-14 00:00:00 UTC,-85,-1350,416503000,0.80361111111111116
2015-11-14 00:00:00 UTC,-85,-1349,416503000,3.9030555555555555
2015-11-14 00:00:00 UTC,-85,-1347,416503000,5.356527777777778
2015-11-14 00:00:00 UTC,-85,-1335,413462010,2.2104166666666667
2015-11-14 00:00:00 UTC,-85,-1336,413462010,5.3052777777777784
2015-11-14 00:00:00 UTC,-85,-1338,413462010,6.563194444444445
2015-11-14 00:00:00 UTC,-85,-1339,413462010,5.3738888888888887
2015-11-14 00:00:00 UTC,428,155,238337540,1.3623611111111114
2015-11-14 00:00:00 UTC,428,157,238337540,2.0565277777777773
2015-11-14 00:00:00 UTC,428,156,238337540,2.5840277777777776
2015-11-14 00:00:00 UTC,428,158,238337540,4.1190277777777782
2015-11-14 00:00:00 UTC,428,159,238337540,3.840694444444444
2015-11-14 00:00:00 UTC,428,159,238117140,4.09513888888889
2015-11-14 00:00:00 UTC,428,158,238117140,6.1780555555555559
2015-11-14 00:00:00 UTC,428,157,238117140,3.3326388888888889
2015-11-14 00:00:00 UTC,428,156,238117140,2.5893055555555557
2015-11-14 00:00:00 UTC,428,155,238117140,2.8234722222222217
2015-11-14 00:00:00 UTC,428,157,238327840,3.0661111111111112
2015-11-14 00:00:00 UTC,428,158,238327840,1.0229166666666667
2015-11-14 00:00:00 UTC,428,156,238327840,2.5580555555555557
2015-11-14 00:00:00 UTC,428,172,238742840,8.94138888888889
2015-11-14 00:00:00 UTC,428,-510,432605000,7.8126388888888885
2015-11-14 00:00:00 UTC,428,-509,432605000,5.0331944444444447
2015-11-14 00:00:00 UTC,428,171,238471240,5.8668055555555556
2015-11-14 00:00:00 UTC,428,166,238445140,2.9609722222222228
2015-11-14 00:00:00 UTC,428,165,238445140,6.4766666666666657
2015-11-14 00:00:00 UTC,428,164,238445140,0.26625
2015-11-14 00:00:00 UTC,428,172,238901340,6.6800000000000006
2015-11-14 00:00:00 UTC,428,158,238019940,4.4286111111111106
2015-11-14 00:00:00 UTC,428,156,238019940,0.26513888888888892
2015-11-14 00:00:00 UTC,428,160,238019940,4.2108333333333325
2015-11-14 00:00:00 UTC,428,159,238019940,2.6127777777777781
2015-11-14 00:00:00 UTC,428,157,238019940,6.2272222222222213
2015-11-14 00:00:00 UTC,428,165,238000001,1.0769444444444445
2015-11-14 00:00:00 UTC,428,1548,412672130,8.4129166666666659
2015-11-14 00:00:00 UTC,428,174,238013840,2.1733333333333338
2015-11-14 00:00:00 UTC,428,173,238013840,5.1738888888888885
2015-11-14 00:00:00 UTC,428,172,238013840,2.850833333333334
2015-11-14 00:00:00 UTC,428,-458,224020890,0.68597222222222221
2015-11-14 00:00:00 UTC,428,-459,224020890,0.50555555555555554
2015-11-14 00:00:00 UTC,428,1548,412672170,12.836805555555555
2015-11-14 00:00:00 UTC,428,1549,412672180,12.621944444444445
2015-11-14 00:00:00 UTC,428,-512,431395000,0.69347222222222227
2015-11-14 00:00:00 UTC,428,-511,431395000,0.98569444444444443
2015-11-14 00:00:00 UTC,428,172,238622140,6.6787500000000009
2015-11-14 00:00:00 UTC,428,-96,224085960,1.5975000000000001
2015-11-14 00:00:00 UTC,428,1550,412698070,8.0755555555555567
2015-11-14 00:00:00 UTC,428,159,238791640,6.8506944444444455
2015-11-14 00:00:00 UTC,428,158,238791640,4.1516666666666673
2015-11-14 00:00:00 UTC,428,160,238791640,6.6943055555555553
2015-11-14 00:00:00 UTC,428,-510,432374000,1.2047222222222222
2015-11-14 00:00:00 UTC,684,-600,316014240,1.5986111111111108
2015-11-14 00:00:00 UTC,684,-599,316014240,1.5462500000000001
2015-11-14 00:00:00 UTC,684,-600,316013290,3.1981944444444448
2015-11-14 00:00:00 UTC,-84,532,416004865,6.5619444444444452
2015-11-14 00:00:00 UTC,-84,531,416004865,10.027916666666666
2015-11-14 00:00:00 UTC,-84,530,416004865,3.787638888888889
2015-11-14 00:00:00 UTC,-84,-1475,416084500,4.3034722222222239
2015-11-14 00:00:00 UTC,-84,-193,224286000,0.974861111111111
2015-11-14 00:00:00 UTC,-84,-1241,431869000,3.490277777777778
2015-11-14 00:00:00 UTC,-84,-1246,431869000,3.4215277777777779
2015-11-14 00:00:00 UTC,-84,-187,224306000,0.62333333333333329
2015-11-14 00:00:00 UTC,-84,-188,224306000,2.2190277777777778
2015-11-14 00:00:00 UTC,-84,-1194,431602530,1.3836111111111109
2015-11-14 00:00:00 UTC,-84,-1253,359002000,3.0377777777777779
2015-11-14 00:00:00 UTC,-84,-1243,520217000,5.1980555555555563
2015-11-14 00:00:00 UTC,-84,-1245,520217000,1.3908333333333334
2015-11-14 00:00:00 UTC,-84,-1244,520217000,1.3661111111111111
2015-11-14 00:00:00 UTC,-84,-1246,520217000,4.6419444444444444
2015-11-14 00:00:00 UTC,-84,-1202,432856000,1.6641666666666663
2015-11-14 00:00:00 UTC,-84,-1204,432856000,0.65694444444444444
2015-11-14 00:00:00 UTC,-84,-1203,432856000,2.4095833333333334
2015-11-14 00:00:00 UTC,-84,583,416223700,1.5343055555555556
2015-11-14 00:00:00 UTC,-84,-1348,416503000,3.92
2015-11-14 00:00:00 UTC,-84,-1346,416503000,1.9176388888888887
2015-11-14 00:00:00 UTC,-84,-1347,416503000,0.78333333333333333
2015-11-14 00:00:00 UTC,-84,-1333,413462010,5.121249999999999
2015-11-14 00:00:00 UTC,429,156,238337540,0.54291666666666671
2015-11-14 00:00:00 UTC,429,157,238337540,1.6069444444444447
2015-11-14 00:00:00 UTC,429,157,238117140,3.3680555555555562
2015-11-14 00:00:00 UTC,429,156,238117140,0.2623611111111111
2015-11-14 00:00:00 UTC,429,154,238327840,0.81319444444444455
2015-11-14 00:00:00 UTC,429,156,238327840,1.3133333333333335
2015-11-14 00:00:00 UTC,429,155,238327840,0.25416666666666665
2015-11-14 00:00:00 UTC,429,171,238471240,0.53486111111111112
2015-11-14 00:00:00 UTC,429,163,238445140,1.5975
2015-11-14 00:00:00 UTC,429,164,238445140,5.1363888888888889
2015-11-14 00:00:00 UTC,429,171,238901340,0.78986111111111112
2015-11-14 00:00:00 UTC,429,156,238019940,1.8341666666666669
2015-11-14 00:00:00 UTC,429,-93,224245370,0.27513888888888888
2015-11-14 00:00:00 UTC,429,165,238000001,0.96097222222222212
2015-11-14 00:00:00 UTC,429,161,238000001,4.7990277777777788
2015-11-14 00:00:00 UTC,429,162,238000001,3.1888888888888891
2015-11-14 00:00:00 UTC,429,163,238000001,2.8988888888888891
2015-11-14 00:00:00 UTC,429,164,238000001,3.7716666666666665
2015-11-14 00:00:00 UTC,429,172,238013840,0.71013888888888888
2015-11-14 00:00:00 UTC,429,173,238013840,0.97777777777777775
2015-11-14 00:00:00 UTC,429,-512,431395000,3.8530555555555557
2015-11-14 00:00:00 UTC,429,171,238622140,0.80430555555555561
2015-11-14 00:00:00 UTC,429,-97,224085960,0.3
2015-11-14 00:00:00 UTC,429,-96,224085960,1.1995833333333332
2015-11-14 00:00:00 UTC,429,-511,432374000,5.3052777777777784
2015-11-14 00:00:00 UTC,429,1321,273358840,1.34625
2015-11-14 00:00:00 UTC,685,-599,316014240,3.1359722222222222
2015-11-14 00:00:00 UTC,685,-553,331224000,4.9168055555555554
2015-11-14 00:00:00 UTC,685,-552,331224000,2.0083333333333333
2015-11-14 00:00:00 UTC,685,-551,331224000,0.1411111111111111
2015-11-14 00:00:00 UTC,685,-554,331224000,6.1338888888888894
2015-11-14 00:00:00 UTC,685,-556,331224000,3.1597222222222223
2015-11-14 00:00:00 UTC,685,-555,331224000,3.170555555555556
2015-11-14 00:00:00 UTC,685,-599,316013290,1.5943055555555554
2015-11-14 00:00:00 UTC,685,-600,316013290,1.5098611111111111
2015-11-14 00:00:00 UTC,-83,-1474,412328714,6.54375
2015-11-14 00:00:00 UTC,-83,-1472,412328714,4.6822222222222223
2015-11-14 00:00:00 UTC,-83,-1478,412328714,5.905555555555555
2015-11-14 00:00:00 UTC,-83,-1473,412328714,1.3499999999999999
2015-11-14 00:00:00 UTC,-83,-1467,416084500,0.52055555555555555
2015-11-14 00:00:00 UTC,-83,118,432276000,1.3116666666666668
2015-11-14 00:00:00 UTC,-83,119,432276000,1.3791666666666664
2015-11-14 00:00:00 UTC,-83,-193,224286000,2.3120833333333333
2015-11-14 00:00:00 UTC,-83,-187,224306000,2.5733333333333337
2015-11-14 00:00:00 UTC,-83,-1194,431602530,1.3963888888888889
2015-11-14 00:00:00 UTC,-83,117,431889000,1.1665277777777778
2015-11-14 00:00:00 UTC,-83,118,431889000,1.4175
2015-11-14 00:00:00 UTC,-83,-1250,520238000,0.58736111111111111
2015-11-14 00:00:00 UTC,-83,-1249,520238000,0.68777777777777771
2015-11-14 00:00:00 UTC,-83,-1712,368046000,4.5331944444444439
2015-11-14 00:00:00 UTC,-83,-1711,368046000,0.07375
2015-11-14 00:00:00 UTC,-83,-1713,368046000,6.472500000000001
2015-11-14 00:00:00 UTC,-83,-1201,432856000,1.3894444444444443
2015-11-14 00:00:00 UTC,-83,583,416223700,6.1838888888888892
2015-11-14 00:00:00 UTC,430,154,238327840,2.1184722222222225
2015-11-14 00:00:00 UTC,430,1459,273899100,2.3309722222222224
2015-11-14 00:00:00 UTC,430,161,238000001,1.5791666666666666
2015-11-14 00:00:00 UTC,430,-510,431855000,3.0893055555555557
2015-11-14 00:00:00 UTC,430,158,238987940,0.77875
2015-11-14 00:00:00 UTC,430,-659,316012480,0.36152777777777778
2015-11-14 00:00:00 UTC,430,-96,224085960,0.86222222222222222
2015-11-14 00:00:00 UTC,430,-97,224085960,2.0083333333333337
2015-11-14 00:00:00 UTC,430,162,238836440,5.57875
2015-11-14 00:00:00 UTC,686,414,273433400,2.3993055555555558
2015-11-14 00:00:00 UTC,686,413,273433400,2.5770833333333334
2015-11-14 00:00:00 UTC,686,416,273433400,1.0061111111111112
2015-11-14 00:00:00 UTC,686,415,273433400,1.5243055555555556
2015-11-14 00:00:00 UTC,686,-546,331218000,1.6019444444444442
2015-11-14 00:00:00 UTC,686,-543,331218000,0.76333333333333331
2015-11-14 00:00:00 UTC,686,-545,331218000,1.4012499999999997
2015-11-14 00:00:00 UTC,686,-547,331218000,0.49944444444444447
2015-11-14 00:00:00 UTC,686,-544,331218000,1.596111111111111
2015-11-14 00:00:00 UTC,686,-598,316014240,1.4913888888888889
2015-11-14 00:00:00 UTC,686,-599,316014240,3.0125
2015-11-14 00:00:00 UTC,686,-551,331224000,4.1363888888888889
2015-11-14 00:00:00 UTC,686,-598,316013290,1.4906944444444445
2015-11-14 00:00:00 UTC,686,-599,316013290,4.4870833333333335
2015-11-14 00:00:00 UTC,-338,-532,711322899,31.819861111111113
2015-11-14 00:00:00 UTC,-82,532,416004865,5.4452777777777772
2015-11-14 00:00:00 UTC,-82,-1478,412328714,4.5311111111111115
2015-11-14 00:00:00 UTC,-82,119,432276000,4.3634722222222218
2015-11-14 00:00:00 UTC,-82,118,432276000,2.439861111111111
2015-11-14 00:00:00 UTC,-82,-1193,431602530,2.661111111111111
2015-11-14 00:00:00 UTC,-82,-1194,431602530,3.7552777777777777
2015-11-14 00:00:00 UTC,-82,116,431889000,2.2654166666666669
2015-11-14 00:00:00 UTC,-82,117,431889000,2.7684722222222224
2015-11-14 00:00:00 UTC,-82,118,431889000,1.1948611111111112
2015-11-14 00:00:00 UTC,-82,-1249,520238000,0.1413888888888889
2015-11-14 00:00:00 UTC,-82,-1248,520238000,0.76138888888888889
2015-11-14 00:00:00 UTC,-82,-1247,520238000,0.96805555555555545
2015-11-14 00:00:00 UTC,-82,-1246,520238000,0.76277777777777789
2015-11-14 00:00:00 UTC,-82,454,416004790,0.35555555555555557
2015-11-14 00:00:00 UTC,-82,455,416004790,0.79583333333333339
2015-11-14 00:00:00 UTC,-82,-1199,432856000,1.3390277777777779
2015-11-14 00:00:00 UTC,-82,-1201,432856000,1.2169444444444444
2015-11-14 00:00:00 UTC,-82,-1200,432856000,0.81611111111111112
2015-11-14 00:00:00 UTC,431,157,238988040,1.53875
2015-11-14 00:00:00 UTC,431,158,238988040,0.76986111111111122
2015-11-14 00:00:00 UTC,431,169,238893640,6.8834722222222213
2015-11-14 00:00:00 UTC,431,168,238893640,5.5906944444444449
2015-11-14 00:00:00 UTC,431,-662,316004170,0.84305555555555556
2015-11-14 00:00:00 UTC,431,-663,316004170,1.1569444444444443
2015-11-14 00:00:00 UTC,431,-206,224071000,5.766805555555556
2015-11-14 00:00:00 UTC,431,1460,273899100,4.50625
2015-11-14 00:00:00 UTC,431,167,238288740,6.1777777777777771
2015-11-14 00:00:00 UTC,431,168,238288740,6.7430555555555554
2015-11-14 00:00:00 UTC,431,169,238277740,2.4066666666666672
2015-11-14 00:00:00 UTC,431,168,238277740,3.1455555555555552
2015-11-14 00:00:00 UTC,431,168,238637940,2.8841666666666672
2015-11-14 00:00:00 UTC,431,168,238163340,1.5083333333333333
2015-11-14 00:00:00 UTC,431,169,238163340,1.1988888888888889
2015-11-14 00:00:00 UTC,431,157,238987940,2.2983333333333338
2015-11-14 00:00:00 UTC,431,169,238176440,5.805
2015-11-14 00:00:00 UTC,431,-513,263555000,4.3011111111111111
2015-11-14 00:00:00 UTC,431,-514,263555000,2.5163888888888888
2015-11-14 00:00:00 UTC,431,169,238622140,6.1820833333333338
2015-11-14 00:00:00 UTC,431,-659,316012480,12.886388888888886
2015-11-14 00:00:00 UTC,431,-657,316012480,1.6637499999999998
2015-11-14 00:00:00 UTC,431,-658,316012480,7.7005555555555567
2015-11-14 00:00:00 UTC,431,-97,224085960,0.94180555555555545
2015-11-14 00:00:00 UTC,431,-96,224085960,0.96305555555555555
2015-11-14 00:00:00 UTC,431,169,238775240,5.6506944444444445
2015-11-14 00:00:00 UTC,431,168,238196940,3.1729166666666666
2015-11-14 00:00:00 UTC,431,169,238196940,2.1606944444444443
2015-11-14 00:00:00 UTC,431,167,238196940,3.1068055555555554
2015-11-14 00:00:00 UTC,431,1462,273411800,6.4363888888888887
2015-11-14 00:00:00 UTC,431,167,238407140,3.700277777777778
2015-11-14 00:00:00 UTC,431,168,238407140,2.8179166666666666
2015-11-14 00:00:00 UTC,431,169,238407140,2.0944444444444446
2015-11-14 00:00:00 UTC,687,414,273433400,3.0758333333333332
2015-11-14 00:00:00 UTC,687,416,273433400,3.2231944444444443
2015-11-14 00:00:00 UTC,687,415,273433400,4.7234722222222221
2015-11-14 00:00:00 UTC,687,-543,331218000,0.80708333333333337
2015-11-14 00:00:00 UTC,687,-542,331218000,3.2612500000000004
2015-11-14 00:00:00 UTC,687,-598,316014240,1.4258333333333333
2015-11-14 00:00:00 UTC,687,-597,316014240,1.4668055555555557
2015-11-14 00:00:00 UTC,687,412,273328330,10.608333333333333
2015-11-14 00:00:00 UTC,687,-598,316013290,4.0373611111111112
2015-11-14 00:00:00 UTC,687,-597,316013290,2.7048611111111116
2015-11-14 00:00:00 UTC,-81,118,432276000,0.72555555555555551
2015-11-14 00:00:00 UTC,-81,119,432276000,7.174722222222222
2015-11-14 00:00:00 UTC,-81,-1138,432468000,1.6320833333333331
2015-11-14 00:00:00 UTC,-81,-188,224306000,2.588888888888889
2015-11-14 00:00:00 UTC,-81,-1751,367463000,6.0198611111111111
2015-11-14 00:00:00 UTC,-81,-1750,367463000,6.5768055555555565
2015-11-14 00:00:00 UTC,-81,-1193,431602530,1.1254166666666667
2015-11-14 00:00:00 UTC,-81,117,431889000,1.84
2015-11-14 00:00:00 UTC,-81,-214,416891000,1.8290277777777777
2015-11-14 00:00:00 UTC,-81,-215,416891000,2.77875
2015-11-14 00:00:00 UTC,-81,530,416004773,5.0325
2015-11-14 00:00:00 UTC,-81,531,416004773,1.7805555555555554
2015-11-14 00:00:00 UTC,-81,1447,440313000,11.096111111111112
2015-11-14 00:00:00 UTC,-81,1446,440313000,13.097499999999998
2015-11-14 00:00:00 UTC,-81,530,416345000,5.3579166666666662
2015-11-14 00:00:00 UTC,-81,-1245,520238000,1.1422222222222222
2015-11-14 00:00:00 UTC,-81,-1243,520238000,2.9666666666666663
2015-11-14 00:00:00 UTC,-81,454,416004790,0.8775
2015-11-14 00:00:00 UTC,-81,-1199,432856000,0.69097222222222232
2015-11-14 00:00:00 UTC,432,156,238988040,2.0844444444444443
2015-11-14 00:00:00 UTC,432,156,238327840,0.69055555555555559
2015-11-14 00:00:00 UTC,432,157,238327840,3.505
2015-11-14 00:00:00 UTC,432,164,238997540,0.53458333333333341
2015-11-14 00:00:00 UTC,432,164,238037040,0.53722222222222227
2015-11-14 00:00:00 UTC,432,-663,316004170,4.5155555555555562
2015-11-14 00:00:00 UTC,432,-662,316004170,17.41125
2015-11-14 00:00:00 UTC,432,-210,224071000,2.9570833333333333
2015-11-14 00:00:00 UTC,432,164,238288740,0.53458333333333341
2015-11-14 00:00:00 UTC,432,169,238277740,3.8270833333333329
2015-11-14 00:00:00 UTC,432,168,238277740,1.7229166666666664
2015-11-14 00:00:00 UTC,432,167,238277740,1.4245833333333333
2015-11-14 00:00:00 UTC,432,169,238637940,5.5043055555555549
2015-11-14 00:00:00 UTC,432,169,238163340,4.7190277777777778
2015-11-14 00:00:00 UTC,432,167,238163340,1.119861111111111
2015-11-14 00:00:00 UTC,432,170,238163340,0.26402777777777775
2015-11-14 00:00:00 UTC,432,168,238163340,4.1669444444444448
2015-11-14 00:00:00 UTC,432,164,238771340,0.60291666666666666
2015-11-14 00:00:00 UTC,432,157,238987940,0.25513888888888892
2015-11-14 00:00:00 UTC,432,156,238987940,1.8306944444444446
2015-11-14 00:00:00 UTC,432,169,238176440,5.87375
2015-11-14 00:00:00 UTC,432,164,238176440,0.60402777777777783
2015-11-14 00:00:00 UTC,432,168,238775240,6.2498611111111115
2015-11-14 00:00:00 UTC,432,169,238775240,0.53194444444444444
2015-11-14 00:00:00 UTC,432,169,238196940,2.6601388888888886
2015-11-14 00:00:00 UTC,432,167,238196940,0.80499999999999994
2015-11-14 00:00:00 UTC,432,-96,224051160,0.54694444444444446
2015-11-14 00:00:00 UTC,432,167,238407140,3.2862500000000003
2015-11-14 00:00:00 UTC,432,166,238407140,0.26916666666666667
2015-11-14 00:00:00 UTC,432,168,238407140,0.83333333333333337
2015-11-14 00:00:00 UTC,432,280,207343600,0.49930555555555556
2015-11-14 00:00:00 UTC,432,281,207343600,1.15
2015-11-14 00:00:00 UTC,432,168,238898940,3.6973611111111104
2015-11-14 00:00:00 UTC,432,169,238898940,4.2145833333333336
2015-11-14 00:00:00 UTC,432,167,238898940,3.3669444444444441
2015-11-14 00:00:00 UTC,432,166,238898940,0.63194444444444442
2015-11-14 00:00:00 UTC,688,423,273433400,2.7838888888888889
2015-11-14 00:00:00 UTC,688,-540,331218000,2.0741666666666667
2015-11-14 00:00:00 UTC,688,-541,331218000,1.7641666666666664
2015-11-14 00:00:00 UTC,688,-539,331218000,2.780555555555555
2015-11-14 00:00:00 UTC,-336,862,412440373,3.8873611111111113
2015-11-14 00:00:00 UTC,-336,863,412440373,1.7227777777777777
2015-11-14 00:00:00 UTC,-336,861,412440376,6.362916666666667
2015-11-14 00:00:00 UTC,-336,864,200008124,7.23875
2015-11-14 00:00:00 UTC,-80,118,432276000,3.0627777777777778
2015-11-14 00:00:00 UTC,-80,119,432276000,1.8177777777777777
2015-11-14 00:00:00 UTC,-80,-188,224306000,1.3915277777777779
2015-11-14 00:00:00 UTC,-80,1725,412209234,1.673888888888889
2015-11-14 00:00:00 UTC,-80,-1750,367463000,5.2722222222222221
2015-11-14 00:00:00 UTC,-80,116,431889000,5.1694444444444443
2015-11-14 00:00:00 UTC,-80,117,431889000,6.1334722222222231
2015-11-14 00:00:00 UTC,-80,-217,416891000,3.2463888888888888
2015-11-14 00:00:00 UTC,-80,-218,416891000,1.4205555555555556
2015-11-14 00:00:00 UTC,-80,-1714,338394000,4.4733333333333336
2015-11-14 00:00:00 UTC,-80,-1476,412685210,0.80861111111111117
2015-11-14 00:00:00 UTC,-80,850,416868000,9.6770833333333321
2015-11-14 00:00:00 UTC,-80,851,416868000,5.8602777777777781
2015-11-14 00:00:00 UTC,-80,531,416004773,1.8144444444444443
2015-11-14 00:00:00 UTC,-80,531,416345000,5.7161111111111111
2015-11-14 00:00:00 UTC,-80,529,416345000,2.6270833333333332
2015-11-14 00:00:00 UTC,-80,-1245,520238000,0.33291666666666669
2015-11-14 00:00:00 UTC,-80,-1244,520238000,2.7415277777777778
2015-11-14 00:00:00 UTC,-80,454,416004790,1.36
2015-11-14 00:00:00 UTC,-80,453,416004790,2.1937499999999996
2015-11-14 00:00:00 UTC,-80,452,416004790,4.0868055555555554
2015-11-14 00:00:00 UTC,-80,-1199,432856000,1.4615277777777775
2015-11-14 00:00:00 UTC,177,-290,224098420,1.7458333333333331
2015-11-14 00:00:00 UTC,433,156,238988040,1.2831944444444443
2015-11-14 00:00:00 UTC,433,157,238988040,0.76388888888888884
2015-11-14 00:00:00 UTC,433,-1245,366047000,2.3115277777777772
2015-11-14 00:00:00 UTC,433,-209,224071000,4.2372222222222229
2015-11-14 00:00:00 UTC,433,1467,273899100,7.8034722222222221
2015-11-14 00:00:00 UTC,433,-95,224161140,2.3724999999999996
2015-11-14 00:00:00 UTC,433,-96,224161140,5.2438888888888888
2015-11-14 00:00:00 UTC,433,160,238400640,0.52625
2015-11-14 00:00:00 UTC,433,162,238400640,4.0058333333333334
2015-11-14 00:00:00 UTC,433,161,238400640,6.1286111111111117
2015-11-14 00:00:00 UTC,433,156,238987940,2.0611111111111109
2015-11-14 00:00:00 UTC,433,157,238987940,0.79347222222222213
2015-11-14 00:00:00 UTC,433,1465,273411800,12.976805555555556
2015-11-14 00:00:00 UTC,689,-530,331000074,0.63277777777777777
2015-11-14 00:00:00 UTC,689,-529,331000074,2.1743055555555557
2015-11-14 00:00:00 UTC,689,426,273433400,1.6204166666666666
2015-11-14 00:00:00 UTC,689,-540,331218000,2.2405555555555559
2015-11-14 00:00:00 UTC,689,-539,331218000,0.77180555555555552
2015-11-14 00:00:00 UTC,-335,860,412440373,4.2076388888888889
2015-11-14 00:00:00 UTC,-335,862,412440373,6.7034722222222225
2015-11-14 00:00:00 UTC,-335,861,412440376,5.9356944444444437
2015-11-14 00:00:00 UTC,-335,864,200008124,5.8888888888888893
2015-11-14 00:00:00 UTC,-335,858,200008125,7.2201388888888891
2015-11-14 00:00:00 UTC,-79,118,432276000,1.704722222222222
2015-11-14 00:00:00 UTC,-79,-196,224308000,3.9488888888888889
2015-11-14 00:00:00 UTC,-79,-1138,432468000,0.87277777777777776
2015-11-14 00:00:00 UTC,-79,807,416071500,4.299722222222222
2015-11-14 00:00:00 UTC,-79,811,416071500,1.5483333333333333
2015-11-14 00:00:00 UTC,-79,810,416071500,3.9708333333333332
2015-11-14 00:00:00 UTC,-79,806,416071500,2.431111111111111
2015-11-14 00:00:00 UTC,-79,808,416071500,2.3172222222222221
2015-11-14 00:00:00 UTC,-79,809,416071500,2.0804166666666668
2015-11-14 00:00:00 UTC,-79,-187,224306000,0.95791666666666664
2015-11-14 00:00:00 UTC,-79,-188,224306000,0.89291666666666658
2015-11-14 00:00:00 UTC,-79,-1746,367463000,0.92541666666666667
2015-11-14 00:00:00 UTC,-79,478,664145000,4.7866666666666671
2015-11-14 00:00:00 UTC,-79,117,431889000,1.3394444444444444
2015-11-14 00:00:00 UTC,-79,-213,416891000,0.025
2015-11-14 00:00:00 UTC,-79,-220,416891000,3.8788888888888891
2015-11-14 00:00:00 UTC,-79,-218,416891000,2.141805555555556
2015-11-14 00:00:00 UTC,-79,-214,416891000,6.0806944444444451
2015-11-14 00:00:00 UTC,-79,-212,416891000,1.7915277777777776
2015-11-14 00:00:00 UTC,-79,-1472,412685210,0.78499999999999981
2015-11-14 00:00:00 UTC,-79,-1473,412685210,0.58819444444444435
2015-11-14 00:00:00 UTC,-79,-1474,412685210,1.3245833333333332
2015-11-14 00:00:00 UTC,-79,-1476,412685210,9.5869444444444429
2015-11-14 00:00:00 UTC,-79,-1470,412685210,5.5359722222222238
2015-11-14 00:00:00 UTC,-79,846,416868000,6.6288888888888886
2015-11-14 00:00:00 UTC,-79,-216,416137900,11.511111111111113
2015-11-14 00:00:00 UTC,-79,-1241,520238000,3.4698611111111117
2015-11-14 00:00:00 UTC,-79,-1240,520238000,2.9259722222222222
2015-11-14 00:00:00 UTC,-79,453,416004790,2.1327777777777777
2015-11-14 00:00:00 UTC,-79,452,416004790,2.6648611111111111
2015-11-14 00:00:00 UTC,-79,-1199,432856000,2.2623611111111108
2015-11-14 00:00:00 UTC,-79,-1754,367170000,4.3031944444444452
2015-11-14 00:00:00 UTC,-79,-1487,412371178,1.0252777777777777
2015-11-14 00:00:00 UTC,-79,-1485,412371178,2.9861111111111112
2015-11-14 00:00:00 UTC,178,-290,224098420,1.7048611111111109
2015-11-14 00:00:00 UTC,434,153,238988040,0.55291666666666661
2015-11-14 00:00:00 UTC,434,154,238988040,3.2218055555555556
2015-11-14 00:00:00 UTC,434,157,238988040,1.0418055555555557
2015-11-14 00:00:00 UTC,434,156,238988040,2.0518055555555552
2015-11-14 00:00:00 UTC,434,155,238988040,2.3737500000000002
2015-11-14 00:00:00 UTC,434,-1245,366047000,1.0276388888888888
2015-11-14 00:00:00 UTC,434,163,238037040,4.04375
2015-11-14 00:00:00 UTC,434,-17,227626810,20.2875
2015-11-14 00:00:00 UTC,434,163,238279740,6.4854166666666657
2015-11-14 00:00:00 UTC,434,-210,224071000,0.9654166666666667
2015-11-14 00:00:00 UTC,434,1467,273899100,4.5536111111111115
2015-11-14 00:00:00 UTC,434,1469,273899100,4.6390277777777778
2015-11-14 00:00:00 UTC,434,-94,224161140,0.26555555555555554
2015-11-14 00:00:00 UTC,434,-96,224161140,1.0180555555555555
2015-11-14 00:00:00 UTC,434,160,238400640,1.3272222222222223
2015-11-14 00:00:00 UTC,434,155,238987940,2.814027777777778
2015-11-14 00:00:00 UTC,434,154,238987940,2.612222222222222
2015-11-14 00:00:00 UTC,434,153,238987940,1.3044444444444445
2015-11-14 00:00:00 UTC,434,157,238987940,1.2783333333333333
2015-11-14 00:00:00 UTC,434,156,238987940,1.5515277777777776
2015-11-14 00:00:00 UTC,434,152,238649510,2.0584722222222225
2015-11-14 00:00:00 UTC,434,153,238649510,0.74541666666666662
2015-11-14 00:00:00 UTC,434,-20,224073390,1.4084722222222223
2015-11-14 00:00:00 UTC,434,-19,224073390,2.7863888888888888
2015-11-14 00:00:00 UTC,434,-23,224073390,2.7202777777777776
2015-11-14 00:00:00 UTC,434,-24,224073390,0.715
2015-11-14 00:00:00 UTC,434,-23,224087530,2.6266666666666669
2015-11-14 00:00:00 UTC,434,-19,224087530,3.7843055555555556
2015-11-14 00:00:00 UTC,434,-20,224087530,1.9558333333333333
2015-11-14 00:00:00 UTC,434,-22,224087530,2.5390277777777781
2015-11-14 00:00:00 UTC,434,-21,227531000,9.6091666666666669
2015-11-14 00:00:00 UTC,434,-20,227531000,5.922083333333334
2015-11-14 00:00:00 UTC,690,-530,331000074,2.0175
2015-11-14 00:00:00 UTC,690,-531,331000074,0.82958333333333345
2015-11-14 00:00:00 UTC,690,428,273433400,1.1618055555555555
2015-11-14 00:00:00 UTC,690,431,273211800,1.5838888888888887
2015-11-14 00:00:00 UTC,690,429,273211800,1.6097222222222221
2015-11-14 00:00:00 UTC,690,428,273211800,1.0309722222222222
2015-11-14 00:00:00 UTC,690,430,273211800,0.81125
2015-11-14 00:00:00 UTC,690,166,257164700,1.3683333333333334
2015-11-14 00:00:00 UTC,-334,168,601787000,2.4581944444444446
2015-11-14 00:00:00 UTC,-334,858,200008125,5.894166666666667
2015-11-14 00:00:00 UTC,-334,855,200008125,4.2740277777777775
2015-11-14 00:00:00 UTC,-78,-1339,412460299,3.8786111111111117
2015-11-14 00:00:00 UTC,-78,-1138,432468000,0.68069444444444449
2015-11-14 00:00:00 UTC,-78,-193,224286000,3.9444444444444442
2015-11-14 00:00:00 UTC,-78,809,416071500,3.5147222222222227
2015-11-14 00:00:00 UTC,-78,808,416071500,3.9638888888888886
2015-11-14 00:00:00 UTC,-78,-188,224306000,2.4427777777777777
2015-11-14 00:00:00 UTC,-78,-187,224306000,3.9309722222222221
2015-11-14 00:00:00 UTC,-78,1724,412209234,1.4137499999999998
2015-11-14 00:00:00 UTC,-78,-1193,431602530,4.7797222222222251
2015-11-14 00:00:00 UTC,-78,-213,416891000,4.7745833333333341
2015-11-14 00:00:00 UTC,-78,-1507,576847000,2.9431944444444449
2015-11-14 00:00:00 UTC,-78,-1510,576847000,1.0823611111111109
2015-11-14 00:00:00 UTC,-78,-209,416137900,9.9631944444444454
2015-11-14 00:00:00 UTC,-78,-1241,520238000,1.4301388888888888
2015-11-14 00:00:00 UTC,-78,-1240,520238000,1.4255555555555555
2015-11-14 00:00:00 UTC,-78,-1203,431700660,0.50416666666666665
2015-11-14 00:00:00 UTC,-78,-1204,431700660,0.5330555555555555
2015-11-14 00:00:00 UTC,-78,454,416004790,2.7343055555555553
2015-11-14 00:00:00 UTC,-78,453,416004790,1.7447222222222223
2015-11-14 00:00:00 UTC,-78,-1488,412371178,4.9497222222222224
2015-11-14 00:00:00 UTC,-78,-1483,412371178,2.2781944444444444
2015-11-14 00:00:00 UTC,-78,-1482,412371178,1.7911111111111111
2015-11-14 00:00:00 UTC,-78,-1484,412371178,2.5469444444444447
2015-11-14 00:00:00 UTC,-78,-1485,412371178,3.9194444444444447
2015-11-14 00:00:00 UTC,179,-290,224098420,1.2693055555555555
2015-11-14 00:00:00 UTC,435,153,238988040,0.81680555555555556
2015-11-14 00:00:00 UTC,435,-16,227626810,3.0998611111111107
2015-11-14 00:00:00 UTC,435,157,238623040,3.1398611111111117
2015-11-14 00:00:00 UTC,435,155,238623040,2.9030555555555559
2015-11-14 00:00:00 UTC,435,154,238623040,0.87194444444444452
2015-11-14 00:00:00 UTC,435,158,238623040,2.0826388888888889
2015-11-14 00:00:00 UTC,435,156,238623040,3.15625
2015-11-14 00:00:00 UTC,435,-210,224071000,0.675
2015-11-14 00:00:00 UTC,435,153,238757740,3.5305555555555554
2015-11-14 00:00:00 UTC,435,-93,224161140,0.51083333333333336
2015-11-14 00:00:00 UTC,435,-95,224161140,0.77972222222222221
2015-11-14 00:00:00 UTC,435,-94,224161140,1.6019444444444446
2015-11-14 00:00:00 UTC,435,-21,224005540,3.1472222222222226
2015-11-14 00:00:00 UTC,435,-23,224005540,8.8794444444444451
2015-11-14 00:00:00 UTC,435,-22,224005540,6.7281944444444433
2015-11-14 00:00:00 UTC,435,153,238649510,1.7508333333333335
2015-11-14 00:00:00 UTC,435,154,238649510,10.652083333333334
2015-11-14 00:00:00 UTC,435,-93,224151980,8.9248611111111114
2015-11-14 00:00:00 UTC,435,-22,224073390,4.3147222222222217
2015-11-14 00:00:00 UTC,435,-20,224073390,1.5381944444444444
2015-11-14 00:00:00 UTC,435,-19,224073390,2.6395833333333329
2015-11-14 00:00:00 UTC,435,-21,224073390,6.1959722222222222
2015-11-14 00:00:00 UTC,435,164,238196940,0.25791666666666668
2015-11-14 00:00:00 UTC,435,156,238996440,1.8244444444444443
2015-11-14 00:00:00 UTC,435,157,238996440,9.3690277777777773
2015-11-14 00:00:00 UTC,435,155,238955240,0.26097222222222222
2015-11-14 00:00:00 UTC,435,-20,224087530,0.86916666666666664
2015-11-14 00:00:00 UTC,435,-19,224087530,3.1386111111111115
2015-11-14 00:00:00 UTC,435,-21,224087530,5.925416666666667
2015-11-14 00:00:00 UTC,435,-22,224087530,1.85375
2015-11-14 00:00:00 UTC,435,-93,224082160,6.3005555555555564
2015-11-14 00:00:00 UTC,691,410,273555000,26.041805555555555
2015-11-14 00:00:00 UTC,691,434,273218900,1.5204166666666667
2015-11-14 00:00:00 UTC,691,432,273218900,3.0891666666666668
2015-11-14 00:00:00 UTC,691,431,273218900,4.3822222222222225
2015-11-14 00:00:00 UTC,691,432,273292400,1.6013888888888888
2015-11-14 00:00:00 UTC,691,435,273292400,1.5220833333333332
2015-11-14 00:00:00 UTC,691,433,273292400,1.5086111111111111
2015-11-14 00:00:00 UTC,691,438,273292400,1.5201388888888889
2015-11-14 00:00:00 UTC,691,429,273211800,1.5097222222222224
2015-11-14 00:00:00 UTC,691,424,273211800,3.0306944444444444
2015-11-14 00:00:00 UTC,691,425,273211800,4.3876388888888886
2015-11-14 00:00:00 UTC,691,427,273211800,3.0980555555555558
2015-11-14 00:00:00 UTC,691,428,273211800,1.5051388888888888
2015-11-14 00:00:00 UTC,691,167,257164700,1.9783333333333333
2015-11-14 00:00:00 UTC,691,166,257164700,0.953611111111111
2015-11-14 00:00:00 UTC,691,168,257164700,0.26236111111111116
2015-11-14 00:00:00 UTC,691,-591,331428000,0.62874999999999992
2015-11-14 00:00:00 UTC,691,430,273457870,1.6115277777777777
2015-11-14 00:00:00 UTC,-333,861,412440373,1.7297222222222224
2015-11-14 00:00:00 UTC,-333,860,412440376,5.2455555555555566
2015-11-14 00:00:00 UTC,-333,169,601352000,5.4076388888888891
2015-11-14 00:00:00 UTC,-333,168,601352000,0.44541666666666674
2015-11-14 00:00:00 UTC,-333,170,601787000,4.2494444444444444
2015-11-14 00:00:00 UTC,-333,168,601787000,1.0373611111111112
2015-11-14 00:00:00 UTC,-333,169,601787000,2.9843055555555553
2015-11-14 00:00:00 UTC,-333,855,200008125,1.6752777777777776
2015-11-14 00:00:00 UTC,-77,-1339,412460299,0.83430555555555563
2015-11-14 00:00:00 UTC,-77,-1328,412460299,0.74291666666666667
2015-11-14 00:00:00 UTC,-77,-1329,412460299,4.3884722222222221
2015-11-14 00:00:00 UTC,-77,-1138,432468000,5.8105555555555561
2015-11-14 00:00:00 UTC,-77,1724,412209234,1.4318055555555556
2015-11-14 00:00:00 UTC,-77,-214,225319000,3.4445833333333331
2015-11-14 00:00:00 UTC,-77,-218,225319000,1.3966666666666665
2015-11-14 00:00:00 UTC,-77,476,664145000,5.1586111111111119
2015-11-14 00:00:00 UTC,-77,-1716,338394000,6.9641666666666673
2015-11-14 00:00:00 UTC,-77,-1713,338394000,0.58583333333333332
2015-11-14 00:00:00 UTC,-77,-1717,338394000,3.4845833333333336
2015-11-14 00:00:00 UTC,-77,-1503,576847000,1.9730555555555558
2015-11-14 00:00:00 UTC,-77,-1510,576847000,1.7237500000000001
2015-11-14 00:00:00 UTC,-77,-1505,576847000,2.11875
2015-11-14 00:00:00 UTC,-77,-1504,576847000,2.4644444444444447
2015-11-14 00:00:00 UTC,-77,847,416868000,1.7951388888888891
2015-11-14 00:00:00 UTC,-77,-1241,520238000,2.4309722222222225
2015-11-14 00:00:00 UTC,-77,-1240,520238000,1.0231944444444445
2015-11-14 00:00:00 UTC,-77,-1203,431700660,1.4370833333333333
2015-11-14 00:00:00 UTC,-77,-1205,431700660,2.9790277777777776
2015-11-14 00:00:00 UTC,-77,-1204,431700660,0.18736111111111112
2015-11-14 00:00:00 UTC,-77,452,416004790,5.1130555555555564
2015-11-14 00:00:00 UTC,-77,-1747,367170000,5.6949999999999994
2015-11-14 00:00:00 UTC,-77,-1748,367170000,4.2390277777777774
2015-11-14 00:00:00 UTC,-77,-1487,412371178,0.84986111111111118
2015-11-14 00:00:00 UTC,-77,-1488,412371178,1.0068055555555555
2015-11-14 00:00:00 UTC,-77,-1482,412371178,2.5495833333333335
2015-11-14 00:00:00 UTC,-77,124,603100139,1.4290277777777778
2015-11-14 00:00:00 UTC,-77,125,603100139,4.628333333333333
2015-11-14 00:00:00 UTC,180,-290,224098420,4.0608333333333331
2015-11-14 00:00:00 UTC,180,-1798,416004594,1.3047222222222223
2015-11-14 00:00:00 UTC,180,-1797,416004594,3.0155555555555558
2015-11-14 00:00:00 UTC,436,158,238279740,6.649861111111111
2015-11-14 00:00:00 UTC,436,-211,224071000,1.0086111111111111
2015-11-14 00:00:00 UTC,436,154,238757740,6.5495833333333326
2015-11-14 00:00:00 UTC,436,153,238757740,0.25847222222222221
2015-11-14 00:00:00 UTC,436,-91,224161140,0.25625
2015-11-14 00:00:00 UTC,436,-93,224161140,0.25277777777777777
2015-11-14 00:00:00 UTC,436,-94,224161140,0.26222222222222225
2015-11-14 00:00:00 UTC,436,-92,224161140,0.51055555555555565
2015-11-14 00:00:00 UTC,436,158,238771340,8.9555555555555575
2015-11-14 00:00:00 UTC,436,157,238996440,1.5445833333333332
2015-11-14 00:00:00 UTC,436,156,238996440,0.78694444444444445
2015-11-14 00:00:00 UTC,436,155,238955240,0.53902777777777777
2015-11-14 00:00:00 UTC,436,154,238955240,6.7147222222222211
2015-11-14 00:00:00 UTC,436,153,238955240,2.3970833333333332
2015-11-14 00:00:00 UTC,692,-590,331072000,1.6123611111111111
2015-11-14 00:00:00 UTC,692,433,273313560,6.8920833333333329
2015-11-14 00:00:00 UTC,692,434,273313560,1.7159722222222222
2015-11-14 00:00:00 UTC,692,438,273218900,1.5058333333333334
2015-11-14 00:00:00 UTC,692,434,273218900,1.8440277777777776
2015-11-14 00:00:00 UTC,692,436,273218900,3.1458333333333335
2015-11-14 00:00:00 UTC,692,439,273218900,1.5222222222222221
2015-11-14 00:00:00 UTC,692,433,273218900,3.9815277777777776
2015-11-14 00:00:00 UTC,692,432,273218900,2.7552777777777777
2015-11-14 00:00:00 UTC,692,437,273292400,1.5072222222222222
2015-11-14 00:00:00 UTC,692,433,273292400,0.80819444444444444
2015-11-14 00:00:00 UTC,692,435,273292400,2.5633333333333335
2015-11-14 00:00:00 UTC,692,439,273292400,1.5205555555555557
2015-11-14 00:00:00 UTC,692,431,273292400,6.771527777777778
2015-11-14 00:00:00 UTC,692,434,273292400,0.75569444444444445
2015-11-14 00:00:00 UTC,692,432,273292400,4.1895833333333332
2015-11-14 00:00:00 UTC,692,-591,331119000,4.9195833333333336
2015-11-14 00:00:00 UTC,692,431,273359770,2.4598611111111111
2015-11-14 00:00:00 UTC,692,432,273359770,6.0600000000000005
2015-11-14 00:00:00 UTC,692,439,273359770,1.6251388888888889
2015-11-14 00:00:00 UTC,692,436,273359770,3.0940277777777778
2015-11-14 00:00:00 UTC,692,440,273359770,1.6072222222222221
2015-11-14 00:00:00 UTC,692,438,273359770,2.274861111111111
2015-11-14 00:00:00 UTC,692,433,273359770,1.7490277777777778
2015-11-14 00:00:00 UTC,692,442,273359770,1.0161111111111112
2015-11-14 00:00:00 UTC,692,434,273359770,2.2751388888888888
2015-11-14 00:00:00 UTC,692,-591,331428000,1.1254166666666667
2015-11-14 00:00:00 UTC,692,-590,331428000,0.90541666666666665
2015-11-14 00:00:00 UTC,692,432,273457870,2.4819444444444443
2015-11-14 00:00:00 UTC,692,431,273457870,4.1516666666666664
2015-11-14 00:00:00 UTC,692,438,273457870,4.6386111111111106
2015-11-14 00:00:00 UTC,692,435,273457870,1.5074999999999998
2015-11-14 00:00:00 UTC,-332,169,601674000,8.0959722222222226
2015-11-14 00:00:00 UTC,-332,170,601332000,6.6327777777777772
2015-11-14 00:00:00 UTC,-332,171,601332000,1.6629166666666668
2015-11-14 00:00:00 UTC,-332,172,601332000,3.45875
2015-11-14 00:00:00 UTC,-332,862,412440373,6.3211111111111116
2015-11-14 00:00:00 UTC,-332,861,412440376,5.5048611111111114
2015-11-14 00:00:00 UTC,-332,168,601352000,2.7206944444444443
2015-11-14 00:00:00 UTC,-332,169,601352000,15.11652777777778
2015-11-14 00:00:00 UTC,-332,169,601787000,15.224027777777779
2015-11-14 00:00:00 UTC,-332,862,200008124,1.7537500000000001
2015-11-14 00:00:00 UTC,-332,863,200008124,5.4373611111111115
2015-11-14 00:00:00 UTC,-332,858,200008125,1.7052777777777779
2015-11-14 00:00:00 UTC,-76,1756,416501000,5.846111111111111
2015-11-14 00:00:00 UTC,-76,-1336,412460299,5.3381944444444436
2015-11-14 00:00:00 UTC,-76,-1328,412460299,1.422638888888889
2015-11-14 00:00:00 UTC,-76,-1329,412460299,1.3752777777777778
2015-11-14 00:00:00 UTC,-76,-1337,412460299,1.9402777777777778
2015-11-14 00:00:00 UTC,-76,-1330,412460299,4.6576388888888891
2015-11-14 00:00:00 UTC,-76,470,416004879,8.7131944444444436
2015-11-14 00:00:00 UTC,-76,468,416004879,3.4893055555555552
2015-11-14 00:00:00 UTC,-76,516,416530000,3.45375
2015-11-14 00:00:00 UTC,-76,-1716,338394000,3.8068055555555556
2015-11-14 00:00:00 UTC,-76,-1504,576847000,2.5388888888888888
2015-11-14 00:00:00 UTC,-76,-1503,576847000,0.76180555555555551
2015-11-14 00:00:00 UTC,-76,-1502,576847000,2.6568055555555556
2015-11-14 00:00:00 UTC,-76,848,416868000,3.7161111111111111
2015-11-14 00:00:00 UTC,-76,-1716,368046000,2.0566666666666666
2015-11-14 00:00:00 UTC,-76,125,603100139,0.16513888888888889
2015-11-14 00:00:00 UTC,-76,124,603100139,11.080972222222222
2015-11-14 00:00:00 UTC,181,1094,424106,7.8177777777777768
2015-11-14 00:00:00 UTC,181,1093,424106,7.4597222222222221
2015-11-14 00:00:00 UTC,181,-1800,416004594,1.1019444444444444
2015-11-14 00:00:00 UTC,181,-1798,416004594,0.61625
2015-11-14 00:00:00 UTC,181,1799,416004594,1.4386111111111113
2015-11-14 00:00:00 UTC,181,-1799,416004594,1.3702777777777777
2015-11-14 00:00:00 UTC,437,-211,224071000,1.2455555555555555
2015-11-14 00:00:00 UTC,437,-91,224161140,0.51
2015-11-14 00:00:00 UTC,437,-90,224161140,0.77986111111111112
2015-11-14 00:00:00 UTC,437,-88,263546000,0.555
2015-11-14 00:00:00 UTC,437,153,238955240,0.67944444444444452
2015-11-14 00:00:00 UTC,437,152,238955240,4.7894444444444444
2015-11-14 00:00:00 UTC,693,-591,331072000,3.2234722222222221
2015-11-14 00:00:00 UTC,693,436,273313560,3.2326388888888888
2015-11-14 00:00:00 UTC,693,434,273313560,1.0144444444444445
2015-11-14 00:00:00 UTC,693,443,273313560,1.5081944444444444
2015-11-14 00:00:00 UTC,693,438,273313560,1.524861111111111
2015-11-14 00:00:00 UTC,693,435,273313560,1.6138888888888889
2015-11-14 00:00:00 UTC,693,437,273313560,1.5261111111111112
2015-11-14 00:00:00 UTC,693,441,273313560,1.5223611111111111
2015-11-14 00:00:00 UTC,693,445,273313560,0.81888888888888889
2015-11-14 00:00:00 UTC,693,-590,331119000,4.6730555555555551
2015-11-14 00:00:00 UTC,693,442,273359770,1.5816666666666666
2015-11-14 00:00:00 UTC,693,441,273359770,0.80986111111111114
2015-11-14 00:00:00 UTC,693,-590,331428000,2.3694444444444445
2015-11-14 00:00:00 UTC,693,441,273457870,1.4826388888888888
2015-11-14 00:00:00 UTC,693,443,273457870,0.81166666666666676
2015-11-14 00:00:00 UTC,693,444,273457870,0.78388888888888886
2015-11-14 00:00:00 UTC,693,440,273457870,1.5234722222222223
2015-11-14 00:00:00 UTC,693,158,258529000,2.0715277777777779
2015-11-14 00:00:00 UTC,-331,170,601332000,0.55013888888888884
2015-11-14 00:00:00 UTC,-331,169,601332000,7.3498611111111112
2015-11-14 00:00:00 UTC,-331,-1038,576635000,3.0420833333333333
2015-11-14 00:00:00 UTC,-331,859,200008124,4.2279166666666663
2015-11-14 00:00:00 UTC,-331,858,200008125,3.8201388888888888
2015-11-14 00:00:00 UTC,-75,1756,416501000,4.870972222222222
2015-11-14 00:00:00 UTC,-75,515,416530000,1.6956944444444444
2015-11-14 00:00:00 UTC,-75,487,416171900,1.1165277777777778
2015-11-14 00:00:00 UTC,-75,488,416171900,0.98319444444444448
2015-11-14 00:00:00 UTC,-75,-1507,576847000,3.2594444444444441
2015-11-14 00:00:00 UTC,-75,-1508,576847000,1.5737500000000002
2015-11-14 00:00:00 UTC,-75,-1509,576847000,0.17069444444444445
2015-11-14 00:00:00 UTC,-75,-1203,431700660,2.0590277777777781
2015-11-14 00:00:00 UTC,-75,-1740,367170000,2.2955555555555556
2015-11-14 00:00:00 UTC,-75,120,603100139,1.9902777777777778
2015-11-14 00:00:00 UTC,-75,121,603100139,3.9230555555555551
2015-11-14 00:00:00 UTC,182,1094,997753768,23.730694444444442
2015-11-14 00:00:00 UTC,182,1093,412470486,11.852500000000001
2015-11-14 00:00:00 UTC,182,1092,412470486,4.6456944444444446
2015-11-14 00:00:00 UTC,182,1798,416004594,2.4793055555555554
2015-11-14 00:00:00 UTC,438,-90,224161140,1.9783333333333335
2015-11-14 00:00:00 UTC,438,-87,263546000,1.7591666666666665
2015-11-14 00:00:00 UTC,438,-88,263546000,1.1473611111111111
2015-11-14 00:00:00 UTC,438,-90,224082160,2.2802777777777781
2015-11-14 00:00:00 UTC,438,-89,224082160,4.7730555555555556
2015-11-14 00:00:00 UTC,694,-591,331072000,4.3409722222222218
2015-11-14 00:00:00 UTC,694,-590,331072000,2.9008333333333338
2015-11-14 00:00:00 UTC,694,203,257137420,1.4530555555555553
2015-11-14 00:00:00 UTC,694,202,257137420,0.55972222222222223
2015-11-14 00:00:00 UTC,694,158,257485600,1.5959722222222221
2015-11-14 00:00:00 UTC,694,166,257436720,2.2941666666666669
2015-11-14 00:00:00 UTC,694,165,257436720,2.9341666666666661
2015-11-14 00:00:00 UTC,694,167,257436720,1.9145833333333333
2015-11-14 00:00:00 UTC,694,-590,331119000,3.1191666666666666
2015-11-14 00:00:00 UTC,694,-590,331428000,3.794027777777778
2015-11-14 00:00:00 UTC,694,449,273457870,0.99625000000000008
2015-11-14 00:00:00 UTC,694,446,273457870,1.6233333333333331
2015-11-14 00:00:00 UTC,694,448,273457870,0.80402777777777779
2015-11-14 00:00:00 UTC,694,158,258529000,2.7429166666666669
2015-11-14 00:00:00 UTC,-330,174,601674000,3.9
2015-11-14 00:00:00 UTC,-330,175,601674000,0.66597222222222219
2015-11-14 00:00:00 UTC,-330,-1038,576635000,1.6558333333333335
2015-11-14 00:00:00 UTC,-74,536,664544000,2.3113888888888887
2015-11-14 00:00:00 UTC,-74,1756,416501000,2.79375
2015-11-14 00:00:00 UTC,-74,468,416004879,2.4897222222222224
2015-11-14 00:00:00 UTC,-74,515,416530000,1.8130555555555554
2015-11-14 00:00:00 UTC,-74,-221,225319000,0.34958333333333336
2015-11-14 00:00:00 UTC,-74,487,416171900,1.7598611111111113
2015-11-14 00:00:00 UTC,-74,490,416171900,1.2023611111111112
2015-11-14 00:00:00 UTC,-74,489,416171900,2.8740277777777776
2015-11-14 00:00:00 UTC,-74,-1203,431700660,1.3752777777777778
2015-11-14 00:00:00 UTC,-74,-1331,416120500,0.7925
2015-11-14 00:00:00 UTC,-74,-1332,416120500,4.3447222222222228
2015-11-14 00:00:00 UTC,183,-1147,366749490,7.3804166666666671
2015-11-14 00:00:00 UTC,183,1553,431698000,1.5676388888888888
2015-11-14 00:00:00 UTC,183,1552,431698000,2.254027777777778
2015-11-14 00:00:00 UTC,183,-286,224098420,0.85027777777777769
2015-11-14 00:00:00 UTC,183,1797,416004594,2.0411111111111109
2015-11-14 00:00:00 UTC,439,-84,224032880,1.6601388888888888
2015-11-14 00:00:00 UTC,439,-87,263546000,0.6497222222222222
2015-11-14 00:00:00 UTC,439,-86,263546000,3.3759722222222224
2015-11-14 00:00:00 UTC,439,-90,224082160,2.5084722222222222
2015-11-14 00:00:00 UTC,439,-89,224082160,0.3
2015-11-14 00:00:00 UTC,695,-593,331072000,1.5359722222222223
2015-11-14 00:00:00 UTC,695,-592,331072000,2.2698611111111111
2015-11-14 00:00:00 UTC,695,-591,331072000,4.5766666666666671
2015-11-14 00:00:00 UTC,695,166,257152520,3.0924999999999994
2015-11-14 00:00:00 UTC,695,167,257152520,8.68361111111111
2015-11-14 00:00:00 UTC,695,171,257176640,2.7968055555555562
2015-11-14 00:00:00 UTC,695,-591,331208000,0.46319444444444446
2015-11-14 00:00:00 UTC,695,-590,331208000,1.1905555555555556
2015-11-14 00:00:00 UTC,695,203,257419900,1.9419444444444443
2015-11-14 00:00:00 UTC,695,204,257419900,0.4490277777777778
2015-11-14 00:00:00 UTC,695,-590,331119000,2.965
2015-11-14 00:00:00 UTC,695,-591,331119000,1.5723611111111109
2015-11-14 00:00:00 UTC,695,-591,331428000,1.4123611111111112
2015-11-14 00:00:00 UTC,695,-590,331428000,1.6283333333333334
2015-11-14 00:00:00 UTC,695,452,273457870,1.6263888888888891
2015-11-14 00:00:00 UTC,-329,865,412440372,4.2488888888888887
2015-11-14 00:00:00 UTC,-329,-1038,576635000,1.7827777777777778
2015-11-14 00:00:00 UTC,-329,-1037,576635000,3.3880555555555554
2015-11-14 00:00:00 UTC,-73,534,664544000,0.76374999999999993
2015-11-14 00:00:00 UTC,-73,535,664544000,1.5170833333333333
2015-11-14 00:00:00 UTC,-73,1756,416501000,0.37666666666666671
2015-11-14 00:00:00 UTC,-73,467,416004879,2.6495833333333332
2015-11-14 00:00:00 UTC,-73,469,416004879,4.6856944444444446
2015-11-14 00:00:00 UTC,-73,466,416004879,0.32916666666666672
2015-11-14 00:00:00 UTC,-73,467,416004937,1.1744444444444444
2015-11-14 00:00:00 UTC,-73,516,416530000,3.9869444444444442
2015-11-14 00:00:00 UTC,-73,-222,225319000,2.576111111111111
2015-11-14 00:00:00 UTC,-73,-223,225319000,4.0701388888888888
2015-11-14 00:00:00 UTC,-73,487,416171900,1.8523611111111111
2015-11-14 00:00:00 UTC,-73,490,416171900,1.8056944444444445
2015-11-14 00:00:00 UTC,-73,-1203,431700660,3.2833333333333332
2015-11-14 00:00:00 UTC,-73,-1331,416120500,1.4456944444444444
2015-11-14 00:00:00 UTC,-73,-247,416004859,1.4076388888888889
2015-11-14 00:00:00 UTC,-73,-243,416004859,4.1883333333333335
2015-11-14 00:00:00 UTC,-73,-246,416004859,3.3613888888888885
2015-11-14 00:00:00 UTC,-73,-248,416004859,1.5531944444444445
2015-11-14 00:00:00 UTC,-73,-249,416004859,1.0169444444444444
2015-11-14 00:00:00 UTC,-73,-242,416004859,3.2556944444444444
2015-11-14 00:00:00 UTC,-73,-240,416004859,0.99222222222222223
2015-11-14 00:00:00 UTC,-73,118,603100157,0.77902777777777776
2015-11-14 00:00:00 UTC,184,1552,431602240,5.1123611111111105
2015-11-14 00:00:00 UTC,184,-290,224098420,3.6345833333333335
2015-11-14 00:00:00 UTC,184,1796,416004594,5.924722222222222
2015-11-14 00:00:00 UTC,440,-84,224032880,1.2833333333333334
2015-11-14 00:00:00 UTC,440,-82,263546000,0.92097222222222219
2015-11-14 00:00:00 UTC,440,-84,263546000,2.5229166666666671
2015-11-14 00:00:00 UTC,440,-81,263546000,1.6070833333333334
2015-11-14 00:00:00 UTC,440,-83,263546000,1.9140277777777779
2015-11-14 00:00:00 UTC,440,-19,227436000,2.8545833333333333
2015-11-14 00:00:00 UTC,696,-593,331072000,1.6176388888888891
2015-11-14 00:00:00 UTC,696,-594,331072000,1.5168055555555555
2015-11-14 00:00:00 UTC,696,166,257152520,3.8954166666666667
2015-11-14 00:00:00 UTC,696,165,257152520,2.7340277777777779
2015-11-14 00:00:00 UTC,696,-593,331208000,0.79
2015-11-14 00:00:00 UTC,696,-592,331208000,0.8
2015-11-14 00:00:00 UTC,696,-591,331208000,1.3045833333333334
2015-11-14 00:00:00 UTC,696,178,257034840,1.7616666666666665
2015-11-14 00:00:00 UTC,696,-593,331119000,0.81666666666666665
2015-11-14 00:00:00 UTC,696,-592,331119000,1.5613888888888889
2015-11-14 00:00:00 UTC,696,-591,331119000,1.17625
2015-11-14 00:00:00 UTC,696,-594,331119000,0.70097222222222233
2015-11-14 00:00:00 UTC,696,-592,331428000,3.1372222222222224
2015-11-14 00:00:00 UTC,696,-593,331428000,1.5208333333333333
2015-11-14 00:00:00 UTC,696,176,257171940,1.8929166666666666
2015-11-14 00:00:00 UTC,-328,-1039,576608000,2.3248611111111113
2015-11-14 00:00:00 UTC,-328,-1037,576635000,0.52916666666666667
2015-11-14 00:00:00 UTC,-328,474,503751400,3.5795833333333333
2015-11-14 00:00:00 UTC,-328,487,503751400,6.6627777777777784
2015-11-14 00:00:00 UTC,-328,486,503751400,0.825
2015-11-14 00:00:00 UTC,-72,534,664544000,1.4108333333333332
2015-11-14 00:00:00 UTC,-72,533,664544000,0.65277777777777779
2015-11-14 00:00:00 UTC,-72,535,664544000,3.6751388888888887
2015-11-14 00:00:00 UTC,-72,466,416004879,1.4236111111111112
2015-11-14 00:00:00 UTC,-72,1640,416004158,6.163333333333334
2015-11-14 00:00:00 UTC,-72,516,416530000,1.7840277777777778
2015-11-14 00:00:00 UTC,-72,-215,225319000,2.4527777777777775
2015-11-14 00:00:00 UTC,-72,-188,416004708,1.6376388888888891
2015-11-14 00:00:00 UTC,-72,-189,416004708,5.1979166666666661
2015-11-14 00:00:00 UTC,-72,-193,416004708,5.8068055555555551
2015-11-14 00:00:00 UTC,-72,470,416004473,5.2787500000000005
2015-11-14 00:00:00 UTC,-72,471,416004473,1.5465277777777777
2015-11-14 00:00:00 UTC,-72,490,416171900,2.649027777777778
2015-11-14 00:00:00 UTC,-72,487,416171900,2.9369444444444448
2015-11-14 00:00:00 UTC,-72,1651,338298000,10.12638888888889
2015-11-14 00:00:00 UTC,-72,-1331,416120500,0.5755555555555556
2015-11-14 00:00:00 UTC,-72,-1332,416120500,0.7581944444444445
2015-11-14 00:00:00 UTC,-72,-1200,432856000,3.04
2015-11-14 00:00:00 UTC,-72,-247,416004859,3.199444444444445
2015-11-14 00:00:00 UTC,-72,118,603100157,2.5111111111111111
2015-11-14 00:00:00 UTC,185,1552,431602240,2.2709722222222219
2015-11-14 00:00:00 UTC,185,-290,224098420,1.1972222222222224
2015-11-14 00:00:00 UTC,185,-289,224098420,1.1504166666666666
2015-11-14 00:00:00 UTC,185,-1798,416004594,3.5972222222222219
2015-11-14 00:00:00 UTC,441,147,238014840,10.27236111111111
2015-11-14 00:00:00 UTC,441,-15,228019600,3.0277777777777777
2015-11-14 00:00:00 UTC,441,-19,227436000,4.649166666666666
2015-11-14 00:00:00 UTC,697,186,257657600,1.1558333333333333
2015-11-14 00:00:00 UTC,697,186,257258000,2.202638888888889
2015-11-14 00:00:00 UTC,697,186,257548600,4.3933333333333326
2015-11-14 00:00:00 UTC,697,-597,331208000,2.3406944444444444
2015-11-14 00:00:00 UTC,697,-595,331208000,3.0695833333333336
2015-11-14 00:00:00 UTC,697,-599,331208000,2.9651388888888883
2015-11-14 00:00:00 UTC,697,-598,331208000,0.75819444444444439
2015-11-14 00:00:00 UTC,697,-594,331119000,1.888611111111111
2015-11-14 00:00:00 UTC,697,-594,331428000,1.5969444444444441
2015-11-14 00:00:00 UTC,697,-595,331428000,1.6327777777777774
2015-11-14 00:00:00 UTC,697,-596,331428000,1.6399999999999997
2015-11-14 00:00:00 UTC,697,-598,331428000,0.84513888888888888
2015-11-14 00:00:00 UTC,697,-597,331428000,0.78722222222222227
2015-11-14 00:00:00 UTC,697,186,258553000,1.5081944444444446
2015-11-14 00:00:00 UTC,697,186,257522600,1.8029166666666665
2015-11-14 00:00:00 UTC,697,186,258541000,14.264166666666663
2015-11-14 00:00:00 UTC,697,187,258541000,1.1641666666666666
2015-11-14 00:00:00 UTC,697,186,259617000,0.48777777777777775
2015-11-14 00:00:00 UTC,-327,-1039,576608000,1.875555555555555
2015-11-14 00:00:00 UTC,-327,863,412440372,1.6619444444444444
2015-11-14 00:00:00 UTC,-327,-1037,576635000,4.0204166666666667
2015-11-14 00:00:00 UTC,-327,486,503751400,0.46611111111111114
2015-11-14 00:00:00 UTC,-327,477,503751400,5.4040277777777774
2015-11-14 00:00:00 UTC,-327,485,503751400,1.5211111111111111
2015-11-14 00:00:00 UTC,-327,484,503751400,0.93361111111111106
2015-11-14 00:00:00 UTC,-71,533,664544000,2.9886111111111111
2015-11-14 00:00:00 UTC,-71,-215,225319000,0.58944444444444444
2015-11-14 00:00:00 UTC,-71,-1225,431700830,4.0381944444444446
2015-11-14 00:00:00 UTC,-71,-1224,432924000,2.8448611111111108
2015-11-14 00:00:00 UTC,-71,-196,416004708,11.175555555555556
2015-11-14 00:00:00 UTC,-71,470,416004473,4.1000000000000005
2015-11-14 00:00:00 UTC,-71,467,416004473,4.4968055555555555
2015-11-14 00:00:00 UTC,-71,489,416171900,2.2455555555555557
2015-11-14 00:00:00 UTC,-71,490,416171900,1.6011111111111109
2015-11-14 00:00:00 UTC,-71,1653,338298000,0.195
2015-11-14 00:00:00 UTC,-71,1598,416004246,3.1627777777777775
2015-11-14 00:00:00 UTC,-71,1604,416004246,2.4545833333333333
2015-11-14 00:00:00 UTC,-71,-1334,416120500,4.69736111111111
2015-11-14 00:00:00 UTC,-71,-1332,416120500,4.6827777777777779
2015-11-14 00:00:00 UTC,-71,-1337,416120500,5.3780555555555543
2015-11-14 00:00:00 UTC,-71,-1336,416120500,1.8980555555555554
2015-11-14 00:00:00 UTC,-71,-192,416673000,10.928888888888888
2015-11-14 00:00:00 UTC,-71,-193,416673000,7.8809722222222227
2015-11-14 00:00:00 UTC,-71,118,603100157,0.58361111111111108
2015-11-14 00:00:00 UTC,-71,117,603100157,1.8120833333333333
2015-11-14 00:00:00 UTC,186,1541,431602240,5.6209722222222229
2015-11-14 00:00:00 UTC,186,-243,224083590,1.7208333333333337
2015-11-14 00:00:00 UTC,442,288,264900119,0.26208333333333333
2015-11-14 00:00:00 UTC,442,287,264900119,0.81666666666666654
2015-11-14 00:00:00 UTC,442,286,264900119,0.42652777777777778
2015-11-14 00:00:00 UTC,442,-21,224174120,16.121527777777779
2015-11-14 00:00:00 UTC,442,-14,227582000,4.2908333333333335
2015-11-14 00:00:00 UTC,442,-22,224021560,21.25875
2015-11-14 00:00:00 UTC,442,148,238902840,1.1141666666666667
2015-11-14 00:00:00 UTC,442,149,238152840,11.809166666666664
2015-11-14 00:00:00 UTC,442,-14,228019600,1.314861111111111
2015-11-14 00:00:00 UTC,442,-500,316004000,2.7151388888888892
2015-11-14 00:00:00 UTC,442,-501,316004000,2.0498611111111114
2015-11-14 00:00:00 UTC,442,-14,228005600,3.9347222222222222
2015-11-14 00:00:00 UTC,442,-19,227436000,3.9198611111111115
2015-11-14 00:00:00 UTC,442,-18,227436000,2.035277777777778
2015-11-14 00:00:00 UTC,442,-13,228101600,3.4051388888888887
2015-11-14 00:00:00 UTC,698,176,257237800,2.39875
2015-11-14 00:00:00 UTC,698,177,257237800,3.0470833333333331
2015-11-14 00:00:00 UTC,698,-603,331208000,3.2340277777777779
2015-11-14 00:00:00 UTC,698,-601,331208000,2.3447222222222219
2015-11-14 00:00:00 UTC,698,-602,331208000,0.75833333333333319
2015-11-14 00:00:00 UTC,698,174,257124520,0.90763888888888888
2015-11-14 00:00:00 UTC,698,175,257124520,1.1456944444444446
2015-11-14 00:00:00 UTC,698,304,259449000,1.725138888888889
2015-11-14 00:00:00 UTC,698,306,259449000,8.2859722222222221
2015-11-14 00:00:00 UTC,698,308,259449000,1.6140277777777778
2015-11-14 00:00:00 UTC,698,307,259449000,3.2511111111111113
2015-11-14 00:00:00 UTC,698,305,259449000,3.3740277777777776
2015-11-14 00:00:00 UTC,-326,-1038,576608000,2.2247222222222227
2015-11-14 00:00:00 UTC,-326,-317,224160000,5.0829166666666667
2015-11-14 00:00:00 UTC,-326,-1037,576635000,0.75583333333333336
2015-11-14 00:00:00 UTC,-326,-1036,576635000,1.4241666666666668
2015-11-14 00:00:00 UTC,-326,484,503751400,4.8205555555555559
2015-11-14 00:00:00 UTC,-70,533,664544000,2.7941666666666665
2015-11-14 00:00:00 UTC,-70,-1218,431703560,3.3705555555555562
2015-11-14 00:00:00 UTC,-70,1639,416004158,6.1143055555555552
2015-11-14 00:00:00 UTC,-70,1640,416004158,7.463055555555556
2015-11-14 00:00:00 UTC,-70,-215,225319000,0.33305555555555555
2015-11-14 00:00:00 UTC,-70,-1225,431700830,1.4415277777777775
2015-11-14 00:00:00 UTC,-70,-1224,432924000,3.847777777777778
2015-11-14 00:00:00 UTC,-70,489,416171900,2.487222222222222
2015-11-14 00:00:00 UTC,-70,490,416171900,0.3552777777777778
2015-11-14 00:00:00 UTC,-70,1597,416004246,1.9476388888888889
2015-11-14 00:00:00 UTC,-70,1604,416004246,1.4998611111111111
2015-11-14 00:00:00 UTC,-70,-1220,431204000,2.6619444444444449
2015-11-14 00:00:00 UTC,-70,-1206,431700660,3.1473611111111111
2015-11-14 00:00:00 UTC,-70,116,603100157,2.5220833333333337
2015-11-14 00:00:00 UTC,187,-166,412440066,5.7331944444444449
2015-11-14 00:00:00 UTC,187,1552,431602240,3.7538888888888891
2015-11-14 00:00:00 UTC,187,1549,431698000,2.0795833333333329
2015-11-14 00:00:00 UTC,187,-166,412110175,14.42902777777778
2015-11-14 00:00:00 UTC,187,-244,224083590,1.7554166666666668
2015-11-14 00:00:00 UTC,187,-243,224083590,0.62805555555555559
2015-11-14 00:00:00 UTC,187,-1139,345080033,2.8733333333333331
2015-11-14 00:00:00 UTC,187,-1798,416004594,1.6337499999999998
2015-11-14 00:00:00 UTC,443,290,264900119,0.39625
2015-11-14 00:00:00 UTC,443,287,264900119,0.02
2015-11-14 00:00:00 UTC,443,289,264900119,1.2197222222222224
2015-11-14 00:00:00 UTC,443,149,238146340,6.1290277777777771
2015-11-14 00:00:00 UTC,443,142,238111111,1.5656944444444445
2015-11-14 00:00:00 UTC,443,144,238767240,3.5343055555555551
2015-11-14 00:00:00 UTC,443,149,238152840,6.9212499999999988
2015-11-14 00:00:00 UTC,443,146,238103440,1.0727777777777778
2015-11-14 00:00:00 UTC,443,-14,228019600,3.4551388888888894
2015-11-14 00:00:00 UTC,443,-501,316004000,7.9508333333333345
2015-11-14 00:00:00 UTC,443,149,238616740,6.1368055555555561
2015-11-14 00:00:00 UTC,443,-19,227436000,3.9215277777777779
2015-11-14 00:00:00 UTC,443,-13,228101600,6.5879166666666666
2015-11-14 00:00:00 UTC,443,-14,228101600,3.6316666666666664
2015-11-14 00:00:00 UTC,443,149,238763240,17.95333333333333
2015-11-14 00:00:00 UTC,443,-15,228107000,1.6756944444444444
2015-11-14 00:00:00 UTC,443,1472,273358330,4.1263888888888891
2015-11-14 00:00:00 UTC,443,1471,273358330,0.3502777777777778
2015-11-14 00:00:00 UTC,443,339,273375740,0.78013888888888894
2015-11-14 00:00:00 UTC,699,177,257237800,0.50583333333333336
2015-11-14 00:00:00 UTC,699,181,257237800,0.6166666666666667
2015-11-14 00:00:00 UTC,699,175,257237800,0.90736111111111117
2015-11-14 00:00:00 UTC,699,180,257237800,1.3755555555555556
2015-11-14 00:00:00 UTC,699,176,257237800,4.7190277777777787
2015-11-14 00:00:00 UTC,699,179,257237800,1.3684722222222223
2015-11-14 00:00:00 UTC,699,-606,331208000,1.6469444444444441
2015-11-14 00:00:00 UTC,699,-605,331208000,1.6484722222222221
2015-11-14 00:00:00 UTC,699,173,257124520,2.1023611111111111
2015-11-14 00:00:00 UTC,699,174,257124520,0.79027777777777786
2015-11-14 00:00:00 UTC,699,308,259449000,3.8409722222222222
2015-11-14 00:00:00 UTC,699,307,259449000,1.65375
2015-11-14 00:00:00 UTC,699,179,257164500,6.78625
2015-11-14 00:00:00 UTC,699,180,257164500,0.66736111111111107
2015-11-14 00:00:00 UTC,-325,-1038,576608000,4.9752777777777775
2015-11-14 00:00:00 UTC,-325,-320,224160000,1.8859722222222222
2015-11-14 00:00:00 UTC,-325,-1036,576635000,1.3515277777777779
2015-11-14 00:00:00 UTC,-325,-1035,576635000,1.2919444444444446
2015-11-14 00:00:00 UTC,-69,535,664544000,3.1990277777777782
2015-11-14 00:00:00 UTC,-69,534,664544000,4.7193055555555556
2015-11-14 00:00:00 UTC,-69,-1218,431703560,0.92902777777777767
2015-11-14 00:00:00 UTC,-69,-1225,431700830,1.7788888888888887
2015-11-14 00:00:00 UTC,-69,-1224,432924000,1.2641666666666667
2015-11-14 00:00:00 UTC,-69,470,567025800,3.3266666666666667
2015-11-14 00:00:00 UTC,-69,469,567025800,5.6068055555555549
2015-11-14 00:00:00 UTC,-69,1596,416004246,2.0877777777777777
2015-11-14 00:00:00 UTC,-69,1597,416004246,1.3188888888888888
2015-11-14 00:00:00 UTC,-69,-1220,431204000,2.066527777777778
2015-11-14 00:00:00 UTC,-69,-1205,431700660,0.4538888888888889
2015-11-14 00:00:00 UTC,-69,-1203,431700660,3.7808333333333333
2015-11-14 00:00:00 UTC,-69,-1200,432856000,1.1438888888888887
2015-11-14 00:00:00 UTC,-69,116,603100157,1.9101388888888886
2015-11-14 00:00:00 UTC,188,-166,412440066,1.34625
2015-11-14 00:00:00 UTC,188,-166,412440067,16.146527777777777
2015-11-14 00:00:00 UTC,188,-166,412110175,2.7934722222222219
2015-11-14 00:00:00 UTC,188,-244,224083590,0.71930555555555564
2015-11-14 00:00:00 UTC,188,728,419900911,13.752638888888891
2015-11-14 00:00:00 UTC,444,-23,224011530,3.1808333333333332
2015-11-14 00:00:00 UTC,444,146,238647310,9.0898611111111123
2015-11-14 00:00:00 UTC,444,341,273373740,1.2963888888888888
2015-11-14 00:00:00 UTC,444,342,273373740,2.4480555555555554
2015-11-14 00:00:00 UTC,444,-14,227582000,4.1891666666666669
2015-11-14 00:00:00 UTC,444,142,238363240,5.1537500000000005
2015-11-14 00:00:00 UTC,444,143,238366840,4.5390277777777781
2015-11-14 00:00:00 UTC,444,142,238366840,0.52736111111111106
2015-11-14 00:00:00 UTC,444,144,238572410,11.712083333333331
2015-11-14 00:00:00 UTC,444,145,238572410,0.25763888888888886
2015-11-14 00:00:00 UTC,444,142,238111111,3.5387500000000003
2015-11-14 00:00:00 UTC,444,144,238767240,7.5083333333333346
2015-11-14 00:00:00 UTC,444,-15,228019600,0.50847222222222221
2015-11-14 00:00:00 UTC,444,-14,228019600,5.0665277777777771
2015-11-14 00:00:00 UTC,444,-501,316004000,5.0036111111111108
2015-11-14 00:00:00 UTC,444,-17,227310000,0.54638888888888892
2015-11-14 00:00:00 UTC,444,-15,227310000,0.70333333333333337
2015-11-14 00:00:00 UTC,444,-16,227310000,1.4430555555555555
2015-11-14 00:00:00 UTC,444,-14,227310000,2.9886111111111116
2015-11-14 00:00:00 UTC,444,-13,227303130,5.7700000000000005
2015-11-14 00:00:00 UTC,444,-14,228005600,3.1509722222222218
2015-11-14 00:00:00 UTC,444,-19,227436000,2.1751388888888892
2015-11-14 00:00:00 UTC,444,-13,228101600,2.2458333333333331
2015-11-14 00:00:00 UTC,444,-14,228101600,4.9501388888888895
2015-11-14 00:00:00 UTC,444,144,238837240,6.5668055555555576
2015-11-14 00:00:00 UTC,444,-16,228107000,0.68708333333333327
2015-11-14 00:00:00 UTC,444,-15,228107000,4.4809722222222224
2015-11-14 00:00:00 UTC,444,342,273375740,0.78152777777777782
2015-11-14 00:00:00 UTC,700,186,257438220,0.73097222222222213
2015-11-14 00:00:00 UTC,700,185,257438220,0.60097222222222224
2015-11-14 00:00:00 UTC,700,186,257312340,2.4468055555555557
2015-11-14 00:00:00 UTC,700,186,257184340,0.27236111111111116
2015-11-14 00:00:00 UTC,700,183,257184340,1.3688888888888888
2015-11-14 00:00:00 UTC,700,185,257184340,0.70347222222222228
2015-11-14 00:00:00 UTC,-324,-1037,576608000,0.27486111111111111
2015-11-14 00:00:00 UTC,-324,-1038,576608000,3.3781944444444445
2015-11-14 00:00:00 UTC,-324,-320,224160000,0.34402777777777777
2015-11-14 00:00:00 UTC,-324,-316,224160000,2.0254166666666666
2015-11-14 00:00:00 UTC,-324,-321,224160000,0.67069444444444437
2015-11-14 00:00:00 UTC,-324,861,412440372,1.5843055555555554
2015-11-14 00:00:00 UTC,-324,862,412440372,0.851111111111111
2015-11-14 00:00:00 UTC,-324,-1035,576635000,0.63763888888888887
2015-11-14 00:00:00 UTC,-68,-1218,431703560,1.6041666666666665
2015-11-14 00:00:00 UTC,-68,-1225,431700830,1.984166666666666
2015-11-14 00:00:00 UTC,-68,-1224,432924000,1.4070833333333335
2015-11-14 00:00:00 UTC,-68,1575,412331123,4.1281944444444454
2015-11-14 00:00:00 UTC,-68,1595,416004246,4.2225
2015-11-14 00:00:00 UTC,-68,-1220,431204000,1.725
2015-11-14 00:00:00 UTC,-68,-1205,431700660,2.1722222222222225
2015-11-14 00:00:00 UTC,-68,-1206,431700660,2.3940277777777776
2015-11-14 00:00:00 UTC,-68,-1200,432856000,0.67361111111111116
2015-11-14 00:00:00 UTC,-68,116,603100157,8.04986111111111
2015-11-14 00:00:00 UTC,189,-165,654045700,2.6705555555555556
2015-11-14 00:00:00 UTC,189,1562,431487000,0.95680555555555558
2015-11-14 00:00:00 UTC,189,1085,200013173,3.4451388888888888
2015-11-14 00:00:00 UTC,189,1086,200013173,0.34375
2015-11-14 00:00:00 UTC,189,1086,200013174,0.57194444444444437
2015-11-14 00:00:00 UTC,189,-244,224083590,2.8731944444444446
2015-11-14 00:00:00 UTC,189,-245,224083590,2.0916666666666668
2015-11-14 00:00:00 UTC,189,728,419900911,1.5570833333333334
2015-11-14 00:00:00 UTC,445,-22,224011530,6.1523611111111105
2015-11-14 00:00:00 UTC,445,-23,224011530,4.5976388888888886
2015-11-14 00:00:00 UTC,445,-592,316014090,24.364027777777775
2015-11-14 00:00:00 UTC,445,342,273373740,3.3343055555555559
2015-11-14 00:00:00 UTC,445,343,273373740,0.97263888888888883
2015-11-14 00:00:00 UTC,445,141,238561110,2.1156944444444443
2015-11-14 00:00:00 UTC,445,141,238363240,6.2918055555555554
2015-11-14 00:00:00 UTC,445,143,238366840,0.25680555555555551
2015-11-14 00:00:00 UTC,445,-23,224185220,3.6504166666666666
2015-11-14 00:00:00 UTC,445,138,238000005,4.5775000000000006
2015-11-14 00:00:00 UTC,445,139,238000005,0.27972222222222221
2015-11-14 00:00:00 UTC,445,145,238103440,5.5725000000000007
2015-11-14 00:00:00 UTC,445,-15,228019600,1.9331944444444442
2015-11-14 00:00:00 UTC,445,-14,228019600,0.893888888888889
2015-11-14 00:00:00 UTC,445,-15,227844000,2.1669444444444439
2015-11-14 00:00:00 UTC,445,-14,227844000,0.42722222222222223
2015-11-14 00:00:00 UTC,445,-501,316004000,1.6388888888888891
2015-11-14 00:00:00 UTC,445,-500,316004000,4.2458333333333327
2015-11-14 00:00:00 UTC,445,-14,227310000,3.8715277777777772
2015-11-14 00:00:00 UTC,445,-15,227310000,1.0350000000000001
2015-11-14 00:00:00 UTC,445,-17,227310000,1.35
2015-11-14 00:00:00 UTC,445,-14,227303130,1.9983333333333333
2015-11-14 00:00:00 UTC,445,-14,228005600,1.7950000000000002
2015-11-14 00:00:00 UTC,445,-19,227436000,1.7230555555555556
2015-11-14 00:00:00 UTC,445,-14,228101600,3.1698611111111119
2015-11-14 00:00:00 UTC,445,-15,228107000,1.8516666666666666
2015-11-14 00:00:00 UTC,445,-16,228107000,4.480833333333333
2015-11-14 00:00:00 UTC,445,-14,228107000,0.80375000000000008
2015-11-14 00:00:00 UTC,445,342,273375740,0.82222222222222219
2015-11-14 00:00:00 UTC,701,170,258185000,1.2218055555555556
2015-11-14 00:00:00 UTC,701,322,273290400,4.43625
2015-11-14 00:00:00 UTC,701,323,273290400,4.1479166666666671
2015-11-14 00:00:00 UTC,-323,-1037,576608000,2.1244444444444444
2015-11-14 00:00:00 UTC,-323,-315,224160000,1.493611111111111
2015-11-14 00:00:00 UTC,-323,-320,224160000,1.0115277777777778
2015-11-14 00:00:00 UTC,-323,-313,224160000,3.1265277777777776
2015-11-14 00:00:00 UTC,-323,-319,224160000,0.78583333333333338
2015-11-14 00:00:00 UTC,-323,861,412440372,3.0927777777777781
2015-11-14 00:00:00 UTC,-323,-1035,576635000,0.42069444444444448
2015-11-14 00:00:00 UTC,-323,-1034,576635000,1.7247222222222223
2015-11-14 00:00:00 UTC,-323,-521,710000014,0.50277777777777777
2015-11-14 00:00:00 UTC,-323,-520,710000014,6.36513888888889
2015-11-14 00:00:00 UTC,-323,396,204235000,2.0073611111111109
2015-11-14 00:00:00 UTC,-323,397,204235000,0.3263888888888889
2015-11-14 00:00:00 UTC,-67,-1218,431703560,1.6044444444444443
2015-11-14 00:00:00 UTC,-67,-1330,416120600,4.7244444444444458
2015-11-14 00:00:00 UTC,-67,455,412695610,7.56513888888889
2015-11-14 00:00:00 UTC,-67,-1366,416119900,1.4394444444444443
2015-11-14 00:00:00 UTC,-67,-1225,431700830,3.262083333333333
2015-11-14 00:00:00 UTC,-67,-1224,432924000,3.1233333333333331
2015-11-14 00:00:00 UTC,-67,-1220,431204000,4.3500000000000005
2015-11-14 00:00:00 UTC,-67,-1346,412209076,1.0265277777777779
2015-11-14 00:00:00 UTC,-67,-1342,412209076,3.9726388888888895
2015-11-14 00:00:00 UTC,-67,-1343,412209076,0.7433333333333334
2015-11-14 00:00:00 UTC,-67,-1345,412209076,0.86569444444444443
2015-11-14 00:00:00 UTC,-67,-1200,432856000,3.2833333333333332
2015-11-14 00:00:00 UTC,-67,-1211,431701720,0.47083333333333338
2015-11-14 00:00:00 UTC,-67,-1210,431701720,0.29583333333333334
2015-11-14 00:00:00 UTC,-67,115,603100157,4.602777777777777
2015-11-14 00:00:00 UTC,190,-165,654045700,2.0372222222222223
2015-11-14 00:00:00 UTC,190,1562,431487000,1.57
2015-11-14 00:00:00 UTC,190,1085,412479284,1.0806944444444446
2015-11-14 00:00:00 UTC,190,1084,412479284,0.27111111111111108
2015-11-14 00:00:00 UTC,190,1546,431795000,1.9743055555555553
2015-11-14 00:00:00 UTC,190,1545,431795000,10.490972222222222
2015-11-14 00:00:00 UTC,190,1550,431602240,4.4458333333333337
2015-11-14 00:00:00 UTC,190,1408,431729000,3.3520833333333337
2015-11-14 00:00:00 UTC,190,1402,431729000,3.8515277777777777
2015-11-14 00:00:00 UTC,190,1086,200013173,0.61597222222222214
2015-11-14 00:00:00 UTC,190,1086,200013174,4.2693055555555555
2015-11-14 00:00:00 UTC,190,1561,431171000,2.9109722222222225
2015-11-14 00:00:00 UTC,446,139,238836740,6.6758333333333333
2015-11-14 00:00:00 UTC,446,-15,227317000,1.0875
2015-11-14 00:00:00 UTC,446,-19,224181000,0.97930555555555565
2015-11-14 00:00:00 UTC,446,-24,224057370,4.9781944444444441
2015-11-14 00:00:00 UTC,446,-23,224057370,5.5186111111111114
2015-11-14 00:00:00 UTC,446,138,238880340,6.4159722222222237
2015-11-14 00:00:00 UTC,446,-15,228124000,4.5888888888888895
2015-11-14 00:00:00 UTC,446,-24,224279660,5.26125
2015-11-14 00:00:00 UTC,446,-23,224279660,4.1544444444444446
2015-11-14 00:00:00 UTC,446,137,238621810,3.2761111111111108
2015-11-14 00:00:00 UTC,446,138,238987910,7.6588888888888889
2015-11-14 00:00:00 UTC,446,138,238752140,5.9994444444444444
2015-11-14 00:00:00 UTC,446,-15,228019600,0.67555555555555558
2015-11-14 00:00:00 UTC,446,-17,228019600,1.4336111111111112
2015-11-14 00:00:00 UTC,446,-18,228019600,0.40805555555555556
2015-11-14 00:00:00 UTC,446,-16,228019600,1.0365277777777777
2015-11-14 00:00:00 UTC,446,138,238361240,5.3988888888888891
2015-11-14 00:00:00 UTC,446,-15,227844000,6.647222222222223
2015-11-14 00:00:00 UTC,446,138,238416040,8.7506944444444432
2015-11-14 00:00:00 UTC,446,-15,227310000,0.79958333333333342
2015-11-14 00:00:00 UTC,446,-16,227310000,1.3584722222222221
2015-11-14 00:00:00 UTC,446,-14,227310000,1.662222222222222
2015-11-14 00:00:00 UTC,446,-17,227310000,1.632638888888889
2015-11-14 00:00:00 UTC,446,138,238770640,11.199861111111112
2015-11-14 00:00:00 UTC,446,-17,228110800,1.2572222222222222
2015-11-14 00:00:00 UTC,446,139,238469840,0.93611111111111112
2015-11-14 00:00:00 UTC,446,137,238909140,0.71847222222222218
2015-11-14 00:00:00 UTC,446,139,238909140,3.5781944444444451
2015-11-14 00:00:00 UTC,446,-21,227479000,5.4279166666666665
2015-11-14 00:00:00 UTC,446,-15,228005600,1.2375
2015-11-14 00:00:00 UTC,446,-14,228005600,0.51194444444444454
2015-11-14 00:00:00 UTC,446,-19,227436000,1.5738888888888889
2015-11-14 00:00:00 UTC,446,138,238366440,6.10375
2015-11-14 00:00:00 UTC,446,138,238923240,7.3366666666666678
2015-11-14 00:00:00 UTC,446,137,238923240,6.3868055555555552
2015-11-14 00:00:00 UTC,446,137,238654710,9.8044444444444441
2015-11-14 00:00:00 UTC,446,-16,228107000,1.2479166666666666
2015-11-14 00:00:00 UTC,446,343,273375740,1.57125
2015-11-14 00:00:00 UTC,702,323,273457950,3.855
2015-11-14 00:00:00 UTC,702,170,258185000,1.7005555555555556
2015-11-14 00:00:00 UTC,702,225,257162600,1.5
2015-11-14 00:00:00 UTC,702,227,257162600,0.82666666666666666
2015-11-14 00:00:00 UTC,702,228,257162600,0.53902777777777777
2015-11-14 00:00:00 UTC,702,321,273290400,1.8177777777777779
2015-11-14 00:00:00 UTC,702,324,273290400,3.2706944444444441
2015-11-14 00:00:00 UTC,702,314,257825500,1.4530555555555555
2015-11-14 00:00:00 UTC,-322,-1036,576608000,0.13333333333333333
2015-11-14 00:00:00 UTC,-322,-1037,576608000,2.0783333333333331
2015-11-14 00:00:00 UTC,-322,-314,224160000,0.47097222222222224
2015-11-14 00:00:00 UTC,-322,-318,224160000,1.3890277777777778
2015-11-14 00:00:00 UTC,-322,-319,224160000,0.67097222222222219
2015-11-14 00:00:00 UTC,-322,-313,224160000,0.99430555555555555
2015-11-14 00:00:00 UTC,-322,-1034,576635000,1.4041666666666668
2015-11-14 00:00:00 UTC,-322,-519,996278653,13.846527777777776
2015-11-14 00:00:00 UTC,-322,375,224933000,5.0993055555555555
2015-11-14 00:00:00 UTC,-322,-521,710000014,0.075277777777777777
2015-11-14 00:00:00 UTC,-322,397,204235000,1.7926388888888889
2015-11-14 00:00:00 UTC,-322,394,204235000,0.7055555555555556
2015-11-14 00:00:00 UTC,-322,396,204235000,0.8320833333333334
2015-11-14 00:00:00 UTC,-322,395,204235000,3.7163888888888894
2015-11-14 00:00:00 UTC,-66,-1221,431703560,3.6083333333333334
2015-11-14 00:00:00 UTC,-66,-1218,431703560,1.3877777777777776
2015-11-14 00:00:00 UTC,-66,-1333,416120600,5.3351388888888893
2015-11-14 00:00:00 UTC,-66,-1332,416120600,1.88375
2015-11-14 00:00:00 UTC,-66,-1335,416120600,4.6704166666666671
2015-11-14 00:00:00 UTC,-66,-1336,416120600,6.5302777777777781
2015-11-14 00:00:00 UTC,-66,-1208,431101210,0.35430555555555554
2015-11-14 00:00:00 UTC,-66,-1209,431101210,0.74152777777777779
2015-11-14 00:00:00 UTC,-66,455,412695610,8.0818055555555564
2015-11-14 00:00:00 UTC,-66,-1350,416003700,4.6893055555555554
2015-11-14 00:00:00 UTC,-66,-1357,416003700,1.9145833333333331
2015-11-14 00:00:00 UTC,-66,-1358,416003700,5.3190277777777792
2015-11-14 00:00:00 UTC,-66,1591,416004246,10.073194444444445
2015-11-14 00:00:00 UTC,-66,-1676,416004248,11.209583333333333
2015-11-14 00:00:00 UTC,-66,-1220,431204000,1.3962499999999998
2015-11-14 00:00:00 UTC,-66,-1346,412209076,5.33375
2015-11-14 00:00:00 UTC,-66,-1211,431701720,2.4079166666666669
2015-11-14 00:00:00 UTC,-66,-1207,431701720,0.47527777777777774
2015-11-14 00:00:00 UTC,-66,-1209,431701720,0.52916666666666667
2015-11-14 00:00:00 UTC,-66,-1210,431701720,0.10819444444444444
2015-11-14 00:00:00 UTC,-66,-1208,431701720,0.53763888888888889
2015-11-14 00:00:00 UTC,191,-166,654045700,5.4895833333333339
2015-11-14 00:00:00 UTC,191,-165,654045700,7.9283333333333328
2015-11-14 00:00:00 UTC,191,1549,431828000,1.4043055555555557
2015-11-14 00:00:00 UTC,191,1086,412479284,0.65847222222222213
2015-11-14 00:00:00 UTC,191,1085,412479284,4.655
2015-11-14 00:00:00 UTC,191,1084,412479284,6.405
2015-11-14 00:00:00 UTC,191,1550,431602240,4.1925
2015-11-14 00:00:00 UTC,191,1535,431700150,0.82027777777777777
2015-11-14 00:00:00 UTC,191,1534,431700150,0.12694444444444444
2015-11-14 00:00:00 UTC,191,1536,431700150,1.3993055555555556
2015-11-14 00:00:00 UTC,191,1540,431700150,3.5444444444444443
2015-11-14 00:00:00 UTC,191,1537,431700150,1.3626388888888887
2015-11-14 00:00:00 UTC,191,1538,431700150,1.3995833333333334
2015-11-14 00:00:00 UTC,191,1539,431700150,1.0656944444444445
2015-11-14 00:00:00 UTC,447,137,238781440,5.0851388888888893
2015-11-14 00:00:00 UTC,447,135,238622210,0.28388888888888886
2015-11-14 00:00:00 UTC,447,136,238622210,6.85
2015-11-14 00:00:00 UTC,447,137,238836740,10.53597222222222
2015-11-14 00:00:00 UTC,447,-14,227314440,7.4159722222222211
2015-11-14 00:00:00 UTC,447,-15,227314440,0.9570833333333334
2015-11-14 00:00:00 UTC,447,-16,227317000,0.25638888888888889
2015-11-14 00:00:00 UTC,447,-15,227317000,8.2559722222222245
2015-11-14 00:00:00 UTC,447,-19,224181000,4.7915277777777776
2015-11-14 00:00:00 UTC,447,137,238390540,5.9033333333333333
2015-11-14 00:00:00 UTC,447,136,238411040,6.4134722222222234
2015-11-14 00:00:00 UTC,447,137,238400840,6.5268055555555575
2015-11-14 00:00:00 UTC,447,136,238400840,4.503055555555556
2015-11-14 00:00:00 UTC,447,142,238561110,5.9793055555555554
2015-11-14 00:00:00 UTC,447,139,238126940,3.41375
2015-11-14 00:00:00 UTC,447,-15,228124000,7.5012500000000006
2015-11-14 00:00:00 UTC,447,136,238900840,0.26875
2015-11-14 00:00:00 UTC,447,137,238900840,19.769722222222224
2015-11-14 00:00:00 UTC,447,136,238114940,5.3816666666666677
2015-11-14 00:00:00 UTC,447,136,238116740,4.31138888888889
2015-11-14 00:00:00 UTC,447,139,238752140,2.2041666666666666
2015-11-14 00:00:00 UTC,447,137,238752140,1.3055555555555554
2015-11-14 00:00:00 UTC,447,137,238644110,6.9845833333333331
2015-11-14 00:00:00 UTC,447,136,238644110,5.6268055555555554
2015-11-14 00:00:00 UTC,447,-18,228019600,1.2261111111111109
2015-11-14 00:00:00 UTC,447,-19,228019600,1.16125
2015-11-14 00:00:00 UTC,447,-15,227844000,7.0233333333333343
2015-11-14 00:00:00 UTC,447,335,273377190,0.25
2015-11-14 00:00:00 UTC,447,-15,227897000,5.5643055555555545
2015-11-14 00:00:00 UTC,447,-14,228249000,0.26916666666666667
2015-11-14 00:00:00 UTC,447,-15,228249000,15.624027777777789
2015-11-14 00:00:00 UTC,447,143,238989740,0.98680555555555571
2015-11-14 00:00:00 UTC,447,-16,227310000,1.5855555555555556
2015-11-14 00:00:00 UTC,447,137,238308040,16.492916666666666
2015-11-14 00:00:00 UTC,447,-17,228110800,1.8437499999999998
2015-11-14 00:00:00 UTC,447,-15,228834000,0.28166666666666668
2015-11-14 00:00:00 UTC,447,137,238838740,4.26
2015-11-14 00:00:00 UTC,447,-22,227479000,4.720416666666666
2015-11-14 00:00:00 UTC,447,136,238744540,9.9869444444444451
2015-11-14 00:00:00 UTC,447,-15,228005600,2.0006944444444446
2015-11-14 00:00:00 UTC,447,-19,227436000,2.672361111111111
2015-11-14 00:00:00 UTC,447,143,238217440,0.39611111111111108
2015-11-14 00:00:00 UTC,447,142,238752740,4.1668055555555554
2015-11-14 00:00:00 UTC,447,137,238161640,6.665972222222222
2015-11-14 00:00:00 UTC,447,136,238161640,2.2941666666666665
2015-11-14 00:00:00 UTC,447,137,238366440,6.3193055555555553
2015-11-14 00:00:00 UTC,447,138,238366440,0.34138888888888885
2015-11-14 00:00:00 UTC,447,-15,227425000,0.29305555555555557
2015-11-14 00:00:00 UTC,447,137,238116840,6.8124999999999991
2015-11-14 00:00:00 UTC,447,143,238673640,19.995416666666667
2015-11-14 00:00:00 UTC,447,143,238765040,7.4123611111111094
2015-11-14 00:00:00 UTC,447,138,238769140,7.3283333333333331
2015-11-14 00:00:00 UTC,447,137,238769140,5.1647222222222213
2015-11-14 00:00:00 UTC,703,311,257850500,1.6790277777777778
2015-11-14 00:00:00 UTC,703,322,273290400,4.9266666666666667
2015-11-14 00:00:00 UTC,703,323,273290400,2.4822222222222221
2015-11-14 00:00:00 UTC,-321,-1036,576608000,1.824861111111111
2015-11-14 00:00:00 UTC,-321,-315,224160000,1.1861111111111109
2015-11-14 00:00:00 UTC,-321,-314,224160000,1.2527777777777778
2015-11-14 00:00:00 UTC,-321,-317,224160000,1.0708333333333333
2015-11-14 00:00:00 UTC,-321,-316,224160000,0.98888888888888893
2015-11-14 00:00:00 UTC,-321,857,412440372,7.1679166666666667
2015-11-14 00:00:00 UTC,-321,859,412440372,4.1570833333333335
2015-11-14 00:00:00 UTC,-321,858,412440372,1.7991666666666668
2015-11-14 00:00:00 UTC,-321,-519,996278653,5.4065277777777787
2015-11-14 00:00:00 UTC,-321,373,224933000,1.6191666666666666
2015-11-14 00:00:00 UTC,-321,372,224933000,0.3363888888888889
2015-11-14 00:00:00 UTC,-321,374,224933000,1.0540277777777778
2015-11-14 00:00:00 UTC,-321,375,224933000,1.2294444444444443
2015-11-14 00:00:00 UTC,-321,395,204235000,1.5677777777777777
2015-11-14 00:00:00 UTC,-321,396,204235000,0.54888888888888887
2015-11-14 00:00:00 UTC,-321,392,204235000,0.3322222222222222
2015-11-14 00:00:00 UTC,-321,393,204235000,0.47124999999999995
2015-11-14 00:00:00 UTC,-65,-1218,431703560,4.3375
2015-11-14 00:00:00 UTC,-65,-1545,441493000,1.859861111111111
2015-11-14 00:00:00 UTC,-65,-1545,441066000,18.203055555555547
2015-11-14 00:00:00 UTC,-65,-1544,441066000,4.3169444444444443
2015-11-14 00:00:00 UTC,-65,-1546,441066000,4.8529166666666672
2015-11-14 00:00:00 UTC,-65,113,224069140,6.18263888888889
2015-11-14 00:00:00 UTC,-65,-1336,416120600,1.3631944444444444
2015-11-14 00:00:00 UTC,-65,-1209,431101210,2.2776388888888888
2015-11-14 00:00:00 UTC,-65,-1208,431101210,1.3961111111111113
2015-11-14 00:00:00 UTC,-65,454,412695610,4.395
2015-11-14 00:00:00 UTC,-65,-1226,431700830,2.9788888888888891
2015-11-14 00:00:00 UTC,-65,-1351,416003700,2.0436111111111108
2015-11-14 00:00:00 UTC,-65,-1350,416003700,0.77930555555555558
2015-11-14 00:00:00 UTC,-65,-1352,416003700,4.3672222222222228
2015-11-14 00:00:00 UTC,-65,-1355,416003700,4.6890277777777785
2015-11-14 00:00:00 UTC,-65,-1691,416004728,2.8765277777777776
2015-11-14 00:00:00 UTC,-65,-1329,431101320,3.9161111111111113
2015-11-14 00:00:00 UTC,-65,-1328,431101320,0.84749999999999992
2015-11-14 00:00:00 UTC,-65,471,567025800,8.7241666666666671
2015-11-14 00:00:00 UTC,-65,1579,416234900,4.4677777777777781
2015-11-14 00:00:00 UTC,-65,-1678,416004248,2.1705555555555556
2015-11-14 00:00:00 UTC,-65,-1677,416004248,6.0600000000000005
2015-11-14 00:00:00 UTC,-65,-1679,416004248,4.3895833333333334
2015-11-14 00:00:00 UTC,-65,-1220,431204000,3.46875
2015-11-14 00:00:00 UTC,-65,-1543,440195000,7.1199999999999992
2015-11-14 00:00:00 UTC,-65,-1544,440195000,10.659861111111113
2015-11-14 00:00:00 UTC,-65,-1545,440195000,5.7234722222222221
2015-11-14 00:00:00 UTC,-65,-1545,553111744,0.65222222222222226
2015-11-14 00:00:00 UTC,-65,-1545,440450000,0.073472222222222217
2015-11-14 00:00:00 UTC,-65,-1207,431701720,1.3449999999999998
2015-11-14 00:00:00 UTC,-65,-1687,538060004,0.32291666666666669
2015-11-14 00:00:00 UTC,-65,-1688,538060004,0.27319444444444441
2015-11-14 00:00:00 UTC,192,1564,431680000,0.041666666666666671
2015-11-14 00:00:00 UTC,192,-246,224083590,2.0490277777777779
2015-11-14 00:00:00 UTC,192,1507,431769000,1.5644444444444443
2015-11-14 00:00:00 UTC,192,1541,431700150,2.7716666666666665
2015-11-14 00:00:00 UTC,448,143,238794240,6.5698611111111109
2015-11-14 00:00:00 UTC,448,136,238622210,1.1099999999999999
2015-11-14 00:00:00 UTC,448,-15,227317000,6.5491666666666672
2015-11-14 00:00:00 UTC,448,-16,227317000,0.912222222222222
2015-11-14 00:00:00 UTC,448,137,238102540,6.7837499999999995
2015-11-14 00:00:00 UTC,448,142,238899240,4.0116666666666667
2015-11-14 00:00:00 UTC,448,-14,227304010,17.560972222222222
2015-11-14 00:00:00 UTC,448,136,238880340,4.8470833333333339
2015-11-14 00:00:00 UTC,448,-15,228124000,8.7159722222222236
2015-11-14 00:00:00 UTC,448,136,238409840,17.646111111111118
2015-11-14 00:00:00 UTC,448,142,238923640,7.4547222222222231
2015-11-14 00:00:00 UTC,448,137,238116740,6.8705555555555566
2015-11-14 00:00:00 UTC,448,-16,228133000,0.69041666666666668
2015-11-14 00:00:00 UTC,448,-15,228133000,2.1094444444444447
2015-11-14 00:00:00 UTC,448,143,238963340,5.894166666666667
2015-11-14 00:00:00 UTC,448,142,238963340,3.1125
2015-11-14 00:00:00 UTC,448,136,238654610,1.577638888888889
2015-11-14 00:00:00 UTC,448,-15,227844000,3.1001388888888886
2015-11-14 00:00:00 UTC,448,-1252,369604000,0.21986111111111112
2015-11-14 00:00:00 UTC,448,-1253,369604000,0.56222222222222218
2015-11-14 00:00:00 UTC,448,-15,227897000,9.6673611111111111
2015-11-14 00:00:00 UTC,448,-15,228249000,4.3237499999999995
2015-11-14 00:00:00 UTC,448,-14,228249000,1.2861111111111114
2015-11-14 00:00:00 UTC,448,-16,227310000,1.5926388888888889
2015-11-14 00:00:00 UTC,448,-17,227310000,1.1397222222222221
2015-11-14 00:00:00 UTC,448,136,238180540,1.3651388888888889
2015-11-14 00:00:00 UTC,448,137,238180540,5.1016666666666675
2015-11-14 00:00:00 UTC,448,137,238963140,5.3016666666666667
2015-11-14 00:00:00 UTC,448,138,238770640,12.440277777777778
2015-11-14 00:00:00 UTC,448,-18,228110800,0.64625
2015-11-14 00:00:00 UTC,448,-17,228110800,0.25763888888888886
2015-11-14 00:00:00 UTC,448,-15,228834000,2.2658333333333331
2015-11-14 00:00:00 UTC,448,-22,227479000,9.0179166666666664
2015-11-14 00:00:00 UTC,448,-23,227479000,0.73819444444444438
2015-11-14 00:00:00 UTC,448,-15,228005600,5.8248611111111108
2015-11-14 00:00:00 UTC,448,-15,227425000,7.890416666666666
2015-11-14 00:00:00 UTC,448,-16,227425000,6.1983333333333333
2015-11-14 00:00:00 UTC,448,-16,228854000,1.5868055555555556
2015-11-14 00:00:00 UTC,448,137,238957040,5.5990277777777786
2015-11-14 00:00:00 UTC,448,137,238769140,0.70319444444444446
2015-11-14 00:00:00 UTC,448,136,238623740,13.340277777777779
2015-11-14 00:00:00 UTC,448,137,238118140,4.794027777777778
2015-11-14 00:00:00 UTC,448,136,238777340,11.794166666666666
2015-11-14 00:00:00 UTC,704,213,257005840,4.9180555555555561
2015-11-14 00:00:00 UTC,704,214,257005840,2.0494444444444446
2015-11-14 00:00:00 UTC,704,188,258143000,1.5472222222222221
2015-11-14 00:00:00 UTC,704,189,258143000,3.558472222222222
2015-11-14 00:00:00 UTC,704,215,257040440,2.7345833333333336
2015-11-14 00:00:00 UTC,704,216,257040440,2.0775
2015-11-14 00:00:00 UTC,704,352,251153000,0.036250000000000004
2015-11-14 00:00:00 UTC,704,323,273290400,1.5888888888888888
2015-11-14 00:00:00 UTC,704,322,273290400,1.0866666666666667
2015-11-14 00:00:00 UTC,-320,-1036,576608000,1.0788888888888888
2015-11-14 00:00:00 UTC,-320,372,224933000,0.66402777777777788
2015-11-14 00:00:00 UTC,-320,371,224933000,0.5475000000000001
2015-11-14 00:00:00 UTC,-320,393,204235000,1.0177777777777779
2015-11-14 00:00:00 UTC,-320,394,204235000,1.233611111111111
2015-11-14 00:00:00 UTC,-320,392,204235000,0.53750000000000009
2015-11-14 00:00:00 UTC,-64,113,603100160,3.8055555555555562
2015-11-14 00:00:00 UTC,-64,-1542,441493000,4.2727777777777769
2015-11-14 00:00:00 UTC,-64,-1541,441493000,4.2480555555555561
2015-11-14 00:00:00 UTC,-64,113,224069140,2.5984722222222221
2015-11-14 00:00:00 UTC,-64,-1208,431101210,1.7686111111111111
2015-11-14 00:00:00 UTC,-64,-264,416004904,7.0245833333333332
2015-11-14 00:00:00 UTC,-64,-262,416004904,5.3291666666666666
2015-11-14 00:00:00 UTC,-64,477,416165700,1.4452777777777777
2015-11-14 00:00:00 UTC,-64,478,416165700,4.3009722222222218
2015-11-14 00:00:00 UTC,-64,479,416165700,1.743611111111111
2015-11-14 00:00:00 UTC,-64,-1546,529469000,0.20847222222222223
2015-11-14 00:00:00 UTC,-64,-1225,431700830,2.5875
2015-11-14 00:00:00 UTC,-64,-1224,432924000,3.4304166666666664
2015-11-14 00:00:00 UTC,-64,-1225,432924000,2.8522222222222222
2015-11-14 00:00:00 UTC,-64,-1693,416004728,2.7520833333333332
2015-11-14 00:00:00 UTC,-64,-1692,416004728,4.3515277777777781
2015-11-14 00:00:00 UTC,-64,-1690,416004728,1.2230555555555556
2015-11-14 00:00:00 UTC,-64,-1691,416004728,0.2648611111111111
2015-11-14 00:00:00 UTC,-64,-1688,416004728,0.97958333333333347
2015-11-14 00:00:00 UTC,-64,-1330,431101320,5.2986111111111116
2015-11-14 00:00:00 UTC,-64,-1335,431101320,6.6473611111111106
2015-11-14 00:00:00 UTC,-64,-1329,431101320,1.9061111111111106
2015-11-14 00:00:00 UTC,-64,471,567025800,1.9873611111111109
2015-11-14 00:00:00 UTC,-64,1580,416234900,4.4927777777777775
2015-11-14 00:00:00 UTC,-64,-1542,441807000,5.465416666666667
2015-11-14 00:00:00 UTC,-64,-1541,441807000,7.3297222222222222
2015-11-14 00:00:00 UTC,-64,-1220,431204000,1.0754166666666667
2015-11-14 00:00:00 UTC,-64,-1688,553111733,1.725
2015-11-14 00:00:00 UTC,-64,-1689,553111733,0.88819444444444451
2015-11-14 00:00:00 UTC,-64,1590,416004044,4.9813888888888895
2015-11-14 00:00:00 UTC,-64,1589,416004044,0.12777777777777777
2015-11-14 00:00:00 UTC,-64,-1207,431701720,2.2873611111111107
2015-11-14 00:00:00 UTC,-64,-1546,529783000,4.2383333333333333
2015-11-14 00:00:00 UTC,-64,-1547,529783000,0.16402777777777777
2015-11-14 00:00:00 UTC,-64,-1545,529783000,2.9651388888888892
2015-11-14 00:00:00 UTC,-64,-1688,538060004,0.34486111111111106
2015-11-14 00:00:00 UTC,-64,-1689,538060004,2.6062499999999997
2015-11-14 00:00:00 UTC,-64,-1626,529729000,1.7088888888888889
2015-11-14 00:00:00 UTC,193,-247,224083590,2.9451388888888892
2015-11-14 00:00:00 UTC,193,1507,431769000,1.5847222222222224
2015-11-14 00:00:00 UTC,193,1509,431769000,0.23625000000000002
2015-11-14 00:00:00 UTC,449,-13,227424000,2.7898611111111107
2015-11-14 00:00:00 UTC,449,-14,227424000,4.311805555555555
2015-11-14 00:00:00 UTC,449,-15,227317000,7.8287500000000012
2015-11-14 00:00:00 UTC,449,136,238988810,3.1040277777777776
2015-11-14 00:00:00 UTC,449,-14,227312140,23.706527777777779
2015-11-14 00:00:00 UTC,449,1484,273359630,20.19736111111111
2015-11-14 00:00:00 UTC,449,136,238939940,3.2183333333333337
2015-11-14 00:00:00 UTC,449,-14,227304010,0.58527777777777779
2015-11-14 00:00:00 UTC,449,-30,227442000,0.59569444444444442
2015-11-14 00:00:00 UTC,449,-29,227442000,0.73625
2015-11-14 00:00:00 UTC,449,-15,228124000,3.0638888888888887
2015-11-14 00:00:00 UTC,449,136,238409840,8.764166666666668
2015-11-14 00:00:00 UTC,449,-14,228390000,3.4806944444444445
2015-11-14 00:00:00 UTC,449,-16,228133000,2.0022222222222221
2015-11-14 00:00:00 UTC,449,-15,228133000,6.1118055555555548
2015-11-14 00:00:00 UTC,449,137,238887840,0.37555555555555553
2015-11-14 00:00:00 UTC,449,136,238887840,1.1505555555555556
2015-11-14 00:00:00 UTC,449,-15,227844000,1.7138888888888888
2015-11-14 00:00:00 UTC,449,-1253,369604000,1.6333333333333333
2015-11-14 00:00:00 UTC,449,-1251,369604000,1.3520833333333333
2015-11-14 00:00:00 UTC,449,-1252,369604000,6.5866666666666642
2015-11-14 00:00:00 UTC,449,-15,227897000,1.5474999999999999
2015-11-14 00:00:00 UTC,449,135,238390440,7.36902777777778
2015-11-14 00:00:00 UTC,449,136,238416040,4.4477777777777767
2015-11-14 00:00:00 UTC,449,-14,228141000,12.028333333333334
2015-11-14 00:00:00 UTC,449,-14,228173000,27.562083333333337
2015-11-14 00:00:00 UTC,449,-15,228834000,6.2145833333333336
2015-11-14 00:00:00 UTC,449,-16,227425000,1.1790277777777778
2015-11-14 00:00:00 UTC,449,-15,227425000,5.2520833333333332
2015-11-14 00:00:00 UTC,449,-16,228854000,8.7655555555555562
2015-11-14 00:00:00 UTC,705,310,259092000,1.5219444444444443
2015-11-14 00:00:00 UTC,705,309,259092000,0.79833333333333334
2015-11-14 00:00:00 UTC,705,311,259092000,3.2343055555555558
2015-11-14 00:00:00 UTC,705,-566,331155000,2.454305555555556
2015-11-14 00:00:00 UTC,705,-567,331155000,1.37375
2015-11-14 00:00:00 UTC,705,-563,331155000,3.1966666666666668
2015-11-14 00:00:00 UTC,705,-565,331155000,3.9994444444444444
2015-11-14 00:00:00 UTC,705,-568,331155000,1.0179166666666668
2015-11-14 00:00:00 UTC,705,-564,331155000,1.6029166666666665
2015-11-14 00:00:00 UTC,705,355,251153000,1.6345833333333333
2015-11-14 00:00:00 UTC,705,352,251153000,0.88875
2015-11-14 00:00:00 UTC,705,423,273842800,2.2795833333333331
2015-11-14 00:00:00 UTC,705,-569,331184000,0.4004166666666667
2015-11-14 00:00:00 UTC,705,-568,331184000,1.0611111111111111
2015-11-14 00:00:00 UTC,705,-567,331184000,0.55805555555555553
2015-11-14 00:00:00 UTC,705,-564,331184000,4.7926388888888889
2015-11-14 00:00:00 UTC,705,-565,331184000,2.5162499999999994
2015-11-14 00:00:00 UTC,705,-566,331184000,2.7236111111111105
2015-11-14 00:00:00 UTC,705,309,257850500,1.6806944444444443
2015-11-14 00:00:00 UTC,705,310,257850500,4.2629166666666665
2015-11-14 00:00:00 UTC,705,304,258147000,4.7887500000000012
2015-11-14 00:00:00 UTC,705,311,258147000,0.84013888888888888
2015-11-14 00:00:00 UTC,705,319,257133000,2.7923611111111115
2015-11-14 00:00:00 UTC,705,320,257133000,1.6831944444444444
2015-11-14 00:00:00 UTC,705,310,257463500,7.4879166666666679
2015-11-14 00:00:00 UTC,705,309,257463500,0.76611111111111108
2015-11-14 00:00:00 UTC,-319,-1036,576608000,1.7297222222222222
2015-11-14 00:00:00 UTC,-319,369,224933000,0.18902777777777777
2015-11-14 00:00:00 UTC,-319,370,224933000,1.5948611111111111
2015-11-14 00:00:00 UTC,-319,371,224933000,0.81402777777777779
2015-11-14 00:00:00 UTC,-319,-514,714722247,17.429722222222221
2015-11-14 00:00:00 UTC,-63,113,603100160,5.92125
2015-11-14 00:00:00 UTC,-63,-1221,431703560,1.4297222222222221
2015-11-14 00:00:00 UTC,-63,-1541,441493000,1.9797222222222222
2015-11-14 00:00:00 UTC,-63,-1354,577322000,1.5201388888888887
2015-11-14 00:00:00 UTC,-63,-1353,577322000,15.165972222222221
2015-11-14 00:00:00 UTC,-63,-1355,577322000,1.3430555555555552
2015-11-14 00:00:00 UTC,-63,-1356,577322000,4.6958333333333337
2015-11-14 00:00:00 UTC,-63,113,224069140,6.4258333333333333
2015-11-14 00:00:00 UTC,-63,-1208,431101210,1.2448611111111112
2015-11-14 00:00:00 UTC,-63,-270,416004904,9.885
2015-11-14 00:00:00 UTC,-63,477,416165700,4.59625
2015-11-14 00:00:00 UTC,-63,479,416165700,6.1823611111111108
2015-11-14 00:00:00 UTC,-63,456,416015700,6.5322222222222219
2015-11-14 00:00:00 UTC,-63,-1225,431700830,0.72597222222222224
2015-11-14 00:00:00 UTC,-63,-1225,432924000,0.35250000000000004
2015-11-14 00:00:00 UTC,-63,-1693,416004728,4.3644444444444437
2015-11-14 00:00:00 UTC,-63,-1334,431101320,4.6508333333333329
2015-11-14 00:00:00 UTC,-63,-1335,431101320,1.31
2015-11-14 00:00:00 UTC,-63,469,567025800,1.6336111111111111
2015-11-14 00:00:00 UTC,-63,-1542,441807000,0.90027777777777762
2015-11-14 00:00:00 UTC,-63,-1220,431204000,0.8205555555555557
2015-11-14 00:00:00 UTC,-63,-1544,440195000,4.3388888888888886
2015-11-14 00:00:00 UTC,-63,1590,416004044,1.0793055555555555
2015-11-14 00:00:00 UTC,-63,-1207,431701720,1.5333333333333332
2015-11-14 00:00:00 UTC,-63,-1546,529783000,6.4991666666666674
2015-11-14 00:00:00 UTC,-63,-1545,529783000,0.73597222222222225
2015-11-14 00:00:00 UTC,-63,-1367,412460001,4.41
2015-11-14 00:00:00 UTC,-63,-1369,412460001,1.904722222222222
2015-11-14 00:00:00 UTC,-63,-1366,412460001,4.7216666666666667
2015-11-14 00:00:00 UTC,450,-14,227424000,17.778194444444445
2015-11-14 00:00:00 UTC,450,-13,227424000,2.7015277777777778
2015-11-14 00:00:00 UTC,450,-504,316021004,0.63027777777777771
2015-11-14 00:00:00 UTC,450,-501,316021004,3.6420833333333333
2015-11-14 00:00:00 UTC,450,-502,316021004,0.82361111111111107
2015-11-14 00:00:00 UTC,450,-503,316021004,5.939166666666666
2015-11-14 00:00:00 UTC,450,-499,316021004,7.1111111111111107
2015-11-14 00:00:00 UTC,450,135,238990110,10.487638888888888
2015-11-14 00:00:00 UTC,450,135,238560310,7.1493055555555571
2015-11-14 00:00:00 UTC,450,-26,228904000,2.4159722222222224
2015-11-14 00:00:00 UTC,450,-25,228904000,7.205
2015-11-14 00:00:00 UTC,450,-27,228904000,9.4844444444444456
2015-11-14 00:00:00 UTC,450,143,238993240,5.9927777777777784
2015-11-14 00:00:00 UTC,450,-14,228390000,27.303888888888888
2015-11-14 00:00:00 UTC,450,134,238982010,3.455
2015-11-14 00:00:00 UTC,450,133,238598010,0.80638888888888882
2015-11-14 00:00:00 UTC,450,134,238598010,2.9488888888888889
2015-11-14 00:00:00 UTC,450,142,238294140,0.98180555555555538
2015-11-14 00:00:00 UTC,450,143,238294140,11.975277777777777
2015-11-14 00:00:00 UTC,450,-15,228133000,2.2220833333333334
2015-11-14 00:00:00 UTC,450,-17,228133000,4.2205555555555563
2015-11-14 00:00:00 UTC,450,-15,227844000,0.64305555555555549
2015-11-14 00:00:00 UTC,450,-1252,369604000,8.2706944444444446
2015-11-14 00:00:00 UTC,450,-1251,369604000,0.48638888888888893
2015-11-14 00:00:00 UTC,450,-15,227897000,6.29125
2015-11-14 00:00:00 UTC,450,135,238390440,4.0822222222222218
2015-11-14 00:00:00 UTC,450,-15,228301000,17.382361111111109
2015-11-14 00:00:00 UTC,450,135,238897610,11.345833333333331
2015-11-14 00:00:00 UTC,450,-1252,366946000,0.79541666666666666
2015-11-14 00:00:00 UTC,450,134,238192340,5.6800000000000015
2015-11-14 00:00:00 UTC,450,135,238192340,6.1395833333333334
2015-11-14 00:00:00 UTC,450,-16,227425000,1.547361111111111
2015-11-14 00:00:00 UTC,706,304,259637000,1.0397222222222222
2015-11-14 00:00:00 UTC,706,307,259637000,6.4981944444444446
2015-11-14 00:00:00 UTC,706,306,259637000,1.2955555555555556
2015-11-14 00:00:00 UTC,706,305,259637000,0.75694444444444442
2015-11-14 00:00:00 UTC,706,308,259637000,2.56625
2015-11-14 00:00:00 UTC,706,307,259092000,1.0644444444444445
2015-11-14 00:00:00 UTC,706,-562,331155000,5.3822222222222216
2015-11-14 00:00:00 UTC,706,-568,331155000,0.42805555555555558
2015-11-14 00:00:00 UTC,706,-561,331155000,3.1359722222222222
2015-11-14 00:00:00 UTC,706,-563,331155000,1.0065277777777779
2015-11-14 00:00:00 UTC,706,308,258183000,2.40875
2015-11-14 00:00:00 UTC,706,307,258183000,5.8422222222222215
2015-11-14 00:00:00 UTC,706,221,259217000,1.31375
2015-11-14 00:00:00 UTC,706,216,257346920,0.26097222222222222
2015-11-14 00:00:00 UTC,706,215,257346920,3.9644444444444451
2015-11-14 00:00:00 UTC,706,423,273842800,1.5184722222222222
2015-11-14 00:00:00 UTC,706,424,273842800,5.0337499999999995
2015-11-14 00:00:00 UTC,706,-561,331184000,4.64
2015-11-14 00:00:00 UTC,706,-563,331184000,3.8895833333333329
2015-11-14 00:00:00 UTC,706,-562,331184000,2.157083333333333
2015-11-14 00:00:00 UTC,706,308,257850500,0.066805555555555562
2015-11-14 00:00:00 UTC,706,309,257850500,1.525
2015-11-14 00:00:00 UTC,706,308,258147000,8.2012499999999982
2015-11-14 00:00:00 UTC,706,306,258147000,2.6915277777777784
2015-11-14 00:00:00 UTC,706,307,258147000,3.1484722222222223
2015-11-14 00:00:00 UTC,706,214,257077440,3.2287500000000002
2015-11-14 00:00:00 UTC,706,215,257077440,2.8347222222222221
2015-11-14 00:00:00 UTC,706,298,257307340,2.1433333333333331
2015-11-14 00:00:00 UTC,-318,369,224933000,0.52027777777777773
2015-11-14 00:00:00 UTC,-62,113,603100160,11.424027777777777
2015-11-14 00:00:00 UTC,-62,-1221,431703560,0.50388888888888883
2015-11-14 00:00:00 UTC,-62,113,224069140,2.7454166666666664
2015-11-14 00:00:00 UTC,-62,-1209,431101210,1.405972222222222
2015-11-14 00:00:00 UTC,-62,-262,416004904,1.5868055555555556
2015-11-14 00:00:00 UTC,-62,1621,412439607,3.7466666666666666
2015-11-14 00:00:00 UTC,-62,1622,412439607,1.6797222222222219
2015-11-14 00:00:00 UTC,-62,1623,412439607,7.1168055555555547
2015-11-14 00:00:00 UTC,-62,-1363,412694840,4.69625
2015-11-14 00:00:00 UTC,-62,-1369,412694840,6.5831944444444446
2015-11-14 00:00:00 UTC,-62,-1367,412694840,0.68791666666666673
2015-11-14 00:00:00 UTC,-62,-1365,412694840,1.3170833333333332
2015-11-14 00:00:00 UTC,-62,-1368,412694840,5.3702777777777788
2015-11-14 00:00:00 UTC,-62,479,416165700,0.846111111111111
2015-11-14 00:00:00 UTC,-62,457,416015700,10.785972222222222
2015-11-14 00:00:00 UTC,-62,-1226,431700830,2.1230555555555557
2015-11-14 00:00:00 UTC,-62,-1225,431700830,3.0472222222222221
2015-11-14 00:00:00 UTC,-62,-1225,432924000,3.1250000000000004
2015-11-14 00:00:00 UTC,-62,444,412695680,1.8080555555555557
2015-11-14 00:00:00 UTC,-62,443,412695680,3.9176388888888889
2015-11-14 00:00:00 UTC,-62,470,567025800,2.5802777777777779
2015-11-14 00:00:00 UTC,-62,-1578,577146000,2.0840277777777776
2015-11-14 00:00:00 UTC,-62,-1577,577146000,2.5806944444444446
2015-11-14 00:00:00 UTC,-62,-1579,577146000,2.5475000000000003
2015-11-14 00:00:00 UTC,-62,-1580,577146000,0.83736111111111111
2015-11-14 00:00:00 UTC,-62,-1263,520218000,5.076944444444444
2015-11-14 00:00:00 UTC,-62,-1543,441807000,0.35472222222222222
2015-11-14 00:00:00 UTC,-62,-1542,441807000,0.40361111111111109
2015-11-14 00:00:00 UTC,-62,-1220,431204000,1.1548611111111111
2015-11-14 00:00:00 UTC,-62,1590,416004044,1.087361111111111
2015-11-14 00:00:00 UTC,-62,-1207,431701720,2.6373611111111117
2015-11-14 00:00:00 UTC,-62,456,416103900,1.0418055555555557
2015-11-14 00:00:00 UTC,-62,-1365,412460001,1.3075
2015-11-14 00:00:00 UTC,-62,-1364,412460001,4.7120833333333341
2015-11-14 00:00:00 UTC,-62,-1366,412460001,1.4840277777777771
2015-11-14 00:00:00 UTC,451,-32,227989000,1.4440277777777779
2015-11-14 00:00:00 UTC,451,-30,227989000,10.952083333333334
2015-11-14 00:00:00 UTC,451,-504,316021004,0.70305555555555554
2015-11-14 00:00:00 UTC,451,-503,316021004,0.4102777777777778
2015-11-14 00:00:00 UTC,451,-502,316021004,2.2193055555555556
2015-11-14 00:00:00 UTC,451,-501,316021004,1.0959722222222221
2015-11-14 00:00:00 UTC,451,-27,228904000,5.5668055555555567
2015-11-14 00:00:00 UTC,451,134,238430040,11.932916666666671
2015-11-14 00:00:00 UTC,451,143,238150000,5.3663888888888884
2015-11-14 00:00:00 UTC,451,134,238975610,13.005416666666667
2015-11-14 00:00:00 UTC,451,134,238598010,4.5111111111111111
2015-11-14 00:00:00 UTC,451,133,238598010,2.1545833333333331
2015-11-14 00:00:00 UTC,451,-14,228101000,1.5293055555555557
2015-11-14 00:00:00 UTC,451,-1251,368293000,3.1708333333333334
2015-11-14 00:00:00 UTC,451,-14,227802000,2.0826388888888889
2015-11-14 00:00:00 UTC,451,144,238406040,2.3124999999999996
2015-11-14 00:00:00 UTC,451,-1251,369604000,1.3979166666666667
2015-11-14 00:00:00 UTC,451,-1252,369604000,3.4391666666666665
2015-11-14 00:00:00 UTC,451,-15,228301000,14.129444444444445
2015-11-14 00:00:00 UTC,451,-1251,366946000,1.9345833333333333
2015-11-14 00:00:00 UTC,451,143,238621140,3.8726388888888881
2015-11-14 00:00:00 UTC,451,144,238621140,4.912638888888889
2015-11-14 00:00:00 UTC,451,144,238403040,2.6213888888888892
2015-11-14 00:00:00 UTC,451,143,238010340,3.3605555555555555
2015-11-14 00:00:00 UTC,451,144,238914540,3.339027777777777
2015-11-14 00:00:00 UTC,707,304,259637000,1.884722222222222
2015-11-14 00:00:00 UTC,707,300,257460500,0.29722222222222222
2015-11-14 00:00:00 UTC,707,301,257460500,8.6458333333333339
2015-11-14 00:00:00 UTC,707,313,257163320,4.1544444444444446
2015-11-14 00:00:00 UTC,707,357,251153000,0.84472222222222215
2015-11-14 00:00:00 UTC,707,215,257346920,4.4105555555555558
2015-11-14 00:00:00 UTC,707,425,273842800,0.86722222222222223
2015-11-14 00:00:00 UTC,707,424,273842800,6.8826388888888888
2015-11-14 00:00:00 UTC,707,218,257039740,3.1172222222222219
2015-11-14 00:00:00 UTC,707,214,257077440,0.30986111111111114
2015-11-14 00:00:00 UTC,707,215,257077440,0.55472222222222212
2015-11-14 00:00:00 UTC,-61,460,416768000,6.13986111111111
2015-11-14 00:00:00 UTC,-61,113,603100160,2.2333333333333334
2015-11-14 00:00:00 UTC,-61,1781,416240900,1.0356944444444445
2015-11-14 00:00:00 UTC,-61,-1221,431703560,2.6272222222222226
2015-11-14 00:00:00 UTC,-61,113,224069140,3.2301388888888889
2015-11-14 00:00:00 UTC,-61,-1209,431101210,3.1080555555555556
2015-11-14 00:00:00 UTC,-61,1623,412439607,1.8740277777777778
2015-11-14 00:00:00 UTC,-61,1622,412439607,1.3475000000000001
2015-11-14 00:00:00 UTC,-61,479,416165700,4.7061111111111114
2015-11-14 00:00:00 UTC,-61,-1662,412201817,2.653194444444444
2015-11-14 00:00:00 UTC,-61,-1360,416119900,5.3486111111111114
2015-11-14 00:00:00 UTC,-61,-1357,416119900,4.6856944444444446
2015-11-14 00:00:00 UTC,-61,-1225,432924000,1.5219444444444443
2015-11-14 00:00:00 UTC,-61,445,412695680,1.24875
2015-11-14 00:00:00 UTC,-61,443,412695680,3.2384722222222222
2015-11-14 00:00:00 UTC,-61,444,412695680,1.4027777777777777
2015-11-14 00:00:00 UTC,-61,446,412695680,6.4315277777777782
2015-11-14 00:00:00 UTC,-61,-1581,577146000,1.4927777777777778
2015-11-14 00:00:00 UTC,-61,-1578,577146000,2.4083333333333332
2015-11-14 00:00:00 UTC,-61,-1577,577146000,2.2088888888888887
2015-11-14 00:00:00 UTC,-61,-1580,577146000,1.7283333333333335
2015-11-14 00:00:00 UTC,-61,-1575,577146000,2.8098611111111111
2015-11-14 00:00:00 UTC,-61,-1576,577146000,5.21875
2015-11-14 00:00:00 UTC,-61,-1261,520218000,7.0619444444444435
2015-11-14 00:00:00 UTC,-61,-1260,520218000,5.405277777777779
2015-11-14 00:00:00 UTC,-61,-1262,520218000,7.012777777777778
2015-11-14 00:00:00 UTC,-61,-1220,431204000,6.4206944444444467
2015-11-14 00:00:00 UTC,-61,-1538,553111743,1.1790277777777778
2015-11-14 00:00:00 UTC,-61,1590,416004044,1.2983333333333333
2015-11-14 00:00:00 UTC,-61,457,416103900,2.3502777777777779
2015-11-14 00:00:00 UTC,-61,-1371,412460001,5.3211111111111116
2015-11-14 00:00:00 UTC,-61,-1623,529729000,3.0287500000000005
2015-11-14 00:00:00 UTC,196,-245,224083590,2.3286111111111114
2015-11-14 00:00:00 UTC,196,1091,412477598,2.0038888888888886
2015-11-14 00:00:00 UTC,196,1090,412477598,0.71069444444444441
2015-11-14 00:00:00 UTC,452,134,238536710,2.9605555555555547
2015-11-14 00:00:00 UTC,452,-502,316021004,1.3569444444444443
2015-11-14 00:00:00 UTC,452,144,238743340,7.2844444444444445
2015-11-14 00:00:00 UTC,452,-16,227100500,2.2473611111111111
2015-11-14 00:00:00 UTC,452,134,238598010,0.54125
2015-11-14 00:00:00 UTC,452,-14,228101000,7.7690277777777785
2015-11-14 00:00:00 UTC,452,-1251,368293000,0.25847222222222221
2015-11-14 00:00:00 UTC,452,-1250,368293000,0.48069444444444442
2015-11-14 00:00:00 UTC,452,-14,227802000,5.09125
2015-11-14 00:00:00 UTC,452,-1251,366946000,1.0733333333333335
2015-11-14 00:00:00 UTC,452,-13,228110800,1.51
2015-11-14 00:00:00 UTC,452,-14,228110800,5.0795833333333329
2015-11-14 00:00:00 UTC,452,142,238604010,0.3725
2015-11-14 00:00:00 UTC,708,296,259519000,2.0781944444444442
2015-11-14 00:00:00 UTC,708,295,259519000,0.16138888888888889
2015-11-14 00:00:00 UTC,708,171,258185000,1.8651388888888889
2015-11-14 00:00:00 UTC,708,221,257459500,0.62194444444444441
2015-11-14 00:00:00 UTC,708,223,257459500,0.24944444444444444
2015-11-14 00:00:00 UTC,708,222,257459500,1.088611111111111
2015-11-14 00:00:00 UTC,708,313,257163320,1.181111111111111
2015-11-14 00:00:00 UTC,708,314,257163320,1.5543055555555556
2015-11-14 00:00:00 UTC,708,358,251123000,0.8
2015-11-14 00:00:00 UTC,708,366,251123000,0.86388888888888893
2015-11-14 00:00:00 UTC,708,362,251123000,1.6151388888888889
2015-11-14 00:00:00 UTC,708,359,251123000,1.1159722222222221
2015-11-14 00:00:00 UTC,708,221,257589600,0.5197222222222222
2015-11-14 00:00:00 UTC,708,222,257589600,0.90569444444444447
2015-11-14 00:00:00 UTC,708,357,251153000,0.29902777777777778
2015-11-14 00:00:00 UTC,708,218,257039740,1.7315277777777778
2015-11-14 00:00:00 UTC,708,221,257022340,1.0195833333333333
2015-11-14 00:00:00 UTC,708,401,273376220,6.8391666666666664
2015-11-14 00:00:00 UTC,708,261,257782500,8.3805555555555546
2015-11-14 00:00:00 UTC,-60,1781,416240900,2.151388888888889
2015-11-14 00:00:00 UTC,-60,1780,416240900,1.9473611111111111
2015-11-14 00:00:00 UTC,-60,113,224069140,2.1595833333333334
2015-11-14 00:00:00 UTC,-60,451,416116500,2.8115277777777781
2015-11-14 00:00:00 UTC,-60,452,416116500,2.7263888888888888
2015-11-14 00:00:00 UTC,-60,-1534,529469000,4.2665277777777773
2015-11-14 00:00:00 UTC,-60,-1533,529469000,1.3961111111111111
2015-11-14 00:00:00 UTC,-60,-1664,412201817,4.7663888888888888
2015-11-14 00:00:00 UTC,-60,-1666,412201817,4.3577777777777778
2015-11-14 00:00:00 UTC,-60,-1360,416119900,1.0620833333333333
2015-11-14 00:00:00 UTC,-60,-1359,416119900,0.83847222222222217
2015-11-14 00:00:00 UTC,-60,452,412695690,5.1247222222222222
2015-11-14 00:00:00 UTC,-60,1639,338074000,8.9420833333333309
2015-11-14 00:00:00 UTC,-60,-1533,553111743,4.99763888888889
2015-11-14 00:00:00 UTC,-60,-1529,553111744,0.37347222222222221
2015-11-14 00:00:00 UTC,-60,-1528,553111744,1.6193055555555556
2015-11-14 00:00:00 UTC,-60,1590,416004044,7.0019444444444439
2015-11-14 00:00:00 UTC,-60,-1623,529729000,5.7845833333333347
2015-11-14 00:00:00 UTC,-60,-1528,441675000,4.5720833333333344
2015-11-14 00:00:00 UTC,197,-245,224083590,1.1091666666666666
2015-11-14 00:00:00 UTC,197,-244,224083590,1.3179166666666666
2015-11-14 00:00:00 UTC,197,1091,412477598,3.2045833333333329
2015-11-14 00:00:00 UTC,197,1510,431769000,7.8106944444444455
2015-11-14 00:00:00 UTC,453,133,238536710,2.6506944444444445
2015-11-14 00:00:00 UTC,453,134,238536710,4.0090277777777779
2015-11-14 00:00:00 UTC,453,-17,227100500,11.367222222222223
2015-11-14 00:00:00 UTC,453,-16,227100500,2.9626388888888893
2015-11-14 00:00:00 UTC,453,-12,227316570,0.55833333333333335
2015-11-14 00:00:00 UTC,453,-13,228101000,0.78541666666666676
2015-11-14 00:00:00 UTC,453,-14,228101000,4.2197222222222219
2015-11-14 00:00:00 UTC,453,-17,227418000,0.54888888888888887
2015-11-14 00:00:00 UTC,453,-14,227802000,6.76763888888889
2015-11-14 00:00:00 UTC,453,-16,227875000,5.4818055555555549
2015-11-14 00:00:00 UTC,453,-18,227875000,9.3070833333333329
2015-11-14 00:00:00 UTC,453,-17,227875000,9.0759722222222212
2015-11-14 00:00:00 UTC,453,-16,228008900,6.5020833333333332
2015-11-14 00:00:00 UTC,453,-14,228110800,5.6256944444444441
2015-11-14 00:00:00 UTC,453,-13,228110800,3.1180555555555558
2015-11-14 00:00:00 UTC,453,-13,228834000,1.9520833333333332
2015-11-14 00:00:00 UTC,453,-14,228834000,6.6869444444444435
2015-11-14 00:00:00 UTC,453,144,238621140,0.29416666666666669
2015-11-14 00:00:00 UTC,453,-14,228950000,10.330138888888889
2015-11-14 00:00:00 UTC,709,171,258185000,0.77250000000000008
2015-11-14 00:00:00 UTC,709,170,258185000,0.76541666666666663
2015-11-14 00:00:00 UTC,709,222,257459500,0.3536111111111111
2015-11-14 00:00:00 UTC,709,356,251123000,1.5750000000000002
2015-11-14 00:00:00 UTC,709,369,251123000,1.60125
2015-11-14 00:00:00 UTC,709,383,273317970,0.96500000000000008
2015-11-14 00:00:00 UTC,709,357,251153000,0.79847222222222225
2015-11-14 00:00:00 UTC,709,299,275461000,5.225138888888889
2015-11-14 00:00:00 UTC,709,298,275461000,2.275
2015-11-14 00:00:00 UTC,709,402,273376220,3.885
2015-11-14 00:00:00 UTC,709,401,273376220,3.2763888888888886
2015-11-14 00:00:00 UTC,709,252,257312740,1.3223611111111111
2015-11-14 00:00:00 UTC,709,253,257312740,1.2498611111111111
2015-11-14 00:00:00 UTC,709,251,257312740,2.6306944444444444
2015-11-14 00:00:00 UTC,-315,353,224544160,1.650277777777778
2015-11-14 00:00:00 UTC,-315,-291,224609000,0.34166666666666667
2015-11-14 00:00:00 UTC,-315,-292,224609000,0.35388888888888892
2015-11-14 00:00:00 UTC,-59,454,416116500,4.9325
2015-11-14 00:00:00 UTC,-59,451,416116500,1.0033333333333334
2015-11-14 00:00:00 UTC,-59,-1539,440104000,1.4959722222222225
2015-11-14 00:00:00 UTC,-59,-1534,529469000,1.3591666666666666
2015-11-14 00:00:00 UTC,-59,-1538,529469000,1.2094444444444443
2015-11-14 00:00:00 UTC,-59,-1537,529469000,1.42625
2015-11-14 00:00:00 UTC,-59,-1664,412201817,4.4069444444444441
2015-11-14 00:00:00 UTC,-59,-1533,553111743,8.23361111111111
2015-11-14 00:00:00 UTC,-59,-1529,553111744,2.9669444444444446
2015-11-14 00:00:00 UTC,-59,-1693,553111750,3.6275000000000004
2015-11-14 00:00:00 UTC,-59,1591,416004044,8.2330555555555556
2015-11-14 00:00:00 UTC,-59,-1211,431701720,2.1662500000000002
2015-11-14 00:00:00 UTC,-59,457,416103900,5.8868055555555561
2015-11-14 00:00:00 UTC,-59,-1608,412371191,4.819583333333334
2015-11-14 00:00:00 UTC,-59,-1606,412371191,6.1806944444444438
2015-11-14 00:00:00 UTC,198,-243,224083590,1.10875
2015-11-14 00:00:00 UTC,198,-244,224083590,0.53861111111111115
2015-11-14 00:00:00 UTC,198,-242,224083590,2.9256944444444439
2015-11-14 00:00:00 UTC,454,133,238536710,2.9369444444444444
2015-11-14 00:00:00 UTC,454,-17,228178000,21.318333333333339
2015-11-14 00:00:00 UTC,454,-15,227100500,4.1030555555555557
2015-11-14 00:00:00 UTC,454,-12,227316570,3.39875
2015-11-14 00:00:00 UTC,454,-13,227316570,6.1468055555555559
2015-11-14 00:00:00 UTC,454,134,238581110,0.50958333333333328
2015-11-14 00:00:00 UTC,454,-14,228101000,7.0073611111111109
2015-11-14 00:00:00 UTC,454,-13,228101000,2.0270833333333331
2015-11-14 00:00:00 UTC,454,-17,227418000,22.234861111111105
2015-11-14 00:00:00 UTC,454,-17,228008900,2.2887500000000003
2015-11-14 00:00:00 UTC,454,-14,228110800,0.73597222222222225
2015-11-14 00:00:00 UTC,454,-14,228834000,4.5530555555555559
2015-11-14 00:00:00 UTC,454,-13,228834000,1.0298611111111111
2015-11-14 00:00:00 UTC,454,-13,228950000,3.0043055555555553
2015-11-14 00:00:00 UTC,454,-14,228950000,2.7586111111111111
2015-11-14 00:00:00 UTC,710,170,258185000,0.78194444444444444
2015-11-14 00:00:00 UTC,710,169,258185000,0.89736111111111116
2015-11-14 00:00:00 UTC,710,355,251123000,1.5609722222222222
2015-11-14 00:00:00 UTC,710,384,273317970,1.4213888888888888
2015-11-14 00:00:00 UTC,710,359,251153000,0.76680555555555552
2015-11-14 00:00:00 UTC,710,299,275461000,2.1998611111111113
2015-11-14 00:00:00 UTC,710,298,275461000,0.84986111111111118
2015-11-14 00:00:00 UTC,710,411,273297100,4.5238888888888891
2015-11-14 00:00:00 UTC,710,410,273297100,0.79569444444444448
2015-11-14 00:00:00 UTC,710,402,273376220,5.3683333333333332
2015-11-14 00:00:00 UTC,710,403,273376220,1.5265277777777777
2015-11-14 00:00:00 UTC,710,253,257312740,0.86986111111111108
2015-11-14 00:00:00 UTC,710,252,257312740,0.20208333333333334
2015-11-14 00:00:00 UTC,-314,354,224544160,3.0069444444444442
2015-11-14 00:00:00 UTC,-314,-285,224609000,1.2456944444444444
2015-11-14 00:00:00 UTC,-314,-290,224609000,0.43402777777777779
2015-11-14 00:00:00 UTC,-314,-288,224609000,0.70902777777777781
2015-11-14 00:00:00 UTC,-314,-289,224609000,0.70833333333333337
2015-11-14 00:00:00 UTC,-314,-287,224609000,0.77013888888888893
2015-11-14 00:00:00 UTC,-314,-291,224609000,0.28305555555555556
2015-11-14 00:00:00 UTC,-58,453,416116500,2.2745833333333336
2015-11-14 00:00:00 UTC,-58,451,416116500,1.390138888888889
2015-11-14 00:00:00 UTC,-58,452,416116500,1.2777777777777777
2015-11-14 00:00:00 UTC,-58,454,416116500,2.7588888888888889
2015-11-14 00:00:00 UTC,-58,-1209,431101210,2.7908333333333335
2015-11-14 00:00:00 UTC,-58,-1210,431101210,3.4301388888888891
2015-11-14 00:00:00 UTC,-58,-1543,440104000,1.0580555555555553
2015-11-14 00:00:00 UTC,-58,1722,412209234,0.80652777777777773
2015-11-14 00:00:00 UTC,-58,-1664,412201817,2.1737499999999996
2015-11-14 00:00:00 UTC,-58,-1498,576699000,0.72916666666666663
2015-11-14 00:00:00 UTC,-58,-1501,576699000,4.6968055555555557
2015-11-14 00:00:00 UTC,-58,-1499,576699000,1.9963888888888888
2015-11-14 00:00:00 UTC,-58,-1497,576699000,4.4466666666666663
2015-11-14 00:00:00 UTC,-58,-1500,576699000,0.72930555555555554
2015-11-14 00:00:00 UTC,-58,452,412695690,8.0969444444444445
2015-11-14 00:00:00 UTC,-58,-1533,553111743,0.71777777777777785
2015-11-14 00:00:00 UTC,-58,868,416002496,19.477083333333333
2015-11-14 00:00:00 UTC,-58,-1693,553111750,5.0079166666666666
2015-11-14 00:00:00 UTC,-58,-1208,431701720,3.1261111111111117
2015-11-14 00:00:00 UTC,-58,-1211,431701720,2.075277777777778
2015-11-14 00:00:00 UTC,199,-172,312706000,6.3298611111111107
2015-11-14 00:00:00 UTC,199,-171,312706000,17.229722222222225
2015-11-14 00:00:00 UTC,455,-18,224181000,4.4405555555555551
2015-11-14 00:00:00 UTC,455,-558,361000800,1.5806944444444444
2015-11-14 00:00:00 UTC,455,-559,361000800,0.36277777777777775
2015-11-14 00:00:00 UTC,455,-17,228008900,5.1006944444444446
2015-11-14 00:00:00 UTC,455,-15,228185800,23.021250000000006
2015-11-14 00:00:00 UTC,455,-14,228834000,0.52958333333333329
2015-11-14 00:00:00 UTC,711,353,251123000,1.6575
2015-11-14 00:00:00 UTC,711,384,273317970,1.6147222222222222
2015-11-14 00:00:00 UTC,711,385,273317970,1.5476388888888888
2015-11-14 00:00:00 UTC,711,359,251153000,1.5708333333333335
2015-11-14 00:00:00 UTC,711,355,251153000,1.6570833333333332
2015-11-14 00:00:00 UTC,711,358,251153000,0.80138888888888893
2015-11-14 00:00:00 UTC,711,272,257435500,0.55291666666666661
2015-11-14 00:00:00 UTC,711,262,257309840,0.87416666666666665
2015-11-14 00:00:00 UTC,711,263,257309840,1.0165277777777777
2015-11-14 00:00:00 UTC,711,248,257155500,1.5518055555555554
2015-11-14 00:00:00 UTC,711,245,257155500,1.5802777777777777
2015-11-14 00:00:00 UTC,711,246,257155500,1.3393055555555555
2015-11-14 00:00:00 UTC,711,247,257155500,1.0944444444444443
2015-11-14 00:00:00 UTC,711,249,257155500,4.1756944444444448
2015-11-14 00:00:00 UTC,711,412,273297100,4.193194444444444
2015-11-14 00:00:00 UTC,711,410,273297100,3.2093055555555554
2015-11-14 00:00:00 UTC,711,411,273297100,10.249166666666666
2015-11-14 00:00:00 UTC,711,316,257825500,0.52152777777777781
2015-11-14 00:00:00 UTC,711,403,273376220,3.144166666666667
2015-11-14 00:00:00 UTC,711,252,257312740,3.1468055555555554
2015-11-14 00:00:00 UTC,711,253,257312740,4.70861111111111
2015-11-14 00:00:00 UTC,-313,374,224197150,4.9455555555555559
2015-11-14 00:00:00 UTC,-57,-1210,431101210,3.7005555555555558
2015-11-14 00:00:00 UTC,-57,-1209,431101210,1.5534722222222221
2015-11-14 00:00:00 UTC,-57,458,416329000,2.020833333333333
2015-11-14 00:00:00 UTC,-57,456,416329000,2.9113888888888892
2015-11-14 00:00:00 UTC,-57,459,416329000,1.3966666666666665
2015-11-14 00:00:00 UTC,-57,457,416329000,1.645
2015-11-14 00:00:00 UTC,-57,460,416329000,3.3223611111111113
2015-11-14 00:00:00 UTC,-57,-1543,440104000,1.9576388888888887
2015-11-14 00:00:00 UTC,-57,-1540,440104000,0.73958333333333337
2015-11-14 00:00:00 UTC,-57,-1541,440104000,6.9531944444444447
2015-11-14 00:00:00 UTC,-57,-1542,440104000,6.98125
2015-11-14 00:00:00 UTC,-57,1697,412328793,2.5818055555555559
2015-11-14 00:00:00 UTC,-57,-1665,412201817,5.2526388888888889
2015-11-14 00:00:00 UTC,-57,-1616,553111740,1.2787499999999998
2015-11-14 00:00:00 UTC,-57,-1212,431701720,3.2466666666666666
2015-11-14 00:00:00 UTC,-57,-1211,431701720,0.40402777777777776
2015-11-14 00:00:00 UTC,-57,1660,412460278,4.0454166666666662
2015-11-14 00:00:00 UTC,-57,1659,412460278,1.8447222222222219
2015-11-14 00:00:00 UTC,-57,-1610,412371191,0.80958333333333343
2015-11-14 00:00:00 UTC,-57,-1608,412371191,5.2529166666666667
2015-11-14 00:00:00 UTC,-57,-1609,412371191,2.1706944444444445
2015-11-14 00:00:00 UTC,-57,-1528,441675000,0.49152777777777779
2015-11-14 00:00:00 UTC,-57,-1530,441675000,0.80180555555555555
2015-11-14 00:00:00 UTC,-57,-1529,441675000,3.0473611111111114
2015-11-14 00:00:00 UTC,200,1518,431903000,3.6656944444444446
2015-11-14 00:00:00 UTC,456,-18,224181000,0.65986111111111112
2015-11-14 00:00:00 UTC,456,-17,224181000,1.1425
2015-11-14 00:00:00 UTC,456,-14,227118900,5.2305555555555552
2015-11-14 00:00:00 UTC,456,-22,228189000,1.0277777777777779
2015-11-14 00:00:00 UTC,456,-20,228189000,0.98041666666666671
2015-11-14 00:00:00 UTC,456,-21,228189000,1.3580555555555556
2015-11-14 00:00:00 UTC,456,-17,227420000,7.0219444444444443
2015-11-14 00:00:00 UTC,456,-16,227420000,1.3123611111111111
2015-11-14 00:00:00 UTC,456,-559,361000800,0.36736111111111114
2015-11-14 00:00:00 UTC,456,-14,228207000,0.51055555555555554
2015-11-14 00:00:00 UTC,456,-15,228207000,1.2925
2015-11-14 00:00:00 UTC,456,-30,228239000,2.7798611111111109
2015-11-14 00:00:00 UTC,456,-29,228239000,1.7755555555555556
2015-11-14 00:00:00 UTC,712,350,251123000,1.525
2015-11-14 00:00:00 UTC,712,360,251123000,1.9804166666666667
2015-11-14 00:00:00 UTC,712,356,251123000,1.5912500000000003
2015-11-14 00:00:00 UTC,712,352,251123000,1.5329166666666667
2015-11-14 00:00:00 UTC,712,359,251123000,1.7209722222222223
2015-11-14 00:00:00 UTC,712,358,251123000,1.6380555555555554
2015-11-14 00:00:00 UTC,712,468,273298000,5.2366666666666664
2015-11-14 00:00:00 UTC,712,471,273298000,2.4255555555555555
2015-11-14 00:00:00 UTC,712,469,273298000,1.6152777777777776
2015-11-14 00:00:00 UTC,712,363,251153000,1.5302777777777776
2015-11-14 00:00:00 UTC,712,358,251153000,1.5222222222222221
2015-11-14 00:00:00 UTC,712,410,273297100,0.80513888888888885
2015-11-14 00:00:00 UTC,-568,-684,725011900,0.92888888888888888
2015-11-14 00:00:00 UTC,-312,366,224197150,3.4913888888888889
2015-11-14 00:00:00 UTC,-312,374,224197150,0.37513888888888891
2015-11-14 00:00:00 UTC,-312,375,224197150,0.73013888888888889
2015-11-14 00:00:00 UTC,-312,363,224197150,1.6876388888888889
2015-11-14 00:00:00 UTC,-312,376,224197150,0.7712500000000001
2015-11-14 00:00:00 UTC,-56,447,416116500,1.0206944444444443
2015-11-14 00:00:00 UTC,-56,448,416116500,2.0094444444444441
2015-11-14 00:00:00 UTC,-56,460,416329000,0.62638888888888888
2015-11-14 00:00:00 UTC,-56,459,416329000,2.37625
2015-11-14 00:00:00 UTC,-56,455,416329000,1.9525000000000001
2015-11-14 00:00:00 UTC,-56,457,416329000,2.288472222222222
2015-11-14 00:00:00 UTC,-56,458,416329000,2.1726388888888888
2015-11-14 00:00:00 UTC,-56,456,416329000,3.1565277777777778
2015-11-14 00:00:00 UTC,-56,1723,412209234,1.8059722222222221
2015-11-14 00:00:00 UTC,-56,1697,412328793,0.77152777777777781
2015-11-14 00:00:00 UTC,-56,-1667,412201818,0.88166666666666693
2015-11-14 00:00:00 UTC,-56,-1665,412201818,2.8166666666666669
2015-11-14 00:00:00 UTC,-56,-1668,412201818,1.6144444444444443
2015-11-14 00:00:00 UTC,-56,-1648,416004759,1.287361111111111
2015-11-14 00:00:00 UTC,-56,-1646,416004759,3.9129166666666668
2015-11-14 00:00:00 UTC,-56,-1645,416004759,1.8883333333333332
2015-11-14 00:00:00 UTC,-56,-1647,416004759,1.2156944444444444
2015-11-14 00:00:00 UTC,-56,-212,416167600,11.475
2015-11-14 00:00:00 UTC,-56,-204,416167600,7.0123611111111108
2015-11-14 00:00:00 UTC,-56,-1633,510062000,13.399583333333334
2015-11-14 00:00:00 UTC,-56,-1607,412371191,4.3273611111111112
2015-11-14 00:00:00 UTC,-56,-1610,412371191,3.6134722222222222
2015-11-14 00:00:00 UTC,-56,-1588,416306430,4.7754166666666666
2015-11-14 00:00:00 UTC,457,-17,224181000,1.0680555555555555
2015-11-14 00:00:00 UTC,457,-13,227118900,1.8222222222222222
2015-11-14 00:00:00 UTC,457,-14,227118900,0.25958333333333333
2015-11-14 00:00:00 UTC,457,-22,228189000,0.77972222222222221
2015-11-14 00:00:00 UTC,457,-17,227420000,12.033750000000001
2015-11-14 00:00:00 UTC,457,-18,227420000,2.4416666666666664
2015-11-14 00:00:00 UTC,457,-14,228207000,5.7515277777777776
2015-11-14 00:00:00 UTC,457,-13,228207000,1.3433333333333333
2015-11-14 00:00:00 UTC,457,-30,228239000,2.1266666666666665
2015-11-14 00:00:00 UTC,713,444,273444610,1.0276388888888888
2015-11-14 00:00:00 UTC,713,445,273444610,1.3383333333333334
2015-11-14 00:00:00 UTC,713,358,251123000,0.97902777777777772
2015-11-14 00:00:00 UTC,713,472,273298000,1.6290277777777777
2015-11-14 00:00:00 UTC,713,366,251153000,0.79986111111111113
2015-11-14 00:00:00 UTC,713,474,273298100,2.2943055555555554
2015-11-14 00:00:00 UTC,713,473,273298100,0.87444444444444447
2015-11-14 00:00:00 UTC,-311,376,224197150,0.24833333333333335
2015-11-14 00:00:00 UTC,-311,363,224197150,3.3979166666666663
2015-11-14 00:00:00 UTC,-311,378,224197150,0.83569444444444441
2015-11-14 00:00:00 UTC,-311,377,224197150,0.89625
2015-11-14 00:00:00 UTC,-55,447,416116500,2.0513888888888889
2015-11-14 00:00:00 UTC,-55,458,664201000,0.79597222222222208
2015-11-14 00:00:00 UTC,-55,457,664201000,6.0020833333333323
2015-11-14 00:00:00 UTC,-55,456,664201000,15.79013888888889
2015-11-14 00:00:00 UTC,-55,1697,412328793,3.2950000000000004
2015-11-14 00:00:00 UTC,-55,1692,412328793,2.1398611111111112
2015-11-14 00:00:00 UTC,-55,1691,412328793,2.0609722222222224
2015-11-14 00:00:00 UTC,-55,1693,412328793,4.4565277777777785
2015-11-14 00:00:00 UTC,-55,-1668,412201818,2.8938888888888892
2015-11-14 00:00:00 UTC,-55,-1499,576699000,3.9836111111111112
2015-11-14 00:00:00 UTC,-55,-1648,416004759,1.3413888888888887
2015-11-14 00:00:00 UTC,-55,-1646,416004759,3.3043055555555556
2015-11-14 00:00:00 UTC,-55,865,416002496,11.733055555555556
2015-11-14 00:00:00 UTC,-55,1665,412460279,4.055
2015-11-14 00:00:00 UTC,-55,1664,412460279,1.6806944444444443
2015-11-14 00:00:00 UTC,-55,15,627179000,2.1025
2015-11-14 00:00:00 UTC,-55,-1585,416306430,3.4259722222222218
2015-11-14 00:00:00 UTC,-55,-1588,416306430,0.75930555555555557
2015-11-14 00:00:00 UTC,-55,-1584,416306430,4.016111111111111
2015-11-14 00:00:00 UTC,-55,-1589,416306430,4.3195833333333331
2015-11-14 00:00:00 UTC,-55,-1586,416306430,4.4194444444444443
2015-11-14 00:00:00 UTC,202,1548,431693000,6.1581944444444447
2015-11-14 00:00:00 UTC,202,1549,431693000,5.0981944444444443
2015-11-14 00:00:00 UTC,458,-14,227817000,1.0573611111111112
2015-11-14 00:00:00 UTC,458,-19,227420000,0.42069444444444448
2015-11-14 00:00:00 UTC,458,-18,227420000,0.66958333333333342
2015-11-14 00:00:00 UTC,458,-22,227589000,0.28916666666666668
2015-11-14 00:00:00 UTC,458,-21,227589000,1.31
2015-11-14 00:00:00 UTC,458,-23,227308000,7.0234722222222228
2015-11-14 00:00:00 UTC,458,-40,227574000,2.1534722222222222
2015-11-14 00:00:00 UTC,714,445,273444610,1.5799999999999998
2015-11-14 00:00:00 UTC,714,444,273444610,0.778888888888889
2015-11-14 00:00:00 UTC,714,474,273298000,5.0505555555555555
2015-11-14 00:00:00 UTC,714,473,273298000,1.76375
2015-11-14 00:00:00 UTC,714,475,273298000,1.4880555555555555
2015-11-14 00:00:00 UTC,714,480,273298100,1.5223611111111111
2015-11-14 00:00:00 UTC,714,476,273298100,0.82777777777777783
2015-11-14 00:00:00 UTC,714,483,273298100,1.5222222222222221
2015-11-14 00:00:00 UTC,714,473,273298100,0.81111111111111112
2015-11-14 00:00:00 UTC,714,475,273298100,0.93027777777777776
2015-11-14 00:00:00 UTC,714,477,273298100,2.275
2015-11-14 00:00:00 UTC,-310,380,224197150,0.48708333333333331
2015-11-14 00:00:00 UTC,-310,379,224197150,0.75458333333333327
2015-11-14 00:00:00 UTC,-310,-432,224063790,3.1788888888888884
2015-11-14 00:00:00 UTC,-310,-427,224063790,0.75888888888888884
2015-11-14 00:00:00 UTC,-310,-429,224063790,1.0725
2015-11-14 00:00:00 UTC,-310,-428,224063790,1.4002777777777777
2015-11-14 00:00:00 UTC,-310,-431,224063790,1.5734722222222224
2015-11-14 00:00:00 UTC,-310,-430,224063790,1.5150000000000001
2015-11-14 00:00:00 UTC,-310,355,224544160,2.7265277777777777
2015-11-14 00:00:00 UTC,-54,-1486,412371208,4.4806944444444445
2015-11-14 00:00:00 UTC,-54,-1485,412371208,1.0641666666666665
2015-11-14 00:00:00 UTC,-54,-1483,412371208,4.8644444444444446
2015-11-14 00:00:00 UTC,-54,462,664543000,3.806944444444444
2015-11-14 00:00:00 UTC,-54,458,664201000,2.3331944444444446
2015-11-14 00:00:00 UTC,-54,1696,412328793,6.0431944444444445
2015-11-14 00:00:00 UTC,-54,1691,412328793,3.9668055555555557
2015-11-14 00:00:00 UTC,-54,-1667,412201818,4.44125
2015-11-14 00:00:00 UTC,-54,-1665,412201818,2.9233333333333333
2015-11-14 00:00:00 UTC,-54,-1668,412201818,2.1072222222222221
2015-11-14 00:00:00 UTC,-54,448,412695660,2.8312500000000003
2015-11-14 00:00:00 UTC,-54,-1650,416004759,6.1923611111111114
2015-11-14 00:00:00 UTC,-54,-1648,416004759,4.4063888888888894
2015-11-14 00:00:00 UTC,-54,-1579,412695550,3.58
2015-11-14 00:00:00 UTC,-54,-1583,412695550,1.3197222222222222
2015-11-14 00:00:00 UTC,-54,-1582,412695550,3.1380555555555558
2015-11-14 00:00:00 UTC,203,1501,431200990,5.38375
2015-11-14 00:00:00 UTC,459,-21,228958000,1.0694444444444444
2015-11-14 00:00:00 UTC,459,-39,224187770,2.4297222222222219
2015-11-14 00:00:00 UTC,459,-21,227589000,2.0563888888888888
2015-11-14 00:00:00 UTC,459,-20,227589000,1.038888888888889
2015-11-14 00:00:00 UTC,715,309,257480500,1.9123611111111112
2015-11-14 00:00:00 UTC,715,480,273298000,1.5222222222222221
2015-11-14 00:00:00 UTC,715,477,273298000,1.6030555555555557
2015-11-14 00:00:00 UTC,715,476,273298000,1.5223611111111111
2015-11-14 00:00:00 UTC,715,479,273298000,1.5220833333333332
2015-11-14 00:00:00 UTC,715,421,273293400,14.875277777777779
2015-11-14 00:00:00 UTC,715,488,273298100,3.2863888888888888
2015-11-14 00:00:00 UTC,715,487,273298100,0.76374999999999993
2015-11-14 00:00:00 UTC,715,478,273298100,6.0477777777777773
2015-11-14 00:00:00 UTC,715,486,273298100,0.99472222222222217
2015-11-14 00:00:00 UTC,-565,-695,725011900,0.87666666666666671
2015-11-14 00:00:00 UTC,-309,380,224197150,0.5541666666666667
2015-11-14 00:00:00 UTC,-309,382,224197150,1.5345833333333334
2015-11-14 00:00:00 UTC,-309,381,224197150,1.0206944444444446
2015-11-14 00:00:00 UTC,-309,-427,224063790,1.4051388888888889
2015-11-14 00:00:00 UTC,-309,-430,224063790,0.6380555555555556
2015-11-14 00:00:00 UTC,-309,-429,224063790,1.3711111111111109
2015-11-14 00:00:00 UTC,-53,-1483,412371208,4.3468055555555551
2015-11-14 00:00:00 UTC,-53,460,664543000,3.2368055555555557
2015-11-14 00:00:00 UTC,-53,462,664543000,1.653888888888889
2015-11-14 00:00:00 UTC,-53,-1668,412201818,1.7597222222222222
2015-11-14 00:00:00 UTC,-53,-1667,412201818,2.3518055555555559
2015-11-14 00:00:00 UTC,-53,-1665,412201818,1.7140277777777779
2015-11-14 00:00:00 UTC,-53,-198,416358000,4.2302777777777774
2015-11-14 00:00:00 UTC,-53,-197,416358000,1.5627777777777778
2015-11-14 00:00:00 UTC,-53,-196,416358000,6.0725
2015-11-14 00:00:00 UTC,-53,-1799,366020000,4.2648611111111112
2015-11-14 00:00:00 UTC,-53,-1798,366020000,3.4455555555555555
2015-11-14 00:00:00 UTC,-53,-1582,412695550,2.9513888888888888
2015-11-14 00:00:00 UTC,-53,-1577,412695550,2.8472222222222223
2015-11-14 00:00:00 UTC,-53,-1578,412695550,2.8644444444444446
2015-11-14 00:00:00 UTC,-53,-1583,412695550,0.8404166666666667
2015-11-14 00:00:00 UTC,-53,-1579,412695550,3.57625
2015-11-14 00:00:00 UTC,204,-172,312575000,1.3305555555555557
2015-11-14 00:00:00 UTC,204,-173,312575000,3.1897222222222221
2015-11-14 00:00:00 UTC,204,1564,431487000,4.8204166666666666
2015-11-14 00:00:00 UTC,204,-172,620048000,4.0983333333333327
2015-11-14 00:00:00 UTC,204,-171,259621000,0.1751388888888889
2015-11-14 00:00:00 UTC,204,-176,412280992,7.3336111111111109
2015-11-14 00:00:00 UTC,204,-176,412280993,3.38375
2015-11-14 00:00:00 UTC,204,1502,431200990,1.9504166666666667
2015-11-14 00:00:00 UTC,460,-18,228117000,1.89875
2015-11-14 00:00:00 UTC,460,-19,228117000,3.3502777777777779
2015-11-14 00:00:00 UTC,460,-24,228393000,0.16833333333333333
2015-11-14 00:00:00 UTC,460,-23,228393000,0.5131944444444444
2015-11-14 00:00:00 UTC,460,-24,227806000,0.27416666666666667
2015-11-14 00:00:00 UTC,460,-23,227806000,2.9511111111111106
2015-11-14 00:00:00 UTC,460,-22,228958000,0.40513888888888888
2015-11-14 00:00:00 UTC,460,-21,228958000,0.97027777777777768
2015-11-14 00:00:00 UTC,460,-20,228958000,2.6526388888888892
2015-11-14 00:00:00 UTC,460,-18,228958000,6.2813888888888885
2015-11-14 00:00:00 UTC,460,-19,228113000,6.361527777777777
2015-11-14 00:00:00 UTC,460,-1249,368293000,3.057500000000001
2015-11-14 00:00:00 UTC,460,-20,227589000,0.4975
2015-11-14 00:00:00 UTC,460,-18,227589000,2.3831944444444444
2015-11-14 00:00:00 UTC,460,-19,227589000,1.4138888888888888
2015-11-14 00:00:00 UTC,460,-1249,366946000,4.6493055555555554
2015-11-14 00:00:00 UTC,460,-23,227308000,2.6656944444444446
2015-11-14 00:00:00 UTC,460,-22,227308000,1.9834722222222223
2015-11-14 00:00:00 UTC,716,446,273444610,1.6072222222222221
2015-11-14 00:00:00 UTC,716,308,259241000,2.5086111111111111
2015-11-14 00:00:00 UTC,716,304,259241000,2.5252777777777777
2015-11-14 00:00:00 UTC,716,305,259241000,1.8558333333333332
2015-11-14 00:00:00 UTC,716,306,259241000,3.2337499999999997
2015-11-14 00:00:00 UTC,716,310,257480500,1.6601388888888891
2015-11-14 00:00:00 UTC,716,309,257480500,2.3737500000000002
2015-11-14 00:00:00 UTC,716,311,257480500,3.0398611111111107
2015-11-14 00:00:00 UTC,716,421,273293400,6.4065277777777778
2015-11-14 00:00:00 UTC,716,499,273298100,3.5923611111111113
2015-11-14 00:00:00 UTC,716,502,273298100,1.86625
2015-11-14 00:00:00 UTC,716,342,273431480,1.5763888888888888
2015-11-14 00:00:00 UTC,716,340,273431480,3.6111111111111112
2015-11-14 00:00:00 UTC,-564,-697,725011900,1.1958333333333335
2015-11-14 00:00:00 UTC,-564,-696,725011900,0.94847222222222216
2015-11-14 00:00:00 UTC,-308,376,224142870,4.1026388888888885
2015-11-14 00:00:00 UTC,-308,378,224142870,0.35722222222222222
2015-11-14 00:00:00 UTC,-308,383,224197150,0.22361111111111109
2015-11-14 00:00:00 UTC,-308,382,224197150,2.2070833333333333
2015-11-14 00:00:00 UTC,-308,-427,224063790,0.43666666666666665
2015-11-14 00:00:00 UTC,-308,-428,224063790,0.88291666666666668
2015-11-14 00:00:00 UTC,-308,-432,224063790,3.7833333333333332
2015-11-14 00:00:00 UTC,-52,-1483,412371208,1.2809722222222222
2015-11-14 00:00:00 UTC,-52,-1481,412371208,3.7151388888888892
2015-11-14 00:00:00 UTC,-52,-1484,412371208,4.7083333333333339
2015-11-14 00:00:00 UTC,-52,-1482,412371208,2.12125
2015-11-14 00:00:00 UTC,-52,462,664543000,0.61472222222222228
2015-11-14 00:00:00 UTC,-52,460,664543000,1.8673611111111112
2015-11-14 00:00:00 UTC,-52,461,664543000,3.7186111111111106
2015-11-14 00:00:00 UTC,-52,1613,548831000,2.9899999999999998
2015-11-14 00:00:00 UTC,-52,-1650,416004759,3.6331944444444444
2015-11-14 00:00:00 UTC,-52,-1798,366020000,0.523611111111111
2015-11-14 00:00:00 UTC,-52,-1799,366020000,5.5159722222222225
2015-11-14 00:00:00 UTC,-52,-1586,412440031,6.1418055555555551
2015-11-14 00:00:00 UTC,-52,-1579,412440031,1.9748611111111112
2015-11-14 00:00:00 UTC,-52,-1578,412440031,0.81138888888888883
2015-11-14 00:00:00 UTC,-52,-1580,412440031,5.4929166666666669
2015-11-14 00:00:00 UTC,-52,1659,412460278,4.049722222222222
2015-11-14 00:00:00 UTC,-52,1658,412460278,1.1881944444444443
2015-11-14 00:00:00 UTC,-52,1660,412460278,1.6227777777777777
2015-11-14 00:00:00 UTC,-52,18,627179000,0.35861111111111116
2015-11-14 00:00:00 UTC,205,-172,312575000,8.3702777777777779
2015-11-14 00:00:00 UTC,205,-171,620048000,1.3705555555555555
2015-11-14 00:00:00 UTC,205,-172,620048000,2.6706944444444445
2015-11-14 00:00:00 UTC,205,-172,259621000,0.38208333333333333
2015-11-14 00:00:00 UTC,205,-171,259621000,0.25555555555555554
2015-11-14 00:00:00 UTC,205,-176,412280993,7.2720833333333319
2015-11-14 00:00:00 UTC,205,1502,431200990,5.0915277777777783
2015-11-14 00:00:00 UTC,205,1501,431200990,4.2702777777777783
2015-11-14 00:00:00 UTC,461,-20,224181000,3.3945833333333333
2015-11-14 00:00:00 UTC,461,-20,228117000,1.4922222222222223
2015-11-14 00:00:00 UTC,461,-19,228117000,2.6597222222222223
2015-11-14 00:00:00 UTC,461,-24,228229900,4.0905555555555555
2015-11-14 00:00:00 UTC,461,-24,228393000,7.6983333333333341
2015-11-14 00:00:00 UTC,461,-25,227561000,0.96
2015-11-14 00:00:00 UTC,461,-26,227561000,1.2854166666666667
2015-11-14 00:00:00 UTC,461,-24,227806000,3.8290277777777773
2015-11-14 00:00:00 UTC,461,-20,228958000,1.1583333333333332
2015-11-14 00:00:00 UTC,461,-19,228958000,10.739444444444445
2015-11-14 00:00:00 UTC,461,-18,228958000,0.90402777777777765
2015-11-14 00:00:00 UTC,461,-23,228840000,6.0165277777777781
2015-11-14 00:00:00 UTC,461,-19,228113000,7.5611111111111118
2015-11-14 00:00:00 UTC,461,-20,228113000,2.7786111111111111
2015-11-14 00:00:00 UTC,461,-19,227814000,9.6406944444444438
2015-11-14 00:00:00 UTC,461,-37,224187770,1.6044444444444443
2015-11-14 00:00:00 UTC,461,-1249,368293000,7.7908333333333335
2015-11-14 00:00:00 UTC,461,-1248,368293000,2.6794444444444441
2015-11-14 00:00:00 UTC,461,-19,227589000,5.2683333333333335
2015-11-14 00:00:00 UTC,461,-32,228975000,10.124722222222221
2015-11-14 00:00:00 UTC,461,-1249,366946000,7.3843055555555583
2015-11-14 00:00:00 UTC,461,-1248,366946000,0.64166666666666661
2015-11-14 00:00:00 UTC,461,-1250,366946000,0.65527777777777774
2015-11-14 00:00:00 UTC,461,-25,227426000,2.5805555555555553
2015-11-14 00:00:00 UTC,461,-43,227574000,1.931527777777778
2015-11-14 00:00:00 UTC,461,-25,227563000,4.40736111111111
2015-11-14 00:00:00 UTC,461,-24,227563000,6.5186111111111105
2015-11-14 00:00:00 UTC,717,458,273444610,0.76416666666666666
2015-11-14 00:00:00 UTC,717,446,273444610,3.2286111111111113
2015-11-14 00:00:00 UTC,717,456,273444610,0.7680555555555556
2015-11-14 00:00:00 UTC,717,447,273444610,1.5897222222222223
2015-11-14 00:00:00 UTC,717,457,273444610,1.7445833333333334
2015-11-14 00:00:00 UTC,717,449,273444610,3.5100000000000002
2015-11-14 00:00:00 UTC,717,443,273444610,1.6340277777777776
2015-11-14 00:00:00 UTC,717,454,273444610,3.1765277777777778
2015-11-14 00:00:00 UTC,717,452,273444610,1.518888888888889
2015-11-14 00:00:00 UTC,717,309,259241000,2.5122222222222224
2015-11-14 00:00:00 UTC,717,307,259241000,2.2833333333333332
2015-11-14 00:00:00 UTC,717,310,259241000,1.4491666666666665
2015-11-14 00:00:00 UTC,717,308,259241000,1.5772222222222221
2015-11-14 00:00:00 UTC,717,312,257480500,1.5790277777777777
2015-11-14 00:00:00 UTC,717,313,257480500,0.99652777777777768
2015-11-14 00:00:00 UTC,717,347,273431480,3.5318055555555556
2015-11-14 00:00:00 UTC,-563,-698,725011900,2.1380555555555554
2015-11-14 00:00:00 UTC,-563,-697,725011900,0.23958333333333334
2015-11-14 00:00:00 UTC,-307,376,224142870,0.87361111111111112
2015-11-14 00:00:00 UTC,-307,379,224142870,0.39597222222222223
2015-11-14 00:00:00 UTC,-307,377,224142870,1.3511111111111112
2015-11-14 00:00:00 UTC,-307,368,224142870,3.3427777777777776
2015-11-14 00:00:00 UTC,-307,378,224142870,0.69680555555555557
2015-11-14 00:00:00 UTC,-307,-430,224063790,0.70597222222222222
2015-11-14 00:00:00 UTC,-307,-428,224063790,1.1263888888888889
2015-11-14 00:00:00 UTC,-307,-431,224063790,0.8305555555555556
2015-11-14 00:00:00 UTC,-307,-123,224120000,1.0790277777777777
2015-11-14 00:00:00 UTC,-307,-122,224120000,1.6790277777777778
2015-11-14 00:00:00 UTC,-307,-124,224120000,3.4375
2015-11-14 00:00:00 UTC,-51,460,664543000,3.5723611111111109
2015-11-14 00:00:00 UTC,-51,462,664543000,1.8651388888888887
2015-11-14 00:00:00 UTC,-51,1619,416500000,4.1222222222222227
2015-11-14 00:00:00 UTC,-51,1618,416500000,0.56416666666666671
2015-11-14 00:00:00 UTC,-51,-191,416358000,3.1958333333333333
2015-11-14 00:00:00 UTC,-51,-192,416358000,3.2224999999999997
2015-11-14 00:00:00 UTC,-51,-1795,366020000,0.74152777777777779
2015-11-14 00:00:00 UTC,-51,-1581,412440031,4.3115277777777781
2015-11-14 00:00:00 UTC,-51,-1584,412440031,4.8040277777777778
2015-11-14 00:00:00 UTC,-51,-1578,412440031,3.6112499999999996
2015-11-14 00:00:00 UTC,-51,1658,412460278,2.9456944444444444
2015-11-14 00:00:00 UTC,-51,1659,412460278,4.4456944444444444
2015-11-14 00:00:00 UTC,-51,1662,412460278,4.512777777777778
2015-11-14 00:00:00 UTC,-51,1643,432971000,3.3623611111111114
2015-11-14 00:00:00 UTC,206,-175,312575000,1.3168055555555556
2015-11-14 00:00:00 UTC,206,-175,312060000,5.1968055555555557
2015-11-14 00:00:00 UTC,206,1501,431200990,2.3670833333333334
2015-11-14 00:00:00 UTC,462,-20,227893000,8.2191666666666681
2015-11-14 00:00:00 UTC,462,-20,224181000,0.95416666666666661
2015-11-14 00:00:00 UTC,462,-21,224181000,0.8025
2015-11-14 00:00:00 UTC,462,-22,228117000,0.87791666666666668
2015-11-14 00:00:00 UTC,462,-21,228117000,2.7675
2015-11-14 00:00:00 UTC,462,-19,227317780,5.4304166666666669
2015-11-14 00:00:00 UTC,462,-23,228216600,2.4365277777777781
2015-11-14 00:00:00 UTC,462,-23,228107800,5.1604166666666673
2015-11-14 00:00:00 UTC,462,-24,228107800,2.677777777777778
2015-11-14 00:00:00 UTC,462,-17,228884000,3.756388888888889
2015-11-14 00:00:00 UTC,462,-20,226004000,4.5027777777777773
2015-11-14 00:00:00 UTC,462,-21,226004000,3.673055555555556
2015-11-14 00:00:00 UTC,462,-24,228209700,1.1336111111111111
2015-11-14 00:00:00 UTC,462,-25,227561000,1.8262500000000002
2015-11-14 00:00:00 UTC,462,-26,227561000,2.400694444444444
2015-11-14 00:00:00 UTC,462,-34,227336000,2.125
2015-11-14 00:00:00 UTC,462,-36,227336000,2.411111111111111
2015-11-14 00:00:00 UTC,462,-35,227336000,0.9373611111111112
2015-11-14 00:00:00 UTC,462,-20,228114000,17.19027777777778
2015-11-14 00:00:00 UTC,462,-21,228114000,3.4370833333333333
2015-11-14 00:00:00 UTC,462,-22,227316320,5.8755555555555556
2015-11-14 00:00:00 UTC,462,-20,228113000,0.54319444444444442
2015-11-14 00:00:00 UTC,462,-21,228113000,7.8975
2015-11-14 00:00:00 UTC,462,-21,227814000,4.8715277777777777
2015-11-14 00:00:00 UTC,462,-43,224113270,3.6066666666666669
2015-11-14 00:00:00 UTC,462,-1249,368293000,0.15166666666666667
2015-11-14 00:00:00 UTC,462,-1248,368293000,1.5680555555555555
2015-11-14 00:00:00 UTC,462,-23,228367000,3.9670833333333331
2015-11-14 00:00:00 UTC,462,-22,228367000,0.99694444444444441
2015-11-14 00:00:00 UTC,462,-42,235097013,2.2001388888888886
2015-11-14 00:00:00 UTC,462,-38,235097013,14.976527777777779
2015-11-14 00:00:00 UTC,462,-34,227416000,0.47722222222222227
2015-11-14 00:00:00 UTC,462,-36,227416000,0.86874999999999991
2015-11-14 00:00:00 UTC,462,-27,228253900,5.5916666666666668
2015-11-14 00:00:00 UTC,462,-29,228253900,3.0006944444444437
2015-11-14 00:00:00 UTC,462,-28,228253900,1.3548611111111108
2015-11-14 00:00:00 UTC,462,-1250,366946000,0.7238888888888888
2015-11-14 00:00:00 UTC,462,-1249,366946000,0.54041666666666666
2015-11-14 00:00:00 UTC,462,-25,227426000,0.73152777777777789
2015-11-14 00:00:00 UTC,462,-19,227648210,2.2497222222222222
2015-11-14 00:00:00 UTC,462,-20,227648210,0.65861111111111115
2015-11-14 00:00:00 UTC,462,-23,227308000,5.5968055555555578
2015-11-14 00:00:00 UTC,462,-16,227321320,1.5884722222222223
2015-11-14 00:00:00 UTC,462,-17,227321320,7.3665277777777787
2015-11-14 00:00:00 UTC,462,-43,227574000,1.9272222222222222
2015-11-14 00:00:00 UTC,462,1388,273845500,6.0534722222222221
2015-11-14 00:00:00 UTC,718,310,259241000,1.7977777777777777
2015-11-14 00:00:00 UTC,718,311,259241000,3.2377777777777776
2015-11-14 00:00:00 UTC,718,314,257480500,1.216388888888889
2015-11-14 00:00:00 UTC,718,316,257480500,1.5697222222222222
2015-11-14 00:00:00 UTC,718,315,257480500,2.217222222222222
2015-11-14 00:00:00 UTC,718,347,273431480,0.76569444444444446
2015-11-14 00:00:00 UTC,718,346,273431480,1.3305555555555555
2015-11-14 00:00:00 UTC,718,348,273431480,0.93902777777777779
2015-11-14 00:00:00 UTC,-306,366,224142870,1.6672222222222219
2015-11-14 00:00:00 UTC,-306,376,224142870,1.4024999999999999
2015-11-14 00:00:00 UTC,-306,377,224142870,0.71569444444444441
2015-11-14 00:00:00 UTC,-306,363,224142870,1.7009722222222221
2015-11-14 00:00:00 UTC,-306,379,224142870,0.66347222222222224
2015-11-14 00:00:00 UTC,-306,380,224142870,0.37111111111111106
2015-11-14 00:00:00 UTC,-306,375,224142870,0.85722222222222233
2015-11-14 00:00:00 UTC,-306,-429,224063790,1.661111111111111
2015-11-14 00:00:00 UTC,-306,-86,224084640,0.34027777777777779
2015-11-14 00:00:00 UTC,-306,-87,224084640,0.51930555555555558
2015-11-14 00:00:00 UTC,-306,-122,224120000,1.0823611111111109
2015-11-14 00:00:00 UTC,-306,-167,224929000,1.4330555555555557
2015-11-14 00:00:00 UTC,-306,-165,224929000,4.6398611111111112
2015-11-14 00:00:00 UTC,-50,461,664543000,1.788888888888889
2015-11-14 00:00:00 UTC,-50,462,664543000,2.7075
2015-11-14 00:00:00 UTC,-50,1615,548831000,5.4768055555555559
2015-11-14 00:00:00 UTC,-50,1619,416500000,3.2334722222222223
2015-11-14 00:00:00 UTC,-50,467,440316000,6.5698611111111118
2015-11-14 00:00:00 UTC,-50,-1795,366020000,1.4709722222222223
2015-11-14 00:00:00 UTC,-50,-1471,577145000,3.9572222222222222
2015-11-14 00:00:00 UTC,-50,-1124,730051000,2.1902777777777782
2015-11-14 00:00:00 UTC,-50,-1529,416004565,3.9479166666666665
2015-11-14 00:00:00 UTC,-50,-1637,512012000,13.189444444444444
2015-11-14 00:00:00 UTC,207,-175,312575000,2.7716666666666669
2015-11-14 00:00:00 UTC,207,1502,431200990,1.3081944444444444
2015-11-14 00:00:00 UTC,207,1501,431200990,1.466388888888889
2015-11-14 00:00:00 UTC,463,-20,227893000,1.96
2015-11-14 00:00:00 UTC,463,-22,224181000,0.96819444444444436
2015-11-14 00:00:00 UTC,463,-21,224181000,0.73444444444444457
2015-11-14 00:00:00 UTC,463,-19,227317780,1.6019444444444444
2015-11-14 00:00:00 UTC,463,-20,227317780,0.46013888888888888
2015-11-14 00:00:00 UTC,463,-23,228216600,2.1384722222222226
2015-11-14 00:00:00 UTC,463,-22,228216600,0.42888888888888888
2015-11-14 00:00:00 UTC,463,-21,228107800,1.1591666666666665
2015-11-14 00:00:00 UTC,463,-20,228107800,0.12666666666666668
2015-11-14 00:00:00 UTC,463,-21,226004000,0.8899999999999999
2015-11-14 00:00:00 UTC,463,-20,226004000,1.3491666666666666
2015-11-14 00:00:00 UTC,463,-23,228209700,1.7856944444444443
2015-11-14 00:00:00 UTC,463,-24,228209700,4.9529166666666669
2015-11-14 00:00:00 UTC,463,-34,227336000,3.5845833333333337
2015-11-14 00:00:00 UTC,463,-39,227336000,2.0681944444444444
2015-11-14 00:00:00 UTC,463,-35,227336000,1.6404166666666669
2015-11-14 00:00:00 UTC,463,-36,227336000,1.30625
2015-11-14 00:00:00 UTC,463,-37,227336000,1.38375
2015-11-14 00:00:00 UTC,463,-38,227336000,1.5008333333333332
2015-11-14 00:00:00 UTC,463,-20,228114000,1.268888888888889
2015-11-14 00:00:00 UTC,463,-21,228114000,1.1994444444444443
2015-11-14 00:00:00 UTC,463,-22,224099940,3.2177777777777776
2015-11-14 00:00:00 UTC,463,-45,224113270,6.6184722222222225
2015-11-14 00:00:00 UTC,463,-44,224113270,6.0344444444444445
2015-11-14 00:00:00 UTC,463,-43,224113270,2.3452777777777776
2015-11-14 00:00:00 UTC,463,-36,224187770,2.4683333333333333
2015-11-14 00:00:00 UTC,463,-22,228367000,0.1751388888888889
2015-11-14 00:00:00 UTC,463,-43,235097013,1.6875
2015-11-14 00:00:00 UTC,463,-44,235097013,2.4138888888888888
2015-11-14 00:00:00 UTC,463,-38,235097013,3.018472222222222
2015-11-14 00:00:00 UTC,463,-34,227416000,1.9100000000000001
2015-11-14 00:00:00 UTC,463,-37,227416000,1.2047222222222222
2015-11-14 00:00:00 UTC,463,-36,227416000,0.2845833333333333
2015-11-14 00:00:00 UTC,463,-38,227416000,2.8120833333333328
2015-11-14 00:00:00 UTC,463,-21,227309000,0.39722222222222225
2015-11-14 00:00:00 UTC,463,-22,227309000,7.201527777777776
2015-11-14 00:00:00 UTC,463,-23,227309000,2.2773611111111109
2015-11-14 00:00:00 UTC,463,-29,228253900,1.8066666666666666
2015-11-14 00:00:00 UTC,463,-23,227308000,1.8570833333333332
2015-11-14 00:00:00 UTC,463,1389,273845500,5.8281944444444447
2015-11-14 00:00:00 UTC,719,463,331070000,1.5416666666666667
2015-11-14 00:00:00 UTC,719,464,331070000,0.81
2015-11-14 00:00:00 UTC,719,237,231045000,1.7226388888888891
2015-11-14 00:00:00 UTC,719,348,273431480,1.5223611111111111
2015-11-14 00:00:00 UTC,-561,-702,725011900,0.35125
2015-11-14 00:00:00 UTC,-561,-701,725011900,0.4875
2015-11-14 00:00:00 UTC,-305,381,224142870,1.6887500000000002
2015-11-14 00:00:00 UTC,-305,380,224142870,0.57375
2015-11-14 00:00:00 UTC,-305,363,224142870,1.9348611111111111
2015-11-14 00:00:00 UTC,-305,-430,224063790,1.3976388888888889
2015-11-14 00:00:00 UTC,-305,-89,224084640,0.53611111111111109
2015-11-14 00:00:00 UTC,-305,-87,224084640,1.2574999999999998
2015-11-14 00:00:00 UTC,-305,-86,224084640,0.325
2015-11-14 00:00:00 UTC,-305,-88,224084640,1.0344444444444445
2015-11-14 00:00:00 UTC,-305,-121,224120000,1.0438888888888889
2015-11-14 00:00:00 UTC,-49,1615,548831000,5.5313888888888894
2015-11-14 00:00:00 UTC,-49,1614,548831000,4.6086111111111112
2015-11-14 00:00:00 UTC,-49,466,440316000,4.3491666666666671
2015-11-14 00:00:00 UTC,-49,467,440316000,8.6244444444444444
2015-11-14 00:00:00 UTC,-49,-1529,416004565,2.0711111111111111
2015-11-14 00:00:00 UTC,-49,-1531,416004565,5.1608333333333327
2015-11-14 00:00:00 UTC,-49,-1530,416004565,1.4365277777777772
2015-11-14 00:00:00 UTC,-49,-1638,512012000,2.9340277777777777
2015-11-14 00:00:00 UTC,-49,-1637,512012000,3.0286111111111111
2015-11-14 00:00:00 UTC,-49,-1624,538060007,0.50444444444444447
2015-11-14 00:00:00 UTC,-49,-1623,538060007,1.6319444444444442
2015-11-14 00:00:00 UTC,208,-170,312189000,5.1679166666666667
2015-11-14 00:00:00 UTC,208,-260,224452000,3.8426388888888887
2015-11-14 00:00:00 UTC,208,-255,224452000,3.5054166666666666
2015-11-14 00:00:00 UTC,208,-254,224452000,1.0805555555555557
2015-11-14 00:00:00 UTC,208,-252,224452000,0.87361111111111112
2015-11-14 00:00:00 UTC,208,-253,224452000,1.2765277777777777
2015-11-14 00:00:00 UTC,208,-251,224452000,1.8623611111111111
2015-11-14 00:00:00 UTC,208,1502,431200990,2.7208333333333332
2015-11-14 00:00:00 UTC,464,-22,224181000,0.33347222222222223
2015-11-14 00:00:00 UTC,464,-23,228216600,0.51555555555555554
2015-11-14 00:00:00 UTC,464,-22,228216600,3.014444444444444
2015-11-14 00:00:00 UTC,464,-23,228209700,1.0708333333333331
2015-11-14 00:00:00 UTC,464,-36,228169000,6.799444444444446
2015-11-14 00:00:00 UTC,464,-39,227336000,1.2656944444444442
2015-11-14 00:00:00 UTC,464,-34,228301900,7.1936111111111094
2015-11-14 00:00:00 UTC,464,-22,227922000,0.70458333333333345
2015-11-14 00:00:00 UTC,464,-23,227922000,3.61125
2015-11-14 00:00:00 UTC,464,-24,227922000,0.84180555555555558
2015-11-14 00:00:00 UTC,464,-23,227878000,2.3193055555555562
2015-11-14 00:00:00 UTC,464,-20,227878000,1.02375
2015-11-14 00:00:00 UTC,464,-35,224187770,1.4454166666666666
2015-11-14 00:00:00 UTC,464,-45,228954000,0.9686111111111112
2015-11-14 00:00:00 UTC,464,-46,228954000,0.36416666666666664
2015-11-14 00:00:00 UTC,464,-38,227416000,0.57486111111111116
2015-11-14 00:00:00 UTC,464,-29,228253900,1.0306944444444444
2015-11-14 00:00:00 UTC,464,-24,227308000,0.54458333333333342
2015-11-14 00:00:00 UTC,464,-23,227308000,1.6029166666666665
2015-11-14 00:00:00 UTC,464,-87,224011260,0.88222222222222224
2015-11-14 00:00:00 UTC,720,469,331070000,1.5756944444444443
2015-11-14 00:00:00 UTC,720,468,331070000,0.7975
2015-11-14 00:00:00 UTC,720,466,331070000,1.7263888888888888
2015-11-14 00:00:00 UTC,720,465,331070000,2.6893055555555554
2015-11-14 00:00:00 UTC,720,467,331070000,1.7716666666666665
2015-11-14 00:00:00 UTC,720,289,258319000,2.4365277777777781
2015-11-14 00:00:00 UTC,720,349,273431480,1.5193055555555555
2015-11-14 00:00:00 UTC,-560,-702,725011900,0.74666666666666659
2015-11-14 00:00:00 UTC,-560,-703,725011900,2.9416666666666669
2015-11-14 00:00:00 UTC,-304,-87,224084640,0.837361111111111
2015-11-14 00:00:00 UTC,-304,-88,224084640,0.35722222222222222
2015-11-14 00:00:00 UTC,-304,-89,224084640,1.1808333333333332
2015-11-14 00:00:00 UTC,-304,-121,224120000,1.0322222222222222
2015-11-14 00:00:00 UTC,-304,-169,224929000,1.6213888888888888
2015-11-14 00:00:00 UTC,-304,-52,224267000,3.7230555555555558
2015-11-14 00:00:00 UTC,-48,468,440316000,5.0552777777777775
2015-11-14 00:00:00 UTC,-48,-1534,416004565,4.7683333333333335
2015-11-14 00:00:00 UTC,-48,-1689,538060006,2.8673611111111108
2015-11-14 00:00:00 UTC,209,-261,224452000,1.1877777777777778
2015-11-14 00:00:00 UTC,209,1090,412166308,1.4847222222222223
2015-11-14 00:00:00 UTC,209,-1541,338060008,2.2808333333333333
2015-11-14 00:00:00 UTC,209,-1539,338060008,3.7887500000000003
2015-11-14 00:00:00 UTC,209,-1297,367485680,4.0794444444444444
2015-11-14 00:00:00 UTC,465,-24,227903000,1.149861111111111
2015-11-14 00:00:00 UTC,465,-23,227903000,8.7565277777777784
2015-11-14 00:00:00 UTC,465,-22,227903000,1.8601388888888892
2015-11-14 00:00:00 UTC,465,-25,227903000,1.4023611111111112
2015-11-14 00:00:00 UTC,465,-42,227380000,2.5297222222222224
2015-11-14 00:00:00 UTC,465,-23,227922000,4.9391666666666669
2015-11-14 00:00:00 UTC,465,-21,227922000,1.8441666666666665
2015-11-14 00:00:00 UTC,465,-22,227922000,3.3658333333333341
2015-11-14 00:00:00 UTC,465,-24,227922000,1.2652777777777779
2015-11-14 00:00:00 UTC,465,-50,228935000,5.3461111111111119
2015-11-14 00:00:00 UTC,465,-22,227878000,3.9613888888888895
2015-11-14 00:00:00 UTC,465,-20,227878000,0.5165277777777777
2015-11-14 00:00:00 UTC,465,-21,227878000,2.481527777777778
2015-11-14 00:00:00 UTC,465,-23,227878000,9.7555555555555529
2015-11-14 00:00:00 UTC,465,-35,224187770,2.7847222222222219
2015-11-14 00:00:00 UTC,465,-38,224187770,3.2291666666666665
2015-11-14 00:00:00 UTC,465,-36,224187770,2.2
2015-11-14 00:00:00 UTC,465,-45,228954000,0.49236111111111114
2015-11-14 00:00:00 UTC,465,-44,228954000,1.9145833333333333
2015-11-14 00:00:00 UTC,465,-46,228954000,0.6791666666666667
2015-11-14 00:00:00 UTC,465,-51,224042130,2.9872222222222229
2015-11-14 00:00:00 UTC,465,-32,227855000,7.5473611111111136
2015-11-14 00:00:00 UTC,465,-24,228888000,2.4320833333333329
2015-11-14 00:00:00 UTC,465,-22,228888000,2.3775
2015-11-14 00:00:00 UTC,465,-23,228888000,11.139444444444445
2015-11-14 00:00:00 UTC,465,-34,228312000,0.31666666666666665
2015-11-14 00:00:00 UTC,465,-26,227308000,0.94291666666666663
2015-11-14 00:00:00 UTC,465,-25,227308000,1.5847222222222221
2015-11-14 00:00:00 UTC,465,-24,227308000,1.2774999999999999
2015-11-14 00:00:00 UTC,721,469,331070000,0.75444444444444447
2015-11-14 00:00:00 UTC,721,471,331070000,0.76611111111111108
2015-11-14 00:00:00 UTC,721,470,331070000,1.6147222222222222
2015-11-14 00:00:00 UTC,721,468,331070000,1.672361111111111
2015-11-14 00:00:00 UTC,721,283,258319000,3.0855555555555556
2015-11-14 00:00:00 UTC,721,281,258319000,0.94208333333333338
2015-11-14 00:00:00 UTC,-303,-86,224084640,0.74361111111111111
2015-11-14 00:00:00 UTC,-303,-89,224084640,1.0608333333333335
2015-11-14 00:00:00 UTC,-303,-87,224084640,1.2254166666666666
2015-11-14 00:00:00 UTC,-303,-120,224120000,1.0722222222222222
2015-11-14 00:00:00 UTC,-303,-170,224929000,0.92916666666666659
2015-11-14 00:00:00 UTC,-303,-171,224929000,0.16388888888888889
2015-11-14 00:00:00 UTC,-303,-53,224267000,0.48222222222222222
2015-11-14 00:00:00 UTC,-303,-52,224267000,0.46499999999999997
2015-11-14 00:00:00 UTC,-47,1779,520243000,5.2375
2015-11-14 00:00:00 UTC,-47,-1575,412370007,2.6645833333333329
2015-11-14 00:00:00 UTC,-47,-1570,412370007,1.25875
2015-11-14 00:00:00 UTC,-47,-1572,412370007,1.4498611111111108
2015-11-14 00:00:00 UTC,-47,1617,431399000,5.2254166666666668
2015-11-14 00:00:00 UTC,-47,-1535,416004565,6.16
2015-11-14 00:00:00 UTC,-47,-1690,538060006,3.989444444444445
2015-11-14 00:00:00 UTC,-47,-1689,538060006,5.3558333333333339
2015-11-14 00:00:00 UTC,-47,-1691,538060006,1.6669444444444446
2015-11-14 00:00:00 UTC,-47,-1624,538060007,2.7333333333333334
2015-11-14 00:00:00 UTC,-47,-1642,412371192,1.0459722222222223
2015-11-14 00:00:00 UTC,-47,-1634,412371192,1.7734722222222223
2015-11-14 00:00:00 UTC,-47,-1636,412371192,2.2780555555555555
2015-11-14 00:00:00 UTC,-47,-1645,412371192,0.79125
2015-11-14 00:00:00 UTC,-47,-1644,412371192,0.86152777777777767
2015-11-14 00:00:00 UTC,-47,-1637,412371192,2.1120833333333331
2015-11-14 00:00:00 UTC,-47,-1638,412371192,0.96805555555555545
2015-11-14 00:00:00 UTC,-47,1639,432971000,2.1554166666666665
2015-11-14 00:00:00 UTC,-47,1638,432971000,3.4688888888888885
2015-11-14 00:00:00 UTC,210,1087,413002255,14.536944444444442
2015-11-14 00:00:00 UTC,210,1088,413002255,0.82666666666666666
2015-11-14 00:00:00 UTC,210,1089,412356888,2.7645833333333334
2015-11-14 00:00:00 UTC,210,1091,413008666,10.419583333333334
2015-11-14 00:00:00 UTC,210,1087,413044555,15.20638888888889
2015-11-14 00:00:00 UTC,210,1088,222221388,12.353333333333333
2015-11-14 00:00:00 UTC,210,-218,263569000,0.6972222222222223
2015-11-14 00:00:00 UTC,210,-219,263569000,3.6002777777777775
2015-11-14 00:00:00 UTC,210,-216,263569000,2.8502777777777779
2015-11-14 00:00:00 UTC,210,-215,263569000,0.67888888888888888
2015-11-14 00:00:00 UTC,210,-220,263569000,3.5197222222222222
2015-11-14 00:00:00 UTC,210,-221,263569000,3.3316666666666666
2015-11-14 00:00:00 UTC,210,-217,263569000,0.50569444444444445
2015-11-14 00:00:00 UTC,210,1092,413000061,10.46625
2015-11-14 00:00:00 UTC,210,1091,413131400,1.567638888888889
2015-11-14 00:00:00 UTC,210,1088,413201300,11.665833333333333
2015-11-14 00:00:00 UTC,210,-262,224452000,1.1104166666666666
2015-11-14 00:00:00 UTC,210,1090,412166308,9.0599999999999987
2015-11-14 00:00:00 UTC,210,-1543,338060008,1.6694444444444445
2015-11-14 00:00:00 UTC,210,-1542,338060008,5.0115277777777774
2015-11-14 00:00:00 UTC,466,-27,227903000,4.1252777777777787
2015-11-14 00:00:00 UTC,466,-42,227380000,9.624305555555555
2015-11-14 00:00:00 UTC,466,-43,227380000,10.069583333333334
2015-11-14 00:00:00 UTC,466,-44,227380000,0.79499999999999993
2015-11-14 00:00:00 UTC,466,-41,227803000,4.9179166666666667
2015-11-14 00:00:00 UTC,466,-42,227803000,8.7565277777777766
2015-11-14 00:00:00 UTC,466,-43,227803000,5.850833333333334
2015-11-14 00:00:00 UTC,466,-44,228954000,1.5080555555555555
2015-11-14 00:00:00 UTC,466,-45,228954000,1.5955555555555554
2015-11-14 00:00:00 UTC,466,-43,224052380,9.6016666666666666
2015-11-14 00:00:00 UTC,466,-42,224052380,1.3408333333333333
2015-11-14 00:00:00 UTC,466,-24,228888000,4.9583333333333339
2015-11-14 00:00:00 UTC,466,-23,228888000,3.1733333333333333
2015-11-14 00:00:00 UTC,466,-34,228312000,1.1934722222222223
2015-11-14 00:00:00 UTC,466,-35,228312000,2.1573611111111108
2015-11-14 00:00:00 UTC,466,-43,228195800,3.6061111111111108
2015-11-14 00:00:00 UTC,466,-41,228195800,0.51916666666666655
2015-11-14 00:00:00 UTC,466,-42,228195800,3.4749999999999996
2015-11-14 00:00:00 UTC,466,-26,227308000,0.78902777777777777
2015-11-14 00:00:00 UTC,466,-27,227308000,1.2127777777777775
2015-11-14 00:00:00 UTC,466,-43,228843000,14.115416666666667
2015-11-14 00:00:00 UTC,722,471,331070000,0.8
2015-11-14 00:00:00 UTC,722,470,331070000,0.81402777777777779
2015-11-14 00:00:00 UTC,722,289,258351000,1.5541666666666667
2015-11-14 00:00:00 UTC,722,289,258319000,1.6365277777777778
2015-11-14 00:00:00 UTC,-558,-662,725000591,1.6416666666666664
2015-11-14 00:00:00 UTC,-558,-706,725011900,2.4025000000000003
2015-11-14 00:00:00 UTC,-302,-85,224084640,0.71263888888888882
2015-11-14 00:00:00 UTC,-302,-89,224084640,2.4909722222222221
2015-11-14 00:00:00 UTC,-302,-86,224084640,0.33263888888888887
2015-11-14 00:00:00 UTC,-302,-125,224120000,3.6456944444444446
2015-11-14 00:00:00 UTC,-302,-120,224120000,1.1086111111111112
2015-11-14 00:00:00 UTC,-302,-171,224929000,1.3988888888888891
2015-11-14 00:00:00 UTC,-302,-172,224929000,0.33680555555555558
2015-11-14 00:00:00 UTC,-302,-53,224267000,1.105277777777778
2015-11-14 00:00:00 UTC,-302,-52,224267000,0.53041666666666665
2015-11-14 00:00:00 UTC,-46,471,440329000,0.60722222222222222
2015-11-14 00:00:00 UTC,-46,1780,520243000,2.0893055555555553
2015-11-14 00:00:00 UTC,-46,-1570,412370007,0.65819444444444442
2015-11-14 00:00:00 UTC,-46,-1574,412370007,1.3666666666666667
2015-11-14 00:00:00 UTC,-46,-1573,412370007,2.4781944444444441
2015-11-14 00:00:00 UTC,-46,-1575,412370007,2.9109722222222221
2015-11-14 00:00:00 UTC,-46,-1572,412370007,4.1061111111111108
2015-11-14 00:00:00 UTC,-46,-1571,412370007,1.6320833333333331
2015-11-14 00:00:00 UTC,-46,1617,431399000,3.8698611111111108
2015-11-14 00:00:00 UTC,-46,-1637,412371192,1.4730555555555558
2015-11-14 00:00:00 UTC,-46,-1634,412371192,0.82972222222222225
2015-11-14 00:00:00 UTC,-46,-1640,412371192,0.36402777777777778
2015-11-14 00:00:00 UTC,-46,-1638,412371192,1.4040277777777777
2015-11-14 00:00:00 UTC,-46,-1635,412371192,2.1808333333333336
2015-11-14 00:00:00 UTC,-46,-1636,412371192,1.7790277777777779
2015-11-14 00:00:00 UTC,-46,-1639,412371192,0.67625
2015-11-14 00:00:00 UTC,-46,-1641,412371192,2.8359722222222223
2015-11-14 00:00:00 UTC,-46,1639,432971000,1.6504166666666666
2015-11-14 00:00:00 UTC,211,1088,450520066,1.4359722222222224
2015-11-14 00:00:00 UTC,211,1087,450520066,9.3433333333333337
2015-11-14 00:00:00 UTC,211,1088,413002255,2.7075
2015-11-14 00:00:00 UTC,211,1090,412356888,3.0890277777777788
2015-11-14 00:00:00 UTC,211,1089,412356888,9.8381944444444436
2015-11-14 00:00:00 UTC,211,1088,415673881,1.2033333333333334
2015-11-14 00:00:00 UTC,211,1091,413008666,1.8691666666666669
2015-11-14 00:00:00 UTC,211,1090,413008666,1.5268055555555555
2015-11-14 00:00:00 UTC,211,1088,412699168,7.6152777777777771
2015-11-14 00:00:00 UTC,211,1087,412699168,7.4069444444444441
2015-11-14 00:00:00 UTC,211,1091,412950561,0.6726388888888889
2015-11-14 00:00:00 UTC,211,1089,412950561,7.0598611111111111
2015-11-14 00:00:00 UTC,211,1090,412950561,14.187222222222225
2015-11-14 00:00:00 UTC,211,1090,412086819,0.97083333333333333
2015-11-14 00:00:00 UTC,211,1088,800023093,11.766666666666667
2015-11-14 00:00:00 UTC,211,1092,328888888,0.66625
2015-11-14 00:00:00 UTC,211,1091,328888888,8.0958333333333332
2015-11-14 00:00:00 UTC,211,1087,413117755,1.08125
2015-11-14 00:00:00 UTC,211,1088,413117755,1.9123611111111112
2015-11-14 00:00:00 UTC,211,1089,413117755,0.725
2015-11-14 00:00:00 UTC,211,1087,800069696,0.36111111111111105
2015-11-14 00:00:00 UTC,211,1088,800069696,1.4245833333333333
2015-11-14 00:00:00 UTC,211,1088,413908800,1.9026388888888888
2015-11-14 00:00:00 UTC,211,1087,413908800,11.04375
2015-11-14 00:00:00 UTC,211,1089,413908800,0.59638888888888886
2015-11-14 00:00:00 UTC,211,1092,413022022,0.38458333333333333
2015-11-14 00:00:00 UTC,211,1091,999821642,4.1833333333333336
2015-11-14 00:00:00 UTC,211,1090,999821642,1.4444444444444444
2015-11-14 00:00:00 UTC,211,1088,413044555,2.83
2015-11-14 00:00:00 UTC,211,1091,997753676,1.2302777777777778
2015-11-14 00:00:00 UTC,211,1088,222221388,1.2745833333333334
2015-11-14 00:00:00 UTC,211,1089,222221388,0.39277777777777778
2015-11-14 00:00:00 UTC,211,1089,413011288,0.13722222222222225
2015-11-14 00:00:00 UTC,211,1087,453000028,10.176805555555557
2015-11-14 00:00:00 UTC,211,1091,201307228,0.17722222222222223
2015-11-14 00:00:00 UTC,211,1090,201307228,4.5430555555555561
2015-11-14 00:00:00 UTC,211,1089,201307228,5.2937500000000011
2015-11-14 00:00:00 UTC,211,1088,413088865,11.69986111111111
2015-11-14 00:00:00 UTC,211,1089,862392932,0.19055555555555556
2015-11-14 00:00:00 UTC,211,1088,862392932,0.17944444444444443
2015-11-14 00:00:00 UTC,211,1091,412479588,1.3340277777777778
2015-11-14 00:00:00 UTC,211,1092,412479588,0.84097222222222223
2015-11-14 00:00:00 UTC,211,1088,413011066,11.834305555555556
2015-11-14 00:00:00 UTC,211,1091,413000061,0.25888888888888889
2015-11-14 00:00:00 UTC,211,1092,413000061,0.74680555555555561
2015-11-14 00:00:00 UTC,211,1088,653680000,0.65055555555555555
2015-11-14 00:00:00 UTC,211,1087,653680000,0.58416666666666672
2015-11-14 00:00:00 UTC,211,1088,412479616,2.2718055555555554
2015-11-14 00:00:00 UTC,211,1087,412479616,6.4854166666666666
2015-11-14 00:00:00 UTC,211,1089,412479616,0.5625
2015-11-14 00:00:00 UTC,211,1091,997752962,0.12666666666666668
2015-11-14 00:00:00 UTC,211,1090,997752962,0.49513888888888891
2015-11-14 00:00:00 UTC,211,1089,201309068,3.3520833333333337
2015-11-14 00:00:00 UTC,211,1090,201309068,1.2874999999999999
2015-11-14 00:00:00 UTC,211,1089,997753234,8.5165277777777781
2015-11-14 00:00:00 UTC,211,1087,412305555,12.250277777777777
2015-11-14 00:00:00 UTC,211,1089,413002135,6.0765277777777769
2015-11-14 00:00:00 UTC,211,1090,413002135,0.52222222222222214
2015-11-14 00:00:00 UTC,211,1089,997753242,0.68444444444444452
2015-11-14 00:00:00 UTC,211,1089,413000860,0.97388888888888892
2015-11-14 00:00:00 UTC,211,1088,413000860,1.3702777777777779
2015-11-14 00:00:00 UTC,211,-264,224452000,1.375
2015-11-14 00:00:00 UTC,211,1090,453000099,0.98222222222222233
2015-11-14 00:00:00 UTC,211,1089,453000099,4.1416666666666657
2015-11-14 00:00:00 UTC,211,1088,453000099,0.99236111111111092
2015-11-14 00:00:00 UTC,211,1089,423000999,0.72875
2015-11-14 00:00:00 UTC,211,1090,415012012,3.4522222222222227
2015-11-14 00:00:00 UTC,211,1089,415012012,5.7073611111111111
2015-11-14 00:00:00 UTC,211,1090,999721398,13.651388888888889
2015-11-14 00:00:00 UTC,211,1090,413288888,2.7452777777777779
2015-11-14 00:00:00 UTC,211,1089,413288888,6.1394444444444449
2015-11-14 00:00:00 UTC,211,1090,21555388,0.27180555555555552
2015-11-14 00:00:00 UTC,211,1089,413066688,1.0511111111111113
2015-11-14 00:00:00 UTC,211,1088,999721687,10.006944444444445
2015-11-14 00:00:00 UTC,211,1089,457451230,3.6840277777777777
2015-11-14 00:00:00 UTC,211,1091,457451230,0.78263888888888888
2015-11-14 00:00:00 UTC,211,1090,457451230,6.4963888888888892
2015-11-14 00:00:00 UTC,211,1091,800007911,0.32944444444444443
2015-11-14 00:00:00 UTC,211,-1544,338060008,3.13875
2015-11-14 00:00:00 UTC,211,-1545,338060008,8.27625
2015-11-14 00:00:00 UTC,211,1089,358021359,5.2169444444444437
2015-11-14 00:00:00 UTC,211,1090,358021359,0.85347222222222219
2015-11-14 00:00:00 UTC,211,1091,412521718,0.51
2015-11-14 00:00:00 UTC,467,-26,228042600,4.9006944444444436
2015-11-14 00:00:00 UTC,467,-25,228042600,0.26402777777777775
2015-11-14 00:00:00 UTC,467,-44,228954000,0.94916666666666671
2015-11-14 00:00:00 UTC,467,-45,228954000,1.331388888888889
2015-11-14 00:00:00 UTC,467,-35,227855000,1.7597222222222224
2015-11-14 00:00:00 UTC,467,-36,227855000,2.8175
2015-11-14 00:00:00 UTC,467,-42,224052380,0.65083333333333337
2015-11-14 00:00:00 UTC,467,-31,228240800,0.96111111111111114
2015-11-14 00:00:00 UTC,467,-33,228240800,0.69569444444444439
2015-11-14 00:00:00 UTC,467,-32,228240800,1.3733333333333333
2015-11-14 00:00:00 UTC,467,-30,228240800,0.555138888888889
2015-11-14 00:00:00 UTC,467,-28,227143600,5.2825000000000006
2015-11-14 00:00:00 UTC,467,-29,227143600,0.57861111111111119
2015-11-14 00:00:00 UTC,467,-34,228312000,3.8844444444444446
2015-11-14 00:00:00 UTC,467,-43,228195800,5.002638888888888
2015-11-14 00:00:00 UTC,467,-42,228195800,1.1934722222222223
2015-11-14 00:00:00 UTC,467,1393,273810400,15.430416666666666
2015-11-14 00:00:00 UTC,467,-27,227308000,0.38791666666666663
2015-11-14 00:00:00 UTC,723,154,273311280,1.5972222222222223
2015-11-14 00:00:00 UTC,723,151,273311280,2.6779166666666669
2015-11-14 00:00:00 UTC,723,150,273311280,2.4301388888888891
2015-11-14 00:00:00 UTC,723,153,273311280,1.8305555555555555
2015-11-14 00:00:00 UTC,723,291,258351000,1.0579166666666666
2015-11-14 00:00:00 UTC,723,292,258351000,1.5905555555555555
2015-11-14 00:00:00 UTC,723,289,258351000,0.77625
2015-11-14 00:00:00 UTC,723,290,258351000,6.4397222222222226
2015-11-14 00:00:00 UTC,-557,-661,725000591,0.736111111111111
2015-11-14 00:00:00 UTC,-301,-372,224380000,4.3175
2015-11-14 00:00:00 UTC,-301,-85,224084640,2.1044444444444448
2015-11-14 00:00:00 UTC,-301,309,601977000,2.1990277777777782
2015-11-14 00:00:00 UTC,-301,-125,224120000,2.4056944444444444
2015-11-14 00:00:00 UTC,-301,-120,224120000,0.792638888888889
2015-11-14 00:00:00 UTC,-301,-171,224929000,0.68944444444444453
2015-11-14 00:00:00 UTC,-301,-170,224929000,0.973888888888889
2015-11-14 00:00:00 UTC,-301,-52,224267000,1.3833333333333333
2015-11-14 00:00:00 UTC,-45,-1638,412331014,4.8675
2015-11-14 00:00:00 UTC,-45,-1637,412331014,3.5670833333333332
2015-11-14 00:00:00 UTC,-45,473,440329000,1.7545833333333334
2015-11-14 00:00:00 UTC,-45,471,440329000,0.33486111111111111
2015-11-14 00:00:00 UTC,-45,472,440329000,2.0988888888888888
2015-11-14 00:00:00 UTC,-45,1781,520243000,5.3384722222222214
2015-11-14 00:00:00 UTC,-45,1782,520243000,5.2918055555555554
2015-11-14 00:00:00 UTC,-45,444,664104000,1.652222222222222
2015-11-14 00:00:00 UTC,-45,-1571,412370007,0.49152777777777779
2015-11-14 00:00:00 UTC,-45,-1574,412370007,2.5826388888888889
2015-11-14 00:00:00 UTC,-45,-1573,412370007,1.0916666666666668
2015-11-14 00:00:00 UTC,-45,1624,432966000,7.9875
2015-11-14 00:00:00 UTC,-45,1623,432966000,1.19875
2015-11-14 00:00:00 UTC,-45,-1628,553111751,7.5830555555555561
2015-11-14 00:00:00 UTC,-45,-1628,553111755,3.7418055555555556
2015-11-14 00:00:00 UTC,-45,-1645,412371192,2.6726388888888892
2015-11-14 00:00:00 UTC,-45,1640,432971000,0.59347222222222218
2015-11-14 00:00:00 UTC,-45,1641,432971000,2.9026388888888892
2015-11-14 00:00:00 UTC,-45,1639,432971000,1.5856944444444445
2015-11-14 00:00:00 UTC,212,1088,450520066,8.7240277777777777
2015-11-14 00:00:00 UTC,212,1089,413014531,18.570416666666667
2015-11-14 00:00:00 UTC,212,1090,413014531,3.0902777777777777
2015-11-14 00:00:00 UTC,212,1092,412522506,6.7973611111111119
2015-11-14 00:00:00 UTC,212,1091,412522506,3.0659722222222223
2015-11-14 00:00:00 UTC,212,1088,413002255,1.9425000000000001
2015-11-14 00:00:00 UTC,212,1086,800022550,0.90888888888888886
2015-11-14 00:00:00 UTC,212,1089,412356888,1.4377777777777776
2015-11-14 00:00:00 UTC,212,1088,412356888,0.33013888888888887
2015-11-14 00:00:00 UTC,212,1090,413008666,1.0398611111111111
2015-11-14 00:00:00 UTC,212,1088,412699168,4.3220833333333326
2015-11-14 00:00:00 UTC,212,1090,412950561,2.1970833333333331
2015-11-14 00:00:00 UTC,212,1089,413055523,1.0119444444444445
2015-11-14 00:00:00 UTC,212,1088,413055523,9.0845833333333328
2015-11-14 00:00:00 UTC,212,1088,412086819,6.9701388888888891
2015-11-14 00:00:00 UTC,212,1090,412086819,2.2891666666666666
2015-11-14 00:00:00 UTC,212,1089,412086819,1.6875
2015-11-14 00:00:00 UTC,212,1089,138979888,0.45777777777777778
2015-11-14 00:00:00 UTC,212,1090,418456888,0.16916666666666666
2015-11-14 00:00:00 UTC,212,1087,413117755,0.38958333333333334
2015-11-14 00:00:00 UTC,212,1089,413117755,1.8386111111111116
2015-11-14 00:00:00 UTC,212,1088,800069696,1.3259722222222221
2015-11-14 00:00:00 UTC,212,1089,413908800,1.9376388888888889
2015-11-14 00:00:00 UTC,212,1094,999821642,4.4195833333333336
2015-11-14 00:00:00 UTC,212,1089,999821642,2.6311111111111112
2015-11-14 00:00:00 UTC,212,1093,999821642,10.772083333333333
2015-11-14 00:00:00 UTC,212,1090,201550155,5.3858333333333333
2015-11-14 00:00:00 UTC,212,1088,413044555,1.7572222222222222
2015-11-14 00:00:00 UTC,212,1088,413002319,1.5179166666666668
2015-11-14 00:00:00 UTC,212,1088,413011288,1.1836111111111109
2015-11-14 00:00:00 UTC,212,1089,413011288,1.6502777777777777
2015-11-14 00:00:00 UTC,212,1091,412522587,7.7294444444444439
2015-11-14 00:00:00 UTC,212,1092,412522587,9.1175
2015-11-14 00:00:00 UTC,212,1088,453000028,4.8666666666666671
2015-11-14 00:00:00 UTC,212,1090,201307228,1.7052777777777779
2015-11-14 00:00:00 UTC,212,-176,204284000,11.587222222222223
2015-11-14 00:00:00 UTC,212,1088,413088865,0.97527777777777791
2015-11-14 00:00:00 UTC,212,-225,263569000,3.6816666666666666
2015-11-14 00:00:00 UTC,212,-224,263569000,3.7645833333333329
2015-11-14 00:00:00 UTC,212,1088,412350058,1.7913888888888891
2015-11-14 00:00:00 UTC,212,1092,997753708,6.0451388888888884
2015-11-14 00:00:00 UTC,212,1091,997753708,7.7897222222222222
2015-11-14 00:00:00 UTC,212,1088,412503928,4.838750000000001
2015-11-14 00:00:00 UTC,212,1088,412235900,0.3611111111111111
2015-11-14 00:00:00 UTC,212,1092,997752962,2.48125
2015-11-14 00:00:00 UTC,212,1090,997752962,0.93180555555555555
2015-11-14 00:00:00 UTC,212,1091,997752962,4.2225
2015-11-14 00:00:00 UTC,212,1090,201309068,3.2031944444444447
2015-11-14 00:00:00 UTC,212,1089,201309068,6.224444444444444
2015-11-14 00:00:00 UTC,212,1088,413002135,0.29472222222222222
2015-11-14 00:00:00 UTC,212,1089,413002135,7.5105555555555537
2015-11-14 00:00:00 UTC,212,1090,413002135,0.98833333333333317
2015-11-14 00:00:00 UTC,212,1088,413000860,4.3204166666666666
2015-11-14 00:00:00 UTC,212,1088,413201311,0.96847222222222218
2015-11-14 00:00:00 UTC,212,-266,224452000,0.46805555555555556
2015-11-14 00:00:00 UTC,212,-268,224452000,3.9247222222222224
2015-11-14 00:00:00 UTC,212,-267,224452000,0.54861111111111116
2015-11-14 00:00:00 UTC,212,-265,224452000,1.0483333333333333
2015-11-14 00:00:00 UTC,212,1089,110300578,5.7605555555555554
2015-11-14 00:00:00 UTC,212,1088,110300578,1.6331944444444444
2015-11-14 00:00:00 UTC,212,1090,453000099,8.57388888888889
2015-11-14 00:00:00 UTC,212,1088,453000099,0.86736111111111114
2015-11-14 00:00:00 UTC,212,1090,412166308,4.4593055555555559
2015-11-14 00:00:00 UTC,212,1088,412521893,0.39694444444444443
2015-11-14 00:00:00 UTC,212,1089,423000999,1.492361111111111
2015-11-14 00:00:00 UTC,212,1093,112222123,1.276111111111111
2015-11-14 00:00:00 UTC,212,1092,112222123,5.2918055555555563
2015-11-14 00:00:00 UTC,212,1091,112222123,3.8990277777777784
2015-11-14 00:00:00 UTC,212,1088,415012012,2.0793055555555555
2015-11-14 00:00:00 UTC,212,1089,415012012,2.1983333333333333
2015-11-14 00:00:00 UTC,212,1088,413333169,0.03111111111111111
2015-11-14 00:00:00 UTC,212,1090,999721398,1.4048611111111111
2015-11-14 00:00:00 UTC,212,1089,999721398,0.8925
2015-11-14 00:00:00 UTC,212,1089,413288888,5.7491666666666656
2015-11-14 00:00:00 UTC,212,1090,413288888,0.13777777777777778
2015-11-14 00:00:00 UTC,212,1088,21555388,0.5525
2015-11-14 00:00:00 UTC,212,1090,21555388,7.070277777777779
2015-11-14 00:00:00 UTC,212,1089,21555388,1.8665277777777778
2015-11-14 00:00:00 UTC,212,1089,413066688,0.9341666666666667
2015-11-14 00:00:00 UTC,212,1088,413066688,1.8386111111111112
2015-11-14 00:00:00 UTC,212,1087,413066688,5.620972222222222
2015-11-14 00:00:00 UTC,212,1090,997753291,8.8397222222222211
2015-11-14 00:00:00 UTC,212,1087,413201105,11.510000000000002
2015-11-14 00:00:00 UTC,212,1088,413201105,1.3908333333333334
2015-11-14 00:00:00 UTC,212,1088,999721687,1.7554166666666666
2015-11-14 00:00:00 UTC,212,1090,457451230,0.67527777777777775
2015-11-14 00:00:00 UTC,212,1089,457451230,2.2322222222222221
2015-11-14 00:00:00 UTC,212,1090,413090528,0.20305555555555557
2015-11-14 00:00:00 UTC,212,1089,413090528,11.979027777777778
2015-11-14 00:00:00 UTC,212,1092,800007911,2.1118055555555557
2015-11-14 00:00:00 UTC,212,1091,800007911,1.3040277777777778
2015-11-14 00:00:00 UTC,212,1093,800007911,0.77263888888888888
2015-11-14 00:00:00 UTC,212,1089,358021359,7.1649999999999991
2015-11-14 00:00:00 UTC,212,1090,358021359,1.2215277777777778
2015-11-14 00:00:00 UTC,212,1091,412521717,7.2931944444444445
2015-11-14 00:00:00 UTC,212,1090,412521718,2.6322222222222225
2015-11-14 00:00:00 UTC,212,1091,412521718,9.3355555555555529
2015-11-14 00:00:00 UTC,468,-26,228042600,0.82277777777777772
2015-11-14 00:00:00 UTC,468,-27,228042600,0.57944444444444443
2015-11-14 00:00:00 UTC,468,-33,228240800,0.53055555555555545
2015-11-14 00:00:00 UTC,468,-32,228240800,0.65152777777777771
2015-11-14 00:00:00 UTC,468,-29,227143600,0.56388888888888888
2015-11-14 00:00:00 UTC,468,-30,227143600,0.89819444444444452
2015-11-14 00:00:00 UTC,468,-31,227143600,0.3848611111111111
2015-11-14 00:00:00 UTC,468,-34,228312000,2.2419444444444445
2015-11-14 00:00:00 UTC,468,-43,224514000,2.2429166666666669
2015-11-14 00:00:00 UTC,468,1393,273810400,7.1009722222222225
2015-11-14 00:00:00 UTC,468,-48,228211700,1.8465277777777775
2015-11-14 00:00:00 UTC,468,-50,228211700,1.6598611111111112
2015-11-14 00:00:00 UTC,468,-51,228211700,0.54958333333333331
2015-11-14 00:00:00 UTC,468,-49,228211700,1.808888888888889
2015-11-14 00:00:00 UTC,468,-519,316001017,1.0044444444444445
2015-11-14 00:00:00 UTC,468,-523,316001017,0.87833333333333319
2015-11-14 00:00:00 UTC,468,-522,316001017,0.83972222222222226
2015-11-14 00:00:00 UTC,724,150,273311280,2.0145833333333334
2015-11-14 00:00:00 UTC,724,151,273311280,3.3568055555555554
2015-11-14 00:00:00 UTC,724,149,273311280,3.1291666666666664
2015-11-14 00:00:00 UTC,724,148,273311280,1.986388888888889
2015-11-14 00:00:00 UTC,724,292,258351000,4.922083333333334
2015-11-14 00:00:00 UTC,724,291,258351000,3.235
2015-11-14 00:00:00 UTC,724,294,258351000,1.5659722222222223
2015-11-14 00:00:00 UTC,724,293,258351000,1.0533333333333332
2015-11-14 00:00:00 UTC,-556,-660,725000591,2.2947222222222221
2015-11-14 00:00:00 UTC,-556,-661,725000591,3.6354166666666665
2015-11-14 00:00:00 UTC,-300,-43,224288000,0.17222222222222222
2015-11-14 00:00:00 UTC,-300,-36,224288000,3.06875
2015-11-14 00:00:00 UTC,-300,-39,224288000,0.27652777777777776
2015-11-14 00:00:00 UTC,-300,-38,224288000,0.59388888888888891
2015-11-14 00:00:00 UTC,-300,-41,224288000,1.0231944444444443
2015-11-14 00:00:00 UTC,-300,-42,224288000,0.53583333333333338
2015-11-14 00:00:00 UTC,-300,-37,224288000,0.72458333333333336
2015-11-14 00:00:00 UTC,-300,-40,224288000,0.52097222222222217
2015-11-14 00:00:00 UTC,-300,-372,224380000,1.29125
2015-11-14 00:00:00 UTC,-300,-85,224084640,1.6684722222222224
2015-11-14 00:00:00 UTC,-300,-120,224120000,1.9334722222222223
2015-11-14 00:00:00 UTC,-300,-168,224929000,1.1268055555555556
2015-11-14 00:00:00 UTC,-300,-170,224929000,0.31486111111111115
2015-11-14 00:00:00 UTC,-300,-169,224929000,1.1015277777777777
2015-11-14 00:00:00 UTC,-300,-52,224267000,1.3936111111111111
2015-11-14 00:00:00 UTC,-300,-51,224267000,1.1247222222222224
2015-11-14 00:00:00 UTC,-44,-1586,412371206,4.3500000000000005
2015-11-14 00:00:00 UTC,-44,-1587,412371206,4.8423611111111118
2015-11-14 00:00:00 UTC,-44,-1636,412331014,2.211527777777778
2015-11-14 00:00:00 UTC,-44,-1635,412331014,4.0975
2015-11-14 00:00:00 UTC,-44,-1638,412331014,1.3691666666666666
2015-11-14 00:00:00 UTC,-44,473,440329000,1.8661111111111108
2015-11-14 00:00:00 UTC,-44,467,440329000,6.4915277777777778
2015-11-14 00:00:00 UTC,-44,468,440329000,1.4030555555555557
2015-11-14 00:00:00 UTC,-44,472,440329000,3.8875
2015-11-14 00:00:00 UTC,-44,471,440329000,2.4790277777777776
2015-11-14 00:00:00 UTC,-44,469,440329000,2.9798611111111111
2015-11-14 00:00:00 UTC,-44,1787,520243000,4.84111111111111
2015-11-14 00:00:00 UTC,-44,446,664104000,0.9918055555555555
2015-11-14 00:00:00 UTC,-44,445,664104000,1.0047222222222223
2015-11-14 00:00:00 UTC,-44,-1573,412370007,0.83319444444444435
2015-11-14 00:00:00 UTC,-44,-1571,412370007,0.34180555555555558
2015-11-14 00:00:00 UTC,-44,1606,431100030,0.20027777777777778
2015-11-14 00:00:00 UTC,-44,1607,431100030,0.47111111111111115
2015-11-14 00:00:00 UTC,-44,1614,431866000,7.06013888888889
2015-11-14 00:00:00 UTC,-44,-1470,577145000,1.9402777777777778
2015-11-14 00:00:00 UTC,-44,-1471,577145000,4.6623611111111112
2015-11-14 00:00:00 UTC,-44,-1523,416122800,0.820138888888889
2015-11-14 00:00:00 UTC,-44,-1514,416122800,3.1516666666666664
2015-11-14 00:00:00 UTC,-44,-1628,553111751,7.5438888888888895
2015-11-14 00:00:00 UTC,-44,-1491,412270059,2.2706944444444446
2015-11-14 00:00:00 UTC,-44,-1494,412270059,3.1259722222222224
2015-11-14 00:00:00 UTC,-44,-1495,412270059,2.0976388888888886
2015-11-14 00:00:00 UTC,-44,-1488,412270059,0.93527777777777787
2015-11-14 00:00:00 UTC,-44,-1489,412270059,1.3790277777777777
2015-11-14 00:00:00 UTC,-44,-1490,412270059,0.86861111111111111
2015-11-14 00:00:00 UTC,-44,1635,432971000,3.4497222222222224
2015-11-14 00:00:00 UTC,-44,19,627179000,3.0219444444444448
2015-11-14 00:00:00 UTC,-44,20,627179000,1.8787500000000001
2015-11-14 00:00:00 UTC,213,1087,800022550,16.465555555555554
2015-11-14 00:00:00 UTC,213,1086,800022550,0.98305555555555557
2015-11-14 00:00:00 UTC,213,1088,412699168,0.17069444444444443
2015-11-14 00:00:00 UTC,213,1089,412699168,0.12611111111111112
2015-11-14 00:00:00 UTC,213,1089,413055523,0.27111111111111108
2015-11-14 00:00:00 UTC,213,1088,412086819,1.3663888888888889
2015-11-14 00:00:00 UTC,213,1088,997752880,12.087777777777779
2015-11-14 00:00:00 UTC,213,1089,997752880,1.3547222222222222
2015-11-14 00:00:00 UTC,213,1089,413117755,1.5573611111111108
2015-11-14 00:00:00 UTC,213,1088,413161788,0.18722222222222223
2015-11-14 00:00:00 UTC,213,1089,413908800,1.3437499999999998
2015-11-14 00:00:00 UTC,213,1090,201550155,4.3259722222222221
2015-11-14 00:00:00 UTC,213,1089,201550155,3.2115277777777784
2015-11-14 00:00:00 UTC,213,1090,413022288,3.6531944444444444
2015-11-14 00:00:00 UTC,213,1089,413022288,2.74125
2015-11-14 00:00:00 UTC,213,1089,413011288,0.71333333333333337
2015-11-14 00:00:00 UTC,213,1089,453000028,1.2991666666666666
2015-11-14 00:00:00 UTC,213,1088,412350058,0.60277777777777775
2015-11-14 00:00:00 UTC,213,1088,412503928,3.2226388888888886
2015-11-14 00:00:00 UTC,213,1086,412479616,6.173055555555556
2015-11-14 00:00:00 UTC,213,1087,412479616,0.94513888888888886
2015-11-14 00:00:00 UTC,213,1087,412222338,9.3604166666666657
2015-11-14 00:00:00 UTC,213,1088,997753234,9.28625
2015-11-14 00:00:00 UTC,213,1089,413000860,3.1359722222222226
2015-11-14 00:00:00 UTC,213,1088,413000860,1.3219444444444446
2015-11-14 00:00:00 UTC,213,-267,224452000,0.48472222222222228
2015-11-14 00:00:00 UTC,213,1089,423000999,0.22999999999999998
2015-11-14 00:00:00 UTC,213,1093,112222123,3.1498611111111114
2015-11-14 00:00:00 UTC,213,1088,265881008,0.090972222222222218
2015-11-14 00:00:00 UTC,213,1088,412355508,1.6940277777777775
2015-11-14 00:00:00 UTC,213,1087,412355508,15.92236111111111
2015-11-14 00:00:00 UTC,213,1089,21555388,3.796388888888889
2015-11-14 00:00:00 UTC,213,1090,997753291,1.9180555555555556
2015-11-14 00:00:00 UTC,213,1088,413201105,0.13152777777777777
2015-11-14 00:00:00 UTC,213,1089,999721687,0.52930555555555558
2015-11-14 00:00:00 UTC,213,1090,413090528,0.2729166666666667
2015-11-14 00:00:00 UTC,213,-1294,367485680,4.7415277777777778
2015-11-14 00:00:00 UTC,213,1093,412521717,8.4484722222222217
2015-11-14 00:00:00 UTC,469,-30,228288000,5.6258333333333326
2015-11-14 00:00:00 UTC,469,-29,228288000,14.391805555555553
2015-11-14 00:00:00 UTC,469,-28,228288000,1.3538888888888889
2015-11-14 00:00:00 UTC,469,-35,228238600,1.2856944444444447
2015-11-14 00:00:00 UTC,469,-36,228238600,1.8611111111111112
2015-11-14 00:00:00 UTC,469,-29,228138000,3.0641666666666674
2015-11-14 00:00:00 UTC,469,-30,228138000,0.43638888888888894
2015-11-14 00:00:00 UTC,469,-27,228138000,1.9229166666666668
2015-11-14 00:00:00 UTC,469,-28,228138000,9.2381944444444475
2015-11-14 00:00:00 UTC,469,-30,228239900,1.26875
2015-11-14 00:00:00 UTC,469,-28,228239900,6.735
2015-11-14 00:00:00 UTC,469,-29,228239900,5.4023611111111123
2015-11-14 00:00:00 UTC,469,-35,228135000,2.4519444444444445
2015-11-14 00:00:00 UTC,469,-57,228935000,0.22944444444444445
2015-11-14 00:00:00 UTC,469,-55,228935000,1.5730555555555554
2015-11-14 00:00:00 UTC,469,-56,228935000,4.6605555555555558
2015-11-14 00:00:00 UTC,469,-27,228042600,1.4961111111111109
2015-11-14 00:00:00 UTC,469,-30,226150000,2.78875
2015-11-14 00:00:00 UTC,469,-29,226150000,7.6904166666666667
2015-11-14 00:00:00 UTC,469,-28,226150000,0.92680555555555555
2015-11-14 00:00:00 UTC,469,-53,228251000,0.26902777777777775
2015-11-14 00:00:00 UTC,469,-54,228251000,8.39638888888889
2015-11-14 00:00:00 UTC,469,-55,228251000,5.5166666666666675
2015-11-14 00:00:00 UTC,469,-31,227143600,2.4941666666666666
2015-11-14 00:00:00 UTC,469,-29,228259000,2.8994444444444443
2015-11-14 00:00:00 UTC,469,-28,228259000,5.2195833333333326
2015-11-14 00:00:00 UTC,469,-30,228259000,1.2540277777777777
2015-11-14 00:00:00 UTC,469,-444,263533000,5.403888888888889
2015-11-14 00:00:00 UTC,469,-44,224514000,1.1927777777777779
2015-11-14 00:00:00 UTC,469,-43,224514000,1.4868055555555555
2015-11-14 00:00:00 UTC,469,-29,228240600,8.61736111111111
2015-11-14 00:00:00 UTC,469,-28,228240600,2.0573611111111112
2015-11-14 00:00:00 UTC,469,-30,228240600,0.98777777777777775
2015-11-14 00:00:00 UTC,469,-27,228364000,0.550138888888889
2015-11-14 00:00:00 UTC,469,-29,228364000,1.2352777777777777
2015-11-14 00:00:00 UTC,469,-28,228364000,12.531805555555556
2015-11-14 00:00:00 UTC,469,-28,227852000,2.4011111111111116
2015-11-14 00:00:00 UTC,469,-29,227852000,1.9390277777777778
2015-11-14 00:00:00 UTC,469,-27,228929000,1.40125
2015-11-14 00:00:00 UTC,469,-28,228929000,4.7061111111111105
2015-11-14 00:00:00 UTC,469,-29,228929000,1.6495833333333332
2015-11-14 00:00:00 UTC,469,-30,228929000,0.9655555555555555
2015-11-14 00:00:00 UTC,469,-27,228374000,0.98625
2015-11-14 00:00:00 UTC,469,-28,228374000,7.4566666666666661
2015-11-14 00:00:00 UTC,469,-26,228374000,1.4829166666666664
2015-11-14 00:00:00 UTC,469,-53,228211700,1.4280555555555556
2015-11-14 00:00:00 UTC,469,-47,228211700,1.6633333333333333
2015-11-14 00:00:00 UTC,469,-48,228211700,0.165
2015-11-14 00:00:00 UTC,469,-51,228211700,2.35875
2015-11-14 00:00:00 UTC,469,-52,228211700,1.3537499999999996
2015-11-14 00:00:00 UTC,469,-54,228211700,1.7673611111111109
2015-11-14 00:00:00 UTC,469,-28,227307000,5.5209722222222233
2015-11-14 00:00:00 UTC,469,-29,227307000,1.9501388888888889
2015-11-14 00:00:00 UTC,469,-27,227307000,12.969722222222222
2015-11-14 00:00:00 UTC,469,-516,316001017,1.5009722222222224
2015-11-14 00:00:00 UTC,469,-513,316001017,0.87291666666666679
2015-11-14 00:00:00 UTC,469,-522,316001017,1.4925
2015-11-14 00:00:00 UTC,469,-518,316001017,1.7084722222222224
2015-11-14 00:00:00 UTC,469,-514,316001017,1.1909722222222223
2015-11-14 00:00:00 UTC,725,148,273311280,3.9765277777777781
2015-11-14 00:00:00 UTC,725,149,273311280,0.77083333333333326
2015-11-14 00:00:00 UTC,725,304,259474000,18.597083333333334
2015-11-14 00:00:00 UTC,725,293,258351000,1.6095833333333334
2015-11-14 00:00:00 UTC,725,256,259247000,3.4656944444444449
2015-11-14 00:00:00 UTC,725,261,259247000,1.0323611111111108
2015-11-14 00:00:00 UTC,725,259,259247000,0.79097222222222219
2015-11-14 00:00:00 UTC,725,255,259247000,9.1737499999999983
2015-11-14 00:00:00 UTC,725,265,258380500,0.79402777777777778
2015-11-14 00:00:00 UTC,725,266,258380500,0.77694444444444444
2015-11-14 00:00:00 UTC,725,268,258380500,0.81125
2015-11-14 00:00:00 UTC,725,267,258380500,0.80305555555555563
2015-11-14 00:00:00 UTC,-555,-660,725000591,2.5552777777777775
2015-11-14 00:00:00 UTC,-555,-661,725000591,5.0322222222222219
2015-11-14 00:00:00 UTC,-555,-659,725000591,5.2691666666666661
2015-11-14 00:00:00 UTC,-299,-44,224288000,0.52388888888888885
2015-11-14 00:00:00 UTC,-299,-43,224288000,0.70597222222222222
2015-11-14 00:00:00 UTC,-299,-372,224380000,0.30972222222222223
2015-11-14 00:00:00 UTC,-299,-373,224380000,1.1075
2015-11-14 00:00:00 UTC,-299,-86,224084640,2.3838888888888889
2015-11-14 00:00:00 UTC,-299,-123,224120000,1.9636111111111112
2015-11-14 00:00:00 UTC,-299,-164,224929000,3.2777777777777777
2015-11-14 00:00:00 UTC,-299,-167,224929000,1.3680555555555554
2015-11-14 00:00:00 UTC,-299,-166,224929000,0.16944444444444445
2015-11-14 00:00:00 UTC,-299,-51,224267000,3.7843055555555556
2015-11-14 00:00:00 UTC,-299,-50,224267000,1.2518055555555554
2015-11-14 00:00:00 UTC,-43,-1589,412371206,5.95875
2015-11-14 00:00:00 UTC,-43,-1587,412371206,6.1383333333333328
2015-11-14 00:00:00 UTC,-43,-1593,440894000,4.3505555555555553
2015-11-14 00:00:00 UTC,-43,1789,520243000,6.1000000000000005
2015-11-14 00:00:00 UTC,-43,1609,431100030,4.7998611111111114
2015-11-14 00:00:00 UTC,-43,1608,431100030,0.915
2015-11-14 00:00:00 UTC,-43,-1267,773000,0.42777777777777781
2015-11-14 00:00:00 UTC,-43,-1268,773000,0.34583333333333333
2015-11-14 00:00:00 UTC,-43,1614,431866000,2.8655555555555559
2015-11-14 00:00:00 UTC,-43,1609,431866000,1.425138888888889
2015-11-14 00:00:00 UTC,-43,-1469,577145000,5.2374999999999989
2015-11-14 00:00:00 UTC,-43,-1470,577145000,0.78027777777777785
2015-11-14 00:00:00 UTC,-43,-1518,416122800,1.0881944444444445
2015-11-14 00:00:00 UTC,-43,-1523,416122800,1.8140277777777778
2015-11-14 00:00:00 UTC,-43,-1520,416122800,0.92500000000000016
2015-11-14 00:00:00 UTC,-43,-1517,416122800,2.7913888888888887
2015-11-14 00:00:00 UTC,-43,-1519,416122800,1.4541666666666666
2015-11-14 00:00:00 UTC,-43,-1515,416122800,0.86291666666666678
2015-11-14 00:00:00 UTC,-43,1677,440590000,5.2840277777777773
2015-11-14 00:00:00 UTC,-43,1674,440590000,4.46
2015-11-14 00:00:00 UTC,-43,1673,440590000,3.5493055555555553
2015-11-14 00:00:00 UTC,-43,1671,440590000,8.08763888888889
2015-11-14 00:00:00 UTC,-43,1672,440590000,2.4509722222222221
2015-11-14 00:00:00 UTC,-43,-1488,412270059,1.7647222222222223
2015-11-14 00:00:00 UTC,-43,-1518,441675000,2.6418055555555555
2015-11-14 00:00:00 UTC,-43,1635,432971000,2.5398611111111111
2015-11-14 00:00:00 UTC,-43,1634,432971000,2.8026388888888891
2015-11-14 00:00:00 UTC,214,1088,421300000,11.429305555555556
2015-11-14 00:00:00 UTC,214,1090,413161788,0.80597222222222231
2015-11-14 00:00:00 UTC,214,1089,999821642,1.0934722222222222
2015-11-14 00:00:00 UTC,214,1090,201550155,1.0363888888888888
2015-11-14 00:00:00 UTC,214,1086,201312078,15.28736111111111
2015-11-14 00:00:00 UTC,214,1089,413944655,1.5398611111111111
2015-11-14 00:00:00 UTC,214,1090,413022288,4.7494444444444444
2015-11-14 00:00:00 UTC,214,1089,413022288,2.1798611111111112
2015-11-14 00:00:00 UTC,214,1090,413011288,1.0745833333333332
2015-11-14 00:00:00 UTC,214,1087,413033315,0.59458333333333335
2015-11-14 00:00:00 UTC,214,1087,413011066,7.9781944444444441
2015-11-14 00:00:00 UTC,214,1087,412222338,2.8773611111111115
2015-11-14 00:00:00 UTC,214,1087,412305555,3.1281944444444449
2015-11-14 00:00:00 UTC,214,1086,430019988,0.96027777777777779
2015-11-14 00:00:00 UTC,214,1087,413066688,6.4665277777777774
2015-11-14 00:00:00 UTC,214,1088,413070785,0.16277777777777777
2015-11-14 00:00:00 UTC,214,1090,413070785,0.49777777777777782
2015-11-14 00:00:00 UTC,214,1089,413070785,1.5369444444444444
2015-11-14 00:00:00 UTC,214,1089,201409000,2.526388888888889
2015-11-14 00:00:00 UTC,214,1090,201409000,3.4611111111111117
2015-11-14 00:00:00 UTC,214,1089,800030954,1.5594444444444444
2015-11-14 00:00:00 UTC,470,-31,228240900,0.17222222222222222
2015-11-14 00:00:00 UTC,470,-36,228238600,2.9319444444444445
2015-11-14 00:00:00 UTC,470,-37,228238600,1.3058333333333334
2015-11-14 00:00:00 UTC,470,-35,228238600,6.3490277777777786
2015-11-14 00:00:00 UTC,470,-35,227109900,6.0872222222222225
2015-11-14 00:00:00 UTC,470,-36,227109900,0.93597222222222221
2015-11-14 00:00:00 UTC,470,-28,228138000,12.750138888888888
2015-11-14 00:00:00 UTC,470,-28,228239900,4.2516666666666669
2015-11-14 00:00:00 UTC,470,-51,224004950,1.2029166666666669
2015-11-14 00:00:00 UTC,470,-49,224004950,0.46666666666666667
2015-11-14 00:00:00 UTC,470,-50,224004950,2.5958333333333337
2015-11-14 00:00:00 UTC,470,-52,224004950,3.2238888888888892
2015-11-14 00:00:00 UTC,470,-36,228135000,0.43902777777777779
2015-11-14 00:00:00 UTC,470,-35,228135000,5.540694444444445
2015-11-14 00:00:00 UTC,470,-27,228042600,0.50527777777777771
2015-11-14 00:00:00 UTC,470,-28,228042600,2.5140277777777782
2015-11-14 00:00:00 UTC,470,-29,228042600,4.8515277777777781
2015-11-14 00:00:00 UTC,470,-49,228020600,3.6133333333333333
2015-11-14 00:00:00 UTC,470,-56,228231800,1.4684722222222222
2015-11-14 00:00:00 UTC,470,-55,228231800,0.6025
2015-11-14 00:00:00 UTC,470,-55,228251000,1.1701388888888888
2015-11-14 00:00:00 UTC,470,-56,228251000,5.7458333333333336
2015-11-14 00:00:00 UTC,470,-54,228251000,1.2198611111111111
2015-11-14 00:00:00 UTC,470,-30,228259000,1.4866666666666666
2015-11-14 00:00:00 UTC,470,-30,228248000,0.21999999999999997
2015-11-14 00:00:00 UTC,470,-444,263533000,1.3516666666666666
2015-11-14 00:00:00 UTC,470,-28,228240600,0.66472222222222221
2015-11-14 00:00:00 UTC,470,-29,228240600,0.65305555555555561
2015-11-14 00:00:00 UTC,470,-30,228240600,0.50430555555555556
2015-11-14 00:00:00 UTC,470,-30,227852000,1.5501388888888887
2015-11-14 00:00:00 UTC,470,-28,228929000,0.55805555555555553
2015-11-14 00:00:00 UTC,470,-30,228929000,1.0738888888888889
2015-11-14 00:00:00 UTC,470,-27,228374000,1.4697222222222222
2015-11-14 00:00:00 UTC,470,-28,228374000,2.5330555555555554
2015-11-14 00:00:00 UTC,470,-26,228374000,0.91527777777777763
2015-11-14 00:00:00 UTC,470,-54,228211700,0.99305555555555558
2015-11-14 00:00:00 UTC,470,-55,228211700,4.9956944444444442
2015-11-14 00:00:00 UTC,470,-513,316001017,0.67277777777777781
2015-11-14 00:00:00 UTC,470,-520,316001017,1.3344444444444443
2015-11-14 00:00:00 UTC,470,-521,316001017,0.67666666666666664
2015-11-14 00:00:00 UTC,470,-512,316001017,0.71472222222222226
2015-11-14 00:00:00 UTC,726,290,258483000,4.1822222222222223
2015-11-14 00:00:00 UTC,726,289,258483000,0.81527777777777777
2015-11-14 00:00:00 UTC,726,271,257466000,1.4970833333333331
2015-11-14 00:00:00 UTC,726,270,257466000,0.82277777777777772
2015-11-14 00:00:00 UTC,726,255,259247000,5.4886111111111111
2015-11-14 00:00:00 UTC,726,256,259247000,2.4890277777777778
2015-11-14 00:00:00 UTC,726,271,258380500,1.5797222222222222
2015-11-14 00:00:00 UTC,726,273,258380500,0.6268055555555555
2015-11-14 00:00:00 UTC,-554,-649,701000713,7.7059722222222211
2015-11-14 00:00:00 UTC,-554,-649,701006182,7.6698611111111115
2015-11-14 00:00:00 UTC,-298,-44,224288000,0.6777777777777777
2015-11-14 00:00:00 UTC,-298,-36,224288000,0.75180555555555562
2015-11-14 00:00:00 UTC,-298,-38,224288000,0.79152777777777783
2015-11-14 00:00:00 UTC,-298,-35,224288000,2.5577777777777779
2015-11-14 00:00:00 UTC,-298,-373,224380000,1.387361111111111
2015-11-14 00:00:00 UTC,-298,-86,224084640,1.4559722222222222
2015-11-14 00:00:00 UTC,-298,-125,224120000,1.4781944444444446
2015-11-14 00:00:00 UTC,-298,-166,224929000,1.0506944444444446
2015-11-14 00:00:00 UTC,-298,-165,224929000,0.74180555555555561
2015-11-14 00:00:00 UTC,-298,-164,224929000,0.54916666666666658
2015-11-14 00:00:00 UTC,-298,-163,224929000,0.37736111111111109
2015-11-14 00:00:00 UTC,-298,-49,224267000,2.2509722222222224
2015-11-14 00:00:00 UTC,-298,-50,224267000,1.1781944444444443
2015-11-14 00:00:00 UTC,-42,-1589,412371206,1.4491666666666667
2015-11-14 00:00:00 UTC,-42,-1588,412371206,4.458333333333333
2015-11-14 00:00:00 UTC,-42,-1591,440894000,1.2505555555555556
2015-11-14 00:00:00 UTC,-42,-1593,440894000,4.4601388888888884
2015-11-14 00:00:00 UTC,-42,-1590,440894000,6.1461111111111117
2015-11-14 00:00:00 UTC,-42,-1592,440894000,1.4419444444444443
2015-11-14 00:00:00 UTC,-42,-1588,440894000,0.79027777777777786
2015-11-14 00:00:00 UTC,-42,1608,412439604,8.88513888888889
2015-11-14 00:00:00 UTC,-42,1619,431399000,0.55347222222222225
2015-11-14 00:00:00 UTC,-42,1620,431399000,2.2080555555555557
2015-11-14 00:00:00 UTC,-42,1609,431100030,0.3275
2015-11-14 00:00:00 UTC,-42,-1517,416122800,1.7904166666666661
2015-11-14 00:00:00 UTC,-42,-1516,416122800,1.1344444444444444
2015-11-14 00:00:00 UTC,-42,-1519,416122800,1.387777777777778
2015-11-14 00:00:00 UTC,-42,-1518,416122800,1.0959722222222221
2015-11-14 00:00:00 UTC,-42,-1523,416122800,2.5544444444444445
2015-11-14 00:00:00 UTC,-42,-1520,416122800,3.2379166666666674
2015-11-14 00:00:00 UTC,-42,-1495,412270059,1.1805555555555554
2015-11-14 00:00:00 UTC,-42,-1488,412270059,4.7747222222222234
2015-11-14 00:00:00 UTC,-42,-1494,412270059,0.31930555555555556
2015-11-14 00:00:00 UTC,-42,-1489,412270059,0.35013888888888889
2015-11-14 00:00:00 UTC,215,1088,412192040,1.5234722222222223
2015-11-14 00:00:00 UTC,215,1087,412192040,12.19
2015-11-14 00:00:00 UTC,215,1087,201312078,1.0519444444444446
2015-11-14 00:00:00 UTC,215,1088,413944655,11.881805555555555
2015-11-14 00:00:00 UTC,215,1089,413944655,0.38013888888888892
2015-11-14 00:00:00 UTC,215,1087,510851668,13.68986111111111
2015-11-14 00:00:00 UTC,215,1088,510851668,0.51277777777777778
2015-11-14 00:00:00 UTC,215,-175,242185100,2.0305555555555554
2015-11-14 00:00:00 UTC,215,1088,201403058,5.4280555555555559
2015-11-14 00:00:00 UTC,215,1089,201403058,0.62763888888888886
2015-11-14 00:00:00 UTC,215,1088,413070785,11.563888888888888
2015-11-14 00:00:00 UTC,215,1089,413070785,2.3011111111111116
2015-11-14 00:00:00 UTC,215,-1290,367485680,3.4373611111111111
2015-11-14 00:00:00 UTC,215,-1289,367485680,10.655972222222223
2015-11-14 00:00:00 UTC,471,-29,228240900,0.52027777777777784
2015-11-14 00:00:00 UTC,471,-31,228240900,1.3441666666666665
2015-11-14 00:00:00 UTC,471,-30,228240900,3.7915277777777776
2015-11-14 00:00:00 UTC,471,-36,228238600,1.2102777777777778
2015-11-14 00:00:00 UTC,471,-37,228238600,1.3361111111111108
2015-11-14 00:00:00 UTC,471,-37,227109900,1.5031944444444443
2015-11-14 00:00:00 UTC,471,-36,227109900,2.1516666666666673
2015-11-14 00:00:00 UTC,471,-35,227109900,5.0879166666666666
2015-11-14 00:00:00 UTC,471,-50,224004950,1.0790277777777777
2015-11-14 00:00:00 UTC,471,-51,224004950,2.607361111111111
2015-11-14 00:00:00 UTC,471,-40,228135000,1.4365277777777776
2015-11-14 00:00:00 UTC,471,-38,228135000,1.3634722222222222
2015-11-14 00:00:00 UTC,471,-36,228135000,3.0101388888888887
2015-11-14 00:00:00 UTC,471,-39,228135000,1.0179166666666666
2015-11-14 00:00:00 UTC,471,-37,228135000,1.3552777777777778
2015-11-14 00:00:00 UTC,471,-41,228135000,0.85541666666666671
2015-11-14 00:00:00 UTC,471,-29,228042600,1.3484722222222223
2015-11-14 00:00:00 UTC,471,-50,228020600,0.39819444444444441
2015-11-14 00:00:00 UTC,471,-48,228020600,0.53319444444444442
2015-11-14 00:00:00 UTC,471,-49,228020600,4.7897222222222231
2015-11-14 00:00:00 UTC,471,-56,228231800,6.6791666666666654
2015-11-14 00:00:00 UTC,471,-54,227877000,1.8308333333333331
2015-11-14 00:00:00 UTC,471,-51,228168600,12.682916666666667
2015-11-14 00:00:00 UTC,471,-52,228168600,3.7722222222222226
2015-11-14 00:00:00 UTC,471,-54,228281000,0.3034722222222222
2015-11-14 00:00:00 UTC,471,-53,228281000,0.37458333333333332
2015-11-14 00:00:00 UTC,471,-51,224227000,0.59416666666666662
2015-11-14 00:00:00 UTC,471,-30,228248000,7.3086111111111114
2015-11-14 00:00:00 UTC,471,-444,263533000,1.6029166666666665
2015-11-14 00:00:00 UTC,471,-41,227575000,10.615416666666668
2015-11-14 00:00:00 UTC,471,-42,227575000,6.9037499999999987
2015-11-14 00:00:00 UTC,471,-30,227852000,6.4491666666666667
2015-11-14 00:00:00 UTC,471,-31,227852000,2.4536111111111114
2015-11-14 00:00:00 UTC,471,-56,228211700,3.1202777777777779
2015-11-14 00:00:00 UTC,471,-511,316001017,1.7409722222222221
2015-11-14 00:00:00 UTC,471,-522,316001017,1.6036111111111111
2015-11-14 00:00:00 UTC,471,-510,316001017,1.0506944444444444
2015-11-14 00:00:00 UTC,471,-520,316001017,1.0884722222222223
2015-11-14 00:00:00 UTC,471,-512,316001017,0.33291666666666664
2015-11-14 00:00:00 UTC,471,-521,316001017,0.70611111111111113
2015-11-14 00:00:00 UTC,727,291,258483000,3.1726388888888888
2015-11-14 00:00:00 UTC,727,292,258483000,1.61375
2015-11-14 00:00:00 UTC,727,290,258483000,1.586111111111111
2015-11-14 00:00:00 UTC,727,273,257466000,2.3873611111111113
2015-11-14 00:00:00 UTC,727,274,257466000,1.8336111111111111
2015-11-14 00:00:00 UTC,727,272,257466000,3.2006944444444443
2015-11-14 00:00:00 UTC,727,263,259247000,1.355277777777778
2015-11-14 00:00:00 UTC,727,273,258380500,0.93375000000000008
2015-11-14 00:00:00 UTC,-553,-650,701000713,3.7551388888888888
2015-11-14 00:00:00 UTC,-553,-649,701000713,2.5791666666666675
2015-11-14 00:00:00 UTC,-553,-651,701000713,1.9912499999999997
2015-11-14 00:00:00 UTC,-553,-716,725000261,2.3998611111111114
2015-11-14 00:00:00 UTC,-553,-649,701006182,2.5883333333333334
2015-11-14 00:00:00 UTC,-553,-650,701006182,3.7558333333333334
2015-11-14 00:00:00 UTC,-297,-45,224288000,0.79527777777777775
2015-11-14 00:00:00 UTC,-297,-47,224288000,0.55402777777777779
2015-11-14 00:00:00 UTC,-297,-46,224288000,0.60305555555555557
2015-11-14 00:00:00 UTC,-297,-44,224288000,0.35111111111111115
2015-11-14 00:00:00 UTC,-297,-374,224380000,8.0244444444444447
2015-11-14 00:00:00 UTC,-297,142,601391000,29.299027777777784
2015-11-14 00:00:00 UTC,-297,-165,224929000,0.16958333333333331
2015-11-14 00:00:00 UTC,-297,-163,224929000,0.32777777777777778
2015-11-14 00:00:00 UTC,-297,-164,224929000,0.98388888888888892
2015-11-14 00:00:00 UTC,-297,-49,224267000,2.6808333333333332
2015-11-14 00:00:00 UTC,-297,-51,224267000,2.4279166666666665
2015-11-14 00:00:00 UTC,-41,1767,440992000,3.8751388888888885
2015-11-14 00:00:00 UTC,-41,-1016,730014000,1.6541666666666668
2015-11-14 00:00:00 UTC,-41,-1588,440894000,4.0509722222222218
2015-11-14 00:00:00 UTC,-41,-1591,440894000,4.7079166666666667
2015-11-14 00:00:00 UTC,-41,1608,412439604,0.37916666666666665
2015-11-14 00:00:00 UTC,-41,1607,412439604,5.7759722222222232
2015-11-14 00:00:00 UTC,-41,-1455,735058805,0.763611111111111
2015-11-14 00:00:00 UTC,-41,1783,416411000,4.3938888888888892
2015-11-14 00:00:00 UTC,-41,1784,416411000,5.4240277777777779
2015-11-14 00:00:00 UTC,-41,-1622,553111751,2.6195833333333334
2015-11-14 00:00:00 UTC,-41,-1622,553111755,15.028194444444443
2015-11-14 00:00:00 UTC,-41,-1492,412270059,0.77763888888888888
2015-11-14 00:00:00 UTC,-41,-1493,412270059,0.725
2015-11-14 00:00:00 UTC,-41,-1494,412270059,0.33513888888888888
2015-11-14 00:00:00 UTC,216,-244,224081690,1.5934722222222222
2015-11-14 00:00:00 UTC,216,-242,224081690,1.9098611111111112
2015-11-14 00:00:00 UTC,216,-245,224081690,2.3472222222222223
2015-11-14 00:00:00 UTC,216,-243,224081690,1.0880555555555556
2015-11-14 00:00:00 UTC,216,-175,242185100,3.4225
2015-11-14 00:00:00 UTC,216,-174,244810460,0.59833333333333338
2015-11-14 00:00:00 UTC,216,-173,244810460,0.53944444444444439
2015-11-14 00:00:00 UTC,216,-1289,367485680,0.96194444444444449
2015-11-14 00:00:00 UTC,216,-173,242191100,3.95125
2015-11-14 00:00:00 UTC,472,-30,228240900,2.3755555555555556
2015-11-14 00:00:00 UTC,472,-29,228240900,3.887222222222221
2015-11-14 00:00:00 UTC,472,-37,227109900,0.65819444444444453
2015-11-14 00:00:00 UTC,472,-45,228394000,0.83819444444444446
2015-11-14 00:00:00 UTC,472,-32,227733270,3.3711111111111109
2015-11-14 00:00:00 UTC,472,-31,227733270,1.5798611111111112
2015-11-14 00:00:00 UTC,472,-61,228383000,0.40569444444444447
2015-11-14 00:00:00 UTC,472,1525,273349420,6.35125
2015-11-14 00:00:00 UTC,472,-49,228020600,1.4280555555555559
2015-11-14 00:00:00 UTC,472,-48,228020600,6.452638888888889
2015-11-14 00:00:00 UTC,472,-50,228020600,0.39680555555555558
2015-11-14 00:00:00 UTC,472,-57,228231800,4.3166666666666673
2015-11-14 00:00:00 UTC,472,-56,228231800,1.1965277777777776
2015-11-14 00:00:00 UTC,472,-61,227941000,3.0280555555555555
2015-11-14 00:00:00 UTC,472,-50,227877000,0.48819444444444449
2015-11-14 00:00:00 UTC,472,-53,227877000,2.7863888888888888
2015-11-14 00:00:00 UTC,472,-51,227877000,2.3616666666666668
2015-11-14 00:00:00 UTC,472,-52,228168600,6.6181944444444447
2015-11-14 00:00:00 UTC,472,-45,227300000,0.63305555555555548
2015-11-14 00:00:00 UTC,472,-53,228281000,1.2615277777777778
2015-11-14 00:00:00 UTC,472,-54,228281000,1.7058333333333335
2015-11-14 00:00:00 UTC,472,-56,228131000,1.4283333333333335
2015-11-14 00:00:00 UTC,472,-52,224227000,1.5933333333333333
2015-11-14 00:00:00 UTC,472,-51,224227000,10.618055555555557
2015-11-14 00:00:00 UTC,472,-30,228248000,4.6358333333333333
2015-11-14 00:00:00 UTC,472,-33,227315910,6.2377777777777759
2015-11-14 00:00:00 UTC,472,-445,263533000,6.2808333333333337
2015-11-14 00:00:00 UTC,472,-52,228919000,0.78763888888888889
2015-11-14 00:00:00 UTC,472,-53,228919000,0.46861111111111109
2015-11-14 00:00:00 UTC,472,-41,227575000,2.611388888888889
2015-11-14 00:00:00 UTC,472,-42,227575000,2.775
2015-11-14 00:00:00 UTC,472,-30,227852000,2.876527777777778
2015-11-14 00:00:00 UTC,472,-58,227905000,7.5726388888888883
2015-11-14 00:00:00 UTC,472,-57,227905000,7.1958333333333337
2015-11-14 00:00:00 UTC,472,-42,228193000,1.070138888888889
2015-11-14 00:00:00 UTC,472,-44,228193000,0.54666666666666663
2015-11-14 00:00:00 UTC,472,-43,228193000,1.0295833333333333
2015-11-14 00:00:00 UTC,472,-41,228193000,0.87986111111111109
2015-11-14 00:00:00 UTC,472,-523,316001017,0.75027777777777771
2015-11-14 00:00:00 UTC,472,-521,316001017,0.12263888888888891
2015-11-14 00:00:00 UTC,472,-520,316001017,0.23527777777777778
2015-11-14 00:00:00 UTC,728,293,258483000,2.4001388888888888
2015-11-14 00:00:00 UTC,728,292,258483000,5.0618055555555559
2015-11-14 00:00:00 UTC,728,275,257466000,3.9799999999999995
2015-11-14 00:00:00 UTC,728,277,257466000,2.5465277777777775
2015-11-14 00:00:00 UTC,728,278,257466000,0.77930555555555558
2015-11-14 00:00:00 UTC,728,274,257466000,1.5906944444444444
2015-11-14 00:00:00 UTC,728,276,257466000,1.5593055555555557
2015-11-14 00:00:00 UTC,-552,-651,701000713,4.8120833333333337
2015-11-14 00:00:00 UTC,-552,-650,701000713,2.1198611111111116
2015-11-14 00:00:00 UTC,-552,-719,725000261,1.79875
2015-11-14 00:00:00 UTC,-552,-721,725000261,0.69930555555555551
2015-11-14 00:00:00 UTC,-552,-720,725000261,0.43944444444444442
2015-11-14 00:00:00 UTC,-552,-651,701006182,3.998333333333334
2015-11-14 00:00:00 UTC,-552,-648,701006182,2.590416666666667
2015-11-14 00:00:00 UTC,-552,-647,701006182,0.75625
2015-11-14 00:00:00 UTC,-296,-374,224380000,1.6309722222222223
2015-11-14 00:00:00 UTC,-40,1766,440992000,2.5947222222222224
2015-11-14 00:00:00 UTC,-40,1769,440992000,0.34319444444444447
2015-11-14 00:00:00 UTC,-40,1762,440992000,2.37875
2015-11-14 00:00:00 UTC,-40,1767,440992000,0.73472222222222228
2015-11-14 00:00:00 UTC,-40,1768,440992000,5.5773611111111112
2015-11-14 00:00:00 UTC,-40,1764,440992000,3.9780555555555557
2015-11-14 00:00:00 UTC,-40,1765,440992000,1.1733333333333331
2015-11-14 00:00:00 UTC,-40,1763,440992000,2.1190277777777777
2015-11-14 00:00:00 UTC,-40,1604,431679000,0.49152777777777773
2015-11-14 00:00:00 UTC,-40,-1453,735058805,1.6987499999999998
2015-11-14 00:00:00 UTC,-40,1622,416506000,4.1123611111111114
2015-11-14 00:00:00 UTC,-40,-1490,412270059,3.0373611111111112
2015-11-14 00:00:00 UTC,217,1130,412480787,4.6323611111111109
2015-11-14 00:00:00 UTC,217,-248,224081690,2.0963888888888889
2015-11-14 00:00:00 UTC,217,-247,224081690,2.9341666666666666
2015-11-14 00:00:00 UTC,217,-242,224081690,0.91152777777777783
2015-11-14 00:00:00 UTC,217,1129,413081129,1.2497222222222222
2015-11-14 00:00:00 UTC,217,1129,412461928,5.4409722222222223
2015-11-14 00:00:00 UTC,217,1131,412461928,4.2431944444444438
2015-11-14 00:00:00 UTC,217,1130,412461928,18.283888888888892
2015-11-14 00:00:00 UTC,217,1130,412461678,10.458194444444445
2015-11-14 00:00:00 UTC,217,1129,412461678,2.8315277777777781
2015-11-14 00:00:00 UTC,217,1131,412461696,7.7845833333333339
2015-11-14 00:00:00 UTC,217,1132,412461696,4.4890277777777774
2015-11-14 00:00:00 UTC,217,1129,200013977,12.201249999999998
2015-11-14 00:00:00 UTC,217,1130,200013977,6.2202777777777776
2015-11-14 00:00:00 UTC,217,1131,413000362,12.010833333333332
2015-11-14 00:00:00 UTC,217,1129,413006777,6.3180555555555555
2015-11-14 00:00:00 UTC,217,1129,412464316,2.3806944444444444
2015-11-14 00:00:00 UTC,217,1130,412464584,15.511805555555556
2015-11-14 00:00:00 UTC,217,1129,412464584,4.2322222222222221
2015-11-14 00:00:00 UTC,217,1131,412464584,0.62111111111111117
2015-11-14 00:00:00 UTC,217,1129,412464585,7.5437499999999993
2015-11-14 00:00:00 UTC,217,1130,412464585,11.511944444444442
2015-11-14 00:00:00 UTC,217,-1330,431938000,0.74930555555555545
2015-11-14 00:00:00 UTC,217,-173,244810460,2.9508333333333336
2015-11-14 00:00:00 UTC,217,-173,242191100,2.6422222222222222
2015-11-14 00:00:00 UTC,217,1130,412464637,3.8193055555555553
2015-11-14 00:00:00 UTC,217,1129,412464637,15.926944444444443
2015-11-14 00:00:00 UTC,473,-62,228383000,3.8054166666666669
2015-11-14 00:00:00 UTC,473,-61,228383000,1.1025
2015-11-14 00:00:00 UTC,473,-49,227430000,5.2511111111111113
2015-11-14 00:00:00 UTC,473,-44,228020600,14.463333333333333
2015-11-14 00:00:00 UTC,473,-48,227579000,9.2138888888888886
2015-11-14 00:00:00 UTC,473,-47,227579000,0.92013888888888884
2015-11-14 00:00:00 UTC,473,-63,227941000,5.1584722222222226
2015-11-14 00:00:00 UTC,473,-61,227941000,4.608194444444444
2015-11-14 00:00:00 UTC,473,-62,227941000,2.6476388888888884
2015-11-14 00:00:00 UTC,473,-52,227877000,4.1151388888888887
2015-11-14 00:00:00 UTC,473,-53,227877000,0.53986111111111112
2015-11-14 00:00:00 UTC,473,-51,227877000,0.60666666666666669
2015-11-14 00:00:00 UTC,473,-51,228281000,0.65472222222222221
2015-11-14 00:00:00 UTC,473,-53,228281000,2.7690277777777776
2015-11-14 00:00:00 UTC,473,-52,228281000,2.709027777777778
2015-11-14 00:00:00 UTC,473,-54,228131000,1.5747222222222224
2015-11-14 00:00:00 UTC,473,-53,228131000,0.53652777777777771
2015-11-14 00:00:00 UTC,473,-56,228131000,2.4765277777777781
2015-11-14 00:00:00 UTC,473,-33,227315910,0.9212499999999999
2015-11-14 00:00:00 UTC,473,-445,263533000,1.9112500000000001
2015-11-14 00:00:00 UTC,473,-58,227905000,0.24722222222222223
2015-11-14 00:00:00 UTC,473,-57,227905000,2.8041666666666667
2015-11-14 00:00:00 UTC,729,293,258483000,1.7968055555555553
2015-11-14 00:00:00 UTC,729,279,257466000,1.9506944444444443
2015-11-14 00:00:00 UTC,729,278,257466000,1.6301388888888888
2015-11-14 00:00:00 UTC,729,149,273212110,1.6291666666666667
2015-11-14 00:00:00 UTC,729,305,258380500,1.5563888888888888
2015-11-14 00:00:00 UTC,-551,-723,725000261,0.65388888888888874
2015-11-14 00:00:00 UTC,-551,-722,725000261,0.99319444444444449
2015-11-14 00:00:00 UTC,-551,-726,725000261,0.26236111111111116
2015-11-14 00:00:00 UTC,-551,-725,725000261,1.7937499999999991
2015-11-14 00:00:00 UTC,-551,-724,725000261,1.4219444444444445
2015-11-14 00:00:00 UTC,-551,-721,725000261,0.42486111111111113
2015-11-14 00:00:00 UTC,-295,-375,224380000,1.27375
2015-11-14 00:00:00 UTC,-295,-376,224380000,3.0211111111111109
2015-11-14 00:00:00 UTC,-39,1766,440992000,1.7908333333333333
2015-11-14 00:00:00 UTC,-39,455,412695570,5.7206944444444439
2015-11-14 00:00:00 UTC,-39,1608,432948000,3.5366666666666671
2015-11-14 00:00:00 UTC,-39,1609,432948000,5.6655555555555548
2015-11-14 00:00:00 UTC,-39,454,412989000,5.2702777777777774
2015-11-14 00:00:00 UTC,-39,-1452,735058805,4.5183333333333326
2015-11-14 00:00:00 UTC,-39,-1451,735058805,0.69027777777777777
2015-11-14 00:00:00 UTC,-39,-1453,735058805,8.6959722222222222
2015-11-14 00:00:00 UTC,218,1130,412480787,10.856111111111108
2015-11-14 00:00:00 UTC,218,1131,412480787,8.5552777777777784
2015-11-14 00:00:00 UTC,218,1131,412345878,12.140694444444437
2015-11-14 00:00:00 UTC,218,1130,412345878,1.027638888888889
2015-11-14 00:00:00 UTC,218,-240,224081690,3.6120833333333331
2015-11-14 00:00:00 UTC,218,-241,224081690,0.65263888888888888
2015-11-14 00:00:00 UTC,218,-246,224081690,1.1719444444444445
2015-11-14 00:00:00 UTC,218,-249,224081690,1.9172222222222222
2015-11-14 00:00:00 UTC,218,-243,224081690,0.23319444444444443
2015-11-14 00:00:00 UTC,218,-242,224081690,0.50694444444444442
2015-11-14 00:00:00 UTC,218,1131,412480816,12.846666666666668
2015-11-14 00:00:00 UTC,218,1130,412480816,5.635416666666667
2015-11-14 00:00:00 UTC,218,1133,412464177,13.397638888888888
2015-11-14 00:00:00 UTC,218,1132,412464177,1.8584722222222223
2015-11-14 00:00:00 UTC,218,1130,412464178,1.5555555555555556
2015-11-14 00:00:00 UTC,218,1130,200005459,3.9997222222222222
2015-11-14 00:00:00 UTC,218,1131,200005459,21.694027777777773
2015-11-14 00:00:00 UTC,218,1131,412461678,3.0381944444444451
2015-11-14 00:00:00 UTC,218,1130,412461678,6.9122222222222209
2015-11-14 00:00:00 UTC,218,1132,412461696,5.6490277777777775
2015-11-14 00:00:00 UTC,218,1133,412461696,1.3751388888888889
2015-11-14 00:00:00 UTC,218,1132,413000362,5.0956944444444439
2015-11-14 00:00:00 UTC,218,1131,413000362,0.62430555555555556
2015-11-14 00:00:00 UTC,218,1130,412464059,0.84055555555555572
2015-11-14 00:00:00 UTC,218,1130,412464316,0.88958333333333339
2015-11-14 00:00:00 UTC,218,1130,412464584,2.3012499999999996
2015-11-14 00:00:00 UTC,218,1131,412464584,1.5036111111111112
2015-11-14 00:00:00 UTC,218,1130,412464585,4.174027777777777
2015-11-14 00:00:00 UTC,218,1131,412464585,0.93666666666666676
2015-11-14 00:00:00 UTC,218,-1330,431938000,0.97402777777777771
2015-11-14 00:00:00 UTC,218,-1328,431938000,0.40027777777777779
2015-11-14 00:00:00 UTC,218,-1329,431938000,1.7822222222222224
2015-11-14 00:00:00 UTC,218,-174,244810460,4.2280555555555557
2015-11-14 00:00:00 UTC,218,-173,244810460,0.72819444444444437
2015-11-14 00:00:00 UTC,218,-174,242191100,1.9156944444444444
2015-11-14 00:00:00 UTC,218,1131,412464637,0.96888888888888891
2015-11-14 00:00:00 UTC,218,1130,412464637,2.8038888888888889
2015-11-14 00:00:00 UTC,474,-540,316002052,1.3595833333333334
2015-11-14 00:00:00 UTC,474,-59,228184600,2.5181944444444446
2015-11-14 00:00:00 UTC,474,-58,228184600,1.6994444444444445
2015-11-14 00:00:00 UTC,474,-61,228383000,3.2156944444444449
2015-11-14 00:00:00 UTC,474,-62,228383000,1.8784722222222221
2015-11-14 00:00:00 UTC,474,-57,227430000,1.7706944444444446
2015-11-14 00:00:00 UTC,474,-56,227430000,1.408611111111111
2015-11-14 00:00:00 UTC,474,-53,227430000,4.6475
2015-11-14 00:00:00 UTC,474,-49,227430000,6.669722222222223
2015-11-14 00:00:00 UTC,474,-53,227483000,1.0466666666666666
2015-11-14 00:00:00 UTC,474,-52,227483000,0.26458333333333334
2015-11-14 00:00:00 UTC,474,-48,227579000,12.591944444444444
2015-11-14 00:00:00 UTC,474,-64,227941000,1.7344444444444445
2015-11-14 00:00:00 UTC,474,-62,227941000,0.35888888888888892
2015-11-14 00:00:00 UTC,474,-63,227941000,4.5706944444444444
2015-11-14 00:00:00 UTC,474,-53,228281000,1.4731944444444443
2015-11-14 00:00:00 UTC,474,-51,228281000,1.2245833333333334
2015-11-14 00:00:00 UTC,474,1414,273432500,6.921666666666666
2015-11-14 00:00:00 UTC,474,-54,228131000,2.6005555555555557
2015-11-14 00:00:00 UTC,474,-55,228131000,3.620277777777777
2015-11-14 00:00:00 UTC,474,-53,228131000,1.096111111111111
2015-11-14 00:00:00 UTC,474,-56,228131000,0.26138888888888889
2015-11-14 00:00:00 UTC,730,327,258174000,2.243611111111111
2015-11-14 00:00:00 UTC,730,326,258174000,4.1291666666666664
2015-11-14 00:00:00 UTC,730,290,258483000,1.0316666666666665
2015-11-14 00:00:00 UTC,730,291,258483000,0.78611111111111109
2015-11-14 00:00:00 UTC,730,150,273212110,1.8436111111111111
2015-11-14 00:00:00 UTC,730,149,273212110,2.3725
2015-11-14 00:00:00 UTC,730,305,258380500,4.3486111111111114
2015-11-14 00:00:00 UTC,730,304,258380500,1.9124999999999999
2015-11-14 00:00:00 UTC,-550,-726,725000261,0.57930555555555552
2015-11-14 00:00:00 UTC,-550,-728,725000261,1.0705555555555557
2015-11-14 00:00:00 UTC,-550,-727,725000261,1.5640277777777774
2015-11-14 00:00:00 UTC,-550,-729,725000261,0.49013888888888885
2015-11-14 00:00:00 UTC,-294,-375,224380000,1.5863888888888891
2015-11-14 00:00:00 UTC,-294,-1383,412326799,4.6475
2015-11-14 00:00:00 UTC,-38,459,412695570,5.75625
2015-11-14 00:00:00 UTC,-38,455,412695570,1.5569444444444445
2015-11-14 00:00:00 UTC,-38,-1574,529695000,5.7529166666666676
2015-11-14 00:00:00 UTC,-38,-1573,529695000,6.6716666666666669
2015-11-14 00:00:00 UTC,-38,1605,431679000,2.2269444444444444
2015-11-14 00:00:00 UTC,-38,1608,432948000,3.4833333333333334
2015-11-14 00:00:00 UTC,-38,1608,412439604,3.017777777777777
2015-11-14 00:00:00 UTC,-38,1787,440765000,4.1402777777777784
2015-11-14 00:00:00 UTC,-38,1785,440765000,1.7627777777777776
2015-11-14 00:00:00 UTC,-38,1786,440765000,0.77916666666666679
2015-11-14 00:00:00 UTC,-38,1725,441084000,4.4709722222222226
2015-11-14 00:00:00 UTC,-38,1610,431100030,10.686527777777778
2015-11-14 00:00:00 UTC,-38,-1272,773000,2.0066666666666668
2015-11-14 00:00:00 UTC,-38,1611,432708000,3.4755555555555553
2015-11-14 00:00:00 UTC,-38,1610,432708000,4.1018055555555559
2015-11-14 00:00:00 UTC,219,1131,412464178,6.3694444444444445
2015-11-14 00:00:00 UTC,219,-173,242185100,2.0322222222222219
2015-11-14 00:00:00 UTC,219,-1326,431938000,0.82166666666666688
2015-11-14 00:00:00 UTC,219,-1327,431938000,1.4444444444444444
2015-11-14 00:00:00 UTC,219,-1328,431938000,1.044861111111111
2015-11-14 00:00:00 UTC,219,-174,242191100,0.53986111111111112
2015-11-14 00:00:00 UTC,475,-57,228184600,0.26958333333333334
2015-11-14 00:00:00 UTC,475,-58,228184600,1.1619444444444444
2015-11-14 00:00:00 UTC,475,-62,228383000,1.1448611111111111
2015-11-14 00:00:00 UTC,475,-63,228383000,0.26069444444444445
2015-11-14 00:00:00 UTC,475,-51,228126000,1.6123611111111111
2015-11-14 00:00:00 UTC,475,-49,228126000,0.80041666666666667
2015-11-14 00:00:00 UTC,475,-50,228126000,3.6140277777777774
2015-11-14 00:00:00 UTC,475,-35,227164210,4.6497222222222225
2015-11-14 00:00:00 UTC,475,-36,227164210,2.4937499999999995
2015-11-14 00:00:00 UTC,475,-57,227430000,5.1402777777777766
2015-11-14 00:00:00 UTC,475,-53,227483000,1.1318055555555557
2015-11-14 00:00:00 UTC,475,-52,227483000,1.3897222222222221
2015-11-14 00:00:00 UTC,475,-66,227941000,2.9422222222222221
2015-11-14 00:00:00 UTC,475,-35,227102860,3.5386111111111109
2015-11-14 00:00:00 UTC,475,-36,227102860,1.1208333333333331
2015-11-14 00:00:00 UTC,475,1413,273432500,5.2577777777777772
2015-11-14 00:00:00 UTC,475,1414,273432500,15.602777777777776
2015-11-14 00:00:00 UTC,475,-51,228332000,0.54666666666666663
2015-11-14 00:00:00 UTC,475,-52,228332000,1.7356944444444442
2015-11-14 00:00:00 UTC,475,-53,228172000,2.192361111111111
2015-11-14 00:00:00 UTC,731,326,258174000,2.3616666666666668
2015-11-14 00:00:00 UTC,731,327,258174000,3.2020833333333334
2015-11-14 00:00:00 UTC,731,234,258052000,0.80166666666666664
2015-11-14 00:00:00 UTC,731,149,273212110,1.6095833333333334
2015-11-14 00:00:00 UTC,731,147,273212110,2.7798611111111109
2015-11-14 00:00:00 UTC,731,150,273212110,1.5569444444444445
2015-11-14 00:00:00 UTC,731,305,258380500,0.87694444444444442
2015-11-14 00:00:00 UTC,-549,-731,725000261,0.63638888888888889
2015-11-14 00:00:00 UTC,-549,-729,725000261,2.0397222222222218
2015-11-14 00:00:00 UTC,-549,-730,725000261,1.9868055555555555
2015-11-14 00:00:00 UTC,-549,-633,701027000,1.4584722222222224
2015-11-14 00:00:00 UTC,-549,-632,701027000,1.0134722222222221
2015-11-14 00:00:00 UTC,-549,-636,701027000,0.1625
2015-11-14 00:00:00 UTC,-293,-1376,412328724,6.6797222222222219
2015-11-14 00:00:00 UTC,-293,-1382,412326799,0.77013888888888893
2015-11-14 00:00:00 UTC,-37,457,412695570,5.0669444444444443
2015-11-14 00:00:00 UTC,-37,458,412695570,6.4423611111111105
2015-11-14 00:00:00 UTC,-37,1792,455359000,1.725
2015-11-14 00:00:00 UTC,-37,-1574,529695000,3.6169444444444445
2015-11-14 00:00:00 UTC,-37,-1573,529695000,0.11763888888888889
2015-11-14 00:00:00 UTC,-37,1718,440895000,6.1894444444444447
2015-11-14 00:00:00 UTC,-37,1609,432948000,3.0230555555555556
2015-11-14 00:00:00 UTC,-37,-1560,577289000,0.54666666666666663
2015-11-14 00:00:00 UTC,-37,-1559,577289000,0.76611111111111119
2015-11-14 00:00:00 UTC,-37,-1564,577289000,0.058194444444444451
2015-11-14 00:00:00 UTC,-37,-1782,441811000,1.7562499999999996
2015-11-14 00:00:00 UTC,-37,-1316,412205130,4.6727777777777781
2015-11-14 00:00:00 UTC,-37,-1315,412205130,1.3548611111111111
2015-11-14 00:00:00 UTC,-37,-1314,412205130,1.4794444444444443
2015-11-14 00:00:00 UTC,-37,1725,441084000,0.39569444444444446
2015-11-14 00:00:00 UTC,-37,1724,441084000,1.5952777777777778
2015-11-14 00:00:00 UTC,-37,-1272,773000,7.69888888888889
2015-11-14 00:00:00 UTC,-37,-1273,773000,1.7683333333333335
2015-11-14 00:00:00 UTC,-37,1612,432708000,2.1165277777777778
2015-11-14 00:00:00 UTC,-37,1610,432708000,5.1565277777777778
2015-11-14 00:00:00 UTC,-37,-1454,338873000,2.0669444444444443
2015-11-14 00:00:00 UTC,-37,1789,533111749,5.2877777777777784
2015-11-14 00:00:00 UTC,-37,1749,416001500,1.6072222222222221
2015-11-14 00:00:00 UTC,-37,-1461,416119800,3.090694444444444
2015-11-14 00:00:00 UTC,-37,-1462,416119800,1.3802777777777777
2015-11-14 00:00:00 UTC,-37,-1464,416119800,1.6584722222222226
2015-11-14 00:00:00 UTC,-37,-1463,416119800,1.5993055555555553
2015-11-14 00:00:00 UTC,220,-179,432306000,1.1308333333333334
2015-11-14 00:00:00 UTC,220,-181,432967000,1.0416666666666667
2015-11-14 00:00:00 UTC,220,1136,412478584,1.1181944444444443
2015-11-14 00:00:00 UTC,220,-172,242185100,1.6905555555555556
2015-11-14 00:00:00 UTC,220,1143,900023462,15.15375
2015-11-14 00:00:00 UTC,220,1137,412461997,10.498055555555556
2015-11-14 00:00:00 UTC,220,1139,110700977,4.4084722222222226
2015-11-14 00:00:00 UTC,220,1141,910060741,0.21180555555555555
2015-11-14 00:00:00 UTC,220,1137,412462277,0.18736111111111112
2015-11-14 00:00:00 UTC,220,1138,412462277,0.94625
2015-11-14 00:00:00 UTC,220,1137,412462278,0.15402777777777779
2015-11-14 00:00:00 UTC,220,1138,412462278,3.2352777777777777
2015-11-14 00:00:00 UTC,220,1137,412462284,1.55125
2015-11-14 00:00:00 UTC,220,-1324,431938000,1.6888888888888887
2015-11-14 00:00:00 UTC,220,-1326,431938000,0.69805555555555554
2015-11-14 00:00:00 UTC,220,-1325,431938000,1.9201388888888888
2015-11-14 00:00:00 UTC,220,-1323,431938000,3.6595833333333334
2015-11-14 00:00:00 UTC,220,1137,412461526,3.6175
2015-11-14 00:00:00 UTC,220,1144,200013274,1.0920833333333333
2015-11-14 00:00:00 UTC,220,-172,244810460,1.1565277777777778
2015-11-14 00:00:00 UTC,220,1137,412461558,0.30013888888888884
2015-11-14 00:00:00 UTC,220,1137,200015098,4.7326388888888893
2015-11-14 00:00:00 UTC,220,-174,242191100,0.43541666666666667
2015-11-14 00:00:00 UTC,220,1136,412462077,0.29486111111111113
2015-11-14 00:00:00 UTC,476,-57,228184600,2.5113888888888889
2015-11-14 00:00:00 UTC,476,-476,204820000,0.9951388888888888
2015-11-14 00:00:00 UTC,476,-473,204820000,5.5804166666666672
2015-11-14 00:00:00 UTC,476,-475,204820000,4.7705555555555552
2015-11-14 00:00:00 UTC,476,-50,228126000,0.63125000000000009
2015-11-14 00:00:00 UTC,476,-52,228126000,0.66208333333333336
2015-11-14 00:00:00 UTC,476,-51,228126000,2.2393055555555557
2015-11-14 00:00:00 UTC,476,-36,227164210,4.13625
2015-11-14 00:00:00 UTC,476,-43,227567680,1.1025
2015-11-14 00:00:00 UTC,476,-35,227629670,0.99125
2015-11-14 00:00:00 UTC,476,-36,227629670,1.6358333333333333
2015-11-14 00:00:00 UTC,476,-34,227629670,0.13277777777777777
2015-11-14 00:00:00 UTC,476,-54,227483000,0.41444444444444439
2015-11-14 00:00:00 UTC,476,-53,227483000,1.6940277777777777
2015-11-14 00:00:00 UTC,476,-52,227483000,1.3447222222222224
2015-11-14 00:00:00 UTC,476,-35,227102860,1.2622222222222224
2015-11-14 00:00:00 UTC,476,-36,227102860,3.7130555555555556
2015-11-14 00:00:00 UTC,476,-55,228282000,1.8247222222222224
2015-11-14 00:00:00 UTC,476,-56,227843000,2.3180555555555555
2015-11-14 00:00:00 UTC,476,1414,273422540,15.57875
2015-11-14 00:00:00 UTC,476,-50,228332000,1.5899999999999999
2015-11-14 00:00:00 UTC,476,-52,228332000,1.3423611111111111
2015-11-14 00:00:00 UTC,476,-49,228332000,0.78236111111111117
2015-11-14 00:00:00 UTC,476,-51,228332000,4.0573611111111108
2015-11-14 00:00:00 UTC,476,-54,228172000,9.4440277777777766
2015-11-14 00:00:00 UTC,476,-52,228172000,2.2399999999999998
2015-11-14 00:00:00 UTC,476,-53,228172000,4.17986111111111
2015-11-14 00:00:00 UTC,476,-57,227340000,0.5363888888888888
2015-11-14 00:00:00 UTC,732,327,258174000,7.1562499999999991
2015-11-14 00:00:00 UTC,732,326,258174000,0.78347222222222213
2015-11-14 00:00:00 UTC,732,284,258483000,1.3323611111111111
2015-11-14 00:00:00 UTC,732,233,258052000,0.7861111111111112
2015-11-14 00:00:00 UTC,732,234,258052000,0.78875
2015-11-14 00:00:00 UTC,732,510,273559500,0.83347222222222228
2015-11-14 00:00:00 UTC,732,511,273559500,3.1484722222222223
2015-11-14 00:00:00 UTC,732,148,273212110,1.5988888888888888
2015-11-14 00:00:00 UTC,732,147,273212110,2.8704166666666664
2015-11-14 00:00:00 UTC,732,149,273212110,1.4963888888888888
2015-11-14 00:00:00 UTC,-548,-732,725000261,1.216388888888889
2015-11-14 00:00:00 UTC,-548,-731,725000261,1.5333333333333332
2015-11-14 00:00:00 UTC,-548,-633,701027000,0.16944444444444445
2015-11-14 00:00:00 UTC,-548,-635,701027000,0.12694444444444444
2015-11-14 00:00:00 UTC,-548,-632,701027000,1.8233333333333335
2015-11-14 00:00:00 UTC,-548,-636,701027000,0.39819444444444446
2015-11-14 00:00:00 UTC,-292,1142,503621500,1.1866666666666665
2015-11-14 00:00:00 UTC,-292,1143,503621500,0.16166666666666668
2015-11-14 00:00:00 UTC,-292,-1382,412326799,0.7433333333333334
2015-11-14 00:00:00 UTC,-36,1793,455359000,4.8401388888888892
2015-11-14 00:00:00 UTC,-36,1718,440895000,1.6038888888888889
2015-11-14 00:00:00 UTC,-36,-1563,577289000,6.1372222222222224
2015-11-14 00:00:00 UTC,-36,-1564,577289000,4.8068055555555551
2015-11-14 00:00:00 UTC,-36,1797,440339000,1.369861111111111
2015-11-14 00:00:00 UTC,-36,-1313,412205130,4.3805555555555555
2015-11-14 00:00:00 UTC,-36,1723,441084000,3.6511111111111108
2015-11-14 00:00:00 UTC,-36,1724,441084000,2.072916666666667
2015-11-14 00:00:00 UTC,-36,482,212121212,5.233194444444444
2015-11-14 00:00:00 UTC,-36,-1273,773000,0.35708333333333331
2015-11-14 00:00:00 UTC,-36,1789,440858000,2.8430555555555559
2015-11-14 00:00:00 UTC,-36,1787,440858000,1.4805555555555552
2015-11-14 00:00:00 UTC,-36,1721,440770000,9.6205555555555549
2015-11-14 00:00:00 UTC,-36,1720,440770000,1.6059722222222224
2015-11-14 00:00:00 UTC,-36,-255,416060900,3.5647222222222226
2015-11-14 00:00:00 UTC,-36,-260,416060900,2.661111111111111
2015-11-14 00:00:00 UTC,-36,-261,416060900,5.22375
2015-11-14 00:00:00 UTC,-36,-253,416060900,4.5251388888888888
2015-11-14 00:00:00 UTC,-36,-1465,416119800,0.50013888888888891
2015-11-14 00:00:00 UTC,221,1137,412482852,4.5670833333333327
2015-11-14 00:00:00 UTC,221,1138,412482852,2.0005555555555556
2015-11-14 00:00:00 UTC,221,1142,412481575,6.7422222222222228
2015-11-14 00:00:00 UTC,221,1141,412481575,12.493194444444446
2015-11-14 00:00:00 UTC,221,1137,200000047,0.23152777777777778
2015-11-14 00:00:00 UTC,221,1138,200000047,3.470416666666666
2015-11-14 00:00:00 UTC,221,1138,820040762,4.3236111111111111
2015-11-14 00:00:00 UTC,221,1142,900021065,8.4747222222222227
2015-11-14 00:00:00 UTC,221,1143,900021065,8.6444444444444457
2015-11-14 00:00:00 UTC,221,1142,910060618,3.1044444444444443
2015-11-14 00:00:00 UTC,221,1143,910060618,4.43125
2015-11-14 00:00:00 UTC,221,-178,432306000,0.73055555555555562
2015-11-14 00:00:00 UTC,221,-179,432306000,0.75041666666666673
2015-11-14 00:00:00 UTC,221,1136,412480855,14.478888888888887
2015-11-14 00:00:00 UTC,221,-182,432967000,4.60125
2015-11-14 00:00:00 UTC,221,-181,432967000,0.85416666666666674
2015-11-14 00:00:00 UTC,221,-180,432967000,1.0572222222222223
2015-11-14 00:00:00 UTC,221,1143,400481626,1.0704166666666668
2015-11-14 00:00:00 UTC,221,1144,400481626,12.700972222222223
2015-11-14 00:00:00 UTC,221,1144,412482397,9.1804166666666678
2015-11-14 00:00:00 UTC,221,1137,412481638,10.082916666666668
2015-11-14 00:00:00 UTC,221,1137,412478584,1.1183333333333332
2015-11-14 00:00:00 UTC,221,1136,412478584,1.9769444444444444
2015-11-14 00:00:00 UTC,221,1144,900003983,6.4131944444444446
2015-11-14 00:00:00 UTC,221,1143,900003983,9.1469444444444434
2015-11-14 00:00:00 UTC,221,1138,810040478,19.606805555555553
2015-11-14 00:00:00 UTC,221,1138,412475043,4.2083333333333339
2015-11-14 00:00:00 UTC,221,1139,412480164,6.0458333333333334
2015-11-14 00:00:00 UTC,221,1137,412461997,1.1918055555555556
2015-11-14 00:00:00 UTC,221,1140,110700977,3.99375
2015-11-14 00:00:00 UTC,221,1139,110700977,0.85333333333333328
2015-11-14 00:00:00 UTC,221,1142,412201148,0.33791666666666664
2015-11-14 00:00:00 UTC,221,1141,412201148,12.036666666666667
2015-11-14 00:00:00 UTC,221,1137,412462277,0.065555555555555561
2015-11-14 00:00:00 UTC,221,1139,412462277,3.0097222222222224
2015-11-14 00:00:00 UTC,221,1138,412462277,8.3624999999999989
2015-11-14 00:00:00 UTC,221,1138,412462278,4.51
2015-11-14 00:00:00 UTC,221,1138,412462285,12.361944444444443
2015-11-14 00:00:00 UTC,221,1137,412461526,0.3084722222222222
2015-11-14 00:00:00 UTC,221,1137,200015098,1.2472222222222222
2015-11-14 00:00:00 UTC,221,-174,242191100,1.0704166666666666
2015-11-14 00:00:00 UTC,477,-55,228184600,3.15625
2015-11-14 00:00:00 UTC,477,-474,204820000,1.72125
2015-11-14 00:00:00 UTC,477,-476,204820000,4.2190277777777778
2015-11-14 00:00:00 UTC,477,-473,204820000,4.5515277777777774
2015-11-14 00:00:00 UTC,477,-54,228126000,0.86097222222222225
2015-11-14 00:00:00 UTC,477,-52,228126000,1.6934722222222223
2015-11-14 00:00:00 UTC,477,-55,228126000,2.3359722222222219
2015-11-14 00:00:00 UTC,477,-53,228126000,1.0423611111111111
2015-11-14 00:00:00 UTC,477,-36,227629670,0.6119444444444444
2015-11-14 00:00:00 UTC,477,-54,227483000,0.58458333333333334
2015-11-14 00:00:00 UTC,477,-52,227472000,0.54083333333333328
2015-11-14 00:00:00 UTC,477,-53,227472000,1.8055555555555556
2015-11-14 00:00:00 UTC,477,-53,228282000,6.8247222222222224
2015-11-14 00:00:00 UTC,477,-54,228282000,0.28333333333333333
2015-11-14 00:00:00 UTC,477,-55,228282000,3.8886111111111115
2015-11-14 00:00:00 UTC,477,-54,227375000,0.3223611111111111
2015-11-14 00:00:00 UTC,477,-58,227375000,0.27125
2015-11-14 00:00:00 UTC,477,-57,227375000,2.1405555555555553
2015-11-14 00:00:00 UTC,477,-55,227843000,6.409305555555556
2015-11-14 00:00:00 UTC,477,-56,227843000,3.9443055555555557
2015-11-14 00:00:00 UTC,477,-58,227843000,5.1381944444444443
2015-11-14 00:00:00 UTC,477,-53,228332000,3.0223611111111106
2015-11-14 00:00:00 UTC,477,-52,228332000,3.422361111111111
2015-11-14 00:00:00 UTC,477,-57,228236000,1.665
2015-11-14 00:00:00 UTC,477,-56,228236000,3.9561111111111114
2015-11-14 00:00:00 UTC,477,-58,228236000,3.0615277777777776
2015-11-14 00:00:00 UTC,477,-52,228172000,2.640138888888889
2015-11-14 00:00:00 UTC,477,-53,228172000,2.2009722222222221
2015-11-14 00:00:00 UTC,477,-57,227340000,1.2884722222222222
2015-11-14 00:00:00 UTC,477,-56,227340000,1.0080555555555555
2015-11-14 00:00:00 UTC,477,-53,227915000,1.4315277777777777
2015-11-14 00:00:00 UTC,477,-54,227915000,0.58777777777777773
2015-11-14 00:00:00 UTC,477,-52,227915000,1.0826388888888889
2015-11-14 00:00:00 UTC,733,327,258174000,2.3575
2015-11-14 00:00:00 UTC,733,518,273554600,2.6680555555555552
2015-11-14 00:00:00 UTC,733,518,273559500,0.80402777777777779
2015-11-14 00:00:00 UTC,733,517,273559500,2.7249999999999996
2015-11-14 00:00:00 UTC,733,512,273559500,0.78541666666666665
2015-11-14 00:00:00 UTC,733,509,273559500,0.772361111111111
2015-11-14 00:00:00 UTC,733,511,273559500,0.800138888888889
2015-11-14 00:00:00 UTC,733,519,273521100,1.5454166666666667
2015-11-14 00:00:00 UTC,733,518,273521100,1.5770833333333334
2015-11-14 00:00:00 UTC,733,149,273212110,1.6247222222222222
2015-11-14 00:00:00 UTC,-291,-1376,412328724,11.1375
2015-11-14 00:00:00 UTC,-291,1142,503621500,0.13277777777777777
2015-11-14 00:00:00 UTC,-291,1143,503621500,0.18791666666666668
2015-11-14 00:00:00 UTC,-291,-1382,412326799,1.3129166666666667
2015-11-14 00:00:00 UTC,-291,-110,224049860,1.0959722222222223
2015-11-14 00:00:00 UTC,-35,1716,440895000,4.8866666666666658
2015-11-14 00:00:00 UTC,-35,-1559,577289000,3.9066666666666667
2015-11-14 00:00:00 UTC,-35,-1558,577289000,0.80875000000000008
2015-11-14 00:00:00 UTC,-35,1797,440339000,5.9783333333333335
2015-11-14 00:00:00 UTC,-35,1798,440339000,4.52513888888889
2015-11-14 00:00:00 UTC,-35,-1782,441811000,4.9215277777777775
2015-11-14 00:00:00 UTC,-35,-1312,412205130,0.075833333333333336
2015-11-14 00:00:00 UTC,-35,-1315,412205130,4.7323611111111115
2015-11-14 00:00:00 UTC,-35,-1314,412205130,1.8801388888888888
2015-11-14 00:00:00 UTC,-35,-1313,412205130,1.0034722222222223
2015-11-14 00:00:00 UTC,-35,1723,441084000,2.1395833333333329
2015-11-14 00:00:00 UTC,-35,1722,441084000,2.4661111111111111
2015-11-14 00:00:00 UTC,-35,-1581,440636000,1.4252777777777779
2015-11-14 00:00:00 UTC,-35,-1580,440636000,7.450277777777778
2015-11-14 00:00:00 UTC,-35,-1578,440636000,4.7747222222222216
2015-11-14 00:00:00 UTC,-35,-1582,440636000,5.199583333333333
2015-11-14 00:00:00 UTC,-35,-1579,440636000,4.7491666666666665
2015-11-14 00:00:00 UTC,-35,1798,440646000,5.6772222222222224
2015-11-14 00:00:00 UTC,-35,1788,440858000,0.35694444444444445
2015-11-14 00:00:00 UTC,-35,1789,440858000,2.0969444444444445
2015-11-14 00:00:00 UTC,-35,1714,440654000,2.4666666666666663
2015-11-14 00:00:00 UTC,-35,1720,440770000,1.7931944444444443
2015-11-14 00:00:00 UTC,-35,1719,440770000,2.1447222222222222
2015-11-14 00:00:00 UTC,-35,1748,416001500,4.5136111111111115
2015-11-14 00:00:00 UTC,-35,1749,416001500,2.1130555555555564
2015-11-14 00:00:00 UTC,-35,-1465,416119800,0.65013888888888882
2015-11-14 00:00:00 UTC,-35,-1461,416119800,1.5938888888888891
2015-11-14 00:00:00 UTC,-35,-1460,416119800,2.5681944444444444
2015-11-14 00:00:00 UTC,-35,-1462,416119800,1.0088888888888889
2015-11-14 00:00:00 UTC,-35,485,416004856,3.6976388888888887
2015-11-14 00:00:00 UTC,222,1135,412460806,0.24180555555555555
2015-11-14 00:00:00 UTC,222,1137,138550555,1.34625
2015-11-14 00:00:00 UTC,222,1141,900023840,4.0575
2015-11-14 00:00:00 UTC,222,1138,200000047,2.7531944444444445
2015-11-14 00:00:00 UTC,222,1137,200000047,1.0541666666666667
2015-11-14 00:00:00 UTC,222,-178,432306000,1.5115277777777776
2015-11-14 00:00:00 UTC,222,1136,412480855,9.8833333333333346
2015-11-14 00:00:00 UTC,222,-179,432967000,3.4215277777777775
2015-11-14 00:00:00 UTC,222,-180,432967000,3.3383333333333338
2015-11-14 00:00:00 UTC,222,1144,412482397,8.88875
2015-11-14 00:00:00 UTC,222,1138,412692076,0.35041666666666665
2015-11-14 00:00:00 UTC,222,1138,412475038,0.89027777777777772
2015-11-14 00:00:00 UTC,222,1138,412475043,6.7559722222222236
2015-11-14 00:00:00 UTC,222,1139,412480164,1.9106944444444445
2015-11-14 00:00:00 UTC,222,1136,412462256,10.406388888888889
2015-11-14 00:00:00 UTC,222,1137,412462276,7.8015277777777765
2015-11-14 00:00:00 UTC,222,1136,412462276,7.6820833333333338
2015-11-14 00:00:00 UTC,222,-1326,431938000,3.2016666666666671
2015-11-14 00:00:00 UTC,222,-1320,431938000,0.85444444444444445
2015-11-14 00:00:00 UTC,222,-1323,431938000,1.0222222222222221
2015-11-14 00:00:00 UTC,222,-1319,431938000,2.8038888888888893
2015-11-14 00:00:00 UTC,222,-1322,431938000,0.76125
2015-11-14 00:00:00 UTC,478,-472,204820000,4.0827777777777783
2015-11-14 00:00:00 UTC,478,-52,228126000,1.0355555555555556
2015-11-14 00:00:00 UTC,478,-53,228126000,1.0497222222222222
2015-11-14 00:00:00 UTC,478,-55,228126000,1.59125
2015-11-14 00:00:00 UTC,478,-54,228126000,4.6168055555555556
2015-11-14 00:00:00 UTC,478,-54,227483000,4.1056944444444445
2015-11-14 00:00:00 UTC,478,-55,227483000,1.7780555555555557
2015-11-14 00:00:00 UTC,478,-57,227483000,6.9105555555555558
2015-11-14 00:00:00 UTC,478,-1256,368272000,5.04111111111111
2015-11-14 00:00:00 UTC,478,-1257,368272000,5.04
2015-11-14 00:00:00 UTC,478,-52,227472000,1.1019444444444444
2015-11-14 00:00:00 UTC,478,-51,227472000,1.5265277777777777
2015-11-14 00:00:00 UTC,478,-50,227472000,0.26125
2015-11-14 00:00:00 UTC,478,-54,227472000,2.1658333333333335
2015-11-14 00:00:00 UTC,478,-55,227472000,9.05263888888889
2015-11-14 00:00:00 UTC,478,-54,228282000,1.5313888888888889
2015-11-14 00:00:00 UTC,478,-55,228282000,1.5295833333333333
2015-11-14 00:00:00 UTC,478,-54,227375000,1.185138888888889
2015-11-14 00:00:00 UTC,478,-57,227375000,2.7734722222222223
2015-11-14 00:00:00 UTC,478,-56,227375000,1.7918055555555554
2015-11-14 00:00:00 UTC,478,-55,227375000,2.2780555555555555
2015-11-14 00:00:00 UTC,478,-56,227843000,3.6372222222222224
2015-11-14 00:00:00 UTC,478,-46,228109000,0.72680555555555548
2015-11-14 00:00:00 UTC,478,-47,228109000,4.509444444444445
2015-11-14 00:00:00 UTC,478,1412,273422540,4.775
2015-11-14 00:00:00 UTC,478,-56,228236000,10.724861111111112
2015-11-14 00:00:00 UTC,478,-58,228236000,1.9379166666666667
2015-11-14 00:00:00 UTC,478,-56,227340000,3.6504166666666662
2015-11-14 00:00:00 UTC,478,-55,227915000,2.5255555555555556
2015-11-14 00:00:00 UTC,478,-54,227915000,0.6809722222222222
2015-11-14 00:00:00 UTC,734,233,257247000,3.5545833333333334
2015-11-14 00:00:00 UTC,734,520,273213300,1.6165277777777778
2015-11-14 00:00:00 UTC,734,522,273213300,2.3829166666666666
2015-11-14 00:00:00 UTC,734,521,273213300,0.75625
2015-11-14 00:00:00 UTC,734,516,273213300,1.7384722222222222
2015-11-14 00:00:00 UTC,734,517,273554600,0.76416666666666666
2015-11-14 00:00:00 UTC,734,519,273554600,0.80430555555555561
2015-11-14 00:00:00 UTC,734,521,273554600,1.8172222222222221
2015-11-14 00:00:00 UTC,734,516,273554600,2.5486111111111107
2015-11-14 00:00:00 UTC,734,520,273554600,2.8798611111111114
2015-11-14 00:00:00 UTC,734,521,273559500,0.80569444444444449
2015-11-14 00:00:00 UTC,734,522,273559500,3.9551388888888885
2015-11-14 00:00:00 UTC,734,520,273559500,4.0795833333333329
2015-11-14 00:00:00 UTC,734,519,273521100,4.4765277777777772
2015-11-14 00:00:00 UTC,734,520,273521100,2.4319444444444445
2015-11-14 00:00:00 UTC,734,522,273521100,0.75569444444444445
2015-11-14 00:00:00 UTC,-290,-109,224049860,0.40166666666666667
2015-11-14 00:00:00 UTC,-290,-110,224049860,1.6491666666666667
2015-11-14 00:00:00 UTC,-34,1716,440895000,6.625
2015-11-14 00:00:00 UTC,-34,-232,416734000,2.4277777777777776
2015-11-14 00:00:00 UTC,-34,-1538,416232500,4.7719444444444434
2015-11-14 00:00:00 UTC,-34,-1536,416232500,5.4440277777777775
2015-11-14 00:00:00 UTC,-34,-1785,440647000,4.3940277777777776
2015-11-14 00:00:00 UTC,-34,1722,441084000,1.5530555555555554
2015-11-14 00:00:00 UTC,-34,1721,441084000,0.62513888888888891
2015-11-14 00:00:00 UTC,-34,1641,416002195,1.4758333333333333
2015-11-14 00:00:00 UTC,-34,1715,440654000,1.7854166666666667
2015-11-14 00:00:00 UTC,-34,-1773,441869000,4.9148611111111116
2015-11-14 00:00:00 UTC,-34,1718,440770000,9.387777777777778
2015-11-14 00:00:00 UTC,-34,-1278,412326881,0.14972222222222223
2015-11-14 00:00:00 UTC,-34,-1280,412326881,1.9713888888888889
2015-11-14 00:00:00 UTC,-34,-1644,538060018,2.9718055555555551
2015-11-14 00:00:00 UTC,-34,-1643,538060018,2.68625
2015-11-14 00:00:00 UTC,-34,-1465,416119800,1.1004166666666666
2015-11-14 00:00:00 UTC,-34,484,416004856,0.475
2015-11-14 00:00:00 UTC,-34,485,416004856,5.6691666666666656
2015-11-14 00:00:00 UTC,223,1136,412460806,1.1865277777777776
2015-11-14 00:00:00 UTC,223,1138,412462344,6.0981944444444451
2015-11-14 00:00:00 UTC,223,1145,888000008,3.4531944444444442
2015-11-14 00:00:00 UTC,223,1144,888000008,0.89513888888888893
2015-11-14 00:00:00 UTC,223,1138,138550555,7.5952777777777776
2015-11-14 00:00:00 UTC,223,1137,138550555,7.5866666666666669
2015-11-14 00:00:00 UTC,223,1137,412462394,22.559861111111111
2015-11-14 00:00:00 UTC,223,-177,432306000,0.49902777777777774
2015-11-14 00:00:00 UTC,223,1137,412462423,22.194583333333334
2015-11-14 00:00:00 UTC,223,-179,432967000,1.0918055555555555
2015-11-14 00:00:00 UTC,223,-180,432967000,0.25902777777777775
2015-11-14 00:00:00 UTC,223,-181,432967000,1.0115277777777778
2015-11-14 00:00:00 UTC,223,1137,412462171,1.34875
2015-11-14 00:00:00 UTC,223,1138,412462171,2.2858333333333332
2015-11-14 00:00:00 UTC,223,1137,412461926,1.53375
2015-11-14 00:00:00 UTC,223,1204,416022122,0.4341666666666667
2015-11-14 00:00:00 UTC,223,1138,412692076,3.1554166666666665
2015-11-14 00:00:00 UTC,223,1138,412462189,0.23722222222222222
2015-11-14 00:00:00 UTC,223,1137,412461706,25.397638888888892
2015-11-14 00:00:00 UTC,223,1145,412472225,4.8025
2015-11-14 00:00:00 UTC,223,1138,412462245,0.59819444444444447
2015-11-14 00:00:00 UTC,223,1138,412475049,1.0741666666666667
2015-11-14 00:00:00 UTC,223,1138,412462066,17.798749999999991
2015-11-14 00:00:00 UTC,223,1137,412461561,18.08902777777778
2015-11-14 00:00:00 UTC,223,-173,242191100,0.79458333333333342
2015-11-14 00:00:00 UTC,479,-76,228339000,5.859861111111111
2015-11-14 00:00:00 UTC,479,-77,228339000,8.4975
2015-11-14 00:00:00 UTC,479,1412,273898610,11.917916666666667
2015-11-14 00:00:00 UTC,479,-1254,368272000,3.3
2015-11-14 00:00:00 UTC,479,-1255,368272000,1.2583333333333333
2015-11-14 00:00:00 UTC,479,-1257,368272000,6.4861111111111116
2015-11-14 00:00:00 UTC,479,-58,227397000,3.351666666666667
2015-11-14 00:00:00 UTC,479,-55,228282000,2.9397222222222226
2015-11-14 00:00:00 UTC,479,-57,227375000,2.2111111111111112
2015-11-14 00:00:00 UTC,479,-57,226179000,1.6994444444444445
2015-11-14 00:00:00 UTC,479,-56,226179000,2.8104166666666668
2015-11-14 00:00:00 UTC,479,-46,228109000,0.25541666666666663
2015-11-14 00:00:00 UTC,479,-47,228109000,18.549305555555556
2015-11-14 00:00:00 UTC,479,1412,273422540,2.32375
2015-11-14 00:00:00 UTC,479,-55,226178000,3.1438888888888892
2015-11-14 00:00:00 UTC,479,-47,226178000,0.65041666666666664
2015-11-14 00:00:00 UTC,479,-48,226178000,1.033611111111111
2015-11-14 00:00:00 UTC,479,-57,228236000,2.0886111111111112
2015-11-14 00:00:00 UTC,479,-58,227340000,5.2701388888888889
2015-11-14 00:00:00 UTC,479,-57,227915000,1.1945833333333333
2015-11-14 00:00:00 UTC,479,-56,227915000,3.5854166666666667
2015-11-14 00:00:00 UTC,735,382,273313640,0.9
2015-11-14 00:00:00 UTC,735,383,273313640,0.77652777777777782
2015-11-14 00:00:00 UTC,735,376,273313640,1.60625
2015-11-14 00:00:00 UTC,735,521,273213300,1.3536111111111109
2015-11-14 00:00:00 UTC,735,518,273213300,1.637083333333333
2015-11-14 00:00:00 UTC,735,522,273213300,0.80194444444444446
2015-11-14 00:00:00 UTC,735,523,273213300,0.78847222222222213
2015-11-14 00:00:00 UTC,735,516,273554600,6.4695833333333344
2015-11-14 00:00:00 UTC,735,523,273554600,3.1638888888888888
2015-11-14 00:00:00 UTC,735,518,273554600,0.77916666666666667
2015-11-14 00:00:00 UTC,735,519,273554600,1.5848611111111108
2015-11-14 00:00:00 UTC,735,523,273559500,2.4088888888888889
2015-11-14 00:00:00 UTC,735,524,273559500,1.5622222222222222
2015-11-14 00:00:00 UTC,735,522,273559500,1.5944444444444446
2015-11-14 00:00:00 UTC,735,523,273521100,1.5622222222222224
2015-11-14 00:00:00 UTC,735,521,273521100,1.5988888888888888
2015-11-14 00:00:00 UTC,735,522,273521100,1.5895833333333336
2015-11-14 00:00:00 UTC,-289,-1381,412326799,3.1475
2015-11-14 00:00:00 UTC,-289,-1382,412326799,0.78388888888888886
2015-11-14 00:00:00 UTC,-289,-110,224049860,1.0509722222222222
2015-11-14 00:00:00 UTC,-289,-477,5625,13.306527777777779
2015-11-14 00:00:00 UTC,-33,1789,440703000,4.7430555555555554
2015-11-14 00:00:00 UTC,-33,1790,440703000,1.2337500000000001
2015-11-14 00:00:00 UTC,-33,1762,441812000,1.783611111111111
2015-11-14 00:00:00 UTC,-33,1760,441812000,0.83458333333333323
2015-11-14 00:00:00 UTC,-33,1759,441812000,0.033194444444444443
2015-11-14 00:00:00 UTC,-33,-243,416734000,5.0595833333333342
2015-11-14 00:00:00 UTC,-33,-235,416734000,6.3616666666666664
2015-11-14 00:00:00 UTC,-33,-234,416734000,4.4170833333333333
2015-11-14 00:00:00 UTC,-33,-241,416734000,5.3804166666666671
2015-11-14 00:00:00 UTC,-33,-1537,416232500,5.2501388888888885
2015-11-14 00:00:00 UTC,-33,-1534,416232500,4.4465277777777779
2015-11-14 00:00:00 UTC,-33,1798,440339000,1.6208333333333333
2015-11-14 00:00:00 UTC,-33,-1787,440647000,3.7356944444444444
2015-11-14 00:00:00 UTC,-33,1721,441084000,2.6856944444444442
2015-11-14 00:00:00 UTC,-33,1799,440646000,1.7495833333333335
2015-11-14 00:00:00 UTC,-33,482,212121212,1.7988888888888888
2015-11-14 00:00:00 UTC,-33,1641,416002195,4.14111111111111
2015-11-14 00:00:00 UTC,-33,-1667,441201562,2.6404166666666669
2015-11-14 00:00:00 UTC,-33,-1580,440900000,4.4561111111111122
2015-11-14 00:00:00 UTC,-33,-1577,440900000,4.0361111111111105
2015-11-14 00:00:00 UTC,-33,1710,440846000,1.7904166666666661
2015-11-14 00:00:00 UTC,-33,-1325,412209077,4.3833333333333329
2015-11-14 00:00:00 UTC,-33,1789,533111749,7.9806944444444454
2015-11-14 00:00:00 UTC,-33,-1773,441869000,5.1627777777777784
2015-11-14 00:00:00 UTC,-33,-1785,553111759,2.2430555555555558
2015-11-14 00:00:00 UTC,-33,-1273,412326881,7.4044444444444446
2015-11-14 00:00:00 UTC,-33,-1640,538060018,0.53555555555555556
2015-11-14 00:00:00 UTC,-33,-1644,538060018,3.6493055555555554
2015-11-14 00:00:00 UTC,-33,-1466,416119800,0.87916666666666665
2015-11-14 00:00:00 UTC,-33,484,416004856,2.5323611111111108
2015-11-14 00:00:00 UTC,-33,485,416004856,1.7019444444444445
2015-11-14 00:00:00 UTC,224,1146,412475394,25.882638888888891
2015-11-14 00:00:00 UTC,224,1137,412460806,0.26694444444444443
2015-11-14 00:00:00 UTC,224,1136,412460806,0.77375
2015-11-14 00:00:00 UTC,224,1146,888000008,5.4738888888888884
2015-11-14 00:00:00 UTC,224,1144,888000008,7.6133333333333342
2015-11-14 00:00:00 UTC,224,1136,138550555,0.55388888888888888
2015-11-14 00:00:00 UTC,224,1137,138550555,3.7069444444444439
2015-11-14 00:00:00 UTC,224,1138,412462621,11.265277777777778
2015-11-14 00:00:00 UTC,224,1137,412462621,3.8622222222222224
2015-11-14 00:00:00 UTC,224,1137,412462626,3.5031944444444441
2015-11-14 00:00:00 UTC,224,1138,412462656,7.2658333333333323
2015-11-14 00:00:00 UTC,224,1138,412462659,7.1956944444444462
2015-11-14 00:00:00 UTC,224,1138,412462662,1.22
2015-11-14 00:00:00 UTC,224,-181,432306000,1.0636111111111111
2015-11-14 00:00:00 UTC,224,-177,432306000,2.2429166666666669
2015-11-14 00:00:00 UTC,224,-182,432306000,1.9263888888888889
2015-11-14 00:00:00 UTC,224,1137,412462423,1.5713888888888885
2015-11-14 00:00:00 UTC,224,-180,432967000,2.1318055555555553
2015-11-14 00:00:00 UTC,224,-181,432967000,0.25430555555555556
2015-11-14 00:00:00 UTC,224,-178,432967000,1.1127777777777779
2015-11-14 00:00:00 UTC,224,-179,432967000,0.7383333333333334
2015-11-14 00:00:00 UTC,224,1138,412462171,1.4170833333333337
2015-11-14 00:00:00 UTC,224,1138,412462175,23.237499999999997
2015-11-14 00:00:00 UTC,224,1136,412461926,4.965416666666667
2015-11-14 00:00:00 UTC,224,1203,416458600,12.485138888888885
2015-11-14 00:00:00 UTC,224,1204,416458600,0.44999999999999996
2015-11-14 00:00:00 UTC,224,1203,416458609,3.3754166666666667
2015-11-14 00:00:00 UTC,224,1138,412462194,6.2915277777777776
2015-11-14 00:00:00 UTC,224,1202,416003461,0.48722222222222222
2015-11-14 00:00:00 UTC,224,1203,416003462,0.16305555555555556
2015-11-14 00:00:00 UTC,224,1137,412461706,0.44638888888888889
2015-11-14 00:00:00 UTC,224,1145,412472225,10.674166666666666
2015-11-14 00:00:00 UTC,224,1144,412472225,0.53277777777777779
2015-11-14 00:00:00 UTC,224,1138,412475049,2.8644444444444441
2015-11-14 00:00:00 UTC,224,1139,412475049,0.72388888888888892
2015-11-14 00:00:00 UTC,224,1202,416004801,3.850138888888889
2015-11-14 00:00:00 UTC,224,1136,412462274,1.6218055555555555
2015-11-14 00:00:00 UTC,224,-173,244810460,0.52569444444444446
2015-11-14 00:00:00 UTC,224,1137,412461561,0.6134722222222222
2015-11-14 00:00:00 UTC,224,-173,242191100,0.485
2015-11-14 00:00:00 UTC,480,1547,273349420,4.4554166666666664
2015-11-14 00:00:00 UTC,480,-58,227827000,2.7302777777777774
2015-11-14 00:00:00 UTC,480,-60,227474000,1.810138888888889
2015-11-14 00:00:00 UTC,480,-1257,368272000,0.76666666666666661
2015-11-14 00:00:00 UTC,480,-58,227397000,3.2695833333333333
2015-11-14 00:00:00 UTC,480,-55,226179000,3.1780555555555554
2015-11-14 00:00:00 UTC,480,-54,226179000,3.8190277777777779
2015-11-14 00:00:00 UTC,480,-53,226179000,2.66
2015-11-14 00:00:00 UTC,480,-56,226179000,3.7416666666666671
2015-11-14 00:00:00 UTC,480,-57,226179000,0.40013888888888893
2015-11-14 00:00:00 UTC,480,-81,228021700,14.165694444444444
2015-11-14 00:00:00 UTC,480,-55,226178000,3.5701388888888888
2015-11-14 00:00:00 UTC,480,-54,226178000,1.3969444444444443
2015-11-14 00:00:00 UTC,480,-56,226178000,3.4722222222222223
2015-11-14 00:00:00 UTC,480,-53,226178000,3.410277777777778
2015-11-14 00:00:00 UTC,480,-48,226178000,0.26402777777777781
2015-11-14 00:00:00 UTC,480,-58,227372000,5.2622222222222224
2015-11-14 00:00:00 UTC,480,-59,227340000,7.4055555555555559
2015-11-14 00:00:00 UTC,736,388,273313640,0.74319444444444449
2015-11-14 00:00:00 UTC,736,523,273213300,1.55125
2015-11-14 00:00:00 UTC,736,523,273521100,0.79305555555555562
2015-11-14 00:00:00 UTC,-288,1588,503337100,5.3301388888888885
2015-11-14 00:00:00 UTC,-288,1589,503337100,2.8956944444444446
2015-11-14 00:00:00 UTC,-288,-110,224049860,1.371388888888889
2015-11-14 00:00:00 UTC,-32,1715,440895000,5.2538888888888886
2015-11-14 00:00:00 UTC,-32,1786,440703000,4.4008333333333329
2015-11-14 00:00:00 UTC,-32,1790,440703000,1.3640277777777778
2015-11-14 00:00:00 UTC,-32,1788,440703000,1.6225
2015-11-14 00:00:00 UTC,-32,1789,440703000,4.5323611111111113
2015-11-14 00:00:00 UTC,-32,-172,416121900,13.137777777777778
2015-11-14 00:00:00 UTC,-32,-1534,416232500,1.4138888888888888
2015-11-14 00:00:00 UTC,-32,-1799,440339000,4.9170833333333333
2015-11-14 00:00:00 UTC,-32,1798,440339000,4.4016666666666664
2015-11-14 00:00:00 UTC,-32,-1794,440647000,1.7683333333333331
2015-11-14 00:00:00 UTC,-32,-1787,440647000,3.782083333333333
2015-11-14 00:00:00 UTC,-32,-1792,440647000,4.9106944444444451
2015-11-14 00:00:00 UTC,-32,1720,441084000,2.7875
2015-11-14 00:00:00 UTC,-32,482,212121212,4.624305555555555
2015-11-14 00:00:00 UTC,-32,1637,416002195,0.72791666666666666
2015-11-14 00:00:00 UTC,-32,1638,416002195,4.8080555555555557
2015-11-14 00:00:00 UTC,-32,-1667,441201562,4.3926388888888894
2015-11-14 00:00:00 UTC,-32,-1664,441201562,4.7088888888888887
2015-11-14 00:00:00 UTC,-32,-1666,441201562,5.8745833333333328
2015-11-14 00:00:00 UTC,-32,-1577,440900000,0.81527777777777788
2015-11-14 00:00:00 UTC,-32,-1579,440900000,1.4411111111111115
2015-11-14 00:00:00 UTC,-32,1714,440654000,2.8811111111111112
2015-11-14 00:00:00 UTC,-32,-1323,412209077,2.8326388888888889
2015-11-14 00:00:00 UTC,-32,-1773,441869000,0.98958333333333315
2015-11-14 00:00:00 UTC,-32,-1772,441869000,6.1368055555555561
2015-11-14 00:00:00 UTC,-32,1768,440781000,2.8130555555555561
2015-11-14 00:00:00 UTC,-32,1766,440781000,1.6424999999999998
2015-11-14 00:00:00 UTC,-32,-1466,416119800,0.53333333333333333
2015-11-14 00:00:00 UTC,-32,484,416004856,6.2537499999999993
2015-11-14 00:00:00 UTC,-32,485,416004856,3.495277777777777
2015-11-14 00:00:00 UTC,225,1137,412462639,2.1229166666666668
2015-11-14 00:00:00 UTC,225,-181,432306000,1.4240277777777777
2015-11-14 00:00:00 UTC,225,-182,432306000,2.4986111111111109
2015-11-14 00:00:00 UTC,225,-178,432967000,2.4506944444444443
2015-11-14 00:00:00 UTC,225,1137,412462462,15.499166666666667
2015-11-14 00:00:00 UTC,225,1136,412462462,8.5425
2015-11-14 00:00:00 UTC,225,1137,412462208,2.8809722222222223
2015-11-14 00:00:00 UTC,225,1202,416003461,0.89861111111111114
2015-11-14 00:00:00 UTC,225,1201,416003461,3.5451388888888888
2015-11-14 00:00:00 UTC,225,-229,224016530,3.0663888888888891
2015-11-14 00:00:00 UTC,225,1137,412462227,6.7522222222222217
2015-11-14 00:00:00 UTC,225,1138,412462227,9.17152777777778
2015-11-14 00:00:00 UTC,225,1202,416004801,2.9241666666666668
2015-11-14 00:00:00 UTC,225,1137,412461525,23.808611111111112
2015-11-14 00:00:00 UTC,225,-171,244810460,2.1691666666666665
2015-11-14 00:00:00 UTC,225,-173,244810460,2.8626388888888887
2015-11-14 00:00:00 UTC,225,-172,242191100,0.84402777777777782
2015-11-14 00:00:00 UTC,225,-173,242191100,3.5098611111111109
2015-11-14 00:00:00 UTC,225,1202,416004607,8.6190277777777773
2015-11-14 00:00:00 UTC,481,-59,227827000,3.5184722222222224
2015-11-14 00:00:00 UTC,481,-57,227827000,1.8118055555555557
2015-11-14 00:00:00 UTC,481,-60,227827000,3.3483333333333332
2015-11-14 00:00:00 UTC,481,-96,235007300,6.0047222222222221
2015-11-14 00:00:00 UTC,481,-95,235007300,8.9536111111111119
2015-11-14 00:00:00 UTC,481,-59,227474000,1.165
2015-11-14 00:00:00 UTC,481,-95,227408000,2.0022222222222226
2015-11-14 00:00:00 UTC,481,-96,227408000,0.90722222222222226
2015-11-14 00:00:00 UTC,481,-58,227397000,4.3076388888888895
2015-11-14 00:00:00 UTC,481,-63,227397000,0.83874999999999988
2015-11-14 00:00:00 UTC,481,-55,226179000,2.9475000000000002
2015-11-14 00:00:00 UTC,481,-53,226179000,0.25666666666666665
2015-11-14 00:00:00 UTC,481,-54,226179000,1.8280555555555558
2015-11-14 00:00:00 UTC,481,1405,273433540,8.6887499999999989
2015-11-14 00:00:00 UTC,481,-53,226178000,0.52055555555555566
2015-11-14 00:00:00 UTC,481,-55,226178000,1.30125
2015-11-14 00:00:00 UTC,481,-54,226178000,1.3370833333333332
2015-11-14 00:00:00 UTC,481,-57,227372000,4.3526388888888885
2015-11-14 00:00:00 UTC,481,-58,227372000,1.4945833333333334
2015-11-14 00:00:00 UTC,481,-59,227372000,2.3208333333333337
2015-11-14 00:00:00 UTC,481,-89,224299000,0.87361111111111112
2015-11-14 00:00:00 UTC,737,181,273523100,0.51722222222222225
2015-11-14 00:00:00 UTC,-543,-630,701000627,1.2115277777777778
2015-11-14 00:00:00 UTC,-543,-631,701000627,3.7559722222222223
2015-11-14 00:00:00 UTC,-543,-536,725000667,4.2194444444444432
2015-11-14 00:00:00 UTC,-287,-110,224049860,1.3644444444444446
2015-11-14 00:00:00 UTC,-287,-12,263821000,1.0225
2015-11-14 00:00:00 UTC,-287,-13,263821000,1.0970833333333334
2015-11-14 00:00:00 UTC,-287,-11,263821000,1.1533333333333333
2015-11-14 00:00:00 UTC,-287,-14,263821000,0.50458333333333338
2015-11-14 00:00:00 UTC,-31,1789,440703000,4.8305555555555557
2015-11-14 00:00:00 UTC,-31,-1534,416232500,1.3481944444444443
2015-11-14 00:00:00 UTC,-31,-1798,440339000,0.84486111111111117
2015-11-14 00:00:00 UTC,-31,-1788,441811000,4.7552777777777777
2015-11-14 00:00:00 UTC,-31,-1788,440647000,5.9809722222222224
2015-11-14 00:00:00 UTC,-31,480,212121212,2.89375
2015-11-14 00:00:00 UTC,-31,1637,416002195,1.0316666666666665
2015-11-14 00:00:00 UTC,-31,-1666,441201562,1.6272222222222221
2015-11-14 00:00:00 UTC,-31,-1579,440900000,6.5241666666666669
2015-11-14 00:00:00 UTC,-31,-1575,440900000,4.3411111111111111
2015-11-14 00:00:00 UTC,-31,-1578,440900000,0.88652777777777791
2015-11-14 00:00:00 UTC,-31,1711,440846000,4.891527777777779
2015-11-14 00:00:00 UTC,-31,1714,440654000,5.5744444444444445
2015-11-14 00:00:00 UTC,-31,-1324,412209077,0.809861111111111
2015-11-14 00:00:00 UTC,-31,-1773,441869000,4.750694444444445
2015-11-14 00:00:00 UTC,-31,-1772,441869000,2.606527777777778
2015-11-14 00:00:00 UTC,-31,1772,440781000,2.175416666666667
2015-11-14 00:00:00 UTC,-31,1773,440781000,3.8891666666666667
2015-11-14 00:00:00 UTC,-31,1774,440781000,4.9266666666666667
2015-11-14 00:00:00 UTC,-31,-1784,553111759,3.3283333333333331
2015-11-14 00:00:00 UTC,-31,-1778,553111759,0.3263888888888889
2015-11-14 00:00:00 UTC,-31,1794,440801000,3.7484722222222224
2015-11-14 00:00:00 UTC,-31,-233,441057000,1.109861111111111
2015-11-14 00:00:00 UTC,-31,-234,441057000,2.2044444444444444
2015-11-14 00:00:00 UTC,-31,-236,441057000,3.6555555555555554
2015-11-14 00:00:00 UTC,-31,-231,441057000,3.5651388888888884
2015-11-14 00:00:00 UTC,-31,-232,441057000,2.0377777777777775
2015-11-14 00:00:00 UTC,-31,-235,441057000,1.6722222222222221
2015-11-14 00:00:00 UTC,-31,-1466,416119800,0.47472222222222216
2015-11-14 00:00:00 UTC,226,1201,200013314,0.80125
2015-11-14 00:00:00 UTC,226,1202,200013314,1.0852777777777778
2015-11-14 00:00:00 UTC,226,1201,900019755,0.26625
2015-11-14 00:00:00 UTC,226,-172,242189100,2.4244444444444451
2015-11-14 00:00:00 UTC,226,1136,412462153,22.338472222222222
2015-11-14 00:00:00 UTC,226,-176,432306000,2.2262500000000003
2015-11-14 00:00:00 UTC,226,1136,412462177,3.9895833333333339
2015-11-14 00:00:00 UTC,226,1201,416003461,1.2815277777777776
2015-11-14 00:00:00 UTC,226,-227,224016530,1.5586111111111109
2015-11-14 00:00:00 UTC,226,-229,224016530,4.920694444444444
2015-11-14 00:00:00 UTC,226,-228,224016530,0.78069444444444447
2015-11-14 00:00:00 UTC,226,1201,200003772,0.45402777777777781
2015-11-14 00:00:00 UTC,226,1137,412462274,21.392777777777777
2015-11-14 00:00:00 UTC,226,-178,432503000,2.9194444444444447
2015-11-14 00:00:00 UTC,226,-179,432503000,0.86444444444444435
2015-11-14 00:00:00 UTC,226,-172,244810460,2.4290277777777778
2015-11-14 00:00:00 UTC,226,-172,242191100,2.568888888888889
2015-11-14 00:00:00 UTC,482,-58,227827000,8.7931944444444436
2015-11-14 00:00:00 UTC,482,-59,227827000,4.3981944444444441
2015-11-14 00:00:00 UTC,482,-90,235007300,7.9802777777777774
2015-11-14 00:00:00 UTC,482,-59,227474000,2.6086111111111112
2015-11-14 00:00:00 UTC,482,-61,227474000,1.2554166666666666
2015-11-14 00:00:00 UTC,482,-59,226267000,3.55
2015-11-14 00:00:00 UTC,482,-56,228827000,0.902638888888889
2015-11-14 00:00:00 UTC,482,-58,227397000,5.6076388888888893
2015-11-14 00:00:00 UTC,482,-49,227577000,0.89444444444444438
2015-11-14 00:00:00 UTC,482,-50,227577000,0.77069444444444457
2015-11-14 00:00:00 UTC,482,-48,227577000,0.37861111111111106
2015-11-14 00:00:00 UTC,482,-51,227577000,0.25944444444444448
2015-11-14 00:00:00 UTC,482,1405,273433540,2.0813888888888887
2015-11-14 00:00:00 UTC,482,-58,227372000,0.35902777777777783
2015-11-14 00:00:00 UTC,482,-57,227372000,0.89930555555555558
2015-11-14 00:00:00 UTC,482,-59,227372000,2.7098611111111115
2015-11-14 00:00:00 UTC,482,-60,227372000,1.5634722222222222
2015-11-14 00:00:00 UTC,482,-67,227145700,3.1018055555555559
2015-11-14 00:00:00 UTC,482,-92,224299000,10.855555555555556
2015-11-14 00:00:00 UTC,738,201,257056600,1.7022222222222225
2015-11-14 00:00:00 UTC,738,202,257056600,2.8675
2015-11-14 00:00:00 UTC,738,203,257056600,2.0186111111111109
2015-11-14 00:00:00 UTC,738,192,273317270,0.26111111111111107
2015-11-14 00:00:00 UTC,738,191,273317270,1.0609722222222222
2015-11-14 00:00:00 UTC,738,190,273317270,0.058888888888888886
2015-11-14 00:00:00 UTC,738,188,273317270,0.60638888888888887
2015-11-14 00:00:00 UTC,738,181,273523100,0.5147222222222223
2015-11-14 00:00:00 UTC,-542,-628,701000627,5.8787499999999993
2015-11-14 00:00:00 UTC,-542,-629,701000627,1.6758333333333333
2015-11-14 00:00:00 UTC,-542,-535,725000667,1.6790277777777773
2015-11-14 00:00:00 UTC,-286,1589,503337100,1.9479166666666665
2015-11-14 00:00:00 UTC,-286,-110,224049860,0.80208333333333337
2015-11-14 00:00:00 UTC,-286,-14,263821000,0.32625000000000004
2015-11-14 00:00:00 UTC,-286,-16,263821000,1.0084722222222222
2015-11-14 00:00:00 UTC,-286,-18,263821000,0.834861111111111
2015-11-14 00:00:00 UTC,-286,-15,263821000,1.0234722222222223
2015-11-14 00:00:00 UTC,-286,-10,263821000,1.5369444444444444
2015-11-14 00:00:00 UTC,-286,-17,263821000,0.95361111111111119
2015-11-14 00:00:00 UTC,-30,1792,455359000,6.1016666666666666
2015-11-14 00:00:00 UTC,-30,1789,440703000,0.11486111111111111
2015-11-14 00:00:00 UTC,-30,1791,440703000,1.7488888888888887
2015-11-14 00:00:00 UTC,-30,-1386,412694830,5.7838888888888889
2015-11-14 00:00:00 UTC,-30,-1534,416232500,4.6951388888888888
2015-11-14 00:00:00 UTC,-30,-1798,440339000,0.91166666666666663
2015-11-14 00:00:00 UTC,-30,-1788,441811000,2.8438888888888885
2015-11-14 00:00:00 UTC,-30,-1577,416176700,1.4374999999999996
2015-11-14 00:00:00 UTC,-30,-1576,416176700,3.5995833333333329
2015-11-14 00:00:00 UTC,-30,-1578,416176700,0.34180555555555558
2015-11-14 00:00:00 UTC,-30,1795,440648000,1.2373611111111111
2015-11-14 00:00:00 UTC,-30,1796,440648000,5.7619444444444445
2015-11-14 00:00:00 UTC,-30,1637,416002195,0.78527777777777774
2015-11-14 00:00:00 UTC,-30,-1666,441201562,4.3879166666666665
2015-11-14 00:00:00 UTC,-30,-1578,440900000,4.7038888888888888
2015-11-14 00:00:00 UTC,-30,1709,440846000,5.2358333333333329
2015-11-14 00:00:00 UTC,-30,1715,440654000,0.6776388888888889
2015-11-14 00:00:00 UTC,-30,1714,440654000,4.6586111111111119
2015-11-14 00:00:00 UTC,-30,1773,440781000,1.3905555555555558
2015-11-14 00:00:00 UTC,-30,1772,440781000,2.1358333333333333
2015-11-14 00:00:00 UTC,-30,1774,440781000,1.7254166666666664
2015-11-14 00:00:00 UTC,-30,1639,416004043,6.1172222222222228
2015-11-14 00:00:00 UTC,-30,-1787,553111759,9.2679166666666646
2015-11-14 00:00:00 UTC,-30,1793,440801000,3.05375
2015-11-14 00:00:00 UTC,-30,1795,440801000,0.33861111111111108
2015-11-14 00:00:00 UTC,-30,1794,440801000,3.1893055555555558
2015-11-14 00:00:00 UTC,-30,-228,441057000,2.7891666666666666
2015-11-14 00:00:00 UTC,-30,-233,441057000,0.5443055555555556
2015-11-14 00:00:00 UTC,-30,-1466,416119800,1.0255555555555556
2015-11-14 00:00:00 UTC,227,1201,200013314,11.376805555555556
2015-11-14 00:00:00 UTC,227,1200,900019755,0.87138888888888877
2015-11-14 00:00:00 UTC,227,-170,242189100,0.89833333333333343
2015-11-14 00:00:00 UTC,227,-172,242189100,1.5515277777777778
2015-11-14 00:00:00 UTC,227,1200,900019757,1.4580555555555554
2015-11-14 00:00:00 UTC,227,1201,900019757,0.61611111111111116
2015-11-14 00:00:00 UTC,227,-176,432306000,0.36875
2015-11-14 00:00:00 UTC,227,1200,200007041,0.55069444444444438
2015-11-14 00:00:00 UTC,227,1200,900019853,3.4652777777777777
2015-11-14 00:00:00 UTC,227,-221,224016530,0.7384722222222222
2015-11-14 00:00:00 UTC,227,-222,224016530,0.7630555555555556
2015-11-14 00:00:00 UTC,227,1201,200003772,0.76736111111111116
2015-11-14 00:00:00 UTC,227,-179,432503000,0.27097222222222223
2015-11-14 00:00:00 UTC,227,-178,432503000,1.0980555555555556
2015-11-14 00:00:00 UTC,227,1200,416059627,1.4140277777777777
2015-11-14 00:00:00 UTC,227,1201,416059627,0.64625
2015-11-14 00:00:00 UTC,227,-172,242191100,0.2598611111111111
2015-11-14 00:00:00 UTC,483,-98,228224000,6.783611111111111
2015-11-14 00:00:00 UTC,483,-1262,316023833,5.468055555555555
2015-11-14 00:00:00 UTC,483,-1261,316023833,7.2909722222222211
2015-11-14 00:00:00 UTC,483,-67,227912000,3.7168055555555553
2015-11-14 00:00:00 UTC,483,-66,227912000,2.8047222222222223
2015-11-14 00:00:00 UTC,483,-96,228221000,2.752361111111111
2015-11-14 00:00:00 UTC,483,-61,227474000,1.2108333333333334
2015-11-14 00:00:00 UTC,483,-59,227474000,3.4304166666666669
2015-11-14 00:00:00 UTC,483,-60,227474000,1.5184722222222222
2015-11-14 00:00:00 UTC,483,-62,227474000,1.2666666666666666
2015-11-14 00:00:00 UTC,483,-66,228240000,3.548055555555556
2015-11-14 00:00:00 UTC,483,-69,228240000,3.3365277777777775
2015-11-14 00:00:00 UTC,483,-67,228240000,4.3826388888888888
2015-11-14 00:00:00 UTC,483,-68,228240000,0.72930555555555554
2015-11-14 00:00:00 UTC,483,-1261,316022149,11.884166666666665
2015-11-14 00:00:00 UTC,483,-1262,316022149,6.04513888888889
2015-11-14 00:00:00 UTC,483,-55,226084000,1.4569444444444444
2015-11-14 00:00:00 UTC,483,-56,226084000,2.2984722222222222
2015-11-14 00:00:00 UTC,483,-54,226084000,0.26416666666666666
2015-11-14 00:00:00 UTC,483,-94,228020900,9.9959722222222229
2015-11-14 00:00:00 UTC,483,-51,227577000,1.0194444444444444
2015-11-14 00:00:00 UTC,483,-52,227577000,1.2404166666666667
2015-11-14 00:00:00 UTC,483,-53,227577000,0.55597222222222209
2015-11-14 00:00:00 UTC,483,1406,273433540,2.8552777777777774
2015-11-14 00:00:00 UTC,483,-58,227372000,2.1309722222222223
2015-11-14 00:00:00 UTC,483,-59,227372000,2.09
2015-11-14 00:00:00 UTC,483,-66,227145700,1.8791666666666667
2015-11-14 00:00:00 UTC,739,180,273312270,3.0854166666666671
2015-11-14 00:00:00 UTC,739,178,273312270,1.2926388888888889
2015-11-14 00:00:00 UTC,739,179,273312270,1.9800000000000002
2015-11-14 00:00:00 UTC,739,181,273312270,1.2772222222222223
2015-11-14 00:00:00 UTC,739,182,273312270,1.8329166666666663
2015-11-14 00:00:00 UTC,739,188,258410000,2.3559722222222224
2015-11-14 00:00:00 UTC,739,187,258410000,2.6263888888888891
2015-11-14 00:00:00 UTC,739,189,258410000,1.6298611111111112
2015-11-14 00:00:00 UTC,739,183,258410000,0.77111111111111119
2015-11-14 00:00:00 UTC,739,178,273552400,0.87847222222222221
2015-11-14 00:00:00 UTC,739,181,273552400,1.0234722222222221
2015-11-14 00:00:00 UTC,739,179,273552400,1.3833333333333333
2015-11-14 00:00:00 UTC,739,180,273552400,2.2969444444444442
2015-11-14 00:00:00 UTC,739,180,273550400,0.55083333333333329
2015-11-14 00:00:00 UTC,739,181,273550400,0.23916666666666667
2015-11-14 00:00:00 UTC,739,178,273550400,0.28361111111111115
2015-11-14 00:00:00 UTC,739,179,273550400,0.51736111111111116
2015-11-14 00:00:00 UTC,739,177,258984000,0.6183333333333334
2015-11-14 00:00:00 UTC,739,178,258984000,1.4470833333333333
2015-11-14 00:00:00 UTC,739,179,258984000,1.7847222222222221
2015-11-14 00:00:00 UTC,739,172,273213010,0.26125
2015-11-14 00:00:00 UTC,739,179,273213010,0.48722222222222222
2015-11-14 00:00:00 UTC,739,180,273213010,0.51013888888888892
2015-11-14 00:00:00 UTC,739,201,257056600,1.215
2015-11-14 00:00:00 UTC,739,198,257056600,0.24069444444444446
2015-11-14 00:00:00 UTC,739,200,257056600,3.0029166666666671
2015-11-14 00:00:00 UTC,739,199,257056600,2.9368055555555554
2015-11-14 00:00:00 UTC,739,179,273447010,1.4730555555555558
2015-11-14 00:00:00 UTC,739,182,273447010,1.4873611111111111
2015-11-14 00:00:00 UTC,739,181,273447010,1.2863888888888888
2015-11-14 00:00:00 UTC,739,183,273447010,0.4383333333333333
2015-11-14 00:00:00 UTC,739,180,273447010,0.85138888888888886
2015-11-14 00:00:00 UTC,739,179,273437550,0.49402777777777779
2015-11-14 00:00:00 UTC,739,177,258874000,1.067361111111111
2015-11-14 00:00:00 UTC,739,178,258874000,1.5601388888888887
2015-11-14 00:00:00 UTC,739,186,273317270,0.87625
2015-11-14 00:00:00 UTC,739,195,273317270,0.76555555555555554
2015-11-14 00:00:00 UTC,739,191,273317270,1.5211111111111111
2015-11-14 00:00:00 UTC,739,187,273317270,1.7193055555555552
2015-11-14 00:00:00 UTC,739,196,273317270,1.2901388888888887
2015-11-14 00:00:00 UTC,739,190,273317270,4.0419444444444448
2015-11-14 00:00:00 UTC,739,192,273317270,1.0030555555555556
2015-11-14 00:00:00 UTC,739,193,273317270,0.55458333333333332
2015-11-14 00:00:00 UTC,739,185,273317270,1.0393055555555555
2015-11-14 00:00:00 UTC,739,194,273317270,0.21736111111111112
2015-11-14 00:00:00 UTC,739,188,273317270,3.1819444444444436
2015-11-14 00:00:00 UTC,739,189,273317270,3.8163888888888882
2015-11-14 00:00:00 UTC,-541,-529,725004140,5.6211111111111114
2015-11-14 00:00:00 UTC,-541,-530,725004140,2.690833333333333
2015-11-14 00:00:00 UTC,-541,-532,725004140,1.6773611111111113
2015-11-14 00:00:00 UTC,-541,-528,725004140,0.72361111111111109
2015-11-14 00:00:00 UTC,-541,-630,701000627,1.6381944444444443
2015-11-14 00:00:00 UTC,-541,-535,725000667,3.8518055555555559
2015-11-14 00:00:00 UTC,-285,1588,503337100,1.4401388888888889
2015-11-14 00:00:00 UTC,-285,-110,224049860,1.3188888888888888
2015-11-14 00:00:00 UTC,-285,-19,263821000,2.5536111111111111
2015-11-14 00:00:00 UTC,-285,-8,263821000,1.5558333333333332
2015-11-14 00:00:00 UTC,-285,-16,263821000,3.18625
2015-11-14 00:00:00 UTC,-285,-17,263821000,0.98722222222222222
2015-11-14 00:00:00 UTC,-285,-18,263821000,1.2899999999999998
2015-11-14 00:00:00 UTC,-285,-20,263821000,0.36777777777777781
2015-11-14 00:00:00 UTC,-29,1792,455359000,2.1350000000000002
2015-11-14 00:00:00 UTC,-29,-1386,412694830,6.1801388888888891
2015-11-14 00:00:00 UTC,-29,-1789,441811000,6.5390277777777781
2015-11-14 00:00:00 UTC,-29,-1790,441811000,3.7440277777777782
2015-11-14 00:00:00 UTC,-29,-1575,416176700,4.7044444444444444
2015-11-14 00:00:00 UTC,-29,-1579,416176700,6.5612500000000011
2015-11-14 00:00:00 UTC,-29,-1574,416176700,3.69875
2015-11-14 00:00:00 UTC,-29,-1577,416176700,1.5665277777777775
2015-11-14 00:00:00 UTC,-29,-1576,416176700,1.1501388888888886
2015-11-14 00:00:00 UTC,-29,1796,440648000,9.2784722222222218
2015-11-14 00:00:00 UTC,-29,1797,412217989,1.4655555555555555
2015-11-14 00:00:00 UTC,-29,1638,416002195,5.3334722222222224
2015-11-14 00:00:00 UTC,-29,1705,440846000,4.3954166666666667
2015-11-14 00:00:00 UTC,-29,1707,440846000,8.24611111111111
2015-11-14 00:00:00 UTC,-29,1715,440654000,1.065
2015-11-14 00:00:00 UTC,-29,1714,440654000,5.4544444444444435
2015-11-14 00:00:00 UTC,-29,1773,440781000,3.7393055555555552
2015-11-14 00:00:00 UTC,-29,-1787,553111759,2.9347222222222222
2015-11-14 00:00:00 UTC,-29,-1278,412695760,4.7531944444444445
2015-11-14 00:00:00 UTC,-29,-1281,412695760,1.12375
2015-11-14 00:00:00 UTC,-29,-1276,412695760,5.11375
2015-11-14 00:00:00 UTC,-29,-1282,412695760,1.0245833333333334
2015-11-14 00:00:00 UTC,-29,1794,440801000,3.4108333333333332
2015-11-14 00:00:00 UTC,-29,1795,440801000,1.5275000000000003
2015-11-14 00:00:00 UTC,-29,-227,441057000,0.69444444444444453
2015-11-14 00:00:00 UTC,-29,-228,441057000,1.6018055555555555
2015-11-14 00:00:00 UTC,228,1169,412450567,1.645
2015-11-14 00:00:00 UTC,228,1200,416306463,1.0959722222222221
2015-11-14 00:00:00 UTC,228,-170,242189100,0.46805555555555556
2015-11-14 00:00:00 UTC,228,-172,242189100,1.5595833333333331
2015-11-14 00:00:00 UTC,228,1200,900019757,1.02125
2015-11-14 00:00:00 UTC,228,1200,416004194,1.9523611111111112
2015-11-14 00:00:00 UTC,228,1200,200007041,12.36375
2015-11-14 00:00:00 UTC,228,1200,900019853,2.5250000000000004
2015-11-14 00:00:00 UTC,228,1200,900019855,2.2797222222222224
2015-11-14 00:00:00 UTC,228,-223,224016530,0.83791666666666664
2015-11-14 00:00:00 UTC,228,-225,224016530,1.9619444444444443
2015-11-14 00:00:00 UTC,228,-224,224016530,1.3866666666666667
2015-11-14 00:00:00 UTC,228,-222,224016530,0.5691666666666666
2015-11-14 00:00:00 UTC,228,1168,412475308,1.7648611111111112
2015-11-14 00:00:00 UTC,228,1200,200003772,2.112222222222222
2015-11-14 00:00:00 UTC,228,-178,432503000,2.6615277777777777
2015-11-14 00:00:00 UTC,228,1200,416059627,1.546111111111111
2015-11-14 00:00:00 UTC,484,-96,228224000,17.956666666666667
2015-11-14 00:00:00 UTC,484,-1263,316023833,0.65013888888888882
2015-11-14 00:00:00 UTC,484,-1262,316023833,7.4083333333333332
2015-11-14 00:00:00 UTC,484,-77,228158000,4.0872222222222216
2015-11-14 00:00:00 UTC,484,-66,227912000,6.0150000000000006
2015-11-14 00:00:00 UTC,484,-65,227912000,0.20333333333333334
2015-11-14 00:00:00 UTC,484,-60,227474000,1.1287500000000001
2015-11-14 00:00:00 UTC,484,-61,227474000,2.5643055555555558
2015-11-14 00:00:00 UTC,484,-60,226267000,2.5791666666666666
2015-11-14 00:00:00 UTC,484,-58,226267000,9.04625
2015-11-14 00:00:00 UTC,484,-59,226267000,1.398611111111111
2015-11-14 00:00:00 UTC,484,-64,228240000,0.675
2015-11-14 00:00:00 UTC,484,-66,228240000,0.80069444444444449
2015-11-14 00:00:00 UTC,484,-65,228240000,10.712777777777777
2015-11-14 00:00:00 UTC,484,-1263,316022149,2.8680555555555554
2015-11-14 00:00:00 UTC,484,-1262,316022149,3.0841666666666669
2015-11-14 00:00:00 UTC,484,-56,226084000,1.9826388888888888
2015-11-14 00:00:00 UTC,484,-55,226084000,2.8727777777777774
2015-11-14 00:00:00 UTC,484,-93,228020900,5.9501388888888895
2015-11-14 00:00:00 UTC,484,-54,227577000,0.50569444444444445
2015-11-14 00:00:00 UTC,484,-53,227577000,0.5033333333333333
2015-11-14 00:00:00 UTC,484,-97,224792000,9.92
2015-11-14 00:00:00 UTC,484,-96,224792000,0.35402777777777777
2015-11-14 00:00:00 UTC,484,-98,224792000,0.34319444444444447
2015-11-14 00:00:00 UTC,484,-59,227372000,0.91222222222222216
2015-11-14 00:00:00 UTC,484,-58,227372000,0.46236111111111111
2015-11-14 00:00:00 UTC,484,-1261,316012260,1.0370833333333334
2015-11-14 00:00:00 UTC,484,-1262,316012260,2.166666666666667
2015-11-14 00:00:00 UTC,484,-66,227145700,2.7801388888888887
2015-11-14 00:00:00 UTC,484,-65,227145700,6.833333333333333
2015-11-14 00:00:00 UTC,484,-98,224011260,1.7343055555555555
2015-11-14 00:00:00 UTC,740,215,257582600,1.5716666666666668
2015-11-14 00:00:00 UTC,740,217,257582600,1.5788888888888888
2015-11-14 00:00:00 UTC,740,216,257582600,4.252361111111111
2015-11-14 00:00:00 UTC,740,185,273312270,0.79847222222222225
2015-11-14 00:00:00 UTC,740,176,273312270,0.5213888888888889
2015-11-14 00:00:00 UTC,740,183,273312270,1.5555555555555556
2015-11-14 00:00:00 UTC,740,179,273312270,0.58694444444444438
2015-11-14 00:00:00 UTC,740,177,273312270,0.49069444444444443
2015-11-14 00:00:00 UTC,740,181,273312270,0.7725
2015-11-14 00:00:00 UTC,740,178,273312270,0.53722222222222227
2015-11-14 00:00:00 UTC,740,184,273312270,1.9979166666666663
2015-11-14 00:00:00 UTC,740,180,273312270,0.25666666666666665
2015-11-14 00:00:00 UTC,740,182,273312270,0.52166666666666672
2015-11-14 00:00:00 UTC,740,181,258410000,0.59652777777777788
2015-11-14 00:00:00 UTC,740,192,258410000,1.5952777777777778
2015-11-14 00:00:00 UTC,740,180,258410000,2.3816666666666668
2015-11-14 00:00:00 UTC,740,182,258410000,2.4052777777777776
2015-11-14 00:00:00 UTC,740,195,258410000,1.1759722222222222
2015-11-14 00:00:00 UTC,740,176,273552400,2.0388888888888888
2015-11-14 00:00:00 UTC,740,177,273552400,1.880138888888889
2015-11-14 00:00:00 UTC,740,180,273552400,1.2959722222222221
2015-11-14 00:00:00 UTC,740,179,273552400,2.31625
2015-11-14 00:00:00 UTC,740,178,273552400,1.55375
2015-11-14 00:00:00 UTC,740,183,273552400,0.95999999999999985
2015-11-14 00:00:00 UTC,740,181,273552400,0.76375
2015-11-14 00:00:00 UTC,740,182,273552400,1.0154166666666669
2015-11-14 00:00:00 UTC,740,184,273552400,0.5606944444444445
2015-11-14 00:00:00 UTC,740,209,258186000,1.5984722222222221
2015-11-14 00:00:00 UTC,740,207,258186000,1.5155555555555555
2015-11-14 00:00:00 UTC,740,230,257247000,2.4194444444444443
2015-11-14 00:00:00 UTC,740,178,273550400,0.73083333333333333
2015-11-14 00:00:00 UTC,740,177,273550400,0.32347222222222222
2015-11-14 00:00:00 UTC,740,177,258984000,3.7770833333333336
2015-11-14 00:00:00 UTC,740,180,258984000,1.0155555555555555
2015-11-14 00:00:00 UTC,740,179,258984000,0.69847222222222216
2015-11-14 00:00:00 UTC,740,178,258984000,3.2201388888888887
2015-11-14 00:00:00 UTC,740,181,258984000,0.54166666666666663
2015-11-14 00:00:00 UTC,740,176,258984000,0.4325
2015-11-14 00:00:00 UTC,740,171,273213010,1.0802777777777777
2015-11-14 00:00:00 UTC,740,179,273213010,2.2352777777777781
2015-11-14 00:00:00 UTC,740,181,273213010,3.4643055555555553
2015-11-14 00:00:00 UTC,740,170,273213010,0.7268055555555557
2015-11-14 00:00:00 UTC,740,183,273213010,2.0869444444444447
2015-11-14 00:00:00 UTC,740,178,273213010,0.25861111111111112
2015-11-14 00:00:00 UTC,740,173,273213010,0.13624999999999998
2015-11-14 00:00:00 UTC,740,180,273213010,1.5679166666666666
2015-11-14 00:00:00 UTC,740,172,273213010,0.91708333333333336
2015-11-14 00:00:00 UTC,740,182,273213010,3.8993055555555554
2015-11-14 00:00:00 UTC,740,197,257056600,2.0080555555555555
2015-11-14 00:00:00 UTC,740,198,257056600,2.0568055555555556
2015-11-14 00:00:00 UTC,740,179,273447010,0.81986111111111115
2015-11-14 00:00:00 UTC,740,180,273447010,0.5541666666666667
2015-11-14 00:00:00 UTC,740,177,273437550,0.6125
2015-11-14 00:00:00 UTC,740,181,273437550,3.932638888888889
2015-11-14 00:00:00 UTC,740,182,273437550,4.7944444444444461
2015-11-14 00:00:00 UTC,740,179,273437550,2.402222222222222
2015-11-14 00:00:00 UTC,740,183,273437550,1.3355555555555554
2015-11-14 00:00:00 UTC,740,180,273437550,2.0848611111111106
2015-11-14 00:00:00 UTC,740,178,273437550,2.4537499999999994
2015-11-14 00:00:00 UTC,740,184,273437550,0.51569444444444446
2015-11-14 00:00:00 UTC,740,179,258874000,0.50569444444444445
2015-11-14 00:00:00 UTC,740,181,258874000,0.28916666666666668
2015-11-14 00:00:00 UTC,740,180,258874000,0.72958333333333336
2015-11-14 00:00:00 UTC,740,177,258874000,4.8970833333333346
2015-11-14 00:00:00 UTC,740,176,258874000,0.86208333333333342
2015-11-14 00:00:00 UTC,740,178,258874000,2.9425
2015-11-14 00:00:00 UTC,740,195,273317270,0.5081944444444445
2015-11-14 00:00:00 UTC,740,193,273317270,0.25666666666666665
2015-11-14 00:00:00 UTC,740,194,273317270,0.783611111111111
2015-11-14 00:00:00 UTC,740,192,273317270,0.30527777777777776
2015-11-14 00:00:00 UTC,740,208,258052000,1.5623611111111111
2015-11-14 00:00:00 UTC,740,182,273217010,3.6168055555555552
2015-11-14 00:00:00 UTC,740,175,273217010,0.47472222222222227
2015-11-14 00:00:00 UTC,740,180,273217010,1.0316666666666667
2015-11-14 00:00:00 UTC,740,181,273217010,0.98361111111111121
2015-11-14 00:00:00 UTC,740,174,273217010,0.5130555555555556
2015-11-14 00:00:00 UTC,740,179,273217010,1.0455555555555556
2015-11-14 00:00:00 UTC,740,173,273217010,0.53541666666666665
2015-11-14 00:00:00 UTC,740,171,273217010,0.51944444444444438
2015-11-14 00:00:00 UTC,740,176,273217010,0.29736111111111108
2015-11-14 00:00:00 UTC,740,183,273217010,4.6111111111111116
2015-11-14 00:00:00 UTC,740,172,273217010,0.48319444444444448
2015-11-14 00:00:00 UTC,740,184,273217010,2.6273611111111106
2015-11-14 00:00:00 UTC,740,177,273217010,0.51041666666666663
2015-11-14 00:00:00 UTC,-540,-532,725004140,0.82374999999999987
2015-11-14 00:00:00 UTC,-540,-531,725004140,3.1358333333333328
2015-11-14 00:00:00 UTC,-540,-530,725004140,2.139444444444444
2015-11-14 00:00:00 UTC,-540,-529,725004140,1.1391666666666664
2015-11-14 00:00:00 UTC,-540,-537,725000667,3.1208333333333331
2015-11-14 00:00:00 UTC,-540,-536,725000667,1.0098611111111111
2015-11-14 00:00:00 UTC,-540,-533,725000667,0.92486111111111113
2015-11-14 00:00:00 UTC,-284,-1380,412331009,6.7638888888888893
2015-11-14 00:00:00 UTC,-284,1135,503621500,1.4380555555555556
2015-11-14 00:00:00 UTC,-284,1588,503337100,3.6840277777777777
2015-11-14 00:00:00 UTC,-284,-109,224049860,0.69930555555555551
2015-11-14 00:00:00 UTC,-284,-110,224049860,0.39555555555555555
2015-11-14 00:00:00 UTC,-284,-10,263821000,3.525
2015-11-14 00:00:00 UTC,-284,-8,263821000,0.86958333333333326
2015-11-14 00:00:00 UTC,-28,-1577,412331031,2.5206944444444446
2015-11-14 00:00:00 UTC,-28,-1576,412331031,1.3208333333333333
2015-11-14 00:00:00 UTC,-28,1793,455359000,5.295
2015-11-14 00:00:00 UTC,-28,1796,440648000,1.6515277777777777
2015-11-14 00:00:00 UTC,-28,1599,431331000,0.8525
2015-11-14 00:00:00 UTC,-28,1638,416004043,6.1469444444444443
2015-11-14 00:00:00 UTC,-28,1640,416004043,10.903194444444445
2015-11-14 00:00:00 UTC,-28,-1282,412695760,0.81625
2015-11-14 00:00:00 UTC,-28,-1275,412695760,1.4452777777777777
2015-11-14 00:00:00 UTC,-28,-1800,553111771,1.4593055555555556
2015-11-14 00:00:00 UTC,-28,1795,440801000,2.5645833333333332
2015-11-14 00:00:00 UTC,-28,1794,440801000,1.0876388888888888
2015-11-14 00:00:00 UTC,-28,1793,440801000,1.4598611111111111
2015-11-14 00:00:00 UTC,-28,-228,441057000,0.73874999999999991
2015-11-14 00:00:00 UTC,-28,-229,441057000,2.8441666666666667
2015-11-14 00:00:00 UTC,-28,-227,441057000,0.36541666666666667
2015-11-14 00:00:00 UTC,-28,-1530,529686000,1.8784722222222223
2015-11-14 00:00:00 UTC,-28,-1531,529686000,4.5918055555555561
2015-11-14 00:00:00 UTC,-28,-1467,416119800,0.87930555555555556
2015-11-14 00:00:00 UTC,229,1170,412450567,1.6888888888888889
2015-11-14 00:00:00 UTC,229,-171,242189100,0.66916666666666669
2015-11-14 00:00:00 UTC,229,-172,242189100,0.13625
2015-11-14 00:00:00 UTC,229,-165,242144100,3.3176388888888888
2015-11-14 00:00:00 UTC,229,1200,900020325,1.2729166666666667
2015-11-14 00:00:00 UTC,229,1167,412460739,0.44180555555555556
2015-11-14 00:00:00 UTC,229,1166,412460739,2.1536111111111111
2015-11-14 00:00:00 UTC,229,-178,432503000,0.79569444444444448
2015-11-14 00:00:00 UTC,229,-177,432503000,1.0454166666666667
2015-11-14 00:00:00 UTC,485,-58,228033800,0.44625
2015-11-14 00:00:00 UTC,485,-57,228033800,2.1234722222222224
2015-11-14 00:00:00 UTC,485,-1263,316023833,0.47055555555555562
2015-11-14 00:00:00 UTC,485,-1262,316023833,2.6593055555555551
2015-11-14 00:00:00 UTC,485,-77,228158000,7.1681944444444445
2015-11-14 00:00:00 UTC,485,-76,228158000,7.10361111111111
2015-11-14 00:00:00 UTC,485,-58,227592000,2.3740277777777776
2015-11-14 00:00:00 UTC,485,-56,228165700,5.8379166666666666
2015-11-14 00:00:00 UTC,485,-53,228165700,0.69055555555555559
2015-11-14 00:00:00 UTC,485,-55,228165700,0.805
2015-11-14 00:00:00 UTC,485,-54,228165700,0.43388888888888888
2015-11-14 00:00:00 UTC,485,1414,273347910,11.485
2015-11-14 00:00:00 UTC,485,-60,227474000,4.4756944444444446
2015-11-14 00:00:00 UTC,485,-59,226267000,1.7679166666666666
2015-11-14 00:00:00 UTC,485,-58,226267000,3.8616666666666664
2015-11-14 00:00:00 UTC,485,-57,228039800,6.6505555555555551
2015-11-14 00:00:00 UTC,485,-58,228039800,7.0751388888888886
2015-11-14 00:00:00 UTC,485,-65,228240000,0.35277777777777775
2015-11-14 00:00:00 UTC,485,-98,224792000,1.9191666666666667
2015-11-14 00:00:00 UTC,485,-65,227145700,2.5097222222222224
2015-11-14 00:00:00 UTC,485,-64,227145700,2.0598611111111111
2015-11-14 00:00:00 UTC,485,-66,227145700,0.4275
2015-11-14 00:00:00 UTC,485,-87,250486000,15.83236111111111
2015-11-14 00:00:00 UTC,741,213,257582600,0.81375
2015-11-14 00:00:00 UTC,741,217,257582600,0.20513888888888887
2015-11-14 00:00:00 UTC,741,216,257582600,3.6752777777777781
2015-11-14 00:00:00 UTC,741,214,257582600,0.36597222222222225
2015-11-14 00:00:00 UTC,741,215,257582600,3.325277777777778
2015-11-14 00:00:00 UTC,741,195,258410000,0.96263888888888893
2015-11-14 00:00:00 UTC,741,202,258410000,0.33569444444444441
2015-11-14 00:00:00 UTC,741,178,258410000,3.2859722222222221
2015-11-14 00:00:00 UTC,741,200,258410000,0.77208333333333334
2015-11-14 00:00:00 UTC,741,198,258410000,0.79583333333333328
2015-11-14 00:00:00 UTC,741,177,273552400,2.8151388888888889
2015-11-14 00:00:00 UTC,741,174,273552400,1.1608333333333332
2015-11-14 00:00:00 UTC,741,176,273552400,0.81527777777777788
2015-11-14 00:00:00 UTC,741,175,273552400,0.70111111111111113
2015-11-14 00:00:00 UTC,741,202,258186000,0.8025
2015-11-14 00:00:00 UTC,741,209,258186000,0.89680555555555563
2015-11-14 00:00:00 UTC,741,201,258186000,0.82611111111111124
2015-11-14 00:00:00 UTC,741,230,257247000,0.7863888888888888
2015-11-14 00:00:00 UTC,741,223,257247000,1.6006944444444442
2015-11-14 00:00:00 UTC,741,176,258984000,1.13375
2015-11-14 00:00:00 UTC,741,179,258984000,0.8191666666666666
2015-11-14 00:00:00 UTC,741,178,258984000,2.335
2015-11-14 00:00:00 UTC,741,180,258984000,0.52763888888888888
2015-11-14 00:00:00 UTC,741,177,258984000,0.46847222222222223
2015-11-14 00:00:00 UTC,741,180,273213010,1.2891666666666668
2015-11-14 00:00:00 UTC,741,181,273213010,0.53972222222222221
2015-11-14 00:00:00 UTC,741,179,273213010,1.2265277777777779
2015-11-14 00:00:00 UTC,741,179,273447010,0.51902777777777787
2015-11-14 00:00:00 UTC,741,178,273447010,0.49930555555555556
2015-11-14 00:00:00 UTC,741,180,273447010,0.76861111111111113
2015-11-14 00:00:00 UTC,741,176,273437550,1.529722222222222
2015-11-14 00:00:00 UTC,741,179,273437550,0.46055555555555555
2015-11-14 00:00:00 UTC,741,177,273437550,1.2758333333333332
2015-11-14 00:00:00 UTC,741,181,273437550,0.5245833333333334
2015-11-14 00:00:00 UTC,741,180,273437550,1.4527777777777779
2015-11-14 00:00:00 UTC,741,176,258874000,2.5899999999999994
2015-11-14 00:00:00 UTC,741,178,258874000,1.1025
2015-11-14 00:00:00 UTC,741,179,258874000,0.76347222222222233
2015-11-14 00:00:00 UTC,741,180,258874000,0.2598611111111111
2015-11-14 00:00:00 UTC,741,177,258874000,0.776111111111111
2015-11-14 00:00:00 UTC,741,206,258052000,0.80013888888888884
2015-11-14 00:00:00 UTC,741,205,258052000,2.4027777777777777
2015-11-14 00:00:00 UTC,741,202,258052000,1.5684722222222223
2015-11-14 00:00:00 UTC,741,207,258052000,0.788888888888889
2015-11-14 00:00:00 UTC,741,172,273217010,0.56958333333333333
2015-11-14 00:00:00 UTC,741,181,273217010,0.51611111111111108
2015-11-14 00:00:00 UTC,741,179,273217010,1.3523611111111111
2015-11-14 00:00:00 UTC,741,174,273217010,0.26277777777777778
2015-11-14 00:00:00 UTC,741,180,273217010,1.3234722222222219
2015-11-14 00:00:00 UTC,741,177,273217010,0.23708333333333334
2015-11-14 00:00:00 UTC,741,173,273217010,0.54569444444444448
2015-11-14 00:00:00 UTC,741,171,273217010,0.47333333333333338
2015-11-14 00:00:00 UTC,741,175,273217010,0.29722222222222222
2015-11-14 00:00:00 UTC,741,176,273217010,0.48680555555555555
2015-11-14 00:00:00 UTC,-539,-533,725004140,1.2322222222222221
2015-11-14 00:00:00 UTC,-539,-532,725004140,0.54750000000000021
2015-11-14 00:00:00 UTC,-539,-535,725000667,0.32722222222222219
2015-11-14 00:00:00 UTC,-539,-534,725000667,0.37222222222222223
2015-11-14 00:00:00 UTC,-539,-533,725000667,1.4777777777777779
2015-11-14 00:00:00 UTC,-539,-536,725000667,2.6425
2015-11-14 00:00:00 UTC,-283,1135,503621500,2.5426388888888893
2015-11-14 00:00:00 UTC,-283,1134,503621500,13.25347222222222
2015-11-14 00:00:00 UTC,-283,-1381,412326799,3.8811111111111107
2015-11-14 00:00:00 UTC,-283,-109,224049860,5.5772222222222219
2015-11-14 00:00:00 UTC,-27,-1576,412331031,2.0205555555555557
2015-11-14 00:00:00 UTC,-27,1784,440935000,0.35291666666666666
2015-11-14 00:00:00 UTC,-27,1783,440935000,0.34708333333333335
2015-11-14 00:00:00 UTC,-27,1797,412217989,3.7744444444444438
2015-11-14 00:00:00 UTC,-27,1598,431331000,4.5387499999999994
2015-11-14 00:00:00 UTC,-27,1599,431331000,2.2495833333333337
2015-11-14 00:00:00 UTC,-27,1639,416004043,5.7720833333333337
2015-11-14 00:00:00 UTC,-27,-1276,412695760,1.3994444444444443
2015-11-14 00:00:00 UTC,-27,-1277,412695760,4.63875
2015-11-14 00:00:00 UTC,-27,-1282,412695760,4.2497222222222222
2015-11-14 00:00:00 UTC,-27,-1800,553111771,0.73902777777777773
2015-11-14 00:00:00 UTC,-27,-1798,553111771,7.8373611111111119
2015-11-14 00:00:00 UTC,-27,1794,440801000,3.8915277777777786
2015-11-14 00:00:00 UTC,-27,-1530,529686000,2.7623611111111108
2015-11-14 00:00:00 UTC,230,1166,800060675,3.3099999999999996
2015-11-14 00:00:00 UTC,230,1166,412441870,0.85472222222222216
2015-11-14 00:00:00 UTC,230,1168,412460561,2.4891666666666663
2015-11-14 00:00:00 UTC,230,-167,211238930,1.6852777777777777
2015-11-14 00:00:00 UTC,230,-168,211238930,1.4875
2015-11-14 00:00:00 UTC,230,1166,412470561,11.407916666666665
2015-11-14 00:00:00 UTC,230,1168,412460616,1.5069444444444444
2015-11-14 00:00:00 UTC,230,1166,412447319,2.4175
2015-11-14 00:00:00 UTC,230,1167,412447319,4.3098611111111111
2015-11-14 00:00:00 UTC,230,1167,412470109,3.0980555555555558
2015-11-14 00:00:00 UTC,230,-165,242144100,1.6854166666666668
2015-11-14 00:00:00 UTC,230,1169,412446056,11.026250000000001
2015-11-14 00:00:00 UTC,230,1170,412446056,5.825277777777778
2015-11-14 00:00:00 UTC,230,-171,224022640,3.4693055555555556
2015-11-14 00:00:00 UTC,230,-172,224022640,0.53097222222222218
2015-11-14 00:00:00 UTC,230,-169,258523000,1.1695833333333334
2015-11-14 00:00:00 UTC,230,-168,258523000,0.97083333333333344
2015-11-14 00:00:00 UTC,230,1168,412460669,3.5130555555555554
2015-11-14 00:00:00 UTC,230,1167,412470144,2.3627777777777776
2015-11-14 00:00:00 UTC,230,1168,412470144,0.9869444444444444
2015-11-14 00:00:00 UTC,230,1166,412447629,2.5018055555555554
2015-11-14 00:00:00 UTC,230,1168,412460696,1.2654166666666666
2015-11-14 00:00:00 UTC,230,1169,412460696,0.45819444444444446
2015-11-14 00:00:00 UTC,230,1166,412470429,20.050694444444442
2015-11-14 00:00:00 UTC,230,1167,412470429,2.0329166666666665
2015-11-14 00:00:00 UTC,230,1169,412460713,1.8118055555555554
2015-11-14 00:00:00 UTC,230,1168,412460713,3.94375
2015-11-14 00:00:00 UTC,230,1168,412460716,0.91152777777777771
2015-11-14 00:00:00 UTC,230,1168,412460206,4.4922222222222228
2015-11-14 00:00:00 UTC,230,1167,412460207,0.87874999999999992
2015-11-14 00:00:00 UTC,230,1168,412460207,0.97472222222222227
2015-11-14 00:00:00 UTC,230,1168,412460724,0.94916666666666671
2015-11-14 00:00:00 UTC,230,1168,997753527,3.1309722222222223
2015-11-14 00:00:00 UTC,230,1168,100704186,5.6293055555555558
2015-11-14 00:00:00 UTC,230,1167,100704186,13.213055555555556
2015-11-14 00:00:00 UTC,230,1167,412460222,4.77888888888889
2015-11-14 00:00:00 UTC,230,1168,412460737,2.3719444444444444
2015-11-14 00:00:00 UTC,230,1167,412460739,1.6137499999999998
2015-11-14 00:00:00 UTC,230,1168,412460739,1.7265277777777777
2015-11-14 00:00:00 UTC,230,1168,813022919,12.526388888888889
2015-11-14 00:00:00 UTC,230,1167,813022919,3.0923611111111113
2015-11-14 00:00:00 UTC,230,1167,412469963,3.7981944444444444
2015-11-14 00:00:00 UTC,230,1168,412469965,3.6813888888888888
2015-11-14 00:00:00 UTC,230,1167,412469971,3.3890277777777782
2015-11-14 00:00:00 UTC,230,1168,412469971,3.2727777777777778
2015-11-14 00:00:00 UTC,230,1168,412469973,0.60305555555555557
2015-11-14 00:00:00 UTC,230,1167,412469973,4.6769444444444428
2015-11-14 00:00:00 UTC,230,1169,412460758,2.0637499999999998
2015-11-14 00:00:00 UTC,230,1168,412460758,1.6787500000000002
2015-11-14 00:00:00 UTC,230,1167,412469975,1.5422222222222222
2015-11-14 00:00:00 UTC,230,-177,432503000,2.628333333333333
2015-11-14 00:00:00 UTC,230,1167,412466905,4.7856944444444451
2015-11-14 00:00:00 UTC,230,1168,412460762,0.97180555555555559
2015-11-14 00:00:00 UTC,230,1167,412469978,1.16
2015-11-14 00:00:00 UTC,230,1168,412460765,3.0119444444444445
2015-11-14 00:00:00 UTC,230,1166,200011741,5.9720833333333339
2015-11-14 00:00:00 UTC,230,1168,412470494,2.1291666666666664
2015-11-14 00:00:00 UTC,230,1167,900017119,0.41805555555555557
2015-11-14 00:00:00 UTC,230,1168,412460772,3.6022222222222222
2015-11-14 00:00:00 UTC,230,1168,412469988,5.9083333333333332
2015-11-14 00:00:00 UTC,230,1168,812460774,0.67625
2015-11-14 00:00:00 UTC,230,1168,800034535,0.7088888888888889
2015-11-14 00:00:00 UTC,230,1167,412470247,1.773611111111111
2015-11-14 00:00:00 UTC,230,1168,412460779,6.2302777777777782
2015-11-14 00:00:00 UTC,230,1168,412460781,1.4534722222222221
2015-11-14 00:00:00 UTC,230,1169,412460781,0.6991666666666666
2015-11-14 00:00:00 UTC,230,1168,800036590,10.165277777777778
2015-11-14 00:00:00 UTC,230,1168,412470513,2.8277777777777775
2015-11-14 00:00:00 UTC,230,1169,412460786,0.7040277777777777
2015-11-14 00:00:00 UTC,230,1168,412460786,1.3383333333333332
2015-11-14 00:00:00 UTC,230,1167,412470006,1.2922222222222222
2015-11-14 00:00:00 UTC,230,1168,412470009,3.4358333333333331
2015-11-14 00:00:00 UTC,230,1168,412470012,2.7377777777777781
2015-11-14 00:00:00 UTC,230,1167,412470012,4.360555555555556
2015-11-14 00:00:00 UTC,486,-58,228033800,3.2109722222222223
2015-11-14 00:00:00 UTC,486,-75,228158000,7.4643055555555549
2015-11-14 00:00:00 UTC,486,-76,228158000,0.70416666666666661
2015-11-14 00:00:00 UTC,486,-52,228165700,0.50847222222222221
2015-11-14 00:00:00 UTC,486,-60,227474000,1.441527777777778
2015-11-14 00:00:00 UTC,486,-59,226267000,1.1319444444444444
2015-11-14 00:00:00 UTC,486,-57,228039800,0.75
2015-11-14 00:00:00 UTC,486,-58,228039800,5.225138888888889
2015-11-14 00:00:00 UTC,486,-103,224186000,0.96805555555555556
2015-11-14 00:00:00 UTC,486,-104,224186000,9.3329166666666676
2015-11-14 00:00:00 UTC,486,-98,228151700,10.8725
2015-11-14 00:00:00 UTC,486,-100,228151700,7.9722222222222223
2015-11-14 00:00:00 UTC,486,-105,224780000,10.86125
2015-11-14 00:00:00 UTC,486,-65,227145700,1.3459722222222223
2015-11-14 00:00:00 UTC,486,-64,227145700,2.3124999999999996
2015-11-14 00:00:00 UTC,486,-60,226177000,1.549722222222222
2015-11-14 00:00:00 UTC,486,-59,226177000,3.3954166666666667
2015-11-14 00:00:00 UTC,486,-61,226177000,2.6072222222222221
2015-11-14 00:00:00 UTC,486,-104,224577000,22.874444444444443
2015-11-14 00:00:00 UTC,742,213,257582600,1.2504166666666667
2015-11-14 00:00:00 UTC,742,215,257582600,1.860138888888889
2015-11-14 00:00:00 UTC,742,214,257582600,2.712361111111111
2015-11-14 00:00:00 UTC,742,177,258410000,1.6330555555555555
2015-11-14 00:00:00 UTC,742,202,258410000,0.45444444444444448
2015-11-14 00:00:00 UTC,742,209,258186000,0.70180555555555557
2015-11-14 00:00:00 UTC,742,205,258186000,0.77513888888888882
2015-11-14 00:00:00 UTC,742,203,258186000,1.6009722222222222
2015-11-14 00:00:00 UTC,742,207,258186000,1.1975
2015-11-14 00:00:00 UTC,742,208,258186000,0.77902777777777776
2015-11-14 00:00:00 UTC,742,200,258186000,0.77944444444444438
2015-11-14 00:00:00 UTC,742,201,258186000,0.797361111111111
2015-11-14 00:00:00 UTC,742,206,258186000,1.1752777777777779
2015-11-14 00:00:00 UTC,742,204,258186000,2.3913888888888888
2015-11-14 00:00:00 UTC,742,227,257247000,0.94500000000000006
2015-11-14 00:00:00 UTC,742,230,257247000,0.80527777777777776
2015-11-14 00:00:00 UTC,742,228,257247000,0.66875000000000007
2015-11-14 00:00:00 UTC,742,226,257247000,3.1186111111111114
2015-11-14 00:00:00 UTC,742,177,258984000,0.62444444444444436
2015-11-14 00:00:00 UTC,742,178,258984000,0.26125
2015-11-14 00:00:00 UTC,742,227,259485000,0.77486111111111111
2015-11-14 00:00:00 UTC,742,223,259282000,2.6937499999999996
2015-11-14 00:00:00 UTC,742,176,273447010,0.5261111111111112
2015-11-14 00:00:00 UTC,742,175,273447010,0.48166666666666669
2015-11-14 00:00:00 UTC,742,174,273447010,0.9472222222222223
2015-11-14 00:00:00 UTC,742,177,273447010,0.55958333333333332
2015-11-14 00:00:00 UTC,742,165,273323130,2.747638888888889
2015-11-14 00:00:00 UTC,742,176,273433220,3.3130555555555556
2015-11-14 00:00:00 UTC,742,223,231045000,1.3519444444444444
2015-11-14 00:00:00 UTC,742,227,231045000,1.6316666666666666
2015-11-14 00:00:00 UTC,742,223,258778000,2.533611111111111
2015-11-14 00:00:00 UTC,742,226,258778000,1.5929166666666665
2015-11-14 00:00:00 UTC,742,233,259258000,1.6373611111111113
2015-11-14 00:00:00 UTC,742,229,259258000,4.7647222222222227
2015-11-14 00:00:00 UTC,742,231,259258000,2.3490277777777782
2015-11-14 00:00:00 UTC,742,232,259258000,5.3083333333333336
2015-11-14 00:00:00 UTC,742,234,259258000,1.6102777777777777
2015-11-14 00:00:00 UTC,742,230,259258000,3.9798611111111115
2015-11-14 00:00:00 UTC,742,207,258052000,0.77208333333333323
2015-11-14 00:00:00 UTC,742,222,259576000,0.92319444444444443
2015-11-14 00:00:00 UTC,742,224,259576000,0.78347222222222224
2015-11-14 00:00:00 UTC,742,223,259576000,1.6658333333333333
2015-11-14 00:00:00 UTC,742,225,259576000,2.3859722222222226
2015-11-14 00:00:00 UTC,742,228,259576000,0.75194444444444442
2015-11-14 00:00:00 UTC,742,221,259576000,0.65472222222222221
2015-11-14 00:00:00 UTC,-282,-1380,412331009,10.893749999999999
2015-11-14 00:00:00 UTC,-282,1588,503337100,5.2758333333333338
2015-11-14 00:00:00 UTC,-282,-1381,412326799,2.046388888888889
2015-11-14 00:00:00 UTC,-282,384,255501000,2.5112500000000004
2015-11-14 00:00:00 UTC,-282,383,255501000,0.29208333333333336
2015-11-14 00:00:00 UTC,-26,-1574,412331031,1.7045833333333333
2015-11-14 00:00:00 UTC,-26,-1578,412331031,2.9497222222222224
2015-11-14 00:00:00 UTC,-26,-1576,412331031,1.2829166666666665
2015-11-14 00:00:00 UTC,-26,-1577,412331031,1.4245833333333331
2015-11-14 00:00:00 UTC,-26,-1575,412331031,1.2745833333333332
2015-11-14 00:00:00 UTC,-26,1799,416574000,0.82152777777777775
2015-11-14 00:00:00 UTC,-26,1789,440935000,1.61125
2015-11-14 00:00:00 UTC,-26,1787,440935000,2.7372222222222224
2015-11-14 00:00:00 UTC,-26,1783,440935000,0.32222222222222224
2015-11-14 00:00:00 UTC,-26,1782,440935000,0.32916666666666666
2015-11-14 00:00:00 UTC,-26,1797,412217989,0.658888888888889
2015-11-14 00:00:00 UTC,-26,1798,412217989,4.0870833333333332
2015-11-14 00:00:00 UTC,-26,1638,416002195,6.090694444444444
2015-11-14 00:00:00 UTC,-26,1598,431331000,2.3844444444444441
2015-11-14 00:00:00 UTC,-26,-1282,412329426,1.9706944444444443
2015-11-14 00:00:00 UTC,-26,-1281,412329426,0.82944444444444443
2015-11-14 00:00:00 UTC,-26,-1287,412329426,2.2954166666666667
2015-11-14 00:00:00 UTC,-26,-1278,412329426,6.0293055555555553
2015-11-14 00:00:00 UTC,-26,-1279,412329426,1.163472222222222
2015-11-14 00:00:00 UTC,-26,-1799,553111771,4.8958333333333339
2015-11-14 00:00:00 UTC,231,1166,412470016,1.2391666666666667
2015-11-14 00:00:00 UTC,231,1168,412470528,4.012083333333333
2015-11-14 00:00:00 UTC,231,1171,412450567,3.3908333333333331
2015-11-14 00:00:00 UTC,231,1167,412460552,0.62486111111111109
2015-11-14 00:00:00 UTC,231,1168,412460561,0.28722222222222221
2015-11-14 00:00:00 UTC,231,1170,412460561,0.38833333333333331
2015-11-14 00:00:00 UTC,231,1169,412460561,2.0597222222222222
2015-11-14 00:00:00 UTC,231,1169,412460817,3.7495833333333333
2015-11-14 00:00:00 UTC,231,-166,211238930,0.53083333333333327
2015-11-14 00:00:00 UTC,231,-167,211238930,1.4705555555555556
2015-11-14 00:00:00 UTC,231,1169,412460819,1.0195833333333333
2015-11-14 00:00:00 UTC,231,1167,412460308,10.150277777777777
2015-11-14 00:00:00 UTC,231,1166,412470561,16.210833333333333
2015-11-14 00:00:00 UTC,231,1169,997753902,3.3919444444444444
2015-11-14 00:00:00 UTC,231,1167,412460603,1.76875
2015-11-14 00:00:00 UTC,231,1168,412460603,1.42375
2015-11-14 00:00:00 UTC,231,1169,412460093,4.2655555555555553
2015-11-14 00:00:00 UTC,231,1168,412460616,0.7959722222222223
2015-11-14 00:00:00 UTC,231,1169,412460616,2.5381944444444446
2015-11-14 00:00:00 UTC,231,1167,412447565,11.685833333333333
2015-11-14 00:00:00 UTC,231,1168,412447565,1.5444444444444445
2015-11-14 00:00:00 UTC,231,1166,412470102,3.3620833333333335
2015-11-14 00:00:00 UTC,231,1168,412447319,1.5884722222222221
2015-11-14 00:00:00 UTC,231,1167,412447319,2.3426388888888887
2015-11-14 00:00:00 UTC,231,1168,412460633,1.6148611111111111
2015-11-14 00:00:00 UTC,231,1169,412460633,4.3406944444444449
2015-11-14 00:00:00 UTC,231,1170,412460633,0.88263888888888886
2015-11-14 00:00:00 UTC,231,1168,412470109,6.565
2015-11-14 00:00:00 UTC,231,1166,412470112,1.6524999999999999
2015-11-14 00:00:00 UTC,231,1168,912470113,5.0384722222222225
2015-11-14 00:00:00 UTC,231,-165,242144100,2.9680555555555554
2015-11-14 00:00:00 UTC,231,-164,242144100,1.3463888888888889
2015-11-14 00:00:00 UTC,231,1166,412470119,1.7856944444444443
2015-11-14 00:00:00 UTC,231,-171,224022640,6.2645833333333334
2015-11-14 00:00:00 UTC,231,-172,224022640,0.27611111111111108
2015-11-14 00:00:00 UTC,231,1168,412447606,1.253611111111111
2015-11-14 00:00:00 UTC,231,1169,412447606,0.59847222222222218
2015-11-14 00:00:00 UTC,231,1167,412470134,1.33375
2015-11-14 00:00:00 UTC,231,1167,412470391,7.4775
2015-11-14 00:00:00 UTC,231,1168,412470136,3.6176388888888891
2015-11-14 00:00:00 UTC,231,1166,412470394,7.9304166666666669
2015-11-14 00:00:00 UTC,231,1168,412470395,4.1038888888888891
2015-11-14 00:00:00 UTC,231,1168,412460669,0.80222222222222228
2015-11-14 00:00:00 UTC,231,1166,412470141,4.2045833333333329
2015-11-14 00:00:00 UTC,231,1166,412470143,1.1334722222222222
2015-11-14 00:00:00 UTC,231,1168,412470144,3.544027777777778
2015-11-14 00:00:00 UTC,231,1169,412470144,1.0625
2015-11-14 00:00:00 UTC,231,1169,412446345,22.959305555555556
2015-11-14 00:00:00 UTC,231,1170,412446345,0.99888888888888894
2015-11-14 00:00:00 UTC,231,1167,101406858,1.4633333333333334
2015-11-14 00:00:00 UTC,231,1166,412447629,13.170555555555554
2015-11-14 00:00:00 UTC,231,1169,412462733,2.5527777777777776
2015-11-14 00:00:00 UTC,231,1168,412462733,2.6880555555555556
2015-11-14 00:00:00 UTC,231,1168,412470159,3.0733333333333333
2015-11-14 00:00:00 UTC,231,1167,412470422,2.2944444444444443
2015-11-14 00:00:00 UTC,231,1166,412470422,3.2386111111111107
2015-11-14 00:00:00 UTC,231,1168,412470422,0.45416666666666666
2015-11-14 00:00:00 UTC,231,1169,412460696,3.16125
2015-11-14 00:00:00 UTC,231,1168,412470171,0.39777777777777779
2015-11-14 00:00:00 UTC,231,1168,412460191,2.0025
2015-11-14 00:00:00 UTC,231,1167,412460196,4.5997222222222227
2015-11-14 00:00:00 UTC,231,1168,412460196,1.3590277777777777
2015-11-14 00:00:00 UTC,231,1167,412460709,8.8172222222222238
2015-11-14 00:00:00 UTC,231,1168,412460709,3.3065277777777782
2015-11-14 00:00:00 UTC,231,1166,412470183,4.2676388888888885
2015-11-14 00:00:00 UTC,231,1167,412460712,4.4577777777777774
2015-11-14 00:00:00 UTC,231,1169,412460713,2.3608333333333329
2015-11-14 00:00:00 UTC,231,1166,412470185,3.3984722222222223
2015-11-14 00:00:00 UTC,231,1169,412460716,4.2119444444444447
2015-11-14 00:00:00 UTC,231,1168,412460206,1.2751388888888888
2015-11-14 00:00:00 UTC,231,1169,412460207,5.2101388888888884
2015-11-14 00:00:00 UTC,231,1168,412460207,1.9452777777777777
2015-11-14 00:00:00 UTC,231,1167,412460207,0.6375
2015-11-14 00:00:00 UTC,231,1168,412470192,0.3240277777777778
2015-11-14 00:00:00 UTC,231,1168,412460721,1.0076388888888888
2015-11-14 00:00:00 UTC,231,1169,412460724,3.4834722222222219
2015-11-14 00:00:00 UTC,231,1166,412470196,3.5415277777777776
2015-11-14 00:00:00 UTC,231,1168,412470197,3.8530555555555557
2015-11-14 00:00:00 UTC,231,1168,997753784,3.0991666666666666
2015-11-14 00:00:00 UTC,231,1168,412470202,1.3115277777777778
2015-11-14 00:00:00 UTC,231,1166,412470205,3.7559722222222223
2015-11-14 00:00:00 UTC,231,1168,412460735,1.3455555555555556
2015-11-14 00:00:00 UTC,231,1169,412460735,1.7386111111111111
2015-11-14 00:00:00 UTC,231,1166,412470463,8.8755555555555574
2015-11-14 00:00:00 UTC,231,1167,412470463,1.986388888888889
2015-11-14 00:00:00 UTC,231,1168,412460737,1.7798611111111109
2015-11-14 00:00:00 UTC,231,1169,412460737,1.2580555555555555
2015-11-14 00:00:00 UTC,231,1168,412460739,1.537638888888889
2015-11-14 00:00:00 UTC,231,1167,412470214,2.9266666666666672
2015-11-14 00:00:00 UTC,231,1168,412460743,0.72513888888888889
2015-11-14 00:00:00 UTC,231,1169,412460743,7.4613888888888882
2015-11-14 00:00:00 UTC,231,1169,412460235,6.6806944444444447
2015-11-14 00:00:00 UTC,231,1169,412469963,5.356527777777778
2015-11-14 00:00:00 UTC,231,1168,412470219,2.1684722222222224
2015-11-14 00:00:00 UTC,231,1169,412469965,2.9295833333333334
2015-11-14 00:00:00 UTC,231,1168,412469965,2.1990277777777778
2015-11-14 00:00:00 UTC,231,1168,412470221,4.25625
2015-11-14 00:00:00 UTC,231,1169,412470477,2.7275
2015-11-14 00:00:00 UTC,231,1168,412470477,2.6016666666666666
2015-11-14 00:00:00 UTC,231,1167,412470223,1.4068055555555556
2015-11-14 00:00:00 UTC,231,1168,412460241,13.147916666666667
2015-11-14 00:00:00 UTC,231,1168,412469971,2.5125
2015-11-14 00:00:00 UTC,231,1168,412469973,3.1799999999999997
2015-11-14 00:00:00 UTC,231,1168,412470485,3.9011111111111108
2015-11-14 00:00:00 UTC,231,1167,412470485,7.072916666666667
2015-11-14 00:00:00 UTC,231,1169,412460758,2.7858333333333336
2015-11-14 00:00:00 UTC,231,1168,412460758,0.26722222222222225
2015-11-14 00:00:00 UTC,231,1168,412469975,5.5386111111111109
2015-11-14 00:00:00 UTC,231,-177,432503000,0.26666666666666666
2015-11-14 00:00:00 UTC,231,-176,432503000,1.6829166666666664
2015-11-14 00:00:00 UTC,231,1167,412466905,0.94486111111111115
2015-11-14 00:00:00 UTC,231,1168,412460762,1.0405555555555557
2015-11-14 00:00:00 UTC,231,1169,412460762,3.3711111111111105
2015-11-14 00:00:00 UTC,231,1168,412469978,2.8552777777777778
2015-11-14 00:00:00 UTC,231,1169,412460765,2.9791666666666665
2015-11-14 00:00:00 UTC,231,1168,200011741,2.0270833333333331
2015-11-14 00:00:00 UTC,231,1167,200011741,5.3005555555555555
2015-11-14 00:00:00 UTC,231,1168,412470494,1.4719444444444445
2015-11-14 00:00:00 UTC,231,1169,412470494,1.6623611111111112
2015-11-14 00:00:00 UTC,231,1168,900017119,1.7287499999999998
2015-11-14 00:00:00 UTC,231,1167,900017119,2.3200000000000003
2015-11-14 00:00:00 UTC,231,1169,412460259,6.4863888888888894
2015-11-14 00:00:00 UTC,231,1168,412460259,0.75638888888888889
2015-11-14 00:00:00 UTC,231,1169,412460772,0.58305555555555555
2015-11-14 00:00:00 UTC,231,1168,412460772,3.9173611111111111
2015-11-14 00:00:00 UTC,231,1169,812460774,4.8059722222222225
2015-11-14 00:00:00 UTC,231,1168,812460774,1.0643055555555556
2015-11-14 00:00:00 UTC,231,1169,412447463,0.56263888888888891
2015-11-14 00:00:00 UTC,231,1168,412447463,1.4437499999999996
2015-11-14 00:00:00 UTC,231,1168,800034535,2.2873611111111112
2015-11-14 00:00:00 UTC,231,1169,800034535,6.6663888888888883
2015-11-14 00:00:00 UTC,231,1168,412460779,1.096111111111111
2015-11-14 00:00:00 UTC,231,1169,412460781,2.51375
2015-11-14 00:00:00 UTC,231,1168,412460781,0.3125
2015-11-14 00:00:00 UTC,231,1168,412470255,6.83611111111111
2015-11-14 00:00:00 UTC,231,1168,412470001,2.8872222222222224
2015-11-14 00:00:00 UTC,231,1169,412470001,0.85291666666666677
2015-11-14 00:00:00 UTC,231,1169,412470513,3.2072222222222222
2015-11-14 00:00:00 UTC,231,1168,412460786,1.1051388888888889
2015-11-14 00:00:00 UTC,231,1169,412460786,3.0286111111111111
2015-11-14 00:00:00 UTC,231,1167,412466933,3.895833333333333
2015-11-14 00:00:00 UTC,231,1168,412470006,3.9463888888888885
2015-11-14 00:00:00 UTC,231,1168,412470262,4.5661111111111108
2015-11-14 00:00:00 UTC,231,1167,412470262,4.1298611111111105
2015-11-14 00:00:00 UTC,231,1168,412460791,0.59916666666666663
2015-11-14 00:00:00 UTC,231,1169,412460791,4.3141666666666669
2015-11-14 00:00:00 UTC,231,1168,412470009,0.49902777777777774
2015-11-14 00:00:00 UTC,231,1169,412470009,2.7805555555555554
2015-11-14 00:00:00 UTC,231,1169,412470521,3.4880555555555555
2015-11-14 00:00:00 UTC,487,-102,227412000,31.807222222222222
2015-11-14 00:00:00 UTC,487,-71,227411000,0.38805555555555554
2015-11-14 00:00:00 UTC,487,1414,273347910,9.9843055555555562
2015-11-14 00:00:00 UTC,487,1413,273347910,8.5234722222222228
2015-11-14 00:00:00 UTC,487,-106,225362000,13.190833333333332
2015-11-14 00:00:00 UTC,487,-1265,316002956,7.2368055555555575
2015-11-14 00:00:00 UTC,487,-1266,316002956,1.7795833333333333
2015-11-14 00:00:00 UTC,487,-103,224186000,1.2140277777777779
2015-11-14 00:00:00 UTC,487,-102,224186000,9.1156944444444452
2015-11-14 00:00:00 UTC,487,-58,226177000,4.053055555555555
2015-11-14 00:00:00 UTC,487,-59,226177000,5.0808333333333326
2015-11-14 00:00:00 UTC,487,-104,224577000,5.9501388888888886
2015-11-14 00:00:00 UTC,487,-87,250486000,8.93736111111111
2015-11-14 00:00:00 UTC,487,-40,228143600,8.8375
2015-11-14 00:00:00 UTC,743,215,257582600,0.52111111111111108
2015-11-14 00:00:00 UTC,743,175,273312270,0.48236111111111113
2015-11-14 00:00:00 UTC,743,207,258186000,1.5663888888888888
2015-11-14 00:00:00 UTC,743,204,258186000,1.5413888888888887
2015-11-14 00:00:00 UTC,743,205,258186000,1.0138888888888888
2015-11-14 00:00:00 UTC,743,206,258186000,0.34736111111111112
2015-11-14 00:00:00 UTC,743,203,258186000,1.8390277777777779
2015-11-14 00:00:00 UTC,743,229,258943000,0.83069444444444451
2015-11-14 00:00:00 UTC,743,230,258943000,0.73597222222222225
2015-11-14 00:00:00 UTC,743,225,258943000,0.64555555555555555
2015-11-14 00:00:00 UTC,743,226,258943000,0.9177777777777778
2015-11-14 00:00:00 UTC,743,228,257247000,2.3370833333333332
2015-11-14 00:00:00 UTC,743,229,257247000,1.5851388888888887
2015-11-14 00:00:00 UTC,743,230,257247000,2.3530555555555561
2015-11-14 00:00:00 UTC,743,242,259380000,4.1029166666666663
2015-11-14 00:00:00 UTC,743,245,259380000,0.78847222222222224
2015-11-14 00:00:00 UTC,743,244,259380000,0.77069444444444446
2015-11-14 00:00:00 UTC,743,247,259380000,3.1984722222222222
2015-11-14 00:00:00 UTC,743,248,259380000,0.7730555555555555
2015-11-14 00:00:00 UTC,743,170,258984000,0.38555555555555554
2015-11-14 00:00:00 UTC,743,171,258984000,1.445972222222222
2015-11-14 00:00:00 UTC,743,228,259485000,1.3211111111111111
2015-11-14 00:00:00 UTC,743,229,259282000,1.6097222222222223
2015-11-14 00:00:00 UTC,743,227,259282000,3.3401388888888888
2015-11-14 00:00:00 UTC,743,231,259282000,1.5841666666666667
2015-11-14 00:00:00 UTC,743,230,259282000,1.5975
2015-11-14 00:00:00 UTC,743,226,259282000,1.2856944444444445
2015-11-14 00:00:00 UTC,743,223,259282000,1.2004166666666667
2015-11-14 00:00:00 UTC,743,225,259282000,2.40125
2015-11-14 00:00:00 UTC,743,222,259282000,0.37319444444444444
2015-11-14 00:00:00 UTC,743,224,259282000,2.9876388888888887
2015-11-14 00:00:00 UTC,743,173,273447010,1.5527777777777778
2015-11-14 00:00:00 UTC,743,165,273323130,1.9206944444444445
2015-11-14 00:00:00 UTC,743,176,273433220,0.25680555555555556
2015-11-14 00:00:00 UTC,743,174,273433220,0.22680555555555554
2015-11-14 00:00:00 UTC,743,167,273433220,0.78291666666666671
2015-11-14 00:00:00 UTC,743,175,273433220,1.3190277777777777
2015-11-14 00:00:00 UTC,743,230,231045000,0.98305555555555557
2015-11-14 00:00:00 UTC,743,225,258778000,3.4029166666666666
2015-11-14 00:00:00 UTC,743,226,258778000,6.1177777777777784
2015-11-14 00:00:00 UTC,743,229,258778000,2.3837499999999996
2015-11-14 00:00:00 UTC,743,222,258778000,1.3656944444444443
2015-11-14 00:00:00 UTC,743,223,258778000,0.76874999999999993
2015-11-14 00:00:00 UTC,743,228,258778000,3.2655555555555549
2015-11-14 00:00:00 UTC,743,227,258778000,2.8681944444444447
2015-11-14 00:00:00 UTC,743,230,259258000,2.3348611111111111
2015-11-14 00:00:00 UTC,743,231,259258000,1.8140277777777778
2015-11-14 00:00:00 UTC,743,231,259576000,1.2693055555555555
2015-11-14 00:00:00 UTC,743,229,259576000,0.76694444444444443
2015-11-14 00:00:00 UTC,743,228,259576000,1.6058333333333334
2015-11-14 00:00:00 UTC,743,230,259576000,2.6793055555555556
2015-11-14 00:00:00 UTC,743,227,259576000,3.6472222222222221
2015-11-14 00:00:00 UTC,743,226,259576000,1.0643055555555556
2015-11-14 00:00:00 UTC,743,224,259576000,2.3918055555555555
2015-11-14 00:00:00 UTC,743,225,259576000,0.81513888888888886
2015-11-14 00:00:00 UTC,743,222,259576000,0.78236111111111106
2015-11-14 00:00:00 UTC,743,227,257563600,0.77916666666666667
2015-11-14 00:00:00 UTC,743,228,257563600,0.79875000000000007
2015-11-14 00:00:00 UTC,743,240,257563600,1.3422222222222222
2015-11-14 00:00:00 UTC,743,235,257563600,1.0034722222222223
2015-11-14 00:00:00 UTC,743,223,257563600,1.5998611111111112
2015-11-14 00:00:00 UTC,743,233,257563600,0.78208333333333335
2015-11-14 00:00:00 UTC,743,227,259106000,7.3070833333333329
2015-11-14 00:00:00 UTC,743,226,259106000,1.8972222222222221
2015-11-14 00:00:00 UTC,743,228,259106000,2.730833333333333
2015-11-14 00:00:00 UTC,743,224,259106000,4.0106944444444448
2015-11-14 00:00:00 UTC,743,223,259106000,2.8440277777777778
2015-11-14 00:00:00 UTC,-537,-501,440347000,1.2566666666666668
2015-11-14 00:00:00 UTC,-537,-640,701000880,0.87374999999999992
2015-11-14 00:00:00 UTC,-281,-1380,412331009,5.4063888888888885
2015-11-14 00:00:00 UTC,-281,384,224049530,2.415
2015-11-14 00:00:00 UTC,-281,-1381,412326799,1.3851388888888891
2015-11-14 00:00:00 UTC,-281,383,255501000,0.83430555555555563
2015-11-14 00:00:00 UTC,-25,1799,416574000,8.0666666666666664
2015-11-14 00:00:00 UTC,-25,1798,416574000,0.21249999999999997
2015-11-14 00:00:00 UTC,-25,-1576,412679240,1.4004166666666666
2015-11-14 00:00:00 UTC,-25,-1575,412679240,4.4504166666666665
2015-11-14 00:00:00 UTC,-25,-1577,412679240,2.0827777777777774
2015-11-14 00:00:00 UTC,-25,1787,440935000,0.083472222222222225
2015-11-14 00:00:00 UTC,-25,-188,416121700,3.722083333333333
2015-11-14 00:00:00 UTC,-25,1797,412217989,1.04
2015-11-14 00:00:00 UTC,-25,-1291,412329426,0.070972222222222214
2015-11-14 00:00:00 UTC,-25,-1290,412329426,0.7
2015-11-14 00:00:00 UTC,-25,-1288,412329426,0.47944444444444445
2015-11-14 00:00:00 UTC,-25,-1289,412329426,0.85402777777777772
2015-11-14 00:00:00 UTC,-25,-1287,412329426,0.33333333333333331
2015-11-14 00:00:00 UTC,-25,-1420,224523000,5.2470833333333333
2015-11-14 00:00:00 UTC,232,1169,412470528,2.1168055555555556
2015-11-14 00:00:00 UTC,232,1168,412460552,1.5331944444444445
2015-11-14 00:00:00 UTC,232,1167,412460552,0.60444444444444434
2015-11-14 00:00:00 UTC,232,1170,412460561,0.42444444444444446
2015-11-14 00:00:00 UTC,232,-167,211238930,1.5259722222222223
2015-11-14 00:00:00 UTC,232,-166,211238930,0.89583333333333326
2015-11-14 00:00:00 UTC,232,1169,412460819,2.1745833333333331
2015-11-14 00:00:00 UTC,232,1170,412460819,5.3269444444444449
2015-11-14 00:00:00 UTC,232,1169,412460566,0.70791666666666664
2015-11-14 00:00:00 UTC,232,1170,412460596,4.1513888888888886
2015-11-14 00:00:00 UTC,232,1169,412460596,4.1059722222222224
2015-11-14 00:00:00 UTC,232,1168,412460603,0.83097222222222222
2015-11-14 00:00:00 UTC,232,1169,412460603,0.40861111111111115
2015-11-14 00:00:00 UTC,232,1168,412460616,0.5443055555555556
2015-11-14 00:00:00 UTC,232,-164,242144100,0.21291666666666667
2015-11-14 00:00:00 UTC,232,1168,100874605,0.76111111111111107
2015-11-14 00:00:00 UTC,232,-171,224022640,3.0047222222222225
2015-11-14 00:00:00 UTC,232,-165,242186100,2.3647222222222219
2015-11-14 00:00:00 UTC,232,1170,412447606,0.41638888888888892
2015-11-14 00:00:00 UTC,232,1169,412447606,0.85291666666666677
2015-11-14 00:00:00 UTC,232,-172,258523000,1.3973611111111111
2015-11-14 00:00:00 UTC,232,-170,258523000,0.81166666666666665
2015-11-14 00:00:00 UTC,232,1169,412462733,0.834861111111111
2015-11-14 00:00:00 UTC,232,1168,412470422,9.9488888888888916
2015-11-14 00:00:00 UTC,232,1169,412460696,0.77916666666666679
2015-11-14 00:00:00 UTC,232,1170,412460696,0.27861111111111114
2015-11-14 00:00:00 UTC,232,1168,412446112,1.86625
2015-11-14 00:00:00 UTC,232,1169,412446112,5.4526388888888881
2015-11-14 00:00:00 UTC,232,1168,412460196,0.77097222222222217
2015-11-14 00:00:00 UTC,232,1170,412469414,0.6075
2015-11-14 00:00:00 UTC,232,1169,412469414,13.561111111111114
2015-11-14 00:00:00 UTC,232,1169,875422888,12.86
2015-11-14 00:00:00 UTC,232,1168,412470191,2.8754166666666667
2015-11-14 00:00:00 UTC,232,1169,412460721,0.93291666666666662
2015-11-14 00:00:00 UTC,232,1169,412460212,1.0715277777777779
2015-11-14 00:00:00 UTC,232,1168,412470197,1.3565277777777778
2015-11-14 00:00:00 UTC,232,1169,997753527,2.4686111111111111
2015-11-14 00:00:00 UTC,232,1168,997753784,0.29986111111111113
2015-11-14 00:00:00 UTC,232,1168,412470202,1.5841666666666669
2015-11-14 00:00:00 UTC,232,1168,100705211,9.0169444444444444
2015-11-14 00:00:00 UTC,232,1170,412460735,1.8706944444444444
2015-11-14 00:00:00 UTC,232,1169,412460735,2.1023611111111111
2015-11-14 00:00:00 UTC,232,1169,412460737,0.70902777777777781
2015-11-14 00:00:00 UTC,232,1169,412470477,0.91027777777777774
2015-11-14 00:00:00 UTC,232,1169,412470485,0.13916666666666666
2015-11-14 00:00:00 UTC,232,1168,412470485,9.98347222222222
2015-11-14 00:00:00 UTC,232,-176,432503000,1.8356944444444445
2015-11-14 00:00:00 UTC,232,1169,412460765,1.5175
2015-11-14 00:00:00 UTC,232,1167,200011741,4.077638888888889
2015-11-14 00:00:00 UTC,232,1168,412470494,0.25791666666666668
2015-11-14 00:00:00 UTC,232,1169,900017119,0.12513888888888888
2015-11-14 00:00:00 UTC,232,1170,412447463,0.59680555555555559
2015-11-14 00:00:00 UTC,232,1169,412447463,0.84611111111111126
2015-11-14 00:00:00 UTC,232,1168,412470503,6.8725000000000014
2015-11-14 00:00:00 UTC,232,1169,412460781,0.59902777777777783
2015-11-14 00:00:00 UTC,232,1169,412470513,1.2219444444444445
2015-11-14 00:00:00 UTC,232,1169,412460274,0.32972222222222225
2015-11-14 00:00:00 UTC,232,1169,412460786,1.5480555555555555
2015-11-14 00:00:00 UTC,232,-168,273242100,3.1222222222222227
2015-11-14 00:00:00 UTC,232,1605,416004342,5.7304166666666667
2015-11-14 00:00:00 UTC,232,1170,412460791,2.1712499999999997
2015-11-14 00:00:00 UTC,232,1168,412470521,0.95625
2015-11-14 00:00:00 UTC,488,-57,228033800,1.8056944444444447
2015-11-14 00:00:00 UTC,488,-55,228033800,0.66305555555555562
2015-11-14 00:00:00 UTC,488,-56,228033800,9.4894444444444428
2015-11-14 00:00:00 UTC,488,-58,228033800,4.5694444444444446
2015-11-14 00:00:00 UTC,488,-56,228070700,4.555
2015-11-14 00:00:00 UTC,488,-55,228070700,3.5331944444444447
2015-11-14 00:00:00 UTC,488,-54,228070700,1.1204166666666668
2015-11-14 00:00:00 UTC,488,-64,227485000,4.3809722222222227
2015-11-14 00:00:00 UTC,488,-63,227485000,1.3163888888888886
2015-11-14 00:00:00 UTC,488,-62,227485000,1.9602777777777778
2015-11-14 00:00:00 UTC,488,-105,225362000,6.4686111111111106
2015-11-14 00:00:00 UTC,488,-54,227315560,0.46847222222222223
2015-11-14 00:00:00 UTC,488,-53,227315560,6.0588888888888892
2015-11-14 00:00:00 UTC,488,-72,227366000,12.653055555555556
2015-11-14 00:00:00 UTC,488,-1266,316002956,0.90277777777777779
2015-11-14 00:00:00 UTC,488,-102,224186000,3.9894444444444446
2015-11-14 00:00:00 UTC,488,1553,273848210,6.9427777777777777
2015-11-14 00:00:00 UTC,488,-108,227588000,4.9118055555555555
2015-11-14 00:00:00 UTC,488,-106,227588000,2.443888888888889
2015-11-14 00:00:00 UTC,488,-107,227588000,4.8480555555555558
2015-11-14 00:00:00 UTC,488,-101,228020900,11.369583333333333
2015-11-14 00:00:00 UTC,488,-108,224793000,0.35541666666666671
2015-11-14 00:00:00 UTC,488,-109,224793000,10.538055555555557
2015-11-14 00:00:00 UTC,488,-18,227319780,5.9941666666666666
2015-11-14 00:00:00 UTC,488,-58,226177000,4.226805555555555
2015-11-14 00:00:00 UTC,488,-57,226177000,0.64208333333333334
2015-11-14 00:00:00 UTC,488,-40,228143600,1.0555555555555556
2015-11-14 00:00:00 UTC,488,-56,228004600,1.6366666666666667
2015-11-14 00:00:00 UTC,488,-55,228004600,2.5455555555555556
2015-11-14 00:00:00 UTC,488,-57,228004600,1.2443055555555556
2015-11-14 00:00:00 UTC,744,175,273312270,1.5777777777777775
2015-11-14 00:00:00 UTC,744,205,258186000,1.05125
2015-11-14 00:00:00 UTC,744,204,258186000,0.5741666666666666
2015-11-14 00:00:00 UTC,744,221,258943000,1.548888888888889
2015-11-14 00:00:00 UTC,744,238,259380000,1.1395833333333334
2015-11-14 00:00:00 UTC,744,241,259380000,1.6344444444444446
2015-11-14 00:00:00 UTC,744,239,259380000,2.0301388888888887
2015-11-14 00:00:00 UTC,744,243,259380000,1.5597222222222222
2015-11-14 00:00:00 UTC,744,170,258984000,0.78027777777777774
2015-11-14 00:00:00 UTC,744,230,259282000,1.5651388888888889
2015-11-14 00:00:00 UTC,744,232,259282000,1.5975000000000001
2015-11-14 00:00:00 UTC,744,234,259282000,1.5540277777777776
2015-11-14 00:00:00 UTC,744,172,273447010,1.5708333333333333
2015-11-14 00:00:00 UTC,744,389,273313640,0.23500000000000001
2015-11-14 00:00:00 UTC,744,164,273323130,1.6766666666666667
2015-11-14 00:00:00 UTC,744,174,273433220,1.6287499999999997
2015-11-14 00:00:00 UTC,744,170,273433220,0.55791666666666662
2015-11-14 00:00:00 UTC,744,169,273433220,0.76666666666666672
2015-11-14 00:00:00 UTC,744,167,273433220,0.79652777777777783
2015-11-14 00:00:00 UTC,744,232,259576000,0.81
2015-11-14 00:00:00 UTC,744,233,259576000,0.77222222222222225
2015-11-14 00:00:00 UTC,744,223,257563600,6.2805555555555559
2015-11-14 00:00:00 UTC,744,222,257563600,1.5681944444444444
2015-11-14 00:00:00 UTC,744,230,259106000,2.6213888888888892
2015-11-14 00:00:00 UTC,744,229,259106000,2.3769444444444447
2015-11-14 00:00:00 UTC,-536,-503,440347000,1.6443055555555552
2015-11-14 00:00:00 UTC,-536,-501,440347000,1.4801388888888889
2015-11-14 00:00:00 UTC,-536,-504,440347000,4.1081944444444449
2015-11-14 00:00:00 UTC,-280,384,224049530,3.587361111111111
2015-11-14 00:00:00 UTC,-280,1587,503337100,3.6909722222222223
2015-11-14 00:00:00 UTC,-280,-1381,412326799,0.72347222222222218
2015-11-14 00:00:00 UTC,-280,383,255501000,1.1101388888888888
2015-11-14 00:00:00 UTC,-24,1799,416574000,6.9266666666666659
2015-11-14 00:00:00 UTC,-24,1798,440648000,4.0688888888888881
2015-11-14 00:00:00 UTC,-24,-1574,412679240,4.3422222222222224
2015-11-14 00:00:00 UTC,-24,-1577,412679240,3.9656944444444444
2015-11-14 00:00:00 UTC,-24,-189,416121700,2.1015277777777781
2015-11-14 00:00:00 UTC,-24,-1574,416097500,0.52083333333333337
2015-11-14 00:00:00 UTC,-24,-1576,416097500,2.8400000000000003
2015-11-14 00:00:00 UTC,-24,-1575,416097500,1.8102777777777774
2015-11-14 00:00:00 UTC,233,-168,224101130,0.15847222222222224
2015-11-14 00:00:00 UTC,233,1168,412470541,3.7648611111111108
2015-11-14 00:00:00 UTC,233,-164,242045000,1.5906944444444442
2015-11-14 00:00:00 UTC,233,1167,997753952,3.3513888888888888
2015-11-14 00:00:00 UTC,233,1168,412470375,2.6355555555555554
2015-11-14 00:00:00 UTC,233,-171,224022640,0.73416666666666663
2015-11-14 00:00:00 UTC,233,-165,242186100,0.75138888888888888
2015-11-14 00:00:00 UTC,233,-164,242186100,1.1290277777777777
2015-11-14 00:00:00 UTC,233,-170,258523000,0.96458333333333335
2015-11-14 00:00:00 UTC,233,-166,258523000,0.32458333333333333
2015-11-14 00:00:00 UTC,233,-171,258523000,0.82125
2015-11-14 00:00:00 UTC,233,1169,100701337,11.049583333333334
2015-11-14 00:00:00 UTC,233,1169,875422888,4.7615277777777782
2015-11-14 00:00:00 UTC,233,1168,813022140,4.3330555555555552
2015-11-14 00:00:00 UTC,233,1168,412470477,0.42138888888888892
2015-11-14 00:00:00 UTC,233,-176,432503000,1.4744444444444444
2015-11-14 00:00:00 UTC,233,-175,432503000,1.0574999999999999
2015-11-14 00:00:00 UTC,233,1169,875421668,16.419305555555557
2015-11-14 00:00:00 UTC,233,1168,412470503,0.42902777777777779
2015-11-14 00:00:00 UTC,233,-167,273242100,0.17083333333333334
2015-11-14 00:00:00 UTC,233,-168,273242100,1.9265277777777778
2015-11-14 00:00:00 UTC,233,-169,273242100,2.3245833333333334
2015-11-14 00:00:00 UTC,489,-55,228033800,1.7568055555555555
2015-11-14 00:00:00 UTC,489,-109,224618000,3.8095833333333333
2015-11-14 00:00:00 UTC,489,-110,224618000,2.0922222222222224
2015-11-14 00:00:00 UTC,489,-110,227338000,1.945
2015-11-14 00:00:00 UTC,489,-110,224152340,7.1891666666666669
2015-11-14 00:00:00 UTC,489,-53,228203800,2.2452777777777779
2015-11-14 00:00:00 UTC,489,-54,228203800,4.9891666666666676
2015-11-14 00:00:00 UTC,489,-55,228070700,0.70277777777777772
2015-11-14 00:00:00 UTC,489,-53,228070700,4.3263888888888884
2015-11-14 00:00:00 UTC,489,-54,228070700,2.8376388888888888
2015-11-14 00:00:00 UTC,489,-52,228070700,0.78388888888888886
2015-11-14 00:00:00 UTC,489,-64,227485000,1.3830555555555555
2015-11-14 00:00:00 UTC,489,-65,227485000,3.6693055555555558
2015-11-14 00:00:00 UTC,489,1554,273892200,4.9130555555555553
2015-11-14 00:00:00 UTC,489,-106,228349800,3.4680555555555554
2015-11-14 00:00:00 UTC,489,-53,227315560,4.1941666666666659
2015-11-14 00:00:00 UTC,489,-52,227315560,4.791666666666667
2015-11-14 00:00:00 UTC,489,-71,227366000,9.6411111111111119
2015-11-14 00:00:00 UTC,489,-1266,316002956,2.9693055555555556
2015-11-14 00:00:00 UTC,489,-1267,316002956,5.5190277777777776
2015-11-14 00:00:00 UTC,489,1553,273848210,1.7651388888888888
2015-11-14 00:00:00 UTC,489,1554,273848210,5.5826388888888889
2015-11-14 00:00:00 UTC,489,-111,235215000,9.2916666666666661
2015-11-14 00:00:00 UTC,489,-71,227364000,3.7727777777777778
2015-11-14 00:00:00 UTC,489,-105,227588000,6.1234722222222224
2015-11-14 00:00:00 UTC,489,-107,227588000,0.33555555555555555
2015-11-14 00:00:00 UTC,489,-106,227588000,5.1141666666666667
2015-11-14 00:00:00 UTC,489,-55,228324000,1.0416666666666665
2015-11-14 00:00:00 UTC,489,-54,228324000,4.7513888888888882
2015-11-14 00:00:00 UTC,489,-108,224793000,2.7786111111111111
2015-11-14 00:00:00 UTC,489,-80,226243000,2.5859722222222219
2015-11-14 00:00:00 UTC,489,-69,227393000,0.55638888888888882
2015-11-14 00:00:00 UTC,489,-72,227393000,1.3562500000000002
2015-11-14 00:00:00 UTC,489,-55,228004600,6.8543055555555554
2015-11-14 00:00:00 UTC,489,-54,228004600,4.9080555555555563
2015-11-14 00:00:00 UTC,489,-53,228004600,1.1352777777777776
2015-11-14 00:00:00 UTC,489,-52,228004600,1.1638888888888888
2015-11-14 00:00:00 UTC,745,175,273312270,1.5593055555555555
2015-11-14 00:00:00 UTC,745,220,258943000,0.72513888888888889
2015-11-14 00:00:00 UTC,745,221,258943000,0.93361111111111117
2015-11-14 00:00:00 UTC,745,170,273451570,1.5759722222222221
2015-11-14 00:00:00 UTC,745,171,273447010,1.8411111111111111
2015-11-14 00:00:00 UTC,745,389,273313640,0.80833333333333335
2015-11-14 00:00:00 UTC,745,164,273323130,1.5333333333333332
2015-11-14 00:00:00 UTC,745,173,273433220,3.197222222222222
2015-11-14 00:00:00 UTC,745,174,273433220,0.54388888888888887
2015-11-14 00:00:00 UTC,745,222,257563600,2.3647222222222219
2015-11-14 00:00:00 UTC,745,223,257563600,2.8283333333333336
2015-11-14 00:00:00 UTC,-535,-502,440347000,0.58888888888888891
2015-11-14 00:00:00 UTC,-279,384,224049530,1.1515277777777779
2015-11-14 00:00:00 UTC,-279,-1382,412326799,4.3973611111111115
2015-11-14 00:00:00 UTC,-279,383,255501000,1.1843055555555555
2015-11-14 00:00:00 UTC,-279,390,255501000,3.1276388888888889
2015-11-14 00:00:00 UTC,-23,1799,416574000,3.3884722222222217
2015-11-14 00:00:00 UTC,-23,1794,412439605,1.043611111111111
2015-11-14 00:00:00 UTC,-23,-183,416121700,2.3851388888888887
2015-11-14 00:00:00 UTC,-23,-187,416121700,7.0438888888888886
2015-11-14 00:00:00 UTC,-23,-184,416121700,3.6881944444444441
2015-11-14 00:00:00 UTC,-23,1796,416836000,0.69055555555555559
2015-11-14 00:00:00 UTC,-23,-1302,412329426,1.262777777777778
2015-11-14 00:00:00 UTC,-23,-1299,412329426,2.0625
2015-11-14 00:00:00 UTC,-23,-1301,412329426,2.4455555555555555
2015-11-14 00:00:00 UTC,-23,-1574,416097500,1.29875
2015-11-14 00:00:00 UTC,-23,-1575,416097500,1.3523611111111109
2015-11-14 00:00:00 UTC,-23,-1573,416097500,1.7834722222222223
2015-11-14 00:00:00 UTC,-23,-1576,416097500,3.1277777777777778
2015-11-14 00:00:00 UTC,-23,-1572,416097500,1.8498611111111112
2015-11-14 00:00:00 UTC,234,-168,224101130,1.1072222222222221
2015-11-14 00:00:00 UTC,234,-164,242952000,2.8723611111111111
2015-11-14 00:00:00 UTC,234,-164,242045000,2.5384722222222225
2015-11-14 00:00:00 UTC,234,-170,224022640,1.6220833333333333
2015-11-14 00:00:00 UTC,234,-171,224022640,2.9688888888888889
2015-11-14 00:00:00 UTC,234,-168,258523000,0.25569444444444445
2015-11-14 00:00:00 UTC,234,-175,432503000,1.1455555555555554
2015-11-14 00:00:00 UTC,234,-167,273242100,12.493888888888891
2015-11-14 00:00:00 UTC,234,1599,416004342,6.943194444444444
2015-11-14 00:00:00 UTC,490,-111,224618000,18.755694444444444
2015-11-14 00:00:00 UTC,490,-110,227338000,0.675
2015-11-14 00:00:00 UTC,490,-109,227338000,20.459166666666668
2015-11-14 00:00:00 UTC,490,-110,224152340,4.4951388888888886
2015-11-14 00:00:00 UTC,490,-54,228203800,0.41513888888888889
2015-11-14 00:00:00 UTC,490,-52,228203800,7.8941666666666661
2015-11-14 00:00:00 UTC,490,-51,228203800,1.1305555555555555
2015-11-14 00:00:00 UTC,490,-53,228203800,1.4194444444444447
2015-11-14 00:00:00 UTC,490,-53,228070700,1.1222222222222222
2015-11-14 00:00:00 UTC,490,-52,228070700,4.9809722222222224
2015-11-14 00:00:00 UTC,490,-106,228004700,23.997222222222224
2015-11-14 00:00:00 UTC,490,1554,273892200,10.754444444444443
2015-11-14 00:00:00 UTC,490,-106,228349800,1.3723611111111111
2015-11-14 00:00:00 UTC,490,-52,227315560,2.7279166666666663
2015-11-14 00:00:00 UTC,490,-71,227366000,8.4225
2015-11-14 00:00:00 UTC,490,-89,228299900,14.097916666666666
2015-11-14 00:00:00 UTC,490,1554,273848210,8.840138888888891
2015-11-14 00:00:00 UTC,490,-112,235215000,16.764444444444443
2015-11-14 00:00:00 UTC,490,1448,273811100,2.2725
2015-11-14 00:00:00 UTC,490,-71,227364000,5.0158333333333331
2015-11-14 00:00:00 UTC,490,-70,227364000,3.5313888888888885
2015-11-14 00:00:00 UTC,490,-52,228324000,4.56
2015-11-14 00:00:00 UTC,490,-54,228324000,3.2861111111111114
2015-11-14 00:00:00 UTC,490,-53,228324000,1.898611111111111
2015-11-14 00:00:00 UTC,490,-110,224793000,6.325972222222223
2015-11-14 00:00:00 UTC,490,-111,224793000,4.13125
2015-11-14 00:00:00 UTC,490,-79,226243000,1.865
2015-11-14 00:00:00 UTC,490,-78,226243000,2.1127777777777776
2015-11-14 00:00:00 UTC,490,-69,227393000,7.445
2015-11-14 00:00:00 UTC,490,-68,227393000,6.1608333333333345
2015-11-14 00:00:00 UTC,490,-71,227393000,2.6298611111111114
2015-11-14 00:00:00 UTC,490,-70,227393000,5.515138888888889
2015-11-14 00:00:00 UTC,490,-53,228004600,4.1538888888888881
2015-11-14 00:00:00 UTC,490,-54,228004600,0.55111111111111111
2015-11-14 00:00:00 UTC,746,176,273451570,0.81361111111111117
2015-11-14 00:00:00 UTC,746,173,273451570,1.5613888888888889
2015-11-14 00:00:00 UTC,746,165,273323130,1.5901388888888888
2015-11-14 00:00:00 UTC,746,221,257563600,1.7013888888888888
2015-11-14 00:00:00 UTC,746,222,257563600,2.7181944444444444
2015-11-14 00:00:00 UTC,746,245,259244000,0.98472222222222228
2015-11-14 00:00:00 UTC,746,246,259244000,4.3768055555555554
2015-11-14 00:00:00 UTC,-534,-503,440347000,0.38638888888888889
2015-11-14 00:00:00 UTC,-534,-501,440347000,4.5434722222222224
2015-11-14 00:00:00 UTC,-534,-502,440347000,0.33888888888888891
2015-11-14 00:00:00 UTC,-278,384,224049530,0.75000000000000011
2015-11-14 00:00:00 UTC,-278,385,224049530,0.64166666666666661
2015-11-14 00:00:00 UTC,-278,390,224049530,2.9966666666666666
2015-11-14 00:00:00 UTC,-278,383,255501000,1.0523611111111111
2015-11-14 00:00:00 UTC,-278,392,255501000,4.814861111111111
2015-11-14 00:00:00 UTC,-278,391,255501000,0.89555555555555555
2015-11-14 00:00:00 UTC,-22,-1574,412331027,3.6945833333333336
2015-11-14 00:00:00 UTC,-22,-1575,412331027,4.225
2015-11-14 00:00:00 UTC,-22,-1573,412331027,2.1469444444444443
2015-11-14 00:00:00 UTC,-22,1794,412439605,4.408611111111111
2015-11-14 00:00:00 UTC,-22,1795,416017500,4.6958333333333329
2015-11-14 00:00:00 UTC,-22,-1577,412677470,4.4293055555555556
2015-11-14 00:00:00 UTC,-22,-198,412283999,1.1844444444444444
2015-11-14 00:00:00 UTC,-22,-199,412283999,1.568888888888889
2015-11-14 00:00:00 UTC,-22,-205,412283999,3.8380555555555551
2015-11-14 00:00:00 UTC,-22,-187,354747000,4.0158333333333331
2015-11-14 00:00:00 UTC,-22,1798,412217989,1.1609722222222223
2015-11-14 00:00:00 UTC,-22,-234,441060000,5.7802777777777781
2015-11-14 00:00:00 UTC,-22,1795,416836000,7.9388888888888873
2015-11-14 00:00:00 UTC,-22,1796,416836000,0.51638888888888879
2015-11-14 00:00:00 UTC,-22,1794,416836000,3.0948611111111113
2015-11-14 00:00:00 UTC,-22,-1757,553111761,0.69763888888888892
2015-11-14 00:00:00 UTC,-22,-1348,412695770,4.7326388888888884
2015-11-14 00:00:00 UTC,-22,-1347,412695770,4.69152777777778
2015-11-14 00:00:00 UTC,-22,-1573,416097500,4.5676388888888892
2015-11-14 00:00:00 UTC,-22,-1571,416097500,0.79736111111111119
2015-11-14 00:00:00 UTC,235,-168,224101130,1.1113888888888888
2015-11-14 00:00:00 UTC,235,-167,224101130,0.70500000000000007
2015-11-14 00:00:00 UTC,235,1197,415000598,1.6284722222222223
2015-11-14 00:00:00 UTC,235,-164,242963000,2.2409722222222221
2015-11-14 00:00:00 UTC,235,-165,242963000,0.51694444444444443
2015-11-14 00:00:00 UTC,235,-163,242952000,0.25444444444444447
2015-11-14 00:00:00 UTC,235,-164,242952000,5.1127777777777776
2015-11-14 00:00:00 UTC,235,-170,224022640,2.1018055555555555
2015-11-14 00:00:00 UTC,235,1196,416042165,12.927777777777781
2015-11-14 00:00:00 UTC,235,-175,432503000,1.6918055555555556
2015-11-14 00:00:00 UTC,491,-107,228349800,11.739999999999998
2015-11-14 00:00:00 UTC,491,-71,227366000,4.1179166666666669
2015-11-14 00:00:00 UTC,491,-105,228067700,1.0483333333333333
2015-11-14 00:00:00 UTC,491,-53,228337800,1.4190277777777778
2015-11-14 00:00:00 UTC,491,-55,228337800,4.6975
2015-11-14 00:00:00 UTC,491,-52,228337800,3.0658333333333334
2015-11-14 00:00:00 UTC,491,-54,228337800,1.21875
2015-11-14 00:00:00 UTC,491,-71,227364000,9.20347222222222
2015-11-14 00:00:00 UTC,491,-70,227364000,1.0202777777777778
2015-11-14 00:00:00 UTC,491,-79,226243000,1.6090277777777779
2015-11-14 00:00:00 UTC,491,-78,226243000,8.944583333333334
2015-11-14 00:00:00 UTC,747,177,273451570,1.455138888888889
2015-11-14 00:00:00 UTC,747,173,273451570,0.7038888888888889
2015-11-14 00:00:00 UTC,747,178,273451570,4.7479166666666668
2015-11-14 00:00:00 UTC,747,172,273451570,0.85083333333333333
2015-11-14 00:00:00 UTC,747,176,273451570,2.5134722222222221
2015-11-14 00:00:00 UTC,747,164,273323130,0.82652777777777775
2015-11-14 00:00:00 UTC,747,163,273323130,0.77625
2015-11-14 00:00:00 UTC,747,168,273433220,3.2404166666666665
2015-11-14 00:00:00 UTC,747,244,259244000,2.2779166666666666
2015-11-14 00:00:00 UTC,747,245,259244000,4.9702777777777776
2015-11-14 00:00:00 UTC,747,243,259244000,1.2356944444444444
2015-11-14 00:00:00 UTC,-533,-503,440347000,2.2419444444444445
2015-11-14 00:00:00 UTC,-533,-501,440347000,1.6820833333333334
2015-11-14 00:00:00 UTC,-533,-504,440347000,3.1461111111111113
2015-11-14 00:00:00 UTC,-277,392,224049530,5.1831944444444433
2015-11-14 00:00:00 UTC,-277,385,224049530,1.2625
2015-11-14 00:00:00 UTC,-277,383,255501000,0.16388888888888889
2015-11-14 00:00:00 UTC,-277,384,255501000,1.0006944444444446
2015-11-14 00:00:00 UTC,-21,-1040,349052425,2.9319444444444454
2015-11-14 00:00:00 UTC,-21,-1041,349052425,7.1977777777777776
2015-11-14 00:00:00 UTC,-21,-1573,412331027,7.5811111111111114
2015-11-14 00:00:00 UTC,-21,1795,416017500,4.4543055555555551
2015-11-14 00:00:00 UTC,-21,-1576,412677470,2.7238888888888888
2015-11-14 00:00:00 UTC,-21,-198,412283999,1.9569444444444444
2015-11-14 00:00:00 UTC,-21,-206,412283999,1.5401388888888889
2015-11-14 00:00:00 UTC,-21,-205,412283999,3.3620833333333331
2015-11-14 00:00:00 UTC,-21,-202,412283999,3.8906944444444447
2015-11-14 00:00:00 UTC,-21,-207,412283999,2.3445833333333335
2015-11-14 00:00:00 UTC,-21,-199,412283999,4.1384722222222221
2015-11-14 00:00:00 UTC,-21,-1757,553111761,0.50680555555555551
2015-11-14 00:00:00 UTC,-21,-1756,553111761,12.317500000000004
2015-11-14 00:00:00 UTC,-21,-1347,412695770,3.1345833333333335
2015-11-14 00:00:00 UTC,-21,-1571,416097500,0.84583333333333344
2015-11-14 00:00:00 UTC,-21,-1572,416097500,3.1244444444444444
2015-11-14 00:00:00 UTC,236,-165,242147100,5.1609722222222221
2015-11-14 00:00:00 UTC,236,-164,242147100,1.2081944444444443
2015-11-14 00:00:00 UTC,236,-164,242963000,0.97694444444444439
2015-11-14 00:00:00 UTC,236,-1535,367338850,1.9941666666666666
2015-11-14 00:00:00 UTC,236,-1536,367338850,1.0783333333333334
2015-11-14 00:00:00 UTC,236,-160,242174100,0.28222222222222226
2015-11-14 00:00:00 UTC,236,-175,432503000,1.3354166666666667
2015-11-14 00:00:00 UTC,236,-161,273528800,17.979583333333334
2015-11-14 00:00:00 UTC,236,1176,412446178,11.300555555555555
2015-11-14 00:00:00 UTC,236,1177,412446178,17.183611111111112
2015-11-14 00:00:00 UTC,236,1598,416004342,5.885
2015-11-14 00:00:00 UTC,492,-64,228174600,0.26166666666666666
2015-11-14 00:00:00 UTC,492,-53,228021600,0.7713888888888889
2015-11-14 00:00:00 UTC,492,-52,228021600,6.5813888888888883
2015-11-14 00:00:00 UTC,492,-105,228067700,1.7384722222222222
2015-11-14 00:00:00 UTC,492,-57,228337800,0.74708333333333332
2015-11-14 00:00:00 UTC,492,-55,228337800,1.2230555555555556
2015-11-14 00:00:00 UTC,492,-56,228337800,1.1045833333333333
2015-11-14 00:00:00 UTC,492,-26,235069065,1.5131944444444443
2015-11-14 00:00:00 UTC,492,-27,235069065,1.6661111111111109
2015-11-14 00:00:00 UTC,492,1450,273811100,6.3847222222222229
2015-11-14 00:00:00 UTC,492,-71,227364000,0.5163888888888889
2015-11-14 00:00:00 UTC,492,-79,226243000,4.842777777777779
2015-11-14 00:00:00 UTC,492,-1272,316014803,0.51013888888888892
2015-11-14 00:00:00 UTC,748,175,273451570,0.78444444444444439
2015-11-14 00:00:00 UTC,748,256,259109000,1.7511111111111111
2015-11-14 00:00:00 UTC,748,254,259109000,3.1681944444444445
2015-11-14 00:00:00 UTC,748,253,259109000,0.86416666666666664
2015-11-14 00:00:00 UTC,748,255,259109000,4.71875
2015-11-14 00:00:00 UTC,748,240,259244000,2.9612499999999997
2015-11-14 00:00:00 UTC,748,243,259244000,0.82388888888888889
2015-11-14 00:00:00 UTC,748,242,259244000,3.6383333333333328
2015-11-14 00:00:00 UTC,-532,-504,440347000,1.5523611111111111
2015-11-14 00:00:00 UTC,-276,385,224049530,0.50805555555555548
2015-11-14 00:00:00 UTC,-276,386,224049530,1.111388888888889
2015-11-14 00:00:00 UTC,-276,387,224049530,0.65819444444444453
2015-11-14 00:00:00 UTC,-276,384,255501000,1.4808333333333334
2015-11-14 00:00:00 UTC,-20,-1047,349052425,1.9324999999999997
2015-11-14 00:00:00 UTC,-20,-1048,349052425,0.58875
2015-11-14 00:00:00 UTC,-20,1795,416017500,4.13625
2015-11-14 00:00:00 UTC,-20,-1576,412677470,1.2670833333333333
2015-11-14 00:00:00 UTC,-20,-1575,412677470,8.2109722222222228
2015-11-14 00:00:00 UTC,-20,-230,441060000,3.5331944444444443
2015-11-14 00:00:00 UTC,-20,-239,441060000,4.5155555555555553
2015-11-14 00:00:00 UTC,-20,1777,440504000,4.9148611111111116
2015-11-14 00:00:00 UTC,-20,-1348,412695770,0.86319444444444449
2015-11-14 00:00:00 UTC,-20,-1349,412695770,3.5615277777777776
2015-11-14 00:00:00 UTC,-20,-1347,412695770,1.4995833333333335
2015-11-14 00:00:00 UTC,237,-165,242147100,0.56722222222222229
2015-11-14 00:00:00 UTC,237,-164,242147100,2.2045833333333333
2015-11-14 00:00:00 UTC,237,-163,242147100,0.46236111111111111
2015-11-14 00:00:00 UTC,237,-164,242963000,0.85625
2015-11-14 00:00:00 UTC,237,-163,242963000,0.18763888888888888
2015-11-14 00:00:00 UTC,237,-1536,367338850,6.72375
2015-11-14 00:00:00 UTC,237,1176,412447642,13.608194444444441
2015-11-14 00:00:00 UTC,237,1177,412444888,14.315833333333332
2015-11-14 00:00:00 UTC,237,-175,432503000,1.2890277777777777
2015-11-14 00:00:00 UTC,493,-93,224384000,0.13333333333333333
2015-11-14 00:00:00 UTC,493,-65,228174600,1.0358333333333334
2015-11-14 00:00:00 UTC,493,-64,228174600,0.26166666666666666
2015-11-14 00:00:00 UTC,493,-114,228067700,2.4068055555555552
2015-11-14 00:00:00 UTC,493,-104,228067700,5.7625
2015-11-14 00:00:00 UTC,493,-54,228337800,1.6180555555555558
2015-11-14 00:00:00 UTC,493,-53,228337800,5.2155555555555555
2015-11-14 00:00:00 UTC,493,-27,235069065,2.3047222222222219
2015-11-14 00:00:00 UTC,493,-26,235069065,0.16180555555555556
2015-11-14 00:00:00 UTC,493,-1270,316014803,1.2409722222222224
2015-11-14 00:00:00 UTC,493,-1272,316014803,0.69722222222222219
2015-11-14 00:00:00 UTC,493,-1271,316014803,0.34291666666666665
2015-11-14 00:00:00 UTC,493,-1273,316014803,2.0638888888888887
2015-11-14 00:00:00 UTC,749,176,259616000,0.73555555555555552
2015-11-14 00:00:00 UTC,749,174,259616000,3.3154166666666667
2015-11-14 00:00:00 UTC,749,175,259616000,1.2141666666666668
2015-11-14 00:00:00 UTC,749,169,273451570,0.8
2015-11-14 00:00:00 UTC,749,174,273451570,1.0551388888888888
2015-11-14 00:00:00 UTC,749,160,273323130,0.62902777777777785
2015-11-14 00:00:00 UTC,749,161,273323130,0.95277777777777772
2015-11-14 00:00:00 UTC,749,253,259109000,2.76875
2015-11-14 00:00:00 UTC,-275,387,224049530,1.1120833333333333
2015-11-14 00:00:00 UTC,-275,385,255501000,1.0472222222222223
2015-11-14 00:00:00 UTC,-275,384,255501000,0.540138888888889
2015-11-14 00:00:00 UTC,-275,386,255501000,1.936666666666667
2015-11-14 00:00:00 UTC,-275,-297,224545000,0.96263888888888882
2015-11-14 00:00:00 UTC,-19,-1569,412679240,4.7636111111111106
2015-11-14 00:00:00 UTC,-19,-232,441060000,1.6193055555555556
2015-11-14 00:00:00 UTC,-19,-240,441060000,1.2490277777777776
2015-11-14 00:00:00 UTC,-19,-230,441060000,0.8486111111111112
2015-11-14 00:00:00 UTC,-19,-237,441060000,4.0966666666666667
2015-11-14 00:00:00 UTC,-19,-231,441060000,2.1547222222222224
2015-11-14 00:00:00 UTC,-19,1776,440504000,1.7522222222222219
2015-11-14 00:00:00 UTC,-19,-1347,412695770,5.3976388888888893
2015-11-14 00:00:00 UTC,-19,1788,416243700,0.2540277777777778
2015-11-14 00:00:00 UTC,238,-166,224101130,3.0995833333333334
2015-11-14 00:00:00 UTC,238,-165,224101130,11.834444444444447
2015-11-14 00:00:00 UTC,238,1177,416059688,2.6409722222222221
2015-11-14 00:00:00 UTC,238,-162,242963000,1.38625
2015-11-14 00:00:00 UTC,238,-164,242963000,1.110138888888889
2015-11-14 00:00:00 UTC,238,-163,242963000,3.7055555555555557
2015-11-14 00:00:00 UTC,238,-164,242167000,0.81375
2015-11-14 00:00:00 UTC,238,-163,242167000,1.8608333333333331
2015-11-14 00:00:00 UTC,238,1177,412444888,0.9786111111111111
2015-11-14 00:00:00 UTC,238,1178,412444888,0.9622222222222222
2015-11-14 00:00:00 UTC,238,1597,416004342,1.5797222222222222
2015-11-14 00:00:00 UTC,494,-110,250001676,8.9441666666666677
2015-11-14 00:00:00 UTC,494,-109,250001676,2.778888888888889
2015-11-14 00:00:00 UTC,494,-60,227391000,1.2829166666666667
2015-11-14 00:00:00 UTC,494,-59,227391000,0.51625
2015-11-14 00:00:00 UTC,494,-62,227391000,1.6136111111111111
2015-11-14 00:00:00 UTC,494,-61,227391000,2.3483333333333336
2015-11-14 00:00:00 UTC,494,-4,227945000,1.8536111111111113
2015-11-14 00:00:00 UTC,494,-5,227945000,1.7152777777777779
2015-11-14 00:00:00 UTC,494,-62,227347000,2.0069444444444446
2015-11-14 00:00:00 UTC,494,-61,227347000,3.9952777777777779
2015-11-14 00:00:00 UTC,494,-60,227347000,2.6061111111111108
2015-11-14 00:00:00 UTC,494,-113,226045000,10.439166666666667
2015-11-14 00:00:00 UTC,494,-108,228067700,6.3044444444444441
2015-11-14 00:00:00 UTC,494,-109,228067700,2.5308333333333333
2015-11-14 00:00:00 UTC,494,-72,228190600,1.9840277777777779
2015-11-14 00:00:00 UTC,494,-73,228190600,1.8080555555555555
2015-11-14 00:00:00 UTC,494,-4,226202000,0.55694444444444446
2015-11-14 00:00:00 UTC,494,-5,226202000,0.46333333333333332
2015-11-14 00:00:00 UTC,494,-59,228378000,1.3015277777777778
2015-11-14 00:00:00 UTC,494,-4,227938000,2.329444444444444
2015-11-14 00:00:00 UTC,494,-5,227938000,2.5980555555555553
2015-11-14 00:00:00 UTC,494,-5,227554000,4.2151388888888883
2015-11-14 00:00:00 UTC,494,-6,227554000,1.0393055555555557
2015-11-14 00:00:00 UTC,494,-4,227554000,1.2358333333333333
2015-11-14 00:00:00 UTC,494,-1273,316014803,0.72472222222222216
2015-11-14 00:00:00 UTC,494,-114,227532000,1.5529166666666667
2015-11-14 00:00:00 UTC,494,1546,273564400,13.000000000000002
2015-11-14 00:00:00 UTC,750,177,259616000,7.0481944444444444
2015-11-14 00:00:00 UTC,750,174,259616000,3.8826388888888888
2015-11-14 00:00:00 UTC,750,169,273451570,0.84361111111111109
2015-11-14 00:00:00 UTC,750,390,273313640,0.037777777777777771
2015-11-14 00:00:00 UTC,-274,387,224049530,3.87375
2015-11-14 00:00:00 UTC,-274,386,255501000,1.3718055555555557
2015-11-14 00:00:00 UTC,-274,385,255501000,0.5147222222222223
2015-11-14 00:00:00 UTC,-274,798,224556000,0.70041666666666669
2015-11-14 00:00:00 UTC,-274,797,224556000,0.67777777777777781
2015-11-14 00:00:00 UTC,-274,799,224556000,1.0984722222222223
2015-11-14 00:00:00 UTC,-274,-297,224545000,0.21263888888888891
2015-11-14 00:00:00 UTC,-274,-301,224545000,0.58194444444444438
2015-11-14 00:00:00 UTC,-274,-298,224545000,0.88694444444444431
2015-11-14 00:00:00 UTC,-274,-302,224545000,0.54861111111111116
2015-11-14 00:00:00 UTC,-18,1784,455360000,0.79875
2015-11-14 00:00:00 UTC,-18,-1055,730048000,0.73333333333333339
2015-11-14 00:00:00 UTC,-18,-1571,412679240,6.1476388888888893
2015-11-14 00:00:00 UTC,-18,1787,416243700,1.0952777777777776
2015-11-14 00:00:00 UTC,-18,1788,416243700,2.445
2015-11-14 00:00:00 UTC,239,-164,242963000,6.9177777777777774
2015-11-14 00:00:00 UTC,239,-165,242963000,3.0222222222222221
2015-11-14 00:00:00 UTC,239,1179,412890001,0.016666666666666666
2015-11-14 00:00:00 UTC,239,1182,412452812,7.7426388888888891
2015-11-14 00:00:00 UTC,239,-163,242167000,1.7952777777777778
2015-11-14 00:00:00 UTC,239,-164,242149100,2.2111111111111108
2015-11-14 00:00:00 UTC,239,-162,242149100,0.27208333333333334
2015-11-14 00:00:00 UTC,239,1597,416004342,5.2341666666666669
2015-11-14 00:00:00 UTC,495,-3,235089665,2.7234722222222221
2015-11-14 00:00:00 UTC,495,-4,235089665,10.877500000000003
2015-11-14 00:00:00 UTC,495,-47,228213000,2.1161111111111111
2015-11-14 00:00:00 UTC,495,-49,228213000,2.0201388888888889
2015-11-14 00:00:00 UTC,495,-48,228213000,3.6954166666666666
2015-11-14 00:00:00 UTC,495,-46,218325000,0.80236111111111108
2015-11-14 00:00:00 UTC,495,-45,218325000,0.52916666666666667
2015-11-14 00:00:00 UTC,495,-47,218325000,0.23347222222222219
2015-11-14 00:00:00 UTC,495,-44,218325000,1.0626388888888889
2015-11-14 00:00:00 UTC,495,-109,250001676,0.35180555555555554
2015-11-14 00:00:00 UTC,495,-108,250001676,0.33847222222222217
2015-11-14 00:00:00 UTC,495,-7,235011340,5.2629166666666665
2015-11-14 00:00:00 UTC,495,-5,235011340,1.2218055555555558
2015-11-14 00:00:00 UTC,495,-8,235011340,0.79444444444444451
2015-11-14 00:00:00 UTC,495,-6,235011340,16.170000000000005
2015-11-14 00:00:00 UTC,495,-4,233450000,3.0506944444444448
2015-11-14 00:00:00 UTC,495,-3,233450000,3.2031944444444442
2015-11-14 00:00:00 UTC,495,-7,233450000,0.1373611111111111
2015-11-14 00:00:00 UTC,495,-6,233450000,3.3722222222222218
2015-11-14 00:00:00 UTC,495,-5,233450000,2.4630555555555551
2015-11-14 00:00:00 UTC,495,-60,227391000,1.2834722222222221
2015-11-14 00:00:00 UTC,495,-61,227391000,0.5195833333333334
2015-11-14 00:00:00 UTC,495,-59,227391000,2.0602777777777774
2015-11-14 00:00:00 UTC,495,-58,227391000,2.601666666666667
2015-11-14 00:00:00 UTC,495,-57,227391000,1.5926388888888887
2015-11-14 00:00:00 UTC,495,-5,235099931,6.0640277777777785
2015-11-14 00:00:00 UTC,495,-4,235099931,2.330138888888889
2015-11-14 00:00:00 UTC,495,-6,235099931,14.710000000000006
2015-11-14 00:00:00 UTC,495,-6,235014687,19.922777777777778
2015-11-14 00:00:00 UTC,495,-5,235014687,2.0359722222222221
2015-11-14 00:00:00 UTC,495,-4,235014687,1.0281944444444446
2015-11-14 00:00:00 UTC,495,-5,232005920,9.71263888888889
2015-11-14 00:00:00 UTC,495,-5,227945000,1.3283333333333334
2015-11-14 00:00:00 UTC,495,-8,227945000,7.0234722222222237
2015-11-14 00:00:00 UTC,495,-9,227945000,7.09138888888889
2015-11-14 00:00:00 UTC,495,-6,227945000,2.0948611111111113
2015-11-14 00:00:00 UTC,495,-7,227945000,2.3152777777777778
2015-11-14 00:00:00 UTC,495,-59,227347000,2.8479166666666664
2015-11-14 00:00:00 UTC,495,-60,227347000,0.28069444444444447
2015-11-14 00:00:00 UTC,495,-58,227347000,1.075
2015-11-14 00:00:00 UTC,495,-5,232627000,6.2783333333333342
2015-11-14 00:00:00 UTC,495,-6,232627000,4.0186111111111114
2015-11-14 00:00:00 UTC,495,-3,232627000,0.37652777777777779
2015-11-14 00:00:00 UTC,495,-7,232627000,4.0336111111111119
2015-11-14 00:00:00 UTC,495,-4,232627000,9.3319444444444475
2015-11-14 00:00:00 UTC,495,-53,235001921,0.8355555555555555
2015-11-14 00:00:00 UTC,495,-59,227485000,0.76986111111111111
2015-11-14 00:00:00 UTC,495,-58,227485000,1.2815277777777776
2015-11-14 00:00:00 UTC,495,-112,226045000,3.6284722222222223
2015-11-14 00:00:00 UTC,495,-49,228045900,5.299722222222222
2015-11-14 00:00:00 UTC,495,-65,227314000,2.0919444444444446
2015-11-14 00:00:00 UTC,495,-64,227314000,1.5348611111111112
2015-11-14 00:00:00 UTC,495,-63,227314000,3.9362500000000002
2015-11-14 00:00:00 UTC,495,-62,227314000,0.3873611111111111
2015-11-14 00:00:00 UTC,495,-6,228850000,3.69375
2015-11-14 00:00:00 UTC,495,-8,228850000,0.25444444444444447
2015-11-14 00:00:00 UTC,495,-7,228850000,1.5623611111111111
2015-11-14 00:00:00 UTC,495,-5,235095634,3.8631944444444453
2015-11-14 00:00:00 UTC,495,-7,235095634,1.2938888888888889
2015-11-14 00:00:00 UTC,495,-4,235095634,6.4459722222222231
2015-11-14 00:00:00 UTC,495,-8,235095634,2.5945833333333339
2015-11-14 00:00:00 UTC,495,-6,235095634,1.2980555555555555
2015-11-14 00:00:00 UTC,495,-4,235007570,5.4918055555555556
2015-11-14 00:00:00 UTC,495,-3,235007570,18.46819444444445
2015-11-14 00:00:00 UTC,495,-112,228067700,4.3298611111111107
2015-11-14 00:00:00 UTC,495,-56,227312000,0.51708333333333334
2015-11-14 00:00:00 UTC,495,-59,227312000,6.1077777777777769
2015-11-14 00:00:00 UTC,495,-57,227312000,1.579722222222222
2015-11-14 00:00:00 UTC,495,-60,227312000,1.1412499999999999
2015-11-14 00:00:00 UTC,495,-58,227312000,2.3693055555555556
2015-11-14 00:00:00 UTC,495,-72,228190600,3.1551388888888887
2015-11-14 00:00:00 UTC,495,-61,228378000,1.0452777777777778
2015-11-14 00:00:00 UTC,495,-57,228378000,2.31625
2015-11-14 00:00:00 UTC,495,-59,228378000,3.8809722222222218
2015-11-14 00:00:00 UTC,495,-58,228378000,2.6088888888888886
2015-11-14 00:00:00 UTC,495,-60,228378000,2.8330555555555552
2015-11-14 00:00:00 UTC,495,-56,228378000,1.0669444444444443
2015-11-14 00:00:00 UTC,495,-5,232005530,15.333055555555562
2015-11-14 00:00:00 UTC,495,-4,232005530,6.3641666666666676
2015-11-14 00:00:00 UTC,495,-6,232005530,1.0455555555555556
2015-11-14 00:00:00 UTC,495,-3,232005530,0.68430555555555561
2015-11-14 00:00:00 UTC,495,-3,235103644,8.2633333333333354
2015-11-14 00:00:00 UTC,495,-6,235103644,2.8670833333333334
2015-11-14 00:00:00 UTC,495,-4,235103644,1.3227777777777776
2015-11-14 00:00:00 UTC,495,-5,235103644,1.0405555555555557
2015-11-14 00:00:00 UTC,495,-6,235000480,5.105
2015-11-14 00:00:00 UTC,495,-7,235000480,6.4762499999999985
2015-11-14 00:00:00 UTC,495,-8,235000480,5.8156944444444445
2015-11-14 00:00:00 UTC,495,-5,235000480,6.658611111111111
2015-11-14 00:00:00 UTC,495,-113,227512000,5.887083333333333
2015-11-14 00:00:00 UTC,495,-114,227512000,13.333055555555557
2015-11-14 00:00:00 UTC,495,-47,227469000,1.9502777777777778
2015-11-14 00:00:00 UTC,495,-49,227469000,2.6140277777777778
2015-11-14 00:00:00 UTC,495,-48,227469000,5.5018055555555554
2015-11-14 00:00:00 UTC,495,-7,227938000,1.9969444444444444
2015-11-14 00:00:00 UTC,495,-6,227938000,7.8709722222222247
2015-11-14 00:00:00 UTC,495,-5,227938000,4.2354166666666666
2015-11-14 00:00:00 UTC,495,-8,227554000,2.6091666666666669
2015-11-14 00:00:00 UTC,495,-5,227554000,0.91388888888888886
2015-11-14 00:00:00 UTC,495,-9,227554000,1.3052777777777778
2015-11-14 00:00:00 UTC,495,-10,227554000,1.5738888888888889
2015-11-14 00:00:00 UTC,495,-11,227554000,3.1091666666666669
2015-11-14 00:00:00 UTC,495,-7,227554000,3.1608333333333336
2015-11-14 00:00:00 UTC,495,-12,227554000,1.3920833333333333
2015-11-14 00:00:00 UTC,495,-6,227554000,1.6524999999999999
2015-11-14 00:00:00 UTC,495,-6,235097047,19.392916666666668
2015-11-14 00:00:00 UTC,495,-7,235097047,4.7222222222222223
2015-11-14 00:00:00 UTC,495,-114,227532000,12.046666666666667
2015-11-14 00:00:00 UTC,495,-47,227468000,2.2938888888888886
2015-11-14 00:00:00 UTC,495,-48,227468000,4.607499999999999
2015-11-14 00:00:00 UTC,495,-49,227468000,0.79833333333333334
2015-11-14 00:00:00 UTC,495,-48,228321000,0.772361111111111
2015-11-14 00:00:00 UTC,495,-50,228321000,0.53166666666666673
2015-11-14 00:00:00 UTC,495,-49,228321000,1.5820833333333333
2015-11-14 00:00:00 UTC,495,-5,235004140,0.80208333333333326
2015-11-14 00:00:00 UTC,495,-4,235004140,5.0024999999999995
2015-11-14 00:00:00 UTC,495,-3,235004140,0.77125
2015-11-14 00:00:00 UTC,495,-114,227926000,21.011388888888888
2015-11-14 00:00:00 UTC,495,-3,235068406,7.5902777777777786
2015-11-14 00:00:00 UTC,495,-5,235068406,4.6298611111111123
2015-11-14 00:00:00 UTC,495,-4,235068406,11.273333333333335
2015-11-14 00:00:00 UTC,751,175,259616000,2.3065277777777777
2015-11-14 00:00:00 UTC,751,173,259616000,2.3869444444444445
2015-11-14 00:00:00 UTC,751,174,259616000,2.4104166666666664
2015-11-14 00:00:00 UTC,751,163,273451570,1.6433333333333335
2015-11-14 00:00:00 UTC,751,390,273313640,0.90444444444444438
2015-11-14 00:00:00 UTC,751,159,273323130,0.76291666666666669
2015-11-14 00:00:00 UTC,751,158,273323130,0.20972222222222225
2015-11-14 00:00:00 UTC,751,399,273357560,2.0595833333333333
2015-11-14 00:00:00 UTC,751,398,273357560,0.79736111111111119
2015-11-14 00:00:00 UTC,751,396,273357560,2.5112499999999995
2015-11-14 00:00:00 UTC,751,397,273357560,1.8834722222222222
2015-11-14 00:00:00 UTC,-273,793,224556000,0.51930555555555558
2015-11-14 00:00:00 UTC,-273,796,224556000,0.72222222222222221
2015-11-14 00:00:00 UTC,-273,794,224556000,0.65680555555555564
2015-11-14 00:00:00 UTC,-273,795,224556000,1.0970833333333334
2015-11-14 00:00:00 UTC,-273,800,224556000,1.7205555555555558
2015-11-14 00:00:00 UTC,-273,-299,224545000,1.0309722222222222
2015-11-14 00:00:00 UTC,-273,-300,224545000,0.68902777777777779
2015-11-14 00:00:00 UTC,-273,-296,224545000,2.3823611111111109
2015-11-14 00:00:00 UTC,-17,1783,455360000,2.1280555555555556
2015-11-14 00:00:00 UTC,-17,-1054,730048000,3.6565277777777778
2015-11-14 00:00:00 UTC,-17,-1055,730048000,3.5922222222222224
2015-11-14 00:00:00 UTC,-17,-1047,730048000,4.4108333333333336
2015-11-14 00:00:00 UTC,-17,-1574,412331031,3.1498611111111114
2015-11-14 00:00:00 UTC,-17,-1571,412331031,2.0968055555555556
2015-11-14 00:00:00 UTC,-17,-1572,412331031,0.77486111111111111
2015-11-14 00:00:00 UTC,-17,1795,412926000,2.3234722222222226
2015-11-14 00:00:00 UTC,-17,-1406,441251000,10.456944444444444
2015-11-14 00:00:00 UTC,-17,-1404,441251000,4.5070833333333331
2015-11-14 00:00:00 UTC,-17,-1402,441251000,1.8748611111111111
2015-11-14 00:00:00 UTC,-17,-1405,441251000,2.1755555555555546
2015-11-14 00:00:00 UTC,240,-165,242963000,0.28513888888888889
2015-11-14 00:00:00 UTC,240,1196,412450643,4.1976388888888891
2015-11-14 00:00:00 UTC,240,1182,412444771,0.97277777777777774
2015-11-14 00:00:00 UTC,240,1183,412452973,15.837222222222222
2015-11-14 00:00:00 UTC,240,1181,412452973,5.7588888888888885
2015-11-14 00:00:00 UTC,240,1183,412452812,1.5894444444444442
2015-11-14 00:00:00 UTC,240,1182,412452812,0.98861111111111111
2015-11-14 00:00:00 UTC,240,-162,242167000,1.0363888888888888
2015-11-14 00:00:00 UTC,240,-164,242149100,1.5684722222222223
2015-11-14 00:00:00 UTC,496,-44,228213000,5.4255555555555564
2015-11-14 00:00:00 UTC,496,-46,228213000,2.0538888888888889
2015-11-14 00:00:00 UTC,496,-45,228213000,3.3302777777777779
2015-11-14 00:00:00 UTC,496,-47,228213000,3.5763888888888884
2015-11-14 00:00:00 UTC,496,-48,228213000,1.2911111111111111
2015-11-14 00:00:00 UTC,496,-44,218325000,0.51875
2015-11-14 00:00:00 UTC,496,-43,218325000,0.51305555555555549
2015-11-14 00:00:00 UTC,496,-47,218325000,1.7829166666666665
2015-11-14 00:00:00 UTC,496,-108,250001676,1.9024999999999999
2015-11-14 00:00:00 UTC,496,-111,250001676,6.5070833333333331
2015-11-14 00:00:00 UTC,496,-112,250001676,2.5941666666666667
2015-11-14 00:00:00 UTC,496,-7,235011340,0.51208333333333333
2015-11-14 00:00:00 UTC,496,-7,233450000,2.2591666666666668
2015-11-14 00:00:00 UTC,496,-4,227423000,3.925416666666667
2015-11-14 00:00:00 UTC,496,-3,227423000,5.4184722222222215
2015-11-14 00:00:00 UTC,496,-5,235014687,0.12611111111111112
2015-11-14 00:00:00 UTC,496,-6,235014687,0.81180555555555545
2015-11-14 00:00:00 UTC,496,-39,232006960,2.464722222222222
2015-11-14 00:00:00 UTC,496,-38,232006960,1.095
2015-11-14 00:00:00 UTC,496,-48,227358000,16.554027777777776
2015-11-14 00:00:00 UTC,496,-26,235001140,0.6627777777777778
2015-11-14 00:00:00 UTC,496,-16,227091000,0.50708333333333333
2015-11-14 00:00:00 UTC,496,-47,244563000,1.5312499999999998
2015-11-14 00:00:00 UTC,496,-55,235001921,1.3459722222222223
2015-11-14 00:00:00 UTC,496,-52,235001921,2.6563888888888885
2015-11-14 00:00:00 UTC,496,-53,235001921,7.2529166666666658
2015-11-14 00:00:00 UTC,496,-54,235001921,1.6941666666666666
2015-11-14 00:00:00 UTC,496,-57,227485000,0.78222222222222215
2015-11-14 00:00:00 UTC,496,-58,227485000,0.53013888888888894
2015-11-14 00:00:00 UTC,496,-111,226045000,6.330972222222222
2015-11-14 00:00:00 UTC,496,-46,228045900,5.5390277777777772
2015-11-14 00:00:00 UTC,496,-47,228045900,4.066527777777778
2015-11-14 00:00:00 UTC,496,-61,227314000,3.869166666666668
2015-11-14 00:00:00 UTC,496,-59,227314000,1.7980555555555555
2015-11-14 00:00:00 UTC,496,-63,227314000,0.2533333333333333
2015-11-14 00:00:00 UTC,496,-60,227314000,4.9156944444444441
2015-11-14 00:00:00 UTC,496,-62,227314000,3.7468055555555555
2015-11-14 00:00:00 UTC,496,-54,227312000,2.0013888888888891
2015-11-14 00:00:00 UTC,496,-55,227312000,2.420694444444444
2015-11-14 00:00:00 UTC,496,-56,227312000,3.2458333333333336
2015-11-14 00:00:00 UTC,496,-58,227312000,2.3202777777777777
2015-11-14 00:00:00 UTC,496,-57,227312000,2.2556944444444449
2015-11-14 00:00:00 UTC,496,-72,228190600,2.1461111111111113
2015-11-14 00:00:00 UTC,496,-16,228215700,0.7911111111111111
2015-11-14 00:00:00 UTC,496,-44,228264600,1.887777777777778
2015-11-14 00:00:00 UTC,496,-42,228264600,0.54569444444444448
2015-11-14 00:00:00 UTC,496,-43,228264600,1.4608333333333332
2015-11-14 00:00:00 UTC,496,-3,235103644,0.42416666666666669
2015-11-14 00:00:00 UTC,496,-113,227513000,1.8909722222222223
2015-11-14 00:00:00 UTC,496,-16,228222900,0.26430555555555557
2015-11-14 00:00:00 UTC,496,-113,227512000,8.5748611111111117
2015-11-14 00:00:00 UTC,496,-44,227469000,1.1027777777777779
2015-11-14 00:00:00 UTC,496,-46,227469000,5.8138888888888891
2015-11-14 00:00:00 UTC,496,-45,227469000,4.2676388888888894
2015-11-14 00:00:00 UTC,496,-47,227469000,2.5070833333333336
2015-11-14 00:00:00 UTC,496,1412,273819100,7.4541666666666666
2015-11-14 00:00:00 UTC,496,1417,273819100,7.1009722222222216
2015-11-14 00:00:00 UTC,496,1414,273819100,8.5208333333333339
2015-11-14 00:00:00 UTC,496,-113,227532000,6.3488888888888892
2015-11-14 00:00:00 UTC,496,-114,227532000,4.3155555555555551
2015-11-14 00:00:00 UTC,496,-47,227468000,5.5436111111111108
2015-11-14 00:00:00 UTC,496,-45,227468000,5.2650000000000006
2015-11-14 00:00:00 UTC,496,-48,227468000,1.0533333333333335
2015-11-14 00:00:00 UTC,496,-46,227468000,3.99125
2015-11-14 00:00:00 UTC,496,-48,228321000,5.0334722222222217
2015-11-14 00:00:00 UTC,496,-47,228321000,4.6837500000000007
2015-11-14 00:00:00 UTC,496,-44,228321000,0.82902777777777781
2015-11-14 00:00:00 UTC,496,-45,228321000,4.6440277777777785
2015-11-14 00:00:00 UTC,496,-46,228321000,3.6919444444444447
2015-11-14 00:00:00 UTC,496,-49,228321000,1.2958333333333332
2015-11-14 00:00:00 UTC,496,-8,227414000,5.487222222222222
2015-11-14 00:00:00 UTC,496,-114,227926000,3.096111111111111
2015-11-14 00:00:00 UTC,752,280,259562000,4.6819444444444445
2015-11-14 00:00:00 UTC,752,281,259562000,0.35069444444444448
2015-11-14 00:00:00 UTC,752,399,275171000,2.4463888888888894
2015-11-14 00:00:00 UTC,752,401,275171000,3.1415277777777777
2015-11-14 00:00:00 UTC,752,400,275171000,3.2002777777777776
2015-11-14 00:00:00 UTC,752,396,273357560,1.5784722222222221
2015-11-14 00:00:00 UTC,752,397,273357560,5.4036111111111129
2015-11-14 00:00:00 UTC,752,398,273357560,6.0866666666666678
2015-11-14 00:00:00 UTC,752,400,273357560,0.79138888888888892
2015-11-14 00:00:00 UTC,-528,-623,224369000,8.4225000000000012
2015-11-14 00:00:00 UTC,-272,882,224016000,0.76999999999999991
2015-11-14 00:00:00 UTC,-272,881,224016000,0.95791666666666675
2015-11-14 00:00:00 UTC,-272,1624,413322690,4.477777777777777
2015-11-14 00:00:00 UTC,-272,1625,413322690,0.75402777777777774
2015-11-14 00:00:00 UTC,-272,791,224556000,1.0129166666666667
2015-11-14 00:00:00 UTC,-272,800,224556000,3.2068055555555555
2015-11-14 00:00:00 UTC,-272,793,224556000,0.51958333333333329
2015-11-14 00:00:00 UTC,-272,792,224556000,1.0819444444444444
2015-11-14 00:00:00 UTC,-16,814,431796000,10.430277777777778
2015-11-14 00:00:00 UTC,-16,813,431796000,9.0208333333333339
2015-11-14 00:00:00 UTC,-16,1798,412926000,1.6141666666666667
2015-11-14 00:00:00 UTC,-16,1796,412926000,3.6358333333333333
2015-11-14 00:00:00 UTC,241,1181,412444678,7.579305555555556
2015-11-14 00:00:00 UTC,241,1181,412444184,2.2577777777777777
2015-11-14 00:00:00 UTC,241,1182,412444184,0.88083333333333336
2015-11-14 00:00:00 UTC,241,-160,242147100,4.8005555555555546
2015-11-14 00:00:00 UTC,241,-161,242147100,0.5066666666666666
2015-11-14 00:00:00 UTC,241,1183,412444965,1.0183333333333335
2015-11-14 00:00:00 UTC,241,1182,412444965,0.60986111111111119
2015-11-14 00:00:00 UTC,241,1181,412444719,4.9184722222222224
2015-11-14 00:00:00 UTC,241,1182,412452658,1.4975
2015-11-14 00:00:00 UTC,241,1183,412452658,7.2025000000000015
2015-11-14 00:00:00 UTC,241,1182,412444731,1.0518055555555557
2015-11-14 00:00:00 UTC,241,1196,412450643,2.4491666666666667
2015-11-14 00:00:00 UTC,241,1196,412451155,10.00625
2015-11-14 00:00:00 UTC,241,1182,412444513,0.37236111111111114
2015-11-14 00:00:00 UTC,241,1184,412450673,1.6022222222222222
2015-11-14 00:00:00 UTC,241,1183,412450673,0.7745833333333334
2015-11-14 00:00:00 UTC,241,1182,412444551,6.8566666666666665
2015-11-14 00:00:00 UTC,241,1182,412444562,0.52819444444444441
2015-11-14 00:00:00 UTC,241,1183,412444562,0.41527777777777775
2015-11-14 00:00:00 UTC,241,1204,416002982,1.545
2015-11-14 00:00:00 UTC,241,1182,412445111,4.7052777777777779
2015-11-14 00:00:00 UTC,241,1182,412444619,5.3133333333333335
2015-11-14 00:00:00 UTC,241,1183,412452812,5.4406944444444436
2015-11-14 00:00:00 UTC,241,1183,412452053,20.845833333333331
2015-11-14 00:00:00 UTC,241,1472,416220900,6.4151388888888885
2015-11-14 00:00:00 UTC,497,-42,218325000,1.7830555555555554
2015-11-14 00:00:00 UTC,497,-46,218325000,1.2826388888888889
2015-11-14 00:00:00 UTC,497,-48,218325000,0.77430555555555569
2015-11-14 00:00:00 UTC,497,-45,218325000,1.2902777777777779
2015-11-14 00:00:00 UTC,497,-43,218325000,0.51680555555555552
2015-11-14 00:00:00 UTC,497,-47,218325000,3.6045833333333337
2015-11-14 00:00:00 UTC,497,-4,227423000,2.8694444444444449
2015-11-14 00:00:00 UTC,497,-3,227423000,7.1315277777777784
2015-11-14 00:00:00 UTC,497,-2,227423000,4.0490277777777779
2015-11-14 00:00:00 UTC,497,-39,232006960,1.315
2015-11-14 00:00:00 UTC,497,-38,232006960,1.8443055555555556
2015-11-14 00:00:00 UTC,497,-37,232006960,0.82444444444444442
2015-11-14 00:00:00 UTC,497,-27,235001140,1.7115277777777775
2015-11-14 00:00:00 UTC,497,-26,235001140,3.0004166666666667
2015-11-14 00:00:00 UTC,497,-42,244563000,0.2575
2015-11-14 00:00:00 UTC,497,-55,244563000,0.25402777777777774
2015-11-14 00:00:00 UTC,497,-45,244563000,0.52055555555555544
2015-11-14 00:00:00 UTC,497,-46,244563000,2.0545833333333334
2015-11-14 00:00:00 UTC,497,-47,244563000,4.3755555555555556
2015-11-14 00:00:00 UTC,497,-43,244563000,1.7938888888888889
2015-11-14 00:00:00 UTC,497,-56,244563000,1.5340277777777778
2015-11-14 00:00:00 UTC,497,-48,244563000,0.2583333333333333
2015-11-14 00:00:00 UTC,497,-44,244563000,0.25569444444444445
2015-11-14 00:00:00 UTC,497,-57,244563000,2.2941666666666665
2015-11-14 00:00:00 UTC,497,-56,245811000,0.53597222222222229
2015-11-14 00:00:00 UTC,497,-46,245811000,0.76611111111111108
2015-11-14 00:00:00 UTC,497,-47,245811000,1.0527777777777778
2015-11-14 00:00:00 UTC,497,-57,245811000,0.76125
2015-11-14 00:00:00 UTC,497,-52,235001921,3.5929166666666674
2015-11-14 00:00:00 UTC,497,-56,235001921,0.2738888888888889
2015-11-14 00:00:00 UTC,497,-53,235001921,2.4629166666666671
2015-11-14 00:00:00 UTC,497,-54,235001921,1.1011111111111109
2015-11-14 00:00:00 UTC,497,-55,235001921,1.8854166666666665
2015-11-14 00:00:00 UTC,497,-112,232006490,11.684166666666666
2015-11-14 00:00:00 UTC,497,-72,228190600,4.4761111111111109
2015-11-14 00:00:00 UTC,497,-16,228215700,6.5083333333333346
2015-11-14 00:00:00 UTC,497,-17,228215700,3.9091666666666671
2015-11-14 00:00:00 UTC,497,-18,228215700,1.3070833333333334
2015-11-14 00:00:00 UTC,497,-42,228264600,0.79
2015-11-14 00:00:00 UTC,497,-41,228264600,3.4037499999999996
2015-11-14 00:00:00 UTC,497,-112,227513000,8.6147222222222233
2015-11-14 00:00:00 UTC,497,-113,227513000,6.39
2015-11-14 00:00:00 UTC,497,-18,228222900,1.2240277777777777
2015-11-14 00:00:00 UTC,497,-17,228222900,4.04375
2015-11-14 00:00:00 UTC,497,-16,228222900,6.5330555555555527
2015-11-14 00:00:00 UTC,497,-15,228222900,0.26666666666666666
2015-11-14 00:00:00 UTC,497,-112,224011990,10.139166666666668
2015-11-14 00:00:00 UTC,497,-46,228321000,0.26375
2015-11-14 00:00:00 UTC,497,-47,228321000,0.52083333333333337
2015-11-14 00:00:00 UTC,497,-8,227414000,1.5980555555555553
2015-11-14 00:00:00 UTC,497,-112,227209970,7.0602777777777792
2015-11-14 00:00:00 UTC,753,278,259562000,0.77763888888888888
2015-11-14 00:00:00 UTC,753,279,259562000,1.5848611111111111
2015-11-14 00:00:00 UTC,753,276,259562000,1.04375
2015-11-14 00:00:00 UTC,753,280,259562000,0.5197222222222222
2015-11-14 00:00:00 UTC,753,281,259562000,0.015833333333333335
2015-11-14 00:00:00 UTC,753,277,259562000,1.5247222222222221
2015-11-14 00:00:00 UTC,753,395,275455000,4.7680555555555548
2015-11-14 00:00:00 UTC,753,392,275455000,3.1572222222222224
2015-11-14 00:00:00 UTC,753,393,275455000,2.3200000000000003
2015-11-14 00:00:00 UTC,753,394,275455000,2.3968055555555559
2015-11-14 00:00:00 UTC,753,403,275444000,3.2605555555555559
2015-11-14 00:00:00 UTC,753,158,273451570,1.2743055555555556
2015-11-14 00:00:00 UTC,753,392,273313640,0.70930555555555552
2015-11-14 00:00:00 UTC,753,397,275171000,0.8043055555555555
2015-11-14 00:00:00 UTC,753,399,275171000,0.69930555555555551
2015-11-14 00:00:00 UTC,753,398,275171000,0.78486111111111112
2015-11-14 00:00:00 UTC,753,180,259457000,2.4830555555555556
2015-11-14 00:00:00 UTC,753,178,259457000,1.3465277777777778
2015-11-14 00:00:00 UTC,-271,881,224016000,0.872361111111111
2015-11-14 00:00:00 UTC,-271,882,224016000,0.34180555555555558
2015-11-14 00:00:00 UTC,-271,883,224016000,0.69791666666666674
2015-11-14 00:00:00 UTC,-15,-1678,9102875,0.597361111111111
2015-11-14 00:00:00 UTC,-15,-1677,9102875,4.733888888888889
2015-11-14 00:00:00 UTC,-15,1797,412926000,2.0848611111111111
2015-11-14 00:00:00 UTC,-15,-1569,412677470,4.3659722222222221
2015-11-14 00:00:00 UTC,-15,-1402,441251000,4.7854166666666664
2015-11-14 00:00:00 UTC,-15,1774,440504000,4.752361111111111
2015-11-14 00:00:00 UTC,242,1182,412447745,0.33527777777777779
2015-11-14 00:00:00 UTC,242,1181,412447745,0.175
2015-11-14 00:00:00 UTC,242,1182,412444678,2.7969444444444442
2015-11-14 00:00:00 UTC,242,1182,412444423,0.82041666666666657
2015-11-14 00:00:00 UTC,242,1204,416002318,1.7194444444444446
2015-11-14 00:00:00 UTC,242,1182,412444184,1.8795833333333332
2015-11-14 00:00:00 UTC,242,-160,242147100,0.61930555555555555
2015-11-14 00:00:00 UTC,242,1181,412447775,3.4002777777777777
2015-11-14 00:00:00 UTC,242,1182,412447775,0.943888888888889
2015-11-14 00:00:00 UTC,242,1184,412450595,8.3766666666666669
2015-11-14 00:00:00 UTC,242,1183,412444965,0.63930555555555557
2015-11-14 00:00:00 UTC,242,1203,416002094,0.97472222222222227
2015-11-14 00:00:00 UTC,242,1204,416002094,3.8616666666666672
2015-11-14 00:00:00 UTC,242,1181,412444719,0.85041666666666671
2015-11-14 00:00:00 UTC,242,1182,412444209,12.878888888888893
2015-11-14 00:00:00 UTC,242,1183,412444209,1.2472222222222222
2015-11-14 00:00:00 UTC,242,1182,412444721,4.7840277777777773
2015-11-14 00:00:00 UTC,242,1183,412452658,5.6755555555555564
2015-11-14 00:00:00 UTC,242,1182,412444726,1.0152777777777777
2015-11-14 00:00:00 UTC,242,1182,412444727,5.314861111111111
2015-11-14 00:00:00 UTC,242,1182,412444474,0.95527777777777789
2015-11-14 00:00:00 UTC,242,1182,412444475,11.568194444444444
2015-11-14 00:00:00 UTC,242,1182,412444731,1.6583333333333334
2015-11-14 00:00:00 UTC,242,1181,412444736,4.4491666666666667
2015-11-14 00:00:00 UTC,242,1181,412444739,12.328333333333333
2015-11-14 00:00:00 UTC,242,1182,412444761,0.48833333333333334
2015-11-14 00:00:00 UTC,242,1182,412445019,0.85652777777777778
2015-11-14 00:00:00 UTC,242,1203,900016732,1.83375
2015-11-14 00:00:00 UTC,242,1204,900016732,1.8204166666666668
2015-11-14 00:00:00 UTC,242,1182,412444765,4.9018055555555557
2015-11-14 00:00:00 UTC,242,1204,416458592,0.45083333333333342
2015-11-14 00:00:00 UTC,242,1203,416458592,0.4301388888888889
2015-11-14 00:00:00 UTC,242,1182,412444513,4.0509722222222226
2015-11-14 00:00:00 UTC,242,1184,412450673,3.3222222222222224
2015-11-14 00:00:00 UTC,242,1182,412444788,5.2844444444444445
2015-11-14 00:00:00 UTC,242,1181,412444789,0.32180555555555557
2015-11-14 00:00:00 UTC,242,1182,412444789,4.003333333333333
2015-11-14 00:00:00 UTC,242,1203,416458613,0.26944444444444443
2015-11-14 00:00:00 UTC,242,1182,412444796,4.2023611111111112
2015-11-14 00:00:00 UTC,242,1181,412444799,4.0331944444444439
2015-11-14 00:00:00 UTC,242,1182,412444799,2.7231944444444447
2015-11-14 00:00:00 UTC,242,1182,412444811,1.5530555555555554
2015-11-14 00:00:00 UTC,242,1182,412444814,4.9177777777777791
2015-11-14 00:00:00 UTC,242,1204,416003471,0.13013888888888889
2015-11-14 00:00:00 UTC,242,1183,412459929,11.123611111111112
2015-11-14 00:00:00 UTC,242,1182,412444834,4.7411111111111115
2015-11-14 00:00:00 UTC,242,1203,416008866,1.0447222222222221
2015-11-14 00:00:00 UTC,242,1183,412444836,4.4609722222222228
2015-11-14 00:00:00 UTC,242,1182,412444836,1.1454166666666667
2015-11-14 00:00:00 UTC,242,1182,412444326,2.80125
2015-11-14 00:00:00 UTC,242,1204,416002982,0.74958333333333338
2015-11-14 00:00:00 UTC,242,1203,416002982,2.2736111111111112
2015-11-14 00:00:00 UTC,242,1182,412444593,1.5858333333333334
2015-11-14 00:00:00 UTC,242,1183,412444593,5.5715277777777779
2015-11-14 00:00:00 UTC,242,1182,412444598,2.8276388888888886
2015-11-14 00:00:00 UTC,242,1182,412445111,2.4994444444444444
2015-11-14 00:00:00 UTC,242,1183,412445111,2.6045833333333333
2015-11-14 00:00:00 UTC,242,1204,416451004,2.4476388888888891
2015-11-14 00:00:00 UTC,242,1183,512494526,11.255972222222223
2015-11-14 00:00:00 UTC,242,1205,416002755,3.36875
2015-11-14 00:00:00 UTC,242,1204,416002755,6.6404166666666651
2015-11-14 00:00:00 UTC,242,1183,412444879,2.016111111111111
2015-11-14 00:00:00 UTC,242,1183,412444624,2.4068055555555556
2015-11-14 00:00:00 UTC,242,1182,412444624,0.93388888888888888
2015-11-14 00:00:00 UTC,242,1182,412444888,10.035694444444445
2015-11-14 00:00:00 UTC,242,1182,412444633,3.1105555555555555
2015-11-14 00:00:00 UTC,242,1204,416004058,0.92069444444444459
2015-11-14 00:00:00 UTC,242,1204,416002013,5.66402777777778
2015-11-14 00:00:00 UTC,242,1182,200003562,11.811111111111112
2015-11-14 00:00:00 UTC,242,1182,412444911,6.3225
2015-11-14 00:00:00 UTC,242,1203,416002299,5.2915277777777776
2015-11-14 00:00:00 UTC,498,-41,218325000,1.5752777777777778
2015-11-14 00:00:00 UTC,498,-42,218325000,0.76263888888888887
2015-11-14 00:00:00 UTC,498,-28,235001140,6.6256944444444432
2015-11-14 00:00:00 UTC,498,-29,235001140,1.997916666666667
2015-11-14 00:00:00 UTC,498,-55,235001921,0.78694444444444445
2015-11-14 00:00:00 UTC,498,-36,235050371,1.7463888888888888
2015-11-14 00:00:00 UTC,498,-35,235050371,3.3070833333333347
2015-11-14 00:00:00 UTC,498,-72,228190600,7.0318055555555556
2015-11-14 00:00:00 UTC,498,-16,228215700,0.25583333333333336
2015-11-14 00:00:00 UTC,498,-15,228215700,0.25458333333333333
2015-11-14 00:00:00 UTC,498,-86,250002855,12.988888888888887
2015-11-14 00:00:00 UTC,498,-111,227513000,5.3277777777777784
2015-11-14 00:00:00 UTC,498,-88,227406000,0.27249999999999996
2015-11-14 00:00:00 UTC,498,-15,228222900,0.25958333333333333
2015-11-14 00:00:00 UTC,498,-16,228222900,0.25638888888888889
2015-11-14 00:00:00 UTC,498,-45,232005840,0.55125
2015-11-14 00:00:00 UTC,498,-111,224610000,2.7544444444444447
2015-11-14 00:00:00 UTC,498,-112,224125140,4.9919444444444441
2015-11-14 00:00:00 UTC,498,-111,224011990,6.7381944444444448
2015-11-14 00:00:00 UTC,498,-44,232005610,0.25763888888888886
2015-11-14 00:00:00 UTC,498,-43,232005610,0.51861111111111113
2015-11-14 00:00:00 UTC,498,-2,235004140,2.0869444444444447
2015-11-14 00:00:00 UTC,498,-111,227209970,5.7390277777777774
2015-11-14 00:00:00 UTC,754,199,258154000,1.4613888888888888
2015-11-14 00:00:00 UTC,754,198,258154000,0.92416666666666658
2015-11-14 00:00:00 UTC,754,275,259562000,2.425
2015-11-14 00:00:00 UTC,754,276,259562000,1.8868055555555556
2015-11-14 00:00:00 UTC,754,274,259562000,2.3975
2015-11-14 00:00:00 UTC,754,273,259562000,3.3358333333333334
2015-11-14 00:00:00 UTC,754,394,275455000,2.8229166666666665
2015-11-14 00:00:00 UTC,754,395,275455000,0.78916666666666668
2015-11-14 00:00:00 UTC,754,393,275455000,7.5306944444444444
2015-11-14 00:00:00 UTC,754,404,275444000,1.7149999999999999
2015-11-14 00:00:00 UTC,754,284,257225000,2.8326388888888889
2015-11-14 00:00:00 UTC,754,282,257225000,0.80041666666666655
2015-11-14 00:00:00 UTC,754,283,257225000,2.8466666666666671
2015-11-14 00:00:00 UTC,754,285,257225000,4.0252777777777773
2015-11-14 00:00:00 UTC,754,164,273514800,1.5944444444444446
2015-11-14 00:00:00 UTC,754,165,273514800,2.5306944444444444
2015-11-14 00:00:00 UTC,754,156,273451570,0.75652777777777769
2015-11-14 00:00:00 UTC,754,394,273313640,1.5497222222222222
2015-11-14 00:00:00 UTC,754,393,273313640,0.77930555555555558
2015-11-14 00:00:00 UTC,754,392,273313640,0.10027777777777777
2015-11-14 00:00:00 UTC,754,395,275171000,2.36125
2015-11-14 00:00:00 UTC,754,396,275171000,0.77458333333333329
2015-11-14 00:00:00 UTC,754,259,259489000,2.6613888888888888
2015-11-14 00:00:00 UTC,754,258,259489000,0.78055555555555567
2015-11-14 00:00:00 UTC,754,260,259489000,3.6469444444444443
2015-11-14 00:00:00 UTC,754,261,259489000,1.5456944444444445
2015-11-14 00:00:00 UTC,754,178,259457000,3.2705555555555561
2015-11-14 00:00:00 UTC,754,180,259457000,3.3563888888888891
2015-11-14 00:00:00 UTC,754,401,273357560,1.0273611111111109
2015-11-14 00:00:00 UTC,754,400,273357560,0.78347222222222224
2015-11-14 00:00:00 UTC,-270,882,224016000,1.0902777777777777
2015-11-14 00:00:00 UTC,-270,881,224016000,0.86305555555555546
2015-11-14 00:00:00 UTC,-14,-1054,431424000,3.399861111111111
2015-11-14 00:00:00 UTC,-14,-1678,9102875,1.3205555555555555
2015-11-14 00:00:00 UTC,-14,-1671,9102875,6.57861111111111
2015-11-14 00:00:00 UTC,-14,-1569,412677470,6.1354166666666679
2015-11-14 00:00:00 UTC,-14,-1102,224892000,2.5784722222222221
2015-11-14 00:00:00 UTC,243,1182,412447745,0.26805555555555555
2015-11-14 00:00:00 UTC,243,1182,412444678,0.36666666666666664
2015-11-14 00:00:00 UTC,243,1199,412452872,5.6516666666666673
2015-11-14 00:00:00 UTC,243,1205,900018697,7.0065277777777766
2015-11-14 00:00:00 UTC,243,1204,416002318,3.221111111111111
2015-11-14 00:00:00 UTC,243,1205,416002318,2.0783333333333331
2015-11-14 00:00:00 UTC,243,1180,412444687,0.38722222222222225
2015-11-14 00:00:00 UTC,243,1200,412451859,10.884166666666667
2015-11-14 00:00:00 UTC,243,1199,412451875,7.209027777777778
2015-11-14 00:00:00 UTC,243,1205,416001575,0.53722222222222216
2015-11-14 00:00:00 UTC,243,1204,416002087,1.0390277777777777
2015-11-14 00:00:00 UTC,243,1204,416002094,2.2408333333333332
2015-11-14 00:00:00 UTC,243,1182,412444474,1.0811111111111111
2015-11-14 00:00:00 UTC,243,1181,412444736,5.2229166666666664
2015-11-14 00:00:00 UTC,243,1203,416000079,0.44166666666666665
2015-11-14 00:00:00 UTC,243,1202,416000079,0.62527777777777782
2015-11-14 00:00:00 UTC,243,1204,416000079,0.58319444444444446
2015-11-14 00:00:00 UTC,243,1194,412450643,6.1572222222222219
2015-11-14 00:00:00 UTC,243,1182,412445019,5.5069444444444446
2015-11-14 00:00:00 UTC,243,1204,900016732,0.43000000000000005
2015-11-14 00:00:00 UTC,243,1203,900016732,3.351805555555555
2015-11-14 00:00:00 UTC,243,1199,101408351,0.70472222222222214
2015-11-14 00:00:00 UTC,243,1200,101408351,3.9576388888888889
2015-11-14 00:00:00 UTC,243,1198,101408351,6.3330555555555552
2015-11-14 00:00:00 UTC,243,1204,416458592,1.5901388888888888
2015-11-14 00:00:00 UTC,243,1181,412444513,0.58097222222222222
2015-11-14 00:00:00 UTC,243,1201,412451425,9.14625
2015-11-14 00:00:00 UTC,243,1205,900023402,4.2223611111111108
2015-11-14 00:00:00 UTC,243,1203,416056685,2.4322222222222223
2015-11-14 00:00:00 UTC,243,1204,416056685,1.8784722222222221
2015-11-14 00:00:00 UTC,243,1186,412450673,5.0179166666666664
2015-11-14 00:00:00 UTC,243,1181,412444789,0.25055555555555553
2015-11-14 00:00:00 UTC,243,1203,416458613,1.6876388888888889
2015-11-14 00:00:00 UTC,243,1204,416458613,0.5525
2015-11-14 00:00:00 UTC,243,1205,800031103,11.90375
2015-11-14 00:00:00 UTC,243,1186,910000004,10.242083333333333
2015-11-14 00:00:00 UTC,243,1184,200011660,2.4254166666666666
2015-11-14 00:00:00 UTC,243,1181,412444814,0.35513888888888889
2015-11-14 00:00:00 UTC,243,1203,416003471,4.4577777777777774
2015-11-14 00:00:00 UTC,243,1204,416003471,3.2462500000000003
2015-11-14 00:00:00 UTC,243,1181,412444834,0.57263888888888892
2015-11-14 00:00:00 UTC,243,1204,416008866,3.9184722222222219
2015-11-14 00:00:00 UTC,243,1203,416002982,0.7961111111111111
2015-11-14 00:00:00 UTC,243,1204,416002982,0.24027777777777776
2015-11-14 00:00:00 UTC,243,1199,412451246,5.88111111111111
2015-11-14 00:00:00 UTC,243,1200,412451246,6.3623611111111105
2015-11-14 00:00:00 UTC,243,1183,412446646,4.5188888888888883
2015-11-14 00:00:00 UTC,243,1199,412452793,15.323611111111113
2015-11-14 00:00:00 UTC,243,1204,416451004,5.6268055555555572
2015-11-14 00:00:00 UTC,243,1183,512494526,1.5290277777777779
2015-11-14 00:00:00 UTC,243,1184,512494526,3.6669444444444448
2015-11-14 00:00:00 UTC,243,1203,416002755,4.8365277777777775
2015-11-14 00:00:00 UTC,243,1204,416002755,3.6141666666666663
2015-11-14 00:00:00 UTC,243,1185,100701145,8.4670833333333331
2015-11-14 00:00:00 UTC,243,1205,416004058,0.26111111111111107
2015-11-14 00:00:00 UTC,243,1204,416004058,5.1625000000000005
2015-11-14 00:00:00 UTC,243,1203,416004058,9.36513888888889
2015-11-14 00:00:00 UTC,243,1187,412451292,6.5845833333333328
2015-11-14 00:00:00 UTC,243,1204,416002013,1.8515277777777777
2015-11-14 00:00:00 UTC,243,1186,910000095,2.1020833333333333
2015-11-14 00:00:00 UTC,243,1199,412452585,5.0077777777777772
2015-11-14 00:00:00 UTC,243,1200,412452585,8.81236111111111
2015-11-14 00:00:00 UTC,243,1202,415000555,4.2091666666666665
2015-11-14 00:00:00 UTC,243,1200,412451568,10.136527777777779
2015-11-14 00:00:00 UTC,243,1201,412451568,1.8254166666666667
2015-11-14 00:00:00 UTC,243,1199,412451568,10.220833333333331
2015-11-14 00:00:00 UTC,243,1200,412451064,1.4105555555555556
2015-11-14 00:00:00 UTC,243,1204,416002299,2.6769444444444446
2015-11-14 00:00:00 UTC,499,-4,244309000,0.51375
2015-11-14 00:00:00 UTC,499,-40,235090189,1.29625
2015-11-14 00:00:00 UTC,499,-38,235090189,1.2829166666666665
2015-11-14 00:00:00 UTC,499,-37,235090189,0.7598611111111111
2015-11-14 00:00:00 UTC,499,-42,235090189,0.5330555555555555
2015-11-14 00:00:00 UTC,499,-34,235090189,1.8238888888888887
2015-11-14 00:00:00 UTC,499,-39,235090189,1.5748611111111108
2015-11-14 00:00:00 UTC,499,-30,232005410,0.24680555555555556
2015-11-14 00:00:00 UTC,499,-34,232005410,2.9366666666666665
2015-11-14 00:00:00 UTC,499,-31,232005410,1.2986111111111112
2015-11-14 00:00:00 UTC,499,-35,232005410,1.9862500000000003
2015-11-14 00:00:00 UTC,499,-33,232005410,6.450555555555554
2015-11-14 00:00:00 UTC,499,-32,232005410,2.2698611111111111
2015-11-14 00:00:00 UTC,499,-106,224069930,12.506944444444445
2015-11-14 00:00:00 UTC,499,-28,235001140,0.27041666666666664
2015-11-14 00:00:00 UTC,499,-42,228045900,1.5683333333333334
2015-11-14 00:00:00 UTC,499,-43,228045900,1.0515277777777778
2015-11-14 00:00:00 UTC,499,-41,228045900,0.51263888888888887
2015-11-14 00:00:00 UTC,499,-46,227143500,0.51694444444444443
2015-11-14 00:00:00 UTC,499,-1279,316005998,0.39
2015-11-14 00:00:00 UTC,499,-1281,316005998,1.62375
2015-11-14 00:00:00 UTC,499,-1280,316005998,19.053333333333342
2015-11-14 00:00:00 UTC,499,-49,227558000,0.52444444444444449
2015-11-14 00:00:00 UTC,499,-92,235005820,4.1123611111111114
2015-11-14 00:00:00 UTC,499,-36,235050371,0.51111111111111118
2015-11-14 00:00:00 UTC,499,-35,235050371,1.6347222222222224
2015-11-14 00:00:00 UTC,499,-72,228190600,2.6976388888888883
2015-11-14 00:00:00 UTC,499,-73,228190600,0.96305555555555555
2015-11-14 00:00:00 UTC,499,-22,228215700,1.4348611111111109
2015-11-14 00:00:00 UTC,499,-47,228264600,0.5125
2015-11-14 00:00:00 UTC,499,-46,228264600,0.2540277777777778
2015-11-14 00:00:00 UTC,499,-44,228264600,0.26791666666666669
2015-11-14 00:00:00 UTC,499,-44,227823000,5.1122222222222229
2015-11-14 00:00:00 UTC,499,-46,227823000,2.4958333333333336
2015-11-14 00:00:00 UTC,499,-43,227823000,2.3697222222222223
2015-11-14 00:00:00 UTC,499,-45,227823000,1.6701388888888888
2015-11-14 00:00:00 UTC,499,-48,227823000,4.8294444444444444
2015-11-14 00:00:00 UTC,499,-47,227823000,4.2165277777777774
2015-11-14 00:00:00 UTC,499,-85,250002855,1.2388888888888889
2015-11-14 00:00:00 UTC,499,-87,250002855,4.1947222222222225
2015-11-14 00:00:00 UTC,499,-84,250002855,1.3566666666666667
2015-11-14 00:00:00 UTC,499,-86,250002855,4.6604166666666664
2015-11-14 00:00:00 UTC,499,-46,227822000,2.5986111111111114
2015-11-14 00:00:00 UTC,499,-44,227822000,1.543611111111111
2015-11-14 00:00:00 UTC,499,-45,227822000,2.5877777777777773
2015-11-14 00:00:00 UTC,499,-43,227822000,1.559722222222222
2015-11-14 00:00:00 UTC,499,-42,227822000,0.52638888888888891
2015-11-14 00:00:00 UTC,499,-88,227406000,2.0819444444444444
2015-11-14 00:00:00 UTC,499,-85,227406000,3.0929166666666665
2015-11-14 00:00:00 UTC,499,-87,227406000,1.6988888888888889
2015-11-14 00:00:00 UTC,499,-86,227406000,1.8087499999999999
2015-11-14 00:00:00 UTC,499,-22,228222900,1.6776388888888889
2015-11-14 00:00:00 UTC,499,-45,232007350,0.51125
2015-11-14 00:00:00 UTC,499,-43,232007350,1.1961111111111111
2015-11-14 00:00:00 UTC,499,-42,232007350,1.1323611111111112
2015-11-14 00:00:00 UTC,499,-44,232007350,1.0322222222222224
2015-11-14 00:00:00 UTC,499,-28,228323000,1.1470833333333335
2015-11-14 00:00:00 UTC,499,-31,228323000,0.18013888888888888
2015-11-14 00:00:00 UTC,499,-29,228323000,3.6779166666666665
2015-11-14 00:00:00 UTC,499,-30,228323000,2.9425
2015-11-14 00:00:00 UTC,499,-82,250001339,1.4333333333333333
2015-11-14 00:00:00 UTC,499,-49,228216000,1.2887499999999998
2015-11-14 00:00:00 UTC,499,-48,228216000,1.588888888888889
2015-11-14 00:00:00 UTC,499,-47,228216000,1.5070833333333336
2015-11-14 00:00:00 UTC,499,-46,228216000,4.2556944444444431
2015-11-14 00:00:00 UTC,499,-43,228216000,1.0831944444444446
2015-11-14 00:00:00 UTC,499,-44,228216000,3.9530555555555549
2015-11-14 00:00:00 UTC,499,-45,228216000,4.0252777777777782
2015-11-14 00:00:00 UTC,499,-82,250264000,3.9766666666666666
2015-11-14 00:00:00 UTC,499,-43,227533000,1.3195833333333331
2015-11-14 00:00:00 UTC,499,-46,227533000,3.8936111111111109
2015-11-14 00:00:00 UTC,499,-45,227533000,1.294861111111111
2015-11-14 00:00:00 UTC,499,-47,227533000,1.8125
2015-11-14 00:00:00 UTC,499,-44,227533000,1.2958333333333334
2015-11-14 00:00:00 UTC,499,-42,227533000,0.79513888888888884
2015-11-14 00:00:00 UTC,499,-41,232005840,1.0488888888888888
2015-11-14 00:00:00 UTC,499,-44,232005840,1.0212500000000002
2015-11-14 00:00:00 UTC,499,-42,232005840,1.2777777777777779
2015-11-14 00:00:00 UTC,499,-43,232005840,0.762361111111111
2015-11-14 00:00:00 UTC,499,-45,232005840,0.51361111111111113
2015-11-14 00:00:00 UTC,499,-112,224125140,7.5951388888888882
2015-11-14 00:00:00 UTC,499,-111,224125140,10.190833333333334
2015-11-14 00:00:00 UTC,499,-111,224011990,7.5715277777777779
2015-11-14 00:00:00 UTC,499,1534,273352930,16.739444444444445
2015-11-14 00:00:00 UTC,499,-49,228028900,1.5656944444444443
2015-11-14 00:00:00 UTC,499,-46,228028900,0.25722222222222224
2015-11-14 00:00:00 UTC,499,-47,228028900,1.2970833333333331
2015-11-14 00:00:00 UTC,499,-48,228028900,1.5652777777777778
2015-11-14 00:00:00 UTC,499,-46,235008741,3.3104166666666668
2015-11-14 00:00:00 UTC,499,-45,235008741,4.1022222222222231
2015-11-14 00:00:00 UTC,499,-44,235008741,4.3538888888888891
2015-11-14 00:00:00 UTC,499,-43,235008741,4.41111111111111
2015-11-14 00:00:00 UTC,499,-42,235008741,5.7068055555555555
2015-11-14 00:00:00 UTC,499,-42,232005610,2.0545833333333339
2015-11-14 00:00:00 UTC,499,-41,232005610,2.3104166666666668
2015-11-14 00:00:00 UTC,499,-40,232005610,1.548888888888889
2015-11-14 00:00:00 UTC,499,-43,232005610,0.51694444444444443
2015-11-14 00:00:00 UTC,499,-45,232005610,0.77902777777777776
2015-11-14 00:00:00 UTC,499,-44,232005610,1.5309722222222222
2015-11-14 00:00:00 UTC,499,-31,227138800,1.6086111111111112
2015-11-14 00:00:00 UTC,499,-29,227138800,0.77972222222222221
2015-11-14 00:00:00 UTC,499,-44,227138800,1.2916666666666667
2015-11-14 00:00:00 UTC,499,-32,227138800,0.7763888888888888
2015-11-14 00:00:00 UTC,499,-30,227138800,3.1448611111111107
2015-11-14 00:00:00 UTC,499,-111,227209970,4.1336111111111107
2015-11-14 00:00:00 UTC,499,-78,250002427,1.8851388888888891
2015-11-14 00:00:00 UTC,499,-80,250002427,1.2304166666666667
2015-11-14 00:00:00 UTC,499,-79,250002427,1.5144444444444445
2015-11-14 00:00:00 UTC,499,-81,250002427,3.3225000000000002
2015-11-14 00:00:00 UTC,499,-42,232005630,1.0350000000000001
2015-11-14 00:00:00 UTC,499,-41,232005630,2.0316666666666663
2015-11-14 00:00:00 UTC,755,199,258154000,7.6168055555555547
2015-11-14 00:00:00 UTC,755,198,258154000,4.3112499999999994
2015-11-14 00:00:00 UTC,755,200,258154000,0.82930555555555552
2015-11-14 00:00:00 UTC,755,281,257225000,3.3895833333333329
2015-11-14 00:00:00 UTC,755,282,257225000,1.6026388888888889
2015-11-14 00:00:00 UTC,755,279,257225000,2.6936111111111107
2015-11-14 00:00:00 UTC,755,280,257225000,3.9358333333333331
2015-11-14 00:00:00 UTC,755,162,273514800,4.1588888888888889
2015-11-14 00:00:00 UTC,755,164,273514800,1.4154166666666665
2015-11-14 00:00:00 UTC,755,163,273514800,0.78930555555555548
2015-11-14 00:00:00 UTC,755,155,273451570,0.84083333333333332
2015-11-14 00:00:00 UTC,755,393,273313640,1.3344444444444443
2015-11-14 00:00:00 UTC,755,391,273313640,1.8162499999999997
2015-11-14 00:00:00 UTC,755,395,273313640,1.5962500000000002
2015-11-14 00:00:00 UTC,755,389,273313640,1.598611111111111
2015-11-14 00:00:00 UTC,755,390,273313640,1.5869444444444445
2015-11-14 00:00:00 UTC,755,264,259489000,1.612222222222222
2015-11-14 00:00:00 UTC,755,262,259489000,1.5913888888888887
2015-11-14 00:00:00 UTC,755,265,259489000,1.5170833333333333
2015-11-14 00:00:00 UTC,755,178,259457000,2.6097222222222225
2015-11-14 00:00:00 UTC,755,180,259457000,4.3616666666666664
2015-11-14 00:00:00 UTC,755,400,273357560,1.3323611111111111
2015-11-14 00:00:00 UTC,-269,882,224016000,2.3776388888888889
2015-11-14 00:00:00 UTC,-269,881,224016000,2.0041666666666669
2015-11-14 00:00:00 UTC,-269,1625,413322690,1.7577777777777777
2015-11-14 00:00:00 UTC,-269,1624,413322690,4.4105555555555558
2015-11-14 00:00:00 UTC,-13,-1054,431424000,1.7247222222222223
2015-11-14 00:00:00 UTC,-13,-3,224002820,3.3486111111111114
2015-11-14 00:00:00 UTC,-13,-1678,9102875,1.658611111111111
2015-11-14 00:00:00 UTC,-13,-1672,9102875,4.4036111111111111
2015-11-14 00:00:00 UTC,-13,-1677,9102875,4.3670833333333334
2015-11-14 00:00:00 UTC,-13,1786,412439605,2.9083333333333337
2015-11-14 00:00:00 UTC,-13,-1098,224892000,2.1526388888888888
2015-11-14 00:00:00 UTC,-13,-1099,224892000,1.5954166666666665
2015-11-14 00:00:00 UTC,-13,-1097,224892000,2.4386111111111113
2015-11-14 00:00:00 UTC,-13,-1096,224892000,0.67375
2015-11-14 00:00:00 UTC,-13,-1536,440644000,6.3044444444444441
2015-11-14 00:00:00 UTC,-13,-1535,440644000,4.8688888888888888
2015-11-14 00:00:00 UTC,244,1203,415000578,3.57125
2015-11-14 00:00:00 UTC,244,1200,412452872,5.2609722222222226
2015-11-14 00:00:00 UTC,244,1205,416002318,0.26333333333333331
2015-11-14 00:00:00 UTC,244,1180,412444687,2.0155555555555553
2015-11-14 00:00:00 UTC,244,1185,412235538,4.353472222222222
2015-11-14 00:00:00 UTC,244,1201,412451859,3.0068055555555557
2015-11-14 00:00:00 UTC,244,1200,412451859,2.1548611111111113
2015-11-14 00:00:00 UTC,244,1185,412452119,4.91375
2015-11-14 00:00:00 UTC,244,1199,412451875,1.4613888888888888
2015-11-14 00:00:00 UTC,244,1205,416001575,3.307916666666666
2015-11-14 00:00:00 UTC,244,1204,416001575,9.8637500000000014
2015-11-14 00:00:00 UTC,244,1203,416002087,2.6793055555555556
2015-11-14 00:00:00 UTC,244,1204,416002087,4.0051388888888884
2015-11-14 00:00:00 UTC,244,1202,416458537,0.99152777777777779
2015-11-14 00:00:00 UTC,244,1185,412452658,8.13513888888889
2015-11-14 00:00:00 UTC,244,1203,416458553,1.9562500000000003
2015-11-14 00:00:00 UTC,244,1201,412451913,4.3452777777777776
2015-11-14 00:00:00 UTC,244,1200,412451913,9.30736111111111
2015-11-14 00:00:00 UTC,244,1204,416000079,5.5454166666666653
2015-11-14 00:00:00 UTC,244,1203,416000079,2.1334722222222222
2015-11-14 00:00:00 UTC,244,1202,416000079,9.1830555555555549
2015-11-14 00:00:00 UTC,244,1203,416458576,2.6391666666666667
2015-11-14 00:00:00 UTC,244,1202,416458576,1.768888888888889
2015-11-14 00:00:00 UTC,244,1199,412452945,1.3709722222222223
2015-11-14 00:00:00 UTC,244,1204,416458592,1.4754166666666666
2015-11-14 00:00:00 UTC,244,1199,412452962,4.0479166666666666
2015-11-14 00:00:00 UTC,244,1200,412452962,0.36152777777777778
2015-11-14 00:00:00 UTC,244,1198,412452962,3.6815277777777777
2015-11-14 00:00:00 UTC,244,1205,900023402,2.0623611111111111
2015-11-14 00:00:00 UTC,244,1202,416056685,3.449583333333333
2015-11-14 00:00:00 UTC,244,1203,416056685,0.63763888888888887
2015-11-14 00:00:00 UTC,244,1204,416458613,1.1002777777777779
2015-11-14 00:00:00 UTC,244,1203,800002937,6.9540277777777781
2015-11-14 00:00:00 UTC,244,1186,412452985,10.973194444444445
2015-11-14 00:00:00 UTC,244,1205,416003471,1.2980555555555555
2015-11-14 00:00:00 UTC,244,1203,416003471,1.6255555555555556
2015-11-14 00:00:00 UTC,244,1204,416003471,3.0143055555555556
2015-11-14 00:00:00 UTC,244,1186,800022418,4.5722222222222229
2015-11-14 00:00:00 UTC,244,1202,900020640,1.0915277777777779
2015-11-14 00:00:00 UTC,244,1201,900020640,1.0993055555555555
2015-11-14 00:00:00 UTC,244,1204,416008866,3.3237500000000004
2015-11-14 00:00:00 UTC,244,1204,416451004,1.8683333333333332
2015-11-14 00:00:00 UTC,244,1198,412452029,7.5904166666666661
2015-11-14 00:00:00 UTC,244,1185,512494526,2.3416666666666668
2015-11-14 00:00:00 UTC,244,1185,800023487,12.420277777777777
2015-11-14 00:00:00 UTC,244,-157,242167000,3.6573611111111113
2015-11-14 00:00:00 UTC,244,1205,416004058,0.52513888888888882
2015-11-14 00:00:00 UTC,244,1204,416004058,0.27680555555555553
2015-11-14 00:00:00 UTC,244,1189,412451292,6.0572222222222223
2015-11-14 00:00:00 UTC,244,1200,412451806,1.1313888888888888
2015-11-14 00:00:00 UTC,244,1201,412451806,0.635
2015-11-14 00:00:00 UTC,244,1200,412452585,5.1954166666666666
2015-11-14 00:00:00 UTC,244,1201,412451568,1.776388888888889
2015-11-14 00:00:00 UTC,244,1201,412451064,1.6633333333333333
2015-11-14 00:00:00 UTC,244,1200,412451064,3.63
2015-11-14 00:00:00 UTC,500,-3,244309000,1.5586111111111109
2015-11-14 00:00:00 UTC,500,-4,244309000,0.779861111111111
2015-11-14 00:00:00 UTC,500,-2,244309000,1.5536111111111111
2015-11-14 00:00:00 UTC,500,-42,235090189,1.0191666666666666
2015-11-14 00:00:00 UTC,500,-35,235090189,1.0251388888888888
2015-11-14 00:00:00 UTC,500,-40,235090189,1.0665277777777777
2015-11-14 00:00:00 UTC,500,-34,235090189,3.8818055555555553
2015-11-14 00:00:00 UTC,500,-41,235090189,2.8327777777777774
2015-11-14 00:00:00 UTC,500,-36,235090189,1.2943055555555556
2015-11-14 00:00:00 UTC,500,-37,235090189,0.25847222222222221
2015-11-14 00:00:00 UTC,500,-30,250002704,6.2670833333333338
2015-11-14 00:00:00 UTC,500,-32,250002704,2.3188888888888886
2015-11-14 00:00:00 UTC,500,-31,250002704,2.5551388888888891
2015-11-14 00:00:00 UTC,500,-29,250002704,0.52652777777777782
2015-11-14 00:00:00 UTC,500,-31,232005410,1.0427777777777778
2015-11-14 00:00:00 UTC,500,-30,232005410,2.6895833333333332
2015-11-14 00:00:00 UTC,500,-33,232005410,1.0527777777777776
2015-11-14 00:00:00 UTC,500,-29,232005410,0.25291666666666668
2015-11-14 00:00:00 UTC,500,-32,232005410,2.104166666666667
2015-11-14 00:00:00 UTC,500,-111,226045000,5.2579166666666666
2015-11-14 00:00:00 UTC,500,-46,227143500,2.260416666666667
2015-11-14 00:00:00 UTC,500,-48,227143500,4.1338888888888885
2015-11-14 00:00:00 UTC,500,-47,227143500,2.6188888888888893
2015-11-14 00:00:00 UTC,500,-49,227143500,4.17375
2015-11-14 00:00:00 UTC,500,-45,227143500,5.0326388888888882
2015-11-14 00:00:00 UTC,500,-48,227313000,3.1081944444444449
2015-11-14 00:00:00 UTC,500,-49,227313000,18.342777777777776
2015-11-14 00:00:00 UTC,500,-49,227558000,7.5244444444444429
2015-11-14 00:00:00 UTC,500,-48,227558000,3.9130555555555553
2015-11-14 00:00:00 UTC,500,-83,250126460,1.5098611111111111
2015-11-14 00:00:00 UTC,500,-36,235050371,1.0201388888888889
2015-11-14 00:00:00 UTC,500,-115,228066700,4.4779166666666663
2015-11-14 00:00:00 UTC,500,-114,228066700,1.9252777777777781
2015-11-14 00:00:00 UTC,500,-22,228215700,0.2533333333333333
2015-11-14 00:00:00 UTC,500,-21,228215700,0.14402777777777778
2015-11-14 00:00:00 UTC,500,-44,228264600,1.0754166666666667
2015-11-14 00:00:00 UTC,500,-46,228264600,1.0290277777777777
2015-11-14 00:00:00 UTC,500,-45,228264600,2.1205555555555557
2015-11-14 00:00:00 UTC,500,-47,227823000,0.78472222222222221
2015-11-14 00:00:00 UTC,500,-48,227823000,0.515
2015-11-14 00:00:00 UTC,500,-83,250002855,2.9488888888888889
2015-11-14 00:00:00 UTC,500,-84,250002855,0.91097222222222218
2015-11-14 00:00:00 UTC,500,-43,227822000,3.3530555555555557
2015-11-14 00:00:00 UTC,500,-46,227822000,2.5945833333333335
2015-11-14 00:00:00 UTC,500,-44,227822000,2.0983333333333327
2015-11-14 00:00:00 UTC,500,-48,227822000,0.52625
2015-11-14 00:00:00 UTC,500,-45,227822000,2.609861111111111
2015-11-14 00:00:00 UTC,500,-42,227822000,1.5699999999999998
2015-11-14 00:00:00 UTC,500,-47,227822000,2.5991666666666662
2015-11-14 00:00:00 UTC,500,-83,227406000,2.4418055555555553
2015-11-14 00:00:00 UTC,500,-48,228216000,0.2623611111111111
2015-11-14 00:00:00 UTC,500,-49,228216000,1.5859722222222221
2015-11-14 00:00:00 UTC,500,-29,227384000,1.8258333333333336
2015-11-14 00:00:00 UTC,500,-28,227384000,2.3037500000000004
2015-11-14 00:00:00 UTC,500,-30,227384000,1.0206944444444446
2015-11-14 00:00:00 UTC,500,-82,250264000,2.2179166666666665
2015-11-14 00:00:00 UTC,500,-81,250264000,2.1883333333333335
2015-11-14 00:00:00 UTC,500,-83,250264000,5.72625
2015-11-14 00:00:00 UTC,500,-47,227533000,1.8465277777777778
2015-11-14 00:00:00 UTC,500,-46,227533000,0.265
2015-11-14 00:00:00 UTC,500,-45,227533000,1.308472222222222
2015-11-14 00:00:00 UTC,500,-113,224125140,4.9658333333333342
2015-11-14 00:00:00 UTC,500,-25,250106840,0.2961111111111111
2015-11-14 00:00:00 UTC,500,-44,228148700,4.990972222222223
2015-11-14 00:00:00 UTC,500,-47,228148700,3.4790277777777781
2015-11-14 00:00:00 UTC,500,-45,228148700,4.6554166666666674
2015-11-14 00:00:00 UTC,500,-48,228148700,3.385416666666667
2015-11-14 00:00:00 UTC,500,-46,228148700,4.9208333333333325
2015-11-14 00:00:00 UTC,500,-43,228148700,1.3645833333333335
2015-11-14 00:00:00 UTC,500,1535,273352930,7.1212500000000007
2015-11-14 00:00:00 UTC,500,-49,228028900,5.99
2015-11-14 00:00:00 UTC,500,-48,228028900,4.4255555555555564
2015-11-14 00:00:00 UTC,500,-47,228028900,2.6047222222222226
2015-11-14 00:00:00 UTC,500,-46,228028900,1.048888888888889
2015-11-14 00:00:00 UTC,500,-46,235008741,2.0322222222222224
2015-11-14 00:00:00 UTC,500,5,235004140,1.353472222222222
2015-11-14 00:00:00 UTC,500,-28,227138800,3.3661111111111111
2015-11-14 00:00:00 UTC,500,-30,227138800,0.51833333333333331
2015-11-14 00:00:00 UTC,500,-27,227138800,2.6530555555555555
2015-11-14 00:00:00 UTC,500,-29,227138800,2.3147222222222221
2015-11-14 00:00:00 UTC,500,-111,227209970,6.3201388888888888
2015-11-14 00:00:00 UTC,500,-80,250002427,1.0986111111111112
2015-11-14 00:00:00 UTC,500,-81,250002427,2.6929166666666666
2015-11-14 00:00:00 UTC,500,-79,250002427,1.5123611111111113
2015-11-14 00:00:00 UTC,500,-78,250002427,3.15375
2015-11-14 00:00:00 UTC,756,199,258154000,6.1243055555555559
2015-11-14 00:00:00 UTC,756,200,258154000,2.5152777777777775
2015-11-14 00:00:00 UTC,756,404,275444000,1.6131944444444444
2015-11-14 00:00:00 UTC,756,279,257225000,0.83208333333333329
2015-11-14 00:00:00 UTC,756,160,273514800,1.6280555555555556
2015-11-14 00:00:00 UTC,756,159,273514800,2.9101388888888886
2015-11-14 00:00:00 UTC,756,161,273514800,1.6123611111111111
2015-11-14 00:00:00 UTC,756,154,273451570,0.79208333333333325
2015-11-14 00:00:00 UTC,756,173,273427000,0.7944444444444444
2015-11-14 00:00:00 UTC,756,171,273427000,0.81111111111111112
2015-11-14 00:00:00 UTC,756,172,273427000,2.1694444444444443
2015-11-14 00:00:00 UTC,756,403,275171000,3.5277777777777777
2015-11-14 00:00:00 UTC,756,405,275171000,0.815
2015-11-14 00:00:00 UTC,756,401,275171000,0.80847222222222226
2015-11-14 00:00:00 UTC,756,266,259489000,2.8848611111111109
2015-11-14 00:00:00 UTC,756,265,259489000,3.308472222222222
2015-11-14 00:00:00 UTC,756,180,259457000,2.8868055555555556
2015-11-14 00:00:00 UTC,756,178,259457000,2.3506944444444442
2015-11-14 00:00:00 UTC,756,179,259457000,1.5956944444444441
2015-11-14 00:00:00 UTC,-268,882,224016000,1.2329166666666667
2015-11-14 00:00:00 UTC,-268,881,224016000,2.733194444444444
2015-11-14 00:00:00 UTC,-268,1624,413322690,5.6388888888888893
2015-11-14 00:00:00 UTC,-12,1786,412439605,0.88277777777777777
2015-11-14 00:00:00 UTC,-12,-1099,224892000,1.047361111111111
2015-11-14 00:00:00 UTC,-12,-1098,224892000,1.7125000000000001
2015-11-14 00:00:00 UTC,-12,-1102,224892000,1.5370833333333329
2015-11-14 00:00:00 UTC,-12,-1095,224892000,3.8068055555555551
2015-11-14 00:00:00 UTC,-12,-1101,224892000,1.3638888888888889
2015-11-14 00:00:00 UTC,245,1200,412452608,3.1550000000000002
2015-11-14 00:00:00 UTC,245,1203,415000578,2.4222222222222225
2015-11-14 00:00:00 UTC,245,1199,412451846,3.8023611111111113
2015-11-14 00:00:00 UTC,245,1200,412451846,1.3376388888888888
2015-11-14 00:00:00 UTC,245,1199,412452879,2.1229166666666668
2015-11-14 00:00:00 UTC,245,1199,412451858,3.3666666666666667
2015-11-14 00:00:00 UTC,245,1200,412451875,7.4644444444444442
2015-11-14 00:00:00 UTC,245,1199,412451875,3.9136111111111109
2015-11-14 00:00:00 UTC,245,1204,416001571,0.28416666666666668
2015-11-14 00:00:00 UTC,245,1199,412451877,5.1729166666666666
2015-11-14 00:00:00 UTC,245,1199,412451878,9.23027777777778
2015-11-14 00:00:00 UTC,245,1204,416002087,0.57027777777777777
2015-11-14 00:00:00 UTC,245,1202,416458537,2.2745833333333332
2015-11-14 00:00:00 UTC,245,1204,416458537,0.5330555555555555
2015-11-14 00:00:00 UTC,245,1202,416458553,4.6652777777777779
2015-11-14 00:00:00 UTC,245,1200,412452928,12.646249999999998
2015-11-14 00:00:00 UTC,245,1201,412452928,0.39625
2015-11-14 00:00:00 UTC,245,1200,412450886,2.9436111111111107
2015-11-14 00:00:00 UTC,245,1199,412450886,0.44625
2015-11-14 00:00:00 UTC,245,1188,412450888,3.3147222222222221
2015-11-14 00:00:00 UTC,245,1187,412450888,2.8983333333333334
2015-11-14 00:00:00 UTC,245,1205,416458568,0.26222222222222225
2015-11-14 00:00:00 UTC,245,1204,416458568,0.26819444444444446
2015-11-14 00:00:00 UTC,245,1200,412451913,6.684166666666667
2015-11-14 00:00:00 UTC,245,1203,416458576,1.9181944444444445
2015-11-14 00:00:00 UTC,245,1200,412452945,4.31875
2015-11-14 00:00:00 UTC,245,1199,412452945,2.50625
2015-11-14 00:00:00 UTC,245,1195,412451415,11.060138888888888
2015-11-14 00:00:00 UTC,245,1204,416458592,1.8611111111111112
2015-11-14 00:00:00 UTC,245,1200,412452962,1.1640277777777777
2015-11-14 00:00:00 UTC,245,1198,412452962,1.5194444444444444
2015-11-14 00:00:00 UTC,245,1199,412452962,1.5481944444444447
2015-11-14 00:00:00 UTC,245,1199,412451428,1.0470833333333334
2015-11-14 00:00:00 UTC,245,1200,412451428,1.0684722222222223
2015-11-14 00:00:00 UTC,245,1199,412450917,6.7855555555555558
2015-11-14 00:00:00 UTC,245,1199,412452711,2.3663888888888889
2015-11-14 00:00:00 UTC,245,1188,412450673,7.6836111111111114
2015-11-14 00:00:00 UTC,245,1204,416458613,1.790972222222222
2015-11-14 00:00:00 UTC,245,1199,412451959,18.391944444444444
2015-11-14 00:00:00 UTC,245,1184,910000004,5.2258333333333331
2015-11-14 00:00:00 UTC,245,1201,900020640,8.1181944444444447
2015-11-14 00:00:00 UTC,245,1202,462998944,0.93166666666666664
2015-11-14 00:00:00 UTC,245,-156,242173100,3.5933333333333333
2015-11-14 00:00:00 UTC,245,-155,242141100,0.81166666666666676
2015-11-14 00:00:00 UTC,245,-156,242141100,2.0999999999999996
2015-11-14 00:00:00 UTC,245,1199,412451758,7.4234722222222222
2015-11-14 00:00:00 UTC,245,1199,412452795,0.7993055555555556
2015-11-14 00:00:00 UTC,245,1200,412452795,5.6008333333333331
2015-11-14 00:00:00 UTC,245,1199,412452029,12.837777777777779
2015-11-14 00:00:00 UTC,245,1197,412452031,2.1798611111111112
2015-11-14 00:00:00 UTC,245,1198,412452031,4.4148611111111107
2015-11-14 00:00:00 UTC,245,1206,416003013,4.4905555555555559
2015-11-14 00:00:00 UTC,245,1199,412452551,3.6563888888888885
2015-11-14 00:00:00 UTC,245,-156,242925000,3.7726388888888889
2015-11-14 00:00:00 UTC,245,1199,412451786,8.5680555555555564
2015-11-14 00:00:00 UTC,245,1199,412451788,4.2265277777777781
2015-11-14 00:00:00 UTC,245,1200,412451025,1.8030555555555554
2015-11-14 00:00:00 UTC,245,-157,242167000,1.2155555555555555
2015-11-14 00:00:00 UTC,245,-156,242167000,2.0306944444444444
2015-11-14 00:00:00 UTC,245,1202,412451806,0.58083333333333331
2015-11-14 00:00:00 UTC,245,1201,412451806,1.7145833333333331
2015-11-14 00:00:00 UTC,245,1206,416001504,5.3456944444444439
2015-11-14 00:00:00 UTC,245,1188,412444899,0.42555555555555558
2015-11-14 00:00:00 UTC,245,1188,412452326,9.8561111111111117
2015-11-14 00:00:00 UTC,245,1200,412452585,4.7018055555555556
2015-11-14 00:00:00 UTC,245,1203,416059626,0.74986111111111109
2015-11-14 00:00:00 UTC,245,1199,412451563,3.2090277777777776
2015-11-14 00:00:00 UTC,245,1200,412451572,1.896527777777778
2015-11-14 00:00:00 UTC,245,-157,242138100,3.2808333333333337
2015-11-14 00:00:00 UTC,245,1200,412451064,6.9059722222222231
2015-11-14 00:00:00 UTC,245,1199,412451064,2.7902777777777779
2015-11-14 00:00:00 UTC,245,1200,412450559,5.4706944444444439
2015-11-14 00:00:00 UTC,245,1201,412450559,1.6022222222222222
2015-11-14 00:00:00 UTC,501,2,244309000,0.25277777777777777
2015-11-14 00:00:00 UTC,501,1,244309000,0.78236111111111106
2015-11-14 00:00:00 UTC,501,-1,244309000,0.25722222222222224
2015-11-14 00:00:00 UTC,501,0,244309000,0.75861111111111112
2015-11-14 00:00:00 UTC,501,-2,244309000,1.5430555555555554
2015-11-14 00:00:00 UTC,501,-34,235090189,3.8537500000000002
2015-11-14 00:00:00 UTC,501,-30,250002704,1.2720833333333332
2015-11-14 00:00:00 UTC,501,-30,232005410,1.2068055555555555
2015-11-14 00:00:00 UTC,501,-29,232005410,0.25736111111111115
2015-11-14 00:00:00 UTC,501,9,205289000,2.3776388888888889
2015-11-14 00:00:00 UTC,501,-60,235095109,4.6466666666666665
2015-11-14 00:00:00 UTC,501,-61,235095109,1.9502777777777778
2015-11-14 00:00:00 UTC,501,-111,226045000,2.4072222222222219
2015-11-14 00:00:00 UTC,501,-48,227143500,1.0180555555555557
2015-11-14 00:00:00 UTC,501,-46,227143500,1.0523611111111113
2015-11-14 00:00:00 UTC,501,-47,227143500,2.8504166666666668
2015-11-14 00:00:00 UTC,501,-32,205106000,1.7806944444444448
2015-11-14 00:00:00 UTC,501,-33,205106000,1.5648611111111108
2015-11-14 00:00:00 UTC,501,3,244583000,1.8601388888888888
2015-11-14 00:00:00 UTC,501,2,244583000,0.51111111111111107
2015-11-14 00:00:00 UTC,501,-48,227313000,2.64
2015-11-14 00:00:00 UTC,501,-47,227558000,3.1862499999999994
2015-11-14 00:00:00 UTC,501,-48,227558000,4.9406944444444445
2015-11-14 00:00:00 UTC,501,-85,250126460,4.5469444444444447
2015-11-14 00:00:00 UTC,501,-84,250126460,5.2122222222222225
2015-11-14 00:00:00 UTC,501,-83,250126460,7.7405555555555559
2015-11-14 00:00:00 UTC,501,-36,235050371,4.1813888888888879
2015-11-14 00:00:00 UTC,501,-72,228190600,0.28916666666666668
2015-11-14 00:00:00 UTC,501,-114,228066700,7.025555555555556
2015-11-14 00:00:00 UTC,501,-48,235105933,2.6048611111111111
2015-11-14 00:00:00 UTC,501,-89,224324000,3.7194444444444446
2015-11-14 00:00:00 UTC,501,-32,235088807,0.50902777777777786
2015-11-14 00:00:00 UTC,501,-31,235088807,1.2984722222222222
2015-11-14 00:00:00 UTC,501,-85,250002855,3.885
2015-11-14 00:00:00 UTC,501,-84,250002855,2.2541666666666669
2015-11-14 00:00:00 UTC,501,-85,227406000,4.6444444444444448
2015-11-14 00:00:00 UTC,501,-83,227406000,4.131388888888889
2015-11-14 00:00:00 UTC,501,-83,250003127,10.276805555555555
2015-11-14 00:00:00 UTC,501,-29,227384000,1.5452777777777778
2015-11-14 00:00:00 UTC,501,-27,227384000,0.7794444444444445
2015-11-14 00:00:00 UTC,501,-28,227384000,3.3126388888888889
2015-11-14 00:00:00 UTC,501,-30,227384000,0.29833333333333334
2015-11-14 00:00:00 UTC,501,-85,250264000,0.4193055555555556
2015-11-14 00:00:00 UTC,501,-83,250264000,2.439861111111111
2015-11-14 00:00:00 UTC,501,-84,250264000,4.2579166666666666
2015-11-14 00:00:00 UTC,501,-28,227146700,1.0159722222222221
2015-11-14 00:00:00 UTC,501,-27,227146700,1.067361111111111
2015-11-14 00:00:00 UTC,501,-29,227146700,1.0345833333333332
2015-11-14 00:00:00 UTC,501,-26,227146700,1.1087500000000001
2015-11-14 00:00:00 UTC,501,-48,228028900,4.1825
2015-11-14 00:00:00 UTC,501,-47,228028900,1.044027777777778
2015-11-14 00:00:00 UTC,501,4,235004140,1.9090277777777778
2015-11-14 00:00:00 UTC,501,-27,227138800,0.84236111111111112
2015-11-14 00:00:00 UTC,501,-25,227138800,0.47194444444444444
2015-11-14 00:00:00 UTC,501,-26,227138800,1.1377777777777778
2015-11-14 00:00:00 UTC,501,-81,250002427,0.68152777777777773
2015-11-14 00:00:00 UTC,501,-83,250002427,3.6020833333333333
2015-11-14 00:00:00 UTC,757,179,259647000,1.8137499999999998
2015-11-14 00:00:00 UTC,757,180,259647000,3.2008333333333332
2015-11-14 00:00:00 UTC,757,181,259647000,1.574861111111111
2015-11-14 00:00:00 UTC,757,152,273451570,0.45513888888888887
2015-11-14 00:00:00 UTC,757,170,273427000,3.1276388888888889
2015-11-14 00:00:00 UTC,757,167,273427000,0.78041666666666676
2015-11-14 00:00:00 UTC,757,171,273427000,6.6194444444444445
2015-11-14 00:00:00 UTC,757,173,273427000,1.6
2015-11-14 00:00:00 UTC,757,168,273427000,1.6222222222222222
2015-11-14 00:00:00 UTC,757,169,273427000,5.5447222222222221
2015-11-14 00:00:00 UTC,757,166,273427000,0.763888888888889
2015-11-14 00:00:00 UTC,757,412,273374020,2.5915277777777779
2015-11-14 00:00:00 UTC,757,405,275460000,0.7975000000000001
2015-11-14 00:00:00 UTC,757,409,275460000,4.1352777777777785
2015-11-14 00:00:00 UTC,757,403,275460000,3.745138888888889
2015-11-14 00:00:00 UTC,757,404,275460000,5.6993055555555561
2015-11-14 00:00:00 UTC,757,410,275460000,5.1400000000000006
2015-11-14 00:00:00 UTC,757,408,275460000,0.30208333333333331
2015-11-14 00:00:00 UTC,757,392,273310630,0.81125
2015-11-14 00:00:00 UTC,757,390,273310630,2.4706944444444447
2015-11-14 00:00:00 UTC,757,388,273310630,1.5922222222222222
2015-11-14 00:00:00 UTC,757,389,273310630,1.86875
2015-11-14 00:00:00 UTC,757,406,275171000,1.5622222222222222
2015-11-14 00:00:00 UTC,757,407,275171000,2.8750000000000004
2015-11-14 00:00:00 UTC,757,400,273358560,0.77625
2015-11-14 00:00:00 UTC,757,264,259489000,0.79791666666666661
2015-11-14 00:00:00 UTC,757,265,259489000,1.3656944444444443
2015-11-14 00:00:00 UTC,-267,1535,503318900,11.796527777777778
2015-11-14 00:00:00 UTC,-267,882,224016000,0.72097222222222213
2015-11-14 00:00:00 UTC,-267,883,224016000,0.86722222222222223
2015-11-14 00:00:00 UTC,-267,878,224016000,1.9700000000000002
2015-11-14 00:00:00 UTC,-11,-1054,431424000,1.9713888888888889
2015-11-14 00:00:00 UTC,-11,-1569,440542000,0.13041666666666668
2015-11-14 00:00:00 UTC,-11,-1097,224892000,2.6670833333333333
2015-11-14 00:00:00 UTC,-11,-1100,224892000,2.2495833333333333
2015-11-14 00:00:00 UTC,-11,-1065,225983597,0.65416666666666656
2015-11-14 00:00:00 UTC,-11,-1128,735058806,0.17180555555555554
2015-11-14 00:00:00 UTC,-11,1796,452005511,0.33083333333333331
2015-11-14 00:00:00 UTC,-11,1797,553111738,4.8120833333333337
2015-11-14 00:00:00 UTC,-11,-1084,224342000,4.4738888888888892
2015-11-14 00:00:00 UTC,-11,-1088,224342000,2.5637499999999998
2015-11-14 00:00:00 UTC,-11,-1083,224342000,3.4194444444444443
2015-11-14 00:00:00 UTC,-11,-1081,224342000,2.1786111111111111
2015-11-14 00:00:00 UTC,-11,-1090,224342000,0.82652777777777786
2015-11-14 00:00:00 UTC,-11,-1082,224342000,0.72902777777777783
2015-11-14 00:00:00 UTC,-11,-1085,224342000,3.2113888888888882
2015-11-14 00:00:00 UTC,-11,-1086,224342000,1.3322222222222222
2015-11-14 00:00:00 UTC,-11,-1079,224918000,0.69944444444444454
2015-11-14 00:00:00 UTC,-11,-1080,224918000,0.35291666666666666
2015-11-14 00:00:00 UTC,-11,-1078,224918000,0.69611111111111112
2015-11-14 00:00:00 UTC,-11,1753,412371197,1.6590277777777778
2015-11-14 00:00:00 UTC,246,1201,412452608,4.1338888888888894
2015-11-14 00:00:00 UTC,246,1200,412452608,6.1573611111111113
2015-11-14 00:00:00 UTC,246,1199,412451844,7.9429166666666671
2015-11-14 00:00:00 UTC,246,1201,412451846,1.9520833333333334
2015-11-14 00:00:00 UTC,246,1200,412451846,4.4330555555555557
2015-11-14 00:00:00 UTC,246,1199,412451846,2.6176388888888891
2015-11-14 00:00:00 UTC,246,1201,412452872,5.0738888888888889
2015-11-14 00:00:00 UTC,246,1187,412400395,3.8379166666666666
2015-11-14 00:00:00 UTC,246,1188,412400395,11.137916666666666
2015-11-14 00:00:00 UTC,246,1199,412452879,2.4009722222222223
2015-11-14 00:00:00 UTC,246,1200,412452879,1.0598611111111111
2015-11-14 00:00:00 UTC,246,1188,412235538,4.3861111111111111
2015-11-14 00:00:00 UTC,246,1187,412235538,2.4411111111111112
2015-11-14 00:00:00 UTC,246,1200,412451858,2.0052777777777777
2015-11-14 00:00:00 UTC,246,1199,412451858,5.8194444444444438
2015-11-14 00:00:00 UTC,246,1187,412452119,5.0995833333333334
2015-11-14 00:00:00 UTC,246,1188,412452119,6.0930555555555559
2015-11-14 00:00:00 UTC,246,1188,412452124,13.428194444444445
2015-11-14 00:00:00 UTC,246,1187,800022814,5.8091666666666661
2015-11-14 00:00:00 UTC,246,1188,800022814,6.9856944444444444
2015-11-14 00:00:00 UTC,246,1188,412452129,18.255277777777778
2015-11-14 00:00:00 UTC,246,1200,412451875,5.0024999999999995
2015-11-14 00:00:00 UTC,246,1205,416001571,1.752361111111111
2015-11-14 00:00:00 UTC,246,1204,416001571,0.28388888888888886
2015-11-14 00:00:00 UTC,246,1199,412451877,4.22375
2015-11-14 00:00:00 UTC,246,1199,412451878,1.5016666666666667
2015-11-14 00:00:00 UTC,246,1199,415602728,23.026805555555555
2015-11-14 00:00:00 UTC,246,1205,416458537,0.74444444444444446
2015-11-14 00:00:00 UTC,246,1204,416458537,0.65861111111111115
2015-11-14 00:00:00 UTC,246,1187,900029485,9.568194444444444
2015-11-14 00:00:00 UTC,246,1201,412451381,6.0266666666666664
2015-11-14 00:00:00 UTC,246,1190,412453941,6.1819444444444445
2015-11-14 00:00:00 UTC,246,1202,416458553,1.8275
2015-11-14 00:00:00 UTC,246,1189,813021242,7.3748611111111115
2015-11-14 00:00:00 UTC,246,1202,412452928,1.72
2015-11-14 00:00:00 UTC,246,1200,412452928,0.36541666666666667
2015-11-14 00:00:00 UTC,246,1203,412452928,0.30055555555555558
2015-11-14 00:00:00 UTC,246,1201,412452928,2.9059722222222222
2015-11-14 00:00:00 UTC,246,1204,416003143,1.2991666666666668
2015-11-14 00:00:00 UTC,246,1189,412450888,0.68791666666666662
2015-11-14 00:00:00 UTC,246,1188,412450888,15.440000000000003
2015-11-14 00:00:00 UTC,246,1205,416458568,0.84500000000000008
2015-11-14 00:00:00 UTC,246,1201,412451913,2.7666666666666666
2015-11-14 00:00:00 UTC,246,1201,412452945,1.54875
2015-11-14 00:00:00 UTC,246,1200,412452945,4.5474999999999994
2015-11-14 00:00:00 UTC,246,1187,412452958,10.407499999999999
2015-11-14 00:00:00 UTC,246,1204,416458592,3.9138888888888888
2015-11-14 00:00:00 UTC,246,1201,412452962,1.1140277777777778
2015-11-14 00:00:00 UTC,246,1202,412452962,1.205
2015-11-14 00:00:00 UTC,246,1200,412452962,1.4459722222222222
2015-11-14 00:00:00 UTC,246,1198,412452962,0.70611111111111113
2015-11-14 00:00:00 UTC,246,1199,412452962,3.6684722222222224
2015-11-14 00:00:00 UTC,246,1200,412451428,1.1136111111111111
2015-11-14 00:00:00 UTC,246,1199,412450917,4.4776388888888885
2015-11-14 00:00:00 UTC,246,1200,412452711,2.3079166666666664
2015-11-14 00:00:00 UTC,246,1187,811021677,12.862083333333333
2015-11-14 00:00:00 UTC,246,1201,412451694,8.4430555555555546
2015-11-14 00:00:00 UTC,246,1202,412451694,6.4073611111111113
2015-11-14 00:00:00 UTC,246,1188,412450673,0.5673611111111112
2015-11-14 00:00:00 UTC,246,1189,412450673,1.7518055555555558
2015-11-14 00:00:00 UTC,246,1204,416458613,3.3919444444444444
2015-11-14 00:00:00 UTC,246,1199,412451959,2.6223611111111111
2015-11-14 00:00:00 UTC,246,1200,412451959,3.0229166666666671
2015-11-14 00:00:00 UTC,246,1188,800000120,0.37611111111111106
2015-11-14 00:00:00 UTC,246,1191,800000120,2.9383333333333335
2015-11-14 00:00:00 UTC,246,1189,800000120,0.53569444444444447
2015-11-14 00:00:00 UTC,246,1190,800000120,2.1470833333333332
2015-11-14 00:00:00 UTC,246,1187,412452985,4.67375
2015-11-14 00:00:00 UTC,246,1187,415595393,6.488888888888888
2015-11-14 00:00:00 UTC,246,1188,415595393,6.0640277777777776
2015-11-14 00:00:00 UTC,246,1187,800027778,10.10625
2015-11-14 00:00:00 UTC,246,1188,800027778,1.1095833333333334
2015-11-14 00:00:00 UTC,246,1188,412451208,9.1956944444444453
2015-11-14 00:00:00 UTC,246,1189,412451214,0.2673611111111111
2015-11-14 00:00:00 UTC,246,1187,800022418,8.3156944444444445
2015-11-14 00:00:00 UTC,246,1202,462998944,2.5276388888888888
2015-11-14 00:00:00 UTC,246,1188,412450977,5.8222222222222229
2015-11-14 00:00:00 UTC,246,1189,412450977,5.10125
2015-11-14 00:00:00 UTC,246,-156,242173100,0.92888888888888888
2015-11-14 00:00:00 UTC,246,-155,242173100,1.5984722222222225
2015-11-14 00:00:00 UTC,246,-155,242141100,0.28805555555555556
2015-11-14 00:00:00 UTC,246,1200,412451246,8.9165277777777767
2015-11-14 00:00:00 UTC,246,1199,412451758,6.1825
2015-11-14 00:00:00 UTC,246,1200,412451758,1.9781944444444446
2015-11-14 00:00:00 UTC,246,1186,415595962,0.74388888888888893
2015-11-14 00:00:00 UTC,246,1188,415595962,3.6891666666666665
2015-11-14 00:00:00 UTC,246,1187,415595962,13.758194444444444
2015-11-14 00:00:00 UTC,246,1201,412452795,2.9313888888888893
2015-11-14 00:00:00 UTC,246,1200,412452795,3.7770833333333331
2015-11-14 00:00:00 UTC,246,1187,800023487,4.125694444444445
2015-11-14 00:00:00 UTC,246,1188,800023487,0.60472222222222216
2015-11-14 00:00:00 UTC,246,1200,412450751,1.3395833333333333
2015-11-14 00:00:00 UTC,246,1199,412452031,9.7276388888888885
2015-11-14 00:00:00 UTC,246,1206,416003013,7.2401388888888887
2015-11-14 00:00:00 UTC,246,1207,416003013,5.6913888888888895
2015-11-14 00:00:00 UTC,246,1199,412452551,3.1561111111111111
2015-11-14 00:00:00 UTC,246,1200,412452551,4.6188888888888888
2015-11-14 00:00:00 UTC,246,-156,242925000,0.32791666666666663
2015-11-14 00:00:00 UTC,246,-155,242925000,1.7215277777777775
2015-11-14 00:00:00 UTC,246,1199,412451786,5.7140277777777779
2015-11-14 00:00:00 UTC,246,1199,412451532,11.616388888888888
2015-11-14 00:00:00 UTC,246,1200,412451788,2.44875
2015-11-14 00:00:00 UTC,246,1201,412451788,0.31152777777777779
2015-11-14 00:00:00 UTC,246,1201,412451025,2.1608333333333336
2015-11-14 00:00:00 UTC,246,1200,412451025,1.9720833333333334
2015-11-14 00:00:00 UTC,246,1198,9022935,0.97958333333333336
2015-11-14 00:00:00 UTC,246,1201,9022935,1.4630555555555556
2015-11-14 00:00:00 UTC,246,-156,242167000,2.2755555555555556
2015-11-14 00:00:00 UTC,246,-155,242167000,2.6609722222222221
2015-11-14 00:00:00 UTC,246,-157,242167000,0.84875
2015-11-14 00:00:00 UTC,246,1188,100701145,5.8800000000000008
2015-11-14 00:00:00 UTC,246,1202,412451806,1.669861111111111
2015-11-14 00:00:00 UTC,246,1201,412451806,0.38944444444444443
2015-11-14 00:00:00 UTC,246,1188,412444899,14.912361111111112
2015-11-14 00:00:00 UTC,246,1200,412451558,4.2498611111111106
2015-11-14 00:00:00 UTC,246,1189,412452326,7.7738888888888891
2015-11-14 00:00:00 UTC,246,1188,412452326,3.2822222222222228
2015-11-14 00:00:00 UTC,246,1199,412451815,11.745416666666667
2015-11-14 00:00:00 UTC,246,1187,800026088,5.0676388888888892
2015-11-14 00:00:00 UTC,246,1188,800026088,12.173055555555557
2015-11-14 00:00:00 UTC,246,1200,412452585,2.0665277777777775
2015-11-14 00:00:00 UTC,246,1199,412451563,6.7965277777777775
2015-11-14 00:00:00 UTC,246,1200,412451563,1.5593055555555555
2015-11-14 00:00:00 UTC,246,1200,412451572,12.771805555555556
2015-11-14 00:00:00 UTC,246,-156,242138100,1.84625
2015-11-14 00:00:00 UTC,246,-157,242138100,0.87041666666666673
2015-11-14 00:00:00 UTC,246,1188,812021238,2.2738888888888891
2015-11-14 00:00:00 UTC,246,1187,812021238,4.997638888888889
2015-11-14 00:00:00 UTC,246,1200,412451064,1.925138888888889
2015-11-14 00:00:00 UTC,246,1199,412451064,1.9191666666666667
2015-11-14 00:00:00 UTC,246,1201,412450559,11.639444444444443
2015-11-14 00:00:00 UTC,502,1,244309000,2.8880555555555554
2015-11-14 00:00:00 UTC,502,2,244309000,4.6486111111111112
2015-11-14 00:00:00 UTC,502,-33,235090189,1.0173611111111109
2015-11-14 00:00:00 UTC,502,-34,235090189,0.50805555555555548
2015-11-14 00:00:00 UTC,502,-30,250002704,0.52902777777777776
2015-11-14 00:00:00 UTC,502,3,205289000,1.6373611111111113
2015-11-14 00:00:00 UTC,502,4,205289000,2.6852777777777779
2015-11-14 00:00:00 UTC,502,7,205289000,1.8859722222222224
2015-11-14 00:00:00 UTC,502,9,205289000,7.1590277777777773
2015-11-14 00:00:00 UTC,502,-32,235000360,1.5338888888888889
2015-11-14 00:00:00 UTC,502,-30,235000360,1.40875
2015-11-14 00:00:00 UTC,502,-33,235000360,5.3051388888888891
2015-11-14 00:00:00 UTC,502,-31,235000360,1.0326388888888889
2015-11-14 00:00:00 UTC,502,-59,235095109,3.0718055555555561
2015-11-14 00:00:00 UTC,502,-60,235095109,6.045416666666668
2015-11-14 00:00:00 UTC,502,-58,235095109,3.0629166666666663
2015-11-14 00:00:00 UTC,502,-61,235095109,0.25444444444444447
2015-11-14 00:00:00 UTC,502,9,205170000,1.0934722222222222
2015-11-14 00:00:00 UTC,502,-32,205106000,13.633888888888889
2015-11-14 00:00:00 UTC,502,-31,205106000,0.77152777777777781
2015-11-14 00:00:00 UTC,502,-33,205106000,0.76416666666666666
2015-11-14 00:00:00 UTC,502,7,244583000,2.0808333333333335
2015-11-14 00:00:00 UTC,502,5,244583000,1.8606944444444444
2015-11-14 00:00:00 UTC,502,6,244583000,1.2841666666666667
2015-11-14 00:00:00 UTC,502,8,244583000,2.3251388888888886
2015-11-14 00:00:00 UTC,502,4,244583000,4.6834722222222211
2015-11-14 00:00:00 UTC,502,-33,232004700,4.1151388888888887
2015-11-14 00:00:00 UTC,502,-32,232004700,1.0338888888888889
2015-11-14 00:00:00 UTC,502,-83,250126460,1.9938888888888888
2015-11-14 00:00:00 UTC,502,-84,250126460,0.99416666666666664
2015-11-14 00:00:00 UTC,502,-82,250126460,1.6036111111111113
2015-11-14 00:00:00 UTC,502,-88,235005820,11.420416666666668
2015-11-14 00:00:00 UTC,502,-36,235050371,7.5481944444444444
2015-11-14 00:00:00 UTC,502,-48,235105933,0.89569444444444435
2015-11-14 00:00:00 UTC,502,-89,224324000,2.865
2015-11-14 00:00:00 UTC,502,-30,235088807,0.25347222222222221
2015-11-14 00:00:00 UTC,502,-32,235088807,0.7879166666666666
2015-11-14 00:00:00 UTC,502,-31,235088807,3.0883333333333334
2015-11-14 00:00:00 UTC,502,-33,205241000,1.8352777777777782
2015-11-14 00:00:00 UTC,502,-35,205241000,3.1849999999999996
2015-11-14 00:00:00 UTC,502,-34,205241000,5.5975
2015-11-14 00:00:00 UTC,502,-82,250003127,2.4651388888888888
2015-11-14 00:00:00 UTC,502,-84,250003127,4.105833333333333
2015-11-14 00:00:00 UTC,502,-83,250003127,2.7011111111111115
2015-11-14 00:00:00 UTC,502,-84,250264000,0.27402777777777776
2015-11-14 00:00:00 UTC,502,-29,227146700,1.8072222222222221
2015-11-14 00:00:00 UTC,502,-37,235002082,4.0780555555555553
2015-11-14 00:00:00 UTC,502,-46,235090169,3.7431944444444443
2015-11-14 00:00:00 UTC,502,-47,235090169,3.9838888888888881
2015-11-14 00:00:00 UTC,502,-80,250002427,0.37375
2015-11-14 00:00:00 UTC,502,-36,232004607,1.3201388888888888
2015-11-14 00:00:00 UTC,502,-35,232004607,1.3402777777777777
2015-11-14 00:00:00 UTC,758,185,259647000,0.78875000000000006
2015-11-14 00:00:00 UTC,758,184,259647000,1.5770833333333336
2015-11-14 00:00:00 UTC,758,183,259647000,2.0836111111111109
2015-11-14 00:00:00 UTC,758,182,259647000,3.2847222222222228
2015-11-14 00:00:00 UTC,758,411,273374020,11.320694444444445
2015-11-14 00:00:00 UTC,758,414,273374020,3.2680555555555557
2015-11-14 00:00:00 UTC,758,412,273374020,7.0952777777777776
2015-11-14 00:00:00 UTC,758,404,275460000,3.1719444444444442
2015-11-14 00:00:00 UTC,758,392,273310630,4.714722222222222
2015-11-14 00:00:00 UTC,758,391,273310630,6.0484722222222222
2015-11-14 00:00:00 UTC,758,393,273310630,2.3663888888888889
2015-11-14 00:00:00 UTC,758,390,273310630,1.2625
2015-11-14 00:00:00 UTC,758,394,273310630,2.3355555555555556
2015-11-14 00:00:00 UTC,758,405,273358560,4.9179166666666667
2015-11-14 00:00:00 UTC,758,407,273358560,4.6227777777777774
2015-11-14 00:00:00 UTC,758,400,273358560,2.4226388888888888
2015-11-14 00:00:00 UTC,758,406,273358560,5.4361111111111109
2015-11-14 00:00:00 UTC,758,404,273358560,0.87722222222222224
2015-11-14 00:00:00 UTC,758,402,273358560,3.381388888888889
2015-11-14 00:00:00 UTC,758,264,259489000,0.95083333333333342
2015-11-14 00:00:00 UTC,-266,1534,503318900,4.8959722222222215
2015-11-14 00:00:00 UTC,-266,1535,503318900,9.5773611111111112
2015-11-14 00:00:00 UTC,-266,876,224016000,0.92208333333333337
2015-11-14 00:00:00 UTC,-266,803,224556000,3.8801388888888892
2015-11-14 00:00:00 UTC,-266,25,224438000,2.8234722222222222
2015-11-14 00:00:00 UTC,-266,24,224438000,1.3455555555555554
2015-11-14 00:00:00 UTC,-266,43,224459000,1.3201388888888888
2015-11-14 00:00:00 UTC,-266,44,224459000,3.5325
2015-11-14 00:00:00 UTC,-266,50,224459000,3.5123611111111108
2015-11-14 00:00:00 UTC,-266,42,224459000,0.12458333333333334
2015-11-14 00:00:00 UTC,-10,-1055,431424000,1.9669444444444444
2015-11-14 00:00:00 UTC,-10,-1068,225983597,1.9716666666666667
2015-11-14 00:00:00 UTC,-10,-1064,225983597,1.3745833333333333
2015-11-14 00:00:00 UTC,-10,-1067,225983597,0.80444444444444441
2015-11-14 00:00:00 UTC,-10,-1065,225983597,2.4091666666666667
2015-11-14 00:00:00 UTC,-10,-1061,225983597,1.1029166666666668
2015-11-14 00:00:00 UTC,-10,-1062,225983597,2.11875
2015-11-14 00:00:00 UTC,-10,-1066,225983597,1.9954166666666666
2015-11-14 00:00:00 UTC,-10,-1128,735058806,0.86902777777777784
2015-11-14 00:00:00 UTC,-10,-1127,735058806,0.35138888888888886
2015-11-14 00:00:00 UTC,-10,-1126,735058806,1.8823611111111112
2015-11-14 00:00:00 UTC,-10,1798,553111738,5.5341666666666658
2015-11-14 00:00:00 UTC,-10,1797,553111738,0.3988888888888889
2015-11-14 00:00:00 UTC,-10,-1086,224342000,0.85666666666666669
2015-11-14 00:00:00 UTC,-10,-1090,224342000,0.68916666666666659
2015-11-14 00:00:00 UTC,-10,-1081,224918000,0.43125
2015-11-14 00:00:00 UTC,-10,-1080,224918000,0.35333333333333333
2015-11-14 00:00:00 UTC,-10,-1078,224918000,1.0156944444444447
2015-11-14 00:00:00 UTC,-10,1752,412371197,5.9884722222222226
2015-11-14 00:00:00 UTC,-10,1751,412371197,4.6836111111111123
2015-11-14 00:00:00 UTC,-10,1753,412371197,2.8538888888888891
2015-11-14 00:00:00 UTC,247,1200,412452608,2.2054166666666668
2015-11-14 00:00:00 UTC,247,1201,412452608,5.1413888888888888
2015-11-14 00:00:00 UTC,247,1200,412451844,5.1508333333333329
2015-11-14 00:00:00 UTC,247,1200,412451846,0.53097222222222218
2015-11-14 00:00:00 UTC,247,1201,412451846,3.6970833333333335
2015-11-14 00:00:00 UTC,247,1201,412452616,14.228472222222221
2015-11-14 00:00:00 UTC,247,1202,412452616,0.97833333333333328
2015-11-14 00:00:00 UTC,247,1188,412400395,1.5461111111111112
2015-11-14 00:00:00 UTC,247,1200,412452879,4.4525000000000006
2015-11-14 00:00:00 UTC,247,1189,412235538,2.45875
2015-11-14 00:00:00 UTC,247,1200,412451858,4.9144444444444444
2015-11-14 00:00:00 UTC,247,1190,800041237,9.8423611111111118
2015-11-14 00:00:00 UTC,247,1191,800041237,5.5926388888888887
2015-11-14 00:00:00 UTC,247,1189,800026391,3.8130555555555552
2015-11-14 00:00:00 UTC,247,1188,800022814,3.319722222222222
2015-11-14 00:00:00 UTC,247,1189,800022814,0.4094444444444445
2015-11-14 00:00:00 UTC,247,1188,412450594,3.7744444444444447
2015-11-14 00:00:00 UTC,247,1200,412451875,2.4534722222222225
2015-11-14 00:00:00 UTC,247,1205,416001571,1.0930555555555554
2015-11-14 00:00:00 UTC,247,1200,412451877,5.2394444444444446
2015-11-14 00:00:00 UTC,247,1199,412451877,0.64083333333333337
2015-11-14 00:00:00 UTC,247,1200,412451878,12.687638888888889
2015-11-14 00:00:00 UTC,247,1200,415602728,2.8979166666666667
2015-11-14 00:00:00 UTC,247,1205,416458537,1.345
2015-11-14 00:00:00 UTC,247,1200,412452909,6.0223611111111115
2015-11-14 00:00:00 UTC,247,1191,412457518,10.019305555555556
2015-11-14 00:00:00 UTC,247,1190,412457518,1.6694444444444443
2015-11-14 00:00:00 UTC,247,1187,412494130,4.7931944444444436
2015-11-14 00:00:00 UTC,247,1202,412451381,13.614305555555555
2015-11-14 00:00:00 UTC,247,1190,412453941,5.9922222222222219
2015-11-14 00:00:00 UTC,247,1190,813021242,15.505972222222223
2015-11-14 00:00:00 UTC,247,1189,813021242,1.7019444444444445
2015-11-14 00:00:00 UTC,247,1201,412452928,2.9209722222222219
2015-11-14 00:00:00 UTC,247,1203,412452928,1.2133333333333334
2015-11-14 00:00:00 UTC,247,1204,412452928,3.7461111111111114
2015-11-14 00:00:00 UTC,247,1188,413600580,0.48319444444444448
2015-11-14 00:00:00 UTC,247,1200,412450886,3.8311111111111109
2015-11-14 00:00:00 UTC,247,1190,412450886,2.0679166666666666
2015-11-14 00:00:00 UTC,247,1201,412450886,2.2733333333333334
2015-11-14 00:00:00 UTC,247,1204,416003143,1.1319444444444444
2015-11-14 00:00:00 UTC,247,1189,412450888,1.7413888888888889
2015-11-14 00:00:00 UTC,247,1188,412450888,0.14222222222222222
2015-11-14 00:00:00 UTC,247,1205,416458568,2.1477777777777778
2015-11-14 00:00:00 UTC,247,1201,412451913,1.0702777777777777
2015-11-14 00:00:00 UTC,247,1189,800000587,8.44125
2015-11-14 00:00:00 UTC,247,1188,800000587,7.2220833333333339
2015-11-14 00:00:00 UTC,247,1199,412452945,1.6926388888888888
2015-11-14 00:00:00 UTC,247,1201,412452945,4.5029166666666676
2015-11-14 00:00:00 UTC,247,1200,412452945,2.215
2015-11-14 00:00:00 UTC,247,1189,412450647,1.787361111111111
2015-11-14 00:00:00 UTC,247,1190,412450647,13.929444444444444
2015-11-14 00:00:00 UTC,247,1190,412457054,10.355555555555554
2015-11-14 00:00:00 UTC,247,1189,412457054,2.3931944444444446
2015-11-14 00:00:00 UTC,247,1200,412451428,2.7795833333333335
2015-11-14 00:00:00 UTC,247,1201,412451428,1.8394444444444444
2015-11-14 00:00:00 UTC,247,1199,412450917,4.1520833333333336
2015-11-14 00:00:00 UTC,247,1200,412450917,9.2833333333333332
2015-11-14 00:00:00 UTC,247,1190,800000102,8.75236111111111
2015-11-14 00:00:00 UTC,247,1200,412452711,2.0047222222222221
2015-11-14 00:00:00 UTC,247,1202,412452711,4.3522222222222222
2015-11-14 00:00:00 UTC,247,1201,412452711,1.69875
2015-11-14 00:00:00 UTC,247,1202,412451694,1.7468055555555555
2015-11-14 00:00:00 UTC,247,1189,412450672,5.9994444444444444
2015-11-14 00:00:00 UTC,247,1189,412450673,0.8436111111111112
2015-11-14 00:00:00 UTC,247,1189,800000120,5.153888888888889
2015-11-14 00:00:00 UTC,247,1190,800000120,5.3906944444444447
2015-11-14 00:00:00 UTC,247,1189,412451453,8.2119444444444447
2015-11-14 00:00:00 UTC,247,1190,412451967,12.074166666666667
2015-11-14 00:00:00 UTC,247,1188,415595393,0.90013888888888882
2015-11-14 00:00:00 UTC,247,1188,800027778,7.4251388888888892
2015-11-14 00:00:00 UTC,247,1190,412450946,2.7601388888888887
2015-11-14 00:00:00 UTC,247,1189,412450946,0.27763888888888888
2015-11-14 00:00:00 UTC,247,1191,412450946,5.4016666666666664
2015-11-14 00:00:00 UTC,247,1188,412451208,5.35625
2015-11-14 00:00:00 UTC,247,1189,412451208,1.18125
2015-11-14 00:00:00 UTC,247,1190,412451468,5.8845833333333344
2015-11-14 00:00:00 UTC,247,1189,412451468,5.6718055555555553
2015-11-14 00:00:00 UTC,247,1190,412451214,4.5037499999999993
2015-11-14 00:00:00 UTC,247,1191,412451214,5.8105555555555561
2015-11-14 00:00:00 UTC,247,1189,412451214,2.2190277777777774
2015-11-14 00:00:00 UTC,247,1200,462998944,3.7155555555555555
2015-11-14 00:00:00 UTC,247,1201,462998944,1.1302777777777777
2015-11-14 00:00:00 UTC,247,1203,462998944,2.1166666666666667
2015-11-14 00:00:00 UTC,247,1202,462998944,1.6884722222222224
2015-11-14 00:00:00 UTC,247,1190,412450977,8.5975
2015-11-14 00:00:00 UTC,247,1189,412450977,3.728472222222222
2015-11-14 00:00:00 UTC,247,1188,412596386,0.24569444444444444
2015-11-14 00:00:00 UTC,247,1189,412596386,5.49111111111111
2015-11-14 00:00:00 UTC,247,1190,412596386,1.7770833333333333
2015-11-14 00:00:00 UTC,247,1199,412451758,7.5309722222222222
2015-11-14 00:00:00 UTC,247,1200,412451758,1.2579166666666666
2015-11-14 00:00:00 UTC,247,1188,415595962,3.13125
2015-11-14 00:00:00 UTC,247,1188,412596666,3.0026388888888889
2015-11-14 00:00:00 UTC,247,1201,412452795,5.8545833333333333
2015-11-14 00:00:00 UTC,247,1200,412452795,1.1705555555555556
2015-11-14 00:00:00 UTC,247,1202,412452795,1.5181944444444444
2015-11-14 00:00:00 UTC,247,1200,412452031,6.4161111111111113
2015-11-14 00:00:00 UTC,247,1199,412452031,1.6831944444444447
2015-11-14 00:00:00 UTC,247,1187,815020227,3.1259722222222224
2015-11-14 00:00:00 UTC,247,1201,412452551,3.1438888888888887
2015-11-14 00:00:00 UTC,247,1200,412452551,6.7583333333333329
2015-11-14 00:00:00 UTC,247,1200,412451786,7.0815277777777776
2015-11-14 00:00:00 UTC,247,1201,412451532,11.178611111111111
2015-11-14 00:00:00 UTC,247,1200,412451532,1.9026388888888888
2015-11-14 00:00:00 UTC,247,1200,412451788,1.2177777777777776
2015-11-14 00:00:00 UTC,247,1201,412451788,3.7886111111111114
2015-11-14 00:00:00 UTC,247,1190,412450765,9.2568055555555571
2015-11-14 00:00:00 UTC,247,1189,412451791,2.7851388888888891
2015-11-14 00:00:00 UTC,247,1190,412451791,8.4175
2015-11-14 00:00:00 UTC,247,1202,412451025,4.3043055555555556
2015-11-14 00:00:00 UTC,247,1201,412451025,2.299722222222222
2015-11-14 00:00:00 UTC,247,1203,412451543,4.021527777777778
2015-11-14 00:00:00 UTC,247,1202,412451543,3.3897222222222219
2015-11-14 00:00:00 UTC,247,1201,9022935,6.8704166666666673
2015-11-14 00:00:00 UTC,247,1202,9022935,1.0186111111111111
2015-11-14 00:00:00 UTC,247,1200,9022935,0.79805555555555552
2015-11-14 00:00:00 UTC,247,1199,9022935,1.47375
2015-11-14 00:00:00 UTC,247,-156,242167000,1.433888888888889
2015-11-14 00:00:00 UTC,247,1189,100701145,0.49875
2015-11-14 00:00:00 UTC,247,1188,100701145,2.0398611111111111
2015-11-14 00:00:00 UTC,247,1201,412451806,1.2419444444444445
2015-11-14 00:00:00 UTC,247,1203,412451806,2.2115277777777775
2015-11-14 00:00:00 UTC,247,1202,412451806,5.158611111111111
2015-11-14 00:00:00 UTC,247,1189,412444898,18.951666666666664
2015-11-14 00:00:00 UTC,247,1188,412444898,1.3095833333333333
2015-11-14 00:00:00 UTC,247,1468,416220900,9.200972222222223
2015-11-14 00:00:00 UTC,247,1200,412451558,20.155416666666671
2015-11-14 00:00:00 UTC,247,1199,412451815,2.1276388888888889
2015-11-14 00:00:00 UTC,247,1188,800026088,1.7283333333333333
2015-11-14 00:00:00 UTC,247,1190,412452329,2.4859722222222222
2015-11-14 00:00:00 UTC,247,1201,412451563,2.785277777777778
2015-11-14 00:00:00 UTC,247,1200,412451563,3.8345833333333328
2015-11-14 00:00:00 UTC,247,1189,800038131,5.3993055555555554
2015-11-14 00:00:00 UTC,247,1201,412451572,6.0345833333333339
2015-11-14 00:00:00 UTC,247,1200,412451572,2.0206944444444446
2015-11-14 00:00:00 UTC,247,-156,242138100,0.23430555555555557
2015-11-14 00:00:00 UTC,247,1188,812021238,8.1056944444444454
2015-11-14 00:00:00 UTC,247,1200,412451064,2.4004166666666666
2015-11-14 00:00:00 UTC,247,1201,412451579,17.409444444444446
2015-11-14 00:00:00 UTC,247,1190,200015611,0.63930555555555557
2015-11-14 00:00:00 UTC,247,1189,200015611,6.7087499999999993
2015-11-14 00:00:00 UTC,247,1190,412451581,8.30125
2015-11-14 00:00:00 UTC,247,1189,412451581,0.40069444444444446
2015-11-14 00:00:00 UTC,503,8,244309000,0.7825
2015-11-14 00:00:00 UTC,503,-35,235097102,1.9281944444444448
2015-11-14 00:00:00 UTC,503,9,244938000,3.5891666666666664
2015-11-14 00:00:00 UTC,503,-30,250002704,0.76027777777777783
2015-11-14 00:00:00 UTC,503,-32,250002704,0.76611111111111119
2015-11-14 00:00:00 UTC,503,-31,250002704,0.52055555555555555
2015-11-14 00:00:00 UTC,503,-33,235061272,0.25680555555555556
2015-11-14 00:00:00 UTC,503,5,205289000,3.6930555555555555
2015-11-14 00:00:00 UTC,503,8,205289000,4.5894444444444442
2015-11-14 00:00:00 UTC,503,-31,235000360,2.2223611111111108
2015-11-14 00:00:00 UTC,503,-58,235095109,3.0801388888888885
2015-11-14 00:00:00 UTC,503,-59,235095109,0.25402777777777774
2015-11-14 00:00:00 UTC,503,7,205170000,3.6334722222222222
2015-11-14 00:00:00 UTC,503,9,205170000,1.8152777777777778
2015-11-14 00:00:00 UTC,503,8,205170000,1.1030555555555555
2015-11-14 00:00:00 UTC,503,-33,232004700,1.2886111111111109
2015-11-14 00:00:00 UTC,503,-32,232004700,5.6897222222222217
2015-11-14 00:00:00 UTC,503,-89,224324000,2.0330555555555554
2015-11-14 00:00:00 UTC,503,-34,235088807,0.34736111111111112
2015-11-14 00:00:00 UTC,503,-33,205241000,3.9643055555555562
2015-11-14 00:00:00 UTC,503,-34,205241000,9.51513888888889
2015-11-14 00:00:00 UTC,503,-84,250003127,1.1044444444444446
2015-11-14 00:00:00 UTC,503,-82,250003127,0.52930555555555558
2015-11-14 00:00:00 UTC,503,-37,235002082,0.27111111111111108
2015-11-14 00:00:00 UTC,503,-36,232004607,1.0784722222222223
2015-11-14 00:00:00 UTC,503,-35,232004607,3.393472222222222
2015-11-14 00:00:00 UTC,503,-34,232004607,0.44819444444444445
2015-11-14 00:00:00 UTC,759,185,259647000,2.7722222222222226
2015-11-14 00:00:00 UTC,759,184,259647000,0.7959722222222223
2015-11-14 00:00:00 UTC,759,186,259647000,1.9520833333333334
2015-11-14 00:00:00 UTC,759,403,275444000,2.4669444444444446
2015-11-14 00:00:00 UTC,759,402,275444000,0.99444444444444435
2015-11-14 00:00:00 UTC,759,408,275453000,2.9756944444444446
2015-11-14 00:00:00 UTC,759,407,273358560,0.78041666666666676
2015-11-14 00:00:00 UTC,759,406,273358560,1.0399999999999998
2015-11-14 00:00:00 UTC,759,264,259489000,1.6220833333333333
2015-11-14 00:00:00 UTC,-521,-634,224978000,3.0162500000000003
2015-11-14 00:00:00 UTC,-265,388,461000062,11.512222222222222
2015-11-14 00:00:00 UTC,-265,878,224016000,1.6165277777777778
2015-11-14 00:00:00 UTC,-265,876,224016000,1.0434722222222221
2015-11-14 00:00:00 UTC,-265,880,224016000,3.0406944444444441
2015-11-14 00:00:00 UTC,-265,805,224556000,0.7775
2015-11-14 00:00:00 UTC,-265,24,224438000,1.9276388888888891
2015-11-14 00:00:00 UTC,-265,42,224459000,2.1727777777777777
2015-11-14 00:00:00 UTC,-265,52,224459000,2.4233333333333333
2015-11-14 00:00:00 UTC,-9,-1056,431424000,3.3161111111111108
2015-11-14 00:00:00 UTC,-9,-1055,431424000,2.9079166666666665
2015-11-14 00:00:00 UTC,-9,-1063,225983597,2.1747222222222224
2015-11-14 00:00:00 UTC,-9,-1064,225983597,0.58194444444444438
2015-11-14 00:00:00 UTC,-9,-1062,225983597,1.0873611111111112
2015-11-14 00:00:00 UTC,-9,-1065,225983597,0.65777777777777779
2015-11-14 00:00:00 UTC,-9,-1128,735058806,1.9043055555555557
2015-11-14 00:00:00 UTC,-9,-1127,735058806,1.3561111111111108
2015-11-14 00:00:00 UTC,-9,-1129,735058806,1.5295833333333333
2015-11-14 00:00:00 UTC,-9,-1126,735058806,2.3661111111111111
2015-11-14 00:00:00 UTC,-9,-1123,224154000,2.67375
2015-11-14 00:00:00 UTC,-9,1798,553111738,5.20875
2015-11-14 00:00:00 UTC,-9,-1079,224918000,0.81069444444444438
2015-11-14 00:00:00 UTC,-9,-1078,224918000,0.42597222222222225
2015-11-14 00:00:00 UTC,-9,-1408,224523000,0.16402777777777777
2015-11-14 00:00:00 UTC,-9,1749,412371197,2.7733333333333334
2015-11-14 00:00:00 UTC,-9,1747,412371197,0.34569444444444442
2015-11-14 00:00:00 UTC,-9,1748,412371197,1.9377777777777778
2015-11-14 00:00:00 UTC,248,1201,412452608,1.9681944444444444
2015-11-14 00:00:00 UTC,248,1201,412451846,0.9669444444444445
2015-11-14 00:00:00 UTC,248,1200,412451846,1.9979166666666668
2015-11-14 00:00:00 UTC,248,1203,412452616,7.0269444444444442
2015-11-14 00:00:00 UTC,248,1202,412452879,2.0026388888888889
2015-11-14 00:00:00 UTC,248,1201,412451858,4.13486111111111
2015-11-14 00:00:00 UTC,248,1202,412451858,3.4041666666666668
2015-11-14 00:00:00 UTC,248,1189,100880405,16.307222222222222
2015-11-14 00:00:00 UTC,248,1190,800041237,6.9686111111111106
2015-11-14 00:00:00 UTC,248,1189,800031001,21.999166666666664
2015-11-14 00:00:00 UTC,248,1190,800031001,0.38222222222222224
2015-11-14 00:00:00 UTC,248,1188,412450594,1.2525
2015-11-14 00:00:00 UTC,248,1205,416001571,0.50527777777777771
2015-11-14 00:00:00 UTC,248,1200,412451877,8.0195833333333333
2015-11-14 00:00:00 UTC,248,1200,412451878,8.1802777777777784
2015-11-14 00:00:00 UTC,248,1205,416458537,2.5577777777777779
2015-11-14 00:00:00 UTC,248,1189,800022060,27.316805555555554
2015-11-14 00:00:00 UTC,248,1190,800022060,3.7833333333333337
2015-11-14 00:00:00 UTC,248,1202,412452909,5.8166666666666664
2015-11-14 00:00:00 UTC,248,1190,412457518,0.18708333333333332
2015-11-14 00:00:00 UTC,248,1202,412451381,2.7247222222222223
2015-11-14 00:00:00 UTC,248,1190,813021242,1.0834722222222224
2015-11-14 00:00:00 UTC,248,1188,800000574,1.94625
2015-11-14 00:00:00 UTC,248,1188,413600580,1.5455555555555556
2015-11-14 00:00:00 UTC,248,1205,416003143,2.9693055555555556
2015-11-14 00:00:00 UTC,248,1205,416458568,1.61875
2015-11-14 00:00:00 UTC,248,1188,800000587,2.9929166666666669
2015-11-14 00:00:00 UTC,248,1189,800000587,2.6849999999999996
2015-11-14 00:00:00 UTC,248,-823,366783820,7.9026388888888883
2015-11-14 00:00:00 UTC,248,1201,412452945,1.6366666666666667
2015-11-14 00:00:00 UTC,248,1189,412444757,3.0223611111111106
2015-11-14 00:00:00 UTC,248,1190,412444757,5.9362499999999994
2015-11-14 00:00:00 UTC,248,1190,412450647,0.25944444444444448
2015-11-14 00:00:00 UTC,248,1201,412451428,2.1756944444444448
2015-11-14 00:00:00 UTC,248,1201,412452711,0.84777777777777774
2015-11-14 00:00:00 UTC,248,1202,412452711,1.0845833333333332
2015-11-14 00:00:00 UTC,248,1203,412452711,2.2751388888888888
2015-11-14 00:00:00 UTC,248,1200,412452711,1.2368055555555557
2015-11-14 00:00:00 UTC,248,1190,800000120,0.985138888888889
2015-11-14 00:00:00 UTC,248,1191,800000120,3.9575
2015-11-14 00:00:00 UTC,248,1190,412596090,6.4430555555555564
2015-11-14 00:00:00 UTC,248,1188,800000127,4.096111111111111
2015-11-14 00:00:00 UTC,248,1189,800000127,1.0684722222222223
2015-11-14 00:00:00 UTC,248,1190,412450946,1.1066666666666667
2015-11-14 00:00:00 UTC,248,1190,412451214,1.216388888888889
2015-11-14 00:00:00 UTC,248,1200,462998944,1.1501388888888888
2015-11-14 00:00:00 UTC,248,1203,462998944,3.3841666666666663
2015-11-14 00:00:00 UTC,248,-174,431500470,0.94375000000000009
2015-11-14 00:00:00 UTC,248,1202,412452795,0.962361111111111
2015-11-14 00:00:00 UTC,248,1201,412452795,1.1086111111111112
2015-11-14 00:00:00 UTC,248,1201,412452029,3.9956944444444447
2015-11-14 00:00:00 UTC,248,1200,412452031,3.0522222222222224
2015-11-14 00:00:00 UTC,248,1202,412452551,1.2830555555555554
2015-11-14 00:00:00 UTC,248,1200,412451786,2.2886111111111114
2015-11-14 00:00:00 UTC,248,1201,412451532,2.507916666666667
2015-11-14 00:00:00 UTC,248,1201,412451788,5.4380555555555548
2015-11-14 00:00:00 UTC,248,1202,412451788,1.7493055555555554
2015-11-14 00:00:00 UTC,248,1190,412451023,2.4655555555555555
2015-11-14 00:00:00 UTC,248,1188,412451791,5.2891666666666666
2015-11-14 00:00:00 UTC,248,1189,412451791,0.3372222222222222
2015-11-14 00:00:00 UTC,248,1202,412451025,4.5848611111111115
2015-11-14 00:00:00 UTC,248,1203,412451025,1.5343055555555556
2015-11-14 00:00:00 UTC,248,1202,412451543,7.9702777777777776
2015-11-14 00:00:00 UTC,248,1204,412451543,1.8422222222222222
2015-11-14 00:00:00 UTC,248,1202,9022935,3.6427777777777779
2015-11-14 00:00:00 UTC,248,1203,9022935,2.1769444444444446
2015-11-14 00:00:00 UTC,248,1203,412451806,3.46375
2015-11-14 00:00:00 UTC,248,1202,412451806,2.200277777777778
2015-11-14 00:00:00 UTC,248,1200,412451815,9.8304166666666681
2015-11-14 00:00:00 UTC,248,1200,412451563,2.5476388888888888
2015-11-14 00:00:00 UTC,248,1190,800022769,5.1741666666666664
2015-11-14 00:00:00 UTC,248,1189,200015611,8.2340277777777775
2015-11-14 00:00:00 UTC,504,9,244938000,2.5806944444444442
2015-11-14 00:00:00 UTC,504,10,244938000,5.1816666666666666
2015-11-14 00:00:00 UTC,504,11,244938000,0.2583333333333333
2015-11-14 00:00:00 UTC,504,-32,235061272,0.99972222222222218
2015-11-14 00:00:00 UTC,504,-33,235061272,1.0615277777777781
2015-11-14 00:00:00 UTC,504,-31,235000360,7.0845833333333337
2015-11-14 00:00:00 UTC,504,-4,205149000,1.2958333333333334
2015-11-14 00:00:00 UTC,504,-2,205149000,0.78736111111111107
2015-11-14 00:00:00 UTC,504,-3,205149000,4.0940277777777778
2015-11-14 00:00:00 UTC,504,0,205170000,0.25569444444444445
2015-11-14 00:00:00 UTC,504,1,205170000,1.5736111111111108
2015-11-14 00:00:00 UTC,504,-32,232004700,3.0056944444444444
2015-11-14 00:00:00 UTC,504,-90,224324000,7.2961111111111112
2015-11-14 00:00:00 UTC,504,-84,250003127,1.07
2015-11-14 00:00:00 UTC,504,-30,227146700,0.77916666666666656
2015-11-14 00:00:00 UTC,504,-26,227146700,2.355
2015-11-14 00:00:00 UTC,504,-27,227146700,5.1643055555555559
2015-11-14 00:00:00 UTC,504,-34,232004607,2.2190277777777778
2015-11-14 00:00:00 UTC,504,-35,232004607,3.8081944444444442
2015-11-14 00:00:00 UTC,760,186,259647000,1.5684722222222223
2015-11-14 00:00:00 UTC,760,406,275444000,4.7702777777777774
2015-11-14 00:00:00 UTC,760,408,275444000,1.6018055555555555
2015-11-14 00:00:00 UTC,760,405,275444000,3.159583333333333
2015-11-14 00:00:00 UTC,760,407,275444000,4.7116666666666669
2015-11-14 00:00:00 UTC,760,365,258099000,2.5279166666666666
2015-11-14 00:00:00 UTC,760,364,258099000,2.7034722222222225
2015-11-14 00:00:00 UTC,760,367,258099000,1.3570833333333334
2015-11-14 00:00:00 UTC,760,408,275453000,5.7130555555555569
2015-11-14 00:00:00 UTC,760,407,275453000,2.31125
2015-11-14 00:00:00 UTC,760,403,275453000,0.77083333333333337
2015-11-14 00:00:00 UTC,760,409,275453000,0.8322222222222222
2015-11-14 00:00:00 UTC,760,406,275453000,3.2833333333333332
2015-11-14 00:00:00 UTC,760,404,275453000,1.1933333333333331
2015-11-14 00:00:00 UTC,-520,-635,224820000,0.73249999999999993
2015-11-14 00:00:00 UTC,-264,805,224556000,0.995
2015-11-14 00:00:00 UTC,-264,24,224438000,5.8429166666666674
2015-11-14 00:00:00 UTC,-264,42,224459000,1.3681944444444443
2015-11-14 00:00:00 UTC,-8,-1065,225983597,1.9465277777777779
2015-11-14 00:00:00 UTC,-8,-1130,735058806,2.4202777777777778
2015-11-14 00:00:00 UTC,-8,-1128,735058806,0.1736111111111111
2015-11-14 00:00:00 UTC,-8,-1127,735058806,1.6973611111111111
2015-11-14 00:00:00 UTC,-8,-1126,735058806,2.5976388888888891
2015-11-14 00:00:00 UTC,-8,-1097,224581000,2.6348611111111109
2015-11-14 00:00:00 UTC,-8,-1125,224154000,0.51027777777777772
2015-11-14 00:00:00 UTC,-8,-1126,224154000,0.2540277777777778
2015-11-14 00:00:00 UTC,-8,-1079,224918000,0.72013888888888888
2015-11-14 00:00:00 UTC,249,1202,412452879,0.67416666666666669
2015-11-14 00:00:00 UTC,249,1203,412452879,2.0468055555555553
2015-11-14 00:00:00 UTC,249,1203,412452711,3.3658333333333328
2015-11-14 00:00:00 UTC,249,1204,462998944,3.4881944444444439
2015-11-14 00:00:00 UTC,249,1201,462998944,1.65
2015-11-14 00:00:00 UTC,249,1202,462998944,0.87541666666666662
2015-11-14 00:00:00 UTC,249,1201,412451788,0.86444444444444435
2015-11-14 00:00:00 UTC,249,1202,412451788,0.86208333333333331
2015-11-14 00:00:00 UTC,505,11,244938000,4.7898611111111107
2015-11-14 00:00:00 UTC,505,12,244938000,0.31208333333333338
2015-11-14 00:00:00 UTC,505,-30,235061272,3.8213888888888889
2015-11-14 00:00:00 UTC,505,-28,235061272,0.77180555555555563
2015-11-14 00:00:00 UTC,505,-27,235061272,0.51847222222222222
2015-11-14 00:00:00 UTC,505,-31,235061272,2.3055555555555554
2015-11-14 00:00:00 UTC,505,-29,235061272,1.0233333333333334
2015-11-14 00:00:00 UTC,505,-4,205149000,1.0270833333333333
2015-11-14 00:00:00 UTC,505,-2,205149000,2.347777777777778
2015-11-14 00:00:00 UTC,505,-1,205149000,2.5708333333333337
2015-11-14 00:00:00 UTC,505,-3,205149000,11.883194444444445
2015-11-14 00:00:00 UTC,505,-1,205170000,3.5368055555555555
2015-11-14 00:00:00 UTC,505,1,205170000,1.8218055555555552
2015-11-14 00:00:00 UTC,505,-2,205170000,3.9669444444444446
2015-11-14 00:00:00 UTC,505,0,205170000,0.94541666666666679
2015-11-14 00:00:00 UTC,505,-3,205170000,0.26847222222222222
2015-11-14 00:00:00 UTC,505,2,205170000,0.26402777777777775
2015-11-14 00:00:00 UTC,505,-30,227146700,0.25277777777777777
2015-11-14 00:00:00 UTC,505,-28,227146700,3.0747222222222219
2015-11-14 00:00:00 UTC,505,-29,227146700,2.2766666666666668
2015-11-14 00:00:00 UTC,505,-27,227146700,1.8076388888888888
2015-11-14 00:00:00 UTC,505,8,205259000,9.7009722222222265
2015-11-14 00:00:00 UTC,761,364,258099000,3.8216666666666668
2015-11-14 00:00:00 UTC,761,363,258099000,0.2252777777777778
2015-11-14 00:00:00 UTC,761,367,258099000,3.3791666666666669
2015-11-14 00:00:00 UTC,761,365,258099000,0.83708333333333351
2015-11-14 00:00:00 UTC,761,407,275453000,1.3022222222222224
2015-11-14 00:00:00 UTC,761,408,275453000,3.5133333333333332
2015-11-14 00:00:00 UTC,761,409,275453000,2.3819444444444442
2015-11-14 00:00:00 UTC,761,425,273459300,1.5661111111111112
2015-11-14 00:00:00 UTC,761,423,273459300,0.85569444444444442
2015-11-14 00:00:00 UTC,-519,-635,224820000,1.6168055555555554
2015-11-14 00:00:00 UTC,-519,-633,224559000,3.7493055555555554
2015-11-14 00:00:00 UTC,-263,351,432463000,1.6561111111111111
2015-11-14 00:00:00 UTC,-263,349,432463000,1.0305555555555557
2015-11-14 00:00:00 UTC,-263,350,432463000,0.34319444444444447
2015-11-14 00:00:00 UTC,-263,348,432463000,7.1880555555555556
2015-11-14 00:00:00 UTC,-263,805,224556000,5.6045833333333341
2015-11-14 00:00:00 UTC,-263,24,224438000,1.3740277777777778
2015-11-14 00:00:00 UTC,-263,42,224459000,1.565
2015-11-14 00:00:00 UTC,-7,-1057,431424000,2.2558333333333334
2015-11-14 00:00:00 UTC,-7,-1065,225983597,2.8527777777777779
2015-11-14 00:00:00 UTC,-7,-1126,735058806,1.8247222222222221
2015-11-14 00:00:00 UTC,-7,-1128,735058806,0.54555555555555546
2015-11-14 00:00:00 UTC,-7,-1099,224581000,1.9708333333333332
2015-11-14 00:00:00 UTC,-7,-1097,224581000,1.8429166666666665
2015-11-14 00:00:00 UTC,-7,-1123,224154000,1.8263888888888888
2015-11-14 00:00:00 UTC,-7,-1125,224154000,0.7681944444444444
2015-11-14 00:00:00 UTC,-7,-1122,224154000,3.1040277777777776
2015-11-14 00:00:00 UTC,-7,-1100,224366000,4.4763888888888888
2015-11-14 00:00:00 UTC,-7,-1079,224918000,1.2279166666666665
2015-11-14 00:00:00 UTC,250,1203,412452879,0.5643055555555555
2015-11-14 00:00:00 UTC,250,1203,412452711,2.2320833333333336
2015-11-14 00:00:00 UTC,250,1202,462998944,1.6013888888888888
2015-11-14 00:00:00 UTC,250,-173,431500470,0.46444444444444444
2015-11-14 00:00:00 UTC,250,1202,412451788,0.86833333333333318
2015-11-14 00:00:00 UTC,250,1203,412451788,1.4991666666666665
2015-11-14 00:00:00 UTC,506,2,235110949,1.0587499999999999
2015-11-14 00:00:00 UTC,506,4,235110949,2.0861111111111112
2015-11-14 00:00:00 UTC,506,-1,205170000,0.12611111111111112
2015-11-14 00:00:00 UTC,506,4,235039652,2.8123611111111111
2015-11-14 00:00:00 UTC,506,-112,227831000,4.8661111111111115
2015-11-14 00:00:00 UTC,506,10,205239000,5.9137499999999985
2015-11-14 00:00:00 UTC,506,7,205239000,3.6923611111111114
2015-11-14 00:00:00 UTC,506,11,205239000,0.2583333333333333
2015-11-14 00:00:00 UTC,506,8,205239000,3.3419444444444442
2015-11-14 00:00:00 UTC,506,9,205239000,3.3175
2015-11-14 00:00:00 UTC,506,6,205239000,0.67138888888888892
2015-11-14 00:00:00 UTC,506,5,235001841,0.29986111111111113
2015-11-14 00:00:00 UTC,506,4,235001841,3.3079166666666668
2015-11-14 00:00:00 UTC,506,8,205259000,11.83208333333333
2015-11-14 00:00:00 UTC,506,7,205259000,2.5193055555555555
2015-11-14 00:00:00 UTC,762,366,258099000,0.76652777777777781
2015-11-14 00:00:00 UTC,762,365,258099000,4.7416666666666663
2015-11-14 00:00:00 UTC,762,363,258099000,1.4161111111111113
2015-11-14 00:00:00 UTC,762,364,258099000,0.95333333333333325
2015-11-14 00:00:00 UTC,762,199,273354820,0.53527777777777774
2015-11-14 00:00:00 UTC,762,418,273459300,0.13902777777777778
2015-11-14 00:00:00 UTC,762,423,273459300,1.7348611111111112
2015-11-14 00:00:00 UTC,762,417,273459300,0.716111111111111
2015-11-14 00:00:00 UTC,762,425,273459300,1.5658333333333334
2015-11-14 00:00:00 UTC,762,419,273459300,1.6038888888888889
2015-11-14 00:00:00 UTC,762,412,273459300,0.93513888888888885
2015-11-14 00:00:00 UTC,762,413,273459300,1.4081944444444445
2015-11-14 00:00:00 UTC,762,414,273459300,1.538472222222222
2015-11-14 00:00:00 UTC,762,415,273459300,0.78444444444444439
2015-11-14 00:00:00 UTC,762,421,273459300,5.5091666666666654
2015-11-14 00:00:00 UTC,762,422,273459300,0.93722222222222218
2015-11-14 00:00:00 UTC,762,437,231066000,0.765
2015-11-14 00:00:00 UTC,762,187,259691000,3.7759722222222223
2015-11-14 00:00:00 UTC,762,185,259691000,1.0269444444444444
2015-11-14 00:00:00 UTC,762,189,259691000,1.2218055555555556
2015-11-14 00:00:00 UTC,762,188,259691000,3.9397222222222226
2015-11-14 00:00:00 UTC,762,186,259691000,0.77597222222222229
2015-11-14 00:00:00 UTC,-518,-635,224820000,1.4181944444444445
2015-11-14 00:00:00 UTC,-518,-635,224978000,3.0050000000000003
2015-11-14 00:00:00 UTC,-518,-636,224978000,0.67638888888888893
2015-11-14 00:00:00 UTC,-262,1712,224256000,4.0725
2015-11-14 00:00:00 UTC,-262,349,432463000,2.4055555555555554
2015-11-14 00:00:00 UTC,-262,351,432463000,1.3169444444444445
2015-11-14 00:00:00 UTC,-262,348,432463000,0.1
2015-11-14 00:00:00 UTC,-262,1610,412326560,2.3505555555555553
2015-11-14 00:00:00 UTC,-262,1609,412326560,1.6786111111111111
2015-11-14 00:00:00 UTC,-262,1611,412326560,4.7608333333333333
2015-11-14 00:00:00 UTC,-262,1607,412326560,4.8780555555555551
2015-11-14 00:00:00 UTC,-262,24,224438000,1.1625000000000003
2015-11-14 00:00:00 UTC,-262,23,224438000,2.8379166666666666
2015-11-14 00:00:00 UTC,-262,43,224459000,0.52930555555555558
2015-11-14 00:00:00 UTC,-262,42,224459000,1.0897222222222223
2015-11-14 00:00:00 UTC,-262,45,224459000,1.62
2015-11-14 00:00:00 UTC,-6,-1059,431424000,2.4997222222222222
2015-11-14 00:00:00 UTC,-6,-1083,224992000,1.5219444444444445
2015-11-14 00:00:00 UTC,-6,-1084,224992000,1.5229166666666667
2015-11-14 00:00:00 UTC,-6,-1085,224992000,1.5101388888888889
2015-11-14 00:00:00 UTC,-6,-1066,225983597,2.0677777777777777
2015-11-14 00:00:00 UTC,-6,-1126,735058806,2.4761111111111114
2015-11-14 00:00:00 UTC,-6,-1129,735058806,1.7195833333333332
2015-11-14 00:00:00 UTC,-6,-1100,224581000,2.5786111111111114
2015-11-14 00:00:00 UTC,-6,-1099,224581000,0.36375
2015-11-14 00:00:00 UTC,-6,-1096,224581000,2.0090277777777779
2015-11-14 00:00:00 UTC,-6,-1121,224154000,1.4298611111111112
2015-11-14 00:00:00 UTC,-6,-1125,224154000,0.7055555555555556
2015-11-14 00:00:00 UTC,-6,-1123,224154000,1.615
2015-11-14 00:00:00 UTC,-6,-1126,224154000,2.3712500000000003
2015-11-14 00:00:00 UTC,-6,-1122,224154000,2.1126388888888892
2015-11-14 00:00:00 UTC,-6,-1124,224154000,2.5522222222222224
2015-11-14 00:00:00 UTC,-6,-1101,224366000,1.3893055555555556
2015-11-14 00:00:00 UTC,-6,-1080,224918000,2.8550000000000004
2015-11-14 00:00:00 UTC,251,1213,416035610,0.29791666666666666
2015-11-14 00:00:00 UTC,251,1212,416025129,0.95083333333333331
2015-11-14 00:00:00 UTC,251,1213,416306476,0.58152777777777775
2015-11-14 00:00:00 UTC,251,1217,416041048,1.1819444444444445
2015-11-14 00:00:00 UTC,251,1212,200005219,6.0588888888888874
2015-11-14 00:00:00 UTC,251,1213,200005219,0.92624999999999991
2015-11-14 00:00:00 UTC,251,1216,200005495,0.31500000000000006
2015-11-14 00:00:00 UTC,251,1211,900030095,3.7118055555555554
2015-11-14 00:00:00 UTC,251,1212,416003216,0.8290277777777777
2015-11-14 00:00:00 UTC,251,1213,416003216,2.6615277777777777
2015-11-14 00:00:00 UTC,251,1217,416900016,2.4080555555555558
2015-11-14 00:00:00 UTC,251,1218,416900016,4.0125
2015-11-14 00:00:00 UTC,251,517,466516400,1.753611111111111
2015-11-14 00:00:00 UTC,251,1217,200005060,0.42222222222222217
2015-11-14 00:00:00 UTC,251,1217,900023514,2.037638888888889
2015-11-14 00:00:00 UTC,507,11,227320070,2.3480555555555553
2015-11-14 00:00:00 UTC,507,14,244938000,0.5230555555555555
2015-11-14 00:00:00 UTC,507,14,227320080,0.5165277777777777
2015-11-14 00:00:00 UTC,507,13,227320080,1.3497222222222223
2015-11-14 00:00:00 UTC,507,-12,235040028,5.8838888888888912
2015-11-14 00:00:00 UTC,507,-13,235040028,0.2023611111111111
2015-11-14 00:00:00 UTC,507,2,235110949,0.4325
2015-11-14 00:00:00 UTC,507,4,235110949,3.5837499999999998
2015-11-14 00:00:00 UTC,507,5,235096124,0.25569444444444445
2015-11-14 00:00:00 UTC,507,4,235096124,3.7847222222222214
2015-11-14 00:00:00 UTC,507,13,227317390,1.8655555555555556
2015-11-14 00:00:00 UTC,507,-95,224324000,14.640833333333333
2015-11-14 00:00:00 UTC,507,-12,235090081,2.7440277777777782
2015-11-14 00:00:00 UTC,507,-11,235090081,0.95180555555555568
2015-11-14 00:00:00 UTC,507,3,235039652,0.86166666666666658
2015-11-14 00:00:00 UTC,507,4,235039652,1.2334722222222223
2015-11-14 00:00:00 UTC,507,5,235039652,0.7038888888888889
2015-11-14 00:00:00 UTC,507,3,235068355,1.3311111111111114
2015-11-14 00:00:00 UTC,507,2,235068355,0.86652777777777779
2015-11-14 00:00:00 UTC,507,-113,227831000,4.3626388888888892
2015-11-14 00:00:00 UTC,507,-112,227831000,6.5229166666666671
2015-11-14 00:00:00 UTC,507,9,205239000,0.77680555555555553
2015-11-14 00:00:00 UTC,507,10,205239000,2.3080555555555553
2015-11-14 00:00:00 UTC,507,11,205239000,3.8661111111111115
2015-11-14 00:00:00 UTC,763,361,258099000,1.5665277777777777
2015-11-14 00:00:00 UTC,763,235,273354820,0.81097222222222221
2015-11-14 00:00:00 UTC,763,441,231751000,1.5505555555555555
2015-11-14 00:00:00 UTC,763,440,231751000,0.81402777777777779
2015-11-14 00:00:00 UTC,763,439,231751000,2.6983333333333333
2015-11-14 00:00:00 UTC,763,438,231751000,1.5488888888888888
2015-11-14 00:00:00 UTC,763,437,231751000,1.5681944444444444
2015-11-14 00:00:00 UTC,763,195,273316960,1.5973611111111112
2015-11-14 00:00:00 UTC,763,419,273459300,2.3843055555555557
2015-11-14 00:00:00 UTC,763,418,273459300,0.79375
2015-11-14 00:00:00 UTC,763,414,273459300,0.84847222222222218
2015-11-14 00:00:00 UTC,763,413,273894000,1.0772222222222223
2015-11-14 00:00:00 UTC,763,436,231066000,1.5486111111111112
2015-11-14 00:00:00 UTC,763,435,231066000,0.083194444444444446
2015-11-14 00:00:00 UTC,763,437,231066000,4.0034722222222223
2015-11-14 00:00:00 UTC,763,233,259565000,0.21986111111111112
2015-11-14 00:00:00 UTC,763,196,273326830,1.3411111111111111
2015-11-14 00:00:00 UTC,763,191,259691000,0.79458333333333331
2015-11-14 00:00:00 UTC,763,189,259691000,4.488611111111112
2015-11-14 00:00:00 UTC,763,188,259691000,1.8022222222222222
2015-11-14 00:00:00 UTC,763,190,259691000,6.4595833333333319
2015-11-14 00:00:00 UTC,-517,-635,224820000,1.7455555555555553
2015-11-14 00:00:00 UTC,-517,-635,224978000,0.8272222222222223
2015-11-14 00:00:00 UTC,-517,-636,224978000,0.51180555555555562
2015-11-14 00:00:00 UTC,-517,-635,224559000,1.3572222222222221
2015-11-14 00:00:00 UTC,-517,-634,224559000,2.2719444444444443
2015-11-14 00:00:00 UTC,-261,1721,224256000,2.4106944444444447
2015-11-14 00:00:00 UTC,-261,1720,224256000,1.7777777777777777
2015-11-14 00:00:00 UTC,-261,1723,224256000,0.39166666666666666
2015-11-14 00:00:00 UTC,-261,1718,224256000,0.67805555555555552
2015-11-14 00:00:00 UTC,-261,1722,224256000,3.245
2015-11-14 00:00:00 UTC,-261,1719,224256000,1.4916666666666667
2015-11-14 00:00:00 UTC,-261,1608,412326560,6.208333333333333
2015-11-14 00:00:00 UTC,-261,23,224438000,2.1747222222222224
2015-11-14 00:00:00 UTC,-261,44,224459000,0.96930555555555564
2015-11-14 00:00:00 UTC,-261,43,224459000,2.4669444444444446
2015-11-14 00:00:00 UTC,-5,-1059,431424000,4.1056944444444436
2015-11-14 00:00:00 UTC,-5,-1086,224992000,2.6123611111111109
2015-11-14 00:00:00 UTC,-5,-1084,224992000,1.2430555555555556
2015-11-14 00:00:00 UTC,-5,-1083,224992000,3.2194444444444441
2015-11-14 00:00:00 UTC,-5,1782,440885000,1.7530555555555551
2015-11-14 00:00:00 UTC,-5,-1089,224017000,0.78458333333333341
2015-11-14 00:00:00 UTC,-5,-1081,224987000,1.3712499999999999
2015-11-14 00:00:00 UTC,-5,-1076,224987000,0.66666666666666663
2015-11-14 00:00:00 UTC,-5,-1078,224987000,2.4249999999999994
2015-11-14 00:00:00 UTC,-5,-1079,224987000,1.26375
2015-11-14 00:00:00 UTC,-5,-1077,224987000,1.3654166666666667
2015-11-14 00:00:00 UTC,-5,-1097,224581000,3.1116666666666668
2015-11-14 00:00:00 UTC,-5,-1098,224581000,3.0347222222222223
2015-11-14 00:00:00 UTC,-5,-1096,224581000,0.55805555555555553
2015-11-14 00:00:00 UTC,-5,-1124,224154000,0.69444444444444442
2015-11-14 00:00:00 UTC,-5,-1123,224154000,1.361388888888889
2015-11-14 00:00:00 UTC,-5,-1125,224154000,1.0586111111111109
2015-11-14 00:00:00 UTC,-5,-1126,224154000,0.80583333333333329
2015-11-14 00:00:00 UTC,-5,-1102,224366000,5.4394444444444439
2015-11-14 00:00:00 UTC,-5,-1100,224366000,3.9120833333333329
2015-11-14 00:00:00 UTC,-5,-1101,224366000,0.33902777777777782
2015-11-14 00:00:00 UTC,-5,-1111,224015550,2.6334722222222222
2015-11-14 00:00:00 UTC,-5,-1123,735058912,1.9252777777777779
2015-11-14 00:00:00 UTC,-5,-1125,735058912,1.038888888888889
2015-11-14 00:00:00 UTC,-5,-1124,735058912,1.387361111111111
2015-11-14 00:00:00 UTC,252,1213,416035610,9.3605555555555533
2015-11-14 00:00:00 UTC,252,1212,416003614,9.8847222222222264
2015-11-14 00:00:00 UTC,252,1211,416003614,2.5001388888888889
2015-11-14 00:00:00 UTC,252,1212,416025129,3.0574999999999997
2015-11-14 00:00:00 UTC,252,1213,416306476,4.5929166666666656
2015-11-14 00:00:00 UTC,252,1217,416004149,0.48944444444444446
2015-11-14 00:00:00 UTC,252,1212,416004949,15.271249999999998
2015-11-14 00:00:00 UTC,252,1211,416004949,8.8850000000000016
2015-11-14 00:00:00 UTC,252,1217,416041048,0.30125
2015-11-14 00:00:00 UTC,252,1212,200005219,0.63250000000000006
2015-11-14 00:00:00 UTC,252,1212,416004454,13.139861111111109
2015-11-14 00:00:00 UTC,252,1211,416004454,10.945138888888888
2015-11-14 00:00:00 UTC,252,1216,200005495,0.2951388888888889
2015-11-14 00:00:00 UTC,252,1212,900030095,0.34888888888888892
2015-11-14 00:00:00 UTC,252,1213,416003216,3.565
2015-11-14 00:00:00 UTC,252,1212,416003216,1.5012500000000002
2015-11-14 00:00:00 UTC,252,1211,416002706,12.409027777777778
2015-11-14 00:00:00 UTC,252,1212,416002706,11.58722222222222
2015-11-14 00:00:00 UTC,252,1211,416004513,12.135555555555555
2015-11-14 00:00:00 UTC,252,1212,416004513,11.819444444444448
2015-11-14 00:00:00 UTC,252,1211,416004780,10.352916666666667
2015-11-14 00:00:00 UTC,252,1212,416004780,13.764444444444443
2015-11-14 00:00:00 UTC,252,1211,416004028,0.71194444444444449
2015-11-14 00:00:00 UTC,252,1212,416004028,4.0165277777777781
2015-11-14 00:00:00 UTC,252,1213,416204220,15.693472222222223
2015-11-14 00:00:00 UTC,252,1212,100903105,12.138194444444443
2015-11-14 00:00:00 UTC,252,1211,100903105,11.895694444444441
2015-11-14 00:00:00 UTC,252,1213,416042179,2.0209722222222224
2015-11-14 00:00:00 UTC,252,1213,416204227,2.7299999999999995
2015-11-14 00:00:00 UTC,252,1214,416204227,1.4240277777777777
2015-11-14 00:00:00 UTC,252,1217,200005060,4.3606944444444444
2015-11-14 00:00:00 UTC,252,1217,900023514,0.54097222222222219
2015-11-14 00:00:00 UTC,252,1220,416001242,9.2519444444444439
2015-11-14 00:00:00 UTC,252,1212,416204250,0.56319444444444444
2015-11-14 00:00:00 UTC,252,1211,416004845,8.93125
2015-11-14 00:00:00 UTC,252,1212,416004845,15.060555555555554
2015-11-14 00:00:00 UTC,252,1213,416306414,0.42236111111111113
2015-11-14 00:00:00 UTC,252,1212,416004344,9.5658333333333321
2015-11-14 00:00:00 UTC,508,11,227320070,2.144166666666667
2015-11-14 00:00:00 UTC,508,12,227320070,0.4
2015-11-14 00:00:00 UTC,508,14,244938000,0.1726388888888889
2015-11-14 00:00:00 UTC,508,15,244938000,0.40180555555555553
2015-11-14 00:00:00 UTC,508,-115,227583000,5.0162499999999994
2015-11-14 00:00:00 UTC,508,-118,227583000,1.22375
2015-11-14 00:00:00 UTC,508,-119,227583000,1.5518055555555557
2015-11-14 00:00:00 UTC,508,-88,227486000,13.578194444444446
2015-11-14 00:00:00 UTC,508,-87,227486000,6.2280555555555557
2015-11-14 00:00:00 UTC,508,5,235096124,1.8152777777777782
2015-11-14 00:00:00 UTC,508,4,235096124,0.18222222222222223
2015-11-14 00:00:00 UTC,508,1577,273814900,1.4658333333333333
2015-11-14 00:00:00 UTC,508,-106,235055004,4.1398611111111112
2015-11-14 00:00:00 UTC,508,14,227582920,1.5994444444444444
2015-11-14 00:00:00 UTC,508,-114,227831000,6.5865277777777775
2015-11-14 00:00:00 UTC,764,231,273354820,0.79305555555555551
2015-11-14 00:00:00 UTC,764,439,231751000,3.1720833333333331
2015-11-14 00:00:00 UTC,764,440,231751000,0.792638888888889
2015-11-14 00:00:00 UTC,764,442,231751000,2.4420833333333336
2015-11-14 00:00:00 UTC,764,443,231751000,2.0377777777777775
2015-11-14 00:00:00 UTC,764,438,231751000,0.86125
2015-11-14 00:00:00 UTC,764,441,231751000,0.77083333333333326
2015-11-14 00:00:00 UTC,764,195,273316960,0.76777777777777778
2015-11-14 00:00:00 UTC,764,192,273316960,1.3305555555555557
2015-11-14 00:00:00 UTC,764,194,273316960,1.0323611111111113
2015-11-14 00:00:00 UTC,764,415,273894000,0.34694444444444439
2015-11-14 00:00:00 UTC,764,146,273323130,0.80388888888888876
2015-11-14 00:00:00 UTC,764,438,231066000,1.5863888888888888
2015-11-14 00:00:00 UTC,764,440,231066000,0.14680555555555555
2015-11-14 00:00:00 UTC,764,439,231066000,0.78305555555555562
2015-11-14 00:00:00 UTC,764,437,231066000,3.3031944444444443
2015-11-14 00:00:00 UTC,764,232,259565000,0.77819444444444441
2015-11-14 00:00:00 UTC,-516,-634,224820000,1.175138888888889
2015-11-14 00:00:00 UTC,-516,-635,224820000,0.60291666666666677
2015-11-14 00:00:00 UTC,-516,-635,224978000,1.5293055555555553
2015-11-14 00:00:00 UTC,-516,-635,224559000,1.4316666666666666
2015-11-14 00:00:00 UTC,-260,780,224233000,0.52972222222222221
2015-11-14 00:00:00 UTC,-260,777,224233000,0.68472222222222223
2015-11-14 00:00:00 UTC,-260,779,224233000,1.06
2015-11-14 00:00:00 UTC,-260,778,224233000,1.0888888888888888
2015-11-14 00:00:00 UTC,-260,777,224696000,3.53875
2015-11-14 00:00:00 UTC,-260,22,224438000,3.4322222222222223
2015-11-14 00:00:00 UTC,-260,23,224438000,0.9
2015-11-14 00:00:00 UTC,-260,43,224459000,1.1130555555555557
2015-11-14 00:00:00 UTC,-4,-1083,224992000,4.9641666666666664
2015-11-14 00:00:00 UTC,-4,-1084,224992000,2.66375
2015-11-14 00:00:00 UTC,-4,1781,440885000,0.888888888888889
2015-11-14 00:00:00 UTC,-4,1750,441098000,1.7670833333333329
2015-11-14 00:00:00 UTC,-4,-1102,735059255,1.8490277777777777
2015-11-14 00:00:00 UTC,-4,-1106,735059255,1.943888888888889
2015-11-14 00:00:00 UTC,-4,-1089,224017000,0.59347222222222218
2015-11-14 00:00:00 UTC,-4,-1077,224987000,2.9052777777777776
2015-11-14 00:00:00 UTC,-4,-1079,224987000,1.625
2015-11-14 00:00:00 UTC,-4,-1078,224987000,2.3743055555555554
2015-11-14 00:00:00 UTC,-4,-1081,224987000,0.63972222222222219
2015-11-14 00:00:00 UTC,-4,-1099,224581000,1.3652777777777778
2015-11-14 00:00:00 UTC,-4,-1097,224581000,4.4216666666666669
2015-11-14 00:00:00 UTC,-4,-1098,224581000,0.70027777777777778
2015-11-14 00:00:00 UTC,-4,-1100,224581000,0.73180555555555571
2015-11-14 00:00:00 UTC,-4,-1103,224366000,1.3922222222222222
2015-11-14 00:00:00 UTC,-4,-1102,224366000,1.2330555555555556
2015-11-14 00:00:00 UTC,-4,-1099,224366000,0.69472222222222224
2015-11-14 00:00:00 UTC,-4,-1101,224366000,2.1638888888888888
2015-11-14 00:00:00 UTC,-4,-1100,224366000,1.7647222222222221
2015-11-14 00:00:00 UTC,-4,-1115,224015550,1.7886111111111112
2015-11-14 00:00:00 UTC,-4,-1111,224015550,1.8134722222222219
2015-11-14 00:00:00 UTC,509,-117,227583000,3.1233333333333335
2015-11-14 00:00:00 UTC,509,-115,227583000,2.8736111111111109
2015-11-14 00:00:00 UTC,509,-86,227486000,1.6526388888888888
2015-11-14 00:00:00 UTC,509,1576,273814900,12.428333333333335
2015-11-14 00:00:00 UTC,509,1577,273814900,4.4368055555555559
2015-11-14 00:00:00 UTC,509,17,228124900,0.56916666666666671
2015-11-14 00:00:00 UTC,765,440,231751000,1.5819444444444442
2015-11-14 00:00:00 UTC,765,443,231751000,1.2952777777777778
2015-11-14 00:00:00 UTC,765,442,231751000,1.5822222222222222
2015-11-14 00:00:00 UTC,765,441,231751000,1.5441666666666665
2015-11-14 00:00:00 UTC,765,441,231066000,3.1431944444444442
2015-11-14 00:00:00 UTC,765,439,231066000,1.9022222222222223
2015-11-14 00:00:00 UTC,765,438,231066000,0.78569444444444447
2015-11-14 00:00:00 UTC,765,440,231066000,3.049722222222222
2015-11-14 00:00:00 UTC,-515,-635,224978000,1.4236111111111114
2015-11-14 00:00:00 UTC,-515,-635,224559000,1.0583333333333331
2015-11-14 00:00:00 UTC,-515,-634,224559000,1.1824999999999999
2015-11-14 00:00:00 UTC,-259,777,224233000,0.53305555555555562
2015-11-14 00:00:00 UTC,-259,781,224233000,1.2677777777777777
2015-11-14 00:00:00 UTC,-259,775,224233000,1.68125
2015-11-14 00:00:00 UTC,-259,543,660000300,0.48041666666666666
2015-11-14 00:00:00 UTC,-259,779,224696000,1.8106944444444444
2015-11-14 00:00:00 UTC,-3,-1084,224992000,1.9886111111111107
2015-11-14 00:00:00 UTC,-3,1749,441098000,4.2413888888888893
2015-11-14 00:00:00 UTC,-3,-1106,735059255,0.30277777777777776
2015-11-14 00:00:00 UTC,-3,-1104,735059255,0.7425
2015-11-14 00:00:00 UTC,-3,-1103,735059255,6.5194444444444448
2015-11-14 00:00:00 UTC,-3,-1105,735059255,0.2681944444444444
2015-11-14 00:00:00 UTC,-3,-1102,735059255,2.6430555555555553
2015-11-14 00:00:00 UTC,-3,-1089,224017000,0.81097222222222209
2015-11-14 00:00:00 UTC,-3,-1088,224017000,0.59305555555555556
2015-11-14 00:00:00 UTC,-3,-1079,224987000,1.1909722222222223
2015-11-14 00:00:00 UTC,-3,-1081,224987000,0.87611111111111128
2015-11-14 00:00:00 UTC,-3,-1100,224581000,0.78083333333333327
2015-11-14 00:00:00 UTC,-3,-1110,224015550,1.9873611111111109
2015-11-14 00:00:00 UTC,-3,-1113,224015550,2.3095833333333333
2015-11-14 00:00:00 UTC,-3,-1112,224015550,2.8279166666666664
2015-11-14 00:00:00 UTC,-3,-1115,224015550,0.81930555555555562
2015-11-14 00:00:00 UTC,510,-86,227486000,2.0090277777777779
2015-11-14 00:00:00 UTC,510,-85,227486000,2.5577777777777779
2015-11-14 00:00:00 UTC,510,13,235109018,0.43111111111111111
2015-11-14 00:00:00 UTC,510,17,228124900,2.3720833333333333
2015-11-14 00:00:00 UTC,510,18,228124900,2.4802777777777778
2015-11-14 00:00:00 UTC,766,284,273559400,1.3658333333333332
2015-11-14 00:00:00 UTC,766,302,273559400,1.3423611111111111
2015-11-14 00:00:00 UTC,766,286,273559400,0.78208333333333335
2015-11-14 00:00:00 UTC,766,283,273559400,1.0645833333333332
2015-11-14 00:00:00 UTC,766,289,273559400,0.82125
2015-11-14 00:00:00 UTC,766,285,273559400,1.0102777777777778
2015-11-14 00:00:00 UTC,766,282,273559400,1.7097222222222221
2015-11-14 00:00:00 UTC,766,290,273559400,0.77069444444444446
2015-11-14 00:00:00 UTC,766,291,273559400,1.5611111111111111
2015-11-14 00:00:00 UTC,766,287,273559400,0.77916666666666656
2015-11-14 00:00:00 UTC,766,293,273559400,1.5665277777777777
2015-11-14 00:00:00 UTC,766,288,273559400,1.5705555555555555
2015-11-14 00:00:00 UTC,766,442,231066000,1.5718055555555557
2015-11-14 00:00:00 UTC,766,441,231066000,1.5690277777777777
2015-11-14 00:00:00 UTC,-514,-635,224978000,1.5498611111111114
2015-11-14 00:00:00 UTC,-514,-634,224559000,0.0763888888888889
2015-11-14 00:00:00 UTC,-514,-633,224559000,1.1801388888888888
2015-11-14 00:00:00 UTC,-258,780,224233000,1.0691666666666666
2015-11-14 00:00:00 UTC,-258,779,224233000,0.34486111111111112
2015-11-14 00:00:00 UTC,-258,775,224233000,1.222361111111111
2015-11-14 00:00:00 UTC,-258,773,224233000,1.7976388888888888
2015-11-14 00:00:00 UTC,-258,781,224233000,1.6990277777777778
2015-11-14 00:00:00 UTC,-258,543,660000300,3.452638888888889
2015-11-14 00:00:00 UTC,-258,829,224122000,1.2386111111111111
2015-11-14 00:00:00 UTC,-258,830,224122000,0.60097222222222224
2015-11-14 00:00:00 UTC,-258,831,224122000,0.26402777777777775
2015-11-14 00:00:00 UTC,-2,-1084,224992000,4.7770833333333336
2015-11-14 00:00:00 UTC,-2,-1098,735059233,0.43472222222222223
2015-11-14 00:00:00 UTC,-2,-1097,735059233,2.6483333333333334
2015-11-14 00:00:00 UTC,-2,-1103,735059255,1.0941666666666667
2015-11-14 00:00:00 UTC,-2,-1105,735059255,0.34055555555555556
2015-11-14 00:00:00 UTC,-2,-1086,224017000,1.368611111111111
2015-11-14 00:00:00 UTC,-2,-1088,224017000,0.16694444444444445
2015-11-14 00:00:00 UTC,-2,-1087,224017000,0.59124999999999994
2015-11-14 00:00:00 UTC,-2,-1079,224987000,0.8768055555555555
2015-11-14 00:00:00 UTC,-2,1739,440987000,0.80972222222222223
2015-11-14 00:00:00 UTC,-2,-1113,224015550,1.4880555555555557
2015-11-14 00:00:00 UTC,-2,-1111,224015550,0.083055555555555549
2015-11-14 00:00:00 UTC,-2,-1110,224015550,1.169861111111111
2015-11-14 00:00:00 UTC,-2,-1112,224015550,0.64736111111111116
2015-11-14 00:00:00 UTC,-2,1751,440055000,4.4022222222222229
2015-11-14 00:00:00 UTC,-2,-1125,735058912,1.986805555555555
2015-11-14 00:00:00 UTC,-2,-1124,735058912,2.63
2015-11-14 00:00:00 UTC,-2,-1082,224918000,0.83347222222222228
2015-11-14 00:00:00 UTC,-2,-1081,224918000,2.1815277777777777
2015-11-14 00:00:00 UTC,511,1580,273815900,8.4652777777777786
2015-11-14 00:00:00 UTC,511,1579,273815900,6.33638888888889
2015-11-14 00:00:00 UTC,511,1581,273815900,1.5273611111111109
2015-11-14 00:00:00 UTC,511,-91,235627000,0.58333333333333337
2015-11-14 00:00:00 UTC,767,283,224572000,0.65374999999999994
2015-11-14 00:00:00 UTC,767,312,211207270,1.2570833333333333
2015-11-14 00:00:00 UTC,767,295,273559400,1.6334722222222222
2015-11-14 00:00:00 UTC,767,275,273559400,0.77069444444444446
2015-11-14 00:00:00 UTC,767,280,273559400,1.6516666666666666
2015-11-14 00:00:00 UTC,767,297,273559400,1.574861111111111
2015-11-14 00:00:00 UTC,767,299,273559400,1.81875
2015-11-14 00:00:00 UTC,767,278,273559400,0.83736111111111111
2015-11-14 00:00:00 UTC,767,277,273559400,1.1480555555555556
2015-11-14 00:00:00 UTC,767,437,273894000,1.3276388888888888
2015-11-14 00:00:00 UTC,767,430,273894000,1.7055555555555555
2015-11-14 00:00:00 UTC,767,432,273894000,2.6254166666666667
2015-11-14 00:00:00 UTC,767,435,273894000,0.7877777777777778
2015-11-14 00:00:00 UTC,767,434,273894000,4.8781944444444445
2015-11-14 00:00:00 UTC,767,433,273894000,0.97680555555555559
2015-11-14 00:00:00 UTC,767,431,273894000,2.402222222222222
2015-11-14 00:00:00 UTC,-513,-635,224978000,0.91805555555555551
2015-11-14 00:00:00 UTC,-513,-634,224978000,0.51819444444444451
2015-11-14 00:00:00 UTC,-513,-632,224559000,2.7818055555555556
2015-11-14 00:00:00 UTC,-257,773,224233000,3.5418055555555554
2015-11-14 00:00:00 UTC,-257,778,224233000,3.5779166666666669
2015-11-14 00:00:00 UTC,-257,775,224233000,2.6794444444444445
2015-11-14 00:00:00 UTC,-257,779,224233000,1.3515277777777777
2015-11-14 00:00:00 UTC,-257,543,660000300,5.2558333333333334
2015-11-14 00:00:00 UTC,-257,830,224122000,1.5334722222222221
2015-11-14 00:00:00 UTC,-257,831,224122000,0.26694444444444443
2015-11-14 00:00:00 UTC,-257,782,224696000,0.6529166666666667
2015-11-14 00:00:00 UTC,-257,781,224696000,1.0941666666666667
2015-11-14 00:00:00 UTC,-257,780,224696000,2.5641666666666665
2015-11-14 00:00:00 UTC,-257,350,601431000,6.6450000000000005
2015-11-14 00:00:00 UTC,-1,1747,441098000,1.8891666666666667
2015-11-14 00:00:00 UTC,-1,-1100,735059233,2.5901388888888892
2015-11-14 00:00:00 UTC,-1,-1097,735059233,1.8295833333333331
2015-11-14 00:00:00 UTC,-1,-1098,735059233,0.87763888888888886
2015-11-14 00:00:00 UTC,-1,-1102,735059255,1.0622222222222222
2015-11-14 00:00:00 UTC,-1,-1105,735059255,0.69722222222222219
2015-11-14 00:00:00 UTC,-1,-1090,224017000,2.2647222222222223
2015-11-14 00:00:00 UTC,-1,-1087,224017000,1.805
2015-11-14 00:00:00 UTC,-1,-1079,224987000,1.6330555555555555
2015-11-14 00:00:00 UTC,-1,-1081,224987000,2.5677777777777777
2015-11-14 00:00:00 UTC,-1,-1078,224987000,2.00375
2015-11-14 00:00:00 UTC,-1,1741,440987000,0.85527777777777791
2015-11-14 00:00:00 UTC,-1,1746,440987000,1.6530555555555555
2015-11-14 00:00:00 UTC,-1,1742,440987000,1.826111111111111
2015-11-14 00:00:00 UTC,-1,1745,440987000,2.4548611111111112
2015-11-14 00:00:00 UTC,-1,-1110,224015550,0.77902777777777776
2015-11-14 00:00:00 UTC,-1,-1116,224015550,3.0691666666666668
2015-11-14 00:00:00 UTC,-1,-1111,224015550,2.4566666666666666
2015-11-14 00:00:00 UTC,-1,1750,440055000,6.6205555555555575
2015-11-14 00:00:00 UTC,-1,1751,440055000,1.7408333333333335
2015-11-14 00:00:00 UTC,-1,-1082,224918000,0.67805555555555552
2015-11-14 00:00:00 UTC,-1,-1081,224918000,1.7743055555555558
