date,lat_bin,lon_bin,mmsi,fishing_hours
2015-02-19 00:00:00 UTC,256,571,422395000,13.975972222222223
2015-02-19 00:00:00 UTC,256,571,422266000,2.5630555555555552
2015-02-19 00:00:00 UTC,256,571,422051800,3.3006944444444439
2015-02-19 00:00:00 UTC,512,23,227322630,6.2356944444444453
2015-02-19 00:00:00 UTC,512,-85,250000908,1.2618055555555554
2015-02-19 00:00:00 UTC,512,-84,250000908,1.2815277777777778
2015-02-19 00:00:00 UTC,512,-87,250000908,2.8305555555555557
2015-02-19 00:00:00 UTC,512,-83,250000908,0.88319444444444439
2015-02-19 00:00:00 UTC,512,-86,250000908,0.41513888888888889
2015-02-19 00:00:00 UTC,512,21,227300110,0.71986111111111106
2015-02-19 00:00:00 UTC,512,22,227300110,5.1686111111111126
2015-02-19 00:00:00 UTC,512,-103,250196000,4.0151388888888881
2015-02-19 00:00:00 UTC,512,-104,250196000,9.3131944444444432
2015-02-19 00:00:00 UTC,512,-102,250196000,2.4504166666666669
2015-02-19 00:00:00 UTC,512,21,227595050,0.24111111111111111
2015-02-19 00:00:00 UTC,512,22,227595050,6.2316666666666665
2015-02-19 00:00:00 UTC,512,-85,227486000,2.1350000000000002
2015-02-19 00:00:00 UTC,512,28,246206000,0.60944444444444446
2015-02-19 00:00:00 UTC,512,20,245331000,0.806111111111111
2015-02-19 00:00:00 UTC,512,22,245331000,0.62013888888888891
2015-02-19 00:00:00 UTC,512,21,245331000,3.9165277777777776
2015-02-19 00:00:00 UTC,512,22,228317000,3.9676388888888892
2015-02-19 00:00:00 UTC,512,-85,227314000,2.9704166666666665
2015-02-19 00:00:00 UTC,512,-84,227314000,1.0541666666666667
2015-02-19 00:00:00 UTC,512,27,245415000,1.2598611111111109
2015-02-19 00:00:00 UTC,512,28,245415000,3.0741666666666667
2015-02-19 00:00:00 UTC,512,29,245415000,0.40722222222222226
2015-02-19 00:00:00 UTC,512,-114,228004700,2.6375
2015-02-19 00:00:00 UTC,512,-113,228004700,6.662638888888889
2015-02-19 00:00:00 UTC,512,-115,228349800,10.79986111111111
2015-02-19 00:00:00 UTC,512,24,227783530,1.72875
2015-02-19 00:00:00 UTC,512,-83,228238700,3.5076388888888892
2015-02-19 00:00:00 UTC,512,-85,228238700,1.4823611111111108
2015-02-19 00:00:00 UTC,512,-84,228238700,8.4001388888888879
2015-02-19 00:00:00 UTC,512,-87,228238700,1.3455555555555556
2015-02-19 00:00:00 UTC,512,-86,228238700,1.4373611111111111
2015-02-19 00:00:00 UTC,512,22,227318640,2.0055555555555555
2015-02-19 00:00:00 UTC,512,21,227318640,1.0695833333333333
2015-02-19 00:00:00 UTC,512,-60,228378000,0.83333333333333337
2015-02-19 00:00:00 UTC,512,-61,228378000,0.425
2015-02-19 00:00:00 UTC,512,24,205273000,2.4913888888888889
2015-02-19 00:00:00 UTC,512,25,205273000,1.0268055555555555
2015-02-19 00:00:00 UTC,512,26,205315000,1.2602777777777776
2015-02-19 00:00:00 UTC,512,-81,250000854,1.9366666666666668
2015-02-19 00:00:00 UTC,512,-80,250000854,4.1440277777777776
2015-02-19 00:00:00 UTC,512,-79,250000854,9.67763888888889
2015-02-19 00:00:00 UTC,512,22,228131800,5.6701388888888884
2015-02-19 00:00:00 UTC,512,24,246327000,1.0193055555555555
2015-02-19 00:00:00 UTC,512,25,246327000,2.0365277777777777
2015-02-19 00:00:00 UTC,512,30,244100829,2.1129166666666666
2015-02-19 00:00:00 UTC,512,29,244100829,4.1531944444444449
2015-02-19 00:00:00 UTC,512,-81,250000608,0.41916666666666669
2015-02-19 00:00:00 UTC,512,-83,250000608,2.570416666666667
2015-02-19 00:00:00 UTC,512,-82,250000608,2.5438888888888891
2015-02-19 00:00:00 UTC,512,-84,250000608,3.6819444444444445
2015-02-19 00:00:00 UTC,512,-84,250379000,1.6870833333333333
2015-02-19 00:00:00 UTC,512,-82,250379000,4.5798611111111116
2015-02-19 00:00:00 UTC,512,-81,250379000,0.76416666666666666
2015-02-19 00:00:00 UTC,512,-83,250379000,5.0734722222222226
2015-02-19 00:00:00 UTC,512,23,227320060,6.00111111111111
2015-02-19 00:00:00 UTC,-256,373,431703660,0.78777777777777769
2015-02-19 00:00:00 UTC,-256,370,431703660,1.1913888888888888
2015-02-19 00:00:00 UTC,-256,371,431703660,1.4584722222222219
2015-02-19 00:00:00 UTC,-256,372,431703660,1.1125
2015-02-19 00:00:00 UTC,-256,59,441667000,10.030972222222221
2015-02-19 00:00:00 UTC,-256,58,441667000,2.8376388888888888
2015-02-19 00:00:00 UTC,1,1797,440623000,5.8216666666666663
2015-02-19 00:00:00 UTC,513,-158,218325000,8.3734722222222224
2015-02-19 00:00:00 UTC,513,27,244245000,0.43430555555555556
2015-02-19 00:00:00 UTC,513,-86,250000908,2.7318055555555554
2015-02-19 00:00:00 UTC,513,-83,250000908,5.5841666666666674
2015-02-19 00:00:00 UTC,513,-84,250000908,3.1456944444444446
2015-02-19 00:00:00 UTC,513,-85,250000908,2.892638888888889
2015-02-19 00:00:00 UTC,513,-83,250000917,4.2676388888888894
2015-02-19 00:00:00 UTC,513,-85,250000917,2.5227777777777778
2015-02-19 00:00:00 UTC,513,-86,250000917,0.41375
2015-02-19 00:00:00 UTC,513,-82,250000917,1.6966666666666665
2015-02-19 00:00:00 UTC,513,-84,250000917,4.40388888888889
2015-02-19 00:00:00 UTC,513,-159,227583000,10.863888888888889
2015-02-19 00:00:00 UTC,513,-158,227583000,0.70680555555555546
2015-02-19 00:00:00 UTC,513,-104,250196000,3.1656944444444446
2015-02-19 00:00:00 UTC,513,-79,250001702,0.21958333333333335
2015-02-19 00:00:00 UTC,513,-77,250001702,13.283611111111112
2015-02-19 00:00:00 UTC,513,-78,250001702,4.6655555555555557
2015-02-19 00:00:00 UTC,513,-85,227486000,0.67194444444444446
2015-02-19 00:00:00 UTC,513,29,246206000,4.0277777777777777
2015-02-19 00:00:00 UTC,513,30,246206000,2.4883333333333328
2015-02-19 00:00:00 UTC,513,28,246206000,0.6348611111111111
2015-02-19 00:00:00 UTC,513,26,244179000,0.20819444444444446
2015-02-19 00:00:00 UTC,513,25,244179000,0.81555555555555559
2015-02-19 00:00:00 UTC,513,-83,250000443,0.41208333333333336
2015-02-19 00:00:00 UTC,513,-84,250000443,1.7936111111111108
2015-02-19 00:00:00 UTC,513,-86,250000443,1.9286111111111108
2015-02-19 00:00:00 UTC,513,-85,250000443,4.0443055555555549
2015-02-19 00:00:00 UTC,513,-87,250000699,1.121388888888889
2015-02-19 00:00:00 UTC,513,-85,227314000,0.84027777777777768
2015-02-19 00:00:00 UTC,513,-84,227314000,1.9612500000000002
2015-02-19 00:00:00 UTC,513,29,245415000,4.4113888888888892
2015-02-19 00:00:00 UTC,513,30,245415000,1.2415277777777778
2015-02-19 00:00:00 UTC,513,28,245415000,0.82597222222222222
2015-02-19 00:00:00 UTC,513,-115,228004700,5.2361111111111107
2015-02-19 00:00:00 UTC,513,-115,225382000,11.000416666666668
2015-02-19 00:00:00 UTC,513,16,235094386,0.12083333333333333
2015-02-19 00:00:00 UTC,513,-115,224020340,20.975972222222225
2015-02-19 00:00:00 UTC,513,-60,228378000,1.1108333333333333
2015-02-19 00:00:00 UTC,513,26,205273000,1.2472222222222222
2015-02-19 00:00:00 UTC,513,25,205273000,0.4029166666666667
2015-02-19 00:00:00 UTC,513,-83,250002872,1.2666666666666666
2015-02-19 00:00:00 UTC,513,-82,250002872,1.0298611111111111
2015-02-19 00:00:00 UTC,513,-84,250002872,0.42569444444444443
2015-02-19 00:00:00 UTC,513,28,205315000,1.0193055555555555
2015-02-19 00:00:00 UTC,513,27,205315000,1.6773611111111113
2015-02-19 00:00:00 UTC,513,26,205315000,0.42277777777777781
2015-02-19 00:00:00 UTC,513,25,245794000,0.4458333333333333
2015-02-19 00:00:00 UTC,513,-78,250000854,3.5211111111111109
2015-02-19 00:00:00 UTC,513,30,205271000,0.20611111111111111
2015-02-19 00:00:00 UTC,513,27,246327000,0.20458333333333334
2015-02-19 00:00:00 UTC,513,25,246327000,0.40388888888888885
2015-02-19 00:00:00 UTC,513,26,246327000,1.2277777777777779
2015-02-19 00:00:00 UTC,513,24,205303000,0.20180555555555557
2015-02-19 00:00:00 UTC,513,30,244100829,2.9695833333333335
2015-02-19 00:00:00 UTC,513,-84,250000608,2.8066666666666671
2015-02-19 00:00:00 UTC,513,-85,250000608,3.2970833333333331
2015-02-19 00:00:00 UTC,513,-85,250001121,3.7544444444444451
2015-02-19 00:00:00 UTC,513,-87,250001121,1.0823611111111111
2015-02-19 00:00:00 UTC,513,-83,250001121,2.5102777777777781
2015-02-19 00:00:00 UTC,513,-84,250001121,3.9531944444444447
2015-02-19 00:00:00 UTC,513,-86,250001121,3.5773611111111117
2015-02-19 00:00:00 UTC,513,26,245441000,0.28194444444444444
2015-02-19 00:00:00 UTC,513,1559,273358840,4.5140277777777778
2015-02-19 00:00:00 UTC,513,1558,273358840,6.5620833333333337
2015-02-19 00:00:00 UTC,513,-85,250379000,6.4122222222222227
2015-02-19 00:00:00 UTC,513,-86,250379000,0.82597222222222222
2015-02-19 00:00:00 UTC,513,-84,250379000,4.6651388888888894
2015-02-19 00:00:00 UTC,-255,373,431703660,0.53319444444444442
2015-02-19 00:00:00 UTC,-255,372,431703660,9.9355555555555544
2015-02-19 00:00:00 UTC,-255,-752,412420231,4.5684722222222227
2015-02-19 00:00:00 UTC,-255,-752,412420249,1.236388888888889
2015-02-19 00:00:00 UTC,-255,-753,412420249,0.84958333333333336
2015-02-19 00:00:00 UTC,2,1549,431155000,5.52847222222222
2015-02-19 00:00:00 UTC,258,572,422051800,2.5415277777777776
2015-02-19 00:00:00 UTC,514,24,246485000,4.7127777777777773
2015-02-19 00:00:00 UTC,514,-114,227829000,9.2759722222222223
2015-02-19 00:00:00 UTC,514,-76,228174600,5.0245833333333332
2015-02-19 00:00:00 UTC,514,-78,228174600,2.2290277777777776
2015-02-19 00:00:00 UTC,514,-77,228174600,16.448611111111109
2015-02-19 00:00:00 UTC,514,30,244245000,0.6677777777777778
2015-02-19 00:00:00 UTC,514,27,244245000,0.63458333333333328
2015-02-19 00:00:00 UTC,514,-116,228293900,8.1126388888888883
2015-02-19 00:00:00 UTC,514,-114,228293900,6.4820833333333336
2015-02-19 00:00:00 UTC,514,-85,250000908,2.06125
2015-02-19 00:00:00 UTC,514,-84,250000908,0.90458333333333329
2015-02-19 00:00:00 UTC,514,41,244020244,2.4943055555555556
2015-02-19 00:00:00 UTC,514,40,244020244,2.28875
2015-02-19 00:00:00 UTC,514,41,244740629,1.2613888888888889
2015-02-19 00:00:00 UTC,514,-81,250000917,0.41402777777777777
2015-02-19 00:00:00 UTC,514,-82,250000917,1.2663888888888888
2015-02-19 00:00:00 UTC,514,-85,250000917,0.64916666666666667
2015-02-19 00:00:00 UTC,514,-160,227583000,5.2347222222222225
2015-02-19 00:00:00 UTC,514,-157,227583000,0.74458333333333326
2015-02-19 00:00:00 UTC,514,-158,227583000,2.2613888888888889
2015-02-19 00:00:00 UTC,514,-159,227583000,0.75388888888888883
2015-02-19 00:00:00 UTC,514,-84,250002714,0.20986111111111111
2015-02-19 00:00:00 UTC,514,-83,250002714,2.2716666666666669
2015-02-19 00:00:00 UTC,514,-82,250002714,1.0206944444444446
2015-02-19 00:00:00 UTC,514,33,246206000,0.5805555555555556
2015-02-19 00:00:00 UTC,514,32,246206000,0.22347222222222224
2015-02-19 00:00:00 UTC,514,-80,250107700,1.0474999999999999
2015-02-19 00:00:00 UTC,514,42,244780598,0.73458333333333337
2015-02-19 00:00:00 UTC,514,41,244780598,4.3490277777777777
2015-02-19 00:00:00 UTC,514,40,244750903,2.1297222222222225
2015-02-19 00:00:00 UTC,514,41,244750903,3.5241666666666669
2015-02-19 00:00:00 UTC,514,-157,244563000,8.9594444444444434
2015-02-19 00:00:00 UTC,514,25,244179000,2.0401388888888885
2015-02-19 00:00:00 UTC,514,26,244179000,6.7901388888888885
2015-02-19 00:00:00 UTC,514,27,244179000,1.5293055555555555
2015-02-19 00:00:00 UTC,514,-80,250000443,3.4455555555555559
2015-02-19 00:00:00 UTC,514,-82,250000443,3.2352777777777777
2015-02-19 00:00:00 UTC,514,-81,250000443,2.2145833333333331
2015-02-19 00:00:00 UTC,514,-85,250000443,0.8375
2015-02-19 00:00:00 UTC,514,-83,250000443,4.5794444444444444
2015-02-19 00:00:00 UTC,514,-84,250000443,3.2940277777777776
2015-02-19 00:00:00 UTC,514,-86,250000699,2.4236111111111112
2015-02-19 00:00:00 UTC,514,-84,250000699,0.8287500000000001
2015-02-19 00:00:00 UTC,514,-87,250000699,0.44986111111111116
2015-02-19 00:00:00 UTC,514,-85,250000699,1.663472222222222
2015-02-19 00:00:00 UTC,514,-78,227485000,3.265
2015-02-19 00:00:00 UTC,514,-158,246429000,8.7390277777777783
2015-02-19 00:00:00 UTC,514,-115,228221000,15.629583333333333
2015-02-19 00:00:00 UTC,514,25,245159000,12.769722222222221
2015-02-19 00:00:00 UTC,514,-115,228004700,10.336111111111112
2015-02-19 00:00:00 UTC,514,25,245148000,1.067361111111111
2015-02-19 00:00:00 UTC,514,26,245148000,4.5355555555555558
2015-02-19 00:00:00 UTC,514,27,245148000,2.9416666666666669
2015-02-19 00:00:00 UTC,514,27,246054000,0.56222222222222218
2015-02-19 00:00:00 UTC,514,28,246054000,9.0365277777777777
2015-02-19 00:00:00 UTC,514,16,235094386,4.250277777777776
2015-02-19 00:00:00 UTC,514,-115,224020340,4.9504166666666665
2015-02-19 00:00:00 UTC,514,30,205328000,0.44194444444444442
2015-02-19 00:00:00 UTC,514,32,205264000,0.2125
2015-02-19 00:00:00 UTC,514,31,205264000,1.4222222222222221
2015-02-19 00:00:00 UTC,514,29,245744000,0.21125
2015-02-19 00:00:00 UTC,514,24,232006030,12.636805555555556
2015-02-19 00:00:00 UTC,514,25,232006030,5.556805555555556
2015-02-19 00:00:00 UTC,514,-59,228378000,0.62513888888888891
2015-02-19 00:00:00 UTC,514,-60,228378000,0.675138888888889
2015-02-19 00:00:00 UTC,514,28,244932000,3.6587500000000004
2015-02-19 00:00:00 UTC,514,29,244932000,2.0818055555555555
2015-02-19 00:00:00 UTC,514,-77,250489000,7.0141666666666662
2015-02-19 00:00:00 UTC,514,-78,250489000,2.5261111111111112
2015-02-19 00:00:00 UTC,514,-84,250002872,1.25875
2015-02-19 00:00:00 UTC,514,-83,250002872,1.4605555555555556
2015-02-19 00:00:00 UTC,514,-82,250002872,1.6663888888888889
2015-02-19 00:00:00 UTC,514,-85,250002872,1.0491666666666666
2015-02-19 00:00:00 UTC,514,-81,250002872,0.8865277777777778
2015-02-19 00:00:00 UTC,514,30,205315000,1.4570833333333333
2015-02-19 00:00:00 UTC,514,28,205315000,0.20180555555555557
2015-02-19 00:00:00 UTC,514,29,205315000,1.8565277777777778
2015-02-19 00:00:00 UTC,514,31,205315000,2.813194444444445
2015-02-19 00:00:00 UTC,514,41,244780474,0.41666666666666663
2015-02-19 00:00:00 UTC,514,40,244780474,9.46375
2015-02-19 00:00:00 UTC,514,40,924467387,3.8288888888888892
2015-02-19 00:00:00 UTC,514,24,245794000,3.609583333333334
2015-02-19 00:00:00 UTC,514,25,245794000,9.1280555555555551
2015-02-19 00:00:00 UTC,514,30,205271000,4.1929166666666662
2015-02-19 00:00:00 UTC,514,25,205303000,0.61736111111111114
2015-02-19 00:00:00 UTC,514,41,244750560,3.7109722222222228
2015-02-19 00:00:00 UTC,514,-81,250001121,1.6556944444444444
2015-02-19 00:00:00 UTC,514,-82,250001121,2.4629166666666671
2015-02-19 00:00:00 UTC,514,-83,250001121,2.9261111111111111
2015-02-19 00:00:00 UTC,514,25,245441000,1.266111111111111
2015-02-19 00:00:00 UTC,514,26,245441000,0.9356944444444445
2015-02-19 00:00:00 UTC,514,24,245473000,0.20277777777777778
2015-02-19 00:00:00 UTC,514,25,245473000,1.037638888888889
2015-02-19 00:00:00 UTC,514,1557,273358840,7.5179166666666672
2015-02-19 00:00:00 UTC,514,1556,273358840,4.5138888888888884
2015-02-19 00:00:00 UTC,514,-76,250103800,3.9931944444444443
2015-02-19 00:00:00 UTC,514,-75,250103800,1.6301388888888888
2015-02-19 00:00:00 UTC,514,-77,250103800,2.9609722222222219
2015-02-19 00:00:00 UTC,514,27,244907000,6.1366666666666676
2015-02-19 00:00:00 UTC,514,26,244907000,1.2065277777777776
2015-02-19 00:00:00 UTC,-510,1667,441182000,1.0581944444444447
2015-02-19 00:00:00 UTC,-510,1666,441182000,6.0484722222222222
2015-02-19 00:00:00 UTC,-510,1666,440890000,1.5058333333333334
2015-02-19 00:00:00 UTC,-510,1667,512003817,0.090555555555555556
2015-02-19 00:00:00 UTC,-254,-753,412420231,0.50791666666666668
2015-02-19 00:00:00 UTC,-254,-752,412420231,7.6790277777777778
2015-02-19 00:00:00 UTC,515,25,246485000,2.4458333333333333
2015-02-19 00:00:00 UTC,515,30,244245000,0.6808333333333334
2015-02-19 00:00:00 UTC,515,31,244245000,2.4052777777777776
2015-02-19 00:00:00 UTC,515,39,244060176,5.4936111111111092
2015-02-19 00:00:00 UTC,515,40,244020244,0.2023611111111111
2015-02-19 00:00:00 UTC,515,-80,250002714,0.87708333333333344
2015-02-19 00:00:00 UTC,515,-77,250002714,0.43999999999999995
2015-02-19 00:00:00 UTC,515,-81,250002714,2.8708333333333336
2015-02-19 00:00:00 UTC,515,-78,250002714,0.737361111111111
2015-02-19 00:00:00 UTC,515,-83,250002714,0.20763888888888887
2015-02-19 00:00:00 UTC,515,-82,250002714,2.2390277777777778
2015-02-19 00:00:00 UTC,515,20,246057000,2.6598611111111108
2015-02-19 00:00:00 UTC,515,19,246057000,0.20124999999999998
2015-02-19 00:00:00 UTC,515,39,244798000,7.42625
2015-02-19 00:00:00 UTC,515,32,246206000,0.75805555555555559
2015-02-19 00:00:00 UTC,515,-81,250107700,0.4136111111111111
2015-02-19 00:00:00 UTC,515,-82,250107700,1.2255555555555555
2015-02-19 00:00:00 UTC,515,-80,250107700,0.40722222222222221
2015-02-19 00:00:00 UTC,515,-84,250107700,0.62347222222222221
2015-02-19 00:00:00 UTC,515,-83,250107700,3.2920833333333337
2015-02-19 00:00:00 UTC,515,40,244750903,2.3009722222222226
2015-02-19 00:00:00 UTC,515,26,244179000,0.87888888888888883
2015-02-19 00:00:00 UTC,515,-83,250000699,1.4530555555555553
2015-02-19 00:00:00 UTC,515,-82,250000699,1.6537499999999998
2015-02-19 00:00:00 UTC,515,-81,250000699,0.828888888888889
2015-02-19 00:00:00 UTC,515,26,245148000,0.79027777777777786
2015-02-19 00:00:00 UTC,515,23,246054000,0.46208333333333329
2015-02-19 00:00:00 UTC,515,24,246054000,6.7434722222222216
2015-02-19 00:00:00 UTC,515,-115,224020340,0.82208333333333328
2015-02-19 00:00:00 UTC,515,-73,250116470,15.456249999999999
2015-02-19 00:00:00 UTC,515,30,205328000,0.62444444444444447
2015-02-19 00:00:00 UTC,515,31,205328000,1.9536111111111114
2015-02-19 00:00:00 UTC,515,32,205264000,5.7437500000000012
2015-02-19 00:00:00 UTC,515,31,205264000,0.41083333333333333
2015-02-19 00:00:00 UTC,515,29,245744000,0.21375
2015-02-19 00:00:00 UTC,515,25,245744000,2.7016666666666671
2015-02-19 00:00:00 UTC,515,26,245744000,2.1840277777777777
2015-02-19 00:00:00 UTC,515,28,245744000,2.3576388888888893
2015-02-19 00:00:00 UTC,515,40,244368000,2.92375
2015-02-19 00:00:00 UTC,515,41,244780417,0.20111111111111113
2015-02-19 00:00:00 UTC,515,40,244780417,0.2088888888888889
2015-02-19 00:00:00 UTC,515,-60,228378000,7.3008333333333342
2015-02-19 00:00:00 UTC,515,-59,228378000,0.21111111111111111
2015-02-19 00:00:00 UTC,515,28,244932000,0.875
2015-02-19 00:00:00 UTC,515,-77,250489000,13.319861111111111
2015-02-19 00:00:00 UTC,515,-78,250489000,0.23819444444444443
2015-02-19 00:00:00 UTC,515,25,205262000,1.6322222222222225
2015-02-19 00:00:00 UTC,515,-72,250132400,8.5955555555555563
2015-02-19 00:00:00 UTC,515,-77,250132400,0.48777777777777781
2015-02-19 00:00:00 UTC,515,-78,250132400,2.8623611111111105
2015-02-19 00:00:00 UTC,515,31,205315000,1.5213888888888891
2015-02-19 00:00:00 UTC,515,30,205315000,1.0418055555555554
2015-02-19 00:00:00 UTC,515,40,244780474,0.21916666666666668
2015-02-19 00:00:00 UTC,515,41,244780474,2.5922222222222224
2015-02-19 00:00:00 UTC,515,29,245794000,6.2736111111111112
2015-02-19 00:00:00 UTC,515,25,245794000,1.3234722222222222
2015-02-19 00:00:00 UTC,515,-80,250001121,1.2420833333333332
2015-02-19 00:00:00 UTC,515,-81,250001121,0.83444444444444443
2015-02-19 00:00:00 UTC,515,21,205153000,1.3516666666666668
2015-02-19 00:00:00 UTC,515,25,245473000,0.21680555555555556
2015-02-19 00:00:00 UTC,515,26,245473000,0.20541666666666669
2015-02-19 00:00:00 UTC,515,40,244770805,1.8745833333333333
2015-02-19 00:00:00 UTC,515,-73,250103800,5.896527777777778
2015-02-19 00:00:00 UTC,515,30,205323000,4.293333333333333
2015-02-19 00:00:00 UTC,515,31,205323000,4.8152777777777782
2015-02-19 00:00:00 UTC,515,27,244907000,0.4875
2015-02-19 00:00:00 UTC,515,31,244907000,0.21513888888888888
2015-02-19 00:00:00 UTC,-509,1667,441182000,3.8005555555555555
2015-02-19 00:00:00 UTC,-509,1668,441182000,6.78861111111111
2015-02-19 00:00:00 UTC,-509,1669,441053000,3.9286111111111111
2015-02-19 00:00:00 UTC,-509,1668,441053000,12.098194444444445
2015-02-19 00:00:00 UTC,-509,1668,272323000,1.1570833333333332
2015-02-19 00:00:00 UTC,-509,1667,272323000,0.61638888888888888
2015-02-19 00:00:00 UTC,-509,1668,512003817,4.0477777777777773
2015-02-19 00:00:00 UTC,-509,1667,512003817,0.96638888888888885
2015-02-19 00:00:00 UTC,-253,-750,412699820,8.5130555555555549
2015-02-19 00:00:00 UTC,-253,-751,412420855,8.975138888888889
2015-02-19 00:00:00 UTC,516,38,245248000,8.735
2015-02-19 00:00:00 UTC,516,-161,218325000,1.0026388888888889
2015-02-19 00:00:00 UTC,516,-160,218325000,4.8554166666666667
2015-02-19 00:00:00 UTC,516,-115,228293900,14.144305555555555
2015-02-19 00:00:00 UTC,516,38,244060176,0.42291666666666666
2015-02-19 00:00:00 UTC,516,-79,250002714,1.0505555555555555
2015-02-19 00:00:00 UTC,516,-76,250002714,3.3036111111111115
2015-02-19 00:00:00 UTC,516,-78,250002714,3.5348611111111108
2015-02-19 00:00:00 UTC,516,-77,250002714,2.7022222222222223
2015-02-19 00:00:00 UTC,516,-72,250106400,2.9016666666666664
2015-02-19 00:00:00 UTC,516,38,245684000,4.1875
2015-02-19 00:00:00 UTC,516,37,244809000,0.62055555555555553
2015-02-19 00:00:00 UTC,516,22,246057000,1.6688888888888889
2015-02-19 00:00:00 UTC,516,21,246057000,0.72777777777777775
2015-02-19 00:00:00 UTC,516,23,246057000,0.6301388888888888
2015-02-19 00:00:00 UTC,516,20,246057000,3.08
2015-02-19 00:00:00 UTC,516,-1783,368382000,0.31833333333333336
2015-02-19 00:00:00 UTC,516,29,244062000,1.1604166666666667
2015-02-19 00:00:00 UTC,516,30,244062000,5.6261111111111122
2015-02-19 00:00:00 UTC,516,31,244062000,3.6208333333333336
2015-02-19 00:00:00 UTC,516,-81,250107700,3.3029166666666674
2015-02-19 00:00:00 UTC,516,-82,250107700,2.0684722222222218
2015-02-19 00:00:00 UTC,516,-80,250107700,1.0333333333333334
2015-02-19 00:00:00 UTC,516,-160,244563000,0.87888888888888883
2015-02-19 00:00:00 UTC,516,-161,244563000,1.6455555555555557
2015-02-19 00:00:00 UTC,516,-81,250000699,0.42277777777777775
2015-02-19 00:00:00 UTC,516,41,245224000,1.2373611111111111
2015-02-19 00:00:00 UTC,516,-72,250002516,2.9026388888888888
2015-02-19 00:00:00 UTC,516,27,246225000,12.308333333333335
2015-02-19 00:00:00 UTC,516,23,246054000,0.63472222222222219
2015-02-19 00:00:00 UTC,516,-74,250116470,1.2887499999999998
2015-02-19 00:00:00 UTC,516,-73,250116470,4.24625
2015-02-19 00:00:00 UTC,516,38,246427000,4.2216666666666667
2015-02-19 00:00:00 UTC,516,25,245744000,0.54805555555555552
2015-02-19 00:00:00 UTC,516,26,245744000,1.6500000000000001
2015-02-19 00:00:00 UTC,516,38,246202000,0.63375
2015-02-19 00:00:00 UTC,516,-161,258138000,13.423749999999998
2015-02-19 00:00:00 UTC,516,-162,258138000,5.2820833333333335
2015-02-19 00:00:00 UTC,516,39,245476000,3.5370833333333338
2015-02-19 00:00:00 UTC,516,-162,258265000,1.3784722222222223
2015-02-19 00:00:00 UTC,516,-161,258265000,9.9104166666666664
2015-02-19 00:00:00 UTC,516,22,205262000,0.6475
2015-02-19 00:00:00 UTC,516,23,205262000,1.8248611111111113
2015-02-19 00:00:00 UTC,516,-77,250132400,0.24444444444444444
2015-02-19 00:00:00 UTC,516,-73,250132400,1.0443055555555556
2015-02-19 00:00:00 UTC,516,-75,250132400,1.2633333333333334
2015-02-19 00:00:00 UTC,516,-72,250132400,4.5544444444444441
2015-02-19 00:00:00 UTC,516,-76,250132400,0.56125
2015-02-19 00:00:00 UTC,516,-74,250132400,1.22375
2015-02-19 00:00:00 UTC,516,38,245378000,4.673055555555556
2015-02-19 00:00:00 UTC,516,21,205153000,0.35111111111111115
2015-02-19 00:00:00 UTC,516,-74,250103800,4.5358333333333336
2015-02-19 00:00:00 UTC,516,32,205323000,0.89708333333333334
2015-02-19 00:00:00 UTC,516,31,205323000,3.0566666666666671
2015-02-19 00:00:00 UTC,-508,1668,441182000,0.87527777777777782
2015-02-19 00:00:00 UTC,-508,1669,441182000,5.5263888888888886
2015-02-19 00:00:00 UTC,-508,1668,441053000,1.0544444444444445
2015-02-19 00:00:00 UTC,-508,1669,441053000,6.9650000000000007
2015-02-19 00:00:00 UTC,-508,1669,272323000,0.67222222222222228
2015-02-19 00:00:00 UTC,-508,1668,272323000,0.87402777777777774
2015-02-19 00:00:00 UTC,-508,1668,512003817,0.68611111111111112
2015-02-19 00:00:00 UTC,261,1276,432322000,1.8181944444444442
2015-02-19 00:00:00 UTC,261,1275,432322000,3.0425000000000004
2015-02-19 00:00:00 UTC,517,-160,218325000,6.0831944444444446
2015-02-19 00:00:00 UTC,517,-159,218325000,2.9670833333333335
2015-02-19 00:00:00 UTC,517,-161,218325000,0.61138888888888887
2015-02-19 00:00:00 UTC,517,-116,227829000,4.5444444444444452
2015-02-19 00:00:00 UTC,517,-117,227829000,0.74583333333333335
2015-02-19 00:00:00 UTC,517,-77,250002714,0.42680555555555555
2015-02-19 00:00:00 UTC,517,-72,250106400,0.71583333333333332
2015-02-19 00:00:00 UTC,517,-71,250106400,1.7355555555555555
2015-02-19 00:00:00 UTC,517,-1783,368382000,14.976249999999999
2015-02-19 00:00:00 UTC,517,-1784,368382000,9.43597222222222
2015-02-19 00:00:00 UTC,517,30,244062000,1.2740277777777778
2015-02-19 00:00:00 UTC,517,31,244062000,0.29194444444444445
2015-02-19 00:00:00 UTC,517,29,244062000,5.0304166666666665
2015-02-19 00:00:00 UTC,517,28,244062000,1.3152777777777778
2015-02-19 00:00:00 UTC,517,-159,244563000,1.0812499999999998
2015-02-19 00:00:00 UTC,517,-160,244563000,15.111944444444445
2015-02-19 00:00:00 UTC,517,-161,246429000,0.80555555555555558
2015-02-19 00:00:00 UTC,517,-158,246429000,4.2041666666666666
2015-02-19 00:00:00 UTC,517,-160,246429000,2.0083333333333333
2015-02-19 00:00:00 UTC,517,-159,246429000,1.6963888888888887
2015-02-19 00:00:00 UTC,517,26,246225000,1.0211111111111111
2015-02-19 00:00:00 UTC,517,-161,258138000,1.5054166666666666
2015-02-19 00:00:00 UTC,517,-1761,368409000,7.4861111111111125
2015-02-19 00:00:00 UTC,517,-1762,368409000,4.0620833333333328
2015-02-19 00:00:00 UTC,517,-161,258265000,3.1002777777777779
2015-02-19 00:00:00 UTC,517,21,205262000,0.51263888888888887
2015-02-19 00:00:00 UTC,517,22,205262000,1.4456944444444444
2015-02-19 00:00:00 UTC,517,-1760,366499000,1.0052777777777779
2015-02-19 00:00:00 UTC,517,-1761,366499000,3.669166666666666
2015-02-19 00:00:00 UTC,517,-1759,366499000,0.19041666666666668
2015-02-19 00:00:00 UTC,517,1778,369283000,0.57347222222222227
2015-02-19 00:00:00 UTC,517,1771,369283000,4.1693055555555549
2015-02-19 00:00:00 UTC,517,1776,369283000,0.82944444444444443
2015-02-19 00:00:00 UTC,517,-72,250392000,1.0252777777777777
2015-02-19 00:00:00 UTC,517,-74,250103800,0.4226388888888889
2015-02-19 00:00:00 UTC,517,-73,250103800,2.2777777777777777
2015-02-19 00:00:00 UTC,-507,-686,701000732,7.2447222222222232
2015-02-19 00:00:00 UTC,-507,-687,701000732,0.33597222222222223
2015-02-19 00:00:00 UTC,-251,948,224130000,6.3915277777777773
2015-02-19 00:00:00 UTC,262,1202,902969385,2.732361111111111
2015-02-19 00:00:00 UTC,262,1201,902969385,0.45819444444444446
2015-02-19 00:00:00 UTC,262,1201,412441057,0.4538888888888889
2015-02-19 00:00:00 UTC,518,-117,227829000,2.0694444444444446
2015-02-19 00:00:00 UTC,518,-71,250106400,0.63277777777777788
2015-02-19 00:00:00 UTC,518,-1784,368382000,0.0751388888888889
2015-02-19 00:00:00 UTC,518,-158,246429000,9.6413888888888888
2015-02-19 00:00:00 UTC,518,37,245703000,5.7327777777777778
2015-02-19 00:00:00 UTC,518,38,245703000,1.2716666666666669
2015-02-19 00:00:00 UTC,518,-1761,368409000,1.8484722222222219
2015-02-19 00:00:00 UTC,518,21,205262000,1.6733333333333333
2015-02-19 00:00:00 UTC,518,38,245571000,0.55694444444444446
2015-02-19 00:00:00 UTC,518,37,245571000,10.51
2015-02-19 00:00:00 UTC,518,-1761,366499000,0.20402777777777781
2015-02-19 00:00:00 UTC,518,1776,369283000,1.2397222222222222
2015-02-19 00:00:00 UTC,518,1775,369283000,1.9669444444444446
2015-02-19 00:00:00 UTC,518,-72,250392000,0.87138888888888888
2015-02-19 00:00:00 UTC,518,1560,273435850,7.8879166666666656
2015-02-19 00:00:00 UTC,-506,-685,701000732,6.1694444444444443
2015-02-19 00:00:00 UTC,-506,-684,701000732,3.2458333333333331
2015-02-19 00:00:00 UTC,-506,-686,701000732,6.5470833333333323
2015-02-19 00:00:00 UTC,-250,373,431602690,9.5833333333333339
2015-02-19 00:00:00 UTC,-250,374,431602690,2.0251388888888888
2015-02-19 00:00:00 UTC,-250,-755,412420925,0.7238888888888888
2015-02-19 00:00:00 UTC,-250,-755,412420928,3.2165277777777779
2015-02-19 00:00:00 UTC,-250,952,224130000,0.37069444444444444
2015-02-19 00:00:00 UTC,-250,951,224130000,2.0406944444444441
2015-02-19 00:00:00 UTC,7,-250,263572000,3.8762499999999998
2015-02-19 00:00:00 UTC,7,-92,227835000,2.4155555555555557
2015-02-19 00:00:00 UTC,7,-93,227835000,2.9148611111111116
2015-02-19 00:00:00 UTC,263,1201,902969385,1.0259722222222223
2015-02-19 00:00:00 UTC,263,1201,412441195,2.4497222222222224
2015-02-19 00:00:00 UTC,519,-71,250000135,0.40819444444444447
2015-02-19 00:00:00 UTC,519,-74,250000135,1.6858333333333333
2015-02-19 00:00:00 UTC,519,-73,250000135,0.85916666666666663
2015-02-19 00:00:00 UTC,519,-72,250000135,1.023611111111111
2015-02-19 00:00:00 UTC,519,-117,227829000,6.7551388888888884
2015-02-19 00:00:00 UTC,519,31,244286000,16.130138888888887
2015-02-19 00:00:00 UTC,519,30,244286000,1.0945833333333335
2015-02-19 00:00:00 UTC,519,-118,277330000,10.190833333333332
2015-02-19 00:00:00 UTC,519,-116,277330000,0.25291666666666668
2015-02-19 00:00:00 UTC,519,-117,277330000,3.2751388888888888
2015-02-19 00:00:00 UTC,519,40,244670362,0.2
2015-02-19 00:00:00 UTC,519,20,205262000,0.43069444444444444
2015-02-19 00:00:00 UTC,519,21,205262000,0.29930555555555555
2015-02-19 00:00:00 UTC,-505,-683,701000732,2.4543055555555555
2015-02-19 00:00:00 UTC,-505,-580,740349000,0.81125
2015-02-19 00:00:00 UTC,-505,-577,740349000,0.84736111111111112
2015-02-19 00:00:00 UTC,-505,-579,740349000,0.74847222222222221
2015-02-19 00:00:00 UTC,-505,-578,740349000,1.1291666666666667
2015-02-19 00:00:00 UTC,-505,-626,740368000,1.4125
2015-02-19 00:00:00 UTC,-505,-627,740368000,0.28333333333333333
2015-02-19 00:00:00 UTC,-505,1666,512003236,1.1429166666666668
2015-02-19 00:00:00 UTC,-249,374,431602690,1.9705555555555556
2015-02-19 00:00:00 UTC,-249,-755,412420928,7.1468055555555559
2015-02-19 00:00:00 UTC,-249,363,431725000,1.9325
2015-02-19 00:00:00 UTC,-249,579,416000464,6.6722222222222225
2015-02-19 00:00:00 UTC,-249,952,224130000,0.43458333333333332
2015-02-19 00:00:00 UTC,8,-251,263572000,1.3234722222222224
2015-02-19 00:00:00 UTC,8,-89,227549000,4.6613888888888892
2015-02-19 00:00:00 UTC,8,-89,312590000,5.156944444444445
2015-02-19 00:00:00 UTC,264,1202,412441049,1.8006944444444444
2015-02-19 00:00:00 UTC,264,1203,412441052,3.0118055555555552
2015-02-19 00:00:00 UTC,264,1202,412441052,0.83749999999999991
2015-02-19 00:00:00 UTC,520,-116,227275010,9.95125
2015-02-19 00:00:00 UTC,520,1587,273840900,3.5029166666666667
2015-02-19 00:00:00 UTC,520,-118,277330000,2.0468055555555553
2015-02-19 00:00:00 UTC,520,-114,277330000,2.5677777777777777
2015-02-19 00:00:00 UTC,520,-116,277330000,0.72486111111111107
2015-02-19 00:00:00 UTC,520,-115,277330000,0.35513888888888889
2015-02-19 00:00:00 UTC,520,-134,232326000,11.624722222222221
2015-02-19 00:00:00 UTC,520,42,244670362,1.63875
2015-02-19 00:00:00 UTC,520,41,244670362,2.6475
2015-02-19 00:00:00 UTC,-504,-580,740349000,10.496111111111112
2015-02-19 00:00:00 UTC,-504,-579,740349000,1.1776388888888889
2015-02-19 00:00:00 UTC,-504,-581,740349000,0.99625000000000008
2015-02-19 00:00:00 UTC,-504,-582,740349000,3.8094444444444449
2015-02-19 00:00:00 UTC,-504,-625,740368000,0.64041666666666663
2015-02-19 00:00:00 UTC,-504,-626,740368000,0.82486111111111116
2015-02-19 00:00:00 UTC,-248,375,431602690,8.3083333333333336
2015-02-19 00:00:00 UTC,-248,-181,224016000,0.67652777777777784
2015-02-19 00:00:00 UTC,-248,-182,224016000,0.53333333333333333
2015-02-19 00:00:00 UTC,-248,-180,224016000,5.1554166666666665
2015-02-19 00:00:00 UTC,-248,364,431725000,1.3147222222222221
2015-02-19 00:00:00 UTC,-248,577,416000464,3.8111111111111109
2015-02-19 00:00:00 UTC,-248,579,416000464,0.89958333333333318
2015-02-19 00:00:00 UTC,-248,578,416000464,4.1423611111111116
2015-02-19 00:00:00 UTC,9,-88,228128000,4.6748611111111105
2015-02-19 00:00:00 UTC,9,-250,263572000,1.0595833333333333
2015-02-19 00:00:00 UTC,9,-251,263572000,0.78930555555555548
2015-02-19 00:00:00 UTC,9,-91,228168000,7.3777777777777764
2015-02-19 00:00:00 UTC,9,-92,227549000,2.1436111111111114
2015-02-19 00:00:00 UTC,9,-91,227549000,0.55833333333333335
2015-02-19 00:00:00 UTC,9,-89,227549000,1.3013888888888889
2015-02-19 00:00:00 UTC,9,-89,228167000,3.7956944444444454
2015-02-19 00:00:00 UTC,9,-91,228167000,3.6608333333333336
2015-02-19 00:00:00 UTC,9,-90,228167000,3.5673611111111114
2015-02-19 00:00:00 UTC,9,1782,538060008,6.5368055555555582
2015-02-19 00:00:00 UTC,521,1587,273840900,1.1997222222222224
2015-02-19 00:00:00 UTC,521,42,244692000,0.20444444444444443
2015-02-19 00:00:00 UTC,521,36,244286000,1.9540277777777779
2015-02-19 00:00:00 UTC,521,37,244286000,0.70083333333333342
2015-02-19 00:00:00 UTC,521,35,244286000,8.3779166666666658
2015-02-19 00:00:00 UTC,521,36,245252000,1.4581944444444443
2015-02-19 00:00:00 UTC,521,37,245252000,4.40625
2015-02-19 00:00:00 UTC,521,38,245252000,3.3388888888888886
2015-02-19 00:00:00 UTC,521,35,245252000,3.175
2015-02-19 00:00:00 UTC,521,39,245252000,0.87861111111111112
2015-02-19 00:00:00 UTC,-503,-583,740349000,4.4680555555555559
2015-02-19 00:00:00 UTC,-503,-579,740358000,2.8152777777777778
2015-02-19 00:00:00 UTC,-503,-580,740358000,0.71624999999999994
2015-02-19 00:00:00 UTC,-503,-584,740358000,0.34847222222222218
2015-02-19 00:00:00 UTC,-503,-625,740368000,0.50694444444444442
2015-02-19 00:00:00 UTC,-247,-181,224016000,1.0316666666666667
2015-02-19 00:00:00 UTC,-247,-183,224016000,0.56111111111111112
2015-02-19 00:00:00 UTC,-247,-182,224016000,1.01375
2015-02-19 00:00:00 UTC,-247,-180,224016000,6.26
2015-02-19 00:00:00 UTC,-247,136,224901000,6.531944444444445
2015-02-19 00:00:00 UTC,-247,364,431725000,1.4527777777777775
2015-02-19 00:00:00 UTC,10,-249,263572000,0.6151388888888889
2015-02-19 00:00:00 UTC,10,-248,263572000,0.78069444444444447
2015-02-19 00:00:00 UTC,10,-97,227835000,0.42152777777777783
2015-02-19 00:00:00 UTC,10,-96,227835000,1.6079166666666667
2015-02-19 00:00:00 UTC,10,1795,440623000,5.7794444444444446
2015-02-19 00:00:00 UTC,10,-99,226180000,1.3934722222222222
2015-02-19 00:00:00 UTC,10,-98,226180000,3.9097222222222228
2015-02-19 00:00:00 UTC,10,-93,312590000,5.3495833333333325
2015-02-19 00:00:00 UTC,522,1587,273840900,1.9197222222222221
2015-02-19 00:00:00 UTC,522,36,244286000,2.3644444444444441
2015-02-19 00:00:00 UTC,522,37,244286000,0.22638888888888889
2015-02-19 00:00:00 UTC,522,-119,250103700,4.7359722222222222
2015-02-19 00:00:00 UTC,522,39,245252000,2.8734722222222224
2015-02-19 00:00:00 UTC,522,38,245252000,1.335
2015-02-19 00:00:00 UTC,522,-538,316100000,0.22222222222222221
2015-02-19 00:00:00 UTC,522,-539,316100000,3.612916666666667
2015-02-19 00:00:00 UTC,522,-539,316323000,1.2981944444444444
2015-02-19 00:00:00 UTC,522,-538,316323000,0.45458333333333334
2015-02-19 00:00:00 UTC,522,-539,316065000,2.1070833333333332
2015-02-19 00:00:00 UTC,522,-538,316065000,0.49152777777777779
2015-02-19 00:00:00 UTC,-502,-621,441767000,7.1583333333333332
2015-02-19 00:00:00 UTC,-502,-585,740358000,3.3084722222222225
2015-02-19 00:00:00 UTC,-502,-586,740358000,0.72902777777777783
2015-02-19 00:00:00 UTC,-502,-584,740358000,0.86430555555555555
2015-02-19 00:00:00 UTC,-502,1663,272323000,0.66944444444444451
2015-02-19 00:00:00 UTC,-502,1662,272323000,1.7915277777777781
2015-02-19 00:00:00 UTC,-502,1662,512003817,1.0486111111111112
2015-02-19 00:00:00 UTC,-502,1663,512003817,0.37625
2015-02-19 00:00:00 UTC,-502,-624,440683000,7.8556944444444436
2015-02-19 00:00:00 UTC,-246,-183,224016000,1.1877777777777778
2015-02-19 00:00:00 UTC,-246,-182,224016000,0.46958333333333335
2015-02-19 00:00:00 UTC,-246,-184,224016000,0.14152777777777778
2015-02-19 00:00:00 UTC,-246,138,224901000,0.69180555555555556
2015-02-19 00:00:00 UTC,-246,134,224142000,3.1837500000000003
2015-02-19 00:00:00 UTC,-246,363,431725000,0.38555555555555554
2015-02-19 00:00:00 UTC,-246,364,431725000,0.94791666666666674
2015-02-19 00:00:00 UTC,-246,-23,263415290,5.3620833333333335
2015-02-19 00:00:00 UTC,-246,-19,263415290,0.17402777777777778
2015-02-19 00:00:00 UTC,-246,-21,263415290,0.83333333333333337
2015-02-19 00:00:00 UTC,-246,-24,263415290,3.5906944444444444
2015-02-19 00:00:00 UTC,-246,-20,263415290,1.0959722222222221
2015-02-19 00:00:00 UTC,-246,-22,263415290,1.1916666666666667
2015-02-19 00:00:00 UTC,11,-247,263572000,3.2084722222222219
2015-02-19 00:00:00 UTC,11,1037,563022450,2.5209722222222219
2015-02-19 00:00:00 UTC,267,1202,412449459,0.48833333333333334
2015-02-19 00:00:00 UTC,523,1587,273840900,8.9877777777777759
2015-02-19 00:00:00 UTC,523,39,244669000,1.6291666666666667
2015-02-19 00:00:00 UTC,523,40,244669000,0.725138888888889
2015-02-19 00:00:00 UTC,523,38,244669000,0.13041666666666665
2015-02-19 00:00:00 UTC,523,41,246214000,1.3419444444444446
2015-02-19 00:00:00 UTC,523,39,246214000,4.3179166666666662
2015-02-19 00:00:00 UTC,523,40,246214000,7.0205555555555534
2015-02-19 00:00:00 UTC,523,-118,228301700,0.39944444444444444
2015-02-19 00:00:00 UTC,523,-119,228301700,5.0836111111111109
2015-02-19 00:00:00 UTC,523,20,205285000,0.20652777777777775
2015-02-19 00:00:00 UTC,523,-119,250103700,0.69500000000000006
2015-02-19 00:00:00 UTC,523,-120,250103700,2.3888888888888888
2015-02-19 00:00:00 UTC,523,39,245252000,2.3363888888888886
2015-02-19 00:00:00 UTC,523,40,245252000,3.1801388888888891
2015-02-19 00:00:00 UTC,523,-537,316100000,3.9644444444444442
2015-02-19 00:00:00 UTC,523,-539,316100000,7.52625
2015-02-19 00:00:00 UTC,523,-538,316100000,6.4955555555555557
2015-02-19 00:00:00 UTC,523,1587,273846700,8.7965277777777757
2015-02-19 00:00:00 UTC,523,1586,273846700,0.34791666666666665
2015-02-19 00:00:00 UTC,523,-535,316323000,2.8802777777777782
2015-02-19 00:00:00 UTC,523,-536,316323000,3.7913888888888896
2015-02-19 00:00:00 UTC,523,-539,316323000,2.40125
2015-02-19 00:00:00 UTC,523,-537,316323000,5.8327777777777765
2015-02-19 00:00:00 UTC,523,-538,316323000,6.7358333333333338
2015-02-19 00:00:00 UTC,523,-537,316001738,5.0709722222222231
2015-02-19 00:00:00 UTC,523,-538,316001738,1.2845833333333334
2015-02-19 00:00:00 UTC,523,-539,316001738,10.509027777777778
2015-02-19 00:00:00 UTC,523,-538,316065000,0.44527777777777777
2015-02-19 00:00:00 UTC,523,-535,316065000,1.3991666666666667
2015-02-19 00:00:00 UTC,523,-539,316065000,0.21666666666666667
2015-02-19 00:00:00 UTC,523,-537,316065000,1.0258333333333334
2015-02-19 00:00:00 UTC,523,-536,316065000,1.5883333333333334
2015-02-19 00:00:00 UTC,523,-534,316065000,0.9556944444444444
2015-02-19 00:00:00 UTC,-501,-588,740358000,3.5191666666666666
2015-02-19 00:00:00 UTC,-501,-587,740358000,1.0975
2015-02-19 00:00:00 UTC,-501,-590,740358000,2.9612499999999997
2015-02-19 00:00:00 UTC,-501,-622,740368000,1.0143055555555556
2015-02-19 00:00:00 UTC,-501,-621,740368000,1.2027777777777777
2015-02-19 00:00:00 UTC,-501,1662,272323000,1.5859722222222226
2015-02-19 00:00:00 UTC,-501,-622,441303000,7.863888888888888
2015-02-19 00:00:00 UTC,-501,-616,440108000,1.5438888888888889
2015-02-19 00:00:00 UTC,-501,-617,440108000,2.7894444444444444
2015-02-19 00:00:00 UTC,-501,-623,440652000,5.51875
2015-02-19 00:00:00 UTC,-501,1662,512003817,1.2155555555555555
2015-02-19 00:00:00 UTC,-501,1663,512003817,0.76513888888888892
2015-02-19 00:00:00 UTC,-245,-182,224016000,1.7433333333333332
2015-02-19 00:00:00 UTC,-245,-184,224016000,1.2606944444444443
2015-02-19 00:00:00 UTC,-245,-183,224016000,0.51083333333333336
2015-02-19 00:00:00 UTC,-245,138,224901000,1.8095833333333333
2015-02-19 00:00:00 UTC,-245,136,224901000,2.0638888888888891
2015-02-19 00:00:00 UTC,-245,136,224142000,0.33472222222222225
2015-02-19 00:00:00 UTC,-245,135,224142000,0.72097222222222213
2015-02-19 00:00:00 UTC,-245,137,224142000,7.8499999999999988
2015-02-19 00:00:00 UTC,-245,134,224142000,0.3525
2015-02-19 00:00:00 UTC,-245,363,431725000,1.0018055555555556
2015-02-19 00:00:00 UTC,-245,-21,263415290,0.67722222222222228
2015-02-19 00:00:00 UTC,-245,-12,263415290,5.1872222222222222
2015-02-19 00:00:00 UTC,-245,-20,263415290,0.97277777777777785
2015-02-19 00:00:00 UTC,-245,-19,263415290,0.84847222222222218
2015-02-19 00:00:00 UTC,12,1038,563022450,1.4945833333333332
2015-02-19 00:00:00 UTC,12,1037,563022450,1.0299999999999998
2015-02-19 00:00:00 UTC,12,1609,416004242,4.8381944444444436
2015-02-19 00:00:00 UTC,12,1037,457368253,1.7775
2015-02-19 00:00:00 UTC,268,1211,412433527,5.7655555555555553
2015-02-19 00:00:00 UTC,524,1552,273337860,0.4475
2015-02-19 00:00:00 UTC,524,43,244659000,0.6431944444444444
2015-02-19 00:00:00 UTC,524,45,244659000,0.63180555555555551
2015-02-19 00:00:00 UTC,524,40,244659000,0.69958333333333333
2015-02-19 00:00:00 UTC,524,39,244659000,0.8026388888888889
2015-02-19 00:00:00 UTC,524,44,244659000,0.62791666666666668
2015-02-19 00:00:00 UTC,524,40,246214000,6.8361111111111112
2015-02-19 00:00:00 UTC,524,20,205285000,2.9394444444444443
2015-02-19 00:00:00 UTC,524,21,205285000,1.0184722222222224
2015-02-19 00:00:00 UTC,524,-122,250103700,6.7527777777777782
2015-02-19 00:00:00 UTC,524,-121,250103700,9.4805555555555561
2015-02-19 00:00:00 UTC,524,42,245252000,1.4172222222222222
2015-02-19 00:00:00 UTC,524,-538,316100000,1.4809722222222224
2015-02-19 00:00:00 UTC,524,1586,273846700,5.0326388888888882
2015-02-19 00:00:00 UTC,524,1587,273846700,2.9973611111111111
2015-02-19 00:00:00 UTC,524,-538,316323000,0.66666666666666663
2015-02-19 00:00:00 UTC,524,-539,316001738,5.0976388888888886
2015-02-19 00:00:00 UTC,524,-538,316001738,1.0584722222222223
2015-02-19 00:00:00 UTC,-500,-590,740358000,1.5626388888888889
2015-02-19 00:00:00 UTC,-500,-591,740358000,3.8165277777777775
2015-02-19 00:00:00 UTC,-500,-620,740368000,0.37069444444444444
2015-02-19 00:00:00 UTC,-500,1662,272323000,0.59069444444444441
2015-02-19 00:00:00 UTC,-500,1663,512003817,1.7973611111111114
2015-02-19 00:00:00 UTC,-244,-183,224016000,0.69861111111111118
2015-02-19 00:00:00 UTC,-244,-184,224016000,1.0420833333333335
2015-02-19 00:00:00 UTC,-244,137,224901000,1.2905555555555557
2015-02-19 00:00:00 UTC,-244,136,224901000,2.2641666666666667
2015-02-19 00:00:00 UTC,-244,138,224901000,1.5126388888888889
2015-02-19 00:00:00 UTC,-244,137,224142000,4.2636111111111106
2015-02-19 00:00:00 UTC,-244,364,431725000,1.4711111111111108
2015-02-19 00:00:00 UTC,-244,363,431725000,1.3883333333333334
2015-02-19 00:00:00 UTC,-244,365,431725000,1.0865277777777778
2015-02-19 00:00:00 UTC,269,1600,416003647,4.213055555555556
2015-02-19 00:00:00 UTC,269,1211,412433527,2.2520833333333332
2015-02-19 00:00:00 UTC,269,1602,416002441,6.8440277777777778
2015-02-19 00:00:00 UTC,525,1552,273337860,3.0931944444444435
2015-02-19 00:00:00 UTC,525,40,244659000,0.47125
2015-02-19 00:00:00 UTC,525,42,244659000,0.86638888888888888
2015-02-19 00:00:00 UTC,525,41,244659000,0.68055555555555558
2015-02-19 00:00:00 UTC,525,-125,250102900,12.105694444444445
2015-02-19 00:00:00 UTC,525,1587,273846700,4.0726388888888891
2015-02-19 00:00:00 UTC,-499,1663,512003817,0.46916666666666662
2015-02-19 00:00:00 UTC,-243,136,224901000,2.205138888888889
2015-02-19 00:00:00 UTC,-243,137,224901000,0.36930555555555555
2015-02-19 00:00:00 UTC,-243,137,224142000,1.7534722222222223
2015-02-19 00:00:00 UTC,-243,365,431725000,0.85722222222222211
2015-02-19 00:00:00 UTC,-243,366,431725000,3.9804166666666658
2015-02-19 00:00:00 UTC,14,645,412695680,11.198333333333334
2015-02-19 00:00:00 UTC,14,1608,416004242,4.4575
2015-02-19 00:00:00 UTC,14,1607,416004242,6.64625
2015-02-19 00:00:00 UTC,270,1208,412432144,9.1790277777777778
2015-02-19 00:00:00 UTC,270,1209,412433182,1.7668055555555555
2015-02-19 00:00:00 UTC,270,1600,416003647,1.49375
2015-02-19 00:00:00 UTC,270,1211,412433527,1.5616666666666665
2015-02-19 00:00:00 UTC,270,1603,416002441,0.20416666666666666
2015-02-19 00:00:00 UTC,270,1602,416002441,1.3784722222222221
2015-02-19 00:00:00 UTC,270,1204,412449705,0.895
2015-02-19 00:00:00 UTC,526,1552,273337860,1.487638888888889
2015-02-19 00:00:00 UTC,526,1551,273337860,0.2615277777777778
2015-02-19 00:00:00 UTC,526,-123,228301600,7.1240277777777781
2015-02-19 00:00:00 UTC,526,-122,228301600,9.9379166666666663
2015-02-19 00:00:00 UTC,526,-1795,338568000,0.15
2015-02-19 00:00:00 UTC,526,-1794,338568000,0.53194444444444444
2015-02-19 00:00:00 UTC,526,-123,235005510,5.3938888888888883
2015-02-19 00:00:00 UTC,526,-121,228301700,8.5111111111111111
2015-02-19 00:00:00 UTC,-498,-613,416018500,7.9281944444444443
2015-02-19 00:00:00 UTC,-242,966,224371000,0.1875
2015-02-19 00:00:00 UTC,-242,366,431725000,0.32347222222222222
2015-02-19 00:00:00 UTC,15,649,412695680,14.408194444444446
2015-02-19 00:00:00 UTC,15,1609,416004242,3.6106944444444444
2015-02-19 00:00:00 UTC,15,-1520,416631000,11.665277777777778
2015-02-19 00:00:00 UTC,15,1756,538060006,5.130694444444444
2015-02-19 00:00:00 UTC,271,1208,412432144,8.7133333333333329
2015-02-19 00:00:00 UTC,271,1209,412433182,3.4387499999999998
2015-02-19 00:00:00 UTC,271,1599,416003647,1.9015277777777775
2015-02-19 00:00:00 UTC,271,1600,416003647,1.7959722222222221
2015-02-19 00:00:00 UTC,271,1211,412433527,0.55958333333333332
2015-02-19 00:00:00 UTC,271,1603,416002441,0.79652777777777783
2015-02-19 00:00:00 UTC,271,1208,412432323,13.754583333333331
2015-02-19 00:00:00 UTC,271,1206,412450007,1.2902777777777776
2015-02-19 00:00:00 UTC,271,1207,800200171,1.9395833333333332
2015-02-19 00:00:00 UTC,527,1551,273337860,1.7148611111111109
2015-02-19 00:00:00 UTC,527,45,244042000,0.66666666666666674
2015-02-19 00:00:00 UTC,527,44,244042000,0.72361111111111109
2015-02-19 00:00:00 UTC,527,-1794,338568000,12.75847222222222
2015-02-19 00:00:00 UTC,527,-1795,338568000,0.46847222222222218
2015-02-19 00:00:00 UTC,527,-1793,338568000,0.2459722222222222
2015-02-19 00:00:00 UTC,-497,-603,416029700,1.5443055555555556
2015-02-19 00:00:00 UTC,-497,-602,416029700,4.505694444444444
2015-02-19 00:00:00 UTC,-497,-601,441298000,4.5201388888888889
2015-02-19 00:00:00 UTC,-497,-667,701000823,1.6405555555555555
2015-02-19 00:00:00 UTC,-497,-605,740344000,2.6181944444444447
2015-02-19 00:00:00 UTC,-497,-612,416239600,4.5179166666666664
2015-02-19 00:00:00 UTC,-241,966,224371000,0.71222222222222231
2015-02-19 00:00:00 UTC,16,602,664544000,0.26125
2015-02-19 00:00:00 UTC,16,600,664544000,1.3683333333333332
2015-02-19 00:00:00 UTC,16,1611,416004242,1.8629166666666666
2015-02-19 00:00:00 UTC,16,1610,416004242,0.54152777777777783
2015-02-19 00:00:00 UTC,16,1609,416004242,0.85847222222222219
2015-02-19 00:00:00 UTC,272,1205,908887555,10.885694444444445
2015-02-19 00:00:00 UTC,272,1211,412433674,0.21000000000000002
2015-02-19 00:00:00 UTC,272,1206,712301068,0.57027777777777777
2015-02-19 00:00:00 UTC,272,1209,332145441,3.3379166666666666
2015-02-19 00:00:00 UTC,272,1599,416003647,1.7901388888888889
2015-02-19 00:00:00 UTC,272,1208,556677211,0.46486111111111106
2015-02-19 00:00:00 UTC,272,1209,556677211,2.8765277777777776
2015-02-19 00:00:00 UTC,272,1211,412432246,0.22541666666666665
2015-02-19 00:00:00 UTC,272,1603,416002441,1.21625
2015-02-19 00:00:00 UTC,272,1205,412450007,0.23944444444444443
2015-02-19 00:00:00 UTC,272,1207,800200171,0.24708333333333332
2015-02-19 00:00:00 UTC,272,1208,800200171,1.0725
2015-02-19 00:00:00 UTC,528,1551,273337860,4.3794444444444451
2015-02-19 00:00:00 UTC,528,45,246570000,5.4708333333333323
2015-02-19 00:00:00 UTC,528,45,244042000,2.535277777777778
2015-02-19 00:00:00 UTC,528,46,244042000,0.20902777777777778
2015-02-19 00:00:00 UTC,528,45,244095000,4.953611111111111
2015-02-19 00:00:00 UTC,528,46,244095000,0.2026388888888889
2015-02-19 00:00:00 UTC,528,46,245587000,0.22222222222222221
2015-02-19 00:00:00 UTC,528,45,245587000,4.2065277777777776
2015-02-19 00:00:00 UTC,528,1590,273848700,1.6534722222222225
2015-02-19 00:00:00 UTC,528,1589,273848700,1.1234722222222224
2015-02-19 00:00:00 UTC,-496,-604,416236800,4.6793055555555556
2015-02-19 00:00:00 UTC,-496,-605,416031800,10.142361111111111
2015-02-19 00:00:00 UTC,-496,-601,440818000,8.6597222222222214
2015-02-19 00:00:00 UTC,-496,-601,440995000,4.5343055555555551
2015-02-19 00:00:00 UTC,-496,-604,740344000,1.5459722222222223
2015-02-19 00:00:00 UTC,-496,-611,416239600,3.8470833333333334
2015-02-19 00:00:00 UTC,-496,-602,440811000,4.6069444444444443
2015-02-19 00:00:00 UTC,-240,1523,503647800,9.111527777777777
2015-02-19 00:00:00 UTC,-240,1523,503647900,8.8351388888888884
2015-02-19 00:00:00 UTC,-240,1523,503671200,9.9627777777777773
2015-02-19 00:00:00 UTC,17,599,664544000,1.4358333333333335
2015-02-19 00:00:00 UTC,17,602,664544000,1.6293055555555553
2015-02-19 00:00:00 UTC,17,-1523,416631000,11.607777777777777
2015-02-19 00:00:00 UTC,273,1205,908887555,11.500694444444445
2015-02-19 00:00:00 UTC,273,1209,332145441,0.22097222222222224
2015-02-19 00:00:00 UTC,273,1599,416003647,1.1636111111111112
2015-02-19 00:00:00 UTC,273,1208,556677211,2.349444444444444
2015-02-19 00:00:00 UTC,273,1209,556677211,0.32263888888888892
2015-02-19 00:00:00 UTC,273,1211,412432246,2.256388888888889
2015-02-19 00:00:00 UTC,273,1604,416002441,6.3106944444444437
2015-02-19 00:00:00 UTC,273,1603,416002441,2.7484722222222224
2015-02-19 00:00:00 UTC,273,1210,412432323,0.43736111111111109
2015-02-19 00:00:00 UTC,529,49,244042000,1.629861111111111
2015-02-19 00:00:00 UTC,529,45,244042000,1.5059722222222223
2015-02-19 00:00:00 UTC,529,46,244042000,0.40569444444444447
2015-02-19 00:00:00 UTC,529,48,245150000,7.252361111111111
2015-02-19 00:00:00 UTC,529,47,245150000,0.20958333333333334
2015-02-19 00:00:00 UTC,529,45,245587000,3.5526388888888882
2015-02-19 00:00:00 UTC,529,1590,273848700,2.818888888888889
2015-02-19 00:00:00 UTC,529,1591,273848700,0.39722222222222225
2015-02-19 00:00:00 UTC,-495,-674,701042000,1.5616666666666668
2015-02-19 00:00:00 UTC,-495,-605,416031600,1.5318055555555556
2015-02-19 00:00:00 UTC,-495,-673,701000823,1.9069444444444443
2015-02-19 00:00:00 UTC,-495,-666,701000823,1.0831944444444446
2015-02-19 00:00:00 UTC,-495,-674,701000628,1.8766666666666667
2015-02-19 00:00:00 UTC,-495,-604,416243900,8.3875
2015-02-19 00:00:00 UTC,-495,-603,416243900,2.3138888888888887
2015-02-19 00:00:00 UTC,-495,-603,740344000,3.8401388888888892
2015-02-19 00:00:00 UTC,-495,-605,577100000,7.8509722222222234
2015-02-19 00:00:00 UTC,-495,-603,440811000,3.754027777777778
2015-02-19 00:00:00 UTC,-495,-674,701006073,6.0740277777777774
2015-02-19 00:00:00 UTC,-239,955,224371000,4.0195833333333333
2015-02-19 00:00:00 UTC,-239,1523,503648100,11.259861111111112
2015-02-19 00:00:00 UTC,-239,1524,503648100,0.10791666666666666
2015-02-19 00:00:00 UTC,18,602,664544000,3.2905555555555557
2015-02-19 00:00:00 UTC,18,599,664544000,1.6527777777777775
2015-02-19 00:00:00 UTC,274,1600,416003647,1.2283333333333335
2015-02-19 00:00:00 UTC,274,1601,416003647,0.89513888888888893
2015-02-19 00:00:00 UTC,274,1213,412432246,7.8777777777777782
2015-02-19 00:00:00 UTC,274,1604,416002441,1.6163888888888889
2015-02-19 00:00:00 UTC,274,1212,412432113,3.158611111111111
2015-02-19 00:00:00 UTC,530,49,245150000,0.21097222222222223
2015-02-19 00:00:00 UTC,-494,-673,701042000,1.7236111111111112
2015-02-19 00:00:00 UTC,-494,-605,416031600,5.2679166666666664
2015-02-19 00:00:00 UTC,-494,-673,701000823,7.0020833333333332
2015-02-19 00:00:00 UTC,-494,-666,701000823,1.1597222222222223
2015-02-19 00:00:00 UTC,-494,-606,416242600,6.7901388888888885
2015-02-19 00:00:00 UTC,-494,-670,701000628,0.70847222222222217
2015-02-19 00:00:00 UTC,-494,-673,701000628,2.4598611111111111
2015-02-19 00:00:00 UTC,-494,-671,701037000,1.9431944444444442
2015-02-19 00:00:00 UTC,-494,-610,577079000,4.3294444444444444
2015-02-19 00:00:00 UTC,-494,-606,416239600,1.9429166666666666
2015-02-19 00:00:00 UTC,-494,-673,701006073,4.0061111111111112
2015-02-19 00:00:00 UTC,-494,-603,416245500,8.9070833333333326
2015-02-19 00:00:00 UTC,19,599,664544000,3.5451388888888888
2015-02-19 00:00:00 UTC,275,1213,412432967,1.8419444444444444
2015-02-19 00:00:00 UTC,275,1213,412432977,0.39180555555555552
2015-02-19 00:00:00 UTC,275,1213,412433253,8.5968055555555534
2015-02-19 00:00:00 UTC,275,1213,412432246,4.7663888888888888
2015-02-19 00:00:00 UTC,275,1605,416002441,0.40763888888888888
2015-02-19 00:00:00 UTC,275,1604,416002441,2.5659722222222223
2015-02-19 00:00:00 UTC,275,1214,412432538,7.5194444444444439
2015-02-19 00:00:00 UTC,275,1213,412432326,13.364166666666666
2015-02-19 00:00:00 UTC,275,1211,111004877,3.5377777777777779
2015-02-19 00:00:00 UTC,275,1213,412433121,12.079861111111109
2015-02-19 00:00:00 UTC,275,1213,412432113,6.3063888888888888
2015-02-19 00:00:00 UTC,531,49,244434000,0.99180555555555561
2015-02-19 00:00:00 UTC,531,49,245873000,7.0752777777777789
2015-02-19 00:00:00 UTC,531,53,244358000,0.40638888888888891
2015-02-19 00:00:00 UTC,531,51,244358000,1.4502777777777778
2015-02-19 00:00:00 UTC,-493,-673,701042000,0.9440277777777778
2015-02-19 00:00:00 UTC,-493,-603,224732000,6.0377777777777784
2015-02-19 00:00:00 UTC,-493,-606,416240500,6.47875
2015-02-19 00:00:00 UTC,-493,-605,416240500,3.8430555555555559
2015-02-19 00:00:00 UTC,-493,-672,701000823,4.5327777777777776
2015-02-19 00:00:00 UTC,-493,-666,701000823,0.5541666666666667
2015-02-19 00:00:00 UTC,-493,-673,701000823,1.5097222222222224
2015-02-19 00:00:00 UTC,-493,-607,416505000,7.992916666666666
2015-02-19 00:00:00 UTC,-493,-670,701000628,0.7944444444444444
2015-02-19 00:00:00 UTC,-493,-673,701000628,2.5179166666666664
2015-02-19 00:00:00 UTC,-493,-671,701000628,4.55
2015-02-19 00:00:00 UTC,-493,-669,701000628,2.2069444444444444
2015-02-19 00:00:00 UTC,-493,-668,701000628,0.99444444444444446
2015-02-19 00:00:00 UTC,-493,-604,740344000,0.35583333333333333
2015-02-19 00:00:00 UTC,-493,-605,740344000,0.61388888888888882
2015-02-19 00:00:00 UTC,-493,-606,416004545,3.8681944444444447
2015-02-19 00:00:00 UTC,-493,-607,416004545,4.4944444444444445
2015-02-19 00:00:00 UTC,-493,-670,701037000,1.5844444444444445
2015-02-19 00:00:00 UTC,-493,-671,701037000,0.2697222222222222
2015-02-19 00:00:00 UTC,-493,-671,701006043,9.4768055555555559
2015-02-19 00:00:00 UTC,-493,-671,701006073,4.5095833333333335
2015-02-19 00:00:00 UTC,-237,-240,224545000,1.4245833333333331
2015-02-19 00:00:00 UTC,-237,-241,224545000,1.221111111111111
2015-02-19 00:00:00 UTC,-237,-239,224545000,1.3959722222222222
2015-02-19 00:00:00 UTC,20,-1638,440522000,6.5556944444444447
2015-02-19 00:00:00 UTC,20,1718,412371181,6.5684722222222218
2015-02-19 00:00:00 UTC,20,-1557,416119800,1.0580555555555555
2015-02-19 00:00:00 UTC,20,-1559,416119800,1.4252777777777776
2015-02-19 00:00:00 UTC,276,1214,412430849,1.6336111111111111
2015-02-19 00:00:00 UTC,276,1216,412414745,8.3898611111111112
2015-02-19 00:00:00 UTC,276,1215,412434212,5.1543055555555561
2015-02-19 00:00:00 UTC,276,1213,412432967,0.85569444444444454
2015-02-19 00:00:00 UTC,276,1213,412432977,0.4861111111111111
2015-02-19 00:00:00 UTC,276,1213,412433244,0.8338888888888889
2015-02-19 00:00:00 UTC,276,1216,412416868,10.482083333333334
2015-02-19 00:00:00 UTC,276,1214,412432538,8.6508333333333329
2015-02-19 00:00:00 UTC,276,1216,412416669,9.0348611111111126
2015-02-19 00:00:00 UTC,276,1216,412416678,0.20166666666666666
2015-02-19 00:00:00 UTC,276,1215,412416678,1.6994444444444445
2015-02-19 00:00:00 UTC,276,1768,416032700,11.671805555555556
2015-02-19 00:00:00 UTC,276,1213,412432326,0.82513888888888887
2015-02-19 00:00:00 UTC,276,-828,366908640,12.162638888888889
2015-02-19 00:00:00 UTC,276,1213,412433121,0.87069444444444444
2015-02-19 00:00:00 UTC,276,1214,412430055,3.6950000000000007
2015-02-19 00:00:00 UTC,276,1214,412430839,1.1873611111111111
2015-02-19 00:00:00 UTC,276,1214,412430841,3.6034722222222224
2015-02-19 00:00:00 UTC,532,53,244199000,5.0541666666666663
2015-02-19 00:00:00 UTC,532,51,245873000,3.5348611111111112
2015-02-19 00:00:00 UTC,532,50,245873000,0.83194444444444449
2015-02-19 00:00:00 UTC,532,1546,273813100,1.9141666666666663
2015-02-19 00:00:00 UTC,532,52,244358000,3.6787500000000004
2015-02-19 00:00:00 UTC,532,53,244358000,0.2026388888888889
2015-02-19 00:00:00 UTC,532,51,244358000,4.154583333333334
2015-02-19 00:00:00 UTC,532,-1328,316022149,1.5254166666666666
2015-02-19 00:00:00 UTC,532,-1329,316022149,2.850138888888889
2015-02-19 00:00:00 UTC,-492,-609,576990000,3.575
2015-02-19 00:00:00 UTC,-492,-609,416350000,5.4177777777777774
2015-02-19 00:00:00 UTC,-492,-610,416350000,2.6125
2015-02-19 00:00:00 UTC,-492,-673,701042000,0.66152777777777771
2015-02-19 00:00:00 UTC,-492,-604,224732000,1.6997222222222224
2015-02-19 00:00:00 UTC,-492,-607,416018800,4.450277777777778
2015-02-19 00:00:00 UTC,-492,-672,701000823,1.5626388888888887
2015-02-19 00:00:00 UTC,-492,-668,701000628,1.4486111111111111
2015-02-19 00:00:00 UTC,-492,-608,416312000,1.525
2015-02-19 00:00:00 UTC,-492,-609,416312000,2.6180555555555554
2015-02-19 00:00:00 UTC,-492,-606,740344000,1.6487500000000002
2015-02-19 00:00:00 UTC,-492,-671,701037000,0.29125
2015-02-19 00:00:00 UTC,-492,-609,416246500,5.7916666666666661
2015-02-19 00:00:00 UTC,-492,-610,416246500,4.3527777777777779
2015-02-19 00:00:00 UTC,-492,-671,701006073,7.2826388888888882
2015-02-19 00:00:00 UTC,-236,-239,224545000,0.22499999999999998
2015-02-19 00:00:00 UTC,-236,-241,224545000,1.9097222222222223
2015-02-19 00:00:00 UTC,21,-1636,440522000,5.8012500000000005
2015-02-19 00:00:00 UTC,21,-1559,416119800,0.77069444444444446
2015-02-19 00:00:00 UTC,21,-1561,416119800,3.8866666666666667
2015-02-19 00:00:00 UTC,21,-1560,416119800,0.68722222222222218
2015-02-19 00:00:00 UTC,21,-1557,416119800,0.85430555555555565
2015-02-19 00:00:00 UTC,21,-1558,416119800,0.70027777777777778
2015-02-19 00:00:00 UTC,277,1211,412430858,0.6711111111111111
2015-02-19 00:00:00 UTC,277,1218,412417039,5.1865277777777781
2015-02-19 00:00:00 UTC,277,1213,412417643,4.2201388888888891
2015-02-19 00:00:00 UTC,277,1771,576635000,6.256388888888889
2015-02-19 00:00:00 UTC,277,1215,412416434,4.9809722222222224
2015-02-19 00:00:00 UTC,277,1216,412416434,0.72805555555555557
2015-02-19 00:00:00 UTC,533,51,244052000,0.40625
2015-02-19 00:00:00 UTC,533,50,244052000,0.60944444444444446
2015-02-19 00:00:00 UTC,533,50,244211000,1.0406944444444446
2015-02-19 00:00:00 UTC,533,49,245352000,0.42194444444444446
2015-02-19 00:00:00 UTC,533,50,245352000,2.0734722222222222
2015-02-19 00:00:00 UTC,533,51,245352000,0.4029166666666667
2015-02-19 00:00:00 UTC,533,1546,273813100,9.8802777777777777
2015-02-19 00:00:00 UTC,533,1545,273813100,8.9162500000000016
2015-02-19 00:00:00 UTC,533,51,244358000,5.0443055555555567
2015-02-19 00:00:00 UTC,533,-1329,316022149,0.20763888888888887
2015-02-19 00:00:00 UTC,533,-1330,316022149,10.438194444444445
2015-02-19 00:00:00 UTC,533,-521,316011910,6.3390277777777779
2015-02-19 00:00:00 UTC,533,-522,316011910,2.3400000000000003
2015-02-19 00:00:00 UTC,533,-60,250002836,0.20652777777777775
2015-02-19 00:00:00 UTC,533,-59,250002836,2.2658333333333336
2015-02-19 00:00:00 UTC,533,52,244035000,6.320555555555555
2015-02-19 00:00:00 UTC,533,-60,250002882,0.43458333333333332
2015-02-19 00:00:00 UTC,533,-59,250002882,3.2151388888888888
2015-02-19 00:00:00 UTC,-491,-608,416241700,3.8804166666666666
2015-02-19 00:00:00 UTC,-491,-609,416241700,4.3281944444444447
2015-02-19 00:00:00 UTC,-491,-609,416350000,1.9500000000000002
2015-02-19 00:00:00 UTC,-491,-610,416701000,4.51375
2015-02-19 00:00:00 UTC,-491,-609,416701000,6.0598611111111111
2015-02-19 00:00:00 UTC,-491,-609,416243800,6.0776388888888881
2015-02-19 00:00:00 UTC,-491,-605,224732000,4.1154166666666665
2015-02-19 00:00:00 UTC,-491,-604,224732000,0.53083333333333327
2015-02-19 00:00:00 UTC,-491,-608,416236900,4.5084722222222222
2015-02-19 00:00:00 UTC,-491,-672,701000823,0.78819444444444442
2015-02-19 00:00:00 UTC,-491,-609,416238500,2.9834722222222223
2015-02-19 00:00:00 UTC,-491,-608,416238500,5.3861111111111111
2015-02-19 00:00:00 UTC,-491,-605,740344000,3.890138888888889
2015-02-19 00:00:00 UTC,-491,-606,740344000,0.66236111111111118
2015-02-19 00:00:00 UTC,-491,-608,740344000,0.67680555555555555
2015-02-19 00:00:00 UTC,-491,-607,740344000,1.1759722222222222
2015-02-19 00:00:00 UTC,-491,-610,441879000,6.3540277777777785
2015-02-19 00:00:00 UTC,-491,-609,441879000,6.0368055555555555
2015-02-19 00:00:00 UTC,-491,-671,701006043,1.5359722222222221
2015-02-19 00:00:00 UTC,-491,-671,701006073,1.7056944444444444
2015-02-19 00:00:00 UTC,-235,-1172,440282000,0.546111111111111
2015-02-19 00:00:00 UTC,-235,-35,224136880,0.35347222222222219
2015-02-19 00:00:00 UTC,-235,-241,224545000,5.024861111111111
2015-02-19 00:00:00 UTC,-235,570,660002300,1.1904166666666667
2015-02-19 00:00:00 UTC,22,-1559,416010900,0.57930555555555563
2015-02-19 00:00:00 UTC,22,-1562,416010900,1.2668055555555555
2015-02-19 00:00:00 UTC,22,-1563,416010900,2.8438888888888889
2015-02-19 00:00:00 UTC,22,-1560,416010900,1.3688888888888888
2015-02-19 00:00:00 UTC,22,-1561,416010900,4.8791666666666655
2015-02-19 00:00:00 UTC,22,-1556,416010900,1.4498611111111108
2015-02-19 00:00:00 UTC,22,-1558,416010900,2.6808333333333332
2015-02-19 00:00:00 UTC,22,-1555,416010900,0.86263888888888884
2015-02-19 00:00:00 UTC,22,1755,440781000,1.0593055555555555
2015-02-19 00:00:00 UTC,22,1756,440781000,4.6234722222222233
2015-02-19 00:00:00 UTC,22,1718,412371181,12.09861111111111
2015-02-19 00:00:00 UTC,278,1218,412419085,3.8005555555555555
2015-02-19 00:00:00 UTC,278,1218,412417813,2.0052777777777777
2015-02-19 00:00:00 UTC,278,1217,412415008,5.1663888888888891
2015-02-19 00:00:00 UTC,278,1217,412415274,1.9736111111111112
2015-02-19 00:00:00 UTC,278,1218,412417843,2.7318055555555554
2015-02-19 00:00:00 UTC,278,1217,200004405,7.7655555555555544
2015-02-19 00:00:00 UTC,278,1216,200004405,0.55847222222222226
2015-02-19 00:00:00 UTC,278,1652,416002900,5.1468055555555559
2015-02-19 00:00:00 UTC,278,1653,416002900,6.5155555555555562
2015-02-19 00:00:00 UTC,278,1218,412418397,2.0872222222222221
2015-02-19 00:00:00 UTC,278,1214,456008292,2.1330555555555559
2015-02-19 00:00:00 UTC,278,1213,412417643,8.2206944444444474
2015-02-19 00:00:00 UTC,278,1218,412416364,12.317777777777778
2015-02-19 00:00:00 UTC,278,1219,412417705,1.5080555555555555
2015-02-19 00:00:00 UTC,278,1211,412430767,0.425
2015-02-19 00:00:00 UTC,278,1210,412430767,0.20819444444444446
2015-02-19 00:00:00 UTC,278,1218,412416689,13.950972222222221
2015-02-19 00:00:00 UTC,278,1218,412419519,8.9844444444444438
2015-02-19 00:00:00 UTC,278,1649,416081600,11.580138888888889
2015-02-19 00:00:00 UTC,278,1218,412417733,1.6722222222222223
2015-02-19 00:00:00 UTC,278,1219,412411848,2.3833333333333333
2015-02-19 00:00:00 UTC,278,1212,412431584,0.65930555555555559
2015-02-19 00:00:00 UTC,278,1659,576609000,0.7625
2015-02-19 00:00:00 UTC,278,1660,576609000,5.9651388888888883
2015-02-19 00:00:00 UTC,278,1218,412416747,0.47375
2015-02-19 00:00:00 UTC,278,1218,412417781,15.362222222222222
2015-02-19 00:00:00 UTC,534,-34,235103745,2.6456944444444446
2015-02-19 00:00:00 UTC,534,56,244780802,1.2300000000000002
2015-02-19 00:00:00 UTC,534,57,244780802,1.8476388888888886
2015-02-19 00:00:00 UTC,534,54,244052000,10.454861111111111
2015-02-19 00:00:00 UTC,534,51,244052000,1.2333333333333334
2015-02-19 00:00:00 UTC,534,53,244052000,2.0625
2015-02-19 00:00:00 UTC,534,52,244052000,3.5088888888888894
2015-02-19 00:00:00 UTC,534,51,244211000,7.4018055555555566
2015-02-19 00:00:00 UTC,534,53,244211000,2.8718055555555559
2015-02-19 00:00:00 UTC,534,54,244211000,2.8884722222222221
2015-02-19 00:00:00 UTC,534,52,244211000,8.4350000000000023
2015-02-19 00:00:00 UTC,534,50,244211000,1.4166666666666667
2015-02-19 00:00:00 UTC,534,-41,235010110,1.0820833333333333
2015-02-19 00:00:00 UTC,534,51,245352000,1.0277777777777777
2015-02-19 00:00:00 UTC,534,53,245352000,2.2611111111111111
2015-02-19 00:00:00 UTC,534,52,245352000,1.652638888888889
2015-02-19 00:00:00 UTC,534,54,245352000,5.1715277777777784
2015-02-19 00:00:00 UTC,534,59,245106000,0.40513888888888888
2015-02-19 00:00:00 UTC,534,56,245106000,0.41069444444444447
2015-02-19 00:00:00 UTC,534,57,245106000,2.2491666666666665
2015-02-19 00:00:00 UTC,534,58,245106000,1.8693055555555556
2015-02-19 00:00:00 UTC,534,57,244658000,0.20416666666666666
2015-02-19 00:00:00 UTC,534,58,244658000,1.2291666666666667
2015-02-19 00:00:00 UTC,534,58,245436000,0.84333333333333327
2015-02-19 00:00:00 UTC,534,54,245436000,0.84444444444444433
2015-02-19 00:00:00 UTC,534,57,245436000,2.52
2015-02-19 00:00:00 UTC,534,56,245436000,0.20375
2015-02-19 00:00:00 UTC,534,58,245660000,1.4280555555555554
2015-02-19 00:00:00 UTC,534,57,245660000,0.41166666666666663
2015-02-19 00:00:00 UTC,534,1545,273813100,2.3431944444444444
2015-02-19 00:00:00 UTC,534,57,245883000,3.9080555555555558
2015-02-19 00:00:00 UTC,534,58,245883000,1.6574999999999998
2015-02-19 00:00:00 UTC,534,56,245883000,0.42041666666666666
2015-02-19 00:00:00 UTC,534,-523,316011910,1.5695833333333331
2015-02-19 00:00:00 UTC,534,-522,316011910,4.84875
2015-02-19 00:00:00 UTC,534,-59,250002836,4.1002777777777784
2015-02-19 00:00:00 UTC,534,59,245775000,0.6125
2015-02-19 00:00:00 UTC,534,55,244175000,1.2341666666666664
2015-02-19 00:00:00 UTC,534,54,244175000,2.9015277777777779
2015-02-19 00:00:00 UTC,534,57,244175000,0.60930555555555554
2015-02-19 00:00:00 UTC,534,56,244175000,0.2038888888888889
2015-02-19 00:00:00 UTC,534,58,244790684,3.0947222222222219
2015-02-19 00:00:00 UTC,534,56,244790684,0.62305555555555558
2015-02-19 00:00:00 UTC,534,57,244790684,3.6986111111111111
2015-02-19 00:00:00 UTC,534,57,245572000,1.2288888888888887
2015-02-19 00:00:00 UTC,534,58,245572000,0.81541666666666657
2015-02-19 00:00:00 UTC,534,57,244686000,1.0284722222222222
2015-02-19 00:00:00 UTC,534,59,244174000,0.61527777777777781
2015-02-19 00:00:00 UTC,534,58,244792000,1.4465277777777779
2015-02-19 00:00:00 UTC,534,57,244792000,1.2409722222222224
2015-02-19 00:00:00 UTC,534,59,244792000,0.40694444444444444
2015-02-19 00:00:00 UTC,534,-59,250002882,1.8320833333333335
2015-02-19 00:00:00 UTC,534,58,246189000,0.61833333333333329
2015-02-19 00:00:00 UTC,534,58,245442000,5.3490277777777786
2015-02-19 00:00:00 UTC,534,56,245442000,2.923888888888889
2015-02-19 00:00:00 UTC,534,57,245442000,7.0372222222222209
2015-02-19 00:00:00 UTC,534,59,245442000,1.2820833333333335
2015-02-19 00:00:00 UTC,534,67,211586000,0.50541666666666663
2015-02-19 00:00:00 UTC,534,68,211586000,0.82444444444444431
2015-02-19 00:00:00 UTC,534,63,245954000,6.4475000000000007
2015-02-19 00:00:00 UTC,534,-39,235023059,1.9656944444444444
2015-02-19 00:00:00 UTC,534,-40,235023059,1.4906944444444443
2015-02-19 00:00:00 UTC,534,-41,235023059,7.7645833333333343
2015-02-19 00:00:00 UTC,-490,-608,416004638,6.0540277777777778
2015-02-19 00:00:00 UTC,-490,-609,576990000,1.9791666666666667
2015-02-19 00:00:00 UTC,-490,-606,740344000,1.3068055555555556
2015-02-19 00:00:00 UTC,-490,-608,740344000,0.78888888888888886
2015-02-19 00:00:00 UTC,-490,-607,740344000,0.53902777777777777
2015-02-19 00:00:00 UTC,-490,-607,440684000,6.0404166666666663
2015-02-19 00:00:00 UTC,-490,-608,416004842,6.0584722222222229
2015-02-19 00:00:00 UTC,-490,-609,416004842,2.8040277777777778
2015-02-19 00:00:00 UTC,-234,-1172,440282000,0.34305555555555556
2015-02-19 00:00:00 UTC,-234,-1173,440282000,0.70833333333333326
2015-02-19 00:00:00 UTC,-234,-35,224136880,0.54444444444444451
2015-02-19 00:00:00 UTC,-234,566,660002300,3.9847222222222221
2015-02-19 00:00:00 UTC,-234,568,660002300,1.7976388888888888
2015-02-19 00:00:00 UTC,23,-1637,440522000,5.810833333333334
2015-02-19 00:00:00 UTC,23,-1559,416010900,4.242222222222221
2015-02-19 00:00:00 UTC,23,-1556,416010900,0.79597222222222219
2015-02-19 00:00:00 UTC,23,-1560,416010900,1.37
2015-02-19 00:00:00 UTC,23,-1557,416010900,0.50416666666666665
2015-02-19 00:00:00 UTC,23,-1558,416010900,1.0958333333333332
2015-02-19 00:00:00 UTC,23,1755,440781000,1.3540277777777776
2015-02-19 00:00:00 UTC,23,-1562,416119800,2.5538888888888889
2015-02-19 00:00:00 UTC,279,1219,412417799,3.2130555555555556
2015-02-19 00:00:00 UTC,279,1218,412419592,6.3984722222222219
2015-02-19 00:00:00 UTC,279,1218,412419085,7.8155555555555551
2015-02-19 00:00:00 UTC,279,1219,412419085,9.5261111111111116
2015-02-19 00:00:00 UTC,279,1219,412416273,4.1986111111111111
2015-02-19 00:00:00 UTC,279,1220,412416273,6.7159722222222218
2015-02-19 00:00:00 UTC,279,1218,412416273,4.1795833333333334
2015-02-19 00:00:00 UTC,279,1218,412417813,2.65125
2015-02-19 00:00:00 UTC,279,1220,412416542,0.65902777777777777
2015-02-19 00:00:00 UTC,279,1218,412416543,3.6133333333333333
2015-02-19 00:00:00 UTC,279,1218,412415274,4.3997222222222225
2015-02-19 00:00:00 UTC,279,1217,412415274,3.3768055555555554
2015-02-19 00:00:00 UTC,279,1219,412417843,3.314861111111111
2015-02-19 00:00:00 UTC,279,1217,200004405,9.713750000000001
2015-02-19 00:00:00 UTC,279,1218,200004405,1.776388888888889
2015-02-19 00:00:00 UTC,279,1218,412414774,6.5919444444444437
2015-02-19 00:00:00 UTC,279,1217,412414774,2.2994444444444446
2015-02-19 00:00:00 UTC,279,1219,412418875,8.8227777777777767
2015-02-19 00:00:00 UTC,279,1221,412417341,2.0897222222222225
2015-02-19 00:00:00 UTC,279,1218,412744512,1.1547222222222222
2015-02-19 00:00:00 UTC,279,1218,412414787,3.2676388888888885
2015-02-19 00:00:00 UTC,279,1217,412414787,4.2248611111111112
2015-02-19 00:00:00 UTC,279,1220,412416581,14.460555555555556
2015-02-19 00:00:00 UTC,279,1221,412416581,7.24875
2015-02-19 00:00:00 UTC,279,1219,412416331,4.2440277777777773
2015-02-19 00:00:00 UTC,279,1219,412416333,6.8744444444444435
2015-02-19 00:00:00 UTC,279,1218,412416589,3.46375
2015-02-19 00:00:00 UTC,279,1217,412418638,0.17486111111111111
2015-02-19 00:00:00 UTC,279,1219,412416853,4.6248611111111115
2015-02-19 00:00:00 UTC,279,1220,412417368,1.0038888888888888
2015-02-19 00:00:00 UTC,279,1218,412416347,1.9070833333333335
2015-02-19 00:00:00 UTC,279,1218,412418397,3.635416666666667
2015-02-19 00:00:00 UTC,279,1218,412416611,2.6902777777777778
2015-02-19 00:00:00 UTC,279,1214,456008292,6.3516666666666675
2015-02-19 00:00:00 UTC,279,1216,456008292,1.7495833333333337
2015-02-19 00:00:00 UTC,279,1215,456008292,1.3461111111111113
2015-02-19 00:00:00 UTC,279,1216,412416868,10.088055555555556
2015-02-19 00:00:00 UTC,279,1219,412417125,5.1319444444444438
2015-02-19 00:00:00 UTC,279,1219,412416102,3.1206944444444442
2015-02-19 00:00:00 UTC,279,1219,412416614,5.7197222222222219
2015-02-19 00:00:00 UTC,279,1218,412416364,8.6158333333333328
2015-02-19 00:00:00 UTC,279,1218,412450181,4.2306944444444445
2015-02-19 00:00:00 UTC,279,1217,412450181,3.6008333333333336
2015-02-19 00:00:00 UTC,279,1220,412416906,1.0670833333333334
2015-02-19 00:00:00 UTC,279,1220,200010892,0.53388888888888886
2015-02-19 00:00:00 UTC,279,1219,200010892,2.42875
2015-02-19 00:00:00 UTC,279,1218,412416678,1.1668055555555554
2015-02-19 00:00:00 UTC,279,1217,412437671,3.9668055555555557
2015-02-19 00:00:00 UTC,279,1220,412417705,1.4904166666666667
2015-02-19 00:00:00 UTC,279,1219,412417705,4.0451388888888893
2015-02-19 00:00:00 UTC,279,1216,200007596,0.99125
2015-02-19 00:00:00 UTC,279,1217,200007596,4.4043055555555553
2015-02-19 00:00:00 UTC,279,1218,200007596,0.85777777777777775
2015-02-19 00:00:00 UTC,279,1220,412412338,4.5894444444444442
2015-02-19 00:00:00 UTC,279,1219,412412338,3.0343055555555556
2015-02-19 00:00:00 UTC,279,1218,412414643,8.1590277777777782
2015-02-19 00:00:00 UTC,279,1220,412418228,7.387083333333333
2015-02-19 00:00:00 UTC,279,1221,412418228,3.1552777777777776
2015-02-19 00:00:00 UTC,279,1219,425856696,9.3374999999999986
2015-02-19 00:00:00 UTC,279,1218,412419519,4.5344444444444445
2015-02-19 00:00:00 UTC,279,1219,412419519,1.4855555555555555
2015-02-19 00:00:00 UTC,279,1219,412406719,6.6450000000000005
2015-02-19 00:00:00 UTC,279,1218,412417733,4.9961111111111114
2015-02-19 00:00:00 UTC,279,1219,412411848,5.6318055555555562
2015-02-19 00:00:00 UTC,279,1220,412411848,3.0551388888888891
2015-02-19 00:00:00 UTC,279,1220,412418505,3.6340277777777779
2015-02-19 00:00:00 UTC,279,1218,210876108,6.0015277777777767
2015-02-19 00:00:00 UTC,279,1217,210876108,3.3513888888888883
2015-02-19 00:00:00 UTC,279,1220,412417744,6.540972222222222
2015-02-19 00:00:00 UTC,279,1219,412417759,2.2245833333333334
2015-02-19 00:00:00 UTC,279,1218,412417759,2.8940277777777776
2015-02-19 00:00:00 UTC,279,1219,412418787,1.41625
2015-02-19 00:00:00 UTC,279,-173,224069860,1.0430555555555554
2015-02-19 00:00:00 UTC,279,1219,412418021,3.7252777777777775
2015-02-19 00:00:00 UTC,279,1218,412417513,0.59486111111111106
2015-02-19 00:00:00 UTC,279,1220,412417772,0.67125
2015-02-19 00:00:00 UTC,279,1219,412417772,2.4593055555555559
2015-02-19 00:00:00 UTC,279,1219,412419064,3.0680555555555555
2015-02-19 00:00:00 UTC,535,-35,235103745,5.4958333333333318
2015-02-19 00:00:00 UTC,535,-34,235103745,8.0630555555555521
2015-02-19 00:00:00 UTC,535,-32,235103745,0.20041666666666669
2015-02-19 00:00:00 UTC,535,-42,235010110,5.5494444444444451
2015-02-19 00:00:00 UTC,535,-41,235010110,5.2661111111111119
2015-02-19 00:00:00 UTC,535,58,244328000,3.6818055555555551
2015-02-19 00:00:00 UTC,535,56,244328000,0.6125
2015-02-19 00:00:00 UTC,535,60,244328000,3.2829166666666665
2015-02-19 00:00:00 UTC,535,61,244328000,6.3625000000000007
2015-02-19 00:00:00 UTC,535,57,244328000,4.1447222222222226
2015-02-19 00:00:00 UTC,535,62,244328000,3.2904166666666672
2015-02-19 00:00:00 UTC,535,59,244328000,2.2473611111111107
2015-02-19 00:00:00 UTC,535,63,244328000,0.42625
2015-02-19 00:00:00 UTC,535,54,245352000,0.82263888888888892
2015-02-19 00:00:00 UTC,535,55,245352000,1.6466666666666665
2015-02-19 00:00:00 UTC,535,56,245352000,1.0218055555555556
2015-02-19 00:00:00 UTC,535,61,244615490,3.1988888888888889
2015-02-19 00:00:00 UTC,535,64,244615490,1.183888888888889
2015-02-19 00:00:00 UTC,535,59,244615490,1.1019444444444444
2015-02-19 00:00:00 UTC,535,60,244615490,3.3270833333333334
2015-02-19 00:00:00 UTC,535,62,244615490,3.0066666666666668
2015-02-19 00:00:00 UTC,535,63,244615490,7.8443055555555574
2015-02-19 00:00:00 UTC,535,58,245106000,0.60722222222222222
2015-02-19 00:00:00 UTC,535,62,245106000,5.3372222222222216
2015-02-19 00:00:00 UTC,535,61,245106000,8.3229166666666661
2015-02-19 00:00:00 UTC,535,60,245106000,3.0934722222222222
2015-02-19 00:00:00 UTC,535,59,245106000,1.6581944444444445
2015-02-19 00:00:00 UTC,535,58,244658000,1.2302777777777778
2015-02-19 00:00:00 UTC,535,61,244658000,0.82680555555555557
2015-02-19 00:00:00 UTC,535,59,244658000,1.2319444444444443
2015-02-19 00:00:00 UTC,535,60,244658000,2.5118055555555561
2015-02-19 00:00:00 UTC,535,60,245863000,2.89875
2015-02-19 00:00:00 UTC,535,61,245863000,7.0498611111111114
2015-02-19 00:00:00 UTC,535,58,245863000,2.2926388888888884
2015-02-19 00:00:00 UTC,535,62,245863000,8.9133333333333322
2015-02-19 00:00:00 UTC,535,59,245863000,2.4840277777777779
2015-02-19 00:00:00 UTC,535,63,245863000,0.20847222222222223
2015-02-19 00:00:00 UTC,535,58,245436000,1.4675000000000002
2015-02-19 00:00:00 UTC,535,54,245436000,0.21680555555555556
2015-02-19 00:00:00 UTC,535,57,245436000,7.1015277777777781
2015-02-19 00:00:00 UTC,535,59,245436000,2.3022222222222224
2015-02-19 00:00:00 UTC,535,55,245436000,2.3161111111111112
2015-02-19 00:00:00 UTC,535,56,245436000,4.0359722222222221
2015-02-19 00:00:00 UTC,535,60,245436000,0.32625
2015-02-19 00:00:00 UTC,535,61,245660000,3.6993055555555556
2015-02-19 00:00:00 UTC,535,57,245660000,0.60833333333333328
2015-02-19 00:00:00 UTC,535,58,245660000,2.4915277777777773
2015-02-19 00:00:00 UTC,535,59,245660000,6.1045833333333341
2015-02-19 00:00:00 UTC,535,62,245660000,4.1308333333333325
2015-02-19 00:00:00 UTC,535,60,245660000,3.6922222222222221
2015-02-19 00:00:00 UTC,535,60,244529000,0.65944444444444439
2015-02-19 00:00:00 UTC,535,58,244529000,1.3934722222222222
2015-02-19 00:00:00 UTC,535,57,244529000,2.5934722222222222
2015-02-19 00:00:00 UTC,535,59,244529000,0.66652777777777783
2015-02-19 00:00:00 UTC,535,59,245553000,4.098472222222223
2015-02-19 00:00:00 UTC,535,61,245553000,3.5573611111111112
2015-02-19 00:00:00 UTC,535,63,245553000,0.215
2015-02-19 00:00:00 UTC,535,60,245553000,2.4722222222222223
2015-02-19 00:00:00 UTC,535,62,245553000,10.619166666666665
2015-02-19 00:00:00 UTC,535,63,246459000,0.42208333333333337
2015-02-19 00:00:00 UTC,535,61,246459000,10.468333333333334
2015-02-19 00:00:00 UTC,535,62,246459000,6.4213888888888881
2015-02-19 00:00:00 UTC,535,60,246459000,6.0523611111111126
2015-02-19 00:00:00 UTC,535,59,246459000,0.7318055555555556
2015-02-19 00:00:00 UTC,535,59,245883000,0.20583333333333331
2015-02-19 00:00:00 UTC,535,58,245883000,0.20958333333333334
2015-02-19 00:00:00 UTC,535,-523,316011910,4.9845833333333331
2015-02-19 00:00:00 UTC,535,-524,316011910,4.5693055555555553
2015-02-19 00:00:00 UTC,535,57,244965000,2.25875
2015-02-19 00:00:00 UTC,535,56,244965000,1.0165277777777777
2015-02-19 00:00:00 UTC,535,61,245775000,0.82777777777777772
2015-02-19 00:00:00 UTC,535,60,245775000,1.4987499999999998
2015-02-19 00:00:00 UTC,535,59,245775000,2.6477777777777778
2015-02-19 00:00:00 UTC,535,57,244175000,1.4451388888888892
2015-02-19 00:00:00 UTC,535,59,244175000,0.6151388888888889
2015-02-19 00:00:00 UTC,535,56,244175000,1.8579166666666664
2015-02-19 00:00:00 UTC,535,55,244175000,1.2325000000000002
2015-02-19 00:00:00 UTC,535,58,244175000,1.9434722222222223
2015-02-19 00:00:00 UTC,535,58,244790684,0.41125
2015-02-19 00:00:00 UTC,535,56,244790684,3.2933333333333334
2015-02-19 00:00:00 UTC,535,59,244790684,3.1736111111111116
2015-02-19 00:00:00 UTC,535,60,244790684,2.4677777777777776
2015-02-19 00:00:00 UTC,535,59,245572000,4.0933333333333328
2015-02-19 00:00:00 UTC,535,61,245572000,0.2013888888888889
2015-02-19 00:00:00 UTC,535,57,245572000,9.0715277777777779
2015-02-19 00:00:00 UTC,535,55,245572000,0.60444444444444434
2015-02-19 00:00:00 UTC,535,56,245572000,3.0956944444444447
2015-02-19 00:00:00 UTC,535,58,245572000,3.0570833333333334
2015-02-19 00:00:00 UTC,535,60,245572000,0.60305555555555557
2015-02-19 00:00:00 UTC,535,56,244686000,0.815138888888889
2015-02-19 00:00:00 UTC,535,58,244686000,1.2716666666666665
2015-02-19 00:00:00 UTC,535,57,244686000,1.4518055555555558
2015-02-19 00:00:00 UTC,535,58,244174000,1.0225
2015-02-19 00:00:00 UTC,535,59,244174000,4.72875
2015-02-19 00:00:00 UTC,535,60,244174000,0.60930555555555554
2015-02-19 00:00:00 UTC,535,58,245731000,5.9747222222222227
2015-02-19 00:00:00 UTC,535,60,245731000,1.0390277777777777
2015-02-19 00:00:00 UTC,535,61,245731000,2.0640277777777776
2015-02-19 00:00:00 UTC,535,59,245731000,3.3040277777777769
2015-02-19 00:00:00 UTC,535,57,245731000,6.5061111111111121
2015-02-19 00:00:00 UTC,535,62,245731000,2.7929166666666667
2015-02-19 00:00:00 UTC,535,58,244792000,1.2366666666666664
2015-02-19 00:00:00 UTC,535,57,244792000,0.61916666666666664
2015-02-19 00:00:00 UTC,535,60,244792000,5.2141666666666664
2015-02-19 00:00:00 UTC,535,62,244792000,2.7251388888888886
2015-02-19 00:00:00 UTC,535,61,244792000,7.0394444444444435
2015-02-19 00:00:00 UTC,535,59,244792000,3.9343055555555546
2015-02-19 00:00:00 UTC,535,57,246189000,6.789583333333332
2015-02-19 00:00:00 UTC,535,60,246189000,0.20555555555555555
2015-02-19 00:00:00 UTC,535,59,246189000,4.0956944444444447
2015-02-19 00:00:00 UTC,535,56,246189000,7.1662500000000007
2015-02-19 00:00:00 UTC,535,55,246189000,1.66375
2015-02-19 00:00:00 UTC,535,58,246189000,3.4845833333333331
2015-02-19 00:00:00 UTC,535,60,245442000,1.9175
2015-02-19 00:00:00 UTC,535,56,245442000,0.61888888888888882
2015-02-19 00:00:00 UTC,535,62,245442000,1.3293055555555555
2015-02-19 00:00:00 UTC,535,61,245442000,2.2891666666666661
2015-02-19 00:00:00 UTC,535,59,245442000,1.2363888888888888
2015-02-19 00:00:00 UTC,535,67,211586000,1.0266666666666666
2015-02-19 00:00:00 UTC,535,65,211586000,0.81208333333333327
2015-02-19 00:00:00 UTC,535,64,211586000,9.03888888888889
2015-02-19 00:00:00 UTC,535,-39,235023059,0.22916666666666669
2015-02-19 00:00:00 UTC,535,58,211415000,0.81319444444444455
2015-02-19 00:00:00 UTC,535,60,211415000,1.0491666666666666
2015-02-19 00:00:00 UTC,535,59,211415000,4.1076388888888884
2015-02-19 00:00:00 UTC,535,56,245228000,5.940555555555556
2015-02-19 00:00:00 UTC,535,57,245228000,6.8506944444444438
2015-02-19 00:00:00 UTC,535,59,245228000,2.8770833333333337
2015-02-19 00:00:00 UTC,535,58,245228000,7.6500000000000012
2015-02-19 00:00:00 UTC,535,55,245228000,0.6331944444444445
2015-02-19 00:00:00 UTC,535,-38,232003832,0.41111111111111109
2015-02-19 00:00:00 UTC,791,116,331036000,3.1180555555555554
2015-02-19 00:00:00 UTC,791,117,331036000,1.5556944444444445
2015-02-19 00:00:00 UTC,-489,1673,272178000,7.521805555555555
2015-02-19 00:00:00 UTC,-489,1672,272178000,3.0622222222222213
2015-02-19 00:00:00 UTC,-489,1671,272178000,1.4209722222222223
2015-02-19 00:00:00 UTC,-489,1670,512411000,1.4054166666666668
2015-02-19 00:00:00 UTC,-489,1673,512411000,3.2765277777777779
2015-02-19 00:00:00 UTC,-489,1672,512411000,3.038472222222222
2015-02-19 00:00:00 UTC,-489,1671,512411000,2.2169444444444442
2015-02-19 00:00:00 UTC,-489,1671,512000126,2.2401388888888891
2015-02-19 00:00:00 UTC,-489,1673,512000126,1.3204166666666668
2015-02-19 00:00:00 UTC,-489,1670,512000126,0.80819444444444433
2015-02-19 00:00:00 UTC,-489,1672,512000126,3.59375
2015-02-19 00:00:00 UTC,-489,-608,441007000,4.5445833333333336
2015-02-19 00:00:00 UTC,-489,-609,441007000,1.5477777777777777
2015-02-19 00:00:00 UTC,-489,-608,440108000,1.9766666666666668
2015-02-19 00:00:00 UTC,-233,-1173,440282000,0.1098611111111111
2015-02-19 00:00:00 UTC,-233,-1174,440282000,0.70791666666666664
2015-02-19 00:00:00 UTC,-233,-36,224136880,0.91000000000000014
2015-02-19 00:00:00 UTC,-233,-37,224136880,0.9836111111111111
2015-02-19 00:00:00 UTC,-233,-35,224136880,0.87625
2015-02-19 00:00:00 UTC,-233,-38,224136880,0.68472222222222223
2015-02-19 00:00:00 UTC,-233,-236,224545000,0.36416666666666664
2015-02-19 00:00:00 UTC,-233,-239,224545000,6.0973611111111117
2015-02-19 00:00:00 UTC,24,-1720,412420892,0.36638888888888888
2015-02-19 00:00:00 UTC,24,-1718,412420892,0.70041666666666669
2015-02-19 00:00:00 UTC,24,-1719,412420892,0.68736111111111109
2015-02-19 00:00:00 UTC,24,1757,440781000,2.88
2015-02-19 00:00:00 UTC,24,1756,440781000,2.5908333333333333
2015-02-19 00:00:00 UTC,24,1755,440781000,0.18625
2015-02-19 00:00:00 UTC,280,1219,412417799,8.7787499999999987
2015-02-19 00:00:00 UTC,280,1219,412419592,2.1579166666666669
2015-02-19 00:00:00 UTC,280,1218,412419592,3.7347222222222225
2015-02-19 00:00:00 UTC,280,1223,412417547,3.501527777777778
2015-02-19 00:00:00 UTC,280,1221,412418572,5.824583333333333
2015-02-19 00:00:00 UTC,280,1224,412417549,3.3816666666666668
2015-02-19 00:00:00 UTC,280,1220,412410638,1.1351388888888889
2015-02-19 00:00:00 UTC,280,1218,412416273,3.5073611111111109
2015-02-19 00:00:00 UTC,280,1219,412320277,5.7280555555555557
2015-02-19 00:00:00 UTC,280,1219,231456022,0.16694444444444445
2015-02-19 00:00:00 UTC,280,1220,231456022,14.553472222222222
2015-02-19 00:00:00 UTC,280,1219,412419358,2.274861111111111
2015-02-19 00:00:00 UTC,280,1221,412416286,7.8890277777777778
2015-02-19 00:00:00 UTC,280,1219,412416286,2.8425000000000002
2015-02-19 00:00:00 UTC,280,1220,412416542,5.7481944444444446
2015-02-19 00:00:00 UTC,280,1216,412412959,3.3245833333333339
2015-02-19 00:00:00 UTC,280,1218,412416543,0.525
2015-02-19 00:00:00 UTC,280,1219,412416288,3.0902777777777777
2015-02-19 00:00:00 UTC,280,1221,412416546,1.5593055555555555
2015-02-19 00:00:00 UTC,280,1219,412418098,2.2643055555555556
2015-02-19 00:00:00 UTC,280,1223,412418611,1.15125
2015-02-19 00:00:00 UTC,280,1210,412434227,1.7293055555555557
2015-02-19 00:00:00 UTC,280,1218,200004405,0.37152777777777779
2015-02-19 00:00:00 UTC,280,1217,200004405,4.0059722222222227
2015-02-19 00:00:00 UTC,280,1226,412417335,1.6577777777777778
2015-02-19 00:00:00 UTC,280,1225,412417335,4.0258333333333329
2015-02-19 00:00:00 UTC,280,1220,412419384,7.4765277777777781
2015-02-19 00:00:00 UTC,280,1219,412419384,0.23472222222222222
2015-02-19 00:00:00 UTC,280,1221,412417592,0.98208333333333331
2015-02-19 00:00:00 UTC,280,1220,412417592,7.1175
2015-02-19 00:00:00 UTC,280,1220,412418361,1.45
2015-02-19 00:00:00 UTC,280,1221,412418361,3.8281944444444442
2015-02-19 00:00:00 UTC,280,1221,412418875,0.49986111111111109
2015-02-19 00:00:00 UTC,280,1220,412418875,1.2586111111111111
2015-02-19 00:00:00 UTC,280,1219,412418875,9.7177777777777781
2015-02-19 00:00:00 UTC,280,1221,412417341,10.626527777777778
2015-02-19 00:00:00 UTC,280,1215,200006463,6.9595833333333337
2015-02-19 00:00:00 UTC,280,1216,200006463,2.4420833333333336
2015-02-19 00:00:00 UTC,280,1221,412417855,3.6816666666666666
2015-02-19 00:00:00 UTC,280,1219,412417855,4.0901388888888892
2015-02-19 00:00:00 UTC,280,1218,412744512,1.787222222222222
2015-02-19 00:00:00 UTC,280,1219,412744512,3.4379166666666672
2015-02-19 00:00:00 UTC,280,1226,412419394,2.8322222222222222
2015-02-19 00:00:00 UTC,280,1225,412419394,3.391111111111111
2015-02-19 00:00:00 UTC,280,1226,200010309,2.793333333333333
2015-02-19 00:00:00 UTC,280,1221,412416581,2.6780555555555554
2015-02-19 00:00:00 UTC,280,1220,412416581,5.6305555555555555
2015-02-19 00:00:00 UTC,280,1220,412416331,5.1738888888888885
2015-02-19 00:00:00 UTC,280,1219,412416331,10.622222222222224
2015-02-19 00:00:00 UTC,280,1219,412416333,12.394444444444446
2015-02-19 00:00:00 UTC,280,1221,412419406,12.260277777777778
2015-02-19 00:00:00 UTC,280,1220,412419407,1.4259722222222224
2015-02-19 00:00:00 UTC,280,1219,412416596,0.41708333333333336
2015-02-19 00:00:00 UTC,280,1219,412416853,18.324722222222221
2015-02-19 00:00:00 UTC,280,1220,412417368,5.2802777777777781
2015-02-19 00:00:00 UTC,280,1219,412417368,6.3516666666666666
2015-02-19 00:00:00 UTC,280,1223,200004441,0.73736111111111113
2015-02-19 00:00:00 UTC,280,1218,412416347,1.7775
2015-02-19 00:00:00 UTC,280,1219,412416347,4.6330555555555559
2015-02-19 00:00:00 UTC,280,1218,412418397,1.2647222222222223
2015-02-19 00:00:00 UTC,280,1220,412416611,2.19375
2015-02-19 00:00:00 UTC,280,1223,412417124,8.8904166666666669
2015-02-19 00:00:00 UTC,280,1220,412417125,5.2672222222222222
2015-02-19 00:00:00 UTC,280,1219,412417125,3.7925000000000004
2015-02-19 00:00:00 UTC,280,1220,412416102,2.2444444444444445
2015-02-19 00:00:00 UTC,280,1219,412416102,12.804305555555553
2015-02-19 00:00:00 UTC,280,1218,412416614,4.6763888888888889
2015-02-19 00:00:00 UTC,280,1219,412416108,2.3440277777777778
2015-02-19 00:00:00 UTC,280,1220,412416108,4.9818055555555558
2015-02-19 00:00:00 UTC,280,1218,412416364,2.0747222222222224
2015-02-19 00:00:00 UTC,280,1224,200006260,0.9916666666666667
2015-02-19 00:00:00 UTC,280,1223,200006260,2.3876388888888886
2015-02-19 00:00:00 UTC,280,1772,576635000,2.6926388888888888
2015-02-19 00:00:00 UTC,280,1219,412001918,7.1929166666666671
2015-02-19 00:00:00 UTC,280,1215,412678790,2.0063888888888894
2015-02-19 00:00:00 UTC,280,1216,412678790,6.399861111111111
2015-02-19 00:00:00 UTC,280,1221,412416906,6.3159722222222214
2015-02-19 00:00:00 UTC,280,1220,412416906,10.691805555555556
2015-02-19 00:00:00 UTC,280,1220,200010892,7.3759722222222219
2015-02-19 00:00:00 UTC,280,1219,200010892,5.588055555555556
2015-02-19 00:00:00 UTC,280,1221,200010892,1.7254166666666666
2015-02-19 00:00:00 UTC,280,1219,412417427,1.8427777777777778
2015-02-19 00:00:00 UTC,280,1220,412417427,3.4080555555555554
2015-02-19 00:00:00 UTC,280,1219,412417683,2.4381944444444446
2015-02-19 00:00:00 UTC,280,1221,412417683,5.3223611111111113
2015-02-19 00:00:00 UTC,280,1221,413456788,2.0423611111111111
2015-02-19 00:00:00 UTC,280,1221,412418456,12.308333333333334
2015-02-19 00:00:00 UTC,280,1226,412411801,2.8793055555555558
2015-02-19 00:00:00 UTC,280,1601,416240800,12.42625
2015-02-19 00:00:00 UTC,280,1219,412416418,1.6625
2015-02-19 00:00:00 UTC,280,1226,412418981,3.2911111111111113
2015-02-19 00:00:00 UTC,280,1221,412416677,8.712361111111111
2015-02-19 00:00:00 UTC,280,1223,412419495,2.9337500000000003
2015-02-19 00:00:00 UTC,280,1218,412437671,0.2575
2015-02-19 00:00:00 UTC,280,1217,412437671,4.2843055555555543
2015-02-19 00:00:00 UTC,280,1221,412417451,10.140555555555554
2015-02-19 00:00:00 UTC,280,1218,200007596,10.539027777777779
2015-02-19 00:00:00 UTC,280,1216,200007596,1.9344444444444444
2015-02-19 00:00:00 UTC,280,1217,200007596,0.2747222222222222
2015-02-19 00:00:00 UTC,280,1215,200000429,8.4925000000000015
2015-02-19 00:00:00 UTC,280,1219,412416942,1.6090277777777779
2015-02-19 00:00:00 UTC,280,1219,412416177,8.8869444444444436
2015-02-19 00:00:00 UTC,280,1220,412416177,5.35125
2015-02-19 00:00:00 UTC,280,1220,412412338,4.1018055555555559
2015-02-19 00:00:00 UTC,280,1219,412412338,3.3080555555555557
2015-02-19 00:00:00 UTC,280,1219,412418228,3.5234722222222223
2015-02-19 00:00:00 UTC,280,1220,412418228,9.6248611111111124
2015-02-19 00:00:00 UTC,280,1220,425856696,1.0088888888888889
2015-02-19 00:00:00 UTC,280,1219,425856696,7.7673611111111089
2015-02-19 00:00:00 UTC,280,1221,412416444,2.4486111111111111
2015-02-19 00:00:00 UTC,280,1219,412406719,0.44541666666666668
2015-02-19 00:00:00 UTC,280,1220,412419268,6.6069444444444443
2015-02-19 00:00:00 UTC,280,1219,200006343,11.09847222222222
2015-02-19 00:00:00 UTC,280,1220,412411848,4.811805555555555
2015-02-19 00:00:00 UTC,280,1219,412411848,2.3018055555555557
2015-02-19 00:00:00 UTC,280,1220,412418505,16.144444444444446
2015-02-19 00:00:00 UTC,280,1219,412418505,1.5811111111111111
2015-02-19 00:00:00 UTC,280,1220,412417744,11.167916666666667
2015-02-19 00:00:00 UTC,280,1219,412419029,3.7395833333333339
2015-02-19 00:00:00 UTC,280,-168,224440790,1.8275
2015-02-19 00:00:00 UTC,280,-169,224440790,0.36708333333333332
2015-02-19 00:00:00 UTC,280,1225,412419806,3.6248611111111111
2015-02-19 00:00:00 UTC,280,1225,412419807,2.5930555555555554
2015-02-19 00:00:00 UTC,280,1219,412418787,2.0001388888888889
2015-02-19 00:00:00 UTC,280,1220,412418021,10.009861111111112
2015-02-19 00:00:00 UTC,280,1219,412418021,1.1
2015-02-19 00:00:00 UTC,280,1224,412416488,1.9236111111111114
2015-02-19 00:00:00 UTC,280,1219,412417772,11.204722222222223
2015-02-19 00:00:00 UTC,280,1220,412417772,6.6580555555555554
2015-02-19 00:00:00 UTC,280,1220,200009710,2.3008333333333333
2015-02-19 00:00:00 UTC,280,1221,412417777,15.584027777777781
2015-02-19 00:00:00 UTC,280,1220,412417778,3.3636111111111111
2015-02-19 00:00:00 UTC,280,1219,412417778,2.4418055555555558
2015-02-19 00:00:00 UTC,280,1219,412416757,4.5895833333333336
2015-02-19 00:00:00 UTC,280,1224,412417014,0.8158333333333333
2015-02-19 00:00:00 UTC,280,1220,412419064,4.8818055555555562
2015-02-19 00:00:00 UTC,280,1219,412417784,14.784583333333334
2015-02-19 00:00:00 UTC,280,1220,412417784,8.1829166666666673
2015-02-19 00:00:00 UTC,280,1219,412411132,2.9494444444444445
2015-02-19 00:00:00 UTC,536,-33,235103745,0.40875
2015-02-19 00:00:00 UTC,536,-34,235103745,4.0366666666666671
2015-02-19 00:00:00 UTC,536,63,244615490,2.9477777777777781
2015-02-19 00:00:00 UTC,536,61,244615490,0.24180555555555555
2015-02-19 00:00:00 UTC,536,57,245436000,0.4933333333333334
2015-02-19 00:00:00 UTC,536,58,245436000,2.9952777777777779
2015-02-19 00:00:00 UTC,536,59,245660000,0.40083333333333332
2015-02-19 00:00:00 UTC,536,58,245660000,1.0279166666666666
2015-02-19 00:00:00 UTC,536,64,245553000,1.3902777777777777
2015-02-19 00:00:00 UTC,536,63,245553000,1.7126388888888886
2015-02-19 00:00:00 UTC,536,59,244965000,1.4519444444444445
2015-02-19 00:00:00 UTC,536,58,244965000,2.0519444444444446
2015-02-19 00:00:00 UTC,536,57,244965000,0.40055555555555555
2015-02-19 00:00:00 UTC,536,59,245775000,1.9651388888888888
2015-02-19 00:00:00 UTC,536,61,245775000,0.22958333333333331
2015-02-19 00:00:00 UTC,536,60,245775000,1.6929166666666666
2015-02-19 00:00:00 UTC,536,61,245572000,0.62930555555555556
2015-02-19 00:00:00 UTC,536,60,245572000,0.61236111111111113
2015-02-19 00:00:00 UTC,536,59,244174000,1.4420833333333334
2015-02-19 00:00:00 UTC,536,59,245731000,0.43458333333333332
2015-02-19 00:00:00 UTC,536,61,245731000,0.20694444444444443
2015-02-19 00:00:00 UTC,536,60,245731000,1.0555555555555554
2015-02-19 00:00:00 UTC,536,-38,232003832,4.5870833333333332
2015-02-19 00:00:00 UTC,536,-37,232003832,2.3266666666666667
2015-02-19 00:00:00 UTC,792,116,331036000,3.1161111111111111
2015-02-19 00:00:00 UTC,792,117,331036000,1.5654166666666667
2015-02-19 00:00:00 UTC,-488,1674,272178000,0.8225
2015-02-19 00:00:00 UTC,-488,1676,512000126,2.4916666666666663
2015-02-19 00:00:00 UTC,-488,1673,512000126,0.71430555555555564
2015-02-19 00:00:00 UTC,-488,1674,512000126,4.975
2015-02-19 00:00:00 UTC,-488,1675,512000126,2.015
2015-02-19 00:00:00 UTC,-488,-608,441410000,6.052777777777778
2015-02-19 00:00:00 UTC,-488,-608,577079000,2.7415277777777778
2015-02-19 00:00:00 UTC,-232,-1175,440282000,0.69027777777777777
2015-02-19 00:00:00 UTC,-232,-122,224335000,2.2583333333333333
2015-02-19 00:00:00 UTC,-232,-38,224136880,0.50347222222222221
2015-02-19 00:00:00 UTC,-232,-39,224136880,4.1554166666666665
2015-02-19 00:00:00 UTC,25,-1718,412420892,0.7
2015-02-19 00:00:00 UTC,25,-1719,412420892,3.1876388888888889
2015-02-19 00:00:00 UTC,25,-1720,412420892,5.0587500000000007
2015-02-19 00:00:00 UTC,25,-1705,412695580,0.44611111111111112
2015-02-19 00:00:00 UTC,25,-1704,412695580,0.25944444444444448
2015-02-19 00:00:00 UTC,25,-1707,412695580,6.9073611111111122
2015-02-19 00:00:00 UTC,25,1718,441084000,5.0826388888888889
2015-02-19 00:00:00 UTC,281,1761,576608000,2.4980555555555553
2015-02-19 00:00:00 UTC,281,1759,576608000,0.66250000000000009
2015-02-19 00:00:00 UTC,281,1225,200006400,1.52875
2015-02-19 00:00:00 UTC,281,1226,200006400,2.32875
2015-02-19 00:00:00 UTC,281,1219,412419592,3.5250000000000004
2015-02-19 00:00:00 UTC,281,1224,412417547,11.290138888888889
2015-02-19 00:00:00 UTC,281,1223,412417547,0.20833333333333331
2015-02-19 00:00:00 UTC,281,1224,412416268,2.96625
2015-02-19 00:00:00 UTC,281,1224,412416269,3.3834722222222222
2015-02-19 00:00:00 UTC,281,1224,412417549,10.820972222222222
2015-02-19 00:00:00 UTC,281,1223,412417549,6.5556944444444447
2015-02-19 00:00:00 UTC,281,1220,412410638,7.4590277777777771
2015-02-19 00:00:00 UTC,281,1654,416004369,11.623888888888889
2015-02-19 00:00:00 UTC,281,1225,412419348,3.6729166666666666
2015-02-19 00:00:00 UTC,281,1219,412320277,8.4084722222222243
2015-02-19 00:00:00 UTC,281,1219,231456022,1.9520833333333334
2015-02-19 00:00:00 UTC,281,1220,231456022,6.7266666666666666
2015-02-19 00:00:00 UTC,281,1225,412418333,4.3505555555555553
2015-02-19 00:00:00 UTC,281,1219,412419358,4.3334722222222215
2015-02-19 00:00:00 UTC,281,1219,412416286,3.8831944444444439
2015-02-19 00:00:00 UTC,281,1221,412416286,6.1343055555555548
2015-02-19 00:00:00 UTC,281,1219,412416288,4.2745833333333332
2015-02-19 00:00:00 UTC,281,1226,412419113,8.54625
2015-02-19 00:00:00 UTC,281,1220,412418098,0.25888888888888889
2015-02-19 00:00:00 UTC,281,1219,412418098,5.1412499999999994
2015-02-19 00:00:00 UTC,281,1225,412416306,1.375
2015-02-19 00:00:00 UTC,281,1225,412418611,5.4608333333333334
2015-02-19 00:00:00 UTC,281,1223,412418611,4.12625
2015-02-19 00:00:00 UTC,281,1224,412418611,6.5916666666666668
2015-02-19 00:00:00 UTC,281,1210,412434227,0.24722222222222223
2015-02-19 00:00:00 UTC,281,1219,200000819,3.2570833333333331
2015-02-19 00:00:00 UTC,281,1220,200000819,0.8751388888888888
2015-02-19 00:00:00 UTC,281,1225,412417335,4.3170833333333336
2015-02-19 00:00:00 UTC,281,1226,412417335,1.8580555555555556
2015-02-19 00:00:00 UTC,281,1220,412417592,1.9930555555555554
2015-02-19 00:00:00 UTC,281,1221,412417592,6.891805555555556
2015-02-19 00:00:00 UTC,281,1221,412418361,9.3052777777777784
2015-02-19 00:00:00 UTC,281,1220,412418875,2.2601388888888891
2015-02-19 00:00:00 UTC,281,1220,412417341,2.0570833333333334
2015-02-19 00:00:00 UTC,281,1221,412417341,7.2434722222222225
2015-02-19 00:00:00 UTC,281,1221,412417855,6.8802777777777777
2015-02-19 00:00:00 UTC,281,1219,412417855,4.0434722222222224
2015-02-19 00:00:00 UTC,281,1219,412744512,2.3770833333333332
2015-02-19 00:00:00 UTC,281,1226,200010309,6.1409722222222216
2015-02-19 00:00:00 UTC,281,1219,412416331,1.1416666666666666
2015-02-19 00:00:00 UTC,281,1220,412416331,2.7093055555555559
2015-02-19 00:00:00 UTC,281,1219,412416333,1.5322222222222222
2015-02-19 00:00:00 UTC,281,1221,412419406,6.6302777777777777
2015-02-19 00:00:00 UTC,281,1220,412419406,2.0762500000000004
2015-02-19 00:00:00 UTC,281,1221,412419407,3.0238888888888891
2015-02-19 00:00:00 UTC,281,1220,412419407,5.6115277777777788
2015-02-19 00:00:00 UTC,281,1226,412416848,3.2172222222222224
2015-02-19 00:00:00 UTC,281,1648,416002900,5.1923611111111114
2015-02-19 00:00:00 UTC,281,1220,412416596,2.6568055555555556
2015-02-19 00:00:00 UTC,281,1219,412416596,6.4168055555555554
2015-02-19 00:00:00 UTC,281,1225,412418645,3.3549999999999995
2015-02-19 00:00:00 UTC,281,1219,412416853,0.47486111111111112
2015-02-19 00:00:00 UTC,281,1219,412417368,4.4075
2015-02-19 00:00:00 UTC,281,1224,200004441,14.871805555555554
2015-02-19 00:00:00 UTC,281,1223,200004441,3.076944444444444
2015-02-19 00:00:00 UTC,281,1219,412416347,1.4851388888888888
2015-02-19 00:00:00 UTC,281,1214,200001886,3.5655555555555556
2015-02-19 00:00:00 UTC,281,1215,200001886,3.6580555555555554
2015-02-19 00:00:00 UTC,281,1226,412419682,2.4119444444444444
2015-02-19 00:00:00 UTC,281,1225,412419682,3.1730555555555555
2015-02-19 00:00:00 UTC,281,1223,412417124,0.94097222222222221
2015-02-19 00:00:00 UTC,281,1225,412417124,12.320555555555556
2015-02-19 00:00:00 UTC,281,1220,412417125,6.3950000000000005
2015-02-19 00:00:00 UTC,281,1219,412417125,1.4947222222222223
2015-02-19 00:00:00 UTC,281,1220,412416102,4.6741666666666672
2015-02-19 00:00:00 UTC,281,1219,412416102,0.54902777777777778
2015-02-19 00:00:00 UTC,281,1217,412417643,7.1736111111111116
2015-02-19 00:00:00 UTC,281,1220,412416108,1.8398611111111112
2015-02-19 00:00:00 UTC,281,1219,412416108,0.4505555555555556
2015-02-19 00:00:00 UTC,281,1219,200007536,0.27069444444444446
2015-02-19 00:00:00 UTC,281,1226,200004979,5.8065277777777773
2015-02-19 00:00:00 UTC,281,1224,200006260,12.996944444444445
2015-02-19 00:00:00 UTC,281,1225,200006260,1.9073611111111111
2015-02-19 00:00:00 UTC,281,1223,200006260,1.8376388888888888
2015-02-19 00:00:00 UTC,281,1226,412419703,6.1173611111111112
2015-02-19 00:00:00 UTC,281,1222,412419704,0.8156944444444445
2015-02-19 00:00:00 UTC,281,1223,412419704,2.1341666666666668
2015-02-19 00:00:00 UTC,281,1771,576635000,0.66263888888888889
2015-02-19 00:00:00 UTC,281,1768,576635000,4.6075
2015-02-19 00:00:00 UTC,281,1772,576635000,0.52875
2015-02-19 00:00:00 UTC,281,1224,412414331,2.5420833333333333
2015-02-19 00:00:00 UTC,281,1219,412001918,7.3822222222222216
2015-02-19 00:00:00 UTC,281,1216,412678790,0.19444444444444445
2015-02-19 00:00:00 UTC,281,1215,412678790,0.2663888888888889
2015-02-19 00:00:00 UTC,281,1219,412417158,3.4763888888888888
2015-02-19 00:00:00 UTC,281,1223,412418952,1.6605555555555556
2015-02-19 00:00:00 UTC,281,1224,412418952,0.89958333333333329
2015-02-19 00:00:00 UTC,281,1220,412416906,2.14125
2015-02-19 00:00:00 UTC,281,1221,412416906,2.3754166666666667
2015-02-19 00:00:00 UTC,281,1219,200010892,0.591388888888889
2015-02-19 00:00:00 UTC,281,1220,200010892,3.2583333333333337
2015-02-19 00:00:00 UTC,281,1225,200006542,2.1984722222222222
2015-02-19 00:00:00 UTC,281,1226,200006542,2.0811111111111114
2015-02-19 00:00:00 UTC,281,1220,412417427,1.05
2015-02-19 00:00:00 UTC,281,1221,412417683,4.97875
2015-02-19 00:00:00 UTC,281,1222,413456788,6.5893055555555557
2015-02-19 00:00:00 UTC,281,1221,413456788,5.3795833333333327
2015-02-19 00:00:00 UTC,281,1219,412418199,3.442222222222223
2015-02-19 00:00:00 UTC,281,1221,412418456,5.94986111111111
2015-02-19 00:00:00 UTC,281,1224,412411801,1.6936111111111112
2015-02-19 00:00:00 UTC,281,1225,412411801,1.3933333333333333
2015-02-19 00:00:00 UTC,281,1219,411412123,9.6761111111111138
2015-02-19 00:00:00 UTC,281,1224,412411803,2.1504166666666666
2015-02-19 00:00:00 UTC,281,1225,412411803,2.2461111111111114
2015-02-19 00:00:00 UTC,281,1226,412418974,1.4459722222222222
2015-02-19 00:00:00 UTC,281,1225,412418974,4.1838888888888892
2015-02-19 00:00:00 UTC,281,1225,412417438,5.7252777777777784
2015-02-19 00:00:00 UTC,281,1213,412414623,13.347222222222223
2015-02-19 00:00:00 UTC,281,1603,416240800,10.099027777777778
2015-02-19 00:00:00 UTC,281,1602,416240800,4.7808333333333337
2015-02-19 00:00:00 UTC,281,1221,412418722,17.470833333333331
2015-02-19 00:00:00 UTC,281,1220,412416418,4.92875
2015-02-19 00:00:00 UTC,281,1219,412416418,4.4901388888888887
2015-02-19 00:00:00 UTC,281,1221,412416418,1.7161111111111111
2015-02-19 00:00:00 UTC,281,1225,412417442,1.2508333333333335
2015-02-19 00:00:00 UTC,281,1224,200000675,0.26652777777777781
2015-02-19 00:00:00 UTC,281,1223,200000675,1.0418055555555554
2015-02-19 00:00:00 UTC,281,1226,412418981,2.5412500000000002
2015-02-19 00:00:00 UTC,281,1225,412418981,3.3952777777777783
2015-02-19 00:00:00 UTC,281,1221,412416677,13.905555555555553
2015-02-19 00:00:00 UTC,281,1223,412419495,4.087361111111111
2015-02-19 00:00:00 UTC,281,1224,412419495,9.8137500000000024
2015-02-19 00:00:00 UTC,281,1221,412417451,11.80125
2015-02-19 00:00:00 UTC,281,1218,200007596,1.6958333333333333
2015-02-19 00:00:00 UTC,281,1217,200007596,1.3876388888888891
2015-02-19 00:00:00 UTC,281,1216,200007596,0.28305555555555556
2015-02-19 00:00:00 UTC,281,1226,412410284,0.37930555555555556
2015-02-19 00:00:00 UTC,281,1225,412410284,0.39958333333333335
2015-02-19 00:00:00 UTC,281,1223,412419502,1.8461111111111113
2015-02-19 00:00:00 UTC,281,1220,412416942,1.9325
2015-02-19 00:00:00 UTC,281,1219,412416942,3.0259722222222223
2015-02-19 00:00:00 UTC,281,1226,412414385,4.6777777777777771
2015-02-19 00:00:00 UTC,281,1220,412416177,4.2281944444444441
2015-02-19 00:00:00 UTC,281,1219,412416177,5.3247222222222224
2015-02-19 00:00:00 UTC,281,1224,412419506,2.9341666666666666
2015-02-19 00:00:00 UTC,281,1225,412410293,2.8090277777777777
2015-02-19 00:00:00 UTC,281,1221,425856696,0.32499999999999996
2015-02-19 00:00:00 UTC,281,1220,425856696,5.4923611111111112
2015-02-19 00:00:00 UTC,281,1221,412416444,2.6501388888888888
2015-02-19 00:00:00 UTC,281,1226,412419263,5.0575
2015-02-19 00:00:00 UTC,281,1223,412419265,1.502361111111111
2015-02-19 00:00:00 UTC,281,1222,412419265,1.6416666666666666
2015-02-19 00:00:00 UTC,281,1222,412419266,2.44875
2015-02-19 00:00:00 UTC,281,1223,412419266,1.6755555555555555
2015-02-19 00:00:00 UTC,281,1220,412419268,4.6483333333333334
2015-02-19 00:00:00 UTC,281,1219,200006343,13.059166666666661
2015-02-19 00:00:00 UTC,281,1220,412411847,3.9676388888888892
2015-02-19 00:00:00 UTC,281,1220,412418505,1.649861111111111
2015-02-19 00:00:00 UTC,281,1225,412419788,4.6838888888888892
2015-02-19 00:00:00 UTC,281,1226,412416972,2.205972222222222
2015-02-19 00:00:00 UTC,281,1225,412419789,3.580138888888889
2015-02-19 00:00:00 UTC,281,1225,412417486,3.535
2015-02-19 00:00:00 UTC,281,1221,412417744,5.7672222222222222
2015-02-19 00:00:00 UTC,281,1213,455566545,1.1841666666666666
2015-02-19 00:00:00 UTC,281,1224,412419541,0.84513888888888888
2015-02-19 00:00:00 UTC,281,1223,412419541,3.6991666666666672
2015-02-19 00:00:00 UTC,281,1225,412419541,2.3326388888888889
2015-02-19 00:00:00 UTC,281,-169,224440790,1.2525000000000002
2015-02-19 00:00:00 UTC,281,1225,412419806,4.8838888888888894
2015-02-19 00:00:00 UTC,281,1225,412419807,6.7305555555555561
2015-02-19 00:00:00 UTC,281,1227,412419811,0.79930555555555549
2015-02-19 00:00:00 UTC,281,1226,412419811,1.9520833333333334
2015-02-19 00:00:00 UTC,281,1225,412419811,3.8080555555555553
2015-02-19 00:00:00 UTC,281,1223,412418789,10.88486111111111
2015-02-19 00:00:00 UTC,281,1223,412416488,3.469444444444445
2015-02-19 00:00:00 UTC,281,1224,412416488,4.6872222222222222
2015-02-19 00:00:00 UTC,281,1225,412416488,2.7277777777777779
2015-02-19 00:00:00 UTC,281,1219,412417772,2.129861111111111
2015-02-19 00:00:00 UTC,281,1221,200009710,0.25416666666666665
2015-02-19 00:00:00 UTC,281,1220,200009710,1.3590277777777775
2015-02-19 00:00:00 UTC,281,1221,412417777,6.0148611111111112
2015-02-19 00:00:00 UTC,281,1219,412417778,2.2658333333333331
2015-02-19 00:00:00 UTC,281,1221,412417778,11.200555555555557
2015-02-19 00:00:00 UTC,281,1219,412416757,8.2020833333333343
2015-02-19 00:00:00 UTC,281,1220,412417784,1.983888888888889
2015-02-19 00:00:00 UTC,281,1219,412411132,7.3451388888888882
2015-02-19 00:00:00 UTC,281,1219,412431102,8.3968055555555559
2015-02-19 00:00:00 UTC,537,-58,235014666,1.2575
2015-02-19 00:00:00 UTC,537,74,211626000,1.2623611111111108
2015-02-19 00:00:00 UTC,537,-39,235002916,0.40722222222222221
2015-02-19 00:00:00 UTC,537,70,244083000,6.8081944444444442
2015-02-19 00:00:00 UTC,537,75,211101000,0.21319444444444446
2015-02-19 00:00:00 UTC,537,-108,250102600,1.2395833333333333
2015-02-19 00:00:00 UTC,537,-107,250102600,0.42583333333333334
2015-02-19 00:00:00 UTC,537,67,211319670,11.020416666666668
2015-02-19 00:00:00 UTC,537,69,211319670,1.0693055555555555
2015-02-19 00:00:00 UTC,537,70,211319670,0.63874999999999993
2015-02-19 00:00:00 UTC,537,68,211319670,1.5068055555555557
2015-02-19 00:00:00 UTC,537,73,211319670,4.1975000000000007
2015-02-19 00:00:00 UTC,537,72,211319670,1.2473611111111109
2015-02-19 00:00:00 UTC,537,-109,250102700,0.21625
2015-02-19 00:00:00 UTC,537,-108,250102700,0.69236111111111109
2015-02-19 00:00:00 UTC,537,67,211314890,13.873472222222221
2015-02-19 00:00:00 UTC,537,65,211314890,0.32375
2015-02-19 00:00:00 UTC,537,68,211314890,2.7316666666666669
2015-02-19 00:00:00 UTC,537,66,211314890,6.9627777777777791
2015-02-19 00:00:00 UTC,537,-56,235013325,2.27625
2015-02-19 00:00:00 UTC,537,1542,273828310,3.7369444444444442
2015-02-19 00:00:00 UTC,-487,1670,272178000,1.588888888888889
2015-02-19 00:00:00 UTC,-487,1671,272178000,2.1781944444444443
2015-02-19 00:00:00 UTC,-487,1677,512000126,0.47069444444444453
2015-02-19 00:00:00 UTC,-487,1676,512000126,0.77916666666666656
2015-02-19 00:00:00 UTC,-231,-1176,440282000,0.80277777777777781
2015-02-19 00:00:00 UTC,-231,-123,224335000,4.3277777777777775
2015-02-19 00:00:00 UTC,26,-1705,412695580,5.5191666666666679
2015-02-19 00:00:00 UTC,26,1721,441084000,5.0431944444444445
2015-02-19 00:00:00 UTC,26,1756,440781000,2.7483333333333331
2015-02-19 00:00:00 UTC,26,1739,538060018,6.1445833333333333
2015-02-19 00:00:00 UTC,26,1738,538060018,5.6048611111111111
2015-02-19 00:00:00 UTC,26,-1564,416119800,2.8043055555555556
2015-02-19 00:00:00 UTC,282,1758,576608000,2.6126388888888892
2015-02-19 00:00:00 UTC,282,1226,200006400,2.5909722222222227
2015-02-19 00:00:00 UTC,282,1224,200006400,3.0909722222222218
2015-02-19 00:00:00 UTC,282,1223,200006400,0.32472222222222225
2015-02-19 00:00:00 UTC,282,1225,412418056,5.9338888888888892
2015-02-19 00:00:00 UTC,282,1224,412417288,5.7395833333333339
2015-02-19 00:00:00 UTC,282,1224,412416268,2.4170833333333333
2015-02-19 00:00:00 UTC,282,1224,412416269,3.6750000000000003
2015-02-19 00:00:00 UTC,282,1223,412417549,0.95791666666666664
2015-02-19 00:00:00 UTC,282,1226,412419348,2.2238888888888888
2015-02-19 00:00:00 UTC,282,1225,412419348,1.5088888888888889
2015-02-19 00:00:00 UTC,282,1224,412419348,3.9309722222222221
2015-02-19 00:00:00 UTC,282,1219,412320277,7.1448611111111093
2015-02-19 00:00:00 UTC,282,1226,412418333,6.0258333333333329
2015-02-19 00:00:00 UTC,282,1225,412418333,9.9834722222222219
2015-02-19 00:00:00 UTC,282,1703,576596000,0.024861111111111112
2015-02-19 00:00:00 UTC,282,1704,576596000,0.80013888888888884
2015-02-19 00:00:00 UTC,282,1219,412416288,5.9327777777777779
2015-02-19 00:00:00 UTC,282,1225,412419113,12.920694444444445
2015-02-19 00:00:00 UTC,282,1226,412417835,5.4243055555555557
2015-02-19 00:00:00 UTC,282,1225,412417835,8.76986111111111
2015-02-19 00:00:00 UTC,282,1219,412418098,5.5005555555555556
2015-02-19 00:00:00 UTC,282,1220,412418098,9.04125
2015-02-19 00:00:00 UTC,282,1224,412416306,1.8663888888888889
2015-02-19 00:00:00 UTC,282,1225,412416306,2.1656944444444441
2015-02-19 00:00:00 UTC,282,1226,412416306,2.4254166666666666
2015-02-19 00:00:00 UTC,282,1223,412416306,1.88375
2015-02-19 00:00:00 UTC,282,1225,412418611,5.0138888888888893
2015-02-19 00:00:00 UTC,282,1223,412418611,0.58902777777777782
2015-02-19 00:00:00 UTC,282,1224,412418611,1.0591666666666666
2015-02-19 00:00:00 UTC,282,1219,200000819,5.0027777777777773
2015-02-19 00:00:00 UTC,282,1220,200000819,4.6268055555555554
2015-02-19 00:00:00 UTC,282,1225,412417334,8.8008333333333333
2015-02-19 00:00:00 UTC,282,1219,413007927,3.2183333333333333
2015-02-19 00:00:00 UTC,282,1226,412417335,7.3281944444444447
2015-02-19 00:00:00 UTC,282,1225,412417335,3.7420833333333334
2015-02-19 00:00:00 UTC,282,1221,412417592,7.3255555555555549
2015-02-19 00:00:00 UTC,282,1221,412418361,4.3604166666666675
2015-02-19 00:00:00 UTC,282,1219,412417855,1.0333333333333332
2015-02-19 00:00:00 UTC,282,1219,412417856,7.0600000000000005
2015-02-19 00:00:00 UTC,282,1218,412417856,3.6176388888888886
2015-02-19 00:00:00 UTC,282,1226,412419394,15.669999999999998
2015-02-19 00:00:00 UTC,282,1226,200010309,9.889166666666668
2015-02-19 00:00:00 UTC,282,1226,412416837,9.7622222222222224
2015-02-19 00:00:00 UTC,282,1226,412416841,7.0215277777777771
2015-02-19 00:00:00 UTC,282,1226,412416592,7.327638888888889
2015-02-19 00:00:00 UTC,282,1226,412416848,7.9058333333333328
2015-02-19 00:00:00 UTC,282,1225,412416848,6.6679166666666667
2015-02-19 00:00:00 UTC,282,1219,412416596,7.7058333333333335
2015-02-19 00:00:00 UTC,282,1220,412416596,3.0076388888888888
2015-02-19 00:00:00 UTC,282,1225,412418645,4.10125
2015-02-19 00:00:00 UTC,282,1223,412418645,3.675
2015-02-19 00:00:00 UTC,282,1226,412418645,4.9336111111111114
2015-02-19 00:00:00 UTC,282,1219,412417368,2.2904166666666668
2015-02-19 00:00:00 UTC,282,1224,200004441,0.55972222222222223
2015-02-19 00:00:00 UTC,282,1214,200001886,4.24861111111111
2015-02-19 00:00:00 UTC,282,1215,200001631,5.5854166666666663
2015-02-19 00:00:00 UTC,282,1224,412419682,4.5088888888888885
2015-02-19 00:00:00 UTC,282,1223,412419682,0.38305555555555554
2015-02-19 00:00:00 UTC,282,1225,412410211,11.980277777777779
2015-02-19 00:00:00 UTC,282,1219,200007536,4.0169444444444435
2015-02-19 00:00:00 UTC,282,1226,200004979,11.420138888888891
2015-02-19 00:00:00 UTC,282,1225,200006260,3.9931944444444447
2015-02-19 00:00:00 UTC,282,1226,412419703,10.833055555555555
2015-02-19 00:00:00 UTC,282,1225,412414327,7.6045833333333324
2015-02-19 00:00:00 UTC,282,1224,412414327,2.4211111111111112
2015-02-19 00:00:00 UTC,282,1225,412419704,5.2820833333333326
2015-02-19 00:00:00 UTC,282,1224,412419704,0.9075
2015-02-19 00:00:00 UTC,282,1770,576635000,0.6791666666666667
2015-02-19 00:00:00 UTC,282,1766,576635000,1.0472222222222223
2015-02-19 00:00:00 UTC,282,1768,576635000,1.7019444444444445
2015-02-19 00:00:00 UTC,282,1767,576635000,0.81930555555555562
2015-02-19 00:00:00 UTC,282,1225,412414331,1.8941666666666668
2015-02-19 00:00:00 UTC,282,1225,412418941,5.2730555555555556
2015-02-19 00:00:00 UTC,282,1226,412418942,9.44125
2015-02-19 00:00:00 UTC,282,1225,412418942,5.989583333333333
2015-02-19 00:00:00 UTC,282,1219,412001918,6.5637500000000006
2015-02-19 00:00:00 UTC,282,1225,412417407,19.134166666666665
2015-02-19 00:00:00 UTC,282,1225,412416386,1.0845833333333332
2015-02-19 00:00:00 UTC,282,1223,412416386,2.0338888888888889
2015-02-19 00:00:00 UTC,282,1224,412416386,1.4586111111111111
2015-02-19 00:00:00 UTC,282,1226,412419203,7.9063888888888885
2015-02-19 00:00:00 UTC,282,1225,412419203,9.675416666666667
2015-02-19 00:00:00 UTC,282,1219,412417158,17.265555555555554
2015-02-19 00:00:00 UTC,282,1223,412418952,1.6565277777777778
2015-02-19 00:00:00 UTC,282,1225,412418953,11.004999999999999
2015-02-19 00:00:00 UTC,282,1224,412418953,1.8327777777777778
2015-02-19 00:00:00 UTC,282,1226,412418953,3.9877777777777781
2015-02-19 00:00:00 UTC,282,1224,412410253,4.0495833333333335
2015-02-19 00:00:00 UTC,282,1225,412410253,9.6002777777777766
2015-02-19 00:00:00 UTC,282,1216,412419214,11.749027777777778
2015-02-19 00:00:00 UTC,282,1226,200006542,7.6554166666666665
2015-02-19 00:00:00 UTC,282,1224,200006542,1.5747222222222224
2015-02-19 00:00:00 UTC,282,1227,200006542,0.858611111111111
2015-02-19 00:00:00 UTC,282,1223,200006542,1.142638888888889
2015-02-19 00:00:00 UTC,282,1225,200006542,3.0101388888888891
2015-02-19 00:00:00 UTC,282,1216,900016785,1.4102777777777777
2015-02-19 00:00:00 UTC,282,1222,413456788,9.4688888888888876
2015-02-19 00:00:00 UTC,282,1221,413456788,0.53291666666666671
2015-02-19 00:00:00 UTC,282,1219,412418199,17.398055555555558
2015-02-19 00:00:00 UTC,282,1220,412418456,0.50027777777777782
2015-02-19 00:00:00 UTC,282,1225,412411801,7.3284722222222207
2015-02-19 00:00:00 UTC,282,1226,412411801,7.0413888888888891
2015-02-19 00:00:00 UTC,282,1219,411412123,11.024027777777782
2015-02-19 00:00:00 UTC,282,1225,412411803,11.310555555555554
2015-02-19 00:00:00 UTC,282,1226,412411803,4.5597222222222218
2015-02-19 00:00:00 UTC,282,1226,412417692,10.374027777777776
2015-02-19 00:00:00 UTC,282,1226,412418974,4.1552777777777781
2015-02-19 00:00:00 UTC,282,1225,412418974,9.45513888888889
2015-02-19 00:00:00 UTC,282,1223,412417438,2.7747222222222225
2015-02-19 00:00:00 UTC,282,1226,412417438,4.9494444444444445
2015-02-19 00:00:00 UTC,282,1225,412417438,3.3512500000000003
2015-02-19 00:00:00 UTC,282,1221,412418722,13.214027777777778
2015-02-19 00:00:00 UTC,282,1219,412416418,4.4308333333333332
2015-02-19 00:00:00 UTC,282,1220,412416418,2.2320833333333336
2015-02-19 00:00:00 UTC,282,1223,412417442,1.4
2015-02-19 00:00:00 UTC,282,1225,412417442,1.8183333333333334
2015-02-19 00:00:00 UTC,282,1226,412417442,9.6334722222222222
2015-02-19 00:00:00 UTC,282,1224,412417442,1.9598611111111111
2015-02-19 00:00:00 UTC,282,1227,412417442,2.732361111111111
2015-02-19 00:00:00 UTC,282,1223,200000675,2.2741666666666669
2015-02-19 00:00:00 UTC,282,1225,412418981,5.54125
2015-02-19 00:00:00 UTC,282,1226,412418981,4.0402777777777779
2015-02-19 00:00:00 UTC,282,1224,412418981,2.2069444444444444
2015-02-19 00:00:00 UTC,282,1224,412419495,2.2777777777777777
2015-02-19 00:00:00 UTC,282,1225,412419495,3.8637499999999996
2015-02-19 00:00:00 UTC,282,1223,412419495,2.9225000000000003
2015-02-19 00:00:00 UTC,282,1223,412410284,2.850972222222222
2015-02-19 00:00:00 UTC,282,1226,412410284,5.0680555555555555
2015-02-19 00:00:00 UTC,282,1225,412410284,2.4134722222222225
2015-02-19 00:00:00 UTC,282,1224,412410284,1.0213888888888887
2015-02-19 00:00:00 UTC,282,1224,412419502,0.78111111111111109
2015-02-19 00:00:00 UTC,282,1223,412419502,1.1647222222222222
2015-02-19 00:00:00 UTC,282,1220,412416942,3.7097222222222221
2015-02-19 00:00:00 UTC,282,1219,412416942,10.330277777777777
2015-02-19 00:00:00 UTC,282,1226,412414385,3.5347222222222223
2015-02-19 00:00:00 UTC,282,1225,412419506,8.4643055555555549
2015-02-19 00:00:00 UTC,282,1224,412419506,1.7650000000000001
2015-02-19 00:00:00 UTC,282,1225,412419507,12.116666666666667
2015-02-19 00:00:00 UTC,282,1226,412410293,11.682361111111112
2015-02-19 00:00:00 UTC,282,1225,412410293,7.0216666666666674
2015-02-19 00:00:00 UTC,282,1225,412419516,7.5293055555555553
2015-02-19 00:00:00 UTC,282,1226,412419516,9.49875
2015-02-19 00:00:00 UTC,282,1226,412419263,2.79375
2015-02-19 00:00:00 UTC,282,1645,416081600,5.9416666666666664
2015-02-19 00:00:00 UTC,282,1644,416081600,0.755
2015-02-19 00:00:00 UTC,282,1224,412419265,4.63875
2015-02-19 00:00:00 UTC,282,1224,412419266,10.425833333333333
2015-02-19 00:00:00 UTC,282,1225,412419788,5.1494444444444447
2015-02-19 00:00:00 UTC,282,1227,412419788,6.2922222222222226
2015-02-19 00:00:00 UTC,282,1226,412419788,0.51694444444444443
2015-02-19 00:00:00 UTC,282,1226,412416972,1.9802777777777778
2015-02-19 00:00:00 UTC,282,1225,412416972,9.7679166666666646
2015-02-19 00:00:00 UTC,282,1224,412416972,1.5230555555555556
2015-02-19 00:00:00 UTC,282,1225,412419789,2.152222222222222
2015-02-19 00:00:00 UTC,282,1225,412416973,10.016666666666667
2015-02-19 00:00:00 UTC,282,1226,412416973,4.7744444444444447
2015-02-19 00:00:00 UTC,282,1225,412417486,2.5740277777777778
2015-02-19 00:00:00 UTC,282,1224,412419541,3.0819444444444448
2015-02-19 00:00:00 UTC,282,1225,412419541,2.2588888888888889
2015-02-19 00:00:00 UTC,282,1226,412419541,2.6318055555555553
2015-02-19 00:00:00 UTC,282,1224,412419806,2.1988888888888889
2015-02-19 00:00:00 UTC,282,1225,412419806,6.8745833333333337
2015-02-19 00:00:00 UTC,282,1226,412419806,4.8090277777777786
2015-02-19 00:00:00 UTC,282,1226,412419807,6.8008333333333333
2015-02-19 00:00:00 UTC,282,1224,412419807,2.5347222222222223
2015-02-19 00:00:00 UTC,282,1225,412419807,5.7041666666666666
2015-02-19 00:00:00 UTC,282,1225,412419811,7.51625
2015-02-19 00:00:00 UTC,282,1226,412419811,10.305277777777777
2015-02-19 00:00:00 UTC,282,1225,412418789,11.365833333333333
2015-02-19 00:00:00 UTC,282,1225,412416488,2.0984722222222221
2015-02-19 00:00:00 UTC,282,1223,412416488,1.85875
2015-02-19 00:00:00 UTC,282,1224,412416488,1.59375
2015-02-19 00:00:00 UTC,282,1226,440112106,0.32930555555555552
2015-02-19 00:00:00 UTC,282,1226,412416235,6.2156944444444449
2015-02-19 00:00:00 UTC,282,1225,412416235,7.80111111111111
2015-02-19 00:00:00 UTC,282,1219,412416757,6.8002777777777785
2015-02-19 00:00:00 UTC,282,1225,412417014,2.6033333333333335
2015-02-19 00:00:00 UTC,282,1226,412417014,2.5166666666666666
2015-02-19 00:00:00 UTC,282,1654,416779000,6.0698611111111109
2015-02-19 00:00:00 UTC,282,1219,412411132,10.296388888888892
2015-02-19 00:00:00 UTC,282,1219,412431102,7.6294444444444451
2015-02-19 00:00:00 UTC,538,-58,235014666,3.8980555555555552
2015-02-19 00:00:00 UTC,538,-57,235014666,0.83083333333333331
2015-02-19 00:00:00 UTC,538,-41,235002916,0.41416666666666668
2015-02-19 00:00:00 UTC,538,-39,235002916,6.0195833333333342
2015-02-19 00:00:00 UTC,538,-40,235002916,1.7052777777777779
2015-02-19 00:00:00 UTC,538,-38,235002916,14.706388888888892
2015-02-19 00:00:00 UTC,538,1542,273849910,7.7616666666666667
2015-02-19 00:00:00 UTC,538,75,244083000,0.3059722222222222
2015-02-19 00:00:00 UTC,538,74,244083000,0.62236111111111114
2015-02-19 00:00:00 UTC,538,-110,244583000,0.20083333333333334
2015-02-19 00:00:00 UTC,538,-111,244583000,1.4436111111111112
2015-02-19 00:00:00 UTC,538,-54,250000283,7.5556944444444465
2015-02-19 00:00:00 UTC,538,-53,250000283,0.4193055555555556
2015-02-19 00:00:00 UTC,538,1542,273527500,0.3676388888888889
2015-02-19 00:00:00 UTC,538,-56,235013325,4.3918055555555551
2015-02-19 00:00:00 UTC,538,-57,235013325,0.20805555555555555
2015-02-19 00:00:00 UTC,538,1542,273828310,7.8433333333333337
2015-02-19 00:00:00 UTC,-486,1669,272178000,3.90125
2015-02-19 00:00:00 UTC,-486,1678,512000126,4.4890277777777774
2015-02-19 00:00:00 UTC,-230,-1178,440282000,3.5126388888888886
2015-02-19 00:00:00 UTC,-230,-41,224136880,4.2970833333333331
2015-02-19 00:00:00 UTC,27,1721,441084000,6.8202777777777772
2015-02-19 00:00:00 UTC,27,1719,441084000,1.9702777777777776
2015-02-19 00:00:00 UTC,27,1718,441084000,10.168333333333333
2015-02-19 00:00:00 UTC,27,-1639,441072000,5.8277777777777775
2015-02-19 00:00:00 UTC,27,-1640,441072000,12.406944444444445
2015-02-19 00:00:00 UTC,27,1755,440781000,0.951111111111111
2015-02-19 00:00:00 UTC,27,1754,440781000,0.5986111111111112
2015-02-19 00:00:00 UTC,27,-1562,416119800,1.5711111111111113
2015-02-19 00:00:00 UTC,27,-1561,416119800,1.6222222222222218
2015-02-19 00:00:00 UTC,27,-1560,416119800,4.6949999999999985
2015-02-19 00:00:00 UTC,27,-1563,416119800,1.2497222222222222
2015-02-19 00:00:00 UTC,283,1755,576608000,8.0855555555555547
2015-02-19 00:00:00 UTC,283,1225,200006400,4.238611111111112
2015-02-19 00:00:00 UTC,283,1226,200006400,3.3081944444444442
2015-02-19 00:00:00 UTC,283,1224,200006400,2.1495833333333332
2015-02-19 00:00:00 UTC,283,1226,412418056,16.056666666666668
2015-02-19 00:00:00 UTC,283,1224,412416268,2.725138888888889
2015-02-19 00:00:00 UTC,283,1225,412416269,3.1484722222222219
2015-02-19 00:00:00 UTC,283,1224,412416269,1.1419444444444444
2015-02-19 00:00:00 UTC,283,1650,416004369,5.9181944444444445
2015-02-19 00:00:00 UTC,283,1225,412419348,0.98333333333333339
2015-02-19 00:00:00 UTC,283,1226,412419348,1.2541666666666667
2015-02-19 00:00:00 UTC,283,1219,412320277,0.25291666666666668
2015-02-19 00:00:00 UTC,283,1226,412417557,14.901250000000001
2015-02-19 00:00:00 UTC,283,1220,412416288,2.3325
2015-02-19 00:00:00 UTC,283,1219,412416288,1.908611111111111
2015-02-19 00:00:00 UTC,283,1225,412417835,4.3248611111111108
2015-02-19 00:00:00 UTC,283,1226,412417835,2.7234722222222221
2015-02-19 00:00:00 UTC,283,1224,412416306,1.5429166666666667
2015-02-19 00:00:00 UTC,283,1226,412416306,2.5769444444444445
2015-02-19 00:00:00 UTC,283,1225,412416306,3.4325
2015-02-19 00:00:00 UTC,283,1218,200000819,2.210833333333333
2015-02-19 00:00:00 UTC,283,1219,200000819,1.2901388888888889
2015-02-19 00:00:00 UTC,283,1220,413007927,3.3330555555555561
2015-02-19 00:00:00 UTC,283,1219,413007927,5.7098611111111106
2015-02-19 00:00:00 UTC,283,1221,412418361,3.5991666666666662
2015-02-19 00:00:00 UTC,283,1226,412419394,3.8154166666666667
2015-02-19 00:00:00 UTC,283,1226,200010309,3.8879166666666669
2015-02-19 00:00:00 UTC,283,1226,412416837,13.925555555555556
2015-02-19 00:00:00 UTC,283,1219,412412999,1.3044444444444445
2015-02-19 00:00:00 UTC,283,1226,412416841,12.850277777777777
2015-02-19 00:00:00 UTC,283,1226,412416842,18.516111111111112
2015-02-19 00:00:00 UTC,283,1226,412416846,0.8
2015-02-19 00:00:00 UTC,283,1226,412416592,12.260000000000002
2015-02-19 00:00:00 UTC,283,1225,412416848,1.359861111111111
2015-02-19 00:00:00 UTC,283,1226,412416848,2.5588888888888892
2015-02-19 00:00:00 UTC,283,1226,412418645,2.0968055555555551
2015-02-19 00:00:00 UTC,283,1224,412418645,3.6240277777777776
2015-02-19 00:00:00 UTC,283,1225,412418645,1.6976388888888889
2015-02-19 00:00:00 UTC,283,1215,200001631,18.4625
2015-02-19 00:00:00 UTC,283,1226,412419682,6.7813888888888894
2015-02-19 00:00:00 UTC,283,1225,412419682,3.3158333333333334
2015-02-19 00:00:00 UTC,283,1718,576678000,0.55791666666666673
2015-02-19 00:00:00 UTC,283,1219,200007536,5.29875
2015-02-19 00:00:00 UTC,283,1220,200007536,3.040972222222222
2015-02-19 00:00:00 UTC,283,1226,200004979,3.4444444444444442
2015-02-19 00:00:00 UTC,283,1226,412419703,2.3729166666666668
2015-02-19 00:00:00 UTC,283,1226,412419704,4.9761111111111109
2015-02-19 00:00:00 UTC,283,1769,576635000,2.1020833333333333
2015-02-19 00:00:00 UTC,283,1766,576635000,2.578611111111111
2015-02-19 00:00:00 UTC,283,1225,412414331,4.2495833333333328
2015-02-19 00:00:00 UTC,283,1226,412414331,8.5863888888888891
2015-02-19 00:00:00 UTC,283,1226,412418941,6.0305555555555559
2015-02-19 00:00:00 UTC,283,1226,412418942,7.7433333333333332
2015-02-19 00:00:00 UTC,283,1224,412416386,2.8419444444444446
2015-02-19 00:00:00 UTC,283,1225,412416386,2.690555555555556
2015-02-19 00:00:00 UTC,283,1226,412419203,4.8241666666666658
2015-02-19 00:00:00 UTC,283,1219,412417158,0.56680555555555556
2015-02-19 00:00:00 UTC,283,1224,412418952,0.60958333333333337
2015-02-19 00:00:00 UTC,283,1225,412418953,0.93263888888888891
2015-02-19 00:00:00 UTC,283,1226,412418953,1.0301388888888889
2015-02-19 00:00:00 UTC,283,1654,416111500,11.635833333333334
2015-02-19 00:00:00 UTC,283,1225,412410253,8.1005555555555553
2015-02-19 00:00:00 UTC,283,1226,200006542,2.2104166666666667
2015-02-19 00:00:00 UTC,283,1219,412418199,0.73083333333333333
2015-02-19 00:00:00 UTC,283,1226,412411801,1.4427777777777777
2015-02-19 00:00:00 UTC,283,1225,412411801,0.50875
2015-02-19 00:00:00 UTC,283,1219,411412123,0.99958333333333327
2015-02-19 00:00:00 UTC,283,1225,412411803,0.35486111111111107
2015-02-19 00:00:00 UTC,283,1226,412418974,1.794861111111111
2015-02-19 00:00:00 UTC,283,1225,412418974,1.2819444444444446
2015-02-19 00:00:00 UTC,283,1226,412417438,4.808472222222222
2015-02-19 00:00:00 UTC,283,1226,412417442,1.6569444444444446
2015-02-19 00:00:00 UTC,283,1223,200000675,2.6418055555555551
2015-02-19 00:00:00 UTC,283,1226,412418981,2.5598611111111111
2015-02-19 00:00:00 UTC,283,1223,412410284,1.3072222222222223
2015-02-19 00:00:00 UTC,283,1224,412419502,1.9672222222222224
2015-02-19 00:00:00 UTC,283,1226,412414385,1.9544444444444444
2015-02-19 00:00:00 UTC,283,1226,412419506,6.6555555555555559
2015-02-19 00:00:00 UTC,283,1226,412410293,0.96888888888888891
2015-02-19 00:00:00 UTC,283,1225,412410293,0.59291666666666665
2015-02-19 00:00:00 UTC,283,1226,412419516,5.699583333333333
2015-02-19 00:00:00 UTC,283,1224,412419265,2.3572222222222221
2015-02-19 00:00:00 UTC,283,1226,412419265,6.3684722222222216
2015-02-19 00:00:00 UTC,283,1227,412419788,9.4427777777777777
2015-02-19 00:00:00 UTC,283,1226,412419788,1.3912499999999999
2015-02-19 00:00:00 UTC,283,1225,412416972,1.3873611111111113
2015-02-19 00:00:00 UTC,283,1226,412416972,5.3122222222222222
2015-02-19 00:00:00 UTC,283,1226,412419789,0.53375
2015-02-19 00:00:00 UTC,283,1226,412416973,4.40125
2015-02-19 00:00:00 UTC,283,1226,412417486,6.00138888888889
2015-02-19 00:00:00 UTC,283,1227,412417486,6.9316666666666666
2015-02-19 00:00:00 UTC,283,1226,412419541,2.7165277777777779
2015-02-19 00:00:00 UTC,283,1665,576609000,11.637777777777778
2015-02-19 00:00:00 UTC,283,1225,412416488,2.5759722222222221
2015-02-19 00:00:00 UTC,283,1224,412416488,1.8495833333333334
2015-02-19 00:00:00 UTC,283,1226,440112106,6.1556944444444444
2015-02-19 00:00:00 UTC,283,1227,440112106,1.1476388888888889
2015-02-19 00:00:00 UTC,283,1226,412416235,2.2566666666666668
2015-02-19 00:00:00 UTC,283,1225,412416235,3.9826388888888893
2015-02-19 00:00:00 UTC,283,1226,412417014,4.8561111111111108
2015-02-19 00:00:00 UTC,283,1652,416779000,3.7159722222222222
2015-02-19 00:00:00 UTC,283,1219,412411132,1.0086111111111111
2015-02-19 00:00:00 UTC,539,-58,235014666,6.4547222222222214
2015-02-19 00:00:00 UTC,539,-59,235014666,1.904722222222222
2015-02-19 00:00:00 UTC,539,-57,235014666,1.4606944444444443
2015-02-19 00:00:00 UTC,539,1542,273849910,1.5266666666666668
2015-02-19 00:00:00 UTC,539,-109,244583000,2.2806944444444444
2015-02-19 00:00:00 UTC,539,-108,244583000,0.62694444444444442
2015-02-19 00:00:00 UTC,539,-111,244583000,1.8284722222222221
2015-02-19 00:00:00 UTC,539,-110,244583000,2.8763888888888887
2015-02-19 00:00:00 UTC,539,-1666,368272000,0.44097222222222221
2015-02-19 00:00:00 UTC,539,50,245263000,0.68027777777777776
2015-02-19 00:00:00 UTC,539,-54,250000283,7.0908333333333333
2015-02-19 00:00:00 UTC,539,-53,250000283,5.858888888888889
2015-02-19 00:00:00 UTC,539,-52,250000283,2.3380555555555556
2015-02-19 00:00:00 UTC,539,57,244836000,0.22763888888888889
2015-02-19 00:00:00 UTC,539,56,244836000,0.22027777777777777
2015-02-19 00:00:00 UTC,539,-1665,367142080,0.80847222222222226
2015-02-19 00:00:00 UTC,539,1543,273527500,0.06805555555555555
2015-02-19 00:00:00 UTC,539,1542,273527500,3.8272222222222219
2015-02-19 00:00:00 UTC,539,-57,235013325,2.0763888888888888
2015-02-19 00:00:00 UTC,539,-55,235013325,2.2961111111111112
2015-02-19 00:00:00 UTC,539,-56,235013325,1.9498611111111113
2015-02-19 00:00:00 UTC,539,-53,235013325,0.40972222222222221
2015-02-19 00:00:00 UTC,539,-58,235013325,3.2701388888888894
2015-02-19 00:00:00 UTC,539,-54,235013325,2.5084722222222218
2015-02-19 00:00:00 UTC,539,-59,235013325,1.4531944444444445
2015-02-19 00:00:00 UTC,539,1541,273828310,1.546388888888889
2015-02-19 00:00:00 UTC,539,1542,273828310,11.692916666666667
2015-02-19 00:00:00 UTC,539,51,244299000,0.88750000000000007
2015-02-19 00:00:00 UTC,539,50,244299000,0.52513888888888893
2015-02-19 00:00:00 UTC,-485,-648,701000506,6.3616666666666664
2015-02-19 00:00:00 UTC,-229,-118,224335000,0.16944444444444443
2015-02-19 00:00:00 UTC,-229,-117,224335000,1.3933333333333335
2015-02-19 00:00:00 UTC,-229,-123,224335000,6.3613888888888885
2015-02-19 00:00:00 UTC,-229,560,660002300,1.6570833333333335
2015-02-19 00:00:00 UTC,28,1756,440781000,1.2529166666666667
2015-02-19 00:00:00 UTC,28,1754,440781000,0.83958333333333335
2015-02-19 00:00:00 UTC,28,1505,416002257,4.0727777777777776
2015-02-19 00:00:00 UTC,284,1755,576608000,0.9145833333333333
2015-02-19 00:00:00 UTC,284,1224,200006400,2.0075000000000003
2015-02-19 00:00:00 UTC,284,1225,200006400,0.5083333333333333
2015-02-19 00:00:00 UTC,284,1226,200006400,1.7911111111111113
2015-02-19 00:00:00 UTC,284,1226,412418056,10.207638888888889
2015-02-19 00:00:00 UTC,284,1227,412416268,7.2509722222222219
2015-02-19 00:00:00 UTC,284,1227,412416269,9.7558333333333334
2015-02-19 00:00:00 UTC,284,1649,416004369,2.8181944444444444
2015-02-19 00:00:00 UTC,284,1226,412419348,1.4501388888888891
2015-02-19 00:00:00 UTC,284,1226,412416306,3.9898611111111113
2015-02-19 00:00:00 UTC,284,1218,200000819,2.7483333333333335
2015-02-19 00:00:00 UTC,284,1220,413007927,6.098749999999999
2015-02-19 00:00:00 UTC,284,1226,200010309,0.75847222222222221
2015-02-19 00:00:00 UTC,284,1226,412416837,1.7455555555555553
2015-02-19 00:00:00 UTC,284,1219,412412999,5.3176388888888875
2015-02-19 00:00:00 UTC,284,1226,412416591,17.798472222222223
2015-02-19 00:00:00 UTC,284,1226,412416592,2.2102777777777778
2015-02-19 00:00:00 UTC,284,1226,412416338,0.39958333333333335
2015-02-19 00:00:00 UTC,284,1224,412419682,2.5094444444444441
2015-02-19 00:00:00 UTC,284,1226,412419682,1.955
2015-02-19 00:00:00 UTC,284,1226,412410211,9.8776388888888889
2015-02-19 00:00:00 UTC,284,1717,576678000,0.67944444444444441
2015-02-19 00:00:00 UTC,284,1716,576678000,0.65430555555555547
2015-02-19 00:00:00 UTC,284,1220,200007536,7.0504166666666688
2015-02-19 00:00:00 UTC,284,1226,200004979,1.4688888888888889
2015-02-19 00:00:00 UTC,284,1226,412419703,3.8133333333333335
2015-02-19 00:00:00 UTC,284,1226,412419704,1.8922222222222222
2015-02-19 00:00:00 UTC,284,1217,412411776,2.0090277777777779
2015-02-19 00:00:00 UTC,284,1226,412416386,1.8918055555555555
2015-02-19 00:00:00 UTC,284,1226,412419203,2.7526388888888889
2015-02-19 00:00:00 UTC,284,1224,412418952,0.93666666666666676
2015-02-19 00:00:00 UTC,284,1225,412418952,0.50861111111111112
2015-02-19 00:00:00 UTC,284,1224,412410253,1.6977777777777778
2015-02-19 00:00:00 UTC,284,1225,412410253,1.3352777777777778
2015-02-19 00:00:00 UTC,284,1226,200006542,3.1280555555555551
2015-02-19 00:00:00 UTC,284,1226,412417692,8.6329166666666666
2015-02-19 00:00:00 UTC,284,1226,412417438,2.2181944444444448
2015-02-19 00:00:00 UTC,284,1226,412417442,2.81
2015-02-19 00:00:00 UTC,284,1223,200000675,1.233888888888889
2015-02-19 00:00:00 UTC,284,1226,200000675,0.49569444444444444
2015-02-19 00:00:00 UTC,284,1225,200000675,1.983888888888889
2015-02-19 00:00:00 UTC,284,1224,200000675,1.570972222222222
2015-02-19 00:00:00 UTC,284,1225,412419502,3.1429166666666672
2015-02-19 00:00:00 UTC,284,1226,412419506,4.4423611111111114
2015-02-19 00:00:00 UTC,284,1219,412412853,6.8163888888888886
2015-02-19 00:00:00 UTC,284,1219,412412854,4.4186111111111117
2015-02-19 00:00:00 UTC,284,1219,412412856,7.0545833333333343
2015-02-19 00:00:00 UTC,284,1227,412419263,1.2531944444444445
2015-02-19 00:00:00 UTC,284,1217,412412863,1.9941666666666666
2015-02-19 00:00:00 UTC,284,1226,412419266,3.3905555555555558
2015-02-19 00:00:00 UTC,284,1657,576877000,11.225694444444443
2015-02-19 00:00:00 UTC,284,1227,412417486,6.3648611111111109
2015-02-19 00:00:00 UTC,284,1226,412419541,1.4004166666666666
2015-02-19 00:00:00 UTC,284,1217,413079001,2.0812500000000003
2015-02-19 00:00:00 UTC,284,1216,413079001,0.12458333333333334
2015-02-19 00:00:00 UTC,284,1219,412412894,3.2515277777777785
2015-02-19 00:00:00 UTC,284,1226,440112106,15.029027777777781
2015-02-19 00:00:00 UTC,284,1226,412416235,5.5091666666666672
2015-02-19 00:00:00 UTC,284,1226,412417014,4.1402777777777775
2015-02-19 00:00:00 UTC,284,1651,416779000,1.8584722222222223
2015-02-19 00:00:00 UTC,540,-56,235014666,1.4637499999999999
2015-02-19 00:00:00 UTC,540,-57,235014666,5.8426388888888887
2015-02-19 00:00:00 UTC,540,-58,235014666,0.8354166666666667
2015-02-19 00:00:00 UTC,540,-62,235066405,1.2594444444444446
2015-02-19 00:00:00 UTC,540,-62,250000264,1.0586111111111109
2015-02-19 00:00:00 UTC,540,-63,250000264,2.7455555555555557
2015-02-19 00:00:00 UTC,540,-1666,368293000,0.42277777777777775
2015-02-19 00:00:00 UTC,540,50,245263000,0.89458333333333329
2015-02-19 00:00:00 UTC,540,51,245263000,0.63
2015-02-19 00:00:00 UTC,540,52,245263000,0.40708333333333335
2015-02-19 00:00:00 UTC,540,-62,250001048,3.5997222222222223
2015-02-19 00:00:00 UTC,540,-53,250000283,0.81388888888888888
2015-02-19 00:00:00 UTC,540,56,244836000,1.7068055555555555
2015-02-19 00:00:00 UTC,540,50,245369000,1.3706944444444444
2015-02-19 00:00:00 UTC,540,51,245369000,0.69347222222222227
2015-02-19 00:00:00 UTC,540,-57,235013325,2.3018055555555557
2015-02-19 00:00:00 UTC,540,-58,235013325,0.6151388888888889
2015-02-19 00:00:00 UTC,540,-53,235013325,0.20541666666666666
2015-02-19 00:00:00 UTC,540,47,205346000,6.7881944444444446
2015-02-19 00:00:00 UTC,540,48,205346000,11.034444444444444
2015-02-19 00:00:00 UTC,540,49,205346000,3.966388888888889
2015-02-19 00:00:00 UTC,540,51,244299000,1.4741666666666666
2015-02-19 00:00:00 UTC,-484,-648,701000506,1.5251388888888888
2015-02-19 00:00:00 UTC,-484,-647,701000506,4.5141666666666671
2015-02-19 00:00:00 UTC,-484,-647,701000908,1.8109722222222222
2015-02-19 00:00:00 UTC,-484,-649,701000691,6.3555555555555552
2015-02-19 00:00:00 UTC,-228,-119,224335000,1.1416666666666666
2015-02-19 00:00:00 UTC,-228,-120,224335000,0.59319444444444447
2015-02-19 00:00:00 UTC,-228,-118,224335000,1.07875
2015-02-19 00:00:00 UTC,-228,-178,224556000,4.6726388888888888
2015-02-19 00:00:00 UTC,-228,559,660002300,1.0125
2015-02-19 00:00:00 UTC,-228,560,660002300,0.2026388888888889
2015-02-19 00:00:00 UTC,29,-1722,412420892,5.2216666666666667
2015-02-19 00:00:00 UTC,29,-1724,412420892,1.2411111111111111
2015-02-19 00:00:00 UTC,29,-1725,412420892,3.6459722222222224
2015-02-19 00:00:00 UTC,29,-160,263569000,3.9902777777777776
2015-02-19 00:00:00 UTC,29,-1641,441072000,6.5680555555555555
2015-02-19 00:00:00 UTC,29,-1502,441201562,6.5823611111111111
2015-02-19 00:00:00 UTC,29,-1503,441201562,5.7979166666666675
2015-02-19 00:00:00 UTC,29,1755,440781000,0.77569444444444446
2015-02-19 00:00:00 UTC,29,1756,440781000,0.86152777777777767
2015-02-19 00:00:00 UTC,29,1754,440781000,0.19680555555555557
2015-02-19 00:00:00 UTC,29,1505,416002257,2.3193055555555553
2015-02-19 00:00:00 UTC,29,1736,412371178,0.50555555555555554
2015-02-19 00:00:00 UTC,29,1737,412371178,1.6334722222222222
2015-02-19 00:00:00 UTC,29,1735,412371178,1.1333333333333333
2015-02-19 00:00:00 UTC,29,1721,412371198,2.7598611111111113
2015-02-19 00:00:00 UTC,285,1754,576608000,1.0818055555555555
2015-02-19 00:00:00 UTC,285,1755,576608000,1.8118055555555554
2015-02-19 00:00:00 UTC,285,1226,412418056,1.9616666666666667
2015-02-19 00:00:00 UTC,285,1227,412416268,2.2911111111111113
2015-02-19 00:00:00 UTC,285,1647,416004369,11.624027777777776
2015-02-19 00:00:00 UTC,285,1226,412419348,3.3159722222222219
2015-02-19 00:00:00 UTC,285,1220,412412956,2.0154166666666664
2015-02-19 00:00:00 UTC,285,1226,412416306,2.4090277777777778
2015-02-19 00:00:00 UTC,285,1220,413007927,0.96361111111111108
2015-02-19 00:00:00 UTC,285,1226,412416338,8.0918055555555561
2015-02-19 00:00:00 UTC,285,1715,576678000,0.7375
2015-02-19 00:00:00 UTC,285,1226,412419704,0.49166666666666664
2015-02-19 00:00:00 UTC,285,1217,412411776,1.4420833333333334
2015-02-19 00:00:00 UTC,285,1227,412416386,0.94
2015-02-19 00:00:00 UTC,285,1217,412411781,0.74847222222222232
2015-02-19 00:00:00 UTC,285,1226,412417692,2.432638888888889
2015-02-19 00:00:00 UTC,285,1226,200000675,0.78319444444444442
2015-02-19 00:00:00 UTC,285,1217,412412863,2.0391666666666666
2015-02-19 00:00:00 UTC,285,1226,412419541,1.4679166666666668
2015-02-19 00:00:00 UTC,285,1226,412416235,0.63375
2015-02-19 00:00:00 UTC,285,1226,412417014,4.1272222222222226
2015-02-19 00:00:00 UTC,285,1651,416779000,4.7529166666666658
2015-02-19 00:00:00 UTC,541,51,244672000,0.99597222222222226
2015-02-19 00:00:00 UTC,541,53,244672000,0.47541666666666665
2015-02-19 00:00:00 UTC,541,52,244672000,0.54263888888888889
2015-02-19 00:00:00 UTC,541,50,244672000,0.71819444444444436
2015-02-19 00:00:00 UTC,541,-44,235002165,3.8384722222222214
2015-02-19 00:00:00 UTC,541,-45,235002165,0.82291666666666674
2015-02-19 00:00:00 UTC,541,52,244541000,0.26541666666666663
2015-02-19 00:00:00 UTC,541,54,244541000,4.2944444444444443
2015-02-19 00:00:00 UTC,541,53,244541000,18.460694444444442
2015-02-19 00:00:00 UTC,541,52,205532000,0.69486111111111115
2015-02-19 00:00:00 UTC,541,55,246161000,14.106805555555555
2015-02-19 00:00:00 UTC,541,53,211793000,8.267083333333332
2015-02-19 00:00:00 UTC,541,52,211793000,2.380694444444444
2015-02-19 00:00:00 UTC,541,54,211793000,5.7915277777777776
2015-02-19 00:00:00 UTC,541,52,246107000,1.6877777777777778
2015-02-19 00:00:00 UTC,541,53,246107000,0.20430555555555557
2015-02-19 00:00:00 UTC,541,54,245263000,4.9572222222222218
2015-02-19 00:00:00 UTC,541,53,245263000,10.293611111111113
2015-02-19 00:00:00 UTC,541,52,245263000,0.41902777777777778
2015-02-19 00:00:00 UTC,541,56,244836000,0.33736111111111111
2015-02-19 00:00:00 UTC,541,52,245369000,3.5993055555555546
2015-02-19 00:00:00 UTC,541,50,245369000,0.50847222222222221
2015-02-19 00:00:00 UTC,541,51,245369000,2.4291666666666663
2015-02-19 00:00:00 UTC,541,-45,232004523,0.6575
2015-02-19 00:00:00 UTC,541,-44,232004523,2.6718055555555558
2015-02-19 00:00:00 UTC,541,52,245390000,4.4961111111111105
2015-02-19 00:00:00 UTC,541,51,245390000,6.0797222222222222
2015-02-19 00:00:00 UTC,541,53,245390000,1.3179166666666666
2015-02-19 00:00:00 UTC,541,-55,235000765,4.0036111111111117
2015-02-19 00:00:00 UTC,541,-54,235000765,4.4600000000000009
2015-02-19 00:00:00 UTC,541,49,205346000,2.7830555555555554
2015-02-19 00:00:00 UTC,541,83,246135000,0.31208333333333332
2015-02-19 00:00:00 UTC,541,54,245612000,24.63375
2015-02-19 00:00:00 UTC,541,53,245612000,1.8416666666666666
2015-02-19 00:00:00 UTC,541,-1663,367078130,0.26222222222222225
2015-02-19 00:00:00 UTC,541,55,245771000,3.2405555555555554
2015-02-19 00:00:00 UTC,541,52,245771000,1.810138888888889
2015-02-19 00:00:00 UTC,541,54,245771000,4.6609722222222221
2015-02-19 00:00:00 UTC,541,51,245771000,3.6554166666666665
2015-02-19 00:00:00 UTC,541,49,245771000,2.0334722222222221
2015-02-19 00:00:00 UTC,541,53,245771000,4.1681944444444445
2015-02-19 00:00:00 UTC,541,53,244299000,0.65972222222222221
2015-02-19 00:00:00 UTC,541,52,244299000,1.8797222222222223
2015-02-19 00:00:00 UTC,541,54,244299000,0.21625
2015-02-19 00:00:00 UTC,-483,-648,701006145,6.3355555555555547
2015-02-19 00:00:00 UTC,-483,-646,701006147,3.4431944444444444
2015-02-19 00:00:00 UTC,-483,-647,701006147,2.45125
2015-02-19 00:00:00 UTC,-483,-648,701000691,4.5176388888888894
2015-02-19 00:00:00 UTC,-227,516,660003100,4.9694444444444441
2015-02-19 00:00:00 UTC,-227,-120,224335000,0.72097222222222224
2015-02-19 00:00:00 UTC,-227,-122,224335000,4.532916666666666
2015-02-19 00:00:00 UTC,-227,-121,224335000,1.2070833333333335
2015-02-19 00:00:00 UTC,-227,-178,224556000,1.3105555555555557
2015-02-19 00:00:00 UTC,-227,-201,224342000,1.0876388888888888
2015-02-19 00:00:00 UTC,-227,-200,224342000,0.3041666666666667
2015-02-19 00:00:00 UTC,-227,558,660002300,0.53972222222222221
2015-02-19 00:00:00 UTC,30,-1723,412420892,2.0965277777777778
2015-02-19 00:00:00 UTC,30,-1722,412420892,0.5083333333333333
2015-02-19 00:00:00 UTC,30,572,412695690,7.3108333333333331
2015-02-19 00:00:00 UTC,30,-1501,441201562,11.650972222222224
2015-02-19 00:00:00 UTC,30,1755,440781000,0.52569444444444446
2015-02-19 00:00:00 UTC,30,1504,416002257,4.7808333333333337
2015-02-19 00:00:00 UTC,30,1505,416002257,1.7529166666666667
2015-02-19 00:00:00 UTC,30,1737,412371178,0.88194444444444442
2015-02-19 00:00:00 UTC,30,1736,412371178,0.61652777777777779
2015-02-19 00:00:00 UTC,30,1735,412371178,0.57916666666666672
2015-02-19 00:00:00 UTC,30,1739,412371178,2.7061111111111109
2015-02-19 00:00:00 UTC,30,1720,412371197,2.7431944444444443
2015-02-19 00:00:00 UTC,30,1721,412371198,1.199861111111111
2015-02-19 00:00:00 UTC,286,1753,576608000,2.85
2015-02-19 00:00:00 UTC,286,1226,412419348,1.8223611111111109
2015-02-19 00:00:00 UTC,286,1221,412412956,1.9581944444444446
2015-02-19 00:00:00 UTC,286,1224,412413820,1.5880555555555556
2015-02-19 00:00:00 UTC,286,1224,412413085,2.6966666666666668
2015-02-19 00:00:00 UTC,286,1226,412419541,2.7172222222222224
2015-02-19 00:00:00 UTC,286,1227,412419541,1.4834722222222223
2015-02-19 00:00:00 UTC,286,1606,416099800,7.1080555555555556
2015-02-19 00:00:00 UTC,286,1649,416779000,1.0209722222222222
2015-02-19 00:00:00 UTC,286,1648,416779000,1.9708333333333332
2015-02-19 00:00:00 UTC,286,1651,416779000,2.7126388888888888
2015-02-19 00:00:00 UTC,542,82,246176000,2.9137500000000003
2015-02-19 00:00:00 UTC,542,83,246176000,0.65027777777777773
2015-02-19 00:00:00 UTC,542,81,246176000,1.03125
2015-02-19 00:00:00 UTC,542,50,244672000,1.7372222222222222
2015-02-19 00:00:00 UTC,542,-53,235032854,3.1797222222222223
2015-02-19 00:00:00 UTC,542,53,244541000,0.7125
2015-02-19 00:00:00 UTC,542,52,205532000,1.1941666666666668
2015-02-19 00:00:00 UTC,542,56,246161000,0.75263888888888886
2015-02-19 00:00:00 UTC,542,54,246161000,6.8294444444444444
2015-02-19 00:00:00 UTC,542,55,246161000,2.3493055555555555
2015-02-19 00:00:00 UTC,542,54,211793000,7.3001388888888883
2015-02-19 00:00:00 UTC,542,113,211516530,2.6922222222222225
2015-02-19 00:00:00 UTC,542,54,246107000,0.38611111111111113
2015-02-19 00:00:00 UTC,542,82,245914000,0.40888888888888891
2015-02-19 00:00:00 UTC,542,80,245914000,1.4408333333333332
2015-02-19 00:00:00 UTC,542,81,245914000,0.2025
2015-02-19 00:00:00 UTC,542,82,244090000,1.68625
2015-02-19 00:00:00 UTC,542,81,244090000,0.20986111111111111
2015-02-19 00:00:00 UTC,542,83,244090000,0.41319444444444442
2015-02-19 00:00:00 UTC,542,-1635,367331480,3.817361111111111
2015-02-19 00:00:00 UTC,542,54,245263000,1.1769444444444443
2015-02-19 00:00:00 UTC,542,53,245263000,0.77569444444444446
2015-02-19 00:00:00 UTC,542,55,245263000,1.0819444444444444
2015-02-19 00:00:00 UTC,542,112,211271330,0.26805555555555555
2015-02-19 00:00:00 UTC,542,114,211271330,3.2245833333333334
2015-02-19 00:00:00 UTC,542,115,211271330,6.0595833333333333
2015-02-19 00:00:00 UTC,542,53,245369000,1.6648611111111111
2015-02-19 00:00:00 UTC,542,52,245369000,1.3365277777777778
2015-02-19 00:00:00 UTC,542,53,245390000,1.2998611111111111
2015-02-19 00:00:00 UTC,542,82,245262000,0.41111111111111109
2015-02-19 00:00:00 UTC,542,-56,235002043,0.6513888888888888
2015-02-19 00:00:00 UTC,542,-55,235002043,2.1861111111111109
2015-02-19 00:00:00 UTC,542,-54,235000765,1.7131944444444447
2015-02-19 00:00:00 UTC,542,1544,273810110,6.3073611111111108
2015-02-19 00:00:00 UTC,542,1542,273810110,1.5094444444444446
2015-02-19 00:00:00 UTC,542,81,246135000,1.2431944444444445
2015-02-19 00:00:00 UTC,542,83,246135000,0.41333333333333333
2015-02-19 00:00:00 UTC,542,82,246135000,0.84486111111111106
2015-02-19 00:00:00 UTC,542,78,244620000,1.0226388888888889
2015-02-19 00:00:00 UTC,542,77,244620000,0.4102777777777778
2015-02-19 00:00:00 UTC,542,-55,235004129,1.2844444444444445
2015-02-19 00:00:00 UTC,542,-56,235004129,0.22652777777777777
2015-02-19 00:00:00 UTC,542,113,211243240,9.0206944444444446
2015-02-19 00:00:00 UTC,542,111,211243240,3.0731944444444448
2015-02-19 00:00:00 UTC,542,-1633,369174000,0.34736111111111112
2015-02-19 00:00:00 UTC,542,-1632,369174000,1.0677777777777779
2015-02-19 00:00:00 UTC,542,-1631,369174000,0.808611111111111
2015-02-19 00:00:00 UTC,542,119,220054000,1.3038888888888889
2015-02-19 00:00:00 UTC,542,56,245771000,2.6461111111111113
2015-02-19 00:00:00 UTC,-482,-648,701006139,6.3769444444444447
2015-02-19 00:00:00 UTC,-482,-647,701006145,5.2901388888888885
2015-02-19 00:00:00 UTC,-482,-646,701006147,4.5488888888888885
2015-02-19 00:00:00 UTC,-482,-648,701006149,7.1177777777777775
2015-02-19 00:00:00 UTC,-482,-645,701000597,11.231805555555555
2015-02-19 00:00:00 UTC,-482,-645,701000623,1.8158333333333332
2015-02-19 00:00:00 UTC,-482,-646,701000632,1.5415277777777776
2015-02-19 00:00:00 UTC,-482,-647,701000632,6.3716666666666661
2015-02-19 00:00:00 UTC,-482,-646,701006056,8.6770833333333339
2015-02-19 00:00:00 UTC,-482,-647,701000940,7.8854166666666661
2015-02-19 00:00:00 UTC,-226,-177,224556000,0.20847222222222223
2015-02-19 00:00:00 UTC,-226,-178,224556000,0.71
2015-02-19 00:00:00 UTC,-226,-201,224342000,1.07125
2015-02-19 00:00:00 UTC,-226,-115,224438000,3.5176388888888885
2015-02-19 00:00:00 UTC,-226,558,660002300,0.13597222222222222
2015-02-19 00:00:00 UTC,31,-156,263569000,3.3959722222222224
2015-02-19 00:00:00 UTC,31,-157,263569000,0.79888888888888887
2015-02-19 00:00:00 UTC,31,-1462,440920000,0.91819444444444454
2015-02-19 00:00:00 UTC,31,-1461,440920000,3.5447222222222221
2015-02-19 00:00:00 UTC,31,-1461,440792000,5.3126388888888894
2015-02-19 00:00:00 UTC,31,1720,412371197,1.0441666666666667
2015-02-19 00:00:00 UTC,31,1721,412371198,0.85819444444444437
2015-02-19 00:00:00 UTC,31,1720,412371198,1.3502777777777777
2015-02-19 00:00:00 UTC,287,1217,412413236,1.2240277777777777
2015-02-19 00:00:00 UTC,287,1223,412413820,3.8219444444444446
2015-02-19 00:00:00 UTC,287,1224,412413820,6.0668055555555558
2015-02-19 00:00:00 UTC,287,1649,416111500,5.9808333333333339
2015-02-19 00:00:00 UTC,287,1224,412413085,7.8497222222222227
2015-02-19 00:00:00 UTC,287,1223,200001959,2.8687500000000004
2015-02-19 00:00:00 UTC,287,1220,412411048,9.4845833333333331
2015-02-19 00:00:00 UTC,287,1227,412419265,3.3915277777777777
2015-02-19 00:00:00 UTC,287,1652,576877000,5.15625
2015-02-19 00:00:00 UTC,287,1650,576877000,11.406527777777779
2015-02-19 00:00:00 UTC,287,1661,416717000,5.9618055555555554
2015-02-19 00:00:00 UTC,287,1612,416099800,0.3248611111111111
2015-02-19 00:00:00 UTC,287,1614,416099800,2.4333333333333336
2015-02-19 00:00:00 UTC,287,1613,416099800,0.975
2015-02-19 00:00:00 UTC,287,1223,412411365,2.7704166666666667
2015-02-19 00:00:00 UTC,287,1223,412411368,3.7100000000000004
2015-02-19 00:00:00 UTC,543,79,246176000,2.0808333333333331
2015-02-19 00:00:00 UTC,543,78,246176000,4.1063888888888886
2015-02-19 00:00:00 UTC,543,80,246176000,1.6724999999999999
2015-02-19 00:00:00 UTC,543,81,246176000,0.20694444444444443
2015-02-19 00:00:00 UTC,543,140,211390480,1.2611111111111111
2015-02-19 00:00:00 UTC,543,138,211390480,2.1066666666666669
2015-02-19 00:00:00 UTC,543,137,211390480,0.83527777777777779
2015-02-19 00:00:00 UTC,543,141,211390480,0.89097222222222217
2015-02-19 00:00:00 UTC,543,139,211390480,3.3674999999999997
2015-02-19 00:00:00 UTC,543,81,211288860,0.20541666666666666
2015-02-19 00:00:00 UTC,543,191,261006880,1.463888888888889
2015-02-19 00:00:00 UTC,543,189,261006880,0.41597222222222224
2015-02-19 00:00:00 UTC,543,190,261006880,1.2386111111111109
2015-02-19 00:00:00 UTC,543,140,211315750,1.161111111111111
2015-02-19 00:00:00 UTC,543,138,211315750,1.7444444444444442
2015-02-19 00:00:00 UTC,543,139,211315750,4.7497222222222222
2015-02-19 00:00:00 UTC,543,137,211315750,0.82319444444444445
2015-02-19 00:00:00 UTC,543,141,211315750,0.74555555555555553
2015-02-19 00:00:00 UTC,543,112,211517230,4.6993055555555552
2015-02-19 00:00:00 UTC,543,111,211517230,1.3436111111111113
2015-02-19 00:00:00 UTC,543,-1634,368339000,5.2554166666666671
2015-02-19 00:00:00 UTC,543,139,211400000,1.0476388888888888
2015-02-19 00:00:00 UTC,543,140,211400000,3.365
2015-02-19 00:00:00 UTC,543,-1635,367327310,7.3136111111111113
2015-02-19 00:00:00 UTC,543,-1635,366174810,3.3055555555555558
2015-02-19 00:00:00 UTC,543,189,261006940,0.61291666666666667
2015-02-19 00:00:00 UTC,543,191,261006940,1.2330555555555556
2015-02-19 00:00:00 UTC,543,190,261006940,1.2252777777777779
2015-02-19 00:00:00 UTC,543,139,211314800,5.3763888888888891
2015-02-19 00:00:00 UTC,543,138,211314800,1.0869444444444443
2015-02-19 00:00:00 UTC,543,140,211314800,2.675
2015-02-19 00:00:00 UTC,543,113,211516530,1.2400000000000002
2015-02-19 00:00:00 UTC,543,111,211516530,0.20777777777777778
2015-02-19 00:00:00 UTC,543,112,211516530,2.276388888888889
2015-02-19 00:00:00 UTC,543,-1625,303419000,0.11513888888888887
2015-02-19 00:00:00 UTC,543,-1625,367497340,6.7922222222222226
2015-02-19 00:00:00 UTC,543,-1660,367048070,0.19722222222222219
2015-02-19 00:00:00 UTC,543,-1659,367048070,0.29430555555555554
2015-02-19 00:00:00 UTC,543,80,211290000,2.3138888888888887
2015-02-19 00:00:00 UTC,543,81,211290000,0.62472222222222218
2015-02-19 00:00:00 UTC,543,80,245914000,1.0347222222222223
2015-02-19 00:00:00 UTC,543,79,245914000,1.6715277777777777
2015-02-19 00:00:00 UTC,543,81,244090000,1.2569444444444442
2015-02-19 00:00:00 UTC,543,79,244634000,1.8666666666666665
2015-02-19 00:00:00 UTC,543,80,244634000,1.4658333333333333
2015-02-19 00:00:00 UTC,543,81,244634000,0.84805555555555556
2015-02-19 00:00:00 UTC,543,-1650,367358360,0.31819444444444445
2015-02-19 00:00:00 UTC,543,114,211271330,7.9590277777777763
2015-02-19 00:00:00 UTC,543,112,211271330,1.263611111111111
2015-02-19 00:00:00 UTC,543,113,211271330,1.3130555555555556
2015-02-19 00:00:00 UTC,543,54,245369000,3.3713888888888892
2015-02-19 00:00:00 UTC,543,130,211523500,1.0865277777777778
2015-02-19 00:00:00 UTC,543,81,245262000,2.275
2015-02-19 00:00:00 UTC,543,80,211518140,0.20569444444444446
2015-02-19 00:00:00 UTC,543,81,211518140,1.4563888888888892
2015-02-19 00:00:00 UTC,543,78,211518140,1.2340277777777777
2015-02-19 00:00:00 UTC,543,79,211518140,0.81944444444444442
2015-02-19 00:00:00 UTC,543,1542,273810110,7.5400000000000009
2015-02-19 00:00:00 UTC,543,1543,273810110,8.7208333333333332
2015-02-19 00:00:00 UTC,543,78,246136000,4.7524999999999995
2015-02-19 00:00:00 UTC,543,79,246136000,0.81388888888888888
2015-02-19 00:00:00 UTC,543,-1635,366245060,5.2890277777777781
2015-02-19 00:00:00 UTC,543,58,245293000,0.42222222222222222
2015-02-19 00:00:00 UTC,543,78,245655000,2.6830555555555557
2015-02-19 00:00:00 UTC,543,77,245655000,1.2465277777777777
2015-02-19 00:00:00 UTC,543,140,211317720,3.3547222222222226
2015-02-19 00:00:00 UTC,543,139,211317720,5.0566666666666666
2015-02-19 00:00:00 UTC,543,138,211317720,1.2493055555555554
2015-02-19 00:00:00 UTC,543,81,246135000,1.2406944444444443
2015-02-19 00:00:00 UTC,543,78,244620000,0.42625
2015-02-19 00:00:00 UTC,543,79,244620000,1.6843055555555555
2015-02-19 00:00:00 UTC,543,80,244620000,1.05
2015-02-19 00:00:00 UTC,543,114,211243240,2.1808333333333332
2015-02-19 00:00:00 UTC,543,113,211243240,7.5859722222222228
2015-02-19 00:00:00 UTC,543,-1636,369174000,4.86625
2015-02-19 00:00:00 UTC,543,-1633,369174000,1.0540277777777778
2015-02-19 00:00:00 UTC,543,-1635,369174000,1.4098611111111112
2015-02-19 00:00:00 UTC,543,-1634,369174000,1.2808333333333335
2015-02-19 00:00:00 UTC,543,120,220054000,0.88236111111111115
2015-02-19 00:00:00 UTC,543,58,245771000,0.41819444444444442
2015-02-19 00:00:00 UTC,543,57,245771000,1.2880555555555555
2015-02-19 00:00:00 UTC,-481,-644,701006140,10.902777777777777
2015-02-19 00:00:00 UTC,-481,-647,701006149,1.5483333333333333
2015-02-19 00:00:00 UTC,-481,-644,701006151,8.6380555555555567
2015-02-19 00:00:00 UTC,-481,-646,701000540,7.0691666666666659
2015-02-19 00:00:00 UTC,-481,-640,701007026,19.54
2015-02-19 00:00:00 UTC,-481,-647,701000908,5.8529166666666672
2015-02-19 00:00:00 UTC,-481,-647,701000672,3.7522222222222226
2015-02-19 00:00:00 UTC,-481,-644,701000674,6.3647222222222224
2015-02-19 00:00:00 UTC,-481,-648,701000677,7.8973611111111106
2015-02-19 00:00:00 UTC,-481,-646,701006056,4.5331944444444447
2015-02-19 00:00:00 UTC,-225,-199,224342000,0.47388888888888892
2015-02-19 00:00:00 UTC,-225,-200,224342000,1.2443055555555558
2015-02-19 00:00:00 UTC,-225,-201,224342000,0.85277777777777786
2015-02-19 00:00:00 UTC,-225,-115,224438000,3.5847222222222221
2015-02-19 00:00:00 UTC,-225,558,660002300,0.81805555555555554
2015-02-19 00:00:00 UTC,32,1712,440885000,0.29319444444444448
2015-02-19 00:00:00 UTC,32,469,441097000,5.375694444444445
2015-02-19 00:00:00 UTC,32,-162,263569000,4.420694444444444
2015-02-19 00:00:00 UTC,32,566,412695660,0.803611111111111
2015-02-19 00:00:00 UTC,32,572,412695690,15.453611111111112
2015-02-19 00:00:00 UTC,32,-1463,440920000,1.5434722222222221
2015-02-19 00:00:00 UTC,32,-1464,440920000,1.9108333333333334
2015-02-19 00:00:00 UTC,32,-1465,440920000,3.0459722222222227
2015-02-19 00:00:00 UTC,32,-1462,440920000,0.9276388888888889
2015-02-19 00:00:00 UTC,32,-1459,440920000,3.3880555555555558
2015-02-19 00:00:00 UTC,32,-1466,440792000,1.308472222222222
2015-02-19 00:00:00 UTC,32,-1461,440792000,0.29458333333333336
2015-02-19 00:00:00 UTC,32,-1462,440792000,0.89833333333333343
2015-02-19 00:00:00 UTC,32,-1465,440792000,4.691527777777778
2015-02-19 00:00:00 UTC,32,1719,412371197,2.2977777777777777
2015-02-19 00:00:00 UTC,32,1720,412371197,5.1288888888888895
2015-02-19 00:00:00 UTC,32,1721,412371198,3.9156944444444437
2015-02-19 00:00:00 UTC,32,1720,412371198,1.1608333333333332
2015-02-19 00:00:00 UTC,288,1217,412413236,1.1516666666666668
2015-02-19 00:00:00 UTC,288,1659,416039500,7.5126388888888886
2015-02-19 00:00:00 UTC,288,1709,576678000,3.7625
2015-02-19 00:00:00 UTC,288,1224,412413820,4.0295833333333331
2015-02-19 00:00:00 UTC,288,1223,412413820,6.4468055555555539
2015-02-19 00:00:00 UTC,288,1647,416111500,6.4211111111111112
2015-02-19 00:00:00 UTC,288,1223,200001959,4.5322222222222228
2015-02-19 00:00:00 UTC,288,1651,576877000,1.1502777777777777
2015-02-19 00:00:00 UTC,288,1658,416717000,4.2029166666666669
2015-02-19 00:00:00 UTC,288,1607,416099800,4.5666666666666673
2015-02-19 00:00:00 UTC,288,1608,416099800,0.54180555555555554
2015-02-19 00:00:00 UTC,288,1609,416099800,2.2625
2015-02-19 00:00:00 UTC,288,1612,416099800,4.9041666666666668
2015-02-19 00:00:00 UTC,288,1223,412411365,4.6872222222222222
2015-02-19 00:00:00 UTC,288,1223,412411368,5.2169444444444437
2015-02-19 00:00:00 UTC,288,1664,576726000,6.5797222222222222
2015-02-19 00:00:00 UTC,544,78,246176000,1.0715277777777779
2015-02-19 00:00:00 UTC,544,79,246176000,0.21819444444444447
2015-02-19 00:00:00 UTC,544,191,261007370,4.768194444444446
2015-02-19 00:00:00 UTC,544,192,261007370,1.8680555555555556
2015-02-19 00:00:00 UTC,544,189,261007370,0.82666666666666666
2015-02-19 00:00:00 UTC,544,190,261007370,1.0338888888888889
2015-02-19 00:00:00 UTC,544,192,261005580,2.0280555555555555
2015-02-19 00:00:00 UTC,544,189,261005580,0.78333333333333333
2015-02-19 00:00:00 UTC,544,191,261005580,1.566527777777778
2015-02-19 00:00:00 UTC,544,190,261005580,2.2804166666666665
2015-02-19 00:00:00 UTC,544,190,261028620,2.5
2015-02-19 00:00:00 UTC,544,189,261028620,1.4637499999999999
2015-02-19 00:00:00 UTC,544,191,261004050,0.61416666666666664
2015-02-19 00:00:00 UTC,544,192,261004050,0.20819444444444446
2015-02-19 00:00:00 UTC,544,190,261004050,1.36875
2015-02-19 00:00:00 UTC,544,190,261005330,2.8826388888888888
2015-02-19 00:00:00 UTC,544,189,261005330,2.5008333333333335
2015-02-19 00:00:00 UTC,544,192,261005330,0.83402777777777781
2015-02-19 00:00:00 UTC,544,191,261005330,1.6554166666666665
2015-02-19 00:00:00 UTC,544,-55,235032854,0.84083333333333332
2015-02-19 00:00:00 UTC,544,80,218367000,0.95416666666666672
2015-02-19 00:00:00 UTC,544,80,211288860,1.0472222222222221
2015-02-19 00:00:00 UTC,544,81,211288860,1.9219444444444447
2015-02-19 00:00:00 UTC,544,-1634,367405340,5.2720833333333337
2015-02-19 00:00:00 UTC,544,191,261006110,3.0841666666666665
2015-02-19 00:00:00 UTC,544,190,261006110,2.287638888888889
2015-02-19 00:00:00 UTC,544,192,261006110,0.815
2015-02-19 00:00:00 UTC,544,189,261006110,1.238472222222222
2015-02-19 00:00:00 UTC,544,191,261006880,1.27125
2015-02-19 00:00:00 UTC,544,190,261006880,2.4755555555555553
2015-02-19 00:00:00 UTC,544,189,261006880,0.8272222222222223
2015-02-19 00:00:00 UTC,544,192,261004850,1.4704166666666665
2015-02-19 00:00:00 UTC,544,191,261004850,4.4119444444444449
2015-02-19 00:00:00 UTC,544,190,261004340,3.5270833333333331
2015-02-19 00:00:00 UTC,544,191,261004340,1.4547222222222222
2015-02-19 00:00:00 UTC,544,191,261004860,5.3283333333333331
2015-02-19 00:00:00 UTC,544,191,261006140,0.8093055555555555
2015-02-19 00:00:00 UTC,544,189,261006140,2.0702777777777781
2015-02-19 00:00:00 UTC,544,190,261006140,3.1320833333333331
2015-02-19 00:00:00 UTC,544,191,261004870,5.3583333333333334
2015-02-19 00:00:00 UTC,544,58,244381000,9.6863888888888887
2015-02-19 00:00:00 UTC,544,57,244381000,0.42638888888888893
2015-02-19 00:00:00 UTC,544,56,244381000,12.772083333333333
2015-02-19 00:00:00 UTC,544,190,261007950,2.4826388888888888
2015-02-19 00:00:00 UTC,544,189,261007950,1.03125
2015-02-19 00:00:00 UTC,544,192,261007950,2.9172222222222226
2015-02-19 00:00:00 UTC,544,191,261007950,2.4843055555555562
2015-02-19 00:00:00 UTC,544,-1634,366174810,8.13625
2015-02-19 00:00:00 UTC,544,189,261006940,0.61430555555555555
2015-02-19 00:00:00 UTC,544,191,261006940,1.4483333333333335
2015-02-19 00:00:00 UTC,544,190,261006940,2.4634722222222223
2015-02-19 00:00:00 UTC,544,56,245564000,0.55819444444444444
2015-02-19 00:00:00 UTC,544,58,246204000,0.20263888888888887
2015-02-19 00:00:00 UTC,544,57,246204000,0.75861111111111112
2015-02-19 00:00:00 UTC,544,57,245265000,12.005555555555556
2015-02-19 00:00:00 UTC,544,58,245265000,0.41125
2015-02-19 00:00:00 UTC,544,114,219012459,0.6580555555555555
2015-02-19 00:00:00 UTC,544,113,219012459,2.9754166666666668
2015-02-19 00:00:00 UTC,544,-1634,367565680,11.061388888888889
2015-02-19 00:00:00 UTC,544,78,211319670,0.75819444444444439
2015-02-19 00:00:00 UTC,544,191,261003640,3.7063888888888896
2015-02-19 00:00:00 UTC,544,193,261003640,6.9027777777777777
2015-02-19 00:00:00 UTC,544,192,261003640,2.0720833333333335
2015-02-19 00:00:00 UTC,544,190,261003640,0.61416666666666675
2015-02-19 00:00:00 UTC,544,-1622,303419000,5.2609722222222226
2015-02-19 00:00:00 UTC,544,-1625,303419000,0.75347222222222221
2015-02-19 00:00:00 UTC,544,190,261012090,1.0702777777777779
2015-02-19 00:00:00 UTC,544,192,261012090,1.2730555555555556
2015-02-19 00:00:00 UTC,544,191,261012090,4.0247222222222216
2015-02-19 00:00:00 UTC,544,-1622,367497340,5.254027777777778
2015-02-19 00:00:00 UTC,544,-1653,367484550,5.2143055555555557
2015-02-19 00:00:00 UTC,544,-1652,367484550,13.798749999999998
2015-02-19 00:00:00 UTC,544,-1651,367484550,3.29
2015-02-19 00:00:00 UTC,544,-1659,367048070,0.648611111111111
2015-02-19 00:00:00 UTC,544,-1658,367048070,0.74416666666666664
2015-02-19 00:00:00 UTC,544,79,211290000,2.5711111111111107
2015-02-19 00:00:00 UTC,544,80,211290000,0.20625
2015-02-19 00:00:00 UTC,544,191,261012880,2.6518055555555557
2015-02-19 00:00:00 UTC,544,189,261012880,1.2519444444444445
2015-02-19 00:00:00 UTC,544,190,261012880,2.6981944444444443
2015-02-19 00:00:00 UTC,544,190,261014160,0.86569444444444454
2015-02-19 00:00:00 UTC,544,78,244634000,1.0433333333333334
2015-02-19 00:00:00 UTC,544,79,244634000,3.6911111111111108
2015-02-19 00:00:00 UTC,544,-1634,367331480,8.4027777777777786
2015-02-19 00:00:00 UTC,544,-1651,367358360,0.53902777777777777
2015-02-19 00:00:00 UTC,544,-1650,367358360,3.36375
2015-02-19 00:00:00 UTC,544,114,211271330,0.62152777777777768
2015-02-19 00:00:00 UTC,544,55,245369000,1.7769444444444444
2015-02-19 00:00:00 UTC,544,-1641,366297000,3.8584722222222219
2015-02-19 00:00:00 UTC,544,-1642,366297000,0.19222222222222221
2015-02-19 00:00:00 UTC,544,80,245262000,0.85458333333333336
2015-02-19 00:00:00 UTC,544,81,245262000,1.4465277777777776
2015-02-19 00:00:00 UTC,544,189,261006770,1.2356944444444444
2015-02-19 00:00:00 UTC,544,191,261006770,0.82
2015-02-19 00:00:00 UTC,544,190,261006770,3.7455555555555557
2015-02-19 00:00:00 UTC,544,78,211518140,2.25
2015-02-19 00:00:00 UTC,544,79,211518140,0.2013888888888889
2015-02-19 00:00:00 UTC,544,80,211518140,3.7469444444444453
2015-02-19 00:00:00 UTC,544,189,261006780,0.62652777777777779
2015-02-19 00:00:00 UTC,544,192,261006780,0.62402777777777774
2015-02-19 00:00:00 UTC,544,190,261006780,1.8534722222222222
2015-02-19 00:00:00 UTC,544,191,261006780,2.4731944444444447
2015-02-19 00:00:00 UTC,544,78,246136000,1.6644444444444446
2015-02-19 00:00:00 UTC,544,79,246136000,0.63722222222222213
2015-02-19 00:00:00 UTC,544,58,245293000,0.7225
2015-02-19 00:00:00 UTC,544,81,211318730,0.840138888888889
2015-02-19 00:00:00 UTC,544,190,261000660,1.86875
2015-02-19 00:00:00 UTC,544,191,261000660,3.2906944444444446
2015-02-19 00:00:00 UTC,544,193,261000660,0.20958333333333334
2015-02-19 00:00:00 UTC,544,192,261000660,9.25152777777778
2015-02-19 00:00:00 UTC,544,189,261000660,3.2611111111111115
2015-02-19 00:00:00 UTC,544,77,245655000,0.20625
2015-02-19 00:00:00 UTC,544,78,245655000,2.1041666666666665
2015-02-19 00:00:00 UTC,544,114,219009244,0.11624999999999999
2015-02-19 00:00:00 UTC,544,113,219009244,1.9322222222222223
2015-02-19 00:00:00 UTC,544,189,261006050,1.4388888888888889
2015-02-19 00:00:00 UTC,544,190,261006050,2.4595833333333332
2015-02-19 00:00:00 UTC,544,191,261004780,3.5216666666666669
2015-02-19 00:00:00 UTC,544,189,261012460,3.1197222222222223
2015-02-19 00:00:00 UTC,544,190,261012460,1.8638888888888889
2015-02-19 00:00:00 UTC,544,191,261012460,1.0222222222222224
2015-02-19 00:00:00 UTC,544,190,261006830,2.8945833333333337
2015-02-19 00:00:00 UTC,544,191,261006830,1.8720833333333333
2015-02-19 00:00:00 UTC,544,189,261006830,2.7155555555555555
2015-02-19 00:00:00 UTC,544,192,261006830,0.61166666666666669
2015-02-19 00:00:00 UTC,544,-1636,369174000,5.20125
2015-02-19 00:00:00 UTC,544,58,245771000,0.20263888888888887
2015-02-19 00:00:00 UTC,-480,-644,701006143,11.600138888888889
2015-02-19 00:00:00 UTC,-480,-646,701000540,6.0756944444444443
2015-02-19 00:00:00 UTC,-480,-645,701000540,7.8420833333333331
2015-02-19 00:00:00 UTC,-480,-640,701007026,4.4902777777777771
2015-02-19 00:00:00 UTC,-480,-642,701000884,7.9081944444444456
2015-02-19 00:00:00 UTC,-480,-645,701000907,8.6568055555555556
2015-02-19 00:00:00 UTC,-480,-643,701000673,4.331666666666667
2015-02-19 00:00:00 UTC,-480,-643,701000674,1.5259722222222223
2015-02-19 00:00:00 UTC,-480,-647,701000677,5.28875
2015-02-19 00:00:00 UTC,-480,-646,701000945,4.5140277777777778
2015-02-19 00:00:00 UTC,-480,-647,701000945,5.8418055555555553
2015-02-19 00:00:00 UTC,-480,-645,701000959,24.015277777777776
2015-02-19 00:00:00 UTC,-224,129,659322000,0.3084722222222222
2015-02-19 00:00:00 UTC,-224,-179,224556000,5.5605555555555553
2015-02-19 00:00:00 UTC,-224,-199,224342000,4.2809722222222231
2015-02-19 00:00:00 UTC,-224,-196,224342000,1.8599999999999999
2015-02-19 00:00:00 UTC,-224,-116,224438000,2.0459722222222223
2015-02-19 00:00:00 UTC,33,1712,440885000,1.9180555555555554
2015-02-19 00:00:00 UTC,33,1711,440885000,8.80263888888889
2015-02-19 00:00:00 UTC,33,470,441097000,3.5481944444444444
2015-02-19 00:00:00 UTC,33,-163,263569000,0.39013888888888892
2015-02-19 00:00:00 UTC,33,-162,263569000,1.06125
2015-02-19 00:00:00 UTC,33,567,412695660,6.7816666666666663
2015-02-19 00:00:00 UTC,33,-1460,440920000,0.64555555555555566
2015-02-19 00:00:00 UTC,33,-1461,440920000,0.37319444444444444
2015-02-19 00:00:00 UTC,33,-1463,440792000,1.4209722222222223
2015-02-19 00:00:00 UTC,33,-1466,440792000,2.3555555555555556
2015-02-19 00:00:00 UTC,33,592,416003800,3.6569444444444441
2015-02-19 00:00:00 UTC,33,1719,412371197,1.3719444444444444
2015-02-19 00:00:00 UTC,33,1721,412371198,1.9748611111111112
2015-02-19 00:00:00 UTC,289,1225,412416542,1.5926388888888889
2015-02-19 00:00:00 UTC,289,1658,416039500,3.4265277777777778
2015-02-19 00:00:00 UTC,289,1659,416039500,1.1284722222222223
2015-02-19 00:00:00 UTC,289,1656,416717000,3.6593055555555556
2015-02-19 00:00:00 UTC,289,1657,416717000,1.7269444444444446
2015-02-19 00:00:00 UTC,289,1219,412411346,0.48347222222222225
2015-02-19 00:00:00 UTC,289,1221,900001237,4.3345833333333337
2015-02-19 00:00:00 UTC,545,189,261007370,0.82375
2015-02-19 00:00:00 UTC,545,189,261028620,2.8900000000000006
2015-02-19 00:00:00 UTC,545,191,261004050,3.5765277777777782
2015-02-19 00:00:00 UTC,545,192,261004050,2.2811111111111111
2015-02-19 00:00:00 UTC,545,189,261005330,0.62125
2015-02-19 00:00:00 UTC,545,80,218367000,0.34194444444444444
2015-02-19 00:00:00 UTC,545,80,211288860,1.0541666666666667
2015-02-19 00:00:00 UTC,545,79,211288860,2.1056944444444441
2015-02-19 00:00:00 UTC,545,189,261006110,0.42194444444444446
2015-02-19 00:00:00 UTC,545,190,261004850,1.6743055555555555
2015-02-19 00:00:00 UTC,545,191,261004850,5.5280555555555546
2015-02-19 00:00:00 UTC,545,192,261004850,1.5470833333333331
2015-02-19 00:00:00 UTC,545,189,261004850,0.44361111111111112
2015-02-19 00:00:00 UTC,545,188,261004340,0.21083333333333332
2015-02-19 00:00:00 UTC,545,189,261004340,1.8613888888888888
2015-02-19 00:00:00 UTC,545,190,261004340,0.41222222222222221
2015-02-19 00:00:00 UTC,545,192,261004860,2.5840277777777776
2015-02-19 00:00:00 UTC,545,189,261004860,0.62652777777777779
2015-02-19 00:00:00 UTC,545,190,261004860,1.4302777777777778
2015-02-19 00:00:00 UTC,545,191,261004860,3.2327777777777786
2015-02-19 00:00:00 UTC,545,189,261006140,2.2783333333333333
2015-02-19 00:00:00 UTC,545,189,261004870,0.40569444444444441
2015-02-19 00:00:00 UTC,545,191,261004870,4.9627777777777782
2015-02-19 00:00:00 UTC,545,192,261004870,2.3034722222222221
2015-02-19 00:00:00 UTC,545,190,261004870,1.4359722222222224
2015-02-19 00:00:00 UTC,545,58,244381000,1.0361111111111112
2015-02-19 00:00:00 UTC,545,1544,273815900,1.590138888888889
2015-02-19 00:00:00 UTC,545,58,245564000,2.035
2015-02-19 00:00:00 UTC,545,57,245564000,19.88375
2015-02-19 00:00:00 UTC,545,56,245265000,11.543055555555556
2015-02-19 00:00:00 UTC,545,191,261007210,3.9090277777777787
2015-02-19 00:00:00 UTC,545,192,261007210,2.1323611111111114
2015-02-19 00:00:00 UTC,545,112,219012459,3.43
2015-02-19 00:00:00 UTC,545,111,219012459,1.7268055555555555
2015-02-19 00:00:00 UTC,545,113,219012459,2.9668055555555561
2015-02-19 00:00:00 UTC,545,190,261003640,2.4759722222222225
2015-02-19 00:00:00 UTC,545,190,261012090,1.0433333333333334
2015-02-19 00:00:00 UTC,545,191,261012090,0.92611111111111111
2015-02-19 00:00:00 UTC,545,189,261012090,1.2781944444444444
2015-02-19 00:00:00 UTC,545,-1652,367484550,1.5106944444444446
2015-02-19 00:00:00 UTC,545,-1658,367048070,0.35138888888888886
2015-02-19 00:00:00 UTC,545,191,261001870,2.3738888888888887
2015-02-19 00:00:00 UTC,545,192,261001870,1.6698611111111108
2015-02-19 00:00:00 UTC,545,190,261001870,0.82305555555555543
2015-02-19 00:00:00 UTC,545,107,219005583,8.9884722222222226
2015-02-19 00:00:00 UTC,545,106,219005583,0.81666666666666665
2015-02-19 00:00:00 UTC,545,79,211290000,1.46625
2015-02-19 00:00:00 UTC,545,78,211290000,0.65916666666666668
2015-02-19 00:00:00 UTC,545,189,261012880,0.63180555555555562
2015-02-19 00:00:00 UTC,545,190,261014160,0.11625
2015-02-19 00:00:00 UTC,545,189,261014160,2.1943055555555557
2015-02-19 00:00:00 UTC,545,57,244399000,0.65222222222222226
2015-02-19 00:00:00 UTC,545,56,244399000,0.62111111111111117
2015-02-19 00:00:00 UTC,545,55,244399000,0.8290277777777777
2015-02-19 00:00:00 UTC,545,-1651,367358360,2.6650000000000005
2015-02-19 00:00:00 UTC,545,192,261001880,0.62222222222222223
2015-02-19 00:00:00 UTC,545,191,261001880,0.83027777777777778
2015-02-19 00:00:00 UTC,545,-1655,367326360,3.3402777777777777
2015-02-19 00:00:00 UTC,545,-1656,367326360,0.96777777777777785
2015-02-19 00:00:00 UTC,545,56,245369000,10.243333333333334
2015-02-19 00:00:00 UTC,545,-1642,366297000,9.7995833333333326
2015-02-19 00:00:00 UTC,545,-1641,366297000,9.1854166666666668
2015-02-19 00:00:00 UTC,545,-1655,367662000,0.36819444444444444
2015-02-19 00:00:00 UTC,545,80,245262000,2.4115277777777777
2015-02-19 00:00:00 UTC,545,189,261006770,1.2340277777777777
2015-02-19 00:00:00 UTC,545,77,211518140,0.8666666666666667
2015-02-19 00:00:00 UTC,545,78,211518140,1.4875
2015-02-19 00:00:00 UTC,545,190,261006780,1.6566666666666665
2015-02-19 00:00:00 UTC,545,189,261006780,1.2305555555555554
2015-02-19 00:00:00 UTC,545,192,261006780,0.64930555555555558
2015-02-19 00:00:00 UTC,545,81,211318730,2.330138888888889
2015-02-19 00:00:00 UTC,545,80,211318730,0.20472222222222222
2015-02-19 00:00:00 UTC,545,-1655,367650000,0.32791666666666669
2015-02-19 00:00:00 UTC,545,189,261000660,0.21013888888888888
2015-02-19 00:00:00 UTC,545,111,219009244,1.9354166666666668
2015-02-19 00:00:00 UTC,545,113,219009244,3.1501388888888884
2015-02-19 00:00:00 UTC,545,112,219009244,5.1051388888888889
2015-02-19 00:00:00 UTC,545,189,261006050,3.1013888888888892
2015-02-19 00:00:00 UTC,545,100,211339490,8.4543055555555551
2015-02-19 00:00:00 UTC,545,101,211339490,1.0009722222222222
2015-02-19 00:00:00 UTC,545,192,261004780,1.8525
2015-02-19 00:00:00 UTC,545,189,261006830,0.41958333333333331
2015-02-19 00:00:00 UTC,545,188,261004280,0.20986111111111111
2015-02-19 00:00:00 UTC,545,189,261004280,4.374305555555555
2015-02-19 00:00:00 UTC,-479,-647,701006143,11.654166666666667
2015-02-19 00:00:00 UTC,-479,-646,701000768,7.8705555555555566
2015-02-19 00:00:00 UTC,-479,-644,701000623,4.1809722222222225
2015-02-19 00:00:00 UTC,-479,-645,701000907,4.528888888888889
2015-02-19 00:00:00 UTC,-479,-643,701000673,4.5065277777777775
2015-02-19 00:00:00 UTC,-223,521,660003100,3.4695833333333335
2015-02-19 00:00:00 UTC,-223,522,660003100,0.4276388888888889
2015-02-19 00:00:00 UTC,-223,129,659322000,4.240555555555555
2015-02-19 00:00:00 UTC,-223,-892,224051350,0.96111111111111114
2015-02-19 00:00:00 UTC,-223,-196,224342000,4.2827777777777776
2015-02-19 00:00:00 UTC,-223,-114,224438000,1.4681944444444446
2015-02-19 00:00:00 UTC,34,1712,440885000,0.88888888888888906
2015-02-19 00:00:00 UTC,34,1713,440885000,1.2722222222222221
2015-02-19 00:00:00 UTC,34,471,441097000,3.9377777777777778
2015-02-19 00:00:00 UTC,34,472,441097000,0.19749999999999998
2015-02-19 00:00:00 UTC,34,-163,263569000,1.7790277777777777
2015-02-19 00:00:00 UTC,34,-1461,440920000,0.33916666666666662
2015-02-19 00:00:00 UTC,34,-1462,440920000,0.86486111111111108
2015-02-19 00:00:00 UTC,34,-1466,440792000,3.5468055555555553
2015-02-19 00:00:00 UTC,34,590,416003800,3.4013888888888886
2015-02-19 00:00:00 UTC,34,592,416003800,1.3861111111111111
2015-02-19 00:00:00 UTC,34,-1350,431329000,0.64194444444444443
2015-02-19 00:00:00 UTC,34,1719,412371197,1.7808333333333333
2015-02-19 00:00:00 UTC,34,1721,412371198,1.5081944444444444
2015-02-19 00:00:00 UTC,290,1219,900029060,0.45152777777777781
2015-02-19 00:00:00 UTC,290,1589,416804000,12.406805555555554
2015-02-19 00:00:00 UTC,290,1590,416804000,0.76527777777777761
2015-02-19 00:00:00 UTC,290,1655,416717000,8.5573611111111116
2015-02-19 00:00:00 UTC,290,1654,416717000,3.7031944444444438
2015-02-19 00:00:00 UTC,290,1658,576726000,0.55777777777777771
2015-02-19 00:00:00 UTC,290,1654,576726000,4.335
2015-02-19 00:00:00 UTC,290,1659,576726000,1.1465277777777778
2015-02-19 00:00:00 UTC,290,1655,576726000,7.1047222222222226
2015-02-19 00:00:00 UTC,290,1660,576726000,5.33875
2015-02-19 00:00:00 UTC,290,1661,576843000,5.8794444444444443
2015-02-19 00:00:00 UTC,290,1657,576843000,3.8583333333333334
2015-02-19 00:00:00 UTC,290,1656,576843000,4.5588888888888892
2015-02-19 00:00:00 UTC,290,1651,576843000,3.0331944444444443
2015-02-19 00:00:00 UTC,290,1653,576843000,0.6793055555555555
2015-02-19 00:00:00 UTC,290,1654,576843000,3.2708333333333335
2015-02-19 00:00:00 UTC,290,1655,576843000,1.3458333333333332
2015-02-19 00:00:00 UTC,546,-1653,368565000,2.7398611111111113
2015-02-19 00:00:00 UTC,546,188,261028620,0.41138888888888892
2015-02-19 00:00:00 UTC,546,78,211288860,1.44875
2015-02-19 00:00:00 UTC,546,79,211288860,0.8963888888888889
2015-02-19 00:00:00 UTC,546,-1649,367046940,1.0345833333333334
2015-02-19 00:00:00 UTC,546,-1648,367046940,0.68055555555555558
2015-02-19 00:00:00 UTC,546,153,219796000,3.3737500000000002
2015-02-19 00:00:00 UTC,546,154,219796000,1.1265277777777778
2015-02-19 00:00:00 UTC,546,155,219796000,0.93847222222222215
2015-02-19 00:00:00 UTC,546,156,219796000,0.17888888888888888
2015-02-19 00:00:00 UTC,546,-1653,368371000,2.9029166666666666
2015-02-19 00:00:00 UTC,546,-1654,367056452,3.3083333333333336
2015-02-19 00:00:00 UTC,546,-1652,367056452,1.7155555555555555
2015-02-19 00:00:00 UTC,546,-1653,367056452,7.973055555555554
2015-02-19 00:00:00 UTC,546,77,245341000,2.8263888888888893
2015-02-19 00:00:00 UTC,546,1544,273815900,5.325277777777778
2015-02-19 00:00:00 UTC,546,1545,273815900,17.139861111111109
2015-02-19 00:00:00 UTC,546,56,245564000,1.6651388888888887
2015-02-19 00:00:00 UTC,546,57,245564000,0.21097222222222223
2015-02-19 00:00:00 UTC,546,148,219007333,1.4773611111111111
2015-02-19 00:00:00 UTC,546,-56,235018598,0.72069444444444453
2015-02-19 00:00:00 UTC,546,113,219012459,4.7148611111111114
2015-02-19 00:00:00 UTC,546,-1654,367124090,2.966388888888889
2015-02-19 00:00:00 UTC,546,-1655,367124090,0.53722222222222216
2015-02-19 00:00:00 UTC,546,-1653,367124090,1.1725
2015-02-19 00:00:00 UTC,546,106,219005583,1.9686111111111111
2015-02-19 00:00:00 UTC,546,78,211290000,0.33277777777777778
2015-02-19 00:00:00 UTC,546,-1655,367326360,0.39458333333333329
2015-02-19 00:00:00 UTC,546,-1654,367662000,0.13083333333333333
2015-02-19 00:00:00 UTC,546,-1653,367662000,1.0180555555555555
2015-02-19 00:00:00 UTC,546,80,245262000,2.2448611111111112
2015-02-19 00:00:00 UTC,546,79,245262000,0.30736111111111108
2015-02-19 00:00:00 UTC,546,77,211518140,1.9931944444444447
2015-02-19 00:00:00 UTC,546,76,211518140,1.4677777777777778
2015-02-19 00:00:00 UTC,546,-1653,338296000,0.89236111111111116
2015-02-19 00:00:00 UTC,546,81,211318730,1.3690277777777777
2015-02-19 00:00:00 UTC,546,80,211318730,1.5086111111111113
2015-02-19 00:00:00 UTC,546,-1653,367618000,0.35055555555555551
2015-02-19 00:00:00 UTC,546,-1654,367618000,3.9290277777777773
2015-02-19 00:00:00 UTC,546,-1653,367650000,0.92791666666666672
2015-02-19 00:00:00 UTC,546,-1654,367650000,1.4147222222222222
2015-02-19 00:00:00 UTC,546,-1654,367082710,0.71527777777777779
2015-02-19 00:00:00 UTC,546,-1653,367082710,3.172361111111111
2015-02-19 00:00:00 UTC,546,112,219009244,0.49930555555555556
2015-02-19 00:00:00 UTC,546,113,219009244,12.61875
2015-02-19 00:00:00 UTC,546,-1653,367372000,0.52375
2015-02-19 00:00:00 UTC,546,191,261004780,1.6572222222222222
2015-02-19 00:00:00 UTC,546,190,261004780,2.2487500000000002
2015-02-19 00:00:00 UTC,-478,-646,701000768,4.5486111111111107
2015-02-19 00:00:00 UTC,-478,-644,701006144,2.0018055555555554
2015-02-19 00:00:00 UTC,-478,-639,701006144,2.4473611111111113
2015-02-19 00:00:00 UTC,-478,-645,701000860,10.34138888888889
2015-02-19 00:00:00 UTC,-222,522,660003100,0.30555555555555552
2015-02-19 00:00:00 UTC,-222,524,660003100,0.75458333333333316
2015-02-19 00:00:00 UTC,-222,523,660003100,0.98458333333333325
2015-02-19 00:00:00 UTC,-222,129,659322000,7.4211111111111121
2015-02-19 00:00:00 UTC,-222,-893,224051350,0.41291666666666671
2015-02-19 00:00:00 UTC,-222,-891,224051350,1.8347222222222224
2015-02-19 00:00:00 UTC,-222,-892,224051350,3.6111111111111112
2015-02-19 00:00:00 UTC,-222,-115,224438000,0.9277777777777777
2015-02-19 00:00:00 UTC,-222,-116,224438000,1.5538888888888887
2015-02-19 00:00:00 UTC,-222,-114,224438000,0.27652777777777782
2015-02-19 00:00:00 UTC,35,1713,440885000,1.151388888888889
2015-02-19 00:00:00 UTC,35,1712,440885000,2.8784722222222223
2015-02-19 00:00:00 UTC,35,473,441097000,1.4819444444444445
2015-02-19 00:00:00 UTC,35,474,441097000,4.0391666666666666
2015-02-19 00:00:00 UTC,35,-163,263569000,1.3336111111111111
2015-02-19 00:00:00 UTC,35,-1463,440920000,0.64194444444444443
2015-02-19 00:00:00 UTC,35,-1464,440792000,1.672361111111111
2015-02-19 00:00:00 UTC,35,591,416003800,1.830138888888889
2015-02-19 00:00:00 UTC,35,592,416003800,3.9418055555555558
2015-02-19 00:00:00 UTC,35,-1536,440780000,5.7919444444444448
2015-02-19 00:00:00 UTC,35,-1538,440780000,5.8390277777777779
2015-02-19 00:00:00 UTC,35,-1350,431329000,0.48583333333333334
2015-02-19 00:00:00 UTC,35,1488,432438000,0.18097222222222223
2015-02-19 00:00:00 UTC,35,1719,412371197,1.6958333333333333
2015-02-19 00:00:00 UTC,35,1721,412371198,1.401388888888889
2015-02-19 00:00:00 UTC,35,1720,412371198,0.33263888888888893
2015-02-19 00:00:00 UTC,291,1656,416039500,3.2843055555555556
2015-02-19 00:00:00 UTC,291,1654,416039500,0.69694444444444437
2015-02-19 00:00:00 UTC,291,1657,416039500,7.3363888888888891
2015-02-19 00:00:00 UTC,291,1655,416039500,0.66111111111111109
2015-02-19 00:00:00 UTC,291,1716,576678000,4.53
2015-02-19 00:00:00 UTC,291,1658,576726000,3.6034722222222224
2015-02-19 00:00:00 UTC,291,1655,576843000,1.0541666666666667
2015-02-19 00:00:00 UTC,547,-1606,338085121,5.0569444444444445
2015-02-19 00:00:00 UTC,547,102,219001604,2.4304166666666664
2015-02-19 00:00:00 UTC,547,101,219001604,3.3581944444444445
2015-02-19 00:00:00 UTC,547,-1654,366978060,1.1102777777777779
2015-02-19 00:00:00 UTC,547,-1652,366978060,2.7694444444444444
2015-02-19 00:00:00 UTC,547,-1653,366978060,10.777222222222223
2015-02-19 00:00:00 UTC,547,79,211288860,3.2055555555555553
2015-02-19 00:00:00 UTC,547,78,211288860,4.7605555555555554
2015-02-19 00:00:00 UTC,547,-1647,367046940,4.5179166666666664
2015-02-19 00:00:00 UTC,547,-1647,368371000,2.9149999999999996
2015-02-19 00:00:00 UTC,547,-1653,367056452,5.2179166666666665
2015-02-19 00:00:00 UTC,547,79,245341000,0.42611111111111111
2015-02-19 00:00:00 UTC,547,78,245341000,2.069722222222222
2015-02-19 00:00:00 UTC,547,77,245341000,2.1183333333333336
2015-02-19 00:00:00 UTC,547,148,219007333,8.4787500000000016
2015-02-19 00:00:00 UTC,547,147,219007333,0.33611111111111114
2015-02-19 00:00:00 UTC,547,-56,235018598,13.242083333333332
2015-02-19 00:00:00 UTC,547,151,261003890,0.44458333333333333
2015-02-19 00:00:00 UTC,547,152,261003890,0.50597222222222227
2015-02-19 00:00:00 UTC,547,60,235007860,7.9669444444444446
2015-02-19 00:00:00 UTC,547,-1653,367124090,1.3322222222222224
2015-02-19 00:00:00 UTC,547,-1651,367124090,0.11249999999999999
2015-02-19 00:00:00 UTC,547,-1652,367124090,6.4586111111111117
2015-02-19 00:00:00 UTC,547,-1647,368698000,1.0747222222222221
2015-02-19 00:00:00 UTC,547,-1649,368698000,0.37916666666666665
2015-02-19 00:00:00 UTC,547,-1652,368698000,2.8876388888888891
2015-02-19 00:00:00 UTC,547,60,245999000,1.6748611111111114
2015-02-19 00:00:00 UTC,547,-1653,367326360,3.2861111111111114
2015-02-19 00:00:00 UTC,547,-1650,368313000,0.80624999999999991
2015-02-19 00:00:00 UTC,547,-1651,368313000,9.0991666666666671
2015-02-19 00:00:00 UTC,547,-1653,367662000,2.7143055555555557
2015-02-19 00:00:00 UTC,547,78,245262000,1.2223611111111112
2015-02-19 00:00:00 UTC,547,79,245262000,2.3097222222222227
2015-02-19 00:00:00 UTC,547,75,211518140,2.2133333333333334
2015-02-19 00:00:00 UTC,547,-1605,366236350,5.2593055555555557
2015-02-19 00:00:00 UTC,547,-1653,338296000,1.59625
2015-02-19 00:00:00 UTC,547,-1652,338296000,4.803472222222223
2015-02-19 00:00:00 UTC,547,-1651,338296000,1.0077777777777777
2015-02-19 00:00:00 UTC,547,103,219012302,0.87638888888888888
2015-02-19 00:00:00 UTC,547,102,219012302,2.0098611111111109
2015-02-19 00:00:00 UTC,547,101,219012302,1.5965277777777778
2015-02-19 00:00:00 UTC,547,-1652,367618000,3.9956944444444451
2015-02-19 00:00:00 UTC,547,-1653,367618000,1.4268055555555559
2015-02-19 00:00:00 UTC,547,-1653,367082710,1.1836111111111112
2015-02-19 00:00:00 UTC,547,-1648,367082710,0.57263888888888892
2015-02-19 00:00:00 UTC,547,-1649,367082710,0.63874999999999993
2015-02-19 00:00:00 UTC,547,-1652,367082710,1.5188888888888892
2015-02-19 00:00:00 UTC,547,-1651,367082710,1.38125
2015-02-19 00:00:00 UTC,547,-1650,367082710,2.072916666666667
2015-02-19 00:00:00 UTC,547,-1652,367372000,2.7388888888888889
2015-02-19 00:00:00 UTC,547,1544,273352930,10.128194444444444
2015-02-19 00:00:00 UTC,547,1545,273352930,7.6248611111111106
2015-02-19 00:00:00 UTC,547,189,261004780,1.6583333333333332
2015-02-19 00:00:00 UTC,547,190,261004780,0.41125
2015-02-19 00:00:00 UTC,547,-1648,367506420,8.07
2015-02-19 00:00:00 UTC,547,-1647,367506420,1.2543055555555556
2015-02-19 00:00:00 UTC,803,161,258576000,1.525
2015-02-19 00:00:00 UTC,-477,-639,701006138,3.9913888888888889
2015-02-19 00:00:00 UTC,-477,-639,701006144,8.6766666666666676
2015-02-19 00:00:00 UTC,-477,-645,701000860,2.547361111111111
2015-02-19 00:00:00 UTC,-477,-646,701000948,7.152916666666667
2015-02-19 00:00:00 UTC,-221,1591,540004100,3.6815277777777777
2015-02-19 00:00:00 UTC,-221,525,660003100,0.56666666666666665
2015-02-19 00:00:00 UTC,-221,1630,540003400,3.5959722222222221
2015-02-19 00:00:00 UTC,-221,129,659322000,3.8683333333333336
2015-02-19 00:00:00 UTC,-221,-890,224051350,0.54125
2015-02-19 00:00:00 UTC,-221,-891,224051350,0.6529166666666667
2015-02-19 00:00:00 UTC,-221,-892,224051350,2.0572222222222223
2015-02-19 00:00:00 UTC,-221,-116,224438000,1.0612499999999998
2015-02-19 00:00:00 UTC,36,1488,431679000,2.8380555555555556
2015-02-19 00:00:00 UTC,36,-1716,412331033,8.9454166666666666
2015-02-19 00:00:00 UTC,36,1720,416247600,12.454583333333334
2015-02-19 00:00:00 UTC,36,1722,416247600,5.3073611111111108
2015-02-19 00:00:00 UTC,36,-1361,432890000,1.4909722222222221
2015-02-19 00:00:00 UTC,36,-1463,440920000,0.76055555555555565
2015-02-19 00:00:00 UTC,36,591,416003800,2.783611111111111
2015-02-19 00:00:00 UTC,36,592,416003800,1.6318055555555555
2015-02-19 00:00:00 UTC,36,-1352,431329000,3.0755555555555554
2015-02-19 00:00:00 UTC,36,-1350,431329000,0.46680555555555553
2015-02-19 00:00:00 UTC,36,1740,412371178,1.5430555555555556
2015-02-19 00:00:00 UTC,36,1739,412371178,1.7594444444444441
2015-02-19 00:00:00 UTC,36,1741,412371178,1.701111111111111
2015-02-19 00:00:00 UTC,36,1738,412371178,5.7127777777777773
2015-02-19 00:00:00 UTC,36,1742,412371178,2.8325
2015-02-19 00:00:00 UTC,36,1719,412371197,3.3458333333333328
2015-02-19 00:00:00 UTC,36,1720,412371198,2.9841666666666669
2015-02-19 00:00:00 UTC,548,132,219424000,1.1916666666666667
2015-02-19 00:00:00 UTC,548,131,219424000,0.75847222222222221
2015-02-19 00:00:00 UTC,548,135,219424000,2.496944444444444
2015-02-19 00:00:00 UTC,548,133,219424000,1.3186111111111112
2015-02-19 00:00:00 UTC,548,134,219424000,1.0215277777777776
2015-02-19 00:00:00 UTC,548,-1654,366978060,3.4530555555555549
2015-02-19 00:00:00 UTC,548,-1655,366978060,0.69125000000000014
2015-02-19 00:00:00 UTC,548,-1652,367046940,5.3072222222222223
2015-02-19 00:00:00 UTC,548,-1651,367083560,5.2555555555555555
2015-02-19 00:00:00 UTC,548,-1647,368371000,4.7859722222222221
2015-02-19 00:00:00 UTC,548,131,219012671,1.0840277777777778
2015-02-19 00:00:00 UTC,548,132,219012671,1.4570833333333333
2015-02-19 00:00:00 UTC,548,133,219012671,1.5329166666666665
2015-02-19 00:00:00 UTC,548,135,219012671,0.80611111111111111
2015-02-19 00:00:00 UTC,548,134,219012671,0.90138888888888891
2015-02-19 00:00:00 UTC,548,77,245341000,0.64291666666666669
2015-02-19 00:00:00 UTC,548,79,245341000,4.8505555555555553
2015-02-19 00:00:00 UTC,548,78,245341000,1.3988888888888888
2015-02-19 00:00:00 UTC,548,-1650,367117390,6.7065277777777776
2015-02-19 00:00:00 UTC,548,-1651,367117390,0.18319444444444444
2015-02-19 00:00:00 UTC,548,149,219007333,2.4263888888888889
2015-02-19 00:00:00 UTC,548,147,219007333,7.8415277777777774
2015-02-19 00:00:00 UTC,548,148,219007333,1.7494444444444446
2015-02-19 00:00:00 UTC,548,-1652,338673000,10.47013888888889
2015-02-19 00:00:00 UTC,548,-1653,338673000,3.7998611111111122
2015-02-19 00:00:00 UTC,548,-1635,367565680,15.88125
2015-02-19 00:00:00 UTC,548,154,261003890,11.0275
2015-02-19 00:00:00 UTC,548,153,261003890,4.1005555555555553
2015-02-19 00:00:00 UTC,548,152,261003890,1.0733333333333333
2015-02-19 00:00:00 UTC,548,60,235007860,1.9661111111111109
2015-02-19 00:00:00 UTC,548,61,235007860,0.41625
2015-02-19 00:00:00 UTC,548,-1651,367124090,5.4497222222222224
2015-02-19 00:00:00 UTC,548,108,219008145,1.2581944444444444
2015-02-19 00:00:00 UTC,548,-176,224463000,1.7308333333333334
2015-02-19 00:00:00 UTC,548,-175,224463000,14.494583333333335
2015-02-19 00:00:00 UTC,548,60,245999000,8.96763888888889
2015-02-19 00:00:00 UTC,548,79,245262000,5.8909722222222225
2015-02-19 00:00:00 UTC,548,-176,224622000,4.305
2015-02-19 00:00:00 UTC,548,-175,224622000,14.792083333333334
2015-02-19 00:00:00 UTC,548,137,219015103,1.0940277777777778
2015-02-19 00:00:00 UTC,548,134,219015103,0.85888888888888892
2015-02-19 00:00:00 UTC,548,136,219015103,0.41555555555555557
2015-02-19 00:00:00 UTC,548,135,219015103,1.0479166666666666
2015-02-19 00:00:00 UTC,548,138,219015103,2.2223611111111112
2015-02-19 00:00:00 UTC,548,-1652,338296000,9.68888888888889
2015-02-19 00:00:00 UTC,548,103,219012302,0.71805555555555556
2015-02-19 00:00:00 UTC,548,101,219012302,2.9686111111111115
2015-02-19 00:00:00 UTC,548,102,219012302,2.9026388888888892
2015-02-19 00:00:00 UTC,548,-1652,367618000,10.877083333333333
2015-02-19 00:00:00 UTC,548,-1648,367082710,4.2316666666666665
2015-02-19 00:00:00 UTC,548,-1652,367082710,5.2416666666666671
2015-02-19 00:00:00 UTC,548,135,266348000,0.65472222222222221
2015-02-19 00:00:00 UTC,548,-1651,367372000,3.285
2015-02-19 00:00:00 UTC,548,-1647,367506420,1.8951388888888889
2015-02-19 00:00:00 UTC,548,133,220043000,0.91541666666666666
2015-02-19 00:00:00 UTC,548,134,220043000,1.3416666666666668
2015-02-19 00:00:00 UTC,548,135,220043000,0.84361111111111109
2015-02-19 00:00:00 UTC,804,159,258576000,1.5375
2015-02-19 00:00:00 UTC,804,160,258576000,1.5763888888888888
2015-02-19 00:00:00 UTC,804,161,258576000,3.1305555555555555
2015-02-19 00:00:00 UTC,804,158,258576000,1.5598611111111111
2015-02-19 00:00:00 UTC,-476,-639,701006138,6.4073611111111113
2015-02-19 00:00:00 UTC,-476,-638,701006138,1.8155555555555556
2015-02-19 00:00:00 UTC,-220,1591,540004100,7.8947222222222226
2015-02-19 00:00:00 UTC,-220,1594,540004100,0.34319444444444447
2015-02-19 00:00:00 UTC,-220,-126,224094520,1.0595833333333333
2015-02-19 00:00:00 UTC,-220,129,659322000,7.2887500000000012
2015-02-19 00:00:00 UTC,-220,-892,224051350,1.7522222222222221
2015-02-19 00:00:00 UTC,-220,-890,224051350,1.1809722222222223
2015-02-19 00:00:00 UTC,-220,-117,224438000,1.1652777777777779
2015-02-19 00:00:00 UTC,-220,-118,224438000,0.5280555555555555
2015-02-19 00:00:00 UTC,-220,-116,224438000,0.20694444444444443
2015-02-19 00:00:00 UTC,37,1489,431679000,2.9002777777777777
2015-02-19 00:00:00 UTC,37,-1320,353490000,3.8944444444444444
2015-02-19 00:00:00 UTC,37,1497,432487000,1.8444444444444446
2015-02-19 00:00:00 UTC,37,-1360,432890000,0.41805555555555557
2015-02-19 00:00:00 UTC,37,-1361,432890000,1.4213888888888888
2015-02-19 00:00:00 UTC,37,-1464,440920000,0.91888888888888887
2015-02-19 00:00:00 UTC,37,-1465,440792000,3.0744444444444445
2015-02-19 00:00:00 UTC,37,-1350,431329000,1.0390277777777777
2015-02-19 00:00:00 UTC,37,1488,432438000,9.3470833333333321
2015-02-19 00:00:00 UTC,37,1718,412371197,3.879027777777778
2015-02-19 00:00:00 UTC,37,1720,412371198,3.8804166666666671
2015-02-19 00:00:00 UTC,293,1221,412437605,0.90333333333333332
2015-02-19 00:00:00 UTC,549,131,219424000,2.2609722222222222
2015-02-19 00:00:00 UTC,549,130,219424000,0.95597222222222233
2015-02-19 00:00:00 UTC,549,134,219424000,2.996666666666667
2015-02-19 00:00:00 UTC,549,129,219424000,0.35583333333333333
2015-02-19 00:00:00 UTC,549,-549,316010000,3.0041666666666664
2015-02-19 00:00:00 UTC,549,1517,273567010,7.0734722222222226
2015-02-19 00:00:00 UTC,549,101,219002157,1.4569444444444444
2015-02-19 00:00:00 UTC,549,-1651,368371000,8.3943055555555564
2015-02-19 00:00:00 UTC,549,130,219012671,2.7873611111111112
2015-02-19 00:00:00 UTC,549,129,219012671,1.72375
2015-02-19 00:00:00 UTC,549,131,219012671,1.2429166666666667
2015-02-19 00:00:00 UTC,549,135,219012671,2.1086111111111108
2015-02-19 00:00:00 UTC,549,80,244157000,1.6763888888888889
2015-02-19 00:00:00 UTC,549,80,245341000,4.3093055555555555
2015-02-19 00:00:00 UTC,549,-1649,367008590,3.5775
2015-02-19 00:00:00 UTC,549,-1650,367008590,4.107222222222223
2015-02-19 00:00:00 UTC,549,-1653,338673000,0.31388888888888888
2015-02-19 00:00:00 UTC,549,62,235007860,5.1552777777777781
2015-02-19 00:00:00 UTC,549,61,235007860,0.85152777777777777
2015-02-19 00:00:00 UTC,549,141,266053000,3.1541666666666668
2015-02-19 00:00:00 UTC,549,-176,224463000,0.87375
2015-02-19 00:00:00 UTC,549,-175,224463000,3.0651388888888889
2015-02-19 00:00:00 UTC,549,-1646,367509670,1.493611111111111
2015-02-19 00:00:00 UTC,549,1542,273849000,7.8475
2015-02-19 00:00:00 UTC,549,101,220046000,0.62222222222222223
2015-02-19 00:00:00 UTC,549,100,220046000,2.3944444444444439
2015-02-19 00:00:00 UTC,549,-1607,366236350,4.07
2015-02-19 00:00:00 UTC,549,133,219015103,1.4156944444444441
2015-02-19 00:00:00 UTC,549,136,219015103,0.91
2015-02-19 00:00:00 UTC,549,135,219015103,0.34541666666666665
2015-02-19 00:00:00 UTC,549,134,219015103,1.3484722222222223
2015-02-19 00:00:00 UTC,549,132,219015103,1.3900000000000001
2015-02-19 00:00:00 UTC,549,130,219015103,1.8540277777777781
2015-02-19 00:00:00 UTC,549,131,219015103,1.1895833333333332
2015-02-19 00:00:00 UTC,549,101,219012302,0.23194444444444445
2015-02-19 00:00:00 UTC,549,102,219012302,0.24722222222222223
2015-02-19 00:00:00 UTC,549,-1652,367618000,3.4541666666666666
2015-02-19 00:00:00 UTC,549,-1652,367082710,3.2972222222222225
2015-02-19 00:00:00 UTC,549,132,266348000,2.8997222222222221
2015-02-19 00:00:00 UTC,549,133,266348000,1.5402777777777779
2015-02-19 00:00:00 UTC,549,131,266348000,5.4363888888888887
2015-02-19 00:00:00 UTC,549,134,266348000,0.80180555555555566
2015-02-19 00:00:00 UTC,549,136,266348000,0.23208333333333334
2015-02-19 00:00:00 UTC,549,135,266348000,1.0544444444444445
2015-02-19 00:00:00 UTC,549,143,275009000,18.619444444444444
2015-02-19 00:00:00 UTC,549,-1650,369515000,3.1277777777777778
2015-02-19 00:00:00 UTC,549,137,220043000,0.83736111111111111
2015-02-19 00:00:00 UTC,549,129,220043000,5.7048611111111107
2015-02-19 00:00:00 UTC,549,135,220043000,0.21611111111111111
2015-02-19 00:00:00 UTC,549,130,220043000,1.9005555555555556
2015-02-19 00:00:00 UTC,549,136,220043000,1.0415277777777778
2015-02-19 00:00:00 UTC,549,132,220043000,2.9366666666666665
2015-02-19 00:00:00 UTC,549,138,220043000,3.754027777777778
2015-02-19 00:00:00 UTC,-219,1591,540004100,5.2119444444444447
2015-02-19 00:00:00 UTC,-219,-126,224094520,1.3944444444444444
2015-02-19 00:00:00 UTC,-219,-127,224094520,0.64291666666666658
2015-02-19 00:00:00 UTC,-219,1632,540003400,0.77527777777777773
2015-02-19 00:00:00 UTC,-219,129,659322000,3.4091666666666667
2015-02-19 00:00:00 UTC,-219,-890,224051350,1.3038888888888889
2015-02-19 00:00:00 UTC,38,-1720,412331027,1.7883333333333331
2015-02-19 00:00:00 UTC,38,-1721,412331027,4.2458333333333336
2015-02-19 00:00:00 UTC,38,-1322,353490000,2.3416666666666668
2015-02-19 00:00:00 UTC,38,-1320,353490000,0.44305555555555554
2015-02-19 00:00:00 UTC,38,-1321,353490000,4.3405555555555546
2015-02-19 00:00:00 UTC,38,-1467,440944000,17.448194444444447
2015-02-19 00:00:00 UTC,38,1495,432410000,3.1484722222222219
2015-02-19 00:00:00 UTC,38,-1360,432890000,4.708333333333333
2015-02-19 00:00:00 UTC,38,1707,338394000,7.9370833333333337
2015-02-19 00:00:00 UTC,38,-1533,440780000,5.8122222222222222
2015-02-19 00:00:00 UTC,38,-1534,440780000,6.627361111111111
2015-02-19 00:00:00 UTC,294,1221,412436492,2.0391666666666666
2015-02-19 00:00:00 UTC,294,1221,412405329,2.8119444444444448
2015-02-19 00:00:00 UTC,294,1220,412436314,1.2504166666666667
2015-02-19 00:00:00 UTC,294,1221,412437926,3.0363888888888888
2015-02-19 00:00:00 UTC,294,1225,412437196,1.6458333333333335
2015-02-19 00:00:00 UTC,294,1219,412436689,0.18777777777777777
2015-02-19 00:00:00 UTC,294,1221,412436986,1.67875
2015-02-19 00:00:00 UTC,550,133,219424000,1.2093055555555554
2015-02-19 00:00:00 UTC,550,141,266048000,5.2280555555555557
2015-02-19 00:00:00 UTC,550,138,266048000,3.8769444444444447
2015-02-19 00:00:00 UTC,550,137,266048000,0.30652777777777779
2015-02-19 00:00:00 UTC,550,-1604,338085121,3.6484722222222223
2015-02-19 00:00:00 UTC,550,-103,224069130,6.8236111111111111
2015-02-19 00:00:00 UTC,550,-1649,367098380,5.26125
2015-02-19 00:00:00 UTC,550,1518,273567010,3.8058333333333336
2015-02-19 00:00:00 UTC,550,1517,273567010,5.2697222222222226
2015-02-19 00:00:00 UTC,550,100,219002157,21.953055555555551
2015-02-19 00:00:00 UTC,550,80,244157000,12.560138888888888
2015-02-19 00:00:00 UTC,550,81,244157000,2.6622222222222223
2015-02-19 00:00:00 UTC,550,81,245341000,0.36652777777777779
2015-02-19 00:00:00 UTC,550,80,245341000,4.9795833333333333
2015-02-19 00:00:00 UTC,550,-1649,367008590,12.49041666666667
2015-02-19 00:00:00 UTC,550,-1648,367008590,3.5363888888888888
2015-02-19 00:00:00 UTC,550,-1650,367008590,0.33166666666666667
2015-02-19 00:00:00 UTC,550,82,245458000,9.0095833333333335
2015-02-19 00:00:00 UTC,550,81,245458000,0.57388888888888889
2015-02-19 00:00:00 UTC,550,-14,235063378,0.96361111111111108
2015-02-19 00:00:00 UTC,550,-12,235031151,1.4720833333333332
2015-02-19 00:00:00 UTC,550,80,244038000,4.2447222222222223
2015-02-19 00:00:00 UTC,550,62,235007860,7.4690277777777778
2015-02-19 00:00:00 UTC,550,141,266053000,1.4855555555555555
2015-02-19 00:00:00 UTC,550,142,266053000,1.3599999999999999
2015-02-19 00:00:00 UTC,550,62,245999000,13.382222222222222
2015-02-19 00:00:00 UTC,550,1543,273849000,8.6866666666666674
2015-02-19 00:00:00 UTC,550,1542,273849000,7.5290277777777774
2015-02-19 00:00:00 UTC,550,99,220046000,3.1415277777777781
2015-02-19 00:00:00 UTC,550,100,220046000,3.0990277777777782
2015-02-19 00:00:00 UTC,550,135,219015103,3.6170833333333334
2015-02-19 00:00:00 UTC,550,-1644,366705860,0.33055555555555549
2015-02-19 00:00:00 UTC,550,-1645,366705860,0.5344444444444445
2015-02-19 00:00:00 UTC,550,-1646,366705860,0.47680555555555554
2015-02-19 00:00:00 UTC,550,-1643,366705860,0.513888888888889
2015-02-19 00:00:00 UTC,550,101,219012302,0.20569444444444446
2015-02-19 00:00:00 UTC,550,137,266305000,1.1233333333333335
2015-02-19 00:00:00 UTC,550,138,266305000,4.420694444444444
2015-02-19 00:00:00 UTC,550,136,266305000,1.3043055555555556
2015-02-19 00:00:00 UTC,550,-13,232004846,0.20694444444444443
2015-02-19 00:00:00 UTC,550,-12,232004846,1.7327777777777778
2015-02-19 00:00:00 UTC,550,63,246155000,1.1491666666666667
2015-02-19 00:00:00 UTC,550,136,220043000,3.516805555555556
2015-02-19 00:00:00 UTC,550,135,220043000,0.1973611111111111
2015-02-19 00:00:00 UTC,806,297,231053000,1.4943055555555556
2015-02-19 00:00:00 UTC,806,288,231053000,2.3097222222222222
2015-02-19 00:00:00 UTC,806,296,231053000,0.78180555555555553
2015-02-19 00:00:00 UTC,806,299,231053000,2.3431944444444444
2015-02-19 00:00:00 UTC,806,292,231053000,1.5415277777777778
2015-02-19 00:00:00 UTC,806,286,231053000,1.5611111111111111
2015-02-19 00:00:00 UTC,806,291,231053000,3.0806944444444446
2015-02-19 00:00:00 UTC,806,289,231053000,3.1208333333333336
2015-02-19 00:00:00 UTC,-218,1590,540004100,3.5554166666666669
2015-02-19 00:00:00 UTC,-218,1591,540004100,0.70180555555555557
2015-02-19 00:00:00 UTC,-218,-126,224094520,1.2348611111111112
2015-02-19 00:00:00 UTC,-218,1633,540003400,0.66250000000000009
2015-02-19 00:00:00 UTC,-218,-892,224051350,1.725138888888889
2015-02-19 00:00:00 UTC,-218,-891,224051350,3.66125
2015-02-19 00:00:00 UTC,39,-1719,412331027,4.0173611111111107
2015-02-19 00:00:00 UTC,39,-1718,412331027,5.7730555555555565
2015-02-19 00:00:00 UTC,39,-1722,412331027,6.2076388888888889
2015-02-19 00:00:00 UTC,39,-1721,412331027,1.8965277777777776
2015-02-19 00:00:00 UTC,39,-1321,353490000,2.7831944444444443
2015-02-19 00:00:00 UTC,39,1495,432487000,11.059722222222222
2015-02-19 00:00:00 UTC,39,1495,432410000,6.37138888888889
2015-02-19 00:00:00 UTC,39,-1359,432890000,1.0543055555555556
2015-02-19 00:00:00 UTC,39,-1360,432890000,0.11486111111111111
2015-02-19 00:00:00 UTC,39,-1607,412985000,0.92416666666666658
2015-02-19 00:00:00 UTC,39,-1605,412985000,5.3701388888888886
2015-02-19 00:00:00 UTC,39,-1606,412985000,1.2573611111111112
2015-02-19 00:00:00 UTC,39,-1465,440920000,4.0066666666666668
2015-02-19 00:00:00 UTC,39,1495,431671000,6.0318055555555556
2015-02-19 00:00:00 UTC,39,1496,431671000,1.8918055555555555
2015-02-19 00:00:00 UTC,295,1220,412437049,0.21180555555555555
2015-02-19 00:00:00 UTC,295,1222,200009532,3.6008333333333331
2015-02-19 00:00:00 UTC,295,1215,412439373,0.4125
2015-02-19 00:00:00 UTC,295,1221,412405329,2.2177777777777776
2015-02-19 00:00:00 UTC,295,1226,412436837,3.5086111111111111
2015-02-19 00:00:00 UTC,295,1226,412437605,5.6175
2015-02-19 00:00:00 UTC,295,1225,412437356,1.0709722222222222
2015-02-19 00:00:00 UTC,295,1226,412435053,18.935833333333335
2015-02-19 00:00:00 UTC,295,1222,412511878,5.3638888888888889
2015-02-19 00:00:00 UTC,295,1225,412435847,6.6202777777777788
2015-02-19 00:00:00 UTC,295,1221,412437926,2.2945833333333332
2015-02-19 00:00:00 UTC,295,1226,412436399,5.2122222222222216
2015-02-19 00:00:00 UTC,295,1226,412437196,7.9788888888888891
2015-02-19 00:00:00 UTC,295,1225,412437196,2.70875
2015-02-19 00:00:00 UTC,295,1221,412436195,2.7611111111111115
2015-02-19 00:00:00 UTC,295,1222,412422891,4.0131944444444443
2015-02-19 00:00:00 UTC,295,1219,412436464,2.8986111111111108
2015-02-19 00:00:00 UTC,295,1221,412436986,1.0091666666666668
2015-02-19 00:00:00 UTC,295,1219,412436986,1.152222222222222
2015-02-19 00:00:00 UTC,551,134,219424000,1.9288888888888893
2015-02-19 00:00:00 UTC,551,136,266048000,1.1083333333333334
2015-02-19 00:00:00 UTC,551,137,266048000,1.06625
2015-02-19 00:00:00 UTC,551,-101,224069130,9.69611111111111
2015-02-19 00:00:00 UTC,551,-547,316010000,0.73736111111111113
2015-02-19 00:00:00 UTC,551,1514,273567010,5.5569444444444445
2015-02-19 00:00:00 UTC,551,1515,273567010,1.5958333333333332
2015-02-19 00:00:00 UTC,551,79,244157000,3.395
2015-02-19 00:00:00 UTC,551,78,244157000,0.96819444444444458
2015-02-19 00:00:00 UTC,551,-13,235001680,1.7570833333333336
2015-02-19 00:00:00 UTC,551,-12,235001680,0.47444444444444445
2015-02-19 00:00:00 UTC,551,-12,235031151,1.9472222222222222
2015-02-19 00:00:00 UTC,551,79,244038000,1.6429166666666668
2015-02-19 00:00:00 UTC,551,80,244038000,9.275555555555556
2015-02-19 00:00:00 UTC,551,144,266053000,5.1404166666666669
2015-02-19 00:00:00 UTC,551,143,266053000,3.5611111111111113
2015-02-19 00:00:00 UTC,551,142,266053000,1.2627777777777778
2015-02-19 00:00:00 UTC,551,-1642,366705860,6.4570833333333333
2015-02-19 00:00:00 UTC,551,-1643,367147230,7.6222222222222236
2015-02-19 00:00:00 UTC,551,-1644,367147230,3.3859722222222217
2015-02-19 00:00:00 UTC,551,137,266305000,4.1849999999999987
2015-02-19 00:00:00 UTC,551,136,266305000,1.6333333333333333
2015-02-19 00:00:00 UTC,551,142,266305000,3.7405555555555554
2015-02-19 00:00:00 UTC,551,-12,232004846,2.1330555555555555
2015-02-19 00:00:00 UTC,551,-13,232004846,2.5377777777777779
2015-02-19 00:00:00 UTC,551,64,246155000,1.0581944444444444
2015-02-19 00:00:00 UTC,807,290,231053000,3.090416666666667
2015-02-19 00:00:00 UTC,807,296,231053000,0.85416666666666674
2015-02-19 00:00:00 UTC,807,295,231053000,1.5334722222222221
2015-02-19 00:00:00 UTC,807,291,231053000,1.5470833333333334
2015-02-19 00:00:00 UTC,-217,-126,224094520,1.2568055555555557
2015-02-19 00:00:00 UTC,-217,-129,224094520,0.37375
2015-02-19 00:00:00 UTC,-217,-130,224094520,0.11972222222222223
2015-02-19 00:00:00 UTC,-217,1633,540003400,0.675
2015-02-19 00:00:00 UTC,40,-19,627038000,8.6019444444444453
2015-02-19 00:00:00 UTC,40,-18,627038000,3.9984722222222224
2015-02-19 00:00:00 UTC,40,-1359,432890000,2.7008333333333336
2015-02-19 00:00:00 UTC,40,1706,338394000,3.6927777777777777
2015-02-19 00:00:00 UTC,40,-1262,440612000,0.69166666666666665
2015-02-19 00:00:00 UTC,296,1226,412435968,6.7284722222222229
2015-02-19 00:00:00 UTC,296,1226,412436994,2.4980555555555557
2015-02-19 00:00:00 UTC,296,1226,412435974,8.6966666666666654
2015-02-19 00:00:00 UTC,296,1225,412435719,11.562083333333334
2015-02-19 00:00:00 UTC,296,1220,412437262,2.1005555555555553
2015-02-19 00:00:00 UTC,296,1228,412088088,5.0130555555555558
2015-02-19 00:00:00 UTC,296,1227,412088088,3.1987499999999995
2015-02-19 00:00:00 UTC,296,1226,412435231,12.37013888888889
2015-02-19 00:00:00 UTC,296,1225,412435231,1.8716666666666668
2015-02-19 00:00:00 UTC,296,1225,412435234,3.4245833333333331
2015-02-19 00:00:00 UTC,296,1226,412436787,13.210694444444444
2015-02-19 00:00:00 UTC,296,1226,412437046,5.0005555555555556
2015-02-19 00:00:00 UTC,296,1226,412436288,4.3734722222222224
2015-02-19 00:00:00 UTC,296,1226,412437312,5.1670833333333333
2015-02-19 00:00:00 UTC,296,1227,412422212,2.7354166666666666
2015-02-19 00:00:00 UTC,296,1226,412412232,9.1809722222222234
2015-02-19 00:00:00 UTC,296,1226,412436562,9.1252777777777787
2015-02-19 00:00:00 UTC,296,1226,412436563,7.4681944444444435
2015-02-19 00:00:00 UTC,296,1226,412436837,6.5643055555555563
2015-02-19 00:00:00 UTC,296,1225,412437605,1.3130555555555554
2015-02-19 00:00:00 UTC,296,1226,412437605,12.71361111111111
2015-02-19 00:00:00 UTC,296,1226,412436842,12.270138888888891
2015-02-19 00:00:00 UTC,296,1223,412423019,0.73333333333333328
2015-02-19 00:00:00 UTC,296,1226,412437356,2.4936111111111106
2015-02-19 00:00:00 UTC,296,1226,412435053,6.6584722222222235
2015-02-19 00:00:00 UTC,296,1226,412436849,15.453333333333333
2015-02-19 00:00:00 UTC,296,1225,412435847,9.2327777777777786
2015-02-19 00:00:00 UTC,296,1227,412422301,3.3772222222222221
2015-02-19 00:00:00 UTC,296,1228,412422301,3.8579166666666667
2015-02-19 00:00:00 UTC,296,1226,412437161,2.9181944444444445
2015-02-19 00:00:00 UTC,296,1226,412436399,4.4577777777777774
2015-02-19 00:00:00 UTC,296,1226,412437196,11.478611111111114
2015-02-19 00:00:00 UTC,296,1223,412422626,0.52069444444444435
2015-02-19 00:00:00 UTC,296,1226,412437243,21.425555555555555
2015-02-19 00:00:00 UTC,296,1226,412412415,4.6965277777777779
2015-02-19 00:00:00 UTC,552,136,266048000,1.1790277777777778
2015-02-19 00:00:00 UTC,552,135,266048000,2.7612499999999995
2015-02-19 00:00:00 UTC,552,134,266048000,1.9731944444444445
2015-02-19 00:00:00 UTC,552,-101,224069130,2.7387500000000005
2015-02-19 00:00:00 UTC,552,-557,316010000,1.4890277777777778
2015-02-19 00:00:00 UTC,552,-556,316010000,2.7741666666666669
2015-02-19 00:00:00 UTC,552,-555,316010000,3.8563888888888891
2015-02-19 00:00:00 UTC,552,79,244157000,0.2275
2015-02-19 00:00:00 UTC,552,-12,235001680,1.9395833333333334
2015-02-19 00:00:00 UTC,552,-13,235001680,0.9869444444444444
2015-02-19 00:00:00 UTC,552,-12,235031151,1.78875
2015-02-19 00:00:00 UTC,552,-13,235031151,0.23597222222222219
2015-02-19 00:00:00 UTC,552,79,244038000,4.9223611111111127
2015-02-19 00:00:00 UTC,552,143,266053000,1.6709722222222223
2015-02-19 00:00:00 UTC,552,-1642,303546000,10.145555555555553
2015-02-19 00:00:00 UTC,552,-1641,303546000,7.0034722222222214
2015-02-19 00:00:00 UTC,552,-1640,303546000,1.1563888888888889
2015-02-19 00:00:00 UTC,552,-556,316067000,16.095833333333331
2015-02-19 00:00:00 UTC,552,183,275191000,2.3423611111111109
2015-02-19 00:00:00 UTC,552,-1644,367147230,12.196249999999997
2015-02-19 00:00:00 UTC,552,136,266305000,1.2958333333333334
2015-02-19 00:00:00 UTC,552,143,266305000,0.52305555555555561
2015-02-19 00:00:00 UTC,552,135,266305000,1.2111111111111112
2015-02-19 00:00:00 UTC,552,-1640,367197950,12.283055555555553
2015-02-19 00:00:00 UTC,552,-1641,367197950,2.0319444444444446
2015-02-19 00:00:00 UTC,-472,-608,412440151,10.875694444444443
2015-02-19 00:00:00 UTC,-472,-609,412440151,0.77527777777777773
2015-02-19 00:00:00 UTC,-472,-609,224369000,3.0816666666666666
2015-02-19 00:00:00 UTC,-472,-608,412329463,4.3680555555555554
2015-02-19 00:00:00 UTC,-216,-128,224094520,3.3380555555555556
2015-02-19 00:00:00 UTC,-216,-126,224094520,0.33055555555555555
2015-02-19 00:00:00 UTC,-216,-134,224094520,2.065
2015-02-19 00:00:00 UTC,-216,-127,224094520,1.35875
2015-02-19 00:00:00 UTC,-216,-131,224094520,1.0361111111111112
2015-02-19 00:00:00 UTC,-216,-132,224094520,3.9655555555555555
2015-02-19 00:00:00 UTC,-216,-892,224051350,3.6138888888888889
2015-02-19 00:00:00 UTC,41,-1263,440612000,0.3651388888888889
2015-02-19 00:00:00 UTC,41,-1262,440612000,0.41680555555555554
2015-02-19 00:00:00 UTC,41,-1519,440641000,0.85638888888888887
2015-02-19 00:00:00 UTC,41,85,613995000,3.5025
2015-02-19 00:00:00 UTC,41,84,613995000,22.797083333333333
2015-02-19 00:00:00 UTC,297,1226,412435968,12.680694444444445
2015-02-19 00:00:00 UTC,297,1226,412436994,9.5905555555555573
2015-02-19 00:00:00 UTC,297,1303,431005188,1.3088888888888888
2015-02-19 00:00:00 UTC,297,1304,431005188,1.1043055555555554
2015-02-19 00:00:00 UTC,297,1226,412435974,12.898194444444446
2015-02-19 00:00:00 UTC,297,1225,412435719,11.075416666666667
2015-02-19 00:00:00 UTC,297,1228,412088088,4.79763888888889
2015-02-19 00:00:00 UTC,297,1227,412088088,8.4561111111111131
2015-02-19 00:00:00 UTC,297,1227,412423455,0.79125
2015-02-19 00:00:00 UTC,297,1226,412435231,4.4772222222222222
2015-02-19 00:00:00 UTC,297,1226,412435234,17.042916666666667
2015-02-19 00:00:00 UTC,297,1225,412435234,0.78305555555555562
2015-02-19 00:00:00 UTC,297,1226,412436787,6.5744444444444445
2015-02-19 00:00:00 UTC,297,1226,412437046,9.499305555555555
2015-02-19 00:00:00 UTC,297,1227,412423227,6.6706944444444449
2015-02-19 00:00:00 UTC,297,1226,412436288,10.965972222222222
2015-02-19 00:00:00 UTC,297,1227,412437312,0.31652777777777774
2015-02-19 00:00:00 UTC,297,1226,412437312,14.07125
2015-02-19 00:00:00 UTC,297,1227,412422212,9.4869444444444451
2015-02-19 00:00:00 UTC,297,1228,412422212,17.704722222222223
2015-02-19 00:00:00 UTC,297,1226,412412232,8.0118055555555561
2015-02-19 00:00:00 UTC,297,1226,412436562,9.09388888888889
2015-02-19 00:00:00 UTC,297,1226,412436563,12.840833333333331
2015-02-19 00:00:00 UTC,297,1227,412422494,6.0790277777777781
2015-02-19 00:00:00 UTC,297,1226,412436837,14.136388888888888
2015-02-19 00:00:00 UTC,297,1226,412437605,1.0898611111111112
2015-02-19 00:00:00 UTC,297,1226,412412264,23.392361111111114
2015-02-19 00:00:00 UTC,297,1226,412436842,10.262638888888892
2015-02-19 00:00:00 UTC,297,1227,412423019,0.27861111111111109
2015-02-19 00:00:00 UTC,297,1226,412437356,3.28
2015-02-19 00:00:00 UTC,297,1226,412436849,8.9216666666666651
2015-02-19 00:00:00 UTC,297,1227,412422522,2.4138888888888888
2015-02-19 00:00:00 UTC,297,1226,412437885,9.8027777777777789
2015-02-19 00:00:00 UTC,297,1226,412412549,4.8008333333333333
2015-02-19 00:00:00 UTC,297,1225,412435847,6.625694444444445
2015-02-19 00:00:00 UTC,297,1227,412422301,8.3129166666666663
2015-02-19 00:00:00 UTC,297,1228,412422301,5.5454166666666662
2015-02-19 00:00:00 UTC,297,1226,412437161,18.933194444444446
2015-02-19 00:00:00 UTC,297,1226,412436399,13.712777777777779
2015-02-19 00:00:00 UTC,297,1227,412423602,8.6425
2015-02-19 00:00:00 UTC,297,1227,412422323,4.4168055555555563
2015-02-19 00:00:00 UTC,297,1227,412423097,2.9269444444444446
2015-02-19 00:00:00 UTC,297,1227,412420554,0.7877777777777778
2015-02-19 00:00:00 UTC,297,1226,412437196,1.1251388888888889
2015-02-19 00:00:00 UTC,297,1220,412423392,5.6324999999999994
2015-02-19 00:00:00 UTC,297,1226,412435195,15.558194444444446
2015-02-19 00:00:00 UTC,297,1226,412437243,2.9937500000000004
2015-02-19 00:00:00 UTC,297,1226,412412415,12.811527777777778
2015-02-19 00:00:00 UTC,553,-558,316010000,8.15388888888889
2015-02-19 00:00:00 UTC,553,-1647,366431000,3.65
2015-02-19 00:00:00 UTC,553,-1635,368583000,6.6954166666666675
2015-02-19 00:00:00 UTC,553,181,275164000,9.63736111111111
2015-02-19 00:00:00 UTC,553,182,275164000,1.2495833333333333
2015-02-19 00:00:00 UTC,553,109,219004275,3.1518055555555549
2015-02-19 00:00:00 UTC,553,143,266053000,6.2095833333333337
2015-02-19 00:00:00 UTC,553,-1642,303546000,0.46972222222222221
2015-02-19 00:00:00 UTC,553,-556,316067000,0.16416666666666668
2015-02-19 00:00:00 UTC,553,-558,316067000,9.1922222222222221
2015-02-19 00:00:00 UTC,553,-557,316067000,2.9323611111111112
2015-02-19 00:00:00 UTC,553,109,219007944,5.3855555555555545
2015-02-19 00:00:00 UTC,553,110,219007944,0.48069444444444442
2015-02-19 00:00:00 UTC,553,183,275191000,9.3272222222222219
2015-02-19 00:00:00 UTC,553,62,244577000,0.62388888888888894
2015-02-19 00:00:00 UTC,553,64,244577000,1.159861111111111
2015-02-19 00:00:00 UTC,553,63,244577000,0.6151388888888889
2015-02-19 00:00:00 UTC,553,61,244577000,0.41902777777777778
2015-02-19 00:00:00 UTC,553,60,244577000,0.72347222222222218
2015-02-19 00:00:00 UTC,553,-1641,367197950,9.5226388888888884
2015-02-19 00:00:00 UTC,553,-1640,367197950,2.2562500000000005
2015-02-19 00:00:00 UTC,-471,-609,412331036,4.1694444444444443
2015-02-19 00:00:00 UTC,-471,-609,740372000,1.0597222222222222
2015-02-19 00:00:00 UTC,-471,-609,441309000,9.0065277777777766
2015-02-19 00:00:00 UTC,-471,-608,441309000,1.5595833333333333
2015-02-19 00:00:00 UTC,-471,-609,412301150,12.376111111111111
2015-02-19 00:00:00 UTC,-471,-609,224369000,16.412916666666668
2015-02-19 00:00:00 UTC,-471,-609,412217993,0.36097222222222225
2015-02-19 00:00:00 UTC,-471,-609,412329656,0.41541666666666666
2015-02-19 00:00:00 UTC,-471,-609,412329687,1.2833333333333334
2015-02-19 00:00:00 UTC,-471,-609,412329694,0.70805555555555566
2015-02-19 00:00:00 UTC,-471,-608,412209146,7.8988888888888891
2015-02-19 00:00:00 UTC,-215,1604,540010800,1.5358333333333336
2015-02-19 00:00:00 UTC,-215,1603,540010800,0.17069444444444443
2015-02-19 00:00:00 UTC,-215,-132,224094520,1.4152777777777779
2015-02-19 00:00:00 UTC,-215,-134,224094520,1.7618055555555556
2015-02-19 00:00:00 UTC,-215,1599,540001900,1.534861111111111
2015-02-19 00:00:00 UTC,42,-1370,440733000,6.5872222222222225
2015-02-19 00:00:00 UTC,42,-1369,440733000,5.7943055555555558
2015-02-19 00:00:00 UTC,42,-1345,440656000,5.8158333333333339
2015-02-19 00:00:00 UTC,42,-1350,440656000,11.640277777777779
2015-02-19 00:00:00 UTC,42,-1344,440656000,5.8184722222222227
2015-02-19 00:00:00 UTC,42,-1359,432890000,2.7884722222222225
2015-02-19 00:00:00 UTC,42,-1348,440986000,1.2097222222222221
2015-02-19 00:00:00 UTC,42,-1346,440986000,1.0015277777777778
2015-02-19 00:00:00 UTC,42,-1349,440986000,3.0652777777777778
2015-02-19 00:00:00 UTC,42,-1265,440612000,0.91125000000000012
2015-02-19 00:00:00 UTC,42,-1263,440612000,0.68458333333333343
2015-02-19 00:00:00 UTC,42,-1268,440612000,3.0861111111111112
2015-02-19 00:00:00 UTC,42,-1264,440612000,0.57375
2015-02-19 00:00:00 UTC,42,-1266,440612000,1.3890277777777778
2015-02-19 00:00:00 UTC,42,638,416793000,10.307361111111112
2015-02-19 00:00:00 UTC,42,-1309,440045000,3.0751388888888891
2015-02-19 00:00:00 UTC,42,-1519,440641000,4.6930555555555546
2015-02-19 00:00:00 UTC,298,1226,412436994,10.10847222222222
2015-02-19 00:00:00 UTC,298,1309,431005188,2.1745833333333335
2015-02-19 00:00:00 UTC,298,1308,431005188,0.75416666666666665
2015-02-19 00:00:00 UTC,298,1307,431005188,1.6208333333333331
2015-02-19 00:00:00 UTC,298,1226,412435974,5.87375
2015-02-19 00:00:00 UTC,298,1227,412088088,1.2106944444444445
2015-02-19 00:00:00 UTC,298,1227,412423455,13.858472222222222
2015-02-19 00:00:00 UTC,298,1226,412435231,5.3397222222222229
2015-02-19 00:00:00 UTC,298,1226,412435234,3.5831944444444437
2015-02-19 00:00:00 UTC,298,1226,412436787,5.2279166666666672
2015-02-19 00:00:00 UTC,298,1227,412420411,13.89444444444444
2015-02-19 00:00:00 UTC,298,1227,412423227,9.225138888888889
2015-02-19 00:00:00 UTC,298,1226,412423227,1.5483333333333333
2015-02-19 00:00:00 UTC,298,1226,412436288,7.2184722222222231
2015-02-19 00:00:00 UTC,298,1226,412437312,5.825
2015-02-19 00:00:00 UTC,298,1227,412424513,9.3211111111111116
2015-02-19 00:00:00 UTC,298,1226,412412232,6.0076388888888888
2015-02-19 00:00:00 UTC,298,1227,412422482,10.578055555555554
2015-02-19 00:00:00 UTC,298,1226,412436562,6.3672222222222219
2015-02-19 00:00:00 UTC,298,1226,412436563,3.7769444444444438
2015-02-19 00:00:00 UTC,298,1227,412422494,7.2529166666666649
2015-02-19 00:00:00 UTC,298,1226,412436842,1.6445833333333335
2015-02-19 00:00:00 UTC,298,1227,412423019,0.22888888888888889
2015-02-19 00:00:00 UTC,298,1226,412423019,6.1154166666666665
2015-02-19 00:00:00 UTC,298,1226,412437356,2.7668055555555555
2015-02-19 00:00:00 UTC,298,1227,412422516,4.495972222222222
2015-02-19 00:00:00 UTC,298,1227,412422522,12.564722222222223
2015-02-19 00:00:00 UTC,298,1226,412437885,13.08763888888889
2015-02-19 00:00:00 UTC,298,1226,412412549,8.1375
2015-02-19 00:00:00 UTC,298,1227,412422301,2.0084722222222222
2015-02-19 00:00:00 UTC,298,1227,412421544,0.4498611111111111
2015-02-19 00:00:00 UTC,298,1226,412437161,3.6633333333333336
2015-02-19 00:00:00 UTC,298,1227,412423602,13.505833333333332
2015-02-19 00:00:00 UTC,298,1227,412422323,15.35708333333333
2015-02-19 00:00:00 UTC,298,1227,412423097,9.3593055555555562
2015-02-19 00:00:00 UTC,298,1227,412420554,12.899166666666668
2015-02-19 00:00:00 UTC,298,1227,412422348,10.303055555555556
2015-02-19 00:00:00 UTC,298,1227,412423379,14.13375
2015-02-19 00:00:00 UTC,298,1227,412422631,17.192361111111111
2015-02-19 00:00:00 UTC,298,1226,412435195,11.271944444444445
2015-02-19 00:00:00 UTC,298,1226,412412415,5.5551388888888882
2015-02-19 00:00:00 UTC,554,62,245738000,5.92986111111111
2015-02-19 00:00:00 UTC,554,63,245738000,6.3586111111111112
2015-02-19 00:00:00 UTC,554,64,245738000,0.82930555555555552
2015-02-19 00:00:00 UTC,554,107,219001624,0.22111111111111112
2015-02-19 00:00:00 UTC,554,108,219001624,2.39125
2015-02-19 00:00:00 UTC,554,-1640,369524000,2.1479166666666667
2015-02-19 00:00:00 UTC,554,60,245310000,9.0331944444444439
2015-02-19 00:00:00 UTC,554,-1636,368583000,8.0519444444444463
2015-02-19 00:00:00 UTC,554,-1635,368583000,3.4461111111111111
2015-02-19 00:00:00 UTC,554,109,219004275,6.3277777777777775
2015-02-19 00:00:00 UTC,554,108,219004275,0.22777777777777777
2015-02-19 00:00:00 UTC,554,-56,235004039,0.21111111111111111
2015-02-19 00:00:00 UTC,554,-55,235004039,11.926250000000001
2015-02-19 00:00:00 UTC,554,-98,227909000,1.8784722222222223
2015-02-19 00:00:00 UTC,554,-99,227909000,1.9249999999999998
2015-02-19 00:00:00 UTC,554,-55,234999177,4.2238888888888884
2015-02-19 00:00:00 UTC,554,-56,234999177,0.83944444444444444
2015-02-19 00:00:00 UTC,554,-55,235000476,1.6730555555555555
2015-02-19 00:00:00 UTC,554,108,219002047,2.7120833333333332
2015-02-19 00:00:00 UTC,554,109,219002047,5.3284722222222225
2015-02-19 00:00:00 UTC,554,109,219007944,1.6905555555555556
2015-02-19 00:00:00 UTC,554,108,219009229,2.5508333333333333
2015-02-19 00:00:00 UTC,554,109,219009229,7.4947222222222223
2015-02-19 00:00:00 UTC,554,63,244577000,23.273194444444446
2015-02-19 00:00:00 UTC,554,64,244577000,0.32361111111111113
2015-02-19 00:00:00 UTC,554,62,235021304,0.30861111111111111
2015-02-19 00:00:00 UTC,554,63,235021304,0.47263888888888894
2015-02-19 00:00:00 UTC,-470,-608,440288000,12.752777777777778
2015-02-19 00:00:00 UTC,-470,-609,740372000,4.3540277777777776
2015-02-19 00:00:00 UTC,-470,-609,412439588,12.397083333333333
2015-02-19 00:00:00 UTC,-470,-609,441769000,8.0397222222222222
2015-02-19 00:00:00 UTC,-470,-608,441769000,2.0845833333333337
2015-02-19 00:00:00 UTC,-470,-609,412439599,11.625
2015-02-19 00:00:00 UTC,-470,-609,412331055,7.3215277777777779
2015-02-19 00:00:00 UTC,-470,-608,416862000,4.5084722222222222
2015-02-19 00:00:00 UTC,-470,-609,416862000,7.91111111111111
2015-02-19 00:00:00 UTC,-470,-608,412439601,1.5569444444444445
2015-02-19 00:00:00 UTC,-470,-609,412439601,6.340694444444444
2015-02-19 00:00:00 UTC,-470,-606,441309000,6.3354166666666663
2015-02-19 00:00:00 UTC,-470,-609,740338000,6.77361111111111
2015-02-19 00:00:00 UTC,-470,-609,412440155,7.112222222222222
2015-02-19 00:00:00 UTC,-470,-609,412301150,10.869166666666667
2015-02-19 00:00:00 UTC,-470,-608,224369000,6.0361111111111114
2015-02-19 00:00:00 UTC,-470,-609,416004729,8.6580555555555563
2015-02-19 00:00:00 UTC,-470,-609,416037500,4.8294444444444444
2015-02-19 00:00:00 UTC,-470,-609,412217992,7.9861111111111107
2015-02-19 00:00:00 UTC,-470,-608,412217992,1.9586111111111111
2015-02-19 00:00:00 UTC,-470,-609,412217993,11.024583333333334
2015-02-19 00:00:00 UTC,-470,-609,412329654,2.1748611111111114
2015-02-19 00:00:00 UTC,-470,-608,412329656,3.78625
2015-02-19 00:00:00 UTC,-470,-609,412329656,1.7622222222222224
2015-02-19 00:00:00 UTC,-470,-609,412420799,8.62263888888889
2015-02-19 00:00:00 UTC,-470,-609,412329686,5.2431944444444447
2015-02-19 00:00:00 UTC,-470,-608,412329686,0.59555555555555562
2015-02-19 00:00:00 UTC,-470,-608,412329688,1.1773611111111111
2015-02-19 00:00:00 UTC,-470,-609,412329688,5.7975
2015-02-19 00:00:00 UTC,-470,-608,412329689,0.8666666666666667
2015-02-19 00:00:00 UTC,-470,-609,412329689,5.5154166666666669
2015-02-19 00:00:00 UTC,-470,-609,412329691,2.6266666666666669
2015-02-19 00:00:00 UTC,-470,-609,412329692,5.893472222222222
2015-02-19 00:00:00 UTC,-470,-608,412329692,0.43583333333333335
2015-02-19 00:00:00 UTC,-470,-608,412329693,0.47111111111111115
2015-02-19 00:00:00 UTC,-470,-609,412329693,7.0845833333333328
2015-02-19 00:00:00 UTC,-470,-608,412329694,1.2394444444444446
2015-02-19 00:00:00 UTC,-470,-609,412329694,2.3098611111111111
2015-02-19 00:00:00 UTC,-470,-609,412329462,7.4541666666666657
2015-02-19 00:00:00 UTC,-214,1603,540010800,2.7034722222222221
2015-02-19 00:00:00 UTC,-214,1597,540001900,3.5301388888888887
2015-02-19 00:00:00 UTC,-214,1599,540001900,7.5263888888888868
2015-02-19 00:00:00 UTC,-214,1598,540001900,2.6722222222222225
2015-02-19 00:00:00 UTC,-214,1596,540001900,2.1294444444444443
2015-02-19 00:00:00 UTC,43,-1720,412331033,5.8625
2015-02-19 00:00:00 UTC,43,-1358,432890000,0.91347222222222224
2015-02-19 00:00:00 UTC,43,-1342,440986000,0.7548611111111112
2015-02-19 00:00:00 UTC,43,-1344,440986000,2.1181944444444447
2015-02-19 00:00:00 UTC,43,-1343,440986000,3.8684722222222221
2015-02-19 00:00:00 UTC,43,-1341,440986000,0.64194444444444443
2015-02-19 00:00:00 UTC,43,-1340,440986000,2.7055555555555553
2015-02-19 00:00:00 UTC,43,-1345,440986000,2.6905555555555556
2015-02-19 00:00:00 UTC,43,-1346,440986000,1.6856944444444446
2015-02-19 00:00:00 UTC,43,-1347,440986000,3.3323611111111111
2015-02-19 00:00:00 UTC,43,-1276,440900000,6.5027777777777782
2015-02-19 00:00:00 UTC,43,-1279,440900000,5.8305555555555557
2015-02-19 00:00:00 UTC,43,-1269,441825000,5.8402777777777777
2015-02-19 00:00:00 UTC,43,-1267,441825000,6.5112499999999995
2015-02-19 00:00:00 UTC,43,-1275,440246000,2.7498611111111111
2015-02-19 00:00:00 UTC,43,-1277,440246000,3.1208333333333336
2015-02-19 00:00:00 UTC,299,1226,412436994,0.899861111111111
2015-02-19 00:00:00 UTC,299,1309,431005188,3.066527777777778
2015-02-19 00:00:00 UTC,299,1227,412422159,5.2927777777777774
2015-02-19 00:00:00 UTC,299,1227,412423455,3.5602777777777779
2015-02-19 00:00:00 UTC,299,1227,412420411,9.031944444444445
2015-02-19 00:00:00 UTC,299,1227,412423227,4.8547222222222217
2015-02-19 00:00:00 UTC,299,1227,412424513,14.4425
2015-02-19 00:00:00 UTC,299,1223,412439373,0.095416666666666664
2015-02-19 00:00:00 UTC,299,1227,412422482,12.269444444444444
2015-02-19 00:00:00 UTC,299,1227,412422494,3.5198611111111107
2015-02-19 00:00:00 UTC,299,1227,412422516,19.150694444444447
2015-02-19 00:00:00 UTC,299,1227,412422522,9.2554166666666671
2015-02-19 00:00:00 UTC,299,1226,412412549,1.1519444444444444
2015-02-19 00:00:00 UTC,299,1227,412423065,6.6022222222222222
2015-02-19 00:00:00 UTC,299,1227,412423602,1.6568055555555556
2015-02-19 00:00:00 UTC,299,1227,412422323,2.7612500000000004
2015-02-19 00:00:00 UTC,299,1227,412423097,11.265
2015-02-19 00:00:00 UTC,299,1227,412420554,10.355277777777776
2015-02-19 00:00:00 UTC,299,1227,412422348,8.42013888888889
2015-02-19 00:00:00 UTC,299,1227,412423379,9.8913888888888852
2015-02-19 00:00:00 UTC,299,1227,412422631,4.0326388888888882
2015-02-19 00:00:00 UTC,555,64,245738000,0.83458333333333334
2015-02-19 00:00:00 UTC,555,62,245738000,1.9858333333333336
2015-02-19 00:00:00 UTC,555,65,245738000,0.43041666666666667
2015-02-19 00:00:00 UTC,555,108,219001624,1.9566666666666663
2015-02-19 00:00:00 UTC,555,-1641,369524000,3.3018055555555557
2015-02-19 00:00:00 UTC,555,-1640,369524000,7.4223611111111119
2015-02-19 00:00:00 UTC,555,-1639,369524000,5.2583333333333329
2015-02-19 00:00:00 UTC,555,60,245310000,1.5195833333333333
2015-02-19 00:00:00 UTC,555,-12,235019072,6.8281944444444438
2015-02-19 00:00:00 UTC,555,-1635,368583000,4.459722222222223
2015-02-19 00:00:00 UTC,555,-1636,368583000,0.49194444444444446
2015-02-19 00:00:00 UTC,555,108,219004275,1.9090277777777778
2015-02-19 00:00:00 UTC,555,-1632,366480000,0.4506944444444444
2015-02-19 00:00:00 UTC,555,-55,235004039,2.963888888888889
2015-02-19 00:00:00 UTC,555,-97,227909000,5.2125
2015-02-19 00:00:00 UTC,555,-55,234999177,1.700277777777778
2015-02-19 00:00:00 UTC,555,-50,232003730,0.21388888888888891
2015-02-19 00:00:00 UTC,555,-49,232003730,0.21541666666666665
2015-02-19 00:00:00 UTC,555,-55,235000476,1.77625
2015-02-19 00:00:00 UTC,555,-54,235000476,3.2111111111111112
2015-02-19 00:00:00 UTC,555,-84,235007390,2.7430555555555558
2015-02-19 00:00:00 UTC,555,-85,235007390,0.83694444444444449
2015-02-19 00:00:00 UTC,555,65,246009000,0.21777777777777779
2015-02-19 00:00:00 UTC,555,-50,235001029,0.44291666666666663
2015-02-19 00:00:00 UTC,555,-51,235001029,6.7629166666666674
2015-02-19 00:00:00 UTC,555,108,219009229,1.5116666666666667
2015-02-19 00:00:00 UTC,555,-14,235102162,0.89444444444444449
2015-02-19 00:00:00 UTC,555,63,244577000,0.63180555555555551
2015-02-19 00:00:00 UTC,555,-50,235006963,0.62486111111111109
2015-02-19 00:00:00 UTC,555,-51,235006963,3.9984722222222224
2015-02-19 00:00:00 UTC,-469,-608,440288000,2.3390277777777779
2015-02-19 00:00:00 UTC,-469,-607,441769000,2.6240277777777781
2015-02-19 00:00:00 UTC,-469,-608,441769000,4.0455555555555556
2015-02-19 00:00:00 UTC,-469,-608,740338000,3.5544444444444445
2015-02-19 00:00:00 UTC,-469,-609,740338000,2.4373611111111111
2015-02-19 00:00:00 UTC,-469,-607,224369000,4.1845833333333333
2015-02-19 00:00:00 UTC,-469,-647,701006450,4.3427777777777772
2015-02-19 00:00:00 UTC,-469,-606,412329685,9.3730555555555579
2015-02-19 00:00:00 UTC,-469,-608,412329686,5.361527777777777
2015-02-19 00:00:00 UTC,-469,-607,412329688,0.2779166666666667
2015-02-19 00:00:00 UTC,-469,-608,412329688,3.0820833333333337
2015-02-19 00:00:00 UTC,-469,-607,412329689,0.34319444444444447
2015-02-19 00:00:00 UTC,-469,-608,412329689,4.4763888888888888
2015-02-19 00:00:00 UTC,-469,-607,412329691,3.4222222222222225
2015-02-19 00:00:00 UTC,-469,-606,412329691,4.6265277777777776
2015-02-19 00:00:00 UTC,-469,-608,412329691,5.58763888888889
2015-02-19 00:00:00 UTC,-469,-608,412329692,0.53736111111111118
2015-02-19 00:00:00 UTC,-469,-608,412329693,2.4069444444444446
2015-02-19 00:00:00 UTC,-469,-607,412329693,0.52374999999999994
2015-02-19 00:00:00 UTC,-469,-608,412329694,9.7231944444444469
2015-02-19 00:00:00 UTC,-469,-607,412329694,1.6888888888888887
2015-02-19 00:00:00 UTC,-469,-608,416241900,5.3695833333333329
2015-02-19 00:00:00 UTC,-469,-609,441142000,6.475138888888889
2015-02-19 00:00:00 UTC,-213,1602,540010800,4.2848611111111108
2015-02-19 00:00:00 UTC,-213,1600,540010800,5.9681944444444444
2015-02-19 00:00:00 UTC,-213,1597,540001900,3.1781944444444439
2015-02-19 00:00:00 UTC,-213,1595,540001900,0.49555555555555553
2015-02-19 00:00:00 UTC,-213,1596,540001900,3.0498611111111114
2015-02-19 00:00:00 UTC,-213,-903,224619000,0.89861111111111114
2015-02-19 00:00:00 UTC,44,-1716,412331033,4.3418055555555561
2015-02-19 00:00:00 UTC,44,-1720,412331033,0.56680555555555556
2015-02-19 00:00:00 UTC,44,-1718,412331033,1.6002777777777779
2015-02-19 00:00:00 UTC,44,-1719,412331033,1.3499999999999999
2015-02-19 00:00:00 UTC,44,-1717,412331033,1.1205555555555555
2015-02-19 00:00:00 UTC,44,-1325,440788000,5.8279166666666669
2015-02-19 00:00:00 UTC,44,-1323,440788000,5.7901388888888885
2015-02-19 00:00:00 UTC,44,-1278,440933000,3.0886111111111112
2015-02-19 00:00:00 UTC,44,-1273,440933000,0.57097222222222221
2015-02-19 00:00:00 UTC,44,-1283,440933000,3.1073611111111115
2015-02-19 00:00:00 UTC,44,-1274,440933000,1.4208333333333336
2015-02-19 00:00:00 UTC,44,-1276,440933000,1.3958333333333335
2015-02-19 00:00:00 UTC,44,-1358,432890000,1.5877777777777777
2015-02-19 00:00:00 UTC,44,-1276,440900000,11.712777777777777
2015-02-19 00:00:00 UTC,44,-1321,440782000,0.72458333333333313
2015-02-19 00:00:00 UTC,44,-1327,440782000,3.1125
2015-02-19 00:00:00 UTC,44,-1323,440782000,1.1084722222222223
2015-02-19 00:00:00 UTC,44,-1322,440782000,0.56944444444444442
2015-02-19 00:00:00 UTC,44,-1325,440782000,1.3804166666666666
2015-02-19 00:00:00 UTC,44,-1310,440045000,1.6820833333333334
2015-02-19 00:00:00 UTC,44,1739,538060016,4.365277777777778
2015-02-19 00:00:00 UTC,44,1738,538060016,0.4540277777777777
2015-02-19 00:00:00 UTC,44,1741,538060016,2.97361111111111
2015-02-19 00:00:00 UTC,300,1309,431005188,3.2793055555555553
2015-02-19 00:00:00 UTC,556,62,245738000,8.723749999999999
2015-02-19 00:00:00 UTC,556,-1628,367411730,3.9508333333333336
2015-02-19 00:00:00 UTC,556,-1640,369524000,5.9081944444444447
2015-02-19 00:00:00 UTC,556,65,246068000,10.468888888888889
2015-02-19 00:00:00 UTC,556,60,245310000,0.9276388888888889
2015-02-19 00:00:00 UTC,556,-18,235103342,2.8308333333333335
2015-02-19 00:00:00 UTC,556,-54,235002743,3.232361111111111
2015-02-19 00:00:00 UTC,556,-55,235002743,2.3
2015-02-19 00:00:00 UTC,556,-1629,366480000,0.16527777777777777
2015-02-19 00:00:00 UTC,556,-1634,366480000,0.94680555555555557
2015-02-19 00:00:00 UTC,556,-1632,366480000,1.9890277777777776
2015-02-19 00:00:00 UTC,556,-1633,366480000,11.885972222222223
2015-02-19 00:00:00 UTC,556,-1630,366480000,0.52736111111111106
2015-02-19 00:00:00 UTC,556,-96,227909000,10.667222222222222
2015-02-19 00:00:00 UTC,556,-49,232003730,0.85833333333333328
2015-02-19 00:00:00 UTC,556,-50,232003730,4.0279166666666661
2015-02-19 00:00:00 UTC,556,-51,232003730,1.2683333333333331
2015-02-19 00:00:00 UTC,556,-59,235089043,3.8584722222222223
2015-02-19 00:00:00 UTC,556,-55,235001497,2.8934722222222224
2015-02-19 00:00:00 UTC,556,-83,235007390,7.4276388888888887
2015-02-19 00:00:00 UTC,556,-84,235007390,9.1330555555555559
2015-02-19 00:00:00 UTC,556,61,235005350,16.754166666666666
2015-02-19 00:00:00 UTC,556,65,246009000,7.3938888888888892
2015-02-19 00:00:00 UTC,556,-51,235001029,2.1426388888888885
2015-02-19 00:00:00 UTC,556,-52,235001029,1.2530555555555556
2015-02-19 00:00:00 UTC,556,-17,235078372,1.015
2015-02-19 00:00:00 UTC,556,-18,235078372,3.0852777777777778
2015-02-19 00:00:00 UTC,556,-59,235085294,4.9986111111111118
2015-02-19 00:00:00 UTC,556,-51,235006963,2.5006944444444441
2015-02-19 00:00:00 UTC,556,-52,235006963,1.4341666666666666
2015-02-19 00:00:00 UTC,556,-50,235006963,0.21250000000000002
2015-02-19 00:00:00 UTC,-468,-607,441769000,6.0240277777777784
2015-02-19 00:00:00 UTC,-468,-609,412331053,4.4998611111111115
2015-02-19 00:00:00 UTC,-468,-610,412331053,1.55125
2015-02-19 00:00:00 UTC,-468,-608,740338000,1.3958333333333335
2015-02-19 00:00:00 UTC,-468,-607,740338000,1.3443055555555556
2015-02-19 00:00:00 UTC,-468,-606,740338000,7.8431944444444444
2015-02-19 00:00:00 UTC,-468,-648,701006450,1.743611111111111
2015-02-19 00:00:00 UTC,-468,-647,701006450,10.530972222222223
2015-02-19 00:00:00 UTC,-468,-604,440528000,0.76208333333333333
2015-02-19 00:00:00 UTC,-468,-606,740356000,0.052500000000000005
2015-02-19 00:00:00 UTC,-468,-607,740356000,5.3627777777777768
2015-02-19 00:00:00 UTC,-468,-609,416174500,9.56763888888889
2015-02-19 00:00:00 UTC,-468,-608,416004775,2.9243055555555557
2015-02-19 00:00:00 UTC,-468,509,635225000,1.4172222222222222
2015-02-19 00:00:00 UTC,-468,-608,416312000,1.9305555555555556
2015-02-19 00:00:00 UTC,-468,-607,416004564,2.4916666666666667
2015-02-19 00:00:00 UTC,-468,-605,412329685,3.4762500000000003
2015-02-19 00:00:00 UTC,-468,-606,412329685,5.1604166666666673
2015-02-19 00:00:00 UTC,-468,-605,412329686,3.7472222222222222
2015-02-19 00:00:00 UTC,-468,-607,412329686,2.9961111111111109
2015-02-19 00:00:00 UTC,-468,-608,412329686,0.47027777777777779
2015-02-19 00:00:00 UTC,-468,-607,412329688,2.9109722222222225
2015-02-19 00:00:00 UTC,-468,-607,412329689,7.9348611111111111
2015-02-19 00:00:00 UTC,-468,-607,412329691,5.4345833333333333
2015-02-19 00:00:00 UTC,-468,-606,412329692,1.2044444444444444
2015-02-19 00:00:00 UTC,-468,-607,412329692,2.588888888888889
2015-02-19 00:00:00 UTC,-468,-607,412329693,1.7498611111111111
2015-02-19 00:00:00 UTC,-468,-607,412329694,7.2798611111111118
2015-02-19 00:00:00 UTC,-468,-608,412329694,1.5484722222222222
2015-02-19 00:00:00 UTC,-212,1596,540010800,6.5422222222222217
2015-02-19 00:00:00 UTC,-212,-903,224619000,0.35263888888888889
2015-02-19 00:00:00 UTC,-212,-904,224619000,1.0875
2015-02-19 00:00:00 UTC,45,-1325,440788000,5.8276388888888881
2015-02-19 00:00:00 UTC,45,-1326,440788000,6.6073611111111106
2015-02-19 00:00:00 UTC,45,-1281,440933000,3.3094444444444449
2015-02-19 00:00:00 UTC,45,-1274,440933000,0.29597222222222219
2015-02-19 00:00:00 UTC,45,-1283,440933000,1.3997222222222221
2015-02-19 00:00:00 UTC,45,-1275,440933000,0.88319444444444462
2015-02-19 00:00:00 UTC,45,-1276,440933000,0.14430555555555558
2015-02-19 00:00:00 UTC,45,-1358,432890000,1.8543055555555557
2015-02-19 00:00:00 UTC,45,-1327,440782000,1.4529166666666666
2015-02-19 00:00:00 UTC,45,-1324,440782000,2.8638888888888889
2015-02-19 00:00:00 UTC,45,-1326,440782000,1.1956944444444444
2015-02-19 00:00:00 UTC,45,-1328,440782000,4.712361111111111
2015-02-19 00:00:00 UTC,45,-1325,440782000,1.6459722222222224
2015-02-19 00:00:00 UTC,45,-1321,440782000,1.7779166666666668
2015-02-19 00:00:00 UTC,45,-1313,440045000,1.2193055555555554
2015-02-19 00:00:00 UTC,45,-1520,440641000,3.53625
2015-02-19 00:00:00 UTC,45,-1280,440246000,5.0806944444444451
2015-02-19 00:00:00 UTC,45,-1281,440246000,5.80263888888889
2015-02-19 00:00:00 UTC,45,-1275,440246000,2.3181944444444444
2015-02-19 00:00:00 UTC,301,1229,412421741,1.8391666666666666
2015-02-19 00:00:00 UTC,301,1218,412437731,3.5822222222222222
2015-02-19 00:00:00 UTC,301,1219,412437731,1.0854166666666667
2015-02-19 00:00:00 UTC,557,-49,235066887,4.7759722222222223
2015-02-19 00:00:00 UTC,557,62,245738000,1.1630555555555557
2015-02-19 00:00:00 UTC,557,-1628,367411730,12.213333333333333
2015-02-19 00:00:00 UTC,557,-1629,367411730,1.7094444444444445
2015-02-19 00:00:00 UTC,557,-55,235002743,0.82305555555555565
2015-02-19 00:00:00 UTC,557,-54,235002743,3.825277777777778
2015-02-19 00:00:00 UTC,557,-1634,366480000,0.29416666666666663
2015-02-19 00:00:00 UTC,557,-1633,366480000,0.40069444444444446
2015-02-19 00:00:00 UTC,557,-1630,366480000,6.0115277777777782
2015-02-19 00:00:00 UTC,557,-51,232003730,2.1120833333333335
2015-02-19 00:00:00 UTC,557,-59,235089043,2.3708333333333331
2015-02-19 00:00:00 UTC,557,-1624,367408020,3.0306944444444444
2015-02-19 00:00:00 UTC,557,-54,235001497,5.8390277777777788
2015-02-19 00:00:00 UTC,557,-55,235001497,2.0556944444444447
2015-02-19 00:00:00 UTC,557,-84,235007390,2.5101388888888891
2015-02-19 00:00:00 UTC,557,-83,235007390,0.35402777777777777
2015-02-19 00:00:00 UTC,557,64,235005350,6.4286111111111106
2015-02-19 00:00:00 UTC,557,-18,235078372,0.9506944444444444
2015-02-19 00:00:00 UTC,557,-58,235085294,3.9744444444444449
2015-02-19 00:00:00 UTC,557,-59,235085294,2.0490277777777774
2015-02-19 00:00:00 UTC,557,-52,235006963,0.42055555555555557
2015-02-19 00:00:00 UTC,557,-53,235006963,1.23875
2015-02-19 00:00:00 UTC,557,1487,273450230,0.78763888888888889
2015-02-19 00:00:00 UTC,557,1486,273450230,1.2445833333333334
2015-02-19 00:00:00 UTC,-467,-605,740372000,4.1561111111111106
2015-02-19 00:00:00 UTC,-467,-606,740372000,3.8468055555555556
2015-02-19 00:00:00 UTC,-467,-607,412439587,6.3304166666666664
2015-02-19 00:00:00 UTC,-467,-606,412439587,6.0530555555555559
2015-02-19 00:00:00 UTC,-467,-609,416240700,12.426527777777778
2015-02-19 00:00:00 UTC,-467,-607,416242500,4.1876388888888885
2015-02-19 00:00:00 UTC,-467,-647,701006450,4.5234722222222219
2015-02-19 00:00:00 UTC,-467,-648,701006450,0.7729166666666667
2015-02-19 00:00:00 UTC,-467,-608,416137600,7.9390277777777776
2015-02-19 00:00:00 UTC,-467,-607,416137600,4.5077777777777772
2015-02-19 00:00:00 UTC,-467,-606,440528000,6.365555555555555
2015-02-19 00:00:00 UTC,-467,-604,440528000,6.0680555555555555
2015-02-19 00:00:00 UTC,-467,-607,740356000,0.16111111111111109
2015-02-19 00:00:00 UTC,-467,-606,740356000,11.030694444444444
2015-02-19 00:00:00 UTC,-467,-607,416018900,13.17763888888889
2015-02-19 00:00:00 UTC,-467,-605,412329685,5.0830555555555561
2015-02-19 00:00:00 UTC,-467,-604,412329685,3.3554166666666667
2015-02-19 00:00:00 UTC,-467,-606,412329687,6.6473611111111115
2015-02-19 00:00:00 UTC,-467,-605,412329688,7.9666666666666668
2015-02-19 00:00:00 UTC,-467,-606,412329689,4.5209722222222224
2015-02-19 00:00:00 UTC,-467,-606,412329692,4.1788888888888884
2015-02-19 00:00:00 UTC,-211,-904,224619000,0.98875
2015-02-19 00:00:00 UTC,46,-17,627817000,8.6098611111111119
2015-02-19 00:00:00 UTC,46,-1323,440807000,6.6045833333333333
2015-02-19 00:00:00 UTC,46,-1312,440934000,3.0729166666666665
2015-02-19 00:00:00 UTC,46,-1433,441680000,5.8391666666666664
2015-02-19 00:00:00 UTC,46,-1281,440933000,0.846111111111111
2015-02-19 00:00:00 UTC,46,-1277,440933000,1.4555555555555555
2015-02-19 00:00:00 UTC,46,-1278,440933000,2.7848611111111112
2015-02-19 00:00:00 UTC,46,-1282,440933000,1.4568055555555557
2015-02-19 00:00:00 UTC,46,-1283,440933000,1.8402777777777779
2015-02-19 00:00:00 UTC,46,-1276,440933000,0.59055555555555572
2015-02-19 00:00:00 UTC,46,-1358,432890000,0.87125
2015-02-19 00:00:00 UTC,46,-1359,432890000,3.0758333333333332
2015-02-19 00:00:00 UTC,46,-1322,440782000,3.1819444444444445
2015-02-19 00:00:00 UTC,46,-1317,440045000,0.8651388888888889
2015-02-19 00:00:00 UTC,46,-1322,440045000,2.7094444444444443
2015-02-19 00:00:00 UTC,46,-1324,440045000,1.96
2015-02-19 00:00:00 UTC,46,-1327,440045000,4.3059722222222225
2015-02-19 00:00:00 UTC,46,-1325,440045000,1.59875
2015-02-19 00:00:00 UTC,46,-1326,440045000,1.3913888888888888
2015-02-19 00:00:00 UTC,46,-1316,440045000,0.52347222222222223
2015-02-19 00:00:00 UTC,46,-1313,440045000,0.31638888888888894
2015-02-19 00:00:00 UTC,46,-1315,440045000,0.79166666666666652
2015-02-19 00:00:00 UTC,46,-1314,440045000,0.55041666666666667
2015-02-19 00:00:00 UTC,46,-1319,440045000,0.825138888888889
2015-02-19 00:00:00 UTC,46,-1521,440641000,0.91847222222222213
2015-02-19 00:00:00 UTC,46,-1275,440246000,3.8376388888888893
2015-02-19 00:00:00 UTC,302,1229,412422689,7.9729166666666691
2015-02-19 00:00:00 UTC,302,1229,412422691,7.2030555555555544
2015-02-19 00:00:00 UTC,302,1229,412420679,5.7148611111111114
2015-02-19 00:00:00 UTC,302,1229,412422519,6.483194444444444
2015-02-19 00:00:00 UTC,302,1229,412422564,6.6409722222222225
2015-02-19 00:00:00 UTC,302,1229,412422871,6.9144444444444444
2015-02-19 00:00:00 UTC,302,1219,412437731,1.6666666666666665
2015-02-19 00:00:00 UTC,302,1220,412437731,1.2919444444444443
2015-02-19 00:00:00 UTC,558,-49,235066887,2.0070833333333331
2015-02-19 00:00:00 UTC,558,-50,235066887,2.5898611111111114
2015-02-19 00:00:00 UTC,558,-1629,367411730,0.60236111111111112
2015-02-19 00:00:00 UTC,558,-1628,367411730,4.1166666666666663
2015-02-19 00:00:00 UTC,558,-17,232003860,4.55125
2015-02-19 00:00:00 UTC,558,127,219005719,1.8666666666666667
2015-02-19 00:00:00 UTC,558,-94,228106800,15.909861111111111
2015-02-19 00:00:00 UTC,558,-62,234013000,1.2919444444444443
2015-02-19 00:00:00 UTC,558,1490,273561700,1.5866666666666667
2015-02-19 00:00:00 UTC,558,1489,273561700,1.5281944444444444
2015-02-19 00:00:00 UTC,558,-19,235082365,1.4077777777777778
2015-02-19 00:00:00 UTC,558,-18,235082365,1.0894444444444444
2015-02-19 00:00:00 UTC,558,-1624,367408020,9.77652777777778
2015-02-19 00:00:00 UTC,558,-84,235007390,1.473611111111111
2015-02-19 00:00:00 UTC,558,63,235005350,2.2566666666666668
2015-02-19 00:00:00 UTC,558,64,235005350,6.4911111111111115
2015-02-19 00:00:00 UTC,558,1487,273450230,10.85125
2015-02-19 00:00:00 UTC,-466,-609,412371205,4.1947222222222225
2015-02-19 00:00:00 UTC,-466,-607,416171800,12.414027777777777
2015-02-19 00:00:00 UTC,-466,-606,412331036,2.16125
2015-02-19 00:00:00 UTC,-466,-606,412420659,13.184027777777779
2015-02-19 00:00:00 UTC,-466,-620,701000765,2.2756944444444445
2015-02-19 00:00:00 UTC,-466,-607,416242500,7.2861111111111114
2015-02-19 00:00:00 UTC,-466,-605,440528000,4.4877777777777776
2015-02-19 00:00:00 UTC,-466,-605,740356000,1.6152777777777778
2015-02-19 00:00:00 UTC,-466,512,635225000,4.6638888888888879
2015-02-19 00:00:00 UTC,-466,-606,412329693,4.1601388888888895
2015-02-19 00:00:00 UTC,-210,428,440089000,6.4777777777777779
2015-02-19 00:00:00 UTC,-210,1624,540010700,2.1429166666666668
2015-02-19 00:00:00 UTC,-210,-904,224619000,0.42458333333333337
2015-02-19 00:00:00 UTC,-210,-905,224619000,0.68361111111111106
2015-02-19 00:00:00 UTC,47,-16,627817000,8.7906944444444441
2015-02-19 00:00:00 UTC,47,-1312,440934000,1.2097222222222221
2015-02-19 00:00:00 UTC,47,-1433,441680000,6.5583333333333336
2015-02-19 00:00:00 UTC,47,-1319,440045000,2.0569444444444445
2015-02-19 00:00:00 UTC,47,-1520,440641000,0.40277777777777773
2015-02-19 00:00:00 UTC,47,-1521,440641000,0.68763888888888891
2015-02-19 00:00:00 UTC,47,-1282,441014000,11.616944444444444
2015-02-19 00:00:00 UTC,47,1491,431670000,4.9111111111111114
2015-02-19 00:00:00 UTC,303,1229,412422689,5.9366666666666683
2015-02-19 00:00:00 UTC,303,1228,412422689,0.84930555555555554
2015-02-19 00:00:00 UTC,303,1228,412422691,0.57166666666666666
2015-02-19 00:00:00 UTC,303,1229,412422691,9.88416666666667
2015-02-19 00:00:00 UTC,303,1229,412420679,12.128055555555557
2015-02-19 00:00:00 UTC,303,1229,412422519,16.798333333333328
2015-02-19 00:00:00 UTC,303,1229,412422564,10.087083333333334
2015-02-19 00:00:00 UTC,303,1228,412422564,0.29972222222222222
2015-02-19 00:00:00 UTC,303,1228,412421544,2.335833333333333
2015-02-19 00:00:00 UTC,303,1229,412422871,10.087083333333332
2015-02-19 00:00:00 UTC,559,118,219003138,0.27055555555555555
2015-02-19 00:00:00 UTC,559,1489,273561700,3.7595833333333335
2015-02-19 00:00:00 UTC,559,-1675,303430000,0.19472222222222221
2015-02-19 00:00:00 UTC,559,-1671,303430000,0.53319444444444453
2015-02-19 00:00:00 UTC,559,-1665,303430000,3.1444444444444448
2015-02-19 00:00:00 UTC,559,-1673,303430000,0.47180555555555548
2015-02-19 00:00:00 UTC,559,-1672,303430000,0.55180555555555555
2015-02-19 00:00:00 UTC,559,-1674,303430000,0.34305555555555556
2015-02-19 00:00:00 UTC,559,-20,235082365,1.3375
2015-02-19 00:00:00 UTC,559,-19,235082365,0.49680555555555561
2015-02-19 00:00:00 UTC,559,-21,235082365,3.6186111111111114
2015-02-19 00:00:00 UTC,559,-1624,367408020,7.9151388888888885
2015-02-19 00:00:00 UTC,559,64,235005350,0.20944444444444443
2015-02-19 00:00:00 UTC,559,127,219005662,2.2690277777777772
2015-02-19 00:00:00 UTC,559,125,219005662,0.40416666666666667
2015-02-19 00:00:00 UTC,559,126,219005662,0.405
2015-02-19 00:00:00 UTC,-465,-619,701000765,1.1027777777777779
2015-02-19 00:00:00 UTC,-465,-620,701000765,7.7780555555555555
2015-02-19 00:00:00 UTC,-465,-606,515303000,3.5622222222222222
2015-02-19 00:00:00 UTC,-465,-648,701006450,1.8945833333333333
2015-02-19 00:00:00 UTC,-465,-604,740356000,0.85694444444444451
2015-02-19 00:00:00 UTC,-465,-605,740356000,0.51666666666666661
2015-02-19 00:00:00 UTC,-465,-605,412329653,2.7720833333333332
2015-02-19 00:00:00 UTC,-465,-606,412329692,9.3609722222222231
2015-02-19 00:00:00 UTC,-465,-606,412329693,3.9584722222222224
2015-02-19 00:00:00 UTC,-209,-884,224166160,0.35388888888888892
2015-02-19 00:00:00 UTC,-209,-917,224366000,0.33472222222222225
2015-02-19 00:00:00 UTC,-209,1624,540010700,3.7140277777777775
2015-02-19 00:00:00 UTC,-209,-905,224619000,1.4131944444444444
2015-02-19 00:00:00 UTC,48,1490,432487000,3.4997222222222222
2015-02-19 00:00:00 UTC,48,-1313,440934000,1.1279166666666667
2015-02-19 00:00:00 UTC,48,-1318,440934000,0.56513888888888886
2015-02-19 00:00:00 UTC,48,-1326,440934000,1.6081944444444443
2015-02-19 00:00:00 UTC,48,-1325,440934000,1.4904166666666667
2015-02-19 00:00:00 UTC,48,-1324,440934000,2.6140277777777774
2015-02-19 00:00:00 UTC,48,-1319,440934000,0.48055555555555557
2015-02-19 00:00:00 UTC,48,-1327,440934000,3.4794444444444443
2015-02-19 00:00:00 UTC,48,-1316,440934000,0.68333333333333335
2015-02-19 00:00:00 UTC,48,-1315,440934000,0.56694444444444447
2015-02-19 00:00:00 UTC,48,-1314,440934000,0.56916666666666671
2015-02-19 00:00:00 UTC,48,-1317,440934000,0.67486111111111113
2015-02-19 00:00:00 UTC,48,-1323,440934000,3.1016666666666666
2015-02-19 00:00:00 UTC,48,-1321,440731000,0.18625000000000003
2015-02-19 00:00:00 UTC,48,-1322,440731000,0.2
2015-02-19 00:00:00 UTC,48,-1327,440645000,6.6151388888888887
2015-02-19 00:00:00 UTC,48,1499,431866000,1.7673611111111112
2015-02-19 00:00:00 UTC,48,-14,627107000,3.2608333333333333
2015-02-19 00:00:00 UTC,48,-16,627107000,13.728472222222223
2015-02-19 00:00:00 UTC,48,-15,627107000,8.2772222222222211
2015-02-19 00:00:00 UTC,48,1,228280000,3.2552777777777777
2015-02-19 00:00:00 UTC,48,1490,432845000,4.7725000000000009
2015-02-19 00:00:00 UTC,48,-1520,440641000,1.3254166666666667
2015-02-19 00:00:00 UTC,48,-275,441057000,1.6470833333333335
2015-02-19 00:00:00 UTC,48,-276,441057000,3.2197222222222224
2015-02-19 00:00:00 UTC,48,-281,441057000,3.4523611111111112
2015-02-19 00:00:00 UTC,48,-274,441057000,0.7418055555555555
2015-02-19 00:00:00 UTC,48,-1286,441014000,6.5848611111111115
2015-02-19 00:00:00 UTC,48,1490,431670000,6.0368055555555564
2015-02-19 00:00:00 UTC,48,1492,431670000,9.9869444444444451
2015-02-19 00:00:00 UTC,304,1229,412422689,2.23125
2015-02-19 00:00:00 UTC,304,1228,412422689,1.5943055555555554
2015-02-19 00:00:00 UTC,304,1228,412422691,4.8955555555555561
2015-02-19 00:00:00 UTC,304,1229,412420679,2.3802777777777782
2015-02-19 00:00:00 UTC,304,1228,412420679,1.848888888888889
2015-02-19 00:00:00 UTC,304,1221,412370856,7.190555555555556
2015-02-19 00:00:00 UTC,304,1228,412422871,5.1827777777777779
2015-02-19 00:00:00 UTC,304,1229,412422871,1.6820833333333334
2015-02-19 00:00:00 UTC,560,-1624,338250000,5.3281944444444438
2015-02-19 00:00:00 UTC,560,-1675,303430000,0.89708333333333323
2015-02-19 00:00:00 UTC,560,-30,235090038,0.2326388888888889
2015-02-19 00:00:00 UTC,560,-31,235090038,0.21291666666666667
2015-02-19 00:00:00 UTC,560,-22,235082365,2.2836111111111115
2015-02-19 00:00:00 UTC,560,125,265642440,1.9983333333333335
2015-02-19 00:00:00 UTC,560,126,265642440,1.2904166666666668
2015-02-19 00:00:00 UTC,-464,-620,701000765,8.7645833333333343
2015-02-19 00:00:00 UTC,-464,-606,515303000,6.95125
2015-02-19 00:00:00 UTC,-464,-604,740356000,3.7293055555555563
2015-02-19 00:00:00 UTC,-464,-605,412329653,8.5008333333333326
2015-02-19 00:00:00 UTC,-464,-619,701006068,1.2134722222222221
2015-02-19 00:00:00 UTC,-208,-883,224166160,1.0347222222222223
2015-02-19 00:00:00 UTC,-208,-884,224166160,1.8411111111111111
2015-02-19 00:00:00 UTC,-208,1623,540010700,0.57708333333333328
2015-02-19 00:00:00 UTC,-208,-890,224918000,1.036111111111111
2015-02-19 00:00:00 UTC,-208,-891,224918000,1.1452777777777778
2015-02-19 00:00:00 UTC,-208,-905,224619000,1.0340277777777778
2015-02-19 00:00:00 UTC,-208,-900,224619000,0.18305555555555555
2015-02-19 00:00:00 UTC,49,-200,432458000,0.98958333333333337
2015-02-19 00:00:00 UTC,49,-1323,441374000,2.7929166666666667
2015-02-19 00:00:00 UTC,49,-1316,441374000,1.02375
2015-02-19 00:00:00 UTC,49,-1320,441374000,2.8498611111111112
2015-02-19 00:00:00 UTC,49,-1324,441374000,1.4683333333333333
2015-02-19 00:00:00 UTC,49,-1327,441374000,4.6833333333333327
2015-02-19 00:00:00 UTC,49,-1318,441374000,0.840138888888889
2015-02-19 00:00:00 UTC,49,-1326,441374000,1.5193055555555559
2015-02-19 00:00:00 UTC,49,-1317,441374000,1.0015277777777778
2015-02-19 00:00:00 UTC,49,-1314,441374000,3.7199999999999998
2015-02-19 00:00:00 UTC,49,-1319,441374000,0.63055555555555554
2015-02-19 00:00:00 UTC,49,-1325,441374000,1.3969444444444445
2015-02-19 00:00:00 UTC,49,-1319,440934000,2.6351388888888891
2015-02-19 00:00:00 UTC,49,-1322,440731000,0.50569444444444445
2015-02-19 00:00:00 UTC,49,-1327,440731000,1.7208333333333334
2015-02-19 00:00:00 UTC,49,-1325,440731000,2.020833333333333
2015-02-19 00:00:00 UTC,49,-1326,440731000,1.3708333333333333
2015-02-19 00:00:00 UTC,49,-1323,440731000,0.716388888888889
2015-02-19 00:00:00 UTC,49,-1321,440731000,3.1541666666666668
2015-02-19 00:00:00 UTC,49,-1328,440731000,3.7973611111111114
2015-02-19 00:00:00 UTC,49,-1324,440731000,3.9175000000000004
2015-02-19 00:00:00 UTC,49,-1319,441584000,0.08611111111111111
2015-02-19 00:00:00 UTC,49,-1312,441584000,3.0956944444444447
2015-02-19 00:00:00 UTC,49,-1314,441584000,1.2070833333333333
2015-02-19 00:00:00 UTC,49,-1317,441584000,0.69555555555555548
2015-02-19 00:00:00 UTC,49,-1318,441584000,0.7252777777777778
2015-02-19 00:00:00 UTC,49,1496,431866000,4.7527777777777782
2015-02-19 00:00:00 UTC,49,-368,441060000,6.5380555555555553
2015-02-19 00:00:00 UTC,49,-367,441060000,5.8263888888888893
2015-02-19 00:00:00 UTC,49,-1780,412270001,2.1305555555555555
2015-02-19 00:00:00 UTC,49,-1778,412270001,2.765138888888889
2015-02-19 00:00:00 UTC,49,1,228280000,2.7434722222222221
2015-02-19 00:00:00 UTC,49,1491,432845000,11.077777777777778
2015-02-19 00:00:00 UTC,49,1490,432845000,3.1595833333333339
2015-02-19 00:00:00 UTC,49,-1520,440641000,1.9362499999999998
2015-02-19 00:00:00 UTC,49,-274,441057000,0.66486111111111112
2015-02-19 00:00:00 UTC,49,-279,441057000,4.2958333333333334
2015-02-19 00:00:00 UTC,49,-275,441057000,0.29180555555555554
2015-02-19 00:00:00 UTC,49,-272,441057000,3.8875
2015-02-19 00:00:00 UTC,49,-273,441057000,3.8561111111111117
2015-02-19 00:00:00 UTC,49,-276,441057000,1.527638888888889
2015-02-19 00:00:00 UTC,49,-1286,441014000,5.8388888888888895
2015-02-19 00:00:00 UTC,305,1422,432896000,18.408333333333331
2015-02-19 00:00:00 UTC,305,1221,900300126,0.39111111111111108
2015-02-19 00:00:00 UTC,305,-434,416004204,4.1391666666666671
2015-02-19 00:00:00 UTC,305,1230,412427888,0.77527777777777773
2015-02-19 00:00:00 UTC,305,1221,412370856,0.59305555555555545
2015-02-19 00:00:00 UTC,305,1217,412370888,0.3084722222222222
2015-02-19 00:00:00 UTC,561,-1626,338250000,1.4834722222222223
2015-02-19 00:00:00 UTC,561,-1627,338250000,3.7598611111111113
2015-02-19 00:00:00 UTC,561,-1624,338250000,0.97347222222222218
2015-02-19 00:00:00 UTC,561,-1623,338250000,2.2094444444444443
2015-02-19 00:00:00 UTC,561,-1633,338250000,4.55
2015-02-19 00:00:00 UTC,561,-1625,338250000,1.2902777777777779
2015-02-19 00:00:00 UTC,561,-23,232003860,0.33194444444444449
2015-02-19 00:00:00 UTC,561,123,219001149,1.2345833333333334
2015-02-19 00:00:00 UTC,561,-25,235082365,0.21666666666666667
2015-02-19 00:00:00 UTC,561,-24,235082365,1.9802777777777778
2015-02-19 00:00:00 UTC,561,-22,235082365,0.62027777777777771
2015-02-19 00:00:00 UTC,561,-23,235082365,1.4601388888888891
2015-02-19 00:00:00 UTC,561,-1630,366864000,1.5125
2015-02-19 00:00:00 UTC,561,124,265642440,0.63722222222222236
2015-02-19 00:00:00 UTC,561,125,265642440,1.1448611111111113
2015-02-19 00:00:00 UTC,-463,-620,701000755,5.2480555555555561
2015-02-19 00:00:00 UTC,-463,-620,701000765,1.5416666666666665
2015-02-19 00:00:00 UTC,-463,-608,416562000,9.1748611111111114
2015-02-19 00:00:00 UTC,-463,-620,701000531,4.5426388888888889
2015-02-19 00:00:00 UTC,-463,-607,416029800,10.05263888888889
2015-02-19 00:00:00 UTC,-463,-620,701000834,4.3583333333333334
2015-02-19 00:00:00 UTC,-463,-620,701007040,4.4888888888888889
2015-02-19 00:00:00 UTC,-463,-619,701006068,3.277916666666667
2015-02-19 00:00:00 UTC,-207,-884,224166160,1.1859722222222224
2015-02-19 00:00:00 UTC,-207,-917,224366000,0.34291666666666665
2015-02-19 00:00:00 UTC,-207,-914,224366000,4.4416666666666664
2015-02-19 00:00:00 UTC,-207,1622,540010700,8.5541666666666671
2015-02-19 00:00:00 UTC,-207,1623,540010700,1.9059722222222224
2015-02-19 00:00:00 UTC,-207,-891,224918000,0.31333333333333335
2015-02-19 00:00:00 UTC,-207,-901,224619000,1.2079166666666665
2015-02-19 00:00:00 UTC,50,-201,432458000,7.6837500000000007
2015-02-19 00:00:00 UTC,50,-202,432458000,2.44875
2015-02-19 00:00:00 UTC,50,-209,432458000,3.6862500000000002
2015-02-19 00:00:00 UTC,50,-1319,441374000,1.0652777777777778
2015-02-19 00:00:00 UTC,50,-1313,441043000,0.5625
2015-02-19 00:00:00 UTC,50,-1312,441043000,1.1181944444444445
2015-02-19 00:00:00 UTC,50,-518,745004100,4.2680555555555557
2015-02-19 00:00:00 UTC,50,-1321,440731000,0.6791666666666667
2015-02-19 00:00:00 UTC,50,-1325,440731000,0.28194444444444444
2015-02-19 00:00:00 UTC,50,-1320,440731000,1.0290277777777777
2015-02-19 00:00:00 UTC,50,-1320,441584000,1.560972222222222
2015-02-19 00:00:00 UTC,50,-1328,441584000,4.44625
2015-02-19 00:00:00 UTC,50,-1321,441584000,2.6655555555555557
2015-02-19 00:00:00 UTC,50,-1324,441584000,2.7945833333333332
2015-02-19 00:00:00 UTC,50,-1327,441584000,1.3802777777777775
2015-02-19 00:00:00 UTC,50,-1325,441584000,1.5969444444444443
2015-02-19 00:00:00 UTC,50,-1319,441584000,0.44125
2015-02-19 00:00:00 UTC,50,-1326,441584000,1.7465277777777777
2015-02-19 00:00:00 UTC,50,-1428,441680000,11.635694444444445
2015-02-19 00:00:00 UTC,50,1496,431866000,6.71986111111111
2015-02-19 00:00:00 UTC,50,-1781,412270001,0.75027777777777782
2015-02-19 00:00:00 UTC,50,-1785,412270001,1.1479166666666667
2015-02-19 00:00:00 UTC,50,-1783,412270001,0.50430555555555556
2015-02-19 00:00:00 UTC,50,-1778,412270001,5.7504166666666672
2015-02-19 00:00:00 UTC,50,-1779,412270001,2.1551388888888887
2015-02-19 00:00:00 UTC,50,-1784,412270001,1.8533333333333333
2015-02-19 00:00:00 UTC,50,-1780,412270001,2.6719444444444447
2015-02-19 00:00:00 UTC,50,-1782,412270001,0.35708333333333331
2015-02-19 00:00:00 UTC,50,-1777,412270001,2.2694444444444444
2015-02-19 00:00:00 UTC,50,-1521,440641000,3.158611111111111
2015-02-19 00:00:00 UTC,50,-273,441057000,0.6725
2015-02-19 00:00:00 UTC,50,-275,441057000,0.37083333333333335
2015-02-19 00:00:00 UTC,50,-272,441057000,0.25263888888888886
2015-02-19 00:00:00 UTC,50,-274,441057000,0.51083333333333336
2015-02-19 00:00:00 UTC,306,1217,900032008,0.75791666666666657
2015-02-19 00:00:00 UTC,306,1218,900032009,3.6744444444444442
2015-02-19 00:00:00 UTC,306,1221,412370955,1.2998611111111111
2015-02-19 00:00:00 UTC,306,1222,412370965,1.5504166666666666
2015-02-19 00:00:00 UTC,306,1221,412370965,0.533611111111111
2015-02-19 00:00:00 UTC,306,1220,900300126,1.8793055555555556
2015-02-19 00:00:00 UTC,306,-434,416004204,5.9308333333333341
2015-02-19 00:00:00 UTC,306,-438,416004204,3.9854166666666671
2015-02-19 00:00:00 UTC,306,1230,412427888,2.8995833333333332
2015-02-19 00:00:00 UTC,306,1229,412427888,7.0926388888888887
2015-02-19 00:00:00 UTC,306,1221,900300402,0.71583333333333332
2015-02-19 00:00:00 UTC,306,1221,900300406,2.586527777777778
2015-02-19 00:00:00 UTC,306,1229,412428165,0.2747222222222222
2015-02-19 00:00:00 UTC,306,1215,412371117,3.8858333333333328
2015-02-19 00:00:00 UTC,306,1220,900300205,4.3423611111111109
2015-02-19 00:00:00 UTC,306,1221,458888888,6.5520833333333339
2015-02-19 00:00:00 UTC,306,1217,412370888,1.9775
2015-02-19 00:00:00 UTC,306,1221,200002532,1.3895833333333334
2015-02-19 00:00:00 UTC,306,1220,200002532,0.4473611111111111
2015-02-19 00:00:00 UTC,306,1221,900300528,1.0788888888888888
2015-02-19 00:00:00 UTC,562,-1688,367132160,2.519166666666667
2015-02-19 00:00:00 UTC,562,123,219001149,0.82388888888888889
2015-02-19 00:00:00 UTC,562,122,219001149,2.4823611111111106
2015-02-19 00:00:00 UTC,562,-25,235082365,2.1072222222222221
2015-02-19 00:00:00 UTC,562,-24,235082365,1.7794444444444444
2015-02-19 00:00:00 UTC,562,-1707,366433000,0.84069444444444441
2015-02-19 00:00:00 UTC,562,-1708,366433000,1.0984722222222221
2015-02-19 00:00:00 UTC,562,-1709,366433000,0.94430555555555573
2015-02-19 00:00:00 UTC,-462,-659,701006385,12.445694444444445
2015-02-19 00:00:00 UTC,-462,-608,416563000,9.3626388888888883
2015-02-19 00:00:00 UTC,-462,-620,701000531,10.098194444444445
2015-02-19 00:00:00 UTC,-462,-620,701019000,10.7
2015-02-19 00:00:00 UTC,-462,-620,701000834,10.602916666666667
2015-02-19 00:00:00 UTC,-462,-620,701000835,8.8729166666666668
2015-02-19 00:00:00 UTC,-462,-619,701000583,6.3865277777777774
2015-02-19 00:00:00 UTC,-462,-608,740335000,3.18
2015-02-19 00:00:00 UTC,-462,-620,701007040,4.4863888888888894
2015-02-19 00:00:00 UTC,-462,-620,701000900,5.2480555555555553
2015-02-19 00:00:00 UTC,-462,-620,701006020,8.6068055555555567
2015-02-19 00:00:00 UTC,-462,-619,701006068,3.1552777777777781
2015-02-19 00:00:00 UTC,-462,-618,701006068,2.3330555555555557
2015-02-19 00:00:00 UTC,-206,-884,224166160,1.6018055555555555
2015-02-19 00:00:00 UTC,-206,-913,224366000,0.52902777777777787
2015-02-19 00:00:00 UTC,-206,-914,224366000,1.2461111111111109
2015-02-19 00:00:00 UTC,-206,-915,224366000,4.433472222222222
2015-02-19 00:00:00 UTC,-206,1622,540010700,1.8933333333333335
2015-02-19 00:00:00 UTC,-206,1621,540010700,1.275
2015-02-19 00:00:00 UTC,-206,-1021,412420813,5.9134722222222225
2015-02-19 00:00:00 UTC,-206,-891,224918000,0.46388888888888891
2015-02-19 00:00:00 UTC,-206,-905,224619000,3.5106944444444448
2015-02-19 00:00:00 UTC,51,-207,432458000,1.0009722222222224
2015-02-19 00:00:00 UTC,51,-202,432458000,0.86138888888888887
2015-02-19 00:00:00 UTC,51,-209,432458000,1.3362500000000002
2015-02-19 00:00:00 UTC,51,-205,432458000,0.48222222222222222
2015-02-19 00:00:00 UTC,51,-203,432458000,1.5847222222222221
2015-02-19 00:00:00 UTC,51,-204,432458000,4.06
2015-02-19 00:00:00 UTC,51,-206,432458000,0.61930555555555555
2015-02-19 00:00:00 UTC,51,-1321,441043000,0.60444444444444445
2015-02-19 00:00:00 UTC,51,-1313,441043000,0.3125
2015-02-19 00:00:00 UTC,51,-1314,441043000,0.99444444444444446
2015-02-19 00:00:00 UTC,51,-1322,441043000,4.3033333333333328
2015-02-19 00:00:00 UTC,51,-1312,441043000,0.75902777777777775
2015-02-19 00:00:00 UTC,51,-1563,440604000,3.1248611111111111
2015-02-19 00:00:00 UTC,51,-1325,440731000,1.2090277777777778
2015-02-19 00:00:00 UTC,51,1494,432261000,1.6515277777777779
2015-02-19 00:00:00 UTC,51,-1788,416004552,24.016666666666669
2015-02-19 00:00:00 UTC,51,-522,745003500,1.5150000000000001
2015-02-19 00:00:00 UTC,307,1220,900027402,3.1945833333333336
2015-02-19 00:00:00 UTC,307,1221,412370955,1.1788888888888889
2015-02-19 00:00:00 UTC,307,1222,412370965,2.2266666666666666
2015-02-19 00:00:00 UTC,307,1221,900300309,2.7352777777777781
2015-02-19 00:00:00 UTC,307,1218,900026655,4.6437499999999989
2015-02-19 00:00:00 UTC,307,1220,412370978,16.618333333333332
2015-02-19 00:00:00 UTC,307,1221,200011042,2.8987500000000006
2015-02-19 00:00:00 UTC,307,1222,200011042,0.25416666666666665
2015-02-19 00:00:00 UTC,307,1220,200011042,0.20861111111111114
2015-02-19 00:00:00 UTC,307,1221,900300328,1.6420833333333333
2015-02-19 00:00:00 UTC,307,1224,900301355,7.4518055555555556
2015-02-19 00:00:00 UTC,307,1225,900301355,1.3540277777777776
2015-02-19 00:00:00 UTC,307,1218,412370996,2.1369444444444441
2015-02-19 00:00:00 UTC,307,1221,200002613,0.31666666666666665
2015-02-19 00:00:00 UTC,307,1222,200002613,4.5605555555555561
2015-02-19 00:00:00 UTC,307,1230,900414271,3.1631944444444446
2015-02-19 00:00:00 UTC,307,1221,900300117,4.7413888888888884
2015-02-19 00:00:00 UTC,307,1226,412428635,3.2826388888888896
2015-02-19 00:00:00 UTC,307,-438,416004204,0.92472222222222222
2015-02-19 00:00:00 UTC,307,1229,412427888,4.0058333333333325
2015-02-19 00:00:00 UTC,307,1228,412427888,2.628055555555556
2015-02-19 00:00:00 UTC,307,1221,900300402,3.771527777777778
2015-02-19 00:00:00 UTC,307,1221,900300406,4.2759722222222232
2015-02-19 00:00:00 UTC,307,1222,258963858,2.2297222222222222
2015-02-19 00:00:00 UTC,307,1222,900027809,0.88652777777777769
2015-02-19 00:00:00 UTC,307,1228,412428452,1.4962499999999999
2015-02-19 00:00:00 UTC,307,1221,900028072,1.9618055555555558
2015-02-19 00:00:00 UTC,307,1215,412371117,0.4775
2015-02-19 00:00:00 UTC,307,1218,412370863,0.10027777777777777
2015-02-19 00:00:00 UTC,307,1222,900026549,5.7618055555555561
2015-02-19 00:00:00 UTC,307,1221,200002496,0.8322222222222222
2015-02-19 00:00:00 UTC,307,1222,200002496,3.4016666666666668
2015-02-19 00:00:00 UTC,307,1217,412370887,0.12513888888888888
2015-02-19 00:00:00 UTC,307,1226,412428783,0.95027777777777778
2015-02-19 00:00:00 UTC,307,1221,412370935,1.2059722222222222
2015-02-19 00:00:00 UTC,563,-1689,367132160,0.13305555555555557
2015-02-19 00:00:00 UTC,563,-1688,367132160,1.9604166666666667
2015-02-19 00:00:00 UTC,563,-1674,303430000,0.38527777777777777
2015-02-19 00:00:00 UTC,563,-1635,368217000,8.0169444444444444
2015-02-19 00:00:00 UTC,563,-1710,366433000,5.1229166666666677
2015-02-19 00:00:00 UTC,563,-1709,366433000,6.6230555555555553
2015-02-19 00:00:00 UTC,563,-1711,366433000,5.5404166666666672
2015-02-19 00:00:00 UTC,563,-1713,366433000,3.0427777777777778
2015-02-19 00:00:00 UTC,-461,-608,412371205,2.3320833333333333
2015-02-19 00:00:00 UTC,-461,-620,701000755,10.109305555555556
2015-02-19 00:00:00 UTC,-461,-608,740337000,5.9109722222222221
2015-02-19 00:00:00 UTC,-461,-620,701019000,1.075
2015-02-19 00:00:00 UTC,-461,-620,701000834,2.8415277777777779
2015-02-19 00:00:00 UTC,-461,-607,412271490,2.7554166666666666
2015-02-19 00:00:00 UTC,-461,-620,701000835,1.89875
2015-02-19 00:00:00 UTC,-461,-608,740335000,4.8061111111111119
2015-02-19 00:00:00 UTC,-461,-620,701007040,3.3759722222222224
2015-02-19 00:00:00 UTC,-461,-620,701000900,10.099444444444444
2015-02-19 00:00:00 UTC,-461,-620,701006020,1.6405555555555555
2015-02-19 00:00:00 UTC,-461,-603,412329695,16.122083333333332
2015-02-19 00:00:00 UTC,-461,-619,701006068,0.847361111111111
2015-02-19 00:00:00 UTC,-461,-607,412371195,0.39430555555555558
2015-02-19 00:00:00 UTC,-205,-884,224166160,1.0169444444444444
2015-02-19 00:00:00 UTC,-205,1623,540002100,0.17930555555555555
2015-02-19 00:00:00 UTC,-205,1622,540002100,0.78861111111111115
2015-02-19 00:00:00 UTC,-205,-914,224366000,1.0731944444444446
2015-02-19 00:00:00 UTC,-205,-915,224366000,1.7555555555555555
2015-02-19 00:00:00 UTC,-205,-913,224366000,0.648888888888889
2015-02-19 00:00:00 UTC,-205,1621,540010700,2.4880555555555555
2015-02-19 00:00:00 UTC,-205,-891,224918000,0.48819444444444443
2015-02-19 00:00:00 UTC,-205,-903,224619000,1.7069444444444444
2015-02-19 00:00:00 UTC,52,-1787,416003854,12.459305555555556
2015-02-19 00:00:00 UTC,52,-1788,416003854,5.7820833333333335
2015-02-19 00:00:00 UTC,52,-1793,416003854,5.7827777777777776
2015-02-19 00:00:00 UTC,52,-1315,441043000,2.6958333333333333
2015-02-19 00:00:00 UTC,52,-1317,441043000,2.7041666666666666
2015-02-19 00:00:00 UTC,52,-1320,441043000,1.2625
2015-02-19 00:00:00 UTC,52,-1318,441043000,1.1940277777777779
2015-02-19 00:00:00 UTC,52,-1319,441043000,0.967361111111111
2015-02-19 00:00:00 UTC,52,-1321,441043000,0.93333333333333324
2015-02-19 00:00:00 UTC,52,-1312,441043000,1.0102777777777778
2015-02-19 00:00:00 UTC,52,-518,745004100,5.1513888888888886
2015-02-19 00:00:00 UTC,52,-1564,440604000,1.3416666666666668
2015-02-19 00:00:00 UTC,52,-1325,440731000,3.0859722222222219
2015-02-19 00:00:00 UTC,52,1494,432261000,9.8704166666666673
2015-02-19 00:00:00 UTC,52,-1326,441251000,6.6136111111111111
2015-02-19 00:00:00 UTC,52,0,228280000,0.16583333333333333
2015-02-19 00:00:00 UTC,52,-1264,441825000,11.696805555555555
2015-02-19 00:00:00 UTC,52,-1780,412270058,1.4169444444444443
2015-02-19 00:00:00 UTC,52,-1781,412270058,5.4334722222222229
2015-02-19 00:00:00 UTC,52,-1778,412270058,2.123472222222222
2015-02-19 00:00:00 UTC,52,-1779,412270058,2.4611111111111108
2015-02-19 00:00:00 UTC,52,-522,745003500,0.37388888888888888
2015-02-19 00:00:00 UTC,52,1492,432726000,10.481805555555553
2015-02-19 00:00:00 UTC,308,1221,200002050,4.6947222222222225
2015-02-19 00:00:00 UTC,308,1221,412370947,14.291527777777782
2015-02-19 00:00:00 UTC,308,1229,900414217,7.7194444444444459
2015-02-19 00:00:00 UTC,308,1220,900027402,2.0981944444444443
2015-02-19 00:00:00 UTC,308,1220,412370958,7.8738888888888878
2015-02-19 00:00:00 UTC,308,1221,900000028,5.6870833333333337
2015-02-19 00:00:00 UTC,308,1219,900026655,0.41875
2015-02-19 00:00:00 UTC,308,1218,900026655,4.5819444444444439
2015-02-19 00:00:00 UTC,308,1220,412370978,3.366944444444445
2015-02-19 00:00:00 UTC,308,1221,200011042,6.539305555555555
2015-02-19 00:00:00 UTC,308,1222,200011042,2.67125
2015-02-19 00:00:00 UTC,308,1223,412370983,0.79111111111111121
2015-02-19 00:00:00 UTC,308,1224,900301355,0.55291666666666661
2015-02-19 00:00:00 UTC,308,1221,200002613,10.20027777777778
2015-02-19 00:00:00 UTC,308,1230,900414271,3.3308333333333335
2015-02-19 00:00:00 UTC,308,1229,900414271,6.4947222222222223
2015-02-19 00:00:00 UTC,308,1222,412371013,6.6577777777777785
2015-02-19 00:00:00 UTC,308,1230,900414279,9.3905555555555527
2015-02-19 00:00:00 UTC,308,1229,900414279,2.4797222222222217
2015-02-19 00:00:00 UTC,308,1230,900414288,5.2573611111111118
2015-02-19 00:00:00 UTC,308,1229,900414288,1.4109722222222221
2015-02-19 00:00:00 UTC,308,1230,900414292,3.0984722222222225
2015-02-19 00:00:00 UTC,308,1229,900414292,4.0268055555555549
2015-02-19 00:00:00 UTC,308,1221,900022107,7.48
2015-02-19 00:00:00 UTC,308,1224,900300384,10.795000000000002
2015-02-19 00:00:00 UTC,308,-439,416004204,9.3966666666666665
2015-02-19 00:00:00 UTC,308,-438,416004204,6.4225
2015-02-19 00:00:00 UTC,308,1228,412427888,0.21333333333333332
2015-02-19 00:00:00 UTC,308,-207,224098420,5.4379166666666663
2015-02-19 00:00:00 UTC,308,-206,224098420,1.4151388888888889
2015-02-19 00:00:00 UTC,308,1222,258963858,4.1630555555555553
2015-02-19 00:00:00 UTC,308,1221,258963858,10.54736111111111
2015-02-19 00:00:00 UTC,308,1221,900027809,11.081527777777778
2015-02-19 00:00:00 UTC,308,1222,900027809,1.2277777777777779
2015-02-19 00:00:00 UTC,308,1227,412428452,5.244305555555556
2015-02-19 00:00:00 UTC,308,1221,900028072,9.9741666666666635
2015-02-19 00:00:00 UTC,308,1222,900026549,1.1420833333333333
2015-02-19 00:00:00 UTC,308,1221,900026549,0.66166666666666663
2015-02-19 00:00:00 UTC,308,1222,200002496,2.5975
2015-02-19 00:00:00 UTC,308,1221,200002496,12.426249999999996
2015-02-19 00:00:00 UTC,308,1217,412370887,0.10013888888888889
2015-02-19 00:00:00 UTC,308,1215,412370888,1.0970833333333334
2015-02-19 00:00:00 UTC,308,1226,412428783,2.8143055555555558
2015-02-19 00:00:00 UTC,308,1221,412370935,8.8118055555555532
2015-02-19 00:00:00 UTC,308,1221,412370936,2.2680555555555553
2015-02-19 00:00:00 UTC,564,-1688,367132160,3.2672222222222227
2015-02-19 00:00:00 UTC,564,-1689,367132160,5.265138888888889
2015-02-19 00:00:00 UTC,564,-1691,367132160,1.5623611111111111
2015-02-19 00:00:00 UTC,564,-1690,367132160,2.5691666666666668
2015-02-19 00:00:00 UTC,564,-1690,368412000,4.5847222222222221
2015-02-19 00:00:00 UTC,564,-1673,303430000,0.27458333333333335
2015-02-19 00:00:00 UTC,564,-1674,303430000,1.7597222222222222
2015-02-19 00:00:00 UTC,564,-1636,368217000,3.705277777777777
2015-02-19 00:00:00 UTC,564,-1635,368217000,6.8125
2015-02-19 00:00:00 UTC,564,-1637,368217000,2.5720833333333331
2015-02-19 00:00:00 UTC,564,-1638,368217000,2.9363888888888883
2015-02-19 00:00:00 UTC,564,-1705,369176000,0.41222222222222221
2015-02-19 00:00:00 UTC,-460,-608,412371203,2.63625
2015-02-19 00:00:00 UTC,-460,-607,412371203,7.55263888888889
2015-02-19 00:00:00 UTC,-460,-608,412371204,2.1734722222222222
2015-02-19 00:00:00 UTC,-460,-657,701006385,8.0615277777777763
2015-02-19 00:00:00 UTC,-460,-658,701006385,6.0208333333333339
2015-02-19 00:00:00 UTC,-460,-620,701000755,1.5365277777777777
2015-02-19 00:00:00 UTC,-460,-620,701000531,1.54125
2015-02-19 00:00:00 UTC,-460,-608,740337000,1.5793055555555555
2015-02-19 00:00:00 UTC,-460,-620,701019000,1.2747222222222223
2015-02-19 00:00:00 UTC,-460,-620,701000834,0.85555555555555551
2015-02-19 00:00:00 UTC,-460,-620,701000835,2.7819444444444441
2015-02-19 00:00:00 UTC,-460,-608,740335000,3.4498611111111113
2015-02-19 00:00:00 UTC,-460,1716,512002725,3.1125000000000003
2015-02-19 00:00:00 UTC,-460,-620,701000900,1.5470833333333334
2015-02-19 00:00:00 UTC,-460,-620,701006020,1.9677777777777778
2015-02-19 00:00:00 UTC,-460,-607,412371195,2.5376388888888886
2015-02-19 00:00:00 UTC,-460,-607,412371196,2.7262500000000003
2015-02-19 00:00:00 UTC,-204,-882,224166160,0.71652777777777776
2015-02-19 00:00:00 UTC,-204,-884,224166160,0.62958333333333338
2015-02-19 00:00:00 UTC,-204,-1028,412420913,6.4979166666666659
2015-02-19 00:00:00 UTC,-204,-1027,412420913,5.9144444444444444
2015-02-19 00:00:00 UTC,-204,1618,540002100,0.91805555555555562
2015-02-19 00:00:00 UTC,-204,1622,540002100,0.28625
2015-02-19 00:00:00 UTC,-204,1621,540002100,1.9513888888888888
2015-02-19 00:00:00 UTC,-204,-914,224366000,0.68222222222222229
2015-02-19 00:00:00 UTC,-204,-913,224366000,0.79416666666666669
2015-02-19 00:00:00 UTC,-204,-915,224366000,0.35958333333333337
2015-02-19 00:00:00 UTC,-204,-1022,412420813,2.6718055555555553
2015-02-19 00:00:00 UTC,-204,-891,224918000,1.2452777777777779
2015-02-19 00:00:00 UTC,-204,-904,224619000,3.6075000000000004
2015-02-19 00:00:00 UTC,-204,1620,540002300,0.076527777777777778
2015-02-19 00:00:00 UTC,-204,1619,540002300,0.30388888888888888
2015-02-19 00:00:00 UTC,-204,1617,540002300,1.903888888888889
2015-02-19 00:00:00 UTC,-204,1618,540002300,1.2981944444444444
2015-02-19 00:00:00 UTC,53,-1313,441043000,1.3527777777777779
2015-02-19 00:00:00 UTC,53,-1331,440595000,5.7861111111111114
2015-02-19 00:00:00 UTC,53,-518,745004100,4.0166666666666666
2015-02-19 00:00:00 UTC,53,-1786,412283999,2.4195833333333332
2015-02-19 00:00:00 UTC,53,-1785,412283999,1.2415277777777776
2015-02-19 00:00:00 UTC,53,-1783,412283999,3.9365277777777776
2015-02-19 00:00:00 UTC,53,-1784,412283999,2.1305555555555555
2015-02-19 00:00:00 UTC,53,-1787,412283999,0.24027777777777776
2015-02-19 00:00:00 UTC,53,-1787,416000179,12.442222222222222
2015-02-19 00:00:00 UTC,53,-1775,416197600,12.459444444444443
2015-02-19 00:00:00 UTC,53,-1776,416197600,6.5101388888888891
2015-02-19 00:00:00 UTC,53,-1786,412270057,0.99444444444444446
2015-02-19 00:00:00 UTC,53,-1785,412270057,0.64694444444444443
2015-02-19 00:00:00 UTC,53,-1784,412270057,0.57527777777777778
2015-02-19 00:00:00 UTC,53,-1783,412270057,0.38347222222222227
2015-02-19 00:00:00 UTC,53,-1782,412270058,0.86402777777777773
2015-02-19 00:00:00 UTC,53,-1780,412270058,0.70291666666666663
2015-02-19 00:00:00 UTC,53,-1781,412270058,2.6651388888888889
2015-02-19 00:00:00 UTC,53,-1779,412270058,3.4455555555555555
2015-02-19 00:00:00 UTC,53,-1778,412270058,3.0447222222222217
2015-02-19 00:00:00 UTC,53,1492,432726000,0.37736111111111115
2015-02-19 00:00:00 UTC,309,1221,200002050,16.604166666666668
2015-02-19 00:00:00 UTC,309,1221,412370947,0.53194444444444444
2015-02-19 00:00:00 UTC,309,1221,412370962,7.75402777777778
2015-02-19 00:00:00 UTC,309,1221,900000028,1.0754166666666667
2015-02-19 00:00:00 UTC,309,1223,412370983,3.7172222222222224
2015-02-19 00:00:00 UTC,309,1222,412436788,7.3494444444444422
2015-02-19 00:00:00 UTC,309,1224,412400185,7.4733333333333318
2015-02-19 00:00:00 UTC,309,1221,412371017,14.656666666666666
2015-02-19 00:00:00 UTC,309,1221,900022107,3.6384722222222226
2015-02-19 00:00:00 UTC,309,-206,224098420,1.5316666666666665
2015-02-19 00:00:00 UTC,309,1221,9021565,19.8736111111111
2015-02-19 00:00:00 UTC,309,-442,416245900,11.6125
2015-02-19 00:00:00 UTC,309,1422,431700190,7.9834722222222219
2015-02-19 00:00:00 UTC,309,1221,412370936,2.3398611111111109
2015-02-19 00:00:00 UTC,565,-56,235002430,3.6661111111111118
2015-02-19 00:00:00 UTC,565,-55,235002430,1.967222222222222
2015-02-19 00:00:00 UTC,565,-1691,368412000,1.3402777777777777
2015-02-19 00:00:00 UTC,565,-1692,368412000,0.37124999999999997
2015-02-19 00:00:00 UTC,565,-1690,368412000,3.4719444444444445
2015-02-19 00:00:00 UTC,565,-1685,43676060,1.2069444444444446
2015-02-19 00:00:00 UTC,565,-1686,43676060,2.8523611111111111
2015-02-19 00:00:00 UTC,565,-1687,43676060,3.1405555555555553
2015-02-19 00:00:00 UTC,565,-1705,369176000,5.2729166666666689
2015-02-19 00:00:00 UTC,565,-1704,369176000,14.083333333333334
2015-02-19 00:00:00 UTC,565,-1690,367490000,2.3302777777777779
2015-02-19 00:00:00 UTC,-459,-608,412420383,7.5600000000000005
2015-02-19 00:00:00 UTC,-459,-607,740337000,0.95319444444444446
2015-02-19 00:00:00 UTC,-459,-620,701000835,2.2666666666666666
2015-02-19 00:00:00 UTC,-459,-607,740335000,4.1023611111111116
2015-02-19 00:00:00 UTC,-459,-606,740335000,3.8266666666666667
2015-02-19 00:00:00 UTC,-459,1715,512002725,3.2126388888888888
2015-02-19 00:00:00 UTC,-459,-620,701007040,1.9247222222222224
2015-02-19 00:00:00 UTC,-459,-608,412371195,7.2193055555555556
2015-02-19 00:00:00 UTC,-203,-884,224166160,0.77374999999999994
2015-02-19 00:00:00 UTC,-203,-882,224166160,1.0956944444444443
2015-02-19 00:00:00 UTC,-203,355,650172200,1.2027777777777777
2015-02-19 00:00:00 UTC,-203,354,650172200,1.137361111111111
2015-02-19 00:00:00 UTC,-203,1618,540002100,0.34736111111111112
2015-02-19 00:00:00 UTC,-203,-913,224366000,1.8152777777777778
2015-02-19 00:00:00 UTC,-203,-915,224366000,0.84347222222222218
2015-02-19 00:00:00 UTC,-203,-914,224366000,0.95791666666666675
2015-02-19 00:00:00 UTC,-203,-1023,412420813,0.83319444444444435
2015-02-19 00:00:00 UTC,-203,-1022,412420813,1.3711111111111114
2015-02-19 00:00:00 UTC,-203,-231,224609000,0.77347222222222234
2015-02-19 00:00:00 UTC,-203,-891,224918000,0.6693055555555556
2015-02-19 00:00:00 UTC,-203,-890,224918000,0.92736111111111119
2015-02-19 00:00:00 UTC,-203,1614,540002300,0.66819444444444454
2015-02-19 00:00:00 UTC,-203,1616,540002300,1.0958333333333332
2015-02-19 00:00:00 UTC,-203,1615,540002300,2.0909722222222222
2015-02-19 00:00:00 UTC,54,-1331,440595000,5.8455555555555554
2015-02-19 00:00:00 UTC,54,-518,745004100,3.520833333333333
2015-02-19 00:00:00 UTC,54,-519,745004100,6.23625
2015-02-19 00:00:00 UTC,54,-1787,412283999,4.6555555555555559
2015-02-19 00:00:00 UTC,54,-1780,412283999,1.2916666666666667
2015-02-19 00:00:00 UTC,54,-1784,412283999,0.59027777777777779
2015-02-19 00:00:00 UTC,54,-1782,412283999,1.0319444444444446
2015-02-19 00:00:00 UTC,54,-1785,412283999,0.51138888888888889
2015-02-19 00:00:00 UTC,54,-1783,412283999,0.46361111111111108
2015-02-19 00:00:00 UTC,54,-1564,440604000,0.90291666666666659
2015-02-19 00:00:00 UTC,54,-1563,440604000,0.89194444444444443
2015-02-19 00:00:00 UTC,54,-1562,440604000,0.85944444444444446
2015-02-19 00:00:00 UTC,54,-1266,441038000,1.515138888888889
2015-02-19 00:00:00 UTC,54,-1267,441038000,2.00625
2015-02-19 00:00:00 UTC,54,-1788,416000179,5.7683333333333326
2015-02-19 00:00:00 UTC,54,-1787,416000179,5.7377777777777776
2015-02-19 00:00:00 UTC,54,-1333,441251000,5.8461111111111119
2015-02-19 00:00:00 UTC,54,0,228280000,0.67222222222222217
2015-02-19 00:00:00 UTC,54,-519,745004500,1.6834722222222223
2015-02-19 00:00:00 UTC,54,-1788,416003803,2.1097222222222225
2015-02-19 00:00:00 UTC,54,-1783,412270057,0.86111111111111116
2015-02-19 00:00:00 UTC,310,1224,412370987,15.315138888888892
2015-02-19 00:00:00 UTC,310,1222,412370227,0.6052777777777778
2015-02-19 00:00:00 UTC,310,1224,412370997,17.71263888888889
2015-02-19 00:00:00 UTC,310,1224,412371004,16.471666666666668
2015-02-19 00:00:00 UTC,310,1223,236985449,1.6925000000000001
2015-02-19 00:00:00 UTC,310,-206,224098420,3.3752777777777778
2015-02-19 00:00:00 UTC,310,1219,900030179,0.6709722222222223
2015-02-19 00:00:00 UTC,566,-1681,367132160,6.0719444444444441
2015-02-19 00:00:00 UTC,566,119,219003138,0.5
2015-02-19 00:00:00 UTC,566,-55,235002430,1.557638888888889
2015-02-19 00:00:00 UTC,566,-54,235002430,2.6447222222222222
2015-02-19 00:00:00 UTC,566,-1689,368412000,3.7541666666666664
2015-02-19 00:00:00 UTC,566,-1708,366901360,3.1415277777777781
2015-02-19 00:00:00 UTC,566,-1688,43676060,2.3462500000000004
2015-02-19 00:00:00 UTC,566,-1689,43676060,0.4161111111111111
2015-02-19 00:00:00 UTC,566,-1686,43676060,10.901250000000001
2015-02-19 00:00:00 UTC,566,-1687,43676060,1.99
2015-02-19 00:00:00 UTC,566,-1554,366820000,1.5434722222222224
2015-02-19 00:00:00 UTC,566,-1704,369176000,1.0370833333333334
2015-02-19 00:00:00 UTC,566,-1689,367490000,3.782777777777778
2015-02-19 00:00:00 UTC,566,-21,235097047,5.7084722222222215
2015-02-19 00:00:00 UTC,-458,-607,412690730,8.4919444444444441
2015-02-19 00:00:00 UTC,-458,-620,701000755,6.3563888888888886
2015-02-19 00:00:00 UTC,-458,-620,701000531,3.3472222222222223
2015-02-19 00:00:00 UTC,-458,-605,740337000,7.1640277777777772
2015-02-19 00:00:00 UTC,-458,-620,701000835,2.6319444444444446
2015-02-19 00:00:00 UTC,-458,1719,512002725,2.6791666666666667
2015-02-19 00:00:00 UTC,-458,-620,701007040,5.0790277777777781
2015-02-19 00:00:00 UTC,-458,-620,701006020,2.6456944444444446
2015-02-19 00:00:00 UTC,-458,-602,740333000,2.5319444444444446
2015-02-19 00:00:00 UTC,-458,-602,740354000,2.088888888888889
2015-02-19 00:00:00 UTC,-202,-883,224166160,3.6902777777777782
2015-02-19 00:00:00 UTC,-202,-882,224166160,1.0518055555555557
2015-02-19 00:00:00 UTC,-202,353,650172200,0.31555555555555553
2015-02-19 00:00:00 UTC,-202,355,650172200,3.330972222222222
2015-02-19 00:00:00 UTC,-202,-231,224609000,1.4820833333333334
2015-02-19 00:00:00 UTC,-202,1669,540011500,1.8611111111111112
2015-02-19 00:00:00 UTC,-202,1668,540011500,0.38722222222222225
2015-02-19 00:00:00 UTC,-202,1665,540011500,0.90555555555555556
2015-02-19 00:00:00 UTC,-202,-890,224918000,3.3295833333333333
2015-02-19 00:00:00 UTC,55,-195,431316000,4.41625
2015-02-19 00:00:00 UTC,55,-196,431316000,4.7444444444444445
2015-02-19 00:00:00 UTC,55,-194,431316000,0.41944444444444445
2015-02-19 00:00:00 UTC,55,-522,745000500,6.0083333333333337
2015-02-19 00:00:00 UTC,55,-521,745000500,0.43902777777777779
2015-02-19 00:00:00 UTC,55,-1313,441043000,3.0930555555555554
2015-02-19 00:00:00 UTC,55,-1331,440595000,5.729166666666667
2015-02-19 00:00:00 UTC,55,-1330,440595000,6.6944444444444446
2015-02-19 00:00:00 UTC,55,-1786,412283999,0.40277777777777779
2015-02-19 00:00:00 UTC,55,-1787,412283999,0.13472222222222222
2015-02-19 00:00:00 UTC,55,-1785,412283999,3.0859722222222228
2015-02-19 00:00:00 UTC,55,-1562,440604000,4.502361111111111
2015-02-19 00:00:00 UTC,55,-1561,440604000,1.5536111111111111
2015-02-19 00:00:00 UTC,55,-1260,441038000,3.3376388888888888
2015-02-19 00:00:00 UTC,55,-1263,441038000,1.8905555555555558
2015-02-19 00:00:00 UTC,55,-1790,416003803,4.3680555555555554
2015-02-19 00:00:00 UTC,55,-1787,416003803,5.4352777777777792
2015-02-19 00:00:00 UTC,55,-1789,416003803,1.2227777777777777
2015-02-19 00:00:00 UTC,55,-1788,416003803,7.4526388888888881
2015-02-19 00:00:00 UTC,55,-1783,412270057,0.85291666666666666
2015-02-19 00:00:00 UTC,55,-1782,412270057,0.82180555555555546
2015-02-19 00:00:00 UTC,311,1223,412370977,17.829861111111111
2015-02-19 00:00:00 UTC,311,1222,412370227,16.441250000000004
2015-02-19 00:00:00 UTC,311,1219,900030179,1.9995833333333333
2015-02-19 00:00:00 UTC,567,192,265824000,0.1361111111111111
2015-02-19 00:00:00 UTC,567,119,219003138,4.1041666666666661
2015-02-19 00:00:00 UTC,567,189,277354000,0.42333333333333334
2015-02-19 00:00:00 UTC,567,190,277354000,0.41291666666666665
2015-02-19 00:00:00 UTC,567,-1710,366901360,2.7429166666666669
2015-02-19 00:00:00 UTC,567,-1665,338693000,14.260694444444443
2015-02-19 00:00:00 UTC,567,190,277029000,0.21416666666666667
2015-02-19 00:00:00 UTC,567,189,277029000,0.20291666666666669
2015-02-19 00:00:00 UTC,567,-1553,366820000,3.1680555555555552
2015-02-19 00:00:00 UTC,567,68,220622000,0.56361111111111106
2015-02-19 00:00:00 UTC,567,-1677,367154100,3.3111111111111109
2015-02-19 00:00:00 UTC,567,-1678,367154100,5.0981944444444451
2015-02-19 00:00:00 UTC,567,-1680,367154100,3.8663888888888884
2015-02-19 00:00:00 UTC,567,-1679,367154100,8.3344444444444452
2015-02-19 00:00:00 UTC,567,-1683,366082000,7.2054166666666664
2015-02-19 00:00:00 UTC,567,-1684,366082000,0.34291666666666665
2015-02-19 00:00:00 UTC,567,-20,235097047,1.0218055555555556
2015-02-19 00:00:00 UTC,-457,-607,412420935,2.1848611111111111
2015-02-19 00:00:00 UTC,-457,1721,512002725,1.025
2015-02-19 00:00:00 UTC,-457,1720,512002725,1.3956944444444446
2015-02-19 00:00:00 UTC,-457,-602,740333000,1.8890277777777778
2015-02-19 00:00:00 UTC,-457,-602,740354000,1.8377777777777777
2015-02-19 00:00:00 UTC,-201,-883,224166160,6.6416666666666675
2015-02-19 00:00:00 UTC,-201,424,431838000,1.6041666666666665
2015-02-19 00:00:00 UTC,-201,-1005,412420812,0.70819444444444435
2015-02-19 00:00:00 UTC,-201,-1004,412420812,2.2919444444444443
2015-02-19 00:00:00 UTC,-201,-232,224609000,0.51958333333333329
2015-02-19 00:00:00 UTC,-201,-231,224609000,0.33458333333333334
2015-02-19 00:00:00 UTC,-201,1668,540011500,6.7515277777777776
2015-02-19 00:00:00 UTC,-201,1667,540011500,7.2697222222222235
2015-02-19 00:00:00 UTC,-201,1666,540011500,4.6111111111111125
2015-02-19 00:00:00 UTC,-201,1665,540011500,2.0247222222222221
2015-02-19 00:00:00 UTC,-201,-887,224918000,1.4951388888888888
2015-02-19 00:00:00 UTC,56,-190,431316000,0.56819444444444445
2015-02-19 00:00:00 UTC,56,-189,431316000,0.33194444444444449
2015-02-19 00:00:00 UTC,56,-193,431316000,7.235555555555556
2015-02-19 00:00:00 UTC,56,-192,431316000,1.2094444444444443
2015-02-19 00:00:00 UTC,56,-191,431316000,3.0222222222222226
2015-02-19 00:00:00 UTC,56,-520,745002800,0.9125
2015-02-19 00:00:00 UTC,56,-521,745002800,18.262083333333329
2015-02-19 00:00:00 UTC,56,-521,745000500,11.1125
2015-02-19 00:00:00 UTC,56,-1561,440604000,0.41152777777777783
2015-02-19 00:00:00 UTC,56,-1565,440604000,4.4659722222222227
2015-02-19 00:00:00 UTC,56,-521,745003400,1.575277777777778
2015-02-19 00:00:00 UTC,56,-520,745003400,1.06375
2015-02-19 00:00:00 UTC,56,-1268,441038000,4.1480555555555556
2015-02-19 00:00:00 UTC,56,-1779,412270057,2.7736111111111108
2015-02-19 00:00:00 UTC,56,-1783,412270057,4.7943055555555549
2015-02-19 00:00:00 UTC,56,-1782,412270057,2.2916666666666665
2015-02-19 00:00:00 UTC,56,-1780,412270057,1.2266666666666668
2015-02-19 00:00:00 UTC,312,-204,224098420,5.8872222222222224
2015-02-19 00:00:00 UTC,568,192,265824000,1.1970833333333333
2015-02-19 00:00:00 UTC,568,193,265824000,1.6695833333333334
2015-02-19 00:00:00 UTC,568,193,219168000,1.4875
2015-02-19 00:00:00 UTC,568,194,219168000,0.22458333333333336
2015-02-19 00:00:00 UTC,568,190,277354000,4.3730555555555553
2015-02-19 00:00:00 UTC,568,191,277354000,1.5047222222222223
2015-02-19 00:00:00 UTC,568,189,277354000,1.0558333333333334
2015-02-19 00:00:00 UTC,568,-1682,367892000,7.840694444444444
2015-02-19 00:00:00 UTC,568,-1683,367892000,3.3972222222222221
2015-02-19 00:00:00 UTC,568,-1681,367892000,1.2156944444444444
2015-02-19 00:00:00 UTC,568,-1680,367892000,0.34222222222222221
2015-02-19 00:00:00 UTC,568,-1682,367621180,3.1479166666666671
2015-02-19 00:00:00 UTC,568,-1674,366845000,1.3961111111111111
2015-02-19 00:00:00 UTC,568,-1675,366845000,5.9404166666666667
2015-02-19 00:00:00 UTC,568,-1711,367088480,2.3166666666666664
2015-02-19 00:00:00 UTC,568,-1711,366901360,3.475138888888889
2015-02-19 00:00:00 UTC,568,-1710,366901360,1.3727777777777779
2015-02-19 00:00:00 UTC,568,-1712,366901360,1.2340277777777777
2015-02-19 00:00:00 UTC,568,-1709,366901360,0.36652777777777779
2015-02-19 00:00:00 UTC,568,-1668,338693000,9.29
2015-02-19 00:00:00 UTC,568,190,277029000,4.3544444444444457
2015-02-19 00:00:00 UTC,568,191,277029000,1.7701388888888887
2015-02-19 00:00:00 UTC,568,189,277029000,1.528888888888889
2015-02-19 00:00:00 UTC,568,-1551,366820000,5.6088888888888881
2015-02-19 00:00:00 UTC,568,-1678,367154100,0.35722222222222222
2015-02-19 00:00:00 UTC,568,-1677,367154100,2.7204166666666665
2015-02-19 00:00:00 UTC,568,189,220482000,5.1830555555555557
2015-02-19 00:00:00 UTC,568,190,220482000,1.1983333333333333
2015-02-19 00:00:00 UTC,568,191,219330000,1.2486111111111111
2015-02-19 00:00:00 UTC,568,190,219330000,1.3695833333333334
2015-02-19 00:00:00 UTC,568,189,219330000,0.903888888888889
2015-02-19 00:00:00 UTC,568,193,219330000,3.1750000000000007
2015-02-19 00:00:00 UTC,568,192,219330000,3.3905555555555553
2015-02-19 00:00:00 UTC,568,188,219330000,0.83722222222222231
2015-02-19 00:00:00 UTC,568,-1682,366082000,3.2905555555555557
2015-02-19 00:00:00 UTC,568,-1686,366082000,0.23194444444444445
2015-02-19 00:00:00 UTC,568,-1684,366082000,0.36111111111111105
2015-02-19 00:00:00 UTC,568,-1685,366082000,0.80569444444444449
2015-02-19 00:00:00 UTC,568,-20,235097047,0.20791666666666667
2015-02-19 00:00:00 UTC,568,192,219340000,3.941527777777778
2015-02-19 00:00:00 UTC,568,-1527,366959080,1.162361111111111
2015-02-19 00:00:00 UTC,568,1542,273539310,14.59986111111111
2015-02-19 00:00:00 UTC,568,123,265588470,2.1204166666666673
2015-02-19 00:00:00 UTC,568,-1711,367032060,2.5602777777777779
2015-02-19 00:00:00 UTC,568,-1710,367032060,1.0291666666666668
2015-02-19 00:00:00 UTC,568,-1712,367032060,0.5525
2015-02-19 00:00:00 UTC,568,-1709,367032060,2.8970833333333332
2015-02-19 00:00:00 UTC,-456,-603,412331034,2.7970833333333331
2015-02-19 00:00:00 UTC,-456,-607,412420908,3.5098611111111109
2015-02-19 00:00:00 UTC,-456,-605,412331075,1.9390277777777778
2015-02-19 00:00:00 UTC,-456,-606,412420936,1.9915277777777778
2015-02-19 00:00:00 UTC,-456,-637,701006427,1.5641666666666665
2015-02-19 00:00:00 UTC,-456,-638,701006427,6.4022222222222229
2015-02-19 00:00:00 UTC,-456,-602,412329632,7.3540277777777776
2015-02-19 00:00:00 UTC,-456,-602,412329633,9.1890277777777776
2015-02-19 00:00:00 UTC,-456,-602,900028578,10.865277777777777
2015-02-19 00:00:00 UTC,-456,1723,512002725,0.29138888888888886
2015-02-19 00:00:00 UTC,-456,1722,512002725,1.3709722222222218
2015-02-19 00:00:00 UTC,-456,1719,512002725,2.8372222222222225
2015-02-19 00:00:00 UTC,-456,1721,512002725,0.4291666666666667
2015-02-19 00:00:00 UTC,-456,1720,512002725,0.71666666666666667
2015-02-19 00:00:00 UTC,-456,-602,900028614,7.8909722222222225
2015-02-19 00:00:00 UTC,-456,-602,740333000,1.5872222222222221
2015-02-19 00:00:00 UTC,-456,-602,740354000,0.8455555555555555
2015-02-19 00:00:00 UTC,-456,-603,412329698,2.6111111111111112
2015-02-19 00:00:00 UTC,-456,-606,224491000,8.1975
2015-02-19 00:00:00 UTC,-200,351,650172200,6.7259722222222225
2015-02-19 00:00:00 UTC,-200,350,650172200,6.2340277777777784
2015-02-19 00:00:00 UTC,-200,423,431838000,1.5580555555555555
2015-02-19 00:00:00 UTC,-200,424,431838000,0.34083333333333332
2015-02-19 00:00:00 UTC,-200,422,431838000,0.28611111111111109
2015-02-19 00:00:00 UTC,-200,-942,224188000,0.7169444444444445
2015-02-19 00:00:00 UTC,-200,-943,224188000,1.4151388888888889
2015-02-19 00:00:00 UTC,-200,-944,224188000,1.0190277777777779
2015-02-19 00:00:00 UTC,-200,-245,224913000,1.8444444444444446
2015-02-19 00:00:00 UTC,-200,592,416067700,6.0666666666666673
2015-02-19 00:00:00 UTC,-200,594,416067700,3.7391666666666667
2015-02-19 00:00:00 UTC,-200,-1013,412420812,9.1891666666666669
2015-02-19 00:00:00 UTC,-200,-232,224609000,1.2319444444444443
2015-02-19 00:00:00 UTC,57,-190,431316000,2.2598611111111113
2015-02-19 00:00:00 UTC,57,-189,431316000,0.11527777777777777
2015-02-19 00:00:00 UTC,57,-521,745002800,4.7447222222222223
2015-02-19 00:00:00 UTC,57,-521,745000500,6.4888888888888889
2015-02-19 00:00:00 UTC,57,-1565,440604000,1.296388888888889
2015-02-19 00:00:00 UTC,57,-1566,440604000,4.1897222222222226
2015-02-19 00:00:00 UTC,57,-530,745003400,0.66986111111111113
2015-02-19 00:00:00 UTC,57,-1794,416004566,7.5461111111111112
2015-02-19 00:00:00 UTC,57,-1793,416004566,2.1097222222222225
2015-02-19 00:00:00 UTC,57,-1792,416004566,8.94375
2015-02-19 00:00:00 UTC,57,-1782,412270057,1.3647222222222222
2015-02-19 00:00:00 UTC,57,-1780,412270057,0.71555555555555561
2015-02-19 00:00:00 UTC,57,-1781,412270057,1.4541666666666666
2015-02-19 00:00:00 UTC,57,-1783,412270057,0.70027777777777767
2015-02-19 00:00:00 UTC,313,1306,432706000,5.48625
2015-02-19 00:00:00 UTC,569,193,265824000,2.0918055555555557
2015-02-19 00:00:00 UTC,569,190,219168000,5.9029166666666661
2015-02-19 00:00:00 UTC,569,191,219168000,2.4569444444444444
2015-02-19 00:00:00 UTC,569,193,219168000,6.47486111111111
2015-02-19 00:00:00 UTC,569,192,219168000,2.2991666666666668
2015-02-19 00:00:00 UTC,569,-1712,367522830,4.4725
2015-02-19 00:00:00 UTC,569,-1713,367522830,4.4709722222222226
2015-02-19 00:00:00 UTC,569,-1711,367522830,3.0581944444444447
2015-02-19 00:00:00 UTC,569,-1682,367892000,3.4372222222222222
2015-02-19 00:00:00 UTC,569,-1681,367892000,1.497638888888889
2015-02-19 00:00:00 UTC,569,-1683,367892000,3.2484722222222224
2015-02-19 00:00:00 UTC,569,118,266057000,0.62361111111111112
2015-02-19 00:00:00 UTC,569,119,266057000,0.20944444444444443
2015-02-19 00:00:00 UTC,569,116,266057000,0.986111111111111
2015-02-19 00:00:00 UTC,569,117,266057000,0.84458333333333335
2015-02-19 00:00:00 UTC,569,-1680,367621180,1.0987500000000001
2015-02-19 00:00:00 UTC,569,-1681,367621180,4.8543055555555554
2015-02-19 00:00:00 UTC,569,-1683,367621180,2.5204166666666667
2015-02-19 00:00:00 UTC,569,-1682,367621180,9.11125
2015-02-19 00:00:00 UTC,569,-1711,366899520,3.259722222222222
2015-02-19 00:00:00 UTC,569,-1714,366899520,1.5511111111111111
2015-02-19 00:00:00 UTC,569,-1712,366899520,0.73875
2015-02-19 00:00:00 UTC,569,-1713,366899520,5.272222222222223
2015-02-19 00:00:00 UTC,569,-1674,366845000,0.56930555555555551
2015-02-19 00:00:00 UTC,569,-1673,366845000,1.7190277777777776
2015-02-19 00:00:00 UTC,569,-71,233586000,1.1997222222222224
2015-02-19 00:00:00 UTC,569,-72,233586000,0.93277777777777782
2015-02-19 00:00:00 UTC,569,-1714,367729000,0.62541666666666673
2015-02-19 00:00:00 UTC,569,-1713,367729000,2.2769444444444447
2015-02-19 00:00:00 UTC,569,-1711,367729000,2.3043055555555556
2015-02-19 00:00:00 UTC,569,-1712,367729000,4.3795833333333327
2015-02-19 00:00:00 UTC,569,-1711,366901360,0.72347222222222218
2015-02-19 00:00:00 UTC,569,-1712,366901360,1.4394444444444443
2015-02-19 00:00:00 UTC,569,-1680,367018620,5.8125000000000009
2015-02-19 00:00:00 UTC,569,-1681,367018620,0.67319444444444443
2015-02-19 00:00:00 UTC,569,-1712,366298000,7.9013888888888886
2015-02-19 00:00:00 UTC,569,-1710,366298000,2.0616666666666665
2015-02-19 00:00:00 UTC,569,-1711,366298000,2.6456944444444446
2015-02-19 00:00:00 UTC,569,117,266319000,2.6686111111111113
2015-02-19 00:00:00 UTC,569,118,266319000,0.65597222222222218
2015-02-19 00:00:00 UTC,569,-1550,366820000,3.4513888888888888
2015-02-19 00:00:00 UTC,569,-1713,367694000,8.80861111111111
2015-02-19 00:00:00 UTC,569,-1711,367694000,2.3151388888888889
2015-02-19 00:00:00 UTC,569,-1712,367694000,3.0434722222222224
2015-02-19 00:00:00 UTC,569,191,220482000,4.3718055555555555
2015-02-19 00:00:00 UTC,569,193,219330000,2.0916666666666668
2015-02-19 00:00:00 UTC,569,192,219330000,0.64194444444444443
2015-02-19 00:00:00 UTC,569,-1713,367108570,1.7051388888888892
2015-02-19 00:00:00 UTC,569,-1711,367108570,1.6722222222222223
2015-02-19 00:00:00 UTC,569,-1714,367108570,1.0905555555555555
2015-02-19 00:00:00 UTC,569,-1712,367108570,1.0348611111111112
2015-02-19 00:00:00 UTC,569,192,219340000,1.287638888888889
2015-02-19 00:00:00 UTC,569,193,219340000,5.7223611111111108
2015-02-19 00:00:00 UTC,569,-1712,366222330,7.5080555555555559
2015-02-19 00:00:00 UTC,569,-1714,366222330,1.6054166666666665
2015-02-19 00:00:00 UTC,569,-1713,366222330,6.9804166666666658
2015-02-19 00:00:00 UTC,569,-1711,367032060,5.2680555555555557
2015-02-19 00:00:00 UTC,569,-1710,367032060,1.0456944444444445
2015-02-19 00:00:00 UTC,569,-1712,367032060,1.5040277777777777
2015-02-19 00:00:00 UTC,-455,-603,412331034,4.6095833333333331
2015-02-19 00:00:00 UTC,-455,-602,412331037,8.4252777777777776
2015-02-19 00:00:00 UTC,-455,-603,412331054,7.2125
2015-02-19 00:00:00 UTC,-455,-638,701006427,7.1298611111111114
2015-02-19 00:00:00 UTC,-455,-637,701006427,4.5058333333333334
2015-02-19 00:00:00 UTC,-455,-602,900028578,4.5004166666666663
2015-02-19 00:00:00 UTC,-455,1721,512002725,0.47083333333333333
2015-02-19 00:00:00 UTC,-455,1724,512002725,1.2245833333333334
2015-02-19 00:00:00 UTC,-455,1723,512002725,0.60500000000000009
2015-02-19 00:00:00 UTC,-455,-602,740333000,1.1527777777777777
2015-02-19 00:00:00 UTC,-455,-601,740333000,0.22652777777777777
2015-02-19 00:00:00 UTC,-455,-602,740354000,2.2419444444444441
2015-02-19 00:00:00 UTC,-455,-639,701000947,5.6352777777777785
2015-02-19 00:00:00 UTC,-455,-605,224491000,1.5459722222222223
2015-02-19 00:00:00 UTC,-199,422,431838000,0.23875
2015-02-19 00:00:00 UTC,-199,421,431838000,1.4990277777777778
2015-02-19 00:00:00 UTC,-199,425,431838000,0.5083333333333333
2015-02-19 00:00:00 UTC,-199,-1029,412420913,11.630277777777778
2015-02-19 00:00:00 UTC,-199,-1006,412420915,11.643472222222224
2015-02-19 00:00:00 UTC,-199,1172,503501400,5.5540277777777778
2015-02-19 00:00:00 UTC,-199,1171,503501400,0.20055555555555554
2015-02-19 00:00:00 UTC,-199,-980,224156000,0.37472222222222223
2015-02-19 00:00:00 UTC,-199,-945,224188000,0.637361111111111
2015-02-19 00:00:00 UTC,-199,-944,224188000,0.74208333333333332
2015-02-19 00:00:00 UTC,-199,-942,224188000,1.43625
2015-02-19 00:00:00 UTC,-199,-249,224913000,0.50819444444444439
2015-02-19 00:00:00 UTC,-199,-244,224913000,4.3180555555555555
2015-02-19 00:00:00 UTC,-199,-1004,412420792,6.0115277777777782
2015-02-19 00:00:00 UTC,-199,-1033,412420793,2.98375
2015-02-19 00:00:00 UTC,-199,-1004,412420794,4.1416666666666666
2015-02-19 00:00:00 UTC,-199,-1005,412420794,5.5088888888888885
2015-02-19 00:00:00 UTC,-199,-232,224609000,1.2418055555555556
2015-02-19 00:00:00 UTC,-199,-888,224918000,3.64125
2015-02-19 00:00:00 UTC,-199,-887,224918000,1.7243055555555555
2015-02-19 00:00:00 UTC,-199,-1003,412420862,5.6402777777777775
2015-02-19 00:00:00 UTC,58,-531,745003400,1.02625
2015-02-19 00:00:00 UTC,58,-1270,441038000,1.4801388888888889
2015-02-19 00:00:00 UTC,58,-1271,441038000,1.1388888888888888
2015-02-19 00:00:00 UTC,58,-1272,441038000,4.7477777777777783
2015-02-19 00:00:00 UTC,58,-1269,441038000,3.8163888888888891
2015-02-19 00:00:00 UTC,58,-192,432045000,7.1022222222222222
2015-02-19 00:00:00 UTC,58,-191,432045000,1.5236111111111112
2015-02-19 00:00:00 UTC,314,1305,432850000,0.21125
2015-02-19 00:00:00 UTC,314,-207,224098420,0.7070833333333334
2015-02-19 00:00:00 UTC,314,-208,224098420,0.6495833333333334
2015-02-19 00:00:00 UTC,314,-206,224098420,4.4169444444444448
2015-02-19 00:00:00 UTC,314,-209,224098420,0.9029166666666667
2015-02-19 00:00:00 UTC,314,1306,432706000,0.20305555555555554
2015-02-19 00:00:00 UTC,570,193,265824000,0.93125
2015-02-19 00:00:00 UTC,570,191,219168000,3.545694444444444
2015-02-19 00:00:00 UTC,570,-1713,367522830,2.0058333333333334
2015-02-19 00:00:00 UTC,570,-1714,367522830,2.7387499999999996
2015-02-19 00:00:00 UTC,570,-1712,367522830,1.6568055555555556
2015-02-19 00:00:00 UTC,570,-1714,303636000,1.0197222222222222
2015-02-19 00:00:00 UTC,570,-1715,303636000,0.18611111111111109
2015-02-19 00:00:00 UTC,570,118,266057000,0.41180555555555554
2015-02-19 00:00:00 UTC,570,117,266057000,2.7363888888888881
2015-02-19 00:00:00 UTC,570,116,266057000,4.6054166666666667
2015-02-19 00:00:00 UTC,570,-1682,367621180,2.3975
2015-02-19 00:00:00 UTC,570,-1714,366899520,1.1144444444444443
2015-02-19 00:00:00 UTC,570,-1713,366899520,3.777222222222222
2015-02-19 00:00:00 UTC,570,-1678,366845000,9.4702777777777776
2015-02-19 00:00:00 UTC,570,-71,233586000,3.7225
2015-02-19 00:00:00 UTC,570,-1712,367729000,3.7702777777777778
2015-02-19 00:00:00 UTC,570,-1714,367729000,0.40777777777777779
2015-02-19 00:00:00 UTC,570,-1713,367729000,0.6398611111111111
2015-02-19 00:00:00 UTC,570,-1681,367018620,1.6488888888888891
2015-02-19 00:00:00 UTC,570,-1682,367018620,0.69875
2015-02-19 00:00:00 UTC,570,-1678,367018620,5.2611111111111111
2015-02-19 00:00:00 UTC,570,-1680,367018620,9.9401388888888871
2015-02-19 00:00:00 UTC,570,-1709,366298000,1.2125
2015-02-19 00:00:00 UTC,570,-1710,366298000,0.88513888888888892
2015-02-19 00:00:00 UTC,570,-1711,366298000,4.1625
2015-02-19 00:00:00 UTC,570,116,266319000,4.9973611111111111
2015-02-19 00:00:00 UTC,570,117,266319000,0.57791666666666663
2015-02-19 00:00:00 UTC,570,118,266319000,2.0613888888888887
2015-02-19 00:00:00 UTC,570,-1713,367694000,1.5159722222222221
2015-02-19 00:00:00 UTC,570,-1714,367694000,2.6708333333333329
2015-02-19 00:00:00 UTC,570,-19,235097047,0.42055555555555557
2015-02-19 00:00:00 UTC,570,193,219340000,1.4637499999999999
2015-02-19 00:00:00 UTC,570,238,275244000,3.6437500000000003
2015-02-19 00:00:00 UTC,570,237,275244000,5.7647222222222227
2015-02-19 00:00:00 UTC,570,-1713,366222330,4.8486111111111114
2015-02-19 00:00:00 UTC,-454,-602,412328741,3.140138888888889
2015-02-19 00:00:00 UTC,-454,-603,412331054,2.12625
2015-02-19 00:00:00 UTC,-454,-602,412328762,2.1316666666666668
2015-02-19 00:00:00 UTC,-454,-637,701006427,4.5011111111111113
2015-02-19 00:00:00 UTC,-454,1722,512002725,0.1915277777777778
2015-02-19 00:00:00 UTC,-454,-601,740333000,0.62597222222222226
2015-02-19 00:00:00 UTC,-454,-602,740333000,1.0777777777777777
2015-02-19 00:00:00 UTC,-454,-602,740354000,1.8205555555555553
2015-02-19 00:00:00 UTC,-454,1714,512002264,1.0995833333333334
2015-02-19 00:00:00 UTC,-454,1713,512002264,4.6502777777777782
2015-02-19 00:00:00 UTC,-454,-604,412326879,12.367916666666666
2015-02-19 00:00:00 UTC,-454,-602,412329698,2.2750000000000004
2015-02-19 00:00:00 UTC,-454,-602,412326887,7.3125
2015-02-19 00:00:00 UTC,-454,-603,740353000,8.512777777777778
2015-02-19 00:00:00 UTC,-454,-602,740353000,1.0905555555555555
2015-02-19 00:00:00 UTC,-454,-597,440854000,3.8075
2015-02-19 00:00:00 UTC,-454,-640,701000947,1.7108333333333332
2015-02-19 00:00:00 UTC,-454,-639,701000947,11.75
2015-02-19 00:00:00 UTC,-198,424,431838000,0.23750000000000002
2015-02-19 00:00:00 UTC,-198,-1027,412420914,6.4852777777777781
2015-02-19 00:00:00 UTC,-198,1167,503501400,5.7662499999999994
2015-02-19 00:00:00 UTC,-198,1171,503501400,2.7199999999999998
2015-02-19 00:00:00 UTC,-198,-980,224156000,0.37180555555555556
2015-02-19 00:00:00 UTC,-198,-981,224156000,0.37888888888888894
2015-02-19 00:00:00 UTC,-198,-945,224188000,1.3055555555555554
2015-02-19 00:00:00 UTC,-198,-250,224913000,1.0277777777777777
2015-02-19 00:00:00 UTC,-198,-249,224913000,0.93055555555555558
2015-02-19 00:00:00 UTC,-198,595,416067700,11.498333333333335
2015-02-19 00:00:00 UTC,-198,-1007,412420794,1.7875
2015-02-19 00:00:00 UTC,-198,-229,224609000,5.6820833333333329
2015-02-19 00:00:00 UTC,-198,-1002,412420847,11.66861111111111
2015-02-19 00:00:00 UTC,59,-194,432045000,0.68458333333333332
2015-02-19 00:00:00 UTC,59,-196,432045000,4.7809722222222222
2015-02-19 00:00:00 UTC,59,-197,432045000,0.49180555555555555
2015-02-19 00:00:00 UTC,59,-195,432045000,3.5263888888888886
2015-02-19 00:00:00 UTC,315,1430,431702130,22.374861111111109
2015-02-19 00:00:00 UTC,571,1545,273822210,5.3126388888888894
2015-02-19 00:00:00 UTC,571,1546,273821210,8.8865277777777774
2015-02-19 00:00:00 UTC,571,1545,273821210,2.1190277777777777
2015-02-19 00:00:00 UTC,571,1545,273812510,1.5380555555555555
2015-02-19 00:00:00 UTC,571,-71,233586000,3.8909722222222221
2015-02-19 00:00:00 UTC,571,-1525,367327570,0.058194444444444444
2015-02-19 00:00:00 UTC,571,-1721,367033950,4.3858333333333333
2015-02-19 00:00:00 UTC,571,-1720,367033950,11.376388888888888
2015-02-19 00:00:00 UTC,571,-1719,367033950,1.1515277777777777
2015-02-19 00:00:00 UTC,571,241,275248000,2.3834722222222222
2015-02-19 00:00:00 UTC,571,240,275248000,2.0247222222222221
2015-02-19 00:00:00 UTC,571,118,266095000,4.9668055555555553
2015-02-19 00:00:00 UTC,571,119,266095000,4.9152777777777779
2015-02-19 00:00:00 UTC,571,-20,235008412,0.25416666666666665
2015-02-19 00:00:00 UTC,571,-21,235008412,0.24125
2015-02-19 00:00:00 UTC,571,1545,273342630,5.5458333333333334
2015-02-19 00:00:00 UTC,571,118,266169000,1.503611111111111
2015-02-19 00:00:00 UTC,571,116,266169000,0.59986111111111118
2015-02-19 00:00:00 UTC,571,119,266169000,1.4224999999999999
2015-02-19 00:00:00 UTC,571,1544,273449170,0.087777777777777774
2015-02-19 00:00:00 UTC,571,-18,235097047,0.65333333333333332
2015-02-19 00:00:00 UTC,571,-19,235097047,0.85958333333333325
2015-02-19 00:00:00 UTC,571,1543,273378520,8.2216666666666658
2015-02-19 00:00:00 UTC,-453,-602,412328741,6.5348611111111108
2015-02-19 00:00:00 UTC,-453,-602,412328763,7.2513888888888891
2015-02-19 00:00:00 UTC,-453,-602,412328765,11.591666666666667
2015-02-19 00:00:00 UTC,-453,-602,412331074,2.1804166666666669
2015-02-19 00:00:00 UTC,-453,-601,412331074,7.1858333333333331
2015-02-19 00:00:00 UTC,-453,-603,412420935,2.64875
2015-02-19 00:00:00 UTC,-453,-602,412271490,7.5751388888888886
2015-02-19 00:00:00 UTC,-453,-604,412694470,7.5988888888888884
2015-02-19 00:00:00 UTC,-453,-602,740333000,0.72666666666666679
2015-02-19 00:00:00 UTC,-453,-601,740333000,4.3280555555555562
2015-02-19 00:00:00 UTC,-453,-601,740354000,2.028888888888889
2015-02-19 00:00:00 UTC,-453,-602,740354000,0.90444444444444438
2015-02-19 00:00:00 UTC,-453,1713,512002264,2.6205555555555557
2015-02-19 00:00:00 UTC,-453,-602,740353000,8.5755555555555549
2015-02-19 00:00:00 UTC,-453,-639,701000947,1.7554166666666666
2015-02-19 00:00:00 UTC,-453,-603,412371196,2.9305555555555554
2015-02-19 00:00:00 UTC,-197,423,431838000,0.16944444444444445
2015-02-19 00:00:00 UTC,-197,1168,503501400,4.0206944444444446
2015-02-19 00:00:00 UTC,-197,1170,503501400,3.5866666666666669
2015-02-19 00:00:00 UTC,-197,1171,503501400,1.2302777777777778
2015-02-19 00:00:00 UTC,-197,-980,224156000,0.88750000000000007
2015-02-19 00:00:00 UTC,-197,-945,224188000,3.7027777777777779
2015-02-19 00:00:00 UTC,-197,-941,224188000,2.04
2015-02-19 00:00:00 UTC,-197,-247,224913000,3.4876388888888892
2015-02-19 00:00:00 UTC,-197,-250,224913000,1.4068055555555556
2015-02-19 00:00:00 UTC,-197,1170,503220100,20.601527777777775
2015-02-19 00:00:00 UTC,-197,115,659397000,5.8108333333333331
2015-02-19 00:00:00 UTC,-197,-1006,412420792,1.21125
2015-02-19 00:00:00 UTC,-197,-1005,412420792,1.94875
2015-02-19 00:00:00 UTC,-197,-1031,412420793,5.8090277777777786
2015-02-19 00:00:00 UTC,-197,-1008,412420794,2.3751388888888894
2015-02-19 00:00:00 UTC,-197,-1007,412420794,0.81250000000000011
2015-02-19 00:00:00 UTC,-197,-1010,412420795,1.0279166666666666
2015-02-19 00:00:00 UTC,-197,-1009,412420795,0.14972222222222223
2015-02-19 00:00:00 UTC,-197,-233,224609000,1.75
2015-02-19 00:00:00 UTC,-197,-1005,412420862,0.92402777777777789
2015-02-19 00:00:00 UTC,-197,-1004,412420862,1.7529166666666667
2015-02-19 00:00:00 UTC,60,-1763,9102875,23.295555555555556
2015-02-19 00:00:00 UTC,60,-194,432045000,1.4405555555555556
2015-02-19 00:00:00 UTC,60,-195,432045000,0.73263888888888884
2015-02-19 00:00:00 UTC,60,-196,432045000,1.5047222222222221
2015-02-19 00:00:00 UTC,572,1546,273821210,2.541666666666667
2015-02-19 00:00:00 UTC,572,-1719,367033950,1.0790277777777779
2015-02-19 00:00:00 UTC,572,-1335,367173750,6.8030555555555541
2015-02-19 00:00:00 UTC,572,241,275248000,3.5625000000000004
2015-02-19 00:00:00 UTC,572,240,275248000,0.90027777777777773
2015-02-19 00:00:00 UTC,572,119,266095000,1.6483333333333334
2015-02-19 00:00:00 UTC,572,120,266095000,0.41402777777777777
2015-02-19 00:00:00 UTC,572,241,275151000,7.62763888888889
2015-02-19 00:00:00 UTC,572,1546,273342630,1.5847222222222221
2015-02-19 00:00:00 UTC,572,120,266169000,0.62513888888888891
2015-02-19 00:00:00 UTC,572,-1731,367630000,6.690833333333333
2015-02-19 00:00:00 UTC,572,-1730,367630000,0.60541666666666671
2015-02-19 00:00:00 UTC,572,-19,235097047,8.0276388888888874
2015-02-19 00:00:00 UTC,572,-18,235097047,0.65541666666666676
2015-02-19 00:00:00 UTC,572,-1735,366993150,3.3141666666666669
2015-02-19 00:00:00 UTC,-452,-601,412420908,7.5325000000000006
2015-02-19 00:00:00 UTC,-452,-602,412331075,2.6108333333333333
2015-02-19 00:00:00 UTC,-452,-601,740333000,9.25236111111111
2015-02-19 00:00:00 UTC,-452,-601,740354000,7.3223611111111113
2015-02-19 00:00:00 UTC,-452,1713,512002264,1.3216666666666665
2015-02-19 00:00:00 UTC,-452,-602,740353000,3.5456944444444445
2015-02-19 00:00:00 UTC,-452,-595,440854000,1.1922222222222223
2015-02-19 00:00:00 UTC,-196,-1800,520085000,3.13625
2015-02-19 00:00:00 UTC,-196,-1799,520085000,0.50958333333333328
2015-02-19 00:00:00 UTC,-196,-1023,412400154,2.1693055555555554
2015-02-19 00:00:00 UTC,-196,-1022,412400154,4.4709722222222226
2015-02-19 00:00:00 UTC,-196,-1027,412420914,11.662638888888889
2015-02-19 00:00:00 UTC,-196,-980,224156000,1.0048611111111112
2015-02-19 00:00:00 UTC,-196,-940,224188000,0.48875
2015-02-19 00:00:00 UTC,-196,-249,224913000,0.69708333333333328
2015-02-19 00:00:00 UTC,-196,-248,224913000,1.1029166666666668
2015-02-19 00:00:00 UTC,-196,-251,224913000,1.0709722222222222
2015-02-19 00:00:00 UTC,-196,-250,224913000,1.0347222222222223
2015-02-19 00:00:00 UTC,-196,115,659397000,4.28013888888889
2015-02-19 00:00:00 UTC,-196,114,659397000,1.0781944444444445
2015-02-19 00:00:00 UTC,-196,-1008,412420792,3.2801388888888887
2015-02-19 00:00:00 UTC,-196,-1006,412420792,3.5636111111111113
2015-02-19 00:00:00 UTC,-196,-1010,412420794,4.0876388888888888
2015-02-19 00:00:00 UTC,-196,-1008,412420794,0.25
2015-02-19 00:00:00 UTC,-196,-1009,412420794,2.2130555555555556
2015-02-19 00:00:00 UTC,-196,-1016,412420811,4.5002777777777778
2015-02-19 00:00:00 UTC,-196,-234,224609000,0.8651388888888889
2015-02-19 00:00:00 UTC,-196,-1006,412420862,0.48305555555555557
2015-02-19 00:00:00 UTC,-196,-1005,412420862,6.3648611111111109
2015-02-19 00:00:00 UTC,61,-194,432367000,3.0247222222222225
2015-02-19 00:00:00 UTC,61,-196,432367000,0.43902777777777774
2015-02-19 00:00:00 UTC,61,-204,432367000,3.6929166666666666
2015-02-19 00:00:00 UTC,61,-203,432367000,4.38625
2015-02-19 00:00:00 UTC,61,-195,432367000,0.55875
2015-02-19 00:00:00 UTC,61,-197,432367000,0.61222222222222222
2015-02-19 00:00:00 UTC,61,-202,432367000,1.3263888888888891
2015-02-19 00:00:00 UTC,61,-199,432367000,1.9780555555555557
2015-02-19 00:00:00 UTC,61,-200,432367000,1.3981944444444443
2015-02-19 00:00:00 UTC,61,-198,432367000,0.45027777777777778
2015-02-19 00:00:00 UTC,61,-201,432367000,2.016111111111111
2015-02-19 00:00:00 UTC,573,1546,273822210,6.3334722222222224
2015-02-19 00:00:00 UTC,573,1547,273822210,1.5279166666666666
2015-02-19 00:00:00 UTC,573,1546,273877000,3.7770833333333331
2015-02-19 00:00:00 UTC,573,68,265770000,1.050138888888889
2015-02-19 00:00:00 UTC,573,70,265770000,1.2584722222222222
2015-02-19 00:00:00 UTC,573,69,265770000,1.0498611111111111
2015-02-19 00:00:00 UTC,573,71,265770000,0.83763888888888882
2015-02-19 00:00:00 UTC,573,241,275210000,0.21916666666666668
2015-02-19 00:00:00 UTC,573,242,275210000,0.21805555555555556
2015-02-19 00:00:00 UTC,573,-1727,367033950,2.2947222222222221
2015-02-19 00:00:00 UTC,573,-1725,367033950,3.7638888888888888
2015-02-19 00:00:00 UTC,573,1535,273896300,1.538888888888889
2015-02-19 00:00:00 UTC,573,1535,273437810,5.8347222222222221
2015-02-19 00:00:00 UTC,573,241,275151000,2.1476388888888889
2015-02-19 00:00:00 UTC,573,242,275151000,0.28333333333333333
2015-02-19 00:00:00 UTC,573,1547,273342630,1.5375
2015-02-19 00:00:00 UTC,573,-1730,367630000,0.56527777777777777
2015-02-19 00:00:00 UTC,573,-1732,367630000,0.17638888888888887
2015-02-19 00:00:00 UTC,573,-1731,367630000,2.6926388888888888
2015-02-19 00:00:00 UTC,573,1535,273358010,3.7833333333333332
2015-02-19 00:00:00 UTC,573,1535,273359300,1.5366666666666666
2015-02-19 00:00:00 UTC,573,-18,235097047,0.20819444444444446
2015-02-19 00:00:00 UTC,573,243,275425000,0.64208333333333334
2015-02-19 00:00:00 UTC,573,242,275425000,0.42347222222222219
2015-02-19 00:00:00 UTC,573,241,275425000,6.1601388888888886
2015-02-19 00:00:00 UTC,573,1535,273814510,3.7613888888888889
2015-02-19 00:00:00 UTC,573,1535,273873400,3.1322222222222225
2015-02-19 00:00:00 UTC,-451,-604,701024000,0.48041666666666666
2015-02-19 00:00:00 UTC,-451,-605,701024000,7.42375
2015-02-19 00:00:00 UTC,-451,-601,740354000,4.6333333333333329
2015-02-19 00:00:00 UTC,-451,-602,412270039,9.0402777777777779
2015-02-19 00:00:00 UTC,-451,-602,740353000,0.49041666666666661
2015-02-19 00:00:00 UTC,-451,-601,740353000,1.3262500000000002
2015-02-19 00:00:00 UTC,-451,-594,440854000,4.6418055555555551
2015-02-19 00:00:00 UTC,-451,-595,440854000,0.97472222222222227
2015-02-19 00:00:00 UTC,-195,-1797,520085000,0.67958333333333332
2015-02-19 00:00:00 UTC,-195,-1799,520085000,0.985
2015-02-19 00:00:00 UTC,-195,-1796,520085000,1.4222222222222221
2015-02-19 00:00:00 UTC,-195,-1798,520085000,1.0497222222222222
2015-02-19 00:00:00 UTC,-195,-1024,412400154,2.1395833333333334
2015-02-19 00:00:00 UTC,-195,-1017,412400154,4.4379166666666663
2015-02-19 00:00:00 UTC,-195,-980,224156000,1.0284722222222222
2015-02-19 00:00:00 UTC,-195,-940,224188000,1.7291666666666665
2015-02-19 00:00:00 UTC,-195,-939,224188000,1.4372222222222224
2015-02-19 00:00:00 UTC,-195,-943,224188000,4.4263888888888889
2015-02-19 00:00:00 UTC,-195,-247,224913000,1.1788888888888889
2015-02-19 00:00:00 UTC,-195,-248,224913000,0.87652777777777779
2015-02-19 00:00:00 UTC,-195,-246,224913000,3.7044444444444449
2015-02-19 00:00:00 UTC,-195,115,659397000,0.081805555555555548
2015-02-19 00:00:00 UTC,-195,-1008,412420792,3.1891666666666669
2015-02-19 00:00:00 UTC,-195,-1032,412420793,2.9544444444444449
2015-02-19 00:00:00 UTC,-195,-1011,412420795,4.5502777777777776
2015-02-19 00:00:00 UTC,-195,-236,224609000,0.84291666666666676
2015-02-19 00:00:00 UTC,-195,-234,224609000,0.56805555555555554
2015-02-19 00:00:00 UTC,-195,-237,224609000,2.8598611111111114
2015-02-19 00:00:00 UTC,-195,-1006,412420862,3.871666666666667
2015-02-19 00:00:00 UTC,62,1794,412691770,3.5308333333333333
2015-02-19 00:00:00 UTC,62,1793,412691770,7.9583333333333339
2015-02-19 00:00:00 UTC,62,1799,412691770,2.9358333333333335
2015-02-19 00:00:00 UTC,62,-1799,412691770,1.8194444444444446
2015-02-19 00:00:00 UTC,62,-1800,412691770,0.5163888888888889
2015-02-19 00:00:00 UTC,62,-1795,412691770,2.1813888888888888
2015-02-19 00:00:00 UTC,62,1792,412420195,7.5484722222222222
2015-02-19 00:00:00 UTC,62,-934,730050000,1.8781944444444445
2015-02-19 00:00:00 UTC,318,-1169,338097159,2.6894444444444439
2015-02-19 00:00:00 UTC,574,114,220256000,0.81958333333333333
2015-02-19 00:00:00 UTC,574,1547,273822210,3.783611111111111
2015-02-19 00:00:00 UTC,574,1547,273877000,1.5308333333333333
2015-02-19 00:00:00 UTC,574,68,265770000,2.1162500000000004
2015-02-19 00:00:00 UTC,574,70,265770000,2.3102777777777779
2015-02-19 00:00:00 UTC,574,72,265770000,6.25125
2015-02-19 00:00:00 UTC,574,67,265770000,2.1055555555555556
2015-02-19 00:00:00 UTC,574,69,265770000,2.0440277777777776
2015-02-19 00:00:00 UTC,574,71,265770000,5.542361111111112
2015-02-19 00:00:00 UTC,574,242,275210000,3.2288888888888891
2015-02-19 00:00:00 UTC,574,241,275210000,1.0479166666666666
2015-02-19 00:00:00 UTC,574,240,275210000,1.4779166666666668
2015-02-19 00:00:00 UTC,574,72,219956000,0.63083333333333336
2015-02-19 00:00:00 UTC,574,77,219956000,0.66222222222222216
2015-02-19 00:00:00 UTC,574,76,219956000,1.0131944444444443
2015-02-19 00:00:00 UTC,574,75,219956000,0.83208333333333329
2015-02-19 00:00:00 UTC,574,74,219956000,1.0570833333333334
2015-02-19 00:00:00 UTC,574,73,219956000,1.0605555555555557
2015-02-19 00:00:00 UTC,574,80,219188000,8.8722222222222236
2015-02-19 00:00:00 UTC,574,78,219188000,1.8320833333333333
2015-02-19 00:00:00 UTC,574,79,219188000,2.854166666666667
2015-02-19 00:00:00 UTC,574,115,266388000,1.8525000000000003
2015-02-19 00:00:00 UTC,574,114,266388000,0.52930555555555558
2015-02-19 00:00:00 UTC,574,116,266388000,2.7843055555555551
2015-02-19 00:00:00 UTC,574,1563,273429800,7.9252777777777776
2015-02-19 00:00:00 UTC,574,1565,273429800,9.78361111111111
2015-02-19 00:00:00 UTC,574,-67,235040576,5.5648611111111119
2015-02-19 00:00:00 UTC,574,1547,273878100,3.7904166666666668
2015-02-19 00:00:00 UTC,574,68,219633000,12.050277777777778
2015-02-19 00:00:00 UTC,574,1535,273896300,8.568194444444444
2015-02-19 00:00:00 UTC,574,1537,273896300,3.6584722222222221
2015-02-19 00:00:00 UTC,574,1536,273896300,2.9584722222222224
2015-02-19 00:00:00 UTC,574,1535,273437810,1.5416666666666667
2015-02-19 00:00:00 UTC,574,1537,273437810,3.7916666666666665
2015-02-19 00:00:00 UTC,574,241,275151000,2.8136111111111113
2015-02-19 00:00:00 UTC,574,115,266148000,1.86125
2015-02-19 00:00:00 UTC,574,116,266148000,1.4384722222222222
2015-02-19 00:00:00 UTC,574,114,266148000,1.4436111111111112
2015-02-19 00:00:00 UTC,574,75,219108000,0.10472222222222222
2015-02-19 00:00:00 UTC,574,1548,273342630,6.2977777777777781
2015-02-19 00:00:00 UTC,574,1547,273342630,5.3059722222222225
2015-02-19 00:00:00 UTC,574,1564,273447080,6.3144444444444456
2015-02-19 00:00:00 UTC,574,1565,273447080,3.7915277777777776
2015-02-19 00:00:00 UTC,574,114,220334000,0.62236111111111114
2015-02-19 00:00:00 UTC,574,-1729,367630000,3.2959722222222219
2015-02-19 00:00:00 UTC,574,-1731,367630000,3.6790277777777778
2015-02-19 00:00:00 UTC,574,-1732,367630000,5.8097222222222236
2015-02-19 00:00:00 UTC,574,1535,273358010,1.5565277777777777
2015-02-19 00:00:00 UTC,574,1536,273358010,6.2958333333333334
2015-02-19 00:00:00 UTC,574,1539,273445310,5.2926388888888889
2015-02-19 00:00:00 UTC,574,1538,273445310,5.3376388888888879
2015-02-19 00:00:00 UTC,574,1535,273359300,7.8852777777777785
2015-02-19 00:00:00 UTC,574,114,266306000,1.4677777777777778
2015-02-19 00:00:00 UTC,574,115,266306000,1.4258333333333333
2015-02-19 00:00:00 UTC,574,116,266306000,1.8477777777777777
2015-02-19 00:00:00 UTC,574,243,275425000,3.4206944444444445
2015-02-19 00:00:00 UTC,574,241,275425000,5.0081944444444453
2015-02-19 00:00:00 UTC,574,1535,273814510,1.6665277777777778
2015-02-19 00:00:00 UTC,574,1536,273814510,1.6334722222222222
2015-02-19 00:00:00 UTC,574,1537,273814510,4.4855555555555551
2015-02-19 00:00:00 UTC,574,1535,273873400,5.5443055555555558
2015-02-19 00:00:00 UTC,574,1536,273873400,10.06111111111111
2015-02-19 00:00:00 UTC,-450,-604,701024000,5.7388888888888889
2015-02-19 00:00:00 UTC,-450,-605,701024000,8.2970833333333331
2015-02-19 00:00:00 UTC,-450,-601,412420936,7.1740277777777779
2015-02-19 00:00:00 UTC,-450,-595,440854000,0.51958333333333329
2015-02-19 00:00:00 UTC,-450,-594,440854000,1.3294444444444444
2015-02-19 00:00:00 UTC,-194,-1797,520085000,0.34944444444444445
2015-02-19 00:00:00 UTC,-194,1799,520085000,3.7816666666666667
2015-02-19 00:00:00 UTC,-194,1797,520085000,1.4654166666666664
2015-02-19 00:00:00 UTC,-194,1798,520085000,3.8709722222222225
2015-02-19 00:00:00 UTC,-194,-1018,412400154,0.55375000000000008
2015-02-19 00:00:00 UTC,-194,-1025,412400154,2.2773611111111109
2015-02-19 00:00:00 UTC,-194,-1017,412400154,0.33305555555555555
2015-02-19 00:00:00 UTC,-194,-980,224156000,4.5418055555555554
2015-02-19 00:00:00 UTC,-194,-253,224380000,0.38319444444444445
2015-02-19 00:00:00 UTC,-194,-254,224380000,0.84208333333333329
2015-02-19 00:00:00 UTC,-194,-939,224188000,0.33625
2015-02-19 00:00:00 UTC,-194,114,659397000,0.76250000000000007
2015-02-19 00:00:00 UTC,-194,115,659397000,1.1375
2015-02-19 00:00:00 UTC,-194,-1032,412420793,1.9373611111111111
2015-02-19 00:00:00 UTC,-194,-1011,412420796,2.48375
2015-02-19 00:00:00 UTC,-194,-1017,412420811,5.125694444444445
2015-02-19 00:00:00 UTC,-194,-235,224609000,0.87638888888888888
2015-02-19 00:00:00 UTC,-194,-1003,412420847,5.9016666666666664
2015-02-19 00:00:00 UTC,-194,-1006,412420862,0.50777777777777777
2015-02-19 00:00:00 UTC,-194,-1007,412420862,6.5358333333333327
2015-02-19 00:00:00 UTC,63,1793,412420195,4.8748611111111106
2015-02-19 00:00:00 UTC,63,-934,730050000,0.28111111111111109
2015-02-19 00:00:00 UTC,575,236,275200000,0.46652777777777776
2015-02-19 00:00:00 UTC,575,114,220256000,3.9370833333333337
2015-02-19 00:00:00 UTC,575,113,220256000,1.2372222222222222
2015-02-19 00:00:00 UTC,575,1548,273877000,10.051944444444445
2015-02-19 00:00:00 UTC,575,1549,273877000,1.5456944444444445
2015-02-19 00:00:00 UTC,575,-1731,367363350,0.49458333333333332
2015-02-19 00:00:00 UTC,575,1548,273821210,4.16125
2015-02-19 00:00:00 UTC,575,71,219956000,1.1386111111111112
2015-02-19 00:00:00 UTC,575,70,219956000,1.1333333333333333
2015-02-19 00:00:00 UTC,575,72,219956000,0.44180555555555556
2015-02-19 00:00:00 UTC,575,69,219956000,1.3563888888888886
2015-02-19 00:00:00 UTC,575,67,219956000,1.1141666666666667
2015-02-19 00:00:00 UTC,575,68,219956000,1.1311111111111112
2015-02-19 00:00:00 UTC,575,114,266388000,4.9397222222222217
2015-02-19 00:00:00 UTC,575,113,266388000,1.5029166666666669
2015-02-19 00:00:00 UTC,575,1563,273429800,5.4413888888888895
2015-02-19 00:00:00 UTC,575,78,258216000,6.5490277777777779
2015-02-19 00:00:00 UTC,575,74,258216000,7.2220833333333339
2015-02-19 00:00:00 UTC,575,77,258216000,1.7997222222222224
2015-02-19 00:00:00 UTC,575,75,258216000,1.7458333333333331
2015-02-19 00:00:00 UTC,575,76,258216000,1.7775
2015-02-19 00:00:00 UTC,575,73,258216000,0.64208333333333334
2015-02-19 00:00:00 UTC,575,-67,235040576,3.4063888888888889
2015-02-19 00:00:00 UTC,575,1548,273878100,7.8234722222222217
2015-02-19 00:00:00 UTC,575,67,219633000,4.3461111111111119
2015-02-19 00:00:00 UTC,575,1538,273896300,5.2073611111111111
2015-02-19 00:00:00 UTC,575,1537,273896300,1.5801388888888892
2015-02-19 00:00:00 UTC,575,1562,273437810,1.336111111111111
2015-02-19 00:00:00 UTC,575,1563,273437810,5.96125
2015-02-19 00:00:00 UTC,575,74,265787000,0.21680555555555553
2015-02-19 00:00:00 UTC,575,1564,273821310,3.7915277777777776
2015-02-19 00:00:00 UTC,575,79,219014276,1.4765277777777777
2015-02-19 00:00:00 UTC,575,80,219014276,1.45875
2015-02-19 00:00:00 UTC,575,114,266148000,4.1501388888888888
2015-02-19 00:00:00 UTC,575,116,266148000,0.20597222222222222
2015-02-19 00:00:00 UTC,575,113,266148000,0.20694444444444443
2015-02-19 00:00:00 UTC,575,1547,273342630,3.7866666666666666
2015-02-19 00:00:00 UTC,575,1563,273447080,5.8331944444444446
2015-02-19 00:00:00 UTC,575,1564,273447080,1.3818055555555555
2015-02-19 00:00:00 UTC,575,72,219010989,1.9320833333333334
2015-02-19 00:00:00 UTC,575,69,219010989,1.596111111111111
2015-02-19 00:00:00 UTC,575,68,219010989,0.22361111111111112
2015-02-19 00:00:00 UTC,575,71,219010989,1.9270833333333335
2015-02-19 00:00:00 UTC,575,70,219010989,1.7731944444444443
2015-02-19 00:00:00 UTC,575,113,220334000,2.0408333333333335
2015-02-19 00:00:00 UTC,575,114,220334000,3.1258333333333335
2015-02-19 00:00:00 UTC,575,77,258542000,6.7177777777777781
2015-02-19 00:00:00 UTC,575,73,258542000,1.7943055555555556
2015-02-19 00:00:00 UTC,575,76,258542000,4.7666666666666657
2015-02-19 00:00:00 UTC,575,72,258542000,1.3663888888888889
2015-02-19 00:00:00 UTC,575,74,258542000,3.9959722222222225
2015-02-19 00:00:00 UTC,575,75,258542000,3.5556944444444447
2015-02-19 00:00:00 UTC,575,1541,273445310,7.1443055555555555
2015-02-19 00:00:00 UTC,575,114,266306000,5.96
2015-02-19 00:00:00 UTC,575,1537,273814510,1.1248611111111111
2015-02-19 00:00:00 UTC,575,1538,273814510,5.0001388888888894
2015-02-19 00:00:00 UTC,575,1539,273873400,3.7901388888888889
2015-02-19 00:00:00 UTC,575,1537,273873400,1.5390277777777777
2015-02-19 00:00:00 UTC,-449,-596,440854000,0.53472222222222221
2015-02-19 00:00:00 UTC,-193,1795,520085000,4.2137499999999992
2015-02-19 00:00:00 UTC,-193,1797,520085000,0.51361111111111113
2015-02-19 00:00:00 UTC,-193,1796,520085000,2.2725
2015-02-19 00:00:00 UTC,-193,1531,503798800,4.7498611111111106
2015-02-19 00:00:00 UTC,-193,-1026,412400154,0.994861111111111
2015-02-19 00:00:00 UTC,-193,-1018,412400154,1.0944444444444443
2015-02-19 00:00:00 UTC,-193,424,431838000,0.40125
2015-02-19 00:00:00 UTC,-193,423,431838000,0.72222222222222232
2015-02-19 00:00:00 UTC,-193,-255,224380000,5.05
2015-02-19 00:00:00 UTC,-193,-253,224380000,2.0783333333333331
2015-02-19 00:00:00 UTC,-193,-254,224380000,0.51319444444444451
2015-02-19 00:00:00 UTC,-193,114,659397000,1.804027777777778
2015-02-19 00:00:00 UTC,-193,-1033,412420793,0.55069444444444438
2015-02-19 00:00:00 UTC,-193,-1035,412420793,1.8997222222222223
2015-02-19 00:00:00 UTC,-193,-1012,412420796,2.9301388888888891
2015-02-19 00:00:00 UTC,-193,-1011,412420796,0.48305555555555557
2015-02-19 00:00:00 UTC,-193,-1018,412420811,2.1791666666666667
2015-02-19 00:00:00 UTC,64,1799,412420195,6.5272222222222229
2015-02-19 00:00:00 UTC,576,-1553,303328000,0.39180555555555557
2015-02-19 00:00:00 UTC,576,114,220256000,1.6248611111111111
2015-02-19 00:00:00 UTC,576,113,220256000,1.2115277777777778
2015-02-19 00:00:00 UTC,576,1550,273877000,1.5823611111111111
2015-02-19 00:00:00 UTC,576,65,259434000,3.7850000000000006
2015-02-19 00:00:00 UTC,576,67,259434000,1.1858333333333333
2015-02-19 00:00:00 UTC,576,66,259434000,2.221111111111111
2015-02-19 00:00:00 UTC,576,63,259434000,11.7625
2015-02-19 00:00:00 UTC,576,-1731,367363350,0.094444444444444442
2015-02-19 00:00:00 UTC,576,-1733,367363350,0.48222222222222222
2015-02-19 00:00:00 UTC,576,-1734,367363350,11.926388888888889
2015-02-19 00:00:00 UTC,576,-1732,367363350,0.79999999999999993
2015-02-19 00:00:00 UTC,576,61,219956000,1.3086111111111109
2015-02-19 00:00:00 UTC,576,63,257608500,1.0648611111111113
2015-02-19 00:00:00 UTC,576,64,257608500,1.0706944444444444
2015-02-19 00:00:00 UTC,576,116,265676610,1.8316666666666672
2015-02-19 00:00:00 UTC,576,236,275143000,0.62930555555555556
2015-02-19 00:00:00 UTC,576,235,275143000,1.45
2015-02-19 00:00:00 UTC,576,63,219633000,0.29680555555555554
2015-02-19 00:00:00 UTC,576,64,219633000,0.57388888888888889
2015-02-19 00:00:00 UTC,576,1550,273821310,1.5919444444444444
2015-02-19 00:00:00 UTC,576,1549,273821310,5.5458333333333334
2015-02-19 00:00:00 UTC,576,236,275173000,2.6015277777777781
2015-02-19 00:00:00 UTC,576,-19,235100553,0.20805555555555555
2015-02-19 00:00:00 UTC,576,62,257629600,8.0368055555555546
2015-02-19 00:00:00 UTC,576,64,257629600,0.41555555555555557
2015-02-19 00:00:00 UTC,576,63,257629600,1.7358333333333333
2015-02-19 00:00:00 UTC,576,98,219017895,7.78625
2015-02-19 00:00:00 UTC,576,113,220334000,1.4430555555555555
2015-02-19 00:00:00 UTC,576,114,220334000,1.825
2015-02-19 00:00:00 UTC,576,83,259118000,1.0779166666666666
2015-02-19 00:00:00 UTC,576,114,266371000,0.22097222222222221
2015-02-19 00:00:00 UTC,576,113,266371000,0.85333333333333328
2015-02-19 00:00:00 UTC,576,1539,273358010,3.7393055555555552
2015-02-19 00:00:00 UTC,576,64,257654500,1.9401388888888893
2015-02-19 00:00:00 UTC,576,67,257654500,0.22555555555555556
2015-02-19 00:00:00 UTC,576,65,257654500,2.4330555555555557
2015-02-19 00:00:00 UTC,576,63,257654500,0.86124999999999985
2015-02-19 00:00:00 UTC,576,66,257654500,1.9263888888888892
2015-02-19 00:00:00 UTC,576,1539,273814510,6.3848611111111113
2015-02-19 00:00:00 UTC,-448,-602,701000577,10.385416666666666
2015-02-19 00:00:00 UTC,-448,-603,701000577,4.6784722222222221
2015-02-19 00:00:00 UTC,-448,-598,412270039,3.2056944444444446
2015-02-19 00:00:00 UTC,-448,-597,440854000,2.5254166666666666
2015-02-19 00:00:00 UTC,-192,-1019,412400154,0.65388888888888885
2015-02-19 00:00:00 UTC,-192,-1020,412400154,4.9830555555555556
2015-02-19 00:00:00 UTC,-192,-1007,412420915,11.627222222222223
2015-02-19 00:00:00 UTC,-192,120,659036000,0.30694444444444446
2015-02-19 00:00:00 UTC,-192,118,659036000,1.5865277777777775
2015-02-19 00:00:00 UTC,-192,-256,224380000,1.1068055555555556
2015-02-19 00:00:00 UTC,-192,-255,224380000,1.1336111111111111
2015-02-19 00:00:00 UTC,-192,114,659397000,3.84875
2015-02-19 00:00:00 UTC,-192,-1019,412420811,1.8290277777777775
2015-02-19 00:00:00 UTC,-192,-1018,412420811,1.2877777777777779
2015-02-19 00:00:00 UTC,65,-194,432367000,3.4191666666666669
2015-02-19 00:00:00 UTC,65,-938,730052000,3.4793055555555554
2015-02-19 00:00:00 UTC,65,-937,730052000,13.189999999999998
2015-02-19 00:00:00 UTC,321,-320,224407000,4.4191666666666665
2015-02-19 00:00:00 UTC,321,-276,255401690,4.3833333333333329
2015-02-19 00:00:00 UTC,577,-1553,303328000,2.8138888888888887
2015-02-19 00:00:00 UTC,577,-1552,303328000,1.138611111111111
2015-02-19 00:00:00 UTC,577,113,220256000,0.80902777777777779
2015-02-19 00:00:00 UTC,577,112,220256000,0.81180555555555556
2015-02-19 00:00:00 UTC,577,1551,273877000,5.5423611111111111
2015-02-19 00:00:00 UTC,577,63,259434000,6.0836111111111109
2015-02-19 00:00:00 UTC,577,62,259434000,4.9638888888888886
2015-02-19 00:00:00 UTC,577,59,219956000,1.5708333333333333
2015-02-19 00:00:00 UTC,577,61,219956000,0.20847222222222223
2015-02-19 00:00:00 UTC,577,60,219956000,1.2802777777777776
2015-02-19 00:00:00 UTC,577,63,257608500,1.2745833333333334
2015-02-19 00:00:00 UTC,577,61,257608500,2.4611111111111112
2015-02-19 00:00:00 UTC,577,62,257608500,2.36375
2015-02-19 00:00:00 UTC,577,64,257608500,0.25125
2015-02-19 00:00:00 UTC,577,60,257608500,1.1612500000000001
2015-02-19 00:00:00 UTC,577,87,219443000,9.3423611111111118
2015-02-19 00:00:00 UTC,577,88,219443000,0.60555555555555551
2015-02-19 00:00:00 UTC,577,173,266045000,0.65027777777777773
2015-02-19 00:00:00 UTC,577,172,266045000,1.5375
2015-02-19 00:00:00 UTC,577,-1552,367162190,5.1583333333333332
2015-02-19 00:00:00 UTC,577,1552,273878100,1.5443055555555556
2015-02-19 00:00:00 UTC,577,236,275143000,2.7874999999999996
2015-02-19 00:00:00 UTC,577,-20,232004190,0.20555555555555555
2015-02-19 00:00:00 UTC,577,173,266353000,4.2951388888888893
2015-02-19 00:00:00 UTC,577,172,266353000,0.21527777777777779
2015-02-19 00:00:00 UTC,577,172,266427000,0.20555555555555555
2015-02-19 00:00:00 UTC,577,173,266427000,1.0390277777777779
2015-02-19 00:00:00 UTC,577,1552,273821310,1.5405555555555557
2015-02-19 00:00:00 UTC,577,236,275173000,2.3198611111111109
2015-02-19 00:00:00 UTC,577,-19,235100553,0.86694444444444452
2015-02-19 00:00:00 UTC,577,-18,235100553,1.3591666666666666
2015-02-19 00:00:00 UTC,577,64,257629600,0.63708333333333333
2015-02-19 00:00:00 UTC,577,59,257629600,7.09125
2015-02-19 00:00:00 UTC,577,99,219017895,0.85055555555555551
2015-02-19 00:00:00 UTC,577,100,219017895,0.8947222222222222
2015-02-19 00:00:00 UTC,577,102,219017895,2.3812499999999996
2015-02-19 00:00:00 UTC,577,101,219017895,0.73902777777777784
2015-02-19 00:00:00 UTC,577,-1553,367086760,3.0344444444444445
2015-02-19 00:00:00 UTC,577,113,220334000,1.0311111111111111
2015-02-19 00:00:00 UTC,577,112,220334000,0.40847222222222224
2015-02-19 00:00:00 UTC,577,85,259118000,1.1944444444444444
2015-02-19 00:00:00 UTC,577,84,259118000,2.4363888888888887
2015-02-19 00:00:00 UTC,577,83,259118000,0.38319444444444445
2015-02-19 00:00:00 UTC,577,113,266371000,1.9699999999999998
2015-02-19 00:00:00 UTC,577,112,266371000,0.586111111111111
2015-02-19 00:00:00 UTC,577,-1552,367352000,0.6183333333333334
2015-02-19 00:00:00 UTC,577,-1551,367352000,3.9475000000000007
2015-02-19 00:00:00 UTC,577,-23,232004550,0.85055555555555551
2015-02-19 00:00:00 UTC,577,-22,232004550,0.64194444444444443
2015-02-19 00:00:00 UTC,577,-21,232004550,0.64833333333333332
2015-02-19 00:00:00 UTC,577,172,265858000,0.82097222222222221
2015-02-19 00:00:00 UTC,577,173,265858000,3.9238888888888885
2015-02-19 00:00:00 UTC,577,-23,234839000,2.2483333333333335
2015-02-19 00:00:00 UTC,577,-22,234839000,0.95000000000000007
2015-02-19 00:00:00 UTC,577,-20,235102179,0.84583333333333333
2015-02-19 00:00:00 UTC,577,-21,235102179,2.3668055555555556
2015-02-19 00:00:00 UTC,577,64,257654500,0.21986111111111112
2015-02-19 00:00:00 UTC,577,61,257654500,2.2433333333333332
2015-02-19 00:00:00 UTC,577,63,257654500,1.8415277777777779
2015-02-19 00:00:00 UTC,577,60,257654500,2.4323611111111112
2015-02-19 00:00:00 UTC,577,62,257654500,1.7079166666666667
2015-02-19 00:00:00 UTC,577,-24,235018981,1.4777777777777779
2015-02-19 00:00:00 UTC,577,-25,235018981,3.1552777777777781
2015-02-19 00:00:00 UTC,577,-26,235018981,1.263611111111111
2015-02-19 00:00:00 UTC,-447,-602,701000577,8.4779166666666672
2015-02-19 00:00:00 UTC,-191,120,659036000,0.68958333333333333
2015-02-19 00:00:00 UTC,-191,121,659036000,0.2336111111111111
2015-02-19 00:00:00 UTC,-191,-255,224380000,0.7072222222222222
2015-02-19 00:00:00 UTC,-191,-256,224380000,1.5283333333333333
2015-02-19 00:00:00 UTC,-191,-1036,412420793,0.84597222222222213
2015-02-19 00:00:00 UTC,-191,-1020,412420811,3.2836111111111115
2015-02-19 00:00:00 UTC,-191,-1019,412420811,0.74208333333333332
2015-02-19 00:00:00 UTC,-191,-1021,412420811,2.1798611111111112
2015-02-19 00:00:00 UTC,-191,-1017,412420814,2.8045833333333334
2015-02-19 00:00:00 UTC,-191,-1018,412420814,2.7462500000000003
2015-02-19 00:00:00 UTC,66,-1743,576737000,4.9077777777777776
2015-02-19 00:00:00 UTC,322,-275,255401690,10.401527777777776
2015-02-19 00:00:00 UTC,578,-1551,303328000,1.0026388888888889
2015-02-19 00:00:00 UTC,578,-1552,303328000,0.42236111111111113
2015-02-19 00:00:00 UTC,578,-1550,303328000,1.0901388888888888
2015-02-19 00:00:00 UTC,578,1554,273359630,3.7311111111111108
2015-02-19 00:00:00 UTC,578,1553,273876000,3.7863888888888892
2015-02-19 00:00:00 UTC,578,58,259540000,0.72444444444444445
2015-02-19 00:00:00 UTC,578,-1552,367330860,4.5609722222222224
2015-02-19 00:00:00 UTC,578,90,219443000,1.7363888888888888
2015-02-19 00:00:00 UTC,578,88,219443000,0.92972222222222223
2015-02-19 00:00:00 UTC,578,173,266045000,3.0173611111111112
2015-02-19 00:00:00 UTC,578,172,266045000,4.1984722222222226
2015-02-19 00:00:00 UTC,578,173,266205000,1.8737499999999998
2015-02-19 00:00:00 UTC,578,172,266205000,3.2434722222222225
2015-02-19 00:00:00 UTC,578,-1549,367162190,0.36819444444444449
2015-02-19 00:00:00 UTC,578,1552,273878100,1.5876388888888888
2015-02-19 00:00:00 UTC,578,1553,273878100,5.53888888888889
2015-02-19 00:00:00 UTC,578,236,275143000,5.2938888888888895
2015-02-19 00:00:00 UTC,578,173,266353000,3.4575
2015-02-19 00:00:00 UTC,578,172,266353000,7.3505555555555562
2015-02-19 00:00:00 UTC,578,1524,273845610,6.04125
2015-02-19 00:00:00 UTC,578,173,266427000,2.7643055555555556
2015-02-19 00:00:00 UTC,578,172,266427000,1.4470833333333333
2015-02-19 00:00:00 UTC,578,-1550,367388280,0.18152777777777779
2015-02-19 00:00:00 UTC,578,-1549,367388280,0.47666666666666668
2015-02-19 00:00:00 UTC,578,-1551,367388280,1.54875
2015-02-19 00:00:00 UTC,578,1553,273821310,3.7583333333333333
2015-02-19 00:00:00 UTC,578,1523,273438080,1.53625
2015-02-19 00:00:00 UTC,578,1524,273438080,3.7901388888888885
2015-02-19 00:00:00 UTC,578,1522,273438080,4.8370833333333332
2015-02-19 00:00:00 UTC,578,-1550,367181980,2.2790277777777774
2015-02-19 00:00:00 UTC,578,-1549,367181980,3.9623611111111114
2015-02-19 00:00:00 UTC,578,59,257629600,3.3200000000000003
2015-02-19 00:00:00 UTC,578,-1527,303684000,1.2543055555555556
2015-02-19 00:00:00 UTC,578,-1549,367086760,0.665138888888889
2015-02-19 00:00:00 UTC,578,112,266371000,2.7320833333333332
2015-02-19 00:00:00 UTC,578,172,265816000,10.485555555555555
2015-02-19 00:00:00 UTC,578,-1551,367352000,0.48597222222222225
2015-02-19 00:00:00 UTC,578,-1550,367352000,4.415972222222222
2015-02-19 00:00:00 UTC,578,-1549,367352000,0.33972222222222226
2015-02-19 00:00:00 UTC,578,172,265858000,3.9804166666666667
2015-02-19 00:00:00 UTC,578,173,265858000,1.8973611111111111
2015-02-19 00:00:00 UTC,578,-20,234839000,1.5526388888888889
2015-02-19 00:00:00 UTC,578,-22,234839000,3.7126388888888888
2015-02-19 00:00:00 UTC,578,-21,234839000,4.5255555555555551
2015-02-19 00:00:00 UTC,578,-23,234839000,0.63305555555555548
2015-02-19 00:00:00 UTC,578,91,219948000,10.960694444444446
2015-02-19 00:00:00 UTC,578,90,219948000,10.064583333333335
2015-02-19 00:00:00 UTC,578,59,257654500,2.48625
2015-02-19 00:00:00 UTC,578,60,257654500,2.4399999999999995
2015-02-19 00:00:00 UTC,578,-24,235018981,1.8906944444444445
2015-02-19 00:00:00 UTC,578,-23,235018981,3.7977777777777773
2015-02-19 00:00:00 UTC,578,-21,235018981,2.9483333333333333
2015-02-19 00:00:00 UTC,578,-22,235018981,3.56375
2015-02-19 00:00:00 UTC,578,-1549,367319530,0.32944444444444443
2015-02-19 00:00:00 UTC,-446,-1793,512000015,0.33236111111111111
2015-02-19 00:00:00 UTC,-446,-1792,512000015,3.5429166666666667
2015-02-19 00:00:00 UTC,-190,115,659036000,1.2565277777777777
2015-02-19 00:00:00 UTC,-190,114,659036000,5.28125
2015-02-19 00:00:00 UTC,-190,113,659036000,3.9129166666666664
2015-02-19 00:00:00 UTC,-190,-255,224380000,0.72694444444444439
2015-02-19 00:00:00 UTC,-190,-257,224380000,1.2934722222222221
2015-02-19 00:00:00 UTC,-190,-253,224380000,4.3098611111111111
2015-02-19 00:00:00 UTC,-190,-256,224380000,0.75944444444444448
2015-02-19 00:00:00 UTC,-190,1799,520153000,5.6027777777777779
2015-02-19 00:00:00 UTC,-190,-1036,412420793,2.2712499999999998
2015-02-19 00:00:00 UTC,67,-934,371696000,0.6725
2015-02-19 00:00:00 UTC,67,-935,371696000,1.2319444444444445
2015-02-19 00:00:00 UTC,67,-194,432367000,1.4877777777777776
2015-02-19 00:00:00 UTC,67,-1740,576737000,2.5273611111111109
2015-02-19 00:00:00 UTC,67,-1738,576737000,1.7694444444444444
2015-02-19 00:00:00 UTC,67,-1741,576737000,5.7994444444444451
2015-02-19 00:00:00 UTC,323,-318,224407000,4.3281944444444447
2015-02-19 00:00:00 UTC,323,-317,224407000,0.34694444444444444
2015-02-19 00:00:00 UTC,323,-276,255401690,0.40125
2015-02-19 00:00:00 UTC,579,74,257898500,1.0934722222222222
2015-02-19 00:00:00 UTC,579,73,257898500,5.2241666666666671
2015-02-19 00:00:00 UTC,579,1553,273359630,5.5408333333333335
2015-02-19 00:00:00 UTC,579,1554,273359630,1.5472222222222221
2015-02-19 00:00:00 UTC,579,1552,273876000,5.2848611111111117
2015-02-19 00:00:00 UTC,579,1550,273876000,7.855
2015-02-19 00:00:00 UTC,579,1548,273876000,7.1227777777777774
2015-02-19 00:00:00 UTC,579,58,259540000,1.2620833333333334
2015-02-19 00:00:00 UTC,579,1555,273848100,2.2206944444444443
2015-02-19 00:00:00 UTC,579,1554,273448750,6.2879166666666668
2015-02-19 00:00:00 UTC,579,-1737,303426100,7.0656944444444445
2015-02-19 00:00:00 UTC,579,-1736,303426100,7.4056944444444461
2015-02-19 00:00:00 UTC,579,1525,273243200,6.121249999999999
2015-02-19 00:00:00 UTC,579,1523,273243200,2.5404166666666663
2015-02-19 00:00:00 UTC,579,1524,273243200,4.5733333333333333
2015-02-19 00:00:00 UTC,579,1522,273243200,4.755694444444444
2015-02-19 00:00:00 UTC,579,-63,232004676,0.82902777777777781
2015-02-19 00:00:00 UTC,579,173,266045000,0.22097222222222224
2015-02-19 00:00:00 UTC,579,173,266205000,3.8247222222222224
2015-02-19 00:00:00 UTC,579,174,266205000,2.0430555555555556
2015-02-19 00:00:00 UTC,579,1527,273825610,1.5390277777777777
2015-02-19 00:00:00 UTC,579,-1549,367162190,0.18569444444444444
2015-02-19 00:00:00 UTC,579,1550,273442400,1.7493055555555554
2015-02-19 00:00:00 UTC,579,1548,273442400,5.3916666666666666
2015-02-19 00:00:00 UTC,579,1552,273442400,1.5277777777777777
2015-02-19 00:00:00 UTC,579,1549,273442400,3.754861111111111
2015-02-19 00:00:00 UTC,579,174,266353000,1.5694444444444446
2015-02-19 00:00:00 UTC,579,172,266353000,0.56111111111111112
2015-02-19 00:00:00 UTC,579,175,266353000,0.20527777777777778
2015-02-19 00:00:00 UTC,579,173,266353000,6.0313888888888894
2015-02-19 00:00:00 UTC,579,1527,273845610,0.51388888888888884
2015-02-19 00:00:00 UTC,579,1528,273845610,3.65125
2015-02-19 00:00:00 UTC,579,1525,273845610,3.789166666666667
2015-02-19 00:00:00 UTC,579,1552,273819510,5.3026388888888887
2015-02-19 00:00:00 UTC,579,172,266427000,0.22083333333333333
2015-02-19 00:00:00 UTC,579,173,266427000,3.3802777777777782
2015-02-19 00:00:00 UTC,579,-1549,367388280,0.51652777777777781
2015-02-19 00:00:00 UTC,579,-1548,367388280,0.31513888888888891
2015-02-19 00:00:00 UTC,579,1528,273438080,3.659583333333333
2015-02-19 00:00:00 UTC,579,1527,273438080,1.9598611111111113
2015-02-19 00:00:00 UTC,579,1526,273438080,0.68861111111111106
2015-02-19 00:00:00 UTC,579,56,259450000,1.9356944444444446
2015-02-19 00:00:00 UTC,579,55,259450000,3.6170833333333334
2015-02-19 00:00:00 UTC,579,-1549,367181980,3.0348611111111112
2015-02-19 00:00:00 UTC,579,-1547,367181980,1.8350000000000002
2015-02-19 00:00:00 UTC,579,-1546,367181980,0.39166666666666666
2015-02-19 00:00:00 UTC,579,-1548,367181980,0.38625
2015-02-19 00:00:00 UTC,579,107,219013539,1.2393055555555557
2015-02-19 00:00:00 UTC,579,106,219013539,1.8563888888888886
2015-02-19 00:00:00 UTC,579,108,219013539,1.2419444444444443
2015-02-19 00:00:00 UTC,579,171,265817000,1.4384722222222222
2015-02-19 00:00:00 UTC,579,172,265817000,1.6791666666666667
2015-02-19 00:00:00 UTC,579,-1549,367086760,0.36138888888888887
2015-02-19 00:00:00 UTC,579,-1548,367086760,0.36097222222222225
2015-02-19 00:00:00 UTC,579,95,219801000,5.2766666666666673
2015-02-19 00:00:00 UTC,579,97,219801000,0.94875
2015-02-19 00:00:00 UTC,579,96,219801000,1.4509722222222223
2015-02-19 00:00:00 UTC,579,1548,273358010,5.5445833333333336
2015-02-19 00:00:00 UTC,579,172,265816000,1.175
2015-02-19 00:00:00 UTC,579,171,265816000,1.2999999999999998
2015-02-19 00:00:00 UTC,579,-1549,367352000,0.18333333333333335
2015-02-19 00:00:00 UTC,579,173,265858000,3.0091666666666668
2015-02-19 00:00:00 UTC,579,-1548,338604000,0.30402777777777779
2015-02-19 00:00:00 UTC,579,1528,273429220,0.66125
2015-02-19 00:00:00 UTC,579,59,257654500,0.71791666666666665
2015-02-19 00:00:00 UTC,579,-1548,367319530,0.74972222222222229
2015-02-19 00:00:00 UTC,579,-1549,367319530,0.17083333333333334
2015-02-19 00:00:00 UTC,-445,-1793,512000015,1.66
2015-02-19 00:00:00 UTC,-445,-1786,512000015,0.18680555555555556
2015-02-19 00:00:00 UTC,-445,-1788,512000015,6.1231944444444446
2015-02-19 00:00:00 UTC,-445,-1787,512000015,6.5181944444444451
2015-02-19 00:00:00 UTC,-445,-1794,512000015,1.0050000000000001
2015-02-19 00:00:00 UTC,-445,1733,512000125,4.2740277777777793
2015-02-19 00:00:00 UTC,-445,1734,512000125,0.21375
2015-02-19 00:00:00 UTC,-445,1732,512000125,1.4190277777777776
2015-02-19 00:00:00 UTC,-189,1002,432405000,1.7447222222222223
2015-02-19 00:00:00 UTC,-189,1001,432405000,0.39736111111111111
2015-02-19 00:00:00 UTC,-189,-253,224380000,1.5093055555555557
2015-02-19 00:00:00 UTC,-189,-256,224380000,1.6244444444444444
2015-02-19 00:00:00 UTC,-189,-255,224380000,0.65527777777777785
2015-02-19 00:00:00 UTC,-189,-1800,520153000,3.161111111111111
2015-02-19 00:00:00 UTC,68,-940,730048000,0.3225
2015-02-19 00:00:00 UTC,68,-232,432991000,1.2440277777777777
2015-02-19 00:00:00 UTC,68,-228,432991000,4.4595833333333328
2015-02-19 00:00:00 UTC,68,-233,432991000,4.5080555555555559
2015-02-19 00:00:00 UTC,68,-234,432991000,0.40208333333333335
2015-02-19 00:00:00 UTC,68,-236,432991000,3.38875
2015-02-19 00:00:00 UTC,68,-231,432991000,1.0833333333333333
2015-02-19 00:00:00 UTC,68,-235,432991000,1.0586111111111112
2015-02-19 00:00:00 UTC,68,-940,730050000,0.29944444444444446
2015-02-19 00:00:00 UTC,68,-941,730050000,4.4706944444444447
2015-02-19 00:00:00 UTC,68,-1737,576737000,6.4813888888888886
2015-02-19 00:00:00 UTC,68,-1736,576737000,3.9968055555555555
2015-02-19 00:00:00 UTC,68,-1738,576737000,0.7075
2015-02-19 00:00:00 UTC,324,-317,224407000,2.0223611111111111
2015-02-19 00:00:00 UTC,580,1550,273896200,4.4919444444444441
2015-02-19 00:00:00 UTC,580,1553,273359630,1.5890277777777777
2015-02-19 00:00:00 UTC,580,1555,273848100,1.9925000000000004
2015-02-19 00:00:00 UTC,580,1554,273448750,1.55125
2015-02-19 00:00:00 UTC,580,-1738,303426100,3.1047222222222222
2015-02-19 00:00:00 UTC,580,-1737,303426100,3.7566666666666668
2015-02-19 00:00:00 UTC,580,-1739,303426100,1.3618055555555555
2015-02-19 00:00:00 UTC,580,1529,273565500,7.1086111111111112
2015-02-19 00:00:00 UTC,580,1528,273565500,11.646111111111111
2015-02-19 00:00:00 UTC,580,-63,232004676,3.681805555555556
2015-02-19 00:00:00 UTC,580,-64,232004676,2.0973611111111108
2015-02-19 00:00:00 UTC,580,100,219709000,1.0497222222222222
2015-02-19 00:00:00 UTC,580,99,219709000,1.5
2015-02-19 00:00:00 UTC,580,1528,273825610,7.6665277777777776
2015-02-19 00:00:00 UTC,580,1529,273825610,14.084722222222222
2015-02-19 00:00:00 UTC,580,1551,273442400,6.2877777777777784
2015-02-19 00:00:00 UTC,580,1528,273845610,1.9441666666666668
2015-02-19 00:00:00 UTC,580,1529,273845610,2.675
2015-02-19 00:00:00 UTC,580,1530,273845610,0.21236111111111111
2015-02-19 00:00:00 UTC,580,1527,273845610,4.87375
2015-02-19 00:00:00 UTC,580,100,219013485,5.7166666666666668
2015-02-19 00:00:00 UTC,580,-64,235008880,0.64361111111111113
2015-02-19 00:00:00 UTC,580,-63,235008880,1.1152777777777776
2015-02-19 00:00:00 UTC,580,1552,273819510,1.5920833333333333
2015-02-19 00:00:00 UTC,580,173,266427000,2.1055555555555556
2015-02-19 00:00:00 UTC,580,1529,273438080,1.3244444444444445
2015-02-19 00:00:00 UTC,580,1528,273438080,5.5534722222222221
2015-02-19 00:00:00 UTC,580,1527,273438080,0.69569444444444439
2015-02-19 00:00:00 UTC,580,99,219013538,0.8875
2015-02-19 00:00:00 UTC,580,100,219013538,1.0902777777777777
2015-02-19 00:00:00 UTC,580,108,219013538,2.6656944444444446
2015-02-19 00:00:00 UTC,580,107,219013538,1.2441666666666666
2015-02-19 00:00:00 UTC,580,98,219013538,1.0233333333333334
2015-02-19 00:00:00 UTC,580,97,219013538,5.1168055555555556
2015-02-19 00:00:00 UTC,580,106,219013538,1.4895833333333335
2015-02-19 00:00:00 UTC,580,105,219013538,0.83527777777777779
2015-02-19 00:00:00 UTC,580,108,219013539,0.20416666666666666
2015-02-19 00:00:00 UTC,580,105,219013539,2.3605555555555551
2015-02-19 00:00:00 UTC,580,106,219013539,3.8384722222222227
2015-02-19 00:00:00 UTC,580,97,219801000,1.0058333333333334
2015-02-19 00:00:00 UTC,580,98,219801000,1.0745833333333332
2015-02-19 00:00:00 UTC,580,173,265858000,2.0462499999999997
2015-02-19 00:00:00 UTC,580,1527,273429220,1.2819444444444446
2015-02-19 00:00:00 UTC,580,1530,273429220,4.5888888888888886
2015-02-19 00:00:00 UTC,580,1529,273429220,7.1462499999999993
2015-02-19 00:00:00 UTC,580,1528,273429220,5.6752777777777768
2015-02-19 00:00:00 UTC,-444,-1796,512000015,0.43486111111111114
2015-02-19 00:00:00 UTC,-444,-1794,512000015,0.56402777777777779
2015-02-19 00:00:00 UTC,-444,-1795,512000015,0.505
2015-02-19 00:00:00 UTC,-444,-615,701030000,2.4422222222222221
2015-02-19 00:00:00 UTC,-444,1735,512000122,1.3030555555555554
2015-02-19 00:00:00 UTC,-444,1734,512000122,0.57624999999999993
2015-02-19 00:00:00 UTC,-444,1734,512000125,4.8616666666666655
2015-02-19 00:00:00 UTC,-444,1735,512000125,3.6244444444444439
2015-02-19 00:00:00 UTC,-444,1733,512000125,1.5183333333333331
2015-02-19 00:00:00 UTC,-444,-615,701006007,3.8094444444444449
2015-02-19 00:00:00 UTC,-444,1713,512000192,1.5515277777777781
2015-02-19 00:00:00 UTC,-444,1716,512000192,0.87055555555555564
2015-02-19 00:00:00 UTC,-188,1001,432405000,1.8254166666666667
2015-02-19 00:00:00 UTC,-188,1002,432405000,2.7463888888888892
2015-02-19 00:00:00 UTC,-188,-953,735059233,0.16513888888888889
2015-02-19 00:00:00 UTC,-188,-954,735059233,2.1469444444444448
2015-02-19 00:00:00 UTC,-188,1798,520153000,4.2008333333333336
2015-02-19 00:00:00 UTC,-188,1799,520153000,4.152916666666667
2015-02-19 00:00:00 UTC,-188,-1800,520153000,3.4377777777777778
2015-02-19 00:00:00 UTC,69,-236,432991000,0.56666666666666665
2015-02-19 00:00:00 UTC,69,-234,432991000,0.1525
2015-02-19 00:00:00 UTC,69,-235,432991000,0.48722222222222222
2015-02-19 00:00:00 UTC,69,-237,432991000,0.34166666666666662
2015-02-19 00:00:00 UTC,69,-1361,412440238,18.207916666666669
2015-02-19 00:00:00 UTC,325,1214,413011478,5.7505555555555565
2015-02-19 00:00:00 UTC,325,1213,412352829,0.14930555555555555
2015-02-19 00:00:00 UTC,325,1214,412358216,1.9756944444444446
2015-02-19 00:00:00 UTC,325,1216,412352934,8.9458333333333329
2015-02-19 00:00:00 UTC,325,1216,412352717,0.20430555555555557
2015-02-19 00:00:00 UTC,325,1214,412353003,2.6495833333333332
2015-02-19 00:00:00 UTC,581,1556,273892100,12.294583333333334
2015-02-19 00:00:00 UTC,581,1552,273896200,1.5431944444444445
2015-02-19 00:00:00 UTC,581,1556,273359630,3.7868055555555555
2015-02-19 00:00:00 UTC,581,1555,273359630,1.5708333333333333
2015-02-19 00:00:00 UTC,581,1554,273359630,6.2834722222222226
2015-02-19 00:00:00 UTC,581,1555,273848100,5.4459722222222222
2015-02-19 00:00:00 UTC,581,1553,273448750,3.7848611111111112
2015-02-19 00:00:00 UTC,581,-24,235098679,1.9786111111111113
2015-02-19 00:00:00 UTC,581,-23,235098679,0.21097222222222223
2015-02-19 00:00:00 UTC,581,101,219709000,1.365
2015-02-19 00:00:00 UTC,581,100,219709000,0.87513888888888891
2015-02-19 00:00:00 UTC,581,1553,273442400,5.3443055555555556
2015-02-19 00:00:00 UTC,581,101,219013485,6.5331944444444447
2015-02-19 00:00:00 UTC,581,102,219013485,1.9962499999999999
2015-02-19 00:00:00 UTC,581,-63,235008880,0.46194444444444438
2015-02-19 00:00:00 UTC,581,-61,235008880,4.2419444444444432
2015-02-19 00:00:00 UTC,581,-64,235008880,0.42069444444444448
2015-02-19 00:00:00 UTC,581,-62,235008880,2.8361111111111112
2015-02-19 00:00:00 UTC,581,-60,235008880,0.46208333333333329
2015-02-19 00:00:00 UTC,581,173,266427000,1.872222222222222
2015-02-19 00:00:00 UTC,581,177,266352000,1.2655555555555555
2015-02-19 00:00:00 UTC,581,107,219013538,1.0265277777777779
2015-02-19 00:00:00 UTC,581,102,219013538,1.2911111111111111
2015-02-19 00:00:00 UTC,581,101,219013538,1.6804166666666664
2015-02-19 00:00:00 UTC,581,104,219013538,1.2730555555555556
2015-02-19 00:00:00 UTC,581,105,219013538,0.61486111111111108
2015-02-19 00:00:00 UTC,581,103,219013538,1.3576388888888891
2015-02-19 00:00:00 UTC,581,108,219013538,0.4276388888888889
2015-02-19 00:00:00 UTC,581,103,219013539,0.26861111111111113
2015-02-19 00:00:00 UTC,581,104,219013539,2.9548611111111107
2015-02-19 00:00:00 UTC,581,105,219013539,1.4547222222222222
2015-02-19 00:00:00 UTC,581,-23,233486000,1.8984722222222221
2015-02-19 00:00:00 UTC,581,173,265858000,2.047361111111111
2015-02-19 00:00:00 UTC,-443,-1797,512000015,0.25708333333333333
2015-02-19 00:00:00 UTC,-443,-1796,512000015,0.053611111111111109
2015-02-19 00:00:00 UTC,-443,1736,512000122,2.1581944444444447
2015-02-19 00:00:00 UTC,-443,1737,512000122,2.3256944444444447
2015-02-19 00:00:00 UTC,-443,1735,512000122,0.6677777777777778
2015-02-19 00:00:00 UTC,-443,1736,512000125,3.7084722222222215
2015-02-19 00:00:00 UTC,-443,1735,512000125,2.1343055555555552
2015-02-19 00:00:00 UTC,-443,1737,512000125,1.4370833333333333
2015-02-19 00:00:00 UTC,-443,-615,701006007,10.48486111111111
2015-02-19 00:00:00 UTC,-187,1001,432405000,1.9194444444444445
2015-02-19 00:00:00 UTC,-187,1000,432405000,0.21916666666666668
2015-02-19 00:00:00 UTC,-187,-952,735059233,0.38902777777777781
2015-02-19 00:00:00 UTC,-187,-955,735059233,1.0915277777777777
2015-02-19 00:00:00 UTC,-187,-954,735059233,0.17652777777777778
2015-02-19 00:00:00 UTC,-187,-953,735059233,2.0933333333333333
2015-02-19 00:00:00 UTC,-187,105,431753000,2.0308333333333333
2015-02-19 00:00:00 UTC,-187,1186,503179400,7.129027777777778
2015-02-19 00:00:00 UTC,-187,1190,503179400,1.4916666666666667
2015-02-19 00:00:00 UTC,-187,1189,503179400,2.637777777777778
2015-02-19 00:00:00 UTC,-187,99,432408000,4.5172222222222222
2015-02-19 00:00:00 UTC,70,-238,432991000,0.54472222222222222
2015-02-19 00:00:00 UTC,70,-239,432991000,3.0144444444444445
2015-02-19 00:00:00 UTC,70,-237,432991000,0.42374999999999996
2015-02-19 00:00:00 UTC,326,-171,255500125,5.9415277777777762
2015-02-19 00:00:00 UTC,326,-171,255401340,5.2829166666666669
2015-02-19 00:00:00 UTC,326,-171,255401370,5.4777777777777779
2015-02-19 00:00:00 UTC,326,-314,224407000,2.2998611111111114
2015-02-19 00:00:00 UTC,582,1557,273892100,1.6844444444444444
2015-02-19 00:00:00 UTC,582,1553,273892100,8.8818055555555553
2015-02-19 00:00:00 UTC,582,1553,273896200,1.5595833333333333
2015-02-19 00:00:00 UTC,582,1553,273448750,1.5686111111111112
2015-02-19 00:00:00 UTC,582,-21,235098679,0.84958333333333336
2015-02-19 00:00:00 UTC,582,-19,235098679,0.91666666666666663
2015-02-19 00:00:00 UTC,582,-22,235098679,1.3293055555555555
2015-02-19 00:00:00 UTC,582,-23,235098679,1.4527777777777775
2015-02-19 00:00:00 UTC,582,-20,235098679,1.3984722222222223
2015-02-19 00:00:00 UTC,582,-21,234311000,0.42791666666666667
2015-02-19 00:00:00 UTC,582,-20,234311000,3
2015-02-19 00:00:00 UTC,582,175,266076000,0.42583333333333334
2015-02-19 00:00:00 UTC,582,177,266076000,2.5184722222222224
2015-02-19 00:00:00 UTC,582,178,266076000,0.99319444444444449
2015-02-19 00:00:00 UTC,582,176,266076000,1.3109722222222222
2015-02-19 00:00:00 UTC,582,1549,273847400,5.2183333333333328
2015-02-19 00:00:00 UTC,582,178,266065000,0.88180555555555551
2015-02-19 00:00:00 UTC,582,175,266065000,0.21694444444444444
2015-02-19 00:00:00 UTC,582,177,266065000,2.3136111111111113
2015-02-19 00:00:00 UTC,582,176,266065000,1.3345833333333332
2015-02-19 00:00:00 UTC,582,62,257503600,2.5172222222222222
2015-02-19 00:00:00 UTC,582,61,257503600,0.23388888888888887
2015-02-19 00:00:00 UTC,582,-61,235008880,0.47388888888888892
2015-02-19 00:00:00 UTC,582,-60,235008880,0.15
2015-02-19 00:00:00 UTC,582,173,266427000,2.4669444444444446
2015-02-19 00:00:00 UTC,582,174,266427000,1.9093055555555556
2015-02-19 00:00:00 UTC,582,177,266352000,4.2384722222222218
2015-02-19 00:00:00 UTC,582,178,266352000,7.3683333333333341
2015-02-19 00:00:00 UTC,582,179,266352000,0.65263888888888888
2015-02-19 00:00:00 UTC,582,177,265754000,3.1620833333333329
2015-02-19 00:00:00 UTC,582,178,265754000,5.2093055555555559
2015-02-19 00:00:00 UTC,582,1552,273875100,2.9820833333333332
2015-02-19 00:00:00 UTC,582,1554,273311650,1.7429166666666667
2015-02-19 00:00:00 UTC,582,1553,273311650,0.3888888888888889
2015-02-19 00:00:00 UTC,582,-23,233486000,1.471111111111111
2015-02-19 00:00:00 UTC,582,64,257805500,8.1933333333333351
2015-02-19 00:00:00 UTC,582,63,257805500,0.73097222222222225
2015-02-19 00:00:00 UTC,582,174,265858000,2.2958333333333334
2015-02-19 00:00:00 UTC,582,173,265858000,2.2805555555555554
2015-02-19 00:00:00 UTC,582,1552,273411800,3.7613888888888889
2015-02-19 00:00:00 UTC,582,1553,273411800,1.5456944444444445
2015-02-19 00:00:00 UTC,-442,-615,701030000,4.1386111111111115
2015-02-19 00:00:00 UTC,-442,1741,512000122,0.39083333333333331
2015-02-19 00:00:00 UTC,-442,1740,512000122,1.1618055555555555
2015-02-19 00:00:00 UTC,-442,1737,512000122,3.47625
2015-02-19 00:00:00 UTC,-442,1739,512000122,2.8988888888888886
2015-02-19 00:00:00 UTC,-442,1738,512000122,4.3966666666666665
2015-02-19 00:00:00 UTC,-442,1737,512000125,0.69513888888888886
2015-02-19 00:00:00 UTC,-442,-615,701006007,7.4641666666666673
2015-02-19 00:00:00 UTC,-186,1000,432405000,1.8713888888888888
2015-02-19 00:00:00 UTC,-186,-952,735059233,1.5234722222222223
2015-02-19 00:00:00 UTC,-186,-955,735059233,1.04875
2015-02-19 00:00:00 UTC,-186,-953,735059233,0.83916666666666662
2015-02-19 00:00:00 UTC,-186,104,431753000,4.0022222222222217
2015-02-19 00:00:00 UTC,-186,-1031,412420911,6.4941666666666666
2015-02-19 00:00:00 UTC,-186,1190,503179400,1.3416666666666666
2015-02-19 00:00:00 UTC,-186,1191,503179400,1.8333333333333335
2015-02-19 00:00:00 UTC,-186,98,432408000,9.2791666666666668
2015-02-19 00:00:00 UTC,-186,100,432408000,0.47069444444444442
2015-02-19 00:00:00 UTC,71,1711,431053000,5.1072222222222212
2015-02-19 00:00:00 UTC,71,-914,775610060,3.425
2015-02-19 00:00:00 UTC,327,-318,224253000,3.848611111111111
2015-02-19 00:00:00 UTC,327,1213,900026957,2.5494444444444446
2015-02-19 00:00:00 UTC,327,1212,412353196,13.130555555555555
2015-02-19 00:00:00 UTC,327,-314,224407000,4.7847222222222214
2015-02-19 00:00:00 UTC,583,1553,273892100,4.5540277777777778
2015-02-19 00:00:00 UTC,583,1554,273896200,1.5306944444444441
2015-02-19 00:00:00 UTC,583,1553,273896200,4.1081944444444449
2015-02-19 00:00:00 UTC,583,1552,273896200,4.1734722222222222
2015-02-19 00:00:00 UTC,583,1553,273448750,7.12388888888889
2015-02-19 00:00:00 UTC,583,-21,235098679,5.61
2015-02-19 00:00:00 UTC,583,-20,235098679,1.1363888888888891
2015-02-19 00:00:00 UTC,583,1553,273516600,6.8929166666666664
2015-02-19 00:00:00 UTC,583,1554,273516600,7.0754166666666665
2015-02-19 00:00:00 UTC,583,-21,234311000,1.516111111111111
2015-02-19 00:00:00 UTC,583,-22,234311000,1.3509722222222225
2015-02-19 00:00:00 UTC,583,175,266076000,0.42
2015-02-19 00:00:00 UTC,583,176,266076000,2.3033333333333332
2015-02-19 00:00:00 UTC,583,1550,273847400,8.7222222222222214
2015-02-19 00:00:00 UTC,583,1548,273847400,6.0626388888888894
2015-02-19 00:00:00 UTC,583,1549,273847400,1.5609722222222222
2015-02-19 00:00:00 UTC,583,175,266065000,0.61236111111111113
2015-02-19 00:00:00 UTC,583,176,266065000,1.0713888888888889
2015-02-19 00:00:00 UTC,583,62,257503600,3.2879166666666664
2015-02-19 00:00:00 UTC,583,61,257503600,0.82180555555555557
2015-02-19 00:00:00 UTC,583,58,257254000,3.4713888888888889
2015-02-19 00:00:00 UTC,583,57,257254000,1.9316666666666666
2015-02-19 00:00:00 UTC,583,173,266427000,2.2863888888888888
2015-02-19 00:00:00 UTC,583,179,266352000,4.11625
2015-02-19 00:00:00 UTC,583,178,266352000,2.1915277777777775
2015-02-19 00:00:00 UTC,583,177,265754000,0.22361111111111109
2015-02-19 00:00:00 UTC,583,178,265754000,1.0058333333333334
2015-02-19 00:00:00 UTC,583,1551,273875100,1.588888888888889
2015-02-19 00:00:00 UTC,583,1552,273875100,3.0955555555555554
2015-02-19 00:00:00 UTC,583,-91,224141980,7.08125
2015-02-19 00:00:00 UTC,583,1553,273311650,4.4073611111111113
2015-02-19 00:00:00 UTC,583,1554,273311650,0.31263888888888891
2015-02-19 00:00:00 UTC,583,1554,273896100,1.5538888888888889
2015-02-19 00:00:00 UTC,583,1552,273896100,6.067222222222223
2015-02-19 00:00:00 UTC,583,-22,235009220,1.515
2015-02-19 00:00:00 UTC,583,173,265858000,2.0886111111111112
2015-02-19 00:00:00 UTC,583,1553,273411800,7.1383333333333336
2015-02-19 00:00:00 UTC,583,-1511,367556830,3.3473611111111108
2015-02-19 00:00:00 UTC,583,-17,235001340,1.3541666666666665
2015-02-19 00:00:00 UTC,583,-19,235001340,0.6431944444444444
2015-02-19 00:00:00 UTC,583,-18,235001340,1.5426388888888887
2015-02-19 00:00:00 UTC,583,-16,235001340,1.7111111111111108
2015-02-19 00:00:00 UTC,-441,1741,512000122,2.0654166666666667
2015-02-19 00:00:00 UTC,-441,1739,512000122,1.6647222222222224
2015-02-19 00:00:00 UTC,-441,1740,512000122,0.8931944444444444
2015-02-19 00:00:00 UTC,-441,-615,701006007,2.734861111111111
2015-02-19 00:00:00 UTC,-185,1000,432405000,0.31444444444444442
2015-02-19 00:00:00 UTC,-185,-1793,520031000,1.9926388888888888
2015-02-19 00:00:00 UTC,-185,-1794,520031000,1.4754166666666668
2015-02-19 00:00:00 UTC,-185,-1799,520031000,0.37791666666666668
2015-02-19 00:00:00 UTC,-185,-955,735059233,0.7122222222222222
2015-02-19 00:00:00 UTC,-185,-956,735059233,0.68916666666666671
2015-02-19 00:00:00 UTC,-185,105,431753000,1.6548611111111111
2015-02-19 00:00:00 UTC,-185,-1030,412420911,12.419444444444444
2015-02-19 00:00:00 UTC,-185,1191,503179400,2.6712499999999997
2015-02-19 00:00:00 UTC,-185,1188,503179400,4.6459722222222224
2015-02-19 00:00:00 UTC,-185,99,432408000,2.0534722222222221
2015-02-19 00:00:00 UTC,-185,100,432408000,0.35958333333333337
2015-02-19 00:00:00 UTC,72,-914,775610060,4.6905555555555551
2015-02-19 00:00:00 UTC,328,-320,224253000,2.2668055555555555
2015-02-19 00:00:00 UTC,328,-316,224253000,1.0529166666666665
2015-02-19 00:00:00 UTC,328,-317,224253000,0.31388888888888888
2015-02-19 00:00:00 UTC,584,1554,273896200,0.11263888888888889
2015-02-19 00:00:00 UTC,584,1553,273896200,4.7427777777777766
2015-02-19 00:00:00 UTC,584,1552,273896200,1.7765277777777779
2015-02-19 00:00:00 UTC,584,-1360,367415050,0.21666666666666667
2015-02-19 00:00:00 UTC,584,-88,227978000,10.19736111111111
2015-02-19 00:00:00 UTC,584,-90,227978000,11.6625
2015-02-19 00:00:00 UTC,584,1553,273448750,3.7720833333333332
2015-02-19 00:00:00 UTC,584,1553,273516600,3.7848611111111112
2015-02-19 00:00:00 UTC,584,56,257619000,2.0572222222222223
2015-02-19 00:00:00 UTC,584,55,257619000,0.83861111111111108
2015-02-19 00:00:00 UTC,584,-19,235004730,2.5334722222222221
2015-02-19 00:00:00 UTC,584,-20,235004730,0.63611111111111107
2015-02-19 00:00:00 UTC,584,-17,235004730,0.86125000000000007
2015-02-19 00:00:00 UTC,584,-18,235004730,2.55625
2015-02-19 00:00:00 UTC,584,57,257459520,1.4573611111111111
2015-02-19 00:00:00 UTC,584,-61,234973000,1.627361111111111
2015-02-19 00:00:00 UTC,584,-19,235003730,1.2438888888888888
2015-02-19 00:00:00 UTC,584,-20,235003730,0.41805555555555557
2015-02-19 00:00:00 UTC,584,-18,235003730,12.437222222222221
2015-02-19 00:00:00 UTC,584,-23,234311000,1.674722222222222
2015-02-19 00:00:00 UTC,584,-22,234311000,3.6136111111111116
2015-02-19 00:00:00 UTC,584,175,266076000,0.42722222222222223
2015-02-19 00:00:00 UTC,584,176,266065000,0.21208333333333335
2015-02-19 00:00:00 UTC,584,175,266065000,0.20680555555555558
2015-02-19 00:00:00 UTC,584,-23,23361900,0.95847222222222217
2015-02-19 00:00:00 UTC,584,57,257254000,3.2526388888888889
2015-02-19 00:00:00 UTC,584,56,257254000,2.0512499999999996
2015-02-19 00:00:00 UTC,584,1552,273875100,8.5709722222222222
2015-02-19 00:00:00 UTC,584,-90,224141980,11.726805555555554
2015-02-19 00:00:00 UTC,584,-88,224141980,10.483055555555556
2015-02-19 00:00:00 UTC,584,1552,273311650,0.50972222222222219
2015-02-19 00:00:00 UTC,584,1553,273311650,0.5131944444444444
2015-02-19 00:00:00 UTC,584,1555,273896100,1.5918055555555557
2015-02-19 00:00:00 UTC,584,1553,273896100,5.3334722222222224
2015-02-19 00:00:00 UTC,584,1552,273896100,3.7472222222222222
2015-02-19 00:00:00 UTC,584,1554,273896100,5.5729166666666661
2015-02-19 00:00:00 UTC,584,-23,235009220,4.1059722222222224
2015-02-19 00:00:00 UTC,584,-22,235009220,4.0886111111111116
2015-02-19 00:00:00 UTC,584,1552,273411800,10.091111111111111
2015-02-19 00:00:00 UTC,584,-1513,367556830,6.6181944444444447
2015-02-19 00:00:00 UTC,584,-1512,367556830,14.045694444444447
2015-02-19 00:00:00 UTC,584,-17,235003120,1.7086111111111113
2015-02-19 00:00:00 UTC,584,-18,235001340,1.0347222222222223
2015-02-19 00:00:00 UTC,584,-19,235001340,1.9030555555555555
2015-02-19 00:00:00 UTC,584,-16,235001340,3.8944444444444448
2015-02-19 00:00:00 UTC,584,-17,235001340,1.2302777777777778
2015-02-19 00:00:00 UTC,-184,-1793,520031000,1.9691666666666665
2015-02-19 00:00:00 UTC,-184,-1794,520031000,4.0233333333333325
2015-02-19 00:00:00 UTC,-184,-956,735059233,1.5955555555555556
2015-02-19 00:00:00 UTC,-184,105,431753000,1.6420833333333329
2015-02-19 00:00:00 UTC,-184,1189,503179400,0.84583333333333333
2015-02-19 00:00:00 UTC,-184,1190,503179400,1.2455555555555553
2015-02-19 00:00:00 UTC,-184,99,432408000,1.4737500000000001
2015-02-19 00:00:00 UTC,-184,98,432408000,2.8319444444444439
2015-02-19 00:00:00 UTC,-184,-777,371789000,1.369027777777778
2015-02-19 00:00:00 UTC,73,-914,775610060,8.05486111111111
2015-02-19 00:00:00 UTC,329,-320,224253000,0.6413888888888889
2015-02-19 00:00:00 UTC,329,-318,224253000,0.95027777777777778
2015-02-19 00:00:00 UTC,329,-322,224253000,0.68055555555555558
2015-02-19 00:00:00 UTC,329,-324,224253000,2.3344444444444448
2015-02-19 00:00:00 UTC,329,-321,224253000,0.735
2015-02-19 00:00:00 UTC,329,-319,224253000,0.49847222222222221
2015-02-19 00:00:00 UTC,329,-317,224253000,0.34152777777777776
2015-02-19 00:00:00 UTC,329,-323,224253000,3.4165277777777781
2015-02-19 00:00:00 UTC,329,-508,224110000,1.7254166666666668
2015-02-19 00:00:00 UTC,329,-507,224110000,1.7644444444444447
2015-02-19 00:00:00 UTC,585,-14,235081732,1.5869444444444443
2015-02-19 00:00:00 UTC,585,-18,235081732,0.7375
2015-02-19 00:00:00 UTC,585,55,257619000,12.287638888888891
2015-02-19 00:00:00 UTC,585,56,257619000,2.7262500000000003
2015-02-19 00:00:00 UTC,585,-18,235004730,3.0954166666666665
2015-02-19 00:00:00 UTC,585,-17,235004730,1.9397222222222221
2015-02-19 00:00:00 UTC,585,-20,235004730,0.64180555555555552
2015-02-19 00:00:00 UTC,585,-62,234973000,0.20194444444444443
2015-02-19 00:00:00 UTC,585,-61,234973000,0.49847222222222221
2015-02-19 00:00:00 UTC,585,-15,235000150,0.55388888888888888
2015-02-19 00:00:00 UTC,585,-22,234311000,1.0319444444444443
2015-02-19 00:00:00 UTC,585,-21,234311000,2.9763888888888888
2015-02-19 00:00:00 UTC,585,-20,234311000,3.1820833333333329
2015-02-19 00:00:00 UTC,585,-23,233414000,8.1530555555555537
2015-02-19 00:00:00 UTC,585,55,257034640,7.4622222222222225
2015-02-19 00:00:00 UTC,585,56,257034640,5.0722222222222237
2015-02-19 00:00:00 UTC,585,110,266191000,5.1181944444444438
2015-02-19 00:00:00 UTC,585,111,266191000,1.05875
2015-02-19 00:00:00 UTC,585,55,257143720,0.60805555555555557
2015-02-19 00:00:00 UTC,585,56,257143720,3.8173611111111105
2015-02-19 00:00:00 UTC,585,-20,233486000,0.20402777777777778
2015-02-19 00:00:00 UTC,585,-22,235009220,0.45541666666666669
2015-02-19 00:00:00 UTC,585,1552,273411800,1.5294444444444444
2015-02-19 00:00:00 UTC,585,55,257125600,0.41666666666666663
2015-02-19 00:00:00 UTC,585,56,257125600,5.415277777777777
2015-02-19 00:00:00 UTC,-183,-953,735059233,4.2569444444444446
2015-02-19 00:00:00 UTC,-183,102,431753000,3.1372222222222224
2015-02-19 00:00:00 UTC,-183,105,431753000,1.6961111111111111
2015-02-19 00:00:00 UTC,-183,576,416002407,0.82444444444444442
2015-02-19 00:00:00 UTC,-183,575,416002407,12.463055555555554
2015-02-19 00:00:00 UTC,-183,390,441242000,3.0358333333333327
2015-02-19 00:00:00 UTC,-183,389,441242000,2.3473611111111108
2015-02-19 00:00:00 UTC,-183,392,441242000,2.2755555555555556
2015-02-19 00:00:00 UTC,-183,393,441242000,3.2256944444444446
2015-02-19 00:00:00 UTC,-183,98,432408000,2.8815277777777775
2015-02-19 00:00:00 UTC,-183,99,432408000,0.80847222222222226
2015-02-19 00:00:00 UTC,74,-287,440224000,1.3681944444444443
2015-02-19 00:00:00 UTC,74,-286,440224000,1.3976388888888889
2015-02-19 00:00:00 UTC,74,-289,440224000,3.6931944444444444
2015-02-19 00:00:00 UTC,74,-288,440224000,1.5234722222222221
2015-02-19 00:00:00 UTC,74,-1357,412440238,5.814166666666666
2015-02-19 00:00:00 UTC,74,1711,431053000,2.8165277777777775
2015-02-19 00:00:00 UTC,330,-324,224253000,1.2893055555555555
2015-02-19 00:00:00 UTC,330,-509,224110000,1.3197222222222222
2015-02-19 00:00:00 UTC,330,-510,224110000,0.67486111111111113
2015-02-19 00:00:00 UTC,330,-508,224110000,1.4851388888888888
2015-02-19 00:00:00 UTC,586,-18,235081732,0.67388888888888887
2015-02-19 00:00:00 UTC,586,-17,235081732,4.3633333333333333
2015-02-19 00:00:00 UTC,586,-14,235081732,0.64666666666666672
2015-02-19 00:00:00 UTC,586,-15,235081732,1.7298611111111111
2015-02-19 00:00:00 UTC,586,-16,235081732,3.6695833333333336
2015-02-19 00:00:00 UTC,586,-15,235001650,9.5445833333333336
2015-02-19 00:00:00 UTC,586,54,257619000,1.5209722222222222
2015-02-19 00:00:00 UTC,586,55,257619000,1.6791666666666665
2015-02-19 00:00:00 UTC,586,-17,235004730,1.3319444444444444
2015-02-19 00:00:00 UTC,586,-16,235004730,1.5454166666666669
2015-02-19 00:00:00 UTC,586,-18,235004730,0.61972222222222229
2015-02-19 00:00:00 UTC,586,-15,235004730,4.5523611111111117
2015-02-19 00:00:00 UTC,586,-14,235000150,3.1711111111111108
2015-02-19 00:00:00 UTC,586,-17,235077608,4.3734722222222224
2015-02-19 00:00:00 UTC,586,-16,235077608,2.9126388888888894
2015-02-19 00:00:00 UTC,586,-18,235077608,0.65555555555555556
2015-02-19 00:00:00 UTC,586,-18,235003120,0.49555555555555553
2015-02-19 00:00:00 UTC,586,-17,235003120,1.7166666666666668
2015-02-19 00:00:00 UTC,586,-16,235001340,0.68013888888888885
2015-02-19 00:00:00 UTC,586,-14,235001340,4.4613888888888891
2015-02-19 00:00:00 UTC,-182,-956,735059233,3.6945833333333336
2015-02-19 00:00:00 UTC,-182,105,431753000,0.84152777777777765
2015-02-19 00:00:00 UTC,-182,106,431753000,0.30694444444444446
2015-02-19 00:00:00 UTC,-182,104,431753000,3.9002777777777782
2015-02-19 00:00:00 UTC,-182,98,432408000,0.34027777777777779
2015-02-19 00:00:00 UTC,75,-285,440224000,7.1684722222222224
2015-02-19 00:00:00 UTC,75,-293,440224000,9.4447222222222216
2015-02-19 00:00:00 UTC,75,-919,349052425,5.3236111111111111
2015-02-19 00:00:00 UTC,75,-920,349052425,0.6086111111111111
2015-02-19 00:00:00 UTC,75,-921,349052425,1.6620833333333334
2015-02-19 00:00:00 UTC,75,1712,431053000,0.95430555555555552
2015-02-19 00:00:00 UTC,331,-319,224253000,3.8401388888888888
2015-02-19 00:00:00 UTC,331,-317,224253000,0.84291666666666676
2015-02-19 00:00:00 UTC,331,-511,224110000,1.325
2015-02-19 00:00:00 UTC,331,-508,224110000,0.49888888888888888
2015-02-19 00:00:00 UTC,331,-509,224110000,2.7158333333333333
2015-02-19 00:00:00 UTC,587,-16,235081732,2.3788888888888891
2015-02-19 00:00:00 UTC,587,-15,235081732,7.23763888888889
2015-02-19 00:00:00 UTC,587,-15,235001650,1.8929166666666666
2015-02-19 00:00:00 UTC,587,-16,235004730,0.4127777777777778
2015-02-19 00:00:00 UTC,587,-15,235004730,0.87916666666666665
2015-02-19 00:00:00 UTC,587,-16,235057467,1.5654166666666667
2015-02-19 00:00:00 UTC,587,-17,235057467,7.2722222222222221
2015-02-19 00:00:00 UTC,587,-62,234973000,1.9620833333333336
2015-02-19 00:00:00 UTC,587,-63,234973000,0.4473611111111111
2015-02-19 00:00:00 UTC,587,-15,235000150,1.2701388888888889
2015-02-19 00:00:00 UTC,587,-17,235077608,0.86847222222222209
2015-02-19 00:00:00 UTC,587,-16,235077608,11.43277777777778
2015-02-19 00:00:00 UTC,587,-15,235077608,3.7891666666666666
2015-02-19 00:00:00 UTC,587,-15,235003120,0.71638888888888885
2015-02-19 00:00:00 UTC,587,-16,235003120,1.5081944444444444
2015-02-19 00:00:00 UTC,587,-14,235001340,1.5247222222222223
2015-02-19 00:00:00 UTC,587,-16,235001340,2.6077777777777778
2015-02-19 00:00:00 UTC,587,-15,235001340,1.85
2015-02-19 00:00:00 UTC,-181,105,431753000,1.9627777777777777
2015-02-19 00:00:00 UTC,-181,106,431753000,0.35388888888888892
2015-02-19 00:00:00 UTC,-181,1794,452009111,5.8220833333333326
2015-02-19 00:00:00 UTC,76,-920,349052425,1.7720833333333332
2015-02-19 00:00:00 UTC,76,-1357,412440238,3.9452777777777777
2015-02-19 00:00:00 UTC,332,-300,224043560,4.7790277777777783
2015-02-19 00:00:00 UTC,332,-296,224043560,0.65180555555555553
2015-02-19 00:00:00 UTC,332,-316,224253000,0.5708333333333333
2015-02-19 00:00:00 UTC,332,-315,224253000,0.65402777777777787
2015-02-19 00:00:00 UTC,332,-512,224110000,3.6708333333333334
2015-02-19 00:00:00 UTC,332,-513,224110000,0.86944444444444446
2015-02-19 00:00:00 UTC,332,-305,224407000,5.16125
2015-02-19 00:00:00 UTC,588,-15,235057467,1.5118055555555556
2015-02-19 00:00:00 UTC,588,-16,235057467,10.212777777777776
2015-02-19 00:00:00 UTC,588,-17,235057467,4.1848611111111111
2015-02-19 00:00:00 UTC,588,-13,235000150,6.9318055555555551
2015-02-19 00:00:00 UTC,588,-14,235000150,12.115416666666665
2015-02-19 00:00:00 UTC,588,-26,235030641,0.21625
2015-02-19 00:00:00 UTC,-180,114,261522000,2.0609722222222224
2015-02-19 00:00:00 UTC,77,1794,431704110,2.1750000000000003
2015-02-19 00:00:00 UTC,77,1796,431704110,2.0541666666666667
2015-02-19 00:00:00 UTC,77,1793,431704110,5.0416666666666661
2015-02-19 00:00:00 UTC,333,-296,224043560,0.53986111111111112
2015-02-19 00:00:00 UTC,333,-299,224043560,2.4048611111111113
2015-02-19 00:00:00 UTC,333,-298,224043560,0.21222222222222223
2015-02-19 00:00:00 UTC,333,-300,224043560,2.0420833333333333
2015-02-19 00:00:00 UTC,333,-295,224043560,4.0206944444444446
2015-02-19 00:00:00 UTC,333,-514,224110000,3.9380555555555556
2015-02-19 00:00:00 UTC,589,51,257591600,5.54625
2015-02-19 00:00:00 UTC,589,-17,235057467,0.47472222222222227
2015-02-19 00:00:00 UTC,589,-26,235030641,3.0906944444444444
2015-02-19 00:00:00 UTC,-179,499,660000300,4.6805555555555554
2015-02-19 00:00:00 UTC,-179,114,261522000,5.2447222222222223
2015-02-19 00:00:00 UTC,-179,115,261522000,4.0180555555555557
2015-02-19 00:00:00 UTC,-179,113,261522000,2.7393055555555552
2015-02-19 00:00:00 UTC,-179,-771,371789000,0.75402777777777774
2015-02-19 00:00:00 UTC,78,-927,774559424,8.6609722222222221
2015-02-19 00:00:00 UTC,78,-926,774559424,3.8319444444444439
2015-02-19 00:00:00 UTC,334,-298,224043560,0.88055555555555554
2015-02-19 00:00:00 UTC,334,-297,224043560,1.7316666666666667
2015-02-19 00:00:00 UTC,334,-300,224116380,0.90263888888888888
2015-02-19 00:00:00 UTC,334,-444,224032970,2.5736111111111111
2015-02-19 00:00:00 UTC,590,-71,228206600,12.361111111111111
2015-02-19 00:00:00 UTC,590,56,257530900,0.40736111111111112
2015-02-19 00:00:00 UTC,590,54,257530900,1.3293055555555555
2015-02-19 00:00:00 UTC,590,55,257530900,2.0723611111111109
2015-02-19 00:00:00 UTC,590,1658,273349420,9.5434722222222224
2015-02-19 00:00:00 UTC,590,1657,273349420,7.4629166666666666
2015-02-19 00:00:00 UTC,590,50,257591600,3.989583333333333
2015-02-19 00:00:00 UTC,590,57,257185640,0.951111111111111
2015-02-19 00:00:00 UTC,590,55,257185640,0.26958333333333334
2015-02-19 00:00:00 UTC,590,56,257185640,0.12819444444444444
2015-02-19 00:00:00 UTC,590,58,257185640,1.9274999999999998
2015-02-19 00:00:00 UTC,590,1655,273847700,2.899861111111111
2015-02-19 00:00:00 UTC,590,1656,273847700,14.125555555555556
2015-02-19 00:00:00 UTC,590,53,257603500,1.7084722222222224
2015-02-19 00:00:00 UTC,590,49,258498000,5.1745833333333335
2015-02-19 00:00:00 UTC,590,-38,235070436,0.62097222222222226
2015-02-19 00:00:00 UTC,590,-37,235070436,0.20319444444444446
2015-02-19 00:00:00 UTC,590,-36,235070436,0.20750000000000002
2015-02-19 00:00:00 UTC,-178,500,660000300,2.2529166666666667
2015-02-19 00:00:00 UTC,-178,113,261522000,2.0851388888888889
2015-02-19 00:00:00 UTC,-178,114,261522000,1.2783333333333333
2015-02-19 00:00:00 UTC,-178,-785,987357559,0.35972222222222222
2015-02-19 00:00:00 UTC,-178,-771,371789000,7.916666666666667
2015-02-19 00:00:00 UTC,335,-301,224116380,3.9734722222222225
2015-02-19 00:00:00 UTC,335,-444,224032970,4.0081944444444444
2015-02-19 00:00:00 UTC,591,55,257530900,0.64013888888888881
2015-02-19 00:00:00 UTC,591,1661,273349420,6.2615277777777782
2015-02-19 00:00:00 UTC,591,-1775,367068230,0.72930555555555554
2015-02-19 00:00:00 UTC,591,1657,273847700,2.6843055555555555
2015-02-19 00:00:00 UTC,591,56,257177040,1.8579166666666667
2015-02-19 00:00:00 UTC,591,-37,235070436,0.41805555555555551
2015-02-19 00:00:00 UTC,591,-38,235070436,3.5256944444444449
2015-02-19 00:00:00 UTC,591,-36,235070436,0.20347222222222222
2015-02-19 00:00:00 UTC,-177,576,416004168,2.48625
2015-02-19 00:00:00 UTC,-177,577,416004168,1.9988888888888889
2015-02-19 00:00:00 UTC,-177,112,261522000,0.19722222222222222
2015-02-19 00:00:00 UTC,-177,-789,412420697,7.8505555555555553
2015-02-19 00:00:00 UTC,-177,114,376603000,2.9086111111111106
2015-02-19 00:00:00 UTC,-177,113,376603000,0.18444444444444444
2015-02-19 00:00:00 UTC,-177,-784,412439742,7.3047222222222219
2015-02-19 00:00:00 UTC,-177,114,375714000,4.5831944444444446
2015-02-19 00:00:00 UTC,336,-296,224043560,2.4141666666666666
2015-02-19 00:00:00 UTC,336,-521,224110000,0.17097222222222222
2015-02-19 00:00:00 UTC,336,-520,224110000,0.52625
2015-02-19 00:00:00 UTC,336,-444,224032970,1.0609722222222222
2015-02-19 00:00:00 UTC,592,-68,227957000,11.647083333333333
2015-02-19 00:00:00 UTC,592,-70,227957000,12.413888888888888
2015-02-19 00:00:00 UTC,592,-13,233308000,1.2465277777777777
2015-02-19 00:00:00 UTC,592,57,257177040,2.3825000000000003
2015-02-19 00:00:00 UTC,592,56,257177040,1.9990277777777781
2015-02-19 00:00:00 UTC,592,-42,235070436,0.20805555555555555
2015-02-19 00:00:00 UTC,592,-37,235070436,5.3824999999999994
2015-02-19 00:00:00 UTC,592,-40,235070436,0.4095833333333333
2015-02-19 00:00:00 UTC,592,-38,235070436,0.82124999999999992
2015-02-19 00:00:00 UTC,592,-36,235070436,2.7170833333333331
2015-02-19 00:00:00 UTC,592,-41,235070436,0.62277777777777776
2015-02-19 00:00:00 UTC,592,-73,228205800,8.6126388888888883
2015-02-19 00:00:00 UTC,-176,577,416004168,5.932500000000001
2015-02-19 00:00:00 UTC,-176,576,416004168,1.9825000000000002
2015-02-19 00:00:00 UTC,-176,114,376603000,11.239444444444445
2015-02-19 00:00:00 UTC,-176,-786,412420229,12.18138888888889
2015-02-19 00:00:00 UTC,-176,114,375714000,4.0444444444444443
2015-02-19 00:00:00 UTC,-176,113,375714000,0.43152777777777779
2015-02-19 00:00:00 UTC,-176,-798,412420562,4.6415277777777781
2015-02-19 00:00:00 UTC,81,-1344,412693340,12.408472222222223
2015-02-19 00:00:00 UTC,81,-143,440747000,9.6681944444444454
2015-02-19 00:00:00 UTC,81,-142,440747000,1.8040277777777778
2015-02-19 00:00:00 UTC,337,-297,224043560,4.4325
2015-02-19 00:00:00 UTC,337,-521,224110000,3.4580555555555557
2015-02-19 00:00:00 UTC,337,-444,224032970,0.65569444444444447
2015-02-19 00:00:00 UTC,593,-68,224040000,11.638888888888889
2015-02-19 00:00:00 UTC,593,-12,233308000,1.0618055555555557
2015-02-19 00:00:00 UTC,593,-13,233308000,0.83888888888888891
2015-02-19 00:00:00 UTC,593,-28,235030641,5.6840277777777795
2015-02-19 00:00:00 UTC,593,-36,235070436,1.2448611111111112
2015-02-19 00:00:00 UTC,593,-43,235070436,0.6333333333333333
2015-02-19 00:00:00 UTC,593,-37,235070436,0.21263888888888888
2015-02-19 00:00:00 UTC,593,-44,235070436,0.4226388888888889
2015-02-19 00:00:00 UTC,593,-42,235070436,0.42083333333333334
2015-02-19 00:00:00 UTC,-175,-1495,412420865,1.4244444444444444
2015-02-19 00:00:00 UTC,-175,-1496,412420865,3.0830555555555557
2015-02-19 00:00:00 UTC,-175,576,416004168,1.6068055555555558
2015-02-19 00:00:00 UTC,-175,577,416004168,0.79125
2015-02-19 00:00:00 UTC,-175,114,261522000,3.0166666666666666
2015-02-19 00:00:00 UTC,-175,113,375714000,1.0633333333333335
2015-02-19 00:00:00 UTC,-175,114,375714000,2.6165277777777778
2015-02-19 00:00:00 UTC,-175,-1495,412420863,4.1484722222222219
2015-02-19 00:00:00 UTC,82,1530,431116000,0.50847222222222221
2015-02-19 00:00:00 UTC,82,1529,431116000,0.52597222222222229
2015-02-19 00:00:00 UTC,82,1528,431116000,2.1323611111111109
2015-02-19 00:00:00 UTC,82,-141,440747000,1.4744444444444444
2015-02-19 00:00:00 UTC,82,-142,440747000,6.8868055555555561
2015-02-19 00:00:00 UTC,338,-444,224032970,1.037638888888889
2015-02-19 00:00:00 UTC,594,-65,228206600,11.6425
2015-02-19 00:00:00 UTC,594,105,257121840,6.0158333333333331
2015-02-19 00:00:00 UTC,594,-12,233308000,2.7419444444444445
2015-02-19 00:00:00 UTC,594,-12,232091000,2.3123611111111111
2015-02-19 00:00:00 UTC,-174,-1495,412420865,1.2498611111111111
2015-02-19 00:00:00 UTC,-174,-1497,412420865,0.92416666666666669
2015-02-19 00:00:00 UTC,-174,-1496,412420865,6.5791666666666657
2015-02-19 00:00:00 UTC,-174,-801,412420922,10.876805555555556
2015-02-19 00:00:00 UTC,-174,577,416004168,7.056111111111111
2015-02-19 00:00:00 UTC,-174,576,416004168,3.1522222222222229
2015-02-19 00:00:00 UTC,-174,-801,412753740,18.497777777777777
2015-02-19 00:00:00 UTC,-174,114,375714000,2.6984722222222222
2015-02-19 00:00:00 UTC,-174,-1496,412420863,8.3033333333333346
2015-02-19 00:00:00 UTC,83,-931,775616000,4.8388888888888886
2015-02-19 00:00:00 UTC,83,1739,431700030,1.5254166666666666
2015-02-19 00:00:00 UTC,83,1738,431700030,4.9284722222222221
2015-02-19 00:00:00 UTC,83,1740,431700030,1.2997222222222224
2015-02-19 00:00:00 UTC,83,1529,431116000,0.5377777777777778
2015-02-19 00:00:00 UTC,83,1528,431116000,0.37222222222222223
2015-02-19 00:00:00 UTC,83,-142,440747000,4.3030555555555559
2015-02-19 00:00:00 UTC,83,1529,432971000,2.6455555555555552
2015-02-19 00:00:00 UTC,339,-256,224250000,2.5268055555555562
2015-02-19 00:00:00 UTC,339,-252,224250000,3.8776388888888889
2015-02-19 00:00:00 UTC,339,-257,224250000,2.2543055555555553
2015-02-19 00:00:00 UTC,339,-253,224250000,3.2469444444444444
2015-02-19 00:00:00 UTC,339,-258,224250000,3.3422222222222229
2015-02-19 00:00:00 UTC,339,-444,224032970,0.63305555555555559
2015-02-19 00:00:00 UTC,339,-443,224032970,6.3833333333333329
2015-02-19 00:00:00 UTC,595,105,257121840,0.42736111111111108
2015-02-19 00:00:00 UTC,595,28,219176000,0.68194444444444446
2015-02-19 00:00:00 UTC,595,30,219176000,2.1620833333333329
2015-02-19 00:00:00 UTC,595,29,219176000,11.589999999999998
2015-02-19 00:00:00 UTC,595,-31,235004230,4.3633333333333333
2015-02-19 00:00:00 UTC,595,-30,235004230,0.20097222222222222
2015-02-19 00:00:00 UTC,595,-12,233308000,2.7177777777777781
2015-02-19 00:00:00 UTC,595,1701,273849700,7.1219444444444449
2015-02-19 00:00:00 UTC,595,-12,232091000,3.9706944444444456
2015-02-19 00:00:00 UTC,595,1669,273242000,4.3611111111111107
2015-02-19 00:00:00 UTC,595,1666,273242000,0.85569444444444454
2015-02-19 00:00:00 UTC,595,1668,273242000,3.7622222222222224
2015-02-19 00:00:00 UTC,595,1667,273242000,3.7416666666666671
2015-02-19 00:00:00 UTC,595,30,219139000,2.9381944444444446
2015-02-19 00:00:00 UTC,595,29,219139000,4.315
2015-02-19 00:00:00 UTC,595,1704,273825520,0.23041666666666666
2015-02-19 00:00:00 UTC,595,1703,273825520,9.2794444444444455
2015-02-19 00:00:00 UTC,595,1702,273825520,4.9693055555555565
2015-02-19 00:00:00 UTC,-173,577,416004168,0.65
2015-02-19 00:00:00 UTC,-173,-835,735057587,0.33597222222222223
2015-02-19 00:00:00 UTC,84,-931,775616000,2.1306944444444444
2015-02-19 00:00:00 UTC,84,-930,775616000,7.0584722222222229
2015-02-19 00:00:00 UTC,84,1740,431700030,0.16638888888888886
2015-02-19 00:00:00 UTC,84,1741,431700030,1.2377777777777776
2015-02-19 00:00:00 UTC,84,1742,431700030,1.4044444444444444
2015-02-19 00:00:00 UTC,84,1530,431700060,3.2126388888888888
2015-02-19 00:00:00 UTC,84,1529,432971000,3.45125
2015-02-19 00:00:00 UTC,340,-291,224241000,0.89916666666666667
2015-02-19 00:00:00 UTC,340,-253,224250000,0.13555555555555554
2015-02-19 00:00:00 UTC,340,-256,224250000,0.30569444444444444
2015-02-19 00:00:00 UTC,340,-254,224250000,0.77
2015-02-19 00:00:00 UTC,340,-255,224250000,0.95666666666666678
2015-02-19 00:00:00 UTC,340,-315,224116380,0.51277777777777778
2015-02-19 00:00:00 UTC,340,-314,224116380,2.6845833333333333
2015-02-19 00:00:00 UTC,340,-316,224116380,0.35777777777777775
2015-02-19 00:00:00 UTC,340,-267,224115880,0.30527777777777776
2015-02-19 00:00:00 UTC,340,-268,224115880,1.221111111111111
2015-02-19 00:00:00 UTC,340,-443,224032970,0.31791666666666663
2015-02-19 00:00:00 UTC,340,-444,224032970,0.79458333333333331
2015-02-19 00:00:00 UTC,596,250,276787000,2.8620833333333331
2015-02-19 00:00:00 UTC,596,249,276787000,7.100833333333334
2015-02-19 00:00:00 UTC,596,29,219176000,6.8593055555555562
2015-02-19 00:00:00 UTC,596,30,219176000,5.9437500000000005
2015-02-19 00:00:00 UTC,596,31,219176000,1.6291666666666667
2015-02-19 00:00:00 UTC,596,-30,235004230,7.5869444444444438
2015-02-19 00:00:00 UTC,596,-11,233308000,1.4600000000000002
2015-02-19 00:00:00 UTC,596,-12,233308000,0.41000000000000003
2015-02-19 00:00:00 UTC,596,1701,273849700,5.0863888888888891
2015-02-19 00:00:00 UTC,596,1700,273849700,9.3944444444444422
2015-02-19 00:00:00 UTC,596,-11,232091000,5.5120833333333339
2015-02-19 00:00:00 UTC,596,-12,232091000,2.4431944444444444
2015-02-19 00:00:00 UTC,596,1669,273242000,4.1459722222222224
2015-02-19 00:00:00 UTC,596,1668,273242000,4.95888888888889
2015-02-19 00:00:00 UTC,596,30,219139000,8.3277777777777757
2015-02-19 00:00:00 UTC,596,28,219139000,5.3415277777777774
2015-02-19 00:00:00 UTC,596,29,219139000,0.23888888888888887
2015-02-19 00:00:00 UTC,596,1704,273825520,7.62472222222222
2015-02-19 00:00:00 UTC,596,1703,273825520,0.40819444444444447
2015-02-19 00:00:00 UTC,596,1705,273825520,3.5731944444444448
2015-02-19 00:00:00 UTC,-172,503,660000300,3.4305555555555554
2015-02-19 00:00:00 UTC,-172,504,660000300,1.1125
2015-02-19 00:00:00 UTC,-172,113,224146000,3.152916666666667
2015-02-19 00:00:00 UTC,85,1743,431700030,6.4877777777777776
2015-02-19 00:00:00 UTC,85,1533,431702990,4.2334722222222219
2015-02-19 00:00:00 UTC,85,1532,431702990,0.546111111111111
2015-02-19 00:00:00 UTC,85,-144,341058000,1.8444444444444446
2015-02-19 00:00:00 UTC,85,-143,341058000,0.24208333333333332
2015-02-19 00:00:00 UTC,85,1528,431116000,2.88375
2015-02-19 00:00:00 UTC,85,1529,432971000,0.87125
2015-02-19 00:00:00 UTC,85,1528,432971000,1.810138888888889
2015-02-19 00:00:00 UTC,341,-291,224241000,3.9540277777777781
2015-02-19 00:00:00 UTC,341,-316,224116380,0.7022222222222223
2015-02-19 00:00:00 UTC,341,-318,224116380,6.3673611111111121
2015-02-19 00:00:00 UTC,341,-317,224116380,1.2109722222222223
2015-02-19 00:00:00 UTC,341,-267,224115880,2.0083333333333333
2015-02-19 00:00:00 UTC,341,-444,224032970,1.0069444444444444
2015-02-19 00:00:00 UTC,341,-443,224032970,0.73513888888888879
2015-02-19 00:00:00 UTC,597,244,230941710,0.2113888888888889
2015-02-19 00:00:00 UTC,597,-18,235010340,0.66041666666666665
2015-02-19 00:00:00 UTC,597,244,230122280,2.7752777777777777
2015-02-19 00:00:00 UTC,597,245,230122280,2.2727777777777782
2015-02-19 00:00:00 UTC,597,244,230942260,0.65819444444444453
2015-02-19 00:00:00 UTC,597,249,276787000,0.85166666666666657
2015-02-19 00:00:00 UTC,597,29,219176000,0.68819444444444444
2015-02-19 00:00:00 UTC,597,-33,235004230,8.6823611111111116
2015-02-19 00:00:00 UTC,597,-32,235004230,1.1062500000000002
2015-02-19 00:00:00 UTC,597,1700,273849700,1.28
2015-02-19 00:00:00 UTC,597,-11,232091000,2.5123611111111113
2015-02-19 00:00:00 UTC,597,-10,232091000,0.42361111111111116
2015-02-19 00:00:00 UTC,597,244,230996090,2.7188888888888889
2015-02-19 00:00:00 UTC,597,245,230996090,2.3065277777777777
2015-02-19 00:00:00 UTC,597,1670,273242000,1.5279166666666666
2015-02-19 00:00:00 UTC,597,1706,273840800,8.32152777777778
2015-02-19 00:00:00 UTC,597,-55,232006830,11.671388888888888
2015-02-19 00:00:00 UTC,597,-18,235799000,0.21180555555555558
2015-02-19 00:00:00 UTC,-171,506,660000300,1.1165277777777778
2015-02-19 00:00:00 UTC,-171,505,660000300,1.2668055555555555
2015-02-19 00:00:00 UTC,-171,504,660000300,1.2222222222222223
2015-02-19 00:00:00 UTC,-171,113,224146000,9.9615277777777749
2015-02-19 00:00:00 UTC,-171,639,416173500,11.59138888888889
2015-02-19 00:00:00 UTC,86,1531,431702990,0.70375
2015-02-19 00:00:00 UTC,86,-144,341058000,2.1772222222222219
2015-02-19 00:00:00 UTC,86,-145,341058000,3.5834722222222224
2015-02-19 00:00:00 UTC,86,-941,345080025,5.0718055555555557
2015-02-19 00:00:00 UTC,86,1527,431116000,1.90375
2015-02-19 00:00:00 UTC,86,1529,432971000,1.5518055555555552
2015-02-19 00:00:00 UTC,342,-255,224250000,3.9575
2015-02-19 00:00:00 UTC,342,-310,224116380,2.5922222222222224
2015-02-19 00:00:00 UTC,342,-267,224115880,2.23875
2015-02-19 00:00:00 UTC,598,244,230941710,5.7215277777777764
2015-02-19 00:00:00 UTC,598,244,230942260,5.9243055555555548
2015-02-19 00:00:00 UTC,598,20,235008110,0.22222222222222221
2015-02-19 00:00:00 UTC,598,19,235008110,12.18
2015-02-19 00:00:00 UTC,598,-9,232091000,6.8909722222222225
2015-02-19 00:00:00 UTC,598,-10,232091000,0.84305555555555545
2015-02-19 00:00:00 UTC,598,1707,273840800,10.129027777777777
2015-02-19 00:00:00 UTC,598,1706,273840800,7.9555555555555557
2015-02-19 00:00:00 UTC,598,-53,232006830,12.397083333333335
2015-02-19 00:00:00 UTC,598,36,220109000,0.6125
2015-02-19 00:00:00 UTC,-170,633,416173500,6.55263888888889
2015-02-19 00:00:00 UTC,-170,632,416173500,5.9284722222222221
2015-02-19 00:00:00 UTC,87,-1344,412693340,5.7709722222222224
2015-02-19 00:00:00 UTC,87,1530,431700060,4.2752777777777773
2015-02-19 00:00:00 UTC,87,-283,431701650,0.87916666666666665
2015-02-19 00:00:00 UTC,87,-282,431701650,12.029027777777777
2015-02-19 00:00:00 UTC,87,-284,431701650,0.34166666666666667
2015-02-19 00:00:00 UTC,87,1533,432942000,1.6544444444444444
2015-02-19 00:00:00 UTC,87,1532,432942000,0.99291666666666667
2015-02-19 00:00:00 UTC,87,1534,432942000,2.9015277777777779
2015-02-19 00:00:00 UTC,87,1531,431702990,4.4836111111111112
2015-02-19 00:00:00 UTC,87,-145,341058000,6.23986111111111
2015-02-19 00:00:00 UTC,87,-146,341058000,3.1219444444444444
2015-02-19 00:00:00 UTC,87,1529,432971000,1.7212500000000002
2015-02-19 00:00:00 UTC,343,1340,431001633,0.22916666666666666
2015-02-19 00:00:00 UTC,343,1339,431001633,0.32805555555555554
2015-02-19 00:00:00 UTC,343,1339,431001638,1.9655555555555557
2015-02-19 00:00:00 UTC,343,1339,431002763,3.2144444444444442
2015-02-19 00:00:00 UTC,343,1340,431002763,0.20833333333333331
2015-02-19 00:00:00 UTC,343,-253,224250000,1.1504166666666669
2015-02-19 00:00:00 UTC,343,-308,224116380,4.5773611111111112
2015-02-19 00:00:00 UTC,343,-265,224115880,2.7916666666666665
2015-02-19 00:00:00 UTC,343,1339,431002824,3.0487499999999996
2015-02-19 00:00:00 UTC,343,1340,431002824,0.76958333333333329
2015-02-19 00:00:00 UTC,343,1339,431001578,3.6797222222222228
2015-02-19 00:00:00 UTC,599,-34,259647000,0.44347222222222227
2015-02-19 00:00:00 UTC,599,-35,259647000,0.31513888888888886
2015-02-19 00:00:00 UTC,599,20,235008110,11.512777777777778
2015-02-19 00:00:00 UTC,599,4,257458800,1.2906944444444446
2015-02-19 00:00:00 UTC,599,35,220109000,1.9825
2015-02-19 00:00:00 UTC,599,36,220109000,0.44013888888888886
2015-02-19 00:00:00 UTC,-425,1588,378185000,6.0005555555555556
2015-02-19 00:00:00 UTC,-425,1590,378185000,0.75472222222222241
2015-02-19 00:00:00 UTC,-425,1591,378185000,0.31138888888888888
2015-02-19 00:00:00 UTC,-425,1589,378185000,0.64305555555555549
2015-02-19 00:00:00 UTC,-169,-1304,412695560,0.75388888888888883
2015-02-19 00:00:00 UTC,88,1532,432942000,1.273611111111111
2015-02-19 00:00:00 UTC,88,-934,123450800,3.7015277777777782
2015-02-19 00:00:00 UTC,88,-933,123450800,4.75986111111111
2015-02-19 00:00:00 UTC,88,-935,123450800,5.7248611111111112
2015-02-19 00:00:00 UTC,88,1531,431702990,0.65444444444444438
2015-02-19 00:00:00 UTC,88,-146,341058000,3.9066666666666663
2015-02-19 00:00:00 UTC,88,-145,341058000,1.6622222222222218
2015-02-19 00:00:00 UTC,88,-938,345080025,1.361388888888889
2015-02-19 00:00:00 UTC,88,-939,345080025,2.6748611111111114
2015-02-19 00:00:00 UTC,88,1528,431116000,1.9801388888888889
2015-02-19 00:00:00 UTC,88,1529,432971000,3.8936111111111114
2015-02-19 00:00:00 UTC,344,-433,224170000,6.2404166666666665
2015-02-19 00:00:00 UTC,344,1290,431004229,4.6006944444444446
2015-02-19 00:00:00 UTC,344,-252,224250000,0.62722222222222213
2015-02-19 00:00:00 UTC,344,-483,224068000,1.1040277777777778
2015-02-19 00:00:00 UTC,344,-481,224068000,0.8569444444444444
2015-02-19 00:00:00 UTC,344,-482,224068000,1.05875
2015-02-19 00:00:00 UTC,344,-264,224115880,3.9165277777777776
2015-02-19 00:00:00 UTC,600,-34,259647000,15.614305555555552
2015-02-19 00:00:00 UTC,600,-33,259647000,0.87208333333333332
2015-02-19 00:00:00 UTC,600,-35,259647000,0.65430555555555558
2015-02-19 00:00:00 UTC,600,221,230052950,0.88027777777777771
2015-02-19 00:00:00 UTC,600,222,230052950,3.1034722222222215
2015-02-19 00:00:00 UTC,600,223,230052950,0.45527777777777778
2015-02-19 00:00:00 UTC,600,4,257458800,2.5888888888888886
2015-02-19 00:00:00 UTC,600,34,220109000,2.2547222222222221
2015-02-19 00:00:00 UTC,600,35,220109000,0.22833333333333333
2015-02-19 00:00:00 UTC,600,-35,259457000,1.2380555555555557
2015-02-19 00:00:00 UTC,600,-34,259457000,9.3202777777777772
2015-02-19 00:00:00 UTC,600,-33,259457000,2.9497222222222224
2015-02-19 00:00:00 UTC,600,4,258358000,3.1576388888888887
2015-02-19 00:00:00 UTC,600,194,230987510,0.40805555555555556
2015-02-19 00:00:00 UTC,600,193,230987510,0.847361111111111
2015-02-19 00:00:00 UTC,600,31,259691000,1.4719444444444445
2015-02-19 00:00:00 UTC,-424,-517,204212000,5.2538888888888886
2015-02-19 00:00:00 UTC,-424,1592,378185000,0.50861111111111112
2015-02-19 00:00:00 UTC,-424,1594,378185000,0.27513888888888888
2015-02-19 00:00:00 UTC,-424,1593,378185000,4.7373611111111114
2015-02-19 00:00:00 UTC,-424,1591,378185000,0.13
2015-02-19 00:00:00 UTC,-424,1448,503013330,3.8094444444444444
2015-02-19 00:00:00 UTC,-424,1447,503013330,3.8619444444444442
2015-02-19 00:00:00 UTC,-168,-1305,412695560,2.3398611111111109
2015-02-19 00:00:00 UTC,-168,-1308,412695560,5.731527777777778
2015-02-19 00:00:00 UTC,-168,-1316,412695570,3.2970833333333331
2015-02-19 00:00:00 UTC,-168,-1317,412695570,4.4251388888888892
2015-02-19 00:00:00 UTC,89,-1344,412693340,5.8633333333333333
2015-02-19 00:00:00 UTC,89,1530,431700060,2.7663888888888888
2015-02-19 00:00:00 UTC,89,-948,123450020,4.0738888888888889
2015-02-19 00:00:00 UTC,89,1471,431769000,4.54375
2015-02-19 00:00:00 UTC,89,1532,432942000,1.1724999999999999
2015-02-19 00:00:00 UTC,89,1531,431702990,6.8705555555555557
2015-02-19 00:00:00 UTC,89,-145,341058000,1.1630555555555557
2015-02-19 00:00:00 UTC,89,-146,341058000,0.11805555555555555
2015-02-19 00:00:00 UTC,89,1528,431116000,1.1941666666666666
2015-02-19 00:00:00 UTC,345,-436,224170000,2.752361111111111
2015-02-19 00:00:00 UTC,345,-437,224170000,1.155
2015-02-19 00:00:00 UTC,345,1290,431004229,4.0419444444444448
2015-02-19 00:00:00 UTC,345,-479,224068000,0.34861111111111109
2015-02-19 00:00:00 UTC,345,-480,224068000,0.70958333333333334
2015-02-19 00:00:00 UTC,601,32,220544000,0.42486111111111113
2015-02-19 00:00:00 UTC,601,-34,259647000,1.6648611111111109
2015-02-19 00:00:00 UTC,601,-33,259647000,3.1447222222222218
2015-02-19 00:00:00 UTC,601,223,230052950,2.415
2015-02-19 00:00:00 UTC,601,4,257458800,0.2076388888888889
2015-02-19 00:00:00 UTC,601,53,257217940,1.6531944444444444
2015-02-19 00:00:00 UTC,601,52,257217940,0.33736111111111111
2015-02-19 00:00:00 UTC,601,33,220109000,0.44027777777777777
2015-02-19 00:00:00 UTC,601,-33,259457000,7.621666666666667
2015-02-19 00:00:00 UTC,601,4,258358000,0.64986111111111111
2015-02-19 00:00:00 UTC,601,194,230987510,12.990416666666665
2015-02-19 00:00:00 UTC,601,193,230987510,5.5075
2015-02-19 00:00:00 UTC,601,192,230987510,3.3909722222222221
2015-02-19 00:00:00 UTC,601,32,259691000,0.2623611111111111
2015-02-19 00:00:00 UTC,601,31,259691000,2.9725
2015-02-19 00:00:00 UTC,-423,1606,378185000,8.5580555555555549
2015-02-19 00:00:00 UTC,-423,1607,378185000,0.3165277777777778
2015-02-19 00:00:00 UTC,-423,1447,503013330,4.13
2015-02-19 00:00:00 UTC,90,1511,431602240,7.5015277777777776
2015-02-19 00:00:00 UTC,90,1530,431700060,4.0708333333333329
2015-02-19 00:00:00 UTC,90,1740,431206000,1.8297222222222222
2015-02-19 00:00:00 UTC,90,1532,432942000,3.892638888888889
2015-02-19 00:00:00 UTC,90,1531,431702990,1.2916666666666667
2015-02-19 00:00:00 UTC,90,1528,431116000,3.8711111111111109
2015-02-19 00:00:00 UTC,90,-968,345080034,4.0598611111111111
2015-02-19 00:00:00 UTC,346,-431,224170000,0.30277777777777781
2015-02-19 00:00:00 UTC,346,-432,224170000,0.33458333333333334
2015-02-19 00:00:00 UTC,346,-436,224170000,0.68194444444444446
2015-02-19 00:00:00 UTC,346,-429,224170000,1.7415277777777778
2015-02-19 00:00:00 UTC,346,-438,224170000,0.28555555555555556
2015-02-19 00:00:00 UTC,346,-437,224170000,1.1368055555555556
2015-02-19 00:00:00 UTC,346,-428,224170000,0.34027777777777779
2015-02-19 00:00:00 UTC,346,-435,224170000,0.71263888888888893
2015-02-19 00:00:00 UTC,346,-430,224170000,0.71805555555555556
2015-02-19 00:00:00 UTC,346,-433,224170000,0.32902777777777781
2015-02-19 00:00:00 UTC,346,1290,431004229,8.6268055555555545
2015-02-19 00:00:00 UTC,346,334,210193000,0.51277777777777778
2015-02-19 00:00:00 UTC,346,333,210193000,1.1663888888888889
2015-02-19 00:00:00 UTC,346,331,209232000,6.8718055555555537
2015-02-19 00:00:00 UTC,346,332,209232000,1.2794444444444446
2015-02-19 00:00:00 UTC,346,334,209232000,0.20402777777777778
2015-02-19 00:00:00 UTC,346,333,209232000,1.2458333333333333
2015-02-19 00:00:00 UTC,346,330,209232000,0.34208333333333329
2015-02-19 00:00:00 UTC,346,-439,224032970,4.5947222222222219
2015-02-19 00:00:00 UTC,602,33,219765000,2.0034722222222219
2015-02-19 00:00:00 UTC,602,35,220109000,0.78305555555555562
2015-02-19 00:00:00 UTC,602,-31,235001050,1.5858333333333334
2015-02-19 00:00:00 UTC,602,-30,235001050,3.2075
2015-02-19 00:00:00 UTC,602,217,230940400,0.42777777777777781
2015-02-19 00:00:00 UTC,602,192,230987510,0.84569444444444442
2015-02-19 00:00:00 UTC,602,32,259691000,1.4598611111111111
2015-02-19 00:00:00 UTC,602,31,259691000,1.2818055555555554
2015-02-19 00:00:00 UTC,-422,-518,204212000,3.0597222222222218
2015-02-19 00:00:00 UTC,-422,1622,378185000,0.5375
2015-02-19 00:00:00 UTC,-422,1621,378185000,4.8376388888888888
2015-02-19 00:00:00 UTC,-422,1447,503013330,5.1620833333333325
2015-02-19 00:00:00 UTC,91,1510,431602240,2.1790277777777778
2015-02-19 00:00:00 UTC,91,1530,431700060,5.4209722222222227
2015-02-19 00:00:00 UTC,91,1741,431206000,0.67888888888888888
2015-02-19 00:00:00 UTC,91,1743,431206000,0.31958333333333333
2015-02-19 00:00:00 UTC,91,1744,431206000,0.538611111111111
2015-02-19 00:00:00 UTC,91,1742,431206000,0.70541666666666658
2015-02-19 00:00:00 UTC,91,1469,431769000,6.8976388888888884
2015-02-19 00:00:00 UTC,91,1538,432942000,0.043333333333333335
2015-02-19 00:00:00 UTC,91,1531,431702990,3.9583333333333335
2015-02-19 00:00:00 UTC,91,1529,432971000,4.5231944444444441
2015-02-19 00:00:00 UTC,347,-434,224170000,0.77916666666666667
2015-02-19 00:00:00 UTC,347,-433,224170000,0.28611111111111109
2015-02-19 00:00:00 UTC,347,334,210193000,2.025
2015-02-19 00:00:00 UTC,347,336,210193000,0.70333333333333337
2015-02-19 00:00:00 UTC,347,335,210193000,2.1119444444444442
2015-02-19 00:00:00 UTC,347,-288,224241000,4.6259722222222219
2015-02-19 00:00:00 UTC,347,334,209232000,1.9377777777777778
2015-02-19 00:00:00 UTC,347,335,209232000,2.3543055555555559
2015-02-19 00:00:00 UTC,347,336,209232000,0.54097222222222219
2015-02-19 00:00:00 UTC,347,-215,224016530,0.31555555555555559
2015-02-19 00:00:00 UTC,347,-214,224016530,6.2968055555555544
2015-02-19 00:00:00 UTC,347,-213,224016530,0.6475
2015-02-19 00:00:00 UTC,347,-476,224068000,0.20833333333333331
2015-02-19 00:00:00 UTC,347,-259,224115880,3.9501388888888886
2015-02-19 00:00:00 UTC,347,1385,431331000,0.20124999999999998
2015-02-19 00:00:00 UTC,347,-439,224032970,0.35555555555555557
2015-02-19 00:00:00 UTC,347,336,210732000,5.8248611111111108
2015-02-19 00:00:00 UTC,603,33,219765000,10.365138888888888
2015-02-19 00:00:00 UTC,603,211,230346000,0.20833333333333331
2015-02-19 00:00:00 UTC,603,62,257060440,0.64652777777777781
2015-02-19 00:00:00 UTC,603,1,234052000,0.41652777777777783
2015-02-19 00:00:00 UTC,603,-6,235002051,0.84597222222222224
2015-02-19 00:00:00 UTC,603,-7,235002051,0.64902777777777776
2015-02-19 00:00:00 UTC,603,35,220109000,5.4097222222222214
2015-02-19 00:00:00 UTC,603,-30,235001050,10.45625
2015-02-19 00:00:00 UTC,603,32,259691000,1.4752777777777779
2015-02-19 00:00:00 UTC,-421,1623,378185000,0.637361111111111
2015-02-19 00:00:00 UTC,-421,1446,503013330,3.4744444444444444
2015-02-19 00:00:00 UTC,92,1507,431602240,3.4973611111111111
2015-02-19 00:00:00 UTC,92,1509,431602240,3.7975
2015-02-19 00:00:00 UTC,92,1510,431602240,1.3166666666666669
2015-02-19 00:00:00 UTC,92,1745,431206000,0.2638888888888889
2015-02-19 00:00:00 UTC,92,1744,431206000,0.13055555555555556
2015-02-19 00:00:00 UTC,92,1469,431769000,1.6306944444444444
2015-02-19 00:00:00 UTC,92,1470,431769000,2.3916666666666666
2015-02-19 00:00:00 UTC,92,1538,432942000,0.62888888888888883
2015-02-19 00:00:00 UTC,92,-951,345080011,0.16388888888888889
2015-02-19 00:00:00 UTC,92,-1320,412440044,5.7490277777777781
2015-02-19 00:00:00 UTC,348,336,210193000,1.6609722222222223
2015-02-19 00:00:00 UTC,348,-289,224241000,2.8223611111111109
2015-02-19 00:00:00 UTC,348,-292,224241000,5.6711111111111112
2015-02-19 00:00:00 UTC,348,-290,224241000,1.7705555555555559
2015-02-19 00:00:00 UTC,348,-291,224241000,2.1890277777777776
2015-02-19 00:00:00 UTC,348,336,209232000,1.7544444444444443
2015-02-19 00:00:00 UTC,348,-475,224068000,0.29597222222222219
2015-02-19 00:00:00 UTC,348,-476,224068000,0.71222222222222231
2015-02-19 00:00:00 UTC,348,-255,224115880,0.68986111111111115
2015-02-19 00:00:00 UTC,348,-256,224115880,1.385
2015-02-19 00:00:00 UTC,348,1196,926307001,0.9575
2015-02-19 00:00:00 UTC,604,211,230346000,6.1513888888888886
2015-02-19 00:00:00 UTC,604,211,230996080,6.3219444444444441
2015-02-19 00:00:00 UTC,604,-6,234896000,1.9169444444444443
2015-02-19 00:00:00 UTC,604,-5,234896000,0.2063888888888889
2015-02-19 00:00:00 UTC,604,-7,234896000,1.7056944444444444
2015-02-19 00:00:00 UTC,604,1,234052000,0.90444444444444438
2015-02-19 00:00:00 UTC,604,2,234052000,1.5180555555555557
2015-02-19 00:00:00 UTC,604,-6,235002051,12.043333333333335
2015-02-19 00:00:00 UTC,604,-7,235002051,4.80486111111111
2015-02-19 00:00:00 UTC,604,-5,235002051,0.42083333333333334
2015-02-19 00:00:00 UTC,604,31,259691000,1.0680555555555555
2015-02-19 00:00:00 UTC,-420,1446,503013330,1.8322222222222222
2015-02-19 00:00:00 UTC,-164,-1329,416002581,5.8916666666666666
2015-02-19 00:00:00 UTC,93,1744,431206000,0.49458333333333337
2015-02-19 00:00:00 UTC,93,-1291,412440011,0.77874999999999994
2015-02-19 00:00:00 UTC,93,-951,345080011,0.68458333333333332
2015-02-19 00:00:00 UTC,93,-1318,412440044,0.86652777777777779
2015-02-19 00:00:00 UTC,349,-291,224241000,2.219583333333333
2015-02-19 00:00:00 UTC,349,-207,224020890,1.0598611111111111
2015-02-19 00:00:00 UTC,349,-208,224020890,0.69013888888888886
2015-02-19 00:00:00 UTC,349,-475,224068000,1.0233333333333334
2015-02-19 00:00:00 UTC,605,31,259666000,1.9973611111111111
2015-02-19 00:00:00 UTC,605,-5,234896000,2.4074999999999998
2015-02-19 00:00:00 UTC,605,1,234052000,2.0388888888888888
2015-02-19 00:00:00 UTC,605,2,234052000,1.505138888888889
2015-02-19 00:00:00 UTC,605,-5,235002051,2.3894444444444445
2015-02-19 00:00:00 UTC,-419,-518,204212000,5.6123611111111114
2015-02-19 00:00:00 UTC,-163,-1328,416002581,12.386944444444445
2015-02-19 00:00:00 UTC,-163,116,258523000,0.29861111111111116
2015-02-19 00:00:00 UTC,-163,117,258523000,0.18597222222222223
2015-02-19 00:00:00 UTC,94,-308,432448000,0.38194444444444442
2015-02-19 00:00:00 UTC,94,1744,431206000,0.81944444444444453
2015-02-19 00:00:00 UTC,94,-1381,412440237,3.9215277777777779
2015-02-19 00:00:00 UTC,94,1532,431702990,4.9665277777777774
2015-02-19 00:00:00 UTC,94,1776,416004583,6.5594444444444449
2015-02-19 00:00:00 UTC,94,-1319,412440044,5.7904166666666672
2015-02-19 00:00:00 UTC,94,-1318,412440044,5.8036111111111106
2015-02-19 00:00:00 UTC,350,-204,224020890,3.9806944444444445
2015-02-19 00:00:00 UTC,350,246,237697000,8.4405555555555569
2015-02-19 00:00:00 UTC,606,30,259666000,0.77305555555555561
2015-02-19 00:00:00 UTC,606,-4,234896000,1.087361111111111
2015-02-19 00:00:00 UTC,606,-5,234896000,0.45527777777777778
2015-02-19 00:00:00 UTC,606,31,220109000,8.9736111111111114
2015-02-19 00:00:00 UTC,-162,116,258523000,0.515
2015-02-19 00:00:00 UTC,-162,117,258523000,0.39722222222222225
2015-02-19 00:00:00 UTC,-162,510,416083600,0.74166666666666659
2015-02-19 00:00:00 UTC,-162,511,416083600,0.35444444444444445
2015-02-19 00:00:00 UTC,-162,509,416083600,0.90847222222222213
2015-02-19 00:00:00 UTC,-162,508,416083600,1.016388888888889
2015-02-19 00:00:00 UTC,-162,-1728,416230600,4.246666666666667
2015-02-19 00:00:00 UTC,-162,-1730,416230600,0.4875
2015-02-19 00:00:00 UTC,-162,-1729,416230600,2.0654166666666667
2015-02-19 00:00:00 UTC,95,-309,432448000,0.69166666666666665
2015-02-19 00:00:00 UTC,95,-310,432448000,0.5443055555555556
2015-02-19 00:00:00 UTC,95,-308,432448000,0.3375
2015-02-19 00:00:00 UTC,95,1780,431070000,1.4345833333333333
2015-02-19 00:00:00 UTC,95,1783,431070000,1.1936111111111112
2015-02-19 00:00:00 UTC,95,1784,431070000,0.21652777777777776
2015-02-19 00:00:00 UTC,95,1744,431206000,0.18625000000000003
2015-02-19 00:00:00 UTC,95,1743,431206000,2.0916666666666663
2015-02-19 00:00:00 UTC,95,1784,432453000,1.5973611111111112
2015-02-19 00:00:00 UTC,95,-947,123450020,7.776250000000001
2015-02-19 00:00:00 UTC,95,-948,123450020,1.0568055555555556
2015-02-19 00:00:00 UTC,95,-1381,412440237,1.892638888888889
2015-02-19 00:00:00 UTC,95,-1291,412440011,5.80875
2015-02-19 00:00:00 UTC,95,1776,416004583,11.660138888888889
2015-02-19 00:00:00 UTC,95,-1317,412440044,5.8125
2015-02-19 00:00:00 UTC,351,1195,872003726,0.365
2015-02-19 00:00:00 UTC,351,1196,412330391,1.4597222222222221
2015-02-19 00:00:00 UTC,351,-210,224020890,6.4845833333333331
2015-02-19 00:00:00 UTC,351,1196,412331754,1.1694444444444445
2015-02-19 00:00:00 UTC,351,1196,412331771,0.56347222222222215
2015-02-19 00:00:00 UTC,607,-6,235001420,0.85402777777777783
2015-02-19 00:00:00 UTC,607,-5,235001420,0.91513888888888884
2015-02-19 00:00:00 UTC,607,29,259666000,2.6794444444444445
2015-02-19 00:00:00 UTC,607,28,259666000,0.94166666666666654
2015-02-19 00:00:00 UTC,607,-3,235001170,1.3994444444444445
2015-02-19 00:00:00 UTC,607,-5,235001170,9.0605555555555561
2015-02-19 00:00:00 UTC,607,-4,235001170,6.5701388888888888
2015-02-19 00:00:00 UTC,607,-4,235003080,3.164861111111112
2015-02-19 00:00:00 UTC,607,-5,235003080,5.6672222222222226
2015-02-19 00:00:00 UTC,607,-2,235003080,1.4019444444444444
2015-02-19 00:00:00 UTC,607,-3,235003080,3.0644444444444443
2015-02-19 00:00:00 UTC,-417,-1672,367721000,0.41958333333333336
2015-02-19 00:00:00 UTC,-417,-1670,367721000,0.30847222222222226
2015-02-19 00:00:00 UTC,-417,-1671,367721000,0.77902777777777776
2015-02-19 00:00:00 UTC,-417,-731,725008300,0.43222222222222217
2015-02-19 00:00:00 UTC,-161,-1339,416002581,5.1836111111111114
2015-02-19 00:00:00 UTC,-161,-912,735059287,0.30291666666666667
2015-02-19 00:00:00 UTC,-161,-913,735059287,0.19902777777777778
2015-02-19 00:00:00 UTC,-161,514,416080500,6.777222222222222
2015-02-19 00:00:00 UTC,-161,509,416083600,1.3497222222222223
2015-02-19 00:00:00 UTC,-161,511,416083600,2.6508333333333334
2015-02-19 00:00:00 UTC,-161,508,416083600,10.800416666666665
2015-02-19 00:00:00 UTC,-161,-1730,416230600,4.1166666666666671
2015-02-19 00:00:00 UTC,96,-311,432448000,2.9138888888888892
2015-02-19 00:00:00 UTC,96,1781,431070000,1.0306944444444444
2015-02-19 00:00:00 UTC,96,1784,431070000,2.287638888888889
2015-02-19 00:00:00 UTC,96,1783,431070000,1.2605555555555552
2015-02-19 00:00:00 UTC,96,1785,431070000,0.14708333333333334
2015-02-19 00:00:00 UTC,96,1782,431070000,1.2155555555555555
2015-02-19 00:00:00 UTC,96,1785,432453000,1.0320833333333335
2015-02-19 00:00:00 UTC,352,-435,224170000,4.9393055555555554
2015-02-19 00:00:00 UTC,352,-416,224069960,0.99875
2015-02-19 00:00:00 UTC,352,-413,224069960,4.9413888888888886
2015-02-19 00:00:00 UTC,352,1195,412327275,1.5848611111111111
2015-02-19 00:00:00 UTC,352,1195,872003726,0.37444444444444447
2015-02-19 00:00:00 UTC,352,1196,412330386,0.16013888888888889
2015-02-19 00:00:00 UTC,352,1196,412330391,0.49513888888888891
2015-02-19 00:00:00 UTC,352,-207,224020890,0.67
2015-02-19 00:00:00 UTC,352,-208,224020890,4.3327777777777774
2015-02-19 00:00:00 UTC,352,-209,224020890,1.3213888888888889
2015-02-19 00:00:00 UTC,352,1195,412331754,0.20041666666666669
2015-02-19 00:00:00 UTC,608,-4,235001420,1.5430555555555554
2015-02-19 00:00:00 UTC,608,-3,235001420,1.1694444444444445
2015-02-19 00:00:00 UTC,608,-5,235001420,0.46833333333333338
2015-02-19 00:00:00 UTC,608,-2,235001420,2.5313888888888889
2015-02-19 00:00:00 UTC,608,28,259666000,0.6333333333333333
2015-02-19 00:00:00 UTC,608,27,259666000,2.1402777777777775
2015-02-19 00:00:00 UTC,608,-4,235001170,3.9948611111111116
2015-02-19 00:00:00 UTC,608,-3,235001170,2.2505555555555556
2015-02-19 00:00:00 UTC,608,-5,235001170,0.62638888888888888
2015-02-19 00:00:00 UTC,608,50,257459820,1.7313888888888891
2015-02-19 00:00:00 UTC,608,-488,331184000,0.3263888888888889
2015-02-19 00:00:00 UTC,608,-487,331184000,0.45125
2015-02-19 00:00:00 UTC,608,30,219597000,2.3140277777777776
2015-02-19 00:00:00 UTC,608,-3,235003080,5.8193055555555535
2015-02-19 00:00:00 UTC,608,-5,235003080,0.6397222222222223
2015-02-19 00:00:00 UTC,608,-4,235003080,4.6466666666666665
2015-02-19 00:00:00 UTC,-416,-1669,367721000,0.89027777777777772
2015-02-19 00:00:00 UTC,-416,-1671,367721000,0.29013888888888884
2015-02-19 00:00:00 UTC,-416,-1668,367721000,0.75958333333333328
2015-02-19 00:00:00 UTC,-416,-1672,367721000,0.12083333333333333
2015-02-19 00:00:00 UTC,-416,-1670,367721000,0.80263888888888879
2015-02-19 00:00:00 UTC,-160,-912,735059287,0.5261111111111112
2015-02-19 00:00:00 UTC,-160,513,416080500,0.5377777777777778
2015-02-19 00:00:00 UTC,-160,514,416080500,3.8840277777777779
2015-02-19 00:00:00 UTC,-160,510,416083600,3.7508333333333335
2015-02-19 00:00:00 UTC,-160,-1732,416230600,4.0123611111111108
2015-02-19 00:00:00 UTC,97,1785,431070000,3.4197222222222221
2015-02-19 00:00:00 UTC,97,1781,431070000,3.0193055555555555
2015-02-19 00:00:00 UTC,97,-342,432967000,1.9195833333333332
2015-02-19 00:00:00 UTC,97,-1328,412324210,6.6597222222222214
2015-02-19 00:00:00 UTC,97,1782,432453000,1.7030555555555558
2015-02-19 00:00:00 UTC,97,1786,432453000,0.40833333333333333
2015-02-19 00:00:00 UTC,97,1781,432453000,2.6719444444444442
2015-02-19 00:00:00 UTC,97,1784,432453000,1.505972222222222
2015-02-19 00:00:00 UTC,97,1783,432453000,1.3691666666666669
2015-02-19 00:00:00 UTC,353,234,247153450,12.509166666666667
2015-02-19 00:00:00 UTC,353,1196,412331825,0.20027777777777778
2015-02-19 00:00:00 UTC,353,-415,224069960,0.76250000000000007
2015-02-19 00:00:00 UTC,353,-416,224069960,0.73888888888888893
2015-02-19 00:00:00 UTC,353,1197,412330384,0.74402777777777773
2015-02-19 00:00:00 UTC,353,1198,412330384,0.62055555555555553
2015-02-19 00:00:00 UTC,353,1197,412330386,0.88944444444444448
2015-02-19 00:00:00 UTC,353,1198,412330386,0.11513888888888889
2015-02-19 00:00:00 UTC,353,-202,224020890,5.9026388888888892
2015-02-19 00:00:00 UTC,353,1196,412328181,0.10013888888888889
2015-02-19 00:00:00 UTC,353,1197,412328181,0.55958333333333332
2015-02-19 00:00:00 UTC,609,28,220544000,9.02
2015-02-19 00:00:00 UTC,609,27,220544000,1.2302777777777778
2015-02-19 00:00:00 UTC,609,27,219765000,10.923055555555555
2015-02-19 00:00:00 UTC,609,-489,331155000,1.5304166666666665
2015-02-19 00:00:00 UTC,609,-488,331155000,3.3819444444444446
2015-02-19 00:00:00 UTC,609,-5,235001420,0.94666666666666666
2015-02-19 00:00:00 UTC,609,27,259666000,1.1501388888888888
2015-02-19 00:00:00 UTC,609,25,259666000,0.22222222222222221
2015-02-19 00:00:00 UTC,609,26,259666000,0.48208333333333336
2015-02-19 00:00:00 UTC,609,-26,232006490,5.4340277777777777
2015-02-19 00:00:00 UTC,609,-24,232006490,10.944444444444445
2015-02-19 00:00:00 UTC,609,-23,232006490,5.83625
2015-02-19 00:00:00 UTC,609,-489,331184000,14.326805555555556
2015-02-19 00:00:00 UTC,609,-490,331184000,1.7458333333333333
2015-02-19 00:00:00 UTC,609,-488,331184000,1.9269444444444446
2015-02-19 00:00:00 UTC,609,-488,331074000,5.2215277777777773
2015-02-19 00:00:00 UTC,609,-489,331074000,13.334722222222222
2015-02-19 00:00:00 UTC,-415,-1668,367721000,0.26680555555555557
2015-02-19 00:00:00 UTC,-415,-1667,367721000,0.88583333333333336
2015-02-19 00:00:00 UTC,-415,1745,512000102,1.0529166666666667
2015-02-19 00:00:00 UTC,-159,-912,735059287,0.8488888888888888
2015-02-19 00:00:00 UTC,-159,-911,735059287,0.38138888888888889
2015-02-19 00:00:00 UTC,-159,513,416080500,7.5393055555555559
2015-02-19 00:00:00 UTC,98,761,419800320,12.371388888888889
2015-02-19 00:00:00 UTC,98,-326,431700260,1.7684722222222224
2015-02-19 00:00:00 UTC,98,-325,431700260,2.3213888888888889
2015-02-19 00:00:00 UTC,98,-324,431700260,8.3976388888888884
2015-02-19 00:00:00 UTC,98,-327,431700260,3.6555555555555559
2015-02-19 00:00:00 UTC,98,1786,431070000,0.31791666666666663
2015-02-19 00:00:00 UTC,98,1785,431070000,0.265
2015-02-19 00:00:00 UTC,98,-170,224313420,1.1834722222222223
2015-02-19 00:00:00 UTC,98,-340,432967000,2.3208333333333337
2015-02-19 00:00:00 UTC,98,-345,432967000,3.6584722222222226
2015-02-19 00:00:00 UTC,98,-339,432967000,2.07625
2015-02-19 00:00:00 UTC,98,-341,432967000,3.41125
2015-02-19 00:00:00 UTC,98,1741,431206000,2.8111111111111109
2015-02-19 00:00:00 UTC,98,-1327,412324210,5.7619444444444445
2015-02-19 00:00:00 UTC,98,1786,432453000,0.53472222222222221
2015-02-19 00:00:00 UTC,98,1787,432453000,0.31097222222222221
2015-02-19 00:00:00 UTC,98,1784,432453000,0.96652777777777776
2015-02-19 00:00:00 UTC,98,-170,224282000,7.8441666666666663
2015-02-19 00:00:00 UTC,98,-1381,412440237,1.5245833333333332
2015-02-19 00:00:00 UTC,354,127,247147040,4.01375
2015-02-19 00:00:00 UTC,354,234,247153450,1.28125
2015-02-19 00:00:00 UTC,354,126,247082820,0.665
2015-02-19 00:00:00 UTC,354,-416,224069960,0.29986111111111113
2015-02-19 00:00:00 UTC,354,-414,224069960,1.3609722222222222
2015-02-19 00:00:00 UTC,354,-520,224775000,4.1450000000000005
2015-02-19 00:00:00 UTC,354,130,247148950,0.33097222222222222
2015-02-19 00:00:00 UTC,610,26,220544000,6.5075
2015-02-19 00:00:00 UTC,610,181,266101000,0.43875
2015-02-19 00:00:00 UTC,610,178,266101000,3.8469444444444441
2015-02-19 00:00:00 UTC,610,180,266101000,1.8718055555555557
2015-02-19 00:00:00 UTC,610,179,266101000,2.7223611111111117
2015-02-19 00:00:00 UTC,610,-491,331155000,1.524861111111111
2015-02-19 00:00:00 UTC,610,-4,235001420,4.0333333333333332
2015-02-19 00:00:00 UTC,610,-5,235001420,1.6443055555555555
2015-02-19 00:00:00 UTC,610,26,259666000,4.5315277777777769
2015-02-19 00:00:00 UTC,610,25,259666000,0.84430555555555553
2015-02-19 00:00:00 UTC,610,-22,232006490,2.2630555555555558
2015-02-19 00:00:00 UTC,610,-23,232006490,1.4281944444444443
2015-02-19 00:00:00 UTC,610,18,259281000,0.43902777777777779
2015-02-19 00:00:00 UTC,610,17,259281000,3.229166666666667
2015-02-19 00:00:00 UTC,610,180,266180000,0.75972222222222219
2015-02-19 00:00:00 UTC,610,179,266180000,2.5194444444444444
2015-02-19 00:00:00 UTC,610,178,266180000,9.8718055555555555
2015-02-19 00:00:00 UTC,-414,-1667,367721000,0.46152777777777776
2015-02-19 00:00:00 UTC,-414,-1661,367512180,0.59152777777777776
2015-02-19 00:00:00 UTC,-414,-1663,367512180,0.054166666666666669
2015-02-19 00:00:00 UTC,-158,512,416080500,5.2676388888888885
2015-02-19 00:00:00 UTC,99,-320,431700260,3.8648611111111113
2015-02-19 00:00:00 UTC,99,-321,431700260,1.1929166666666668
2015-02-19 00:00:00 UTC,99,-318,431700260,1.050138888888889
2015-02-19 00:00:00 UTC,99,-319,431700260,1.7620833333333334
2015-02-19 00:00:00 UTC,99,1779,431070000,4.3959722222222224
2015-02-19 00:00:00 UTC,99,1786,431070000,3.0859722222222223
2015-02-19 00:00:00 UTC,99,-256,432605000,13.204027777777778
2015-02-19 00:00:00 UTC,99,-170,224313420,1.2701388888888889
2015-02-19 00:00:00 UTC,99,-171,224313420,1.8358333333333332
2015-02-19 00:00:00 UTC,99,-347,432967000,1.9213888888888886
2015-02-19 00:00:00 UTC,99,-348,432967000,1.0886111111111112
2015-02-19 00:00:00 UTC,99,-344,432967000,3.7666666666666666
2015-02-19 00:00:00 UTC,99,-345,432967000,1.0818055555555555
2015-02-19 00:00:00 UTC,99,-349,432967000,3.0355555555555558
2015-02-19 00:00:00 UTC,99,1739,431206000,2.5415277777777776
2015-02-19 00:00:00 UTC,99,1738,431206000,1.5615277777777776
2015-02-19 00:00:00 UTC,99,1740,431206000,1.13875
2015-02-19 00:00:00 UTC,99,1737,431206000,2.9804166666666667
2015-02-19 00:00:00 UTC,99,1780,432453000,4.3668055555555556
2015-02-19 00:00:00 UTC,99,1787,432453000,0.51111111111111107
2015-02-19 00:00:00 UTC,99,1785,432453000,2.8095833333333333
2015-02-19 00:00:00 UTC,99,-281,431813000,1.3388888888888888
2015-02-19 00:00:00 UTC,99,-284,431813000,1.0041666666666667
2015-02-19 00:00:00 UTC,99,-286,431813000,0.93972222222222213
2015-02-19 00:00:00 UTC,99,-287,431813000,3.719583333333333
2015-02-19 00:00:00 UTC,99,-283,431813000,0.36611111111111116
2015-02-19 00:00:00 UTC,99,-285,431813000,5.4490277777777774
2015-02-19 00:00:00 UTC,99,-1380,412440237,3.9006944444444445
2015-02-19 00:00:00 UTC,99,761,419900340,0.44458333333333333
2015-02-19 00:00:00 UTC,99,-963,345080034,4.4219444444444447
2015-02-19 00:00:00 UTC,99,-966,345080034,4.1875
2015-02-19 00:00:00 UTC,355,125,247142940,2.6530555555555555
2015-02-19 00:00:00 UTC,355,124,247142940,10.200555555555558
2015-02-19 00:00:00 UTC,355,234,247153450,0.42805555555555552
2015-02-19 00:00:00 UTC,355,233,247153450,0.20694444444444443
2015-02-19 00:00:00 UTC,355,126,247082820,0.33555555555555555
2015-02-19 00:00:00 UTC,355,-414,224069960,0.35694444444444445
2015-02-19 00:00:00 UTC,355,-413,224069960,0.31930555555555556
2015-02-19 00:00:00 UTC,355,-520,224775000,6.1640277777777781
2015-02-19 00:00:00 UTC,355,-519,224775000,4.4508333333333328
2015-02-19 00:00:00 UTC,355,125,247158700,0.65166666666666673
2015-02-19 00:00:00 UTC,355,124,247144880,1.8451388888888887
2015-02-19 00:00:00 UTC,355,125,247144880,0.50347222222222232
2015-02-19 00:00:00 UTC,355,124,247146750,13.234166666666667
2015-02-19 00:00:00 UTC,355,125,247146750,0.26694444444444443
2015-02-19 00:00:00 UTC,611,177,266101000,0.61305555555555558
2015-02-19 00:00:00 UTC,611,178,266101000,2.4191666666666665
2015-02-19 00:00:00 UTC,611,180,266101000,1.6220833333333335
2015-02-19 00:00:00 UTC,611,179,266101000,1.1458333333333333
2015-02-19 00:00:00 UTC,611,23,259666000,0.41541666666666666
2015-02-19 00:00:00 UTC,611,24,259666000,1.6763888888888887
2015-02-19 00:00:00 UTC,611,25,259666000,1.6918055555555551
2015-02-19 00:00:00 UTC,611,26,259666000,0.22486111111111112
2015-02-19 00:00:00 UTC,611,19,259281000,0.40833333333333333
2015-02-19 00:00:00 UTC,611,21,259281000,0.20527777777777778
2015-02-19 00:00:00 UTC,611,20,259281000,0.2013888888888889
2015-02-19 00:00:00 UTC,611,9,232007300,5.3209722222222222
2015-02-19 00:00:00 UTC,611,179,266180000,0.20555555555555555
2015-02-19 00:00:00 UTC,611,178,266180000,10.931111111111113
2015-02-19 00:00:00 UTC,-413,-1664,367721000,5.4279166666666665
2015-02-19 00:00:00 UTC,-413,-1661,367512180,1.5788888888888888
2015-02-19 00:00:00 UTC,-413,-1660,367512180,1.3499999999999999
2015-02-19 00:00:00 UTC,-413,-1662,367512180,6.46236111111111
2015-02-19 00:00:00 UTC,-413,-1663,367512180,4.03375
2015-02-19 00:00:00 UTC,-157,-911,735059287,3.4876388888888887
2015-02-19 00:00:00 UTC,100,1786,431070000,0.88208333333333333
2015-02-19 00:00:00 UTC,100,-257,432605000,11.700138888888889
2015-02-19 00:00:00 UTC,100,-169,224313420,6.7458333333333327
2015-02-19 00:00:00 UTC,100,-172,224313420,1.5143055555555556
2015-02-19 00:00:00 UTC,100,-171,224313420,3.3945833333333333
2015-02-19 00:00:00 UTC,100,1735,431206000,4.4165277777777776
2015-02-19 00:00:00 UTC,100,1787,432453000,1.2334722222222221
2015-02-19 00:00:00 UTC,100,-276,431813000,0.19444444444444442
2015-02-19 00:00:00 UTC,100,-280,431813000,0.39319444444444446
2015-02-19 00:00:00 UTC,100,-279,431813000,3.7351388888888888
2015-02-19 00:00:00 UTC,100,-278,431813000,1.0693055555555555
2015-02-19 00:00:00 UTC,100,-277,431813000,1.0459722222222223
2015-02-19 00:00:00 UTC,100,-172,224282000,6.0794444444444444
2015-02-19 00:00:00 UTC,100,-1379,412440237,3.4873611111111114
2015-02-19 00:00:00 UTC,100,-966,345080034,1.9472222222222222
2015-02-19 00:00:00 UTC,356,-413,224069960,1.0293055555555557
2015-02-19 00:00:00 UTC,356,-519,224775000,1.6541666666666668
2015-02-19 00:00:00 UTC,356,-520,224775000,5.4770833333333337
2015-02-19 00:00:00 UTC,612,180,266101000,0.40472222222222221
2015-02-19 00:00:00 UTC,612,8,235000097,24.785
2015-02-19 00:00:00 UTC,612,0,259656000,7.6375
2015-02-19 00:00:00 UTC,612,22,259666000,0.83013888888888887
2015-02-19 00:00:00 UTC,612,23,259666000,2.1101388888888888
2015-02-19 00:00:00 UTC,612,24,259666000,0.42222222222222222
2015-02-19 00:00:00 UTC,612,4,232008020,8.6280555555555551
2015-02-19 00:00:00 UTC,612,6,235008860,11.679583333333333
2015-02-19 00:00:00 UTC,612,7,235008860,15.449583333333335
2015-02-19 00:00:00 UTC,612,22,259281000,0.20430555555555557
2015-02-19 00:00:00 UTC,612,21,259281000,0.20694444444444443
2015-02-19 00:00:00 UTC,612,13,259707000,7.8458333333333332
2015-02-19 00:00:00 UTC,612,9,232007300,11.638611111111111
2015-02-19 00:00:00 UTC,612,0,259576000,7.8187500000000005
2015-02-19 00:00:00 UTC,-412,-1651,367512170,0.01666666666666667
2015-02-19 00:00:00 UTC,-412,-1652,367512170,0.66680555555555565
2015-02-19 00:00:00 UTC,-412,-1661,367512180,9.4169444444444466
2015-02-19 00:00:00 UTC,-412,-1663,367534310,1.6377777777777778
2015-02-19 00:00:00 UTC,-412,-1662,367534310,3.6920833333333332
2015-02-19 00:00:00 UTC,101,-319,432448000,0.62222222222222223
2015-02-19 00:00:00 UTC,101,-323,432448000,2.6487499999999997
2015-02-19 00:00:00 UTC,101,-320,432448000,0.55111111111111111
2015-02-19 00:00:00 UTC,101,-325,432448000,1.1344444444444446
2015-02-19 00:00:00 UTC,101,-321,432448000,0.63069444444444445
2015-02-19 00:00:00 UTC,101,-324,432448000,1.0701388888888888
2015-02-19 00:00:00 UTC,101,-322,432448000,0.5098611111111111
2015-02-19 00:00:00 UTC,101,-326,432448000,7.6251388888888894
2015-02-19 00:00:00 UTC,101,-318,432448000,4.4279166666666674
2015-02-19 00:00:00 UTC,101,-170,224313420,4.7922222222222226
2015-02-19 00:00:00 UTC,101,-169,224313420,0.36208333333333331
2015-02-19 00:00:00 UTC,101,1785,432453000,2.5595833333333333
2015-02-19 00:00:00 UTC,101,1786,432453000,0.55430555555555561
2015-02-19 00:00:00 UTC,101,-284,431813000,0.53333333333333333
2015-02-19 00:00:00 UTC,101,-285,431813000,0.49777777777777776
2015-02-19 00:00:00 UTC,101,-283,431813000,3.8255555555555558
2015-02-19 00:00:00 UTC,101,-172,224282000,6.5334722222222226
2015-02-19 00:00:00 UTC,101,-173,224282000,4.1808333333333332
2015-02-19 00:00:00 UTC,101,-1379,412440237,0.57944444444444443
2015-02-19 00:00:00 UTC,357,-412,224069960,1.0291666666666668
2015-02-19 00:00:00 UTC,613,-1,227360000,12.390416666666667
2015-02-19 00:00:00 UTC,613,9,227360000,10.867222222222221
2015-02-19 00:00:00 UTC,613,7,257248000,13.136111111111111
2015-02-19 00:00:00 UTC,613,0,257248000,4.5806944444444451
2015-02-19 00:00:00 UTC,613,-1,257248000,10.105555555555556
2015-02-19 00:00:00 UTC,613,0,258186000,3.9004166666666666
2015-02-19 00:00:00 UTC,613,1,258943000,4.5706944444444444
2015-02-19 00:00:00 UTC,613,-1,259252000,13.151388888888889
2015-02-19 00:00:00 UTC,613,-1,259656000,4.9212500000000006
2015-02-19 00:00:00 UTC,613,0,259656000,3.05375
2015-02-19 00:00:00 UTC,613,8,259656000,10.169305555555557
2015-02-19 00:00:00 UTC,613,-2,258984000,8.337361111111111
2015-02-19 00:00:00 UTC,613,7,259282000,7.5775
2015-02-19 00:00:00 UTC,613,-1,259282000,19.892222222222223
2015-02-19 00:00:00 UTC,613,2,232008020,2.2691666666666666
2015-02-19 00:00:00 UTC,613,8,232008020,7.0234722222222228
2015-02-19 00:00:00 UTC,613,-1,232008020,4.58625
2015-02-19 00:00:00 UTC,613,1,259707000,3.0583333333333336
2015-02-19 00:00:00 UTC,613,-2,259707000,2.2486111111111109
2015-02-19 00:00:00 UTC,613,0,259707000,7.8098611111111111
2015-02-19 00:00:00 UTC,613,-1,259707000,3.0668055555555558
2015-02-19 00:00:00 UTC,613,2,257317000,3.0419444444444443
2015-02-19 00:00:00 UTC,613,2,258874000,13.911111111111111
2015-02-19 00:00:00 UTC,613,-1,258052000,5.3513888888888888
2015-02-19 00:00:00 UTC,613,8,258052000,6.2955555555555556
2015-02-19 00:00:00 UTC,613,0,258052000,3.0320833333333335
2015-02-19 00:00:00 UTC,613,8,228190900,0.78708333333333336
2015-02-19 00:00:00 UTC,613,-1,257656000,13.92236111111111
2015-02-19 00:00:00 UTC,613,0,259576000,5.3088888888888892
2015-02-19 00:00:00 UTC,613,1,257153500,12.401388888888889
2015-02-19 00:00:00 UTC,613,4,257153500,7.8098611111111111
2015-02-19 00:00:00 UTC,613,0,228165600,3.0206944444444446
2015-02-19 00:00:00 UTC,613,-1,228165600,11.637083333333333
2015-02-19 00:00:00 UTC,613,-3,228165600,1.5431944444444445
2015-02-19 00:00:00 UTC,613,-1,258732000,1.526388888888889
2015-02-19 00:00:00 UTC,613,0,258732000,0.42944444444444446
2015-02-19 00:00:00 UTC,613,-1,259659000,2.365
2015-02-19 00:00:00 UTC,-411,-1663,367721000,0.1998611111111111
2015-02-19 00:00:00 UTC,-411,-1662,367721000,4.4194444444444443
2015-02-19 00:00:00 UTC,-411,-1652,367512170,1.1959722222222224
2015-02-19 00:00:00 UTC,-411,-1661,367512180,0.65805555555555562
2015-02-19 00:00:00 UTC,-411,-1662,367534310,6.0537499999999982
2015-02-19 00:00:00 UTC,-411,-1661,367534310,11.874722222222221
2015-02-19 00:00:00 UTC,-155,-1101,431382000,1.6472222222222221
2015-02-19 00:00:00 UTC,102,-1379,412440237,0.825
2015-02-19 00:00:00 UTC,102,-173,224013270,5.1209722222222229
2015-02-19 00:00:00 UTC,102,-978,345080035,4.0586111111111105
2015-02-19 00:00:00 UTC,102,-1377,412440037,5.1209722222222229
2015-02-19 00:00:00 UTC,102,-1376,412440037,0.77083333333333337
2015-02-19 00:00:00 UTC,102,-173,224026860,6.04736111111111
2015-02-19 00:00:00 UTC,358,-414,224069960,6.5722222222222229
2015-02-19 00:00:00 UTC,358,-412,224069960,0.71388888888888891
2015-02-19 00:00:00 UTC,358,145,256000087,0.90875000000000006
2015-02-19 00:00:00 UTC,358,148,249000899,3.0687499999999996
2015-02-19 00:00:00 UTC,358,149,249000899,3.4011111111111112
2015-02-19 00:00:00 UTC,358,1332,431006197,1.8861111111111111
2015-02-19 00:00:00 UTC,614,-7,258984000,12.370138888888889
2015-02-19 00:00:00 UTC,614,9,258397000,1.5372222222222223
2015-02-19 00:00:00 UTC,614,5,258052000,7.077638888888889
2015-02-19 00:00:00 UTC,614,-1,258052000,3.037638888888889
2015-02-19 00:00:00 UTC,614,8,259576000,7.8452777777777776
2015-02-19 00:00:00 UTC,-410,-1663,367721000,1.4501388888888886
2015-02-19 00:00:00 UTC,-410,-1662,367721000,2.1079166666666667
2015-02-19 00:00:00 UTC,-410,-1651,367512170,10.632916666666667
2015-02-19 00:00:00 UTC,-410,-1652,367512170,4.4795833333333333
2015-02-19 00:00:00 UTC,-410,-1663,367512490,4.6130555555555555
2015-02-19 00:00:00 UTC,-410,-1662,367512490,10.920277777777782
2015-02-19 00:00:00 UTC,-410,-1662,367534310,1.4915277777777773
2015-02-19 00:00:00 UTC,-154,618,416002508,19.485277777777778
2015-02-19 00:00:00 UTC,-154,-1101,431382000,1.050138888888889
2015-02-19 00:00:00 UTC,103,-1379,412440237,0.71236111111111111
2015-02-19 00:00:00 UTC,103,-974,345080031,4.065555555555556
2015-02-19 00:00:00 UTC,359,-412,224069960,2.2402777777777776
2015-02-19 00:00:00 UTC,359,-413,224069960,2.7626388888888891
2015-02-19 00:00:00 UTC,615,15,235107957,7.8130555555555556
2015-02-19 00:00:00 UTC,615,16,235107957,11.680972222222222
2015-02-19 00:00:00 UTC,-409,-1652,367512170,0.33736111111111117
2015-02-19 00:00:00 UTC,-409,-1651,367512170,2.8625000000000003
2015-02-19 00:00:00 UTC,-409,-1650,367512170,3.1252777777777783
2015-02-19 00:00:00 UTC,-409,-1662,367512490,0.4125
2015-02-19 00:00:00 UTC,-153,619,416002508,12.18888888888889
2015-02-19 00:00:00 UTC,-153,-1101,431382000,1.4281944444444445
2015-02-19 00:00:00 UTC,104,-165,616999035,1.1459722222222222
2015-02-19 00:00:00 UTC,104,-1379,412440237,6.4498611111111117
2015-02-19 00:00:00 UTC,104,-1376,412440037,5.7625
2015-02-19 00:00:00 UTC,104,-1717,416306430,11.630972222222223
2015-02-19 00:00:00 UTC,616,16,235107957,5.3231944444444448
2015-02-19 00:00:00 UTC,-408,-1661,367512490,1.437777777777778
2015-02-19 00:00:00 UTC,-408,-1664,367512490,3.4373611111111111
2015-02-19 00:00:00 UTC,-408,-1663,367512490,2.0623611111111111
2015-02-19 00:00:00 UTC,-152,-194,224261000,3.1527777777777777
2015-02-19 00:00:00 UTC,-152,-195,224261000,0.74791666666666667
2015-02-19 00:00:00 UTC,-152,-1101,431382000,1.3543055555555554
2015-02-19 00:00:00 UTC,105,1551,111191622,0.27569444444444446
2015-02-19 00:00:00 UTC,105,-287,432306000,1.2118055555555558
2015-02-19 00:00:00 UTC,105,-280,432306000,1.4865277777777779
2015-02-19 00:00:00 UTC,105,-288,432306000,3.66375
2015-02-19 00:00:00 UTC,105,-286,432306000,5.4816666666666656
2015-02-19 00:00:00 UTC,105,-281,432306000,4.5983333333333336
2015-02-19 00:00:00 UTC,105,-279,432306000,1.0319444444444446
2015-02-19 00:00:00 UTC,105,-285,432306000,4.2344444444444447
2015-02-19 00:00:00 UTC,105,-278,432306000,0.59000000000000008
2015-02-19 00:00:00 UTC,105,-1329,412324210,5.7784722222222227
2015-02-19 00:00:00 UTC,105,-164,616999035,7.7658333333333331
2015-02-19 00:00:00 UTC,105,-979,345080035,11.911111111111111
2015-02-19 00:00:00 UTC,105,-255,431873000,0.60291666666666666
2015-02-19 00:00:00 UTC,105,-254,431873000,0.15305555555555556
2015-02-19 00:00:00 UTC,105,-253,431873000,3.0706944444444444
2015-02-19 00:00:00 UTC,105,-1754,412270059,0.12763888888888889
2015-02-19 00:00:00 UTC,105,-1753,412270059,1.623472222222222
2015-02-19 00:00:00 UTC,105,-1752,412270059,2.9948611111111103
2015-02-19 00:00:00 UTC,617,-63,231166000,6.9337500000000007
2015-02-19 00:00:00 UTC,617,-61,231166000,7.0981944444444434
2015-02-19 00:00:00 UTC,617,-62,231166000,4.3056944444444438
2015-02-19 00:00:00 UTC,-407,1466,503362900,10.747222222222222
2015-02-19 00:00:00 UTC,-407,1464,503362900,1.2573611111111114
2015-02-19 00:00:00 UTC,-407,1465,503362900,12.10652777777778
2015-02-19 00:00:00 UTC,-151,620,416002566,4.0190277777777776
2015-02-19 00:00:00 UTC,-151,-193,224261000,3.4920833333333334
2015-02-19 00:00:00 UTC,-151,-196,224261000,0.16638888888888889
2015-02-19 00:00:00 UTC,-151,-195,224261000,1.0423611111111113
2015-02-19 00:00:00 UTC,-151,-1101,431382000,0.15652777777777777
2015-02-19 00:00:00 UTC,-151,-1102,431382000,1.3972222222222219
2015-02-19 00:00:00 UTC,106,1550,111191622,5.1994444444444445
2015-02-19 00:00:00 UTC,106,1551,111191622,0.23347222222222225
2015-02-19 00:00:00 UTC,106,-286,432306000,1.591388888888889
2015-02-19 00:00:00 UTC,106,-1331,412324210,5.8587500000000006
2015-02-19 00:00:00 UTC,106,-166,616999035,1.3748611111111111
2015-02-19 00:00:00 UTC,106,-167,616999035,3.3875
2015-02-19 00:00:00 UTC,106,1573,416002744,3.6883333333333335
2015-02-19 00:00:00 UTC,106,1574,416002744,3.2622222222222224
2015-02-19 00:00:00 UTC,106,-257,431873000,0.3306944444444444
2015-02-19 00:00:00 UTC,106,-254,431873000,0.59597222222222224
2015-02-19 00:00:00 UTC,106,-253,431873000,0.65972222222222221
2015-02-19 00:00:00 UTC,106,-256,431873000,3.7198611111111113
2015-02-19 00:00:00 UTC,106,-1750,412270059,3.0861111111111112
2015-02-19 00:00:00 UTC,106,-1751,412270059,0.17930555555555555
2015-02-19 00:00:00 UTC,106,-1755,412270059,5.2255555555555562
2015-02-19 00:00:00 UTC,106,-1754,412270059,1.3636111111111113
2015-02-19 00:00:00 UTC,362,-1222,367566960,3.09375
2015-02-19 00:00:00 UTC,618,-63,231166000,0.65986111111111112
2015-02-19 00:00:00 UTC,618,-61,231166000,4.0998611111111112
2015-02-19 00:00:00 UTC,-150,620,416002566,0.75
2015-02-19 00:00:00 UTC,-150,-196,224261000,1.2126388888888888
2015-02-19 00:00:00 UTC,-150,-1102,431382000,2.5068055555555553
2015-02-19 00:00:00 UTC,107,-323,431038000,0.54208333333333336
2015-02-19 00:00:00 UTC,107,-324,431038000,1.3894444444444445
2015-02-19 00:00:00 UTC,107,-170,616999035,7.7918055555555554
2015-02-19 00:00:00 UTC,107,1573,416002744,1.6838888888888888
2015-02-19 00:00:00 UTC,107,-979,345080028,11.266805555555555
2015-02-19 00:00:00 UTC,107,-981,345080029,7.7343055555555553
2015-02-19 00:00:00 UTC,107,-980,345080029,2.2941666666666669
2015-02-19 00:00:00 UTC,107,-264,431873000,3.8237500000000004
2015-02-19 00:00:00 UTC,107,-262,431873000,5.725138888888889
2015-02-19 00:00:00 UTC,107,-257,431873000,2.7437500000000004
2015-02-19 00:00:00 UTC,107,-261,431873000,0.33791666666666664
2015-02-19 00:00:00 UTC,107,-263,431873000,1.7552777777777779
2015-02-19 00:00:00 UTC,107,-258,431873000,0.56847222222222216
2015-02-19 00:00:00 UTC,107,-1751,412270059,2.3788888888888891
2015-02-19 00:00:00 UTC,107,-1752,412270059,0.78333333333333333
2015-02-19 00:00:00 UTC,363,-1222,367566960,3.317083333333334
2015-02-19 00:00:00 UTC,363,-1221,367566960,0.84124999999999994
2015-02-19 00:00:00 UTC,619,-54,231327000,10.147222222222222
2015-02-19 00:00:00 UTC,619,-55,231188000,7.8243055555555561
2015-02-19 00:00:00 UTC,619,-54,231188000,10.875
2015-02-19 00:00:00 UTC,619,11,258057000,8.2183333333333337
2015-02-19 00:00:00 UTC,619,-54,231187000,20.227777777777778
2015-02-19 00:00:00 UTC,619,-54,231037000,7.80125
2015-02-19 00:00:00 UTC,619,-53,231037000,2.2595833333333335
2015-02-19 00:00:00 UTC,619,-54,231164000,3.5133333333333332
2015-02-19 00:00:00 UTC,619,-53,231164000,2.2626388888888891
2015-02-19 00:00:00 UTC,619,-51,231164000,1.5384722222222222
2015-02-19 00:00:00 UTC,619,-55,231164000,8.4858333333333338
2015-02-19 00:00:00 UTC,619,-54,231046000,11.121527777777779
2015-02-19 00:00:00 UTC,619,-53,231046000,1.7833333333333332
2015-02-19 00:00:00 UTC,619,-55,231163000,9.2837500000000013
2015-02-19 00:00:00 UTC,619,-51,231163000,4.7475000000000005
2015-02-19 00:00:00 UTC,619,-53,231163000,2.4755555555555553
2015-02-19 00:00:00 UTC,619,8,259106000,11.425694444444444
2015-02-19 00:00:00 UTC,-149,-1324,412420867,2.1730555555555555
2015-02-19 00:00:00 UTC,-149,620,416002566,4.54625
2015-02-19 00:00:00 UTC,-149,-188,224308000,1.0875
2015-02-19 00:00:00 UTC,-149,-1329,416000804,11.639166666666666
2015-02-19 00:00:00 UTC,-149,-1330,416000804,7.2740277777777784
2015-02-19 00:00:00 UTC,-149,-1312,412695640,0.77013888888888893
2015-02-19 00:00:00 UTC,-149,-194,224261000,1.5791666666666666
2015-02-19 00:00:00 UTC,-149,-195,224261000,0.38722222222222225
2015-02-19 00:00:00 UTC,-149,-196,224261000,0.87347222222222221
2015-02-19 00:00:00 UTC,-149,-1100,432343000,2.6040277777777776
2015-02-19 00:00:00 UTC,108,-333,431038000,2.8681944444444447
2015-02-19 00:00:00 UTC,108,-323,431038000,2.9095833333333334
2015-02-19 00:00:00 UTC,108,-334,431038000,2.9819444444444443
2015-02-19 00:00:00 UTC,108,-332,431038000,2.4362499999999994
2015-02-19 00:00:00 UTC,108,-305,431700550,0.81513888888888886
2015-02-19 00:00:00 UTC,108,-306,431700550,3.6754166666666666
2015-02-19 00:00:00 UTC,108,-304,431700550,0.73458333333333337
2015-02-19 00:00:00 UTC,108,-167,616807000,1.3183333333333334
2015-02-19 00:00:00 UTC,108,-168,616807000,1.4027777777777777
2015-02-19 00:00:00 UTC,108,-171,616999035,3.2194444444444446
2015-02-19 00:00:00 UTC,108,-283,431855000,0.43319444444444444
2015-02-19 00:00:00 UTC,108,-282,431855000,2.0668055555555553
2015-02-19 00:00:00 UTC,108,-172,273366690,3.7405555555555554
2015-02-19 00:00:00 UTC,108,1574,416002744,2.3200000000000003
2015-02-19 00:00:00 UTC,108,-979,345080033,5.5525
2015-02-19 00:00:00 UTC,108,-1750,412270059,0.80972222222222212
2015-02-19 00:00:00 UTC,108,-1372,412440047,12.456805555555555
2015-02-19 00:00:00 UTC,364,-338,224138280,2.4736111111111114
2015-02-19 00:00:00 UTC,364,-337,224138280,4.5859722222222219
2015-02-19 00:00:00 UTC,364,284,247302190,0.51527777777777772
2015-02-19 00:00:00 UTC,364,283,247302190,13.006111111111112
2015-02-19 00:00:00 UTC,364,121,247147320,2.56125
2015-02-19 00:00:00 UTC,364,-1221,367566960,0.42569444444444443
2015-02-19 00:00:00 UTC,364,-48,224110470,2.213888888888889
2015-02-19 00:00:00 UTC,364,-49,224110470,9.8568055555555549
2015-02-19 00:00:00 UTC,364,-50,224110470,2.7177777777777776
2015-02-19 00:00:00 UTC,364,-458,224173000,1.6702777777777778
2015-02-19 00:00:00 UTC,364,-67,224013780,8.6694444444444443
2015-02-19 00:00:00 UTC,620,-53,231327000,11.645833333333334
2015-02-19 00:00:00 UTC,620,-53,231037000,9.9441666666666659
2015-02-19 00:00:00 UTC,620,-54,231164000,3.6888888888888891
2015-02-19 00:00:00 UTC,620,-50,231164000,2.4097222222222223
2015-02-19 00:00:00 UTC,620,-53,231046000,4.2820833333333335
2015-02-19 00:00:00 UTC,620,-55,231163000,2.4691666666666663
2015-02-19 00:00:00 UTC,620,-54,231163000,3.5386111111111109
2015-02-19 00:00:00 UTC,620,-56,231087000,0.23902777777777778
2015-02-19 00:00:00 UTC,620,40,259106000,0.21930555555555553
2015-02-19 00:00:00 UTC,620,38,259106000,6.9870833333333335
2015-02-19 00:00:00 UTC,620,39,259106000,0.24847222222222221
2015-02-19 00:00:00 UTC,620,8,259106000,3.0234722222222223
2015-02-19 00:00:00 UTC,-148,-1326,412420867,0.84486111111111106
2015-02-19 00:00:00 UTC,-148,-1325,412420867,1.673888888888889
2015-02-19 00:00:00 UTC,-148,619,416002566,4.2025000000000006
2015-02-19 00:00:00 UTC,-148,-188,224308000,0.41319444444444442
2015-02-19 00:00:00 UTC,-148,-1312,412695640,2.1483333333333334
2015-02-19 00:00:00 UTC,-148,622,416002655,4.2516666666666669
2015-02-19 00:00:00 UTC,-148,-195,224261000,1.1145833333333335
2015-02-19 00:00:00 UTC,-148,648,416003484,4.5848611111111115
2015-02-19 00:00:00 UTC,-148,-1100,432343000,1.9833333333333334
2015-02-19 00:00:00 UTC,109,-329,431038000,0.53597222222222218
2015-02-19 00:00:00 UTC,109,-332,431038000,0.93638888888888894
2015-02-19 00:00:00 UTC,109,-324,431038000,3.19625
2015-02-19 00:00:00 UTC,109,-328,431038000,0.5181944444444444
2015-02-19 00:00:00 UTC,109,-334,431038000,1.8094444444444444
2015-02-19 00:00:00 UTC,109,-331,431038000,1.7827777777777778
2015-02-19 00:00:00 UTC,109,-327,431038000,1.1376388888888889
2015-02-19 00:00:00 UTC,109,-330,431038000,1.0234722222222223
2015-02-19 00:00:00 UTC,109,-303,431700550,1.1206944444444444
2015-02-19 00:00:00 UTC,109,-304,431700550,1.0419444444444443
2015-02-19 00:00:00 UTC,109,-169,616807000,3.1333333333333337
2015-02-19 00:00:00 UTC,109,-167,616807000,1.0819444444444444
2015-02-19 00:00:00 UTC,109,-168,616807000,1.9737500000000001
2015-02-19 00:00:00 UTC,109,-271,431395000,2.2130555555555556
2015-02-19 00:00:00 UTC,109,-275,431395000,4.1623611111111112
2015-02-19 00:00:00 UTC,109,-267,431395000,0.73208333333333342
2015-02-19 00:00:00 UTC,109,-265,431395000,3.5515277777777778
2015-02-19 00:00:00 UTC,109,-270,431395000,1.6894444444444443
2015-02-19 00:00:00 UTC,109,-266,431395000,0.41111111111111109
2015-02-19 00:00:00 UTC,109,-268,431395000,0.38875000000000004
2015-02-19 00:00:00 UTC,109,-269,431395000,4.1461111111111117
2015-02-19 00:00:00 UTC,109,1574,416002744,11.163472222222222
2015-02-19 00:00:00 UTC,109,-964,345080023,5.58375
2015-02-19 00:00:00 UTC,109,-980,345080027,5.2666666666666666
2015-02-19 00:00:00 UTC,109,-979,345080028,4.0666666666666664
2015-02-19 00:00:00 UTC,109,-979,345080033,2.0916666666666668
2015-02-19 00:00:00 UTC,109,-1753,412270059,1.6193055555555556
2015-02-19 00:00:00 UTC,109,-1750,412270059,1.3831944444444444
2015-02-19 00:00:00 UTC,365,120,247147010,3.7823611111111108
2015-02-19 00:00:00 UTC,365,121,247147010,1.2326388888888888
2015-02-19 00:00:00 UTC,365,119,247147010,2.3448611111111108
2015-02-19 00:00:00 UTC,365,-46,224150820,0.21805555555555556
2015-02-19 00:00:00 UTC,365,-340,224138280,0.50152777777777779
2015-02-19 00:00:00 UTC,365,-339,224138280,0.83458333333333323
2015-02-19 00:00:00 UTC,365,-342,224138280,7.7498611111111124
2015-02-19 00:00:00 UTC,365,-341,224138280,2.8904166666666669
2015-02-19 00:00:00 UTC,365,284,247302190,2.0419444444444443
2015-02-19 00:00:00 UTC,365,285,247302190,4.8573611111111106
2015-02-19 00:00:00 UTC,365,120,247147320,4.3005555555555555
2015-02-19 00:00:00 UTC,365,121,247147320,1.2588888888888889
2015-02-19 00:00:00 UTC,365,119,247147320,2.7641666666666667
2015-02-19 00:00:00 UTC,365,358,271072067,0.23319444444444443
2015-02-19 00:00:00 UTC,365,359,271072067,1.785277777777778
2015-02-19 00:00:00 UTC,365,360,271072067,1.7574999999999998
2015-02-19 00:00:00 UTC,365,-46,224103270,14.35986111111111
2015-02-19 00:00:00 UTC,365,-47,224103270,0.22222222222222221
2015-02-19 00:00:00 UTC,365,-49,224110470,2.712361111111111
2015-02-19 00:00:00 UTC,365,115,247081890,2.9336111111111109
2015-02-19 00:00:00 UTC,365,121,247142580,1.5558333333333332
2015-02-19 00:00:00 UTC,365,120,247142580,3.8662499999999995
2015-02-19 00:00:00 UTC,365,119,247142580,2.6072222222222226
2015-02-19 00:00:00 UTC,365,115,247143860,2.7204166666666669
2015-02-19 00:00:00 UTC,365,-488,225325000,0.67458333333333331
2015-02-19 00:00:00 UTC,365,-489,225325000,0.94194444444444447
2015-02-19 00:00:00 UTC,365,-490,225325000,0.18458333333333332
2015-02-19 00:00:00 UTC,365,-487,225325000,4.4780555555555557
2015-02-19 00:00:00 UTC,365,-458,224173000,3.3554166666666667
2015-02-19 00:00:00 UTC,365,-459,224173000,0.70291666666666663
2015-02-19 00:00:00 UTC,365,121,247146460,2.2511111111111113
2015-02-19 00:00:00 UTC,365,120,247146460,4.3647222222222224
2015-02-19 00:00:00 UTC,365,119,247146460,2.6591666666666667
2015-02-19 00:00:00 UTC,365,-46,224024540,0.44430555555555551
2015-02-19 00:00:00 UTC,365,-46,224115170,5.3034722222222221
2015-02-19 00:00:00 UTC,621,-45,259023000,2.3058333333333332
2015-02-19 00:00:00 UTC,-147,-1327,412420867,1.4945833333333334
2015-02-19 00:00:00 UTC,-147,-1326,412420867,0.92875
2015-02-19 00:00:00 UTC,-147,619,416002566,2.0459722222222223
2015-02-19 00:00:00 UTC,-147,-188,224308000,1.2075
2015-02-19 00:00:00 UTC,-147,616,416001838,4.2461111111111114
2015-02-19 00:00:00 UTC,-147,-1314,412695640,0.50819444444444439
2015-02-19 00:00:00 UTC,-147,-1313,412695640,3.0931944444444444
2015-02-19 00:00:00 UTC,-147,621,416002655,0.79194444444444445
2015-02-19 00:00:00 UTC,-147,620,416002655,10.663055555555555
2015-02-19 00:00:00 UTC,-147,622,416002655,0.86305555555555558
2015-02-19 00:00:00 UTC,-147,649,416003484,6.5855555555555556
2015-02-19 00:00:00 UTC,-147,-1100,431382000,2.6041666666666665
2015-02-19 00:00:00 UTC,110,1761,440628000,5.0111111111111111
2015-02-19 00:00:00 UTC,110,-302,431700550,3.9706944444444447
2015-02-19 00:00:00 UTC,110,-171,616807000,1.5097222222222222
2015-02-19 00:00:00 UTC,110,-170,616807000,2.6213888888888892
2015-02-19 00:00:00 UTC,110,-171,273366690,0.84541666666666659
2015-02-19 00:00:00 UTC,110,-190,224019630,0.71166666666666667
2015-02-19 00:00:00 UTC,110,-272,431395000,1.2252777777777777
2015-02-19 00:00:00 UTC,110,-273,431395000,1.3580555555555556
2015-02-19 00:00:00 UTC,110,-274,431395000,3.4136111111111114
2015-02-19 00:00:00 UTC,110,-271,431395000,1.0031944444444445
2015-02-19 00:00:00 UTC,110,-967,345080031,2.9193055555555549
2015-02-19 00:00:00 UTC,366,119,247147010,2.2351388888888888
2015-02-19 00:00:00 UTC,366,118,247147010,0.8552777777777778
2015-02-19 00:00:00 UTC,366,-66,224075280,5.7075
2015-02-19 00:00:00 UTC,366,-67,224075280,0.24430555555555555
2015-02-19 00:00:00 UTC,366,-43,224107280,0.97888888888888881
2015-02-19 00:00:00 UTC,366,-44,224107280,2.2511111111111108
2015-02-19 00:00:00 UTC,366,-42,224107280,0.64430555555555558
2015-02-19 00:00:00 UTC,366,-45,224107280,1.91375
2015-02-19 00:00:00 UTC,366,-67,224410130,2.7040277777777777
2015-02-19 00:00:00 UTC,366,-67,224015640,0.99458333333333326
2015-02-19 00:00:00 UTC,366,-66,224258840,1.5973611111111112
2015-02-19 00:00:00 UTC,366,-67,224258840,2.0138888888888893
2015-02-19 00:00:00 UTC,366,-328,224138280,0.33625
2015-02-19 00:00:00 UTC,366,-329,224138280,0.3208333333333333
2015-02-19 00:00:00 UTC,366,-67,224103720,0.73319444444444448
2015-02-19 00:00:00 UTC,366,-67,224063280,0.85555555555555551
2015-02-19 00:00:00 UTC,366,-37,224337720,2.5637499999999998
2015-02-19 00:00:00 UTC,366,-38,224337720,2.1225
2015-02-19 00:00:00 UTC,366,119,247147320,0.42500000000000004
2015-02-19 00:00:00 UTC,366,-45,224151870,0.2038888888888889
2015-02-19 00:00:00 UTC,366,-43,224151870,0.20694444444444443
2015-02-19 00:00:00 UTC,366,-44,224151870,1.6736111111111109
2015-02-19 00:00:00 UTC,366,-70,224077380,4.1166666666666671
2015-02-19 00:00:00 UTC,366,-66,224096580,2.6513888888888886
2015-02-19 00:00:00 UTC,366,-42,224045150,0.20833333333333331
2015-02-19 00:00:00 UTC,366,-42,224260450,0.41472222222222221
2015-02-19 00:00:00 UTC,366,-45,224103270,4.024861111111111
2015-02-19 00:00:00 UTC,366,-66,224026480,3.8938888888888883
2015-02-19 00:00:00 UTC,366,-67,224026480,0.90097222222222229
2015-02-19 00:00:00 UTC,366,151,247140990,1.9740277777777777
2015-02-19 00:00:00 UTC,366,152,247140990,0.88236111111111115
2015-02-19 00:00:00 UTC,366,-67,224057990,6.7763888888888886
2015-02-19 00:00:00 UTC,366,-68,224174990,3.776388888888889
2015-02-19 00:00:00 UTC,366,-67,224174990,3.0095833333333335
2015-02-19 00:00:00 UTC,366,-42,224260750,1.2613888888888887
2015-02-19 00:00:00 UTC,366,-43,224260750,11.731805555555558
2015-02-19 00:00:00 UTC,366,-66,224065430,3.7972222222222221
2015-02-19 00:00:00 UTC,366,-38,224009880,2.3916666666666666
2015-02-19 00:00:00 UTC,366,115,247081890,6.0865277777777766
2015-02-19 00:00:00 UTC,366,119,247142580,2.8629166666666666
2015-02-19 00:00:00 UTC,366,115,247143860,4.325
2015-02-19 00:00:00 UTC,366,114,247143860,1.2368055555555557
2015-02-19 00:00:00 UTC,366,-492,225325000,0.38611111111111107
2015-02-19 00:00:00 UTC,366,-494,225325000,0.6975
2015-02-19 00:00:00 UTC,366,-495,225325000,0.35541666666666666
2015-02-19 00:00:00 UTC,366,-493,225325000,0.68472222222222223
2015-02-19 00:00:00 UTC,366,-459,224173000,0.6693055555555556
2015-02-19 00:00:00 UTC,366,-42,224178640,0.62277777777777776
2015-02-19 00:00:00 UTC,366,-45,224178640,1.0156944444444445
2015-02-19 00:00:00 UTC,366,-44,224178640,3.3425000000000002
2015-02-19 00:00:00 UTC,366,-43,224178640,1.7273611111111111
2015-02-19 00:00:00 UTC,366,118,247146460,0.21430555555555555
2015-02-19 00:00:00 UTC,366,119,247146460,1.0441666666666667
2015-02-19 00:00:00 UTC,366,-44,224220130,1.6984722222222222
2015-02-19 00:00:00 UTC,366,-43,224220130,3.1579166666666665
2015-02-19 00:00:00 UTC,366,-42,224220130,1.038472222222222
2015-02-19 00:00:00 UTC,366,-68,224107760,1.925138888888889
2015-02-19 00:00:00 UTC,622,-54,231326000,10.094583333333334
2015-02-19 00:00:00 UTC,622,-53,231037000,2.3070833333333334
2015-02-19 00:00:00 UTC,622,-55,231173000,2.9491666666666667
2015-02-19 00:00:00 UTC,622,-53,231173000,2.826111111111111
2015-02-19 00:00:00 UTC,622,-45,259023000,11.649583333333334
2015-02-19 00:00:00 UTC,622,-53,231170000,4.6472222222222221
2015-02-19 00:00:00 UTC,622,-55,231010000,0.96361111111111108
2015-02-19 00:00:00 UTC,622,-52,231010000,2.1059722222222224
2015-02-19 00:00:00 UTC,622,-53,231010000,1.5272222222222223
2015-02-19 00:00:00 UTC,622,-52,231009000,2.02375
2015-02-19 00:00:00 UTC,622,-55,231009000,0.82291666666666663
2015-02-19 00:00:00 UTC,622,-53,231009000,1.2554166666666666
2015-02-19 00:00:00 UTC,-146,-1328,412420867,2.6770833333333335
2015-02-19 00:00:00 UTC,-146,619,416002566,2.0202777777777778
2015-02-19 00:00:00 UTC,-146,-188,224308000,1.0500000000000003
2015-02-19 00:00:00 UTC,-146,617,416001838,5.9837500000000006
2015-02-19 00:00:00 UTC,-146,-1314,412695640,1.7693055555555555
2015-02-19 00:00:00 UTC,-146,-1316,412695640,2.648194444444445
2015-02-19 00:00:00 UTC,-146,-1315,412695640,2.4315277777777777
2015-02-19 00:00:00 UTC,-146,-1100,432343000,0.53875
2015-02-19 00:00:00 UTC,-146,-1100,431382000,0.36527777777777781
2015-02-19 00:00:00 UTC,-146,-1101,431382000,3.7527777777777773
2015-02-19 00:00:00 UTC,111,-299,431700550,1.1775
2015-02-19 00:00:00 UTC,111,-298,431700550,0.34875
2015-02-19 00:00:00 UTC,111,-172,273366690,0.16527777777777777
2015-02-19 00:00:00 UTC,111,-171,273366690,3.9320833333333334
2015-02-19 00:00:00 UTC,111,1574,416002744,4.9273611111111109
2015-02-19 00:00:00 UTC,111,-977,345080027,1.0927777777777776
2015-02-19 00:00:00 UTC,111,-1374,412440037,5.8001388888888883
2015-02-19 00:00:00 UTC,367,119,247147010,9.0241666666666642
2015-02-19 00:00:00 UTC,367,-66,224030980,1.72
2015-02-19 00:00:00 UTC,367,-67,224075280,2.8220833333333331
2015-02-19 00:00:00 UTC,367,-67,224410130,1.4641666666666668
2015-02-19 00:00:00 UTC,367,-68,224410130,3.4684722222222222
2015-02-19 00:00:00 UTC,367,-68,224015640,2.2954166666666667
2015-02-19 00:00:00 UTC,367,-67,224258840,1.2218055555555556
2015-02-19 00:00:00 UTC,367,-68,224258840,2.1531944444444444
2015-02-19 00:00:00 UTC,367,-66,224258840,3.9248611111111109
2015-02-19 00:00:00 UTC,367,-67,224094750,3.646805555555555
2015-02-19 00:00:00 UTC,367,-66,224094750,1.5470833333333331
2015-02-19 00:00:00 UTC,367,-68,224104990,3.1748611111111109
2015-02-19 00:00:00 UTC,367,-67,224104990,0.9556944444444444
2015-02-19 00:00:00 UTC,367,-90,204244000,3.9052777777777776
2015-02-19 00:00:00 UTC,367,119,247145510,3.8061111111111114
2015-02-19 00:00:00 UTC,367,-329,224138280,4.3831944444444444
2015-02-19 00:00:00 UTC,367,-38,224026920,1.3666666666666667
2015-02-19 00:00:00 UTC,367,-39,224026920,1.0720833333333333
2015-02-19 00:00:00 UTC,367,-68,224103720,0.53319444444444442
2015-02-19 00:00:00 UTC,367,-67,224103720,5.6166666666666671
2015-02-19 00:00:00 UTC,367,-68,224044840,18.88347222222222
2015-02-19 00:00:00 UTC,367,-38,224297770,12.23388888888889
2015-02-19 00:00:00 UTC,367,-39,224297770,1.3333333333333335
2015-02-19 00:00:00 UTC,367,-67,224063280,11.173611111111109
2015-02-19 00:00:00 UTC,367,119,247147320,1.5554166666666669
2015-02-19 00:00:00 UTC,367,-67,224162360,0.55833333333333335
2015-02-19 00:00:00 UTC,367,-68,224162360,1.2027777777777777
2015-02-19 00:00:00 UTC,367,-41,224083520,0.86388888888888882
2015-02-19 00:00:00 UTC,367,-70,224077380,1.7083333333333333
2015-02-19 00:00:00 UTC,367,-67,224096580,0.99319444444444438
2015-02-19 00:00:00 UTC,367,-66,224096580,4.1734722222222214
2015-02-19 00:00:00 UTC,367,-67,224117580,5.8736111111111118
2015-02-19 00:00:00 UTC,367,-68,224117580,2.8779166666666667
2015-02-19 00:00:00 UTC,367,-41,224115790,0.20555555555555555
2015-02-19 00:00:00 UTC,367,-89,204263000,1.9261111111111109
2015-02-19 00:00:00 UTC,367,-90,204263000,1.4263888888888889
2015-02-19 00:00:00 UTC,367,-88,204263000,1.4991666666666668
2015-02-19 00:00:00 UTC,367,-68,224033370,1.2719444444444443
2015-02-19 00:00:00 UTC,367,-67,224033370,0.73930555555555555
2015-02-19 00:00:00 UTC,367,-67,224245850,3.8405555555555555
2015-02-19 00:00:00 UTC,367,-66,224245850,7.2777777777777777
2015-02-19 00:00:00 UTC,367,-87,263406940,1.8476388888888888
2015-02-19 00:00:00 UTC,367,-86,263406940,1.4476388888888887
2015-02-19 00:00:00 UTC,367,-88,263406940,1.3754166666666667
2015-02-19 00:00:00 UTC,367,118,247146590,0.21805555555555556
2015-02-19 00:00:00 UTC,367,119,247146590,5.2590277777777779
2015-02-19 00:00:00 UTC,367,148,247149150,10.077222222222222
2015-02-19 00:00:00 UTC,367,-42,224045150,1.9037499999999998
2015-02-19 00:00:00 UTC,367,-41,224045150,5.0438888888888895
2015-02-19 00:00:00 UTC,367,119,247141730,1.0690277777777779
2015-02-19 00:00:00 UTC,367,346,271040354,2.556111111111111
2015-02-19 00:00:00 UTC,367,347,271040354,8.00986111111111
2015-02-19 00:00:00 UTC,367,-41,224260450,2.074583333333333
2015-02-19 00:00:00 UTC,367,-39,224260450,1.0943055555555556
2015-02-19 00:00:00 UTC,367,-42,224260450,0.42569444444444449
2015-02-19 00:00:00 UTC,367,-40,224260450,3.1640277777777781
2015-02-19 00:00:00 UTC,367,-90,263413350,0.50013888888888891
2015-02-19 00:00:00 UTC,367,-87,263413350,1.1755555555555557
2015-02-19 00:00:00 UTC,367,-88,263413350,2.0986111111111114
2015-02-19 00:00:00 UTC,367,-89,263413350,3.6526388888888888
2015-02-19 00:00:00 UTC,367,-87,263402350,1.9105555555555556
2015-02-19 00:00:00 UTC,367,-88,263402350,1.475138888888889
2015-02-19 00:00:00 UTC,367,-88,263407470,1.2204166666666667
2015-02-19 00:00:00 UTC,367,-90,263407470,2.0731944444444443
2015-02-19 00:00:00 UTC,367,-91,263407470,1.4018055555555555
2015-02-19 00:00:00 UTC,367,-89,263407470,1.7765277777777777
2015-02-19 00:00:00 UTC,367,-67,224026480,2.4595833333333332
2015-02-19 00:00:00 UTC,367,-68,224026480,3.9386111111111108
2015-02-19 00:00:00 UTC,367,-67,224047740,0.31944444444444442
2015-02-19 00:00:00 UTC,367,346,271072388,0.24166666666666667
2015-02-19 00:00:00 UTC,367,347,271072388,5.4448611111111109
2015-02-19 00:00:00 UTC,367,-67,224100230,5.2031944444444438
2015-02-19 00:00:00 UTC,367,-68,224100230,2.1138888888888889
2015-02-19 00:00:00 UTC,367,-66,224100230,0.98569444444444443
2015-02-19 00:00:00 UTC,367,-80,263237000,1.288888888888889
2015-02-19 00:00:00 UTC,367,-81,263237000,0.826388888888889
2015-02-19 00:00:00 UTC,367,-68,224174990,3.3023611111111109
2015-02-19 00:00:00 UTC,367,-66,224174990,0.25013888888888891
2015-02-19 00:00:00 UTC,367,-67,224174990,2.7087499999999998
2015-02-19 00:00:00 UTC,367,-42,224260750,0.62305555555555558
2015-02-19 00:00:00 UTC,367,-41,224260750,0.41166666666666668
2015-02-19 00:00:00 UTC,367,-91,263482000,1.1490277777777778
2015-02-19 00:00:00 UTC,367,-90,263482000,4.8286111111111119
2015-02-19 00:00:00 UTC,367,-89,263482000,0.67611111111111111
2015-02-19 00:00:00 UTC,367,-87,263578000,2.0004166666666667
2015-02-19 00:00:00 UTC,367,-89,263578000,1.5763888888888888
2015-02-19 00:00:00 UTC,367,-90,263578000,0.70013888888888887
2015-02-19 00:00:00 UTC,367,-88,263578000,1.7752777777777775
2015-02-19 00:00:00 UTC,367,-92,263514000,0.25013888888888891
2015-02-19 00:00:00 UTC,367,-67,224065430,7.3993055555555554
2015-02-19 00:00:00 UTC,367,-67,224148120,0.26375000000000004
2015-02-19 00:00:00 UTC,367,-89,263236000,1.9708333333333337
2015-02-19 00:00:00 UTC,367,-90,263236000,3.3911111111111114
2015-02-19 00:00:00 UTC,367,-91,263236000,2.4501388888888891
2015-02-19 00:00:00 UTC,367,118,247081890,0.56208333333333327
2015-02-19 00:00:00 UTC,367,119,247081890,0.68291666666666662
2015-02-19 00:00:00 UTC,367,-67,224081830,1.5830555555555557
2015-02-19 00:00:00 UTC,367,-68,224081830,5.2959722222222219
2015-02-19 00:00:00 UTC,367,-66,224032170,3.6226388888888885
2015-02-19 00:00:00 UTC,367,-67,224032170,3.3524999999999996
2015-02-19 00:00:00 UTC,367,119,247142580,8.3468055555555551
2015-02-19 00:00:00 UTC,367,118,247142580,0.21833333333333332
2015-02-19 00:00:00 UTC,367,118,247143860,0.21263888888888888
2015-02-19 00:00:00 UTC,367,115,247143860,0.4175
2015-02-19 00:00:00 UTC,367,119,247143860,0.90777777777777779
2015-02-19 00:00:00 UTC,367,114,247143860,0.75138888888888888
2015-02-19 00:00:00 UTC,367,346,271072448,6.0995833333333334
2015-02-19 00:00:00 UTC,367,-495,225325000,0.3375
2015-02-19 00:00:00 UTC,367,-459,224173000,0.35416666666666669
2015-02-19 00:00:00 UTC,367,-40,224114130,1.8916666666666668
2015-02-19 00:00:00 UTC,367,-41,224114130,4.2455555555555557
2015-02-19 00:00:00 UTC,367,-42,224114130,1.7043055555555555
2015-02-19 00:00:00 UTC,367,116,247146970,5.8144444444444439
2015-02-19 00:00:00 UTC,367,119,247146970,1.740277777777778
2015-02-19 00:00:00 UTC,367,220,240428000,0.42625
2015-02-19 00:00:00 UTC,367,-42,224220130,0.42194444444444446
2015-02-19 00:00:00 UTC,367,-88,263406570,3.08125
2015-02-19 00:00:00 UTC,367,-82,263406570,0.40430555555555558
2015-02-19 00:00:00 UTC,367,-83,263406570,1.4291666666666665
2015-02-19 00:00:00 UTC,367,-87,263406570,3.3444444444444446
2015-02-19 00:00:00 UTC,367,-86,263406570,1.63125
2015-02-19 00:00:00 UTC,367,-84,263406570,1.6652777777777776
2015-02-19 00:00:00 UTC,367,-89,263406570,2.3248611111111108
2015-02-19 00:00:00 UTC,367,-85,263406570,1.2533333333333332
2015-02-19 00:00:00 UTC,367,119,247143660,6.185
2015-02-19 00:00:00 UTC,367,118,247143660,1.085
2015-02-19 00:00:00 UTC,367,117,247143660,1.5056944444444444
2015-02-19 00:00:00 UTC,367,-40,224260340,1.968333333333333
2015-02-19 00:00:00 UTC,367,-41,224260340,4.4120833333333325
2015-02-19 00:00:00 UTC,367,-85,263275000,0.75055555555555564
2015-02-19 00:00:00 UTC,367,-41,224220670,1.4525000000000001
2015-02-19 00:00:00 UTC,623,-55,231199000,2.1886111111111113
2015-02-19 00:00:00 UTC,623,-54,231199000,5.2256944444444446
2015-02-19 00:00:00 UTC,623,-56,231199000,0.86805555555555558
2015-02-19 00:00:00 UTC,623,-53,231199000,9.968055555555555
2015-02-19 00:00:00 UTC,623,-55,231326000,2.3013888888888889
2015-02-19 00:00:00 UTC,623,-54,231326000,2.3097222222222222
2015-02-19 00:00:00 UTC,623,-55,231037000,1.1875
2015-02-19 00:00:00 UTC,623,-56,231037000,0.824861111111111
2015-02-19 00:00:00 UTC,623,-54,231037000,1.2670833333333333
2015-02-19 00:00:00 UTC,623,-54,231046000,2.10875
2015-02-19 00:00:00 UTC,623,-55,231046000,1.4963888888888888
2015-02-19 00:00:00 UTC,623,-56,231046000,0.90555555555555545
2015-02-19 00:00:00 UTC,623,-52,231173000,4.5858333333333334
2015-02-19 00:00:00 UTC,623,-54,231173000,1.5
2015-02-19 00:00:00 UTC,623,-56,231173000,4.0202777777777774
2015-02-19 00:00:00 UTC,623,-55,231173000,1.25875
2015-02-19 00:00:00 UTC,623,-52,231170000,4.6913888888888886
2015-02-19 00:00:00 UTC,623,-56,231170000,7.0616666666666665
2015-02-19 00:00:00 UTC,623,-54,231170000,3.0343055555555556
2015-02-19 00:00:00 UTC,623,-56,231106000,2.1618055555555555
2015-02-19 00:00:00 UTC,623,-55,231106000,3.0551388888888891
2015-02-19 00:00:00 UTC,623,-54,231010000,0.87875
2015-02-19 00:00:00 UTC,623,-56,231010000,6.9631944444444436
2015-02-19 00:00:00 UTC,623,-55,231010000,10.793750000000003
2015-02-19 00:00:00 UTC,623,-56,231191000,0.6413888888888889
2015-02-19 00:00:00 UTC,623,-55,231191000,7.4675
2015-02-19 00:00:00 UTC,623,-53,231191000,12.383333333333333
2015-02-19 00:00:00 UTC,623,-55,231105000,2.604166666666667
2015-02-19 00:00:00 UTC,623,-56,231105000,1.8825000000000003
2015-02-19 00:00:00 UTC,623,-54,231009000,2.30625
2015-02-19 00:00:00 UTC,623,-56,231009000,6.97013888888889
2015-02-19 00:00:00 UTC,623,-55,231009000,10.545972222222222
2015-02-19 00:00:00 UTC,623,-55,231190000,8.5783333333333331
2015-02-19 00:00:00 UTC,-401,1732,512002291,0.69527777777777777
2015-02-19 00:00:00 UTC,-145,-188,224308000,0.70375
2015-02-19 00:00:00 UTC,-145,618,416001838,4.0756944444444443
2015-02-19 00:00:00 UTC,-145,617,416001838,1.1536111111111111
2015-02-19 00:00:00 UTC,112,-296,431700550,0.29319444444444442
2015-02-19 00:00:00 UTC,112,-297,431700550,0.39569444444444446
2015-02-19 00:00:00 UTC,112,-298,431700550,0.33625
2015-02-19 00:00:00 UTC,112,-1331,413693270,5.8476388888888886
2015-02-19 00:00:00 UTC,112,-191,224024480,2.825277777777778
2015-02-19 00:00:00 UTC,112,-190,224019630,7.9755555555555562
2015-02-19 00:00:00 UTC,112,-672,775993040,6.3216666666666654
2015-02-19 00:00:00 UTC,112,-672,775993050,4.5420833333333333
2015-02-19 00:00:00 UTC,112,-977,345080027,6.4584722222222224
2015-02-19 00:00:00 UTC,112,-1374,412440037,5.8711111111111114
2015-02-19 00:00:00 UTC,368,119,247147010,2.5959722222222221
2015-02-19 00:00:00 UTC,368,-68,224410130,3.7533333333333334
2015-02-19 00:00:00 UTC,368,-77,263231000,2.810972222222222
2015-02-19 00:00:00 UTC,368,-78,263231000,4.23
2015-02-19 00:00:00 UTC,368,-79,263231000,0.8404166666666667
2015-02-19 00:00:00 UTC,368,-66,224094750,1.4888888888888889
2015-02-19 00:00:00 UTC,368,-68,224094750,1.4944444444444445
2015-02-19 00:00:00 UTC,368,-67,224094750,1.4865277777777779
2015-02-19 00:00:00 UTC,368,-67,224104990,2.4305555555555554
2015-02-19 00:00:00 UTC,368,-91,204244000,1.4190277777777778
2015-02-19 00:00:00 UTC,368,-90,204244000,1.9956944444444447
2015-02-19 00:00:00 UTC,368,-92,204244000,3.4513888888888893
2015-02-19 00:00:00 UTC,368,-89,204244000,1.6744444444444444
2015-02-19 00:00:00 UTC,368,-88,204244000,1.4647222222222223
2015-02-19 00:00:00 UTC,368,-92,263401250,6.2525
2015-02-19 00:00:00 UTC,368,-91,263401250,0.87319444444444438
2015-02-19 00:00:00 UTC,368,-90,263401250,0.22583333333333333
2015-02-19 00:00:00 UTC,368,119,247145510,4.899861111111111
2015-02-19 00:00:00 UTC,368,-68,224103720,2.2915277777777776
2015-02-19 00:00:00 UTC,368,119,247147310,6.6401388888888881
2015-02-19 00:00:00 UTC,368,118,247147310,0.665
2015-02-19 00:00:00 UTC,368,118,247147320,2.4401388888888893
2015-02-19 00:00:00 UTC,368,119,247147320,5.265416666666666
2015-02-19 00:00:00 UTC,368,-67,224162360,8.2049999999999983
2015-02-19 00:00:00 UTC,368,-66,224162360,1.6893055555555554
2015-02-19 00:00:00 UTC,368,-89,263411770,1.408611111111111
2015-02-19 00:00:00 UTC,368,-92,263411770,2.73
2015-02-19 00:00:00 UTC,368,-85,263411770,1.3956944444444443
2015-02-19 00:00:00 UTC,368,-90,263411770,2.3679166666666669
2015-02-19 00:00:00 UTC,368,-87,263411770,1.4819444444444443
2015-02-19 00:00:00 UTC,368,-91,263411770,0.75861111111111112
2015-02-19 00:00:00 UTC,368,-84,263411770,1.4211111111111112
2015-02-19 00:00:00 UTC,368,-88,263411770,1.6655555555555555
2015-02-19 00:00:00 UTC,368,-86,263411770,1.8177777777777777
2015-02-19 00:00:00 UTC,368,-68,224096580,4.7152777777777786
2015-02-19 00:00:00 UTC,368,-66,224117580,0.26694444444444443
2015-02-19 00:00:00 UTC,368,-67,224117580,4.0790277777777781
2015-02-19 00:00:00 UTC,368,-78,263402580,3.8036111111111115
2015-02-19 00:00:00 UTC,368,-79,263402580,1.8899999999999997
2015-02-19 00:00:00 UTC,368,-77,263402580,0.62874999999999992
2015-02-19 00:00:00 UTC,368,-81,263408470,6.3386111111111116
2015-02-19 00:00:00 UTC,368,-80,263408470,13.707916666666669
2015-02-19 00:00:00 UTC,368,-83,204263000,0.5344444444444445
2015-02-19 00:00:00 UTC,368,-84,204263000,3.6352777777777772
2015-02-19 00:00:00 UTC,368,-85,204263000,6.2288888888888891
2015-02-19 00:00:00 UTC,368,-86,204263000,1.3226388888888887
2015-02-19 00:00:00 UTC,368,-68,224033370,2.5641666666666665
2015-02-19 00:00:00 UTC,368,-85,263406940,3.4499999999999997
2015-02-19 00:00:00 UTC,368,-84,263406940,4.9999999999999991
2015-02-19 00:00:00 UTC,368,-83,263406940,2.3736111111111113
2015-02-19 00:00:00 UTC,368,121,247146590,0.85611111111111116
2015-02-19 00:00:00 UTC,368,125,247146590,1.8288888888888888
2015-02-19 00:00:00 UTC,368,126,247146590,1.4358333333333335
2015-02-19 00:00:00 UTC,368,122,247146590,2.1813888888888888
2015-02-19 00:00:00 UTC,368,119,247146590,4.1505555555555551
2015-02-19 00:00:00 UTC,368,124,247146590,1.7472222222222225
2015-02-19 00:00:00 UTC,368,123,247146590,2.412638888888889
2015-02-19 00:00:00 UTC,368,118,247141730,0.44013888888888891
2015-02-19 00:00:00 UTC,368,119,247141730,12.359861111111105
2015-02-19 00:00:00 UTC,368,-88,263413350,4.5358333333333345
2015-02-19 00:00:00 UTC,368,-87,263413350,5.1376388888888886
2015-02-19 00:00:00 UTC,368,-87,263402350,7.0084722222222231
2015-02-19 00:00:00 UTC,368,-88,263402350,4.6279166666666667
2015-02-19 00:00:00 UTC,368,-86,263402350,2.8859722222222226
2015-02-19 00:00:00 UTC,368,-88,263407470,5.6591666666666676
2015-02-19 00:00:00 UTC,368,-87,263407470,1.4469444444444444
2015-02-19 00:00:00 UTC,368,-89,263407470,3.1312499999999996
2015-02-19 00:00:00 UTC,368,-67,224047740,4.657916666666666
2015-02-19 00:00:00 UTC,368,-66,224100230,1.6270833333333332
2015-02-19 00:00:00 UTC,368,-67,224100230,1.8951388888888889
2015-02-19 00:00:00 UTC,368,-67,224057990,0.9025
2015-02-19 00:00:00 UTC,368,-68,224057990,3.0915277777777779
2015-02-19 00:00:00 UTC,368,-82,263237000,2.4938888888888884
2015-02-19 00:00:00 UTC,368,-80,263237000,4.9691666666666672
2015-02-19 00:00:00 UTC,368,-81,263237000,4.6097222222222207
2015-02-19 00:00:00 UTC,368,-79,263237000,2.2980555555555555
2015-02-19 00:00:00 UTC,368,143,247145870,1.4413888888888888
2015-02-19 00:00:00 UTC,368,-68,224174990,1.4498611111111113
2015-02-19 00:00:00 UTC,368,-67,224174990,0.275
2015-02-19 00:00:00 UTC,368,-88,263482000,6.3229166666666661
2015-02-19 00:00:00 UTC,368,-89,263482000,0.87236111111111114
2015-02-19 00:00:00 UTC,368,-87,263482000,3.1722222222222216
2015-02-19 00:00:00 UTC,368,-83,263578000,2.4518055555555556
2015-02-19 00:00:00 UTC,368,-84,263578000,5.6441666666666661
2015-02-19 00:00:00 UTC,368,-85,263578000,3.5252777777777786
2015-02-19 00:00:00 UTC,368,-88,263514000,1.6856944444444442
2015-02-19 00:00:00 UTC,368,-91,263514000,0.22402777777777777
2015-02-19 00:00:00 UTC,368,-92,263514000,1.725
2015-02-19 00:00:00 UTC,368,-86,263514000,0.84111111111111114
2015-02-19 00:00:00 UTC,368,-84,263514000,1.4411111111111112
2015-02-19 00:00:00 UTC,368,-83,263514000,1.8856944444444446
2015-02-19 00:00:00 UTC,368,-82,263514000,1.6833333333333333
2015-02-19 00:00:00 UTC,368,-87,263514000,1.8444444444444443
2015-02-19 00:00:00 UTC,368,-85,263514000,1.6354166666666667
2015-02-19 00:00:00 UTC,368,-67,224065430,2.5693055555555557
2015-02-19 00:00:00 UTC,368,-87,263236000,0.45361111111111108
2015-02-19 00:00:00 UTC,368,-90,263236000,1.6722222222222221
2015-02-19 00:00:00 UTC,368,-89,263236000,8.19736111111111
2015-02-19 00:00:00 UTC,368,118,247081890,5.0429166666666658
2015-02-19 00:00:00 UTC,368,119,247081890,0.44763888888888892
2015-02-19 00:00:00 UTC,368,-67,224032170,1.5498611111111109
2015-02-19 00:00:00 UTC,368,-68,224032170,2.6415277777777777
2015-02-19 00:00:00 UTC,368,-66,224032170,0.28041666666666665
2015-02-19 00:00:00 UTC,368,124,247148210,2.6980555555555559
2015-02-19 00:00:00 UTC,368,122,247148210,1.7002777777777778
2015-02-19 00:00:00 UTC,368,125,247148210,0.19847222222222222
2015-02-19 00:00:00 UTC,368,119,247148210,9.0755555555555585
2015-02-19 00:00:00 UTC,368,123,247148210,1.9387499999999998
2015-02-19 00:00:00 UTC,368,119,247142580,2.8523611111111107
2015-02-19 00:00:00 UTC,368,118,247143860,2.686666666666667
2015-02-19 00:00:00 UTC,368,119,247143860,2.0658333333333334
2015-02-19 00:00:00 UTC,368,142,247141050,1.859861111111111
2015-02-19 00:00:00 UTC,368,-87,263410880,1.0470833333333334
2015-02-19 00:00:00 UTC,368,-91,263410880,0.99319444444444438
2015-02-19 00:00:00 UTC,368,-89,263410880,0.41222222222222221
2015-02-19 00:00:00 UTC,368,-88,263410880,1.243611111111111
2015-02-19 00:00:00 UTC,368,-90,263410880,0.88958333333333339
2015-02-19 00:00:00 UTC,368,-458,224173000,6.5691666666666659
2015-02-19 00:00:00 UTC,368,-459,224173000,1.3800000000000001
2015-02-19 00:00:00 UTC,368,-66,224214990,6.2969444444444447
2015-02-19 00:00:00 UTC,368,-67,224214990,2.9780555555555557
2015-02-19 00:00:00 UTC,368,118,247144150,1.6681944444444445
2015-02-19 00:00:00 UTC,368,119,247144150,7.3736111111111118
2015-02-19 00:00:00 UTC,368,118,247146970,2.166666666666667
2015-02-19 00:00:00 UTC,368,119,247146970,3.12
2015-02-19 00:00:00 UTC,368,117,247146970,5.3572222222222221
2015-02-19 00:00:00 UTC,368,119,247146460,5.7894444444444444
2015-02-19 00:00:00 UTC,368,118,247146460,4.8423611111111118
2015-02-19 00:00:00 UTC,368,-1219,367491040,1.9604166666666667
2015-02-19 00:00:00 UTC,368,220,240428000,9.1251388888888858
2015-02-19 00:00:00 UTC,368,219,240428000,1.1166666666666667
2015-02-19 00:00:00 UTC,368,-89,263406570,0.21416666666666667
2015-02-19 00:00:00 UTC,368,-84,263406570,2.5586111111111114
2015-02-19 00:00:00 UTC,368,-83,263406570,1.7102777777777776
2015-02-19 00:00:00 UTC,368,-85,263406570,1.7315277777777776
2015-02-19 00:00:00 UTC,368,-82,263406570,1.0536111111111111
2015-02-19 00:00:00 UTC,368,-86,263406570,0.42388888888888887
2015-02-19 00:00:00 UTC,368,117,247143660,1.3123611111111111
2015-02-19 00:00:00 UTC,368,-85,263275000,5.3329166666666659
2015-02-19 00:00:00 UTC,368,-86,263275000,2.0265277777777779
2015-02-19 00:00:00 UTC,368,-84,263275000,3.7031944444444442
2015-02-19 00:00:00 UTC,624,55,257005840,0.24125
2015-02-19 00:00:00 UTC,624,54,257005840,1.557361111111111
2015-02-19 00:00:00 UTC,624,-53,231199000,5.2388888888888889
2015-02-19 00:00:00 UTC,624,-54,231188000,3.0597222222222222
2015-02-19 00:00:00 UTC,624,-54,231187000,4.5834722222222215
2015-02-19 00:00:00 UTC,624,-54,231173000,6.8463888888888889
2015-02-19 00:00:00 UTC,624,-46,259023000,9.325
2015-02-19 00:00:00 UTC,624,-54,231170000,4.5686111111111112
2015-02-19 00:00:00 UTC,624,-55,231190000,8.5736111111111111
2015-02-19 00:00:00 UTC,624,-53,231190000,3.0347222222222223
2015-02-19 00:00:00 UTC,624,-56,231190000,1.5223611111111111
2015-02-19 00:00:00 UTC,624,-54,231190000,2.3119444444444444
2015-02-19 00:00:00 UTC,-400,1774,512119000,1.0463888888888888
2015-02-19 00:00:00 UTC,-400,1772,512119000,4.6686111111111108
2015-02-19 00:00:00 UTC,-400,1773,512119000,1.0905555555555557
2015-02-19 00:00:00 UTC,-400,1732,512002291,18.232083333333343
2015-02-19 00:00:00 UTC,-400,1733,512002291,5.18
2015-02-19 00:00:00 UTC,-144,619,416002566,2.1491666666666669
2015-02-19 00:00:00 UTC,-144,-189,224308000,3.3194444444444442
2015-02-19 00:00:00 UTC,-144,618,416001838,3.7136111111111108
2015-02-19 00:00:00 UTC,-144,617,416001838,2.671388888888889
2015-02-19 00:00:00 UTC,-144,-1327,412420582,0.73666666666666669
2015-02-19 00:00:00 UTC,113,-172,273349130,1.4277777777777776
2015-02-19 00:00:00 UTC,113,-173,273349130,3.3505555555555557
2015-02-19 00:00:00 UTC,113,-296,431700550,0.69972222222222225
2015-02-19 00:00:00 UTC,113,-1329,413693270,5.7938888888888886
2015-02-19 00:00:00 UTC,113,-189,228967000,4.8561111111111108
2015-02-19 00:00:00 UTC,113,-191,224024480,1.901388888888889
2015-02-19 00:00:00 UTC,113,-673,775993040,4.9379166666666663
2015-02-19 00:00:00 UTC,113,-671,775993040,6.4148611111111116
2015-02-19 00:00:00 UTC,113,-672,775993040,0.58361111111111108
2015-02-19 00:00:00 UTC,113,-673,775993050,0.64430555555555546
2015-02-19 00:00:00 UTC,369,141,247131670,1.6679166666666665
2015-02-19 00:00:00 UTC,369,-75,263231000,0.70402777777777781
2015-02-19 00:00:00 UTC,369,-77,263231000,1.6625
2015-02-19 00:00:00 UTC,369,-76,263231000,1.13875
2015-02-19 00:00:00 UTC,369,141,247306520,1.8430555555555554
2015-02-19 00:00:00 UTC,369,142,247131160,0.82111111111111112
2015-02-19 00:00:00 UTC,369,141,247131160,1.6581944444444443
2015-02-19 00:00:00 UTC,369,-67,224104990,4.1011111111111109
2015-02-19 00:00:00 UTC,369,-92,204244000,3.7756944444444449
2015-02-19 00:00:00 UTC,369,-92,263401250,7.2762499999999983
2015-02-19 00:00:00 UTC,369,121,247145510,2.21375
2015-02-19 00:00:00 UTC,369,120,247145510,5.7111111111111112
2015-02-19 00:00:00 UTC,369,119,247145510,5.334722222222223
2015-02-19 00:00:00 UTC,369,118,247145510,0.43055555555555558
2015-02-19 00:00:00 UTC,369,121,247147310,2.1079166666666667
2015-02-19 00:00:00 UTC,369,120,247147310,3.4941666666666671
2015-02-19 00:00:00 UTC,369,119,247147310,3.8156944444444441
2015-02-19 00:00:00 UTC,369,118,247147310,0.43277777777777782
2015-02-19 00:00:00 UTC,369,142,247147570,1.0147222222222223
2015-02-19 00:00:00 UTC,369,141,247147570,1.6408333333333334
2015-02-19 00:00:00 UTC,369,140,247120440,0.83375
2015-02-19 00:00:00 UTC,369,138,247120440,0.72930555555555554
2015-02-19 00:00:00 UTC,369,139,247120440,2.1100000000000003
2015-02-19 00:00:00 UTC,369,141,247142970,2.6705555555555556
2015-02-19 00:00:00 UTC,369,142,247142970,0.62597222222222215
2015-02-19 00:00:00 UTC,369,-92,263411770,1.0231944444444443
2015-02-19 00:00:00 UTC,369,142,247127110,1.2326388888888888
2015-02-19 00:00:00 UTC,369,141,247127110,2.6673611111111106
2015-02-19 00:00:00 UTC,369,141,247142990,0.41388888888888886
2015-02-19 00:00:00 UTC,369,142,247142990,1.2222222222222223
2015-02-19 00:00:00 UTC,369,-75,263402580,3.9473611111111109
2015-02-19 00:00:00 UTC,369,-403,224135000,5.843055555555555
2015-02-19 00:00:00 UTC,369,-86,263402350,0.40944444444444444
2015-02-19 00:00:00 UTC,369,-76,263462000,5.6080555555555547
2015-02-19 00:00:00 UTC,369,-77,263462000,3.1590277777777782
2015-02-19 00:00:00 UTC,369,141,247303280,0.60611111111111116
2015-02-19 00:00:00 UTC,369,141,247144310,1.6405555555555553
2015-02-19 00:00:00 UTC,369,-443,224047990,4.8011111111111111
2015-02-19 00:00:00 UTC,369,120,247142780,5.0301388888888887
2015-02-19 00:00:00 UTC,369,119,247142780,2.4738888888888888
2015-02-19 00:00:00 UTC,369,-68,224029570,19.899722222222223
2015-02-19 00:00:00 UTC,369,143,247149190,0.20277777777777778
2015-02-19 00:00:00 UTC,369,142,247143820,0.60972222222222228
2015-02-19 00:00:00 UTC,369,141,247143820,2.8806944444444449
2015-02-19 00:00:00 UTC,369,143,247145870,5.3518055555555568
2015-02-19 00:00:00 UTC,369,142,247145870,4.1213888888888892
2015-02-19 00:00:00 UTC,369,-92,263514000,1.8401388888888888
2015-02-19 00:00:00 UTC,369,142,247143830,0.40208333333333335
2015-02-19 00:00:00 UTC,369,141,247143830,1.6304166666666666
2015-02-19 00:00:00 UTC,369,142,247145630,0.8488888888888888
2015-02-19 00:00:00 UTC,369,142,247122360,1.0220833333333332
2015-02-19 00:00:00 UTC,369,141,247122360,2.0618055555555554
2015-02-19 00:00:00 UTC,369,140,247122360,0.82097222222222221
2015-02-19 00:00:00 UTC,369,139,247122360,1.6222222222222222
2015-02-19 00:00:00 UTC,369,138,247122360,1.2101388888888889
2015-02-19 00:00:00 UTC,369,140,247141050,2.6809722222222221
2015-02-19 00:00:00 UTC,369,141,247141050,3.9063888888888885
2015-02-19 00:00:00 UTC,369,138,247141050,0.71513888888888888
2015-02-19 00:00:00 UTC,369,142,247141050,1.8518055555555555
2015-02-19 00:00:00 UTC,369,139,247141050,1.6606944444444445
2015-02-19 00:00:00 UTC,369,-86,263410880,1.4418055555555553
2015-02-19 00:00:00 UTC,369,-87,263410880,0.40236111111111111
2015-02-19 00:00:00 UTC,369,-85,263410880,1.46
2015-02-19 00:00:00 UTC,369,-83,263410880,0.20124999999999998
2015-02-19 00:00:00 UTC,369,-459,224173000,1.6972222222222224
2015-02-19 00:00:00 UTC,369,118,247144150,0.39041666666666669
2015-02-19 00:00:00 UTC,369,120,247144150,2.4538888888888888
2015-02-19 00:00:00 UTC,369,119,247144150,2.9772222222222218
2015-02-19 00:00:00 UTC,369,121,247144150,0.91138888888888892
2015-02-19 00:00:00 UTC,369,-66,224252120,4.6055555555555561
2015-02-19 00:00:00 UTC,369,219,240428000,0.64333333333333331
2015-02-19 00:00:00 UTC,369,141,247147750,1.6519444444444444
2015-02-19 00:00:00 UTC,369,-92,263275000,1.19875
2015-02-19 00:00:00 UTC,625,53,257005840,0.55041666666666667
2015-02-19 00:00:00 UTC,625,54,257005840,1.1875
2015-02-19 00:00:00 UTC,625,54,259295000,4.52375
2015-02-19 00:00:00 UTC,625,55,259295000,6.4397222222222217
2015-02-19 00:00:00 UTC,625,53,259380000,0.22972222222222222
2015-02-19 00:00:00 UTC,625,52,259380000,4.3748611111111115
2015-02-19 00:00:00 UTC,625,54,259154000,0.98263888888888884
2015-02-19 00:00:00 UTC,625,53,259154000,8.8080555555555549
2015-02-19 00:00:00 UTC,625,55,259154000,2.3751388888888894
2015-02-19 00:00:00 UTC,625,62,257304940,15.299583333333333
2015-02-19 00:00:00 UTC,625,54,259536000,5.670694444444444
2015-02-19 00:00:00 UTC,625,53,259536000,11.223888888888888
2015-02-19 00:00:00 UTC,625,54,258083000,1.5483333333333333
2015-02-19 00:00:00 UTC,625,55,257563600,2.077638888888889
2015-02-19 00:00:00 UTC,625,56,257563600,3.60625
2015-02-19 00:00:00 UTC,625,53,257079000,3.7019444444444445
2015-02-19 00:00:00 UTC,625,52,257079000,3.8197222222222216
2015-02-19 00:00:00 UTC,625,52,259329000,14.492777777777777
2015-02-19 00:00:00 UTC,625,53,259329000,7.5386111111111109
2015-02-19 00:00:00 UTC,625,55,257105640,3.4680555555555554
2015-02-19 00:00:00 UTC,625,54,257105640,3.2873611111111107
2015-02-19 00:00:00 UTC,-399,-588,701000794,1.1943055555555555
2015-02-19 00:00:00 UTC,-399,1707,512001926,10.691666666666666
2015-02-19 00:00:00 UTC,-399,1771,512119000,0.22513888888888889
2015-02-19 00:00:00 UTC,-399,1773,512119000,0.84680555555555559
2015-02-19 00:00:00 UTC,-399,1774,512119000,0.72402777777777783
2015-02-19 00:00:00 UTC,-143,619,416002566,4.5588888888888892
2015-02-19 00:00:00 UTC,-143,659,533333009,11.604583333333334
2015-02-19 00:00:00 UTC,-143,617,416001838,3.0799999999999996
2015-02-19 00:00:00 UTC,-143,-1340,416000476,6.4881944444444439
2015-02-19 00:00:00 UTC,-143,-1342,416000476,5.9041666666666668
2015-02-19 00:00:00 UTC,114,-173,273349130,11.714027777777778
2015-02-19 00:00:00 UTC,114,1758,440628000,2.6500000000000004
2015-02-19 00:00:00 UTC,114,-295,431700550,1.2655555555555555
2015-02-19 00:00:00 UTC,114,-189,228967000,1.825
2015-02-19 00:00:00 UTC,114,-173,273366690,0.38069444444444445
2015-02-19 00:00:00 UTC,114,-673,775993040,1.435138888888889
2015-02-19 00:00:00 UTC,370,140,247131670,4.521527777777778
2015-02-19 00:00:00 UTC,370,139,247131670,2.6926388888888888
2015-02-19 00:00:00 UTC,370,141,247131670,0.81513888888888886
2015-02-19 00:00:00 UTC,370,141,247306520,2.0579166666666664
2015-02-19 00:00:00 UTC,370,140,247306520,5.9365277777777781
2015-02-19 00:00:00 UTC,370,141,247131160,2.0470833333333331
2015-02-19 00:00:00 UTC,370,140,247131160,3.08875
2015-02-19 00:00:00 UTC,370,139,247131160,2.2925
2015-02-19 00:00:00 UTC,370,-82,263408670,1.3369444444444445
2015-02-19 00:00:00 UTC,370,-92,204244000,0.22499999999999998
2015-02-19 00:00:00 UTC,370,-92,263401250,2.1005555555555553
2015-02-19 00:00:00 UTC,370,139,247142960,3.8137499999999998
2015-02-19 00:00:00 UTC,370,140,247142960,6.1677777777777774
2015-02-19 00:00:00 UTC,370,141,247142960,2.0529166666666669
2015-02-19 00:00:00 UTC,370,140,247147570,3.50375
2015-02-19 00:00:00 UTC,370,141,247147570,2.0651388888888889
2015-02-19 00:00:00 UTC,370,139,247147570,0.61055555555555552
2015-02-19 00:00:00 UTC,370,140,247120440,4.1086111111111112
2015-02-19 00:00:00 UTC,370,139,247120440,1.662638888888889
2015-02-19 00:00:00 UTC,370,141,247120440,2.4613888888888891
2015-02-19 00:00:00 UTC,370,141,247142970,0.61249999999999993
2015-02-19 00:00:00 UTC,370,140,247142970,6.0027777777777782
2015-02-19 00:00:00 UTC,370,139,247142970,1.0841666666666667
2015-02-19 00:00:00 UTC,370,141,247127110,0.60930555555555554
2015-02-19 00:00:00 UTC,370,139,247127110,2.0122222222222224
2015-02-19 00:00:00 UTC,370,140,247127110,4.3325
2015-02-19 00:00:00 UTC,370,139,247142990,1.278888888888889
2015-02-19 00:00:00 UTC,370,140,247142990,12.900833333333331
2015-02-19 00:00:00 UTC,370,141,247142990,3.0766666666666667
2015-02-19 00:00:00 UTC,370,-402,224135000,0.63430555555555557
2015-02-19 00:00:00 UTC,370,-403,224135000,14.687916666666666
2015-02-19 00:00:00 UTC,370,-75,263462000,5.425416666666667
2015-02-19 00:00:00 UTC,370,-76,263462000,3.7151388888888888
2015-02-19 00:00:00 UTC,370,140,247303280,0.92069444444444448
2015-02-19 00:00:00 UTC,370,141,247303280,0.40791666666666671
2015-02-19 00:00:00 UTC,370,141,247144310,0.81708333333333338
2015-02-19 00:00:00 UTC,370,139,247144310,2.3024999999999998
2015-02-19 00:00:00 UTC,370,138,247144310,0.74180555555555561
2015-02-19 00:00:00 UTC,370,140,247144310,4.1034722222222229
2015-02-19 00:00:00 UTC,370,-440,224047990,6.416666666666667
2015-02-19 00:00:00 UTC,370,139,247143820,1.8616666666666668
2015-02-19 00:00:00 UTC,370,138,247143820,6.1865277777777781
2015-02-19 00:00:00 UTC,370,141,247143820,0.617361111111111
2015-02-19 00:00:00 UTC,370,140,247143820,3.5115277777777778
2015-02-19 00:00:00 UTC,370,140,247143830,4.1359722222222226
2015-02-19 00:00:00 UTC,370,141,247143830,2.2449999999999997
2015-02-19 00:00:00 UTC,370,139,247143830,1.4433333333333334
2015-02-19 00:00:00 UTC,370,142,247145630,0.41875
2015-02-19 00:00:00 UTC,370,141,247145630,3.7065277777777776
2015-02-19 00:00:00 UTC,370,140,247145630,10.713611111111112
2015-02-19 00:00:00 UTC,370,139,247145630,2.2616666666666667
2015-02-19 00:00:00 UTC,370,141,247122360,1.8533333333333331
2015-02-19 00:00:00 UTC,370,140,247122360,2.2566666666666668
2015-02-19 00:00:00 UTC,370,-509,225325000,3.9279166666666669
2015-02-19 00:00:00 UTC,370,-459,224173000,1.1283333333333334
2015-02-19 00:00:00 UTC,370,135,247147480,1.1390277777777778
2015-02-19 00:00:00 UTC,370,134,247147480,0.24027777777777776
2015-02-19 00:00:00 UTC,370,138,247147480,0.20861111111111111
2015-02-19 00:00:00 UTC,370,-92,204236000,3.9516666666666671
2015-02-19 00:00:00 UTC,370,140,247147750,4.5256944444444454
2015-02-19 00:00:00 UTC,370,141,247147750,1.6495833333333334
2015-02-19 00:00:00 UTC,370,139,247147750,7.7811111111111115
2015-02-19 00:00:00 UTC,370,-92,263275000,1.2275
2015-02-19 00:00:00 UTC,370,-77,263407870,2.5318055555555556
2015-02-19 00:00:00 UTC,626,53,259380000,6.9804166666666667
2015-02-19 00:00:00 UTC,626,52,259380000,4.0320833333333326
2015-02-19 00:00:00 UTC,626,51,259380000,4.7420833333333334
2015-02-19 00:00:00 UTC,626,56,257053240,3.418333333333333
2015-02-19 00:00:00 UTC,626,57,257053240,1.8936111111111114
2015-02-19 00:00:00 UTC,626,54,258524000,0.35125
2015-02-19 00:00:00 UTC,626,55,257456500,0.5461111111111111
2015-02-19 00:00:00 UTC,626,54,257456500,3.3200000000000003
2015-02-19 00:00:00 UTC,626,53,259536000,1.1977777777777778
2015-02-19 00:00:00 UTC,626,52,259109000,4.4106944444444451
2015-02-19 00:00:00 UTC,626,54,259109000,6.2445833333333329
2015-02-19 00:00:00 UTC,626,53,259109000,9.338750000000001
2015-02-19 00:00:00 UTC,626,54,258083000,6.2456944444444442
2015-02-19 00:00:00 UTC,626,53,258083000,3.0176388888888894
2015-02-19 00:00:00 UTC,626,53,257563600,2.0793055555555555
2015-02-19 00:00:00 UTC,626,52,257563600,7.2141666666666655
2015-02-19 00:00:00 UTC,626,54,257563600,3.7611111111111111
2015-02-19 00:00:00 UTC,626,55,257079000,1.7623611111111113
2015-02-19 00:00:00 UTC,626,53,257079000,0.46958333333333335
2015-02-19 00:00:00 UTC,626,54,257079000,1.1768055555555554
2015-02-19 00:00:00 UTC,626,53,259244000,3.4652777777777777
2015-02-19 00:00:00 UTC,626,52,259244000,15.304722222222223
2015-02-19 00:00:00 UTC,626,55,257105640,0.11944444444444444
2015-02-19 00:00:00 UTC,626,57,257105640,1.0465277777777779
2015-02-19 00:00:00 UTC,626,56,257105640,2.7894444444444444
2015-02-19 00:00:00 UTC,-398,-562,701000837,7.3648611111111109
2015-02-19 00:00:00 UTC,-398,1775,512119000,5.1881944444444432
2015-02-19 00:00:00 UTC,-398,1776,512119000,1.5441666666666667
2015-02-19 00:00:00 UTC,-142,-189,224308000,3.5295833333333331
2015-02-19 00:00:00 UTC,-142,-1337,412420848,5.9316666666666666
2015-02-19 00:00:00 UTC,-142,414,441483000,5.8898611111111112
2015-02-19 00:00:00 UTC,115,1578,416004098,4.0788888888888888
2015-02-19 00:00:00 UTC,115,1577,416004098,3.2679166666666668
2015-02-19 00:00:00 UTC,115,-173,273349130,3.0888888888888886
2015-02-19 00:00:00 UTC,115,1533,431914000,0.7416666666666667
2015-02-19 00:00:00 UTC,115,1544,111191622,5.6336111111111116
2015-02-19 00:00:00 UTC,115,1542,111191622,6.1181944444444438
2015-02-19 00:00:00 UTC,115,-173,224068340,9.1672222222222217
2015-02-19 00:00:00 UTC,371,274,271072197,3.9948611111111108
2015-02-19 00:00:00 UTC,371,-459,224173000,1.3941666666666666
2015-02-19 00:00:00 UTC,371,-92,204236000,10.687777777777779
2015-02-19 00:00:00 UTC,627,54,259380000,5.4108333333333336
2015-02-19 00:00:00 UTC,627,-249,251155000,1.5418055555555554
2015-02-19 00:00:00 UTC,627,53,259244000,5.5887499999999992
2015-02-19 00:00:00 UTC,-397,-563,701000837,1.9830555555555558
2015-02-19 00:00:00 UTC,-397,-562,701000837,5.0065277777777784
2015-02-19 00:00:00 UTC,-397,-564,701000837,0.49291666666666673
2015-02-19 00:00:00 UTC,-397,1776,512119000,0.35388888888888886
2015-02-19 00:00:00 UTC,-397,1775,512119000,0.17527777777777781
2015-02-19 00:00:00 UTC,-141,511,416004279,1.4063888888888889
2015-02-19 00:00:00 UTC,-141,512,416004279,1.0418055555555557
2015-02-19 00:00:00 UTC,-141,-1340,416000476,5.8661111111111115
2015-02-19 00:00:00 UTC,-141,-1337,412420848,3.0358333333333332
2015-02-19 00:00:00 UTC,-141,415,441483000,11.624583333333334
2015-02-19 00:00:00 UTC,116,1577,416004098,1.2195833333333335
2015-02-19 00:00:00 UTC,116,1576,416004098,1.7411111111111113
2015-02-19 00:00:00 UTC,116,1534,431914000,0.20847222222222223
2015-02-19 00:00:00 UTC,116,1533,431914000,0.46347222222222217
2015-02-19 00:00:00 UTC,116,-325,431701010,1.537361111111111
2015-02-19 00:00:00 UTC,116,-296,431700550,1.1072222222222221
2015-02-19 00:00:00 UTC,116,-295,431700550,3.7898611111111107
2015-02-19 00:00:00 UTC,116,-293,431700550,3.4416666666666664
2015-02-19 00:00:00 UTC,116,-982,345080700,4.3209722222222222
2015-02-19 00:00:00 UTC,116,1608,431171000,0.06222222222222222
2015-02-19 00:00:00 UTC,116,-671,775993040,4.701944444444444
2015-02-19 00:00:00 UTC,372,-450,224029760,1.3427777777777776
2015-02-19 00:00:00 UTC,372,-449,224029760,2.4751388888888886
2015-02-19 00:00:00 UTC,372,132,247305840,8.4840277777777775
2015-02-19 00:00:00 UTC,372,133,247305840,0.64013888888888892
2015-02-19 00:00:00 UTC,372,131,247305840,1.1768055555555554
2015-02-19 00:00:00 UTC,372,121,247144110,0.13319444444444445
2015-02-19 00:00:00 UTC,372,1194,412323509,9.0125000000000011
2015-02-19 00:00:00 UTC,372,-459,224173000,0.27652777777777782
2015-02-19 00:00:00 UTC,372,-452,224173000,4.2230555555555558
2015-02-19 00:00:00 UTC,372,-92,204236000,1.2745833333333334
2015-02-19 00:00:00 UTC,628,-82,231146000,3.837361111111111
2015-02-19 00:00:00 UTC,628,-247,251155000,3.0555555555555554
2015-02-19 00:00:00 UTC,628,-249,251155000,1.5347222222222223
2015-02-19 00:00:00 UTC,628,-246,251155000,1.5165277777777777
2015-02-19 00:00:00 UTC,-140,510,416004747,4.3416666666666668
2015-02-19 00:00:00 UTC,-140,509,416004747,6.1030555555555557
2015-02-19 00:00:00 UTC,-140,508,416004747,1.0895833333333333
2015-02-19 00:00:00 UTC,-140,507,416004747,0.800138888888889
2015-02-19 00:00:00 UTC,-140,512,416004279,6.8406944444444449
2015-02-19 00:00:00 UTC,-140,511,416004279,4.1701388888888893
2015-02-19 00:00:00 UTC,-140,-1340,416000476,12.428888888888888
2015-02-19 00:00:00 UTC,-140,414,441483000,6.5583333333333336
2015-02-19 00:00:00 UTC,117,1576,416004098,1.2273611111111111
2015-02-19 00:00:00 UTC,117,-982,345080700,1.9498611111111113
2015-02-19 00:00:00 UTC,117,-981,345080700,2.2015277777777778
2015-02-19 00:00:00 UTC,117,-979,345080022,4.8180555555555555
2015-02-19 00:00:00 UTC,117,-174,224068340,4.443194444444444
2015-02-19 00:00:00 UTC,117,-173,224068340,5.8284722222222225
2015-02-19 00:00:00 UTC,373,-448,224029760,3.0970833333333334
2015-02-19 00:00:00 UTC,373,-451,224029760,1.0431944444444445
2015-02-19 00:00:00 UTC,373,-452,224029760,0.36388888888888887
2015-02-19 00:00:00 UTC,373,132,247305840,0.82500000000000007
2015-02-19 00:00:00 UTC,373,131,247305840,4.4944444444444445
2015-02-19 00:00:00 UTC,373,-441,224047990,3.0375
2015-02-19 00:00:00 UTC,373,-442,224047990,0.36986111111111108
2015-02-19 00:00:00 UTC,373,-90,263416450,1.4908333333333332
2015-02-19 00:00:00 UTC,373,1194,412323509,3.7913888888888891
2015-02-19 00:00:00 UTC,373,-519,225325000,0.72069444444444442
2015-02-19 00:00:00 UTC,373,-518,225325000,3.6056944444444445
2015-02-19 00:00:00 UTC,373,-450,224173000,0.50541666666666663
2015-02-19 00:00:00 UTC,373,-451,224173000,0.33069444444444446
2015-02-19 00:00:00 UTC,629,-512,331168000,10.370694444444444
2015-02-19 00:00:00 UTC,629,-513,331168000,1.2572222222222222
2015-02-19 00:00:00 UTC,629,-246,251155000,5.2765277777777779
2015-02-19 00:00:00 UTC,629,-513,331224000,5.7237500000000008
2015-02-19 00:00:00 UTC,629,-512,331224000,1.8291666666666668
2015-02-19 00:00:00 UTC,-139,506,416004747,3.8743055555555554
2015-02-19 00:00:00 UTC,-139,510,416004747,1.5730555555555557
2015-02-19 00:00:00 UTC,-139,507,416004747,0.3955555555555556
2015-02-19 00:00:00 UTC,-139,509,416004747,3.18125
2015-02-19 00:00:00 UTC,-139,-1340,412420848,5.7088888888888887
2015-02-19 00:00:00 UTC,118,1576,416004098,6.5190277777777776
2015-02-19 00:00:00 UTC,118,1578,416004098,6.2390277777777783
2015-02-19 00:00:00 UTC,118,-1316,413693270,5.7776388888888892
2015-02-19 00:00:00 UTC,118,-979,345080022,1.2320833333333334
2015-02-19 00:00:00 UTC,118,-1369,412440047,12.372777777777777
2015-02-19 00:00:00 UTC,118,-174,224068340,3.7318055555555554
2015-02-19 00:00:00 UTC,118,-173,224068340,1.7279166666666665
2015-02-19 00:00:00 UTC,374,-11,224093460,0.62486111111111109
2015-02-19 00:00:00 UTC,374,-452,224029760,0.34180555555555558
2015-02-19 00:00:00 UTC,374,-11,224027970,1.4348611111111111
2015-02-19 00:00:00 UTC,374,-441,224047990,0.48472222222222222
2015-02-19 00:00:00 UTC,374,-442,224047990,0.69000000000000017
2015-02-19 00:00:00 UTC,374,-440,224047990,1.6331944444444446
2015-02-19 00:00:00 UTC,374,1199,412328058,4.0454166666666671
2015-02-19 00:00:00 UTC,374,1198,412328058,0.32069444444444445
2015-02-19 00:00:00 UTC,374,-89,263416450,15.662500000000001
2015-02-19 00:00:00 UTC,374,-456,224099470,3.9336111111111114
2015-02-19 00:00:00 UTC,374,1198,412323516,0.31236111111111109
2015-02-19 00:00:00 UTC,374,1197,412323516,1.2999999999999998
2015-02-19 00:00:00 UTC,630,-514,331168000,11.660138888888888
2015-02-19 00:00:00 UTC,630,-237,251182110,6.2465277777777786
2015-02-19 00:00:00 UTC,630,-250,251156000,7.0459722222222227
2015-02-19 00:00:00 UTC,630,-223,251529000,5.0591666666666661
2015-02-19 00:00:00 UTC,630,-221,251529000,1.2683333333333335
2015-02-19 00:00:00 UTC,-394,1486,503748900,0.61222222222222222
2015-02-19 00:00:00 UTC,-394,1487,503748900,5.1416666666666648
2015-02-19 00:00:00 UTC,-138,-1351,416199800,6.4677777777777772
2015-02-19 00:00:00 UTC,119,-1316,413693270,6.6537500000000005
2015-02-19 00:00:00 UTC,375,-12,224093460,3.6951388888888892
2015-02-19 00:00:00 UTC,375,-11,224093460,1.1027777777777776
2015-02-19 00:00:00 UTC,375,1198,800019517,5.6259722222222219
2015-02-19 00:00:00 UTC,375,-455,224029760,0.22375
2015-02-19 00:00:00 UTC,375,-454,224029760,0.80694444444444446
2015-02-19 00:00:00 UTC,375,-12,224027970,1.4443055555555555
2015-02-19 00:00:00 UTC,375,-441,224047990,2.215
2015-02-19 00:00:00 UTC,375,-440,224047990,4.3755555555555556
2015-02-19 00:00:00 UTC,375,-456,224099470,3.0498611111111114
2015-02-19 00:00:00 UTC,375,-5,224093360,2.2919444444444443
2015-02-19 00:00:00 UTC,375,-12,224126930,3.8991666666666664
2015-02-19 00:00:00 UTC,375,-11,224126930,5.1709722222222219
2015-02-19 00:00:00 UTC,375,250,237654000,9.012777777777778
2015-02-19 00:00:00 UTC,631,-217,251529000,0.64874999999999994
2015-02-19 00:00:00 UTC,631,-208,251529000,1.2352777777777777
2015-02-19 00:00:00 UTC,631,-210,251529000,0.41291666666666665
2015-02-19 00:00:00 UTC,631,-219,251529000,5.177083333333333
2015-02-19 00:00:00 UTC,631,-207,251529000,1.2520833333333332
2015-02-19 00:00:00 UTC,631,-218,251529000,0.49055555555555558
2015-02-19 00:00:00 UTC,631,-216,251529000,0.18305555555555555
2015-02-19 00:00:00 UTC,631,-209,251529000,0.638611111111111
2015-02-19 00:00:00 UTC,631,-252,251102000,1.528888888888889
2015-02-19 00:00:00 UTC,631,-250,251102000,1.53625
2015-02-19 00:00:00 UTC,631,-238,251155000,5.2570833333333331
2015-02-19 00:00:00 UTC,631,-221,251228000,0.24736111111111111
2015-02-19 00:00:00 UTC,631,-220,251228000,0.2475
2015-02-19 00:00:00 UTC,631,-183,251048110,0.74986111111111109
2015-02-19 00:00:00 UTC,631,-181,251048110,1.5373611111111112
2015-02-19 00:00:00 UTC,631,-182,251048110,1.05125
2015-02-19 00:00:00 UTC,-393,1487,503748900,0.63347222222222221
2015-02-19 00:00:00 UTC,-393,1486,503748900,0.25402777777777774
2015-02-19 00:00:00 UTC,-393,-200,412439611,0.36944444444444441
2015-02-19 00:00:00 UTC,-393,-201,412439611,0.17486111111111111
2015-02-19 00:00:00 UTC,-137,595,416002061,6.4748611111111112
2015-02-19 00:00:00 UTC,-137,655,416004485,5.2848611111111108
2015-02-19 00:00:00 UTC,-137,654,416004485,7.0563888888888888
2015-02-19 00:00:00 UTC,-137,512,416004279,7.7587499999999991
2015-02-19 00:00:00 UTC,120,1547,431914000,0.51944444444444438
2015-02-19 00:00:00 UTC,376,1198,800019517,5.5837500000000011
2015-02-19 00:00:00 UTC,376,-455,224029760,0.92638888888888882
2015-02-19 00:00:00 UTC,376,-454,224029760,0.29180555555555554
2015-02-19 00:00:00 UTC,376,-453,224099470,0.84027777777777768
2015-02-19 00:00:00 UTC,376,-458,224099470,0.64458333333333329
2015-02-19 00:00:00 UTC,376,-454,224099470,2.8219444444444446
2015-02-19 00:00:00 UTC,376,-457,224099470,3.4775000000000005
2015-02-19 00:00:00 UTC,376,-5,224093360,1.3130555555555554
2015-02-19 00:00:00 UTC,632,-232,251182110,0.52166666666666672
2015-02-19 00:00:00 UTC,632,-230,251182110,1.5333333333333332
2015-02-19 00:00:00 UTC,632,-231,251182110,3.9045833333333331
2015-02-19 00:00:00 UTC,632,-214,251529000,0.20513888888888887
2015-02-19 00:00:00 UTC,632,-212,251529000,0.84472222222222226
2015-02-19 00:00:00 UTC,632,-216,251529000,0.42375
2015-02-19 00:00:00 UTC,632,-210,251529000,0.81
2015-02-19 00:00:00 UTC,632,-211,251529000,0.61652777777777779
2015-02-19 00:00:00 UTC,632,-215,251529000,0.20972222222222223
2015-02-19 00:00:00 UTC,632,-208,251529000,0.20041666666666666
2015-02-19 00:00:00 UTC,632,-213,251529000,0.64291666666666669
2015-02-19 00:00:00 UTC,632,-209,251529000,0.83569444444444452
2015-02-19 00:00:00 UTC,632,-253,251102000,4.9345833333333342
2015-02-19 00:00:00 UTC,632,-238,251155000,0.80541666666666667
2015-02-19 00:00:00 UTC,632,-220,251228000,0.67708333333333337
2015-02-19 00:00:00 UTC,632,-200,251344000,4.7030555555555562
2015-02-19 00:00:00 UTC,632,-199,251344000,1.2583333333333335
2015-02-19 00:00:00 UTC,632,-201,251344000,3.5948611111111113
2015-02-19 00:00:00 UTC,632,-202,251344000,4.335694444444445
2015-02-19 00:00:00 UTC,632,-203,251427000,0.4125
2015-02-19 00:00:00 UTC,632,-201,251427000,0.61930555555555555
2015-02-19 00:00:00 UTC,632,-202,251427000,1.4266666666666665
2015-02-19 00:00:00 UTC,632,-210,251068110,1.0473611111111112
2015-02-19 00:00:00 UTC,632,-211,251068110,0.81694444444444447
2015-02-19 00:00:00 UTC,632,-209,251068110,0.21250000000000002
2015-02-19 00:00:00 UTC,-392,-199,412439611,0.27916666666666662
2015-02-19 00:00:00 UTC,-392,-198,412439611,0.19027777777777777
2015-02-19 00:00:00 UTC,-136,596,416002061,5.7568055555555562
2015-02-19 00:00:00 UTC,-136,595,416002061,0.6958333333333333
2015-02-19 00:00:00 UTC,-136,656,416004485,8.3840277777777779
2015-02-19 00:00:00 UTC,121,1549,431914000,0.51680555555555552
2015-02-19 00:00:00 UTC,121,1548,431914000,0.71791666666666654
2015-02-19 00:00:00 UTC,121,1547,431914000,0.548888888888889
2015-02-19 00:00:00 UTC,377,-453,224029760,0.69875
2015-02-19 00:00:00 UTC,377,-454,224029760,0.29847222222222219
2015-02-19 00:00:00 UTC,377,-449,224029760,6.4141666666666666
2015-02-19 00:00:00 UTC,377,124,247308420,3.5043055555555558
2015-02-19 00:00:00 UTC,377,-453,224099470,0.97
2015-02-19 00:00:00 UTC,377,-452,224099470,1.1111111111111112
2015-02-19 00:00:00 UTC,377,-455,224099470,0.7375
2015-02-19 00:00:00 UTC,377,-456,224099470,0.54444444444444451
2015-02-19 00:00:00 UTC,377,-454,224099470,0.62763888888888886
2015-02-19 00:00:00 UTC,377,-4,224093360,1.0429166666666667
2015-02-19 00:00:00 UTC,377,-5,224093360,0.80986111111111114
2015-02-19 00:00:00 UTC,377,233,237014000,3.7277777777777779
2015-02-19 00:00:00 UTC,377,232,237014000,6.2570833333333331
2015-02-19 00:00:00 UTC,377,-92,263412470,6.9979166666666668
2015-02-19 00:00:00 UTC,633,-232,251182110,5.0772222222222227
2015-02-19 00:00:00 UTC,633,-231,251182110,0.31916666666666665
2015-02-19 00:00:00 UTC,633,-214,251529000,0.82527777777777778
2015-02-19 00:00:00 UTC,633,-216,251529000,0.18861111111111112
2015-02-19 00:00:00 UTC,633,-215,251529000,0.51680555555555552
2015-02-19 00:00:00 UTC,633,-518,331209000,1.1637499999999998
2015-02-19 00:00:00 UTC,633,-517,331209000,9.9827777777777769
2015-02-19 00:00:00 UTC,633,-245,251102000,4.3198611111111118
2015-02-19 00:00:00 UTC,633,-243,251102000,7.8791666666666664
2015-02-19 00:00:00 UTC,633,-244,251102000,1.5694444444444442
2015-02-19 00:00:00 UTC,633,-237,251155000,0.5527777777777777
2015-02-19 00:00:00 UTC,633,-236,251164000,2.6718055555555553
2015-02-19 00:00:00 UTC,633,-237,251164000,3.1181944444444447
2015-02-19 00:00:00 UTC,633,-201,251344000,1.0723611111111113
2015-02-19 00:00:00 UTC,633,-202,251344000,0.84152777777777787
2015-02-19 00:00:00 UTC,633,-199,251344000,2.3779166666666671
2015-02-19 00:00:00 UTC,633,-200,251344000,1.0695833333333336
2015-02-19 00:00:00 UTC,633,-198,251344000,3.310972222222222
2015-02-19 00:00:00 UTC,633,82,257161420,1.8225000000000002
2015-02-19 00:00:00 UTC,633,-207,251068110,0.20555555555555555
2015-02-19 00:00:00 UTC,633,-209,251068110,1.6441666666666668
2015-02-19 00:00:00 UTC,633,-208,251068110,0.10444444444444445
2015-02-19 00:00:00 UTC,633,-210,251068110,2.6644444444444448
2015-02-19 00:00:00 UTC,633,-211,251068110,2.3323611111111111
2015-02-19 00:00:00 UTC,633,-203,251259110,0.20194444444444443
2015-02-19 00:00:00 UTC,633,-202,251259110,1.2252777777777779
2015-02-19 00:00:00 UTC,633,-201,251259110,0.82541666666666669
2015-02-19 00:00:00 UTC,-135,596,416002061,6.1070833333333336
2015-02-19 00:00:00 UTC,-135,595,416002061,10.992361111111112
2015-02-19 00:00:00 UTC,-135,-1344,412420846,5.7197222222222219
2015-02-19 00:00:00 UTC,-135,-1338,412420848,10.863472222222223
2015-02-19 00:00:00 UTC,378,234,237599000,0.74361111111111111
2015-02-19 00:00:00 UTC,378,234,237534000,1.3663888888888889
2015-02-19 00:00:00 UTC,378,236,237534000,4.7630555555555567
2015-02-19 00:00:00 UTC,378,235,237534000,6.4173611111111111
2015-02-19 00:00:00 UTC,378,-90,263402290,2.2791666666666668
2015-02-19 00:00:00 UTC,378,121,247309110,0.87666666666666671
2015-02-19 00:00:00 UTC,378,120,247309110,0.96930555555555564
2015-02-19 00:00:00 UTC,378,-6,224047160,3.5075000000000003
2015-02-19 00:00:00 UTC,378,233,237565000,7.7226388888888886
2015-02-19 00:00:00 UTC,378,-5,224021630,0.38013888888888892
2015-02-19 00:00:00 UTC,378,-4,224021630,10.188472222222222
2015-02-19 00:00:00 UTC,378,121,247308420,14.50375
2015-02-19 00:00:00 UTC,378,-462,224099470,0.74041666666666661
2015-02-19 00:00:00 UTC,378,-463,224099470,0.7055555555555556
2015-02-19 00:00:00 UTC,378,-461,224099470,5.2622222222222224
2015-02-19 00:00:00 UTC,378,210,240314000,6.9531944444444447
2015-02-19 00:00:00 UTC,378,236,237540000,0.92472222222222222
2015-02-19 00:00:00 UTC,378,1225,412201126,8.2345833333333331
2015-02-19 00:00:00 UTC,378,1224,412201126,14.952916666666667
2015-02-19 00:00:00 UTC,378,-4,224093360,1.2884722222222222
2015-02-19 00:00:00 UTC,378,121,247133620,0.23152777777777778
2015-02-19 00:00:00 UTC,378,122,247133620,5.4054166666666665
2015-02-19 00:00:00 UTC,378,123,247133620,2.7712499999999998
2015-02-19 00:00:00 UTC,378,234,241091000,1.0783333333333334
2015-02-19 00:00:00 UTC,378,231,241091000,2.6020833333333333
2015-02-19 00:00:00 UTC,378,232,241091000,2.6283333333333334
2015-02-19 00:00:00 UTC,378,235,241091000,7.6593055555555551
2015-02-19 00:00:00 UTC,378,233,241091000,1.1393055555555556
2015-02-19 00:00:00 UTC,378,123,247130850,4.1448611111111111
2015-02-19 00:00:00 UTC,378,121,247130850,7.2425000000000006
2015-02-19 00:00:00 UTC,378,122,247130850,2.7640277777777778
2015-02-19 00:00:00 UTC,378,234,237526000,2.4862500000000005
2015-02-19 00:00:00 UTC,378,235,237526000,7.9583333333333348
2015-02-19 00:00:00 UTC,378,-6,224072690,1.2730555555555556
2015-02-19 00:00:00 UTC,378,-7,224107250,1.0547222222222223
2015-02-19 00:00:00 UTC,378,-92,263412470,9.706944444444451
2015-02-19 00:00:00 UTC,634,-517,331209000,2.2833333333333332
2015-02-19 00:00:00 UTC,634,-520,331209000,6.3925
2015-02-19 00:00:00 UTC,634,-519,331209000,1.2197222222222222
2015-02-19 00:00:00 UTC,634,-518,331209000,2.2381944444444444
2015-02-19 00:00:00 UTC,634,-519,331155000,1.3819444444444446
2015-02-19 00:00:00 UTC,634,-520,331155000,1.5513888888888889
2015-02-19 00:00:00 UTC,634,-237,251155000,0.17916666666666667
2015-02-19 00:00:00 UTC,634,-222,251164000,3.9816666666666669
2015-02-19 00:00:00 UTC,634,-221,251164000,2.3879166666666665
2015-02-19 00:00:00 UTC,634,-223,251164000,1.1083333333333334
2015-02-19 00:00:00 UTC,634,-200,251344000,0.20847222222222223
2015-02-19 00:00:00 UTC,634,-199,251344000,0.47611111111111115
2015-02-19 00:00:00 UTC,634,-518,331224000,1.5194444444444444
2015-02-19 00:00:00 UTC,634,-519,331224000,7.3290277777777781
2015-02-19 00:00:00 UTC,634,-202,251157440,6.306805555555556
2015-02-19 00:00:00 UTC,634,-203,251157440,1.2781944444444444
2015-02-19 00:00:00 UTC,634,-160,251143110,1.1637499999999998
2015-02-19 00:00:00 UTC,634,-158,251143110,0.8290277777777777
2015-02-19 00:00:00 UTC,634,-157,251143110,0.43722222222222218
2015-02-19 00:00:00 UTC,634,81,257161420,0.4458333333333333
2015-02-19 00:00:00 UTC,634,-207,251068110,0.4201388888888889
2015-02-19 00:00:00 UTC,634,-206,251068110,0.41152777777777777
2015-02-19 00:00:00 UTC,634,-199,251259110,2.6104166666666671
2015-02-19 00:00:00 UTC,634,-198,251259110,1.9958333333333333
2015-02-19 00:00:00 UTC,-390,-572,770576200,5.2458333333333336
2015-02-19 00:00:00 UTC,-134,-1429,546012900,3.3066666666666666
2015-02-19 00:00:00 UTC,379,-7,224162840,1.8386111111111112
2015-02-19 00:00:00 UTC,379,-6,224047160,2.0887499999999997
2015-02-19 00:00:00 UTC,379,-5,224047160,1.8581944444444445
2015-02-19 00:00:00 UTC,379,-453,224029760,4.0513888888888889
2015-02-19 00:00:00 UTC,379,-454,224029760,0.69277777777777771
2015-02-19 00:00:00 UTC,379,-7,224134480,0.20583333333333334
2015-02-19 00:00:00 UTC,379,-6,224134480,3.5605555555555553
2015-02-19 00:00:00 UTC,379,-5,224134480,1.611388888888889
2015-02-19 00:00:00 UTC,379,210,240314000,4.3104166666666668
2015-02-19 00:00:00 UTC,379,-6,224042650,0.2013888888888889
2015-02-19 00:00:00 UTC,379,-7,224042650,1.0638888888888889
2015-02-19 00:00:00 UTC,379,-7,224027550,0.6231944444444445
2015-02-19 00:00:00 UTC,379,-6,224027550,1.8812499999999999
2015-02-19 00:00:00 UTC,379,-6,224043950,1.672361111111111
2015-02-19 00:00:00 UTC,379,243,237027000,3.4494444444444441
2015-02-19 00:00:00 UTC,379,244,237027000,0.13083333333333333
2015-02-19 00:00:00 UTC,379,242,237027000,0.63236111111111115
2015-02-19 00:00:00 UTC,379,231,241091000,0.6975
2015-02-19 00:00:00 UTC,379,232,241091000,0.68138888888888893
2015-02-19 00:00:00 UTC,379,211,240120000,0.25138888888888888
2015-02-19 00:00:00 UTC,379,241,240802000,0.57166666666666666
2015-02-19 00:00:00 UTC,379,-7,224007640,1.0305555555555554
2015-02-19 00:00:00 UTC,379,-6,224007640,0.2063888888888889
2015-02-19 00:00:00 UTC,379,-7,224168930,0.92486111111111124
2015-02-19 00:00:00 UTC,379,209,237441000,0.46402777777777782
2015-02-19 00:00:00 UTC,379,-7,224092140,2.4761111111111109
2015-02-19 00:00:00 UTC,379,-6,224072690,4.1369444444444445
2015-02-19 00:00:00 UTC,379,-5,224072690,0.64513888888888893
2015-02-19 00:00:00 UTC,379,-6,224107250,0.64138888888888879
2015-02-19 00:00:00 UTC,379,-7,224107250,8.8720833333333324
2015-02-19 00:00:00 UTC,379,-93,263412470,0.41402777777777777
2015-02-19 00:00:00 UTC,379,122,247308540,1.6901388888888889
2015-02-19 00:00:00 UTC,635,-222,251164000,1.7068055555555557
2015-02-19 00:00:00 UTC,635,-221,251164000,2.1268055555555554
2015-02-19 00:00:00 UTC,635,-520,331224000,3.0666666666666664
2015-02-19 00:00:00 UTC,635,-148,251143110,0.74805555555555547
2015-02-19 00:00:00 UTC,635,-149,251143110,0.73458333333333337
2015-02-19 00:00:00 UTC,635,-150,251143110,0.7943055555555556
2015-02-19 00:00:00 UTC,635,-220,251367110,1.4715277777777778
2015-02-19 00:00:00 UTC,635,-221,251367110,0.68597222222222221
2015-02-19 00:00:00 UTC,635,-203,251468000,7.6670833333333324
2015-02-19 00:00:00 UTC,635,-204,251468000,1.4956944444444444
2015-02-19 00:00:00 UTC,-389,-570,770576200,5.2470833333333333
2015-02-19 00:00:00 UTC,-389,-572,770576200,2.8995833333333332
2015-02-19 00:00:00 UTC,-133,1595,416154700,11.581527777777778
2015-02-19 00:00:00 UTC,-133,1594,416154700,5.8629166666666661
2015-02-19 00:00:00 UTC,-133,1579,416004246,9.0773611111111112
2015-02-19 00:00:00 UTC,-133,-1430,546012900,3.658611111111111
2015-02-19 00:00:00 UTC,-133,-1429,546012900,2.5195833333333328
2015-02-19 00:00:00 UTC,124,-294,431500470,0.78319444444444453
2015-02-19 00:00:00 UTC,380,-6,224162840,4.2920833333333341
2015-02-19 00:00:00 UTC,380,-89,263402290,2.0772222222222219
2015-02-19 00:00:00 UTC,380,-436,224101940,6.5661111111111108
2015-02-19 00:00:00 UTC,380,-421,224101940,0.6875
2015-02-19 00:00:00 UTC,380,-422,224101940,0.39722222222222225
2015-02-19 00:00:00 UTC,380,121,247140920,5.5733333333333341
2015-02-19 00:00:00 UTC,380,123,247140920,7.6756944444444439
2015-02-19 00:00:00 UTC,380,-5,224047160,1.2809722222222222
2015-02-19 00:00:00 UTC,380,-6,224047160,1.65875
2015-02-19 00:00:00 UTC,380,-6,224055870,3.7233333333333336
2015-02-19 00:00:00 UTC,380,-7,224055870,0.82125
2015-02-19 00:00:00 UTC,380,-4,224134480,0.961111111111111
2015-02-19 00:00:00 UTC,380,136,247143780,6.8511111111111127
2015-02-19 00:00:00 UTC,380,137,247143780,4.7890277777777772
2015-02-19 00:00:00 UTC,380,135,247143780,0.235
2015-02-19 00:00:00 UTC,380,-6,224154730,9.473055555555554
2015-02-19 00:00:00 UTC,380,135,247144560,7.7305555555555552
2015-02-19 00:00:00 UTC,380,-6,224055940,12.088333333333331
2015-02-19 00:00:00 UTC,380,121,247140750,11.173472222222223
2015-02-19 00:00:00 UTC,380,122,247140750,4.1584722222222226
2015-02-19 00:00:00 UTC,380,123,247140750,0.72597222222222224
2015-02-19 00:00:00 UTC,380,-6,224042650,4.7773611111111105
2015-02-19 00:00:00 UTC,380,-7,224042650,0.20527777777777778
2015-02-19 00:00:00 UTC,380,-6,224027550,4.6523611111111105
2015-02-19 00:00:00 UTC,380,-6,224043950,2.452638888888889
2015-02-19 00:00:00 UTC,380,230,237656000,9.0913888888888881
2015-02-19 00:00:00 UTC,380,231,237656000,0.61569444444444454
2015-02-19 00:00:00 UTC,380,212,237464000,4.776527777777777
2015-02-19 00:00:00 UTC,380,212,240120000,1.3543055555555557
2015-02-19 00:00:00 UTC,380,211,240120000,0.68305555555555553
2015-02-19 00:00:00 UTC,380,242,240802000,0.84916666666666663
2015-02-19 00:00:00 UTC,380,241,240802000,1.7755555555555556
2015-02-19 00:00:00 UTC,380,-6,224007640,4.7745833333333332
2015-02-19 00:00:00 UTC,380,-7,224007640,0.20263888888888887
2015-02-19 00:00:00 UTC,380,-7,224168930,1.0691666666666666
2015-02-19 00:00:00 UTC,380,-6,224168930,3.6822222222222223
2015-02-19 00:00:00 UTC,380,209,237441000,6.9851388888888888
2015-02-19 00:00:00 UTC,380,-90,263265000,0.8340277777777777
2015-02-19 00:00:00 UTC,380,-6,224092140,1.7906944444444444
2015-02-19 00:00:00 UTC,380,-272,204204780,2.5333333333333332
2015-02-19 00:00:00 UTC,380,124,247141870,4.2497222222222213
2015-02-19 00:00:00 UTC,380,123,247141870,2.5276388888888888
2015-02-19 00:00:00 UTC,380,-6,224072690,0.8337500000000001
2015-02-19 00:00:00 UTC,380,-5,224072690,1.2768055555555555
2015-02-19 00:00:00 UTC,380,122,247308540,1.689027777777778
2015-02-19 00:00:00 UTC,380,121,247308540,2.1568055555555556
2015-02-19 00:00:00 UTC,636,-236,251423000,2.6479166666666667
2015-02-19 00:00:00 UTC,636,-212,251031110,0.82763888888888892
2015-02-19 00:00:00 UTC,636,-213,251031110,0.4069444444444445
2015-02-19 00:00:00 UTC,636,-147,251143110,0.9161111111111111
2015-02-19 00:00:00 UTC,636,-145,251143110,5.1420833333333329
2015-02-19 00:00:00 UTC,636,-146,251143110,5.1777777777777771
2015-02-19 00:00:00 UTC,636,-219,251367110,0.53611111111111109
2015-02-19 00:00:00 UTC,636,-221,251367110,1.0480555555555555
2015-02-19 00:00:00 UTC,636,-218,251367110,1.1106944444444444
2015-02-19 00:00:00 UTC,636,-231,251803110,0.43374999999999997
2015-02-19 00:00:00 UTC,-132,-1074,431424000,0.80819444444444455
2015-02-19 00:00:00 UTC,-132,-1075,431893000,0.81263888888888891
2015-02-19 00:00:00 UTC,-132,1594,416154700,6.572222222222222
2015-02-19 00:00:00 UTC,-132,-1345,412420433,3.6511111111111108
2015-02-19 00:00:00 UTC,-132,1581,416004246,5.2427777777777775
2015-02-19 00:00:00 UTC,-132,1578,416004246,8.1986111111111111
2015-02-19 00:00:00 UTC,-132,-1429,546012900,3.151527777777777
2015-02-19 00:00:00 UTC,125,-294,431500470,0.37375
2015-02-19 00:00:00 UTC,125,-295,431500470,8.2359722222222231
2015-02-19 00:00:00 UTC,381,216,240234000,1.8837499999999998
2015-02-19 00:00:00 UTC,381,215,240234000,0.64555555555555566
2015-02-19 00:00:00 UTC,381,-5,224162840,0.25958333333333333
2015-02-19 00:00:00 UTC,381,-6,224162840,0.68777777777777782
2015-02-19 00:00:00 UTC,381,-91,263402280,0.41555555555555557
2015-02-19 00:00:00 UTC,381,215,237566000,1.2795833333333333
2015-02-19 00:00:00 UTC,381,-89,263402290,5.389166666666668
2015-02-19 00:00:00 UTC,381,130,247146550,1.2747222222222225
2015-02-19 00:00:00 UTC,381,122,247140920,3.0070833333333331
2015-02-19 00:00:00 UTC,381,-6,224055870,1.0829166666666667
2015-02-19 00:00:00 UTC,381,215,237448000,1.0823611111111111
2015-02-19 00:00:00 UTC,381,130,247141190,9.7165277777777774
2015-02-19 00:00:00 UTC,381,-3,224259150,1.6327777777777779
2015-02-19 00:00:00 UTC,381,215,239132000,0.52777777777777779
2015-02-19 00:00:00 UTC,381,216,239132000,1.52
2015-02-19 00:00:00 UTC,381,135,247144560,4.0318055555555556
2015-02-19 00:00:00 UTC,381,134,247144560,4.3488888888888892
2015-02-19 00:00:00 UTC,381,209,237222000,4.516805555555556
2015-02-19 00:00:00 UTC,381,216,239344000,0.22083333333333333
2015-02-19 00:00:00 UTC,381,215,239344000,0.46125000000000005
2015-02-19 00:00:00 UTC,381,-89,263412360,2.2765277777777779
2015-02-19 00:00:00 UTC,381,-6,224042650,9.56513888888889
2015-02-19 00:00:00 UTC,381,125,247143070,2.3601388888888888
2015-02-19 00:00:00 UTC,381,127,247143070,0.38208333333333333
2015-02-19 00:00:00 UTC,381,126,247143070,10.026388888888889
2015-02-19 00:00:00 UTC,381,-6,224027550,0.43055555555555558
2015-02-19 00:00:00 UTC,381,-5,224027550,0.44999999999999996
2015-02-19 00:00:00 UTC,381,-6,224043950,0.355
2015-02-19 00:00:00 UTC,381,216,240707000,1.0609722222222222
2015-02-19 00:00:00 UTC,381,212,240707000,2.7449999999999997
2015-02-19 00:00:00 UTC,381,215,240707000,1.4905555555555556
2015-02-19 00:00:00 UTC,381,134,247280830,3.7430555555555554
2015-02-19 00:00:00 UTC,381,230,237656000,7.7901388888888894
2015-02-19 00:00:00 UTC,381,231,237656000,1.5779166666666669
2015-02-19 00:00:00 UTC,381,212,237464000,2.2997222222222224
2015-02-19 00:00:00 UTC,381,-6,224007640,8.8038888888888884
2015-02-19 00:00:00 UTC,381,130,247302360,1.9413888888888891
2015-02-19 00:00:00 UTC,381,129,247302370,4.4111111111111114
2015-02-19 00:00:00 UTC,381,128,247302370,6.911249999999999
2015-02-19 00:00:00 UTC,381,-5,224168930,0.47625
2015-02-19 00:00:00 UTC,381,-6,224168930,1.0866666666666667
2015-02-19 00:00:00 UTC,381,212,237441000,5.203333333333334
2015-02-19 00:00:00 UTC,381,-273,204204780,0.48388888888888887
2015-02-19 00:00:00 UTC,381,-275,204204780,0.20819444444444443
2015-02-19 00:00:00 UTC,381,-272,204204780,9.022083333333331
2015-02-19 00:00:00 UTC,381,124,247141870,3.2394444444444441
2015-02-19 00:00:00 UTC,381,134,247143160,7.8130555555555574
2015-02-19 00:00:00 UTC,381,135,247143160,0.6594444444444445
2015-02-19 00:00:00 UTC,637,-236,251423000,3.6893055555555554
2015-02-19 00:00:00 UTC,637,-235,251423000,4.0377777777777775
2015-02-19 00:00:00 UTC,637,-210,251031110,4.197916666666667
2015-02-19 00:00:00 UTC,637,-209,251031110,2.0080555555555555
2015-02-19 00:00:00 UTC,637,-215,251319110,1.5274999999999999
2015-02-19 00:00:00 UTC,637,-216,251319110,1.9416666666666667
2015-02-19 00:00:00 UTC,637,-244,251034000,2.5234722222222223
2015-02-19 00:00:00 UTC,637,-234,251034000,0.78041666666666676
2015-02-19 00:00:00 UTC,637,-239,251034000,0.33625
2015-02-19 00:00:00 UTC,637,-235,251034000,0.715
2015-02-19 00:00:00 UTC,637,-238,251034000,0.26861111111111113
2015-02-19 00:00:00 UTC,637,-236,251034000,0.63819444444444451
2015-02-19 00:00:00 UTC,637,-141,251049110,1.2777777777777777
2015-02-19 00:00:00 UTC,637,-227,251230110,6.7370833333333318
2015-02-19 00:00:00 UTC,637,-226,251230110,3.6295833333333336
2015-02-19 00:00:00 UTC,637,-143,251143110,1.5915277777777777
2015-02-19 00:00:00 UTC,637,-142,251143110,0.55958333333333332
2015-02-19 00:00:00 UTC,637,-141,251143110,0.25291666666666668
2015-02-19 00:00:00 UTC,637,-225,251324110,3.9252777777777776
2015-02-19 00:00:00 UTC,637,-225,251222740,0.2122222222222222
2015-02-19 00:00:00 UTC,637,-226,251222740,1.1036111111111111
2015-02-19 00:00:00 UTC,637,-226,251537110,2.9875
2015-02-19 00:00:00 UTC,637,-227,251537110,1.2690277777777776
2015-02-19 00:00:00 UTC,637,-216,251494110,0.20958333333333334
2015-02-19 00:00:00 UTC,637,-229,251803110,1.919027777777778
2015-02-19 00:00:00 UTC,637,-231,251803110,0.85791666666666666
2015-02-19 00:00:00 UTC,637,-230,251803110,1.0695833333333333
2015-02-19 00:00:00 UTC,637,-225,251301110,0.4458333333333333
2015-02-19 00:00:00 UTC,-131,-1074,431424000,1.6833333333333333
2015-02-19 00:00:00 UTC,-131,-1075,431893000,1.6620833333333334
2015-02-19 00:00:00 UTC,-131,-1345,412420433,1.7940277777777776
2015-02-19 00:00:00 UTC,-131,-1344,416220800,1.024861111111111
2015-02-19 00:00:00 UTC,-131,-1343,416220800,1.8063888888888888
2015-02-19 00:00:00 UTC,-131,-1345,416220800,1.2201388888888887
2015-02-19 00:00:00 UTC,-131,1581,416004246,2.5284722222222218
2015-02-19 00:00:00 UTC,-131,-1429,546012900,2.2611111111111111
2015-02-19 00:00:00 UTC,-131,-1428,546012900,0.86083333333333356
2015-02-19 00:00:00 UTC,-131,-1345,412420846,7.4490277777777774
2015-02-19 00:00:00 UTC,-131,-1346,412420846,5.0904166666666661
2015-02-19 00:00:00 UTC,126,-298,431500470,0.86847222222222209
2015-02-19 00:00:00 UTC,382,-3,224006930,1.1029166666666665
2015-02-19 00:00:00 UTC,382,-4,224006930,2.31375
2015-02-19 00:00:00 UTC,382,151,247080230,2.1475
2015-02-19 00:00:00 UTC,382,153,247080230,5.8540277777777785
2015-02-19 00:00:00 UTC,382,150,247080230,4.9291666666666663
2015-02-19 00:00:00 UTC,382,-89,263402280,0.20680555555555558
2015-02-19 00:00:00 UTC,382,211,237566000,1.8929166666666666
2015-02-19 00:00:00 UTC,382,210,237566000,1.9472222222222222
2015-02-19 00:00:00 UTC,382,212,237566000,1.6888888888888887
2015-02-19 00:00:00 UTC,382,215,237566000,0.21388888888888891
2015-02-19 00:00:00 UTC,382,214,237566000,0.43166666666666664
2015-02-19 00:00:00 UTC,382,209,237566000,0.86652777777777779
2015-02-19 00:00:00 UTC,382,-89,263402290,1.2613888888888889
2015-02-19 00:00:00 UTC,382,131,247146550,4.1788888888888893
2015-02-19 00:00:00 UTC,382,130,247146550,5.7097222222222221
2015-02-19 00:00:00 UTC,382,150,247149630,9.6986111111111146
2015-02-19 00:00:00 UTC,382,214,237448000,0.83208333333333329
2015-02-19 00:00:00 UTC,382,211,237448000,2.0751388888888886
2015-02-19 00:00:00 UTC,382,210,237448000,1.9023611111111109
2015-02-19 00:00:00 UTC,382,212,237448000,1.4765277777777777
2015-02-19 00:00:00 UTC,382,215,237448000,0.20166666666666666
2015-02-19 00:00:00 UTC,382,-3,224259150,3.850138888888889
2015-02-19 00:00:00 UTC,382,216,237383000,5.8797222222222221
2015-02-19 00:00:00 UTC,382,217,237383000,1.0623611111111111
2015-02-19 00:00:00 UTC,382,215,237383000,0.6201388888888888
2015-02-19 00:00:00 UTC,382,224,37329000,1.6569444444444443
2015-02-19 00:00:00 UTC,382,222,37329000,0.42305555555555557
2015-02-19 00:00:00 UTC,382,216,237446000,2.3886111111111115
2015-02-19 00:00:00 UTC,382,215,237446000,8.1944444444444464
2015-02-19 00:00:00 UTC,382,214,237446000,1.2668055555555555
2015-02-19 00:00:00 UTC,382,209,237222000,1.4768055555555555
2015-02-19 00:00:00 UTC,382,-3,224171140,1.5388888888888888
2015-02-19 00:00:00 UTC,382,-4,224171140,2.6330555555555559
2015-02-19 00:00:00 UTC,382,-89,263412360,3.5397222222222222
2015-02-19 00:00:00 UTC,382,131,247300240,3.2723611111111119
2015-02-19 00:00:00 UTC,382,133,247300240,0.47847222222222219
2015-02-19 00:00:00 UTC,382,130,247300240,1.7331944444444445
2015-02-19 00:00:00 UTC,382,132,247300240,2.3959722222222224
2015-02-19 00:00:00 UTC,382,-3,224135340,0.83597222222222212
2015-02-19 00:00:00 UTC,382,-4,224135340,1.2751388888888888
2015-02-19 00:00:00 UTC,382,214,240707000,2.1518055555555553
2015-02-19 00:00:00 UTC,382,211,240707000,3.3890277777777782
2015-02-19 00:00:00 UTC,382,215,240707000,0.41069444444444442
2015-02-19 00:00:00 UTC,382,213,240707000,0.21513888888888888
2015-02-19 00:00:00 UTC,382,216,240707000,2.7350000000000003
2015-02-19 00:00:00 UTC,382,212,240707000,3.354166666666667
2015-02-19 00:00:00 UTC,382,217,240707000,0.62513888888888891
2015-02-19 00:00:00 UTC,382,214,237464000,1.4886111111111111
2015-02-19 00:00:00 UTC,382,215,237464000,1.6529166666666666
2015-02-19 00:00:00 UTC,382,213,237464000,1.7045833333333333
2015-02-19 00:00:00 UTC,382,212,237464000,1.1330555555555555
2015-02-19 00:00:00 UTC,382,216,237464000,1.0663888888888888
2015-02-19 00:00:00 UTC,382,-3,224166850,0.43875
2015-02-19 00:00:00 UTC,382,-4,224166850,4.0027777777777782
2015-02-19 00:00:00 UTC,382,131,247302360,3.4890277777777778
2015-02-19 00:00:00 UTC,382,130,247302360,3.8170833333333336
2015-02-19 00:00:00 UTC,382,132,247302360,0.2063888888888889
2015-02-19 00:00:00 UTC,382,164,247124710,2.7641666666666662
2015-02-19 00:00:00 UTC,382,163,247124710,1.72375
2015-02-19 00:00:00 UTC,382,212,237441000,1.9655555555555555
2015-02-19 00:00:00 UTC,382,-279,204204780,2.481527777777778
2015-02-19 00:00:00 UTC,382,-4,224211440,3.6498611111111123
2015-02-19 00:00:00 UTC,382,131,247149040,3.7587499999999996
2015-02-19 00:00:00 UTC,382,132,247149040,3.7369444444444442
2015-02-19 00:00:00 UTC,382,130,247149040,3.8448611111111108
2015-02-19 00:00:00 UTC,638,-236,251160110,2.1697222222222221
2015-02-19 00:00:00 UTC,638,-235,251160110,0.77166666666666672
2015-02-19 00:00:00 UTC,638,-243,251015000,3.0931944444444444
2015-02-19 00:00:00 UTC,638,-244,251083110,0.74125
2015-02-19 00:00:00 UTC,638,-243,251083110,0.9788888888888887
2015-02-19 00:00:00 UTC,638,-239,251136110,0.68791666666666662
2015-02-19 00:00:00 UTC,638,-238,251136110,2.5591666666666666
2015-02-19 00:00:00 UTC,638,-249,251482000,3.5100000000000002
2015-02-19 00:00:00 UTC,638,-250,251482000,1.4234722222222222
2015-02-19 00:00:00 UTC,638,-242,251034000,3.3426388888888892
2015-02-19 00:00:00 UTC,638,-243,251034000,4.8694444444444445
2015-02-19 00:00:00 UTC,638,-244,251034000,1.5437500000000002
2015-02-19 00:00:00 UTC,638,-240,251034000,0.27388888888888885
2015-02-19 00:00:00 UTC,638,-241,251034000,0.46263888888888888
2015-02-19 00:00:00 UTC,638,-229,251081110,0.65583333333333338
2015-02-19 00:00:00 UTC,638,-228,251081110,4.9608333333333334
2015-02-19 00:00:00 UTC,638,-139,251049110,1.4379166666666667
2015-02-19 00:00:00 UTC,638,-140,251049110,1.8362499999999997
2015-02-19 00:00:00 UTC,638,-227,251230110,0.65986111111111112
2015-02-19 00:00:00 UTC,638,-228,251428000,5.0288888888888881
2015-02-19 00:00:00 UTC,638,86,257204640,4.4147222222222222
2015-02-19 00:00:00 UTC,638,-229,251283110,6.4494444444444445
2015-02-19 00:00:00 UTC,638,-228,251283110,1.3220833333333331
2015-02-19 00:00:00 UTC,638,-229,251138740,2.4483333333333337
2015-02-19 00:00:00 UTC,638,-228,251138740,0.45583333333333331
2015-02-19 00:00:00 UTC,638,-229,251037110,8.33736111111111
2015-02-19 00:00:00 UTC,638,-225,251324110,0.45319444444444446
2015-02-19 00:00:00 UTC,638,-229,251324110,1.2750000000000001
2015-02-19 00:00:00 UTC,638,-226,251222740,0.66583333333333339
2015-02-19 00:00:00 UTC,638,-225,251222740,2.0270833333333336
2015-02-19 00:00:00 UTC,638,-216,251494110,0.20861111111111111
2015-02-19 00:00:00 UTC,638,-225,251301110,0.44444444444444442
2015-02-19 00:00:00 UTC,-386,466,432927000,2.1225
2015-02-19 00:00:00 UTC,-386,467,432927000,0.34597222222222224
2015-02-19 00:00:00 UTC,-130,-1345,416220800,0.8325
2015-02-19 00:00:00 UTC,-130,-1347,416220800,3.0476388888888888
2015-02-19 00:00:00 UTC,-130,-1346,416220800,1.8815277777777777
2015-02-19 00:00:00 UTC,-130,-1429,546012900,1.4247222222222222
2015-02-19 00:00:00 UTC,-130,-1428,546012900,1.3558333333333334
2015-02-19 00:00:00 UTC,-130,-1570,412420583,2.158611111111111
2015-02-19 00:00:00 UTC,127,-299,431500470,5.3131944444444441
2015-02-19 00:00:00 UTC,127,-300,431500470,4.8134722222222219
2015-02-19 00:00:00 UTC,127,-298,431500470,3.9036111111111111
2015-02-19 00:00:00 UTC,383,-4,224006930,0.20291666666666666
2015-02-19 00:00:00 UTC,383,-3,224006930,4.363611111111112
2015-02-19 00:00:00 UTC,383,-89,263402280,2.0869444444444447
2015-02-19 00:00:00 UTC,383,-90,263402280,3.6173611111111108
2015-02-19 00:00:00 UTC,383,209,237566000,2.1405555555555553
2015-02-19 00:00:00 UTC,383,-91,263405370,4.976527777777779
2015-02-19 00:00:00 UTC,383,-92,263405370,1.2944444444444445
2015-02-19 00:00:00 UTC,383,209,237448000,4.234861111111111
2015-02-19 00:00:00 UTC,383,210,237448000,0.6475
2015-02-19 00:00:00 UTC,383,-3,224259150,4.2562500000000005
2015-02-19 00:00:00 UTC,383,217,237383000,0.42222222222222222
2015-02-19 00:00:00 UTC,383,215,237383000,0.20763888888888887
2015-02-19 00:00:00 UTC,383,216,237383000,4.8015277777777774
2015-02-19 00:00:00 UTC,383,-3,224014440,4.2859722222222221
2015-02-19 00:00:00 UTC,383,224,37329000,12.496944444444445
2015-02-19 00:00:00 UTC,383,223,37329000,2.0377777777777775
2015-02-19 00:00:00 UTC,383,222,37329000,1.1368055555555556
2015-02-19 00:00:00 UTC,383,209,237222000,5.6019444444444444
2015-02-19 00:00:00 UTC,383,-89,263424640,1.0430555555555556
2015-02-19 00:00:00 UTC,383,-3,224171140,4.0554166666666669
2015-02-19 00:00:00 UTC,383,220,237445000,0.64944444444444449
2015-02-19 00:00:00 UTC,383,219,237445000,11.967777777777778
2015-02-19 00:00:00 UTC,383,-95,263269000,0.93625
2015-02-19 00:00:00 UTC,383,-94,263269000,1.61125
2015-02-19 00:00:00 UTC,383,1212,413615008,2.3129166666666667
2015-02-19 00:00:00 UTC,383,-3,224135340,4.5001388888888894
2015-02-19 00:00:00 UTC,383,217,240707000,0.42416666666666664
2015-02-19 00:00:00 UTC,383,216,240707000,1.5193055555555555
2015-02-19 00:00:00 UTC,383,216,237464000,1.6504166666666664
2015-02-19 00:00:00 UTC,383,217,237464000,0.42902777777777779
2015-02-19 00:00:00 UTC,383,-3,224166850,3.722500000000001
2015-02-19 00:00:00 UTC,383,-4,224265670,0.22194444444444444
2015-02-19 00:00:00 UTC,383,220,237453000,0.44416666666666665
2015-02-19 00:00:00 UTC,383,219,237453000,8.2229166666666682
2015-02-19 00:00:00 UTC,383,-89,263500236,1.0726388888888887
2015-02-19 00:00:00 UTC,383,155,247144660,3.7194444444444446
2015-02-19 00:00:00 UTC,383,164,247124710,2.5911111111111111
2015-02-19 00:00:00 UTC,383,157,247131370,1.3177777777777777
2015-02-19 00:00:00 UTC,383,-4,224211440,3.0083333333333333
2015-02-19 00:00:00 UTC,383,-3,224211440,2.3530555555555561
2015-02-19 00:00:00 UTC,639,-163,251125000,0.44527777777777777
2015-02-19 00:00:00 UTC,639,-157,251401000,0.62583333333333335
2015-02-19 00:00:00 UTC,639,-235,251160110,8.1833333333333336
2015-02-19 00:00:00 UTC,639,-234,251160110,3.5343055555555556
2015-02-19 00:00:00 UTC,639,-236,251160110,1.5027777777777778
2015-02-19 00:00:00 UTC,639,-158,231091000,0.40861111111111115
2015-02-19 00:00:00 UTC,639,-162,231091000,2.94875
2015-02-19 00:00:00 UTC,639,-163,251517000,0.41708333333333336
2015-02-19 00:00:00 UTC,639,-164,251212110,0.80958333333333332
2015-02-19 00:00:00 UTC,639,-163,251212110,2.7666666666666671
2015-02-19 00:00:00 UTC,639,-155,251425110,0.20166666666666666
2015-02-19 00:00:00 UTC,639,-241,251015000,1.0654166666666667
2015-02-19 00:00:00 UTC,639,-242,251015000,4.4513888888888893
2015-02-19 00:00:00 UTC,639,-243,251083110,0.62666666666666671
2015-02-19 00:00:00 UTC,639,-242,251083110,1.557361111111111
2015-02-19 00:00:00 UTC,639,-153,251163000,1.4306944444444445
2015-02-19 00:00:00 UTC,639,-164,251131000,1.1280555555555556
2015-02-19 00:00:00 UTC,639,-163,251131000,1.5719444444444444
2015-02-19 00:00:00 UTC,639,-162,251131000,0.20555555555555555
2015-02-19 00:00:00 UTC,639,-242,251269000,0.24041666666666667
2015-02-19 00:00:00 UTC,639,-247,251482000,6.5523611111111109
2015-02-19 00:00:00 UTC,639,-246,251482000,0.85166666666666679
2015-02-19 00:00:00 UTC,639,-248,251482000,5.4309722222222225
2015-02-19 00:00:00 UTC,639,-249,251482000,1.612638888888889
2015-02-19 00:00:00 UTC,639,-240,251034000,0.40569444444444441
2015-02-19 00:00:00 UTC,639,-242,251034000,1.13625
2015-02-19 00:00:00 UTC,639,-241,251034000,1.0672222222222223
2015-02-19 00:00:00 UTC,639,-229,251847570,9.5001388888888876
2015-02-19 00:00:00 UTC,639,-230,251847570,5.2451388888888895
2015-02-19 00:00:00 UTC,639,-135,251049110,2.9251388888888887
2015-02-19 00:00:00 UTC,639,-136,251049110,0.30152777777777778
2015-02-19 00:00:00 UTC,639,-162,251439000,0.20805555555555555
2015-02-19 00:00:00 UTC,639,-229,251138740,0.22347222222222224
2015-02-19 00:00:00 UTC,639,-228,251138740,2.0022222222222217
2015-02-19 00:00:00 UTC,639,-138,251143110,0.92791666666666661
2015-02-19 00:00:00 UTC,639,-137,251143110,0.21541666666666667
2015-02-19 00:00:00 UTC,639,-139,251143110,0.62208333333333332
2015-02-19 00:00:00 UTC,639,-162,251756000,0.42166666666666663
2015-02-19 00:00:00 UTC,639,-164,251419110,0.41319444444444442
2015-02-19 00:00:00 UTC,639,-162,251056110,1.661388888888889
2015-02-19 00:00:00 UTC,639,-230,251847670,3.681111111111111
2015-02-19 00:00:00 UTC,639,-229,251847670,7.9168055555555554
2015-02-19 00:00:00 UTC,639,-158,231051000,0.42444444444444446
2015-02-19 00:00:00 UTC,639,-159,231051000,1.6359722222222224
2015-02-19 00:00:00 UTC,-385,467,432927000,0.64166666666666661
2015-02-19 00:00:00 UTC,-385,-1680,273338570,3.3393055555555557
2015-02-19 00:00:00 UTC,-385,-1681,273338570,12.400138888888891
2015-02-19 00:00:00 UTC,-129,-1074,431424000,1.8294444444444444
2015-02-19 00:00:00 UTC,-129,-1075,431893000,1.8168055555555558
2015-02-19 00:00:00 UTC,-129,662,533333001,5.0623611111111115
2015-02-19 00:00:00 UTC,-129,-1428,546012900,5.6620833333333325
2015-02-19 00:00:00 UTC,-129,-1569,412420583,0.62513888888888891
2015-02-19 00:00:00 UTC,128,-298,224083590,2.8874999999999997
2015-02-19 00:00:00 UTC,128,-299,224083590,1.8624999999999998
2015-02-19 00:00:00 UTC,384,-2,224006930,0.43902777777777779
2015-02-19 00:00:00 UTC,384,-3,224006930,1.5279166666666664
2015-02-19 00:00:00 UTC,384,-97,263294000,7.1415277777777773
2015-02-19 00:00:00 UTC,384,-94,204254000,8.0790277777777781
2015-02-19 00:00:00 UTC,384,-93,204254000,0.82791666666666675
2015-02-19 00:00:00 UTC,384,209,237566000,2.5984722222222225
2015-02-19 00:00:00 UTC,384,156,247134010,0.26666666666666666
2015-02-19 00:00:00 UTC,384,159,247134010,5.3358333333333325
2015-02-19 00:00:00 UTC,384,158,247134010,4.5259722222222223
2015-02-19 00:00:00 UTC,384,157,247134010,5.8922222222222222
2015-02-19 00:00:00 UTC,384,-3,224259150,0.27208333333333334
2015-02-19 00:00:00 UTC,384,159,247131730,0.85847222222222219
2015-02-19 00:00:00 UTC,384,-1,224306530,6.835694444444445
2015-02-19 00:00:00 UTC,384,-3,224306530,0.83041666666666658
2015-02-19 00:00:00 UTC,384,-2,224306530,2.7700000000000005
2015-02-19 00:00:00 UTC,384,-3,224014440,1.2083333333333333
2015-02-19 00:00:00 UTC,384,-1,224143980,2.0002777777777778
2015-02-19 00:00:00 UTC,384,1,224143980,1.9947222222222223
2015-02-19 00:00:00 UTC,384,-1,224323960,1.4295833333333334
2015-02-19 00:00:00 UTC,384,-2,224323960,0.3833333333333333
2015-02-19 00:00:00 UTC,384,-2,224237690,6.2138888888888886
2015-02-19 00:00:00 UTC,384,-4,224237690,0.43652777777777774
2015-02-19 00:00:00 UTC,384,-3,224237690,3.4137500000000003
2015-02-19 00:00:00 UTC,384,208,237392000,1.747638888888889
2015-02-19 00:00:00 UTC,384,209,237392000,1.5244444444444445
2015-02-19 00:00:00 UTC,384,207,237392000,2.7454166666666664
2015-02-19 00:00:00 UTC,384,-92,263424640,0.22513888888888889
2015-02-19 00:00:00 UTC,384,-2,224171140,0.40819444444444447
2015-02-19 00:00:00 UTC,384,-3,224171140,1.0058333333333334
2015-02-19 00:00:00 UTC,384,158,247130760,4.4987499999999994
2015-02-19 00:00:00 UTC,384,-2,224135340,2.3802777777777777
2015-02-19 00:00:00 UTC,384,-3,224135340,0.30277777777777776
2015-02-19 00:00:00 UTC,384,-3,224166850,1.0223611111111111
2015-02-19 00:00:00 UTC,384,-2,224265670,0.55555555555555558
2015-02-19 00:00:00 UTC,384,-4,224265670,0.64444444444444449
2015-02-19 00:00:00 UTC,384,-3,224265670,2.1445833333333337
2015-02-19 00:00:00 UTC,384,156,247144660,0.89430555555555558
2015-02-19 00:00:00 UTC,384,155,247144660,5.0920833333333331
2015-02-19 00:00:00 UTC,384,209,240588000,3.1661111111111113
2015-02-19 00:00:00 UTC,384,208,240588000,0.8552777777777778
2015-02-19 00:00:00 UTC,384,157,247131370,4.0805555555555557
2015-02-19 00:00:00 UTC,384,158,247131370,4.140833333333334
2015-02-19 00:00:00 UTC,384,156,247131370,0.46069444444444441
2015-02-19 00:00:00 UTC,384,-3,224211440,2.6275
2015-02-19 00:00:00 UTC,640,-162,251072000,0.20902777777777776
2015-02-19 00:00:00 UTC,640,-158,251072000,1.8419444444444442
2015-02-19 00:00:00 UTC,640,-156,251072000,0.826111111111111
2015-02-19 00:00:00 UTC,640,-161,251072000,1.0595833333333333
2015-02-19 00:00:00 UTC,640,-157,251072000,1.2627777777777778
2015-02-19 00:00:00 UTC,640,-159,251391000,0.60541666666666671
2015-02-19 00:00:00 UTC,640,-162,251391000,1.4218055555555555
2015-02-19 00:00:00 UTC,640,-160,251391000,0.59875
2015-02-19 00:00:00 UTC,640,-131,251054110,2.9468055555555557
2015-02-19 00:00:00 UTC,640,-132,251054110,4.6098611111111119
2015-02-19 00:00:00 UTC,640,-133,251054110,3.6280555555555556
2015-02-19 00:00:00 UTC,640,-155,251401000,1.0444444444444443
2015-02-19 00:00:00 UTC,640,-159,251401000,0.40111111111111108
2015-02-19 00:00:00 UTC,640,-161,251401000,2.8609722222222218
2015-02-19 00:00:00 UTC,640,-162,251401000,0.20263888888888887
2015-02-19 00:00:00 UTC,640,-156,251401000,2.3001388888888887
2015-02-19 00:00:00 UTC,640,-158,251401000,0.20416666666666666
2015-02-19 00:00:00 UTC,640,-233,251160110,1.820138888888889
2015-02-19 00:00:00 UTC,640,-235,251160110,1.5206944444444443
2015-02-19 00:00:00 UTC,640,-234,251160110,2.7261111111111109
2015-02-19 00:00:00 UTC,640,-236,251160110,1.421111111111111
2015-02-19 00:00:00 UTC,640,-156,231091000,2.0723611111111109
2015-02-19 00:00:00 UTC,640,-157,231091000,3.9388888888888891
2015-02-19 00:00:00 UTC,640,-161,231091000,0.2013888888888889
2015-02-19 00:00:00 UTC,640,-158,231091000,1.8347222222222224
2015-02-19 00:00:00 UTC,640,-156,251517000,3.0845833333333332
2015-02-19 00:00:00 UTC,640,-155,251517000,1.7240277777777779
2015-02-19 00:00:00 UTC,640,-157,251517000,1.4493055555555556
2015-02-19 00:00:00 UTC,640,-158,251517000,0.2013888888888889
2015-02-19 00:00:00 UTC,640,-163,251517000,2.7040277777777777
2015-02-19 00:00:00 UTC,640,-162,251517000,4.550416666666667
2015-02-19 00:00:00 UTC,640,-162,251212110,1.4388888888888889
2015-02-19 00:00:00 UTC,640,-161,251212110,1.5551388888888891
2015-02-19 00:00:00 UTC,640,-162,251180110,0.40458333333333329
2015-02-19 00:00:00 UTC,640,-161,251180110,0.61638888888888888
2015-02-19 00:00:00 UTC,640,-154,251425110,0.85999999999999988
2015-02-19 00:00:00 UTC,640,-156,251425110,0.81638888888888883
2015-02-19 00:00:00 UTC,640,-155,251425110,2.8934722222222224
2015-02-19 00:00:00 UTC,640,-162,251425110,1.4324999999999999
2015-02-19 00:00:00 UTC,640,-241,251015000,8.4430555555555564
2015-02-19 00:00:00 UTC,640,-242,251015000,2.677777777777778
2015-02-19 00:00:00 UTC,640,-163,331143000,0.72625
2015-02-19 00:00:00 UTC,640,-162,331143000,1.1727777777777777
2015-02-19 00:00:00 UTC,640,-158,331143000,0.815
2015-02-19 00:00:00 UTC,640,-157,331143000,0.20430555555555557
2015-02-19 00:00:00 UTC,640,-161,331143000,2.9004166666666662
2015-02-19 00:00:00 UTC,640,-241,251083110,1.9211111111111112
2015-02-19 00:00:00 UTC,640,-157,251057000,0.607638888888889
2015-02-19 00:00:00 UTC,640,-223,251296110,5.775
2015-02-19 00:00:00 UTC,640,-222,251296110,3.1636111111111109
2015-02-19 00:00:00 UTC,640,-160,251227000,1.0583333333333333
2015-02-19 00:00:00 UTC,640,-158,251227000,0.20277777777777778
2015-02-19 00:00:00 UTC,640,-161,251227000,1.6809722222222223
2015-02-19 00:00:00 UTC,640,-162,251227000,1.6330555555555557
2015-02-19 00:00:00 UTC,640,-153,251163000,0.61111111111111116
2015-02-19 00:00:00 UTC,640,-157,251163000,1.0159722222222221
2015-02-19 00:00:00 UTC,640,-154,251163000,1.2427777777777775
2015-02-19 00:00:00 UTC,640,-160,251163000,2.2643055555555556
2015-02-19 00:00:00 UTC,640,-155,251163000,1.4361111111111113
2015-02-19 00:00:00 UTC,640,-159,251163000,0.41305555555555551
2015-02-19 00:00:00 UTC,640,-156,251163000,1.2643055555555556
2015-02-19 00:00:00 UTC,640,-161,251451000,1.2561111111111112
2015-02-19 00:00:00 UTC,640,-157,251451000,1.0368055555555555
2015-02-19 00:00:00 UTC,640,-160,251451000,2.0918055555555557
2015-02-19 00:00:00 UTC,640,-162,251451000,1.8643055555555557
2015-02-19 00:00:00 UTC,640,-156,251451000,1.8624999999999998
2015-02-19 00:00:00 UTC,640,-162,251131000,0.59972222222222227
2015-02-19 00:00:00 UTC,640,-162,251135110,1.6384722222222223
2015-02-19 00:00:00 UTC,640,-159,251135110,1.0286111111111111
2015-02-19 00:00:00 UTC,640,-160,251135110,1.0500000000000003
2015-02-19 00:00:00 UTC,640,-242,251269000,0.23138888888888889
2015-02-19 00:00:00 UTC,640,-247,251482000,0.826388888888889
2015-02-19 00:00:00 UTC,640,-236,251034000,0.18930555555555556
2015-02-19 00:00:00 UTC,640,-131,251049110,1.0527777777777778
2015-02-19 00:00:00 UTC,640,-135,251049110,1.0476388888888888
2015-02-19 00:00:00 UTC,640,-132,251049110,2.3533333333333331
2015-02-19 00:00:00 UTC,640,-134,251049110,5.1594444444444445
2015-02-19 00:00:00 UTC,640,-133,251049110,5.59
2015-02-19 00:00:00 UTC,640,-162,251439000,2.665
2015-02-19 00:00:00 UTC,640,-157,251439000,0.41263888888888889
2015-02-19 00:00:00 UTC,640,-161,251439000,2.314861111111111
2015-02-19 00:00:00 UTC,640,-156,251439000,2.0316666666666667
2015-02-19 00:00:00 UTC,640,-155,251439000,1.6572222222222219
2015-02-19 00:00:00 UTC,640,-162,251022000,1.8486111111111112
2015-02-19 00:00:00 UTC,640,-161,251022000,2.705
2015-02-19 00:00:00 UTC,640,-159,251022000,1.0190277777777776
2015-02-19 00:00:00 UTC,640,-222,251840470,3.5256944444444445
2015-02-19 00:00:00 UTC,640,-160,331479000,1.0019444444444443
2015-02-19 00:00:00 UTC,640,-163,331479000,0.20416666666666666
2015-02-19 00:00:00 UTC,640,-162,331479000,2.5974999999999997
2015-02-19 00:00:00 UTC,640,-161,331479000,1.6441666666666668
2015-02-19 00:00:00 UTC,640,-161,251756000,3.1605555555555553
2015-02-19 00:00:00 UTC,640,-160,251756000,0.84166666666666656
2015-02-19 00:00:00 UTC,640,-162,251756000,1.71625
2015-02-19 00:00:00 UTC,640,-162,251419110,1.8406944444444444
2015-02-19 00:00:00 UTC,640,-231,251504110,3.5131944444444443
2015-02-19 00:00:00 UTC,640,-230,251504110,3.2359722222222218
2015-02-19 00:00:00 UTC,640,-162,251056110,2.2625
2015-02-19 00:00:00 UTC,640,-158,331478000,1.3511111111111112
2015-02-19 00:00:00 UTC,640,-157,331478000,0.90722222222222215
2015-02-19 00:00:00 UTC,640,-161,331478000,0.61430555555555555
2015-02-19 00:00:00 UTC,640,-162,331478000,0.4029166666666667
2015-02-19 00:00:00 UTC,640,-159,331478000,0.41263888888888889
2015-02-19 00:00:00 UTC,640,-160,331478000,0.20416666666666666
2015-02-19 00:00:00 UTC,640,-230,251847670,1.0902777777777777
2015-02-19 00:00:00 UTC,640,-158,231051000,1.2412499999999997
2015-02-19 00:00:00 UTC,640,-160,231051000,0.20569444444444446
2015-02-19 00:00:00 UTC,640,-161,231051000,0.55763888888888891
2015-02-19 00:00:00 UTC,640,-156,231051000,0.61763888888888885
2015-02-19 00:00:00 UTC,640,-157,231051000,3.475277777777777
2015-02-19 00:00:00 UTC,-384,-571,770576134,0.21930555555555556
2015-02-19 00:00:00 UTC,-384,1485,503748900,0.82458333333333333
2015-02-19 00:00:00 UTC,-384,-556,701000778,12.424583333333333
2015-02-19 00:00:00 UTC,-384,-555,701000778,5.264444444444444
2015-02-19 00:00:00 UTC,-384,-1680,273338570,0.21083333333333332
2015-02-19 00:00:00 UTC,-384,-1681,273338570,0.12222222222222222
2015-02-19 00:00:00 UTC,-384,-570,770576124,0.77763888888888888
2015-02-19 00:00:00 UTC,-384,-571,770576124,2.7023611111111112
2015-02-19 00:00:00 UTC,-128,-1074,431424000,0.80819444444444444
2015-02-19 00:00:00 UTC,-128,-1075,431893000,1.1708333333333334
2015-02-19 00:00:00 UTC,-128,662,533333001,0.5247222222222222
2015-02-19 00:00:00 UTC,-128,1581,416004246,6.0265277777777779
2015-02-19 00:00:00 UTC,-128,929,431700980,2.6734722222222222
2015-02-19 00:00:00 UTC,385,-1,224305940,1.8473611111111112
2015-02-19 00:00:00 UTC,385,209,237566000,3.9365277777777776
2015-02-19 00:00:00 UTC,385,209,237448000,1.347361111111111
2015-02-19 00:00:00 UTC,385,159,247131730,1.3205555555555557
2015-02-19 00:00:00 UTC,385,157,247131730,1.109861111111111
2015-02-19 00:00:00 UTC,385,158,247131730,3.8913888888888888
2015-02-19 00:00:00 UTC,385,1210,412412011,7.7233333333333309
2015-02-19 00:00:00 UTC,385,1211,412412011,3.8225000000000002
2015-02-19 00:00:00 UTC,385,1209,412412011,2.0079166666666666
2015-02-19 00:00:00 UTC,385,-1,224143980,0.225
2015-02-19 00:00:00 UTC,385,0,224323960,4.6255555555555556
2015-02-19 00:00:00 UTC,385,209,237392000,1.7655555555555555
2015-02-19 00:00:00 UTC,385,-93,263424640,1.3030555555555554
2015-02-19 00:00:00 UTC,385,158,247130760,6.7136111111111125
2015-02-19 00:00:00 UTC,385,159,247130760,0.84999999999999987
2015-02-19 00:00:00 UTC,385,157,247130010,0.77916666666666667
2015-02-19 00:00:00 UTC,385,1211,413826245,4.4402777777777782
2015-02-19 00:00:00 UTC,385,1209,413826245,3.16
2015-02-19 00:00:00 UTC,385,1210,413826245,7.3409722222222227
2015-02-19 00:00:00 UTC,385,-93,263500236,1.6590277777777775
2015-02-19 00:00:00 UTC,385,-94,263500236,1.7306944444444445
2015-02-19 00:00:00 UTC,385,0,224265690,1.7334722222222223
2015-02-19 00:00:00 UTC,385,-1,224265690,3.9501388888888882
2015-02-19 00:00:00 UTC,385,209,240588000,2.8125
2015-02-19 00:00:00 UTC,385,157,247131370,1.3544444444444443
2015-02-19 00:00:00 UTC,641,-157,251072000,2.4572222222222222
2015-02-19 00:00:00 UTC,641,-156,251072000,3.3081944444444442
2015-02-19 00:00:00 UTC,641,-158,251072000,1.4474999999999998
2015-02-19 00:00:00 UTC,641,-230,251588110,5.7373611111111114
2015-02-19 00:00:00 UTC,641,-159,251065110,1.4594444444444445
2015-02-19 00:00:00 UTC,641,-160,251065110,1.6265277777777778
2015-02-19 00:00:00 UTC,641,-155,251391000,0.83916666666666662
2015-02-19 00:00:00 UTC,641,-231,251310110,2.2404166666666665
2015-02-19 00:00:00 UTC,641,-229,251310110,0.85958333333333337
2015-02-19 00:00:00 UTC,641,-230,251310110,9.409722222222225
2015-02-19 00:00:00 UTC,641,-131,251054110,0.71777777777777785
2015-02-19 00:00:00 UTC,641,-132,251054110,1.0413888888888889
2015-02-19 00:00:00 UTC,641,-159,251401000,0.85569444444444442
2015-02-19 00:00:00 UTC,641,-160,251401000,2.8948611111111107
2015-02-19 00:00:00 UTC,641,-158,251401000,2.2670833333333338
2015-02-19 00:00:00 UTC,641,-155,231091000,0.61083333333333334
2015-02-19 00:00:00 UTC,641,-156,231091000,2.4008333333333334
2015-02-19 00:00:00 UTC,641,-157,231091000,0.81680555555555556
2015-02-19 00:00:00 UTC,641,-158,231091000,0.2026388888888889
2015-02-19 00:00:00 UTC,641,-158,251517000,1.2386111111111111
2015-02-19 00:00:00 UTC,641,-157,251517000,0.20416666666666666
2015-02-19 00:00:00 UTC,641,-156,251517000,0.40611111111111114
2015-02-19 00:00:00 UTC,641,-158,251212110,0.20083333333333334
2015-02-19 00:00:00 UTC,641,-159,251212110,0.20152777777777778
2015-02-19 00:00:00 UTC,641,-156,251212110,0.61125000000000007
2015-02-19 00:00:00 UTC,641,-157,251425110,0.6711111111111111
2015-02-19 00:00:00 UTC,641,-155,251425110,1.8798611111111108
2015-02-19 00:00:00 UTC,641,-156,251425110,0.80958333333333332
2015-02-19 00:00:00 UTC,641,-158,251425110,1.3843055555555555
2015-02-19 00:00:00 UTC,641,-157,331143000,2.2868055555555555
2015-02-19 00:00:00 UTC,641,-156,331143000,1.6652777777777779
2015-02-19 00:00:00 UTC,641,-158,331143000,3.4863888888888885
2015-02-19 00:00:00 UTC,641,-155,331143000,0.41083333333333333
2015-02-19 00:00:00 UTC,641,-241,251083110,1.9812500000000002
2015-02-19 00:00:00 UTC,641,-154,251057000,1.5902777777777779
2015-02-19 00:00:00 UTC,641,-151,251057000,2.4856944444444444
2015-02-19 00:00:00 UTC,641,-157,251057000,1.4495833333333334
2015-02-19 00:00:00 UTC,641,-155,251057000,0.64375
2015-02-19 00:00:00 UTC,641,-158,251057000,4.0183333333333335
2015-02-19 00:00:00 UTC,641,-153,251057000,1.2436111111111112
2015-02-19 00:00:00 UTC,641,-152,251057000,4.7361111111111107
2015-02-19 00:00:00 UTC,641,-156,251057000,1.4451388888888888
2015-02-19 00:00:00 UTC,641,-155,251227000,0.81472222222222224
2015-02-19 00:00:00 UTC,641,-159,251163000,0.41083333333333338
2015-02-19 00:00:00 UTC,641,-155,251163000,2.2712499999999998
2015-02-19 00:00:00 UTC,641,-157,251163000,0.82388888888888889
2015-02-19 00:00:00 UTC,641,-158,251163000,2.8825
2015-02-19 00:00:00 UTC,641,-157,251451000,6.5904166666666679
2015-02-19 00:00:00 UTC,641,-158,251451000,1.0211111111111113
2015-02-19 00:00:00 UTC,641,-156,251451000,2.6793055555555556
2015-02-19 00:00:00 UTC,641,-157,251131000,0.20277777777777778
2015-02-19 00:00:00 UTC,641,-157,251135110,3.3131944444444446
2015-02-19 00:00:00 UTC,641,-159,251135110,0.20124999999999998
2015-02-19 00:00:00 UTC,641,-156,251135110,0.20583333333333331
2015-02-19 00:00:00 UTC,641,-158,251135110,2.255694444444444
2015-02-19 00:00:00 UTC,641,-133,251049110,1.0544444444444445
2015-02-19 00:00:00 UTC,641,-158,251439000,4.49236111111111
2015-02-19 00:00:00 UTC,641,-157,251439000,3.1413888888888897
2015-02-19 00:00:00 UTC,641,-151,251086000,1.2145833333333333
2015-02-19 00:00:00 UTC,641,-157,251086000,1.0220833333333335
2015-02-19 00:00:00 UTC,641,-153,251086000,4.1922222222222221
2015-02-19 00:00:00 UTC,641,-156,251086000,7.3999999999999995
2015-02-19 00:00:00 UTC,641,-152,251086000,4.3266666666666671
2015-02-19 00:00:00 UTC,641,-157,251022000,0.20416666666666666
2015-02-19 00:00:00 UTC,641,-155,251022000,3.2468055555555551
2015-02-19 00:00:00 UTC,641,-156,251022000,4.55513888888889
2015-02-19 00:00:00 UTC,641,-158,251022000,2.8868055555555552
2015-02-19 00:00:00 UTC,641,-159,251022000,0.60486111111111107
2015-02-19 00:00:00 UTC,641,-231,251011000,0.65416666666666667
2015-02-19 00:00:00 UTC,641,-230,251011000,1.4837500000000001
2015-02-19 00:00:00 UTC,641,-222,251840470,3.8077777777777779
2015-02-19 00:00:00 UTC,641,-157,331479000,2.0369444444444444
2015-02-19 00:00:00 UTC,641,-156,331479000,0.41166666666666663
2015-02-19 00:00:00 UTC,641,-160,331479000,1.2504166666666665
2015-02-19 00:00:00 UTC,641,-159,331479000,0.58402777777777781
2015-02-19 00:00:00 UTC,641,-158,331479000,0.61597222222222214
2015-02-19 00:00:00 UTC,641,-159,251756000,1.0420833333333335
2015-02-19 00:00:00 UTC,641,-160,251756000,1.6733333333333333
2015-02-19 00:00:00 UTC,641,-158,251756000,1.4656944444444444
2015-02-19 00:00:00 UTC,641,-157,251756000,2.0265277777777779
2015-02-19 00:00:00 UTC,641,-156,231116000,1.2329166666666667
2015-02-19 00:00:00 UTC,641,-155,231116000,1.0433333333333334
2015-02-19 00:00:00 UTC,641,-155,251056110,1.6998611111111113
2015-02-19 00:00:00 UTC,641,-156,251056110,0.20694444444444443
2015-02-19 00:00:00 UTC,641,-157,331478000,2.2508333333333335
2015-02-19 00:00:00 UTC,641,-155,331478000,0.81958333333333333
2015-02-19 00:00:00 UTC,641,-156,331478000,2.8449999999999998
2015-02-19 00:00:00 UTC,641,-158,331478000,2.0465277777777775
2015-02-19 00:00:00 UTC,641,-155,231051000,1.2395833333333333
2015-02-19 00:00:00 UTC,641,-156,231051000,3.3291666666666666
2015-02-19 00:00:00 UTC,-383,-556,701000778,7.1629166666666668
2015-02-19 00:00:00 UTC,-383,-570,770576124,1.69875
2015-02-19 00:00:00 UTC,-127,-1074,431424000,1.7
2015-02-19 00:00:00 UTC,-127,-1075,431893000,1.3961111111111109
2015-02-19 00:00:00 UTC,-127,-1080,431893000,0.70847222222222228
2015-02-19 00:00:00 UTC,-127,662,533333001,0.5375
2015-02-19 00:00:00 UTC,-127,-1347,412420433,2.8140277777777776
2015-02-19 00:00:00 UTC,-127,-1346,412420433,2.4565277777777776
2015-02-19 00:00:00 UTC,-127,928,431700980,2.2709722222222219
2015-02-19 00:00:00 UTC,130,-174,663134000,0.2023611111111111
2015-02-19 00:00:00 UTC,130,-175,663134000,2.5106944444444448
2015-02-19 00:00:00 UTC,130,-298,224083590,3.2263888888888888
2015-02-19 00:00:00 UTC,386,0,224305940,2.7111111111111112
2015-02-19 00:00:00 UTC,386,209,237448000,3.2219444444444445
2015-02-19 00:00:00 UTC,386,157,247131730,2.9069444444444441
2015-02-19 00:00:00 UTC,386,156,247131730,0.49152777777777779
2015-02-19 00:00:00 UTC,386,1209,412412011,1.2201388888888889
2015-02-19 00:00:00 UTC,386,0,224143980,0.66944444444444451
2015-02-19 00:00:00 UTC,386,0,224323960,3.2119444444444447
2015-02-19 00:00:00 UTC,386,156,247130750,0.74722222222222223
2015-02-19 00:00:00 UTC,386,157,247130750,4.7219444444444445
2015-02-19 00:00:00 UTC,386,156,247130010,0.29166666666666669
2015-02-19 00:00:00 UTC,386,157,247130010,7.5816666666666643
2015-02-19 00:00:00 UTC,386,158,247130010,1.4144444444444444
2015-02-19 00:00:00 UTC,386,158,247131320,2.8231944444444443
2015-02-19 00:00:00 UTC,386,-99,263341000,2.0294444444444442
2015-02-19 00:00:00 UTC,386,0,224265690,2.01125
2015-02-19 00:00:00 UTC,386,-100,204267000,5.8218055555555557
2015-02-19 00:00:00 UTC,386,-99,204267000,2.8636111111111116
2015-02-19 00:00:00 UTC,642,-148,251438110,1.6843055555555555
2015-02-19 00:00:00 UTC,642,-147,251438110,1.5051388888888888
2015-02-19 00:00:00 UTC,642,-149,251438110,7.75861111111111
2015-02-19 00:00:00 UTC,642,-128,251054110,2.7734722222222223
2015-02-19 00:00:00 UTC,642,-223,251073110,7.42625
2015-02-19 00:00:00 UTC,642,-240,251083110,0.64972222222222231
2015-02-19 00:00:00 UTC,642,-222,251166110,1.0983333333333334
2015-02-19 00:00:00 UTC,642,-223,251166110,4.0902777777777777
2015-02-19 00:00:00 UTC,642,-238,251219110,1.4030555555555553
2015-02-19 00:00:00 UTC,642,-231,251011000,0.76361111111111113
2015-02-19 00:00:00 UTC,642,-230,251011000,1.0576388888888888
2015-02-19 00:00:00 UTC,642,-222,251047110,1.6827777777777779
2015-02-19 00:00:00 UTC,642,-221,251047110,0.834861111111111
2015-02-19 00:00:00 UTC,-382,-743,725000970,1.4645833333333331
2015-02-19 00:00:00 UTC,-382,1739,512000061,8.0781944444444438
2015-02-19 00:00:00 UTC,-382,1739,512012000,2.38
2015-02-19 00:00:00 UTC,-382,-569,770576124,3.0801388888888885
2015-02-19 00:00:00 UTC,-382,-568,770576124,6.371666666666667
2015-02-19 00:00:00 UTC,-126,-1080,431893000,2.8247222222222224
2015-02-19 00:00:00 UTC,-126,662,533333001,0.8208333333333333
2015-02-19 00:00:00 UTC,-126,1246,503003170,1.199861111111111
2015-02-19 00:00:00 UTC,-126,1247,503003170,0.5125
2015-02-19 00:00:00 UTC,-126,-1346,412420846,2.234861111111111
2015-02-19 00:00:00 UTC,-126,928,431700980,1.3254166666666665
2015-02-19 00:00:00 UTC,131,-175,663134000,0.3059722222222222
2015-02-19 00:00:00 UTC,131,-174,663134000,7.7643055555555556
2015-02-19 00:00:00 UTC,131,1550,431795000,4.266805555555556
2015-02-19 00:00:00 UTC,131,1590,416002643,3.7826388888888891
2015-02-19 00:00:00 UTC,131,1591,416002643,3.0998611111111107
2015-02-19 00:00:00 UTC,131,1589,416002643,2.2143055555555553
2015-02-19 00:00:00 UTC,131,-298,224083590,1.8095833333333331
2015-02-19 00:00:00 UTC,387,2,224027670,0.26541666666666663
2015-02-19 00:00:00 UTC,387,-441,224101940,4.9540277777777773
2015-02-19 00:00:00 UTC,387,168,247076150,1.1570833333333335
2015-02-19 00:00:00 UTC,387,158,247130750,3.6352777777777785
2015-02-19 00:00:00 UTC,387,157,247130750,3.2699999999999996
2015-02-19 00:00:00 UTC,387,161,247130250,0.45430555555555557
2015-02-19 00:00:00 UTC,387,160,247130280,3.5768055555555556
2015-02-19 00:00:00 UTC,387,159,247130280,4.5706944444444453
2015-02-19 00:00:00 UTC,387,161,247130280,0.20833333333333331
2015-02-19 00:00:00 UTC,387,158,247130280,2.087361111111111
2015-02-19 00:00:00 UTC,387,158,247131320,2.8888888888888893
2015-02-19 00:00:00 UTC,387,157,247131320,2.3127777777777778
2015-02-19 00:00:00 UTC,387,2,224073660,0.68236111111111108
2015-02-19 00:00:00 UTC,387,160,247130320,1.3163888888888891
2015-02-19 00:00:00 UTC,387,161,247130320,0.41138888888888892
2015-02-19 00:00:00 UTC,387,-102,204267000,3.5775000000000006
2015-02-19 00:00:00 UTC,387,-101,204267000,5.323611111111112
2015-02-19 00:00:00 UTC,643,-125,251054110,1.5225
2015-02-19 00:00:00 UTC,643,-255,251330110,1.8888888888888891
2015-02-19 00:00:00 UTC,643,-252,251330110,2.2886111111111114
2015-02-19 00:00:00 UTC,643,-251,251330110,1.5405555555555557
2015-02-19 00:00:00 UTC,643,-250,251330110,1.5348611111111112
2015-02-19 00:00:00 UTC,643,-222,251346240,0.22888888888888886
2015-02-19 00:00:00 UTC,643,-526,331165000,3.3290277777777781
2015-02-19 00:00:00 UTC,643,-527,331165000,12.44736111111111
2015-02-19 00:00:00 UTC,643,-222,251166110,0.83375
2015-02-19 00:00:00 UTC,643,-238,251219110,5.0727777777777776
2015-02-19 00:00:00 UTC,643,-237,251219110,3.1799999999999997
2015-02-19 00:00:00 UTC,643,-236,251219110,0.72291666666666665
2015-02-19 00:00:00 UTC,643,-230,251011000,0.25708333333333333
2015-02-19 00:00:00 UTC,643,-229,251011000,1.4266666666666667
2015-02-19 00:00:00 UTC,-381,1739,512000061,8.48763888888889
2015-02-19 00:00:00 UTC,-381,-575,701006044,4.6055555555555552
2015-02-19 00:00:00 UTC,-381,-576,701006044,0.21111111111111111
2015-02-19 00:00:00 UTC,-381,1738,512012000,5.2120833333333332
2015-02-19 00:00:00 UTC,-125,-1074,431424000,3.6751388888888892
2015-02-19 00:00:00 UTC,-125,-1080,431893000,2.6913888888888891
2015-02-19 00:00:00 UTC,-125,-1075,431893000,3.8186111111111112
2015-02-19 00:00:00 UTC,-125,660,533333001,0.65847222222222224
2015-02-19 00:00:00 UTC,-125,662,533333001,3.2230555555555558
2015-02-19 00:00:00 UTC,-125,661,533333001,3.3601388888888888
2015-02-19 00:00:00 UTC,-125,1246,503003170,8.2043055555555551
2015-02-19 00:00:00 UTC,-125,1247,503003170,0.20847222222222225
2015-02-19 00:00:00 UTC,-125,-1345,412420433,3.27625
2015-02-19 00:00:00 UTC,-125,662,416002646,9.82611111111111
2015-02-19 00:00:00 UTC,-125,661,416002646,4.825277777777778
2015-02-19 00:00:00 UTC,-125,660,416002646,1.2338888888888888
2015-02-19 00:00:00 UTC,-125,-1568,412420583,2.1206944444444447
2015-02-19 00:00:00 UTC,-125,-1346,412420846,2.1697222222222221
2015-02-19 00:00:00 UTC,-125,412,441910000,1.8945833333333333
2015-02-19 00:00:00 UTC,-125,928,431700980,1.2525
2015-02-19 00:00:00 UTC,132,-175,663134000,1.4980555555555555
2015-02-19 00:00:00 UTC,132,-174,663134000,3.8415277777777779
2015-02-19 00:00:00 UTC,132,1551,431795000,2.6669444444444443
2015-02-19 00:00:00 UTC,132,1589,416004411,11.629027777777777
2015-02-19 00:00:00 UTC,132,1590,416002643,4.0280555555555555
2015-02-19 00:00:00 UTC,132,1589,416002643,1.0413888888888891
2015-02-19 00:00:00 UTC,132,1591,416002643,1.337638888888889
2015-02-19 00:00:00 UTC,132,-298,224083590,1.3263888888888888
2015-02-19 00:00:00 UTC,388,168,247132680,5.3543055555555554
2015-02-19 00:00:00 UTC,388,167,247132680,0.89680555555555552
2015-02-19 00:00:00 UTC,388,2,224027670,1.9305555555555554
2015-02-19 00:00:00 UTC,388,1,224027670,3.534583333333333
2015-02-19 00:00:00 UTC,388,161,247130650,6.3112500000000011
2015-02-19 00:00:00 UTC,388,-96,263408940,2.9356944444444446
2015-02-19 00:00:00 UTC,388,-95,263408940,5.73763888888889
2015-02-19 00:00:00 UTC,388,168,247076150,5.3883333333333336
2015-02-19 00:00:00 UTC,388,167,247076150,1.6294444444444445
2015-02-19 00:00:00 UTC,388,3,224120390,0.61236111111111113
2015-02-19 00:00:00 UTC,388,5,224076360,10.343888888888889
2015-02-19 00:00:00 UTC,388,11,224034140,3.2291666666666665
2015-02-19 00:00:00 UTC,388,12,224034140,3.6654166666666663
2015-02-19 00:00:00 UTC,388,13,224034140,0.84875
2015-02-19 00:00:00 UTC,388,5,224167520,0.23472222222222222
2015-02-19 00:00:00 UTC,388,171,247132010,9.0818055555555546
2015-02-19 00:00:00 UTC,388,5,224260470,1.7029166666666666
2015-02-19 00:00:00 UTC,388,158,247130750,2.1501388888888888
2015-02-19 00:00:00 UTC,388,1,224133770,1.2850000000000001
2015-02-19 00:00:00 UTC,388,159,247130250,0.66527777777777775
2015-02-19 00:00:00 UTC,388,160,247130250,2.0690277777777779
2015-02-19 00:00:00 UTC,388,161,247130250,2.3694444444444445
2015-02-19 00:00:00 UTC,388,5,224320160,2.0670833333333336
2015-02-19 00:00:00 UTC,388,160,247130290,3.778888888888889
2015-02-19 00:00:00 UTC,388,161,247130290,0.21791666666666665
2015-02-19 00:00:00 UTC,388,1,224073660,1.0472222222222223
2015-02-19 00:00:00 UTC,388,2,224073660,11.072222222222225
2015-02-19 00:00:00 UTC,388,4,224018890,2.1483333333333334
2015-02-19 00:00:00 UTC,388,161,247130320,2.1176388888888891
2015-02-19 00:00:00 UTC,388,160,247130320,2.1413888888888888
2015-02-19 00:00:00 UTC,388,91,247150060,2.3248611111111108
2015-02-19 00:00:00 UTC,388,1,224074740,1.263611111111111
2015-02-19 00:00:00 UTC,388,1,224093430,1.6641666666666663
2015-02-19 00:00:00 UTC,388,268,271062010,1.8005555555555557
2015-02-19 00:00:00 UTC,388,1,224020220,1.0383333333333333
2015-02-19 00:00:00 UTC,644,-255,251330110,5.5733333333333333
2015-02-19 00:00:00 UTC,644,-251,251330110,6.9480555555555554
2015-02-19 00:00:00 UTC,644,-256,251330110,2.7531944444444445
2015-02-19 00:00:00 UTC,644,-526,331165000,0.61944444444444435
2015-02-19 00:00:00 UTC,644,-254,251039110,0.73777777777777775
2015-02-19 00:00:00 UTC,644,-259,251039110,6.7127777777777773
2015-02-19 00:00:00 UTC,644,-255,251039110,2.2916666666666665
2015-02-19 00:00:00 UTC,644,-257,251039110,3.3513888888888888
2015-02-19 00:00:00 UTC,644,-256,251039110,1.5308333333333333
2015-02-19 00:00:00 UTC,644,-261,251039110,0.79333333333333345
2015-02-19 00:00:00 UTC,644,-260,251039110,1.5537500000000002
2015-02-19 00:00:00 UTC,644,-237,251219110,5.1025000000000009
2015-02-19 00:00:00 UTC,644,-236,251219110,6.1241666666666674
2015-02-19 00:00:00 UTC,644,-232,251848640,2.9316666666666666
2015-02-19 00:00:00 UTC,-380,-740,725000970,0.30013888888888884
2015-02-19 00:00:00 UTC,-380,-739,725000970,0.95861111111111108
2015-02-19 00:00:00 UTC,-380,-575,701006044,1.902222222222222
2015-02-19 00:00:00 UTC,-124,660,533333001,0.99152777777777779
2015-02-19 00:00:00 UTC,-124,1577,416003089,5.8126388888888885
2015-02-19 00:00:00 UTC,-124,-10,431602020,6.4016666666666664
2015-02-19 00:00:00 UTC,-124,413,440236000,6.3156944444444445
2015-02-19 00:00:00 UTC,-124,414,440236000,8.5245833333333341
2015-02-19 00:00:00 UTC,-124,-1566,412420583,2.05
2015-02-19 00:00:00 UTC,-124,-1565,412420583,1.7958333333333334
2015-02-19 00:00:00 UTC,-124,-1564,412420583,3.7336111111111117
2015-02-19 00:00:00 UTC,-124,-1567,412420583,1.1212499999999999
2015-02-19 00:00:00 UTC,-124,412,441910000,1.9034722222222222
2015-02-19 00:00:00 UTC,-124,413,441910000,5.4302777777777784
2015-02-19 00:00:00 UTC,-124,928,431700980,3.3330555555555557
2015-02-19 00:00:00 UTC,133,-174,663134000,5.8620833333333335
2015-02-19 00:00:00 UTC,133,-175,663134000,2.6837499999999994
2015-02-19 00:00:00 UTC,133,1592,416002643,0.99597222222222226
2015-02-19 00:00:00 UTC,133,-298,224083590,1.41125
2015-02-19 00:00:00 UTC,389,0,224027670,1.4640277777777779
2015-02-19 00:00:00 UTC,389,1,224027670,0.63347222222222221
2015-02-19 00:00:00 UTC,389,267,271062043,3.3579166666666667
2015-02-19 00:00:00 UTC,389,1,224071970,0.41944444444444445
2015-02-19 00:00:00 UTC,389,0,224071970,5.6163888888888893
2015-02-19 00:00:00 UTC,389,-96,263408940,5.0847222222222221
2015-02-19 00:00:00 UTC,389,-95,263408940,0.65249999999999986
2015-02-19 00:00:00 UTC,389,3,224120390,1.4248611111111109
2015-02-19 00:00:00 UTC,389,4,224076360,2.2055555555555553
2015-02-19 00:00:00 UTC,389,5,224076360,0.63347222222222221
2015-02-19 00:00:00 UTC,389,11,224034140,0.87111111111111117
2015-02-19 00:00:00 UTC,389,5,224167520,1.4975
2015-02-19 00:00:00 UTC,389,4,224167520,1.466388888888889
2015-02-19 00:00:00 UTC,389,0,224139370,2.5537499999999995
2015-02-19 00:00:00 UTC,389,5,224260470,0.83624999999999994
2015-02-19 00:00:00 UTC,389,4,224260470,1.4577777777777776
2015-02-19 00:00:00 UTC,389,159,247130750,0.71388888888888891
2015-02-19 00:00:00 UTC,389,158,247130750,2.2861111111111114
2015-02-19 00:00:00 UTC,389,1,224133770,0.85916666666666663
2015-02-19 00:00:00 UTC,389,0,224133770,4.6494444444444438
2015-02-19 00:00:00 UTC,389,159,247130250,2.5572222222222218
2015-02-19 00:00:00 UTC,389,161,247130250,1.4676388888888892
2015-02-19 00:00:00 UTC,389,5,224320160,0.64027777777777772
2015-02-19 00:00:00 UTC,389,4,224320160,1.9038888888888887
2015-02-19 00:00:00 UTC,389,1227,412203431,0.40847222222222224
2015-02-19 00:00:00 UTC,389,1227,412203435,0.43222222222222223
2015-02-19 00:00:00 UTC,389,1227,412203437,0.68708333333333327
2015-02-19 00:00:00 UTC,389,1227,412203438,0.45708333333333334
2015-02-19 00:00:00 UTC,389,1227,412203439,0.76666666666666661
2015-02-19 00:00:00 UTC,389,1227,412203441,0.20722222222222222
2015-02-19 00:00:00 UTC,389,1227,412203442,0.20416666666666666
2015-02-19 00:00:00 UTC,389,159,247130290,1.1004166666666666
2015-02-19 00:00:00 UTC,389,160,247130290,2.882222222222222
2015-02-19 00:00:00 UTC,389,1227,412203443,0.27430555555555558
2015-02-19 00:00:00 UTC,389,1227,412203451,0.41263888888888889
2015-02-19 00:00:00 UTC,389,2,224073660,1.4806944444444443
2015-02-19 00:00:00 UTC,389,1227,412203452,0.20583333333333334
2015-02-19 00:00:00 UTC,389,1227,412203453,0.40708333333333335
2015-02-19 00:00:00 UTC,389,1227,412203456,0.63055555555555554
2015-02-19 00:00:00 UTC,389,4,224018370,1.5583333333333333
2015-02-19 00:00:00 UTC,389,5,224018370,1.3054166666666667
2015-02-19 00:00:00 UTC,389,4,224018890,1.275
2015-02-19 00:00:00 UTC,389,159,247130320,1.31
2015-02-19 00:00:00 UTC,389,161,247130320,1.3019444444444443
2015-02-19 00:00:00 UTC,389,160,247130320,3.4594444444444443
2015-02-19 00:00:00 UTC,389,91,247150060,3.1238888888888892
2015-02-19 00:00:00 UTC,389,1,224074740,1.0783333333333331
2015-02-19 00:00:00 UTC,389,0,224074740,7.1322222222222225
2015-02-19 00:00:00 UTC,389,0,224093430,5.862222222222222
2015-02-19 00:00:00 UTC,389,1,224093430,0.85791666666666666
2015-02-19 00:00:00 UTC,389,1,224020220,0.21458333333333335
2015-02-19 00:00:00 UTC,389,0,224020220,5.80277777777778
2015-02-19 00:00:00 UTC,645,-123,251054110,0.54875
2015-02-19 00:00:00 UTC,645,-122,251054110,1.3152777777777778
2015-02-19 00:00:00 UTC,645,-243,251083110,1.1238888888888889
2015-02-19 00:00:00 UTC,645,-254,251039110,0.34152777777777776
2015-02-19 00:00:00 UTC,645,89,259258000,3.7702777777777778
2015-02-19 00:00:00 UTC,645,88,259258000,3.8616666666666664
2015-02-19 00:00:00 UTC,645,-233,251848640,0.23069444444444445
2015-02-19 00:00:00 UTC,645,-232,251848640,4.2627777777777771
2015-02-19 00:00:00 UTC,-635,978,440203000,0.55708333333333337
2015-02-19 00:00:00 UTC,-635,980,440203000,1.5334722222222221
2015-02-19 00:00:00 UTC,-635,979,440203000,3.0680555555555555
2015-02-19 00:00:00 UTC,-635,977,440203000,2.2918055555555554
2015-02-19 00:00:00 UTC,-379,-740,725000970,0.35819444444444443
2015-02-19 00:00:00 UTC,-379,-739,725000970,0.86
2015-02-19 00:00:00 UTC,-379,1738,512000089,0.24180555555555555
2015-02-19 00:00:00 UTC,-379,1737,512000089,0.48055555555555562
2015-02-19 00:00:00 UTC,-379,-566,701006201,11.659583333333334
2015-02-19 00:00:00 UTC,-123,-1072,431424000,2.07875
2015-02-19 00:00:00 UTC,-123,608,416011800,17.524722222222223
2015-02-19 00:00:00 UTC,-123,-10,431602020,0.54180555555555554
2015-02-19 00:00:00 UTC,-123,-11,431602020,3.9802777777777778
2015-02-19 00:00:00 UTC,-123,412,441910000,0.66333333333333333
2015-02-19 00:00:00 UTC,134,1592,416002643,1.9055555555555554
2015-02-19 00:00:00 UTC,134,-297,224083590,4.8956944444444446
2015-02-19 00:00:00 UTC,390,-1,224071970,1.0640277777777778
2015-02-19 00:00:00 UTC,390,0,224071970,0.20291666666666666
2015-02-19 00:00:00 UTC,390,-99,225353000,0.64222222222222225
2015-02-19 00:00:00 UTC,390,-96,263408940,1.5611111111111113
2015-02-19 00:00:00 UTC,390,234,237630000,0.36319444444444443
2015-02-19 00:00:00 UTC,390,233,237630000,1.364583333333333
2015-02-19 00:00:00 UTC,390,1221,900029494,1.3251388888888889
2015-02-19 00:00:00 UTC,390,3,224120390,1.03625
2015-02-19 00:00:00 UTC,390,4,224120390,0.42083333333333339
2015-02-19 00:00:00 UTC,390,4,224076360,0.20819444444444446
2015-02-19 00:00:00 UTC,390,171,247130450,1.4204166666666669
2015-02-19 00:00:00 UTC,390,3,224167520,0.70958333333333345
2015-02-19 00:00:00 UTC,390,4,224167520,1.6886111111111111
2015-02-19 00:00:00 UTC,390,0,224139370,0.41847222222222225
2015-02-19 00:00:00 UTC,390,-1,224139370,3.4893055555555557
2015-02-19 00:00:00 UTC,390,267,271072118,0.22152777777777777
2015-02-19 00:00:00 UTC,390,3,224260470,0.83791666666666664
2015-02-19 00:00:00 UTC,390,4,224260470,1.4970833333333333
2015-02-19 00:00:00 UTC,390,159,247130750,1.0208333333333333
2015-02-19 00:00:00 UTC,390,-1,224133770,2.9324999999999997
2015-02-19 00:00:00 UTC,390,159,247130250,0.23875000000000002
2015-02-19 00:00:00 UTC,390,3,224320160,1.2929166666666667
2015-02-19 00:00:00 UTC,390,4,224320160,1.287638888888889
2015-02-19 00:00:00 UTC,390,172,247122090,1.0455555555555556
2015-02-19 00:00:00 UTC,390,173,247122090,3.4027777777777777
2015-02-19 00:00:00 UTC,390,160,247130290,0.28194444444444444
2015-02-19 00:00:00 UTC,390,4,224018370,2.0054166666666666
2015-02-19 00:00:00 UTC,390,3,224018370,0.88222222222222213
2015-02-19 00:00:00 UTC,390,160,247130320,0.42472222222222222
2015-02-19 00:00:00 UTC,390,172,247131090,1.712361111111111
2015-02-19 00:00:00 UTC,390,253,235103197,0.32944444444444443
2015-02-19 00:00:00 UTC,390,252,235103197,0.46666666666666667
2015-02-19 00:00:00 UTC,390,92,247150060,8.2952777777777786
2015-02-19 00:00:00 UTC,390,0,224074740,0.40361111111111114
2015-02-19 00:00:00 UTC,390,-1,224093430,0.8584722222222223
2015-02-19 00:00:00 UTC,390,0,224093430,0.63625
2015-02-19 00:00:00 UTC,390,0,224020220,1.4600000000000002
2015-02-19 00:00:00 UTC,646,88,261383000,7.0388888888888888
2015-02-19 00:00:00 UTC,646,-242,251083110,0.81222222222222218
2015-02-19 00:00:00 UTC,646,-243,251083110,2.7509722222222219
2015-02-19 00:00:00 UTC,646,-244,251083110,4.4423611111111114
2015-02-19 00:00:00 UTC,646,85,211214200,2.2831944444444443
2015-02-19 00:00:00 UTC,646,86,259258000,5.3916666666666666
2015-02-19 00:00:00 UTC,646,84,259258000,4.9220833333333331
2015-02-19 00:00:00 UTC,646,85,235078558,11.6875
2015-02-19 00:00:00 UTC,646,-244,251197110,2.2979166666666666
2015-02-19 00:00:00 UTC,-634,978,440203000,1.2930555555555556
2015-02-19 00:00:00 UTC,-634,976,440203000,5.200277777777778
2015-02-19 00:00:00 UTC,-634,977,440203000,4.4275
2015-02-19 00:00:00 UTC,-378,-216,412420941,0.17638888888888887
2015-02-19 00:00:00 UTC,-378,-215,412420941,0.57208333333333328
2015-02-19 00:00:00 UTC,-378,-213,412420941,0.16958333333333334
2015-02-19 00:00:00 UTC,-378,-214,412420941,0.35694444444444445
2015-02-19 00:00:00 UTC,-122,-1072,431424000,2.6751388888888887
2015-02-19 00:00:00 UTC,-122,-1061,431663000,3.420694444444444
2015-02-19 00:00:00 UTC,-122,414,440236000,6.0368055555555564
2015-02-19 00:00:00 UTC,-122,412,441910000,4.60125
2015-02-19 00:00:00 UTC,-122,928,431700980,2.2098611111111111
2015-02-19 00:00:00 UTC,135,1549,431722000,0.33736111111111111
2015-02-19 00:00:00 UTC,135,1593,416002643,9.2469444444444449
2015-02-19 00:00:00 UTC,135,-1079,345900418,5.3958333333333321
2015-02-19 00:00:00 UTC,391,267,271062042,1.5869444444444443
2015-02-19 00:00:00 UTC,391,-99,225353000,1.8887499999999997
2015-02-19 00:00:00 UTC,391,-101,225353000,0.61680555555555561
2015-02-19 00:00:00 UTC,391,-2,224087870,0.25791666666666668
2015-02-19 00:00:00 UTC,391,2,224120390,1.0206944444444443
2015-02-19 00:00:00 UTC,391,3,224120390,0.20680555555555558
2015-02-19 00:00:00 UTC,391,171,247130450,2.0784722222222221
2015-02-19 00:00:00 UTC,391,3,224167520,0.685138888888889
2015-02-19 00:00:00 UTC,391,-1,224139370,2.1191666666666671
2015-02-19 00:00:00 UTC,391,267,271072118,1.1754166666666666
2015-02-19 00:00:00 UTC,391,3,224260470,0.42069444444444443
2015-02-19 00:00:00 UTC,391,-98,263354000,0.8618055555555556
2015-02-19 00:00:00 UTC,391,3,224320160,0.42638888888888893
2015-02-19 00:00:00 UTC,391,172,247122090,5.2198611111111113
2015-02-19 00:00:00 UTC,391,171,247122090,1.4655555555555553
2015-02-19 00:00:00 UTC,391,3,224018370,1.0163888888888888
2015-02-19 00:00:00 UTC,391,80,247150290,1.5177777777777779
2015-02-19 00:00:00 UTC,391,172,247131090,2.1358333333333333
2015-02-19 00:00:00 UTC,391,171,247131090,5.0152777777777784
2015-02-19 00:00:00 UTC,391,171,247121370,6.7136111111111108
2015-02-19 00:00:00 UTC,391,172,247121370,2.7854166666666669
2015-02-19 00:00:00 UTC,391,173,247121370,3.1440277777777776
2015-02-19 00:00:00 UTC,391,266,271072990,2.302083333333333
2015-02-19 00:00:00 UTC,391,26,224409830,1.8456944444444445
2015-02-19 00:00:00 UTC,391,27,224409830,2.2580555555555559
2015-02-19 00:00:00 UTC,391,25,224409830,1.2308333333333332
2015-02-19 00:00:00 UTC,647,-138,251247110,6.6923611111111105
2015-02-19 00:00:00 UTC,647,-139,251247110,0.2927777777777778
2015-02-19 00:00:00 UTC,647,-137,251247110,2.0026388888888889
2015-02-19 00:00:00 UTC,647,88,261383000,7.0751388888888886
2015-02-19 00:00:00 UTC,647,87,261383000,1.5425
2015-02-19 00:00:00 UTC,647,-266,251211110,0.98888888888888893
2015-02-19 00:00:00 UTC,647,-268,251211110,7.666666666666667
2015-02-19 00:00:00 UTC,647,-267,251211110,8.205
2015-02-19 00:00:00 UTC,647,-244,251083110,2.6345833333333335
2015-02-19 00:00:00 UTC,647,-243,251083110,1.0876388888888888
2015-02-19 00:00:00 UTC,647,85,211214200,2.3115277777777776
2015-02-19 00:00:00 UTC,647,86,235078558,2.115277777777778
2015-02-19 00:00:00 UTC,647,-244,251197110,2.2594444444444446
2015-02-19 00:00:00 UTC,647,-243,251197110,2.3508333333333331
2015-02-19 00:00:00 UTC,-633,976,440203000,0.9904166666666665
2015-02-19 00:00:00 UTC,-377,-211,412420941,0.43194444444444441
2015-02-19 00:00:00 UTC,-377,-213,412420941,0.70666666666666667
2015-02-19 00:00:00 UTC,-377,-565,701006201,5.9272222222222224
2015-02-19 00:00:00 UTC,-377,-566,701006201,5.2834722222222226
2015-02-19 00:00:00 UTC,-121,-1661,368489000,0.47791666666666666
2015-02-19 00:00:00 UTC,-121,-1061,431663000,2.4918055555555552
2015-02-19 00:00:00 UTC,-121,413,441910000,3.4444444444444446
2015-02-19 00:00:00 UTC,-121,412,441910000,3.4468055555555557
2015-02-19 00:00:00 UTC,-121,928,431700980,3.9293055555555556
2015-02-19 00:00:00 UTC,136,1548,431722000,3.7206944444444443
2015-02-19 00:00:00 UTC,136,-219,224153130,6.4326388888888886
2015-02-19 00:00:00 UTC,136,-1079,345900418,2.8483333333333327
2015-02-19 00:00:00 UTC,136,-1080,345900418,5.23263888888889
2015-02-19 00:00:00 UTC,136,-295,224083590,4.2806944444444444
2015-02-19 00:00:00 UTC,392,171,247060770,0.42902777777777779
2015-02-19 00:00:00 UTC,392,-101,225353000,2.6758333333333337
2015-02-19 00:00:00 UTC,392,-99,225353000,1.8695833333333332
2015-02-19 00:00:00 UTC,392,-100,225353000,2.31
2015-02-19 00:00:00 UTC,392,-96,263406390,0.61875
2015-02-19 00:00:00 UTC,392,265,271072317,9.7290277777777767
2015-02-19 00:00:00 UTC,392,-1,224087870,1.9786111111111109
2015-02-19 00:00:00 UTC,392,-2,224087870,2.9901388888888896
2015-02-19 00:00:00 UTC,392,20,224134470,1.0141666666666667
2015-02-19 00:00:00 UTC,392,1,224120390,1.2723611111111111
2015-02-19 00:00:00 UTC,392,0,224117340,0.45805555555555555
2015-02-19 00:00:00 UTC,392,266,271072862,0.65013888888888882
2015-02-19 00:00:00 UTC,392,80,247151980,1.3558333333333332
2015-02-19 00:00:00 UTC,392,83,247156090,0.85069444444444442
2015-02-19 00:00:00 UTC,392,81,247156090,0.64250000000000007
2015-02-19 00:00:00 UTC,392,-2,224022140,1.8230555555555557
2015-02-19 00:00:00 UTC,392,-3,224022140,0.94847222222222216
2015-02-19 00:00:00 UTC,392,24,224189820,2.1829166666666668
2015-02-19 00:00:00 UTC,392,23,224189820,3.1727777777777781
2015-02-19 00:00:00 UTC,392,25,224134540,1.435
2015-02-19 00:00:00 UTC,392,-98,263354000,12.495555555555557
2015-02-19 00:00:00 UTC,392,265,237348000,3.6080555555555556
2015-02-19 00:00:00 UTC,392,264,237348000,1.9181944444444441
2015-02-19 00:00:00 UTC,392,-2,224173230,6.0008333333333335
2015-02-19 00:00:00 UTC,392,-99,224355000,0.45041666666666669
2015-02-19 00:00:00 UTC,392,-2,224068290,6.05138888888889
2015-02-19 00:00:00 UTC,392,31,224095950,1.1877777777777778
2015-02-19 00:00:00 UTC,392,27,224095950,1.5629166666666667
2015-02-19 00:00:00 UTC,392,30,224095950,1.006388888888889
2015-02-19 00:00:00 UTC,392,29,224095950,0.47069444444444447
2015-02-19 00:00:00 UTC,392,80,247150290,1.95625
2015-02-19 00:00:00 UTC,392,171,247131090,1.46375
2015-02-19 00:00:00 UTC,392,-2,224167130,4.5280555555555564
2015-02-19 00:00:00 UTC,392,172,247121370,1.0516666666666667
2015-02-19 00:00:00 UTC,392,266,271072990,3.1406944444444442
2015-02-19 00:00:00 UTC,392,25,224409830,0.63569444444444445
2015-02-19 00:00:00 UTC,392,27,224409830,0.62472222222222218
2015-02-19 00:00:00 UTC,392,16,224140280,1.7495833333333333
2015-02-19 00:00:00 UTC,392,17,224140280,3.2297222222222226
2015-02-19 00:00:00 UTC,392,14,224140280,1.3111111111111111
2015-02-19 00:00:00 UTC,392,15,224140280,1.5722222222222224
2015-02-19 00:00:00 UTC,392,-2,224013050,2.2291666666666661
2015-02-19 00:00:00 UTC,392,-1,224013050,0.83083333333333331
2015-02-19 00:00:00 UTC,392,29,224144890,0.82388888888888889
2015-02-19 00:00:00 UTC,392,26,224144890,1.8420833333333335
2015-02-19 00:00:00 UTC,392,28,224144890,0.41694444444444445
2015-02-19 00:00:00 UTC,392,27,224144890,2.2468055555555555
2015-02-19 00:00:00 UTC,648,-137,251247110,0.78652777777777771
2015-02-19 00:00:00 UTC,648,-246,251221000,0.30833333333333335
2015-02-19 00:00:00 UTC,648,-241,251233110,0.21416666666666667
2015-02-19 00:00:00 UTC,648,-243,251233110,0.20361111111111113
2015-02-19 00:00:00 UTC,648,-242,251233110,3.2431944444444443
2015-02-19 00:00:00 UTC,648,86,261383000,4.6305555555555546
2015-02-19 00:00:00 UTC,648,84,261383000,4.5655555555555551
2015-02-19 00:00:00 UTC,648,-268,251211110,1.528888888888889
2015-02-19 00:00:00 UTC,648,-266,251211110,0.30527777777777776
2015-02-19 00:00:00 UTC,648,-269,251211110,3.0523611111111109
2015-02-19 00:00:00 UTC,648,88,211214200,1.5533333333333332
2015-02-19 00:00:00 UTC,648,89,211214200,1.556111111111111
2015-02-19 00:00:00 UTC,648,86,211214200,1.5640277777777778
2015-02-19 00:00:00 UTC,648,-242,251197110,0.20666666666666667
2015-02-19 00:00:00 UTC,648,-243,251197110,1.6954166666666666
2015-02-19 00:00:00 UTC,-120,-1661,368489000,5.20125
2015-02-19 00:00:00 UTC,-120,882,432987000,5.2359722222222222
2015-02-19 00:00:00 UTC,-120,412,441910000,2.1080555555555556
2015-02-19 00:00:00 UTC,137,-219,224153130,0.90083333333333337
2015-02-19 00:00:00 UTC,137,-294,224083590,0.85013888888888889
2015-02-19 00:00:00 UTC,137,-295,224083590,1.1830555555555555
2015-02-19 00:00:00 UTC,393,171,247060770,8.4843055555555562
2015-02-19 00:00:00 UTC,393,-100,225353000,3.6606944444444443
2015-02-19 00:00:00 UTC,393,-99,225353000,1.747638888888889
2015-02-19 00:00:00 UTC,393,-101,225353000,0.42819444444444443
2015-02-19 00:00:00 UTC,393,-1,224087870,3.4734722222222221
2015-02-19 00:00:00 UTC,393,23,224134470,0.60638888888888887
2015-02-19 00:00:00 UTC,393,24,224134470,1.6372222222222221
2015-02-19 00:00:00 UTC,393,1,224120390,0.38472222222222224
2015-02-19 00:00:00 UTC,393,0,224120390,5.2166666666666659
2015-02-19 00:00:00 UTC,393,0,224117340,5.4368055555555541
2015-02-19 00:00:00 UTC,393,80,247151980,5.8972222222222221
2015-02-19 00:00:00 UTC,393,80,247151990,1.4475
2015-02-19 00:00:00 UTC,393,79,247152250,6.8606944444444444
2015-02-19 00:00:00 UTC,393,83,247156090,0.62208333333333332
2015-02-19 00:00:00 UTC,393,81,247156090,1.7270833333333333
2015-02-19 00:00:00 UTC,393,80,247156090,2.8677777777777775
2015-02-19 00:00:00 UTC,393,-2,224022140,6.7418055555555547
2015-02-19 00:00:00 UTC,393,24,224134540,3.5183333333333331
2015-02-19 00:00:00 UTC,393,23,224134540,0.40763888888888888
2015-02-19 00:00:00 UTC,393,25,224134540,0.20291666666666666
2015-02-19 00:00:00 UTC,393,79,247152020,0.28875
2015-02-19 00:00:00 UTC,393,33,224098720,0.43208333333333337
2015-02-19 00:00:00 UTC,393,-2,224173230,3.2566666666666668
2015-02-19 00:00:00 UTC,393,-99,224355000,0.57430555555555562
2015-02-19 00:00:00 UTC,393,-2,224068290,3.0388888888888888
2015-02-19 00:00:00 UTC,393,80,247150290,1.207222222222222
2015-02-19 00:00:00 UTC,393,-2,224167130,4.4080555555555554
2015-02-19 00:00:00 UTC,393,-217,204268000,17.50277777777778
2015-02-19 00:00:00 UTC,393,27,224409830,1.4429166666666666
2015-02-19 00:00:00 UTC,393,-2,224013050,4.706666666666667
2015-02-19 00:00:00 UTC,393,-1,224013050,0.89736111111111116
2015-02-19 00:00:00 UTC,393,28,224144890,1.2822222222222222
2015-02-19 00:00:00 UTC,393,27,224144890,0.82125
2015-02-19 00:00:00 UTC,649,-245,251221000,0.62097222222222226
2015-02-19 00:00:00 UTC,649,-246,251221000,0.99180555555555561
2015-02-19 00:00:00 UTC,649,-244,251221000,0.84402777777777782
2015-02-19 00:00:00 UTC,649,-247,251221000,0.76402777777777775
2015-02-19 00:00:00 UTC,649,-139,251460110,5.4595833333333337
2015-02-19 00:00:00 UTC,649,111,257475120,2.1147222222222219
2015-02-19 00:00:00 UTC,649,112,257475120,2.0894444444444442
2015-02-19 00:00:00 UTC,649,-139,251222340,1.0779166666666669
2015-02-19 00:00:00 UTC,649,-240,251265110,1.0531944444444445
2015-02-19 00:00:00 UTC,649,-238,251265110,1.2504166666666667
2015-02-19 00:00:00 UTC,649,-237,251265110,1.0783333333333334
2015-02-19 00:00:00 UTC,649,-239,251265110,1.35625
2015-02-19 00:00:00 UTC,649,-241,251233110,0.85958333333333337
2015-02-19 00:00:00 UTC,649,-270,251211110,1.5391666666666666
2015-02-19 00:00:00 UTC,649,-245,251269000,3.1688888888888886
2015-02-19 00:00:00 UTC,649,-246,251240110,0.8191666666666666
2015-02-19 00:00:00 UTC,649,-245,251240110,1.9670833333333335
2015-02-19 00:00:00 UTC,649,-243,251197110,0.4225
2015-02-19 00:00:00 UTC,649,-244,251197110,0.42638888888888893
2015-02-19 00:00:00 UTC,649,-236,251146440,3.7631944444444443
2015-02-19 00:00:00 UTC,-375,-739,725000970,1.05
2015-02-19 00:00:00 UTC,-119,-1663,368489000,5.3016666666666667
2015-02-19 00:00:00 UTC,-119,-196,224286000,1.4519444444444445
2015-02-19 00:00:00 UTC,-119,-194,224286000,0.92486111111111124
2015-02-19 00:00:00 UTC,-119,883,432987000,1.2140277777777779
2015-02-19 00:00:00 UTC,-119,-1100,431490000,2.9258333333333333
2015-02-19 00:00:00 UTC,138,-294,224083590,0.3001388888888889
2015-02-19 00:00:00 UTC,394,24,224313360,3.9181944444444445
2015-02-19 00:00:00 UTC,394,24,224006950,8.52125
2015-02-19 00:00:00 UTC,394,260,271062055,0.75708333333333333
2015-02-19 00:00:00 UTC,394,262,271062055,0.85402777777777772
2015-02-19 00:00:00 UTC,394,261,271062055,3.3006944444444448
2015-02-19 00:00:00 UTC,394,261,271062058,7.7722222222222221
2015-02-19 00:00:00 UTC,394,23,224134470,2.6981944444444443
2015-02-19 00:00:00 UTC,394,24,224134470,0.60763888888888884
2015-02-19 00:00:00 UTC,394,-2,224027470,9.5072222222222216
2015-02-19 00:00:00 UTC,394,261,271062099,9.8352777777777778
2015-02-19 00:00:00 UTC,394,264,271002459,0.89597222222222217
2015-02-19 00:00:00 UTC,394,0,224117340,1.7181944444444444
2015-02-19 00:00:00 UTC,394,80,247151980,4.6127777777777776
2015-02-19 00:00:00 UTC,394,80,247151990,3.5758333333333328
2015-02-19 00:00:00 UTC,394,80,247152250,6.3493055555555555
2015-02-19 00:00:00 UTC,394,80,247156090,6.9154166666666672
2015-02-19 00:00:00 UTC,394,-95,263500170,1.7070833333333331
2015-02-19 00:00:00 UTC,394,23,224134540,1.6276388888888889
2015-02-19 00:00:00 UTC,394,-95,263406490,0.89152777777777781
2015-02-19 00:00:00 UTC,394,-96,263406490,0.735
2015-02-19 00:00:00 UTC,394,21,224250550,0.68597222222222221
2015-02-19 00:00:00 UTC,394,263,271072703,0.69152777777777774
2015-02-19 00:00:00 UTC,394,264,271072703,5.3737500000000011
2015-02-19 00:00:00 UTC,394,265,271072703,0.30805555555555553
2015-02-19 00:00:00 UTC,650,-244,251221000,1.4629166666666664
2015-02-19 00:00:00 UTC,650,-139,251460110,0.32444444444444442
2015-02-19 00:00:00 UTC,650,-243,251447110,0.21541666666666665
2015-02-19 00:00:00 UTC,650,-242,251447110,0.65374999999999994
2015-02-19 00:00:00 UTC,650,-246,251167110,2.16
2015-02-19 00:00:00 UTC,650,-247,251167110,0.31638888888888889
2015-02-19 00:00:00 UTC,650,-245,251167110,2.8594444444444447
2015-02-19 00:00:00 UTC,650,-241,251347110,0.81805555555555554
2015-02-19 00:00:00 UTC,650,-240,251347110,4.8051388888888891
2015-02-19 00:00:00 UTC,650,-239,251347110,0.21069444444444446
2015-02-19 00:00:00 UTC,650,-246,251240110,0.15722222222222221
2015-02-19 00:00:00 UTC,650,-244,251240110,3.837361111111111
2015-02-19 00:00:00 UTC,650,-245,251240110,1.4416666666666667
2015-02-19 00:00:00 UTC,650,-244,251197110,1.4568055555555557
2015-02-19 00:00:00 UTC,650,-245,251197110,0.20986111111111111
2015-02-19 00:00:00 UTC,650,-236,251146440,1.747638888888889
2015-02-19 00:00:00 UTC,-374,-738,725000970,0.85125
2015-02-19 00:00:00 UTC,-374,-739,725000970,1.2127777777777777
2015-02-19 00:00:00 UTC,-118,-1662,368489000,5.3137500000000006
2015-02-19 00:00:00 UTC,-118,-196,224286000,0.7
2015-02-19 00:00:00 UTC,-118,-194,224286000,0.87874999999999992
2015-02-19 00:00:00 UTC,-118,883,432987000,1.0777777777777777
2015-02-19 00:00:00 UTC,-118,-1100,431490000,0.15680555555555556
2015-02-19 00:00:00 UTC,-118,-1122,432374000,0.69763888888888892
2015-02-19 00:00:00 UTC,395,171,247132480,0.84319444444444447
2015-02-19 00:00:00 UTC,395,170,247132480,5.4870833333333326
2015-02-19 00:00:00 UTC,395,169,247132480,1.7219444444444441
2015-02-19 00:00:00 UTC,395,169,247133520,0.93027777777777787
2015-02-19 00:00:00 UTC,395,168,247133520,2.2136111111111112
2015-02-19 00:00:00 UTC,395,265,271002459,1.3961111111111111
2015-02-19 00:00:00 UTC,395,264,271002459,7.1476388888888893
2015-02-19 00:00:00 UTC,395,-3,224092830,7.7716666666666665
2015-02-19 00:00:00 UTC,395,-2,224092830,6.4365277777777781
2015-02-19 00:00:00 UTC,395,-2,224167590,4.0626388888888894
2015-02-19 00:00:00 UTC,395,-3,224167590,2.3805555555555555
2015-02-19 00:00:00 UTC,395,265,271072703,9.115
2015-02-19 00:00:00 UTC,395,171,247130060,2.012777777777778
2015-02-19 00:00:00 UTC,395,170,247130060,4.7356944444444435
2015-02-19 00:00:00 UTC,395,169,247130060,1.9094444444444445
2015-02-19 00:00:00 UTC,651,-245,251221000,1.2488888888888887
2015-02-19 00:00:00 UTC,651,-248,251221000,1.0834722222222222
2015-02-19 00:00:00 UTC,651,-244,251221000,0.21083333333333332
2015-02-19 00:00:00 UTC,651,-246,251221000,0.42624999999999996
2015-02-19 00:00:00 UTC,651,-247,251221000,0.6069444444444444
2015-02-19 00:00:00 UTC,651,-242,251331110,0.53333333333333333
2015-02-19 00:00:00 UTC,651,-240,251331110,0.41791666666666666
2015-02-19 00:00:00 UTC,651,-243,251331110,0.82763888888888881
2015-02-19 00:00:00 UTC,651,-241,251331110,0.69847222222222216
2015-02-19 00:00:00 UTC,651,-243,251447110,6.2130555555555551
2015-02-19 00:00:00 UTC,651,-244,251447110,6.3859722222222217
2015-02-19 00:00:00 UTC,651,-245,251447110,0.21541666666666665
2015-02-19 00:00:00 UTC,651,-242,251447110,2.2852777777777775
2015-02-19 00:00:00 UTC,651,-240,251307110,1.08875
2015-02-19 00:00:00 UTC,651,-239,251307110,3.3843055555555552
2015-02-19 00:00:00 UTC,651,-238,251307110,3.7615277777777787
2015-02-19 00:00:00 UTC,651,-237,251307110,0.20833333333333331
2015-02-19 00:00:00 UTC,651,-246,251377000,1.9533333333333331
2015-02-19 00:00:00 UTC,651,-248,251377000,3.1281944444444449
2015-02-19 00:00:00 UTC,651,-247,251377000,2.9661111111111111
2015-02-19 00:00:00 UTC,651,-249,251377000,0.21652777777777776
2015-02-19 00:00:00 UTC,651,-245,251377000,1.7583333333333333
2015-02-19 00:00:00 UTC,651,-247,251269000,0.20875
2015-02-19 00:00:00 UTC,651,-240,251347110,1.4587499999999998
2015-02-19 00:00:00 UTC,651,-239,251347110,0.65055555555555555
2015-02-19 00:00:00 UTC,651,-248,251240110,0.80694444444444435
2015-02-19 00:00:00 UTC,651,-247,251240110,2.1461111111111117
2015-02-19 00:00:00 UTC,651,-243,251203000,0.60555555555555562
2015-02-19 00:00:00 UTC,651,-136,251505640,1.1036111111111111
2015-02-19 00:00:00 UTC,-373,-738,725000970,1.5836111111111109
2015-02-19 00:00:00 UTC,-117,-194,224286000,0.14444444444444443
2015-02-19 00:00:00 UTC,-117,883,432987000,1.3709722222222225
2015-02-19 00:00:00 UTC,-117,-1100,431490000,0.50180555555555562
2015-02-19 00:00:00 UTC,-117,-1122,432374000,1.8759722222222224
2015-02-19 00:00:00 UTC,396,20,224094480,0.5691666666666666
2015-02-19 00:00:00 UTC,396,-200,224016930,4.7245833333333334
2015-02-19 00:00:00 UTC,396,169,247132480,2.1866666666666665
2015-02-19 00:00:00 UTC,396,21,224066890,0.28763888888888889
2015-02-19 00:00:00 UTC,396,20,224066890,0.28694444444444445
2015-02-19 00:00:00 UTC,396,168,247133520,0.50583333333333336
2015-02-19 00:00:00 UTC,396,81,247151990,6.100138888888889
2015-02-19 00:00:00 UTC,396,83,247150210,0.36069444444444443
2015-02-19 00:00:00 UTC,396,21,224004530,0.21402777777777776
2015-02-19 00:00:00 UTC,396,20,224125630,1.3226388888888887
2015-02-19 00:00:00 UTC,396,21,224125630,0.32777777777777778
2015-02-19 00:00:00 UTC,396,-97,255512000,1.3268055555555556
2015-02-19 00:00:00 UTC,396,-98,255512000,0.92361111111111116
2015-02-19 00:00:00 UTC,396,230,240440000,2.4593055555555554
2015-02-19 00:00:00 UTC,396,169,247130060,1.9863888888888892
2015-02-19 00:00:00 UTC,396,83,247150290,1.1440277777777776
2015-02-19 00:00:00 UTC,652,-247,251221000,2.4269444444444446
2015-02-19 00:00:00 UTC,652,-248,251221000,5.2769444444444433
2015-02-19 00:00:00 UTC,652,-246,251221000,0.82111111111111112
2015-02-19 00:00:00 UTC,652,-245,251221000,0.21375
2015-02-19 00:00:00 UTC,652,-249,251221000,1.4004166666666666
2015-02-19 00:00:00 UTC,652,-245,251298110,1.6284722222222223
2015-02-19 00:00:00 UTC,652,-247,251287110,5.8033333333333328
2015-02-19 00:00:00 UTC,652,-248,251287110,0.3
2015-02-19 00:00:00 UTC,652,-245,251287110,0.20722222222222222
2015-02-19 00:00:00 UTC,652,-246,251287110,3.3801388888888888
2015-02-19 00:00:00 UTC,652,-245,251447110,3.0777777777777779
2015-02-19 00:00:00 UTC,652,-246,251447110,1.4693055555555556
2015-02-19 00:00:00 UTC,652,-248,251453000,4.165
2015-02-19 00:00:00 UTC,652,-244,251167110,7.0059722222222227
2015-02-19 00:00:00 UTC,652,-245,251167110,3.565833333333333
2015-02-19 00:00:00 UTC,652,-243,251167110,5.2568055555555562
2015-02-19 00:00:00 UTC,652,-246,251269000,2.5868055555555554
2015-02-19 00:00:00 UTC,652,-248,251269000,4.9095833333333339
2015-02-19 00:00:00 UTC,652,-249,251269000,0.21444444444444444
2015-02-19 00:00:00 UTC,652,-247,251269000,4.8365277777777775
2015-02-19 00:00:00 UTC,652,-245,251240110,0.2975
2015-02-19 00:00:00 UTC,652,-248,251240110,2.8233333333333333
2015-02-19 00:00:00 UTC,652,-246,251240110,2.8776388888888884
2015-02-19 00:00:00 UTC,652,-247,251240110,5.3654166666666674
2015-02-19 00:00:00 UTC,-372,1503,503660600,3.7688888888888887
2015-02-19 00:00:00 UTC,-116,884,432987000,0.36319444444444449
2015-02-19 00:00:00 UTC,-116,883,432987000,0.68722222222222218
2015-02-19 00:00:00 UTC,-116,-1100,431490000,0.54138888888888892
2015-02-19 00:00:00 UTC,-116,-1122,432374000,1.7919444444444443
2015-02-19 00:00:00 UTC,141,-1218,413691220,11.686527777777776
2015-02-19 00:00:00 UTC,397,83,247152140,1.6441666666666666
2015-02-19 00:00:00 UTC,397,22,224094480,1.8626388888888887
2015-02-19 00:00:00 UTC,397,23,224094480,0.4175
2015-02-19 00:00:00 UTC,397,21,224094480,2.3029166666666669
2015-02-19 00:00:00 UTC,397,-95,204255000,0.22472222222222221
2015-02-19 00:00:00 UTC,397,-94,204255000,0.25
2015-02-19 00:00:00 UTC,397,-92,263325000,5.397222222222223
2015-02-19 00:00:00 UTC,397,23,224066890,0.78722222222222227
2015-02-19 00:00:00 UTC,397,22,224066890,1.8533333333333333
2015-02-19 00:00:00 UTC,397,21,224066890,1.7870833333333331
2015-02-19 00:00:00 UTC,397,82,247150210,0.80583333333333329
2015-02-19 00:00:00 UTC,397,21,224068490,1.8218055555555555
2015-02-19 00:00:00 UTC,397,22,224068490,1.8580555555555553
2015-02-19 00:00:00 UTC,397,23,224068490,0.81555555555555559
2015-02-19 00:00:00 UTC,397,178,247120030,3.8927777777777774
2015-02-19 00:00:00 UTC,397,177,247120030,1.0915277777777779
2015-02-19 00:00:00 UTC,397,22,224004530,1.8931944444444444
2015-02-19 00:00:00 UTC,397,23,224004530,0.61527777777777781
2015-02-19 00:00:00 UTC,397,21,224004530,1.0306944444444444
2015-02-19 00:00:00 UTC,397,98,247151030,5.2284722222222229
2015-02-19 00:00:00 UTC,397,97,247151030,7.1022222222222222
2015-02-19 00:00:00 UTC,397,-96,224355000,0.55041666666666678
2015-02-19 00:00:00 UTC,397,21,224125630,1.9695833333333332
2015-02-19 00:00:00 UTC,397,23,224125630,0.625
2015-02-19 00:00:00 UTC,397,22,224125630,1.8536111111111109
2015-02-19 00:00:00 UTC,397,-97,255512000,0.90013888888888882
2015-02-19 00:00:00 UTC,397,-98,255512000,0.65055555555555555
2015-02-19 00:00:00 UTC,397,230,240440000,1.4480555555555554
2015-02-19 00:00:00 UTC,397,229,240440000,0.41194444444444445
2015-02-19 00:00:00 UTC,397,83,247150290,1.6944444444444442
2015-02-19 00:00:00 UTC,397,24,224075480,0.85166666666666668
2015-02-19 00:00:00 UTC,653,-249,251221000,0.49291666666666667
2015-02-19 00:00:00 UTC,653,-243,251298110,3.2009722222222226
2015-02-19 00:00:00 UTC,653,-244,251298110,6.8559722222222232
2015-02-19 00:00:00 UTC,653,-246,251298110,3.2498611111111106
2015-02-19 00:00:00 UTC,653,-245,251298110,5.4858333333333338
2015-02-19 00:00:00 UTC,653,-251,251453000,0.945138888888889
2015-02-19 00:00:00 UTC,653,-252,251453000,4.7834722222222226
2015-02-19 00:00:00 UTC,653,-249,251453000,1.1726388888888888
2015-02-19 00:00:00 UTC,653,-250,251453000,1.4765277777777777
2015-02-19 00:00:00 UTC,-371,1503,503660600,0.68305555555555553
2015-02-19 00:00:00 UTC,-371,-544,770576080,10.863472222222223
2015-02-19 00:00:00 UTC,-115,-194,224286000,0.22902777777777777
2015-02-19 00:00:00 UTC,-115,-195,224286000,0.8931944444444444
2015-02-19 00:00:00 UTC,-115,884,432987000,1.4398611111111108
2015-02-19 00:00:00 UTC,-115,-1101,431490000,3.6541666666666668
2015-02-19 00:00:00 UTC,-115,-1100,431490000,0.53888888888888875
2015-02-19 00:00:00 UTC,-115,-1122,432374000,1.6486111111111112
2015-02-19 00:00:00 UTC,398,-91,263401740,4.1
2015-02-19 00:00:00 UTC,398,85,247152140,0.20263888888888887
2015-02-19 00:00:00 UTC,398,83,247152140,0.22458333333333333
2015-02-19 00:00:00 UTC,398,84,247152140,0.41125
2015-02-19 00:00:00 UTC,398,24,224094480,2.0577777777777775
2015-02-19 00:00:00 UTC,398,23,224094480,1.2158333333333333
2015-02-19 00:00:00 UTC,398,-95,204255000,0.85
2015-02-19 00:00:00 UTC,398,-97,204255000,3.1497222222222221
2015-02-19 00:00:00 UTC,398,-96,204255000,0.22472222222222221
2015-02-19 00:00:00 UTC,398,-98,204255000,0.27513888888888888
2015-02-19 00:00:00 UTC,398,-96,225353000,2.1515277777777779
2015-02-19 00:00:00 UTC,398,233,240105000,18.494722222222222
2015-02-19 00:00:00 UTC,398,97,247151671,0.93333333333333346
2015-02-19 00:00:00 UTC,398,-92,263325000,2.3755555555555556
2015-02-19 00:00:00 UTC,398,23,224066890,1.0636111111111111
2015-02-19 00:00:00 UTC,398,24,224066890,1.8606944444444442
2015-02-19 00:00:00 UTC,398,-98,263414860,4.5516666666666667
2015-02-19 00:00:00 UTC,398,33,224005220,4.0940277777777769
2015-02-19 00:00:00 UTC,398,24,224068490,1.8930555555555555
2015-02-19 00:00:00 UTC,398,23,224068490,0.81833333333333336
2015-02-19 00:00:00 UTC,398,177,247120030,18.417361111111109
2015-02-19 00:00:00 UTC,398,23,224004530,1.2458333333333331
2015-02-19 00:00:00 UTC,398,24,224004530,1.8484722222222225
2015-02-19 00:00:00 UTC,398,25,224004530,1.048888888888889
2015-02-19 00:00:00 UTC,398,98,247151030,3.2527777777777778
2015-02-19 00:00:00 UTC,398,-96,224355000,2.2043055555555555
2015-02-19 00:00:00 UTC,398,23,224125630,1.0397222222222222
2015-02-19 00:00:00 UTC,398,24,224125630,1.2288888888888887
2015-02-19 00:00:00 UTC,398,229,240440000,0.41180555555555554
2015-02-19 00:00:00 UTC,398,230,240440000,1.6634722222222222
2015-02-19 00:00:00 UTC,654,-304,211373830,4.5991666666666662
2015-02-19 00:00:00 UTC,654,-303,211373830,3.3247222222222224
2015-02-19 00:00:00 UTC,654,-301,211373830,1.4930555555555556
2015-02-19 00:00:00 UTC,654,-306,211373830,1.5166666666666666
2015-02-19 00:00:00 UTC,654,-302,211373830,4.3618055555555548
2015-02-19 00:00:00 UTC,654,-305,211373830,1.8745833333333333
2015-02-19 00:00:00 UTC,654,-308,211373830,1.5334722222222221
2015-02-19 00:00:00 UTC,654,-253,251453000,0.21222222222222223
2015-02-19 00:00:00 UTC,654,-251,251453000,0.21375
2015-02-19 00:00:00 UTC,654,-250,251453000,1.8019444444444446
2015-02-19 00:00:00 UTC,654,-252,251453000,4.5195833333333333
2015-02-19 00:00:00 UTC,654,-305,211207270,6.2330555555555556
2015-02-19 00:00:00 UTC,-370,-738,725005100,2.7347222222222221
2015-02-19 00:00:00 UTC,-370,-542,770576080,7.1854166666666668
2015-02-19 00:00:00 UTC,-370,-543,770576080,5.2816666666666672
2015-02-19 00:00:00 UTC,-114,1584,416003074,12.454444444444444
2015-02-19 00:00:00 UTC,-114,1585,416003074,5.8256944444444452
2015-02-19 00:00:00 UTC,-114,-1064,431602530,3.2291666666666665
2015-02-19 00:00:00 UTC,-114,645,416002659,0.91236111111111118
2015-02-19 00:00:00 UTC,-114,885,432987000,2.7456944444444442
2015-02-19 00:00:00 UTC,-114,884,432987000,2.4818055555555554
2015-02-19 00:00:00 UTC,-114,642,416002447,11.58875
2015-02-19 00:00:00 UTC,-114,-1139,432461000,0.37374999999999997
2015-02-19 00:00:00 UTC,-114,-1101,431490000,1.4975
2015-02-19 00:00:00 UTC,-114,-1100,431490000,0.58347222222222217
2015-02-19 00:00:00 UTC,143,-216,224153130,2.0629166666666667
2015-02-19 00:00:00 UTC,143,-215,224153130,1.3983333333333334
2015-02-19 00:00:00 UTC,143,-217,224153130,3.7520833333333332
2015-02-19 00:00:00 UTC,143,-221,224452000,4.83388888888889
2015-02-19 00:00:00 UTC,143,-224,224452000,0.81125
2015-02-19 00:00:00 UTC,399,-97,204255000,16.326388888888886
2015-02-19 00:00:00 UTC,399,-98,204255000,0.225
2015-02-19 00:00:00 UTC,399,-96,225353000,2.1261111111111113
2015-02-19 00:00:00 UTC,399,97,247151671,0.87958333333333338
2015-02-19 00:00:00 UTC,399,238,237299000,1.2986111111111112
2015-02-19 00:00:00 UTC,399,237,237299000,0.768888888888889
2015-02-19 00:00:00 UTC,399,-224,263405380,0.9125
2015-02-19 00:00:00 UTC,399,-226,263405380,0.59458333333333324
2015-02-19 00:00:00 UTC,399,-225,263405380,0.52638888888888891
2015-02-19 00:00:00 UTC,399,-99,204285000,2.5997222222222223
2015-02-19 00:00:00 UTC,399,-98,204285000,0.22513888888888889
2015-02-19 00:00:00 UTC,399,98,247082830,2.3848611111111113
2015-02-19 00:00:00 UTC,399,34,224005220,2.1559722222222222
2015-02-19 00:00:00 UTC,399,33,224005220,0.41152777777777777
2015-02-19 00:00:00 UTC,399,-96,224355000,1.24875
2015-02-19 00:00:00 UTC,399,-97,224355000,1.1763888888888889
2015-02-19 00:00:00 UTC,399,229,240440000,1.470277777777778
2015-02-19 00:00:00 UTC,399,227,240440000,2.3929166666666664
2015-02-19 00:00:00 UTC,399,230,240440000,1.0612499999999998
2015-02-19 00:00:00 UTC,399,228,240440000,1.4294444444444445
2015-02-19 00:00:00 UTC,399,98,247133170,1.3058333333333336
2015-02-19 00:00:00 UTC,655,-309,211373830,3.0602777777777774
2015-02-19 00:00:00 UTC,655,-279,251464000,0.52222222222222214
2015-02-19 00:00:00 UTC,655,-280,251464000,4.8954166666666667
2015-02-19 00:00:00 UTC,655,-251,251453000,1.8479166666666667
2015-02-19 00:00:00 UTC,655,-302,211207270,1.5468055555555555
2015-02-19 00:00:00 UTC,655,-303,211207270,2.3138888888888891
2015-02-19 00:00:00 UTC,-369,-738,725005100,1.2648611111111112
2015-02-19 00:00:00 UTC,-369,1736,512000089,0.35875
2015-02-19 00:00:00 UTC,-113,-1064,431602530,1.249722222222222
2015-02-19 00:00:00 UTC,-113,645,416002659,6.6416666666666666
2015-02-19 00:00:00 UTC,-113,878,432282000,3.9444444444444446
2015-02-19 00:00:00 UTC,-113,-1135,432461000,1.4523611111111112
2015-02-19 00:00:00 UTC,-113,-1139,432461000,0.67472222222222222
2015-02-19 00:00:00 UTC,-113,-1100,431490000,0.58194444444444449
2015-02-19 00:00:00 UTC,-113,-1101,431490000,0.88916666666666666
2015-02-19 00:00:00 UTC,-113,-1122,432374000,3.6999999999999997
2015-02-19 00:00:00 UTC,144,-214,224153130,1.6794444444444445
2015-02-19 00:00:00 UTC,144,-223,224452000,0.32444444444444442
2015-02-19 00:00:00 UTC,144,-221,224452000,0.4625
2015-02-19 00:00:00 UTC,144,-220,224452000,0.73055555555555562
2015-02-19 00:00:00 UTC,144,-224,224452000,3.5031944444444441
2015-02-19 00:00:00 UTC,144,1497,416217800,2.8895833333333334
2015-02-19 00:00:00 UTC,144,1498,416217800,3.3152777777777773
2015-02-19 00:00:00 UTC,400,80,247152130,9.3523611111111116
2015-02-19 00:00:00 UTC,400,-208,224016930,7.162638888888889
2015-02-19 00:00:00 UTC,400,-96,225353000,0.575
2015-02-19 00:00:00 UTC,400,236,237299000,5.7045833333333338
2015-02-19 00:00:00 UTC,400,237,237299000,0.93125
2015-02-19 00:00:00 UTC,400,-217,263405380,6.9613888888888891
2015-02-19 00:00:00 UTC,400,-224,263405380,0.38055555555555554
2015-02-19 00:00:00 UTC,400,-226,263405380,6.7320833333333328
2015-02-19 00:00:00 UTC,400,-225,263405380,0.7745833333333334
2015-02-19 00:00:00 UTC,400,-223,263405380,7.4018055555555557
2015-02-19 00:00:00 UTC,400,227,237245000,4.514444444444444
2015-02-19 00:00:00 UTC,400,-99,204285000,1.1004166666666668
2015-02-19 00:00:00 UTC,400,97,247082830,0.847361111111111
2015-02-19 00:00:00 UTC,400,98,247082830,1.7048611111111109
2015-02-19 00:00:00 UTC,400,226,237287000,4.094444444444445
2015-02-19 00:00:00 UTC,400,236,237295000,2.9791666666666665
2015-02-19 00:00:00 UTC,400,235,240131000,6.6708333333333325
2015-02-19 00:00:00 UTC,400,-95,224355000,3.5484722222222222
2015-02-19 00:00:00 UTC,400,-96,224355000,1.725
2015-02-19 00:00:00 UTC,400,-727,367494840,3.9136111111111109
2015-02-19 00:00:00 UTC,400,227,240440000,0.42541666666666667
2015-02-19 00:00:00 UTC,400,226,240440000,2.0918055555555557
2015-02-19 00:00:00 UTC,400,226,237399000,3.342916666666667
2015-02-19 00:00:00 UTC,400,235,237900000,7.6854166666666668
2015-02-19 00:00:00 UTC,400,236,237900000,1.9555555555555557
2015-02-19 00:00:00 UTC,400,97,247133170,0.85083333333333333
2015-02-19 00:00:00 UTC,400,98,247133170,2.5948611111111113
2015-02-19 00:00:00 UTC,656,-279,251464000,0.33361111111111108
2015-02-19 00:00:00 UTC,656,-278,251464000,1.7252777777777777
2015-02-19 00:00:00 UTC,656,-277,251464000,1.96875
2015-02-19 00:00:00 UTC,656,-251,251453000,1.4997222222222222
2015-02-19 00:00:00 UTC,-368,-732,725000460,0.86944444444444446
2015-02-19 00:00:00 UTC,-112,-1,432276000,0.2
2015-02-19 00:00:00 UTC,-112,0,432276000,0.20444444444444443
2015-02-19 00:00:00 UTC,-112,-1063,431602530,3.2690277777777781
2015-02-19 00:00:00 UTC,-112,12,431750000,3.4445833333333336
2015-02-19 00:00:00 UTC,-112,15,431750000,1.0073611111111112
2015-02-19 00:00:00 UTC,-112,13,431750000,1.2955555555555556
2015-02-19 00:00:00 UTC,-112,14,431750000,1.2030555555555555
2015-02-19 00:00:00 UTC,-112,16,431750000,4.6395833333333325
2015-02-19 00:00:00 UTC,-112,17,431750000,1.7715277777777778
2015-02-19 00:00:00 UTC,-112,878,432282000,1.8334722222222222
2015-02-19 00:00:00 UTC,-112,-1135,432461000,1.7158333333333335
2015-02-19 00:00:00 UTC,-112,-1139,432461000,0.62208333333333332
2015-02-19 00:00:00 UTC,-112,-1100,431490000,0.36125
2015-02-19 00:00:00 UTC,-112,-1101,431490000,1.5672222222222221
2015-02-19 00:00:00 UTC,145,-214,224153130,3.0343055555555556
2015-02-19 00:00:00 UTC,145,-220,224452000,1.5248611111111112
2015-02-19 00:00:00 UTC,145,1497,416217800,2.0147222222222223
2015-02-19 00:00:00 UTC,145,1498,416217800,0.87486111111111109
2015-02-19 00:00:00 UTC,401,233,237312000,0.10291666666666667
2015-02-19 00:00:00 UTC,401,232,237151000,2.2744444444444447
2015-02-19 00:00:00 UTC,401,231,237151000,0.40597222222222218
2015-02-19 00:00:00 UTC,401,232,237662000,1.912222222222222
2015-02-19 00:00:00 UTC,401,230,237662000,0.84194444444444438
2015-02-19 00:00:00 UTC,401,231,237662000,3.1618055555555564
2015-02-19 00:00:00 UTC,401,231,237299000,1.4597222222222221
2015-02-19 00:00:00 UTC,401,232,237299000,6.2186111111111124
2015-02-19 00:00:00 UTC,401,230,237299000,1.0280555555555555
2015-02-19 00:00:00 UTC,401,80,247100480,5.4487499999999995
2015-02-19 00:00:00 UTC,401,83,247100480,0.79986111111111113
2015-02-19 00:00:00 UTC,401,84,247100480,0.28083333333333332
2015-02-19 00:00:00 UTC,401,230,237245000,0.22055555555555556
2015-02-19 00:00:00 UTC,401,229,237245000,1.4572222222222222
2015-02-19 00:00:00 UTC,401,228,237245000,1.4930555555555558
2015-02-19 00:00:00 UTC,401,226,237245000,1.6636111111111109
2015-02-19 00:00:00 UTC,401,227,237245000,5.146805555555555
2015-02-19 00:00:00 UTC,401,97,247300170,9.9902777777777789
2015-02-19 00:00:00 UTC,401,98,247300170,0.20986111111111111
2015-02-19 00:00:00 UTC,401,96,247082830,1.2815277777777778
2015-02-19 00:00:00 UTC,401,97,247082830,3.2165277777777774
2015-02-19 00:00:00 UTC,401,227,237287000,1.4473611111111109
2015-02-19 00:00:00 UTC,401,226,237287000,2.5044444444444447
2015-02-19 00:00:00 UTC,401,232,240337000,0.7566666666666666
2015-02-19 00:00:00 UTC,401,-740,367526270,0.2738888888888889
2015-02-19 00:00:00 UTC,401,-730,367526270,7.0163888888888888
2015-02-19 00:00:00 UTC,401,-741,367526270,1.0708333333333333
2015-02-19 00:00:00 UTC,401,232,237221000,2.3348611111111111
2015-02-19 00:00:00 UTC,401,230,240570000,1.265
2015-02-19 00:00:00 UTC,401,234,237295000,5.3194444444444446
2015-02-19 00:00:00 UTC,401,229,237305000,0.20847222222222223
2015-02-19 00:00:00 UTC,401,228,237305000,1.4819444444444445
2015-02-19 00:00:00 UTC,401,227,237305000,2.9430555555555555
2015-02-19 00:00:00 UTC,401,235,240131000,2.0418055555555554
2015-02-19 00:00:00 UTC,401,-95,224355000,1.9245833333333335
2015-02-19 00:00:00 UTC,401,-727,367494840,3.8293055555555551
2015-02-19 00:00:00 UTC,401,227,240440000,1.4499999999999997
2015-02-19 00:00:00 UTC,401,226,240440000,1.6388888888888888
2015-02-19 00:00:00 UTC,401,226,237399000,7.3265277777777786
2015-02-19 00:00:00 UTC,401,232,237164000,2.5434722222222219
2015-02-19 00:00:00 UTC,401,231,237164000,3.1497222222222221
2015-02-19 00:00:00 UTC,401,234,240705000,3.6725
2015-02-19 00:00:00 UTC,401,232,240705000,0.21222222222222223
2015-02-19 00:00:00 UTC,401,236,240705000,11.251805555555556
2015-02-19 00:00:00 UTC,401,231,240705000,1.8973611111111113
2015-02-19 00:00:00 UTC,401,230,240705000,0.2097222222222222
2015-02-19 00:00:00 UTC,401,97,247133170,4.84625
2015-02-19 00:00:00 UTC,401,98,247133170,1.55625
2015-02-19 00:00:00 UTC,657,-278,251464000,2.2695833333333333
2015-02-19 00:00:00 UTC,657,-277,251464000,0.93236111111111108
2015-02-19 00:00:00 UTC,657,-280,251464000,3.8220833333333335
2015-02-19 00:00:00 UTC,657,-251,251453000,1.058472222222222
2015-02-19 00:00:00 UTC,657,-182,251775110,5.97277777777778
2015-02-19 00:00:00 UTC,-367,-736,725000199,1.3066666666666669
2015-02-19 00:00:00 UTC,-367,-736,725000460,2.8791666666666664
2015-02-19 00:00:00 UTC,-367,-736,725002560,8.7995833333333344
2015-02-19 00:00:00 UTC,-367,-737,725004500,6.2236111111111114
2015-02-19 00:00:00 UTC,-111,-1,432276000,4.8023611111111117
2015-02-19 00:00:00 UTC,-111,13,431750000,3.4620833333333332
2015-02-19 00:00:00 UTC,-111,17,431750000,0.16263888888888889
2015-02-19 00:00:00 UTC,-111,16,431750000,4.4180555555555561
2015-02-19 00:00:00 UTC,-111,603,660002700,11.375138888888891
2015-02-19 00:00:00 UTC,-111,602,660002700,2.6774999999999998
2015-02-19 00:00:00 UTC,-111,1570,416234900,3.5120833333333334
2015-02-19 00:00:00 UTC,-111,6,431864000,7.0304166666666665
2015-02-19 00:00:00 UTC,-111,-1139,432461000,0.60722222222222222
2015-02-19 00:00:00 UTC,-111,-1135,432461000,1.4956944444444442
2015-02-19 00:00:00 UTC,-111,-1101,431490000,1.5891666666666666
2015-02-19 00:00:00 UTC,-111,-1122,432374000,3.5829166666666667
2015-02-19 00:00:00 UTC,146,-289,224106130,4.8808333333333334
2015-02-19 00:00:00 UTC,146,1497,416217800,2.8586111111111112
2015-02-19 00:00:00 UTC,146,1498,416217800,0.67930555555555561
2015-02-19 00:00:00 UTC,402,231,237248000,1.4743055555555555
2015-02-19 00:00:00 UTC,402,229,237248000,1.7584722222222222
2015-02-19 00:00:00 UTC,402,230,237248000,2.0843055555555554
2015-02-19 00:00:00 UTC,402,228,237248000,1.0593055555555555
2015-02-19 00:00:00 UTC,402,226,239050000,1.3786111111111112
2015-02-19 00:00:00 UTC,402,229,237151000,1.2383333333333331
2015-02-19 00:00:00 UTC,402,232,237151000,0.61125000000000007
2015-02-19 00:00:00 UTC,402,227,237151000,1.03875
2015-02-19 00:00:00 UTC,402,231,237151000,6.1852777777777783
2015-02-19 00:00:00 UTC,402,226,237151000,0.41652777777777777
2015-02-19 00:00:00 UTC,402,230,237151000,5.43375
2015-02-19 00:00:00 UTC,402,230,237662000,2.9263888888888885
2015-02-19 00:00:00 UTC,402,227,237662000,1.8733333333333331
2015-02-19 00:00:00 UTC,402,229,237662000,2.2955555555555556
2015-02-19 00:00:00 UTC,402,228,237662000,2.0541666666666663
2015-02-19 00:00:00 UTC,402,231,237662000,2.0577777777777779
2015-02-19 00:00:00 UTC,402,82,247100480,5.4088888888888889
2015-02-19 00:00:00 UTC,402,83,247100480,1.3081944444444444
2015-02-19 00:00:00 UTC,402,227,237245000,1.5790277777777777
2015-02-19 00:00:00 UTC,402,228,237245000,0.85111111111111115
2015-02-19 00:00:00 UTC,402,97,247300170,0.21652777777777776
2015-02-19 00:00:00 UTC,402,96,247082830,0.63930555555555557
2015-02-19 00:00:00 UTC,402,97,247082830,0.20555555555555555
2015-02-19 00:00:00 UTC,402,228,237287000,1.9208333333333332
2015-02-19 00:00:00 UTC,402,227,237287000,4.812777777777776
2015-02-19 00:00:00 UTC,402,226,237287000,4.7304166666666667
2015-02-19 00:00:00 UTC,402,229,237180000,1.4474999999999998
2015-02-19 00:00:00 UTC,402,230,237180000,1.4709722222222219
2015-02-19 00:00:00 UTC,402,228,237180000,1.0566666666666666
2015-02-19 00:00:00 UTC,402,228,240337000,1.8611111111111112
2015-02-19 00:00:00 UTC,402,231,240337000,2.7281944444444446
2015-02-19 00:00:00 UTC,402,227,240337000,0.61791666666666667
2015-02-19 00:00:00 UTC,402,232,240337000,0.62625
2015-02-19 00:00:00 UTC,402,230,237190000,0.645
2015-02-19 00:00:00 UTC,402,229,237190000,0.23347222222222222
2015-02-19 00:00:00 UTC,402,229,237221000,0.8502777777777778
2015-02-19 00:00:00 UTC,402,232,237221000,0.62208333333333332
2015-02-19 00:00:00 UTC,402,231,237221000,3.2029166666666669
2015-02-19 00:00:00 UTC,402,230,237221000,2.3831944444444444
2015-02-19 00:00:00 UTC,402,226,237178000,0.61041666666666661
2015-02-19 00:00:00 UTC,402,227,237178000,2.8759722222222228
2015-02-19 00:00:00 UTC,402,232,240164000,0.90569444444444447
2015-02-19 00:00:00 UTC,402,229,237241000,0.65916666666666668
2015-02-19 00:00:00 UTC,402,230,237241000,1.5886111111111112
2015-02-19 00:00:00 UTC,402,234,240131000,4.8456944444444456
2015-02-19 00:00:00 UTC,402,233,240131000,0.6594444444444445
2015-02-19 00:00:00 UTC,402,235,240131000,0.2348611111111111
2015-02-19 00:00:00 UTC,402,-95,224355000,2.0765277777777778
2015-02-19 00:00:00 UTC,402,-96,224355000,0.30083333333333334
2015-02-19 00:00:00 UTC,402,-727,367494840,4.3734722222222215
2015-02-19 00:00:00 UTC,402,228,237880000,1.4570833333333335
2015-02-19 00:00:00 UTC,402,227,237880000,0.6166666666666667
2015-02-19 00:00:00 UTC,402,229,237880000,0.62763888888888886
2015-02-19 00:00:00 UTC,402,227,240440000,0.20263888888888887
2015-02-19 00:00:00 UTC,402,228,240440000,2.0483333333333333
2015-02-19 00:00:00 UTC,402,227,237346000,1.9456944444444444
2015-02-19 00:00:00 UTC,402,229,237346000,0.87374999999999992
2015-02-19 00:00:00 UTC,402,232,237346000,1.2512499999999998
2015-02-19 00:00:00 UTC,402,231,237346000,1.9084722222222219
2015-02-19 00:00:00 UTC,402,230,237346000,1.5134722222222221
2015-02-19 00:00:00 UTC,402,227,237399000,5.3030555555555559
2015-02-19 00:00:00 UTC,402,228,237399000,0.20819444444444446
2015-02-19 00:00:00 UTC,402,230,237164000,3.9554166666666672
2015-02-19 00:00:00 UTC,402,232,237164000,0.60708333333333342
2015-02-19 00:00:00 UTC,402,227,237164000,1.6373611111111108
2015-02-19 00:00:00 UTC,402,231,237164000,4.1508333333333338
2015-02-19 00:00:00 UTC,402,229,237164000,1.2408333333333332
2015-02-19 00:00:00 UTC,402,24,224112370,0.605
2015-02-19 00:00:00 UTC,402,231,237291000,2.0995833333333334
2015-02-19 00:00:00 UTC,402,228,237291000,0.82458333333333322
2015-02-19 00:00:00 UTC,402,229,237291000,1.467222222222222
2015-02-19 00:00:00 UTC,402,230,237291000,2.7051388888888894
2015-02-19 00:00:00 UTC,402,-267,263408380,0.33597222222222223
2015-02-19 00:00:00 UTC,658,-277,251464000,5.2777777777777777
2015-02-19 00:00:00 UTC,658,-247,251351110,0.20444444444444443
2015-02-19 00:00:00 UTC,658,-248,251351110,0.27874999999999994
2015-02-19 00:00:00 UTC,658,-306,276806000,2.1154166666666665
2015-02-19 00:00:00 UTC,658,-182,251775110,1.8694444444444445
2015-02-19 00:00:00 UTC,658,-308,219257000,0.94277777777777771
2015-02-19 00:00:00 UTC,658,-307,219257000,6.6595833333333339
2015-02-19 00:00:00 UTC,658,-277,251790000,1.54875
2015-02-19 00:00:00 UTC,658,-275,251790000,1.5258333333333334
2015-02-19 00:00:00 UTC,658,-276,251790000,1.51375
2015-02-19 00:00:00 UTC,658,-274,251790000,6.3002777777777776
2015-02-19 00:00:00 UTC,658,-273,251790000,1.5097222222222224
2015-02-19 00:00:00 UTC,-366,-736,725000199,0.5125
2015-02-19 00:00:00 UTC,-366,-736,725000460,1.28875
2015-02-19 00:00:00 UTC,-366,-737,725005100,6.1691666666666665
2015-02-19 00:00:00 UTC,-366,-735,725002560,0.19888888888888889
2015-02-19 00:00:00 UTC,-366,-736,725002560,1.0333333333333332
2015-02-19 00:00:00 UTC,-110,-1347,412420906,0.46249999999999997
2015-02-19 00:00:00 UTC,-110,602,660002700,5.6523611111111123
2015-02-19 00:00:00 UTC,-110,879,432282000,1.3801388888888888
2015-02-19 00:00:00 UTC,-110,-1135,432461000,1.3374999999999997
2015-02-19 00:00:00 UTC,-110,-1139,432461000,0.6544444444444445
2015-02-19 00:00:00 UTC,-110,-1101,431490000,1.9043055555555557
2015-02-19 00:00:00 UTC,-110,-1120,432374000,1.18375
2015-02-19 00:00:00 UTC,147,-214,224153130,0.52916666666666667
2015-02-19 00:00:00 UTC,147,-288,224106130,3.5059722222222218
2015-02-19 00:00:00 UTC,147,-223,224452000,3.4997222222222222
2015-02-19 00:00:00 UTC,147,-222,224452000,1.6855555555555557
2015-02-19 00:00:00 UTC,147,1498,416217800,6.5838888888888887
2015-02-19 00:00:00 UTC,147,1497,416217800,6.5737499999999995
2015-02-19 00:00:00 UTC,403,228,237248000,0.86652777777777779
2015-02-19 00:00:00 UTC,403,228,237151000,1.4454166666666668
2015-02-19 00:00:00 UTC,403,229,237151000,1.4595833333333332
2015-02-19 00:00:00 UTC,403,227,237151000,1.6544444444444446
2015-02-19 00:00:00 UTC,403,-198,224016930,3.36875
2015-02-19 00:00:00 UTC,403,229,237662000,1.287361111111111
2015-02-19 00:00:00 UTC,403,227,237662000,2.2918055555555559
2015-02-19 00:00:00 UTC,403,228,237662000,2.5015277777777776
2015-02-19 00:00:00 UTC,403,228,237245000,1.2704166666666667
2015-02-19 00:00:00 UTC,403,228,237287000,0.72444444444444445
2015-02-19 00:00:00 UTC,403,227,237287000,0.42208333333333337
2015-02-19 00:00:00 UTC,403,228,237180000,0.41263888888888889
2015-02-19 00:00:00 UTC,403,228,240337000,0.82375
2015-02-19 00:00:00 UTC,403,227,240337000,3.1638888888888896
2015-02-19 00:00:00 UTC,403,229,237190000,0.8404166666666667
2015-02-19 00:00:00 UTC,403,228,237221000,3.0805555555555562
2015-02-19 00:00:00 UTC,403,229,237221000,2.1183333333333332
2015-02-19 00:00:00 UTC,403,227,237178000,1.5273611111111112
2015-02-19 00:00:00 UTC,403,229,237178000,10.194444444444446
2015-02-19 00:00:00 UTC,403,228,237178000,2.1736111111111107
2015-02-19 00:00:00 UTC,403,-728,367306390,9.59333333333333
2015-02-19 00:00:00 UTC,403,-727,367306390,2.5969444444444445
2015-02-19 00:00:00 UTC,403,228,237241000,0.65694444444444444
2015-02-19 00:00:00 UTC,403,229,237241000,0.82347222222222216
2015-02-19 00:00:00 UTC,403,227,237305000,3.2134722222222223
2015-02-19 00:00:00 UTC,403,103,247151280,8.34
2015-02-19 00:00:00 UTC,403,-95,224355000,1.5748611111111113
2015-02-19 00:00:00 UTC,403,-96,224355000,0.27513888888888893
2015-02-19 00:00:00 UTC,403,148,247101880,1.2956944444444445
2015-02-19 00:00:00 UTC,403,147,247101880,5.6472222222222221
2015-02-19 00:00:00 UTC,403,228,240440000,0.41902777777777778
2015-02-19 00:00:00 UTC,403,229,237346000,0.86375
2015-02-19 00:00:00 UTC,403,228,237346000,0.20555555555555555
2015-02-19 00:00:00 UTC,403,227,237346000,0.43361111111111111
2015-02-19 00:00:00 UTC,403,227,237399000,0.20930555555555558
2015-02-19 00:00:00 UTC,403,228,237399000,2.3197222222222225
2015-02-19 00:00:00 UTC,403,227,237164000,1.4929166666666667
2015-02-19 00:00:00 UTC,403,228,237164000,2.6719444444444447
2015-02-19 00:00:00 UTC,403,229,237164000,1.83625
2015-02-19 00:00:00 UTC,403,24,224112370,0.40388888888888885
2015-02-19 00:00:00 UTC,403,22,224112370,0.20416666666666666
2015-02-19 00:00:00 UTC,403,23,224112370,1.2129166666666666
2015-02-19 00:00:00 UTC,403,228,237291000,1.2193055555555554
2015-02-19 00:00:00 UTC,659,-248,251351110,0.773888888888889
2015-02-19 00:00:00 UTC,659,-305,276806000,13.3225
2015-02-19 00:00:00 UTC,659,-304,276806000,1.5506944444444444
2015-02-19 00:00:00 UTC,659,-306,276806000,7.8237499999999995
2015-02-19 00:00:00 UTC,659,-305,219257000,4.5855555555555556
2015-02-19 00:00:00 UTC,659,-306,219257000,8.269166666666667
2015-02-19 00:00:00 UTC,-365,-736,725005100,1.2180555555555554
2015-02-19 00:00:00 UTC,-365,-736,725002410,5.5559722222222225
2015-02-19 00:00:00 UTC,-365,392,431714000,3.0706944444444453
2015-02-19 00:00:00 UTC,-365,393,431714000,1.3388888888888888
2015-02-19 00:00:00 UTC,-365,391,431714000,0.15888888888888889
2015-02-19 00:00:00 UTC,-109,0,432276000,0.55527777777777776
2015-02-19 00:00:00 UTC,-109,-1,432276000,1.7408333333333332
2015-02-19 00:00:00 UTC,-109,-1347,412420906,0.97902777777777783
2015-02-19 00:00:00 UTC,-109,602,660002700,3.9505555555555558
2015-02-19 00:00:00 UTC,-109,601,660002700,0.4916666666666667
2015-02-19 00:00:00 UTC,-109,879,432282000,1.6309722222222225
2015-02-19 00:00:00 UTC,-109,-56,416246700,5.1805555555555554
2015-02-19 00:00:00 UTC,-109,-1135,432461000,1.0361111111111112
2015-02-19 00:00:00 UTC,-109,-1139,432461000,0.37750000000000006
2015-02-19 00:00:00 UTC,-109,-1140,432461000,0.57347222222222216
2015-02-19 00:00:00 UTC,-109,-1102,431490000,4.0523611111111109
2015-02-19 00:00:00 UTC,-109,-1101,431490000,1.1934722222222223
2015-02-19 00:00:00 UTC,-109,-1120,432374000,0.65124999999999988
2015-02-19 00:00:00 UTC,148,-213,224153130,4.3670833333333334
2015-02-19 00:00:00 UTC,148,-288,224106130,1.6748611111111111
2015-02-19 00:00:00 UTC,148,-287,224106130,0.42013888888888884
2015-02-19 00:00:00 UTC,148,-221,224452000,2.3525
2015-02-19 00:00:00 UTC,148,-222,224452000,0.12777777777777777
2015-02-19 00:00:00 UTC,404,14,224252450,0.67222222222222228
2015-02-19 00:00:00 UTC,404,13,224252450,1.5659722222222223
2015-02-19 00:00:00 UTC,404,-96,263377000,3.350138888888889
2015-02-19 00:00:00 UTC,404,-727,367306390,3.2737499999999997
2015-02-19 00:00:00 UTC,404,-729,367306390,1.4961111111111114
2015-02-19 00:00:00 UTC,404,-730,367306390,1.893888888888889
2015-02-19 00:00:00 UTC,404,-728,367306390,3.6183333333333332
2015-02-19 00:00:00 UTC,404,103,247151280,2.1643055555555555
2015-02-19 00:00:00 UTC,404,-95,224355000,0.22569444444444445
2015-02-19 00:00:00 UTC,404,-96,224355000,1.075
2015-02-19 00:00:00 UTC,404,-728,367494840,6.8956944444444446
2015-02-19 00:00:00 UTC,404,147,247110380,7.4098611111111108
2015-02-19 00:00:00 UTC,404,27,224112370,0.20416666666666666
2015-02-19 00:00:00 UTC,404,24,224112370,0.40972222222222221
2015-02-19 00:00:00 UTC,404,25,224112370,0.81708333333333316
2015-02-19 00:00:00 UTC,404,26,224112370,1.0177777777777779
2015-02-19 00:00:00 UTC,660,126,257014640,5.4104166666666664
2015-02-19 00:00:00 UTC,660,125,257014640,0.94972222222222225
2015-02-19 00:00:00 UTC,660,-305,219257000,1.3333333333333335
2015-02-19 00:00:00 UTC,660,-304,219257000,2.2461111111111109
2015-02-19 00:00:00 UTC,-364,-736,725005100,10.47875
2015-02-19 00:00:00 UTC,-364,1505,503555500,1.7244444444444442
2015-02-19 00:00:00 UTC,-364,1372,503584700,7.3155555555555551
2015-02-19 00:00:00 UTC,-364,1374,503584700,6.869305555555556
2015-02-19 00:00:00 UTC,-364,1373,503584700,11.675138888888888
2015-02-19 00:00:00 UTC,-364,-735,725004500,3.2858333333333332
2015-02-19 00:00:00 UTC,-364,-734,725004500,0.35833333333333328
2015-02-19 00:00:00 UTC,-364,-736,725004500,9.0279166666666661
2015-02-19 00:00:00 UTC,-108,1,432276000,1.56
2015-02-19 00:00:00 UTC,-108,0,432276000,0.98416666666666663
2015-02-19 00:00:00 UTC,-108,3,432276000,2.3405555555555555
2015-02-19 00:00:00 UTC,-108,2,432276000,1.1416666666666666
2015-02-19 00:00:00 UTC,-108,1705,440820000,0.56555555555555559
2015-02-19 00:00:00 UTC,-108,1716,440820000,0.74861111111111112
2015-02-19 00:00:00 UTC,-108,1706,440820000,1.4312500000000001
2015-02-19 00:00:00 UTC,-108,-1347,412420906,4.2238888888888892
2015-02-19 00:00:00 UTC,-108,879,432282000,1.0443055555555558
2015-02-19 00:00:00 UTC,-108,-54,416246700,4.328611111111111
2015-02-19 00:00:00 UTC,-108,-51,416246700,4.30375
2015-02-19 00:00:00 UTC,-108,-1140,432461000,2.5406944444444446
2015-02-19 00:00:00 UTC,-108,-1135,432461000,2.0331944444444443
2015-02-19 00:00:00 UTC,-108,-1101,431490000,2.5468055555555558
2015-02-19 00:00:00 UTC,-108,-1120,432374000,0.548611111111111
2015-02-19 00:00:00 UTC,149,-287,224106130,2.3502777777777775
2015-02-19 00:00:00 UTC,405,-95,263405580,0.949861111111111
2015-02-19 00:00:00 UTC,405,-94,263405580,0.57583333333333342
2015-02-19 00:00:00 UTC,405,-94,224091680,0.47486111111111112
2015-02-19 00:00:00 UTC,405,147,247114040,18.235277777777778
2015-02-19 00:00:00 UTC,405,146,247114040,6.3997222222222216
2015-02-19 00:00:00 UTC,405,182,247122260,3.2373611111111114
2015-02-19 00:00:00 UTC,405,183,247122260,0.80666666666666664
2015-02-19 00:00:00 UTC,405,-94,263377000,3.5749999999999997
2015-02-19 00:00:00 UTC,405,-727,367306390,0.44138888888888894
2015-02-19 00:00:00 UTC,405,-728,367306390,1.2725
2015-02-19 00:00:00 UTC,405,102,247151280,0.84472222222222215
2015-02-19 00:00:00 UTC,405,-94,224355000,1.0751388888888891
2015-02-19 00:00:00 UTC,405,-726,367494840,0.29166666666666663
2015-02-19 00:00:00 UTC,405,-727,367494840,3.8459722222222221
2015-02-19 00:00:00 UTC,405,183,247122640,2.9027777777777781
2015-02-19 00:00:00 UTC,405,184,247122640,0.34138888888888891
2015-02-19 00:00:00 UTC,405,147,247110380,3.9233333333333333
2015-02-19 00:00:00 UTC,405,146,247110380,0.86930555555555555
2015-02-19 00:00:00 UTC,405,30,224112370,0.81250000000000011
2015-02-19 00:00:00 UTC,405,27,224112370,0.82055555555555548
2015-02-19 00:00:00 UTC,405,28,224112370,0.50444444444444447
2015-02-19 00:00:00 UTC,661,-186,251341110,0.41944444444444445
2015-02-19 00:00:00 UTC,661,-187,251341110,3.5205555555555557
2015-02-19 00:00:00 UTC,661,-186,251490110,3.7698611111111111
2015-02-19 00:00:00 UTC,661,-244,251035000,0.89055555555555554
2015-02-19 00:00:00 UTC,661,-245,251035000,0.1525
2015-02-19 00:00:00 UTC,661,-243,251035000,1.0511111111111111
2015-02-19 00:00:00 UTC,661,-187,251296440,1.7119444444444447
2015-02-19 00:00:00 UTC,661,-186,251296440,1.6976388888888889
2015-02-19 00:00:00 UTC,-363,1505,503555500,7.4338888888888892
2015-02-19 00:00:00 UTC,-363,393,431714000,2.0679166666666666
2015-02-19 00:00:00 UTC,-107,3,432276000,3.2727777777777778
2015-02-19 00:00:00 UTC,-107,1715,440820000,0.75555555555555542
2015-02-19 00:00:00 UTC,-107,1706,440820000,0.18069444444444444
2015-02-19 00:00:00 UTC,-107,1714,440820000,0.32916666666666672
2015-02-19 00:00:00 UTC,-107,1707,440820000,4.5451388888888875
2015-02-19 00:00:00 UTC,-107,1716,440820000,0.35277777777777775
2015-02-19 00:00:00 UTC,-107,1705,440820000,1.7958333333333334
2015-02-19 00:00:00 UTC,-107,-857,775602000,0.33569444444444441
2015-02-19 00:00:00 UTC,-107,879,432282000,0.96833333333333327
2015-02-19 00:00:00 UTC,-107,-56,416246700,3.315833333333333
2015-02-19 00:00:00 UTC,-107,-53,416246700,4.3354166666666663
2015-02-19 00:00:00 UTC,150,1593,412460115,1.06
2015-02-19 00:00:00 UTC,150,1594,412460115,5.7497222222222222
2015-02-19 00:00:00 UTC,150,1592,412460115,5.3997222222222225
2015-02-19 00:00:00 UTC,150,-287,224106130,1.7719444444444443
2015-02-19 00:00:00 UTC,150,-286,224106130,3.0018055555555558
2015-02-19 00:00:00 UTC,150,-221,224452000,4.46125
2015-02-19 00:00:00 UTC,406,142,247113220,0.41666666666666669
2015-02-19 00:00:00 UTC,406,143,247113220,2.6986111111111111
2015-02-19 00:00:00 UTC,406,144,247113220,0.34222222222222221
2015-02-19 00:00:00 UTC,406,-94,263405580,0.57666666666666666
2015-02-19 00:00:00 UTC,406,-94,224091680,2.2500000000000004
2015-02-19 00:00:00 UTC,406,-93,224091680,2.6998611111111108
2015-02-19 00:00:00 UTC,406,-94,263377000,1.9995833333333335
2015-02-19 00:00:00 UTC,406,-91,263377000,2.0252777777777782
2015-02-19 00:00:00 UTC,406,-89,263412870,0.550138888888889
2015-02-19 00:00:00 UTC,406,183,247120550,6.4930555555555554
2015-02-19 00:00:00 UTC,406,182,247120550,3.185
2015-02-19 00:00:00 UTC,406,184,247120550,4.5404166666666663
2015-02-19 00:00:00 UTC,406,142,247112110,2.0911111111111111
2015-02-19 00:00:00 UTC,406,102,247151280,3.9876388888888887
2015-02-19 00:00:00 UTC,406,11,224025780,2.297361111111111
2015-02-19 00:00:00 UTC,406,144,247113670,0.41819444444444442
2015-02-19 00:00:00 UTC,406,183,247122640,1.2081944444444446
2015-02-19 00:00:00 UTC,406,181,247122640,0.21652777777777776
2015-02-19 00:00:00 UTC,406,182,247122640,4.0859722222222219
2015-02-19 00:00:00 UTC,406,12,224250860,1.3165277777777777
2015-02-19 00:00:00 UTC,406,29,224112370,1.2276388888888889
2015-02-19 00:00:00 UTC,406,30,224112370,0.61638888888888888
2015-02-19 00:00:00 UTC,662,-187,251341110,1.2680555555555557
2015-02-19 00:00:00 UTC,662,-232,251062110,0.21666666666666667
2015-02-19 00:00:00 UTC,662,-233,251062110,0.22222222222222221
2015-02-19 00:00:00 UTC,662,-243,251035000,0.2376388888888889
2015-02-19 00:00:00 UTC,662,-241,251035000,0.27611111111111108
2015-02-19 00:00:00 UTC,662,-242,251035000,1.4320833333333332
2015-02-19 00:00:00 UTC,662,-232,251368110,3.2155555555555564
2015-02-19 00:00:00 UTC,662,-233,251368110,1.1384722222222223
2015-02-19 00:00:00 UTC,-362,393,431714000,0.70416666666666672
2015-02-19 00:00:00 UTC,-106,1713,440820000,0.84152777777777776
2015-02-19 00:00:00 UTC,-106,1712,440820000,0.095694444444444443
2015-02-19 00:00:00 UTC,-106,1714,440820000,0.34750000000000003
2015-02-19 00:00:00 UTC,-106,1707,440820000,2.0947222222222224
2015-02-19 00:00:00 UTC,-106,-857,775602000,1.9152777777777776
2015-02-19 00:00:00 UTC,-106,879,432282000,2.8106944444444442
2015-02-19 00:00:00 UTC,-106,2,431864000,1.6811111111111112
2015-02-19 00:00:00 UTC,-106,1,431864000,2.8076388888888886
2015-02-19 00:00:00 UTC,-106,-1120,432374000,0.058333333333333334
2015-02-19 00:00:00 UTC,151,-285,224106130,3.7397222222222224
2015-02-19 00:00:00 UTC,407,144,247113220,0.20319444444444446
2015-02-19 00:00:00 UTC,407,143,247113220,4.464027777777777
2015-02-19 00:00:00 UTC,407,256,271062021,7.38125
2015-02-19 00:00:00 UTC,407,9,224027160,0.79055555555555557
2015-02-19 00:00:00 UTC,407,10,224027160,2.1906944444444445
2015-02-19 00:00:00 UTC,407,292,271072027,2.1852777777777774
2015-02-19 00:00:00 UTC,407,293,271072027,4.322222222222222
2015-02-19 00:00:00 UTC,407,12,224012830,2.5656944444444445
2015-02-19 00:00:00 UTC,407,11,224012830,0.23861111111111111
2015-02-19 00:00:00 UTC,407,-94,224091680,0.25
2015-02-19 00:00:00 UTC,407,-93,224091680,5.1718055555555571
2015-02-19 00:00:00 UTC,407,9,224084520,0.20041666666666666
2015-02-19 00:00:00 UTC,407,12,224087340,3.0531944444444443
2015-02-19 00:00:00 UTC,407,11,224087340,2.7240277777777777
2015-02-19 00:00:00 UTC,407,9,224297260,0.31666666666666665
2015-02-19 00:00:00 UTC,407,10,224297260,2.5541666666666671
2015-02-19 00:00:00 UTC,407,9,224083250,0.64458333333333329
2015-02-19 00:00:00 UTC,407,8,224083250,0.64
2015-02-19 00:00:00 UTC,407,-89,204275000,1.5265277777777779
2015-02-19 00:00:00 UTC,407,142,247110970,4.02125
2015-02-19 00:00:00 UTC,407,140,247110970,1.04875
2015-02-19 00:00:00 UTC,407,143,247110970,2.3761111111111108
2015-02-19 00:00:00 UTC,407,141,247110970,3.6388888888888888
2015-02-19 00:00:00 UTC,407,-94,263208000,2.6269444444444443
2015-02-19 00:00:00 UTC,407,-91,263500360,6.299027777777777
2015-02-19 00:00:00 UTC,407,11,224097380,2.013611111111111
2015-02-19 00:00:00 UTC,407,12,224097380,1.9426388888888888
2015-02-19 00:00:00 UTC,407,143,247114610,9.7908333333333353
2015-02-19 00:00:00 UTC,407,142,247114610,1.4816666666666667
2015-02-19 00:00:00 UTC,407,11,224026230,3.419027777777778
2015-02-19 00:00:00 UTC,407,9,224003450,0.43472222222222223
2015-02-19 00:00:00 UTC,407,10,224003450,3.1083333333333334
2015-02-19 00:00:00 UTC,407,9,224060290,2.8109722222222224
2015-02-19 00:00:00 UTC,407,10,224060290,2.9818055555555558
2015-02-19 00:00:00 UTC,407,-89,263412870,5.93388888888889
2015-02-19 00:00:00 UTC,407,-88,263412870,2.8495833333333329
2015-02-19 00:00:00 UTC,407,292,271056028,1.091388888888889
2015-02-19 00:00:00 UTC,407,248,237252000,0.43513888888888885
2015-02-19 00:00:00 UTC,407,248,237220000,0.68569444444444438
2015-02-19 00:00:00 UTC,407,293,271056033,5.3944444444444439
2015-02-19 00:00:00 UTC,407,182,247120550,0.23
2015-02-19 00:00:00 UTC,407,142,247112110,6.72138888888889
2015-02-19 00:00:00 UTC,407,143,247112110,2.945
2015-02-19 00:00:00 UTC,407,141,247112110,0.44013888888888886
2015-02-19 00:00:00 UTC,407,138,247113390,0.41597222222222224
2015-02-19 00:00:00 UTC,407,139,247113390,0.85888888888888892
2015-02-19 00:00:00 UTC,407,102,247151280,0.82208333333333328
2015-02-19 00:00:00 UTC,407,293,271072689,0.23972222222222223
2015-02-19 00:00:00 UTC,407,10,224025780,2.7154166666666666
2015-02-19 00:00:00 UTC,407,9,224025780,0.60694444444444451
2015-02-19 00:00:00 UTC,407,11,224025780,1.903888888888889
2015-02-19 00:00:00 UTC,407,247,240387000,0.51458333333333339
2015-02-19 00:00:00 UTC,407,-234,263402680,1.0944444444444443
2015-02-19 00:00:00 UTC,407,-231,263402680,4.7706944444444446
2015-02-19 00:00:00 UTC,407,-236,263402680,0.35388888888888892
2015-02-19 00:00:00 UTC,407,-235,263402680,0.32666666666666666
2015-02-19 00:00:00 UTC,407,9,224073670,0.52916666666666667
2015-02-19 00:00:00 UTC,407,8,224073670,0.63597222222222227
2015-02-19 00:00:00 UTC,407,143,247113670,6.7622222222222224
2015-02-19 00:00:00 UTC,407,142,247113670,0.21819444444444444
2015-02-19 00:00:00 UTC,407,144,247113670,0.65680555555555553
2015-02-19 00:00:00 UTC,407,259,237058000,3.7529166666666667
2015-02-19 00:00:00 UTC,407,258,237058000,4.8747222222222231
2015-02-19 00:00:00 UTC,407,257,237058000,2.9079166666666665
2015-02-19 00:00:00 UTC,407,181,247122640,0.35541666666666666
2015-02-19 00:00:00 UTC,407,182,247122640,0.22805555555555557
2015-02-19 00:00:00 UTC,407,142,247049430,2.1125
2015-02-19 00:00:00 UTC,407,12,224250860,0.76902777777777775
2015-02-19 00:00:00 UTC,407,138,247113970,0.8275
2015-02-19 00:00:00 UTC,407,139,247113970,3.7891666666666666
2015-02-19 00:00:00 UTC,407,28,224112370,1.2449999999999999
2015-02-19 00:00:00 UTC,407,10,224087540,3.9112500000000003
2015-02-19 00:00:00 UTC,407,9,224087540,3.4275
2015-02-19 00:00:00 UTC,407,12,224339190,2.8194444444444442
2015-02-19 00:00:00 UTC,407,10,224147190,7.5918055555555561
2015-02-19 00:00:00 UTC,407,143,247113720,0.72666666666666668
2015-02-19 00:00:00 UTC,407,142,247113720,4.6977777777777776
2015-02-19 00:00:00 UTC,407,141,247113720,3.233194444444444
2015-02-19 00:00:00 UTC,407,-265,263408380,0.69888888888888889
2015-02-19 00:00:00 UTC,663,126,257495600,0.68569444444444438
2015-02-19 00:00:00 UTC,663,-233,251062110,1.10125
2015-02-19 00:00:00 UTC,663,-232,251062110,11.300138888888885
2015-02-19 00:00:00 UTC,663,-236,251035000,0.20847222222222223
2015-02-19 00:00:00 UTC,663,-241,251035000,0.51166666666666671
2015-02-19 00:00:00 UTC,663,-214,251178110,0.86944444444444446
2015-02-19 00:00:00 UTC,663,-213,251178110,1.9866666666666666
2015-02-19 00:00:00 UTC,663,-232,251368110,0.42652777777777784
2015-02-19 00:00:00 UTC,-361,393,431714000,2.9706944444444447
2015-02-19 00:00:00 UTC,-105,1712,440820000,0.63763888888888887
2015-02-19 00:00:00 UTC,-105,1707,440820000,1.3208333333333333
2015-02-19 00:00:00 UTC,-105,879,432282000,2.6625
2015-02-19 00:00:00 UTC,-105,-54,416246700,2.837361111111111
2015-02-19 00:00:00 UTC,152,1593,412460115,0.7005555555555556
2015-02-19 00:00:00 UTC,152,1592,412460115,4.7162500000000005
2015-02-19 00:00:00 UTC,152,-1219,413691220,11.590694444444445
2015-02-19 00:00:00 UTC,152,-284,224106130,1.9637499999999999
2015-02-19 00:00:00 UTC,152,-285,224106130,1.0197222222222224
2015-02-19 00:00:00 UTC,408,139,247111950,2.4168055555555559
2015-02-19 00:00:00 UTC,408,138,247111950,7.6526388888888892
2015-02-19 00:00:00 UTC,408,139,247100690,1.8719444444444444
2015-02-19 00:00:00 UTC,408,138,247100690,1.2265277777777779
2015-02-19 00:00:00 UTC,408,9,224027160,0.4276388888888889
2015-02-19 00:00:00 UTC,408,11,224012830,1.67125
2015-02-19 00:00:00 UTC,408,12,224012830,1.4980555555555555
2015-02-19 00:00:00 UTC,408,139,247110430,13.841805555555554
2015-02-19 00:00:00 UTC,408,138,247110430,0.37513888888888891
2015-02-19 00:00:00 UTC,408,-94,224091680,2.0525
2015-02-19 00:00:00 UTC,408,9,224084520,0.20819444444444443
2015-02-19 00:00:00 UTC,408,11,224087340,1.0904166666666666
2015-02-19 00:00:00 UTC,408,9,224297260,3.5904166666666675
2015-02-19 00:00:00 UTC,408,8,224297260,8.9298611111111121
2015-02-19 00:00:00 UTC,408,139,247131440,0.87861111111111112
2015-02-19 00:00:00 UTC,408,15,224175670,3.3283333333333336
2015-02-19 00:00:00 UTC,408,14,224175670,3.675
2015-02-19 00:00:00 UTC,408,-89,204275000,1.5751388888888886
2015-02-19 00:00:00 UTC,408,-90,204275000,5.4758333333333331
2015-02-19 00:00:00 UTC,408,143,247110970,0.45263888888888887
2015-02-19 00:00:00 UTC,408,15,224012860,3.7627777777777776
2015-02-19 00:00:00 UTC,408,14,224012860,1.7331944444444445
2015-02-19 00:00:00 UTC,408,10,224089920,1.748472222222222
2015-02-19 00:00:00 UTC,408,11,224089920,1.7599999999999998
2015-02-19 00:00:00 UTC,408,288,271040321,1.1868055555555554
2015-02-19 00:00:00 UTC,408,-91,263500360,5.349166666666668
2015-02-19 00:00:00 UTC,408,292,271072079,0.46791666666666665
2015-02-19 00:00:00 UTC,408,291,271072087,4.6023611111111116
2015-02-19 00:00:00 UTC,408,-91,263411290,6.5983333333333336
2015-02-19 00:00:00 UTC,408,-89,263411290,2.6263888888888891
2015-02-19 00:00:00 UTC,408,9,224249690,1.1291666666666667
2015-02-19 00:00:00 UTC,408,10,224249690,0.61541666666666672
2015-02-19 00:00:00 UTC,408,11,224097380,3.865277777777778
2015-02-19 00:00:00 UTC,408,139,247112550,3.5629166666666672
2015-02-19 00:00:00 UTC,408,14,224135530,1.0351388888888888
2015-02-19 00:00:00 UTC,408,11,224026230,3.6394444444444445
2015-02-19 00:00:00 UTC,408,9,224003450,0.63194444444444442
2015-02-19 00:00:00 UTC,408,15,224119680,3.2813888888888885
2015-02-19 00:00:00 UTC,408,14,224119680,1.4111111111111112
2015-02-19 00:00:00 UTC,408,139,247113090,1.3608333333333333
2015-02-19 00:00:00 UTC,408,9,224060290,0.25388888888888889
2015-02-19 00:00:00 UTC,408,85,247150980,2.8530555555555552
2015-02-19 00:00:00 UTC,408,83,247150980,0.20986111111111111
2015-02-19 00:00:00 UTC,408,84,247150980,1.7627777777777776
2015-02-19 00:00:00 UTC,408,-88,263412870,0.53736111111111118
2015-02-19 00:00:00 UTC,408,291,271056026,0.87305555555555558
2015-02-19 00:00:00 UTC,408,10,224127390,2.8263888888888888
2015-02-19 00:00:00 UTC,408,11,224127390,1.2890277777777777
2015-02-19 00:00:00 UTC,408,250,237252000,1.5181944444444444
2015-02-19 00:00:00 UTC,408,248,237252000,0.43402777777777779
2015-02-19 00:00:00 UTC,408,249,237252000,2.39
2015-02-19 00:00:00 UTC,408,84,247084960,1.7894444444444446
2015-02-19 00:00:00 UTC,408,249,237220000,1.7043055555555555
2015-02-19 00:00:00 UTC,408,250,237220000,0.29986111111111108
2015-02-19 00:00:00 UTC,408,291,271056036,1.3394444444444444
2015-02-19 00:00:00 UTC,408,140,247114150,0.20958333333333334
2015-02-19 00:00:00 UTC,408,139,247114150,2.3711111111111109
2015-02-19 00:00:00 UTC,408,138,247114150,1.1569444444444443
2015-02-19 00:00:00 UTC,408,11,224095660,0.20694444444444443
2015-02-19 00:00:00 UTC,408,139,247110830,1.6769444444444446
2015-02-19 00:00:00 UTC,408,138,247110830,3.2944444444444447
2015-02-19 00:00:00 UTC,408,139,247113390,2.2015277777777778
2015-02-19 00:00:00 UTC,408,138,247113390,2.0686111111111112
2015-02-19 00:00:00 UTC,408,292,271072689,2.6761111111111107
2015-02-19 00:00:00 UTC,408,243,240387000,0.42097222222222225
2015-02-19 00:00:00 UTC,408,245,239608000,4.84
2015-02-19 00:00:00 UTC,408,13,224093380,0.99541666666666662
2015-02-19 00:00:00 UTC,408,8,224073670,0.51805555555555549
2015-02-19 00:00:00 UTC,408,7,224073670,11.876388888888888
2015-02-19 00:00:00 UTC,408,-91,263266000,6.490277777777778
2015-02-19 00:00:00 UTC,408,258,237058000,0.23041666666666666
2015-02-19 00:00:00 UTC,408,14,224016340,4.08375
2015-02-19 00:00:00 UTC,408,13,224016340,1.4748611111111112
2015-02-19 00:00:00 UTC,408,85,247151060,7.1861111111111109
2015-02-19 00:00:00 UTC,408,84,247151060,4.87638888888889
2015-02-19 00:00:00 UTC,408,85,247121620,1.1763888888888889
2015-02-19 00:00:00 UTC,408,84,247121620,1.0401388888888889
2015-02-19 00:00:00 UTC,408,12,224255190,3.9022222222222225
2015-02-19 00:00:00 UTC,408,139,247110880,0.51138888888888889
2015-02-19 00:00:00 UTC,408,13,224253920,1.6734722222222222
2015-02-19 00:00:00 UTC,408,11,224250860,5.0243055555555554
2015-02-19 00:00:00 UTC,408,138,247113970,2.0677777777777773
2015-02-19 00:00:00 UTC,408,139,247113970,4.6163888888888884
2015-02-19 00:00:00 UTC,408,28,224112370,0.66944444444444451
2015-02-19 00:00:00 UTC,408,9,224087540,0.22805555555555557
2015-02-19 00:00:00 UTC,408,11,224339190,3.0537500000000004
2015-02-19 00:00:00 UTC,408,12,224339190,0.21944444444444444
2015-02-19 00:00:00 UTC,408,-264,263408380,1.3191666666666666
2015-02-19 00:00:00 UTC,408,-266,263408380,4.1534722222222218
2015-02-19 00:00:00 UTC,408,-265,263408380,0.24388888888888888
2015-02-19 00:00:00 UTC,408,11,224095230,2.4443055555555557
2015-02-19 00:00:00 UTC,664,-214,251040000,5.6423611111111107
2015-02-19 00:00:00 UTC,664,-157,251417110,4.8402777777777768
2015-02-19 00:00:00 UTC,664,-214,251178110,3.5852777777777778
2015-02-19 00:00:00 UTC,664,-212,251036110,1.5347222222222223
2015-02-19 00:00:00 UTC,664,-214,251036110,1.5387499999999998
2015-02-19 00:00:00 UTC,-360,1730,512392000,0.65722222222222215
2015-02-19 00:00:00 UTC,-104,1706,440820000,3.7249999999999996
2015-02-19 00:00:00 UTC,-104,1711,440820000,0.99597222222222215
2015-02-19 00:00:00 UTC,153,1594,412460115,5.4576388888888889
2015-02-19 00:00:00 UTC,409,12,224107270,3.0425000000000004
2015-02-19 00:00:00 UTC,409,13,224107270,0.215
2015-02-19 00:00:00 UTC,409,137,247111950,1.6551388888888889
2015-02-19 00:00:00 UTC,409,138,247111950,9.2366666666666681
2015-02-19 00:00:00 UTC,409,138,247100690,2.3301388888888885
2015-02-19 00:00:00 UTC,409,137,247100690,2.5676388888888884
2015-02-19 00:00:00 UTC,409,137,247094550,1.4786111111111109
2015-02-19 00:00:00 UTC,409,138,247094550,1.5218055555555556
2015-02-19 00:00:00 UTC,409,129,247099420,12.211388888888889
2015-02-19 00:00:00 UTC,409,11,224012830,1.0315277777777778
2015-02-19 00:00:00 UTC,409,12,224012830,0.28055555555555556
2015-02-19 00:00:00 UTC,409,138,247110430,3.0004166666666663
2015-02-19 00:00:00 UTC,409,177,247124510,9.8186111111111121
2015-02-19 00:00:00 UTC,409,176,247124510,8.99777777777778
2015-02-19 00:00:00 UTC,409,175,247124510,1.0891666666666666
2015-02-19 00:00:00 UTC,409,-94,224091680,1.8498611111111112
2015-02-19 00:00:00 UTC,409,138,247094050,4.4081944444444447
2015-02-19 00:00:00 UTC,409,139,247131440,1.4100000000000001
2015-02-19 00:00:00 UTC,409,138,247131440,0.32222222222222219
2015-02-19 00:00:00 UTC,409,-88,204275000,3.6248611111111111
2015-02-19 00:00:00 UTC,409,-90,204275000,0.37416666666666665
2015-02-19 00:00:00 UTC,409,15,224012860,1.69375
2015-02-19 00:00:00 UTC,409,11,224089920,3.2791666666666663
2015-02-19 00:00:00 UTC,409,176,247122240,9.53736111111111
2015-02-19 00:00:00 UTC,409,175,247122240,5.2952777777777778
2015-02-19 00:00:00 UTC,409,289,271040321,3.2927777777777782
2015-02-19 00:00:00 UTC,409,275,271073094,2.3120833333333337
2015-02-19 00:00:00 UTC,409,173,247123020,4.0559722222222216
2015-02-19 00:00:00 UTC,409,174,247123020,0.42888888888888888
2015-02-19 00:00:00 UTC,409,12,224384590,2.277222222222222
2015-02-19 00:00:00 UTC,409,13,224384590,0.73472222222222228
2015-02-19 00:00:00 UTC,409,13,224364880,0.41347222222222219
2015-02-19 00:00:00 UTC,409,12,224364880,3.7919444444444443
2015-02-19 00:00:00 UTC,409,175,247123030,4.9452777777777772
2015-02-19 00:00:00 UTC,409,176,247123030,10.14375
2015-02-19 00:00:00 UTC,409,-91,263411290,8.12611111111111
2015-02-19 00:00:00 UTC,409,-89,263411290,0.47541666666666665
2015-02-19 00:00:00 UTC,409,-90,263411290,0.95000000000000007
2015-02-19 00:00:00 UTC,409,10,224249690,5.12375
2015-02-19 00:00:00 UTC,409,11,224097380,0.63791666666666669
2015-02-19 00:00:00 UTC,409,138,247112550,10.310277777777779
2015-02-19 00:00:00 UTC,409,137,247112550,4.5772222222222219
2015-02-19 00:00:00 UTC,409,139,247112550,0.43361111111111111
2015-02-19 00:00:00 UTC,409,275,271072878,0.84555555555555562
2015-02-19 00:00:00 UTC,409,11,224026230,1.547361111111111
2015-02-19 00:00:00 UTC,409,289,271072127,3.4437500000000005
2015-02-19 00:00:00 UTC,409,15,224119680,2.0036111111111112
2015-02-19 00:00:00 UTC,409,138,247113090,1.4283333333333332
2015-02-19 00:00:00 UTC,409,139,247113090,0.81680555555555556
2015-02-19 00:00:00 UTC,409,176,247121540,4.7508333333333344
2015-02-19 00:00:00 UTC,409,175,247121540,3.6363888888888889
2015-02-19 00:00:00 UTC,409,137,247094150,0.75
2015-02-19 00:00:00 UTC,409,289,271056023,0.3001388888888889
2015-02-19 00:00:00 UTC,409,11,224127390,3.3802777777777777
2015-02-19 00:00:00 UTC,409,12,224102560,1.6904166666666667
2015-02-19 00:00:00 UTC,409,84,247151010,0.62666666666666671
2015-02-19 00:00:00 UTC,409,83,247151010,1.0833333333333333
2015-02-19 00:00:00 UTC,409,275,271072676,0.44555555555555554
2015-02-19 00:00:00 UTC,409,11,224095660,1.8690277777777775
2015-02-19 00:00:00 UTC,409,134,247094190,1.8522222222222222
2015-02-19 00:00:00 UTC,409,135,247094190,1.2305555555555556
2015-02-19 00:00:00 UTC,409,137,247110830,5.1412499999999994
2015-02-19 00:00:00 UTC,409,139,247110830,0.23305555555555557
2015-02-19 00:00:00 UTC,409,138,247110830,7.6588888888888871
2015-02-19 00:00:00 UTC,409,139,247113390,0.33236111111111111
2015-02-19 00:00:00 UTC,409,14,224093380,0.8625
2015-02-19 00:00:00 UTC,409,13,224093380,3.0836111111111113
2015-02-19 00:00:00 UTC,409,132,247094220,2.7140277777777779
2015-02-19 00:00:00 UTC,409,130,247094220,0.50402777777777774
2015-02-19 00:00:00 UTC,409,131,247094220,3.6373611111111108
2015-02-19 00:00:00 UTC,409,133,247094220,0.21666666666666667
2015-02-19 00:00:00 UTC,409,-91,263266000,4.7315277777777771
2015-02-19 00:00:00 UTC,409,12,224209620,3.7277777777777779
2015-02-19 00:00:00 UTC,409,14,224209620,4.1598611111111108
2015-02-19 00:00:00 UTC,409,85,247151060,2.96375
2015-02-19 00:00:00 UTC,409,84,247151060,0.46972222222222221
2015-02-19 00:00:00 UTC,409,85,247121620,10.360694444444443
2015-02-19 00:00:00 UTC,409,84,247121620,3.2829166666666669
2015-02-19 00:00:00 UTC,409,12,224255190,3.3812500000000005
2015-02-19 00:00:00 UTC,409,13,224255190,0.79652777777777772
2015-02-19 00:00:00 UTC,409,175,247123160,1.2908333333333333
2015-02-19 00:00:00 UTC,409,10,224087260,0.41958333333333331
2015-02-19 00:00:00 UTC,409,14,224253920,2.2556944444444444
2015-02-19 00:00:00 UTC,409,13,224253920,2.8515277777777781
2015-02-19 00:00:00 UTC,409,10,224002020,2.9469444444444441
2015-02-19 00:00:00 UTC,409,11,224002020,0.72416666666666663
2015-02-19 00:00:00 UTC,409,83,247151080,5.2179166666666665
2015-02-19 00:00:00 UTC,409,84,247151080,3.4768055555555555
2015-02-19 00:00:00 UTC,409,82,247151080,0.43361111111111111
2015-02-19 00:00:00 UTC,409,13,224221160,0.20847222222222223
2015-02-19 00:00:00 UTC,409,12,224221160,2.7334722222222227
2015-02-19 00:00:00 UTC,409,11,224250860,1.1605555555555556
2015-02-19 00:00:00 UTC,409,383,271072754,3.6990277777777774
2015-02-19 00:00:00 UTC,409,28,224112370,1.73625
2015-02-19 00:00:00 UTC,409,11,224339190,2.3916666666666662
2015-02-19 00:00:00 UTC,409,12,224095230,2.1526388888888888
2015-02-19 00:00:00 UTC,409,11,224095230,2.245972222222222
2015-02-19 00:00:00 UTC,665,119,257157940,6.0072222222222225
2015-02-19 00:00:00 UTC,665,120,257157940,2.54375
2015-02-19 00:00:00 UTC,665,-158,251481540,4.7877777777777775
2015-02-19 00:00:00 UTC,665,-157,251481540,0.89944444444444449
2015-02-19 00:00:00 UTC,665,120,257153220,1.7330555555555556
2015-02-19 00:00:00 UTC,665,119,257153220,4.5765277777777778
2015-02-19 00:00:00 UTC,665,-209,251036110,1.56125
2015-02-19 00:00:00 UTC,665,-215,251036110,1.2601388888888889
2015-02-19 00:00:00 UTC,-615,-583,272208000,6.3194444444444438
2015-02-19 00:00:00 UTC,-615,-582,272208000,4.5518055555555552
2015-02-19 00:00:00 UTC,-615,-580,272208000,3.8318055555555555
2015-02-19 00:00:00 UTC,-615,-581,272208000,5.3415277777777774
2015-02-19 00:00:00 UTC,-615,-575,272208000,5.502361111111111
2015-02-19 00:00:00 UTC,-615,-580,441699000,10.870972222222223
2015-02-19 00:00:00 UTC,-615,-581,441699000,10.867222222222223
2015-02-19 00:00:00 UTC,-615,-582,441699000,3.05875
2015-02-19 00:00:00 UTC,-359,1730,512392000,0.16097222222222224
2015-02-19 00:00:00 UTC,-359,1363,503583100,5.579027777777779
2015-02-19 00:00:00 UTC,-103,6,432276000,3.4308333333333332
2015-02-19 00:00:00 UTC,-103,1710,440820000,3.0625
2015-02-19 00:00:00 UTC,-103,26,432444000,5.9748611111111112
2015-02-19 00:00:00 UTC,-103,-1120,432374000,2.797361111111111
2015-02-19 00:00:00 UTC,410,12,224016640,1.7373611111111111
2015-02-19 00:00:00 UTC,410,12,224107270,0.6052777777777778
2015-02-19 00:00:00 UTC,410,14,224107270,1.7579166666666666
2015-02-19 00:00:00 UTC,410,13,224107270,3.2606944444444443
2015-02-19 00:00:00 UTC,410,136,247100690,3.8151388888888889
2015-02-19 00:00:00 UTC,410,137,247100690,0.78083333333333327
2015-02-19 00:00:00 UTC,410,138,247094550,0.51930555555555558
2015-02-19 00:00:00 UTC,410,137,247094550,10.399583333333334
2015-02-19 00:00:00 UTC,410,129,247099420,1.2219444444444445
2015-02-19 00:00:00 UTC,410,128,247099420,2.8198611111111109
2015-02-19 00:00:00 UTC,410,175,247124510,1.0627777777777778
2015-02-19 00:00:00 UTC,410,174,247124510,0.40930555555555559
2015-02-19 00:00:00 UTC,410,138,247094050,1.4419444444444445
2015-02-19 00:00:00 UTC,410,137,247094050,7.2818055555555556
2015-02-19 00:00:00 UTC,410,10,224153640,1.8906944444444445
2015-02-19 00:00:00 UTC,410,12,224153640,1.1326388888888888
2015-02-19 00:00:00 UTC,410,-90,204041000,0.22513888888888889
2015-02-19 00:00:00 UTC,410,11,224199980,1.8222222222222224
2015-02-19 00:00:00 UTC,410,10,224014140,1.1254166666666667
2015-02-19 00:00:00 UTC,410,11,224089920,8.7030555555555544
2015-02-19 00:00:00 UTC,410,10,224089920,0.62361111111111112
2015-02-19 00:00:00 UTC,410,138,247250760,12.088611111111112
2015-02-19 00:00:00 UTC,410,132,247094090,0.40694444444444444
2015-02-19 00:00:00 UTC,410,135,247094090,1.2058333333333333
2015-02-19 00:00:00 UTC,410,133,247094090,3.3902777777777779
2015-02-19 00:00:00 UTC,410,134,247094090,1.9055555555555554
2015-02-19 00:00:00 UTC,410,172,247123020,5.7261111111111127
2015-02-19 00:00:00 UTC,410,171,247123020,0.43624999999999997
2015-02-19 00:00:00 UTC,410,173,247123020,3.7904166666666659
2015-02-19 00:00:00 UTC,410,13,224384590,2.8794444444444447
2015-02-19 00:00:00 UTC,410,14,224384590,1.3793055555555556
2015-02-19 00:00:00 UTC,410,12,224384590,0.73583333333333334
2015-02-19 00:00:00 UTC,410,13,224364880,1.4680555555555554
2015-02-19 00:00:00 UTC,410,12,224364880,1.247222222222222
2015-02-19 00:00:00 UTC,410,-91,263411290,3.3649999999999998
2015-02-19 00:00:00 UTC,410,10,224249690,1.8759722222222224
2015-02-19 00:00:00 UTC,410,12,224073570,0.36569444444444443
2015-02-19 00:00:00 UTC,410,11,224073570,2.7848611111111108
2015-02-19 00:00:00 UTC,410,138,247111020,3.42875
2015-02-19 00:00:00 UTC,410,-92,263408240,0.90083333333333337
2015-02-19 00:00:00 UTC,410,-90,263408240,1.6002777777777779
2015-02-19 00:00:00 UTC,410,-91,263408240,9.000694444444445
2015-02-19 00:00:00 UTC,410,12,224279670,4.0580555555555557
2015-02-19 00:00:00 UTC,410,13,224279670,1.4901388888888889
2015-02-19 00:00:00 UTC,410,83,247150980,3.9304166666666664
2015-02-19 00:00:00 UTC,410,12,224217990,3.0430555555555561
2015-02-19 00:00:00 UTC,410,11,224217990,0.65125
2015-02-19 00:00:00 UTC,410,136,247094150,2.4443055555555553
2015-02-19 00:00:00 UTC,410,137,247094150,1.3247222222222221
2015-02-19 00:00:00 UTC,410,133,247097740,1.5295833333333331
2015-02-19 00:00:00 UTC,410,132,247097740,6.6845833333333324
2015-02-19 00:00:00 UTC,410,11,224127390,1.8999999999999997
2015-02-19 00:00:00 UTC,410,84,247151010,7.3730555555555553
2015-02-19 00:00:00 UTC,410,83,247151010,3.8520833333333333
2015-02-19 00:00:00 UTC,410,11,224095660,0.83361111111111108
2015-02-19 00:00:00 UTC,410,138,247094190,1.3498611111111112
2015-02-19 00:00:00 UTC,410,133,247094190,0.71430555555555553
2015-02-19 00:00:00 UTC,410,134,247094190,1.3576388888888888
2015-02-19 00:00:00 UTC,410,11,224016820,1.7026388888888888
2015-02-19 00:00:00 UTC,410,10,224016820,0.21097222222222223
2015-02-19 00:00:00 UTC,410,14,224093380,0.44041666666666668
2015-02-19 00:00:00 UTC,410,137,247250630,2.38875
2015-02-19 00:00:00 UTC,410,134,247094220,0.28888888888888886
2015-02-19 00:00:00 UTC,410,133,247094220,2.467083333333334
2015-02-19 00:00:00 UTC,410,132,247094220,0.65819444444444442
2015-02-19 00:00:00 UTC,410,11,224143830,3.1383333333333332
2015-02-19 00:00:00 UTC,410,10,224143830,1.5801388888888888
2015-02-19 00:00:00 UTC,410,174,247123160,10.122638888888892
2015-02-19 00:00:00 UTC,410,173,247123160,3.8172222222222225
2015-02-19 00:00:00 UTC,410,175,247123160,6.510833333333335
2015-02-19 00:00:00 UTC,410,10,224087260,2.5944444444444441
2015-02-19 00:00:00 UTC,410,10,224002020,0.52847222222222223
2015-02-19 00:00:00 UTC,410,12,224221160,0.648611111111111
2015-02-19 00:00:00 UTC,410,14,224221160,1.9683333333333333
2015-02-19 00:00:00 UTC,410,13,224221160,2.9480555555555554
2015-02-19 00:00:00 UTC,410,12,224016620,2.7316666666666665
2015-02-19 00:00:00 UTC,410,10,224016890,0.4177777777777778
2015-02-19 00:00:00 UTC,410,11,224016890,2.1719444444444442
2015-02-19 00:00:00 UTC,410,12,224095230,1.7320833333333334
2015-02-19 00:00:00 UTC,666,-212,251040000,4.4923611111111112
2015-02-19 00:00:00 UTC,666,130,257113420,2.8513888888888892
2015-02-19 00:00:00 UTC,666,-213,251178110,5.9840277777777775
2015-02-19 00:00:00 UTC,666,130,257142920,0.46597222222222223
2015-02-19 00:00:00 UTC,666,-214,251145110,2.4033333333333333
2015-02-19 00:00:00 UTC,666,120,257153220,3.3213888888888885
2015-02-19 00:00:00 UTC,666,-215,251036110,0.67527777777777775
2015-02-19 00:00:00 UTC,666,-206,251036110,6.37625
2015-02-19 00:00:00 UTC,-358,1363,503583100,0.21180555555555558
2015-02-19 00:00:00 UTC,-358,393,431714000,6.6144444444444446
2015-02-19 00:00:00 UTC,-358,1727,512012000,4.0891666666666673
2015-02-19 00:00:00 UTC,-102,26,432444000,1.5329166666666667
2015-02-19 00:00:00 UTC,-102,30,432444000,3.4193055555555558
2015-02-19 00:00:00 UTC,-102,27,432444000,1.0105555555555557
2015-02-19 00:00:00 UTC,411,131,247092230,1.1351388888888887
2015-02-19 00:00:00 UTC,411,130,247092230,5.3884722222222212
2015-02-19 00:00:00 UTC,411,129,247092230,5.2972222222222225
2015-02-19 00:00:00 UTC,411,23,224235270,10.904027777777779
2015-02-19 00:00:00 UTC,411,24,224235270,0.49916666666666665
2015-02-19 00:00:00 UTC,411,132,247094040,1.2806944444444444
2015-02-19 00:00:00 UTC,411,134,247094040,12.7925
2015-02-19 00:00:00 UTC,411,133,247094040,2.9861111111111112
2015-02-19 00:00:00 UTC,411,136,247094040,9.120000000000001
2015-02-19 00:00:00 UTC,411,133,247110170,6.0108333333333359
2015-02-19 00:00:00 UTC,411,131,247110170,0.73875
2015-02-19 00:00:00 UTC,411,132,247110170,7.8576388888888893
2015-02-19 00:00:00 UTC,411,136,247094050,9.9711111111111119
2015-02-19 00:00:00 UTC,411,24,224014120,11.414027777777777
2015-02-19 00:00:00 UTC,411,-90,204041000,1.4244444444444446
2015-02-19 00:00:00 UTC,411,-266,224114750,2.2093055555555554
2015-02-19 00:00:00 UTC,411,-265,224114750,0.77555555555555555
2015-02-19 00:00:00 UTC,411,132,247092290,2.018472222222222
2015-02-19 00:00:00 UTC,411,134,247092290,1.4002777777777777
2015-02-19 00:00:00 UTC,411,133,247092290,4.7652777777777766
2015-02-19 00:00:00 UTC,411,134,247092550,1.9279166666666669
2015-02-19 00:00:00 UTC,411,133,247092550,3.0195833333333328
2015-02-19 00:00:00 UTC,411,132,247092550,4.1373611111111117
2015-02-19 00:00:00 UTC,411,136,247250760,7.6927777777777777
2015-02-19 00:00:00 UTC,411,134,247099210,1.7375
2015-02-19 00:00:00 UTC,411,132,247099210,3.6141666666666667
2015-02-19 00:00:00 UTC,411,133,247099210,2.9708333333333332
2015-02-19 00:00:00 UTC,411,-94,263282000,2.2256944444444442
2015-02-19 00:00:00 UTC,411,129,247092310,2.0100000000000002
2015-02-19 00:00:00 UTC,411,130,247092310,2.5204166666666667
2015-02-19 00:00:00 UTC,411,-91,263411290,1.6338888888888889
2015-02-19 00:00:00 UTC,411,134,247094110,2.6501388888888888
2015-02-19 00:00:00 UTC,411,137,247094110,7.7381944444444439
2015-02-19 00:00:00 UTC,411,136,247094110,3.1836111111111114
2015-02-19 00:00:00 UTC,411,131,247092320,3.3376388888888893
2015-02-19 00:00:00 UTC,411,132,247092320,3.617777777777778
2015-02-19 00:00:00 UTC,411,133,247092330,3.0293055555555553
2015-02-19 00:00:00 UTC,411,132,247092330,2.4230555555555555
2015-02-19 00:00:00 UTC,411,134,247092330,1.9609722222222223
2015-02-19 00:00:00 UTC,411,135,247111020,5.6340277777777779
2015-02-19 00:00:00 UTC,411,-91,263408240,2.1016666666666666
2015-02-19 00:00:00 UTC,411,132,247091570,4.8844444444444441
2015-02-19 00:00:00 UTC,411,133,247091570,2.6694444444444447
2015-02-19 00:00:00 UTC,411,170,247123060,4.6850000000000005
2015-02-19 00:00:00 UTC,411,169,247123060,0.88194444444444442
2015-02-19 00:00:00 UTC,411,171,247123060,7.8475
2015-02-19 00:00:00 UTC,411,169,247123070,1.1606944444444445
2015-02-19 00:00:00 UTC,411,170,247123070,8.95375
2015-02-19 00:00:00 UTC,411,137,247094150,8.8359722222222228
2015-02-19 00:00:00 UTC,411,136,247094150,1.0722222222222222
2015-02-19 00:00:00 UTC,411,135,247094150,11.15111111111111
2015-02-19 00:00:00 UTC,411,130,247099280,0.84208333333333329
2015-02-19 00:00:00 UTC,411,129,247099280,1.3270833333333332
2015-02-19 00:00:00 UTC,411,131,247099280,1.9788888888888889
2015-02-19 00:00:00 UTC,411,133,247092370,5.1462499999999993
2015-02-19 00:00:00 UTC,411,132,247092370,2.6487500000000006
2015-02-19 00:00:00 UTC,411,134,247092370,1.4608333333333334
2015-02-19 00:00:00 UTC,411,133,247094170,12.531805555555556
2015-02-19 00:00:00 UTC,411,133,247092380,0.78402777777777777
2015-02-19 00:00:00 UTC,411,132,247092380,1.431527777777778
2015-02-19 00:00:00 UTC,411,131,247092380,0.23902777777777778
2015-02-19 00:00:00 UTC,411,132,247092390,1.6473611111111111
2015-02-19 00:00:00 UTC,411,133,247092390,3.0679166666666671
2015-02-19 00:00:00 UTC,411,-91,263401650,4.2993055555555548
2015-02-19 00:00:00 UTC,411,-229,263402680,6.1776388888888887
2015-02-19 00:00:00 UTC,411,136,247250630,1.5663888888888891
2015-02-19 00:00:00 UTC,411,137,247250630,5.7951388888888893
2015-02-19 00:00:00 UTC,411,135,247251930,10.732083333333334
2015-02-19 00:00:00 UTC,411,134,247251930,3.2456944444444442
2015-02-19 00:00:00 UTC,411,23,224220140,20.592083333333335
2015-02-19 00:00:00 UTC,411,131,247256060,3.3751388888888889
2015-02-19 00:00:00 UTC,411,132,247256060,6.6787500000000009
2015-02-19 00:00:00 UTC,667,-211,251040000,2.50875
2015-02-19 00:00:00 UTC,667,-212,251040000,5.98361111111111
2015-02-19 00:00:00 UTC,667,125,257413720,0.49583333333333335
2015-02-19 00:00:00 UTC,667,124,257413720,4.6331944444444453
2015-02-19 00:00:00 UTC,667,-212,251178110,7.0225000000000009
2015-02-19 00:00:00 UTC,667,-213,251178110,0.35944444444444446
2015-02-19 00:00:00 UTC,667,-213,251145110,0.94027777777777777
2015-02-19 00:00:00 UTC,667,-212,251145110,4.2420833333333334
2015-02-19 00:00:00 UTC,-101,-1109,432936000,3.5751388888888891
2015-02-19 00:00:00 UTC,-101,24,432444000,2.2748611111111106
2015-02-19 00:00:00 UTC,-101,25,432444000,1.6123611111111111
2015-02-19 00:00:00 UTC,-101,26,432444000,0.39444444444444443
2015-02-19 00:00:00 UTC,-101,22,432444000,4.4129166666666659
2015-02-19 00:00:00 UTC,-101,-1114,431022000,0.058333333333333334
2015-02-19 00:00:00 UTC,-101,5,431457000,4.4477777777777776
2015-02-19 00:00:00 UTC,412,166,247122180,0.81666666666666665
2015-02-19 00:00:00 UTC,412,167,247122180,0.8223611111111111
2015-02-19 00:00:00 UTC,412,168,247122180,1.9181944444444445
2015-02-19 00:00:00 UTC,412,130,247092230,0.43625
2015-02-19 00:00:00 UTC,412,24,224235270,13.327361111111111
2015-02-19 00:00:00 UTC,412,27,224102680,0.83041666666666658
2015-02-19 00:00:00 UTC,412,132,247110170,4.4209722222222219
2015-02-19 00:00:00 UTC,412,131,247110170,1.7190277777777778
2015-02-19 00:00:00 UTC,412,133,247110170,1.1094444444444447
2015-02-19 00:00:00 UTC,412,129,247090980,2.6079166666666671
2015-02-19 00:00:00 UTC,412,128,247090980,1.6272222222222221
2015-02-19 00:00:00 UTC,412,24,224014120,11.677361111111111
2015-02-19 00:00:00 UTC,412,-92,204041000,1.2745833333333332
2015-02-19 00:00:00 UTC,412,-93,204041000,10.405833333333334
2015-02-19 00:00:00 UTC,412,91,247154230,0.29444444444444445
2015-02-19 00:00:00 UTC,412,90,247154230,2.9870833333333335
2015-02-19 00:00:00 UTC,412,-92,263315000,3.7731944444444441
2015-02-19 00:00:00 UTC,412,-93,263315000,3.3498611111111116
2015-02-19 00:00:00 UTC,412,-89,263315000,1.0494444444444446
2015-02-19 00:00:00 UTC,412,-264,224114750,5.51611111111111
2015-02-19 00:00:00 UTC,412,-270,224114750,4.7416666666666663
2015-02-19 00:00:00 UTC,412,-269,224114750,2.8015277777777774
2015-02-19 00:00:00 UTC,412,-263,224114750,1.1393055555555556
2015-02-19 00:00:00 UTC,412,-265,224114750,0.34680555555555553
2015-02-19 00:00:00 UTC,412,-262,224114750,6.2309722222222206
2015-02-19 00:00:00 UTC,412,132,247092290,2.0293055555555557
2015-02-19 00:00:00 UTC,412,134,247092290,0.92361111111111116
2015-02-19 00:00:00 UTC,412,133,247092290,3.1791666666666667
2015-02-19 00:00:00 UTC,412,167,247121730,1.3369444444444443
2015-02-19 00:00:00 UTC,412,131,247092550,1.0779166666666666
2015-02-19 00:00:00 UTC,412,132,247092550,3.0076388888888883
2015-02-19 00:00:00 UTC,412,132,247099210,2.384722222222222
2015-02-19 00:00:00 UTC,412,131,247099210,1.0879166666666666
2015-02-19 00:00:00 UTC,412,-94,263282000,1.8004166666666666
2015-02-19 00:00:00 UTC,412,130,247092310,1.0013888888888889
2015-02-19 00:00:00 UTC,412,128,247092310,1.2206944444444443
2015-02-19 00:00:00 UTC,412,129,247092310,3.6976388888888891
2015-02-19 00:00:00 UTC,412,133,247094110,0.70041666666666669
2015-02-19 00:00:00 UTC,412,134,247094110,1.4995833333333333
2015-02-19 00:00:00 UTC,412,169,247127390,1.9640277777777779
2015-02-19 00:00:00 UTC,412,168,247127390,1.6855555555555557
2015-02-19 00:00:00 UTC,412,133,247092320,2.00875
2015-02-19 00:00:00 UTC,412,134,247092320,0.6125
2015-02-19 00:00:00 UTC,412,132,247092320,0.70124999999999993
2015-02-19 00:00:00 UTC,412,-90,263406690,0.49930555555555556
2015-02-19 00:00:00 UTC,412,26,224171880,3.4269444444444446
2015-02-19 00:00:00 UTC,412,25,224171880,2.1191666666666666
2015-02-19 00:00:00 UTC,412,132,247092330,5.8733333333333331
2015-02-19 00:00:00 UTC,412,133,247092330,3.9072222222222224
2015-02-19 00:00:00 UTC,412,131,247092330,1.1170833333333334
2015-02-19 00:00:00 UTC,412,133,247111020,0.94944444444444454
2015-02-19 00:00:00 UTC,412,134,247111020,3.1143055555555552
2015-02-19 00:00:00 UTC,412,169,247123060,2.4418055555555558
2015-02-19 00:00:00 UTC,412,129,247096440,0.88750000000000007
2015-02-19 00:00:00 UTC,412,128,247096440,0.68055555555555558
2015-02-19 00:00:00 UTC,412,129,247081850,0.64694444444444443
2015-02-19 00:00:00 UTC,412,168,247123070,1.7556944444444442
2015-02-19 00:00:00 UTC,412,170,247123070,1.6606944444444447
2015-02-19 00:00:00 UTC,412,169,247123070,3.6279166666666676
2015-02-19 00:00:00 UTC,412,-89,263365000,0.8240277777777778
2015-02-19 00:00:00 UTC,412,-90,263365000,0.62513888888888891
2015-02-19 00:00:00 UTC,412,129,247080330,0.69763888888888892
2015-02-19 00:00:00 UTC,412,128,247080330,0.31388888888888888
2015-02-19 00:00:00 UTC,412,130,247099280,4.2
2015-02-19 00:00:00 UTC,412,129,247099280,1.6947222222222225
2015-02-19 00:00:00 UTC,412,131,247099280,0.46375
2015-02-19 00:00:00 UTC,412,132,247092370,0.45819444444444446
2015-02-19 00:00:00 UTC,412,134,247092370,1.8876388888888886
2015-02-19 00:00:00 UTC,412,133,247092370,4.4745833333333342
2015-02-19 00:00:00 UTC,412,128,247096470,1.1318055555555555
2015-02-19 00:00:00 UTC,412,129,247096470,4.5523611111111109
2015-02-19 00:00:00 UTC,412,130,247096470,0.50458333333333327
2015-02-19 00:00:00 UTC,412,133,247092380,4.4593055555555559
2015-02-19 00:00:00 UTC,412,131,247092380,0.70402777777777781
2015-02-19 00:00:00 UTC,412,132,247092380,2.7156944444444444
2015-02-19 00:00:00 UTC,412,134,247092380,1.1462500000000002
2015-02-19 00:00:00 UTC,412,129,247090850,3.1544444444444446
2015-02-19 00:00:00 UTC,412,129,247091110,1.2183333333333333
2015-02-19 00:00:00 UTC,412,128,247091110,1.193888888888889
2015-02-19 00:00:00 UTC,412,132,247092390,2.4866666666666668
2015-02-19 00:00:00 UTC,412,133,247092390,2.8356944444444445
2015-02-19 00:00:00 UTC,412,134,247092390,1.6320833333333331
2015-02-19 00:00:00 UTC,412,129,247090860,0.83902777777777782
2015-02-19 00:00:00 UTC,412,129,247091120,7.1256944444444432
2015-02-19 00:00:00 UTC,412,128,247091120,1.5070833333333331
2015-02-19 00:00:00 UTC,412,-91,263401650,2.4734722222222225
2015-02-19 00:00:00 UTC,412,-93,263401650,1.7509722222222224
2015-02-19 00:00:00 UTC,412,-92,263401650,3.6288888888888886
2015-02-19 00:00:00 UTC,412,167,247121590,1.6524999999999999
2015-02-19 00:00:00 UTC,412,-92,263414480,2.3258333333333336
2015-02-19 00:00:00 UTC,412,129,247100630,1.9374999999999996
2015-02-19 00:00:00 UTC,412,130,247100630,0.64874999999999994
2015-02-19 00:00:00 UTC,412,134,247251930,0.51402777777777775
2015-02-19 00:00:00 UTC,412,26,224020960,3.6193055555555556
2015-02-19 00:00:00 UTC,412,25,224020960,1.9051388888888887
2015-02-19 00:00:00 UTC,412,-90,263407860,1.6452777777777778
2015-02-19 00:00:00 UTC,412,129,247256060,0.21805555555555556
2015-02-19 00:00:00 UTC,412,132,247256060,1.7905555555555555
2015-02-19 00:00:00 UTC,668,-211,251040000,0.475
2015-02-19 00:00:00 UTC,668,-211,251178110,0.73333333333333339
2015-02-19 00:00:00 UTC,668,-212,251145110,0.39458333333333334
2015-02-19 00:00:00 UTC,668,-211,251145110,0.74305555555555558
2015-02-19 00:00:00 UTC,668,-135,251129000,1.5350000000000001
2015-02-19 00:00:00 UTC,668,-134,251129000,7.06375
2015-02-19 00:00:00 UTC,668,-136,251129000,1.5162499999999999
2015-02-19 00:00:00 UTC,-356,190,601223000,7.7783333333333333
2015-02-19 00:00:00 UTC,-100,23,432444000,0.46819444444444447
2015-02-19 00:00:00 UTC,-100,5,431457000,0.23430555555555554
2015-02-19 00:00:00 UTC,413,167,247122180,5.4626388888888888
2015-02-19 00:00:00 UTC,413,166,247122180,1.0318055555555556
2015-02-19 00:00:00 UTC,413,167,247121420,0.64708333333333334
2015-02-19 00:00:00 UTC,413,26,224017170,1.285
2015-02-19 00:00:00 UTC,413,27,224017170,0.78069444444444447
2015-02-19 00:00:00 UTC,413,25,224017170,2.2318055555555558
2015-02-19 00:00:00 UTC,413,27,224098580,0.831111111111111
2015-02-19 00:00:00 UTC,413,25,224098580,2.1544444444444446
2015-02-19 00:00:00 UTC,413,26,224098580,1.7152777777777777
2015-02-19 00:00:00 UTC,413,22,224304660,9.4408333333333339
2015-02-19 00:00:00 UTC,413,23,224304660,0.76666666666666672
2015-02-19 00:00:00 UTC,413,24,224304660,0.36388888888888893
2015-02-19 00:00:00 UTC,413,27,224102680,5.1658333333333335
2015-02-19 00:00:00 UTC,413,28,224102680,0.86125000000000007
2015-02-19 00:00:00 UTC,413,26,224102680,0.20902777777777776
2015-02-19 00:00:00 UTC,413,23,224245280,11.786111111111111
2015-02-19 00:00:00 UTC,413,24,224245280,2.103472222222222
2015-02-19 00:00:00 UTC,413,127,247090980,2.5252777777777773
2015-02-19 00:00:00 UTC,413,129,247090980,0.43347222222222226
2015-02-19 00:00:00 UTC,413,128,247090980,3.2863888888888888
2015-02-19 00:00:00 UTC,413,-93,204041000,0.50111111111111106
2015-02-19 00:00:00 UTC,413,-92,204041000,0.37486111111111109
2015-02-19 00:00:00 UTC,413,164,247280940,1.4820833333333332
2015-02-19 00:00:00 UTC,413,163,247280940,0.2325
2015-02-19 00:00:00 UTC,413,-91,263408950,0.54888888888888887
2015-02-19 00:00:00 UTC,413,-92,263408950,12.997361111111109
2015-02-19 00:00:00 UTC,413,-89,263408950,1.5990277777777777
2015-02-19 00:00:00 UTC,413,127,247252280,0.25847222222222221
2015-02-19 00:00:00 UTC,413,126,247252280,5.3134722222222219
2015-02-19 00:00:00 UTC,413,-89,263315000,1.5252777777777777
2015-02-19 00:00:00 UTC,413,-90,263315000,1.8745833333333333
2015-02-19 00:00:00 UTC,413,-92,263315000,1.94875
2015-02-19 00:00:00 UTC,413,-93,263315000,1.1763888888888889
2015-02-19 00:00:00 UTC,413,167,247121730,0.26666666666666666
2015-02-19 00:00:00 UTC,413,166,247121730,9.5154166666666669
2015-02-19 00:00:00 UTC,413,-89,263282000,1.5747222222222221
2015-02-19 00:00:00 UTC,413,-93,263282000,0.67472222222222222
2015-02-19 00:00:00 UTC,413,-92,263282000,7.8743055555555577
2015-02-19 00:00:00 UTC,413,-91,263282000,0.69944444444444454
2015-02-19 00:00:00 UTC,413,129,247092310,0.45166666666666666
2015-02-19 00:00:00 UTC,413,168,247127390,8.2440277777777773
2015-02-19 00:00:00 UTC,413,169,247127390,1.4847222222222221
2015-02-19 00:00:00 UTC,413,-89,263406690,1.2502777777777778
2015-02-19 00:00:00 UTC,413,-90,263406690,5.75236111111111
2015-02-19 00:00:00 UTC,413,22,224007270,1.6527777777777777
2015-02-19 00:00:00 UTC,413,167,247122030,1.0765277777777778
2015-02-19 00:00:00 UTC,413,129,247096440,2.4787500000000002
2015-02-19 00:00:00 UTC,413,127,247096440,8.7127777777777773
2015-02-19 00:00:00 UTC,413,128,247096440,3.1751388888888883
2015-02-19 00:00:00 UTC,413,126,247096440,3.5216666666666669
2015-02-19 00:00:00 UTC,413,128,247081850,12.922222222222224
2015-02-19 00:00:00 UTC,413,129,247081850,1.3516666666666666
2015-02-19 00:00:00 UTC,413,127,247081850,0.77347222222222234
2015-02-19 00:00:00 UTC,413,125,247081090,3.2668055555555555
2015-02-19 00:00:00 UTC,413,126,247081090,1.1893055555555556
2015-02-19 00:00:00 UTC,413,126,247096450,26.184305555555557
2015-02-19 00:00:00 UTC,413,26,224006280,0.42902777777777779
2015-02-19 00:00:00 UTC,413,27,224006280,0.63069444444444445
2015-02-19 00:00:00 UTC,413,-89,263365000,2.0027777777777778
2015-02-19 00:00:00 UTC,413,-90,263365000,6.6020833333333311
2015-02-19 00:00:00 UTC,413,129,247080330,1.6111111111111112
2015-02-19 00:00:00 UTC,413,128,247080330,6.2441666666666666
2015-02-19 00:00:00 UTC,413,127,247080330,7.579305555555556
2015-02-19 00:00:00 UTC,413,126,247090830,1.3976388888888889
2015-02-19 00:00:00 UTC,413,129,247096470,2.3872222222222219
2015-02-19 00:00:00 UTC,413,128,247096470,1.7712500000000002
2015-02-19 00:00:00 UTC,413,27,224304540,6.20263888888889
2015-02-19 00:00:00 UTC,413,28,224304540,0.78750000000000009
2015-02-19 00:00:00 UTC,413,127,247090850,3.4206944444444449
2015-02-19 00:00:00 UTC,413,128,247090850,1.31375
2015-02-19 00:00:00 UTC,413,126,247090850,0.44694444444444448
2015-02-19 00:00:00 UTC,413,128,247091110,2.0823611111111111
2015-02-19 00:00:00 UTC,413,126,247091110,0.33083333333333331
2015-02-19 00:00:00 UTC,413,127,247091110,0.98333333333333339
2015-02-19 00:00:00 UTC,413,127,247090860,3.7070833333333328
2015-02-19 00:00:00 UTC,413,129,247090860,1.1220833333333333
2015-02-19 00:00:00 UTC,413,126,247090860,5.5962499999999986
2015-02-19 00:00:00 UTC,413,128,247090860,1.7037499999999999
2015-02-19 00:00:00 UTC,413,129,247091120,0.68875
2015-02-19 00:00:00 UTC,413,128,247091120,8.91638888888889
2015-02-19 00:00:00 UTC,413,-92,263401650,0.22486111111111112
2015-02-19 00:00:00 UTC,413,166,247121590,1.4526388888888886
2015-02-19 00:00:00 UTC,413,167,247121590,0.20152777777777778
2015-02-19 00:00:00 UTC,413,165,247122110,0.8223611111111111
2015-02-19 00:00:00 UTC,413,25,225980880,0.68583333333333329
2015-02-19 00:00:00 UTC,413,24,225980880,0.97513888888888878
2015-02-19 00:00:00 UTC,413,-93,263414480,0.97486111111111118
2015-02-19 00:00:00 UTC,413,-92,263414480,6.6744444444444442
2015-02-19 00:00:00 UTC,413,166,247280850,0.8290277777777777
2015-02-19 00:00:00 UTC,413,166,247122130,0.42680555555555555
2015-02-19 00:00:00 UTC,413,126,247113940,1.8998611111111112
2015-02-19 00:00:00 UTC,413,127,247113940,5.4101388888888895
2015-02-19 00:00:00 UTC,413,125,247113940,3.4462499999999996
2015-02-19 00:00:00 UTC,413,128,247100630,4.1348611111111113
2015-02-19 00:00:00 UTC,413,127,247100630,1.4469444444444446
2015-02-19 00:00:00 UTC,413,129,247100630,2.6220833333333333
2015-02-19 00:00:00 UTC,413,26,224020960,0.22097222222222224
2015-02-19 00:00:00 UTC,413,25,224020960,1.5252777777777777
2015-02-19 00:00:00 UTC,413,-91,263407860,0.6495833333333334
2015-02-19 00:00:00 UTC,413,-90,263407860,1.5765277777777778
2015-02-19 00:00:00 UTC,413,166,247121660,0.20152777777777778
2015-02-19 00:00:00 UTC,413,167,247121660,1.8552777777777778
2015-02-19 00:00:00 UTC,669,82,258238000,1.5470833333333334
2015-02-19 00:00:00 UTC,669,83,258238000,1.5345833333333334
2015-02-19 00:00:00 UTC,-355,189,601195500,0.87388888888888883
2015-02-19 00:00:00 UTC,-355,188,601195500,5.1866666666666665
2015-02-19 00:00:00 UTC,-99,-1111,432914000,2.9263888888888889
2015-02-19 00:00:00 UTC,-99,-1114,431022000,0.21277777777777776
2015-02-19 00:00:00 UTC,-99,6,431457000,2.4145833333333333
2015-02-19 00:00:00 UTC,-99,7,431457000,0.19722222222222222
2015-02-19 00:00:00 UTC,158,-291,224081690,0.16555555555555557
2015-02-19 00:00:00 UTC,158,-290,224081690,1.0320833333333335
2015-02-19 00:00:00 UTC,414,-91,263403780,0.75138888888888888
2015-02-19 00:00:00 UTC,414,-89,263403780,0.20055555555555554
2015-02-19 00:00:00 UTC,414,167,247122180,1.6969444444444441
2015-02-19 00:00:00 UTC,414,-91,263402760,1.7747222222222225
2015-02-19 00:00:00 UTC,414,25,224095240,1.0780555555555555
2015-02-19 00:00:00 UTC,414,166,247121160,0.64208333333333334
2015-02-19 00:00:00 UTC,414,165,247121160,0.41097222222222218
2015-02-19 00:00:00 UTC,414,166,247121420,0.43888888888888888
2015-02-19 00:00:00 UTC,414,167,247121420,0.64777777777777779
2015-02-19 00:00:00 UTC,414,27,224017170,0.80027777777777775
2015-02-19 00:00:00 UTC,414,123,247093010,1.0220833333333332
2015-02-19 00:00:00 UTC,414,27,224098580,1.4905555555555554
2015-02-19 00:00:00 UTC,414,24,224304660,2.0183333333333335
2015-02-19 00:00:00 UTC,414,23,224304660,10.72111111111111
2015-02-19 00:00:00 UTC,414,165,247122460,0.44333333333333336
2015-02-19 00:00:00 UTC,414,164,247122460,1.8591666666666666
2015-02-19 00:00:00 UTC,414,23,224217120,1.4443055555555557
2015-02-19 00:00:00 UTC,414,24,224245280,0.64916666666666667
2015-02-19 00:00:00 UTC,414,167,247121440,1.0738888888888889
2015-02-19 00:00:00 UTC,414,166,247121440,0.63041666666666663
2015-02-19 00:00:00 UTC,414,125,247090980,2.552777777777778
2015-02-19 00:00:00 UTC,414,126,247090980,1.661111111111111
2015-02-19 00:00:00 UTC,414,125,247253540,5.1776388888888887
2015-02-19 00:00:00 UTC,414,124,247253540,3.3891666666666667
2015-02-19 00:00:00 UTC,414,163,247280940,6.565833333333333
2015-02-19 00:00:00 UTC,414,165,247121710,1.2330555555555556
2015-02-19 00:00:00 UTC,414,-91,263500335,0.42527777777777775
2015-02-19 00:00:00 UTC,414,124,247093040,1.1099999999999999
2015-02-19 00:00:00 UTC,414,165,247121970,1.2498611111111111
2015-02-19 00:00:00 UTC,414,-92,263408950,1.9020833333333333
2015-02-19 00:00:00 UTC,414,125,247252280,2.107361111111111
2015-02-19 00:00:00 UTC,414,165,247121720,2.0681944444444444
2015-02-19 00:00:00 UTC,414,-92,263315000,0.77416666666666667
2015-02-19 00:00:00 UTC,414,124,247092810,0.83319444444444446
2015-02-19 00:00:00 UTC,414,168,247127390,4.5622222222222231
2015-02-19 00:00:00 UTC,414,-91,263406690,0.92458333333333331
2015-02-19 00:00:00 UTC,414,23,224007270,0.6627777777777778
2015-02-19 00:00:00 UTC,414,167,247122030,4.675
2015-02-19 00:00:00 UTC,414,-92,263408000,2.6502777777777782
2015-02-19 00:00:00 UTC,414,124,247081090,0.3275
2015-02-19 00:00:00 UTC,414,126,247081090,1.1415277777777779
2015-02-19 00:00:00 UTC,414,125,247081090,7.6830555555555557
2015-02-19 00:00:00 UTC,414,28,224006280,0.20805555555555555
2015-02-19 00:00:00 UTC,414,27,224006280,1.8893055555555556
2015-02-19 00:00:00 UTC,414,126,247090830,0.42180555555555554
2015-02-19 00:00:00 UTC,414,125,247090830,2.441527777777778
2015-02-19 00:00:00 UTC,414,125,247090850,2.0748611111111108
2015-02-19 00:00:00 UTC,414,126,247090860,5.5940277777777778
2015-02-19 00:00:00 UTC,414,166,247121590,6.140416666666666
2015-02-19 00:00:00 UTC,414,-232,263402680,1.7644444444444443
2015-02-19 00:00:00 UTC,414,-231,263402680,6.2495833333333319
2015-02-19 00:00:00 UTC,414,-230,263402680,2.729305555555555
2015-02-19 00:00:00 UTC,414,126,247250620,5.0327777777777776
2015-02-19 00:00:00 UTC,414,164,247122110,1.3044444444444445
2015-02-19 00:00:00 UTC,414,165,247122110,0.83736111111111111
2015-02-19 00:00:00 UTC,414,125,247090880,4.0465277777777775
2015-02-19 00:00:00 UTC,414,166,247121090,0.6975
2015-02-19 00:00:00 UTC,414,167,247121090,0.83624999999999994
2015-02-19 00:00:00 UTC,414,25,224098760,3.1895833333333337
2015-02-19 00:00:00 UTC,414,25,225980880,4.0195833333333333
2015-02-19 00:00:00 UTC,414,26,225980880,0.20652777777777778
2015-02-19 00:00:00 UTC,414,24,225980880,0.84611111111111115
2015-02-19 00:00:00 UTC,414,-93,263414480,5.6020833333333337
2015-02-19 00:00:00 UTC,414,165,247280850,0.89416666666666667
2015-02-19 00:00:00 UTC,414,164,247280850,0.85541666666666671
2015-02-19 00:00:00 UTC,414,166,247280850,2.2404166666666665
2015-02-19 00:00:00 UTC,414,166,247122130,4.5624999999999991
2015-02-19 00:00:00 UTC,414,125,247113940,0.58749999999999991
2015-02-19 00:00:00 UTC,414,25,224244180,1.3275000000000001
2015-02-19 00:00:00 UTC,414,26,224244180,0.22097222222222224
2015-02-19 00:00:00 UTC,414,25,224101340,2.9652777777777777
2015-02-19 00:00:00 UTC,414,1434,431005919,0.36791666666666667
2015-02-19 00:00:00 UTC,414,165,247121640,0.84680555555555548
2015-02-19 00:00:00 UTC,414,25,224010990,0.41805555555555551
2015-02-19 00:00:00 UTC,414,-91,263407860,1.5030555555555556
2015-02-19 00:00:00 UTC,414,165,247126260,10.03875
2015-02-19 00:00:00 UTC,414,166,247126260,15.92763888888889
2015-02-19 00:00:00 UTC,414,166,247121660,1.8456944444444443
2015-02-19 00:00:00 UTC,670,83,258238000,2.3169444444444443
2015-02-19 00:00:00 UTC,-354,-562,770576146,0.33291666666666664
2015-02-19 00:00:00 UTC,-354,188,601223000,6.6765277777777783
2015-02-19 00:00:00 UTC,-354,187,601223000,6.0273611111111114
2015-02-19 00:00:00 UTC,-354,-563,770576117,0.27402777777777776
2015-02-19 00:00:00 UTC,-354,-562,770576117,0.53694444444444434
2015-02-19 00:00:00 UTC,-354,-562,770576118,0.84722222222222232
2015-02-19 00:00:00 UTC,-354,-563,770576118,0.18111111111111111
2015-02-19 00:00:00 UTC,-98,-1347,412420905,0.45388888888888884
2015-02-19 00:00:00 UTC,-98,-1114,431022000,0.5623611111111112
2015-02-19 00:00:00 UTC,-98,10,431457000,2.3290277777777777
2015-02-19 00:00:00 UTC,-98,9,431457000,1.1266666666666665
2015-02-19 00:00:00 UTC,-98,11,431457000,3.4855555555555555
2015-02-19 00:00:00 UTC,-98,8,431457000,1.8277777777777777
2015-02-19 00:00:00 UTC,-98,7,431457000,1.0126388888888889
2015-02-19 00:00:00 UTC,159,-291,224081690,1.4061111111111111
2015-02-19 00:00:00 UTC,415,-91,263403780,6.024166666666666
2015-02-19 00:00:00 UTC,415,-89,263403780,3.1990277777777778
2015-02-19 00:00:00 UTC,415,-90,263402760,0.24986111111111109
2015-02-19 00:00:00 UTC,415,-91,263402760,5.151944444444446
2015-02-19 00:00:00 UTC,415,-89,263402760,2.8884722222222221
2015-02-19 00:00:00 UTC,415,166,247121160,1.2829166666666665
2015-02-19 00:00:00 UTC,415,165,247121160,1.611388888888889
2015-02-19 00:00:00 UTC,415,122,247092750,3.0669444444444443
2015-02-19 00:00:00 UTC,415,123,247092750,2.9481944444444443
2015-02-19 00:00:00 UTC,415,-91,263402770,10.702361111111111
2015-02-19 00:00:00 UTC,415,122,247093010,1.767638888888889
2015-02-19 00:00:00 UTC,415,123,247093010,3.9898611111111109
2015-02-19 00:00:00 UTC,415,165,247122460,3.7886111111111114
2015-02-19 00:00:00 UTC,415,164,247122460,4.16
2015-02-19 00:00:00 UTC,415,166,247121440,3.6727777777777781
2015-02-19 00:00:00 UTC,415,124,247090980,1.9336111111111112
2015-02-19 00:00:00 UTC,415,123,247090980,3.9786111111111113
2015-02-19 00:00:00 UTC,415,121,247093030,4.8356944444444441
2015-02-19 00:00:00 UTC,415,122,247092780,2.7150000000000003
2015-02-19 00:00:00 UTC,415,165,247121710,6.1236111111111109
2015-02-19 00:00:00 UTC,415,-89,263500335,2.350138888888889
2015-02-19 00:00:00 UTC,415,-90,263500335,1.4001388888888888
2015-02-19 00:00:00 UTC,415,-91,263500335,5.8140277777777785
2015-02-19 00:00:00 UTC,415,122,247093040,1.87
2015-02-19 00:00:00 UTC,415,123,247093040,3.4856944444444449
2015-02-19 00:00:00 UTC,415,165,247121970,8.972361111111109
2015-02-19 00:00:00 UTC,415,124,247252280,3.4015277777777779
2015-02-19 00:00:00 UTC,415,125,247252280,1.1288888888888888
2015-02-19 00:00:00 UTC,415,123,247252280,0.8375
2015-02-19 00:00:00 UTC,415,165,247121720,3.8929166666666672
2015-02-19 00:00:00 UTC,415,121,247093050,4.9279166666666665
2015-02-19 00:00:00 UTC,415,122,247092810,1.4191666666666667
2015-02-19 00:00:00 UTC,415,123,247092810,2.4020833333333331
2015-02-19 00:00:00 UTC,415,124,247092810,1.4913888888888889
2015-02-19 00:00:00 UTC,415,164,247127890,3.1677777777777782
2015-02-19 00:00:00 UTC,415,165,247127890,2.7666666666666666
2015-02-19 00:00:00 UTC,415,121,247092830,4.69
2015-02-19 00:00:00 UTC,415,167,247127390,1.6806944444444445
2015-02-19 00:00:00 UTC,415,168,247127390,2.16375
2015-02-19 00:00:00 UTC,415,-91,263406690,2.3238888888888889
2015-02-19 00:00:00 UTC,415,-89,263270000,7.8325
2015-02-19 00:00:00 UTC,415,-90,263270000,4.1520833333333336
2015-02-19 00:00:00 UTC,415,-89,263405940,2.8247222222222224
2015-02-19 00:00:00 UTC,415,122,247092860,3.7194444444444441
2015-02-19 00:00:00 UTC,415,-93,263408000,1.6254166666666667
2015-02-19 00:00:00 UTC,415,-92,263408000,0.47555555555555556
2015-02-19 00:00:00 UTC,415,26,224095360,1.0781944444444445
2015-02-19 00:00:00 UTC,415,32,224104320,0.32041666666666668
2015-02-19 00:00:00 UTC,415,33,224104320,1.2869444444444444
2015-02-19 00:00:00 UTC,415,32,224106880,0.63041666666666663
2015-02-19 00:00:00 UTC,415,33,224106880,2.0173611111111112
2015-02-19 00:00:00 UTC,415,34,224106880,0.22069444444444444
2015-02-19 00:00:00 UTC,415,123,247092870,5.2455555555555557
2015-02-19 00:00:00 UTC,415,163,247125640,3.2512499999999998
2015-02-19 00:00:00 UTC,415,123,247090830,2.0236111111111112
2015-02-19 00:00:00 UTC,415,124,247090830,1.8945833333333333
2015-02-19 00:00:00 UTC,415,-89,263290000,1.9994444444444446
2015-02-19 00:00:00 UTC,415,122,247092890,3.1390277777777778
2015-02-19 00:00:00 UTC,415,124,247090850,3.0902777777777777
2015-02-19 00:00:00 UTC,415,25,224004280,0.6275
2015-02-19 00:00:00 UTC,415,27,224004280,0.45902777777777776
2015-02-19 00:00:00 UTC,415,26,224004280,6.225833333333334
2015-02-19 00:00:00 UTC,415,121,247092920,6.1293055555555558
2015-02-19 00:00:00 UTC,415,164,247122110,5.1501388888888879
2015-02-19 00:00:00 UTC,415,123,247090880,4.2261111111111109
2015-02-19 00:00:00 UTC,415,166,247121090,0.20833333333333334
2015-02-19 00:00:00 UTC,415,26,224017870,0.30555555555555558
2015-02-19 00:00:00 UTC,415,25,225980880,0.20861111111111111
2015-02-19 00:00:00 UTC,415,26,225980880,1.0329166666666665
2015-02-19 00:00:00 UTC,415,166,247280850,5.8098611111111094
2015-02-19 00:00:00 UTC,415,25,224244180,1.5344444444444443
2015-02-19 00:00:00 UTC,415,26,224244180,5.076666666666668
2015-02-19 00:00:00 UTC,415,34,224164580,0.22722222222222221
2015-02-19 00:00:00 UTC,415,33,224164580,2.868611111111111
2015-02-19 00:00:00 UTC,415,-696,367595750,7.1738888888888876
2015-02-19 00:00:00 UTC,415,-697,367595750,0.93736111111111109
2015-02-19 00:00:00 UTC,415,165,247121640,3.3554166666666667
2015-02-19 00:00:00 UTC,415,123,247252970,0.26361111111111113
2015-02-19 00:00:00 UTC,415,26,224010990,1.3152777777777778
2015-02-19 00:00:00 UTC,415,-91,263407860,1.9598611111111111
2015-02-19 00:00:00 UTC,415,166,247121660,3.6652777777777787
2015-02-19 00:00:00 UTC,415,123,247092990,5.1688888888888895
2015-02-19 00:00:00 UTC,415,124,247092990,3.354166666666667
2015-02-19 00:00:00 UTC,671,86,258121000,3.07
2015-02-19 00:00:00 UTC,671,104,273425330,3.8609722222222222
2015-02-19 00:00:00 UTC,671,103,273425330,9.5783333333333331
2015-02-19 00:00:00 UTC,671,106,273425330,1.5416666666666667
2015-02-19 00:00:00 UTC,671,108,273457870,11.226805555555556
2015-02-19 00:00:00 UTC,-609,-559,412270002,0.53875000000000006
2015-02-19 00:00:00 UTC,-353,-562,770576146,0.9916666666666667
2015-02-19 00:00:00 UTC,-353,-561,770576146,1.9093055555555556
2015-02-19 00:00:00 UTC,-353,-563,770576146,1.5818055555555559
2015-02-19 00:00:00 UTC,-353,-563,770576151,1.3804166666666668
2015-02-19 00:00:00 UTC,-353,-560,770576151,1.2838888888888889
2015-02-19 00:00:00 UTC,-353,-561,770576151,1.8674999999999997
2015-02-19 00:00:00 UTC,-353,-562,770576151,1.3540277777777781
2015-02-19 00:00:00 UTC,-353,186,601479000,0.16236111111111112
2015-02-19 00:00:00 UTC,-353,187,601479000,0.46611111111111114
2015-02-19 00:00:00 UTC,-353,186,601223000,2.1395833333333329
2015-02-19 00:00:00 UTC,-353,187,601223000,2.4030555555555559
2015-02-19 00:00:00 UTC,-353,-564,770576116,9.9119444444444458
2015-02-19 00:00:00 UTC,-353,-560,770576117,1.0593055555555555
2015-02-19 00:00:00 UTC,-353,-563,770576117,1.651388888888889
2015-02-19 00:00:00 UTC,-353,-561,770576117,2.2252777777777779
2015-02-19 00:00:00 UTC,-353,-562,770576117,0.67902777777777779
2015-02-19 00:00:00 UTC,-353,-562,770576118,0.3783333333333333
2015-02-19 00:00:00 UTC,-353,-560,770576118,1.2459722222222223
2015-02-19 00:00:00 UTC,-353,-563,770576118,1.7180555555555554
2015-02-19 00:00:00 UTC,-353,-561,770576118,2.1445833333333333
2015-02-19 00:00:00 UTC,-353,-564,770576122,9.7005555555555549
2015-02-19 00:00:00 UTC,-353,-563,770576122,0.20847222222222223
2015-02-19 00:00:00 UTC,-97,-1348,412420905,1.0211111111111111
2015-02-19 00:00:00 UTC,-97,-1109,432936000,3.6831944444444442
2015-02-19 00:00:00 UTC,-97,-1114,431022000,0.64569444444444446
2015-02-19 00:00:00 UTC,160,-292,224081690,1.8898611111111112
2015-02-19 00:00:00 UTC,160,-291,224081690,0.47805555555555551
2015-02-19 00:00:00 UTC,416,-91,263403780,1.1770833333333333
2015-02-19 00:00:00 UTC,416,-90,263403780,0.49930555555555556
2015-02-19 00:00:00 UTC,416,122,247090950,0.20277777777777778
2015-02-19 00:00:00 UTC,416,121,247090950,0.20277777777777778
2015-02-19 00:00:00 UTC,416,-90,263402760,0.92472222222222222
2015-02-19 00:00:00 UTC,416,165,247121160,1.4944444444444445
2015-02-19 00:00:00 UTC,416,166,247121160,4.1695833333333336
2015-02-19 00:00:00 UTC,416,121,247092750,1.6055555555555556
2015-02-19 00:00:00 UTC,416,-90,263402770,0.2747222222222222
2015-02-19 00:00:00 UTC,416,-91,263402770,3.7013888888888888
2015-02-19 00:00:00 UTC,416,121,247093010,1.71625
2015-02-19 00:00:00 UTC,416,122,247093010,1.7887499999999998
2015-02-19 00:00:00 UTC,416,165,247122460,3.7690277777777781
2015-02-19 00:00:00 UTC,416,164,247122460,5.12125
2015-02-19 00:00:00 UTC,416,120,247092770,4.7497222222222222
2015-02-19 00:00:00 UTC,416,123,247090980,2.2456944444444442
2015-02-19 00:00:00 UTC,416,121,247093030,0.66125
2015-02-19 00:00:00 UTC,416,120,247093030,1.1820833333333334
2015-02-19 00:00:00 UTC,416,122,247092780,1.425138888888889
2015-02-19 00:00:00 UTC,416,121,247092780,3.3654166666666665
2015-02-19 00:00:00 UTC,416,165,247121710,2.3066666666666666
2015-02-19 00:00:00 UTC,416,-89,263500335,0.25
2015-02-19 00:00:00 UTC,416,-90,263500335,2.2809722222222222
2015-02-19 00:00:00 UTC,416,121,247093040,1.6415277777777777
2015-02-19 00:00:00 UTC,416,122,247093040,2.4565277777777776
2015-02-19 00:00:00 UTC,416,120,247092790,0.20416666666666666
2015-02-19 00:00:00 UTC,416,123,247252280,0.20972222222222223
2015-02-19 00:00:00 UTC,416,-1246,367145530,1.7387500000000002
2015-02-19 00:00:00 UTC,416,120,247093050,1.1556944444444444
2015-02-19 00:00:00 UTC,416,121,247093050,0.912222222222222
2015-02-19 00:00:00 UTC,416,121,247092810,1.1106944444444444
2015-02-19 00:00:00 UTC,416,122,247092810,2.6986111111111115
2015-02-19 00:00:00 UTC,416,164,247127890,4.8861111111111111
2015-02-19 00:00:00 UTC,416,165,247127890,2.5634722222222224
2015-02-19 00:00:00 UTC,416,120,247092830,1.2751388888888888
2015-02-19 00:00:00 UTC,416,-90,263270000,1.5243055555555558
2015-02-19 00:00:00 UTC,416,-90,263405940,1.3498611111111112
2015-02-19 00:00:00 UTC,416,122,247092860,1.05125
2015-02-19 00:00:00 UTC,416,121,247092860,2.456666666666667
2015-02-19 00:00:00 UTC,416,-92,263408000,2.90125
2015-02-19 00:00:00 UTC,416,-93,263408000,2.3248611111111113
2015-02-19 00:00:00 UTC,416,34,224104320,1.0734722222222224
2015-02-19 00:00:00 UTC,416,33,224104320,1.1677777777777778
2015-02-19 00:00:00 UTC,416,35,224106880,0.70305555555555554
2015-02-19 00:00:00 UTC,416,34,224106880,2.2751388888888888
2015-02-19 00:00:00 UTC,416,123,247092870,1.9761111111111109
2015-02-19 00:00:00 UTC,416,121,247092870,1.1511111111111112
2015-02-19 00:00:00 UTC,416,122,247092870,3.7318055555555558
2015-02-19 00:00:00 UTC,416,-89,263290000,0.275
2015-02-19 00:00:00 UTC,416,-90,263290000,1.2005555555555556
2015-02-19 00:00:00 UTC,416,122,247092890,1.7191666666666667
2015-02-19 00:00:00 UTC,416,121,247092890,2.5190277777777781
2015-02-19 00:00:00 UTC,416,123,247090850,3.1081944444444449
2015-02-19 00:00:00 UTC,416,33,224566950,0.46194444444444438
2015-02-19 00:00:00 UTC,416,34,224566950,3.2898611111111107
2015-02-19 00:00:00 UTC,416,120,247092920,4.1573611111111113
2015-02-19 00:00:00 UTC,416,121,247092920,1.3094444444444444
2015-02-19 00:00:00 UTC,416,30,224104380,1.4923611111111112
2015-02-19 00:00:00 UTC,416,166,247122110,3.0498611111111109
2015-02-19 00:00:00 UTC,416,165,247122110,3.98875
2015-02-19 00:00:00 UTC,416,123,247300290,1.8411111111111111
2015-02-19 00:00:00 UTC,416,-90,263500232,1.5001388888888889
2015-02-19 00:00:00 UTC,416,1426,431005919,0.53625
2015-02-19 00:00:00 UTC,416,120,247099360,2.0098611111111109
2015-02-19 00:00:00 UTC,416,34,224164580,2.7506944444444446
2015-02-19 00:00:00 UTC,416,35,224164580,1.1768055555555557
2015-02-19 00:00:00 UTC,416,-697,367595750,7.9258333333333324
2015-02-19 00:00:00 UTC,416,-698,367595750,2.3547222222222222
2015-02-19 00:00:00 UTC,416,123,247252970,1.4043055555555557
2015-02-19 00:00:00 UTC,416,32,224123370,0.65625
2015-02-19 00:00:00 UTC,416,31,224123370,0.76347222222222222
2015-02-19 00:00:00 UTC,416,-91,263407860,0.824861111111111
2015-02-19 00:00:00 UTC,416,-92,263407860,1.3856944444444443
2015-02-19 00:00:00 UTC,416,123,247092990,2.697222222222222
2015-02-19 00:00:00 UTC,416,122,247092990,2.3272222222222219
2015-02-19 00:00:00 UTC,416,30,224233470,0.48930555555555555
2015-02-19 00:00:00 UTC,672,88,258121000,1.5584722222222223
2015-02-19 00:00:00 UTC,672,87,258238000,12.429305555555555
2015-02-19 00:00:00 UTC,672,103,273425330,9.3313888888888883
2015-02-19 00:00:00 UTC,-608,-560,412270002,3.2777777777777772
2015-02-19 00:00:00 UTC,-608,-561,412270002,1.5359722222222221
2015-02-19 00:00:00 UTC,-608,-562,412270002,4.4125
2015-02-19 00:00:00 UTC,-608,-559,412270002,8.6694444444444443
2015-02-19 00:00:00 UTC,-608,-558,412270002,2.23
2015-02-19 00:00:00 UTC,-352,-562,770576131,1.5086111111111109
2015-02-19 00:00:00 UTC,-352,-564,770576131,1.5213888888888889
2015-02-19 00:00:00 UTC,-352,-563,770576131,7.9987500000000029
2015-02-19 00:00:00 UTC,-352,-564,770576146,0.25375000000000003
2015-02-19 00:00:00 UTC,-352,-563,770576146,4.7380555555555564
2015-02-19 00:00:00 UTC,-352,-561,770576146,0.85055555555555562
2015-02-19 00:00:00 UTC,-352,-560,770576146,4.405
2015-02-19 00:00:00 UTC,-352,-563,770576151,4.3880555555555549
2015-02-19 00:00:00 UTC,-352,-561,770576151,1.6301388888888886
2015-02-19 00:00:00 UTC,-352,-564,770576151,0.24569444444444444
2015-02-19 00:00:00 UTC,-352,-562,770576151,0.20555555555555555
2015-02-19 00:00:00 UTC,-352,-560,770576151,2.2938888888888886
2015-02-19 00:00:00 UTC,-352,185,601479000,8.2054166666666664
2015-02-19 00:00:00 UTC,-352,186,601479000,12.03013888888889
2015-02-19 00:00:00 UTC,-352,186,601223000,1.8813888888888892
2015-02-19 00:00:00 UTC,-352,185,601223000,0.70375
2015-02-19 00:00:00 UTC,-352,-564,770576096,1.4286111111111111
2015-02-19 00:00:00 UTC,-352,-563,770576096,8.5294444444444455
2015-02-19 00:00:00 UTC,-352,-562,770576096,1.4966666666666666
2015-02-19 00:00:00 UTC,-352,-565,770576116,0.47458333333333336
2015-02-19 00:00:00 UTC,-352,-562,770576116,0.21583333333333332
2015-02-19 00:00:00 UTC,-352,-564,770576116,2.6754166666666666
2015-02-19 00:00:00 UTC,-352,-563,770576116,2.4845833333333336
2015-02-19 00:00:00 UTC,-352,-558,770576117,1.4193055555555556
2015-02-19 00:00:00 UTC,-352,-564,770576117,2.0601388888888894
2015-02-19 00:00:00 UTC,-352,-563,770576117,0.9902777777777777
2015-02-19 00:00:00 UTC,-352,-561,770576117,0.20124999999999998
2015-02-19 00:00:00 UTC,-352,-557,770576117,1.5116666666666667
2015-02-19 00:00:00 UTC,-352,-559,770576117,2.0330555555555554
2015-02-19 00:00:00 UTC,-352,-560,770576117,4.5422222222222235
2015-02-19 00:00:00 UTC,-352,-557,770576118,1.2262499999999998
2015-02-19 00:00:00 UTC,-352,-559,770576118,2.0544444444444445
2015-02-19 00:00:00 UTC,-352,-560,770576118,4.34625
2015-02-19 00:00:00 UTC,-352,-563,770576118,0.9805555555555554
2015-02-19 00:00:00 UTC,-352,-564,770576118,1.8181944444444444
2015-02-19 00:00:00 UTC,-352,-561,770576118,0.13166666666666665
2015-02-19 00:00:00 UTC,-352,-558,770576118,1.8499999999999999
2015-02-19 00:00:00 UTC,-352,-563,770576122,2.4655555555555555
2015-02-19 00:00:00 UTC,-352,-562,770576122,0.40416666666666667
2015-02-19 00:00:00 UTC,-352,-565,770576122,0.59763888888888894
2015-02-19 00:00:00 UTC,-352,-564,770576122,2.5686111111111116
2015-02-19 00:00:00 UTC,-96,-1109,432936000,1.5102777777777778
2015-02-19 00:00:00 UTC,-96,-1111,432914000,3.6515277777777779
2015-02-19 00:00:00 UTC,-96,-1114,431022000,0.56305555555555553
2015-02-19 00:00:00 UTC,-96,12,431457000,3.9455555555555559
2015-02-19 00:00:00 UTC,161,-292,224081690,3.7008333333333332
2015-02-19 00:00:00 UTC,161,-293,224081690,2.0855555555555556
2015-02-19 00:00:00 UTC,161,-293,224259000,9.995694444444446
2015-02-19 00:00:00 UTC,161,-292,224259000,4.725138888888889
2015-02-19 00:00:00 UTC,417,121,247090950,4.4780555555555566
2015-02-19 00:00:00 UTC,417,-90,263402760,0.4745833333333333
2015-02-19 00:00:00 UTC,417,121,247092750,1.086111111111111
2015-02-19 00:00:00 UTC,417,121,247093010,1.8251388888888884
2015-02-19 00:00:00 UTC,417,164,247122460,4.1955555555555559
2015-02-19 00:00:00 UTC,417,121,247092770,1.8427777777777776
2015-02-19 00:00:00 UTC,417,120,247092770,1.4486111111111111
2015-02-19 00:00:00 UTC,417,121,247093030,3.3419444444444446
2015-02-19 00:00:00 UTC,417,121,247092780,1.5155555555555555
2015-02-19 00:00:00 UTC,417,165,247121710,2.2152777777777777
2015-02-19 00:00:00 UTC,417,121,247093040,0.82652777777777775
2015-02-19 00:00:00 UTC,417,121,247092790,2.694722222222222
2015-02-19 00:00:00 UTC,417,119,247092790,2.2816666666666672
2015-02-19 00:00:00 UTC,417,120,247092790,1.0476388888888888
2015-02-19 00:00:00 UTC,417,-1246,367145530,4.64513888888889
2015-02-19 00:00:00 UTC,417,-1245,367145530,0.45430555555555557
2015-02-19 00:00:00 UTC,417,119,247093050,3.9956944444444442
2015-02-19 00:00:00 UTC,417,121,247093050,1.6854166666666666
2015-02-19 00:00:00 UTC,417,29,224026690,1.5308333333333333
2015-02-19 00:00:00 UTC,417,31,224026690,1.3772222222222221
2015-02-19 00:00:00 UTC,417,30,224026690,2.6472222222222221
2015-02-19 00:00:00 UTC,417,121,247092810,1.6861111111111109
2015-02-19 00:00:00 UTC,417,31,224106840,1.85875
2015-02-19 00:00:00 UTC,417,32,224106840,2.8440277777777778
2015-02-19 00:00:00 UTC,417,-90,263405940,0.24972222222222223
2015-02-19 00:00:00 UTC,417,121,247092860,3.4488888888888889
2015-02-19 00:00:00 UTC,417,-93,263408000,2.899166666666666
2015-02-19 00:00:00 UTC,417,34,224104320,3.1734722222222222
2015-02-19 00:00:00 UTC,417,35,224106880,0.6
2015-02-19 00:00:00 UTC,417,121,247092870,0.20708333333333334
2015-02-19 00:00:00 UTC,417,121,247092890,1.6543055555555553
2015-02-19 00:00:00 UTC,417,34,224566950,2.3115277777777781
2015-02-19 00:00:00 UTC,417,35,224566950,0.95777777777777784
2015-02-19 00:00:00 UTC,417,31,224104380,0.97930555555555554
2015-02-19 00:00:00 UTC,417,30,224104380,3.1594444444444445
2015-02-19 00:00:00 UTC,417,-90,263500232,20.274583333333336
2015-02-19 00:00:00 UTC,417,121,247092950,0.61972222222222217
2015-02-19 00:00:00 UTC,417,120,247092950,0.20402777777777778
2015-02-19 00:00:00 UTC,417,119,247099360,2.2384722222222222
2015-02-19 00:00:00 UTC,417,120,247099360,2.3056944444444443
2015-02-19 00:00:00 UTC,417,121,247099360,0.62472222222222218
2015-02-19 00:00:00 UTC,417,164,247121640,3.5811111111111114
2015-02-19 00:00:00 UTC,417,32,224123370,2.638611111111111
2015-02-19 00:00:00 UTC,417,-92,263407860,1.3688888888888888
2015-02-19 00:00:00 UTC,417,-93,263407860,1.99375
2015-02-19 00:00:00 UTC,417,121,247092980,1.5041666666666669
2015-02-19 00:00:00 UTC,417,119,247092980,1.9404166666666667
2015-02-19 00:00:00 UTC,417,122,247092990,0.2125
2015-02-19 00:00:00 UTC,417,30,224233470,2.3809722222222223
2015-02-19 00:00:00 UTC,417,31,224233470,1.3044444444444445
2015-02-19 00:00:00 UTC,-607,-562,412270002,1.5348611111111112
2015-02-19 00:00:00 UTC,-607,-561,412270002,2.2805555555555554
2015-02-19 00:00:00 UTC,-351,-565,770576131,1.3026388888888887
2015-02-19 00:00:00 UTC,-351,-563,770576131,3.7605555555555559
2015-02-19 00:00:00 UTC,-351,-564,770576131,6.7154166666666661
2015-02-19 00:00:00 UTC,-351,-562,770576131,0.54097222222222219
2015-02-19 00:00:00 UTC,-351,-564,770576146,2.7277777777777779
2015-02-19 00:00:00 UTC,-351,-563,770576146,4.6163888888888884
2015-02-19 00:00:00 UTC,-351,-562,770576146,0.43680555555555556
2015-02-19 00:00:00 UTC,-351,-563,770576151,5.16888888888889
2015-02-19 00:00:00 UTC,-351,-562,770576151,0.60444444444444445
2015-02-19 00:00:00 UTC,-351,-564,770576151,2.7791666666666663
2015-02-19 00:00:00 UTC,-351,187,601099800,1.889861111111111
2015-02-19 00:00:00 UTC,-351,186,601479000,1.111388888888889
2015-02-19 00:00:00 UTC,-351,185,601479000,1.7769444444444444
2015-02-19 00:00:00 UTC,-351,-562,224567000,13.759583333333337
2015-02-19 00:00:00 UTC,-351,-563,224567000,1.7673611111111112
2015-02-19 00:00:00 UTC,-351,-563,770576096,3.8911111111111105
2015-02-19 00:00:00 UTC,-351,-562,770576096,0.54236111111111107
2015-02-19 00:00:00 UTC,-351,-564,770576096,6.673333333333332
2015-02-19 00:00:00 UTC,-351,-565,770576096,1.5652777777777778
2015-02-19 00:00:00 UTC,-351,-562,770576116,1.3834722222222224
2015-02-19 00:00:00 UTC,-351,-563,770576116,3.1315277777777775
2015-02-19 00:00:00 UTC,-351,-564,770576116,3.7180555555555559
2015-02-19 00:00:00 UTC,-351,-564,770576117,3.2425000000000006
2015-02-19 00:00:00 UTC,-351,-563,770576117,1.5351388888888891
2015-02-19 00:00:00 UTC,-351,-564,770576118,3.5756944444444443
2015-02-19 00:00:00 UTC,-351,-563,770576118,1.63
2015-02-19 00:00:00 UTC,-351,-562,770576122,1.1627777777777777
2015-02-19 00:00:00 UTC,-351,-564,770576122,3.7758333333333329
2015-02-19 00:00:00 UTC,-351,-563,770576122,3.2188888888888889
2015-02-19 00:00:00 UTC,-95,-1109,432936000,1.2223611111111112
2015-02-19 00:00:00 UTC,-95,-1111,432914000,1.461111111111111
2015-02-19 00:00:00 UTC,-95,-1114,431022000,0.56638888888888883
2015-02-19 00:00:00 UTC,-95,623,416002039,8.0865277777777784
2015-02-19 00:00:00 UTC,162,-290,224081690,4.11
2015-02-19 00:00:00 UTC,162,-289,224081690,1.6931944444444447
2015-02-19 00:00:00 UTC,162,-289,224259000,2.0741666666666663
2015-02-19 00:00:00 UTC,162,-290,224259000,6.6031944444444441
2015-02-19 00:00:00 UTC,418,32,224095490,1.2263888888888888
2015-02-19 00:00:00 UTC,418,33,224095490,2.6251388888888889
2015-02-19 00:00:00 UTC,418,120,247090950,0.20013888888888889
2015-02-19 00:00:00 UTC,418,121,247090950,2.4829166666666667
2015-02-19 00:00:00 UTC,418,121,247092750,2.4776388888888889
2015-02-19 00:00:00 UTC,418,120,247092750,1.0318055555555556
2015-02-19 00:00:00 UTC,418,33,224102670,0.39249999999999996
2015-02-19 00:00:00 UTC,418,165,247121680,4.6309722222222227
2015-02-19 00:00:00 UTC,418,121,247093010,1.2220833333333334
2015-02-19 00:00:00 UTC,418,120,247092770,1.8613888888888888
2015-02-19 00:00:00 UTC,418,121,247092770,2.4645833333333336
2015-02-19 00:00:00 UTC,418,121,247093030,2.2576388888888888
2015-02-19 00:00:00 UTC,418,121,247092780,2.4605555555555556
2015-02-19 00:00:00 UTC,418,120,247092780,1.7016666666666667
2015-02-19 00:00:00 UTC,418,164,247121710,0.84402777777777771
2015-02-19 00:00:00 UTC,418,165,247121710,4.7025
2015-02-19 00:00:00 UTC,418,121,247093040,1.4847222222222223
2015-02-19 00:00:00 UTC,418,34,224104240,1.5113888888888889
2015-02-19 00:00:00 UTC,418,35,224104240,0.65736111111111106
2015-02-19 00:00:00 UTC,418,32,224088370,0.21944444444444444
2015-02-19 00:00:00 UTC,418,164,247121970,0.71
2015-02-19 00:00:00 UTC,418,165,247121970,6.7501388888888894
2015-02-19 00:00:00 UTC,418,118,247092790,3.0308333333333337
2015-02-19 00:00:00 UTC,418,119,247092790,0.20472222222222222
2015-02-19 00:00:00 UTC,418,121,247092790,2.86125
2015-02-19 00:00:00 UTC,418,120,247092790,0.86527777777777781
2015-02-19 00:00:00 UTC,418,117,247092790,1.4147222222222222
2015-02-19 00:00:00 UTC,418,165,247121720,4.32625
2015-02-19 00:00:00 UTC,418,-1245,367145530,1.2793055555555557
2015-02-19 00:00:00 UTC,418,-1246,367145530,0.8831944444444445
2015-02-19 00:00:00 UTC,418,121,247093050,1.6555555555555557
2015-02-19 00:00:00 UTC,418,163,247125820,0.53722222222222227
2015-02-19 00:00:00 UTC,418,31,224026690,0.38277777777777777
2015-02-19 00:00:00 UTC,418,121,247092810,1.0531944444444445
2015-02-19 00:00:00 UTC,418,164,247127890,7.6709722222222219
2015-02-19 00:00:00 UTC,418,163,247127890,2.8362499999999997
2015-02-19 00:00:00 UTC,418,32,224106840,0.905
2015-02-19 00:00:00 UTC,418,117,247096930,2.1961111111111111
2015-02-19 00:00:00 UTC,418,116,247096930,3.4291666666666671
2015-02-19 00:00:00 UTC,418,355,271069035,3.2722222222222221
2015-02-19 00:00:00 UTC,418,165,247122030,13.316805555555558
2015-02-19 00:00:00 UTC,418,33,224250230,11.019722222222221
2015-02-19 00:00:00 UTC,418,121,247092860,2.078611111111111
2015-02-19 00:00:00 UTC,418,117,247128190,2.080138888888889
2015-02-19 00:00:00 UTC,418,116,247128190,0.21652777777777776
2015-02-19 00:00:00 UTC,418,-94,263408000,1.9997222222222222
2015-02-19 00:00:00 UTC,418,-93,263408000,1.5372222222222223
2015-02-19 00:00:00 UTC,418,-94,224051590,7.1944444444444446
2015-02-19 00:00:00 UTC,418,164,247125640,4.6093055555555553
2015-02-19 00:00:00 UTC,418,163,247122570,0.37347222222222221
2015-02-19 00:00:00 UTC,418,166,247121810,2.66
2015-02-19 00:00:00 UTC,418,162,247087510,1.0680555555555555
2015-02-19 00:00:00 UTC,418,121,247092890,2.6623611111111112
2015-02-19 00:00:00 UTC,418,120,247092890,1.4181944444444443
2015-02-19 00:00:00 UTC,418,162,247127450,0.72638888888888875
2015-02-19 00:00:00 UTC,418,31,224104380,0.37555555555555553
2015-02-19 00:00:00 UTC,418,163,247122110,4.083333333333333
2015-02-19 00:00:00 UTC,418,35,224201160,1.3520833333333333
2015-02-19 00:00:00 UTC,418,34,224201160,2.1559722222222222
2015-02-19 00:00:00 UTC,418,166,247280850,6.1194444444444454
2015-02-19 00:00:00 UTC,418,165,247122130,4.8388888888888895
2015-02-19 00:00:00 UTC,418,33,224137940,0.88555555555555554
2015-02-19 00:00:00 UTC,418,35,224137940,0.46916666666666668
2015-02-19 00:00:00 UTC,418,34,224137940,2.1691666666666665
2015-02-19 00:00:00 UTC,418,120,247092950,3.0747222222222224
2015-02-19 00:00:00 UTC,418,121,247092950,3.3322222222222226
2015-02-19 00:00:00 UTC,418,417,213847000,1.672638888888889
2015-02-19 00:00:00 UTC,418,117,247099360,0.21944444444444444
2015-02-19 00:00:00 UTC,418,118,247099360,1.4594444444444443
2015-02-19 00:00:00 UTC,418,119,247099360,1.6576388888888889
2015-02-19 00:00:00 UTC,418,120,247099360,1.4373611111111111
2015-02-19 00:00:00 UTC,418,121,247099360,0.61555555555555552
2015-02-19 00:00:00 UTC,418,164,247121640,6.7847222222222223
2015-02-19 00:00:00 UTC,418,165,247121640,7.5290277777777774
2015-02-19 00:00:00 UTC,418,31,224123370,0.57347222222222227
2015-02-19 00:00:00 UTC,418,32,224123370,1.7650000000000001
2015-02-19 00:00:00 UTC,418,118,247092980,4.3493055555555564
2015-02-19 00:00:00 UTC,418,121,247092980,2.5306944444444444
2015-02-19 00:00:00 UTC,418,120,247092980,1.2383333333333333
2015-02-19 00:00:00 UTC,418,119,247092980,1.6783333333333337
2015-02-19 00:00:00 UTC,418,165,247121660,4.0445833333333336
2015-02-19 00:00:00 UTC,418,31,224233470,0.34652777777777777
2015-02-19 00:00:00 UTC,674,106,273216200,3.8468055555555556
2015-02-19 00:00:00 UTC,674,111,273457870,1.5281944444444444
2015-02-19 00:00:00 UTC,-350,186,601099800,1.5201388888888889
2015-02-19 00:00:00 UTC,-350,-563,224820000,0.83347222222222217
2015-02-19 00:00:00 UTC,-350,-562,224820000,10.252222222222223
2015-02-19 00:00:00 UTC,-350,-562,770576182,2.0590277777777777
2015-02-19 00:00:00 UTC,-350,-563,770576182,5.72
2015-02-19 00:00:00 UTC,-94,-1109,432936000,1.5615277777777778
2015-02-19 00:00:00 UTC,-94,-1111,432914000,1.2697222222222222
2015-02-19 00:00:00 UTC,-94,-1114,431022000,0.64152777777777781
2015-02-19 00:00:00 UTC,-94,624,416002039,8.913333333333334
2015-02-19 00:00:00 UTC,419,32,224095490,0.23708333333333331
2015-02-19 00:00:00 UTC,419,118,247094280,0.63472222222222219
2015-02-19 00:00:00 UTC,419,34,224102670,3.6437499999999994
2015-02-19 00:00:00 UTC,419,32,224102670,1.1884722222222224
2015-02-19 00:00:00 UTC,419,33,224102670,3.2723611111111111
2015-02-19 00:00:00 UTC,419,164,247121680,5.7398611111111109
2015-02-19 00:00:00 UTC,419,165,247121680,2.3141666666666669
2015-02-19 00:00:00 UTC,419,34,224095770,3.841111111111112
2015-02-19 00:00:00 UTC,419,33,224095770,11.295000000000003
2015-02-19 00:00:00 UTC,419,152,247125790,4.4072222222222219
2015-02-19 00:00:00 UTC,419,151,247125790,2.2877777777777779
2015-02-19 00:00:00 UTC,419,153,247125790,1.5483333333333333
2015-02-19 00:00:00 UTC,419,117,247094310,0.21277777777777779
2015-02-19 00:00:00 UTC,419,164,247121710,4.1525
2015-02-19 00:00:00 UTC,419,-94,224090160,0.42624999999999996
2015-02-19 00:00:00 UTC,419,34,224104240,0.63902777777777775
2015-02-19 00:00:00 UTC,419,35,224104240,4.5400000000000009
2015-02-19 00:00:00 UTC,419,34,224088370,2.3491666666666671
2015-02-19 00:00:00 UTC,419,32,224088370,1.0208333333333333
2015-02-19 00:00:00 UTC,419,33,224088370,3.8401388888888888
2015-02-19 00:00:00 UTC,419,164,247121970,4.0275
2015-02-19 00:00:00 UTC,419,152,247111480,1.9545833333333333
2015-02-19 00:00:00 UTC,419,153,247111480,4.429444444444445
2015-02-19 00:00:00 UTC,419,151,247111480,5.9840277777777775
2015-02-19 00:00:00 UTC,419,164,247121720,1.6491666666666664
2015-02-19 00:00:00 UTC,419,165,247121720,0.465
2015-02-19 00:00:00 UTC,419,117,247094330,1.4995833333333333
2015-02-19 00:00:00 UTC,419,163,247125820,2.3204166666666666
2015-02-19 00:00:00 UTC,419,354,271069012,4.1545833333333331
2015-02-19 00:00:00 UTC,419,115,247096930,0.20569444444444446
2015-02-19 00:00:00 UTC,419,116,247096930,1.652222222222222
2015-02-19 00:00:00 UTC,419,117,247096930,0.62930555555555556
2015-02-19 00:00:00 UTC,419,165,247122030,0.57333333333333336
2015-02-19 00:00:00 UTC,419,164,247122030,3.4238888888888885
2015-02-19 00:00:00 UTC,419,33,224250230,2.8655555555555559
2015-02-19 00:00:00 UTC,419,34,224250230,1.6979166666666667
2015-02-19 00:00:00 UTC,419,32,224250230,0.4629166666666667
2015-02-19 00:00:00 UTC,419,117,247128190,0.83791666666666664
2015-02-19 00:00:00 UTC,419,115,247128190,2.6686111111111108
2015-02-19 00:00:00 UTC,419,116,247128190,3.6997222222222224
2015-02-19 00:00:00 UTC,419,-90,224209540,7.7855555555555558
2015-02-19 00:00:00 UTC,419,-94,224051590,2.2122222222222221
2015-02-19 00:00:00 UTC,419,-93,224051590,1.4140277777777779
2015-02-19 00:00:00 UTC,419,-92,224051590,3.1731944444444444
2015-02-19 00:00:00 UTC,419,163,247125640,2.8154166666666662
2015-02-19 00:00:00 UTC,419,164,247125640,1.3498611111111112
2015-02-19 00:00:00 UTC,419,118,247094410,0.84958333333333325
2015-02-19 00:00:00 UTC,419,163,247122570,1.7277777777777779
2015-02-19 00:00:00 UTC,419,117,247099790,1.7022222222222221
2015-02-19 00:00:00 UTC,419,166,247121810,1.3273611111111112
2015-02-19 00:00:00 UTC,419,161,247087510,8.0961111111111119
2015-02-19 00:00:00 UTC,419,162,247087510,8.38861111111111
2015-02-19 00:00:00 UTC,419,162,247127450,0.84638888888888886
2015-02-19 00:00:00 UTC,419,161,247127450,1.0252777777777777
2015-02-19 00:00:00 UTC,419,160,247127450,0.63569444444444434
2015-02-19 00:00:00 UTC,419,164,247122850,0.44499999999999995
2015-02-19 00:00:00 UTC,419,33,224087460,0.87083333333333324
2015-02-19 00:00:00 UTC,419,32,224087460,4.1084722222222227
2015-02-19 00:00:00 UTC,419,164,247121590,6.1806944444444447
2015-02-19 00:00:00 UTC,419,163,247122110,1.4654166666666666
2015-02-19 00:00:00 UTC,419,162,247122110,0.70097222222222222
2015-02-19 00:00:00 UTC,419,34,224095430,3.6751388888888892
2015-02-19 00:00:00 UTC,419,33,224095430,2.3812499999999996
2015-02-19 00:00:00 UTC,419,-90,224119750,0.41916666666666669
2015-02-19 00:00:00 UTC,419,35,224201160,3.7506944444444441
2015-02-19 00:00:00 UTC,419,165,247122130,0.87777777777777777
2015-02-19 00:00:00 UTC,419,164,247122130,1.5638888888888889
2015-02-19 00:00:00 UTC,419,35,224137940,3.9918055555555552
2015-02-19 00:00:00 UTC,419,117,247092950,0.20166666666666666
2015-02-19 00:00:00 UTC,419,120,247092950,1.2576388888888888
2015-02-19 00:00:00 UTC,419,119,247092950,2.9106944444444443
2015-02-19 00:00:00 UTC,419,118,247092950,2.6788888888888893
2015-02-19 00:00:00 UTC,419,417,213847000,0.60125000000000006
2015-02-19 00:00:00 UTC,419,119,247099360,0.21375
2015-02-19 00:00:00 UTC,419,-90,224085730,2.8961111111111113
2015-02-19 00:00:00 UTC,419,165,247121640,0.79888888888888887
2015-02-19 00:00:00 UTC,419,34,224070380,4.0726388888888891
2015-02-19 00:00:00 UTC,419,33,224070380,2.37
2015-02-19 00:00:00 UTC,419,120,247092980,0.2072222222222222
2015-02-19 00:00:00 UTC,419,165,247121660,0.95847222222222217
2015-02-19 00:00:00 UTC,419,164,247121660,1.3969444444444443
2015-02-19 00:00:00 UTC,675,109,273216200,12.829583333333332
2015-02-19 00:00:00 UTC,675,110,273457870,1.5223611111111111
2015-02-19 00:00:00 UTC,675,111,273457870,10.10888888888889
2015-02-19 00:00:00 UTC,-605,-451,258139000,4.0323611111111113
2015-02-19 00:00:00 UTC,-605,-452,258139000,0.98986111111111108
2015-02-19 00:00:00 UTC,-349,185,601099800,0.82875
2015-02-19 00:00:00 UTC,-349,186,601099800,1.2109722222222221
2015-02-19 00:00:00 UTC,-349,241,601221000,1.77375
2015-02-19 00:00:00 UTC,-349,240,601221000,0.86166666666666658
2015-02-19 00:00:00 UTC,-349,242,601221000,0.39125
2015-02-19 00:00:00 UTC,-349,239,601221000,1.4652777777777779
2015-02-19 00:00:00 UTC,-349,238,601221000,1.7030555555555558
2015-02-19 00:00:00 UTC,-349,244,601221000,4.7
2015-02-19 00:00:00 UTC,-349,247,601572000,1.028888888888889
2015-02-19 00:00:00 UTC,-349,246,601572000,4.7201388888888891
2015-02-19 00:00:00 UTC,-349,248,601572000,0.18916666666666668
2015-02-19 00:00:00 UTC,-349,181,601677000,7.3666666666666663
2015-02-19 00:00:00 UTC,-93,-1153,412420874,4.7125
2015-02-19 00:00:00 UTC,-93,-1154,412420874,2.1555555555555554
2015-02-19 00:00:00 UTC,-93,1649,440233000,6.5268055555555549
2015-02-19 00:00:00 UTC,-93,-1176,432990000,0.37569444444444444
2015-02-19 00:00:00 UTC,-93,-1175,432990000,0.41569444444444448
2015-02-19 00:00:00 UTC,-93,-1109,432936000,1.4762499999999998
2015-02-19 00:00:00 UTC,-93,-1111,432914000,1.7279166666666665
2015-02-19 00:00:00 UTC,-93,-1114,431022000,1.085
2015-02-19 00:00:00 UTC,-93,624,416002039,4.8043055555555556
2015-02-19 00:00:00 UTC,164,-1584,338060008,2.5608333333333331
2015-02-19 00:00:00 UTC,420,118,247094280,0.42625
2015-02-19 00:00:00 UTC,420,117,247094280,3.8795833333333336
2015-02-19 00:00:00 UTC,420,116,247094280,0.85263888888888884
2015-02-19 00:00:00 UTC,420,149,247102730,1.0444444444444443
2015-02-19 00:00:00 UTC,420,150,247102730,3.2084722222222219
2015-02-19 00:00:00 UTC,420,152,247102730,4.4169444444444448
2015-02-19 00:00:00 UTC,420,153,247102730,0.21263888888888888
2015-02-19 00:00:00 UTC,420,151,247102730,2.8401388888888888
2015-02-19 00:00:00 UTC,420,162,247121680,1.3279166666666669
2015-02-19 00:00:00 UTC,420,163,247121680,1.9373611111111111
2015-02-19 00:00:00 UTC,420,161,247121680,0.66347222222222224
2015-02-19 00:00:00 UTC,420,164,247121680,0.63069444444444445
2015-02-19 00:00:00 UTC,420,416,271072023,1.3868055555555556
2015-02-19 00:00:00 UTC,420,-94,224041240,1.1359722222222222
2015-02-19 00:00:00 UTC,420,153,247125790,1.9522222222222219
2015-02-19 00:00:00 UTC,420,152,247125790,3.505
2015-02-19 00:00:00 UTC,420,151,247125790,4.4997222222222222
2015-02-19 00:00:00 UTC,420,150,247125790,0.65152777777777771
2015-02-19 00:00:00 UTC,420,116,247094310,0.84722222222222221
2015-02-19 00:00:00 UTC,420,118,247094310,0.66388888888888886
2015-02-19 00:00:00 UTC,420,117,247094310,3.9002777777777777
2015-02-19 00:00:00 UTC,420,164,247121710,0.61958333333333337
2015-02-19 00:00:00 UTC,420,-94,224090160,1.37375
2015-02-19 00:00:00 UTC,420,164,247121970,0.84833333333333338
2015-02-19 00:00:00 UTC,420,150,247111480,2.5469444444444447
2015-02-19 00:00:00 UTC,420,151,247111480,1.2597222222222222
2015-02-19 00:00:00 UTC,420,149,247111480,0.8475
2015-02-19 00:00:00 UTC,420,164,247121720,0.42652777777777778
2015-02-19 00:00:00 UTC,420,163,247121720,2.1179166666666669
2015-02-19 00:00:00 UTC,420,162,247121720,1.4725000000000001
2015-02-19 00:00:00 UTC,420,161,247121720,0.63013888888888892
2015-02-19 00:00:00 UTC,420,116,247094330,3.4597222222222217
2015-02-19 00:00:00 UTC,420,117,247094330,1.6827777777777779
2015-02-19 00:00:00 UTC,420,115,247094330,1.6565277777777778
2015-02-19 00:00:00 UTC,420,162,247125820,1.0443055555555556
2015-02-19 00:00:00 UTC,420,161,247125820,0.82513888888888887
2015-02-19 00:00:00 UTC,420,163,247125820,0.8504166666666666
2015-02-19 00:00:00 UTC,420,-91,224103490,6.6981944444444439
2015-02-19 00:00:00 UTC,420,161,247121730,9.0833333333333339
2015-02-19 00:00:00 UTC,420,-94,224056130,0.20458333333333334
2015-02-19 00:00:00 UTC,420,115,247094340,2.1875
2015-02-19 00:00:00 UTC,420,-93,263517000,0.88319444444444439
2015-02-19 00:00:00 UTC,420,-92,263517000,1.5724999999999998
2015-02-19 00:00:00 UTC,420,161,247123530,1.2341666666666664
2015-02-19 00:00:00 UTC,420,163,247124560,1.0015277777777778
2015-02-19 00:00:00 UTC,420,-94,224067670,1.2241666666666666
2015-02-19 00:00:00 UTC,420,115,247096930,2.3611111111111112
2015-02-19 00:00:00 UTC,420,160,247126890,1.6448611111111109
2015-02-19 00:00:00 UTC,420,159,247126890,0.40361111111111114
2015-02-19 00:00:00 UTC,420,154,247125620,1.6622222222222223
2015-02-19 00:00:00 UTC,420,152,247125620,0.62763888888888886
2015-02-19 00:00:00 UTC,420,155,247125620,1.0933333333333333
2015-02-19 00:00:00 UTC,420,153,247125620,1.733888888888889
2015-02-19 00:00:00 UTC,420,163,247124610,0.48291666666666672
2015-02-19 00:00:00 UTC,420,161,247124610,1.0231944444444443
2015-02-19 00:00:00 UTC,420,162,247124610,1.6534722222222222
2015-02-19 00:00:00 UTC,420,-93,224051590,6.8831944444444444
2015-02-19 00:00:00 UTC,420,-92,224051590,1.4423611111111112
2015-02-19 00:00:00 UTC,420,163,247125640,1.8056944444444445
2015-02-19 00:00:00 UTC,420,117,247094410,14.355138888888888
2015-02-19 00:00:00 UTC,420,118,247094410,0.67805555555555552
2015-02-19 00:00:00 UTC,420,116,247094410,0.67847222222222214
2015-02-19 00:00:00 UTC,420,162,247122570,1.2622222222222221
2015-02-19 00:00:00 UTC,420,161,247122570,1.2694444444444444
2015-02-19 00:00:00 UTC,420,163,247122570,1.5169444444444442
2015-02-19 00:00:00 UTC,420,160,247122570,0.40986111111111112
2015-02-19 00:00:00 UTC,420,117,247099790,1.0530555555555556
2015-02-19 00:00:00 UTC,420,115,247099790,0.6218055555555555
2015-02-19 00:00:00 UTC,420,116,247099790,5.9730555555555558
2015-02-19 00:00:00 UTC,420,166,247121810,5.7541666666666655
2015-02-19 00:00:00 UTC,420,416,271072147,1.018888888888889
2015-02-19 00:00:00 UTC,420,160,247280790,1.0291666666666666
2015-02-19 00:00:00 UTC,420,159,247280790,2.9905555555555554
2015-02-19 00:00:00 UTC,420,161,247280790,1.7065277777777779
2015-02-19 00:00:00 UTC,420,158,247280790,1.0469444444444445
2015-02-19 00:00:00 UTC,420,161,247087510,0.20291666666666666
2015-02-19 00:00:00 UTC,420,162,247087510,1.9070833333333335
2015-02-19 00:00:00 UTC,420,152,247103130,4.46
2015-02-19 00:00:00 UTC,420,151,247103130,0.42638888888888893
2015-02-19 00:00:00 UTC,420,150,247103130,0.44319444444444445
2015-02-19 00:00:00 UTC,420,159,247122330,0.20111111111111113
2015-02-19 00:00:00 UTC,420,160,247122330,1.0416666666666667
2015-02-19 00:00:00 UTC,420,160,247127450,0.61555555555555563
2015-02-19 00:00:00 UTC,420,159,247127450,1.5634722222222222
2015-02-19 00:00:00 UTC,420,160,247124380,1.2302777777777778
2015-02-19 00:00:00 UTC,420,156,247124380,1.2413888888888889
2015-02-19 00:00:00 UTC,420,157,247124380,1.4598611111111111
2015-02-19 00:00:00 UTC,420,158,247124380,2.1025
2015-02-19 00:00:00 UTC,420,155,247124380,0.91125
2015-02-19 00:00:00 UTC,420,161,247124380,1.0293055555555557
2015-02-19 00:00:00 UTC,420,159,247124380,1.2393055555555554
2015-02-19 00:00:00 UTC,420,115,247099810,0.50555555555555554
2015-02-19 00:00:00 UTC,420,116,247099810,3.0612500000000002
2015-02-19 00:00:00 UTC,420,162,247122850,0.84722222222222221
2015-02-19 00:00:00 UTC,420,160,247122850,0.61944444444444446
2015-02-19 00:00:00 UTC,420,164,247122850,0.42652777777777778
2015-02-19 00:00:00 UTC,420,161,247122850,1.462361111111111
2015-02-19 00:00:00 UTC,420,163,247122850,1.2366666666666666
2015-02-19 00:00:00 UTC,420,33,224087460,1.7181944444444446
2015-02-19 00:00:00 UTC,420,161,247124390,1.4687499999999998
2015-02-19 00:00:00 UTC,420,158,247124390,0.62916666666666665
2015-02-19 00:00:00 UTC,420,160,247124390,1.0202777777777778
2015-02-19 00:00:00 UTC,420,162,247124390,1.2779166666666666
2015-02-19 00:00:00 UTC,420,-95,224195750,6.1498611111111119
2015-02-19 00:00:00 UTC,420,149,247076010,1.51125
2015-02-19 00:00:00 UTC,420,149,247100590,0.64916666666666667
2015-02-19 00:00:00 UTC,420,150,247100590,1.7273611111111111
2015-02-19 00:00:00 UTC,420,161,247125680,0.40597222222222223
2015-02-19 00:00:00 UTC,420,116,247099830,1.9151388888888889
2015-02-19 00:00:00 UTC,420,161,247121590,0.43736111111111109
2015-02-19 00:00:00 UTC,420,162,247121590,1.8694444444444445
2015-02-19 00:00:00 UTC,420,164,247121590,0.65125
2015-02-19 00:00:00 UTC,420,163,247121590,0.82763888888888892
2015-02-19 00:00:00 UTC,420,115,247097280,6.2712499999999993
2015-02-19 00:00:00 UTC,420,-90,224119750,5.6158333333333355
2015-02-19 00:00:00 UTC,420,160,247121360,1.1159722222222221
2015-02-19 00:00:00 UTC,420,161,247121360,1.5395833333333333
2015-02-19 00:00:00 UTC,420,162,247122130,1.4248611111111111
2015-02-19 00:00:00 UTC,420,164,247122130,0.42652777777777773
2015-02-19 00:00:00 UTC,420,161,247122130,0.63222222222222224
2015-02-19 00:00:00 UTC,420,163,247122130,2.0859722222222219
2015-02-19 00:00:00 UTC,420,117,247092950,0.42055555555555552
2015-02-19 00:00:00 UTC,420,118,247092950,0.20708333333333334
2015-02-19 00:00:00 UTC,420,150,247081440,1.4836111111111108
2015-02-19 00:00:00 UTC,420,-90,224085730,5.7234722222222238
2015-02-19 00:00:00 UTC,420,118,247094260,2.4645833333333336
2015-02-19 00:00:00 UTC,420,117,247094260,8.17138888888889
2015-02-19 00:00:00 UTC,420,164,247121660,0.62666666666666671
2015-02-19 00:00:00 UTC,420,161,247121660,1.0429166666666667
2015-02-19 00:00:00 UTC,420,162,247121660,1.2443055555555556
2015-02-19 00:00:00 UTC,420,163,247121660,1.425
2015-02-19 00:00:00 UTC,420,153,247123710,1.7597222222222224
2015-02-19 00:00:00 UTC,420,155,247123710,4.887777777777778
2015-02-19 00:00:00 UTC,420,154,247123710,2.2216666666666667
2015-02-19 00:00:00 UTC,420,152,247123710,1.1626388888888888
2015-02-19 00:00:00 UTC,-604,-456,259539000,3.2001388888888886
2015-02-19 00:00:00 UTC,-604,-458,259539000,8.5749999999999975
2015-02-19 00:00:00 UTC,-604,-457,259539000,8.74986111111111
2015-02-19 00:00:00 UTC,-604,-453,258139000,11.379583333333333
2015-02-19 00:00:00 UTC,-604,-454,258139000,0.65972222222222221
2015-02-19 00:00:00 UTC,-604,-452,258139000,6.2590277777777787
2015-02-19 00:00:00 UTC,-348,184,601099800,1.1151388888888887
2015-02-19 00:00:00 UTC,-348,-917,224626000,0.36805555555555558
2015-02-19 00:00:00 UTC,-348,243,601221000,0.87416666666666676
2015-02-19 00:00:00 UTC,-348,242,601221000,1.473611111111111
2015-02-19 00:00:00 UTC,-348,241,601221000,0.2038888888888889
2015-02-19 00:00:00 UTC,-348,240,601221000,0.8701388888888888
2015-02-19 00:00:00 UTC,-348,249,601572000,1.3804166666666668
2015-02-19 00:00:00 UTC,-348,251,601572000,1.2054166666666666
2015-02-19 00:00:00 UTC,-348,250,601572000,1.7293055555555557
2015-02-19 00:00:00 UTC,-348,248,601572000,1.2568055555555557
2015-02-19 00:00:00 UTC,-348,181,601677000,3.3125
2015-02-19 00:00:00 UTC,-348,180,601677000,3.7541666666666664
2015-02-19 00:00:00 UTC,-348,192,601194700,4.7769444444444442
2015-02-19 00:00:00 UTC,-92,1649,440233000,11.992916666666666
2015-02-19 00:00:00 UTC,-92,-1176,432990000,0.58902777777777771
2015-02-19 00:00:00 UTC,-92,-1174,432990000,0.34847222222222218
2015-02-19 00:00:00 UTC,-92,-1175,432990000,0.23652777777777778
2015-02-19 00:00:00 UTC,-92,-1109,432936000,4.0254166666666666
2015-02-19 00:00:00 UTC,-92,-1111,432914000,1.0215277777777778
2015-02-19 00:00:00 UTC,-92,-1114,431022000,2.6854166666666668
2015-02-19 00:00:00 UTC,-92,624,416002039,4.6719444444444438
2015-02-19 00:00:00 UTC,165,-1585,338060008,4.8872222222222224
2015-02-19 00:00:00 UTC,421,150,247102720,1.9183333333333334
2015-02-19 00:00:00 UTC,421,149,247102720,3.1106944444444444
2015-02-19 00:00:00 UTC,421,115,247094280,0.21847222222222223
2015-02-19 00:00:00 UTC,421,116,247094280,4.6047222222222226
2015-02-19 00:00:00 UTC,421,150,247102730,1.2180555555555554
2015-02-19 00:00:00 UTC,421,152,247102730,1.05375
2015-02-19 00:00:00 UTC,421,149,247102730,0.44833333333333331
2015-02-19 00:00:00 UTC,421,148,247102730,1.0877777777777777
2015-02-19 00:00:00 UTC,421,151,247102730,3.9945833333333338
2015-02-19 00:00:00 UTC,421,151,247100430,0.23166666666666669
2015-02-19 00:00:00 UTC,421,161,247121680,0.20833333333333334
2015-02-19 00:00:00 UTC,421,-94,224041240,5.2208333333333341
2015-02-19 00:00:00 UTC,421,-93,224041240,0.66125
2015-02-19 00:00:00 UTC,421,415,271072034,0.42138888888888892
2015-02-19 00:00:00 UTC,421,415,271072035,2.4918055555555556
2015-02-19 00:00:00 UTC,421,115,247094310,0.90847222222222213
2015-02-19 00:00:00 UTC,421,116,247094310,3.7627777777777771
2015-02-19 00:00:00 UTC,421,416,271072044,0.525
2015-02-19 00:00:00 UTC,421,415,271072044,1.7441666666666669
2015-02-19 00:00:00 UTC,421,-90,224169260,2.1647222222222222
2015-02-19 00:00:00 UTC,421,415,271072046,1.6873611111111111
2015-02-19 00:00:00 UTC,421,-95,224090160,0.20972222222222223
2015-02-19 00:00:00 UTC,421,-94,224090160,1.8159722222222223
2015-02-19 00:00:00 UTC,421,148,247111480,1.4455555555555555
2015-02-19 00:00:00 UTC,421,149,247111480,0.45666666666666667
2015-02-19 00:00:00 UTC,421,160,247121720,1.4902777777777778
2015-02-19 00:00:00 UTC,421,161,247121720,1.2627777777777778
2015-02-19 00:00:00 UTC,421,115,247094330,2.2418055555555556
2015-02-19 00:00:00 UTC,421,160,247125820,1.4693055555555552
2015-02-19 00:00:00 UTC,421,158,247125820,0.90444444444444461
2015-02-19 00:00:00 UTC,421,159,247125820,1.4858333333333333
2015-02-19 00:00:00 UTC,421,161,247125820,1.0404166666666668
2015-02-19 00:00:00 UTC,421,-91,224103490,7.0637500000000006
2015-02-19 00:00:00 UTC,421,161,247121730,0.83597222222222212
2015-02-19 00:00:00 UTC,421,160,247121730,1.0375
2015-02-19 00:00:00 UTC,421,-94,224056130,5.3144444444444439
2015-02-19 00:00:00 UTC,421,115,247094340,0.36097222222222225
2015-02-19 00:00:00 UTC,421,114,247094340,8.5225
2015-02-19 00:00:00 UTC,421,-92,263517000,0.53486111111111112
2015-02-19 00:00:00 UTC,421,415,271069001,3.4741666666666662
2015-02-19 00:00:00 UTC,421,32,224594250,3.5301388888888887
2015-02-19 00:00:00 UTC,421,158,247123530,1.2609722222222222
2015-02-19 00:00:00 UTC,421,160,247123530,1.2515277777777778
2015-02-19 00:00:00 UTC,421,159,247123530,1.2666666666666666
2015-02-19 00:00:00 UTC,421,161,247123530,0.21847222222222223
2015-02-19 00:00:00 UTC,421,157,247123530,0.836111111111111
2015-02-19 00:00:00 UTC,421,-93,224067670,1.6156944444444448
2015-02-19 00:00:00 UTC,421,-94,224067670,3.1677777777777782
2015-02-19 00:00:00 UTC,421,31,224175190,0.99736111111111114
2015-02-19 00:00:00 UTC,421,116,247094360,3.7213888888888889
2015-02-19 00:00:00 UTC,421,115,247094360,0.23083333333333333
2015-02-19 00:00:00 UTC,421,152,247102810,0.68347222222222226
2015-02-19 00:00:00 UTC,421,151,247102810,0.56375
2015-02-19 00:00:00 UTC,421,415,271069020,0.27430555555555558
2015-02-19 00:00:00 UTC,421,33,224093790,0.20541666666666666
2015-02-19 00:00:00 UTC,421,155,247126890,4.1147222222222224
2015-02-19 00:00:00 UTC,421,157,247126890,1.2558333333333334
2015-02-19 00:00:00 UTC,421,159,247126890,0.82541666666666669
2015-02-19 00:00:00 UTC,421,158,247126890,1.5094444444444446
2015-02-19 00:00:00 UTC,421,156,247126890,1.0358333333333332
2015-02-19 00:00:00 UTC,421,415,271072875,1.4997222222222222
2015-02-19 00:00:00 UTC,421,415,271069041,3.3888888888888893
2015-02-19 00:00:00 UTC,421,154,247100530,0.49027777777777781
2015-02-19 00:00:00 UTC,421,153,247100530,0.42208333333333337
2015-02-19 00:00:00 UTC,421,155,247121010,0.46305555555555555
2015-02-19 00:00:00 UTC,421,153,247121010,2.9197222222222221
2015-02-19 00:00:00 UTC,421,154,247121010,2.5491666666666668
2015-02-19 00:00:00 UTC,421,154,247125620,1.7361111111111112
2015-02-19 00:00:00 UTC,421,153,247125620,2.15375
2015-02-19 00:00:00 UTC,421,155,247125620,3.0681944444444436
2015-02-19 00:00:00 UTC,421,150,247125620,2.4763888888888892
2015-02-19 00:00:00 UTC,421,152,247125620,0.64305555555555549
2015-02-19 00:00:00 UTC,421,155,247121020,0.42625
2015-02-19 00:00:00 UTC,421,154,247121020,2.4899999999999998
2015-02-19 00:00:00 UTC,421,153,247121020,2.54125
2015-02-19 00:00:00 UTC,421,160,247121790,1.835833333333333
2015-02-19 00:00:00 UTC,421,150,247100290,1.9622222222222225
2015-02-19 00:00:00 UTC,421,151,247100290,0.84138888888888885
2015-02-19 00:00:00 UTC,421,161,247124610,0.20416666666666666
2015-02-19 00:00:00 UTC,421,159,247124610,5.3815277777777775
2015-02-19 00:00:00 UTC,421,158,247124610,4.2016666666666662
2015-02-19 00:00:00 UTC,421,160,247124610,4.536249999999999
2015-02-19 00:00:00 UTC,421,160,247125380,2.0763888888888888
2015-02-19 00:00:00 UTC,421,-92,224051590,0.32097222222222221
2015-02-19 00:00:00 UTC,421,158,247122310,0.65541666666666676
2015-02-19 00:00:00 UTC,421,153,247122310,0.638611111111111
2015-02-19 00:00:00 UTC,421,157,247122310,2.5309722222222222
2015-02-19 00:00:00 UTC,421,152,247122310,6.3684722222222216
2015-02-19 00:00:00 UTC,421,158,247122570,1.3166666666666669
2015-02-19 00:00:00 UTC,421,159,247122570,1.25
2015-02-19 00:00:00 UTC,421,160,247122570,0.8206944444444445
2015-02-19 00:00:00 UTC,421,115,247099790,2.345
2015-02-19 00:00:00 UTC,421,415,271072147,0.29986111111111113
2015-02-19 00:00:00 UTC,421,157,247280790,4.9648611111111123
2015-02-19 00:00:00 UTC,421,160,247280790,0.21277777777777779
2015-02-19 00:00:00 UTC,421,159,247280790,2.286944444444444
2015-02-19 00:00:00 UTC,421,158,247280790,4.4384722222222219
2015-02-19 00:00:00 UTC,421,156,247280790,0.64611111111111108
2015-02-19 00:00:00 UTC,421,151,247103130,9.5422222222222235
2015-02-19 00:00:00 UTC,421,152,247103130,3.7806944444444444
2015-02-19 00:00:00 UTC,421,150,247103130,2.114583333333333
2015-02-19 00:00:00 UTC,421,159,247122330,1.0348611111111112
2015-02-19 00:00:00 UTC,421,157,247122330,1.2620833333333332
2015-02-19 00:00:00 UTC,421,156,247122330,1.0180555555555555
2015-02-19 00:00:00 UTC,421,158,247122330,1.4683333333333333
2015-02-19 00:00:00 UTC,421,160,247121820,1.4529166666666669
2015-02-19 00:00:00 UTC,421,161,247121820,1.6736111111111109
2015-02-19 00:00:00 UTC,421,114,247099810,1.0223611111111113
2015-02-19 00:00:00 UTC,421,115,247099810,6.2616666666666649
2015-02-19 00:00:00 UTC,421,116,247099810,0.4095833333333333
2015-02-19 00:00:00 UTC,421,158,247122850,1.4936111111111112
2015-02-19 00:00:00 UTC,421,160,247122850,0.80430555555555561
2015-02-19 00:00:00 UTC,421,159,247122850,1.0745833333333334
2015-02-19 00:00:00 UTC,421,158,247124390,0.64833333333333332
2015-02-19 00:00:00 UTC,421,159,247124390,1.2462499999999999
2015-02-19 00:00:00 UTC,421,160,247124390,0.40902777777777782
2015-02-19 00:00:00 UTC,421,-95,224195750,8.698194444444443
2015-02-19 00:00:00 UTC,421,158,247080360,1.2216666666666667
2015-02-19 00:00:00 UTC,421,157,247080360,1.2405555555555556
2015-02-19 00:00:00 UTC,421,156,247080360,1.0402777777777779
2015-02-19 00:00:00 UTC,421,159,247080360,0.64208333333333334
2015-02-19 00:00:00 UTC,421,157,247123880,0.41527777777777775
2015-02-19 00:00:00 UTC,421,158,247123880,1.24875
2015-02-19 00:00:00 UTC,421,159,247123880,1.4483333333333333
2015-02-19 00:00:00 UTC,421,415,271072169,1.1761111111111111
2015-02-19 00:00:00 UTC,421,149,247076010,19.83763888888889
2015-02-19 00:00:00 UTC,421,150,247076010,0.47194444444444444
2015-02-19 00:00:00 UTC,421,151,247100590,3.080972222222222
2015-02-19 00:00:00 UTC,421,149,247100590,1.8956944444444443
2015-02-19 00:00:00 UTC,421,148,247100590,1.899027777777778
2015-02-19 00:00:00 UTC,421,150,247100590,3.7913888888888891
2015-02-19 00:00:00 UTC,421,159,247122350,1.4277777777777778
2015-02-19 00:00:00 UTC,421,158,247122350,1.4636111111111112
2015-02-19 00:00:00 UTC,421,160,247122350,1.04625
2015-02-19 00:00:00 UTC,421,157,247122350,1.026388888888889
2015-02-19 00:00:00 UTC,421,158,247125680,1.6791666666666667
2015-02-19 00:00:00 UTC,421,157,247125680,0.81680555555555556
2015-02-19 00:00:00 UTC,421,160,247125680,1.233611111111111
2015-02-19 00:00:00 UTC,421,161,247125680,0.405
2015-02-19 00:00:00 UTC,421,159,247125680,1.0581944444444444
2015-02-19 00:00:00 UTC,421,150,247068080,0.7861111111111112
2015-02-19 00:00:00 UTC,421,148,247068080,3.310972222222222
2015-02-19 00:00:00 UTC,421,149,247068080,0.43611111111111112
2015-02-19 00:00:00 UTC,421,153,247083190,0.61277777777777775
2015-02-19 00:00:00 UTC,421,152,247083190,2.5905555555555555
2015-02-19 00:00:00 UTC,421,115,247099830,6.7180555555555577
2015-02-19 00:00:00 UTC,421,116,247099830,3.7595833333333335
2015-02-19 00:00:00 UTC,421,160,247121590,1.2863888888888888
2015-02-19 00:00:00 UTC,421,161,247121590,0.82375000000000009
2015-02-19 00:00:00 UTC,421,115,247097280,0.3313888888888889
2015-02-19 00:00:00 UTC,421,114,247097280,5.5484722222222222
2015-02-19 00:00:00 UTC,421,415,271072969,0.92819444444444454
2015-02-19 00:00:00 UTC,421,160,247121360,0.43222222222222223
2015-02-19 00:00:00 UTC,421,158,247121360,1.8956944444444441
2015-02-19 00:00:00 UTC,421,159,247121360,1.4665277777777777
2015-02-19 00:00:00 UTC,421,160,247122130,1.4905555555555556
2015-02-19 00:00:00 UTC,421,161,247122130,1.2915277777777776
2015-02-19 00:00:00 UTC,421,-94,224136920,0.62486111111111109
2015-02-19 00:00:00 UTC,421,157,247120602,1.2268055555555555
2015-02-19 00:00:00 UTC,421,158,247120602,1.4515277777777778
2015-02-19 00:00:00 UTC,421,156,247120602,0.81916666666666671
2015-02-19 00:00:00 UTC,421,159,247120602,1.2665277777777777
2015-02-19 00:00:00 UTC,421,31,224104420,3.1658333333333335
2015-02-19 00:00:00 UTC,421,152,247122920,1.1986111111111111
2015-02-19 00:00:00 UTC,421,151,247122920,1.6390277777777778
2015-02-19 00:00:00 UTC,421,31,224072430,1.73875
2015-02-19 00:00:00 UTC,421,32,224072430,2.9198611111111106
2015-02-19 00:00:00 UTC,421,156,247123710,2.2844444444444445
2015-02-19 00:00:00 UTC,421,155,247123710,3.3543055555555554
2015-02-19 00:00:00 UTC,421,151,247123710,1.7445833333333336
2015-02-19 00:00:00 UTC,-347,184,601099800,7.2901388888888885
2015-02-19 00:00:00 UTC,-347,183,601099800,11.040138888888889
2015-02-19 00:00:00 UTC,-347,183,601137200,0.31680555555555556
2015-02-19 00:00:00 UTC,-347,182,601137200,4.0211111111111117
2015-02-19 00:00:00 UTC,-347,-917,224626000,0.48458333333333331
2015-02-19 00:00:00 UTC,-347,-915,224626000,0.33152777777777775
2015-02-19 00:00:00 UTC,-347,183,601244000,0.75013888888888891
2015-02-19 00:00:00 UTC,-347,243,601169000,4.024861111111111
2015-02-19 00:00:00 UTC,-347,244,601169000,2.8040277777777778
2015-02-19 00:00:00 UTC,-347,245,601169000,0.88583333333333336
2015-02-19 00:00:00 UTC,-347,252,601572000,1.4211111111111112
2015-02-19 00:00:00 UTC,-347,251,601572000,0.50263888888888886
2015-02-19 00:00:00 UTC,-347,253,601572000,3.2502777777777778
2015-02-19 00:00:00 UTC,-347,180,601677000,9.4441666666666677
2015-02-19 00:00:00 UTC,-347,192,601194700,0.99833333333333329
2015-02-19 00:00:00 UTC,-347,251,601202400,3.7841666666666662
2015-02-19 00:00:00 UTC,-347,250,601202400,4.005416666666668
2015-02-19 00:00:00 UTC,-347,248,601202400,0.64652777777777781
2015-02-19 00:00:00 UTC,-347,249,601202400,2.0016666666666665
2015-02-19 00:00:00 UTC,-91,-1176,432990000,0.51361111111111113
2015-02-19 00:00:00 UTC,-91,-1109,432936000,2.7731944444444445
2015-02-19 00:00:00 UTC,-91,-1111,432914000,1.0554166666666667
2015-02-19 00:00:00 UTC,166,-1589,338060008,3.6593055555555551
2015-02-19 00:00:00 UTC,166,-1590,338060008,0.99069444444444443
2015-02-19 00:00:00 UTC,422,151,247102720,3.1263888888888887
2015-02-19 00:00:00 UTC,422,150,247102720,2.8779166666666667
2015-02-19 00:00:00 UTC,422,149,247104260,5.3695833333333329
2015-02-19 00:00:00 UTC,422,115,247094280,1.3051388888888888
2015-02-19 00:00:00 UTC,422,150,247100680,1.4255555555555555
2015-02-19 00:00:00 UTC,422,151,247100430,3.1188888888888893
2015-02-19 00:00:00 UTC,422,152,247100430,1.5204166666666665
2015-02-19 00:00:00 UTC,422,-94,224041240,2.7705555555555557
2015-02-19 00:00:00 UTC,422,-93,224041240,0.6497222222222222
2015-02-19 00:00:00 UTC,422,-90,224021540,0.32944444444444443
2015-02-19 00:00:00 UTC,422,-90,224169260,1.3815277777777777
2015-02-19 00:00:00 UTC,422,114,247222320,0.11972222222222222
2015-02-19 00:00:00 UTC,422,-94,224090160,1.0609722222222222
2015-02-19 00:00:00 UTC,422,-95,224090160,0.85402777777777783
2015-02-19 00:00:00 UTC,422,-91,224103490,5.0366666666666671
2015-02-19 00:00:00 UTC,422,-94,224056130,3.7831944444444439
2015-02-19 00:00:00 UTC,422,-92,263517000,0.86638888888888888
2015-02-19 00:00:00 UTC,422,415,271069001,0.54083333333333328
2015-02-19 00:00:00 UTC,422,152,247100490,1.0386111111111109
2015-02-19 00:00:00 UTC,422,153,247100490,4.1752777777777776
2015-02-19 00:00:00 UTC,422,154,247123530,1.4154166666666668
2015-02-19 00:00:00 UTC,422,155,247123530,0.85236111111111112
2015-02-19 00:00:00 UTC,422,157,247123530,0.61361111111111111
2015-02-19 00:00:00 UTC,422,156,247123530,1.0499999999999998
2015-02-19 00:00:00 UTC,422,-95,224181580,3.4138888888888888
2015-02-19 00:00:00 UTC,422,-93,224067670,4.9479166666666661
2015-02-19 00:00:00 UTC,422,116,247094360,0.95680555555555546
2015-02-19 00:00:00 UTC,422,115,247094360,8.2640277777777786
2015-02-19 00:00:00 UTC,422,147,247102810,1.1248611111111111
2015-02-19 00:00:00 UTC,422,151,247102810,4.7304166666666667
2015-02-19 00:00:00 UTC,422,148,247102810,1.5859722222222223
2015-02-19 00:00:00 UTC,422,152,247102810,1.6804166666666664
2015-02-19 00:00:00 UTC,422,150,247102810,5.9740277777777777
2015-02-19 00:00:00 UTC,422,415,271069020,1.786388888888889
2015-02-19 00:00:00 UTC,422,34,224093790,2.4045833333333335
2015-02-19 00:00:00 UTC,422,-90,224961640,5.1561111111111115
2015-02-19 00:00:00 UTC,422,-91,224202860,3.0800000000000005
2015-02-19 00:00:00 UTC,422,152,247100530,0.63611111111111107
2015-02-19 00:00:00 UTC,422,153,247100530,1.4695833333333335
2015-02-19 00:00:00 UTC,422,159,247121010,0.20708333333333334
2015-02-19 00:00:00 UTC,422,156,247121010,1.0402777777777776
2015-02-19 00:00:00 UTC,422,155,247121010,1.8930555555555553
2015-02-19 00:00:00 UTC,422,154,247121010,0.41652777777777777
2015-02-19 00:00:00 UTC,422,151,247125620,2.9444444444444446
2015-02-19 00:00:00 UTC,422,152,247125620,1.1070833333333332
2015-02-19 00:00:00 UTC,422,167,247122040,1.6036111111111111
2015-02-19 00:00:00 UTC,422,168,247122040,5.049722222222222
2015-02-19 00:00:00 UTC,422,154,247121020,0.40430555555555558
2015-02-19 00:00:00 UTC,422,156,247121020,1.0543055555555556
2015-02-19 00:00:00 UTC,422,155,247121020,2.0788888888888888
2015-02-19 00:00:00 UTC,422,159,247121790,1.5637500000000002
2015-02-19 00:00:00 UTC,422,154,247121790,1.6736111111111114
2015-02-19 00:00:00 UTC,422,160,247121790,0.40972222222222221
2015-02-19 00:00:00 UTC,422,158,247121790,1.4420833333333334
2015-02-19 00:00:00 UTC,422,153,247121790,1.2558333333333334
2015-02-19 00:00:00 UTC,422,155,247121790,1.3648611111111113
2015-02-19 00:00:00 UTC,422,156,247121790,0.20833333333333331
2015-02-19 00:00:00 UTC,422,150,247100290,1.53625
2015-02-19 00:00:00 UTC,422,151,247100290,2.14875
2015-02-19 00:00:00 UTC,422,160,247125380,0.40819444444444447
2015-02-19 00:00:00 UTC,422,156,247125380,0.20291666666666666
2015-02-19 00:00:00 UTC,422,158,247125380,1.0404166666666668
2015-02-19 00:00:00 UTC,422,159,247125380,1.8693055555555558
2015-02-19 00:00:00 UTC,422,155,247125380,1.050138888888889
2015-02-19 00:00:00 UTC,422,153,247125380,1.6915277777777777
2015-02-19 00:00:00 UTC,422,154,247125380,0.42222222222222222
2015-02-19 00:00:00 UTC,422,155,247122310,1.2777777777777777
2015-02-19 00:00:00 UTC,422,154,247122310,1.6916666666666664
2015-02-19 00:00:00 UTC,422,153,247122310,1.5138888888888888
2015-02-19 00:00:00 UTC,422,157,247122310,0.6275
2015-02-19 00:00:00 UTC,422,156,247122310,2.1040277777777776
2015-02-19 00:00:00 UTC,422,152,247101320,0.25666666666666665
2015-02-19 00:00:00 UTC,422,153,247101320,0.73333333333333328
2015-02-19 00:00:00 UTC,422,146,247121290,0.77791666666666659
2015-02-19 00:00:00 UTC,422,152,247100570,5.0637500000000006
2015-02-19 00:00:00 UTC,422,147,247051930,0.3248611111111111
2015-02-19 00:00:00 UTC,422,154,247122330,1.2834722222222221
2015-02-19 00:00:00 UTC,422,156,247122330,0.20277777777777778
2015-02-19 00:00:00 UTC,422,155,247122330,1.2280555555555555
2015-02-19 00:00:00 UTC,422,155,247080360,0.20680555555555558
2015-02-19 00:00:00 UTC,422,154,247080360,3.1377777777777776
2015-02-19 00:00:00 UTC,422,156,247080360,0.20416666666666666
2015-02-19 00:00:00 UTC,422,155,247123880,4.1315277777777775
2015-02-19 00:00:00 UTC,422,415,271072169,0.51138888888888889
2015-02-19 00:00:00 UTC,422,147,247100590,2.5708333333333333
2015-02-19 00:00:00 UTC,422,155,247122350,1.5149999999999997
2015-02-19 00:00:00 UTC,422,156,247122350,1.2141666666666664
2015-02-19 00:00:00 UTC,422,154,247122350,1.1462499999999998
2015-02-19 00:00:00 UTC,422,157,247122350,0.20555555555555555
2015-02-19 00:00:00 UTC,422,157,247125680,0.41236111111111107
2015-02-19 00:00:00 UTC,422,155,247125680,1.6722222222222221
2015-02-19 00:00:00 UTC,422,154,247125680,0.83472222222222214
2015-02-19 00:00:00 UTC,422,156,247125680,1.2306944444444443
2015-02-19 00:00:00 UTC,422,150,247068080,0.97777777777777786
2015-02-19 00:00:00 UTC,422,152,247068080,3.1270833333333332
2015-02-19 00:00:00 UTC,422,151,247068080,4.884027777777777
2015-02-19 00:00:00 UTC,422,155,247083190,1.2538888888888891
2015-02-19 00:00:00 UTC,422,153,247083190,1.2344444444444445
2015-02-19 00:00:00 UTC,422,154,247083190,2.1973611111111109
2015-02-19 00:00:00 UTC,422,152,247083190,2.5602777777777779
2015-02-19 00:00:00 UTC,422,151,247083190,1.3073611111111112
2015-02-19 00:00:00 UTC,422,146,247121080,1.1163888888888889
2015-02-19 00:00:00 UTC,422,147,247101630,10.034305555555555
2015-02-19 00:00:00 UTC,422,113,247084740,0.21569444444444447
2015-02-19 00:00:00 UTC,422,114,247084740,0.97763888888888884
2015-02-19 00:00:00 UTC,422,167,247131080,6.7804166666666656
2015-02-19 00:00:00 UTC,422,-94,224136920,2.5723611111111109
2015-02-19 00:00:00 UTC,422,156,247120602,0.4236111111111111
2015-02-19 00:00:00 UTC,422,154,247120602,1.1679166666666667
2015-02-19 00:00:00 UTC,422,155,247120602,0.64013888888888881
2015-02-19 00:00:00 UTC,422,151,247100640,3.6613888888888888
2015-02-19 00:00:00 UTC,422,31,224104420,2.5320833333333335
2015-02-19 00:00:00 UTC,422,150,247122920,3.8891666666666667
2015-02-19 00:00:00 UTC,422,151,247122920,2.388611111111111
2015-02-19 00:00:00 UTC,422,152,247124220,3.6406944444444447
2015-02-19 00:00:00 UTC,-346,182,601137200,9.8593055555555562
2015-02-19 00:00:00 UTC,-346,-916,224626000,0.53569444444444447
2015-02-19 00:00:00 UTC,-346,182,601244000,8.7084722222222233
2015-02-19 00:00:00 UTC,-346,183,601244000,3.544027777777778
2015-02-19 00:00:00 UTC,-346,244,601169000,1.5427777777777778
2015-02-19 00:00:00 UTC,-346,247,601169000,6.1583333333333332
2015-02-19 00:00:00 UTC,-346,246,601169000,5.451944444444444
2015-02-19 00:00:00 UTC,-346,245,601169000,2.9033333333333329
2015-02-19 00:00:00 UTC,-346,252,601202400,1.7404166666666665
2015-02-19 00:00:00 UTC,-346,251,601202400,1.4441666666666666
2015-02-19 00:00:00 UTC,-90,-1172,432990000,2.96125
2015-02-19 00:00:00 UTC,-90,-1176,432990000,0.63888888888888884
2015-02-19 00:00:00 UTC,167,-1590,338060008,1.2325
2015-02-19 00:00:00 UTC,167,-1591,338060008,6.094444444444445
2015-02-19 00:00:00 UTC,423,148,247100420,3.1502777777777777
2015-02-19 00:00:00 UTC,423,149,247100420,1.8943055555555557
2015-02-19 00:00:00 UTC,423,153,247100680,0.21694444444444444
2015-02-19 00:00:00 UTC,423,150,247100680,0.8815277777777778
2015-02-19 00:00:00 UTC,423,152,247100680,1.0629166666666665
2015-02-19 00:00:00 UTC,423,151,247100680,1.2634722222222221
2015-02-19 00:00:00 UTC,423,146,247281420,1.3583333333333334
2015-02-19 00:00:00 UTC,423,145,247281420,1.5640277777777776
2015-02-19 00:00:00 UTC,423,414,271072268,0.69819444444444445
2015-02-19 00:00:00 UTC,423,151,247100430,1.0691666666666666
2015-02-19 00:00:00 UTC,423,152,247100430,3.1690277777777784
2015-02-19 00:00:00 UTC,423,415,271072023,1.3544444444444443
2015-02-19 00:00:00 UTC,423,-94,224041240,2.9870833333333331
2015-02-19 00:00:00 UTC,423,415,271072035,5.1525
2015-02-19 00:00:00 UTC,423,415,271072036,0.96652777777777787
2015-02-19 00:00:00 UTC,423,414,271072036,1.6452777777777781
2015-02-19 00:00:00 UTC,423,146,247103780,2.0054166666666671
2015-02-19 00:00:00 UTC,423,414,271072041,2.8447222222222219
2015-02-19 00:00:00 UTC,423,415,271072041,0.66194444444444445
2015-02-19 00:00:00 UTC,423,415,271072044,0.74958333333333327
2015-02-19 00:00:00 UTC,423,414,271072046,0.50847222222222221
2015-02-19 00:00:00 UTC,423,415,271072046,5.3375
2015-02-19 00:00:00 UTC,423,-94,224090160,2.5552777777777775
2015-02-19 00:00:00 UTC,423,-93,224090160,1.2730555555555554
2015-02-19 00:00:00 UTC,423,-94,224056130,2.9773611111111116
2015-02-19 00:00:00 UTC,423,414,271069001,0.97875
2015-02-19 00:00:00 UTC,423,152,247100490,0.85291666666666655
2015-02-19 00:00:00 UTC,423,151,247100490,0.67375
2015-02-19 00:00:00 UTC,423,-94,224181580,3.7788888888888885
2015-02-19 00:00:00 UTC,423,-95,224181580,1.5291666666666668
2015-02-19 00:00:00 UTC,423,-93,224067670,4.1218055555555564
2015-02-19 00:00:00 UTC,423,146,247100250,1.6
2015-02-19 00:00:00 UTC,423,147,247100250,0.20805555555555555
2015-02-19 00:00:00 UTC,423,150,247102810,3.063333333333333
2015-02-19 00:00:00 UTC,423,151,247102810,0.6184722222222222
2015-02-19 00:00:00 UTC,423,148,247102810,2.0806944444444446
2015-02-19 00:00:00 UTC,423,414,271069019,1.8825
2015-02-19 00:00:00 UTC,423,415,271069019,0.76611111111111108
2015-02-19 00:00:00 UTC,423,415,271069020,0.44972222222222225
2015-02-19 00:00:00 UTC,423,414,271069020,3.5015277777777776
2015-02-19 00:00:00 UTC,423,415,271069022,3.486388888888889
2015-02-19 00:00:00 UTC,423,414,271069022,3.0227777777777778
2015-02-19 00:00:00 UTC,423,33,224093790,4.9991666666666674
2015-02-19 00:00:00 UTC,423,34,224093790,1.1969444444444444
2015-02-19 00:00:00 UTC,423,414,271069023,3.0766666666666667
2015-02-19 00:00:00 UTC,423,147,247102560,1.5951388888888889
2015-02-19 00:00:00 UTC,423,415,271069027,0.54986111111111113
2015-02-19 00:00:00 UTC,423,414,271069027,4.4994444444444435
2015-02-19 00:00:00 UTC,423,414,271072875,0.87097222222222226
2015-02-19 00:00:00 UTC,423,415,271072875,3.0509722222222218
2015-02-19 00:00:00 UTC,423,-91,224202860,1.5555555555555556
2015-02-19 00:00:00 UTC,423,-90,224202860,0.8275
2015-02-19 00:00:00 UTC,423,415,271069041,3.9130555555555562
2015-02-19 00:00:00 UTC,423,152,247100530,2.7013888888888888
2015-02-19 00:00:00 UTC,423,157,247121010,1.4362499999999998
2015-02-19 00:00:00 UTC,423,156,247121010,0.82902777777777781
2015-02-19 00:00:00 UTC,423,158,247121010,1.4473611111111113
2015-02-19 00:00:00 UTC,423,159,247121010,1.2634722222222221
2015-02-19 00:00:00 UTC,423,-94,224056950,2.3494444444444449
2015-02-19 00:00:00 UTC,423,166,247122040,1.7959722222222221
2015-02-19 00:00:00 UTC,423,167,247122040,0.45805555555555555
2015-02-19 00:00:00 UTC,423,414,271072121,0.60875
2015-02-19 00:00:00 UTC,423,146,247100540,0.68958333333333333
2015-02-19 00:00:00 UTC,423,145,247100540,0.20847222222222223
2015-02-19 00:00:00 UTC,423,157,247121020,1.4568055555555555
2015-02-19 00:00:00 UTC,423,156,247121020,0.82902777777777781
2015-02-19 00:00:00 UTC,423,159,247121020,1.2430555555555556
2015-02-19 00:00:00 UTC,423,158,247121020,1.2268055555555553
2015-02-19 00:00:00 UTC,423,157,247121790,1.4315277777777777
2015-02-19 00:00:00 UTC,423,154,247121790,1.8680555555555554
2015-02-19 00:00:00 UTC,423,155,247121790,0.61152777777777778
2015-02-19 00:00:00 UTC,423,156,247121790,2.0959722222222226
2015-02-19 00:00:00 UTC,423,153,247121790,0.63861111111111113
2015-02-19 00:00:00 UTC,423,152,247100290,0.41319444444444442
2015-02-19 00:00:00 UTC,423,151,247100290,1.1068055555555556
2015-02-19 00:00:00 UTC,423,-90,224503170,0.89513888888888893
2015-02-19 00:00:00 UTC,423,-89,224503170,3.0993055555555555
2015-02-19 00:00:00 UTC,423,153,247125380,0.40722222222222221
2015-02-19 00:00:00 UTC,423,157,247125380,1.4666666666666666
2015-02-19 00:00:00 UTC,423,154,247125380,1.8927777777777774
2015-02-19 00:00:00 UTC,423,156,247125380,1.6643055555555555
2015-02-19 00:00:00 UTC,423,158,247125380,0.40833333333333333
2015-02-19 00:00:00 UTC,423,155,247125380,1.4833333333333334
2015-02-19 00:00:00 UTC,423,154,247101320,3.0374999999999996
2015-02-19 00:00:00 UTC,423,152,247101320,1.9891666666666667
2015-02-19 00:00:00 UTC,423,146,247121290,0.6447222222222222
2015-02-19 00:00:00 UTC,423,145,247121290,0.75486111111111109
2015-02-19 00:00:00 UTC,423,-90,224391570,6.007638888888887
2015-02-19 00:00:00 UTC,423,-89,224391570,0.23736111111111111
2015-02-19 00:00:00 UTC,423,415,271072147,0.53597222222222229
2015-02-19 00:00:00 UTC,423,33,224271770,8.7077777777777783
2015-02-19 00:00:00 UTC,423,34,224271770,0.34597222222222224
2015-02-19 00:00:00 UTC,423,145,247051930,0.22791666666666666
2015-02-19 00:00:00 UTC,423,146,247051930,0.824861111111111
2015-02-19 00:00:00 UTC,423,147,247104160,3.2488888888888892
2015-02-19 00:00:00 UTC,423,146,247104160,0.36680555555555555
2015-02-19 00:00:00 UTC,423,-90,225942950,0.6218055555555555
2015-02-19 00:00:00 UTC,423,150,247068080,0.90555555555555567
2015-02-19 00:00:00 UTC,423,151,247068080,0.20708333333333334
2015-02-19 00:00:00 UTC,423,145,247087540,1.7830555555555558
2015-02-19 00:00:00 UTC,423,146,247087540,6.5086111111111116
2015-02-19 00:00:00 UTC,423,146,247121080,1.4224999999999999
2015-02-19 00:00:00 UTC,423,-90,224145860,4.4640277777777779
2015-02-19 00:00:00 UTC,423,113,247084740,8.8215277777777779
2015-02-19 00:00:00 UTC,423,166,247131080,1.5476388888888888
2015-02-19 00:00:00 UTC,423,167,247131080,0.4720833333333333
2015-02-19 00:00:00 UTC,423,415,271072969,2.2120833333333332
2015-02-19 00:00:00 UTC,423,414,271072969,0.89263888888888887
2015-02-19 00:00:00 UTC,423,-90,224235980,3.972083333333333
2015-02-19 00:00:00 UTC,423,-89,224235980,0.21680555555555556
2015-02-19 00:00:00 UTC,423,-94,224136920,5.5290277777777783
2015-02-19 00:00:00 UTC,423,-93,224136920,1.4847222222222223
2015-02-19 00:00:00 UTC,423,155,247150040,1.4584722222222222
2015-02-19 00:00:00 UTC,423,152,247081440,0.6333333333333333
2015-02-19 00:00:00 UTC,423,152,247100640,0.83652777777777776
2015-02-19 00:00:00 UTC,423,151,247100640,1.2288888888888887
2015-02-19 00:00:00 UTC,423,153,247100640,0.21791666666666668
2015-02-19 00:00:00 UTC,423,415,271072487,0.6497222222222222
2015-02-19 00:00:00 UTC,423,146,247100910,3.7777777777777777
2015-02-19 00:00:00 UTC,423,145,247100910,1.4804166666666667
2015-02-19 00:00:00 UTC,423,148,247100920,3.6161111111111111
2015-02-19 00:00:00 UTC,423,152,247124220,1.9193055555555554
2015-02-19 00:00:00 UTC,423,153,247124220,0.55958333333333332
2015-02-19 00:00:00 UTC,679,139,257470500,2.11125
2015-02-19 00:00:00 UTC,679,140,257470500,0.3347222222222222
2015-02-19 00:00:00 UTC,679,136,257842500,1.6297222222222223
2015-02-19 00:00:00 UTC,679,134,257507500,1.6329166666666666
2015-02-19 00:00:00 UTC,679,135,257507500,3.3591666666666669
2015-02-19 00:00:00 UTC,679,140,257432500,1.3091666666666666
2015-02-19 00:00:00 UTC,679,139,257432500,1.2320833333333334
2015-02-19 00:00:00 UTC,679,134,257773500,1.9806944444444445
2015-02-19 00:00:00 UTC,-345,185,601566000,0.070833333333333331
2015-02-19 00:00:00 UTC,-345,186,601566000,3.6784722222222221
2015-02-19 00:00:00 UTC,-345,-916,224626000,0.68055555555555558
2015-02-19 00:00:00 UTC,-89,-1149,412420874,4.8819444444444446
2015-02-19 00:00:00 UTC,-89,-1176,432990000,0.58916666666666662
2015-02-19 00:00:00 UTC,168,-1586,338060008,5.4659722222222218
2015-02-19 00:00:00 UTC,424,148,247100420,0.56402777777777779
2015-02-19 00:00:00 UTC,424,149,247100420,1.5780555555555555
2015-02-19 00:00:00 UTC,424,147,247100420,0.28013888888888888
2015-02-19 00:00:00 UTC,424,145,247120390,0.86680555555555561
2015-02-19 00:00:00 UTC,424,153,247100680,4.8955555555555561
2015-02-19 00:00:00 UTC,424,154,247100680,4.9125
2015-02-19 00:00:00 UTC,424,152,247100680,1.783333333333333
2015-02-19 00:00:00 UTC,424,155,247100680,0.65861111111111115
2015-02-19 00:00:00 UTC,424,146,247281420,1.7334722222222223
2015-02-19 00:00:00 UTC,424,145,247281420,1.8668055555555552
2015-02-19 00:00:00 UTC,424,153,247100430,5.2358333333333338
2015-02-19 00:00:00 UTC,424,154,247100430,2.9101388888888891
2015-02-19 00:00:00 UTC,424,152,247100430,2.5061111111111107
2015-02-19 00:00:00 UTC,424,-94,224041240,3.9761111111111109
2015-02-19 00:00:00 UTC,424,96,227630880,0.20430555555555557
2015-02-19 00:00:00 UTC,424,97,227630880,0.65972222222222232
2015-02-19 00:00:00 UTC,424,147,247103780,1.1101388888888888
2015-02-19 00:00:00 UTC,424,145,247121190,0.43583333333333335
2015-02-19 00:00:00 UTC,424,-93,224090160,0.64486111111111111
2015-02-19 00:00:00 UTC,424,-94,224090160,10.787777777777777
2015-02-19 00:00:00 UTC,424,144,247051840,0.43027777777777776
2015-02-19 00:00:00 UTC,424,-94,224056130,4.110555555555556
2015-02-19 00:00:00 UTC,424,145,247100740,1.3608333333333333
2015-02-19 00:00:00 UTC,424,145,247121220,0.22805555555555557
2015-02-19 00:00:00 UTC,424,154,247100490,3.3915277777777777
2015-02-19 00:00:00 UTC,424,152,247100490,3.8197222222222225
2015-02-19 00:00:00 UTC,424,153,247100490,4.6358333333333341
2015-02-19 00:00:00 UTC,424,151,247100490,0.83472222222222214
2015-02-19 00:00:00 UTC,424,-94,224181580,1.5122222222222219
2015-02-19 00:00:00 UTC,424,-93,224067670,2.5530555555555559
2015-02-19 00:00:00 UTC,424,145,247121240,0.6613888888888888
2015-02-19 00:00:00 UTC,424,146,247121240,0.66111111111111109
2015-02-19 00:00:00 UTC,424,147,247100250,1.4143055555555555
2015-02-19 00:00:00 UTC,424,105,247065690,4.4691666666666663
2015-02-19 00:00:00 UTC,424,150,247122020,5.340416666666667
2015-02-19 00:00:00 UTC,424,144,247100270,0.62208333333333332
2015-02-19 00:00:00 UTC,424,151,247100530,0.48861111111111111
2015-02-19 00:00:00 UTC,424,152,247100530,2.9644444444444442
2015-02-19 00:00:00 UTC,424,145,247100790,1.9136111111111114
2015-02-19 00:00:00 UTC,424,144,247102070,0.61944444444444446
2015-02-19 00:00:00 UTC,424,-95,224056950,2.9091666666666671
2015-02-19 00:00:00 UTC,424,-94,224056950,8.0552777777777766
2015-02-19 00:00:00 UTC,424,167,247122040,1.4763888888888885
2015-02-19 00:00:00 UTC,424,166,247122040,1.53625
2015-02-19 00:00:00 UTC,424,169,247122040,1.0887499999999999
2015-02-19 00:00:00 UTC,424,168,247122040,1.2570833333333331
2015-02-19 00:00:00 UTC,424,142,247101050,0.34125
2015-02-19 00:00:00 UTC,424,144,247100540,0.66805555555555551
2015-02-19 00:00:00 UTC,424,146,247100540,1.7129166666666666
2015-02-19 00:00:00 UTC,424,145,247100540,1.0326388888888889
2015-02-19 00:00:00 UTC,424,155,247121790,0.61236111111111113
2015-02-19 00:00:00 UTC,424,145,247121280,0.43319444444444444
2015-02-19 00:00:00 UTC,424,144,247121280,1.2365277777777779
2015-02-19 00:00:00 UTC,424,153,247100290,4.6780555555555559
2015-02-19 00:00:00 UTC,424,154,247100290,4.4869444444444442
2015-02-19 00:00:00 UTC,424,152,247100290,2.72625
2015-02-19 00:00:00 UTC,424,105,247065730,4.8251388888888886
2015-02-19 00:00:00 UTC,424,106,247065730,2.0277777777777777
2015-02-19 00:00:00 UTC,424,154,247101320,1.5927777777777776
2015-02-19 00:00:00 UTC,424,152,247101320,1.2384722222222222
2015-02-19 00:00:00 UTC,424,153,247101320,3.6427777777777779
2015-02-19 00:00:00 UTC,424,-91,224097930,0.65
2015-02-19 00:00:00 UTC,424,144,247121290,0.638611111111111
2015-02-19 00:00:00 UTC,424,-96,224025230,7.9006944444444454
2015-02-19 00:00:00 UTC,424,-92,224094350,1.0975
2015-02-19 00:00:00 UTC,424,145,247051930,0.8223611111111111
2015-02-19 00:00:00 UTC,424,144,247051930,1.4609722222222219
2015-02-19 00:00:00 UTC,424,146,247104160,0.22222222222222221
2015-02-19 00:00:00 UTC,424,145,247104160,0.43055555555555552
2015-02-19 00:00:00 UTC,424,146,247100580,1.3806944444444444
2015-02-19 00:00:00 UTC,424,145,247100580,0.24708333333333332
2015-02-19 00:00:00 UTC,424,-90,225942950,0.22472222222222221
2015-02-19 00:00:00 UTC,424,145,247087540,4.3694444444444454
2015-02-19 00:00:00 UTC,424,146,247087540,4.4975000000000005
2015-02-19 00:00:00 UTC,424,145,247121080,1.269166666666667
2015-02-19 00:00:00 UTC,424,144,247121080,1.4779166666666665
2015-02-19 00:00:00 UTC,424,177,238983610,0.23402777777777778
2015-02-19 00:00:00 UTC,424,173,238983610,0.79222222222222216
2015-02-19 00:00:00 UTC,424,176,238983610,2.2056944444444446
2015-02-19 00:00:00 UTC,424,174,238983610,2.54125
2015-02-19 00:00:00 UTC,424,145,247101120,2.088888888888889
2015-02-19 00:00:00 UTC,424,-90,224145860,1.5390277777777779
2015-02-19 00:00:00 UTC,424,166,247131080,1.6580555555555554
2015-02-19 00:00:00 UTC,424,169,247131080,1.0725
2015-02-19 00:00:00 UTC,424,168,247131080,1.5095833333333333
2015-02-19 00:00:00 UTC,424,167,247131080,1.4654166666666664
2015-02-19 00:00:00 UTC,424,-91,224032470,0.43069444444444449
2015-02-19 00:00:00 UTC,424,-94,224136920,2.1334722222222222
2015-02-19 00:00:00 UTC,424,-93,224136920,0.85777777777777786
2015-02-19 00:00:00 UTC,424,155,247150040,1.9043055555555553
2015-02-19 00:00:00 UTC,424,152,247150040,1.4081944444444443
2015-02-19 00:00:00 UTC,424,153,247150040,6.619305555555556
2015-02-19 00:00:00 UTC,424,154,247150040,3.8088888888888892
2015-02-19 00:00:00 UTC,424,156,247150040,3.6554166666666665
2015-02-19 00:00:00 UTC,424,155,247081440,1.67375
2015-02-19 00:00:00 UTC,424,154,247081440,2.5204166666666667
2015-02-19 00:00:00 UTC,424,153,247081440,3.0031944444444445
2015-02-19 00:00:00 UTC,424,152,247081440,2.5397222222222227
2015-02-19 00:00:00 UTC,424,152,247100640,2.1552777777777781
2015-02-19 00:00:00 UTC,424,154,247100640,6.1359722222222217
2015-02-19 00:00:00 UTC,424,155,247100640,0.4152777777777778
2015-02-19 00:00:00 UTC,424,153,247100640,3.2845833333333334
2015-02-19 00:00:00 UTC,424,-94,224147180,0.84986111111111107
2015-02-19 00:00:00 UTC,424,-93,224147180,1.708333333333333
2015-02-19 00:00:00 UTC,424,146,247100910,3.7888888888888888
2015-02-19 00:00:00 UTC,424,145,247100910,2.399861111111111
2015-02-19 00:00:00 UTC,424,142,247102190,0.21666666666666667
2015-02-19 00:00:00 UTC,424,153,247124220,4.7133333333333338
2015-02-19 00:00:00 UTC,424,152,247124220,3.1451388888888889
2015-02-19 00:00:00 UTC,424,154,247124220,5.605138888888888
2015-02-19 00:00:00 UTC,680,142,257165340,5.4148611111111125
2015-02-19 00:00:00 UTC,680,141,257165340,0.54138888888888892
2015-02-19 00:00:00 UTC,680,140,257470500,3.5256944444444445
2015-02-19 00:00:00 UTC,680,139,257470500,1.435
2015-02-19 00:00:00 UTC,680,142,257098320,1.336111111111111
2015-02-19 00:00:00 UTC,680,142,257507500,0.20333333333333334
2015-02-19 00:00:00 UTC,680,138,257507500,0.11583333333333334
2015-02-19 00:00:00 UTC,680,140,257432500,3.1730555555555555
2015-02-19 00:00:00 UTC,680,141,257432500,1.0486111111111112
2015-02-19 00:00:00 UTC,680,139,257432500,2.4754166666666664
2015-02-19 00:00:00 UTC,680,134,257773500,0.45430555555555557
2015-02-19 00:00:00 UTC,680,142,257032140,3.05125
2015-02-19 00:00:00 UTC,680,140,257032140,0.4770833333333333
2015-02-19 00:00:00 UTC,680,140,257164500,2.306805555555556
2015-02-19 00:00:00 UTC,680,141,257164500,0.71736111111111112
2015-02-19 00:00:00 UTC,680,143,257558500,2.63125
2015-02-19 00:00:00 UTC,-344,-925,735059255,0.35847222222222219
2015-02-19 00:00:00 UTC,-344,-924,735059255,0.34972222222222227
2015-02-19 00:00:00 UTC,-344,-916,224626000,1.2620833333333334
2015-02-19 00:00:00 UTC,-344,-917,224626000,0.3208333333333333
2015-02-19 00:00:00 UTC,-344,182,601244000,2.1745833333333335
2015-02-19 00:00:00 UTC,-88,-1176,432990000,2.6305555555555555
2015-02-19 00:00:00 UTC,-88,-1661,303137000,4.9543055555555551
2015-02-19 00:00:00 UTC,425,144,247102210,4.8661111111111115
2015-02-19 00:00:00 UTC,425,145,247102210,0.41958333333333336
2015-02-19 00:00:00 UTC,425,151,247100420,1.4148611111111111
2015-02-19 00:00:00 UTC,425,149,247100420,1.0290277777777779
2015-02-19 00:00:00 UTC,425,152,247100420,0.63736111111111116
2015-02-19 00:00:00 UTC,425,150,247100420,1.4015277777777777
2015-02-19 00:00:00 UTC,425,143,247103750,0.63125
2015-02-19 00:00:00 UTC,425,144,247103750,2.1466666666666669
2015-02-19 00:00:00 UTC,425,145,247103750,2.4054166666666665
2015-02-19 00:00:00 UTC,425,155,247100680,0.44138888888888889
2015-02-19 00:00:00 UTC,425,145,247281420,7.2666666666666657
2015-02-19 00:00:00 UTC,425,144,247281420,1.1030555555555557
2015-02-19 00:00:00 UTC,425,143,247102490,0.2336111111111111
2015-02-19 00:00:00 UTC,425,31,227319580,0.84458333333333324
2015-02-19 00:00:00 UTC,425,143,247100190,0.83888888888888891
2015-02-19 00:00:00 UTC,425,144,247100190,1.2444444444444442
2015-02-19 00:00:00 UTC,425,-91,224597280,0.90013888888888882
2015-02-19 00:00:00 UTC,425,96,227630880,2.8086111111111114
2015-02-19 00:00:00 UTC,425,97,227630880,2.8766666666666665
2015-02-19 00:00:00 UTC,425,148,247103780,0.665
2015-02-19 00:00:00 UTC,425,146,247084070,0.85333333333333328
2015-02-19 00:00:00 UTC,425,143,247084070,0.4498611111111111
2015-02-19 00:00:00 UTC,425,144,247084070,2.1281944444444445
2015-02-19 00:00:00 UTC,425,145,247084070,2.9351388888888894
2015-02-19 00:00:00 UTC,425,145,247121190,3.7475000000000009
2015-02-19 00:00:00 UTC,425,-92,224094760,3.4498611111111117
2015-02-19 00:00:00 UTC,425,142,247101480,0.41166666666666663
2015-02-19 00:00:00 UTC,425,143,247101480,1.7244444444444444
2015-02-19 00:00:00 UTC,425,147,247080240,9.6545833333333331
2015-02-19 00:00:00 UTC,425,149,247080240,3.8959722222222224
2015-02-19 00:00:00 UTC,425,-95,224090160,3.9288888888888889
2015-02-19 00:00:00 UTC,425,-94,224090160,0.87111111111111106
2015-02-19 00:00:00 UTC,425,145,247100720,6.3154166666666658
2015-02-19 00:00:00 UTC,425,-92,224012850,3.2079166666666672
2015-02-19 00:00:00 UTC,425,-91,224012850,4.4348611111111111
2015-02-19 00:00:00 UTC,425,-92,224045880,1.3470833333333334
2015-02-19 00:00:00 UTC,425,-91,224192570,4.7008333333333336
2015-02-19 00:00:00 UTC,425,-92,224192570,2.4556944444444442
2015-02-19 00:00:00 UTC,425,-92,224162880,1.8615277777777777
2015-02-19 00:00:00 UTC,425,144,247103040,1.6638888888888888
2015-02-19 00:00:00 UTC,425,143,247103040,0.64777777777777779
2015-02-19 00:00:00 UTC,425,144,247051840,2.5722222222222229
2015-02-19 00:00:00 UTC,425,143,247101250,9.9972222222222218
2015-02-19 00:00:00 UTC,425,145,247100740,0.2583333333333333
2015-02-19 00:00:00 UTC,425,146,247102020,4.6293055555555558
2015-02-19 00:00:00 UTC,425,144,247102020,1.1416666666666666
2015-02-19 00:00:00 UTC,425,145,247102020,1.2443055555555553
2015-02-19 00:00:00 UTC,425,145,247121220,2.130694444444444
2015-02-19 00:00:00 UTC,425,105,247066180,8.2777777777777768
2015-02-19 00:00:00 UTC,425,104,247066180,12.551944444444445
2015-02-19 00:00:00 UTC,425,154,247100490,0.63222222222222224
2015-02-19 00:00:00 UTC,425,143,247101520,2.5225000000000004
2015-02-19 00:00:00 UTC,425,142,247101520,2.1105555555555555
2015-02-19 00:00:00 UTC,425,-95,224123730,2.6686111111111113
2015-02-19 00:00:00 UTC,425,-94,224123730,1.0847222222222221
2015-02-19 00:00:00 UTC,425,146,247120980,3.2640277777777782
2015-02-19 00:00:00 UTC,425,146,247121240,2.4095833333333334
2015-02-19 00:00:00 UTC,425,148,247100250,1.525
2015-02-19 00:00:00 UTC,425,104,247065690,4.5194444444444439
2015-02-19 00:00:00 UTC,425,105,247065690,0.94138888888888883
2015-02-19 00:00:00 UTC,425,105,247065440,0.46249999999999997
2015-02-19 00:00:00 UTC,425,143,247100770,0.21402777777777776
2015-02-19 00:00:00 UTC,425,142,247100770,0.21375
2015-02-19 00:00:00 UTC,425,144,247100770,0.66125
2015-02-19 00:00:00 UTC,425,141,247081060,3.0113888888888893
2015-02-19 00:00:00 UTC,425,142,247081060,8.4118055555555546
2015-02-19 00:00:00 UTC,425,143,247100780,0.4754166666666666
2015-02-19 00:00:00 UTC,425,143,247100270,6.0666666666666664
2015-02-19 00:00:00 UTC,425,144,247100270,3.1780555555555559
2015-02-19 00:00:00 UTC,425,142,247100270,0.63041666666666663
2015-02-19 00:00:00 UTC,425,-92,224189550,0.25875000000000004
2015-02-19 00:00:00 UTC,425,-93,224189550,8.6080555555555573
2015-02-19 00:00:00 UTC,425,147,247120240,3.8306944444444446
2015-02-19 00:00:00 UTC,425,146,247120240,2.1888888888888891
2015-02-19 00:00:00 UTC,425,152,247100530,2.0959722222222217
2015-02-19 00:00:00 UTC,425,151,247100530,1.72375
2015-02-19 00:00:00 UTC,425,144,247100790,1.6943055555555557
2015-02-19 00:00:00 UTC,425,145,247100790,2.3643055555555557
2015-02-19 00:00:00 UTC,425,144,247102070,2.0779166666666664
2015-02-19 00:00:00 UTC,425,141,247101050,9.2416666666666689
2015-02-19 00:00:00 UTC,425,142,247101050,4.2609722222222226
2015-02-19 00:00:00 UTC,425,144,247100540,1.1006944444444444
2015-02-19 00:00:00 UTC,425,145,247100540,6.4431944444444449
2015-02-19 00:00:00 UTC,425,144,247121280,0.82708333333333339
2015-02-19 00:00:00 UTC,425,145,247121280,0.41152777777777777
2015-02-19 00:00:00 UTC,425,154,247101320,0.87888888888888894
2015-02-19 00:00:00 UTC,425,-93,224097930,1.2686111111111111
2015-02-19 00:00:00 UTC,425,-92,224097930,2.3248611111111108
2015-02-19 00:00:00 UTC,425,144,247121290,2.7441666666666666
2015-02-19 00:00:00 UTC,425,-95,224025230,0.22472222222222221
2015-02-19 00:00:00 UTC,425,-97,224025230,0.27513888888888893
2015-02-19 00:00:00 UTC,425,-96,224025230,10.579166666666666
2015-02-19 00:00:00 UTC,425,-92,224094350,6.386666666666664
2015-02-19 00:00:00 UTC,425,143,247100820,1.4201388888888888
2015-02-19 00:00:00 UTC,425,144,247100820,0.21236111111111111
2015-02-19 00:00:00 UTC,425,144,247101590,4.350138888888889
2015-02-19 00:00:00 UTC,425,143,247101590,1.2445833333333334
2015-02-19 00:00:00 UTC,425,-92,224106650,7.0718055555555539
2015-02-19 00:00:00 UTC,425,-91,224106650,3.8447222222222224
2015-02-19 00:00:00 UTC,425,144,247051930,0.85277777777777775
2015-02-19 00:00:00 UTC,425,145,247051930,0.42500000000000004
2015-02-19 00:00:00 UTC,425,143,247101340,5.6386111111111088
2015-02-19 00:00:00 UTC,425,144,247101340,0.43888888888888888
2015-02-19 00:00:00 UTC,425,143,247102110,1.2445833333333332
2015-02-19 00:00:00 UTC,425,146,247104160,1.1141666666666667
2015-02-19 00:00:00 UTC,425,147,247104160,1.7568055555555555
2015-02-19 00:00:00 UTC,425,146,247100580,3.9347222222222222
2015-02-19 00:00:00 UTC,425,144,247101610,1.4694444444444446
2015-02-19 00:00:00 UTC,425,143,247102380,2.5084722222222222
2015-02-19 00:00:00 UTC,425,144,247102380,4.2548611111111114
2015-02-19 00:00:00 UTC,425,146,247110060,4.1219444444444457
2015-02-19 00:00:00 UTC,425,160,238104240,11.342222222222221
2015-02-19 00:00:00 UTC,425,161,238104240,5.0336111111111128
2015-02-19 00:00:00 UTC,425,162,238104240,5.8955555555555561
2015-02-19 00:00:00 UTC,425,163,238104240,1.7208333333333332
2015-02-19 00:00:00 UTC,425,143,247101360,0.84458333333333324
2015-02-19 00:00:00 UTC,425,142,247101360,0.41694444444444445
2015-02-19 00:00:00 UTC,425,146,247120560,3.6725000000000008
2015-02-19 00:00:00 UTC,425,105,247066290,1.3468055555555556
2015-02-19 00:00:00 UTC,425,106,247066290,10.68861111111111
2015-02-19 00:00:00 UTC,425,-92,224212150,4.3751388888888894
2015-02-19 00:00:00 UTC,425,145,247121080,0.66069444444444447
2015-02-19 00:00:00 UTC,425,144,247121080,0.21375
2015-02-19 00:00:00 UTC,425,144,247101370,1.7219444444444447
2015-02-19 00:00:00 UTC,425,143,247101370,3.1222222222222227
2015-02-19 00:00:00 UTC,425,142,247101370,0.40819444444444442
2015-02-19 00:00:00 UTC,425,172,238983610,2.6675
2015-02-19 00:00:00 UTC,425,175,238983610,2.5759722222222221
2015-02-19 00:00:00 UTC,425,176,238983610,0.53986111111111112
2015-02-19 00:00:00 UTC,425,144,247101120,1.7416666666666665
2015-02-19 00:00:00 UTC,425,145,247101120,2.2055555555555557
2015-02-19 00:00:00 UTC,425,-92,224050370,2.5920833333333335
2015-02-19 00:00:00 UTC,425,-91,224050370,4.0772222222222227
2015-02-19 00:00:00 UTC,425,179,238160840,3.9747222222222214
2015-02-19 00:00:00 UTC,425,178,238160840,3.9420833333333332
2015-02-19 00:00:00 UTC,425,176,238160840,1.9822222222222223
2015-02-19 00:00:00 UTC,425,177,238160840,4.1290277777777771
2015-02-19 00:00:00 UTC,425,1414,431006152,1.4986111111111111
2015-02-19 00:00:00 UTC,425,145,247102410,0.22777777777777777
2015-02-19 00:00:00 UTC,425,144,247102410,0.81958333333333333
2015-02-19 00:00:00 UTC,425,-91,224032470,2.9058333333333337
2015-02-19 00:00:00 UTC,425,-90,224032470,0.45847222222222223
2015-02-19 00:00:00 UTC,425,-89,224032470,0.21430555555555555
2015-02-19 00:00:00 UTC,425,-95,224136920,0.21430555555555555
2015-02-19 00:00:00 UTC,425,-94,224136920,2.1530555555555555
2015-02-19 00:00:00 UTC,425,154,247150040,0.63444444444444437
2015-02-19 00:00:00 UTC,425,159,238283740,5.0443055555555567
2015-02-19 00:00:00 UTC,425,152,247081440,1.7252777777777775
2015-02-19 00:00:00 UTC,425,144,247102180,4.6109722222222222
2015-02-19 00:00:00 UTC,425,-94,224147180,6.2888888888888888
2015-02-19 00:00:00 UTC,425,145,247100910,3.6913888888888891
2015-02-19 00:00:00 UTC,425,145,247102190,3.4140277777777777
2015-02-19 00:00:00 UTC,425,143,247102190,3.442222222222223
2015-02-19 00:00:00 UTC,425,144,247102190,0.42736111111111108
2015-02-19 00:00:00 UTC,425,-92,224100590,0.86708333333333343
2015-02-19 00:00:00 UTC,425,142,247101430,7.3059722222222216
2015-02-19 00:00:00 UTC,425,141,247101430,1.2387499999999998
2015-02-19 00:00:00 UTC,425,141,247080190,4.0005555555555565
2015-02-19 00:00:00 UTC,425,142,247080190,4.1913888888888895
2015-02-19 00:00:00 UTC,681,145,257258000,1.9354166666666666
2015-02-19 00:00:00 UTC,681,144,257258000,3.5344444444444445
2015-02-19 00:00:00 UTC,681,142,257098320,3.6388888888888888
2015-02-19 00:00:00 UTC,681,129,257218640,2.1629166666666668
2015-02-19 00:00:00 UTC,681,130,257218640,0.54986111111111113
2015-02-19 00:00:00 UTC,681,130,257126740,7.5847222222222221
2015-02-19 00:00:00 UTC,681,130,257413500,5.25375
2015-02-19 00:00:00 UTC,681,131,257145220,6.5697222222222234
2015-02-19 00:00:00 UTC,681,131,257340820,0.25819444444444445
2015-02-19 00:00:00 UTC,681,130,257340820,2.05375
2015-02-19 00:00:00 UTC,681,131,257499800,4.5391666666666666
2015-02-19 00:00:00 UTC,681,130,257499800,1.0868055555555556
2015-02-19 00:00:00 UTC,681,142,257507500,2.0154166666666669
2015-02-19 00:00:00 UTC,681,130,257594800,2.8944444444444448
2015-02-19 00:00:00 UTC,681,131,257594800,4.0818055555555555
2015-02-19 00:00:00 UTC,681,143,257558500,1.5255555555555556
2015-02-19 00:00:00 UTC,-343,-921,735059255,0.34750000000000003
2015-02-19 00:00:00 UTC,-343,-925,735059255,0.34152777777777776
2015-02-19 00:00:00 UTC,-343,-922,735059255,0.33611111111111114
2015-02-19 00:00:00 UTC,-343,-923,735059255,0.68625
2015-02-19 00:00:00 UTC,-343,-916,224626000,1.04
2015-02-19 00:00:00 UTC,-343,182,601244000,0.80833333333333335
2015-02-19 00:00:00 UTC,-87,-1150,412420874,1.2
2015-02-19 00:00:00 UTC,-87,-1172,432990000,3.615277777777778
2015-02-19 00:00:00 UTC,426,145,247121920,6.7754166666666666
2015-02-19 00:00:00 UTC,426,145,247100930,0.84986111111111107
2015-02-19 00:00:00 UTC,426,143,247102210,0.22194444444444444
2015-02-19 00:00:00 UTC,426,144,247102210,9.6112499999999947
2015-02-19 00:00:00 UTC,426,150,247100420,1.15
2015-02-19 00:00:00 UTC,426,151,247100420,1.2712500000000002
2015-02-19 00:00:00 UTC,426,149,247100420,1.8112499999999998
2015-02-19 00:00:00 UTC,426,143,247103750,2.00875
2015-02-19 00:00:00 UTC,426,144,247103750,5.3030555555555559
2015-02-19 00:00:00 UTC,426,145,247120390,0.10527777777777778
2015-02-19 00:00:00 UTC,426,144,247281420,1.066111111111111
2015-02-19 00:00:00 UTC,426,145,247281420,1.9390277777777778
2015-02-19 00:00:00 UTC,426,143,247102490,3.638611111111111
2015-02-19 00:00:00 UTC,426,144,247102490,4.6661111111111131
2015-02-19 00:00:00 UTC,426,31,227319580,2.8908333333333336
2015-02-19 00:00:00 UTC,426,142,247100190,1.9418055555555558
2015-02-19 00:00:00 UTC,426,144,247100190,0.20569444444444446
2015-02-19 00:00:00 UTC,426,143,247100190,2.0851388888888884
2015-02-19 00:00:00 UTC,426,145,247080480,1.2804166666666665
2015-02-19 00:00:00 UTC,426,96,227630880,3.5434722222222224
2015-02-19 00:00:00 UTC,426,95,227630880,1.4054166666666665
2015-02-19 00:00:00 UTC,426,148,247103780,1.0141666666666667
2015-02-19 00:00:00 UTC,426,149,247103780,1.3209722222222224
2015-02-19 00:00:00 UTC,426,145,247121190,4.3168055555555558
2015-02-19 00:00:00 UTC,426,-92,224094760,1.3219444444444444
2015-02-19 00:00:00 UTC,426,142,247101480,4.5862500000000006
2015-02-19 00:00:00 UTC,426,143,247101480,0.20277777777777778
2015-02-19 00:00:00 UTC,426,149,247080240,2.1295833333333332
2015-02-19 00:00:00 UTC,426,145,247128370,0.49972222222222223
2015-02-19 00:00:00 UTC,426,144,247128370,1.3976388888888889
2015-02-19 00:00:00 UTC,426,143,247128370,0.22208333333333333
2015-02-19 00:00:00 UTC,426,143,247072820,4.975138888888889
2015-02-19 00:00:00 UTC,426,144,247072820,3.3448611111111122
2015-02-19 00:00:00 UTC,426,142,247072820,1.2581944444444446
2015-02-19 00:00:00 UTC,426,107,247066420,1.1070833333333332
2015-02-19 00:00:00 UTC,426,-91,224192570,0.92819444444444432
2015-02-19 00:00:00 UTC,426,143,247103040,2.1109722222222222
2015-02-19 00:00:00 UTC,426,144,247103040,1.8973611111111111
2015-02-19 00:00:00 UTC,426,141,247101250,9.4722222222222214
2015-02-19 00:00:00 UTC,426,142,247101250,0.73055555555555562
2015-02-19 00:00:00 UTC,426,144,247100740,0.68888888888888888
2015-02-19 00:00:00 UTC,426,145,247100740,1.2804166666666665
2015-02-19 00:00:00 UTC,426,145,247121220,4.4337500000000007
2015-02-19 00:00:00 UTC,426,143,247101520,4.5079166666666657
2015-02-19 00:00:00 UTC,426,141,247101520,1.1219444444444444
2015-02-19 00:00:00 UTC,426,142,247101520,2.8866666666666667
2015-02-19 00:00:00 UTC,426,-94,224123730,0.43513888888888885
2015-02-19 00:00:00 UTC,426,-96,224123730,0.54958333333333331
2015-02-19 00:00:00 UTC,426,-93,224123730,1.8948611111111111
2015-02-19 00:00:00 UTC,426,-95,224123730,6.0373611111111112
2015-02-19 00:00:00 UTC,426,145,247120980,5.7280555555555548
2015-02-19 00:00:00 UTC,426,148,247100250,2.4495833333333334
2015-02-19 00:00:00 UTC,426,149,247100250,1.9973611111111109
2015-02-19 00:00:00 UTC,426,105,247069530,10.534583333333332
2015-02-19 00:00:00 UTC,426,155,247080290,0.42805555555555552
2015-02-19 00:00:00 UTC,426,154,247080290,0.40694444444444444
2015-02-19 00:00:00 UTC,426,142,247100770,1.1052777777777778
2015-02-19 00:00:00 UTC,426,144,247100770,3.0763888888888888
2015-02-19 00:00:00 UTC,426,143,247100770,4.5891666666666664
2015-02-19 00:00:00 UTC,426,141,247081060,6.0384722222222216
2015-02-19 00:00:00 UTC,426,141,247101540,3.5441666666666665
2015-02-19 00:00:00 UTC,426,142,247101540,0.29152777777777777
2015-02-19 00:00:00 UTC,426,-694,367356010,19.099583333333335
2015-02-19 00:00:00 UTC,426,142,247100270,1.48875
2015-02-19 00:00:00 UTC,426,143,247100270,3.0611111111111118
2015-02-19 00:00:00 UTC,426,144,247100270,0.21111111111111111
2015-02-19 00:00:00 UTC,426,152,247100530,1.0402777777777779
2015-02-19 00:00:00 UTC,426,151,247100530,2.1802777777777775
2015-02-19 00:00:00 UTC,426,144,247100790,0.63875
2015-02-19 00:00:00 UTC,426,143,247102070,0.73277777777777775
2015-02-19 00:00:00 UTC,426,144,247102070,4.0033333333333339
2015-02-19 00:00:00 UTC,426,145,247120760,1.413888888888889
2015-02-19 00:00:00 UTC,426,146,247120760,4.5711111111111116
2015-02-19 00:00:00 UTC,426,141,247101050,6.2934722222222232
2015-02-19 00:00:00 UTC,426,145,247100540,2.3145833333333332
2015-02-19 00:00:00 UTC,426,144,247100540,1.6497222222222221
2015-02-19 00:00:00 UTC,426,145,247281540,6.8940277777777768
2015-02-19 00:00:00 UTC,426,-98,224025230,0.87486111111111109
2015-02-19 00:00:00 UTC,426,144,247100820,1.3152777777777778
2015-02-19 00:00:00 UTC,426,143,247100820,1.4547222222222222
2015-02-19 00:00:00 UTC,426,142,247100820,1.718472222222222
2015-02-19 00:00:00 UTC,426,143,247101590,2.96125
2015-02-19 00:00:00 UTC,426,142,247101590,0.64694444444444443
2015-02-19 00:00:00 UTC,426,144,247101590,0.85291666666666677
2015-02-19 00:00:00 UTC,426,143,247101340,7.1859722222222224
2015-02-19 00:00:00 UTC,426,143,247102110,3.4029166666666675
2015-02-19 00:00:00 UTC,426,149,247104160,5.155555555555555
2015-02-19 00:00:00 UTC,426,145,247122080,6.72486111111111
2015-02-19 00:00:00 UTC,426,145,247100070,1.1526388888888888
2015-02-19 00:00:00 UTC,426,144,247101610,9.681111111111111
2015-02-19 00:00:00 UTC,426,143,247101610,1.2581944444444444
2015-02-19 00:00:00 UTC,426,178,238957740,5.2425
2015-02-19 00:00:00 UTC,426,179,238957740,9.9034722222222236
2015-02-19 00:00:00 UTC,426,144,247102380,3.675277777777779
2015-02-19 00:00:00 UTC,426,143,247102380,4.45375
2015-02-19 00:00:00 UTC,426,145,247110060,5.3720833333333351
2015-02-19 00:00:00 UTC,426,144,247101360,6.2109722222222219
2015-02-19 00:00:00 UTC,426,143,247101360,6.3802777777777777
2015-02-19 00:00:00 UTC,426,145,247120560,5.9970833333333333
2015-02-19 00:00:00 UTC,426,142,247101370,2.9665277777777783
2015-02-19 00:00:00 UTC,426,143,247101370,2.7230555555555562
2015-02-19 00:00:00 UTC,426,145,247102410,1.0277777777777777
2015-02-19 00:00:00 UTC,426,145,247103690,4.7948611111111106
2015-02-19 00:00:00 UTC,426,146,247103690,1.1358333333333333
2015-02-19 00:00:00 UTC,426,145,247101140,5.1252777777777778
2015-02-19 00:00:00 UTC,426,31,228178900,2.0573611111111108
2015-02-19 00:00:00 UTC,426,-95,224136920,1.8111111111111113
2015-02-19 00:00:00 UTC,426,160,238283740,0.71666666666666667
2015-02-19 00:00:00 UTC,426,152,247081440,1.8987499999999997
2015-02-19 00:00:00 UTC,426,143,247102180,0.63027777777777771
2015-02-19 00:00:00 UTC,426,144,247102180,9.6274999999999977
2015-02-19 00:00:00 UTC,426,-95,224147180,6.0088888888888885
2015-02-19 00:00:00 UTC,426,-94,224147180,0.6475
2015-02-19 00:00:00 UTC,426,144,247102190,3.8611111111111116
2015-02-19 00:00:00 UTC,426,143,247102190,1.2886111111111109
2015-02-19 00:00:00 UTC,426,145,247102190,0.5280555555555555
2015-02-19 00:00:00 UTC,426,-91,224100590,0.73402777777777772
2015-02-19 00:00:00 UTC,426,-706,366888690,0.21875
2015-02-19 00:00:00 UTC,426,150,247100920,0.44486111111111115
2015-02-19 00:00:00 UTC,426,149,247100920,4.4108333333333336
2015-02-19 00:00:00 UTC,426,141,247080190,11.406111111111114
2015-02-19 00:00:00 UTC,682,132,257198340,4.924722222222222
2015-02-19 00:00:00 UTC,682,132,257663500,8.17763888888889
2015-02-19 00:00:00 UTC,682,132,257113640,6.1362499999999986
2015-02-19 00:00:00 UTC,682,131,257113640,0.50402777777777774
2015-02-19 00:00:00 UTC,682,133,257139240,6.0625
2015-02-19 00:00:00 UTC,682,132,257939500,8.04736111111111
2015-02-19 00:00:00 UTC,682,132,257308720,5.1376388888888886
2015-02-19 00:00:00 UTC,682,131,257768500,0.41638888888888886
2015-02-19 00:00:00 UTC,682,133,257767490,2.1418055555555555
2015-02-19 00:00:00 UTC,682,132,257767490,4.6030555555555557
2015-02-19 00:00:00 UTC,682,132,257301840,0.31222222222222218
2015-02-19 00:00:00 UTC,682,132,257102440,4.8872222222222224
2015-02-19 00:00:00 UTC,682,133,257755500,8.7623611111111117
2015-02-19 00:00:00 UTC,682,132,257004910,7.9097222222222214
2015-02-19 00:00:00 UTC,682,132,257303920,6.6748611111111105
2015-02-19 00:00:00 UTC,682,132,257014900,6.1072222222222212
2015-02-19 00:00:00 UTC,682,131,257145220,1.1822222222222223
2015-02-19 00:00:00 UTC,682,132,257009040,4.9748611111111121
2015-02-19 00:00:00 UTC,682,132,257189020,5.578333333333334
2015-02-19 00:00:00 UTC,682,132,257072540,6.5
2015-02-19 00:00:00 UTC,682,132,257171620,7.2069444444444448
2015-02-19 00:00:00 UTC,682,131,257594800,0.42833333333333334
2015-02-19 00:00:00 UTC,682,132,257003700,7.3458333333333314
2015-02-19 00:00:00 UTC,682,132,257487800,7.2959722222222219
2015-02-19 00:00:00 UTC,682,132,257013440,6.5376388888888881
2015-02-19 00:00:00 UTC,682,132,257857750,6.7708333333333321
2015-02-19 00:00:00 UTC,682,132,257825500,2.2888888888888892
2015-02-19 00:00:00 UTC,682,133,257825500,4.7959722222222219
2015-02-19 00:00:00 UTC,682,133,257379820,4.9745833333333325
2015-02-19 00:00:00 UTC,682,134,257084140,3.8918055555555555
2015-02-19 00:00:00 UTC,682,132,257190140,7.3375
2015-02-19 00:00:00 UTC,-342,-920,735059255,1.0402777777777779
2015-02-19 00:00:00 UTC,-342,-921,735059255,0.18611111111111112
2015-02-19 00:00:00 UTC,-342,-916,224626000,1.0302777777777776
2015-02-19 00:00:00 UTC,-342,376,224544160,3.3718055555555555
2015-02-19 00:00:00 UTC,-342,-734,725000880,0.41083333333333333
2015-02-19 00:00:00 UTC,-86,-1150,412420874,3.1681944444444445
2015-02-19 00:00:00 UTC,-86,-1171,432990000,1.3208333333333333
2015-02-19 00:00:00 UTC,-86,-1172,432990000,1.1165277777777778
2015-02-19 00:00:00 UTC,-86,-1660,303137000,3.8434722222222217
2015-02-19 00:00:00 UTC,-86,-1661,303137000,6.6943055555555553
2015-02-19 00:00:00 UTC,427,143,247102210,1.3725
2015-02-19 00:00:00 UTC,427,144,247102210,0.54444444444444451
2015-02-19 00:00:00 UTC,427,150,247100420,1.9448611111111109
2015-02-19 00:00:00 UTC,427,149,247100420,0.42986111111111108
2015-02-19 00:00:00 UTC,427,149,247104260,5.0319444444444441
2015-02-19 00:00:00 UTC,427,150,247104260,0.69472222222222224
2015-02-19 00:00:00 UTC,427,158,238337540,2.4670833333333335
2015-02-19 00:00:00 UTC,427,159,238337540,2.6876388888888889
2015-02-19 00:00:00 UTC,427,160,238337540,2.7443055555555551
2015-02-19 00:00:00 UTC,427,157,238337540,1.6652777777777779
2015-02-19 00:00:00 UTC,427,159,238117140,3.6315277777777779
2015-02-19 00:00:00 UTC,427,158,238117140,2.779722222222222
2015-02-19 00:00:00 UTC,427,157,238117140,2.9206944444444445
2015-02-19 00:00:00 UTC,427,143,247102490,6.1201388888888895
2015-02-19 00:00:00 UTC,427,31,227319580,2.8890277777777778
2015-02-19 00:00:00 UTC,427,142,247100190,4.8306944444444451
2015-02-19 00:00:00 UTC,427,143,247100190,8.1030555555555566
2015-02-19 00:00:00 UTC,427,-93,224270370,1.2744444444444445
2015-02-19 00:00:00 UTC,427,-92,224270370,1.4070833333333332
2015-02-19 00:00:00 UTC,427,149,247103780,5.0270833333333345
2015-02-19 00:00:00 UTC,427,148,247084070,2.4016666666666668
2015-02-19 00:00:00 UTC,427,143,247101480,4.4279166666666665
2015-02-19 00:00:00 UTC,427,142,247101480,8.5662499999999984
2015-02-19 00:00:00 UTC,427,149,247080240,2.305
2015-02-19 00:00:00 UTC,427,145,247128370,1.4709722222222223
2015-02-19 00:00:00 UTC,427,144,247128370,2.0854166666666667
2015-02-19 00:00:00 UTC,427,144,247072820,2.2166666666666668
2015-02-19 00:00:00 UTC,427,142,247072820,3.9975
2015-02-19 00:00:00 UTC,427,143,247072820,4.8386111111111116
2015-02-19 00:00:00 UTC,427,-91,224050740,3.2519444444444447
2015-02-19 00:00:00 UTC,427,105,247066420,6.0699999999999994
2015-02-19 00:00:00 UTC,427,106,247066420,16.77416666666667
2015-02-19 00:00:00 UTC,427,104,247066420,0.62222222222222223
2015-02-19 00:00:00 UTC,427,-92,224096830,4.5247222222222216
2015-02-19 00:00:00 UTC,427,144,247103040,6.70263888888889
2015-02-19 00:00:00 UTC,427,143,247103040,0.93875
2015-02-19 00:00:00 UTC,427,144,247100740,0.90013888888888893
2015-02-19 00:00:00 UTC,427,-662,316004170,0.61944444444444446
2015-02-19 00:00:00 UTC,427,142,247100750,18.644027777777776
2015-02-19 00:00:00 UTC,427,-96,224123730,1.7001388888888886
2015-02-19 00:00:00 UTC,427,-95,224123730,2.0998611111111112
2015-02-19 00:00:00 UTC,427,157,238404440,2.9613888888888891
2015-02-19 00:00:00 UTC,427,159,238404440,2.5561111111111106
2015-02-19 00:00:00 UTC,427,160,238404440,6.40361111111111
2015-02-19 00:00:00 UTC,427,158,238404440,2.9497222222222219
2015-02-19 00:00:00 UTC,427,156,238404440,0.42791666666666661
2015-02-19 00:00:00 UTC,427,149,247121240,11.580694444444445
2015-02-19 00:00:00 UTC,427,149,247100250,3.9002777777777786
2015-02-19 00:00:00 UTC,427,150,247100250,0.41152777777777777
2015-02-19 00:00:00 UTC,427,106,247069530,0.88874999999999993
2015-02-19 00:00:00 UTC,427,107,247069530,9.6372222222222224
2015-02-19 00:00:00 UTC,427,105,247069530,4.6230555555555561
2015-02-19 00:00:00 UTC,427,104,247069530,1.4822222222222221
2015-02-19 00:00:00 UTC,427,-93,224101980,0.77374999999999994
2015-02-19 00:00:00 UTC,427,-92,224101980,1.726388888888889
2015-02-19 00:00:00 UTC,427,156,247080290,1.2345833333333334
2015-02-19 00:00:00 UTC,427,154,247080290,2.4794444444444443
2015-02-19 00:00:00 UTC,427,155,247080290,1.0359722222222223
2015-02-19 00:00:00 UTC,427,144,247100770,0.33625000000000005
2015-02-19 00:00:00 UTC,427,143,247100770,7.5136111111111106
2015-02-19 00:00:00 UTC,427,141,247101540,13.177777777777777
2015-02-19 00:00:00 UTC,427,-93,224049260,1.4587500000000002
2015-02-19 00:00:00 UTC,427,-92,224049260,5.9211111111111121
2015-02-19 00:00:00 UTC,427,143,247100270,0.20569444444444446
2015-02-19 00:00:00 UTC,427,142,247100270,1.9469444444444444
2015-02-19 00:00:00 UTC,427,151,247100530,0.83902777777777771
2015-02-19 00:00:00 UTC,427,143,247102070,10.119583333333333
2015-02-19 00:00:00 UTC,427,-93,224079740,0.94986111111111127
2015-02-19 00:00:00 UTC,427,-92,224079740,3.5691666666666668
2015-02-19 00:00:00 UTC,427,158,238000001,2.9822222222222221
2015-02-19 00:00:00 UTC,427,160,238000001,6.4799999999999978
2015-02-19 00:00:00 UTC,427,159,238000001,3.2162500000000005
2015-02-19 00:00:00 UTC,427,156,238000001,0.21208333333333335
2015-02-19 00:00:00 UTC,427,157,238000001,3.2195833333333339
2015-02-19 00:00:00 UTC,427,-92,224117130,2.2494444444444444
2015-02-19 00:00:00 UTC,427,166,238372240,3.2597222222222224
2015-02-19 00:00:00 UTC,427,165,238372240,1.3111111111111111
2015-02-19 00:00:00 UTC,427,33,227305360,2.6704166666666667
2015-02-19 00:00:00 UTC,427,141,247100050,0.27222222222222225
2015-02-19 00:00:00 UTC,427,142,247100820,3.5620833333333337
2015-02-19 00:00:00 UTC,427,143,247100820,9.8144444444444439
2015-02-19 00:00:00 UTC,427,142,247101590,3.350972222222222
2015-02-19 00:00:00 UTC,427,143,247102110,2.2165277777777779
2015-02-19 00:00:00 UTC,427,142,247102110,4.5661111111111108
2015-02-19 00:00:00 UTC,427,149,247104160,5.1802777777777766
2015-02-19 00:00:00 UTC,427,149,247100580,4.3875
2015-02-19 00:00:00 UTC,427,144,247101610,1.9051388888888889
2015-02-19 00:00:00 UTC,427,143,247101610,5.5138888888888884
2015-02-19 00:00:00 UTC,427,143,247102380,2.4241666666666672
2015-02-19 00:00:00 UTC,427,143,247101360,4.2468055555555555
2015-02-19 00:00:00 UTC,427,102,247221170,3.523333333333333
2015-02-19 00:00:00 UTC,427,103,247221170,5.0516666666666676
2015-02-19 00:00:00 UTC,427,-92,224003510,1.5998611111111112
2015-02-19 00:00:00 UTC,427,-92,224077240,1.5213888888888887
2015-02-19 00:00:00 UTC,427,-93,224077240,0.70069444444444451
2015-02-19 00:00:00 UTC,427,-92,224104640,6.0006944444444441
2015-02-19 00:00:00 UTC,427,-93,224104640,2.4008333333333334
2015-02-19 00:00:00 UTC,427,34,228149700,0.63041666666666663
2015-02-19 00:00:00 UTC,427,-92,224005830,1.9245833333333333
2015-02-19 00:00:00 UTC,427,143,247103430,1.2669444444444444
2015-02-19 00:00:00 UTC,427,142,247103430,0.66666666666666663
2015-02-19 00:00:00 UTC,427,141,247103430,4.1640277777777781
2015-02-19 00:00:00 UTC,427,150,247102410,0.22486111111111112
2015-02-19 00:00:00 UTC,427,31,228178900,3.4183333333333339
2015-02-19 00:00:00 UTC,427,-93,224315860,1.0493055555555555
2015-02-19 00:00:00 UTC,427,-92,224315860,2.8994444444444443
2015-02-19 00:00:00 UTC,427,159,238791640,2.3304166666666664
2015-02-19 00:00:00 UTC,427,158,238791640,1.3098611111111111
2015-02-19 00:00:00 UTC,427,160,238791640,3.3791666666666669
2015-02-19 00:00:00 UTC,427,161,238791640,0.84333333333333338
2015-02-19 00:00:00 UTC,427,160,238283740,0.59111111111111114
2015-02-19 00:00:00 UTC,427,152,247081440,1.9011111111111112
2015-02-19 00:00:00 UTC,427,153,247081440,1.9376388888888891
2015-02-19 00:00:00 UTC,427,35,227320290,1.2238888888888888
2015-02-19 00:00:00 UTC,427,144,247102180,0.64444444444444438
2015-02-19 00:00:00 UTC,427,143,247102180,1.0445833333333332
2015-02-19 00:00:00 UTC,427,-95,224147180,1.7493055555555554
2015-02-19 00:00:00 UTC,427,-706,366888690,2.5084722222222222
2015-02-19 00:00:00 UTC,427,-707,366888690,2.5833333333333335
2015-02-19 00:00:00 UTC,427,150,247100920,2.0708333333333333
2015-02-19 00:00:00 UTC,427,104,247065080,0.64722222222222225
2015-02-19 00:00:00 UTC,427,105,247065080,5.9861111111111116
2015-02-19 00:00:00 UTC,427,106,247065080,1.23875
2015-02-19 00:00:00 UTC,683,135,257620500,2.5725
2015-02-19 00:00:00 UTC,683,115,251123000,1.3861111111111111
2015-02-19 00:00:00 UTC,683,117,251123000,1.7598611111111113
2015-02-19 00:00:00 UTC,683,114,251123000,0.53625
2015-02-19 00:00:00 UTC,683,131,257301840,1.4868055555555557
2015-02-19 00:00:00 UTC,683,132,257301840,1.8540277777777776
2015-02-19 00:00:00 UTC,683,114,331480000,0.773888888888889
2015-02-19 00:00:00 UTC,683,117,331480000,0.77069444444444446
2015-02-19 00:00:00 UTC,683,116,331480000,1.1180555555555556
2015-02-19 00:00:00 UTC,-341,609,225374000,0.19777777777777777
2015-02-19 00:00:00 UTC,-341,608,225374000,0.42958333333333332
2015-02-19 00:00:00 UTC,-341,-925,735059255,0.70402777777777781
2015-02-19 00:00:00 UTC,-341,-919,735059255,1.2330555555555556
2015-02-19 00:00:00 UTC,-341,-915,224626000,0.70527777777777789
2015-02-19 00:00:00 UTC,-341,-916,224626000,0.36166666666666669
2015-02-19 00:00:00 UTC,-341,376,224544160,0.69277777777777783
2015-02-19 00:00:00 UTC,-341,377,224544160,0.50027777777777782
2015-02-19 00:00:00 UTC,-85,-1171,432990000,1.4969444444444444
2015-02-19 00:00:00 UTC,172,-164,654046100,2.8050000000000006
2015-02-19 00:00:00 UTC,428,156,238337540,4.3608333333333338
2015-02-19 00:00:00 UTC,428,157,238337540,1.0222222222222221
2015-02-19 00:00:00 UTC,428,171,238390540,6.454305555555556
2015-02-19 00:00:00 UTC,428,172,238390540,6.4693055555555565
2015-02-19 00:00:00 UTC,428,38,228154900,1.60125
2015-02-19 00:00:00 UTC,428,39,228154900,0.57444444444444442
2015-02-19 00:00:00 UTC,428,37,228154900,2.1426388888888885
2015-02-19 00:00:00 UTC,428,156,238117140,4.3569444444444452
2015-02-19 00:00:00 UTC,428,31,227319580,2.0586111111111109
2015-02-19 00:00:00 UTC,428,32,227319580,0.99902777777777774
2015-02-19 00:00:00 UTC,428,165,238519840,1.5497222222222222
2015-02-19 00:00:00 UTC,428,168,238519840,2.6236111111111109
2015-02-19 00:00:00 UTC,428,166,238519840,3.5501388888888896
2015-02-19 00:00:00 UTC,428,167,238519840,3.9262499999999996
2015-02-19 00:00:00 UTC,428,149,247103780,2.2115277777777775
2015-02-19 00:00:00 UTC,428,150,247084070,1.74375
2015-02-19 00:00:00 UTC,428,149,247084070,4.8033333333333337
2015-02-19 00:00:00 UTC,428,165,238584110,0.22777777777777777
2015-02-19 00:00:00 UTC,428,167,238584110,3.2401388888888887
2015-02-19 00:00:00 UTC,428,166,238584110,7.7011111111111124
2015-02-19 00:00:00 UTC,428,149,247080240,2.8179166666666671
2015-02-19 00:00:00 UTC,428,150,247100720,5.52625
2015-02-19 00:00:00 UTC,428,142,247072820,1.3609722222222222
2015-02-19 00:00:00 UTC,428,-93,224096830,1.4747222222222223
2015-02-19 00:00:00 UTC,428,-92,224096830,0.74958333333333327
2015-02-19 00:00:00 UTC,428,143,247103040,1.125
2015-02-19 00:00:00 UTC,428,144,247103040,1.1251388888888889
2015-02-19 00:00:00 UTC,428,149,247102020,4.4986111111111109
2015-02-19 00:00:00 UTC,428,167,238471240,0.2025
2015-02-19 00:00:00 UTC,428,-661,316004170,16.753888888888888
2015-02-19 00:00:00 UTC,428,-662,316004170,6.4401388888888889
2015-02-19 00:00:00 UTC,428,141,247100750,0.27236111111111111
2015-02-19 00:00:00 UTC,428,34,227321170,0.26375000000000004
2015-02-19 00:00:00 UTC,428,33,227321170,0.84583333333333333
2015-02-19 00:00:00 UTC,428,-95,224123730,2.0502777777777776
2015-02-19 00:00:00 UTC,428,155,238404440,0.83777777777777773
2015-02-19 00:00:00 UTC,428,156,238404440,2.7754166666666662
2015-02-19 00:00:00 UTC,428,150,247100250,0.20541666666666669
2015-02-19 00:00:00 UTC,428,149,247100250,1.966388888888889
2015-02-19 00:00:00 UTC,428,153,247080290,1.4668055555555555
2015-02-19 00:00:00 UTC,428,154,247080290,0.84
2015-02-19 00:00:00 UTC,428,153,247129960,1.3752777777777778
2015-02-19 00:00:00 UTC,428,154,247129960,0.7418055555555555
2015-02-19 00:00:00 UTC,428,152,247129960,5.2526388888888889
2015-02-19 00:00:00 UTC,428,42,227146600,0.89777777777777779
2015-02-19 00:00:00 UTC,428,41,227146600,0.3979166666666667
2015-02-19 00:00:00 UTC,428,43,227146600,1.1476388888888889
2015-02-19 00:00:00 UTC,428,44,227146600,0.2713888888888889
2015-02-19 00:00:00 UTC,428,-93,224009840,0.57361111111111107
2015-02-19 00:00:00 UTC,428,-94,224009840,0.58763888888888882
2015-02-19 00:00:00 UTC,428,143,247102070,1.4027777777777777
2015-02-19 00:00:00 UTC,428,156,238000001,3.1805555555555554
2015-02-19 00:00:00 UTC,428,167,238000005,2.6220833333333333
2015-02-19 00:00:00 UTC,428,166,238000005,3.1748611111111109
2015-02-19 00:00:00 UTC,428,166,238372240,4.0063888888888881
2015-02-19 00:00:00 UTC,428,165,238372240,1.3205555555555555
2015-02-19 00:00:00 UTC,428,33,227305360,0.86541666666666661
2015-02-19 00:00:00 UTC,428,34,227305360,1.10375
2015-02-19 00:00:00 UTC,428,141,247100050,0.60180555555555548
2015-02-19 00:00:00 UTC,428,142,247102110,0.45291666666666663
2015-02-19 00:00:00 UTC,428,141,247102110,3.27375
2015-02-19 00:00:00 UTC,428,143,247102110,3.3723611111111111
2015-02-19 00:00:00 UTC,428,149,247104160,2.8141666666666665
2015-02-19 00:00:00 UTC,428,149,247100580,0.43333333333333335
2015-02-19 00:00:00 UTC,428,33,227438000,2.1106944444444444
2015-02-19 00:00:00 UTC,428,33,228149700,0.4275
2015-02-19 00:00:00 UTC,428,34,228149700,2.5026388888888893
2015-02-19 00:00:00 UTC,428,167,238905540,10.159305555555557
2015-02-19 00:00:00 UTC,428,-93,224005830,1.0491666666666666
2015-02-19 00:00:00 UTC,428,33,228198600,5.6945833333333322
2015-02-19 00:00:00 UTC,428,-93,224003530,1.1488888888888888
2015-02-19 00:00:00 UTC,428,150,247102410,4.2786111111111111
2015-02-19 00:00:00 UTC,428,39,227144400,3.1929166666666666
2015-02-19 00:00:00 UTC,428,38,227144400,0.57347222222222216
2015-02-19 00:00:00 UTC,428,34,228210900,0.28291666666666671
2015-02-19 00:00:00 UTC,428,33,228210900,0.533611111111111
2015-02-19 00:00:00 UTC,428,31,228178900,2.8513888888888892
2015-02-19 00:00:00 UTC,428,161,238791640,1.7454166666666668
2015-02-19 00:00:00 UTC,428,160,238791640,0.21097222222222223
2015-02-19 00:00:00 UTC,428,159,238791640,1.9195833333333334
2015-02-19 00:00:00 UTC,428,164,238791640,0.83527777777777767
2015-02-19 00:00:00 UTC,428,162,238791640,1.4931944444444443
2015-02-19 00:00:00 UTC,428,163,238791640,1.4569444444444444
2015-02-19 00:00:00 UTC,428,158,238791640,2.1511111111111108
2015-02-19 00:00:00 UTC,428,-95,224079580,0.72513888888888889
2015-02-19 00:00:00 UTC,428,-96,224079580,0.7
2015-02-19 00:00:00 UTC,428,35,227320290,3.2883333333333331
2015-02-19 00:00:00 UTC,428,105,247067620,1.24125
2015-02-19 00:00:00 UTC,428,-95,224147180,1.9502777777777776
2015-02-19 00:00:00 UTC,428,168,238654710,6.8970833333333337
2015-02-19 00:00:00 UTC,428,167,238654710,0.61069444444444443
2015-02-19 00:00:00 UTC,428,149,247100920,10.94125
2015-02-19 00:00:00 UTC,428,150,247100920,0.81138888888888894
2015-02-19 00:00:00 UTC,428,105,247065080,1.0694444444444444
2015-02-19 00:00:00 UTC,428,106,247065080,8.0652777777777782
2015-02-19 00:00:00 UTC,684,118,331480000,0.675
2015-02-19 00:00:00 UTC,684,120,331480000,0.86069444444444443
2015-02-19 00:00:00 UTC,684,119,331480000,1.8026388888888891
2015-02-19 00:00:00 UTC,-340,611,225374000,0.20097222222222222
2015-02-19 00:00:00 UTC,-340,608,225374000,1.4361111111111109
2015-02-19 00:00:00 UTC,-340,606,225374000,3.9081944444444443
2015-02-19 00:00:00 UTC,-340,-919,735059255,0.31819444444444445
2015-02-19 00:00:00 UTC,-340,-918,735059255,0.91638888888888892
2015-02-19 00:00:00 UTC,-340,-915,224626000,0.97791666666666666
2015-02-19 00:00:00 UTC,-340,-987,735058806,1.5754166666666669
2015-02-19 00:00:00 UTC,-340,377,224544160,1.1381944444444445
2015-02-19 00:00:00 UTC,-340,166,601849000,7.8959722222222224
2015-02-19 00:00:00 UTC,-340,-418,220463790,2.0994444444444444
2015-02-19 00:00:00 UTC,-84,-1171,432990000,1.5766666666666667
2015-02-19 00:00:00 UTC,-84,-1684,36764000,1.4002777777777775
2015-02-19 00:00:00 UTC,-84,-1686,36764000,4.7461111111111114
2015-02-19 00:00:00 UTC,-84,-1685,36764000,8.14611111111111
2015-02-19 00:00:00 UTC,-84,-1246,431700660,3.725
2015-02-19 00:00:00 UTC,173,-164,654045700,6.2391666666666676
2015-02-19 00:00:00 UTC,429,43,228236800,0.7252777777777778
2015-02-19 00:00:00 UTC,429,155,238337540,1.2372222222222222
2015-02-19 00:00:00 UTC,429,156,238337540,2.5069444444444442
2015-02-19 00:00:00 UTC,429,-96,224105480,10.149305555555555
2015-02-19 00:00:00 UTC,429,37,228154900,0.72597222222222224
2015-02-19 00:00:00 UTC,429,38,228154900,4.5072222222222216
2015-02-19 00:00:00 UTC,429,155,238117140,1.6501388888888886
2015-02-19 00:00:00 UTC,429,156,238117140,2.0652777777777778
2015-02-19 00:00:00 UTC,429,31,227319580,6.5318055555555556
2015-02-19 00:00:00 UTC,429,-94,224066590,5.9749999999999988
2015-02-19 00:00:00 UTC,429,166,238519840,3.3081944444444447
2015-02-19 00:00:00 UTC,429,165,238519840,1.2815277777777776
2015-02-19 00:00:00 UTC,429,155,238451240,4.412638888888889
2015-02-19 00:00:00 UTC,429,165,238584110,0.44861111111111113
2015-02-19 00:00:00 UTC,429,166,238584110,0.21541666666666667
2015-02-19 00:00:00 UTC,429,148,247128370,3.3048611111111112
2015-02-19 00:00:00 UTC,429,150,247128370,2.3930555555555557
2015-02-19 00:00:00 UTC,429,149,247128370,2.3754166666666672
2015-02-19 00:00:00 UTC,429,-94,224022590,2.8000000000000003
2015-02-19 00:00:00 UTC,429,167,238471240,6.9255555555555564
2015-02-19 00:00:00 UTC,429,37,227318610,1.3902777777777777
2015-02-19 00:00:00 UTC,429,39,227318610,0.23527777777777778
2015-02-19 00:00:00 UTC,429,38,227318610,0.92666666666666675
2015-02-19 00:00:00 UTC,429,34,227321170,6.083055555555557
2015-02-19 00:00:00 UTC,429,-95,224123730,2.6000000000000005
2015-02-19 00:00:00 UTC,429,153,238317140,0.21833333333333332
2015-02-19 00:00:00 UTC,429,155,238317140,5.08875
2015-02-19 00:00:00 UTC,429,154,238317140,1.8970833333333332
2015-02-19 00:00:00 UTC,429,153,247080290,0.20680555555555558
2015-02-19 00:00:00 UTC,429,148,247080290,0.31097222222222221
2015-02-19 00:00:00 UTC,429,152,247080290,3.216388888888889
2015-02-19 00:00:00 UTC,429,151,247080290,1.922361111111111
2015-02-19 00:00:00 UTC,429,150,247080290,1.2279166666666665
2015-02-19 00:00:00 UTC,429,149,247080290,1.1997222222222221
2015-02-19 00:00:00 UTC,429,43,227146600,2.0595833333333333
2015-02-19 00:00:00 UTC,429,44,227146600,0.72458333333333336
2015-02-19 00:00:00 UTC,429,150,247100780,0.54875
2015-02-19 00:00:00 UTC,429,-96,224093550,10.624305555555557
2015-02-19 00:00:00 UTC,429,-94,224009840,0.42527777777777775
2015-02-19 00:00:00 UTC,429,44,228242800,0.92805555555555552
2015-02-19 00:00:00 UTC,429,-96,224245370,14.699305555555558
2015-02-19 00:00:00 UTC,429,37,228248700,0.7384722222222222
2015-02-19 00:00:00 UTC,429,155,238400640,4.4362499999999994
2015-02-19 00:00:00 UTC,429,154,238400640,0.84708333333333341
2015-02-19 00:00:00 UTC,429,163,238000005,1.7359722222222218
2015-02-19 00:00:00 UTC,429,161,238000005,0.42819444444444443
2015-02-19 00:00:00 UTC,429,165,238000005,3.6833333333333336
2015-02-19 00:00:00 UTC,429,164,238000005,2.0904166666666661
2015-02-19 00:00:00 UTC,429,166,238000005,0.43916666666666665
2015-02-19 00:00:00 UTC,429,162,238000005,1.8233333333333337
2015-02-19 00:00:00 UTC,429,165,238372240,2.2069444444444444
2015-02-19 00:00:00 UTC,429,35,227305360,0.33083333333333331
2015-02-19 00:00:00 UTC,429,34,227305360,0.66555555555555557
2015-02-19 00:00:00 UTC,429,149,247100050,0.93319444444444444
2015-02-19 00:00:00 UTC,429,150,247100050,0.54833333333333334
2015-02-19 00:00:00 UTC,429,151,247280280,0.96638888888888885
2015-02-19 00:00:00 UTC,429,150,247280280,1.8281944444444442
2015-02-19 00:00:00 UTC,429,149,247280280,0.26694444444444443
2015-02-19 00:00:00 UTC,429,-93,224105890,0.625
2015-02-19 00:00:00 UTC,429,-93,225980581,0.2
2015-02-19 00:00:00 UTC,429,-94,225980581,5.8733333333333331
2015-02-19 00:00:00 UTC,429,32,228146600,2.6252777777777778
2015-02-19 00:00:00 UTC,429,33,228146600,0.23125
2015-02-19 00:00:00 UTC,429,31,228146600,0.39305555555555555
2015-02-19 00:00:00 UTC,429,-94,224017840,0.69833333333333325
2015-02-19 00:00:00 UTC,429,33,227438000,3.3495833333333334
2015-02-19 00:00:00 UTC,429,-94,224005820,0.225
2015-02-19 00:00:00 UTC,429,33,228149700,1.0568055555555556
2015-02-19 00:00:00 UTC,429,34,228149700,1.5904166666666666
2015-02-19 00:00:00 UTC,429,35,228149700,0.43416666666666665
2015-02-19 00:00:00 UTC,429,33,228198600,1.5611111111111109
2015-02-19 00:00:00 UTC,429,151,247102410,0.68041666666666667
2015-02-19 00:00:00 UTC,429,150,247102410,1.5168055555555555
2015-02-19 00:00:00 UTC,429,39,227144400,1.7486111111111111
2015-02-19 00:00:00 UTC,429,40,227144400,1.231111111111111
2015-02-19 00:00:00 UTC,429,34,228210900,1.0297222222222224
2015-02-19 00:00:00 UTC,429,35,228210900,1.1745833333333333
2015-02-19 00:00:00 UTC,429,-95,224079580,0.74916666666666665
2015-02-19 00:00:00 UTC,429,-96,224079580,2.475138888888889
2015-02-19 00:00:00 UTC,429,36,227320290,0.53805555555555551
2015-02-19 00:00:00 UTC,429,35,227320290,2.9908333333333332
2015-02-19 00:00:00 UTC,429,-94,224052450,1.225
2015-02-19 00:00:00 UTC,429,-93,224052450,0.24972222222222223
2015-02-19 00:00:00 UTC,429,-95,224147180,0.22541666666666665
2015-02-19 00:00:00 UTC,429,-94,224043760,1.6994444444444445
2015-02-19 00:00:00 UTC,685,120,251123000,3.4461111111111111
2015-02-19 00:00:00 UTC,685,122,251123000,1.1309722222222223
2015-02-19 00:00:00 UTC,685,123,251123000,1.0704166666666666
2015-02-19 00:00:00 UTC,685,121,251123000,2.873472222222222
2015-02-19 00:00:00 UTC,685,119,251123000,2.7541666666666664
2015-02-19 00:00:00 UTC,685,121,331480000,2.4590277777777771
2015-02-19 00:00:00 UTC,685,123,331480000,1.2622222222222221
2015-02-19 00:00:00 UTC,685,122,331480000,3.7944444444444438
2015-02-19 00:00:00 UTC,685,120,331480000,1.6904166666666667
2015-02-19 00:00:00 UTC,-339,607,225374000,0.72875
2015-02-19 00:00:00 UTC,-339,608,225374000,0.29805555555555557
2015-02-19 00:00:00 UTC,-339,615,225374000,0.5475
2015-02-19 00:00:00 UTC,-339,-918,735059255,1.2044444444444442
2015-02-19 00:00:00 UTC,-339,-915,224626000,4.2294444444444439
2015-02-19 00:00:00 UTC,-339,-987,735058806,1.0905555555555555
2015-02-19 00:00:00 UTC,-339,378,224544160,1.31125
2015-02-19 00:00:00 UTC,-83,-1171,432990000,1.4129166666666666
2015-02-19 00:00:00 UTC,-83,-1081,431613000,0.76263888888888887
2015-02-19 00:00:00 UTC,-83,-1079,431613000,0.74597222222222215
2015-02-19 00:00:00 UTC,-83,-1246,431700660,1.0668055555555556
2015-02-19 00:00:00 UTC,-83,-1141,431853000,2.7818055555555556
2015-02-19 00:00:00 UTC,-83,-1142,431853000,1.0722222222222222
2015-02-19 00:00:00 UTC,174,-164,654045700,0.82875
2015-02-19 00:00:00 UTC,430,43,228236800,0.99361111111111111
2015-02-19 00:00:00 UTC,430,44,228236800,2.4783333333333335
2015-02-19 00:00:00 UTC,430,155,238337540,2.6790277777777778
2015-02-19 00:00:00 UTC,430,156,238337540,0.8419444444444445
2015-02-19 00:00:00 UTC,430,153,238988040,2.7420833333333334
2015-02-19 00:00:00 UTC,430,156,238117140,0.66416666666666668
2015-02-19 00:00:00 UTC,430,155,238117140,3.0968055555555556
2015-02-19 00:00:00 UTC,430,-94,224066590,2.0422222222222226
2015-02-19 00:00:00 UTC,430,154,238327840,3.90125
2015-02-19 00:00:00 UTC,430,155,238327840,3.1666666666666661
2015-02-19 00:00:00 UTC,430,153,238327840,0.83763888888888882
2015-02-19 00:00:00 UTC,430,151,238451240,1.0795833333333333
2015-02-19 00:00:00 UTC,430,155,238451240,0.53625
2015-02-19 00:00:00 UTC,430,154,238451240,1.6054166666666667
2015-02-19 00:00:00 UTC,430,152,238451240,1.4911111111111111
2015-02-19 00:00:00 UTC,430,153,238451240,1.5193055555555555
2015-02-19 00:00:00 UTC,430,149,247151150,2.2968055555555558
2015-02-19 00:00:00 UTC,430,150,247151150,3.7505555555555561
2015-02-19 00:00:00 UTC,430,151,247151150,1.212361111111111
2015-02-19 00:00:00 UTC,430,151,247128370,2.5804166666666668
2015-02-19 00:00:00 UTC,430,150,247128370,2.4148611111111111
2015-02-19 00:00:00 UTC,430,46,228187700,2.7097222222222217
2015-02-19 00:00:00 UTC,430,33,227316290,0.55902777777777779
2015-02-19 00:00:00 UTC,430,34,227316290,0.23055555555555557
2015-02-19 00:00:00 UTC,430,39,227318610,0.61652777777777779
2015-02-19 00:00:00 UTC,430,37,227318610,1.2443055555555556
2015-02-19 00:00:00 UTC,430,38,227318610,0.40875
2015-02-19 00:00:00 UTC,430,34,227321170,0.27291666666666664
2015-02-19 00:00:00 UTC,430,35,227321170,2.6738888888888885
2015-02-19 00:00:00 UTC,430,152,238317140,0.62944444444444447
2015-02-19 00:00:00 UTC,430,153,238317140,1.8801388888888888
2015-02-19 00:00:00 UTC,430,47,227145300,2.5688888888888886
2015-02-19 00:00:00 UTC,430,45,227145300,0.21527777777777779
2015-02-19 00:00:00 UTC,430,46,227145300,2.2013888888888888
2015-02-19 00:00:00 UTC,430,-96,224013910,3.9738888888888888
2015-02-19 00:00:00 UTC,430,-97,224013910,10.14916666666667
2015-02-19 00:00:00 UTC,430,45,228263000,0.40694444444444444
2015-02-19 00:00:00 UTC,430,46,228263000,0.40833333333333333
2015-02-19 00:00:00 UTC,430,151,247080290,0.775
2015-02-19 00:00:00 UTC,430,42,227146600,1.0952777777777778
2015-02-19 00:00:00 UTC,430,53,227318890,0.58763888888888893
2015-02-19 00:00:00 UTC,430,150,247100780,1.8002777777777779
2015-02-19 00:00:00 UTC,430,151,247100780,2.8286111111111114
2015-02-19 00:00:00 UTC,430,43,228242800,1.3709722222222223
2015-02-19 00:00:00 UTC,430,45,228242800,1.9293055555555554
2015-02-19 00:00:00 UTC,430,46,228242800,1.8925
2015-02-19 00:00:00 UTC,430,44,228242800,2.4219444444444442
2015-02-19 00:00:00 UTC,430,150,247083890,1.2818055555555556
2015-02-19 00:00:00 UTC,430,149,247083890,1.3538888888888889
2015-02-19 00:00:00 UTC,430,148,247083890,1.4552777777777777
2015-02-19 00:00:00 UTC,430,151,247083890,1.2766666666666664
2015-02-19 00:00:00 UTC,430,38,228248700,1.5627777777777776
2015-02-19 00:00:00 UTC,430,36,228248700,1.0177777777777779
2015-02-19 00:00:00 UTC,430,37,228248700,0.92638888888888893
2015-02-19 00:00:00 UTC,430,152,238400640,1.4774999999999998
2015-02-19 00:00:00 UTC,430,153,238400640,1.7026388888888886
2015-02-19 00:00:00 UTC,430,154,238400640,0.647361111111111
2015-02-19 00:00:00 UTC,430,139,247102850,5.1359722222222226
2015-02-19 00:00:00 UTC,430,150,247100050,2.7070833333333333
2015-02-19 00:00:00 UTC,430,151,247100050,2.8418055555555553
2015-02-19 00:00:00 UTC,430,148,247100050,3.3993055555555558
2015-02-19 00:00:00 UTC,430,149,247100050,0.4175
2015-02-19 00:00:00 UTC,430,151,247280280,1.5198611111111109
2015-02-19 00:00:00 UTC,430,150,247280280,1.9083333333333332
2015-02-19 00:00:00 UTC,430,149,247280280,0.53888888888888886
2015-02-19 00:00:00 UTC,430,46,227321240,1.1397222222222221
2015-02-19 00:00:00 UTC,430,44,227321240,0.82777777777777772
2015-02-19 00:00:00 UTC,430,45,227321240,1.0248611111111112
2015-02-19 00:00:00 UTC,430,150,247111070,3.875
2015-02-19 00:00:00 UTC,430,151,247111070,0.20541666666666666
2015-02-19 00:00:00 UTC,430,40,227311010,1.6130555555555557
2015-02-19 00:00:00 UTC,430,40,227318690,1.7770833333333331
2015-02-19 00:00:00 UTC,430,39,227318690,0.41111111111111109
2015-02-19 00:00:00 UTC,430,35,228146600,0.41291666666666665
2015-02-19 00:00:00 UTC,430,34,228146600,3.1134722222222222
2015-02-19 00:00:00 UTC,430,33,228146600,1.1395833333333334
2015-02-19 00:00:00 UTC,430,47,228218800,1.9350000000000003
2015-02-19 00:00:00 UTC,430,33,227438000,1.1763888888888889
2015-02-19 00:00:00 UTC,430,34,227438000,0.84958333333333325
2015-02-19 00:00:00 UTC,430,56,227312050,0.40861111111111109
2015-02-19 00:00:00 UTC,430,48,227321780,3.4294444444444445
2015-02-19 00:00:00 UTC,430,-94,224040380,1.4011111111111112
2015-02-19 00:00:00 UTC,430,-93,224040380,0.52555555555555555
2015-02-19 00:00:00 UTC,430,-96,224105920,0.22458333333333333
2015-02-19 00:00:00 UTC,430,45,228168900,0.63194444444444442
2015-02-19 00:00:00 UTC,430,46,228168900,0.81319444444444455
2015-02-19 00:00:00 UTC,430,33,228198600,0.21194444444444444
2015-02-19 00:00:00 UTC,430,150,247083210,0.42236111111111108
2015-02-19 00:00:00 UTC,430,149,247083210,0.5838888888888889
2015-02-19 00:00:00 UTC,430,151,247102410,1.5193055555555555
2015-02-19 00:00:00 UTC,430,150,247102410,3.1131944444444444
2015-02-19 00:00:00 UTC,430,39,227144400,1.4434722222222223
2015-02-19 00:00:00 UTC,430,34,227317970,0.21888888888888888
2015-02-19 00:00:00 UTC,430,33,227317970,1.848611111111111
2015-02-19 00:00:00 UTC,430,32,227317970,0.59416666666666662
2015-02-19 00:00:00 UTC,430,34,228210900,0.60111111111111115
2015-02-19 00:00:00 UTC,430,162,238836440,11.375
2015-02-19 00:00:00 UTC,430,47,227317720,2.0804166666666664
2015-02-19 00:00:00 UTC,430,46,227317720,2.1874999999999996
2015-02-19 00:00:00 UTC,430,44,227317720,0.20166666666666666
2015-02-19 00:00:00 UTC,430,48,227317720,0.67944444444444452
2015-02-19 00:00:00 UTC,430,45,227317720,1.786111111111111
2015-02-19 00:00:00 UTC,430,-96,224079580,3.2009722222222217
2015-02-19 00:00:00 UTC,430,35,227320290,1.93125
2015-02-19 00:00:00 UTC,430,44,228173800,0.40194444444444444
2015-02-19 00:00:00 UTC,686,131,257684500,5.054444444444445
2015-02-19 00:00:00 UTC,686,124,251123000,0.88055555555555554
2015-02-19 00:00:00 UTC,686,125,251123000,5.1541666666666668
2015-02-19 00:00:00 UTC,686,123,251123000,3.6552777777777781
2015-02-19 00:00:00 UTC,686,125,331480000,2.3345833333333337
2015-02-19 00:00:00 UTC,686,123,331480000,2.8973611111111111
2015-02-19 00:00:00 UTC,686,124,331480000,2.1218055555555555
2015-02-19 00:00:00 UTC,-338,614,225374000,0.92847222222222214
2015-02-19 00:00:00 UTC,-338,613,225374000,1.8833333333333333
2015-02-19 00:00:00 UTC,-338,615,225374000,0.83263888888888893
2015-02-19 00:00:00 UTC,-338,-917,735059255,1.0611111111111111
2015-02-19 00:00:00 UTC,-338,-987,735058806,1.1929166666666666
2015-02-19 00:00:00 UTC,-338,378,224544160,0.33458333333333334
2015-02-19 00:00:00 UTC,-338,402,204235000,6.4813888888888886
2015-02-19 00:00:00 UTC,-338,398,204235000,2.1420833333333333
2015-02-19 00:00:00 UTC,-82,-1171,432990000,2.1805555555555554
2015-02-19 00:00:00 UTC,-82,-1246,431700660,1.4790277777777776
2015-02-19 00:00:00 UTC,-82,-1143,431853000,0.65805555555555539
2015-02-19 00:00:00 UTC,431,43,228236800,0.53611111111111109
2015-02-19 00:00:00 UTC,431,42,228236800,0.65361111111111114
2015-02-19 00:00:00 UTC,431,155,238337540,0.61222222222222222
2015-02-19 00:00:00 UTC,431,156,238337540,1.2544444444444445
2015-02-19 00:00:00 UTC,431,-97,224100870,5.2672222222222222
2015-02-19 00:00:00 UTC,431,-96,224100870,1.107361111111111
2015-02-19 00:00:00 UTC,431,157,238988040,1.4427777777777779
2015-02-19 00:00:00 UTC,431,158,238988040,0.41097222222222218
2015-02-19 00:00:00 UTC,431,156,238988040,1.4556944444444442
2015-02-19 00:00:00 UTC,431,152,238988040,4.7927777777777774
2015-02-19 00:00:00 UTC,431,153,238988040,0.21097222222222223
2015-02-19 00:00:00 UTC,431,139,247081230,1.7226388888888888
2015-02-19 00:00:00 UTC,431,156,238117140,1.725
2015-02-19 00:00:00 UTC,431,155,238117140,1.0141666666666667
2015-02-19 00:00:00 UTC,431,-93,224023580,0.225
2015-02-19 00:00:00 UTC,431,152,238327840,1.5252777777777775
2015-02-19 00:00:00 UTC,431,153,238327840,1.2373611111111109
2015-02-19 00:00:00 UTC,431,37,227321890,2.060972222222222
2015-02-19 00:00:00 UTC,431,39,227321890,0.21083333333333334
2015-02-19 00:00:00 UTC,431,38,227321890,2.4795833333333333
2015-02-19 00:00:00 UTC,431,35,227321890,1.8576388888888888
2015-02-19 00:00:00 UTC,431,36,227321890,2.2744444444444443
2015-02-19 00:00:00 UTC,431,97,247100710,6.7488888888888887
2015-02-19 00:00:00 UTC,431,152,238451240,3.0445833333333336
2015-02-19 00:00:00 UTC,431,155,238451240,1.5302777777777781
2015-02-19 00:00:00 UTC,431,153,238451240,1.7601388888888887
2015-02-19 00:00:00 UTC,431,154,238451240,1.4609722222222219
2015-02-19 00:00:00 UTC,431,150,247151150,1.3419444444444446
2015-02-19 00:00:00 UTC,431,151,247151150,1.39
2015-02-19 00:00:00 UTC,431,44,227317550,1.0587499999999999
2015-02-19 00:00:00 UTC,431,43,227317550,0.82763888888888881
2015-02-19 00:00:00 UTC,431,46,227317550,0.89263888888888876
2015-02-19 00:00:00 UTC,431,45,227317550,1.0893055555555555
2015-02-19 00:00:00 UTC,431,151,247128370,2.3391666666666664
2015-02-19 00:00:00 UTC,431,47,228187700,3.8554166666666667
2015-02-19 00:00:00 UTC,431,-513,224488000,9.83236111111111
2015-02-19 00:00:00 UTC,431,34,227316290,4.3816666666666668
2015-02-19 00:00:00 UTC,431,33,227316290,1.0929166666666665
2015-02-19 00:00:00 UTC,431,35,227316290,2.1388888888888893
2015-02-19 00:00:00 UTC,431,38,227318610,2.0793055555555555
2015-02-19 00:00:00 UTC,431,39,227318610,1.3679166666666664
2015-02-19 00:00:00 UTC,431,35,227321170,0.41111111111111115
2015-02-19 00:00:00 UTC,431,153,238317140,0.2013888888888889
2015-02-19 00:00:00 UTC,431,152,238317140,3.3554166666666667
2015-02-19 00:00:00 UTC,431,151,238317140,0.62625000000000008
2015-02-19 00:00:00 UTC,431,45,227145300,1.8741666666666668
2015-02-19 00:00:00 UTC,431,-96,224013910,3.4258333333333342
2015-02-19 00:00:00 UTC,431,-97,224013910,6.6254166666666654
2015-02-19 00:00:00 UTC,431,44,228263000,0.88916666666666666
2015-02-19 00:00:00 UTC,431,46,228263000,1.9254166666666666
2015-02-19 00:00:00 UTC,431,45,228263000,2.6963888888888889
2015-02-19 00:00:00 UTC,431,42,227580250,0.86930555555555555
2015-02-19 00:00:00 UTC,431,43,227580250,8.34736111111111
2015-02-19 00:00:00 UTC,431,41,227317860,0.55555555555555558
2015-02-19 00:00:00 UTC,431,43,227317860,0.7252777777777778
2015-02-19 00:00:00 UTC,431,42,227317860,0.94375000000000009
2015-02-19 00:00:00 UTC,431,42,228172900,0.63638888888888889
2015-02-19 00:00:00 UTC,431,45,228172900,2.8498611111111112
2015-02-19 00:00:00 UTC,431,43,228172900,1.2829166666666667
2015-02-19 00:00:00 UTC,431,46,228172900,2.3166666666666664
2015-02-19 00:00:00 UTC,431,44,228172900,1.3194444444444442
2015-02-19 00:00:00 UTC,431,52,227318890,1.6879166666666667
2015-02-19 00:00:00 UTC,431,51,227318890,4.264444444444444
2015-02-19 00:00:00 UTC,431,53,227318890,2.6370833333333334
2015-02-19 00:00:00 UTC,431,50,227318890,0.4177777777777778
2015-02-19 00:00:00 UTC,431,151,247100780,5.1583333333333332
2015-02-19 00:00:00 UTC,431,150,247100780,2.8955555555555561
2015-02-19 00:00:00 UTC,431,149,247100780,0.42819444444444443
2015-02-19 00:00:00 UTC,431,161,238429040,2.5725000000000002
2015-02-19 00:00:00 UTC,431,151,247083890,1.48375
2015-02-19 00:00:00 UTC,431,152,247083890,0.42597222222222225
2015-02-19 00:00:00 UTC,431,161,238267000,0.91791666666666671
2015-02-19 00:00:00 UTC,431,35,228248700,1.0530555555555554
2015-02-19 00:00:00 UTC,431,37,228248700,0.62472222222222218
2015-02-19 00:00:00 UTC,431,39,228248700,1.0861111111111112
2015-02-19 00:00:00 UTC,431,36,228248700,1.6665277777777778
2015-02-19 00:00:00 UTC,431,152,238400640,2.9322222222222218
2015-02-19 00:00:00 UTC,431,139,247102850,4.1925000000000008
2015-02-19 00:00:00 UTC,431,163,238771340,5.2208333333333341
2015-02-19 00:00:00 UTC,431,148,247100050,2.5193055555555555
2015-02-19 00:00:00 UTC,431,149,247100050,0.26930555555555558
2015-02-19 00:00:00 UTC,431,150,247280280,0.475
2015-02-19 00:00:00 UTC,431,151,247280280,1.955138888888889
2015-02-19 00:00:00 UTC,431,45,227321240,3.4444444444444446
2015-02-19 00:00:00 UTC,431,46,227321240,1.0856944444444443
2015-02-19 00:00:00 UTC,431,104,247063450,3.1336111111111107
2015-02-19 00:00:00 UTC,431,150,247111070,0.68013888888888885
2015-02-19 00:00:00 UTC,431,151,247111070,1.6808333333333334
2015-02-19 00:00:00 UTC,431,42,227311010,0.5130555555555556
2015-02-19 00:00:00 UTC,431,41,227311010,1.7686111111111111
2015-02-19 00:00:00 UTC,431,39,227311010,0.20972222222222223
2015-02-19 00:00:00 UTC,431,40,227311010,1.5498611111111111
2015-02-19 00:00:00 UTC,431,36,227317410,2.2555555555555555
2015-02-19 00:00:00 UTC,431,37,227317410,0.20277777777777778
2015-02-19 00:00:00 UTC,431,35,227317410,1.0125
2015-02-19 00:00:00 UTC,431,41,227318690,1.5306944444444446
2015-02-19 00:00:00 UTC,431,39,227318690,1.4597222222222221
2015-02-19 00:00:00 UTC,431,40,227318690,0.22375
2015-02-19 00:00:00 UTC,431,42,227318690,0.9850000000000001
2015-02-19 00:00:00 UTC,431,158,238987940,1.0320833333333332
2015-02-19 00:00:00 UTC,431,34,228146600,0.2072222222222222
2015-02-19 00:00:00 UTC,431,35,228146600,2.0955555555555554
2015-02-19 00:00:00 UTC,431,49,227588520,1.0347222222222223
2015-02-19 00:00:00 UTC,431,50,227588520,0.81652777777777774
2015-02-19 00:00:00 UTC,431,48,227588520,0.81666666666666665
2015-02-19 00:00:00 UTC,431,47,227588520,0.82680555555555557
2015-02-19 00:00:00 UTC,431,41,227320750,0.27277777777777779
2015-02-19 00:00:00 UTC,431,40,227320750,1.3593055555555555
2015-02-19 00:00:00 UTC,431,39,227320750,1.7486111111111111
2015-02-19 00:00:00 UTC,431,-92,224017840,0.79999999999999993
2015-02-19 00:00:00 UTC,431,47,228218800,1.6748611111111111
2015-02-19 00:00:00 UTC,431,48,228218800,2.1452777777777774
2015-02-19 00:00:00 UTC,431,34,227438000,0.83041666666666669
2015-02-19 00:00:00 UTC,431,55,227312050,1.2344444444444445
2015-02-19 00:00:00 UTC,431,56,227312050,1.6606944444444445
2015-02-19 00:00:00 UTC,431,50,227321780,1.2025000000000001
2015-02-19 00:00:00 UTC,431,51,227321780,1.2318055555555556
2015-02-19 00:00:00 UTC,431,49,227321780,2.6054166666666667
2015-02-19 00:00:00 UTC,431,163,238176440,6.3588888888888881
2015-02-19 00:00:00 UTC,431,-93,224005820,1.3997222222222223
2015-02-19 00:00:00 UTC,431,161,238504640,3.1179166666666669
2015-02-19 00:00:00 UTC,431,-95,224105920,0.99972222222222218
2015-02-19 00:00:00 UTC,431,-96,224105920,3.8729166666666672
2015-02-19 00:00:00 UTC,431,44,228168900,0.93138888888888893
2015-02-19 00:00:00 UTC,431,47,228168900,1.0730555555555557
2015-02-19 00:00:00 UTC,431,45,228168900,1.6968055555555557
2015-02-19 00:00:00 UTC,431,46,228168900,1.0676388888888888
2015-02-19 00:00:00 UTC,431,150,247083210,1.5429166666666672
2015-02-19 00:00:00 UTC,431,151,247083210,0.86819444444444438
2015-02-19 00:00:00 UTC,431,151,247102410,2.2609722222222222
2015-02-19 00:00:00 UTC,431,139,247280590,0.26666666666666666
2015-02-19 00:00:00 UTC,431,39,227144400,1.2405555555555554
2015-02-19 00:00:00 UTC,431,34,227317970,2.2916666666666665
2015-02-19 00:00:00 UTC,431,35,227317970,1.2634722222222221
2015-02-19 00:00:00 UTC,431,33,227317970,3.1322222222222225
2015-02-19 00:00:00 UTC,431,40,227142100,0.64013888888888881
2015-02-19 00:00:00 UTC,431,44,227142100,2.568194444444444
2015-02-19 00:00:00 UTC,431,41,227142100,1.3058333333333334
2015-02-19 00:00:00 UTC,431,42,227142100,1.30375
2015-02-19 00:00:00 UTC,431,43,227142100,0.91986111111111113
2015-02-19 00:00:00 UTC,431,52,228887000,0.42152777777777783
2015-02-19 00:00:00 UTC,431,49,228887000,1.3729166666666666
2015-02-19 00:00:00 UTC,431,51,228887000,1.060138888888889
2015-02-19 00:00:00 UTC,431,50,228887000,2.0190277777777776
2015-02-19 00:00:00 UTC,431,44,227317720,0.84111111111111114
2015-02-19 00:00:00 UTC,431,43,227317720,1.2379166666666666
2015-02-19 00:00:00 UTC,431,44,227318490,2.9093055555555556
2015-02-19 00:00:00 UTC,431,45,227318490,1.2191666666666667
2015-02-19 00:00:00 UTC,431,43,227318490,0.78694444444444445
2015-02-19 00:00:00 UTC,431,42,227318490,1.8070833333333334
2015-02-19 00:00:00 UTC,431,-96,224079580,2.1983333333333333
2015-02-19 00:00:00 UTC,431,-93,224052450,2.4518055555555551
2015-02-19 00:00:00 UTC,431,-92,224052450,2.4494444444444445
2015-02-19 00:00:00 UTC,431,169,238407140,0.94041666666666668
2015-02-19 00:00:00 UTC,431,167,238407140,0.86444444444444446
2015-02-19 00:00:00 UTC,431,43,228173800,3.8476388888888882
2015-02-19 00:00:00 UTC,431,44,228173800,0.79958333333333331
2015-02-19 00:00:00 UTC,431,163,238923240,6.2173611111111109
2015-02-19 00:00:00 UTC,431,162,238923240,0.46194444444444444
2015-02-19 00:00:00 UTC,431,-93,224043760,0.30111111111111111
2015-02-19 00:00:00 UTC,431,-92,224043760,0.65069444444444446
2015-02-19 00:00:00 UTC,-337,-917,735059255,1.1211111111111112
2015-02-19 00:00:00 UTC,-337,-925,735059255,2.390138888888889
2015-02-19 00:00:00 UTC,-337,-917,224626000,5.6291666666666664
2015-02-19 00:00:00 UTC,-337,-987,735058806,1.0173611111111109
2015-02-19 00:00:00 UTC,-337,379,224544160,0.67138888888888892
2015-02-19 00:00:00 UTC,-337,167,601849000,0.1375
2015-02-19 00:00:00 UTC,-337,658,224696000,0.43680555555555556
2015-02-19 00:00:00 UTC,-337,659,224696000,1.2093055555555556
2015-02-19 00:00:00 UTC,-337,398,204235000,0.36097222222222225
2015-02-19 00:00:00 UTC,-81,1683,510056000,3.7479166666666668
2015-02-19 00:00:00 UTC,-81,-1246,431700660,4.9669444444444437
2015-02-19 00:00:00 UTC,-81,-1144,431853000,0.36527777777777776
2015-02-19 00:00:00 UTC,-81,-1143,431853000,0.44749999999999995
2015-02-19 00:00:00 UTC,-81,-1141,431853000,1.1802777777777778
2015-02-19 00:00:00 UTC,432,138,247083520,8.2784722222222218
2015-02-19 00:00:00 UTC,432,139,247083520,1.2693055555555555
2015-02-19 00:00:00 UTC,432,138,247087110,1.9081944444444443
2015-02-19 00:00:00 UTC,432,-96,224100870,2.3762499999999998
2015-02-19 00:00:00 UTC,432,139,247084040,0.78625
2015-02-19 00:00:00 UTC,432,152,238988040,0.40916666666666668
2015-02-19 00:00:00 UTC,432,156,238988040,0.6430555555555556
2015-02-19 00:00:00 UTC,432,155,238988040,3.5816666666666661
2015-02-19 00:00:00 UTC,432,158,238988040,0.20569444444444446
2015-02-19 00:00:00 UTC,432,154,238988040,2.6920833333333332
2015-02-19 00:00:00 UTC,432,153,238988040,2.487916666666667
2015-02-19 00:00:00 UTC,432,45,227318540,1.6706944444444443
2015-02-19 00:00:00 UTC,432,44,227318540,2.2468055555555559
2015-02-19 00:00:00 UTC,432,43,227318540,0.41402777777777777
2015-02-19 00:00:00 UTC,432,138,247081230,0.22513888888888889
2015-02-19 00:00:00 UTC,432,139,247081230,2.2051388888888885
2015-02-19 00:00:00 UTC,432,-91,224080660,0.62874999999999992
2015-02-19 00:00:00 UTC,432,-92,224080660,5.3572222222222221
2015-02-19 00:00:00 UTC,432,152,238327840,1.6668055555555554
2015-02-19 00:00:00 UTC,432,99,247100710,0.99722222222222223
2015-02-19 00:00:00 UTC,432,97,247100710,0.93486111111111114
2015-02-19 00:00:00 UTC,432,98,247100710,4.0006944444444441
2015-02-19 00:00:00 UTC,432,150,247151150,2.536111111111111
2015-02-19 00:00:00 UTC,432,45,227317550,0.64555555555555555
2015-02-19 00:00:00 UTC,432,42,227317550,1.8695833333333334
2015-02-19 00:00:00 UTC,432,46,227317550,1.1079166666666667
2015-02-19 00:00:00 UTC,432,44,227317550,2.015138888888889
2015-02-19 00:00:00 UTC,432,43,227317550,0.43819444444444444
2015-02-19 00:00:00 UTC,432,49,228187700,0.842361111111111
2015-02-19 00:00:00 UTC,432,47,228187700,0.40875
2015-02-19 00:00:00 UTC,432,48,228187700,3.1045833333333333
2015-02-19 00:00:00 UTC,432,147,247121210,0.48875
2015-02-19 00:00:00 UTC,432,-95,224071740,0.80041666666666667
2015-02-19 00:00:00 UTC,432,-92,224071740,0.22541666666666665
2015-02-19 00:00:00 UTC,432,-93,224071740,0.49902777777777779
2015-02-19 00:00:00 UTC,432,-94,224071740,1.4002777777777777
2015-02-19 00:00:00 UTC,432,36,227139900,3.3401388888888892
2015-02-19 00:00:00 UTC,432,35,227139900,1.0476388888888888
2015-02-19 00:00:00 UTC,432,-514,224488000,0.57694444444444448
2015-02-19 00:00:00 UTC,432,35,227316290,0.4236111111111111
2015-02-19 00:00:00 UTC,432,39,227318610,1.0247222222222223
2015-02-19 00:00:00 UTC,432,37,227318610,0.41708333333333336
2015-02-19 00:00:00 UTC,432,38,227318610,0.8322222222222222
2015-02-19 00:00:00 UTC,432,155,238317140,1.4779166666666665
2015-02-19 00:00:00 UTC,432,153,238317140,1.6672222222222219
2015-02-19 00:00:00 UTC,432,154,238317140,1.46375
2015-02-19 00:00:00 UTC,432,44,227145300,0.71375
2015-02-19 00:00:00 UTC,432,45,227145300,0.54958333333333331
2015-02-19 00:00:00 UTC,432,44,228263000,0.24666666666666665
2015-02-19 00:00:00 UTC,432,163,238901340,0.43638888888888888
2015-02-19 00:00:00 UTC,432,103,247064930,4.0373611111111112
2015-02-19 00:00:00 UTC,432,40,227317860,1.2933333333333332
2015-02-19 00:00:00 UTC,432,43,227317860,0.52083333333333326
2015-02-19 00:00:00 UTC,432,42,227317860,7.4733333333333327
2015-02-19 00:00:00 UTC,432,41,227317860,1.861388888888889
2015-02-19 00:00:00 UTC,432,42,228172900,0.845
2015-02-19 00:00:00 UTC,432,166,238288740,5.7804166666666665
2015-02-19 00:00:00 UTC,432,51,227318890,0.62763888888888886
2015-02-19 00:00:00 UTC,432,50,227318890,1.0251388888888888
2015-02-19 00:00:00 UTC,432,151,247100780,0.63458333333333328
2015-02-19 00:00:00 UTC,432,150,247100780,0.87958333333333338
2015-02-19 00:00:00 UTC,432,160,238429040,3.2487500000000002
2015-02-19 00:00:00 UTC,432,161,238429040,1.9604166666666665
2015-02-19 00:00:00 UTC,432,152,247083890,1.845833333333333
2015-02-19 00:00:00 UTC,432,165,238637940,13.144027777777778
2015-02-19 00:00:00 UTC,432,161,238267000,1.1058333333333334
2015-02-19 00:00:00 UTC,432,160,238267000,1.7734722222222223
2015-02-19 00:00:00 UTC,432,47,227318650,0.49222222222222223
2015-02-19 00:00:00 UTC,432,45,227318650,3.6116666666666664
2015-02-19 00:00:00 UTC,432,46,227318650,2.2275
2015-02-19 00:00:00 UTC,432,38,228248700,1.0459722222222221
2015-02-19 00:00:00 UTC,432,37,228248700,0.40722222222222221
2015-02-19 00:00:00 UTC,432,39,228248700,1.06375
2015-02-19 00:00:00 UTC,432,154,238400640,1.475
2015-02-19 00:00:00 UTC,432,155,238400640,0.42680555555555555
2015-02-19 00:00:00 UTC,432,153,238400640,1.9447222222222222
2015-02-19 00:00:00 UTC,432,152,238400640,0.41361111111111115
2015-02-19 00:00:00 UTC,432,139,247102850,0.96611111111111114
2015-02-19 00:00:00 UTC,432,138,247102850,1.7968055555555558
2015-02-19 00:00:00 UTC,432,163,238987910,6.5706944444444426
2015-02-19 00:00:00 UTC,432,169,238163340,3.5270833333333336
2015-02-19 00:00:00 UTC,432,168,238163340,4.5155555555555562
2015-02-19 00:00:00 UTC,432,170,238163340,0.21513888888888888
2015-02-19 00:00:00 UTC,432,167,238163340,2.4694444444444446
2015-02-19 00:00:00 UTC,432,163,238771340,2.9222222222222225
2015-02-19 00:00:00 UTC,432,150,247280280,1.1197222222222223
2015-02-19 00:00:00 UTC,432,151,247280280,3.3831944444444444
2015-02-19 00:00:00 UTC,432,45,227321240,0.21347222222222223
2015-02-19 00:00:00 UTC,432,44,227321240,1.111388888888889
2015-02-19 00:00:00 UTC,432,102,247063450,17.532777777777781
2015-02-19 00:00:00 UTC,432,103,247063450,1.3708333333333333
2015-02-19 00:00:00 UTC,432,150,247111070,2.5309722222222222
2015-02-19 00:00:00 UTC,432,39,227311010,0.6431944444444444
2015-02-19 00:00:00 UTC,432,43,227311010,1.6497222222222223
2015-02-19 00:00:00 UTC,432,41,227311010,0.41402777777777777
2015-02-19 00:00:00 UTC,432,37,227317410,2.8848611111111113
2015-02-19 00:00:00 UTC,432,39,227317410,2.0947222222222224
2015-02-19 00:00:00 UTC,432,38,227317410,2.0523611111111109
2015-02-19 00:00:00 UTC,432,39,227318690,2.3044444444444441
2015-02-19 00:00:00 UTC,432,41,227318690,0.98319444444444448
2015-02-19 00:00:00 UTC,432,42,227318690,0.22180555555555556
2015-02-19 00:00:00 UTC,432,40,227318690,1.8602777777777779
2015-02-19 00:00:00 UTC,432,158,238987940,1.6568055555555554
2015-02-19 00:00:00 UTC,432,50,227588520,0.607361111111111
2015-02-19 00:00:00 UTC,432,48,227588520,1.4327777777777777
2015-02-19 00:00:00 UTC,432,49,227588520,0.20861111111111111
2015-02-19 00:00:00 UTC,432,47,227588520,1.2509722222222224
2015-02-19 00:00:00 UTC,432,45,227145900,0.51763888888888887
2015-02-19 00:00:00 UTC,432,46,227145900,0.68638888888888894
2015-02-19 00:00:00 UTC,432,39,227320750,2.5102777777777772
2015-02-19 00:00:00 UTC,432,40,227320750,2.1875
2015-02-19 00:00:00 UTC,432,42,227320750,1.9290277777777778
2015-02-19 00:00:00 UTC,432,41,227320750,0.60152777777777777
2015-02-19 00:00:00 UTC,432,48,228218800,1.9797222222222219
2015-02-19 00:00:00 UTC,432,47,228218800,0.9226388888888889
2015-02-19 00:00:00 UTC,432,50,228218800,0.4022222222222222
2015-02-19 00:00:00 UTC,432,49,228218800,1.635
2015-02-19 00:00:00 UTC,432,49,227321780,2.1322222222222225
2015-02-19 00:00:00 UTC,432,165,238176440,6.8801388888888892
2015-02-19 00:00:00 UTC,432,161,238504640,3.4861111111111116
2015-02-19 00:00:00 UTC,432,160,238504640,1.3109722222222222
2015-02-19 00:00:00 UTC,432,-96,224105920,0.27402777777777776
2015-02-19 00:00:00 UTC,432,-95,224105920,3.3243055555555556
2015-02-19 00:00:00 UTC,432,-94,224105920,1.349861111111111
2015-02-19 00:00:00 UTC,432,44,228168900,0.27930555555555558
2015-02-19 00:00:00 UTC,432,43,228168900,6.5169444444444444
2015-02-19 00:00:00 UTC,432,-93,224131270,6.2818055555555548
2015-02-19 00:00:00 UTC,432,164,238775240,6.2931944444444436
2015-02-19 00:00:00 UTC,432,163,238775240,6.9608333333333343
2015-02-19 00:00:00 UTC,432,152,247083210,1.6845833333333333
2015-02-19 00:00:00 UTC,432,151,247083210,0.82361111111111107
2015-02-19 00:00:00 UTC,432,163,238196940,2.8429166666666665
2015-02-19 00:00:00 UTC,432,164,238196940,3.7105555555555561
2015-02-19 00:00:00 UTC,432,139,247280590,0.2747222222222222
2015-02-19 00:00:00 UTC,432,44,227320020,1.1201388888888888
2015-02-19 00:00:00 UTC,432,46,227320020,3.2361111111111107
2015-02-19 00:00:00 UTC,432,42,227320020,0.61388888888888893
2015-02-19 00:00:00 UTC,432,45,227320020,1.1023611111111111
2015-02-19 00:00:00 UTC,432,43,227320020,1.2588888888888889
2015-02-19 00:00:00 UTC,432,39,227142100,0.82208333333333328
2015-02-19 00:00:00 UTC,432,40,227142100,0.4175
2015-02-19 00:00:00 UTC,432,50,228887000,2.2781944444444444
2015-02-19 00:00:00 UTC,432,51,228887000,2.6229166666666672
2015-02-19 00:00:00 UTC,432,96,247061720,2.3302777777777779
2015-02-19 00:00:00 UTC,432,102,247061720,2.5330555555555554
2015-02-19 00:00:00 UTC,432,97,247061720,2.2269444444444444
2015-02-19 00:00:00 UTC,432,98,247061720,0.90763888888888888
2015-02-19 00:00:00 UTC,432,42,227318490,1.2311111111111108
2015-02-19 00:00:00 UTC,432,43,227318490,0.41375
2015-02-19 00:00:00 UTC,432,102,247061730,2.7233333333333336
2015-02-19 00:00:00 UTC,432,96,247061730,0.22236111111111112
2015-02-19 00:00:00 UTC,432,95,247061730,0.58611111111111114
2015-02-19 00:00:00 UTC,432,98,247061730,1.2055555555555557
2015-02-19 00:00:00 UTC,432,99,247066850,5.145833333333333
2015-02-19 00:00:00 UTC,432,166,238407140,1.0787499999999999
2015-02-19 00:00:00 UTC,432,167,238407140,4.9938888888888879
2015-02-19 00:00:00 UTC,432,168,238407140,3.4666666666666663
2015-02-19 00:00:00 UTC,432,169,238407140,0.94152777777777774
2015-02-19 00:00:00 UTC,432,39,228173800,0.42125
2015-02-19 00:00:00 UTC,432,40,228173800,2.7418055555555556
2015-02-19 00:00:00 UTC,432,42,228173800,1.8036111111111113
2015-02-19 00:00:00 UTC,432,41,228173800,1.0416666666666667
2015-02-19 00:00:00 UTC,432,163,238905840,13.178055555555556
2015-02-19 00:00:00 UTC,-336,-917,735059255,4.072222222222222
2015-02-19 00:00:00 UTC,-336,-987,735058806,1.0676388888888888
2015-02-19 00:00:00 UTC,-336,-521,996278651,16.987777777777779
2015-02-19 00:00:00 UTC,-336,380,224544160,0.36722222222222223
2015-02-19 00:00:00 UTC,-336,379,224544160,0.70430555555555563
2015-02-19 00:00:00 UTC,-336,658,224696000,4.047361111111111
2015-02-19 00:00:00 UTC,-336,402,204235000,0.044305555555555556
2015-02-19 00:00:00 UTC,-80,-1204,431703560,1.5679166666666666
2015-02-19 00:00:00 UTC,-80,1683,510056000,2.0141666666666667
2015-02-19 00:00:00 UTC,-80,-1142,431853000,1.2977777777777777
2015-02-19 00:00:00 UTC,-80,-1144,431853000,0.67777777777777781
2015-02-19 00:00:00 UTC,-80,-1141,431853000,1.3077777777777777
2015-02-19 00:00:00 UTC,-80,-1140,431853000,1.7325000000000002
2015-02-19 00:00:00 UTC,-80,-1139,431853000,1.4102777777777775
2015-02-19 00:00:00 UTC,177,-164,412440066,6.3202777777777781
2015-02-19 00:00:00 UTC,433,138,247080960,0.86111111111111116
2015-02-19 00:00:00 UTC,433,137,247083520,0.41347222222222224
2015-02-19 00:00:00 UTC,433,138,247083520,10.938749999999994
2015-02-19 00:00:00 UTC,433,138,247123970,0.20861111111111111
2015-02-19 00:00:00 UTC,433,139,247087110,3.683472222222222
2015-02-19 00:00:00 UTC,433,138,247087110,10.125277777777777
2015-02-19 00:00:00 UTC,433,138,247080970,0.91736111111111107
2015-02-19 00:00:00 UTC,433,162,238102540,6.0240277777777775
2015-02-19 00:00:00 UTC,433,41,227318540,2.5797222222222222
2015-02-19 00:00:00 UTC,433,43,227318540,1.3433333333333333
2015-02-19 00:00:00 UTC,433,42,227318540,1.2216666666666667
2015-02-19 00:00:00 UTC,433,44,227318540,0.93013888888888885
2015-02-19 00:00:00 UTC,433,139,247081230,1.6559722222222222
2015-02-19 00:00:00 UTC,433,138,247081230,1.9525000000000001
2015-02-19 00:00:00 UTC,433,139,247081490,2.7193055555555556
2015-02-19 00:00:00 UTC,433,-19,224046360,0.851111111111111
2015-02-19 00:00:00 UTC,433,-20,224046360,0.90986111111111112
2015-02-19 00:00:00 UTC,433,-31,224134940,1.2652777777777777
2015-02-19 00:00:00 UTC,433,148,247121180,3.8133333333333335
2015-02-19 00:00:00 UTC,433,153,238327840,1.2358333333333333
2015-02-19 00:00:00 UTC,433,155,238327840,1.2251388888888888
2015-02-19 00:00:00 UTC,433,154,238327840,1.4249999999999998
2015-02-19 00:00:00 UTC,433,152,238327840,2.1098611111111114
2015-02-19 00:00:00 UTC,433,138,247081250,1.8884722222222221
2015-02-19 00:00:00 UTC,433,-89,224005670,3.7299999999999995
2015-02-19 00:00:00 UTC,433,99,247100710,2.0693055555555553
2015-02-19 00:00:00 UTC,433,-89,224198440,1.036111111111111
2015-02-19 00:00:00 UTC,433,-87,224198440,0.62444444444444436
2015-02-19 00:00:00 UTC,433,151,247151150,1.7388888888888889
2015-02-19 00:00:00 UTC,433,138,247082290,1.5252777777777777
2015-02-19 00:00:00 UTC,433,141,247082290,1.2611111111111111
2015-02-19 00:00:00 UTC,433,-32,224217140,0.22708333333333333
2015-02-19 00:00:00 UTC,433,-31,224217140,2.6169444444444445
2015-02-19 00:00:00 UTC,433,138,247081270,1.7590277777777779
2015-02-19 00:00:00 UTC,433,139,247081270,1.4495833333333334
2015-02-19 00:00:00 UTC,433,148,247121210,1.5334722222222223
2015-02-19 00:00:00 UTC,433,-94,224071740,1.0490277777777777
2015-02-19 00:00:00 UTC,433,-92,224071740,2.9380555555555556
2015-02-19 00:00:00 UTC,433,-93,224071740,5.635416666666667
2015-02-19 00:00:00 UTC,433,162,238279740,12.594166666666668
2015-02-19 00:00:00 UTC,433,36,227139900,6.0287500000000014
2015-02-19 00:00:00 UTC,433,37,227139900,0.21375
2015-02-19 00:00:00 UTC,433,152,238162240,1.6755555555555555
2015-02-19 00:00:00 UTC,433,138,247083840,1.3029166666666665
2015-02-19 00:00:00 UTC,433,-94,224093760,1.5255555555555556
2015-02-19 00:00:00 UTC,433,-94,224128320,3.0986111111111105
2015-02-19 00:00:00 UTC,433,-89,225982788,3.0936111111111111
2015-02-19 00:00:00 UTC,433,138,247087940,0.20291666666666666
2015-02-19 00:00:00 UTC,433,139,247087940,4.341388888888889
2015-02-19 00:00:00 UTC,433,152,238211140,1.7023611111111112
2015-02-19 00:00:00 UTC,433,162,238893640,13.514027777777777
2015-02-19 00:00:00 UTC,433,-19,224152140,0.98069444444444454
2015-02-19 00:00:00 UTC,433,-20,224152140,1.4251388888888892
2015-02-19 00:00:00 UTC,433,-88,224022350,0.81194444444444436
2015-02-19 00:00:00 UTC,433,-89,224022350,0.84694444444444439
2015-02-19 00:00:00 UTC,433,-87,224022350,0.41319444444444442
2015-02-19 00:00:00 UTC,433,-87,224007250,5.8786111111111117
2015-02-19 00:00:00 UTC,433,-19,224018260,0.21305555555555555
2015-02-19 00:00:00 UTC,433,-91,224111190,0.42555555555555558
2015-02-19 00:00:00 UTC,433,-94,224111190,1.4738888888888888
2015-02-19 00:00:00 UTC,433,-87,225909850,0.81819444444444445
2015-02-19 00:00:00 UTC,433,-89,225909850,2.5283333333333329
2015-02-19 00:00:00 UTC,433,163,238901340,10.925555555555555
2015-02-19 00:00:00 UTC,433,-89,224104540,1.9508333333333332
2015-02-19 00:00:00 UTC,433,152,238156640,2.887083333333333
2015-02-19 00:00:00 UTC,433,153,238156640,2.8022222222222219
2015-02-19 00:00:00 UTC,433,159,238156640,0.20124999999999998
2015-02-19 00:00:00 UTC,433,158,238156640,2.4863888888888885
2015-02-19 00:00:00 UTC,433,154,238156640,0.65625
2015-02-19 00:00:00 UTC,433,139,247081570,0.66694444444444445
2015-02-19 00:00:00 UTC,433,103,247064930,0.32763888888888892
2015-02-19 00:00:00 UTC,433,102,247064930,5.7195833333333335
2015-02-19 00:00:00 UTC,433,40,227317860,0.82375
2015-02-19 00:00:00 UTC,433,39,227317860,1.2326388888888888
2015-02-19 00:00:00 UTC,433,163,238288740,4.7123611111111119
2015-02-19 00:00:00 UTC,433,44,227318120,4.3129166666666663
2015-02-19 00:00:00 UTC,433,43,227318120,3.009722222222222
2015-02-19 00:00:00 UTC,433,140,247080810,4.41375
2015-02-19 00:00:00 UTC,433,141,247080810,2.1470833333333332
2015-02-19 00:00:00 UTC,433,-31,224214890,1.6031944444444444
2015-02-19 00:00:00 UTC,433,-32,224073580,0.903888888888889
2015-02-19 00:00:00 UTC,433,151,247100780,1.6719444444444442
2015-02-19 00:00:00 UTC,433,-86,224105580,1.5381944444444446
2015-02-19 00:00:00 UTC,433,103,247068780,1.5487499999999998
2015-02-19 00:00:00 UTC,433,102,247068780,1.6872222222222222
2015-02-19 00:00:00 UTC,433,160,238429040,3.194722222222222
2015-02-19 00:00:00 UTC,433,161,238429040,1.3070833333333334
2015-02-19 00:00:00 UTC,433,163,238409840,7.9236111111111107
2015-02-19 00:00:00 UTC,433,162,238409840,6.7068055555555546
2015-02-19 00:00:00 UTC,433,152,247083890,2.0583333333333331
2015-02-19 00:00:00 UTC,433,159,238267000,2.1651388888888889
2015-02-19 00:00:00 UTC,433,160,238267000,1.0836111111111111
2015-02-19 00:00:00 UTC,433,43,227318650,0.38597222222222216
2015-02-19 00:00:00 UTC,433,45,227318650,1.0584722222222223
2015-02-19 00:00:00 UTC,433,44,227318650,1.2808333333333333
2015-02-19 00:00:00 UTC,433,-89,224128890,2.8877777777777776
2015-02-19 00:00:00 UTC,433,142,247101310,13.29736111111111
2015-02-19 00:00:00 UTC,433,141,247101310,3.0529166666666665
2015-02-19 00:00:00 UTC,433,-91,224027520,3.3963888888888887
2015-02-19 00:00:00 UTC,433,-93,224027520,1.3006944444444444
2015-02-19 00:00:00 UTC,433,-90,224027520,8.3612500000000018
2015-02-19 00:00:00 UTC,433,-94,224027520,1.2998611111111111
2015-02-19 00:00:00 UTC,433,-95,224027520,3.62625
2015-02-19 00:00:00 UTC,433,155,238400640,1.0734722222222224
2015-02-19 00:00:00 UTC,433,-94,224095620,3.150555555555556
2015-02-19 00:00:00 UTC,433,37,227320710,2.9015277777777779
2015-02-19 00:00:00 UTC,433,38,227320710,2.9473611111111113
2015-02-19 00:00:00 UTC,433,163,238987910,6.2243055555555564
2015-02-19 00:00:00 UTC,433,162,238987910,0.65208333333333335
2015-02-19 00:00:00 UTC,433,-31,224103820,0.67472222222222222
2015-02-19 00:00:00 UTC,433,-86,224059790,6.3697222222222214
2015-02-19 00:00:00 UTC,433,-85,224059790,1.4695833333333332
2015-02-19 00:00:00 UTC,433,-20,224157840,1.2931944444444443
2015-02-19 00:00:00 UTC,433,-19,224157840,0.6125
2015-02-19 00:00:00 UTC,433,-89,224021650,3.544027777777778
2015-02-19 00:00:00 UTC,433,43,227319190,1.5365277777777777
2015-02-19 00:00:00 UTC,433,44,227319190,2.9131944444444442
2015-02-19 00:00:00 UTC,433,42,227319190,1.8016666666666667
2015-02-19 00:00:00 UTC,433,41,227319190,0.25916666666666666
2015-02-19 00:00:00 UTC,433,103,247064470,0.20402777777777778
2015-02-19 00:00:00 UTC,433,101,247064470,1.2816666666666667
2015-02-19 00:00:00 UTC,433,102,247064470,2.6269444444444447
2015-02-19 00:00:00 UTC,433,151,247280280,1.0751388888888889
2015-02-19 00:00:00 UTC,433,162,238009240,11.945416666666668
2015-02-19 00:00:00 UTC,433,102,247063450,1.0863888888888888
2015-02-19 00:00:00 UTC,433,155,238547610,1.0418055555555554
2015-02-19 00:00:00 UTC,433,158,238547610,1.0361111111111112
2015-02-19 00:00:00 UTC,433,156,238547610,0.41000000000000003
2015-02-19 00:00:00 UTC,433,157,238547610,1.4833333333333334
2015-02-19 00:00:00 UTC,433,150,247111070,3.2690277777777781
2015-02-19 00:00:00 UTC,433,39,227311010,0.21652777777777776
2015-02-19 00:00:00 UTC,433,40,227311010,1.0399999999999998
2015-02-19 00:00:00 UTC,433,41,227311010,1.4305555555555556
2015-02-19 00:00:00 UTC,433,154,238987940,1.223611111111111
2015-02-19 00:00:00 UTC,433,152,238987940,1.3268055555555556
2015-02-19 00:00:00 UTC,433,157,238987940,0.20527777777777778
2015-02-19 00:00:00 UTC,433,158,238987940,1.6599999999999997
2015-02-19 00:00:00 UTC,433,153,238987940,3.010416666666667
2015-02-19 00:00:00 UTC,433,44,227145900,2.6545833333333331
2015-02-19 00:00:00 UTC,433,45,227145900,2.5230555555555556
2015-02-19 00:00:00 UTC,433,42,227145900,1.2980555555555555
2015-02-19 00:00:00 UTC,433,46,227145900,0.41819444444444442
2015-02-19 00:00:00 UTC,433,43,227145900,1.0418055555555554
2015-02-19 00:00:00 UTC,433,38,227320750,0.42486111111111113
2015-02-19 00:00:00 UTC,433,39,227320750,0.62597222222222226
2015-02-19 00:00:00 UTC,433,138,247080890,0.93333333333333324
2015-02-19 00:00:00 UTC,433,160,238504640,1.4819444444444443
2015-02-19 00:00:00 UTC,433,161,238504640,3.0393055555555555
2015-02-19 00:00:00 UTC,433,-94,224105920,3.2493055555555559
2015-02-19 00:00:00 UTC,433,-93,224105920,1.8494444444444444
2015-02-19 00:00:00 UTC,433,150,247083210,0.722361111111111
2015-02-19 00:00:00 UTC,433,151,247083210,3.5330555555555558
2015-02-19 00:00:00 UTC,433,152,247083210,1.893472222222222
2015-02-19 00:00:00 UTC,433,162,238196940,2.2554166666666666
2015-02-19 00:00:00 UTC,433,163,238196940,1.7448611111111112
2015-02-19 00:00:00 UTC,433,42,227320020,0.43888888888888888
2015-02-19 00:00:00 UTC,433,41,227320020,0.727638888888889
2015-02-19 00:00:00 UTC,433,156,238625240,2.9191666666666665
2015-02-19 00:00:00 UTC,433,154,238625240,3.1879166666666667
2015-02-19 00:00:00 UTC,433,157,238625240,3.5945833333333335
2015-02-19 00:00:00 UTC,433,155,238625240,3.3301388888888885
2015-02-19 00:00:00 UTC,433,98,247061720,1.2097222222222221
2015-02-19 00:00:00 UTC,433,102,247061720,1.0569444444444445
2015-02-19 00:00:00 UTC,433,101,247061720,0.8073611111111112
2015-02-19 00:00:00 UTC,433,95,247061720,1.6030555555555555
2015-02-19 00:00:00 UTC,433,96,247061720,1.5390277777777779
2015-02-19 00:00:00 UTC,433,-32,224022490,0.64722222222222225
2015-02-19 00:00:00 UTC,433,44,227317980,6.1376388888888886
2015-02-19 00:00:00 UTC,433,43,227317980,1.3788888888888888
2015-02-19 00:00:00 UTC,433,-86,224050140,1.2490277777777778
2015-02-19 00:00:00 UTC,433,96,247061730,0.70861111111111108
2015-02-19 00:00:00 UTC,433,98,247061730,0.4175
2015-02-19 00:00:00 UTC,433,102,247061730,1.0502777777777776
2015-02-19 00:00:00 UTC,433,101,247061730,0.82569444444444451
2015-02-19 00:00:00 UTC,433,95,247061730,1.526111111111111
2015-02-19 00:00:00 UTC,433,98,247066850,1.005
2015-02-19 00:00:00 UTC,433,99,247066850,3.3566666666666669
2015-02-19 00:00:00 UTC,433,-86,224068580,0.10708333333333334
2015-02-19 00:00:00 UTC,433,-84,224068580,0.8156944444444445
2015-02-19 00:00:00 UTC,433,162,238923240,3.9752777777777779
2015-02-19 00:00:00 UTC,433,-88,224065000,0.6151388888888889
2015-02-19 00:00:00 UTC,433,-89,224065000,0.41166666666666668
2015-02-19 00:00:00 UTC,433,169,238972140,2.9666666666666668
2015-02-19 00:00:00 UTC,433,168,238972140,4.7736111111111112
2015-02-19 00:00:00 UTC,433,-91,224094960,1.4844444444444447
2015-02-19 00:00:00 UTC,433,-92,224094960,0.63222222222222224
2015-02-19 00:00:00 UTC,433,-86,224906480,2.9944444444444445
2015-02-19 00:00:00 UTC,433,-89,224069880,2.0793055555555555
2015-02-19 00:00:00 UTC,433,162,238623740,3.9986111111111113
2015-02-19 00:00:00 UTC,433,138,247081470,3.4952777777777779
2015-02-19 00:00:00 UTC,433,139,247081470,3.7859722222222221
2015-02-19 00:00:00 UTC,689,149,257152520,4.7113888888888891
2015-02-19 00:00:00 UTC,-335,-987,735058806,0.34972222222222227
2015-02-19 00:00:00 UTC,-335,658,224696000,2.2423611111111112
2015-02-19 00:00:00 UTC,-335,660,224696000,1.0627777777777778
2015-02-19 00:00:00 UTC,-335,662,224696000,3.3288888888888892
2015-02-19 00:00:00 UTC,-335,661,224696000,0.83111111111111113
2015-02-19 00:00:00 UTC,-335,403,204235000,0.5180555555555556
2015-02-19 00:00:00 UTC,-79,-88,416121900,11.685694444444444
2015-02-19 00:00:00 UTC,-79,-860,730051000,0.61597222222222225
2015-02-19 00:00:00 UTC,-79,-1145,431853000,0.41069444444444442
2015-02-19 00:00:00 UTC,-79,-1142,431853000,3.6138888888888889
2015-02-19 00:00:00 UTC,-79,-1139,431853000,2.1672222222222222
2015-02-19 00:00:00 UTC,-79,-1144,431853000,0.16819444444444442
2015-02-19 00:00:00 UTC,434,140,247080960,1.9723611111111112
2015-02-19 00:00:00 UTC,434,142,247080960,2.1809722222222225
2015-02-19 00:00:00 UTC,434,141,247080960,4.6415277777777773
2015-02-19 00:00:00 UTC,434,139,247080960,5.2188888888888885
2015-02-19 00:00:00 UTC,434,138,247080960,2.7813888888888889
2015-02-19 00:00:00 UTC,434,138,247083520,0.21375
2015-02-19 00:00:00 UTC,434,154,238506240,2.0547222222222219
2015-02-19 00:00:00 UTC,434,155,238506240,1.4773611111111111
2015-02-19 00:00:00 UTC,434,157,238506240,1.8722222222222222
2015-02-19 00:00:00 UTC,434,158,238506240,4.8802777777777777
2015-02-19 00:00:00 UTC,434,153,238506240,2.9554166666666668
2015-02-19 00:00:00 UTC,434,156,238506240,2.1268055555555554
2015-02-19 00:00:00 UTC,434,-30,224101890,0.82791666666666663
2015-02-19 00:00:00 UTC,434,138,247123970,1.708333333333333
2015-02-19 00:00:00 UTC,434,139,247123970,1.9365277777777776
2015-02-19 00:00:00 UTC,434,-28,224139780,0.22083333333333333
2015-02-19 00:00:00 UTC,434,139,247081220,2.7359722222222222
2015-02-19 00:00:00 UTC,434,154,238407940,0.87041666666666662
2015-02-19 00:00:00 UTC,434,153,238407940,2.4133333333333336
2015-02-19 00:00:00 UTC,434,137,247087110,1.4023611111111112
2015-02-19 00:00:00 UTC,434,138,247087110,4.592083333333334
2015-02-19 00:00:00 UTC,434,-89,224176390,6.6356944444444439
2015-02-19 00:00:00 UTC,434,-90,224176390,0.46319444444444446
2015-02-19 00:00:00 UTC,434,158,238463240,2.5377777777777775
2015-02-19 00:00:00 UTC,434,157,238463240,2.4429166666666666
2015-02-19 00:00:00 UTC,434,138,247080970,3.8272222222222232
2015-02-19 00:00:00 UTC,434,160,238102540,5.1161111111111115
2015-02-19 00:00:00 UTC,434,40,227318540,0.2025
2015-02-19 00:00:00 UTC,434,41,227318540,0.40555555555555556
2015-02-19 00:00:00 UTC,434,138,247081230,1.4945833333333332
2015-02-19 00:00:00 UTC,434,137,247081230,0.43916666666666665
2015-02-19 00:00:00 UTC,434,139,247081490,3.769166666666667
2015-02-19 00:00:00 UTC,434,141,247081240,2.0091666666666663
2015-02-19 00:00:00 UTC,434,142,247081240,2.5551388888888891
2015-02-19 00:00:00 UTC,434,140,247081240,0.8274999999999999
2015-02-19 00:00:00 UTC,434,-18,224046360,4.959305555555555
2015-02-19 00:00:00 UTC,434,-30,224134940,1.5566666666666666
2015-02-19 00:00:00 UTC,434,138,247084320,1.7252777777777777
2015-02-19 00:00:00 UTC,434,137,247084320,0.85791666666666677
2015-02-19 00:00:00 UTC,434,156,238327840,0.20263888888888887
2015-02-19 00:00:00 UTC,434,155,238327840,0.20166666666666666
2015-02-19 00:00:00 UTC,434,153,238795040,2.8722222222222222
2015-02-19 00:00:00 UTC,434,138,247081250,1.0806944444444442
2015-02-19 00:00:00 UTC,434,139,247081250,3.5620833333333333
2015-02-19 00:00:00 UTC,434,140,247081510,0.62513888888888891
2015-02-19 00:00:00 UTC,434,141,247081510,2.5475000000000003
2015-02-19 00:00:00 UTC,434,100,247100710,1.637361111111111
2015-02-19 00:00:00 UTC,434,99,247100710,0.20319444444444446
2015-02-19 00:00:00 UTC,434,140,247071020,2.3777777777777778
2015-02-19 00:00:00 UTC,434,139,247081260,0.88333333333333341
2015-02-19 00:00:00 UTC,434,141,247082290,5.6584722222222217
2015-02-19 00:00:00 UTC,434,139,247082290,2.6777777777777785
2015-02-19 00:00:00 UTC,434,140,247082290,8.8555555555555543
2015-02-19 00:00:00 UTC,434,139,247081270,4.9530555555555553
2015-02-19 00:00:00 UTC,434,138,247081270,3.663333333333334
2015-02-19 00:00:00 UTC,434,140,247081270,2.6281944444444445
2015-02-19 00:00:00 UTC,434,-90,224071740,4.3895833333333343
2015-02-19 00:00:00 UTC,434,-91,224071740,1.4901388888888889
2015-02-19 00:00:00 UTC,434,-89,224071740,0.42625
2015-02-19 00:00:00 UTC,434,-92,224071740,0.20694444444444443
2015-02-19 00:00:00 UTC,434,157,238651710,1.5683333333333334
2015-02-19 00:00:00 UTC,434,160,238651710,0.46527777777777779
2015-02-19 00:00:00 UTC,434,159,238651710,1.107361111111111
2015-02-19 00:00:00 UTC,434,156,238651710,1.4697222222222224
2015-02-19 00:00:00 UTC,434,155,238651710,1.4734722222222221
2015-02-19 00:00:00 UTC,434,156,238162240,0.21513888888888888
2015-02-19 00:00:00 UTC,434,152,238162240,1.2897222222222222
2015-02-19 00:00:00 UTC,434,153,238162240,3.2069444444444444
2015-02-19 00:00:00 UTC,434,154,238162240,1.487222222222222
2015-02-19 00:00:00 UTC,434,155,238162240,1.4684722222222222
2015-02-19 00:00:00 UTC,434,160,238623040,0.96847222222222218
2015-02-19 00:00:00 UTC,434,158,238623040,1.899861111111111
2015-02-19 00:00:00 UTC,434,159,238623040,3.3973611111111111
2015-02-19 00:00:00 UTC,434,140,247083840,3.2894444444444444
2015-02-19 00:00:00 UTC,434,139,247083840,1.3145833333333332
2015-02-19 00:00:00 UTC,434,-94,224093760,9.8495833333333316
2015-02-19 00:00:00 UTC,434,-93,224128320,0.22513888888888889
2015-02-19 00:00:00 UTC,434,-94,224128320,9.8490277777777777
2015-02-19 00:00:00 UTC,434,138,247084610,2.0584722222222225
2015-02-19 00:00:00 UTC,434,138,247087940,4.6970833333333326
2015-02-19 00:00:00 UTC,434,139,247087940,1.3615277777777779
2015-02-19 00:00:00 UTC,434,155,238211140,1.6930555555555555
2015-02-19 00:00:00 UTC,434,154,238211140,1.4777777777777779
2015-02-19 00:00:00 UTC,434,152,238211140,0.42791666666666667
2015-02-19 00:00:00 UTC,434,153,238211140,3.6015277777777781
2015-02-19 00:00:00 UTC,434,-84,224085830,14.133611111111108
2015-02-19 00:00:00 UTC,434,-85,224085830,1.2679166666666666
2015-02-19 00:00:00 UTC,434,-84,224049990,1.04
2015-02-19 00:00:00 UTC,434,141,247081290,7.871944444444444
2015-02-19 00:00:00 UTC,434,140,247081290,1.0530555555555554
2015-02-19 00:00:00 UTC,434,140,247080780,1.0502777777777776
2015-02-19 00:00:00 UTC,434,141,247080780,2.1551388888888892
2015-02-19 00:00:00 UTC,434,142,247080780,6.2584722222222222
2015-02-19 00:00:00 UTC,434,140,247081550,2.4225
2015-02-19 00:00:00 UTC,434,139,247081550,1.2969444444444447
2015-02-19 00:00:00 UTC,434,-84,224015440,2.5115277777777778
2015-02-19 00:00:00 UTC,434,-28,224174930,2.405
2015-02-19 00:00:00 UTC,434,-19,224018260,2.0727777777777776
2015-02-19 00:00:00 UTC,434,-93,224111190,2.94875
2015-02-19 00:00:00 UTC,434,-94,224111190,0.5
2015-02-19 00:00:00 UTC,434,-92,224111190,2.055277777777778
2015-02-19 00:00:00 UTC,434,-91,224111190,0.6497222222222222
2015-02-19 00:00:00 UTC,434,139,247081560,0.625
2015-02-19 00:00:00 UTC,434,141,247081560,0.70791666666666664
2015-02-19 00:00:00 UTC,434,154,238156640,2.097083333333333
2015-02-19 00:00:00 UTC,434,158,238156640,1.0234722222222221
2015-02-19 00:00:00 UTC,434,156,238156640,2.9808333333333334
2015-02-19 00:00:00 UTC,434,155,238156640,3.0698611111111118
2015-02-19 00:00:00 UTC,434,157,238156640,1.2441666666666666
2015-02-19 00:00:00 UTC,434,140,247081570,1.4751388888888888
2015-02-19 00:00:00 UTC,434,139,247081570,0.98041666666666671
2015-02-19 00:00:00 UTC,434,102,247064930,1.4845833333333331
2015-02-19 00:00:00 UTC,434,39,227317860,0.42652777777777778
2015-02-19 00:00:00 UTC,434,43,227318120,0.21708333333333335
2015-02-19 00:00:00 UTC,434,44,227318120,0.44916666666666666
2015-02-19 00:00:00 UTC,434,42,227318120,1.7569444444444444
2015-02-19 00:00:00 UTC,434,41,227318120,1.1041666666666667
2015-02-19 00:00:00 UTC,434,-19,224050280,1.0551388888888888
2015-02-19 00:00:00 UTC,434,154,238757740,0.84833333333333327
2015-02-19 00:00:00 UTC,434,153,238757740,1.8888888888888891
2015-02-19 00:00:00 UTC,434,138,247081580,0.47513888888888889
2015-02-19 00:00:00 UTC,434,139,247081580,2.5502777777777776
2015-02-19 00:00:00 UTC,434,151,247100780,1.3115277777777778
2015-02-19 00:00:00 UTC,434,103,247068780,2.4708333333333332
2015-02-19 00:00:00 UTC,434,102,247068780,8.1234722222222242
2015-02-19 00:00:00 UTC,434,152,247083890,1.074861111111111
2015-02-19 00:00:00 UTC,434,153,247083890,1.0570833333333334
2015-02-19 00:00:00 UTC,434,139,247081590,0.6726388888888889
2015-02-19 00:00:00 UTC,434,138,247081590,1.4052777777777778
2015-02-19 00:00:00 UTC,434,158,238267000,1.9868055555555555
2015-02-19 00:00:00 UTC,434,159,238267000,0.21819444444444447
2015-02-19 00:00:00 UTC,434,157,238267000,1.9151388888888887
2015-02-19 00:00:00 UTC,434,-18,228315000,1.0340277777777778
2015-02-19 00:00:00 UTC,434,-17,228315000,1.6559722222222222
2015-02-19 00:00:00 UTC,434,43,227318650,1.0330555555555554
2015-02-19 00:00:00 UTC,434,137,247081340,0.20041666666666666
2015-02-19 00:00:00 UTC,434,141,247101310,1.3472222222222223
2015-02-19 00:00:00 UTC,434,-27,224108670,0.86
2015-02-19 00:00:00 UTC,434,-28,224108670,0.87791666666666668
2015-02-19 00:00:00 UTC,434,-31,224077440,0.44375
2015-02-19 00:00:00 UTC,434,-92,224027520,1.1977777777777778
2015-02-19 00:00:00 UTC,434,153,238000003,3.3109722222222224
2015-02-19 00:00:00 UTC,434,157,238000003,1.4501388888888889
2015-02-19 00:00:00 UTC,434,156,238000003,1.4916666666666665
2015-02-19 00:00:00 UTC,434,155,238000003,1.2863888888888888
2015-02-19 00:00:00 UTC,434,154,238000003,1.737222222222222
2015-02-19 00:00:00 UTC,434,143,247086980,3.4944444444444445
2015-02-19 00:00:00 UTC,434,141,247086980,2.4668055555555553
2015-02-19 00:00:00 UTC,434,142,247086980,1.0665277777777777
2015-02-19 00:00:00 UTC,434,-94,224095620,7.99152777777778
2015-02-19 00:00:00 UTC,434,39,227320710,3.1461111111111117
2015-02-19 00:00:00 UTC,434,38,227320710,1.0268055555555555
2015-02-19 00:00:00 UTC,434,139,247080840,0.20597222222222222
2015-02-19 00:00:00 UTC,434,140,247080840,0.6415277777777777
2015-02-19 00:00:00 UTC,434,158,238000010,0.84180555555555547
2015-02-19 00:00:00 UTC,434,154,238000010,0.40694444444444444
2015-02-19 00:00:00 UTC,434,-31,224103820,0.87902777777777774
2015-02-19 00:00:00 UTC,434,-86,224059790,0.20930555555555558
2015-02-19 00:00:00 UTC,434,-18,224157840,0.40861111111111109
2015-02-19 00:00:00 UTC,434,141,247080850,4.1415277777777781
2015-02-19 00:00:00 UTC,434,41,227319190,0.25569444444444445
2015-02-19 00:00:00 UTC,434,43,227319190,1.3487500000000001
2015-02-19 00:00:00 UTC,434,44,227319190,2.6706944444444445
2015-02-19 00:00:00 UTC,434,42,227319190,0.47555555555555551
2015-02-19 00:00:00 UTC,434,103,247064470,3.0504166666666666
2015-02-19 00:00:00 UTC,434,101,247064470,2.4631944444444445
2015-02-19 00:00:00 UTC,434,102,247064470,3.3488888888888892
2015-02-19 00:00:00 UTC,434,139,247081370,0.66652777777777783
2015-02-19 00:00:00 UTC,434,153,238547610,2.7502777777777778
2015-02-19 00:00:00 UTC,434,155,238547610,0.42472222222222222
2015-02-19 00:00:00 UTC,434,156,238547610,1.0915277777777779
2015-02-19 00:00:00 UTC,434,154,238547610,1.8818055555555553
2015-02-19 00:00:00 UTC,434,152,238547610,0.41222222222222221
2015-02-19 00:00:00 UTC,434,155,238401440,1.5038888888888888
2015-02-19 00:00:00 UTC,434,156,238401440,1.4598611111111111
2015-02-19 00:00:00 UTC,434,157,238401440,1.4915277777777778
2015-02-19 00:00:00 UTC,434,153,238401440,2.096111111111111
2015-02-19 00:00:00 UTC,434,154,238401440,2.7456944444444442
2015-02-19 00:00:00 UTC,434,158,238401440,0.6375
2015-02-19 00:00:00 UTC,434,-30,224138660,0.88291666666666668
2015-02-19 00:00:00 UTC,434,141,247081380,1.6502777777777777
2015-02-19 00:00:00 UTC,434,142,247081380,0.42791666666666672
2015-02-19 00:00:00 UTC,434,140,247081380,0.86930555555555555
2015-02-19 00:00:00 UTC,434,-30,224088740,0.97236111111111112
2015-02-19 00:00:00 UTC,434,155,238987940,2.8944444444444448
2015-02-19 00:00:00 UTC,434,154,238987940,1.4331944444444444
2015-02-19 00:00:00 UTC,434,157,238987940,1.2475
2015-02-19 00:00:00 UTC,434,153,238987940,0.40319444444444447
2015-02-19 00:00:00 UTC,434,156,238987940,2.6680555555555556
2015-02-19 00:00:00 UTC,434,-1244,367310250,3.7034722222222225
2015-02-19 00:00:00 UTC,434,42,227145900,0.23402777777777778
2015-02-19 00:00:00 UTC,434,-84,224087220,1.8518055555555553
2015-02-19 00:00:00 UTC,434,-85,224087220,1.0523611111111111
2015-02-19 00:00:00 UTC,434,-84,224082870,1.7505555555555554
2015-02-19 00:00:00 UTC,434,138,247080890,1.5058333333333334
2015-02-19 00:00:00 UTC,434,139,247080890,1.274861111111111
2015-02-19 00:00:00 UTC,434,-92,224201150,0.61930555555555555
2015-02-19 00:00:00 UTC,434,-93,224201150,0.84152777777777776
2015-02-19 00:00:00 UTC,434,156,238299840,1.5030555555555556
2015-02-19 00:00:00 UTC,434,157,238299840,1.3275
2015-02-19 00:00:00 UTC,434,153,238299840,2.9836111111111112
2015-02-19 00:00:00 UTC,434,155,238299840,1.6706944444444445
2015-02-19 00:00:00 UTC,434,154,238299840,2.02375
2015-02-19 00:00:00 UTC,434,-30,224025280,0.6711111111111111
2015-02-19 00:00:00 UTC,434,-91,224007370,3.7795833333333335
2015-02-19 00:00:00 UTC,434,-92,224007370,2.9888888888888889
2015-02-19 00:00:00 UTC,434,-93,224007370,0.325
2015-02-19 00:00:00 UTC,434,151,247083210,1.5140277777777778
2015-02-19 00:00:00 UTC,434,152,247083210,1.0038888888888888
2015-02-19 00:00:00 UTC,434,142,247280590,0.27222222222222225
2015-02-19 00:00:00 UTC,434,157,238625240,0.42680555555555555
2015-02-19 00:00:00 UTC,434,158,238625240,6.1148611111111117
2015-02-19 00:00:00 UTC,434,95,247061720,1.9826388888888888
2015-02-19 00:00:00 UTC,434,101,247061720,0.81486111111111115
2015-02-19 00:00:00 UTC,434,43,227317980,0.24444444444444444
2015-02-19 00:00:00 UTC,434,41,227317980,1.7198611111111113
2015-02-19 00:00:00 UTC,434,42,227317980,0.88402777777777786
2015-02-19 00:00:00 UTC,434,44,227317980,0.48250000000000004
2015-02-19 00:00:00 UTC,434,-84,224050140,1.92875
2015-02-19 00:00:00 UTC,434,101,247061730,0.41569444444444448
2015-02-19 00:00:00 UTC,434,95,247061730,2.1194444444444445
2015-02-19 00:00:00 UTC,434,-84,224068580,3.9019444444444442
2015-02-19 00:00:00 UTC,434,158,238955240,1.2693055555555555
2015-02-19 00:00:00 UTC,434,-87,224065000,0.44277777777777777
2015-02-19 00:00:00 UTC,434,-89,224065000,0.62666666666666671
2015-02-19 00:00:00 UTC,434,-90,224065000,0.41680555555555554
2015-02-19 00:00:00 UTC,434,-88,224065000,1.0177777777777779
2015-02-19 00:00:00 UTC,434,-87,224094960,2.3295833333333333
2015-02-19 00:00:00 UTC,434,-89,224094960,1.466388888888889
2015-02-19 00:00:00 UTC,434,-90,224094960,2.3070833333333334
2015-02-19 00:00:00 UTC,434,-86,224094960,2.13125
2015-02-19 00:00:00 UTC,434,-88,224094960,2.5377777777777775
2015-02-19 00:00:00 UTC,434,98,247063280,0.82652777777777775
2015-02-19 00:00:00 UTC,434,99,247063280,0.21069444444444443
2015-02-19 00:00:00 UTC,434,-93,224411380,0.83000000000000007
2015-02-19 00:00:00 UTC,434,-92,224411380,0.84763888888888894
2015-02-19 00:00:00 UTC,434,153,238898940,3.2193055555555552
2015-02-19 00:00:00 UTC,434,154,238898940,1.4720833333333332
2015-02-19 00:00:00 UTC,434,138,247081470,8.016388888888887
2015-02-19 00:00:00 UTC,434,139,247081470,6.2363888888888894
2015-02-19 00:00:00 UTC,434,-85,224119550,2.7733333333333334
2015-02-19 00:00:00 UTC,434,-84,224119550,0.87
2015-02-19 00:00:00 UTC,-334,-987,735058806,3.4598611111111115
2015-02-19 00:00:00 UTC,-334,660,224696000,3.5306944444444439
2015-02-19 00:00:00 UTC,-334,662,224696000,0.07541666666666666
2015-02-19 00:00:00 UTC,-334,661,224696000,0.94486111111111115
2015-02-19 00:00:00 UTC,-334,402,204235000,0.3331944444444444
2015-02-19 00:00:00 UTC,-334,399,204235000,0.45430555555555557
2015-02-19 00:00:00 UTC,-334,400,204235000,0.53444444444444439
2015-02-19 00:00:00 UTC,-334,403,204235000,0.36236111111111113
2015-02-19 00:00:00 UTC,-78,-1204,431703560,2.5180555555555557
2015-02-19 00:00:00 UTC,-78,-1767,412420875,1.1583333333333334
2015-02-19 00:00:00 UTC,-78,-87,416121900,3.7605555555555554
2015-02-19 00:00:00 UTC,-78,-84,416121900,14.17125
2015-02-19 00:00:00 UTC,-78,-1264,431700830,4.6916666666666664
2015-02-19 00:00:00 UTC,-78,-1145,431853000,1.0183333333333333
2015-02-19 00:00:00 UTC,435,139,247080960,0.23069444444444442
2015-02-19 00:00:00 UTC,435,142,247080960,0.79152777777777772
2015-02-19 00:00:00 UTC,435,138,247080960,0.88083333333333336
2015-02-19 00:00:00 UTC,435,141,247080960,1.6747222222222222
2015-02-19 00:00:00 UTC,435,156,238506240,0.83874999999999988
2015-02-19 00:00:00 UTC,435,155,238506240,1.5109722222222222
2015-02-19 00:00:00 UTC,435,154,238506240,0.83333333333333326
2015-02-19 00:00:00 UTC,435,157,238506240,0.20416666666666666
2015-02-19 00:00:00 UTC,435,-36,224101890,0.24180555555555555
2015-02-19 00:00:00 UTC,435,-37,224101890,0.265
2015-02-19 00:00:00 UTC,435,138,247123970,1.5269444444444442
2015-02-19 00:00:00 UTC,435,139,247123970,3.0584722222222229
2015-02-19 00:00:00 UTC,435,139,247081220,4.6393055555555556
2015-02-19 00:00:00 UTC,435,154,238407940,2.13
2015-02-19 00:00:00 UTC,435,157,238407940,0.6595833333333333
2015-02-19 00:00:00 UTC,435,156,238407940,2.9931944444444447
2015-02-19 00:00:00 UTC,435,155,238407940,3.2472222222222222
2015-02-19 00:00:00 UTC,435,-89,224176390,0.6119444444444444
2015-02-19 00:00:00 UTC,435,-90,224176390,0.70097222222222211
2015-02-19 00:00:00 UTC,435,156,238463240,3.9515277777777773
2015-02-19 00:00:00 UTC,435,157,238463240,2.3095833333333329
2015-02-19 00:00:00 UTC,435,155,238463240,2.1065277777777776
2015-02-19 00:00:00 UTC,435,-37,224011530,0.36402777777777778
2015-02-19 00:00:00 UTC,435,-36,224011530,1.2904166666666668
2015-02-19 00:00:00 UTC,435,138,247080970,3.5950000000000006
2015-02-19 00:00:00 UTC,435,139,247080970,3.1138888888888889
2015-02-19 00:00:00 UTC,435,138,247081230,2.0744444444444441
2015-02-19 00:00:00 UTC,435,137,247081230,0.63055555555555554
2015-02-19 00:00:00 UTC,435,138,247081490,0.64708333333333334
2015-02-19 00:00:00 UTC,435,139,247081490,3.4281944444444448
2015-02-19 00:00:00 UTC,435,-90,224086550,1.6843055555555555
2015-02-19 00:00:00 UTC,435,-89,224086550,1.4543055555555555
2015-02-19 00:00:00 UTC,435,-88,224086550,1.2443055555555556
2015-02-19 00:00:00 UTC,435,141,247081240,7.283194444444443
2015-02-19 00:00:00 UTC,435,140,247081240,2.286111111111111
2015-02-19 00:00:00 UTC,435,158,238957340,0.68222222222222229
2015-02-19 00:00:00 UTC,435,157,238957340,3.7369444444444446
2015-02-19 00:00:00 UTC,435,155,238957340,2.9569444444444444
2015-02-19 00:00:00 UTC,435,154,238957340,2.3527777777777779
2015-02-19 00:00:00 UTC,435,156,238957340,3.0434722222222224
2015-02-19 00:00:00 UTC,435,136,247084320,2.9166666666666674
2015-02-19 00:00:00 UTC,435,137,247084320,3.7402777777777785
2015-02-19 00:00:00 UTC,435,138,247084320,0.20277777777777778
2015-02-19 00:00:00 UTC,435,157,238795040,0.840138888888889
2015-02-19 00:00:00 UTC,435,156,238795040,3.0704166666666666
2015-02-19 00:00:00 UTC,435,155,238795040,2.995138888888889
2015-02-19 00:00:00 UTC,435,154,238795040,3.2486111111111113
2015-02-19 00:00:00 UTC,435,138,247081250,0.85569444444444442
2015-02-19 00:00:00 UTC,435,139,247081250,3.0441666666666674
2015-02-19 00:00:00 UTC,435,141,247081510,5.4390277777777776
2015-02-19 00:00:00 UTC,435,140,247081510,0.60027777777777769
2015-02-19 00:00:00 UTC,435,-40,224221990,1.1622222222222223
2015-02-19 00:00:00 UTC,435,-90,224225320,0.53194444444444444
2015-02-19 00:00:00 UTC,435,-83,224174120,0.93458333333333332
2015-02-19 00:00:00 UTC,435,-84,224174120,0.22791666666666666
2015-02-19 00:00:00 UTC,435,142,247071020,2.2276388888888889
2015-02-19 00:00:00 UTC,435,141,247071020,0.92513888888888884
2015-02-19 00:00:00 UTC,435,138,247081260,0.37458333333333332
2015-02-19 00:00:00 UTC,435,139,247081260,1.5084722222222224
2015-02-19 00:00:00 UTC,435,-85,224926000,1.8887500000000002
2015-02-19 00:00:00 UTC,435,-84,224926000,0.41513888888888884
2015-02-19 00:00:00 UTC,435,138,247081270,4.047777777777779
2015-02-19 00:00:00 UTC,435,139,247081270,1.9693055555555556
2015-02-19 00:00:00 UTC,435,140,247081270,0.63583333333333325
2015-02-19 00:00:00 UTC,435,-85,224093750,0.41500000000000004
2015-02-19 00:00:00 UTC,435,155,238499640,3.13625
2015-02-19 00:00:00 UTC,435,154,238499640,1.9930555555555558
2015-02-19 00:00:00 UTC,435,157,238499640,3.7497222222222226
2015-02-19 00:00:00 UTC,435,156,238499640,2.8602777777777777
2015-02-19 00:00:00 UTC,435,157,238651710,0.74569444444444444
2015-02-19 00:00:00 UTC,435,156,238651710,1.1084722222222223
2015-02-19 00:00:00 UTC,435,159,238651710,0.26111111111111113
2015-02-19 00:00:00 UTC,435,155,238651710,1.7986111111111109
2015-02-19 00:00:00 UTC,435,158,238651710,1.7926388888888889
2015-02-19 00:00:00 UTC,435,156,238162240,0.85819444444444448
2015-02-19 00:00:00 UTC,435,154,238162240,1.2831944444444445
2015-02-19 00:00:00 UTC,435,153,238162240,1.1948611111111112
2015-02-19 00:00:00 UTC,435,157,238623040,3.8073611111111108
2015-02-19 00:00:00 UTC,435,158,238623040,1.8774999999999997
2015-02-19 00:00:00 UTC,435,139,247083840,1.4776388888888889
2015-02-19 00:00:00 UTC,435,138,247083840,0.42472222222222222
2015-02-19 00:00:00 UTC,435,137,247084610,1.7355555555555555
2015-02-19 00:00:00 UTC,435,138,247087940,1.1873611111111111
2015-02-19 00:00:00 UTC,435,156,238211140,1.4749999999999996
2015-02-19 00:00:00 UTC,435,154,238211140,2.0027777777777778
2015-02-19 00:00:00 UTC,435,153,238211140,0.46416666666666667
2015-02-19 00:00:00 UTC,435,-85,224047430,0.824861111111111
2015-02-19 00:00:00 UTC,435,141,247081290,8.6944444444444446
2015-02-19 00:00:00 UTC,435,141,247080780,11.703055555555556
2015-02-19 00:00:00 UTC,435,140,247081550,3.1359722222222226
2015-02-19 00:00:00 UTC,435,141,247081550,2.7194444444444446
2015-02-19 00:00:00 UTC,435,153,238972240,1.40875
2015-02-19 00:00:00 UTC,435,152,238972240,5.2830555555555563
2015-02-19 00:00:00 UTC,435,154,238445140,2.3626388888888892
2015-02-19 00:00:00 UTC,435,155,238445140,2.9261111111111116
2015-02-19 00:00:00 UTC,435,158,238445140,1.8956944444444446
2015-02-19 00:00:00 UTC,435,156,238445140,2.9498611111111113
2015-02-19 00:00:00 UTC,435,157,238445140,3.13375
2015-02-19 00:00:00 UTC,435,-90,224111190,0.86486111111111108
2015-02-19 00:00:00 UTC,435,-91,224111190,0.7350000000000001
2015-02-19 00:00:00 UTC,435,-89,224111190,0.85458333333333325
2015-02-19 00:00:00 UTC,435,-87,224111190,1.0356944444444445
2015-02-19 00:00:00 UTC,435,-88,224111190,1.3044444444444443
2015-02-19 00:00:00 UTC,435,141,247081560,8.425
2015-02-19 00:00:00 UTC,435,139,247081560,0.61930555555555555
2015-02-19 00:00:00 UTC,435,142,247081560,8.0084722222222222
2015-02-19 00:00:00 UTC,435,140,247081560,2.024861111111111
2015-02-19 00:00:00 UTC,435,153,238914140,0.83555555555555561
2015-02-19 00:00:00 UTC,435,155,238914140,1.9152777777777776
2015-02-19 00:00:00 UTC,435,152,238914140,3.100138888888889
2015-02-19 00:00:00 UTC,435,139,247081570,2.191527777777778
2015-02-19 00:00:00 UTC,435,154,238757740,2.9643055555555553
2015-02-19 00:00:00 UTC,435,156,238757740,3.2375
2015-02-19 00:00:00 UTC,435,157,238757740,0.85694444444444451
2015-02-19 00:00:00 UTC,435,155,238757740,3.4286111111111111
2015-02-19 00:00:00 UTC,435,138,247081580,1.2969444444444442
2015-02-19 00:00:00 UTC,435,139,247081580,2.594444444444445
2015-02-19 00:00:00 UTC,435,-34,224279660,0.8504166666666666
2015-02-19 00:00:00 UTC,435,-84,224105580,5.7565277777777792
2015-02-19 00:00:00 UTC,435,-35,224144750,2.2313888888888891
2015-02-19 00:00:00 UTC,435,-36,224144750,7.949583333333333
2015-02-19 00:00:00 UTC,435,-37,224144750,4.7297222222222217
2015-02-19 00:00:00 UTC,435,137,247085680,4.148194444444445
2015-02-19 00:00:00 UTC,435,136,247085680,0.20722222222222222
2015-02-19 00:00:00 UTC,435,152,247083890,1.7081944444444443
2015-02-19 00:00:00 UTC,435,151,247083890,2.994444444444444
2015-02-19 00:00:00 UTC,435,140,247080820,0.69111111111111112
2015-02-19 00:00:00 UTC,435,141,247080820,0.85347222222222219
2015-02-19 00:00:00 UTC,435,139,247081590,3.5023611111111115
2015-02-19 00:00:00 UTC,435,138,247081590,0.61944444444444446
2015-02-19 00:00:00 UTC,435,158,238267000,0.83930555555555553
2015-02-19 00:00:00 UTC,435,137,247081340,0.20263888888888887
2015-02-19 00:00:00 UTC,435,155,238000003,1.4629166666666666
2015-02-19 00:00:00 UTC,435,156,238000003,1.05125
2015-02-19 00:00:00 UTC,435,154,238000003,1.2611111111111111
2015-02-19 00:00:00 UTC,435,142,247086980,3.5193055555555555
2015-02-19 00:00:00 UTC,435,141,247086980,2.9418055555555558
2015-02-19 00:00:00 UTC,435,139,247080840,7.7697222222222218
2015-02-19 00:00:00 UTC,435,156,238000010,3.4326388888888895
2015-02-19 00:00:00 UTC,435,157,238000010,2.5531944444444443
2015-02-19 00:00:00 UTC,435,155,238000010,3.4570833333333337
2015-02-19 00:00:00 UTC,435,154,238000010,1.905833333333333
2015-02-19 00:00:00 UTC,435,-91,225018770,13.534583333333334
2015-02-19 00:00:00 UTC,435,140,247081370,1.3086111111111112
2015-02-19 00:00:00 UTC,435,139,247081370,0.42763888888888885
2015-02-19 00:00:00 UTC,435,154,238547610,1.0402777777777776
2015-02-19 00:00:00 UTC,435,153,238547610,1.1975
2015-02-19 00:00:00 UTC,435,155,238401440,1.4433333333333334
2015-02-19 00:00:00 UTC,435,156,238401440,1.4565277777777776
2015-02-19 00:00:00 UTC,435,154,238401440,0.20263888888888887
2015-02-19 00:00:00 UTC,435,157,238401440,0.43236111111111108
2015-02-19 00:00:00 UTC,435,-20,227146400,0.51944444444444438
2015-02-19 00:00:00 UTC,435,142,247081380,0.48624999999999996
2015-02-19 00:00:00 UTC,435,141,247081380,2.73875
2015-02-19 00:00:00 UTC,435,157,238987940,1.8833333333333333
2015-02-19 00:00:00 UTC,435,-37,224129190,0.30972222222222223
2015-02-19 00:00:00 UTC,435,-24,263577000,5.4383333333333335
2015-02-19 00:00:00 UTC,435,-23,263577000,6.4291666666666671
2015-02-19 00:00:00 UTC,435,-22,263577000,1.0998611111111112
2015-02-19 00:00:00 UTC,435,-1244,367310250,4.4179166666666676
2015-02-19 00:00:00 UTC,435,-1243,367310250,7.5605555555555561
2015-02-19 00:00:00 UTC,435,98,247061680,4.5304166666666665
2015-02-19 00:00:00 UTC,435,-84,224087220,1.6905555555555556
2015-02-19 00:00:00 UTC,435,-85,224087220,0.43444444444444447
2015-02-19 00:00:00 UTC,435,137,247080890,1.4693055555555556
2015-02-19 00:00:00 UTC,435,139,247080890,0.61416666666666664
2015-02-19 00:00:00 UTC,435,138,247080890,1.9883333333333331
2015-02-19 00:00:00 UTC,435,-89,224136380,0.20541666666666669
2015-02-19 00:00:00 UTC,435,-88,224136380,1.2476388888888887
2015-02-19 00:00:00 UTC,435,-87,224136380,0.41361111111111115
2015-02-19 00:00:00 UTC,435,-39,224106940,4.465
2015-02-19 00:00:00 UTC,435,-91,224201150,2.3040277777777778
2015-02-19 00:00:00 UTC,435,-92,224201150,2.4929166666666669
2015-02-19 00:00:00 UTC,435,-90,224201150,2.2775
2015-02-19 00:00:00 UTC,435,154,238299840,1.0273611111111109
2015-02-19 00:00:00 UTC,435,156,238299840,1.4611111111111112
2015-02-19 00:00:00 UTC,435,155,238299840,1.4749999999999999
2015-02-19 00:00:00 UTC,435,157,238299840,0.20972222222222223
2015-02-19 00:00:00 UTC,435,-91,224007370,1.7044444444444444
2015-02-19 00:00:00 UTC,435,-90,224007370,3.938194444444445
2015-02-19 00:00:00 UTC,435,-89,224007370,5.0852777777777769
2015-02-19 00:00:00 UTC,435,-85,224007370,0.22486111111111112
2015-02-19 00:00:00 UTC,435,-88,224007370,0.62055555555555553
2015-02-19 00:00:00 UTC,435,-41,224016330,24.019444444444446
2015-02-19 00:00:00 UTC,435,138,247080910,0.85013888888888878
2015-02-19 00:00:00 UTC,435,-88,224354000,1.2333333333333332
2015-02-19 00:00:00 UTC,435,-89,224354000,0.42666666666666664
2015-02-19 00:00:00 UTC,435,95,247061720,0.22083333333333333
2015-02-19 00:00:00 UTC,435,-91,224021730,19.247222222222224
2015-02-19 00:00:00 UTC,435,95,247061730,0.21111111111111111
2015-02-19 00:00:00 UTC,435,157,238955240,4.3451388888888891
2015-02-19 00:00:00 UTC,435,158,238955240,0.41541666666666666
2015-02-19 00:00:00 UTC,435,155,238955240,3.4375
2015-02-19 00:00:00 UTC,435,156,238955240,3.2183333333333333
2015-02-19 00:00:00 UTC,435,154,238955240,0.64875
2015-02-19 00:00:00 UTC,435,-90,224065000,0.20541666666666669
2015-02-19 00:00:00 UTC,435,-34,224020460,6.8527777777777787
2015-02-19 00:00:00 UTC,435,-88,224094960,0.21388888888888891
2015-02-19 00:00:00 UTC,435,-87,224094960,2.1141666666666663
2015-02-19 00:00:00 UTC,435,-86,224094960,1.9044444444444442
2015-02-19 00:00:00 UTC,435,99,247063280,0.20527777777777778
2015-02-19 00:00:00 UTC,435,97,247063280,1.6644444444444444
2015-02-19 00:00:00 UTC,435,98,247063280,0.82152777777777786
2015-02-19 00:00:00 UTC,435,-92,224411380,1.904722222222222
2015-02-19 00:00:00 UTC,435,-90,224411380,2.5497222222222224
2015-02-19 00:00:00 UTC,435,-91,224411380,2.38625
2015-02-19 00:00:00 UTC,435,154,238898940,1.4990277777777778
2015-02-19 00:00:00 UTC,435,155,238898940,2.9372222222222222
2015-02-19 00:00:00 UTC,435,157,238898940,0.64986111111111111
2015-02-19 00:00:00 UTC,435,156,238898940,2.73625
2015-02-19 00:00:00 UTC,691,145,257855500,0.21791666666666665
2015-02-19 00:00:00 UTC,691,151,257588500,0.24583333333333332
2015-02-19 00:00:00 UTC,691,145,257215000,4.9680555555555568
2015-02-19 00:00:00 UTC,691,144,257215000,3.1777777777777771
2015-02-19 00:00:00 UTC,691,145,257641500,2.5373611111111112
2015-02-19 00:00:00 UTC,691,144,257641500,1.8376388888888888
2015-02-19 00:00:00 UTC,691,144,259092000,3.0138888888888888
2015-02-19 00:00:00 UTC,691,145,259092000,1.9619444444444443
2015-02-19 00:00:00 UTC,691,145,258324000,0.99777777777777776
2015-02-19 00:00:00 UTC,691,143,258324000,2.13875
2015-02-19 00:00:00 UTC,691,144,258324000,5.6468055555555559
2015-02-19 00:00:00 UTC,691,145,257587500,4.1505555555555551
2015-02-19 00:00:00 UTC,691,144,257587500,2.635416666666667
2015-02-19 00:00:00 UTC,691,143,257885500,2.7375
2015-02-19 00:00:00 UTC,691,144,257885500,3.5873611111111119
2015-02-19 00:00:00 UTC,691,145,257885500,3.5177777777777779
2015-02-19 00:00:00 UTC,691,146,257885500,0.95416666666666672
2015-02-19 00:00:00 UTC,691,156,257725500,0.67777777777777781
2015-02-19 00:00:00 UTC,691,144,257152620,3.18
2015-02-19 00:00:00 UTC,691,145,257152620,1.0041666666666667
2015-02-19 00:00:00 UTC,691,145,257883500,5.3940277777777776
2015-02-19 00:00:00 UTC,691,146,257883500,0.31638888888888889
2015-02-19 00:00:00 UTC,691,144,257883500,4.8216666666666672
2015-02-19 00:00:00 UTC,691,145,257541500,2.4451388888888892
2015-02-19 00:00:00 UTC,691,147,257541500,1.2833333333333332
2015-02-19 00:00:00 UTC,691,146,257541500,0.41833333333333333
2015-02-19 00:00:00 UTC,691,150,257710500,0.20694444444444443
2015-02-19 00:00:00 UTC,691,143,257198000,3.5102777777777776
2015-02-19 00:00:00 UTC,691,144,257198000,3.4227777777777773
2015-02-19 00:00:00 UTC,691,143,257229000,1.4138888888888888
2015-02-19 00:00:00 UTC,691,144,257229000,2.3897222222222223
2015-02-19 00:00:00 UTC,691,145,257229000,2.2301388888888889
2015-02-19 00:00:00 UTC,691,145,257602000,1.1833333333333333
2015-02-19 00:00:00 UTC,691,143,257602000,7.2777777777777768
2015-02-19 00:00:00 UTC,691,144,257602000,6.660000000000001
2015-02-19 00:00:00 UTC,691,144,257388000,0.61277777777777775
2015-02-19 00:00:00 UTC,691,146,257388000,0.21930555555555556
2015-02-19 00:00:00 UTC,691,145,257388000,3.9030555555555555
2015-02-19 00:00:00 UTC,691,144,259617000,2.3870833333333334
2015-02-19 00:00:00 UTC,691,143,259617000,1.6833333333333333
2015-02-19 00:00:00 UTC,691,145,259617000,1.2936111111111113
2015-02-19 00:00:00 UTC,-333,398,204235000,0.10541666666666667
2015-02-19 00:00:00 UTC,-77,-1204,431703560,1.0459722222222223
2015-02-19 00:00:00 UTC,-77,-863,730051000,0.73652777777777778
2015-02-19 00:00:00 UTC,436,-87,224047360,0.42500000000000004
2015-02-19 00:00:00 UTC,436,-89,224047360,0.42500000000000004
2015-02-19 00:00:00 UTC,436,-88,224047360,1.8256944444444445
2015-02-19 00:00:00 UTC,436,156,238794240,0.85305555555555557
2015-02-19 00:00:00 UTC,436,140,247123970,1.7029166666666664
2015-02-19 00:00:00 UTC,436,138,247123970,1.842222222222222
2015-02-19 00:00:00 UTC,436,139,247123970,1.0829166666666667
2015-02-19 00:00:00 UTC,436,139,247081220,2.7883333333333336
2015-02-19 00:00:00 UTC,436,138,247081220,5.3916666666666666
2015-02-19 00:00:00 UTC,436,-56,224041990,3.1487500000000006
2015-02-19 00:00:00 UTC,436,-89,224176390,4.6472222222222221
2015-02-19 00:00:00 UTC,436,-90,224176390,4.7238888888888884
2015-02-19 00:00:00 UTC,436,-56,224949000,6.3793055555555549
2015-02-19 00:00:00 UTC,436,-37,224011530,7.9865277777777779
2015-02-19 00:00:00 UTC,436,138,247080970,2.0222222222222221
2015-02-19 00:00:00 UTC,436,139,247080970,0.61375
2015-02-19 00:00:00 UTC,436,140,247080970,4.5079166666666666
2015-02-19 00:00:00 UTC,436,137,247081230,1.050138888888889
2015-02-19 00:00:00 UTC,436,138,247081230,0.21375
2015-02-19 00:00:00 UTC,436,139,247081490,3.4247222222222229
2015-02-19 00:00:00 UTC,436,138,247081490,2.1469444444444448
2015-02-19 00:00:00 UTC,436,-88,224086550,0.21958333333333335
2015-02-19 00:00:00 UTC,436,-90,224086550,2.308472222222222
2015-02-19 00:00:00 UTC,436,-89,224086550,1.2927777777777776
2015-02-19 00:00:00 UTC,436,141,247081240,1.5054166666666666
2015-02-19 00:00:00 UTC,436,140,247081240,1.3527777777777779
2015-02-19 00:00:00 UTC,436,-19,263409950,1.7101388888888889
2015-02-19 00:00:00 UTC,436,-20,263409950,1.3031944444444443
2015-02-19 00:00:00 UTC,436,136,247084320,3.5181944444444446
2015-02-19 00:00:00 UTC,436,140,247081250,1.0776388888888888
2015-02-19 00:00:00 UTC,436,138,247081250,1.2530555555555554
2015-02-19 00:00:00 UTC,436,139,247081250,4.78875
2015-02-19 00:00:00 UTC,436,136,247085860,0.62069444444444444
2015-02-19 00:00:00 UTC,436,137,247085860,0.41944444444444445
2015-02-19 00:00:00 UTC,436,142,247081510,0.7136111111111112
2015-02-19 00:00:00 UTC,436,143,247081510,1.9165277777777778
2015-02-19 00:00:00 UTC,436,-89,224225320,4.8384722222222205
2015-02-19 00:00:00 UTC,436,-90,224225320,4.965694444444444
2015-02-19 00:00:00 UTC,436,-83,224174120,2.2193055555555556
2015-02-19 00:00:00 UTC,436,141,247071020,2.9886111111111111
2015-02-19 00:00:00 UTC,436,140,247081260,2.066527777777778
2015-02-19 00:00:00 UTC,436,138,247081260,1.8888888888888888
2015-02-19 00:00:00 UTC,436,-84,224926000,5.98375
2015-02-19 00:00:00 UTC,436,-85,224926000,1.6876388888888889
2015-02-19 00:00:00 UTC,436,-82,224926000,1.0659722222222223
2015-02-19 00:00:00 UTC,436,-83,224926000,1.8938888888888887
2015-02-19 00:00:00 UTC,436,-84,224093750,1.4522222222222223
2015-02-19 00:00:00 UTC,436,-85,224093750,1.0430555555555554
2015-02-19 00:00:00 UTC,436,-83,224093750,0.63083333333333336
2015-02-19 00:00:00 UTC,436,154,238162240,0.47166666666666668
2015-02-19 00:00:00 UTC,436,141,247083840,3.1911111111111108
2015-02-19 00:00:00 UTC,436,138,247083840,1.6611111111111112
2015-02-19 00:00:00 UTC,436,155,238211140,0.20972222222222223
2015-02-19 00:00:00 UTC,436,-85,224047430,0.6529166666666667
2015-02-19 00:00:00 UTC,436,-87,224047430,2.006388888888889
2015-02-19 00:00:00 UTC,436,-88,224047430,1.6168055555555556
2015-02-19 00:00:00 UTC,436,-89,224047430,0.4473611111111111
2015-02-19 00:00:00 UTC,436,-86,224047430,2.1315277777777779
2015-02-19 00:00:00 UTC,436,-71,224123720,5.5361111111111105
2015-02-19 00:00:00 UTC,436,141,247081290,6.5277777777777777
2015-02-19 00:00:00 UTC,436,141,247080780,2.7747222222222225
2015-02-19 00:00:00 UTC,436,98,247132750,2.6697222222222221
2015-02-19 00:00:00 UTC,436,-88,224085840,2.3633333333333337
2015-02-19 00:00:00 UTC,436,153,238972240,6.0131944444444452
2015-02-19 00:00:00 UTC,436,154,238972240,1.8193055555555555
2015-02-19 00:00:00 UTC,436,152,238972240,0.39763888888888888
2015-02-19 00:00:00 UTC,436,-88,224186960,0.2994444444444444
2015-02-19 00:00:00 UTC,436,-89,224111190,1.0781944444444447
2015-02-19 00:00:00 UTC,436,-86,224111190,0.88902777777777775
2015-02-19 00:00:00 UTC,436,-90,224111190,0.98708333333333331
2015-02-19 00:00:00 UTC,436,-87,224111190,0.40652777777777782
2015-02-19 00:00:00 UTC,436,154,238914140,2.3947222222222222
2015-02-19 00:00:00 UTC,436,155,238914140,0.73583333333333334
2015-02-19 00:00:00 UTC,436,153,238914140,2.3866666666666667
2015-02-19 00:00:00 UTC,436,152,238914140,0.37763888888888886
2015-02-19 00:00:00 UTC,436,139,247081570,0.20305555555555554
2015-02-19 00:00:00 UTC,436,140,247081570,2.4634722222222218
2015-02-19 00:00:00 UTC,436,138,247081570,1.7890277777777777
2015-02-19 00:00:00 UTC,436,156,238583910,1.5140277777777778
2015-02-19 00:00:00 UTC,436,-19,227409000,1.4849999999999999
2015-02-19 00:00:00 UTC,436,-20,227409000,5.848472222222223
2015-02-19 00:00:00 UTC,436,-18,227409000,0.86097222222222225
2015-02-19 00:00:00 UTC,436,140,247081580,2.2355555555555555
2015-02-19 00:00:00 UTC,436,138,247081580,1.4444444444444444
2015-02-19 00:00:00 UTC,436,139,247081580,2.9559722222222229
2015-02-19 00:00:00 UTC,436,-33,224279660,2.5922222222222224
2015-02-19 00:00:00 UTC,436,-34,224279660,6.20486111111111
2015-02-19 00:00:00 UTC,436,137,247085680,2.334027777777778
2015-02-19 00:00:00 UTC,436,136,247085680,4.8076388888888886
2015-02-19 00:00:00 UTC,436,141,247080820,0.649861111111111
2015-02-19 00:00:00 UTC,436,140,247080820,1.9166666666666665
2015-02-19 00:00:00 UTC,436,133,247083380,0.20861111111111111
2015-02-19 00:00:00 UTC,436,134,247083380,0.68069444444444449
2015-02-19 00:00:00 UTC,436,135,247083380,0.43041666666666667
2015-02-19 00:00:00 UTC,436,137,247081590,0.41111111111111109
2015-02-19 00:00:00 UTC,436,138,247081590,1.4336111111111109
2015-02-19 00:00:00 UTC,436,140,247081590,2.0748611111111113
2015-02-19 00:00:00 UTC,436,157,238114940,8.1970833333333317
2015-02-19 00:00:00 UTC,436,156,238114940,4.8648611111111109
2015-02-19 00:00:00 UTC,436,141,247086980,0.24444444444444446
2015-02-19 00:00:00 UTC,436,140,247080840,2.6936111111111112
2015-02-19 00:00:00 UTC,436,138,247080840,4.0497222222222229
2015-02-19 00:00:00 UTC,436,139,247080840,3.5505555555555555
2015-02-19 00:00:00 UTC,436,97,247045770,0.20597222222222222
2015-02-19 00:00:00 UTC,436,98,247045770,1.8404166666666666
2015-02-19 00:00:00 UTC,436,136,247083410,0.89361111111111113
2015-02-19 00:00:00 UTC,436,135,247083410,0.4720833333333333
2015-02-19 00:00:00 UTC,436,98,247041430,3.0945833333333335
2015-02-19 00:00:00 UTC,436,140,247081370,2.0415277777777776
2015-02-19 00:00:00 UTC,436,154,238547610,0.20833333333333331
2015-02-19 00:00:00 UTC,436,-61,224216220,10.0625
2015-02-19 00:00:00 UTC,436,-20,227146400,1.5438888888888886
2015-02-19 00:00:00 UTC,436,141,247081380,1.0580555555555553
2015-02-19 00:00:00 UTC,436,134,247083940,0.20430555555555555
2015-02-19 00:00:00 UTC,436,-37,224129190,9.2274999999999974
2015-02-19 00:00:00 UTC,436,154,238198440,4.7561111111111112
2015-02-19 00:00:00 UTC,436,152,238198440,0.53597222222222218
2015-02-19 00:00:00 UTC,436,153,238198440,4.9259722222222226
2015-02-19 00:00:00 UTC,436,-20,263577000,0.30152777777777778
2015-02-19 00:00:00 UTC,436,-19,263577000,1.06
2015-02-19 00:00:00 UTC,436,-19,263470000,2.8350000000000004
2015-02-19 00:00:00 UTC,436,-20,263470000,2.2597222222222224
2015-02-19 00:00:00 UTC,436,98,247061680,2.2754166666666666
2015-02-19 00:00:00 UTC,436,97,247061680,0.62222222222222223
2015-02-19 00:00:00 UTC,436,157,238153140,12.36222222222222
2015-02-19 00:00:00 UTC,436,-83,224023480,0.2125
2015-02-19 00:00:00 UTC,436,138,247080890,1.6806944444444443
2015-02-19 00:00:00 UTC,436,137,247080890,1.2473611111111109
2015-02-19 00:00:00 UTC,436,139,247080890,0.87513888888888891
2015-02-19 00:00:00 UTC,436,-88,224136380,1.2301388888888887
2015-02-19 00:00:00 UTC,436,-85,224136380,1.0208333333333335
2015-02-19 00:00:00 UTC,436,-86,224136380,1.8858333333333333
2015-02-19 00:00:00 UTC,436,-87,224136380,2.2522222222222217
2015-02-19 00:00:00 UTC,436,-89,224136380,0.61805555555555558
2015-02-19 00:00:00 UTC,436,-56,224051650,2.1315277777777775
2015-02-19 00:00:00 UTC,436,137,247083460,1.6918055555555553
2015-02-19 00:00:00 UTC,436,136,247083460,0.20027777777777778
2015-02-19 00:00:00 UTC,436,135,247083460,0.63583333333333325
2015-02-19 00:00:00 UTC,436,156,238963140,6.4004166666666666
2015-02-19 00:00:00 UTC,436,157,238963140,5.2273611111111125
2015-02-19 00:00:00 UTC,436,-83,224102340,2.9368055555555559
2015-02-19 00:00:00 UTC,436,-85,224007370,0.42527777777777775
2015-02-19 00:00:00 UTC,436,-89,224007370,0.21111111111111111
2015-02-19 00:00:00 UTC,436,-86,224007370,1.3515277777777777
2015-02-19 00:00:00 UTC,436,-88,224007370,0.64347222222222222
2015-02-19 00:00:00 UTC,436,-87,224007370,1.1376388888888889
2015-02-19 00:00:00 UTC,436,137,247085770,0.82944444444444443
2015-02-19 00:00:00 UTC,436,136,247085770,0.21097222222222223
2015-02-19 00:00:00 UTC,436,138,247080910,1.2781944444444446
2015-02-19 00:00:00 UTC,436,137,247080910,0.20541666666666666
2015-02-19 00:00:00 UTC,436,136,247081680,0.83458333333333334
2015-02-19 00:00:00 UTC,436,135,247081680,0.41888888888888887
2015-02-19 00:00:00 UTC,436,-85,224354000,1.4637499999999999
2015-02-19 00:00:00 UTC,436,98,247042520,2.900555555555556
2015-02-19 00:00:00 UTC,436,-56,224337890,3.9081944444444443
2015-02-19 00:00:00 UTC,436,139,247081190,1.0640277777777776
2015-02-19 00:00:00 UTC,436,138,247081190,2.4930555555555558
2015-02-19 00:00:00 UTC,436,137,247081190,7.119305555555556
2015-02-19 00:00:00 UTC,436,136,247081190,0.21277777777777779
2015-02-19 00:00:00 UTC,436,135,247081190,0.20944444444444443
2015-02-19 00:00:00 UTC,436,99,247063270,0.20694444444444443
2015-02-19 00:00:00 UTC,436,-50,263414760,2.4652777777777777
2015-02-19 00:00:00 UTC,436,-90,224065000,0.41166666666666663
2015-02-19 00:00:00 UTC,436,-88,224065000,1.3755555555555556
2015-02-19 00:00:00 UTC,436,-89,224065000,1.254027777777778
2015-02-19 00:00:00 UTC,436,134,247086570,0.84472222222222215
2015-02-19 00:00:00 UTC,436,135,247086570,0.22236111111111112
2015-02-19 00:00:00 UTC,436,157,238957040,11.793472222222228
2015-02-19 00:00:00 UTC,436,98,247063280,1.4581944444444441
2015-02-19 00:00:00 UTC,436,101,247063280,0.62097222222222226
2015-02-19 00:00:00 UTC,436,97,247063280,0.8338888888888889
2015-02-19 00:00:00 UTC,436,-61,224170740,4.6604166666666673
2015-02-19 00:00:00 UTC,436,-62,224170740,6.3681944444444447
2015-02-19 00:00:00 UTC,436,-60,224170740,1.2915277777777778
2015-02-19 00:00:00 UTC,692,146,257855500,2.8951388888888889
2015-02-19 00:00:00 UTC,692,145,257855500,2.075
2015-02-19 00:00:00 UTC,692,151,257588500,0.21291666666666664
2015-02-19 00:00:00 UTC,692,152,257588500,0.21125
2015-02-19 00:00:00 UTC,692,146,257215000,1.8568055555555556
2015-02-19 00:00:00 UTC,692,146,257641500,1.5695833333333333
2015-02-19 00:00:00 UTC,692,147,259092000,1.0666666666666667
2015-02-19 00:00:00 UTC,692,146,259092000,1.2744444444444445
2015-02-19 00:00:00 UTC,692,145,259092000,0.60847222222222219
2015-02-19 00:00:00 UTC,692,145,257587500,0.20777777777777778
2015-02-19 00:00:00 UTC,692,146,257587500,1.3122222222222222
2015-02-19 00:00:00 UTC,692,150,257580600,4.6870833333333319
2015-02-19 00:00:00 UTC,692,146,257885500,1.2322222222222221
2015-02-19 00:00:00 UTC,692,157,257565500,2.8400000000000003
2015-02-19 00:00:00 UTC,692,156,257565500,0.93708333333333327
2015-02-19 00:00:00 UTC,692,156,257725500,2.4031944444444444
2015-02-19 00:00:00 UTC,692,157,257725500,1.7318055555555554
2015-02-19 00:00:00 UTC,692,155,257681500,0.4226388888888889
2015-02-19 00:00:00 UTC,692,156,257681500,0.82597222222222222
2015-02-19 00:00:00 UTC,692,157,257681500,1.4526388888888888
2015-02-19 00:00:00 UTC,692,146,258545000,0.81597222222222221
2015-02-19 00:00:00 UTC,692,147,258545000,3.1144444444444441
2015-02-19 00:00:00 UTC,692,148,258545000,4.3233333333333333
2015-02-19 00:00:00 UTC,692,151,257435500,1.8526388888888889
2015-02-19 00:00:00 UTC,692,150,257435500,7.0536111111111115
2015-02-19 00:00:00 UTC,692,145,257152620,0.58000000000000007
2015-02-19 00:00:00 UTC,692,146,257152620,1.1256944444444446
2015-02-19 00:00:00 UTC,692,150,259963000,0.23472222222222222
2015-02-19 00:00:00 UTC,692,151,259963000,0.44458333333333333
2015-02-19 00:00:00 UTC,692,146,257541500,2.8829166666666666
2015-02-19 00:00:00 UTC,692,157,257530500,1.7583333333333331
2015-02-19 00:00:00 UTC,692,150,257710500,3.1788888888888884
2015-02-19 00:00:00 UTC,692,146,257198000,0.45402777777777781
2015-02-19 00:00:00 UTC,692,147,257198000,1.8166666666666667
2015-02-19 00:00:00 UTC,692,148,257198000,1.2240277777777777
2015-02-19 00:00:00 UTC,692,150,257536700,5.3718055555555555
2015-02-19 00:00:00 UTC,692,151,257536700,0.21097222222222223
2015-02-19 00:00:00 UTC,692,149,257536700,0.59555555555555562
2015-02-19 00:00:00 UTC,692,148,257229000,1.3677777777777778
2015-02-19 00:00:00 UTC,692,146,257229000,1.09875
2015-02-19 00:00:00 UTC,692,147,257229000,2.3030555555555554
2015-02-19 00:00:00 UTC,692,149,257229000,1.5125
2015-02-19 00:00:00 UTC,692,150,257229000,0.43861111111111106
2015-02-19 00:00:00 UTC,692,371,259565000,6.1284722222222223
2015-02-19 00:00:00 UTC,692,369,259565000,7.8265277777777778
2015-02-19 00:00:00 UTC,692,372,259565000,1.5095833333333335
2015-02-19 00:00:00 UTC,692,370,259565000,7.1019444444444444
2015-02-19 00:00:00 UTC,692,156,257783500,3.2481944444444446
2015-02-19 00:00:00 UTC,692,157,257783500,1.1488888888888888
2015-02-19 00:00:00 UTC,692,157,257964500,1.9
2015-02-19 00:00:00 UTC,692,156,257964500,0.8865277777777778
2015-02-19 00:00:00 UTC,692,147,257388000,0.75625
2015-02-19 00:00:00 UTC,692,146,257388000,2.309166666666667
2015-02-19 00:00:00 UTC,692,145,257388000,0.26513888888888887
2015-02-19 00:00:00 UTC,692,147,259617000,2.039166666666667
2015-02-19 00:00:00 UTC,692,148,259617000,0.47444444444444445
2015-02-19 00:00:00 UTC,692,145,259617000,0.46638888888888891
2015-02-19 00:00:00 UTC,692,146,259617000,2.1947222222222225
2015-02-19 00:00:00 UTC,-332,-923,735059255,5.6359722222222217
2015-02-19 00:00:00 UTC,-332,-514,996278653,9.6091666666666669
2015-02-19 00:00:00 UTC,-332,386,224544160,1.8251388888888889
2015-02-19 00:00:00 UTC,-76,-1204,431703560,1.2206944444444443
2015-02-19 00:00:00 UTC,-76,-1769,412420875,4.2818055555555556
2015-02-19 00:00:00 UTC,-76,1791,520243000,1.7698611111111111
2015-02-19 00:00:00 UTC,-76,1792,520243000,1.1873611111111111
2015-02-19 00:00:00 UTC,-76,-1145,431853000,3.4820833333333336
2015-02-19 00:00:00 UTC,437,-85,224047360,1.7008333333333334
2015-02-19 00:00:00 UTC,437,-87,224047360,1.4748611111111112
2015-02-19 00:00:00 UTC,437,-86,224047360,1.575277777777778
2015-02-19 00:00:00 UTC,437,135,247081730,0.84486111111111106
2015-02-19 00:00:00 UTC,437,138,247081730,1.2316666666666665
2015-02-19 00:00:00 UTC,437,136,247081730,0.8273611111111111
2015-02-19 00:00:00 UTC,437,139,247081730,1.0366666666666666
2015-02-19 00:00:00 UTC,437,137,247081730,1.4401388888888889
2015-02-19 00:00:00 UTC,437,136,247084290,0.41083333333333333
2015-02-19 00:00:00 UTC,437,140,247123970,2.4055555555555559
2015-02-19 00:00:00 UTC,437,139,247123970,2.2390277777777778
2015-02-19 00:00:00 UTC,437,137,247081220,0.41097222222222224
2015-02-19 00:00:00 UTC,437,138,247081220,4.003055555555556
2015-02-19 00:00:00 UTC,437,139,247081220,0.8419444444444445
2015-02-19 00:00:00 UTC,437,-55,263477000,1.175
2015-02-19 00:00:00 UTC,437,-54,263477000,0.20652777777777778
2015-02-19 00:00:00 UTC,437,-56,263477000,0.45597222222222222
2015-02-19 00:00:00 UTC,437,139,247080970,1.0474999999999999
2015-02-19 00:00:00 UTC,437,138,247080970,1.4779166666666668
2015-02-19 00:00:00 UTC,437,133,247083530,0.41805555555555557
2015-02-19 00:00:00 UTC,437,134,247083530,0.42083333333333339
2015-02-19 00:00:00 UTC,437,135,247081740,0.83319444444444435
2015-02-19 00:00:00 UTC,437,136,247081740,0.8225
2015-02-19 00:00:00 UTC,437,134,247086860,0.83777777777777784
2015-02-19 00:00:00 UTC,437,135,247086860,4.3577777777777778
2015-02-19 00:00:00 UTC,437,139,247083280,1.425
2015-02-19 00:00:00 UTC,437,140,247083280,1.1529166666666666
2015-02-19 00:00:00 UTC,437,137,247083280,0.46958333333333335
2015-02-19 00:00:00 UTC,437,138,247083280,9.9919444444444423
2015-02-19 00:00:00 UTC,437,-39,224069650,0.71972222222222226
2015-02-19 00:00:00 UTC,437,-21,224069650,2.8976388888888889
2015-02-19 00:00:00 UTC,437,139,247081490,3.9863888888888894
2015-02-19 00:00:00 UTC,437,138,247081490,1.0638888888888889
2015-02-19 00:00:00 UTC,437,135,247083540,1.2044444444444444
2015-02-19 00:00:00 UTC,437,134,247083540,0.21
2015-02-19 00:00:00 UTC,437,-18,224106260,1.6718055555555555
2015-02-19 00:00:00 UTC,437,-17,224106260,1.1004166666666666
2015-02-19 00:00:00 UTC,437,-88,224086550,3.2508333333333339
2015-02-19 00:00:00 UTC,437,134,247083550,1.6958333333333331
2015-02-19 00:00:00 UTC,437,-21,263409950,10.888194444444444
2015-02-19 00:00:00 UTC,437,-20,263409950,1.3170833333333334
2015-02-19 00:00:00 UTC,437,75,247048990,9.2383333333333333
2015-02-19 00:00:00 UTC,437,76,247048990,0.42194444444444446
2015-02-19 00:00:00 UTC,437,139,247081250,1.9293055555555556
2015-02-19 00:00:00 UTC,437,138,247081250,1.2983333333333336
2015-02-19 00:00:00 UTC,437,78,247042850,3.3113888888888892
2015-02-19 00:00:00 UTC,437,77,247042850,12.124305555555555
2015-02-19 00:00:00 UTC,437,135,247085860,4.8895833333333343
2015-02-19 00:00:00 UTC,437,134,247085860,0.2097222222222222
2015-02-19 00:00:00 UTC,437,137,247085860,4.0406944444444441
2015-02-19 00:00:00 UTC,437,138,247085860,2.7504166666666667
2015-02-19 00:00:00 UTC,437,136,247085860,3.5301388888888896
2015-02-19 00:00:00 UTC,437,142,247081510,1.7531944444444445
2015-02-19 00:00:00 UTC,437,155,238899240,5.7302777777777765
2015-02-19 00:00:00 UTC,437,153,238899240,6.1709722222222219
2015-02-19 00:00:00 UTC,437,138,247081260,2.833333333333333
2015-02-19 00:00:00 UTC,437,-62,224259630,23.730694444444438
2015-02-19 00:00:00 UTC,437,-84,224926000,0.20402777777777778
2015-02-19 00:00:00 UTC,437,-83,224926000,2.0972222222222219
2015-02-19 00:00:00 UTC,437,-82,224926000,0.64222222222222225
2015-02-19 00:00:00 UTC,437,-57,224254000,0.33875
2015-02-19 00:00:00 UTC,437,-58,224254000,0.98777777777777787
2015-02-19 00:00:00 UTC,437,-86,224093750,1.2501388888888889
2015-02-19 00:00:00 UTC,437,-84,224093750,1.6797222222222221
2015-02-19 00:00:00 UTC,437,-85,224093750,3.5318055555555565
2015-02-19 00:00:00 UTC,437,-87,224093750,1.2986111111111112
2015-02-19 00:00:00 UTC,437,-83,224093750,0.62361111111111112
2015-02-19 00:00:00 UTC,437,-62,224021560,0.64291666666666658
2015-02-19 00:00:00 UTC,437,-61,224021560,10.52638888888889
2015-02-19 00:00:00 UTC,437,135,247083070,0.85666666666666669
2015-02-19 00:00:00 UTC,437,138,247083840,2.0777777777777775
2015-02-19 00:00:00 UTC,437,140,247083840,1.5319444444444446
2015-02-19 00:00:00 UTC,437,141,247083840,0.43930555555555556
2015-02-19 00:00:00 UTC,437,139,247083840,0.21125
2015-02-19 00:00:00 UTC,437,137,247081540,0.20152777777777778
2015-02-19 00:00:00 UTC,437,-86,224047430,2.2652777777777775
2015-02-19 00:00:00 UTC,437,-87,224047430,1.1766666666666667
2015-02-19 00:00:00 UTC,437,101,247131980,5.9704166666666669
2015-02-19 00:00:00 UTC,437,98,247132750,2.0534722222222221
2015-02-19 00:00:00 UTC,437,97,247132750,2.2812500000000004
2015-02-19 00:00:00 UTC,437,-88,224085840,1.8473611111111112
2015-02-19 00:00:00 UTC,437,-87,224085840,7.3718055555555546
2015-02-19 00:00:00 UTC,437,-87,224186960,1.4245833333333333
2015-02-19 00:00:00 UTC,437,-88,224186960,0.75069444444444455
2015-02-19 00:00:00 UTC,437,-82,224018770,4.897222222222223
2015-02-19 00:00:00 UTC,437,-81,224018770,5.6309722222222218
2015-02-19 00:00:00 UTC,437,134,247083860,0.21097222222222223
2015-02-19 00:00:00 UTC,437,-87,224157780,0.21208333333333335
2015-02-19 00:00:00 UTC,437,-86,224157780,2.7774999999999994
2015-02-19 00:00:00 UTC,437,153,238993240,5.2818055555555556
2015-02-19 00:00:00 UTC,437,156,238914140,0.20569444444444446
2015-02-19 00:00:00 UTC,437,139,247081570,8.38888888888889
2015-02-19 00:00:00 UTC,437,138,247081570,2.3411111111111116
2015-02-19 00:00:00 UTC,437,140,247081570,2.7644444444444449
2015-02-19 00:00:00 UTC,437,153,238583910,6.8222222222222229
2015-02-19 00:00:00 UTC,437,155,238363240,7.4873611111111087
2015-02-19 00:00:00 UTC,437,153,238363240,4.841388888888889
2015-02-19 00:00:00 UTC,437,139,247081580,5.6916666666666664
2015-02-19 00:00:00 UTC,437,140,247081580,1.0918055555555555
2015-02-19 00:00:00 UTC,437,153,238469740,5.6719444444444447
2015-02-19 00:00:00 UTC,437,134,247083630,0.6348611111111111
2015-02-19 00:00:00 UTC,437,133,247083630,0.20277777777777778
2015-02-19 00:00:00 UTC,437,-17,224046190,1.8775
2015-02-19 00:00:00 UTC,437,136,247085680,2.0794444444444444
2015-02-19 00:00:00 UTC,437,137,247085680,1.482361111111111
2015-02-19 00:00:00 UTC,437,-17,224086130,5.0743055555555561
2015-02-19 00:00:00 UTC,437,140,247080820,2.7495833333333337
2015-02-19 00:00:00 UTC,437,139,247080820,4.3479166666666682
2015-02-19 00:00:00 UTC,437,133,247083380,0.85819444444444437
2015-02-19 00:00:00 UTC,437,137,247081590,0.83333333333333326
2015-02-19 00:00:00 UTC,437,138,247081590,1.2490277777777776
2015-02-19 00:00:00 UTC,437,140,247081590,4.0529166666666674
2015-02-19 00:00:00 UTC,437,139,247081590,2.5443055555555554
2015-02-19 00:00:00 UTC,437,153,238366840,5.35875
2015-02-19 00:00:00 UTC,437,156,238366840,6.8258333333333336
2015-02-19 00:00:00 UTC,437,134,247083390,0.20291666666666669
2015-02-19 00:00:00 UTC,437,133,247084670,0.21680555555555556
2015-02-19 00:00:00 UTC,437,-23,224081790,1.9272222222222224
2015-02-19 00:00:00 UTC,437,138,247083140,1.4504166666666665
2015-02-19 00:00:00 UTC,437,136,247083140,0.82805555555555566
2015-02-19 00:00:00 UTC,437,137,247083140,0.83847222222222217
2015-02-19 00:00:00 UTC,437,100,247063430,1.0273611111111112
2015-02-19 00:00:00 UTC,437,101,247063430,4.1023611111111116
2015-02-19 00:00:00 UTC,437,155,238111111,4.9086111111111119
2015-02-19 00:00:00 UTC,437,138,247080840,0.61569444444444443
2015-02-19 00:00:00 UTC,437,139,247080840,3.0370833333333338
2015-02-19 00:00:00 UTC,437,97,247045770,2.6993055555555561
2015-02-19 00:00:00 UTC,437,98,247045770,2.2559722222222223
2015-02-19 00:00:00 UTC,437,-1250,366804620,1.3088888888888888
2015-02-19 00:00:00 UTC,437,-1249,366804620,1.9670833333333331
2015-02-19 00:00:00 UTC,437,152,238103440,1.737638888888889
2015-02-19 00:00:00 UTC,437,153,238103440,6.4611111111111121
2015-02-19 00:00:00 UTC,437,137,247083920,0.41819444444444448
2015-02-19 00:00:00 UTC,437,136,247083920,0.21666666666666667
2015-02-19 00:00:00 UTC,437,-16,224157840,1.6930555555555555
2015-02-19 00:00:00 UTC,437,144,247080850,11.641944444444444
2015-02-19 00:00:00 UTC,437,100,247061650,1.0438888888888889
2015-02-19 00:00:00 UTC,437,101,247061650,3.4837500000000006
2015-02-19 00:00:00 UTC,437,98,247041430,2.065
2015-02-19 00:00:00 UTC,437,97,247041430,2.2597222222222224
2015-02-19 00:00:00 UTC,437,-522,316111000,2.286111111111111
2015-02-19 00:00:00 UTC,437,-521,316111000,4.534583333333333
2015-02-19 00:00:00 UTC,437,140,247081370,0.94305555555555565
2015-02-19 00:00:00 UTC,437,139,247081370,1.9376388888888889
2015-02-19 00:00:00 UTC,437,-61,224216220,2.4730555555555558
2015-02-19 00:00:00 UTC,437,-20,227146400,2.470277777777778
2015-02-19 00:00:00 UTC,437,134,247083170,0.61722222222222212
2015-02-19 00:00:00 UTC,437,134,247083940,0.20166666666666666
2015-02-19 00:00:00 UTC,437,-20,263577000,1.5181944444444444
2015-02-19 00:00:00 UTC,437,-21,263577000,0.57944444444444443
2015-02-19 00:00:00 UTC,437,-16,228137900,1.5415277777777776
2015-02-19 00:00:00 UTC,437,-19,228137900,1.8536111111111111
2015-02-19 00:00:00 UTC,437,-20,228137900,0.61847222222222231
2015-02-19 00:00:00 UTC,437,136,247083180,2.2845833333333334
2015-02-19 00:00:00 UTC,437,138,247083180,1.4620833333333334
2015-02-19 00:00:00 UTC,437,137,247083180,1.2320833333333332
2015-02-19 00:00:00 UTC,437,135,247083180,0.20263888888888887
2015-02-19 00:00:00 UTC,437,135,247087020,0.20833333333333334
2015-02-19 00:00:00 UTC,437,156,238989740,4.2554166666666671
2015-02-19 00:00:00 UTC,437,134,247083440,2.0845833333333332
2015-02-19 00:00:00 UTC,437,133,247083440,0.84916666666666663
2015-02-19 00:00:00 UTC,437,-21,263470000,0.95597222222222222
2015-02-19 00:00:00 UTC,437,-20,263470000,5.2995833333333326
2015-02-19 00:00:00 UTC,437,75,247048880,16.233611111111113
2015-02-19 00:00:00 UTC,437,76,247048880,0.58986111111111117
2015-02-19 00:00:00 UTC,437,100,247061680,0.20416666666666666
2015-02-19 00:00:00 UTC,437,133,247088050,0.30402777777777779
2015-02-19 00:00:00 UTC,437,155,238281140,5.3552777777777774
2015-02-19 00:00:00 UTC,437,-57,224025270,4.3945833333333333
2015-02-19 00:00:00 UTC,437,-61,224025270,2.1695833333333336
2015-02-19 00:00:00 UTC,437,-17,224291000,2.9194444444444447
2015-02-19 00:00:00 UTC,437,77,247202490,9.099444444444444
2015-02-19 00:00:00 UTC,437,137,247080890,1.0466666666666666
2015-02-19 00:00:00 UTC,437,138,247080890,4.3727777777777783
2015-02-19 00:00:00 UTC,437,139,247080890,2.7800000000000002
2015-02-19 00:00:00 UTC,437,-86,224906170,0.89333333333333331
2015-02-19 00:00:00 UTC,437,96,247061690,2.47125
2015-02-19 00:00:00 UTC,437,95,247061690,1.2423611111111112
2015-02-19 00:00:00 UTC,437,97,247061690,0.82263888888888892
2015-02-19 00:00:00 UTC,437,-85,224136380,1.0218055555555554
2015-02-19 00:00:00 UTC,437,-87,224136380,2.0818055555555555
2015-02-19 00:00:00 UTC,437,-86,224136380,1.6602777777777777
2015-02-19 00:00:00 UTC,437,142,247081660,6.4780555555555557
2015-02-19 00:00:00 UTC,437,-54,263407550,1.9106944444444443
2015-02-19 00:00:00 UTC,437,98,247041470,5.3469444444444454
2015-02-19 00:00:00 UTC,437,135,247083460,2.4906944444444448
2015-02-19 00:00:00 UTC,437,136,247083460,1.9515277777777778
2015-02-19 00:00:00 UTC,437,-86,224906180,1.1747222222222224
2015-02-19 00:00:00 UTC,437,-87,224138950,0.22291666666666665
2015-02-19 00:00:00 UTC,437,-86,224138950,2.7770833333333336
2015-02-19 00:00:00 UTC,437,136,247081670,1.4541666666666666
2015-02-19 00:00:00 UTC,437,135,247081670,3.9500000000000011
2015-02-19 00:00:00 UTC,437,134,247081670,0.64444444444444449
2015-02-19 00:00:00 UTC,437,101,247063240,0.82
2015-02-19 00:00:00 UTC,437,100,247063240,1.2204166666666667
2015-02-19 00:00:00 UTC,437,-85,224204490,0.65041666666666664
2015-02-19 00:00:00 UTC,437,-86,224204490,2.1398611111111112
2015-02-19 00:00:00 UTC,437,136,247081930,0.85
2015-02-19 00:00:00 UTC,437,137,247081930,0.20972222222222223
2015-02-19 00:00:00 UTC,437,134,247085770,1.2995833333333335
2015-02-19 00:00:00 UTC,437,136,247085770,7.9020833333333327
2015-02-19 00:00:00 UTC,437,135,247085770,3.12625
2015-02-19 00:00:00 UTC,437,-61,224131530,2.9279166666666665
2015-02-19 00:00:00 UTC,437,-62,224131530,4.5663888888888886
2015-02-19 00:00:00 UTC,437,140,247080910,0.86125000000000007
2015-02-19 00:00:00 UTC,437,139,247080910,2.1108333333333333
2015-02-19 00:00:00 UTC,437,135,247083470,0.40833333333333333
2015-02-19 00:00:00 UTC,437,134,247083470,3.5462500000000006
2015-02-19 00:00:00 UTC,437,135,247081680,3.2913888888888891
2015-02-19 00:00:00 UTC,437,136,247081680,3.7488888888888896
2015-02-19 00:00:00 UTC,437,139,247081680,1.6012499999999998
2015-02-19 00:00:00 UTC,437,138,247081680,2.1555555555555554
2015-02-19 00:00:00 UTC,437,-84,224354000,2.3015277777777778
2015-02-19 00:00:00 UTC,437,-83,224354000,0.20847222222222223
2015-02-19 00:00:00 UTC,437,100,247063250,1.2426388888888888
2015-02-19 00:00:00 UTC,437,101,247063250,6.1836111111111132
2015-02-19 00:00:00 UTC,437,135,247083480,0.81375
2015-02-19 00:00:00 UTC,437,97,247042520,2.4743055555555555
2015-02-19 00:00:00 UTC,437,98,247042520,2.0477777777777781
2015-02-19 00:00:00 UTC,437,155,238217440,4.9179166666666667
2015-02-19 00:00:00 UTC,437,154,238752740,6.04875
2015-02-19 00:00:00 UTC,437,135,247081190,0.83236111111111122
2015-02-19 00:00:00 UTC,437,137,247081190,6.6809722222222216
2015-02-19 00:00:00 UTC,437,136,247081190,2.4913888888888893
2015-02-19 00:00:00 UTC,437,138,247081190,0.21527777777777779
2015-02-19 00:00:00 UTC,437,98,247063270,2.4831944444444449
2015-02-19 00:00:00 UTC,437,100,247063270,0.20819444444444446
2015-02-19 00:00:00 UTC,437,99,247063270,1.8344444444444443
2015-02-19 00:00:00 UTC,437,-86,224204520,1.8951388888888887
2015-02-19 00:00:00 UTC,437,-85,224204520,1.2501388888888889
2015-02-19 00:00:00 UTC,437,134,247083240,0.83083333333333331
2015-02-19 00:00:00 UTC,437,132,247087080,1.7652777777777779
2015-02-19 00:00:00 UTC,437,131,247087080,6.1486111111111121
2015-02-19 00:00:00 UTC,437,-51,263414760,3.9980555555555557
2015-02-19 00:00:00 UTC,437,-53,263414760,4.5123611111111108
2015-02-19 00:00:00 UTC,437,-52,263414760,1.2402777777777778
2015-02-19 00:00:00 UTC,437,153,238673640,4.8973611111111106
2015-02-19 00:00:00 UTC,437,-87,224065000,1.0752777777777778
2015-02-19 00:00:00 UTC,437,-85,224065000,0.89416666666666678
2015-02-19 00:00:00 UTC,437,133,247086570,0.4125
2015-02-19 00:00:00 UTC,437,136,247081710,0.62291666666666667
2015-02-19 00:00:00 UTC,437,137,247081710,1.4851388888888886
2015-02-19 00:00:00 UTC,437,138,247081710,0.60986111111111119
2015-02-19 00:00:00 UTC,437,152,238765040,10.700555555555555
2015-02-19 00:00:00 UTC,437,153,238765040,4.8315277777777768
2015-02-19 00:00:00 UTC,437,101,247063280,3.870138888888889
2015-02-19 00:00:00 UTC,437,98,247063280,0.20805555555555555
2015-02-19 00:00:00 UTC,437,135,247083250,0.63916666666666666
2015-02-19 00:00:00 UTC,437,136,247083250,0.20263888888888887
2015-02-19 00:00:00 UTC,437,-17,224049650,1.952361111111111
2015-02-19 00:00:00 UTC,437,139,247081720,1.5141666666666667
2015-02-19 00:00:00 UTC,437,140,247081720,2.162638888888889
2015-02-19 00:00:00 UTC,437,155,238837240,6.9887499999999978
2015-02-19 00:00:00 UTC,437,153,238623740,4.683194444444446
2015-02-19 00:00:00 UTC,437,135,247083260,0.43458333333333332
2015-02-19 00:00:00 UTC,693,162,257122820,4.2212499999999995
2015-02-19 00:00:00 UTC,693,161,257122820,2.3372222222222221
2015-02-19 00:00:00 UTC,693,161,257220620,2.465
2015-02-19 00:00:00 UTC,693,162,257220620,1.6747222222222222
2015-02-19 00:00:00 UTC,693,161,257147920,0.64277777777777778
2015-02-19 00:00:00 UTC,693,162,257147920,0.82652777777777786
2015-02-19 00:00:00 UTC,693,152,257588500,3.1387500000000004
2015-02-19 00:00:00 UTC,693,154,257588500,2.9225000000000003
2015-02-19 00:00:00 UTC,693,155,257588500,1.0990277777777779
2015-02-19 00:00:00 UTC,693,153,257588500,2.4019444444444447
2015-02-19 00:00:00 UTC,693,156,257588500,0.68875
2015-02-19 00:00:00 UTC,693,159,257016340,0.20430555555555555
2015-02-19 00:00:00 UTC,693,168,257726500,0.64597222222222217
2015-02-19 00:00:00 UTC,693,156,257580600,0.85958333333333337
2015-02-19 00:00:00 UTC,693,155,257580600,2.8122222222222222
2015-02-19 00:00:00 UTC,693,154,257580600,0.6479166666666667
2015-02-19 00:00:00 UTC,693,152,257580600,1.2859722222222221
2015-02-19 00:00:00 UTC,693,153,257580600,0.20166666666666666
2015-02-19 00:00:00 UTC,693,151,257580600,2.2340277777777775
2015-02-19 00:00:00 UTC,693,157,257565500,1.7233333333333334
2015-02-19 00:00:00 UTC,693,156,258503000,0.17486111111111111
2015-02-19 00:00:00 UTC,693,153,258503000,2.3509722222222225
2015-02-19 00:00:00 UTC,693,152,258503000,1.6790277777777776
2015-02-19 00:00:00 UTC,693,154,258503000,3.5877777777777777
2015-02-19 00:00:00 UTC,693,151,258503000,0.89708333333333334
2015-02-19 00:00:00 UTC,693,155,258503000,5.1576388888888882
2015-02-19 00:00:00 UTC,693,157,257681500,0.84124999999999994
2015-02-19 00:00:00 UTC,693,156,257681500,2.61875
2015-02-19 00:00:00 UTC,693,153,257563500,0.21055555555555555
2015-02-19 00:00:00 UTC,693,155,257563500,4.2061111111111114
2015-02-19 00:00:00 UTC,693,154,257563500,3.922361111111111
2015-02-19 00:00:00 UTC,693,156,257563500,0.68638888888888894
2015-02-19 00:00:00 UTC,693,150,257435500,0.9177777777777778
2015-02-19 00:00:00 UTC,693,152,257435500,1.1276388888888889
2015-02-19 00:00:00 UTC,693,153,257435500,0.7551388888888888
2015-02-19 00:00:00 UTC,693,151,257435500,1.0458333333333334
2015-02-19 00:00:00 UTC,693,158,259995000,0.21958333333333335
2015-02-19 00:00:00 UTC,693,154,259963000,2.6827777777777775
2015-02-19 00:00:00 UTC,693,152,259963000,3.4226388888888892
2015-02-19 00:00:00 UTC,693,153,259963000,5.0286111111111111
2015-02-19 00:00:00 UTC,693,151,259963000,0.69625
2015-02-19 00:00:00 UTC,693,161,257605500,0.20986111111111111
2015-02-19 00:00:00 UTC,693,162,257605500,1.2801388888888889
2015-02-19 00:00:00 UTC,693,160,257850500,0.22236111111111112
2015-02-19 00:00:00 UTC,693,155,259449000,4.0918055555555553
2015-02-19 00:00:00 UTC,693,156,259449000,1.856111111111111
2015-02-19 00:00:00 UTC,693,154,259449000,2.42125
2015-02-19 00:00:00 UTC,693,161,257560500,2.0504166666666661
2015-02-19 00:00:00 UTC,693,152,257536700,0.83347222222222228
2015-02-19 00:00:00 UTC,693,151,257536700,3.4872222222222224
2015-02-19 00:00:00 UTC,693,158,257486020,3.875138888888888
2015-02-19 00:00:00 UTC,693,157,257486020,8.1969444444444459
2015-02-19 00:00:00 UTC,693,150,257229000,0.65013888888888893
2015-02-19 00:00:00 UTC,693,370,259565000,1.5377777777777777
2015-02-19 00:00:00 UTC,693,371,259565000,1.5370833333333334
2015-02-19 00:00:00 UTC,693,156,257783500,2.4112500000000003
2015-02-19 00:00:00 UTC,693,157,257783500,1.0805555555555555
2015-02-19 00:00:00 UTC,693,154,257303000,2.6108333333333333
2015-02-19 00:00:00 UTC,693,155,257303000,1.1156944444444445
2015-02-19 00:00:00 UTC,693,152,257303000,0.21027777777777779
2015-02-19 00:00:00 UTC,693,153,257303000,4.2605555555555554
2015-02-19 00:00:00 UTC,693,154,259563000,5.3973611111111106
2015-02-19 00:00:00 UTC,693,152,259563000,1.2056944444444444
2015-02-19 00:00:00 UTC,693,155,259563000,0.21486111111111111
2015-02-19 00:00:00 UTC,693,153,259563000,8.0173611111111143
2015-02-19 00:00:00 UTC,-331,-514,996278653,25.468888888888888
2015-02-19 00:00:00 UTC,-331,694,263576000,0.31847222222222221
2015-02-19 00:00:00 UTC,-331,692,263576000,0.25666666666666665
2015-02-19 00:00:00 UTC,-331,693,263576000,0.16569444444444442
2015-02-19 00:00:00 UTC,-331,1524,503714500,1.7877777777777777
2015-02-19 00:00:00 UTC,-75,-1204,431703560,3.5038888888888882
2015-02-19 00:00:00 UTC,-75,1792,520243000,5.3672222222222228
2015-02-19 00:00:00 UTC,-75,1791,520243000,1.8594444444444442
2015-02-19 00:00:00 UTC,-75,-1078,431613000,5.1449999999999987
2015-02-19 00:00:00 UTC,-75,-864,730017000,7.2180555555555559
2015-02-19 00:00:00 UTC,-75,-1182,412420852,0.65402777777777776
2015-02-19 00:00:00 UTC,-75,-1174,412420852,5.6404166666666669
2015-02-19 00:00:00 UTC,-75,-1179,412420852,2.0293055555555553
2015-02-19 00:00:00 UTC,-75,-1181,412420852,0.70430555555555552
2015-02-19 00:00:00 UTC,-75,-1180,412420852,0.67888888888888888
2015-02-19 00:00:00 UTC,-75,-1176,412420852,1.8624999999999998
2015-02-19 00:00:00 UTC,438,-83,224047360,1.329722222222222
2015-02-19 00:00:00 UTC,438,-84,224047360,2.0245833333333332
2015-02-19 00:00:00 UTC,438,139,247081730,0.21791666666666668
2015-02-19 00:00:00 UTC,438,136,247081730,1.461111111111111
2015-02-19 00:00:00 UTC,438,140,247081730,1.7841666666666667
2015-02-19 00:00:00 UTC,438,137,247081730,0.612638888888889
2015-02-19 00:00:00 UTC,438,135,247084290,0.20833333333333331
2015-02-19 00:00:00 UTC,438,137,247084290,1.24
2015-02-19 00:00:00 UTC,438,136,247084290,2.2733333333333334
2015-02-19 00:00:00 UTC,438,140,247123970,0.63375
2015-02-19 00:00:00 UTC,438,139,247123970,2.391111111111111
2015-02-19 00:00:00 UTC,438,138,247081220,0.42194444444444446
2015-02-19 00:00:00 UTC,438,137,247081220,2.7834722222222226
2015-02-19 00:00:00 UTC,438,-55,263477000,0.61361111111111111
2015-02-19 00:00:00 UTC,438,-53,263477000,3.3543055555555554
2015-02-19 00:00:00 UTC,438,-57,263477000,1.3583333333333332
2015-02-19 00:00:00 UTC,438,-56,263477000,3.1798611111111112
2015-02-19 00:00:00 UTC,438,-54,263477000,0.82305555555555554
2015-02-19 00:00:00 UTC,438,134,247083530,0.84180555555555558
2015-02-19 00:00:00 UTC,438,133,247083530,1.2747222222222223
2015-02-19 00:00:00 UTC,438,-59,224043530,1.6672222222222224
2015-02-19 00:00:00 UTC,438,136,247081740,3.0888888888888886
2015-02-19 00:00:00 UTC,438,137,247081740,1.0443055555555556
2015-02-19 00:00:00 UTC,438,135,247086860,0.41652777777777777
2015-02-19 00:00:00 UTC,438,136,247086860,4.7698611111111111
2015-02-19 00:00:00 UTC,438,140,247083280,1.502361111111111
2015-02-19 00:00:00 UTC,438,-22,224069650,4.559444444444444
2015-02-19 00:00:00 UTC,438,138,247081490,0.63611111111111107
2015-02-19 00:00:00 UTC,438,132,247083540,0.20430555555555557
2015-02-19 00:00:00 UTC,438,134,247083540,1.0370833333333334
2015-02-19 00:00:00 UTC,438,133,247083540,1.2497222222222222
2015-02-19 00:00:00 UTC,438,-17,224106260,0.23305555555555557
2015-02-19 00:00:00 UTC,438,-87,224086550,2.6906944444444445
2015-02-19 00:00:00 UTC,438,-86,224011290,0.64027777777777772
2015-02-19 00:00:00 UTC,438,-87,224011290,1.7019444444444445
2015-02-19 00:00:00 UTC,438,-69,224082460,10.964166666666667
2015-02-19 00:00:00 UTC,438,134,247083550,1.6680555555555556
2015-02-19 00:00:00 UTC,438,-23,263409950,0.70680555555555558
2015-02-19 00:00:00 UTC,438,-22,263409950,3.0068055555555557
2015-02-19 00:00:00 UTC,438,136,247085860,1.8673611111111108
2015-02-19 00:00:00 UTC,438,133,247085860,1.4791666666666665
2015-02-19 00:00:00 UTC,438,134,247085860,2.6875000000000004
2015-02-19 00:00:00 UTC,438,137,247085860,0.20958333333333334
2015-02-19 00:00:00 UTC,438,135,247085860,1.2594444444444446
2015-02-19 00:00:00 UTC,438,141,247081510,0.78333333333333333
2015-02-19 00:00:00 UTC,438,-87,224068650,0.22486111111111112
2015-02-19 00:00:00 UTC,438,-88,224068650,1.7409722222222219
2015-02-19 00:00:00 UTC,438,-86,224181290,3.1695833333333332
2015-02-19 00:00:00 UTC,438,-87,224181290,0.20833333333333334
2015-02-19 00:00:00 UTC,438,-85,224181290,1.1038888888888889
2015-02-19 00:00:00 UTC,438,139,247081260,3.9391666666666669
2015-02-19 00:00:00 UTC,438,-57,224076590,0.97236111111111112
2015-02-19 00:00:00 UTC,438,-59,224076590,0.57208333333333328
2015-02-19 00:00:00 UTC,438,-58,224076590,0.83458333333333334
2015-02-19 00:00:00 UTC,438,-53,224254000,11.237777777777778
2015-02-19 00:00:00 UTC,438,-57,224254000,3.0079166666666666
2015-02-19 00:00:00 UTC,438,-57,224121650,2.4136111111111114
2015-02-19 00:00:00 UTC,438,-58,224121650,2.3169444444444443
2015-02-19 00:00:00 UTC,438,-59,224121650,0.20805555555555555
2015-02-19 00:00:00 UTC,438,132,247083060,0.20694444444444443
2015-02-19 00:00:00 UTC,438,-85,224093750,1.8775
2015-02-19 00:00:00 UTC,438,-87,224093750,0.46708333333333329
2015-02-19 00:00:00 UTC,438,-86,224093750,1.73625
2015-02-19 00:00:00 UTC,438,133,247051830,0.21513888888888888
2015-02-19 00:00:00 UTC,438,94,247044920,1.6402777777777777
2015-02-19 00:00:00 UTC,438,-81,224015930,10.746249999999998
2015-02-19 00:00:00 UTC,438,-76,225384000,5.046388888888889
2015-02-19 00:00:00 UTC,438,140,247083840,1.60125
2015-02-19 00:00:00 UTC,438,139,247083840,2.5277777777777777
2015-02-19 00:00:00 UTC,438,139,247081540,0.41680555555555554
2015-02-19 00:00:00 UTC,438,138,247081540,3.0613888888888896
2015-02-19 00:00:00 UTC,438,137,247081540,0.83291666666666675
2015-02-19 00:00:00 UTC,438,-85,224047430,2.0008333333333335
2015-02-19 00:00:00 UTC,438,-86,224047430,2.36125
2015-02-19 00:00:00 UTC,438,151,238400840,2.6976388888888887
2015-02-19 00:00:00 UTC,438,-82,224123720,0.42277777777777775
2015-02-19 00:00:00 UTC,438,-76,224123720,0.22236111111111112
2015-02-19 00:00:00 UTC,438,-77,224123720,1.0716666666666668
2015-02-19 00:00:00 UTC,438,101,247131980,0.40305555555555556
2015-02-19 00:00:00 UTC,438,99,247131980,1.6484722222222221
2015-02-19 00:00:00 UTC,438,100,247131980,5.32375
2015-02-19 00:00:00 UTC,438,-55,263407950,1.9095833333333332
2015-02-19 00:00:00 UTC,438,-58,263407950,1.8068055555555556
2015-02-19 00:00:00 UTC,438,-56,263407950,1.0334722222222221
2015-02-19 00:00:00 UTC,438,-57,263407950,6.3234722222222226
2015-02-19 00:00:00 UTC,438,-53,263407950,7.9084722222222226
2015-02-19 00:00:00 UTC,438,99,247063630,1.4224999999999999
2015-02-19 00:00:00 UTC,438,100,247063630,6.9901388888888905
2015-02-19 00:00:00 UTC,438,98,247132750,0.62111111111111117
2015-02-19 00:00:00 UTC,438,97,247132750,3.7080555555555557
2015-02-19 00:00:00 UTC,438,132,247082320,2.123472222222222
2015-02-19 00:00:00 UTC,438,131,247082320,0.41444444444444445
2015-02-19 00:00:00 UTC,438,-85,263474000,0.82180555555555557
2015-02-19 00:00:00 UTC,438,-85,224186960,0.84805555555555556
2015-02-19 00:00:00 UTC,438,-87,224186960,0.24986111111111112
2015-02-19 00:00:00 UTC,438,-83,224186960,0.41888888888888887
2015-02-19 00:00:00 UTC,438,-86,224186960,1.6256944444444443
2015-02-19 00:00:00 UTC,438,-84,224186960,1.2558333333333334
2015-02-19 00:00:00 UTC,438,131,247083860,0.90972222222222232
2015-02-19 00:00:00 UTC,438,-85,224157780,3.3593055555555553
2015-02-19 00:00:00 UTC,438,-86,224157780,1.6920833333333334
2015-02-19 00:00:00 UTC,438,-88,224016730,0.59958333333333336
2015-02-19 00:00:00 UTC,438,133,247084380,2.7811111111111111
2015-02-19 00:00:00 UTC,438,134,247084380,1.2347222222222223
2015-02-19 00:00:00 UTC,438,132,247084380,0.21375
2015-02-19 00:00:00 UTC,438,-75,224171360,7.8545833333333341
2015-02-19 00:00:00 UTC,438,138,247081570,0.4152777777777778
2015-02-19 00:00:00 UTC,438,139,247081570,0.20291666666666666
2015-02-19 00:00:00 UTC,438,-85,224067690,0.20694444444444443
2015-02-19 00:00:00 UTC,438,-87,224067690,0.25013888888888891
2015-02-19 00:00:00 UTC,438,-57,224205420,3.075
2015-02-19 00:00:00 UTC,438,-58,224205420,1.8580555555555556
2015-02-19 00:00:00 UTC,438,-59,224205420,8.5225
2015-02-19 00:00:00 UTC,438,139,247081580,0.43902777777777779
2015-02-19 00:00:00 UTC,438,133,247083630,1.4666666666666666
2015-02-19 00:00:00 UTC,438,134,247083630,0.86361111111111111
2015-02-19 00:00:00 UTC,438,139,247080820,2.2954166666666667
2015-02-19 00:00:00 UTC,438,133,247083380,1.4669444444444442
2015-02-19 00:00:00 UTC,438,138,247081590,0.41652777777777777
2015-02-19 00:00:00 UTC,438,139,247081590,0.9555555555555556
2015-02-19 00:00:00 UTC,438,133,247081340,0.20847222222222223
2015-02-19 00:00:00 UTC,438,134,247083390,0.20555555555555555
2015-02-19 00:00:00 UTC,438,131,247084670,0.59208333333333329
2015-02-19 00:00:00 UTC,438,-23,224081790,1.8168055555555556
2015-02-19 00:00:00 UTC,438,138,247083140,2.291666666666667
2015-02-19 00:00:00 UTC,438,137,247083140,1.4529166666666669
2015-02-19 00:00:00 UTC,438,100,247063430,5.1026388888888894
2015-02-19 00:00:00 UTC,438,98,247030920,0.40888888888888891
2015-02-19 00:00:00 UTC,438,-57,263402890,6.978194444444445
2015-02-19 00:00:00 UTC,438,-58,263402890,3.9063888888888885
2015-02-19 00:00:00 UTC,438,-59,263402890,1.3441666666666665
2015-02-19 00:00:00 UTC,438,-55,263402890,1.9794444444444446
2015-02-19 00:00:00 UTC,438,97,247045770,3.5163888888888892
2015-02-19 00:00:00 UTC,438,98,247045770,0.41597222222222224
2015-02-19 00:00:00 UTC,438,-1250,366804620,6.225
2015-02-19 00:00:00 UTC,438,-1249,366804620,2.7270833333333333
2015-02-19 00:00:00 UTC,438,152,238103440,4.9098611111111108
2015-02-19 00:00:00 UTC,438,138,247083920,9.9630555555555542
2015-02-19 00:00:00 UTC,438,139,247083920,8.7422222222222228
2015-02-19 00:00:00 UTC,438,137,247083920,0.62361111111111112
2015-02-19 00:00:00 UTC,438,133,247083410,0.61944444444444446
2015-02-19 00:00:00 UTC,438,99,247061650,1.8766666666666665
2015-02-19 00:00:00 UTC,438,100,247061650,3.2956944444444449
2015-02-19 00:00:00 UTC,438,-73,224259220,3.8141666666666665
2015-02-19 00:00:00 UTC,438,-74,224259220,2.3730555555555553
2015-02-19 00:00:00 UTC,438,97,247041430,3.2775
2015-02-19 00:00:00 UTC,438,98,247041430,0.6101388888888889
2015-02-19 00:00:00 UTC,438,-522,316111000,0.66597222222222219
2015-02-19 00:00:00 UTC,438,138,247081370,0.84416666666666651
2015-02-19 00:00:00 UTC,438,140,247081370,0.43902777777777779
2015-02-19 00:00:00 UTC,438,139,247081370,1.9448611111111114
2015-02-19 00:00:00 UTC,438,-83,224022170,3.4430555555555551
2015-02-19 00:00:00 UTC,438,-61,224216220,1.23
2015-02-19 00:00:00 UTC,438,-86,224015520,0.41416666666666668
2015-02-19 00:00:00 UTC,438,-85,224015520,0.20416666666666666
2015-02-19 00:00:00 UTC,438,135,247083170,3.0854166666666671
2015-02-19 00:00:00 UTC,438,134,247083170,0.40569444444444447
2015-02-19 00:00:00 UTC,438,-83,224013220,2.9687500000000004
2015-02-19 00:00:00 UTC,438,-76,224128680,1.8570833333333332
2015-02-19 00:00:00 UTC,438,152,238416040,3.8881944444444443
2015-02-19 00:00:00 UTC,438,-17,228137900,1.9890277777777778
2015-02-19 00:00:00 UTC,438,-20,228137900,2.5275
2015-02-19 00:00:00 UTC,438,136,247083180,1.0558333333333334
2015-02-19 00:00:00 UTC,438,138,247083180,0.83625
2015-02-19 00:00:00 UTC,438,137,247083180,2.5184722222222224
2015-02-19 00:00:00 UTC,438,135,247087020,3.5511111111111107
2015-02-19 00:00:00 UTC,438,151,238989740,7.5804166666666664
2015-02-19 00:00:00 UTC,438,134,247083440,1.6776388888888889
2015-02-19 00:00:00 UTC,438,133,247083440,0.21111111111111111
2015-02-19 00:00:00 UTC,438,100,247061680,2.0373611111111112
2015-02-19 00:00:00 UTC,438,99,247061680,2.0491666666666668
2015-02-19 00:00:00 UTC,438,133,247081650,0.84319444444444436
2015-02-19 00:00:00 UTC,438,134,247081650,0.63708333333333333
2015-02-19 00:00:00 UTC,438,133,247088050,0.82125
2015-02-19 00:00:00 UTC,438,134,247088050,0.62875
2015-02-19 00:00:00 UTC,438,-76,224097970,0.57930555555555552
2015-02-19 00:00:00 UTC,438,-58,224025270,1.5352777777777775
2015-02-19 00:00:00 UTC,438,-59,224025270,0.20625
2015-02-19 00:00:00 UTC,438,-57,224025270,0.49152777777777779
2015-02-19 00:00:00 UTC,438,-61,224025270,9.2522222222222226
2015-02-19 00:00:00 UTC,438,138,247080890,1.0530555555555556
2015-02-19 00:00:00 UTC,438,-85,224906170,3.6302777777777782
2015-02-19 00:00:00 UTC,438,-84,224906170,0.65208333333333335
2015-02-19 00:00:00 UTC,438,-86,224906170,5.9981944444444455
2015-02-19 00:00:00 UTC,438,95,247061690,3.9591666666666665
2015-02-19 00:00:00 UTC,438,94,247061690,1.0311111111111111
2015-02-19 00:00:00 UTC,438,-85,224136380,0.20569444444444446
2015-02-19 00:00:00 UTC,438,-86,224136380,1.8334722222222219
2015-02-19 00:00:00 UTC,438,-56,263407550,4.9873611111111114
2015-02-19 00:00:00 UTC,438,-55,263407550,7.4672222222222224
2015-02-19 00:00:00 UTC,438,99,247041470,2.4327777777777775
2015-02-19 00:00:00 UTC,438,100,247041470,3.4774999999999996
2015-02-19 00:00:00 UTC,438,98,247041470,1.0318055555555556
2015-02-19 00:00:00 UTC,438,97,247041470,4.3161111111111117
2015-02-19 00:00:00 UTC,438,135,247083460,3.1836111111111118
2015-02-19 00:00:00 UTC,438,136,247083460,5.6744444444444442
2015-02-19 00:00:00 UTC,438,-85,224906180,4.0869444444444447
2015-02-19 00:00:00 UTC,438,-86,224906180,4.921388888888889
2015-02-19 00:00:00 UTC,438,-84,224906180,1.2658333333333334
2015-02-19 00:00:00 UTC,438,-86,224138950,1.8819444444444442
2015-02-19 00:00:00 UTC,438,-85,224138950,2.7725000000000004
2015-02-19 00:00:00 UTC,438,100,247063240,0.40138888888888891
2015-02-19 00:00:00 UTC,438,-86,224204490,0.20263888888888887
2015-02-19 00:00:00 UTC,438,-84,224204490,2.7927777777777782
2015-02-19 00:00:00 UTC,438,-85,224204490,3.4186111111111117
2015-02-19 00:00:00 UTC,438,138,247081930,8.6063888888888886
2015-02-19 00:00:00 UTC,438,137,247081930,2.941527777777778
2015-02-19 00:00:00 UTC,438,135,247085770,6.6716666666666669
2015-02-19 00:00:00 UTC,438,134,247085770,2.7408333333333332
2015-02-19 00:00:00 UTC,438,133,247085770,1.2818055555555556
2015-02-19 00:00:00 UTC,438,138,247080910,4.3801388888888892
2015-02-19 00:00:00 UTC,438,139,247080910,2.2227777777777775
2015-02-19 00:00:00 UTC,438,134,247083470,5.2173611111111118
2015-02-19 00:00:00 UTC,438,133,247083470,4.2640277777777778
2015-02-19 00:00:00 UTC,438,134,247081680,2.5598611111111116
2015-02-19 00:00:00 UTC,438,133,247081680,0.61527777777777781
2015-02-19 00:00:00 UTC,438,136,247081680,2.6011111111111109
2015-02-19 00:00:00 UTC,438,135,247081680,1.2669444444444444
2015-02-19 00:00:00 UTC,438,138,247081680,0.20416666666666666
2015-02-19 00:00:00 UTC,438,137,247081680,3.0336111111111115
2015-02-19 00:00:00 UTC,438,-82,224354000,0.826388888888889
2015-02-19 00:00:00 UTC,438,-83,224354000,2.2816666666666663
2015-02-19 00:00:00 UTC,438,151,238469840,1.1205555555555555
2015-02-19 00:00:00 UTC,438,100,247063250,3.8679166666666669
2015-02-19 00:00:00 UTC,438,99,247063250,3.0819444444444448
2015-02-19 00:00:00 UTC,438,137,247083220,1.0706944444444444
2015-02-19 00:00:00 UTC,438,138,247083220,1.2416666666666667
2015-02-19 00:00:00 UTC,438,97,247042520,3.705
2015-02-19 00:00:00 UTC,438,98,247042520,0.62013888888888891
2015-02-19 00:00:00 UTC,438,99,247061720,0.81652777777777785
2015-02-19 00:00:00 UTC,438,100,247061720,0.61083333333333334
2015-02-19 00:00:00 UTC,438,133,247081690,0.40819444444444442
2015-02-19 00:00:00 UTC,438,151,238744540,11.39763888888889
2015-02-19 00:00:00 UTC,438,151,238217440,0.8026388888888889
2015-02-19 00:00:00 UTC,438,99,247061730,0.40486111111111112
2015-02-19 00:00:00 UTC,438,100,247061730,0.82666666666666666
2015-02-19 00:00:00 UTC,438,98,247063270,1.6320833333333331
2015-02-19 00:00:00 UTC,438,99,247063270,2.2497222222222222
2015-02-19 00:00:00 UTC,438,100,247063270,5.3241666666666658
2015-02-19 00:00:00 UTC,438,151,238161640,3.8111111111111109
2015-02-19 00:00:00 UTC,438,-85,224204520,3.1543055555555557
2015-02-19 00:00:00 UTC,438,-86,224204520,0.40958333333333335
2015-02-19 00:00:00 UTC,438,-84,224204520,3.0341666666666667
2015-02-19 00:00:00 UTC,438,134,247083240,2.4595833333333337
2015-02-19 00:00:00 UTC,438,135,247083240,1.2750000000000001
2015-02-19 00:00:00 UTC,438,133,247083240,1.8569444444444443
2015-02-19 00:00:00 UTC,438,133,247084520,0.85583333333333333
2015-02-19 00:00:00 UTC,438,-17,227425000,5.2238888888888892
2015-02-19 00:00:00 UTC,438,-53,263414760,3.1833333333333336
2015-02-19 00:00:00 UTC,438,153,238673640,6.3418055555555544
2015-02-19 00:00:00 UTC,438,-87,224065000,0.92541666666666667
2015-02-19 00:00:00 UTC,438,-84,224065000,1.4412500000000001
2015-02-19 00:00:00 UTC,438,-85,224065000,0.84319444444444447
2015-02-19 00:00:00 UTC,438,-86,224065000,0.49986111111111109
2015-02-19 00:00:00 UTC,438,133,247086570,1.5890277777777775
2015-02-19 00:00:00 UTC,438,-87,224019690,4.559444444444444
2015-02-19 00:00:00 UTC,438,-86,224019690,14.560138888888893
2015-02-19 00:00:00 UTC,438,138,247081710,1.8847222222222222
2015-02-19 00:00:00 UTC,438,-86,224181230,3.111388888888889
2015-02-19 00:00:00 UTC,438,-85,224181230,1.4533333333333334
2015-02-19 00:00:00 UTC,438,100,247063280,1.4273611111111111
2015-02-19 00:00:00 UTC,438,99,247063280,0.814861111111111
2015-02-19 00:00:00 UTC,438,140,247081720,9.4191666666666656
2015-02-19 00:00:00 UTC,438,153,238837240,6.5881944444444445
2015-02-19 00:00:00 UTC,438,154,238837240,1.005
2015-02-19 00:00:00 UTC,438,133,247083260,1.4245833333333331
2015-02-19 00:00:00 UTC,438,134,247083260,1.0170833333333333
2015-02-19 00:00:00 UTC,694,159,257834500,1.0984722222222223
2015-02-19 00:00:00 UTC,694,160,257834500,2.3834722222222222
2015-02-19 00:00:00 UTC,694,161,257834500,0.61541666666666672
2015-02-19 00:00:00 UTC,694,162,257147920,0.26277777777777778
2015-02-19 00:00:00 UTC,694,159,257147920,0.42194444444444446
2015-02-19 00:00:00 UTC,694,161,257147920,2.3666666666666671
2015-02-19 00:00:00 UTC,694,160,257147920,1.8469444444444449
2015-02-19 00:00:00 UTC,694,160,257016340,4.3230555555555545
2015-02-19 00:00:00 UTC,694,159,257016340,3.8106944444444446
2015-02-19 00:00:00 UTC,694,162,257016340,3.46625
2015-02-19 00:00:00 UTC,694,161,257016340,2.8647222222222219
2015-02-19 00:00:00 UTC,694,156,257563500,0.92569444444444438
2015-02-19 00:00:00 UTC,694,160,259995000,3.3745833333333337
2015-02-19 00:00:00 UTC,694,159,259995000,3.1301388888888892
2015-02-19 00:00:00 UTC,694,161,259995000,2.295
2015-02-19 00:00:00 UTC,694,162,259995000,0.20847222222222223
2015-02-19 00:00:00 UTC,694,154,259963000,0.21222222222222223
2015-02-19 00:00:00 UTC,694,161,257605500,4.3627777777777768
2015-02-19 00:00:00 UTC,694,162,257605500,0.21944444444444444
2015-02-19 00:00:00 UTC,694,160,257605500,4.0583333333333336
2015-02-19 00:00:00 UTC,694,160,257978500,3.6452777777777778
2015-02-19 00:00:00 UTC,694,159,257978500,2.3370833333333336
2015-02-19 00:00:00 UTC,694,159,257850500,0.8223611111111111
2015-02-19 00:00:00 UTC,694,160,257850500,4.7193055555555548
2015-02-19 00:00:00 UTC,694,161,257850500,3.7509722222222219
2015-02-19 00:00:00 UTC,694,162,257594500,1.9737500000000001
2015-02-19 00:00:00 UTC,694,161,257594500,3.4493055555555556
2015-02-19 00:00:00 UTC,694,163,257594500,1.0629166666666667
2015-02-19 00:00:00 UTC,694,160,257594500,3.6630555555555557
2015-02-19 00:00:00 UTC,694,161,257576600,1.2620833333333334
2015-02-19 00:00:00 UTC,694,160,257576600,3.2280555555555557
2015-02-19 00:00:00 UTC,694,159,257576600,2.9997222222222222
2015-02-19 00:00:00 UTC,694,162,257560500,1.9333333333333331
2015-02-19 00:00:00 UTC,694,161,257560500,4.5219444444444452
2015-02-19 00:00:00 UTC,694,160,257560500,1.0669444444444445
2015-02-19 00:00:00 UTC,694,161,257592500,4.9750000000000005
2015-02-19 00:00:00 UTC,694,162,257592500,0.22347222222222224
2015-02-19 00:00:00 UTC,694,160,257592500,2.3420833333333335
2015-02-19 00:00:00 UTC,694,159,257824500,4.079305555555556
2015-02-19 00:00:00 UTC,694,158,257824500,0.21055555555555555
2015-02-19 00:00:00 UTC,694,160,257824500,3.1986111111111106
2015-02-19 00:00:00 UTC,-330,-987,735058806,6.2573611111111109
2015-02-19 00:00:00 UTC,-330,388,224544160,6.4319444444444445
2015-02-19 00:00:00 UTC,-330,694,263576000,0.83041666666666669
2015-02-19 00:00:00 UTC,-330,692,263576000,0.94472222222222224
2015-02-19 00:00:00 UTC,-330,1524,503714500,0.49569444444444449
2015-02-19 00:00:00 UTC,-74,1790,520243000,2.8880555555555554
2015-02-19 00:00:00 UTC,-74,1669,510056000,1.3831944444444444
2015-02-19 00:00:00 UTC,-74,-1287,432924000,0.25277777777777777
2015-02-19 00:00:00 UTC,-74,-1288,432924000,0.98305555555555557
2015-02-19 00:00:00 UTC,-74,-1143,432856000,3.4193055555555554
2015-02-19 00:00:00 UTC,-74,-1145,432856000,1.1684722222222221
2015-02-19 00:00:00 UTC,-74,-1148,431682000,0.97624999999999984
2015-02-19 00:00:00 UTC,-74,-862,730017000,11.830138888888888
2015-02-19 00:00:00 UTC,-74,-864,730049000,4.0511111111111111
2015-02-19 00:00:00 UTC,183,-1149,367050490,5.1251388888888885
2015-02-19 00:00:00 UTC,183,-1148,367050490,5.53736111111111
2015-02-19 00:00:00 UTC,439,-84,224026880,1.7779166666666668
2015-02-19 00:00:00 UTC,439,-85,224026880,7.675416666666667
2015-02-19 00:00:00 UTC,439,-86,224026880,1.8748611111111109
2015-02-19 00:00:00 UTC,439,-83,224047360,2.2445833333333334
2015-02-19 00:00:00 UTC,439,-82,224047360,6.2037499999999994
2015-02-19 00:00:00 UTC,439,137,247081730,1.5029166666666665
2015-02-19 00:00:00 UTC,439,138,247081730,0.23333333333333334
2015-02-19 00:00:00 UTC,439,140,247081730,3.2643055555555556
2015-02-19 00:00:00 UTC,439,136,247084290,0.85291666666666666
2015-02-19 00:00:00 UTC,439,137,247084290,2.6002777777777779
2015-02-19 00:00:00 UTC,439,138,247084290,1.2419444444444443
2015-02-19 00:00:00 UTC,439,-84,224097540,0.20930555555555555
2015-02-19 00:00:00 UTC,439,-85,224097540,5.44
2015-02-19 00:00:00 UTC,439,-77,224208650,7.8879166666666665
2015-02-19 00:00:00 UTC,439,133,247083530,1.9444444444444444
2015-02-19 00:00:00 UTC,439,138,247081740,1.445972222222222
2015-02-19 00:00:00 UTC,439,139,247081740,0.50583333333333336
2015-02-19 00:00:00 UTC,439,136,247081740,0.81375
2015-02-19 00:00:00 UTC,439,137,247081740,2.1013888888888892
2015-02-19 00:00:00 UTC,439,136,247086860,6.300833333333336
2015-02-19 00:00:00 UTC,439,137,247086860,1.5008333333333335
2015-02-19 00:00:00 UTC,439,140,247083280,9.43611111111111
2015-02-19 00:00:00 UTC,439,-84,224050450,1.6674999999999998
2015-02-19 00:00:00 UTC,439,-85,224050450,9.0987500000000026
2015-02-19 00:00:00 UTC,439,132,247083540,0.66388888888888886
2015-02-19 00:00:00 UTC,439,133,247083540,1.6361111111111111
2015-02-19 00:00:00 UTC,439,134,247083540,0.41208333333333336
2015-02-19 00:00:00 UTC,439,130,247084310,3.9111111111111105
2015-02-19 00:00:00 UTC,439,131,247084310,0.5443055555555556
2015-02-19 00:00:00 UTC,439,-86,224086550,0.9505555555555556
2015-02-19 00:00:00 UTC,439,-87,224086550,5.4844444444444447
2015-02-19 00:00:00 UTC,439,-85,225982487,5.1225000000000005
2015-02-19 00:00:00 UTC,439,-86,225982487,1.0698611111111112
2015-02-19 00:00:00 UTC,439,-87,224011290,4.1019444444444444
2015-02-19 00:00:00 UTC,439,-86,224011290,1.8738888888888887
2015-02-19 00:00:00 UTC,439,133,247083550,1.2901388888888887
2015-02-19 00:00:00 UTC,439,-87,224068650,3.0384722222222225
2015-02-19 00:00:00 UTC,439,-86,224068650,2.9290277777777778
2015-02-19 00:00:00 UTC,439,-84,224181290,2.8118055555555559
2015-02-19 00:00:00 UTC,439,-83,224181290,2.3679166666666664
2015-02-19 00:00:00 UTC,439,-82,224181290,1.7468055555555555
2015-02-19 00:00:00 UTC,439,-85,224181290,2.8176388888888888
2015-02-19 00:00:00 UTC,439,131,247082030,0.20027777777777778
2015-02-19 00:00:00 UTC,439,130,247082030,0.21944444444444444
2015-02-19 00:00:00 UTC,439,-58,224121650,1.9337499999999999
2015-02-19 00:00:00 UTC,439,131,247083060,3.8193055555555557
2015-02-19 00:00:00 UTC,439,-85,224093750,3.6123611111111109
2015-02-19 00:00:00 UTC,439,-86,224093750,0.20875
2015-02-19 00:00:00 UTC,439,132,247051830,1.1800000000000002
2015-02-19 00:00:00 UTC,439,133,247051830,1.8670833333333332
2015-02-19 00:00:00 UTC,439,95,247044920,2.470416666666666
2015-02-19 00:00:00 UTC,439,94,247044920,3.1056944444444445
2015-02-19 00:00:00 UTC,439,140,247081540,2.0461111111111112
2015-02-19 00:00:00 UTC,439,139,247081540,1.894166666666667
2015-02-19 00:00:00 UTC,439,-85,224047430,1.2740277777777778
2015-02-19 00:00:00 UTC,439,-84,224047430,2.4244444444444446
2015-02-19 00:00:00 UTC,439,-77,224123720,1.546111111111111
2015-02-19 00:00:00 UTC,439,-76,224123720,2.9947222222222223
2015-02-19 00:00:00 UTC,439,-81,224123720,1.8269444444444445
2015-02-19 00:00:00 UTC,439,-78,224123720,0.23374999999999999
2015-02-19 00:00:00 UTC,439,-82,224123720,1.283611111111111
2015-02-19 00:00:00 UTC,439,-80,224123720,1.9215277777777779
2015-02-19 00:00:00 UTC,439,100,247131980,1.6583333333333332
2015-02-19 00:00:00 UTC,439,101,247131980,0.20513888888888887
2015-02-19 00:00:00 UTC,439,99,247131980,3.6902777777777782
2015-02-19 00:00:00 UTC,439,-87,224137550,3.6236111111111118
2015-02-19 00:00:00 UTC,439,99,247063630,4.0877777777777773
2015-02-19 00:00:00 UTC,439,149,238882640,7.254999999999999
2015-02-19 00:00:00 UTC,439,130,247082320,0.20555555555555555
2015-02-19 00:00:00 UTC,439,131,247082320,9.8322222222222226
2015-02-19 00:00:00 UTC,439,132,247082320,0.8273611111111111
2015-02-19 00:00:00 UTC,439,-85,263474000,0.625
2015-02-19 00:00:00 UTC,439,-84,263474000,1.643888888888889
2015-02-19 00:00:00 UTC,439,-82,263474000,0.41263888888888889
2015-02-19 00:00:00 UTC,439,-80,263474000,0.9341666666666667
2015-02-19 00:00:00 UTC,439,-81,263474000,1.2013888888888888
2015-02-19 00:00:00 UTC,439,-83,224186960,0.99847222222222221
2015-02-19 00:00:00 UTC,439,-85,224186960,0.99875
2015-02-19 00:00:00 UTC,439,-82,224186960,3.0509722222222222
2015-02-19 00:00:00 UTC,439,-81,224186960,5.4737500000000008
2015-02-19 00:00:00 UTC,439,131,247083860,0.77805555555555561
2015-02-19 00:00:00 UTC,439,-82,224157780,2.8348611111111106
2015-02-19 00:00:00 UTC,439,-84,224157780,2.5669444444444443
2015-02-19 00:00:00 UTC,439,-83,224157780,2.4656944444444444
2015-02-19 00:00:00 UTC,439,-88,224016730,1.2
2015-02-19 00:00:00 UTC,439,132,247084380,2.6809722222222221
2015-02-19 00:00:00 UTC,439,134,247084380,1.7655555555555558
2015-02-19 00:00:00 UTC,439,133,247084380,3.7841666666666671
2015-02-19 00:00:00 UTC,439,135,247084380,2.0886111111111112
2015-02-19 00:00:00 UTC,439,-85,224067690,1.6780555555555554
2015-02-19 00:00:00 UTC,439,-86,224067690,0.62888888888888883
2015-02-19 00:00:00 UTC,439,-87,224067690,3.1986111111111111
2015-02-19 00:00:00 UTC,439,93,247044970,2.5472222222222225
2015-02-19 00:00:00 UTC,439,-85,224057450,3.4390277777777776
2015-02-19 00:00:00 UTC,439,-84,224057450,4.1115277777777779
2015-02-19 00:00:00 UTC,439,-58,224205420,2.4920833333333334
2015-02-19 00:00:00 UTC,439,-59,224205420,2.3302777777777779
2015-02-19 00:00:00 UTC,439,133,247083630,1.9129166666666668
2015-02-19 00:00:00 UTC,439,-84,224032880,1.4522222222222223
2015-02-19 00:00:00 UTC,439,-85,224032880,3.6008333333333331
2015-02-19 00:00:00 UTC,439,133,247083380,2.3526388888888889
2015-02-19 00:00:00 UTC,439,132,247083380,0.61652777777777779
2015-02-19 00:00:00 UTC,439,-87,224052340,3.9484722222222222
2015-02-19 00:00:00 UTC,439,133,247081340,1.0890277777777777
2015-02-19 00:00:00 UTC,439,130,247084670,3.5854166666666663
2015-02-19 00:00:00 UTC,439,-23,224081790,9.7434722222222216
2015-02-19 00:00:00 UTC,439,93,247044990,2.0722222222222224
2015-02-19 00:00:00 UTC,439,139,247083140,5.3913888888888888
2015-02-19 00:00:00 UTC,439,138,247083140,1.899861111111111
2015-02-19 00:00:00 UTC,439,96,247030920,1.03
2015-02-19 00:00:00 UTC,439,98,247030920,1.8794444444444445
2015-02-19 00:00:00 UTC,439,97,247030920,6.4006944444444436
2015-02-19 00:00:00 UTC,439,130,247081610,0.25291666666666668
2015-02-19 00:00:00 UTC,439,131,247081610,0.41527777777777775
2015-02-19 00:00:00 UTC,439,132,247081610,3.336250000000001
2015-02-19 00:00:00 UTC,439,133,247081610,1.0751388888888889
2015-02-19 00:00:00 UTC,439,97,247045770,0.40902777777777777
2015-02-19 00:00:00 UTC,439,-1250,366804620,8.2105555555555565
2015-02-19 00:00:00 UTC,439,-1251,366804620,2.7030555555555558
2015-02-19 00:00:00 UTC,439,132,247083410,0.62944444444444447
2015-02-19 00:00:00 UTC,439,133,247083410,2.2090277777777776
2015-02-19 00:00:00 UTC,439,99,247061650,1.6527777777777777
2015-02-19 00:00:00 UTC,439,98,247061650,0.6125
2015-02-19 00:00:00 UTC,439,-71,224259220,5.927777777777778
2015-02-19 00:00:00 UTC,439,-73,224259220,3.104166666666667
2015-02-19 00:00:00 UTC,439,97,247041430,0.61916666666666664
2015-02-19 00:00:00 UTC,439,-81,224022170,2.2997222222222224
2015-02-19 00:00:00 UTC,439,-83,224022170,0.67069444444444448
2015-02-19 00:00:00 UTC,439,-82,224022170,2.7995833333333335
2015-02-19 00:00:00 UTC,439,-84,224015520,6.44458333333333
2015-02-19 00:00:00 UTC,439,-85,224015520,4.7027777777777775
2015-02-19 00:00:00 UTC,439,133,247083170,0.63597222222222227
2015-02-19 00:00:00 UTC,439,135,247083170,0.83361111111111108
2015-02-19 00:00:00 UTC,439,134,247083170,3.3168055555555562
2015-02-19 00:00:00 UTC,439,-83,224013220,1.0919444444444444
2015-02-19 00:00:00 UTC,439,-81,224013220,1.6504166666666664
2015-02-19 00:00:00 UTC,439,-82,224013220,2.9958333333333331
2015-02-19 00:00:00 UTC,439,130,247083940,2.2970833333333336
2015-02-19 00:00:00 UTC,439,-17,228137900,1.7808333333333333
2015-02-19 00:00:00 UTC,439,138,247083180,6.4063888888888894
2015-02-19 00:00:00 UTC,439,139,247083180,0.63375
2015-02-19 00:00:00 UTC,439,137,247083180,0.22763888888888889
2015-02-19 00:00:00 UTC,439,135,247087020,4.7454166666666655
2015-02-19 00:00:00 UTC,439,134,247087020,2.0833333333333335
2015-02-19 00:00:00 UTC,439,136,247087020,1.7698611111111111
2015-02-19 00:00:00 UTC,439,133,247083440,1.1891666666666667
2015-02-19 00:00:00 UTC,439,99,247061680,1.6415277777777777
2015-02-19 00:00:00 UTC,439,133,247081650,1.9419444444444447
2015-02-19 00:00:00 UTC,439,132,247081650,2.1125
2015-02-19 00:00:00 UTC,439,133,247088050,1.6690277777777778
2015-02-19 00:00:00 UTC,439,132,247088050,1.475
2015-02-19 00:00:00 UTC,439,-76,224097970,0.265
2015-02-19 00:00:00 UTC,439,-84,224012980,3.5093055555555557
2015-02-19 00:00:00 UTC,439,130,247084470,1.8029166666666667
2015-02-19 00:00:00 UTC,439,131,247084470,0.41680555555555554
2015-02-19 00:00:00 UTC,439,130,247083450,3.7304166666666667
2015-02-19 00:00:00 UTC,439,131,247083450,7.8455555555555563
2015-02-19 00:00:00 UTC,439,132,247083450,2.516805555555556
2015-02-19 00:00:00 UTC,439,-85,224906170,2.4956944444444442
2015-02-19 00:00:00 UTC,439,-83,224906170,2.1388888888888888
2015-02-19 00:00:00 UTC,439,-84,224906170,4.1056944444444436
2015-02-19 00:00:00 UTC,439,95,247061690,0.60277777777777786
2015-02-19 00:00:00 UTC,439,94,247061690,0.20416666666666666
2015-02-19 00:00:00 UTC,439,-86,224136380,0.20833333333333331
2015-02-19 00:00:00 UTC,439,-85,224136380,1.235
2015-02-19 00:00:00 UTC,439,98,247041470,0.60972222222222217
2015-02-19 00:00:00 UTC,439,99,247041470,1.8668055555555556
2015-02-19 00:00:00 UTC,439,-85,225917890,0.41291666666666671
2015-02-19 00:00:00 UTC,439,136,247083460,5.8193055555555553
2015-02-19 00:00:00 UTC,439,-84,224906180,4.8119444444444452
2015-02-19 00:00:00 UTC,439,-85,224906180,2.51875
2015-02-19 00:00:00 UTC,439,-83,224906180,2.5275
2015-02-19 00:00:00 UTC,439,-84,224063940,1.4670833333333333
2015-02-19 00:00:00 UTC,439,-85,224063940,1.28875
2015-02-19 00:00:00 UTC,439,-85,224138950,0.42305555555555557
2015-02-19 00:00:00 UTC,439,-83,224138950,2.1431944444444442
2015-02-19 00:00:00 UTC,439,-82,224138950,2.7473611111111107
2015-02-19 00:00:00 UTC,439,-84,224138950,2.5879166666666662
2015-02-19 00:00:00 UTC,439,-82,224204490,0.64236111111111116
2015-02-19 00:00:00 UTC,439,-83,224204490,2.6168055555555552
2015-02-19 00:00:00 UTC,439,-84,224204490,1.0586111111111112
2015-02-19 00:00:00 UTC,439,139,247081930,1.3112499999999998
2015-02-19 00:00:00 UTC,439,140,247081930,6.9302777777777775
2015-02-19 00:00:00 UTC,439,140,247080910,3.4776388888888889
2015-02-19 00:00:00 UTC,439,139,247080910,4.8163888888888886
2015-02-19 00:00:00 UTC,439,135,247083470,0.85513888888888889
2015-02-19 00:00:00 UTC,439,133,247083470,1.8754166666666663
2015-02-19 00:00:00 UTC,439,134,247083470,5.6286111111111108
2015-02-19 00:00:00 UTC,439,-82,224354000,0.63597222222222216
2015-02-19 00:00:00 UTC,439,-81,224354000,3.7611111111111106
2015-02-19 00:00:00 UTC,439,132,247081170,1.3536111111111109
2015-02-19 00:00:00 UTC,439,133,247081170,3.0663888888888886
2015-02-19 00:00:00 UTC,439,131,247081170,1.1655555555555557
2015-02-19 00:00:00 UTC,439,99,247063250,2.6390277777777778
2015-02-19 00:00:00 UTC,439,140,247083220,7.0144444444444449
2015-02-19 00:00:00 UTC,439,138,247083220,1.0609722222222222
2015-02-19 00:00:00 UTC,439,139,247083220,8.923333333333332
2015-02-19 00:00:00 UTC,439,97,247042520,0.20833333333333331
2015-02-19 00:00:00 UTC,439,99,247061720,0.8206944444444445
2015-02-19 00:00:00 UTC,439,132,247081690,1.567361111111111
2015-02-19 00:00:00 UTC,439,133,247081690,1.9555555555555555
2015-02-19 00:00:00 UTC,439,-84,224030940,4.7541666666666655
2015-02-19 00:00:00 UTC,439,-85,224030940,4.3008333333333342
2015-02-19 00:00:00 UTC,439,99,247061730,0.61236111111111113
2015-02-19 00:00:00 UTC,439,99,247063270,1.2281944444444446
2015-02-19 00:00:00 UTC,439,-83,224204520,2.5594444444444449
2015-02-19 00:00:00 UTC,439,-84,224204520,0.62972222222222229
2015-02-19 00:00:00 UTC,439,-82,224204520,1.2706944444444446
2015-02-19 00:00:00 UTC,439,132,247084520,0.20819444444444446
2015-02-19 00:00:00 UTC,439,133,247084520,1.9638888888888888
2015-02-19 00:00:00 UTC,439,-84,224065000,0.8306944444444444
2015-02-19 00:00:00 UTC,439,-86,224065000,1.875
2015-02-19 00:00:00 UTC,439,-77,224081130,9.6545833333333331
2015-02-19 00:00:00 UTC,439,-76,224081130,5.59125
2015-02-19 00:00:00 UTC,439,132,247086570,1.1055555555555556
2015-02-19 00:00:00 UTC,439,134,247086570,0.3875
2015-02-19 00:00:00 UTC,439,133,247086570,2.05875
2015-02-19 00:00:00 UTC,439,-86,224019690,0.69486111111111115
2015-02-19 00:00:00 UTC,439,139,247081710,1.2002777777777778
2015-02-19 00:00:00 UTC,439,136,247081710,0.81944444444444442
2015-02-19 00:00:00 UTC,439,135,247081710,1.4887500000000002
2015-02-19 00:00:00 UTC,439,134,247081710,1.2891666666666666
2015-02-19 00:00:00 UTC,439,133,247081710,0.20680555555555555
2015-02-19 00:00:00 UTC,439,138,247081710,0.8274999999999999
2015-02-19 00:00:00 UTC,439,-84,224181230,3.11625
2015-02-19 00:00:00 UTC,439,-81,224181230,3.7426388888888891
2015-02-19 00:00:00 UTC,439,-82,224181230,2.1
2015-02-19 00:00:00 UTC,439,-83,224181230,2.3070833333333334
2015-02-19 00:00:00 UTC,439,-85,224181230,2.4481944444444443
2015-02-19 00:00:00 UTC,439,-85,224025840,0.20569444444444446
2015-02-19 00:00:00 UTC,439,99,247063280,0.40861111111111115
2015-02-19 00:00:00 UTC,439,131,247084790,2.16375
2015-02-19 00:00:00 UTC,439,140,247081720,8.2055555555555557
2015-02-19 00:00:00 UTC,439,134,247083260,0.20833333333333331
2015-02-19 00:00:00 UTC,439,133,247083260,1.6581944444444445
2015-02-19 00:00:00 UTC,695,172,257150720,3.0083333333333333
2015-02-19 00:00:00 UTC,695,167,257726500,1.8581944444444445
2015-02-19 00:00:00 UTC,695,168,257726500,0.63472222222222219
2015-02-19 00:00:00 UTC,695,172,257125720,4.0176388888888894
2015-02-19 00:00:00 UTC,695,173,257177500,0.48486111111111113
2015-02-19 00:00:00 UTC,695,172,257177500,1.0375
2015-02-19 00:00:00 UTC,-329,694,263576000,0.20791666666666664
2015-02-19 00:00:00 UTC,-329,692,263576000,0.35944444444444446
2015-02-19 00:00:00 UTC,-73,1662,510056000,0.68111111111111111
2015-02-19 00:00:00 UTC,-73,-1289,432924000,2.7259722222222225
2015-02-19 00:00:00 UTC,-73,-1287,432924000,0.61819444444444449
2015-02-19 00:00:00 UTC,-73,-1266,432881000,9.2530555555555551
2015-02-19 00:00:00 UTC,-73,-1146,432856000,0.48722222222222222
2015-02-19 00:00:00 UTC,-73,-1148,431682000,3.3945833333333333
2015-02-19 00:00:00 UTC,-73,-1147,431682000,0.57638888888888884
2015-02-19 00:00:00 UTC,-73,-1321,440503000,6.5759722222222221
2015-02-19 00:00:00 UTC,-73,-1174,412420852,6.0868055555555554
2015-02-19 00:00:00 UTC,440,-82,224026880,1.9768055555555553
2015-02-19 00:00:00 UTC,440,-84,224026880,3.2519444444444447
2015-02-19 00:00:00 UTC,440,-83,224026880,5.0476388888888888
2015-02-19 00:00:00 UTC,440,138,247081730,1.1306944444444444
2015-02-19 00:00:00 UTC,440,141,247081730,3.0972222222222223
2015-02-19 00:00:00 UTC,440,139,247081730,1.7887499999999998
2015-02-19 00:00:00 UTC,440,139,247084290,1.43625
2015-02-19 00:00:00 UTC,440,138,247084290,5.3688888888888888
2015-02-19 00:00:00 UTC,440,140,247084290,0.64180555555555552
2015-02-19 00:00:00 UTC,440,-84,224097540,9.6672222222222235
2015-02-19 00:00:00 UTC,440,-83,224097540,1.2944444444444443
2015-02-19 00:00:00 UTC,440,-85,224097540,5.3148611111111119
2015-02-19 00:00:00 UTC,440,-83,224447240,5.4583333333333321
2015-02-19 00:00:00 UTC,440,-84,224447240,2.3861111111111111
2015-02-19 00:00:00 UTC,440,-85,224447240,3.32625
2015-02-19 00:00:00 UTC,440,140,247081740,4.93
2015-02-19 00:00:00 UTC,440,139,247081740,1.0166666666666666
2015-02-19 00:00:00 UTC,440,137,247081740,4.1079166666666662
2015-02-19 00:00:00 UTC,440,137,247086860,2.8681944444444438
2015-02-19 00:00:00 UTC,440,-16,227315730,0.15013888888888888
2015-02-19 00:00:00 UTC,440,-84,224050450,2.9081944444444443
2015-02-19 00:00:00 UTC,440,-83,224050450,7.3273611111111121
2015-02-19 00:00:00 UTC,440,133,247083540,0.76138888888888889
2015-02-19 00:00:00 UTC,440,132,247084310,1.3894444444444445
2015-02-19 00:00:00 UTC,440,131,247084310,0.77208333333333334
2015-02-19 00:00:00 UTC,440,-83,225982487,0.62013888888888891
2015-02-19 00:00:00 UTC,440,-84,225982487,8.6173611111111121
2015-02-19 00:00:00 UTC,440,-85,225982487,1.8381944444444445
2015-02-19 00:00:00 UTC,440,-83,224011290,2.6440277777777776
2015-02-19 00:00:00 UTC,440,-85,224011290,1.6169444444444445
2015-02-19 00:00:00 UTC,440,-86,224011290,0.22013888888888888
2015-02-19 00:00:00 UTC,440,-84,224011290,2.1144444444444446
2015-02-19 00:00:00 UTC,440,97,247047710,8.9930555555555554
2015-02-19 00:00:00 UTC,440,96,247047710,4.1506944444444454
2015-02-19 00:00:00 UTC,440,-85,224068650,1.5236111111111112
2015-02-19 00:00:00 UTC,440,-84,224068650,1.3625
2015-02-19 00:00:00 UTC,440,-87,224068650,2.9791666666666665
2015-02-19 00:00:00 UTC,440,-83,224068650,0.20680555555555558
2015-02-19 00:00:00 UTC,440,-86,224068650,1.2084722222222222
2015-02-19 00:00:00 UTC,440,131,247082030,2.0608333333333335
2015-02-19 00:00:00 UTC,440,132,247082030,6.6888888888888891
2015-02-19 00:00:00 UTC,440,-21,224218930,12.268055555555556
2015-02-19 00:00:00 UTC,440,130,247083060,1.5162500000000003
2015-02-19 00:00:00 UTC,440,133,247083060,1.2940277777777778
2015-02-19 00:00:00 UTC,440,131,247083060,5.7394444444444455
2015-02-19 00:00:00 UTC,440,132,247083060,1.4968055555555555
2015-02-19 00:00:00 UTC,440,134,247083060,0.21416666666666667
2015-02-19 00:00:00 UTC,440,131,247051830,1.5781944444444445
2015-02-19 00:00:00 UTC,440,132,247051830,1.7691666666666666
2015-02-19 00:00:00 UTC,440,94,247044920,2.6679166666666663
2015-02-19 00:00:00 UTC,440,133,247080770,0.21347222222222223
2015-02-19 00:00:00 UTC,440,132,247080770,1.0420833333333333
2015-02-19 00:00:00 UTC,440,141,247081540,3.7888888888888888
2015-02-19 00:00:00 UTC,440,143,247081540,3.8916666666666666
2015-02-19 00:00:00 UTC,440,142,247081540,1.8693055555555556
2015-02-19 00:00:00 UTC,440,-78,224123720,2.4538888888888888
2015-02-19 00:00:00 UTC,440,130,247082320,5.6525000000000007
2015-02-19 00:00:00 UTC,440,131,247082320,3.01138888888889
2015-02-19 00:00:00 UTC,440,-79,263474000,3.0204166666666667
2015-02-19 00:00:00 UTC,440,-83,263474000,3.1044444444444448
2015-02-19 00:00:00 UTC,440,-84,263474000,1.0965277777777778
2015-02-19 00:00:00 UTC,440,-82,263474000,4.2783333333333333
2015-02-19 00:00:00 UTC,440,132,247083860,3.9279166666666665
2015-02-19 00:00:00 UTC,440,131,247083860,0.80222222222222217
2015-02-19 00:00:00 UTC,440,-83,224067690,0.46638888888888885
2015-02-19 00:00:00 UTC,440,-86,224067690,6.0512499999999978
2015-02-19 00:00:00 UTC,440,-84,224067690,3.4708333333333337
2015-02-19 00:00:00 UTC,440,-85,224067690,2.0241666666666669
2015-02-19 00:00:00 UTC,440,-87,224067690,1.5083333333333333
2015-02-19 00:00:00 UTC,440,93,247044970,5.9455555555555559
2015-02-19 00:00:00 UTC,440,-84,224057450,1.3191666666666666
2015-02-19 00:00:00 UTC,440,-83,224057450,4.7651388888888881
2015-02-19 00:00:00 UTC,440,-83,224032880,1.2834722222222221
2015-02-19 00:00:00 UTC,440,-84,224032880,3.2044444444444444
2015-02-19 00:00:00 UTC,440,-85,224032880,2.1843055555555555
2015-02-19 00:00:00 UTC,440,-82,224032880,5.0606944444444446
2015-02-19 00:00:00 UTC,440,-17,224086130,3.4340277777777777
2015-02-19 00:00:00 UTC,440,133,247083380,0.43888888888888888
2015-02-19 00:00:00 UTC,440,132,247081340,1.0530555555555556
2015-02-19 00:00:00 UTC,440,133,247081340,0.24708333333333332
2015-02-19 00:00:00 UTC,440,129,247084670,0.83861111111111108
2015-02-19 00:00:00 UTC,440,93,247044990,5.1104166666666675
2015-02-19 00:00:00 UTC,440,92,247044990,1.0243055555555558
2015-02-19 00:00:00 UTC,440,139,247083140,0.63875
2015-02-19 00:00:00 UTC,440,140,247083140,4.8723611111111111
2015-02-19 00:00:00 UTC,440,98,247030920,0.20805555555555555
2015-02-19 00:00:00 UTC,440,96,247030920,1.4240277777777779
2015-02-19 00:00:00 UTC,440,134,247081610,1.6448611111111111
2015-02-19 00:00:00 UTC,440,133,247081610,5.5494444444444442
2015-02-19 00:00:00 UTC,440,129,247081610,2.0027777777777778
2015-02-19 00:00:00 UTC,440,132,247081610,2.088888888888889
2015-02-19 00:00:00 UTC,440,130,247081610,0.53347222222222224
2015-02-19 00:00:00 UTC,440,131,247081610,1.9626388888888888
2015-02-19 00:00:00 UTC,440,97,247044750,3.2887500000000003
2015-02-19 00:00:00 UTC,440,96,247044750,4.4443055555555553
2015-02-19 00:00:00 UTC,440,-76,224259220,2.1849999999999996
2015-02-19 00:00:00 UTC,440,-74,224259220,3.0580555555555553
2015-02-19 00:00:00 UTC,440,-75,224259220,2.4790277777777776
2015-02-19 00:00:00 UTC,440,-84,224015520,1.2874999999999999
2015-02-19 00:00:00 UTC,440,-83,224015520,3.2881944444444446
2015-02-19 00:00:00 UTC,440,134,247083170,1.6843055555555555
2015-02-19 00:00:00 UTC,440,133,247083170,1.6194444444444445
2015-02-19 00:00:00 UTC,440,132,247083170,0.7780555555555555
2015-02-19 00:00:00 UTC,440,130,247083940,0.96652777777777776
2015-02-19 00:00:00 UTC,440,-17,228137900,0.48583333333333334
2015-02-19 00:00:00 UTC,440,-16,228137900,1.9577777777777778
2015-02-19 00:00:00 UTC,440,139,247083180,4.8663888888888884
2015-02-19 00:00:00 UTC,440,137,247087020,0.61125
2015-02-19 00:00:00 UTC,440,136,247087020,6.2883333333333331
2015-02-19 00:00:00 UTC,440,135,247087020,1.2001388888888889
2015-02-19 00:00:00 UTC,440,-83,224012980,1.6568055555555556
2015-02-19 00:00:00 UTC,440,-84,224012980,8.4533333333333331
2015-02-19 00:00:00 UTC,440,130,247084470,8.3250000000000011
2015-02-19 00:00:00 UTC,440,132,247084470,2.1359722222222226
2015-02-19 00:00:00 UTC,440,129,247084470,0.43083333333333335
2015-02-19 00:00:00 UTC,440,131,247084470,8.3156944444444445
2015-02-19 00:00:00 UTC,440,130,247083450,4.6904166666666667
2015-02-19 00:00:00 UTC,440,131,247083450,5.1056944444444454
2015-02-19 00:00:00 UTC,440,-83,224906170,2.0202777777777783
2015-02-19 00:00:00 UTC,440,-84,224906170,0.68319444444444444
2015-02-19 00:00:00 UTC,440,135,247081660,0.21777777777777779
2015-02-19 00:00:00 UTC,440,-85,225917890,7.0200000000000005
2015-02-19 00:00:00 UTC,440,-84,225917890,6.7726388888888893
2015-02-19 00:00:00 UTC,440,-83,225917890,5.51111111111111
2015-02-19 00:00:00 UTC,440,-83,224906180,2.3055555555555554
2015-02-19 00:00:00 UTC,440,-85,224063940,2.4244444444444451
2015-02-19 00:00:00 UTC,440,-82,224063940,3.3248611111111108
2015-02-19 00:00:00 UTC,440,-84,224063940,5.4513888888888884
2015-02-19 00:00:00 UTC,440,-83,224063940,5.5983333333333345
2015-02-19 00:00:00 UTC,440,-82,224138950,0.8502777777777778
2015-02-19 00:00:00 UTC,440,-81,224204490,2.5197222222222222
2015-02-19 00:00:00 UTC,440,-82,224204490,3.0612500000000002
2015-02-19 00:00:00 UTC,440,133,247083470,0.7056944444444444
2015-02-19 00:00:00 UTC,440,134,247083470,1.5379166666666666
2015-02-19 00:00:00 UTC,440,-78,224354000,9.0740277777777774
2015-02-19 00:00:00 UTC,440,133,247081170,4.366944444444445
2015-02-19 00:00:00 UTC,440,129,247081170,3.7611111111111111
2015-02-19 00:00:00 UTC,440,130,247081170,5.8559722222222224
2015-02-19 00:00:00 UTC,440,131,247081170,2.0527777777777776
2015-02-19 00:00:00 UTC,440,132,247081170,1.514027777777778
2015-02-19 00:00:00 UTC,440,131,247081690,1.2419444444444445
2015-02-19 00:00:00 UTC,440,132,247081690,1.6555555555555559
2015-02-19 00:00:00 UTC,440,-83,224030940,12.214583333333334
2015-02-19 00:00:00 UTC,440,-22,227436000,0.89069444444444446
2015-02-19 00:00:00 UTC,440,-21,227436000,2.1768055555555552
2015-02-19 00:00:00 UTC,440,-691,367532770,6.8981944444444441
2015-02-19 00:00:00 UTC,440,-81,224204520,3.00625
2015-02-19 00:00:00 UTC,440,-82,224204520,1.3375
2015-02-19 00:00:00 UTC,440,133,247084520,0.76388888888888884
2015-02-19 00:00:00 UTC,440,96,247048680,3.3037499999999995
2015-02-19 00:00:00 UTC,440,133,247086570,0.49124999999999996
2015-02-19 00:00:00 UTC,440,129,247072750,2.6165277777777778
2015-02-19 00:00:00 UTC,440,130,247072750,16.947222222222223
2015-02-19 00:00:00 UTC,440,139,247081710,3.0668055555555558
2015-02-19 00:00:00 UTC,440,136,247081710,1.7290277777777776
2015-02-19 00:00:00 UTC,440,-85,224025840,1.0727777777777781
2015-02-19 00:00:00 UTC,440,-84,224025840,10.901944444444448
2015-02-19 00:00:00 UTC,440,-83,224025840,2.99
2015-02-19 00:00:00 UTC,440,130,247084790,5.92125
2015-02-19 00:00:00 UTC,440,131,247084790,9.9549999999999983
2015-02-19 00:00:00 UTC,440,132,247084790,3.4794444444444443
2015-02-19 00:00:00 UTC,440,1467,273358330,0.86291666666666678
2015-02-19 00:00:00 UTC,440,133,247083260,0.62541666666666673
2015-02-19 00:00:00 UTC,440,-72,224041980,4.5970833333333339
2015-02-19 00:00:00 UTC,696,172,257150720,0.35444444444444445
2015-02-19 00:00:00 UTC,696,163,257460500,1.6655555555555557
2015-02-19 00:00:00 UTC,696,164,257460500,0.21944444444444444
2015-02-19 00:00:00 UTC,696,162,257460500,2.6561111111111115
2015-02-19 00:00:00 UTC,696,166,257458500,8.9559722222222238
2015-02-19 00:00:00 UTC,696,165,257458500,10.951388888888891
2015-02-19 00:00:00 UTC,696,174,257135500,9.60972222222222
2015-02-19 00:00:00 UTC,696,174,257177500,6.3190277777777775
2015-02-19 00:00:00 UTC,696,162,257565600,0.62138888888888888
2015-02-19 00:00:00 UTC,696,163,257565600,4.42125
2015-02-19 00:00:00 UTC,696,165,257565600,0.21152777777777776
2015-02-19 00:00:00 UTC,696,163,258147000,0.64416666666666667
2015-02-19 00:00:00 UTC,696,162,258147000,3.2131944444444449
2015-02-19 00:00:00 UTC,696,161,258147000,0.41666666666666663
2015-02-19 00:00:00 UTC,696,173,257149120,0.56638888888888883
2015-02-19 00:00:00 UTC,696,174,257149120,4.681111111111111
2015-02-19 00:00:00 UTC,696,189,257068740,2.064027777777778
2015-02-19 00:00:00 UTC,696,166,257531600,2.8909722222222221
2015-02-19 00:00:00 UTC,-328,691,263576000,0.79027777777777775
2015-02-19 00:00:00 UTC,-328,692,263576000,0.28472222222222221
2015-02-19 00:00:00 UTC,-72,1786,520243000,0.275
2015-02-19 00:00:00 UTC,-72,1789,520243000,2.8204166666666666
2015-02-19 00:00:00 UTC,-72,1788,520243000,0.6956944444444445
2015-02-19 00:00:00 UTC,-72,-1287,432924000,0.67638888888888882
2015-02-19 00:00:00 UTC,-72,-1129,431802000,3.622638888888889
2015-02-19 00:00:00 UTC,-72,1595,441166000,4.92375
2015-02-19 00:00:00 UTC,-72,-1260,432515000,0.859027777777778
2015-02-19 00:00:00 UTC,-72,-1146,432856000,0.65555555555555556
2015-02-19 00:00:00 UTC,-72,-1147,431682000,0.48749999999999993
2015-02-19 00:00:00 UTC,-72,-1321,440503000,11.656111111111111
2015-02-19 00:00:00 UTC,-72,-1175,412420852,3.3643055555555557
2015-02-19 00:00:00 UTC,185,-1122,345080024,11.848888888888888
2015-02-19 00:00:00 UTC,185,-1123,345080024,2.8858333333333333
2015-02-19 00:00:00 UTC,185,-1659,416004591,11.667222222222222
2015-02-19 00:00:00 UTC,441,140,247084290,4.5751388888888886
2015-02-19 00:00:00 UTC,441,94,247045140,2.3073611111111116
2015-02-19 00:00:00 UTC,441,93,247045140,2.2962499999999997
2015-02-19 00:00:00 UTC,441,-15,224136470,0.48208333333333331
2015-02-19 00:00:00 UTC,441,132,247084310,0.98888888888888882
2015-02-19 00:00:00 UTC,441,131,247084310,3.7744444444444438
2015-02-19 00:00:00 UTC,441,-85,224011290,1.1406944444444445
2015-02-19 00:00:00 UTC,441,-86,224011290,2.5470833333333336
2015-02-19 00:00:00 UTC,441,-84,224011290,0.61222222222222222
2015-02-19 00:00:00 UTC,441,96,247047710,2.0516666666666663
2015-02-19 00:00:00 UTC,441,95,247047710,4.7590277777777787
2015-02-19 00:00:00 UTC,441,1462,273344030,4.2131944444444445
2015-02-19 00:00:00 UTC,441,1463,273344030,1.9069444444444446
2015-02-19 00:00:00 UTC,441,94,247045160,1.4322222222222223
2015-02-19 00:00:00 UTC,441,93,247045160,1.9719444444444445
2015-02-19 00:00:00 UTC,441,-87,224068650,2.395833333333333
2015-02-19 00:00:00 UTC,441,-86,224068650,1.4379166666666667
2015-02-19 00:00:00 UTC,441,-83,224068650,0.42222222222222222
2015-02-19 00:00:00 UTC,441,-85,224068650,1.5291666666666666
2015-02-19 00:00:00 UTC,441,-84,224068650,1.7568055555555557
2015-02-19 00:00:00 UTC,441,131,247082030,3.9784722222222224
2015-02-19 00:00:00 UTC,441,132,247082030,0.28874999999999995
2015-02-19 00:00:00 UTC,441,133,247083060,0.21680555555555556
2015-02-19 00:00:00 UTC,441,134,247083060,3.6247222222222226
2015-02-19 00:00:00 UTC,441,135,247083060,1.2086111111111111
2015-02-19 00:00:00 UTC,441,-15,224103220,0.29194444444444445
2015-02-19 00:00:00 UTC,441,-16,224103220,0.20972222222222223
2015-02-19 00:00:00 UTC,441,-16,227626810,15.66611111111111
2015-02-19 00:00:00 UTC,441,-15,227626810,4.1004166666666668
2015-02-19 00:00:00 UTC,441,94,247045180,2.0619444444444444
2015-02-19 00:00:00 UTC,441,95,247045180,3.3233333333333333
2015-02-19 00:00:00 UTC,441,132,247080770,1.0193055555555557
2015-02-19 00:00:00 UTC,441,131,247080770,3.38875
2015-02-19 00:00:00 UTC,441,-16,227304010,0.25388888888888889
2015-02-19 00:00:00 UTC,441,-15,224064850,2.5504166666666666
2015-02-19 00:00:00 UTC,441,146,238880340,2.9595833333333337
2015-02-19 00:00:00 UTC,441,131,247083860,8.8556944444444454
2015-02-19 00:00:00 UTC,441,-84,224067690,0.2376388888888889
2015-02-19 00:00:00 UTC,441,-85,224067690,1.2429166666666667
2015-02-19 00:00:00 UTC,441,93,247044970,0.75444444444444436
2015-02-19 00:00:00 UTC,441,92,247044970,1.1576388888888887
2015-02-19 00:00:00 UTC,441,-15,224104820,2.46
2015-02-19 00:00:00 UTC,441,94,247044980,0.47805555555555551
2015-02-19 00:00:00 UTC,441,93,247044980,0.95819444444444446
2015-02-19 00:00:00 UTC,441,132,247081340,11.3525
2015-02-19 00:00:00 UTC,441,92,247044990,2.0626388888888889
2015-02-19 00:00:00 UTC,441,93,247041670,1.6436111111111109
2015-02-19 00:00:00 UTC,441,94,247041670,1.2868055555555555
2015-02-19 00:00:00 UTC,441,135,247081610,3.725138888888889
2015-02-19 00:00:00 UTC,441,134,247081610,0.325
2015-02-19 00:00:00 UTC,441,147,238963340,5.4625
2015-02-19 00:00:00 UTC,441,96,247044750,1.9920833333333334
2015-02-19 00:00:00 UTC,441,148,238361240,1.9922222222222223
2015-02-19 00:00:00 UTC,441,1465,273315480,7.9150000000000009
2015-02-19 00:00:00 UTC,441,-15,224074650,2.0558333333333332
2015-02-19 00:00:00 UTC,441,93,247046810,1.3318055555555555
2015-02-19 00:00:00 UTC,441,94,247046810,0.61819444444444449
2015-02-19 00:00:00 UTC,441,133,247083170,1.175138888888889
2015-02-19 00:00:00 UTC,441,134,247083170,7.0444444444444452
2015-02-19 00:00:00 UTC,441,-15,224050850,4.120972222222222
2015-02-19 00:00:00 UTC,441,-17,228137900,0.58916666666666662
2015-02-19 00:00:00 UTC,441,137,247087020,0.75013888888888891
2015-02-19 00:00:00 UTC,441,130,247084470,0.31138888888888888
2015-02-19 00:00:00 UTC,441,132,247084470,0.28902777777777777
2015-02-19 00:00:00 UTC,441,131,247084470,2.0141666666666667
2015-02-19 00:00:00 UTC,441,94,247200190,1.6363888888888887
2015-02-19 00:00:00 UTC,441,93,247200190,1.7472222222222222
2015-02-19 00:00:00 UTC,441,93,247045060,1.6948611111111112
2015-02-19 00:00:00 UTC,441,94,247045060,0.46763888888888883
2015-02-19 00:00:00 UTC,441,-14,228141000,6.0701388888888879
2015-02-19 00:00:00 UTC,441,1464,273869000,7.1643055555555559
2015-02-19 00:00:00 UTC,441,-15,224021460,11.399722222222222
2015-02-19 00:00:00 UTC,441,-15,224460000,0.27208333333333334
2015-02-19 00:00:00 UTC,441,147,238763240,5.4069444444444441
2015-02-19 00:00:00 UTC,441,96,247048680,1.2525
2015-02-19 00:00:00 UTC,441,95,247048680,7.5381944444444446
2015-02-19 00:00:00 UTC,441,137,247081710,3.1570833333333335
2015-02-19 00:00:00 UTC,441,140,247081710,4.9855555555555551
2015-02-19 00:00:00 UTC,441,136,247081710,0.53083333333333327
2015-02-19 00:00:00 UTC,441,-15,224049650,2.0643055555555554
2015-02-19 00:00:00 UTC,441,147,238118140,5.948888888888888
2015-02-19 00:00:00 UTC,697,175,273312270,0.20430555555555555
2015-02-19 00:00:00 UTC,697,165,257460500,1.6852777777777779
2015-02-19 00:00:00 UTC,697,166,257460500,1.3120833333333333
2015-02-19 00:00:00 UTC,697,163,257460500,0.92944444444444441
2015-02-19 00:00:00 UTC,697,164,257460500,1.8191666666666668
2015-02-19 00:00:00 UTC,697,162,257460500,0.21097222222222223
2015-02-19 00:00:00 UTC,697,167,257617500,1.5
2015-02-19 00:00:00 UTC,697,174,251174000,0.42902777777777779
2015-02-19 00:00:00 UTC,697,163,257565600,1.7991666666666668
2015-02-19 00:00:00 UTC,697,164,257565600,2.0369444444444444
2015-02-19 00:00:00 UTC,697,163,258147000,3.5598611111111111
2015-02-19 00:00:00 UTC,697,162,258147000,2.809166666666667
2015-02-19 00:00:00 UTC,697,164,258147000,2.4088888888888893
2015-02-19 00:00:00 UTC,697,165,258147000,2.8393055555555553
2015-02-19 00:00:00 UTC,697,166,257531600,8.5480555555555551
2015-02-19 00:00:00 UTC,-327,691,263576000,1.02625
2015-02-19 00:00:00 UTC,-71,1788,520243000,1.1909722222222225
2015-02-19 00:00:00 UTC,-71,1787,520243000,1.8251388888888886
2015-02-19 00:00:00 UTC,-71,-1287,432924000,0.58166666666666667
2015-02-19 00:00:00 UTC,-71,-1129,431802000,1.297361111111111
2015-02-19 00:00:00 UTC,-71,-1260,432515000,5.0659722222222223
2015-02-19 00:00:00 UTC,-71,-1261,432515000,0.2622222222222223
2015-02-19 00:00:00 UTC,-71,-866,730051000,9.658333333333335
2015-02-19 00:00:00 UTC,-71,-1146,432856000,0.55555555555555558
2015-02-19 00:00:00 UTC,-71,-1147,431682000,0.685
2015-02-19 00:00:00 UTC,-71,-1322,440503000,5.8426388888888887
2015-02-19 00:00:00 UTC,186,-1644,416242800,0.80888888888888888
2015-02-19 00:00:00 UTC,186,-1659,416004591,12.407777777777778
2015-02-19 00:00:00 UTC,442,-15,224104450,3.9916666666666671
2015-02-19 00:00:00 UTC,442,-1246,367428110,1.3405555555555557
2015-02-19 00:00:00 UTC,442,-1245,367428110,3.9175
2015-02-19 00:00:00 UTC,442,-15,224106260,2.5580555555555557
2015-02-19 00:00:00 UTC,442,93,247045140,1.6943055555555555
2015-02-19 00:00:00 UTC,442,91,247045140,1.4851388888888892
2015-02-19 00:00:00 UTC,442,92,247045140,2.7469444444444444
2015-02-19 00:00:00 UTC,442,90,247045160,1.0623611111111111
2015-02-19 00:00:00 UTC,442,92,247045160,2.1986111111111111
2015-02-19 00:00:00 UTC,442,93,247045160,0.63055555555555554
2015-02-19 00:00:00 UTC,442,91,247045160,2.1906944444444445
2015-02-19 00:00:00 UTC,442,90,247044910,2.2190277777777778
2015-02-19 00:00:00 UTC,442,91,247044910,8.1077777777777769
2015-02-19 00:00:00 UTC,442,-15,224103220,1.5041666666666669
2015-02-19 00:00:00 UTC,442,85,247042620,4.15263888888889
2015-02-19 00:00:00 UTC,442,86,247042620,3.7452777777777775
2015-02-19 00:00:00 UTC,442,93,247045180,10.258750000000003
2015-02-19 00:00:00 UTC,442,86,247049280,1.8690277777777777
2015-02-19 00:00:00 UTC,442,87,247049280,0.64083333333333337
2015-02-19 00:00:00 UTC,442,91,247044930,1.4631944444444445
2015-02-19 00:00:00 UTC,442,-15,227304010,8.198888888888888
2015-02-19 00:00:00 UTC,442,146,238880340,1.7744444444444445
2015-02-19 00:00:00 UTC,442,-21,224138330,6.6279166666666667
2015-02-19 00:00:00 UTC,442,128,247071070,3.5654166666666667
2015-02-19 00:00:00 UTC,442,-15,224033380,2.069722222222222
2015-02-19 00:00:00 UTC,442,92,247044970,0.31638888888888889
2015-02-19 00:00:00 UTC,442,87,247204460,0.43486111111111114
2015-02-19 00:00:00 UTC,442,86,247204460,2.7099999999999995
2015-02-19 00:00:00 UTC,442,-15,224046190,3.2551388888888888
2015-02-19 00:00:00 UTC,442,145,238825840,1.9693055555555556
2015-02-19 00:00:00 UTC,442,91,247044980,2.1029166666666663
2015-02-19 00:00:00 UTC,442,93,247044980,1.0730555555555557
2015-02-19 00:00:00 UTC,442,92,247044980,1.8090277777777777
2015-02-19 00:00:00 UTC,442,-16,227355000,0.13305555555555557
2015-02-19 00:00:00 UTC,442,-15,224050560,2.1380555555555558
2015-02-19 00:00:00 UTC,442,146,238116740,5.8930555555555548
2015-02-19 00:00:00 UTC,442,93,247041670,0.69930555555555562
2015-02-19 00:00:00 UTC,442,92,247041670,3.4219444444444447
2015-02-19 00:00:00 UTC,442,91,247041670,3.6336111111111107
2015-02-19 00:00:00 UTC,442,-15,224050570,3.9088888888888889
2015-02-19 00:00:00 UTC,442,1465,273315480,6.0600000000000005
2015-02-19 00:00:00 UTC,442,-15,224074650,1.1718055555555555
2015-02-19 00:00:00 UTC,442,93,247046810,0.61972222222222217
2015-02-19 00:00:00 UTC,442,92,247046810,1.9691666666666667
2015-02-19 00:00:00 UTC,442,91,247046810,1.8670833333333334
2015-02-19 00:00:00 UTC,442,90,247046810,1.6830555555555557
2015-02-19 00:00:00 UTC,442,-15,224050850,2.645833333333333
2015-02-19 00:00:00 UTC,442,-16,228137900,2.7668055555555555
2015-02-19 00:00:00 UTC,442,-17,228137900,2.2801388888888887
2015-02-19 00:00:00 UTC,442,-15,224291000,1.99625
2015-02-19 00:00:00 UTC,442,91,247200190,1.5651388888888889
2015-02-19 00:00:00 UTC,442,93,247200190,1.34125
2015-02-19 00:00:00 UTC,442,92,247200190,1.7616666666666667
2015-02-19 00:00:00 UTC,442,90,247200190,2.8111111111111113
2015-02-19 00:00:00 UTC,442,91,247045060,2.4905555555555559
2015-02-19 00:00:00 UTC,442,93,247045060,0.51680555555555552
2015-02-19 00:00:00 UTC,442,90,247045060,0.92291666666666672
2015-02-19 00:00:00 UTC,442,92,247045060,1.7779166666666666
2015-02-19 00:00:00 UTC,442,-16,228141000,5.8194444444444446
2015-02-19 00:00:00 UTC,442,145,238308040,1.4181944444444445
2015-02-19 00:00:00 UTC,442,144,238770640,4.0484722222222222
2015-02-19 00:00:00 UTC,442,-16,228110800,6.219444444444445
2015-02-19 00:00:00 UTC,442,146,238161640,0.69041666666666668
2015-02-19 00:00:00 UTC,442,-16,227425000,5.6922222222222221
2015-02-19 00:00:00 UTC,442,146,238763240,4.6463888888888878
2015-02-19 00:00:00 UTC,442,127,247070710,7.8347222222222221
2015-02-19 00:00:00 UTC,698,174,273312270,0.45125
2015-02-19 00:00:00 UTC,698,175,273312270,0.43236111111111108
2015-02-19 00:00:00 UTC,698,173,273312270,1.0243055555555556
2015-02-19 00:00:00 UTC,698,399,273445430,7.841388888888889
2015-02-19 00:00:00 UTC,698,167,257617500,1.0134722222222221
2015-02-19 00:00:00 UTC,698,173,251174000,1.5593055555555555
2015-02-19 00:00:00 UTC,698,174,251174000,0.20833333333333334
2015-02-19 00:00:00 UTC,698,166,258553000,0.27083333333333331
2015-02-19 00:00:00 UTC,698,166,259225000,0.22263888888888889
2015-02-19 00:00:00 UTC,-326,690,263576000,1.2731944444444443
2015-02-19 00:00:00 UTC,-326,691,263576000,0.23680555555555555
2015-02-19 00:00:00 UTC,-70,-1289,432924000,2.7644444444444445
2015-02-19 00:00:00 UTC,-70,-1287,432924000,0.6431944444444444
2015-02-19 00:00:00 UTC,-70,-1290,432924000,1.689861111111111
2015-02-19 00:00:00 UTC,-70,-1185,432454000,0.40597222222222218
2015-02-19 00:00:00 UTC,-70,-1129,431802000,1.4427777777777779
2015-02-19 00:00:00 UTC,-70,-1261,432515000,0.55861111111111128
2015-02-19 00:00:00 UTC,-70,-1146,432856000,0.49430555555555555
2015-02-19 00:00:00 UTC,-70,-1143,432856000,1.298888888888889
2015-02-19 00:00:00 UTC,-70,-1142,432856000,3.6343055555555557
2015-02-19 00:00:00 UTC,-70,-1147,431682000,0.51
2015-02-19 00:00:00 UTC,443,-1245,367428110,0.21638888888888891
2015-02-19 00:00:00 UTC,443,89,247044910,2.3193055555555557
2015-02-19 00:00:00 UTC,443,90,247044910,2.7077777777777778
2015-02-19 00:00:00 UTC,443,86,247042620,2.5900000000000003
2015-02-19 00:00:00 UTC,443,85,247042620,0.62263888888888885
2015-02-19 00:00:00 UTC,443,87,247049280,2.2080555555555552
2015-02-19 00:00:00 UTC,443,86,247049280,2.3447222222222224
2015-02-19 00:00:00 UTC,443,85,247049280,1.8655555555555552
2015-02-19 00:00:00 UTC,443,90,247044930,4.6147222222222224
2015-02-19 00:00:00 UTC,443,91,247044930,4.1697222222222221
2015-02-19 00:00:00 UTC,443,-16,228124000,2.6306944444444444
2015-02-19 00:00:00 UTC,443,88,247204460,0.44999999999999996
2015-02-19 00:00:00 UTC,443,85,247204460,1.0380555555555555
2015-02-19 00:00:00 UTC,443,87,247204460,3.4820833333333332
2015-02-19 00:00:00 UTC,443,86,247204460,2.9218055555555558
2015-02-19 00:00:00 UTC,443,-17,228137900,2.3741666666666665
2015-02-19 00:00:00 UTC,443,-15,228110800,11.003611111111109
2015-02-19 00:00:00 UTC,443,-16,228110800,1.9573611111111111
2015-02-19 00:00:00 UTC,443,146,238161640,0.45527777777777778
2015-02-19 00:00:00 UTC,443,148,238116840,2.93125
2015-02-19 00:00:00 UTC,699,392,273445430,1.523611111111111
2015-02-19 00:00:00 UTC,699,389,273445430,3.1456944444444441
2015-02-19 00:00:00 UTC,699,396,273445430,2.3112500000000002
2015-02-19 00:00:00 UTC,699,387,273445430,7.802083333333333
2015-02-19 00:00:00 UTC,699,386,273445430,1.5125000000000002
2015-02-19 00:00:00 UTC,699,397,273445430,1.5291666666666668
2015-02-19 00:00:00 UTC,699,167,257617500,7.1998611111111117
2015-02-19 00:00:00 UTC,699,170,258553000,0.5115277777777778
2015-02-19 00:00:00 UTC,699,169,258553000,2.2615277777777778
2015-02-19 00:00:00 UTC,699,171,258553000,3.1959722222222222
2015-02-19 00:00:00 UTC,699,166,258553000,1.9945833333333334
2015-02-19 00:00:00 UTC,699,167,258553000,4.6431944444444442
2015-02-19 00:00:00 UTC,699,168,258553000,1.0669444444444445
2015-02-19 00:00:00 UTC,699,169,259225000,0.20986111111111111
2015-02-19 00:00:00 UTC,699,168,259225000,1.19
2015-02-19 00:00:00 UTC,699,166,259225000,7.5247222222222225
2015-02-19 00:00:00 UTC,699,167,259225000,5.3176388888888892
2015-02-19 00:00:00 UTC,699,168,259203000,4.4483333333333333
2015-02-19 00:00:00 UTC,699,167,259203000,6.0677777777777768
2015-02-19 00:00:00 UTC,699,169,259203000,6.0034722222222214
2015-02-19 00:00:00 UTC,699,166,259203000,1.6877777777777776
2015-02-19 00:00:00 UTC,699,170,257421500,3.95375
2015-02-19 00:00:00 UTC,699,169,257421500,0.793611111111111
2015-02-19 00:00:00 UTC,699,167,257421500,0.1348611111111111
2015-02-19 00:00:00 UTC,699,166,257421500,2.9469444444444441
2015-02-19 00:00:00 UTC,-325,690,263576000,0.52875
2015-02-19 00:00:00 UTC,-325,689,263576000,3.5033333333333334
2015-02-19 00:00:00 UTC,-69,-1291,432924000,2.4376388888888885
2015-02-19 00:00:00 UTC,-69,-1287,432924000,0.5444444444444444
2015-02-19 00:00:00 UTC,-69,-1185,432454000,1.5983333333333334
2015-02-19 00:00:00 UTC,-69,-827,773000,3.4265277777777774
2015-02-19 00:00:00 UTC,-69,-828,773000,4.7375
2015-02-19 00:00:00 UTC,-69,-1128,431802000,1.19
2015-02-19 00:00:00 UTC,-69,-1261,432515000,0.058333333333333334
2015-02-19 00:00:00 UTC,-69,-1142,432856000,0.3502777777777778
2015-02-19 00:00:00 UTC,-69,-1146,432856000,0.70847222222222217
2015-02-19 00:00:00 UTC,-69,-1143,432856000,0.78027777777777785
2015-02-19 00:00:00 UTC,-69,-1148,431682000,3.6127777777777776
2015-02-19 00:00:00 UTC,-69,-1147,431682000,0.59791666666666676
2015-02-19 00:00:00 UTC,444,-15,224104450,3.7293055555555554
2015-02-19 00:00:00 UTC,444,-15,227315980,9.212361111111111
2015-02-19 00:00:00 UTC,444,-16,228124000,3.7966666666666664
2015-02-19 00:00:00 UTC,444,-16,224291000,0.69972222222222213
2015-02-19 00:00:00 UTC,444,-15,228173000,7.6272222222222235
2015-02-19 00:00:00 UTC,444,-15,228110800,4.4826388888888893
2015-02-19 00:00:00 UTC,444,-13,228101600,0.61416666666666675
2015-02-19 00:00:00 UTC,444,-16,227425000,2.6373611111111113
2015-02-19 00:00:00 UTC,444,-21,227926000,13.924305555555556
2015-02-19 00:00:00 UTC,444,127,247070710,4.5361111111111114
2015-02-19 00:00:00 UTC,700,171,273351680,5.4665277777777774
2015-02-19 00:00:00 UTC,700,169,273355780,0.64416666666666667
2015-02-19 00:00:00 UTC,700,168,273355780,6.2877777777777766
2015-02-19 00:00:00 UTC,700,170,273355780,1.1988888888888889
2015-02-19 00:00:00 UTC,700,172,273355780,3.0823611111111111
2015-02-19 00:00:00 UTC,700,171,273312270,1.0791666666666666
2015-02-19 00:00:00 UTC,700,175,273312270,2.9524999999999997
2015-02-19 00:00:00 UTC,700,169,273312270,2.3476388888888886
2015-02-19 00:00:00 UTC,700,171,273355290,1.4184722222222224
2015-02-19 00:00:00 UTC,700,169,273355290,5.1368055555555561
2015-02-19 00:00:00 UTC,700,173,273355290,3.8626388888888892
2015-02-19 00:00:00 UTC,700,211,257245220,1.5213888888888889
2015-02-19 00:00:00 UTC,700,170,273352230,0.34027777777777779
2015-02-19 00:00:00 UTC,700,169,273352230,3.4734722222222225
2015-02-19 00:00:00 UTC,700,171,273352230,0.46652777777777776
2015-02-19 00:00:00 UTC,700,175,273555500,5.5508333333333333
2015-02-19 00:00:00 UTC,700,168,273311280,2.3723611111111111
2015-02-19 00:00:00 UTC,700,169,273311280,1.9409722222222223
2015-02-19 00:00:00 UTC,700,170,273311280,1.2901388888888889
2015-02-19 00:00:00 UTC,700,171,273311280,2.9618055555555554
2015-02-19 00:00:00 UTC,700,172,273311280,1.8263888888888888
2015-02-19 00:00:00 UTC,700,170,273213500,4.2833333333333332
2015-02-19 00:00:00 UTC,700,169,273213500,1.8433333333333333
2015-02-19 00:00:00 UTC,700,171,273213500,1.5138888888888888
2015-02-19 00:00:00 UTC,700,172,273354820,10.117222222222223
2015-02-19 00:00:00 UTC,700,167,257617500,1.6800000000000002
2015-02-19 00:00:00 UTC,700,169,273323130,0.76569444444444446
2015-02-19 00:00:00 UTC,700,178,257333420,1.5470833333333334
2015-02-19 00:00:00 UTC,700,172,259203000,2.35
2015-02-19 00:00:00 UTC,700,170,263501000,2.6591666666666667
2015-02-19 00:00:00 UTC,700,171,263501000,1.1187500000000001
2015-02-19 00:00:00 UTC,700,171,273212110,8.5808333333333344
2015-02-19 00:00:00 UTC,700,170,273430750,6.9297222222222228
2015-02-19 00:00:00 UTC,700,168,273430750,1.4440277777777777
2015-02-19 00:00:00 UTC,700,169,273430750,1.4943055555555556
2015-02-19 00:00:00 UTC,700,172,273430750,1.04875
2015-02-19 00:00:00 UTC,700,174,273430750,2.0206944444444446
2015-02-19 00:00:00 UTC,700,175,273430750,1.5108333333333333
2015-02-19 00:00:00 UTC,-324,389,224049530,9.67375
2015-02-19 00:00:00 UTC,-68,1706,440821000,0.54458333333333342
2015-02-19 00:00:00 UTC,-68,-1266,431700830,3.754027777777778
2015-02-19 00:00:00 UTC,-68,-1291,432924000,1.5445833333333332
2015-02-19 00:00:00 UTC,-68,-1287,432924000,0.715
2015-02-19 00:00:00 UTC,-68,-1185,432454000,1.7845833333333334
2015-02-19 00:00:00 UTC,-68,-1128,431802000,1.1895833333333332
2015-02-19 00:00:00 UTC,-68,-1143,432856000,1.0454166666666664
2015-02-19 00:00:00 UTC,-68,-1142,432856000,0.14583333333333334
2015-02-19 00:00:00 UTC,-68,-1146,432856000,0.7598611111111111
2015-02-19 00:00:00 UTC,-68,-1147,431682000,0.47250000000000003
2015-02-19 00:00:00 UTC,-68,-1148,431682000,1.1329166666666666
2015-02-19 00:00:00 UTC,-68,-1173,412420851,11.666805555555555
2015-02-19 00:00:00 UTC,189,-164,257559600,3.3362499999999993
2015-02-19 00:00:00 UTC,189,-165,613000000,3.2290277777777776
2015-02-19 00:00:00 UTC,189,-164,613000000,2.134722222222222
2015-02-19 00:00:00 UTC,189,-166,613000000,4.8304166666666664
2015-02-19 00:00:00 UTC,445,140,238258440,10.402777777777779
2015-02-19 00:00:00 UTC,445,333,272413000,1.087361111111111
2015-02-19 00:00:00 UTC,445,-18,250183000,0.21930555555555556
2015-02-19 00:00:00 UTC,445,-16,228124000,1.8197222222222222
2015-02-19 00:00:00 UTC,445,125,247076460,0.95166666666666666
2015-02-19 00:00:00 UTC,445,131,247051410,0.30277777777777781
2015-02-19 00:00:00 UTC,445,-15,228173000,8.9568055555555564
2015-02-19 00:00:00 UTC,445,-16,228173000,6.6295833333333327
2015-02-19 00:00:00 UTC,445,127,247050440,22.414861111111112
2015-02-19 00:00:00 UTC,445,-15,227303130,7.8690277777777782
2015-02-19 00:00:00 UTC,445,-14,227303130,0.88666666666666671
2015-02-19 00:00:00 UTC,445,-13,228101600,2.2711111111111109
2015-02-19 00:00:00 UTC,445,-21,227532000,8.9893055555555552
2015-02-19 00:00:00 UTC,445,128,247073510,2.5193055555555555
2015-02-19 00:00:00 UTC,445,-16,227425000,1.8801388888888886
2015-02-19 00:00:00 UTC,445,127,247076860,10.180138888888889
2015-02-19 00:00:00 UTC,701,172,273351680,3.0651388888888889
2015-02-19 00:00:00 UTC,701,172,273355780,3.0647222222222221
2015-02-19 00:00:00 UTC,701,176,273355290,4.61125
2015-02-19 00:00:00 UTC,701,210,257245220,0.22027777777777777
2015-02-19 00:00:00 UTC,701,211,257245220,4.596388888888888
2015-02-19 00:00:00 UTC,701,175,273352230,3.8719444444444444
2015-02-19 00:00:00 UTC,701,171,273352230,5.2791666666666668
2015-02-19 00:00:00 UTC,701,172,273352230,1.5206944444444446
2015-02-19 00:00:00 UTC,701,174,273352230,8.4904166666666665
2015-02-19 00:00:00 UTC,701,176,273555500,1.5368055555555555
2015-02-19 00:00:00 UTC,701,176,273433400,4.691527777777778
2015-02-19 00:00:00 UTC,701,171,273213500,5.5886111111111108
2015-02-19 00:00:00 UTC,701,173,273213500,2.3
2015-02-19 00:00:00 UTC,701,171,273316960,2.3281944444444447
2015-02-19 00:00:00 UTC,701,173,251174000,1.5526388888888889
2015-02-19 00:00:00 UTC,701,173,263501000,2.71125
2015-02-19 00:00:00 UTC,701,172,263501000,2.775555555555556
2015-02-19 00:00:00 UTC,701,174,263501000,9.3554166666666667
2015-02-19 00:00:00 UTC,701,171,263501000,1.5327777777777778
2015-02-19 00:00:00 UTC,701,174,273212110,1.5708333333333333
2015-02-19 00:00:00 UTC,701,173,273212110,3.06125
2015-02-19 00:00:00 UTC,701,176,273212110,6.2445833333333338
2015-02-19 00:00:00 UTC,701,175,273212110,1.4986111111111111
2015-02-19 00:00:00 UTC,701,174,273421520,2.3208333333333333
2015-02-19 00:00:00 UTC,701,172,273421520,7.8144444444444447
2015-02-19 00:00:00 UTC,701,173,273421520,1.5470833333333334
2015-02-19 00:00:00 UTC,701,171,273430750,2.5420833333333333
2015-02-19 00:00:00 UTC,701,175,273430750,1.53875
2015-02-19 00:00:00 UTC,701,172,273430750,4.6740277777777779
2015-02-19 00:00:00 UTC,701,175,273341920,4.6843055555555555
2015-02-19 00:00:00 UTC,701,177,273341920,2.3137499999999998
2015-02-19 00:00:00 UTC,701,174,273341920,1.5295833333333333
2015-02-19 00:00:00 UTC,701,173,273341920,2.3054166666666664
2015-02-19 00:00:00 UTC,701,172,273341920,4.70125
2015-02-19 00:00:00 UTC,701,173,232555000,2.3184722222222223
2015-02-19 00:00:00 UTC,701,174,232555000,5.434444444444444
2015-02-19 00:00:00 UTC,701,171,232555000,1.5397222222222222
2015-02-19 00:00:00 UTC,-323,517,224288000,5.0209722222222215
2015-02-19 00:00:00 UTC,-323,373,224142870,0.54027777777777786
2015-02-19 00:00:00 UTC,-323,374,224142870,0.8798611111111112
2015-02-19 00:00:00 UTC,-323,642,224233000,4.0598611111111111
2015-02-19 00:00:00 UTC,-67,1706,440821000,0.73458333333333337
2015-02-19 00:00:00 UTC,-67,-1778,440765000,5.8500000000000005
2015-02-19 00:00:00 UTC,-67,-1266,431700830,0.35388888888888892
2015-02-19 00:00:00 UTC,-67,-1287,432924000,1.1190277777777777
2015-02-19 00:00:00 UTC,-67,-1291,432924000,4.089027777777777
2015-02-19 00:00:00 UTC,-67,-1185,432454000,4.0536111111111115
2015-02-19 00:00:00 UTC,-67,-1129,431802000,0.20555555555555555
2015-02-19 00:00:00 UTC,-67,-1128,431802000,3.7656944444444447
2015-02-19 00:00:00 UTC,-67,-1143,432856000,1.3344444444444445
2015-02-19 00:00:00 UTC,-67,-1148,431682000,1.2983333333333333
2015-02-19 00:00:00 UTC,-67,-1228,431701720,0.016666666666666666
2015-02-19 00:00:00 UTC,446,-1241,366838530,0.21027777777777779
2015-02-19 00:00:00 UTC,446,-1243,366838530,0.46375
2015-02-19 00:00:00 UTC,446,-1242,366838530,1.7943055555555556
2015-02-19 00:00:00 UTC,446,128,247051550,4.8429166666666665
2015-02-19 00:00:00 UTC,446,128,247054110,1.7186111111111111
2015-02-19 00:00:00 UTC,446,131,247050790,3.4998611111111115
2015-02-19 00:00:00 UTC,446,128,247054120,1.0473611111111112
2015-02-19 00:00:00 UTC,446,128,247054130,1.0966666666666667
2015-02-19 00:00:00 UTC,446,130,247053620,12.213611111111112
2015-02-19 00:00:00 UTC,446,131,247053620,0.68347222222222226
2015-02-19 00:00:00 UTC,446,129,247080770,12.002638888888889
2015-02-19 00:00:00 UTC,446,334,272413000,3.8102777777777774
2015-02-19 00:00:00 UTC,446,-15,227442000,9.81763888888889
2015-02-19 00:00:00 UTC,446,-18,250183000,0.215
2015-02-19 00:00:00 UTC,446,128,247071070,4.6359722222222217
2015-02-19 00:00:00 UTC,446,129,247071070,5.5794444444444444
2015-02-19 00:00:00 UTC,446,-16,228124000,1.8619444444444442
2015-02-19 00:00:00 UTC,446,125,247076460,1.0486111111111112
2015-02-19 00:00:00 UTC,446,124,247076460,3.45125
2015-02-19 00:00:00 UTC,446,128,247051410,1.8611111111111112
2015-02-19 00:00:00 UTC,446,131,247051410,0.93055555555555558
2015-02-19 00:00:00 UTC,446,129,247070660,0.8775
2015-02-19 00:00:00 UTC,446,124,247072720,1.0001388888888889
2015-02-19 00:00:00 UTC,446,128,247054040,3.9276388888888891
2015-02-19 00:00:00 UTC,446,-21,227532000,8.693888888888889
2015-02-19 00:00:00 UTC,446,-16,227425000,1.8877777777777778
2015-02-19 00:00:00 UTC,446,129,247070710,1.8347222222222221
2015-02-19 00:00:00 UTC,446,131,247145720,8.475138888888889
2015-02-19 00:00:00 UTC,446,125,247076860,1.44875
2015-02-19 00:00:00 UTC,702,171,273351680,9.32611111111111
2015-02-19 00:00:00 UTC,702,172,273351680,4.6479166666666671
2015-02-19 00:00:00 UTC,702,172,273355780,4.6765277777777783
2015-02-19 00:00:00 UTC,702,173,273355780,1.5402777777777779
2015-02-19 00:00:00 UTC,702,172,273355290,5.9588888888888887
2015-02-19 00:00:00 UTC,702,178,273555500,1.5343055555555556
2015-02-19 00:00:00 UTC,702,177,273555500,1.533611111111111
2015-02-19 00:00:00 UTC,702,179,273555500,2.287638888888889
2015-02-19 00:00:00 UTC,702,175,273311280,3.8559722222222224
2015-02-19 00:00:00 UTC,702,172,273311280,2.3026388888888887
2015-02-19 00:00:00 UTC,702,173,273433400,2.3201388888888888
2015-02-19 00:00:00 UTC,702,175,273433400,1.5331944444444443
2015-02-19 00:00:00 UTC,702,171,273316960,1.5213888888888889
2015-02-19 00:00:00 UTC,702,175,273316960,3.1236111111111109
2015-02-19 00:00:00 UTC,702,176,251174000,1.5738888888888889
2015-02-19 00:00:00 UTC,702,171,273811080,6.2138888888888886
2015-02-19 00:00:00 UTC,702,173,273811080,4.7116666666666669
2015-02-19 00:00:00 UTC,702,174,273811080,2.3236111111111111
2015-02-19 00:00:00 UTC,702,347,273435580,0.37124999999999997
2015-02-19 00:00:00 UTC,702,345,273435580,1.1748611111111111
2015-02-19 00:00:00 UTC,702,344,273435580,0.70736111111111111
2015-02-19 00:00:00 UTC,702,346,273435580,0.79708333333333337
2015-02-19 00:00:00 UTC,702,172,263501000,1.5470833333333331
2015-02-19 00:00:00 UTC,702,171,273421520,3.0980555555555553
2015-02-19 00:00:00 UTC,702,172,273341920,1.5341666666666667
2015-02-19 00:00:00 UTC,-322,375,224142870,1.2779166666666668
2015-02-19 00:00:00 UTC,-322,374,224142870,0.36930555555555555
2015-02-19 00:00:00 UTC,-322,639,224233000,2.2527777777777778
2015-02-19 00:00:00 UTC,-322,641,224233000,2.3573611111111115
2015-02-19 00:00:00 UTC,-322,644,224233000,1.1875
2015-02-19 00:00:00 UTC,-322,637,224233000,4.0381944444444446
2015-02-19 00:00:00 UTC,-322,640,224233000,0.079305555555555546
2015-02-19 00:00:00 UTC,-322,642,224233000,0.83027777777777789
2015-02-19 00:00:00 UTC,-322,643,224233000,2.5765277777777778
2015-02-19 00:00:00 UTC,-66,1706,440821000,0.38208333333333339
2015-02-19 00:00:00 UTC,-66,1705,440821000,0.50305555555555559
2015-02-19 00:00:00 UTC,-66,-1755,444080710,3.4762500000000003
2015-02-19 00:00:00 UTC,-66,-1266,431700830,0.63777777777777767
2015-02-19 00:00:00 UTC,-66,-1291,432924000,0.1973611111111111
2015-02-19 00:00:00 UTC,-66,-1185,432454000,3.2491666666666665
2015-02-19 00:00:00 UTC,-66,-1261,432515000,4.5208333333333339
2015-02-19 00:00:00 UTC,-66,-1142,432856000,1.1788888888888889
2015-02-19 00:00:00 UTC,-66,-1146,432856000,9.7894444444444453
2015-02-19 00:00:00 UTC,-66,-1143,432856000,0.098055555555555562
2015-02-19 00:00:00 UTC,-66,-1148,431682000,1.0438888888888891
2015-02-19 00:00:00 UTC,-66,-1147,431682000,0.31638888888888889
2015-02-19 00:00:00 UTC,-66,-1228,431701720,0.52902777777777765
2015-02-19 00:00:00 UTC,447,129,247051550,1.2943055555555554
2015-02-19 00:00:00 UTC,447,128,247054110,0.33875
2015-02-19 00:00:00 UTC,447,132,247120430,2.161111111111111
2015-02-19 00:00:00 UTC,447,131,247053620,1.5055555555555555
2015-02-19 00:00:00 UTC,447,130,247100470,0.60930555555555554
2015-02-19 00:00:00 UTC,447,132,247100470,1.5984722222222223
2015-02-19 00:00:00 UTC,447,130,247050810,1.08625
2015-02-19 00:00:00 UTC,447,128,247053370,2.6333333333333333
2015-02-19 00:00:00 UTC,447,132,247054650,3.7302777777777778
2015-02-19 00:00:00 UTC,447,131,247142730,7.8925
2015-02-19 00:00:00 UTC,447,130,247142730,3.0159722222222225
2015-02-19 00:00:00 UTC,447,-15,227442000,6.6548611111111118
2015-02-19 00:00:00 UTC,447,140,238430040,9.7443055555555524
2015-02-19 00:00:00 UTC,447,128,247054170,1.923888888888889
2015-02-19 00:00:00 UTC,447,129,247071070,4.4209722222222227
2015-02-19 00:00:00 UTC,447,-16,228124000,2.4401388888888889
2015-02-19 00:00:00 UTC,447,124,247076460,17.264444444444447
2015-02-19 00:00:00 UTC,447,125,247076460,2
2015-02-19 00:00:00 UTC,447,126,247074420,3.5002777777777778
2015-02-19 00:00:00 UTC,447,125,247074420,0.275
2015-02-19 00:00:00 UTC,447,124,247074420,3.4995833333333333
2015-02-19 00:00:00 UTC,447,125,247074680,7.5437499999999993
2015-02-19 00:00:00 UTC,447,124,247074680,17.495555555555555
2015-02-19 00:00:00 UTC,447,140,238975610,10.010000000000002
2015-02-19 00:00:00 UTC,447,124,247053950,1.4970833333333333
2015-02-19 00:00:00 UTC,447,-16,228101000,2.0926388888888887
2015-02-19 00:00:00 UTC,447,130,247050640,7.7334722222222227
2015-02-19 00:00:00 UTC,447,129,247050640,0.4720833333333333
2015-02-19 00:00:00 UTC,447,134,247051920,1.6616666666666666
2015-02-19 00:00:00 UTC,447,129,247070880,6.4390277777777776
2015-02-19 00:00:00 UTC,447,130,247070880,0.42805555555555552
2015-02-19 00:00:00 UTC,447,131,247052710,4.0501388888888892
2015-02-19 00:00:00 UTC,447,-17,228222900,12.065416666666668
2015-02-19 00:00:00 UTC,447,125,247050940,8.0093055555555566
2015-02-19 00:00:00 UTC,447,124,247050940,3.0461111111111112
2015-02-19 00:00:00 UTC,447,129,247071940,8.81388888888889
2015-02-19 00:00:00 UTC,447,129,247070660,1.8390277777777779
2015-02-19 00:00:00 UTC,447,132,247051720,1.2283333333333333
2015-02-19 00:00:00 UTC,447,124,247072720,5.0001388888888885
2015-02-19 00:00:00 UTC,447,125,247072720,1
2015-02-19 00:00:00 UTC,447,123,247072720,0.50013888888888891
2015-02-19 00:00:00 UTC,447,128,247073510,3.5111111111111111
2015-02-19 00:00:00 UTC,447,-16,227425000,2.119305555555556
2015-02-19 00:00:00 UTC,447,124,247050740,6.350138888888889
2015-02-19 00:00:00 UTC,447,125,247050740,3.0586111111111114
2015-02-19 00:00:00 UTC,447,130,247070710,0.20597222222222222
2015-02-19 00:00:00 UTC,447,129,247070710,6.22625
2015-02-19 00:00:00 UTC,447,131,247145720,0.22513888888888889
2015-02-19 00:00:00 UTC,447,132,247145720,2.9858333333333338
2015-02-19 00:00:00 UTC,447,130,247145720,2.666666666666667
2015-02-19 00:00:00 UTC,703,172,273355780,1.5277777777777777
2015-02-19 00:00:00 UTC,703,179,273352230,2.3083333333333336
2015-02-19 00:00:00 UTC,703,172,273311280,2.3297222222222222
2015-02-19 00:00:00 UTC,703,172,273354820,6.1568055555555556
2015-02-19 00:00:00 UTC,703,172,273316960,6.2231944444444443
2015-02-19 00:00:00 UTC,703,174,251174000,1.5181944444444444
2015-02-19 00:00:00 UTC,703,173,251174000,1.5315277777777778
2015-02-19 00:00:00 UTC,703,344,273435580,1.4441666666666666
2015-02-19 00:00:00 UTC,703,172,273212110,2.3233333333333333
2015-02-19 00:00:00 UTC,703,172,273421520,3.0454166666666667
2015-02-19 00:00:00 UTC,703,172,273341920,1.5466666666666666
2015-02-19 00:00:00 UTC,-321,377,224142870,0.6975
2015-02-19 00:00:00 UTC,-321,376,224142870,1.0262499999999999
2015-02-19 00:00:00 UTC,-321,644,224233000,1.0173611111111112
2015-02-19 00:00:00 UTC,-321,645,224233000,1.8531944444444441
2015-02-19 00:00:00 UTC,-321,643,224233000,0.077916666666666662
2015-02-19 00:00:00 UTC,-321,691,263576000,4.0402777777777779
2015-02-19 00:00:00 UTC,-65,-1124,431797000,3.2827777777777776
2015-02-19 00:00:00 UTC,-65,-1266,431700830,0.62069444444444444
2015-02-19 00:00:00 UTC,-65,-1261,432515000,0.95416666666666672
2015-02-19 00:00:00 UTC,-65,-1143,432856000,2.1861111111111113
2015-02-19 00:00:00 UTC,-65,-1142,432856000,0.69069444444444439
2015-02-19 00:00:00 UTC,-65,-1148,431682000,1.120555555555556
2015-02-19 00:00:00 UTC,-65,-1229,431701720,5.7523611111111119
2015-02-19 00:00:00 UTC,-65,-1228,431701720,1.0918055555555555
2015-02-19 00:00:00 UTC,448,-15,227424000,0.3626388888888889
2015-02-19 00:00:00 UTC,448,133,247050760,2.8195833333333331
2015-02-19 00:00:00 UTC,448,132,247052570,3.7213888888888889
2015-02-19 00:00:00 UTC,448,132,247120430,8.0775
2015-02-19 00:00:00 UTC,448,131,247120430,0.66138888888888892
2015-02-19 00:00:00 UTC,448,130,247053620,1.0611111111111111
2015-02-19 00:00:00 UTC,448,131,247053620,1.2933333333333334
2015-02-19 00:00:00 UTC,448,132,247100470,2.1780555555555554
2015-02-19 00:00:00 UTC,448,130,247100470,7.6537500000000005
2015-02-19 00:00:00 UTC,448,129,247100470,0.22152777777777777
2015-02-19 00:00:00 UTC,448,131,247100470,2.9601388888888884
2015-02-19 00:00:00 UTC,448,-15,228211000,0.99916666666666665
2015-02-19 00:00:00 UTC,448,130,247050810,3.3529166666666663
2015-02-19 00:00:00 UTC,448,126,247053370,0.7780555555555555
2015-02-19 00:00:00 UTC,448,132,247054650,6.846111111111111
2015-02-19 00:00:00 UTC,448,131,247071040,9.2423611111111121
2015-02-19 00:00:00 UTC,448,130,247142730,2.4834722222222223
2015-02-19 00:00:00 UTC,448,131,247142730,4.3718055555555555
2015-02-19 00:00:00 UTC,448,132,238990410,1.8336111111111113
2015-02-19 00:00:00 UTC,448,-15,228036700,13.445000000000002
2015-02-19 00:00:00 UTC,448,129,247071070,0.6375
2015-02-19 00:00:00 UTC,448,130,247071070,1.4958333333333331
2015-02-19 00:00:00 UTC,448,-561,361000800,5.8938888888888892
2015-02-19 00:00:00 UTC,448,-562,361000800,7.377361111111111
2015-02-19 00:00:00 UTC,448,-560,361000800,0.22874999999999998
2015-02-19 00:00:00 UTC,448,-16,228124000,2.8018055555555552
2015-02-19 00:00:00 UTC,448,126,247074670,1.341388888888889
2015-02-19 00:00:00 UTC,448,-14,228390000,2.9993055555555559
2015-02-19 00:00:00 UTC,448,125,247053950,1.1405555555555555
2015-02-19 00:00:00 UTC,448,-16,228101000,1.4902777777777778
2015-02-19 00:00:00 UTC,448,132,247051920,2.3081944444444447
2015-02-19 00:00:00 UTC,448,133,247051920,1.5370833333333331
2015-02-19 00:00:00 UTC,448,128,247071890,2.0333333333333332
2015-02-19 00:00:00 UTC,448,130,247071890,3.0543055555555556
2015-02-19 00:00:00 UTC,448,130,247070880,1.2218055555555556
2015-02-19 00:00:00 UTC,448,127,247051940,1.5
2015-02-19 00:00:00 UTC,448,131,247052710,1.3501388888888888
2015-02-19 00:00:00 UTC,448,-15,227897000,2.6208333333333336
2015-02-19 00:00:00 UTC,448,-16,227897000,19.690138888888892
2015-02-19 00:00:00 UTC,448,125,247050940,7.5761111111111115
2015-02-19 00:00:00 UTC,448,130,247050430,6.7512500000000006
2015-02-19 00:00:00 UTC,448,132,238998210,4.0552777777777775
2015-02-19 00:00:00 UTC,448,128,247070660,1.0877777777777777
2015-02-19 00:00:00 UTC,448,129,247070660,1.1319444444444446
2015-02-19 00:00:00 UTC,448,131,247051720,0.39444444444444443
2015-02-19 00:00:00 UTC,448,132,247051720,3.1873611111111115
2015-02-19 00:00:00 UTC,448,-22,227532000,4.3352777777777778
2015-02-19 00:00:00 UTC,448,-16,227425000,1.9095833333333332
2015-02-19 00:00:00 UTC,448,130,247070710,1.4813888888888889
2015-02-19 00:00:00 UTC,448,131,247145720,1.0334722222222221
2015-02-19 00:00:00 UTC,448,130,247145720,0.42374999999999996
2015-02-19 00:00:00 UTC,704,179,273355780,1.5518055555555557
2015-02-19 00:00:00 UTC,704,172,273355780,1.5083333333333333
2015-02-19 00:00:00 UTC,704,173,273355290,2.3019444444444446
2015-02-19 00:00:00 UTC,704,172,273311280,2.2870833333333334
2015-02-19 00:00:00 UTC,704,171,273433400,3.0638888888888887
2015-02-19 00:00:00 UTC,704,172,273433400,4.6959722222222222
2015-02-19 00:00:00 UTC,704,172,273354820,1.5563888888888888
2015-02-19 00:00:00 UTC,704,172,273316960,7.7458333333333336
2015-02-19 00:00:00 UTC,704,174,251174000,1.56375
2015-02-19 00:00:00 UTC,704,175,273811080,2.3120833333333333
2015-02-19 00:00:00 UTC,704,172,273341920,1.5430555555555556
2015-02-19 00:00:00 UTC,-320,514,224288000,1.9652777777777777
2015-02-19 00:00:00 UTC,-320,377,224142870,3.3569444444444443
2015-02-19 00:00:00 UTC,-320,385,224049530,5.677777777777778
2015-02-19 00:00:00 UTC,-64,-1124,431797000,0.40180555555555553
2015-02-19 00:00:00 UTC,-64,-1266,431700830,0.55
2015-02-19 00:00:00 UTC,-64,-1287,432924000,2.2393055555555552
2015-02-19 00:00:00 UTC,-64,-1261,432515000,1.5880555555555558
2015-02-19 00:00:00 UTC,-64,-1148,431682000,4.1944444444444446
2015-02-19 00:00:00 UTC,449,-15,227424000,23.538888888888891
2015-02-19 00:00:00 UTC,449,132,247050760,2.9845833333333331
2015-02-19 00:00:00 UTC,449,132,247051790,9.1711111111111112
2015-02-19 00:00:00 UTC,449,133,247051790,4.2472222222222218
2015-02-19 00:00:00 UTC,449,131,247051790,4.3465277777777782
2015-02-19 00:00:00 UTC,449,131,247052570,4.3031944444444443
2015-02-19 00:00:00 UTC,449,131,247120430,2.3994444444444447
2015-02-19 00:00:00 UTC,449,130,247120430,0.84236111111111112
2015-02-19 00:00:00 UTC,449,130,247053620,0.85319444444444437
2015-02-19 00:00:00 UTC,449,131,247053620,0.43444444444444441
2015-02-19 00:00:00 UTC,449,132,247100470,0.88791666666666669
2015-02-19 00:00:00 UTC,449,133,247100470,0.67236111111111108
2015-02-19 00:00:00 UTC,449,127,247100470,0.64861111111111114
2015-02-19 00:00:00 UTC,449,-15,228211000,8.67666666666667
2015-02-19 00:00:00 UTC,449,131,247050810,3.5475000000000008
2015-02-19 00:00:00 UTC,449,132,247050810,1.8877777777777776
2015-02-19 00:00:00 UTC,449,130,247050810,4.2136111111111108
2015-02-19 00:00:00 UTC,449,131,247054650,1.730833333333333
2015-02-19 00:00:00 UTC,449,132,247054650,1.5984722222222221
2015-02-19 00:00:00 UTC,449,131,247071040,1.3420833333333335
2015-02-19 00:00:00 UTC,449,130,247071040,0.74944444444444447
2015-02-19 00:00:00 UTC,449,131,247142730,2.1463888888888887
2015-02-19 00:00:00 UTC,449,130,247142730,0.82361111111111107
2015-02-19 00:00:00 UTC,449,131,238990410,7.3754166666666663
2015-02-19 00:00:00 UTC,449,132,238990410,8.5291666666666668
2015-02-19 00:00:00 UTC,449,127,247074670,1.4152777777777776
2015-02-19 00:00:00 UTC,449,126,247074670,5.677777777777778
2015-02-19 00:00:00 UTC,449,-14,228390000,11.908055555555556
2015-02-19 00:00:00 UTC,449,131,247050620,9.8544444444444466
2015-02-19 00:00:00 UTC,449,-17,228101000,11.386527777777777
2015-02-19 00:00:00 UTC,449,130,247051920,1.6123611111111111
2015-02-19 00:00:00 UTC,449,128,247071890,1.408611111111111
2015-02-19 00:00:00 UTC,449,131,247052440,3.8541666666666665
2015-02-19 00:00:00 UTC,449,-553,316004000,1.2327777777777778
2015-02-19 00:00:00 UTC,449,126,247051940,1.4373611111111111
2015-02-19 00:00:00 UTC,449,127,247051940,3.2040277777777781
2015-02-19 00:00:00 UTC,449,131,247052710,0.65138888888888891
2015-02-19 00:00:00 UTC,449,127,247052710,1.2372222222222222
2015-02-19 00:00:00 UTC,449,130,247052710,1.5459722222222223
2015-02-19 00:00:00 UTC,449,-16,227897000,6.9652777777777786
2015-02-19 00:00:00 UTC,449,127,247050160,2.2701388888888889
2015-02-19 00:00:00 UTC,449,130,247050430,4.8540277777777785
2015-02-19 00:00:00 UTC,449,132,247050180,7.0858333333333334
2015-02-19 00:00:00 UTC,449,132,247051720,3.536944444444444
2015-02-19 00:00:00 UTC,449,133,247051720,4.9183333333333321
2015-02-19 00:00:00 UTC,449,-16,227425000,3.5791666666666666
2015-02-19 00:00:00 UTC,449,127,247145720,1.0347222222222223
2015-02-19 00:00:00 UTC,449,130,247145720,0.21375
2015-02-19 00:00:00 UTC,449,132,247051770,1.3544444444444443
2015-02-19 00:00:00 UTC,449,133,247051770,4.4393055555555554
2015-02-19 00:00:00 UTC,449,131,247051770,6.021527777777778
2015-02-19 00:00:00 UTC,705,219,257549600,12.766250000000001
2015-02-19 00:00:00 UTC,705,188,273555500,2.3234722222222222
2015-02-19 00:00:00 UTC,705,171,273433400,4.6361111111111111
2015-02-19 00:00:00 UTC,705,176,251174000,1.55125
2015-02-19 00:00:00 UTC,705,178,251174000,1.536111111111111
2015-02-19 00:00:00 UTC,705,221,257566600,0.22930555555555557
2015-02-19 00:00:00 UTC,705,222,257566600,0.89333333333333342
2015-02-19 00:00:00 UTC,705,377,273370020,0.15305555555555556
2015-02-19 00:00:00 UTC,705,218,257077440,0.3601388888888889
2015-02-19 00:00:00 UTC,705,217,257077440,2.3638888888888889
2015-02-19 00:00:00 UTC,705,217,257004510,1.56125
2015-02-19 00:00:00 UTC,705,207,257089000,1.8480555555555556
2015-02-19 00:00:00 UTC,705,218,257460720,0.71625
2015-02-19 00:00:00 UTC,705,217,257460720,0.90319444444444441
2015-02-19 00:00:00 UTC,-319,514,224288000,0.39361111111111113
2015-02-19 00:00:00 UTC,-319,382,224049530,5.2401388888888887
2015-02-19 00:00:00 UTC,-63,1706,440821000,2.4459722222222222
2015-02-19 00:00:00 UTC,-63,-1124,431797000,0.40138888888888885
2015-02-19 00:00:00 UTC,-63,-1266,431700830,1.1291666666666669
2015-02-19 00:00:00 UTC,-63,-1268,432881000,4.1318055555555553
2015-02-19 00:00:00 UTC,-63,-1184,432454000,3.583333333333333
2015-02-19 00:00:00 UTC,-63,-1261,432515000,1.5905555555555555
2015-02-19 00:00:00 UTC,-63,-1228,431701720,3.2668055555555555
2015-02-19 00:00:00 UTC,-63,-1613,416002545,12.375277777777779
2015-02-19 00:00:00 UTC,-63,-1614,416002545,5.8525
2015-02-19 00:00:00 UTC,-63,-1621,416002545,5.8883333333333336
2015-02-19 00:00:00 UTC,450,132,247050760,1.0944444444444446
2015-02-19 00:00:00 UTC,450,131,247051790,2.6641666666666666
2015-02-19 00:00:00 UTC,450,132,247051790,0.42638888888888893
2015-02-19 00:00:00 UTC,450,126,247052560,1.1011111111111109
2015-02-19 00:00:00 UTC,450,127,247052560,0.23888888888888887
2015-02-19 00:00:00 UTC,450,130,247052570,0.65527777777777774
2015-02-19 00:00:00 UTC,450,131,247052570,3.1093055555555553
2015-02-19 00:00:00 UTC,450,131,247120430,0.87861111111111112
2015-02-19 00:00:00 UTC,450,126,247100470,0.63055555555555554
2015-02-19 00:00:00 UTC,450,127,247100470,1.1729166666666666
2015-02-19 00:00:00 UTC,450,131,247050810,0.65013888888888882
2015-02-19 00:00:00 UTC,450,126,247050810,1.7725
2015-02-19 00:00:00 UTC,450,127,247050810,3.0933333333333337
2015-02-19 00:00:00 UTC,450,128,247050810,0.98166666666666669
2015-02-19 00:00:00 UTC,450,129,247050810,0.65972222222222221
2015-02-19 00:00:00 UTC,450,132,247050810,1.4713888888888886
2015-02-19 00:00:00 UTC,450,131,247054650,1.5554166666666664
2015-02-19 00:00:00 UTC,450,130,247054650,1.2444444444444445
2015-02-19 00:00:00 UTC,450,125,247071040,0.84166666666666656
2015-02-19 00:00:00 UTC,450,-1245,367408970,1.22875
2015-02-19 00:00:00 UTC,450,-1246,367408970,1.395
2015-02-19 00:00:00 UTC,450,131,238990410,5.0856944444444441
2015-02-19 00:00:00 UTC,450,132,238990410,1.3166666666666667
2015-02-19 00:00:00 UTC,450,127,247077970,5.5069444444444446
2015-02-19 00:00:00 UTC,450,128,247077970,4.6698611111111115
2015-02-19 00:00:00 UTC,450,130,247053910,1.4611111111111112
2015-02-19 00:00:00 UTC,450,128,247053910,0.3527777777777778
2015-02-19 00:00:00 UTC,450,127,247053910,2.0973611111111112
2015-02-19 00:00:00 UTC,450,128,247054440,2.2831944444444443
2015-02-19 00:00:00 UTC,450,127,247054440,7.2294444444444448
2015-02-19 00:00:00 UTC,450,128,247074670,0.40722222222222226
2015-02-19 00:00:00 UTC,450,127,247074670,7.4247222222222229
2015-02-19 00:00:00 UTC,450,126,247074670,2.6080555555555556
2015-02-19 00:00:00 UTC,450,130,247050620,0.76180555555555551
2015-02-19 00:00:00 UTC,450,129,247050620,1.4280555555555556
2015-02-19 00:00:00 UTC,450,131,247050620,6.7395833333333348
2015-02-19 00:00:00 UTC,450,132,247030160,3.7177777777777776
2015-02-19 00:00:00 UTC,450,128,247071890,0.20944444444444443
2015-02-19 00:00:00 UTC,450,131,247052440,10.766805555555553
2015-02-19 00:00:00 UTC,450,130,247052440,1.3026388888888891
2015-02-19 00:00:00 UTC,450,127,247053720,1.9919444444444445
2015-02-19 00:00:00 UTC,450,128,247053720,0.20277777777777778
2015-02-19 00:00:00 UTC,450,125,247053720,0.38902777777777781
2015-02-19 00:00:00 UTC,450,126,247053720,3.7426388888888891
2015-02-19 00:00:00 UTC,450,135,238592410,11.413333333333338
2015-02-19 00:00:00 UTC,450,-552,316004000,3.6679166666666667
2015-02-19 00:00:00 UTC,450,-554,316004000,4.1061111111111108
2015-02-19 00:00:00 UTC,450,-553,316004000,6.6748611111111114
2015-02-19 00:00:00 UTC,450,126,247051940,1.6365277777777778
2015-02-19 00:00:00 UTC,450,124,247051940,0.41666666666666669
2015-02-19 00:00:00 UTC,450,129,247051940,2.141805555555556
2015-02-19 00:00:00 UTC,450,128,247051940,0.62916666666666665
2015-02-19 00:00:00 UTC,450,127,247051940,2.6997222222222224
2015-02-19 00:00:00 UTC,450,126,247052710,0.63208333333333333
2015-02-19 00:00:00 UTC,450,143,238958248,5.5026388888888889
2015-02-19 00:00:00 UTC,450,126,247050160,3.2079166666666663
2015-02-19 00:00:00 UTC,450,127,247050160,8.3613888888888876
2015-02-19 00:00:00 UTC,450,125,247050160,2.1984722222222222
2015-02-19 00:00:00 UTC,450,128,247050160,1.2630555555555554
2015-02-19 00:00:00 UTC,450,131,247055540,1.0958333333333332
2015-02-19 00:00:00 UTC,450,127,247051450,5.1220833333333342
2015-02-19 00:00:00 UTC,450,126,247051450,0.22361111111111112
2015-02-19 00:00:00 UTC,450,129,247051450,1.4583333333333333
2015-02-19 00:00:00 UTC,450,128,247051450,3.1515277777777775
2015-02-19 00:00:00 UTC,450,127,247050430,0.7616666666666666
2015-02-19 00:00:00 UTC,450,128,247050430,2.7998611111111114
2015-02-19 00:00:00 UTC,450,126,247050430,0.52333333333333332
2015-02-19 00:00:00 UTC,450,132,247050180,0.83472222222222214
2015-02-19 00:00:00 UTC,450,132,247051720,2.1406944444444447
2015-02-19 00:00:00 UTC,450,133,247051720,0.85097222222222224
2015-02-19 00:00:00 UTC,450,131,247051470,4.2745833333333332
2015-02-19 00:00:00 UTC,450,143,238316240,1.9147222222222222
2015-02-19 00:00:00 UTC,450,130,247050450,2.2973611111111114
2015-02-19 00:00:00 UTC,450,131,247050450,4.1473611111111115
2015-02-19 00:00:00 UTC,450,129,247051220,0.59208333333333329
2015-02-19 00:00:00 UTC,450,127,247051220,5.3511111111111118
2015-02-19 00:00:00 UTC,450,128,247051220,3.5841666666666674
2015-02-19 00:00:00 UTC,450,129,247051230,0.97486111111111107
2015-02-19 00:00:00 UTC,450,128,247051230,4.771805555555555
2015-02-19 00:00:00 UTC,450,127,247051230,3.755694444444444
2015-02-19 00:00:00 UTC,450,126,247121120,0.21402777777777779
2015-02-19 00:00:00 UTC,450,127,247121120,0.64625
2015-02-19 00:00:00 UTC,450,132,247050990,0.96444444444444455
2015-02-19 00:00:00 UTC,450,131,247050990,2.225
2015-02-19 00:00:00 UTC,450,131,247050480,0.36388888888888887
2015-02-19 00:00:00 UTC,450,134,238308340,9.45375
2015-02-19 00:00:00 UTC,450,135,238308340,0.6530555555555555
2015-02-19 00:00:00 UTC,450,131,247051770,1.5465277777777779
2015-02-19 00:00:00 UTC,450,132,247051770,3.4777777777777774
2015-02-19 00:00:00 UTC,706,306,257570600,3.835
2015-02-19 00:00:00 UTC,706,307,257570600,1.536111111111111
2015-02-19 00:00:00 UTC,706,179,257555500,4.5984722222222221
2015-02-19 00:00:00 UTC,706,178,257555500,6.961666666666666
2015-02-19 00:00:00 UTC,706,171,273433400,2.3319444444444448
2015-02-19 00:00:00 UTC,706,207,259309000,1.58875
2015-02-19 00:00:00 UTC,706,209,259309000,1.5306944444444444
2015-02-19 00:00:00 UTC,706,206,259309000,1.5490277777777779
2015-02-19 00:00:00 UTC,706,205,259309000,1.5380555555555555
2015-02-19 00:00:00 UTC,706,207,257089000,8.4401388888888889
2015-02-19 00:00:00 UTC,706,206,257089000,2.0222222222222221
2015-02-19 00:00:00 UTC,-318,382,224049530,1.0056944444444444
2015-02-19 00:00:00 UTC,-62,1705,440821000,0.7319444444444444
2015-02-19 00:00:00 UTC,-62,1706,440821000,1.0026388888888889
2015-02-19 00:00:00 UTC,-62,-1124,431797000,0.515
2015-02-19 00:00:00 UTC,-62,-1126,431797000,3.6494444444444447
2015-02-19 00:00:00 UTC,-62,1577,416500000,2.950277777777778
2015-02-19 00:00:00 UTC,-62,-1266,431700830,2.6833333333333336
2015-02-19 00:00:00 UTC,-62,-1184,432454000,1.8969444444444445
2015-02-19 00:00:00 UTC,-62,-1261,432515000,3.5581944444444447
2015-02-19 00:00:00 UTC,-62,-1262,432515000,0.32930555555555552
2015-02-19 00:00:00 UTC,-62,-1229,431701720,3.1793055555555552
2015-02-19 00:00:00 UTC,-62,-1621,416002545,6.5583333333333327
2015-02-19 00:00:00 UTC,451,132,247050760,3.8198611111111114
2015-02-19 00:00:00 UTC,451,131,247050760,6.8215277777777779
2015-02-19 00:00:00 UTC,451,128,247050760,0.64041666666666663
2015-02-19 00:00:00 UTC,451,130,247050760,0.70847222222222217
2015-02-19 00:00:00 UTC,451,129,247050760,0.84569444444444442
2015-02-19 00:00:00 UTC,451,124,247052560,3.3583333333333343
2015-02-19 00:00:00 UTC,451,127,247052560,5.5922222222222215
2015-02-19 00:00:00 UTC,451,126,247052560,0.86777777777777776
2015-02-19 00:00:00 UTC,451,125,247052560,1.6656944444444444
2015-02-19 00:00:00 UTC,451,131,247052570,10.357777777777779
2015-02-19 00:00:00 UTC,451,130,247052570,1.0683333333333334
2015-02-19 00:00:00 UTC,451,145,238990110,12.304444444444442
2015-02-19 00:00:00 UTC,451,144,238622240,5.6336111111111116
2015-02-19 00:00:00 UTC,451,130,247073060,4.1766666666666676
2015-02-19 00:00:00 UTC,451,128,247073060,2.2408333333333332
2015-02-19 00:00:00 UTC,451,127,247073060,1.6469444444444448
2015-02-19 00:00:00 UTC,451,129,247073060,1.7675
2015-02-19 00:00:00 UTC,451,126,247073060,0.4309722222222222
2015-02-19 00:00:00 UTC,451,144,238743340,3.0999999999999996
2015-02-19 00:00:00 UTC,451,131,247120430,3.0597222222222222
2015-02-19 00:00:00 UTC,451,126,247100470,0.20500000000000002
2015-02-19 00:00:00 UTC,451,-15,228211000,4.0554166666666669
2015-02-19 00:00:00 UTC,451,132,247050810,0.4752777777777778
2015-02-19 00:00:00 UTC,451,130,247054650,1.1677777777777778
2015-02-19 00:00:00 UTC,451,128,247054650,1.9284722222222221
2015-02-19 00:00:00 UTC,451,129,247054650,2.0901388888888892
2015-02-19 00:00:00 UTC,451,127,247054650,1.0844444444444445
2015-02-19 00:00:00 UTC,451,124,247071040,0.40625
2015-02-19 00:00:00 UTC,451,-1246,367408970,4.7297222222222226
2015-02-19 00:00:00 UTC,451,1376,273358420,18.009583333333335
2015-02-19 00:00:00 UTC,451,131,247053910,4.1111111111111116
2015-02-19 00:00:00 UTC,451,129,247053910,1.3595833333333334
2015-02-19 00:00:00 UTC,451,128,247053910,1.7709722222222224
2015-02-19 00:00:00 UTC,451,131,247053160,4.8972222222222213
2015-02-19 00:00:00 UTC,451,130,247050110,4.0545833333333334
2015-02-19 00:00:00 UTC,451,128,247050110,0.42125
2015-02-19 00:00:00 UTC,451,129,247050110,2.1366666666666663
2015-02-19 00:00:00 UTC,451,131,247050110,2.8170833333333332
2015-02-19 00:00:00 UTC,451,128,247050630,0.89416666666666667
2015-02-19 00:00:00 UTC,451,131,247050630,7.0684722222222218
2015-02-19 00:00:00 UTC,451,126,247050630,0.43444444444444447
2015-02-19 00:00:00 UTC,451,130,247050630,0.8525
2015-02-19 00:00:00 UTC,451,127,247050630,0.95430555555555541
2015-02-19 00:00:00 UTC,451,132,247050630,7.1566666666666663
2015-02-19 00:00:00 UTC,451,129,247050630,0.7794444444444445
2015-02-19 00:00:00 UTC,451,128,247051910,1.8499999999999999
2015-02-19 00:00:00 UTC,451,127,247051910,0.63055555555555554
2015-02-19 00:00:00 UTC,451,127,247053710,2.0002777777777778
2015-02-19 00:00:00 UTC,451,125,247053710,1.3806944444444444
2015-02-19 00:00:00 UTC,451,126,247053710,4.2202777777777776
2015-02-19 00:00:00 UTC,451,132,247030160,12.883055555555558
2015-02-19 00:00:00 UTC,451,131,247052440,7.5212499999999993
2015-02-19 00:00:00 UTC,451,127,247053720,7.5545833333333334
2015-02-19 00:00:00 UTC,451,125,247053720,2.1720833333333331
2015-02-19 00:00:00 UTC,451,128,247053720,0.75375
2015-02-19 00:00:00 UTC,451,126,247053720,5.9793055555555554
2015-02-19 00:00:00 UTC,451,144,238406040,7.749305555555555
2015-02-19 00:00:00 UTC,451,135,238592410,6.5925
2015-02-19 00:00:00 UTC,451,132,247051680,3.1154166666666669
2015-02-19 00:00:00 UTC,451,-552,316004000,12.143333333333334
2015-02-19 00:00:00 UTC,451,128,247051940,0.58763888888888893
2015-02-19 00:00:00 UTC,451,124,247051940,1.663888888888889
2015-02-19 00:00:00 UTC,451,143,238958248,0.22263888888888889
2015-02-19 00:00:00 UTC,451,144,238958248,3.2499999999999996
2015-02-19 00:00:00 UTC,451,128,247050160,0.42861111111111111
2015-02-19 00:00:00 UTC,451,125,247050160,0.20805555555555555
2015-02-19 00:00:00 UTC,451,124,247050160,2.0538888888888889
2015-02-19 00:00:00 UTC,451,131,247055540,6.4683333333333337
2015-02-19 00:00:00 UTC,451,127,247055540,1.8362499999999997
2015-02-19 00:00:00 UTC,451,128,247055540,2.047361111111111
2015-02-19 00:00:00 UTC,451,129,247055540,2.29125
2015-02-19 00:00:00 UTC,451,130,247055540,1.9401388888888889
2015-02-19 00:00:00 UTC,451,128,247054010,0.5
2015-02-19 00:00:00 UTC,451,129,247054010,0.22319444444444445
2015-02-19 00:00:00 UTC,451,130,247054010,2.486388888888889
2015-02-19 00:00:00 UTC,451,124,247050430,1.1019444444444444
2015-02-19 00:00:00 UTC,451,126,247050430,0.8455555555555555
2015-02-19 00:00:00 UTC,451,125,247050430,1.8179166666666666
2015-02-19 00:00:00 UTC,451,132,247050180,1.274861111111111
2015-02-19 00:00:00 UTC,451,129,247051720,0.75305555555555559
2015-02-19 00:00:00 UTC,451,132,247051720,0.62916666666666665
2015-02-19 00:00:00 UTC,451,131,247051980,2.9484722222222226
2015-02-19 00:00:00 UTC,451,131,247051470,11.60097222222222
2015-02-19 00:00:00 UTC,451,130,247051470,3.6390277777777778
2015-02-19 00:00:00 UTC,451,129,247050450,1.2976388888888888
2015-02-19 00:00:00 UTC,451,130,247050450,3.5886111111111112
2015-02-19 00:00:00 UTC,451,131,247050450,5.6463888888888887
2015-02-19 00:00:00 UTC,451,126,247051730,5.9661111111111111
2015-02-19 00:00:00 UTC,451,125,247051730,3.4763888888888892
2015-02-19 00:00:00 UTC,451,131,247051730,3.2773611111111114
2015-02-19 00:00:00 UTC,451,127,247051730,2.3447222222222219
2015-02-19 00:00:00 UTC,451,128,247074260,1.9901388888888887
2015-02-19 00:00:00 UTC,451,130,247074260,1.2793055555555557
2015-02-19 00:00:00 UTC,451,131,247074260,4.1468055555555559
2015-02-19 00:00:00 UTC,451,129,247074260,1.7306944444444443
2015-02-19 00:00:00 UTC,451,144,238192340,7.2747222222222234
2015-02-19 00:00:00 UTC,451,145,238192340,4.61125
2015-02-19 00:00:00 UTC,451,128,247051220,0.22902777777777777
2015-02-19 00:00:00 UTC,451,127,247051220,0.49958333333333332
2015-02-19 00:00:00 UTC,451,124,247055830,5.5973611111111108
2015-02-19 00:00:00 UTC,451,131,247051740,4.6305555555555555
2015-02-19 00:00:00 UTC,451,129,247051230,0.78347222222222213
2015-02-19 00:00:00 UTC,451,127,247121120,2.0343055555555556
2015-02-19 00:00:00 UTC,451,126,247121120,3.1872222222222231
2015-02-19 00:00:00 UTC,451,124,247121120,0.44458333333333333
2015-02-19 00:00:00 UTC,451,125,247121120,2.3497222222222223
2015-02-19 00:00:00 UTC,451,144,238010340,11.910694444444443
2015-02-19 00:00:00 UTC,451,128,247050220,0.89708333333333323
2015-02-19 00:00:00 UTC,451,131,247050990,5.507777777777779
2015-02-19 00:00:00 UTC,451,134,238195440,9.7820833333333326
2015-02-19 00:00:00 UTC,451,135,238195440,2.3056944444444447
2015-02-19 00:00:00 UTC,451,130,247050480,4.1847222222222227
2015-02-19 00:00:00 UTC,451,128,247053040,2.9818055555555554
2015-02-19 00:00:00 UTC,451,129,247053040,0.24986111111111112
2015-02-19 00:00:00 UTC,451,131,247053040,3.211527777777778
2015-02-19 00:00:00 UTC,451,130,247053040,1.8830555555555553
2015-02-19 00:00:00 UTC,451,131,247052530,0.43180555555555555
2015-02-19 00:00:00 UTC,451,130,247052530,0.42652777777777778
2015-02-19 00:00:00 UTC,451,134,238308340,1.4726388888888888
2015-02-19 00:00:00 UTC,451,135,238308340,0.2113888888888889
2015-02-19 00:00:00 UTC,451,131,247051770,1.0769444444444445
2015-02-19 00:00:00 UTC,451,132,247051770,0.89916666666666667
2015-02-19 00:00:00 UTC,707,179,257555500,0.73222222222222222
2015-02-19 00:00:00 UTC,707,301,257131320,0.4415277777777778
2015-02-19 00:00:00 UTC,707,300,257131320,2.36625
2015-02-19 00:00:00 UTC,707,299,257131320,0.68319444444444444
2015-02-19 00:00:00 UTC,707,219,257400900,0.27902777777777776
2015-02-19 00:00:00 UTC,707,300,257180800,1.3140277777777778
2015-02-19 00:00:00 UTC,707,299,257180800,2.5306944444444444
2015-02-19 00:00:00 UTC,707,298,257180800,0.21694444444444444
2015-02-19 00:00:00 UTC,707,217,257138820,0.49194444444444446
2015-02-19 00:00:00 UTC,707,221,257566600,0.40166666666666667
2015-02-19 00:00:00 UTC,707,202,259309000,1.5350000000000001
2015-02-19 00:00:00 UTC,707,205,259309000,1.5231944444444445
2015-02-19 00:00:00 UTC,707,203,259309000,1.5426388888888889
2015-02-19 00:00:00 UTC,707,298,257313740,1.4943055555555556
2015-02-19 00:00:00 UTC,707,297,257313740,0.56597222222222221
2015-02-19 00:00:00 UTC,-317,381,224049530,3.2445833333333334
2015-02-19 00:00:00 UTC,-317,-72,224267000,0.17680555555555558
2015-02-19 00:00:00 UTC,-317,-73,224267000,0.17833333333333334
2015-02-19 00:00:00 UTC,-61,1705,440821000,1.754027777777778
2015-02-19 00:00:00 UTC,-61,-1126,431797000,1.9977777777777779
2015-02-19 00:00:00 UTC,-61,-1124,431797000,0.68041666666666667
2015-02-19 00:00:00 UTC,-61,-1112,431701040,0.84166666666666656
2015-02-19 00:00:00 UTC,-61,-1184,432454000,2.1143055555555552
2015-02-19 00:00:00 UTC,-61,-1112,432346000,1.4272222222222219
2015-02-19 00:00:00 UTC,-61,1724,416002195,10.080833333333334
2015-02-19 00:00:00 UTC,196,-171,257559600,4.3791666666666664
2015-02-19 00:00:00 UTC,196,-171,613000000,4.6183333333333341
2015-02-19 00:00:00 UTC,196,-170,613000000,0.40819444444444442
2015-02-19 00:00:00 UTC,452,123,247053060,6.9579166666666659
2015-02-19 00:00:00 UTC,452,124,247053060,3.7748611111111123
2015-02-19 00:00:00 UTC,452,132,238536710,14.993749999999999
2015-02-19 00:00:00 UTC,452,144,238988810,0.20833333333333331
2015-02-19 00:00:00 UTC,452,143,238988810,1.8820833333333333
2015-02-19 00:00:00 UTC,452,123,247052560,0.20819444444444446
2015-02-19 00:00:00 UTC,452,124,247052560,0.62138888888888888
2015-02-19 00:00:00 UTC,452,130,247051030,0.85513888888888889
2015-02-19 00:00:00 UTC,452,131,247051030,3.55625
2015-02-19 00:00:00 UTC,452,124,247050520,0.40847222222222224
2015-02-19 00:00:00 UTC,452,127,247050520,0.763888888888889
2015-02-19 00:00:00 UTC,452,126,247050520,2.3124999999999996
2015-02-19 00:00:00 UTC,452,125,247050520,0.83833333333333337
2015-02-19 00:00:00 UTC,452,131,247052570,0.20430555555555557
2015-02-19 00:00:00 UTC,452,144,238622240,3.6808333333333332
2015-02-19 00:00:00 UTC,452,127,247073060,1.9455555555555555
2015-02-19 00:00:00 UTC,452,129,247073060,1.9450000000000003
2015-02-19 00:00:00 UTC,452,128,247073060,1.7540277777777777
2015-02-19 00:00:00 UTC,452,130,247073060,1.7693055555555559
2015-02-19 00:00:00 UTC,452,145,238939940,11.722222222222223
2015-02-19 00:00:00 UTC,452,144,238743340,4.2536111111111117
2015-02-19 00:00:00 UTC,452,128,247120430,0.21527777777777779
2015-02-19 00:00:00 UTC,452,129,247120430,1.4915277777777778
2015-02-19 00:00:00 UTC,452,131,247120430,2.1518055555555553
2015-02-19 00:00:00 UTC,452,130,247120430,2.1679166666666667
2015-02-19 00:00:00 UTC,452,131,247051080,0.85138888888888875
2015-02-19 00:00:00 UTC,452,130,247051080,0.85152777777777777
2015-02-19 00:00:00 UTC,452,126,247053160,0.25861111111111112
2015-02-19 00:00:00 UTC,452,131,247053160,5.6069444444444443
2015-02-19 00:00:00 UTC,452,127,247053160,4.4956944444444442
2015-02-19 00:00:00 UTC,452,132,247050630,4.8248611111111108
2015-02-19 00:00:00 UTC,452,130,247051910,0.83361111111111108
2015-02-19 00:00:00 UTC,452,129,247051910,1.0497222222222222
2015-02-19 00:00:00 UTC,452,127,247051910,1.0263888888888888
2015-02-19 00:00:00 UTC,452,125,247051910,0.84305555555555556
2015-02-19 00:00:00 UTC,452,126,247051910,2.16375
2015-02-19 00:00:00 UTC,452,128,247051910,1.2448611111111112
2015-02-19 00:00:00 UTC,452,124,247052680,0.4168055555555556
2015-02-19 00:00:00 UTC,452,125,247052680,0.2122222222222222
2015-02-19 00:00:00 UTC,452,126,247052680,1.8980555555555558
2015-02-19 00:00:00 UTC,452,127,247052680,1.7401388888888887
2015-02-19 00:00:00 UTC,452,129,247051150,5.7793055555555544
2015-02-19 00:00:00 UTC,452,130,247051150,3.4452777777777777
2015-02-19 00:00:00 UTC,452,126,247053710,4.2294444444444439
2015-02-19 00:00:00 UTC,452,125,247053710,5.5770833333333334
2015-02-19 00:00:00 UTC,452,124,247053710,0.8255555555555556
2015-02-19 00:00:00 UTC,452,124,247071120,0.90041666666666664
2015-02-19 00:00:00 UTC,452,123,247071120,0.40833333333333333
2015-02-19 00:00:00 UTC,452,132,247030160,5.2004166666666656
2015-02-19 00:00:00 UTC,452,123,247054480,3.1900000000000004
2015-02-19 00:00:00 UTC,452,133,238316440,2.1334722222222222
2015-02-19 00:00:00 UTC,452,134,238316440,1.2858333333333334
2015-02-19 00:00:00 UTC,452,131,247052440,0.44263888888888886
2015-02-19 00:00:00 UTC,452,127,247053720,0.41652777777777777
2015-02-19 00:00:00 UTC,452,132,247051680,8.18777777777778
2015-02-19 00:00:00 UTC,452,131,247051680,0.637361111111111
2015-02-19 00:00:00 UTC,452,132,247030180,0.21402777777777776
2015-02-19 00:00:00 UTC,452,144,238390440,8.75763888888889
2015-02-19 00:00:00 UTC,452,128,247055540,0.22069444444444444
2015-02-19 00:00:00 UTC,452,130,247055540,1.7002777777777778
2015-02-19 00:00:00 UTC,452,129,247055540,1.908333333333333
2015-02-19 00:00:00 UTC,452,131,247055540,4.0790277777777781
2015-02-19 00:00:00 UTC,452,127,247055540,0.20277777777777778
2015-02-19 00:00:00 UTC,452,127,247051190,2.1501388888888888
2015-02-19 00:00:00 UTC,452,131,247054010,3.1493055555555554
2015-02-19 00:00:00 UTC,452,128,247054010,2.2383333333333333
2015-02-19 00:00:00 UTC,452,130,247054010,8.8229166666666679
2015-02-19 00:00:00 UTC,452,129,247054010,6.0851388888888867
2015-02-19 00:00:00 UTC,452,132,247050180,1.0476388888888888
2015-02-19 00:00:00 UTC,452,127,247051210,2.5469444444444442
2015-02-19 00:00:00 UTC,452,128,247051210,2.1765277777777778
2015-02-19 00:00:00 UTC,452,129,247051210,1.076111111111111
2015-02-19 00:00:00 UTC,452,131,247051980,14.347500000000004
2015-02-19 00:00:00 UTC,452,131,247051470,4.4140277777777781
2015-02-19 00:00:00 UTC,452,129,247050450,0.4458333333333333
2015-02-19 00:00:00 UTC,452,130,247050450,0.20819444444444446
2015-02-19 00:00:00 UTC,452,128,247050450,1.552777777777778
2015-02-19 00:00:00 UTC,452,131,247051730,3.2918055555555554
2015-02-19 00:00:00 UTC,452,145,238621140,5.7570833333333331
2015-02-19 00:00:00 UTC,452,123,247053530,0.20555555555555555
2015-02-19 00:00:00 UTC,452,131,247051740,2.8304166666666668
2015-02-19 00:00:00 UTC,452,130,247051740,7.9252777777777776
2015-02-19 00:00:00 UTC,452,144,238403040,6.4011111111111116
2015-02-19 00:00:00 UTC,452,124,247121120,1.6974999999999998
2015-02-19 00:00:00 UTC,452,145,238914540,6.5558333333333323
2015-02-19 00:00:00 UTC,452,126,247050220,2.8320833333333328
2015-02-19 00:00:00 UTC,452,129,247050220,1.2681944444444444
2015-02-19 00:00:00 UTC,452,128,247050220,1.9904166666666667
2015-02-19 00:00:00 UTC,452,125,247050220,0.63013888888888892
2015-02-19 00:00:00 UTC,452,130,247050220,1.1913888888888888
2015-02-19 00:00:00 UTC,452,127,247050220,0.84569444444444453
2015-02-19 00:00:00 UTC,452,131,247050990,1.2169444444444444
2015-02-19 00:00:00 UTC,452,135,238195440,0.20694444444444443
2015-02-19 00:00:00 UTC,452,127,247050480,1.8845833333333333
2015-02-19 00:00:00 UTC,452,129,247050480,4.8654166666666665
2015-02-19 00:00:00 UTC,452,128,247050480,1.9773611111111113
2015-02-19 00:00:00 UTC,452,130,247050480,3.9738888888888888
2015-02-19 00:00:00 UTC,452,126,247050480,1.5293055555555555
2015-02-19 00:00:00 UTC,452,129,247053040,8.0720833333333317
2015-02-19 00:00:00 UTC,452,130,247053040,2.1955555555555555
2015-02-19 00:00:00 UTC,452,131,247053040,4.5415277777777785
2015-02-19 00:00:00 UTC,452,128,247053040,0.86180555555555571
2015-02-19 00:00:00 UTC,452,130,247052530,5.6286111111111108
2015-02-19 00:00:00 UTC,452,129,247052530,0.62222222222222223
2015-02-19 00:00:00 UTC,452,131,247052530,1.7766666666666668
2015-02-19 00:00:00 UTC,452,125,247050230,0.8962500000000001
2015-02-19 00:00:00 UTC,452,126,247050230,5.4062499999999991
2015-02-19 00:00:00 UTC,452,127,247050230,1.6904166666666667
2015-02-19 00:00:00 UTC,708,294,257457920,1.1709722222222221
2015-02-19 00:00:00 UTC,708,292,257617700,0.20666666666666667
2015-02-19 00:00:00 UTC,708,291,257617700,0.65375
2015-02-19 00:00:00 UTC,708,292,257089640,1.4968055555555555
2015-02-19 00:00:00 UTC,708,291,257089640,0.22375
2015-02-19 00:00:00 UTC,708,293,257089640,1.2334722222222223
2015-02-19 00:00:00 UTC,708,296,257180800,0.59888888888888892
2015-02-19 00:00:00 UTC,708,222,257566600,0.21500000000000002
2015-02-19 00:00:00 UTC,708,221,257566600,0.20680555555555558
2015-02-19 00:00:00 UTC,708,223,257566600,0.65680555555555553
2015-02-19 00:00:00 UTC,708,295,257105040,1.5363888888888888
2015-02-19 00:00:00 UTC,708,294,257105040,1.598888888888889
2015-02-19 00:00:00 UTC,708,286,257668500,0.32861111111111113
2015-02-19 00:00:00 UTC,708,285,257668500,0.85430555555555554
2015-02-19 00:00:00 UTC,708,293,257423000,1.6859722222222222
2015-02-19 00:00:00 UTC,708,292,257423000,2.9406944444444445
2015-02-19 00:00:00 UTC,708,294,257423000,0.4236111111111111
2015-02-19 00:00:00 UTC,708,201,259309000,1.538888888888889
2015-02-19 00:00:00 UTC,708,200,259309000,1.8141666666666665
2015-02-19 00:00:00 UTC,708,203,259309000,7.0261111111111116
2015-02-19 00:00:00 UTC,708,298,257313740,3.3806944444444449
2015-02-19 00:00:00 UTC,708,297,257313740,1.9272222222222222
2015-02-19 00:00:00 UTC,708,296,257220320,2.43625
2015-02-19 00:00:00 UTC,708,295,257220320,5.5615277777777772
2015-02-19 00:00:00 UTC,708,223,257549800,0.40097222222222223
2015-02-19 00:00:00 UTC,708,222,257549800,0.41111111111111109
2015-02-19 00:00:00 UTC,-316,-72,224267000,1.2058333333333333
2015-02-19 00:00:00 UTC,-316,-76,224267000,6.1751388888888892
2015-02-19 00:00:00 UTC,-316,-73,224267000,1.3827777777777777
2015-02-19 00:00:00 UTC,-316,-74,224267000,6.36736111111111
2015-02-19 00:00:00 UTC,-60,1705,440821000,3.047361111111111
2015-02-19 00:00:00 UTC,-60,-1124,431797000,0.569861111111111
2015-02-19 00:00:00 UTC,-60,-1126,431797000,1.1070833333333332
2015-02-19 00:00:00 UTC,-60,-1184,432454000,1.5149999999999997
2015-02-19 00:00:00 UTC,-60,-1112,432346000,3.5140277777777778
2015-02-19 00:00:00 UTC,-60,1724,416002195,0.88347222222222221
2015-02-19 00:00:00 UTC,-60,1734,440226000,2.9377777777777778
2015-02-19 00:00:00 UTC,197,724,419800360,11.592638888888889
2015-02-19 00:00:00 UTC,197,721,419800360,1.9156944444444446
2015-02-19 00:00:00 UTC,197,725,419800360,1.72
2015-02-19 00:00:00 UTC,197,726,419800360,1.7256944444444442
2015-02-19 00:00:00 UTC,197,722,419800360,4.9670833333333331
2015-02-19 00:00:00 UTC,197,-171,257559600,0.4523611111111111
2015-02-19 00:00:00 UTC,453,132,238536710,3.213055555555556
2015-02-19 00:00:00 UTC,453,129,247051030,1.2668055555555555
2015-02-19 00:00:00 UTC,453,131,247051030,2.6145833333333339
2015-02-19 00:00:00 UTC,453,130,247051030,1.0456944444444445
2015-02-19 00:00:00 UTC,453,127,247050520,0.33736111111111111
2015-02-19 00:00:00 UTC,453,125,247050520,2.7572222222222216
2015-02-19 00:00:00 UTC,453,128,247050520,1.2302777777777778
2015-02-19 00:00:00 UTC,453,130,247051080,3.2372222222222224
2015-02-19 00:00:00 UTC,453,129,247051910,0.20972222222222223
2015-02-19 00:00:00 UTC,453,130,247051910,2.5083333333333333
2015-02-19 00:00:00 UTC,453,131,247051910,7.4120833333333342
2015-02-19 00:00:00 UTC,453,128,247051910,1.45125
2015-02-19 00:00:00 UTC,453,127,247051910,0.20833333333333331
2015-02-19 00:00:00 UTC,453,125,247052680,2.7236111111111114
2015-02-19 00:00:00 UTC,453,128,247052680,2.5331944444444439
2015-02-19 00:00:00 UTC,453,127,247052680,0.42791666666666667
2015-02-19 00:00:00 UTC,453,129,247051150,0.43444444444444441
2015-02-19 00:00:00 UTC,453,126,247053710,3.10125
2015-02-19 00:00:00 UTC,453,125,247053710,0.44611111111111112
2015-02-19 00:00:00 UTC,453,125,247071120,0.21125
2015-02-19 00:00:00 UTC,453,124,247071120,4.370000000000001
2015-02-19 00:00:00 UTC,453,132,247030160,0.87930555555555556
2015-02-19 00:00:00 UTC,453,133,238316440,0.87888888888888894
2015-02-19 00:00:00 UTC,453,134,238316440,8.2475
2015-02-19 00:00:00 UTC,453,131,247051680,1.4847222222222221
2015-02-19 00:00:00 UTC,453,132,247051680,3.7483333333333335
2015-02-19 00:00:00 UTC,453,129,247051680,0.67347222222222225
2015-02-19 00:00:00 UTC,453,130,247051680,0.88069444444444445
2015-02-19 00:00:00 UTC,453,131,247030180,0.48208333333333331
2015-02-19 00:00:00 UTC,453,132,247030180,0.85430555555555554
2015-02-19 00:00:00 UTC,453,128,247051190,3.1773611111111109
2015-02-19 00:00:00 UTC,453,127,247051190,7.9155555555555539
2015-02-19 00:00:00 UTC,453,-25,227512000,10.27875
2015-02-19 00:00:00 UTC,453,131,247050180,0.20819444444444446
2015-02-19 00:00:00 UTC,453,126,247051210,3.689027777777778
2015-02-19 00:00:00 UTC,453,128,247051210,0.64847222222222223
2015-02-19 00:00:00 UTC,453,129,247051210,0.65305555555555561
2015-02-19 00:00:00 UTC,453,127,247051210,1.0859722222222223
2015-02-19 00:00:00 UTC,453,143,238621140,3.79638888888889
2015-02-19 00:00:00 UTC,453,127,247050220,0.41847222222222225
2015-02-19 00:00:00 UTC,453,130,247050220,2.3041666666666663
2015-02-19 00:00:00 UTC,453,131,247050220,6.8220833333333326
2015-02-19 00:00:00 UTC,453,128,247050220,1.3236111111111111
2015-02-19 00:00:00 UTC,453,129,247050220,0.41486111111111112
2015-02-19 00:00:00 UTC,453,130,247052530,0.63458333333333339
2015-02-19 00:00:00 UTC,453,129,247052530,0.20555555555555555
2015-02-19 00:00:00 UTC,453,126,247050230,4.673750000000001
2015-02-19 00:00:00 UTC,453,127,247050230,10.094722222222218
2015-02-19 00:00:00 UTC,709,293,257457920,8.5597222222222236
2015-02-19 00:00:00 UTC,709,292,257457920,2.044027777777778
2015-02-19 00:00:00 UTC,709,294,257457920,1.5918055555555557
2015-02-19 00:00:00 UTC,709,291,257667600,0.62861111111111112
2015-02-19 00:00:00 UTC,709,292,257667600,3.3483333333333327
2015-02-19 00:00:00 UTC,709,292,257617700,2.8366666666666664
2015-02-19 00:00:00 UTC,709,291,257617700,0.10583333333333333
2015-02-19 00:00:00 UTC,709,227,257128000,0.58263888888888893
2015-02-19 00:00:00 UTC,709,225,257128000,1.9266666666666663
2015-02-19 00:00:00 UTC,709,224,257128000,0.20958333333333334
2015-02-19 00:00:00 UTC,709,226,257128000,1.215138888888889
2015-02-19 00:00:00 UTC,709,227,257149000,0.20027777777777778
2015-02-19 00:00:00 UTC,709,293,257043540,0.8502777777777778
2015-02-19 00:00:00 UTC,709,295,257043540,0.24388888888888888
2015-02-19 00:00:00 UTC,709,292,257043540,0.82819444444444434
2015-02-19 00:00:00 UTC,709,294,257043540,1.5331944444444445
2015-02-19 00:00:00 UTC,709,229,257489500,0.65583333333333338
2015-02-19 00:00:00 UTC,709,291,257089640,0.2363888888888889
2015-02-19 00:00:00 UTC,709,292,257089640,2.2370833333333335
2015-02-19 00:00:00 UTC,709,293,257089640,0.43763888888888891
2015-02-19 00:00:00 UTC,709,224,257566600,0.68958333333333333
2015-02-19 00:00:00 UTC,709,286,257668500,1.0045833333333334
2015-02-19 00:00:00 UTC,709,292,257423000,1.6975
2015-02-19 00:00:00 UTC,709,260,257317020,0.15
2015-02-19 00:00:00 UTC,709,222,227895000,0.94597222222222221
2015-02-19 00:00:00 UTC,709,223,227895000,0.52666666666666662
2015-02-19 00:00:00 UTC,709,222,257549800,0.20347222222222222
2015-02-19 00:00:00 UTC,709,223,257549800,0.83583333333333332
2015-02-19 00:00:00 UTC,709,224,257549800,5.7633333333333328
2015-02-19 00:00:00 UTC,709,225,257549800,3.9379166666666672
2015-02-19 00:00:00 UTC,-315,-73,224267000,1.7511111111111113
2015-02-19 00:00:00 UTC,-315,-72,224267000,1.225
2015-02-19 00:00:00 UTC,-315,-75,224267000,0.82083333333333341
2015-02-19 00:00:00 UTC,-315,-74,224267000,1.6065277777777778
2015-02-19 00:00:00 UTC,-59,-1126,431797000,1.1904166666666667
2015-02-19 00:00:00 UTC,-59,-1124,431797000,0.49555555555555553
2015-02-19 00:00:00 UTC,-59,-1184,432454000,2.925416666666667
2015-02-19 00:00:00 UTC,-59,-1112,432346000,0.49861111111111106
2015-02-19 00:00:00 UTC,-59,1724,416002195,1.5083333333333333
2015-02-19 00:00:00 UTC,-59,1733,440226000,7.9224999999999994
2015-02-19 00:00:00 UTC,-59,1734,440226000,1.5243055555555556
2015-02-19 00:00:00 UTC,-59,1750,367767000,8.2195833333333326
2015-02-19 00:00:00 UTC,-59,1749,367767000,5.9819444444444425
2015-02-19 00:00:00 UTC,-59,-1622,416003561,6.5633333333333335
2015-02-19 00:00:00 UTC,-59,-1621,416003561,5.8738888888888878
2015-02-19 00:00:00 UTC,-59,1611,416004073,0.84638888888888886
2015-02-19 00:00:00 UTC,454,129,247051020,4.6158333333333337
2015-02-19 00:00:00 UTC,454,130,247051020,1.5805555555555555
2015-02-19 00:00:00 UTC,454,129,247051030,0.25541666666666668
2015-02-19 00:00:00 UTC,454,128,247051030,2.96875
2015-02-19 00:00:00 UTC,454,129,247051910,0.85125
2015-02-19 00:00:00 UTC,454,130,247051910,1.6584722222222221
2015-02-19 00:00:00 UTC,454,128,247052680,3.2665277777777777
2015-02-19 00:00:00 UTC,454,130,247050890,1.7384722222222222
2015-02-19 00:00:00 UTC,454,129,247050890,2.6181944444444443
2015-02-19 00:00:00 UTC,454,128,247050890,0.83930555555555553
2015-02-19 00:00:00 UTC,454,126,247071120,0.42527777777777775
2015-02-19 00:00:00 UTC,454,125,247071120,5.3986111111111121
2015-02-19 00:00:00 UTC,454,126,247051210,0.30569444444444444
2015-02-19 00:00:00 UTC,454,128,247051210,0.66833333333333333
2015-02-19 00:00:00 UTC,454,125,247053530,0.40375
2015-02-19 00:00:00 UTC,454,126,247053530,2.7768055555555553
2015-02-19 00:00:00 UTC,454,131,247050220,0.42069444444444448
2015-02-19 00:00:00 UTC,454,130,247050220,1.9015277777777779
2015-02-19 00:00:00 UTC,454,129,247050220,0.64208333333333334
2015-02-19 00:00:00 UTC,454,128,247030770,3.0109722222222222
2015-02-19 00:00:00 UTC,454,126,247053820,4.7831944444444439
2015-02-19 00:00:00 UTC,710,231,259637000,0.88125
2015-02-19 00:00:00 UTC,710,233,259637000,3.3054166666666664
2015-02-19 00:00:00 UTC,710,232,259637000,6.0640277777777767
2015-02-19 00:00:00 UTC,710,232,257488920,1.1270833333333332
2015-02-19 00:00:00 UTC,710,233,257488920,0.6479166666666667
2015-02-19 00:00:00 UTC,710,234,258228000,1.8144444444444445
2015-02-19 00:00:00 UTC,710,232,258228000,4.3979166666666654
2015-02-19 00:00:00 UTC,710,233,258228000,4.584027777777778
2015-02-19 00:00:00 UTC,710,227,257457700,0.21430555555555555
2015-02-19 00:00:00 UTC,710,232,257457700,0.52055555555555555
2015-02-19 00:00:00 UTC,710,233,257457700,0.23458333333333331
2015-02-19 00:00:00 UTC,710,242,259209000,1.3047222222222221
2015-02-19 00:00:00 UTC,710,243,259209000,0.66888888888888887
2015-02-19 00:00:00 UTC,710,388,273377320,0.86333333333333329
2015-02-19 00:00:00 UTC,710,387,273377320,0.43041666666666667
2015-02-19 00:00:00 UTC,710,385,273377320,0.88902777777777775
2015-02-19 00:00:00 UTC,710,227,251038000,0.63458333333333328
2015-02-19 00:00:00 UTC,710,226,251038000,1.0563888888888888
2015-02-19 00:00:00 UTC,710,222,251038000,1.0623611111111111
2015-02-19 00:00:00 UTC,710,264,257141040,0.49513888888888891
2015-02-19 00:00:00 UTC,710,229,257128000,1.5523611111111111
2015-02-19 00:00:00 UTC,710,228,257128000,2.0419444444444443
2015-02-19 00:00:00 UTC,710,226,257128000,0.19902777777777778
2015-02-19 00:00:00 UTC,710,227,257128000,1.73875
2015-02-19 00:00:00 UTC,710,272,257307720,1.2591666666666668
2015-02-19 00:00:00 UTC,710,226,257149000,0.12013888888888889
2015-02-19 00:00:00 UTC,710,228,257149000,3.7530555555555556
2015-02-19 00:00:00 UTC,710,227,257149000,1.5847222222222221
2015-02-19 00:00:00 UTC,710,229,257149000,2.9426388888888888
2015-02-19 00:00:00 UTC,710,225,251026000,0.62527777777777782
2015-02-19 00:00:00 UTC,710,217,251026000,0.85027777777777769
2015-02-19 00:00:00 UTC,710,226,251026000,0.62069444444444444
2015-02-19 00:00:00 UTC,710,224,251026000,0.425
2015-02-19 00:00:00 UTC,710,227,251026000,0.62638888888888888
2015-02-19 00:00:00 UTC,710,218,251026000,0.20847222222222223
2015-02-19 00:00:00 UTC,710,230,257489500,0.43555555555555558
2015-02-19 00:00:00 UTC,710,228,257489500,4.5047222222222221
2015-02-19 00:00:00 UTC,710,229,257489500,3.3466666666666667
2015-02-19 00:00:00 UTC,710,227,257489500,1.1869444444444446
2015-02-19 00:00:00 UTC,710,227,273450850,1.4919444444444445
2015-02-19 00:00:00 UTC,710,224,273450850,4.53013888888889
2015-02-19 00:00:00 UTC,710,225,273450850,6.0213888888888887
2015-02-19 00:00:00 UTC,710,223,273450850,1.6777777777777778
2015-02-19 00:00:00 UTC,710,226,273450850,4.1490277777777775
2015-02-19 00:00:00 UTC,710,235,257008740,0.80180555555555555
2015-02-19 00:00:00 UTC,710,234,257008740,0.68666666666666665
2015-02-19 00:00:00 UTC,710,227,251153000,0.82347222222222216
2015-02-19 00:00:00 UTC,710,223,251153000,0.10263888888888889
2015-02-19 00:00:00 UTC,710,225,251153000,0.41430555555555554
2015-02-19 00:00:00 UTC,710,226,251153000,1.0906944444444444
2015-02-19 00:00:00 UTC,710,224,251153000,0.55347222222222214
2015-02-19 00:00:00 UTC,710,232,257106040,3.1543055555555553
2015-02-19 00:00:00 UTC,710,234,257106040,1.4876388888888887
2015-02-19 00:00:00 UTC,710,233,257106040,2.4681944444444444
2015-02-19 00:00:00 UTC,710,235,257106040,1.1319444444444444
2015-02-19 00:00:00 UTC,710,236,257106040,6.48625
2015-02-19 00:00:00 UTC,710,272,257643900,2.6540277777777774
2015-02-19 00:00:00 UTC,710,271,257643900,0.67083333333333328
2015-02-19 00:00:00 UTC,710,232,257210240,9.7216666666666658
2015-02-19 00:00:00 UTC,710,231,257210240,1.6963888888888887
2015-02-19 00:00:00 UTC,710,229,257566600,0.27652777777777782
2015-02-19 00:00:00 UTC,710,226,257566600,0.42680555555555555
2015-02-19 00:00:00 UTC,710,228,257566600,5.0372222222222227
2015-02-19 00:00:00 UTC,710,227,257566600,6.2756944444444445
2015-02-19 00:00:00 UTC,710,234,257679500,1.0506944444444444
2015-02-19 00:00:00 UTC,710,224,273431440,0.42347222222222219
2015-02-19 00:00:00 UTC,710,226,273431440,0.84930555555555542
2015-02-19 00:00:00 UTC,710,225,273431440,0.64361111111111113
2015-02-19 00:00:00 UTC,710,227,273431440,1.4616666666666667
2015-02-19 00:00:00 UTC,710,228,273523100,0.20708333333333334
2015-02-19 00:00:00 UTC,710,226,273523100,2.8334722222222224
2015-02-19 00:00:00 UTC,710,224,273523100,2.3334722222222224
2015-02-19 00:00:00 UTC,710,227,273523100,1.2791666666666668
2015-02-19 00:00:00 UTC,710,225,273523100,3.8415277777777779
2015-02-19 00:00:00 UTC,710,223,273523100,1.6016666666666666
2015-02-19 00:00:00 UTC,710,235,257311140,0.62208333333333332
2015-02-19 00:00:00 UTC,710,223,273210800,2.725138888888889
2015-02-19 00:00:00 UTC,710,224,273210800,4.0080555555555559
2015-02-19 00:00:00 UTC,710,226,273210800,3.2073611111111107
2015-02-19 00:00:00 UTC,710,227,273210800,0.96916666666666673
2015-02-19 00:00:00 UTC,710,225,273210800,3.835
2015-02-19 00:00:00 UTC,710,225,273448120,4.2833333333333332
2015-02-19 00:00:00 UTC,710,226,273448120,5.1687500000000011
2015-02-19 00:00:00 UTC,710,227,273448120,0.7583333333333333
2015-02-19 00:00:00 UTC,710,224,273448120,4.31388888888889
2015-02-19 00:00:00 UTC,710,223,273448120,2.1388888888888888
2015-02-19 00:00:00 UTC,710,300,257133000,3.7719444444444448
2015-02-19 00:00:00 UTC,710,298,257133000,4.07
2015-02-19 00:00:00 UTC,710,301,257133000,0.45625
2015-02-19 00:00:00 UTC,710,299,257133000,3.6015277777777777
2015-02-19 00:00:00 UTC,710,271,257457620,6.2197222222222219
2015-02-19 00:00:00 UTC,710,224,227895000,4.1937500000000005
2015-02-19 00:00:00 UTC,710,226,227895000,3.6902777777777778
2015-02-19 00:00:00 UTC,710,227,227895000,1.1097222222222221
2015-02-19 00:00:00 UTC,710,223,227895000,2.2681944444444437
2015-02-19 00:00:00 UTC,710,225,227895000,4.8663888888888884
2015-02-19 00:00:00 UTC,710,240,259447000,4.3973611111111115
2015-02-19 00:00:00 UTC,710,258,257074140,3.4280555555555554
2015-02-19 00:00:00 UTC,710,234,259180000,2.155
2015-02-19 00:00:00 UTC,710,232,259180000,4.5840277777777789
2015-02-19 00:00:00 UTC,710,228,259180000,0.66055555555555556
2015-02-19 00:00:00 UTC,710,235,259180000,0.63444444444444448
2015-02-19 00:00:00 UTC,710,233,259180000,3.735555555555556
2015-02-19 00:00:00 UTC,710,226,257549800,0.632638888888889
2015-02-19 00:00:00 UTC,710,223,251318000,1.0663888888888888
2015-02-19 00:00:00 UTC,710,224,251318000,1.8725000000000003
2015-02-19 00:00:00 UTC,710,227,251318000,2.1104166666666666
2015-02-19 00:00:00 UTC,710,222,251318000,0.1
2015-02-19 00:00:00 UTC,710,225,251318000,4.355138888888888
2015-02-19 00:00:00 UTC,710,226,251318000,3.6706944444444449
2015-02-19 00:00:00 UTC,-314,-72,224267000,1.4216666666666669
2015-02-19 00:00:00 UTC,-314,-74,224267000,0.70930555555555552
2015-02-19 00:00:00 UTC,-314,-73,224267000,1.0863888888888888
2015-02-19 00:00:00 UTC,-58,-1124,431797000,1.2802777777777778
2015-02-19 00:00:00 UTC,-58,-1126,431797000,1.2102777777777778
2015-02-19 00:00:00 UTC,-58,-1112,431701040,3.6415277777777781
2015-02-19 00:00:00 UTC,-58,-1780,440765000,5.8500000000000005
2015-02-19 00:00:00 UTC,-58,1588,441166000,3.8326388888888894
2015-02-19 00:00:00 UTC,-58,1748,367767000,0.77222222222222225
2015-02-19 00:00:00 UTC,-58,1611,416004073,1.7956944444444445
2015-02-19 00:00:00 UTC,455,129,247051030,5.3486111111111105
2015-02-19 00:00:00 UTC,455,128,247051030,0.39263888888888887
2015-02-19 00:00:00 UTC,455,135,278526000,1.975138888888889
2015-02-19 00:00:00 UTC,455,136,278526000,2.8497222222222223
2015-02-19 00:00:00 UTC,455,130,247030610,5.61513888888889
2015-02-19 00:00:00 UTC,455,131,247050890,2.1831944444444447
2015-02-19 00:00:00 UTC,455,129,247050890,0.44041666666666668
2015-02-19 00:00:00 UTC,455,130,247050890,1.5280555555555557
2015-02-19 00:00:00 UTC,455,131,247030180,0.20861111111111111
2015-02-19 00:00:00 UTC,455,129,247030770,4.02375
2015-02-19 00:00:00 UTC,455,131,247030770,1.895833333333333
2015-02-19 00:00:00 UTC,455,130,247030770,1.6775
2015-02-19 00:00:00 UTC,711,285,257311240,0.65430555555555558
2015-02-19 00:00:00 UTC,711,232,259285000,0.4490277777777778
2015-02-19 00:00:00 UTC,711,232,273552400,0.21041666666666667
2015-02-19 00:00:00 UTC,711,233,257488920,0.87944444444444436
2015-02-19 00:00:00 UTC,711,234,257488920,1.5094444444444444
2015-02-19 00:00:00 UTC,711,238,257457700,0.9575
2015-02-19 00:00:00 UTC,711,236,257457700,0.58166666666666667
2015-02-19 00:00:00 UTC,711,237,257457700,1.3670833333333334
2015-02-19 00:00:00 UTC,711,280,257655600,0.85277777777777775
2015-02-19 00:00:00 UTC,711,281,257655600,2.6061111111111113
2015-02-19 00:00:00 UTC,711,219,251038000,0.892638888888889
2015-02-19 00:00:00 UTC,711,228,251038000,1.5213888888888891
2015-02-19 00:00:00 UTC,711,229,251038000,0.40305555555555556
2015-02-19 00:00:00 UTC,711,213,251038000,0.77972222222222221
2015-02-19 00:00:00 UTC,711,217,251038000,0.27527777777777779
2015-02-19 00:00:00 UTC,711,215,251038000,0.54902777777777778
2015-02-19 00:00:00 UTC,711,214,251038000,0.32027777777777777
2015-02-19 00:00:00 UTC,711,220,251038000,0.71277777777777773
2015-02-19 00:00:00 UTC,711,218,251038000,0.3930555555555556
2015-02-19 00:00:00 UTC,711,265,257141040,0.625
2015-02-19 00:00:00 UTC,711,266,257141040,2.1694444444444443
2015-02-19 00:00:00 UTC,711,275,257196340,3.3830555555555555
2015-02-19 00:00:00 UTC,711,273,257196340,0.25416666666666665
2015-02-19 00:00:00 UTC,711,274,257196340,0.59611111111111115
2015-02-19 00:00:00 UTC,711,272,257307720,0.25916666666666666
2015-02-19 00:00:00 UTC,711,273,257307720,0.30972222222222223
2015-02-19 00:00:00 UTC,711,262,257703500,3.3088888888888892
2015-02-19 00:00:00 UTC,711,217,251026000,1.6599999999999997
2015-02-19 00:00:00 UTC,711,229,251026000,0.62013888888888891
2015-02-19 00:00:00 UTC,711,218,251026000,0.59666666666666668
2015-02-19 00:00:00 UTC,711,228,251026000,0.4125
2015-02-19 00:00:00 UTC,711,219,251026000,2.9166666666666665
2015-02-19 00:00:00 UTC,711,241,257536600,3.745972222222222
2015-02-19 00:00:00 UTC,711,243,257536600,0.21208333333333335
2015-02-19 00:00:00 UTC,711,240,257536600,0.56541666666666668
2015-02-19 00:00:00 UTC,711,242,257536600,0.82430555555555562
2015-02-19 00:00:00 UTC,711,444,273212000,1.5223611111111111
2015-02-19 00:00:00 UTC,711,226,273450850,1.9243055555555555
2015-02-19 00:00:00 UTC,711,228,273450850,0.67152777777777772
2015-02-19 00:00:00 UTC,711,227,273450850,3.5186111111111118
2015-02-19 00:00:00 UTC,711,218,251153000,1.2302777777777778
2015-02-19 00:00:00 UTC,711,217,251153000,0.40694444444444444
2015-02-19 00:00:00 UTC,711,227,251153000,0.82444444444444442
2015-02-19 00:00:00 UTC,711,219,251153000,4.9527777777777775
2015-02-19 00:00:00 UTC,711,228,251153000,0.8240277777777778
2015-02-19 00:00:00 UTC,711,220,251153000,2.7016666666666667
2015-02-19 00:00:00 UTC,711,272,259590000,0.22791666666666666
2015-02-19 00:00:00 UTC,711,268,259590000,0.42541666666666667
2015-02-19 00:00:00 UTC,711,275,259590000,2.7852777777777775
2015-02-19 00:00:00 UTC,711,269,259590000,0.41708333333333336
2015-02-19 00:00:00 UTC,711,273,259590000,0.22666666666666668
2015-02-19 00:00:00 UTC,711,271,259590000,0.1522222222222222
2015-02-19 00:00:00 UTC,711,274,259590000,2.0836111111111109
2015-02-19 00:00:00 UTC,711,228,273431440,3.0923611111111109
2015-02-19 00:00:00 UTC,711,229,273431440,2.1373611111111113
2015-02-19 00:00:00 UTC,711,227,273431440,1.07625
2015-02-19 00:00:00 UTC,711,227,273523100,2.2186111111111111
2015-02-19 00:00:00 UTC,711,226,273523100,2.2738888888888891
2015-02-19 00:00:00 UTC,711,228,273523100,4.1994444444444436
2015-02-19 00:00:00 UTC,711,229,273523100,2.3233333333333333
2015-02-19 00:00:00 UTC,711,227,273210800,3.1397222222222219
2015-02-19 00:00:00 UTC,711,226,273210800,1.0608333333333333
2015-02-19 00:00:00 UTC,711,225,273210800,0.40319444444444441
2015-02-19 00:00:00 UTC,711,228,273210800,1.7473611111111111
2015-02-19 00:00:00 UTC,711,449,231107000,1.5236111111111112
2015-02-19 00:00:00 UTC,711,448,231107000,7.8222222222222229
2015-02-19 00:00:00 UTC,711,450,231107000,1.5901388888888888
2015-02-19 00:00:00 UTC,711,228,273448120,2.5068055555555557
2015-02-19 00:00:00 UTC,711,227,273448120,4.3288888888888888
2015-02-19 00:00:00 UTC,711,301,257133000,2.5626388888888889
2015-02-19 00:00:00 UTC,711,299,257133000,3.7048611111111107
2015-02-19 00:00:00 UTC,711,300,257133000,1.6194444444444445
2015-02-19 00:00:00 UTC,711,228,227895000,2.9644444444444442
2015-02-19 00:00:00 UTC,711,227,227895000,2.853194444444445
2015-02-19 00:00:00 UTC,711,229,227895000,0.20708333333333334
2015-02-19 00:00:00 UTC,711,226,227895000,0.35402777777777783
2015-02-19 00:00:00 UTC,711,249,259447000,3.4794444444444448
2015-02-19 00:00:00 UTC,711,248,259447000,2.0259722222222223
2015-02-19 00:00:00 UTC,711,250,259447000,0.87916666666666665
2015-02-19 00:00:00 UTC,711,237,259137000,2.7559722222222218
2015-02-19 00:00:00 UTC,711,248,259937000,2.1152777777777776
2015-02-19 00:00:00 UTC,711,249,259937000,3.1000000000000005
2015-02-19 00:00:00 UTC,711,250,259937000,2.3826388888888888
2015-02-19 00:00:00 UTC,711,228,251318000,1.0179166666666666
2015-02-19 00:00:00 UTC,711,227,251318000,1.0704166666666666
2015-02-19 00:00:00 UTC,711,218,251318000,0.22944444444444445
2015-02-19 00:00:00 UTC,711,252,257963000,1.43125
2015-02-19 00:00:00 UTC,711,248,257963000,1.5350000000000001
2015-02-19 00:00:00 UTC,-57,-1126,431797000,1.4048611111111111
2015-02-19 00:00:00 UTC,-57,-1780,440765000,12.427916666666667
2015-02-19 00:00:00 UTC,-57,1724,416002195,2.0584722222222225
2015-02-19 00:00:00 UTC,-57,-202,416060900,7.6170833333333334
2015-02-19 00:00:00 UTC,-57,-1622,416003561,5.8140277777777776
2015-02-19 00:00:00 UTC,456,135,278526000,1.5820833333333333
2015-02-19 00:00:00 UTC,456,136,278526000,5.2787500000000005
2015-02-19 00:00:00 UTC,456,132,247030840,4.0402777777777787
2015-02-19 00:00:00 UTC,456,132,247031620,4.1886111111111113
2015-02-19 00:00:00 UTC,456,131,247030180,9.7083333333333375
2015-02-19 00:00:00 UTC,456,135,247071170,6.0254166666666658
2015-02-19 00:00:00 UTC,456,136,247071170,3.239583333333333
2015-02-19 00:00:00 UTC,456,136,247030470,4.0623611111111106
2015-02-19 00:00:00 UTC,456,135,247030470,5.5561111111111119
2015-02-19 00:00:00 UTC,456,134,247030470,0.68027777777777776
2015-02-19 00:00:00 UTC,456,134,247030770,0.41805555555555557
2015-02-19 00:00:00 UTC,456,135,247030770,1.6318055555555553
2015-02-19 00:00:00 UTC,712,233,259285000,1.7181944444444446
2015-02-19 00:00:00 UTC,712,232,259285000,0.45222222222222219
2015-02-19 00:00:00 UTC,712,240,259285000,0.76958333333333329
2015-02-19 00:00:00 UTC,712,234,259285000,3.5194444444444439
2015-02-19 00:00:00 UTC,712,237,259285000,1.6701388888888888
2015-02-19 00:00:00 UTC,712,236,259285000,2.0425
2015-02-19 00:00:00 UTC,712,235,259285000,3.2411111111111115
2015-02-19 00:00:00 UTC,712,238,259285000,1.0509722222222222
2015-02-19 00:00:00 UTC,712,231,273552400,1.3133333333333332
2015-02-19 00:00:00 UTC,712,230,273552400,1.12375
2015-02-19 00:00:00 UTC,712,228,273552400,0.90166666666666662
2015-02-19 00:00:00 UTC,712,229,273552400,0.8913888888888889
2015-02-19 00:00:00 UTC,712,227,273552400,0.88194444444444442
2015-02-19 00:00:00 UTC,712,232,273552400,1.9795833333333335
2015-02-19 00:00:00 UTC,712,218,251038000,4.83125
2015-02-19 00:00:00 UTC,712,216,251038000,0.68041666666666667
2015-02-19 00:00:00 UTC,712,219,251038000,0.68361111111111117
2015-02-19 00:00:00 UTC,712,215,251038000,1.4070833333333332
2015-02-19 00:00:00 UTC,712,217,251038000,3.6577777777777776
2015-02-19 00:00:00 UTC,712,220,251026000,0.61555555555555552
2015-02-19 00:00:00 UTC,712,217,251026000,6.2109722222222246
2015-02-19 00:00:00 UTC,712,219,251026000,0.62055555555555553
2015-02-19 00:00:00 UTC,712,218,251026000,0.831388888888889
2015-02-19 00:00:00 UTC,712,445,273218900,6.2955555555555556
2015-02-19 00:00:00 UTC,712,444,273218900,4.6511111111111116
2015-02-19 00:00:00 UTC,712,230,231751000,0.41736111111111107
2015-02-19 00:00:00 UTC,712,236,231751000,5.4720833333333339
2015-02-19 00:00:00 UTC,712,233,231751000,0.62111111111111117
2015-02-19 00:00:00 UTC,712,234,231751000,0.63347222222222221
2015-02-19 00:00:00 UTC,712,231,231751000,0.4194444444444444
2015-02-19 00:00:00 UTC,712,232,231751000,0.83013888888888887
2015-02-19 00:00:00 UTC,712,235,231751000,0.41722222222222222
2015-02-19 00:00:00 UTC,712,446,273212000,2.3823611111111109
2015-02-19 00:00:00 UTC,712,443,273212000,13.930555555555555
2015-02-19 00:00:00 UTC,712,219,251153000,0.77874999999999994
2015-02-19 00:00:00 UTC,712,216,251153000,1.0566666666666666
2015-02-19 00:00:00 UTC,712,218,251153000,4.400555555555556
2015-02-19 00:00:00 UTC,712,217,251153000,1.8708333333333333
2015-02-19 00:00:00 UTC,712,275,259590000,0.45652777777777775
2015-02-19 00:00:00 UTC,712,236,273298800,1.2084722222222222
2015-02-19 00:00:00 UTC,712,233,273298800,0.43013888888888885
2015-02-19 00:00:00 UTC,712,235,273298800,2.8048611111111108
2015-02-19 00:00:00 UTC,712,234,273298800,1.0618055555555554
2015-02-19 00:00:00 UTC,712,235,231066000,1.1355555555555554
2015-02-19 00:00:00 UTC,712,232,231066000,2.0031944444444441
2015-02-19 00:00:00 UTC,712,237,231066000,0.9080555555555555
2015-02-19 00:00:00 UTC,712,233,231066000,1.5424999999999998
2015-02-19 00:00:00 UTC,712,236,231066000,0.80472222222222212
2015-02-19 00:00:00 UTC,712,234,231066000,1.076111111111111
2015-02-19 00:00:00 UTC,712,233,331119000,0.47944444444444445
2015-02-19 00:00:00 UTC,712,237,331119000,0.22388888888888889
2015-02-19 00:00:00 UTC,712,232,331119000,2.1255555555555556
2015-02-19 00:00:00 UTC,712,235,331119000,1.952361111111111
2015-02-19 00:00:00 UTC,712,236,331119000,0.67208333333333337
2015-02-19 00:00:00 UTC,712,234,331119000,1.9019444444444444
2015-02-19 00:00:00 UTC,712,231,331119000,0.4145833333333333
2015-02-19 00:00:00 UTC,712,446,273431450,20.195416666666667
2015-02-19 00:00:00 UTC,712,227,273523100,0.29569444444444443
2015-02-19 00:00:00 UTC,712,228,273523100,0.62194444444444441
2015-02-19 00:00:00 UTC,712,235,273450930,1.2070833333333333
2015-02-19 00:00:00 UTC,712,238,273450930,1.1411111111111112
2015-02-19 00:00:00 UTC,712,237,273450930,1.4193055555555556
2015-02-19 00:00:00 UTC,712,236,273450930,0.67875
2015-02-19 00:00:00 UTC,712,446,231107000,1.5319444444444446
2015-02-19 00:00:00 UTC,712,448,231107000,1.5125
2015-02-19 00:00:00 UTC,712,447,231107000,1.5526388888888887
2015-02-19 00:00:00 UTC,712,445,231107000,1.5443055555555556
2015-02-19 00:00:00 UTC,712,281,257001410,0.45444444444444443
2015-02-19 00:00:00 UTC,712,236,273521100,0.29805555555555552
2015-02-19 00:00:00 UTC,712,235,273521100,0.50125
2015-02-19 00:00:00 UTC,712,234,273521100,0.41944444444444445
2015-02-19 00:00:00 UTC,712,235,273424080,0.21013888888888888
2015-02-19 00:00:00 UTC,712,236,273424080,0.62291666666666667
2015-02-19 00:00:00 UTC,712,250,259937000,1.1400000000000001
2015-02-19 00:00:00 UTC,712,218,251318000,1.5876388888888888
2015-02-19 00:00:00 UTC,712,215,251318000,1.6087500000000001
2015-02-19 00:00:00 UTC,712,216,251318000,1.9538888888888888
2015-02-19 00:00:00 UTC,712,217,251318000,1.72875
2015-02-19 00:00:00 UTC,712,251,257963000,1.4695833333333335
2015-02-19 00:00:00 UTC,712,250,257963000,3.4551388888888894
2015-02-19 00:00:00 UTC,-56,-1124,431797000,2.97625
2015-02-19 00:00:00 UTC,-56,-1126,431797000,2.1841666666666666
2015-02-19 00:00:00 UTC,-56,-1112,432346000,3.6115277777777779
2015-02-19 00:00:00 UTC,-56,1724,416002195,4.3883333333333336
2015-02-19 00:00:00 UTC,-56,1734,440226000,0.87888888888888883
2015-02-19 00:00:00 UTC,201,-1615,432899000,0.34138888888888885
2015-02-19 00:00:00 UTC,457,-13,228222600,1.5773611111111112
2015-02-19 00:00:00 UTC,457,-14,228222600,4.4734722222222221
2015-02-19 00:00:00 UTC,457,-1242,367531260,0.44208333333333333
2015-02-19 00:00:00 UTC,713,241,273550600,4.2304166666666667
2015-02-19 00:00:00 UTC,713,246,273550600,1.9634722222222223
2015-02-19 00:00:00 UTC,713,244,273550600,1.9641666666666666
2015-02-19 00:00:00 UTC,713,243,273550600,0.63194444444444442
2015-02-19 00:00:00 UTC,713,251,273550600,1.5665277777777777
2015-02-19 00:00:00 UTC,713,248,273550600,0.9538888888888889
2015-02-19 00:00:00 UTC,713,247,273550600,2.4291666666666667
2015-02-19 00:00:00 UTC,713,245,273550600,0.64083333333333337
2015-02-19 00:00:00 UTC,713,250,273550600,2.1866666666666665
2015-02-19 00:00:00 UTC,713,242,273550600,0.66527777777777786
2015-02-19 00:00:00 UTC,713,249,273550600,2.7334722222222219
2015-02-19 00:00:00 UTC,713,239,259285000,1.0154166666666666
2015-02-19 00:00:00 UTC,713,242,259285000,7.5540277777777778
2015-02-19 00:00:00 UTC,713,244,259285000,1.3552777777777778
2015-02-19 00:00:00 UTC,713,235,273552400,0.88555555555555554
2015-02-19 00:00:00 UTC,713,237,273552400,0.78222222222222215
2015-02-19 00:00:00 UTC,713,238,273552400,1.1376388888888889
2015-02-19 00:00:00 UTC,713,231,273552400,0.21319444444444446
2015-02-19 00:00:00 UTC,713,236,273552400,1.1266666666666667
2015-02-19 00:00:00 UTC,713,225,273552400,1.0919444444444444
2015-02-19 00:00:00 UTC,713,232,273552400,0.20750000000000002
2015-02-19 00:00:00 UTC,713,244,273552400,4.6888888888888882
2015-02-19 00:00:00 UTC,713,239,273552400,3.935972222222222
2015-02-19 00:00:00 UTC,713,227,273552400,0.21402777777777776
2015-02-19 00:00:00 UTC,713,229,273552400,0.15291666666666667
2015-02-19 00:00:00 UTC,713,226,273552400,1.7765277777777779
2015-02-19 00:00:00 UTC,713,230,273552400,0.20902777777777778
2015-02-19 00:00:00 UTC,713,228,273552400,0.27305555555555555
2015-02-19 00:00:00 UTC,713,218,251038000,1.3040277777777778
2015-02-19 00:00:00 UTC,713,217,251038000,0.89069444444444446
2015-02-19 00:00:00 UTC,713,219,251038000,0.765
2015-02-19 00:00:00 UTC,713,237,273296700,2.5390277777777777
2015-02-19 00:00:00 UTC,713,238,273296700,2.2023611111111112
2015-02-19 00:00:00 UTC,713,242,273296700,3.1508333333333329
2015-02-19 00:00:00 UTC,713,236,273296700,1.1958333333333333
2015-02-19 00:00:00 UTC,713,240,273296700,1.942361111111111
2015-02-19 00:00:00 UTC,713,243,273296700,4.2584722222222222
2015-02-19 00:00:00 UTC,713,241,273296700,2.1973611111111109
2015-02-19 00:00:00 UTC,713,239,273296700,7.2141666666666664
2015-02-19 00:00:00 UTC,713,235,273296700,0.19833333333333333
2015-02-19 00:00:00 UTC,713,218,251026000,2.9373611111111106
2015-02-19 00:00:00 UTC,713,219,251026000,0.20805555555555555
2015-02-19 00:00:00 UTC,713,217,251026000,1.2255555555555555
2015-02-19 00:00:00 UTC,713,216,251026000,0.21277777777777779
2015-02-19 00:00:00 UTC,713,441,273218900,1.5322222222222224
2015-02-19 00:00:00 UTC,713,442,273218900,1.5215277777777778
2015-02-19 00:00:00 UTC,713,444,273218900,10.885694444444443
2015-02-19 00:00:00 UTC,713,443,273212000,1.5525
2015-02-19 00:00:00 UTC,713,444,273212000,5.48625
2015-02-19 00:00:00 UTC,713,216,251153000,0.4244444444444444
2015-02-19 00:00:00 UTC,713,217,251153000,0.41569444444444448
2015-02-19 00:00:00 UTC,713,215,251153000,0.41291666666666671
2015-02-19 00:00:00 UTC,713,218,251153000,0.20444444444444443
2015-02-19 00:00:00 UTC,713,237,273298800,1.1075
2015-02-19 00:00:00 UTC,713,240,273298800,1.5352777777777777
2015-02-19 00:00:00 UTC,713,243,273298800,4.1712500000000006
2015-02-19 00:00:00 UTC,713,242,273298800,2.4924999999999997
2015-02-19 00:00:00 UTC,713,238,273298800,3.1184722222222221
2015-02-19 00:00:00 UTC,713,241,273298800,1.7959722222222223
2015-02-19 00:00:00 UTC,713,236,273298800,0.87319444444444438
2015-02-19 00:00:00 UTC,713,239,273298800,1.9422222222222225
2015-02-19 00:00:00 UTC,713,235,231045000,0.85555555555555562
2015-02-19 00:00:00 UTC,713,235,231066000,0.21666666666666667
2015-02-19 00:00:00 UTC,713,236,231066000,0.44055555555555553
2015-02-19 00:00:00 UTC,713,238,231066000,0.6594444444444445
2015-02-19 00:00:00 UTC,713,237,231066000,0.76097222222222227
2015-02-19 00:00:00 UTC,713,235,331119000,3.5694444444444442
2015-02-19 00:00:00 UTC,713,245,331119000,3.1944444444444446
2015-02-19 00:00:00 UTC,713,237,331119000,0.27916666666666667
2015-02-19 00:00:00 UTC,713,238,331119000,2.173888888888889
2015-02-19 00:00:00 UTC,713,239,331119000,1.8431944444444444
2015-02-19 00:00:00 UTC,713,236,331119000,3.5243055555555549
2015-02-19 00:00:00 UTC,713,245,273554600,3.6895833333333332
2015-02-19 00:00:00 UTC,713,251,273554600,1.5916666666666666
2015-02-19 00:00:00 UTC,713,244,273554600,0.38486111111111115
2015-02-19 00:00:00 UTC,713,242,273554600,4.9541666666666666
2015-02-19 00:00:00 UTC,713,239,273554600,4.8234722222222226
2015-02-19 00:00:00 UTC,713,246,273554600,0.66722222222222216
2015-02-19 00:00:00 UTC,713,247,273554600,0.4193055555555556
2015-02-19 00:00:00 UTC,713,248,273554600,5.7356944444444444
2015-02-19 00:00:00 UTC,713,243,273554600,0.37652777777777779
2015-02-19 00:00:00 UTC,713,240,273554600,0.64611111111111119
2015-02-19 00:00:00 UTC,713,236,273450930,2.5680555555555555
2015-02-19 00:00:00 UTC,713,238,273450930,1.8311111111111114
2015-02-19 00:00:00 UTC,713,240,273450930,1.1048611111111111
2015-02-19 00:00:00 UTC,713,242,273450930,4.49625
2015-02-19 00:00:00 UTC,713,239,273450930,7.9148611111111116
2015-02-19 00:00:00 UTC,713,235,273450930,0.20902777777777778
2015-02-19 00:00:00 UTC,713,237,273450930,2.6091666666666669
2015-02-19 00:00:00 UTC,713,446,231107000,1.5404166666666668
2015-02-19 00:00:00 UTC,713,445,231107000,6.2376388888888883
2015-02-19 00:00:00 UTC,713,245,273521100,2.9298611111111112
2015-02-19 00:00:00 UTC,713,237,273521100,3.2376388888888887
2015-02-19 00:00:00 UTC,713,248,273521100,0.20847222222222223
2015-02-19 00:00:00 UTC,713,240,273521100,1.0241666666666667
2015-02-19 00:00:00 UTC,713,238,273521100,1.6487500000000002
2015-02-19 00:00:00 UTC,713,236,273521100,1.2369444444444444
2015-02-19 00:00:00 UTC,713,247,273521100,0.61791666666666667
2015-02-19 00:00:00 UTC,713,243,273521100,1.5061111111111112
2015-02-19 00:00:00 UTC,713,239,273521100,0.56333333333333324
2015-02-19 00:00:00 UTC,713,246,273521100,4.4691666666666672
2015-02-19 00:00:00 UTC,713,241,273521100,1.5675
2015-02-19 00:00:00 UTC,713,242,273521100,4.60875
2015-02-19 00:00:00 UTC,713,243,273424080,1.2340277777777779
2015-02-19 00:00:00 UTC,713,235,273424080,0.44847222222222222
2015-02-19 00:00:00 UTC,713,236,273424080,0.43430555555555556
2015-02-19 00:00:00 UTC,713,242,273424080,0.90402777777777776
2015-02-19 00:00:00 UTC,713,238,273424080,1.48125
2015-02-19 00:00:00 UTC,713,240,273424080,0.54666666666666663
2015-02-19 00:00:00 UTC,713,241,273424080,3.0268055555555557
2015-02-19 00:00:00 UTC,713,234,273424080,1.621388888888889
2015-02-19 00:00:00 UTC,713,244,273424080,1.536111111111111
2015-02-19 00:00:00 UTC,713,239,273424080,0.57458333333333333
2015-02-19 00:00:00 UTC,713,233,273424080,0.53277777777777779
2015-02-19 00:00:00 UTC,713,237,273424080,5.992222222222221
2015-02-19 00:00:00 UTC,713,216,251318000,0.26472222222222219
2015-02-19 00:00:00 UTC,-311,787,263582000,5.8206944444444444
2015-02-19 00:00:00 UTC,-55,-1119,431154000,1.2790277777777779
2015-02-19 00:00:00 UTC,-55,-1113,432346000,1.288888888888889
2015-02-19 00:00:00 UTC,-55,1723,416002195,5.9009722222222223
2015-02-19 00:00:00 UTC,-55,-199,416060900,5.6013888888888888
2015-02-19 00:00:00 UTC,-55,-198,416060900,7.4070833333333335
2015-02-19 00:00:00 UTC,-55,-1622,416003561,6.5608333333333331
2015-02-19 00:00:00 UTC,202,-1615,432899000,0.37083333333333335
2015-02-19 00:00:00 UTC,202,-1613,432899000,1.6402777777777779
2015-02-19 00:00:00 UTC,202,-1614,432899000,2.9056944444444444
2015-02-19 00:00:00 UTC,458,-1242,367531260,1.4622222222222221
2015-02-19 00:00:00 UTC,714,279,257458720,0.42069444444444443
2015-02-19 00:00:00 UTC,714,281,257458720,3.0109722222222226
2015-02-19 00:00:00 UTC,714,280,257458720,0.84986111111111118
2015-02-19 00:00:00 UTC,714,419,273213300,0.20305555555555554
2015-02-19 00:00:00 UTC,714,421,273213300,0.2113888888888889
2015-02-19 00:00:00 UTC,714,422,273213300,1.5213888888888889
2015-02-19 00:00:00 UTC,714,420,273213300,0.6151388888888889
2015-02-19 00:00:00 UTC,714,235,231045000,1.5138888888888888
2015-02-19 00:00:00 UTC,714,234,331119000,1.2605555555555554
2015-02-19 00:00:00 UTC,714,235,331119000,1.0843055555555554
2015-02-19 00:00:00 UTC,714,413,273370020,0.21180555555555555
2015-02-19 00:00:00 UTC,714,412,273370020,0.20041666666666666
2015-02-19 00:00:00 UTC,714,411,273435580,0.40680555555555553
2015-02-19 00:00:00 UTC,714,410,273435580,0.2038888888888889
2015-02-19 00:00:00 UTC,714,412,273435580,1.2358333333333333
2015-02-19 00:00:00 UTC,714,251,259627000,0.20263888888888887
2015-02-19 00:00:00 UTC,714,253,259627000,0.21125
2015-02-19 00:00:00 UTC,714,252,259627000,0.20666666666666667
2015-02-19 00:00:00 UTC,714,254,259627000,0.20861111111111111
2015-02-19 00:00:00 UTC,-54,-1113,431701040,3.7459722222222225
2015-02-19 00:00:00 UTC,-54,-1119,431154000,4.9416666666666664
2015-02-19 00:00:00 UTC,-54,1632,412209233,3.8969444444444443
2015-02-19 00:00:00 UTC,-54,-1116,432346000,0.3322222222222222
2015-02-19 00:00:00 UTC,-54,-1114,432346000,2.1254166666666667
2015-02-19 00:00:00 UTC,-54,-1115,432346000,1.3883333333333334
2015-02-19 00:00:00 UTC,203,-1609,432511000,0.2038888888888889
2015-02-19 00:00:00 UTC,203,-1615,432899000,1.1293055555555556
2015-02-19 00:00:00 UTC,203,-1614,432899000,2.7625
2015-02-19 00:00:00 UTC,459,-1246,366867690,6.317638888888891
2015-02-19 00:00:00 UTC,459,-1245,366867690,2.6224999999999996
2015-02-19 00:00:00 UTC,459,-1242,367531260,0.20680555555555555
2015-02-19 00:00:00 UTC,459,-1243,367531260,2.96125
2015-02-19 00:00:00 UTC,715,281,257458720,1.4166666666666667
2015-02-19 00:00:00 UTC,715,279,257458720,0.41986111111111113
2015-02-19 00:00:00 UTC,715,280,257458720,0.4194444444444444
2015-02-19 00:00:00 UTC,715,411,273377320,1.5218055555555554
2015-02-19 00:00:00 UTC,715,413,273377320,2.3851388888888887
2015-02-19 00:00:00 UTC,715,414,273377320,2.346111111111111
2015-02-19 00:00:00 UTC,715,260,258334000,6.136805555555557
2015-02-19 00:00:00 UTC,715,253,258334000,0.41555555555555557
2015-02-19 00:00:00 UTC,715,252,258334000,1.9595833333333332
2015-02-19 00:00:00 UTC,715,411,273213010,0.86999999999999988
2015-02-19 00:00:00 UTC,715,413,273213010,1.024861111111111
2015-02-19 00:00:00 UTC,715,412,273213010,0.20458333333333334
2015-02-19 00:00:00 UTC,715,408,273213010,1.4397222222222221
2015-02-19 00:00:00 UTC,715,415,273213010,1.0259722222222223
2015-02-19 00:00:00 UTC,715,414,273213010,1.2240277777777777
2015-02-19 00:00:00 UTC,715,406,273213010,1.5383333333333333
2015-02-19 00:00:00 UTC,715,423,273437550,1.2486111111111111
2015-02-19 00:00:00 UTC,715,420,273437550,0.4375
2015-02-19 00:00:00 UTC,715,422,273437550,1.6709722222222223
2015-02-19 00:00:00 UTC,715,421,273437550,1.2325
2015-02-19 00:00:00 UTC,715,263,258054000,1.0976388888888888
2015-02-19 00:00:00 UTC,715,262,258054000,6.7927777777777774
2015-02-19 00:00:00 UTC,715,420,273213300,0.43555555555555553
2015-02-19 00:00:00 UTC,715,418,273213300,2.5247222222222216
2015-02-19 00:00:00 UTC,715,419,273213300,2.3313888888888887
2015-02-19 00:00:00 UTC,715,417,273213300,1.7609722222222222
2015-02-19 00:00:00 UTC,715,411,273370020,0.8375
2015-02-19 00:00:00 UTC,715,412,273370020,0.60458333333333336
2015-02-19 00:00:00 UTC,715,413,273370020,1.4419444444444443
2015-02-19 00:00:00 UTC,715,410,273435580,0.20847222222222223
2015-02-19 00:00:00 UTC,715,411,273435580,1.4483333333333333
2015-02-19 00:00:00 UTC,715,413,273435580,0.41819444444444442
2015-02-19 00:00:00 UTC,715,412,273435580,1.255
2015-02-19 00:00:00 UTC,715,412,273523400,0.62694444444444453
2015-02-19 00:00:00 UTC,715,411,273523400,1.7681944444444444
2015-02-19 00:00:00 UTC,715,418,273523400,0.20833333333333331
2015-02-19 00:00:00 UTC,715,416,273523400,1.0402777777777776
2015-02-19 00:00:00 UTC,715,409,273523400,1.5902777777777777
2015-02-19 00:00:00 UTC,715,413,273523400,1.7266666666666666
2015-02-19 00:00:00 UTC,715,417,273523400,1.4547222222222222
2015-02-19 00:00:00 UTC,715,415,273523400,0.41444444444444445
2015-02-19 00:00:00 UTC,715,408,273523400,3.1012500000000003
2015-02-19 00:00:00 UTC,715,261,257250000,4.0929166666666656
2015-02-19 00:00:00 UTC,715,263,257250000,0.20625
2015-02-19 00:00:00 UTC,715,265,258262000,2.2486111111111113
2015-02-19 00:00:00 UTC,715,260,258262000,0.42458333333333337
2015-02-19 00:00:00 UTC,715,259,258262000,0.20027777777777778
2015-02-19 00:00:00 UTC,715,261,258262000,0.6281944444444445
2015-02-19 00:00:00 UTC,715,264,258262000,3.7216666666666662
2015-02-19 00:00:00 UTC,715,415,273217010,1.528888888888889
2015-02-19 00:00:00 UTC,715,413,273217010,0.65361111111111114
2015-02-19 00:00:00 UTC,715,414,273217010,0.65833333333333333
2015-02-19 00:00:00 UTC,715,263,259627000,3.6152777777777776
2015-02-19 00:00:00 UTC,715,250,259627000,0.66916666666666669
2015-02-19 00:00:00 UTC,715,251,259627000,1.0580555555555555
2015-02-19 00:00:00 UTC,715,264,259627000,1.7622222222222224
2015-02-19 00:00:00 UTC,715,249,259627000,0.42125
2015-02-19 00:00:00 UTC,-53,-1114,431701040,2.0415277777777776
2015-02-19 00:00:00 UTC,-53,-1115,431701040,1.4083333333333337
2015-02-19 00:00:00 UTC,-53,-1119,431154000,1.5572222222222225
2015-02-19 00:00:00 UTC,-53,1633,412209233,4.6711111111111112
2015-02-19 00:00:00 UTC,-53,1634,412209233,2.7279166666666668
2015-02-19 00:00:00 UTC,-53,-1116,432346000,4.1193055555555551
2015-02-19 00:00:00 UTC,-53,-1117,432346000,0.64458333333333329
2015-02-19 00:00:00 UTC,-53,-174,416129700,11.963888888888889
2015-02-19 00:00:00 UTC,-53,-182,416129700,6.2894444444444444
2015-02-19 00:00:00 UTC,204,-1613,432899000,4.0094444444444441
2015-02-19 00:00:00 UTC,204,-1614,432899000,0.85166666666666668
2015-02-19 00:00:00 UTC,204,-1610,431469000,1.6418055555555555
2015-02-19 00:00:00 UTC,204,-1614,432321000,6.4511111111111115
2015-02-19 00:00:00 UTC,460,-1247,366867690,4.1663888888888883
2015-02-19 00:00:00 UTC,460,-1245,366867690,2.6684722222222224
2015-02-19 00:00:00 UTC,460,-1244,366867690,2.5211111111111109
2015-02-19 00:00:00 UTC,460,-1246,366867690,5.0106944444444448
2015-02-19 00:00:00 UTC,460,-1243,367531260,4.2220833333333321
2015-02-19 00:00:00 UTC,460,-1244,367531260,8.0291666666666632
2015-02-19 00:00:00 UTC,716,260,259209000,0.4127777777777778
2015-02-19 00:00:00 UTC,716,261,259209000,1.980277777777778
2015-02-19 00:00:00 UTC,716,409,273377320,4.7140277777777779
2015-02-19 00:00:00 UTC,716,259,258590000,1.1833333333333333
2015-02-19 00:00:00 UTC,716,264,258590000,6.1104166666666675
2015-02-19 00:00:00 UTC,716,257,258590000,0.14541666666666667
2015-02-19 00:00:00 UTC,716,263,258590000,0.65680555555555553
2015-02-19 00:00:00 UTC,716,261,258590000,0.21125
2015-02-19 00:00:00 UTC,716,262,258590000,0.41694444444444445
2015-02-19 00:00:00 UTC,716,258,258590000,1.52625
2015-02-19 00:00:00 UTC,716,411,273213010,0.11333333333333334
2015-02-19 00:00:00 UTC,716,413,273213010,1.0308333333333333
2015-02-19 00:00:00 UTC,716,402,273213010,1.52875
2015-02-19 00:00:00 UTC,716,404,273213010,1.5306944444444444
2015-02-19 00:00:00 UTC,716,409,273213010,10.150694444444444
2015-02-19 00:00:00 UTC,716,412,273213010,1.2920833333333333
2015-02-19 00:00:00 UTC,716,414,273213010,1.247222222222222
2015-02-19 00:00:00 UTC,716,405,273213010,1.524861111111111
2015-02-19 00:00:00 UTC,716,234,231751000,15.015555555555554
2015-02-19 00:00:00 UTC,716,262,258054000,3.074583333333333
2015-02-19 00:00:00 UTC,716,234,231045000,1.381388888888889
2015-02-19 00:00:00 UTC,716,235,231045000,5.4926388888888891
2015-02-19 00:00:00 UTC,716,248,259130000,0.4044444444444445
2015-02-19 00:00:00 UTC,716,265,259130000,6.26638888888889
2015-02-19 00:00:00 UTC,716,249,259130000,0.10013888888888889
2015-02-19 00:00:00 UTC,716,411,273370020,0.20083333333333334
2015-02-19 00:00:00 UTC,716,410,273370020,0.20111111111111113
2015-02-19 00:00:00 UTC,716,410,273435580,0.62527777777777782
2015-02-19 00:00:00 UTC,716,411,273435580,0.41416666666666668
2015-02-19 00:00:00 UTC,716,414,273523400,0.63430555555555546
2015-02-19 00:00:00 UTC,716,417,273523400,0.41375
2015-02-19 00:00:00 UTC,716,415,273523400,0.41722222222222222
2015-02-19 00:00:00 UTC,716,413,273523400,0.42
2015-02-19 00:00:00 UTC,716,418,273523400,0.21263888888888888
2015-02-19 00:00:00 UTC,716,412,273523400,1.5430555555555556
2015-02-19 00:00:00 UTC,716,411,273523400,2.1368055555555552
2015-02-19 00:00:00 UTC,716,409,273523400,3.0805555555555553
2015-02-19 00:00:00 UTC,716,410,273523400,2.5704166666666666
2015-02-19 00:00:00 UTC,716,248,257250000,0.45999999999999996
2015-02-19 00:00:00 UTC,716,249,257250000,2.5194444444444444
2015-02-19 00:00:00 UTC,716,250,257250000,0.20680555555555558
2015-02-19 00:00:00 UTC,716,248,257541600,1.1919444444444443
2015-02-19 00:00:00 UTC,716,246,257541600,0.20125
2015-02-19 00:00:00 UTC,716,249,257541600,0.41847222222222219
2015-02-19 00:00:00 UTC,716,247,257541600,0.57027777777777777
2015-02-19 00:00:00 UTC,716,260,258262000,0.21666666666666667
2015-02-19 00:00:00 UTC,716,261,258262000,0.20847222222222223
2015-02-19 00:00:00 UTC,716,259,258262000,0.42486111111111108
2015-02-19 00:00:00 UTC,716,411,273217010,2.5366666666666671
2015-02-19 00:00:00 UTC,716,412,273217010,2.7737499999999997
2015-02-19 00:00:00 UTC,716,403,273217010,1.55
2015-02-19 00:00:00 UTC,716,408,273217010,1.5569444444444445
2015-02-19 00:00:00 UTC,716,397,273217010,4.6984722222222226
2015-02-19 00:00:00 UTC,716,413,273217010,4.6373611111111117
2015-02-19 00:00:00 UTC,716,400,273217010,1.6
2015-02-19 00:00:00 UTC,716,405,273217010,1.5375
2015-02-19 00:00:00 UTC,716,414,273217010,1.006388888888889
2015-02-19 00:00:00 UTC,716,264,259627000,0.60430555555555554
2015-02-19 00:00:00 UTC,716,263,259627000,0.10277777777777777
2015-02-19 00:00:00 UTC,-308,399,255501000,2.2033333333333331
2015-02-19 00:00:00 UTC,-308,396,255501000,4.0679166666666671
2015-02-19 00:00:00 UTC,-308,387,255501000,3.3048611111111112
2015-02-19 00:00:00 UTC,-52,-1117,431701040,3.9918055555555556
2015-02-19 00:00:00 UTC,-52,-1115,431701040,0.2084722222222222
2015-02-19 00:00:00 UTC,-52,-1116,431701040,1.5165277777777775
2015-02-19 00:00:00 UTC,-52,-1119,431154000,3.2780555555555559
2015-02-19 00:00:00 UTC,-52,1707,412201818,1.1347222222222222
2015-02-19 00:00:00 UTC,-52,1627,432708000,4.1419444444444453
2015-02-19 00:00:00 UTC,-52,-182,416129700,4.8884722222222221
2015-02-19 00:00:00 UTC,205,-1603,431000650,0.51513888888888892
2015-02-19 00:00:00 UTC,205,-1609,431469000,1.9
2015-02-19 00:00:00 UTC,205,-1610,431469000,0.62541666666666673
2015-02-19 00:00:00 UTC,205,-1615,432321000,4.0404166666666663
2015-02-19 00:00:00 UTC,205,-1614,432321000,1.7227777777777777
2015-02-19 00:00:00 UTC,461,-19,227893000,5.8470833333333339
2015-02-19 00:00:00 UTC,461,-1244,367197230,4.6456944444444446
2015-02-19 00:00:00 UTC,461,-19,227806000,10.09708333333333
2015-02-19 00:00:00 UTC,461,-1239,367146590,0.21236111111111111
2015-02-19 00:00:00 UTC,461,-1243,366425240,0.83652777777777776
2015-02-19 00:00:00 UTC,461,-1242,367109860,0.45083333333333331
2015-02-19 00:00:00 UTC,461,-1246,366867690,0.54152777777777783
2015-02-19 00:00:00 UTC,461,-1247,366867690,0.2147222222222222
2015-02-19 00:00:00 UTC,717,263,259209000,5.5690277777777766
2015-02-19 00:00:00 UTC,717,248,258334000,0.20013888888888889
2015-02-19 00:00:00 UTC,717,250,258334000,0.16097222222222224
2015-02-19 00:00:00 UTC,717,249,258334000,0.20152777777777778
2015-02-19 00:00:00 UTC,717,301,257259320,1.5444444444444443
2015-02-19 00:00:00 UTC,717,232,231066000,3.0694444444444446
2015-02-19 00:00:00 UTC,717,437,273359770,3.0556944444444443
2015-02-19 00:00:00 UTC,717,439,273290400,1.58875
2015-02-19 00:00:00 UTC,717,438,273290400,5.4945833333333338
2015-02-19 00:00:00 UTC,717,437,273290400,1.5355555555555556
2015-02-19 00:00:00 UTC,717,412,273217010,1.5502777777777776
2015-02-19 00:00:00 UTC,717,411,273217010,0.20097222222222222
2015-02-19 00:00:00 UTC,-307,390,255501000,1.037638888888889
2015-02-19 00:00:00 UTC,-307,391,255501000,0.71180555555555547
2015-02-19 00:00:00 UTC,-307,393,255501000,0.66305555555555551
2015-02-19 00:00:00 UTC,-307,399,255501000,1.8038888888888889
2015-02-19 00:00:00 UTC,-307,392,255501000,0.28083333333333332
2015-02-19 00:00:00 UTC,-307,398,255501000,1.0683333333333334
2015-02-19 00:00:00 UTC,-307,395,255501000,0.67819444444444443
2015-02-19 00:00:00 UTC,-307,396,255501000,0.70958333333333345
2015-02-19 00:00:00 UTC,-307,386,255501000,1.4036111111111114
2015-02-19 00:00:00 UTC,-307,397,255501000,0.82513888888888887
2015-02-19 00:00:00 UTC,-307,394,255501000,0.89125
2015-02-19 00:00:00 UTC,-51,672,664583000,4.0072222222222225
2015-02-19 00:00:00 UTC,-51,1627,432708000,7.145833333333333
2015-02-19 00:00:00 UTC,-51,1708,440590000,10.858472222222222
2015-02-19 00:00:00 UTC,-51,1717,412329416,13.596805555555555
2015-02-19 00:00:00 UTC,-51,1616,416898000,4.1654166666666663
2015-02-19 00:00:00 UTC,-51,1615,416898000,3.9388888888888891
2015-02-19 00:00:00 UTC,-51,-1660,416004594,3.1190277777777773
2015-02-19 00:00:00 UTC,-51,-1662,416004594,0.9834722222222223
2015-02-19 00:00:00 UTC,206,-1602,431000650,0.06
2015-02-19 00:00:00 UTC,206,-1603,431000650,0.2125
2015-02-19 00:00:00 UTC,206,-1606,432399000,0.94166666666666665
2015-02-19 00:00:00 UTC,206,-1605,432399000,1.8625000000000003
2015-02-19 00:00:00 UTC,206,-1603,432399000,0.2401388888888889
2015-02-19 00:00:00 UTC,206,-1604,432399000,2.069722222222222
2015-02-19 00:00:00 UTC,206,-1611,431469000,4.0070833333333331
2015-02-19 00:00:00 UTC,206,-1609,431469000,2.3456944444444439
2015-02-19 00:00:00 UTC,206,-1610,431469000,1.9897222222222222
2015-02-19 00:00:00 UTC,462,-19,227893000,1.45375
2015-02-19 00:00:00 UTC,462,-20,227893000,8.7000000000000011
2015-02-19 00:00:00 UTC,462,-23,228033600,0.71291666666666664
2015-02-19 00:00:00 UTC,462,-22,228033600,0.21083333333333332
2015-02-19 00:00:00 UTC,462,-24,227922000,2.1970833333333335
2015-02-19 00:00:00 UTC,462,-23,227922000,5.2015277777777778
2015-02-19 00:00:00 UTC,462,-1239,367146590,0.508888888888889
2015-02-19 00:00:00 UTC,462,-23,227878000,8.0130555555555549
2015-02-19 00:00:00 UTC,462,-1243,366425240,1.1761111111111111
2015-02-19 00:00:00 UTC,462,-1244,366425240,1.5655555555555558
2015-02-19 00:00:00 UTC,462,-22,228888000,5.387777777777778
2015-02-19 00:00:00 UTC,462,-21,228888000,0.82319444444444445
2015-02-19 00:00:00 UTC,462,-23,228888000,14.283055555555555
2015-02-19 00:00:00 UTC,718,404,257139000,1.3220833333333333
2015-02-19 00:00:00 UTC,718,438,273317970,1.5973611111111112
2015-02-19 00:00:00 UTC,718,438,273559400,1.512361111111111
2015-02-19 00:00:00 UTC,718,438,273291400,10.897916666666667
2015-02-19 00:00:00 UTC,718,442,273291400,11.661527777777778
2015-02-19 00:00:00 UTC,718,265,259247000,0.67930555555555561
2015-02-19 00:00:00 UTC,718,263,259247000,0.20305555555555554
2015-02-19 00:00:00 UTC,718,264,259247000,3.59125
2015-02-19 00:00:00 UTC,718,437,273359770,7.7636111111111106
2015-02-19 00:00:00 UTC,718,439,273359770,3.0555555555555554
2015-02-19 00:00:00 UTC,718,440,273359770,1.5393055555555555
2015-02-19 00:00:00 UTC,718,440,273290400,1.544861111111111
2015-02-19 00:00:00 UTC,718,438,273290400,1.51375
2015-02-19 00:00:00 UTC,718,438,273550500,1.5015277777777778
2015-02-19 00:00:00 UTC,718,440,273550500,3.0625
2015-02-19 00:00:00 UTC,718,438,273559500,1.5520833333333333
2015-02-19 00:00:00 UTC,718,437,273559500,1.5166666666666666
2015-02-19 00:00:00 UTC,-306,386,255501000,0.36597222222222225
2015-02-19 00:00:00 UTC,-306,387,255501000,0.88277777777777777
2015-02-19 00:00:00 UTC,-306,388,255501000,0.75555555555555554
2015-02-19 00:00:00 UTC,-306,390,255501000,0.19722222222222222
2015-02-19 00:00:00 UTC,-306,389,255501000,1.2981944444444444
2015-02-19 00:00:00 UTC,-50,1696,412209234,0.58055555555555549
2015-02-19 00:00:00 UTC,-50,1695,412209234,0.56944444444444442
2015-02-19 00:00:00 UTC,-50,672,664583000,0.70000000000000018
2015-02-19 00:00:00 UTC,-50,673,664583000,0.81930555555555562
2015-02-19 00:00:00 UTC,-50,1625,432708000,5.112222222222222
2015-02-19 00:00:00 UTC,-50,669,416004772,8.1961111111111116
2015-02-19 00:00:00 UTC,-50,1706,440590000,5.7658333333333331
2015-02-19 00:00:00 UTC,-50,1720,412329416,0.33736111111111111
2015-02-19 00:00:00 UTC,-50,1718,412329416,1.2586111111111111
2015-02-19 00:00:00 UTC,-50,1717,412329416,1.4002777777777775
2015-02-19 00:00:00 UTC,-50,1719,412329416,0.81680555555555556
2015-02-19 00:00:00 UTC,-50,1615,416898000,6.1556944444444444
2015-02-19 00:00:00 UTC,-50,-1663,416004594,0.3165277777777778
2015-02-19 00:00:00 UTC,-50,-1662,416004594,0.9194444444444444
2015-02-19 00:00:00 UTC,207,-1606,432399000,0.77486111111111122
2015-02-19 00:00:00 UTC,207,-1605,432399000,2.1390277777777778
2015-02-19 00:00:00 UTC,207,-1604,432399000,0.077777777777777779
2015-02-19 00:00:00 UTC,207,-1605,432558000,1.6884722222222222
2015-02-19 00:00:00 UTC,207,-1604,432558000,0.24194444444444441
2015-02-19 00:00:00 UTC,463,-22,228033600,0.20555555555555555
2015-02-19 00:00:00 UTC,463,-21,227922000,5.1547222222222215
2015-02-19 00:00:00 UTC,463,-22,227922000,2.9641666666666668
2015-02-19 00:00:00 UTC,463,-23,227922000,1.55375
2015-02-19 00:00:00 UTC,463,-22,227878000,1.635416666666667
2015-02-19 00:00:00 UTC,463,-23,227878000,11.527083333333334
2015-02-19 00:00:00 UTC,463,-1244,366425240,1.0934722222222222
2015-02-19 00:00:00 UTC,463,-1244,367531260,3.7951388888888884
2015-02-19 00:00:00 UTC,719,443,273313560,3.0734722222222222
2015-02-19 00:00:00 UTC,719,441,273313560,3.0502777777777776
2015-02-19 00:00:00 UTC,719,413,257139000,1.9693055555555556
2015-02-19 00:00:00 UTC,719,442,273317970,4.6862499999999994
2015-02-19 00:00:00 UTC,719,444,273317970,1.5345833333333334
2015-02-19 00:00:00 UTC,719,443,273317970,3.11375
2015-02-19 00:00:00 UTC,719,440,273317970,7.7447222222222223
2015-02-19 00:00:00 UTC,719,443,273559400,6.266805555555556
2015-02-19 00:00:00 UTC,719,442,273559400,1.5513888888888889
2015-02-19 00:00:00 UTC,719,439,273559400,1.5166666666666666
2015-02-19 00:00:00 UTC,719,444,273559400,1.5804166666666666
2015-02-19 00:00:00 UTC,719,442,273331070,1.5401388888888889
2015-02-19 00:00:00 UTC,719,441,273331070,1.5227777777777778
2015-02-19 00:00:00 UTC,719,230,231045000,3.9083333333333332
2015-02-19 00:00:00 UTC,719,230,231066000,7.0043055555555558
2015-02-19 00:00:00 UTC,719,264,259247000,4.6101388888888888
2015-02-19 00:00:00 UTC,719,263,259247000,0.88569444444444445
2015-02-19 00:00:00 UTC,719,441,273359770,7.0501388888888883
2015-02-19 00:00:00 UTC,719,442,273550500,7.0788888888888879
2015-02-19 00:00:00 UTC,719,444,273550500,5.5180555555555548
2015-02-19 00:00:00 UTC,719,442,273431480,6.250694444444445
2015-02-19 00:00:00 UTC,719,440,273431480,6.2543055555555558
2015-02-19 00:00:00 UTC,719,443,273431480,1.5030555555555556
2015-02-19 00:00:00 UTC,719,444,273431480,2.3819444444444446
2015-02-19 00:00:00 UTC,719,441,273431480,1.526388888888889
2015-02-19 00:00:00 UTC,719,441,273559500,9.2938888888888886
2015-02-19 00:00:00 UTC,719,443,273559500,3.0698611111111109
2015-02-19 00:00:00 UTC,719,438,273559500,1.5222222222222221
2015-02-19 00:00:00 UTC,719,440,273559500,2.3834722222222222
2015-02-19 00:00:00 UTC,719,442,273454800,6.2208333333333332
2015-02-19 00:00:00 UTC,719,445,273454800,1.5452777777777778
2015-02-19 00:00:00 UTC,719,443,273454800,3.0572222222222223
2015-02-19 00:00:00 UTC,-49,-1119,431154000,3.6375
2015-02-19 00:00:00 UTC,-49,1696,412209234,4.3791666666666664
2015-02-19 00:00:00 UTC,-49,1695,412209234,6.1651388888888885
2015-02-19 00:00:00 UTC,-49,1693,412209234,1.4540277777777777
2015-02-19 00:00:00 UTC,-49,1692,412209234,4.8916666666666666
2015-02-19 00:00:00 UTC,-49,670,664583000,4.6862500000000011
2015-02-19 00:00:00 UTC,-49,671,664583000,4.7809722222222222
2015-02-19 00:00:00 UTC,-49,673,664583000,5.8834722222222222
2015-02-19 00:00:00 UTC,-49,668,416004772,11.216527777777776
2015-02-19 00:00:00 UTC,-49,1706,440590000,5.8794444444444443
2015-02-19 00:00:00 UTC,-49,1707,440590000,5.874305555555555
2015-02-19 00:00:00 UTC,-49,1719,412329416,0.37486111111111109
2015-02-19 00:00:00 UTC,-49,1720,412329416,1.0379166666666666
2015-02-19 00:00:00 UTC,-49,1721,412329416,5.7004166666666674
2015-02-19 00:00:00 UTC,-49,-1663,416004594,0.958888888888889
2015-02-19 00:00:00 UTC,208,-1604,432558000,2.0915277777777779
2015-02-19 00:00:00 UTC,464,-22,228229900,0.91305555555555551
2015-02-19 00:00:00 UTC,464,-24,228229900,0.26111111111111113
2015-02-19 00:00:00 UTC,464,-23,228229900,0.95875
2015-02-19 00:00:00 UTC,464,-19,228107800,0.20347222222222222
2015-02-19 00:00:00 UTC,464,-21,228107800,1.2258333333333331
2015-02-19 00:00:00 UTC,464,-20,228107800,1.2326388888888888
2015-02-19 00:00:00 UTC,464,-22,228107800,1.4445833333333333
2015-02-19 00:00:00 UTC,464,-23,228107800,0.8488888888888888
2015-02-19 00:00:00 UTC,464,-19,227581000,0.42680555555555555
2015-02-19 00:00:00 UTC,464,-18,227581000,0.40861111111111115
2015-02-19 00:00:00 UTC,464,-23,226150000,7.5711111111111116
2015-02-19 00:00:00 UTC,464,-21,226150000,0.81555555555555559
2015-02-19 00:00:00 UTC,464,-22,226150000,0.80944444444444441
2015-02-19 00:00:00 UTC,464,-20,226150000,0.61555555555555552
2015-02-19 00:00:00 UTC,464,-36,227376000,15.012222222222221
2015-02-19 00:00:00 UTC,720,446,273313560,7.0662499999999993
2015-02-19 00:00:00 UTC,720,445,273313560,1.5331944444444443
2015-02-19 00:00:00 UTC,720,443,273313560,7.0331944444444447
2015-02-19 00:00:00 UTC,720,416,257139000,1.5359722222222223
2015-02-19 00:00:00 UTC,720,447,273317970,1.5486111111111112
2015-02-19 00:00:00 UTC,720,444,273317970,1.5194444444444444
2015-02-19 00:00:00 UTC,720,446,273317970,3.087361111111111
2015-02-19 00:00:00 UTC,720,446,273559400,1.5890277777777777
2015-02-19 00:00:00 UTC,720,447,273559400,1.5316666666666667
2015-02-19 00:00:00 UTC,720,445,273559400,1.5430555555555556
2015-02-19 00:00:00 UTC,720,448,273559400,1.5458333333333334
2015-02-19 00:00:00 UTC,720,446,273331070,1.5404166666666668
2015-02-19 00:00:00 UTC,720,447,273331070,1.5540277777777778
2015-02-19 00:00:00 UTC,720,444,273331070,3.0301388888888887
2015-02-19 00:00:00 UTC,720,264,259247000,2.1574999999999998
2015-02-19 00:00:00 UTC,720,265,259247000,8.6893055555555563
2015-02-19 00:00:00 UTC,720,444,273359770,1.5947222222222222
2015-02-19 00:00:00 UTC,720,447,273290400,6.2279166666666672
2015-02-19 00:00:00 UTC,720,445,273550500,3.0847222222222221
2015-02-19 00:00:00 UTC,720,447,273550500,1.5338888888888889
2015-02-19 00:00:00 UTC,720,449,273550500,1.5295833333333333
2015-02-19 00:00:00 UTC,720,447,273431480,3.0709722222222222
2015-02-19 00:00:00 UTC,720,445,273431480,3.8816666666666668
2015-02-19 00:00:00 UTC,720,454,273297100,1.5277777777777777
2015-02-19 00:00:00 UTC,720,453,273297100,1.5416666666666667
2015-02-19 00:00:00 UTC,720,444,273559500,5.5009722222222219
2015-02-19 00:00:00 UTC,720,447,273454800,1.5391666666666666
2015-02-19 00:00:00 UTC,720,446,273454800,5.4444444444444438
2015-02-19 00:00:00 UTC,-48,-1119,431154000,1.3065277777777777
2015-02-19 00:00:00 UTC,-48,1692,412209234,0.48597222222222219
2015-02-19 00:00:00 UTC,-48,1693,412209234,0.73777777777777775
2015-02-19 00:00:00 UTC,-48,-1664,416004594,0.9375
2015-02-19 00:00:00 UTC,209,-1605,432558000,4.0026388888888889
2015-02-19 00:00:00 UTC,209,-1602,432558000,3.42625
2015-02-19 00:00:00 UTC,209,-1601,432558000,1.7986111111111112
2015-02-19 00:00:00 UTC,209,-1603,432558000,0.86069444444444454
2015-02-19 00:00:00 UTC,209,-1604,432558000,3.9809722222222219
2015-02-19 00:00:00 UTC,209,-177,224546000,4.6566666666666672
2015-02-19 00:00:00 UTC,465,-27,228131600,2.5220833333333332
2015-02-19 00:00:00 UTC,465,-22,228107800,0.40402777777777776
2015-02-19 00:00:00 UTC,465,-23,228107800,14.100833333333332
2015-02-19 00:00:00 UTC,465,-461,231156000,0.19111111111111112
2015-02-19 00:00:00 UTC,465,-24,228042600,1.2883333333333333
2015-02-19 00:00:00 UTC,465,-25,228042600,3.1763888888888889
2015-02-19 00:00:00 UTC,465,-23,228042600,0.43333333333333335
2015-02-19 00:00:00 UTC,721,448,273559400,4.7043055555555551
2015-02-19 00:00:00 UTC,721,448,273331070,7.0105555555555554
2015-02-19 00:00:00 UTC,721,450,273331070,5.49875
2015-02-19 00:00:00 UTC,721,449,273331070,1.5875
2015-02-19 00:00:00 UTC,721,450,273290400,1.5441666666666667
2015-02-19 00:00:00 UTC,721,453,273297100,3.0694444444444442
2015-02-19 00:00:00 UTC,721,452,273297100,8.5388888888888879
2015-02-19 00:00:00 UTC,721,454,273297100,9.3555555555555561
2015-02-19 00:00:00 UTC,-303,-73,224049860,0.32861111111111108
2015-02-19 00:00:00 UTC,-47,-1119,431154000,2.3194444444444446
2015-02-19 00:00:00 UTC,-47,-1120,431154000,1.0626388888888887
2015-02-19 00:00:00 UTC,-47,-1665,416004594,0.13347222222222221
2015-02-19 00:00:00 UTC,-47,-1664,416004594,0.79166666666666674
2015-02-19 00:00:00 UTC,210,-1602,432558000,1.346111111111111
2015-02-19 00:00:00 UTC,210,-1601,432558000,4.0558333333333332
2015-02-19 00:00:00 UTC,210,-1603,432558000,1.07375
2015-02-19 00:00:00 UTC,210,-177,224546000,6.2573611111111127
2015-02-19 00:00:00 UTC,466,-461,231156000,6.8281944444444438
2015-02-19 00:00:00 UTC,466,-460,231156000,0.20569444444444443
2015-02-19 00:00:00 UTC,466,-462,231156000,0.56416666666666671
2015-02-19 00:00:00 UTC,466,-464,231134000,4.6940277777777775
2015-02-19 00:00:00 UTC,722,413,257139000,1.5402777777777779
2015-02-19 00:00:00 UTC,722,450,273331070,1.5305555555555554
2015-02-19 00:00:00 UTC,-302,-73,224049860,1.7780555555555553
2015-02-19 00:00:00 UTC,-46,-1121,431154000,3.671388888888889
2015-02-19 00:00:00 UTC,-46,-1120,431154000,1.5316666666666667
2015-02-19 00:00:00 UTC,-46,1790,520241000,0.98319444444444437
2015-02-19 00:00:00 UTC,-46,1793,520241000,0.5163888888888889
2015-02-19 00:00:00 UTC,-46,1792,520241000,0.2088888888888889
2015-02-19 00:00:00 UTC,-46,1791,520241000,0.4
2015-02-19 00:00:00 UTC,-46,1696,440846000,10.875555555555556
2015-02-19 00:00:00 UTC,-46,-1665,416004594,2.9224999999999994
2015-02-19 00:00:00 UTC,211,1092,200009260,1.9593055555555556
2015-02-19 00:00:00 UTC,211,-177,224546000,3.7536111111111103
2015-02-19 00:00:00 UTC,467,1390,273848610,1.6581944444444445
2015-02-19 00:00:00 UTC,467,-48,228157000,3.1701388888888888
2015-02-19 00:00:00 UTC,467,-27,228042600,15.665555555555557
2015-02-19 00:00:00 UTC,467,-30,227418000,15.200972222222223
2015-02-19 00:00:00 UTC,467,-28,227834000,0.32
2015-02-19 00:00:00 UTC,467,-465,231084000,5.1456944444444446
2015-02-19 00:00:00 UTC,-301,-73,224049860,1.0937499999999998
2015-02-19 00:00:00 UTC,-45,1707,440647000,5.8423611111111109
2015-02-19 00:00:00 UTC,-45,1790,520241000,3.5629166666666672
2015-02-19 00:00:00 UTC,-45,1791,520241000,1.0309722222222222
2015-02-19 00:00:00 UTC,-45,1792,520241000,1.0334722222222221
2015-02-19 00:00:00 UTC,-45,1793,520241000,0.4876388888888889
2015-02-19 00:00:00 UTC,-45,1696,440846000,5.7708333333333339
2015-02-19 00:00:00 UTC,212,1485,431935000,0.38180555555555556
2015-02-19 00:00:00 UTC,212,1092,200009260,0.70847222222222217
2015-02-19 00:00:00 UTC,212,-177,224546000,4.4101388888888886
2015-02-19 00:00:00 UTC,468,-49,227317000,9.8215277777777779
2015-02-19 00:00:00 UTC,468,-26,228138000,4.9006944444444445
2015-02-19 00:00:00 UTC,468,-27,228138000,2.9155555555555552
2015-02-19 00:00:00 UTC,468,1391,273848610,6.6206944444444442
2015-02-19 00:00:00 UTC,468,-465,231090000,7.5400000000000009
2015-02-19 00:00:00 UTC,468,-27,228042600,2.1195833333333334
2015-02-19 00:00:00 UTC,468,-465,231216000,2.5770833333333334
2015-02-19 00:00:00 UTC,468,-464,231216000,4.4756944444444446
2015-02-19 00:00:00 UTC,468,1391,273423560,17.977222222222224
2015-02-19 00:00:00 UTC,468,-465,231084000,7.7558333333333325
2015-02-19 00:00:00 UTC,468,-28,228374000,11.395972222222222
2015-02-19 00:00:00 UTC,724,412,257139000,1.5334722222222221
2015-02-19 00:00:00 UTC,-300,-73,224049860,1.3079166666666668
2015-02-19 00:00:00 UTC,-300,-72,224049860,0.3375
2015-02-19 00:00:00 UTC,-44,1708,440647000,11.619444444444444
2015-02-19 00:00:00 UTC,-44,1705,440647000,10.856527777777778
2015-02-19 00:00:00 UTC,-44,1792,520241000,3.9905555555555559
2015-02-19 00:00:00 UTC,-44,920,432848000,3.2819444444444441
2015-02-19 00:00:00 UTC,-44,887,432918000,4.064166666666666
2015-02-19 00:00:00 UTC,213,1484,431935000,0.6677777777777778
2015-02-19 00:00:00 UTC,213,1483,431935000,0.31375
2015-02-19 00:00:00 UTC,213,1512,431501762,3.5347222222222223
2015-02-19 00:00:00 UTC,213,1513,431501762,4.0888888888888886
2015-02-19 00:00:00 UTC,213,1514,431501762,0.84597222222222213
2015-02-19 00:00:00 UTC,213,1520,431501762,9.28263888888889
2015-02-19 00:00:00 UTC,213,1515,431501762,2.4541666666666675
2015-02-19 00:00:00 UTC,213,1516,431501762,11.362638888888888
2015-02-19 00:00:00 UTC,469,-29,228138000,2.7709722222222219
2015-02-19 00:00:00 UTC,469,1392,273848610,6.0404166666666672
2015-02-19 00:00:00 UTC,469,-464,231090000,1.2604166666666665
2015-02-19 00:00:00 UTC,469,-465,231090000,18.36625
2015-02-19 00:00:00 UTC,469,-466,231216000,2.6654166666666668
2015-02-19 00:00:00 UTC,469,-465,231216000,18.162083333333335
2015-02-19 00:00:00 UTC,469,-28,228920000,9.3326388888888872
2015-02-19 00:00:00 UTC,469,-465,231084000,14.462222222222223
2015-02-19 00:00:00 UTC,725,282,259562000,1.5502777777777776
2015-02-19 00:00:00 UTC,725,228,273427000,3.9180555555555556
2015-02-19 00:00:00 UTC,725,225,273427000,2.3055555555555554
2015-02-19 00:00:00 UTC,725,419,257139000,1.5279166666666666
2015-02-19 00:00:00 UTC,-555,-656,701000713,4.5606944444444446
2015-02-19 00:00:00 UTC,-555,-654,701000713,1.5366666666666666
2015-02-19 00:00:00 UTC,-555,-654,701006182,1.5538888888888889
2015-02-19 00:00:00 UTC,-299,-72,224049860,0.9291666666666667
2015-02-19 00:00:00 UTC,-299,310,224459000,0.81694444444444447
2015-02-19 00:00:00 UTC,-299,311,224459000,0.82055555555555548
2015-02-19 00:00:00 UTC,-43,1792,520241000,1.2384722222222222
2015-02-19 00:00:00 UTC,-43,920,432848000,1.4652777777777779
2015-02-19 00:00:00 UTC,-43,885,432918000,3.5165277777777777
2015-02-19 00:00:00 UTC,214,1483,431935000,0.52833333333333332
2015-02-19 00:00:00 UTC,470,-49,227317000,12.554583333333333
2015-02-19 00:00:00 UTC,470,-30,228239900,0.80583333333333329
2015-02-19 00:00:00 UTC,470,-31,228239900,4.3743055555555559
2015-02-19 00:00:00 UTC,470,-57,224113270,4.7276388888888894
2015-02-19 00:00:00 UTC,470,-56,224113270,1.8470833333333334
2015-02-19 00:00:00 UTC,470,-31,227855000,8.5165277777777781
2015-02-19 00:00:00 UTC,470,-29,227833000,0.86819444444444449
2015-02-19 00:00:00 UTC,470,-30,227833000,3.0568055555555556
2015-02-19 00:00:00 UTC,470,-30,228920000,5.6875
2015-02-19 00:00:00 UTC,470,-30,228253900,3.8552777777777778
2015-02-19 00:00:00 UTC,470,-29,227852000,3.5115277777777778
2015-02-19 00:00:00 UTC,726,282,259562000,4.7181944444444444
2015-02-19 00:00:00 UTC,726,226,273427000,1.5083333333333333
2015-02-19 00:00:00 UTC,726,225,273427000,3.125
2015-02-19 00:00:00 UTC,726,426,257139000,1.5305555555555554
2015-02-19 00:00:00 UTC,-554,-656,701000713,7.0718055555555557
2015-02-19 00:00:00 UTC,-554,-655,701000713,4.5734722222222226
2015-02-19 00:00:00 UTC,-554,-652,701000713,5.5633333333333335
2015-02-19 00:00:00 UTC,-554,-652,701006182,6.3186111111111112
2015-02-19 00:00:00 UTC,-554,-657,701006182,4.547361111111111
2015-02-19 00:00:00 UTC,-554,-656,701006182,6.3094444444444449
2015-02-19 00:00:00 UTC,-298,-74,224049860,2.3681944444444443
2015-02-19 00:00:00 UTC,-298,-73,224049860,3.6030555555555552
2015-02-19 00:00:00 UTC,-298,-72,224049860,3.2495833333333333
2015-02-19 00:00:00 UTC,-298,311,224459000,1.8374999999999997
2015-02-19 00:00:00 UTC,-42,1790,520241000,4.1251388888888885
2015-02-19 00:00:00 UTC,-42,1792,520241000,1.9220833333333334
2015-02-19 00:00:00 UTC,-42,1791,520241000,1.6168055555555556
2015-02-19 00:00:00 UTC,-42,921,432848000,0.34861111111111109
2015-02-19 00:00:00 UTC,-42,920,432848000,0.19583333333333333
2015-02-19 00:00:00 UTC,-42,-269,224473000,1.5068055555555557
2015-02-19 00:00:00 UTC,-42,884,432918000,1.0390277777777777
2015-02-19 00:00:00 UTC,-42,885,432918000,1.112638888888889
2015-02-19 00:00:00 UTC,-42,924,431700210,3.4416666666666673
2015-02-19 00:00:00 UTC,-42,-1664,416004594,3.7022222222222227
2015-02-19 00:00:00 UTC,215,1116,412475292,2.5780555555555553
2015-02-19 00:00:00 UTC,215,1117,412475292,4.305
2015-02-19 00:00:00 UTC,215,-176,224546000,4.4483333333333333
2015-02-19 00:00:00 UTC,471,-32,228394000,0.35152777777777777
2015-02-19 00:00:00 UTC,471,-33,228394000,7.2416666666666663
2015-02-19 00:00:00 UTC,471,-31,228394000,0.812361111111111
2015-02-19 00:00:00 UTC,471,-31,228239900,3.4058333333333337
2015-02-19 00:00:00 UTC,471,-1227,367343760,1.1784722222222221
2015-02-19 00:00:00 UTC,471,-32,227855000,11.694861111111111
2015-02-19 00:00:00 UTC,471,-31,228260000,5.8379166666666666
2015-02-19 00:00:00 UTC,471,-30,228260000,2.1163888888888889
2015-02-19 00:00:00 UTC,471,-30,227833000,5.9745833333333334
2015-02-19 00:00:00 UTC,471,-29,227833000,0.99875
2015-02-19 00:00:00 UTC,471,-30,228920000,1.0163888888888888
2015-02-19 00:00:00 UTC,471,-31,228920000,1.2577777777777777
2015-02-19 00:00:00 UTC,471,-31,228248000,13.900416666666667
2015-02-19 00:00:00 UTC,471,-30,228248000,1.1498611111111112
2015-02-19 00:00:00 UTC,471,-33,228813000,3.028194444444444
2015-02-19 00:00:00 UTC,471,-32,228813000,0.63472222222222219
2015-02-19 00:00:00 UTC,471,-30,228240600,2.6887499999999998
2015-02-19 00:00:00 UTC,471,1401,273810400,6.3583333333333334
2015-02-19 00:00:00 UTC,471,1402,273810400,5.3234722222222226
2015-02-19 00:00:00 UTC,727,293,257599500,10.874722222222221
2015-02-19 00:00:00 UTC,727,290,257599500,11.602916666666665
2015-02-19 00:00:00 UTC,727,291,257599500,1.5543055555555556
2015-02-19 00:00:00 UTC,727,282,259562000,3.0490277777777779
2015-02-19 00:00:00 UTC,727,280,259562000,6.9830555555555556
2015-02-19 00:00:00 UTC,727,281,259562000,3.0659722222222219
2015-02-19 00:00:00 UTC,727,225,273427000,2.338888888888889
2015-02-19 00:00:00 UTC,-297,1144,503769100,0.43305555555555553
2015-02-19 00:00:00 UTC,-297,143,601391000,5.1501388888888888
2015-02-19 00:00:00 UTC,-297,142,601391000,9.0263888888888886
2015-02-19 00:00:00 UTC,-297,143,601433000,14.286805555555556
2015-02-19 00:00:00 UTC,-297,142,601433000,8.7458333333333336
2015-02-19 00:00:00 UTC,-297,143,577174000,8.8155555555555551
2015-02-19 00:00:00 UTC,-297,142,577174000,16.273333333333333
2015-02-19 00:00:00 UTC,-41,921,432848000,1.5394444444444444
2015-02-19 00:00:00 UTC,-41,922,432848000,4.4708333333333332
2015-02-19 00:00:00 UTC,-41,920,432848000,3.4148611111111107
2015-02-19 00:00:00 UTC,-41,883,432918000,1.7569444444444444
2015-02-19 00:00:00 UTC,-41,884,432918000,0.71166666666666667
2015-02-19 00:00:00 UTC,-41,923,431700210,0.29930555555555555
2015-02-19 00:00:00 UTC,-41,924,431700210,1.0513888888888889
2015-02-19 00:00:00 UTC,-41,-1663,416004594,1.0605555555555555
2015-02-19 00:00:00 UTC,472,1395,273848610,9.2655555555555562
2015-02-19 00:00:00 UTC,472,-32,227300000,0.22513888888888889
2015-02-19 00:00:00 UTC,472,-31,227300000,0.22638888888888889
2015-02-19 00:00:00 UTC,472,-28,228260000,1.1777777777777778
2015-02-19 00:00:00 UTC,472,-30,228260000,9.3956944444444428
2015-02-19 00:00:00 UTC,472,-29,228260000,5.3772222222222226
2015-02-19 00:00:00 UTC,472,-29,228920000,1.1220833333333333
2015-02-19 00:00:00 UTC,472,-30,228920000,0.67
2015-02-19 00:00:00 UTC,472,-30,228248000,0.21944444444444444
2015-02-19 00:00:00 UTC,472,-31,228813000,0.67472222222222222
2015-02-19 00:00:00 UTC,472,-32,228813000,4.3495833333333334
2015-02-19 00:00:00 UTC,472,-33,228813000,2.9081944444444447
2015-02-19 00:00:00 UTC,472,-28,228240600,0.20305555555555554
2015-02-19 00:00:00 UTC,472,-30,228240600,1.3095833333333333
2015-02-19 00:00:00 UTC,472,-29,228240600,1.254027777777778
2015-02-19 00:00:00 UTC,472,1403,273810400,7.109861111111111
2015-02-19 00:00:00 UTC,-552,-660,701000627,5.55263888888889
2015-02-19 00:00:00 UTC,-552,-661,701000627,1.5365277777777777
2015-02-19 00:00:00 UTC,-552,-723,725000667,7.6140277777777783
2015-02-19 00:00:00 UTC,-40,1549,548831000,0.7154166666666667
2015-02-19 00:00:00 UTC,-40,1689,548051500,0.18319444444444444
2015-02-19 00:00:00 UTC,-40,920,432848000,1.7404166666666667
2015-02-19 00:00:00 UTC,-40,921,432848000,1.0026388888888889
2015-02-19 00:00:00 UTC,-40,1691,568169862,0.22569444444444442
2015-02-19 00:00:00 UTC,-40,1620,338074000,2.2658333333333336
2015-02-19 00:00:00 UTC,-40,1619,338074000,2.3438888888888885
2015-02-19 00:00:00 UTC,-40,923,431700210,1.5895833333333333
2015-02-19 00:00:00 UTC,-40,922,431700210,1.4300000000000002
2015-02-19 00:00:00 UTC,-40,-1662,416004594,1.3261111111111112
2015-02-19 00:00:00 UTC,-40,-1663,416004594,0.28888888888888886
2015-02-19 00:00:00 UTC,-40,763,416003315,6.2376388888888892
2015-02-19 00:00:00 UTC,217,1130,412461678,8.85305555555556
2015-02-19 00:00:00 UTC,217,1131,412461678,4.1318055555555553
2015-02-19 00:00:00 UTC,217,1129,412461678,1.2747222222222223
2015-02-19 00:00:00 UTC,473,-448,231089000,7.246666666666667
2015-02-19 00:00:00 UTC,473,-56,227877000,0.35722222222222222
2015-02-19 00:00:00 UTC,473,1396,273449620,13.018472222222222
2015-02-19 00:00:00 UTC,473,-35,228802000,0.69458333333333333
2015-02-19 00:00:00 UTC,473,-36,228802000,4.2197222222222219
2015-02-19 00:00:00 UTC,473,1403,273810400,6.0302777777777781
2015-02-19 00:00:00 UTC,729,288,259178000,2.3458333333333332
2015-02-19 00:00:00 UTC,729,309,258483000,7.7856944444444443
2015-02-19 00:00:00 UTC,-551,-726,725000667,3.7779166666666666
2015-02-19 00:00:00 UTC,-551,-727,725000667,1.5387499999999998
2015-02-19 00:00:00 UTC,-551,-723,725000667,2.7104166666666667
2015-02-19 00:00:00 UTC,-551,-654,701068000,2.7209722222222226
2015-02-19 00:00:00 UTC,-551,-660,701068000,1.5402777777777779
2015-02-19 00:00:00 UTC,-551,-657,701068000,0.34013888888888888
2015-02-19 00:00:00 UTC,-551,-656,701068000,0.86972222222222229
2015-02-19 00:00:00 UTC,-551,-662,701068000,6.4809722222222224
2015-02-19 00:00:00 UTC,-551,-655,701068000,5.3525
2015-02-19 00:00:00 UTC,-295,1143,503769100,0.27888888888888891
2015-02-19 00:00:00 UTC,-295,1144,503769100,0.21763888888888888
2015-02-19 00:00:00 UTC,-39,1691,548051500,1.033611111111111
2015-02-19 00:00:00 UTC,-39,1692,548051500,0.13111111111111112
2015-02-19 00:00:00 UTC,-39,1690,568169862,4.240277777777778
2015-02-19 00:00:00 UTC,-39,1691,568169862,0.95958333333333323
2015-02-19 00:00:00 UTC,-39,1620,338074000,4.5480555555555551
2015-02-19 00:00:00 UTC,-39,1619,338074000,2.2088888888888887
2015-02-19 00:00:00 UTC,-39,1621,338074000,4.2818055555555556
2015-02-19 00:00:00 UTC,-39,882,432918000,2.0265277777777779
2015-02-19 00:00:00 UTC,-39,921,431700210,5.5087499999999991
2015-02-19 00:00:00 UTC,-39,-1662,416004594,1.3108333333333333
2015-02-19 00:00:00 UTC,218,1131,412461678,0.91972222222222222
2015-02-19 00:00:00 UTC,218,1139,412472436,4.586666666666666
2015-02-19 00:00:00 UTC,474,-469,224724000,4.6736111111111107
2015-02-19 00:00:00 UTC,474,-45,228306000,1.5781944444444447
2015-02-19 00:00:00 UTC,474,-33,228380000,0.5725
2015-02-19 00:00:00 UTC,474,-34,228380000,6.7323611111111106
2015-02-19 00:00:00 UTC,474,-41,228380000,1.0284722222222222
2015-02-19 00:00:00 UTC,474,-449,231089000,1.0752777777777778
2015-02-19 00:00:00 UTC,474,-40,227118700,15.085833333333335
2015-02-19 00:00:00 UTC,474,-56,227430000,6.775555555555556
2015-02-19 00:00:00 UTC,474,-55,227877000,1.7537500000000001
2015-02-19 00:00:00 UTC,474,-53,227877000,1.6043055555555557
2015-02-19 00:00:00 UTC,474,-56,227877000,0.2961111111111111
2015-02-19 00:00:00 UTC,474,-54,227877000,1.5494444444444446
2015-02-19 00:00:00 UTC,474,-51,227877000,2.7527777777777778
2015-02-19 00:00:00 UTC,474,-52,227877000,3.9309722222222225
2015-02-19 00:00:00 UTC,474,1397,273449620,6.06125
2015-02-19 00:00:00 UTC,474,1396,273449620,5.325
2015-02-19 00:00:00 UTC,474,-54,227118500,5.78625
2015-02-19 00:00:00 UTC,474,-34,227481000,8.34263888888889
2015-02-19 00:00:00 UTC,474,-33,227481000,10.589166666666667
2015-02-19 00:00:00 UTC,474,-57,228281000,2.3434722222222222
2015-02-19 00:00:00 UTC,474,1416,273424560,13.162916666666668
2015-02-19 00:00:00 UTC,474,-53,228195000,4.7158333333333333
2015-02-19 00:00:00 UTC,474,-54,228195000,3.6422222222222222
2015-02-19 00:00:00 UTC,474,-41,227128800,5.1334722222222222
2015-02-19 00:00:00 UTC,474,-35,227128800,2.1408333333333336
2015-02-19 00:00:00 UTC,474,-34,227128800,4.1813888888888888
2015-02-19 00:00:00 UTC,730,290,259178000,1.5315277777777778
2015-02-19 00:00:00 UTC,730,291,259178000,3.9184722222222224
2015-02-19 00:00:00 UTC,730,309,258483000,4.7062499999999989
2015-02-19 00:00:00 UTC,730,282,257056600,1.5154166666666666
2015-02-19 00:00:00 UTC,730,283,257056600,1.5626388888888889
2015-02-19 00:00:00 UTC,-550,-652,701068000,0.1375
2015-02-19 00:00:00 UTC,-550,-654,701068000,0.3611111111111111
2015-02-19 00:00:00 UTC,-550,-653,701068000,2.1798611111111108
2015-02-19 00:00:00 UTC,-38,1694,441930000,2.8366666666666664
2015-02-19 00:00:00 UTC,-38,1693,441930000,1.148611111111111
2015-02-19 00:00:00 UTC,-38,1692,548051500,0.23916666666666669
2015-02-19 00:00:00 UTC,-38,919,432848000,5.9593055555555559
2015-02-19 00:00:00 UTC,-38,1794,440654000,0.25555555555555554
2015-02-19 00:00:00 UTC,-38,1793,440654000,0.69569444444444439
2015-02-19 00:00:00 UTC,-38,1791,440654000,0.70944444444444443
2015-02-19 00:00:00 UTC,-38,1795,440654000,0.56736111111111109
2015-02-19 00:00:00 UTC,-38,1792,440654000,0.5690277777777778
2015-02-19 00:00:00 UTC,-38,1790,440654000,1.2568055555555555
2015-02-19 00:00:00 UTC,-38,881,432918000,4.4509722222222221
2015-02-19 00:00:00 UTC,-38,-1662,416004594,4.2554166666666662
2015-02-19 00:00:00 UTC,219,1140,412472436,1.4922222222222223
2015-02-19 00:00:00 UTC,219,1139,412474854,6.5437499999999993
2015-02-19 00:00:00 UTC,219,1138,412474854,2.2498611111111106
2015-02-19 00:00:00 UTC,475,-38,228874000,2.2819444444444446
2015-02-19 00:00:00 UTC,475,-40,228874000,6.1412499999999994
2015-02-19 00:00:00 UTC,475,-48,228842000,0.8502777777777778
2015-02-19 00:00:00 UTC,475,-469,224724000,0.49874999999999997
2015-02-19 00:00:00 UTC,475,-45,228306000,3.9854166666666671
2015-02-19 00:00:00 UTC,475,-44,228306000,2.7198611111111113
2015-02-19 00:00:00 UTC,475,1517,273813600,4.1526388888888883
2015-02-19 00:00:00 UTC,475,-41,228380000,7.0474999999999994
2015-02-19 00:00:00 UTC,475,-451,231089000,0.46375
2015-02-19 00:00:00 UTC,475,-450,231089000,0.66791666666666671
2015-02-19 00:00:00 UTC,475,-54,228945000,2.4919444444444445
2015-02-19 00:00:00 UTC,475,-52,228922000,1.0815277777777776
2015-02-19 00:00:00 UTC,475,-46,228922000,0.98305555555555557
2015-02-19 00:00:00 UTC,475,-50,228922000,5.777916666666667
2015-02-19 00:00:00 UTC,475,-48,228922000,1.276111111111111
2015-02-19 00:00:00 UTC,475,-49,228922000,1.5555555555555558
2015-02-19 00:00:00 UTC,475,-51,228922000,4.8922222222222222
2015-02-19 00:00:00 UTC,475,-47,228922000,1.7326388888888888
2015-02-19 00:00:00 UTC,475,-57,228281000,1.4547222222222222
2015-02-19 00:00:00 UTC,475,-42,228313000,6.1645833333333337
2015-02-19 00:00:00 UTC,475,-36,228313000,7.8048611111111112
2015-02-19 00:00:00 UTC,475,-44,228910000,3.3740277777777781
2015-02-19 00:00:00 UTC,475,-45,228910000,4.0766666666666662
2015-02-19 00:00:00 UTC,475,-41,228387000,4.7552777777777777
2015-02-19 00:00:00 UTC,475,-42,228387000,1.5806944444444446
2015-02-19 00:00:00 UTC,475,-49,228195000,3.8688888888888888
2015-02-19 00:00:00 UTC,475,-43,228312000,1.0694444444444444
2015-02-19 00:00:00 UTC,475,-42,228312000,1.6363888888888889
2015-02-19 00:00:00 UTC,475,-41,227128800,3.4501388888888886
2015-02-19 00:00:00 UTC,475,-36,227128800,1.6309722222222223
2015-02-19 00:00:00 UTC,475,-35,227128800,6.345694444444443
2015-02-19 00:00:00 UTC,475,-34,227128800,0.79597222222222219
2015-02-19 00:00:00 UTC,731,286,259178000,1.5220833333333332
2015-02-19 00:00:00 UTC,731,288,259178000,3.0841666666666665
2015-02-19 00:00:00 UTC,731,289,259178000,7.81375
2015-02-19 00:00:00 UTC,731,287,259178000,3.0568055555555551
2015-02-19 00:00:00 UTC,731,309,258483000,4.6015277777777772
2015-02-19 00:00:00 UTC,731,310,258483000,3.0694444444444446
2015-02-19 00:00:00 UTC,731,281,257056600,4.6861111111111109
2015-02-19 00:00:00 UTC,731,282,257056600,3.0554166666666664
2015-02-19 00:00:00 UTC,-549,-632,701027000,0.50708333333333333
2015-02-19 00:00:00 UTC,-549,-633,701027000,1.0456944444444445
2015-02-19 00:00:00 UTC,-293,1143,503769100,0.26805555555555555
2015-02-19 00:00:00 UTC,-37,1794,440339000,5.8258333333333336
2015-02-19 00:00:00 UTC,-37,1596,413224000,0.60013888888888889
2015-02-19 00:00:00 UTC,-37,1592,413224000,2.0468055555555558
2015-02-19 00:00:00 UTC,-37,1620,367463000,3.3172222222222221
2015-02-19 00:00:00 UTC,-37,1637,416218500,3.3072222222222223
2015-02-19 00:00:00 UTC,-37,1795,440654000,0.45958333333333334
2015-02-19 00:00:00 UTC,-37,1792,440654000,0.13916666666666666
2015-02-19 00:00:00 UTC,-37,1796,440654000,0.22652777777777777
2015-02-19 00:00:00 UTC,-37,1794,440654000,0.25541666666666668
2015-02-19 00:00:00 UTC,-37,-1768,440055000,0.77388888888888885
2015-02-19 00:00:00 UTC,-37,-1771,440055000,1.1069444444444445
2015-02-19 00:00:00 UTC,-37,-1769,440055000,0.72888888888888881
2015-02-19 00:00:00 UTC,-37,-1770,440055000,1.0070833333333333
2015-02-19 00:00:00 UTC,-37,-1662,416004594,0.83638888888888907
2015-02-19 00:00:00 UTC,220,1136,412478584,0.20861111111111111
2015-02-19 00:00:00 UTC,220,1139,412474854,1.92875
2015-02-19 00:00:00 UTC,220,1140,412474854,1.3194444444444442
2015-02-19 00:00:00 UTC,476,-49,228842000,1.4605555555555556
2015-02-19 00:00:00 UTC,476,-50,228842000,2.9170833333333337
2015-02-19 00:00:00 UTC,476,-52,228842000,1.07125
2015-02-19 00:00:00 UTC,476,-51,228842000,1.4430555555555558
2015-02-19 00:00:00 UTC,476,-48,228842000,0.62291666666666667
2015-02-19 00:00:00 UTC,476,-57,228184600,4.7780555555555555
2015-02-19 00:00:00 UTC,476,-469,224724000,1.7181944444444446
2015-02-19 00:00:00 UTC,476,-451,231089000,8.86986111111111
2015-02-19 00:00:00 UTC,476,-452,231089000,6.2591666666666672
2015-02-19 00:00:00 UTC,476,-53,228945000,1.6611111111111112
2015-02-19 00:00:00 UTC,476,-54,228945000,1.2631944444444443
2015-02-19 00:00:00 UTC,476,-44,228219000,3.2761111111111112
2015-02-19 00:00:00 UTC,476,-46,228219000,0.54444444444444451
2015-02-19 00:00:00 UTC,476,-45,228219000,4.6187499999999995
2015-02-19 00:00:00 UTC,476,-52,228922000,1.4808333333333334
2015-02-19 00:00:00 UTC,476,-53,228922000,2.2223611111111112
2015-02-19 00:00:00 UTC,476,-51,228922000,0.42569444444444443
2015-02-19 00:00:00 UTC,476,-57,228281000,3.3343055555555559
2015-02-19 00:00:00 UTC,476,1414,273424560,10.879444444444445
2015-02-19 00:00:00 UTC,476,-45,228910000,1.2886111111111112
2015-02-19 00:00:00 UTC,476,-44,228910000,0.435
2015-02-19 00:00:00 UTC,476,-40,228387000,4.0223611111111115
2015-02-19 00:00:00 UTC,476,-41,228387000,0.55430555555555561
2015-02-19 00:00:00 UTC,476,-47,228258000,1.6779166666666667
2015-02-19 00:00:00 UTC,476,-50,228258000,0.62444444444444447
2015-02-19 00:00:00 UTC,476,-48,228258000,3.7952777777777786
2015-02-19 00:00:00 UTC,476,-49,228258000,2.710694444444445
2015-02-19 00:00:00 UTC,732,309,258483000,1.5290277777777779
2015-02-19 00:00:00 UTC,732,282,257056600,3.0776388888888886
2015-02-19 00:00:00 UTC,732,283,257056600,1.5823611111111111
2015-02-19 00:00:00 UTC,-548,-631,701027000,3.0422222222222222
2015-02-19 00:00:00 UTC,-548,-632,701027000,1.3173611111111112
2015-02-19 00:00:00 UTC,-548,-630,701027000,1.9848611111111112
2015-02-19 00:00:00 UTC,-292,1143,503769100,1.9416666666666669
2015-02-19 00:00:00 UTC,-292,1142,503769100,0.52027777777777784
2015-02-19 00:00:00 UTC,-36,1617,416043800,4.115277777777778
2015-02-19 00:00:00 UTC,-36,1618,416043800,3.8977777777777778
2015-02-19 00:00:00 UTC,-36,1616,416043800,5.1501388888888888
2015-02-19 00:00:00 UTC,-36,1596,413224000,2.3759722222222219
2015-02-19 00:00:00 UTC,-36,1595,413224000,6.474444444444444
2015-02-19 00:00:00 UTC,-36,1617,367463000,5.7370833333333344
2015-02-19 00:00:00 UTC,-36,1619,367463000,7.9701388888888891
2015-02-19 00:00:00 UTC,-36,1618,367463000,3.9680555555555559
2015-02-19 00:00:00 UTC,-36,1793,440987000,2.0804166666666664
2015-02-19 00:00:00 UTC,-36,1789,440987000,1.762777777777778
2015-02-19 00:00:00 UTC,-36,1787,440987000,5.3874999999999993
2015-02-19 00:00:00 UTC,-36,1792,440987000,4.4056944444444444
2015-02-19 00:00:00 UTC,-36,1791,440987000,0.88055555555555542
2015-02-19 00:00:00 UTC,-36,1788,440987000,1.7594444444444441
2015-02-19 00:00:00 UTC,-36,1790,440987000,5.621666666666667
2015-02-19 00:00:00 UTC,-36,1796,440624000,5.8308333333333326
2015-02-19 00:00:00 UTC,-36,1636,416218500,0.80680555555555555
2015-02-19 00:00:00 UTC,-36,1637,416218500,2.8798611111111114
2015-02-19 00:00:00 UTC,-36,1796,440654000,0.85583333333333333
2015-02-19 00:00:00 UTC,-36,-1768,440055000,0.6087499999999999
2015-02-19 00:00:00 UTC,221,1136,412478584,1.0708333333333333
2015-02-19 00:00:00 UTC,221,1136,412478585,0.94958333333333333
2015-02-19 00:00:00 UTC,477,-51,228842000,1.2558333333333334
2015-02-19 00:00:00 UTC,477,-50,228842000,6.0380555555555562
2015-02-19 00:00:00 UTC,477,-43,228842000,6.0861111111111112
2015-02-19 00:00:00 UTC,477,-52,228842000,1.2669444444444442
2015-02-19 00:00:00 UTC,477,-469,224724000,2.1123611111111109
2015-02-19 00:00:00 UTC,477,-54,228945000,10.936666666666666
2015-02-19 00:00:00 UTC,477,-44,228219000,0.80527777777777776
2015-02-19 00:00:00 UTC,477,-52,228251000,0.4505555555555556
2015-02-19 00:00:00 UTC,477,-53,228251000,1.8077777777777777
2015-02-19 00:00:00 UTC,477,-52,228922000,1.4461111111111111
2015-02-19 00:00:00 UTC,477,-51,228922000,0.43
2015-02-19 00:00:00 UTC,477,-53,228922000,0.64652777777777781
2015-02-19 00:00:00 UTC,477,-53,228282000,0.21916666666666668
2015-02-19 00:00:00 UTC,477,-54,228282000,0.21638888888888891
2015-02-19 00:00:00 UTC,477,-450,231118000,16.139722222222222
2015-02-19 00:00:00 UTC,477,-452,231118000,5.08
2015-02-19 00:00:00 UTC,477,-60,227320000,9.4294444444444441
2015-02-19 00:00:00 UTC,477,-47,228376000,5.1166666666666671
2015-02-19 00:00:00 UTC,477,-48,228376000,2.313333333333333
2015-02-19 00:00:00 UTC,477,1413,273433540,4.3473611111111108
2015-02-19 00:00:00 UTC,477,-49,228258000,0.42819444444444443
2015-02-19 00:00:00 UTC,477,-51,228258000,1.6772222222222224
2015-02-19 00:00:00 UTC,477,-50,228258000,5.8287500000000021
2015-02-19 00:00:00 UTC,477,-52,228258000,1.0608333333333335
2015-02-19 00:00:00 UTC,733,282,257056600,5.4794444444444448
2015-02-19 00:00:00 UTC,733,283,257056600,3.1272222222222221
2015-02-19 00:00:00 UTC,-35,1724,529695000,0.26263888888888892
2015-02-19 00:00:00 UTC,-35,1723,529695000,0.43736111111111109
2015-02-19 00:00:00 UTC,-35,1792,440894000,5.8609722222222222
2015-02-19 00:00:00 UTC,-35,1791,440894000,18.260972222222222
2015-02-19 00:00:00 UTC,-35,-1563,440926000,5.8193055555555562
2015-02-19 00:00:00 UTC,-35,1792,440339000,18.266666666666666
2015-02-19 00:00:00 UTC,-35,1674,413298000,5.1502777777777791
2015-02-19 00:00:00 UTC,-35,1636,416218500,1.5772222222222225
2015-02-19 00:00:00 UTC,-35,-1768,440055000,4.8447222222222228
2015-02-19 00:00:00 UTC,222,1136,412478581,0.78000000000000014
2015-02-19 00:00:00 UTC,478,-56,228184600,7.7168055555555561
2015-02-19 00:00:00 UTC,478,-469,224724000,1.6876388888888887
2015-02-19 00:00:00 UTC,478,1412,273347910,6.3120833333333328
2015-02-19 00:00:00 UTC,478,-78,224095830,1.0566666666666666
2015-02-19 00:00:00 UTC,478,-55,228945000,1.8523611111111111
2015-02-19 00:00:00 UTC,478,-54,228945000,2.9858333333333333
2015-02-19 00:00:00 UTC,478,1402,273376120,2.9251388888888887
2015-02-19 00:00:00 UTC,478,-56,228282000,2.2887500000000003
2015-02-19 00:00:00 UTC,478,-54,228282000,1.3401388888888888
2015-02-19 00:00:00 UTC,478,-55,228282000,3.2444444444444445
2015-02-19 00:00:00 UTC,478,-46,227311000,1.1359722222222222
2015-02-19 00:00:00 UTC,478,-450,231118000,4.512777777777778
2015-02-19 00:00:00 UTC,478,-451,231118000,0.68888888888888888
2015-02-19 00:00:00 UTC,478,-449,231118000,0.37069444444444444
2015-02-19 00:00:00 UTC,478,-452,231118000,0.59569444444444453
2015-02-19 00:00:00 UTC,-290,1138,503621500,0.21277777777777779
2015-02-19 00:00:00 UTC,-290,1137,503621500,5.8552777777777765
2015-02-19 00:00:00 UTC,-34,1724,529695000,3.0126388888888882
2015-02-19 00:00:00 UTC,-34,1793,440895000,5.8279166666666669
2015-02-19 00:00:00 UTC,-34,1675,413298000,8.8804166666666653
2015-02-19 00:00:00 UTC,-34,1636,416218500,2.3247222222222224
2015-02-19 00:00:00 UTC,-34,1692,553111690,5.5054166666666662
2015-02-19 00:00:00 UTC,-34,1693,553111690,11.920138888888889
2015-02-19 00:00:00 UTC,-34,1791,440654000,1.8877777777777778
2015-02-19 00:00:00 UTC,-34,1796,440654000,2.7927777777777778
2015-02-19 00:00:00 UTC,-34,1789,440654000,3.490277777777778
2015-02-19 00:00:00 UTC,-34,1793,440654000,1.3069444444444445
2015-02-19 00:00:00 UTC,-34,1792,440654000,1.9400000000000002
2015-02-19 00:00:00 UTC,-34,1790,440654000,1.6141666666666665
2015-02-19 00:00:00 UTC,-34,1794,440654000,2.895
2015-02-19 00:00:00 UTC,-34,1715,412371182,0.28069444444444447
2015-02-19 00:00:00 UTC,223,1204,812041299,1.5593055555555557
2015-02-19 00:00:00 UTC,223,1202,416021339,0.60027777777777769
2015-02-19 00:00:00 UTC,223,1203,416021339,0.94708333333333339
2015-02-19 00:00:00 UTC,223,1137,412462225,4.3384722222222223
2015-02-19 00:00:00 UTC,223,1487,431500183,6.9855555555555551
2015-02-19 00:00:00 UTC,223,-1599,369970083,0.88055555555555554
2015-02-19 00:00:00 UTC,479,-59,228383000,2.728472222222222
2015-02-19 00:00:00 UTC,479,-469,224724000,0.75430555555555556
2015-02-19 00:00:00 UTC,479,-468,224724000,4.4026388888888883
2015-02-19 00:00:00 UTC,479,1411,273823020,9.9750000000000014
2015-02-19 00:00:00 UTC,479,1413,273347910,1.7931944444444441
2015-02-19 00:00:00 UTC,479,1412,273347910,3.1384722222222212
2015-02-19 00:00:00 UTC,479,1413,273898610,0.88597222222222216
2015-02-19 00:00:00 UTC,479,1412,273898610,12.606111111111112
2015-02-19 00:00:00 UTC,479,1404,273898610,4.3855555555555554
2015-02-19 00:00:00 UTC,479,1403,273376120,0.7475
2015-02-19 00:00:00 UTC,479,1402,273376120,1.1934722222222223
2015-02-19 00:00:00 UTC,479,-56,228282000,0.31111111111111112
2015-02-19 00:00:00 UTC,479,-57,228282000,3.0386111111111114
2015-02-19 00:00:00 UTC,479,-46,227311000,2.1672222222222226
2015-02-19 00:00:00 UTC,479,-57,227320000,8.7133333333333329
2015-02-19 00:00:00 UTC,479,1412,273433540,4.4833333333333325
2015-02-19 00:00:00 UTC,479,1412,273824500,4.1545833333333331
2015-02-19 00:00:00 UTC,479,1411,273428220,4.9419444444444443
2015-02-19 00:00:00 UTC,-545,-551,740369000,1.5444444444444445
2015-02-19 00:00:00 UTC,-545,-553,740369000,7.8418055555555561
2015-02-19 00:00:00 UTC,-545,-552,740369000,3.7569444444444446
2015-02-19 00:00:00 UTC,-545,-554,740369000,5.2704166666666667
2015-02-19 00:00:00 UTC,-545,-550,740369000,3.7811111111111111
2015-02-19 00:00:00 UTC,-289,1137,503621500,0.76319444444444451
2015-02-19 00:00:00 UTC,-33,1694,416501000,1.1386111111111112
2015-02-19 00:00:00 UTC,-33,1693,416501000,5.1556944444444444
2015-02-19 00:00:00 UTC,-33,1692,416501000,0.36666666666666664
2015-02-19 00:00:00 UTC,-33,1796,440895000,12.341249999999999
2015-02-19 00:00:00 UTC,-33,1797,440895000,5.8504166666666668
2015-02-19 00:00:00 UTC,-33,784,416002983,6.3844444444444441
2015-02-19 00:00:00 UTC,-33,1717,412371182,5.6386111111111106
2015-02-19 00:00:00 UTC,-33,1716,412371182,0.17805555555555555
2015-02-19 00:00:00 UTC,224,1138,812462618,0.10069444444444445
2015-02-19 00:00:00 UTC,224,1202,416021339,1.3354166666666667
2015-02-19 00:00:00 UTC,224,1203,416458600,3.6255555555555556
2015-02-19 00:00:00 UTC,224,1203,416458611,6.4056944444444426
2015-02-19 00:00:00 UTC,224,1202,416458611,1.2675
2015-02-19 00:00:00 UTC,224,1137,412462225,1.1395833333333334
2015-02-19 00:00:00 UTC,224,-1599,369970083,0.21486111111111111
2015-02-19 00:00:00 UTC,224,-1598,369970083,6.1302777777777759
2015-02-19 00:00:00 UTC,480,-59,228383000,7.6152777777777771
2015-02-19 00:00:00 UTC,480,1411,273823020,2.6504166666666666
2015-02-19 00:00:00 UTC,480,1413,273347910,4.9072222222222219
2015-02-19 00:00:00 UTC,480,1412,273347910,6.4729166666666664
2015-02-19 00:00:00 UTC,480,1413,273898610,5.26013888888889
2015-02-19 00:00:00 UTC,480,1412,273898610,0.35736111111111113
2015-02-19 00:00:00 UTC,480,-58,226179000,0.31236111111111109
2015-02-19 00:00:00 UTC,480,-57,226179000,1.5691666666666666
2015-02-19 00:00:00 UTC,480,1412,273433540,6.0404166666666672
2015-02-19 00:00:00 UTC,480,-58,226178000,0.81111111111111112
2015-02-19 00:00:00 UTC,480,-57,228119000,3.876527777777778
2015-02-19 00:00:00 UTC,480,-59,227340000,4.80375
2015-02-19 00:00:00 UTC,480,1412,273824500,11.04388888888889
2015-02-19 00:00:00 UTC,480,1413,273824500,3.4119444444444444
2015-02-19 00:00:00 UTC,480,1412,273428220,0.891388888888889
2015-02-19 00:00:00 UTC,480,1411,273428220,8.859444444444442
2015-02-19 00:00:00 UTC,-544,-554,740369000,0.87638888888888888
2015-02-19 00:00:00 UTC,-32,1694,416501000,4.6193055555555551
2015-02-19 00:00:00 UTC,-32,1693,416501000,3.0626388888888885
2015-02-19 00:00:00 UTC,-32,1720,412371182,6.9180555555555552
2015-02-19 00:00:00 UTC,-32,1721,412371182,0.81833333333333325
2015-02-19 00:00:00 UTC,225,1487,431903000,6.329305555555556
2015-02-19 00:00:00 UTC,225,1486,431903000,2.8320833333333333
2015-02-19 00:00:00 UTC,225,1136,412462199,11.808888888888887
2015-02-19 00:00:00 UTC,225,1137,412462199,2.5115277777777782
2015-02-19 00:00:00 UTC,225,1201,416003461,2.4997222222222217
2015-02-19 00:00:00 UTC,225,1138,412462227,0.25180555555555556
2015-02-19 00:00:00 UTC,225,1137,412462227,1.5138888888888888
2015-02-19 00:00:00 UTC,481,-57,228383000,6.0086111111111116
2015-02-19 00:00:00 UTC,481,-58,228383000,8.6758333333333333
2015-02-19 00:00:00 UTC,481,1411,273823020,11.674444444444443
2015-02-19 00:00:00 UTC,481,-43,227590980,0.65888888888888886
2015-02-19 00:00:00 UTC,481,1413,273347910,3.289166666666667
2015-02-19 00:00:00 UTC,481,1414,273347910,0.21805555555555556
2015-02-19 00:00:00 UTC,481,1412,273347910,1.655
2015-02-19 00:00:00 UTC,481,1405,273376120,0.22708333333333333
2015-02-19 00:00:00 UTC,481,-55,227472000,1.5320833333333332
2015-02-19 00:00:00 UTC,481,-56,227472000,1.9138888888888888
2015-02-19 00:00:00 UTC,481,-43,228293000,0.62555555555555553
2015-02-19 00:00:00 UTC,481,-43,227525000,0.43083333333333335
2015-02-19 00:00:00 UTC,481,-57,226179000,1.08625
2015-02-19 00:00:00 UTC,481,-56,226179000,0.62833333333333341
2015-02-19 00:00:00 UTC,481,-58,226179000,0.82902777777777781
2015-02-19 00:00:00 UTC,481,1413,273433540,4.2398611111111109
2015-02-19 00:00:00 UTC,481,-51,228109000,2.8970833333333337
2015-02-19 00:00:00 UTC,481,-57,226178000,1.7818055555555554
2015-02-19 00:00:00 UTC,481,-58,226178000,6.4301388888888908
2015-02-19 00:00:00 UTC,481,-57,228119000,9.4747222222222245
2015-02-19 00:00:00 UTC,481,-44,228037600,0.41347222222222224
2015-02-19 00:00:00 UTC,481,-43,228037600,0.40666666666666662
2015-02-19 00:00:00 UTC,481,-72,228236000,3.1048611111111111
2015-02-19 00:00:00 UTC,481,-44,228156900,0.86805555555555558
2015-02-19 00:00:00 UTC,481,1413,273824500,4.66125
2015-02-19 00:00:00 UTC,481,1412,273428220,3.4843055555555553
2015-02-19 00:00:00 UTC,481,1411,273428220,1.1276388888888889
2015-02-19 00:00:00 UTC,737,403,258387000,1.5333333333333332
2015-02-19 00:00:00 UTC,737,398,258387000,1.5418055555555554
2015-02-19 00:00:00 UTC,737,400,258387000,1.5456944444444445
2015-02-19 00:00:00 UTC,737,396,258387000,1.5331944444444443
2015-02-19 00:00:00 UTC,737,405,258387000,4.6515277777777779
2015-02-19 00:00:00 UTC,-31,1635,416218500,1.4229166666666666
2015-02-19 00:00:00 UTC,-31,1672,553111712,1.1266666666666667
2015-02-19 00:00:00 UTC,-31,1674,553111712,11.960833333333335
2015-02-19 00:00:00 UTC,-31,1680,416242900,4.5875
2015-02-19 00:00:00 UTC,-31,1679,416242900,1.1961111111111111
2015-02-19 00:00:00 UTC,-31,-1772,440055000,4.165972222222222
2015-02-19 00:00:00 UTC,-31,-1676,529783000,3.2447222222222218
2015-02-19 00:00:00 UTC,-31,1662,416001500,0.33472222222222225
2015-02-19 00:00:00 UTC,-31,1721,412371182,1.4375000000000002
2015-02-19 00:00:00 UTC,-31,1607,412371194,0.18083333333333332
2015-02-19 00:00:00 UTC,-31,1608,412371194,2.5904166666666661
2015-02-19 00:00:00 UTC,226,1136,412461616,2.278194444444444
2015-02-19 00:00:00 UTC,226,1201,416003461,1.4041666666666668
2015-02-19 00:00:00 UTC,226,1136,412461709,1.7188888888888887
2015-02-19 00:00:00 UTC,482,-57,228383000,0.20902777777777778
2015-02-19 00:00:00 UTC,482,-58,228383000,1.9659722222222222
2015-02-19 00:00:00 UTC,482,-466,224724000,3.879027777777778
2015-02-19 00:00:00 UTC,482,-465,224724000,4.0111111111111111
2015-02-19 00:00:00 UTC,482,-57,227472000,6.4636111111111116
2015-02-19 00:00:00 UTC,482,-56,227472000,1.596111111111111
2015-02-19 00:00:00 UTC,482,-55,227472000,1.2713888888888887
2015-02-19 00:00:00 UTC,482,-58,226179000,1.7109722222222223
2015-02-19 00:00:00 UTC,482,-57,226179000,4.2544444444444443
2015-02-19 00:00:00 UTC,482,-56,226179000,1.9009722222222221
2015-02-19 00:00:00 UTC,482,-71,227843000,2.8058333333333332
2015-02-19 00:00:00 UTC,482,1414,273433540,6.0256944444444436
2015-02-19 00:00:00 UTC,482,1413,273433540,1.9095833333333332
2015-02-19 00:00:00 UTC,482,-50,228109000,3.9033333333333333
2015-02-19 00:00:00 UTC,482,-51,228109000,1.2200000000000002
2015-02-19 00:00:00 UTC,482,-56,226178000,2.5093055555555561
2015-02-19 00:00:00 UTC,482,-57,226178000,5.419722222222223
2015-02-19 00:00:00 UTC,482,-58,226178000,1.6995833333333334
2015-02-19 00:00:00 UTC,482,-57,228119000,1.6380555555555556
2015-02-19 00:00:00 UTC,482,-58,228119000,8.0780555555555544
2015-02-19 00:00:00 UTC,482,-71,228236000,1.7268055555555555
2015-02-19 00:00:00 UTC,482,-59,227340000,13.29527777777778
2015-02-19 00:00:00 UTC,482,-62,227340000,1.2886111111111109
2015-02-19 00:00:00 UTC,482,-71,228235000,3.783611111111111
2015-02-19 00:00:00 UTC,482,1412,273428220,0.20430555555555557
2015-02-19 00:00:00 UTC,-286,1135,503018650,5.1011111111111109
2015-02-19 00:00:00 UTC,-286,1134,503018650,1.8069444444444445
2015-02-19 00:00:00 UTC,-30,1615,412926000,5.4709722222222217
2015-02-19 00:00:00 UTC,-30,1673,553111712,2.9763888888888888
2015-02-19 00:00:00 UTC,-30,1672,553111712,1.7302777777777778
2015-02-19 00:00:00 UTC,-30,1675,553111712,3.5958333333333332
2015-02-19 00:00:00 UTC,-30,1661,553111734,2.4011111111111108
2015-02-19 00:00:00 UTC,-30,1660,553111734,1.1825
2015-02-19 00:00:00 UTC,-30,-1671,440931000,7.1458333333333339
2015-02-19 00:00:00 UTC,-30,-1675,440931000,5.8334722222222215
2015-02-19 00:00:00 UTC,-30,1681,416242900,1.1136111111111111
2015-02-19 00:00:00 UTC,-30,1680,416242900,6.8881944444444443
2015-02-19 00:00:00 UTC,-30,-1772,440055000,1.7848611111111112
2015-02-19 00:00:00 UTC,-30,-1770,440055000,5.3770833333333332
2015-02-19 00:00:00 UTC,-30,-1771,440055000,1.4720833333333332
2015-02-19 00:00:00 UTC,-30,-1674,529783000,6.4715277777777773
2015-02-19 00:00:00 UTC,-30,-1675,529783000,6.0401388888888885
2015-02-19 00:00:00 UTC,-30,1663,416001500,4.7948611111111106
2015-02-19 00:00:00 UTC,-30,1722,529004000,2.1056944444444441
2015-02-19 00:00:00 UTC,-30,1607,412371194,6.9458333333333337
2015-02-19 00:00:00 UTC,-30,1605,412371194,4.2766666666666673
2015-02-19 00:00:00 UTC,227,1136,412461666,1.9773611111111109
2015-02-19 00:00:00 UTC,483,-44,227303430,0.54152777777777783
2015-02-19 00:00:00 UTC,483,-45,227303430,4.709305555555555
2015-02-19 00:00:00 UTC,483,-463,224724000,3.9847222222222225
2015-02-19 00:00:00 UTC,483,-45,227322670,3.8341666666666669
2015-02-19 00:00:00 UTC,483,-45,227641920,2.3604166666666666
2015-02-19 00:00:00 UTC,483,-45,227631450,0.67444444444444451
2015-02-19 00:00:00 UTC,483,-44,227631450,1.0665277777777777
2015-02-19 00:00:00 UTC,483,-44,227578460,0.67916666666666659
2015-02-19 00:00:00 UTC,483,-45,227578460,4.8779166666666658
2015-02-19 00:00:00 UTC,483,-45,227625340,4.3491666666666671
2015-02-19 00:00:00 UTC,483,-57,227472000,4.997361111111112
2015-02-19 00:00:00 UTC,483,-56,227472000,5.8627777777777776
2015-02-19 00:00:00 UTC,483,-45,227315110,0.3288888888888889
2015-02-19 00:00:00 UTC,483,-45,227650230,2.2483333333333331
2015-02-19 00:00:00 UTC,483,-57,226179000,9.1265277777777811
2015-02-19 00:00:00 UTC,483,-56,226179000,1.5083333333333335
2015-02-19 00:00:00 UTC,483,-71,227843000,12.613750000000001
2015-02-19 00:00:00 UTC,483,-45,227177420,0.3165277777777778
2015-02-19 00:00:00 UTC,483,-57,226178000,5.00111111111111
2015-02-19 00:00:00 UTC,483,-58,226178000,0.21458333333333332
2015-02-19 00:00:00 UTC,483,-71,228236000,0.59611111111111115
2015-02-19 00:00:00 UTC,483,-62,227340000,0.24694444444444447
2015-02-19 00:00:00 UTC,483,-59,227340000,1.6838888888888888
2015-02-19 00:00:00 UTC,483,-60,227340000,1.8970833333333332
2015-02-19 00:00:00 UTC,483,-61,227340000,1.4336111111111112
2015-02-19 00:00:00 UTC,483,-45,227571190,0.22902777777777777
2015-02-19 00:00:00 UTC,739,215,258154000,4.6643055555555559
2015-02-19 00:00:00 UTC,-285,1134,503018650,0.71249999999999991
2015-02-19 00:00:00 UTC,-29,1614,412926000,5.051388888888888
2015-02-19 00:00:00 UTC,-29,1797,440624000,12.340972222222224
2015-02-19 00:00:00 UTC,-29,1798,440624000,5.8459722222222217
2015-02-19 00:00:00 UTC,-29,1663,553111734,6.8487499999999981
2015-02-19 00:00:00 UTC,-29,1662,553111734,5.0513888888888889
2015-02-19 00:00:00 UTC,-29,1661,553111734,3.0461111111111112
2015-02-19 00:00:00 UTC,-29,-1678,440931000,5.818194444444444
2015-02-19 00:00:00 UTC,-29,1664,416001500,1.2943055555555556
2015-02-19 00:00:00 UTC,-29,1663,416001500,1.2141666666666666
2015-02-19 00:00:00 UTC,-29,1722,529004000,2.9390277777777776
2015-02-19 00:00:00 UTC,-29,1605,412371194,0.27208333333333334
2015-02-19 00:00:00 UTC,-29,1606,412371194,0.12416666666666668
2015-02-19 00:00:00 UTC,484,-57,228165700,1.0468055555555555
2015-02-19 00:00:00 UTC,484,1414,273438070,3.6919444444444447
2015-02-19 00:00:00 UTC,484,-98,228151700,22.454027777777775
2015-02-19 00:00:00 UTC,484,-56,226179000,0.64583333333333326
2015-02-19 00:00:00 UTC,484,-57,226179000,0.20930555555555558
2015-02-19 00:00:00 UTC,-28,-1800,441098000,5.8001388888888883
2015-02-19 00:00:00 UTC,-28,-1677,440936000,5.8193055555555553
2015-02-19 00:00:00 UTC,-28,-1680,440936000,2.4259722222222222
2015-02-19 00:00:00 UTC,-28,1676,416243600,3.6805555555555558
2015-02-19 00:00:00 UTC,-28,1674,416243600,5.6294444444444443
2015-02-19 00:00:00 UTC,-28,1685,553111735,5.5811111111111114
2015-02-19 00:00:00 UTC,-28,-1675,440931000,5.2430555555555554
2015-02-19 00:00:00 UTC,-28,-1677,440931000,1.7597222222222222
2015-02-19 00:00:00 UTC,-28,1662,416001500,0.32180555555555557
2015-02-19 00:00:00 UTC,-28,1661,416001500,0.16097222222222221
2015-02-19 00:00:00 UTC,-28,1724,529004000,7.0275
2015-02-19 00:00:00 UTC,229,1166,412460662,2.7593055555555552
2015-02-19 00:00:00 UTC,485,1413,273893400,0.21236111111111111
2015-02-19 00:00:00 UTC,485,1414,273893400,0.84597222222222213
2015-02-19 00:00:00 UTC,485,-64,227411000,4.3248611111111108
2015-02-19 00:00:00 UTC,485,-56,228165700,0.22763888888888889
2015-02-19 00:00:00 UTC,485,-59,228165700,7.345
2015-02-19 00:00:00 UTC,485,-57,228165700,1.9698611111111113
2015-02-19 00:00:00 UTC,485,-60,228165700,0.75513888888888892
2015-02-19 00:00:00 UTC,485,-58,227315560,0.87291666666666667
2015-02-19 00:00:00 UTC,485,1414,273438070,3.8900000000000006
2015-02-19 00:00:00 UTC,485,1413,273438070,1.0947222222222222
2015-02-19 00:00:00 UTC,485,1408,273376120,7.4161111111111131
2015-02-19 00:00:00 UTC,485,1407,273376120,1.8627777777777779
2015-02-19 00:00:00 UTC,741,228,258154000,1.5406944444444446
2015-02-19 00:00:00 UTC,741,229,258154000,8.58763888888889
2015-02-19 00:00:00 UTC,-283,384,224132000,1.8606944444444447
2015-02-19 00:00:00 UTC,-283,385,224132000,0.36944444444444446
2015-02-19 00:00:00 UTC,-27,-1680,440936000,6.5772222222222219
2015-02-19 00:00:00 UTC,-27,1674,416243600,0.15972222222222221
2015-02-19 00:00:00 UTC,-27,1676,416243600,8.2680555555555557
2015-02-19 00:00:00 UTC,-27,1725,529004000,0.73986111111111108
2015-02-19 00:00:00 UTC,-27,1724,529004000,1.2347222222222221
2015-02-19 00:00:00 UTC,-27,1673,367359220,4.0458333333333334
2015-02-19 00:00:00 UTC,-27,1672,367359220,2.378333333333333
2015-02-19 00:00:00 UTC,-27,1674,367359220,3.6973611111111113
2015-02-19 00:00:00 UTC,230,1167,412460662,1.5769444444444445
2015-02-19 00:00:00 UTC,230,1167,412460742,1.0865277777777778
2015-02-19 00:00:00 UTC,230,1168,412460746,1.5908333333333333
2015-02-19 00:00:00 UTC,230,1167,412460235,5.0452777777777778
2015-02-19 00:00:00 UTC,230,1168,412460235,0.36555555555555552
2015-02-19 00:00:00 UTC,230,1168,412460762,1.5263888888888888
2015-02-19 00:00:00 UTC,230,1168,412460768,1.4927777777777778
2015-02-19 00:00:00 UTC,230,1168,812460774,1.4048611111111113
2015-02-19 00:00:00 UTC,230,1167,412460266,2.9244444444444446
2015-02-19 00:00:00 UTC,230,1168,412460266,0.3502777777777778
2015-02-19 00:00:00 UTC,486,1413,273893400,5.0787499999999994
2015-02-19 00:00:00 UTC,486,-64,227411000,0.2252777777777778
2015-02-19 00:00:00 UTC,486,-65,227411000,1.6608333333333334
2015-02-19 00:00:00 UTC,486,-65,227827000,4.7534722222222214
2015-02-19 00:00:00 UTC,486,-57,228165700,7.3197222222222225
2015-02-19 00:00:00 UTC,486,-56,228165700,1.6434722222222222
2015-02-19 00:00:00 UTC,486,-57,227315560,3.7444444444444445
2015-02-19 00:00:00 UTC,486,-58,227315560,1.5002777777777778
2015-02-19 00:00:00 UTC,486,-56,227315560,1.4173611111111113
2015-02-19 00:00:00 UTC,486,-55,227315560,0.2088888888888889
2015-02-19 00:00:00 UTC,486,1413,273438070,2.9933333333333336
2015-02-19 00:00:00 UTC,486,1414,273438070,4.162638888888889
2015-02-19 00:00:00 UTC,486,1409,273376120,1.9901388888888885
2015-02-19 00:00:00 UTC,486,1408,273376120,2.6480555555555556
2015-02-19 00:00:00 UTC,486,1407,273376120,0.20277777777777778
2015-02-19 00:00:00 UTC,486,-65,226267000,5.9325
2015-02-19 00:00:00 UTC,486,-65,227143900,4.9820833333333328
2015-02-19 00:00:00 UTC,742,228,258154000,3.11625
2015-02-19 00:00:00 UTC,742,227,258154000,3.0694444444444446
2015-02-19 00:00:00 UTC,-26,-1634,441536000,5.8281944444444447
2015-02-19 00:00:00 UTC,-26,-1636,441536000,6.5590277777777777
2015-02-19 00:00:00 UTC,-26,-1680,440704000,1.162638888888889
2015-02-19 00:00:00 UTC,-26,-1681,440704000,0.10833333333333334
2015-02-19 00:00:00 UTC,-26,-1679,440704000,3.6413888888888888
2015-02-19 00:00:00 UTC,-26,-1678,440704000,3.4594444444444448
2015-02-19 00:00:00 UTC,231,1167,412460662,0.21277777777777779
2015-02-19 00:00:00 UTC,231,1168,412460742,0.45319444444444446
2015-02-19 00:00:00 UTC,231,1167,412460742,0.42305555555555557
2015-02-19 00:00:00 UTC,231,1168,412460235,0.31236111111111109
2015-02-19 00:00:00 UTC,231,1168,412460768,0.57416666666666671
2015-02-19 00:00:00 UTC,231,1168,812460774,0.65180555555555553
2015-02-19 00:00:00 UTC,487,-28,227678480,3.2365277777777783
2015-02-19 00:00:00 UTC,487,-27,227678480,0.63763888888888887
2015-02-19 00:00:00 UTC,487,1413,273893400,10.321666666666665
2015-02-19 00:00:00 UTC,487,-65,227411000,1.7611111111111111
2015-02-19 00:00:00 UTC,487,-65,227827000,4.1029166666666654
2015-02-19 00:00:00 UTC,487,-56,228165700,0.97138888888888886
2015-02-19 00:00:00 UTC,487,-55,228165700,0.89333333333333331
2015-02-19 00:00:00 UTC,487,-57,228165700,0.97541666666666671
2015-02-19 00:00:00 UTC,487,-57,227315560,1.1877777777777776
2015-02-19 00:00:00 UTC,487,-58,227315560,4.8922222222222222
2015-02-19 00:00:00 UTC,487,-56,227315560,1.1654166666666668
2015-02-19 00:00:00 UTC,487,-59,227315560,4.10875
2015-02-19 00:00:00 UTC,487,-55,227315560,1.7179166666666668
2015-02-19 00:00:00 UTC,487,-18,228106600,1.5031944444444445
2015-02-19 00:00:00 UTC,487,1410,273438070,3.4251388888888892
2015-02-19 00:00:00 UTC,487,1413,273438070,0.655
2015-02-19 00:00:00 UTC,487,-65,226267000,1.878611111111111
2015-02-19 00:00:00 UTC,487,-64,226267000,6.3895833333333343
2015-02-19 00:00:00 UTC,487,-24,227323270,1.29125
2015-02-19 00:00:00 UTC,487,-25,227323270,1.6983333333333337
2015-02-19 00:00:00 UTC,487,-71,227941000,3.9084722222222226
2015-02-19 00:00:00 UTC,487,-70,227941000,1.077361111111111
2015-02-19 00:00:00 UTC,487,-65,227143900,9.2608333333333341
2015-02-19 00:00:00 UTC,487,-21,228124900,0.21402777777777779
2015-02-19 00:00:00 UTC,487,-63,227393000,3.3395833333333336
2015-02-19 00:00:00 UTC,487,-66,227393000,1.5115277777777778
2015-02-19 00:00:00 UTC,487,-65,227393000,3.4494444444444445
2015-02-19 00:00:00 UTC,743,226,258154000,3.0581944444444442
2015-02-19 00:00:00 UTC,-281,385,431444000,2.3393055555555557
2015-02-19 00:00:00 UTC,-281,386,431444000,1.6861111111111109
2015-02-19 00:00:00 UTC,-281,384,431444000,0.62944444444444447
2015-02-19 00:00:00 UTC,-281,363,432228000,0.62069444444444444
2015-02-19 00:00:00 UTC,-281,364,432228000,0.1875
2015-02-19 00:00:00 UTC,-281,380,224132000,2.3643055555555557
2015-02-19 00:00:00 UTC,-25,-1678,440704000,0.17486111111111111
2015-02-19 00:00:00 UTC,-25,-1679,440704000,3.9801388888888893
2015-02-19 00:00:00 UTC,-25,-1681,440704000,1.5015277777777776
2015-02-19 00:00:00 UTC,-25,-1680,440704000,2.2398611111111113
2015-02-19 00:00:00 UTC,-25,-1677,440704000,2.0749999999999997
2015-02-19 00:00:00 UTC,-25,-1491,416306451,6.6136111111111111
2015-02-19 00:00:00 UTC,-25,-1451,412331032,3.6334722222222222
2015-02-19 00:00:00 UTC,-25,-1453,412331032,1.7125000000000001
2015-02-19 00:00:00 UTC,-25,-1452,412331032,1.099722222222222
2015-02-19 00:00:00 UTC,-25,-1455,412331032,4.0059722222222218
2015-02-19 00:00:00 UTC,-25,-1454,412331032,1.7166666666666663
2015-02-19 00:00:00 UTC,-25,1654,412439604,0.87638888888888888
2015-02-19 00:00:00 UTC,-25,1652,412439604,0.28763888888888889
2015-02-19 00:00:00 UTC,-25,-1685,440195000,0.37236111111111114
2015-02-19 00:00:00 UTC,-25,-1677,440886000,1.128611111111111
2015-02-19 00:00:00 UTC,232,1168,412470191,1.1447222222222222
2015-02-19 00:00:00 UTC,488,-24,227413000,0.41513888888888884
2015-02-19 00:00:00 UTC,488,-23,227413000,0.40305555555555556
2015-02-19 00:00:00 UTC,488,-61,228203800,5.3547222222222226
2015-02-19 00:00:00 UTC,488,-60,228203800,1.2704166666666665
2015-02-19 00:00:00 UTC,488,-57,228203800,8.5883333333333329
2015-02-19 00:00:00 UTC,488,1413,273893400,6.9130555555555562
2015-02-19 00:00:00 UTC,488,-65,227411000,1.412361111111111
2015-02-19 00:00:00 UTC,488,-64,227411000,4.2225
2015-02-19 00:00:00 UTC,488,-63,227827000,3.6168055555555556
2015-02-19 00:00:00 UTC,488,-65,227827000,0.73944444444444435
2015-02-19 00:00:00 UTC,488,-64,227827000,1.3415277777777779
2015-02-19 00:00:00 UTC,488,-70,227912000,1.7609722222222222
2015-02-19 00:00:00 UTC,488,-18,228337000,0.42097222222222219
2015-02-19 00:00:00 UTC,488,-19,228337000,4.6315277777777775
2015-02-19 00:00:00 UTC,488,-57,227315560,1.3297222222222222
2015-02-19 00:00:00 UTC,488,-59,227315560,1.3811111111111112
2015-02-19 00:00:00 UTC,488,-58,227315560,0.31611111111111112
2015-02-19 00:00:00 UTC,488,1410,273438070,2.4284722222222221
2015-02-19 00:00:00 UTC,488,-64,226267000,5.0551388888888891
2015-02-19 00:00:00 UTC,488,-65,226267000,1.1462499999999998
2015-02-19 00:00:00 UTC,488,-70,227941000,13.654722222222224
2015-02-19 00:00:00 UTC,488,-73,227941000,0.77777777777777779
2015-02-19 00:00:00 UTC,488,-74,227941000,0.9705555555555555
2015-02-19 00:00:00 UTC,488,-17,227569050,4.021805555555555
2015-02-19 00:00:00 UTC,488,-18,227569050,4.1852777777777783
2015-02-19 00:00:00 UTC,488,-18,227940000,6.7173611111111127
2015-02-19 00:00:00 UTC,488,-62,228324000,11.94263888888889
2015-02-19 00:00:00 UTC,488,-27,227667630,0.20833333333333331
2015-02-19 00:00:00 UTC,488,-106,224792000,4.77375
2015-02-19 00:00:00 UTC,488,-105,224792000,8.7375
2015-02-19 00:00:00 UTC,488,-60,227144900,3.4172222222222226
2015-02-19 00:00:00 UTC,488,-63,232005840,0.79652777777777772
2015-02-19 00:00:00 UTC,488,-64,232005850,1.4176388888888889
2015-02-19 00:00:00 UTC,488,-63,232005850,0.6331944444444445
2015-02-19 00:00:00 UTC,488,-61,232005850,3.1997222222222224
2015-02-19 00:00:00 UTC,488,-62,232005850,1.1600000000000001
2015-02-19 00:00:00 UTC,488,-64,227143900,5.46125
2015-02-19 00:00:00 UTC,488,-65,227143900,1.0245833333333334
2015-02-19 00:00:00 UTC,488,-20,227319780,7.2309722222222241
2015-02-19 00:00:00 UTC,488,-64,227393000,3.6181944444444443
2015-02-19 00:00:00 UTC,488,-66,227393000,1.3384722222222221
2015-02-19 00:00:00 UTC,488,-63,227393000,0.70611111111111113
2015-02-19 00:00:00 UTC,488,-65,227393000,1.7786111111111111
2015-02-19 00:00:00 UTC,488,-19,226198000,1.9220833333333331
2015-02-19 00:00:00 UTC,488,-18,226198000,7.85
2015-02-19 00:00:00 UTC,488,-111,235000820,6.6975
2015-02-19 00:00:00 UTC,-280,389,432426000,1.1348611111111111
2015-02-19 00:00:00 UTC,-280,385,431444000,2.2608333333333333
2015-02-19 00:00:00 UTC,-280,384,431444000,6.8455555555555563
2015-02-19 00:00:00 UTC,-280,378,224132000,4.0580555555555557
2015-02-19 00:00:00 UTC,-24,-1676,440704000,0.29319444444444442
2015-02-19 00:00:00 UTC,-24,-1677,440704000,0.38902777777777775
2015-02-19 00:00:00 UTC,-24,-1493,416306451,5.765
2015-02-19 00:00:00 UTC,-24,-1451,412331032,1.4791666666666663
2015-02-19 00:00:00 UTC,-24,-1452,412331032,1.7373611111111109
2015-02-19 00:00:00 UTC,-24,-1450,412331032,2.8875
2015-02-19 00:00:00 UTC,-24,1717,416237500,0.20555555555555555
2015-02-19 00:00:00 UTC,-24,-1677,440886000,4.5780555555555553
2015-02-19 00:00:00 UTC,-24,-1679,440886000,3.4779166666666668
2015-02-19 00:00:00 UTC,233,1168,412470553,1.7365277777777779
2015-02-19 00:00:00 UTC,233,1170,875422777,0.81402777777777779
2015-02-19 00:00:00 UTC,489,-24,227413000,0.82666666666666666
2015-02-19 00:00:00 UTC,489,-25,227413000,0.83874999999999988
2015-02-19 00:00:00 UTC,489,-61,228203800,0.45597222222222222
2015-02-19 00:00:00 UTC,489,-57,228203800,3.2456944444444442
2015-02-19 00:00:00 UTC,489,-60,228203800,6.13111111111111
2015-02-19 00:00:00 UTC,489,-56,228203800,3.6627777777777775
2015-02-19 00:00:00 UTC,489,1413,273893400,0.20152777777777778
2015-02-19 00:00:00 UTC,489,-69,227912000,5.5152777777777775
2015-02-19 00:00:00 UTC,489,-73,227941000,1.02875
2015-02-19 00:00:00 UTC,489,-72,227941000,4.0654166666666667
2015-02-19 00:00:00 UTC,489,-20,227940000,1.0909722222222222
2015-02-19 00:00:00 UTC,489,-62,232005800,0.61763888888888885
2015-02-19 00:00:00 UTC,489,-64,232005800,0.51638888888888879
2015-02-19 00:00:00 UTC,489,-63,232005800,1.6895833333333332
2015-02-19 00:00:00 UTC,489,-25,227667630,0.75416666666666665
2015-02-19 00:00:00 UTC,489,-26,227667630,0.93361111111111117
2015-02-19 00:00:00 UTC,489,-60,227144900,3.5018055555555554
2015-02-19 00:00:00 UTC,489,-57,227144900,2.4468055555555557
2015-02-19 00:00:00 UTC,489,-59,227144900,4.1922222222222221
2015-02-19 00:00:00 UTC,489,-64,232005840,1.462638888888889
2015-02-19 00:00:00 UTC,489,-62,232005840,3.98875
2015-02-19 00:00:00 UTC,489,-60,232005850,2.9793055555555554
2015-02-19 00:00:00 UTC,489,-64,232005850,0.47722222222222221
2015-02-19 00:00:00 UTC,489,-63,232005850,5.5456944444444449
2015-02-19 00:00:00 UTC,489,-62,232005850,0.59541666666666671
2015-02-19 00:00:00 UTC,489,-20,227319780,2.4740277777777777
2015-02-19 00:00:00 UTC,489,-112,235000820,0.87861111111111123
2015-02-19 00:00:00 UTC,489,-111,235000820,12.871944444444443
2015-02-19 00:00:00 UTC,745,308,257225000,3.8972222222222221
2015-02-19 00:00:00 UTC,745,312,257225000,1.5875
2015-02-19 00:00:00 UTC,745,314,257225000,1.5834722222222222
2015-02-19 00:00:00 UTC,745,311,257225000,1.5486111111111112
2015-02-19 00:00:00 UTC,-279,389,432426000,3.8058333333333318
2015-02-19 00:00:00 UTC,-279,388,432426000,2.2720833333333332
2015-02-19 00:00:00 UTC,-279,376,224132000,0.21013888888888888
2015-02-19 00:00:00 UTC,-23,-1632,441536000,5.8394444444444442
2015-02-19 00:00:00 UTC,-23,-1676,440704000,0.9276388888888889
2015-02-19 00:00:00 UTC,-23,1765,440703000,12.340694444444445
2015-02-19 00:00:00 UTC,-23,1766,440703000,5.854166666666667
2015-02-19 00:00:00 UTC,-23,1644,416004728,3.1936111111111112
2015-02-19 00:00:00 UTC,-23,-1667,440919000,11.639166666666666
2015-02-19 00:00:00 UTC,-23,-1676,440886000,0.5025
2015-02-19 00:00:00 UTC,-23,-1681,440886000,2.0441666666666665
2015-02-19 00:00:00 UTC,-23,-1682,440886000,1.6184722222222223
2015-02-19 00:00:00 UTC,-23,-1679,440886000,3.782083333333333
2015-02-19 00:00:00 UTC,-23,-1677,440886000,1.1245833333333333
2015-02-19 00:00:00 UTC,-23,-1680,440886000,4.7073611111111111
2015-02-19 00:00:00 UTC,490,-25,227413000,2.5454166666666667
2015-02-19 00:00:00 UTC,490,-57,228203800,1.8327777777777778
2015-02-19 00:00:00 UTC,490,-62,232005670,2.0129166666666669
2015-02-19 00:00:00 UTC,490,-60,232005670,6.0581944444444451
2015-02-19 00:00:00 UTC,490,-61,232005670,6.1672222222222226
2015-02-19 00:00:00 UTC,490,-62,232005700,2.8872222222222224
2015-02-19 00:00:00 UTC,490,-23,228157800,1.7097222222222224
2015-02-19 00:00:00 UTC,490,-24,228157800,22.20013888888889
2015-02-19 00:00:00 UTC,490,-61,232005775,0.64555555555555555
2015-02-19 00:00:00 UTC,490,-59,232005775,2.8808333333333338
2015-02-19 00:00:00 UTC,490,-60,232005775,2.6230555555555553
2015-02-19 00:00:00 UTC,490,-62,232005780,0.30138888888888893
2015-02-19 00:00:00 UTC,490,-62,235096987,0.768888888888889
2015-02-19 00:00:00 UTC,490,-73,227364000,0.20527777777777778
2015-02-19 00:00:00 UTC,490,-61,232005800,2.9416666666666664
2015-02-19 00:00:00 UTC,490,-64,232005800,1.1161111111111111
2015-02-19 00:00:00 UTC,490,-62,232005800,0.70972222222222225
2015-02-19 00:00:00 UTC,490,-63,232005800,2.848611111111111
2015-02-19 00:00:00 UTC,490,-60,232005800,3.1620833333333329
2015-02-19 00:00:00 UTC,490,-26,227667630,0.6002777777777778
2015-02-19 00:00:00 UTC,490,-25,227667630,0.22916666666666669
2015-02-19 00:00:00 UTC,490,-57,227144900,2.3502777777777779
2015-02-19 00:00:00 UTC,490,-56,227144900,7.5073611111111118
2015-02-19 00:00:00 UTC,490,-26,228221900,1.0509722222222222
2015-02-19 00:00:00 UTC,490,-25,228221900,0.63569444444444445
2015-02-19 00:00:00 UTC,490,-63,232005840,1.4930555555555556
2015-02-19 00:00:00 UTC,490,-62,232005840,0.60972222222222217
2015-02-19 00:00:00 UTC,490,-60,232005840,3.1901388888888889
2015-02-19 00:00:00 UTC,490,-64,232005840,1.6456944444444443
2015-02-19 00:00:00 UTC,490,-60,232005850,0.94847222222222216
2015-02-19 00:00:00 UTC,490,-62,232005850,0.35833333333333334
2015-02-19 00:00:00 UTC,490,-59,232005850,2.6516666666666668
2015-02-19 00:00:00 UTC,490,-61,232005850,1.2241666666666666
2015-02-19 00:00:00 UTC,490,-25,228124900,0.8536111111111111
2015-02-19 00:00:00 UTC,490,-114,235000820,6.5220833333333328
2015-02-19 00:00:00 UTC,490,-112,235000820,1.2243055555555555
2015-02-19 00:00:00 UTC,490,-67,232005630,2.3970833333333332
2015-02-19 00:00:00 UTC,490,-68,232005630,6.2169444444444437
2015-02-19 00:00:00 UTC,-278,388,432426000,3.5115277777777774
2015-02-19 00:00:00 UTC,-278,376,224132000,1.2770833333333331
2015-02-19 00:00:00 UTC,-278,462,432226000,5.8065277777777773
2015-02-19 00:00:00 UTC,-22,-1633,441536000,6.5783333333333331
2015-02-19 00:00:00 UTC,-22,1767,440703000,5.8220833333333335
2015-02-19 00:00:00 UTC,-22,1673,412439605,2.9776388888888889
2015-02-19 00:00:00 UTC,-22,1674,412439605,5.2293055555555545
2015-02-19 00:00:00 UTC,-22,1797,440584000,0.19041666666666668
2015-02-19 00:00:00 UTC,-22,1796,440584000,0.27416666666666667
2015-02-19 00:00:00 UTC,-22,1774,440935000,1.0945833333333335
2015-02-19 00:00:00 UTC,-22,1772,440935000,1.0431944444444445
2015-02-19 00:00:00 UTC,-22,1773,440935000,0.93333333333333324
2015-02-19 00:00:00 UTC,-22,1771,440935000,0.85416666666666674
2015-02-19 00:00:00 UTC,-22,-1509,431101320,6.619305555555556
2015-02-19 00:00:00 UTC,-22,-1508,431101320,5.8154166666666667
2015-02-19 00:00:00 UTC,-22,565,416004790,2.7361111111111112
2015-02-19 00:00:00 UTC,-22,566,416004790,4.4459722222222222
2015-02-19 00:00:00 UTC,-22,567,416004790,1.1429166666666668
2015-02-19 00:00:00 UTC,-22,-1684,440195000,1.3243055555555554
2015-02-19 00:00:00 UTC,-22,1717,416237500,1.243611111111111
2015-02-19 00:00:00 UTC,-22,-1504,431500530,1.2859722222222223
2015-02-19 00:00:00 UTC,-22,-1509,431500530,0.49444444444444446
2015-02-19 00:00:00 UTC,-22,-1507,431500530,2.2601388888888896
2015-02-19 00:00:00 UTC,-22,-1506,431500530,2.260416666666667
2015-02-19 00:00:00 UTC,-22,-1502,431500530,0.46486111111111106
2015-02-19 00:00:00 UTC,-22,-1510,431500530,0.53916666666666668
2015-02-19 00:00:00 UTC,-22,-1505,431500530,1.7951388888888888
2015-02-19 00:00:00 UTC,-22,-1503,431500530,4.12361111111111
2015-02-19 00:00:00 UTC,-22,-1508,431500530,2.844583333333333
2015-02-19 00:00:00 UTC,-22,-1501,431500530,3.7279166666666663
2015-02-19 00:00:00 UTC,491,-25,228157700,10.191666666666665
2015-02-19 00:00:00 UTC,491,-25,227413000,1.3015277777777778
2015-02-19 00:00:00 UTC,491,-60,228213000,0.21375
2015-02-19 00:00:00 UTC,491,-62,228213000,0.26513888888888887
2015-02-19 00:00:00 UTC,491,-61,228213000,1.2515277777777778
2015-02-19 00:00:00 UTC,491,-62,232005670,0.29430555555555554
2015-02-19 00:00:00 UTC,491,-60,232005670,1.0193055555555555
2015-02-19 00:00:00 UTC,491,-61,232005670,1.0409722222222224
2015-02-19 00:00:00 UTC,491,-59,232005670,4.175
2015-02-19 00:00:00 UTC,491,-418,231112000,0.69166666666666665
2015-02-19 00:00:00 UTC,491,-60,232005700,1.649861111111111
2015-02-19 00:00:00 UTC,491,-61,232005775,1.7229166666666667
2015-02-19 00:00:00 UTC,491,-59,232005775,2.2195833333333335
2015-02-19 00:00:00 UTC,491,-60,232005775,1.6359722222222222
2015-02-19 00:00:00 UTC,491,-58,232005775,14.397361111111113
2015-02-19 00:00:00 UTC,491,-62,232005775,0.81513888888888886
2015-02-19 00:00:00 UTC,491,-62,232005780,2.235555555555556
2015-02-19 00:00:00 UTC,491,-61,235096987,0.48319444444444443
2015-02-19 00:00:00 UTC,491,-62,235096987,1.1234722222222222
2015-02-19 00:00:00 UTC,491,-61,232005800,2.0055555555555555
2015-02-19 00:00:00 UTC,491,-62,232005800,2.1195833333333338
2015-02-19 00:00:00 UTC,491,-60,232005800,4.46
2015-02-19 00:00:00 UTC,491,-59,232005800,1.9070833333333335
2015-02-19 00:00:00 UTC,491,-26,228221900,0.64888888888888885
2015-02-19 00:00:00 UTC,491,-62,232005840,1.9598611111111113
2015-02-19 00:00:00 UTC,491,-60,232005840,4.1893055555555563
2015-02-19 00:00:00 UTC,491,-63,232005840,1.1515277777777779
2015-02-19 00:00:00 UTC,491,-61,232005840,1.1601388888888891
2015-02-19 00:00:00 UTC,491,-1271,316014803,1.6151388888888891
2015-02-19 00:00:00 UTC,491,-1270,316014803,1.4890277777777778
2015-02-19 00:00:00 UTC,491,-25,228124900,4.8915277777777773
2015-02-19 00:00:00 UTC,491,-24,228124900,0.22763888888888889
2015-02-19 00:00:00 UTC,-277,376,224132000,0.2533333333333333
2015-02-19 00:00:00 UTC,-277,461,432226000,5.389722222222221
2015-02-19 00:00:00 UTC,-277,462,432226000,1.2698611111111111
2015-02-19 00:00:00 UTC,-21,1766,441811000,13.5625
2015-02-19 00:00:00 UTC,-21,-1672,440936000,8.8044444444444441
2015-02-19 00:00:00 UTC,-21,1797,440584000,3.6137499999999996
2015-02-19 00:00:00 UTC,-21,1769,440935000,0.4193055555555556
2015-02-19 00:00:00 UTC,-21,1770,440935000,0.671111111111111
2015-02-19 00:00:00 UTC,-21,1666,416017500,11.927222222222223
2015-02-19 00:00:00 UTC,-21,1678,452005511,6.2806944444444444
2015-02-19 00:00:00 UTC,-21,-1500,431101320,11.642916666666668
2015-02-19 00:00:00 UTC,-21,1697,416836000,5.0372222222222209
2015-02-19 00:00:00 UTC,-21,1698,416836000,5.8466666666666658
2015-02-19 00:00:00 UTC,-21,567,416004790,0.68055555555555558
2015-02-19 00:00:00 UTC,-21,-1508,431500530,3.0277777777777777
2015-02-19 00:00:00 UTC,-21,-1510,431500530,1.1751388888888887
2015-02-19 00:00:00 UTC,236,1176,412446024,2.6677777777777782
2015-02-19 00:00:00 UTC,236,1175,412446024,1.5169444444444444
2015-02-19 00:00:00 UTC,236,1176,412446046,3.0558333333333341
2015-02-19 00:00:00 UTC,236,1175,412446046,0.21791666666666665
2015-02-19 00:00:00 UTC,236,1176,412446072,12.042916666666665
2015-02-19 00:00:00 UTC,236,1176,412446075,1.1241666666666668
2015-02-19 00:00:00 UTC,236,1176,412446078,0.685138888888889
2015-02-19 00:00:00 UTC,236,1175,813023376,1.1106944444444444
2015-02-19 00:00:00 UTC,236,1176,813023376,3.370277777777777
2015-02-19 00:00:00 UTC,236,1176,412446114,0.2275
2015-02-19 00:00:00 UTC,236,1176,412446137,1.911388888888889
2015-02-19 00:00:00 UTC,236,1175,412446147,0.61805555555555558
2015-02-19 00:00:00 UTC,492,-25,228157700,0.88305555555555559
2015-02-19 00:00:00 UTC,492,-60,228213000,1.5154166666666666
2015-02-19 00:00:00 UTC,492,-63,228213000,1.2775000000000003
2015-02-19 00:00:00 UTC,492,-62,228213000,1.3668055555555554
2015-02-19 00:00:00 UTC,492,-93,226045000,5.871944444444444
2015-02-19 00:00:00 UTC,492,-61,232005780,1.1358333333333333
2015-02-19 00:00:00 UTC,492,-61,235096987,1.4552777777777777
2015-02-19 00:00:00 UTC,492,-55,228324000,5.0763888888888884
2015-02-19 00:00:00 UTC,492,-1270,316014803,0.45513888888888887
2015-02-19 00:00:00 UTC,492,-1271,316014803,10.769583333333333
2015-02-19 00:00:00 UTC,492,-67,232005630,3.7830555555555554
2015-02-19 00:00:00 UTC,492,-64,232005630,0.41930555555555554
2015-02-19 00:00:00 UTC,492,-66,232005630,1.2548611111111112
2015-02-19 00:00:00 UTC,492,-65,232005630,1.0218055555555554
2015-02-19 00:00:00 UTC,748,369,258099000,1.536111111111111
2015-02-19 00:00:00 UTC,-276,375,224132000,0.76388888888888884
2015-02-19 00:00:00 UTC,-276,376,224132000,0.65152777777777771
2015-02-19 00:00:00 UTC,-276,462,432226000,0.53597222222222218
2015-02-19 00:00:00 UTC,-276,461,432226000,0.90777777777777779
2015-02-19 00:00:00 UTC,-276,396,431798000,2.6197222222222223
2015-02-19 00:00:00 UTC,-276,394,431798000,1.6066666666666665
2015-02-19 00:00:00 UTC,-276,395,431798000,1.7455555555555555
2015-02-19 00:00:00 UTC,-20,-1796,441098000,12.361944444444443
2015-02-19 00:00:00 UTC,-20,-1795,441098000,5.86125
2015-02-19 00:00:00 UTC,-20,1690,416894000,4.88125
2015-02-19 00:00:00 UTC,-20,1769,440935000,0.99305555555555558
2015-02-19 00:00:00 UTC,-20,1657,416411000,12.362916666666667
2015-02-19 00:00:00 UTC,-20,1679,452005511,8.5719444444444441
2015-02-19 00:00:00 UTC,-20,1698,416836000,2.62375
2015-02-19 00:00:00 UTC,-20,1642,553111733,3.8961111111111109
2015-02-19 00:00:00 UTC,-20,1643,553111733,8.70597222222222
2015-02-19 00:00:00 UTC,-20,1641,553111733,5.1391666666666671
2015-02-19 00:00:00 UTC,-20,1640,553111733,1.4554166666666668
2015-02-19 00:00:00 UTC,-20,566,416004790,4.7583333333333329
2015-02-19 00:00:00 UTC,-20,567,416004790,0.5820833333333334
2015-02-19 00:00:00 UTC,237,1175,412446016,0.15055555555555555
2015-02-19 00:00:00 UTC,237,1176,412446046,0.99583333333333324
2015-02-19 00:00:00 UTC,237,1176,412446072,0.2265277777777778
2015-02-19 00:00:00 UTC,237,1175,412446072,0.42972222222222223
2015-02-19 00:00:00 UTC,237,1176,412446075,0.55027777777777775
2015-02-19 00:00:00 UTC,237,1176,412446078,1.95375
2015-02-19 00:00:00 UTC,237,1177,412446114,0.41750000000000004
2015-02-19 00:00:00 UTC,237,1176,412446137,0.94291666666666674
2015-02-19 00:00:00 UTC,237,1176,200000975,0.29819444444444443
2015-02-19 00:00:00 UTC,237,1176,412446171,0.20375
2015-02-19 00:00:00 UTC,493,-61,228213000,0.41375
2015-02-19 00:00:00 UTC,493,-62,228213000,1.435138888888889
2015-02-19 00:00:00 UTC,493,-415,231112000,0.20972222222222223
2015-02-19 00:00:00 UTC,493,-95,226045000,8.6751388888888883
2015-02-19 00:00:00 UTC,493,-94,226045000,2.0720833333333335
2015-02-19 00:00:00 UTC,493,-61,232005780,1.1179166666666669
2015-02-19 00:00:00 UTC,493,-60,232005780,0.72805555555555557
2015-02-19 00:00:00 UTC,493,-59,235096987,1.0330555555555556
2015-02-19 00:00:00 UTC,493,-61,235096987,0.20569444444444446
2015-02-19 00:00:00 UTC,493,-60,235096987,1.0375
2015-02-19 00:00:00 UTC,493,-65,232005630,1.2706944444444443
2015-02-19 00:00:00 UTC,493,-62,232005630,1.4472222222222222
2015-02-19 00:00:00 UTC,493,-63,232005630,1.6886111111111113
2015-02-19 00:00:00 UTC,493,-64,232005630,1.9970833333333335
2015-02-19 00:00:00 UTC,-275,375,224132000,1.2625000000000002
2015-02-19 00:00:00 UTC,-275,462,432226000,4.1673611111111111
2015-02-19 00:00:00 UTC,-275,396,431798000,1.6933333333333336
2015-02-19 00:00:00 UTC,-275,392,431798000,1.6111111111111112
2015-02-19 00:00:00 UTC,-275,393,431798000,1.5504166666666668
2015-02-19 00:00:00 UTC,-19,1649,510057000,8.55513888888889
2015-02-19 00:00:00 UTC,-19,1690,416894000,2.7879166666666664
2015-02-19 00:00:00 UTC,-19,1691,416894000,0.55763888888888891
2015-02-19 00:00:00 UTC,-19,1768,440935000,2.7863888888888888
2015-02-19 00:00:00 UTC,-19,1660,553111698,0.15097222222222223
2015-02-19 00:00:00 UTC,-19,566,416004790,2.0106944444444443
2015-02-19 00:00:00 UTC,-19,565,416004790,3.7154166666666666
2015-02-19 00:00:00 UTC,-19,567,416004790,0.64694444444444443
2015-02-19 00:00:00 UTC,-19,-1685,440195000,0.80513888888888885
2015-02-19 00:00:00 UTC,-19,-1686,440195000,2.9515277777777778
2015-02-19 00:00:00 UTC,-19,-1663,440919000,13.166250000000002
2015-02-19 00:00:00 UTC,-19,-1682,529729000,7.9318055555555569
2015-02-19 00:00:00 UTC,494,-59,228213000,0.42930555555555555
2015-02-19 00:00:00 UTC,494,-61,228213000,1.0438888888888891
2015-02-19 00:00:00 UTC,494,-60,228213000,1.4419444444444443
2015-02-19 00:00:00 UTC,494,-412,231112000,0.66083333333333338
2015-02-19 00:00:00 UTC,494,-50,228021600,2.213888888888889
2015-02-19 00:00:00 UTC,494,-51,228021600,1.2806944444444444
2015-02-19 00:00:00 UTC,494,-52,228021600,2.3295833333333333
2015-02-19 00:00:00 UTC,494,-49,228021600,3.68
2015-02-19 00:00:00 UTC,494,-116,227579000,10.847361111111113
2015-02-19 00:00:00 UTC,494,-60,232005780,1.0494444444444446
2015-02-19 00:00:00 UTC,494,-59,232005780,1.0462500000000001
2015-02-19 00:00:00 UTC,494,-57,235096987,0.20277777777777778
2015-02-19 00:00:00 UTC,494,-58,235096987,1.4540277777777777
2015-02-19 00:00:00 UTC,494,-59,235096987,0.41833333333333333
2015-02-19 00:00:00 UTC,494,-51,227469000,2.2773611111111105
2015-02-19 00:00:00 UTC,494,-52,227469000,0.40805555555555556
2015-02-19 00:00:00 UTC,494,-50,227468000,0.21805555555555556
2015-02-19 00:00:00 UTC,494,-51,227468000,2.3731944444444442
2015-02-19 00:00:00 UTC,494,-52,227468000,0.61541666666666672
2015-02-19 00:00:00 UTC,494,-62,232005630,1.2502777777777778
2015-02-19 00:00:00 UTC,494,-64,232005630,0.20611111111111111
2015-02-19 00:00:00 UTC,494,-63,232005630,1.0551388888888888
2015-02-19 00:00:00 UTC,750,373,258099000,2.3513888888888888
2015-02-19 00:00:00 UTC,750,393,277512000,1.5279166666666666
2015-02-19 00:00:00 UTC,750,389,277512000,5.4165277777777776
2015-02-19 00:00:00 UTC,750,390,277512000,4.6511111111111116
2015-02-19 00:00:00 UTC,-530,-592,233659000,0.51958333333333329
2015-02-19 00:00:00 UTC,-530,-595,233659000,0.7448611111111112
2015-02-19 00:00:00 UTC,-530,-596,233659000,0.24277777777777779
2015-02-19 00:00:00 UTC,-530,-591,233659000,0.51097222222222216
2015-02-19 00:00:00 UTC,-530,-598,233659000,3.9945833333333334
2015-02-19 00:00:00 UTC,-530,-597,233659000,0.82944444444444454
2015-02-19 00:00:00 UTC,-530,-594,233659000,0.7583333333333333
2015-02-19 00:00:00 UTC,-530,-593,233659000,0.88472222222222219
2015-02-19 00:00:00 UTC,-274,375,224132000,4.1141666666666667
2015-02-19 00:00:00 UTC,-274,462,432226000,0.53763888888888889
2015-02-19 00:00:00 UTC,-274,391,431798000,2.1775
2015-02-19 00:00:00 UTC,-18,1647,510057000,6.0806944444444442
2015-02-19 00:00:00 UTC,-18,1649,510057000,0.045
2015-02-19 00:00:00 UTC,-18,1796,440584000,2.94
2015-02-19 00:00:00 UTC,-18,1790,440636000,5.8251388888888886
2015-02-19 00:00:00 UTC,-18,567,416004790,0.93374999999999986
2015-02-19 00:00:00 UTC,-18,566,416004790,1.2268055555555557
2015-02-19 00:00:00 UTC,-18,565,416004790,0.93708333333333327
2015-02-19 00:00:00 UTC,-18,-1683,529729000,8.1119444444444433
2015-02-19 00:00:00 UTC,495,1556,273843200,1.8709722222222223
2015-02-19 00:00:00 UTC,495,1555,273843200,2.4875
2015-02-19 00:00:00 UTC,495,-58,228213000,1.7063888888888892
2015-02-19 00:00:00 UTC,495,-57,228213000,0.20722222222222222
2015-02-19 00:00:00 UTC,495,-59,228213000,1.1013888888888888
2015-02-19 00:00:00 UTC,495,-55,228213000,0.41236111111111112
2015-02-19 00:00:00 UTC,495,-54,228213000,0.20833333333333331
2015-02-19 00:00:00 UTC,495,-56,228213000,0.20708333333333334
2015-02-19 00:00:00 UTC,495,-3,228330000,0.8288888888888889
2015-02-19 00:00:00 UTC,495,-6,227519000,3.5247222222222225
2015-02-19 00:00:00 UTC,495,-7,227519000,4.5206944444444455
2015-02-19 00:00:00 UTC,495,-4,227519000,1.0333333333333332
2015-02-19 00:00:00 UTC,495,-3,227519000,2.7041666666666666
2015-02-19 00:00:00 UTC,495,-5,227519000,1.0319444444444446
2015-02-19 00:00:00 UTC,495,-2,227519000,0.60305555555555557
2015-02-19 00:00:00 UTC,495,-114,224115000,10.850694444444445
2015-02-19 00:00:00 UTC,495,-410,231112000,0.48069444444444448
2015-02-19 00:00:00 UTC,495,-411,231112000,0.2375
2015-02-19 00:00:00 UTC,495,-409,231112000,0.33888888888888891
2015-02-19 00:00:00 UTC,495,-3,227316550,1.5488888888888888
2015-02-19 00:00:00 UTC,495,-2,227316550,17.738472222222224
2015-02-19 00:00:00 UTC,495,-51,227143500,1.5330555555555554
2015-02-19 00:00:00 UTC,495,-48,227143500,0.44694444444444448
2015-02-19 00:00:00 UTC,495,-49,227143500,1.4779166666666665
2015-02-19 00:00:00 UTC,495,-50,227143500,1.4751388888888886
2015-02-19 00:00:00 UTC,495,-48,228021600,5.2472222222222227
2015-02-19 00:00:00 UTC,495,-49,228021600,5.3584722222222219
2015-02-19 00:00:00 UTC,495,-50,228021600,1.9366666666666668
2015-02-19 00:00:00 UTC,495,-44,227313000,1.5780555555555555
2015-02-19 00:00:00 UTC,495,-49,227558000,6.23111111111111
2015-02-19 00:00:00 UTC,495,-51,227558000,2.1069444444444443
2015-02-19 00:00:00 UTC,495,-47,227558000,0.82472222222222225
2015-02-19 00:00:00 UTC,495,-48,227558000,4.8573611111111115
2015-02-19 00:00:00 UTC,495,-50,227558000,4.0841666666666656
2015-02-19 00:00:00 UTC,495,-1274,316007542,9.956666666666667
2015-02-19 00:00:00 UTC,495,-116,227579000,5.766111111111111
2015-02-19 00:00:00 UTC,495,-45,227312000,6.8354166666666671
2015-02-19 00:00:00 UTC,495,-46,227312000,2.7308333333333334
2015-02-19 00:00:00 UTC,495,-59,232005780,1.8558333333333334
2015-02-19 00:00:00 UTC,495,-57,235096987,1.67625
2015-02-19 00:00:00 UTC,495,-41,227142300,0.21111111111111111
2015-02-19 00:00:00 UTC,495,-48,227469000,5.1516666666666655
2015-02-19 00:00:00 UTC,495,-50,227469000,5.4865277777777779
2015-02-19 00:00:00 UTC,495,-47,227469000,1.3738888888888887
2015-02-19 00:00:00 UTC,495,-49,227469000,4.6215277777777777
2015-02-19 00:00:00 UTC,495,-51,227469000,3.5780555555555562
2015-02-19 00:00:00 UTC,495,-52,227469000,0.45166666666666666
2015-02-19 00:00:00 UTC,495,-51,227330000,3.8975000000000004
2015-02-19 00:00:00 UTC,495,-52,227330000,3.6273611111111115
2015-02-19 00:00:00 UTC,495,-50,227330000,10.268055555555556
2015-02-19 00:00:00 UTC,495,-53,227330000,4.2055555555555557
2015-02-19 00:00:00 UTC,495,-52,227468000,1.0452777777777778
2015-02-19 00:00:00 UTC,495,-51,227468000,5.1954166666666675
2015-02-19 00:00:00 UTC,495,-48,227468000,4.2363888888888894
2015-02-19 00:00:00 UTC,495,-50,227468000,4.4075
2015-02-19 00:00:00 UTC,495,-49,227468000,6.0455555555555565
2015-02-19 00:00:00 UTC,495,-50,228028900,4.6118055555555557
2015-02-19 00:00:00 UTC,495,-51,228028900,2.6981944444444448
2015-02-19 00:00:00 UTC,495,-49,228028900,4.6859722222222215
2015-02-19 00:00:00 UTC,495,-52,228028900,0.8375
2015-02-19 00:00:00 UTC,495,-47,228028900,0.23208333333333334
2015-02-19 00:00:00 UTC,495,-48,228028900,13.392083333333332
2015-02-19 00:00:00 UTC,-529,-588,233659000,0.51
2015-02-19 00:00:00 UTC,-529,-589,233659000,0.52083333333333326
2015-02-19 00:00:00 UTC,-529,-590,233659000,0.69819444444444434
2015-02-19 00:00:00 UTC,-17,1796,440584000,2.4186111111111108
2015-02-19 00:00:00 UTC,-17,1660,553111698,0.17944444444444446
2015-02-19 00:00:00 UTC,-17,-1679,440770000,11.639166666666666
2015-02-19 00:00:00 UTC,496,1556,273843200,4.0790277777777781
2015-02-19 00:00:00 UTC,496,-1274,316001025,11.596250000000003
2015-02-19 00:00:00 UTC,496,-1275,316001025,0.79152777777777783
2015-02-19 00:00:00 UTC,496,-36,228033800,9.4615277777777784
2015-02-19 00:00:00 UTC,496,-35,228033800,2.4325
2015-02-19 00:00:00 UTC,496,-3,227301390,1.4983333333333335
2015-02-19 00:00:00 UTC,496,-4,228330000,0.21263888888888888
2015-02-19 00:00:00 UTC,496,-3,228330000,3.9466666666666672
2015-02-19 00:00:00 UTC,496,-3,227423000,1.9981944444444444
2015-02-19 00:00:00 UTC,496,-7,227519000,0.20652777777777778
2015-02-19 00:00:00 UTC,496,-6,227519000,1.4486111111111111
2015-02-19 00:00:00 UTC,496,-42,227358000,2.5634722222222224
2015-02-19 00:00:00 UTC,496,-46,227358000,0.48194444444444445
2015-02-19 00:00:00 UTC,496,-113,224115000,1.0305555555555554
2015-02-19 00:00:00 UTC,496,-36,227592000,2.649861111111111
2015-02-19 00:00:00 UTC,496,-37,227592000,0.56388888888888888
2015-02-19 00:00:00 UTC,496,-2,227316550,3.2169444444444442
2015-02-19 00:00:00 UTC,496,-3,227316550,3.675
2015-02-19 00:00:00 UTC,496,-49,227143500,3.88625
2015-02-19 00:00:00 UTC,496,-51,227143500,2.7055555555555557
2015-02-19 00:00:00 UTC,496,-47,227143500,2.0334722222222221
2015-02-19 00:00:00 UTC,496,-53,227143500,1.01375
2015-02-19 00:00:00 UTC,496,-50,227143500,5.0483333333333338
2015-02-19 00:00:00 UTC,496,-52,227143500,1.2377777777777776
2015-02-19 00:00:00 UTC,496,-48,227143500,3.2713888888888891
2015-02-19 00:00:00 UTC,496,-45,227313000,1.066527777777778
2015-02-19 00:00:00 UTC,496,-44,227313000,2.0845833333333332
2015-02-19 00:00:00 UTC,496,-43,227313000,0.90013888888888882
2015-02-19 00:00:00 UTC,496,-46,227313000,1.34125
2015-02-19 00:00:00 UTC,496,-47,227558000,1.4372222222222222
2015-02-19 00:00:00 UTC,496,-46,227558000,2.2566666666666668
2015-02-19 00:00:00 UTC,496,-48,227558000,0.20444444444444443
2015-02-19 00:00:00 UTC,496,-45,227558000,1.8738888888888889
2015-02-19 00:00:00 UTC,496,-31,228326000,1.0248611111111112
2015-02-19 00:00:00 UTC,496,-30,228326000,1.0197222222222222
2015-02-19 00:00:00 UTC,496,-1274,316007542,11.840555555555556
2015-02-19 00:00:00 UTC,496,-116,227579000,14.130694444444444
2015-02-19 00:00:00 UTC,496,-42,227312000,5.5931944444444444
2015-02-19 00:00:00 UTC,496,-43,227312000,5.36125
2015-02-19 00:00:00 UTC,496,-59,232005780,0.61236111111111113
2015-02-19 00:00:00 UTC,496,-58,232005780,0.63861111111111113
2015-02-19 00:00:00 UTC,496,-47,228264600,1.6680555555555556
2015-02-19 00:00:00 UTC,496,-57,235096987,0.8322222222222222
2015-02-19 00:00:00 UTC,496,-41,227142300,0.81972222222222224
2015-02-19 00:00:00 UTC,496,-42,228216000,1.4163888888888889
2015-02-19 00:00:00 UTC,496,-43,228216000,4.6551388888888887
2015-02-19 00:00:00 UTC,496,-44,228216000,3.8970833333333337
2015-02-19 00:00:00 UTC,496,-45,228216000,2.3929166666666664
2015-02-19 00:00:00 UTC,496,-58,233826000,1.5166666666666668
2015-02-19 00:00:00 UTC,496,-46,228148700,1.2776388888888888
2015-02-19 00:00:00 UTC,496,-47,228148700,2.1066666666666665
2015-02-19 00:00:00 UTC,496,-44,228148700,0.88180555555555562
2015-02-19 00:00:00 UTC,496,-45,228148700,1.0338888888888889
2015-02-19 00:00:00 UTC,496,-48,228148700,1.2888888888888888
2015-02-19 00:00:00 UTC,496,-42,228148700,0.83069444444444451
2015-02-19 00:00:00 UTC,496,-43,228148700,1.2565277777777775
2015-02-19 00:00:00 UTC,496,-46,228028900,1.1166666666666667
2015-02-19 00:00:00 UTC,496,-47,228028900,1.9788888888888889
2015-02-19 00:00:00 UTC,496,-48,228028900,0.22194444444444444
2015-02-19 00:00:00 UTC,496,-2,228239600,0.20402777777777778
2015-02-19 00:00:00 UTC,752,398,273357560,1.5395833333333333
2015-02-19 00:00:00 UTC,-528,-589,233659000,1.0513888888888889
2015-02-19 00:00:00 UTC,-528,-588,233659000,0.35291666666666666
2015-02-19 00:00:00 UTC,-528,-594,233659000,3.8473611111111108
2015-02-19 00:00:00 UTC,-528,-595,233659000,1.5415277777777776
2015-02-19 00:00:00 UTC,-528,-597,233659000,2.7861111111111114
2015-02-19 00:00:00 UTC,-16,1724,416574000,4.447222222222222
2015-02-19 00:00:00 UTC,-16,1795,440584000,1.6
2015-02-19 00:00:00 UTC,-16,1769,440935000,2.8961111111111109
2015-02-19 00:00:00 UTC,-16,1658,553111698,5.0302777777777763
2015-02-19 00:00:00 UTC,-16,-1646,412420817,3.6838888888888892
2015-02-19 00:00:00 UTC,-16,-1649,412420818,2.3163888888888891
2015-02-19 00:00:00 UTC,241,-161,242138100,4.1126388888888892
2015-02-19 00:00:00 UTC,497,-34,228033800,0.46722222222222221
2015-02-19 00:00:00 UTC,497,-36,228033800,1.6559722222222222
2015-02-19 00:00:00 UTC,497,-35,228033800,3.1656944444444446
2015-02-19 00:00:00 UTC,497,-3,228330000,2.9673611111111113
2015-02-19 00:00:00 UTC,497,-4,228330000,0.43236111111111108
2015-02-19 00:00:00 UTC,497,-3,227322390,0.21805555555555556
2015-02-19 00:00:00 UTC,497,-2,227423000,3.8665277777777778
2015-02-19 00:00:00 UTC,497,-3,227423000,0.40833333333333333
2015-02-19 00:00:00 UTC,497,-9,227945000,1.0693055555555555
2015-02-19 00:00:00 UTC,497,-10,227945000,3.4662500000000005
2015-02-19 00:00:00 UTC,497,-47,227358000,0.33333333333333337
2015-02-19 00:00:00 UTC,497,-34,233342000,0.61763888888888885
2015-02-19 00:00:00 UTC,497,-36,233342000,5.1576388888888882
2015-02-19 00:00:00 UTC,497,-35,233342000,2.31625
2015-02-19 00:00:00 UTC,497,1564,273896000,11.576527777777777
2015-02-19 00:00:00 UTC,497,-38,227592000,1.4997222222222222
2015-02-19 00:00:00 UTC,497,-36,227592000,5.358888888888889
2015-02-19 00:00:00 UTC,497,-35,227592000,2.9690277777777783
2015-02-19 00:00:00 UTC,497,-34,227592000,0.43458333333333332
2015-02-19 00:00:00 UTC,497,-37,227592000,1.5780555555555558
2015-02-19 00:00:00 UTC,497,-4,205106000,1.025
2015-02-19 00:00:00 UTC,497,-46,235054161,0.21319444444444446
2015-02-19 00:00:00 UTC,497,-50,235054161,0.20680555555555558
2015-02-19 00:00:00 UTC,497,-49,235054161,0.20513888888888887
2015-02-19 00:00:00 UTC,497,1564,273899100,3.6418055555555555
2015-02-19 00:00:00 UTC,497,-44,227313000,4.2247222222222218
2015-02-19 00:00:00 UTC,497,-45,227313000,3.1513888888888886
2015-02-19 00:00:00 UTC,497,-46,227313000,2.3104166666666668
2015-02-19 00:00:00 UTC,497,-43,227313000,1.9151388888888889
2015-02-19 00:00:00 UTC,497,-30,228326000,0.40833333333333333
2015-02-19 00:00:00 UTC,497,-29,228326000,0.85402777777777783
2015-02-19 00:00:00 UTC,497,-5,205275000,0.47180555555555553
2015-02-19 00:00:00 UTC,497,-4,228155000,1.2359722222222222
2015-02-19 00:00:00 UTC,497,-5,228155000,0.41250000000000003
2015-02-19 00:00:00 UTC,497,-19,227931000,0.63152777777777769
2015-02-19 00:00:00 UTC,497,-18,227931000,2.2029166666666669
2015-02-19 00:00:00 UTC,497,-42,227312000,3.3708333333333331
2015-02-19 00:00:00 UTC,497,-31,232005520,0.62680555555555562
2015-02-19 00:00:00 UTC,497,-32,232005520,1.6759722222222222
2015-02-19 00:00:00 UTC,497,-46,228264600,1.5208333333333333
2015-02-19 00:00:00 UTC,497,-41,228264600,0.22749999999999998
2015-02-19 00:00:00 UTC,497,-45,228264600,4.7345833333333331
2015-02-19 00:00:00 UTC,497,-43,228264600,4.49125
2015-02-19 00:00:00 UTC,497,-47,228264600,1.4820833333333334
2015-02-19 00:00:00 UTC,497,-44,228264600,3.9327777777777775
2015-02-19 00:00:00 UTC,497,-42,228264600,3.2181944444444448
2015-02-19 00:00:00 UTC,497,-17,227599000,0.21097222222222223
2015-02-19 00:00:00 UTC,497,-18,227599000,1.2408333333333332
2015-02-19 00:00:00 UTC,497,-19,227599000,0.41902777777777778
2015-02-19 00:00:00 UTC,497,-40,227142300,0.84986111111111118
2015-02-19 00:00:00 UTC,497,-41,227142300,1.0580555555555555
2015-02-19 00:00:00 UTC,497,-43,227822000,4.1584722222222226
2015-02-19 00:00:00 UTC,497,-41,227822000,0.83652777777777776
2015-02-19 00:00:00 UTC,497,-42,227822000,1.4719444444444443
2015-02-19 00:00:00 UTC,497,-45,227822000,0.82472222222222225
2015-02-19 00:00:00 UTC,497,-44,227822000,1.2359722222222222
2015-02-19 00:00:00 UTC,497,-37,232007350,1.4615277777777775
2015-02-19 00:00:00 UTC,497,-34,232007350,0.62722222222222213
2015-02-19 00:00:00 UTC,497,-38,232007350,0.82486111111111116
2015-02-19 00:00:00 UTC,497,-36,232007350,0.82638888888888884
2015-02-19 00:00:00 UTC,497,-35,232007350,0.61944444444444446
2015-02-19 00:00:00 UTC,497,-43,228323000,0.67486111111111113
2015-02-19 00:00:00 UTC,497,-44,228323000,1.77625
2015-02-19 00:00:00 UTC,497,-41,228216000,3.1312500000000005
2015-02-19 00:00:00 UTC,497,-40,228216000,1.503333333333333
2015-02-19 00:00:00 UTC,497,-42,228216000,4.064861111111111
2015-02-19 00:00:00 UTC,497,-43,228216000,2.6097222222222225
2015-02-19 00:00:00 UTC,497,-37,227533000,0.20402777777777778
2015-02-19 00:00:00 UTC,497,-36,227533000,0.94166666666666665
2015-02-19 00:00:00 UTC,497,-59,233826000,4.0348611111111117
2015-02-19 00:00:00 UTC,497,-58,233826000,1.8927777777777777
2015-02-19 00:00:00 UTC,497,-44,228148700,2.3111111111111109
2015-02-19 00:00:00 UTC,497,-42,228148700,2.2016666666666662
2015-02-19 00:00:00 UTC,497,-47,228148700,0.60819444444444448
2015-02-19 00:00:00 UTC,497,-41,228148700,0.46083333333333332
2015-02-19 00:00:00 UTC,497,-46,228148700,1.435138888888889
2015-02-19 00:00:00 UTC,497,-45,228148700,2.2918055555555554
2015-02-19 00:00:00 UTC,497,-111,224780000,1.0513888888888889
2015-02-19 00:00:00 UTC,497,-51,235008741,0.41486111111111112
2015-02-19 00:00:00 UTC,497,-49,235008741,0.6725000000000001
2015-02-19 00:00:00 UTC,497,-50,235008741,2.3198611111111109
2015-02-19 00:00:00 UTC,497,-4,228239600,1.0163888888888888
2015-02-19 00:00:00 UTC,497,-5,228239600,2.697222222222222
2015-02-19 00:00:00 UTC,497,-3,228239600,1.21
2015-02-19 00:00:00 UTC,497,-2,228239600,4.2673611111111107
2015-02-19 00:00:00 UTC,497,-6,228239600,0.2025
2015-02-19 00:00:00 UTC,497,-42,227138800,0.20708333333333334
2015-02-19 00:00:00 UTC,497,-43,227138800,2.9516666666666671
2015-02-19 00:00:00 UTC,497,-44,227138800,0.97736111111111112
2015-02-19 00:00:00 UTC,497,-4,228939000,1.0581944444444444
2015-02-19 00:00:00 UTC,497,-5,228939000,0.2013888888888889
2015-02-19 00:00:00 UTC,497,-3,228939000,5.8944444444444439
2015-02-19 00:00:00 UTC,497,1565,273899000,6.3227777777777776
2015-02-19 00:00:00 UTC,753,383,258099000,1.5481944444444444
2015-02-19 00:00:00 UTC,753,381,258099000,3.1309722222222223
2015-02-19 00:00:00 UTC,753,384,258099000,3.0595833333333333
2015-02-19 00:00:00 UTC,753,379,258099000,2.348611111111111
2015-02-19 00:00:00 UTC,753,382,258099000,9.268472222222222
2015-02-19 00:00:00 UTC,753,399,273357560,1.5308333333333333
2015-02-19 00:00:00 UTC,753,397,273357560,1.5381944444444444
2015-02-19 00:00:00 UTC,753,398,273357560,7.7248611111111121
2015-02-19 00:00:00 UTC,-527,-589,233659000,2.4845833333333331
2015-02-19 00:00:00 UTC,-15,1723,416574000,8.9866666666666664
2015-02-19 00:00:00 UTC,-15,1795,440584000,1.6209722222222223
2015-02-19 00:00:00 UTC,-15,1770,440935000,1.1573611111111111
2015-02-19 00:00:00 UTC,-15,1661,553111698,6.0334722222222217
2015-02-19 00:00:00 UTC,242,1204,416002094,7.0544444444444441
2015-02-19 00:00:00 UTC,242,1204,416002013,3.5077777777777777
2015-02-19 00:00:00 UTC,242,-159,242138100,3.9583333333333335
2015-02-19 00:00:00 UTC,498,-111,232005120,12.559027777777779
2015-02-19 00:00:00 UTC,498,-1278,316003587,1.5598611111111111
2015-02-19 00:00:00 UTC,498,-1277,316003587,6.7694444444444457
2015-02-19 00:00:00 UTC,498,-34,228033800,2.2222222222222228
2015-02-19 00:00:00 UTC,498,-35,228033800,0.42527777777777775
2015-02-19 00:00:00 UTC,498,-111,224010000,4.1495833333333341
2015-02-19 00:00:00 UTC,498,-43,235005457,1.4333333333333331
2015-02-19 00:00:00 UTC,498,-44,235005457,2.0758333333333332
2015-02-19 00:00:00 UTC,498,0,227680790,9.2730555555555565
2015-02-19 00:00:00 UTC,498,-2,227322390,1.3779166666666667
2015-02-19 00:00:00 UTC,498,-5,227519000,1.02
2015-02-19 00:00:00 UTC,498,-6,227519000,1.462361111111111
2015-02-19 00:00:00 UTC,498,-7,227519000,0.83430555555555563
2015-02-19 00:00:00 UTC,498,-4,227519000,0.20402777777777778
2015-02-19 00:00:00 UTC,498,-49,235061272,1.4412500000000001
2015-02-19 00:00:00 UTC,498,-46,235061272,3.48875
2015-02-19 00:00:00 UTC,498,-43,235061272,1.8890277777777773
2015-02-19 00:00:00 UTC,498,-47,235061272,2.0538888888888884
2015-02-19 00:00:00 UTC,498,-45,235061272,4.5154166666666669
2015-02-19 00:00:00 UTC,498,-44,235061272,4.5550000000000006
2015-02-19 00:00:00 UTC,498,-48,235061272,1.8548611111111111
2015-02-19 00:00:00 UTC,498,-32,232005410,0.70375
2015-02-19 00:00:00 UTC,498,-8,227945000,0.85125000000000006
2015-02-19 00:00:00 UTC,498,-9,227945000,0.21527777777777779
2015-02-19 00:00:00 UTC,498,-4,5321000,6.0709722222222231
2015-02-19 00:00:00 UTC,498,-5,5321000,1.500833333333333
2015-02-19 00:00:00 UTC,498,-31,235000360,2.3098611111111107
2015-02-19 00:00:00 UTC,498,-38,235000360,2.3125
2015-02-19 00:00:00 UTC,498,-35,235000360,0.20430555555555557
2015-02-19 00:00:00 UTC,498,-37,235000360,1.8395833333333331
2015-02-19 00:00:00 UTC,498,-33,235000360,1.6833333333333331
2015-02-19 00:00:00 UTC,498,-30,235000360,0.43777777777777777
2015-02-19 00:00:00 UTC,498,-32,235000360,1.4748611111111112
2015-02-19 00:00:00 UTC,498,-36,235000360,1.0515277777777778
2015-02-19 00:00:00 UTC,498,-34,233342000,1.4601388888888889
2015-02-19 00:00:00 UTC,498,-33,235054653,1.2474999999999998
2015-02-19 00:00:00 UTC,498,-38,235054653,1.2329166666666667
2015-02-19 00:00:00 UTC,498,-35,235054653,1.2154166666666666
2015-02-19 00:00:00 UTC,498,-37,235054653,2.7131944444444445
2015-02-19 00:00:00 UTC,498,-36,235054653,1.8677777777777775
2015-02-19 00:00:00 UTC,498,-33,227592000,1.0522222222222222
2015-02-19 00:00:00 UTC,498,-34,227592000,2.8630555555555564
2015-02-19 00:00:00 UTC,498,-35,227592000,0.93194444444444446
2015-02-19 00:00:00 UTC,498,-36,227592000,0.42097222222222219
2015-02-19 00:00:00 UTC,498,-6,205192000,3.8555555555555556
2015-02-19 00:00:00 UTC,498,-5,205192000,2.3305555555555562
2015-02-19 00:00:00 UTC,498,-3,205106000,1.221111111111111
2015-02-19 00:00:00 UTC,498,-4,205106000,0.41
2015-02-19 00:00:00 UTC,498,-48,235054161,0.81652777777777774
2015-02-19 00:00:00 UTC,498,-45,235054161,4.5779166666666677
2015-02-19 00:00:00 UTC,498,-46,235054161,3.5206944444444446
2015-02-19 00:00:00 UTC,498,-47,235054161,3.4654166666666666
2015-02-19 00:00:00 UTC,498,-50,235054161,1.8845833333333333
2015-02-19 00:00:00 UTC,498,-43,235054161,1.4781944444444444
2015-02-19 00:00:00 UTC,498,-49,235054161,1.4601388888888889
2015-02-19 00:00:00 UTC,498,-44,235054161,4.8859722222222217
2015-02-19 00:00:00 UTC,498,-38,235007570,1.7066666666666668
2015-02-19 00:00:00 UTC,498,-29,232005460,0.20833333333333334
2015-02-19 00:00:00 UTC,498,-30,232005460,2.5186111111111109
2015-02-19 00:00:00 UTC,498,-35,235007070,0.20805555555555555
2015-02-19 00:00:00 UTC,498,-36,235007070,0.83652777777777776
2015-02-19 00:00:00 UTC,498,-38,235007070,2.2145833333333336
2015-02-19 00:00:00 UTC,498,-37,235007070,1.1908333333333334
2015-02-19 00:00:00 UTC,498,-41,227313000,1.5033333333333334
2015-02-19 00:00:00 UTC,498,-43,227313000,1.2333333333333332
2015-02-19 00:00:00 UTC,498,-42,227313000,2.4701388888888887
2015-02-19 00:00:00 UTC,498,-5,205275000,5.1615277777777777
2015-02-19 00:00:00 UTC,498,-3,205275000,0.56347222222222226
2015-02-19 00:00:00 UTC,498,-4,205275000,4.1031944444444441
2015-02-19 00:00:00 UTC,498,-1,228155000,4.1119444444444451
2015-02-19 00:00:00 UTC,498,-2,228155000,3.5161111111111114
2015-02-19 00:00:00 UTC,498,-3,228155000,3.8099999999999996
2015-02-19 00:00:00 UTC,498,0,228155000,1.4986111111111111
2015-02-19 00:00:00 UTC,498,-4,228155000,1.0638888888888889
2015-02-19 00:00:00 UTC,498,-18,227931000,0.43000000000000005
2015-02-19 00:00:00 UTC,498,-43,228325000,1.4731944444444443
2015-02-19 00:00:00 UTC,498,-42,228325000,2.5076388888888892
2015-02-19 00:00:00 UTC,498,-39,228325000,3.149027777777778
2015-02-19 00:00:00 UTC,498,-41,228325000,4.5954166666666669
2015-02-19 00:00:00 UTC,498,-40,228325000,5.0134722222222239
2015-02-19 00:00:00 UTC,498,-39,232005520,0.20569444444444446
2015-02-19 00:00:00 UTC,498,-35,232005520,1.2404166666666665
2015-02-19 00:00:00 UTC,498,-33,232005520,1.0194444444444444
2015-02-19 00:00:00 UTC,498,-38,232005520,2.0598611111111107
2015-02-19 00:00:00 UTC,498,-31,232005520,1.2293055555555554
2015-02-19 00:00:00 UTC,498,-36,232005520,2.3640277777777778
2015-02-19 00:00:00 UTC,498,-32,232005520,0.20958333333333334
2015-02-19 00:00:00 UTC,498,-34,232005520,0.84458333333333324
2015-02-19 00:00:00 UTC,498,-37,232005520,2.066527777777778
2015-02-19 00:00:00 UTC,498,-2,228170900,2.5454166666666667
2015-02-19 00:00:00 UTC,498,-42,228264600,2.3833333333333333
2015-02-19 00:00:00 UTC,498,-41,228264600,0.22902777777777777
2015-02-19 00:00:00 UTC,498,-18,227599000,2.5497222222222224
2015-02-19 00:00:00 UTC,498,0,227318940,1.2695833333333333
2015-02-19 00:00:00 UTC,498,-1,227318940,4.1722222222222225
2015-02-19 00:00:00 UTC,498,-2,227318940,0.20527777777777778
2015-02-19 00:00:00 UTC,498,-40,227142300,0.835
2015-02-19 00:00:00 UTC,498,-1,228921000,1.6651388888888889
2015-02-19 00:00:00 UTC,498,0,228921000,2.9056944444444444
2015-02-19 00:00:00 UTC,498,-111,227385000,11.368611111111111
2015-02-19 00:00:00 UTC,498,-45,227822000,1.6848611111111109
2015-02-19 00:00:00 UTC,498,-42,227822000,2.5195833333333337
2015-02-19 00:00:00 UTC,498,-46,227822000,1.0429166666666667
2015-02-19 00:00:00 UTC,498,-43,227822000,1.476388888888889
2015-02-19 00:00:00 UTC,498,-41,227822000,1.5080555555555555
2015-02-19 00:00:00 UTC,498,-45,235002800,1.1079166666666667
2015-02-19 00:00:00 UTC,498,-47,235002800,4.3338888888888878
2015-02-19 00:00:00 UTC,498,-44,235002800,1.2990277777777779
2015-02-19 00:00:00 UTC,498,-46,235002800,2.2141666666666668
2015-02-19 00:00:00 UTC,498,-43,235002800,1.7531944444444445
2015-02-19 00:00:00 UTC,498,-35,232007350,0.83402777777777781
2015-02-19 00:00:00 UTC,498,-37,232007350,0.62611111111111106
2015-02-19 00:00:00 UTC,498,-33,232007350,0.836111111111111
2015-02-19 00:00:00 UTC,498,-38,232007350,1.4683333333333333
2015-02-19 00:00:00 UTC,498,-36,232007350,1.0377777777777777
2015-02-19 00:00:00 UTC,498,-34,232007350,1.0340277777777778
2015-02-19 00:00:00 UTC,498,-43,228323000,3.6556944444444448
2015-02-19 00:00:00 UTC,498,-42,228323000,3.4488888888888884
2015-02-19 00:00:00 UTC,498,-41,228323000,2.4847222222222221
2015-02-19 00:00:00 UTC,498,-39,228323000,2.5109722222222217
2015-02-19 00:00:00 UTC,498,-40,228323000,2.2944444444444443
2015-02-19 00:00:00 UTC,498,-42,228216000,0.20430555555555557
2015-02-19 00:00:00 UTC,498,-34,235002820,0.8325
2015-02-19 00:00:00 UTC,498,-36,227533000,0.21125
2015-02-19 00:00:00 UTC,498,-57,233826000,5.4111111111111123
2015-02-19 00:00:00 UTC,498,-58,233826000,2.921388888888889
2015-02-19 00:00:00 UTC,498,-59,233826000,0.6151388888888889
2015-02-19 00:00:00 UTC,498,-55,233826000,0.62430555555555556
2015-02-19 00:00:00 UTC,498,-56,233826000,6.1108333333333347
2015-02-19 00:00:00 UTC,498,-43,228148700,3.1415277777777777
2015-02-19 00:00:00 UTC,498,-41,228148700,1.4790277777777778
2015-02-19 00:00:00 UTC,498,-42,228148700,1.4405555555555554
2015-02-19 00:00:00 UTC,498,-5,226156000,4.6862499999999994
2015-02-19 00:00:00 UTC,498,-3,226156000,2.274027777777778
2015-02-19 00:00:00 UTC,498,-4,226156000,6.2716666666666665
2015-02-19 00:00:00 UTC,498,-6,226156000,1.6080555555555556
2015-02-19 00:00:00 UTC,498,-45,235008741,3.6616666666666671
2015-02-19 00:00:00 UTC,498,-47,235008741,2.723611111111111
2015-02-19 00:00:00 UTC,498,-48,235008741,2.8495833333333338
2015-02-19 00:00:00 UTC,498,-43,235008741,1.2498611111111111
2015-02-19 00:00:00 UTC,498,-44,235008741,3.7302777777777774
2015-02-19 00:00:00 UTC,498,-46,235008741,3.0818055555555559
2015-02-19 00:00:00 UTC,498,-49,235008741,3.3016666666666667
2015-02-19 00:00:00 UTC,498,-35,232006380,0.21819444444444444
2015-02-19 00:00:00 UTC,498,-34,232006380,2.1818055555555556
2015-02-19 00:00:00 UTC,498,1,227414000,1.2270833333333333
2015-02-19 00:00:00 UTC,498,0,227414000,2.2234722222222221
2015-02-19 00:00:00 UTC,498,2,227414000,0.81902777777777769
2015-02-19 00:00:00 UTC,498,3,227414000,1.5325
2015-02-19 00:00:00 UTC,498,-1,227414000,2.520833333333333
2015-02-19 00:00:00 UTC,498,-5,228239600,1.0394444444444444
2015-02-19 00:00:00 UTC,498,-43,227138800,2.9545833333333333
2015-02-19 00:00:00 UTC,498,-40,227138800,2.75375
2015-02-19 00:00:00 UTC,498,-42,227138800,4.6944444444444446
2015-02-19 00:00:00 UTC,498,-41,227138800,2.2986111111111112
2015-02-19 00:00:00 UTC,498,-111,227209970,3.617777777777778
2015-02-19 00:00:00 UTC,498,-32,235068406,0.8668055555555555
2015-02-19 00:00:00 UTC,498,-3,228939000,1.0316666666666667
2015-02-19 00:00:00 UTC,498,-42,235064831,0.67458333333333331
2015-02-19 00:00:00 UTC,754,407,277030000,1.5390277777777777
2015-02-19 00:00:00 UTC,754,408,277030000,4.6518055555555557
2015-02-19 00:00:00 UTC,754,409,277030000,4.6940277777777784
2015-02-19 00:00:00 UTC,754,399,273336280,1.5333333333333332
2015-02-19 00:00:00 UTC,754,398,273336280,7.0133333333333336
2015-02-19 00:00:00 UTC,754,402,273336280,3.1022222222222222
2015-02-19 00:00:00 UTC,754,400,273336280,1.5658333333333334
2015-02-19 00:00:00 UTC,754,397,273336280,3.0640277777777776
2015-02-19 00:00:00 UTC,754,399,273357560,3.9041666666666668
2015-02-19 00:00:00 UTC,754,404,273357560,1.5194444444444444
2015-02-19 00:00:00 UTC,-14,1795,440584000,0.83166666666666667
2015-02-19 00:00:00 UTC,-14,1794,440584000,3.9191666666666669
2015-02-19 00:00:00 UTC,-14,1770,440935000,0.91138888888888892
2015-02-19 00:00:00 UTC,-14,1660,553111698,0.5
2015-02-19 00:00:00 UTC,-14,1661,553111698,0.31236111111111109
2015-02-19 00:00:00 UTC,-14,-1672,440770000,6.5776388888888881
2015-02-19 00:00:00 UTC,-14,-1671,440770000,6.5797222222222214
2015-02-19 00:00:00 UTC,243,1182,200004615,4.4493055555555552
2015-02-19 00:00:00 UTC,243,1182,412444474,5
2015-02-19 00:00:00 UTC,243,1182,412446273,5.343055555555555
2015-02-19 00:00:00 UTC,243,1181,412444543,1.9804166666666669
2015-02-19 00:00:00 UTC,243,1182,412444804,3.8040277777777782
2015-02-19 00:00:00 UTC,243,1181,412444804,0.44138888888888889
2015-02-19 00:00:00 UTC,243,1185,910000012,1.3509722222222222
2015-02-19 00:00:00 UTC,243,1186,910000012,2.7318055555555558
2015-02-19 00:00:00 UTC,243,1182,412444569,2.8894444444444445
2015-02-19 00:00:00 UTC,243,1182,412444326,1.5833333333333333
2015-02-19 00:00:00 UTC,243,1184,412461242,0.91416666666666668
2015-02-19 00:00:00 UTC,243,1185,412461242,0.64444444444444449
2015-02-19 00:00:00 UTC,243,1181,412444609,0.90861111111111115
2015-02-19 00:00:00 UTC,243,1204,416002013,2.7390277777777783
2015-02-19 00:00:00 UTC,243,-158,242138100,4.6022222222222222
2015-02-19 00:00:00 UTC,499,-111,232005120,9.5965277777777764
2015-02-19 00:00:00 UTC,499,1564,273843200,3.4793055555555554
2015-02-19 00:00:00 UTC,499,-1278,316003587,10.864999999999998
2015-02-19 00:00:00 UTC,499,-1279,316003587,0.52666666666666662
2015-02-19 00:00:00 UTC,499,-33,235090189,1.0441666666666667
2015-02-19 00:00:00 UTC,499,-111,224010000,5.0583333333333336
2015-02-19 00:00:00 UTC,499,-6,244938000,1.3711111111111112
2015-02-19 00:00:00 UTC,499,-7,244938000,2.1888888888888887
2015-02-19 00:00:00 UTC,499,-86,250186000,4.0170833333333338
2015-02-19 00:00:00 UTC,499,-85,250186000,3.7134722222222218
2015-02-19 00:00:00 UTC,499,-2,228182800,3.4719444444444445
2015-02-19 00:00:00 UTC,499,0,228182800,4.0973611111111117
2015-02-19 00:00:00 UTC,499,-1,228182800,7.5320833333333344
2015-02-19 00:00:00 UTC,499,1,228182800,0.22097222222222224
2015-02-19 00:00:00 UTC,499,-42,235005457,1.03125
2015-02-19 00:00:00 UTC,499,-41,235005457,0.82875
2015-02-19 00:00:00 UTC,499,-1,227423000,0.60944444444444446
2015-02-19 00:00:00 UTC,499,0,227423000,1.4375
2015-02-19 00:00:00 UTC,499,-3,227519000,2.0620833333333333
2015-02-19 00:00:00 UTC,499,-4,227519000,0.84291666666666665
2015-02-19 00:00:00 UTC,499,-45,235061272,0.20541666666666666
2015-02-19 00:00:00 UTC,499,-43,235061272,0.80833333333333335
2015-02-19 00:00:00 UTC,499,-7,227945000,0.88069444444444445
2015-02-19 00:00:00 UTC,499,-8,227945000,0.22902777777777777
2015-02-19 00:00:00 UTC,499,-6,227945000,0.63347222222222221
2015-02-19 00:00:00 UTC,499,-4,5321000,8.6438888888888883
2015-02-19 00:00:00 UTC,499,-37,235000360,0.40472222222222221
2015-02-19 00:00:00 UTC,499,-33,235000360,2.5595833333333333
2015-02-19 00:00:00 UTC,499,-32,235000360,2.269166666666667
2015-02-19 00:00:00 UTC,499,-36,235000360,1.0140277777777778
2015-02-19 00:00:00 UTC,499,-30,235000360,0.61638888888888888
2015-02-19 00:00:00 UTC,499,-35,235000360,1.0252777777777777
2015-02-19 00:00:00 UTC,499,-34,235000360,1.0455555555555556
2015-02-19 00:00:00 UTC,499,-34,233342000,0.83472222222222225
2015-02-19 00:00:00 UTC,499,-33,233342000,1.4622222222222223
2015-02-19 00:00:00 UTC,499,1565,273890100,3.9861111111111112
2015-02-19 00:00:00 UTC,499,-33,235086141,0.21569444444444447
2015-02-19 00:00:00 UTC,499,-38,235086141,3.5844444444444443
2015-02-19 00:00:00 UTC,499,-36,235086141,0.81027777777777776
2015-02-19 00:00:00 UTC,499,-37,235086141,4.9947222222222223
2015-02-19 00:00:00 UTC,499,-35,235086141,1.2261111111111112
2015-02-19 00:00:00 UTC,499,-39,235086141,7.5997222222222209
2015-02-19 00:00:00 UTC,499,-34,235086141,0.40541666666666665
2015-02-19 00:00:00 UTC,499,-35,235054653,2.25
2015-02-19 00:00:00 UTC,499,-34,235054653,3.3241666666666667
2015-02-19 00:00:00 UTC,499,-33,235054653,5.8255555555555558
2015-02-19 00:00:00 UTC,499,-32,227592000,0.62416666666666665
2015-02-19 00:00:00 UTC,499,-33,227592000,0.83402777777777781
2015-02-19 00:00:00 UTC,499,-4,205192000,2.1168055555555556
2015-02-19 00:00:00 UTC,499,-5,205192000,3.3002777777777776
2015-02-19 00:00:00 UTC,499,-6,205192000,2.9222222222222225
2015-02-19 00:00:00 UTC,499,-4,205149000,1.0588888888888888
2015-02-19 00:00:00 UTC,499,-3,205149000,0.21416666666666667
2015-02-19 00:00:00 UTC,499,-3,205170000,1.0952777777777778
2015-02-19 00:00:00 UTC,499,-4,205170000,5.2240277777777777
2015-02-19 00:00:00 UTC,499,-3,205106000,1.0315277777777778
2015-02-19 00:00:00 UTC,499,-2,205106000,0.62666666666666671
2015-02-19 00:00:00 UTC,499,-47,235054161,0.61208333333333331
2015-02-19 00:00:00 UTC,499,-43,235054161,0.64402777777777775
2015-02-19 00:00:00 UTC,499,-38,235007570,0.6413888888888889
2015-02-19 00:00:00 UTC,499,-28,232005460,1.2411111111111111
2015-02-19 00:00:00 UTC,499,-29,232005460,1.8680555555555554
2015-02-19 00:00:00 UTC,499,-30,232005460,0.82944444444444443
2015-02-19 00:00:00 UTC,499,-38,235007070,1.6819444444444445
2015-02-19 00:00:00 UTC,499,-7,227120500,0.22388888888888889
2015-02-19 00:00:00 UTC,499,-4,205275000,6.9251388888888892
2015-02-19 00:00:00 UTC,499,-3,205275000,1.6134722222222222
2015-02-19 00:00:00 UTC,499,-2,228155000,0.20833333333333334
2015-02-19 00:00:00 UTC,499,-5,228155000,1.462361111111111
2015-02-19 00:00:00 UTC,499,-1,228155000,0.86777777777777787
2015-02-19 00:00:00 UTC,499,-85,250126460,4.2259722222222225
2015-02-19 00:00:00 UTC,499,0,227952000,14.319861111111113
2015-02-19 00:00:00 UTC,499,-6,228158600,0.824861111111111
2015-02-19 00:00:00 UTC,499,-8,228158600,0.82638888888888884
2015-02-19 00:00:00 UTC,499,-7,228158600,1.4209722222222221
2015-02-19 00:00:00 UTC,499,-39,228325000,2.898333333333333
2015-02-19 00:00:00 UTC,499,-38,228325000,4.457361111111112
2015-02-19 00:00:00 UTC,499,-2,227573130,0.74694444444444441
2015-02-19 00:00:00 UTC,499,0,228170900,3.1518055555555557
2015-02-19 00:00:00 UTC,499,-1,228170900,2.9245833333333331
2015-02-19 00:00:00 UTC,499,-2,228170900,0.43055555555555558
2015-02-19 00:00:00 UTC,499,1,228170900,3.2709722222222224
2015-02-19 00:00:00 UTC,499,-111,227385000,14.14638888888889
2015-02-19 00:00:00 UTC,499,-86,250350000,5.0569444444444445
2015-02-19 00:00:00 UTC,499,-46,227822000,0.83694444444444449
2015-02-19 00:00:00 UTC,499,-43,227822000,1.0486111111111112
2015-02-19 00:00:00 UTC,499,-45,227822000,2.7129166666666666
2015-02-19 00:00:00 UTC,499,-44,227822000,2.5765277777777778
2015-02-19 00:00:00 UTC,499,-43,235002800,2.5980555555555553
2015-02-19 00:00:00 UTC,499,-45,235002800,2.3023611111111109
2015-02-19 00:00:00 UTC,499,-42,235002800,3.2298611111111115
2015-02-19 00:00:00 UTC,499,-44,235002800,3.2091666666666665
2015-02-19 00:00:00 UTC,499,-46,235002800,1.9851388888888892
2015-02-19 00:00:00 UTC,499,-33,232007350,1.4444444444444444
2015-02-19 00:00:00 UTC,499,-42,228323000,0.20541666666666666
2015-02-19 00:00:00 UTC,499,-41,228323000,1.0344444444444445
2015-02-19 00:00:00 UTC,499,-40,228323000,1.0334722222222223
2015-02-19 00:00:00 UTC,499,-38,228323000,2.07875
2015-02-19 00:00:00 UTC,499,-39,228323000,2.692222222222223
2015-02-19 00:00:00 UTC,499,-34,235002820,1.9775
2015-02-19 00:00:00 UTC,499,3,245325000,0.65791666666666671
2015-02-19 00:00:00 UTC,499,-2,227437000,0.85833333333333328
2015-02-19 00:00:00 UTC,499,-1,227437000,2.7747222222222225
2015-02-19 00:00:00 UTC,499,-111,224780000,1.0375
2015-02-19 00:00:00 UTC,499,-31,232006380,2.359861111111111
2015-02-19 00:00:00 UTC,499,-32,232006380,2.7108333333333334
2015-02-19 00:00:00 UTC,499,-34,232006380,0.65138888888888891
2015-02-19 00:00:00 UTC,499,-33,232006380,1.4694444444444443
2015-02-19 00:00:00 UTC,499,-1,227414000,1.2569444444444444
2015-02-19 00:00:00 UTC,499,2,227414000,0.61680555555555561
2015-02-19 00:00:00 UTC,499,-2,227414000,1.0954166666666667
2015-02-19 00:00:00 UTC,499,0,227414000,1.2512500000000002
2015-02-19 00:00:00 UTC,499,1,227414000,2.5236111111111112
2015-02-19 00:00:00 UTC,499,-5,227414000,1.074861111111111
2015-02-19 00:00:00 UTC,499,-3,227414000,0.89013888888888881
2015-02-19 00:00:00 UTC,499,-4,227414000,1.7640277777777782
2015-02-19 00:00:00 UTC,499,-40,227138800,2.0473611111111114
2015-02-19 00:00:00 UTC,499,-38,227138800,0.63597222222222227
2015-02-19 00:00:00 UTC,499,-39,227138800,3.5098611111111113
2015-02-19 00:00:00 UTC,499,-41,227138800,1.0593055555555555
2015-02-19 00:00:00 UTC,499,-111,227209970,6.4843055555555562
2015-02-19 00:00:00 UTC,499,-32,235068406,0.20277777777777778
2015-02-19 00:00:00 UTC,499,-2,228939000,0.61236111111111113
2015-02-19 00:00:00 UTC,499,-3,228939000,0.61569444444444454
2015-02-19 00:00:00 UTC,499,-42,235064831,8.7458333333333336
2015-02-19 00:00:00 UTC,499,-43,235064831,2.2148611111111114
2015-02-19 00:00:00 UTC,499,-40,235064831,0.47013888888888888
2015-02-19 00:00:00 UTC,499,-41,235064831,1.8526388888888889
2015-02-19 00:00:00 UTC,755,417,277030000,1.52625
2015-02-19 00:00:00 UTC,755,414,277030000,1.5474999999999999
2015-02-19 00:00:00 UTC,755,418,277030000,1.5486111111111112
2015-02-19 00:00:00 UTC,755,415,277030000,3.0593055555555555
2015-02-19 00:00:00 UTC,755,394,277442000,1.5305555555555554
2015-02-19 00:00:00 UTC,755,399,273336280,1.5530555555555554
2015-02-19 00:00:00 UTC,755,409,273357560,1.5666666666666667
2015-02-19 00:00:00 UTC,-269,988,263583000,4.1775
2015-02-19 00:00:00 UTC,-269,990,263583000,0.58166666666666667
2015-02-19 00:00:00 UTC,-269,989,263583000,1.1931944444444444
2015-02-19 00:00:00 UTC,-269,141,659294000,3.9691666666666667
2015-02-19 00:00:00 UTC,-269,141,659276000,0.40013888888888888
2015-02-19 00:00:00 UTC,-13,1770,440935000,1.3895833333333332
2015-02-19 00:00:00 UTC,-13,1705,709750116,0.576111111111111
2015-02-19 00:00:00 UTC,-13,1704,709750116,2.0102777777777776
2015-02-19 00:00:00 UTC,-13,-1675,440954000,11.640972222222222
2015-02-19 00:00:00 UTC,-13,1717,440941000,1.7808333333333337
2015-02-19 00:00:00 UTC,-13,1719,440941000,7.2286111111111113
2015-02-19 00:00:00 UTC,-13,1716,440941000,5.4191666666666665
2015-02-19 00:00:00 UTC,-13,1718,440941000,2.3858333333333333
2015-02-19 00:00:00 UTC,244,-159,242135100,6.7970833333333331
2015-02-19 00:00:00 UTC,244,1187,415595393,1.1273611111111113
2015-02-19 00:00:00 UTC,244,1186,415595393,2.7920833333333328
2015-02-19 00:00:00 UTC,244,1186,910000012,1.8599999999999997
2015-02-19 00:00:00 UTC,244,1185,900001453,0.22055555555555556
2015-02-19 00:00:00 UTC,244,1185,412461242,0.2681944444444444
2015-02-19 00:00:00 UTC,244,-158,242138100,1.360138888888889
2015-02-19 00:00:00 UTC,500,5,227872000,5.6040277777777767
2015-02-19 00:00:00 UTC,500,4,227872000,2.33875
2015-02-19 00:00:00 UTC,500,-111,232005120,4.7779166666666661
2015-02-19 00:00:00 UTC,500,-51,235063301,1.0329166666666667
2015-02-19 00:00:00 UTC,500,-32,235090189,1.0684722222222223
2015-02-19 00:00:00 UTC,500,-33,235090189,0.63180555555555551
2015-02-19 00:00:00 UTC,500,-111,224010000,13.287777777777778
2015-02-19 00:00:00 UTC,500,-12,244938000,0.83083333333333331
2015-02-19 00:00:00 UTC,500,-6,244938000,3.2922222222222222
2015-02-19 00:00:00 UTC,500,-13,244938000,0.20125
2015-02-19 00:00:00 UTC,500,-9,244938000,1.0543055555555556
2015-02-19 00:00:00 UTC,500,-11,244938000,0.61680555555555561
2015-02-19 00:00:00 UTC,500,-7,244938000,0.20513888888888887
2015-02-19 00:00:00 UTC,500,-8,244938000,2.2968055555555558
2015-02-19 00:00:00 UTC,500,-10,244938000,1.0331944444444443
2015-02-19 00:00:00 UTC,500,3,227120400,3.4145833333333333
2015-02-19 00:00:00 UTC,500,4,227120400,1.7626388888888886
2015-02-19 00:00:00 UTC,500,2,227120400,0.67791666666666672
2015-02-19 00:00:00 UTC,500,1,228182800,3.2138888888888886
2015-02-19 00:00:00 UTC,500,2,228182800,0.89166666666666661
2015-02-19 00:00:00 UTC,500,0,228182800,1.4543055555555553
2015-02-19 00:00:00 UTC,500,-7,227945000,0.89888888888888885
2015-02-19 00:00:00 UTC,500,-10,227945000,3.0376388888888881
2015-02-19 00:00:00 UTC,500,-6,227945000,0.82472222222222213
2015-02-19 00:00:00 UTC,500,-8,227945000,0.715138888888889
2015-02-19 00:00:00 UTC,500,-4,227945000,2.4194444444444443
2015-02-19 00:00:00 UTC,500,-3,227945000,0.48736111111111113
2015-02-19 00:00:00 UTC,500,-5,227945000,1.9516666666666662
2015-02-19 00:00:00 UTC,500,-9,227945000,5.5036111111111126
2015-02-19 00:00:00 UTC,500,-7,5321000,2.7366666666666664
2015-02-19 00:00:00 UTC,500,-4,5321000,0.62458333333333338
2015-02-19 00:00:00 UTC,500,-8,5321000,2.0404166666666668
2015-02-19 00:00:00 UTC,500,-6,5321000,1.4677777777777776
2015-02-19 00:00:00 UTC,500,-5,5321000,0.96402777777777782
2015-02-19 00:00:00 UTC,500,-31,235000360,1.0306944444444444
2015-02-19 00:00:00 UTC,500,-33,235000360,1.0365277777777777
2015-02-19 00:00:00 UTC,500,-32,235000360,1.6693055555555554
2015-02-19 00:00:00 UTC,500,-33,233342000,3.2359722222222222
2015-02-19 00:00:00 UTC,500,-32,233342000,0.40680555555555553
2015-02-19 00:00:00 UTC,500,10,227317040,1.8972222222222221
2015-02-19 00:00:00 UTC,500,-111,224115000,5.62125
2015-02-19 00:00:00 UTC,500,-37,235086141,0.42236111111111108
2015-02-19 00:00:00 UTC,500,-39,235086141,0.84083333333333321
2015-02-19 00:00:00 UTC,500,-34,235086141,0.83624999999999994
2015-02-19 00:00:00 UTC,500,-33,235086141,2.4777777777777779
2015-02-19 00:00:00 UTC,500,-38,235086141,0.65236111111111117
2015-02-19 00:00:00 UTC,500,-35,235054653,1.6733333333333331
2015-02-19 00:00:00 UTC,500,-33,235054653,0.21097222222222223
2015-02-19 00:00:00 UTC,500,-34,235054653,2.4919444444444441
2015-02-19 00:00:00 UTC,500,1564,273896000,6.3780555555555551
2015-02-19 00:00:00 UTC,500,4,227137600,0.66430555555555548
2015-02-19 00:00:00 UTC,500,5,227137600,3.2634722222222217
2015-02-19 00:00:00 UTC,500,-6,205192000,0.89166666666666661
2015-02-19 00:00:00 UTC,500,-5,205192000,0.7136111111111112
2015-02-19 00:00:00 UTC,500,-7,205192000,2.3111111111111109
2015-02-19 00:00:00 UTC,500,-8,205192000,3.9920833333333339
2015-02-19 00:00:00 UTC,500,-4,205192000,1.1640277777777777
2015-02-19 00:00:00 UTC,500,-2,205277000,4.0709722222222222
2015-02-19 00:00:00 UTC,500,-3,205149000,2.8584722222222219
2015-02-19 00:00:00 UTC,500,-2,205149000,1.05125
2015-02-19 00:00:00 UTC,500,3,227300430,2.0070833333333336
2015-02-19 00:00:00 UTC,500,4,227300430,3.6179166666666656
2015-02-19 00:00:00 UTC,500,-4,205170000,1.7798611111111111
2015-02-19 00:00:00 UTC,500,-2,205106000,2.9888888888888889
2015-02-19 00:00:00 UTC,500,-86,250001491,8.8541666666666679
2015-02-19 00:00:00 UTC,500,-26,232005460,0.20819444444444446
2015-02-19 00:00:00 UTC,500,-29,232005460,1.4469444444444444
2015-02-19 00:00:00 UTC,500,-30,232005460,2.4969444444444444
2015-02-19 00:00:00 UTC,500,-28,232005460,1.2418055555555556
2015-02-19 00:00:00 UTC,500,-34,232004700,1.6959722222222222
2015-02-19 00:00:00 UTC,500,-33,232004700,9.4029166666666679
2015-02-19 00:00:00 UTC,500,1564,273332330,3.9087500000000004
2015-02-19 00:00:00 UTC,500,-3,205275000,1.2652777777777777
2015-02-19 00:00:00 UTC,500,9,227124600,6.6920833333333327
2015-02-19 00:00:00 UTC,500,-85,250126460,10.880416666666667
2015-02-19 00:00:00 UTC,500,1,228170900,0.42375
2015-02-19 00:00:00 UTC,500,-29,227823000,11.643333333333333
2015-02-19 00:00:00 UTC,500,-28,227823000,1.2401388888888889
2015-02-19 00:00:00 UTC,500,-26,227823000,0.82097222222222221
2015-02-19 00:00:00 UTC,500,-27,227823000,1.0345833333333332
2015-02-19 00:00:00 UTC,500,-35,235103644,0.2122222222222222
2015-02-19 00:00:00 UTC,500,-32,235103644,1.0377777777777779
2015-02-19 00:00:00 UTC,500,-34,235103644,4.357222222222223
2015-02-19 00:00:00 UTC,500,-33,235103644,1.2370833333333333
2015-02-19 00:00:00 UTC,500,7,246233000,0.65597222222222218
2015-02-19 00:00:00 UTC,500,6,246233000,2.1355555555555559
2015-02-19 00:00:00 UTC,500,5,246233000,0.62
2015-02-19 00:00:00 UTC,500,-111,227385000,1.39875
2015-02-19 00:00:00 UTC,500,-85,250350000,5.939166666666666
2015-02-19 00:00:00 UTC,500,-35,232007350,1.723611111111111
2015-02-19 00:00:00 UTC,500,-32,232007350,0.64013888888888892
2015-02-19 00:00:00 UTC,500,-34,232007350,1.4529166666666664
2015-02-19 00:00:00 UTC,500,-33,232007350,1.6998611111111113
2015-02-19 00:00:00 UTC,500,-84,250003127,14.483888888888888
2015-02-19 00:00:00 UTC,500,-89,250001339,4.8930555555555557
2015-02-19 00:00:00 UTC,500,-36,235002820,0.66652777777777772
2015-02-19 00:00:00 UTC,500,-35,235002820,0.6125
2015-02-19 00:00:00 UTC,500,-34,235002820,0.87402777777777774
2015-02-19 00:00:00 UTC,500,3,245325000,1.9694444444444446
2015-02-19 00:00:00 UTC,500,4,245325000,0.94722222222222219
2015-02-19 00:00:00 UTC,500,-29,227146700,1.0525
2015-02-19 00:00:00 UTC,500,-32,227146700,0.63361111111111112
2015-02-19 00:00:00 UTC,500,-31,227146700,1.4481944444444443
2015-02-19 00:00:00 UTC,500,-30,227146700,0.42819444444444443
2015-02-19 00:00:00 UTC,500,-28,227146700,1.2472222222222222
2015-02-19 00:00:00 UTC,500,-40,235002830,2.0068055555555553
2015-02-19 00:00:00 UTC,500,9,227118800,0.42541666666666667
2015-02-19 00:00:00 UTC,500,10,227118800,2.3065277777777777
2015-02-19 00:00:00 UTC,500,11,227118800,0.21097222222222223
2015-02-19 00:00:00 UTC,500,10,227559640,0.20305555555555554
2015-02-19 00:00:00 UTC,500,4,228364000,2.60875
2015-02-19 00:00:00 UTC,500,3,228364000,1.9593055555555556
2015-02-19 00:00:00 UTC,500,5,228364000,1.7362500000000003
2015-02-19 00:00:00 UTC,500,-32,232006380,1.6448611111111111
2015-02-19 00:00:00 UTC,500,-3,227414000,2.1208333333333331
2015-02-19 00:00:00 UTC,500,-2,227414000,0.21694444444444444
2015-02-19 00:00:00 UTC,500,-4,227414000,0.83180555555555558
2015-02-19 00:00:00 UTC,500,-111,227209970,14.307361111111112
2015-02-19 00:00:00 UTC,500,-2,205259000,0.55083333333333329
2015-02-19 00:00:00 UTC,500,-2,228939000,0.84277777777777774
2015-02-19 00:00:00 UTC,500,-3,205227000,0.63180555555555551
2015-02-19 00:00:00 UTC,500,-4,205227000,5.4833333333333325
2015-02-19 00:00:00 UTC,500,-5,205227000,0.68888888888888888
2015-02-19 00:00:00 UTC,756,419,277030000,3.1768055555555557
2015-02-19 00:00:00 UTC,756,395,277442000,3.9279166666666665
2015-02-19 00:00:00 UTC,756,394,277442000,3.0719444444444446
2015-02-19 00:00:00 UTC,756,396,277442000,6.1970833333333335
2015-02-19 00:00:00 UTC,756,393,277442000,1.5723611111111111
2015-02-19 00:00:00 UTC,756,398,277442000,1.5388888888888888
2015-02-19 00:00:00 UTC,756,400,273336280,3.129027777777778
2015-02-19 00:00:00 UTC,756,414,273357560,1.58375
2015-02-19 00:00:00 UTC,756,415,273357560,1.5513888888888889
2015-02-19 00:00:00 UTC,-268,991,263583000,0.86541666666666661
2015-02-19 00:00:00 UTC,-268,990,263583000,0.66430555555555559
2015-02-19 00:00:00 UTC,-268,992,263583000,1.1886111111111111
2015-02-19 00:00:00 UTC,-268,983,263583000,2.2958333333333334
2015-02-19 00:00:00 UTC,-268,982,263583000,4.0677777777777777
2015-02-19 00:00:00 UTC,-268,984,263583000,2.286111111111111
2015-02-19 00:00:00 UTC,-268,141,659294000,3.173888888888889
2015-02-19 00:00:00 UTC,-268,140,659294000,2.2583333333333329
2015-02-19 00:00:00 UTC,-268,141,659257000,0.67152777777777772
2015-02-19 00:00:00 UTC,-268,140,659257000,6.1581944444444447
2015-02-19 00:00:00 UTC,-268,141,659276000,6.88
2015-02-19 00:00:00 UTC,-268,140,659276000,8.7779166666666661
2015-02-19 00:00:00 UTC,-12,1771,440935000,0.77222222222222214
2015-02-19 00:00:00 UTC,-12,1770,440935000,0.5625
2015-02-19 00:00:00 UTC,-12,1786,440636000,12.4
2015-02-19 00:00:00 UTC,-12,-1674,440954000,6.5797222222222222
2015-02-19 00:00:00 UTC,-12,-1673,440954000,6.568888888888889
2015-02-19 00:00:00 UTC,-12,-1679,553111743,3.4858333333333329
2015-02-19 00:00:00 UTC,-12,-1678,553111743,1.3470833333333334
2015-02-19 00:00:00 UTC,-12,1719,440941000,0.52930555555555547
2015-02-19 00:00:00 UTC,245,1187,800022037,1.0466666666666666
2015-02-19 00:00:00 UTC,245,1187,800022814,1.2870833333333334
2015-02-19 00:00:00 UTC,245,1187,412451379,2.617777777777778
2015-02-19 00:00:00 UTC,245,-160,242135100,4.2154166666666661
2015-02-19 00:00:00 UTC,245,-159,242135100,7.9933333333333323
2015-02-19 00:00:00 UTC,245,1187,900028800,3.155
2015-02-19 00:00:00 UTC,245,1186,900028800,0.60013888888888889
2015-02-19 00:00:00 UTC,245,1187,415595393,3.5047222222222225
2015-02-19 00:00:00 UTC,245,1187,100701827,3.3430555555555559
2015-02-19 00:00:00 UTC,245,1184,910000004,0.52402777777777776
2015-02-19 00:00:00 UTC,245,1187,415595962,5.2229166666666673
2015-02-19 00:00:00 UTC,245,1186,800033005,0.31708333333333333
2015-02-19 00:00:00 UTC,245,1187,800033005,0.27402777777777776
2015-02-19 00:00:00 UTC,501,-83,250240000,13.01875
2015-02-19 00:00:00 UTC,501,-51,235063301,1.9568055555555557
2015-02-19 00:00:00 UTC,501,-3,205333000,1.4898611111111111
2015-02-19 00:00:00 UTC,501,-29,227381000,4.7248611111111112
2015-02-19 00:00:00 UTC,501,-27,227381000,5.6987500000000013
2015-02-19 00:00:00 UTC,501,-28,227381000,4.2044444444444444
2015-02-19 00:00:00 UTC,501,-83,250186000,4.645833333333333
2015-02-19 00:00:00 UTC,501,-3,227423000,1.6793055555555556
2015-02-19 00:00:00 UTC,501,-4,227423000,8.13
2015-02-19 00:00:00 UTC,501,-5,227423000,1.2487500000000002
2015-02-19 00:00:00 UTC,501,4,246015000,3.467083333333334
2015-02-19 00:00:00 UTC,501,5,246015000,1.6095833333333334
2015-02-19 00:00:00 UTC,501,6,246015000,4.1051388888888889
2015-02-19 00:00:00 UTC,501,7,246015000,2.5654166666666671
2015-02-19 00:00:00 UTC,501,-32,233342000,2.0823611111111111
2015-02-19 00:00:00 UTC,501,10,227317040,8.4695833333333344
2015-02-19 00:00:00 UTC,501,1565,273896000,5.2623611111111108
2015-02-19 00:00:00 UTC,501,-2,205277000,6.0577777777777779
2015-02-19 00:00:00 UTC,501,-2,205149000,6.15125
2015-02-19 00:00:00 UTC,501,-3,205149000,2.0630555555555552
2015-02-19 00:00:00 UTC,501,-1,205149000,0.51222222222222225
2015-02-19 00:00:00 UTC,501,-3,205170000,1.4793055555555554
2015-02-19 00:00:00 UTC,501,-2,205170000,2.7959722222222223
2015-02-19 00:00:00 UTC,501,-82,250001491,3.6294444444444451
2015-02-19 00:00:00 UTC,501,-83,250001491,3.1025
2015-02-19 00:00:00 UTC,501,-25,232005460,1.2333333333333334
2015-02-19 00:00:00 UTC,501,-28,232005460,2.3056944444444447
2015-02-19 00:00:00 UTC,501,-26,232005460,3.4669444444444451
2015-02-19 00:00:00 UTC,501,-29,232005460,1.8434722222222222
2015-02-19 00:00:00 UTC,501,-27,232005460,3.2554166666666662
2015-02-19 00:00:00 UTC,501,1564,273332330,6.5845833333333328
2015-02-19 00:00:00 UTC,501,1565,273332330,6.8033333333333337
2015-02-19 00:00:00 UTC,501,-2,205275000,2.1563888888888889
2015-02-19 00:00:00 UTC,501,-1,205275000,4.3116666666666665
2015-02-19 00:00:00 UTC,501,-4,228155000,0.66791666666666671
2015-02-19 00:00:00 UTC,501,-5,228155000,0.7713888888888889
2015-02-19 00:00:00 UTC,501,-6,228155000,1.95
2015-02-19 00:00:00 UTC,501,-3,228155000,1.0427777777777778
2015-02-19 00:00:00 UTC,501,9,227124600,5.4719444444444454
2015-02-19 00:00:00 UTC,501,12,227127700,3.495972222222222
2015-02-19 00:00:00 UTC,501,-31,235103644,1.2322222222222221
2015-02-19 00:00:00 UTC,501,-30,235103644,3.2854166666666673
2015-02-19 00:00:00 UTC,501,-29,235103644,0.41222222222222227
2015-02-19 00:00:00 UTC,501,-2,205316000,0.56597222222222221
2015-02-19 00:00:00 UTC,501,-84,250002855,14.750833333333333
2015-02-19 00:00:00 UTC,501,5,246233000,0.83333333333333326
2015-02-19 00:00:00 UTC,501,6,246233000,1.096527777777778
2015-02-19 00:00:00 UTC,501,-1,205198000,1.9530555555555553
2015-02-19 00:00:00 UTC,501,-2,205198000,0.9343055555555555
2015-02-19 00:00:00 UTC,501,-32,232007350,1.6665277777777778
2015-02-19 00:00:00 UTC,501,-33,232007350,0.40263888888888888
2015-02-19 00:00:00 UTC,501,-34,232007350,2.283611111111111
2015-02-19 00:00:00 UTC,501,1565,273423800,3.4898611111111109
2015-02-19 00:00:00 UTC,501,-89,250001339,0.87708333333333333
2015-02-19 00:00:00 UTC,501,3,245325000,0.96486111111111117
2015-02-19 00:00:00 UTC,501,4,245325000,8.0777777777777775
2015-02-19 00:00:00 UTC,501,12,227318220,1.9376388888888889
2015-02-19 00:00:00 UTC,501,-28,227146700,1.0458333333333332
2015-02-19 00:00:00 UTC,501,-30,227146700,0.2026388888888889
2015-02-19 00:00:00 UTC,501,-26,227146700,0.20472222222222222
2015-02-19 00:00:00 UTC,501,-27,227146700,2.032083333333333
2015-02-19 00:00:00 UTC,501,10,227118800,10.998750000000001
2015-02-19 00:00:00 UTC,501,11,227118800,1.0597222222222222
2015-02-19 00:00:00 UTC,501,-42,235003089,0.43333333333333335
2015-02-19 00:00:00 UTC,501,-41,235003089,1.6830555555555555
2015-02-19 00:00:00 UTC,501,-32,232006380,2.1366666666666667
2015-02-19 00:00:00 UTC,501,-2,227414000,0.4168055555555556
2015-02-19 00:00:00 UTC,501,-3,227414000,1.5444444444444445
2015-02-19 00:00:00 UTC,501,-84,250000626,7.1006944444444446
2015-02-19 00:00:00 UTC,501,-89,250000884,4.1779166666666665
2015-02-19 00:00:00 UTC,501,-88,250000884,10.485555555555555
2015-02-19 00:00:00 UTC,501,-2,205259000,4.7277777777777779
2015-02-19 00:00:00 UTC,501,-1,205259000,0.43861111111111106
2015-02-19 00:00:00 UTC,501,-2,228939000,0.84180555555555547
2015-02-19 00:00:00 UTC,501,-2,205227000,1.6766666666666665
2015-02-19 00:00:00 UTC,757,397,225436000,2.3779166666666667
2015-02-19 00:00:00 UTC,757,396,225436000,1.5675
2015-02-19 00:00:00 UTC,757,393,277442000,3.0472222222222225
2015-02-19 00:00:00 UTC,757,399,273336280,1.554861111111111
2015-02-19 00:00:00 UTC,757,400,273336280,3.1045833333333333
2015-02-19 00:00:00 UTC,757,415,273357560,1.5822222222222222
2015-02-19 00:00:00 UTC,-267,995,263583000,0.32597222222222222
2015-02-19 00:00:00 UTC,-267,994,263583000,0.66152777777777783
2015-02-19 00:00:00 UTC,-267,140,659294000,7.5569444444444436
2015-02-19 00:00:00 UTC,-267,141,659294000,2.6970833333333335
2015-02-19 00:00:00 UTC,-267,140,659257000,7.3698611111111116
2015-02-19 00:00:00 UTC,-267,141,659257000,9.7726388888888884
2015-02-19 00:00:00 UTC,-267,141,659276000,3.2525
2015-02-19 00:00:00 UTC,-267,140,659276000,5.9061111111111115
2015-02-19 00:00:00 UTC,-11,1771,440935000,5.4312499999999995
2015-02-19 00:00:00 UTC,-11,1786,440636000,5.875
2015-02-19 00:00:00 UTC,-11,1718,440941000,0.11666666666666667
2015-02-19 00:00:00 UTC,-11,1719,440941000,0.736111111111111
2015-02-19 00:00:00 UTC,246,1187,800022037,2.8045833333333334
2015-02-19 00:00:00 UTC,246,1188,800022037,1.2398611111111111
2015-02-19 00:00:00 UTC,246,1188,412452889,0.3404166666666667
2015-02-19 00:00:00 UTC,246,1188,412451379,0.21638888888888888
2015-02-19 00:00:00 UTC,246,1187,412451379,0.20847222222222223
2015-02-19 00:00:00 UTC,246,1189,900029038,0.41555555555555557
2015-02-19 00:00:00 UTC,246,1188,900029038,0.50986111111111121
2015-02-19 00:00:00 UTC,246,1188,412451188,0.65152777777777771
2015-02-19 00:00:00 UTC,246,1189,412451188,1.1852777777777777
2015-02-19 00:00:00 UTC,246,1189,412101502,0.10361111111111111
2015-02-19 00:00:00 UTC,246,1188,412101502,1.0447222222222221
2015-02-19 00:00:00 UTC,246,1187,900028800,0.41888888888888887
2015-02-19 00:00:00 UTC,246,1188,415595393,0.33041666666666669
2015-02-19 00:00:00 UTC,246,1188,800027778,3.5986111111111105
2015-02-19 00:00:00 UTC,246,1187,800027778,2.0491666666666668
2015-02-19 00:00:00 UTC,246,1189,101407875,0.64097222222222217
2015-02-19 00:00:00 UTC,246,1188,101407875,1.0827777777777778
2015-02-19 00:00:00 UTC,246,1187,100701827,0.32152777777777775
2015-02-19 00:00:00 UTC,246,1188,100701827,0.27430555555555558
2015-02-19 00:00:00 UTC,246,1187,412451462,9.0156944444444456
2015-02-19 00:00:00 UTC,246,1189,412451218,0.52499999999999991
2015-02-19 00:00:00 UTC,246,1188,412451218,0.92180555555555554
2015-02-19 00:00:00 UTC,246,1188,412450972,0.23138888888888887
2015-02-19 00:00:00 UTC,246,1190,200009398,2.7498611111111115
2015-02-19 00:00:00 UTC,246,1189,412451262,0.7475
2015-02-19 00:00:00 UTC,246,1191,412452556,0.57861111111111108
2015-02-19 00:00:00 UTC,246,1188,800033253,0.56875
2015-02-19 00:00:00 UTC,246,1187,800033005,4.6147222222222224
2015-02-19 00:00:00 UTC,246,1188,412451325,0.43805555555555553
2015-02-19 00:00:00 UTC,246,1189,412451325,0.63763888888888887
2015-02-19 00:00:00 UTC,502,-3,205333000,1.6873611111111113
2015-02-19 00:00:00 UTC,502,-2,205333000,4.4280555555555559
2015-02-19 00:00:00 UTC,502,-27,227381000,2.3123611111111111
2015-02-19 00:00:00 UTC,502,-28,227381000,0.85
2015-02-19 00:00:00 UTC,502,3,246015000,1.2574999999999998
2015-02-19 00:00:00 UTC,502,-31,232005420,1.2516666666666665
2015-02-19 00:00:00 UTC,502,-32,233342000,1.6580555555555558
2015-02-19 00:00:00 UTC,502,8,227317040,0.21805555555555556
2015-02-19 00:00:00 UTC,502,7,227317040,0.21666666666666667
2015-02-19 00:00:00 UTC,502,1568,273890100,5.356527777777778
2015-02-19 00:00:00 UTC,502,1566,273890100,9.3981944444444441
2015-02-19 00:00:00 UTC,502,1567,273890100,3.7679166666666664
2015-02-19 00:00:00 UTC,502,10,228240700,1.880694444444444
2015-02-19 00:00:00 UTC,502,11,228240700,5.4443055555555571
2015-02-19 00:00:00 UTC,502,12,228240700,1.2956944444444445
2015-02-19 00:00:00 UTC,502,8,227729980,0.23305555555555557
2015-02-19 00:00:00 UTC,502,-3,205277000,0.88305555555555548
2015-02-19 00:00:00 UTC,502,-2,205277000,0.87791666666666668
2015-02-19 00:00:00 UTC,502,-2,205149000,2.2519444444444447
2015-02-19 00:00:00 UTC,502,-3,205149000,0.61388888888888893
2015-02-19 00:00:00 UTC,502,-1,205170000,1.671111111111111
2015-02-19 00:00:00 UTC,502,-2,205170000,9.23625
2015-02-19 00:00:00 UTC,502,-3,205170000,0.55888888888888888
2015-02-19 00:00:00 UTC,502,-80,250001491,1.3934722222222222
2015-02-19 00:00:00 UTC,502,-81,250001491,2.6419444444444444
2015-02-19 00:00:00 UTC,502,0,228111700,2.0943055555555552
2015-02-19 00:00:00 UTC,502,-1,228111700,0.8305555555555556
2015-02-19 00:00:00 UTC,502,1566,273899100,5.9290277777777787
2015-02-19 00:00:00 UTC,502,1568,273899100,0.32347222222222227
2015-02-19 00:00:00 UTC,502,1567,273899100,1.097361111111111
2015-02-19 00:00:00 UTC,502,2,228228700,1.4125
2015-02-19 00:00:00 UTC,502,0,228228700,0.7875
2015-02-19 00:00:00 UTC,502,1,228228700,2.7708333333333335
2015-02-19 00:00:00 UTC,502,1,227119200,4.0484722222222222
2015-02-19 00:00:00 UTC,502,-163,231132000,1.6031944444444444
2015-02-19 00:00:00 UTC,502,-162,231132000,10.515416666666667
2015-02-19 00:00:00 UTC,502,-162,273258100,5.38625
2015-02-19 00:00:00 UTC,502,13,227127700,1.66125
2015-02-19 00:00:00 UTC,502,12,227127700,0.20666666666666667
2015-02-19 00:00:00 UTC,502,1,228399000,0.41680555555555554
2015-02-19 00:00:00 UTC,502,-30,235103644,0.61402777777777784
2015-02-19 00:00:00 UTC,502,-29,235103644,2.0876388888888888
2015-02-19 00:00:00 UTC,502,-162,273534110,1.8986111111111112
2015-02-19 00:00:00 UTC,502,-163,273534110,9.4830555555555556
2015-02-19 00:00:00 UTC,502,0,227101600,1.0951388888888889
2015-02-19 00:00:00 UTC,502,-2,205316000,6.4080555555555563
2015-02-19 00:00:00 UTC,502,5,246233000,1.6422222222222222
2015-02-19 00:00:00 UTC,502,-83,250350000,5.3747222222222222
2015-02-19 00:00:00 UTC,502,-2,205198000,2.7056944444444442
2015-02-19 00:00:00 UTC,502,-33,232007350,2.0388888888888888
2015-02-19 00:00:00 UTC,502,-32,232007350,0.42083333333333334
2015-02-19 00:00:00 UTC,502,1567,273423800,2.9468055555555552
2015-02-19 00:00:00 UTC,502,1566,273423800,5.3348611111111115
2015-02-19 00:00:00 UTC,502,1568,273423800,0.51138888888888889
2015-02-19 00:00:00 UTC,502,-88,250001339,13.736944444444445
2015-02-19 00:00:00 UTC,502,-1,228952000,2.4833333333333334
2015-02-19 00:00:00 UTC,502,-3,228952000,1.0431944444444445
2015-02-19 00:00:00 UTC,502,-2,228952000,7.4741666666666671
2015-02-19 00:00:00 UTC,502,-29,227384000,0.64486111111111111
2015-02-19 00:00:00 UTC,502,-28,227384000,9.734444444444442
2015-02-19 00:00:00 UTC,502,-27,227384000,1.2938888888888889
2015-02-19 00:00:00 UTC,502,2,205240000,0.83194444444444449
2015-02-19 00:00:00 UTC,502,3,205240000,0.62916666666666665
2015-02-19 00:00:00 UTC,502,0,227853000,1.6651388888888889
2015-02-19 00:00:00 UTC,502,12,227318220,2.1501388888888888
2015-02-19 00:00:00 UTC,502,11,227118800,1.8833333333333333
2015-02-19 00:00:00 UTC,502,-74,228130000,7.9638888888888886
2015-02-19 00:00:00 UTC,502,-41,235003089,0.42513888888888884
2015-02-19 00:00:00 UTC,502,-43,235003089,2.3079166666666664
2015-02-19 00:00:00 UTC,502,-44,235003089,0.89180555555555552
2015-02-19 00:00:00 UTC,502,-42,235003089,2.4252777777777776
2015-02-19 00:00:00 UTC,502,-162,273536210,0.75152777777777779
2015-02-19 00:00:00 UTC,502,-163,273536210,0.20166666666666666
2015-02-19 00:00:00 UTC,502,0,227109600,2.5613888888888887
2015-02-19 00:00:00 UTC,502,0,205345000,3.2498611111111115
2015-02-19 00:00:00 UTC,502,1,205345000,6.7298611111111111
2015-02-19 00:00:00 UTC,502,-1,205345000,1.9361111111111109
2015-02-19 00:00:00 UTC,502,-2,205259000,5.2886111111111109
2015-02-19 00:00:00 UTC,502,-1,228939000,0.84888888888888892
2015-02-19 00:00:00 UTC,502,-2,228939000,0.67083333333333339
2015-02-19 00:00:00 UTC,502,1567,273899000,10.867361111111112
2015-02-19 00:00:00 UTC,502,-2,205227000,1.316527777777778
2015-02-19 00:00:00 UTC,502,9,227314170,0.21361111111111111
2015-02-19 00:00:00 UTC,758,425,258141000,1.5455555555555556
2015-02-19 00:00:00 UTC,758,427,258141000,1.5426388888888889
2015-02-19 00:00:00 UTC,758,405,273842510,3.9251388888888887
2015-02-19 00:00:00 UTC,758,404,273842510,1.5347222222222223
2015-02-19 00:00:00 UTC,758,406,273842510,6.9165277777777776
2015-02-19 00:00:00 UTC,758,407,273842510,1.5347222222222223
2015-02-19 00:00:00 UTC,758,409,225436000,3.8888888888888893
2015-02-19 00:00:00 UTC,758,395,225436000,2.3273611111111112
2015-02-19 00:00:00 UTC,758,400,225436000,1.5227777777777778
2015-02-19 00:00:00 UTC,758,397,225436000,1.527222222222222
2015-02-19 00:00:00 UTC,758,399,225436000,3.0638888888888891
2015-02-19 00:00:00 UTC,758,392,277442000,3.1569444444444441
2015-02-19 00:00:00 UTC,-266,140,659294000,4.9180555555555561
2015-02-19 00:00:00 UTC,-266,140,659257000,2.1805555555555554
2015-02-19 00:00:00 UTC,-266,140,659276000,2.1806944444444443
2015-02-19 00:00:00 UTC,-10,1718,440941000,0.44472222222222224
2015-02-19 00:00:00 UTC,247,1188,412451345,3.9188888888888891
2015-02-19 00:00:00 UTC,247,1191,412425255,0.50847222222222221
2015-02-19 00:00:00 UTC,247,1189,800036648,1.290972222222222
2015-02-19 00:00:00 UTC,247,-159,242135100,3.83875
2015-02-19 00:00:00 UTC,247,1188,813021761,0.10416666666666666
2015-02-19 00:00:00 UTC,247,1189,813021761,1.7170833333333331
2015-02-19 00:00:00 UTC,247,1187,900029038,0.10430555555555555
2015-02-19 00:00:00 UTC,247,1189,900029038,0.87555555555555542
2015-02-19 00:00:00 UTC,247,1189,800000127,0.35069444444444448
2015-02-19 00:00:00 UTC,247,1188,800000127,1.6722222222222225
2015-02-19 00:00:00 UTC,247,1190,412451481,2.9136111111111114
2015-02-19 00:00:00 UTC,247,1188,412450972,5.4527777777777775
2015-02-19 00:00:00 UTC,247,1190,200009398,2.7256944444444446
2015-02-19 00:00:00 UTC,247,1190,870035897,1.0841666666666667
2015-02-19 00:00:00 UTC,247,1189,870035897,0.72249999999999992
2015-02-19 00:00:00 UTC,247,1189,412451262,1.31375
2015-02-19 00:00:00 UTC,247,1190,412452554,0.12041666666666667
2015-02-19 00:00:00 UTC,247,1191,412452556,0.38361111111111112
2015-02-19 00:00:00 UTC,247,1189,412451325,1.1052777777777778
2015-02-19 00:00:00 UTC,503,-61,232005890,0.2013888888888889
2015-02-19 00:00:00 UTC,503,-60,232005890,0.4094444444444445
2015-02-19 00:00:00 UTC,503,-2,205333000,1.6704166666666669
2015-02-19 00:00:00 UTC,503,1,205333000,1.8415277777777774
2015-02-19 00:00:00 UTC,503,2,205333000,0.821388888888889
2015-02-19 00:00:00 UTC,503,-28,227381000,1.4444444444444442
2015-02-19 00:00:00 UTC,503,-29,227381000,1.1165277777777776
2015-02-19 00:00:00 UTC,503,-2,205237000,5.4318055555555569
2015-02-19 00:00:00 UTC,503,-1,205237000,3.6919444444444443
2015-02-19 00:00:00 UTC,503,-3,205237000,6.6740277777777779
2015-02-19 00:00:00 UTC,503,13,227649290,1.6862499999999998
2015-02-19 00:00:00 UTC,503,2,228330000,2.7029166666666669
2015-02-19 00:00:00 UTC,503,3,228330000,1.2625
2015-02-19 00:00:00 UTC,503,-162,273240600,1.9444444444444444
2015-02-19 00:00:00 UTC,503,-161,273240600,0.63972222222222219
2015-02-19 00:00:00 UTC,503,12,227562010,4.4480555555555554
2015-02-19 00:00:00 UTC,503,-34,235009060,1.8922222222222222
2015-02-19 00:00:00 UTC,503,-88,250002475,6.6981944444444448
2015-02-19 00:00:00 UTC,503,-29,232005420,0.653888888888889
2015-02-19 00:00:00 UTC,503,-28,232005420,0.67999999999999994
2015-02-19 00:00:00 UTC,503,-30,232005420,6.6144444444444455
2015-02-19 00:00:00 UTC,503,-31,232005420,6.7486111111111118
2015-02-19 00:00:00 UTC,503,10,228281900,0.5493055555555556
2015-02-19 00:00:00 UTC,503,-42,235040556,0.24180555555555555
2015-02-19 00:00:00 UTC,503,-30,233342000,0.42625
2015-02-19 00:00:00 UTC,503,-31,233342000,1.8752777777777776
2015-02-19 00:00:00 UTC,503,1569,273890100,1.0155555555555555
2015-02-19 00:00:00 UTC,503,-160,273459510,1.6901388888888889
2015-02-19 00:00:00 UTC,503,-161,273459510,6.0320833333333326
2015-02-19 00:00:00 UTC,503,-162,273459510,1.9166666666666667
2015-02-19 00:00:00 UTC,503,0,228144700,1.484861111111111
2015-02-19 00:00:00 UTC,503,1,228144700,1.2666666666666666
2015-02-19 00:00:00 UTC,503,2,228144700,1.3458333333333332
2015-02-19 00:00:00 UTC,503,13,228240700,2.8511111111111114
2015-02-19 00:00:00 UTC,503,9,228240700,1.5913888888888887
2015-02-19 00:00:00 UTC,503,12,228240700,0.83916666666666662
2015-02-19 00:00:00 UTC,503,8,228240700,1.6013888888888888
2015-02-19 00:00:00 UTC,503,10,228240700,2.1861111111111109
2015-02-19 00:00:00 UTC,503,2,228112700,0.20819444444444443
2015-02-19 00:00:00 UTC,503,1,228112700,3.7397222222222219
2015-02-19 00:00:00 UTC,503,9,227729980,3.2327777777777786
2015-02-19 00:00:00 UTC,503,0,246557000,0.61249999999999993
2015-02-19 00:00:00 UTC,503,-3,205277000,1.8965277777777776
2015-02-19 00:00:00 UTC,503,-2,205149000,3.0559722222222221
2015-02-19 00:00:00 UTC,503,1,228111700,1.2369444444444444
2015-02-19 00:00:00 UTC,503,0,228111700,0.63916666666666666
2015-02-19 00:00:00 UTC,503,2,228111700,1.0433333333333334
2015-02-19 00:00:00 UTC,503,1568,273899100,1.5319444444444443
2015-02-19 00:00:00 UTC,503,1569,273899100,1.2352777777777777
2015-02-19 00:00:00 UTC,503,-162,273259100,2.1930555555555555
2015-02-19 00:00:00 UTC,503,-161,273259100,1.0722222222222222
2015-02-19 00:00:00 UTC,503,-5,245308000,0.20833333333333331
2015-02-19 00:00:00 UTC,503,-3,245308000,0.41000000000000003
2015-02-19 00:00:00 UTC,503,-2,245308000,0.41902777777777778
2015-02-19 00:00:00 UTC,503,3,245308000,0.94805555555555554
2015-02-19 00:00:00 UTC,503,2,245308000,0.32416666666666666
2015-02-19 00:00:00 UTC,503,-4,245308000,0.20597222222222222
2015-02-19 00:00:00 UTC,503,-162,231132000,5.6426388888888885
2015-02-19 00:00:00 UTC,503,2,228369000,1.1055555555555556
2015-02-19 00:00:00 UTC,503,1,228369000,0.62
2015-02-19 00:00:00 UTC,503,-162,273258100,8.4418055555555558
2015-02-19 00:00:00 UTC,503,-161,273258100,1.5012500000000002
2015-02-19 00:00:00 UTC,503,-4,244987000,0.20694444444444443
2015-02-19 00:00:00 UTC,503,-3,244987000,2.3511111111111114
2015-02-19 00:00:00 UTC,503,7,227124600,1.2802777777777776
2015-02-19 00:00:00 UTC,503,8,227124600,1.1904166666666667
2015-02-19 00:00:00 UTC,503,-2,205243000,1.0220833333333332
2015-02-19 00:00:00 UTC,503,-1,205243000,7.77902777777778
2015-02-19 00:00:00 UTC,503,0,205243000,0.61749999999999994
2015-02-19 00:00:00 UTC,503,2,227137400,0.20680555555555558
2015-02-19 00:00:00 UTC,503,0,227137400,0.41138888888888892
2015-02-19 00:00:00 UTC,503,1,227137400,2.5915277777777774
2015-02-19 00:00:00 UTC,503,13,227317390,2.9679166666666674
2015-02-19 00:00:00 UTC,503,1,226010000,3.1151388888888891
2015-02-19 00:00:00 UTC,503,2,226010000,1.0633333333333335
2015-02-19 00:00:00 UTC,503,14,227127700,1.6590277777777778
2015-02-19 00:00:00 UTC,503,13,227127700,1.235138888888889
2015-02-19 00:00:00 UTC,503,1,228399000,2.3845833333333335
2015-02-19 00:00:00 UTC,503,2,228399000,1.6662499999999998
2015-02-19 00:00:00 UTC,503,2,227101600,2.6213888888888892
2015-02-19 00:00:00 UTC,503,3,227101600,1.8438888888888889
2015-02-19 00:00:00 UTC,503,1,227101600,5.3588888888888881
2015-02-19 00:00:00 UTC,503,0,227101600,0.69138888888888883
2015-02-19 00:00:00 UTC,503,-1,205316000,3.1987500000000004
2015-02-19 00:00:00 UTC,503,-2,205316000,2.1276388888888889
2015-02-19 00:00:00 UTC,503,0,205316000,0.20291666666666666
2015-02-19 00:00:00 UTC,503,-5,228857000,0.63611111111111107
2015-02-19 00:00:00 UTC,503,-4,228857000,1.0679166666666666
2015-02-19 00:00:00 UTC,503,-3,228857000,2.100972222222222
2015-02-19 00:00:00 UTC,503,-161,273298600,16.898333333333333
2015-02-19 00:00:00 UTC,503,9,246233000,0.28305555555555556
2015-02-19 00:00:00 UTC,503,13,228121000,0.62763888888888886
2015-02-19 00:00:00 UTC,503,13,227315370,1.1988888888888889
2015-02-19 00:00:00 UTC,503,-82,250350000,2.1237500000000002
2015-02-19 00:00:00 UTC,503,-2,205198000,0.20416666666666666
2015-02-19 00:00:00 UTC,503,-1,205198000,2.2680555555555557
2015-02-19 00:00:00 UTC,503,0,205198000,1.0356944444444445
2015-02-19 00:00:00 UTC,503,1570,273423800,0.92666666666666664
2015-02-19 00:00:00 UTC,503,1568,273423800,0.65569444444444436
2015-02-19 00:00:00 UTC,503,1569,273423800,5.4316666666666675
2015-02-19 00:00:00 UTC,503,1571,273423800,2.9943055555555556
2015-02-19 00:00:00 UTC,503,0,228952000,1.7080555555555554
2015-02-19 00:00:00 UTC,503,-1,228952000,0.62777777777777777
2015-02-19 00:00:00 UTC,503,1,228952000,0.21527777777777779
2015-02-19 00:00:00 UTC,503,-27,227384000,6.7988888888888894
2015-02-19 00:00:00 UTC,503,-28,227384000,1.9527777777777777
2015-02-19 00:00:00 UTC,503,3,205240000,6.25263888888889
2015-02-19 00:00:00 UTC,503,2,205240000,2.7591666666666663
2015-02-19 00:00:00 UTC,503,4,205240000,5.7052777777777788
2015-02-19 00:00:00 UTC,503,10,245325000,0.91013888888888883
2015-02-19 00:00:00 UTC,503,-3,227110600,4.4770833333333337
2015-02-19 00:00:00 UTC,503,-1,227110600,0.40986111111111112
2015-02-19 00:00:00 UTC,503,-2,227110600,6.452222222222221
2015-02-19 00:00:00 UTC,503,2,227853000,0.87361111111111112
2015-02-19 00:00:00 UTC,503,0,227853000,0.44722222222222219
2015-02-19 00:00:00 UTC,503,1,227853000,1.7015277777777778
2015-02-19 00:00:00 UTC,503,13,227318220,2.8248611111111108
2015-02-19 00:00:00 UTC,503,-74,228130000,14.019166666666665
2015-02-19 00:00:00 UTC,503,-162,273536210,21.346944444444446
2015-02-19 00:00:00 UTC,503,-163,273536210,0.90125
2015-02-19 00:00:00 UTC,503,-162,257687000,2.3068055555555556
2015-02-19 00:00:00 UTC,503,1,227109600,5.4211111111111121
2015-02-19 00:00:00 UTC,503,0,227109600,0.89125
2015-02-19 00:00:00 UTC,503,2,227109600,2.6709722222222223
2015-02-19 00:00:00 UTC,503,6,235004390,2.2073611111111116
2015-02-19 00:00:00 UTC,503,1,205345000,1.8852777777777778
2015-02-19 00:00:00 UTC,503,5,246742000,7.317222222222223
2015-02-19 00:00:00 UTC,503,-2,205259000,2.1958333333333333
2015-02-19 00:00:00 UTC,503,-1,205259000,3.2415277777777782
2015-02-19 00:00:00 UTC,503,-3,205259000,0.62069444444444444
2015-02-19 00:00:00 UTC,503,0,228939000,1.8973611111111115
2015-02-19 00:00:00 UTC,503,-1,228939000,0.63597222222222216
2015-02-19 00:00:00 UTC,503,1,228939000,0.92361111111111116
2015-02-19 00:00:00 UTC,503,-2,205227000,2.0861111111111112
2015-02-19 00:00:00 UTC,503,-3,205227000,1.4690277777777776
2015-02-19 00:00:00 UTC,503,9,227314170,3.2012499999999995
2015-02-19 00:00:00 UTC,759,426,258141000,3.88875
2015-02-19 00:00:00 UTC,759,425,258141000,1.5411111111111113
2015-02-19 00:00:00 UTC,759,427,258141000,3.1027777777777779
2015-02-19 00:00:00 UTC,759,406,273842510,4.6513888888888886
2015-02-19 00:00:00 UTC,759,407,273842510,3.1333333333333337
2015-02-19 00:00:00 UTC,759,408,225436000,1.543611111111111
2015-02-19 00:00:00 UTC,759,412,225436000,3.1195833333333334
2015-02-19 00:00:00 UTC,759,404,225436000,1.5388888888888888
2015-02-19 00:00:00 UTC,759,409,225436000,1.5568055555555556
2015-02-19 00:00:00 UTC,759,400,273358560,4.6638888888888888
2015-02-19 00:00:00 UTC,-265,348,432298000,4.941805555555554
2015-02-19 00:00:00 UTC,-9,1718,440941000,2.26375
2015-02-19 00:00:00 UTC,248,1190,800032771,0.775
2015-02-19 00:00:00 UTC,248,1188,412451345,0.7877777777777778
2015-02-19 00:00:00 UTC,248,1188,800000530,4.6947222222222216
2015-02-19 00:00:00 UTC,248,1189,800000127,0.12486111111111112
2015-02-19 00:00:00 UTC,248,1188,800000127,0.25013888888888891
2015-02-19 00:00:00 UTC,504,-61,232005890,0.81555555555555548
2015-02-19 00:00:00 UTC,504,-2,205333000,0.64375
2015-02-19 00:00:00 UTC,504,4,205333000,1.4406944444444447
2015-02-19 00:00:00 UTC,504,0,205333000,2.6561111111111115
2015-02-19 00:00:00 UTC,504,-1,205333000,1.6604166666666664
2015-02-19 00:00:00 UTC,504,3,205333000,2.6470833333333337
2015-02-19 00:00:00 UTC,504,2,205333000,0.20652777777777775
2015-02-19 00:00:00 UTC,504,-3,205237000,0.20555555555555555
2015-02-19 00:00:00 UTC,504,-1,205237000,2.0738888888888889
2015-02-19 00:00:00 UTC,504,0,205237000,1.8613888888888885
2015-02-19 00:00:00 UTC,504,1,205237000,1.235972222222222
2015-02-19 00:00:00 UTC,504,-2,205237000,1.4266666666666665
2015-02-19 00:00:00 UTC,504,2,205237000,0.62833333333333341
2015-02-19 00:00:00 UTC,504,8,244810000,1.8954166666666667
2015-02-19 00:00:00 UTC,504,9,244810000,0.84541666666666671
2015-02-19 00:00:00 UTC,504,-160,273240600,0.72222222222222232
2015-02-19 00:00:00 UTC,504,-161,273240600,0.36291666666666667
2015-02-19 00:00:00 UTC,504,-162,273240600,1.5350000000000001
2015-02-19 00:00:00 UTC,504,-159,273240600,18.734305555555558
2015-02-19 00:00:00 UTC,504,-163,273240600,4.0430555555555552
2015-02-19 00:00:00 UTC,504,-33,235009060,3.2791666666666668
2015-02-19 00:00:00 UTC,504,-34,235009060,1.0377777777777777
2015-02-19 00:00:00 UTC,504,-32,235009060,1.4527777777777775
2015-02-19 00:00:00 UTC,504,-86,250002475,11.534722222222223
2015-02-19 00:00:00 UTC,504,-2,228134700,0.6412500000000001
2015-02-19 00:00:00 UTC,504,-28,232005420,0.63472222222222219
2015-02-19 00:00:00 UTC,504,-29,232005420,1.8777777777777773
2015-02-19 00:00:00 UTC,504,-31,232005420,1.3136111111111111
2015-02-19 00:00:00 UTC,504,-30,232005420,4.3008333333333333
2015-02-19 00:00:00 UTC,504,10,228281900,0.79902777777777778
2015-02-19 00:00:00 UTC,504,9,228281900,3.4393055555555554
2015-02-19 00:00:00 UTC,504,-28,233342000,0.83111111111111113
2015-02-19 00:00:00 UTC,504,-30,233342000,0.41402777777777777
2015-02-19 00:00:00 UTC,504,-29,233342000,1.2345833333333331
2015-02-19 00:00:00 UTC,504,-161,273459510,8.7681944444444451
2015-02-19 00:00:00 UTC,504,-164,273459510,0.84027777777777779
2015-02-19 00:00:00 UTC,504,-162,273459510,4.3804166666666671
2015-02-19 00:00:00 UTC,504,-165,273459510,4.4098611111111108
2015-02-19 00:00:00 UTC,504,14,228240700,1.7469444444444444
2015-02-19 00:00:00 UTC,504,13,228240700,0.22375
2015-02-19 00:00:00 UTC,504,10,227729980,0.20847222222222223
2015-02-19 00:00:00 UTC,504,9,227729980,2.9530555555555562
2015-02-19 00:00:00 UTC,504,8,245928000,0.20277777777777778
2015-02-19 00:00:00 UTC,504,7,245928000,0.21513888888888888
2015-02-19 00:00:00 UTC,504,7,246749000,3.1673611111111115
2015-02-19 00:00:00 UTC,504,8,246749000,5.604166666666667
2015-02-19 00:00:00 UTC,504,-1,246557000,0.20277777777777778
2015-02-19 00:00:00 UTC,504,0,246557000,7.3431944444444435
2015-02-19 00:00:00 UTC,504,-2,205277000,3.9747222222222218
2015-02-19 00:00:00 UTC,504,-2,205149000,1.6394444444444445
2015-02-19 00:00:00 UTC,504,-1,205149000,1.4274999999999998
2015-02-19 00:00:00 UTC,504,-162,259655000,5.6505555555555551
2015-02-19 00:00:00 UTC,504,-161,259655000,9.9252777777777776
2015-02-19 00:00:00 UTC,504,0,226183000,0.60708333333333331
2015-02-19 00:00:00 UTC,504,-1,226183000,0.80569444444444427
2015-02-19 00:00:00 UTC,504,-2,226183000,1.0458333333333334
2015-02-19 00:00:00 UTC,504,-3,226183000,6.7965277777777775
2015-02-19 00:00:00 UTC,504,-161,273259100,9.9668055555555544
2015-02-19 00:00:00 UTC,504,-32,235103069,0.23347222222222225
2015-02-19 00:00:00 UTC,504,-34,235103069,2.0245833333333332
2015-02-19 00:00:00 UTC,504,-33,235103069,2.5627777777777778
2015-02-19 00:00:00 UTC,504,-2,245308000,1.2595833333333335
2015-02-19 00:00:00 UTC,504,-1,245308000,0.20597222222222222
2015-02-19 00:00:00 UTC,504,8,227106400,1.0833333333333333
2015-02-19 00:00:00 UTC,504,0,227106400,0.40569444444444447
2015-02-19 00:00:00 UTC,504,9,227106400,0.63638888888888889
2015-02-19 00:00:00 UTC,504,1,227106400,0.612638888888889
2015-02-19 00:00:00 UTC,504,7,227106400,0.3026388888888889
2015-02-19 00:00:00 UTC,504,-158,231132000,9.2580555555555542
2015-02-19 00:00:00 UTC,504,-161,273258100,1.7347222222222221
2015-02-19 00:00:00 UTC,504,-160,273258100,4.8793055555555558
2015-02-19 00:00:00 UTC,504,-162,273258100,6.1359722222222226
2015-02-19 00:00:00 UTC,504,7,244987000,0.90583333333333327
2015-02-19 00:00:00 UTC,504,-2,244987000,0.63347222222222221
2015-02-19 00:00:00 UTC,504,-3,244987000,0.87569444444444433
2015-02-19 00:00:00 UTC,504,7,227124600,6.55013888888889
2015-02-19 00:00:00 UTC,504,0,205243000,2.6766666666666667
2015-02-19 00:00:00 UTC,504,-1,205243000,6.6608333333333345
2015-02-19 00:00:00 UTC,504,-2,205243000,0.20291666666666666
2015-02-19 00:00:00 UTC,504,2,205243000,2.275
2015-02-19 00:00:00 UTC,504,1,205243000,2.299722222222222
2015-02-19 00:00:00 UTC,504,0,227106700,6.8994444444444438
2015-02-19 00:00:00 UTC,504,-1,227106700,0.62236111111111114
2015-02-19 00:00:00 UTC,504,12,227317660,2.9209722222222223
2015-02-19 00:00:00 UTC,504,-160,273534110,11.029166666666665
2015-02-19 00:00:00 UTC,504,-161,273534110,6.2777777777777777
2015-02-19 00:00:00 UTC,504,2,205316000,1.721111111111111
2015-02-19 00:00:00 UTC,504,0,205316000,1.065
2015-02-19 00:00:00 UTC,504,-1,205316000,2.527222222222222
2015-02-19 00:00:00 UTC,504,1,205316000,1.5069444444444444
2015-02-19 00:00:00 UTC,504,-2,205316000,3.3958333333333326
2015-02-19 00:00:00 UTC,504,-1,228857000,0.20375
2015-02-19 00:00:00 UTC,504,-3,228857000,1.4569444444444446
2015-02-19 00:00:00 UTC,504,-2,228857000,0.61819444444444449
2015-02-19 00:00:00 UTC,504,-5,228857000,1.4768055555555555
2015-02-19 00:00:00 UTC,504,-4,228857000,1.4748611111111112
2015-02-19 00:00:00 UTC,504,9,246233000,1.2093055555555556
2015-02-19 00:00:00 UTC,504,13,228121000,5.030555555555555
2015-02-19 00:00:00 UTC,504,14,228121000,1.4877777777777779
2015-02-19 00:00:00 UTC,504,-34,235032237,1.4200000000000004
2015-02-19 00:00:00 UTC,504,-33,235032237,0.94083333333333352
2015-02-19 00:00:00 UTC,504,-81,250350000,1.365
2015-02-19 00:00:00 UTC,504,0,205198000,0.41527777777777775
2015-02-19 00:00:00 UTC,504,1,227102900,1.6997222222222224
2015-02-19 00:00:00 UTC,504,0,227102900,0.61972222222222217
2015-02-19 00:00:00 UTC,504,-2,227143100,1.7158333333333333
2015-02-19 00:00:00 UTC,504,10,245325000,0.67805555555555552
2015-02-19 00:00:00 UTC,504,-2,227110600,0.20583333333333334
2015-02-19 00:00:00 UTC,504,-1,227110600,0.20833333333333334
2015-02-19 00:00:00 UTC,504,-160,273532110,1.3262500000000002
2015-02-19 00:00:00 UTC,504,-162,273532110,1.0365277777777777
2015-02-19 00:00:00 UTC,504,-161,273532110,7.4247222222222229
2015-02-19 00:00:00 UTC,504,-414,231031000,0.64277777777777767
2015-02-19 00:00:00 UTC,504,-415,231031000,0.40583333333333338
2015-02-19 00:00:00 UTC,504,-162,257687000,4.0348611111111108
2015-02-19 00:00:00 UTC,504,-161,257687000,2.3351388888888889
2015-02-19 00:00:00 UTC,504,-28,235003355,7.5715277777777752
2015-02-19 00:00:00 UTC,504,5,235004390,0.20541666666666666
2015-02-19 00:00:00 UTC,504,6,235004390,6.0133333333333345
2015-02-19 00:00:00 UTC,504,7,235004390,0.21236111111111111
2015-02-19 00:00:00 UTC,504,0,205345000,1.5087499999999998
2015-02-19 00:00:00 UTC,504,1,205345000,0.87402777777777774
2015-02-19 00:00:00 UTC,504,-415,231030000,0.29291666666666666
2015-02-19 00:00:00 UTC,504,-414,231030000,0.29875
2015-02-19 00:00:00 UTC,504,0,227142900,0.81833333333333336
2015-02-19 00:00:00 UTC,504,-2,227142900,0.81222222222222218
2015-02-19 00:00:00 UTC,504,1,227142900,0.61625000000000008
2015-02-19 00:00:00 UTC,504,-1,227142900,0.82069444444444439
2015-02-19 00:00:00 UTC,504,-3,227142900,7.1880555555555565
2015-02-19 00:00:00 UTC,504,-1,205259000,5.6726388888888879
2015-02-19 00:00:00 UTC,504,-3,205227000,6.6422222222222214
2015-02-19 00:00:00 UTC,504,-4,205227000,3.9329166666666677
2015-02-19 00:00:00 UTC,504,10,227314170,0.43861111111111112
2015-02-19 00:00:00 UTC,504,9,227314170,2.7530555555555551
2015-02-19 00:00:00 UTC,760,417,258141000,2.3093055555555555
2015-02-19 00:00:00 UTC,760,420,258141000,1.5323611111111113
2015-02-19 00:00:00 UTC,760,421,258141000,2.3941666666666666
2015-02-19 00:00:00 UTC,760,409,273842510,2.3609722222222222
2015-02-19 00:00:00 UTC,760,404,273358560,1.5443055555555556
2015-02-19 00:00:00 UTC,760,413,273358560,3.0820833333333333
2015-02-19 00:00:00 UTC,760,408,273358560,5.462361111111111
2015-02-19 00:00:00 UTC,-264,349,432298000,3.9791666666666665
2015-02-19 00:00:00 UTC,-264,60,441667000,5.7213888888888889
2015-02-19 00:00:00 UTC,-8,1765,538060019,5.302083333333333
2015-02-19 00:00:00 UTC,249,1190,800032771,1.075
2015-02-19 00:00:00 UTC,505,-62,232005890,0.84777777777777785
2015-02-19 00:00:00 UTC,505,-61,232005890,0.20680555555555555
2015-02-19 00:00:00 UTC,505,0,205333000,0.82375
2015-02-19 00:00:00 UTC,505,2,205237000,0.20375
2015-02-19 00:00:00 UTC,505,1,205237000,0.61958333333333337
2015-02-19 00:00:00 UTC,505,1,227141900,2.8801388888888888
2015-02-19 00:00:00 UTC,505,0,227141900,2.9425000000000003
2015-02-19 00:00:00 UTC,505,7,227141900,0.8470833333333333
2015-02-19 00:00:00 UTC,505,2,227141900,3.0829166666666667
2015-02-19 00:00:00 UTC,505,3,227141900,1.0676388888888888
2015-02-19 00:00:00 UTC,505,9,227141900,1.2470833333333331
2015-02-19 00:00:00 UTC,505,8,227141900,1.0306944444444444
2015-02-19 00:00:00 UTC,505,4,227141900,1.0319444444444443
2015-02-19 00:00:00 UTC,505,5,227141900,1.6487499999999997
2015-02-19 00:00:00 UTC,505,10,227141900,0.61375
2015-02-19 00:00:00 UTC,505,-1,227141900,0.63097222222222227
2015-02-19 00:00:00 UTC,505,6,227141900,2.1141666666666667
2015-02-19 00:00:00 UTC,505,10,244810000,2.7644444444444449
2015-02-19 00:00:00 UTC,505,8,244810000,2.0308333333333333
2015-02-19 00:00:00 UTC,505,9,244810000,7.0547222222222254
2015-02-19 00:00:00 UTC,505,-1,205258000,0.20694444444444443
2015-02-19 00:00:00 UTC,505,1,227117600,2.0405555555555552
2015-02-19 00:00:00 UTC,505,0,227117600,2.7190277777777778
2015-02-19 00:00:00 UTC,505,7,227117600,1.6972222222222224
2015-02-19 00:00:00 UTC,505,8,227117600,1.4755555555555555
2015-02-19 00:00:00 UTC,505,5,227117600,1.0227777777777778
2015-02-19 00:00:00 UTC,505,2,227117600,3.1216666666666666
2015-02-19 00:00:00 UTC,505,6,227117600,1.6612499999999997
2015-02-19 00:00:00 UTC,505,10,227117600,0.20722222222222222
2015-02-19 00:00:00 UTC,505,3,227117600,1.0359722222222221
2015-02-19 00:00:00 UTC,505,4,227117600,1.2383333333333333
2015-02-19 00:00:00 UTC,505,-1,227117600,1.6516666666666668
2015-02-19 00:00:00 UTC,505,9,227117600,1.24375
2015-02-19 00:00:00 UTC,505,-32,235009060,1.6794444444444445
2015-02-19 00:00:00 UTC,505,-31,235009060,1.2969444444444447
2015-02-19 00:00:00 UTC,505,10,228134700,0.70333333333333337
2015-02-19 00:00:00 UTC,505,8,228134700,1.1530555555555555
2015-02-19 00:00:00 UTC,505,-1,228134700,1.4888888888888887
2015-02-19 00:00:00 UTC,505,0,228134700,0.82777777777777772
2015-02-19 00:00:00 UTC,505,-2,228134700,1.4755555555555555
2015-02-19 00:00:00 UTC,505,6,228134700,2.7916666666666665
2015-02-19 00:00:00 UTC,505,7,228134700,1.6334722222222222
2015-02-19 00:00:00 UTC,505,2,228134700,0.63361111111111112
2015-02-19 00:00:00 UTC,505,9,228134700,1.016111111111111
2015-02-19 00:00:00 UTC,505,7,228238900,1.49125
2015-02-19 00:00:00 UTC,505,10,228238900,1.2363888888888888
2015-02-19 00:00:00 UTC,505,0,228238900,1.4777777777777776
2015-02-19 00:00:00 UTC,505,2,228238900,0.60597222222222225
2015-02-19 00:00:00 UTC,505,1,228238900,1.0327777777777776
2015-02-19 00:00:00 UTC,505,9,228238900,1.0208333333333333
2015-02-19 00:00:00 UTC,505,-1,228238900,2.8044444444444445
2015-02-19 00:00:00 UTC,505,8,228238900,1.4529166666666666
2015-02-19 00:00:00 UTC,505,11,227729980,0.42777777777777776
2015-02-19 00:00:00 UTC,505,10,227729980,1.2525
2015-02-19 00:00:00 UTC,505,8,245928000,3.7515277777777771
2015-02-19 00:00:00 UTC,505,9,245928000,0.20319444444444446
2015-02-19 00:00:00 UTC,505,7,245928000,6.731527777777778
2015-02-19 00:00:00 UTC,505,8,246749000,2.8983333333333334
2015-02-19 00:00:00 UTC,505,9,246749000,0.20402777777777775
2015-02-19 00:00:00 UTC,505,7,246749000,5.4980555555555561
2015-02-19 00:00:00 UTC,505,8,246557000,0.83930555555555553
2015-02-19 00:00:00 UTC,505,-3,246557000,2.32625
2015-02-19 00:00:00 UTC,505,-2,246557000,2.0955555555555554
2015-02-19 00:00:00 UTC,505,7,246557000,1.6704166666666669
2015-02-19 00:00:00 UTC,505,-2,205277000,5.5965277777777791
2015-02-19 00:00:00 UTC,505,-1,205277000,0.62333333333333329
2015-02-19 00:00:00 UTC,505,-1,205149000,1.0306944444444446
2015-02-19 00:00:00 UTC,505,2,227538000,1.4480555555555554
2015-02-19 00:00:00 UTC,505,1,227538000,3.55375
2015-02-19 00:00:00 UTC,505,4,227538000,2.9098611111111112
2015-02-19 00:00:00 UTC,505,3,227538000,2.3263888888888888
2015-02-19 00:00:00 UTC,505,6,235095634,3.9938888888888888
2015-02-19 00:00:00 UTC,505,5,235095634,6.50125
2015-02-19 00:00:00 UTC,505,-161,259655000,6.6529166666666661
2015-02-19 00:00:00 UTC,505,-160,259655000,0.69708333333333328
2015-02-19 00:00:00 UTC,505,1,226183000,0.41416666666666668
2015-02-19 00:00:00 UTC,505,5,226183000,1.2588888888888887
2015-02-19 00:00:00 UTC,505,3,226183000,1.2227777777777777
2015-02-19 00:00:00 UTC,505,9,226183000,1.4541666666666664
2015-02-19 00:00:00 UTC,505,0,226183000,0.20527777777777778
2015-02-19 00:00:00 UTC,505,6,226183000,2.5237499999999997
2015-02-19 00:00:00 UTC,505,2,226183000,1.0302777777777778
2015-02-19 00:00:00 UTC,505,4,226183000,1.5272222222222223
2015-02-19 00:00:00 UTC,505,8,226183000,1.2347222222222223
2015-02-19 00:00:00 UTC,505,10,226183000,0.21111111111111111
2015-02-19 00:00:00 UTC,505,7,226183000,1.4584722222222219
2015-02-19 00:00:00 UTC,505,3,235068506,1.7733333333333334
2015-02-19 00:00:00 UTC,505,2,235068506,2.5940277777777778
2015-02-19 00:00:00 UTC,505,0,235068506,0.20305555555555554
2015-02-19 00:00:00 UTC,505,1,235068506,8.7176388888888869
2015-02-19 00:00:00 UTC,505,-161,273259100,4.4209722222222219
2015-02-19 00:00:00 UTC,505,-33,235103069,0.44569444444444445
2015-02-19 00:00:00 UTC,505,-31,235103069,2.0580555555555553
2015-02-19 00:00:00 UTC,505,-32,235103069,2.5879166666666666
2015-02-19 00:00:00 UTC,505,8,227106400,2.3499999999999996
2015-02-19 00:00:00 UTC,505,2,227106400,2.3138888888888887
2015-02-19 00:00:00 UTC,505,7,227106400,2.266944444444444
2015-02-19 00:00:00 UTC,505,6,227106400,1.3386111111111112
2015-02-19 00:00:00 UTC,505,5,227106400,1.1152777777777778
2015-02-19 00:00:00 UTC,505,3,227106400,3.7725
2015-02-19 00:00:00 UTC,505,1,227106400,1.4622222222222221
2015-02-19 00:00:00 UTC,505,0,227106400,1.2972222222222221
2015-02-19 00:00:00 UTC,505,4,227106400,1.6619444444444442
2015-02-19 00:00:00 UTC,505,9,227106400,0.20694444444444443
2015-02-19 00:00:00 UTC,505,3,227324000,1.8468055555555556
2015-02-19 00:00:00 UTC,505,2,227324000,2.2690277777777781
2015-02-19 00:00:00 UTC,505,1,227324000,1.6416666666666666
2015-02-19 00:00:00 UTC,505,0,228108900,0.64597222222222217
2015-02-19 00:00:00 UTC,505,1,228108900,1.0484722222222222
2015-02-19 00:00:00 UTC,505,0,205265000,0.61555555555555552
2015-02-19 00:00:00 UTC,505,1,205265000,1.61375
2015-02-19 00:00:00 UTC,505,2,205265000,2.2652777777777779
2015-02-19 00:00:00 UTC,505,7,244987000,0.66388888888888886
2015-02-19 00:00:00 UTC,505,-70,228190600,0.20541666666666666
2015-02-19 00:00:00 UTC,505,0,227106700,0.80569444444444438
2015-02-19 00:00:00 UTC,505,-1,227106700,0.40694444444444444
2015-02-19 00:00:00 UTC,505,2,227106700,1.0111111111111111
2015-02-19 00:00:00 UTC,505,1,227106700,1.0219444444444445
2015-02-19 00:00:00 UTC,505,6,227106700,1.8802777777777777
2015-02-19 00:00:00 UTC,505,3,227106700,0.20430555555555557
2015-02-19 00:00:00 UTC,505,7,227138700,2.2901388888888889
2015-02-19 00:00:00 UTC,505,3,227138700,1.4968055555555553
2015-02-19 00:00:00 UTC,505,2,227138700,1.6652777777777779
2015-02-19 00:00:00 UTC,505,6,227138700,2.4873611111111109
2015-02-19 00:00:00 UTC,505,4,227138700,2.2520833333333337
2015-02-19 00:00:00 UTC,505,1,227138700,0.83680555555555558
2015-02-19 00:00:00 UTC,505,5,227138700,2.8558333333333334
2015-02-19 00:00:00 UTC,505,0,235051671,3.8838888888888885
2015-02-19 00:00:00 UTC,505,1,235051671,2.3305555555555553
2015-02-19 00:00:00 UTC,505,3,227144600,0.20291666666666666
2015-02-19 00:00:00 UTC,505,1,227144600,2.09
2015-02-19 00:00:00 UTC,505,2,227144600,0.41111111111111109
2015-02-19 00:00:00 UTC,505,8,227144600,0.41791666666666666
2015-02-19 00:00:00 UTC,505,9,245316000,0.73902777777777784
2015-02-19 00:00:00 UTC,505,7,245316000,1.0998611111111112
2015-02-19 00:00:00 UTC,505,8,245316000,4.57375
2015-02-19 00:00:00 UTC,505,1,205316000,0.846111111111111
2015-02-19 00:00:00 UTC,505,-1,205316000,0.42541666666666667
2015-02-19 00:00:00 UTC,505,-1,228857000,2.2784722222222218
2015-02-19 00:00:00 UTC,505,-2,228857000,0.627361111111111
2015-02-19 00:00:00 UTC,505,9,246233000,1.1288888888888888
2015-02-19 00:00:00 UTC,505,10,246233000,1.4877777777777776
2015-02-19 00:00:00 UTC,505,5,205017000,0.81013888888888885
2015-02-19 00:00:00 UTC,505,4,205017000,1.23125
2015-02-19 00:00:00 UTC,505,8,244377000,1.6509722222222221
2015-02-19 00:00:00 UTC,505,7,244377000,1.9030555555555557
2015-02-19 00:00:00 UTC,505,-32,235032237,1.8559722222222224
2015-02-19 00:00:00 UTC,505,-30,235032237,0.6415277777777777
2015-02-19 00:00:00 UTC,505,-33,235032237,0.32069444444444445
2015-02-19 00:00:00 UTC,505,-31,235032237,1.7062499999999998
2015-02-19 00:00:00 UTC,505,2,205198000,9.3130555555555556
2015-02-19 00:00:00 UTC,505,0,235026866,0.20819444444444446
2015-02-19 00:00:00 UTC,505,5,227102900,0.61083333333333334
2015-02-19 00:00:00 UTC,505,2,227102900,1.0240277777777778
2015-02-19 00:00:00 UTC,505,0,227102900,1.0181944444444446
2015-02-19 00:00:00 UTC,505,9,227102900,0.81402777777777779
2015-02-19 00:00:00 UTC,505,3,227102900,0.20402777777777775
2015-02-19 00:00:00 UTC,505,8,227102900,0.82486111111111116
2015-02-19 00:00:00 UTC,505,1,227102900,2.8762499999999998
2015-02-19 00:00:00 UTC,505,7,227102900,2.5204166666666663
2015-02-19 00:00:00 UTC,505,-2,227143100,0.64569444444444446
2015-02-19 00:00:00 UTC,505,7,227143100,2.2831944444444447
2015-02-19 00:00:00 UTC,505,-1,227143100,1.8690277777777775
2015-02-19 00:00:00 UTC,505,0,227143100,0.20444444444444443
2015-02-19 00:00:00 UTC,505,8,227143100,1.2361111111111112
2015-02-19 00:00:00 UTC,505,10,227143100,0.8931944444444444
2015-02-19 00:00:00 UTC,505,9,227143100,0.97499999999999987
2015-02-19 00:00:00 UTC,505,6,227143100,2.566527777777778
2015-02-19 00:00:00 UTC,505,-2,205336000,0.20041666666666669
2015-02-19 00:00:00 UTC,505,-62,232005830,0.71416666666666662
2015-02-19 00:00:00 UTC,505,-160,273532110,4.9873611111111114
2015-02-19 00:00:00 UTC,505,-161,273532110,8.4165277777777785
2015-02-19 00:00:00 UTC,505,-413,231031000,0.73888888888888893
2015-02-19 00:00:00 UTC,505,11,205303000,7.5511111111111093
2015-02-19 00:00:00 UTC,505,10,205303000,0.20458333333333334
2015-02-19 00:00:00 UTC,505,2,205239000,1.3847222222222222
2015-02-19 00:00:00 UTC,505,4,205239000,1.0259722222222223
2015-02-19 00:00:00 UTC,505,3,205239000,0.8322222222222222
2015-02-19 00:00:00 UTC,505,-160,257687000,6.7858333333333336
2015-02-19 00:00:00 UTC,505,-29,235003355,2.0515277777777778
2015-02-19 00:00:00 UTC,505,-28,235003355,0.20972222222222223
2015-02-19 00:00:00 UTC,505,8,227141600,1.5806944444444446
2015-02-19 00:00:00 UTC,505,6,227141600,2.9463888888888885
2015-02-19 00:00:00 UTC,505,7,227141600,1.4822222222222221
2015-02-19 00:00:00 UTC,505,5,227141600,2.4890277777777778
2015-02-19 00:00:00 UTC,505,4,227141600,0.21319444444444446
2015-02-19 00:00:00 UTC,505,9,227141600,0.20611111111111111
2015-02-19 00:00:00 UTC,505,3,235004390,0.20041666666666666
2015-02-19 00:00:00 UTC,505,0,205345000,9.1223611111111111
2015-02-19 00:00:00 UTC,505,-3,227382000,6.9534722222222225
2015-02-19 00:00:00 UTC,505,-8,227382000,0.41708333333333331
2015-02-19 00:00:00 UTC,505,-2,227382000,2.675
2015-02-19 00:00:00 UTC,505,-4,227382000,2.3251388888888891
2015-02-19 00:00:00 UTC,505,2,226230000,0.20444444444444443
2015-02-19 00:00:00 UTC,505,1,226230000,0.41055555555555556
2015-02-19 00:00:00 UTC,505,8,227142900,2.5177777777777779
2015-02-19 00:00:00 UTC,505,4,227142900,1.6701388888888888
2015-02-19 00:00:00 UTC,505,9,227142900,0.64430555555555558
2015-02-19 00:00:00 UTC,505,3,227142900,1.5029166666666667
2015-02-19 00:00:00 UTC,505,6,227142900,1.2597222222222224
2015-02-19 00:00:00 UTC,505,5,227142900,2.9581944444444446
2015-02-19 00:00:00 UTC,505,1,227142900,0.61680555555555561
2015-02-19 00:00:00 UTC,505,2,227142900,1.0225
2015-02-19 00:00:00 UTC,505,7,227142900,1.035
2015-02-19 00:00:00 UTC,505,-1,205259000,0.8469444444444445
2015-02-19 00:00:00 UTC,505,-4,205227000,0.20027777777777778
2015-02-19 00:00:00 UTC,505,11,227314170,0.21250000000000002
2015-02-19 00:00:00 UTC,505,10,227314170,1.2605555555555554
2015-02-19 00:00:00 UTC,761,422,258141000,3.0593055555555555
2015-02-19 00:00:00 UTC,761,423,258141000,1.6086111111111112
2015-02-19 00:00:00 UTC,761,410,273358560,1.53875
2015-02-19 00:00:00 UTC,-775,-1798,512008000,1.5880555555555556
2015-02-19 00:00:00 UTC,-775,-1800,512008000,2.3404166666666666
2015-02-19 00:00:00 UTC,-263,348,432298000,0.70277777777777772
2015-02-19 00:00:00 UTC,-263,349,432298000,4.4859722222222222
2015-02-19 00:00:00 UTC,-7,-1735,441493000,1.4698611111111111
2015-02-19 00:00:00 UTC,-7,-1736,440053000,0.64597222222222217
2015-02-19 00:00:00 UTC,-7,-1735,440053000,1.9391666666666667
2015-02-19 00:00:00 UTC,-7,-1735,441853000,2.7073611111111111
2015-02-19 00:00:00 UTC,-7,1765,538060019,4.1395833333333334
2015-02-19 00:00:00 UTC,-7,1766,538060019,5.9970833333333333
2015-02-19 00:00:00 UTC,506,11,227314180,0.82805555555555554
2015-02-19 00:00:00 UTC,506,6,227141900,1.4665277777777779
2015-02-19 00:00:00 UTC,506,5,227141900,0.42083333333333334
2015-02-19 00:00:00 UTC,506,12,227635470,1.4970833333333333
2015-02-19 00:00:00 UTC,506,13,227635470,1.0465277777777777
2015-02-19 00:00:00 UTC,506,9,244810000,0.4720833333333333
2015-02-19 00:00:00 UTC,506,0,205258000,1.6338888888888887
2015-02-19 00:00:00 UTC,506,-2,205258000,6.7730555555555547
2015-02-19 00:00:00 UTC,506,-3,205258000,3.693194444444444
2015-02-19 00:00:00 UTC,506,-1,205258000,11.72902777777778
2015-02-19 00:00:00 UTC,506,5,227117600,0.41125
2015-02-19 00:00:00 UTC,506,3,227117600,0.2088888888888889
2015-02-19 00:00:00 UTC,506,6,227117600,1.4381944444444443
2015-02-19 00:00:00 UTC,506,6,228134700,1.7627777777777778
2015-02-19 00:00:00 UTC,506,7,228134700,0.35124999999999995
2015-02-19 00:00:00 UTC,506,1,228134700,1.0641666666666667
2015-02-19 00:00:00 UTC,506,2,228134700,1.2841666666666667
2015-02-19 00:00:00 UTC,506,0,228134700,1.26875
2015-02-19 00:00:00 UTC,506,4,228134700,0.21125
2015-02-19 00:00:00 UTC,506,5,228134700,1.1256944444444446
2015-02-19 00:00:00 UTC,506,12,227316020,0.20777777777777778
2015-02-19 00:00:00 UTC,506,11,227316020,2.7256944444444442
2015-02-19 00:00:00 UTC,506,6,228238900,2.3045833333333334
2015-02-19 00:00:00 UTC,506,11,228238900,0.40861111111111109
2015-02-19 00:00:00 UTC,506,3,228238900,0.83847222222222229
2015-02-19 00:00:00 UTC,506,1,228238900,1.08375
2015-02-19 00:00:00 UTC,506,4,228238900,1.0230555555555556
2015-02-19 00:00:00 UTC,506,7,228238900,0.41791666666666666
2015-02-19 00:00:00 UTC,506,2,228238900,1.6416666666666666
2015-02-19 00:00:00 UTC,506,5,228238900,1.2347222222222223
2015-02-19 00:00:00 UTC,506,14,227317050,2.18625
2015-02-19 00:00:00 UTC,506,15,227317050,0.22569444444444445
2015-02-19 00:00:00 UTC,506,9,245928000,0.43513888888888885
2015-02-19 00:00:00 UTC,506,-84,226216000,9.20111111111111
2015-02-19 00:00:00 UTC,506,-3,235095634,0.40777777777777779
2015-02-19 00:00:00 UTC,506,5,226183000,0.41625
2015-02-19 00:00:00 UTC,506,11,205191000,2.0729166666666665
2015-02-19 00:00:00 UTC,506,12,205191000,7.8476388888888886
2015-02-19 00:00:00 UTC,506,14,227314010,4.7794444444444437
2015-02-19 00:00:00 UTC,506,3,235068506,1.0555555555555556
2015-02-19 00:00:00 UTC,506,12,227314780,1.9113888888888888
2015-02-19 00:00:00 UTC,506,4,227324000,2.8861111111111115
2015-02-19 00:00:00 UTC,506,3,227324000,2.6566666666666672
2015-02-19 00:00:00 UTC,506,2,227324000,0.40333333333333332
2015-02-19 00:00:00 UTC,506,5,227324000,1.2640277777777778
2015-02-19 00:00:00 UTC,506,3,228108900,2.4798611111111115
2015-02-19 00:00:00 UTC,506,2,228108900,1.2159722222222222
2015-02-19 00:00:00 UTC,506,1,228108900,0.20291666666666666
2015-02-19 00:00:00 UTC,506,4,228108900,1.0266666666666666
2015-02-19 00:00:00 UTC,506,2,205265000,0.40430555555555558
2015-02-19 00:00:00 UTC,506,4,205265000,1.02875
2015-02-19 00:00:00 UTC,506,3,205265000,0.80402777777777779
2015-02-19 00:00:00 UTC,506,-11,235038583,2.3330555555555557
2015-02-19 00:00:00 UTC,506,12,205317000,0.20430555555555557
2015-02-19 00:00:00 UTC,506,11,205317000,0.62069444444444444
2015-02-19 00:00:00 UTC,506,10,205317000,0.63069444444444445
2015-02-19 00:00:00 UTC,506,9,205317000,8.3279166666666686
2015-02-19 00:00:00 UTC,506,4,227106700,0.61916666666666664
2015-02-19 00:00:00 UTC,506,5,227106700,1.4625
2015-02-19 00:00:00 UTC,506,6,227106700,2.4626388888888893
2015-02-19 00:00:00 UTC,506,7,227106700,1.0518055555555557
2015-02-19 00:00:00 UTC,506,5,227138700,2.0727777777777776
2015-02-19 00:00:00 UTC,506,4,227138700,1.8424999999999998
2015-02-19 00:00:00 UTC,506,2,227138700,0.63236111111111115
2015-02-19 00:00:00 UTC,506,3,227138700,1.02875
2015-02-19 00:00:00 UTC,506,12,227317910,4.4756944444444438
2015-02-19 00:00:00 UTC,506,5,235051671,2.5273611111111109
2015-02-19 00:00:00 UTC,506,5,227144600,1.2348611111111112
2015-02-19 00:00:00 UTC,506,8,227144600,0.2097222222222222
2015-02-19 00:00:00 UTC,506,3,227144600,0.8240277777777778
2015-02-19 00:00:00 UTC,506,4,227144600,1.4412500000000001
2015-02-19 00:00:00 UTC,506,7,227144600,4.1876388888888885
2015-02-19 00:00:00 UTC,506,2,227144600,4.0115277777777774
2015-02-19 00:00:00 UTC,506,6,227144600,3.155416666666667
2015-02-19 00:00:00 UTC,506,1,227144600,2.3148611111111106
2015-02-19 00:00:00 UTC,506,9,245316000,1.9973611111111111
2015-02-19 00:00:00 UTC,506,6,205017000,1.2105555555555556
2015-02-19 00:00:00 UTC,506,5,205017000,3.4738888888888888
2015-02-19 00:00:00 UTC,506,7,205017000,0.20013888888888889
2015-02-19 00:00:00 UTC,506,12,244377000,0.50972222222222219
2015-02-19 00:00:00 UTC,506,0,235026866,0.42972222222222223
2015-02-19 00:00:00 UTC,506,2,227102900,1.8955555555555557
2015-02-19 00:00:00 UTC,506,3,227102900,0.40638888888888891
2015-02-19 00:00:00 UTC,506,5,227102900,0.4075
2015-02-19 00:00:00 UTC,506,1,227102900,0.90236111111111117
2015-02-19 00:00:00 UTC,506,6,227102900,2.9286111111111111
2015-02-19 00:00:00 UTC,506,7,227102900,2.9130555555555562
2015-02-19 00:00:00 UTC,506,12,227048380,0.83875000000000011
2015-02-19 00:00:00 UTC,506,2,227143100,1.2863888888888888
2015-02-19 00:00:00 UTC,506,5,227143100,1.4643055555555553
2015-02-19 00:00:00 UTC,506,4,227143100,0.20541666666666666
2015-02-19 00:00:00 UTC,506,0,227143100,1.2348611111111112
2015-02-19 00:00:00 UTC,506,1,227143100,1.466388888888889
2015-02-19 00:00:00 UTC,506,6,227143100,1.3316666666666666
2015-02-19 00:00:00 UTC,506,11,227319230,6.4933333333333332
2015-02-19 00:00:00 UTC,506,-2,205336000,0.82361111111111107
2015-02-19 00:00:00 UTC,506,0,205336000,0.60569444444444442
2015-02-19 00:00:00 UTC,506,-1,205336000,2.2573611111111109
2015-02-19 00:00:00 UTC,506,-3,205336000,2.87625
2015-02-19 00:00:00 UTC,506,-4,205336000,0.40319444444444447
2015-02-19 00:00:00 UTC,506,-62,232005830,1.3822222222222222
2015-02-19 00:00:00 UTC,506,-412,231031000,0.37930555555555556
2015-02-19 00:00:00 UTC,506,11,205303000,0.61208333333333331
2015-02-19 00:00:00 UTC,506,5,205239000,0.62805555555555559
2015-02-19 00:00:00 UTC,506,4,205239000,0.20694444444444443
2015-02-19 00:00:00 UTC,506,4,227141600,3.1513888888888886
2015-02-19 00:00:00 UTC,506,6,227141600,1.2609722222222222
2015-02-19 00:00:00 UTC,506,9,227141600,0.20430555555555555
2015-02-19 00:00:00 UTC,506,5,227141600,0.20847222222222223
2015-02-19 00:00:00 UTC,506,3,227141600,0.61777777777777776
2015-02-19 00:00:00 UTC,506,4,235004390,1.6794444444444443
2015-02-19 00:00:00 UTC,506,1,235004390,0.43694444444444447
2015-02-19 00:00:00 UTC,506,2,235004390,2.1005555555555557
2015-02-19 00:00:00 UTC,506,3,235004390,1.8744444444444441
2015-02-19 00:00:00 UTC,506,4,226230000,4.3272222222222219
2015-02-19 00:00:00 UTC,506,1,226230000,0.20430555555555557
2015-02-19 00:00:00 UTC,506,2,226230000,9.9583333333333375
2015-02-19 00:00:00 UTC,506,3,226230000,8.89916666666667
2015-02-19 00:00:00 UTC,506,5,227142900,0.41
2015-02-19 00:00:00 UTC,762,425,258141000,1.5333333333333332
2015-02-19 00:00:00 UTC,-262,350,432298000,0.27236111111111111
2015-02-19 00:00:00 UTC,-262,350,432463000,1.3466666666666667
2015-02-19 00:00:00 UTC,-262,351,432463000,4.7126388888888879
2015-02-19 00:00:00 UTC,-6,-1735,441493000,2.4151388888888889
2015-02-19 00:00:00 UTC,-6,-1734,440053000,3.5763888888888888
2015-02-19 00:00:00 UTC,-6,-1735,440053000,3.4094444444444445
2015-02-19 00:00:00 UTC,-6,-1733,441853000,0.71486111111111106
2015-02-19 00:00:00 UTC,-6,-1735,441853000,3.212361111111111
2015-02-19 00:00:00 UTC,-6,-1734,441853000,5.9002777777777782
2015-02-19 00:00:00 UTC,-6,-1735,529687000,9.5431944444444436
2015-02-19 00:00:00 UTC,251,1217,416041048,0.82180555555555568
2015-02-19 00:00:00 UTC,507,11,227314180,2.7831944444444443
2015-02-19 00:00:00 UTC,507,11,205290000,0.20263888888888887
2015-02-19 00:00:00 UTC,507,10,227317520,1.3351388888888889
2015-02-19 00:00:00 UTC,507,9,205236000,0.20694444444444443
2015-02-19 00:00:00 UTC,507,10,205236000,1.745972222222222
2015-02-19 00:00:00 UTC,507,11,205236000,0.20291666666666666
2015-02-19 00:00:00 UTC,507,8,205128000,0.20569444444444446
2015-02-19 00:00:00 UTC,507,9,205128000,5.5294444444444437
2015-02-19 00:00:00 UTC,507,10,205128000,0.8058333333333334
2015-02-19 00:00:00 UTC,507,-3,235095634,3.3122222222222222
2015-02-19 00:00:00 UTC,507,14,227314010,2.1855555555555557
2015-02-19 00:00:00 UTC,507,11,227319130,6.3030555555555559
2015-02-19 00:00:00 UTC,507,5,235102558,3.4918055555555552
2015-02-19 00:00:00 UTC,507,11,205286000,0.81569444444444439
2015-02-19 00:00:00 UTC,507,10,205286000,2.0554166666666664
2015-02-19 00:00:00 UTC,507,-11,235038583,4.0040277777777771
2015-02-19 00:00:00 UTC,507,9,205232000,5.0820833333333342
2015-02-19 00:00:00 UTC,507,10,205232000,3.3055555555555562
2015-02-19 00:00:00 UTC,507,11,205232000,0.41069444444444447
2015-02-19 00:00:00 UTC,507,11,205285000,0.82166666666666677
2015-02-19 00:00:00 UTC,507,9,205285000,3.6804166666666669
2015-02-19 00:00:00 UTC,507,10,205285000,4.1106944444444435
2015-02-19 00:00:00 UTC,507,6,227106700,0.41097222222222218
2015-02-19 00:00:00 UTC,507,7,227106700,0.20694444444444443
2015-02-19 00:00:00 UTC,507,-10,235020186,3.4829166666666667
2015-02-19 00:00:00 UTC,507,-11,235020186,1.883472222222222
2015-02-19 00:00:00 UTC,507,12,205284000,0.20569444444444446
2015-02-19 00:00:00 UTC,507,11,205017000,0.20111111111111113
2015-02-19 00:00:00 UTC,507,10,205017000,2.2388888888888889
2015-02-19 00:00:00 UTC,507,8,205017000,0.80666666666666664
2015-02-19 00:00:00 UTC,507,7,205017000,1.0190277777777779
2015-02-19 00:00:00 UTC,507,9,205017000,4.3490277777777777
2015-02-19 00:00:00 UTC,507,12,227048380,2.1320833333333331
2015-02-19 00:00:00 UTC,507,13,227582920,2.568888888888889
2015-02-19 00:00:00 UTC,507,12,227141600,0.6184722222222222
2015-02-19 00:00:00 UTC,507,10,227141600,0.20194444444444443
2015-02-19 00:00:00 UTC,507,11,227141600,0.40388888888888885
2015-02-19 00:00:00 UTC,507,11,227306990,1.5354166666666669
2015-02-19 00:00:00 UTC,507,10,227692790,5.0659722222222223
2015-02-19 00:00:00 UTC,507,10,205291000,0.20708333333333334
2015-02-19 00:00:00 UTC,-517,-684,701000512,6.3552777777777782
2015-02-19 00:00:00 UTC,-261,351,432463000,5.0436111111111108
2015-02-19 00:00:00 UTC,-261,350,432463000,1.0933333333333333
2015-02-19 00:00:00 UTC,-261,353,432463000,0.16791666666666666
2015-02-19 00:00:00 UTC,-5,-1733,441493000,5.2056944444444442
2015-02-19 00:00:00 UTC,-5,-253,263572000,5.3420833333333331
2015-02-19 00:00:00 UTC,-5,-1691,440648000,11.625694444444445
2015-02-19 00:00:00 UTC,-5,-1733,441853000,2.4248611111111109
2015-02-19 00:00:00 UTC,-5,-1734,529687000,11.36402777777778
2015-02-19 00:00:00 UTC,-5,1765,538060019,4.7888888888888888
2015-02-19 00:00:00 UTC,252,1217,416041048,0.1
2015-02-19 00:00:00 UTC,508,10,205290000,0.40402777777777776
2015-02-19 00:00:00 UTC,508,12,205290000,0.60444444444444445
2015-02-19 00:00:00 UTC,508,11,205290000,8.4497222222222224
2015-02-19 00:00:00 UTC,508,13,205236000,0.62208333333333332
2015-02-19 00:00:00 UTC,508,11,205236000,2.0322222222222224
2015-02-19 00:00:00 UTC,508,12,205128000,1.8477777777777775
2015-02-19 00:00:00 UTC,508,11,205128000,2.9556944444444442
2015-02-19 00:00:00 UTC,508,10,205128000,0.20125
2015-02-19 00:00:00 UTC,508,11,227319130,0.21638888888888888
2015-02-19 00:00:00 UTC,508,5,235102558,9.9425
2015-02-19 00:00:00 UTC,508,12,205286000,8.512777777777778
2015-02-19 00:00:00 UTC,508,11,205286000,7.6937500000000005
2015-02-19 00:00:00 UTC,508,10,205286000,1.0373611111111112
2015-02-19 00:00:00 UTC,508,10,205232000,1.4791666666666665
2015-02-19 00:00:00 UTC,508,11,205232000,3.6915277777777784
2015-02-19 00:00:00 UTC,508,12,205232000,3.6680555555555556
2015-02-19 00:00:00 UTC,508,10,205285000,0.205
2015-02-19 00:00:00 UTC,508,11,205285000,1.0277777777777779
2015-02-19 00:00:00 UTC,508,-61,228378000,3.0295833333333335
2015-02-19 00:00:00 UTC,508,12,205284000,0.62347222222222221
2015-02-19 00:00:00 UTC,508,-1281,316007587,0.32777777777777778
2015-02-19 00:00:00 UTC,508,10,205017000,0.20847222222222223
2015-02-19 00:00:00 UTC,508,11,205017000,2.6369444444444445
2015-02-19 00:00:00 UTC,508,12,205017000,1.649027777777778
2015-02-19 00:00:00 UTC,508,12,227141600,1.2470833333333333
2015-02-19 00:00:00 UTC,508,13,227141600,0.42930555555555555
2015-02-19 00:00:00 UTC,508,11,227306990,2.6563888888888885
2015-02-19 00:00:00 UTC,508,11,205291000,2.2486111111111113
2015-02-19 00:00:00 UTC,508,10,205291000,6.1688888888888886
2015-02-19 00:00:00 UTC,-516,-689,701000512,5.6013888888888888
2015-02-19 00:00:00 UTC,-516,-684,701006445,6.3424999999999994
2015-02-19 00:00:00 UTC,-260,353,432463000,0.92944444444444441
2015-02-19 00:00:00 UTC,-4,-253,263572000,0.19027777777777777
2015-02-19 00:00:00 UTC,-4,-1691,440648000,6.5751388888888886
2015-02-19 00:00:00 UTC,-4,-1692,440648000,6.581666666666667
2015-02-19 00:00:00 UTC,253,1199,412443442,2.8663888888888889
2015-02-19 00:00:00 UTC,509,12,205290000,1.956388888888889
2015-02-19 00:00:00 UTC,509,13,205290000,0.40902777777777777
2015-02-19 00:00:00 UTC,509,11,205290000,2.7122222222222225
2015-02-19 00:00:00 UTC,509,12,205236000,1.024861111111111
2015-02-19 00:00:00 UTC,509,11,205236000,2.4455555555555555
2015-02-19 00:00:00 UTC,509,11,205128000,10.7475
2015-02-19 00:00:00 UTC,509,12,205128000,1.6377777777777776
2015-02-19 00:00:00 UTC,509,-1284,316008768,8.8347222222222221
2015-02-19 00:00:00 UTC,509,-88,227314000,2.3306944444444442
2015-02-19 00:00:00 UTC,509,12,205286000,2.3030555555555559
2015-02-19 00:00:00 UTC,509,11,205286000,1.0319444444444443
2015-02-19 00:00:00 UTC,509,12,205232000,1.0305555555555557
2015-02-19 00:00:00 UTC,509,11,205232000,5.1820833333333329
2015-02-19 00:00:00 UTC,509,-61,228378000,2.5888888888888886
2015-02-19 00:00:00 UTC,509,-62,228378000,1.0718055555555557
2015-02-19 00:00:00 UTC,509,-1281,316007587,0.18597222222222223
2015-02-19 00:00:00 UTC,509,11,205017000,1.6812500000000001
2015-02-19 00:00:00 UTC,509,12,205017000,2.3423611111111109
2015-02-19 00:00:00 UTC,509,13,235074776,1.2522222222222221
2015-02-19 00:00:00 UTC,509,-84,250000608,4.8763888888888891
2015-02-19 00:00:00 UTC,509,17,227141600,0.65569444444444436
2015-02-19 00:00:00 UTC,509,16,227141600,1.2604166666666665
2015-02-19 00:00:00 UTC,509,13,227141600,0.82208333333333339
2015-02-19 00:00:00 UTC,-515,-687,701000512,1.5055555555555555
2015-02-19 00:00:00 UTC,-259,352,432463000,0.15125
2015-02-19 00:00:00 UTC,-259,353,432463000,0.19166666666666665
2015-02-19 00:00:00 UTC,254,570,422395000,2.87875
2015-02-19 00:00:00 UTC,254,570,422051800,3.0030555555555551
2015-02-19 00:00:00 UTC,510,-50,205322000,1.2261111111111112
2015-02-19 00:00:00 UTC,510,-51,205322000,0.20277777777777778
2015-02-19 00:00:00 UTC,510,-102,228043800,1.76375
2015-02-19 00:00:00 UTC,510,-104,228043800,9.425
2015-02-19 00:00:00 UTC,510,-103,228043800,1.3958333333333335
2015-02-19 00:00:00 UTC,510,-86,227486000,12.045555555555556
2015-02-19 00:00:00 UTC,510,-85,227486000,1.8194444444444444
2015-02-19 00:00:00 UTC,510,-86,227314000,7.1456944444444446
2015-02-19 00:00:00 UTC,510,-87,227314000,1.3002777777777779
2015-02-19 00:00:00 UTC,510,-88,227314000,4.21625
2015-02-19 00:00:00 UTC,510,-84,228238700,0.89180555555555552
2015-02-19 00:00:00 UTC,510,21,227311220,1.754861111111111
2015-02-19 00:00:00 UTC,510,22,227311220,1.2813888888888889
2015-02-19 00:00:00 UTC,510,22,227311230,1.7455555555555553
2015-02-19 00:00:00 UTC,510,23,227311230,1.1416666666666668
2015-02-19 00:00:00 UTC,510,-61,228378000,0.4556944444444444
2015-02-19 00:00:00 UTC,510,-62,228378000,0.81666666666666654
2015-02-19 00:00:00 UTC,510,20,227300270,2.5024999999999995
2015-02-19 00:00:00 UTC,510,21,227300270,1.2604166666666667
2015-02-19 00:00:00 UTC,510,-82,250000608,1.8584722222222223
2015-02-19 00:00:00 UTC,510,-81,250000608,1.2334722222222223
2015-02-19 00:00:00 UTC,510,17,227141600,1.6848611111111111
2015-02-19 00:00:00 UTC,-514,-686,701000512,4.5036111111111108
2015-02-19 00:00:00 UTC,-514,-685,701006445,5.2886111111111109
2015-02-19 00:00:00 UTC,-514,-685,701000901,4.5251388888888888
2015-02-19 00:00:00 UTC,255,571,422395000,12.965694444444443
2015-02-19 00:00:00 UTC,255,1198,412061053,0.20861111111111111
2015-02-19 00:00:00 UTC,255,570,422266000,3.2909722222222224
2015-02-19 00:00:00 UTC,255,571,422266000,11.430555555555555
2015-02-19 00:00:00 UTC,255,570,422051800,1.9747222222222225
2015-02-19 00:00:00 UTC,255,571,422051800,4.992916666666666
2015-02-19 00:00:00 UTC,511,23,227573000,0.20986111111111111
2015-02-19 00:00:00 UTC,511,22,227573000,6.9394444444444447
2015-02-19 00:00:00 UTC,511,-102,228043800,10.678055555555556
2015-02-19 00:00:00 UTC,511,-102,250196000,1.4926388888888891
2015-02-19 00:00:00 UTC,511,-103,250196000,1.391111111111111
2015-02-19 00:00:00 UTC,511,-85,227486000,2.1440277777777776
2015-02-19 00:00:00 UTC,511,-85,227314000,1.2702777777777778
2015-02-19 00:00:00 UTC,511,-86,227314000,1.2565277777777779
2015-02-19 00:00:00 UTC,511,-115,228349800,7.3336111111111117
2015-02-19 00:00:00 UTC,511,23,227783530,1.2429166666666664
2015-02-19 00:00:00 UTC,511,24,227783530,2.8841666666666672
2015-02-19 00:00:00 UTC,511,-84,228238700,0.84458333333333335
2015-02-19 00:00:00 UTC,511,-82,228238700,0.43888888888888888
2015-02-19 00:00:00 UTC,511,-83,228238700,5.8197222222222216
2015-02-19 00:00:00 UTC,511,22,227318640,0.27111111111111108
2015-02-19 00:00:00 UTC,511,21,227318640,1.2580555555555557
2015-02-19 00:00:00 UTC,511,23,227317370,2.0481944444444449
2015-02-19 00:00:00 UTC,511,24,227311230,0.10861111111111112
2015-02-19 00:00:00 UTC,511,23,227311230,5.2
2015-02-19 00:00:00 UTC,511,22,227311230,1.6476388888888889
2015-02-19 00:00:00 UTC,511,-61,228378000,1.2611111111111111
2015-02-19 00:00:00 UTC,511,21,227300270,1.050138888888889
2015-02-19 00:00:00 UTC,511,-80,250000608,1.9019444444444444
2015-02-19 00:00:00 UTC,511,-81,250000608,1.1786111111111111
2015-02-19 00:00:00 UTC,511,20,227317490,4.6720833333333331
2015-02-19 00:00:00 UTC,-513,-684,701006445,1.5654166666666667
2015-02-19 00:00:00 UTC,-513,-683,701006445,4.5402777777777779
2015-02-19 00:00:00 UTC,-513,-682,701006445,7.1881944444444441
2015-02-19 00:00:00 UTC,-513,-685,701000901,7.0894444444444442
2015-02-19 00:00:00 UTC,-513,-681,701000901,1.5638888888888889
2015-02-19 00:00:00 UTC,-513,-682,701000901,4.5404166666666672
2015-02-19 00:00:00 UTC,-513,-684,701000901,6.3248611111111108
2015-02-19 00:00:00 UTC,-257,368,431703660,7.1790277777777778
2015-02-19 00:00:00 UTC,-257,59,441667000,6.8208333333333293
