date,lat_bin,lon_bin,mmsi,fishing_hours
2014-05-01 00:00:00 UTC,0,-1325,416002859,2.0827777777777783
2014-05-01 00:00:00 UTC,0,-1663,416004411,3.6497222222222225
2014-05-01 00:00:00 UTC,0,-1322,416211600,1.1288888888888888
2014-05-01 00:00:00 UTC,0,-1324,416211600,0.84625
2014-05-01 00:00:00 UTC,0,-1320,416211600,2.7891666666666666
2014-05-01 00:00:00 UTC,0,-1323,416211600,1.3045833333333332
2014-05-01 00:00:00 UTC,0,-1321,416211600,0.89208333333333334
2014-05-01 00:00:00 UTC,256,1615,416000141,1.97125
2014-05-01 00:00:00 UTC,512,29,205269000,0.84222222222222221
2014-05-01 00:00:00 UTC,512,27,205269000,2.7558333333333334
2014-05-01 00:00:00 UTC,512,28,205269000,8.1795833333333334
2014-05-01 00:00:00 UTC,512,-114,227957000,8.78875
2014-05-01 00:00:00 UTC,512,25,244245000,0.43277777777777782
2014-05-01 00:00:00 UTC,512,26,244245000,0.64583333333333326
2014-05-01 00:00:00 UTC,512,24,244938000,1.518888888888889
2014-05-01 00:00:00 UTC,512,19,244938000,2.4290277777777778
2014-05-01 00:00:00 UTC,512,-114,227107100,8.6361111111111111
2014-05-01 00:00:00 UTC,512,-81,250103600,0.26847222222222222
2014-05-01 00:00:00 UTC,512,-77,250103600,4.4106944444444443
2014-05-01 00:00:00 UTC,512,-79,250103600,0.22125
2014-05-01 00:00:00 UTC,512,-78,250103600,1.4798611111111111
2014-05-01 00:00:00 UTC,512,-108,250116400,0.96652777777777776
2014-05-01 00:00:00 UTC,512,-107,250116400,3.5374999999999996
2014-05-01 00:00:00 UTC,512,25,245331000,2.1079166666666667
2014-05-01 00:00:00 UTC,512,27,205265000,0.62541666666666673
2014-05-01 00:00:00 UTC,512,28,205265000,1.4494444444444445
2014-05-01 00:00:00 UTC,512,-1297,316007539,2.9644444444444447
2014-05-01 00:00:00 UTC,512,-63,250001269,0.73652777777777778
2014-05-01 00:00:00 UTC,512,-64,250001269,3.5384722222222229
2014-05-01 00:00:00 UTC,512,-62,250001269,1.5669444444444445
2014-05-01 00:00:00 UTC,512,-61,250001269,1.4445833333333333
2014-05-01 00:00:00 UTC,512,28,205307000,4.8959722222222215
2014-05-01 00:00:00 UTC,512,29,205328000,0.43527777777777776
2014-05-01 00:00:00 UTC,512,30,205328000,1.0544444444444443
2014-05-01 00:00:00 UTC,512,-88,250102660,2.3252777777777776
2014-05-01 00:00:00 UTC,512,22,227106700,14.212638888888888
2014-05-01 00:00:00 UTC,512,26,24593300,2.161944444444444
2014-05-01 00:00:00 UTC,512,-113,228151700,11.744444444444444
2014-05-01 00:00:00 UTC,512,26,205327000,0.2425
2014-05-01 00:00:00 UTC,512,27,205327000,0.22944444444444445
2014-05-01 00:00:00 UTC,512,-103,224324000,0.68736111111111109
2014-05-01 00:00:00 UTC,512,-102,224324000,0.4341666666666667
2014-05-01 00:00:00 UTC,512,-81,250489000,0.83194444444444438
2014-05-01 00:00:00 UTC,512,-82,250489000,5.7459722222222229
2014-05-01 00:00:00 UTC,512,29,205273000,3.2801388888888883
2014-05-01 00:00:00 UTC,512,28,205273000,3.5773611111111117
2014-05-01 00:00:00 UTC,512,27,205273000,0.63902777777777775
2014-05-01 00:00:00 UTC,512,30,205273000,1.6069444444444445
2014-05-01 00:00:00 UTC,512,29,205315000,3.6084722222222223
2014-05-01 00:00:00 UTC,512,28,205272000,7.596388888888888
2014-05-01 00:00:00 UTC,512,29,205272000,4.3031944444444452
2014-05-01 00:00:00 UTC,512,-71,250392000,0.10847222222222222
2014-05-01 00:00:00 UTC,512,-59,205346000,5.1636111111111109
2014-05-01 00:00:00 UTC,512,-58,205346000,5.3945833333333342
2014-05-01 00:00:00 UTC,512,29,205026000,1.2438888888888888
2014-05-01 00:00:00 UTC,512,28,205026000,0.20791666666666667
2014-05-01 00:00:00 UTC,512,-93,250002896,0.94777777777777783
2014-05-01 00:00:00 UTC,512,-95,250002896,0.70805555555555555
2014-05-01 00:00:00 UTC,512,-94,250002896,1.7411111111111111
2014-05-01 00:00:00 UTC,512,-1295,316005846,0.5870833333333334
2014-05-01 00:00:00 UTC,512,-1297,316005846,2.8151388888888889
2014-05-01 00:00:00 UTC,512,-1296,316005846,4.0666666666666664
2014-05-01 00:00:00 UTC,512,-63,250001121,7.1913888888888895
2014-05-01 00:00:00 UTC,512,-113,227209970,3.0086111111111116
2014-05-01 00:00:00 UTC,512,-114,227209970,8.0275
2014-05-01 00:00:00 UTC,512,-115,250001143,4.6763888888888889
2014-05-01 00:00:00 UTC,512,29,205291000,12.384305555555557
2014-05-01 00:00:00 UTC,512,30,205291000,5.2136111111111108
2014-05-01 00:00:00 UTC,512,28,205291000,1.2409722222222221
2014-05-01 00:00:00 UTC,-256,478,432298000,3.5458333333333334
2014-05-01 00:00:00 UTC,-256,377,224142870,0.77791666666666659
2014-05-01 00:00:00 UTC,1,-1325,416002859,0.76277777777777789
2014-05-01 00:00:00 UTC,1,-1331,416211600,0.924861111111111
2014-05-01 00:00:00 UTC,1,-1332,416211600,0.55819444444444444
2014-05-01 00:00:00 UTC,1,-1328,416211600,1.8538888888888887
2014-05-01 00:00:00 UTC,1,-1326,416211600,1.3916666666666666
2014-05-01 00:00:00 UTC,1,-1333,416211600,0.93777777777777782
2014-05-01 00:00:00 UTC,1,-1325,416211600,0.80805555555555553
2014-05-01 00:00:00 UTC,1,-1327,416211600,0.89611111111111108
2014-05-01 00:00:00 UTC,1,-1338,416211600,1.808472222222222
2014-05-01 00:00:00 UTC,1,-1330,416211600,1.8293055555555553
2014-05-01 00:00:00 UTC,513,29,205269000,1.4591666666666665
2014-05-01 00:00:00 UTC,513,-114,227957000,6.774861111111111
2014-05-01 00:00:00 UTC,513,26,244245000,0.63916666666666666
2014-05-01 00:00:00 UTC,513,27,244245000,0.888611111111111
2014-05-01 00:00:00 UTC,513,28,244245000,0.89375
2014-05-01 00:00:00 UTC,513,-85,250002714,2.5848611111111115
2014-05-01 00:00:00 UTC,513,-83,250002714,3.8637499999999996
2014-05-01 00:00:00 UTC,513,-84,250002714,4.8665277777777787
2014-05-01 00:00:00 UTC,513,-82,250002714,3.508055555555555
2014-05-01 00:00:00 UTC,513,-81,250002714,0.41694444444444445
2014-05-01 00:00:00 UTC,513,28,205236000,0.42000000000000004
2014-05-01 00:00:00 UTC,513,26,205236000,1.814861111111111
2014-05-01 00:00:00 UTC,513,27,205236000,0.90694444444444444
2014-05-01 00:00:00 UTC,513,-114,250002475,10.777638888888889
2014-05-01 00:00:00 UTC,513,26,245331000,0.69666666666666666
2014-05-01 00:00:00 UTC,513,29,245331000,0.23527777777777778
2014-05-01 00:00:00 UTC,513,25,245331000,1.3465277777777778
2014-05-01 00:00:00 UTC,513,28,245331000,0.63888888888888884
2014-05-01 00:00:00 UTC,513,23,244179000,0.81444444444444442
2014-05-01 00:00:00 UTC,513,21,244179000,0.33347222222222217
2014-05-01 00:00:00 UTC,513,24,244179000,0.21527777777777779
2014-05-01 00:00:00 UTC,513,22,244179000,0.77763888888888888
2014-05-01 00:00:00 UTC,513,-83,250000443,1.033611111111111
2014-05-01 00:00:00 UTC,513,-84,250000443,2.2645833333333334
2014-05-01 00:00:00 UTC,513,31,205010000,5.8319444444444439
2014-05-01 00:00:00 UTC,513,30,205010000,4.5340277777777773
2014-05-01 00:00:00 UTC,513,32,205010000,4.9638888888888886
2014-05-01 00:00:00 UTC,513,33,205010000,1.3797222222222221
2014-05-01 00:00:00 UTC,513,30,245415000,5.93625
2014-05-01 00:00:00 UTC,513,29,245415000,6.491527777777776
2014-05-01 00:00:00 UTC,513,11,235103342,2.4730555555555553
2014-05-01 00:00:00 UTC,513,10,235103342,2.656388888888888
2014-05-01 00:00:00 UTC,513,-146,232326000,1.6522222222222223
2014-05-01 00:00:00 UTC,513,-62,250001269,3.96
2014-05-01 00:00:00 UTC,513,33,205328000,3.3904166666666664
2014-05-01 00:00:00 UTC,513,32,205328000,1.7126388888888888
2014-05-01 00:00:00 UTC,513,30,205328000,12.91125
2014-05-01 00:00:00 UTC,513,31,205328000,1.5480555555555555
2014-05-01 00:00:00 UTC,513,14,235079307,0.22458333333333333
2014-05-01 00:00:00 UTC,513,27,24593300,0.21944444444444444
2014-05-01 00:00:00 UTC,513,28,24593300,0.42333333333333334
2014-05-01 00:00:00 UTC,513,1555,273840800,11.801666666666666
2014-05-01 00:00:00 UTC,513,1556,273840800,11.630555555555556
2014-05-01 00:00:00 UTC,513,-81,250489000,7.7761111111111116
2014-05-01 00:00:00 UTC,513,-82,250489000,3.2729166666666663
2014-05-01 00:00:00 UTC,513,-80,250489000,4.5981944444444434
2014-05-01 00:00:00 UTC,513,30,205273000,0.84666666666666657
2014-05-01 00:00:00 UTC,513,29,205273000,1.05125
2014-05-01 00:00:00 UTC,513,-111,227385000,12.688333333333334
2014-05-01 00:00:00 UTC,513,-80,250000557,2.9759722222222216
2014-05-01 00:00:00 UTC,513,33,245710000,1.4051388888888889
2014-05-01 00:00:00 UTC,513,32,245710000,1.1622222222222223
2014-05-01 00:00:00 UTC,513,-115,227310000,1.6065277777777778
2014-05-01 00:00:00 UTC,513,30,205294000,6.2444444444444436
2014-05-01 00:00:00 UTC,513,31,205294000,10.372499999999997
2014-05-01 00:00:00 UTC,513,30,205315000,0.23055555555555557
2014-05-01 00:00:00 UTC,513,29,205315000,5.2819444444444459
2014-05-01 00:00:00 UTC,513,17,205336000,1.6536111111111109
2014-05-01 00:00:00 UTC,513,16,205336000,1.9794444444444443
2014-05-01 00:00:00 UTC,513,-71,250392000,8.5175
2014-05-01 00:00:00 UTC,513,25,205261000,0.68222222222222229
2014-05-01 00:00:00 UTC,513,-83,250477000,1.2925000000000002
2014-05-01 00:00:00 UTC,513,-84,250477000,1.5394444444444444
2014-05-01 00:00:00 UTC,513,-82,250477000,0.45902777777777776
2014-05-01 00:00:00 UTC,513,-85,250477000,0.21263888888888888
2014-05-01 00:00:00 UTC,513,29,205026000,6.39861111111111
2014-05-01 00:00:00 UTC,513,30,205026000,4.0597222222222218
2014-05-01 00:00:00 UTC,513,-85,250000854,4.5081944444444444
2014-05-01 00:00:00 UTC,513,-86,250000854,3.4180555555555552
2014-05-01 00:00:00 UTC,513,-83,250000854,1.3891666666666667
2014-05-01 00:00:00 UTC,513,-84,250000854,4.4240277777777779
2014-05-01 00:00:00 UTC,513,-1295,316005846,7.4509722222222212
2014-05-01 00:00:00 UTC,513,33,244100829,7.8683333333333323
2014-05-01 00:00:00 UTC,513,29,244100829,3.4006944444444445
2014-05-01 00:00:00 UTC,513,31,244100829,0.20333333333333334
2014-05-01 00:00:00 UTC,513,30,244100829,1.0422222222222224
2014-05-01 00:00:00 UTC,513,-115,250001143,11.577916666666667
2014-05-01 00:00:00 UTC,513,37,205995000,4.4986111111111109
2014-05-01 00:00:00 UTC,513,38,205995000,11.471944444444444
2014-05-01 00:00:00 UTC,513,34,205323000,0.96111111111111114
2014-05-01 00:00:00 UTC,513,31,205323000,0.21680555555555553
2014-05-01 00:00:00 UTC,513,33,205323000,10.972083333333334
2014-05-01 00:00:00 UTC,513,32,205323000,0.46069444444444441
2014-05-01 00:00:00 UTC,2,-1325,416002859,1.3915277777777779
2014-05-01 00:00:00 UTC,2,-1335,416211600,1.7045833333333333
2014-05-01 00:00:00 UTC,2,-1336,416211600,1.9963888888888888
2014-05-01 00:00:00 UTC,2,-1333,416211600,1.2415277777777778
2014-05-01 00:00:00 UTC,514,-140,250186000,11.469166666666666
2014-05-01 00:00:00 UTC,514,-85,250002714,0.41388888888888886
2014-05-01 00:00:00 UTC,514,-84,250002714,1.0444444444444445
2014-05-01 00:00:00 UTC,514,-83,250002714,7.2444444444444436
2014-05-01 00:00:00 UTC,514,30,205236000,1.1066666666666667
2014-05-01 00:00:00 UTC,514,29,205236000,3.8802777777777777
2014-05-01 00:00:00 UTC,514,28,205236000,10.3725
2014-05-01 00:00:00 UTC,514,27,205236000,0.20986111111111111
2014-05-01 00:00:00 UTC,514,-114,250196000,0.5083333333333333
2014-05-01 00:00:00 UTC,514,28,205161000,6.5204166666666685
2014-05-01 00:00:00 UTC,514,27,205161000,0.31458333333333333
2014-05-01 00:00:00 UTC,514,29,205161000,3.881388888888889
2014-05-01 00:00:00 UTC,514,-115,250002475,6.4515277777777778
2014-05-01 00:00:00 UTC,514,-73,250103600,5.365
2014-05-01 00:00:00 UTC,514,41,244750903,2.6659722222222224
2014-05-01 00:00:00 UTC,514,30,245331000,2.3590277777777775
2014-05-01 00:00:00 UTC,514,29,245331000,1.5612500000000002
2014-05-01 00:00:00 UTC,514,24,244179000,1.0855555555555556
2014-05-01 00:00:00 UTC,514,25,244179000,0.81902777777777791
2014-05-01 00:00:00 UTC,514,34,245235000,8.3475
2014-05-01 00:00:00 UTC,514,-85,250000443,3.2709722222222224
2014-05-01 00:00:00 UTC,514,-84,250000443,2.8395833333333331
2014-05-01 00:00:00 UTC,514,-83,250000443,2.7273611111111116
2014-05-01 00:00:00 UTC,514,41,244750140,1.3066666666666666
2014-05-01 00:00:00 UTC,514,15,235001428,0.42819444444444443
2014-05-01 00:00:00 UTC,514,14,235001428,0.91736111111111118
2014-05-01 00:00:00 UTC,514,24,245148000,1.2986111111111112
2014-05-01 00:00:00 UTC,514,41,244770663,1.7177777777777778
2014-05-01 00:00:00 UTC,514,11,235103342,0.89097222222222217
2014-05-01 00:00:00 UTC,514,10,235103342,2.7933333333333334
2014-05-01 00:00:00 UTC,514,-62,250001269,0.97055555555555562
2014-05-01 00:00:00 UTC,514,-1790,367420030,7.1958333333333337
2014-05-01 00:00:00 UTC,514,34,205264000,0.75208333333333333
2014-05-01 00:00:00 UTC,514,31,205264000,1.4790277777777778
2014-05-01 00:00:00 UTC,514,33,205264000,4.7027777777777784
2014-05-01 00:00:00 UTC,514,32,205264000,2.0451388888888893
2014-05-01 00:00:00 UTC,514,41,244750739,0.42847222222222225
2014-05-01 00:00:00 UTC,514,40,244750739,0.22541666666666665
2014-05-01 00:00:00 UTC,514,32,244932000,0.83944444444444444
2014-05-01 00:00:00 UTC,514,31,244932000,0.6447222222222222
2014-05-01 00:00:00 UTC,514,-81,250000557,1.3559722222222224
2014-05-01 00:00:00 UTC,514,-80,250000557,13.492777777777777
2014-05-01 00:00:00 UTC,514,33,245710000,10.106944444444448
2014-05-01 00:00:00 UTC,514,34,245710000,0.69194444444444447
2014-05-01 00:00:00 UTC,514,32,245710000,2.4187499999999993
2014-05-01 00:00:00 UTC,514,-116,227310000,5.4947222222222223
2014-05-01 00:00:00 UTC,514,-82,250002872,3.7754166666666671
2014-05-01 00:00:00 UTC,514,-81,250002872,1.9970833333333331
2014-05-01 00:00:00 UTC,514,-83,250002872,0.74555555555555564
2014-05-01 00:00:00 UTC,514,30,205315000,3.6279166666666662
2014-05-01 00:00:00 UTC,514,16,205336000,0.82611111111111113
2014-05-01 00:00:00 UTC,514,17,205336000,2.2568055555555557
2014-05-01 00:00:00 UTC,514,14,235032001,0.22458333333333333
2014-05-01 00:00:00 UTC,514,15,235032001,1.6309722222222223
2014-05-01 00:00:00 UTC,514,-82,250477000,0.8502777777777778
2014-05-01 00:00:00 UTC,514,-104,250002896,3.3886111111111119
2014-05-01 00:00:00 UTC,514,-105,250002896,2.3377777777777777
2014-05-01 00:00:00 UTC,514,-103,250002896,5.5922222222222215
2014-05-01 00:00:00 UTC,514,-102,250002896,1.9215277777777782
2014-05-01 00:00:00 UTC,514,-80,250122460,1.3580555555555556
2014-05-01 00:00:00 UTC,514,-81,250122460,7.7843055555555551
2014-05-01 00:00:00 UTC,514,-82,250122460,1.0561111111111112
2014-05-01 00:00:00 UTC,514,-83,250122460,1.1324999999999998
2014-05-01 00:00:00 UTC,514,33,244100829,2.2519444444444447
2014-05-01 00:00:00 UTC,514,41,244750560,4.170694444444444
2014-05-01 00:00:00 UTC,514,24,245441000,0.26097222222222222
2014-05-01 00:00:00 UTC,514,27,245473000,0.65013888888888882
2014-05-01 00:00:00 UTC,514,28,245473000,0.2113888888888889
2014-05-01 00:00:00 UTC,514,25,245473000,0.65999999999999992
2014-05-01 00:00:00 UTC,514,26,245473000,0.22097222222222224
2014-05-01 00:00:00 UTC,514,-115,250001143,7.02361111111111
2014-05-01 00:00:00 UTC,514,34,205323000,0.64722222222222214
2014-05-01 00:00:00 UTC,514,33,205323000,0.87638888888888888
2014-05-01 00:00:00 UTC,-254,479,432298000,2.9797222222222222
2014-05-01 00:00:00 UTC,3,-1325,416002859,8.5605555555555561
2014-05-01 00:00:00 UTC,515,-111,227829000,0.87333333333333341
2014-05-01 00:00:00 UTC,515,-109,227829000,1.9043055555555555
2014-05-01 00:00:00 UTC,515,-108,227829000,0.20402777777777778
2014-05-01 00:00:00 UTC,515,-110,227829000,1.2804166666666668
2014-05-01 00:00:00 UTC,515,-82,250000908,5.8695833333333338
2014-05-01 00:00:00 UTC,515,-81,250000908,0.43708333333333338
2014-05-01 00:00:00 UTC,515,-67,250106400,0.71333333333333337
2014-05-01 00:00:00 UTC,515,31,205236000,2.88
2014-05-01 00:00:00 UTC,515,32,205236000,0.21513888888888888
2014-05-01 00:00:00 UTC,515,30,205236000,1.2008333333333332
2014-05-01 00:00:00 UTC,515,40,244780578,2.0544444444444441
2014-05-01 00:00:00 UTC,515,28,205161000,0.25208333333333333
2014-05-01 00:00:00 UTC,515,30,205161000,2.6415277777777773
2014-05-01 00:00:00 UTC,515,29,205161000,3.8908333333333323
2014-05-01 00:00:00 UTC,515,31,245331000,0.20722222222222222
2014-05-01 00:00:00 UTC,515,30,245331000,2.3490277777777773
2014-05-01 00:00:00 UTC,515,26,244179000,0.20430555555555557
2014-05-01 00:00:00 UTC,515,25,244179000,0.23805555555555555
2014-05-01 00:00:00 UTC,515,-81,250000443,3.6215277777777777
2014-05-01 00:00:00 UTC,515,-82,250000443,4.00986111111111
2014-05-01 00:00:00 UTC,515,-83,250000443,1.8143055555555556
2014-05-01 00:00:00 UTC,515,-80,250000443,1.9408333333333334
2014-05-01 00:00:00 UTC,515,39,244750140,1.4975
2014-05-01 00:00:00 UTC,515,-1773,367068230,1.6263888888888887
2014-05-01 00:00:00 UTC,515,-1772,367068230,1.0697222222222222
2014-05-01 00:00:00 UTC,515,15,235001428,1.692638888888889
2014-05-01 00:00:00 UTC,515,14,235001428,7.1869444444444452
2014-05-01 00:00:00 UTC,515,14,205191000,1.7969444444444447
2014-05-01 00:00:00 UTC,515,15,205191000,6.3108333333333331
2014-05-01 00:00:00 UTC,515,23,245148000,3.8548611111111111
2014-05-01 00:00:00 UTC,515,40,244770663,1.6841666666666666
2014-05-01 00:00:00 UTC,515,-112,235010670,0.25013888888888891
2014-05-01 00:00:00 UTC,515,-111,235010670,3.3208333333333333
2014-05-01 00:00:00 UTC,515,-148,232326000,3.2441666666666666
2014-05-01 00:00:00 UTC,515,27,246054000,7.8580555555555547
2014-05-01 00:00:00 UTC,515,26,246054000,3.0144444444444449
2014-05-01 00:00:00 UTC,515,30,245744000,0.65486111111111112
2014-05-01 00:00:00 UTC,515,31,245744000,2.5194444444444444
2014-05-01 00:00:00 UTC,515,32,245744000,3.7537499999999993
2014-05-01 00:00:00 UTC,515,39,244228000,5.46611111111111
2014-05-01 00:00:00 UTC,515,-81,250000557,5.0670833333333336
2014-05-01 00:00:00 UTC,515,-80,250000557,0.9075
2014-05-01 00:00:00 UTC,515,-83,250002872,1.4347222222222222
2014-05-01 00:00:00 UTC,515,-81,250002872,5.6012499999999985
2014-05-01 00:00:00 UTC,515,-80,250002872,1.4948611111111112
2014-05-01 00:00:00 UTC,515,-82,250002872,5.8441666666666645
2014-05-01 00:00:00 UTC,515,40,924467387,0.55388888888888888
2014-05-01 00:00:00 UTC,515,14,235032001,1.0129166666666667
2014-05-01 00:00:00 UTC,515,15,235032001,6.7841666666666667
2014-05-01 00:00:00 UTC,515,14,205261000,0.74791666666666679
2014-05-01 00:00:00 UTC,515,15,205261000,13.902222222222223
2014-05-01 00:00:00 UTC,515,17,205165000,0.80847222222222215
2014-05-01 00:00:00 UTC,515,16,205165000,8.2170833333333313
2014-05-01 00:00:00 UTC,515,-82,250477000,5.9688888888888894
2014-05-01 00:00:00 UTC,515,-102,250002896,0.2026388888888889
2014-05-01 00:00:00 UTC,515,-82,250122460,5.6388888888888884
2014-05-01 00:00:00 UTC,515,-81,250122460,6.8680555555555554
2014-05-01 00:00:00 UTC,515,-81,250000868,0.83083333333333342
2014-05-01 00:00:00 UTC,515,23,245441000,0.49902777777777779
2014-05-01 00:00:00 UTC,515,24,245441000,0.76652777777777781
2014-05-01 00:00:00 UTC,515,28,245473000,5.4440277777777766
2014-05-01 00:00:00 UTC,515,25,245473000,0.21791666666666665
2014-05-01 00:00:00 UTC,515,29,245473000,1.3204166666666666
2014-05-01 00:00:00 UTC,515,27,245473000,0.20847222222222223
2014-05-01 00:00:00 UTC,515,17,244427000,3.9436111111111112
2014-05-01 00:00:00 UTC,515,18,244427000,1.7772222222222223
2014-05-01 00:00:00 UTC,515,-81,250001151,2.3308333333333331
2014-05-01 00:00:00 UTC,-253,479,432298000,4.9890277777777774
2014-05-01 00:00:00 UTC,260,1199,412441445,21.859444444444435
2014-05-01 00:00:00 UTC,516,12,235016196,1.51125
2014-05-01 00:00:00 UTC,516,-112,227829000,3.0633333333333335
2014-05-01 00:00:00 UTC,516,-79,250000908,0.21125
2014-05-01 00:00:00 UTC,516,-80,250000908,11.064583333333335
2014-05-01 00:00:00 UTC,516,-81,250000908,5.7929166666666667
2014-05-01 00:00:00 UTC,516,1755,366988820,1.5801388888888888
2014-05-01 00:00:00 UTC,516,1756,366988820,1.4904166666666663
2014-05-01 00:00:00 UTC,516,37,246623000,3.2263888888888888
2014-05-01 00:00:00 UTC,516,25,245663000,1.1234722222222222
2014-05-01 00:00:00 UTC,516,24,245663000,0.51416666666666666
2014-05-01 00:00:00 UTC,516,38,244031000,8.4543055555555551
2014-05-01 00:00:00 UTC,516,-115,227412000,5.2956944444444449
2014-05-01 00:00:00 UTC,516,-67,250106400,10.689027777777778
2014-05-01 00:00:00 UTC,516,-66,250106400,2.3418055555555557
2014-05-01 00:00:00 UTC,516,-112,235010670,4.8794444444444451
2014-05-01 00:00:00 UTC,516,-111,235010670,4.1876388888888894
2014-05-01 00:00:00 UTC,516,27,246054000,4.1066666666666665
2014-05-01 00:00:00 UTC,516,30,245252000,3.4619444444444447
2014-05-01 00:00:00 UTC,516,31,245252000,0.32166666666666666
2014-05-01 00:00:00 UTC,516,38,244228000,2.4204166666666667
2014-05-01 00:00:00 UTC,516,37,244228000,7.00888888888889
2014-05-01 00:00:00 UTC,516,17,205165000,1.0719444444444446
2014-05-01 00:00:00 UTC,516,-80,250477000,3.0286111111111111
2014-05-01 00:00:00 UTC,516,-81,250477000,5.6302777777777768
2014-05-01 00:00:00 UTC,516,-115,227532000,15.350277777777777
2014-05-01 00:00:00 UTC,516,-82,250000868,0.50638888888888878
2014-05-01 00:00:00 UTC,516,-80,250000868,1.0513888888888889
2014-05-01 00:00:00 UTC,516,-81,250000868,2.0948611111111113
2014-05-01 00:00:00 UTC,516,18,244427000,9.5768055555555556
2014-05-01 00:00:00 UTC,516,19,244427000,1.1315277777777779
2014-05-01 00:00:00 UTC,516,-81,250001151,0.42222222222222228
2014-05-01 00:00:00 UTC,-508,1670,440980000,1.5751388888888889
2014-05-01 00:00:00 UTC,-508,1669,441182000,7.7120833333333332
2014-05-01 00:00:00 UTC,-508,1669,512000126,6.9880555555555564
2014-05-01 00:00:00 UTC,-508,1669,440890000,1.566527777777778
2014-05-01 00:00:00 UTC,5,1605,416004242,1.4790277777777776
2014-05-01 00:00:00 UTC,261,1200,412441930,5.0068055555555553
2014-05-01 00:00:00 UTC,261,1200,412860055,4.1491666666666669
2014-05-01 00:00:00 UTC,261,1200,412442347,0.83333333333333326
2014-05-01 00:00:00 UTC,517,13,235016196,2.6958333333333337
2014-05-01 00:00:00 UTC,517,12,235016196,0.24194444444444443
2014-05-01 00:00:00 UTC,517,-117,227829000,8.8766666666666669
2014-05-01 00:00:00 UTC,517,1752,366988820,0.834861111111111
2014-05-01 00:00:00 UTC,517,1753,366988820,0.79875
2014-05-01 00:00:00 UTC,517,-1306,316003349,1.0038888888888888
2014-05-01 00:00:00 UTC,517,-115,227412000,3.0820833333333333
2014-05-01 00:00:00 UTC,517,-116,227412000,1.1016666666666666
2014-05-01 00:00:00 UTC,517,36,246364000,3.6948611111111114
2014-05-01 00:00:00 UTC,517,13,235005282,6.6043055555555554
2014-05-01 00:00:00 UTC,517,12,235005282,1.6445833333333333
2014-05-01 00:00:00 UTC,517,14,235005282,1.8869444444444443
2014-05-01 00:00:00 UTC,517,-111,235010670,1.5608333333333335
2014-05-01 00:00:00 UTC,517,-112,235010670,1.7893055555555557
2014-05-01 00:00:00 UTC,517,28,246054000,0.49472222222222223
2014-05-01 00:00:00 UTC,517,31,246214000,2.6990277777777778
2014-05-01 00:00:00 UTC,517,30,246214000,4.4269444444444446
2014-05-01 00:00:00 UTC,517,29,246214000,1.9933333333333336
2014-05-01 00:00:00 UTC,517,16,205275000,4.5331944444444439
2014-05-01 00:00:00 UTC,517,17,205275000,5.7747222222222225
2014-05-01 00:00:00 UTC,517,36,246256000,5.8783333333333339
2014-05-01 00:00:00 UTC,517,29,245252000,2.7343055555555553
2014-05-01 00:00:00 UTC,517,30,245252000,3.4986111111111113
2014-05-01 00:00:00 UTC,517,-115,227532000,7.0337499999999995
2014-05-01 00:00:00 UTC,517,-116,227926000,21.064027777777778
2014-05-01 00:00:00 UTC,517,19,244427000,0.46402777777777782
2014-05-01 00:00:00 UTC,-507,1672,441182000,4.6797222222222228
2014-05-01 00:00:00 UTC,-507,1670,441182000,1.5543055555555556
2014-05-01 00:00:00 UTC,-507,1669,441182000,0.78763888888888889
2014-05-01 00:00:00 UTC,-507,1673,441182000,2.2556944444444449
2014-05-01 00:00:00 UTC,-507,1670,441053000,1.5616666666666665
2014-05-01 00:00:00 UTC,-507,1672,441053000,14.174722222222229
2014-05-01 00:00:00 UTC,-507,1671,441053000,9.2609722222222217
2014-05-01 00:00:00 UTC,-507,-628,224732000,11.72625
2014-05-01 00:00:00 UTC,-507,1671,512000126,3.0518055555555552
2014-05-01 00:00:00 UTC,-507,1671,440890000,5.4222222222222216
2014-05-01 00:00:00 UTC,-507,1672,440890000,2.4179166666666667
2014-05-01 00:00:00 UTC,-507,1670,440890000,3.0876388888888888
2014-05-01 00:00:00 UTC,-507,-687,701000901,1.5876388888888888
2014-05-01 00:00:00 UTC,6,1605,416004242,0.92236111111111108
2014-05-01 00:00:00 UTC,262,1200,412441930,5.2401388888888887
2014-05-01 00:00:00 UTC,262,1198,412441695,1.9493055555555556
2014-05-01 00:00:00 UTC,262,1200,412860055,1.6159722222222221
2014-05-01 00:00:00 UTC,262,1203,412441318,7.590416666666667
2014-05-01 00:00:00 UTC,518,-76,250000135,4.66125
2014-05-01 00:00:00 UTC,518,-77,250000135,5.4300000000000006
2014-05-01 00:00:00 UTC,518,-75,250000135,3.1561111111111111
2014-05-01 00:00:00 UTC,518,-78,250000135,0.21208333333333335
2014-05-01 00:00:00 UTC,518,-137,250186000,9.43263888888889
2014-05-01 00:00:00 UTC,518,1752,366988820,5.2375
2014-05-01 00:00:00 UTC,518,-116,227412000,6.9933333333333332
2014-05-01 00:00:00 UTC,518,40,246097000,0.52486111111111122
2014-05-01 00:00:00 UTC,518,-111,235010670,4.5113888888888889
2014-05-01 00:00:00 UTC,518,29,246214000,0.22180555555555556
2014-05-01 00:00:00 UTC,518,30,246214000,3.6230555555555557
2014-05-01 00:00:00 UTC,518,17,205275000,14.049305555555556
2014-05-01 00:00:00 UTC,518,34,246032000,5.8748611111111106
2014-05-01 00:00:00 UTC,518,33,246032000,7.2554166666666671
2014-05-01 00:00:00 UTC,518,1753,367185050,0.85305555555555568
2014-05-01 00:00:00 UTC,518,-78,250002886,3.4525
2014-05-01 00:00:00 UTC,518,16,205325000,2.2520833333333332
2014-05-01 00:00:00 UTC,518,-1307,316012260,6.1595833333333339
2014-05-01 00:00:00 UTC,518,-1306,316012260,8.0350000000000019
2014-05-01 00:00:00 UTC,-506,1672,441182000,8.01125
2014-05-01 00:00:00 UTC,-506,-551,740369000,7.2666666666666675
2014-05-01 00:00:00 UTC,-506,1672,512000126,0.77194444444444454
2014-05-01 00:00:00 UTC,-506,1674,512000126,3.1215277777777772
2014-05-01 00:00:00 UTC,-506,-626,740368000,5.346111111111111
2014-05-01 00:00:00 UTC,-506,-627,740368000,1.5234722222222223
2014-05-01 00:00:00 UTC,-506,1672,440890000,7.21
2014-05-01 00:00:00 UTC,-506,1675,440890000,1.4870833333333329
2014-05-01 00:00:00 UTC,-506,1673,440890000,0.74027777777777781
2014-05-01 00:00:00 UTC,-506,1674,440890000,2.3127777777777778
2014-05-01 00:00:00 UTC,-506,-686,701000901,6.4188888888888895
2014-05-01 00:00:00 UTC,-506,-687,701000901,6.1731944444444444
2014-05-01 00:00:00 UTC,7,1605,416004242,9.3602777777777764
2014-05-01 00:00:00 UTC,7,1604,416004242,1.6987500000000002
2014-05-01 00:00:00 UTC,7,1603,416004242,1.6961111111111113
2014-05-01 00:00:00 UTC,263,1198,412442132,6.04875
2014-05-01 00:00:00 UTC,263,1202,412437137,2.591388888888889
2014-05-01 00:00:00 UTC,263,1198,412441788,0.36611111111111111
2014-05-01 00:00:00 UTC,263,1199,412441059,1.3412499999999998
2014-05-01 00:00:00 UTC,263,1202,412449023,3.0525000000000007
2014-05-01 00:00:00 UTC,519,-73,250000135,2.3948611111111111
2014-05-01 00:00:00 UTC,519,-72,250000135,4.5931944444444444
2014-05-01 00:00:00 UTC,519,-1720,367658000,6.1677777777777774
2014-05-01 00:00:00 UTC,519,-1306,316003349,0.78041666666666665
2014-05-01 00:00:00 UTC,519,35,244286000,3.7816666666666663
2014-05-01 00:00:00 UTC,519,36,244286000,4.9998611111111115
2014-05-01 00:00:00 UTC,519,-112,235010670,3.4376388888888889
2014-05-01 00:00:00 UTC,519,33,246032000,6.7786111111111111
2014-05-01 00:00:00 UTC,519,34,246032000,1.3977777777777778
2014-05-01 00:00:00 UTC,519,41,244670362,0.23750000000000002
2014-05-01 00:00:00 UTC,519,1753,367185050,5.6531944444444457
2014-05-01 00:00:00 UTC,519,1749,367185050,3.0627777777777783
2014-05-01 00:00:00 UTC,519,40,244050849,0.25555555555555554
2014-05-01 00:00:00 UTC,519,-142,250001061,10.793055555555554
2014-05-01 00:00:00 UTC,519,16,205325000,21.550972222222224
2014-05-01 00:00:00 UTC,519,17,205325000,0.24708333333333332
2014-05-01 00:00:00 UTC,519,35,245612000,5.5102777777777776
2014-05-01 00:00:00 UTC,519,36,245612000,1.1790277777777778
2014-05-01 00:00:00 UTC,519,34,245612000,0.80833333333333335
2014-05-01 00:00:00 UTC,519,-1305,316012260,1.5869444444444443
2014-05-01 00:00:00 UTC,-505,-628,224732000,5.59
2014-05-01 00:00:00 UTC,-505,-551,740369000,0.64861111111111114
2014-05-01 00:00:00 UTC,-505,1669,512000126,5.3830555555555559
2014-05-01 00:00:00 UTC,-505,1672,512000126,0.048472222222222222
2014-05-01 00:00:00 UTC,-505,-627,740368000,5.6280555555555551
2014-05-01 00:00:00 UTC,-505,-626,740368000,2.2668055555555555
2014-05-01 00:00:00 UTC,-505,1675,440890000,0.7780555555555555
2014-05-01 00:00:00 UTC,-505,-686,701000901,9.94736111111111
2014-05-01 00:00:00 UTC,8,1627,416003676,9.900555555555556
2014-05-01 00:00:00 UTC,8,1604,416004242,4.4280555555555559
2014-05-01 00:00:00 UTC,8,-1659,412371179,0.77916666666666667
2014-05-01 00:00:00 UTC,8,-1656,412371179,0.76944444444444438
2014-05-01 00:00:00 UTC,8,-1657,412371179,0.8569444444444444
2014-05-01 00:00:00 UTC,264,1201,412449492,9.5409722222222229
2014-05-01 00:00:00 UTC,264,1202,412449023,5.38125
2014-05-01 00:00:00 UTC,520,-73,250000135,1.92
2014-05-01 00:00:00 UTC,520,-72,250000135,0.44930555555555551
2014-05-01 00:00:00 UTC,520,-1720,367658000,1.55125
2014-05-01 00:00:00 UTC,520,-1721,367658000,2.38625
2014-05-01 00:00:00 UTC,520,-1719,367658000,13.226666666666667
2014-05-01 00:00:00 UTC,520,23,246250000,10.354861111111111
2014-05-01 00:00:00 UTC,520,22,246250000,3.3259722222222221
2014-05-01 00:00:00 UTC,520,-136,250186000,10.790972222222223
2014-05-01 00:00:00 UTC,520,-1306,316003349,3.8026388888888887
2014-05-01 00:00:00 UTC,520,36,244286000,1.9733333333333334
2014-05-01 00:00:00 UTC,520,37,244286000,4.8250000000000011
2014-05-01 00:00:00 UTC,520,39,245342000,4.6869444444444444
2014-05-01 00:00:00 UTC,520,-113,250000958,1.1768055555555557
2014-05-01 00:00:00 UTC,520,-112,250000958,3.5133333333333332
2014-05-01 00:00:00 UTC,520,-1719,338568000,0.79305555555555562
2014-05-01 00:00:00 UTC,520,-139,250136400,11.594305555555556
2014-05-01 00:00:00 UTC,520,42,244742000,0.20555555555555555
2014-05-01 00:00:00 UTC,520,36,246214000,1.9683333333333335
2014-05-01 00:00:00 UTC,520,38,205317000,1.111388888888889
2014-05-01 00:00:00 UTC,520,39,205317000,4.15513888888889
2014-05-01 00:00:00 UTC,520,41,244670362,1.5795833333333333
2014-05-01 00:00:00 UTC,520,42,244670362,1.329722222222222
2014-05-01 00:00:00 UTC,520,1748,367185050,7.7516666666666669
2014-05-01 00:00:00 UTC,520,1749,367185050,4.5129166666666674
2014-05-01 00:00:00 UTC,520,41,244050849,3.2941666666666669
2014-05-01 00:00:00 UTC,520,36,245612000,1.2774999999999999
2014-05-01 00:00:00 UTC,520,37,245612000,3.2665277777777777
2014-05-01 00:00:00 UTC,520,39,244630262,2.7683333333333335
2014-05-01 00:00:00 UTC,-504,1677,440980000,6.3999999999999995
2014-05-01 00:00:00 UTC,-504,-627,224732000,6.8747222222222222
2014-05-01 00:00:00 UTC,-504,-551,740369000,0.83611111111111125
2014-05-01 00:00:00 UTC,-504,1667,512000126,1.0263888888888888
2014-05-01 00:00:00 UTC,-504,-626,740368000,0.80416666666666659
2014-05-01 00:00:00 UTC,-504,-625,740368000,3.9218055555555553
2014-05-01 00:00:00 UTC,-504,-627,740368000,1.5598611111111111
2014-05-01 00:00:00 UTC,-504,641,226095000,1.5927777777777778
2014-05-01 00:00:00 UTC,-248,1642,540004200,1.7619444444444441
2014-05-01 00:00:00 UTC,-248,1644,540004200,5.9861111111111116
2014-05-01 00:00:00 UTC,-248,1643,540004200,2.17125
2014-05-01 00:00:00 UTC,9,-1172,412420114,10.973888888888887
2014-05-01 00:00:00 UTC,9,1628,416003676,12.785694444444445
2014-05-01 00:00:00 UTC,9,1629,416003676,5.840416666666667
2014-05-01 00:00:00 UTC,9,1603,416004242,5.5109722222222226
2014-05-01 00:00:00 UTC,9,1444,431331000,2.9272222222222224
2014-05-01 00:00:00 UTC,9,1443,431331000,0.92736111111111108
2014-05-01 00:00:00 UTC,9,-1657,412371179,0.43597222222222226
2014-05-01 00:00:00 UTC,9,-1658,412371179,0.82777777777777783
2014-05-01 00:00:00 UTC,9,-1656,412371179,0.44597222222222221
2014-05-01 00:00:00 UTC,9,-1659,412371179,0.53208333333333335
2014-05-01 00:00:00 UTC,9,-1654,412371179,0.9125
2014-05-01 00:00:00 UTC,9,-1655,412371179,0.90416666666666656
2014-05-01 00:00:00 UTC,265,1208,412448985,7.3338888888888887
2014-05-01 00:00:00 UTC,265,1205,412449257,8.087361111111111
2014-05-01 00:00:00 UTC,521,-114,227275010,5.0772222222222219
2014-05-01 00:00:00 UTC,521,-1719,338250000,1.5154166666666664
2014-05-01 00:00:00 UTC,521,1736,366988820,1.0822222222222222
2014-05-01 00:00:00 UTC,521,1737,366988820,6.1274999999999995
2014-05-01 00:00:00 UTC,521,37,244286000,3.5070833333333331
2014-05-01 00:00:00 UTC,521,38,244286000,3.8293055555555555
2014-05-01 00:00:00 UTC,521,41,245342000,0.925
2014-05-01 00:00:00 UTC,521,-114,250000958,2.4761111111111109
2014-05-01 00:00:00 UTC,521,-113,250000958,7.9259722222222226
2014-05-01 00:00:00 UTC,521,-112,250000958,1.7459722222222225
2014-05-01 00:00:00 UTC,521,-1754,367068230,1.49125
2014-05-01 00:00:00 UTC,521,38,244669000,0.61638888888888888
2014-05-01 00:00:00 UTC,521,39,244669000,0.21194444444444444
2014-05-01 00:00:00 UTC,521,41,244742000,5.7019444444444449
2014-05-01 00:00:00 UTC,521,42,244742000,2.7588888888888894
2014-05-01 00:00:00 UTC,521,17,205296000,5.5577777777777779
2014-05-01 00:00:00 UTC,521,18,205296000,9.1405555555555544
2014-05-01 00:00:00 UTC,521,38,205317000,0.43319444444444444
2014-05-01 00:00:00 UTC,521,39,205317000,0.86569444444444443
2014-05-01 00:00:00 UTC,521,1750,367185050,1.5702777777777781
2014-05-01 00:00:00 UTC,521,40,246233000,0.40597222222222218
2014-05-01 00:00:00 UTC,521,-533,316323000,4.262777777777778
2014-05-01 00:00:00 UTC,521,38,245612000,6.7456944444444451
2014-05-01 00:00:00 UTC,521,37,245612000,5.82388888888889
2014-05-01 00:00:00 UTC,521,40,244630262,1.6768055555555557
2014-05-01 00:00:00 UTC,521,39,244630262,0.79569444444444448
2014-05-01 00:00:00 UTC,521,41,244630262,0.11305555555555555
2014-05-01 00:00:00 UTC,-503,-551,740369000,1.5705555555555557
2014-05-01 00:00:00 UTC,-503,-626,740368000,2.3318055555555555
2014-05-01 00:00:00 UTC,-503,-614,416239500,2.1875
2014-05-01 00:00:00 UTC,-503,644,226095000,3.0505555555555555
2014-05-01 00:00:00 UTC,-503,643,226095000,1.4849999999999999
2014-05-01 00:00:00 UTC,-503,-616,416239600,8.5708333333333364
2014-05-01 00:00:00 UTC,-247,1642,540004200,1.8972222222222221
2014-05-01 00:00:00 UTC,522,-134,250000141,8.01625
2014-05-01 00:00:00 UTC,522,-115,250000958,6.9929166666666669
2014-05-01 00:00:00 UTC,522,37,244669000,0.20916666666666667
2014-05-01 00:00:00 UTC,522,39,244669000,0.6693055555555556
2014-05-01 00:00:00 UTC,522,40,244669000,0.65486111111111112
2014-05-01 00:00:00 UTC,522,42,244742000,0.20875
2014-05-01 00:00:00 UTC,522,41,244742000,0.85125000000000006
2014-05-01 00:00:00 UTC,522,18,205296000,6.2022222222222219
2014-05-01 00:00:00 UTC,522,41,205317000,0.21097222222222223
2014-05-01 00:00:00 UTC,522,-139,250001061,7.1694444444444443
2014-05-01 00:00:00 UTC,522,40,246233000,2.9340277777777777
2014-05-01 00:00:00 UTC,522,41,246233000,0.43277777777777782
2014-05-01 00:00:00 UTC,522,-533,316323000,3.020833333333333
2014-05-01 00:00:00 UTC,522,-535,316323000,0.8372222222222222
2014-05-01 00:00:00 UTC,522,-534,316323000,2.7648611111111108
2014-05-01 00:00:00 UTC,522,-133,250002427,5.3109722222222224
2014-05-01 00:00:00 UTC,-502,-644,701000551,4.6598611111111108
2014-05-01 00:00:00 UTC,-502,-642,701000551,3.8976388888888889
2014-05-01 00:00:00 UTC,-502,-614,416239500,7.1168055555555538
2014-05-01 00:00:00 UTC,-502,-610,416580000,0.722361111111111
2014-05-01 00:00:00 UTC,-502,-611,416580000,1.6083333333333336
2014-05-01 00:00:00 UTC,-502,-612,416242600,5.4804166666666676
2014-05-01 00:00:00 UTC,-246,1644,540004200,3.0359722222222225
2014-05-01 00:00:00 UTC,-246,1642,540004200,1.8319444444444444
2014-05-01 00:00:00 UTC,-246,101,263415290,0.79583333333333328
2014-05-01 00:00:00 UTC,11,-1721,412420892,1.8416666666666666
2014-05-01 00:00:00 UTC,11,-1728,412420892,3.9876388888888887
2014-05-01 00:00:00 UTC,11,-1718,412420892,1.7708333333333333
2014-05-01 00:00:00 UTC,11,-1725,412420892,5.7299999999999995
2014-05-01 00:00:00 UTC,11,-1722,412420892,7.3086111111111105
2014-05-01 00:00:00 UTC,11,-1720,412420892,1.5752777777777778
2014-05-01 00:00:00 UTC,11,-1719,412420892,2.0709722222222222
2014-05-01 00:00:00 UTC,11,-1727,412420892,0.75444444444444447
2014-05-01 00:00:00 UTC,11,-1717,412420892,3.1423611111111112
2014-05-01 00:00:00 UTC,267,1203,488855555,1.5481944444444444
2014-05-01 00:00:00 UTC,267,1203,412449027,0.74888888888888883
2014-05-01 00:00:00 UTC,267,1202,412448892,0.35069444444444442
2014-05-01 00:00:00 UTC,267,1211,412450459,4.3979166666666671
2014-05-01 00:00:00 UTC,267,1210,412449969,1.6006944444444446
2014-05-01 00:00:00 UTC,267,1202,412449247,6.6140277777777783
2014-05-01 00:00:00 UTC,523,-116,227275010,6.9315277777777782
2014-05-01 00:00:00 UTC,523,-132,250000141,3.8579166666666667
2014-05-01 00:00:00 UTC,523,-133,250000141,1.4470833333333335
2014-05-01 00:00:00 UTC,523,41,245706000,0.71111111111111114
2014-05-01 00:00:00 UTC,523,42,245706000,4.6098611111111119
2014-05-01 00:00:00 UTC,523,40,245310000,1.7886111111111109
2014-05-01 00:00:00 UTC,523,41,244669000,1.0636111111111111
2014-05-01 00:00:00 UTC,523,40,244669000,2.778888888888889
2014-05-01 00:00:00 UTC,523,-137,250136400,7.1829166666666664
2014-05-01 00:00:00 UTC,523,-136,250136400,4.6766666666666667
2014-05-01 00:00:00 UTC,523,-133,250137450,17.105972222222221
2014-05-01 00:00:00 UTC,523,-133,250102900,10.790694444444442
2014-05-01 00:00:00 UTC,523,19,205296000,1.6466666666666665
2014-05-01 00:00:00 UTC,523,41,205317000,0.71375
2014-05-01 00:00:00 UTC,523,42,205317000,1.5587499999999999
2014-05-01 00:00:00 UTC,523,-65,250001048,2.8520833333333337
2014-05-01 00:00:00 UTC,523,-137,250001061,4.5175
2014-05-01 00:00:00 UTC,523,-139,250001061,2.4191666666666665
2014-05-01 00:00:00 UTC,523,41,246233000,1.0530555555555556
2014-05-01 00:00:00 UTC,523,-534,316323000,0.24486111111111111
2014-05-01 00:00:00 UTC,523,-535,316323000,2.6315277777777779
2014-05-01 00:00:00 UTC,523,-537,316323000,4.7605555555555554
2014-05-01 00:00:00 UTC,523,-536,316323000,4.9427777777777777
2014-05-01 00:00:00 UTC,523,-538,316323000,0.57208333333333328
2014-05-01 00:00:00 UTC,523,40,211640000,0.22388888888888889
2014-05-01 00:00:00 UTC,523,-536,316001738,0.74291666666666667
2014-05-01 00:00:00 UTC,523,-537,316001738,11.103749999999996
2014-05-01 00:00:00 UTC,523,41,244801000,1.0816666666666666
2014-05-01 00:00:00 UTC,523,42,244801000,1.7741666666666669
2014-05-01 00:00:00 UTC,523,33,244470000,8.8952777777777783
2014-05-01 00:00:00 UTC,-501,-643,701006138,10.316111111111111
2014-05-01 00:00:00 UTC,-501,-642,701006138,1.6133333333333331
2014-05-01 00:00:00 UTC,-501,-550,740369000,1.5988888888888888
2014-05-01 00:00:00 UTC,-501,641,226095000,0.73749999999999993
2014-05-01 00:00:00 UTC,-501,642,226095000,9.8805555555555564
2014-05-01 00:00:00 UTC,-501,-611,416580000,4.82375
2014-05-01 00:00:00 UTC,-501,-610,416580000,7.0015277777777776
2014-05-01 00:00:00 UTC,-501,-612,416240600,5.6402777777777784
2014-05-01 00:00:00 UTC,-501,-613,416240600,6.1080555555555556
2014-05-01 00:00:00 UTC,-501,-650,701000689,3.1155555555555554
2014-05-01 00:00:00 UTC,-245,1641,540004200,1.8248611111111113
2014-05-01 00:00:00 UTC,12,1036,563022470,4.4248611111111105
2014-05-01 00:00:00 UTC,268,1623,432896000,4.8958333333333339
2014-05-01 00:00:00 UTC,268,1203,488855555,7.24972222222222
2014-05-01 00:00:00 UTC,268,1203,412449027,0.3001388888888889
2014-05-01 00:00:00 UTC,268,1202,412449027,3.1013888888888892
2014-05-01 00:00:00 UTC,268,1216,412061979,5.9529166666666669
2014-05-01 00:00:00 UTC,268,1215,412061979,0.79194444444444445
2014-05-01 00:00:00 UTC,268,1210,412450096,0.66083333333333338
2014-05-01 00:00:00 UTC,268,1216,412442419,29.289722222222224
2014-05-01 00:00:00 UTC,268,1211,412304696,6.9677777777777772
2014-05-01 00:00:00 UTC,268,1211,412450367,6.8086111111111105
2014-05-01 00:00:00 UTC,268,1202,412449358,0.29125
2014-05-01 00:00:00 UTC,268,1209,200001892,1.9204166666666667
2014-05-01 00:00:00 UTC,268,1202,412448892,2.298055555555556
2014-05-01 00:00:00 UTC,268,1211,412449921,0.27652777777777776
2014-05-01 00:00:00 UTC,268,1210,412450184,3.9273611111111113
2014-05-01 00:00:00 UTC,268,1211,412450459,3.3890277777777778
2014-05-01 00:00:00 UTC,268,1211,412449969,1.2256944444444444
2014-05-01 00:00:00 UTC,268,1210,412449969,5.7245833333333334
2014-05-01 00:00:00 UTC,268,1211,412449208,6.1666666666666661
2014-05-01 00:00:00 UTC,268,1212,412449991,3.1454166666666667
2014-05-01 00:00:00 UTC,268,1210,412450503,11.389166666666666
2014-05-01 00:00:00 UTC,524,-117,227275010,6.4197222222222221
2014-05-01 00:00:00 UTC,524,-132,250000141,9.9627777777777773
2014-05-01 00:00:00 UTC,524,43,245706000,0.76652777777777781
2014-05-01 00:00:00 UTC,524,42,245706000,1.4515277777777778
2014-05-01 00:00:00 UTC,524,-1305,316003349,6.0819444444444448
2014-05-01 00:00:00 UTC,524,41,245310000,1.6999999999999997
2014-05-01 00:00:00 UTC,524,44,244790577,0.10819444444444445
2014-05-01 00:00:00 UTC,524,41,244669000,1.4558333333333333
2014-05-01 00:00:00 UTC,524,-132,250002504,11.479027777777777
2014-05-01 00:00:00 UTC,524,41,246075000,8.7691666666666652
2014-05-01 00:00:00 UTC,524,40,246075000,12.733333333333333
2014-05-01 00:00:00 UTC,524,39,246075000,1.5329166666666665
2014-05-01 00:00:00 UTC,524,19,205296000,2.0795833333333329
2014-05-01 00:00:00 UTC,524,20,205296000,3.5148611111111108
2014-05-01 00:00:00 UTC,524,42,205317000,3.0538888888888889
2014-05-01 00:00:00 UTC,524,41,245369000,5.7919444444444439
2014-05-01 00:00:00 UTC,524,40,245369000,9.4831944444444449
2014-05-01 00:00:00 UTC,524,39,245369000,0.94236111111111109
2014-05-01 00:00:00 UTC,524,40,245390000,5.1552777777777772
2014-05-01 00:00:00 UTC,524,41,245390000,5.97
2014-05-01 00:00:00 UTC,524,39,245390000,1.5177777777777777
2014-05-01 00:00:00 UTC,524,40,211640000,0.22291666666666665
2014-05-01 00:00:00 UTC,524,43,245016000,0.42055555555555557
2014-05-01 00:00:00 UTC,524,42,245016000,2.7309722222222219
2014-05-01 00:00:00 UTC,524,42,244030922,8.3923611111111125
2014-05-01 00:00:00 UTC,524,-538,316001738,5.3206944444444453
2014-05-01 00:00:00 UTC,524,-537,316001738,5.3302777777777779
2014-05-01 00:00:00 UTC,524,42,244801000,7.5283333333333324
2014-05-01 00:00:00 UTC,-500,-599,416244800,3.1388888888888893
2014-05-01 00:00:00 UTC,-500,-600,416244800,7.8430555555555559
2014-05-01 00:00:00 UTC,-500,-608,416029800,8.7568055555555553
2014-05-01 00:00:00 UTC,-500,-607,416029800,3.8334722222222224
2014-05-01 00:00:00 UTC,-500,640,226095000,7.2915277777777794
2014-05-01 00:00:00 UTC,-500,-612,740333000,0.13638888888888889
2014-05-01 00:00:00 UTC,-244,1641,540004200,3.547361111111111
2014-05-01 00:00:00 UTC,-244,1643,540004200,2.3583333333333329
2014-05-01 00:00:00 UTC,-244,71,431750000,4.8754166666666663
2014-05-01 00:00:00 UTC,-244,100,263415290,1.6802777777777775
2014-05-01 00:00:00 UTC,13,-1632,440992000,0.41902777777777778
2014-05-01 00:00:00 UTC,13,1729,529440000,0.83458333333333334
2014-05-01 00:00:00 UTC,13,-1687,412985000,1.4491666666666667
2014-05-01 00:00:00 UTC,13,-1685,412985000,6.1863888888888887
2014-05-01 00:00:00 UTC,13,-1690,412985000,9.1011111111111109
2014-05-01 00:00:00 UTC,13,-1689,412985000,5.5165277777777773
2014-05-01 00:00:00 UTC,13,-1688,412985000,2.13125
2014-05-01 00:00:00 UTC,269,1621,432896000,4.2377777777777776
2014-05-01 00:00:00 UTC,269,1211,200060933,2.3152777777777778
2014-05-01 00:00:00 UTC,269,1214,412450057,0.82500000000000007
2014-05-01 00:00:00 UTC,269,1209,412441354,1.1259722222222224
2014-05-01 00:00:00 UTC,269,1210,412441354,0.96624999999999994
2014-05-01 00:00:00 UTC,269,1210,412441369,0.90374999999999994
2014-05-01 00:00:00 UTC,269,1209,412441369,1.0584722222222223
2014-05-01 00:00:00 UTC,269,1215,412061979,9.6102777777777764
2014-05-01 00:00:00 UTC,269,1216,412061979,13.215694444444443
2014-05-01 00:00:00 UTC,269,1212,412431388,0.51930555555555558
2014-05-01 00:00:00 UTC,269,1211,412450096,1.8497222222222223
2014-05-01 00:00:00 UTC,269,1210,412450096,19.861527777777781
2014-05-01 00:00:00 UTC,269,1213,412448817,2.7343055555555553
2014-05-01 00:00:00 UTC,269,1212,413005110,2.0927777777777781
2014-05-01 00:00:00 UTC,269,1211,413005110,0.93874999999999986
2014-05-01 00:00:00 UTC,269,1210,412450359,12.640694444444444
2014-05-01 00:00:00 UTC,269,1211,412450359,1.4249999999999998
2014-05-01 00:00:00 UTC,269,1211,412304696,2.7927777777777782
2014-05-01 00:00:00 UTC,269,1207,412450108,1.9291666666666669
2014-05-01 00:00:00 UTC,269,1212,412450367,0.70041666666666669
2014-05-01 00:00:00 UTC,269,1211,412450367,2.3754166666666667
2014-05-01 00:00:00 UTC,269,1210,412430407,0.33930555555555553
2014-05-01 00:00:00 UTC,269,1209,412441421,1.0720833333333335
2014-05-01 00:00:00 UTC,269,1210,412441421,2.3697222222222218
2014-05-01 00:00:00 UTC,269,1213,412431185,0.35791666666666666
2014-05-01 00:00:00 UTC,269,1209,412441429,1.0598611111111111
2014-05-01 00:00:00 UTC,269,1210,412441429,2.4308333333333332
2014-05-01 00:00:00 UTC,269,1210,200001892,12.181388888888888
2014-05-01 00:00:00 UTC,269,1211,412388977,0.28847222222222224
2014-05-01 00:00:00 UTC,269,1211,412449921,1.2958333333333334
2014-05-01 00:00:00 UTC,269,1210,412450184,0.82458333333333333
2014-05-01 00:00:00 UTC,269,1211,412450184,0.82458333333333333
2014-05-01 00:00:00 UTC,269,1211,412449678,2.4045833333333331
2014-05-01 00:00:00 UTC,269,1210,412760212,0.27916666666666667
2014-05-01 00:00:00 UTC,269,1213,412450203,2.3636111111111111
2014-05-01 00:00:00 UTC,269,1210,412450203,1.55
2014-05-01 00:00:00 UTC,269,1211,412450459,2.7023611111111108
2014-05-01 00:00:00 UTC,269,1210,412442015,0.23458333333333334
2014-05-01 00:00:00 UTC,269,1211,412396961,0.77111111111111108
2014-05-01 00:00:00 UTC,269,1211,412450468,5.700277777777778
2014-05-01 00:00:00 UTC,269,1212,412450468,2.6808333333333336
2014-05-01 00:00:00 UTC,269,1216,412061871,2.302777777777778
2014-05-01 00:00:00 UTC,269,1211,412449969,2.7202777777777776
2014-05-01 00:00:00 UTC,269,1210,412449969,0.9075
2014-05-01 00:00:00 UTC,269,1211,412325556,0.91291666666666671
2014-05-01 00:00:00 UTC,269,1211,412449208,2.9686111111111106
2014-05-01 00:00:00 UTC,269,1214,412450236,1.5255555555555556
2014-05-01 00:00:00 UTC,269,1212,412449991,4.6963888888888885
2014-05-01 00:00:00 UTC,269,1210,412450503,4.6406944444444447
2014-05-01 00:00:00 UTC,269,1210,412325582,0.28722222222222227
2014-05-01 00:00:00 UTC,269,1209,412450513,9.57388888888889
2014-05-01 00:00:00 UTC,269,1210,412450513,14.479027777777777
2014-05-01 00:00:00 UTC,269,1214,412450018,2.485
2014-05-01 00:00:00 UTC,269,1215,412442342,13.195277777777775
2014-05-01 00:00:00 UTC,269,1216,412442342,1.6991666666666665
2014-05-01 00:00:00 UTC,269,1203,412450039,1.8483333333333334
2014-05-01 00:00:00 UTC,269,1210,412450042,7.073611111111112
2014-05-01 00:00:00 UTC,525,-118,227275010,4.3794444444444443
2014-05-01 00:00:00 UTC,525,-117,227275010,0.80583333333333329
2014-05-01 00:00:00 UTC,525,42,245706000,2.0255555555555556
2014-05-01 00:00:00 UTC,525,-120,228021800,11.991805555555555
2014-05-01 00:00:00 UTC,525,42,245310000,0.20861111111111111
2014-05-01 00:00:00 UTC,525,41,245310000,2.1756944444444444
2014-05-01 00:00:00 UTC,525,44,244790577,4.0838888888888878
2014-05-01 00:00:00 UTC,525,46,245991000,0.20180555555555557
2014-05-01 00:00:00 UTC,525,45,245991000,1.8376388888888888
2014-05-01 00:00:00 UTC,525,41,211793000,0.20708333333333334
2014-05-01 00:00:00 UTC,525,42,205317000,1.0954166666666667
2014-05-01 00:00:00 UTC,525,43,205317000,0.43347222222222226
2014-05-01 00:00:00 UTC,525,41,245369000,1.5959722222222221
2014-05-01 00:00:00 UTC,525,40,245369000,3.2383333333333337
2014-05-01 00:00:00 UTC,525,41,245390000,4.9361111111111118
2014-05-01 00:00:00 UTC,525,39,245390000,1.2238888888888888
2014-05-01 00:00:00 UTC,525,40,245390000,2.0723611111111109
2014-05-01 00:00:00 UTC,525,42,245016000,3.1933333333333334
2014-05-01 00:00:00 UTC,525,42,244030922,15.778055555555554
2014-05-01 00:00:00 UTC,525,42,244801000,4.9206944444444449
2014-05-01 00:00:00 UTC,781,130,258576000,1.5354166666666667
2014-05-01 00:00:00 UTC,781,127,258576000,1.5668055555555556
2014-05-01 00:00:00 UTC,-499,-550,740369000,2.2416666666666667
2014-05-01 00:00:00 UTC,-499,-596,416016800,10.733472222222222
2014-05-01 00:00:00 UTC,-499,-612,740333000,0.73444444444444446
2014-05-01 00:00:00 UTC,-499,-610,740333000,1.5498611111111111
2014-05-01 00:00:00 UTC,-243,71,431750000,4.9958333333333336
2014-05-01 00:00:00 UTC,14,-1632,440992000,0.74986111111111109
2014-05-01 00:00:00 UTC,270,1617,432896000,3.0831944444444446
2014-05-01 00:00:00 UTC,270,1615,432896000,8.3502777777777784
2014-05-01 00:00:00 UTC,270,1616,432896000,0.92069444444444448
2014-05-01 00:00:00 UTC,270,1211,200060933,0.58375
2014-05-01 00:00:00 UTC,270,1214,412450057,2.1255555555555556
2014-05-01 00:00:00 UTC,270,1209,412441354,6.4706944444444439
2014-05-01 00:00:00 UTC,270,1210,412441354,11.671527777777779
2014-05-01 00:00:00 UTC,270,1210,412441369,12.53847222222222
2014-05-01 00:00:00 UTC,270,1209,412441369,6.4725
2014-05-01 00:00:00 UTC,270,1211,412431388,0.25777777777777777
2014-05-01 00:00:00 UTC,270,1212,412431388,0.85305555555555568
2014-05-01 00:00:00 UTC,270,1211,412441884,4.2155555555555555
2014-05-01 00:00:00 UTC,270,1203,412450333,1.1823611111111112
2014-05-01 00:00:00 UTC,270,1202,412450333,8.4677777777777781
2014-05-01 00:00:00 UTC,270,1212,412449313,0.49194444444444441
2014-05-01 00:00:00 UTC,270,1211,412430637,4.1502777777777773
2014-05-01 00:00:00 UTC,270,1211,412430638,4.3374999999999995
2014-05-01 00:00:00 UTC,270,1212,412431664,1.0309722222222224
2014-05-01 00:00:00 UTC,270,1211,412321072,4.7586111111111107
2014-05-01 00:00:00 UTC,270,1210,412321072,0.88513888888888892
2014-05-01 00:00:00 UTC,270,1212,412431665,0.86972222222222229
2014-05-01 00:00:00 UTC,270,1212,412431666,1.2881944444444444
2014-05-01 00:00:00 UTC,270,1212,412431667,1.4795833333333333
2014-05-01 00:00:00 UTC,270,1211,412431678,4.8436111111111106
2014-05-01 00:00:00 UTC,270,1206,412450366,1.2815277777777778
2014-05-01 00:00:00 UTC,270,1211,412450367,0.22486111111111112
2014-05-01 00:00:00 UTC,270,1210,412430407,10.705555555555556
2014-05-01 00:00:00 UTC,270,1209,412430407,2.2509722222222219
2014-05-01 00:00:00 UTC,270,1209,200007497,6.158611111111111
2014-05-01 00:00:00 UTC,270,1210,200007497,7.6672222222222217
2014-05-01 00:00:00 UTC,270,1210,412441421,4.3173611111111105
2014-05-01 00:00:00 UTC,270,1209,412441421,12.830972222222224
2014-05-01 00:00:00 UTC,270,1211,412430671,0.62361111111111112
2014-05-01 00:00:00 UTC,270,1213,412431185,0.4993055555555555
2014-05-01 00:00:00 UTC,270,1210,412442195,19.606527777777774
2014-05-01 00:00:00 UTC,270,1209,412442195,0.34125
2014-05-01 00:00:00 UTC,270,1208,412432468,0.632638888888889
2014-05-01 00:00:00 UTC,270,1209,412441429,14.3625
2014-05-01 00:00:00 UTC,270,1210,412441429,2.64375
2014-05-01 00:00:00 UTC,270,1204,413005665,13.9975
2014-05-01 00:00:00 UTC,270,1211,412430695,1.2959722222222223
2014-05-01 00:00:00 UTC,270,1211,412430696,1.1393055555555556
2014-05-01 00:00:00 UTC,270,1211,412414569,1.8902777777777777
2014-05-01 00:00:00 UTC,270,1210,412414569,2.7015277777777778
2014-05-01 00:00:00 UTC,270,1211,412441963,4.2673611111111116
2014-05-01 00:00:00 UTC,270,1211,412388977,4.6004166666666668
2014-05-01 00:00:00 UTC,270,1212,412388977,0.53750000000000009
2014-05-01 00:00:00 UTC,270,1210,200006007,0.5379166666666666
2014-05-01 00:00:00 UTC,270,1211,200006007,4.47486111111111
2014-05-01 00:00:00 UTC,270,1210,412325500,1.1143055555555557
2014-05-01 00:00:00 UTC,270,1211,412325500,3.449444444444445
2014-05-01 00:00:00 UTC,270,1211,200006014,4.2247222222222218
2014-05-01 00:00:00 UTC,270,1210,200006014,0.49138888888888893
2014-05-01 00:00:00 UTC,270,1211,412430721,4.7330555555555573
2014-05-01 00:00:00 UTC,270,1210,412430721,1.0362500000000001
2014-05-01 00:00:00 UTC,270,1210,412430727,0.96083333333333332
2014-05-01 00:00:00 UTC,270,1211,412430727,4.5918055555555561
2014-05-01 00:00:00 UTC,270,1211,412889997,0.82611111111111113
2014-05-01 00:00:00 UTC,270,1212,412889997,0.606111111111111
2014-05-01 00:00:00 UTC,270,1211,412430481,3.1447222222222222
2014-05-01 00:00:00 UTC,270,1211,412326034,1.4952777777777779
2014-05-01 00:00:00 UTC,270,1210,412760212,3.9293055555555556
2014-05-01 00:00:00 UTC,270,1213,412450203,6.10013888888889
2014-05-01 00:00:00 UTC,270,1212,412450203,0.57444444444444442
2014-05-01 00:00:00 UTC,270,1211,412430493,1.6212499999999999
2014-05-01 00:00:00 UTC,270,1211,412442015,3.98138888888889
2014-05-01 00:00:00 UTC,270,1211,412396961,4.5251388888888888
2014-05-01 00:00:00 UTC,270,1212,412396961,0.26652777777777781
2014-05-01 00:00:00 UTC,270,1212,412431268,0.89611111111111108
2014-05-01 00:00:00 UTC,270,1211,412450468,0.26097222222222222
2014-05-01 00:00:00 UTC,270,1212,412450468,0.23583333333333334
2014-05-01 00:00:00 UTC,270,1212,412431269,0.92041666666666666
2014-05-01 00:00:00 UTC,270,1211,412412076,0.45694444444444443
2014-05-01 00:00:00 UTC,270,1211,412412077,0.58874999999999988
2014-05-01 00:00:00 UTC,270,1216,412061871,17.338333333333335
2014-05-01 00:00:00 UTC,270,1215,412061871,12.600694444444443
2014-05-01 00:00:00 UTC,270,1210,412852915,7.1754166666666661
2014-05-01 00:00:00 UTC,270,1209,412852915,4.0166666666666657
2014-05-01 00:00:00 UTC,270,1212,412325556,0.50444444444444447
2014-05-01 00:00:00 UTC,270,1211,412325556,4.0554166666666669
2014-05-01 00:00:00 UTC,270,1212,412449991,3.7434722222222225
2014-05-01 00:00:00 UTC,270,1210,412450503,2.327638888888889
2014-05-01 00:00:00 UTC,270,1211,412450503,8.6674999999999986
2014-05-01 00:00:00 UTC,270,1210,412325582,0.29208333333333336
2014-05-01 00:00:00 UTC,270,1211,412325582,4.3354166666666671
2014-05-01 00:00:00 UTC,270,1210,412430039,1.1156944444444445
2014-05-01 00:00:00 UTC,270,1211,412430039,4.6713888888888881
2014-05-01 00:00:00 UTC,270,1211,412430564,4.292361111111112
2014-05-01 00:00:00 UTC,270,1212,412431332,1.3241666666666667
2014-05-01 00:00:00 UTC,270,1209,412852196,3.8712500000000003
2014-05-01 00:00:00 UTC,270,1210,412852196,7.8290277777777781
2014-05-01 00:00:00 UTC,270,1212,412431333,1.0555555555555556
2014-05-01 00:00:00 UTC,270,1214,412450022,2.5818055555555555
2014-05-01 00:00:00 UTC,526,43,244426000,7.9730555555555558
2014-05-01 00:00:00 UTC,526,42,244426000,2.7370833333333331
2014-05-01 00:00:00 UTC,526,-118,250292000,9.9905555555555559
2014-05-01 00:00:00 UTC,526,42,244436000,0.85319444444444437
2014-05-01 00:00:00 UTC,526,43,244436000,14.819861111111116
2014-05-01 00:00:00 UTC,526,-121,228021800,9.9847222222222225
2014-05-01 00:00:00 UTC,526,42,245310000,9.2537499999999966
2014-05-01 00:00:00 UTC,526,41,245310000,0.90444444444444438
2014-05-01 00:00:00 UTC,526,46,245991000,0.82513888888888887
2014-05-01 00:00:00 UTC,526,45,245991000,0.41250000000000003
2014-05-01 00:00:00 UTC,526,40,211793000,6.4372222222222222
2014-05-01 00:00:00 UTC,526,41,211793000,9.1086111111111112
2014-05-01 00:00:00 UTC,526,42,211793000,2.2751388888888888
2014-05-01 00:00:00 UTC,526,39,211793000,2.4565277777777776
2014-05-01 00:00:00 UTC,526,43,205317000,0.21944444444444444
2014-05-01 00:00:00 UTC,526,-1733,366298000,0.76263888888888887
2014-05-01 00:00:00 UTC,526,42,245390000,0.21194444444444444
2014-05-01 00:00:00 UTC,526,41,245390000,0.42208333333333331
2014-05-01 00:00:00 UTC,526,43,244750304,3.9095833333333347
2014-05-01 00:00:00 UTC,-498,-600,416029700,7.71111111111111
2014-05-01 00:00:00 UTC,-498,-597,416240500,1.5677777777777777
2014-05-01 00:00:00 UTC,-498,-598,416240500,6.6730555555555551
2014-05-01 00:00:00 UTC,-498,-654,701000823,5.3359722222222219
2014-05-01 00:00:00 UTC,-498,-608,740333000,1.6169444444444443
2014-05-01 00:00:00 UTC,-498,-605,740333000,1.5568055555555556
2014-05-01 00:00:00 UTC,-498,-606,740333000,2.2526388888888889
2014-05-01 00:00:00 UTC,-498,-599,416070900,8.6244444444444444
2014-05-01 00:00:00 UTC,-242,71,431750000,0.775
2014-05-01 00:00:00 UTC,-242,70,431750000,1.7058333333333335
2014-05-01 00:00:00 UTC,-242,99,263415290,2.0890277777777779
2014-05-01 00:00:00 UTC,15,-1632,440992000,1.3331944444444443
2014-05-01 00:00:00 UTC,15,-1634,440992000,0.93736111111111109
2014-05-01 00:00:00 UTC,15,-1631,440992000,0.93069444444444449
2014-05-01 00:00:00 UTC,15,-1635,440992000,0.92638888888888893
2014-05-01 00:00:00 UTC,15,-1633,440992000,1.8944444444444444
2014-05-01 00:00:00 UTC,271,1209,412411141,4.3079166666666664
2014-05-01 00:00:00 UTC,271,1214,412450057,1.2754166666666666
2014-05-01 00:00:00 UTC,271,1215,412450057,11.901388888888889
2014-05-01 00:00:00 UTC,271,1211,412441354,0.27722222222222226
2014-05-01 00:00:00 UTC,271,1210,412432398,1.4495833333333332
2014-05-01 00:00:00 UTC,271,1209,412432398,1.5565277777777777
2014-05-01 00:00:00 UTC,271,1211,412432398,0.50763888888888886
2014-05-01 00:00:00 UTC,271,1212,412449552,0.50819444444444439
2014-05-01 00:00:00 UTC,271,1211,412432404,0.62055555555555553
2014-05-01 00:00:00 UTC,271,1210,412432404,1.9138888888888888
2014-05-01 00:00:00 UTC,271,1209,412432404,1.0597222222222222
2014-05-01 00:00:00 UTC,271,1215,412449813,19.38388888888889
2014-05-01 00:00:00 UTC,271,1211,412449305,0.81708333333333338
2014-05-01 00:00:00 UTC,271,1211,412431388,0.76013888888888881
2014-05-01 00:00:00 UTC,271,1214,412441884,0.91263888888888878
2014-05-01 00:00:00 UTC,271,1210,412433181,1.0427777777777778
2014-05-01 00:00:00 UTC,271,1213,412449313,0.67305555555555552
2014-05-01 00:00:00 UTC,271,1212,412449313,2.1422222222222222
2014-05-01 00:00:00 UTC,271,1212,412430637,0.26180555555555557
2014-05-01 00:00:00 UTC,271,1211,412430637,0.72805555555555557
2014-05-01 00:00:00 UTC,271,1211,412430638,0.72486111111111107
2014-05-01 00:00:00 UTC,271,1212,412430638,0.275
2014-05-01 00:00:00 UTC,271,1214,412431662,2.0290277777777779
2014-05-01 00:00:00 UTC,271,1212,412431662,0.37916666666666665
2014-05-01 00:00:00 UTC,271,1213,412431662,7.4505555555555549
2014-05-01 00:00:00 UTC,271,1212,412431663,1.757222222222222
2014-05-01 00:00:00 UTC,271,1213,412431664,2.42875
2014-05-01 00:00:00 UTC,271,1212,412431664,1.8656944444444448
2014-05-01 00:00:00 UTC,271,1213,412321072,0.38930555555555557
2014-05-01 00:00:00 UTC,271,1213,412431665,2.3226388888888891
2014-05-01 00:00:00 UTC,271,1212,412431665,1.5794444444444444
2014-05-01 00:00:00 UTC,271,1212,412431666,1.2405555555555556
2014-05-01 00:00:00 UTC,271,1213,412431666,3.2518055555555558
2014-05-01 00:00:00 UTC,271,1213,412431667,3.4372222222222217
2014-05-01 00:00:00 UTC,271,1212,412431667,0.99791666666666667
2014-05-01 00:00:00 UTC,271,1207,412449338,9.7418055555555547
2014-05-01 00:00:00 UTC,271,1212,412327995,0.13291666666666666
2014-05-01 00:00:00 UTC,271,1211,412431678,0.28416666666666668
2014-05-01 00:00:00 UTC,271,1210,412431678,0.22111111111111109
2014-05-01 00:00:00 UTC,271,1212,412431678,0.45458333333333334
2014-05-01 00:00:00 UTC,271,1210,412430402,0.60111111111111115
2014-05-01 00:00:00 UTC,271,1211,412430402,0.23166666666666669
2014-05-01 00:00:00 UTC,271,1209,412430407,0.49875
2014-05-01 00:00:00 UTC,271,1211,412430407,0.67999999999999994
2014-05-01 00:00:00 UTC,271,1210,412430407,3.1872222222222222
2014-05-01 00:00:00 UTC,271,1210,200007497,2.6633333333333336
2014-05-01 00:00:00 UTC,271,1211,200007497,0.75388888888888883
2014-05-01 00:00:00 UTC,271,1209,200007497,0.52944444444444438
2014-05-01 00:00:00 UTC,271,1209,412441421,0.97888888888888892
2014-05-01 00:00:00 UTC,271,1210,412441421,0.22694444444444445
2014-05-01 00:00:00 UTC,271,1213,412450381,0.25638888888888889
2014-05-01 00:00:00 UTC,271,1214,412450381,0.55944444444444441
2014-05-01 00:00:00 UTC,271,1209,200005453,0.26611111111111108
2014-05-01 00:00:00 UTC,271,1210,412442195,1.225
2014-05-01 00:00:00 UTC,271,1208,412432468,12.592083333333333
2014-05-01 00:00:00 UTC,271,1209,412432468,8.6602777777777771
2014-05-01 00:00:00 UTC,271,1211,412441429,0.445
2014-05-01 00:00:00 UTC,271,1210,411229789,6.2286111111111087
2014-05-01 00:00:00 UTC,271,1207,412416098,8.9194444444444461
2014-05-01 00:00:00 UTC,271,1208,412416098,1.2723611111111111
2014-05-01 00:00:00 UTC,271,1209,412432227,2.6849999999999996
2014-05-01 00:00:00 UTC,271,1210,412432227,1.2473611111111111
2014-05-01 00:00:00 UTC,271,1211,412432227,1.3755555555555556
2014-05-01 00:00:00 UTC,271,1210,412430695,0.48291666666666666
2014-05-01 00:00:00 UTC,271,1211,412430695,0.24180555555555555
2014-05-01 00:00:00 UTC,271,1210,412430696,0.17736111111111111
2014-05-01 00:00:00 UTC,271,1210,412433001,5.431805555555556
2014-05-01 00:00:00 UTC,271,1209,412433001,1.752361111111111
2014-05-01 00:00:00 UTC,271,1208,412430448,3.286111111111111
2014-05-01 00:00:00 UTC,271,1210,412430705,0.70708333333333329
2014-05-01 00:00:00 UTC,271,1213,412388977,0.50055555555555553
2014-05-01 00:00:00 UTC,271,1214,412388977,0.33291666666666664
2014-05-01 00:00:00 UTC,271,1209,200006007,0.84986111111111118
2014-05-01 00:00:00 UTC,271,1210,200006007,1.6045833333333333
2014-05-01 00:00:00 UTC,271,1211,200006007,2.06625
2014-05-01 00:00:00 UTC,271,1210,200006014,1.818472222222222
2014-05-01 00:00:00 UTC,271,1211,200006014,2.35
2014-05-01 00:00:00 UTC,271,1209,200006014,0.42527777777777775
2014-05-01 00:00:00 UTC,271,1211,412430721,1.0138888888888888
2014-05-01 00:00:00 UTC,271,1210,412430721,1.05125
2014-05-01 00:00:00 UTC,271,1208,412432513,2.1709722222222223
2014-05-01 00:00:00 UTC,271,1212,412449921,1.4625
2014-05-01 00:00:00 UTC,271,1208,412449154,0.28277777777777779
2014-05-01 00:00:00 UTC,271,1207,412449154,8.34263888888889
2014-05-01 00:00:00 UTC,271,1211,412430727,1.1352777777777776
2014-05-01 00:00:00 UTC,271,1210,412430727,0.5081944444444445
2014-05-01 00:00:00 UTC,271,1212,412889997,4.1772222222222224
2014-05-01 00:00:00 UTC,271,1211,413445521,0.29597222222222225
2014-05-01 00:00:00 UTC,271,1210,413445521,1.1634722222222222
2014-05-01 00:00:00 UTC,271,1209,413445521,0.25472222222222224
2014-05-01 00:00:00 UTC,271,1214,412431762,1.8191666666666666
2014-05-01 00:00:00 UTC,271,1213,412431762,0.57402777777777769
2014-05-01 00:00:00 UTC,271,1212,412326034,2.8693055555555556
2014-05-01 00:00:00 UTC,271,1214,412431763,1.933888888888889
2014-05-01 00:00:00 UTC,271,1211,200004758,0.55069444444444449
2014-05-01 00:00:00 UTC,271,1211,412433049,0.45680555555555558
2014-05-01 00:00:00 UTC,271,1210,412430493,3.0411111111111113
2014-05-01 00:00:00 UTC,271,1217,412431262,0.61958333333333337
2014-05-01 00:00:00 UTC,271,1218,412431262,0.23
2014-05-01 00:00:00 UTC,271,1217,412431263,0.49291666666666667
2014-05-01 00:00:00 UTC,271,1218,412431263,0.20875
2014-05-01 00:00:00 UTC,271,1208,412432799,3.0995833333333334
2014-05-01 00:00:00 UTC,271,1213,412396961,0.48347222222222219
2014-05-01 00:00:00 UTC,271,1212,412396961,0.50458333333333338
2014-05-01 00:00:00 UTC,271,1212,412431268,1.0599999999999998
2014-05-01 00:00:00 UTC,271,1213,412431268,3.5004166666666667
2014-05-01 00:00:00 UTC,271,1212,412431269,1.639027777777778
2014-05-01 00:00:00 UTC,271,1213,412431269,2.9345833333333333
2014-05-01 00:00:00 UTC,271,1211,412412076,0.92055555555555557
2014-05-01 00:00:00 UTC,271,1210,412412076,0.53444444444444439
2014-05-01 00:00:00 UTC,271,1211,412412077,0.71930555555555553
2014-05-01 00:00:00 UTC,271,1210,412412077,0.55861111111111106
2014-05-01 00:00:00 UTC,271,1213,412325556,0.5163888888888889
2014-05-01 00:00:00 UTC,271,1212,412325556,0.575
2014-05-01 00:00:00 UTC,271,1214,412450236,9.1901388888888889
2014-05-01 00:00:00 UTC,271,1215,412450236,1.5815277777777779
2014-05-01 00:00:00 UTC,271,1211,412450243,0.26222222222222225
2014-05-01 00:00:00 UTC,271,1212,412449991,0.23736111111111113
2014-05-01 00:00:00 UTC,271,1211,412325582,0.71333333333333337
2014-05-01 00:00:00 UTC,271,1210,412433107,2.1548611111111109
2014-05-01 00:00:00 UTC,271,1211,412433107,0.54222222222222216
2014-05-01 00:00:00 UTC,271,1210,412433108,1.8708333333333333
2014-05-01 00:00:00 UTC,271,1211,412433108,0.51666666666666661
2014-05-01 00:00:00 UTC,271,1213,412431317,6.8051388888888891
2014-05-01 00:00:00 UTC,271,1212,412431317,1.2366666666666668
2014-05-01 00:00:00 UTC,271,1214,412431317,1.9933333333333334
2014-05-01 00:00:00 UTC,271,1210,412430039,0.14513888888888887
2014-05-01 00:00:00 UTC,271,1211,412430039,0.81
2014-05-01 00:00:00 UTC,271,1209,412432343,1.7104166666666665
2014-05-01 00:00:00 UTC,271,1210,412432343,5.024166666666666
2014-05-01 00:00:00 UTC,271,1210,412432602,0.8947222222222222
2014-05-01 00:00:00 UTC,271,1210,412433118,5.524166666666666
2014-05-01 00:00:00 UTC,271,1209,412433118,1.7279166666666665
2014-05-01 00:00:00 UTC,271,1210,412433376,1.7516666666666665
2014-05-01 00:00:00 UTC,271,1210,412433378,3.210833333333333
2014-05-01 00:00:00 UTC,271,1211,412433378,0.54180555555555565
2014-05-01 00:00:00 UTC,271,1209,412433378,1.3922222222222222
2014-05-01 00:00:00 UTC,271,1214,412450018,9.11652777777778
2014-05-01 00:00:00 UTC,271,1215,412450018,1.0163888888888888
2014-05-01 00:00:00 UTC,271,1209,412433379,1.3066666666666666
2014-05-01 00:00:00 UTC,271,1211,412433379,0.56722222222222229
2014-05-01 00:00:00 UTC,271,1210,412433379,3.5625
2014-05-01 00:00:00 UTC,271,1211,412430564,1.0040277777777777
2014-05-01 00:00:00 UTC,271,1213,412431332,0.23972222222222223
2014-05-01 00:00:00 UTC,271,1212,412431332,5.2968055555555562
2014-05-01 00:00:00 UTC,271,1211,412852196,0.26277777777777778
2014-05-01 00:00:00 UTC,271,1210,412852196,0.24569444444444444
2014-05-01 00:00:00 UTC,271,1213,412431333,0.26069444444444445
2014-05-01 00:00:00 UTC,271,1212,412431333,4.412638888888889
2014-05-01 00:00:00 UTC,271,1212,412326117,0.10833333333333334
2014-05-01 00:00:00 UTC,271,1215,412450022,11.281666666666666
2014-05-01 00:00:00 UTC,271,1214,412450022,0.28430555555555553
2014-05-01 00:00:00 UTC,271,1211,412432359,0.26847222222222222
2014-05-01 00:00:00 UTC,271,1210,412433385,4.4170833333333341
2014-05-01 00:00:00 UTC,271,1211,412433385,1.0976388888888888
2014-05-01 00:00:00 UTC,271,1209,412433386,1.259722222222222
2014-05-01 00:00:00 UTC,271,1210,412433386,3.2463888888888892
2014-05-01 00:00:00 UTC,271,1211,412433386,1.5113888888888887
2014-05-01 00:00:00 UTC,271,1210,412441068,2.3872222222222224
2014-05-01 00:00:00 UTC,271,1209,412441068,1.2733333333333334
2014-05-01 00:00:00 UTC,271,1210,412432369,1.4
2014-05-01 00:00:00 UTC,271,1211,412432369,1.3609722222222222
2014-05-01 00:00:00 UTC,271,1209,412432369,1.8841666666666665
2014-05-01 00:00:00 UTC,271,1210,412433393,4.9204166666666662
2014-05-01 00:00:00 UTC,271,1209,412433393,2.0695833333333331
2014-05-01 00:00:00 UTC,271,1210,412431351,1.7945833333333334
2014-05-01 00:00:00 UTC,271,1209,412431352,0.45041666666666669
2014-05-01 00:00:00 UTC,271,1210,412431352,1.3341666666666667
2014-05-01 00:00:00 UTC,527,43,244426000,10.24652777777778
2014-05-01 00:00:00 UTC,527,46,244042000,1.1409722222222221
2014-05-01 00:00:00 UTC,527,-117,250292000,7.8234722222222226
2014-05-01 00:00:00 UTC,527,43,244436000,1.955972222222222
2014-05-01 00:00:00 UTC,527,44,244436000,0.84305555555555556
2014-05-01 00:00:00 UTC,527,41,245310000,0.42416666666666664
2014-05-01 00:00:00 UTC,527,42,245310000,6.152222222222222
2014-05-01 00:00:00 UTC,527,43,245310000,0.42236111111111113
2014-05-01 00:00:00 UTC,527,44,245074000,3.6394444444444449
2014-05-01 00:00:00 UTC,527,45,245074000,0.62305555555555558
2014-05-01 00:00:00 UTC,527,46,245991000,14.774861111111109
2014-05-01 00:00:00 UTC,527,39,211793000,2.9248611111111114
2014-05-01 00:00:00 UTC,527,40,211793000,0.65055555555555555
2014-05-01 00:00:00 UTC,527,-1735,366298000,0.51
2014-05-01 00:00:00 UTC,527,-1734,366298000,0.77027777777777784
2014-05-01 00:00:00 UTC,527,40,246222000,0.22013888888888888
2014-05-01 00:00:00 UTC,527,37,246222000,0.47333333333333333
2014-05-01 00:00:00 UTC,527,36,246222000,1.2751388888888888
2014-05-01 00:00:00 UTC,527,38,246222000,2.9873611111111114
2014-05-01 00:00:00 UTC,527,36,211640000,3.0431944444444445
2014-05-01 00:00:00 UTC,527,43,244750304,3.4516666666666667
2014-05-01 00:00:00 UTC,527,44,244750304,2.3793055555555558
2014-05-01 00:00:00 UTC,527,46,246145000,1.2776388888888888
2014-05-01 00:00:00 UTC,-497,-547,740369000,2.22375
2014-05-01 00:00:00 UTC,-497,-597,416240500,1.5766666666666667
2014-05-01 00:00:00 UTC,-497,-598,416240500,1.0729166666666667
2014-05-01 00:00:00 UTC,-497,-655,701000628,1.55
2014-05-01 00:00:00 UTC,-497,-654,701000628,2.2583333333333333
2014-05-01 00:00:00 UTC,-497,-653,701000628,5.3149999999999995
2014-05-01 00:00:00 UTC,-497,-600,416243900,14.177916666666667
2014-05-01 00:00:00 UTC,-497,-598,416536000,16.459722222222222
2014-05-01 00:00:00 UTC,-497,-608,740333000,2.2461111111111114
2014-05-01 00:00:00 UTC,-497,-605,740333000,5.3251388888888886
2014-05-01 00:00:00 UTC,-497,-601,577100000,3.1455555555555552
2014-05-01 00:00:00 UTC,-497,-599,416070900,4.5780555555555562
2014-05-01 00:00:00 UTC,-241,1544,503335600,11.736388888888889
2014-05-01 00:00:00 UTC,16,-1635,440992000,1.9291666666666667
2014-05-01 00:00:00 UTC,16,-1633,440992000,1.8473611111111112
2014-05-01 00:00:00 UTC,16,-1632,440992000,3.2325
2014-05-01 00:00:00 UTC,16,1784,440858000,1.3452777777777778
2014-05-01 00:00:00 UTC,272,1212,412411651,2.9709722222222226
2014-05-01 00:00:00 UTC,272,1212,412431364,3.9815277777777771
2014-05-01 00:00:00 UTC,272,1213,412431364,4.332638888888888
2014-05-01 00:00:00 UTC,272,1212,412431365,4.079305555555556
2014-05-01 00:00:00 UTC,272,1213,412431365,3.0686111111111107
2014-05-01 00:00:00 UTC,272,1213,200060933,0.25027777777777777
2014-05-01 00:00:00 UTC,272,1214,200060933,0.83444444444444443
2014-05-01 00:00:00 UTC,272,1212,200060933,4.9295833333333334
2014-05-01 00:00:00 UTC,272,1211,200060933,0.2063888888888889
2014-05-01 00:00:00 UTC,272,1209,412411141,13.088333333333331
2014-05-01 00:00:00 UTC,272,1210,412411141,1.5430555555555556
2014-05-01 00:00:00 UTC,272,1211,412441354,1.315
2014-05-01 00:00:00 UTC,272,1210,412431373,0.80680555555555555
2014-05-01 00:00:00 UTC,272,1213,412431374,6.7731944444444423
2014-05-01 00:00:00 UTC,272,1211,412432398,9.865000000000002
2014-05-01 00:00:00 UTC,272,1209,412432398,0.41375
2014-05-01 00:00:00 UTC,272,1210,412432398,5.4290277777777769
2014-05-01 00:00:00 UTC,272,1213,412431375,6.5470833333333331
2014-05-01 00:00:00 UTC,272,1213,412449552,6.4269444444444463
2014-05-01 00:00:00 UTC,272,1212,412449552,0.27486111111111111
2014-05-01 00:00:00 UTC,272,1214,412449552,0.97222222222222221
2014-05-01 00:00:00 UTC,272,1210,412432913,2.8209722222222218
2014-05-01 00:00:00 UTC,272,1211,412432913,7.7119444444444465
2014-05-01 00:00:00 UTC,272,1209,226555665,7.6533333333333333
2014-05-01 00:00:00 UTC,272,1213,412431378,6.2216666666666667
2014-05-01 00:00:00 UTC,272,1213,412431379,6.1256944444444441
2014-05-01 00:00:00 UTC,272,1211,412432404,9.8426388888888923
2014-05-01 00:00:00 UTC,272,1210,412432404,4.44
2014-05-01 00:00:00 UTC,272,1209,412432404,1.4186111111111113
2014-05-01 00:00:00 UTC,272,1211,412432662,6.8144444444444447
2014-05-01 00:00:00 UTC,272,1211,412432665,1.9863888888888888
2014-05-01 00:00:00 UTC,272,1212,412432665,6.2077777777777756
2014-05-01 00:00:00 UTC,272,1210,412432665,4.443194444444444
2014-05-01 00:00:00 UTC,272,1211,412441369,0.98444444444444446
2014-05-01 00:00:00 UTC,272,1211,412449305,1.7366666666666666
2014-05-01 00:00:00 UTC,272,1212,412431643,4.7259722222222225
2014-05-01 00:00:00 UTC,272,1210,412431643,4.364583333333333
2014-05-01 00:00:00 UTC,272,1210,412488988,0.80402777777777779
2014-05-01 00:00:00 UTC,272,1212,412441884,0.51291666666666669
2014-05-01 00:00:00 UTC,272,1211,412441884,1.3336111111111109
2014-05-01 00:00:00 UTC,272,1214,412441884,2.8012499999999996
2014-05-01 00:00:00 UTC,272,1213,412441884,3.0499999999999994
2014-05-01 00:00:00 UTC,272,1211,412433181,5.8255555555555567
2014-05-01 00:00:00 UTC,272,1212,412433181,0.27055555555555555
2014-05-01 00:00:00 UTC,272,1210,412433181,5.2455555555555557
2014-05-01 00:00:00 UTC,272,1209,412501533,4.2316666666666665
2014-05-01 00:00:00 UTC,272,1208,412501533,1.66375
2014-05-01 00:00:00 UTC,272,1213,412431653,7.5125
2014-05-01 00:00:00 UTC,272,1213,412431654,7.9787500000000007
2014-05-01 00:00:00 UTC,272,1212,412430119,2.79
2014-05-01 00:00:00 UTC,272,1212,412430121,2.8468055555555551
2014-05-01 00:00:00 UTC,272,1213,412431401,4.5238888888888891
2014-05-01 00:00:00 UTC,272,1211,412433451,2.23875
2014-05-01 00:00:00 UTC,272,1210,412433451,6.80611111111111
2014-05-01 00:00:00 UTC,272,1213,412896556,3.3208333333333333
2014-05-01 00:00:00 UTC,272,1212,412896556,3.7680555555555553
2014-05-01 00:00:00 UTC,272,1212,412430637,3.9966666666666675
2014-05-01 00:00:00 UTC,272,1211,412430637,1.0979166666666667
2014-05-01 00:00:00 UTC,272,1212,412430638,3.7419444444444445
2014-05-01 00:00:00 UTC,272,1211,412430638,0.95138888888888884
2014-05-01 00:00:00 UTC,272,1212,412431662,0.36680555555555561
2014-05-01 00:00:00 UTC,272,1214,412431662,1.5584722222222223
2014-05-01 00:00:00 UTC,272,1213,412431662,2.74625
2014-05-01 00:00:00 UTC,272,1209,412431407,1.9548611111111109
2014-05-01 00:00:00 UTC,272,1214,412431663,2.6931944444444444
2014-05-01 00:00:00 UTC,272,1213,412431663,5.2366666666666672
2014-05-01 00:00:00 UTC,272,1212,412431663,0.90819444444444442
2014-05-01 00:00:00 UTC,272,1213,412431664,4.25611111111111
2014-05-01 00:00:00 UTC,272,1213,412321072,5.7173611111111109
2014-05-01 00:00:00 UTC,272,1214,412321072,2.6125000000000003
2014-05-01 00:00:00 UTC,272,1211,412321072,0.2911111111111111
2014-05-01 00:00:00 UTC,272,1212,412321072,1.8295833333333333
2014-05-01 00:00:00 UTC,272,1213,412431665,3.001527777777778
2014-05-01 00:00:00 UTC,272,1218,412416817,9.6755555555555564
2014-05-01 00:00:00 UTC,272,1213,412431666,9.6319444444444446
2014-05-01 00:00:00 UTC,272,1212,412431666,0.77722222222222215
2014-05-01 00:00:00 UTC,272,1213,412431411,5.9120833333333342
2014-05-01 00:00:00 UTC,272,1213,412431667,9.1681944444444454
2014-05-01 00:00:00 UTC,272,1212,412431667,0.81972222222222224
2014-05-01 00:00:00 UTC,272,1213,412431412,6.5806944444444451
2014-05-01 00:00:00 UTC,272,1219,412418357,6.76
2014-05-01 00:00:00 UTC,272,1210,412450101,9.03777777777778
2014-05-01 00:00:00 UTC,272,1211,412450101,0.25319444444444444
2014-05-01 00:00:00 UTC,272,1212,412431414,1.831388888888889
2014-05-01 00:00:00 UTC,272,1211,412431414,2.12875
2014-05-01 00:00:00 UTC,272,1213,412431414,2.1668055555555554
2014-05-01 00:00:00 UTC,272,1213,412430647,0.27763888888888888
2014-05-01 00:00:00 UTC,272,1211,412430647,3.4951388888888886
2014-05-01 00:00:00 UTC,272,1212,412430647,5.1904166666666667
2014-05-01 00:00:00 UTC,272,1208,412449338,4.5586111111111105
2014-05-01 00:00:00 UTC,272,1207,412449338,3.4823611111111097
2014-05-01 00:00:00 UTC,272,1211,412431678,5.6479166666666671
2014-05-01 00:00:00 UTC,272,1213,412441919,2.5259722222222223
2014-05-01 00:00:00 UTC,272,1221,412417857,5.05375
2014-05-01 00:00:00 UTC,272,1212,412430402,1.8768055555555556
2014-05-01 00:00:00 UTC,272,1211,412430402,3.5770833333333329
2014-05-01 00:00:00 UTC,272,1210,412430402,3.4443055555555557
2014-05-01 00:00:00 UTC,272,1210,412431686,1.5740277777777778
2014-05-01 00:00:00 UTC,272,1210,412430407,1.73625
2014-05-01 00:00:00 UTC,272,1211,412430407,2.4777777777777779
2014-05-01 00:00:00 UTC,272,1212,412430663,1.9620833333333334
2014-05-01 00:00:00 UTC,272,1212,412430664,1.5593055555555555
2014-05-01 00:00:00 UTC,272,1213,412430664,0.23555555555555555
2014-05-01 00:00:00 UTC,272,1213,412414792,3.5122222222222224
2014-05-01 00:00:00 UTC,272,1211,412414792,2.1643055555555555
2014-05-01 00:00:00 UTC,272,1212,412414792,3.6530555555555551
2014-05-01 00:00:00 UTC,272,1210,200007497,1.6119444444444444
2014-05-01 00:00:00 UTC,272,1211,200007497,2.5698611111111109
2014-05-01 00:00:00 UTC,272,1212,412414793,3.31625
2014-05-01 00:00:00 UTC,272,1213,412414793,3.8799999999999994
2014-05-01 00:00:00 UTC,272,1210,412414793,0.26944444444444443
2014-05-01 00:00:00 UTC,272,1211,412414793,2.4743055555555551
2014-05-01 00:00:00 UTC,272,1211,412441421,1.6588888888888889
2014-05-01 00:00:00 UTC,272,1213,412450381,4.0183333333333335
2014-05-01 00:00:00 UTC,272,1209,412450381,3.5683333333333334
2014-05-01 00:00:00 UTC,272,1214,412450381,1.8880555555555556
2014-05-01 00:00:00 UTC,272,1210,200005453,1.2540277777777777
2014-05-01 00:00:00 UTC,272,1211,412430671,0.53875000000000006
2014-05-01 00:00:00 UTC,272,1210,412430671,2.2606944444444448
2014-05-01 00:00:00 UTC,272,1210,412431183,0.4201388888888889
2014-05-01 00:00:00 UTC,272,1209,412432468,1.6765277777777776
2014-05-01 00:00:00 UTC,272,1211,412441429,1.0086111111111111
2014-05-01 00:00:00 UTC,272,1211,412450134,0.44569444444444445
2014-05-01 00:00:00 UTC,272,1210,411229789,1.9751388888888892
2014-05-01 00:00:00 UTC,272,1209,411229789,14.038194444444448
2014-05-01 00:00:00 UTC,272,1211,412002399,5.5934722222222231
2014-05-01 00:00:00 UTC,272,1212,412002399,1.5297222222222222
2014-05-01 00:00:00 UTC,272,1213,412430176,2.5402777777777779
2014-05-01 00:00:00 UTC,272,1213,412430177,2.8545833333333328
2014-05-01 00:00:00 UTC,272,1212,412430177,0.76444444444444437
2014-05-01 00:00:00 UTC,272,1212,412325729,0.928611111111111
2014-05-01 00:00:00 UTC,272,1213,412325729,0.45069444444444445
2014-05-01 00:00:00 UTC,272,1208,412416098,4.9350000000000005
2014-05-01 00:00:00 UTC,272,1207,412416098,3.6883333333333339
2014-05-01 00:00:00 UTC,272,1209,412432227,0.29375
2014-05-01 00:00:00 UTC,272,1210,412432227,6.3774999999999995
2014-05-01 00:00:00 UTC,272,1211,412432227,7.6365277777777774
2014-05-01 00:00:00 UTC,272,1212,412430693,2.9329166666666664
2014-05-01 00:00:00 UTC,272,1212,412433253,5.1343055555555548
2014-05-01 00:00:00 UTC,272,1212,412430694,3.0600000000000005
2014-05-01 00:00:00 UTC,272,1211,412449894,0.67875
2014-05-01 00:00:00 UTC,272,1210,412449894,2.4543055555555551
2014-05-01 00:00:00 UTC,272,1213,412449894,2.1845833333333333
2014-05-01 00:00:00 UTC,272,1211,412430695,0.34527777777777779
2014-05-01 00:00:00 UTC,272,1212,412430695,1.5054166666666666
2014-05-01 00:00:00 UTC,272,1210,412430695,2.4212499999999997
2014-05-01 00:00:00 UTC,272,1212,412450151,1.0355555555555556
2014-05-01 00:00:00 UTC,272,1213,412450151,2.851666666666667
2014-05-01 00:00:00 UTC,272,1219,412412775,0.24916666666666668
2014-05-01 00:00:00 UTC,272,1212,412430696,1.4613888888888888
2014-05-01 00:00:00 UTC,272,1210,412430696,2.3058333333333332
2014-05-01 00:00:00 UTC,272,1213,412430697,3.3291666666666666
2014-05-01 00:00:00 UTC,272,1212,412430697,0.80819444444444444
2014-05-01 00:00:00 UTC,272,1211,412433001,4.9244444444444451
2014-05-01 00:00:00 UTC,272,1210,412433001,4.1461111111111117
2014-05-01 00:00:00 UTC,272,1212,412433001,2.6756944444444444
2014-05-01 00:00:00 UTC,272,1213,412414569,7.3537499999999989
2014-05-01 00:00:00 UTC,272,1211,412414569,1.0784722222222223
2014-05-01 00:00:00 UTC,272,1212,412414569,1.0409722222222222
2014-05-01 00:00:00 UTC,272,1213,412430698,2.5716666666666668
2014-05-01 00:00:00 UTC,272,1212,412430698,0.74736111111111114
2014-05-01 00:00:00 UTC,272,1212,412441963,2.4105555555555558
2014-05-01 00:00:00 UTC,272,1214,412441963,0.8834722222222221
2014-05-01 00:00:00 UTC,272,1213,412441963,9.1584722222222226
2014-05-01 00:00:00 UTC,272,1211,412430704,0.75722222222222224
2014-05-01 00:00:00 UTC,272,1212,412430704,3.8948611111111116
2014-05-01 00:00:00 UTC,272,1210,412430704,3.6469444444444443
2014-05-01 00:00:00 UTC,272,1213,412430704,0.21888888888888891
2014-05-01 00:00:00 UTC,272,1218,412419185,8.2198611111111113
2014-05-01 00:00:00 UTC,272,1211,412430705,0.7730555555555555
2014-05-01 00:00:00 UTC,272,1212,412430705,3.64875
2014-05-01 00:00:00 UTC,272,1210,412430705,2.6959722222222222
2014-05-01 00:00:00 UTC,272,1213,412430705,0.55958333333333332
2014-05-01 00:00:00 UTC,272,1210,412431473,0.23722222222222222
2014-05-01 00:00:00 UTC,272,1214,412388977,5.7168055555555553
2014-05-01 00:00:00 UTC,272,1213,412388977,2.0076388888888888
2014-05-01 00:00:00 UTC,272,1218,200007538,3.7084722222222224
2014-05-01 00:00:00 UTC,272,1210,412431475,1.4191666666666667
2014-05-01 00:00:00 UTC,272,1212,412432246,3.798055555555556
2014-05-01 00:00:00 UTC,272,1212,412442999,0.52611111111111108
2014-05-01 00:00:00 UTC,272,1213,412442999,0.25958333333333333
2014-05-01 00:00:00 UTC,272,1210,200006007,1.3955555555555554
2014-05-01 00:00:00 UTC,272,1211,200006007,0.971111111111111
2014-05-01 00:00:00 UTC,272,1212,200006007,8.7165277777777757
2014-05-01 00:00:00 UTC,272,1211,412430203,0.27902777777777776
2014-05-01 00:00:00 UTC,272,1211,412430204,0.10152777777777777
2014-05-01 00:00:00 UTC,272,1212,200006014,8.7719444444444452
2014-05-01 00:00:00 UTC,272,1211,200006014,1.0513888888888889
2014-05-01 00:00:00 UTC,272,1210,200006014,1.5638888888888889
2014-05-01 00:00:00 UTC,272,1212,412430721,8.8131944444444432
2014-05-01 00:00:00 UTC,272,1211,412430721,1.0441666666666667
2014-05-01 00:00:00 UTC,272,1210,412430721,1.0823611111111111
2014-05-01 00:00:00 UTC,272,1208,412449154,4.2216666666666667
2014-05-01 00:00:00 UTC,272,1207,412449154,5.411249999999999
2014-05-01 00:00:00 UTC,272,1212,412430212,3.228194444444445
2014-05-01 00:00:00 UTC,272,1213,412430212,0.51916666666666667
2014-05-01 00:00:00 UTC,272,1211,412430212,3.2983333333333333
2014-05-01 00:00:00 UTC,272,1212,412430213,3.2986111111111112
2014-05-01 00:00:00 UTC,272,1213,412430213,0.26263888888888887
2014-05-01 00:00:00 UTC,272,1211,412430213,3.2229166666666673
2014-05-01 00:00:00 UTC,272,1212,412432006,5.5926388888888878
2014-05-01 00:00:00 UTC,272,1211,412432006,6.9869444444444451
2014-05-01 00:00:00 UTC,272,1210,412432006,2.9393055555555554
2014-05-01 00:00:00 UTC,272,1212,412430727,9.3770833333333332
2014-05-01 00:00:00 UTC,272,1210,412430727,1.6966666666666668
2014-05-01 00:00:00 UTC,272,1211,412430727,1.8980555555555554
2014-05-01 00:00:00 UTC,272,1212,412430218,2.725
2014-05-01 00:00:00 UTC,272,1211,412430218,2.2072222222222222
2014-05-01 00:00:00 UTC,272,1212,412430219,2.7531944444444441
2014-05-01 00:00:00 UTC,272,1211,412430219,3.6298611111111105
2014-05-01 00:00:00 UTC,272,1212,412432011,1.1661111111111111
2014-05-01 00:00:00 UTC,272,1213,412889997,5.4075000000000006
2014-05-01 00:00:00 UTC,272,1214,412889997,0.92180555555555554
2014-05-01 00:00:00 UTC,272,1213,412411792,0.37333333333333335
2014-05-01 00:00:00 UTC,272,1209,412430481,0.73972222222222217
2014-05-01 00:00:00 UTC,272,1208,412430481,0.24625000000000002
2014-05-01 00:00:00 UTC,272,1210,412430481,0.82763888888888892
2014-05-01 00:00:00 UTC,272,1211,412430481,6.6023611111111116
2014-05-01 00:00:00 UTC,272,1212,412430481,1.4138888888888888
2014-05-01 00:00:00 UTC,272,1210,413445521,5.7765277777777779
2014-05-01 00:00:00 UTC,272,1211,413445521,9.8455555555555545
2014-05-01 00:00:00 UTC,272,1212,412431762,0.27027777777777778
2014-05-01 00:00:00 UTC,272,1214,412431762,1.4355555555555557
2014-05-01 00:00:00 UTC,272,1213,412431762,4.9694444444444459
2014-05-01 00:00:00 UTC,272,1214,412326034,3.8909722222222225
2014-05-01 00:00:00 UTC,272,1213,412326034,9.44638888888889
2014-05-01 00:00:00 UTC,272,1212,412326034,0.992361111111111
2014-05-01 00:00:00 UTC,272,1214,412431763,1.3879166666666669
2014-05-01 00:00:00 UTC,272,1213,412431763,3.1408333333333331
2014-05-01 00:00:00 UTC,272,1212,412431763,1.6612500000000001
2014-05-01 00:00:00 UTC,272,1211,200006292,7.737916666666667
2014-05-01 00:00:00 UTC,272,1213,413655700,7.4558333333333326
2014-05-01 00:00:00 UTC,272,1214,413655700,2.77625
2014-05-01 00:00:00 UTC,272,1212,413655700,5.2116666666666669
2014-05-01 00:00:00 UTC,272,1211,200004758,5.2479166666666668
2014-05-01 00:00:00 UTC,272,1212,200004758,3.6626388888888886
2014-05-01 00:00:00 UTC,272,1211,412433049,11.27888888888889
2014-05-01 00:00:00 UTC,272,1213,412411801,1.7186111111111111
2014-05-01 00:00:00 UTC,272,1210,412430493,2.8738888888888883
2014-05-01 00:00:00 UTC,272,1212,412430493,0.78152777777777782
2014-05-01 00:00:00 UTC,272,1211,412430493,0.99666666666666659
2014-05-01 00:00:00 UTC,272,1210,412431261,0.46930555555555559
2014-05-01 00:00:00 UTC,272,1218,412419486,11.599166666666667
2014-05-01 00:00:00 UTC,272,1217,412431262,1.6370833333333332
2014-05-01 00:00:00 UTC,272,1218,412431262,0.21263888888888888
2014-05-01 00:00:00 UTC,272,1217,412431263,2.0663888888888886
2014-05-01 00:00:00 UTC,272,1213,412442015,5.6702777777777778
2014-05-01 00:00:00 UTC,272,1212,412442015,3.0825
2014-05-01 00:00:00 UTC,272,1214,412442015,1.4772222222222222
2014-05-01 00:00:00 UTC,272,1211,412432288,10.403611111111115
2014-05-01 00:00:00 UTC,272,1210,412432288,5.9261111111111129
2014-05-01 00:00:00 UTC,272,1210,412432289,6.5386111111111127
2014-05-01 00:00:00 UTC,272,1211,412432289,10.598055555555558
2014-05-01 00:00:00 UTC,272,1214,412396961,5.1622222222222236
2014-05-01 00:00:00 UTC,272,1212,412396961,2.92875
2014-05-01 00:00:00 UTC,272,1213,412396961,4.075277777777778
2014-05-01 00:00:00 UTC,272,1211,412396961,1.096111111111111
2014-05-01 00:00:00 UTC,272,1210,412431011,1.046388888888889
2014-05-01 00:00:00 UTC,272,1212,412431268,1.1601388888888888
2014-05-01 00:00:00 UTC,272,1213,412431268,7.4238888888888885
2014-05-01 00:00:00 UTC,272,1211,412320164,7.775555555555556
2014-05-01 00:00:00 UTC,272,1212,412431269,2.1948611111111109
2014-05-01 00:00:00 UTC,272,1213,412431269,7.8044444444444458
2014-05-01 00:00:00 UTC,272,1211,412320165,8.109305555555558
2014-05-01 00:00:00 UTC,272,1210,412412076,2.2555555555555551
2014-05-01 00:00:00 UTC,272,1211,412412076,1.05125
2014-05-01 00:00:00 UTC,272,1212,412412076,2.1529166666666666
2014-05-01 00:00:00 UTC,272,1212,412450221,0.23416666666666666
2014-05-01 00:00:00 UTC,272,1212,412412077,2.2718055555555554
2014-05-01 00:00:00 UTC,272,1211,412412077,0.53347222222222224
2014-05-01 00:00:00 UTC,272,1210,412412077,2.3793055555555558
2014-05-01 00:00:00 UTC,272,1213,412450222,6.4081944444444439
2014-05-01 00:00:00 UTC,272,1212,412450222,1.4495833333333334
2014-05-01 00:00:00 UTC,272,1218,412418479,6.8109722222222215
2014-05-01 00:00:00 UTC,272,1219,412418479,4.2243055555555555
2014-05-01 00:00:00 UTC,272,1211,412450224,3.9045833333333344
2014-05-01 00:00:00 UTC,272,1210,412450224,0.79625
2014-05-01 00:00:00 UTC,272,1211,412852915,7.6838888888888892
2014-05-01 00:00:00 UTC,272,1212,412852915,0.70833333333333337
2014-05-01 00:00:00 UTC,272,1212,412325556,2.4283333333333337
2014-05-01 00:00:00 UTC,272,1213,412325556,5.1909722222222223
2014-05-01 00:00:00 UTC,272,1214,412325556,4.7245833333333334
2014-05-01 00:00:00 UTC,272,1211,412325556,0.79194444444444445
2014-05-01 00:00:00 UTC,272,1214,412450232,0.28333333333333333
2014-05-01 00:00:00 UTC,272,1213,412450232,6.88361111111111
2014-05-01 00:00:00 UTC,272,1211,412433596,4.0701388888888888
2014-05-01 00:00:00 UTC,272,1212,412433596,3.3850000000000007
2014-05-01 00:00:00 UTC,272,1210,412433596,3.657083333333333
2014-05-01 00:00:00 UTC,272,1213,412431295,2.9486111111111106
2014-05-01 00:00:00 UTC,272,1217,412431295,6.5761111111111115
2014-05-01 00:00:00 UTC,272,1217,412431296,0.95694444444444449
2014-05-01 00:00:00 UTC,272,1213,412431296,2.4025
2014-05-01 00:00:00 UTC,272,1210,412432321,5.953611111111111
2014-05-01 00:00:00 UTC,272,1211,412432321,8.0788888888888852
2014-05-01 00:00:00 UTC,272,1212,412432321,0.235
2014-05-01 00:00:00 UTC,272,1212,412432322,0.86694444444444452
2014-05-01 00:00:00 UTC,272,1210,412432322,5.9840277777777784
2014-05-01 00:00:00 UTC,272,1211,412432322,6.6312499999999988
2014-05-01 00:00:00 UTC,272,1210,412433347,5.4931944444444447
2014-05-01 00:00:00 UTC,272,1211,412433347,6.3109722222222215
2014-05-01 00:00:00 UTC,272,1211,412450243,5.954305555555556
2014-05-01 00:00:00 UTC,272,1212,412450243,3.8006944444444448
2014-05-01 00:00:00 UTC,272,1209,222144452,2.5066666666666664
2014-05-01 00:00:00 UTC,272,1210,412433351,7.6677777777777791
2014-05-01 00:00:00 UTC,272,1211,412433351,3.8344444444444439
2014-05-01 00:00:00 UTC,272,1212,412433351,3.715
2014-05-01 00:00:00 UTC,272,1212,412433352,3.455
2014-05-01 00:00:00 UTC,272,1210,412433352,7.5301388888888887
2014-05-01 00:00:00 UTC,272,1211,412433352,3.9048611111111113
2014-05-01 00:00:00 UTC,272,1212,412430029,2.3100000000000005
2014-05-01 00:00:00 UTC,272,1213,412325582,2.4404166666666667
2014-05-01 00:00:00 UTC,272,1214,412325582,2.0295833333333331
2014-05-01 00:00:00 UTC,272,1212,412060625,2.1015277777777781
2014-05-01 00:00:00 UTC,272,1213,412060625,7.9366666666666656
2014-05-01 00:00:00 UTC,272,1214,412060625,0.52180555555555563
2014-05-01 00:00:00 UTC,272,1212,412060626,1.5209722222222222
2014-05-01 00:00:00 UTC,272,1213,412060626,8.7183333333333319
2014-05-01 00:00:00 UTC,272,1214,412060626,0.50777777777777777
2014-05-01 00:00:00 UTC,272,1212,412430547,2.9254166666666666
2014-05-01 00:00:00 UTC,272,1211,412433107,9.0758333333333354
2014-05-01 00:00:00 UTC,272,1210,412433107,2.5315277777777778
2014-05-01 00:00:00 UTC,272,1212,412430548,3.3024999999999998
2014-05-01 00:00:00 UTC,272,1210,412433108,2.8886111111111106
2014-05-01 00:00:00 UTC,272,1211,412433108,9.3661111111111115
2014-05-01 00:00:00 UTC,272,1214,412431317,1.2372222222222222
2014-05-01 00:00:00 UTC,272,1213,412431317,2.6993055555555556
2014-05-01 00:00:00 UTC,272,1212,412431317,0.47305555555555556
2014-05-01 00:00:00 UTC,272,1222,412419542,9.0936111111111124
2014-05-01 00:00:00 UTC,272,1212,412430039,9.6393055555555556
2014-05-01 00:00:00 UTC,272,1209,412430039,0.42805555555555552
2014-05-01 00:00:00 UTC,272,1211,412430039,1.5036111111111112
2014-05-01 00:00:00 UTC,272,1210,412430039,1.3530555555555555
2014-05-01 00:00:00 UTC,272,1211,412432343,9.08583333333333
2014-05-01 00:00:00 UTC,272,1210,412432343,4.2334722222222219
2014-05-01 00:00:00 UTC,272,1211,412432602,6.0200000000000005
2014-05-01 00:00:00 UTC,272,1212,412432602,0.23972222222222223
2014-05-01 00:00:00 UTC,272,1210,412432602,5.6502777777777782
2014-05-01 00:00:00 UTC,272,1210,412433118,4.0133333333333336
2014-05-01 00:00:00 UTC,272,1211,412433118,4.7143055555555557
2014-05-01 00:00:00 UTC,272,1212,412433118,2.4274999999999998
2014-05-01 00:00:00 UTC,272,1211,412433376,6.2631944444444434
2014-05-01 00:00:00 UTC,272,1210,412433376,6.0950000000000015
2014-05-01 00:00:00 UTC,272,1212,412433376,2.1336111111111111
2014-05-01 00:00:00 UTC,272,1210,412433377,3.7616666666666667
2014-05-01 00:00:00 UTC,272,1212,412433377,1.733611111111111
2014-05-01 00:00:00 UTC,272,1211,412433377,7.8451388888888891
2014-05-01 00:00:00 UTC,272,1209,412433377,0.23666666666666669
2014-05-01 00:00:00 UTC,272,1211,412433378,8.7801388888888887
2014-05-01 00:00:00 UTC,272,1210,412433378,7.075
2014-05-01 00:00:00 UTC,272,1210,412433379,6.4758333333333331
2014-05-01 00:00:00 UTC,272,1211,412433379,8.82263888888889
2014-05-01 00:00:00 UTC,272,1211,412430564,1.3634722222222222
2014-05-01 00:00:00 UTC,272,1212,412430564,3.6947222222222229
2014-05-01 00:00:00 UTC,272,1213,412431332,10.719305555555556
2014-05-01 00:00:00 UTC,272,1212,412852196,0.48583333333333334
2014-05-01 00:00:00 UTC,272,1211,412852196,7.6647222222222249
2014-05-01 00:00:00 UTC,272,1212,412430565,3.6901388888888889
2014-05-01 00:00:00 UTC,272,1211,412430565,0.72736111111111112
2014-05-01 00:00:00 UTC,272,1213,412431333,11.153194444444447
2014-05-01 00:00:00 UTC,272,1211,412432359,8.5280555555555555
2014-05-01 00:00:00 UTC,272,1210,412432359,6.0708333333333337
2014-05-01 00:00:00 UTC,272,1210,412433385,7
2014-05-01 00:00:00 UTC,272,1211,412433385,4.6702777777777778
2014-05-01 00:00:00 UTC,272,1209,412433385,0.23500000000000001
2014-05-01 00:00:00 UTC,272,1212,412433385,3.2008333333333336
2014-05-01 00:00:00 UTC,272,1210,412433386,6.9772222222222213
2014-05-01 00:00:00 UTC,272,1209,412433386,0.26138888888888889
2014-05-01 00:00:00 UTC,272,1211,412433386,5.24388888888889
2014-05-01 00:00:00 UTC,272,1212,412433386,3.4155555555555557
2014-05-01 00:00:00 UTC,272,1210,412441068,1.9105555555555551
2014-05-01 00:00:00 UTC,272,1212,412430573,3.6929166666666666
2014-05-01 00:00:00 UTC,272,1212,412432365,7.7793055555555561
2014-05-01 00:00:00 UTC,272,1211,412432365,0.74402777777777773
2014-05-01 00:00:00 UTC,272,1211,412432366,1.077361111111111
2014-05-01 00:00:00 UTC,272,1212,412432366,8.2325000000000017
2014-05-01 00:00:00 UTC,272,1218,412431344,0.32541666666666669
2014-05-01 00:00:00 UTC,272,1213,412431344,2.7141666666666673
2014-05-01 00:00:00 UTC,272,1218,412431345,7.4869444444444442
2014-05-01 00:00:00 UTC,272,1217,412431345,0.34638888888888886
2014-05-01 00:00:00 UTC,272,1213,412431345,2.9952777777777775
2014-05-01 00:00:00 UTC,272,1211,412432369,7.7145833333333336
2014-05-01 00:00:00 UTC,272,1210,412432369,6.2470833333333333
2014-05-01 00:00:00 UTC,272,1211,412433393,9.5995833333333351
2014-05-01 00:00:00 UTC,272,1210,412433393,3.8920833333333342
2014-05-01 00:00:00 UTC,272,1210,444411122,3.659583333333333
2014-05-01 00:00:00 UTC,272,1211,444411122,7.2472222222222209
2014-05-01 00:00:00 UTC,272,1211,412433397,3.5337500000000004
2014-05-01 00:00:00 UTC,272,1210,412433397,7.9034722222222227
2014-05-01 00:00:00 UTC,272,1211,412433398,9.7656944444444456
2014-05-01 00:00:00 UTC,272,1210,412433398,7.9876388888888883
2014-05-01 00:00:00 UTC,272,1211,412431351,8.31902777777778
2014-05-01 00:00:00 UTC,272,1210,412431351,4.5890277777777762
2014-05-01 00:00:00 UTC,272,1217,412416503,14.849722222222223
2014-05-01 00:00:00 UTC,272,1210,412431352,4.6901388888888889
2014-05-01 00:00:00 UTC,272,1211,412431352,8.5195833333333333
2014-05-01 00:00:00 UTC,272,1209,412431352,0.17375
2014-05-01 00:00:00 UTC,272,1210,412432377,1.7113888888888891
2014-05-01 00:00:00 UTC,272,1211,412432377,3.5859722222222219
2014-05-01 00:00:00 UTC,272,1212,412412411,3.4490277777777774
2014-05-01 00:00:00 UTC,272,1218,412416509,21.643472222222222
2014-05-01 00:00:00 UTC,272,1219,412416509,3.7147222222222225
2014-05-01 00:00:00 UTC,528,46,244213000,3.9566666666666666
2014-05-01 00:00:00 UTC,528,-1706,338250000,0.73208333333333331
2014-05-01 00:00:00 UTC,528,46,244042000,2.1805555555555554
2014-05-01 00:00:00 UTC,528,-1706,368382000,1.5691666666666666
2014-05-01 00:00:00 UTC,528,42,245310000,0.21583333333333332
2014-05-01 00:00:00 UTC,528,43,245310000,0.67319444444444443
2014-05-01 00:00:00 UTC,528,-1706,338568000,0.75708333333333333
2014-05-01 00:00:00 UTC,528,46,245074000,0.23444444444444446
2014-05-01 00:00:00 UTC,528,44,245074000,2.5726388888888887
2014-05-01 00:00:00 UTC,528,45,245074000,0.86805555555555558
2014-05-01 00:00:00 UTC,528,45,245703000,0.86625
2014-05-01 00:00:00 UTC,528,46,245991000,4.5427777777777774
2014-05-01 00:00:00 UTC,528,46,244049000,0.21625
2014-05-01 00:00:00 UTC,528,46,245647000,1.1275
2014-05-01 00:00:00 UTC,528,-128,224133790,6.3169444444444451
2014-05-01 00:00:00 UTC,528,43,246233000,1.0831944444444443
2014-05-01 00:00:00 UTC,528,44,246233000,0.43958333333333333
2014-05-01 00:00:00 UTC,528,41,246222000,0.42583333333333334
2014-05-01 00:00:00 UTC,528,38,246222000,2.3143055555555554
2014-05-01 00:00:00 UTC,528,40,246222000,11.4525
2014-05-01 00:00:00 UTC,528,39,246222000,4.310138888888889
2014-05-01 00:00:00 UTC,528,46,245731000,1.7768055555555553
2014-05-01 00:00:00 UTC,528,36,211640000,7.6918055555555549
2014-05-01 00:00:00 UTC,528,-1706,366705860,2.2694444444444444
2014-05-01 00:00:00 UTC,528,46,246338000,2.2040277777777777
2014-05-01 00:00:00 UTC,528,46,246145000,2.2905555555555557
2014-05-01 00:00:00 UTC,784,120,258576000,4.6966666666666663
2014-05-01 00:00:00 UTC,784,121,258576000,3.9165277777777776
2014-05-01 00:00:00 UTC,784,119,258576000,3.1336111111111107
2014-05-01 00:00:00 UTC,784,118,258576000,5.4655555555555555
2014-05-01 00:00:00 UTC,-496,-601,416045600,5.3741666666666674
2014-05-01 00:00:00 UTC,-496,-602,416045600,8.6100000000000012
2014-05-01 00:00:00 UTC,-496,-545,740369000,1.5543055555555556
2014-05-01 00:00:00 UTC,-496,-656,701000628,2.2931944444444445
2014-05-01 00:00:00 UTC,-496,-655,701000628,1.5904166666666664
2014-05-01 00:00:00 UTC,-496,-600,577100000,4.572222222222222
2014-05-01 00:00:00 UTC,-496,-601,577100000,4.5247222222222216
2014-05-01 00:00:00 UTC,-240,70,431750000,2.1555555555555554
2014-05-01 00:00:00 UTC,17,-1630,440992000,2.7272222222222222
2014-05-01 00:00:00 UTC,17,-1629,440992000,0.92777777777777781
2014-05-01 00:00:00 UTC,17,-1631,440992000,2.1847222222222222
2014-05-01 00:00:00 UTC,17,1785,440858000,2.306944444444444
2014-05-01 00:00:00 UTC,17,1764,440846000,11.476388888888888
2014-05-01 00:00:00 UTC,17,1767,440846000,1.5277777777777777
2014-05-01 00:00:00 UTC,17,1765,440846000,1.6513888888888888
2014-05-01 00:00:00 UTC,17,1768,440846000,2.7958333333333334
2014-05-01 00:00:00 UTC,273,1621,432896000,5.6623611111111112
2014-05-01 00:00:00 UTC,273,1219,412418307,4.1456944444444446
2014-05-01 00:00:00 UTC,273,1213,412411651,0.24833333333333332
2014-05-01 00:00:00 UTC,273,1212,412411651,2.3190277777777779
2014-05-01 00:00:00 UTC,273,1214,412411651,4.5061111111111112
2014-05-01 00:00:00 UTC,273,1213,412431364,10.123888888888889
2014-05-01 00:00:00 UTC,273,1212,412431364,0.35541666666666671
2014-05-01 00:00:00 UTC,273,1214,412431364,4.128333333333333
2014-05-01 00:00:00 UTC,273,1220,412417028,11.295138888888889
2014-05-01 00:00:00 UTC,273,1214,412431365,5.1155555555555559
2014-05-01 00:00:00 UTC,273,1212,412431365,0.55347222222222214
2014-05-01 00:00:00 UTC,273,1213,412431365,11.28944444444444
2014-05-01 00:00:00 UTC,273,1212,200060933,0.49513888888888891
2014-05-01 00:00:00 UTC,273,1213,200060933,5.3711111111111114
2014-05-01 00:00:00 UTC,273,1214,200060933,0.63986111111111121
2014-05-01 00:00:00 UTC,273,1219,412417029,3.9998611111111111
2014-05-01 00:00:00 UTC,273,1211,700000263,10.449444444444444
2014-05-01 00:00:00 UTC,273,1210,412431373,22.830555555555556
2014-05-01 00:00:00 UTC,273,1213,412431374,12.06125
2014-05-01 00:00:00 UTC,273,1214,412431374,4.5644444444444447
2014-05-01 00:00:00 UTC,273,1215,412431374,0.78541666666666665
2014-05-01 00:00:00 UTC,273,1210,412432398,1.5913888888888892
2014-05-01 00:00:00 UTC,273,1211,412432398,2.0183333333333331
2014-05-01 00:00:00 UTC,273,1213,412450062,10.977777777777778
2014-05-01 00:00:00 UTC,273,1213,412431375,12.289027777777775
2014-05-01 00:00:00 UTC,273,1214,412431375,3.8280555555555553
2014-05-01 00:00:00 UTC,273,1215,412431375,1.2136111111111112
2014-05-01 00:00:00 UTC,273,1212,412432144,5.7744444444444447
2014-05-01 00:00:00 UTC,273,1213,412449552,3.2155555555555564
2014-05-01 00:00:00 UTC,273,1211,412432913,3.0661111111111112
2014-05-01 00:00:00 UTC,273,1210,412432913,8.5095833333333335
2014-05-01 00:00:00 UTC,273,1212,412432913,1.9063888888888889
2014-05-01 00:00:00 UTC,273,1214,412431378,3.3022222222222224
2014-05-01 00:00:00 UTC,273,1213,412431378,12.535694444444442
2014-05-01 00:00:00 UTC,273,1213,412431379,12.668611111111112
2014-05-01 00:00:00 UTC,273,1214,412431379,3.3856944444444443
2014-05-01 00:00:00 UTC,273,1211,412432404,2.4316666666666666
2014-05-01 00:00:00 UTC,273,1210,412432404,1.2333333333333336
2014-05-01 00:00:00 UTC,273,1210,412431381,18.916666666666657
2014-05-01 00:00:00 UTC,273,1211,412432662,1.5816666666666666
2014-05-01 00:00:00 UTC,273,1210,412432665,5.4011111111111116
2014-05-01 00:00:00 UTC,273,1212,412432665,4.3205555555555559
2014-05-01 00:00:00 UTC,273,1211,412432665,1.0044444444444443
2014-05-01 00:00:00 UTC,273,1212,412431643,1.037638888888889
2014-05-01 00:00:00 UTC,273,1210,412431643,1.835
2014-05-01 00:00:00 UTC,273,1211,412431643,2.0343055555555551
2014-05-01 00:00:00 UTC,273,1214,412431643,4.5372222222222227
2014-05-01 00:00:00 UTC,273,1214,412417563,0.77208333333333323
2014-05-01 00:00:00 UTC,273,1210,412488988,12.189444444444446
2014-05-01 00:00:00 UTC,273,1214,412441884,0.32375
2014-05-01 00:00:00 UTC,273,1212,412441884,1.607361111111111
2014-05-01 00:00:00 UTC,273,1213,412441884,0.87388888888888894
2014-05-01 00:00:00 UTC,273,1212,412433181,2.2605555555555559
2014-05-01 00:00:00 UTC,273,1210,412433181,3.7922222222222217
2014-05-01 00:00:00 UTC,273,1211,412433181,4.9252777777777768
2014-05-01 00:00:00 UTC,273,1210,412431392,23.587361111111093
2014-05-01 00:00:00 UTC,273,1210,412431395,23.087916666666665
2014-05-01 00:00:00 UTC,273,1210,412431396,20.237083333333338
2014-05-01 00:00:00 UTC,273,1210,412431397,18.825972222222227
2014-05-01 00:00:00 UTC,273,1213,412431653,11.268055555555557
2014-05-01 00:00:00 UTC,273,1215,412431653,0.21472222222222223
2014-05-01 00:00:00 UTC,273,1214,412431653,4.1511111111111108
2014-05-01 00:00:00 UTC,273,1219,412417829,8.1279166666666658
2014-05-01 00:00:00 UTC,273,1215,412431654,0.5691666666666666
2014-05-01 00:00:00 UTC,273,1213,412431654,10.357083333333334
2014-05-01 00:00:00 UTC,273,1214,412431654,3.6490277777777771
2014-05-01 00:00:00 UTC,273,1214,412430119,4.9123611111111121
2014-05-01 00:00:00 UTC,273,1212,412430119,2.5551388888888891
2014-05-01 00:00:00 UTC,273,1213,412430119,1.3340277777777778
2014-05-01 00:00:00 UTC,273,1214,412430121,4.4793055555555554
2014-05-01 00:00:00 UTC,273,1212,412430121,2.3190277777777775
2014-05-01 00:00:00 UTC,273,1213,412430121,0.527638888888889
2014-05-01 00:00:00 UTC,273,1217,412431401,5.358888888888889
2014-05-01 00:00:00 UTC,273,1213,412431401,4.4169444444444448
2014-05-01 00:00:00 UTC,273,1210,412431147,19.844305555555547
2014-05-01 00:00:00 UTC,273,1210,412431403,19.38625
2014-05-01 00:00:00 UTC,273,1211,412433451,4.1951388888888888
2014-05-01 00:00:00 UTC,273,1210,412433451,3.0663888888888886
2014-05-01 00:00:00 UTC,273,1213,412896556,11.328055555555556
2014-05-01 00:00:00 UTC,273,1214,412896556,4.5468055555555562
2014-05-01 00:00:00 UTC,273,1212,412896556,0.61319444444444449
2014-05-01 00:00:00 UTC,273,1214,412430637,4.4513888888888884
2014-05-01 00:00:00 UTC,273,1211,412430637,3.2329166666666675
2014-05-01 00:00:00 UTC,273,1212,412430637,1.9288888888888889
2014-05-01 00:00:00 UTC,273,1213,412430637,0.54097222222222219
2014-05-01 00:00:00 UTC,273,1213,412430638,0.27097222222222223
2014-05-01 00:00:00 UTC,273,1211,412430638,2.8015277777777783
2014-05-01 00:00:00 UTC,273,1214,412430638,4.3538888888888891
2014-05-01 00:00:00 UTC,273,1212,412430638,1.8748611111111111
2014-05-01 00:00:00 UTC,273,1213,412431662,3.9280555555555563
2014-05-01 00:00:00 UTC,273,1214,412431662,3.4597222222222226
2014-05-01 00:00:00 UTC,273,1209,412431407,0.18805555555555553
2014-05-01 00:00:00 UTC,273,1210,412431407,10.427083333333334
2014-05-01 00:00:00 UTC,273,1213,412431663,10.24
2014-05-01 00:00:00 UTC,273,1214,412431663,2.6943055555555557
2014-05-01 00:00:00 UTC,273,1214,412431664,2.7873611111111116
2014-05-01 00:00:00 UTC,273,1215,412431664,8.117222222222221
2014-05-01 00:00:00 UTC,273,1213,412431664,1.9894444444444441
2014-05-01 00:00:00 UTC,273,1219,412437552,9.024861111111111
2014-05-01 00:00:00 UTC,273,1217,412437552,0.793611111111111
2014-05-01 00:00:00 UTC,273,1218,412437552,5.4212500000000006
2014-05-01 00:00:00 UTC,273,1211,412321072,1.5925000000000002
2014-05-01 00:00:00 UTC,273,1212,412321072,1.6376388888888891
2014-05-01 00:00:00 UTC,273,1213,412321072,0.23333333333333334
2014-05-01 00:00:00 UTC,273,1210,412431409,9.1858333333333313
2014-05-01 00:00:00 UTC,273,1213,412431665,2.1629166666666664
2014-05-01 00:00:00 UTC,273,1214,412431665,2.4708333333333337
2014-05-01 00:00:00 UTC,273,1215,412431665,7.6987499999999995
2014-05-01 00:00:00 UTC,273,1219,412416817,8.46625
2014-05-01 00:00:00 UTC,273,1218,412416817,14.726111111111113
2014-05-01 00:00:00 UTC,273,1213,412431666,1.7043055555555555
2014-05-01 00:00:00 UTC,273,1214,412431666,3.4061111111111115
2014-05-01 00:00:00 UTC,273,1213,412431411,12.319166666666669
2014-05-01 00:00:00 UTC,273,1214,412431411,4.99486111111111
2014-05-01 00:00:00 UTC,273,1214,412431667,3.0351388888888886
2014-05-01 00:00:00 UTC,273,1213,412431667,1.5804166666666666
2014-05-01 00:00:00 UTC,273,1213,412431412,11.851666666666667
2014-05-01 00:00:00 UTC,273,1214,412431412,4.8349999999999991
2014-05-01 00:00:00 UTC,273,1220,412418357,6.2427777777777775
2014-05-01 00:00:00 UTC,273,1221,412418357,2.8570833333333332
2014-05-01 00:00:00 UTC,273,1219,412418357,9.5979166666666664
2014-05-01 00:00:00 UTC,273,1210,412450101,0.95875
2014-05-01 00:00:00 UTC,273,1213,412431414,2.6134722222222222
2014-05-01 00:00:00 UTC,273,1211,412431414,5.57
2014-05-01 00:00:00 UTC,273,1212,412431414,2.6816666666666666
2014-05-01 00:00:00 UTC,273,1212,412430647,2.316527777777778
2014-05-01 00:00:00 UTC,273,1215,412430647,0.24708333333333332
2014-05-01 00:00:00 UTC,273,1214,412430647,5.2776388888888892
2014-05-01 00:00:00 UTC,273,1211,412430647,2.2654166666666669
2014-05-01 00:00:00 UTC,273,1213,412430647,1.0968055555555556
2014-05-01 00:00:00 UTC,273,1219,412417591,15.547638888888889
2014-05-01 00:00:00 UTC,273,1219,412416314,8.606527777777778
2014-05-01 00:00:00 UTC,273,1211,412431678,3.181111111111111
2014-05-01 00:00:00 UTC,273,1210,412441919,1.5497222222222224
2014-05-01 00:00:00 UTC,273,1211,412441919,12.952222222222222
2014-05-01 00:00:00 UTC,273,1219,412417601,16.928194444444443
2014-05-01 00:00:00 UTC,273,1220,412417857,0.70680555555555558
2014-05-01 00:00:00 UTC,273,1210,412430402,0.7416666666666667
2014-05-01 00:00:00 UTC,273,1213,412430402,1.4337499999999999
2014-05-01 00:00:00 UTC,273,1211,412430402,2.3858333333333333
2014-05-01 00:00:00 UTC,273,1214,412430402,5.7119444444444438
2014-05-01 00:00:00 UTC,273,1212,412430402,4.0862499999999988
2014-05-01 00:00:00 UTC,273,1217,412424515,2.1473611111111111
2014-05-01 00:00:00 UTC,273,1218,412424515,0.52444444444444438
2014-05-01 00:00:00 UTC,273,1210,412431686,22.553472222222229
2014-05-01 00:00:00 UTC,273,1219,412419655,4.5284722222222218
2014-05-01 00:00:00 UTC,273,1210,412430407,1.3166666666666667
2014-05-01 00:00:00 UTC,273,1211,412430407,0.76444444444444437
2014-05-01 00:00:00 UTC,273,1215,412430663,1.0784722222222223
2014-05-01 00:00:00 UTC,273,1213,412430663,0.94944444444444442
2014-05-01 00:00:00 UTC,273,1212,412430663,1.379861111111111
2014-05-01 00:00:00 UTC,273,1214,412430663,5.87388888888889
2014-05-01 00:00:00 UTC,273,1215,412430664,0.65472222222222221
2014-05-01 00:00:00 UTC,273,1212,412430664,1.2073611111111111
2014-05-01 00:00:00 UTC,273,1214,412430664,5.2315277777777762
2014-05-01 00:00:00 UTC,273,1213,412430664,0.81541666666666657
2014-05-01 00:00:00 UTC,273,1213,412414792,3.6943055555555553
2014-05-01 00:00:00 UTC,273,1215,412414792,0.53402777777777777
2014-05-01 00:00:00 UTC,273,1212,412414792,2.83
2014-05-01 00:00:00 UTC,273,1214,412414792,4.0343055555555551
2014-05-01 00:00:00 UTC,273,1211,412414792,0.52944444444444438
2014-05-01 00:00:00 UTC,273,1211,200007497,0.77486111111111111
2014-05-01 00:00:00 UTC,273,1210,200007497,1.45875
2014-05-01 00:00:00 UTC,273,1211,412414793,0.95291666666666652
2014-05-01 00:00:00 UTC,273,1215,412414793,0.80694444444444458
2014-05-01 00:00:00 UTC,273,1214,412414793,4.0370833333333334
2014-05-01 00:00:00 UTC,273,1213,412414793,3.9073611111111108
2014-05-01 00:00:00 UTC,273,1212,412414793,2.4284722222222221
2014-05-01 00:00:00 UTC,273,1211,412088139,9.3763888888888882
2014-05-01 00:00:00 UTC,273,1214,412450381,4.2820833333333335
2014-05-01 00:00:00 UTC,273,1212,412450381,1.2586111111111111
2014-05-01 00:00:00 UTC,273,1213,412450381,2.100138888888889
2014-05-01 00:00:00 UTC,273,1217,200005453,5.565555555555556
2014-05-01 00:00:00 UTC,273,1211,412430671,4.1502777777777782
2014-05-01 00:00:00 UTC,273,1210,412430671,0.811111111111111
2014-05-01 00:00:00 UTC,273,1210,412431183,18.714444444444446
2014-05-01 00:00:00 UTC,273,1210,412433748,6.0583333333333336
2014-05-01 00:00:00 UTC,273,1211,454648413,8.7263888888888932
2014-05-01 00:00:00 UTC,273,1212,412002399,1.0193055555555555
2014-05-01 00:00:00 UTC,273,1213,412002399,6.8111111111111118
2014-05-01 00:00:00 UTC,273,1215,412002399,0.42361111111111105
2014-05-01 00:00:00 UTC,273,1211,412002399,0.53430555555555559
2014-05-01 00:00:00 UTC,273,1214,412002399,0.98249999999999993
2014-05-01 00:00:00 UTC,273,1214,412430176,4.4431944444444449
2014-05-01 00:00:00 UTC,273,1213,412430176,3.1930555555555551
2014-05-01 00:00:00 UTC,273,1212,412430177,0.82333333333333325
2014-05-01 00:00:00 UTC,273,1214,412430177,4.4702777777777785
2014-05-01 00:00:00 UTC,273,1213,412430177,14.300555555555553
2014-05-01 00:00:00 UTC,273,1211,412432227,2.9113888888888892
2014-05-01 00:00:00 UTC,273,1210,412432227,1.5851388888888889
2014-05-01 00:00:00 UTC,273,1212,412430693,2.2577777777777781
2014-05-01 00:00:00 UTC,273,1213,412430693,1.7550000000000001
2014-05-01 00:00:00 UTC,273,1215,412430693,0.54680555555555554
2014-05-01 00:00:00 UTC,273,1214,412430693,4.4333333333333336
2014-05-01 00:00:00 UTC,273,1212,412433253,2.6605555555555549
2014-05-01 00:00:00 UTC,273,1213,412433253,13.862083333333331
2014-05-01 00:00:00 UTC,273,1213,412430694,1.8580555555555556
2014-05-01 00:00:00 UTC,273,1212,412430694,2.1344444444444446
2014-05-01 00:00:00 UTC,273,1214,412430694,4.433472222222222
2014-05-01 00:00:00 UTC,273,1214,412449894,4.7411111111111115
2014-05-01 00:00:00 UTC,273,1212,412449894,1.9756944444444446
2014-05-01 00:00:00 UTC,273,1211,412449894,5.5243055555555536
2014-05-01 00:00:00 UTC,273,1213,412449894,1.300138888888889
2014-05-01 00:00:00 UTC,273,1212,412430695,3.1944444444444438
2014-05-01 00:00:00 UTC,273,1211,412430695,4.6686111111111117
2014-05-01 00:00:00 UTC,273,1210,412430695,2.0190277777777776
2014-05-01 00:00:00 UTC,273,1213,412430695,2.6422222222222222
2014-05-01 00:00:00 UTC,273,1214,412430695,4.2969444444444438
2014-05-01 00:00:00 UTC,273,1214,412450151,4.1151388888888887
2014-05-01 00:00:00 UTC,273,1212,412450151,0.85416666666666674
2014-05-01 00:00:00 UTC,273,1219,412412775,3.5390277777777777
2014-05-01 00:00:00 UTC,273,1218,412412775,1.5201388888888889
2014-05-01 00:00:00 UTC,273,1213,412430696,2.1363888888888889
2014-05-01 00:00:00 UTC,273,1211,412430696,3.6302777777777773
2014-05-01 00:00:00 UTC,273,1212,412430696,3.6651388888888889
2014-05-01 00:00:00 UTC,273,1210,412430696,1.6730555555555557
2014-05-01 00:00:00 UTC,273,1214,412430696,4.7494444444444444
2014-05-01 00:00:00 UTC,273,1212,412430697,0.83263888888888893
2014-05-01 00:00:00 UTC,273,1213,412430697,14.473888888888892
2014-05-01 00:00:00 UTC,273,1214,412430697,4.4880555555555555
2014-05-01 00:00:00 UTC,273,1211,412433001,2.8169444444444443
2014-05-01 00:00:00 UTC,273,1212,412433001,1.2081944444444443
2014-05-01 00:00:00 UTC,273,1212,412414569,0.86555555555555552
2014-05-01 00:00:00 UTC,273,1213,412414569,1.8983333333333334
2014-05-01 00:00:00 UTC,273,1212,412430698,0.80305555555555552
2014-05-01 00:00:00 UTC,273,1213,412430698,15.161666666666667
2014-05-01 00:00:00 UTC,273,1214,412430698,4.6631944444444446
2014-05-01 00:00:00 UTC,273,1213,412441963,1.8041666666666665
2014-05-01 00:00:00 UTC,273,1211,412441963,1.6191666666666669
2014-05-01 00:00:00 UTC,273,1219,412419436,14.189166666666667
2014-05-01 00:00:00 UTC,273,1220,412416108,16.935000000000002
2014-05-01 00:00:00 UTC,273,1219,412416108,5.4270833333333339
2014-05-01 00:00:00 UTC,273,1212,412433005,0.19291666666666668
2014-05-01 00:00:00 UTC,273,1210,412430704,1.81875
2014-05-01 00:00:00 UTC,273,1214,412430704,4.9163888888888891
2014-05-01 00:00:00 UTC,273,1212,412430704,2.5081944444444444
2014-05-01 00:00:00 UTC,273,1213,412430704,0.4538888888888889
2014-05-01 00:00:00 UTC,273,1211,412430704,5.1119444444444433
2014-05-01 00:00:00 UTC,273,1211,412430705,5.1144444444444446
2014-05-01 00:00:00 UTC,273,1212,412430705,2.3313888888888887
2014-05-01 00:00:00 UTC,273,1214,412430705,5.1850000000000005
2014-05-01 00:00:00 UTC,273,1210,412430705,1.6180555555555556
2014-05-01 00:00:00 UTC,273,1213,412430705,0.44527777777777777
2014-05-01 00:00:00 UTC,273,1210,412431473,19.925
2014-05-01 00:00:00 UTC,273,1213,412388977,2.0622222222222222
2014-05-01 00:00:00 UTC,273,1210,412431475,22.159583333333323
2014-05-01 00:00:00 UTC,273,1212,412432246,7.8658333333333346
2014-05-01 00:00:00 UTC,273,1214,412442999,8.2709722222222215
2014-05-01 00:00:00 UTC,273,1212,200006007,1.9797222222222222
2014-05-01 00:00:00 UTC,273,1211,200006007,1.4952777777777779
2014-05-01 00:00:00 UTC,273,1210,412431226,16.266250000000003
2014-05-01 00:00:00 UTC,273,1219,412416634,13.700694444444444
2014-05-01 00:00:00 UTC,273,1211,412430203,0.89916666666666656
2014-05-01 00:00:00 UTC,273,1211,412430204,0.874861111111111
2014-05-01 00:00:00 UTC,273,1210,412431484,23.271111111111104
2014-05-01 00:00:00 UTC,273,1215,412418941,0.55847222222222226
2014-05-01 00:00:00 UTC,273,1214,412418941,1.8319444444444444
2014-05-01 00:00:00 UTC,273,1216,412415357,28.90013888888889
2014-05-01 00:00:00 UTC,273,1214,412418942,2.1126388888888887
2014-05-01 00:00:00 UTC,273,1215,412418942,0.49527777777777776
2014-05-01 00:00:00 UTC,273,1212,200006014,2.0744444444444445
2014-05-01 00:00:00 UTC,273,1211,200006014,1.050138888888889
2014-05-01 00:00:00 UTC,273,1211,412430721,0.84513888888888888
2014-05-01 00:00:00 UTC,273,1212,412430721,2.1
2014-05-01 00:00:00 UTC,273,1210,412431489,18.183611111111109
2014-05-01 00:00:00 UTC,273,1212,412430212,1.5865277777777778
2014-05-01 00:00:00 UTC,273,1213,412430212,2.2381944444444444
2014-05-01 00:00:00 UTC,273,1211,412430212,8.1416666666666657
2014-05-01 00:00:00 UTC,273,1214,412430212,4.1055555555555561
2014-05-01 00:00:00 UTC,273,1212,412430213,0.99291666666666667
2014-05-01 00:00:00 UTC,273,1214,412430213,3.4233333333333333
2014-05-01 00:00:00 UTC,273,1211,412430213,7.5505555555555564
2014-05-01 00:00:00 UTC,273,1213,412430213,1.9998611111111113
2014-05-01 00:00:00 UTC,273,1212,412432006,3.8556944444444436
2014-05-01 00:00:00 UTC,273,1210,412432006,1.0256944444444445
2014-05-01 00:00:00 UTC,273,1213,412432006,0.50972222222222219
2014-05-01 00:00:00 UTC,273,1211,412432006,0.26055555555555554
2014-05-01 00:00:00 UTC,273,1214,412432006,0.20625
2014-05-01 00:00:00 UTC,273,1211,412430727,0.23083333333333333
2014-05-01 00:00:00 UTC,273,1212,412430727,2.3755555555555552
2014-05-01 00:00:00 UTC,273,1214,412430218,4.5665277777777789
2014-05-01 00:00:00 UTC,273,1212,412430218,2.7011111111111115
2014-05-01 00:00:00 UTC,273,1211,412430218,7.69875
2014-05-01 00:00:00 UTC,273,1213,412430218,2.0904166666666666
2014-05-01 00:00:00 UTC,273,1213,412430219,2.6554166666666665
2014-05-01 00:00:00 UTC,273,1214,412430219,4.5883333333333338
2014-05-01 00:00:00 UTC,273,1211,412430219,7.7266666666666675
2014-05-01 00:00:00 UTC,273,1212,412430219,2.3893055555555551
2014-05-01 00:00:00 UTC,273,1212,412889997,1.733611111111111
2014-05-01 00:00:00 UTC,273,1211,412889997,0.8618055555555556
2014-05-01 00:00:00 UTC,273,1213,412889997,7.1409722222222225
2014-05-01 00:00:00 UTC,273,1213,412411792,1.5684722222222223
2014-05-01 00:00:00 UTC,273,1211,413445521,2.3008333333333333
2014-05-01 00:00:00 UTC,273,1210,413445521,1.3154166666666667
2014-05-01 00:00:00 UTC,273,1210,412431506,19.167777777777783
2014-05-01 00:00:00 UTC,273,1213,412431762,8.84625
2014-05-01 00:00:00 UTC,273,1212,412431762,3.1143055555555548
2014-05-01 00:00:00 UTC,273,1214,412431762,2.6527777777777781
2014-05-01 00:00:00 UTC,273,1212,412326034,1.612638888888889
2014-05-01 00:00:00 UTC,273,1213,412326034,1.1288888888888888
2014-05-01 00:00:00 UTC,273,1211,412326034,2.4273611111111113
2014-05-01 00:00:00 UTC,273,1213,412431763,8.9904166666666665
2014-05-01 00:00:00 UTC,273,1212,412431763,2.8136111111111113
2014-05-01 00:00:00 UTC,273,1214,412431763,2.75
2014-05-01 00:00:00 UTC,273,1211,200006292,0.77541666666666664
2014-05-01 00:00:00 UTC,273,1213,413655700,1.4823611111111112
2014-05-01 00:00:00 UTC,273,1211,200004758,0.25888888888888889
2014-05-01 00:00:00 UTC,273,1210,412431513,6.2513888888888882
2014-05-01 00:00:00 UTC,273,1211,412433049,0.28291666666666665
2014-05-01 00:00:00 UTC,273,1214,412411801,1.8434722222222222
2014-05-01 00:00:00 UTC,273,1213,412411801,0.55541666666666667
2014-05-01 00:00:00 UTC,273,1210,412431259,19.137361111111115
2014-05-01 00:00:00 UTC,273,1210,412431515,19.249027777777783
2014-05-01 00:00:00 UTC,273,1212,412430493,3.3313888888888892
2014-05-01 00:00:00 UTC,273,1210,412431005,24.048194444444444
2014-05-01 00:00:00 UTC,273,1210,412431261,17.959444444444443
2014-05-01 00:00:00 UTC,273,1211,412431517,0.2573611111111111
2014-05-01 00:00:00 UTC,273,1210,412431517,23.615416666666658
2014-05-01 00:00:00 UTC,273,1217,412431262,5.0270833333333327
2014-05-01 00:00:00 UTC,273,1210,412431518,23.288888888888888
2014-05-01 00:00:00 UTC,273,1217,412431263,4.8447222222222219
2014-05-01 00:00:00 UTC,273,1212,412442015,1.4995833333333335
2014-05-01 00:00:00 UTC,273,1214,412442015,0.5988888888888888
2014-05-01 00:00:00 UTC,273,1213,412442015,1.9084722222222223
2014-05-01 00:00:00 UTC,273,1211,412442015,1.0554166666666664
2014-05-01 00:00:00 UTC,273,1210,412432288,4.7390277777777774
2014-05-01 00:00:00 UTC,273,1211,412432288,2.596805555555556
2014-05-01 00:00:00 UTC,273,1213,412450464,9.5268055555555566
2014-05-01 00:00:00 UTC,273,1210,412431521,23.860138888888876
2014-05-01 00:00:00 UTC,273,1211,412432289,2.2345833333333336
2014-05-01 00:00:00 UTC,273,1210,412432289,4.4911111111111115
2014-05-01 00:00:00 UTC,273,1213,412396961,2.8641666666666663
2014-05-01 00:00:00 UTC,273,1210,412431522,18.486250000000005
2014-05-01 00:00:00 UTC,273,1211,412431011,0.21305555555555555
2014-05-01 00:00:00 UTC,273,1210,412431011,22.804027777777776
2014-05-01 00:00:00 UTC,273,1210,412431523,23.498333333333335
2014-05-01 00:00:00 UTC,273,1213,412431268,3.2093055555555559
2014-05-01 00:00:00 UTC,273,1212,412431268,0.8472222222222221
2014-05-01 00:00:00 UTC,273,1214,412431268,4.6775
2014-05-01 00:00:00 UTC,273,1212,412320164,0.9540277777777777
2014-05-01 00:00:00 UTC,273,1210,412320164,2.8140277777777776
2014-05-01 00:00:00 UTC,273,1211,412320164,12.272361111111111
2014-05-01 00:00:00 UTC,273,1214,412431269,4.5702777777777781
2014-05-01 00:00:00 UTC,273,1212,412431269,0.26194444444444442
2014-05-01 00:00:00 UTC,273,1213,412431269,3.3161111111111112
2014-05-01 00:00:00 UTC,273,1210,412320165,1.5743055555555556
2014-05-01 00:00:00 UTC,273,1211,412320165,12.851111111111111
2014-05-01 00:00:00 UTC,273,1212,412320165,1.2306944444444445
2014-05-01 00:00:00 UTC,273,1215,412412076,0.71777777777777785
2014-05-01 00:00:00 UTC,273,1210,412412076,1.3625
2014-05-01 00:00:00 UTC,273,1213,412412076,0.79402777777777778
2014-05-01 00:00:00 UTC,273,1212,412412076,4.20625
2014-05-01 00:00:00 UTC,273,1214,412412076,4.1229166666666668
2014-05-01 00:00:00 UTC,273,1211,412412076,4.66375
2014-05-01 00:00:00 UTC,273,1218,412412332,4.0888888888888886
2014-05-01 00:00:00 UTC,273,1219,412412332,8.6184722222222216
2014-05-01 00:00:00 UTC,273,1217,412412332,6.1355555555555563
2014-05-01 00:00:00 UTC,273,1220,412418989,3.2636111111111106
2014-05-01 00:00:00 UTC,273,1213,412450221,5.0670833333333318
2014-05-01 00:00:00 UTC,273,1213,412412077,1.0429166666666667
2014-05-01 00:00:00 UTC,273,1210,412412077,1.0891666666666668
2014-05-01 00:00:00 UTC,273,1212,412412077,4.4538888888888888
2014-05-01 00:00:00 UTC,273,1214,412412077,3.7669444444444444
2014-05-01 00:00:00 UTC,273,1211,412412077,5.3601388888888888
2014-05-01 00:00:00 UTC,273,1215,412412077,0.8106944444444445
2014-05-01 00:00:00 UTC,273,1213,412450222,11.230972222222221
2014-05-01 00:00:00 UTC,273,1214,412450222,4.8533333333333326
2014-05-01 00:00:00 UTC,273,1211,412450224,5.2931944444444454
2014-05-01 00:00:00 UTC,273,1212,412450224,2.1711111111111112
2014-05-01 00:00:00 UTC,273,1211,412852915,1.7672222222222225
2014-05-01 00:00:00 UTC,273,1212,412852915,1.4513888888888891
2014-05-01 00:00:00 UTC,273,1211,667788211,1.7708333333333335
2014-05-01 00:00:00 UTC,273,1213,412325556,2.6111111111111116
2014-05-01 00:00:00 UTC,273,1211,412325556,0.44611111111111112
2014-05-01 00:00:00 UTC,273,1211,667788212,5.87763888888889
2014-05-01 00:00:00 UTC,273,1212,412450232,0.31597222222222221
2014-05-01 00:00:00 UTC,273,1213,412450232,11.269861111111114
2014-05-01 00:00:00 UTC,273,1214,412450232,4.480138888888888
2014-05-01 00:00:00 UTC,273,1211,265155513,12.879861111111111
2014-05-01 00:00:00 UTC,273,1210,412431291,23.480833333333344
2014-05-01 00:00:00 UTC,273,1210,412433596,2.5197222222222222
2014-05-01 00:00:00 UTC,273,1212,412433596,0.83263888888888893
2014-05-01 00:00:00 UTC,273,1211,412433596,2.3729166666666672
2014-05-01 00:00:00 UTC,273,1217,412431295,6.834027777777778
2014-05-01 00:00:00 UTC,273,1213,412431295,6.7280555555555548
2014-05-01 00:00:00 UTC,273,1217,412431296,7.6568055555555565
2014-05-01 00:00:00 UTC,273,1213,412431296,6.51125
2014-05-01 00:00:00 UTC,273,1210,412432321,5.2005555555555549
2014-05-01 00:00:00 UTC,273,1211,412432321,4.4809722222222224
2014-05-01 00:00:00 UTC,273,1210,412432322,5.4031944444444449
2014-05-01 00:00:00 UTC,273,1211,412432322,5.1252777777777778
2014-05-01 00:00:00 UTC,273,1210,412431043,19.258055555555561
2014-05-01 00:00:00 UTC,273,1210,412433347,5.4690277777777778
2014-05-01 00:00:00 UTC,273,1211,412433347,6.7390277777777783
2014-05-01 00:00:00 UTC,273,1209,222144452,1.552777777777778
2014-05-01 00:00:00 UTC,273,1219,412417732,4.3175
2014-05-01 00:00:00 UTC,273,1212,412433351,4.490555555555555
2014-05-01 00:00:00 UTC,273,1210,412433351,2.5515277777777774
2014-05-01 00:00:00 UTC,273,1211,412433351,1.7534722222222223
2014-05-01 00:00:00 UTC,273,1212,412433352,4.64486111111111
2014-05-01 00:00:00 UTC,273,1210,412433352,2.4958333333333336
2014-05-01 00:00:00 UTC,273,1211,412433352,1.7875000000000003
2014-05-01 00:00:00 UTC,273,1212,412430029,1.6473611111111111
2014-05-01 00:00:00 UTC,273,1214,412430029,4.1409722222222216
2014-05-01 00:00:00 UTC,273,1213,412430029,1.8001388888888887
2014-05-01 00:00:00 UTC,273,1213,412450511,0.54166666666666674
2014-05-01 00:00:00 UTC,273,1214,412450511,5.3134722222222228
2014-05-01 00:00:00 UTC,273,1211,412449489,0.27916666666666667
2014-05-01 00:00:00 UTC,273,1213,412060625,7.8677777777777784
2014-05-01 00:00:00 UTC,273,1212,412060625,0.76277777777777767
2014-05-01 00:00:00 UTC,273,1214,412060625,4.9269444444444446
2014-05-01 00:00:00 UTC,273,1214,412060626,5.0209722222222215
2014-05-01 00:00:00 UTC,273,1213,412060626,7.51375
2014-05-01 00:00:00 UTC,273,1212,412060626,0.7056944444444444
2014-05-01 00:00:00 UTC,273,1213,412430547,0.45013888888888887
2014-05-01 00:00:00 UTC,273,1214,412430547,4.4820833333333336
2014-05-01 00:00:00 UTC,273,1212,412430547,1.85
2014-05-01 00:00:00 UTC,273,1215,412430547,0.22763888888888889
2014-05-01 00:00:00 UTC,273,1210,412433107,5.0791666666666666
2014-05-01 00:00:00 UTC,273,1211,412433107,2.1659722222222224
2014-05-01 00:00:00 UTC,273,1212,412430548,1.69
2014-05-01 00:00:00 UTC,273,1214,412430548,2.9556944444444446
2014-05-01 00:00:00 UTC,273,1213,412430548,0.15277777777777776
2014-05-01 00:00:00 UTC,273,1211,412433108,2.6084722222222223
2014-05-01 00:00:00 UTC,273,1210,412433108,5.2663888888888879
2014-05-01 00:00:00 UTC,273,1213,412431317,4.2265277777777772
2014-05-01 00:00:00 UTC,273,1214,412431317,4.1759722222222218
2014-05-01 00:00:00 UTC,273,1212,412430039,2.2418055555555556
2014-05-01 00:00:00 UTC,273,1211,412430039,0.30708333333333332
2014-05-01 00:00:00 UTC,273,1211,412432343,3.649166666666666
2014-05-01 00:00:00 UTC,273,1213,412402392,5.4993055555555559
2014-05-01 00:00:00 UTC,273,1212,412432602,1.5205555555555557
2014-05-01 00:00:00 UTC,273,1210,412432602,3.78125
2014-05-01 00:00:00 UTC,273,1211,412432602,5.5620833333333328
2014-05-01 00:00:00 UTC,273,1218,412417755,12.809027777777779
2014-05-01 00:00:00 UTC,273,1219,412417755,3.1997222222222224
2014-05-01 00:00:00 UTC,273,1220,412417755,3.8415277777777779
2014-05-01 00:00:00 UTC,273,1218,412412637,11.117083333333333
2014-05-01 00:00:00 UTC,273,1211,412433118,2.9336111111111114
2014-05-01 00:00:00 UTC,273,1212,412433118,1.9291666666666665
2014-05-01 00:00:00 UTC,273,1214,412419296,1.153888888888889
2014-05-01 00:00:00 UTC,273,1210,412433376,1.8362500000000002
2014-05-01 00:00:00 UTC,273,1212,412433376,1.7979166666666666
2014-05-01 00:00:00 UTC,273,1211,412433376,2.4363888888888887
2014-05-01 00:00:00 UTC,273,1219,412419553,3.8912500000000003
2014-05-01 00:00:00 UTC,273,1218,412419553,0.39499999999999996
2014-05-01 00:00:00 UTC,273,1211,412433377,3.8723611111111107
2014-05-01 00:00:00 UTC,273,1210,412433377,4.4613888888888882
2014-05-01 00:00:00 UTC,273,1212,412433377,2.0341666666666667
2014-05-01 00:00:00 UTC,273,1211,412433378,2.8655555555555559
2014-05-01 00:00:00 UTC,273,1211,412433379,2.9859722222222222
2014-05-01 00:00:00 UTC,273,1214,412430564,5.0376388888888881
2014-05-01 00:00:00 UTC,273,1211,412430564,3.7225
2014-05-01 00:00:00 UTC,273,1212,412430564,3.1170833333333325
2014-05-01 00:00:00 UTC,273,1213,412430564,0.49
2014-05-01 00:00:00 UTC,273,1213,412431332,2.3959722222222224
2014-05-01 00:00:00 UTC,273,1214,412431332,3.5893055555555562
2014-05-01 00:00:00 UTC,273,1212,412852196,1.7509722222222224
2014-05-01 00:00:00 UTC,273,1211,412852196,1.5333333333333332
2014-05-01 00:00:00 UTC,273,1211,412430565,3.6027777777777779
2014-05-01 00:00:00 UTC,273,1212,412430565,2.1225
2014-05-01 00:00:00 UTC,273,1213,412430565,0.10097222222222223
2014-05-01 00:00:00 UTC,273,1214,412430565,4.5072222222222225
2014-05-01 00:00:00 UTC,273,1214,412431333,3.8705555555555553
2014-05-01 00:00:00 UTC,273,1213,412431333,2.1591666666666667
2014-05-01 00:00:00 UTC,273,1211,412432359,4.3923611111111116
2014-05-01 00:00:00 UTC,273,1210,412432359,4.7668055555555551
2014-05-01 00:00:00 UTC,273,1211,412433385,0.53402777777777777
2014-05-01 00:00:00 UTC,273,1212,412433385,2.0045833333333336
2014-05-01 00:00:00 UTC,273,1212,412433386,2.0380555555555557
2014-05-01 00:00:00 UTC,273,1211,412433386,0.24361111111111111
2014-05-01 00:00:00 UTC,273,1213,412430573,1.665
2014-05-01 00:00:00 UTC,273,1212,412430573,1.7025
2014-05-01 00:00:00 UTC,273,1214,412430573,4.8594444444444438
2014-05-01 00:00:00 UTC,273,1212,412432365,3.9454166666666675
2014-05-01 00:00:00 UTC,273,1210,412432365,2.1541666666666668
2014-05-01 00:00:00 UTC,273,1211,412432365,3.7587499999999996
2014-05-01 00:00:00 UTC,273,1212,412432366,3.7744444444444443
2014-05-01 00:00:00 UTC,273,1211,412432366,3.7077777777777783
2014-05-01 00:00:00 UTC,273,1210,412432366,1.8198611111111112
2014-05-01 00:00:00 UTC,273,1213,412431344,7.3098611111111111
2014-05-01 00:00:00 UTC,273,1217,412431344,10.736805555555556
2014-05-01 00:00:00 UTC,273,1218,412431344,2.1487499999999997
2014-05-01 00:00:00 UTC,273,1217,412431345,6.2959722222222219
2014-05-01 00:00:00 UTC,273,1213,412431345,6.8754166666666654
2014-05-01 00:00:00 UTC,273,1218,412431345,1.6352777777777778
2014-05-01 00:00:00 UTC,273,1212,412432113,8.360000000000003
2014-05-01 00:00:00 UTC,273,1211,412432369,2.9579166666666667
2014-05-01 00:00:00 UTC,273,1210,412432369,1.1236111111111111
2014-05-01 00:00:00 UTC,273,1211,412433393,3.3276388888888881
2014-05-01 00:00:00 UTC,273,1211,444411122,5.5004166666666672
2014-05-01 00:00:00 UTC,273,1210,444411122,7.610833333333332
2014-05-01 00:00:00 UTC,273,1213,412432882,10.19333333333333
2014-05-01 00:00:00 UTC,273,1211,412433397,2.6436111111111114
2014-05-01 00:00:00 UTC,273,1210,412433397,3.0143055555555556
2014-05-01 00:00:00 UTC,273,1210,412433398,2.7388888888888894
2014-05-01 00:00:00 UTC,273,1211,412433398,2.703333333333334
2014-05-01 00:00:00 UTC,273,1214,412430327,4.2491666666666665
2014-05-01 00:00:00 UTC,273,1210,412431351,3.0522222222222219
2014-05-01 00:00:00 UTC,273,1211,412431351,5.4065277777777769
2014-05-01 00:00:00 UTC,273,1219,412419064,0.42847222222222225
2014-05-01 00:00:00 UTC,273,1220,412419064,7.04375
2014-05-01 00:00:00 UTC,273,1214,412430328,1.3094444444444444
2014-05-01 00:00:00 UTC,273,1211,412431352,5.0804166666666672
2014-05-01 00:00:00 UTC,273,1210,412431352,3.3638888888888885
2014-05-01 00:00:00 UTC,273,1211,412432377,5.0509722222222226
2014-05-01 00:00:00 UTC,273,1210,412432377,2.3619444444444442
2014-05-01 00:00:00 UTC,273,1212,412412411,2.3279166666666664
2014-05-01 00:00:00 UTC,273,1213,412412411,1.5577777777777777
2014-05-01 00:00:00 UTC,273,1214,412412411,4.38125
2014-05-01 00:00:00 UTC,529,-1706,338250000,0.30597222222222226
2014-05-01 00:00:00 UTC,529,46,244042000,3.7119444444444443
2014-05-01 00:00:00 UTC,529,47,244042000,1.53625
2014-05-01 00:00:00 UTC,529,45,244095000,0.87583333333333335
2014-05-01 00:00:00 UTC,529,46,244095000,6.8766666666666669
2014-05-01 00:00:00 UTC,529,46,244052000,3.7726388888888893
2014-05-01 00:00:00 UTC,529,-1706,368382000,5.6049999999999995
2014-05-01 00:00:00 UTC,529,45,246206000,0.33805555555555555
2014-05-01 00:00:00 UTC,529,46,246206000,4.6865277777777781
2014-05-01 00:00:00 UTC,529,-1706,338568000,0.79708333333333348
2014-05-01 00:00:00 UTC,529,25,235003730,9.4440277777777766
2014-05-01 00:00:00 UTC,529,50,244810070,2.3594444444444447
2014-05-01 00:00:00 UTC,529,51,244810070,1.7283333333333333
2014-05-01 00:00:00 UTC,529,45,245703000,9.1893055555555563
2014-05-01 00:00:00 UTC,529,46,245703000,5.1833333333333336
2014-05-01 00:00:00 UTC,529,46,244049000,5.831666666666667
2014-05-01 00:00:00 UTC,529,45,244049000,6.7623611111111117
2014-05-01 00:00:00 UTC,529,46,244646000,1.5027777777777778
2014-05-01 00:00:00 UTC,529,45,244646000,1.9555555555555553
2014-05-01 00:00:00 UTC,529,45,245456000,0.25805555555555559
2014-05-01 00:00:00 UTC,529,46,245456000,0.2351388888888889
2014-05-01 00:00:00 UTC,529,45,245445000,3.6950000000000003
2014-05-01 00:00:00 UTC,529,46,245445000,1.1791666666666667
2014-05-01 00:00:00 UTC,529,45,244090000,2.2098611111111111
2014-05-01 00:00:00 UTC,529,46,244090000,5.7037499999999994
2014-05-01 00:00:00 UTC,529,50,246202000,2.9811111111111113
2014-05-01 00:00:00 UTC,529,46,245647000,2.7876388888888894
2014-05-01 00:00:00 UTC,529,-127,224133790,12.2825
2014-05-01 00:00:00 UTC,529,50,244010915,1.4845833333333336
2014-05-01 00:00:00 UTC,529,42,246233000,0.45972222222222225
2014-05-01 00:00:00 UTC,529,43,246233000,0.24152777777777779
2014-05-01 00:00:00 UTC,529,38,246222000,0.5083333333333333
2014-05-01 00:00:00 UTC,529,45,245731000,1.9384722222222219
2014-05-01 00:00:00 UTC,529,46,245731000,13.52361111111111
2014-05-01 00:00:00 UTC,529,46,244877000,0.25152777777777779
2014-05-01 00:00:00 UTC,529,45,244877000,3.8997222222222225
2014-05-01 00:00:00 UTC,529,46,244684000,2.7041666666666666
2014-05-01 00:00:00 UTC,529,45,244684000,9.44638888888889
2014-05-01 00:00:00 UTC,529,48,246145000,10.138055555555553
2014-05-01 00:00:00 UTC,529,49,246145000,3.6741666666666664
2014-05-01 00:00:00 UTC,-495,-655,701006147,1.5019444444444443
2014-05-01 00:00:00 UTC,-495,-656,701006147,8.6241666666666656
2014-05-01 00:00:00 UTC,-495,-673,701000791,1.5370833333333334
2014-05-01 00:00:00 UTC,-495,-546,740369000,5.362222222222222
2014-05-01 00:00:00 UTC,-495,-659,701000628,0.73347222222222219
2014-05-01 00:00:00 UTC,-495,-657,701000628,0.68499999999999994
2014-05-01 00:00:00 UTC,-495,-656,701000628,0.8997222222222222
2014-05-01 00:00:00 UTC,-495,-654,701000628,0.82402777777777769
2014-05-01 00:00:00 UTC,-495,-653,701000628,0.72180555555555548
2014-05-01 00:00:00 UTC,-495,-672,701006042,3.0438888888888891
2014-05-01 00:00:00 UTC,-495,-674,701006044,5.6329166666666666
2014-05-01 00:00:00 UTC,-495,-672,701006044,4.525555555555556
2014-05-01 00:00:00 UTC,-495,-602,416201700,14.935833333333331
2014-05-01 00:00:00 UTC,-239,-441,907643443,1.2719444444444445
2014-05-01 00:00:00 UTC,-239,1543,503335600,12.438055555555556
2014-05-01 00:00:00 UTC,-239,-441,911000002,1.7715277777777778
2014-05-01 00:00:00 UTC,-239,-442,911000002,0.34013888888888888
2014-05-01 00:00:00 UTC,-239,98,263415290,2.0906944444444444
2014-05-01 00:00:00 UTC,18,1785,440858000,1.814861111111111
2014-05-01 00:00:00 UTC,18,1784,440858000,1.5691666666666668
2014-05-01 00:00:00 UTC,18,1762,440590000,1.855
2014-05-01 00:00:00 UTC,18,1767,440590000,2.7463888888888892
2014-05-01 00:00:00 UTC,18,1766,440590000,0.68888888888888888
2014-05-01 00:00:00 UTC,18,1764,440590000,2.1219444444444444
2014-05-01 00:00:00 UTC,18,1765,440590000,1.6666666666666665
2014-05-01 00:00:00 UTC,18,1760,440590000,2.7919444444444443
2014-05-01 00:00:00 UTC,18,1761,440590000,4.689166666666666
2014-05-01 00:00:00 UTC,18,1795,416003803,3.6444444444444448
2014-05-01 00:00:00 UTC,274,1214,412411651,0.55583333333333329
2014-05-01 00:00:00 UTC,274,1214,412433414,20.38
2014-05-01 00:00:00 UTC,274,1211,700000263,7.8281944444444456
2014-05-01 00:00:00 UTC,274,1213,412450062,1.6027777777777779
2014-05-01 00:00:00 UTC,274,1212,412432144,12.338055555555556
2014-05-01 00:00:00 UTC,274,1212,412433937,3.0247222222222221
2014-05-01 00:00:00 UTC,274,1214,412431378,0.47041666666666665
2014-05-01 00:00:00 UTC,274,1214,412431379,0.47013888888888883
2014-05-01 00:00:00 UTC,274,1213,412431381,0.29402777777777778
2014-05-01 00:00:00 UTC,274,1212,412431381,1.99125
2014-05-01 00:00:00 UTC,274,1213,412414745,1.3140277777777778
2014-05-01 00:00:00 UTC,274,1213,412434202,0.82500000000000007
2014-05-01 00:00:00 UTC,274,1213,412434203,3.1631944444444442
2014-05-01 00:00:00 UTC,274,1215,413757979,3.8697222222222223
2014-05-01 00:00:00 UTC,274,1215,412417563,1.4187500000000002
2014-05-01 00:00:00 UTC,274,1212,412431396,1.5995833333333334
2014-05-01 00:00:00 UTC,274,1212,412431397,2.2756944444444445
2014-05-01 00:00:00 UTC,274,1214,412431654,0.23222222222222222
2014-05-01 00:00:00 UTC,274,1213,412430119,0.97083333333333344
2014-05-01 00:00:00 UTC,274,1216,412419113,0.29180555555555554
2014-05-01 00:00:00 UTC,274,1213,412431401,0.22222222222222221
2014-05-01 00:00:00 UTC,274,1217,412431401,2.4068055555555556
2014-05-01 00:00:00 UTC,274,1212,412431147,1.6291666666666669
2014-05-01 00:00:00 UTC,274,1212,412431403,2.3741666666666665
2014-05-01 00:00:00 UTC,274,1209,410025515,20.825138888888887
2014-05-01 00:00:00 UTC,274,1214,412430637,0.27027777777777773
2014-05-01 00:00:00 UTC,274,1214,412430638,0.225
2014-05-01 00:00:00 UTC,274,1214,412431664,0.26583333333333331
2014-05-01 00:00:00 UTC,274,1217,412437552,5.3788888888888886
2014-05-01 00:00:00 UTC,274,1218,412437552,1.4494444444444445
2014-05-01 00:00:00 UTC,274,1214,412431665,0.27013888888888893
2014-05-01 00:00:00 UTC,274,1214,412431411,0.74583333333333335
2014-05-01 00:00:00 UTC,274,1214,412431412,0.71416666666666662
2014-05-01 00:00:00 UTC,274,1219,412418357,1.6573611111111111
2014-05-01 00:00:00 UTC,274,1220,412418357,1.1469444444444445
2014-05-01 00:00:00 UTC,274,1211,412433728,4.7523611111111119
2014-05-01 00:00:00 UTC,274,1219,412417601,14.960972222222223
2014-05-01 00:00:00 UTC,274,1217,412424515,1.3118055555555557
2014-05-01 00:00:00 UTC,274,1207,413158475,4.0509722222222226
2014-05-01 00:00:00 UTC,274,1211,412088139,11.943194444444448
2014-05-01 00:00:00 UTC,274,1212,412431183,1.5308333333333333
2014-05-01 00:00:00 UTC,274,1211,412431183,0.26722222222222225
2014-05-01 00:00:00 UTC,274,1220,412417368,7.3238888888888889
2014-05-01 00:00:00 UTC,274,1219,412417368,6.9973611111111111
2014-05-01 00:00:00 UTC,274,1214,412433241,8.043333333333333
2014-05-01 00:00:00 UTC,274,1214,412002399,2.1848611111111107
2014-05-01 00:00:00 UTC,274,1213,412430693,0.71444444444444444
2014-05-01 00:00:00 UTC,274,1213,412430694,0.50416666666666665
2014-05-01 00:00:00 UTC,274,1214,412430695,0.25416666666666665
2014-05-01 00:00:00 UTC,274,1214,412430696,0.30486111111111114
2014-05-01 00:00:00 UTC,274,1212,412433002,9.6870833333333373
2014-05-01 00:00:00 UTC,274,1212,412433005,2.559166666666667
2014-05-01 00:00:00 UTC,274,1212,412431473,2.1258333333333335
2014-05-01 00:00:00 UTC,274,1214,412442999,0.53111111111111109
2014-05-01 00:00:00 UTC,274,1212,412431226,2.6916666666666664
2014-05-01 00:00:00 UTC,274,1219,412416634,4.519166666666667
2014-05-01 00:00:00 UTC,274,1208,410101116,4.4234722222222222
2014-05-01 00:00:00 UTC,274,1209,412435839,22.527500000000011
2014-05-01 00:00:00 UTC,274,1212,412431489,1.762361111111111
2014-05-01 00:00:00 UTC,274,1213,412431489,0.18472222222222223
2014-05-01 00:00:00 UTC,274,1214,412430212,1.0052777777777777
2014-05-01 00:00:00 UTC,274,1214,412430213,1.1956944444444444
2014-05-01 00:00:00 UTC,274,1213,412433029,0.29666666666666663
2014-05-01 00:00:00 UTC,274,1211,412433801,2.889444444444444
2014-05-01 00:00:00 UTC,274,1214,412430218,0.37763888888888886
2014-05-01 00:00:00 UTC,274,1214,412430219,0.25194444444444442
2014-05-01 00:00:00 UTC,274,1212,412431506,2.3909722222222225
2014-05-01 00:00:00 UTC,274,1214,412431762,0.28930555555555559
2014-05-01 00:00:00 UTC,274,1214,412431763,0.28083333333333332
2014-05-01 00:00:00 UTC,274,1212,412431513,2.3484722222222221
2014-05-01 00:00:00 UTC,274,1214,412411801,0.27347222222222223
2014-05-01 00:00:00 UTC,274,1212,412431259,1.4334722222222218
2014-05-01 00:00:00 UTC,274,1212,412431515,2.3513888888888892
2014-05-01 00:00:00 UTC,274,1208,412449948,2.32125
2014-05-01 00:00:00 UTC,274,1208,548126364,2.058472222222222
2014-05-01 00:00:00 UTC,274,1212,412431261,1.1487500000000002
2014-05-01 00:00:00 UTC,274,1217,412431262,1.4649999999999999
2014-05-01 00:00:00 UTC,274,1217,412431263,1.5083333333333331
2014-05-01 00:00:00 UTC,274,1212,412431522,2.533611111111111
2014-05-01 00:00:00 UTC,274,1214,412412076,0.48277777777777775
2014-05-01 00:00:00 UTC,274,1218,412412332,10.204027777777778
2014-05-01 00:00:00 UTC,274,1214,412412077,0.23930555555555555
2014-05-01 00:00:00 UTC,274,1213,412432814,8.2359722222222214
2014-05-01 00:00:00 UTC,274,1220,412417458,17.281527777777775
2014-05-01 00:00:00 UTC,274,1212,412433846,2.1861111111111113
2014-05-01 00:00:00 UTC,274,1211,412433848,3.5895833333333327
2014-05-01 00:00:00 UTC,274,1212,412432825,2.775
2014-05-01 00:00:00 UTC,274,1217,412431295,3.9940277777777782
2014-05-01 00:00:00 UTC,274,1220,412437439,8.0911111111111111
2014-05-01 00:00:00 UTC,274,1217,412431296,3.3555555555555561
2014-05-01 00:00:00 UTC,274,1212,412431043,2.2120833333333332
2014-05-01 00:00:00 UTC,274,1212,420025030,13.587916666666665
2014-05-01 00:00:00 UTC,274,1212,412432326,6.0686111111111112
2014-05-01 00:00:00 UTC,274,1216,412430026,2.2791666666666663
2014-05-01 00:00:00 UTC,274,1217,412430026,1.125
2014-05-01 00:00:00 UTC,274,1215,412430026,1.0702777777777779
2014-05-01 00:00:00 UTC,274,1214,412430029,0.63069444444444445
2014-05-01 00:00:00 UTC,274,1213,412430029,0.7433333333333334
2014-05-01 00:00:00 UTC,274,1213,412430547,1.0429166666666667
2014-05-01 00:00:00 UTC,274,1213,412402392,0.602638888888889
2014-05-01 00:00:00 UTC,274,1217,412417755,6.34
2014-05-01 00:00:00 UTC,274,1214,412419296,0.44680555555555557
2014-05-01 00:00:00 UTC,274,1213,412430573,0.7138888888888888
2014-05-01 00:00:00 UTC,274,1214,412430573,0.41555555555555557
2014-05-01 00:00:00 UTC,274,1218,412431344,0.56625
2014-05-01 00:00:00 UTC,274,1217,412431344,2.2475
2014-05-01 00:00:00 UTC,274,1217,412431345,2.1666666666666665
2014-05-01 00:00:00 UTC,274,1218,412431345,0.69208333333333338
2014-05-01 00:00:00 UTC,274,1213,412432113,0.26930555555555558
2014-05-01 00:00:00 UTC,274,1214,412410869,0.39541666666666664
2014-05-01 00:00:00 UTC,274,1213,412430327,2.7406944444444448
2014-05-01 00:00:00 UTC,274,1213,412430328,3.1581944444444447
2014-05-01 00:00:00 UTC,274,1214,412412411,0.56166666666666665
2014-05-01 00:00:00 UTC,274,1213,412412411,0.32027777777777777
2014-05-01 00:00:00 UTC,530,46,246005000,2.6397222222222219
2014-05-01 00:00:00 UTC,530,45,246005000,0.69444444444444442
2014-05-01 00:00:00 UTC,530,46,244042000,3.4876388888888892
2014-05-01 00:00:00 UTC,530,47,244042000,0.21875
2014-05-01 00:00:00 UTC,530,50,245567000,0.24055555555555555
2014-05-01 00:00:00 UTC,530,49,245567000,0.2638888888888889
2014-05-01 00:00:00 UTC,530,47,244095000,0.89541666666666664
2014-05-01 00:00:00 UTC,530,46,244095000,6.2115277777777775
2014-05-01 00:00:00 UTC,530,51,245684000,7.69236111111111
2014-05-01 00:00:00 UTC,530,50,245684000,1.286111111111111
2014-05-01 00:00:00 UTC,530,46,244052000,10.396805555555554
2014-05-01 00:00:00 UTC,530,46,246206000,19.203611111111115
2014-05-01 00:00:00 UTC,530,47,245352000,4.9345833333333333
2014-05-01 00:00:00 UTC,530,53,244810070,3.2213888888888889
2014-05-01 00:00:00 UTC,530,46,245703000,3.1020833333333333
2014-05-01 00:00:00 UTC,530,47,245703000,1.2519444444444445
2014-05-01 00:00:00 UTC,530,46,246503000,10.83
2014-05-01 00:00:00 UTC,530,46,244049000,9.0509722222222226
2014-05-01 00:00:00 UTC,530,46,244646000,12.125416666666666
2014-05-01 00:00:00 UTC,530,49,244592000,5.8130555555555565
2014-05-01 00:00:00 UTC,530,46,245456000,6.525555555555556
2014-05-01 00:00:00 UTC,530,46,245445000,6.4938888888888888
2014-05-01 00:00:00 UTC,530,46,244090000,10.52236111111111
2014-05-01 00:00:00 UTC,530,47,244090000,2.8129166666666667
2014-05-01 00:00:00 UTC,530,50,246202000,0.63277777777777777
2014-05-01 00:00:00 UTC,530,51,246202000,0.20152777777777778
2014-05-01 00:00:00 UTC,530,42,246233000,2.4568055555555559
2014-05-01 00:00:00 UTC,530,43,246233000,2.6413888888888888
2014-05-01 00:00:00 UTC,530,46,246030000,7.6641666666666666
2014-05-01 00:00:00 UTC,530,45,246030000,1.36625
2014-05-01 00:00:00 UTC,530,46,245731000,0.5130555555555556
2014-05-01 00:00:00 UTC,530,50,246296000,7.843194444444447
2014-05-01 00:00:00 UTC,530,50,245336000,2.2841666666666667
2014-05-01 00:00:00 UTC,530,-1703,366705860,0.71013888888888888
2014-05-01 00:00:00 UTC,530,46,244877000,10.678611111111113
2014-05-01 00:00:00 UTC,530,47,244877000,0.43208333333333337
2014-05-01 00:00:00 UTC,530,46,246338000,3.2983333333333333
2014-05-01 00:00:00 UTC,530,46,244684000,6.0791666666666657
2014-05-01 00:00:00 UTC,530,47,244620000,0.38125
2014-05-01 00:00:00 UTC,530,46,244620000,4.206666666666667
2014-05-01 00:00:00 UTC,530,48,246145000,1.7509722222222219
2014-05-01 00:00:00 UTC,-494,-602,416164900,8.7472222222222218
2014-05-01 00:00:00 UTC,-494,-655,701006147,1.5847222222222224
2014-05-01 00:00:00 UTC,-494,-673,701000791,8.8104166666666686
2014-05-01 00:00:00 UTC,-494,1665,512400000,0.82458333333333333
2014-05-01 00:00:00 UTC,-494,-603,416528000,7.17375
2014-05-01 00:00:00 UTC,-494,-602,416528000,7.0140277777777786
2014-05-01 00:00:00 UTC,-494,-656,701000860,7.17625
2014-05-01 00:00:00 UTC,-494,-603,416525000,6.9772222222222222
2014-05-01 00:00:00 UTC,-494,-604,416525000,7.1906944444444445
2014-05-01 00:00:00 UTC,-494,-663,701037000,3.0259722222222223
2014-05-01 00:00:00 UTC,-494,-669,701037000,5.6168055555555556
2014-05-01 00:00:00 UTC,-494,-673,701006042,3.0915277777777779
2014-05-01 00:00:00 UTC,-494,-672,701006042,6.0902777777777777
2014-05-01 00:00:00 UTC,-494,-671,701006044,1.5484722222222222
2014-05-01 00:00:00 UTC,-494,-673,701006044,1.7004166666666665
2014-05-01 00:00:00 UTC,-238,-440,907643443,10.592638888888889
2014-05-01 00:00:00 UTC,-238,-441,907643443,12.226527777777777
2014-05-01 00:00:00 UTC,-238,-18,431864000,6.5418055555555563
2014-05-01 00:00:00 UTC,-238,-441,911000002,7.8154166666666667
2014-05-01 00:00:00 UTC,-238,-440,911000002,14.04736111111111
2014-05-01 00:00:00 UTC,19,-1588,441811000,1.2151388888888888
2014-05-01 00:00:00 UTC,19,-1584,441811000,0.81111111111111112
2014-05-01 00:00:00 UTC,19,-1585,441811000,1.287638888888889
2014-05-01 00:00:00 UTC,19,-1587,441811000,0.96652777777777776
2014-05-01 00:00:00 UTC,19,-1582,441811000,1.5559722222222221
2014-05-01 00:00:00 UTC,19,-1583,441811000,1.6591666666666667
2014-05-01 00:00:00 UTC,19,-1581,441811000,1.7633333333333332
2014-05-01 00:00:00 UTC,19,-1586,441811000,1.6944444444444442
2014-05-01 00:00:00 UTC,19,-1589,441811000,3.6523611111111109
2014-05-01 00:00:00 UTC,19,1784,440858000,1.8459722222222221
2014-05-01 00:00:00 UTC,19,1769,440846000,3.1680555555555556
2014-05-01 00:00:00 UTC,19,1762,440590000,1.46
2014-05-01 00:00:00 UTC,19,1766,440590000,0.8470833333333333
2014-05-01 00:00:00 UTC,19,1767,440590000,1.8144444444444445
2014-05-01 00:00:00 UTC,19,1764,440590000,0.93458333333333332
2014-05-01 00:00:00 UTC,19,1760,440590000,1.0154166666666666
2014-05-01 00:00:00 UTC,19,1765,440590000,0.56944444444444442
2014-05-01 00:00:00 UTC,19,1762,440941000,0.83624999999999994
2014-05-01 00:00:00 UTC,19,1754,441869000,1.2879166666666668
2014-05-01 00:00:00 UTC,19,1753,441869000,0.8930555555555556
2014-05-01 00:00:00 UTC,19,1790,416003803,1.4948611111111112
2014-05-01 00:00:00 UTC,19,1795,416003803,0.89180555555555552
2014-05-01 00:00:00 UTC,19,1794,416003803,1.2995833333333331
2014-05-01 00:00:00 UTC,19,1792,416003803,1.4044444444444446
2014-05-01 00:00:00 UTC,19,1793,416003803,0.942638888888889
2014-05-01 00:00:00 UTC,275,1215,412411651,0.53416666666666668
2014-05-01 00:00:00 UTC,275,1214,412411651,7.6806944444444438
2014-05-01 00:00:00 UTC,275,1214,412433414,0.97138888888888886
2014-05-01 00:00:00 UTC,275,1216,412417542,0.24402777777777779
2014-05-01 00:00:00 UTC,275,1207,413598475,2.1574999999999998
2014-05-01 00:00:00 UTC,275,1209,413598475,1.3544444444444443
2014-05-01 00:00:00 UTC,275,1208,413598475,2.2177777777777776
2014-05-01 00:00:00 UTC,275,1218,412430092,1.0895833333333333
2014-05-01 00:00:00 UTC,275,1217,412430092,0.52777777777777779
2014-05-01 00:00:00 UTC,275,1212,412433937,4.8418055555555561
2014-05-01 00:00:00 UTC,275,1220,412438292,9.2379166666666652
2014-05-01 00:00:00 UTC,275,1221,412438292,1.2958333333333334
2014-05-01 00:00:00 UTC,275,1210,412433941,0.33944444444444444
2014-05-01 00:00:00 UTC,275,1214,412414745,9.07847222222222
2014-05-01 00:00:00 UTC,275,1215,412414745,1.858611111111111
2014-05-01 00:00:00 UTC,275,1215,412432666,0.34777777777777774
2014-05-01 00:00:00 UTC,275,1213,412434202,3.3168055555555553
2014-05-01 00:00:00 UTC,275,1213,412434203,19.989444444444445
2014-05-01 00:00:00 UTC,275,1215,413757979,1.1352777777777778
2014-05-01 00:00:00 UTC,275,1211,412431648,0.25416666666666665
2014-05-01 00:00:00 UTC,275,1210,412431648,5.7204166666666669
2014-05-01 00:00:00 UTC,275,1214,412430119,1.3673611111111112
2014-05-01 00:00:00 UTC,275,1217,412419113,0.48097222222222219
2014-05-01 00:00:00 UTC,275,1216,412419113,0.709861111111111
2014-05-01 00:00:00 UTC,275,1214,412430121,1.115
2014-05-01 00:00:00 UTC,275,1213,412415274,1.7694444444444446
2014-05-01 00:00:00 UTC,275,1214,412415274,3.3590277777777784
2014-05-01 00:00:00 UTC,275,1215,412415274,7.25777777777778
2014-05-01 00:00:00 UTC,275,1213,333302318,0.24569444444444444
2014-05-01 00:00:00 UTC,275,1213,700001071,2.7298611111111111
2014-05-01 00:00:00 UTC,275,1212,700001071,1.2870833333333334
2014-05-01 00:00:00 UTC,275,1217,412437552,0.44583333333333336
2014-05-01 00:00:00 UTC,275,1218,412437552,1.3669444444444445
2014-05-01 00:00:00 UTC,275,1212,412431409,1.9248611111111111
2014-05-01 00:00:00 UTC,275,1215,412430647,1.2695833333333333
2014-05-01 00:00:00 UTC,275,1214,412430663,3.4138888888888896
2014-05-01 00:00:00 UTC,275,1214,412430664,4.0102777777777776
2014-05-01 00:00:00 UTC,275,1217,412441942,0.783611111111111
2014-05-01 00:00:00 UTC,275,1210,412433754,13.843194444444448
2014-05-01 00:00:00 UTC,275,1210,412433757,7.3330555555555534
2014-05-01 00:00:00 UTC,275,1210,412433759,10.940277777777778
2014-05-01 00:00:00 UTC,275,1210,412588388,7.9194444444444443
2014-05-01 00:00:00 UTC,275,1214,412430693,6.1040277777777776
2014-05-01 00:00:00 UTC,275,1215,412430693,0.32930555555555557
2014-05-01 00:00:00 UTC,275,1214,412430694,5.7359722222222205
2014-05-01 00:00:00 UTC,275,1208,412433771,1.3995833333333334
2014-05-01 00:00:00 UTC,275,1207,412431732,1.0623611111111111
2014-05-01 00:00:00 UTC,275,1216,412415351,22.781250000000004
2014-05-01 00:00:00 UTC,275,1723,431702140,2.662638888888889
2014-05-01 00:00:00 UTC,275,1722,431702140,3.1083333333333329
2014-05-01 00:00:00 UTC,275,1209,412435839,1.254027777777778
2014-05-01 00:00:00 UTC,275,1213,412431489,0.16
2014-05-01 00:00:00 UTC,275,1215,412433538,0.74319444444444438
2014-05-01 00:00:00 UTC,275,1214,412433538,0.51694444444444443
2014-05-01 00:00:00 UTC,275,1212,412433796,2.9106944444444443
2014-05-01 00:00:00 UTC,275,1213,412433029,4.7738888888888908
2014-05-01 00:00:00 UTC,275,1215,412433029,9.17138888888889
2014-05-01 00:00:00 UTC,275,1212,412433801,0.28166666666666662
2014-05-01 00:00:00 UTC,275,1213,412432011,2.5502777777777776
2014-05-01 00:00:00 UTC,275,1216,412400781,0.56986111111111115
2014-05-01 00:00:00 UTC,275,1216,412400782,0.52611111111111108
2014-05-01 00:00:00 UTC,275,1216,412415386,2.2161111111111111
2014-05-01 00:00:00 UTC,275,1212,412431259,1.2583333333333333
2014-05-01 00:00:00 UTC,275,1210,412449948,2.7393055555555557
2014-05-01 00:00:00 UTC,275,1208,412449948,1.0690277777777779
2014-05-01 00:00:00 UTC,275,1214,412430237,16.325277777777774
2014-05-01 00:00:00 UTC,275,1212,412431261,1.0459722222222223
2014-05-01 00:00:00 UTC,275,1216,412542120,0.56972222222222224
2014-05-01 00:00:00 UTC,275,1221,412437929,10.905833333333332
2014-05-01 00:00:00 UTC,275,1214,412430251,17.082638888888887
2014-05-01 00:00:00 UTC,275,1215,412430251,0.34027777777777779
2014-05-01 00:00:00 UTC,275,1214,412430252,2.6226388888888881
2014-05-01 00:00:00 UTC,275,1215,412430253,15.996805555555554
2014-05-01 00:00:00 UTC,275,1215,412433581,2.2305555555555552
2014-05-01 00:00:00 UTC,275,1214,412430254,0.41666666666666669
2014-05-01 00:00:00 UTC,275,1213,412432814,0.24791666666666667
2014-05-01 00:00:00 UTC,275,1214,412430256,12.875833333333333
2014-05-01 00:00:00 UTC,275,1212,412433841,8.6169444444444458
2014-05-01 00:00:00 UTC,275,1213,412433841,0.33708333333333329
2014-05-01 00:00:00 UTC,275,1216,412410293,0.28986111111111112
2014-05-01 00:00:00 UTC,275,1212,412433846,5.1605555555555567
2014-05-01 00:00:00 UTC,275,1212,412432825,6.7552777777777777
2014-05-01 00:00:00 UTC,275,1220,412437439,5.338055555555556
2014-05-01 00:00:00 UTC,275,1212,412433857,2.5097222222222224
2014-05-01 00:00:00 UTC,275,1212,412432323,7.0136111111111106
2014-05-01 00:00:00 UTC,275,1210,661316548,6.9731944444444434
2014-05-01 00:00:00 UTC,275,1217,412430535,1.6565277777777778
2014-05-01 00:00:00 UTC,275,1217,412430026,2.3733333333333331
2014-05-01 00:00:00 UTC,275,1218,412430026,4.0331944444444447
2014-05-01 00:00:00 UTC,275,1216,413548748,0.57125
2014-05-01 00:00:00 UTC,275,1214,412430029,4.002361111111111
2014-05-01 00:00:00 UTC,275,1213,412430029,0.69625
2014-05-01 00:00:00 UTC,275,1215,412430029,0.50597222222222227
2014-05-01 00:00:00 UTC,275,1215,412433361,3.8234722222222226
2014-05-01 00:00:00 UTC,275,1214,412430547,1.3065277777777777
2014-05-01 00:00:00 UTC,275,1214,412430548,1.2119444444444443
2014-05-01 00:00:00 UTC,275,1210,412433881,9.52847222222222
2014-05-01 00:00:00 UTC,275,1225,412417241,12.620277777777776
2014-05-01 00:00:00 UTC,275,1216,412419811,0.26680555555555557
2014-05-01 00:00:00 UTC,275,1217,412430057,1.4461111111111111
2014-05-01 00:00:00 UTC,275,1214,412430573,5.072222222222222
2014-05-01 00:00:00 UTC,275,1214,412430327,7.2261111111111109
2014-05-01 00:00:00 UTC,275,1213,412430327,1.165
2014-05-01 00:00:00 UTC,275,1215,412430327,0.58319444444444446
2014-05-01 00:00:00 UTC,275,1214,412430328,7.6976388888888891
2014-05-01 00:00:00 UTC,275,1213,412430328,0.87527777777777782
2014-05-01 00:00:00 UTC,275,1215,412412411,0.55319444444444443
2014-05-01 00:00:00 UTC,275,1214,412412411,8.0818055555555564
2014-05-01 00:00:00 UTC,275,1215,412432381,15.324722222222221
2014-05-01 00:00:00 UTC,531,46,246005000,14.669861111111111
2014-05-01 00:00:00 UTC,531,47,246005000,3.3277777777777779
2014-05-01 00:00:00 UTC,531,53,244586000,1.0709722222222222
2014-05-01 00:00:00 UTC,531,54,244586000,0.21972222222222221
2014-05-01 00:00:00 UTC,531,46,246570000,16.82125
2014-05-01 00:00:00 UTC,531,47,246570000,0.65208333333333335
2014-05-01 00:00:00 UTC,531,47,244042000,0.65277777777777768
2014-05-01 00:00:00 UTC,531,46,244042000,3.4494444444444445
2014-05-01 00:00:00 UTC,531,47,244095000,2.9683333333333333
2014-05-01 00:00:00 UTC,531,46,244095000,3.387777777777778
2014-05-01 00:00:00 UTC,531,50,245684000,0.28527777777777774
2014-05-01 00:00:00 UTC,531,51,245684000,1.1108333333333336
2014-05-01 00:00:00 UTC,531,46,244052000,6.1515277777777779
2014-05-01 00:00:00 UTC,531,14,235032615,14.265416666666667
2014-05-01 00:00:00 UTC,531,13,235032615,0.98263888888888884
2014-05-01 00:00:00 UTC,531,46,245352000,3.1175
2014-05-01 00:00:00 UTC,531,46,245341000,1.6308333333333334
2014-05-01 00:00:00 UTC,531,46,246226000,24.077638888888885
2014-05-01 00:00:00 UTC,531,53,244199000,2.8351388888888889
2014-05-01 00:00:00 UTC,531,54,244199000,0.82319444444444445
2014-05-01 00:00:00 UTC,531,46,244646000,7.0299999999999994
2014-05-01 00:00:00 UTC,531,46,245254000,22.219722222222217
2014-05-01 00:00:00 UTC,531,47,245254000,0.66069444444444447
2014-05-01 00:00:00 UTC,531,47,205286000,0.8651388888888889
2014-05-01 00:00:00 UTC,531,47,246182000,21.873333333333335
2014-05-01 00:00:00 UTC,531,46,245456000,0.29430555555555554
2014-05-01 00:00:00 UTC,531,47,245456000,5.7073611111111111
2014-05-01 00:00:00 UTC,531,46,245914000,12.036111111111108
2014-05-01 00:00:00 UTC,531,46,244090000,1.4768055555555555
2014-05-01 00:00:00 UTC,531,47,244090000,1.2422222222222223
2014-05-01 00:00:00 UTC,531,54,244570000,0.21180555555555555
2014-05-01 00:00:00 UTC,531,53,244570000,1.0702777777777777
2014-05-01 00:00:00 UTC,531,51,244644000,2.782777777777778
2014-05-01 00:00:00 UTC,531,52,244644000,0.33583333333333332
2014-05-01 00:00:00 UTC,531,46,246030000,2.7334722222222223
2014-05-01 00:00:00 UTC,531,51,245336000,0.69888888888888889
2014-05-01 00:00:00 UTC,531,47,246136000,0.3
2014-05-01 00:00:00 UTC,531,47,244877000,5.2223611111111108
2014-05-01 00:00:00 UTC,531,46,244877000,0.45819444444444446
2014-05-01 00:00:00 UTC,531,46,246135000,2.3029166666666665
2014-05-01 00:00:00 UTC,531,46,244684000,0.27277777777777779
2014-05-01 00:00:00 UTC,531,47,244684000,0.65833333333333333
2014-05-01 00:00:00 UTC,531,46,244620000,9.521250000000002
2014-05-01 00:00:00 UTC,531,47,244620000,4.8198611111111109
2014-05-01 00:00:00 UTC,-493,-672,701000791,1.5880555555555553
2014-05-01 00:00:00 UTC,-493,-673,701000791,3.0094444444444441
2014-05-01 00:00:00 UTC,-493,1665,512400000,7.9980555555555553
2014-05-01 00:00:00 UTC,-493,-656,701000860,0.68194444444444435
2014-05-01 00:00:00 UTC,-493,-673,701006042,2.9843055555555562
2014-05-01 00:00:00 UTC,-493,-671,701006044,1.6111111111111112
2014-05-01 00:00:00 UTC,-493,-604,416241900,7.020416666666665
2014-05-01 00:00:00 UTC,-493,-603,416241900,2.3447222222222219
2014-05-01 00:00:00 UTC,-237,-19,431864000,6.5281944444444449
2014-05-01 00:00:00 UTC,-237,96,263415290,2.2263888888888888
2014-05-01 00:00:00 UTC,20,-1669,440778000,1.90875
2014-05-01 00:00:00 UTC,20,-1670,440778000,0.40125
2014-05-01 00:00:00 UTC,20,-377,263572000,4.7387500000000005
2014-05-01 00:00:00 UTC,20,-1580,441811000,1.3219444444444446
2014-05-01 00:00:00 UTC,20,-1579,441811000,1.9779166666666668
2014-05-01 00:00:00 UTC,20,1774,440946000,0.91361111111111115
2014-05-01 00:00:00 UTC,20,1761,441084000,2.5236111111111108
2014-05-01 00:00:00 UTC,20,1760,441084000,0.93083333333333329
2014-05-01 00:00:00 UTC,20,1762,441084000,2.5983333333333336
2014-05-01 00:00:00 UTC,20,1764,441084000,1.4218055555555555
2014-05-01 00:00:00 UTC,20,1759,441084000,2.8952777777777778
2014-05-01 00:00:00 UTC,20,1763,441084000,2.6190277777777777
2014-05-01 00:00:00 UTC,20,1758,441084000,4.0952777777777776
2014-05-01 00:00:00 UTC,20,1754,440987000,2.7847222222222223
2014-05-01 00:00:00 UTC,20,1753,440987000,1.2783333333333333
2014-05-01 00:00:00 UTC,20,1751,440987000,0.96930555555555553
2014-05-01 00:00:00 UTC,20,1785,440858000,1.7556944444444444
2014-05-01 00:00:00 UTC,20,1767,440590000,1.4031944444444444
2014-05-01 00:00:00 UTC,20,1765,440941000,0.43319444444444444
2014-05-01 00:00:00 UTC,20,1762,440941000,0.34555555555555556
2014-05-01 00:00:00 UTC,20,1766,440941000,0.98180555555555549
2014-05-01 00:00:00 UTC,20,1763,440941000,0.55291666666666672
2014-05-01 00:00:00 UTC,20,1764,440941000,0.86125000000000007
2014-05-01 00:00:00 UTC,20,1759,440941000,4.3663888888888884
2014-05-01 00:00:00 UTC,20,1760,440941000,1.2016666666666667
2014-05-01 00:00:00 UTC,20,1754,441869000,1.1622222222222223
2014-05-01 00:00:00 UTC,20,1753,441869000,1.824861111111111
2014-05-01 00:00:00 UTC,20,1795,416003803,0.68777777777777793
2014-05-01 00:00:00 UTC,20,1788,416003803,1.9418055555555558
2014-05-01 00:00:00 UTC,20,-1627,440950000,1.841388888888889
2014-05-01 00:00:00 UTC,20,-1628,440950000,0.92347222222222225
2014-05-01 00:00:00 UTC,20,-1630,440950000,1.91625
2014-05-01 00:00:00 UTC,276,1215,412411651,0.50041666666666662
2014-05-01 00:00:00 UTC,276,1214,412411651,1.8273611111111112
2014-05-01 00:00:00 UTC,276,1218,412417542,1.6138888888888889
2014-05-01 00:00:00 UTC,276,1217,412417542,2.0881944444444445
2014-05-01 00:00:00 UTC,276,1218,412417543,1.6808333333333332
2014-05-01 00:00:00 UTC,276,1217,412417543,1.0881944444444445
2014-05-01 00:00:00 UTC,276,1217,412430092,4.3447222222222228
2014-05-01 00:00:00 UTC,276,1215,412432396,19.5625
2014-05-01 00:00:00 UTC,276,1221,412438292,10.596388888888889
2014-05-01 00:00:00 UTC,276,1214,412433174,3.2584722222222222
2014-05-01 00:00:00 UTC,276,1215,412433174,17.522777777777769
2014-05-01 00:00:00 UTC,276,1208,400000022,0.49361111111111111
2014-05-01 00:00:00 UTC,276,1216,412414745,6.0206944444444446
2014-05-01 00:00:00 UTC,276,1226,412418074,1.1563888888888889
2014-05-01 00:00:00 UTC,276,1215,412432666,24.208611111111104
2014-05-01 00:00:00 UTC,276,1211,412431648,0.27097222222222223
2014-05-01 00:00:00 UTC,276,1215,412433188,4.7418055555555565
2014-05-01 00:00:00 UTC,276,1214,412430119,1.7536111111111112
2014-05-01 00:00:00 UTC,276,1216,412430119,0.99194444444444452
2014-05-01 00:00:00 UTC,276,1215,412430119,2.4422222222222225
2014-05-01 00:00:00 UTC,276,1217,412419113,1.8234722222222222
2014-05-01 00:00:00 UTC,276,1214,412430121,1.7822222222222224
2014-05-01 00:00:00 UTC,276,1215,412430121,2.4204166666666667
2014-05-01 00:00:00 UTC,276,1216,412430121,0.46430555555555558
2014-05-01 00:00:00 UTC,276,1216,412415274,6.275833333333332
2014-05-01 00:00:00 UTC,276,1217,412449579,0.508888888888889
2014-05-01 00:00:00 UTC,276,1217,412450347,0.665
2014-05-01 00:00:00 UTC,276,1225,412419631,1.777222222222222
2014-05-01 00:00:00 UTC,276,1213,700001071,6.9675000000000011
2014-05-01 00:00:00 UTC,276,1218,412437552,1.8291666666666666
2014-05-01 00:00:00 UTC,276,1217,412430644,6.2388888888888889
2014-05-01 00:00:00 UTC,276,1214,412433464,3.2466666666666666
2014-05-01 00:00:00 UTC,276,1217,412449849,3.275
2014-05-01 00:00:00 UTC,276,1213,412433723,4.4952777777777779
2014-05-01 00:00:00 UTC,276,1227,412416576,10.210138888888888
2014-05-01 00:00:00 UTC,276,1218,412424515,1.3654166666666667
2014-05-01 00:00:00 UTC,276,1217,412424515,1.1366666666666667
2014-05-01 00:00:00 UTC,276,1215,412430663,1.9458333333333333
2014-05-01 00:00:00 UTC,276,1214,412430663,1.6833333333333331
2014-05-01 00:00:00 UTC,276,1214,412430664,1.1055555555555556
2014-05-01 00:00:00 UTC,276,1215,412430664,1.2308333333333334
2014-05-01 00:00:00 UTC,276,1215,412432719,4.3454166666666669
2014-05-01 00:00:00 UTC,276,1217,412441942,1.7376388888888887
2014-05-01 00:00:00 UTC,276,1215,412430693,1.6961111111111111
2014-05-01 00:00:00 UTC,276,1215,412430694,1.4741666666666666
2014-05-01 00:00:00 UTC,276,1213,412415846,4.2295833333333333
2014-05-01 00:00:00 UTC,276,1214,412415846,4.8024999999999993
2014-05-01 00:00:00 UTC,276,1216,412433002,1.7476388888888887
2014-05-01 00:00:00 UTC,276,1214,412416371,1.7504166666666667
2014-05-01 00:00:00 UTC,276,1213,412416371,1.929861111111111
2014-05-01 00:00:00 UTC,276,1207,412431732,3.3413888888888885
2014-05-01 00:00:00 UTC,276,1215,412442999,2.6195833333333334
2014-05-01 00:00:00 UTC,276,1213,412433786,3.4706944444444443
2014-05-01 00:00:00 UTC,276,1211,412430203,2.7397222222222224
2014-05-01 00:00:00 UTC,276,1211,412430204,1.2902777777777776
2014-05-01 00:00:00 UTC,276,1216,412414333,3.4834722222222223
2014-05-01 00:00:00 UTC,276,1215,412433538,0.65125
2014-05-01 00:00:00 UTC,276,1216,412400781,0.28361111111111115
2014-05-01 00:00:00 UTC,276,1216,412400782,0.26680555555555552
2014-05-01 00:00:00 UTC,276,1217,412400782,1.0938888888888889
2014-05-01 00:00:00 UTC,276,1221,412437139,12.908888888888889
2014-05-01 00:00:00 UTC,276,1216,412414356,3.1272222222222221
2014-05-01 00:00:00 UTC,276,1216,412430485,0.15472222222222223
2014-05-01 00:00:00 UTC,276,1215,412430485,4.9934722222222225
2014-05-01 00:00:00 UTC,276,1216,412415386,5.466388888888889
2014-05-01 00:00:00 UTC,276,1217,412415386,3.6102777777777777
2014-05-01 00:00:00 UTC,276,1213,412430237,5.14013888888889
2014-05-01 00:00:00 UTC,276,1213,412430238,16.218749999999996
2014-05-01 00:00:00 UTC,276,1217,412450471,2.8991666666666669
2014-05-01 00:00:00 UTC,276,1216,412542120,0.66902777777777778
2014-05-01 00:00:00 UTC,276,1217,412542120,2.5381944444444446
2014-05-01 00:00:00 UTC,276,1221,412437929,1.8748611111111109
2014-05-01 00:00:00 UTC,276,1214,412430251,5.8515277777777772
2014-05-01 00:00:00 UTC,276,1214,412430252,13.326666666666666
2014-05-01 00:00:00 UTC,276,1213,412430252,3.5622222222222217
2014-05-01 00:00:00 UTC,276,1217,412450476,0.28416666666666668
2014-05-01 00:00:00 UTC,276,1214,412430253,0.23138888888888889
2014-05-01 00:00:00 UTC,276,1215,412433581,19.027222222222218
2014-05-01 00:00:00 UTC,276,1214,412430254,18.392916666666661
2014-05-01 00:00:00 UTC,276,1213,412430254,3.6255555555555556
2014-05-01 00:00:00 UTC,276,1214,412433583,1.6222222222222222
2014-05-01 00:00:00 UTC,276,1215,412433328,17.134305555555557
2014-05-01 00:00:00 UTC,276,1213,412433841,4.5084722222222213
2014-05-01 00:00:00 UTC,276,1214,412416434,5.0045833333333345
2014-05-01 00:00:00 UTC,276,1216,412410293,0.32375
2014-05-01 00:00:00 UTC,276,1218,412410293,2.9968055555555559
2014-05-01 00:00:00 UTC,276,1217,412410293,1.0502777777777779
2014-05-01 00:00:00 UTC,276,1213,236985785,12.938194444444447
2014-05-01 00:00:00 UTC,276,1212,412432825,4.6473611111111115
2014-05-01 00:00:00 UTC,276,1213,412432825,5.5191666666666661
2014-05-01 00:00:00 UTC,276,1218,412410299,0.6675
2014-05-01 00:00:00 UTC,276,1212,412431554,1.122638888888889
2014-05-01 00:00:00 UTC,276,1216,412432323,10.517083333333337
2014-05-01 00:00:00 UTC,276,1216,412417989,7.1661111111111122
2014-05-01 00:00:00 UTC,276,1216,412432326,8.0130555555555549
2014-05-01 00:00:00 UTC,276,1217,412430535,8.7233333333333345
2014-05-01 00:00:00 UTC,276,1218,412430535,1.4509722222222223
2014-05-01 00:00:00 UTC,276,1216,412430535,0.73722222222222222
2014-05-01 00:00:00 UTC,276,1212,412431559,9.5933333333333337
2014-05-01 00:00:00 UTC,276,1218,412449991,0.34166666666666667
2014-05-01 00:00:00 UTC,276,1216,412000199,11.094861111111113
2014-05-01 00:00:00 UTC,276,1217,412430026,2.0420833333333333
2014-05-01 00:00:00 UTC,276,1218,412430026,2.89125
2014-05-01 00:00:00 UTC,276,1216,413548748,1.8219444444444444
2014-05-01 00:00:00 UTC,276,1215,412430029,2.6306944444444449
2014-05-01 00:00:00 UTC,276,1215,412433361,16.600138888888882
2014-05-01 00:00:00 UTC,276,1214,412430547,1.8005555555555555
2014-05-01 00:00:00 UTC,276,1215,412430547,1.4266666666666667
2014-05-01 00:00:00 UTC,276,1215,412430548,3.2190277777777778
2014-05-01 00:00:00 UTC,276,1214,412430548,1.921388888888889
2014-05-01 00:00:00 UTC,276,1221,412435924,15.779861111111112
2014-05-01 00:00:00 UTC,276,1212,412431581,1.6650000000000003
2014-05-01 00:00:00 UTC,276,1213,412433888,3.960833333333333
2014-05-01 00:00:00 UTC,276,1218,412419811,2.8644444444444446
2014-05-01 00:00:00 UTC,276,1217,412419811,0.71861111111111109
2014-05-01 00:00:00 UTC,276,1216,412419811,0.27347222222222223
2014-05-01 00:00:00 UTC,276,1217,413000936,0.36638888888888888
2014-05-01 00:00:00 UTC,276,1217,412430057,10.000277777777779
2014-05-01 00:00:00 UTC,276,1214,412430573,0.6645833333333333
2014-05-01 00:00:00 UTC,276,1215,412430573,1.5459722222222223
2014-05-01 00:00:00 UTC,276,1218,412412142,0.25208333333333333
2014-05-01 00:00:00 UTC,276,1210,412434416,1.0556944444444445
2014-05-01 00:00:00 UTC,276,1211,412434416,2.685
2014-05-01 00:00:00 UTC,276,1216,412432882,0.32597222222222222
2014-05-01 00:00:00 UTC,276,1210,412434419,0.53694444444444445
2014-05-01 00:00:00 UTC,276,1215,412430327,0.4836111111111111
2014-05-01 00:00:00 UTC,276,1215,412430328,0.42972222222222223
2014-05-01 00:00:00 UTC,276,1215,412412411,0.55625
2014-05-01 00:00:00 UTC,276,1214,412412411,1.5781944444444447
2014-05-01 00:00:00 UTC,276,1215,412432381,6.8897222222222227
2014-05-01 00:00:00 UTC,532,46,246005000,0.60375
2014-05-01 00:00:00 UTC,532,54,244586000,0.2048611111111111
2014-05-01 00:00:00 UTC,532,52,244586000,1.0576388888888888
2014-05-01 00:00:00 UTC,532,53,244586000,0.41930555555555554
2014-05-01 00:00:00 UTC,532,51,244586000,1.4893055555555557
2014-05-01 00:00:00 UTC,532,47,246570000,0.95750000000000013
2014-05-01 00:00:00 UTC,532,46,244042000,1.1929166666666666
2014-05-01 00:00:00 UTC,532,52,246431000,0.71305555555555555
2014-05-01 00:00:00 UTC,532,47,244095000,2.1218055555555555
2014-05-01 00:00:00 UTC,532,47,244052000,1.1215277777777777
2014-05-01 00:00:00 UTC,532,47,244211000,0.65208333333333335
2014-05-01 00:00:00 UTC,532,48,244211000,5.4766666666666666
2014-05-01 00:00:00 UTC,532,49,244211000,14.201527777777772
2014-05-01 00:00:00 UTC,532,49,245352000,0.77347222222222212
2014-05-01 00:00:00 UTC,532,47,245341000,2.3258333333333332
2014-05-01 00:00:00 UTC,532,53,244199000,2.1458333333333335
2014-05-01 00:00:00 UTC,532,52,244572000,1.6740277777777777
2014-05-01 00:00:00 UTC,532,51,244572000,1.3193055555555553
2014-05-01 00:00:00 UTC,532,53,244572000,0.24333333333333332
2014-05-01 00:00:00 UTC,532,49,244070000,0.43722222222222218
2014-05-01 00:00:00 UTC,532,47,244070000,2.2111111111111112
2014-05-01 00:00:00 UTC,532,48,244070000,2.6084722222222219
2014-05-01 00:00:00 UTC,532,46,245254000,1.0520833333333333
2014-05-01 00:00:00 UTC,532,49,205286000,3.0869444444444443
2014-05-01 00:00:00 UTC,532,47,205286000,2.728194444444445
2014-05-01 00:00:00 UTC,532,48,205286000,4.2113888888888891
2014-05-01 00:00:00 UTC,532,47,246182000,1.7537500000000001
2014-05-01 00:00:00 UTC,532,51,244358000,0.87374999999999992
2014-05-01 00:00:00 UTC,532,52,244358000,9.8534722222222211
2014-05-01 00:00:00 UTC,532,46,245445000,4.4316666666666666
2014-05-01 00:00:00 UTC,532,47,245445000,5.3377777777777773
2014-05-01 00:00:00 UTC,532,47,245914000,3.6174999999999997
2014-05-01 00:00:00 UTC,532,49,245914000,3.2125
2014-05-01 00:00:00 UTC,532,48,245914000,4.2280555555555548
2014-05-01 00:00:00 UTC,532,46,245914000,0.26097222222222222
2014-05-01 00:00:00 UTC,532,49,244634000,4.2825
2014-05-01 00:00:00 UTC,532,53,244570000,0.48305555555555557
2014-05-01 00:00:00 UTC,532,52,244570000,2.2438888888888893
2014-05-01 00:00:00 UTC,532,51,244570000,2.6051388888888889
2014-05-01 00:00:00 UTC,532,48,245700000,0.23583333333333334
2014-05-01 00:00:00 UTC,532,-1356,316007587,0.836111111111111
2014-05-01 00:00:00 UTC,532,-1357,316007587,2.3693055555555556
2014-05-01 00:00:00 UTC,532,-1358,316007587,6.4168055555555554
2014-05-01 00:00:00 UTC,532,-42,235101102,1.2958333333333334
2014-05-01 00:00:00 UTC,532,-41,235101102,1.2659722222222223
2014-05-01 00:00:00 UTC,532,51,244035000,7.9123611111111121
2014-05-01 00:00:00 UTC,532,52,244035000,0.21111111111111111
2014-05-01 00:00:00 UTC,532,53,245336000,1.1270833333333334
2014-05-01 00:00:00 UTC,532,-60,250002882,0.25958333333333333
2014-05-01 00:00:00 UTC,532,-59,250002882,18.0625
2014-05-01 00:00:00 UTC,532,48,246135000,1.0716666666666668
2014-05-01 00:00:00 UTC,532,47,246135000,2.2486111111111109
2014-05-01 00:00:00 UTC,532,49,246135000,7.2769444444444451
2014-05-01 00:00:00 UTC,532,52,244225000,5.0493055555555557
2014-05-01 00:00:00 UTC,532,51,244225000,4.1701388888888893
2014-05-01 00:00:00 UTC,-492,-659,701006119,5.625
2014-05-01 00:00:00 UTC,-492,-672,701000791,3.0486111111111112
2014-05-01 00:00:00 UTC,-492,-673,701000791,6.1194444444444445
2014-05-01 00:00:00 UTC,-492,1665,512400000,5.3594444444444438
2014-05-01 00:00:00 UTC,-492,-605,416527000,10.10875
2014-05-01 00:00:00 UTC,-492,-604,416004545,14.22763888888889
2014-05-01 00:00:00 UTC,-492,-673,701006042,8.7159722222222218
2014-05-01 00:00:00 UTC,-492,-672,701006044,5.3602777777777781
2014-05-01 00:00:00 UTC,-492,-673,701006044,1.53125
2014-05-01 00:00:00 UTC,-492,-655,701006056,8.60638888888889
2014-05-01 00:00:00 UTC,-492,-603,416241900,4.6198611111111108
2014-05-01 00:00:00 UTC,21,-1667,440778000,2.7516666666666669
2014-05-01 00:00:00 UTC,21,-1665,440778000,1.216388888888889
2014-05-01 00:00:00 UTC,21,-1666,440778000,1.5265277777777779
2014-05-01 00:00:00 UTC,21,-1668,440778000,0.97958333333333336
2014-05-01 00:00:00 UTC,21,-1670,440778000,1.8680555555555556
2014-05-01 00:00:00 UTC,21,-375,263572000,1.7433333333333334
2014-05-01 00:00:00 UTC,21,-1581,441811000,0.93208333333333337
2014-05-01 00:00:00 UTC,21,1771,440946000,1.7736111111111112
2014-05-01 00:00:00 UTC,21,1773,440946000,1.8363888888888888
2014-05-01 00:00:00 UTC,21,1769,440946000,1.4961111111111112
2014-05-01 00:00:00 UTC,21,1774,440946000,0.99708333333333332
2014-05-01 00:00:00 UTC,21,1767,440946000,6.7351388888888888
2014-05-01 00:00:00 UTC,21,1768,440946000,0.84138888888888885
2014-05-01 00:00:00 UTC,21,1770,440946000,0.94458333333333333
2014-05-01 00:00:00 UTC,21,1772,440946000,1.8222222222222222
2014-05-01 00:00:00 UTC,21,1766,440946000,2.7497222222222222
2014-05-01 00:00:00 UTC,21,1758,441084000,1.72375
2014-05-01 00:00:00 UTC,21,-1606,440934000,4.2497222222222222
2014-05-01 00:00:00 UTC,21,-1607,440934000,1.2502777777777778
2014-05-01 00:00:00 UTC,21,-1608,440934000,4.174722222222222
2014-05-01 00:00:00 UTC,21,1753,440987000,0.86916666666666664
2014-05-01 00:00:00 UTC,21,1754,440987000,2.6315277777777779
2014-05-01 00:00:00 UTC,21,-1682,440624000,0.93888888888888888
2014-05-01 00:00:00 UTC,21,-1382,441680000,1.2931944444444443
2014-05-01 00:00:00 UTC,21,-1381,441680000,2.4666666666666668
2014-05-01 00:00:00 UTC,21,-1384,441680000,2.8251388888888886
2014-05-01 00:00:00 UTC,21,-1383,441680000,2.0483333333333329
2014-05-01 00:00:00 UTC,21,-1380,441680000,1.4676388888888889
2014-05-01 00:00:00 UTC,21,1784,440858000,2.2175000000000002
2014-05-01 00:00:00 UTC,21,1782,440858000,3.6675
2014-05-01 00:00:00 UTC,21,1767,440846000,5.5470833333333331
2014-05-01 00:00:00 UTC,21,1770,440846000,2.0276388888888888
2014-05-01 00:00:00 UTC,21,1763,440941000,1.4763888888888888
2014-05-01 00:00:00 UTC,21,1766,440941000,1.8055555555555554
2014-05-01 00:00:00 UTC,21,1762,440941000,1.6680555555555556
2014-05-01 00:00:00 UTC,21,1760,440941000,9.344444444444445
2014-05-01 00:00:00 UTC,21,1761,440941000,1.3180555555555555
2014-05-01 00:00:00 UTC,21,1765,440941000,1.7931944444444445
2014-05-01 00:00:00 UTC,21,1764,440941000,0.95416666666666672
2014-05-01 00:00:00 UTC,21,1750,441869000,2.8466666666666667
2014-05-01 00:00:00 UTC,21,1752,441869000,0.83041666666666669
2014-05-01 00:00:00 UTC,21,1754,441869000,1.5430555555555556
2014-05-01 00:00:00 UTC,21,1748,441869000,2.7329166666666667
2014-05-01 00:00:00 UTC,21,1751,441869000,2.0990277777777777
2014-05-01 00:00:00 UTC,21,1749,441869000,0.99986111111111109
2014-05-01 00:00:00 UTC,21,1753,441869000,1.7541666666666667
2014-05-01 00:00:00 UTC,21,1794,416003803,1.684027777777777
2014-05-01 00:00:00 UTC,21,-1625,440950000,2.5458333333333334
2014-05-01 00:00:00 UTC,21,-1626,440950000,1.9866666666666668
2014-05-01 00:00:00 UTC,21,-1624,440950000,0.74708333333333332
2014-05-01 00:00:00 UTC,277,1218,412417542,4.0605555555555561
2014-05-01 00:00:00 UTC,277,1218,412417543,0.71833333333333327
2014-05-01 00:00:00 UTC,277,1217,412411658,0.77374999999999994
2014-05-01 00:00:00 UTC,277,1217,412430092,2.2433333333333336
2014-05-01 00:00:00 UTC,277,1215,412432396,2.2393055555555552
2014-05-01 00:00:00 UTC,277,1213,412433937,1.6543055555555557
2014-05-01 00:00:00 UTC,277,1214,412433937,4.5184722222222229
2014-05-01 00:00:00 UTC,277,1215,412433174,0.73513888888888879
2014-05-01 00:00:00 UTC,277,1218,412417558,1.8331944444444443
2014-05-01 00:00:00 UTC,277,1218,412410391,1.3451388888888889
2014-05-01 00:00:00 UTC,277,1222,412416792,13.792083333333334
2014-05-01 00:00:00 UTC,277,1214,412434202,0.52847222222222223
2014-05-01 00:00:00 UTC,277,1219,412417818,0.83958333333333335
2014-05-01 00:00:00 UTC,277,1218,413757979,0.63708333333333322
2014-05-01 00:00:00 UTC,277,1218,412416283,3.7623611111111108
2014-05-01 00:00:00 UTC,277,1218,412416284,3.31625
2014-05-01 00:00:00 UTC,277,1213,412434205,5.6227777777777765
2014-05-01 00:00:00 UTC,277,1214,412434205,13.26
2014-05-01 00:00:00 UTC,277,1218,412417566,2.4906944444444448
2014-05-01 00:00:00 UTC,277,1215,412433188,5.5668055555555549
2014-05-01 00:00:00 UTC,277,1216,412433188,1.0462500000000001
2014-05-01 00:00:00 UTC,277,1218,412410404,0.685138888888889
2014-05-01 00:00:00 UTC,277,1219,412410404,0.68222222222222229
2014-05-01 00:00:00 UTC,277,1218,412410405,1.0529166666666665
2014-05-01 00:00:00 UTC,277,1219,412410406,0.60236111111111112
2014-05-01 00:00:00 UTC,277,1218,412410406,0.872638888888889
2014-05-01 00:00:00 UTC,277,1216,412430119,1.483888888888889
2014-05-01 00:00:00 UTC,277,1215,412430119,3.621666666666667
2014-05-01 00:00:00 UTC,277,1219,412410407,1.0090277777777779
2014-05-01 00:00:00 UTC,277,1218,412410407,0.76555555555555554
2014-05-01 00:00:00 UTC,277,1217,412419113,0.26055555555555554
2014-05-01 00:00:00 UTC,277,1218,412419113,3.1430555555555557
2014-05-01 00:00:00 UTC,277,1215,412430121,3.5380555555555553
2014-05-01 00:00:00 UTC,277,1216,412430121,1.6470833333333332
2014-05-01 00:00:00 UTC,277,1213,412435243,3.3347222222222221
2014-05-01 00:00:00 UTC,277,1218,412450347,0.73166666666666669
2014-05-01 00:00:00 UTC,277,1217,412450347,7.4211111111111112
2014-05-01 00:00:00 UTC,277,1214,412434222,0.65458333333333329
2014-05-01 00:00:00 UTC,277,1213,412434222,10.335555555555555
2014-05-01 00:00:00 UTC,277,1217,412450350,4.5005555555555548
2014-05-01 00:00:00 UTC,277,1213,413434415,7.9356944444444446
2014-05-01 00:00:00 UTC,277,1217,412430644,2.7980555555555555
2014-05-01 00:00:00 UTC,277,1219,412416308,1.7538888888888891
2014-05-01 00:00:00 UTC,277,1218,412416308,0.29458333333333331
2014-05-01 00:00:00 UTC,277,1215,412433464,15.577361111111115
2014-05-01 00:00:00 UTC,277,1214,412433464,1.0365277777777777
2014-05-01 00:00:00 UTC,277,1213,412433723,8.5659722222222232
2014-05-01 00:00:00 UTC,277,1214,412433723,0.24555555555555553
2014-05-01 00:00:00 UTC,277,1219,412419132,3.5051388888888888
2014-05-01 00:00:00 UTC,277,1218,412419132,2.0018055555555554
2014-05-01 00:00:00 UTC,277,1218,412410428,2.3372222222222225
2014-05-01 00:00:00 UTC,277,1217,412448835,3.8636111111111111
2014-05-01 00:00:00 UTC,277,1216,412430663,2.5790277777777777
2014-05-01 00:00:00 UTC,277,1215,412430664,0.47958333333333331
2014-05-01 00:00:00 UTC,277,1216,412430664,2.3969444444444443
2014-05-01 00:00:00 UTC,277,1215,412432719,13.087083333333334
2014-05-01 00:00:00 UTC,277,1216,333304655,6.1605555555555558
2014-05-01 00:00:00 UTC,277,1219,333304655,6.01236111111111
2014-05-01 00:00:00 UTC,277,1226,412416852,1.4348611111111111
2014-05-01 00:00:00 UTC,277,1216,412433241,7.0976388888888886
2014-05-01 00:00:00 UTC,277,1222,412417633,2.8643055555555552
2014-05-01 00:00:00 UTC,277,1223,412417633,22.2175
2014-05-01 00:00:00 UTC,277,1221,412417633,0.53499999999999992
2014-05-01 00:00:00 UTC,277,1218,412415586,2.5000000000000004
2014-05-01 00:00:00 UTC,277,1218,412410211,3.7780555555555555
2014-05-01 00:00:00 UTC,277,1218,412415587,1.8991666666666667
2014-05-01 00:00:00 UTC,277,1216,412430693,1.966388888888889
2014-05-01 00:00:00 UTC,277,1215,412430693,0.79569444444444448
2014-05-01 00:00:00 UTC,277,1216,412430694,2.2233333333333336
2014-05-01 00:00:00 UTC,277,1215,412430694,0.5625
2014-05-01 00:00:00 UTC,277,1214,412415846,7.7677777777777779
2014-05-01 00:00:00 UTC,277,1215,412415846,0.47847222222222219
2014-05-01 00:00:00 UTC,277,1213,412415846,1.2884722222222222
2014-05-01 00:00:00 UTC,277,1218,412414323,2.0804166666666664
2014-05-01 00:00:00 UTC,277,1213,412416371,2.4548611111111112
2014-05-01 00:00:00 UTC,277,1215,412416371,1.0573611111111112
2014-05-01 00:00:00 UTC,277,1214,412416371,13.645694444444445
2014-05-01 00:00:00 UTC,277,1216,412432502,8.6809722222222216
2014-05-01 00:00:00 UTC,277,1222,412450427,12.15375
2014-05-01 00:00:00 UTC,277,1219,412410747,0.50847222222222221
2014-05-01 00:00:00 UTC,277,1218,412410747,0.30305555555555558
2014-05-01 00:00:00 UTC,277,1217,412410747,1.8945833333333333
2014-05-01 00:00:00 UTC,277,1721,431702140,2.7375
2014-05-01 00:00:00 UTC,277,1218,412418941,1.4908333333333332
2014-05-01 00:00:00 UTC,277,1219,412022141,4.6175
2014-05-01 00:00:00 UTC,277,1216,412022141,4.3530555555555548
2014-05-01 00:00:00 UTC,277,1218,412418942,1.4191666666666665
2014-05-01 00:00:00 UTC,277,1218,412418177,3.7366666666666668
2014-05-01 00:00:00 UTC,277,1218,412449921,0.28736111111111112
2014-05-01 00:00:00 UTC,277,1218,412419203,2.3123611111111111
2014-05-01 00:00:00 UTC,277,1219,412419203,0.73597222222222225
2014-05-01 00:00:00 UTC,277,1218,200000132,2.3018055555555552
2014-05-01 00:00:00 UTC,277,1219,200000132,0.46041666666666664
2014-05-01 00:00:00 UTC,277,1213,412433802,15.771527777777777
2014-05-01 00:00:00 UTC,277,1216,412450444,6.3554166666666667
2014-05-01 00:00:00 UTC,277,1219,412450444,4.9244444444444442
2014-05-01 00:00:00 UTC,277,1218,412441997,3.40625
2014-05-01 00:00:00 UTC,277,1219,412441997,0.25833333333333336
2014-05-01 00:00:00 UTC,277,1218,412400781,1.2956944444444445
2014-05-01 00:00:00 UTC,277,1217,412400781,3.4194444444444438
2014-05-01 00:00:00 UTC,277,1218,412400782,1.8394444444444444
2014-05-01 00:00:00 UTC,277,1217,412400782,2.9137500000000003
2014-05-01 00:00:00 UTC,277,1217,412410767,0.46708333333333335
2014-05-01 00:00:00 UTC,277,1214,400038800,1.0086111111111111
2014-05-01 00:00:00 UTC,277,1213,400038800,13.373055555555556
2014-05-01 00:00:00 UTC,277,1221,412437139,0.82916666666666661
2014-05-01 00:00:00 UTC,277,1216,412430485,1.0106944444444443
2014-05-01 00:00:00 UTC,277,1218,412442009,1.6431944444444444
2014-05-01 00:00:00 UTC,277,1219,412442009,3.0611111111111113
2014-05-01 00:00:00 UTC,277,1217,412415386,9.7743055555555536
2014-05-01 00:00:00 UTC,277,1216,412415386,1.0972222222222223
2014-05-01 00:00:00 UTC,277,1212,412430492,13.084444444444449
2014-05-01 00:00:00 UTC,277,1219,412442017,2.6805555555555554
2014-05-01 00:00:00 UTC,277,1221,412435875,3.2709722222222224
2014-05-01 00:00:00 UTC,277,1217,412450471,6.3431944444444452
2014-05-01 00:00:00 UTC,277,1219,412450471,0.24152777777777779
2014-05-01 00:00:00 UTC,277,1218,412450471,0.42513888888888884
2014-05-01 00:00:00 UTC,277,1217,412542120,1.025138888888889
2014-05-01 00:00:00 UTC,277,1218,412542120,0.93833333333333335
2014-05-01 00:00:00 UTC,277,1221,412437929,0.21861111111111112
2014-05-01 00:00:00 UTC,277,1218,412411562,0.3026388888888889
2014-05-01 00:00:00 UTC,277,1216,412450476,2.8211111111111111
2014-05-01 00:00:00 UTC,277,1217,412450476,0.5395833333333333
2014-05-01 00:00:00 UTC,277,1218,412450476,3.4215277777777775
2014-05-01 00:00:00 UTC,277,1214,412430253,6.5723611111111113
2014-05-01 00:00:00 UTC,277,1215,412432814,3.3270833333333329
2014-05-01 00:00:00 UTC,277,1218,412419247,1.6890277777777778
2014-05-01 00:00:00 UTC,277,1219,412419247,0.8575
2014-05-01 00:00:00 UTC,277,1214,412433583,12.553333333333331
2014-05-01 00:00:00 UTC,277,1215,412433328,0.95277777777777772
2014-05-01 00:00:00 UTC,277,1213,412433841,9.4159722222222211
2014-05-01 00:00:00 UTC,277,1214,412416434,17.473750000000003
2014-05-01 00:00:00 UTC,277,1219,412410291,1.1313888888888888
2014-05-01 00:00:00 UTC,277,1218,412410291,0.74416666666666664
2014-05-01 00:00:00 UTC,277,1215,412414643,1.8715277777777775
2014-05-01 00:00:00 UTC,277,1218,412410293,4.5159722222222216
2014-05-01 00:00:00 UTC,277,1213,412433846,1.5783333333333334
2014-05-01 00:00:00 UTC,277,1214,412433846,2.4566666666666666
2014-05-01 00:00:00 UTC,277,1213,236985785,10.424722222222226
2014-05-01 00:00:00 UTC,277,1212,412431545,4.943194444444444
2014-05-01 00:00:00 UTC,277,1218,412411577,0.21013888888888888
2014-05-01 00:00:00 UTC,277,1219,412410298,1.3523611111111111
2014-05-01 00:00:00 UTC,277,1218,412410298,4.6761111111111093
2014-05-01 00:00:00 UTC,277,1218,412410299,4.240555555555555
2014-05-01 00:00:00 UTC,277,1219,412410299,0.97152777777777777
2014-05-01 00:00:00 UTC,277,1212,412431554,1.0652777777777778
2014-05-01 00:00:00 UTC,277,1213,412417731,6.9287500000000009
2014-05-01 00:00:00 UTC,277,1214,412417731,4.6495833333333323
2014-05-01 00:00:00 UTC,277,1216,412417989,4.6441666666666661
2014-05-01 00:00:00 UTC,277,1217,412417989,2.065
2014-05-01 00:00:00 UTC,277,1212,412431558,9.4631944444444454
2014-05-01 00:00:00 UTC,277,1216,412432326,1.0456944444444445
2014-05-01 00:00:00 UTC,277,1216,412430535,0.52569444444444446
2014-05-01 00:00:00 UTC,277,1218,412449991,0.24208333333333332
2014-05-01 00:00:00 UTC,277,1216,412000199,8.5719444444444424
2014-05-01 00:00:00 UTC,277,1219,412430026,4.1043055555555554
2014-05-01 00:00:00 UTC,277,1218,412430026,1.0041666666666667
2014-05-01 00:00:00 UTC,277,1218,412419788,4.6741666666666655
2014-05-01 00:00:00 UTC,277,1217,413548748,4.1268055555555545
2014-05-01 00:00:00 UTC,277,1218,412419789,4.20125
2014-05-01 00:00:00 UTC,277,1219,412419789,0.93222222222222217
2014-05-01 00:00:00 UTC,277,1216,412430029,2.6270833333333332
2014-05-01 00:00:00 UTC,277,1215,412430029,0.71500000000000008
2014-05-01 00:00:00 UTC,277,1214,223233231,7.6194444444444445
2014-05-01 00:00:00 UTC,277,1215,412430547,5.445
2014-05-01 00:00:00 UTC,277,1216,412430547,1.1806944444444443
2014-05-01 00:00:00 UTC,277,1215,412430548,4.4888888888888889
2014-05-01 00:00:00 UTC,277,1221,412435924,4.0791666666666675
2014-05-01 00:00:00 UTC,277,1212,412431578,12.633055555555554
2014-05-01 00:00:00 UTC,277,1216,412450012,4.2894444444444444
2014-05-01 00:00:00 UTC,277,1218,200008668,4.2594444444444441
2014-05-01 00:00:00 UTC,277,1219,412419806,1.1902777777777778
2014-05-01 00:00:00 UTC,277,1218,412419806,1.1712500000000001
2014-05-01 00:00:00 UTC,277,1212,412431582,12.568333333333333
2014-05-01 00:00:00 UTC,277,1218,412412382,1.5116666666666667
2014-05-01 00:00:00 UTC,277,1218,412419807,1.1647222222222222
2014-05-01 00:00:00 UTC,277,1219,412419807,1.2440277777777777
2014-05-01 00:00:00 UTC,277,1213,412434402,0.35305555555555557
2014-05-01 00:00:00 UTC,277,1218,412419811,4.2938888888888895
2014-05-01 00:00:00 UTC,277,1219,412417509,0.79847222222222214
2014-05-01 00:00:00 UTC,277,1219,413000936,0.41152777777777777
2014-05-01 00:00:00 UTC,277,1218,413000936,2.5005555555555556
2014-05-01 00:00:00 UTC,277,1217,412430057,1.2626388888888891
2014-05-01 00:00:00 UTC,277,1218,412410348,1.3724999999999998
2014-05-01 00:00:00 UTC,277,1215,412430573,0.93847222222222226
2014-05-01 00:00:00 UTC,277,1216,412430573,2.1284722222222223
2014-05-01 00:00:00 UTC,277,1209,412434413,10.491944444444444
2014-05-01 00:00:00 UTC,277,1210,412434413,0.65458333333333341
2014-05-01 00:00:00 UTC,277,1218,412410349,1.1930555555555555
2014-05-01 00:00:00 UTC,277,1213,412434414,5.5993055555555564
2014-05-01 00:00:00 UTC,277,1218,412412142,3.7743055555555554
2014-05-01 00:00:00 UTC,277,1213,412434416,3.6866666666666665
2014-05-01 00:00:00 UTC,277,1209,412434416,2.3472222222222223
2014-05-01 00:00:00 UTC,277,1211,412434416,1.6008333333333331
2014-05-01 00:00:00 UTC,277,1218,412410352,0.30652777777777779
2014-05-01 00:00:00 UTC,277,1216,412432882,6.8301388888888894
2014-05-01 00:00:00 UTC,277,1210,412434419,2.8591666666666669
2014-05-01 00:00:00 UTC,277,1213,412434421,0.78986111111111112
2014-05-01 00:00:00 UTC,277,1209,412434421,7.8356944444444432
2014-05-01 00:00:00 UTC,277,1212,412434421,2.825277777777778
2014-05-01 00:00:00 UTC,277,1212,412434422,3.1258333333333339
2014-05-01 00:00:00 UTC,277,1223,412411638,15.119166666666665
2014-05-01 00:00:00 UTC,277,1221,412443897,6.3805555555555564
2014-05-01 00:00:00 UTC,277,1222,412443897,3.7387500000000005
2014-05-01 00:00:00 UTC,277,1218,412415993,2.3288888888888892
2014-05-01 00:00:00 UTC,277,1218,412450042,1.7620833333333334
2014-05-01 00:00:00 UTC,277,1217,200005885,0.83777777777777784
2014-05-01 00:00:00 UTC,533,53,244032000,1.0550000000000002
2014-05-01 00:00:00 UTC,533,57,244043520,2.5702777777777777
2014-05-01 00:00:00 UTC,533,56,244043520,0.84902777777777771
2014-05-01 00:00:00 UTC,533,58,244043520,0.6629166666666666
2014-05-01 00:00:00 UTC,533,57,244030722,0.85680555555555549
2014-05-01 00:00:00 UTC,533,56,244030722,4.5101388888888883
2014-05-01 00:00:00 UTC,533,49,244586000,1.4556944444444446
2014-05-01 00:00:00 UTC,533,69,211530000,1.675138888888889
2014-05-01 00:00:00 UTC,533,52,246431000,0.21638888888888888
2014-05-01 00:00:00 UTC,533,53,246431000,0.82458333333333322
2014-05-01 00:00:00 UTC,533,54,244212000,7.8654166666666665
2014-05-01 00:00:00 UTC,533,50,244659000,11.581666666666669
2014-05-01 00:00:00 UTC,533,51,244659000,3.8997222222222216
2014-05-01 00:00:00 UTC,533,49,244659000,0.44916666666666671
2014-05-01 00:00:00 UTC,533,49,244211000,3.1691666666666669
2014-05-01 00:00:00 UTC,533,48,244211000,0.3025
2014-05-01 00:00:00 UTC,533,49,244328000,4.909305555555556
2014-05-01 00:00:00 UTC,533,50,244328000,0.87458333333333338
2014-05-01 00:00:00 UTC,533,48,245352000,1.6305555555555555
2014-05-01 00:00:00 UTC,533,49,245352000,4.7318055555555558
2014-05-01 00:00:00 UTC,533,50,245352000,1.0418055555555557
2014-05-01 00:00:00 UTC,533,51,244818000,3.6929166666666671
2014-05-01 00:00:00 UTC,533,50,244818000,0.4225
2014-05-01 00:00:00 UTC,533,52,246055000,0.22083333333333333
2014-05-01 00:00:00 UTC,533,50,246055000,1.9031944444444446
2014-05-01 00:00:00 UTC,533,51,246055000,1.6954166666666666
2014-05-01 00:00:00 UTC,533,49,246055000,1.0575
2014-05-01 00:00:00 UTC,533,51,244572000,0.67958333333333321
2014-05-01 00:00:00 UTC,533,52,244572000,1.04
2014-05-01 00:00:00 UTC,533,53,244572000,0.66833333333333333
2014-05-01 00:00:00 UTC,533,50,244572000,0.21111111111111111
2014-05-01 00:00:00 UTC,533,50,245617000,1.2933333333333334
2014-05-01 00:00:00 UTC,533,50,245553000,3.4247222222222224
2014-05-01 00:00:00 UTC,533,51,245553000,0.44930555555555557
2014-05-01 00:00:00 UTC,533,48,244070000,2.3079166666666668
2014-05-01 00:00:00 UTC,533,50,244070000,1.9347222222222222
2014-05-01 00:00:00 UTC,533,49,244070000,4.5058333333333342
2014-05-01 00:00:00 UTC,533,51,244070000,0.41805555555555557
2014-05-01 00:00:00 UTC,533,50,205286000,1.5005555555555554
2014-05-01 00:00:00 UTC,533,49,205286000,2.4701388888888891
2014-05-01 00:00:00 UTC,533,50,244358000,0.21694444444444444
2014-05-01 00:00:00 UTC,533,54,244763000,5.3233333333333324
2014-05-01 00:00:00 UTC,533,53,244368000,8.25763888888889
2014-05-01 00:00:00 UTC,533,48,245914000,0.2361111111111111
2014-05-01 00:00:00 UTC,533,48,244634000,5.9956944444444442
2014-05-01 00:00:00 UTC,533,50,244634000,8.5812499999999989
2014-05-01 00:00:00 UTC,533,49,244634000,6.643888888888891
2014-05-01 00:00:00 UTC,533,53,244570000,1.252361111111111
2014-05-01 00:00:00 UTC,533,52,244570000,0.43291666666666667
2014-05-01 00:00:00 UTC,533,51,244570000,1.285
2014-05-01 00:00:00 UTC,533,50,244570000,0.20916666666666667
2014-05-01 00:00:00 UTC,533,50,244790684,2.31875
2014-05-01 00:00:00 UTC,533,49,246189000,1.5329166666666667
2014-05-01 00:00:00 UTC,533,50,246189000,0.69513888888888886
2014-05-01 00:00:00 UTC,533,50,245442000,8.45125
2014-05-01 00:00:00 UTC,533,49,245442000,1.7066666666666666
2014-05-01 00:00:00 UTC,533,51,245442000,0.645
2014-05-01 00:00:00 UTC,533,54,244610000,6.1894444444444447
2014-05-01 00:00:00 UTC,533,49,246135000,0.2227777777777778
2014-05-01 00:00:00 UTC,533,48,246135000,2.723611111111111
2014-05-01 00:00:00 UTC,533,-36,232006630,0.38180555555555551
2014-05-01 00:00:00 UTC,533,50,244982000,1.0379166666666666
2014-05-01 00:00:00 UTC,533,51,244982000,0.67333333333333334
2014-05-01 00:00:00 UTC,533,49,244982000,3.5174999999999996
2014-05-01 00:00:00 UTC,533,48,244982000,0.29013888888888889
2014-05-01 00:00:00 UTC,533,56,245366000,0.65111111111111108
2014-05-01 00:00:00 UTC,-491,-658,701006119,10.574444444444444
2014-05-01 00:00:00 UTC,-491,-659,701006119,2.0244444444444443
2014-05-01 00:00:00 UTC,-491,1665,512400000,3.0502777777777776
2014-05-01 00:00:00 UTC,-491,1666,512400000,7.7584722222222222
2014-05-01 00:00:00 UTC,-491,-605,416527000,3.9040277777777779
2014-05-01 00:00:00 UTC,-491,-654,701006056,3.9044444444444446
2014-05-01 00:00:00 UTC,-491,-655,701006056,1.5030555555555556
2014-05-01 00:00:00 UTC,22,1765,440704000,2.1168055555555556
2014-05-01 00:00:00 UTC,22,1768,440704000,1.7958333333333334
2014-05-01 00:00:00 UTC,22,1766,440704000,1.8
2014-05-01 00:00:00 UTC,22,1767,440704000,1.7498611111111111
2014-05-01 00:00:00 UTC,22,1769,440704000,0.4291666666666667
2014-05-01 00:00:00 UTC,22,1763,440704000,0.93041666666666667
2014-05-01 00:00:00 UTC,22,-1665,440778000,0.89180555555555563
2014-05-01 00:00:00 UTC,22,-375,263572000,1.0140277777777778
2014-05-01 00:00:00 UTC,22,-1240,432468000,1.8791666666666667
2014-05-01 00:00:00 UTC,22,-240,224286000,1.2351388888888888
2014-05-01 00:00:00 UTC,22,-1583,441811000,0.47361111111111109
2014-05-01 00:00:00 UTC,22,1768,440946000,0.85555555555555562
2014-05-01 00:00:00 UTC,22,1771,440946000,1.4719444444444445
2014-05-01 00:00:00 UTC,22,1769,440946000,0.95972222222222214
2014-05-01 00:00:00 UTC,22,1767,440946000,1.1316666666666666
2014-05-01 00:00:00 UTC,22,1758,441084000,1.9733333333333332
2014-05-01 00:00:00 UTC,22,-1608,440934000,2.7498611111111111
2014-05-01 00:00:00 UTC,22,-1607,440934000,1.875
2014-05-01 00:00:00 UTC,22,-1609,440934000,7.999305555555555
2014-05-01 00:00:00 UTC,22,-1605,440934000,0.90055555555555555
2014-05-01 00:00:00 UTC,22,-1610,440934000,1.8747222222222222
2014-05-01 00:00:00 UTC,22,-1606,440934000,1.4001388888888888
2014-05-01 00:00:00 UTC,22,1758,440731000,1.9404166666666667
2014-05-01 00:00:00 UTC,22,1747,440987000,2.7875
2014-05-01 00:00:00 UTC,22,1750,440987000,0.86
2014-05-01 00:00:00 UTC,22,1748,440987000,4.6775
2014-05-01 00:00:00 UTC,22,1751,440987000,1.2263888888888888
2014-05-01 00:00:00 UTC,22,1749,440987000,1.906805555555555
2014-05-01 00:00:00 UTC,22,1754,440987000,0.48194444444444445
2014-05-01 00:00:00 UTC,22,1753,440987000,2.4754166666666668
2014-05-01 00:00:00 UTC,22,1752,440987000,1.6545833333333333
2014-05-01 00:00:00 UTC,22,-1682,440624000,0.75944444444444437
2014-05-01 00:00:00 UTC,22,-1379,441680000,0.91944444444444451
2014-05-01 00:00:00 UTC,22,-1380,441680000,0.92972222222222223
2014-05-01 00:00:00 UTC,22,1783,440858000,5.662638888888889
2014-05-01 00:00:00 UTC,22,1784,440858000,1.1084722222222223
2014-05-01 00:00:00 UTC,22,-1339,735057565,0.2902777777777778
2014-05-01 00:00:00 UTC,22,1747,441869000,2.755
2014-05-01 00:00:00 UTC,22,1754,441869000,1.2805555555555554
2014-05-01 00:00:00 UTC,22,1752,441869000,0.84875
2014-05-01 00:00:00 UTC,22,1753,441869000,1.6404166666666669
2014-05-01 00:00:00 UTC,22,-1391,431938000,2.0625
2014-05-01 00:00:00 UTC,22,1794,416003803,0.86138888888888887
2014-05-01 00:00:00 UTC,22,-1625,440950000,1.7337500000000001
2014-05-01 00:00:00 UTC,22,-1626,440950000,2.0536111111111111
2014-05-01 00:00:00 UTC,22,-1627,440950000,1.8855555555555554
2014-05-01 00:00:00 UTC,278,1212,200004100,1.8201388888888888
2014-05-01 00:00:00 UTC,278,1217,413578501,1.6398611111111112
2014-05-01 00:00:00 UTC,278,1214,412417286,7.7808333333333337
2014-05-01 00:00:00 UTC,278,1215,412417286,2.3047222222222223
2014-05-01 00:00:00 UTC,278,1219,412417542,3.2822222222222215
2014-05-01 00:00:00 UTC,278,1219,412417543,10.410277777777777
2014-05-01 00:00:00 UTC,278,1223,412443912,0.2625
2014-05-01 00:00:00 UTC,278,1222,412443912,2.1508333333333334
2014-05-01 00:00:00 UTC,278,1221,412443912,10.292361111111113
2014-05-01 00:00:00 UTC,278,1218,412412168,4.45125
2014-05-01 00:00:00 UTC,278,1221,412443914,14.367500000000001
2014-05-01 00:00:00 UTC,278,1222,412443914,12.531666666666668
2014-05-01 00:00:00 UTC,278,1216,413056010,7.4645833333333336
2014-05-01 00:00:00 UTC,278,1217,412411658,1.4247222222222224
2014-05-01 00:00:00 UTC,278,1219,412411658,5.2669444444444462
2014-05-01 00:00:00 UTC,278,1220,412411658,0.55499999999999994
2014-05-01 00:00:00 UTC,278,1218,412411658,2.3816666666666668
2014-05-01 00:00:00 UTC,278,1213,412430092,2.838194444444444
2014-05-01 00:00:00 UTC,278,1218,412417558,4.0320833333333335
2014-05-01 00:00:00 UTC,278,1218,412410391,3.4111111111111114
2014-05-01 00:00:00 UTC,278,1219,412410391,1.06125
2014-05-01 00:00:00 UTC,278,1214,412434202,0.9836111111111111
2014-05-01 00:00:00 UTC,278,1219,412417818,6.7830555555555545
2014-05-01 00:00:00 UTC,278,1220,412417818,1.0634722222222222
2014-05-01 00:00:00 UTC,278,1218,413757979,2.1545833333333331
2014-05-01 00:00:00 UTC,278,1219,412410651,1.5465277777777775
2014-05-01 00:00:00 UTC,278,1218,412417563,2.8052777777777775
2014-05-01 00:00:00 UTC,278,1217,412415004,3.0106944444444443
2014-05-01 00:00:00 UTC,278,1219,412416284,2.846111111111111
2014-05-01 00:00:00 UTC,278,1218,412416284,0.62638888888888888
2014-05-01 00:00:00 UTC,278,1214,412434205,0.1525
2014-05-01 00:00:00 UTC,278,1213,412434205,2.7404166666666661
2014-05-01 00:00:00 UTC,278,1216,412123422,4.5379166666666677
2014-05-01 00:00:00 UTC,278,1222,412412446,1.1359722222222222
2014-05-01 00:00:00 UTC,278,1221,412412446,8.8980555555555547
2014-05-01 00:00:00 UTC,278,1219,412417566,0.155
2014-05-01 00:00:00 UTC,278,1218,412417566,3.5527777777777776
2014-05-01 00:00:00 UTC,278,1214,412414751,13.34138888888889
2014-05-01 00:00:00 UTC,278,1213,412414751,8.7355555555555551
2014-05-01 00:00:00 UTC,278,1217,412415007,3.4731944444444447
2014-05-01 00:00:00 UTC,278,1218,412416288,2.769166666666667
2014-05-01 00:00:00 UTC,278,1217,412410402,2.078611111111111
2014-05-01 00:00:00 UTC,278,1218,412410402,0.75277777777777777
2014-05-01 00:00:00 UTC,278,1219,412410402,1.0669444444444445
2014-05-01 00:00:00 UTC,278,1217,412410403,2.0256944444444445
2014-05-01 00:00:00 UTC,278,1219,412410403,0.84194444444444438
2014-05-01 00:00:00 UTC,278,1218,412410403,0.30666666666666664
2014-05-01 00:00:00 UTC,278,1215,412434212,3.0945833333333335
2014-05-01 00:00:00 UTC,278,1214,412434212,3.3915277777777781
2014-05-01 00:00:00 UTC,278,1219,412410404,2.0530555555555559
2014-05-01 00:00:00 UTC,278,1218,412410404,2.1140277777777778
2014-05-01 00:00:00 UTC,278,1218,412410405,1.4740277777777779
2014-05-01 00:00:00 UTC,278,1219,412410405,1.502361111111111
2014-05-01 00:00:00 UTC,278,1219,412410406,1.3431944444444446
2014-05-01 00:00:00 UTC,278,1218,412410406,2.4786111111111113
2014-05-01 00:00:00 UTC,278,1218,412410407,1.6818055555555556
2014-05-01 00:00:00 UTC,278,1219,412410407,2.2583333333333333
2014-05-01 00:00:00 UTC,278,1219,412419113,4.7520833333333332
2014-05-01 00:00:00 UTC,278,1218,412419113,2.4127777777777779
2014-05-01 00:00:00 UTC,278,1217,412410409,0.23291666666666666
2014-05-01 00:00:00 UTC,278,1218,412450347,9.10763888888889
2014-05-01 00:00:00 UTC,278,1216,412123435,6.2594444444444433
2014-05-01 00:00:00 UTC,278,1218,412412971,3.5797222222222222
2014-05-01 00:00:00 UTC,278,1219,412410413,2.5152777777777779
2014-05-01 00:00:00 UTC,278,1218,412410413,3.3547222222222222
2014-05-01 00:00:00 UTC,278,1217,412410413,2.0083333333333337
2014-05-01 00:00:00 UTC,278,1213,412434222,1.0426388888888889
2014-05-01 00:00:00 UTC,278,1219,412410414,2.30875
2014-05-01 00:00:00 UTC,278,1218,412410414,2.5749999999999997
2014-05-01 00:00:00 UTC,278,1217,412410414,1.9402777777777782
2014-05-01 00:00:00 UTC,278,1213,413434415,4.4187499999999993
2014-05-01 00:00:00 UTC,278,1216,412469039,7.9387499999999989
2014-05-01 00:00:00 UTC,278,1218,412412975,0.23638888888888887
2014-05-01 00:00:00 UTC,278,1219,412412977,4.1790277777777787
2014-05-01 00:00:00 UTC,278,1218,412412977,2.6976388888888887
2014-05-01 00:00:00 UTC,278,1218,412412978,2.2401388888888891
2014-05-01 00:00:00 UTC,278,1219,412412978,4.3143055555555554
2014-05-01 00:00:00 UTC,278,1219,412416308,6.9427777777777768
2014-05-01 00:00:00 UTC,278,1218,412416308,0.98333333333333328
2014-05-01 00:00:00 UTC,278,1214,412417332,8.6245833333333355
2014-05-01 00:00:00 UTC,278,1218,412410423,2.5975
2014-05-01 00:00:00 UTC,278,1219,412412984,4.4027777777777777
2014-05-01 00:00:00 UTC,278,1217,412449849,16.361388888888886
2014-05-01 00:00:00 UTC,278,1218,412449849,2.0252777777777777
2014-05-01 00:00:00 UTC,278,1218,200006201,4.5954166666666669
2014-05-01 00:00:00 UTC,278,1218,412419132,2.2466666666666666
2014-05-01 00:00:00 UTC,278,1219,412410428,4.5933333333333337
2014-05-01 00:00:00 UTC,278,1218,412410428,1.9177777777777778
2014-05-01 00:00:00 UTC,278,1219,412410432,7.0324999999999989
2014-05-01 00:00:00 UTC,278,1218,412410432,1.3379166666666666
2014-05-01 00:00:00 UTC,278,1219,412410433,4.4634722222222223
2014-05-01 00:00:00 UTC,278,1218,412410433,1.7777777777777777
2014-05-01 00:00:00 UTC,278,1217,412448835,1.5759722222222221
2014-05-01 00:00:00 UTC,278,1216,412430664,0.2688888888888889
2014-05-01 00:00:00 UTC,278,1218,412412236,0.43708333333333338
2014-05-01 00:00:00 UTC,278,1219,412412236,1.2443055555555556
2014-05-01 00:00:00 UTC,278,1218,412412237,1.2190277777777778
2014-05-01 00:00:00 UTC,278,1219,333304655,6.3270833333333343
2014-05-01 00:00:00 UTC,278,1216,412433241,0.46180555555555552
2014-05-01 00:00:00 UTC,278,1218,412416347,3.5130555555555554
2014-05-01 00:00:00 UTC,278,1215,412416605,2.6741666666666659
2014-05-01 00:00:00 UTC,278,1214,412416605,8.135
2014-05-01 00:00:00 UTC,278,1218,412417121,5.2945833333333336
2014-05-01 00:00:00 UTC,278,1217,412417121,0.5379166666666666
2014-05-01 00:00:00 UTC,278,1222,412417633,1.0869444444444445
2014-05-01 00:00:00 UTC,278,1218,412415586,3.4176388888888884
2014-05-01 00:00:00 UTC,278,1218,412410211,1.0508333333333333
2014-05-01 00:00:00 UTC,278,1218,412415587,3.5595833333333333
2014-05-01 00:00:00 UTC,278,1223,412419177,14.409583333333332
2014-05-01 00:00:00 UTC,278,1218,412411501,2.2854166666666664
2014-05-01 00:00:00 UTC,278,1217,412411501,4.67125
2014-05-01 00:00:00 UTC,278,1219,412411503,1.2605555555555557
2014-05-01 00:00:00 UTC,278,1217,412411503,5.4326388888888895
2014-05-01 00:00:00 UTC,278,1218,412411503,2.3583333333333334
2014-05-01 00:00:00 UTC,278,1219,412414323,1.836111111111111
2014-05-01 00:00:00 UTC,278,1217,412414586,3.2122222222222225
2014-05-01 00:00:00 UTC,278,1219,412410747,4.0070833333333331
2014-05-01 00:00:00 UTC,278,1217,412410747,0.87861111111111112
2014-05-01 00:00:00 UTC,278,1218,412410747,0.92486111111111113
2014-05-01 00:00:00 UTC,278,1217,412414331,4.0795833333333338
2014-05-01 00:00:00 UTC,278,1720,431702140,5.1883333333333326
2014-05-01 00:00:00 UTC,278,1218,412418941,1.6273611111111113
2014-05-01 00:00:00 UTC,278,1219,412414333,6.8283333333333331
2014-05-01 00:00:00 UTC,278,1219,412022141,4.6170833333333325
2014-05-01 00:00:00 UTC,278,1218,412022141,0.87944444444444447
2014-05-01 00:00:00 UTC,278,1218,412418942,1.7581944444444444
2014-05-01 00:00:00 UTC,278,1217,412410238,1.2588888888888889
2014-05-01 00:00:00 UTC,278,1217,412414334,3.55375
2014-05-01 00:00:00 UTC,278,1218,412418177,1.4425000000000001
2014-05-01 00:00:00 UTC,278,1219,412418177,1.867361111111111
2014-05-01 00:00:00 UTC,278,1218,412449921,0.28444444444444444
2014-05-01 00:00:00 UTC,278,1218,412419203,1.8787500000000001
2014-05-01 00:00:00 UTC,278,1219,412419203,1.4416666666666669
2014-05-01 00:00:00 UTC,278,1219,200000132,8.0181944444444433
2014-05-01 00:00:00 UTC,278,1218,200000132,0.53125
2014-05-01 00:00:00 UTC,278,1218,413688199,5.7951388888888884
2014-05-01 00:00:00 UTC,278,1217,413688199,0.51583333333333337
2014-05-01 00:00:00 UTC,278,1219,412412297,0.882638888888889
2014-05-01 00:00:00 UTC,278,1218,413002121,0.83875
2014-05-01 00:00:00 UTC,278,1218,412412298,1.055
2014-05-01 00:00:00 UTC,278,1219,412412298,0.58555555555555561
2014-05-01 00:00:00 UTC,278,1218,412450444,3.1002777777777775
2014-05-01 00:00:00 UTC,278,1219,412450444,2.6997222222222224
2014-05-01 00:00:00 UTC,278,1218,412441997,0.30819444444444444
2014-05-01 00:00:00 UTC,278,1218,412400781,2.5847222222222221
2014-05-01 00:00:00 UTC,278,1218,412400782,2.2456944444444447
2014-05-01 00:00:00 UTC,278,1218,412410767,2.0718055555555552
2014-05-01 00:00:00 UTC,278,1217,412410767,1.4801388888888889
2014-05-01 00:00:00 UTC,278,1218,412411792,2.9113888888888888
2014-05-01 00:00:00 UTC,278,1219,412414356,6.6337499999999991
2014-05-01 00:00:00 UTC,278,1217,412416408,2.5958333333333337
2014-05-01 00:00:00 UTC,278,1219,412442009,2.5334722222222221
2014-05-01 00:00:00 UTC,278,1218,412442009,0.32499999999999996
2014-05-01 00:00:00 UTC,278,1218,412411801,2.36
2014-05-01 00:00:00 UTC,278,1219,412411801,0.49
2014-05-01 00:00:00 UTC,278,1217,412416409,1.7769444444444444
2014-05-01 00:00:00 UTC,278,1216,230024091,7.7523611111111119
2014-05-01 00:00:00 UTC,278,1218,412416158,1.7768055555555557
2014-05-01 00:00:00 UTC,278,1219,412416158,1.3783333333333334
2014-05-01 00:00:00 UTC,278,1216,412430753,0.5325
2014-05-01 00:00:00 UTC,278,1219,412442017,3.2218055555555556
2014-05-01 00:00:00 UTC,278,1218,412442017,3.5473611111111114
2014-05-01 00:00:00 UTC,278,1222,412435875,9.8456944444444439
2014-05-01 00:00:00 UTC,278,1221,412435875,1.316527777777778
2014-05-01 00:00:00 UTC,278,1221,412417699,1.7777777777777777
2014-05-01 00:00:00 UTC,278,1219,412450471,4.4263888888888889
2014-05-01 00:00:00 UTC,278,1218,412542120,0.54472222222222211
2014-05-01 00:00:00 UTC,278,1218,412411562,2.3608333333333333
2014-05-01 00:00:00 UTC,278,1219,412419247,7.25375
2014-05-01 00:00:00 UTC,278,1218,412419247,1.0631944444444446
2014-05-01 00:00:00 UTC,278,1218,412441265,4.3801388888888892
2014-05-01 00:00:00 UTC,278,1219,412441265,4.7904166666666672
2014-05-01 00:00:00 UTC,278,1218,412410291,1.235
2014-05-01 00:00:00 UTC,278,1219,412410291,5.8505555555555562
2014-05-01 00:00:00 UTC,278,1215,412414643,4.4945833333333329
2014-05-01 00:00:00 UTC,278,1219,412410292,10.685833333333333
2014-05-01 00:00:00 UTC,278,1218,412410292,0.91555555555555557
2014-05-01 00:00:00 UTC,278,1218,412410293,0.72722222222222221
2014-05-01 00:00:00 UTC,278,1220,412410293,1.7402777777777778
2014-05-01 00:00:00 UTC,278,1219,412410293,1.4215277777777777
2014-05-01 00:00:00 UTC,278,1218,412411577,2.77125
2014-05-01 00:00:00 UTC,278,1219,412410298,1.5111111111111111
2014-05-01 00:00:00 UTC,278,1218,412410298,0.96930555555555553
2014-05-01 00:00:00 UTC,278,1218,200004027,3.7122222222222225
2014-05-01 00:00:00 UTC,278,1219,200004027,3.0509722222222218
2014-05-01 00:00:00 UTC,278,1218,412410299,2.1566666666666667
2014-05-01 00:00:00 UTC,278,1219,412410299,1.4413888888888891
2014-05-01 00:00:00 UTC,278,1218,412419516,4.0368055555555555
2014-05-01 00:00:00 UTC,278,1217,412410304,0.22652777777777777
2014-05-01 00:00:00 UTC,278,1217,412410305,1.5080555555555557
2014-05-01 00:00:00 UTC,278,1218,412410305,4.5019444444444439
2014-05-01 00:00:00 UTC,278,1217,412410306,1.2890277777777779
2014-05-01 00:00:00 UTC,278,1218,412410306,3.9737500000000003
2014-05-01 00:00:00 UTC,278,1215,412417731,0.93680555555555556
2014-05-01 00:00:00 UTC,278,1213,412417731,0.63402777777777775
2014-05-01 00:00:00 UTC,278,1214,412417731,7.1547222222222215
2014-05-01 00:00:00 UTC,278,1216,412417989,0.91791666666666671
2014-05-01 00:00:00 UTC,278,1218,412449991,2.7166666666666672
2014-05-01 00:00:00 UTC,278,1219,412430026,5.3468055555555551
2014-05-01 00:00:00 UTC,278,1220,412419788,1.4977777777777779
2014-05-01 00:00:00 UTC,278,1218,412419788,2.2002777777777776
2014-05-01 00:00:00 UTC,278,1218,413548748,1.2923611111111111
2014-05-01 00:00:00 UTC,278,1220,412419789,1.2111111111111112
2014-05-01 00:00:00 UTC,278,1218,412419789,2.7852777777777771
2014-05-01 00:00:00 UTC,278,1215,223233231,1.2033333333333331
2014-05-01 00:00:00 UTC,278,1217,412410323,1.127361111111111
2014-05-01 00:00:00 UTC,278,1222,412435924,8.695277777777779
2014-05-01 00:00:00 UTC,278,1221,412435924,1.2547222222222221
2014-05-01 00:00:00 UTC,278,1217,412410324,1.2306944444444443
2014-05-01 00:00:00 UTC,278,1218,412410836,1.3302777777777779
2014-05-01 00:00:00 UTC,278,1218,412410837,1.5261111111111112
2014-05-01 00:00:00 UTC,278,1219,412410327,0.87847222222222232
2014-05-01 00:00:00 UTC,278,1218,412410327,2.9498611111111113
2014-05-01 00:00:00 UTC,278,1218,412410328,3.0963888888888893
2014-05-01 00:00:00 UTC,278,1219,412410328,1.7618055555555554
2014-05-01 00:00:00 UTC,278,1217,412410075,1.0887499999999999
2014-05-01 00:00:00 UTC,278,1216,412450012,3.7063888888888883
2014-05-01 00:00:00 UTC,278,1217,412410076,1.1981944444444443
2014-05-01 00:00:00 UTC,278,1217,412410332,0.42638888888888887
2014-05-01 00:00:00 UTC,278,1217,412410333,0.22249999999999998
2014-05-01 00:00:00 UTC,278,1219,412419806,2.6613888888888884
2014-05-01 00:00:00 UTC,278,1220,412419806,1.358611111111111
2014-05-01 00:00:00 UTC,278,1218,412419806,2.3529166666666663
2014-05-01 00:00:00 UTC,278,1219,412412382,1.9219444444444442
2014-05-01 00:00:00 UTC,278,1218,412412382,1.3852777777777778
2014-05-01 00:00:00 UTC,278,1220,412419807,0.28583333333333333
2014-05-01 00:00:00 UTC,278,1218,412419807,2.3491666666666666
2014-05-01 00:00:00 UTC,278,1219,412419807,3.4768055555555555
2014-05-01 00:00:00 UTC,278,1219,412412383,1.626527777777778
2014-05-01 00:00:00 UTC,278,1218,412419296,3.5947222222222219
2014-05-01 00:00:00 UTC,278,1213,412434402,3.9258333333333333
2014-05-01 00:00:00 UTC,278,1220,412419811,1.5298611111111113
2014-05-01 00:00:00 UTC,278,1218,412419811,0.8093055555555555
2014-05-01 00:00:00 UTC,278,1219,412419811,1.5931944444444444
2014-05-01 00:00:00 UTC,278,1219,412417509,4.8452777777777776
2014-05-01 00:00:00 UTC,278,1218,412417509,1.12625
2014-05-01 00:00:00 UTC,278,1214,412434406,1.2708333333333333
2014-05-01 00:00:00 UTC,278,1213,412434406,1.4105555555555556
2014-05-01 00:00:00 UTC,278,1216,412418022,7.2740277777777766
2014-05-01 00:00:00 UTC,278,1218,413000936,2.1380555555555554
2014-05-01 00:00:00 UTC,278,1219,413000936,3.2815277777777778
2014-05-01 00:00:00 UTC,278,1209,412434412,3.748333333333334
2014-05-01 00:00:00 UTC,278,1218,412410348,0.56611111111111112
2014-05-01 00:00:00 UTC,278,1219,412410348,3.4963888888888892
2014-05-01 00:00:00 UTC,278,1219,412410349,2.3073611111111108
2014-05-01 00:00:00 UTC,278,1218,412410349,0.99236111111111114
2014-05-01 00:00:00 UTC,278,1213,412434414,5.6252777777777769
2014-05-01 00:00:00 UTC,278,1219,412412142,1.5769444444444445
2014-05-01 00:00:00 UTC,278,1218,412412142,2.0144444444444445
2014-05-01 00:00:00 UTC,278,1218,412410352,4.4979166666666668
2014-05-01 00:00:00 UTC,278,1217,412410352,2.9605555555555552
2014-05-01 00:00:00 UTC,278,1213,412434419,2.3001388888888892
2014-05-01 00:00:00 UTC,278,1209,412434421,0.35138888888888886
2014-05-01 00:00:00 UTC,278,1220,412417014,0.51277777777777778
2014-05-01 00:00:00 UTC,278,1219,412417014,2.2473611111111111
2014-05-01 00:00:00 UTC,278,1214,412417271,9.05875
2014-05-01 00:00:00 UTC,278,1218,412415993,3.2161111111111111
2014-05-01 00:00:00 UTC,278,1218,412450042,3.3008333333333337
2014-05-01 00:00:00 UTC,278,1219,413751291,3.3306944444444442
2014-05-01 00:00:00 UTC,278,1218,413751291,5.2593055555555548
2014-05-01 00:00:00 UTC,278,1218,200005885,2.0062499999999996
2014-05-01 00:00:00 UTC,278,1217,200005885,1.4311111111111112
2014-05-01 00:00:00 UTC,278,1219,200005885,6.4826388888888875
2014-05-01 00:00:00 UTC,278,1219,413548798,5.90513888888889
2014-05-01 00:00:00 UTC,278,1218,413548798,0.23597222222222222
2014-05-01 00:00:00 UTC,534,56,245504000,1.3177777777777777
2014-05-01 00:00:00 UTC,534,58,245504000,0.6315277777777778
2014-05-01 00:00:00 UTC,534,57,245504000,1.500416666666667
2014-05-01 00:00:00 UTC,534,60,246112000,0.96666666666666656
2014-05-01 00:00:00 UTC,534,61,246112000,0.67138888888888892
2014-05-01 00:00:00 UTC,534,56,244043520,3.4726388888888895
2014-05-01 00:00:00 UTC,534,57,244043520,0.21833333333333332
2014-05-01 00:00:00 UTC,534,60,244043520,0.2261111111111111
2014-05-01 00:00:00 UTC,534,59,244780802,1.471527777777778
2014-05-01 00:00:00 UTC,534,58,244780802,0.21263888888888888
2014-05-01 00:00:00 UTC,534,57,244030722,0.8525
2014-05-01 00:00:00 UTC,534,58,244030722,0.40847222222222224
2014-05-01 00:00:00 UTC,534,49,244586000,0.2097222222222222
2014-05-01 00:00:00 UTC,534,52,244586000,0.2147222222222222
2014-05-01 00:00:00 UTC,534,50,244586000,1.31875
2014-05-01 00:00:00 UTC,534,51,244586000,1.2665277777777777
2014-05-01 00:00:00 UTC,534,67,211530000,2.8255555555555554
2014-05-01 00:00:00 UTC,534,68,211530000,0.20777777777777778
2014-05-01 00:00:00 UTC,534,69,211530000,1.2813888888888889
2014-05-01 00:00:00 UTC,534,54,211288860,3.3933333333333335
2014-05-01 00:00:00 UTC,534,53,211288860,3.40625
2014-05-01 00:00:00 UTC,534,52,211288860,1.7248611111111114
2014-05-01 00:00:00 UTC,534,57,245364000,1.681388888888889
2014-05-01 00:00:00 UTC,534,54,245364000,1.721111111111111
2014-05-01 00:00:00 UTC,534,58,244766000,1.1330555555555555
2014-05-01 00:00:00 UTC,534,56,244766000,0.21638888888888891
2014-05-01 00:00:00 UTC,534,57,244766000,6.0302777777777781
2014-05-01 00:00:00 UTC,534,57,244446000,0.22
2014-05-01 00:00:00 UTC,534,50,244659000,0.87444444444444436
2014-05-01 00:00:00 UTC,534,52,244659000,1.0805555555555557
2014-05-01 00:00:00 UTC,534,51,244659000,6.1824999999999992
2014-05-01 00:00:00 UTC,534,53,244328000,2.0180555555555557
2014-05-01 00:00:00 UTC,534,51,244328000,1.2738888888888888
2014-05-01 00:00:00 UTC,534,54,244328000,1.993194444444444
2014-05-01 00:00:00 UTC,534,58,244328000,1.0487499999999998
2014-05-01 00:00:00 UTC,534,49,244328000,0.89527777777777784
2014-05-01 00:00:00 UTC,534,52,244328000,1.4686111111111111
2014-05-01 00:00:00 UTC,534,57,244328000,1.0326388888888889
2014-05-01 00:00:00 UTC,534,55,244328000,0.86736111111111114
2014-05-01 00:00:00 UTC,534,50,244328000,0.22763888888888889
2014-05-01 00:00:00 UTC,534,51,245352000,0.64861111111111114
2014-05-01 00:00:00 UTC,534,50,245352000,1.9193055555555554
2014-05-01 00:00:00 UTC,534,49,245352000,1.7608333333333335
2014-05-01 00:00:00 UTC,534,58,244157000,5.2105555555555565
2014-05-01 00:00:00 UTC,534,59,244157000,3.3547222222222222
2014-05-01 00:00:00 UTC,534,56,244157000,0.41472222222222221
2014-05-01 00:00:00 UTC,534,57,244157000,1.6784722222222221
2014-05-01 00:00:00 UTC,534,56,245106000,1.5145833333333334
2014-05-01 00:00:00 UTC,534,57,245106000,4.7701388888888889
2014-05-01 00:00:00 UTC,534,58,245106000,2.5658333333333334
2014-05-01 00:00:00 UTC,534,58,244658000,0.25416666666666665
2014-05-01 00:00:00 UTC,534,59,244658000,0.675138888888889
2014-05-01 00:00:00 UTC,534,56,245863000,1.4738888888888888
2014-05-01 00:00:00 UTC,534,54,245863000,2.184166666666667
2014-05-01 00:00:00 UTC,534,57,245863000,4.2295833333333333
2014-05-01 00:00:00 UTC,534,53,245863000,0.63958333333333339
2014-05-01 00:00:00 UTC,534,58,245863000,1.1183333333333334
2014-05-01 00:00:00 UTC,534,58,245660000,5.1791666666666663
2014-05-01 00:00:00 UTC,534,59,245660000,5.1515277777777779
2014-05-01 00:00:00 UTC,534,58,244529000,2.5206944444444446
2014-05-01 00:00:00 UTC,534,53,245617000,1.0511111111111111
2014-05-01 00:00:00 UTC,534,56,245617000,2.9468055555555552
2014-05-01 00:00:00 UTC,534,57,245617000,1.0458333333333334
2014-05-01 00:00:00 UTC,534,52,245617000,0.84166666666666667
2014-05-01 00:00:00 UTC,534,51,245617000,1.2686111111111111
2014-05-01 00:00:00 UTC,534,55,245617000,4.881388888888889
2014-05-01 00:00:00 UTC,534,54,245617000,1.8895833333333329
2014-05-01 00:00:00 UTC,534,50,245553000,1.5111111111111111
2014-05-01 00:00:00 UTC,534,57,245553000,1.8254166666666665
2014-05-01 00:00:00 UTC,534,51,245553000,3.0158333333333336
2014-05-01 00:00:00 UTC,534,53,245553000,1.0506944444444444
2014-05-01 00:00:00 UTC,534,56,245553000,1.4681944444444446
2014-05-01 00:00:00 UTC,534,54,245553000,1.1188888888888888
2014-05-01 00:00:00 UTC,534,55,245553000,2.1540277777777779
2014-05-01 00:00:00 UTC,534,52,245553000,1.0773611111111112
2014-05-01 00:00:00 UTC,534,50,244070000,1.505972222222222
2014-05-01 00:00:00 UTC,534,52,244070000,0.62402777777777774
2014-05-01 00:00:00 UTC,534,49,244070000,1.3141666666666665
2014-05-01 00:00:00 UTC,534,51,244070000,1.907777777777778
2014-05-01 00:00:00 UTC,534,48,244070000,1.3026388888888889
2014-05-01 00:00:00 UTC,534,50,244358000,0.66486111111111112
2014-05-01 00:00:00 UTC,534,51,244358000,0.85180555555555548
2014-05-01 00:00:00 UTC,534,52,244358000,0.84361111111111109
2014-05-01 00:00:00 UTC,534,64,244102000,3.7429166666666664
2014-05-01 00:00:00 UTC,534,55,244038000,1.5713888888888887
2014-05-01 00:00:00 UTC,534,54,244038000,1.3450000000000002
2014-05-01 00:00:00 UTC,534,57,244038000,4.5241666666666669
2014-05-01 00:00:00 UTC,534,56,244038000,5.603194444444445
2014-05-01 00:00:00 UTC,534,-143,227579000,25.501111111111108
2014-05-01 00:00:00 UTC,534,58,245883000,0.88916666666666677
2014-05-01 00:00:00 UTC,534,59,245883000,0.2275
2014-05-01 00:00:00 UTC,534,54,244965000,7.3311111111111105
2014-05-01 00:00:00 UTC,534,53,244965000,2.5783333333333331
2014-05-01 00:00:00 UTC,534,56,244965000,1.9236111111111109
2014-05-01 00:00:00 UTC,534,55,244965000,4.7116666666666669
2014-05-01 00:00:00 UTC,534,50,244634000,0.21000000000000002
2014-05-01 00:00:00 UTC,534,58,245562000,3.456805555555555
2014-05-01 00:00:00 UTC,534,59,245562000,2.1823611111111108
2014-05-01 00:00:00 UTC,534,57,245562000,1.9637500000000003
2014-05-01 00:00:00 UTC,534,50,244790684,2.9391666666666669
2014-05-01 00:00:00 UTC,534,55,244790684,5.7816666666666681
2014-05-01 00:00:00 UTC,534,51,244790684,2.5470833333333331
2014-05-01 00:00:00 UTC,534,53,244790684,1.6723611111111112
2014-05-01 00:00:00 UTC,534,52,244790684,1.2951388888888888
2014-05-01 00:00:00 UTC,534,54,244790684,2.2969444444444442
2014-05-01 00:00:00 UTC,534,54,245572000,0.89402777777777764
2014-05-01 00:00:00 UTC,534,55,245572000,1.1615277777777777
2014-05-01 00:00:00 UTC,534,58,245572000,0.41763888888888889
2014-05-01 00:00:00 UTC,534,57,245572000,4.2341666666666669
2014-05-01 00:00:00 UTC,534,56,245572000,3.7422222222222228
2014-05-01 00:00:00 UTC,534,57,244686000,1.0680555555555555
2014-05-01 00:00:00 UTC,534,56,244686000,1.7118055555555556
2014-05-01 00:00:00 UTC,534,59,244686000,0.20444444444444443
2014-05-01 00:00:00 UTC,534,58,244686000,1.2708333333333333
2014-05-01 00:00:00 UTC,534,58,245283000,0.61472222222222217
2014-05-01 00:00:00 UTC,534,57,245283000,0.62430555555555545
2014-05-01 00:00:00 UTC,534,69,211501000,0.21152777777777776
2014-05-01 00:00:00 UTC,534,57,246189000,0.63277777777777777
2014-05-01 00:00:00 UTC,534,51,246189000,1.6848611111111111
2014-05-01 00:00:00 UTC,534,53,246189000,1.2483333333333333
2014-05-01 00:00:00 UTC,534,55,246189000,3.8191666666666668
2014-05-01 00:00:00 UTC,534,56,246189000,2.548055555555556
2014-05-01 00:00:00 UTC,534,52,246189000,1.7084722222222222
2014-05-01 00:00:00 UTC,534,54,246189000,1.0318055555555556
2014-05-01 00:00:00 UTC,534,50,246189000,0.82069444444444439
2014-05-01 00:00:00 UTC,534,53,245442000,1.6723611111111112
2014-05-01 00:00:00 UTC,534,54,245442000,1.00125
2014-05-01 00:00:00 UTC,534,52,245442000,0.21597222222222223
2014-05-01 00:00:00 UTC,534,51,245442000,1.2670833333333333
2014-05-01 00:00:00 UTC,534,50,245442000,0.83555555555555561
2014-05-01 00:00:00 UTC,534,61,245954000,6.07625
2014-05-01 00:00:00 UTC,534,62,245954000,3.3833333333333333
2014-05-01 00:00:00 UTC,534,54,245655000,8.9624999999999986
2014-05-01 00:00:00 UTC,534,53,245655000,2.3720833333333333
2014-05-01 00:00:00 UTC,534,55,245655000,1.1306944444444444
2014-05-01 00:00:00 UTC,534,57,245228000,0.68138888888888882
2014-05-01 00:00:00 UTC,534,59,245228000,3.3859722222222226
2014-05-01 00:00:00 UTC,534,58,245228000,8.764861111111113
2014-05-01 00:00:00 UTC,534,-38,232006630,2.8956944444444446
2014-05-01 00:00:00 UTC,534,-35,232006630,4.0972222222222223
2014-05-01 00:00:00 UTC,534,-37,232006630,15.79111111111111
2014-05-01 00:00:00 UTC,534,-36,232006630,5.2643055555555547
2014-05-01 00:00:00 UTC,534,59,245366000,0.22513888888888889
2014-05-01 00:00:00 UTC,534,55,245366000,0.24416666666666667
2014-05-01 00:00:00 UTC,534,56,245366000,3.0990277777777782
2014-05-01 00:00:00 UTC,534,58,245366000,1.2904166666666668
2014-05-01 00:00:00 UTC,534,57,245366000,3.5815277777777781
2014-05-01 00:00:00 UTC,-490,-624,701000940,11.703472222222222
2014-05-01 00:00:00 UTC,-490,-624,701000691,10.858194444444447
2014-05-01 00:00:00 UTC,-490,-623,701000691,1.6402777777777775
2014-05-01 00:00:00 UTC,23,1765,440704000,0.94041666666666668
2014-05-01 00:00:00 UTC,23,-1665,440778000,1.677777777777778
2014-05-01 00:00:00 UTC,23,-1667,440778000,1.7943055555555556
2014-05-01 00:00:00 UTC,23,-375,263572000,3.9480555555555554
2014-05-01 00:00:00 UTC,23,-376,263572000,1.6986111111111111
2014-05-01 00:00:00 UTC,23,-241,224286000,1.7125000000000001
2014-05-01 00:00:00 UTC,23,1758,441084000,3.7926388888888889
2014-05-01 00:00:00 UTC,23,1758,440731000,5.5016666666666669
2014-05-01 00:00:00 UTC,23,1764,440731000,0.59819444444444447
2014-05-01 00:00:00 UTC,23,1765,440731000,0.52916666666666667
2014-05-01 00:00:00 UTC,23,1763,440731000,0.5905555555555555
2014-05-01 00:00:00 UTC,23,1762,440731000,1.2002777777777778
2014-05-01 00:00:00 UTC,23,-1694,441072000,0.77638888888888891
2014-05-01 00:00:00 UTC,23,-1679,440624000,1.8762500000000002
2014-05-01 00:00:00 UTC,23,-1682,440624000,2.3150000000000004
2014-05-01 00:00:00 UTC,23,-1379,441680000,3.2616666666666667
2014-05-01 00:00:00 UTC,23,1784,440858000,0.82000000000000006
2014-05-01 00:00:00 UTC,23,1783,440858000,1.3036111111111111
2014-05-01 00:00:00 UTC,23,-1690,440920000,2.0419444444444443
2014-05-01 00:00:00 UTC,23,-1687,440920000,1.2512500000000002
2014-05-01 00:00:00 UTC,23,-1693,440920000,1.8611111111111112
2014-05-01 00:00:00 UTC,23,-1689,440920000,1.6622222222222223
2014-05-01 00:00:00 UTC,23,1794,416003803,0.50625
2014-05-01 00:00:00 UTC,23,1793,416003803,4.6223611111111111
2014-05-01 00:00:00 UTC,279,1217,413578501,1.1597222222222223
2014-05-01 00:00:00 UTC,279,1219,413578501,0.23055555555555557
2014-05-01 00:00:00 UTC,279,1222,412443912,1.1720833333333334
2014-05-01 00:00:00 UTC,279,1219,412412168,10.172083333333333
2014-05-01 00:00:00 UTC,279,1218,412412168,0.2648611111111111
2014-05-01 00:00:00 UTC,279,1216,413056010,1.0041666666666667
2014-05-01 00:00:00 UTC,279,1217,413056010,0.27083333333333331
2014-05-01 00:00:00 UTC,279,1219,412411658,3.7731944444444445
2014-05-01 00:00:00 UTC,279,1218,412411658,0.82041666666666679
2014-05-01 00:00:00 UTC,279,1220,412411658,0.32819444444444446
2014-05-01 00:00:00 UTC,279,1219,412410379,8.1831944444444442
2014-05-01 00:00:00 UTC,279,1220,412410379,4.8144444444444439
2014-05-01 00:00:00 UTC,279,1219,412410381,6.1287499999999993
2014-05-01 00:00:00 UTC,279,1220,412410381,2.1731944444444444
2014-05-01 00:00:00 UTC,279,1218,412410385,2.7054166666666664
2014-05-01 00:00:00 UTC,279,1220,412410385,1.050138888888889
2014-05-01 00:00:00 UTC,279,1219,412410385,4.5684722222222218
2014-05-01 00:00:00 UTC,279,1221,412410385,1.5179166666666668
2014-05-01 00:00:00 UTC,279,1218,412410386,2.6891666666666665
2014-05-01 00:00:00 UTC,279,1219,412410386,5.5755555555555558
2014-05-01 00:00:00 UTC,279,1219,412417558,7.9802777777777774
2014-05-01 00:00:00 UTC,279,1219,412410391,7.8536111111111113
2014-05-01 00:00:00 UTC,279,1218,412410392,4.0727777777777785
2014-05-01 00:00:00 UTC,279,1219,412410392,0.3923611111111111
2014-05-01 00:00:00 UTC,279,1218,412410393,3.9868055555555553
2014-05-01 00:00:00 UTC,279,1219,412410393,0.27319444444444441
2014-05-01 00:00:00 UTC,279,1218,412412697,6.0905555555555537
2014-05-01 00:00:00 UTC,279,1218,412414746,13.968333333333328
2014-05-01 00:00:00 UTC,279,1220,412417818,2.0356944444444443
2014-05-01 00:00:00 UTC,279,1219,412417818,6.2109722222222228
2014-05-01 00:00:00 UTC,279,1219,413757979,0.57930555555555552
2014-05-01 00:00:00 UTC,279,1218,412410651,0.528888888888889
2014-05-01 00:00:00 UTC,279,1219,412410651,1.6827777777777779
2014-05-01 00:00:00 UTC,279,1220,412410651,2.6152777777777776
2014-05-01 00:00:00 UTC,279,1218,412414747,17.043333333333337
2014-05-01 00:00:00 UTC,279,1219,412416283,2.364583333333333
2014-05-01 00:00:00 UTC,279,1220,412416283,0.84472222222222215
2014-05-01 00:00:00 UTC,279,1218,412417563,2.2645833333333334
2014-05-01 00:00:00 UTC,279,1217,412415004,13.768055555555556
2014-05-01 00:00:00 UTC,279,1220,412416284,3.6863888888888896
2014-05-01 00:00:00 UTC,279,1219,412416284,1.8548611111111111
2014-05-01 00:00:00 UTC,279,1217,412123422,1.9293055555555552
2014-05-01 00:00:00 UTC,279,1218,412417566,0.45416666666666672
2014-05-01 00:00:00 UTC,279,1219,412417566,2.4076388888888891
2014-05-01 00:00:00 UTC,279,1217,412415007,3.2172222222222224
2014-05-01 00:00:00 UTC,279,1215,412415008,3.4101388888888882
2014-05-01 00:00:00 UTC,279,1218,412416288,3.4958333333333331
2014-05-01 00:00:00 UTC,279,1218,412410402,4.4723611111111108
2014-05-01 00:00:00 UTC,279,1217,412410402,0.75694444444444442
2014-05-01 00:00:00 UTC,279,1219,412410402,3.9225
2014-05-01 00:00:00 UTC,279,1217,412410403,0.59722222222222232
2014-05-01 00:00:00 UTC,279,1218,412410403,4.1413888888888888
2014-05-01 00:00:00 UTC,279,1219,412410403,3.7952777777777778
2014-05-01 00:00:00 UTC,279,1219,412410404,3.4125
2014-05-01 00:00:00 UTC,279,1220,412410404,2.443888888888889
2014-05-01 00:00:00 UTC,279,1219,412410405,1.8991666666666667
2014-05-01 00:00:00 UTC,279,1220,412410405,0.2961111111111111
2014-05-01 00:00:00 UTC,279,1219,412410406,3.4030555555555555
2014-05-01 00:00:00 UTC,279,1220,412410406,0.26249999999999996
2014-05-01 00:00:00 UTC,279,1220,412410407,2.1141666666666667
2014-05-01 00:00:00 UTC,279,1219,412410407,2.599305555555556
2014-05-01 00:00:00 UTC,279,1217,412410408,0.80708333333333337
2014-05-01 00:00:00 UTC,279,1218,412410408,3.1745833333333335
2014-05-01 00:00:00 UTC,279,1219,412419113,3.2406944444444443
2014-05-01 00:00:00 UTC,279,1218,412410409,1.4169444444444443
2014-05-01 00:00:00 UTC,279,1217,412410409,1.7008333333333332
2014-05-01 00:00:00 UTC,279,1230,412437035,9.8623611111111114
2014-05-01 00:00:00 UTC,279,1218,412450347,1.1884722222222222
2014-05-01 00:00:00 UTC,279,1217,412123435,0.58736111111111111
2014-05-01 00:00:00 UTC,279,1216,412123435,1.5208333333333335
2014-05-01 00:00:00 UTC,279,1218,412412971,1.8151388888888889
2014-05-01 00:00:00 UTC,279,1220,412410413,0.99097222222222214
2014-05-01 00:00:00 UTC,279,1218,412410413,2.514444444444444
2014-05-01 00:00:00 UTC,279,1219,412410413,1.9448611111111112
2014-05-01 00:00:00 UTC,279,1217,412410413,3.0956944444444443
2014-05-01 00:00:00 UTC,279,1220,412410414,0.83472222222222214
2014-05-01 00:00:00 UTC,279,1218,412410414,2.7798611111111113
2014-05-01 00:00:00 UTC,279,1219,412410414,2.2126388888888888
2014-05-01 00:00:00 UTC,279,1217,412410414,3.4454166666666666
2014-05-01 00:00:00 UTC,279,1219,412412975,0.84916666666666663
2014-05-01 00:00:00 UTC,279,1218,412412975,4.0452777777777778
2014-05-01 00:00:00 UTC,279,1218,412412977,2.4068055555555556
2014-05-01 00:00:00 UTC,279,1219,412412977,8.0068055555555553
2014-05-01 00:00:00 UTC,279,1219,412412978,8.0568055555555542
2014-05-01 00:00:00 UTC,279,1218,412412978,2.5004166666666672
2014-05-01 00:00:00 UTC,279,1220,412410419,1.2487500000000002
2014-05-01 00:00:00 UTC,279,1218,412410419,0.543611111111111
2014-05-01 00:00:00 UTC,279,1219,412410419,6.7191666666666663
2014-05-01 00:00:00 UTC,279,1220,412416308,0.99597222222222226
2014-05-01 00:00:00 UTC,279,1219,412416308,1.8029166666666665
2014-05-01 00:00:00 UTC,279,1214,412417332,0.9770833333333333
2014-05-01 00:00:00 UTC,279,1218,412410421,1.2727777777777778
2014-05-01 00:00:00 UTC,279,1220,412410421,1.4933333333333334
2014-05-01 00:00:00 UTC,279,1219,412410421,5.8127777777777778
2014-05-01 00:00:00 UTC,279,1219,412410423,2.6775
2014-05-01 00:00:00 UTC,279,1218,412410423,3.8973611111111111
2014-05-01 00:00:00 UTC,279,1219,200006201,10.370972222222221
2014-05-01 00:00:00 UTC,279,1220,412002363,6.59375
2014-05-01 00:00:00 UTC,279,1219,412002363,7.4059722222222222
2014-05-01 00:00:00 UTC,279,1219,412419132,1.9426388888888888
2014-05-01 00:00:00 UTC,279,1219,412410428,3.9156944444444446
2014-05-01 00:00:00 UTC,279,1218,412410685,1.8508333333333333
2014-05-01 00:00:00 UTC,279,1219,412410432,4.5001388888888885
2014-05-01 00:00:00 UTC,279,1218,412410432,2.7481944444444446
2014-05-01 00:00:00 UTC,279,1219,412410433,7.50986111111111
2014-05-01 00:00:00 UTC,279,1218,412410433,2.8577777777777773
2014-05-01 00:00:00 UTC,279,1223,412435266,7.4775
2014-05-01 00:00:00 UTC,279,1218,412414787,4.8152777777777782
2014-05-01 00:00:00 UTC,279,1218,412419652,7.3498611111111121
2014-05-01 00:00:00 UTC,279,1218,412410696,2.3623611111111114
2014-05-01 00:00:00 UTC,279,1219,412410696,4.3975
2014-05-01 00:00:00 UTC,279,1220,412410697,2.0738888888888889
2014-05-01 00:00:00 UTC,279,1218,412410697,1.6927777777777777
2014-05-01 00:00:00 UTC,279,1219,412410697,5.7358333333333329
2014-05-01 00:00:00 UTC,279,1219,412412236,3.0041666666666664
2014-05-01 00:00:00 UTC,279,1218,412412236,3.5566666666666666
2014-05-01 00:00:00 UTC,279,1219,412412237,3.27625
2014-05-01 00:00:00 UTC,279,1222,412418638,2.2847222222222223
2014-05-01 00:00:00 UTC,279,1221,412418638,2.7125
2014-05-01 00:00:00 UTC,279,1219,333304655,0.31263888888888891
2014-05-01 00:00:00 UTC,279,1218,412441942,2.5190277777777776
2014-05-01 00:00:00 UTC,279,1219,412441942,2.5581944444444442
2014-05-01 00:00:00 UTC,279,1222,413004121,13.669583333333335
2014-05-01 00:00:00 UTC,279,1218,412416347,2.5124999999999997
2014-05-01 00:00:00 UTC,279,1217,412418652,3.2652777777777775
2014-05-01 00:00:00 UTC,279,1218,412410716,0.24111111111111111
2014-05-01 00:00:00 UTC,279,1218,412419165,2.2009722222222221
2014-05-01 00:00:00 UTC,279,1220,412410205,0.50944444444444437
2014-05-01 00:00:00 UTC,279,1214,412416605,0.52916666666666667
2014-05-01 00:00:00 UTC,279,1217,412417888,6.2379166666666661
2014-05-01 00:00:00 UTC,279,1218,412417121,1.2693055555555557
2014-05-01 00:00:00 UTC,279,1220,412417121,0.86972222222222217
2014-05-01 00:00:00 UTC,279,1219,412417121,7.426805555555557
2014-05-01 00:00:00 UTC,279,1218,412415586,4.1197222222222223
2014-05-01 00:00:00 UTC,279,1219,412415586,0.77374999999999994
2014-05-01 00:00:00 UTC,279,1218,412415587,4.0123611111111117
2014-05-01 00:00:00 UTC,279,1219,412415587,0.56458333333333333
2014-05-01 00:00:00 UTC,279,1222,421342052,8.24375
2014-05-01 00:00:00 UTC,279,1218,412411501,0.90180555555555553
2014-05-01 00:00:00 UTC,279,1217,412411501,4.8447222222222219
2014-05-01 00:00:00 UTC,279,1219,412412525,2.1770833333333335
2014-05-01 00:00:00 UTC,279,1224,412416366,12.806944444444445
2014-05-01 00:00:00 UTC,279,1219,412411503,5.4769444444444453
2014-05-01 00:00:00 UTC,279,1217,412411503,4.2394444444444437
2014-05-01 00:00:00 UTC,279,1218,412411503,1.0425
2014-05-01 00:00:00 UTC,279,1220,412411503,2.0386111111111109
2014-05-01 00:00:00 UTC,279,1219,412414323,1.4726388888888886
2014-05-01 00:00:00 UTC,279,1213,200003956,2.671388888888889
2014-05-01 00:00:00 UTC,279,1217,412416373,8.48236111111111
2014-05-01 00:00:00 UTC,279,1218,412416373,0.21763888888888888
2014-05-01 00:00:00 UTC,279,1217,412414586,4.2927777777777782
2014-05-01 00:00:00 UTC,279,1211,412430203,0.25291666666666668
2014-05-01 00:00:00 UTC,279,1221,412450427,10.703750000000001
2014-05-01 00:00:00 UTC,279,1222,412450427,7.2690277777777776
2014-05-01 00:00:00 UTC,279,1218,412410747,1.2752777777777777
2014-05-01 00:00:00 UTC,279,1219,412410747,4.5856944444444441
2014-05-01 00:00:00 UTC,279,1219,412414331,2.5109722222222222
2014-05-01 00:00:00 UTC,279,1218,412414331,5.1522222222222229
2014-05-01 00:00:00 UTC,279,1217,412414331,0.29208333333333336
2014-05-01 00:00:00 UTC,279,1211,412430204,0.39847222222222223
2014-05-01 00:00:00 UTC,279,1719,431702140,0.92527777777777775
2014-05-01 00:00:00 UTC,279,1720,431702140,1.7998611111111109
2014-05-01 00:00:00 UTC,279,1218,412418941,0.81097222222222221
2014-05-01 00:00:00 UTC,279,1219,412418941,4.8241666666666667
2014-05-01 00:00:00 UTC,279,1219,412022141,0.62513888888888891
2014-05-01 00:00:00 UTC,279,1219,412418942,4.8240277777777782
2014-05-01 00:00:00 UTC,279,1220,412418942,1.5505555555555555
2014-05-01 00:00:00 UTC,279,1217,412414334,1.0304166666666665
2014-05-01 00:00:00 UTC,279,1218,412414334,5.0369444444444449
2014-05-01 00:00:00 UTC,279,1219,412418177,8.9004166666666684
2014-05-01 00:00:00 UTC,279,1220,412418177,2.745972222222222
2014-05-01 00:00:00 UTC,279,1219,412419203,3.545555555555556
2014-05-01 00:00:00 UTC,279,1220,412419203,2.2397222222222224
2014-05-01 00:00:00 UTC,279,1219,200000132,5.4918055555555556
2014-05-01 00:00:00 UTC,279,1218,413688199,1.5915277777777777
2014-05-01 00:00:00 UTC,279,1218,412412297,0.79444444444444451
2014-05-01 00:00:00 UTC,279,1219,412412297,5.2727777777777778
2014-05-01 00:00:00 UTC,279,1219,413002121,1.018888888888889
2014-05-01 00:00:00 UTC,279,1218,413002121,2.2970833333333336
2014-05-01 00:00:00 UTC,279,1218,412412298,1.3669444444444445
2014-05-01 00:00:00 UTC,279,1219,412412298,5.262777777777778
2014-05-01 00:00:00 UTC,279,1219,412441997,6.4626388888888888
2014-05-01 00:00:00 UTC,279,1219,412400781,3.0015277777777776
2014-05-01 00:00:00 UTC,279,1218,412400781,1.4655555555555557
2014-05-01 00:00:00 UTC,279,1218,412400782,1.7822222222222224
2014-05-01 00:00:00 UTC,279,1219,412400782,3.2120833333333336
2014-05-01 00:00:00 UTC,279,1219,412410767,6.6079166666666653
2014-05-01 00:00:00 UTC,279,1218,412410767,1.4226388888888888
2014-05-01 00:00:00 UTC,279,1217,412410767,1.0304166666666668
2014-05-01 00:00:00 UTC,279,1217,412418448,3.5759722222222221
2014-05-01 00:00:00 UTC,279,1218,412411792,0.97569444444444442
2014-05-01 00:00:00 UTC,279,1219,412411792,6.725
2014-05-01 00:00:00 UTC,279,1217,412419735,0.49583333333333335
2014-05-01 00:00:00 UTC,279,1217,412416408,2.3306944444444442
2014-05-01 00:00:00 UTC,279,1218,412416408,1.5443055555555556
2014-05-01 00:00:00 UTC,279,1219,412442009,2.0622222222222222
2014-05-01 00:00:00 UTC,279,1219,412411801,4.4808333333333321
2014-05-01 00:00:00 UTC,279,1218,412411801,0.54027777777777775
2014-05-01 00:00:00 UTC,279,1217,412416409,2.9122222222222227
2014-05-01 00:00:00 UTC,279,1218,412416409,2.5177777777777779
2014-05-01 00:00:00 UTC,279,1217,412418459,1.9515277777777773
2014-05-01 00:00:00 UTC,279,1217,230024091,0.25916666666666666
2014-05-01 00:00:00 UTC,279,1216,230024091,0.52111111111111108
2014-05-01 00:00:00 UTC,279,1219,412410781,14.441805555555558
2014-05-01 00:00:00 UTC,279,1218,412410781,3.6983333333333333
2014-05-01 00:00:00 UTC,279,1217,412416669,1.5616666666666668
2014-05-01 00:00:00 UTC,279,1216,412416669,3.2530555555555556
2014-05-01 00:00:00 UTC,279,1215,412416669,6.313194444444445
2014-05-01 00:00:00 UTC,279,1218,412416669,4.9787500000000007
2014-05-01 00:00:00 UTC,279,1219,412410782,6.4016666666666664
2014-05-01 00:00:00 UTC,279,1218,412410782,4.4620833333333332
2014-05-01 00:00:00 UTC,279,1220,412416158,0.836111111111111
2014-05-01 00:00:00 UTC,279,1219,412416158,0.25694444444444442
2014-05-01 00:00:00 UTC,279,1218,412442017,0.26361111111111113
2014-05-01 00:00:00 UTC,279,1219,412442017,0.77222222222222214
2014-05-01 00:00:00 UTC,279,1217,412413345,0.95680555555555546
2014-05-01 00:00:00 UTC,279,1221,412417699,1.57
2014-05-01 00:00:00 UTC,279,1215,412416422,3.703611111111111
2014-05-01 00:00:00 UTC,279,1214,412416422,6.3640277777777765
2014-05-01 00:00:00 UTC,279,1219,412450471,4.030555555555555
2014-05-01 00:00:00 UTC,279,1219,412542120,1.86
2014-05-01 00:00:00 UTC,279,1219,412411562,1.2561111111111112
2014-05-01 00:00:00 UTC,279,1218,412411562,6.1756944444444457
2014-05-01 00:00:00 UTC,279,1220,412419247,1.4788888888888889
2014-05-01 00:00:00 UTC,279,1219,412419247,3.4331944444444447
2014-05-01 00:00:00 UTC,279,1218,412441265,1.9704166666666669
2014-05-01 00:00:00 UTC,279,1219,412441265,4.7897222222222222
2014-05-01 00:00:00 UTC,279,1220,412410291,1.5801388888888888
2014-05-01 00:00:00 UTC,279,1219,412410291,3.7441666666666666
2014-05-01 00:00:00 UTC,279,1216,412414643,4.0040277777777771
2014-05-01 00:00:00 UTC,279,1219,412410293,2.1434722222222224
2014-05-01 00:00:00 UTC,279,1220,412410293,2.8587499999999997
2014-05-01 00:00:00 UTC,279,1218,412411577,0.22291666666666668
2014-05-01 00:00:00 UTC,279,1219,412411577,5.945
2014-05-01 00:00:00 UTC,279,1218,412410298,0.96944444444444433
2014-05-01 00:00:00 UTC,279,1220,412410298,2.9958333333333336
2014-05-01 00:00:00 UTC,279,1219,412410298,3.4022222222222225
2014-05-01 00:00:00 UTC,279,1219,200004027,1.6180555555555556
2014-05-01 00:00:00 UTC,279,1219,412410299,3.4413888888888891
2014-05-01 00:00:00 UTC,279,1220,412410299,2.0477777777777777
2014-05-01 00:00:00 UTC,279,1218,200006334,1.7416666666666667
2014-05-01 00:00:00 UTC,279,1224,412416959,0.821111111111111
2014-05-01 00:00:00 UTC,279,1223,412416959,16.394305555555555
2014-05-01 00:00:00 UTC,279,1216,413108160,2.2472222222222222
2014-05-01 00:00:00 UTC,279,1219,412410304,1.2231944444444445
2014-05-01 00:00:00 UTC,279,1218,412410304,2.9015277777777779
2014-05-01 00:00:00 UTC,279,1217,412410304,3.8369444444444443
2014-05-01 00:00:00 UTC,279,1219,412410305,1.0851388888888889
2014-05-01 00:00:00 UTC,279,1217,412410305,1.5280555555555555
2014-05-01 00:00:00 UTC,279,1218,412410305,3.1193055555555556
2014-05-01 00:00:00 UTC,279,1219,412410306,1.0072222222222222
2014-05-01 00:00:00 UTC,279,1217,412410306,1.6394444444444445
2014-05-01 00:00:00 UTC,279,1218,412410306,3.1029166666666668
2014-05-01 00:00:00 UTC,279,1219,412419788,3.3076388888888886
2014-05-01 00:00:00 UTC,279,1220,412419788,0.9604166666666667
2014-05-01 00:00:00 UTC,279,1219,413548748,1.2175
2014-05-01 00:00:00 UTC,279,1218,413548748,2.5116666666666667
2014-05-01 00:00:00 UTC,279,1218,412442316,2.0631944444444446
2014-05-01 00:00:00 UTC,279,1220,412419789,1.3719444444444444
2014-05-01 00:00:00 UTC,279,1219,412419789,3.5334722222222217
2014-05-01 00:00:00 UTC,279,1218,412442318,1.4383333333333335
2014-05-01 00:00:00 UTC,279,1217,412410318,0.52986111111111112
2014-05-01 00:00:00 UTC,279,1218,412410321,0.5180555555555556
2014-05-01 00:00:00 UTC,279,1217,412410321,0.2598611111111111
2014-05-01 00:00:00 UTC,279,1217,412410322,0.23944444444444443
2014-05-01 00:00:00 UTC,279,1218,412410322,0.26902777777777775
2014-05-01 00:00:00 UTC,279,1218,412416466,0.78222222222222215
2014-05-01 00:00:00 UTC,279,1217,412410323,5.0634722222222219
2014-05-01 00:00:00 UTC,279,1218,412410323,4.62875
2014-05-01 00:00:00 UTC,279,1217,412419284,3.3677777777777775
2014-05-01 00:00:00 UTC,279,1218,412410324,4.7801388888888887
2014-05-01 00:00:00 UTC,279,1217,412410324,4.7818055555555556
2014-05-01 00:00:00 UTC,279,1217,412410836,0.69361111111111107
2014-05-01 00:00:00 UTC,279,1218,412410836,10.000694444444443
2014-05-01 00:00:00 UTC,279,1219,412410836,4.0702777777777772
2014-05-01 00:00:00 UTC,279,1218,412410837,10.128055555555553
2014-05-01 00:00:00 UTC,279,1219,412410837,2.658611111111111
2014-05-01 00:00:00 UTC,279,1217,412410837,0.47083333333333333
2014-05-01 00:00:00 UTC,279,1218,412410327,1.2526388888888889
2014-05-01 00:00:00 UTC,279,1219,412410327,1.8243055555555556
2014-05-01 00:00:00 UTC,279,1219,412410328,1.6716666666666669
2014-05-01 00:00:00 UTC,279,1218,412410328,1.2945833333333334
2014-05-01 00:00:00 UTC,279,1217,412410329,0.26055555555555554
2014-05-01 00:00:00 UTC,279,1218,412410075,4.4361111111111118
2014-05-01 00:00:00 UTC,279,1217,412410075,3.1236111111111109
2014-05-01 00:00:00 UTC,279,1217,412410331,0.20194444444444445
2014-05-01 00:00:00 UTC,279,1217,413120988,6.8086111111111114
2014-05-01 00:00:00 UTC,279,1219,412410076,0.29000000000000004
2014-05-01 00:00:00 UTC,279,1217,412410076,3.1290277777777784
2014-05-01 00:00:00 UTC,279,1218,412410076,3.3426388888888887
2014-05-01 00:00:00 UTC,279,1217,412410332,3.9319444444444445
2014-05-01 00:00:00 UTC,279,1219,412410332,0.57625
2014-05-01 00:00:00 UTC,279,1218,412410332,3.3440277777777783
2014-05-01 00:00:00 UTC,279,1217,412410333,4.1731944444444444
2014-05-01 00:00:00 UTC,279,1219,412410333,0.56180555555555556
2014-05-01 00:00:00 UTC,279,1218,412410333,3.2431944444444447
2014-05-01 00:00:00 UTC,279,1220,412419806,2.1554166666666665
2014-05-01 00:00:00 UTC,279,1219,412419806,4.5734722222222226
2014-05-01 00:00:00 UTC,279,1218,412419806,0.34416666666666668
2014-05-01 00:00:00 UTC,279,1219,412412382,4.8379166666666666
2014-05-01 00:00:00 UTC,279,1220,412419807,1.8918055555555553
2014-05-01 00:00:00 UTC,279,1219,412419807,4.762083333333333
2014-05-01 00:00:00 UTC,279,1219,412412383,0.23944444444444443
2014-05-01 00:00:00 UTC,279,1219,412419811,1.963888888888889
2014-05-01 00:00:00 UTC,279,1220,412419811,3.0894444444444447
2014-05-01 00:00:00 UTC,279,1219,412417509,6.4818055555555558
2014-05-01 00:00:00 UTC,279,1220,412417509,3.5968055555555556
2014-05-01 00:00:00 UTC,279,1217,412410342,0.82347222222222227
2014-05-01 00:00:00 UTC,279,1216,412418022,0.85958333333333337
2014-05-01 00:00:00 UTC,279,1218,413000936,1.4249999999999998
2014-05-01 00:00:00 UTC,279,1219,413000936,9.83
2014-05-01 00:00:00 UTC,279,1218,412410345,1.6648611111111111
2014-05-01 00:00:00 UTC,279,1217,412410345,0.55513888888888885
2014-05-01 00:00:00 UTC,279,1219,412411625,0.33597222222222223
2014-05-01 00:00:00 UTC,279,1217,412410346,0.5081944444444445
2014-05-01 00:00:00 UTC,279,1218,412410346,1.6325
2014-05-01 00:00:00 UTC,279,1219,412410348,1.6131944444444446
2014-05-01 00:00:00 UTC,279,1220,412410348,0.42472222222222222
2014-05-01 00:00:00 UTC,279,1220,412410349,0.25819444444444445
2014-05-01 00:00:00 UTC,279,1219,412410349,3.1090277777777775
2014-05-01 00:00:00 UTC,279,1219,412412142,7.8745833333333328
2014-05-01 00:00:00 UTC,279,1217,412410352,2.3005555555555555
2014-05-01 00:00:00 UTC,279,1218,412410352,4.9851388888888888
2014-05-01 00:00:00 UTC,279,1219,412410352,4.1499999999999995
2014-05-01 00:00:00 UTC,279,1218,412410609,2.629861111111111
2014-05-01 00:00:00 UTC,279,1218,412417522,1.0073611111111112
2014-05-01 00:00:00 UTC,279,1218,412410611,0.3576388888888889
2014-05-01 00:00:00 UTC,279,1219,412417014,4.284305555555556
2014-05-01 00:00:00 UTC,279,1220,412417014,1.6144444444444443
2014-05-01 00:00:00 UTC,279,1219,412417015,2.3620833333333335
2014-05-01 00:00:00 UTC,279,1214,412417271,0.51555555555555554
2014-05-01 00:00:00 UTC,279,1213,412004088,6.7481944444444446
2014-05-01 00:00:00 UTC,279,1218,412415993,4.6816666666666666
2014-05-01 00:00:00 UTC,279,1219,412415993,0.24541666666666667
2014-05-01 00:00:00 UTC,279,1217,412417786,0.22694444444444445
2014-05-01 00:00:00 UTC,279,1218,200005885,0.50263888888888886
2014-05-01 00:00:00 UTC,279,1219,200005885,2.515138888888889
2014-05-01 00:00:00 UTC,535,56,245504000,0.23444444444444443
2014-05-01 00:00:00 UTC,535,61,246112000,1.390138888888889
2014-05-01 00:00:00 UTC,535,60,246112000,2.3334722222222219
2014-05-01 00:00:00 UTC,535,63,246112000,0.76111111111111107
2014-05-01 00:00:00 UTC,535,62,246112000,1.0134722222222221
2014-05-01 00:00:00 UTC,535,59,246112000,1.8927777777777777
2014-05-01 00:00:00 UTC,535,60,244780802,1.6370833333333334
2014-05-01 00:00:00 UTC,535,59,244780802,3.4734722222222221
2014-05-01 00:00:00 UTC,535,61,244780802,1.3945833333333333
2014-05-01 00:00:00 UTC,535,62,244780802,0.76291666666666669
2014-05-01 00:00:00 UTC,535,66,211605000,2.3780555555555551
2014-05-01 00:00:00 UTC,535,65,211605000,1.2497222222222222
2014-05-01 00:00:00 UTC,535,67,211605000,5.03236111111111
2014-05-01 00:00:00 UTC,535,68,211605000,0.63874999999999993
2014-05-01 00:00:00 UTC,535,66,211530000,0.22208333333333333
2014-05-01 00:00:00 UTC,535,64,211530000,1.0190277777777776
2014-05-01 00:00:00 UTC,535,65,211530000,1.8786111111111112
2014-05-01 00:00:00 UTC,535,67,211530000,1.1711111111111112
2014-05-01 00:00:00 UTC,535,57,211288860,4.2719444444444452
2014-05-01 00:00:00 UTC,535,59,211288860,0.87249999999999994
2014-05-01 00:00:00 UTC,535,54,211288860,1.0788888888888888
2014-05-01 00:00:00 UTC,535,55,211288860,0.83694444444444449
2014-05-01 00:00:00 UTC,535,58,211288860,3.5329166666666669
2014-05-01 00:00:00 UTC,535,60,211288860,0.84944444444444445
2014-05-01 00:00:00 UTC,535,62,211288860,0.50541666666666663
2014-05-01 00:00:00 UTC,535,61,211288860,0.64402777777777787
2014-05-01 00:00:00 UTC,535,54,245364000,2.1656944444444446
2014-05-01 00:00:00 UTC,535,56,245364000,6.2055555555555566
2014-05-01 00:00:00 UTC,535,57,245364000,1.9299999999999997
2014-05-01 00:00:00 UTC,535,55,245364000,3.6566666666666672
2014-05-01 00:00:00 UTC,535,53,245364000,1.2855555555555556
2014-05-01 00:00:00 UTC,535,59,245364000,0.70263888888888881
2014-05-01 00:00:00 UTC,535,58,245364000,1.0013888888888889
2014-05-01 00:00:00 UTC,535,58,244766000,3.0445833333333332
2014-05-01 00:00:00 UTC,535,55,244766000,4.602777777777777
2014-05-01 00:00:00 UTC,535,59,244766000,1.7311111111111113
2014-05-01 00:00:00 UTC,535,57,244766000,2.3388888888888886
2014-05-01 00:00:00 UTC,535,56,244766000,5.091111111111112
2014-05-01 00:00:00 UTC,535,55,244446000,2.4295833333333334
2014-05-01 00:00:00 UTC,535,57,244446000,1.675
2014-05-01 00:00:00 UTC,535,56,244446000,3.0441666666666665
2014-05-01 00:00:00 UTC,535,59,244446000,0.42472222222222222
2014-05-01 00:00:00 UTC,535,56,244691000,1.5859722222222221
2014-05-01 00:00:00 UTC,535,55,244691000,0.85388888888888881
2014-05-01 00:00:00 UTC,535,58,244691000,1.0644444444444443
2014-05-01 00:00:00 UTC,535,57,244691000,1.3368055555555556
2014-05-01 00:00:00 UTC,535,56,244328000,1.7059722222222222
2014-05-01 00:00:00 UTC,535,59,244328000,0.42222222222222222
2014-05-01 00:00:00 UTC,535,58,244328000,0.21
2014-05-01 00:00:00 UTC,535,60,244328000,0.41000000000000003
2014-05-01 00:00:00 UTC,535,55,244328000,1.5655555555555556
2014-05-01 00:00:00 UTC,535,57,244157000,1.7022222222222223
2014-05-01 00:00:00 UTC,535,56,244157000,1.9911111111111111
2014-05-01 00:00:00 UTC,535,59,244157000,2.434166666666667
2014-05-01 00:00:00 UTC,535,55,244157000,2.1656944444444446
2014-05-01 00:00:00 UTC,535,58,244157000,4.2245833333333325
2014-05-01 00:00:00 UTC,535,54,244157000,0.42430555555555555
2014-05-01 00:00:00 UTC,535,58,245106000,2.5643055555555554
2014-05-01 00:00:00 UTC,535,60,245106000,0.21555555555555556
2014-05-01 00:00:00 UTC,535,56,245106000,5.045694444444444
2014-05-01 00:00:00 UTC,535,55,245106000,3.5719444444444446
2014-05-01 00:00:00 UTC,535,59,245106000,1.7697222222222222
2014-05-01 00:00:00 UTC,535,57,245106000,1.9224999999999999
2014-05-01 00:00:00 UTC,535,59,244658000,2.2830555555555558
2014-05-01 00:00:00 UTC,535,62,244658000,1.4566666666666666
2014-05-01 00:00:00 UTC,535,60,244658000,1.4248611111111111
2014-05-01 00:00:00 UTC,535,69,211495000,2.1229166666666668
2014-05-01 00:00:00 UTC,535,53,245863000,0.62694444444444442
2014-05-01 00:00:00 UTC,535,59,245863000,1.6002777777777777
2014-05-01 00:00:00 UTC,535,58,245863000,1.0531944444444443
2014-05-01 00:00:00 UTC,535,54,245863000,1.4876388888888887
2014-05-01 00:00:00 UTC,535,55,245863000,3.9843055555555553
2014-05-01 00:00:00 UTC,535,56,245863000,3.8506944444444446
2014-05-01 00:00:00 UTC,535,57,245863000,1.6925000000000001
2014-05-01 00:00:00 UTC,535,59,246492000,0.83527777777777779
2014-05-01 00:00:00 UTC,535,60,246492000,0.20180555555555557
2014-05-01 00:00:00 UTC,535,59,245660000,8.34847222222222
2014-05-01 00:00:00 UTC,535,57,245660000,1.7401388888888889
2014-05-01 00:00:00 UTC,535,58,245660000,1.9943055555555556
2014-05-01 00:00:00 UTC,535,56,245660000,0.4625
2014-05-01 00:00:00 UTC,535,60,245660000,1.307638888888889
2014-05-01 00:00:00 UTC,535,61,244529000,3.1291666666666669
2014-05-01 00:00:00 UTC,535,62,244529000,2.8836111111111107
2014-05-01 00:00:00 UTC,535,59,244529000,3.6781944444444448
2014-05-01 00:00:00 UTC,535,58,244529000,0.21791666666666665
2014-05-01 00:00:00 UTC,535,60,244529000,3.1387499999999995
2014-05-01 00:00:00 UTC,535,61,245841000,2.5111111111111111
2014-05-01 00:00:00 UTC,535,63,245841000,0.63944444444444448
2014-05-01 00:00:00 UTC,535,62,245841000,0.67375000000000007
2014-05-01 00:00:00 UTC,535,56,245617000,1.2631944444444445
2014-05-01 00:00:00 UTC,535,57,245617000,0.42000000000000004
2014-05-01 00:00:00 UTC,535,55,245617000,0.64055555555555554
2014-05-01 00:00:00 UTC,535,57,245553000,1.1
2014-05-01 00:00:00 UTC,535,56,245553000,2.8540277777777776
2014-05-01 00:00:00 UTC,535,58,245553000,1.0897222222222223
2014-05-01 00:00:00 UTC,535,55,245553000,1.6765277777777776
2014-05-01 00:00:00 UTC,535,59,245553000,0.24986111111111109
2014-05-01 00:00:00 UTC,535,64,244102000,2.1934722222222218
2014-05-01 00:00:00 UTC,535,57,244038000,1.7319444444444445
2014-05-01 00:00:00 UTC,535,58,244038000,2.5995833333333334
2014-05-01 00:00:00 UTC,535,59,244038000,3.3718055555555559
2014-05-01 00:00:00 UTC,535,60,244038000,1.3843055555555557
2014-05-01 00:00:00 UTC,535,56,244038000,0.44486111111111115
2014-05-01 00:00:00 UTC,535,55,244038000,1.09
2014-05-01 00:00:00 UTC,535,59,245883000,1.5204166666666667
2014-05-01 00:00:00 UTC,535,60,245883000,0.49083333333333334
2014-05-01 00:00:00 UTC,535,61,244165000,1.4318055555555556
2014-05-01 00:00:00 UTC,535,59,244165000,0.84222222222222221
2014-05-01 00:00:00 UTC,535,58,244165000,0.63375
2014-05-01 00:00:00 UTC,535,56,244965000,1.4284722222222221
2014-05-01 00:00:00 UTC,535,58,244965000,0.20652777777777778
2014-05-01 00:00:00 UTC,535,55,244965000,4.0484722222222222
2014-05-01 00:00:00 UTC,535,57,244965000,1.4629166666666666
2014-05-01 00:00:00 UTC,535,62,245562000,0.76291666666666669
2014-05-01 00:00:00 UTC,535,61,245562000,2.3363888888888891
2014-05-01 00:00:00 UTC,535,59,245562000,7.667361111111112
2014-05-01 00:00:00 UTC,535,60,245562000,5.5865277777777784
2014-05-01 00:00:00 UTC,535,56,246095000,3.2276388888888889
2014-05-01 00:00:00 UTC,535,55,246095000,2.1445833333333333
2014-05-01 00:00:00 UTC,535,58,246095000,1.075
2014-05-01 00:00:00 UTC,535,57,246095000,1.9140277777777779
2014-05-01 00:00:00 UTC,535,55,244790684,4.2893055555555559
2014-05-01 00:00:00 UTC,535,56,244790684,0.83736111111111111
2014-05-01 00:00:00 UTC,535,58,245572000,0.88916666666666666
2014-05-01 00:00:00 UTC,535,60,245572000,0.90638888888888891
2014-05-01 00:00:00 UTC,535,55,245572000,4.8415277777777774
2014-05-01 00:00:00 UTC,535,54,245572000,0.22930555555555554
2014-05-01 00:00:00 UTC,535,56,245572000,4.1043055555555554
2014-05-01 00:00:00 UTC,535,59,245572000,2.3938888888888892
2014-05-01 00:00:00 UTC,535,58,244686000,0.41472222222222221
2014-05-01 00:00:00 UTC,535,57,244686000,3.2606944444444448
2014-05-01 00:00:00 UTC,535,55,245283000,1.5098611111111109
2014-05-01 00:00:00 UTC,535,56,245283000,2.5647222222222221
2014-05-01 00:00:00 UTC,535,58,245283000,0.90763888888888888
2014-05-01 00:00:00 UTC,535,57,245283000,1.7204166666666665
2014-05-01 00:00:00 UTC,535,59,245283000,0.44597222222222221
2014-05-01 00:00:00 UTC,535,68,211501000,0.65319444444444441
2014-05-01 00:00:00 UTC,535,67,211501000,1.3668055555555556
2014-05-01 00:00:00 UTC,535,65,211501000,1.4222222222222223
2014-05-01 00:00:00 UTC,535,64,211501000,2.0320833333333335
2014-05-01 00:00:00 UTC,535,55,246189000,6.8472222222222223
2014-05-01 00:00:00 UTC,535,56,246189000,1.5402777777777779
2014-05-01 00:00:00 UTC,535,54,245442000,1.0581944444444444
2014-05-01 00:00:00 UTC,535,57,245442000,0.60097222222222224
2014-05-01 00:00:00 UTC,535,56,245442000,1.0669444444444445
2014-05-01 00:00:00 UTC,535,55,245442000,1.0347222222222223
2014-05-01 00:00:00 UTC,535,59,245655000,1.2687499999999998
2014-05-01 00:00:00 UTC,535,56,245655000,2.3740277777777776
2014-05-01 00:00:00 UTC,535,58,245655000,1.2629166666666667
2014-05-01 00:00:00 UTC,535,60,245655000,1.3293055555555555
2014-05-01 00:00:00 UTC,535,57,245655000,2.5659722222222219
2014-05-01 00:00:00 UTC,535,55,245655000,2.7848611111111108
2014-05-01 00:00:00 UTC,535,58,245228000,1.9815277777777778
2014-05-01 00:00:00 UTC,535,59,245228000,6.868611111111111
2014-05-01 00:00:00 UTC,535,60,245228000,2.1919444444444447
2014-05-01 00:00:00 UTC,535,-36,232006630,0.43486111111111109
2014-05-01 00:00:00 UTC,535,62,244609000,3.4390277777777771
2014-05-01 00:00:00 UTC,535,-53,205259000,0.93416666666666659
2014-05-01 00:00:00 UTC,535,-54,205259000,0.55902777777777779
2014-05-01 00:00:00 UTC,-489,-622,701000948,7.816527777777778
2014-05-01 00:00:00 UTC,-489,-605,416245500,5.6750000000000007
2014-05-01 00:00:00 UTC,-233,95,263415290,2.3944444444444444
2014-05-01 00:00:00 UTC,24,1764,440704000,1.9179166666666667
2014-05-01 00:00:00 UTC,24,1765,440704000,1.6093055555555555
2014-05-01 00:00:00 UTC,24,1765,441098000,1.975
2014-05-01 00:00:00 UTC,24,1766,441098000,3.7951388888888888
2014-05-01 00:00:00 UTC,24,-1665,440778000,1.976388888888889
2014-05-01 00:00:00 UTC,24,-1240,432468000,1.2031944444444445
2014-05-01 00:00:00 UTC,24,-1241,432468000,2.419027777777778
2014-05-01 00:00:00 UTC,24,-242,224286000,0.98069444444444454
2014-05-01 00:00:00 UTC,24,-243,224286000,2.1940277777777779
2014-05-01 00:00:00 UTC,24,-1686,440574000,0.86402777777777773
2014-05-01 00:00:00 UTC,24,-1679,440574000,0.8375
2014-05-01 00:00:00 UTC,24,-1681,440574000,1.632222222222222
2014-05-01 00:00:00 UTC,24,-1680,440574000,2.7898611111111111
2014-05-01 00:00:00 UTC,24,-1685,440574000,0.87069444444444444
2014-05-01 00:00:00 UTC,24,-1682,440574000,1.2168055555555557
2014-05-01 00:00:00 UTC,24,-1678,440574000,2.2709722222222224
2014-05-01 00:00:00 UTC,24,-1684,440574000,0.90694444444444444
2014-05-01 00:00:00 UTC,24,-1587,441811000,0.8847222222222223
2014-05-01 00:00:00 UTC,24,-378,224306000,1.6906944444444445
2014-05-01 00:00:00 UTC,24,1758,440731000,1.8911111111111112
2014-05-01 00:00:00 UTC,24,1764,440731000,2.2679166666666664
2014-05-01 00:00:00 UTC,24,-1689,441072000,0.93458333333333343
2014-05-01 00:00:00 UTC,24,-1691,441072000,1.2002777777777778
2014-05-01 00:00:00 UTC,24,-1693,441072000,0.94166666666666665
2014-05-01 00:00:00 UTC,24,-1695,441072000,0.90416666666666667
2014-05-01 00:00:00 UTC,24,-1687,441072000,0.92513888888888884
2014-05-01 00:00:00 UTC,24,-1688,441072000,0.78597222222222229
2014-05-01 00:00:00 UTC,24,-1673,440624000,0.27333333333333332
2014-05-01 00:00:00 UTC,24,-1685,440624000,1.7826388888888889
2014-05-01 00:00:00 UTC,24,-1676,440624000,1.6333333333333333
2014-05-01 00:00:00 UTC,24,-1683,440624000,1.1981944444444443
2014-05-01 00:00:00 UTC,24,-1674,440624000,0.81527777777777777
2014-05-01 00:00:00 UTC,24,-1686,440624000,0.87347222222222221
2014-05-01 00:00:00 UTC,24,-1379,441680000,1.8215277777777776
2014-05-01 00:00:00 UTC,24,1707,366020000,0.91083333333333338
2014-05-01 00:00:00 UTC,24,-1691,440920000,0.83736111111111111
2014-05-01 00:00:00 UTC,24,-1685,440920000,2.5740277777777778
2014-05-01 00:00:00 UTC,24,-1686,440920000,1.675
2014-05-01 00:00:00 UTC,24,-1688,440920000,0.48055555555555557
2014-05-01 00:00:00 UTC,24,-1684,440920000,1.8622222222222224
2014-05-01 00:00:00 UTC,24,-1692,440920000,4.4709722222222226
2014-05-01 00:00:00 UTC,24,-1694,440920000,0.95555555555555549
2014-05-01 00:00:00 UTC,24,-1683,440920000,1.3456944444444445
2014-05-01 00:00:00 UTC,24,-1687,440920000,2.1055555555555552
2014-05-01 00:00:00 UTC,24,-1689,440920000,1.3070833333333334
2014-05-01 00:00:00 UTC,24,-1391,431938000,0.70958333333333334
2014-05-01 00:00:00 UTC,280,1218,412417284,17.401111111111113
2014-05-01 00:00:00 UTC,280,1217,412417284,2.875833333333333
2014-05-01 00:00:00 UTC,280,1218,412418565,7.4624999999999995
2014-05-01 00:00:00 UTC,280,1218,413578501,1.2186111111111111
2014-05-01 00:00:00 UTC,280,1219,413578501,6.8845833333333326
2014-05-01 00:00:00 UTC,280,1219,412412168,1.375
2014-05-01 00:00:00 UTC,280,1220,412412168,0.49597222222222226
2014-05-01 00:00:00 UTC,280,1220,412411658,1.8881944444444443
2014-05-01 00:00:00 UTC,280,1219,412410379,3.8711111111111114
2014-05-01 00:00:00 UTC,280,1220,412410379,4.3198611111111109
2014-05-01 00:00:00 UTC,280,1220,412410381,2.5997222222222218
2014-05-01 00:00:00 UTC,280,1219,412410385,0.29777777777777781
2014-05-01 00:00:00 UTC,280,1220,412410385,2.9051388888888887
2014-05-01 00:00:00 UTC,280,1220,412410386,2.3672222222222219
2014-05-01 00:00:00 UTC,280,1219,231456022,0.81194444444444458
2014-05-01 00:00:00 UTC,280,1219,412410391,6.93013888888889
2014-05-01 00:00:00 UTC,280,1221,412410392,5.5141666666666671
2014-05-01 00:00:00 UTC,280,1220,412410392,3.9724999999999993
2014-05-01 00:00:00 UTC,280,1222,412410392,1.1627777777777779
2014-05-01 00:00:00 UTC,280,1219,412410392,6.0806944444444442
2014-05-01 00:00:00 UTC,280,1218,412410392,0.89888888888888885
2014-05-01 00:00:00 UTC,280,1218,412410393,0.62694444444444453
2014-05-01 00:00:00 UTC,280,1219,412410393,6.8933333333333326
2014-05-01 00:00:00 UTC,280,1220,412410393,7.8790277777777789
2014-05-01 00:00:00 UTC,280,1221,412410393,1.31125
2014-05-01 00:00:00 UTC,280,1218,412414746,7.2186111111111124
2014-05-01 00:00:00 UTC,280,1221,412417818,0.5593055555555555
2014-05-01 00:00:00 UTC,280,1220,412417818,1.6827777777777777
2014-05-01 00:00:00 UTC,280,1222,412410651,0.79527777777777764
2014-05-01 00:00:00 UTC,280,1221,412410651,3.3319444444444448
2014-05-01 00:00:00 UTC,280,1219,412410651,2.6277777777777778
2014-05-01 00:00:00 UTC,280,1220,412410651,4.4295833333333334
2014-05-01 00:00:00 UTC,280,1218,412410651,0.55902777777777779
2014-05-01 00:00:00 UTC,280,1218,412414747,6.3086111111111105
2014-05-01 00:00:00 UTC,280,1219,412417563,5.2848611111111108
2014-05-01 00:00:00 UTC,280,1218,412415004,2.9143055555555559
2014-05-01 00:00:00 UTC,280,1217,412415004,1.3008333333333333
2014-05-01 00:00:00 UTC,280,1220,412416284,5.6701388888888884
2014-05-01 00:00:00 UTC,280,1218,412123422,0.72
2014-05-01 00:00:00 UTC,280,1217,412415007,4.247916666666665
2014-05-01 00:00:00 UTC,280,1214,412415008,3.3711111111111109
2014-05-01 00:00:00 UTC,280,1219,412416288,2.9008333333333334
2014-05-01 00:00:00 UTC,280,1220,412410402,1.9947222222222223
2014-05-01 00:00:00 UTC,280,1219,412410402,0.57194444444444437
2014-05-01 00:00:00 UTC,280,1218,412410402,3.8473611111111117
2014-05-01 00:00:00 UTC,280,1217,412410403,0.2475
2014-05-01 00:00:00 UTC,280,1219,412410403,0.43166666666666664
2014-05-01 00:00:00 UTC,280,1220,412410403,1.2230555555555556
2014-05-01 00:00:00 UTC,280,1218,412410403,4.0150000000000006
2014-05-01 00:00:00 UTC,280,1221,412410404,1.1526388888888888
2014-05-01 00:00:00 UTC,280,1219,412410404,5.63
2014-05-01 00:00:00 UTC,280,1220,412410404,1.1025
2014-05-01 00:00:00 UTC,280,1222,412410404,0.29694444444444446
2014-05-01 00:00:00 UTC,280,1219,412410405,7.4566666666666661
2014-05-01 00:00:00 UTC,280,1220,412410405,0.32097222222222221
2014-05-01 00:00:00 UTC,280,1220,412410406,1.9084722222222221
2014-05-01 00:00:00 UTC,280,1219,412410406,4.8555555555555561
2014-05-01 00:00:00 UTC,280,1221,412410406,0.7681944444444444
2014-05-01 00:00:00 UTC,280,1222,412410406,0.50847222222222221
2014-05-01 00:00:00 UTC,280,1221,412410407,2.6813888888888893
2014-05-01 00:00:00 UTC,280,1222,412410407,0.38194444444444442
2014-05-01 00:00:00 UTC,280,1219,412410407,4.7173611111111109
2014-05-01 00:00:00 UTC,280,1220,412410407,1.5255555555555556
2014-05-01 00:00:00 UTC,280,1218,412410408,3.6040277777777781
2014-05-01 00:00:00 UTC,280,1219,412419113,1.5958333333333334
2014-05-01 00:00:00 UTC,280,1218,412410409,2.677777777777778
2014-05-01 00:00:00 UTC,280,1230,412437035,11.961944444444443
2014-05-01 00:00:00 UTC,280,1218,412123435,0.48375
2014-05-01 00:00:00 UTC,280,1217,412123435,1.0970833333333334
2014-05-01 00:00:00 UTC,280,1218,412412971,1.1590277777777778
2014-05-01 00:00:00 UTC,280,1219,412412971,3.2152777777777777
2014-05-01 00:00:00 UTC,280,1217,412410413,0.86666666666666681
2014-05-01 00:00:00 UTC,280,1220,412410413,1.5816666666666666
2014-05-01 00:00:00 UTC,280,1219,412410413,1.88875
2014-05-01 00:00:00 UTC,280,1220,412410414,1.0938888888888889
2014-05-01 00:00:00 UTC,280,1219,412410414,1.6393055555555556
2014-05-01 00:00:00 UTC,280,1217,412410414,0.95375
2014-05-01 00:00:00 UTC,280,1219,412412975,4.980833333333333
2014-05-01 00:00:00 UTC,280,1220,412412975,0.53708333333333336
2014-05-01 00:00:00 UTC,280,1218,412412977,1.6483333333333332
2014-05-01 00:00:00 UTC,280,1219,412412977,5.0322222222222219
2014-05-01 00:00:00 UTC,280,1219,412412978,5.0290277777777783
2014-05-01 00:00:00 UTC,280,1218,412412978,1.4343055555555555
2014-05-01 00:00:00 UTC,280,1219,412410419,9.19902777777778
2014-05-01 00:00:00 UTC,280,1220,412410419,3.6227777777777774
2014-05-01 00:00:00 UTC,280,1218,412410419,1.7854166666666667
2014-05-01 00:00:00 UTC,280,1221,412416308,1.3284722222222223
2014-05-01 00:00:00 UTC,280,1220,412416308,3.9052777777777781
2014-05-01 00:00:00 UTC,280,1220,412410421,2.6120833333333335
2014-05-01 00:00:00 UTC,280,1218,412410421,1.9293055555555556
2014-05-01 00:00:00 UTC,280,1219,412410421,10.830277777777779
2014-05-01 00:00:00 UTC,280,1219,412410423,6.0044444444444451
2014-05-01 00:00:00 UTC,280,1219,200006201,0.70027777777777778
2014-05-01 00:00:00 UTC,280,1219,412002363,2.3788888888888891
2014-05-01 00:00:00 UTC,280,1220,412410685,0.6711111111111111
2014-05-01 00:00:00 UTC,280,1219,412410685,2.7905555555555557
2014-05-01 00:00:00 UTC,280,1219,412410432,6.2509722222222219
2014-05-01 00:00:00 UTC,280,1218,412410432,0.96611111111111114
2014-05-01 00:00:00 UTC,280,1214,412449857,0.5494444444444444
2014-05-01 00:00:00 UTC,280,1218,412410433,1.0498611111111109
2014-05-01 00:00:00 UTC,280,1219,412410433,4.1604166666666664
2014-05-01 00:00:00 UTC,280,1223,412435266,2.3383333333333329
2014-05-01 00:00:00 UTC,280,1218,412414787,1.1551388888888887
2014-05-01 00:00:00 UTC,280,1218,412419652,13.279305555555556
2014-05-01 00:00:00 UTC,280,1217,412419652,1.5369444444444444
2014-05-01 00:00:00 UTC,280,1220,412410696,2.5223611111111111
2014-05-01 00:00:00 UTC,280,1218,412410696,1.7843055555555554
2014-05-01 00:00:00 UTC,280,1219,412410696,13.43875
2014-05-01 00:00:00 UTC,280,1218,412410697,1.8723611111111111
2014-05-01 00:00:00 UTC,280,1220,412410697,3.8966666666666665
2014-05-01 00:00:00 UTC,280,1219,412410697,8.3159722222222232
2014-05-01 00:00:00 UTC,280,1219,412412236,2.6984722222222226
2014-05-01 00:00:00 UTC,280,1219,412419661,13.797500000000001
2014-05-01 00:00:00 UTC,280,1218,412419661,0.84361111111111109
2014-05-01 00:00:00 UTC,280,1219,412412237,3.6025000000000005
2014-05-01 00:00:00 UTC,280,1220,412412237,0.65263888888888888
2014-05-01 00:00:00 UTC,280,1222,412418638,20.014305555555556
2014-05-01 00:00:00 UTC,280,1221,412418638,4.9233333333333338
2014-05-01 00:00:00 UTC,280,1218,412417361,11.844305555555552
2014-05-01 00:00:00 UTC,280,1219,412417361,1.2097222222222224
2014-05-01 00:00:00 UTC,280,1211,412434258,0.31041666666666667
2014-05-01 00:00:00 UTC,280,1210,412434258,1.2352777777777777
2014-05-01 00:00:00 UTC,280,1211,412434259,2.3176388888888888
2014-05-01 00:00:00 UTC,280,1218,412417882,20.200277777777789
2014-05-01 00:00:00 UTC,280,1219,412417882,1.6365277777777778
2014-05-01 00:00:00 UTC,280,1219,412416347,2.5126388888888891
2014-05-01 00:00:00 UTC,280,1220,412416347,0.24388888888888891
2014-05-01 00:00:00 UTC,280,1218,412416347,0.49527777777777776
2014-05-01 00:00:00 UTC,280,1217,412418652,12.530416666666662
2014-05-01 00:00:00 UTC,280,1218,412410716,0.21416666666666667
2014-05-01 00:00:00 UTC,280,1219,412410716,6.5283333333333342
2014-05-01 00:00:00 UTC,280,1216,412419165,2.3590277777777775
2014-05-01 00:00:00 UTC,280,1218,412419165,3.4051388888888883
2014-05-01 00:00:00 UTC,280,1220,412410205,3.6091666666666669
2014-05-01 00:00:00 UTC,280,1219,412410205,5.7612499999999995
2014-05-01 00:00:00 UTC,280,1222,412410205,1.7768055555555555
2014-05-01 00:00:00 UTC,280,1219,412417121,2.2058333333333331
2014-05-01 00:00:00 UTC,280,1220,412417121,1.6433333333333333
2014-05-01 00:00:00 UTC,280,1221,412417121,2.5427777777777778
2014-05-01 00:00:00 UTC,280,1218,412415586,2.0915277777777774
2014-05-01 00:00:00 UTC,280,1219,412415586,2.4420833333333336
2014-05-01 00:00:00 UTC,280,1218,412415587,1.8154166666666667
2014-05-01 00:00:00 UTC,280,1219,412415587,2.4883333333333333
2014-05-01 00:00:00 UTC,280,1218,412415852,0.24388888888888888
2014-05-01 00:00:00 UTC,280,1219,412415852,2.1190277777777777
2014-05-01 00:00:00 UTC,280,1219,412412525,0.95833333333333326
2014-05-01 00:00:00 UTC,280,1219,412411503,0.51694444444444443
2014-05-01 00:00:00 UTC,280,1220,412411503,1.0505555555555555
2014-05-01 00:00:00 UTC,280,1219,412414323,0.63694444444444442
2014-05-01 00:00:00 UTC,280,1220,412414323,6.1398611111111112
2014-05-01 00:00:00 UTC,280,1212,200003956,0.26249999999999996
2014-05-01 00:00:00 UTC,280,1213,200003956,0.23736111111111111
2014-05-01 00:00:00 UTC,280,1217,412416373,2.02875
2014-05-01 00:00:00 UTC,280,1218,412416373,8.3230555555555537
2014-05-01 00:00:00 UTC,280,1219,412414584,10.423055555555553
2014-05-01 00:00:00 UTC,280,1220,412414584,3.470416666666666
2014-05-01 00:00:00 UTC,280,1217,412414586,5.3826388888888888
2014-05-01 00:00:00 UTC,280,1220,412410747,0.79458333333333331
2014-05-01 00:00:00 UTC,280,1219,412410747,1.0725
2014-05-01 00:00:00 UTC,280,1218,412414331,0.77208333333333323
2014-05-01 00:00:00 UTC,280,1221,412414331,2.3881944444444443
2014-05-01 00:00:00 UTC,280,1220,412414331,2.1550000000000002
2014-05-01 00:00:00 UTC,280,1219,412414331,2.95625
2014-05-01 00:00:00 UTC,280,1719,431702140,0.037500000000000006
2014-05-01 00:00:00 UTC,280,1718,431702140,8.700972222222223
2014-05-01 00:00:00 UTC,280,1219,412418941,2.5091666666666668
2014-05-01 00:00:00 UTC,280,1221,412418941,5.9427777777777777
2014-05-01 00:00:00 UTC,280,1221,412418942,2.8472222222222223
2014-05-01 00:00:00 UTC,280,1219,412418942,1.8577777777777778
2014-05-01 00:00:00 UTC,280,1218,412414334,0.75486111111111109
2014-05-01 00:00:00 UTC,280,1219,412414334,3.2497222222222222
2014-05-01 00:00:00 UTC,280,1221,412418177,2.8415277777777779
2014-05-01 00:00:00 UTC,280,1220,412418177,0.34513888888888888
2014-05-01 00:00:00 UTC,280,1215,401200001,2.7959722222222227
2014-05-01 00:00:00 UTC,280,1221,412419203,0.86583333333333345
2014-05-01 00:00:00 UTC,280,1220,412419203,3.1679166666666672
2014-05-01 00:00:00 UTC,280,1218,413688199,2.0998611111111107
2014-05-01 00:00:00 UTC,280,1219,413688199,0.49416666666666664
2014-05-01 00:00:00 UTC,280,1218,412412297,0.27375
2014-05-01 00:00:00 UTC,280,1220,412412297,1.3979166666666667
2014-05-01 00:00:00 UTC,280,1219,412412297,2.5531944444444443
2014-05-01 00:00:00 UTC,280,1221,413002121,0.85083333333333333
2014-05-01 00:00:00 UTC,280,1220,413002121,9.8833333333333329
2014-05-01 00:00:00 UTC,280,1219,413002121,5.8429166666666665
2014-05-01 00:00:00 UTC,280,1222,413002121,0.64194444444444443
2014-05-01 00:00:00 UTC,280,1218,413002121,0.84430555555555553
2014-05-01 00:00:00 UTC,280,1220,412412298,0.89486111111111111
2014-05-01 00:00:00 UTC,280,1219,412412298,1.3291666666666668
2014-05-01 00:00:00 UTC,280,1219,412400781,2.7148611111111114
2014-05-01 00:00:00 UTC,280,1220,412400781,9.5456944444444449
2014-05-01 00:00:00 UTC,280,1219,412400782,3.7620833333333334
2014-05-01 00:00:00 UTC,280,1221,412400782,1.4627777777777777
2014-05-01 00:00:00 UTC,280,1220,412400782,2.1129166666666661
2014-05-01 00:00:00 UTC,280,1218,412410767,0.24041666666666667
2014-05-01 00:00:00 UTC,280,1219,412410767,8.7169444444444473
2014-05-01 00:00:00 UTC,280,1217,412418448,5.3336111111111109
2014-05-01 00:00:00 UTC,280,1218,412418448,0.58652777777777776
2014-05-01 00:00:00 UTC,280,1219,412411792,0.64666666666666672
2014-05-01 00:00:00 UTC,280,1220,412411792,1.4355555555555555
2014-05-01 00:00:00 UTC,280,1217,412418449,9.890555555555558
2014-05-01 00:00:00 UTC,280,1218,412418449,1.5111111111111111
2014-05-01 00:00:00 UTC,280,1220,412442003,5.2941666666666665
2014-05-01 00:00:00 UTC,280,1219,412442003,7.0618055555555532
2014-05-01 00:00:00 UTC,280,1231,412438166,0.31652777777777774
2014-05-01 00:00:00 UTC,280,1218,412419735,4.0018055555555545
2014-05-01 00:00:00 UTC,280,1219,412419735,3.3981944444444445
2014-05-01 00:00:00 UTC,280,1218,412416408,3.2676388888888885
2014-05-01 00:00:00 UTC,280,1219,412416408,7.3344444444444452
2014-05-01 00:00:00 UTC,280,1220,412416408,0.52888888888888885
2014-05-01 00:00:00 UTC,280,1219,412411801,2.4001388888888893
2014-05-01 00:00:00 UTC,280,1221,412411801,2.408611111111111
2014-05-01 00:00:00 UTC,280,1220,412411801,1.5956944444444445
2014-05-01 00:00:00 UTC,280,1218,412416409,3.735
2014-05-01 00:00:00 UTC,280,1219,412416409,0.89944444444444438
2014-05-01 00:00:00 UTC,280,1217,412418459,8.9143055555555542
2014-05-01 00:00:00 UTC,280,1217,230024091,1.6681944444444445
2014-05-01 00:00:00 UTC,280,1218,230024091,8.8393055555555549
2014-05-01 00:00:00 UTC,280,1219,412410781,11.309305555555554
2014-05-01 00:00:00 UTC,280,1218,412410781,0.23236111111111113
2014-05-01 00:00:00 UTC,280,1217,412416669,0.26472222222222219
2014-05-01 00:00:00 UTC,280,1216,412416669,5.3161111111111117
2014-05-01 00:00:00 UTC,280,1220,412410782,5.93138888888889
2014-05-01 00:00:00 UTC,280,1218,412410782,0.83555555555555561
2014-05-01 00:00:00 UTC,280,1219,412410782,8.2765277777777762
2014-05-01 00:00:00 UTC,280,1220,412416158,0.93347222222222226
2014-05-01 00:00:00 UTC,280,1224,412435359,4.0041666666666664
2014-05-01 00:00:00 UTC,280,1219,412442017,0.23083333333333333
2014-05-01 00:00:00 UTC,280,1217,412413345,0.3651388888888889
2014-05-01 00:00:00 UTC,280,1219,412542120,0.66791666666666671
2014-05-01 00:00:00 UTC,280,1220,412542120,4.4106944444444443
2014-05-01 00:00:00 UTC,280,1219,412411562,6.2113888888888882
2014-05-01 00:00:00 UTC,280,1220,412411562,0.25597222222222221
2014-05-01 00:00:00 UTC,280,1220,412419247,2.5918055555555553
2014-05-01 00:00:00 UTC,280,1219,412441265,0.73388888888888881
2014-05-01 00:00:00 UTC,280,1220,412410291,2.4906944444444443
2014-05-01 00:00:00 UTC,280,1220,412410293,0.78541666666666665
2014-05-01 00:00:00 UTC,280,1221,412410293,1.5297222222222224
2014-05-01 00:00:00 UTC,280,1219,412411577,5.7152777777777768
2014-05-01 00:00:00 UTC,280,1219,412410298,0.95652777777777775
2014-05-01 00:00:00 UTC,280,1220,200004027,2.9222222222222216
2014-05-01 00:00:00 UTC,280,1219,200004027,0.924861111111111
2014-05-01 00:00:00 UTC,280,1219,412410299,0.35263888888888889
2014-05-01 00:00:00 UTC,280,1220,412410299,1.7694444444444444
2014-05-01 00:00:00 UTC,280,1218,200006334,11.740694444444447
2014-05-01 00:00:00 UTC,280,1217,413108160,1.9041666666666666
2014-05-01 00:00:00 UTC,280,1219,412410304,1.6476388888888889
2014-05-01 00:00:00 UTC,280,1218,412410304,1.8466666666666667
2014-05-01 00:00:00 UTC,280,1218,412410305,1.3069444444444445
2014-05-01 00:00:00 UTC,280,1220,412410305,0.27333333333333332
2014-05-01 00:00:00 UTC,280,1219,412410305,2.84
2014-05-01 00:00:00 UTC,280,1220,412410306,0.2986111111111111
2014-05-01 00:00:00 UTC,280,1219,412410306,2.7619444444444445
2014-05-01 00:00:00 UTC,280,1218,412410306,1.2822222222222222
2014-05-01 00:00:00 UTC,280,1220,412419788,1.9261111111111109
2014-05-01 00:00:00 UTC,280,1219,412419788,0.29847222222222225
2014-05-01 00:00:00 UTC,280,1218,412442316,4.1277777777777782
2014-05-01 00:00:00 UTC,280,1219,412442316,1.9377777777777778
2014-05-01 00:00:00 UTC,280,1220,412442316,0.56722222222222229
2014-05-01 00:00:00 UTC,280,1220,412419789,1.9812500000000002
2014-05-01 00:00:00 UTC,280,1214,200001741,1.8337499999999998
2014-05-01 00:00:00 UTC,280,1218,412442318,3.4629166666666662
2014-05-01 00:00:00 UTC,280,1219,412442318,2.3459722222222221
2014-05-01 00:00:00 UTC,280,1217,412410318,0.27763888888888888
2014-05-01 00:00:00 UTC,280,1219,412410318,7.1705555555555538
2014-05-01 00:00:00 UTC,280,1219,412410319,5.70236111111111
2014-05-01 00:00:00 UTC,280,1218,412410321,0.52263888888888888
2014-05-01 00:00:00 UTC,280,1219,412410321,8.58125
2014-05-01 00:00:00 UTC,280,1219,412410322,8.5356944444444434
2014-05-01 00:00:00 UTC,280,1218,412410322,0.2729166666666667
2014-05-01 00:00:00 UTC,280,1218,412416466,1.3831944444444446
2014-05-01 00:00:00 UTC,280,1219,412410323,1.0638888888888889
2014-05-01 00:00:00 UTC,280,1218,412410323,0.35472222222222222
2014-05-01 00:00:00 UTC,280,1217,412419284,5.0426388888888889
2014-05-01 00:00:00 UTC,280,1219,412410324,0.97888888888888892
2014-05-01 00:00:00 UTC,280,1218,412410324,0.44111111111111112
2014-05-01 00:00:00 UTC,280,1220,412410836,0.22361111111111109
2014-05-01 00:00:00 UTC,280,1219,412410836,5.4343055555555546
2014-05-01 00:00:00 UTC,280,1220,412415444,0.49611111111111111
2014-05-01 00:00:00 UTC,280,1219,412415444,6.1400000000000006
2014-05-01 00:00:00 UTC,280,1220,412410837,0.23930555555555555
2014-05-01 00:00:00 UTC,280,1219,412410837,6.7820833333333344
2014-05-01 00:00:00 UTC,280,1219,412417493,14.664166666666668
2014-05-01 00:00:00 UTC,280,1218,412417493,0.46236111111111111
2014-05-01 00:00:00 UTC,280,1230,412437463,10.845555555555556
2014-05-01 00:00:00 UTC,280,1220,412410327,1.6108333333333333
2014-05-01 00:00:00 UTC,280,1219,412410327,1.1022222222222222
2014-05-01 00:00:00 UTC,280,1221,412410327,4.15875
2014-05-01 00:00:00 UTC,280,1220,412410328,1.7397222222222224
2014-05-01 00:00:00 UTC,280,1221,412410328,3.97875
2014-05-01 00:00:00 UTC,280,1219,412410328,1.006111111111111
2014-05-01 00:00:00 UTC,280,1219,412410329,6.8719444444444449
2014-05-01 00:00:00 UTC,280,1220,412410329,0.81666666666666665
2014-05-01 00:00:00 UTC,280,1218,412410075,2.47875
2014-05-01 00:00:00 UTC,280,1219,412410075,7.3081944444444442
2014-05-01 00:00:00 UTC,280,1219,412410331,1.9330555555555555
2014-05-01 00:00:00 UTC,280,1220,412410331,0.39472222222222225
2014-05-01 00:00:00 UTC,280,1217,413120988,17.106249999999996
2014-05-01 00:00:00 UTC,280,1218,412410076,2.17875
2014-05-01 00:00:00 UTC,280,1219,412410076,1.4075
2014-05-01 00:00:00 UTC,280,1218,412410332,1.8920833333333333
2014-05-01 00:00:00 UTC,280,1219,412410332,1.3179166666666668
2014-05-01 00:00:00 UTC,280,1219,412410333,1.6047222222222222
2014-05-01 00:00:00 UTC,280,1218,412410333,2.2881944444444442
2014-05-01 00:00:00 UTC,280,1220,412419806,2.4083333333333332
2014-05-01 00:00:00 UTC,280,1219,412412382,1.6480555555555556
2014-05-01 00:00:00 UTC,280,1220,412412382,2.3861111111111111
2014-05-01 00:00:00 UTC,280,1220,412419807,2.2536111111111112
2014-05-01 00:00:00 UTC,280,1221,412419807,1.1436111111111111
2014-05-01 00:00:00 UTC,280,1219,412419296,2.9977777777777779
2014-05-01 00:00:00 UTC,280,-153,273528800,0.26111111111111113
2014-05-01 00:00:00 UTC,280,1221,412419811,1.0847222222222221
2014-05-01 00:00:00 UTC,280,1220,412419811,0.40833333333333333
2014-05-01 00:00:00 UTC,280,1219,412415972,2.6404166666666669
2014-05-01 00:00:00 UTC,280,1219,412415973,2.5834722222222219
2014-05-01 00:00:00 UTC,280,1220,412417509,0.53722222222222227
2014-05-01 00:00:00 UTC,280,1219,412410342,7.5413888888888874
2014-05-01 00:00:00 UTC,280,1218,412410342,0.27749999999999997
2014-05-01 00:00:00 UTC,280,1219,412410345,8.026250000000001
2014-05-01 00:00:00 UTC,280,1218,412410345,0.80236111111111119
2014-05-01 00:00:00 UTC,280,1218,412411625,2.7287500000000002
2014-05-01 00:00:00 UTC,280,1219,412411625,2.3159722222222219
2014-05-01 00:00:00 UTC,280,1218,412410346,0.4622222222222222
2014-05-01 00:00:00 UTC,280,1219,412410346,8.3695833333333329
2014-05-01 00:00:00 UTC,280,1221,412416747,10.327222222222224
2014-05-01 00:00:00 UTC,280,1222,412410348,0.16888888888888889
2014-05-01 00:00:00 UTC,280,1220,412410348,3.8986111111111112
2014-05-01 00:00:00 UTC,280,1219,412410348,6.5706944444444444
2014-05-01 00:00:00 UTC,280,1221,412410348,0.97388888888888892
2014-05-01 00:00:00 UTC,280,1221,412410349,1.8962499999999998
2014-05-01 00:00:00 UTC,280,1220,412410349,3.2829166666666669
2014-05-01 00:00:00 UTC,280,1219,412410349,5.1140277777777774
2014-05-01 00:00:00 UTC,280,1222,412410349,0.22472222222222221
2014-05-01 00:00:00 UTC,280,1220,412412142,1.1091666666666666
2014-05-01 00:00:00 UTC,280,1219,412412142,3.4738888888888888
2014-05-01 00:00:00 UTC,280,1220,412410352,1.1365277777777778
2014-05-01 00:00:00 UTC,280,1219,412410352,3.3916666666666666
2014-05-01 00:00:00 UTC,280,1218,412410609,1.0243055555555556
2014-05-01 00:00:00 UTC,280,1219,412410609,1.8893055555555556
2014-05-01 00:00:00 UTC,280,1218,412417522,1.7550000000000001
2014-05-01 00:00:00 UTC,280,1218,412410611,4.4116666666666671
2014-05-01 00:00:00 UTC,280,1221,412416244,12.314305555555556
2014-05-01 00:00:00 UTC,280,1219,412415733,5.9347222222222227
2014-05-01 00:00:00 UTC,280,1220,412415733,0.76513888888888892
2014-05-01 00:00:00 UTC,280,1221,412417781,4.9275000000000011
2014-05-01 00:00:00 UTC,280,1222,412417781,19.300416666666667
2014-05-01 00:00:00 UTC,280,1219,412417014,4.2197222222222219
2014-05-01 00:00:00 UTC,280,1220,412417014,1.9680555555555554
2014-05-01 00:00:00 UTC,280,1213,412004088,1.2916666666666665
2014-05-01 00:00:00 UTC,280,1219,412410873,7.9444444444444446
2014-05-01 00:00:00 UTC,280,1218,412410873,1.5522222222222222
2014-05-01 00:00:00 UTC,280,1219,412415993,2.3045833333333334
2014-05-01 00:00:00 UTC,280,1218,412415993,2.3730555555555557
2014-05-01 00:00:00 UTC,280,1217,412417786,10.858055555555557
2014-05-01 00:00:00 UTC,280,1220,200005885,1.4834722222222223
2014-05-01 00:00:00 UTC,280,1236,412417535,11.504305555555556
2014-05-01 00:00:00 UTC,536,65,211605000,0.7665277777777777
2014-05-01 00:00:00 UTC,536,66,211626000,0.99597222222222226
2014-05-01 00:00:00 UTC,536,64,211626000,12.503472222222223
2014-05-01 00:00:00 UTC,536,65,211626000,1.3486111111111114
2014-05-01 00:00:00 UTC,536,62,211288860,1.7806944444444444
2014-05-01 00:00:00 UTC,536,-63,250000433,9.3763888888888882
2014-05-01 00:00:00 UTC,536,-50,205277000,0.3041666666666667
2014-05-01 00:00:00 UTC,536,-51,205277000,2.8748611111111106
2014-05-01 00:00:00 UTC,536,-52,205277000,0.96
2014-05-01 00:00:00 UTC,536,67,211495000,1.2445833333333334
2014-05-01 00:00:00 UTC,536,66,211495000,2.4437499999999996
2014-05-01 00:00:00 UTC,536,69,211495000,2.2626388888888886
2014-05-01 00:00:00 UTC,536,68,211495000,3.0927777777777772
2014-05-01 00:00:00 UTC,536,63,245841000,0.73986111111111108
2014-05-01 00:00:00 UTC,536,-51,205243000,3.6799999999999997
2014-05-01 00:00:00 UTC,536,66,211290000,3.358888888888889
2014-05-01 00:00:00 UTC,536,65,211314890,4.0699999999999994
2014-05-01 00:00:00 UTC,536,66,211314890,18.680833333333336
2014-05-01 00:00:00 UTC,536,69,211170000,2.3891666666666662
2014-05-01 00:00:00 UTC,536,-100,250390000,1.6165277777777778
2014-05-01 00:00:00 UTC,536,-101,250390000,3.3480555555555553
2014-05-01 00:00:00 UTC,536,-52,205259000,1.4075000000000002
2014-05-01 00:00:00 UTC,536,-53,205259000,0.64916666666666667
2014-05-01 00:00:00 UTC,-488,712,635000300,0.051388888888888894
2014-05-01 00:00:00 UTC,-488,713,635000300,9.6677777777777774
2014-05-01 00:00:00 UTC,-488,714,635000300,1.4397222222222221
2014-05-01 00:00:00 UTC,-488,-622,701000948,3.9147222222222222
2014-05-01 00:00:00 UTC,-488,-605,416245500,1.5513888888888889
2014-05-01 00:00:00 UTC,-232,95,263415290,5.1163888888888884
2014-05-01 00:00:00 UTC,25,1765,440704000,1.6668055555555557
2014-05-01 00:00:00 UTC,25,1766,441098000,4.0720833333333335
2014-05-01 00:00:00 UTC,25,-376,263572000,4.6430555555555557
2014-05-01 00:00:00 UTC,25,-1241,432468000,1.8584722222222223
2014-05-01 00:00:00 UTC,25,-1685,440574000,1.7218055555555556
2014-05-01 00:00:00 UTC,25,-1688,440574000,2.786111111111111
2014-05-01 00:00:00 UTC,25,-1686,440574000,4.7819444444444441
2014-05-01 00:00:00 UTC,25,-1683,440574000,2.0544444444444445
2014-05-01 00:00:00 UTC,25,-1682,440574000,1.7140277777777777
2014-05-01 00:00:00 UTC,25,-1534,441650000,3.6265277777777776
2014-05-01 00:00:00 UTC,25,-374,224306000,2.7376388888888892
2014-05-01 00:00:00 UTC,25,-376,224306000,1.9945833333333334
2014-05-01 00:00:00 UTC,25,1761,440731000,0.95694444444444449
2014-05-01 00:00:00 UTC,25,1764,440731000,1.7305555555555556
2014-05-01 00:00:00 UTC,25,1763,440731000,1.8987500000000002
2014-05-01 00:00:00 UTC,25,1759,440731000,1.298888888888889
2014-05-01 00:00:00 UTC,25,-1379,441680000,0.85916666666666663
2014-05-01 00:00:00 UTC,25,1741,520218000,0.94180555555555556
2014-05-01 00:00:00 UTC,25,-1391,431938000,1.004861111111111
2014-05-01 00:00:00 UTC,281,1213,413201666,1.725
2014-05-01 00:00:00 UTC,281,1218,412417284,2.8277777777777775
2014-05-01 00:00:00 UTC,281,1217,412418565,3.0526388888888887
2014-05-01 00:00:00 UTC,281,1218,412418565,3.5966666666666658
2014-05-01 00:00:00 UTC,281,1220,412411658,0.94597222222222221
2014-05-01 00:00:00 UTC,281,1221,412411658,1.4125
2014-05-01 00:00:00 UTC,281,1220,412410379,1.2713888888888889
2014-05-01 00:00:00 UTC,281,1219,412410379,1.7773611111111112
2014-05-01 00:00:00 UTC,281,1220,412410381,5.1379166666666665
2014-05-01 00:00:00 UTC,281,1220,412410385,8.1008333333333322
2014-05-01 00:00:00 UTC,281,1219,412410385,0.2729166666666667
2014-05-01 00:00:00 UTC,281,1220,412410386,7.6088888888888881
2014-05-01 00:00:00 UTC,281,1219,412123411,1.3030555555555554
2014-05-01 00:00:00 UTC,281,1220,412123411,0.73041666666666671
2014-05-01 00:00:00 UTC,281,1219,231456022,8.2402777777777789
2014-05-01 00:00:00 UTC,281,1218,231456022,0.275
2014-05-01 00:00:00 UTC,281,1219,412410391,1.0605555555555555
2014-05-01 00:00:00 UTC,281,1222,412410392,0.75166666666666671
2014-05-01 00:00:00 UTC,281,1222,412417818,3.4301388888888886
2014-05-01 00:00:00 UTC,281,1221,412417818,0.28125
2014-05-01 00:00:00 UTC,281,1219,412410651,2.5943055555555556
2014-05-01 00:00:00 UTC,281,1222,412410651,0.49527777777777782
2014-05-01 00:00:00 UTC,281,1222,412417563,5.3583333333333334
2014-05-01 00:00:00 UTC,281,1220,412416284,0.47777777777777775
2014-05-01 00:00:00 UTC,281,1221,412416284,0.27305555555555555
2014-05-01 00:00:00 UTC,281,1222,412416284,4.6108333333333338
2014-05-01 00:00:00 UTC,281,1218,412123422,11.509722222222225
2014-05-01 00:00:00 UTC,281,1217,412415007,0.40527777777777779
2014-05-01 00:00:00 UTC,281,1219,412415007,8.99875
2014-05-01 00:00:00 UTC,281,1217,412415008,1.1927777777777779
2014-05-01 00:00:00 UTC,281,1218,412415008,4.97361111111111
2014-05-01 00:00:00 UTC,281,1219,412416288,1.6161111111111113
2014-05-01 00:00:00 UTC,281,1220,412416288,1.2638888888888888
2014-05-01 00:00:00 UTC,281,1221,412410402,3.4651388888888888
2014-05-01 00:00:00 UTC,281,1220,412410402,0.26055555555555554
2014-05-01 00:00:00 UTC,281,1221,412410403,3.9516666666666662
2014-05-01 00:00:00 UTC,281,1219,412410404,2.299722222222222
2014-05-01 00:00:00 UTC,281,1222,412410404,0.34888888888888892
2014-05-01 00:00:00 UTC,281,1219,412410405,3.220277777777778
2014-05-01 00:00:00 UTC,281,1219,412410406,1.8359722222222221
2014-05-01 00:00:00 UTC,281,1222,412410406,0.25
2014-05-01 00:00:00 UTC,281,1222,412410407,1.0722222222222222
2014-05-01 00:00:00 UTC,281,1220,412410407,0.63874999999999993
2014-05-01 00:00:00 UTC,281,1219,412410407,1.8227777777777774
2014-05-01 00:00:00 UTC,281,1218,412123435,10.787499999999998
2014-05-01 00:00:00 UTC,281,1220,412412971,0.32291666666666663
2014-05-01 00:00:00 UTC,281,1219,412412971,2.8415277777777779
2014-05-01 00:00:00 UTC,281,1221,412410413,0.54652777777777772
2014-05-01 00:00:00 UTC,281,1221,412410158,1.005138888888889
2014-05-01 00:00:00 UTC,281,1218,412469039,18.945138888888895
2014-05-01 00:00:00 UTC,281,1219,412123444,5.1852777777777774
2014-05-01 00:00:00 UTC,281,1221,412416308,2.5433333333333334
2014-05-01 00:00:00 UTC,281,1219,412410428,1.9023611111111109
2014-05-01 00:00:00 UTC,281,1220,412410428,2.3425
2014-05-01 00:00:00 UTC,281,1219,412123454,4.9872222222222229
2014-05-01 00:00:00 UTC,281,1216,200006463,0.55430555555555561
2014-05-01 00:00:00 UTC,281,1215,200006463,2.8580555555555556
2014-05-01 00:00:00 UTC,281,1218,412414787,9.3718055555555555
2014-05-01 00:00:00 UTC,281,1220,412410697,0.31111111111111112
2014-05-01 00:00:00 UTC,281,1219,412412236,0.2772222222222222
2014-05-01 00:00:00 UTC,281,1219,412419661,5.5884722222222223
2014-05-01 00:00:00 UTC,281,1220,412419661,1.7938888888888889
2014-05-01 00:00:00 UTC,281,1219,412412237,0.25194444444444442
2014-05-01 00:00:00 UTC,281,1219,412456526,3.2452777777777775
2014-05-01 00:00:00 UTC,281,1218,412417361,5.302083333333333
2014-05-01 00:00:00 UTC,281,1210,412434258,0.5690277777777778
2014-05-01 00:00:00 UTC,281,1211,412434258,7.9600000000000009
2014-05-01 00:00:00 UTC,281,1223,412417874,14.066666666666666
2014-05-01 00:00:00 UTC,281,1210,412434259,3.5508333333333337
2014-05-01 00:00:00 UTC,281,1211,412434259,1.2952777777777778
2014-05-01 00:00:00 UTC,281,1218,412417882,0.22652777777777777
2014-05-01 00:00:00 UTC,281,1219,412416347,0.26041666666666669
2014-05-01 00:00:00 UTC,281,1220,412416347,5.2497222222222213
2014-05-01 00:00:00 UTC,281,1220,412410716,1.3913888888888888
2014-05-01 00:00:00 UTC,281,1219,412410716,0.37819444444444444
2014-05-01 00:00:00 UTC,281,1217,412410205,6.730833333333333
2014-05-01 00:00:00 UTC,281,1215,200001631,3.7325000000000008
2014-05-01 00:00:00 UTC,281,1217,412417888,2.8293055555555551
2014-05-01 00:00:00 UTC,281,1218,412417888,5.8601388888888906
2014-05-01 00:00:00 UTC,281,1221,412417121,1.6130555555555555
2014-05-01 00:00:00 UTC,281,1218,412008290,1.1372222222222221
2014-05-01 00:00:00 UTC,281,1219,412008290,3.0688888888888886
2014-05-01 00:00:00 UTC,281,1219,412415586,0.57125
2014-05-01 00:00:00 UTC,281,1220,412415586,0.53833333333333333
2014-05-01 00:00:00 UTC,281,1220,412415587,0.80722222222222217
2014-05-01 00:00:00 UTC,281,1219,412415587,0.48361111111111116
2014-05-01 00:00:00 UTC,281,1217,412416611,0.40763888888888888
2014-05-01 00:00:00 UTC,281,1216,412419692,0.46611111111111109
2014-05-01 00:00:00 UTC,281,1220,412415852,9.7391666666666659
2014-05-01 00:00:00 UTC,281,1219,412415852,7.7744444444444447
2014-05-01 00:00:00 UTC,281,1219,412412525,0.3273611111111111
2014-05-01 00:00:00 UTC,281,1220,412411503,0.35708333333333331
2014-05-01 00:00:00 UTC,281,1220,412414323,10.237916666666667
2014-05-01 00:00:00 UTC,281,1218,412416373,4.8184722222222218
2014-05-01 00:00:00 UTC,281,1217,412004214,0.55402777777777779
2014-05-01 00:00:00 UTC,281,1219,412414584,7.0855555555555556
2014-05-01 00:00:00 UTC,281,1220,412414584,3.1498611111111106
2014-05-01 00:00:00 UTC,281,1240,412431225,5.2581944444444444
2014-05-01 00:00:00 UTC,281,1218,412418682,7.3720833333333351
2014-05-01 00:00:00 UTC,281,1217,412418682,11.019027777777778
2014-05-01 00:00:00 UTC,281,1218,412414586,5.7181944444444444
2014-05-01 00:00:00 UTC,281,1219,412414586,2.8662499999999995
2014-05-01 00:00:00 UTC,281,1221,412410747,0.56305555555555553
2014-05-01 00:00:00 UTC,281,1220,412410747,1.8377777777777777
2014-05-01 00:00:00 UTC,281,1221,412414331,2.6993055555555556
2014-05-01 00:00:00 UTC,281,1221,412418942,1.5688888888888886
2014-05-01 00:00:00 UTC,281,1221,412418177,1.9284722222222221
2014-05-01 00:00:00 UTC,281,1221,412419203,1.2065277777777779
2014-05-01 00:00:00 UTC,281,1222,412419203,3.3708333333333336
2014-05-01 00:00:00 UTC,281,1220,412419203,0.67194444444444446
2014-05-01 00:00:00 UTC,281,1222,200000132,6.2643055555555556
2014-05-01 00:00:00 UTC,281,1219,413688199,1.3141666666666665
2014-05-01 00:00:00 UTC,281,1218,413688199,2.1995833333333334
2014-05-01 00:00:00 UTC,281,1220,412412297,3.5168055555555555
2014-05-01 00:00:00 UTC,281,1220,412412298,4.3886111111111106
2014-05-01 00:00:00 UTC,281,1221,412400782,1.5051388888888888
2014-05-01 00:00:00 UTC,281,1218,412418448,8.25625
2014-05-01 00:00:00 UTC,281,1240,412431504,4.1904166666666667
2014-05-01 00:00:00 UTC,281,1218,412418449,6.2247222222222218
2014-05-01 00:00:00 UTC,281,1220,412442003,1.0573611111111112
2014-05-01 00:00:00 UTC,281,1219,412442003,8.5755555555555532
2014-05-01 00:00:00 UTC,281,1231,412438166,1.9584722222222222
2014-05-01 00:00:00 UTC,281,1219,412419735,1.5948611111111111
2014-05-01 00:00:00 UTC,281,1215,412536983,0.53736111111111107
2014-05-01 00:00:00 UTC,281,1219,412416408,2.9805555555555552
2014-05-01 00:00:00 UTC,281,1220,412416408,1.6475
2014-05-01 00:00:00 UTC,281,1221,412416408,0.48013888888888889
2014-05-01 00:00:00 UTC,281,1222,412411801,1.5816666666666668
2014-05-01 00:00:00 UTC,281,1218,230024091,0.65069444444444446
2014-05-01 00:00:00 UTC,281,1219,412410781,0.6809722222222222
2014-05-01 00:00:00 UTC,281,1223,412418462,0.36611111111111111
2014-05-01 00:00:00 UTC,281,1241,412431006,4.265
2014-05-01 00:00:00 UTC,281,1240,412431006,1.004861111111111
2014-05-01 00:00:00 UTC,281,1219,412410782,0.68944444444444442
2014-05-01 00:00:00 UTC,281,1220,412416158,1.3538888888888887
2014-05-01 00:00:00 UTC,281,1213,412414623,10.314583333333333
2014-05-01 00:00:00 UTC,281,1214,412414623,1.7783333333333333
2014-05-01 00:00:00 UTC,281,1220,412442017,4.7058333333333335
2014-05-01 00:00:00 UTC,281,1221,412542120,1.8759722222222224
2014-05-01 00:00:00 UTC,281,1220,412542120,1.2088888888888889
2014-05-01 00:00:00 UTC,281,1220,412411562,2.4156944444444441
2014-05-01 00:00:00 UTC,281,1222,412419247,4.3184722222222218
2014-05-01 00:00:00 UTC,281,1221,412419247,1.4443055555555555
2014-05-01 00:00:00 UTC,281,1220,412410291,1.2981944444444444
2014-05-01 00:00:00 UTC,281,1221,412410291,0.58847222222222217
2014-05-01 00:00:00 UTC,281,1221,412410293,2.8073611111111112
2014-05-01 00:00:00 UTC,281,1213,675433398,1.2045833333333333
2014-05-01 00:00:00 UTC,281,1221,412410298,4.5583333333333336
2014-05-01 00:00:00 UTC,281,1222,412410298,0.6625
2014-05-01 00:00:00 UTC,281,1220,200004027,0.27069444444444446
2014-05-01 00:00:00 UTC,281,1221,412410299,3.4748611111111112
2014-05-01 00:00:00 UTC,281,1222,412410299,0.66361111111111115
2014-05-01 00:00:00 UTC,281,1218,200006334,5.6731944444444444
2014-05-01 00:00:00 UTC,281,1219,412410304,0.32347222222222222
2014-05-01 00:00:00 UTC,281,1220,412410305,1.2520833333333332
2014-05-01 00:00:00 UTC,281,1220,412410306,1.8993055555555558
2014-05-01 00:00:00 UTC,281,1222,412419788,1.7956944444444445
2014-05-01 00:00:00 UTC,281,1220,412442316,4.6945833333333322
2014-05-01 00:00:00 UTC,281,1219,412442316,3.2001388888888891
2014-05-01 00:00:00 UTC,281,1220,412417996,1.810138888888889
2014-05-01 00:00:00 UTC,281,1219,412417996,2.6393055555555556
2014-05-01 00:00:00 UTC,281,1218,412417996,1.9148611111111111
2014-05-01 00:00:00 UTC,281,1221,412419789,1.5644444444444443
2014-05-01 00:00:00 UTC,281,1222,412419789,3.4400000000000004
2014-05-01 00:00:00 UTC,281,1214,200001741,2.3502777777777779
2014-05-01 00:00:00 UTC,281,1220,412442318,5.0568055555555569
2014-05-01 00:00:00 UTC,281,1219,412442318,2.5109722222222226
2014-05-01 00:00:00 UTC,281,1220,412410318,0.742361111111111
2014-05-01 00:00:00 UTC,281,1219,412410318,1.0254166666666666
2014-05-01 00:00:00 UTC,281,1223,412416719,15.943888888888889
2014-05-01 00:00:00 UTC,281,1219,412410321,1.0680555555555555
2014-05-01 00:00:00 UTC,281,1220,412410321,0.5541666666666667
2014-05-01 00:00:00 UTC,281,1220,412410322,0.86555555555555563
2014-05-01 00:00:00 UTC,281,1219,412410322,0.95902777777777781
2014-05-01 00:00:00 UTC,281,1218,412416466,4.799722222222222
2014-05-01 00:00:00 UTC,281,1219,412410323,0.96319444444444435
2014-05-01 00:00:00 UTC,281,1219,412410324,0.59152777777777787
2014-05-01 00:00:00 UTC,281,1220,412410836,2.2423611111111112
2014-05-01 00:00:00 UTC,281,1219,412415444,12.535833333333331
2014-05-01 00:00:00 UTC,281,1220,412415444,4.122638888888889
2014-05-01 00:00:00 UTC,281,1220,412410837,1.9768055555555559
2014-05-01 00:00:00 UTC,281,1219,412417493,4.6026388888888894
2014-05-01 00:00:00 UTC,281,1220,412417493,1.9841666666666669
2014-05-01 00:00:00 UTC,281,1219,412410331,5.7005555555555549
2014-05-01 00:00:00 UTC,281,1220,412410331,1.1983333333333335
2014-05-01 00:00:00 UTC,281,1214,412450012,0.57319444444444445
2014-05-01 00:00:00 UTC,281,1217,413120988,0.23305555555555557
2014-05-01 00:00:00 UTC,281,1220,412410076,0.2895833333333333
2014-05-01 00:00:00 UTC,281,1219,412410076,0.52958333333333329
2014-05-01 00:00:00 UTC,281,1219,412410332,0.61208333333333331
2014-05-01 00:00:00 UTC,281,1219,412410333,0.54055555555555546
2014-05-01 00:00:00 UTC,281,1220,412410333,0.51986111111111111
2014-05-01 00:00:00 UTC,281,1221,412419806,5.2269444444444444
2014-05-01 00:00:00 UTC,281,1219,412412382,0.30805555555555553
2014-05-01 00:00:00 UTC,281,1220,412419807,0.4836111111111111
2014-05-01 00:00:00 UTC,281,1222,412419807,1.6858333333333333
2014-05-01 00:00:00 UTC,281,1221,412419807,3.1566666666666663
2014-05-01 00:00:00 UTC,281,-153,273528800,2.9790277777777776
2014-05-01 00:00:00 UTC,281,-154,273528800,1.4277777777777778
2014-05-01 00:00:00 UTC,281,1221,412419811,2.3994444444444443
2014-05-01 00:00:00 UTC,281,1220,412415972,3.2090277777777776
2014-05-01 00:00:00 UTC,281,1219,412415972,2.7993055555555553
2014-05-01 00:00:00 UTC,281,1220,412415973,3.1868055555555559
2014-05-01 00:00:00 UTC,281,1219,412415973,2.682638888888889
2014-05-01 00:00:00 UTC,281,1221,412417509,2.3151388888888889
2014-05-01 00:00:00 UTC,281,1222,412417509,1.6495833333333332
2014-05-01 00:00:00 UTC,281,1220,412410342,0.66999999999999993
2014-05-01 00:00:00 UTC,281,1219,412410342,0.60166666666666668
2014-05-01 00:00:00 UTC,281,1213,412430055,0.6941666666666666
2014-05-01 00:00:00 UTC,281,1220,412431336,3.1193055555555551
2014-05-01 00:00:00 UTC,281,1214,200008168,6.7295833333333333
2014-05-01 00:00:00 UTC,281,1219,412410345,1.4080555555555554
2014-05-01 00:00:00 UTC,281,1219,412411625,0.95333333333333325
2014-05-01 00:00:00 UTC,281,1220,412411625,3.4518055555555551
2014-05-01 00:00:00 UTC,281,1219,412410346,0.69375
2014-05-01 00:00:00 UTC,281,1220,412543211,1.1
2014-05-01 00:00:00 UTC,281,1219,412543211,5.6137500000000014
2014-05-01 00:00:00 UTC,281,1219,412410348,2.5980555555555558
2014-05-01 00:00:00 UTC,281,1220,412410348,0.62458333333333338
2014-05-01 00:00:00 UTC,281,1219,412410349,2.6670833333333333
2014-05-01 00:00:00 UTC,281,1220,412410349,0.79986111111111113
2014-05-01 00:00:00 UTC,281,1221,412410349,0.80805555555555553
2014-05-01 00:00:00 UTC,281,1222,412410349,0.15833333333333333
2014-05-01 00:00:00 UTC,281,1220,412412142,2.568194444444444
2014-05-01 00:00:00 UTC,281,1219,412412142,0.26902777777777775
2014-05-01 00:00:00 UTC,281,1219,412418544,1.5715277777777779
2014-05-01 00:00:00 UTC,281,1220,412410609,4.195
2014-05-01 00:00:00 UTC,281,1218,412417522,17.020833333333343
2014-05-01 00:00:00 UTC,281,1220,412415733,4.2099999999999991
2014-05-01 00:00:00 UTC,281,1219,412415733,12.167083333333331
2014-05-01 00:00:00 UTC,281,1222,412417014,3.6225
2014-05-01 00:00:00 UTC,281,1219,412417014,1.5468055555555553
2014-05-01 00:00:00 UTC,281,1220,412417014,0.215
2014-05-01 00:00:00 UTC,281,1221,412417014,3.6272222222222221
2014-05-01 00:00:00 UTC,281,1219,412417015,2.3402777777777781
2014-05-01 00:00:00 UTC,281,1219,412415993,0.58763888888888882
2014-05-01 00:00:00 UTC,281,1217,412417786,0.24388888888888888
2014-05-01 00:00:00 UTC,281,1220,200005885,1.6752777777777779
2014-05-01 00:00:00 UTC,281,1221,200005885,0.826111111111111
2014-05-01 00:00:00 UTC,537,-51,205237000,3.2073611111111116
2014-05-01 00:00:00 UTC,537,-50,205237000,16.377916666666664
2014-05-01 00:00:00 UTC,537,-49,205237000,1.5241666666666667
2014-05-01 00:00:00 UTC,537,-49,205322000,3.3111111111111109
2014-05-01 00:00:00 UTC,537,-50,205322000,9.7834722222222226
2014-05-01 00:00:00 UTC,537,-52,205322000,0.59875
2014-05-01 00:00:00 UTC,537,-51,205322000,7.2747222222222225
2014-05-01 00:00:00 UTC,537,72,211550000,2.06875
2014-05-01 00:00:00 UTC,537,74,211550000,1.6720833333333334
2014-05-01 00:00:00 UTC,537,73,211550000,4.3606944444444444
2014-05-01 00:00:00 UTC,537,-63,250000433,4.5190277777777776
2014-05-01 00:00:00 UTC,537,73,211176000,2.957777777777777
2014-05-01 00:00:00 UTC,537,72,211176000,1.5244444444444445
2014-05-01 00:00:00 UTC,537,-51,205277000,11.503888888888891
2014-05-01 00:00:00 UTC,537,-53,205277000,2.7209722222222221
2014-05-01 00:00:00 UTC,537,-52,205277000,2.8219444444444441
2014-05-01 00:00:00 UTC,537,-50,205277000,1.7375
2014-05-01 00:00:00 UTC,537,84,211438440,10.556111111111111
2014-05-01 00:00:00 UTC,537,71,211313780,0.42777777777777781
2014-05-01 00:00:00 UTC,537,70,211313780,1.1336111111111111
2014-05-01 00:00:00 UTC,537,-51,205243000,1.3177777777777777
2014-05-01 00:00:00 UTC,537,-49,205243000,8.823888888888888
2014-05-01 00:00:00 UTC,537,-50,205243000,9.0668055555555558
2014-05-01 00:00:00 UTC,537,82,211459000,0.62194444444444441
2014-05-01 00:00:00 UTC,537,83,211459000,1.7102777777777778
2014-05-01 00:00:00 UTC,537,-131,224792000,7.0109722222222226
2014-05-01 00:00:00 UTC,537,-134,224792000,11.485694444444444
2014-05-01 00:00:00 UTC,537,78,211227590,11.88625
2014-05-01 00:00:00 UTC,537,70,211170000,3.0972222222222223
2014-05-01 00:00:00 UTC,537,71,211170000,1.17625
2014-05-01 00:00:00 UTC,537,-100,250390000,0.4177777777777778
2014-05-01 00:00:00 UTC,537,-51,205259000,4.04875
2014-05-01 00:00:00 UTC,537,-50,205259000,1.0780555555555555
2014-05-01 00:00:00 UTC,-487,714,635000300,8.39236111111111
2014-05-01 00:00:00 UTC,-487,711,635000300,0.81930555555555573
2014-05-01 00:00:00 UTC,-487,713,635000300,1.0534722222222221
2014-05-01 00:00:00 UTC,26,1764,440704000,2.0973611111111112
2014-05-01 00:00:00 UTC,26,1760,441098000,0.75819444444444439
2014-05-01 00:00:00 UTC,26,1765,441098000,1.7513888888888889
2014-05-01 00:00:00 UTC,26,1763,441098000,0.99986111111111109
2014-05-01 00:00:00 UTC,26,1766,441098000,3.0570833333333338
2014-05-01 00:00:00 UTC,26,1758,441098000,1.2004166666666665
2014-05-01 00:00:00 UTC,26,1761,441098000,0.9044444444444445
2014-05-01 00:00:00 UTC,26,1757,441098000,1.8666666666666667
2014-05-01 00:00:00 UTC,26,1762,441098000,0.39972222222222226
2014-05-01 00:00:00 UTC,26,1759,441098000,0.94569444444444439
2014-05-01 00:00:00 UTC,26,-1241,432468000,1.4069444444444446
2014-05-01 00:00:00 UTC,26,-1529,441650000,1.5565277777777777
2014-05-01 00:00:00 UTC,26,-1528,441650000,1.8391666666666666
2014-05-01 00:00:00 UTC,26,-1533,441650000,1.8633333333333333
2014-05-01 00:00:00 UTC,26,-1530,441650000,0.81805555555555554
2014-05-01 00:00:00 UTC,26,-1531,441650000,1.6961111111111111
2014-05-01 00:00:00 UTC,26,-377,224306000,3.52875
2014-05-01 00:00:00 UTC,26,-372,224306000,3.2547222222222221
2014-05-01 00:00:00 UTC,26,-371,224306000,1.5894444444444444
2014-05-01 00:00:00 UTC,26,-373,224306000,2.8404166666666666
2014-05-01 00:00:00 UTC,26,-1693,412370007,1.6400000000000001
2014-05-01 00:00:00 UTC,26,-1691,412370007,1.6843055555555555
2014-05-01 00:00:00 UTC,26,1760,440731000,1.6779166666666665
2014-05-01 00:00:00 UTC,26,1759,440731000,0.79847222222222225
2014-05-01 00:00:00 UTC,26,1761,440731000,1.6095833333333336
2014-05-01 00:00:00 UTC,26,-1379,441680000,1.2102777777777778
2014-05-01 00:00:00 UTC,26,1741,520218000,3.0108333333333333
2014-05-01 00:00:00 UTC,26,1744,520217000,3.6619444444444444
2014-05-01 00:00:00 UTC,26,-1392,431938000,1.2827777777777778
2014-05-01 00:00:00 UTC,282,1231,412435971,1.2312500000000002
2014-05-01 00:00:00 UTC,282,1229,412435971,1.6302777777777777
2014-05-01 00:00:00 UTC,282,1230,412435971,8.1095833333333331
2014-05-01 00:00:00 UTC,282,1221,412412168,0.83777777777777773
2014-05-01 00:00:00 UTC,282,1221,412411658,2.2779166666666666
2014-05-01 00:00:00 UTC,282,1223,412450316,0.4375
2014-05-01 00:00:00 UTC,282,1224,412450316,0.60402777777777783
2014-05-01 00:00:00 UTC,282,1220,412410385,1.6352777777777778
2014-05-01 00:00:00 UTC,282,1221,412410385,1.1311111111111112
2014-05-01 00:00:00 UTC,282,1220,412410386,0.78986111111111112
2014-05-01 00:00:00 UTC,282,1221,412410386,1.4461111111111111
2014-05-01 00:00:00 UTC,282,1219,412123411,2.1116666666666664
2014-05-01 00:00:00 UTC,282,1220,412123411,2.3361111111111112
2014-05-01 00:00:00 UTC,282,1219,231456022,1.2038888888888888
2014-05-01 00:00:00 UTC,282,1222,412417818,0.90027777777777773
2014-05-01 00:00:00 UTC,282,1223,412417818,0.40333333333333332
2014-05-01 00:00:00 UTC,282,1222,412417563,1.8355555555555556
2014-05-01 00:00:00 UTC,282,1219,412041504,2.3530555555555557
2014-05-01 00:00:00 UTC,282,1220,412416288,3.7854166666666669
2014-05-01 00:00:00 UTC,282,1224,412416546,4.847777777777778
2014-05-01 00:00:00 UTC,282,1219,412416296,5.4176388888888889
2014-05-01 00:00:00 UTC,282,1218,200007977,5.7734722222222228
2014-05-01 00:00:00 UTC,282,1230,412436015,5.6429166666666664
2014-05-01 00:00:00 UTC,282,1220,412412975,0.23208333333333334
2014-05-01 00:00:00 UTC,282,1221,412412975,0.29402777777777778
2014-05-01 00:00:00 UTC,282,1219,412123444,3.6497222222222225
2014-05-01 00:00:00 UTC,282,1222,412416308,2.0301388888888887
2014-05-01 00:00:00 UTC,282,1221,200006201,1.5269444444444444
2014-05-01 00:00:00 UTC,282,1221,412410428,0.24347222222222223
2014-05-01 00:00:00 UTC,282,1219,412123454,3.5975
2014-05-01 00:00:00 UTC,282,1216,412416062,0.60180555555555548
2014-05-01 00:00:00 UTC,282,1223,412435266,4.2545833333333336
2014-05-01 00:00:00 UTC,282,1220,412419661,2.2216666666666667
2014-05-01 00:00:00 UTC,282,1219,412456526,6.1748611111111114
2014-05-01 00:00:00 UTC,282,1220,412456526,1.8756944444444446
2014-05-01 00:00:00 UTC,282,1220,412416591,2.0994444444444444
2014-05-01 00:00:00 UTC,282,1221,412416591,4.6751388888888892
2014-05-01 00:00:00 UTC,282,1222,412416592,3.9891666666666667
2014-05-01 00:00:00 UTC,282,1221,412416592,1.1890277777777778
2014-05-01 00:00:00 UTC,282,1220,412416592,1.3831944444444444
2014-05-01 00:00:00 UTC,282,1218,412417361,1.1106944444444444
2014-05-01 00:00:00 UTC,282,1212,412434258,0.48319444444444448
2014-05-01 00:00:00 UTC,282,1211,412434258,2.4479166666666665
2014-05-01 00:00:00 UTC,282,1223,412417874,1.6301388888888888
2014-05-01 00:00:00 UTC,282,1211,412434259,0.24333333333333332
2014-05-01 00:00:00 UTC,282,1218,412419165,4.8424999999999994
2014-05-01 00:00:00 UTC,282,1217,412410205,1.0534722222222224
2014-05-01 00:00:00 UTC,282,1214,200001631,1.5922222222222222
2014-05-01 00:00:00 UTC,282,1215,200001631,4.434166666666667
2014-05-01 00:00:00 UTC,282,1219,412008290,15.069166666666668
2014-05-01 00:00:00 UTC,282,1220,412415586,0.80319444444444443
2014-05-01 00:00:00 UTC,282,1218,412419692,4.7204166666666669
2014-05-01 00:00:00 UTC,282,1220,412415852,3.2927777777777778
2014-05-01 00:00:00 UTC,282,-965,367332720,14.249027777777778
2014-05-01 00:00:00 UTC,282,-966,367332720,8.2415277777777778
2014-05-01 00:00:00 UTC,282,1218,412416373,0.27722222222222226
2014-05-01 00:00:00 UTC,282,1217,412004214,2.870833333333334
2014-05-01 00:00:00 UTC,282,1240,412431225,1.0522222222222222
2014-05-01 00:00:00 UTC,282,1218,412418682,2.1406944444444447
2014-05-01 00:00:00 UTC,282,1221,412410747,1.9119444444444444
2014-05-01 00:00:00 UTC,282,1221,412418942,1.109861111111111
2014-05-01 00:00:00 UTC,282,1227,412417925,0.63
2014-05-01 00:00:00 UTC,282,1226,412417925,0.96652777777777765
2014-05-01 00:00:00 UTC,282,1216,412419209,21.40763888888889
2014-05-01 00:00:00 UTC,282,1221,412412297,1.39125
2014-05-01 00:00:00 UTC,282,1221,412412298,0.31125
2014-05-01 00:00:00 UTC,282,1217,412419213,0.54138888888888892
2014-05-01 00:00:00 UTC,282,1216,412419213,4.6602777777777771
2014-05-01 00:00:00 UTC,282,1222,412441997,6.08375
2014-05-01 00:00:00 UTC,282,1224,412416654,10.742916666666664
2014-05-01 00:00:00 UTC,282,1219,412309905,4.7694444444444448
2014-05-01 00:00:00 UTC,282,1214,200007570,1.6283333333333332
2014-05-01 00:00:00 UTC,282,1219,412442003,1.3336111111111111
2014-05-01 00:00:00 UTC,282,1231,412438166,0.5083333333333333
2014-05-01 00:00:00 UTC,282,1221,412419735,10.096388888888889
2014-05-01 00:00:00 UTC,282,1214,412536983,6.0931944444444452
2014-05-01 00:00:00 UTC,282,1215,412536983,10.602638888888889
2014-05-01 00:00:00 UTC,282,1240,412431512,9.5097222222222229
2014-05-01 00:00:00 UTC,282,1221,412416408,0.20152777777777778
2014-05-01 00:00:00 UTC,282,1219,412416408,0.9025
2014-05-01 00:00:00 UTC,282,1240,412431006,1.4737500000000001
2014-05-01 00:00:00 UTC,282,1220,412416158,3.9955555555555557
2014-05-01 00:00:00 UTC,282,1221,412416158,3.8547222222222226
2014-05-01 00:00:00 UTC,282,1214,412414623,0.2675
2014-05-01 00:00:00 UTC,282,1222,412442017,2.6555555555555554
2014-05-01 00:00:00 UTC,282,1241,412415906,5.6148611111111109
2014-05-01 00:00:00 UTC,282,1225,412437929,0.97152777777777777
2014-05-01 00:00:00 UTC,282,1226,412437929,0.64277777777777778
2014-05-01 00:00:00 UTC,282,1216,412416682,0.30083333333333329
2014-05-01 00:00:00 UTC,282,1227,412419757,11.047222222222222
2014-05-01 00:00:00 UTC,282,1221,412410291,0.62555555555555553
2014-05-01 00:00:00 UTC,282,1222,412410291,4.70625
2014-05-01 00:00:00 UTC,282,1217,413767609,1.7998611111111114
2014-05-01 00:00:00 UTC,282,1218,413767609,1.1252777777777778
2014-05-01 00:00:00 UTC,282,1222,412410299,1.2855555555555553
2014-05-01 00:00:00 UTC,282,1216,412417981,10.523194444444449
2014-05-01 00:00:00 UTC,282,1218,200006334,1.8055555555555558
2014-05-01 00:00:00 UTC,282,1221,412412618,2.6901388888888889
2014-05-01 00:00:00 UTC,282,1222,412419788,1.8922222222222222
2014-05-01 00:00:00 UTC,282,1220,412442316,2.0462499999999997
2014-05-01 00:00:00 UTC,282,1221,412442316,0.46222222222222226
2014-05-01 00:00:00 UTC,282,1219,412417996,14.932638888888889
2014-05-01 00:00:00 UTC,282,1220,412417996,0.70583333333333331
2014-05-01 00:00:00 UTC,282,1222,412419789,2.1105555555555555
2014-05-01 00:00:00 UTC,282,1220,412442318,1.6394444444444443
2014-05-01 00:00:00 UTC,282,1221,412442318,0.99152777777777779
2014-05-01 00:00:00 UTC,282,1222,412442318,0.38305555555555554
2014-05-01 00:00:00 UTC,282,1220,412410318,1.7568055555555553
2014-05-01 00:00:00 UTC,282,1223,412416719,0.63902777777777775
2014-05-01 00:00:00 UTC,282,1221,412410321,0.29333333333333333
2014-05-01 00:00:00 UTC,282,1220,412410321,1.2706944444444443
2014-05-01 00:00:00 UTC,282,1220,412410322,0.67222222222222228
2014-05-01 00:00:00 UTC,282,1228,412417235,11.497777777777777
2014-05-01 00:00:00 UTC,282,1221,412410324,6.9887500000000005
2014-05-01 00:00:00 UTC,282,1219,412415444,0.39833333333333332
2014-05-01 00:00:00 UTC,282,1220,412417493,2.2269444444444444
2014-05-01 00:00:00 UTC,282,1220,412410331,1.3827777777777777
2014-05-01 00:00:00 UTC,282,1214,412450012,6.259722222222222
2014-05-01 00:00:00 UTC,282,1221,412410333,4.5673611111111114
2014-05-01 00:00:00 UTC,282,1221,412412382,0.29416666666666669
2014-05-01 00:00:00 UTC,282,1222,412419811,1.0193055555555555
2014-05-01 00:00:00 UTC,282,1219,412415972,0.50819444444444439
2014-05-01 00:00:00 UTC,282,1220,412415972,3.0469444444444447
2014-05-01 00:00:00 UTC,282,1220,412415973,3.0225
2014-05-01 00:00:00 UTC,282,1222,412417509,1.2572222222222222
2014-05-01 00:00:00 UTC,282,1220,412410342,1.7106944444444445
2014-05-01 00:00:00 UTC,282,1220,412431336,1.7625000000000002
2014-05-01 00:00:00 UTC,282,1220,412411625,1.4783333333333335
2014-05-01 00:00:00 UTC,282,1220,412410602,3.6500000000000004
2014-05-01 00:00:00 UTC,282,1221,412410602,1.1690277777777778
2014-05-01 00:00:00 UTC,282,1220,412543211,4.44
2014-05-01 00:00:00 UTC,282,1219,412543211,4.9925
2014-05-01 00:00:00 UTC,282,1225,412418541,8.4631944444444436
2014-05-01 00:00:00 UTC,282,1220,412412142,0.73055555555555562
2014-05-01 00:00:00 UTC,282,1219,412418544,2.9931944444444443
2014-05-01 00:00:00 UTC,282,1220,412418544,1.9206944444444445
2014-05-01 00:00:00 UTC,282,1218,412417522,1.6668055555555554
2014-05-01 00:00:00 UTC,282,1219,412419573,4.10361111111111
2014-05-01 00:00:00 UTC,282,1219,412415733,0.62541666666666673
2014-05-01 00:00:00 UTC,282,1220,412417526,0.63513888888888892
2014-05-01 00:00:00 UTC,282,1214,200001787,1.3584722222222223
2014-05-01 00:00:00 UTC,282,1221,200005885,2.3881944444444443
2014-05-01 00:00:00 UTC,538,-50,205237000,2.8718055555555555
2014-05-01 00:00:00 UTC,538,87,211658000,3.1323611111111109
2014-05-01 00:00:00 UTC,538,88,211658000,0.89999999999999991
2014-05-01 00:00:00 UTC,538,-1634,367375120,1.543611111111111
2014-05-01 00:00:00 UTC,538,-1633,367375120,6.4490277777777774
2014-05-01 00:00:00 UTC,538,-50,205322000,2.7854166666666669
2014-05-01 00:00:00 UTC,538,-49,205322000,0.34152777777777776
2014-05-01 00:00:00 UTC,538,76,211342400,0.47680555555555554
2014-05-01 00:00:00 UTC,538,81,211342400,0.10875
2014-05-01 00:00:00 UTC,538,2,235096643,2.9288888888888889
2014-05-01 00:00:00 UTC,538,3,235096643,0.84263888888888883
2014-05-01 00:00:00 UTC,538,88,218556000,7.035277777777778
2014-05-01 00:00:00 UTC,538,89,218556000,0.64930555555555558
2014-05-01 00:00:00 UTC,538,87,218556000,10.788888888888888
2014-05-01 00:00:00 UTC,538,-52,235014511,0.7252777777777778
2014-05-01 00:00:00 UTC,538,82,211526000,1.1793055555555556
2014-05-01 00:00:00 UTC,538,84,211526000,2.6544444444444442
2014-05-01 00:00:00 UTC,538,83,211526000,7.5206944444444437
2014-05-01 00:00:00 UTC,538,-50,205243000,1.1622222222222223
2014-05-01 00:00:00 UTC,538,-51,235007912,2.1040277777777776
2014-05-01 00:00:00 UTC,538,82,211459000,8.201666666666668
2014-05-01 00:00:00 UTC,538,83,211459000,12.134722222222221
2014-05-01 00:00:00 UTC,538,-132,224792000,6.294999999999999
2014-05-01 00:00:00 UTC,538,88,211158000,1.3873611111111113
2014-05-01 00:00:00 UTC,538,-61,250230000,1.6068055555555554
2014-05-01 00:00:00 UTC,-230,1589,540002200,8.7984722222222214
2014-05-01 00:00:00 UTC,27,1764,440704000,4.47875
2014-05-01 00:00:00 UTC,27,1766,441098000,1.8555555555555556
2014-05-01 00:00:00 UTC,27,1765,441098000,1.8415277777777779
2014-05-01 00:00:00 UTC,27,1756,440895000,1.1472222222222221
2014-05-01 00:00:00 UTC,27,1757,440895000,0.99138888888888888
2014-05-01 00:00:00 UTC,27,-1430,441812000,1.1829166666666666
2014-05-01 00:00:00 UTC,27,-1429,441812000,1.5866666666666669
2014-05-01 00:00:00 UTC,27,-1241,432468000,1.6986111111111111
2014-05-01 00:00:00 UTC,27,-1240,432468000,2.5152777777777775
2014-05-01 00:00:00 UTC,27,-246,224286000,2.6581944444444443
2014-05-01 00:00:00 UTC,27,-367,224132670,1.8331944444444446
2014-05-01 00:00:00 UTC,27,-1532,441650000,1.2665277777777777
2014-05-01 00:00:00 UTC,27,-1527,441650000,1.7693055555555555
2014-05-01 00:00:00 UTC,27,-1533,441650000,1.9338888888888888
2014-05-01 00:00:00 UTC,27,-376,224306000,1.5938888888888889
2014-05-01 00:00:00 UTC,27,-374,224306000,1.8418055555555557
2014-05-01 00:00:00 UTC,27,-1692,412370007,5.028888888888889
2014-05-01 00:00:00 UTC,27,-1689,412370007,3.8338888888888887
2014-05-01 00:00:00 UTC,27,-1691,412370007,2.9772222222222222
2014-05-01 00:00:00 UTC,27,-1690,412370007,5.6804166666666678
2014-05-01 00:00:00 UTC,27,-1381,441680000,1.0947222222222222
2014-05-01 00:00:00 UTC,27,-1384,441680000,1.8483333333333332
2014-05-01 00:00:00 UTC,27,-1382,441680000,0.90555555555555545
2014-05-01 00:00:00 UTC,27,1741,520218000,0.85416666666666663
2014-05-01 00:00:00 UTC,283,1233,400000002,6.7274999999999991
2014-05-01 00:00:00 UTC,283,1231,412435971,3.2566666666666668
2014-05-01 00:00:00 UTC,283,1229,412435971,4.2572222222222216
2014-05-01 00:00:00 UTC,283,1230,412435971,4.59375
2014-05-01 00:00:00 UTC,283,1221,412412168,3.4820833333333332
2014-05-01 00:00:00 UTC,283,1221,412412169,6.8704166666666673
2014-05-01 00:00:00 UTC,283,1222,412411658,2.07625
2014-05-01 00:00:00 UTC,283,1221,412412171,6.6911111111111117
2014-05-01 00:00:00 UTC,283,1219,412418316,5.8152777777777791
2014-05-01 00:00:00 UTC,283,1224,412450316,6.1508333333333347
2014-05-01 00:00:00 UTC,283,1216,412450316,0.41208333333333336
2014-05-01 00:00:00 UTC,283,1220,412418066,4.1119444444444442
2014-05-01 00:00:00 UTC,283,1219,412123411,0.50638888888888889
2014-05-01 00:00:00 UTC,283,1220,412123411,7.6590277777777773
2014-05-01 00:00:00 UTC,283,1219,412416795,3.2061111111111114
2014-05-01 00:00:00 UTC,283,1222,412417563,0.25180555555555556
2014-05-01 00:00:00 UTC,283,1235,412435998,8.5647222222222226
2014-05-01 00:00:00 UTC,283,1236,412435998,1.1658333333333333
2014-05-01 00:00:00 UTC,283,1220,412041504,9.0605555555555561
2014-05-01 00:00:00 UTC,283,1219,412041504,4.8466666666666667
2014-05-01 00:00:00 UTC,283,1220,412123428,2.6501388888888888
2014-05-01 00:00:00 UTC,283,1221,412123428,0.4458333333333333
2014-05-01 00:00:00 UTC,283,1220,412416296,2.0188888888888887
2014-05-01 00:00:00 UTC,283,1218,200007977,3.1926388888888892
2014-05-01 00:00:00 UTC,283,1230,412436015,11.789166666666667
2014-05-01 00:00:00 UTC,283,1219,412564788,5.3640277777777774
2014-05-01 00:00:00 UTC,283,1219,412123444,0.34611111111111115
2014-05-01 00:00:00 UTC,283,1222,412416308,1.587361111111111
2014-05-01 00:00:00 UTC,283,1221,200006201,0.49291666666666667
2014-05-01 00:00:00 UTC,283,1222,412002363,7.020833333333333
2014-05-01 00:00:00 UTC,283,1223,412435266,1.5080555555555555
2014-05-01 00:00:00 UTC,283,1231,412417602,1.8356944444444443
2014-05-01 00:00:00 UTC,283,1228,412419406,0.47944444444444445
2014-05-01 00:00:00 UTC,283,1227,412419406,2.52625
2014-05-01 00:00:00 UTC,283,1220,412456526,4.5281944444444449
2014-05-01 00:00:00 UTC,283,1219,412456526,1.3398611111111112
2014-05-01 00:00:00 UTC,283,1220,412416591,0.34861111111111109
2014-05-01 00:00:00 UTC,283,1223,412416591,1.1781944444444445
2014-05-01 00:00:00 UTC,283,1221,412416591,0.82333333333333325
2014-05-01 00:00:00 UTC,283,1220,412416592,0.31930555555555556
2014-05-01 00:00:00 UTC,283,1221,412416592,0.70611111111111113
2014-05-01 00:00:00 UTC,283,1227,412416849,6.3193055555555544
2014-05-01 00:00:00 UTC,283,1224,412417874,7.1461111111111109
2014-05-01 00:00:00 UTC,283,1225,412418649,14.740555555555558
2014-05-01 00:00:00 UTC,283,1220,412416602,3.6680555555555556
2014-05-01 00:00:00 UTC,283,1218,412419165,2.8663888888888884
2014-05-01 00:00:00 UTC,283,1231,200003933,8.612222222222222
2014-05-01 00:00:00 UTC,283,1227,412417375,10.664583333333333
2014-05-01 00:00:00 UTC,283,1226,412417375,4.8445833333333335
2014-05-01 00:00:00 UTC,283,1228,412417375,0.45958333333333334
2014-05-01 00:00:00 UTC,283,1220,412008289,4.9827777777777786
2014-05-01 00:00:00 UTC,283,1222,412415586,2.13375
2014-05-01 00:00:00 UTC,283,1221,412415586,0.81055555555555558
2014-05-01 00:00:00 UTC,283,1231,200003939,5.3551388888888889
2014-05-01 00:00:00 UTC,283,1221,412415587,0.66888888888888887
2014-05-01 00:00:00 UTC,283,1222,412415587,1.8240277777777778
2014-05-01 00:00:00 UTC,283,1221,412412518,6.9251388888888892
2014-05-01 00:00:00 UTC,283,1220,412412518,2.8609722222222218
2014-05-01 00:00:00 UTC,283,1220,412418663,5.3466666666666658
2014-05-01 00:00:00 UTC,283,1219,412418665,6.2418055555555556
2014-05-01 00:00:00 UTC,283,1218,412419692,2.451111111111111
2014-05-01 00:00:00 UTC,283,1228,412418415,0.3576388888888889
2014-05-01 00:00:00 UTC,283,1229,412418415,5.1251388888888894
2014-05-01 00:00:00 UTC,283,1226,412416111,4.3412500000000005
2014-05-01 00:00:00 UTC,283,-965,367332720,0.21194444444444444
2014-05-01 00:00:00 UTC,283,1220,412417651,8.2644444444444449
2014-05-01 00:00:00 UTC,283,1217,412004214,4.2709722222222215
2014-05-01 00:00:00 UTC,283,1219,412416375,6.3823611111111109
2014-05-01 00:00:00 UTC,283,1222,412410747,2.7199999999999998
2014-05-01 00:00:00 UTC,283,1229,412416896,5.7616666666666667
2014-05-01 00:00:00 UTC,283,1220,412411522,3.5301388888888892
2014-05-01 00:00:00 UTC,283,1222,412419203,2.4715277777777778
2014-05-01 00:00:00 UTC,283,1229,412417925,1.705972222222222
2014-05-01 00:00:00 UTC,283,1227,412417925,3.7231944444444443
2014-05-01 00:00:00 UTC,283,1228,412417925,6.5069444444444446
2014-05-01 00:00:00 UTC,283,1222,412412297,1.955
2014-05-01 00:00:00 UTC,283,1221,412412297,6.7495833333333328
2014-05-01 00:00:00 UTC,283,1224,412416654,7.9841666666666677
2014-05-01 00:00:00 UTC,283,1220,412417168,4.4970833333333333
2014-05-01 00:00:00 UTC,283,1220,412309905,0.57527777777777778
2014-05-01 00:00:00 UTC,283,1215,412536983,6.873333333333334
2014-05-01 00:00:00 UTC,283,1222,412411543,13.228888888888889
2014-05-01 00:00:00 UTC,283,1232,412416407,3.7616666666666667
2014-05-01 00:00:00 UTC,283,1223,412416158,1.6302777777777777
2014-05-01 00:00:00 UTC,283,1228,412416677,2.1031944444444446
2014-05-01 00:00:00 UTC,283,1225,412419753,9.4038888888888881
2014-05-01 00:00:00 UTC,283,1226,412437929,0.99305555555555558
2014-05-01 00:00:00 UTC,283,1225,412418986,7.7454166666666664
2014-05-01 00:00:00 UTC,283,1217,412880300,4.3318055555555546
2014-05-01 00:00:00 UTC,283,1217,413767609,4.2588888888888885
2014-05-01 00:00:00 UTC,283,1218,413767609,0.22944444444444445
2014-05-01 00:00:00 UTC,283,1222,412410298,1.8327777777777778
2014-05-01 00:00:00 UTC,283,1223,200004027,0.47486111111111112
2014-05-01 00:00:00 UTC,283,1222,412410299,0.70597222222222222
2014-05-01 00:00:00 UTC,283,1220,412418748,5.7206944444444439
2014-05-01 00:00:00 UTC,283,1226,412417215,0.44125000000000003
2014-05-01 00:00:00 UTC,283,1225,412417215,2.0854166666666671
2014-05-01 00:00:00 UTC,283,1231,412417729,2.7072222222222222
2014-05-01 00:00:00 UTC,283,1226,412411847,18.765694444444442
2014-05-01 00:00:00 UTC,283,1221,412412617,11.09125
2014-05-01 00:00:00 UTC,283,1221,412412618,5.952222222222221
2014-05-01 00:00:00 UTC,283,1223,412419788,0.91194444444444445
2014-05-01 00:00:00 UTC,283,1221,412442316,1.1456944444444443
2014-05-01 00:00:00 UTC,283,1223,412419789,0.38305555555555559
2014-05-01 00:00:00 UTC,283,1221,412442318,1.1172222222222221
2014-05-01 00:00:00 UTC,283,1222,412442318,2.7849999999999997
2014-05-01 00:00:00 UTC,283,1223,412416719,6.8659722222222221
2014-05-01 00:00:00 UTC,283,1222,412410321,6.0738888888888889
2014-05-01 00:00:00 UTC,283,1224,412419799,6.6276388888888889
2014-05-01 00:00:00 UTC,283,1222,412410332,5.5566666666666666
2014-05-01 00:00:00 UTC,283,1222,412410333,2.4148611111111107
2014-05-01 00:00:00 UTC,283,1221,412412382,0.22708333333333333
2014-05-01 00:00:00 UTC,283,1222,412417509,1.4581944444444446
2014-05-01 00:00:00 UTC,283,1220,412410342,0.47888888888888892
2014-05-01 00:00:00 UTC,283,1220,412411625,0.62138888888888888
2014-05-01 00:00:00 UTC,283,1220,412410602,4.6033333333333335
2014-05-01 00:00:00 UTC,283,1218,412410602,2.2959722222222219
2014-05-01 00:00:00 UTC,283,1219,412410602,1.3497222222222223
2014-05-01 00:00:00 UTC,283,1225,412418541,0.98472222222222217
2014-05-01 00:00:00 UTC,283,1219,412418544,0.92416666666666669
2014-05-01 00:00:00 UTC,283,1220,412418544,1.5419444444444443
2014-05-01 00:00:00 UTC,283,1227,412419572,10.414305555555556
2014-05-01 00:00:00 UTC,283,1220,412419573,2.4423611111111114
2014-05-01 00:00:00 UTC,283,1220,412417526,0.97236111111111123
2014-05-01 00:00:00 UTC,283,1221,412415993,2.5973611111111108
2014-05-01 00:00:00 UTC,283,1219,412416762,6.5090277777777787
2014-05-01 00:00:00 UTC,283,1222,200005885,2.3636111111111111
2014-05-01 00:00:00 UTC,283,1219,412418815,8.4530555555555544
2014-05-01 00:00:00 UTC,539,86,211658000,1.9572222222222222
2014-05-01 00:00:00 UTC,539,85,211658000,2.0058333333333334
2014-05-01 00:00:00 UTC,539,-1633,367375120,15.315416666666668
2014-05-01 00:00:00 UTC,539,77,211342400,1.530972222222222
2014-05-01 00:00:00 UTC,539,76,211342400,2.4331944444444442
2014-05-01 00:00:00 UTC,539,75,211342400,0.22347222222222224
2014-05-01 00:00:00 UTC,539,1,235096643,2.5809722222222224
2014-05-01 00:00:00 UTC,539,0,235096643,1.4243055555555555
2014-05-01 00:00:00 UTC,539,-52,235031899,4.0586111111111114
2014-05-01 00:00:00 UTC,539,-53,235031899,4.7986111111111107
2014-05-01 00:00:00 UTC,539,-51,235031899,2.6430555555555557
2014-05-01 00:00:00 UTC,539,88,218556000,2.6018055555555555
2014-05-01 00:00:00 UTC,539,87,218556000,2.1233333333333331
2014-05-01 00:00:00 UTC,539,-52,235014511,6.0537500000000009
2014-05-01 00:00:00 UTC,539,-55,235014511,2.9425000000000003
2014-05-01 00:00:00 UTC,539,-51,235014511,3.6486111111111112
2014-05-01 00:00:00 UTC,539,83,211526000,0.22499999999999998
2014-05-01 00:00:00 UTC,539,82,211526000,5.1927777777777777
2014-05-01 00:00:00 UTC,539,-59,235005319,4.0847222222222221
2014-05-01 00:00:00 UTC,539,-51,235007912,3.5509722222222218
2014-05-01 00:00:00 UTC,539,-61,235072171,1.10375
2014-05-01 00:00:00 UTC,539,-60,235072171,6.4813888888888886
2014-05-01 00:00:00 UTC,539,-53,235004129,3.3484722222222225
2014-05-01 00:00:00 UTC,539,86,211158000,1.7159722222222222
2014-05-01 00:00:00 UTC,539,87,211158000,1.9956944444444447
2014-05-01 00:00:00 UTC,539,88,211158000,0.47083333333333333
2014-05-01 00:00:00 UTC,539,142,211600890,0.2875
2014-05-01 00:00:00 UTC,-229,494,660003100,2.3448611111111113
2014-05-01 00:00:00 UTC,-229,492,660003100,1.3259722222222223
2014-05-01 00:00:00 UTC,-229,493,660003100,0.86569444444444454
2014-05-01 00:00:00 UTC,-229,499,660003100,3.8859722222222222
2014-05-01 00:00:00 UTC,-229,497,660003100,2.1311111111111112
2014-05-01 00:00:00 UTC,-229,482,660003100,5.18138888888889
2014-05-01 00:00:00 UTC,-229,1525,503647800,17.676388888888891
2014-05-01 00:00:00 UTC,-229,1587,540002200,1.8475000000000001
2014-05-01 00:00:00 UTC,-229,1589,540002200,1.8970833333333335
2014-05-01 00:00:00 UTC,-229,1588,540002200,4.7830555555555554
2014-05-01 00:00:00 UTC,-229,1524,503648200,7.950972222222223
2014-05-01 00:00:00 UTC,-229,9,224578000,2.0973611111111112
2014-05-01 00:00:00 UTC,28,1763,440704000,2.06125
2014-05-01 00:00:00 UTC,28,1764,440704000,0.8947222222222222
2014-05-01 00:00:00 UTC,28,1791,416003854,1.4083333333333332
2014-05-01 00:00:00 UTC,28,1796,416003854,2.7784722222222218
2014-05-01 00:00:00 UTC,28,1792,416003854,1.7772222222222223
2014-05-01 00:00:00 UTC,28,1793,416003854,3.8416666666666663
2014-05-01 00:00:00 UTC,28,1794,416003854,1.6133333333333333
2014-05-01 00:00:00 UTC,28,-1427,441812000,2.7383333333333333
2014-05-01 00:00:00 UTC,28,-1430,441812000,1.3831944444444444
2014-05-01 00:00:00 UTC,28,-1428,441812000,1.4609722222222223
2014-05-01 00:00:00 UTC,28,-1429,441812000,3.9769444444444444
2014-05-01 00:00:00 UTC,28,-1240,432468000,1.2891666666666666
2014-05-01 00:00:00 UTC,28,-246,224286000,1.6773611111111111
2014-05-01 00:00:00 UTC,28,-372,224132670,1.7847222222222223
2014-05-01 00:00:00 UTC,28,-374,224132670,1.9655555555555553
2014-05-01 00:00:00 UTC,28,-369,224132670,1.7944444444444445
2014-05-01 00:00:00 UTC,28,-1526,441650000,1.475138888888889
2014-05-01 00:00:00 UTC,28,-375,224306000,1.1620833333333334
2014-05-01 00:00:00 UTC,28,-376,224306000,1.0231944444444445
2014-05-01 00:00:00 UTC,28,-1691,412370007,1.5131944444444445
2014-05-01 00:00:00 UTC,28,-1690,412370007,1.8175
2014-05-01 00:00:00 UTC,28,1741,520218000,1.2754166666666666
2014-05-01 00:00:00 UTC,28,1745,520217000,3.36125
2014-05-01 00:00:00 UTC,28,-1392,431938000,0.9750000000000002
2014-05-01 00:00:00 UTC,284,1231,412417792,4.8643055555555552
2014-05-01 00:00:00 UTC,284,1233,400000002,2.6380555555555554
2014-05-01 00:00:00 UTC,284,1221,412412169,11.138611111111112
2014-05-01 00:00:00 UTC,284,1221,412412171,17.393333333333338
2014-05-01 00:00:00 UTC,284,1220,412418316,2.6188888888888888
2014-05-01 00:00:00 UTC,284,1228,412417039,4.6425
2014-05-01 00:00:00 UTC,284,1227,412417039,4.622638888888889
2014-05-01 00:00:00 UTC,284,1226,412418321,4.4923611111111112
2014-05-01 00:00:00 UTC,284,1226,412418577,4.9065277777777778
2014-05-01 00:00:00 UTC,284,1227,412419094,11.274722222222222
2014-05-01 00:00:00 UTC,284,1220,412416795,2.4644444444444442
2014-05-01 00:00:00 UTC,284,1220,412123421,14.714583333333334
2014-05-01 00:00:00 UTC,284,1219,412416797,4.5691666666666668
2014-05-01 00:00:00 UTC,284,1220,412041504,2.2754166666666666
2014-05-01 00:00:00 UTC,284,1220,412412963,7.0465277777777784
2014-05-01 00:00:00 UTC,284,1221,412412963,0.32541666666666669
2014-05-01 00:00:00 UTC,284,1220,412123428,5.9420833333333336
2014-05-01 00:00:00 UTC,284,1221,412123428,2.4956944444444442
2014-05-01 00:00:00 UTC,284,1226,412418609,6.1850000000000005
2014-05-01 00:00:00 UTC,284,1221,412564788,1.9048611111111111
2014-05-01 00:00:00 UTC,284,1220,412564788,3.7770833333333331
2014-05-01 00:00:00 UTC,284,1226,412418615,11.637222222222222
2014-05-01 00:00:00 UTC,284,1229,200000319,14.295555555555556
2014-05-01 00:00:00 UTC,284,1225,412416578,6.2919444444444439
2014-05-01 00:00:00 UTC,284,1228,412416578,7.681111111111111
2014-05-01 00:00:00 UTC,284,1226,412416578,9.7661111111111119
2014-05-01 00:00:00 UTC,284,1227,412416578,3.261944444444445
2014-05-01 00:00:00 UTC,284,1231,412417602,12.733888888888886
2014-05-01 00:00:00 UTC,284,1221,412412485,4.8590277777777784
2014-05-01 00:00:00 UTC,284,1220,412411719,6.7601388888888891
2014-05-01 00:00:00 UTC,284,1226,412419406,5.1940277777777784
2014-05-01 00:00:00 UTC,284,1227,412419406,6.6727777777777781
2014-05-01 00:00:00 UTC,284,1228,412419406,8.9390277777777776
2014-05-01 00:00:00 UTC,284,1223,412416591,4.2426388888888891
2014-05-01 00:00:00 UTC,284,1223,412416592,3.7122222222222225
2014-05-01 00:00:00 UTC,284,1224,412417874,5.3681944444444438
2014-05-01 00:00:00 UTC,284,1225,412418643,2.96875
2014-05-01 00:00:00 UTC,284,1233,412417112,4.0627777777777778
2014-05-01 00:00:00 UTC,284,1225,412418649,3.4030555555555559
2014-05-01 00:00:00 UTC,284,1220,412415578,7.853472222222222
2014-05-01 00:00:00 UTC,284,1220,412416602,7.0958333333333323
2014-05-01 00:00:00 UTC,284,1221,412008289,4.9888888888888889
2014-05-01 00:00:00 UTC,284,1220,412008289,6.9172222222222208
2014-05-01 00:00:00 UTC,284,1222,412415586,5.3319444444444439
2014-05-01 00:00:00 UTC,284,1230,200003939,2.6906944444444445
2014-05-01 00:00:00 UTC,284,1231,200003939,5.3287499999999994
2014-05-01 00:00:00 UTC,284,1220,412410467,4.7018055555555547
2014-05-01 00:00:00 UTC,284,1222,412415587,4.1819444444444445
2014-05-01 00:00:00 UTC,284,1227,412416869,5.2895833333333337
2014-05-01 00:00:00 UTC,284,1228,412416869,6.6616666666666671
2014-05-01 00:00:00 UTC,284,1221,412412518,10.255
2014-05-01 00:00:00 UTC,284,1219,412418663,6.4275
2014-05-01 00:00:00 UTC,284,1220,412418663,3.1613888888888892
2014-05-01 00:00:00 UTC,284,1220,412418665,2.9354166666666668
2014-05-01 00:00:00 UTC,284,1229,412418415,3.3255555555555549
2014-05-01 00:00:00 UTC,284,1228,412418415,5.5519444444444446
2014-05-01 00:00:00 UTC,284,1228,412418416,0.90694444444444444
2014-05-01 00:00:00 UTC,284,1226,412418416,17.262361111111112
2014-05-01 00:00:00 UTC,284,1227,412418416,9.8559722222222224
2014-05-01 00:00:00 UTC,284,1226,412418928,15.18777777777778
2014-05-01 00:00:00 UTC,284,1227,412418928,7.8701388888888895
2014-05-01 00:00:00 UTC,284,1228,412418928,1.4611111111111112
2014-05-01 00:00:00 UTC,284,1228,412417152,7.0784722222222216
2014-05-01 00:00:00 UTC,284,1227,412417152,4.8231944444444448
2014-05-01 00:00:00 UTC,284,1228,412417925,3.1416666666666666
2014-05-01 00:00:00 UTC,284,1219,412419721,0.24805555555555558
2014-05-01 00:00:00 UTC,284,1221,412419721,0.47069444444444442
2014-05-01 00:00:00 UTC,284,1224,412416654,5.1805555555555562
2014-05-01 00:00:00 UTC,284,1232,456788888,5.8429166666666665
2014-05-01 00:00:00 UTC,284,1223,412416158,4.0620833333333337
2014-05-01 00:00:00 UTC,284,1215,412411041,0.45416666666666666
2014-05-01 00:00:00 UTC,284,1228,412417699,12.063333333333333
2014-05-01 00:00:00 UTC,284,1227,412416677,9.599444444444444
2014-05-01 00:00:00 UTC,284,1226,412416677,10.521527777777775
2014-05-01 00:00:00 UTC,284,1228,412416677,1.4648611111111109
2014-05-01 00:00:00 UTC,284,1225,412419753,8.2034722222222225
2014-05-01 00:00:00 UTC,284,1227,412437929,0.87041666666666662
2014-05-01 00:00:00 UTC,284,1226,412437929,1.3919444444444444
2014-05-01 00:00:00 UTC,284,1224,412418995,0.65166666666666662
2014-05-01 00:00:00 UTC,284,1220,412412601,1.9519444444444445
2014-05-01 00:00:00 UTC,284,1219,412412601,5.6115277777777779
2014-05-01 00:00:00 UTC,284,1223,200004027,1.0509722222222222
2014-05-01 00:00:00 UTC,284,1220,412418748,2.4055555555555559
2014-05-01 00:00:00 UTC,284,1219,412410557,7.9343055555555582
2014-05-01 00:00:00 UTC,284,1225,412418751,5.8322222222222226
2014-05-01 00:00:00 UTC,284,1226,412417215,4.7566666666666668
2014-05-01 00:00:00 UTC,284,1228,412417215,9.0627777777777787
2014-05-01 00:00:00 UTC,284,1231,412417729,9.1565277777777787
2014-05-01 00:00:00 UTC,284,1230,412417729,2.5991666666666666
2014-05-01 00:00:00 UTC,284,1227,412419268,18.3275
2014-05-01 00:00:00 UTC,284,1220,412416455,5.2930555555555552
2014-05-01 00:00:00 UTC,284,1221,412412617,14.587916666666668
2014-05-01 00:00:00 UTC,284,1221,412412618,12.053750000000003
2014-05-01 00:00:00 UTC,284,1225,412417482,6.9022222222222229
2014-05-01 00:00:00 UTC,284,1226,412417482,0.3026388888888889
2014-05-01 00:00:00 UTC,284,1222,412442316,1.0541666666666667
2014-05-01 00:00:00 UTC,284,1223,412442316,3.1951388888888892
2014-05-01 00:00:00 UTC,284,1223,412442318,1.7522222222222221
2014-05-01 00:00:00 UTC,284,1222,412442318,0.49569444444444444
2014-05-01 00:00:00 UTC,284,1222,412410318,5.2194444444444441
2014-05-01 00:00:00 UTC,284,1226,412417744,9.3308333333333326
2014-05-01 00:00:00 UTC,284,1224,412419799,2.3722222222222222
2014-05-01 00:00:00 UTC,284,1216,413098722,1.8409722222222222
2014-05-01 00:00:00 UTC,284,1220,412412131,6.7269444444444435
2014-05-01 00:00:00 UTC,284,1219,412654568,2.754027777777778
2014-05-01 00:00:00 UTC,284,1221,412411625,2.8716666666666666
2014-05-01 00:00:00 UTC,284,1219,412410602,3.6163888888888884
2014-05-01 00:00:00 UTC,284,1225,412418541,3.1584722222222221
2014-05-01 00:00:00 UTC,284,1224,412418541,4.079305555555556
2014-05-01 00:00:00 UTC,284,1220,412418798,5.803055555555555
2014-05-01 00:00:00 UTC,284,1219,412417526,1.385
2014-05-01 00:00:00 UTC,284,1222,412415993,2.4538888888888888
2014-05-01 00:00:00 UTC,284,1220,412416762,2.1769444444444446
2014-05-01 00:00:00 UTC,284,1229,412417532,2.0615277777777781
2014-05-01 00:00:00 UTC,284,1226,412417532,6.0226388888888893
2014-05-01 00:00:00 UTC,284,1227,412417532,1.6956944444444444
2014-05-01 00:00:00 UTC,284,1228,412417532,10.702499999999999
2014-05-01 00:00:00 UTC,284,1227,200001023,6.718055555555555
2014-05-01 00:00:00 UTC,284,1228,200001023,6.6084722222222219
2014-05-01 00:00:00 UTC,284,1229,200001023,5.1816666666666666
2014-05-01 00:00:00 UTC,540,-42,232003852,3.9368055555555559
2014-05-01 00:00:00 UTC,540,84,211658000,0.52819444444444441
2014-05-01 00:00:00 UTC,540,85,211658000,1.6216666666666668
2014-05-01 00:00:00 UTC,540,-62,235066405,2.2831944444444447
2014-05-01 00:00:00 UTC,540,-1667,367170350,0.65125
2014-05-01 00:00:00 UTC,540,0,235096643,0.22097222222222224
2014-05-01 00:00:00 UTC,540,-54,235014511,0.36
2014-05-01 00:00:00 UTC,540,-53,235014511,0.57763888888888881
2014-05-01 00:00:00 UTC,540,-52,235014511,3.9197222222222226
2014-05-01 00:00:00 UTC,540,-34,235010940,22.60625
2014-05-01 00:00:00 UTC,540,-35,235010940,0.87597222222222226
2014-05-01 00:00:00 UTC,540,108,211259270,0.84944444444444445
2014-05-01 00:00:00 UTC,540,-1665,367474080,3.4548611111111107
2014-05-01 00:00:00 UTC,540,86,211191000,3.57875
2014-05-01 00:00:00 UTC,540,84,211191000,0.45180555555555557
2014-05-01 00:00:00 UTC,540,85,211191000,7.4113888888888884
2014-05-01 00:00:00 UTC,540,-54,235004129,1.2905555555555555
2014-05-01 00:00:00 UTC,540,-53,235004129,2.7913888888888887
2014-05-01 00:00:00 UTC,540,142,211600890,0.62486111111111109
2014-05-01 00:00:00 UTC,-228,483,660003100,2.3362499999999997
2014-05-01 00:00:00 UTC,-228,143,659294000,1.2770833333333333
2014-05-01 00:00:00 UTC,-228,1585,540002200,4.511388888888888
2014-05-01 00:00:00 UTC,-228,1587,540002200,4.6180555555555554
2014-05-01 00:00:00 UTC,-228,1525,503648200,12.490277777777779
2014-05-01 00:00:00 UTC,-228,9,224578000,0.81500000000000006
2014-05-01 00:00:00 UTC,29,1787,416003854,9.23236111111111
2014-05-01 00:00:00 UTC,29,1791,416003854,4.7365277777777779
2014-05-01 00:00:00 UTC,29,1792,416003854,1.3141666666666667
2014-05-01 00:00:00 UTC,29,1789,416003854,1.5001388888888889
2014-05-01 00:00:00 UTC,29,-1430,441812000,1.3676388888888888
2014-05-01 00:00:00 UTC,29,-1508,440788000,0.85708333333333331
2014-05-01 00:00:00 UTC,29,-1509,440788000,2.08625
2014-05-01 00:00:00 UTC,29,-1506,440788000,0.92499999999999993
2014-05-01 00:00:00 UTC,29,-1507,440788000,0.76805555555555549
2014-05-01 00:00:00 UTC,29,-1240,432468000,2.9316666666666666
2014-05-01 00:00:00 UTC,29,-376,224132670,1.1611111111111112
2014-05-01 00:00:00 UTC,29,-1526,441650000,0.89444444444444438
2014-05-01 00:00:00 UTC,29,-218,224380000,2.0543055555555556
2014-05-01 00:00:00 UTC,29,1745,520217000,2.4513888888888888
2014-05-01 00:00:00 UTC,29,-1505,440782000,1.6777777777777776
2014-05-01 00:00:00 UTC,29,-1508,440782000,1.2904166666666668
2014-05-01 00:00:00 UTC,29,-1507,440782000,0.83319444444444446
2014-05-01 00:00:00 UTC,29,-1392,431938000,0.7583333333333333
2014-05-01 00:00:00 UTC,285,1220,412418818,13.633472222222222
2014-05-01 00:00:00 UTC,285,1220,412433154,0.48986111111111108
2014-05-01 00:00:00 UTC,285,1220,412418819,5.215
2014-05-01 00:00:00 UTC,285,1222,412418821,16.872083333333332
2014-05-01 00:00:00 UTC,285,1221,412412169,2.7322222222222221
2014-05-01 00:00:00 UTC,285,1217,412204043,2.4498611111111113
2014-05-01 00:00:00 UTC,285,1221,412412171,2.3325
2014-05-01 00:00:00 UTC,285,1224,412450316,2.4670833333333335
2014-05-01 00:00:00 UTC,285,1226,412418321,8.2368055555555557
2014-05-01 00:00:00 UTC,285,1226,412418577,6.5884722222222223
2014-05-01 00:00:00 UTC,285,1221,412412952,6.9334722222222229
2014-05-01 00:00:00 UTC,285,1220,412412963,10.243611111111113
2014-05-01 00:00:00 UTC,285,1222,413401135,1.1181944444444445
2014-05-01 00:00:00 UTC,285,1221,413401135,1.1056944444444445
2014-05-01 00:00:00 UTC,285,1226,412418615,6.6480555555555556
2014-05-01 00:00:00 UTC,285,1230,200000319,6.8597222222222216
2014-05-01 00:00:00 UTC,285,1221,412412485,2.0316666666666667
2014-05-01 00:00:00 UTC,285,1220,412411719,3.8705555555555549
2014-05-01 00:00:00 UTC,285,1221,412417611,3.2305555555555556
2014-05-01 00:00:00 UTC,285,1224,412418643,10.000555555555556
2014-05-01 00:00:00 UTC,285,1230,412416854,3.9823611111111106
2014-05-01 00:00:00 UTC,285,1229,412416854,1.1804166666666667
2014-05-01 00:00:00 UTC,285,1225,412418649,5.4698611111111113
2014-05-01 00:00:00 UTC,285,1220,412415578,7.3829166666666666
2014-05-01 00:00:00 UTC,285,1221,412415578,1.3323611111111111
2014-05-01 00:00:00 UTC,285,1220,412410467,2.3355555555555556
2014-05-01 00:00:00 UTC,285,1221,412412518,3.8209722222222222
2014-05-01 00:00:00 UTC,285,1221,412417651,9.7015277777777769
2014-05-01 00:00:00 UTC,285,1219,412344444,0.64763888888888888
2014-05-01 00:00:00 UTC,285,1221,412411517,7.0931944444444452
2014-05-01 00:00:00 UTC,285,1220,412423039,2.1309722222222223
2014-05-01 00:00:00 UTC,285,1221,412419721,2.0702777777777777
2014-05-01 00:00:00 UTC,285,1221,412417675,5.9016666666666673
2014-05-01 00:00:00 UTC,285,1220,412417675,11.385000000000002
2014-05-01 00:00:00 UTC,285,1220,412418453,13.51125
2014-05-01 00:00:00 UTC,285,1221,412418453,0.99236111111111114
2014-05-01 00:00:00 UTC,285,1219,412410774,0.77361111111111114
2014-05-01 00:00:00 UTC,285,1221,412419223,9.3326388888888889
2014-05-01 00:00:00 UTC,285,1223,412435097,0.77013888888888893
2014-05-01 00:00:00 UTC,285,1223,412435098,0.55499999999999994
2014-05-01 00:00:00 UTC,285,1219,412410778,0.80402777777777779
2014-05-01 00:00:00 UTC,285,1226,412418461,9.1265277777777776
2014-05-01 00:00:00 UTC,285,1218,412410529,0.98875
2014-05-01 00:00:00 UTC,285,1224,412419753,5.8486111111111114
2014-05-01 00:00:00 UTC,285,1223,412418995,1.1901388888888889
2014-05-01 00:00:00 UTC,285,1222,412418995,0.27277777777777779
2014-05-01 00:00:00 UTC,285,1225,412418751,4.1466666666666665
2014-05-01 00:00:00 UTC,285,1220,412416455,2.95375
2014-05-01 00:00:00 UTC,285,1220,412410825,13.308750000000003
2014-05-01 00:00:00 UTC,285,1221,412410825,1.4870833333333331
2014-05-01 00:00:00 UTC,285,1221,412412617,2.6572222222222224
2014-05-01 00:00:00 UTC,285,1220,412416201,9.7125
2014-05-01 00:00:00 UTC,285,1221,412412618,10.079027777777778
2014-05-01 00:00:00 UTC,285,1226,412417482,6.1933333333333334
2014-05-01 00:00:00 UTC,285,1237,412417484,5.85125
2014-05-01 00:00:00 UTC,285,1221,412419284,2.13
2014-05-01 00:00:00 UTC,285,1216,413098722,1.2526388888888889
2014-05-01 00:00:00 UTC,285,1220,412412131,10.041805555555555
2014-05-01 00:00:00 UTC,285,1219,412412131,5.6566666666666672
2014-05-01 00:00:00 UTC,285,1220,412410857,14.696666666666667
2014-05-01 00:00:00 UTC,285,1224,412418541,6.0188888888888892
2014-05-01 00:00:00 UTC,285,1220,412418798,3.7818055555555552
2014-05-01 00:00:00 UTC,285,1217,412410353,2.5651388888888889
2014-05-01 00:00:00 UTC,285,1216,412410353,2.9433333333333329
2014-05-01 00:00:00 UTC,285,1226,412419572,5.2683333333333326
2014-05-01 00:00:00 UTC,285,1227,412419572,12.881527777777778
2014-05-01 00:00:00 UTC,285,1220,412418812,14.654861111111114
2014-05-01 00:00:00 UTC,285,1227,412417532,2.8537500000000002
2014-05-01 00:00:00 UTC,541,-49,235000843,3.661944444444444
2014-05-01 00:00:00 UTC,541,-50,235000843,7.0441666666666674
2014-05-01 00:00:00 UTC,541,48,205258000,16.644722222222221
2014-05-01 00:00:00 UTC,541,-1625,367411730,0.79722222222222228
2014-05-01 00:00:00 UTC,541,-51,235061018,0.4875
2014-05-01 00:00:00 UTC,541,-49,235061018,8.0223611111111115
2014-05-01 00:00:00 UTC,541,-50,235061018,5.9990277777777781
2014-05-01 00:00:00 UTC,541,-49,235008039,1.6719444444444445
2014-05-01 00:00:00 UTC,541,-50,235008039,10.729305555555555
2014-05-01 00:00:00 UTC,541,-1666,367170350,0.26291666666666669
2014-05-01 00:00:00 UTC,541,-1667,367170350,1.6643055555555555
2014-05-01 00:00:00 UTC,541,-50,235039296,6.2600000000000016
2014-05-01 00:00:00 UTC,541,-49,235039296,4.2397222222222224
2014-05-01 00:00:00 UTC,541,-49,235004756,2.0927777777777776
2014-05-01 00:00:00 UTC,541,-50,235004756,2.8451388888888891
2014-05-01 00:00:00 UTC,541,-55,235003224,1.762777777777778
2014-05-01 00:00:00 UTC,541,-54,235003224,2.4113888888888888
2014-05-01 00:00:00 UTC,541,-49,235008862,4.9681944444444452
2014-05-01 00:00:00 UTC,541,-50,235008862,6.0745833333333339
2014-05-01 00:00:00 UTC,541,-51,235007359,1.5040277777777777
2014-05-01 00:00:00 UTC,541,-50,235007359,10.669305555555557
2014-05-01 00:00:00 UTC,541,-49,235007359,1.5536111111111113
2014-05-01 00:00:00 UTC,541,-54,235001766,3.5023611111111106
2014-05-01 00:00:00 UTC,541,-55,235001766,2.2275000000000005
2014-05-01 00:00:00 UTC,541,88,211314600,2.8318055555555555
2014-05-01 00:00:00 UTC,541,87,211314600,1.3644444444444446
2014-05-01 00:00:00 UTC,541,85,211314600,4.0427777777777774
2014-05-01 00:00:00 UTC,541,-54,235082945,11.201111111111112
2014-05-01 00:00:00 UTC,541,-55,235082945,0.32194444444444448
2014-05-01 00:00:00 UTC,541,-111,250001885,0.66819444444444442
2014-05-01 00:00:00 UTC,541,-113,250001885,3.833333333333333
2014-05-01 00:00:00 UTC,541,-112,250001885,0.95069444444444451
2014-05-01 00:00:00 UTC,541,-38,235031017,0.51180555555555551
2014-05-01 00:00:00 UTC,541,-37,235031017,1.2244444444444444
2014-05-01 00:00:00 UTC,541,85,211158000,6.0075
2014-05-01 00:00:00 UTC,541,-53,235083263,0.46694444444444438
2014-05-01 00:00:00 UTC,541,-54,235083263,6.3206944444444444
2014-05-01 00:00:00 UTC,-227,488,660003100,2.3619444444444442
2014-05-01 00:00:00 UTC,-227,490,660003100,1.8226388888888889
2014-05-01 00:00:00 UTC,-227,142,659294000,1.2697222222222222
2014-05-01 00:00:00 UTC,-227,8,224578000,3.1229166666666663
2014-05-01 00:00:00 UTC,-227,12,224578000,2.6295833333333336
2014-05-01 00:00:00 UTC,30,1772,440821000,0.86402777777777784
2014-05-01 00:00:00 UTC,30,1775,440821000,0.93333333333333335
2014-05-01 00:00:00 UTC,30,1774,440821000,1.2777777777777777
2014-05-01 00:00:00 UTC,30,1777,440821000,2.1027777777777779
2014-05-01 00:00:00 UTC,30,1776,440821000,1.6793055555555556
2014-05-01 00:00:00 UTC,30,1778,440821000,1.7208333333333332
2014-05-01 00:00:00 UTC,30,-1240,432468000,1.0569444444444445
2014-05-01 00:00:00 UTC,30,-1239,432468000,1.7901388888888889
2014-05-01 00:00:00 UTC,30,-246,224286000,2.0840277777777776
2014-05-01 00:00:00 UTC,30,-377,224132670,3.2638888888888888
2014-05-01 00:00:00 UTC,30,-376,224132670,1.0330555555555556
2014-05-01 00:00:00 UTC,30,-1422,432914000,1.01125
2014-05-01 00:00:00 UTC,30,-1423,432914000,1.1876388888888889
2014-05-01 00:00:00 UTC,30,-217,224380000,0.93625
2014-05-01 00:00:00 UTC,30,1742,520218000,5.5529166666666674
2014-05-01 00:00:00 UTC,30,1745,520217000,5.29875
2014-05-01 00:00:00 UTC,30,-1503,440782000,0.86819444444444449
2014-05-01 00:00:00 UTC,30,-1510,441251000,0.83597222222222212
2014-05-01 00:00:00 UTC,30,-1509,441251000,0.71249999999999991
2014-05-01 00:00:00 UTC,30,-1508,441251000,0.95763888888888893
2014-05-01 00:00:00 UTC,30,-1511,441251000,1.29875
2014-05-01 00:00:00 UTC,30,-1393,431938000,0.9584722222222225
2014-05-01 00:00:00 UTC,30,-1375,441015000,1.8547222222222222
2014-05-01 00:00:00 UTC,286,1221,412413184,0.31402777777777779
2014-05-01 00:00:00 UTC,286,1221,412418818,2.8465277777777778
2014-05-01 00:00:00 UTC,286,1220,412418818,2.8515277777777777
2014-05-01 00:00:00 UTC,286,1220,412418819,17.43625
2014-05-01 00:00:00 UTC,286,1220,412412683,2.4568055555555555
2014-05-01 00:00:00 UTC,286,1222,412412942,0.55402777777777779
2014-05-01 00:00:00 UTC,286,1221,412412942,13.362777777777776
2014-05-01 00:00:00 UTC,286,1226,412418321,3.2404166666666669
2014-05-01 00:00:00 UTC,286,1226,412418577,3.938194444444445
2014-05-01 00:00:00 UTC,286,1220,412412951,4.3601388888888888
2014-05-01 00:00:00 UTC,286,1221,412412952,1.494861111111111
2014-05-01 00:00:00 UTC,286,1219,412412956,2.3861111111111111
2014-05-01 00:00:00 UTC,286,1220,412416797,1.0580555555555555
2014-05-01 00:00:00 UTC,286,1219,412412962,0.86388888888888882
2014-05-01 00:00:00 UTC,286,1227,412417317,6.9191666666666665
2014-05-01 00:00:00 UTC,286,1227,412417318,5.8183333333333334
2014-05-01 00:00:00 UTC,286,1227,412416298,6.2298611111111111
2014-05-01 00:00:00 UTC,286,1222,413401135,2.60125
2014-05-01 00:00:00 UTC,286,1226,412418609,6.0802777777777779
2014-05-01 00:00:00 UTC,286,1226,412418615,9.7195833333333326
2014-05-01 00:00:00 UTC,286,1223,413025086,1.1869444444444446
2014-05-01 00:00:00 UTC,286,1220,412408901,1.2169444444444444
2014-05-01 00:00:00 UTC,286,1225,412417605,5.4273611111111109
2014-05-01 00:00:00 UTC,286,1229,412413257,0.86569444444444443
2014-05-01 00:00:00 UTC,286,1230,412413257,0.550138888888889
2014-05-01 00:00:00 UTC,286,1221,412417611,4.0788888888888888
2014-05-01 00:00:00 UTC,286,1227,412435535,0.37569444444444444
2014-05-01 00:00:00 UTC,286,1221,412415578,5.1793055555555547
2014-05-01 00:00:00 UTC,286,1228,412413289,4.6544444444444446
2014-05-01 00:00:00 UTC,286,1229,412413294,2.8655555555555559
2014-05-01 00:00:00 UTC,286,1221,412411516,3.9787500000000007
2014-05-01 00:00:00 UTC,286,1229,412413308,4.7840277777777791
2014-05-01 00:00:00 UTC,286,1221,412411517,2.7845833333333334
2014-05-01 00:00:00 UTC,286,1221,412411518,0.60069444444444442
2014-05-01 00:00:00 UTC,286,1220,412423039,1.0915277777777779
2014-05-01 00:00:00 UTC,286,1221,412423039,5.11875
2014-05-01 00:00:00 UTC,286,1221,412417675,2.2498611111111106
2014-05-01 00:00:00 UTC,286,1221,412418453,4.6936111111111121
2014-05-01 00:00:00 UTC,286,1220,412418453,1.74375
2014-05-01 00:00:00 UTC,286,1219,412410774,1.2979166666666666
2014-05-01 00:00:00 UTC,286,1223,412435097,4.8125
2014-05-01 00:00:00 UTC,286,1223,412435098,1.9661111111111111
2014-05-01 00:00:00 UTC,286,1224,412435098,5.5620833333333337
2014-05-01 00:00:00 UTC,286,1220,412410778,1.5006944444444446
2014-05-01 00:00:00 UTC,286,1226,412418461,5.2918055555555554
2014-05-01 00:00:00 UTC,286,1227,412418461,6.2481944444444437
2014-05-01 00:00:00 UTC,286,1219,412410529,1.780416666666667
2014-05-01 00:00:00 UTC,286,1226,412443058,9.0002777777777787
2014-05-01 00:00:00 UTC,286,1228,412443058,6.1625000000000005
2014-05-01 00:00:00 UTC,286,1218,412415926,7.2430555555555554
2014-05-01 00:00:00 UTC,286,1225,412418751,0.55041666666666667
2014-05-01 00:00:00 UTC,286,1222,412411845,9.63875
2014-05-01 00:00:00 UTC,286,1221,412411845,11.1475
2014-05-01 00:00:00 UTC,286,1221,412410825,4.1322222222222225
2014-05-01 00:00:00 UTC,286,1220,412410825,1.0079166666666666
2014-05-01 00:00:00 UTC,286,1220,412416201,11.732638888888889
2014-05-01 00:00:00 UTC,286,1225,412417482,6.1677777777777782
2014-05-01 00:00:00 UTC,286,1226,412417482,4.6969444444444441
2014-05-01 00:00:00 UTC,286,1222,412412113,16.02708333333333
2014-05-01 00:00:00 UTC,286,1221,412417747,11.825555555555555
2014-05-01 00:00:00 UTC,286,1221,412412128,11.83375
2014-05-01 00:00:00 UTC,286,1220,412410857,6.1670833333333333
2014-05-01 00:00:00 UTC,286,1224,412419307,4.6452777777777783
2014-05-01 00:00:00 UTC,286,1229,412413163,1.9501388888888891
2014-05-01 00:00:00 UTC,286,1221,412418812,2.1168055555555556
2014-05-01 00:00:00 UTC,286,1220,412418812,3.044166666666666
2014-05-01 00:00:00 UTC,286,1226,412437756,2.3047222222222223
2014-05-01 00:00:00 UTC,542,-49,235000843,6.8670833333333334
2014-05-01 00:00:00 UTC,542,47,205258000,6.4002777777777773
2014-05-01 00:00:00 UTC,542,-37,235032854,4.1404166666666669
2014-05-01 00:00:00 UTC,542,-36,235032854,0.66833333333333333
2014-05-01 00:00:00 UTC,542,-49,235061018,9.6784722222222221
2014-05-01 00:00:00 UTC,542,-49,235008039,4.121944444444444
2014-05-01 00:00:00 UTC,542,-1664,367170350,1.4394444444444443
2014-05-01 00:00:00 UTC,542,-1607,367084860,10.199861111111113
2014-05-01 00:00:00 UTC,542,-1602,367084860,0.77347222222222223
2014-05-01 00:00:00 UTC,542,-49,235039296,6.7648611111111112
2014-05-01 00:00:00 UTC,542,113,211467840,1.16625
2014-05-01 00:00:00 UTC,542,-50,235004756,0.27388888888888885
2014-05-01 00:00:00 UTC,542,-49,235004756,3.1338888888888885
2014-05-01 00:00:00 UTC,542,-54,235003224,7.4622222222222234
2014-05-01 00:00:00 UTC,542,-49,235008862,3.3933333333333331
2014-05-01 00:00:00 UTC,542,84,211265640,2.1518055555555553
2014-05-01 00:00:00 UTC,542,85,211265640,0.39375
2014-05-01 00:00:00 UTC,542,120,211517810,0.22180555555555553
2014-05-01 00:00:00 UTC,542,1544,273814900,1.5054166666666666
2014-05-01 00:00:00 UTC,542,1543,273814900,18.60222222222222
2014-05-01 00:00:00 UTC,542,1542,273814900,3.1291666666666669
2014-05-01 00:00:00 UTC,542,-49,235007359,1.9527777777777779
2014-05-01 00:00:00 UTC,542,46,205232000,16.633611111111112
2014-05-01 00:00:00 UTC,542,-54,235001766,6.0180555555555566
2014-05-01 00:00:00 UTC,542,-37,235000765,4.4504166666666665
2014-05-01 00:00:00 UTC,542,-36,235000765,4.1033333333333335
2014-05-01 00:00:00 UTC,542,-111,250142400,4.0444444444444443
2014-05-01 00:00:00 UTC,542,-54,235082945,1.482777777777778
2014-05-01 00:00:00 UTC,542,-112,250001885,0.43388888888888888
2014-05-01 00:00:00 UTC,542,-110,250001885,1.6731944444444444
2014-05-01 00:00:00 UTC,542,-111,250001885,1.1368055555555556
2014-05-01 00:00:00 UTC,542,-113,250001885,0.5162500000000001
2014-05-01 00:00:00 UTC,542,-37,235031017,6.247638888888889
2014-05-01 00:00:00 UTC,542,-38,235031017,6.2743055555555545
2014-05-01 00:00:00 UTC,542,-53,235083263,2.5091666666666668
2014-05-01 00:00:00 UTC,542,-54,235083263,0.29097222222222224
2014-05-01 00:00:00 UTC,-482,-610,701000907,8.610833333333332
2014-05-01 00:00:00 UTC,-226,141,659294000,0.31819444444444445
2014-05-01 00:00:00 UTC,-226,142,659294000,0.58055555555555549
2014-05-01 00:00:00 UTC,-226,1606,540003400,0.79569444444444437
2014-05-01 00:00:00 UTC,-226,1608,540003400,2.9847222222222225
2014-05-01 00:00:00 UTC,-226,1615,540003400,2.9891666666666667
2014-05-01 00:00:00 UTC,-226,1616,540003400,4.46125
2014-05-01 00:00:00 UTC,-226,11,224578000,1.4680555555555554
2014-05-01 00:00:00 UTC,-226,7,224578000,2.9597222222222221
2014-05-01 00:00:00 UTC,31,1779,440821000,2.2126388888888888
2014-05-01 00:00:00 UTC,31,1775,440821000,3.7359722222222222
2014-05-01 00:00:00 UTC,31,1778,440821000,0.74180555555555561
2014-05-01 00:00:00 UTC,31,1777,440821000,4.5806944444444451
2014-05-01 00:00:00 UTC,31,1776,440821000,2.3926388888888885
2014-05-01 00:00:00 UTC,31,-1430,441812000,1.8166666666666667
2014-05-01 00:00:00 UTC,31,-1504,440788000,0.91652777777777783
2014-05-01 00:00:00 UTC,31,-1505,440788000,1.2581944444444444
2014-05-01 00:00:00 UTC,31,-1239,432468000,1.91375
2014-05-01 00:00:00 UTC,31,-1240,432468000,1.8197222222222222
2014-05-01 00:00:00 UTC,31,-246,224286000,0.94430555555555551
2014-05-01 00:00:00 UTC,31,-377,224132670,2.2193055555555556
2014-05-01 00:00:00 UTC,31,-1526,441650000,1.3041666666666667
2014-05-01 00:00:00 UTC,31,-1426,432914000,1.7776388888888888
2014-05-01 00:00:00 UTC,31,-1421,432914000,0.75583333333333336
2014-05-01 00:00:00 UTC,31,-1376,441660000,0.97166666666666668
2014-05-01 00:00:00 UTC,31,-1381,441660000,1.5061111111111112
2014-05-01 00:00:00 UTC,31,-1378,441660000,0.77180555555555563
2014-05-01 00:00:00 UTC,31,-1379,441660000,0.95152777777777786
2014-05-01 00:00:00 UTC,31,-217,224380000,1.2455555555555555
2014-05-01 00:00:00 UTC,31,-383,224261000,3.5827777777777778
2014-05-01 00:00:00 UTC,31,1742,520218000,1.5702777777777777
2014-05-01 00:00:00 UTC,31,1745,520217000,0.65486111111111112
2014-05-01 00:00:00 UTC,31,1746,520217000,1.1034722222222222
2014-05-01 00:00:00 UTC,31,-1506,440782000,1.7693055555555555
2014-05-01 00:00:00 UTC,31,-1508,440782000,1.5570833333333334
2014-05-01 00:00:00 UTC,31,-1511,440782000,0.75694444444444442
2014-05-01 00:00:00 UTC,31,-1510,440782000,1.3276388888888888
2014-05-01 00:00:00 UTC,31,-1505,440782000,1.5316666666666667
2014-05-01 00:00:00 UTC,31,-1504,440782000,0.96138888888888885
2014-05-01 00:00:00 UTC,31,-1503,440782000,2.1288888888888886
2014-05-01 00:00:00 UTC,31,-1509,440782000,1.6862499999999998
2014-05-01 00:00:00 UTC,31,-1507,441251000,0.86319444444444449
2014-05-01 00:00:00 UTC,31,-1504,440792000,0.94444444444444464
2014-05-01 00:00:00 UTC,31,-1505,440792000,1.2986111111111112
2014-05-01 00:00:00 UTC,31,-1375,441015000,1.086111111111111
2014-05-01 00:00:00 UTC,31,-1497,440641000,0.86527777777777781
2014-05-01 00:00:00 UTC,31,-1501,440641000,0.96111111111111114
2014-05-01 00:00:00 UTC,31,-1502,440641000,2.0741666666666667
2014-05-01 00:00:00 UTC,31,-1499,440641000,1.6277777777777778
2014-05-01 00:00:00 UTC,31,-1496,440641000,0.43208333333333332
2014-05-01 00:00:00 UTC,31,-1374,441014000,1.7513888888888889
2014-05-01 00:00:00 UTC,287,1221,412413184,3.4815277777777771
2014-05-01 00:00:00 UTC,287,1220,412413184,4.7137499999999992
2014-05-01 00:00:00 UTC,287,1222,412413184,2.5429166666666667
2014-05-01 00:00:00 UTC,287,1221,412412942,2.6795833333333334
2014-05-01 00:00:00 UTC,287,1222,412412942,1.0162499999999999
2014-05-01 00:00:00 UTC,287,1234,412435473,6.2501388888888885
2014-05-01 00:00:00 UTC,287,1233,412435473,8.15861111111111
2014-05-01 00:00:00 UTC,287,1221,412412951,4.86611111111111
2014-05-01 00:00:00 UTC,287,1222,412412951,7.6022222222222213
2014-05-01 00:00:00 UTC,287,1221,412412952,11.650000000000002
2014-05-01 00:00:00 UTC,287,1227,412417317,10.327361111111111
2014-05-01 00:00:00 UTC,287,1227,412417318,13.212361111111113
2014-05-01 00:00:00 UTC,287,1227,412416298,12.058888888888889
2014-05-01 00:00:00 UTC,287,1223,413401135,2.9738888888888888
2014-05-01 00:00:00 UTC,287,1222,412412986,11.602361111111113
2014-05-01 00:00:00 UTC,287,1224,412436795,6.5759722222222221
2014-05-01 00:00:00 UTC,287,1223,413025086,4.1376388888888886
2014-05-01 00:00:00 UTC,287,1222,413025086,3.0676388888888888
2014-05-01 00:00:00 UTC,287,1221,412408901,2.0290277777777774
2014-05-01 00:00:00 UTC,287,1220,412408901,1.1320833333333336
2014-05-01 00:00:00 UTC,287,1222,412408901,3.5049999999999994
2014-05-01 00:00:00 UTC,287,1226,412435016,1.1661111111111111
2014-05-01 00:00:00 UTC,287,1225,412435016,6.0534722222222221
2014-05-01 00:00:00 UTC,287,1228,412413257,1.7773611111111109
2014-05-01 00:00:00 UTC,287,1229,412413257,1.6430555555555553
2014-05-01 00:00:00 UTC,287,1226,412435535,1.3909722222222221
2014-05-01 00:00:00 UTC,287,1227,412435535,0.43750000000000006
2014-05-01 00:00:00 UTC,287,1235,412436815,7.5206944444444446
2014-05-01 00:00:00 UTC,287,1230,412422753,7.7924999999999995
2014-05-01 00:00:00 UTC,287,1228,412413289,7.31513888888889
2014-05-01 00:00:00 UTC,287,1222,412414057,0.58958333333333335
2014-05-01 00:00:00 UTC,287,1221,412414057,3.4220833333333327
2014-05-01 00:00:00 UTC,287,1220,412414057,5.9941666666666666
2014-05-01 00:00:00 UTC,287,1228,412413294,1.7080555555555554
2014-05-01 00:00:00 UTC,287,1229,412413294,6.0934722222222222
2014-05-01 00:00:00 UTC,287,1230,412413294,0.30069444444444443
2014-05-01 00:00:00 UTC,287,1221,412411516,2.8333333333333335
2014-05-01 00:00:00 UTC,287,1222,412411516,6.0519444444444446
2014-05-01 00:00:00 UTC,287,1229,412413308,7.907916666666666
2014-05-01 00:00:00 UTC,287,1230,412413308,0.25763888888888892
2014-05-01 00:00:00 UTC,287,1221,412411517,11.379722222222222
2014-05-01 00:00:00 UTC,287,1221,412411518,13.272361111111113
2014-05-01 00:00:00 UTC,287,1220,412411518,9.598749999999999
2014-05-01 00:00:00 UTC,287,1225,412438147,0.97013888888888888
2014-05-01 00:00:00 UTC,287,1227,412414339,4.7784722222222218
2014-05-01 00:00:00 UTC,287,1228,412414339,11.693055555555556
2014-05-01 00:00:00 UTC,287,1225,412438148,0.49930555555555556
2014-05-01 00:00:00 UTC,287,1224,412412295,1.877361111111111
2014-05-01 00:00:00 UTC,287,1223,412412295,0.33416666666666667
2014-05-01 00:00:00 UTC,287,1224,412412296,4.6283333333333339
2014-05-01 00:00:00 UTC,287,1222,412411789,19.479861111111113
2014-05-01 00:00:00 UTC,287,1218,412414100,2.4716666666666667
2014-05-01 00:00:00 UTC,287,1226,412418712,0.42444444444444446
2014-05-01 00:00:00 UTC,287,1223,412435097,5.8881944444444443
2014-05-01 00:00:00 UTC,287,1224,412435097,1.82125
2014-05-01 00:00:00 UTC,287,1223,412435098,3.9056944444444439
2014-05-01 00:00:00 UTC,287,1224,412435098,4.205
2014-05-01 00:00:00 UTC,287,1226,412418461,6.7058333333333326
2014-05-01 00:00:00 UTC,287,1228,412418717,9.4363888888888887
2014-05-01 00:00:00 UTC,287,1228,412418725,10.69875
2014-05-01 00:00:00 UTC,287,1227,412418725,7.5451388888888884
2014-05-01 00:00:00 UTC,287,1226,412484017,0.71791666666666665
2014-05-01 00:00:00 UTC,287,1225,412484017,5.8047222222222219
2014-05-01 00:00:00 UTC,287,1225,412418751,2.7531944444444445
2014-05-01 00:00:00 UTC,287,1226,412418751,3.3080555555555557
2014-05-01 00:00:00 UTC,287,1226,412419786,8.1406944444444456
2014-05-01 00:00:00 UTC,287,1227,412417229,1.3380555555555556
2014-05-01 00:00:00 UTC,287,1226,412417229,0.50916666666666666
2014-05-01 00:00:00 UTC,287,1222,412412113,7.6784722222222221
2014-05-01 00:00:00 UTC,287,1221,412417747,10.319583333333334
2014-05-01 00:00:00 UTC,287,1226,412438231,1.7879166666666668
2014-05-01 00:00:00 UTC,287,1221,412412128,1.9091666666666667
2014-05-01 00:00:00 UTC,287,1222,412412128,4.3277777777777775
2014-05-01 00:00:00 UTC,287,1222,412412133,2.8297222222222222
2014-05-01 00:00:00 UTC,287,1224,412435176,0.58791666666666664
2014-05-01 00:00:00 UTC,287,1226,412419307,5.17138888888889
2014-05-01 00:00:00 UTC,287,1229,412413163,8.7586111111111116
2014-05-01 00:00:00 UTC,287,1232,412435699,13.9875
2014-05-01 00:00:00 UTC,287,1233,412435699,1.3226388888888889
2014-05-01 00:00:00 UTC,287,1224,412435955,0.29138888888888892
2014-05-01 00:00:00 UTC,287,1223,412435955,0.44138888888888889
2014-05-01 00:00:00 UTC,287,1223,412435956,0.8058333333333334
2014-05-01 00:00:00 UTC,287,1228,412418805,1.556111111111111
2014-05-01 00:00:00 UTC,287,1226,412437756,15.520555555555557
2014-05-01 00:00:00 UTC,543,-37,235032854,12.473472222222224
2014-05-01 00:00:00 UTC,543,83,211317290,1.8958333333333333
2014-05-01 00:00:00 UTC,543,84,211317290,2.6143055555555557
2014-05-01 00:00:00 UTC,543,-1607,367084860,7.65861111111111
2014-05-01 00:00:00 UTC,543,-1598,367084860,1.5386111111111109
2014-05-01 00:00:00 UTC,543,113,211467840,4.5576388888888886
2014-05-01 00:00:00 UTC,543,114,211467840,2.5551388888888891
2014-05-01 00:00:00 UTC,543,115,211467840,1.7252777777777779
2014-05-01 00:00:00 UTC,543,116,211467840,0.20736111111111111
2014-05-01 00:00:00 UTC,543,112,211467840,1.5976388888888888
2014-05-01 00:00:00 UTC,543,-48,235008862,1.3743055555555554
2014-05-01 00:00:00 UTC,543,-49,235008862,0.42694444444444446
2014-05-01 00:00:00 UTC,543,84,211265640,4.6563888888888885
2014-05-01 00:00:00 UTC,543,83,211265640,3.07625
2014-05-01 00:00:00 UTC,543,85,211265640,0.2738888888888889
2014-05-01 00:00:00 UTC,543,121,211517810,1.0766666666666667
2014-05-01 00:00:00 UTC,543,122,211517810,7.8251388888888869
2014-05-01 00:00:00 UTC,543,-37,235003785,1.3718055555555557
2014-05-01 00:00:00 UTC,543,-36,235003785,1.3347222222222224
2014-05-01 00:00:00 UTC,543,-55,235001766,0.29722222222222222
2014-05-01 00:00:00 UTC,543,-54,235001766,0.90083333333333337
2014-05-01 00:00:00 UTC,543,1440,273342630,1.5543055555555556
2014-05-01 00:00:00 UTC,543,121,211449000,1.1015277777777779
2014-05-01 00:00:00 UTC,543,122,211449000,0.85180555555555548
2014-05-01 00:00:00 UTC,543,-110,232006830,2.6447222222222226
2014-05-01 00:00:00 UTC,543,-37,235000765,11.341666666666665
2014-05-01 00:00:00 UTC,543,-111,250142400,7.8415277777777757
2014-05-01 00:00:00 UTC,543,-113,250001885,2.4373611111111111
2014-05-01 00:00:00 UTC,543,-111,250001885,4.0326388888888891
2014-05-01 00:00:00 UTC,543,-112,250001885,1.3245833333333334
2014-05-01 00:00:00 UTC,543,-37,235031017,3.2447222222222223
2014-05-01 00:00:00 UTC,543,-38,235031017,2.8179166666666666
2014-05-01 00:00:00 UTC,-481,-610,701000743,13.130833333333333
2014-05-01 00:00:00 UTC,-481,-609,701006144,8.7511111111111113
2014-05-01 00:00:00 UTC,-481,-610,701000907,5.3654166666666674
2014-05-01 00:00:00 UTC,-481,-610,701000673,5.6652777777777779
2014-05-01 00:00:00 UTC,-225,489,660003100,1.8055555555555556
2014-05-01 00:00:00 UTC,-225,1615,540003400,3.5999999999999996
2014-05-01 00:00:00 UTC,-225,1616,540003400,1.9441666666666668
2014-05-01 00:00:00 UTC,32,1778,440821000,1.3109722222222222
2014-05-01 00:00:00 UTC,32,1776,440821000,2.7352777777777777
2014-05-01 00:00:00 UTC,32,-374,263572000,5.176388888888888
2014-05-01 00:00:00 UTC,32,-1506,440788000,1.7640277777777778
2014-05-01 00:00:00 UTC,32,-1508,440788000,0.81388888888888888
2014-05-01 00:00:00 UTC,32,-1509,440788000,0.87236111111111114
2014-05-01 00:00:00 UTC,32,-1507,440788000,1.58875
2014-05-01 00:00:00 UTC,32,-1503,440788000,1.7238888888888888
2014-05-01 00:00:00 UTC,32,-1510,440788000,0.852638888888889
2014-05-01 00:00:00 UTC,32,-1504,440788000,1.5455555555555556
2014-05-01 00:00:00 UTC,32,-246,224286000,0.84763888888888894
2014-05-01 00:00:00 UTC,32,-1429,432914000,1.1695833333333332
2014-05-01 00:00:00 UTC,32,-1428,432914000,0.81236111111111109
2014-05-01 00:00:00 UTC,32,-1420,432914000,0.95680555555555546
2014-05-01 00:00:00 UTC,32,-1376,441660000,1.1927777777777777
2014-05-01 00:00:00 UTC,32,-1380,441660000,1.7623611111111113
2014-05-01 00:00:00 UTC,32,-1371,440966000,1.8559722222222224
2014-05-01 00:00:00 UTC,32,-383,224261000,1.03125
2014-05-01 00:00:00 UTC,32,1742,520218000,1.6840277777777775
2014-05-01 00:00:00 UTC,32,1746,520217000,0.88611111111111107
2014-05-01 00:00:00 UTC,32,-1514,440782000,4.8027777777777771
2014-05-01 00:00:00 UTC,32,-1512,440782000,1.6918055555555553
2014-05-01 00:00:00 UTC,32,-1513,440782000,0.97625
2014-05-01 00:00:00 UTC,32,-1507,441251000,0.44875
2014-05-01 00:00:00 UTC,32,-1514,441251000,1.1665277777777778
2014-05-01 00:00:00 UTC,32,-1510,440792000,1.2513888888888891
2014-05-01 00:00:00 UTC,32,-1504,440792000,2.3202777777777777
2014-05-01 00:00:00 UTC,32,-1508,440792000,1.6891666666666665
2014-05-01 00:00:00 UTC,32,-1505,440792000,2.6888888888888891
2014-05-01 00:00:00 UTC,32,-1514,440792000,3.6304166666666666
2014-05-01 00:00:00 UTC,32,-1513,440792000,1.1694444444444445
2014-05-01 00:00:00 UTC,32,-1503,440792000,1.6945833333333331
2014-05-01 00:00:00 UTC,32,-1512,440792000,0.9474999999999999
2014-05-01 00:00:00 UTC,32,-1509,440792000,0.84180555555555558
2014-05-01 00:00:00 UTC,32,-1511,440792000,1.6955555555555553
2014-05-01 00:00:00 UTC,32,-1507,440792000,1.548888888888889
2014-05-01 00:00:00 UTC,32,1782,440770000,2.1293055555555558
2014-05-01 00:00:00 UTC,32,1781,440770000,3.6802777777777775
2014-05-01 00:00:00 UTC,32,-1396,431938000,1.8472222222222223
2014-05-01 00:00:00 UTC,32,-1394,431938000,1.5038888888888891
2014-05-01 00:00:00 UTC,32,-1375,441015000,0.81805555555555554
2014-05-01 00:00:00 UTC,32,-1495,440641000,0.55125
2014-05-01 00:00:00 UTC,32,-1496,440641000,0.37916666666666665
2014-05-01 00:00:00 UTC,288,1220,412413184,0.59319444444444447
2014-05-01 00:00:00 UTC,288,1221,412413184,5.5733333333333333
2014-05-01 00:00:00 UTC,288,1227,412436484,1.4794444444444446
2014-05-01 00:00:00 UTC,288,1225,412418821,7.35625
2014-05-01 00:00:00 UTC,288,1228,412435973,0.49763888888888891
2014-05-01 00:00:00 UTC,288,1227,412435973,0.29652777777777778
2014-05-01 00:00:00 UTC,288,1231,412435464,9.8462500000000013
2014-05-01 00:00:00 UTC,288,1235,412436232,5.6344444444444441
2014-05-01 00:00:00 UTC,288,1236,412436232,1.2236111111111112
2014-05-01 00:00:00 UTC,288,1218,412411144,0.4029166666666667
2014-05-01 00:00:00 UTC,288,1219,412411144,0.4861111111111111
2014-05-01 00:00:00 UTC,288,1218,412411148,0.31236111111111109
2014-05-01 00:00:00 UTC,288,1221,412412942,2.1672222222222222
2014-05-01 00:00:00 UTC,288,1224,412436496,0.929861111111111
2014-05-01 00:00:00 UTC,288,1225,412436496,2.7779166666666666
2014-05-01 00:00:00 UTC,288,1224,412437783,2.0426388888888889
2014-05-01 00:00:00 UTC,288,1222,412412951,0.75611111111111118
2014-05-01 00:00:00 UTC,288,1225,412412188,2.9158333333333331
2014-05-01 00:00:00 UTC,288,1227,412436517,2.103472222222222
2014-05-01 00:00:00 UTC,288,1239,412412197,1.9559722222222224
2014-05-01 00:00:00 UTC,288,1240,412412197,6.5984722222222221
2014-05-01 00:00:00 UTC,288,1227,412417317,4.3808333333333334
2014-05-01 00:00:00 UTC,288,1227,412417318,5.8090277777777777
2014-05-01 00:00:00 UTC,288,1227,412416298,2.9630555555555556
2014-05-01 00:00:00 UTC,288,1235,412435499,0.32194444444444448
2014-05-01 00:00:00 UTC,288,1234,412435499,5.6452777777777774
2014-05-01 00:00:00 UTC,288,1234,412438315,6.900555555555556
2014-05-01 00:00:00 UTC,288,1236,412438315,6.1301388888888884
2014-05-01 00:00:00 UTC,288,1225,412436276,2.3254166666666665
2014-05-01 00:00:00 UTC,288,1224,412436276,1.9387499999999998
2014-05-01 00:00:00 UTC,288,1219,412436026,1.2711111111111109
2014-05-01 00:00:00 UTC,288,1222,412412986,3.2006944444444447
2014-05-01 00:00:00 UTC,288,1224,412436795,7.299722222222222
2014-05-01 00:00:00 UTC,288,1222,413025086,1.2886111111111112
2014-05-01 00:00:00 UTC,288,1223,413025086,4.271805555555555
2014-05-01 00:00:00 UTC,288,1222,412408901,2.737916666666667
2014-05-01 00:00:00 UTC,288,1221,412408901,5.0409722222222229
2014-05-01 00:00:00 UTC,288,1225,412435016,4.3425
2014-05-01 00:00:00 UTC,288,1229,412413257,8.5612500000000011
2014-05-01 00:00:00 UTC,288,1228,412413257,5.6348611111111113
2014-05-01 00:00:00 UTC,288,1230,412413257,3.5599999999999996
2014-05-01 00:00:00 UTC,288,1239,412436811,10.405
2014-05-01 00:00:00 UTC,288,1225,412435535,0.98347222222222219
2014-05-01 00:00:00 UTC,288,1226,412435535,3.9918055555555556
2014-05-01 00:00:00 UTC,288,1223,412435535,0.19569444444444445
2014-05-01 00:00:00 UTC,288,1224,412435535,3.766805555555556
2014-05-01 00:00:00 UTC,288,1224,412437333,1.5290277777777779
2014-05-01 00:00:00 UTC,288,1225,412436321,4.7593055555555557
2014-05-01 00:00:00 UTC,288,1224,412436321,1.7734722222222223
2014-05-01 00:00:00 UTC,288,1224,412436322,1.6188888888888888
2014-05-01 00:00:00 UTC,288,1225,412436322,4.3897222222222219
2014-05-01 00:00:00 UTC,288,1229,412413289,7.97638888888889
2014-05-01 00:00:00 UTC,288,1222,412414057,0.29208333333333336
2014-05-01 00:00:00 UTC,288,1220,412414057,0.69694444444444437
2014-05-01 00:00:00 UTC,288,1221,412414057,8.77375
2014-05-01 00:00:00 UTC,288,1223,412436078,3.2423611111111108
2014-05-01 00:00:00 UTC,288,1229,412413294,4.8419444444444446
2014-05-01 00:00:00 UTC,288,1230,412413294,4.8786111111111108
2014-05-01 00:00:00 UTC,288,1239,412437622,6.49625
2014-05-01 00:00:00 UTC,288,1221,412411516,2.8490277777777773
2014-05-01 00:00:00 UTC,288,1222,412411516,2.4875000000000003
2014-05-01 00:00:00 UTC,288,1229,412413308,12.265694444444442
2014-05-01 00:00:00 UTC,288,1218,412414077,16.164305555555558
2014-05-01 00:00:00 UTC,288,1227,412412543,5.4556944444444442
2014-05-01 00:00:00 UTC,288,1226,412412543,10.524444444444446
2014-05-01 00:00:00 UTC,288,1224,412435586,1.0881944444444445
2014-05-01 00:00:00 UTC,288,1225,412435586,3.6944444444444446
2014-05-01 00:00:00 UTC,288,1227,412438147,6.4579166666666667
2014-05-01 00:00:00 UTC,288,1225,412438147,6.3719444444444457
2014-05-01 00:00:00 UTC,288,1226,412438147,3.2338888888888886
2014-05-01 00:00:00 UTC,288,1225,412438148,8.6634722222222234
2014-05-01 00:00:00 UTC,288,1227,412438148,7.4515277777777778
2014-05-01 00:00:00 UTC,288,1228,412438148,0.17625
2014-05-01 00:00:00 UTC,288,1226,412438148,6.955
2014-05-01 00:00:00 UTC,288,1223,412435078,8.1879166666666663
2014-05-01 00:00:00 UTC,288,1223,412435079,1.5613888888888887
2014-05-01 00:00:00 UTC,288,1224,412412295,12.15
2014-05-01 00:00:00 UTC,288,1223,412412296,3.1601388888888886
2014-05-01 00:00:00 UTC,288,1224,412412296,7.8436111111111106
2014-05-01 00:00:00 UTC,288,1225,412437388,5.0918055555555553
2014-05-01 00:00:00 UTC,288,1222,412411789,2.5775
2014-05-01 00:00:00 UTC,288,1224,412437902,0.64611111111111108
2014-05-01 00:00:00 UTC,288,1225,412437902,0.69583333333333341
2014-05-01 00:00:00 UTC,288,1224,412437909,2.6584722222222221
2014-05-01 00:00:00 UTC,288,1225,412437909,4.9090277777777782
2014-05-01 00:00:00 UTC,288,1225,412418712,0.87958333333333338
2014-05-01 00:00:00 UTC,288,1226,412418712,13.748611111111112
2014-05-01 00:00:00 UTC,288,1224,412435097,8.2154166666666661
2014-05-01 00:00:00 UTC,288,1225,412437657,1.8899999999999997
2014-05-01 00:00:00 UTC,288,1224,412435098,3.80375
2014-05-01 00:00:00 UTC,288,1224,412438171,2.0798611111111112
2014-05-01 00:00:00 UTC,288,1225,412438171,2.6677777777777778
2014-05-01 00:00:00 UTC,288,1224,412438172,6.8649999999999993
2014-05-01 00:00:00 UTC,288,1228,412418717,11.880555555555555
2014-05-01 00:00:00 UTC,288,1228,412418725,0.22263888888888889
2014-05-01 00:00:00 UTC,288,1218,412411051,1.9758333333333331
2014-05-01 00:00:00 UTC,288,1217,412411051,0.48250000000000004
2014-05-01 00:00:00 UTC,288,1234,412437168,8.019861111111112
2014-05-01 00:00:00 UTC,288,1235,412437168,0.83583333333333332
2014-05-01 00:00:00 UTC,288,1226,412484017,19.292361111111116
2014-05-01 00:00:00 UTC,288,1226,412418995,6.3725
2014-05-01 00:00:00 UTC,288,1225,412436153,6.9584722222222206
2014-05-01 00:00:00 UTC,288,1228,412436409,1.9851388888888888
2014-05-01 00:00:00 UTC,288,1225,412436154,2.9609722222222223
2014-05-01 00:00:00 UTC,288,1224,412436154,1.3134722222222222
2014-05-01 00:00:00 UTC,288,1228,412436411,2.2516666666666665
2014-05-01 00:00:00 UTC,288,1224,412435132,0.89361111111111113
2014-05-01 00:00:00 UTC,288,1225,412435132,0.23055555555555557
2014-05-01 00:00:00 UTC,288,1225,412418751,3.4763888888888892
2014-05-01 00:00:00 UTC,288,1217,412411071,3.6836111111111109
2014-05-01 00:00:00 UTC,288,1225,412436161,3.7922222222222222
2014-05-01 00:00:00 UTC,288,1223,412437959,11.011944444444445
2014-05-01 00:00:00 UTC,288,1225,412437704,2.5630555555555552
2014-05-01 00:00:00 UTC,288,1224,412437705,0.74180555555555561
2014-05-01 00:00:00 UTC,288,1225,412437705,2.2281944444444446
2014-05-01 00:00:00 UTC,288,1228,412437705,2.2334722222222223
2014-05-01 00:00:00 UTC,288,1226,412419786,0.96097222222222223
2014-05-01 00:00:00 UTC,288,1231,412435147,0.48958333333333337
2014-05-01 00:00:00 UTC,288,1225,412436683,1.07125
2014-05-01 00:00:00 UTC,288,1226,412417229,9.4348611111111129
2014-05-01 00:00:00 UTC,288,1227,412417229,3.0909722222222218
2014-05-01 00:00:00 UTC,288,1225,412419799,2.8543055555555559
2014-05-01 00:00:00 UTC,288,1226,412438231,5.5202777777777783
2014-05-01 00:00:00 UTC,288,1223,412438231,0.79138888888888892
2014-05-01 00:00:00 UTC,288,1224,412438231,3.2705555555555548
2014-05-01 00:00:00 UTC,288,1225,412435674,1.9495833333333334
2014-05-01 00:00:00 UTC,288,1224,412435674,0.44986111111111116
2014-05-01 00:00:00 UTC,288,1224,412436698,1.7145833333333333
2014-05-01 00:00:00 UTC,288,1225,412436698,0.554861111111111
2014-05-01 00:00:00 UTC,288,1224,412435932,0.90347222222222212
2014-05-01 00:00:00 UTC,288,1225,412435932,0.41208333333333336
2014-05-01 00:00:00 UTC,288,1234,412436192,1.3009722222222222
2014-05-01 00:00:00 UTC,288,1235,412436192,4.4830555555555556
2014-05-01 00:00:00 UTC,288,1223,412437472,4.6197222222222214
2014-05-01 00:00:00 UTC,288,1225,412436449,1.2922222222222222
2014-05-01 00:00:00 UTC,288,1224,412436449,9.0708333333333329
2014-05-01 00:00:00 UTC,288,1223,412412133,0.19638888888888889
2014-05-01 00:00:00 UTC,288,1222,412412133,4.7880555555555553
2014-05-01 00:00:00 UTC,288,1223,412435176,0.48347222222222219
2014-05-01 00:00:00 UTC,288,1225,412435176,1.9622222222222221
2014-05-01 00:00:00 UTC,288,1224,412435176,2.9745833333333334
2014-05-01 00:00:00 UTC,288,1229,412413163,9.45583333333333
2014-05-01 00:00:00 UTC,288,1236,412438256,7.16125
2014-05-01 00:00:00 UTC,288,1224,412435955,1.38125
2014-05-01 00:00:00 UTC,288,1224,412436723,8.8115277777777763
2014-05-01 00:00:00 UTC,288,1224,412435956,1.4375
2014-05-01 00:00:00 UTC,288,1224,412436724,3.9854166666666666
2014-05-01 00:00:00 UTC,288,1225,412436724,3.4997222222222222
2014-05-01 00:00:00 UTC,288,1228,412418805,10.905694444444446
2014-05-01 00:00:00 UTC,288,1224,412432632,0.27486111111111111
2014-05-01 00:00:00 UTC,288,1223,412432632,3.9177777777777782
2014-05-01 00:00:00 UTC,288,1223,412412154,3.7175
2014-05-01 00:00:00 UTC,288,1224,412436734,1.17875
2014-05-01 00:00:00 UTC,288,1225,412436734,1.6791666666666667
2014-05-01 00:00:00 UTC,544,82,211625000,1.7779166666666666
2014-05-01 00:00:00 UTC,544,83,211317290,5.0833333333333339
2014-05-01 00:00:00 UTC,544,84,211317290,2.1272222222222226
2014-05-01 00:00:00 UTC,544,85,211317290,3.0784722222222221
2014-05-01 00:00:00 UTC,544,-38,235061052,0.55777777777777771
2014-05-01 00:00:00 UTC,544,-37,235061052,3.9961111111111105
2014-05-01 00:00:00 UTC,544,81,211386440,1.1136111111111111
2014-05-01 00:00:00 UTC,544,-38,235003785,4.1087500000000006
2014-05-01 00:00:00 UTC,544,-37,235003785,3.4259722222222222
2014-05-01 00:00:00 UTC,544,1440,273342630,3.8183333333333334
2014-05-01 00:00:00 UTC,544,-110,232006830,3.1619444444444444
2014-05-01 00:00:00 UTC,544,-109,232006830,13.919722222222219
2014-05-01 00:00:00 UTC,544,-37,235000765,1.0693055555555555
2014-05-01 00:00:00 UTC,544,-111,250142400,2.4375
2014-05-01 00:00:00 UTC,544,-5,235085777,0.72833333333333328
2014-05-01 00:00:00 UTC,544,-4,235085777,14.289027777777777
2014-05-01 00:00:00 UTC,-480,-611,701006144,2.2705555555555557
2014-05-01 00:00:00 UTC,-480,-610,701000867,11.699722222222222
2014-05-01 00:00:00 UTC,-480,-610,701000673,9.3122222222222231
2014-05-01 00:00:00 UTC,-480,-610,701000945,12.525555555555554
2014-05-01 00:00:00 UTC,-480,-610,701000959,1.4556944444444444
2014-05-01 00:00:00 UTC,-224,11,224578000,1.8083333333333333
2014-05-01 00:00:00 UTC,33,-1431,441812000,1.0180555555555555
2014-05-01 00:00:00 UTC,33,-1510,440788000,1.2902777777777779
2014-05-01 00:00:00 UTC,33,-1513,440788000,1.201111111111111
2014-05-01 00:00:00 UTC,33,-1512,440788000,0.90027777777777773
2014-05-01 00:00:00 UTC,33,-1511,440788000,1.6441666666666666
2014-05-01 00:00:00 UTC,33,-1514,440788000,2.7951388888888888
2014-05-01 00:00:00 UTC,33,-246,224286000,1.8927777777777777
2014-05-01 00:00:00 UTC,33,-1419,432914000,1.5220833333333332
2014-05-01 00:00:00 UTC,33,-1381,441660000,1.8213888888888889
2014-05-01 00:00:00 UTC,33,-1380,441660000,1.8291666666666666
2014-05-01 00:00:00 UTC,33,-216,224380000,3.4569444444444444
2014-05-01 00:00:00 UTC,33,-383,224261000,1.8368055555555556
2014-05-01 00:00:00 UTC,33,-384,224261000,1.8556944444444445
2014-05-01 00:00:00 UTC,33,-391,224261000,1.548888888888889
2014-05-01 00:00:00 UTC,33,1742,520218000,0.87722222222222213
2014-05-01 00:00:00 UTC,33,-1727,440623000,1.8022222222222224
2014-05-01 00:00:00 UTC,33,1746,520217000,1.2751388888888888
2014-05-01 00:00:00 UTC,33,-1507,441251000,3.3024999999999998
2014-05-01 00:00:00 UTC,33,-1514,441251000,0.96138888888888874
2014-05-01 00:00:00 UTC,33,-1508,441251000,0.8716666666666667
2014-05-01 00:00:00 UTC,33,1780,440770000,1.7470833333333333
2014-05-01 00:00:00 UTC,33,1781,440770000,0.86805555555555558
2014-05-01 00:00:00 UTC,33,1782,440770000,1.6669444444444446
2014-05-01 00:00:00 UTC,33,-1396,431938000,1.7551388888888888
2014-05-01 00:00:00 UTC,33,-1494,440641000,1.4276388888888889
2014-05-01 00:00:00 UTC,289,1222,412411906,24.276805555555558
2014-05-01 00:00:00 UTC,289,1234,412437251,7.8326388888888889
2014-05-01 00:00:00 UTC,289,1227,412436484,6.28736111111111
2014-05-01 00:00:00 UTC,289,1227,412435973,2.632222222222222
2014-05-01 00:00:00 UTC,289,1228,412435973,0.58680555555555558
2014-05-01 00:00:00 UTC,289,1232,412320007,2.0663888888888891
2014-05-01 00:00:00 UTC,289,1226,412435976,3.1886111111111113
2014-05-01 00:00:00 UTC,289,1226,412437512,2.9825
2014-05-01 00:00:00 UTC,289,1218,412411144,4.2825000000000006
2014-05-01 00:00:00 UTC,289,1219,412411144,3.5740277777777778
2014-05-01 00:00:00 UTC,289,1233,412436234,1.955
2014-05-01 00:00:00 UTC,289,1234,412436234,9.056805555555556
2014-05-01 00:00:00 UTC,289,1218,412411148,5.6272222222222208
2014-05-01 00:00:00 UTC,289,1224,412436496,9.6075
2014-05-01 00:00:00 UTC,289,1225,412436496,1.6377777777777776
2014-05-01 00:00:00 UTC,289,1231,412435734,1.1873611111111111
2014-05-01 00:00:00 UTC,289,1224,412437783,7.5276388888888892
2014-05-01 00:00:00 UTC,289,1225,412412188,4.13875
2014-05-01 00:00:00 UTC,289,1228,412436517,4.3545833333333324
2014-05-01 00:00:00 UTC,289,1224,412437797,2.7690277777777776
2014-05-01 00:00:00 UTC,289,1235,412435499,6.3276388888888881
2014-05-01 00:00:00 UTC,289,1223,412415531,0.67847222222222214
2014-05-01 00:00:00 UTC,289,1231,412421425,2.77625
2014-05-01 00:00:00 UTC,289,1229,412437043,1.1541666666666666
2014-05-01 00:00:00 UTC,289,1231,412437043,1.6136111111111111
2014-05-01 00:00:00 UTC,289,1230,412437043,1.8540277777777776
2014-05-01 00:00:00 UTC,289,1224,412436276,0.6025
2014-05-01 00:00:00 UTC,289,1225,412436276,2.1308333333333334
2014-05-01 00:00:00 UTC,289,1219,412436026,2.1493055555555554
2014-05-01 00:00:00 UTC,289,1222,412412986,3.5398611111111107
2014-05-01 00:00:00 UTC,289,1224,412436795,0.74958333333333327
2014-05-01 00:00:00 UTC,289,1223,413025086,2.041666666666667
2014-05-01 00:00:00 UTC,289,1224,413025086,0.89055555555555554
2014-05-01 00:00:00 UTC,289,1225,412435016,2.393472222222222
2014-05-01 00:00:00 UTC,289,1225,412435535,0.49875
2014-05-01 00:00:00 UTC,289,1226,412435535,4.1155555555555559
2014-05-01 00:00:00 UTC,289,1223,412435535,2.36125
2014-05-01 00:00:00 UTC,289,1224,412435535,2.5581944444444447
2014-05-01 00:00:00 UTC,289,1228,412436303,7.183472222222222
2014-05-01 00:00:00 UTC,289,1231,412435025,5.4045833333333331
2014-05-01 00:00:00 UTC,289,1222,412435538,15.081527777777779
2014-05-01 00:00:00 UTC,289,1224,412437333,5.2276388888888885
2014-05-01 00:00:00 UTC,289,1229,412435799,5.0372222222222218
2014-05-01 00:00:00 UTC,289,1221,412437852,1.0002777777777778
2014-05-01 00:00:00 UTC,289,1231,412422753,8.7255555555555553
2014-05-01 00:00:00 UTC,289,1224,412436321,2.7743055555555558
2014-05-01 00:00:00 UTC,289,1227,412436322,2.1472222222222221
2014-05-01 00:00:00 UTC,289,1224,412436322,2.2281944444444441
2014-05-01 00:00:00 UTC,289,1225,412436322,1.4269444444444446
2014-05-01 00:00:00 UTC,289,1224,412437858,12.060694444444449
2014-05-01 00:00:00 UTC,289,1222,412418406,4.6569444444444441
2014-05-01 00:00:00 UTC,289,1231,412435307,3.5613888888888887
2014-05-01 00:00:00 UTC,289,1231,412436332,5.9780555555555557
2014-05-01 00:00:00 UTC,289,1227,412435309,0.63430555555555568
2014-05-01 00:00:00 UTC,289,1223,412436078,16.172222222222224
2014-05-01 00:00:00 UTC,289,1232,412436857,10.674583333333333
2014-05-01 00:00:00 UTC,289,1233,412436857,0.19597222222222221
2014-05-01 00:00:00 UTC,289,1226,412412543,2.1394444444444445
2014-05-01 00:00:00 UTC,289,1227,412412543,3.7320833333333336
2014-05-01 00:00:00 UTC,289,1225,412435586,1.3516666666666666
2014-05-01 00:00:00 UTC,289,1224,412435586,3.2363888888888885
2014-05-01 00:00:00 UTC,289,1233,412436354,6.9387500000000006
2014-05-01 00:00:00 UTC,289,1226,412438147,1.1222222222222222
2014-05-01 00:00:00 UTC,289,1227,412438147,0.34013888888888888
2014-05-01 00:00:00 UTC,289,1223,412435078,0.772638888888889
2014-05-01 00:00:00 UTC,289,1223,412435079,3.0433333333333334
2014-05-01 00:00:00 UTC,289,1224,412412295,2.6726388888888888
2014-05-01 00:00:00 UTC,289,1223,412412295,1.4858333333333333
2014-05-01 00:00:00 UTC,289,1231,412436616,8.9522222222222219
2014-05-01 00:00:00 UTC,289,1223,412412296,1.6205555555555557
2014-05-01 00:00:00 UTC,289,1224,412412296,3.3940277777777776
2014-05-01 00:00:00 UTC,289,1225,412437388,1.2086111111111111
2014-05-01 00:00:00 UTC,289,1224,412437388,3.6877777777777778
2014-05-01 00:00:00 UTC,289,1225,412437902,2.2241666666666666
2014-05-01 00:00:00 UTC,289,1224,412437902,0.80708333333333337
2014-05-01 00:00:00 UTC,289,1231,412438164,2.7795833333333331
2014-05-01 00:00:00 UTC,289,1224,412437909,0.3925
2014-05-01 00:00:00 UTC,289,1233,412436886,6.528888888888889
2014-05-01 00:00:00 UTC,289,1233,412436887,3.9794444444444448
2014-05-01 00:00:00 UTC,289,1234,412436887,3.0894444444444447
2014-05-01 00:00:00 UTC,289,1225,412418712,4.5573611111111116
2014-05-01 00:00:00 UTC,289,1226,412418712,0.32805555555555554
2014-05-01 00:00:00 UTC,289,1225,412436376,0.66375000000000006
2014-05-01 00:00:00 UTC,289,1224,412435097,3.3638888888888889
2014-05-01 00:00:00 UTC,289,1225,412436377,0.46458333333333335
2014-05-01 00:00:00 UTC,289,1225,412437657,3.3973611111111115
2014-05-01 00:00:00 UTC,289,1224,412435098,3.5215277777777776
2014-05-01 00:00:00 UTC,289,1219,412435866,2.4665277777777774
2014-05-01 00:00:00 UTC,289,1220,412435866,7.5845833333333328
2014-05-01 00:00:00 UTC,289,1224,412436122,0.27875
2014-05-01 00:00:00 UTC,289,1230,412436384,5.71
2014-05-01 00:00:00 UTC,289,1234,412437154,0.5
2014-05-01 00:00:00 UTC,289,1233,412437154,5.425
2014-05-01 00:00:00 UTC,289,1228,412438946,2.5363888888888888
2014-05-01 00:00:00 UTC,289,1228,412418725,2.1884722222222224
2014-05-01 00:00:00 UTC,289,1219,998500268,2.4490277777777774
2014-05-01 00:00:00 UTC,289,1230,412436141,9.90638888888889
2014-05-01 00:00:00 UTC,289,1228,412436916,10.223194444444445
2014-05-01 00:00:00 UTC,289,1228,412436409,6.0015277777777785
2014-05-01 00:00:00 UTC,289,1231,412435386,4.5794444444444444
2014-05-01 00:00:00 UTC,289,1225,412436154,1.2544444444444445
2014-05-01 00:00:00 UTC,289,1231,412436411,4.8963888888888887
2014-05-01 00:00:00 UTC,289,1228,412436411,6.3844444444444441
2014-05-01 00:00:00 UTC,289,1224,412435132,1.0190277777777779
2014-05-01 00:00:00 UTC,289,1225,412435132,2.2276388888888889
2014-05-01 00:00:00 UTC,289,1226,412435132,0.64152777777777781
2014-05-01 00:00:00 UTC,289,1227,412435132,4.7386111111111111
2014-05-01 00:00:00 UTC,289,1228,412435132,5.4594444444444443
2014-05-01 00:00:00 UTC,289,1225,412436161,0.78125
2014-05-01 00:00:00 UTC,289,1224,412436161,2.0569444444444445
2014-05-01 00:00:00 UTC,289,1231,412437955,0.29458333333333331
2014-05-01 00:00:00 UTC,289,1228,412436423,3.2597222222222224
2014-05-01 00:00:00 UTC,289,1223,412437959,4.1591666666666667
2014-05-01 00:00:00 UTC,289,1224,412437959,1.3236111111111111
2014-05-01 00:00:00 UTC,289,1225,412437704,9.1845833333333324
2014-05-01 00:00:00 UTC,289,1231,412436425,8.5843055555555559
2014-05-01 00:00:00 UTC,289,1225,412437705,4.8469444444444454
2014-05-01 00:00:00 UTC,289,1226,412419786,2.6762500000000005
2014-05-01 00:00:00 UTC,289,1225,412436683,2.0868055555555554
2014-05-01 00:00:00 UTC,289,1228,412436174,6.3001388888888892
2014-05-01 00:00:00 UTC,289,1228,412437718,7.0363888888888892
2014-05-01 00:00:00 UTC,289,1224,412438231,3.2980555555555551
2014-05-01 00:00:00 UTC,289,1223,412438231,0.88833333333333342
2014-05-01 00:00:00 UTC,289,1225,412435674,1.7861111111111112
2014-05-01 00:00:00 UTC,289,1224,412435674,2.5452777777777778
2014-05-01 00:00:00 UTC,289,1225,412436698,10.745833333333334
2014-05-01 00:00:00 UTC,289,1224,412436698,3.4727777777777771
2014-05-01 00:00:00 UTC,289,1225,412435932,1.0416666666666667
2014-05-01 00:00:00 UTC,289,1224,412435932,6.6461111111111126
2014-05-01 00:00:00 UTC,289,1231,412437213,4.17375
2014-05-01 00:00:00 UTC,289,1232,412436192,1.5995833333333331
2014-05-01 00:00:00 UTC,289,1233,412436192,2.3641666666666667
2014-05-01 00:00:00 UTC,289,1223,412437472,6.3729166666666668
2014-05-01 00:00:00 UTC,289,1225,412436449,1.8725
2014-05-01 00:00:00 UTC,289,1224,412436449,3.5976388888888891
2014-05-01 00:00:00 UTC,289,1231,412437987,9.2259722222222216
2014-05-01 00:00:00 UTC,289,1224,412435176,3.7388888888888894
2014-05-01 00:00:00 UTC,289,1225,412435176,1.9522222222222223
2014-05-01 00:00:00 UTC,289,1223,412435176,0.23805555555555558
2014-05-01 00:00:00 UTC,289,1231,412436203,0.10847222222222222
2014-05-01 00:00:00 UTC,289,1224,412435955,1.8379166666666666
2014-05-01 00:00:00 UTC,289,1228,412435955,3.7808333333333333
2014-05-01 00:00:00 UTC,289,1224,412436723,5.714722222222222
2014-05-01 00:00:00 UTC,289,1224,412435956,1.4080555555555556
2014-05-01 00:00:00 UTC,289,1224,412436724,1.4352777777777777
2014-05-01 00:00:00 UTC,289,1224,412432632,3.4781944444444441
2014-05-01 00:00:00 UTC,289,1223,412412154,11.452083333333333
2014-05-01 00:00:00 UTC,289,1231,412436731,0.60833333333333339
2014-05-01 00:00:00 UTC,289,1219,412438013,0.60444444444444445
2014-05-01 00:00:00 UTC,289,1225,412436734,0.63666666666666671
2014-05-01 00:00:00 UTC,289,1224,412436734,14.462777777777779
2014-05-01 00:00:00 UTC,545,13,219125000,7.5502777777777785
2014-05-01 00:00:00 UTC,545,80,211510290,0.9343055555555555
2014-05-01 00:00:00 UTC,545,82,211625000,1.1261111111111111
2014-05-01 00:00:00 UTC,545,80,211625000,1.5419444444444443
2014-05-01 00:00:00 UTC,545,81,211625000,1.6058333333333334
2014-05-01 00:00:00 UTC,545,79,211625000,1.7880555555555557
2014-05-01 00:00:00 UTC,545,76,246184000,0.2326388888888889
2014-05-01 00:00:00 UTC,545,77,246184000,12.040972222222226
2014-05-01 00:00:00 UTC,545,78,246184000,0.82513888888888887
2014-05-01 00:00:00 UTC,545,81,211386440,5.5183333333333335
2014-05-01 00:00:00 UTC,545,79,211815000,0.20986111111111111
2014-05-01 00:00:00 UTC,545,-108,225382000,8.5625000000000018
2014-05-01 00:00:00 UTC,545,-107,225382000,0.73097222222222225
2014-05-01 00:00:00 UTC,545,-109,225382000,14.884444444444444
2014-05-01 00:00:00 UTC,545,80,211245680,1.0713888888888889
2014-05-01 00:00:00 UTC,545,78,211245680,0.6677777777777778
2014-05-01 00:00:00 UTC,545,79,211245680,1.4815277777777778
2014-05-01 00:00:00 UTC,545,80,218299000,3.2108333333333334
2014-05-01 00:00:00 UTC,545,79,218299000,2.0011111111111113
2014-05-01 00:00:00 UTC,545,12,220453000,9.6133333333333351
2014-05-01 00:00:00 UTC,545,12,219386000,14.465972222222222
2014-05-01 00:00:00 UTC,545,11,219386000,3.2594444444444441
2014-05-01 00:00:00 UTC,545,-109,232006830,0.45125
2014-05-01 00:00:00 UTC,545,-181,224622000,7.2283333333333326
2014-05-01 00:00:00 UTC,545,-180,224622000,0.75347222222222221
2014-05-01 00:00:00 UTC,545,80,211747000,2.5568055555555551
2014-05-01 00:00:00 UTC,545,79,211747000,11.100138888888887
2014-05-01 00:00:00 UTC,545,13,220461000,3.5191666666666666
2014-05-01 00:00:00 UTC,545,12,220461000,7.5659722222222214
2014-05-01 00:00:00 UTC,545,12,219446000,3.3126388888888889
2014-05-01 00:00:00 UTC,545,13,219446000,6.4875000000000007
2014-05-01 00:00:00 UTC,-479,723,618000500,13.776666666666667
2014-05-01 00:00:00 UTC,-479,724,618000500,3.8584722222222219
2014-05-01 00:00:00 UTC,-479,725,618000500,0.20986111111111111
2014-05-01 00:00:00 UTC,-479,-610,701000867,13.250138888888889
2014-05-01 00:00:00 UTC,-479,-610,701000875,5.5244444444444456
2014-05-01 00:00:00 UTC,-479,-611,701000875,6.4108333333333327
2014-05-01 00:00:00 UTC,-479,-611,701000632,10.921944444444444
2014-05-01 00:00:00 UTC,-479,-610,701000908,13.191527777777779
2014-05-01 00:00:00 UTC,-479,-610,701000672,14.184444444444445
2014-05-01 00:00:00 UTC,-479,-610,701000945,1.6718055555555553
2014-05-01 00:00:00 UTC,34,-1431,441812000,0.4916666666666667
2014-05-01 00:00:00 UTC,34,-247,224286000,1.8333333333333333
2014-05-01 00:00:00 UTC,34,-377,224132670,1.8918055555555555
2014-05-01 00:00:00 UTC,34,-1526,441650000,1.6969444444444444
2014-05-01 00:00:00 UTC,34,-1419,432914000,1.7468055555555555
2014-05-01 00:00:00 UTC,34,-1380,441660000,1.4672222222222222
2014-05-01 00:00:00 UTC,34,-1371,440966000,0.93069444444444449
2014-05-01 00:00:00 UTC,34,-1392,432475000,3.6334722222222222
2014-05-01 00:00:00 UTC,34,-391,224261000,1.4448611111111109
2014-05-01 00:00:00 UTC,34,1742,520218000,1.33125
2014-05-01 00:00:00 UTC,34,-1729,440623000,1.8980555555555556
2014-05-01 00:00:00 UTC,34,-1728,440623000,1.7659722222222223
2014-05-01 00:00:00 UTC,34,-1732,440623000,0.85319444444444448
2014-05-01 00:00:00 UTC,34,-1730,440623000,1.6605555555555556
2014-05-01 00:00:00 UTC,34,1746,520217000,4.6315277777777784
2014-05-01 00:00:00 UTC,34,1747,520217000,4.6765277777777774
2014-05-01 00:00:00 UTC,34,-1511,441251000,3.4822222222222221
2014-05-01 00:00:00 UTC,34,-1514,441251000,1.8690277777777777
2014-05-01 00:00:00 UTC,34,-1509,441251000,1.56625
2014-05-01 00:00:00 UTC,34,-1512,441251000,1.2573611111111112
2014-05-01 00:00:00 UTC,34,-1508,441251000,1.7695833333333333
2014-05-01 00:00:00 UTC,34,-1513,441251000,1.6809722222222223
2014-05-01 00:00:00 UTC,34,-1510,441251000,0.827361111111111
2014-05-01 00:00:00 UTC,34,-1504,440792000,0.82791666666666663
2014-05-01 00:00:00 UTC,34,1779,440770000,4.9788888888888891
2014-05-01 00:00:00 UTC,34,1773,440770000,2.125
2014-05-01 00:00:00 UTC,34,1782,440770000,1.629027777777778
2014-05-01 00:00:00 UTC,34,1781,440770000,3.0309722222222222
2014-05-01 00:00:00 UTC,34,-1396,431938000,2.2886111111111109
2014-05-01 00:00:00 UTC,34,-1375,441015000,1.2972222222222223
2014-05-01 00:00:00 UTC,34,-1490,440641000,1.8520833333333333
2014-05-01 00:00:00 UTC,34,-1488,440641000,1.7004166666666667
2014-05-01 00:00:00 UTC,34,-1492,440641000,3.5883333333333334
2014-05-01 00:00:00 UTC,34,-1489,440641000,1.5625
2014-05-01 00:00:00 UTC,34,-1371,441014000,1.5119444444444445
2014-05-01 00:00:00 UTC,34,-1372,441014000,2.4781944444444441
2014-05-01 00:00:00 UTC,34,-1370,441014000,1.8631944444444444
2014-05-01 00:00:00 UTC,34,-1374,441014000,1.8916666666666666
2014-05-01 00:00:00 UTC,34,-1369,441014000,2.7183333333333337
2014-05-01 00:00:00 UTC,34,-1373,441014000,1.8834722222222222
2014-05-01 00:00:00 UTC,290,1231,412435713,0.90708333333333335
2014-05-01 00:00:00 UTC,290,1227,412435973,0.37124999999999997
2014-05-01 00:00:00 UTC,290,1227,412438023,5.510416666666667
2014-05-01 00:00:00 UTC,290,1232,412320007,1.0918055555555555
2014-05-01 00:00:00 UTC,290,1229,412435464,7.4390277777777776
2014-05-01 00:00:00 UTC,290,1226,412435976,11.379583333333333
2014-05-01 00:00:00 UTC,290,1226,412437512,1.2584722222222222
2014-05-01 00:00:00 UTC,290,1221,412400138,4.1776388888888887
2014-05-01 00:00:00 UTC,290,1222,412400138,0.88375
2014-05-01 00:00:00 UTC,290,1230,413056010,2.9580555555555552
2014-05-01 00:00:00 UTC,290,1231,412417546,3.1363888888888889
2014-05-01 00:00:00 UTC,290,1230,412436493,4.8351388888888893
2014-05-01 00:00:00 UTC,290,1231,412437006,6.00263888888889
2014-05-01 00:00:00 UTC,290,1228,412436496,6.5027777777777782
2014-05-01 00:00:00 UTC,290,1232,412435734,2.7622222222222224
2014-05-01 00:00:00 UTC,290,1225,412412188,2.455
2014-05-01 00:00:00 UTC,290,1232,412436512,2.2693055555555559
2014-05-01 00:00:00 UTC,290,1225,412435492,5.4401388888888889
2014-05-01 00:00:00 UTC,290,1225,412435493,16.512916666666666
2014-05-01 00:00:00 UTC,290,1228,412436517,1.112638888888889
2014-05-01 00:00:00 UTC,290,1228,412436264,7.1634722222222225
2014-05-01 00:00:00 UTC,290,1225,412413483,2.0704166666666666
2014-05-01 00:00:00 UTC,290,1223,412415531,5.7268055555555559
2014-05-01 00:00:00 UTC,290,1231,412436014,3.419027777777778
2014-05-01 00:00:00 UTC,290,1229,412421425,4.6591666666666667
2014-05-01 00:00:00 UTC,290,1231,412437043,1.3719444444444444
2014-05-01 00:00:00 UTC,290,1223,412435254,1.6365277777777778
2014-05-01 00:00:00 UTC,290,1224,412435254,1.1365277777777778
2014-05-01 00:00:00 UTC,290,1228,412437817,3.6083333333333334
2014-05-01 00:00:00 UTC,290,1223,413025086,0.64194444444444443
2014-05-01 00:00:00 UTC,290,1224,413025086,4.773194444444445
2014-05-01 00:00:00 UTC,290,1224,412418623,2.2344444444444447
2014-05-01 00:00:00 UTC,290,1222,412435531,3.7436111111111114
2014-05-01 00:00:00 UTC,290,1224,412435535,2.4101388888888891
2014-05-01 00:00:00 UTC,290,1231,412436303,10.007361111111111
2014-05-01 00:00:00 UTC,290,1231,412435025,1.6934722222222223
2014-05-01 00:00:00 UTC,290,1228,412435025,2.0655555555555556
2014-05-01 00:00:00 UTC,290,1231,412436307,5.362222222222222
2014-05-01 00:00:00 UTC,290,1226,412437333,1.27
2014-05-01 00:00:00 UTC,290,1228,412435799,7.2918055555555554
2014-05-01 00:00:00 UTC,290,1228,412437338,0.47152777777777777
2014-05-01 00:00:00 UTC,290,1222,997752922,7.83125
2014-05-01 00:00:00 UTC,290,1224,412436571,5.009444444444445
2014-05-01 00:00:00 UTC,290,1225,412413531,0.60513888888888889
2014-05-01 00:00:00 UTC,290,1226,412413531,1.7184722222222222
2014-05-01 00:00:00 UTC,290,1225,412320861,2.3294444444444444
2014-05-01 00:00:00 UTC,290,1228,412422753,3.5859722222222219
2014-05-01 00:00:00 UTC,290,1227,412435553,4.3940277777777776
2014-05-01 00:00:00 UTC,290,1225,412436321,1.1613888888888888
2014-05-01 00:00:00 UTC,290,1227,412436322,6.4916666666666663
2014-05-01 00:00:00 UTC,290,1225,412436322,5.9508333333333336
2014-05-01 00:00:00 UTC,290,1231,412413795,2.6081944444444445
2014-05-01 00:00:00 UTC,290,1230,412413796,3.2244444444444449
2014-05-01 00:00:00 UTC,290,1222,412418406,1.4834722222222223
2014-05-01 00:00:00 UTC,290,1217,412572008,0.43597222222222221
2014-05-01 00:00:00 UTC,290,1231,412435307,0.21458333333333332
2014-05-01 00:00:00 UTC,290,1231,412436332,1.3093055555555555
2014-05-01 00:00:00 UTC,290,1228,412436332,5.5825000000000005
2014-05-01 00:00:00 UTC,290,1227,412435309,0.14611111111111111
2014-05-01 00:00:00 UTC,290,1228,412435309,4.2495833333333337
2014-05-01 00:00:00 UTC,290,1224,412436078,1.6255555555555556
2014-05-01 00:00:00 UTC,290,1223,412436078,0.46902777777777777
2014-05-01 00:00:00 UTC,290,1231,412437107,1.778888888888889
2014-05-01 00:00:00 UTC,290,1227,412437883,4.4313888888888888
2014-05-01 00:00:00 UTC,290,1227,412438147,5.3620833333333335
2014-05-01 00:00:00 UTC,290,1231,412435076,0.57694444444444448
2014-05-01 00:00:00 UTC,290,1232,412435076,6.3433333333333328
2014-05-01 00:00:00 UTC,290,1224,412412295,0.80986111111111114
2014-05-01 00:00:00 UTC,290,1223,412412295,4.7730555555555556
2014-05-01 00:00:00 UTC,290,1224,412412296,0.55680555555555555
2014-05-01 00:00:00 UTC,290,1223,412412296,2.6448611111111111
2014-05-01 00:00:00 UTC,290,1225,412436376,4.470416666666666
2014-05-01 00:00:00 UTC,290,1225,412436377,4.9736111111111114
2014-05-01 00:00:00 UTC,290,1219,412435866,0.2026388888888889
2014-05-01 00:00:00 UTC,290,1224,412436122,1.5845833333333332
2014-05-01 00:00:00 UTC,290,1230,412436634,4.7233333333333327
2014-05-01 00:00:00 UTC,290,1228,412436634,2.3316666666666666
2014-05-01 00:00:00 UTC,290,1231,412327834,6.7794444444444446
2014-05-01 00:00:00 UTC,290,1220,412436891,18.939583333333331
2014-05-01 00:00:00 UTC,290,1228,412437659,3.9962500000000007
2014-05-01 00:00:00 UTC,290,1224,412438171,1.67
2014-05-01 00:00:00 UTC,290,1237,412099998,9.6487500000000015
2014-05-01 00:00:00 UTC,290,1229,412436384,5.0651388888888889
2014-05-01 00:00:00 UTC,290,1231,412436384,1.7943055555555554
2014-05-01 00:00:00 UTC,290,1228,412438946,2.3370833333333332
2014-05-01 00:00:00 UTC,290,1220,998500268,1.8638888888888889
2014-05-01 00:00:00 UTC,290,1230,412435887,4.2947222222222221
2014-05-01 00:00:00 UTC,290,1227,413200819,4.8159722222222223
2014-05-01 00:00:00 UTC,290,1224,412436154,8.6981944444444448
2014-05-01 00:00:00 UTC,290,1231,412436411,5.034305555555556
2014-05-01 00:00:00 UTC,290,1227,412435132,0.68805555555555564
2014-05-01 00:00:00 UTC,290,1226,412435132,0.86833333333333329
2014-05-01 00:00:00 UTC,290,1225,412436161,7.6645833333333329
2014-05-01 00:00:00 UTC,290,1228,412437955,9.3866666666666685
2014-05-01 00:00:00 UTC,290,1229,412413636,12.109722222222221
2014-05-01 00:00:00 UTC,290,1228,412436423,2.6736111111111107
2014-05-01 00:00:00 UTC,290,1226,412400328,1.3129166666666667
2014-05-01 00:00:00 UTC,290,1227,412400328,0.44583333333333336
2014-05-01 00:00:00 UTC,290,1227,412436937,1.5718055555555557
2014-05-01 00:00:00 UTC,290,1226,412437705,5.806111111111111
2014-05-01 00:00:00 UTC,290,1225,412436683,0.21736111111111112
2014-05-01 00:00:00 UTC,290,1222,412400076,3.0769444444444445
2014-05-01 00:00:00 UTC,290,1224,998500047,9.5608333333333331
2014-05-01 00:00:00 UTC,290,1231,412418769,7.095416666666666
2014-05-01 00:00:00 UTC,290,1225,412437461,5.4706944444444447
2014-05-01 00:00:00 UTC,290,1224,412438231,1.1259722222222222
2014-05-01 00:00:00 UTC,290,1223,412438231,0.74291666666666667
2014-05-01 00:00:00 UTC,290,1225,412435674,4.4958333333333327
2014-05-01 00:00:00 UTC,290,1223,412436698,1.1038888888888889
2014-05-01 00:00:00 UTC,290,-947,367493850,15.316249999999998
2014-05-01 00:00:00 UTC,290,-948,367493850,6.4661111111111111
2014-05-01 00:00:00 UTC,290,1232,412437213,1.4884722222222222
2014-05-01 00:00:00 UTC,290,1231,412437213,1.2279166666666665
2014-05-01 00:00:00 UTC,290,1228,412435167,1.0588888888888888
2014-05-01 00:00:00 UTC,290,1231,412435935,7.3479166666666664
2014-05-01 00:00:00 UTC,290,1231,412400865,4.6190277777777782
2014-05-01 00:00:00 UTC,290,1231,412436199,4.3204166666666666
2014-05-01 00:00:00 UTC,290,1228,412435176,4.8081944444444442
2014-05-01 00:00:00 UTC,290,1226,412435176,4.4869444444444442
2014-05-01 00:00:00 UTC,290,1223,412435182,0.35986111111111113
2014-05-01 00:00:00 UTC,290,1228,412435186,7.6927777777777777
2014-05-01 00:00:00 UTC,290,1224,412435955,1.7348611111111112
2014-05-01 00:00:00 UTC,290,1228,412435955,0.98944444444444446
2014-05-01 00:00:00 UTC,290,1231,412436467,5.0579166666666664
2014-05-01 00:00:00 UTC,290,1228,412435956,1.2708333333333335
2014-05-01 00:00:00 UTC,290,1224,412435956,1.6215277777777777
2014-05-01 00:00:00 UTC,290,1231,412436731,3.2705555555555557
2014-05-01 00:00:00 UTC,290,1227,412436221,7.015
2014-05-01 00:00:00 UTC,290,1219,412438013,2.6475
2014-05-01 00:00:00 UTC,290,1228,412435966,9.6490277777777784
2014-05-01 00:00:00 UTC,546,11,219125000,8.6666666666666661
2014-05-01 00:00:00 UTC,546,80,211510290,7.5373611111111121
2014-05-01 00:00:00 UTC,546,79,211510290,6.816527777777778
2014-05-01 00:00:00 UTC,546,81,211510290,2.38
2014-05-01 00:00:00 UTC,546,101,211519000,8.1484722222222228
2014-05-01 00:00:00 UTC,546,80,211625000,3.7458333333333336
2014-05-01 00:00:00 UTC,546,81,211625000,3.4230555555555555
2014-05-01 00:00:00 UTC,546,79,211625000,3.4336111111111109
2014-05-01 00:00:00 UTC,546,77,246184000,10.656111111111112
2014-05-01 00:00:00 UTC,546,78,246184000,0.21152777777777776
2014-05-01 00:00:00 UTC,546,79,211815000,2.8470833333333339
2014-05-01 00:00:00 UTC,546,60,246161000,1.3202777777777777
2014-05-01 00:00:00 UTC,546,80,211325290,0.46611111111111114
2014-05-01 00:00:00 UTC,546,78,211325290,4.9180555555555561
2014-05-01 00:00:00 UTC,546,79,211325290,7.4793055555555563
2014-05-01 00:00:00 UTC,546,78,211245680,5.0848611111111106
2014-05-01 00:00:00 UTC,546,79,211245680,9.3416666666666686
2014-05-01 00:00:00 UTC,546,78,211319670,2.6390277777777778
2014-05-01 00:00:00 UTC,546,79,211319670,10.465555555555557
2014-05-01 00:00:00 UTC,546,-59,250000511,5.2262500000000012
2014-05-01 00:00:00 UTC,546,81,211161000,1.7505555555555554
2014-05-01 00:00:00 UTC,546,80,211161000,3.2619444444444445
2014-05-01 00:00:00 UTC,546,-180,224622000,0.15847222222222221
2014-05-01 00:00:00 UTC,546,80,211747000,14.832777777777778
2014-05-01 00:00:00 UTC,546,79,211159000,17.403194444444445
2014-05-01 00:00:00 UTC,-478,-610,470100540,8.5918055555555561
2014-05-01 00:00:00 UTC,-478,-609,470100540,3.1302777777777777
2014-05-01 00:00:00 UTC,-478,-610,701006151,7.140833333333334
2014-05-01 00:00:00 UTC,-478,724,618000500,0.73194444444444451
2014-05-01 00:00:00 UTC,-478,723,618000500,4.0327777777777776
2014-05-01 00:00:00 UTC,-478,722,618000500,3.8058333333333332
2014-05-01 00:00:00 UTC,-478,-610,701000631,12.499861111111112
2014-05-01 00:00:00 UTC,-222,1142,503711500,3.6806944444444443
2014-05-01 00:00:00 UTC,-222,1141,503711500,4.9598611111111115
2014-05-01 00:00:00 UTC,35,-1431,441812000,0.82361111111111107
2014-05-01 00:00:00 UTC,35,-247,224286000,5.4791666666666661
2014-05-01 00:00:00 UTC,35,-377,224132670,1.7318055555555554
2014-05-01 00:00:00 UTC,35,-1420,432914000,1.8540277777777778
2014-05-01 00:00:00 UTC,35,-1380,441660000,1.66
2014-05-01 00:00:00 UTC,35,-1376,441660000,2.0062499999999996
2014-05-01 00:00:00 UTC,35,-212,224380000,3.9569444444444444
2014-05-01 00:00:00 UTC,35,-1371,440966000,1.0348611111111112
2014-05-01 00:00:00 UTC,35,-1391,432475000,1.5081944444444444
2014-05-01 00:00:00 UTC,35,-390,224261000,2.9898611111111113
2014-05-01 00:00:00 UTC,35,1741,520218000,4.5951388888888891
2014-05-01 00:00:00 UTC,35,1742,520218000,4.7016666666666662
2014-05-01 00:00:00 UTC,35,-1730,440623000,0.92472222222222222
2014-05-01 00:00:00 UTC,35,-1731,440623000,3.2081944444444446
2014-05-01 00:00:00 UTC,35,-1732,440623000,4.6118055555555557
2014-05-01 00:00:00 UTC,35,-1733,440623000,1.88125
2014-05-01 00:00:00 UTC,35,-1504,440792000,1.2829166666666665
2014-05-01 00:00:00 UTC,35,1778,440770000,0.95430555555555552
2014-05-01 00:00:00 UTC,35,1773,440770000,0.83583333333333343
2014-05-01 00:00:00 UTC,35,-1396,431938000,1.3619444444444446
2014-05-01 00:00:00 UTC,35,-1375,441015000,0.87333333333333329
2014-05-01 00:00:00 UTC,35,-1488,440641000,0.82916666666666661
2014-05-01 00:00:00 UTC,35,-1487,440641000,1.2405555555555554
2014-05-01 00:00:00 UTC,35,-1372,441014000,1.4654166666666666
2014-05-01 00:00:00 UTC,291,1231,412435713,0.79263888888888889
2014-05-01 00:00:00 UTC,291,1228,412438023,6.084027777777778
2014-05-01 00:00:00 UTC,291,1231,412320007,2.2230555555555558
2014-05-01 00:00:00 UTC,291,1228,412435976,8.56125
2014-05-01 00:00:00 UTC,291,1228,412436746,5.8263888888888893
2014-05-01 00:00:00 UTC,291,1228,413409806,7.8279166666666669
2014-05-01 00:00:00 UTC,291,1231,412437533,3.4918055555555556
2014-05-01 00:00:00 UTC,291,1224,412410655,3.421666666666666
2014-05-01 00:00:00 UTC,291,1232,412436512,2.6020833333333333
2014-05-01 00:00:00 UTC,291,1223,412436773,3.1647222222222222
2014-05-01 00:00:00 UTC,291,1222,412436773,6.4802777777777791
2014-05-01 00:00:00 UTC,291,1230,412413733,7.3452777777777776
2014-05-01 00:00:00 UTC,291,1228,412441894,5.1563888888888885
2014-05-01 00:00:00 UTC,291,1227,412436264,4.333333333333333
2014-05-01 00:00:00 UTC,291,1228,412436264,1.9759722222222222
2014-05-01 00:00:00 UTC,291,1228,412413483,2.3056944444444443
2014-05-01 00:00:00 UTC,291,1229,412421425,14.256805555555555
2014-05-01 00:00:00 UTC,291,1221,412411697,2.4915277777777778
2014-05-01 00:00:00 UTC,291,1223,412435254,1.0934722222222222
2014-05-01 00:00:00 UTC,291,1225,412435254,1.1580555555555556
2014-05-01 00:00:00 UTC,291,1224,412435254,0.28569444444444447
2014-05-01 00:00:00 UTC,291,1228,412435513,6.7258333333333322
2014-05-01 00:00:00 UTC,291,1228,412435514,6.8856944444444448
2014-05-01 00:00:00 UTC,291,1237,412435516,5.54125
2014-05-01 00:00:00 UTC,291,1224,413025086,1.5730555555555554
2014-05-01 00:00:00 UTC,291,1228,412435518,1.7502777777777778
2014-05-01 00:00:00 UTC,291,1225,412418623,2.2843055555555556
2014-05-01 00:00:00 UTC,291,1224,412418623,0.55944444444444441
2014-05-01 00:00:00 UTC,291,1228,412412483,6.5601388888888881
2014-05-01 00:00:00 UTC,291,1225,412416835,2.75
2014-05-01 00:00:00 UTC,291,1226,412416835,0.84972222222222227
2014-05-01 00:00:00 UTC,291,1228,412412484,7.1984722222222226
2014-05-01 00:00:00 UTC,291,1228,412436808,7.316527777777778
2014-05-01 00:00:00 UTC,291,-948,367311690,10.397222222222222
2014-05-01 00:00:00 UTC,291,1222,412435531,1.5751388888888891
2014-05-01 00:00:00 UTC,291,1228,412435025,7.2404166666666665
2014-05-01 00:00:00 UTC,291,1228,412437331,5.6548611111111109
2014-05-01 00:00:00 UTC,291,1230,412413523,5.1962500000000009
2014-05-01 00:00:00 UTC,291,1231,412437338,4.0233333333333334
2014-05-01 00:00:00 UTC,291,1228,412437338,6.2780555555555555
2014-05-01 00:00:00 UTC,291,1224,412436571,1.0175
2014-05-01 00:00:00 UTC,291,1228,412413531,2.165
2014-05-01 00:00:00 UTC,291,1220,412435292,1.5881944444444442
2014-05-01 00:00:00 UTC,291,1224,412320861,0.63541666666666663
2014-05-01 00:00:00 UTC,291,1229,412412767,2.7166666666666668
2014-05-01 00:00:00 UTC,291,1224,412436576,5.06125
2014-05-01 00:00:00 UTC,291,1228,412412256,5.8000000000000007
2014-05-01 00:00:00 UTC,291,1228,412422753,6.066527777777778
2014-05-01 00:00:00 UTC,291,1228,412435553,0.26083333333333331
2014-05-01 00:00:00 UTC,291,1223,412438369,4.9208333333333334
2014-05-01 00:00:00 UTC,291,1228,412412257,6.8456944444444439
2014-05-01 00:00:00 UTC,291,1232,412413795,4.81125
2014-05-01 00:00:00 UTC,291,1231,412413796,2.9940277777777782
2014-05-01 00:00:00 UTC,291,1228,412435047,9.8294444444444444
2014-05-01 00:00:00 UTC,291,1219,412436072,0.55722222222222217
2014-05-01 00:00:00 UTC,291,1220,412436072,0.99638888888888888
2014-05-01 00:00:00 UTC,291,1220,412436073,0.30930555555555556
2014-05-01 00:00:00 UTC,291,1219,412436075,0.517361111111111
2014-05-01 00:00:00 UTC,291,1220,412436075,2.2823611111111113
2014-05-01 00:00:00 UTC,291,1231,412436332,3.4302777777777775
2014-05-01 00:00:00 UTC,291,1227,412436332,1.9370833333333333
2014-05-01 00:00:00 UTC,291,1228,200005740,9.2883333333333322
2014-05-01 00:00:00 UTC,291,1228,412435309,5.6644444444444453
2014-05-01 00:00:00 UTC,291,1231,412435309,1.3586111111111112
2014-05-01 00:00:00 UTC,291,1230,412435309,0.75625
2014-05-01 00:00:00 UTC,291,1227,412435309,1.2072222222222222
2014-05-01 00:00:00 UTC,291,1231,412437107,2.9115277777777777
2014-05-01 00:00:00 UTC,291,1228,412436343,5.8713888888888892
2014-05-01 00:00:00 UTC,291,1228,412437883,0.66472222222222221
2014-05-01 00:00:00 UTC,291,1230,412413568,2.3647222222222224
2014-05-01 00:00:00 UTC,291,1232,412413568,2.0406944444444441
2014-05-01 00:00:00 UTC,291,1225,412438657,0.86819444444444449
2014-05-01 00:00:00 UTC,291,1228,412436616,2.4123611111111112
2014-05-01 00:00:00 UTC,291,1230,412413577,2.7172222222222224
2014-05-01 00:00:00 UTC,291,1228,412435595,7.110555555555556
2014-05-01 00:00:00 UTC,291,1231,412435596,0.4654166666666667
2014-05-01 00:00:00 UTC,291,1228,412435596,7.544027777777778
2014-05-01 00:00:00 UTC,291,1222,412400273,2.9072222222222224
2014-05-01 00:00:00 UTC,291,1222,412435604,5.4312499999999995
2014-05-01 00:00:00 UTC,291,1221,412435604,1.6872222222222222
2014-05-01 00:00:00 UTC,291,1232,412327834,2.4961111111111109
2014-05-01 00:00:00 UTC,291,1237,412099998,2.05375
2014-05-01 00:00:00 UTC,291,1238,412099998,8.9668055555555561
2014-05-01 00:00:00 UTC,291,1231,412436384,2.2015277777777778
2014-05-01 00:00:00 UTC,291,1228,412438946,3.8734722222222224
2014-05-01 00:00:00 UTC,291,1228,412436136,16.612361111111113
2014-05-01 00:00:00 UTC,291,1229,412436136,1.1168055555555556
2014-05-01 00:00:00 UTC,291,1231,412436141,4.21875
2014-05-01 00:00:00 UTC,291,1227,412416433,1.1734722222222222
2014-05-01 00:00:00 UTC,291,1229,412411572,0.55777777777777771
2014-05-01 00:00:00 UTC,291,1228,412438202,0.2225
2014-05-01 00:00:00 UTC,291,-948,367126460,12.867638888888889
2014-05-01 00:00:00 UTC,291,1231,412437186,3.1456944444444446
2014-05-01 00:00:00 UTC,291,1228,412437955,1.17375
2014-05-01 00:00:00 UTC,291,1231,412437955,1.1241666666666665
2014-05-01 00:00:00 UTC,291,1225,412432068,6.38875
2014-05-01 00:00:00 UTC,291,1231,412435143,2.8495833333333334
2014-05-01 00:00:00 UTC,291,1232,412435143,1.8156944444444445
2014-05-01 00:00:00 UTC,291,1228,412436423,1.5591666666666666
2014-05-01 00:00:00 UTC,291,1227,412436423,2.556111111111111
2014-05-01 00:00:00 UTC,291,1224,412437959,15.795416666666668
2014-05-01 00:00:00 UTC,291,1227,412400328,1.6855555555555557
2014-05-01 00:00:00 UTC,291,1228,412436425,6.4397222222222226
2014-05-01 00:00:00 UTC,291,1232,412436425,7.0283333333333342
2014-05-01 00:00:00 UTC,291,1228,412437705,6.7097222222222221
2014-05-01 00:00:00 UTC,291,1232,412436426,13.048055555555557
2014-05-01 00:00:00 UTC,291,1228,412436426,8.3638888888888889
2014-05-01 00:00:00 UTC,291,1227,412417229,0.6625
2014-05-01 00:00:00 UTC,291,1231,412436174,5.021527777777778
2014-05-01 00:00:00 UTC,291,1230,412436174,6.441527777777778
2014-05-01 00:00:00 UTC,291,1231,412418769,4.8006944444444448
2014-05-01 00:00:00 UTC,291,1226,412437461,1.8827777777777777
2014-05-01 00:00:00 UTC,291,-948,367493850,1.3141666666666667
2014-05-01 00:00:00 UTC,291,-947,367493850,0.88347222222222233
2014-05-01 00:00:00 UTC,291,1228,412438235,0.25847222222222221
2014-05-01 00:00:00 UTC,291,1228,412437213,2.1184722222222221
2014-05-01 00:00:00 UTC,291,1228,412435167,1.7470833333333333
2014-05-01 00:00:00 UTC,291,1231,412435423,9.6681944444444454
2014-05-01 00:00:00 UTC,291,1228,412435423,8.77138888888889
2014-05-01 00:00:00 UTC,291,1228,412435935,4.0076388888888888
2014-05-01 00:00:00 UTC,291,1228,412435424,3.8706944444444442
2014-05-01 00:00:00 UTC,291,1228,412437986,0.33347222222222223
2014-05-01 00:00:00 UTC,291,-138,224069860,13.495277777777778
2014-05-01 00:00:00 UTC,291,1228,412435176,2.7002777777777776
2014-05-01 00:00:00 UTC,291,1230,413415660,2.5104166666666665
2014-05-01 00:00:00 UTC,291,1231,413415660,4.7419444444444441
2014-05-01 00:00:00 UTC,291,1228,412437997,9.56
2014-05-01 00:00:00 UTC,291,1223,412435182,1.4494444444444445
2014-05-01 00:00:00 UTC,291,1222,412435182,6.8976388888888884
2014-05-01 00:00:00 UTC,291,1228,412435695,9.2169444444444437
2014-05-01 00:00:00 UTC,291,1229,412437999,0.41194444444444445
2014-05-01 00:00:00 UTC,291,1228,412437999,10.62125
2014-05-01 00:00:00 UTC,291,1222,412435184,6.1333333333333329
2014-05-01 00:00:00 UTC,291,1225,412435955,3.1806944444444443
2014-05-01 00:00:00 UTC,291,1224,412435955,1.4820833333333332
2014-05-01 00:00:00 UTC,291,1226,412435955,1.3581944444444445
2014-05-01 00:00:00 UTC,291,1228,412435955,5.8768055555555563
2014-05-01 00:00:00 UTC,291,1228,412435956,7.0545833333333334
2014-05-01 00:00:00 UTC,291,1224,412435956,1.9434722222222223
2014-05-01 00:00:00 UTC,291,1225,412435956,7.6359722222222217
2014-05-01 00:00:00 UTC,291,1220,412435446,1.3626388888888892
2014-05-01 00:00:00 UTC,291,1231,412436731,3.2456944444444447
2014-05-01 00:00:00 UTC,291,1226,412436221,1.4179166666666667
2014-05-01 00:00:00 UTC,291,1228,412435966,0.4425
2014-05-01 00:00:00 UTC,547,81,211510290,1.3920833333333333
2014-05-01 00:00:00 UTC,547,79,211510290,2.1480555555555556
2014-05-01 00:00:00 UTC,547,80,211510290,2.7918055555555554
2014-05-01 00:00:00 UTC,547,79,211625000,5.0543055555555556
2014-05-01 00:00:00 UTC,547,81,211815000,2.3276388888888886
2014-05-01 00:00:00 UTC,547,80,211815000,1.1668055555555557
2014-05-01 00:00:00 UTC,547,79,211815000,1.6455555555555557
2014-05-01 00:00:00 UTC,547,60,246161000,8.8359722222222228
2014-05-01 00:00:00 UTC,547,80,211325290,3.4469444444444446
2014-05-01 00:00:00 UTC,547,79,211325290,7.6001388888888872
2014-05-01 00:00:00 UTC,547,79,211245680,5.6808333333333332
2014-05-01 00:00:00 UTC,547,79,211319670,3.0125
2014-05-01 00:00:00 UTC,547,10,220461000,7.8995833333333332
2014-05-01 00:00:00 UTC,547,1483,273338570,1.555
2014-05-01 00:00:00 UTC,547,1482,273338570,6.10875
2014-05-01 00:00:00 UTC,547,-1651,369174000,2.5595833333333333
2014-05-01 00:00:00 UTC,547,-1648,369174000,2.2027777777777779
2014-05-01 00:00:00 UTC,547,-1650,369174000,9.0627777777777769
2014-05-01 00:00:00 UTC,-477,-609,701006139,7.1565277777777787
2014-05-01 00:00:00 UTC,-477,-609,470100540,2.26
2014-05-01 00:00:00 UTC,-477,-610,701006151,4.5568055555555551
2014-05-01 00:00:00 UTC,-477,-610,701000681,8.6011111111111109
2014-05-01 00:00:00 UTC,-477,-609,701000681,1.4568055555555555
2014-05-01 00:00:00 UTC,-221,1141,503711500,4.5234722222222219
2014-05-01 00:00:00 UTC,-221,1586,540003900,4.155555555555555
2014-05-01 00:00:00 UTC,-221,1584,540003900,4.802083333333333
2014-05-01 00:00:00 UTC,-221,502,660001400,1.8652777777777776
2014-05-01 00:00:00 UTC,-221,505,660001400,1.7791666666666668
2014-05-01 00:00:00 UTC,-221,11,224578000,1.7944444444444443
2014-05-01 00:00:00 UTC,36,-1431,441812000,1.2416666666666667
2014-05-01 00:00:00 UTC,36,-1526,441650000,0.80152777777777773
2014-05-01 00:00:00 UTC,36,-1420,432914000,1.4454166666666666
2014-05-01 00:00:00 UTC,36,-1380,441660000,0.81652777777777774
2014-05-01 00:00:00 UTC,36,-211,224380000,1.7291666666666665
2014-05-01 00:00:00 UTC,36,-215,224380000,0.877361111111111
2014-05-01 00:00:00 UTC,36,-214,224380000,0.98319444444444448
2014-05-01 00:00:00 UTC,36,-1392,432475000,2.2786111111111111
2014-05-01 00:00:00 UTC,36,-1393,432475000,0.5525
2014-05-01 00:00:00 UTC,36,-1504,440656000,1.7168055555555555
2014-05-01 00:00:00 UTC,36,-1501,440656000,1.7680555555555557
2014-05-01 00:00:00 UTC,36,-1507,440656000,1.5430555555555556
2014-05-01 00:00:00 UTC,36,-1499,440656000,1.5694444444444446
2014-05-01 00:00:00 UTC,36,-1505,440656000,1.4434722222222223
2014-05-01 00:00:00 UTC,36,-1511,440656000,1.8133333333333335
2014-05-01 00:00:00 UTC,36,-1502,440656000,1.5555555555555556
2014-05-01 00:00:00 UTC,36,-1510,440656000,1.8543055555555554
2014-05-01 00:00:00 UTC,36,-1503,440656000,0.81111111111111112
2014-05-01 00:00:00 UTC,36,-1508,440656000,2.0831944444444446
2014-05-01 00:00:00 UTC,36,-1487,440645000,0.94555555555555559
2014-05-01 00:00:00 UTC,36,-1488,440645000,1.1845833333333333
2014-05-01 00:00:00 UTC,36,-1489,440645000,1.8418055555555557
2014-05-01 00:00:00 UTC,36,-1490,440645000,1.7820833333333335
2014-05-01 00:00:00 UTC,36,-384,224261000,1.9301388888888891
2014-05-01 00:00:00 UTC,36,-385,224261000,2.9175
2014-05-01 00:00:00 UTC,36,-1733,440623000,1.3555555555555556
2014-05-01 00:00:00 UTC,36,-1734,440623000,1.7491666666666665
2014-05-01 00:00:00 UTC,36,1775,440770000,1.2806944444444446
2014-05-01 00:00:00 UTC,36,1777,440770000,1.1483333333333334
2014-05-01 00:00:00 UTC,36,1778,440770000,0.52777777777777779
2014-05-01 00:00:00 UTC,36,-1395,431938000,1.5722222222222224
2014-05-01 00:00:00 UTC,36,-1486,440641000,1.6897222222222221
2014-05-01 00:00:00 UTC,36,-1489,440641000,1.8209722222222222
2014-05-01 00:00:00 UTC,36,-1372,441014000,1.754027777777778
2014-05-01 00:00:00 UTC,292,1231,412435713,4.0083333333333337
2014-05-01 00:00:00 UTC,292,1229,412436481,11.034722222222221
2014-05-01 00:00:00 UTC,292,1227,412435973,0.68402777777777779
2014-05-01 00:00:00 UTC,292,1230,412320007,3.0948611111111108
2014-05-01 00:00:00 UTC,292,1228,412437512,2.6919444444444443
2014-05-01 00:00:00 UTC,292,1223,412438029,5.5176388888888894
2014-05-01 00:00:00 UTC,292,1224,412410655,1.1466666666666665
2014-05-01 00:00:00 UTC,292,1228,412436517,3.3669444444444445
2014-05-01 00:00:00 UTC,292,1227,412436517,1.3790277777777777
2014-05-01 00:00:00 UTC,292,1220,412405285,2.4931944444444447
2014-05-01 00:00:00 UTC,292,1226,412441894,11.379722222222222
2014-05-01 00:00:00 UTC,292,1227,412400680,1.3250000000000002
2014-05-01 00:00:00 UTC,292,1227,412437805,6.497638888888889
2014-05-01 00:00:00 UTC,292,1221,412411697,1.2820833333333335
2014-05-01 00:00:00 UTC,292,1232,412437043,1.9091666666666667
2014-05-01 00:00:00 UTC,292,1225,412435254,2.1656944444444446
2014-05-01 00:00:00 UTC,292,1228,412435514,1.1954166666666666
2014-05-01 00:00:00 UTC,292,1226,412435517,5.4076388888888891
2014-05-01 00:00:00 UTC,292,1228,412435517,1.4473611111111111
2014-05-01 00:00:00 UTC,292,1228,412435518,1.4376388888888889
2014-05-01 00:00:00 UTC,292,1227,412418623,3.0875
2014-05-01 00:00:00 UTC,292,1226,412418623,4.5104166666666661
2014-05-01 00:00:00 UTC,292,1228,412412483,1.5058333333333334
2014-05-01 00:00:00 UTC,292,1226,412416835,8.9125
2014-05-01 00:00:00 UTC,292,1228,412412484,1.4916666666666667
2014-05-01 00:00:00 UTC,292,1223,412410699,5.4575000000000005
2014-05-01 00:00:00 UTC,292,1226,412438605,2.2263888888888888
2014-05-01 00:00:00 UTC,292,1225,412438605,3.0472222222222221
2014-05-01 00:00:00 UTC,292,1226,412435282,5.4577777777777783
2014-05-01 00:00:00 UTC,292,1232,412413523,2.6805555555555558
2014-05-01 00:00:00 UTC,292,1227,412435799,0.93027777777777776
2014-05-01 00:00:00 UTC,292,1219,412435292,0.22194444444444444
2014-05-01 00:00:00 UTC,292,1230,412412767,1.7522222222222223
2014-05-01 00:00:00 UTC,292,1232,412412767,4.3393055555555557
2014-05-01 00:00:00 UTC,292,1229,412436064,0.78333333333333333
2014-05-01 00:00:00 UTC,292,1230,412436064,9.3981944444444458
2014-05-01 00:00:00 UTC,292,1227,412436576,3.2754166666666666
2014-05-01 00:00:00 UTC,292,1229,412435553,0.47902777777777772
2014-05-01 00:00:00 UTC,292,1228,412435553,5.2865277777777777
2014-05-01 00:00:00 UTC,292,1224,412438369,21.011527777777776
2014-05-01 00:00:00 UTC,292,1223,412438369,2.7733333333333334
2014-05-01 00:00:00 UTC,292,1226,412412257,2.1198611111111112
2014-05-01 00:00:00 UTC,292,1223,413568868,6.9416666666666664
2014-05-01 00:00:00 UTC,292,1223,412436326,6.36513888888889
2014-05-01 00:00:00 UTC,292,1224,412436326,14.343194444444444
2014-05-01 00:00:00 UTC,292,1226,412435047,5.4570833333333333
2014-05-01 00:00:00 UTC,292,1226,412419176,7.873333333333334
2014-05-01 00:00:00 UTC,292,1219,412436072,0.56375
2014-05-01 00:00:00 UTC,292,1220,412436072,0.61263888888888884
2014-05-01 00:00:00 UTC,292,1219,412436073,0.30874999999999997
2014-05-01 00:00:00 UTC,292,1220,412436073,0.49652777777777779
2014-05-01 00:00:00 UTC,292,1231,412435309,1.3666666666666667
2014-05-01 00:00:00 UTC,292,1227,412436589,0.30388888888888888
2014-05-01 00:00:00 UTC,292,1224,412222322,5.1374999999999993
2014-05-01 00:00:00 UTC,292,1228,412416376,13.884166666666667
2014-05-01 00:00:00 UTC,292,1227,412416376,10.348194444444445
2014-05-01 00:00:00 UTC,292,1228,412437883,1.1022222222222222
2014-05-01 00:00:00 UTC,292,1229,412437883,4.754027777777778
2014-05-01 00:00:00 UTC,292,1232,412413568,0.94263888888888892
2014-05-01 00:00:00 UTC,292,1225,412438657,2.0291666666666668
2014-05-01 00:00:00 UTC,292,1232,412413577,3.27625
2014-05-01 00:00:00 UTC,292,1224,412435082,32.074722222222228
2014-05-01 00:00:00 UTC,292,1231,412435596,1.57375
2014-05-01 00:00:00 UTC,292,1226,412410252,18.446666666666665
2014-05-01 00:00:00 UTC,292,1226,412418447,11.279444444444445
2014-05-01 00:00:00 UTC,292,1227,412418447,1.8386111111111112
2014-05-01 00:00:00 UTC,292,1231,412438164,3.8136111111111113
2014-05-01 00:00:00 UTC,292,1231,412436373,3.00125
2014-05-01 00:00:00 UTC,292,1234,412436886,3.3193055555555557
2014-05-01 00:00:00 UTC,292,1233,412436887,4.7430555555555554
2014-05-01 00:00:00 UTC,292,1234,412436887,0.79805555555555552
2014-05-01 00:00:00 UTC,292,1226,412436377,1.3859722222222222
2014-05-01 00:00:00 UTC,292,1233,412327834,5.0959722222222226
2014-05-01 00:00:00 UTC,292,1228,412438946,0.8601388888888889
2014-05-01 00:00:00 UTC,292,1226,412438953,5.899166666666666
2014-05-01 00:00:00 UTC,292,1224,412410537,6.3787499999999993
2014-05-01 00:00:00 UTC,292,-900,366950060,0.44166666666666665
2014-05-01 00:00:00 UTC,292,-899,366950060,6.6562500000000009
2014-05-01 00:00:00 UTC,292,1220,412438188,6.4624999999999986
2014-05-01 00:00:00 UTC,292,1221,412438188,0.23805555555555558
2014-05-01 00:00:00 UTC,292,1228,412416433,14.850555555555554
2014-05-01 00:00:00 UTC,292,1227,412416433,1.7362499999999998
2014-05-01 00:00:00 UTC,292,1226,413200819,7.5312500000000009
2014-05-01 00:00:00 UTC,292,1231,412435892,14.904166666666667
2014-05-01 00:00:00 UTC,292,1228,412435892,10.445972222222222
2014-05-01 00:00:00 UTC,292,1231,412435893,12.4025
2014-05-01 00:00:00 UTC,292,1228,412435893,10.579305555555555
2014-05-01 00:00:00 UTC,292,1228,412438202,12.824305555555558
2014-05-01 00:00:00 UTC,292,1229,412438202,0.81611111111111112
2014-05-01 00:00:00 UTC,292,1224,412410559,4.9222222222222216
2014-05-01 00:00:00 UTC,292,1231,412437955,1.2120833333333334
2014-05-01 00:00:00 UTC,292,1226,412432068,2.6602777777777775
2014-05-01 00:00:00 UTC,292,1229,412436423,0.32416666666666671
2014-05-01 00:00:00 UTC,292,1227,412400328,6.5006944444444441
2014-05-01 00:00:00 UTC,292,1227,412419786,3.3466666666666667
2014-05-01 00:00:00 UTC,292,1226,412439244,0.8190277777777778
2014-05-01 00:00:00 UTC,292,1227,412417229,4.6645833333333329
2014-05-01 00:00:00 UTC,292,1224,412438225,1.0783333333333334
2014-05-01 00:00:00 UTC,292,1223,412438225,11.422638888888891
2014-05-01 00:00:00 UTC,292,1226,412437461,3.8277777777777775
2014-05-01 00:00:00 UTC,292,1228,412438235,0.57055555555555559
2014-05-01 00:00:00 UTC,292,1229,412438235,1.0629166666666667
2014-05-01 00:00:00 UTC,292,1229,412437213,6.2170833333333331
2014-05-01 00:00:00 UTC,292,1228,412437213,0.23569444444444446
2014-05-01 00:00:00 UTC,292,1228,412435167,0.34041666666666665
2014-05-01 00:00:00 UTC,292,1232,412435935,2.0658333333333334
2014-05-01 00:00:00 UTC,292,1232,412435936,0.40805555555555556
2014-05-01 00:00:00 UTC,292,1224,412410336,4.7798611111111109
2014-05-01 00:00:00 UTC,292,1224,412410848,4.7038888888888888
2014-05-01 00:00:00 UTC,292,1225,412410848,0.49583333333333335
2014-05-01 00:00:00 UTC,292,1229,412437986,11.31375
2014-05-01 00:00:00 UTC,292,1228,412437986,0.47916666666666669
2014-05-01 00:00:00 UTC,292,1223,412437219,12.084444444444445
2014-05-01 00:00:00 UTC,292,-138,224069860,1.7958333333333334
2014-05-01 00:00:00 UTC,292,1223,412435183,0.3248611111111111
2014-05-01 00:00:00 UTC,292,1227,412435186,5.0995833333333334
2014-05-01 00:00:00 UTC,292,1220,412435446,1.5426388888888889
2014-05-01 00:00:00 UTC,292,1219,412435446,1.1255555555555556
2014-05-01 00:00:00 UTC,292,1231,412436731,1.6793055555555556
2014-05-01 00:00:00 UTC,292,1231,412436732,1.5538888888888889
2014-05-01 00:00:00 UTC,292,1226,412435966,1.2831944444444443
2014-05-01 00:00:00 UTC,548,135,218442000,0.89722222222222225
2014-05-01 00:00:00 UTC,548,70,235001620,3.1125000000000003
2014-05-01 00:00:00 UTC,548,-1648,369524000,1.4918055555555556
2014-05-01 00:00:00 UTC,548,-1647,369524000,4.588055555555556
2014-05-01 00:00:00 UTC,548,135,211517230,1.2815277777777776
2014-05-01 00:00:00 UTC,548,134,211517230,0.90569444444444447
2014-05-01 00:00:00 UTC,548,135,211400000,0.867361111111111
2014-05-01 00:00:00 UTC,548,134,211400000,1.0893055555555555
2014-05-01 00:00:00 UTC,548,82,211815000,1.7972222222222223
2014-05-01 00:00:00 UTC,548,80,211815000,1.0780555555555555
2014-05-01 00:00:00 UTC,548,81,211815000,6.9165277777777785
2014-05-01 00:00:00 UTC,548,-180,224622000,11.501111111111111
2014-05-01 00:00:00 UTC,548,187,261011130,3.5459722222222219
2014-05-01 00:00:00 UTC,548,-1650,369174000,4.8748611111111106
2014-05-01 00:00:00 UTC,-476,-609,701006139,2.9284722222222221
2014-05-01 00:00:00 UTC,-220,1583,540003900,2.1980555555555554
2014-05-01 00:00:00 UTC,-220,1585,540003900,6.4168055555555554
2014-05-01 00:00:00 UTC,-220,1584,540003900,2.7547222222222221
2014-05-01 00:00:00 UTC,-220,1582,540003900,2.1944444444444442
2014-05-01 00:00:00 UTC,-220,503,660001400,2.0415277777777776
2014-05-01 00:00:00 UTC,-220,504,660001400,1.1901388888888889
2014-05-01 00:00:00 UTC,-220,505,660001400,1.3068055555555556
2014-05-01 00:00:00 UTC,37,-1435,441812000,2.9420833333333336
2014-05-01 00:00:00 UTC,37,-1433,441812000,1.7486111111111113
2014-05-01 00:00:00 UTC,37,-377,224132670,1.3155555555555556
2014-05-01 00:00:00 UTC,37,-1526,441650000,2.1497222222222221
2014-05-01 00:00:00 UTC,37,-1420,432914000,0.82861111111111108
2014-05-01 00:00:00 UTC,37,-1504,440807000,0.84444444444444444
2014-05-01 00:00:00 UTC,37,-1501,440807000,1.3680555555555554
2014-05-01 00:00:00 UTC,37,-1503,440807000,0.84444444444444444
2014-05-01 00:00:00 UTC,37,-1499,440807000,1.5665277777777777
2014-05-01 00:00:00 UTC,37,-1507,440807000,1.8587500000000001
2014-05-01 00:00:00 UTC,37,-1502,440807000,1.2541666666666667
2014-05-01 00:00:00 UTC,37,-1500,440807000,1.161388888888889
2014-05-01 00:00:00 UTC,37,-1508,440807000,1.7559722222222223
2014-05-01 00:00:00 UTC,37,-1505,440807000,2.1361111111111111
2014-05-01 00:00:00 UTC,37,-1496,440807000,1.5566666666666666
2014-05-01 00:00:00 UTC,37,-1497,440807000,1.7654166666666666
2014-05-01 00:00:00 UTC,37,-1380,441660000,2.1711111111111112
2014-05-01 00:00:00 UTC,37,-1381,441660000,1.8215277777777779
2014-05-01 00:00:00 UTC,37,-211,224380000,2.84
2014-05-01 00:00:00 UTC,37,-1372,440966000,1.6958333333333333
2014-05-01 00:00:00 UTC,37,-1392,432475000,1.71
2014-05-01 00:00:00 UTC,37,-1393,432475000,0.75597222222222227
2014-05-01 00:00:00 UTC,37,-1499,440656000,0.91805555555555562
2014-05-01 00:00:00 UTC,37,-1488,440645000,1.2838888888888889
2014-05-01 00:00:00 UTC,37,-1495,440645000,0.90944444444444439
2014-05-01 00:00:00 UTC,37,-1487,440645000,1.6554166666666668
2014-05-01 00:00:00 UTC,37,-1496,440645000,0.75305555555555559
2014-05-01 00:00:00 UTC,37,-1489,440645000,2.5315277777777774
2014-05-01 00:00:00 UTC,37,-1498,440645000,0.4375
2014-05-01 00:00:00 UTC,37,-1493,440645000,1.4873611111111111
2014-05-01 00:00:00 UTC,37,-1497,440645000,0.97097222222222213
2014-05-01 00:00:00 UTC,37,-1491,440645000,1.8472222222222223
2014-05-01 00:00:00 UTC,37,-1490,440645000,1.5566666666666666
2014-05-01 00:00:00 UTC,37,-386,224261000,2.9886111111111111
2014-05-01 00:00:00 UTC,37,-1735,440623000,3.6984722222222222
2014-05-01 00:00:00 UTC,37,-1395,431938000,2.1019444444444439
2014-05-01 00:00:00 UTC,37,1797,416004566,0.92083333333333328
2014-05-01 00:00:00 UTC,37,1796,416004566,1.3119444444444444
2014-05-01 00:00:00 UTC,37,1798,416004566,2.0751388888888891
2014-05-01 00:00:00 UTC,37,-1375,441015000,1.0815277777777776
2014-05-01 00:00:00 UTC,37,-1487,440641000,2.1040277777777776
2014-05-01 00:00:00 UTC,37,-1374,441014000,1.8555555555555556
2014-05-01 00:00:00 UTC,37,-1372,441014000,1.8359722222222223
2014-05-01 00:00:00 UTC,293,1228,412438273,1.43
2014-05-01 00:00:00 UTC,293,1227,412438274,8.4501388888888886
2014-05-01 00:00:00 UTC,293,1229,412436484,2.7069444444444448
2014-05-01 00:00:00 UTC,293,1227,412436484,8.7075
2014-05-01 00:00:00 UTC,293,1228,412436484,2.5515277777777783
2014-05-01 00:00:00 UTC,293,1227,412435973,4.1137500000000005
2014-05-01 00:00:00 UTC,293,1228,412435973,1.0284722222222222
2014-05-01 00:00:00 UTC,293,1227,412438023,2.8211111111111111
2014-05-01 00:00:00 UTC,293,1226,412418056,17.192083333333333
2014-05-01 00:00:00 UTC,293,1232,412435464,4.215
2014-05-01 00:00:00 UTC,293,1223,412438029,13.950972222222221
2014-05-01 00:00:00 UTC,293,1229,413409806,1.90875
2014-05-01 00:00:00 UTC,293,1225,412410384,2.822916666666667
2014-05-01 00:00:00 UTC,293,1224,412410384,0.96166666666666667
2014-05-01 00:00:00 UTC,293,1232,412435734,1.9544444444444444
2014-05-01 00:00:00 UTC,293,1226,412438807,0.77319444444444441
2014-05-01 00:00:00 UTC,293,1226,412438808,6.5452777777777778
2014-05-01 00:00:00 UTC,293,1232,412437533,5.8668055555555547
2014-05-01 00:00:00 UTC,293,1231,412437533,0.94166666666666665
2014-05-01 00:00:00 UTC,293,1225,412410655,7.8640277777777783
2014-05-01 00:00:00 UTC,293,1223,412410655,6.2247222222222218
2014-05-01 00:00:00 UTC,293,1224,412410655,6.3354166666666671
2014-05-01 00:00:00 UTC,293,1232,412436512,3.9662499999999996
2014-05-01 00:00:00 UTC,293,1228,412438048,3.6629166666666668
2014-05-01 00:00:00 UTC,293,1227,412438048,3.745
2014-05-01 00:00:00 UTC,293,1229,412435745,1.7074999999999998
2014-05-01 00:00:00 UTC,293,1226,412435492,7.8956944444444446
2014-05-01 00:00:00 UTC,293,1227,412436517,5.3119444444444444
2014-05-01 00:00:00 UTC,293,1228,412436517,1.4336111111111112
2014-05-01 00:00:00 UTC,293,1229,412436517,2.5925000000000007
2014-05-01 00:00:00 UTC,293,1225,412439077,4.6875
2014-05-01 00:00:00 UTC,293,1232,412413733,4.1229166666666668
2014-05-01 00:00:00 UTC,293,1232,412436006,3.42875
2014-05-01 00:00:00 UTC,293,1226,412441894,4.7247222222222227
2014-05-01 00:00:00 UTC,293,1226,412438311,0.29569444444444448
2014-05-01 00:00:00 UTC,293,1227,412436264,1.3259722222222223
2014-05-01 00:00:00 UTC,293,1226,412438824,1.5618055555555554
2014-05-01 00:00:00 UTC,293,1225,412438824,4.9991666666666656
2014-05-01 00:00:00 UTC,293,1227,412400680,10.376527777777776
2014-05-01 00:00:00 UTC,293,1227,412437805,6.6147222222222215
2014-05-01 00:00:00 UTC,293,1232,412436014,3.4772222222222222
2014-05-01 00:00:00 UTC,293,1227,413449007,1.9091666666666667
2014-05-01 00:00:00 UTC,293,1232,412412208,7.0104166666666661
2014-05-01 00:00:00 UTC,293,1220,412437297,7.8562500000000011
2014-05-01 00:00:00 UTC,293,1232,412437043,3.456666666666667
2014-05-01 00:00:00 UTC,293,1226,412436532,3.3877777777777776
2014-05-01 00:00:00 UTC,293,1225,412438581,5.010416666666667
2014-05-01 00:00:00 UTC,293,1226,412435254,0.21847222222222223
2014-05-01 00:00:00 UTC,293,1225,412435254,1.8927777777777779
2014-05-01 00:00:00 UTC,293,1226,412435513,6.3963888888888887
2014-05-01 00:00:00 UTC,293,1228,412435513,3.212361111111111
2014-05-01 00:00:00 UTC,293,1229,412437817,1.66
2014-05-01 00:00:00 UTC,293,1228,412437817,1.8386111111111112
2014-05-01 00:00:00 UTC,293,1227,412437817,5.7847222222222232
2014-05-01 00:00:00 UTC,293,1227,412435514,1.1961111111111111
2014-05-01 00:00:00 UTC,293,1226,412435514,6.0931944444444452
2014-05-01 00:00:00 UTC,293,1228,412435514,4.9706944444444456
2014-05-01 00:00:00 UTC,293,1221,412436283,2.6830555555555562
2014-05-01 00:00:00 UTC,293,1222,412436283,2.0380555555555553
2014-05-01 00:00:00 UTC,293,1228,412435517,8.925
2014-05-01 00:00:00 UTC,293,1226,412435517,1.320138888888889
2014-05-01 00:00:00 UTC,293,1229,412435517,0.78625000000000012
2014-05-01 00:00:00 UTC,293,1229,412435518,1.1519444444444444
2014-05-01 00:00:00 UTC,293,1228,412435518,9.6425
2014-05-01 00:00:00 UTC,293,1226,412435518,6.4016666666666673
2014-05-01 00:00:00 UTC,293,1226,412418623,8.37138888888889
2014-05-01 00:00:00 UTC,293,1227,412418623,1.2738888888888888
2014-05-01 00:00:00 UTC,293,1225,412438595,2.3186111111111112
2014-05-01 00:00:00 UTC,293,1226,412438595,7.4269444444444437
2014-05-01 00:00:00 UTC,293,1227,412416835,3.5716666666666668
2014-05-01 00:00:00 UTC,293,1226,412416835,11.209722222222224
2014-05-01 00:00:00 UTC,293,1228,412412484,1.5262499999999999
2014-05-01 00:00:00 UTC,293,1227,412436808,0.5083333333333333
2014-05-01 00:00:00 UTC,293,1229,412436808,6.5416666666666661
2014-05-01 00:00:00 UTC,293,1229,412436809,0.6333333333333333
2014-05-01 00:00:00 UTC,293,1223,412410699,8.5387499999999985
2014-05-01 00:00:00 UTC,293,1224,412410699,11.549166666666668
2014-05-01 00:00:00 UTC,293,1225,412438605,5.9087499999999995
2014-05-01 00:00:00 UTC,293,1232,412436302,1.283611111111111
2014-05-01 00:00:00 UTC,293,1221,412437838,8.3098611111111111
2014-05-01 00:00:00 UTC,293,1232,412436303,1.24125
2014-05-01 00:00:00 UTC,293,1227,412437072,3.2658333333333331
2014-05-01 00:00:00 UTC,293,1230,412435025,0.865
2014-05-01 00:00:00 UTC,293,1227,412435282,0.34972222222222221
2014-05-01 00:00:00 UTC,293,1226,412435282,4.1459722222222224
2014-05-01 00:00:00 UTC,293,1226,412438866,3.5575
2014-05-01 00:00:00 UTC,293,1226,412416338,13.237361111111111
2014-05-01 00:00:00 UTC,293,1232,412436307,3.895833333333333
2014-05-01 00:00:00 UTC,293,1232,412413523,2.5593055555555555
2014-05-01 00:00:00 UTC,293,1220,412437846,7.5340277777777773
2014-05-01 00:00:00 UTC,293,1221,412437846,0.98249999999999993
2014-05-01 00:00:00 UTC,293,1231,412435287,0.73486111111111108
2014-05-01 00:00:00 UTC,293,1228,412435799,1.8156944444444443
2014-05-01 00:00:00 UTC,293,1230,412435799,2.8808333333333334
2014-05-01 00:00:00 UTC,293,1227,412435799,1.8043055555555556
2014-05-01 00:00:00 UTC,293,1229,412435799,1.3372222222222221
2014-05-01 00:00:00 UTC,293,1231,412435799,0.51513888888888892
2014-05-01 00:00:00 UTC,293,1227,412412504,10.31111111111111
2014-05-01 00:00:00 UTC,293,1227,412436571,1.0895833333333333
2014-05-01 00:00:00 UTC,293,1228,412436571,3.2511111111111108
2014-05-01 00:00:00 UTC,293,1221,412437854,0.51083333333333336
2014-05-01 00:00:00 UTC,293,1220,412437854,4.2759722222222223
2014-05-01 00:00:00 UTC,293,1229,412436064,1.4873611111111111
2014-05-01 00:00:00 UTC,293,1228,412436576,3.5630555555555556
2014-05-01 00:00:00 UTC,293,1229,412436576,0.31222222222222218
2014-05-01 00:00:00 UTC,293,1227,412436576,2.4018055555555553
2014-05-01 00:00:00 UTC,293,1226,412412256,0.92277777777777781
2014-05-01 00:00:00 UTC,293,1228,412412256,2.419027777777778
2014-05-01 00:00:00 UTC,293,1227,412412256,1.2655555555555555
2014-05-01 00:00:00 UTC,293,1229,412435553,1.85375
2014-05-01 00:00:00 UTC,293,1227,412435553,2.0002777777777778
2014-05-01 00:00:00 UTC,293,1226,412412257,0.58263888888888893
2014-05-01 00:00:00 UTC,293,1227,412412257,0.65888888888888886
2014-05-01 00:00:00 UTC,293,1228,412412257,2.2509722222222219
2014-05-01 00:00:00 UTC,293,1231,412437858,0.96347222222222229
2014-05-01 00:00:00 UTC,293,1224,413568868,15.361805555555552
2014-05-01 00:00:00 UTC,293,1223,413568868,4.0275
2014-05-01 00:00:00 UTC,293,1232,412413796,3.975138888888889
2014-05-01 00:00:00 UTC,293,1228,412435046,2.6344444444444446
2014-05-01 00:00:00 UTC,293,1223,412436326,3.7241666666666662
2014-05-01 00:00:00 UTC,293,1227,412435047,0.85930555555555554
2014-05-01 00:00:00 UTC,293,1226,412435047,1.1202777777777777
2014-05-01 00:00:00 UTC,293,1228,412435047,2.0080555555555555
2014-05-01 00:00:00 UTC,293,1232,412413799,1.3869444444444443
2014-05-01 00:00:00 UTC,293,1226,412419176,6.8630555555555555
2014-05-01 00:00:00 UTC,293,1224,412418412,3.0454166666666662
2014-05-01 00:00:00 UTC,293,1223,412418412,2.6897222222222217
2014-05-01 00:00:00 UTC,293,1233,412436332,0.27430555555555558
2014-05-01 00:00:00 UTC,293,1231,412436332,0.44986111111111116
2014-05-01 00:00:00 UTC,293,1232,412436332,5.4722222222222223
2014-05-01 00:00:00 UTC,293,1225,412436844,2.13125
2014-05-01 00:00:00 UTC,293,1231,412435309,1.7130555555555556
2014-05-01 00:00:00 UTC,293,1232,412435309,3.7902777777777774
2014-05-01 00:00:00 UTC,293,1229,412436589,2.4327777777777775
2014-05-01 00:00:00 UTC,293,1227,412436589,1.2966666666666666
2014-05-01 00:00:00 UTC,293,1227,412437359,3.2848611111111112
2014-05-01 00:00:00 UTC,293,1226,412438641,2.8090277777777781
2014-05-01 00:00:00 UTC,293,1224,412222322,11.911111111111111
2014-05-01 00:00:00 UTC,293,1225,412222322,11.779722222222222
2014-05-01 00:00:00 UTC,293,1232,412437107,3.4090277777777773
2014-05-01 00:00:00 UTC,293,1227,412436343,6.8047222222222228
2014-05-01 00:00:00 UTC,293,1229,412436343,1.6331944444444446
2014-05-01 00:00:00 UTC,293,1229,412437883,1.8419444444444446
2014-05-01 00:00:00 UTC,293,1227,412437883,2.0313888888888889
2014-05-01 00:00:00 UTC,293,1227,412436608,2.1573611111111113
2014-05-01 00:00:00 UTC,293,1232,412413568,2.6911111111111108
2014-05-01 00:00:00 UTC,293,1227,412436353,1.3833333333333333
2014-05-01 00:00:00 UTC,293,1225,412438657,2.2580555555555559
2014-05-01 00:00:00 UTC,293,1226,412438657,2.475138888888889
2014-05-01 00:00:00 UTC,293,1227,412438657,2.3675
2014-05-01 00:00:00 UTC,293,1232,412436616,4.1941666666666668
2014-05-01 00:00:00 UTC,293,1231,412436616,0.73416666666666663
2014-05-01 00:00:00 UTC,293,1232,412413577,2.5270833333333336
2014-05-01 00:00:00 UTC,293,1231,412435595,8.30125
2014-05-01 00:00:00 UTC,293,1231,412435596,2.1344444444444441
2014-05-01 00:00:00 UTC,293,1226,412410252,5.5944444444444441
2014-05-01 00:00:00 UTC,293,1221,412435086,0.5033333333333333
2014-05-01 00:00:00 UTC,293,1220,412435086,4.3134722222222228
2014-05-01 00:00:00 UTC,293,1226,412418447,10.349583333333333
2014-05-01 00:00:00 UTC,293,1231,412438164,2.4036111111111111
2014-05-01 00:00:00 UTC,293,1232,412437397,1.4740277777777777
2014-05-01 00:00:00 UTC,293,1229,412411541,5.072222222222222
2014-05-01 00:00:00 UTC,293,1226,412436376,5.0651388888888889
2014-05-01 00:00:00 UTC,293,1227,412436376,2.1109722222222222
2014-05-01 00:00:00 UTC,293,1229,412438168,2.0256944444444445
2014-05-01 00:00:00 UTC,293,1227,412438168,2.4026388888888888
2014-05-01 00:00:00 UTC,293,1226,412418969,10.272638888888888
2014-05-01 00:00:00 UTC,293,1226,412436377,3.7776388888888888
2014-05-01 00:00:00 UTC,293,1227,412436377,1.8236111111111113
2014-05-01 00:00:00 UTC,293,1233,412327834,0.64916666666666667
2014-05-01 00:00:00 UTC,293,1234,412327834,1.2186111111111111
2014-05-01 00:00:00 UTC,293,1231,412436384,1.4934722222222223
2014-05-01 00:00:00 UTC,293,1232,412436384,2.5881944444444445
2014-05-01 00:00:00 UTC,293,1229,412438945,0.86638888888888888
2014-05-01 00:00:00 UTC,293,1229,412438946,1.0102777777777778
2014-05-01 00:00:00 UTC,293,1227,412438946,2.9955555555555553
2014-05-01 00:00:00 UTC,293,1227,412435879,7.9673611111111118
2014-05-01 00:00:00 UTC,293,1232,412436136,3.2588888888888885
2014-05-01 00:00:00 UTC,293,1231,412436136,1.36
2014-05-01 00:00:00 UTC,293,1226,412438953,4.4406944444444445
2014-05-01 00:00:00 UTC,293,1225,412410537,0.89430555555555546
2014-05-01 00:00:00 UTC,293,1224,412410537,5.1048611111111111
2014-05-01 00:00:00 UTC,293,1220,412438188,2.6304166666666662
2014-05-01 00:00:00 UTC,293,1220,412435118,0.14472222222222222
2014-05-01 00:00:00 UTC,293,1225,412410545,2.652222222222222
2014-05-01 00:00:00 UTC,293,1223,412410545,3.9144444444444444
2014-05-01 00:00:00 UTC,293,1228,412416433,3.5493055555555553
2014-05-01 00:00:00 UTC,293,1226,413200819,6.70125
2014-05-01 00:00:00 UTC,293,1229,412437172,2.5294444444444446
2014-05-01 00:00:00 UTC,293,1229,412435125,0.85152777777777788
2014-05-01 00:00:00 UTC,293,1219,412400821,0.53
2014-05-01 00:00:00 UTC,293,1220,412400821,2.127361111111111
2014-05-01 00:00:00 UTC,293,1227,412438198,2.9747222222222223
2014-05-01 00:00:00 UTC,293,1227,412438199,0.44333333333333336
2014-05-01 00:00:00 UTC,293,1232,412436664,4.9876388888888883
2014-05-01 00:00:00 UTC,293,1232,412436409,0.63555555555555554
2014-05-01 00:00:00 UTC,293,1232,412436665,0.67069444444444448
2014-05-01 00:00:00 UTC,293,1225,412419003,1.8158333333333334
2014-05-01 00:00:00 UTC,293,1224,412419003,1.4716666666666667
2014-05-01 00:00:00 UTC,293,1229,412435644,2.5486111111111107
2014-05-01 00:00:00 UTC,293,1232,412435901,1.5430555555555556
2014-05-01 00:00:00 UTC,293,1219,412435137,1.0301388888888889
2014-05-01 00:00:00 UTC,293,1228,412436929,4.3465277777777782
2014-05-01 00:00:00 UTC,293,1232,412437955,1.2197222222222224
2014-05-01 00:00:00 UTC,293,1231,412437955,1.7865277777777777
2014-05-01 00:00:00 UTC,293,1226,412432068,8.5386111111111127
2014-05-01 00:00:00 UTC,293,1225,412432068,1.3701388888888888
2014-05-01 00:00:00 UTC,293,1232,412413636,10.49861111111111
2014-05-01 00:00:00 UTC,293,1232,412435143,2.2619444444444445
2014-05-01 00:00:00 UTC,293,1227,412435911,9.6752777777777776
2014-05-01 00:00:00 UTC,293,1228,412435911,1.6681944444444445
2014-05-01 00:00:00 UTC,293,1229,412435911,1.8241666666666665
2014-05-01 00:00:00 UTC,293,1229,412436423,2.358888888888889
2014-05-01 00:00:00 UTC,293,1227,412435656,9.9219444444444456
2014-05-01 00:00:00 UTC,293,1228,412435656,1.5459722222222223
2014-05-01 00:00:00 UTC,293,1225,412400328,8.6776388888888878
2014-05-01 00:00:00 UTC,293,1226,412435657,1.6911111111111108
2014-05-01 00:00:00 UTC,293,1227,412436937,1.5462500000000001
2014-05-01 00:00:00 UTC,293,1225,412410569,1.8518055555555555
2014-05-01 00:00:00 UTC,293,1224,412410569,0.26166666666666666
2014-05-01 00:00:00 UTC,293,1227,412419786,3.4915277777777782
2014-05-01 00:00:00 UTC,293,1231,412435147,1.587777777777778
2014-05-01 00:00:00 UTC,293,1226,412439243,6.5106944444444448
2014-05-01 00:00:00 UTC,293,1226,412439244,10.95125
2014-05-01 00:00:00 UTC,293,1227,412417229,1.7744444444444445
2014-05-01 00:00:00 UTC,293,1234,412418769,0.43097222222222226
2014-05-01 00:00:00 UTC,293,1233,412418769,4.6833333333333327
2014-05-01 00:00:00 UTC,293,1223,412438225,18.983333333333334
2014-05-01 00:00:00 UTC,293,1226,412439249,11.995972222222223
2014-05-01 00:00:00 UTC,293,1225,412439249,6.3751388888888876
2014-05-01 00:00:00 UTC,293,1227,412437461,0.61847222222222231
2014-05-01 00:00:00 UTC,293,1226,412437461,2.6741666666666672
2014-05-01 00:00:00 UTC,293,1232,412435926,1.3709722222222223
2014-05-01 00:00:00 UTC,293,1232,412437718,0.46305555555555555
2014-05-01 00:00:00 UTC,293,1229,412436441,2.18625
2014-05-01 00:00:00 UTC,293,1229,412438235,11.109444444444446
2014-05-01 00:00:00 UTC,293,1226,412435167,1.2174999999999998
2014-05-01 00:00:00 UTC,293,1229,412435167,0.6397222222222223
2014-05-01 00:00:00 UTC,293,1228,412435167,2.3061111111111114
2014-05-01 00:00:00 UTC,293,1231,412435935,0.37
2014-05-01 00:00:00 UTC,293,1232,412435935,2.9516666666666667
2014-05-01 00:00:00 UTC,293,1232,412435936,4.924722222222222
2014-05-01 00:00:00 UTC,293,1224,412410336,21.908333333333339
2014-05-01 00:00:00 UTC,293,1224,412410848,11.939722222222223
2014-05-01 00:00:00 UTC,293,1225,412410848,3.2618055555555552
2014-05-01 00:00:00 UTC,293,1232,412400865,6.0022222222222235
2014-05-01 00:00:00 UTC,293,1224,412410337,9.3947222222222226
2014-05-01 00:00:00 UTC,293,1224,412410338,4.1355555555555554
2014-05-01 00:00:00 UTC,293,1222,412436451,4.8947222222222218
2014-05-01 00:00:00 UTC,293,1221,412436451,4.642500000000001
2014-05-01 00:00:00 UTC,293,1233,412413667,3.2829166666666669
2014-05-01 00:00:00 UTC,293,1229,412411111,4.6618055555555555
2014-05-01 00:00:00 UTC,293,1227,412411111,4.4876388888888892
2014-05-01 00:00:00 UTC,293,1232,412436203,1.4331944444444444
2014-05-01 00:00:00 UTC,293,1231,412435692,0.72625000000000006
2014-05-01 00:00:00 UTC,293,1232,412435692,0.69972222222222225
2014-05-01 00:00:00 UTC,293,1227,412436206,1.7045833333333333
2014-05-01 00:00:00 UTC,293,1227,412435186,5.4440277777777784
2014-05-01 00:00:00 UTC,293,1228,412435186,1.1058333333333334
2014-05-01 00:00:00 UTC,293,1227,412435187,4.3220833333333335
2014-05-01 00:00:00 UTC,293,1228,412435187,1.6640277777777777
2014-05-01 00:00:00 UTC,293,1232,412436467,7.5244444444444447
2014-05-01 00:00:00 UTC,293,1231,412436731,3.3663888888888889
2014-05-01 00:00:00 UTC,293,1231,412436732,2.5431944444444445
2014-05-01 00:00:00 UTC,293,1228,412435965,1.7584722222222222
2014-05-01 00:00:00 UTC,293,1227,412436221,6.5825
2014-05-01 00:00:00 UTC,293,1226,412435966,1.23
2014-05-01 00:00:00 UTC,293,1228,412435966,2.8845833333333335
2014-05-01 00:00:00 UTC,549,139,218442000,5.9947222222222223
2014-05-01 00:00:00 UTC,549,141,218442000,2.028888888888889
2014-05-01 00:00:00 UTC,549,135,218442000,0.43374999999999997
2014-05-01 00:00:00 UTC,549,138,218442000,5.3833333333333337
2014-05-01 00:00:00 UTC,549,136,218442000,1.1443055555555555
2014-05-01 00:00:00 UTC,549,137,218442000,0.96902777777777782
2014-05-01 00:00:00 UTC,549,-1649,369524000,4.83
2014-05-01 00:00:00 UTC,549,-1648,369524000,7.0237500000000006
2014-05-01 00:00:00 UTC,549,137,219796000,8.2958333333333343
2014-05-01 00:00:00 UTC,549,136,219796000,0.8716666666666667
2014-05-01 00:00:00 UTC,549,139,211517230,0.98458333333333337
2014-05-01 00:00:00 UTC,549,141,211517230,1.2206944444444445
2014-05-01 00:00:00 UTC,549,138,211517230,1.2777777777777777
2014-05-01 00:00:00 UTC,549,140,211517230,1.2631944444444445
2014-05-01 00:00:00 UTC,549,136,211517230,1.2101388888888889
2014-05-01 00:00:00 UTC,549,137,211517230,1.2738888888888888
2014-05-01 00:00:00 UTC,549,139,266099000,1.4247222222222222
2014-05-01 00:00:00 UTC,549,138,266099000,2.4180555555555556
2014-05-01 00:00:00 UTC,549,136,266099000,3.3013888888888889
2014-05-01 00:00:00 UTC,549,137,266099000,4.2029166666666669
2014-05-01 00:00:00 UTC,549,140,219012671,7.6459722222222224
2014-05-01 00:00:00 UTC,549,136,219012671,5.604861111111112
2014-05-01 00:00:00 UTC,549,138,219012671,5.991944444444445
2014-05-01 00:00:00 UTC,549,144,219012671,1.0245833333333334
2014-05-01 00:00:00 UTC,549,137,219012671,1.0911111111111111
2014-05-01 00:00:00 UTC,549,139,219012671,1.5133333333333332
2014-05-01 00:00:00 UTC,549,136,211400000,1.1327777777777777
2014-05-01 00:00:00 UTC,549,138,211400000,4.5819444444444448
2014-05-01 00:00:00 UTC,549,139,211400000,2.5672222222222221
2014-05-01 00:00:00 UTC,549,137,211400000,1.0656944444444445
2014-05-01 00:00:00 UTC,549,135,211400000,0.4356944444444445
2014-05-01 00:00:00 UTC,549,141,211400000,7.1558333333333337
2014-05-01 00:00:00 UTC,549,82,211815000,1.0495833333333333
2014-05-01 00:00:00 UTC,549,83,211815000,2.4609722222222223
2014-05-01 00:00:00 UTC,549,139,211516260,1.50125
2014-05-01 00:00:00 UTC,549,140,211516260,5.4395833333333332
2014-05-01 00:00:00 UTC,549,137,266053000,1.8883333333333332
2014-05-01 00:00:00 UTC,549,136,266053000,2.182638888888889
2014-05-01 00:00:00 UTC,549,138,266053000,2.1140277777777778
2014-05-01 00:00:00 UTC,549,137,211535000,3.7016666666666667
2014-05-01 00:00:00 UTC,549,138,211535000,11.683055555555553
2014-05-01 00:00:00 UTC,549,141,211317720,1.7666666666666668
2014-05-01 00:00:00 UTC,549,1485,273352930,12.489027777777777
2014-05-01 00:00:00 UTC,549,-1650,369174000,2.3973611111111111
2014-05-01 00:00:00 UTC,-475,-609,412326883,7.1558333333333328
2014-05-01 00:00:00 UTC,-219,1653,540004100,1.8484722222222221
2014-05-01 00:00:00 UTC,-219,1584,540003900,3.831666666666667
2014-05-01 00:00:00 UTC,-219,501,660001400,3.9254166666666666
2014-05-01 00:00:00 UTC,-219,502,660001400,2.1222222222222222
2014-05-01 00:00:00 UTC,-219,558,660000200,3.2802777777777781
2014-05-01 00:00:00 UTC,-219,557,660000200,5.7833333333333332
2014-05-01 00:00:00 UTC,-219,11,224578000,1.92625
2014-05-01 00:00:00 UTC,38,-1491,441536000,1.6125
2014-05-01 00:00:00 UTC,38,-1493,441536000,1.7668055555555555
2014-05-01 00:00:00 UTC,38,-1490,441536000,2.1693055555555554
2014-05-01 00:00:00 UTC,38,-1492,441536000,1.5554166666666669
2014-05-01 00:00:00 UTC,38,-1320,432448000,1.2527777777777778
2014-05-01 00:00:00 UTC,38,-1318,432448000,1.84875
2014-05-01 00:00:00 UTC,38,-1319,432448000,1.1297222222222221
2014-05-01 00:00:00 UTC,38,-1551,441043000,0.83347222222222217
2014-05-01 00:00:00 UTC,38,-1552,441043000,0.91944444444444429
2014-05-01 00:00:00 UTC,38,-1420,432914000,1.3683333333333332
2014-05-01 00:00:00 UTC,38,-1376,441660000,1.850138888888889
2014-05-01 00:00:00 UTC,38,-1380,441660000,1.252361111111111
2014-05-01 00:00:00 UTC,38,-213,224380000,1.8070833333333334
2014-05-01 00:00:00 UTC,38,-1394,432475000,0.47500000000000003
2014-05-01 00:00:00 UTC,38,-1392,432475000,1.236388888888889
2014-05-01 00:00:00 UTC,38,-1500,440656000,0.76666666666666661
2014-05-01 00:00:00 UTC,38,-1661,440549000,0.49888888888888888
2014-05-01 00:00:00 UTC,38,-1660,440549000,0.34416666666666662
2014-05-01 00:00:00 UTC,38,-1659,440549000,1.7874999999999999
2014-05-01 00:00:00 UTC,38,-386,224261000,1.67625
2014-05-01 00:00:00 UTC,38,-1395,431938000,2.7354166666666666
2014-05-01 00:00:00 UTC,38,1797,416004566,3.6577777777777776
2014-05-01 00:00:00 UTC,38,1798,416004566,2.4763888888888888
2014-05-01 00:00:00 UTC,38,1799,416004566,2.9806944444444445
2014-05-01 00:00:00 UTC,38,-1800,416004566,5.499305555555555
2014-05-01 00:00:00 UTC,38,-1375,441015000,0.67083333333333339
2014-05-01 00:00:00 UTC,38,-1656,440055000,1.8402777777777777
2014-05-01 00:00:00 UTC,38,-1372,441014000,1.8747222222222222
2014-05-01 00:00:00 UTC,294,1221,412436992,1.3158333333333332
2014-05-01 00:00:00 UTC,294,1220,412436992,6.477777777777777
2014-05-01 00:00:00 UTC,294,1231,412435713,5.4790277777777776
2014-05-01 00:00:00 UTC,294,1232,412436481,13.854444444444443
2014-05-01 00:00:00 UTC,294,1228,412438273,2.8594444444444442
2014-05-01 00:00:00 UTC,294,1227,412438274,1.375
2014-05-01 00:00:00 UTC,294,1228,412438274,5.3679166666666669
2014-05-01 00:00:00 UTC,294,1228,412436484,1.8559722222222221
2014-05-01 00:00:00 UTC,294,1229,412436484,0.25597222222222221
2014-05-01 00:00:00 UTC,294,1228,412435973,4.926111111111112
2014-05-01 00:00:00 UTC,294,1227,412438023,2.1745833333333335
2014-05-01 00:00:00 UTC,294,1228,412438023,5.1916666666666673
2014-05-01 00:00:00 UTC,294,1231,412436493,6.7273611111111116
2014-05-01 00:00:00 UTC,294,1229,413409806,0.94138888888888883
2014-05-01 00:00:00 UTC,294,1227,413409806,11.0125
2014-05-01 00:00:00 UTC,294,1228,413409806,2.350138888888889
2014-05-01 00:00:00 UTC,294,1232,412437006,5.2475000000000005
2014-05-01 00:00:00 UTC,294,1227,412438804,1.7722222222222221
2014-05-01 00:00:00 UTC,294,1232,412435734,2.5194444444444444
2014-05-01 00:00:00 UTC,294,1231,412435734,1.025
2014-05-01 00:00:00 UTC,294,1232,412437527,16.88125
2014-05-01 00:00:00 UTC,294,1226,412438807,22.249027777777776
2014-05-01 00:00:00 UTC,294,1228,214321432,6.6284722222222232
2014-05-01 00:00:00 UTC,294,1226,412438808,7.2663888888888888
2014-05-01 00:00:00 UTC,294,1228,412437273,3.6679166666666667
2014-05-01 00:00:00 UTC,294,1228,412437274,3.0351388888888886
2014-05-01 00:00:00 UTC,294,1228,412438048,0.81972222222222224
2014-05-01 00:00:00 UTC,294,1227,412438048,1.7470833333333333
2014-05-01 00:00:00 UTC,294,1229,412438048,0.59638888888888886
2014-05-01 00:00:00 UTC,294,1229,412435745,0.21861111111111112
2014-05-01 00:00:00 UTC,294,1227,412435493,0.7369444444444444
2014-05-01 00:00:00 UTC,294,1232,412436005,2.802777777777778
2014-05-01 00:00:00 UTC,294,1229,412436517,0.47097222222222224
2014-05-01 00:00:00 UTC,294,1228,412436517,1.7081944444444443
2014-05-01 00:00:00 UTC,294,1226,412439077,8.9958333333333318
2014-05-01 00:00:00 UTC,294,1225,412439077,2.0623611111111111
2014-05-01 00:00:00 UTC,294,1232,412413733,1.8602777777777779
2014-05-01 00:00:00 UTC,294,1232,412436006,3.399027777777778
2014-05-01 00:00:00 UTC,294,1231,412435495,0.45902777777777781
2014-05-01 00:00:00 UTC,294,1226,412438311,2.4956944444444447
2014-05-01 00:00:00 UTC,294,1227,412436264,1.3390277777777779
2014-05-01 00:00:00 UTC,294,1225,412438824,0.26666666666666666
2014-05-01 00:00:00 UTC,294,1226,412438824,11.306527777777776
2014-05-01 00:00:00 UTC,294,1227,412400680,7.9363888888888887
2014-05-01 00:00:00 UTC,294,1226,412439341,5.64375
2014-05-01 00:00:00 UTC,294,1232,412436014,3.8991666666666669
2014-05-01 00:00:00 UTC,294,1232,412437039,2.1941666666666668
2014-05-01 00:00:00 UTC,294,1231,412437039,1.4575
2014-05-01 00:00:00 UTC,294,1229,413449007,0.56666666666666665
2014-05-01 00:00:00 UTC,294,1227,413449007,2.6470833333333332
2014-05-01 00:00:00 UTC,294,1228,413449007,4.8127777777777778
2014-05-01 00:00:00 UTC,294,1232,412437043,2.4590277777777776
2014-05-01 00:00:00 UTC,294,1227,412436532,0.8915277777777777
2014-05-01 00:00:00 UTC,294,1226,412438581,20.488611111111108
2014-05-01 00:00:00 UTC,294,1225,412435254,2.4818055555555558
2014-05-01 00:00:00 UTC,294,1226,412435513,2.8197222222222225
2014-05-01 00:00:00 UTC,294,1229,412437817,1.1761111111111111
2014-05-01 00:00:00 UTC,294,1228,412437817,1.2201388888888891
2014-05-01 00:00:00 UTC,294,1226,412435514,1.5458333333333334
2014-05-01 00:00:00 UTC,294,1229,412435517,1.3254166666666667
2014-05-01 00:00:00 UTC,294,1228,412435517,1.226388888888889
2014-05-01 00:00:00 UTC,294,1226,412435517,1.8063888888888888
2014-05-01 00:00:00 UTC,294,1226,412435518,0.85375
2014-05-01 00:00:00 UTC,294,1229,412435518,0.7072222222222222
2014-05-01 00:00:00 UTC,294,1227,412435518,1.1173611111111112
2014-05-01 00:00:00 UTC,294,1228,412435518,0.87541666666666673
2014-05-01 00:00:00 UTC,294,1228,412412481,4.9322222222222214
2014-05-01 00:00:00 UTC,294,1226,412438595,10.060555555555556
2014-05-01 00:00:00 UTC,294,1225,412438595,3.0702777777777781
2014-05-01 00:00:00 UTC,294,1227,412412483,6.1836111111111105
2014-05-01 00:00:00 UTC,294,1227,412412484,7.0293055555555553
2014-05-01 00:00:00 UTC,294,1229,412413252,2.9705555555555554
2014-05-01 00:00:00 UTC,294,1228,412413255,0.81208333333333338
2014-05-01 00:00:00 UTC,294,1229,412436808,6.6095833333333323
2014-05-01 00:00:00 UTC,294,1228,412436808,0.60416666666666674
2014-05-01 00:00:00 UTC,294,1231,412412488,0.67319444444444443
2014-05-01 00:00:00 UTC,294,1229,412436809,2.7765277777777779
2014-05-01 00:00:00 UTC,294,1226,412438605,16.276527777777776
2014-05-01 00:00:00 UTC,294,1225,412438605,2.8280555555555553
2014-05-01 00:00:00 UTC,294,1232,412436302,13.299027777777777
2014-05-01 00:00:00 UTC,294,1232,412436303,5.1425
2014-05-01 00:00:00 UTC,294,1228,412437071,13.370138888888889
2014-05-01 00:00:00 UTC,294,1228,412437072,7.3433333333333337
2014-05-01 00:00:00 UTC,294,1227,412435282,8.2181944444444444
2014-05-01 00:00:00 UTC,294,1226,412435282,2.6870833333333333
2014-05-01 00:00:00 UTC,294,1226,412438866,6.6429166666666664
2014-05-01 00:00:00 UTC,294,1232,412436307,3.5140277777777778
2014-05-01 00:00:00 UTC,294,1232,412437331,7.0543055555555556
2014-05-01 00:00:00 UTC,294,1232,412413523,1.6848611111111111
2014-05-01 00:00:00 UTC,294,1231,412435287,2.964722222222222
2014-05-01 00:00:00 UTC,294,1228,412435799,0.96444444444444455
2014-05-01 00:00:00 UTC,294,1221,412437847,0.28361111111111109
2014-05-01 00:00:00 UTC,294,1220,412437847,5.152916666666667
2014-05-01 00:00:00 UTC,294,1228,412412504,6.7686111111111114
2014-05-01 00:00:00 UTC,294,1220,412436314,6.19875
2014-05-01 00:00:00 UTC,294,1232,412437338,6.4766666666666675
2014-05-01 00:00:00 UTC,294,1229,412413274,2.260416666666667
2014-05-01 00:00:00 UTC,294,1227,412436571,7.4525
2014-05-01 00:00:00 UTC,294,1228,412436571,1.6102777777777777
2014-05-01 00:00:00 UTC,294,1220,412437854,2.6390277777777782
2014-05-01 00:00:00 UTC,294,1221,412437854,0.89222222222222225
2014-05-01 00:00:00 UTC,294,1232,412412767,2.1027777777777779
2014-05-01 00:00:00 UTC,294,1229,412436064,6.6398611111111121
2014-05-01 00:00:00 UTC,294,1228,412436576,2.060972222222222
2014-05-01 00:00:00 UTC,294,1227,412436576,3.2809722222222222
2014-05-01 00:00:00 UTC,294,1229,412436576,0.87388888888888894
2014-05-01 00:00:00 UTC,294,1228,412412256,1.86375
2014-05-01 00:00:00 UTC,294,1229,412412256,2.9530555555555562
2014-05-01 00:00:00 UTC,294,1227,412435553,2.1590277777777778
2014-05-01 00:00:00 UTC,294,1229,412435553,0.26902777777777775
2014-05-01 00:00:00 UTC,294,1228,412435553,3.2349999999999994
2014-05-01 00:00:00 UTC,294,1230,412435553,0.52958333333333329
2014-05-01 00:00:00 UTC,294,1229,412412257,2.9101388888888891
2014-05-01 00:00:00 UTC,294,1227,412412257,0.94944444444444454
2014-05-01 00:00:00 UTC,294,1228,412412257,1.4009722222222223
2014-05-01 00:00:00 UTC,294,1228,412435046,1.5416666666666665
2014-05-01 00:00:00 UTC,294,1227,412435046,2.8177777777777782
2014-05-01 00:00:00 UTC,294,1229,412435046,1.1376388888888889
2014-05-01 00:00:00 UTC,294,1227,412435047,1.6006944444444446
2014-05-01 00:00:00 UTC,294,1229,412435047,1.1266666666666665
2014-05-01 00:00:00 UTC,294,1228,412435047,3.4595833333333328
2014-05-01 00:00:00 UTC,294,1227,412419176,2.580972222222222
2014-05-01 00:00:00 UTC,294,1226,412419176,1.1844444444444444
2014-05-01 00:00:00 UTC,294,1220,412414056,1.6813888888888886
2014-05-01 00:00:00 UTC,294,1219,412414056,11.252083333333333
2014-05-01 00:00:00 UTC,294,1232,412435307,7.3179166666666671
2014-05-01 00:00:00 UTC,294,1225,412418412,4.3002777777777776
2014-05-01 00:00:00 UTC,294,1226,412418412,5.6340277777777779
2014-05-01 00:00:00 UTC,294,1231,200005740,11.637361111111112
2014-05-01 00:00:00 UTC,294,1232,412435309,2.0298611111111113
2014-05-01 00:00:00 UTC,294,1227,412436589,4.0113888888888889
2014-05-01 00:00:00 UTC,294,1229,412436589,0.63402777777777775
2014-05-01 00:00:00 UTC,294,1228,412436589,2.0915277777777779
2014-05-01 00:00:00 UTC,294,1220,412437101,6.1191666666666666
2014-05-01 00:00:00 UTC,294,1221,412437101,0.2425
2014-05-01 00:00:00 UTC,294,1227,412436079,1.5195833333333333
2014-05-01 00:00:00 UTC,294,1227,412437359,5.510416666666667
2014-05-01 00:00:00 UTC,294,1227,412435568,2.9944444444444445
2014-05-01 00:00:00 UTC,294,1228,412413296,1.673888888888889
2014-05-01 00:00:00 UTC,294,1226,412438641,3.48125
2014-05-01 00:00:00 UTC,294,1225,412438641,5.1015277777777781
2014-05-01 00:00:00 UTC,294,1232,412437107,1.7890277777777777
2014-05-01 00:00:00 UTC,294,1228,412436343,3.3976388888888884
2014-05-01 00:00:00 UTC,294,1227,412436343,3.7193055555555556
2014-05-01 00:00:00 UTC,294,1229,412436343,0.56222222222222218
2014-05-01 00:00:00 UTC,294,1229,412437371,1.4127777777777777
2014-05-01 00:00:00 UTC,294,1228,412437371,2.6619444444444444
2014-05-01 00:00:00 UTC,294,1230,412437883,0.90055555555555555
2014-05-01 00:00:00 UTC,294,1227,412437883,2.4283333333333337
2014-05-01 00:00:00 UTC,294,1228,412437883,1.836111111111111
2014-05-01 00:00:00 UTC,294,1228,412436608,2.004861111111111
2014-05-01 00:00:00 UTC,294,1227,412436608,3.2118055555555554
2014-05-01 00:00:00 UTC,294,1232,412413568,1.709027777777778
2014-05-01 00:00:00 UTC,294,1227,412436353,3.2833333333333332
2014-05-01 00:00:00 UTC,294,1229,412436353,0.93736111111111109
2014-05-01 00:00:00 UTC,294,1228,412436353,3.5600000000000005
2014-05-01 00:00:00 UTC,294,1226,412438657,5.325
2014-05-01 00:00:00 UTC,294,1227,412438657,1.7081944444444446
2014-05-01 00:00:00 UTC,294,1225,412438657,1.3666666666666667
2014-05-01 00:00:00 UTC,294,1231,412436099,3.2765277777777779
2014-05-01 00:00:00 UTC,294,1231,412436616,0.73458333333333337
2014-05-01 00:00:00 UTC,294,1232,412436616,1.2652777777777779
2014-05-01 00:00:00 UTC,294,1232,412413577,1.3104166666666666
2014-05-01 00:00:00 UTC,294,1229,412436874,4.8731944444444446
2014-05-01 00:00:00 UTC,294,1231,412435595,2.0547222222222223
2014-05-01 00:00:00 UTC,294,1232,412435595,3.3065277777777773
2014-05-01 00:00:00 UTC,294,1232,412435596,2.3334722222222224
2014-05-01 00:00:00 UTC,294,1231,412435596,2.6534722222222218
2014-05-01 00:00:00 UTC,294,1228,412436113,12.244444444444445
2014-05-01 00:00:00 UTC,294,1227,412476049,4.1765277777777783
2014-05-01 00:00:00 UTC,294,1228,412436627,12.752916666666666
2014-05-01 00:00:00 UTC,294,1231,412438164,1.9269444444444443
2014-05-01 00:00:00 UTC,294,1232,412437397,1.074861111111111
2014-05-01 00:00:00 UTC,294,1229,412411541,0.67999999999999994
2014-05-01 00:00:00 UTC,294,1224,412410775,9.3330555555555534
2014-05-01 00:00:00 UTC,294,1225,412410775,5.6758333333333342
2014-05-01 00:00:00 UTC,294,1223,412410775,5.6538888888888881
2014-05-01 00:00:00 UTC,294,1227,412436376,3.8326388888888889
2014-05-01 00:00:00 UTC,294,1228,412438168,2.903194444444444
2014-05-01 00:00:00 UTC,294,1227,412438168,2.8331944444444446
2014-05-01 00:00:00 UTC,294,1227,412436377,2.4109722222222221
2014-05-01 00:00:00 UTC,294,1232,412436634,4.6980555555555554
2014-05-01 00:00:00 UTC,294,1231,412436634,2.1181944444444443
2014-05-01 00:00:00 UTC,294,1231,412435611,1.48
2014-05-01 00:00:00 UTC,294,1232,412437659,2.3916666666666666
2014-05-01 00:00:00 UTC,294,1227,412435868,7.995
2014-05-01 00:00:00 UTC,294,1232,412436384,1.5963888888888889
2014-05-01 00:00:00 UTC,294,1221,412436897,0.48749999999999993
2014-05-01 00:00:00 UTC,294,1229,412438945,4.8147222222222217
2014-05-01 00:00:00 UTC,294,1228,412438946,0.50847222222222221
2014-05-01 00:00:00 UTC,294,1227,412438946,3.1734722222222222
2014-05-01 00:00:00 UTC,294,1229,412438946,1.9965277777777777
2014-05-01 00:00:00 UTC,294,1228,412435879,1.3354166666666667
2014-05-01 00:00:00 UTC,294,1227,412435879,3.8255555555555554
2014-05-01 00:00:00 UTC,294,1226,412438953,3.87625
2014-05-01 00:00:00 UTC,294,1225,412410537,3.3344444444444443
2014-05-01 00:00:00 UTC,294,1228,412435115,0.45166666666666672
2014-05-01 00:00:00 UTC,294,1227,412435115,15.932916666666667
2014-05-01 00:00:00 UTC,294,1220,412437163,7.567916666666668
2014-05-01 00:00:00 UTC,294,1221,412437163,0.70541666666666658
2014-05-01 00:00:00 UTC,294,1228,412435884,1.5669444444444445
2014-05-01 00:00:00 UTC,294,1232,412436141,3.0025
2014-05-01 00:00:00 UTC,294,1228,412413869,9.535
2014-05-01 00:00:00 UTC,294,1220,412435118,5.9487500000000013
2014-05-01 00:00:00 UTC,294,1221,412435118,0.74222222222222212
2014-05-01 00:00:00 UTC,294,1232,412435887,6.9291666666666671
2014-05-01 00:00:00 UTC,294,1226,412410545,0.51388888888888884
2014-05-01 00:00:00 UTC,294,1225,412410545,2.2256944444444442
2014-05-01 00:00:00 UTC,294,1226,413200819,2.9376388888888889
2014-05-01 00:00:00 UTC,294,1232,412436916,11.102222222222222
2014-05-01 00:00:00 UTC,294,1231,412436916,3.1933333333333334
2014-05-01 00:00:00 UTC,294,1229,412435125,2.5791666666666666
2014-05-01 00:00:00 UTC,294,1228,412435125,1.0072222222222222
2014-05-01 00:00:00 UTC,294,1227,412438197,5.8830555555555559
2014-05-01 00:00:00 UTC,294,1219,412400821,0.26680555555555557
2014-05-01 00:00:00 UTC,294,1227,412438198,6.7104166666666663
2014-05-01 00:00:00 UTC,294,1227,412438199,1.359861111111111
2014-05-01 00:00:00 UTC,294,1232,412327607,0.67236111111111119
2014-05-01 00:00:00 UTC,294,1231,412327607,0.42097222222222225
2014-05-01 00:00:00 UTC,294,1233,412327607,2.1408333333333331
2014-05-01 00:00:00 UTC,294,1232,412436664,4.29375
2014-05-01 00:00:00 UTC,294,1232,412436409,6.5375000000000014
2014-05-01 00:00:00 UTC,294,1232,412436665,3.2325000000000004
2014-05-01 00:00:00 UTC,294,1232,412435386,7.597777777777778
2014-05-01 00:00:00 UTC,294,1225,412419003,1.5361111111111112
2014-05-01 00:00:00 UTC,294,1232,412436411,5.4376388888888885
2014-05-01 00:00:00 UTC,294,1228,412435644,9.7941666666666674
2014-05-01 00:00:00 UTC,294,1227,412413116,3.3304166666666668
2014-05-01 00:00:00 UTC,294,1232,412435901,0.90180555555555553
2014-05-01 00:00:00 UTC,294,1224,412410559,3.4222222222222221
2014-05-01 00:00:00 UTC,294,1225,412410559,1.921111111111111
2014-05-01 00:00:00 UTC,294,1223,412410559,5.509722222222222
2014-05-01 00:00:00 UTC,294,1232,412433088,6.2409722222222221
2014-05-01 00:00:00 UTC,294,1228,412435392,7.2245833333333334
2014-05-01 00:00:00 UTC,294,1228,412436929,1.298888888888889
2014-05-01 00:00:00 UTC,294,1231,412437186,0.66250000000000009
2014-05-01 00:00:00 UTC,294,1232,412437186,6.2805555555555568
2014-05-01 00:00:00 UTC,294,1225,412417474,5.8952777777777783
2014-05-01 00:00:00 UTC,294,1224,412417474,19.573888888888888
2014-05-01 00:00:00 UTC,294,1232,412437955,2.0848611111111111
2014-05-01 00:00:00 UTC,294,1231,412437955,1.9497222222222224
2014-05-01 00:00:00 UTC,294,1226,412432068,2.6515277777777775
2014-05-01 00:00:00 UTC,294,1232,412413636,1.2298611111111111
2014-05-01 00:00:00 UTC,294,1224,412359621,13.082083333333332
2014-05-01 00:00:00 UTC,294,1223,412359621,1.9877777777777779
2014-05-01 00:00:00 UTC,294,1232,412435143,1.9797222222222224
2014-05-01 00:00:00 UTC,294,1228,412435911,2.0093055555555557
2014-05-01 00:00:00 UTC,294,1229,412435911,1.0305555555555554
2014-05-01 00:00:00 UTC,294,1229,412436423,7.3688888888888879
2014-05-01 00:00:00 UTC,294,1229,412435656,0.96888888888888891
2014-05-01 00:00:00 UTC,294,1228,412435656,5.0766666666666662
2014-05-01 00:00:00 UTC,294,1226,412400328,1.2851388888888888
2014-05-01 00:00:00 UTC,294,1225,412400328,3.6795833333333334
2014-05-01 00:00:00 UTC,294,1226,412435657,1.1019444444444444
2014-05-01 00:00:00 UTC,294,1223,412410569,5.3047222222222219
2014-05-01 00:00:00 UTC,294,1224,412410569,0.89527777777777784
2014-05-01 00:00:00 UTC,294,1231,412435147,1.7231944444444445
2014-05-01 00:00:00 UTC,294,1232,412435147,1.5663888888888888
2014-05-01 00:00:00 UTC,294,1226,412439243,7.5066666666666668
2014-05-01 00:00:00 UTC,294,1226,412439244,10.189722222222221
2014-05-01 00:00:00 UTC,294,1232,412436174,5.5472222222222225
2014-05-01 00:00:00 UTC,294,1226,412439249,4.5759722222222221
2014-05-01 00:00:00 UTC,294,1227,412437461,2.5225
2014-05-01 00:00:00 UTC,294,1231,412437718,1.4505555555555556
2014-05-01 00:00:00 UTC,294,1232,412437718,1.7133333333333332
2014-05-01 00:00:00 UTC,294,1228,412436441,0.40805555555555556
2014-05-01 00:00:00 UTC,294,1229,412436441,0.53388888888888886
2014-05-01 00:00:00 UTC,294,1222,412422618,1.1781944444444445
2014-05-01 00:00:00 UTC,294,1229,412435421,3.5540277777777778
2014-05-01 00:00:00 UTC,294,1228,412435421,1.689861111111111
2014-05-01 00:00:00 UTC,294,1226,412435167,0.57819444444444446
2014-05-01 00:00:00 UTC,294,1227,412435167,0.53319444444444442
2014-05-01 00:00:00 UTC,294,1228,412435167,1.3098611111111111
2014-05-01 00:00:00 UTC,294,1229,412435167,2.2943055555555554
2014-05-01 00:00:00 UTC,294,1231,412435423,5.21375
2014-05-01 00:00:00 UTC,294,1231,412435935,0.53944444444444439
2014-05-01 00:00:00 UTC,294,1232,412435935,1.7248611111111112
2014-05-01 00:00:00 UTC,294,1232,412437983,5.8627777777777776
2014-05-01 00:00:00 UTC,294,1231,412437983,0.65402777777777776
2014-05-01 00:00:00 UTC,294,1231,412435424,10.438749999999999
2014-05-01 00:00:00 UTC,294,1231,412437986,10.498888888888889
2014-05-01 00:00:00 UTC,294,1224,412410338,1.3069444444444445
2014-05-01 00:00:00 UTC,294,1231,412437987,5.8911111111111119
2014-05-01 00:00:00 UTC,294,1224,412410339,5.9847222222222225
2014-05-01 00:00:00 UTC,294,1223,412410339,7.3690277777777764
2014-05-01 00:00:00 UTC,294,1225,412418788,2.6591666666666667
2014-05-01 00:00:00 UTC,294,1228,412437989,4.0284722222222218
2014-05-01 00:00:00 UTC,294,1227,413574117,6.4143055555555559
2014-05-01 00:00:00 UTC,294,1231,412436199,1.0051388888888888
2014-05-01 00:00:00 UTC,294,1232,412436199,5.0583333333333336
2014-05-01 00:00:00 UTC,294,1228,412411111,1.9400000000000002
2014-05-01 00:00:00 UTC,294,1229,412411111,0.46347222222222217
2014-05-01 00:00:00 UTC,294,1228,412412135,5.4662500000000005
2014-05-01 00:00:00 UTC,294,1225,412418794,8.6972222222222229
2014-05-01 00:00:00 UTC,294,1224,412418794,12.720555555555555
2014-05-01 00:00:00 UTC,294,1231,412422634,1.6369444444444445
2014-05-01 00:00:00 UTC,294,1232,412436203,4.1380555555555558
2014-05-01 00:00:00 UTC,294,1232,412435692,5.3218055555555566
2014-05-01 00:00:00 UTC,294,1228,412437997,12.055
2014-05-01 00:00:00 UTC,294,1228,412435694,2.6877777777777774
2014-05-01 00:00:00 UTC,294,1227,412436206,2.9883333333333333
2014-05-01 00:00:00 UTC,294,1228,412436206,4.012083333333333
2014-05-01 00:00:00 UTC,294,1229,412436206,0.66666666666666663
2014-05-01 00:00:00 UTC,294,1228,412435695,4.9777777777777779
2014-05-01 00:00:00 UTC,294,1227,412435695,7.9475
2014-05-01 00:00:00 UTC,294,1227,412437999,8.4131944444444446
2014-05-01 00:00:00 UTC,294,1228,412435186,3.8711111111111118
2014-05-01 00:00:00 UTC,294,1229,412435186,0.69833333333333325
2014-05-01 00:00:00 UTC,294,1228,412435187,4.1788888888888893
2014-05-01 00:00:00 UTC,294,1229,412435187,0.60166666666666668
2014-05-01 00:00:00 UTC,294,1231,412440051,0.61249999999999993
2014-05-01 00:00:00 UTC,294,1232,412435962,6.4040277777777774
2014-05-01 00:00:00 UTC,294,1228,412435965,2.3454166666666665
2014-05-01 00:00:00 UTC,294,1229,412435965,2.5008333333333335
2014-05-01 00:00:00 UTC,294,1229,412436221,0.29138888888888892
2014-05-01 00:00:00 UTC,294,1228,412436221,3.5620833333333333
2014-05-01 00:00:00 UTC,294,1227,412436221,3.362222222222222
2014-05-01 00:00:00 UTC,294,1228,412435966,1.4069444444444446
2014-05-01 00:00:00 UTC,294,1229,412435966,2.5626388888888889
2014-05-01 00:00:00 UTC,294,1227,412435966,1.2795833333333333
2014-05-01 00:00:00 UTC,294,1226,412435966,0.52152777777777781
2014-05-01 00:00:00 UTC,294,1231,412435455,0.85111111111111115
2014-05-01 00:00:00 UTC,550,141,218442000,3.0881944444444445
2014-05-01 00:00:00 UTC,550,83,219009041,0.22083333333333333
2014-05-01 00:00:00 UTC,550,82,219009041,0.23541666666666666
2014-05-01 00:00:00 UTC,550,84,219009041,6.1590277777777791
2014-05-01 00:00:00 UTC,550,83,219000617,2.71875
2014-05-01 00:00:00 UTC,550,82,219000617,0.48944444444444446
2014-05-01 00:00:00 UTC,550,141,211517230,7.8909722222222216
2014-05-01 00:00:00 UTC,550,140,266099000,5.30625
2014-05-01 00:00:00 UTC,550,138,266099000,1.0976388888888888
2014-05-01 00:00:00 UTC,550,137,266099000,1.5325
2014-05-01 00:00:00 UTC,550,139,266099000,0.45819444444444446
2014-05-01 00:00:00 UTC,550,82,245458000,2.5719444444444441
2014-05-01 00:00:00 UTC,550,83,211815000,1.5272222222222223
2014-05-01 00:00:00 UTC,550,1544,273815900,10.814444444444444
2014-05-01 00:00:00 UTC,550,140,211516260,2.716388888888889
2014-05-01 00:00:00 UTC,550,141,211516260,6.8338888888888887
2014-05-01 00:00:00 UTC,550,-52,235018598,0.92847222222222225
2014-05-01 00:00:00 UTC,550,83,219005286,0.2663888888888889
2014-05-01 00:00:00 UTC,550,84,219005286,11.726527777777775
2014-05-01 00:00:00 UTC,550,138,266053000,1.1181944444444443
2014-05-01 00:00:00 UTC,550,137,266053000,7.7727777777777778
2014-05-01 00:00:00 UTC,550,139,266053000,1.5220833333333332
2014-05-01 00:00:00 UTC,550,80,244174000,3.8272222222222223
2014-05-01 00:00:00 UTC,550,82,244174000,2.0595833333333333
2014-05-01 00:00:00 UTC,550,81,244174000,4.0418055555555554
2014-05-01 00:00:00 UTC,550,79,244174000,3.0322222222222219
2014-05-01 00:00:00 UTC,550,84,219001275,7.443194444444444
2014-05-01 00:00:00 UTC,550,82,219001275,1.1138888888888887
2014-05-01 00:00:00 UTC,550,1480,273352930,4.5509722222222226
2014-05-01 00:00:00 UTC,550,1481,273352930,7.1526388888888892
2014-05-01 00:00:00 UTC,550,-1643,366433000,7.649861111111111
2014-05-01 00:00:00 UTC,550,-1644,366433000,7.04125
2014-05-01 00:00:00 UTC,-474,-607,412439586,7.2341666666666669
2014-05-01 00:00:00 UTC,-474,-608,412420678,3.6761111111111116
2014-05-01 00:00:00 UTC,-474,-608,412326883,6.1123611111111114
2014-05-01 00:00:00 UTC,-218,1652,540004100,3.5569444444444445
2014-05-01 00:00:00 UTC,-218,556,660000200,1.8306944444444444
2014-05-01 00:00:00 UTC,39,-1496,441536000,0.97513888888888878
2014-05-01 00:00:00 UTC,39,-1490,441536000,1.6768055555555554
2014-05-01 00:00:00 UTC,39,-1497,441536000,0.98763888888888884
2014-05-01 00:00:00 UTC,39,-1493,441536000,1.5455555555555556
2014-05-01 00:00:00 UTC,39,-1495,441536000,0.75152777777777779
2014-05-01 00:00:00 UTC,39,-1494,441536000,2.7111111111111112
2014-05-01 00:00:00 UTC,39,-1319,432448000,1.9581944444444446
2014-05-01 00:00:00 UTC,39,-1318,432448000,1.6633333333333336
2014-05-01 00:00:00 UTC,39,-1553,441043000,1.6819444444444445
2014-05-01 00:00:00 UTC,39,-1551,441043000,1.2931944444444443
2014-05-01 00:00:00 UTC,39,-1552,441043000,2.4405555555555551
2014-05-01 00:00:00 UTC,39,-1556,441043000,1.8363888888888888
2014-05-01 00:00:00 UTC,39,-1554,441043000,0.9362499999999998
2014-05-01 00:00:00 UTC,39,-220,224044870,1.7125
2014-05-01 00:00:00 UTC,39,-221,224044870,3.95125
2014-05-01 00:00:00 UTC,39,-1421,432914000,1.5683333333333334
2014-05-01 00:00:00 UTC,39,-1497,440807000,0.92930555555555561
2014-05-01 00:00:00 UTC,39,-1374,440966000,1.2751388888888888
2014-05-01 00:00:00 UTC,39,-1377,440966000,1.5261111111111112
2014-05-01 00:00:00 UTC,39,-1375,440966000,0.90708333333333335
2014-05-01 00:00:00 UTC,39,-1392,432475000,2.0870833333333332
2014-05-01 00:00:00 UTC,39,-1394,432475000,0.80277777777777781
2014-05-01 00:00:00 UTC,39,-1660,440549000,1.3666666666666667
2014-05-01 00:00:00 UTC,39,-1662,440549000,1.2891666666666666
2014-05-01 00:00:00 UTC,39,1798,416004566,4.5544444444444441
2014-05-01 00:00:00 UTC,39,-1376,441015000,1.5074999999999998
2014-05-01 00:00:00 UTC,295,1219,412436992,1.199861111111111
2014-05-01 00:00:00 UTC,295,1228,412438273,0.84722222222222221
2014-05-01 00:00:00 UTC,295,1228,412438274,0.8569444444444444
2014-05-01 00:00:00 UTC,295,1228,412438023,1.1330555555555557
2014-05-01 00:00:00 UTC,295,1220,412436492,5.8159722222222223
2014-05-01 00:00:00 UTC,295,1232,412437006,0.92319444444444443
2014-05-01 00:00:00 UTC,295,1224,412410384,6.8923611111111107
2014-05-01 00:00:00 UTC,295,1227,412438804,9.0884722222222241
2014-05-01 00:00:00 UTC,295,1231,412435734,0.32930555555555557
2014-05-01 00:00:00 UTC,295,1228,214321432,3.9037499999999996
2014-05-01 00:00:00 UTC,295,1226,412438808,8.3898611111111112
2014-05-01 00:00:00 UTC,295,1227,412438808,0.79930555555555549
2014-05-01 00:00:00 UTC,295,1220,412435996,13.382499999999995
2014-05-01 00:00:00 UTC,295,1219,412435996,0.27888888888888891
2014-05-01 00:00:00 UTC,295,1227,412439324,8.207361111111112
2014-05-01 00:00:00 UTC,295,1226,412439324,0.65652777777777782
2014-05-01 00:00:00 UTC,295,1227,412435493,0.87430555555555556
2014-05-01 00:00:00 UTC,295,1227,412439077,5.5706944444444444
2014-05-01 00:00:00 UTC,295,1226,412439077,5.5812500000000007
2014-05-01 00:00:00 UTC,295,1231,412435495,0.40666666666666668
2014-05-01 00:00:00 UTC,295,1226,412438311,1.1958333333333333
2014-05-01 00:00:00 UTC,295,1231,412436264,0.986388888888889
2014-05-01 00:00:00 UTC,295,1228,412436264,1.1955555555555555
2014-05-01 00:00:00 UTC,295,1227,412436264,1.8331944444444446
2014-05-01 00:00:00 UTC,295,1230,412436264,0.60402777777777783
2014-05-01 00:00:00 UTC,295,1229,412436264,2.0854166666666667
2014-05-01 00:00:00 UTC,295,1226,412438824,4.2738888888888891
2014-05-01 00:00:00 UTC,295,1227,412438824,1.1688888888888889
2014-05-01 00:00:00 UTC,295,1226,412439341,8.6343055555555548
2014-05-01 00:00:00 UTC,295,1228,413449007,1.1805555555555556
2014-05-01 00:00:00 UTC,295,1227,412436532,1.0001388888888889
2014-05-01 00:00:00 UTC,295,1226,412438581,0.76138888888888889
2014-05-01 00:00:00 UTC,295,1227,412438581,5.3533333333333344
2014-05-01 00:00:00 UTC,295,1228,412412481,3.6843055555555551
2014-05-01 00:00:00 UTC,295,1227,412438595,3.028194444444444
2014-05-01 00:00:00 UTC,295,1226,412438595,1.0511111111111111
2014-05-01 00:00:00 UTC,295,1227,412412483,5.439166666666666
2014-05-01 00:00:00 UTC,295,1227,412412484,4.5415277777777776
2014-05-01 00:00:00 UTC,295,1229,412412484,0.27333333333333332
2014-05-01 00:00:00 UTC,295,1229,412413252,0.57222222222222219
2014-05-01 00:00:00 UTC,295,1228,412413255,4.1870833333333337
2014-05-01 00:00:00 UTC,295,1229,412413255,3.1238888888888887
2014-05-01 00:00:00 UTC,295,1231,412412488,0.59652777777777777
2014-05-01 00:00:00 UTC,295,1229,412413259,3.7388888888888889
2014-05-01 00:00:00 UTC,295,1226,412438605,1.6916666666666669
2014-05-01 00:00:00 UTC,295,1228,412437071,0.97083333333333333
2014-05-01 00:00:00 UTC,295,1228,412437072,3.5869444444444443
2014-05-01 00:00:00 UTC,295,1227,412435282,5.5001388888888885
2014-05-01 00:00:00 UTC,295,1226,412438866,2.0904166666666666
2014-05-01 00:00:00 UTC,295,1231,412435287,0.30402777777777779
2014-05-01 00:00:00 UTC,295,1221,412435032,5.0709722222222213
2014-05-01 00:00:00 UTC,295,1229,412413274,1.5390277777777777
2014-05-01 00:00:00 UTC,295,1232,412412767,1.0551388888888888
2014-05-01 00:00:00 UTC,295,1220,412437347,4.3637500000000005
2014-05-01 00:00:00 UTC,295,1232,412413795,5.1518055555555566
2014-05-01 00:00:00 UTC,295,1232,412412267,0.82263888888888892
2014-05-01 00:00:00 UTC,295,1220,412437101,0.76277777777777778
2014-05-01 00:00:00 UTC,295,1228,412436079,0.33375
2014-05-01 00:00:00 UTC,295,1227,412436079,1.2036111111111112
2014-05-01 00:00:00 UTC,295,1227,412437359,4.589722222222222
2014-05-01 00:00:00 UTC,295,1227,412435568,1.7073611111111111
2014-05-01 00:00:00 UTC,295,1226,412435568,6.1015277777777781
2014-05-01 00:00:00 UTC,295,1228,412413296,6.471805555555556
2014-05-01 00:00:00 UTC,295,1227,412438641,6.03236111111111
2014-05-01 00:00:00 UTC,295,1226,412438641,8.7190277777777787
2014-05-01 00:00:00 UTC,295,1227,412401010,2.8584722222222223
2014-05-01 00:00:00 UTC,295,1232,412437107,0.83208333333333329
2014-05-01 00:00:00 UTC,295,1227,412415861,0.19097222222222221
2014-05-01 00:00:00 UTC,295,1228,412436608,2.3059722222222221
2014-05-01 00:00:00 UTC,295,1227,412436608,1.1511111111111112
2014-05-01 00:00:00 UTC,295,1232,412413568,0.33708333333333335
2014-05-01 00:00:00 UTC,295,1228,412436353,1.2662499999999999
2014-05-01 00:00:00 UTC,295,1226,412438657,0.38861111111111113
2014-05-01 00:00:00 UTC,295,1225,412438657,0.4581944444444444
2014-05-01 00:00:00 UTC,295,1227,412438657,2.4183333333333334
2014-05-01 00:00:00 UTC,295,1228,412436113,16.597638888888888
2014-05-01 00:00:00 UTC,295,1227,412476049,7.6823611111111116
2014-05-01 00:00:00 UTC,295,1220,412435863,3.2593055555555552
2014-05-01 00:00:00 UTC,295,1221,412435863,2.4661111111111111
2014-05-01 00:00:00 UTC,295,1225,412410775,3.0708333333333333
2014-05-01 00:00:00 UTC,295,1227,412436377,1.4781944444444444
2014-05-01 00:00:00 UTC,295,1227,412435868,6.941250000000001
2014-05-01 00:00:00 UTC,295,1221,412436636,4.5247222222222225
2014-05-01 00:00:00 UTC,295,1221,412436897,6.2306944444444445
2014-05-01 00:00:00 UTC,295,1221,412438177,5.4573611111111111
2014-05-01 00:00:00 UTC,295,1228,412438946,1.1648611111111109
2014-05-01 00:00:00 UTC,295,1227,412438946,0.89305555555555549
2014-05-01 00:00:00 UTC,295,1229,412415908,9.6558333333333337
2014-05-01 00:00:00 UTC,295,1225,412412581,0.23194444444444445
2014-05-01 00:00:00 UTC,295,1224,412412581,15.705555555555561
2014-05-01 00:00:00 UTC,295,1220,412437926,7.257083333333334
2014-05-01 00:00:00 UTC,295,1221,412437926,0.87625000000000008
2014-05-01 00:00:00 UTC,295,1220,412437928,8.2054166666666681
2014-05-01 00:00:00 UTC,295,1221,412437928,0.21361111111111111
2014-05-01 00:00:00 UTC,295,1226,412438953,3.3355555555555556
2014-05-01 00:00:00 UTC,295,1227,412435115,4.2263888888888888
2014-05-01 00:00:00 UTC,295,1228,412435884,10.068333333333333
2014-05-01 00:00:00 UTC,295,1228,412413869,3.5620833333333333
2014-05-01 00:00:00 UTC,295,1221,412435637,1.8126388888888889
2014-05-01 00:00:00 UTC,295,1222,412435637,4.2668055555555551
2014-05-01 00:00:00 UTC,295,1227,412438197,7.3083333333333336
2014-05-01 00:00:00 UTC,295,1227,412438198,7.6431944444444442
2014-05-01 00:00:00 UTC,295,1231,412436919,3.3604166666666666
2014-05-01 00:00:00 UTC,295,1230,412436919,0.29972222222222222
2014-05-01 00:00:00 UTC,295,1227,412438199,1.5808333333333333
2014-05-01 00:00:00 UTC,295,1230,412438199,0.40125
2014-05-01 00:00:00 UTC,295,1228,412438199,1.3518055555555555
2014-05-01 00:00:00 UTC,295,1229,412438199,3.6777777777777776
2014-05-01 00:00:00 UTC,295,1233,412327607,0.66722222222222216
2014-05-01 00:00:00 UTC,295,1224,412419003,14.792361111111113
2014-05-01 00:00:00 UTC,295,1225,412419003,1.7447222222222218
2014-05-01 00:00:00 UTC,295,1227,412413116,4.5547222222222228
2014-05-01 00:00:00 UTC,295,1227,412415420,0.75638888888888889
2014-05-01 00:00:00 UTC,295,1228,412436929,0.39152777777777781
2014-05-01 00:00:00 UTC,295,1226,412432068,1.4909722222222221
2014-05-01 00:00:00 UTC,295,1227,412435657,0.685
2014-05-01 00:00:00 UTC,295,1228,412435657,1.7222222222222223
2014-05-01 00:00:00 UTC,295,1230,412436937,0.29597222222222225
2014-05-01 00:00:00 UTC,295,1231,412436937,2.5101388888888891
2014-05-01 00:00:00 UTC,295,1225,412410569,5.21638888888889
2014-05-01 00:00:00 UTC,295,1224,412410569,2.896527777777778
2014-05-01 00:00:00 UTC,295,1226,412439244,3.2479166666666663
2014-05-01 00:00:00 UTC,295,1217,412439247,14.198333333333334
2014-05-01 00:00:00 UTC,295,1216,412439247,6.8615277777777779
2014-05-01 00:00:00 UTC,295,1226,412439249,5.0344444444444445
2014-05-01 00:00:00 UTC,295,1227,412437461,1.2741666666666669
2014-05-01 00:00:00 UTC,295,1227,412436441,8.129999999999999
2014-05-01 00:00:00 UTC,295,1229,412436441,1.4854166666666666
2014-05-01 00:00:00 UTC,295,1228,412436441,0.56694444444444447
2014-05-01 00:00:00 UTC,295,1226,412438745,1.6958333333333333
2014-05-01 00:00:00 UTC,295,1222,412422618,3.2601388888888883
2014-05-01 00:00:00 UTC,295,1221,412436701,6.9822222222222221
2014-05-01 00:00:00 UTC,295,1225,412410339,4.4102777777777771
2014-05-01 00:00:00 UTC,295,1224,412410339,1.7386111111111111
2014-05-01 00:00:00 UTC,295,1227,413574117,3.7122222222222221
2014-05-01 00:00:00 UTC,295,1228,412412135,4.2837499999999995
2014-05-01 00:00:00 UTC,295,1226,412418794,0.28527777777777774
2014-05-01 00:00:00 UTC,295,1234,200004074,4.7027777777777775
2014-05-01 00:00:00 UTC,295,1233,200004074,10.673055555555555
2014-05-01 00:00:00 UTC,295,1220,412436715,6.264444444444444
2014-05-01 00:00:00 UTC,295,1232,413415660,2.9975
2014-05-01 00:00:00 UTC,295,1228,412437997,1.4845833333333334
2014-05-01 00:00:00 UTC,295,1228,412435694,0.24986111111111109
2014-05-01 00:00:00 UTC,295,1228,412436206,1.3038888888888889
2014-05-01 00:00:00 UTC,295,1228,412435695,1.4619444444444443
2014-05-01 00:00:00 UTC,295,1229,412437999,2.6097222222222225
2014-05-01 00:00:00 UTC,295,1231,412437999,0.55125
2014-05-01 00:00:00 UTC,295,1230,412437999,1.0377777777777779
2014-05-01 00:00:00 UTC,295,1220,412436473,5.5375
2014-05-01 00:00:00 UTC,295,1220,412436986,1.6050000000000002
2014-05-01 00:00:00 UTC,551,184,265781000,0.69000000000000006
2014-05-01 00:00:00 UTC,551,83,219009041,10.534305555555555
2014-05-01 00:00:00 UTC,551,84,219009041,6.9027777777777795
2014-05-01 00:00:00 UTC,551,141,219796000,0.55875000000000008
2014-05-01 00:00:00 UTC,551,142,219796000,9.72236111111111
2014-05-01 00:00:00 UTC,551,83,219000617,8.987222222222222
2014-05-01 00:00:00 UTC,551,84,219000617,0.70111111111111113
2014-05-01 00:00:00 UTC,551,1545,273815900,3.7526388888888889
2014-05-01 00:00:00 UTC,551,1533,273815900,5.6133333333333333
2014-05-01 00:00:00 UTC,551,1544,273815900,3.0358333333333332
2014-05-01 00:00:00 UTC,551,-52,235018598,2.0702777777777781
2014-05-01 00:00:00 UTC,551,83,219005286,9.0929166666666656
2014-05-01 00:00:00 UTC,551,84,219005286,3.056944444444444
2014-05-01 00:00:00 UTC,551,140,266053000,1.4794444444444443
2014-05-01 00:00:00 UTC,551,68,246009000,0.71194444444444449
2014-05-01 00:00:00 UTC,551,80,244174000,2.0856944444444441
2014-05-01 00:00:00 UTC,551,81,219001275,0.46402777777777776
2014-05-01 00:00:00 UTC,551,83,219001275,1.7973611111111112
2014-05-01 00:00:00 UTC,551,82,219001275,1.8538888888888889
2014-05-01 00:00:00 UTC,551,84,219001275,5.9759722222222216
2014-05-01 00:00:00 UTC,551,-53,235103683,8.17111111111111
2014-05-01 00:00:00 UTC,551,-53,235021774,0.31541666666666668
2014-05-01 00:00:00 UTC,551,-1642,366433000,3.8555555555555552
2014-05-01 00:00:00 UTC,551,-1643,366433000,3.8030555555555554
2014-05-01 00:00:00 UTC,551,-1644,366433000,0.57055555555555548
2014-05-01 00:00:00 UTC,551,-560,316013290,4.747638888888889
2014-05-01 00:00:00 UTC,551,1534,273825520,4.637083333333333
2014-05-01 00:00:00 UTC,-473,-608,412420678,11.042777777777777
2014-05-01 00:00:00 UTC,-473,-608,412694470,7.2826388888888882
2014-05-01 00:00:00 UTC,40,-1490,441536000,2.15125
2014-05-01 00:00:00 UTC,40,-1497,441536000,1.979166666666667
2014-05-01 00:00:00 UTC,40,-1491,441536000,1.8638888888888889
2014-05-01 00:00:00 UTC,40,-1319,432448000,1.683888888888889
2014-05-01 00:00:00 UTC,40,-1800,416004662,0.49999999999999994
2014-05-01 00:00:00 UTC,40,-1794,416004662,1.8172222222222223
2014-05-01 00:00:00 UTC,40,-1796,416004662,1.8666666666666667
2014-05-01 00:00:00 UTC,40,-1799,416004662,1.712361111111111
2014-05-01 00:00:00 UTC,40,-1798,416004662,1.5583333333333336
2014-05-01 00:00:00 UTC,40,1796,416004662,4.6625
2014-05-01 00:00:00 UTC,40,1798,416004662,4.5501388888888883
2014-05-01 00:00:00 UTC,40,-1797,416004662,1.8459722222222223
2014-05-01 00:00:00 UTC,40,-1555,441043000,1.1947222222222222
2014-05-01 00:00:00 UTC,40,-1556,441043000,1.8002777777777776
2014-05-01 00:00:00 UTC,40,-1551,441043000,2.4769444444444444
2014-05-01 00:00:00 UTC,40,-222,224044870,1.8775000000000002
2014-05-01 00:00:00 UTC,40,-219,224044870,0.87916666666666665
2014-05-01 00:00:00 UTC,40,-218,224044870,1.1293055555555556
2014-05-01 00:00:00 UTC,40,-1421,432914000,0.8798611111111112
2014-05-01 00:00:00 UTC,40,-1422,432914000,1.2177777777777778
2014-05-01 00:00:00 UTC,40,-1498,440807000,1.3166666666666669
2014-05-01 00:00:00 UTC,40,-211,224380000,2.75875
2014-05-01 00:00:00 UTC,40,-1393,432475000,0.48611111111111116
2014-05-01 00:00:00 UTC,40,-1661,440549000,1.8734722222222222
2014-05-01 00:00:00 UTC,40,-1378,441015000,2.2202777777777776
2014-05-01 00:00:00 UTC,40,-1376,441015000,1.7611111111111111
2014-05-01 00:00:00 UTC,296,1228,412410885,4.4383333333333335
2014-05-01 00:00:00 UTC,296,1218,412437773,0.26458333333333334
2014-05-01 00:00:00 UTC,296,1217,412437773,3.3423611111111109
2014-05-01 00:00:00 UTC,296,1219,412438285,0.52541666666666664
2014-05-01 00:00:00 UTC,296,1224,412410384,0.32791666666666663
2014-05-01 00:00:00 UTC,296,1226,412438804,6.0290277777777774
2014-05-01 00:00:00 UTC,296,1227,412438804,4.4609722222222228
2014-05-01 00:00:00 UTC,296,1219,666656789,1.7336111111111112
2014-05-01 00:00:00 UTC,296,1228,214321432,12.624861111111114
2014-05-01 00:00:00 UTC,296,1225,412416027,7.4813888888888886
2014-05-01 00:00:00 UTC,296,1226,412416027,1.38875
2014-05-01 00:00:00 UTC,296,1227,412435493,1.6468055555555556
2014-05-01 00:00:00 UTC,296,1227,412422956,1.236388888888889
2014-05-01 00:00:00 UTC,296,1225,412439341,7.8043055555555547
2014-05-01 00:00:00 UTC,296,1224,412439341,0.49527777777777771
2014-05-01 00:00:00 UTC,296,1228,412436271,1.4866666666666668
2014-05-01 00:00:00 UTC,296,1227,412436532,2.0334722222222221
2014-05-01 00:00:00 UTC,296,1228,412436532,3.2809722222222222
2014-05-01 00:00:00 UTC,296,1220,412437047,4.5879166666666666
2014-05-01 00:00:00 UTC,296,1219,412501825,7.4108333333333336
2014-05-01 00:00:00 UTC,296,1220,412501825,0.49250000000000005
2014-05-01 00:00:00 UTC,296,1228,412412481,13.206944444444444
2014-05-01 00:00:00 UTC,296,1227,412412483,3.2876388888888886
2014-05-01 00:00:00 UTC,296,1227,412412484,4.1537500000000005
2014-05-01 00:00:00 UTC,296,1229,412413252,9.1034722222222211
2014-05-01 00:00:00 UTC,296,1232,412437573,3.169027777777778
2014-05-01 00:00:00 UTC,296,1228,412413255,3.1380555555555558
2014-05-01 00:00:00 UTC,296,1229,412413255,9.8205555555555542
2014-05-01 00:00:00 UTC,296,1229,412413259,1.484861111111111
2014-05-01 00:00:00 UTC,296,1229,412413274,6.2163888888888881
2014-05-01 00:00:00 UTC,296,1225,412416608,0.22652777777777777
2014-05-01 00:00:00 UTC,296,1220,412437347,1.9993055555555554
2014-05-01 00:00:00 UTC,296,1228,412436079,2.4154166666666668
2014-05-01 00:00:00 UTC,296,1228,412437359,0.5344444444444445
2014-05-01 00:00:00 UTC,296,1227,412437359,0.79583333333333328
2014-05-01 00:00:00 UTC,296,1227,412435568,2.993611111111111
2014-05-01 00:00:00 UTC,296,1226,412435568,1.5068055555555557
2014-05-01 00:00:00 UTC,296,1228,412413296,12.644305555555553
2014-05-01 00:00:00 UTC,296,1218,412439409,15.009583333333328
2014-05-01 00:00:00 UTC,296,1219,412439409,1.1426388888888888
2014-05-01 00:00:00 UTC,296,1228,412415861,5.020833333333333
2014-05-01 00:00:00 UTC,296,1229,412415861,0.41500000000000004
2014-05-01 00:00:00 UTC,296,1227,412415861,1.2933333333333334
2014-05-01 00:00:00 UTC,296,1228,412413306,3.3588888888888886
2014-05-01 00:00:00 UTC,296,1218,412435584,2.4929166666666669
2014-05-01 00:00:00 UTC,296,1219,412435584,1.0159722222222221
2014-05-01 00:00:00 UTC,296,1228,412436608,10.910555555555556
2014-05-01 00:00:00 UTC,296,1228,412411013,5.0106944444444448
2014-05-01 00:00:00 UTC,296,1227,412476049,8.57625
2014-05-01 00:00:00 UTC,296,1227,412436376,2.4458333333333333
2014-05-01 00:00:00 UTC,296,1227,412436377,2.3945833333333333
2014-05-01 00:00:00 UTC,296,1225,412439451,5.9856944444444444
2014-05-01 00:00:00 UTC,296,1226,412439451,0.43277777777777776
2014-05-01 00:00:00 UTC,296,1227,412435868,10.586666666666666
2014-05-01 00:00:00 UTC,296,1220,412436381,2.8052777777777775
2014-05-01 00:00:00 UTC,296,1219,412436381,8.9716666666666658
2014-05-01 00:00:00 UTC,296,1219,412435617,0.42958333333333337
2014-05-01 00:00:00 UTC,296,1218,412435617,2.7383333333333333
2014-05-01 00:00:00 UTC,296,1228,412745121,6.9233333333333338
2014-05-01 00:00:00 UTC,296,1225,412412581,0.57166666666666666
2014-05-01 00:00:00 UTC,296,1228,412413098,3.2320833333333336
2014-05-01 00:00:00 UTC,296,1227,412435115,1.862222222222222
2014-05-01 00:00:00 UTC,296,1218,412439468,2.5523611111111113
2014-05-01 00:00:00 UTC,296,1219,412439468,2.0204166666666667
2014-05-01 00:00:00 UTC,296,1228,412413869,13.81763888888889
2014-05-01 00:00:00 UTC,296,1219,412439471,8.85486111111111
2014-05-01 00:00:00 UTC,296,1220,412439471,0.24444444444444446
2014-05-01 00:00:00 UTC,296,1227,412413361,1.3669444444444443
2014-05-01 00:00:00 UTC,296,1228,412413361,1.9423611111111114
2014-05-01 00:00:00 UTC,296,1229,412413361,2.9540277777777773
2014-05-01 00:00:00 UTC,296,1227,412438197,1.8951388888888889
2014-05-01 00:00:00 UTC,296,1227,412438198,3.6551388888888892
2014-05-01 00:00:00 UTC,296,1227,412415420,8.0701388888888879
2014-05-01 00:00:00 UTC,296,1218,412439485,1.2715277777777778
2014-05-01 00:00:00 UTC,296,1219,412439485,3.7808333333333328
2014-05-01 00:00:00 UTC,296,1218,412439496,1.7316666666666665
2014-05-01 00:00:00 UTC,296,1219,412439496,1.5073611111111112
2014-05-01 00:00:00 UTC,296,1219,412439498,0.6004166666666666
2014-05-01 00:00:00 UTC,296,1218,412439498,2.4016666666666664
2014-05-01 00:00:00 UTC,296,1227,412437461,2.4548611111111112
2014-05-01 00:00:00 UTC,296,1227,412436441,2.0536111111111115
2014-05-01 00:00:00 UTC,296,1228,412436441,3.0005555555555556
2014-05-01 00:00:00 UTC,296,1229,412436441,1.0140277777777778
2014-05-01 00:00:00 UTC,296,1226,412438745,0.43819444444444444
2014-05-01 00:00:00 UTC,296,1219,412439514,0.50819444444444439
2014-05-01 00:00:00 UTC,296,1228,412411356,3.275555555555556
2014-05-01 00:00:00 UTC,296,1225,412417763,1.5370833333333331
2014-05-01 00:00:00 UTC,296,1226,412417763,3.0141666666666667
2014-05-01 00:00:00 UTC,296,1227,413574117,5.2327777777777769
2014-05-01 00:00:00 UTC,296,1228,412412135,12.243888888888888
2014-05-01 00:00:00 UTC,296,1227,412413932,4.7148611111111105
2014-05-01 00:00:00 UTC,296,1228,412412662,11.582083333333335
2014-05-01 00:00:00 UTC,296,1229,200005886,5.7290277777777776
2014-05-01 00:00:00 UTC,552,184,265781000,9.4643055555555549
2014-05-01 00:00:00 UTC,552,59,245813000,5.8365277777777775
2014-05-01 00:00:00 UTC,552,185,261011770,0.41847222222222225
2014-05-01 00:00:00 UTC,552,-50,235000897,0.99791666666666656
2014-05-01 00:00:00 UTC,552,-52,235000897,3.6277777777777773
2014-05-01 00:00:00 UTC,552,-51,235000897,2.213888888888889
2014-05-01 00:00:00 UTC,552,-51,234781000,1.3177777777777777
2014-05-01 00:00:00 UTC,552,-50,234781000,0.35
2014-05-01 00:00:00 UTC,552,-52,234013000,2.595416666666666
2014-05-01 00:00:00 UTC,552,-50,234013000,2.7679166666666664
2014-05-01 00:00:00 UTC,552,-53,234013000,0.3208333333333333
2014-05-01 00:00:00 UTC,552,-51,234013000,6.35013888888889
2014-05-01 00:00:00 UTC,552,72,246269000,0.21680555555555556
2014-05-01 00:00:00 UTC,552,-1639,368583000,11.082916666666671
2014-05-01 00:00:00 UTC,552,-1640,368583000,4.57375
2014-05-01 00:00:00 UTC,552,-52,233820000,5.7912500000000007
2014-05-01 00:00:00 UTC,552,-51,233820000,2.4354166666666668
2014-05-01 00:00:00 UTC,552,-50,233820000,3.4069444444444446
2014-05-01 00:00:00 UTC,552,184,266332000,13.765972222222221
2014-05-01 00:00:00 UTC,552,-53,235018598,0.34444444444444444
2014-05-01 00:00:00 UTC,552,-51,235018598,10.525833333333333
2014-05-01 00:00:00 UTC,552,-52,235018598,4.3327777777777783
2014-05-01 00:00:00 UTC,552,80,244806000,0.96472222222222226
2014-05-01 00:00:00 UTC,552,68,246009000,0.21722222222222223
2014-05-01 00:00:00 UTC,552,80,244174000,2.003055555555556
2014-05-01 00:00:00 UTC,552,142,265630900,3.9808333333333334
2014-05-01 00:00:00 UTC,552,83,219001275,3.4269444444444446
2014-05-01 00:00:00 UTC,552,84,219001275,1.8772222222222223
2014-05-01 00:00:00 UTC,552,-53,235103683,8.48013888888889
2014-05-01 00:00:00 UTC,552,-50,235103683,4.1026388888888894
2014-05-01 00:00:00 UTC,552,-52,235005900,2.0808333333333331
2014-05-01 00:00:00 UTC,552,-50,235005900,9.11472222222222
2014-05-01 00:00:00 UTC,552,-53,235005900,1.1948611111111112
2014-05-01 00:00:00 UTC,552,-51,235005900,0.71597222222222223
2014-05-01 00:00:00 UTC,552,-53,235021774,5.0384722222222225
2014-05-01 00:00:00 UTC,552,-52,235021774,3.8420833333333331
2014-05-01 00:00:00 UTC,552,-1661,338626000,0.28750000000000003
2014-05-01 00:00:00 UTC,552,-560,316013290,6.9356944444444446
2014-05-01 00:00:00 UTC,552,-559,316013290,7.1702777777777778
2014-05-01 00:00:00 UTC,552,1534,273825520,2.322222222222222
2014-05-01 00:00:00 UTC,552,1533,273825520,3.7954166666666667
2014-05-01 00:00:00 UTC,-472,-759,725000285,1.5736111111111111
2014-05-01 00:00:00 UTC,-472,-758,725000285,8.3691666666666666
2014-05-01 00:00:00 UTC,-472,-608,412694470,6.9356944444444437
2014-05-01 00:00:00 UTC,-472,-608,412371195,9.7693055555555546
2014-05-01 00:00:00 UTC,-472,-607,412371196,3.8079166666666664
2014-05-01 00:00:00 UTC,-472,-608,412371196,5.6766666666666667
2014-05-01 00:00:00 UTC,41,-1319,432448000,1.47125
2014-05-01 00:00:00 UTC,41,-1551,441043000,1.54125
2014-05-01 00:00:00 UTC,41,-1550,441043000,0.87180555555555561
2014-05-01 00:00:00 UTC,41,-224,224044870,2.2515277777777776
2014-05-01 00:00:00 UTC,41,-215,224044870,1.0719444444444444
2014-05-01 00:00:00 UTC,41,-217,224044870,1.800138888888889
2014-05-01 00:00:00 UTC,41,-216,224044870,0.88041666666666674
2014-05-01 00:00:00 UTC,41,-1422,432914000,2.6990277777777778
2014-05-01 00:00:00 UTC,41,-1377,440966000,1.88375
2014-05-01 00:00:00 UTC,41,-1394,432475000,0.84166666666666667
2014-05-01 00:00:00 UTC,41,-1392,432475000,2.7666666666666666
2014-05-01 00:00:00 UTC,41,-1663,440549000,0.84569444444444453
2014-05-01 00:00:00 UTC,41,-1661,440549000,0.91791666666666671
2014-05-01 00:00:00 UTC,41,-1662,440549000,0.92180555555555554
2014-05-01 00:00:00 UTC,41,-1664,440549000,0.87083333333333335
2014-05-01 00:00:00 UTC,41,-1377,441015000,1.8477777777777777
2014-05-01 00:00:00 UTC,41,-1487,440886000,1.8506944444444444
2014-05-01 00:00:00 UTC,41,-1485,440886000,1.7675
2014-05-01 00:00:00 UTC,297,1228,412410885,4.6563888888888894
2014-05-01 00:00:00 UTC,297,1230,412320007,0.70041666666666669
2014-05-01 00:00:00 UTC,297,1225,412410384,4.1063888888888886
2014-05-01 00:00:00 UTC,297,1227,412438804,2.2505555555555556
2014-05-01 00:00:00 UTC,297,1220,666656789,0.94430555555555562
2014-05-01 00:00:00 UTC,297,1219,666656789,0.7747222222222222
2014-05-01 00:00:00 UTC,297,1225,412412949,4.8533333333333335
2014-05-01 00:00:00 UTC,297,1225,412416027,5.8304166666666655
2014-05-01 00:00:00 UTC,297,1226,412416027,2.6902777777777773
2014-05-01 00:00:00 UTC,297,1226,412435492,0.25472222222222224
2014-05-01 00:00:00 UTC,297,1227,412435492,8.92736111111111
2014-05-01 00:00:00 UTC,297,1227,412435493,5.1945833333333349
2014-05-01 00:00:00 UTC,297,1226,412435493,0.24375000000000002
2014-05-01 00:00:00 UTC,297,1227,412422956,16.887222222222221
2014-05-01 00:00:00 UTC,297,1224,412439341,0.93916666666666671
2014-05-01 00:00:00 UTC,297,1228,412436271,6.7740277777777775
2014-05-01 00:00:00 UTC,297,1234,412421424,0.95583333333333331
2014-05-01 00:00:00 UTC,297,1235,412421424,19.271250000000002
2014-05-01 00:00:00 UTC,297,1227,412436532,2.3180555555555555
2014-05-01 00:00:00 UTC,297,1228,412436532,2.149861111111111
2014-05-01 00:00:00 UTC,297,1225,412418107,4.7116666666666678
2014-05-01 00:00:00 UTC,297,1219,412501825,3.0383333333333331
2014-05-01 00:00:00 UTC,297,1220,412501825,1.7140277777777777
2014-05-01 00:00:00 UTC,297,1225,412436291,12.175694444444444
2014-05-01 00:00:00 UTC,297,1227,412412483,3.1891666666666669
2014-05-01 00:00:00 UTC,297,1227,412412484,2.649027777777778
2014-05-01 00:00:00 UTC,297,1231,412435013,0.57958333333333334
2014-05-01 00:00:00 UTC,297,1232,412437573,9.4170833333333324
2014-05-01 00:00:00 UTC,297,1228,412422217,13.304583333333333
2014-05-01 00:00:00 UTC,297,1226,412422217,3.9381944444444446
2014-05-01 00:00:00 UTC,297,1228,412400201,2.9030555555555555
2014-05-01 00:00:00 UTC,297,1226,412416604,15.172083333333333
2014-05-01 00:00:00 UTC,297,1227,412416604,1.8216666666666668
2014-05-01 00:00:00 UTC,297,1225,412416608,4.2745833333333332
2014-05-01 00:00:00 UTC,297,1228,412436079,6.865555555555555
2014-05-01 00:00:00 UTC,297,1228,412437359,7.7479166666666668
2014-05-01 00:00:00 UTC,297,1227,412435568,1.7284722222222222
2014-05-01 00:00:00 UTC,297,1218,412439409,3.6363888888888889
2014-05-01 00:00:00 UTC,297,1227,412413306,3.3513888888888888
2014-05-01 00:00:00 UTC,297,1229,412438656,9.952361111111113
2014-05-01 00:00:00 UTC,297,1228,412438656,5.1454166666666667
2014-05-01 00:00:00 UTC,297,1228,412411013,3.3547222222222217
2014-05-01 00:00:00 UTC,297,1226,412422285,0.74805555555555547
2014-05-01 00:00:00 UTC,297,1226,412436376,0.21027777777777779
2014-05-01 00:00:00 UTC,297,1227,412436376,3.4833333333333334
2014-05-01 00:00:00 UTC,297,1226,412436377,0.27416666666666667
2014-05-01 00:00:00 UTC,297,1227,412436377,3.5222222222222217
2014-05-01 00:00:00 UTC,297,1227,412436122,2.9979166666666663
2014-05-01 00:00:00 UTC,297,1226,412436122,0.86152777777777778
2014-05-01 00:00:00 UTC,297,1227,412436123,12.206666666666667
2014-05-01 00:00:00 UTC,297,1220,412436381,0.65541666666666665
2014-05-01 00:00:00 UTC,297,1228,412745121,4.2993055555555566
2014-05-01 00:00:00 UTC,297,1227,412745121,0.5872222222222222
2014-05-01 00:00:00 UTC,297,1228,412422306,0.953611111111111
2014-05-01 00:00:00 UTC,297,1228,412413098,3.9744444444444449
2014-05-01 00:00:00 UTC,297,1227,412435115,4.464722222222222
2014-05-01 00:00:00 UTC,297,1219,412439468,6.0262499999999992
2014-05-01 00:00:00 UTC,297,1220,412439471,8.15152777777778
2014-05-01 00:00:00 UTC,297,1219,412439471,2.688333333333333
2014-05-01 00:00:00 UTC,297,1227,412413361,1.4018055555555555
2014-05-01 00:00:00 UTC,297,1228,412413361,3.7904166666666663
2014-05-01 00:00:00 UTC,297,1226,412410548,15.833333333333332
2014-05-01 00:00:00 UTC,297,1227,412438197,3.1374999999999997
2014-05-01 00:00:00 UTC,297,1227,412438198,2.9802777777777774
2014-05-01 00:00:00 UTC,297,1224,412327607,0.12833333333333333
2014-05-01 00:00:00 UTC,297,1228,412415420,0.69625
2014-05-01 00:00:00 UTC,297,1227,412415420,4.966388888888889
2014-05-01 00:00:00 UTC,297,1219,412439485,5.5330555555555545
2014-05-01 00:00:00 UTC,297,1219,412439496,8.3170833333333309
2014-05-01 00:00:00 UTC,297,1218,412439498,0.32944444444444443
2014-05-01 00:00:00 UTC,297,1219,412439498,14.884027777777774
2014-05-01 00:00:00 UTC,297,1227,412437461,3.3181944444444444
2014-05-01 00:00:00 UTC,297,1228,412436441,5.5331944444444456
2014-05-01 00:00:00 UTC,297,1227,412436441,0.22777777777777777
2014-05-01 00:00:00 UTC,297,1220,412439514,0.7368055555555556
2014-05-01 00:00:00 UTC,297,1219,412439514,1.5325
2014-05-01 00:00:00 UTC,297,1227,412411356,4.1470833333333337
2014-05-01 00:00:00 UTC,297,1227,412325602,5.5255555555555551
2014-05-01 00:00:00 UTC,297,1226,412325602,0.46486111111111111
2014-05-01 00:00:00 UTC,297,1225,412417763,17.058333333333341
2014-05-01 00:00:00 UTC,297,1227,412413932,10.443194444444444
2014-05-01 00:00:00 UTC,297,1227,412412662,6.9831944444444449
2014-05-01 00:00:00 UTC,297,1228,412412662,4.2118055555555554
2014-05-01 00:00:00 UTC,553,57,244704000,9.3966666666666665
2014-05-01 00:00:00 UTC,553,184,265781000,1.7979166666666666
2014-05-01 00:00:00 UTC,553,59,245813000,0.12847222222222221
2014-05-01 00:00:00 UTC,553,83,219011867,4.1865277777777781
2014-05-01 00:00:00 UTC,553,83,219000617,0.92444444444444451
2014-05-01 00:00:00 UTC,553,84,219000617,9.6568055555555556
2014-05-01 00:00:00 UTC,553,-52,235000897,1.06375
2014-05-01 00:00:00 UTC,553,-50,235000897,1.8431944444444448
2014-05-01 00:00:00 UTC,553,-51,235000897,2.4234722222222227
2014-05-01 00:00:00 UTC,553,-52,234781000,3.2891666666666666
2014-05-01 00:00:00 UTC,553,-51,234781000,2.9054166666666665
2014-05-01 00:00:00 UTC,553,-50,234781000,1.9209722222222223
2014-05-01 00:00:00 UTC,553,-50,234013000,2.8284722222222225
2014-05-01 00:00:00 UTC,553,-51,234013000,3.8961111111111109
2014-05-01 00:00:00 UTC,553,-52,234013000,0.83847222222222217
2014-05-01 00:00:00 UTC,553,73,246269000,0.45
2014-05-01 00:00:00 UTC,553,74,246269000,0.21944444444444444
2014-05-01 00:00:00 UTC,553,72,246269000,0.46083333333333337
2014-05-01 00:00:00 UTC,553,-1639,368583000,0.82611111111111113
2014-05-01 00:00:00 UTC,553,-1640,368583000,6.9099999999999993
2014-05-01 00:00:00 UTC,553,-51,233820000,3.7065277777777772
2014-05-01 00:00:00 UTC,553,-54,233820000,2.7276388888888889
2014-05-01 00:00:00 UTC,553,-52,233820000,0.94833333333333336
2014-05-01 00:00:00 UTC,553,-53,233820000,1.7734722222222221
2014-05-01 00:00:00 UTC,553,-50,233820000,3.2598611111111113
2014-05-01 00:00:00 UTC,553,-51,235018598,2.3983333333333339
2014-05-01 00:00:00 UTC,553,79,244806000,1.4669444444444446
2014-05-01 00:00:00 UTC,553,80,244806000,0.88291666666666668
2014-05-01 00:00:00 UTC,553,78,244806000,1.1647222222222222
2014-05-01 00:00:00 UTC,553,78,246372000,1.5644444444444447
2014-05-01 00:00:00 UTC,553,68,246009000,0.82986111111111116
2014-05-01 00:00:00 UTC,553,79,244174000,1.65875
2014-05-01 00:00:00 UTC,553,78,244174000,0.84583333333333344
2014-05-01 00:00:00 UTC,553,80,244174000,1.1434722222222222
2014-05-01 00:00:00 UTC,553,-52,235005900,4.2443055555555551
2014-05-01 00:00:00 UTC,553,-53,235005900,0.35805555555555557
2014-05-01 00:00:00 UTC,553,-50,235005900,2.5298611111111113
2014-05-01 00:00:00 UTC,553,-51,235005900,3.6927777777777777
2014-05-01 00:00:00 UTC,553,-83,235091405,7.2669444444444453
2014-05-01 00:00:00 UTC,553,-84,235091405,2.7591666666666668
2014-05-01 00:00:00 UTC,553,-53,235021774,1.9223611111111112
2014-05-01 00:00:00 UTC,553,-55,235021774,0.47972222222222222
2014-05-01 00:00:00 UTC,553,-54,235021774,2.6572222222222224
2014-05-01 00:00:00 UTC,553,-560,316013290,5.4543055555555551
2014-05-01 00:00:00 UTC,-471,-607,412439588,7.197222222222222
2014-05-01 00:00:00 UTC,-471,511,635218000,1.6362499999999998
2014-05-01 00:00:00 UTC,-471,-607,412440152,7.9520833333333334
2014-05-01 00:00:00 UTC,-471,-606,412440156,1.5504166666666666
2014-05-01 00:00:00 UTC,-471,-606,412420318,11.661666666666667
2014-05-01 00:00:00 UTC,-471,-607,412420318,3.0802777777777779
2014-05-01 00:00:00 UTC,-471,1673,512004085,0.82527777777777778
2014-05-01 00:00:00 UTC,-471,-608,412371195,3.0154166666666669
2014-05-01 00:00:00 UTC,-471,-607,412371196,4.7515277777777776
2014-05-01 00:00:00 UTC,42,-1497,441536000,0.84027777777777779
2014-05-01 00:00:00 UTC,42,-1318,432448000,1.8420833333333333
2014-05-01 00:00:00 UTC,42,-1501,441374000,1.7597222222222222
2014-05-01 00:00:00 UTC,42,-1502,441374000,1.5597222222222222
2014-05-01 00:00:00 UTC,42,-1503,441374000,1.1526388888888888
2014-05-01 00:00:00 UTC,42,-1509,441374000,1.8555555555555556
2014-05-01 00:00:00 UTC,42,-1507,441374000,2.087361111111111
2014-05-01 00:00:00 UTC,42,-1500,441374000,1.5708333333333333
2014-05-01 00:00:00 UTC,42,-1506,441374000,1.67375
2014-05-01 00:00:00 UTC,42,-1504,441374000,1.3763888888888889
2014-05-01 00:00:00 UTC,42,-1505,441374000,1.2695833333333333
2014-05-01 00:00:00 UTC,42,-1508,441374000,1.8195833333333333
2014-05-01 00:00:00 UTC,42,-1794,416004662,1.6622222222222223
2014-05-01 00:00:00 UTC,42,-1551,441043000,2.27625
2014-05-01 00:00:00 UTC,42,-1550,441043000,0.014027777777777778
2014-05-01 00:00:00 UTC,42,-214,224044870,1.8070833333333334
2014-05-01 00:00:00 UTC,42,-15,200002124,6.090694444444444
2014-05-01 00:00:00 UTC,42,-1377,440966000,1.7516666666666667
2014-05-01 00:00:00 UTC,42,-1663,440549000,0.89180555555555552
2014-05-01 00:00:00 UTC,42,-1662,440549000,1.4343055555555555
2014-05-01 00:00:00 UTC,42,-1377,441015000,1.4580555555555557
2014-05-01 00:00:00 UTC,42,-1663,440055000,1.2473611111111111
2014-05-01 00:00:00 UTC,42,-1489,440886000,1.1690277777777778
2014-05-01 00:00:00 UTC,42,-1499,440886000,0.81513888888888886
2014-05-01 00:00:00 UTC,42,-1501,440886000,2.4948611111111112
2014-05-01 00:00:00 UTC,298,1228,412410885,7.6013888888888879
2014-05-01 00:00:00 UTC,298,1225,412412949,10.332916666666666
2014-05-01 00:00:00 UTC,298,1226,412412949,5.840416666666667
2014-05-01 00:00:00 UTC,298,1228,412486687,1.0906944444444444
2014-05-01 00:00:00 UTC,298,1228,412421409,0.29152777777777777
2014-05-01 00:00:00 UTC,298,1225,412418855,1.1297222222222221
2014-05-01 00:00:00 UTC,298,1227,412422956,5.9720833333333339
2014-05-01 00:00:00 UTC,298,1228,412436271,0.74041666666666672
2014-05-01 00:00:00 UTC,298,1227,412422716,0.31611111111111112
2014-05-01 00:00:00 UTC,298,1225,412436291,20.515972222222224
2014-05-01 00:00:00 UTC,298,1228,412400201,2.0311111111111111
2014-05-01 00:00:00 UTC,298,1226,412410701,16.273750000000007
2014-05-01 00:00:00 UTC,298,1228,412438623,4.4048611111111109
2014-05-01 00:00:00 UTC,298,1225,412416608,8.8187500000000014
2014-05-01 00:00:00 UTC,298,1226,412416608,7.699305555555557
2014-05-01 00:00:00 UTC,298,1228,412421479,1.7441666666666669
2014-05-01 00:00:00 UTC,298,1228,412436079,0.59805555555555556
2014-05-01 00:00:00 UTC,298,1228,412437359,0.6225
2014-05-01 00:00:00 UTC,298,1226,412423034,7.5399999999999991
2014-05-01 00:00:00 UTC,298,1228,412413306,7.1938888888888872
2014-05-01 00:00:00 UTC,298,1228,412438656,2.6018055555555555
2014-05-01 00:00:00 UTC,298,1226,412422275,1.1451388888888889
2014-05-01 00:00:00 UTC,298,1228,412422275,0.27458333333333335
2014-05-01 00:00:00 UTC,298,1228,412411013,13.194861111111111
2014-05-01 00:00:00 UTC,298,1226,412422537,26.935138888888886
2014-05-01 00:00:00 UTC,298,1228,412438922,7.1959722222222222
2014-05-01 00:00:00 UTC,298,1229,412438922,10.2625
2014-05-01 00:00:00 UTC,298,1226,412422285,2.0619444444444444
2014-05-01 00:00:00 UTC,298,1230,412423064,24.012222222222217
2014-05-01 00:00:00 UTC,298,1227,412436122,1.4951388888888888
2014-05-01 00:00:00 UTC,298,1227,412436123,1.5706944444444444
2014-05-01 00:00:00 UTC,298,1228,412745121,7.9695833333333344
2014-05-01 00:00:00 UTC,298,1226,412422306,2.7418055555555552
2014-05-01 00:00:00 UTC,298,1228,412422306,2.8002777777777781
2014-05-01 00:00:00 UTC,298,1228,412422314,1.1949999999999998
2014-05-01 00:00:00 UTC,298,1228,412413098,13.026944444444446
2014-05-01 00:00:00 UTC,298,1229,412413361,5.6891666666666669
2014-05-01 00:00:00 UTC,298,1228,412422323,2.5377777777777779
2014-05-01 00:00:00 UTC,298,1226,412410548,6.7743055555555554
2014-05-01 00:00:00 UTC,298,1225,412410551,0.31555555555555559
2014-05-01 00:00:00 UTC,298,1226,412410551,10.004861111111111
2014-05-01 00:00:00 UTC,298,1228,412413116,6.0672222222222212
2014-05-01 00:00:00 UTC,298,1228,412415420,0.24777777777777776
2014-05-01 00:00:00 UTC,298,1227,412415420,5.1904166666666676
2014-05-01 00:00:00 UTC,298,1225,412410567,0.23166666666666669
2014-05-01 00:00:00 UTC,298,1225,412422603,0.64916666666666667
2014-05-01 00:00:00 UTC,298,1223,412422603,0.79805555555555563
2014-05-01 00:00:00 UTC,298,1224,412422603,2.1779166666666665
2014-05-01 00:00:00 UTC,298,1228,412411356,7.0812500000000007
2014-05-01 00:00:00 UTC,298,1227,412411356,7.6891666666666669
2014-05-01 00:00:00 UTC,298,1226,412410337,3.992777777777778
2014-05-01 00:00:00 UTC,298,1227,412325602,0.97083333333333321
2014-05-01 00:00:00 UTC,298,1226,412325602,0.82736111111111121
2014-05-01 00:00:00 UTC,298,1226,412410338,2.6222222222222218
2014-05-01 00:00:00 UTC,298,1227,412413932,6.6144444444444446
2014-05-01 00:00:00 UTC,298,1228,412412662,0.43680555555555556
2014-05-01 00:00:00 UTC,554,77,220128000,5.3608333333333329
2014-05-01 00:00:00 UTC,554,79,220128000,9.8320833333333315
2014-05-01 00:00:00 UTC,554,80,220128000,0.55958333333333332
2014-05-01 00:00:00 UTC,554,78,220128000,7.8298611111111107
2014-05-01 00:00:00 UTC,554,184,265781000,2.09625
2014-05-01 00:00:00 UTC,554,185,265781000,1.2159722222222222
2014-05-01 00:00:00 UTC,554,60,245813000,5.645
2014-05-01 00:00:00 UTC,554,-99,224069130,17.064027777777778
2014-05-01 00:00:00 UTC,554,77,246047000,8.0333333333333332
2014-05-01 00:00:00 UTC,554,82,219011867,3.252361111111111
2014-05-01 00:00:00 UTC,554,69,246068000,3.8444444444444446
2014-05-01 00:00:00 UTC,554,71,246068000,7.2045833333333329
2014-05-01 00:00:00 UTC,554,72,246068000,2.8401388888888892
2014-05-01 00:00:00 UTC,554,68,246068000,7.883055555555555
2014-05-01 00:00:00 UTC,554,-1560,338643000,1.5794444444444442
2014-05-01 00:00:00 UTC,554,78,220616000,7.885416666666667
2014-05-01 00:00:00 UTC,554,80,220616000,3.8772222222222221
2014-05-01 00:00:00 UTC,554,79,220616000,6.7065277777777776
2014-05-01 00:00:00 UTC,554,74,246269000,0.63625
2014-05-01 00:00:00 UTC,554,1432,273240400,6.9173611111111111
2014-05-01 00:00:00 UTC,554,80,220242000,2.9308333333333332
2014-05-01 00:00:00 UTC,554,81,220242000,1.3594444444444445
2014-05-01 00:00:00 UTC,554,82,220242000,1.7873611111111112
2014-05-01 00:00:00 UTC,554,83,220242000,3.5579166666666668
2014-05-01 00:00:00 UTC,554,82,219001181,1.3665277777777778
2014-05-01 00:00:00 UTC,554,81,219001181,1.0629166666666667
2014-05-01 00:00:00 UTC,554,185,266332000,3.135
2014-05-01 00:00:00 UTC,554,184,266332000,1.2519444444444445
2014-05-01 00:00:00 UTC,554,183,266332000,3.0168055555555555
2014-05-01 00:00:00 UTC,554,82,219001189,1.7743055555555554
2014-05-01 00:00:00 UTC,554,81,219001189,2.4515277777777773
2014-05-01 00:00:00 UTC,554,78,219793000,2.6197222222222223
2014-05-01 00:00:00 UTC,554,79,219793000,2.3973611111111111
2014-05-01 00:00:00 UTC,554,77,219793000,2.5026388888888893
2014-05-01 00:00:00 UTC,554,78,244806000,0.63666666666666671
2014-05-01 00:00:00 UTC,554,77,244806000,1.9619444444444447
2014-05-01 00:00:00 UTC,554,151,261003640,5.9179166666666667
2014-05-01 00:00:00 UTC,554,152,261003640,9.207361111111112
2014-05-01 00:00:00 UTC,554,76,211588480,2.9388888888888882
2014-05-01 00:00:00 UTC,554,78,211588480,3.8495833333333329
2014-05-01 00:00:00 UTC,554,77,211588480,8.2674999999999983
2014-05-01 00:00:00 UTC,554,79,211588480,1.2094444444444445
2014-05-01 00:00:00 UTC,554,1635,273524100,1.4827777777777778
2014-05-01 00:00:00 UTC,554,-96,235215000,0.81180555555555556
2014-05-01 00:00:00 UTC,554,-99,235215000,7.7352777777777781
2014-05-01 00:00:00 UTC,554,-97,235215000,7.189861111111111
2014-05-01 00:00:00 UTC,554,1432,273350810,1.5938888888888889
2014-05-01 00:00:00 UTC,554,78,246372000,0.84736111111111112
2014-05-01 00:00:00 UTC,554,76,246372000,0.85722222222222233
2014-05-01 00:00:00 UTC,554,77,246372000,6.7044444444444462
2014-05-01 00:00:00 UTC,554,77,245348000,1.0686111111111112
2014-05-01 00:00:00 UTC,554,76,245348000,0.43222222222222223
2014-05-01 00:00:00 UTC,554,71,246009000,2.2716666666666665
2014-05-01 00:00:00 UTC,554,68,246009000,0.62777777777777777
2014-05-01 00:00:00 UTC,554,69,246009000,0.84083333333333332
2014-05-01 00:00:00 UTC,554,70,246009000,0.80694444444444446
2014-05-01 00:00:00 UTC,554,77,244174000,2.3329166666666667
2014-05-01 00:00:00 UTC,554,76,244174000,0.24194444444444443
2014-05-01 00:00:00 UTC,554,78,244174000,0.89458333333333329
2014-05-01 00:00:00 UTC,554,142,266360000,3.0795833333333329
2014-05-01 00:00:00 UTC,554,143,266360000,1.3772222222222221
2014-05-01 00:00:00 UTC,554,-83,235091405,2.9424999999999994
2014-05-01 00:00:00 UTC,554,-84,235091405,0.59083333333333332
2014-05-01 00:00:00 UTC,554,-55,235021774,0.53861111111111115
2014-05-01 00:00:00 UTC,554,79,220204000,7.4781944444444441
2014-05-01 00:00:00 UTC,554,80,220204000,1.1872222222222222
2014-05-01 00:00:00 UTC,554,78,220204000,10.256527777777778
2014-05-01 00:00:00 UTC,554,181,275009000,5.0941666666666663
2014-05-01 00:00:00 UTC,554,-83,250369000,1.5297222222222224
2014-05-01 00:00:00 UTC,554,-84,250369000,1.9686111111111111
2014-05-01 00:00:00 UTC,554,1533,273825520,4.8055555555555562
2014-05-01 00:00:00 UTC,554,1532,273825520,7.7191666666666672
2014-05-01 00:00:00 UTC,-470,-607,412328762,7.2148611111111114
2014-05-01 00:00:00 UTC,-470,511,635218000,12.665138888888889
2014-05-01 00:00:00 UTC,-470,-606,412440156,5.3130555555555556
2014-05-01 00:00:00 UTC,-470,-606,412326887,1.5162499999999999
2014-05-01 00:00:00 UTC,-470,-607,412326887,3.9333333333333331
2014-05-01 00:00:00 UTC,-470,-606,412209146,7.2016666666666662
2014-05-01 00:00:00 UTC,-214,541,660000300,3.7512499999999998
2014-05-01 00:00:00 UTC,-214,127,659322000,0.80180555555555555
2014-05-01 00:00:00 UTC,43,-1319,432448000,1.7513888888888889
2014-05-01 00:00:00 UTC,43,-1500,441374000,0.93222222222222229
2014-05-01 00:00:00 UTC,43,-1551,441043000,1.9119444444444444
2014-05-01 00:00:00 UTC,43,-1550,441043000,0.4570833333333334
2014-05-01 00:00:00 UTC,43,-212,224044870,5.4693055555555556
2014-05-01 00:00:00 UTC,43,-1377,440966000,0.915138888888889
2014-05-01 00:00:00 UTC,43,-1378,440966000,1.3762500000000002
2014-05-01 00:00:00 UTC,43,-1395,432475000,1.6416666666666666
2014-05-01 00:00:00 UTC,43,1585,416237700,5.8005555555555555
2014-05-01 00:00:00 UTC,43,-1663,440549000,1.276388888888889
2014-05-01 00:00:00 UTC,43,-1664,440549000,1.9556944444444444
2014-05-01 00:00:00 UTC,43,-1665,440549000,0.83597222222222212
2014-05-01 00:00:00 UTC,43,-1377,441015000,1.6630555555555555
2014-05-01 00:00:00 UTC,43,-1501,440886000,2.6862500000000002
2014-05-01 00:00:00 UTC,299,1229,412422149,0.44916666666666666
2014-05-01 00:00:00 UTC,299,1228,412410885,1.5693055555555555
2014-05-01 00:00:00 UTC,299,1226,412420358,2.4483333333333333
2014-05-01 00:00:00 UTC,299,1226,412422663,12.480138888888888
2014-05-01 00:00:00 UTC,299,1227,412422663,10.902083333333334
2014-05-01 00:00:00 UTC,299,1231,412320007,1.6229166666666668
2014-05-01 00:00:00 UTC,299,1228,412486687,0.90347222222222223
2014-05-01 00:00:00 UTC,299,1226,412421409,0.95319444444444446
2014-05-01 00:00:00 UTC,299,1225,412418855,7.4579166666666676
2014-05-01 00:00:00 UTC,299,1226,412418855,11.515416666666665
2014-05-01 00:00:00 UTC,299,1236,412421423,15.384444444444444
2014-05-01 00:00:00 UTC,299,1228,412422716,3.3563888888888891
2014-05-01 00:00:00 UTC,299,1227,412422716,1.2574999999999998
2014-05-01 00:00:00 UTC,299,1226,412422716,0.28291666666666665
2014-05-01 00:00:00 UTC,299,1236,412418365,2.6108333333333333
2014-05-01 00:00:00 UTC,299,1228,412422973,4.4655555555555555
2014-05-01 00:00:00 UTC,299,1236,412418367,4.0922222222222224
2014-05-01 00:00:00 UTC,299,1236,412435013,10.108611111111111
2014-05-01 00:00:00 UTC,299,1226,412410445,22.713333333333342
2014-05-01 00:00:00 UTC,299,1226,412410701,6.4972222222222218
2014-05-01 00:00:00 UTC,299,1228,412422738,2.4291666666666667
2014-05-01 00:00:00 UTC,299,1228,412438623,6.1402777777777766
2014-05-01 00:00:00 UTC,299,1229,412438623,1.1115277777777777
2014-05-01 00:00:00 UTC,299,1228,412421479,6.6569444444444441
2014-05-01 00:00:00 UTC,299,1228,412422275,2.9891666666666672
2014-05-01 00:00:00 UTC,299,1228,412438922,1.8038888888888889
2014-05-01 00:00:00 UTC,299,1228,412422285,2.9222222222222225
2014-05-01 00:00:00 UTC,299,1228,412422304,2.8854166666666665
2014-05-01 00:00:00 UTC,299,1227,412422304,0.3208333333333333
2014-05-01 00:00:00 UTC,299,1228,412745121,1.2938888888888889
2014-05-01 00:00:00 UTC,299,1226,412422306,1.4023611111111112
2014-05-01 00:00:00 UTC,299,1225,412417958,5.7690277777777776
2014-05-01 00:00:00 UTC,299,1228,412422567,4.0133333333333336
2014-05-01 00:00:00 UTC,299,1228,412422314,2.9848611111111114
2014-05-01 00:00:00 UTC,299,1227,412422314,0.31652777777777774
2014-05-01 00:00:00 UTC,299,1225,412439472,5.26625
2014-05-01 00:00:00 UTC,299,1226,412439472,1.7120833333333332
2014-05-01 00:00:00 UTC,299,1228,412422323,15.729027777777778
2014-05-01 00:00:00 UTC,299,1226,412410551,10.16138888888889
2014-05-01 00:00:00 UTC,299,1226,412422587,1.4281944444444443
2014-05-01 00:00:00 UTC,299,1228,412413116,1.2109722222222223
2014-05-01 00:00:00 UTC,299,1227,412415420,3.3240277777777774
2014-05-01 00:00:00 UTC,299,1226,412410566,13.297777777777778
2014-05-01 00:00:00 UTC,299,1238,412438215,0.65458333333333329
2014-05-01 00:00:00 UTC,299,1226,412410567,13.033055555555553
2014-05-01 00:00:00 UTC,299,1225,412410567,3.0598611111111107
2014-05-01 00:00:00 UTC,299,1227,412422089,2.5202777777777774
2014-05-01 00:00:00 UTC,299,1226,412411849,20.706527777777769
2014-05-01 00:00:00 UTC,299,1231,412422348,9.2465277777777786
2014-05-01 00:00:00 UTC,299,1230,412422348,1.3555555555555554
2014-05-01 00:00:00 UTC,299,1229,412422348,9.3422222222222224
2014-05-01 00:00:00 UTC,299,1226,412412112,18.424027777777777
2014-05-01 00:00:00 UTC,299,1225,412412112,0.95847222222222217
2014-05-01 00:00:00 UTC,299,1223,412439511,3.8493055555555555
2014-05-01 00:00:00 UTC,299,1226,412439511,1.8593055555555558
2014-05-01 00:00:00 UTC,299,1225,412439511,7.1529166666666661
2014-05-01 00:00:00 UTC,299,1234,412325868,0.84444444444444444
2014-05-01 00:00:00 UTC,555,79,220128000,0.6594444444444445
2014-05-01 00:00:00 UTC,555,185,265781000,2.9611111111111108
2014-05-01 00:00:00 UTC,555,77,246047000,0.76319444444444451
2014-05-01 00:00:00 UTC,555,-1560,338643000,3.7902777777777779
2014-05-01 00:00:00 UTC,555,-1559,338643000,2.3516666666666666
2014-05-01 00:00:00 UTC,555,73,219013178,2.443888888888889
2014-05-01 00:00:00 UTC,555,74,219013178,6.61111111111111
2014-05-01 00:00:00 UTC,555,75,219013178,2.435138888888889
2014-05-01 00:00:00 UTC,555,76,219013178,2.1563888888888885
2014-05-01 00:00:00 UTC,555,74,246269000,0.88861111111111124
2014-05-01 00:00:00 UTC,555,76,246269000,1.3770833333333334
2014-05-01 00:00:00 UTC,555,75,246269000,1.36
2014-05-01 00:00:00 UTC,555,180,275058000,5.0818055555555555
2014-05-01 00:00:00 UTC,555,1431,273240400,11.706944444444444
2014-05-01 00:00:00 UTC,555,1432,273240400,1.5890277777777777
2014-05-01 00:00:00 UTC,555,80,219001181,1.7713888888888891
2014-05-01 00:00:00 UTC,555,147,261002850,4.601805555555555
2014-05-01 00:00:00 UTC,555,80,219001189,2.4141666666666661
2014-05-01 00:00:00 UTC,555,76,219793000,4.3620833333333335
2014-05-01 00:00:00 UTC,555,75,219793000,3.2526388888888889
2014-05-01 00:00:00 UTC,555,74,219793000,0.57430555555555562
2014-05-01 00:00:00 UTC,555,77,219793000,2.6170833333333334
2014-05-01 00:00:00 UTC,555,77,244806000,0.45555555555555555
2014-05-01 00:00:00 UTC,555,45,235007860,0.512361111111111
2014-05-01 00:00:00 UTC,555,46,235007860,1.6322222222222222
2014-05-01 00:00:00 UTC,555,75,211588480,0.59152777777777776
2014-05-01 00:00:00 UTC,555,77,211588480,0.64152777777777781
2014-05-01 00:00:00 UTC,555,76,211588480,6.538333333333334
2014-05-01 00:00:00 UTC,555,-96,235215000,4.5795833333333338
2014-05-01 00:00:00 UTC,555,1429,273350810,3.0375
2014-05-01 00:00:00 UTC,555,1431,273350810,8.7331944444444431
2014-05-01 00:00:00 UTC,555,1430,273350810,1.5215277777777778
2014-05-01 00:00:00 UTC,555,76,246372000,0.41083333333333333
2014-05-01 00:00:00 UTC,555,76,245348000,18.415277777777785
2014-05-01 00:00:00 UTC,555,77,245348000,4.1670833333333341
2014-05-01 00:00:00 UTC,555,1431,273358010,7.6929166666666662
2014-05-01 00:00:00 UTC,555,1430,273358010,13.958472222222222
2014-05-01 00:00:00 UTC,555,1442,273352640,3.7877777777777779
2014-05-01 00:00:00 UTC,555,1441,273352640,1.5640277777777778
2014-05-01 00:00:00 UTC,555,1440,273352640,6.3902777777777784
2014-05-01 00:00:00 UTC,555,64,219959000,4.5455555555555556
2014-05-01 00:00:00 UTC,555,-82,250369000,0.43472222222222223
2014-05-01 00:00:00 UTC,555,-84,250369000,6.3352777777777787
2014-05-01 00:00:00 UTC,555,-83,250369000,3.9113888888888888
2014-05-01 00:00:00 UTC,555,79,219862000,1.1469444444444443
2014-05-01 00:00:00 UTC,555,78,219862000,0.51555555555555554
2014-05-01 00:00:00 UTC,555,80,219862000,0.90041666666666664
2014-05-01 00:00:00 UTC,-469,-606,412328762,3.8780555555555547
2014-05-01 00:00:00 UTC,-469,-607,412328762,3.1151388888888887
2014-05-01 00:00:00 UTC,-469,-607,412328763,4.8915277777777781
2014-05-01 00:00:00 UTC,-469,511,635218000,10.494166666666672
2014-05-01 00:00:00 UTC,-469,-606,412326887,0.763888888888889
2014-05-01 00:00:00 UTC,-469,-606,412209146,1.6484722222222223
2014-05-01 00:00:00 UTC,-469,-605,412209146,3.0805555555555557
2014-05-01 00:00:00 UTC,44,-1322,432448000,1.4998611111111111
2014-05-01 00:00:00 UTC,44,-1500,441374000,0.75430555555555556
2014-05-01 00:00:00 UTC,44,-1794,416004662,1.6495833333333334
2014-05-01 00:00:00 UTC,44,-1551,441043000,1.3290277777777777
2014-05-01 00:00:00 UTC,44,-1378,440966000,4.3788888888888886
2014-05-01 00:00:00 UTC,44,1584,416237700,1.8152777777777778
2014-05-01 00:00:00 UTC,44,-1664,440549000,1.6644444444444444
2014-05-01 00:00:00 UTC,44,-1665,440549000,0.70416666666666672
2014-05-01 00:00:00 UTC,44,-1362,440963000,2.5572222222222223
2014-05-01 00:00:00 UTC,44,-1366,440963000,1.6529166666666666
2014-05-01 00:00:00 UTC,44,-1369,440963000,1.6834722222222223
2014-05-01 00:00:00 UTC,44,-1368,440963000,3.8115277777777776
2014-05-01 00:00:00 UTC,44,-1365,440963000,2.0386111111111109
2014-05-01 00:00:00 UTC,44,-1364,440963000,1.9183333333333332
2014-05-01 00:00:00 UTC,44,-1360,440963000,1.513611111111111
2014-05-01 00:00:00 UTC,44,-1361,440963000,0.92208333333333325
2014-05-01 00:00:00 UTC,44,-1363,440963000,2.3151388888888889
2014-05-01 00:00:00 UTC,44,-1370,440963000,2.21625
2014-05-01 00:00:00 UTC,44,-1367,440963000,2.225
2014-05-01 00:00:00 UTC,44,-1377,441015000,3.9051388888888892
2014-05-01 00:00:00 UTC,44,-1664,440055000,1.9844444444444442
2014-05-01 00:00:00 UTC,44,-1501,440886000,1.4013888888888888
2014-05-01 00:00:00 UTC,300,1228,412422657,15.605138888888895
2014-05-01 00:00:00 UTC,300,1229,412422657,5.3115277777777763
2014-05-01 00:00:00 UTC,300,1229,412422149,5.2323611111111115
2014-05-01 00:00:00 UTC,300,1228,412420358,15.017361111111109
2014-05-01 00:00:00 UTC,300,1229,412420358,2.5909722222222222
2014-05-01 00:00:00 UTC,300,1231,412320007,0.80430555555555538
2014-05-01 00:00:00 UTC,300,1229,412439071,0.17930555555555555
2014-05-01 00:00:00 UTC,300,1230,412439071,0.65805555555555562
2014-05-01 00:00:00 UTC,300,1230,412418858,0.3923611111111111
2014-05-01 00:00:00 UTC,300,1237,412417322,4.2472222222222218
2014-05-01 00:00:00 UTC,300,1236,412417322,1.05125
2014-05-01 00:00:00 UTC,300,1226,412418107,14.791388888888889
2014-05-01 00:00:00 UTC,300,1237,412418365,0.38333333333333336
2014-05-01 00:00:00 UTC,300,1236,412418365,13.75875
2014-05-01 00:00:00 UTC,300,1228,412422973,1.5458333333333334
2014-05-01 00:00:00 UTC,300,1229,412422973,15.509583333333339
2014-05-01 00:00:00 UTC,300,1236,412417598,12.730972222222222
2014-05-01 00:00:00 UTC,300,1226,412422738,3.4111111111111114
2014-05-01 00:00:00 UTC,300,1228,412422738,14.209722222222224
2014-05-01 00:00:00 UTC,300,1229,412439378,0.50805555555555559
2014-05-01 00:00:00 UTC,300,1231,412324954,0.89708333333333345
2014-05-01 00:00:00 UTC,300,1230,412324954,0.46249999999999997
2014-05-01 00:00:00 UTC,300,1229,412438623,3.210694444444445
2014-05-01 00:00:00 UTC,300,1228,412438623,2.9419444444444443
2014-05-01 00:00:00 UTC,300,1230,412438623,1.17875
2014-05-01 00:00:00 UTC,300,1236,412416607,5.8354166666666671
2014-05-01 00:00:00 UTC,300,1228,412421479,0.73791666666666667
2014-05-01 00:00:00 UTC,300,1228,412422504,5.8869444444444445
2014-05-01 00:00:00 UTC,300,1228,412422275,0.54541666666666666
2014-05-01 00:00:00 UTC,300,1236,412418437,9.76125
2014-05-01 00:00:00 UTC,300,1228,412422285,0.50388888888888883
2014-05-01 00:00:00 UTC,300,1228,412422565,11.794722222222219
2014-05-01 00:00:00 UTC,300,1227,412422565,0.2416666666666667
2014-05-01 00:00:00 UTC,300,1228,412423077,9.1527777777777768
2014-05-01 00:00:00 UTC,300,1226,412417958,15.146527777777781
2014-05-01 00:00:00 UTC,300,1226,412439472,1.6618055555555558
2014-05-01 00:00:00 UTC,300,1228,412422323,4.6536111111111111
2014-05-01 00:00:00 UTC,300,1227,412422323,0.7825
2014-05-01 00:00:00 UTC,300,1228,412422591,4.9870833333333335
2014-05-01 00:00:00 UTC,300,1226,412410566,2.4433333333333338
2014-05-01 00:00:00 UTC,300,1225,412410566,4.059444444444444
2014-05-01 00:00:00 UTC,300,1224,412410566,0.4720833333333333
2014-05-01 00:00:00 UTC,300,1226,412410567,4.7465277777777786
2014-05-01 00:00:00 UTC,300,1229,412422089,2.9041666666666663
2014-05-01 00:00:00 UTC,300,1228,412422089,5.453611111111111
2014-05-01 00:00:00 UTC,300,1228,412422627,3.7675
2014-05-01 00:00:00 UTC,300,1225,412437731,0.51180555555555562
2014-05-01 00:00:00 UTC,300,1224,412437731,0.61694444444444452
2014-05-01 00:00:00 UTC,300,1233,412325868,2.7472222222222218
2014-05-01 00:00:00 UTC,300,1234,412325868,4.2852777777777771
2014-05-01 00:00:00 UTC,556,43,219424000,0.20986111111111111
2014-05-01 00:00:00 UTC,556,41,219424000,0.11486111111111111
2014-05-01 00:00:00 UTC,556,42,219424000,0.43958333333333333
2014-05-01 00:00:00 UTC,556,-1559,338643000,7.8794444444444443
2014-05-01 00:00:00 UTC,556,-1560,338643000,1.5305555555555554
2014-05-01 00:00:00 UTC,556,74,219013178,4.231527777777778
2014-05-01 00:00:00 UTC,556,73,219013178,2.5693055555555557
2014-05-01 00:00:00 UTC,556,74,246269000,0.20916666666666667
2014-05-01 00:00:00 UTC,556,75,246269000,2.3747222222222222
2014-05-01 00:00:00 UTC,556,80,219001181,2.3931944444444446
2014-05-01 00:00:00 UTC,556,79,219001181,0.45583333333333337
2014-05-01 00:00:00 UTC,556,81,219001189,0.6225
2014-05-01 00:00:00 UTC,556,80,219001189,4.0488888888888885
2014-05-01 00:00:00 UTC,556,46,235007860,1.324861111111111
2014-05-01 00:00:00 UTC,556,47,235007860,0.7475
2014-05-01 00:00:00 UTC,556,153,261003640,6.1701388888888884
2014-05-01 00:00:00 UTC,556,1637,273524100,0.81527777777777777
2014-05-01 00:00:00 UTC,556,1430,273350810,5.3281944444444438
2014-05-01 00:00:00 UTC,556,1429,273350810,4.5555555555555554
2014-05-01 00:00:00 UTC,556,-50,235000476,8.7434722222222234
2014-05-01 00:00:00 UTC,556,-51,235000476,1.2127777777777777
2014-05-01 00:00:00 UTC,556,-49,235000476,1.7588888888888889
2014-05-01 00:00:00 UTC,556,148,261020840,9.7298611111111111
2014-05-01 00:00:00 UTC,556,1429,273358010,1.5358333333333332
2014-05-01 00:00:00 UTC,556,150,261006780,1.8258333333333332
2014-05-01 00:00:00 UTC,556,151,261006780,0.27097222222222223
2014-05-01 00:00:00 UTC,556,1442,273352640,11.67986111111111
2014-05-01 00:00:00 UTC,556,64,219959000,0.21791666666666665
2014-05-01 00:00:00 UTC,556,63,219959000,11.130833333333332
2014-05-01 00:00:00 UTC,556,152,261015270,1.2293055555555557
2014-05-01 00:00:00 UTC,556,-84,250369000,0.60138888888888886
2014-05-01 00:00:00 UTC,556,-83,250369000,1.9901388888888889
2014-05-01 00:00:00 UTC,556,81,219862000,0.85916666666666663
2014-05-01 00:00:00 UTC,556,80,219862000,1.5843055555555554
2014-05-01 00:00:00 UTC,-468,-596,441868000,3.7961111111111112
2014-05-01 00:00:00 UTC,-212,127,659322000,4.1762500000000005
2014-05-01 00:00:00 UTC,45,-1325,432448000,1.6656944444444446
2014-05-01 00:00:00 UTC,45,-1324,432448000,1.0179166666666668
2014-05-01 00:00:00 UTC,45,-1501,441374000,0.97375
2014-05-01 00:00:00 UTC,45,-1794,416004662,0.62958333333333327
2014-05-01 00:00:00 UTC,45,-1378,440966000,1.3280555555555555
2014-05-01 00:00:00 UTC,45,-1397,432475000,1.18875
2014-05-01 00:00:00 UTC,45,-1396,432475000,0.925
2014-05-01 00:00:00 UTC,45,1583,416237700,5.8993055555555554
2014-05-01 00:00:00 UTC,45,1581,416237700,10.064444444444444
2014-05-01 00:00:00 UTC,45,-1666,440549000,3.6305555555555555
2014-05-01 00:00:00 UTC,45,-1665,440549000,1.3079166666666664
2014-05-01 00:00:00 UTC,45,-1377,441015000,1.7390277777777776
2014-05-01 00:00:00 UTC,45,-1502,440886000,0.58875000000000011
2014-05-01 00:00:00 UTC,45,1568,432971000,0.75
2014-05-01 00:00:00 UTC,45,1572,432971000,1.85125
2014-05-01 00:00:00 UTC,45,1574,432971000,1.8151388888888889
2014-05-01 00:00:00 UTC,45,1569,432971000,0.65041666666666664
2014-05-01 00:00:00 UTC,301,1237,412418562,16.945972222222224
2014-05-01 00:00:00 UTC,301,1228,412422149,10.864305555555555
2014-05-01 00:00:00 UTC,301,1229,412422149,5.0451388888888893
2014-05-01 00:00:00 UTC,301,1231,412320007,0.24972222222222223
2014-05-01 00:00:00 UTC,301,1230,412486687,4.1340277777777779
2014-05-01 00:00:00 UTC,301,1230,412439071,6.6351388888888883
2014-05-01 00:00:00 UTC,301,1229,412418858,0.40569444444444447
2014-05-01 00:00:00 UTC,301,1230,412418858,6.2537499999999984
2014-05-01 00:00:00 UTC,301,1229,412422188,10.938333333333331
2014-05-01 00:00:00 UTC,301,1227,412422188,0.71069444444444452
2014-05-01 00:00:00 UTC,301,1238,412418606,1.8090277777777777
2014-05-01 00:00:00 UTC,301,1237,412418606,15.621388888888889
2014-05-01 00:00:00 UTC,301,1237,412417598,4.6206944444444442
2014-05-01 00:00:00 UTC,301,-877,367306820,0.19708333333333333
2014-05-01 00:00:00 UTC,301,1230,412439373,4.4676388888888887
2014-05-01 00:00:00 UTC,301,1230,412439378,4.5086111111111107
2014-05-01 00:00:00 UTC,301,1229,412439378,2.3754166666666667
2014-05-01 00:00:00 UTC,301,1230,412324954,0.29138888888888886
2014-05-01 00:00:00 UTC,301,1225,412422747,2.9801388888888889
2014-05-01 00:00:00 UTC,301,1224,412422747,0.49305555555555552
2014-05-01 00:00:00 UTC,301,1225,412422749,3.6597222222222219
2014-05-01 00:00:00 UTC,301,1231,412320861,2.0406944444444441
2014-05-01 00:00:00 UTC,301,1230,412320861,0.47152777777777777
2014-05-01 00:00:00 UTC,301,1229,412424542,2.370138888888889
2014-05-01 00:00:00 UTC,301,1229,412438623,0.55152777777777773
2014-05-01 00:00:00 UTC,301,1230,412438623,2.22875
2014-05-01 00:00:00 UTC,301,1228,412438623,0.67458333333333331
2014-05-01 00:00:00 UTC,301,1227,412412001,2.0343055555555556
2014-05-01 00:00:00 UTC,301,1229,412421741,4.46861111111111
2014-05-01 00:00:00 UTC,301,1238,412418437,2.0069444444444442
2014-05-01 00:00:00 UTC,301,1237,412418437,9.8161111111111126
2014-05-01 00:00:00 UTC,301,1229,412423077,2.2494444444444444
2014-05-01 00:00:00 UTC,301,1228,412423077,8.9283333333333346
2014-05-01 00:00:00 UTC,301,1237,412417455,19.340833333333332
2014-05-01 00:00:00 UTC,301,1228,412422591,0.79305555555555562
2014-05-01 00:00:00 UTC,301,1229,412422089,2.4776388888888889
2014-05-01 00:00:00 UTC,301,1229,412422606,15.740138888888891
2014-05-01 00:00:00 UTC,301,-890,369943000,1.9016666666666664
2014-05-01 00:00:00 UTC,301,1225,412437731,8.2261111111111109
2014-05-01 00:00:00 UTC,301,1234,200004074,8.104444444444443
2014-05-01 00:00:00 UTC,301,1234,412325868,4.713055555555556
2014-05-01 00:00:00 UTC,301,1233,412325868,2.5873611111111119
2014-05-01 00:00:00 UTC,557,43,219424000,0.22513888888888889
2014-05-01 00:00:00 UTC,557,45,219424000,0.45972222222222225
2014-05-01 00:00:00 UTC,557,44,219424000,0.22347222222222224
2014-05-01 00:00:00 UTC,557,-1561,338643000,6.1675
2014-05-01 00:00:00 UTC,557,1485,273894200,1.5640277777777776
2014-05-01 00:00:00 UTC,557,1484,273894200,17.07972222222222
2014-05-01 00:00:00 UTC,557,76,219013178,0.71486111111111117
2014-05-01 00:00:00 UTC,557,75,219013178,1.8195833333333333
2014-05-01 00:00:00 UTC,557,74,219013178,0.31611111111111112
2014-05-01 00:00:00 UTC,557,-94,225341000,14.785416666666666
2014-05-01 00:00:00 UTC,557,45,235007860,0.77402777777777776
2014-05-01 00:00:00 UTC,557,1637,273524100,0.09625
2014-05-01 00:00:00 UTC,557,-51,235000476,0.69875
2014-05-01 00:00:00 UTC,557,47,232006060,0.73013888888888889
2014-05-01 00:00:00 UTC,557,47,244299000,0.45583333333333331
2014-05-01 00:00:00 UTC,-467,-641,701006450,7.7175
2014-05-01 00:00:00 UTC,-467,-604,412329684,2.2918055555555554
2014-05-01 00:00:00 UTC,-467,-606,412270039,5.3345833333333337
2014-05-01 00:00:00 UTC,-467,-596,441868000,5.6584722222222226
2014-05-01 00:00:00 UTC,-211,504,660002700,0.74583333333333335
2014-05-01 00:00:00 UTC,-211,500,660002700,4.0215277777777771
2014-05-01 00:00:00 UTC,-211,127,659322000,4.1170833333333334
2014-05-01 00:00:00 UTC,46,-1501,441374000,1.2140277777777777
2014-05-01 00:00:00 UTC,46,-1794,416004662,0.32916666666666666
2014-05-01 00:00:00 UTC,46,-1479,440765000,3.62375
2014-05-01 00:00:00 UTC,46,-1481,440765000,2.01125
2014-05-01 00:00:00 UTC,46,-1476,440765000,3.8137499999999993
2014-05-01 00:00:00 UTC,46,-1475,440765000,2.1876388888888889
2014-05-01 00:00:00 UTC,46,-1478,440765000,1.1706944444444445
2014-05-01 00:00:00 UTC,46,-1480,440765000,1.7697222222222222
2014-05-01 00:00:00 UTC,46,-1477,440765000,0.9208333333333335
2014-05-01 00:00:00 UTC,46,-1474,440765000,1.4822222222222221
2014-05-01 00:00:00 UTC,46,-1378,440966000,2.08
2014-05-01 00:00:00 UTC,46,1572,432971000,1.672361111111111
2014-05-01 00:00:00 UTC,302,1231,412320007,2.5756944444444443
2014-05-01 00:00:00 UTC,302,1230,412486687,3.7061111111111114
2014-05-01 00:00:00 UTC,302,1230,412439071,7.7801388888888878
2014-05-01 00:00:00 UTC,302,1230,412418858,6.7631944444444452
2014-05-01 00:00:00 UTC,302,1229,412418858,0.72041666666666671
2014-05-01 00:00:00 UTC,302,1246,412422204,4.9070833333333335
2014-05-01 00:00:00 UTC,302,1247,412422204,3.5180555555555557
2014-05-01 00:00:00 UTC,302,1238,412417598,2.2666666666666666
2014-05-01 00:00:00 UTC,302,1230,412439373,9.6695833333333372
2014-05-01 00:00:00 UTC,302,1230,412439378,4.5248611111111119
2014-05-01 00:00:00 UTC,302,1229,412439378,2.4168055555555554
2014-05-01 00:00:00 UTC,302,1230,412438867,7.7776388888888892
2014-05-01 00:00:00 UTC,302,1224,412422749,2.3123611111111111
2014-05-01 00:00:00 UTC,302,1231,412320861,0.27513888888888888
2014-05-01 00:00:00 UTC,302,1210,412439908,9.9655555555555555
2014-05-01 00:00:00 UTC,302,1209,412439924,1.6408333333333334
2014-05-01 00:00:00 UTC,302,1238,412416652,1.1869444444444444
2014-05-01 00:00:00 UTC,302,1247,412431514,3.4769444444444444
2014-05-01 00:00:00 UTC,302,1250,412412576,3.8630555555555555
2014-05-01 00:00:00 UTC,302,1249,412412576,16.554583333333333
2014-05-01 00:00:00 UTC,302,1231,412438724,0.71277777777777773
2014-05-01 00:00:00 UTC,302,1230,412438724,0.17583333333333334
2014-05-01 00:00:00 UTC,302,1235,412413131,11.939722222222223
2014-05-01 00:00:00 UTC,302,-892,369943000,2.9180555555555552
2014-05-01 00:00:00 UTC,302,-893,369943000,0.78402777777777777
2014-05-01 00:00:00 UTC,302,-890,369943000,1.3583333333333334
2014-05-01 00:00:00 UTC,302,-891,369943000,12.415694444444446
2014-05-01 00:00:00 UTC,302,1233,412325868,1.4306944444444447
2014-05-01 00:00:00 UTC,558,-50,235066887,5.6829166666666673
2014-05-01 00:00:00 UTC,558,-49,235066887,2.2026388888888886
2014-05-01 00:00:00 UTC,558,81,220213000,1.6398611111111112
2014-05-01 00:00:00 UTC,558,-94,225341000,4.637083333333333
2014-05-01 00:00:00 UTC,558,-93,225341000,1.5662500000000001
2014-05-01 00:00:00 UTC,558,1492,273437790,6.163333333333334
2014-05-01 00:00:00 UTC,558,193,277222000,2.1381944444444447
2014-05-01 00:00:00 UTC,558,44,235007860,0.89416666666666667
2014-05-01 00:00:00 UTC,558,45,235007860,0.43055555555555552
2014-05-01 00:00:00 UTC,558,47,245999000,0.48583333333333334
2014-05-01 00:00:00 UTC,558,48,245999000,0.74958333333333327
2014-05-01 00:00:00 UTC,558,81,219011225,2.1040277777777776
2014-05-01 00:00:00 UTC,558,46,232006060,0.56888888888888889
2014-05-01 00:00:00 UTC,558,47,232006060,6.9833333333333325
2014-05-01 00:00:00 UTC,558,81,219014851,0.63861111111111113
2014-05-01 00:00:00 UTC,558,127,265648330,2.9894444444444441
2014-05-01 00:00:00 UTC,558,81,219001039,0.51958333333333329
2014-05-01 00:00:00 UTC,-466,-609,224820000,3.8920833333333333
2014-05-01 00:00:00 UTC,-466,-603,441309000,4.5291666666666668
2014-05-01 00:00:00 UTC,-466,-604,441309000,1.5672222222222223
2014-05-01 00:00:00 UTC,-466,-641,701006450,3.0227777777777778
2014-05-01 00:00:00 UTC,-466,-605,900028578,7.2068055555555555
2014-05-01 00:00:00 UTC,-466,-604,900028610,12.49013888888889
2014-05-01 00:00:00 UTC,-466,-603,900028619,5.2827777777777776
2014-05-01 00:00:00 UTC,-466,-604,412329684,1.4709722222222221
2014-05-01 00:00:00 UTC,-466,-603,412329684,3.9841666666666669
2014-05-01 00:00:00 UTC,-466,-605,412270039,1.5350000000000001
2014-05-01 00:00:00 UTC,-466,-603,900028639,11.763194444444444
2014-05-01 00:00:00 UTC,-466,-609,224235000,3.8818055555555562
2014-05-01 00:00:00 UTC,-210,505,660002700,0.9875
2014-05-01 00:00:00 UTC,-210,127,659322000,2.47375
2014-05-01 00:00:00 UTC,-210,126,659322000,2.2575000000000003
2014-05-01 00:00:00 UTC,47,-1325,432448000,1.2594444444444446
2014-05-01 00:00:00 UTC,47,-1709,440628000,1.4472222222222222
2014-05-01 00:00:00 UTC,47,-516,745004600,2.1408333333333331
2014-05-01 00:00:00 UTC,47,-515,745004600,3.7856944444444447
2014-05-01 00:00:00 UTC,47,-1472,440765000,3.6055555555555552
2014-05-01 00:00:00 UTC,47,-1475,440765000,0.79736111111111119
2014-05-01 00:00:00 UTC,47,-1474,440765000,1.4593055555555554
2014-05-01 00:00:00 UTC,47,-1473,440765000,0.90972222222222221
2014-05-01 00:00:00 UTC,47,-1391,440847000,1.5355555555555556
2014-05-01 00:00:00 UTC,47,-516,745004200,5.6763888888888889
2014-05-01 00:00:00 UTC,47,1585,432942000,0.9209722222222223
2014-05-01 00:00:00 UTC,47,1584,432942000,0.75430555555555556
2014-05-01 00:00:00 UTC,47,-515,745004500,4.8443055555555556
2014-05-01 00:00:00 UTC,47,1572,432971000,2.885
2014-05-01 00:00:00 UTC,47,1570,432971000,0.84874999999999989
2014-05-01 00:00:00 UTC,47,1569,432971000,0.65
2014-05-01 00:00:00 UTC,303,1217,412130569,12.188472222222225
2014-05-01 00:00:00 UTC,303,1225,412426005,1.3275
2014-05-01 00:00:00 UTC,303,1210,998911003,13.432222222222222
2014-05-01 00:00:00 UTC,303,1230,412486687,8.62722222222222
2014-05-01 00:00:00 UTC,303,1230,412439071,5.63375
2014-05-01 00:00:00 UTC,303,1230,412418858,5.5547222222222228
2014-05-01 00:00:00 UTC,303,1229,412418858,1.5229166666666667
2014-05-01 00:00:00 UTC,303,1226,412426036,5.0087499999999991
2014-05-01 00:00:00 UTC,303,1219,412436788,1.8206944444444446
2014-05-01 00:00:00 UTC,303,1218,412436788,3.3887500000000004
2014-05-01 00:00:00 UTC,303,1247,412422204,6.5644444444444447
2014-05-01 00:00:00 UTC,303,1246,412422204,6.8029166666666674
2014-05-01 00:00:00 UTC,303,1230,412400201,1.3680555555555554
2014-05-01 00:00:00 UTC,303,1230,412439373,7.2212499999999986
2014-05-01 00:00:00 UTC,303,1230,412439378,5.0544444444444441
2014-05-01 00:00:00 UTC,303,1229,412439378,2.5313888888888894
2014-05-01 00:00:00 UTC,303,1230,412438867,6.4568055555555555
2014-05-01 00:00:00 UTC,303,1210,412439908,4.1166666666666663
2014-05-01 00:00:00 UTC,303,1210,412439915,0.65194444444444444
2014-05-01 00:00:00 UTC,303,1209,412439924,12.130277777777778
2014-05-01 00:00:00 UTC,303,1210,412439933,3.7483333333333331
2014-05-01 00:00:00 UTC,303,1244,412437889,4.1416666666666666
2014-05-01 00:00:00 UTC,303,1231,412439189,0.7929166666666666
2014-05-01 00:00:00 UTC,303,1230,412439189,9.3869444444444419
2014-05-01 00:00:00 UTC,303,1230,412435355,6.5968055555555534
2014-05-01 00:00:00 UTC,303,1230,412435885,6.2880555555555553
2014-05-01 00:00:00 UTC,303,1229,412422077,0.87625000000000008
2014-05-01 00:00:00 UTC,303,1230,412422077,8.5522222222222233
2014-05-01 00:00:00 UTC,303,1230,412438724,6.9865277777777788
2014-05-01 00:00:00 UTC,303,1231,412438724,0.825138888888889
2014-05-01 00:00:00 UTC,303,1239,412413131,8.3990277777777784
2014-05-01 00:00:00 UTC,303,1231,412325868,2.5637499999999998
2014-05-01 00:00:00 UTC,303,1232,412325868,3.9927777777777775
2014-05-01 00:00:00 UTC,303,1233,412325868,0.27194444444444443
2014-05-01 00:00:00 UTC,559,188,275136000,0.93027777777777776
2014-05-01 00:00:00 UTC,559,81,220213000,2.88375
2014-05-01 00:00:00 UTC,559,52,219240000,0.29888888888888887
2014-05-01 00:00:00 UTC,559,47,219240000,0.56027777777777787
2014-05-01 00:00:00 UTC,559,50,219240000,0.26125
2014-05-01 00:00:00 UTC,559,51,219240000,0.6268055555555555
2014-05-01 00:00:00 UTC,559,-93,225341000,6.9798611111111111
2014-05-01 00:00:00 UTC,559,1492,273437790,7.6490277777777784
2014-05-01 00:00:00 UTC,559,1490,273437790,1.5597222222222222
2014-05-01 00:00:00 UTC,559,1493,273437790,3.0330555555555554
2014-05-01 00:00:00 UTC,559,47,235007860,0.57291666666666663
2014-05-01 00:00:00 UTC,559,45,235007860,3.2569444444444446
2014-05-01 00:00:00 UTC,559,46,235007860,0.5098611111111111
2014-05-01 00:00:00 UTC,559,44,235007860,2.8111111111111113
2014-05-01 00:00:00 UTC,559,48,245999000,0.29444444444444445
2014-05-01 00:00:00 UTC,559,81,219011225,2.0631944444444446
2014-05-01 00:00:00 UTC,559,154,266052000,2.8833333333333333
2014-05-01 00:00:00 UTC,559,151,266052000,0.91597222222222219
2014-05-01 00:00:00 UTC,559,152,266052000,4.004027777777778
2014-05-01 00:00:00 UTC,559,153,266052000,1.4777777777777779
2014-05-01 00:00:00 UTC,559,1524,273810110,7.7152777777777777
2014-05-01 00:00:00 UTC,559,1525,273810110,0.80805555555555542
2014-05-01 00:00:00 UTC,559,1523,273810110,10.026388888888889
2014-05-01 00:00:00 UTC,559,81,219014851,1.5018055555555554
2014-05-01 00:00:00 UTC,559,189,277185000,0.51430555555555557
2014-05-01 00:00:00 UTC,559,1522,273358840,1.5526388888888889
2014-05-01 00:00:00 UTC,559,1521,273358840,3.8130555555555556
2014-05-01 00:00:00 UTC,559,1523,273358840,1.5388888888888888
2014-05-01 00:00:00 UTC,-465,-603,440256000,17.04152777777778
2014-05-01 00:00:00 UTC,-465,-608,224820000,3.7222222222222223
2014-05-01 00:00:00 UTC,-465,-603,441309000,17.843194444444443
2014-05-01 00:00:00 UTC,-465,-604,900028578,12.479444444444443
2014-05-01 00:00:00 UTC,-465,-603,900028578,5.3090277777777777
2014-05-01 00:00:00 UTC,-465,-604,900028610,6.0830555555555552
2014-05-01 00:00:00 UTC,-465,-603,412329684,5.6529166666666679
2014-05-01 00:00:00 UTC,-465,-604,412270039,2.240277777777778
2014-05-01 00:00:00 UTC,-465,-608,224235000,3.0627777777777778
2014-05-01 00:00:00 UTC,48,-1708,440628000,0.87763888888888886
2014-05-01 00:00:00 UTC,48,-1709,440628000,1.8606944444444444
2014-05-01 00:00:00 UTC,48,-515,745004600,1.8484722222222223
2014-05-01 00:00:00 UTC,48,-1610,441018000,3.8530555555555557
2014-05-01 00:00:00 UTC,48,-1391,440847000,1.8347222222222221
2014-05-01 00:00:00 UTC,48,-515,745004200,3.9106944444444443
2014-05-01 00:00:00 UTC,48,1587,432942000,1.2445833333333334
2014-05-01 00:00:00 UTC,48,-515,745004500,1.1863888888888887
2014-05-01 00:00:00 UTC,48,-1504,440886000,1.6222222222222222
2014-05-01 00:00:00 UTC,48,1571,432971000,0.96250000000000013
2014-05-01 00:00:00 UTC,48,1572,432971000,0.84152777777777776
2014-05-01 00:00:00 UTC,304,1219,412411143,3.0927777777777776
2014-05-01 00:00:00 UTC,304,1230,412424457,4.3798611111111114
2014-05-01 00:00:00 UTC,304,1215,412436765,5.3754166666666663
2014-05-01 00:00:00 UTC,304,1217,412436766,10.725138888888889
2014-05-01 00:00:00 UTC,304,1230,412486687,3.4302777777777771
2014-05-01 00:00:00 UTC,304,1230,412439071,1.2165277777777777
2014-05-01 00:00:00 UTC,304,1232,412424486,0.41263888888888889
2014-05-01 00:00:00 UTC,304,1231,412424486,0.982361111111111
2014-05-01 00:00:00 UTC,304,1230,412418858,1.0354166666666667
2014-05-01 00:00:00 UTC,304,1217,412436781,1.5831944444444443
2014-05-01 00:00:00 UTC,304,1218,412436788,0.5411111111111111
2014-05-01 00:00:00 UTC,304,1219,412436788,1.4425000000000001
2014-05-01 00:00:00 UTC,304,1233,412008512,7.5516666666666667
2014-05-01 00:00:00 UTC,304,1217,412439624,4.038333333333334
2014-05-01 00:00:00 UTC,304,1230,412439373,1.3894444444444447
2014-05-01 00:00:00 UTC,304,1230,412438867,8.0238888888888891
2014-05-01 00:00:00 UTC,304,1218,412436822,2.7961111111111112
2014-05-01 00:00:00 UTC,304,1219,412435561,0.30236111111111108
2014-05-01 00:00:00 UTC,304,1221,412413043,2.8455555555555554
2014-05-01 00:00:00 UTC,304,1226,412413305,1.910277777777778
2014-05-01 00:00:00 UTC,304,1227,412413305,7.9569444444444422
2014-05-01 00:00:00 UTC,304,1244,412437889,10.790972222222223
2014-05-01 00:00:00 UTC,304,1219,412370564,3.9545833333333338
2014-05-01 00:00:00 UTC,304,1229,412439189,1.0134722222222221
2014-05-01 00:00:00 UTC,304,1230,412439189,8.5284722222222218
2014-05-01 00:00:00 UTC,304,1243,412436633,10.504027777777777
2014-05-01 00:00:00 UTC,304,1218,412439452,3.8005555555555555
2014-05-01 00:00:00 UTC,304,1219,412413363,3.1191666666666666
2014-05-01 00:00:00 UTC,304,1219,412439483,2.5020833333333332
2014-05-01 00:00:00 UTC,304,1230,412422077,9.53138888888889
2014-05-01 00:00:00 UTC,304,1229,412422077,1.6651388888888889
2014-05-01 00:00:00 UTC,304,1230,412438718,1.1158333333333332
2014-05-01 00:00:00 UTC,304,1231,412438724,0.79069444444444459
2014-05-01 00:00:00 UTC,304,1230,412438724,12.126805555555555
2014-05-01 00:00:00 UTC,304,1242,412435657,5.26125
2014-05-01 00:00:00 UTC,304,1240,412435657,3.9143055555555555
2014-05-01 00:00:00 UTC,304,1242,412413131,1.1052777777777778
2014-05-01 00:00:00 UTC,304,1220,412438238,15.835277777777781
2014-05-01 00:00:00 UTC,304,1221,412438238,0.34986111111111107
2014-05-01 00:00:00 UTC,304,1218,412436706,9.1759722222222226
2014-05-01 00:00:00 UTC,304,1227,412411362,0.45277777777777783
2014-05-01 00:00:00 UTC,304,1232,412325868,0.55277777777777781
2014-05-01 00:00:00 UTC,304,1218,900029437,5.0476388888888888
2014-05-01 00:00:00 UTC,560,43,265824000,1.1666666666666667
2014-05-01 00:00:00 UTC,560,44,265824000,0.977638888888889
2014-05-01 00:00:00 UTC,560,64,219946000,1.0219444444444443
2014-05-01 00:00:00 UTC,560,63,219946000,8.4366666666666656
2014-05-01 00:00:00 UTC,560,78,211241240,0.41541666666666666
2014-05-01 00:00:00 UTC,560,1501,273847400,12.46125
2014-05-01 00:00:00 UTC,560,1502,273847400,20.127638888888889
2014-05-01 00:00:00 UTC,560,1431,273437810,6.3569444444444443
2014-05-01 00:00:00 UTC,560,-31,235090038,1.3720833333333333
2014-05-01 00:00:00 UTC,560,-30,235090038,0.9588888888888889
2014-05-01 00:00:00 UTC,560,76,244790677,4.6501388888888888
2014-05-01 00:00:00 UTC,560,46,219015103,0.7533333333333333
2014-05-01 00:00:00 UTC,560,45,219015103,0.4901388888888889
2014-05-01 00:00:00 UTC,560,43,219330000,0.26222222222222225
2014-05-01 00:00:00 UTC,560,47,219330000,0.94972222222222213
2014-05-01 00:00:00 UTC,560,46,219330000,0.56916666666666671
2014-05-01 00:00:00 UTC,560,44,219330000,1.172638888888889
2014-05-01 00:00:00 UTC,560,45,219330000,1.3358333333333334
2014-05-01 00:00:00 UTC,560,189,277185000,0.37902777777777774
2014-05-01 00:00:00 UTC,560,1523,273358840,10.168611111111112
2014-05-01 00:00:00 UTC,560,1522,273358840,1.5529166666666665
2014-05-01 00:00:00 UTC,-464,-603,440256000,5.5977777777777771
2014-05-01 00:00:00 UTC,-464,-604,200006661,17.836805555555557
2014-05-01 00:00:00 UTC,-464,-607,224820000,1.5151388888888888
2014-05-01 00:00:00 UTC,-464,-608,224820000,1.6068055555555556
2014-05-01 00:00:00 UTC,-464,-604,224701000,11.733194444444445
2014-05-01 00:00:00 UTC,-464,-602,441309000,4.5436111111111108
2014-05-01 00:00:00 UTC,-464,-648,701006450,2.4104166666666669
2014-05-01 00:00:00 UTC,-464,-646,701006450,2.2979166666666666
2014-05-01 00:00:00 UTC,-464,-644,701006450,3.086527777777778
2014-05-01 00:00:00 UTC,-464,-604,412329658,6.4006944444444436
2014-05-01 00:00:00 UTC,-464,-603,412329658,12.867638888888891
2014-05-01 00:00:00 UTC,-464,-604,900028610,7.1791666666666671
2014-05-01 00:00:00 UTC,-464,-605,224567000,1.5516666666666665
2014-05-01 00:00:00 UTC,-464,-596,441868000,1.4943055555555556
2014-05-01 00:00:00 UTC,-464,-608,224235000,0.67930555555555561
2014-05-01 00:00:00 UTC,-464,-607,224235000,1.5556944444444445
2014-05-01 00:00:00 UTC,-208,1599,540010700,0.89444444444444438
2014-05-01 00:00:00 UTC,-208,1597,540010700,3.6822222222222223
2014-05-01 00:00:00 UTC,-208,1595,540010700,2.8388888888888886
2014-05-01 00:00:00 UTC,-208,1598,540010700,1.6986111111111111
2014-05-01 00:00:00 UTC,49,-1324,432448000,1.7694444444444444
2014-05-01 00:00:00 UTC,49,-1325,432448000,0.79180555555555565
2014-05-01 00:00:00 UTC,49,-1706,440628000,0.94861111111111107
2014-05-01 00:00:00 UTC,49,-1707,440628000,0.7583333333333333
2014-05-01 00:00:00 UTC,49,-1502,441374000,1.6773611111111109
2014-05-01 00:00:00 UTC,49,-1503,441374000,0.885
2014-05-01 00:00:00 UTC,49,-515,745004600,3.6166666666666667
2014-05-01 00:00:00 UTC,49,-1611,441018000,4.39125
2014-05-01 00:00:00 UTC,49,-1391,440847000,3.0313888888888889
2014-05-01 00:00:00 UTC,49,-516,745004200,1.9502777777777773
2014-05-01 00:00:00 UTC,49,1588,432942000,0.927638888888889
2014-05-01 00:00:00 UTC,49,-515,745004500,5.5165277777777773
2014-05-01 00:00:00 UTC,49,-1505,440886000,1.8752777777777776
2014-05-01 00:00:00 UTC,49,1572,432971000,1.2508333333333335
2014-05-01 00:00:00 UTC,305,1213,9020164,6.6981944444444439
2014-05-01 00:00:00 UTC,305,1231,412424457,0.23986111111111114
2014-05-01 00:00:00 UTC,305,1229,412424457,3.21375
2014-05-01 00:00:00 UTC,305,1230,412424457,11.93097222222222
2014-05-01 00:00:00 UTC,305,1227,412411153,4.24236111111111
2014-05-01 00:00:00 UTC,305,1225,412411153,15.47861111111111
2014-05-01 00:00:00 UTC,305,1226,412411153,1.8295833333333333
2014-05-01 00:00:00 UTC,305,1210,412418328,4.6891666666666669
2014-05-01 00:00:00 UTC,305,1218,412437785,2.0722222222222224
2014-05-01 00:00:00 UTC,305,1219,412437785,1.3843055555555555
2014-05-01 00:00:00 UTC,305,1217,412436765,15.072222222222218
2014-05-01 00:00:00 UTC,305,1217,412436766,8.2402777777777771
2014-05-01 00:00:00 UTC,305,1232,412422698,14.621666666666663
2014-05-01 00:00:00 UTC,305,1217,412436781,2.1206944444444442
2014-05-01 00:00:00 UTC,305,1216,412436788,10.005000000000003
2014-05-01 00:00:00 UTC,305,1216,900023101,1.2255555555555557
2014-05-01 00:00:00 UTC,305,1232,412008512,0.2376388888888889
2014-05-01 00:00:00 UTC,305,1232,412422725,17.385277777777773
2014-05-01 00:00:00 UTC,305,1217,412439624,1.9652777777777777
2014-05-01 00:00:00 UTC,305,1230,412438867,0.701111111111111
2014-05-01 00:00:00 UTC,305,1223,574690655,21.825694444444444
2014-05-01 00:00:00 UTC,305,1222,574690655,3.2875
2014-05-01 00:00:00 UTC,305,1225,412413043,7.3230555555555545
2014-05-01 00:00:00 UTC,305,1227,412413043,2.0761111111111115
2014-05-01 00:00:00 UTC,305,1226,412413043,0.73472222222222228
2014-05-01 00:00:00 UTC,305,1226,412413305,0.36569444444444449
2014-05-01 00:00:00 UTC,305,1227,412413305,7.4291666666666663
2014-05-01 00:00:00 UTC,305,1220,412435834,3.9586111111111113
2014-05-01 00:00:00 UTC,305,1225,412413307,8.8981944444444441
2014-05-01 00:00:00 UTC,305,1225,412370564,6.398194444444445
2014-05-01 00:00:00 UTC,305,1227,412370564,1.3265277777777778
2014-05-01 00:00:00 UTC,305,1230,412439189,1.7362499999999998
2014-05-01 00:00:00 UTC,305,1224,412411285,4.41
2014-05-01 00:00:00 UTC,305,1245,412436633,10.491527777777778
2014-05-01 00:00:00 UTC,305,1237,413242279,2.4661111111111116
2014-05-01 00:00:00 UTC,305,1209,412417961,11.401111111111113
2014-05-01 00:00:00 UTC,305,1237,413242285,4.09625
2014-05-01 00:00:00 UTC,305,1216,412436398,2.5812500000000003
2014-05-01 00:00:00 UTC,305,1225,412413363,2.3263888888888888
2014-05-01 00:00:00 UTC,305,1226,412413363,6.2004166666666665
2014-05-01 00:00:00 UTC,305,1218,412439483,8.0955555555555545
2014-05-01 00:00:00 UTC,305,1230,412438724,1.3280555555555555
2014-05-01 00:00:00 UTC,305,1231,412413383,9.2027777777777775
2014-05-01 00:00:00 UTC,305,1221,412438238,2.5876388888888893
2014-05-01 00:00:00 UTC,305,1220,412438238,2.1011111111111114
2014-05-01 00:00:00 UTC,305,1218,412436706,8.4494444444444454
2014-05-01 00:00:00 UTC,305,1217,412436706,0.87555555555555553
2014-05-01 00:00:00 UTC,305,1227,412411362,3.8038888888888889
2014-05-01 00:00:00 UTC,305,1228,412411362,0.35041666666666671
2014-05-01 00:00:00 UTC,305,1225,412411362,1.1715277777777777
2014-05-01 00:00:00 UTC,305,1224,412411362,2.7588888888888889
2014-05-01 00:00:00 UTC,561,46,265824000,0.72402777777777771
2014-05-01 00:00:00 UTC,561,37,235003170,0.12625
2014-05-01 00:00:00 UTC,561,40,235003170,0.24722222222222223
2014-05-01 00:00:00 UTC,561,38,235003170,1.1690277777777778
2014-05-01 00:00:00 UTC,561,39,235003170,1.3354166666666667
2014-05-01 00:00:00 UTC,561,1457,273243200,1.547361111111111
2014-05-01 00:00:00 UTC,561,1448,273243200,1.5722222222222222
2014-05-01 00:00:00 UTC,561,1454,273243200,3.8206944444444444
2014-05-01 00:00:00 UTC,561,1458,273243200,6.3193055555555553
2014-05-01 00:00:00 UTC,561,1449,273243200,10.969027777777779
2014-05-01 00:00:00 UTC,561,38,235068506,2.4401388888888889
2014-05-01 00:00:00 UTC,561,41,235068506,0.21416666666666667
2014-05-01 00:00:00 UTC,561,39,235068506,3.5477777777777781
2014-05-01 00:00:00 UTC,561,37,235068506,2.0358333333333332
2014-05-01 00:00:00 UTC,561,40,235068506,0.90708333333333335
2014-05-01 00:00:00 UTC,561,42,235068506,0.245
2014-05-01 00:00:00 UTC,561,36,235068506,1.4365277777777776
2014-05-01 00:00:00 UTC,561,80,220006000,0.28652777777777777
2014-05-01 00:00:00 UTC,561,-31,235090038,2.1070833333333332
2014-05-01 00:00:00 UTC,561,1498,273431690,6.8843055555555557
2014-05-01 00:00:00 UTC,561,1500,273431690,5.3625000000000007
2014-05-01 00:00:00 UTC,561,1501,273431690,6.1745833333333326
2014-05-01 00:00:00 UTC,561,75,244790677,2.6288888888888886
2014-05-01 00:00:00 UTC,561,77,244790677,2.6806944444444447
2014-05-01 00:00:00 UTC,561,74,244790677,1.0909722222222222
2014-05-01 00:00:00 UTC,561,76,244790677,4.6318055555555553
2014-05-01 00:00:00 UTC,561,45,219015103,3.1197222222222223
2014-05-01 00:00:00 UTC,561,46,219015103,2.8286111111111114
2014-05-01 00:00:00 UTC,561,43,205240000,0.99833333333333329
2014-05-01 00:00:00 UTC,561,47,219330000,1.9172222222222222
2014-05-01 00:00:00 UTC,561,39,235074776,2.5130555555555554
2014-05-01 00:00:00 UTC,561,37,235074776,3.1740277777777779
2014-05-01 00:00:00 UTC,561,38,235074776,0.45819444444444446
2014-05-01 00:00:00 UTC,561,40,235074776,1.4734722222222223
2014-05-01 00:00:00 UTC,-463,-602,200006661,12.487777777777778
2014-05-01 00:00:00 UTC,-463,-606,224820000,5.3273611111111112
2014-05-01 00:00:00 UTC,-463,-607,224820000,6.4333333333333336
2014-05-01 00:00:00 UTC,-463,339,601971000,1.4190277777777776
2014-05-01 00:00:00 UTC,-463,-604,224701000,5.2941666666666665
2014-05-01 00:00:00 UTC,-463,-602,412329684,3.0213888888888887
2014-05-01 00:00:00 UTC,-463,-604,412270039,2.2569444444444446
2014-05-01 00:00:00 UTC,-463,-603,412270039,1.5933333333333333
2014-05-01 00:00:00 UTC,-463,-605,224567000,2.4149999999999996
2014-05-01 00:00:00 UTC,-463,-606,224567000,2.5083333333333333
2014-05-01 00:00:00 UTC,-463,-596,441868000,3.8586111111111112
2014-05-01 00:00:00 UTC,-463,-595,441868000,1.6054166666666665
2014-05-01 00:00:00 UTC,-463,-606,224235000,6.1486111111111112
2014-05-01 00:00:00 UTC,-463,-608,224235000,1.5819444444444446
2014-05-01 00:00:00 UTC,-207,512,660002700,2.3091666666666666
2014-05-01 00:00:00 UTC,-207,513,660002700,0.87638888888888888
2014-05-01 00:00:00 UTC,-207,514,660002700,1.2954166666666667
2014-05-01 00:00:00 UTC,-207,1597,540010700,0.93291666666666662
2014-05-01 00:00:00 UTC,-207,1598,540010700,0.3947222222222222
2014-05-01 00:00:00 UTC,-207,1595,540010700,3.7316666666666669
2014-05-01 00:00:00 UTC,50,-1325,432448000,1.1709722222222223
2014-05-01 00:00:00 UTC,50,-1709,440628000,1.6248611111111111
2014-05-01 00:00:00 UTC,50,-1705,440628000,0.51958333333333329
2014-05-01 00:00:00 UTC,50,-1504,441374000,2.1919444444444443
2014-05-01 00:00:00 UTC,50,-515,745004600,2.60125
2014-05-01 00:00:00 UTC,50,-1343,432881000,3.7109722222222219
2014-05-01 00:00:00 UTC,50,-1611,441018000,1.318888888888889
2014-05-01 00:00:00 UTC,50,-1610,441018000,1.18625
2014-05-01 00:00:00 UTC,50,-1391,440847000,1.86625
2014-05-01 00:00:00 UTC,50,1589,432942000,1.1926388888888888
2014-05-01 00:00:00 UTC,50,1592,432942000,1.8348611111111111
2014-05-01 00:00:00 UTC,50,-516,745004500,1.5363888888888888
2014-05-01 00:00:00 UTC,50,-1505,440886000,1.1779166666666667
2014-05-01 00:00:00 UTC,50,1572,432971000,1.752361111111111
2014-05-01 00:00:00 UTC,306,1230,412424457,2.3945833333333333
2014-05-01 00:00:00 UTC,306,1231,412422692,0.5593055555555555
2014-05-01 00:00:00 UTC,306,1232,412422698,2.6858333333333335
2014-05-01 00:00:00 UTC,306,1243,412422709,0.24555555555555553
2014-05-01 00:00:00 UTC,306,1241,412422709,0.29569444444444448
2014-05-01 00:00:00 UTC,306,1242,412422709,0.91972222222222222
2014-05-01 00:00:00 UTC,306,1214,9021493,6.8272222222222227
2014-05-01 00:00:00 UTC,306,1216,900023101,3.4616666666666669
2014-05-01 00:00:00 UTC,306,1221,412370251,0.10458333333333333
2014-05-01 00:00:00 UTC,306,1227,412413043,2.1983333333333333
2014-05-01 00:00:00 UTC,306,1246,412437889,10.321388888888889
2014-05-01 00:00:00 UTC,306,1227,412370564,4.0691666666666659
2014-05-01 00:00:00 UTC,306,1219,412435605,5.5011111111111113
2014-05-01 00:00:00 UTC,306,1245,412436633,0.23944444444444446
2014-05-01 00:00:00 UTC,306,1245,412436901,3.6834722222222225
2014-05-01 00:00:00 UTC,306,1237,413242279,0.23694444444444446
2014-05-01 00:00:00 UTC,306,1225,412422057,0.46180555555555558
2014-05-01 00:00:00 UTC,306,1217,412370859,1.4248611111111109
2014-05-01 00:00:00 UTC,306,1215,412371117,4.0523611111111109
2014-05-01 00:00:00 UTC,306,1238,413242285,13.163333333333334
2014-05-01 00:00:00 UTC,306,1216,412436398,13.885138888888889
2014-05-01 00:00:00 UTC,306,1215,412371119,3.9987500000000002
2014-05-01 00:00:00 UTC,306,1217,412370864,23.911805555555553
2014-05-01 00:00:00 UTC,306,1218,412370865,0.49083333333333334
2014-05-01 00:00:00 UTC,306,1221,458888888,5.1627777777777784
2014-05-01 00:00:00 UTC,306,1218,412439483,6.5336111111111093
2014-05-01 00:00:00 UTC,306,1217,412370881,11.612083333333333
2014-05-01 00:00:00 UTC,306,1217,412370888,3.6826388888888886
2014-05-01 00:00:00 UTC,306,1218,412370889,2.9295833333333334
2014-05-01 00:00:00 UTC,306,1246,412400073,13.34138888888889
2014-05-01 00:00:00 UTC,306,1248,413566666,1.1581944444444445
2014-05-01 00:00:00 UTC,306,1217,412370892,2.0922222222222224
2014-05-01 00:00:00 UTC,306,1227,412422607,3.1908333333333339
2014-05-01 00:00:00 UTC,306,1231,412422871,1.068888888888889
2014-05-01 00:00:00 UTC,306,1219,412437731,7.5891666666666655
2014-05-01 00:00:00 UTC,562,40,235003170,1.4652777777777779
2014-05-01 00:00:00 UTC,562,43,235003170,0.60138888888888886
2014-05-01 00:00:00 UTC,562,41,235003170,0.97625000000000006
2014-05-01 00:00:00 UTC,562,42,235003170,1.1255555555555556
2014-05-01 00:00:00 UTC,562,-1697,367460660,0.580138888888889
2014-05-01 00:00:00 UTC,562,80,220006000,4.1188888888888888
2014-05-01 00:00:00 UTC,562,77,220006000,1.795
2014-05-01 00:00:00 UTC,562,-1531,367343270,1.38125
2014-05-01 00:00:00 UTC,562,-1532,367343270,0.80375
2014-05-01 00:00:00 UTC,562,46,219015103,0.92416666666666669
2014-05-01 00:00:00 UTC,562,45,219015103,1.3643055555555554
2014-05-01 00:00:00 UTC,562,44,205240000,6.3073611111111108
2014-05-01 00:00:00 UTC,562,43,205240000,3.2499999999999996
2014-05-01 00:00:00 UTC,562,45,205240000,4.2977777777777781
2014-05-01 00:00:00 UTC,562,40,235074776,2.2304166666666667
2014-05-01 00:00:00 UTC,562,38,235074776,3.8691666666666666
2014-05-01 00:00:00 UTC,562,39,235074776,2.8876388888888882
2014-05-01 00:00:00 UTC,562,42,235074776,2.5245833333333332
2014-05-01 00:00:00 UTC,562,41,235074776,4.0263888888888895
2014-05-01 00:00:00 UTC,-462,-602,412329684,1.5790277777777777
2014-05-01 00:00:00 UTC,-462,-593,441868000,0.72777777777777775
2014-05-01 00:00:00 UTC,-462,-592,441868000,6.2540277777777771
2014-05-01 00:00:00 UTC,-462,-607,224235000,1.57375
2014-05-01 00:00:00 UTC,-206,510,660002700,2.1455555555555552
2014-05-01 00:00:00 UTC,-206,1596,540010700,3.9098611111111108
2014-05-01 00:00:00 UTC,51,-1705,440628000,0.76097222222222227
2014-05-01 00:00:00 UTC,51,-1709,440628000,1.6344444444444446
2014-05-01 00:00:00 UTC,51,-515,745004600,6.0822222222222226
2014-05-01 00:00:00 UTC,51,-514,745004600,4.0012500000000006
2014-05-01 00:00:00 UTC,51,-1345,432881000,5.97638888888889
2014-05-01 00:00:00 UTC,51,-1609,441018000,1.5319444444444446
2014-05-01 00:00:00 UTC,51,-1610,441018000,2.1862500000000002
2014-05-01 00:00:00 UTC,51,-1606,441018000,3.2177777777777781
2014-05-01 00:00:00 UTC,51,-1608,441018000,2.5872222222222221
2014-05-01 00:00:00 UTC,51,-1611,441018000,2.5418055555555554
2014-05-01 00:00:00 UTC,51,-1607,441018000,0.93166666666666664
2014-05-01 00:00:00 UTC,51,-1391,440847000,2.5909722222222222
2014-05-01 00:00:00 UTC,51,-515,745004200,4.3081944444444442
2014-05-01 00:00:00 UTC,51,1595,432942000,1.8319444444444444
2014-05-01 00:00:00 UTC,51,-1353,440952000,1
2014-05-01 00:00:00 UTC,51,-1352,440952000,0.80569444444444449
2014-05-01 00:00:00 UTC,51,-514,745004500,7.3355555555555547
2014-05-01 00:00:00 UTC,51,-1349,440503000,0.68055555555555558
2014-05-01 00:00:00 UTC,51,-1351,440503000,1.5094444444444446
2014-05-01 00:00:00 UTC,51,-1350,440503000,0.59458333333333335
2014-05-01 00:00:00 UTC,51,-1353,440780000,3.3568055555555554
2014-05-01 00:00:00 UTC,51,1571,432971000,1.6902777777777778
2014-05-01 00:00:00 UTC,51,1572,432971000,2.8868055555555556
2014-05-01 00:00:00 UTC,307,1215,900032009,1.92625
2014-05-01 00:00:00 UTC,307,1220,412370958,0.80875000000000008
2014-05-01 00:00:00 UTC,307,1215,900032015,2.4131944444444442
2014-05-01 00:00:00 UTC,307,1245,412422932,0.19125
2014-05-01 00:00:00 UTC,307,1215,900032021,1.2130555555555556
2014-05-01 00:00:00 UTC,307,1249,412419359,11.019583333333333
2014-05-01 00:00:00 UTC,307,1225,412422946,0.18083333333333335
2014-05-01 00:00:00 UTC,307,1231,412422692,22.609027777777783
2014-05-01 00:00:00 UTC,307,1224,900365880,0.48416666666666669
2014-05-01 00:00:00 UTC,307,1239,412426816,0.71111111111111114
2014-05-01 00:00:00 UTC,307,1231,412424542,7.2213888888888889
2014-05-01 00:00:00 UTC,307,1239,412370565,0.762361111111111
2014-05-01 00:00:00 UTC,307,1214,320713358,5.1751388888888892
2014-05-01 00:00:00 UTC,307,1225,412422296,0.45972222222222225
2014-05-01 00:00:00 UTC,307,1224,412422296,0.11569444444444445
2014-05-01 00:00:00 UTC,307,1244,412422553,0.41944444444444445
2014-05-01 00:00:00 UTC,307,1215,412371117,1.3990277777777778
2014-05-01 00:00:00 UTC,307,1217,412370862,2.8308333333333331
2014-05-01 00:00:00 UTC,307,1215,412371119,2.1330555555555555
2014-05-01 00:00:00 UTC,307,1218,412370865,2.4643055555555557
2014-05-01 00:00:00 UTC,307,1249,412416709,12.976111111111111
2014-05-01 00:00:00 UTC,307,1248,412416709,5.2322222222222221
2014-05-01 00:00:00 UTC,307,1218,412370891,12.97361111111111
2014-05-01 00:00:00 UTC,307,1227,412422607,3.915
2014-05-01 00:00:00 UTC,307,1231,412422871,22.416805555555555
2014-05-01 00:00:00 UTC,307,1224,900300000,7.8573611111111115
2014-05-01 00:00:00 UTC,307,1225,900300000,0.72500000000000009
2014-05-01 00:00:00 UTC,307,1240,412421857,0.93263888888888891
2014-05-01 00:00:00 UTC,307,1239,412421857,1.0365277777777777
2014-05-01 00:00:00 UTC,307,1227,412428013,11.740416666666665
2014-05-01 00:00:00 UTC,307,1223,800022006,1.6797222222222223
2014-05-01 00:00:00 UTC,307,1223,412421119,10.585000000000003
2014-05-01 00:00:00 UTC,563,81,219014161,7.22138888888889
2014-05-01 00:00:00 UTC,563,44,235003170,0.99250000000000016
2014-05-01 00:00:00 UTC,563,43,235003170,0.8913888888888889
2014-05-01 00:00:00 UTC,563,120,219002409,0.23305555555555557
2014-05-01 00:00:00 UTC,563,81,219000618,2.2088888888888891
2014-05-01 00:00:00 UTC,563,-1697,367460660,14.172916666666669
2014-05-01 00:00:00 UTC,563,-1696,367460660,2.2322222222222221
2014-05-01 00:00:00 UTC,563,80,219016004,10.223055555555558
2014-05-01 00:00:00 UTC,563,-1661,369283000,5.3776388888888889
2014-05-01 00:00:00 UTC,563,49,219015103,0.21722222222222221
2014-05-01 00:00:00 UTC,563,46,219015103,2.0719444444444441
2014-05-01 00:00:00 UTC,563,50,219015103,1.1583333333333332
2014-05-01 00:00:00 UTC,-461,339,601971000,1.570972222222222
2014-05-01 00:00:00 UTC,-461,-605,224701000,10.647083333333333
2014-05-01 00:00:00 UTC,-461,-603,412270039,7.1694444444444452
2014-05-01 00:00:00 UTC,-461,-593,441868000,0.14722222222222223
2014-05-01 00:00:00 UTC,-461,-592,441868000,0.66666666666666663
2014-05-01 00:00:00 UTC,-461,-607,224235000,5.458333333333333
2014-05-01 00:00:00 UTC,-205,1669,540001900,8.1737500000000018
2014-05-01 00:00:00 UTC,-205,1668,540001900,4.1341666666666663
2014-05-01 00:00:00 UTC,-205,509,660002700,3.8797222222222225
2014-05-01 00:00:00 UTC,-205,-837,224366000,1.8513888888888888
2014-05-01 00:00:00 UTC,-205,1594,540010700,5.1751388888888883
2014-05-01 00:00:00 UTC,-205,1593,540010700,2.3958333333333335
2014-05-01 00:00:00 UTC,52,-1706,440628000,0.59458333333333324
2014-05-01 00:00:00 UTC,52,-1707,440628000,0.85
2014-05-01 00:00:00 UTC,52,-1709,440628000,1.2961111111111112
2014-05-01 00:00:00 UTC,52,-1705,440628000,1.111388888888889
2014-05-01 00:00:00 UTC,52,556,412989000,7.8013888888888889
2014-05-01 00:00:00 UTC,52,-1344,432881000,2.8736111111111113
2014-05-01 00:00:00 UTC,52,-1343,432881000,1.2956944444444445
2014-05-01 00:00:00 UTC,52,-1345,432881000,1.7134722222222221
2014-05-01 00:00:00 UTC,52,-1391,440847000,3.4447222222222225
2014-05-01 00:00:00 UTC,52,-514,745004200,1.1972222222222224
2014-05-01 00:00:00 UTC,52,-515,745004200,7.7833333333333332
2014-05-01 00:00:00 UTC,52,1594,432942000,1.6554166666666665
2014-05-01 00:00:00 UTC,52,-1354,440952000,1.8295833333333333
2014-05-01 00:00:00 UTC,52,-1353,440952000,2.40125
2014-05-01 00:00:00 UTC,52,-515,745004500,4.3045833333333334
2014-05-01 00:00:00 UTC,52,-1354,440503000,1.8816666666666666
2014-05-01 00:00:00 UTC,52,-1349,440503000,0.51791666666666669
2014-05-01 00:00:00 UTC,52,-1353,440780000,1.7548611111111112
2014-05-01 00:00:00 UTC,308,1215,900032009,11.047777777777778
2014-05-01 00:00:00 UTC,308,1220,412370958,5.1511111111111108
2014-05-01 00:00:00 UTC,308,1215,900032015,10.998611111111112
2014-05-01 00:00:00 UTC,308,1250,412419359,12.497083333333336
2014-05-01 00:00:00 UTC,308,1239,412438832,1.6366666666666665
2014-05-01 00:00:00 UTC,308,1240,412438832,0.81319444444444444
2014-05-01 00:00:00 UTC,308,1238,412438832,9.7091666666666665
2014-05-01 00:00:00 UTC,308,1224,900365880,14.135138888888887
2014-05-01 00:00:00 UTC,308,1237,412426816,6.4775
2014-05-01 00:00:00 UTC,308,1238,412426816,3.7029166666666664
2014-05-01 00:00:00 UTC,308,1239,412426816,1.2152777777777777
2014-05-01 00:00:00 UTC,308,1222,412371013,9.5719444444444441
2014-05-01 00:00:00 UTC,308,1229,412350028,1.1804166666666667
2014-05-01 00:00:00 UTC,308,1220,413750611,12.489722222222223
2014-05-01 00:00:00 UTC,308,1242,412436831,10.045
2014-05-01 00:00:00 UTC,308,1241,412436831,8.4677777777777763
2014-05-01 00:00:00 UTC,308,1242,412436839,6.3009722222222226
2014-05-01 00:00:00 UTC,308,1238,412421995,0.56527777777777777
2014-05-01 00:00:00 UTC,308,1237,412421995,1.7648611111111112
2014-05-01 00:00:00 UTC,308,1235,412428664,9.75125
2014-05-01 00:00:00 UTC,308,1238,412370567,10.327638888888892
2014-05-01 00:00:00 UTC,308,1214,320713358,0.67152777777777772
2014-05-01 00:00:00 UTC,308,1239,412439192,1.5474999999999999
2014-05-01 00:00:00 UTC,308,1224,412411037,5.1422222222222205
2014-05-01 00:00:00 UTC,308,1244,412435364,3.4729166666666669
2014-05-01 00:00:00 UTC,308,1224,900301220,8.64111111111111
2014-05-01 00:00:00 UTC,308,1246,412436901,9.775555555555556
2014-05-01 00:00:00 UTC,308,1225,900330420,3.5898611111111105
2014-05-01 00:00:00 UTC,308,1246,412321213,13.749305555555555
2014-05-01 00:00:00 UTC,308,1239,412439239,1.4284722222222221
2014-05-01 00:00:00 UTC,308,1238,412439239,13.470555555555556
2014-05-01 00:00:00 UTC,308,1238,412421843,0.17472222222222222
2014-05-01 00:00:00 UTC,308,1239,412421857,0.90333333333333332
2014-05-01 00:00:00 UTC,308,1239,412439275,2.6227777777777774
2014-05-01 00:00:00 UTC,308,1240,412439283,0.58458333333333323
2014-05-01 00:00:00 UTC,308,1239,412439283,2.299722222222222
2014-05-01 00:00:00 UTC,308,1238,412439283,7.1533333333333342
2014-05-01 00:00:00 UTC,308,1220,413700088,6.4720833333333321
2014-05-01 00:00:00 UTC,308,1223,412421119,11.394861111111112
2014-05-01 00:00:00 UTC,564,81,219000618,0.90458333333333329
2014-05-01 00:00:00 UTC,564,-1683,366270000,1.5668055555555558
2014-05-01 00:00:00 UTC,564,-1684,366270000,12.876527777777778
2014-05-01 00:00:00 UTC,564,-1697,367460660,4.7579166666666675
2014-05-01 00:00:00 UTC,564,-1698,367460660,1.575
2014-05-01 00:00:00 UTC,564,80,219016004,0.43236111111111108
2014-05-01 00:00:00 UTC,564,80,219011179,8.7948611111111124
2014-05-01 00:00:00 UTC,564,-1649,369283000,4.5818055555555555
2014-05-01 00:00:00 UTC,564,46,219015103,1.1341666666666668
2014-05-01 00:00:00 UTC,564,49,219015103,1.0897222222222223
2014-05-01 00:00:00 UTC,564,47,219015103,1.2638888888888888
2014-05-01 00:00:00 UTC,-460,-603,412270039,3.1733333333333333
2014-05-01 00:00:00 UTC,-204,1667,540001900,3.012777777777778
2014-05-01 00:00:00 UTC,-204,1666,540001900,7.2626388888888895
2014-05-01 00:00:00 UTC,53,-1709,440628000,0.86972222222222229
2014-05-01 00:00:00 UTC,53,556,412989000,9.6120833333333326
2014-05-01 00:00:00 UTC,53,-1345,432881000,2.1043055555555554
2014-05-01 00:00:00 UTC,53,-1344,432881000,2.5209722222222224
2014-05-01 00:00:00 UTC,53,-1305,432890000,0.95833333333333337
2014-05-01 00:00:00 UTC,53,-1391,440847000,0.84902777777777771
2014-05-01 00:00:00 UTC,53,-1392,440847000,3.0830555555555561
2014-05-01 00:00:00 UTC,53,-1461,440900000,0.92069444444444448
2014-05-01 00:00:00 UTC,53,1594,432942000,0.87388888888888894
2014-05-01 00:00:00 UTC,53,-1353,440952000,1.26125
2014-05-01 00:00:00 UTC,53,-1354,440952000,1.7351388888888888
2014-05-01 00:00:00 UTC,53,-1349,440503000,0.84472222222222215
2014-05-01 00:00:00 UTC,53,-1355,440503000,1.7456944444444444
2014-05-01 00:00:00 UTC,53,-1352,440780000,0.93319444444444466
2014-05-01 00:00:00 UTC,53,-1354,440780000,0.82569444444444451
2014-05-01 00:00:00 UTC,53,-1353,440780000,1.4595833333333335
2014-05-01 00:00:00 UTC,53,1571,432971000,4.7859722222222221
2014-05-01 00:00:00 UTC,309,1223,412612098,0.26722222222222225
2014-05-01 00:00:00 UTC,309,1226,900400423,2.1783333333333337
2014-05-01 00:00:00 UTC,309,1220,412010026,5.9452777777777781
2014-05-01 00:00:00 UTC,309,1237,412438832,5.0777777777777775
2014-05-01 00:00:00 UTC,309,1236,412438832,8.6480555555555547
2014-05-01 00:00:00 UTC,309,1236,412426816,4.056805555555556
2014-05-01 00:00:00 UTC,309,1224,412370241,0.48555555555555552
2014-05-01 00:00:00 UTC,309,1225,412370241,0.99263888888888885
2014-05-01 00:00:00 UTC,309,1239,412427088,0.91555555555555557
2014-05-01 00:00:00 UTC,309,1227,900308305,2.4422222222222221
2014-05-01 00:00:00 UTC,309,1226,900308305,0.89541666666666675
2014-05-01 00:00:00 UTC,309,1228,412427861,23.337777777777781
2014-05-01 00:00:00 UTC,309,1241,412436831,3.6970833333333335
2014-05-01 00:00:00 UTC,309,1243,412436839,1.0547222222222223
2014-05-01 00:00:00 UTC,309,1242,412436839,16.584444444444443
2014-05-01 00:00:00 UTC,309,1225,500031880,7.3381944444444436
2014-05-01 00:00:00 UTC,309,1224,421110158,2.7120833333333332
2014-05-01 00:00:00 UTC,309,1223,421110158,15.733194444444447
2014-05-01 00:00:00 UTC,309,1237,412438418,1.7793055555555557
2014-05-01 00:00:00 UTC,309,1244,412435364,11.492083333333333
2014-05-01 00:00:00 UTC,309,1220,412370342,0.6775
2014-05-01 00:00:00 UTC,309,1223,412437671,13.089722222222221
2014-05-01 00:00:00 UTC,309,1224,412437671,1.6433333333333331
2014-05-01 00:00:00 UTC,309,1238,412439239,0.66263888888888889
2014-05-01 00:00:00 UTC,309,1236,412439239,3.8831944444444444
2014-05-01 00:00:00 UTC,309,1237,412439239,1.5916666666666668
2014-05-01 00:00:00 UTC,309,1225,900403402,2.0756944444444443
2014-05-01 00:00:00 UTC,309,1223,412443604,10.887777777777778
2014-05-01 00:00:00 UTC,309,1237,412439275,2.1286111111111108
2014-05-01 00:00:00 UTC,309,1238,412439275,11.224444444444444
2014-05-01 00:00:00 UTC,309,1236,412439275,8.6791666666666671
2014-05-01 00:00:00 UTC,309,1238,412439283,6.2504166666666672
2014-05-01 00:00:00 UTC,309,1237,412439283,2.1688888888888891
2014-05-01 00:00:00 UTC,309,1236,412439283,4.3570833333333336
2014-05-01 00:00:00 UTC,309,1220,413700088,11.993888888888891
2014-05-01 00:00:00 UTC,565,-92,228106800,4.6073611111111115
2014-05-01 00:00:00 UTC,565,-1683,366270000,5.5915277777777774
2014-05-01 00:00:00 UTC,565,-1684,366270000,3.2640277777777778
2014-05-01 00:00:00 UTC,565,81,219011179,1.2881944444444444
2014-05-01 00:00:00 UTC,565,80,219011179,1.1419444444444444
2014-05-01 00:00:00 UTC,565,-1647,369283000,4.5226388888888884
2014-05-01 00:00:00 UTC,565,49,219015103,0.93194444444444446
2014-05-01 00:00:00 UTC,565,48,219015103,1.3648611111111113
2014-05-01 00:00:00 UTC,565,47,219015103,0.50277777777777777
2014-05-01 00:00:00 UTC,-203,-836,224366000,11.758194444444445
2014-05-01 00:00:00 UTC,-203,-838,224366000,2.302777777777778
2014-05-01 00:00:00 UTC,54,-1709,440628000,1.6875
2014-05-01 00:00:00 UTC,54,-1345,432881000,0.928888888888889
2014-05-01 00:00:00 UTC,54,-1344,432881000,0.95444444444444432
2014-05-01 00:00:00 UTC,54,-1305,432890000,0.86819444444444449
2014-05-01 00:00:00 UTC,54,-1391,440847000,0.83333333333333337
2014-05-01 00:00:00 UTC,54,-1466,440900000,1.7694444444444444
2014-05-01 00:00:00 UTC,54,-1463,440900000,1.0098611111111111
2014-05-01 00:00:00 UTC,54,-1468,440900000,2.1148611111111117
2014-05-01 00:00:00 UTC,54,-1461,440900000,1.2720833333333332
2014-05-01 00:00:00 UTC,54,-1462,440900000,0.74888888888888894
2014-05-01 00:00:00 UTC,54,-1467,440900000,1.8333333333333335
2014-05-01 00:00:00 UTC,54,-1469,440900000,1.0165277777777777
2014-05-01 00:00:00 UTC,54,1594,432942000,0.86138888888888887
2014-05-01 00:00:00 UTC,54,-1354,440952000,1.4813888888888889
2014-05-01 00:00:00 UTC,54,-1349,440503000,1.2638888888888888
2014-05-01 00:00:00 UTC,54,-1355,440503000,2.2986111111111112
2014-05-01 00:00:00 UTC,54,-1354,440780000,1.6579166666666669
2014-05-01 00:00:00 UTC,54,-1352,440780000,0.8847222222222223
2014-05-01 00:00:00 UTC,310,1222,412612098,0.91333333333333333
2014-05-01 00:00:00 UTC,310,1223,412612098,0.96875
2014-05-01 00:00:00 UTC,310,1226,900400423,1.1943055555555555
2014-05-01 00:00:00 UTC,310,1220,412010026,12.332777777777778
2014-05-01 00:00:00 UTC,310,1219,412370991,8.4195833333333336
2014-05-01 00:00:00 UTC,310,1224,412370241,1.1445833333333333
2014-05-01 00:00:00 UTC,310,1220,412370241,1.5547222222222223
2014-05-01 00:00:00 UTC,310,1239,412427088,0.41152777777777777
2014-05-01 00:00:00 UTC,310,1235,412421995,5.9090277777777782
2014-05-01 00:00:00 UTC,310,1229,412413037,16.657777777777785
2014-05-01 00:00:00 UTC,310,1228,412413037,3.415
2014-05-01 00:00:00 UTC,310,1225,900364151,15.762361111111112
2014-05-01 00:00:00 UTC,310,1228,412411017,3.1184722222222221
2014-05-01 00:00:00 UTC,310,1229,412411017,12.931805555555558
2014-05-01 00:00:00 UTC,310,1224,421110158,3.1194444444444445
2014-05-01 00:00:00 UTC,310,1223,421110158,0.97291666666666665
2014-05-01 00:00:00 UTC,310,1220,412370342,0.18666666666666668
2014-05-01 00:00:00 UTC,310,1223,412437671,0.18319444444444444
2014-05-01 00:00:00 UTC,310,1224,412437671,2.4994444444444444
2014-05-01 00:00:00 UTC,310,1229,900306103,11.065138888888889
2014-05-01 00:00:00 UTC,310,1235,412439239,1.4834722222222223
2014-05-01 00:00:00 UTC,310,1236,412439239,1.3584722222222223
2014-05-01 00:00:00 UTC,310,1226,412411855,4.512777777777778
2014-05-01 00:00:00 UTC,310,1226,412443604,0.44222222222222224
2014-05-01 00:00:00 UTC,310,1225,412443604,5.6002777777777775
2014-05-01 00:00:00 UTC,310,1229,412411361,8.76486111111111
2014-05-01 00:00:00 UTC,310,1227,412411361,4.0070833333333331
2014-05-01 00:00:00 UTC,310,1228,412411361,5.2893055555555568
2014-05-01 00:00:00 UTC,310,1221,412370941,6.8652777777777771
2014-05-01 00:00:00 UTC,310,1247,412422142,0.65416666666666667
2014-05-01 00:00:00 UTC,310,1246,412422142,12.794444444444444
2014-05-01 00:00:00 UTC,566,60,219941000,20.424861111111113
2014-05-01 00:00:00 UTC,566,1477,273849520,13.862777777777778
2014-05-01 00:00:00 UTC,566,1476,273849520,3.8111111111111109
2014-05-01 00:00:00 UTC,566,118,220375000,1.6680555555555556
2014-05-01 00:00:00 UTC,566,117,219005921,2.4138888888888892
2014-05-01 00:00:00 UTC,566,118,219005921,1.4608333333333334
2014-05-01 00:00:00 UTC,-202,364,432226000,3.0233333333333334
2014-05-01 00:00:00 UTC,-202,363,432226000,1.6461111111111111
2014-05-01 00:00:00 UTC,55,-1709,440628000,1.9940277777777773
2014-05-01 00:00:00 UTC,55,-1710,440628000,2.797361111111111
2014-05-01 00:00:00 UTC,55,559,412989000,7.8475
2014-05-01 00:00:00 UTC,55,-1344,432881000,0.76555555555555554
2014-05-01 00:00:00 UTC,55,26,627163000,0.56805555555555554
2014-05-01 00:00:00 UTC,55,-1305,432890000,0.81819444444444445
2014-05-01 00:00:00 UTC,55,-1391,440847000,2.9883333333333337
2014-05-01 00:00:00 UTC,55,-1469,440900000,1.9409722222222223
2014-05-01 00:00:00 UTC,55,-1465,440900000,1.451111111111111
2014-05-01 00:00:00 UTC,55,-1467,440900000,2.34625
2014-05-01 00:00:00 UTC,55,-1466,440900000,1.8479166666666667
2014-05-01 00:00:00 UTC,55,-1468,440900000,1.7397222222222222
2014-05-01 00:00:00 UTC,55,1594,432942000,2.0773611111111112
2014-05-01 00:00:00 UTC,55,-1353,440952000,2.0109722222222226
2014-05-01 00:00:00 UTC,55,-1354,440952000,0.8322222222222222
2014-05-01 00:00:00 UTC,55,-1355,440952000,1.6519444444444447
2014-05-01 00:00:00 UTC,55,-1355,440503000,0.84319444444444447
2014-05-01 00:00:00 UTC,55,-1354,440780000,2.1590277777777778
2014-05-01 00:00:00 UTC,55,-1352,440780000,0.84833333333333338
2014-05-01 00:00:00 UTC,311,1223,412612098,18.462083333333336
2014-05-01 00:00:00 UTC,311,1222,412612098,1.1179166666666667
2014-05-01 00:00:00 UTC,311,1228,412417038,1.0004166666666667
2014-05-01 00:00:00 UTC,311,1219,412370241,1.5863888888888891
2014-05-01 00:00:00 UTC,311,1235,412421995,0.47361111111111109
2014-05-01 00:00:00 UTC,311,1228,412418931,8.2945833333333336
2014-05-01 00:00:00 UTC,311,1235,412428404,0.48722222222222222
2014-05-01 00:00:00 UTC,311,1234,412428404,5.3086111111111114
2014-05-01 00:00:00 UTC,311,1233,412428404,7.3936111111111114
2014-05-01 00:00:00 UTC,311,1234,412428664,4.4888888888888889
2014-05-01 00:00:00 UTC,311,1235,412428664,2.892638888888889
2014-05-01 00:00:00 UTC,311,1221,412359040,1.0724999999999998
2014-05-01 00:00:00 UTC,311,1225,412411019,1.1523611111111112
2014-05-01 00:00:00 UTC,311,1228,412419215,13.796527777777778
2014-05-01 00:00:00 UTC,311,1227,901380508,5.6920833333333327
2014-05-01 00:00:00 UTC,311,1228,412417183,9.24236111111111
2014-05-01 00:00:00 UTC,311,1234,412426695,0.85305555555555568
2014-05-01 00:00:00 UTC,311,1228,412413383,4.5663888888888895
2014-05-01 00:00:00 UTC,311,1229,412413383,1.0413888888888887
2014-05-01 00:00:00 UTC,311,1226,412411855,20.966666666666669
2014-05-01 00:00:00 UTC,311,1227,412411855,2.87875
2014-05-01 00:00:00 UTC,311,1227,412411364,1.2806944444444446
2014-05-01 00:00:00 UTC,311,1231,412400111,8.2625
2014-05-01 00:00:00 UTC,311,1232,412400111,14.350138888888887
2014-05-01 00:00:00 UTC,567,-73,235098679,0.49638888888888888
2014-05-01 00:00:00 UTC,567,-72,235098679,0.78513888888888883
2014-05-01 00:00:00 UTC,567,1469,273351500,11.697638888888889
2014-05-01 00:00:00 UTC,567,1468,273351500,7.1444444444444448
2014-05-01 00:00:00 UTC,567,1467,273351500,4.6108333333333338
2014-05-01 00:00:00 UTC,567,-1559,367630000,3.808472222222222
2014-05-01 00:00:00 UTC,567,-1560,367630000,2.3141666666666669
2014-05-01 00:00:00 UTC,567,1475,273849520,1.5315277777777778
2014-05-01 00:00:00 UTC,567,118,220375000,0.36708333333333332
2014-05-01 00:00:00 UTC,567,118,219005921,2.2737499999999997
2014-05-01 00:00:00 UTC,-201,-836,224366000,7.4109722222222221
2014-05-01 00:00:00 UTC,-201,365,432226000,3.6808333333333336
2014-05-01 00:00:00 UTC,56,-1710,440628000,2.8181944444444444
2014-05-01 00:00:00 UTC,56,26,627163000,0.63972222222222219
2014-05-01 00:00:00 UTC,56,-520,745003400,16.049583333333331
2014-05-01 00:00:00 UTC,56,-521,745003400,8.7588888888888885
2014-05-01 00:00:00 UTC,56,-1305,432890000,5.104166666666667
2014-05-01 00:00:00 UTC,56,-1461,440900000,1.023611111111111
2014-05-01 00:00:00 UTC,56,1593,432942000,0.98652777777777778
2014-05-01 00:00:00 UTC,56,-1355,440952000,1.9406944444444441
2014-05-01 00:00:00 UTC,56,-1355,440503000,2.0851388888888889
2014-05-01 00:00:00 UTC,56,-1349,440503000,0.89847222222222223
2014-05-01 00:00:00 UTC,56,-1352,440780000,0.48652777777777778
2014-05-01 00:00:00 UTC,56,-1354,440780000,1.2179166666666668
2014-05-01 00:00:00 UTC,312,1225,412411143,7.9500000000000011
2014-05-01 00:00:00 UTC,312,1218,412370184,1.9311111111111112
2014-05-01 00:00:00 UTC,312,1235,412426009,2.4234722222222222
2014-05-01 00:00:00 UTC,312,1228,412422946,1.2252777777777777
2014-05-01 00:00:00 UTC,312,1228,412370226,10.237916666666671
2014-05-01 00:00:00 UTC,312,1247,300025423,0.18444444444444444
2014-05-01 00:00:00 UTC,312,1235,412426834,2.2251388888888886
2014-05-01 00:00:00 UTC,312,1234,412426834,1.348611111111111
2014-05-01 00:00:00 UTC,312,1252,412536946,8.3979166666666671
2014-05-01 00:00:00 UTC,312,1254,412536946,10.055138888888889
2014-05-01 00:00:00 UTC,312,1253,412536946,1.6065277777777778
2014-05-01 00:00:00 UTC,312,1233,412428404,0.71194444444444449
2014-05-01 00:00:00 UTC,312,1244,412421497,14.90875
2014-05-01 00:00:00 UTC,312,1228,412422268,4.3481944444444443
2014-05-01 00:00:00 UTC,312,1225,412370578,5.4131944444444446
2014-05-01 00:00:00 UTC,312,1226,412370578,12.655694444444443
2014-05-01 00:00:00 UTC,312,1226,412412566,10.038055555555554
2014-05-01 00:00:00 UTC,312,1227,412412566,3.6702777777777778
2014-05-01 00:00:00 UTC,312,1225,412437656,3.7247222222222223
2014-05-01 00:00:00 UTC,312,1226,412437656,15.960555555555553
2014-05-01 00:00:00 UTC,312,1227,901380508,3.7350000000000003
2014-05-01 00:00:00 UTC,312,1228,412422057,0.38319444444444445
2014-05-01 00:00:00 UTC,312,1234,412426695,12.705833333333333
2014-05-01 00:00:00 UTC,312,1235,412426695,4.1383333333333336
2014-05-01 00:00:00 UTC,312,1233,412426695,1.9356944444444444
2014-05-01 00:00:00 UTC,312,1235,412426976,0.30763888888888891
2014-05-01 00:00:00 UTC,312,1234,412426976,4.2843055555555551
2014-05-01 00:00:00 UTC,312,1226,412411363,4.6309722222222227
2014-05-01 00:00:00 UTC,312,1227,412411363,9.4661111111111111
2014-05-01 00:00:00 UTC,312,1225,412411364,4.1963888888888885
2014-05-01 00:00:00 UTC,312,1226,412411364,5.4715277777777782
2014-05-01 00:00:00 UTC,312,1227,412411364,2.71625
2014-05-01 00:00:00 UTC,312,1220,412370168,1.4713888888888889
2014-05-01 00:00:00 UTC,568,-61,234908000,6.3308333333333326
2014-05-01 00:00:00 UTC,568,-60,234908000,3.7458333333333331
2014-05-01 00:00:00 UTC,568,120,266139000,1.1648611111111113
2014-05-01 00:00:00 UTC,568,121,266139000,4.2270833333333329
2014-05-01 00:00:00 UTC,568,1523,273242000,10.996111111111111
2014-05-01 00:00:00 UTC,568,1524,273242000,12.40111111111111
2014-05-01 00:00:00 UTC,568,-1515,367343270,3.830972222222222
2014-05-01 00:00:00 UTC,568,-1559,367630000,8.4218055555555544
2014-05-01 00:00:00 UTC,-456,-808,244563000,2.1959722222222222
2014-05-01 00:00:00 UTC,-456,-807,244563000,1.4970833333333333
2014-05-01 00:00:00 UTC,-456,-589,441784000,2.9905555555555554
2014-05-01 00:00:00 UTC,-200,365,432226000,2.16125
2014-05-01 00:00:00 UTC,57,25,627163000,1.2733333333333334
2014-05-01 00:00:00 UTC,57,22,627163000,4.737916666666667
2014-05-01 00:00:00 UTC,57,26,627163000,0.73388888888888881
2014-05-01 00:00:00 UTC,57,23,627163000,0.82305555555555543
2014-05-01 00:00:00 UTC,57,-1461,440900000,0.68347222222222226
2014-05-01 00:00:00 UTC,57,1593,432942000,0.76930555555555558
2014-05-01 00:00:00 UTC,57,-1355,440952000,4.1627777777777784
2014-05-01 00:00:00 UTC,57,-1349,440503000,1.0654166666666667
2014-05-01 00:00:00 UTC,57,-1355,440503000,1.1219444444444444
2014-05-01 00:00:00 UTC,57,-1351,440780000,1.9280555555555556
2014-05-01 00:00:00 UTC,57,-1354,440780000,3.6234722222222224
2014-05-01 00:00:00 UTC,57,-1352,440780000,0.80444444444444441
2014-05-01 00:00:00 UTC,313,1226,412411143,2.8526388888888889
2014-05-01 00:00:00 UTC,313,1223,320711245,17.416111111111114
2014-05-01 00:00:00 UTC,313,1253,200006733,3.2726388888888893
2014-05-01 00:00:00 UTC,313,1252,200006733,1.4090277777777778
2014-05-01 00:00:00 UTC,313,1234,412426834,11.514861111111109
2014-05-01 00:00:00 UTC,313,1233,412426834,5.3388888888888886
2014-05-01 00:00:00 UTC,313,1230,412426885,0.4211111111111111
2014-05-01 00:00:00 UTC,313,1219,412370825,9.5870833333333323
2014-05-01 00:00:00 UTC,313,1226,412370578,4.5158333333333331
2014-05-01 00:00:00 UTC,313,1226,412412566,4.1379166666666665
2014-05-01 00:00:00 UTC,313,1227,901380508,1.151111111111111
2014-05-01 00:00:00 UTC,313,1226,412480696,1.9594444444444445
2014-05-01 00:00:00 UTC,313,1234,412437442,0.78208333333333335
2014-05-01 00:00:00 UTC,313,1233,412437442,7.7258333333333331
2014-05-01 00:00:00 UTC,313,1233,412426976,3.4759722222222225
2014-05-01 00:00:00 UTC,313,1226,412411364,4.0923611111111109
2014-05-01 00:00:00 UTC,313,-1742,431254000,2.4305555555555554
2014-05-01 00:00:00 UTC,313,-1743,431254000,2.2974999999999994
2014-05-01 00:00:00 UTC,569,-1515,367189280,2.3254166666666665
2014-05-01 00:00:00 UTC,569,78,244381000,0.28
2014-05-01 00:00:00 UTC,569,-61,234908000,2.1168055555555556
2014-05-01 00:00:00 UTC,569,-1511,367002510,18.628333333333334
2014-05-01 00:00:00 UTC,569,-1510,367002510,1.5938888888888889
2014-05-01 00:00:00 UTC,569,-1512,367002510,3.080138888888889
2014-05-01 00:00:00 UTC,569,-1560,367630000,8.843055555555555
2014-05-01 00:00:00 UTC,-455,-589,441784000,6.965
2014-05-01 00:00:00 UTC,-455,-638,701000947,1.4558333333333333
2014-05-01 00:00:00 UTC,-455,-640,701000947,8.8070833333333329
2014-05-01 00:00:00 UTC,-455,-639,701000947,4.7174999999999994
2014-05-01 00:00:00 UTC,-199,366,432226000,2.045
2014-05-01 00:00:00 UTC,-199,-1139,412420818,3.4966666666666666
2014-05-01 00:00:00 UTC,58,25,627163000,2.66625
2014-05-01 00:00:00 UTC,58,24,627163000,2.8530555555555557
2014-05-01 00:00:00 UTC,58,23,627163000,3.6130555555555555
2014-05-01 00:00:00 UTC,58,-1461,440900000,0.81541666666666668
2014-05-01 00:00:00 UTC,58,1592,432942000,2.8580555555555556
2014-05-01 00:00:00 UTC,58,-1353,440952000,1.8166666666666667
2014-05-01 00:00:00 UTC,58,-1058,371789000,2.8070833333333334
2014-05-01 00:00:00 UTC,58,-1355,440503000,0.9472222222222223
2014-05-01 00:00:00 UTC,314,1232,900411938,18.937083333333334
2014-05-01 00:00:00 UTC,314,1230,412370235,11.922500000000003
2014-05-01 00:00:00 UTC,314,1217,412370241,0.87513888888888891
2014-05-01 00:00:00 UTC,314,1261,412003736,4.1183333333333332
2014-05-01 00:00:00 UTC,314,1226,412480696,1.2776388888888888
2014-05-01 00:00:00 UTC,314,1226,412370171,8.7416666666666654
2014-05-01 00:00:00 UTC,314,1228,412428284,8.3347222222222221
2014-05-01 00:00:00 UTC,570,-1514,367189280,1.5762500000000002
2014-05-01 00:00:00 UTC,570,77,244381000,0.51125
2014-05-01 00:00:00 UTC,570,75,244381000,0.22180555555555553
2014-05-01 00:00:00 UTC,570,76,244381000,0.785
2014-05-01 00:00:00 UTC,570,76,245265000,3.3113888888888887
2014-05-01 00:00:00 UTC,570,75,245265000,0.47138888888888891
2014-05-01 00:00:00 UTC,570,77,245265000,0.65347222222222223
2014-05-01 00:00:00 UTC,570,121,265502370,6.0984722222222221
2014-05-01 00:00:00 UTC,570,-1653,338626000,2.2195833333333335
2014-05-01 00:00:00 UTC,570,-1516,367082710,0.80152777777777784
2014-05-01 00:00:00 UTC,-454,356,601971000,2.213888888888889
2014-05-01 00:00:00 UTC,-454,358,601971000,2.9333333333333331
2014-05-01 00:00:00 UTC,-454,-603,577030000,4.7848611111111117
2014-05-01 00:00:00 UTC,-454,-639,701000947,3.001527777777778
2014-05-01 00:00:00 UTC,-198,366,432226000,1.694722222222222
2014-05-01 00:00:00 UTC,59,23,627163000,1.8455555555555556
2014-05-01 00:00:00 UTC,59,-1461,440900000,1.3011111111111111
2014-05-01 00:00:00 UTC,59,1592,432942000,0.88041666666666663
2014-05-01 00:00:00 UTC,59,-1349,440503000,1.7959722222222223
2014-05-01 00:00:00 UTC,59,-1356,440503000,2.7518055555555554
2014-05-01 00:00:00 UTC,59,-1351,440780000,2.70875
2014-05-01 00:00:00 UTC,315,1233,412427029,4.0981944444444451
2014-05-01 00:00:00 UTC,315,1232,900411938,2.9556944444444446
2014-05-01 00:00:00 UTC,315,1237,412427073,1.2068055555555555
2014-05-01 00:00:00 UTC,315,1226,412439638,0.86583333333333334
2014-05-01 00:00:00 UTC,315,1746,416003189,5.2038888888888888
2014-05-01 00:00:00 UTC,315,1229,412428244,0.72902777777777772
2014-05-01 00:00:00 UTC,315,1227,412428244,7.3225000000000016
2014-05-01 00:00:00 UTC,315,1228,412428244,11.33888888888889
2014-05-01 00:00:00 UTC,315,1227,412428256,6.2880555555555553
2014-05-01 00:00:00 UTC,315,1227,412428267,10.543333333333333
2014-05-01 00:00:00 UTC,315,1229,412428267,0.87486111111111109
2014-05-01 00:00:00 UTC,315,1228,412428267,11.714861111111111
2014-05-01 00:00:00 UTC,315,1227,412428274,0.94138888888888883
2014-05-01 00:00:00 UTC,315,1228,412428274,9.400555555555556
2014-05-01 00:00:00 UTC,315,1227,412428278,7.6177777777777775
2014-05-01 00:00:00 UTC,315,1228,412428278,7.3630555555555564
2014-05-01 00:00:00 UTC,315,1229,412428278,4.1143055555555552
2014-05-01 00:00:00 UTC,315,1227,412428279,8.8594444444444438
2014-05-01 00:00:00 UTC,315,1228,412428279,10.332916666666666
2014-05-01 00:00:00 UTC,315,1226,412370171,8.41125
2014-05-01 00:00:00 UTC,315,1228,412370173,0.43458333333333332
2014-05-01 00:00:00 UTC,315,1225,412370173,0.92222222222222228
2014-05-01 00:00:00 UTC,315,1227,412370173,0.94722222222222219
2014-05-01 00:00:00 UTC,571,83,220137000,0.45305555555555554
2014-05-01 00:00:00 UTC,571,1502,273816200,6.1677777777777782
2014-05-01 00:00:00 UTC,571,83,219010989,0.66222222222222227
2014-05-01 00:00:00 UTC,571,82,219010989,4.9234722222222231
2014-05-01 00:00:00 UTC,571,1496,273345230,3.810138888888889
2014-05-01 00:00:00 UTC,571,83,219106000,1.0997222222222223
2014-05-01 00:00:00 UTC,-453,360,601971000,1.5876388888888888
2014-05-01 00:00:00 UTC,-453,358,601971000,0.85708333333333331
2014-05-01 00:00:00 UTC,-453,-603,577030000,11.441111111111113
2014-05-01 00:00:00 UTC,-453,-640,701000947,6.104166666666667
2014-05-01 00:00:00 UTC,60,1592,432942000,1.8444444444444446
2014-05-01 00:00:00 UTC,60,-1056,371789000,1.8120833333333333
2014-05-01 00:00:00 UTC,316,1228,412370693,4.47638888888889
2014-05-01 00:00:00 UTC,316,1229,412370693,21.363194444444446
2014-05-01 00:00:00 UTC,316,1233,412427029,20.593333333333334
2014-05-01 00:00:00 UTC,316,1229,412421417,1.2337500000000001
2014-05-01 00:00:00 UTC,316,1228,412421417,3.1702777777777778
2014-05-01 00:00:00 UTC,316,1228,412370477,0.94180555555555556
2014-05-01 00:00:00 UTC,316,1226,412370479,17.565138888888889
2014-05-01 00:00:00 UTC,316,1227,412370479,1.931111111111111
2014-05-01 00:00:00 UTC,316,345,428150081,0.77166666666666672
2014-05-01 00:00:00 UTC,316,1226,412439638,9.7061111111111114
2014-05-01 00:00:00 UTC,316,1225,412439638,5.44611111111111
2014-05-01 00:00:00 UTC,316,1229,412370285,10.234166666666667
2014-05-01 00:00:00 UTC,316,1231,412370285,0.86972222222222217
2014-05-01 00:00:00 UTC,316,1230,412370285,1.0134722222222221
2014-05-01 00:00:00 UTC,316,1239,412370285,0.81930555555555551
2014-05-01 00:00:00 UTC,316,344,428000120,4.575277777777778
2014-05-01 00:00:00 UTC,316,1229,412370311,16.163472222222225
2014-05-01 00:00:00 UTC,316,1228,412370354,1.6973611111111111
2014-05-01 00:00:00 UTC,316,1229,412428244,1.0569444444444445
2014-05-01 00:00:00 UTC,316,1228,412428244,1.608888888888889
2014-05-01 00:00:00 UTC,316,1227,412428244,2.2940277777777776
2014-05-01 00:00:00 UTC,316,1231,412370399,2.0201388888888889
2014-05-01 00:00:00 UTC,316,1229,412370399,13.214722222222223
2014-05-01 00:00:00 UTC,316,1228,412370399,4.65361111111111
2014-05-01 00:00:00 UTC,316,1230,412370399,7.53125
2014-05-01 00:00:00 UTC,316,1228,412428256,10.271805555555556
2014-05-01 00:00:00 UTC,316,1227,412428256,12.940555555555555
2014-05-01 00:00:00 UTC,316,1227,412428267,1.3229166666666665
2014-05-01 00:00:00 UTC,316,1228,412428274,9.6997222222222224
2014-05-01 00:00:00 UTC,316,1227,412428274,11.084166666666665
2014-05-01 00:00:00 UTC,316,1228,412428276,0.42416666666666664
2014-05-01 00:00:00 UTC,316,1230,412428276,3.2470833333333333
2014-05-01 00:00:00 UTC,316,1229,412428276,4.2631944444444443
2014-05-01 00:00:00 UTC,316,344,428150006,2.7219444444444445
2014-05-01 00:00:00 UTC,316,345,428150006,0.36319444444444449
2014-05-01 00:00:00 UTC,316,1227,412428278,4.1027777777777779
2014-05-01 00:00:00 UTC,316,1227,412428279,2.9266666666666663
2014-05-01 00:00:00 UTC,572,-1507,367415050,19.549305555555556
2014-05-01 00:00:00 UTC,572,85,220137000,0.46291666666666664
2014-05-01 00:00:00 UTC,572,84,220137000,3.6824999999999997
2014-05-01 00:00:00 UTC,572,83,220137000,2.1022222222222222
2014-05-01 00:00:00 UTC,572,83,219010989,1.7825000000000002
2014-05-01 00:00:00 UTC,572,85,219010989,1.3540277777777778
2014-05-01 00:00:00 UTC,572,84,219010989,3.7380555555555559
2014-05-01 00:00:00 UTC,572,1496,273345230,7.7098611111111115
2014-05-01 00:00:00 UTC,572,1498,273345230,6.9115277777777777
2014-05-01 00:00:00 UTC,572,83,219106000,1.5530555555555554
2014-05-01 00:00:00 UTC,572,85,219106000,0.70611111111111113
2014-05-01 00:00:00 UTC,572,84,219106000,2.21125
2014-05-01 00:00:00 UTC,-196,367,432226000,1.6361111111111111
2014-05-01 00:00:00 UTC,-196,-1130,412420818,0.56652777777777774
2014-05-01 00:00:00 UTC,61,1591,432942000,1.8263888888888888
2014-05-01 00:00:00 UTC,61,1592,432942000,1.9643055555555555
2014-05-01 00:00:00 UTC,61,1428,432726000,2.9466666666666663
2014-05-01 00:00:00 UTC,317,1229,412370693,2.6654166666666663
2014-05-01 00:00:00 UTC,317,1234,412427018,0.49513888888888891
2014-05-01 00:00:00 UTC,317,345,428150559,12.077361111111111
2014-05-01 00:00:00 UTC,317,1229,412426532,0.586111111111111
2014-05-01 00:00:00 UTC,317,1229,412421417,4.3255555555555549
2014-05-01 00:00:00 UTC,317,1229,412370477,23.011111111111116
2014-05-01 00:00:00 UTC,317,1229,412425018,1.3543055555555557
2014-05-01 00:00:00 UTC,317,345,428150081,8.8280555555555562
2014-05-01 00:00:00 UTC,317,1240,412427075,3.2381944444444444
2014-05-01 00:00:00 UTC,317,1226,412370246,1.4795833333333333
2014-05-01 00:00:00 UTC,317,1231,412427091,1.2619444444444445
2014-05-01 00:00:00 UTC,317,1234,412370285,0.56847222222222227
2014-05-01 00:00:00 UTC,317,1235,412370285,0.75013888888888891
2014-05-01 00:00:00 UTC,317,1233,412370285,0.74319444444444449
2014-05-01 00:00:00 UTC,317,1236,412370285,0.28180555555555553
2014-05-01 00:00:00 UTC,317,1237,412370285,1.1276388888888889
2014-05-01 00:00:00 UTC,317,1232,412370285,0.41402777777777777
2014-05-01 00:00:00 UTC,317,1238,412370285,2.14625
2014-05-01 00:00:00 UTC,317,1760,416003189,1.7893055555555555
2014-05-01 00:00:00 UTC,317,1756,416003189,0.7581944444444445
2014-05-01 00:00:00 UTC,317,1755,416003189,5.6577777777777776
2014-05-01 00:00:00 UTC,317,1757,416003189,0.98333333333333339
2014-05-01 00:00:00 UTC,317,1762,416003189,6.3986111111111112
2014-05-01 00:00:00 UTC,317,1758,416003189,1.4544444444444444
2014-05-01 00:00:00 UTC,317,345,428000120,10.345
2014-05-01 00:00:00 UTC,317,344,428000120,3.0229166666666667
2014-05-01 00:00:00 UTC,317,346,428000120,0.53833333333333333
2014-05-01 00:00:00 UTC,317,1229,412370316,28.975138888888882
2014-05-01 00:00:00 UTC,317,1229,412370354,22.522083333333331
2014-05-01 00:00:00 UTC,317,345,428150719,16.139027777777777
2014-05-01 00:00:00 UTC,317,1229,412370379,29.962361111111111
2014-05-01 00:00:00 UTC,317,1228,412370399,0.40944444444444444
2014-05-01 00:00:00 UTC,317,1229,412370399,1.6308333333333334
2014-05-01 00:00:00 UTC,317,1229,412428276,10.374722222222221
2014-05-01 00:00:00 UTC,317,1228,412428276,11.215833333333334
2014-05-01 00:00:00 UTC,317,345,428150006,3.3016666666666663
2014-05-01 00:00:00 UTC,317,344,428150006,2.4726388888888891
2014-05-01 00:00:00 UTC,573,96,219005956,4.8119444444444435
2014-05-01 00:00:00 UTC,573,-1505,367349810,11.891944444444444
2014-05-01 00:00:00 UTC,573,-1504,367349810,5.3761111111111113
2014-05-01 00:00:00 UTC,573,-1506,367349810,6.090416666666667
2014-05-01 00:00:00 UTC,573,1533,273332330,5.61875
2014-05-01 00:00:00 UTC,573,1505,273816200,1.6056944444444445
2014-05-01 00:00:00 UTC,573,-1502,367167410,1.4847222222222223
2014-05-01 00:00:00 UTC,573,-1501,367167410,1.6402777777777779
2014-05-01 00:00:00 UTC,573,1534,273445310,4.5179166666666664
2014-05-01 00:00:00 UTC,573,1533,273445310,5.35625
2014-05-01 00:00:00 UTC,573,-1652,338626000,2.2794444444444446
2014-05-01 00:00:00 UTC,-451,-636,701006427,5.3995833333333323
2014-05-01 00:00:00 UTC,-451,-637,701006427,4.8784722222222223
2014-05-01 00:00:00 UTC,-451,-591,441784000,7.1140277777777783
2014-05-01 00:00:00 UTC,-195,520,227556000,3.956666666666667
2014-05-01 00:00:00 UTC,-195,521,227556000,2.1238888888888887
2014-05-01 00:00:00 UTC,-195,368,432226000,1.7902777777777779
2014-05-01 00:00:00 UTC,-195,-1129,412420818,1.34625
2014-05-01 00:00:00 UTC,62,-1054,371789000,2.0279166666666666
2014-05-01 00:00:00 UTC,318,1234,412427018,0.71083333333333332
2014-05-01 00:00:00 UTC,318,345,428150559,1.3816666666666664
2014-05-01 00:00:00 UTC,318,1229,412426532,12.63638888888889
2014-05-01 00:00:00 UTC,318,1228,412426532,7.8762500000000006
2014-05-01 00:00:00 UTC,318,1229,412425018,9.2158333333333342
2014-05-01 00:00:00 UTC,318,346,428150081,0.63305555555555559
2014-05-01 00:00:00 UTC,318,1240,412427075,0.31638888888888889
2014-05-01 00:00:00 UTC,318,1225,412370246,1.0883333333333334
2014-05-01 00:00:00 UTC,318,1228,412411208,1.8033333333333332
2014-05-01 00:00:00 UTC,318,1233,412426057,20.074722222222224
2014-05-01 00:00:00 UTC,318,1233,412428625,13.649027777777777
2014-05-01 00:00:00 UTC,318,1232,412428625,8.5744444444444454
2014-05-01 00:00:00 UTC,318,1233,412428626,7.5273611111111105
2014-05-01 00:00:00 UTC,318,1232,412428626,2.641111111111111
2014-05-01 00:00:00 UTC,318,1231,412427091,18.874861111111112
2014-05-01 00:00:00 UTC,318,1236,412370285,3.51375
2014-05-01 00:00:00 UTC,318,1237,412370285,1.1981944444444446
2014-05-01 00:00:00 UTC,318,1235,412370285,0.24486111111111114
2014-05-01 00:00:00 UTC,318,1763,416003189,1.9651388888888888
2014-05-01 00:00:00 UTC,318,345,428000120,1.2790277777777779
2014-05-01 00:00:00 UTC,318,346,428000120,1.617361111111111
2014-05-01 00:00:00 UTC,318,1237,412370311,3.5536111111111111
2014-05-01 00:00:00 UTC,318,1229,900405177,13.534444444444446
2014-05-01 00:00:00 UTC,318,1228,900405177,0.77527777777777784
2014-05-01 00:00:00 UTC,318,1222,413768637,6.451249999999999
2014-05-01 00:00:00 UTC,318,1224,413768637,0.5279166666666667
2014-05-01 00:00:00 UTC,318,1223,413768637,9.52972222222222
2014-05-01 00:00:00 UTC,318,1221,413768637,7.983888888888889
2014-05-01 00:00:00 UTC,318,345,428150719,6.47
2014-05-01 00:00:00 UTC,318,345,428150006,4.8763888888888882
2014-05-01 00:00:00 UTC,574,114,219005968,0.42402777777777778
2014-05-01 00:00:00 UTC,574,114,265635420,0.21694444444444444
2014-05-01 00:00:00 UTC,574,1534,273332330,1.5851388888888889
2014-05-01 00:00:00 UTC,574,1509,273816200,1.51375
2014-05-01 00:00:00 UTC,574,1510,273816200,3.831666666666667
2014-05-01 00:00:00 UTC,574,1508,273816200,5.3288888888888888
2014-05-01 00:00:00 UTC,574,-1501,367167410,5.6223611111111111
2014-05-01 00:00:00 UTC,574,-1499,367167410,5.2984722222222222
2014-05-01 00:00:00 UTC,574,-1648,366499000,0.86888888888888893
2014-05-01 00:00:00 UTC,574,1538,273445310,3.1300000000000003
2014-05-01 00:00:00 UTC,574,1539,273445310,3.1170833333333334
2014-05-01 00:00:00 UTC,574,1533,273445310,1.5881944444444445
2014-05-01 00:00:00 UTC,574,1536,273445310,5.6274999999999995
2014-05-01 00:00:00 UTC,574,113,219006971,1.3251388888888889
2014-05-01 00:00:00 UTC,574,114,219006971,0.21152777777777776
2014-05-01 00:00:00 UTC,-450,-637,701006427,1.6194444444444445
2014-05-01 00:00:00 UTC,-450,-591,441784000,0.83347222222222217
2014-05-01 00:00:00 UTC,-194,57,263821000,1.44
2014-05-01 00:00:00 UTC,-194,369,432226000,1.9391666666666669
2014-05-01 00:00:00 UTC,63,-1552,440926000,1.8348611111111113
2014-05-01 00:00:00 UTC,63,-1548,440926000,2.1125000000000003
2014-05-01 00:00:00 UTC,63,-1555,440926000,0.44861111111111113
2014-05-01 00:00:00 UTC,63,-1549,440926000,1.3347222222222221
2014-05-01 00:00:00 UTC,63,-1550,440926000,1.1668055555555557
2014-05-01 00:00:00 UTC,63,-1547,440926000,1.7877777777777775
2014-05-01 00:00:00 UTC,63,-1546,440926000,4.8845833333333335
2014-05-01 00:00:00 UTC,63,-1553,440926000,1.9047222222222224
2014-05-01 00:00:00 UTC,63,-1551,440926000,1.5429166666666667
2014-05-01 00:00:00 UTC,63,562,416003800,2.2618055555555556
2014-05-01 00:00:00 UTC,63,563,416003800,3.0227777777777778
2014-05-01 00:00:00 UTC,319,1236,412427018,1.1345833333333333
2014-05-01 00:00:00 UTC,319,1235,412427018,0.58986111111111117
2014-05-01 00:00:00 UTC,319,1237,412427018,1.6797222222222219
2014-05-01 00:00:00 UTC,319,1315,432511000,0.41069444444444447
2014-05-01 00:00:00 UTC,319,1228,412426532,1.3740277777777778
2014-05-01 00:00:00 UTC,319,1229,412425018,9.7254166666666659
2014-05-01 00:00:00 UTC,319,346,428150081,4.6788888888888884
2014-05-01 00:00:00 UTC,319,1240,412427075,2.7388888888888889
2014-05-01 00:00:00 UTC,319,1227,412411208,2.7684722222222224
2014-05-01 00:00:00 UTC,319,1228,412411208,2.0120833333333334
2014-05-01 00:00:00 UTC,319,1228,412411216,3.0162500000000003
2014-05-01 00:00:00 UTC,319,1232,412428625,0.20833333333333334
2014-05-01 00:00:00 UTC,319,1230,412426068,0.89069444444444446
2014-05-01 00:00:00 UTC,319,1241,412426348,11.487638888888888
2014-05-01 00:00:00 UTC,575,111,220256000,1.6837499999999999
2014-05-01 00:00:00 UTC,575,110,220256000,0.85402777777777783
2014-05-01 00:00:00 UTC,575,67,257802500,0.89763888888888888
2014-05-01 00:00:00 UTC,575,110,220362000,1.3694444444444445
2014-05-01 00:00:00 UTC,575,111,220362000,0.24555555555555558
2014-05-01 00:00:00 UTC,575,113,219005968,1.7640277777777775
2014-05-01 00:00:00 UTC,575,114,219005968,3.2990277777777779
2014-05-01 00:00:00 UTC,575,111,219005969,1.898611111111111
2014-05-01 00:00:00 UTC,575,-1511,367127080,0.80125
2014-05-01 00:00:00 UTC,575,110,220329000,0.83027777777777789
2014-05-01 00:00:00 UTC,575,111,220329000,1.2443055555555556
2014-05-01 00:00:00 UTC,575,112,219004242,1.4798611111111111
2014-05-01 00:00:00 UTC,575,111,219004242,1.0433333333333332
2014-05-01 00:00:00 UTC,575,114,265635420,1.0334722222222221
2014-05-01 00:00:00 UTC,575,112,219006301,1.0143055555555556
2014-05-01 00:00:00 UTC,575,111,219006301,2.1052777777777778
2014-05-01 00:00:00 UTC,575,110,219006301,0.89930555555555547
2014-05-01 00:00:00 UTC,575,1533,273332330,3.0145833333333334
2014-05-01 00:00:00 UTC,575,1535,273332330,7.6998611111111117
2014-05-01 00:00:00 UTC,575,1532,273332330,1.5059722222222223
2014-05-01 00:00:00 UTC,575,1536,273332330,3.8883333333333328
2014-05-01 00:00:00 UTC,575,83,219013485,0.42833333333333334
2014-05-01 00:00:00 UTC,575,112,219004275,1.5790277777777777
2014-05-01 00:00:00 UTC,575,113,219004275,3.2245833333333334
2014-05-01 00:00:00 UTC,575,111,219004275,1.1004166666666668
2014-05-01 00:00:00 UTC,575,-1715,366480000,0.73041666666666671
2014-05-01 00:00:00 UTC,575,-1717,366480000,2.2351388888888888
2014-05-01 00:00:00 UTC,575,85,219429000,1.7383333333333333
2014-05-01 00:00:00 UTC,575,112,219006345,1.4541666666666666
2014-05-01 00:00:00 UTC,575,111,219006345,0.8683333333333334
2014-05-01 00:00:00 UTC,575,112,266148000,1.672361111111111
2014-05-01 00:00:00 UTC,575,113,266148000,1.3494444444444442
2014-05-01 00:00:00 UTC,575,114,266148000,0.63722222222222225
2014-05-01 00:00:00 UTC,575,111,219006113,2.1108333333333338
2014-05-01 00:00:00 UTC,575,111,219005867,0.2623611111111111
2014-05-01 00:00:00 UTC,575,110,219005867,1.0443055555555556
2014-05-01 00:00:00 UTC,575,-1652,367390380,1.525
2014-05-01 00:00:00 UTC,575,-1651,367390380,6.2444444444444454
2014-05-01 00:00:00 UTC,575,-1650,367390380,3.0418055555555554
2014-05-01 00:00:00 UTC,575,111,220334000,1.3394444444444447
2014-05-01 00:00:00 UTC,575,110,220334000,1.0220833333333332
2014-05-01 00:00:00 UTC,575,113,220334000,1.4409722222222223
2014-05-01 00:00:00 UTC,575,112,220334000,1.2515277777777778
2014-05-01 00:00:00 UTC,575,111,220046000,1.4919444444444445
2014-05-01 00:00:00 UTC,575,110,220046000,1.1408333333333334
2014-05-01 00:00:00 UTC,575,-1498,367167410,1.5863888888888886
2014-05-01 00:00:00 UTC,575,-1500,367167410,4.50625
2014-05-01 00:00:00 UTC,575,-1499,367167410,3.1727777777777773
2014-05-01 00:00:00 UTC,575,-1652,366499000,5.3761111111111113
2014-05-01 00:00:00 UTC,575,-1649,366499000,5.5727777777777785
2014-05-01 00:00:00 UTC,575,-1653,366499000,2.2041666666666666
2014-05-01 00:00:00 UTC,575,-1648,366499000,0.82111111111111112
2014-05-01 00:00:00 UTC,575,112,266424000,0.4161111111111111
2014-05-01 00:00:00 UTC,575,113,266424000,3.3136111111111113
2014-05-01 00:00:00 UTC,575,114,266424000,2.5870833333333332
2014-05-01 00:00:00 UTC,575,-1651,367064000,1.5829166666666665
2014-05-01 00:00:00 UTC,575,-1652,367064000,1.4929166666666667
2014-05-01 00:00:00 UTC,575,-1650,367064000,3.0922222222222224
2014-05-01 00:00:00 UTC,575,-1651,338626000,1.5538888888888889
2014-05-01 00:00:00 UTC,575,110,266306000,1.0098611111111111
2014-05-01 00:00:00 UTC,575,112,266306000,1.3030555555555554
2014-05-01 00:00:00 UTC,575,111,266306000,1.2695833333333335
2014-05-01 00:00:00 UTC,575,113,266306000,1.52875
2014-05-01 00:00:00 UTC,575,111,219003103,1.2388888888888889
2014-05-01 00:00:00 UTC,575,109,219005941,0.25569444444444445
2014-05-01 00:00:00 UTC,575,110,219005941,1.1683333333333334
2014-05-01 00:00:00 UTC,575,104,219007479,10.281527777777777
2014-05-01 00:00:00 UTC,575,114,219006971,4.0333333333333332
2014-05-01 00:00:00 UTC,575,113,219006971,5.219444444444445
2014-05-01 00:00:00 UTC,-449,432,635221000,2.287638888888889
2014-05-01 00:00:00 UTC,-449,438,635221000,1.5640277777777776
2014-05-01 00:00:00 UTC,-449,437,635221000,0.75111111111111106
2014-05-01 00:00:00 UTC,-449,431,635221000,4.608194444444444
2014-05-01 00:00:00 UTC,-449,436,635221000,1.1044444444444441
2014-05-01 00:00:00 UTC,-193,94,431753000,3.77388888888889
2014-05-01 00:00:00 UTC,-193,-885,224892000,3.8744444444444448
2014-05-01 00:00:00 UTC,-193,-883,224892000,3.5847222222222221
2014-05-01 00:00:00 UTC,-193,-852,224987000,3.7277777777777774
2014-05-01 00:00:00 UTC,-193,522,227556000,3.200277777777778
2014-05-01 00:00:00 UTC,-193,58,263821000,1.6736111111111112
2014-05-01 00:00:00 UTC,-193,60,263821000,0.897361111111111
2014-05-01 00:00:00 UTC,-193,61,263821000,0.73819444444444438
2014-05-01 00:00:00 UTC,-193,59,263821000,2.1676388888888889
2014-05-01 00:00:00 UTC,-193,-1128,412420818,1.8333333333333333
2014-05-01 00:00:00 UTC,64,-1556,440926000,0.80833333333333335
2014-05-01 00:00:00 UTC,64,-1050,371789000,4.5845833333333337
2014-05-01 00:00:00 UTC,320,346,428150081,2.5338888888888893
2014-05-01 00:00:00 UTC,320,1240,412427075,0.8781944444444445
2014-05-01 00:00:00 UTC,320,1228,412411204,6.6927777777777777
2014-05-01 00:00:00 UTC,320,1227,412411208,2.3952777777777778
2014-05-01 00:00:00 UTC,320,1229,412411216,0.81944444444444442
2014-05-01 00:00:00 UTC,320,1228,412411216,2.9693055555555556
2014-05-01 00:00:00 UTC,320,1231,230100052,0.15888888888888889
2014-05-01 00:00:00 UTC,320,1230,412426068,2.2694444444444444
2014-05-01 00:00:00 UTC,320,1231,412437353,0.30708333333333332
2014-05-01 00:00:00 UTC,320,1229,412411247,9.444583333333334
2014-05-01 00:00:00 UTC,320,1240,413401250,0.92430555555555549
2014-05-01 00:00:00 UTC,320,1227,412365743,1.4384722222222222
2014-05-01 00:00:00 UTC,576,111,220256000,2.6568055555555552
2014-05-01 00:00:00 UTC,576,67,257802500,0.72319444444444447
2014-05-01 00:00:00 UTC,576,66,257802500,12.109583333333333
2014-05-01 00:00:00 UTC,576,111,220362000,0.78680555555555554
2014-05-01 00:00:00 UTC,576,109,220362000,1.5709722222222222
2014-05-01 00:00:00 UTC,576,110,220362000,1.7776388888888888
2014-05-01 00:00:00 UTC,576,111,219005969,0.87180555555555561
2014-05-01 00:00:00 UTC,576,109,219005969,0.62694444444444442
2014-05-01 00:00:00 UTC,576,110,219005969,2.3565277777777776
2014-05-01 00:00:00 UTC,576,1518,273848610,11.742777777777777
2014-05-01 00:00:00 UTC,576,1519,273848610,3.1125
2014-05-01 00:00:00 UTC,576,111,220329000,2.2765277777777779
2014-05-01 00:00:00 UTC,576,112,220329000,0.21319444444444446
2014-05-01 00:00:00 UTC,576,111,219004242,2.1631944444444446
2014-05-01 00:00:00 UTC,576,112,219004242,0.64986111111111111
2014-05-01 00:00:00 UTC,576,111,219006301,0.62347222222222221
2014-05-01 00:00:00 UTC,576,112,219006301,0.4127777777777778
2014-05-01 00:00:00 UTC,576,84,219013485,0.5725
2014-05-01 00:00:00 UTC,576,83,219013485,0.83513888888888888
2014-05-01 00:00:00 UTC,576,67,265787000,4.2511111111111113
2014-05-01 00:00:00 UTC,576,-1715,366480000,13.294444444444443
2014-05-01 00:00:00 UTC,576,-1716,366480000,3.1952777777777777
2014-05-01 00:00:00 UTC,576,-1717,366480000,2.2555555555555555
2014-05-01 00:00:00 UTC,576,206,277029000,9.40013888888889
2014-05-01 00:00:00 UTC,576,203,277029000,8.1833333333333336
2014-05-01 00:00:00 UTC,576,111,219006345,2.25375
2014-05-01 00:00:00 UTC,576,112,219006345,0.63069444444444445
2014-05-01 00:00:00 UTC,576,66,211214990,7.7276388888888894
2014-05-01 00:00:00 UTC,576,111,266148000,1.6576388888888889
2014-05-01 00:00:00 UTC,576,111,219006113,2.4580555555555557
2014-05-01 00:00:00 UTC,576,112,219006113,0.711111111111111
2014-05-01 00:00:00 UTC,576,-1508,367122850,0.79458333333333331
2014-05-01 00:00:00 UTC,576,85,219801000,1.3061111111111112
2014-05-01 00:00:00 UTC,576,86,219801000,1.2208333333333334
2014-05-01 00:00:00 UTC,576,84,219801000,11.939583333333333
2014-05-01 00:00:00 UTC,576,108,219005867,0.25861111111111112
2014-05-01 00:00:00 UTC,576,110,219005867,1.3776388888888889
2014-05-01 00:00:00 UTC,576,111,219005867,1.596111111111111
2014-05-01 00:00:00 UTC,576,109,219005867,1.2470833333333333
2014-05-01 00:00:00 UTC,576,-1652,367390380,2.9918055555555556
2014-05-01 00:00:00 UTC,576,-1651,367390380,1.6012499999999998
2014-05-01 00:00:00 UTC,576,111,220046000,2.23625
2014-05-01 00:00:00 UTC,576,110,220046000,0.42166666666666663
2014-05-01 00:00:00 UTC,576,-1653,366499000,1.5980555555555556
2014-05-01 00:00:00 UTC,576,-1652,366499000,3.7918055555555559
2014-05-01 00:00:00 UTC,576,115,266424000,0.2125
2014-05-01 00:00:00 UTC,576,114,266424000,5.7144444444444442
2014-05-01 00:00:00 UTC,576,116,266424000,0.21277777777777779
2014-05-01 00:00:00 UTC,576,-1652,367064000,3.01125
2014-05-01 00:00:00 UTC,576,-1651,338626000,1.6075
2014-05-01 00:00:00 UTC,576,87,219831000,2.1179166666666664
2014-05-01 00:00:00 UTC,576,110,219003103,2.7316666666666665
2014-05-01 00:00:00 UTC,576,111,219003103,1.2643055555555556
2014-05-01 00:00:00 UTC,576,1518,273429220,6.8579166666666671
2014-05-01 00:00:00 UTC,576,110,219005941,1.6454166666666667
2014-05-01 00:00:00 UTC,576,108,219005941,0.4818055555555556
2014-05-01 00:00:00 UTC,576,109,219005941,2.4449999999999994
2014-05-01 00:00:00 UTC,-448,436,635221000,0.85152777777777777
2014-05-01 00:00:00 UTC,-448,435,635221000,2.1955555555555555
2014-05-01 00:00:00 UTC,-448,-638,701006427,3.0420833333333333
2014-05-01 00:00:00 UTC,-448,-591,441784000,6.2498611111111115
2014-05-01 00:00:00 UTC,-192,-883,224892000,0.73319444444444448
2014-05-01 00:00:00 UTC,-192,-852,224987000,1.7374999999999998
2014-05-01 00:00:00 UTC,-192,522,227556000,1.3195833333333333
2014-05-01 00:00:00 UTC,-192,57,263821000,1.8151388888888889
2014-05-01 00:00:00 UTC,65,-1367,735057587,3.0220833333333332
2014-05-01 00:00:00 UTC,65,562,416003800,5.2068055555555564
2014-05-01 00:00:00 UTC,65,564,416003800,3.57625
2014-05-01 00:00:00 UTC,65,563,416003800,3.0583333333333331
2014-05-01 00:00:00 UTC,321,1228,412411204,0.60138888888888886
2014-05-01 00:00:00 UTC,321,1229,412411216,0.42055555555555557
2014-05-01 00:00:00 UTC,321,1231,412437353,0.4125
2014-05-01 00:00:00 UTC,321,1229,412411247,8.6138888888888889
2014-05-01 00:00:00 UTC,321,1241,413401250,9.67375
2014-05-01 00:00:00 UTC,321,1240,413401250,13.47736111111111
2014-05-01 00:00:00 UTC,321,1228,412365743,0.86805555555555547
2014-05-01 00:00:00 UTC,321,1227,412365743,3.66875
2014-05-01 00:00:00 UTC,577,1516,273848610,1.5070833333333333
2014-05-01 00:00:00 UTC,577,1517,273848610,6.1079166666666671
2014-05-01 00:00:00 UTC,577,1518,273848610,0.77763888888888888
2014-05-01 00:00:00 UTC,577,111,220329000,0.20805555555555555
2014-05-01 00:00:00 UTC,577,110,220329000,0.41958333333333331
2014-05-01 00:00:00 UTC,577,-1496,366444090,0.74486111111111108
2014-05-01 00:00:00 UTC,577,-1495,366444090,0.75847222222222221
2014-05-01 00:00:00 UTC,577,1518,273825610,3.0415277777777776
2014-05-01 00:00:00 UTC,577,1517,273825610,1.5402777777777779
2014-05-01 00:00:00 UTC,577,1519,273825610,4.5391666666666666
2014-05-01 00:00:00 UTC,577,99,220135000,0.96430555555555553
2014-05-01 00:00:00 UTC,577,1526,273845610,6.9304166666666669
2014-05-01 00:00:00 UTC,577,1525,273845610,3.0534722222222221
2014-05-01 00:00:00 UTC,577,1524,273845610,4.5259722222222223
2014-05-01 00:00:00 UTC,577,-1717,366480000,1.6166666666666667
2014-05-01 00:00:00 UTC,577,1520,273438080,9.5040277777777771
2014-05-01 00:00:00 UTC,577,1519,273438080,4.6231944444444446
2014-05-01 00:00:00 UTC,577,-1639,338693000,6.3920833333333329
2014-05-01 00:00:00 UTC,577,-97,226105000,7.13875
2014-05-01 00:00:00 UTC,577,87,219801000,0.27555555555555555
2014-05-01 00:00:00 UTC,577,86,219801000,0.25027777777777777
2014-05-01 00:00:00 UTC,577,-1651,366499000,1.6068055555555556
2014-05-01 00:00:00 UTC,577,99,220088000,0.37513888888888891
2014-05-01 00:00:00 UTC,577,65,258498000,4.4773611111111116
2014-05-01 00:00:00 UTC,577,1517,273429220,14.843472222222221
2014-05-01 00:00:00 UTC,577,1518,273429220,1.5125
2014-05-01 00:00:00 UTC,577,-34,232004846,1.5948611111111111
2014-05-01 00:00:00 UTC,-447,-606,701000962,13.460694444444444
2014-05-01 00:00:00 UTC,-447,440,635221000,0.86819444444444438
2014-05-01 00:00:00 UTC,-447,443,635221000,1.5959722222222223
2014-05-01 00:00:00 UTC,-447,438,635221000,8.2070833333333333
2014-05-01 00:00:00 UTC,-447,441,635221000,0.76833333333333331
2014-05-01 00:00:00 UTC,-447,-638,701006427,9.1424999999999983
2014-05-01 00:00:00 UTC,-191,-830,224415000,0.86944444444444435
2014-05-01 00:00:00 UTC,-191,-827,224415000,2.5893055555555557
2014-05-01 00:00:00 UTC,-191,-826,224415000,0.70444444444444443
2014-05-01 00:00:00 UTC,-191,-829,224415000,2.3680555555555554
2014-05-01 00:00:00 UTC,-191,-825,224415000,9.2519444444444439
2014-05-01 00:00:00 UTC,-191,-828,224415000,0.44416666666666665
2014-05-01 00:00:00 UTC,-191,-884,224892000,2.8518055555555555
2014-05-01 00:00:00 UTC,-191,-882,224892000,0.86402777777777784
2014-05-01 00:00:00 UTC,-191,-1127,412420818,1.7794444444444446
2014-05-01 00:00:00 UTC,66,-1367,735057587,0.59861111111111109
2014-05-01 00:00:00 UTC,66,562,416003800,0.79319444444444454
2014-05-01 00:00:00 UTC,66,563,416003800,3.8023611111111113
2014-05-01 00:00:00 UTC,66,564,416003800,2.1330555555555555
2014-05-01 00:00:00 UTC,322,1238,412425071,0.51625
2014-05-01 00:00:00 UTC,322,1237,412425071,0.93986111111111115
2014-05-01 00:00:00 UTC,322,1240,412420767,1.1947222222222222
2014-05-01 00:00:00 UTC,322,1228,412365743,4.7648611111111112
2014-05-01 00:00:00 UTC,322,1227,412365743,4.6155555555555559
2014-05-01 00:00:00 UTC,322,1218,905106108,0.89236111111111116
2014-05-01 00:00:00 UTC,322,1228,412413155,2.1005555555555557
2014-05-01 00:00:00 UTC,578,-31,234912000,2.3288888888888888
2014-05-01 00:00:00 UTC,578,-30,234912000,3.1068055555555549
2014-05-01 00:00:00 UTC,578,-29,234912000,0.50305555555555559
2014-05-01 00:00:00 UTC,578,-30,235004940,3.1799999999999997
2014-05-01 00:00:00 UTC,578,-31,235004940,4.25611111111111
2014-05-01 00:00:00 UTC,578,-32,235004940,1.5831944444444446
2014-05-01 00:00:00 UTC,578,-1642,367109910,5.5861111111111121
2014-05-01 00:00:00 UTC,578,-1640,367109910,0.84583333333333344
2014-05-01 00:00:00 UTC,578,-1641,367109910,0.8206944444444445
2014-05-01 00:00:00 UTC,578,-31,235000620,0.99916666666666665
2014-05-01 00:00:00 UTC,578,-32,235000620,1.6244444444444444
2014-05-01 00:00:00 UTC,578,-30,235000620,1.6684722222222224
2014-05-01 00:00:00 UTC,578,-1641,338526000,3.0651388888888889
2014-05-01 00:00:00 UTC,578,-1638,338526000,4.5206944444444446
2014-05-01 00:00:00 UTC,578,-1635,338526000,6.3416666666666668
2014-05-01 00:00:00 UTC,578,-1636,338526000,1.6577777777777776
2014-05-01 00:00:00 UTC,578,-1493,368339000,3.9183333333333334
2014-05-01 00:00:00 UTC,578,-1491,368339000,1.6165277777777778
2014-05-01 00:00:00 UTC,578,-1492,368339000,10.930555555555555
2014-05-01 00:00:00 UTC,578,-32,235060281,1.3263888888888888
2014-05-01 00:00:00 UTC,578,-31,235060281,2.0795833333333333
2014-05-01 00:00:00 UTC,578,-30,235060281,1.44
2014-05-01 00:00:00 UTC,578,-1495,366444090,2.4181944444444441
2014-05-01 00:00:00 UTC,578,95,219000897,1.4120833333333334
2014-05-01 00:00:00 UTC,578,1524,273347910,3.0609722222222224
2014-05-01 00:00:00 UTC,578,1517,273825610,14.117638888888889
2014-05-01 00:00:00 UTC,578,-28,234311000,1.080138888888889
2014-05-01 00:00:00 UTC,578,-25,234311000,1.4554166666666666
2014-05-01 00:00:00 UTC,578,-26,234311000,1.2336111111111112
2014-05-01 00:00:00 UTC,578,-30,234311000,0.80305555555555552
2014-05-01 00:00:00 UTC,578,-29,234311000,1.8498611111111112
2014-05-01 00:00:00 UTC,578,-31,234311000,1.7516666666666669
2014-05-01 00:00:00 UTC,578,-24,234311000,1.5279166666666666
2014-05-01 00:00:00 UTC,578,99,220135000,0.75569444444444445
2014-05-01 00:00:00 UTC,578,1526,273845610,8.7455555555555549
2014-05-01 00:00:00 UTC,578,-32,235000170,1.0193055555555555
2014-05-01 00:00:00 UTC,578,-31,235000170,1.9243055555555557
2014-05-01 00:00:00 UTC,578,-30,235000170,1.6275
2014-05-01 00:00:00 UTC,578,-29,235031151,2.27
2014-05-01 00:00:00 UTC,578,-32,235031151,2.0256944444444445
2014-05-01 00:00:00 UTC,578,-27,235031151,1.3390277777777775
2014-05-01 00:00:00 UTC,578,-30,235031151,1.78375
2014-05-01 00:00:00 UTC,578,-26,235031151,0.67333333333333334
2014-05-01 00:00:00 UTC,578,-31,235031151,0.87972222222222229
2014-05-01 00:00:00 UTC,578,-28,235031151,1.7012500000000002
2014-05-01 00:00:00 UTC,578,1528,273894000,4.6158333333333328
2014-05-01 00:00:00 UTC,578,63,257254000,1.7127777777777777
2014-05-01 00:00:00 UTC,578,64,257254000,4.8000000000000007
2014-05-01 00:00:00 UTC,578,1528,273898610,5.3136111111111113
2014-05-01 00:00:00 UTC,578,-29,235002490,1.9055555555555557
2014-05-01 00:00:00 UTC,578,-24,235002490,1.8065277777777777
2014-05-01 00:00:00 UTC,578,-23,235002490,0.47347222222222218
2014-05-01 00:00:00 UTC,578,-26,235002490,1.1025
2014-05-01 00:00:00 UTC,578,-25,235002490,1.8047222222222223
2014-05-01 00:00:00 UTC,578,1518,273438080,1.590138888888889
2014-05-01 00:00:00 UTC,578,1517,273438080,3.0291666666666668
2014-05-01 00:00:00 UTC,578,-31,235076743,4.2195833333333335
2014-05-01 00:00:00 UTC,578,-29,235076743,1.4706944444444443
2014-05-01 00:00:00 UTC,578,-28,235076743,1.7122222222222223
2014-05-01 00:00:00 UTC,578,-27,235076743,1.0434722222222224
2014-05-01 00:00:00 UTC,578,-30,235076743,1.8881944444444443
2014-05-01 00:00:00 UTC,578,-26,235076743,0.48055555555555551
2014-05-01 00:00:00 UTC,578,-1640,338693000,1.5430555555555556
2014-05-01 00:00:00 UTC,578,64,257034640,5.5322222222222219
2014-05-01 00:00:00 UTC,578,63,257034640,2.046388888888889
2014-05-01 00:00:00 UTC,578,62,257034640,3.8969444444444443
2014-05-01 00:00:00 UTC,578,-32,234671000,2.9344444444444444
2014-05-01 00:00:00 UTC,578,-33,234671000,0.48347222222222219
2014-05-01 00:00:00 UTC,578,-29,234671000,0.56208333333333327
2014-05-01 00:00:00 UTC,578,-30,234671000,4.2840277777777782
2014-05-01 00:00:00 UTC,578,-31,234671000,4.393472222222222
2014-05-01 00:00:00 UTC,578,-97,226105000,11.764722222222222
2014-05-01 00:00:00 UTC,578,1525,273424560,1.5640277777777778
2014-05-01 00:00:00 UTC,578,-1638,366947000,7.1670833333333333
2014-05-01 00:00:00 UTC,578,-1639,366947000,8.6930555555555564
2014-05-01 00:00:00 UTC,578,-1640,366947000,3.7580555555555555
2014-05-01 00:00:00 UTC,578,-1649,366499000,1.5598611111111111
2014-05-01 00:00:00 UTC,578,87,259352000,2.2205555555555558
2014-05-01 00:00:00 UTC,578,-31,235077317,1.4849999999999999
2014-05-01 00:00:00 UTC,578,-30,235077317,1.3569444444444443
2014-05-01 00:00:00 UTC,578,-27,235077317,1.2580555555555555
2014-05-01 00:00:00 UTC,578,-32,235077317,1.06375
2014-05-01 00:00:00 UTC,578,-26,235077317,0.52916666666666667
2014-05-01 00:00:00 UTC,578,-29,235077317,1.4516666666666667
2014-05-01 00:00:00 UTC,578,-28,235077317,1.0894444444444444
2014-05-01 00:00:00 UTC,578,-29,235008200,0.72444444444444445
2014-05-01 00:00:00 UTC,578,-32,235008200,1.1812500000000001
2014-05-01 00:00:00 UTC,578,-30,235008200,2.5433333333333334
2014-05-01 00:00:00 UTC,578,-31,235008200,3.3099999999999996
2014-05-01 00:00:00 UTC,578,-33,235008200,1.2331944444444445
2014-05-01 00:00:00 UTC,578,-34,235008200,3.0884722222222218
2014-05-01 00:00:00 UTC,578,108,219006157,0.21805555555555556
2014-05-01 00:00:00 UTC,578,107,219006157,0.22236111111111112
2014-05-01 00:00:00 UTC,578,63,258498000,8.0479166666666657
2014-05-01 00:00:00 UTC,578,-28,235018981,0.82416666666666671
2014-05-01 00:00:00 UTC,578,-36,235018981,0.22513888888888889
2014-05-01 00:00:00 UTC,578,-30,235018981,10.798888888888888
2014-05-01 00:00:00 UTC,578,-32,235018981,1.0204166666666667
2014-05-01 00:00:00 UTC,578,-29,235018981,2.1345833333333331
2014-05-01 00:00:00 UTC,578,-34,235018981,0.75722222222222224
2014-05-01 00:00:00 UTC,578,-31,235018981,1.0529166666666667
2014-05-01 00:00:00 UTC,578,-35,235018981,1.1406944444444447
2014-05-01 00:00:00 UTC,578,-33,235018981,1.2487499999999998
2014-05-01 00:00:00 UTC,578,-30,232004846,2.9209722222222219
2014-05-01 00:00:00 UTC,578,-33,232004846,0.98861111111111111
2014-05-01 00:00:00 UTC,578,-29,232004846,2.82375
2014-05-01 00:00:00 UTC,578,-32,232004846,1.2719444444444445
2014-05-01 00:00:00 UTC,578,-31,232004846,2.4731944444444443
2014-05-01 00:00:00 UTC,-446,1723,512002264,0.47125
2014-05-01 00:00:00 UTC,-190,-830,224415000,1.399861111111111
2014-05-01 00:00:00 UTC,-190,-827,224415000,3.7793055555555557
2014-05-01 00:00:00 UTC,-190,-829,224415000,2.2820833333333335
2014-05-01 00:00:00 UTC,-190,95,431753000,3.3484722222222221
2014-05-01 00:00:00 UTC,-190,-882,224892000,1.1484722222222223
2014-05-01 00:00:00 UTC,-190,-883,224892000,3.6959722222222222
2014-05-01 00:00:00 UTC,-190,-884,224892000,1.787638888888889
2014-05-01 00:00:00 UTC,-190,-885,224892000,2.9931944444444443
2014-05-01 00:00:00 UTC,-190,-852,224987000,1.6233333333333333
2014-05-01 00:00:00 UTC,-190,1472,503689400,0.7961111111111111
2014-05-01 00:00:00 UTC,-190,102,432408000,0.75041666666666673
2014-05-01 00:00:00 UTC,-190,57,263821000,1.7888888888888888
2014-05-01 00:00:00 UTC,-190,65,263821000,3.7954166666666671
2014-05-01 00:00:00 UTC,-190,60,263821000,1.4415277777777777
2014-05-01 00:00:00 UTC,-190,62,263821000,1.40875
2014-05-01 00:00:00 UTC,-190,363,701000702,4.1994444444444445
2014-05-01 00:00:00 UTC,-190,365,701000702,5.3470833333333339
2014-05-01 00:00:00 UTC,67,1559,432411000,1.4754166666666668
2014-05-01 00:00:00 UTC,67,1556,432411000,1.4456944444444444
2014-05-01 00:00:00 UTC,67,-337,432367000,1.3002777777777776
2014-05-01 00:00:00 UTC,67,-1038,371789000,0.95124999999999993
2014-05-01 00:00:00 UTC,67,-1036,371789000,4.9684722222222231
2014-05-01 00:00:00 UTC,323,1218,905116758,6.3090277777777777
2014-05-01 00:00:00 UTC,323,1237,412425071,3.830138888888889
2014-05-01 00:00:00 UTC,323,1238,412425071,0.70777777777777773
2014-05-01 00:00:00 UTC,323,1239,412420767,8.5858333333333334
2014-05-01 00:00:00 UTC,323,1240,412420767,9.9648611111111123
2014-05-01 00:00:00 UTC,323,1226,865132201,9.9568055555555564
2014-05-01 00:00:00 UTC,323,1227,412365743,2.7479166666666668
2014-05-01 00:00:00 UTC,323,1218,412352764,7.7984722222222214
2014-05-01 00:00:00 UTC,579,-30,234912000,3.49
2014-05-01 00:00:00 UTC,579,-31,234912000,2.540694444444445
2014-05-01 00:00:00 UTC,579,-29,234912000,4.5320833333333335
2014-05-01 00:00:00 UTC,579,-28,234912000,2.7502777777777778
2014-05-01 00:00:00 UTC,579,-27,234912000,4.9180555555555561
2014-05-01 00:00:00 UTC,579,1531,273820420,4.6833333333333336
2014-05-01 00:00:00 UTC,579,1532,273820420,1.4720833333333334
2014-05-01 00:00:00 UTC,579,-29,235004940,3.9998611111111111
2014-05-01 00:00:00 UTC,579,-30,235004940,2.2404166666666665
2014-05-01 00:00:00 UTC,579,-31,235004940,3.4386111111111113
2014-05-01 00:00:00 UTC,579,-27,235004940,3.0847222222222221
2014-05-01 00:00:00 UTC,579,55,220138000,0.22277777777777777
2014-05-01 00:00:00 UTC,579,56,220138000,0.27291666666666664
2014-05-01 00:00:00 UTC,579,-1639,367109910,1.4611111111111112
2014-05-01 00:00:00 UTC,579,-29,235000620,4.141111111111111
2014-05-01 00:00:00 UTC,579,-24,235000620,0.45402777777777781
2014-05-01 00:00:00 UTC,579,-27,235000620,1.3945833333333333
2014-05-01 00:00:00 UTC,579,-25,235000620,0.30277777777777781
2014-05-01 00:00:00 UTC,579,-28,235000620,4.153888888888889
2014-05-01 00:00:00 UTC,579,-30,235000620,1.9619444444444447
2014-05-01 00:00:00 UTC,579,-26,235000620,1.918611111111111
2014-05-01 00:00:00 UTC,579,-31,235000620,1.81125
2014-05-01 00:00:00 UTC,579,-1640,338526000,7.8297222222222222
2014-05-01 00:00:00 UTC,579,-1492,368339000,3.0797222222222222
2014-05-01 00:00:00 UTC,579,-1491,368339000,1.4958333333333333
2014-05-01 00:00:00 UTC,579,-1493,368339000,2.3079166666666664
2014-05-01 00:00:00 UTC,579,-28,235060281,2.1725000000000003
2014-05-01 00:00:00 UTC,579,-27,235060281,4.4148611111111116
2014-05-01 00:00:00 UTC,579,-30,235060281,5.57986111111111
2014-05-01 00:00:00 UTC,579,-26,235060281,0.23597222222222222
2014-05-01 00:00:00 UTC,579,-29,235060281,1.1590277777777778
2014-05-01 00:00:00 UTC,579,-31,235060281,2.20625
2014-05-01 00:00:00 UTC,579,1526,273347910,5.3505555555555553
2014-05-01 00:00:00 UTC,579,1527,273347910,3.0090277777777779
2014-05-01 00:00:00 UTC,579,1525,273347910,3.1061111111111108
2014-05-01 00:00:00 UTC,579,105,218162000,0.69194444444444447
2014-05-01 00:00:00 UTC,579,-57,235000150,0.7205555555555555
2014-05-01 00:00:00 UTC,579,-31,234311000,1.4301388888888891
2014-05-01 00:00:00 UTC,579,-28,234311000,0.72402777777777771
2014-05-01 00:00:00 UTC,579,-27,234311000,2.9908333333333332
2014-05-01 00:00:00 UTC,579,-29,234311000,3.1988888888888889
2014-05-01 00:00:00 UTC,579,-30,234311000,1.4229166666666666
2014-05-01 00:00:00 UTC,579,55,219633000,8.5677777777777777
2014-05-01 00:00:00 UTC,579,54,219633000,4.9977777777777774
2014-05-01 00:00:00 UTC,579,53,219633000,0.9277777777777777
2014-05-01 00:00:00 UTC,579,-31,235000170,0.20805555555555555
2014-05-01 00:00:00 UTC,579,-30,235000170,1.5570833333333334
2014-05-01 00:00:00 UTC,579,-27,235000170,4.5633333333333335
2014-05-01 00:00:00 UTC,579,-28,235000170,4.512083333333333
2014-05-01 00:00:00 UTC,579,-29,235000170,3.0872222222222221
2014-05-01 00:00:00 UTC,579,-31,235031151,3.8540277777777776
2014-05-01 00:00:00 UTC,579,-29,235031151,0.92152777777777783
2014-05-01 00:00:00 UTC,579,-30,235031151,0.58347222222222217
2014-05-01 00:00:00 UTC,579,-28,235031151,2.8152777777777778
2014-05-01 00:00:00 UTC,579,1528,273894000,6.1431944444444451
2014-05-01 00:00:00 UTC,579,62,257254000,3.140138888888889
2014-05-01 00:00:00 UTC,579,60,257254000,3.2475
2014-05-01 00:00:00 UTC,579,61,257254000,6.0734722222222235
2014-05-01 00:00:00 UTC,579,1527,273898610,3.7873611111111112
2014-05-01 00:00:00 UTC,579,-28,235002490,2.8244444444444441
2014-05-01 00:00:00 UTC,579,-30,235002490,3.7745833333333332
2014-05-01 00:00:00 UTC,579,-31,235002490,3.6054166666666672
2014-05-01 00:00:00 UTC,579,-32,235002490,1.0930555555555554
2014-05-01 00:00:00 UTC,579,-29,235076743,3.3023611111111113
2014-05-01 00:00:00 UTC,579,-31,235076743,2.5995833333333334
2014-05-01 00:00:00 UTC,579,-30,235076743,4.1686111111111108
2014-05-01 00:00:00 UTC,579,-1641,338693000,3.8248611111111113
2014-05-01 00:00:00 UTC,579,61,257034640,2.4305555555555554
2014-05-01 00:00:00 UTC,579,60,257034640,5.5619444444444444
2014-05-01 00:00:00 UTC,579,59,257034640,0.2583333333333333
2014-05-01 00:00:00 UTC,579,62,257034640,3.4915277777777778
2014-05-01 00:00:00 UTC,579,-31,234671000,1.2834722222222223
2014-05-01 00:00:00 UTC,579,-27,234671000,4.276250000000001
2014-05-01 00:00:00 UTC,579,-30,234671000,3.3476388888888891
2014-05-01 00:00:00 UTC,579,-32,234671000,2.3476388888888891
2014-05-01 00:00:00 UTC,579,95,219013539,1.0625
2014-05-01 00:00:00 UTC,579,102,219013539,10.772638888888888
2014-05-01 00:00:00 UTC,579,96,219013539,11.594166666666666
2014-05-01 00:00:00 UTC,579,1527,273424560,10.945694444444444
2014-05-01 00:00:00 UTC,579,1528,273424560,9.17763888888889
2014-05-01 00:00:00 UTC,579,1526,273424560,1.5597222222222222
2014-05-01 00:00:00 UTC,579,-1640,366947000,3.8220833333333335
2014-05-01 00:00:00 UTC,579,-31,235077317,2.1559722222222222
2014-05-01 00:00:00 UTC,579,-30,235077317,6.0168055555555551
2014-05-01 00:00:00 UTC,579,1526,273423560,4.5291666666666668
2014-05-01 00:00:00 UTC,579,1527,273423560,3.2229166666666669
2014-05-01 00:00:00 UTC,579,1528,273423560,1.5556944444444443
2014-05-01 00:00:00 UTC,579,108,265650120,5.0043055555555558
2014-05-01 00:00:00 UTC,579,-31,235008200,1.2901388888888889
2014-05-01 00:00:00 UTC,579,-32,235008200,1.9651388888888888
2014-05-01 00:00:00 UTC,579,-27,235008200,4.359166666666666
2014-05-01 00:00:00 UTC,579,-30,235008200,4.2465277777777777
2014-05-01 00:00:00 UTC,579,1530,273435850,1.5054166666666666
2014-05-01 00:00:00 UTC,579,1531,273435850,10.753194444444444
2014-05-01 00:00:00 UTC,579,108,219006157,0.25277777777777777
2014-05-01 00:00:00 UTC,579,107,219006157,1.6041666666666663
2014-05-01 00:00:00 UTC,579,106,219006157,1.0693055555555557
2014-05-01 00:00:00 UTC,579,-1486,367089110,1.5822222222222222
2014-05-01 00:00:00 UTC,579,-1488,367089110,4.5488888888888885
2014-05-01 00:00:00 UTC,579,-1489,367089110,0.80125
2014-05-01 00:00:00 UTC,579,-29,235018981,0.24944444444444447
2014-05-01 00:00:00 UTC,579,-28,235018981,2.8277777777777779
2014-05-01 00:00:00 UTC,579,-31,232004846,1.3368055555555556
2014-05-01 00:00:00 UTC,-445,1725,512002264,8.71263888888889
2014-05-01 00:00:00 UTC,-445,1723,512002264,2.5230555555555552
2014-05-01 00:00:00 UTC,-445,1724,512002264,6.033888888888888
2014-05-01 00:00:00 UTC,-189,95,431753000,1.1906944444444445
2014-05-01 00:00:00 UTC,-189,-884,224892000,1.0256944444444445
2014-05-01 00:00:00 UTC,-189,-883,224892000,1.3429166666666668
2014-05-01 00:00:00 UTC,-189,-852,224987000,2.048888888888889
2014-05-01 00:00:00 UTC,-189,1471,503689400,5.4505555555555558
2014-05-01 00:00:00 UTC,-189,1472,503689400,8.2626388888888886
2014-05-01 00:00:00 UTC,-189,102,432408000,3.9268055555555557
2014-05-01 00:00:00 UTC,-189,103,432408000,0.93013888888888885
2014-05-01 00:00:00 UTC,-189,63,263821000,2.049722222222222
2014-05-01 00:00:00 UTC,-189,65,263821000,2.1218055555555555
2014-05-01 00:00:00 UTC,68,1556,432411000,2.8827777777777777
2014-05-01 00:00:00 UTC,68,1555,432411000,5.5861111111111112
2014-05-01 00:00:00 UTC,68,1561,432411000,0.93458333333333332
2014-05-01 00:00:00 UTC,68,1557,432411000,0.90694444444444444
2014-05-01 00:00:00 UTC,68,1562,432411000,2.1177777777777775
2014-05-01 00:00:00 UTC,324,1218,413018638,11.699444444444445
2014-05-01 00:00:00 UTC,324,1216,905101869,2.2141666666666668
2014-05-01 00:00:00 UTC,324,1217,905116758,14.83652777777778
2014-05-01 00:00:00 UTC,324,1216,412354137,3.7913888888888891
2014-05-01 00:00:00 UTC,324,1237,412425071,0.29986111111111113
2014-05-01 00:00:00 UTC,324,1225,865132201,4.6347222222222229
2014-05-01 00:00:00 UTC,324,1220,412353215,13.32111111111111
2014-05-01 00:00:00 UTC,580,1532,273820420,3.0138888888888888
2014-05-01 00:00:00 UTC,580,1533,273820420,8.7375
2014-05-01 00:00:00 UTC,580,1530,273820420,5.5498611111111114
2014-05-01 00:00:00 UTC,580,-58,232003860,13.547777777777776
2014-05-01 00:00:00 UTC,580,-59,232003860,2.983055555555556
2014-05-01 00:00:00 UTC,580,-1638,367109910,3.1237499999999994
2014-05-01 00:00:00 UTC,580,-1634,367109910,5.3677777777777784
2014-05-01 00:00:00 UTC,580,-26,235060281,0.66180555555555554
2014-05-01 00:00:00 UTC,580,1528,273347910,7.1355555555555554
2014-05-01 00:00:00 UTC,580,1529,273347910,1.5956944444444443
2014-05-01 00:00:00 UTC,580,105,218162000,8.2236111111111114
2014-05-01 00:00:00 UTC,580,-56,235010140,12.944583333333334
2014-05-01 00:00:00 UTC,580,52,219633000,2.1759722222222222
2014-05-01 00:00:00 UTC,580,53,219633000,3.5340277777777778
2014-05-01 00:00:00 UTC,580,54,219633000,1.0133333333333332
2014-05-01 00:00:00 UTC,580,50,219633000,4.3844444444444441
2014-05-01 00:00:00 UTC,580,-25,235000170,0.77861111111111114
2014-05-01 00:00:00 UTC,580,-26,235000170,1.2945833333333332
2014-05-01 00:00:00 UTC,580,1528,273894000,1.5881944444444445
2014-05-01 00:00:00 UTC,580,59,257254000,3.4250000000000007
2014-05-01 00:00:00 UTC,580,60,257254000,0.50027777777777782
2014-05-01 00:00:00 UTC,580,58,257254000,0.22527777777777777
2014-05-01 00:00:00 UTC,580,1528,273898610,3.1077777777777778
2014-05-01 00:00:00 UTC,580,1529,273898610,10.940972222222221
2014-05-01 00:00:00 UTC,580,-1487,367330420,1.5662500000000001
2014-05-01 00:00:00 UTC,580,-28,235002490,0.2663888888888889
2014-05-01 00:00:00 UTC,580,-27,235002490,1.0465277777777779
2014-05-01 00:00:00 UTC,580,-1638,338693000,3.7805555555555559
2014-05-01 00:00:00 UTC,580,-1639,338693000,6.4111111111111105
2014-05-01 00:00:00 UTC,580,-1637,338693000,1.4861111111111112
2014-05-01 00:00:00 UTC,580,-26,235000480,0.73069444444444442
2014-05-01 00:00:00 UTC,580,-97,226105000,7.134722222222222
2014-05-01 00:00:00 UTC,580,-26,235077317,4.4088888888888889
2014-05-01 00:00:00 UTC,580,1528,273423560,14.011111111111111
2014-05-01 00:00:00 UTC,580,108,265650120,0.23902777777777778
2014-05-01 00:00:00 UTC,580,1534,273435850,5.3691666666666666
2014-05-01 00:00:00 UTC,580,1531,273435850,5.6176388888888891
2014-05-01 00:00:00 UTC,580,106,219006157,1.3661111111111111
2014-05-01 00:00:00 UTC,580,105,219006157,2.0045833333333332
2014-05-01 00:00:00 UTC,580,107,266274000,0.98888888888888893
2014-05-01 00:00:00 UTC,580,58,258498000,1.7469444444444444
2014-05-01 00:00:00 UTC,580,60,258498000,5.451944444444444
2014-05-01 00:00:00 UTC,580,59,258498000,2.5968055555555556
2014-05-01 00:00:00 UTC,580,-1489,367089110,6.337361111111111
2014-05-01 00:00:00 UTC,580,-1488,367089110,6.9056944444444444
2014-05-01 00:00:00 UTC,580,-1487,367089110,3.155555555555555
2014-05-01 00:00:00 UTC,580,52,220151000,1.0620833333333333
2014-05-01 00:00:00 UTC,580,53,220151000,1.5293055555555557
2014-05-01 00:00:00 UTC,580,54,220151000,3.5023611111111115
2014-05-01 00:00:00 UTC,580,50,220151000,0.22777777777777777
2014-05-01 00:00:00 UTC,580,51,220151000,1.4575
2014-05-01 00:00:00 UTC,-444,-607,701000517,3.1823611111111112
2014-05-01 00:00:00 UTC,-444,-606,701000517,2.6581944444444447
2014-05-01 00:00:00 UTC,-444,-608,701000517,1.933472222222222
2014-05-01 00:00:00 UTC,-444,-607,701007026,6.4847222222222216
2014-05-01 00:00:00 UTC,-444,-608,701007026,8.0813888888888883
2014-05-01 00:00:00 UTC,-444,1726,512002264,4.1254166666666663
2014-05-01 00:00:00 UTC,-444,1725,512002264,1.9795833333333333
2014-05-01 00:00:00 UTC,-188,95,431753000,0.93597222222222221
2014-05-01 00:00:00 UTC,-188,-852,224987000,1.5163888888888888
2014-05-01 00:00:00 UTC,-188,103,432408000,1.1833333333333333
2014-05-01 00:00:00 UTC,-188,22,224076000,1.4622222222222221
2014-05-01 00:00:00 UTC,-188,365,701000702,9.9620833333333323
2014-05-01 00:00:00 UTC,69,1557,432411000,2.11625
2014-05-01 00:00:00 UTC,325,1217,413012008,1.901388888888889
2014-05-01 00:00:00 UTC,325,1216,412352811,15.992777777777778
2014-05-01 00:00:00 UTC,325,1215,412352811,3.045
2014-05-01 00:00:00 UTC,325,1216,412354137,7.8659722222222221
2014-05-01 00:00:00 UTC,325,1215,413508508,9.1787500000000026
2014-05-01 00:00:00 UTC,325,1215,412352996,0.40930555555555559
2014-05-01 00:00:00 UTC,325,1231,412615666,2.3113888888888892
2014-05-01 00:00:00 UTC,325,1213,412353017,0.47958333333333331
2014-05-01 00:00:00 UTC,325,1214,412353017,0.26222222222222225
2014-05-01 00:00:00 UTC,581,0,235081732,8.0161111111111119
2014-05-01 00:00:00 UTC,581,49,220138000,1.231111111111111
2014-05-01 00:00:00 UTC,581,50,220138000,0.45333333333333337
2014-05-01 00:00:00 UTC,581,48,220138000,5.4906944444444443
2014-05-01 00:00:00 UTC,581,87,259434000,0.83041666666666658
2014-05-01 00:00:00 UTC,581,86,259434000,1.4819444444444443
2014-05-01 00:00:00 UTC,581,-1637,367109910,1.4875
2014-05-01 00:00:00 UTC,581,-1633,367109910,1.5973611111111112
2014-05-01 00:00:00 UTC,581,-1635,367109910,1.5236111111111112
2014-05-01 00:00:00 UTC,581,-1639,367109910,1.4916666666666665
2014-05-01 00:00:00 UTC,581,104,219294000,2.1543055555555553
2014-05-01 00:00:00 UTC,581,105,219294000,0.67875
2014-05-01 00:00:00 UTC,581,1528,273894000,6.18125
2014-05-01 00:00:00 UTC,581,-1488,367330420,10.903333333333331
2014-05-01 00:00:00 UTC,581,-1487,367330420,10.842638888888889
2014-05-01 00:00:00 UTC,581,99,219418000,0.22916666666666669
2014-05-01 00:00:00 UTC,581,63,257025440,1.3672222222222223
2014-05-01 00:00:00 UTC,581,104,219006157,1.7816666666666665
2014-05-01 00:00:00 UTC,581,58,258498000,0.82500000000000007
2014-05-01 00:00:00 UTC,581,48,220151000,1.1400000000000001
2014-05-01 00:00:00 UTC,581,47,220151000,1.3775
2014-05-01 00:00:00 UTC,581,46,220151000,1.9904166666666669
2014-05-01 00:00:00 UTC,581,50,220151000,0.98819444444444449
2014-05-01 00:00:00 UTC,581,49,220151000,1.2123611111111112
2014-05-01 00:00:00 UTC,-443,-606,701033000,25.915555555555553
2014-05-01 00:00:00 UTC,-443,-606,701000577,21.658749999999987
2014-05-01 00:00:00 UTC,-443,-607,701000577,2.2800000000000002
2014-05-01 00:00:00 UTC,-443,-609,701007026,0.77513888888888882
2014-05-01 00:00:00 UTC,-187,95,431753000,0.75263888888888886
2014-05-01 00:00:00 UTC,-187,-852,224987000,2.215416666666667
2014-05-01 00:00:00 UTC,-187,104,432408000,3.3145833333333332
2014-05-01 00:00:00 UTC,-187,115,375714000,1.9427777777777777
2014-05-01 00:00:00 UTC,70,1558,432411000,3.3827777777777781
2014-05-01 00:00:00 UTC,70,1559,432411000,1.6666666666666667
2014-05-01 00:00:00 UTC,326,1214,865130002,1.3595833333333334
2014-05-01 00:00:00 UTC,326,1215,412352819,5.4593055555555559
2014-05-01 00:00:00 UTC,326,1215,901303108,2.5927777777777781
2014-05-01 00:00:00 UTC,326,1215,901302103,3.4406944444444445
2014-05-01 00:00:00 UTC,326,1215,913003105,3.1838888888888888
2014-05-01 00:00:00 UTC,326,1212,413508508,1.8563888888888891
2014-05-01 00:00:00 UTC,326,1213,413508508,0.85611111111111116
2014-05-01 00:00:00 UTC,326,1215,413001126,2.4280555555555554
2014-05-01 00:00:00 UTC,326,-169,204835000,0.21527777777777779
2014-05-01 00:00:00 UTC,326,1225,412213984,1.779722222222222
2014-05-01 00:00:00 UTC,326,1215,412353001,10.488472222222223
2014-05-01 00:00:00 UTC,326,1215,412353002,2.5225
2014-05-01 00:00:00 UTC,326,1214,412353002,0.59416666666666673
2014-05-01 00:00:00 UTC,326,1215,412353017,0.50847222222222221
2014-05-01 00:00:00 UTC,582,88,259434000,2.2944444444444443
2014-05-01 00:00:00 UTC,582,87,259434000,2.283611111111111
2014-05-01 00:00:00 UTC,582,89,259434000,1.0722222222222224
2014-05-01 00:00:00 UTC,582,64,257076240,11.01888888888889
2014-05-01 00:00:00 UTC,582,63,257076240,0.2631944444444444
2014-05-01 00:00:00 UTC,582,64,257196640,0.825
2014-05-01 00:00:00 UTC,582,63,257025440,5.6823611111111108
2014-05-01 00:00:00 UTC,582,64,257025440,0.2623611111111111
2014-05-01 00:00:00 UTC,582,66,257805500,4.9572222222222226
2014-05-01 00:00:00 UTC,582,45,220151000,7.2590277777777779
2014-05-01 00:00:00 UTC,-442,1749,512000122,1.7097222222222221
2014-05-01 00:00:00 UTC,-442,1750,512000122,2.2698611111111111
2014-05-01 00:00:00 UTC,-442,1747,512000122,2.9806944444444445
2014-05-01 00:00:00 UTC,-442,1751,512000122,0.92291666666666672
2014-05-01 00:00:00 UTC,-186,95,431753000,3.6452777777777778
2014-05-01 00:00:00 UTC,-186,-852,224987000,1.2529166666666667
2014-05-01 00:00:00 UTC,-186,104,432408000,0.89333333333333331
2014-05-01 00:00:00 UTC,-186,115,375714000,2.033611111111111
2014-05-01 00:00:00 UTC,-186,22,224076000,1.8279166666666666
2014-05-01 00:00:00 UTC,71,1560,432411000,2.745972222222222
2014-05-01 00:00:00 UTC,327,1216,865130002,0.84819444444444447
2014-05-01 00:00:00 UTC,327,1215,865130002,9.08222222222222
2014-05-01 00:00:00 UTC,327,1214,901303108,1.4519444444444445
2014-05-01 00:00:00 UTC,327,1215,901303108,16.054861111111109
2014-05-01 00:00:00 UTC,327,1214,901302103,2.5880555555555551
2014-05-01 00:00:00 UTC,327,1215,901302103,9.63375
2014-05-01 00:00:00 UTC,327,1217,913003105,0.39958333333333329
2014-05-01 00:00:00 UTC,327,1215,913003105,7.4170833333333315
2014-05-01 00:00:00 UTC,327,1214,913003105,2.6822222222222227
2014-05-01 00:00:00 UTC,327,1214,413001126,0.5066666666666666
2014-05-01 00:00:00 UTC,327,1215,413001126,9.5909722222222218
2014-05-01 00:00:00 UTC,327,1215,412352998,2.3772222222222226
2014-05-01 00:00:00 UTC,327,1215,412353002,9.8225
2014-05-01 00:00:00 UTC,327,1214,412353002,0.28027777777777774
2014-05-01 00:00:00 UTC,327,1216,412353002,2.2205555555555558
2014-05-01 00:00:00 UTC,583,89,259434000,1.5959722222222226
2014-05-01 00:00:00 UTC,583,91,259434000,1.6570833333333335
2014-05-01 00:00:00 UTC,583,90,259434000,3.3566666666666669
2014-05-01 00:00:00 UTC,583,-1511,367330860,7.2543055555555567
2014-05-01 00:00:00 UTC,583,-1510,367330860,1.5066666666666666
2014-05-01 00:00:00 UTC,583,1517,273416010,4.5663888888888895
2014-05-01 00:00:00 UTC,583,1514,273416010,6.3751388888888894
2014-05-01 00:00:00 UTC,583,1515,273416010,4.6233333333333331
2014-05-01 00:00:00 UTC,583,1518,273416010,7.9
2014-05-01 00:00:00 UTC,583,90,257502600,0.57333333333333325
2014-05-01 00:00:00 UTC,583,-1748,367506420,7.1501388888888888
2014-05-01 00:00:00 UTC,-441,1746,512000122,1.2976388888888886
2014-05-01 00:00:00 UTC,-441,71,441242000,4.5306944444444444
2014-05-01 00:00:00 UTC,-185,95,431753000,1.2319444444444443
2014-05-01 00:00:00 UTC,-185,-852,224987000,4.2679166666666664
2014-05-01 00:00:00 UTC,-185,104,432408000,1.4411111111111112
2014-05-01 00:00:00 UTC,328,1216,865130002,1.3505555555555557
2014-05-01 00:00:00 UTC,328,1217,901303108,2.2413888888888889
2014-05-01 00:00:00 UTC,328,1217,901302103,3.1197222222222223
2014-05-01 00:00:00 UTC,328,1216,901302103,2.3140277777777776
2014-05-01 00:00:00 UTC,328,1217,913003105,2.1875
2014-05-01 00:00:00 UTC,328,1216,913003105,5.5422222222222226
2014-05-01 00:00:00 UTC,328,1218,320508028,1.2069444444444444
2014-05-01 00:00:00 UTC,328,1219,320508028,9.76152777777778
2014-05-01 00:00:00 UTC,328,1220,320508028,1.0798611111111112
2014-05-01 00:00:00 UTC,328,1227,412352403,8.5247222222222216
2014-05-01 00:00:00 UTC,328,1217,413001126,2.8305555555555557
2014-05-01 00:00:00 UTC,328,1216,413001126,3.2893055555555559
2014-05-01 00:00:00 UTC,328,1220,412352948,7.7119444444444447
2014-05-01 00:00:00 UTC,328,1232,412425911,2.4308333333333336
2014-05-01 00:00:00 UTC,328,1218,412804310,9.94763888888889
2014-05-01 00:00:00 UTC,328,1234,412213984,2.6419444444444444
2014-05-01 00:00:00 UTC,328,1216,412352998,1.5902777777777777
2014-05-01 00:00:00 UTC,328,1217,412352998,3.6594444444444445
2014-05-01 00:00:00 UTC,584,91,259434000,0.45430555555555552
2014-05-01 00:00:00 UTC,584,91,257396000,1.3772222222222221
2014-05-01 00:00:00 UTC,584,-90,224099940,7.9013888888888895
2014-05-01 00:00:00 UTC,584,-83,228205800,12.466805555555556
2014-05-01 00:00:00 UTC,-440,1747,512000122,2.9969444444444444
2014-05-01 00:00:00 UTC,-440,1741,512000122,3.6634722222222225
2014-05-01 00:00:00 UTC,-440,1745,512000122,1.883472222222222
2014-05-01 00:00:00 UTC,-440,1743,512000122,3.5654166666666667
2014-05-01 00:00:00 UTC,-440,98,440236000,2.9480555555555554
2014-05-01 00:00:00 UTC,-440,97,440236000,4.0340277777777782
2014-05-01 00:00:00 UTC,-440,99,441910000,1.5304166666666665
2014-05-01 00:00:00 UTC,-184,95,431753000,1.7179166666666665
2014-05-01 00:00:00 UTC,-184,-852,224987000,5.4984722222222224
2014-05-01 00:00:00 UTC,-184,103,432408000,1.8509722222222222
2014-05-01 00:00:00 UTC,-184,104,432408000,1.2808333333333333
2014-05-01 00:00:00 UTC,-184,21,224076000,1.815
2014-05-01 00:00:00 UTC,73,1380,789885599,7.9184722222222224
2014-05-01 00:00:00 UTC,329,1562,416002642,5.9806944444444445
2014-05-01 00:00:00 UTC,329,1219,320508028,7.8725
2014-05-01 00:00:00 UTC,329,1221,320508028,2.2369444444444442
2014-05-01 00:00:00 UTC,329,1222,320508028,1.016388888888889
2014-05-01 00:00:00 UTC,329,1220,320508028,0.86555555555555552
2014-05-01 00:00:00 UTC,329,1220,412411272,3.6012500000000003
2014-05-01 00:00:00 UTC,329,1232,412425911,2.3704166666666668
2014-05-01 00:00:00 UTC,329,1234,412213984,0.70708333333333329
2014-05-01 00:00:00 UTC,585,-61,235003400,9.7318055555555567
2014-05-01 00:00:00 UTC,585,53,257530900,2.2933333333333334
2014-05-01 00:00:00 UTC,585,-87,245084000,8.6623611111111121
2014-05-01 00:00:00 UTC,585,-88,245084000,12.398333333333333
2014-05-01 00:00:00 UTC,585,-1484,366748340,17.891666666666666
2014-05-01 00:00:00 UTC,-439,1742,512000122,1.8972222222222221
2014-05-01 00:00:00 UTC,-439,70,441242000,2.9406944444444445
2014-05-01 00:00:00 UTC,-439,71,441242000,3.1148611111111109
2014-05-01 00:00:00 UTC,-439,99,441910000,5.3272222222222219
2014-05-01 00:00:00 UTC,-183,95,431753000,1.8741666666666665
2014-05-01 00:00:00 UTC,74,-1759,416072600,4.5616666666666665
2014-05-01 00:00:00 UTC,74,1380,789885599,3.7512499999999998
2014-05-01 00:00:00 UTC,330,1234,412365865,6.2877777777777784
2014-05-01 00:00:00 UTC,330,1233,412365865,0.88513888888888892
2014-05-01 00:00:00 UTC,330,1220,412436836,12.681944444444444
2014-05-01 00:00:00 UTC,330,1220,412411272,0.40388888888888885
2014-05-01 00:00:00 UTC,330,-307,224016530,1.8636111111111111
2014-05-01 00:00:00 UTC,330,-308,224016530,2.7477777777777779
2014-05-01 00:00:00 UTC,330,1233,412213984,1.2988888888888888
2014-05-01 00:00:00 UTC,586,52,257530900,4.1530555555555555
2014-05-01 00:00:00 UTC,586,53,257530900,5.58763888888889
2014-05-01 00:00:00 UTC,586,110,266164000,8.7324999999999982
2014-05-01 00:00:00 UTC,586,1563,273417010,4.5529166666666665
2014-05-01 00:00:00 UTC,586,1565,273417010,1.5995833333333334
2014-05-01 00:00:00 UTC,586,-1483,366998350,19.455416666666668
2014-05-01 00:00:00 UTC,586,-1482,366998350,2.2751388888888888
2014-05-01 00:00:00 UTC,586,110,266161000,0.77902777777777776
2014-05-01 00:00:00 UTC,586,95,259118000,2.7472222222222222
2014-05-01 00:00:00 UTC,586,96,259118000,1.9429166666666666
2014-05-01 00:00:00 UTC,586,-1483,366748340,3.8361111111111112
2014-05-01 00:00:00 UTC,586,-1484,366748340,1.5845833333333335
2014-05-01 00:00:00 UTC,586,-1506,367115250,0.79833333333333323
2014-05-01 00:00:00 UTC,586,-1505,367115250,7.9130555555555553
2014-05-01 00:00:00 UTC,-438,85,440809000,4.585
2014-05-01 00:00:00 UTC,-438,82,440809000,3.0623611111111111
2014-05-01 00:00:00 UTC,-438,99,431703660,3.8084722222222225
2014-05-01 00:00:00 UTC,-438,100,431703660,6.1581944444444447
2014-05-01 00:00:00 UTC,-438,1742,512000122,1.6791666666666667
2014-05-01 00:00:00 UTC,-438,99,441910000,2.1866666666666665
2014-05-01 00:00:00 UTC,-182,95,431753000,2.8513888888888888
2014-05-01 00:00:00 UTC,-182,104,432408000,3.5236111111111108
2014-05-01 00:00:00 UTC,-182,103,432408000,2.3480555555555558
2014-05-01 00:00:00 UTC,-182,20,224076000,5.3851388888888874
2014-05-01 00:00:00 UTC,75,-403,224081690,6.1455555555555552
2014-05-01 00:00:00 UTC,331,-170,204287000,6.3038888888888884
2014-05-01 00:00:00 UTC,331,1233,412365865,0.42972222222222223
2014-05-01 00:00:00 UTC,331,1212,990008113,9.4706944444444439
2014-05-01 00:00:00 UTC,331,-306,224016530,1.7537500000000001
2014-05-01 00:00:00 UTC,331,1234,413573030,15.891111111111112
2014-05-01 00:00:00 UTC,331,1233,412213984,1.8677777777777775
2014-05-01 00:00:00 UTC,587,52,257530900,0.33013888888888887
2014-05-01 00:00:00 UTC,587,54,257530900,0.20819444444444446
2014-05-01 00:00:00 UTC,587,53,257530900,0.40722222222222221
2014-05-01 00:00:00 UTC,587,1566,273417010,5.5951388888888891
2014-05-01 00:00:00 UTC,587,1564,273417010,3.2027777777777775
2014-05-01 00:00:00 UTC,587,97,257308740,6.172083333333334
2014-05-01 00:00:00 UTC,587,96,257308740,1.6615277777777777
2014-05-01 00:00:00 UTC,587,-1482,366998350,0.77347222222222223
2014-05-01 00:00:00 UTC,587,-1481,366998350,0.80861111111111117
2014-05-01 00:00:00 UTC,587,110,266161000,9.1943055555555553
2014-05-01 00:00:00 UTC,587,97,259118000,5.0155555555555553
2014-05-01 00:00:00 UTC,587,96,259118000,0.87902777777777774
2014-05-01 00:00:00 UTC,587,-66,232004550,12.416527777777777
2014-05-01 00:00:00 UTC,587,54,257149920,1.0994444444444444
2014-05-01 00:00:00 UTC,587,-1507,367115250,3.828611111111111
2014-05-01 00:00:00 UTC,587,-1481,367115250,6.9330555555555557
2014-05-01 00:00:00 UTC,587,-1480,367115250,0.76666666666666661
2014-05-01 00:00:00 UTC,-437,81,440809000,1.1012499999999998
2014-05-01 00:00:00 UTC,-437,97,440089000,5.3273611111111112
2014-05-01 00:00:00 UTC,-437,98,440236000,4.5855555555555556
2014-05-01 00:00:00 UTC,-181,20,224076000,2.3631944444444444
2014-05-01 00:00:00 UTC,76,1377,789885599,14.72208333333333
2014-05-01 00:00:00 UTC,76,1376,789885599,1.0266666666666666
2014-05-01 00:00:00 UTC,332,-170,204287000,4.5623611111111106
2014-05-01 00:00:00 UTC,332,-169,204287000,0.80680555555555555
2014-05-01 00:00:00 UTC,332,1221,413008158,15.359305555555556
2014-05-01 00:00:00 UTC,332,-171,204264000,11.68875
2014-05-01 00:00:00 UTC,332,1284,440706380,1.5530555555555554
2014-05-01 00:00:00 UTC,332,1283,440706380,1.1411111111111112
2014-05-01 00:00:00 UTC,332,1561,416002642,5.8059722222222216
2014-05-01 00:00:00 UTC,332,-170,204201560,9.0290277777777774
2014-05-01 00:00:00 UTC,332,-169,204201560,1.8275
2014-05-01 00:00:00 UTC,332,1210,412353151,0.14402777777777778
2014-05-01 00:00:00 UTC,332,-304,224016530,1.1529166666666666
2014-05-01 00:00:00 UTC,332,-303,224016530,1.0819444444444444
2014-05-01 00:00:00 UTC,332,-305,224016530,2.7470833333333333
2014-05-01 00:00:00 UTC,332,-302,224016530,2.9106944444444443
2014-05-01 00:00:00 UTC,588,-78,259178000,14.25888888888889
2014-05-01 00:00:00 UTC,588,-77,259178000,12.47875
2014-05-01 00:00:00 UTC,588,-1602,367308320,2.3834722222222222
2014-05-01 00:00:00 UTC,588,1563,273417010,8.3966666666666665
2014-05-01 00:00:00 UTC,588,106,257185420,0.46430555555555553
2014-05-01 00:00:00 UTC,588,104,257179820,8.5270833333333336
2014-05-01 00:00:00 UTC,588,97,259118000,0.22694444444444445
2014-05-01 00:00:00 UTC,588,54,257149920,1.6158333333333335
2014-05-01 00:00:00 UTC,-436,81,440809000,0.74291666666666667
2014-05-01 00:00:00 UTC,-436,70,441242000,3.0827777777777774
2014-05-01 00:00:00 UTC,-436,97,440089000,2.9475
2014-05-01 00:00:00 UTC,-436,409,635212000,2.1741666666666668
2014-05-01 00:00:00 UTC,-180,19,224076000,3.0965277777777778
2014-05-01 00:00:00 UTC,333,1284,440706380,0.79958333333333331
2014-05-01 00:00:00 UTC,333,-1185,316001870,2.3672222222222223
2014-05-01 00:00:00 UTC,333,1561,416002642,4.7408333333333337
2014-05-01 00:00:00 UTC,333,-303,224016530,2.9850000000000003
2014-05-01 00:00:00 UTC,333,1253,440705240,2.5351388888888891
2014-05-01 00:00:00 UTC,333,1251,440705240,1.4649999999999999
2014-05-01 00:00:00 UTC,333,1212,905103356,10.375833333333334
2014-05-01 00:00:00 UTC,589,109,257191440,0.3913888888888889
2014-05-01 00:00:00 UTC,589,108,257191440,1.3994444444444445
2014-05-01 00:00:00 UTC,589,1570,273567010,1.6295833333333334
2014-05-01 00:00:00 UTC,589,1569,273567010,1.5570833333333334
2014-05-01 00:00:00 UTC,589,-1481,367127080,0.75402777777777774
2014-05-01 00:00:00 UTC,589,-1482,367127080,0.74597222222222226
2014-05-01 00:00:00 UTC,589,55,257185640,2.7511111111111113
2014-05-01 00:00:00 UTC,589,107,257185420,0.65513888888888894
2014-05-01 00:00:00 UTC,589,106,257185420,3.2659722222222225
2014-05-01 00:00:00 UTC,589,105,257185420,5.4748611111111121
2014-05-01 00:00:00 UTC,589,52,257017240,3.1511111111111112
2014-05-01 00:00:00 UTC,589,50,257017240,2.3411111111111107
2014-05-01 00:00:00 UTC,589,51,257017240,1.7463888888888888
2014-05-01 00:00:00 UTC,589,-1480,367138970,8.4523611111111112
2014-05-01 00:00:00 UTC,589,-1479,367138970,12.698194444444443
2014-05-01 00:00:00 UTC,589,101,257098140,1.5998611111111112
2014-05-01 00:00:00 UTC,589,100,257098140,8.57875
2014-05-01 00:00:00 UTC,589,-1604,367172260,19.443055555555553
2014-05-01 00:00:00 UTC,589,-1478,367092390,0.82541666666666669
2014-05-01 00:00:00 UTC,589,-1479,367092390,11.706805555555555
2014-05-01 00:00:00 UTC,589,104,257179820,1.1263888888888889
2014-05-01 00:00:00 UTC,589,106,257750500,0.7875
2014-05-01 00:00:00 UTC,-435,1735,512000015,0.89194444444444443
2014-05-01 00:00:00 UTC,-435,1734,512000015,0.65416666666666656
2014-05-01 00:00:00 UTC,-435,80,440809000,3.0959722222222221
2014-05-01 00:00:00 UTC,-435,81,440809000,0.86055555555555552
2014-05-01 00:00:00 UTC,-435,70,441242000,1.8405555555555555
2014-05-01 00:00:00 UTC,-435,98,440236000,2.1130555555555555
2014-05-01 00:00:00 UTC,-179,-714,4922,2.1606944444444443
2014-05-01 00:00:00 UTC,-179,-715,4922,2.0998611111111107
2014-05-01 00:00:00 UTC,-179,-715,10223,0.96277777777777773
2014-05-01 00:00:00 UTC,-179,-714,10223,2.5268055555555557
2014-05-01 00:00:00 UTC,334,-219,224081430,1.8929166666666666
2014-05-01 00:00:00 UTC,334,1284,440706380,8.7993055555555557
2014-05-01 00:00:00 UTC,334,1561,416002642,5.8394444444444442
2014-05-01 00:00:00 UTC,334,1211,905103356,3.5725
2014-05-01 00:00:00 UTC,590,-1476,367489280,11.74625
2014-05-01 00:00:00 UTC,590,108,257191440,2.9322222222222218
2014-05-01 00:00:00 UTC,590,1570,273567010,11.164166666666667
2014-05-01 00:00:00 UTC,590,1569,273567010,9.1794444444444458
2014-05-01 00:00:00 UTC,590,1565,273846610,4.7877777777777775
2014-05-01 00:00:00 UTC,590,1566,273846610,12.266527777777778
2014-05-01 00:00:00 UTC,590,55,257185640,1.3044444444444445
2014-05-01 00:00:00 UTC,590,54,257185640,9.58361111111111
2014-05-01 00:00:00 UTC,590,107,257754500,8.1379166666666656
2014-05-01 00:00:00 UTC,590,108,257754500,1.7473611111111109
2014-05-01 00:00:00 UTC,590,50,257017240,0.77527777777777773
2014-05-01 00:00:00 UTC,590,52,257017240,0.34611111111111109
2014-05-01 00:00:00 UTC,590,53,257017240,1.5261111111111112
2014-05-01 00:00:00 UTC,590,-1478,367092390,10.011111111111111
2014-05-01 00:00:00 UTC,590,-30,235063253,2.0986111111111114
2014-05-01 00:00:00 UTC,590,-31,235063253,0.70319444444444446
2014-05-01 00:00:00 UTC,590,108,257750500,0.96333333333333337
2014-05-01 00:00:00 UTC,590,106,257750500,1.2191666666666667
2014-05-01 00:00:00 UTC,590,107,257750500,7.1201388888888886
2014-05-01 00:00:00 UTC,-434,1735,512000015,2.9618055555555554
2014-05-01 00:00:00 UTC,-434,1734,512000015,1.267222222222222
2014-05-01 00:00:00 UTC,-434,68,440809000,0.66333333333333333
2014-05-01 00:00:00 UTC,-434,70,441242000,0.84333333333333327
2014-05-01 00:00:00 UTC,-434,98,440236000,1.1147222222222222
2014-05-01 00:00:00 UTC,-434,98,441910000,4.6079166666666671
2014-05-01 00:00:00 UTC,-434,99,441910000,0.81486111111111115
2014-05-01 00:00:00 UTC,79,-400,224081690,4.1625
2014-05-01 00:00:00 UTC,335,-218,224081430,2.4543055555555555
2014-05-01 00:00:00 UTC,335,1217,412364172,5.9480555555555554
2014-05-01 00:00:00 UTC,335,1252,440143770,5.0234722222222219
2014-05-01 00:00:00 UTC,335,1278,440110570,1.8058333333333334
2014-05-01 00:00:00 UTC,591,-1476,367489280,12.34138888888889
2014-05-01 00:00:00 UTC,591,1566,273846610,5.3861111111111111
2014-05-01 00:00:00 UTC,591,1565,273846610,0.83319444444444446
2014-05-01 00:00:00 UTC,591,56,257164640,0.83888888888888891
2014-05-01 00:00:00 UTC,591,55,257164640,4.9037500000000005
2014-05-01 00:00:00 UTC,591,54,257164640,0.24402777777777779
2014-05-01 00:00:00 UTC,591,53,257164640,0.42277777777777775
2014-05-01 00:00:00 UTC,591,54,257120620,2.1051388888888889
2014-05-01 00:00:00 UTC,591,53,257120620,0.55041666666666667
2014-05-01 00:00:00 UTC,591,-73,227376000,10.923333333333332
2014-05-01 00:00:00 UTC,591,-72,227376000,12.51875
2014-05-01 00:00:00 UTC,591,-70,227512000,12.30736111111111
2014-05-01 00:00:00 UTC,591,1653,273319630,4.5741666666666667
2014-05-01 00:00:00 UTC,591,1654,273319630,1.0093055555555555
2014-05-01 00:00:00 UTC,591,-31,235063253,0.23347222222222225
2014-05-01 00:00:00 UTC,591,-29,235063253,3.7808333333333337
2014-05-01 00:00:00 UTC,591,-30,235063253,0.89944444444444438
2014-05-01 00:00:00 UTC,-433,68,440809000,0.94916666666666671
2014-05-01 00:00:00 UTC,-433,96,440089000,5.407916666666666
2014-05-01 00:00:00 UTC,-433,98,440236000,4.5855555555555565
2014-05-01 00:00:00 UTC,-433,99,441910000,4.07125
2014-05-01 00:00:00 UTC,-177,29,431682000,3.8122222222222222
2014-05-01 00:00:00 UTC,-177,16,224076000,2.982361111111111
2014-05-01 00:00:00 UTC,80,-252,431704520,1.88625
2014-05-01 00:00:00 UTC,80,-251,431704520,1.8111111111111111
2014-05-01 00:00:00 UTC,80,-248,431704520,1.8011111111111111
2014-05-01 00:00:00 UTC,336,1209,905104688,3.4316666666666666
2014-05-01 00:00:00 UTC,336,1208,905104688,23.092083333333335
2014-05-01 00:00:00 UTC,336,1206,905115199,2.9831944444444445
2014-05-01 00:00:00 UTC,336,1207,905103698,2.4481944444444443
2014-05-01 00:00:00 UTC,336,1206,905103188,1.286111111111111
2014-05-01 00:00:00 UTC,336,1207,905103188,1.711527777777778
2014-05-01 00:00:00 UTC,336,1217,412364172,6.4208333333333334
2014-05-01 00:00:00 UTC,336,-300,224016530,3.0126388888888891
2014-05-01 00:00:00 UTC,336,1210,905104535,6.096388888888888
2014-05-01 00:00:00 UTC,336,1211,905104535,13.795555555555554
2014-05-01 00:00:00 UTC,336,1251,440143770,3.3498611111111107
2014-05-01 00:00:00 UTC,336,1250,440143770,6.8868055555555561
2014-05-01 00:00:00 UTC,336,1252,440143770,2.9418055555555562
2014-05-01 00:00:00 UTC,336,1249,440143770,1.7122222222222221
2014-05-01 00:00:00 UTC,336,1251,440700330,1.76125
2014-05-01 00:00:00 UTC,336,1250,440700330,6.7638888888888893
2014-05-01 00:00:00 UTC,336,1252,440700330,6.618611111111111
2014-05-01 00:00:00 UTC,336,1249,440700330,0.68736111111111109
2014-05-01 00:00:00 UTC,336,1205,905119168,1.3990277777777778
2014-05-01 00:00:00 UTC,336,1206,905119168,2.1701388888888888
2014-05-01 00:00:00 UTC,336,1270,440126150,1.5545833333333332
2014-05-01 00:00:00 UTC,336,1236,412354025,9.5584722222222229
2014-05-01 00:00:00 UTC,336,1280,440110570,3.4575
2014-05-01 00:00:00 UTC,336,1278,440110570,6.3473611111111117
2014-05-01 00:00:00 UTC,336,1281,440110570,0.98888888888888882
2014-05-01 00:00:00 UTC,592,56,257164640,0.84236111111111112
2014-05-01 00:00:00 UTC,592,19,235008110,2.5326388888888891
2014-05-01 00:00:00 UTC,592,1664,273847700,3.7722222222222221
2014-05-01 00:00:00 UTC,592,1663,273847700,19.671944444444442
2014-05-01 00:00:00 UTC,592,-69,227512000,11.878888888888888
2014-05-01 00:00:00 UTC,592,-40,234093000,0.71652777777777776
2014-05-01 00:00:00 UTC,592,-39,234093000,1.0240277777777778
2014-05-01 00:00:00 UTC,-432,80,440809000,2.9451388888888888
2014-05-01 00:00:00 UTC,-432,70,440809000,3.0240277777777775
2014-05-01 00:00:00 UTC,-432,68,440809000,1.51875
2014-05-01 00:00:00 UTC,-432,67,440809000,1.629861111111111
2014-05-01 00:00:00 UTC,-432,70,441242000,3.0230555555555556
2014-05-01 00:00:00 UTC,-432,95,440089000,1.8448611111111113
2014-05-01 00:00:00 UTC,-432,99,441910000,2.4126388888888886
2014-05-01 00:00:00 UTC,-176,1794,452009111,3.2388888888888889
2014-05-01 00:00:00 UTC,-176,32,431682000,1.6304166666666666
2014-05-01 00:00:00 UTC,81,-399,224081690,1.9154166666666665
2014-05-01 00:00:00 UTC,81,-367,224083590,0.82388888888888889
2014-05-01 00:00:00 UTC,81,-368,224083590,2.1844444444444449
2014-05-01 00:00:00 UTC,81,-366,224083590,2.1905555555555556
2014-05-01 00:00:00 UTC,81,-249,431704520,1.8634722222222222
2014-05-01 00:00:00 UTC,337,1212,905104898,2.3408333333333333
2014-05-01 00:00:00 UTC,337,1211,905104898,25.376527777777778
2014-05-01 00:00:00 UTC,337,-144,204213000,4.4654166666666661
2014-05-01 00:00:00 UTC,337,-145,204213000,1.7984722222222222
2014-05-01 00:00:00 UTC,337,1210,905104666,33.304444444444442
2014-05-01 00:00:00 UTC,337,1206,905115166,3.4022222222222225
2014-05-01 00:00:00 UTC,337,1205,905115166,12.00847222222222
2014-05-01 00:00:00 UTC,337,1205,905115199,7.2237500000000008
2014-05-01 00:00:00 UTC,337,1206,905115199,8.4081944444444439
2014-05-01 00:00:00 UTC,337,1207,905103698,2.18625
2014-05-01 00:00:00 UTC,337,1206,905103188,2.7191666666666672
2014-05-01 00:00:00 UTC,337,1207,905103188,1.18
2014-05-01 00:00:00 UTC,337,1209,905103988,8.9058333333333337
2014-05-01 00:00:00 UTC,337,1208,905103988,2.6266666666666669
2014-05-01 00:00:00 UTC,337,1226,905101189,9.5359722222222221
2014-05-01 00:00:00 UTC,337,1207,888816826,0.50916666666666666
2014-05-01 00:00:00 UTC,337,1208,888816826,3.2890277777777777
2014-05-01 00:00:00 UTC,337,1206,888816829,4.7201388888888891
2014-05-01 00:00:00 UTC,337,1206,905119168,2.0241666666666669
2014-05-01 00:00:00 UTC,337,1270,440126150,4.9193055555555558
2014-05-01 00:00:00 UTC,337,1256,440121320,5.4608333333333334
2014-05-01 00:00:00 UTC,337,1257,440121320,2.7688888888888892
2014-05-01 00:00:00 UTC,337,1282,440110570,3.0506944444444448
2014-05-01 00:00:00 UTC,337,1283,440110570,2.6215277777777777
2014-05-01 00:00:00 UTC,593,18,235008110,2.4401388888888889
2014-05-01 00:00:00 UTC,593,19,235008110,2.3430555555555559
2014-05-01 00:00:00 UTC,593,-1460,367410620,5.3802777777777777
2014-05-01 00:00:00 UTC,593,-40,234093000,6.4951388888888886
2014-05-01 00:00:00 UTC,593,1660,273319630,5.2829166666666669
2014-05-01 00:00:00 UTC,593,1665,273319630,10.784722222222223
2014-05-01 00:00:00 UTC,-431,99,431703660,6.6793055555555565
2014-05-01 00:00:00 UTC,-431,100,431703660,3.850138888888889
2014-05-01 00:00:00 UTC,-431,94,440089000,0.83875
2014-05-01 00:00:00 UTC,-431,98,440236000,1.6336111111111109
2014-05-01 00:00:00 UTC,-431,100,440236000,1.619027777777778
2014-05-01 00:00:00 UTC,-431,99,441910000,1.6508333333333332
2014-05-01 00:00:00 UTC,-431,98,441910000,1.5265277777777777
2014-05-01 00:00:00 UTC,-175,1794,452009111,2.8213888888888889
2014-05-01 00:00:00 UTC,-175,33,431682000,1.0054166666666666
2014-05-01 00:00:00 UTC,-175,35,431682000,2.935138888888889
2014-05-01 00:00:00 UTC,-175,36,431682000,0.90541666666666676
2014-05-01 00:00:00 UTC,-175,34,431682000,0.92625
2014-05-01 00:00:00 UTC,82,-398,224081690,1.752361111111111
2014-05-01 00:00:00 UTC,82,-372,224083590,2.9886111111111111
2014-05-01 00:00:00 UTC,82,-258,431704520,2.6875
2014-05-01 00:00:00 UTC,82,-257,431704520,1.6693055555555556
2014-05-01 00:00:00 UTC,82,-254,431704520,0.90527777777777763
2014-05-01 00:00:00 UTC,82,-256,431704520,4.072222222222222
2014-05-01 00:00:00 UTC,82,-248,431704520,1.0959722222222221
2014-05-01 00:00:00 UTC,82,-249,431704520,0.80013888888888884
2014-05-01 00:00:00 UTC,82,-255,431704520,1.8572222222222223
2014-05-01 00:00:00 UTC,82,-253,431704520,1.3087499999999999
2014-05-01 00:00:00 UTC,338,1217,926002439,1.2091666666666667
2014-05-01 00:00:00 UTC,338,-144,204213000,5.706666666666667
2014-05-01 00:00:00 UTC,338,1210,905103388,5.44375
2014-05-01 00:00:00 UTC,338,1215,412364388,3.368611111111111
2014-05-01 00:00:00 UTC,338,1208,905103988,5.1795833333333334
2014-05-01 00:00:00 UTC,338,1209,905103988,4.325972222222223
2014-05-01 00:00:00 UTC,338,1206,905113468,14.583055555555553
2014-05-01 00:00:00 UTC,338,1207,905113468,3.775
2014-05-01 00:00:00 UTC,338,1217,926002310,6.1033333333333335
2014-05-01 00:00:00 UTC,338,-300,224016530,3.0501388888888892
2014-05-01 00:00:00 UTC,338,1210,905108888,6.1744444444444451
2014-05-01 00:00:00 UTC,338,1206,905107099,5.7270833333333329
2014-05-01 00:00:00 UTC,338,1207,905107099,1.3883333333333336
2014-05-01 00:00:00 UTC,338,1204,888816826,0.4366666666666667
2014-05-01 00:00:00 UTC,338,1206,888816826,0.24958333333333332
2014-05-01 00:00:00 UTC,338,1206,905103315,6.5631944444444441
2014-05-01 00:00:00 UTC,338,1207,905103315,5.266111111111111
2014-05-01 00:00:00 UTC,338,1283,440110570,2.5093055555555557
2014-05-01 00:00:00 UTC,338,1282,440110570,3.2613888888888884
2014-05-01 00:00:00 UTC,594,-12,233636000,2.2838888888888889
2014-05-01 00:00:00 UTC,594,-1459,367410620,8.4769444444444453
2014-05-01 00:00:00 UTC,594,-1458,367410620,9.4691666666666663
2014-05-01 00:00:00 UTC,594,1664,273319630,0.83458333333333323
2014-05-01 00:00:00 UTC,594,1665,273319630,0.85708333333333342
2014-05-01 00:00:00 UTC,-430,1736,512000015,1.8315277777777776
2014-05-01 00:00:00 UTC,-430,100,431703660,2.4209722222222223
2014-05-01 00:00:00 UTC,-430,93,440089000,0.83208333333333329
2014-05-01 00:00:00 UTC,-430,100,440236000,1.5105555555555557
2014-05-01 00:00:00 UTC,-174,1795,452009111,1.8336111111111111
2014-05-01 00:00:00 UTC,-174,1794,452009111,1.9118055555555551
2014-05-01 00:00:00 UTC,-174,39,431682000,0.76416666666666666
2014-05-01 00:00:00 UTC,-174,36,431682000,1.8222222222222224
2014-05-01 00:00:00 UTC,-174,37,431682000,0.790138888888889
2014-05-01 00:00:00 UTC,-174,38,431682000,2.5375
2014-05-01 00:00:00 UTC,83,-396,224081690,0.9029166666666667
2014-05-01 00:00:00 UTC,83,-375,224083590,1.6054166666666667
2014-05-01 00:00:00 UTC,83,-373,224083590,1.5734722222222222
2014-05-01 00:00:00 UTC,83,-251,431704520,0.83916666666666673
2014-05-01 00:00:00 UTC,83,-252,431704520,0.96083333333333332
2014-05-01 00:00:00 UTC,339,1210,905101829,2.8858333333333333
2014-05-01 00:00:00 UTC,339,1211,905101829,22.956388888888888
2014-05-01 00:00:00 UTC,339,1209,905106698,0.47055555555555556
2014-05-01 00:00:00 UTC,339,1210,905106698,7.0402777777777779
2014-05-01 00:00:00 UTC,339,1209,905103115,3.0655555555555556
2014-05-01 00:00:00 UTC,339,1210,905103115,6.274166666666666
2014-05-01 00:00:00 UTC,339,1211,905103115,11.90111111111111
2014-05-01 00:00:00 UTC,339,1206,905100818,14.553055555555554
2014-05-01 00:00:00 UTC,339,1207,905100818,9.07513888888889
2014-05-01 00:00:00 UTC,339,1205,905103388,0.84013888888888888
2014-05-01 00:00:00 UTC,339,1206,905103388,3.4909722222222226
2014-05-01 00:00:00 UTC,339,1211,905101888,1.4651388888888888
2014-05-01 00:00:00 UTC,339,1210,905101888,22.4575
2014-05-01 00:00:00 UTC,339,1282,440152650,13.827361111111108
2014-05-01 00:00:00 UTC,339,1215,412364388,2.1734722222222222
2014-05-01 00:00:00 UTC,339,1206,905103208,22.44069444444445
2014-05-01 00:00:00 UTC,339,1210,905101686,9.9602777777777778
2014-05-01 00:00:00 UTC,339,1206,905106298,1.0343055555555556
2014-05-01 00:00:00 UTC,339,1210,905101948,19.177083333333332
2014-05-01 00:00:00 UTC,339,1211,905101948,10.21013888888889
2014-05-01 00:00:00 UTC,339,1208,905108888,5.5738888888888889
2014-05-01 00:00:00 UTC,339,1214,412365748,0.2590277777777778
2014-05-01 00:00:00 UTC,339,1215,412365748,6.5237500000000006
2014-05-01 00:00:00 UTC,339,1206,905103298,17.867361111111116
2014-05-01 00:00:00 UTC,339,1206,905106633,0.85013888888888889
2014-05-01 00:00:00 UTC,339,1206,905103315,5.9144444444444444
2014-05-01 00:00:00 UTC,339,1207,905103315,2.7612499999999995
2014-05-01 00:00:00 UTC,339,1212,905110998,7.9558333333333335
2014-05-01 00:00:00 UTC,339,1208,888816863,3.9705555555555554
2014-05-01 00:00:00 UTC,339,1207,888816863,0.689861111111111
2014-05-01 00:00:00 UTC,339,1208,888816866,4.5554166666666678
2014-05-01 00:00:00 UTC,339,1204,905101817,0.88250000000000006
2014-05-01 00:00:00 UTC,595,20,259423000,18.555416666666659
2014-05-01 00:00:00 UTC,595,21,259423000,0.55736111111111108
2014-05-01 00:00:00 UTC,595,-12,233636000,3.7375
2014-05-01 00:00:00 UTC,595,-11,233636000,9.4969444444444466
2014-05-01 00:00:00 UTC,595,16,235008490,20.9225
2014-05-01 00:00:00 UTC,-429,-578,412420471,4.7130555555555551
2014-05-01 00:00:00 UTC,-429,-796,576496000,0.64416666666666667
2014-05-01 00:00:00 UTC,-429,-795,576496000,6.9501388888888895
2014-05-01 00:00:00 UTC,-429,69,441242000,0.84027777777777768
2014-05-01 00:00:00 UTC,-429,70,441242000,1.6472222222222219
2014-05-01 00:00:00 UTC,-429,93,440089000,0.7566666666666666
2014-05-01 00:00:00 UTC,-429,92,440089000,1.5483333333333333
2014-05-01 00:00:00 UTC,-173,-316,224752000,4.6079166666666671
2014-05-01 00:00:00 UTC,-173,-320,224752000,1.8333333333333335
2014-05-01 00:00:00 UTC,-173,1795,452009111,5.5390277777777772
2014-05-01 00:00:00 UTC,-173,39,431682000,0.962361111111111
2014-05-01 00:00:00 UTC,84,-396,224081690,0.99319444444444449
2014-05-01 00:00:00 UTC,84,-377,224083590,1.0791666666666666
2014-05-01 00:00:00 UTC,84,-375,224083590,1.52125
2014-05-01 00:00:00 UTC,84,-376,224083590,1.7844444444444445
2014-05-01 00:00:00 UTC,340,1208,888816926,0.27541666666666664
2014-05-01 00:00:00 UTC,340,1206,905103398,14.35027777777778
2014-05-01 00:00:00 UTC,340,1205,905103915,5.5326388888888882
2014-05-01 00:00:00 UTC,340,1204,905103915,2.07125
2014-05-01 00:00:00 UTC,340,1211,905116208,22.640833333333337
2014-05-01 00:00:00 UTC,340,1204,905101118,5.7543055555555558
2014-05-01 00:00:00 UTC,340,1210,905101896,8.4598611111111115
2014-05-01 00:00:00 UTC,340,1209,905101896,13.081666666666667
2014-05-01 00:00:00 UTC,340,1282,440152650,10.16
2014-05-01 00:00:00 UTC,340,1210,905101658,7.8256944444444443
2014-05-01 00:00:00 UTC,340,1206,905103198,12.854444444444443
2014-05-01 00:00:00 UTC,340,1215,412364388,1.0411111111111111
2014-05-01 00:00:00 UTC,340,1211,905116528,0.6525
2014-05-01 00:00:00 UTC,340,1206,905106298,16.617500000000003
2014-05-01 00:00:00 UTC,340,1205,905106298,2.4847222222222225
2014-05-01 00:00:00 UTC,340,1207,905106298,0.23722222222222222
2014-05-01 00:00:00 UTC,340,1206,905103239,11.321111111111112
2014-05-01 00:00:00 UTC,340,1210,905103266,2.3068055555555551
2014-05-01 00:00:00 UTC,340,1215,412365748,0.24402777777777779
2014-05-01 00:00:00 UTC,340,1207,905103289,6.1516666666666664
2014-05-01 00:00:00 UTC,340,1208,905103289,15.410277777777777
2014-05-01 00:00:00 UTC,340,1207,905106633,2.6202777777777775
2014-05-01 00:00:00 UTC,340,1207,905106889,1.7930555555555554
2014-05-01 00:00:00 UTC,340,1204,905101311,9.86319444444444
2014-05-01 00:00:00 UTC,596,20,259423000,3.8290277777777781
2014-05-01 00:00:00 UTC,596,21,259423000,0.59861111111111109
2014-05-01 00:00:00 UTC,596,3,235076242,6.2469444444444449
2014-05-01 00:00:00 UTC,596,-13,233636000,3.725
2014-05-01 00:00:00 UTC,596,-12,233636000,2.3049999999999997
2014-05-01 00:00:00 UTC,-428,-577,440852000,3.0124999999999997
2014-05-01 00:00:00 UTC,-428,-798,413235000,0.79
2014-05-01 00:00:00 UTC,-428,-799,413235000,0.7319444444444444
2014-05-01 00:00:00 UTC,-428,-651,701006168,3.8977777777777787
2014-05-01 00:00:00 UTC,-428,-650,701006168,7.9193055555555549
2014-05-01 00:00:00 UTC,-428,-578,412420471,5.6504166666666666
2014-05-01 00:00:00 UTC,-428,-794,576496000,2.1820833333333334
2014-05-01 00:00:00 UTC,-428,69,441242000,0.76666666666666661
2014-05-01 00:00:00 UTC,-428,92,440089000,1.6305555555555555
2014-05-01 00:00:00 UTC,-428,94,440089000,3.0155555555555553
2014-05-01 00:00:00 UTC,-172,-822,224881000,4.46625
2014-05-01 00:00:00 UTC,-172,-322,224752000,1.5429166666666667
2014-05-01 00:00:00 UTC,-172,-321,224752000,1.6722222222222221
2014-05-01 00:00:00 UTC,-172,-320,224752000,2.1344444444444446
2014-05-01 00:00:00 UTC,-172,41,431682000,1.4818055555555554
2014-05-01 00:00:00 UTC,-172,39,431682000,1.7848611111111112
2014-05-01 00:00:00 UTC,85,-377,224083590,2.6845833333333333
2014-05-01 00:00:00 UTC,85,-378,224083590,4.52375
2014-05-01 00:00:00 UTC,85,-1759,416072600,9.250694444444445
2014-05-01 00:00:00 UTC,85,-1535,441825000,1.3075
2014-05-01 00:00:00 UTC,341,1368,431003402,1.2829166666666665
2014-05-01 00:00:00 UTC,341,1285,440200210,23.848055555555565
2014-05-01 00:00:00 UTC,341,1205,905103388,2.7033333333333331
2014-05-01 00:00:00 UTC,341,1208,905101345,13.6025
2014-05-01 00:00:00 UTC,341,1207,905101345,12.991805555555555
2014-05-01 00:00:00 UTC,341,1283,440706850,5.8445833333333326
2014-05-01 00:00:00 UTC,341,1284,440706850,6.725
2014-05-01 00:00:00 UTC,341,1206,905103398,6.5956944444444447
2014-05-01 00:00:00 UTC,341,1204,905103915,8.6341666666666672
2014-05-01 00:00:00 UTC,341,1205,905103915,2.3930555555555557
2014-05-01 00:00:00 UTC,341,1207,905101103,1.6329166666666666
2014-05-01 00:00:00 UTC,341,1208,905101103,6.3263888888888893
2014-05-01 00:00:00 UTC,341,1209,905101103,1.0693055555555555
2014-05-01 00:00:00 UTC,341,1203,905101363,2.8747222222222222
2014-05-01 00:00:00 UTC,341,1204,905101363,13.760972222222222
2014-05-01 00:00:00 UTC,341,1204,905101118,9.6097222222222225
2014-05-01 00:00:00 UTC,341,1276,440207170,3.766111111111111
2014-05-01 00:00:00 UTC,341,1204,905101385,21.208611111111114
2014-05-01 00:00:00 UTC,341,1203,905101385,1.9961111111111112
2014-05-01 00:00:00 UTC,341,1280,440328280,10.354583333333331
2014-05-01 00:00:00 UTC,341,1214,412364388,0.8093055555555555
2014-05-01 00:00:00 UTC,341,1215,412364388,8.2
2014-05-01 00:00:00 UTC,341,1248,440313960,15.38638888888889
2014-05-01 00:00:00 UTC,341,1212,905116528,1.2186111111111111
2014-05-01 00:00:00 UTC,341,1217,926002310,11.619166666666667
2014-05-01 00:00:00 UTC,341,1206,905103239,9.16722222222222
2014-05-01 00:00:00 UTC,341,1283,440100760,4.5612499999999994
2014-05-01 00:00:00 UTC,341,1282,440100760,3.6780555555555559
2014-05-01 00:00:00 UTC,341,1215,412365748,4.753055555555556
2014-05-01 00:00:00 UTC,341,1208,990016956,4.0736111111111111
2014-05-01 00:00:00 UTC,341,1216,926002648,7.9063888888888885
2014-05-01 00:00:00 UTC,341,1287,440147180,5.9409722222222214
2014-05-01 00:00:00 UTC,341,1205,905101311,2.4415277777777775
2014-05-01 00:00:00 UTC,341,1204,905101311,1.2973611111111112
2014-05-01 00:00:00 UTC,597,105,257121840,4.0333333333333332
2014-05-01 00:00:00 UTC,597,-18,234052000,1.1293055555555556
2014-05-01 00:00:00 UTC,597,-19,234052000,1.9708333333333332
2014-05-01 00:00:00 UTC,597,-19,235060915,1.6500000000000001
2014-05-01 00:00:00 UTC,597,-22,235060915,4.2930555555555552
2014-05-01 00:00:00 UTC,597,-18,235060915,4.4033333333333333
2014-05-01 00:00:00 UTC,597,-21,235060915,1.5568055555555556
2014-05-01 00:00:00 UTC,597,-20,235060915,1.1004166666666668
2014-05-01 00:00:00 UTC,-427,-797,413235000,3.8290277777777781
2014-05-01 00:00:00 UTC,-427,-798,413235000,0.80847222222222226
2014-05-01 00:00:00 UTC,-427,-795,413235000,1.6069444444444443
2014-05-01 00:00:00 UTC,-427,-796,576496000,3.5654166666666667
2014-05-01 00:00:00 UTC,-427,70,441242000,1.5274999999999999
2014-05-01 00:00:00 UTC,-171,-862,735059233,1.8331944444444446
2014-05-01 00:00:00 UTC,-171,-860,735059233,1.7734722222222223
2014-05-01 00:00:00 UTC,-171,-319,224752000,4.6848611111111111
2014-05-01 00:00:00 UTC,-171,-321,224752000,2.0820833333333333
2014-05-01 00:00:00 UTC,86,-249,431200740,3.3245833333333334
2014-05-01 00:00:00 UTC,86,-250,431200740,3.2865277777777777
2014-05-01 00:00:00 UTC,86,-253,431200740,1.8338888888888889
2014-05-01 00:00:00 UTC,86,-237,431873000,1.0125
2014-05-01 00:00:00 UTC,86,-236,431873000,0.89847222222222223
2014-05-01 00:00:00 UTC,342,1283,440149510,4.8587500000000006
2014-05-01 00:00:00 UTC,342,1218,926002439,5.0954166666666669
2014-05-01 00:00:00 UTC,342,1217,926002439,9.3204166666666666
2014-05-01 00:00:00 UTC,342,1284,440701450,2.8644444444444446
2014-05-01 00:00:00 UTC,342,1283,440701450,10.658194444444442
2014-05-01 00:00:00 UTC,342,1368,431003402,1.3215277777777779
2014-05-01 00:00:00 UTC,342,1366,431003402,0.57930555555555563
2014-05-01 00:00:00 UTC,342,1367,431003402,2.4305555555555554
2014-05-01 00:00:00 UTC,342,1206,905101088,3.7958333333333329
2014-05-01 00:00:00 UTC,342,1208,905101088,6.6268055555555545
2014-05-01 00:00:00 UTC,342,1205,905101088,4.8219444444444441
2014-05-01 00:00:00 UTC,342,1207,905101088,4.5055555555555555
2014-05-01 00:00:00 UTC,342,1208,905101103,5.0129166666666674
2014-05-01 00:00:00 UTC,342,1203,905101363,3.5920833333333335
2014-05-01 00:00:00 UTC,342,1204,905101363,0.40916666666666668
2014-05-01 00:00:00 UTC,342,1287,440103220,23.609861111111112
2014-05-01 00:00:00 UTC,342,1280,440328280,10.662361111111112
2014-05-01 00:00:00 UTC,342,1281,440328280,0.95763888888888893
2014-05-01 00:00:00 UTC,342,1215,412364388,3.7491666666666665
2014-05-01 00:00:00 UTC,342,1213,412302955,3.5741666666666667
2014-05-01 00:00:00 UTC,342,1217,926002310,1.5134722222222221
2014-05-01 00:00:00 UTC,342,1284,440143760,2.4425
2014-05-01 00:00:00 UTC,342,1283,440143760,2.058472222222222
2014-05-01 00:00:00 UTC,342,1283,440100760,10.528888888888888
2014-05-01 00:00:00 UTC,342,1282,440100760,4.5663888888888886
2014-05-01 00:00:00 UTC,342,1215,412365748,3.6833333333333336
2014-05-01 00:00:00 UTC,342,1207,905106633,2.471111111111111
2014-05-01 00:00:00 UTC,342,1206,905106633,0.38180555555555556
2014-05-01 00:00:00 UTC,342,1205,905106633,0.36208333333333331
2014-05-01 00:00:00 UTC,342,1205,905106889,6.9099999999999993
2014-05-01 00:00:00 UTC,342,1207,905106889,4.2248611111111112
2014-05-01 00:00:00 UTC,342,1216,926002648,7.3638888888888889
2014-05-01 00:00:00 UTC,342,1287,440147180,9.8208333333333364
2014-05-01 00:00:00 UTC,342,1207,905101309,23.73375
2014-05-01 00:00:00 UTC,598,105,257121840,0.46541666666666665
2014-05-01 00:00:00 UTC,598,-51,226334000,7.1329166666666666
2014-05-01 00:00:00 UTC,598,-27,235004230,0.56208333333333338
2014-05-01 00:00:00 UTC,598,-28,235004230,1.1404166666666669
2014-05-01 00:00:00 UTC,598,-51,232008020,6.9763888888888888
2014-05-01 00:00:00 UTC,598,-53,232008020,0.1375
2014-05-01 00:00:00 UTC,598,-52,232008020,10.721944444444444
2014-05-01 00:00:00 UTC,598,-284,224775000,7.1334722222222222
2014-05-01 00:00:00 UTC,598,-21,234052000,0.86333333333333329
2014-05-01 00:00:00 UTC,598,-20,234052000,2.1158333333333337
2014-05-01 00:00:00 UTC,598,-19,234052000,0.66666666666666663
2014-05-01 00:00:00 UTC,598,-20,235060915,1.9877777777777776
2014-05-01 00:00:00 UTC,-426,-573,440852000,0.80944444444444441
2014-05-01 00:00:00 UTC,-426,-575,440852000,3.1229166666666668
2014-05-01 00:00:00 UTC,-426,-579,440852000,1.5306944444444444
2014-05-01 00:00:00 UTC,-426,-795,413235000,1.5958333333333332
2014-05-01 00:00:00 UTC,-426,-794,576496000,3.9818055555555558
2014-05-01 00:00:00 UTC,-170,40,432319000,3.8386111111111108
2014-05-01 00:00:00 UTC,-170,-320,224752000,2.0615277777777781
2014-05-01 00:00:00 UTC,-170,-322,224752000,2.4180555555555556
2014-05-01 00:00:00 UTC,-170,-1326,412460018,9.7080555555555552
2014-05-01 00:00:00 UTC,87,-251,431200740,1.2795833333333333
2014-05-01 00:00:00 UTC,87,-255,431200740,1.7543055555555556
2014-05-01 00:00:00 UTC,87,-254,431200740,1.9273611111111111
2014-05-01 00:00:00 UTC,87,-250,431200740,1.1652777777777779
2014-05-01 00:00:00 UTC,87,-252,431200740,1.9176388888888887
2014-05-01 00:00:00 UTC,87,-238,431873000,2.6923611111111114
2014-05-01 00:00:00 UTC,87,-239,431873000,1.8948611111111111
2014-05-01 00:00:00 UTC,87,-241,431873000,2.3623611111111118
2014-05-01 00:00:00 UTC,87,-242,431873000,4.1319444444444446
2014-05-01 00:00:00 UTC,87,-237,431873000,0.90416666666666667
2014-05-01 00:00:00 UTC,343,1283,440149510,13.228472222222218
2014-05-01 00:00:00 UTC,343,1283,440701450,3.5404166666666672
2014-05-01 00:00:00 UTC,343,1284,440701450,2.2645833333333334
2014-05-01 00:00:00 UTC,343,1368,431003402,5.9754166666666659
2014-05-01 00:00:00 UTC,343,1340,431001637,1.3797222222222221
2014-05-01 00:00:00 UTC,343,1244,440125010,1.4784722222222224
2014-05-01 00:00:00 UTC,343,1207,990014038,2.9612499999999997
2014-05-01 00:00:00 UTC,343,1206,926014076,0.75805555555555559
2014-05-01 00:00:00 UTC,343,1207,926014076,1.4469444444444441
2014-05-01 00:00:00 UTC,343,157,204848000,7.5045833333333336
2014-05-01 00:00:00 UTC,343,158,204848000,6.72111111111111
2014-05-01 00:00:00 UTC,343,1284,440143760,4.6073611111111115
2014-05-01 00:00:00 UTC,343,1283,440143760,10.350416666666666
2014-05-01 00:00:00 UTC,343,1339,431002824,2.3463888888888889
2014-05-01 00:00:00 UTC,343,1206,905106633,2.7938888888888886
2014-05-01 00:00:00 UTC,343,1205,905106633,1.8627777777777776
2014-05-01 00:00:00 UTC,343,1204,905106633,1.5179166666666664
2014-05-01 00:00:00 UTC,343,1249,440009420,4.0755555555555558
2014-05-01 00:00:00 UTC,343,1285,440100560,2.0043055555555558
2014-05-01 00:00:00 UTC,343,1205,413016817,3.1825000000000006
2014-05-01 00:00:00 UTC,343,1339,431001591,5.3927777777777779
2014-05-01 00:00:00 UTC,599,-83,231327000,7.2159722222222218
2014-05-01 00:00:00 UTC,599,-82,231327000,11.888611111111111
2014-05-01 00:00:00 UTC,599,-92,251391000,0.24861111111111112
2014-05-01 00:00:00 UTC,599,-93,251391000,0.70166666666666666
2014-05-01 00:00:00 UTC,599,-51,226334000,5.3473611111111117
2014-05-01 00:00:00 UTC,599,-284,224775000,6.955972222222222
2014-05-01 00:00:00 UTC,599,-283,224775000,6.9679166666666665
2014-05-01 00:00:00 UTC,599,-94,251451000,0.68083333333333329
2014-05-01 00:00:00 UTC,599,-93,251451000,0.89611111111111108
2014-05-01 00:00:00 UTC,599,-52,232006810,12.51
2014-05-01 00:00:00 UTC,599,-94,273534110,1.4944444444444445
2014-05-01 00:00:00 UTC,599,-96,273534110,0.27541666666666664
2014-05-01 00:00:00 UTC,599,-95,273534110,0.66763888888888889
2014-05-01 00:00:00 UTC,599,-24,234052000,0.44361111111111107
2014-05-01 00:00:00 UTC,599,-22,234052000,3.3448611111111104
2014-05-01 00:00:00 UTC,599,-21,234052000,0.29291666666666666
2014-05-01 00:00:00 UTC,599,-23,234052000,1.310138888888889
2014-05-01 00:00:00 UTC,599,-95,273413800,0.71833333333333327
2014-05-01 00:00:00 UTC,599,-96,273413800,1.9431944444444444
2014-05-01 00:00:00 UTC,599,-97,273413800,0.59749999999999992
2014-05-01 00:00:00 UTC,599,-40,211313600,13.465000000000002
2014-05-01 00:00:00 UTC,599,-93,273523400,0.21402777777777776
2014-05-01 00:00:00 UTC,599,-95,273529800,0.2722222222222222
2014-05-01 00:00:00 UTC,599,-94,231051000,0.95736111111111111
2014-05-01 00:00:00 UTC,599,-95,231051000,0.37361111111111112
2014-05-01 00:00:00 UTC,-425,-575,440852000,3.0594444444444444
2014-05-01 00:00:00 UTC,-425,-579,440852000,5.3251388888888886
2014-05-01 00:00:00 UTC,-425,-573,440852000,0.77180555555555552
2014-05-01 00:00:00 UTC,-425,-794,413235000,3.6879166666666663
2014-05-01 00:00:00 UTC,-425,-795,413235000,1.7402777777777778
2014-05-01 00:00:00 UTC,-425,1550,431869000,2.2295833333333333
2014-05-01 00:00:00 UTC,-425,1548,431869000,2.1286111111111112
2014-05-01 00:00:00 UTC,-425,1551,431869000,3.6068055555555558
2014-05-01 00:00:00 UTC,-425,1555,431869000,1.72125
2014-05-01 00:00:00 UTC,-425,1546,431869000,3.2812499999999996
2014-05-01 00:00:00 UTC,-425,1549,431869000,0.85805555555555557
2014-05-01 00:00:00 UTC,-425,1547,431869000,0.75361111111111112
2014-05-01 00:00:00 UTC,-425,1545,431869000,1.4694444444444443
2014-05-01 00:00:00 UTC,-425,1554,431869000,2.8236111111111111
2014-05-01 00:00:00 UTC,-169,-864,735059233,1.8738888888888889
2014-05-01 00:00:00 UTC,-169,-860,735059233,1.651111111111111
2014-05-01 00:00:00 UTC,-169,-820,224881000,1.4048611111111111
2014-05-01 00:00:00 UTC,-169,-821,224881000,2.3568055555555558
2014-05-01 00:00:00 UTC,-169,-885,224313000,3.8719444444444444
2014-05-01 00:00:00 UTC,-169,38,432045000,3.7663888888888892
2014-05-01 00:00:00 UTC,88,-256,431200740,1.8527777777777779
2014-05-01 00:00:00 UTC,88,-251,431200740,5.3070833333333329
2014-05-01 00:00:00 UTC,88,-239,431873000,3.8490277777777777
2014-05-01 00:00:00 UTC,88,-241,431873000,5.8126388888888894
2014-05-01 00:00:00 UTC,344,1283,440701450,1.9894444444444446
2014-05-01 00:00:00 UTC,344,1339,431001633,17.241388888888892
2014-05-01 00:00:00 UTC,344,1340,431001633,0.54541666666666666
2014-05-01 00:00:00 UTC,344,1340,431001637,0.475
2014-05-01 00:00:00 UTC,344,1339,431001637,15.106111111111112
2014-05-01 00:00:00 UTC,344,1339,431001638,5.2758333333333338
2014-05-01 00:00:00 UTC,344,1340,431001638,1.2573611111111112
2014-05-01 00:00:00 UTC,344,-70,242910000,17.029722222222222
2014-05-01 00:00:00 UTC,344,1339,431001649,6.6127777777777776
2014-05-01 00:00:00 UTC,344,1340,431001649,3.7975
2014-05-01 00:00:00 UTC,344,1291,431004229,4.0373611111111112
2014-05-01 00:00:00 UTC,344,1290,431004229,1.2613888888888889
2014-05-01 00:00:00 UTC,344,1285,440108380,4.3668055555555556
2014-05-01 00:00:00 UTC,344,1200,320711528,8.0051388888888884
2014-05-01 00:00:00 UTC,344,-70,242929000,4.0847222222222221
2014-05-01 00:00:00 UTC,344,1249,440502380,15.079166666666667
2014-05-01 00:00:00 UTC,344,159,204848000,6.7129166666666666
2014-05-01 00:00:00 UTC,344,1340,431002763,2.5284722222222218
2014-05-01 00:00:00 UTC,344,1339,431002763,10.887361111111108
2014-05-01 00:00:00 UTC,344,1339,431002769,6.8675
2014-05-01 00:00:00 UTC,344,1340,431002769,4.1738888888888885
2014-05-01 00:00:00 UTC,344,1199,412367521,8.056805555555556
2014-05-01 00:00:00 UTC,344,1206,412304830,12.924583333333334
2014-05-01 00:00:00 UTC,344,1339,431002824,8.3340277777777771
2014-05-01 00:00:00 UTC,344,1340,431002824,0.9538888888888889
2014-05-01 00:00:00 UTC,344,1340,431002825,2.0018055555555563
2014-05-01 00:00:00 UTC,344,1339,431002825,9.3261111111111088
2014-05-01 00:00:00 UTC,344,1339,431002826,3.4794444444444448
2014-05-01 00:00:00 UTC,344,1340,431002826,0.45833333333333331
2014-05-01 00:00:00 UTC,344,1339,431002827,10.050694444444446
2014-05-01 00:00:00 UTC,344,1340,431002827,5.7619444444444445
2014-05-01 00:00:00 UTC,344,1249,440009420,2.0494444444444446
2014-05-01 00:00:00 UTC,344,1285,440100560,3.2634722222222221
2014-05-01 00:00:00 UTC,344,1284,440100560,0.20819444444444443
2014-05-01 00:00:00 UTC,344,1341,431002331,0.12791666666666668
2014-05-01 00:00:00 UTC,344,1342,431002331,1.682638888888889
2014-05-01 00:00:00 UTC,344,1340,431001578,5.1670833333333341
2014-05-01 00:00:00 UTC,344,1339,431001578,3.3625
2014-05-01 00:00:00 UTC,344,1200,926040046,1.0893055555555555
2014-05-01 00:00:00 UTC,344,1283,440151280,3.5358333333333336
2014-05-01 00:00:00 UTC,344,1284,440151280,5.063194444444445
2014-05-01 00:00:00 UTC,344,1205,413016817,1.8313888888888887
2014-05-01 00:00:00 UTC,344,1340,431001591,6.9884722222222218
2014-05-01 00:00:00 UTC,344,1339,431001591,0.80444444444444441
2014-05-01 00:00:00 UTC,344,1340,431001592,4.2776388888888892
2014-05-01 00:00:00 UTC,344,1339,431001592,12.229722222222222
2014-05-01 00:00:00 UTC,600,-92,211238930,0.70083333333333331
2014-05-01 00:00:00 UTC,600,-91,211238930,0.21333333333333332
2014-05-01 00:00:00 UTC,600,-93,211238930,0.42736111111111114
2014-05-01 00:00:00 UTC,600,-93,251391000,0.54930555555555549
2014-05-01 00:00:00 UTC,600,-89,251391000,0.20111111111111113
2014-05-01 00:00:00 UTC,600,-90,251391000,1.8073611111111112
2014-05-01 00:00:00 UTC,600,-92,251391000,3.1963888888888889
2014-05-01 00:00:00 UTC,600,-91,251391000,1.1148611111111111
2014-05-01 00:00:00 UTC,600,-93,251401000,1.2918055555555557
2014-05-01 00:00:00 UTC,600,-92,251401000,1.9080555555555558
2014-05-01 00:00:00 UTC,600,-95,251401000,2.1463888888888891
2014-05-01 00:00:00 UTC,600,-94,251401000,1.3938888888888887
2014-05-01 00:00:00 UTC,600,-91,251401000,0.41347222222222224
2014-05-01 00:00:00 UTC,600,-93,231049000,2.5102777777777772
2014-05-01 00:00:00 UTC,600,-92,231049000,3.7570833333333336
2014-05-01 00:00:00 UTC,600,-91,231049000,1.17875
2014-05-01 00:00:00 UTC,600,-91,251433000,0.57277777777777783
2014-05-01 00:00:00 UTC,600,-94,251433000,1.2804166666666668
2014-05-01 00:00:00 UTC,600,-93,251433000,2.4048611111111113
2014-05-01 00:00:00 UTC,600,-92,251433000,1.5256944444444445
2014-05-01 00:00:00 UTC,600,-95,251433000,0.42833333333333334
2014-05-01 00:00:00 UTC,600,-91,231038000,1.6397222222222223
2014-05-01 00:00:00 UTC,600,-88,231038000,0.23888888888888887
2014-05-01 00:00:00 UTC,600,-48,226334000,7.0997222222222218
2014-05-01 00:00:00 UTC,600,-91,258590000,0.97652777777777777
2014-05-01 00:00:00 UTC,600,-92,258590000,1.0858333333333334
2014-05-01 00:00:00 UTC,600,-93,258590000,2.8176388888888892
2014-05-01 00:00:00 UTC,600,-91,231091000,1.9951388888888888
2014-05-01 00:00:00 UTC,600,-92,231091000,1.976388888888889
2014-05-01 00:00:00 UTC,600,-95,251212110,2.705
2014-05-01 00:00:00 UTC,600,-96,251212110,2.8294444444444444
2014-05-01 00:00:00 UTC,600,-94,251212110,2.6344444444444446
2014-05-01 00:00:00 UTC,600,-92,251212110,0.43083333333333335
2014-05-01 00:00:00 UTC,600,-93,251212110,0.77416666666666667
2014-05-01 00:00:00 UTC,600,-95,251180110,0.21222222222222223
2014-05-01 00:00:00 UTC,600,-93,251180110,1.4759722222222222
2014-05-01 00:00:00 UTC,600,-96,251180110,0.44458333333333333
2014-05-01 00:00:00 UTC,600,-92,251180110,1.3766666666666669
2014-05-01 00:00:00 UTC,600,-94,251180110,0.77569444444444446
2014-05-01 00:00:00 UTC,600,-92,273332560,0.67527777777777775
2014-05-01 00:00:00 UTC,600,-91,273332560,0.44805555555555554
2014-05-01 00:00:00 UTC,600,-93,219019093,1.7383333333333335
2014-05-01 00:00:00 UTC,600,-92,219019093,2.5733333333333333
2014-05-01 00:00:00 UTC,600,-93,251463000,3.8220833333333331
2014-05-01 00:00:00 UTC,600,-92,251463000,3.0970833333333334
2014-05-01 00:00:00 UTC,600,-94,258086000,1.1676388888888889
2014-05-01 00:00:00 UTC,600,-87,258086000,0.21194444444444444
2014-05-01 00:00:00 UTC,600,-88,258086000,0.20833333333333334
2014-05-01 00:00:00 UTC,600,-96,258086000,2.665
2014-05-01 00:00:00 UTC,600,-90,258086000,0.27347222222222223
2014-05-01 00:00:00 UTC,600,-93,258086000,4.4272222222222224
2014-05-01 00:00:00 UTC,600,-91,258086000,3.0268055555555553
2014-05-01 00:00:00 UTC,600,-89,258086000,0.44680555555555557
2014-05-01 00:00:00 UTC,600,-95,258086000,0.87611111111111106
2014-05-01 00:00:00 UTC,600,-97,258086000,0.23055555555555554
2014-05-01 00:00:00 UTC,600,-92,258086000,0.60027777777777769
2014-05-01 00:00:00 UTC,600,-93,231078000,1.5772222222222223
2014-05-01 00:00:00 UTC,600,-91,231078000,0.25
2014-05-01 00:00:00 UTC,600,-92,231078000,2.3465277777777778
2014-05-01 00:00:00 UTC,600,54,257014900,0.78375000000000006
2014-05-01 00:00:00 UTC,600,53,257014900,0.23333333333333334
2014-05-01 00:00:00 UTC,600,-93,251451000,3.07611111111111
2014-05-01 00:00:00 UTC,600,-94,251451000,0.21652777777777776
2014-05-01 00:00:00 UTC,600,-92,251451000,1.8601388888888888
2014-05-01 00:00:00 UTC,600,-91,251451000,0.49916666666666665
2014-05-01 00:00:00 UTC,600,-92,251439000,1.1766666666666667
2014-05-01 00:00:00 UTC,600,-93,251439000,1.0261111111111112
2014-05-01 00:00:00 UTC,600,-91,251439000,0.24986111111111112
2014-05-01 00:00:00 UTC,600,-92,273534110,2.4997222222222226
2014-05-01 00:00:00 UTC,600,-94,273534110,2.5559722222222221
2014-05-01 00:00:00 UTC,600,-91,273534110,1.2327777777777778
2014-05-01 00:00:00 UTC,600,-96,273534110,0.80305555555555563
2014-05-01 00:00:00 UTC,600,-93,273534110,2.7597222222222224
2014-05-01 00:00:00 UTC,600,-95,273534110,1.5029166666666667
2014-05-01 00:00:00 UTC,600,-23,234052000,2.7143055555555557
2014-05-01 00:00:00 UTC,600,-24,234052000,1.8891666666666667
2014-05-01 00:00:00 UTC,600,-22,234052000,0.22333333333333333
2014-05-01 00:00:00 UTC,600,-95,273413800,2.6415277777777773
2014-05-01 00:00:00 UTC,600,-94,273413800,2.5791666666666666
2014-05-01 00:00:00 UTC,600,-92,273413800,1.9709722222222221
2014-05-01 00:00:00 UTC,600,-91,273413800,1.6402777777777777
2014-05-01 00:00:00 UTC,600,-93,273413800,1.4404166666666667
2014-05-01 00:00:00 UTC,600,-37,211313600,3.1106944444444449
2014-05-01 00:00:00 UTC,600,-92,273523400,1.6733333333333336
2014-05-01 00:00:00 UTC,600,-93,273523400,0.67777777777777781
2014-05-01 00:00:00 UTC,600,-95,273523400,0.96916666666666673
2014-05-01 00:00:00 UTC,600,-94,273523400,1.7205555555555556
2014-05-01 00:00:00 UTC,600,-92,273529800,1.2411111111111113
2014-05-01 00:00:00 UTC,600,-94,273529800,2.9466666666666668
2014-05-01 00:00:00 UTC,600,-93,273529800,2.3031944444444443
2014-05-01 00:00:00 UTC,600,-95,273529800,2.358888888888889
2014-05-01 00:00:00 UTC,600,-96,273529800,1.096111111111111
2014-05-01 00:00:00 UTC,600,-91,273529800,1.0268055555555557
2014-05-01 00:00:00 UTC,600,-97,273529800,0.22513888888888889
2014-05-01 00:00:00 UTC,600,-91,251756000,0.88375
2014-05-01 00:00:00 UTC,600,-92,251756000,1.9477777777777781
2014-05-01 00:00:00 UTC,600,-93,251756000,1.0480555555555555
2014-05-01 00:00:00 UTC,600,-94,231116000,0.2401388888888889
2014-05-01 00:00:00 UTC,600,-93,231116000,0.9145833333333333
2014-05-01 00:00:00 UTC,600,-93,231307000,1.9269444444444446
2014-05-01 00:00:00 UTC,600,-91,231307000,0.20041666666666669
2014-05-01 00:00:00 UTC,600,-92,231307000,2.0613888888888887
2014-05-01 00:00:00 UTC,600,-94,231307000,0.45
2014-05-01 00:00:00 UTC,600,-91,231051000,1.4768055555555555
2014-05-01 00:00:00 UTC,600,-95,231051000,0.12513888888888891
2014-05-01 00:00:00 UTC,600,-94,231051000,1.815
2014-05-01 00:00:00 UTC,600,-90,231051000,0.91958333333333331
2014-05-01 00:00:00 UTC,600,-93,231051000,2.6618055555555555
2014-05-01 00:00:00 UTC,-424,-570,440852000,5.4548611111111116
2014-05-01 00:00:00 UTC,-424,-571,440852000,1.768888888888889
2014-05-01 00:00:00 UTC,-424,-794,413235000,3.7108333333333334
2014-05-01 00:00:00 UTC,-424,1557,431869000,1.6168055555555554
2014-05-01 00:00:00 UTC,-424,1545,431869000,1.5052777777777777
2014-05-01 00:00:00 UTC,-424,1546,431053000,1.5861111111111112
2014-05-01 00:00:00 UTC,-424,1547,431053000,0.70944444444444443
2014-05-01 00:00:00 UTC,-424,1544,431053000,2.8134722222222224
2014-05-01 00:00:00 UTC,-168,-860,735059233,2.1211111111111114
2014-05-01 00:00:00 UTC,-168,-823,224881000,3.4501388888888886
2014-05-01 00:00:00 UTC,-168,-824,224881000,5.9695833333333335
2014-05-01 00:00:00 UTC,-168,-885,224313000,2.1473611111111106
2014-05-01 00:00:00 UTC,-168,-864,224001000,3.2019444444444445
2014-05-01 00:00:00 UTC,345,1200,412369156,17.55125
2014-05-01 00:00:00 UTC,345,1202,413010243,3.4051388888888887
2014-05-01 00:00:00 UTC,345,1291,431004229,3.6126388888888883
2014-05-01 00:00:00 UTC,345,1201,926014036,3.7663888888888888
2014-05-01 00:00:00 UTC,345,1210,412365656,10.493611111111109
2014-05-01 00:00:00 UTC,345,1284,440108380,8.0526388888888878
2014-05-01 00:00:00 UTC,345,1285,440108380,11.50888888888889
2014-05-01 00:00:00 UTC,345,-69,242929000,9.8541666666666661
2014-05-01 00:00:00 UTC,345,1247,440125550,5.4052777777777781
2014-05-01 00:00:00 UTC,345,1198,412365169,4.3184722222222227
2014-05-01 00:00:00 UTC,345,1349,431005303,0.51833333333333331
2014-05-01 00:00:00 UTC,345,1348,431005303,1.475138888888889
2014-05-01 00:00:00 UTC,345,254,247146630,4.5193055555555555
2014-05-01 00:00:00 UTC,345,1208,905101199,5.7361111111111107
2014-05-01 00:00:00 UTC,345,1210,905101199,16.706666666666663
2014-05-01 00:00:00 UTC,345,1206,412304830,1.9427777777777777
2014-05-01 00:00:00 UTC,345,1211,412387017,4.3106944444444446
2014-05-01 00:00:00 UTC,345,1285,440100560,1.6159722222222221
2014-05-01 00:00:00 UTC,345,1284,440150230,2.1333333333333333
2014-05-01 00:00:00 UTC,345,1285,440150230,9.0895833333333336
2014-05-01 00:00:00 UTC,345,1286,440150230,1.5712499999999998
2014-05-01 00:00:00 UTC,345,1385,431713000,0.21236111111111111
2014-05-01 00:00:00 UTC,345,1200,926040046,8.2065277777777776
2014-05-01 00:00:00 UTC,345,1198,926040046,3.9769444444444444
2014-05-01 00:00:00 UTC,345,1283,440151280,3.9579166666666663
2014-05-01 00:00:00 UTC,345,1284,440151280,10.042916666666667
2014-05-01 00:00:00 UTC,345,-311,224026870,0.7943055555555556
2014-05-01 00:00:00 UTC,345,-310,224026870,1.0783333333333334
2014-05-01 00:00:00 UTC,601,-90,211238930,2.1548611111111113
2014-05-01 00:00:00 UTC,601,-93,211238930,0.42708333333333337
2014-05-01 00:00:00 UTC,601,-92,211238930,3.967222222222222
2014-05-01 00:00:00 UTC,601,-91,211238930,4.2116666666666669
2014-05-01 00:00:00 UTC,601,-93,251391000,1.7597222222222222
2014-05-01 00:00:00 UTC,601,-91,251391000,2.7998611111111114
2014-05-01 00:00:00 UTC,601,-94,251391000,0.67777777777777781
2014-05-01 00:00:00 UTC,601,-92,251391000,2.4073611111111108
2014-05-01 00:00:00 UTC,601,-92,251401000,5.143472222222222
2014-05-01 00:00:00 UTC,601,-94,251401000,0.88361111111111112
2014-05-01 00:00:00 UTC,601,-93,251401000,1.8794444444444445
2014-05-01 00:00:00 UTC,601,-91,251401000,4.2193055555555556
2014-05-01 00:00:00 UTC,601,-91,231049000,0.86944444444444446
2014-05-01 00:00:00 UTC,601,-93,231049000,0.90916666666666668
2014-05-01 00:00:00 UTC,601,-92,231049000,1.5572222222222223
2014-05-01 00:00:00 UTC,601,-92,251433000,4.678055555555555
2014-05-01 00:00:00 UTC,601,-93,251433000,3.3755555555555556
2014-05-01 00:00:00 UTC,601,-91,251433000,4.7020833333333334
2014-05-01 00:00:00 UTC,601,-94,251433000,0.40180555555555553
2014-05-01 00:00:00 UTC,601,-91,231038000,3.7683333333333326
2014-05-01 00:00:00 UTC,601,-92,231038000,0.25805555555555554
2014-05-01 00:00:00 UTC,601,-88,231038000,1.1295833333333332
2014-05-01 00:00:00 UTC,601,-90,231038000,8.2668055555555533
2014-05-01 00:00:00 UTC,601,-89,231038000,3.4445833333333331
2014-05-01 00:00:00 UTC,601,-94,258590000,1.1265277777777778
2014-05-01 00:00:00 UTC,601,-92,258590000,2.5349999999999997
2014-05-01 00:00:00 UTC,601,-91,258590000,3.3063888888888888
2014-05-01 00:00:00 UTC,601,-90,258590000,1.3152777777777778
2014-05-01 00:00:00 UTC,601,-93,258590000,1.7895833333333333
2014-05-01 00:00:00 UTC,601,-90,231091000,1.960277777777778
2014-05-01 00:00:00 UTC,601,-88,231091000,0.2434722222222222
2014-05-01 00:00:00 UTC,601,-89,231091000,1.0745833333333334
2014-05-01 00:00:00 UTC,601,-91,231091000,2.2941666666666665
2014-05-01 00:00:00 UTC,601,-93,251212110,2.9115277777777777
2014-05-01 00:00:00 UTC,601,-92,251212110,1.5738888888888889
2014-05-01 00:00:00 UTC,601,-91,251212110,1.74625
2014-05-01 00:00:00 UTC,601,-94,251212110,1.287638888888889
2014-05-01 00:00:00 UTC,601,-94,251180110,1.9583333333333335
2014-05-01 00:00:00 UTC,601,-95,251180110,1.2888888888888888
2014-05-01 00:00:00 UTC,601,-96,251180110,0.62722222222222235
2014-05-01 00:00:00 UTC,601,-93,251180110,2.793194444444445
2014-05-01 00:00:00 UTC,601,-91,251180110,4.0656944444444445
2014-05-01 00:00:00 UTC,601,-92,251180110,1.7780555555555557
2014-05-01 00:00:00 UTC,601,-91,273332560,7.6606944444444434
2014-05-01 00:00:00 UTC,601,-93,273332560,2.1026388888888885
2014-05-01 00:00:00 UTC,601,-92,273332560,4.3913888888888879
2014-05-01 00:00:00 UTC,601,-92,219019093,2.9036111111111111
2014-05-01 00:00:00 UTC,601,-93,219019093,3.027916666666667
2014-05-01 00:00:00 UTC,601,-94,219019093,2.0059722222222223
2014-05-01 00:00:00 UTC,601,-91,219019093,5.0755555555555567
2014-05-01 00:00:00 UTC,601,-95,219019093,0.80611111111111111
2014-05-01 00:00:00 UTC,601,-91,251463000,1.2466666666666666
2014-05-01 00:00:00 UTC,601,-92,251463000,5.198888888888888
2014-05-01 00:00:00 UTC,601,-96,258086000,0.4538888888888889
2014-05-01 00:00:00 UTC,601,-91,258086000,1.5373611111111112
2014-05-01 00:00:00 UTC,601,-93,258086000,1.8027777777777778
2014-05-01 00:00:00 UTC,601,-92,258086000,2.8868055555555556
2014-05-01 00:00:00 UTC,601,-94,258086000,1.0925
2014-05-01 00:00:00 UTC,601,-95,258086000,0.65625
2014-05-01 00:00:00 UTC,601,-91,231078000,5.1148611111111109
2014-05-01 00:00:00 UTC,601,-92,231078000,0.20555555555555555
2014-05-01 00:00:00 UTC,601,-90,231078000,0.92958333333333332
2014-05-01 00:00:00 UTC,601,53,257014900,1.5529166666666669
2014-05-01 00:00:00 UTC,601,-91,251451000,3.7941666666666674
2014-05-01 00:00:00 UTC,601,-90,251451000,1.6652777777777779
2014-05-01 00:00:00 UTC,601,-92,251451000,2.651388888888889
2014-05-01 00:00:00 UTC,601,-93,251451000,1.1004166666666666
2014-05-01 00:00:00 UTC,601,54,257217940,1.4511111111111112
2014-05-01 00:00:00 UTC,601,53,257217940,1.6326388888888888
2014-05-01 00:00:00 UTC,601,-95,251439000,1.9456944444444444
2014-05-01 00:00:00 UTC,601,-91,251439000,2.1829166666666664
2014-05-01 00:00:00 UTC,601,-94,251439000,2.1736111111111112
2014-05-01 00:00:00 UTC,601,-90,251439000,2.0311111111111115
2014-05-01 00:00:00 UTC,601,-96,251439000,1.7425
2014-05-01 00:00:00 UTC,601,-93,251439000,2.0061111111111112
2014-05-01 00:00:00 UTC,601,-92,251439000,2.6141666666666667
2014-05-01 00:00:00 UTC,601,-91,273534110,1.0744444444444445
2014-05-01 00:00:00 UTC,601,-92,273534110,1.0451388888888888
2014-05-01 00:00:00 UTC,601,-93,273534110,1.2947222222222221
2014-05-01 00:00:00 UTC,601,-22,234052000,0.58861111111111108
2014-05-01 00:00:00 UTC,601,-23,234052000,2.4668055555555557
2014-05-01 00:00:00 UTC,601,-93,273413800,1.6227777777777779
2014-05-01 00:00:00 UTC,601,-91,273413800,1.1609722222222221
2014-05-01 00:00:00 UTC,601,-90,273413800,1.6020833333333333
2014-05-01 00:00:00 UTC,601,-94,273413800,0.21569444444444447
2014-05-01 00:00:00 UTC,601,-92,273413800,1.8852777777777776
2014-05-01 00:00:00 UTC,601,-36,211313600,0.64222222222222225
2014-05-01 00:00:00 UTC,601,-93,273523400,3.0784722222222221
2014-05-01 00:00:00 UTC,601,-91,273523400,2.08625
2014-05-01 00:00:00 UTC,601,-92,273523400,1.8744444444444441
2014-05-01 00:00:00 UTC,601,-96,273523400,0.65986111111111112
2014-05-01 00:00:00 UTC,601,-95,273523400,1.0973611111111112
2014-05-01 00:00:00 UTC,601,-94,273523400,2.8956944444444441
2014-05-01 00:00:00 UTC,601,-95,273529800,1.733611111111111
2014-05-01 00:00:00 UTC,601,-94,273529800,1.7290277777777774
2014-05-01 00:00:00 UTC,601,-97,273529800,1.1138888888888889
2014-05-01 00:00:00 UTC,601,-91,273529800,2.0540277777777773
2014-05-01 00:00:00 UTC,601,-96,273529800,1.5340277777777778
2014-05-01 00:00:00 UTC,601,-93,273529800,1.9651388888888888
2014-05-01 00:00:00 UTC,601,-92,273529800,1.7366666666666666
2014-05-01 00:00:00 UTC,601,-29,235004110,9.1063888888888886
2014-05-01 00:00:00 UTC,601,-28,235004110,3.743611111111111
2014-05-01 00:00:00 UTC,601,-91,251756000,3.1877777777777774
2014-05-01 00:00:00 UTC,601,-92,251756000,5.1612500000000008
2014-05-01 00:00:00 UTC,601,-93,251756000,0.50263888888888886
2014-05-01 00:00:00 UTC,601,-93,231116000,1.04875
2014-05-01 00:00:00 UTC,601,-90,231116000,0.52499999999999991
2014-05-01 00:00:00 UTC,601,-91,231116000,2.5768055555555556
2014-05-01 00:00:00 UTC,601,-92,231116000,4.1316666666666677
2014-05-01 00:00:00 UTC,601,-94,231116000,0.25097222222222221
2014-05-01 00:00:00 UTC,601,-93,231307000,1.3331944444444446
2014-05-01 00:00:00 UTC,601,-92,231307000,2.699583333333333
2014-05-01 00:00:00 UTC,601,-91,231307000,2.887083333333333
2014-05-01 00:00:00 UTC,601,-90,231307000,0.98916666666666675
2014-05-01 00:00:00 UTC,601,-94,231307000,1.604166666666667
2014-05-01 00:00:00 UTC,601,-95,231307000,2.83625
2014-05-01 00:00:00 UTC,601,-96,231307000,0.40055555555555555
2014-05-01 00:00:00 UTC,601,-90,231051000,2.9298611111111112
2014-05-01 00:00:00 UTC,601,-92,231051000,2.563194444444445
2014-05-01 00:00:00 UTC,601,-91,231051000,2.2929166666666667
2014-05-01 00:00:00 UTC,601,-93,231051000,1.1204166666666666
2014-05-01 00:00:00 UTC,-423,1555,431869000,2.9763888888888892
2014-05-01 00:00:00 UTC,-423,-626,701000528,2.9629166666666666
2014-05-01 00:00:00 UTC,-423,-574,440100000,4.5375000000000005
2014-05-01 00:00:00 UTC,-423,1541,431053000,7.684444444444444
2014-05-01 00:00:00 UTC,-423,1545,431053000,3.2002777777777776
2014-05-01 00:00:00 UTC,-423,1547,431053000,0.76263888888888887
2014-05-01 00:00:00 UTC,-167,41,432319000,1.4388888888888889
2014-05-01 00:00:00 UTC,-167,40,432319000,2.5166666666666666
2014-05-01 00:00:00 UTC,-167,-827,224881000,7.0669444444444451
2014-05-01 00:00:00 UTC,-167,-887,224313000,3.6026388888888885
2014-05-01 00:00:00 UTC,346,-70,242910000,3.7420833333333334
2014-05-01 00:00:00 UTC,346,1286,440144730,8.7690277777777776
2014-05-01 00:00:00 UTC,346,1287,440144730,0.48277777777777775
2014-05-01 00:00:00 UTC,346,1197,412365169,3.0491666666666668
2014-05-01 00:00:00 UTC,346,1349,431005303,2.1040277777777781
2014-05-01 00:00:00 UTC,346,324,209232000,1.6151388888888889
2014-05-01 00:00:00 UTC,346,1290,440153220,2.356527777777778
2014-05-01 00:00:00 UTC,346,1198,926014109,20.621805555555554
2014-05-01 00:00:00 UTC,346,1207,412365476,7.0883333333333329
2014-05-01 00:00:00 UTC,346,1206,412365476,0.34944444444444445
2014-05-01 00:00:00 UTC,346,1201,926211265,3.3038888888888889
2014-05-01 00:00:00 UTC,346,1210,412387017,6.0105555555555554
2014-05-01 00:00:00 UTC,346,1284,440150230,0.25194444444444447
2014-05-01 00:00:00 UTC,346,1285,440150230,9.3093055555555537
2014-05-01 00:00:00 UTC,346,1208,412365795,5.8070833333333329
2014-05-01 00:00:00 UTC,346,1207,412365795,3.5788888888888888
2014-05-01 00:00:00 UTC,346,1210,412365543,9.8477777777777771
2014-05-01 00:00:00 UTC,346,1197,926040046,0.97333333333333338
2014-05-01 00:00:00 UTC,346,1198,926040046,6.5854166666666663
2014-05-01 00:00:00 UTC,346,-309,224026870,2.6066666666666669
2014-05-01 00:00:00 UTC,346,-312,224026870,2.9913888888888889
2014-05-01 00:00:00 UTC,346,1198,412323067,2.2256944444444442
2014-05-01 00:00:00 UTC,602,-91,251072000,3.9626388888888893
2014-05-01 00:00:00 UTC,602,-92,251072000,1.0025
2014-05-01 00:00:00 UTC,602,-90,251072000,1.2020833333333334
2014-05-01 00:00:00 UTC,602,-92,211238930,4.90125
2014-05-01 00:00:00 UTC,602,-91,211238930,6.2972222222222216
2014-05-01 00:00:00 UTC,602,-90,211238930,0.65611111111111109
2014-05-01 00:00:00 UTC,602,-90,251391000,0.23652777777777778
2014-05-01 00:00:00 UTC,602,-92,251391000,1.5011111111111111
2014-05-01 00:00:00 UTC,602,-93,251391000,1.1476388888888889
2014-05-01 00:00:00 UTC,602,-91,251391000,4.9165277777777785
2014-05-01 00:00:00 UTC,602,-92,251401000,0.20319444444444446
2014-05-01 00:00:00 UTC,602,-91,251401000,3.6888888888888891
2014-05-01 00:00:00 UTC,602,-80,231049000,0.67680555555555555
2014-05-01 00:00:00 UTC,602,-92,251433000,0.42944444444444441
2014-05-01 00:00:00 UTC,602,-91,251433000,4.3356944444444441
2014-05-01 00:00:00 UTC,602,-91,231038000,1.6365277777777778
2014-05-01 00:00:00 UTC,602,-89,231038000,1.1133333333333333
2014-05-01 00:00:00 UTC,602,-90,231038000,1.9775
2014-05-01 00:00:00 UTC,602,-92,231038000,0.24458333333333332
2014-05-01 00:00:00 UTC,602,-92,258590000,0.45819444444444446
2014-05-01 00:00:00 UTC,602,-91,258590000,7.5115277777777765
2014-05-01 00:00:00 UTC,602,-90,258590000,0.71291666666666664
2014-05-01 00:00:00 UTC,602,-88,231091000,0.42694444444444446
2014-05-01 00:00:00 UTC,602,-92,251212110,0.65250000000000008
2014-05-01 00:00:00 UTC,602,-91,251212110,1.3604166666666666
2014-05-01 00:00:00 UTC,602,-91,251180110,2.248472222222222
2014-05-01 00:00:00 UTC,602,-92,251180110,2.7701388888888889
2014-05-01 00:00:00 UTC,602,-94,251180110,0.31333333333333335
2014-05-01 00:00:00 UTC,602,-91,273332560,5.4801388888888889
2014-05-01 00:00:00 UTC,602,-93,273332560,0.71819444444444447
2014-05-01 00:00:00 UTC,602,-92,219019093,0.66666666666666674
2014-05-01 00:00:00 UTC,602,-90,219019093,0.22986111111111113
2014-05-01 00:00:00 UTC,602,-91,219019093,4.7834722222222226
2014-05-01 00:00:00 UTC,602,-92,251463000,0.20027777777777778
2014-05-01 00:00:00 UTC,602,-91,251463000,3.0465277777777779
2014-05-01 00:00:00 UTC,602,-90,251463000,1.6248611111111113
2014-05-01 00:00:00 UTC,602,-92,258086000,0.42680555555555555
2014-05-01 00:00:00 UTC,602,-91,258086000,1.1051388888888889
2014-05-01 00:00:00 UTC,602,-91,231078000,0.43611111111111112
2014-05-01 00:00:00 UTC,602,-90,251451000,3.135555555555555
2014-05-01 00:00:00 UTC,602,-91,251451000,4.0438888888888886
2014-05-01 00:00:00 UTC,602,-92,251451000,0.50625
2014-05-01 00:00:00 UTC,602,-37,211285880,0.32777777777777778
2014-05-01 00:00:00 UTC,602,-92,251439000,1.7470833333333335
2014-05-01 00:00:00 UTC,602,-91,251439000,1.842916666666667
2014-05-01 00:00:00 UTC,602,-93,251439000,2.4618055555555558
2014-05-01 00:00:00 UTC,602,-90,273534110,2.3947222222222218
2014-05-01 00:00:00 UTC,602,-92,273534110,1.0808333333333333
2014-05-01 00:00:00 UTC,602,-91,273534110,3.123333333333334
2014-05-01 00:00:00 UTC,602,-23,234052000,2.765138888888889
2014-05-01 00:00:00 UTC,602,-22,234052000,1.2019444444444445
2014-05-01 00:00:00 UTC,602,-91,273413800,1.4377777777777776
2014-05-01 00:00:00 UTC,602,-90,273413800,0.76527777777777772
2014-05-01 00:00:00 UTC,602,-92,273413800,1.6245833333333333
2014-05-01 00:00:00 UTC,602,-79,273435580,0.91402777777777777
2014-05-01 00:00:00 UTC,602,-81,273435580,8.3936111111111114
2014-05-01 00:00:00 UTC,602,-91,273523400,0.96513888888888877
2014-05-01 00:00:00 UTC,602,-90,273523400,3.652916666666667
2014-05-01 00:00:00 UTC,602,-89,273523400,2.3509722222222225
2014-05-01 00:00:00 UTC,602,-28,235004110,1.8022222222222222
2014-05-01 00:00:00 UTC,602,-91,251756000,4.3813888888888872
2014-05-01 00:00:00 UTC,602,-92,251756000,5.3376388888888879
2014-05-01 00:00:00 UTC,602,-93,251756000,1.5393055555555555
2014-05-01 00:00:00 UTC,602,-92,231116000,1.1084722222222223
2014-05-01 00:00:00 UTC,602,-91,231116000,7.9730555555555558
2014-05-01 00:00:00 UTC,602,-91,231307000,4.3854166666666661
2014-05-01 00:00:00 UTC,602,-92,231307000,0.63874999999999993
2014-05-01 00:00:00 UTC,602,-90,231307000,0.8965277777777777
2014-05-01 00:00:00 UTC,602,-93,231051000,1.3177777777777779
2014-05-01 00:00:00 UTC,602,-92,231051000,1.115
2014-05-01 00:00:00 UTC,602,-90,231051000,0.6575
2014-05-01 00:00:00 UTC,602,-91,231051000,3.7570833333333327
2014-05-01 00:00:00 UTC,-422,-581,210000187,18.890138888888888
2014-05-01 00:00:00 UTC,-422,-581,412420418,11.735694444444444
2014-05-01 00:00:00 UTC,-422,-572,440100000,2.2613888888888889
2014-05-01 00:00:00 UTC,-422,-576,440100000,1.7513888888888887
2014-05-01 00:00:00 UTC,-422,-581,412420341,21.03402777777778
2014-05-01 00:00:00 UTC,-166,36,431925000,2.3291666666666666
2014-05-01 00:00:00 UTC,-166,-860,735059233,2.0451388888888893
2014-05-01 00:00:00 UTC,-166,117,312189000,12.641666666666667
2014-05-01 00:00:00 UTC,-166,-884,224313000,2.0348611111111112
2014-05-01 00:00:00 UTC,-166,38,432045000,3.7279166666666663
2014-05-01 00:00:00 UTC,347,1197,926211089,5.8795833333333345
2014-05-01 00:00:00 UTC,347,1196,926219026,4.7588888888888894
2014-05-01 00:00:00 UTC,347,1195,412369185,0.2747222222222222
2014-05-01 00:00:00 UTC,347,1197,412369191,1.8059722222222223
2014-05-01 00:00:00 UTC,347,1202,412325673,0.33319444444444446
2014-05-01 00:00:00 UTC,347,1197,926211146,3.6526388888888888
2014-05-01 00:00:00 UTC,347,1196,926014036,0.21347222222222223
2014-05-01 00:00:00 UTC,347,1195,926014036,0.62430555555555556
2014-05-01 00:00:00 UTC,347,1204,412364147,9.2579166666666666
2014-05-01 00:00:00 UTC,347,323,209232000,3.7525
2014-05-01 00:00:00 UTC,347,1283,440103810,13.502916666666666
2014-05-01 00:00:00 UTC,347,1282,440103810,1.6093055555555558
2014-05-01 00:00:00 UTC,347,1198,412365193,6.7259722222222225
2014-05-01 00:00:00 UTC,347,1291,440155020,4.9345833333333333
2014-05-01 00:00:00 UTC,347,1198,9022114,3.66125
2014-05-01 00:00:00 UTC,347,1200,926202019,1.9858333333333333
2014-05-01 00:00:00 UTC,347,1201,926202019,4.3290277777777781
2014-05-01 00:00:00 UTC,347,1202,926202019,16.31013888888889
2014-05-01 00:00:00 UTC,347,1206,412365476,6.4743055555555564
2014-05-01 00:00:00 UTC,347,1207,412365476,1.4676388888888892
2014-05-01 00:00:00 UTC,347,1205,412365476,8.8156944444444445
2014-05-01 00:00:00 UTC,347,1200,412364207,2.4365277777777781
2014-05-01 00:00:00 UTC,347,1201,412364207,6.141111111111111
2014-05-01 00:00:00 UTC,347,1201,412365489,3.6769444444444441
2014-05-01 00:00:00 UTC,347,1200,412365489,5.600138888888889
2014-05-01 00:00:00 UTC,347,1199,412365489,1.1158333333333332
2014-05-01 00:00:00 UTC,347,1198,412364743,14.139722222222222
2014-05-01 00:00:00 UTC,347,1197,412364743,9.9295833333333334
2014-05-01 00:00:00 UTC,347,1210,412387017,2.0133333333333336
2014-05-01 00:00:00 UTC,347,1211,412387017,0.305
2014-05-01 00:00:00 UTC,347,1210,412364758,10.81375
2014-05-01 00:00:00 UTC,347,1198,412365279,3.7609722222222226
2014-05-01 00:00:00 UTC,347,1209,412365795,0.32638888888888884
2014-05-01 00:00:00 UTC,347,1208,412365795,0.24208333333333332
2014-05-01 00:00:00 UTC,347,1386,431713000,0.3288888888888889
2014-05-01 00:00:00 UTC,347,-69,242977000,3.2656944444444442
2014-05-01 00:00:00 UTC,347,1199,926003704,11.874027777777778
2014-05-01 00:00:00 UTC,347,1198,412323067,1.1079166666666667
2014-05-01 00:00:00 UTC,603,-92,251072000,0.29541666666666666
2014-05-01 00:00:00 UTC,603,-93,251072000,0.23319444444444445
2014-05-01 00:00:00 UTC,603,-90,251072000,0.8815277777777778
2014-05-01 00:00:00 UTC,603,-93,251391000,0.51027777777777783
2014-05-01 00:00:00 UTC,603,-92,251391000,0.23347222222222222
2014-05-01 00:00:00 UTC,603,-91,251401000,0.68166666666666664
2014-05-01 00:00:00 UTC,603,-80,231049000,1.1683333333333332
2014-05-01 00:00:00 UTC,603,-79,231049000,11.988888888888891
2014-05-01 00:00:00 UTC,603,-90,231038000,0.24972222222222223
2014-05-01 00:00:00 UTC,603,-94,251180110,0.21791666666666668
2014-05-01 00:00:00 UTC,603,-95,251180110,0.22819444444444445
2014-05-01 00:00:00 UTC,603,-91,273332560,1.9648611111111112
2014-05-01 00:00:00 UTC,603,-89,251463000,1.9395833333333334
2014-05-01 00:00:00 UTC,603,-87,251463000,0.21875
2014-05-01 00:00:00 UTC,603,-90,251463000,1.4847222222222223
2014-05-01 00:00:00 UTC,603,-88,251463000,1.7493055555555557
2014-05-01 00:00:00 UTC,603,-35,211285880,3.5238888888888891
2014-05-01 00:00:00 UTC,603,-37,211285880,0.34569444444444442
2014-05-01 00:00:00 UTC,603,-36,211285880,3.681111111111111
2014-05-01 00:00:00 UTC,603,-34,211285880,0.80152777777777773
2014-05-01 00:00:00 UTC,603,-91,251439000,0.76944444444444438
2014-05-01 00:00:00 UTC,603,-78,273435580,1.0602777777777777
2014-05-01 00:00:00 UTC,603,-79,273435580,1.4379166666666667
2014-05-01 00:00:00 UTC,603,-75,273435580,3.796388888888889
2014-05-01 00:00:00 UTC,603,-80,273435580,11.014027777777779
2014-05-01 00:00:00 UTC,603,-81,273435580,0.45472222222222225
2014-05-01 00:00:00 UTC,603,-91,231116000,0.87638888888888888
2014-05-01 00:00:00 UTC,603,-35,227489000,0.55277777777777781
2014-05-01 00:00:00 UTC,603,-91,231307000,0.47361111111111109
2014-05-01 00:00:00 UTC,-421,-580,412420611,14.611250000000002
2014-05-01 00:00:00 UTC,-421,-580,412331034,4.5611111111111118
2014-05-01 00:00:00 UTC,-421,-580,412420382,6.6395833333333334
2014-05-01 00:00:00 UTC,-421,-580,412328765,5.6333333333333329
2014-05-01 00:00:00 UTC,-421,1744,512300107,4.4461111111111107
2014-05-01 00:00:00 UTC,-421,1746,512300107,3.9170833333333333
2014-05-01 00:00:00 UTC,-421,-570,440100000,2.2501388888888889
2014-05-01 00:00:00 UTC,-421,-569,440100000,6.1056944444444445
2014-05-01 00:00:00 UTC,-421,-577,440100000,0.775
2014-05-01 00:00:00 UTC,-421,-580,412329632,9.666249999999998
2014-05-01 00:00:00 UTC,-421,-579,412329632,3.0731944444444448
2014-05-01 00:00:00 UTC,-421,-580,412329633,7.0247222222222225
2014-05-01 00:00:00 UTC,-421,1539,431053000,5.1863888888888887
2014-05-01 00:00:00 UTC,-421,-579,312055000,5.6818055555555551
2014-05-01 00:00:00 UTC,-421,-580,312055000,6.1555555555555559
2014-05-01 00:00:00 UTC,-421,-580,412326879,5.6306944444444449
2014-05-01 00:00:00 UTC,-421,-581,412326879,4.5304166666666665
2014-05-01 00:00:00 UTC,-421,-580,412329463,8.8972222222222221
2014-05-01 00:00:00 UTC,-165,41,432319000,2.1294444444444443
2014-05-01 00:00:00 UTC,-165,-802,412439582,7.4076388888888891
2014-05-01 00:00:00 UTC,-165,-860,735059233,3.4840277777777775
2014-05-01 00:00:00 UTC,-165,-801,412420243,4.1605555555555558
2014-05-01 00:00:00 UTC,-165,-884,224313000,1.6223611111111111
2014-05-01 00:00:00 UTC,-165,-886,224313000,1.2140277777777779
2014-05-01 00:00:00 UTC,-165,38,432045000,1.3031944444444443
2014-05-01 00:00:00 UTC,348,1194,920101122,0.23180555555555554
2014-05-01 00:00:00 UTC,348,1196,412323078,0.52652777777777771
2014-05-01 00:00:00 UTC,348,1196,412323079,0.27597222222222223
2014-05-01 00:00:00 UTC,348,1193,412456968,7.23402777777778
2014-05-01 00:00:00 UTC,348,1281,440155150,12.38875
2014-05-01 00:00:00 UTC,348,1196,412323088,0.35166666666666668
2014-05-01 00:00:00 UTC,348,1195,818000401,1.7847222222222223
2014-05-01 00:00:00 UTC,348,1196,926219026,2.3001388888888892
2014-05-01 00:00:00 UTC,348,1194,926003480,11.715416666666668
2014-05-01 00:00:00 UTC,348,1198,412369179,1.1668055555555557
2014-05-01 00:00:00 UTC,348,1197,412369179,4.3184722222222218
2014-05-01 00:00:00 UTC,348,1196,412369179,2.027222222222222
2014-05-01 00:00:00 UTC,348,1292,440132640,1.5933333333333333
2014-05-01 00:00:00 UTC,348,1195,412369185,5.9058333333333355
2014-05-01 00:00:00 UTC,348,1197,412369191,2.8794444444444443
2014-05-01 00:00:00 UTC,348,1292,440132650,0.4465277777777778
2014-05-01 00:00:00 UTC,348,1194,412365613,1.5716666666666663
2014-05-01 00:00:00 UTC,348,1193,412365613,2.4248611111111114
2014-05-01 00:00:00 UTC,348,1195,926218034,7.6454166666666676
2014-05-01 00:00:00 UTC,348,1196,412327483,0.88708333333333333
2014-05-01 00:00:00 UTC,348,1292,440132670,0.50277777777777777
2014-05-01 00:00:00 UTC,348,1197,412323137,0.6711111111111111
2014-05-01 00:00:00 UTC,348,1196,412323137,0.26236111111111116
2014-05-01 00:00:00 UTC,348,1196,412323151,0.83625
2014-05-01 00:00:00 UTC,348,1197,412323151,0.29430555555555554
2014-05-01 00:00:00 UTC,348,1192,412313168,9.3293055555555533
2014-05-01 00:00:00 UTC,348,1191,412313168,6.9061111111111115
2014-05-01 00:00:00 UTC,348,1196,412323152,2.4676388888888892
2014-05-01 00:00:00 UTC,348,1196,412323153,1.2656944444444447
2014-05-01 00:00:00 UTC,348,1197,412323154,1.2338888888888888
2014-05-01 00:00:00 UTC,348,1292,440117330,0.44680555555555557
2014-05-01 00:00:00 UTC,348,1291,440117330,1.5665277777777777
2014-05-01 00:00:00 UTC,348,1197,412323156,1.9943055555555556
2014-05-01 00:00:00 UTC,348,1195,926014036,3.1033333333333335
2014-05-01 00:00:00 UTC,348,1198,412323157,1.1988888888888889
2014-05-01 00:00:00 UTC,348,1196,412322647,1.5518055555555554
2014-05-01 00:00:00 UTC,348,1197,412323159,0.33180555555555558
2014-05-01 00:00:00 UTC,348,1196,412328538,0.68569444444444438
2014-05-01 00:00:00 UTC,348,1196,412323166,0.29097222222222224
2014-05-01 00:00:00 UTC,348,1197,412323166,1.3531944444444446
2014-05-01 00:00:00 UTC,348,1196,412323167,0.32791666666666663
2014-05-01 00:00:00 UTC,348,1197,412323167,0.86888888888888882
2014-05-01 00:00:00 UTC,348,1196,412364651,1.069722222222222
2014-05-01 00:00:00 UTC,348,1194,412364651,1.6036111111111109
2014-05-01 00:00:00 UTC,348,1195,412364651,8.1531944444444431
2014-05-01 00:00:00 UTC,348,1204,412364147,15.910833333333333
2014-05-01 00:00:00 UTC,348,1203,412364147,5.3454166666666669
2014-05-01 00:00:00 UTC,348,323,209232000,1.2893055555555557
2014-05-01 00:00:00 UTC,348,1197,412364433,9.642083333333332
2014-05-01 00:00:00 UTC,348,1195,926312339,0.2747222222222222
2014-05-01 00:00:00 UTC,348,1196,926312339,3.2663888888888888
2014-05-01 00:00:00 UTC,348,1195,926202003,0.21791666666666665
2014-05-01 00:00:00 UTC,348,1196,9022114,0.26222222222222225
2014-05-01 00:00:00 UTC,348,1197,9022114,0.87361111111111112
2014-05-01 00:00:00 UTC,348,1194,9021358,0.23541666666666666
2014-05-01 00:00:00 UTC,348,1195,9021358,3.1966666666666663
2014-05-01 00:00:00 UTC,348,1195,926003143,3.4868055555555557
2014-05-01 00:00:00 UTC,348,1196,926003143,10.337222222222223
2014-05-01 00:00:00 UTC,348,1194,412387020,0.57777777777777772
2014-05-01 00:00:00 UTC,348,1195,412387020,2.3816666666666673
2014-05-01 00:00:00 UTC,348,1196,412387020,1.7412500000000002
2014-05-01 00:00:00 UTC,348,1195,9020620,14.794861111111112
2014-05-01 00:00:00 UTC,348,1193,926012630,21.557916666666667
2014-05-01 00:00:00 UTC,348,1194,926012630,1.8730555555555555
2014-05-01 00:00:00 UTC,348,1195,926012630,0.63319444444444439
2014-05-01 00:00:00 UTC,348,1291,440117220,1.9893055555555557
2014-05-01 00:00:00 UTC,348,1292,440117220,0.69625
2014-05-01 00:00:00 UTC,348,1383,431713000,0.5723611111111111
2014-05-01 00:00:00 UTC,348,-69,242977000,6.5397222222222222
2014-05-01 00:00:00 UTC,348,1194,412313325,1.8783333333333336
2014-05-01 00:00:00 UTC,348,1195,412313325,0.58361111111111108
2014-05-01 00:00:00 UTC,348,1193,412313325,12.947361111111109
2014-05-01 00:00:00 UTC,348,-306,224026870,7.634722222222222
2014-05-01 00:00:00 UTC,348,-307,224026870,3.5387500000000003
2014-05-01 00:00:00 UTC,348,1288,440122870,5.7588888888888885
2014-05-01 00:00:00 UTC,348,1289,440122870,1.6806944444444443
2014-05-01 00:00:00 UTC,604,-6,232006940,0.93638888888888894
2014-05-01 00:00:00 UTC,604,-98,231145000,0.66180555555555554
2014-05-01 00:00:00 UTC,604,-95,251180110,0.2615277777777778
2014-05-01 00:00:00 UTC,604,-87,251463000,0.48291666666666672
2014-05-01 00:00:00 UTC,604,-10,234340000,4.9477777777777776
2014-05-01 00:00:00 UTC,604,-9,234340000,1.6640277777777777
2014-05-01 00:00:00 UTC,604,-34,227489000,0.58625
2014-05-01 00:00:00 UTC,-420,-608,701006083,3.8301388888888885
2014-05-01 00:00:00 UTC,-420,-578,412331034,3.8668055555555556
2014-05-01 00:00:00 UTC,-420,-580,412331034,4.2098611111111115
2014-05-01 00:00:00 UTC,-420,-579,412331034,4.6688888888888886
2014-05-01 00:00:00 UTC,-420,-580,412331036,2.2415277777777778
2014-05-01 00:00:00 UTC,-420,-578,412331036,1.5487499999999998
2014-05-01 00:00:00 UTC,-420,-579,412331036,7.314861111111111
2014-05-01 00:00:00 UTC,-420,-579,412331037,4.6252777777777769
2014-05-01 00:00:00 UTC,-420,-580,412331037,3.0124999999999997
2014-05-01 00:00:00 UTC,-420,-580,412420382,2.8673611111111112
2014-05-01 00:00:00 UTC,-420,-579,412420382,3.8523611111111107
2014-05-01 00:00:00 UTC,-420,-578,412420383,3.8568055555555554
2014-05-01 00:00:00 UTC,-420,-579,412420383,10.183611111111112
2014-05-01 00:00:00 UTC,-420,-579,412420384,3.9020833333333331
2014-05-01 00:00:00 UTC,-420,-580,412420384,7.0488888888888894
2014-05-01 00:00:00 UTC,-420,-603,701097000,1.5222222222222221
2014-05-01 00:00:00 UTC,-420,-580,412439599,5.3379166666666666
2014-05-01 00:00:00 UTC,-420,-579,412439599,6.2376388888888892
2014-05-01 00:00:00 UTC,-420,-579,412328765,4.5306944444444444
2014-05-01 00:00:00 UTC,-420,-580,412328765,1.5569444444444445
2014-05-01 00:00:00 UTC,-420,-579,515303000,9.63166666666667
2014-05-01 00:00:00 UTC,-420,-580,412301150,2.5083333333333333
2014-05-01 00:00:00 UTC,-420,-579,412301150,2.9594444444444443
2014-05-01 00:00:00 UTC,-420,1749,512002681,2.6373611111111113
2014-05-01 00:00:00 UTC,-420,-576,440100000,2.4602777777777778
2014-05-01 00:00:00 UTC,-420,-580,412329633,12.195
2014-05-01 00:00:00 UTC,-420,1541,431053000,3.03625
2014-05-01 00:00:00 UTC,-420,-602,701000649,5.28888888888889
2014-05-01 00:00:00 UTC,-420,-575,441666000,10.649583333333332
2014-05-01 00:00:00 UTC,-420,-579,412329462,3.0618055555555559
2014-05-01 00:00:00 UTC,-420,-580,412329462,8.9004166666666649
2014-05-01 00:00:00 UTC,-420,-579,412329463,5.344444444444445
2014-05-01 00:00:00 UTC,-164,41,432319000,0.76083333333333325
2014-05-01 00:00:00 UTC,-164,-801,412439582,3.3198611111111114
2014-05-01 00:00:00 UTC,-164,-800,412420246,10.894861111111112
2014-05-01 00:00:00 UTC,-164,-885,224313000,0.800138888888889
2014-05-01 00:00:00 UTC,-164,-800,412420806,4.17375
2014-05-01 00:00:00 UTC,-164,-801,412420806,8.3669444444444458
2014-05-01 00:00:00 UTC,-164,38,432045000,1.6594444444444445
2014-05-01 00:00:00 UTC,349,1198,412323078,3.7726388888888884
2014-05-01 00:00:00 UTC,349,1196,412323078,7.9770833333333329
2014-05-01 00:00:00 UTC,349,1195,412323078,0.63291666666666657
2014-05-01 00:00:00 UTC,349,1197,412323078,6.6820833333333338
2014-05-01 00:00:00 UTC,349,1198,412323079,1.403888888888889
2014-05-01 00:00:00 UTC,349,1197,412323079,8.6904166666666658
2014-05-01 00:00:00 UTC,349,1196,412323079,8.4705555555555563
2014-05-01 00:00:00 UTC,349,1195,412323079,0.67694444444444446
2014-05-01 00:00:00 UTC,349,1204,800007689,7.2601388888888891
2014-05-01 00:00:00 UTC,349,1196,412323081,2.3491666666666662
2014-05-01 00:00:00 UTC,349,1197,412323081,2.6766666666666672
2014-05-01 00:00:00 UTC,349,1198,412323081,1.0840277777777778
2014-05-01 00:00:00 UTC,349,1195,412323081,2.0441666666666669
2014-05-01 00:00:00 UTC,349,1197,412323082,7.254999999999999
2014-05-01 00:00:00 UTC,349,1196,412323082,3.42875
2014-05-01 00:00:00 UTC,349,1198,412323082,1.1240277777777776
2014-05-01 00:00:00 UTC,349,1195,412323082,0.76763888888888887
2014-05-01 00:00:00 UTC,349,1192,926003469,0.25125
2014-05-01 00:00:00 UTC,349,1196,412323088,4.8384722222222223
2014-05-01 00:00:00 UTC,349,1197,412323088,7.5725
2014-05-01 00:00:00 UTC,349,1195,412328212,1.5509722222222222
2014-05-01 00:00:00 UTC,349,1196,412328212,7.2927777777777782
2014-05-01 00:00:00 UTC,349,1198,412328212,0.9375
2014-05-01 00:00:00 UTC,349,1197,412328212,1.8580555555555553
2014-05-01 00:00:00 UTC,349,1195,412323093,0.52111111111111108
2014-05-01 00:00:00 UTC,349,1197,412323093,3.63375
2014-05-01 00:00:00 UTC,349,1196,412323093,4.4988888888888887
2014-05-01 00:00:00 UTC,349,1198,412323093,3.6644444444444444
2014-05-01 00:00:00 UTC,349,1196,412328213,6.4219444444444447
2014-05-01 00:00:00 UTC,349,1198,412328213,0.66319444444444442
2014-05-01 00:00:00 UTC,349,1195,412328213,1.6452777777777776
2014-05-01 00:00:00 UTC,349,1197,412328213,1.6666666666666665
2014-05-01 00:00:00 UTC,349,1198,412323094,3.0534722222222221
2014-05-01 00:00:00 UTC,349,1196,412323094,2.8995833333333332
2014-05-01 00:00:00 UTC,349,1197,412323094,6.379027777777778
2014-05-01 00:00:00 UTC,349,1195,412323094,0.86916666666666675
2014-05-01 00:00:00 UTC,349,1195,412323095,4.7877777777777775
2014-05-01 00:00:00 UTC,349,1197,412323095,4.8802777777777777
2014-05-01 00:00:00 UTC,349,1196,412323095,7.5244444444444447
2014-05-01 00:00:00 UTC,349,1197,412323097,1.52
2014-05-01 00:00:00 UTC,349,1195,412323097,0.33736111111111111
2014-05-01 00:00:00 UTC,349,1196,412323097,8.5377777777777766
2014-05-01 00:00:00 UTC,349,1197,412323098,1.4729166666666667
2014-05-01 00:00:00 UTC,349,1195,412323098,0.48569444444444448
2014-05-01 00:00:00 UTC,349,1196,412323098,11.796666666666665
2014-05-01 00:00:00 UTC,349,1195,412327458,0.68111111111111111
2014-05-01 00:00:00 UTC,349,1196,412327458,2.5311111111111111
2014-05-01 00:00:00 UTC,349,1197,412327458,5.5240277777777775
2014-05-01 00:00:00 UTC,349,1304,440106280,1.1319444444444446
2014-05-01 00:00:00 UTC,349,1300,440106280,2.8758333333333335
2014-05-01 00:00:00 UTC,349,1301,440106280,1.4591666666666667
2014-05-01 00:00:00 UTC,349,1305,440106280,6.1815277777777782
2014-05-01 00:00:00 UTC,349,1196,412322601,2.9533333333333331
2014-05-01 00:00:00 UTC,349,1197,412322601,5.1340277777777779
2014-05-01 00:00:00 UTC,349,1196,412322865,5.7823611111111113
2014-05-01 00:00:00 UTC,349,1197,412322865,9.5968055555555551
2014-05-01 00:00:00 UTC,349,1195,997752626,7.1975000000000016
2014-05-01 00:00:00 UTC,349,1194,997752626,0.54208333333333336
2014-05-01 00:00:00 UTC,349,1198,412328249,1.431111111111111
2014-05-01 00:00:00 UTC,349,1197,412328249,3.0351388888888895
2014-05-01 00:00:00 UTC,349,1195,412328249,1.0972222222222223
2014-05-01 00:00:00 UTC,349,1196,412328249,6.452916666666666
2014-05-01 00:00:00 UTC,349,1197,412327483,7.7644444444444449
2014-05-01 00:00:00 UTC,349,1196,412327483,3.2338888888888886
2014-05-01 00:00:00 UTC,349,1196,412328251,5.5306944444444452
2014-05-01 00:00:00 UTC,349,1198,412328251,1.046388888888889
2014-05-01 00:00:00 UTC,349,1195,412328251,1.7444444444444445
2014-05-01 00:00:00 UTC,349,1197,412328251,4.5459722222222227
2014-05-01 00:00:00 UTC,349,1197,412323134,2.3956944444444446
2014-05-01 00:00:00 UTC,349,1196,412323134,4.80625
2014-05-01 00:00:00 UTC,349,1197,412323135,1.56375
2014-05-01 00:00:00 UTC,349,1196,412323135,1.6902777777777778
2014-05-01 00:00:00 UTC,349,1195,412323135,0.72236111111111112
2014-05-01 00:00:00 UTC,349,1197,412328256,0.23583333333333334
2014-05-01 00:00:00 UTC,349,1197,412323137,7.083333333333333
2014-05-01 00:00:00 UTC,349,1195,412323137,0.59263888888888894
2014-05-01 00:00:00 UTC,349,1196,412323137,3.756388888888889
2014-05-01 00:00:00 UTC,349,1197,412328257,0.51222222222222225
2014-05-01 00:00:00 UTC,349,1196,412323139,0.29444444444444445
2014-05-01 00:00:00 UTC,349,1196,412323144,1.9191666666666667
2014-05-01 00:00:00 UTC,349,1195,412323144,0.46569444444444441
2014-05-01 00:00:00 UTC,349,1197,412323144,1.7615277777777778
2014-05-01 00:00:00 UTC,349,1196,412323145,2.0826388888888889
2014-05-01 00:00:00 UTC,349,1197,412323145,1.3166666666666667
2014-05-01 00:00:00 UTC,349,1195,412328266,0.38569444444444445
2014-05-01 00:00:00 UTC,349,1196,412328523,1.3170833333333332
2014-05-01 00:00:00 UTC,349,1198,412328523,0.3273611111111111
2014-05-01 00:00:00 UTC,349,1195,412328523,0.14902777777777779
2014-05-01 00:00:00 UTC,349,1197,412328523,4.6000000000000014
2014-05-01 00:00:00 UTC,349,1195,412328269,0.12319444444444444
2014-05-01 00:00:00 UTC,349,1198,412323151,2.2380555555555555
2014-05-01 00:00:00 UTC,349,1197,412323151,11.049444444444443
2014-05-01 00:00:00 UTC,349,1196,412323151,6.1295833333333327
2014-05-01 00:00:00 UTC,349,1192,412313168,4.8404166666666661
2014-05-01 00:00:00 UTC,349,1196,412323152,15.735138888888889
2014-05-01 00:00:00 UTC,349,1197,412323152,2.40875
2014-05-01 00:00:00 UTC,349,1196,412323153,7.4145833333333329
2014-05-01 00:00:00 UTC,349,1197,412323153,11.276944444444444
2014-05-01 00:00:00 UTC,349,1195,412323153,0.22263888888888889
2014-05-01 00:00:00 UTC,349,1195,412323154,0.22847222222222222
2014-05-01 00:00:00 UTC,349,1198,412323154,1.7869444444444444
2014-05-01 00:00:00 UTC,349,1196,412323154,8.5069444444444446
2014-05-01 00:00:00 UTC,349,1197,412323154,9.1998611111111117
2014-05-01 00:00:00 UTC,349,1292,440117330,1.1379166666666667
2014-05-01 00:00:00 UTC,349,1195,412327507,6.7750000000000012
2014-05-01 00:00:00 UTC,349,1194,412327507,3.7094444444444452
2014-05-01 00:00:00 UTC,349,1196,412327507,12.718472222222223
2014-05-01 00:00:00 UTC,349,1197,412327507,0.77847222222222223
2014-05-01 00:00:00 UTC,349,1197,412323156,5.7101388888888884
2014-05-01 00:00:00 UTC,349,1195,412323156,0.29569444444444443
2014-05-01 00:00:00 UTC,349,1196,412323156,8.7019444444444431
2014-05-01 00:00:00 UTC,349,1198,412323156,0.77680555555555553
2014-05-01 00:00:00 UTC,349,1196,412323157,10.864027777777777
2014-05-01 00:00:00 UTC,349,1197,412323157,7.6134722222222226
2014-05-01 00:00:00 UTC,349,1197,412322647,6.1972222222222229
2014-05-01 00:00:00 UTC,349,1196,412322647,3.3152777777777773
2014-05-01 00:00:00 UTC,349,1197,412323159,6.9651388888888892
2014-05-01 00:00:00 UTC,349,1196,412323159,6.60875
2014-05-01 00:00:00 UTC,349,1195,412323159,0.46083333333333337
2014-05-01 00:00:00 UTC,349,1195,412327512,0.96944444444444444
2014-05-01 00:00:00 UTC,349,1197,412327512,1.596111111111111
2014-05-01 00:00:00 UTC,349,1196,412327512,11.185
2014-05-01 00:00:00 UTC,349,1195,412323161,0.27833333333333332
2014-05-01 00:00:00 UTC,349,1196,412323161,8.49875
2014-05-01 00:00:00 UTC,349,1197,412323161,2.9080555555555554
2014-05-01 00:00:00 UTC,349,1195,412327513,4.2456944444444442
2014-05-01 00:00:00 UTC,349,1196,412327513,4.6886111111111113
2014-05-01 00:00:00 UTC,349,1197,412327513,1.6094444444444445
2014-05-01 00:00:00 UTC,349,1197,412328538,8.0170833333333338
2014-05-01 00:00:00 UTC,349,1196,412328538,4.5927777777777772
2014-05-01 00:00:00 UTC,349,1198,412323164,1.9515277777777778
2014-05-01 00:00:00 UTC,349,1197,412323164,4.1933333333333334
2014-05-01 00:00:00 UTC,349,1196,412323164,19.493472222222227
2014-05-01 00:00:00 UTC,349,1290,440151390,11.093055555555557
2014-05-01 00:00:00 UTC,349,1197,412323166,10.537361111111109
2014-05-01 00:00:00 UTC,349,1196,412323166,9.573888888888888
2014-05-01 00:00:00 UTC,349,1195,412323166,1.3072222222222223
2014-05-01 00:00:00 UTC,349,1198,412323166,0.9754166666666666
2014-05-01 00:00:00 UTC,349,1196,412328542,10.839027777777781
2014-05-01 00:00:00 UTC,349,1197,412328542,7.3109722222222224
2014-05-01 00:00:00 UTC,349,1198,412323167,1.2913888888888887
2014-05-01 00:00:00 UTC,349,1196,412323167,9.1520833333333353
2014-05-01 00:00:00 UTC,349,1197,412323167,10.928055555555559
2014-05-01 00:00:00 UTC,349,1195,412323167,1.1724999999999999
2014-05-01 00:00:00 UTC,349,-70,242929000,4.6572222222222219
2014-05-01 00:00:00 UTC,349,1196,412364651,7.04625
2014-05-01 00:00:00 UTC,349,1197,412364651,2.2658333333333331
2014-05-01 00:00:00 UTC,349,1195,412364651,1.6968055555555557
2014-05-01 00:00:00 UTC,349,1290,440151660,0.63416666666666677
2014-05-01 00:00:00 UTC,349,1194,412321909,5.0024999999999995
2014-05-01 00:00:00 UTC,349,1193,412321909,1.432638888888889
2014-05-01 00:00:00 UTC,349,1198,412323193,1.4329166666666668
2014-05-01 00:00:00 UTC,349,1197,412323193,15.35611111111111
2014-05-01 00:00:00 UTC,349,1196,412323193,3.8291666666666666
2014-05-01 00:00:00 UTC,349,1196,412323194,6.9081944444444447
2014-05-01 00:00:00 UTC,349,1197,412323194,14.205833333333334
2014-05-01 00:00:00 UTC,349,1196,412322692,21.958194444444448
2014-05-01 00:00:00 UTC,349,1198,810080136,9.5630555555555539
2014-05-01 00:00:00 UTC,349,1197,810080136,8.75236111111111
2014-05-01 00:00:00 UTC,349,1196,810080136,4.4730555555555549
2014-05-01 00:00:00 UTC,349,1197,412327313,7.477222222222224
2014-05-01 00:00:00 UTC,349,1196,412327313,5.9955555555555566
2014-05-01 00:00:00 UTC,349,1195,412327313,0.23694444444444446
2014-05-01 00:00:00 UTC,349,1198,412327313,0.27513888888888893
2014-05-01 00:00:00 UTC,349,1198,926202003,0.42277777777777781
2014-05-01 00:00:00 UTC,349,1195,926202003,5.9372222222222222
2014-05-01 00:00:00 UTC,349,1197,926202003,5.00138888888889
2014-05-01 00:00:00 UTC,349,1196,926202003,3.0355555555555553
2014-05-01 00:00:00 UTC,349,1192,926013082,10.325416666666667
2014-05-01 00:00:00 UTC,349,1196,412322724,0.39430555555555552
2014-05-01 00:00:00 UTC,349,1195,412322724,2.7280555555555552
2014-05-01 00:00:00 UTC,349,1193,818000043,2.1269444444444443
2014-05-01 00:00:00 UTC,349,1194,818000043,5.2851388888888877
2014-05-01 00:00:00 UTC,349,1197,818000301,4.2484722222222215
2014-05-01 00:00:00 UTC,349,1196,818000301,13.373611111111112
2014-05-01 00:00:00 UTC,349,1196,9021358,4.1519444444444442
2014-05-01 00:00:00 UTC,349,1192,412365489,2.3243055555555556
2014-05-01 00:00:00 UTC,349,1291,440153270,1.9105555555555553
2014-05-01 00:00:00 UTC,349,1290,440153270,0.25875000000000004
2014-05-01 00:00:00 UTC,349,1197,412322999,2.8068055555555556
2014-05-01 00:00:00 UTC,349,1290,440135620,1.6059722222222224
2014-05-01 00:00:00 UTC,349,1197,412322508,7.7202777777777776
2014-05-01 00:00:00 UTC,349,1198,412322508,2.22875
2014-05-01 00:00:00 UTC,349,1196,412322508,2.0322222222222219
2014-05-01 00:00:00 UTC,349,1193,818000079,2.6251388888888889
2014-05-01 00:00:00 UTC,349,1194,818000079,0.68375000000000008
2014-05-01 00:00:00 UTC,349,1196,413062102,8.30638888888889
2014-05-01 00:00:00 UTC,349,1197,413062102,6.6251388888888894
2014-05-01 00:00:00 UTC,349,1197,412330455,5.6305555555555555
2014-05-01 00:00:00 UTC,349,1195,412330455,0.95819444444444446
2014-05-01 00:00:00 UTC,349,1196,412330455,8.0947222222222219
2014-05-01 00:00:00 UTC,349,1198,412330455,1.9393055555555556
2014-05-01 00:00:00 UTC,349,1197,412325594,4.9265277777777783
2014-05-01 00:00:00 UTC,349,1198,412325594,0.72958333333333325
2014-05-01 00:00:00 UTC,349,1196,412325594,2.5580555555555553
2014-05-01 00:00:00 UTC,349,1193,818000091,6.9679166666666665
2014-05-01 00:00:00 UTC,349,1195,412323036,0.55152777777777784
2014-05-01 00:00:00 UTC,349,1196,412323036,1.7631944444444443
2014-05-01 00:00:00 UTC,349,1196,412323037,1.6224999999999998
2014-05-01 00:00:00 UTC,349,1197,412324838,0.29680555555555554
2014-05-01 00:00:00 UTC,349,1197,412323304,8.5948611111111113
2014-05-01 00:00:00 UTC,349,1196,412323304,9.3744444444444426
2014-05-01 00:00:00 UTC,349,1197,412322793,6.6445833333333342
2014-05-01 00:00:00 UTC,349,1196,412322793,8.6626388888888872
2014-05-01 00:00:00 UTC,349,1197,412323305,7.3815277777777775
2014-05-01 00:00:00 UTC,349,1195,412323305,0.25597222222222227
2014-05-01 00:00:00 UTC,349,1196,412323305,9.586666666666666
2014-05-01 00:00:00 UTC,349,-311,224026870,4.725138888888889
2014-05-01 00:00:00 UTC,349,1196,412323063,2.1768055555555552
2014-05-01 00:00:00 UTC,349,1195,412323063,8.6173611111111121
2014-05-01 00:00:00 UTC,349,1194,412323063,13.173333333333339
2014-05-01 00:00:00 UTC,349,1199,412070648,3.2145833333333336
2014-05-01 00:00:00 UTC,349,1292,440100090,5.0190277777777776
2014-05-01 00:00:00 UTC,349,1196,412323067,1.4104166666666667
2014-05-01 00:00:00 UTC,349,1194,412323067,11.597777777777777
2014-05-01 00:00:00 UTC,349,1195,412323067,7.7633333333333328
2014-05-01 00:00:00 UTC,605,-7,233098000,1.9148611111111111
2014-05-01 00:00:00 UTC,605,-6,233098000,5.0679166666666662
2014-05-01 00:00:00 UTC,605,-6,232006940,0.950138888888889
2014-05-01 00:00:00 UTC,605,-5,232006940,3.0515277777777774
2014-05-01 00:00:00 UTC,605,-67,231188000,6.3254166666666665
2014-05-01 00:00:00 UTC,605,-98,231145000,3.9475
2014-05-01 00:00:00 UTC,605,-26,232006270,12.948333333333336
2014-05-01 00:00:00 UTC,605,-27,232006270,3.7591666666666668
2014-05-01 00:00:00 UTC,605,-25,232006270,6.21611111111111
2014-05-01 00:00:00 UTC,605,-68,231087000,0.74472222222222217
2014-05-01 00:00:00 UTC,605,-100,231181000,7.86375
2014-05-01 00:00:00 UTC,-419,-605,701006083,3.8243055555555552
2014-05-01 00:00:00 UTC,-419,-607,701006083,1.4997222222222222
2014-05-01 00:00:00 UTC,-419,-606,701006084,0.81791666666666663
2014-05-01 00:00:00 UTC,-419,-608,701006084,7.0640277777777776
2014-05-01 00:00:00 UTC,-419,-605,701006084,6.1590277777777782
2014-05-01 00:00:00 UTC,-419,-607,701006084,0.79138888888888892
2014-05-01 00:00:00 UTC,-419,-608,701006094,3.2697222222222222
2014-05-01 00:00:00 UTC,-419,-607,701006094,2.9988888888888887
2014-05-01 00:00:00 UTC,-419,-603,701006094,3.0516666666666663
2014-05-01 00:00:00 UTC,-419,-606,701066000,4.5205555555555552
2014-05-01 00:00:00 UTC,-419,-607,701000729,7.8705555555555557
2014-05-01 00:00:00 UTC,-419,-605,701000729,3.8475
2014-05-01 00:00:00 UTC,-419,-609,701000729,5.3294444444444444
2014-05-01 00:00:00 UTC,-419,-608,701000729,3.03125
2014-05-01 00:00:00 UTC,-419,-606,701000729,2.2565277777777775
2014-05-01 00:00:00 UTC,-419,-603,701097000,5.5456944444444449
2014-05-01 00:00:00 UTC,-419,1753,512300107,4.5081944444444444
2014-05-01 00:00:00 UTC,-419,1752,512300107,2.166666666666667
2014-05-01 00:00:00 UTC,-419,-580,701042000,0.76388888888888884
2014-05-01 00:00:00 UTC,-419,1749,512002681,0.48652777777777778
2014-05-01 00:00:00 UTC,-419,-608,701000619,4.7716666666666665
2014-05-01 00:00:00 UTC,-419,-607,701000619,6.4670833333333331
2014-05-01 00:00:00 UTC,-419,-607,701007044,6.4158333333333335
2014-05-01 00:00:00 UTC,-419,-604,701000649,7.1719444444444447
2014-05-01 00:00:00 UTC,-419,-571,441666000,0.75013888888888891
2014-05-01 00:00:00 UTC,-419,-572,441666000,15.450277777777778
2014-05-01 00:00:00 UTC,-419,-604,701000932,3.0019444444444443
2014-05-01 00:00:00 UTC,-419,-607,701000932,3.0083333333333333
2014-05-01 00:00:00 UTC,-419,-608,701000932,6.1440277777777776
2014-05-01 00:00:00 UTC,-419,-604,701000686,0.76916666666666667
2014-05-01 00:00:00 UTC,-419,-606,701000686,0.67208333333333337
2014-05-01 00:00:00 UTC,-419,-606,701000949,5.6636111111111109
2014-05-01 00:00:00 UTC,-419,-608,701000949,0.77013888888888893
2014-05-01 00:00:00 UTC,-419,-607,701000949,2.34125
2014-05-01 00:00:00 UTC,-163,36,431925000,5.785277777777778
2014-05-01 00:00:00 UTC,-163,41,432319000,2.3744444444444444
2014-05-01 00:00:00 UTC,-163,-800,412697150,14.717916666666667
2014-05-01 00:00:00 UTC,-163,-801,412697150,7.715416666666667
2014-05-01 00:00:00 UTC,-163,-803,412430920,4.1044444444444448
2014-05-01 00:00:00 UTC,-163,-804,412430920,11.374861111111111
2014-05-01 00:00:00 UTC,-163,-801,412678220,1.857361111111111
2014-05-01 00:00:00 UTC,-163,-800,412420469,16.051805555555557
2014-05-01 00:00:00 UTC,-163,-885,224313000,2.21375
2014-05-01 00:00:00 UTC,-163,-883,224313000,3.5556944444444443
2014-05-01 00:00:00 UTC,-163,38,432045000,0.94500000000000006
2014-05-01 00:00:00 UTC,-163,-1206,412420819,0.83680555555555558
2014-05-01 00:00:00 UTC,-163,-1207,412420819,3.7636111111111115
2014-05-01 00:00:00 UTC,-163,-800,412420825,4.1688888888888886
2014-05-01 00:00:00 UTC,350,1194,412323072,13.02263888888889
2014-05-01 00:00:00 UTC,350,1195,920101125,6.7997222222222229
2014-05-01 00:00:00 UTC,350,1194,920101125,5.2894444444444444
2014-05-01 00:00:00 UTC,350,1193,920101125,0.22305555555555556
2014-05-01 00:00:00 UTC,350,1195,412323078,1.7169444444444444
2014-05-01 00:00:00 UTC,350,1194,412323078,2.6263888888888887
2014-05-01 00:00:00 UTC,350,1194,412323079,2.6644444444444439
2014-05-01 00:00:00 UTC,350,1195,412323079,1.7134722222222223
2014-05-01 00:00:00 UTC,350,1204,800007689,0.46375
2014-05-01 00:00:00 UTC,350,1205,800007689,0.67569444444444449
2014-05-01 00:00:00 UTC,350,1195,412323081,2.4620833333333336
2014-05-01 00:00:00 UTC,350,1194,412323081,2.0761111111111115
2014-05-01 00:00:00 UTC,350,1194,800014602,18.335694444444446
2014-05-01 00:00:00 UTC,350,1195,800014602,0.8668055555555555
2014-05-01 00:00:00 UTC,350,1194,412323082,1.9500000000000002
2014-05-01 00:00:00 UTC,350,1195,412323082,6.5593055555555564
2014-05-01 00:00:00 UTC,350,1196,412327439,0.4777777777777778
2014-05-01 00:00:00 UTC,350,1197,412327439,6.3243055555555552
2014-05-01 00:00:00 UTC,350,1199,412327439,15.743472222222222
2014-05-01 00:00:00 UTC,350,1200,412327439,0.37486111111111109
2014-05-01 00:00:00 UTC,350,1196,412323088,1.0719444444444444
2014-05-01 00:00:00 UTC,350,1194,412323088,2.3240277777777778
2014-05-01 00:00:00 UTC,350,1197,412323088,1.3765277777777778
2014-05-01 00:00:00 UTC,350,1195,412323088,3.3184722222222223
2014-05-01 00:00:00 UTC,350,1197,412328212,2.5112499999999995
2014-05-01 00:00:00 UTC,350,1195,412328212,2.007222222222222
2014-05-01 00:00:00 UTC,350,1194,412328212,0.96486111111111117
2014-05-01 00:00:00 UTC,350,1196,412328212,0.96847222222222229
2014-05-01 00:00:00 UTC,350,1198,412328212,0.44291666666666668
2014-05-01 00:00:00 UTC,350,1291,440130580,0.54888888888888887
2014-05-01 00:00:00 UTC,350,1292,440130580,1.6577777777777778
2014-05-01 00:00:00 UTC,350,1194,412323093,3.8763888888888891
2014-05-01 00:00:00 UTC,350,1195,412323093,2.2823611111111113
2014-05-01 00:00:00 UTC,350,1197,412328213,2.4534722222222225
2014-05-01 00:00:00 UTC,350,1196,412328213,1.0755555555555556
2014-05-01 00:00:00 UTC,350,1195,412328213,2.0874999999999995
2014-05-01 00:00:00 UTC,350,1194,412328213,0.8338888888888889
2014-05-01 00:00:00 UTC,350,1198,412328213,0.43902777777777779
2014-05-01 00:00:00 UTC,350,1194,412323094,3.8513888888888888
2014-05-01 00:00:00 UTC,350,1195,412323094,2.9394444444444447
2014-05-01 00:00:00 UTC,350,1194,412323095,0.36805555555555558
2014-05-01 00:00:00 UTC,350,1195,412323095,4.9840277777777775
2014-05-01 00:00:00 UTC,350,1196,412323095,1.1793055555555556
2014-05-01 00:00:00 UTC,350,1200,412327447,4.4569444444444448
2014-05-01 00:00:00 UTC,350,1199,412327447,12.454027777777778
2014-05-01 00:00:00 UTC,350,1199,920101144,10.846666666666664
2014-05-01 00:00:00 UTC,350,1200,920101144,3.2847222222222223
2014-05-01 00:00:00 UTC,350,1195,412323097,1.5383333333333333
2014-05-01 00:00:00 UTC,350,1196,412323097,6.0743055555555561
2014-05-01 00:00:00 UTC,350,1194,412323097,0.51847222222222222
2014-05-01 00:00:00 UTC,350,1197,412323097,4.0973611111111108
2014-05-01 00:00:00 UTC,350,1197,412323098,2.8568055555555558
2014-05-01 00:00:00 UTC,350,1195,412323098,1.5536111111111113
2014-05-01 00:00:00 UTC,350,1194,412323098,0.24527777777777779
2014-05-01 00:00:00 UTC,350,1196,412323098,3.6793055555555552
2014-05-01 00:00:00 UTC,350,1193,412323102,0.2425
2014-05-01 00:00:00 UTC,350,1195,412327454,0.70736111111111111
2014-05-01 00:00:00 UTC,350,1196,412327454,2.1533333333333333
2014-05-01 00:00:00 UTC,350,1197,412327455,2.5606944444444446
2014-05-01 00:00:00 UTC,350,1195,412327455,1.9274999999999998
2014-05-01 00:00:00 UTC,350,1196,412327455,5.8327777777777765
2014-05-01 00:00:00 UTC,350,1197,412327456,3.1600000000000006
2014-05-01 00:00:00 UTC,350,1195,412327456,2.0505555555555559
2014-05-01 00:00:00 UTC,350,1196,412327456,5.1979166666666679
2014-05-01 00:00:00 UTC,350,1195,412327458,2.7565277777777775
2014-05-01 00:00:00 UTC,350,1197,412327458,2.7802777777777776
2014-05-01 00:00:00 UTC,350,1196,412327458,1.1329166666666666
2014-05-01 00:00:00 UTC,350,1194,412327458,0.96833333333333338
2014-05-01 00:00:00 UTC,350,146,247256100,1.6461111111111113
2014-05-01 00:00:00 UTC,350,145,247256100,8.4375
2014-05-01 00:00:00 UTC,350,1304,440106280,5.6222222222222236
2014-05-01 00:00:00 UTC,350,1197,412322856,0.9473611111111111
2014-05-01 00:00:00 UTC,350,1197,412322601,2.9755555555555562
2014-05-01 00:00:00 UTC,350,1292,440132650,0.25708333333333333
2014-05-01 00:00:00 UTC,350,1195,412322862,6.280972222222224
2014-05-01 00:00:00 UTC,350,1196,412322862,5.7041666666666675
2014-05-01 00:00:00 UTC,350,1194,412322862,0.27430555555555558
2014-05-01 00:00:00 UTC,350,1197,412322865,3.8618055555555557
2014-05-01 00:00:00 UTC,350,1196,412327474,2.4813888888888891
2014-05-01 00:00:00 UTC,350,1195,412327474,0.21916666666666668
2014-05-01 00:00:00 UTC,350,1197,412327474,6.7297222222222235
2014-05-01 00:00:00 UTC,350,1287,440323890,24.115277777777777
2014-05-01 00:00:00 UTC,350,1196,412327478,0.78319444444444453
2014-05-01 00:00:00 UTC,350,1197,412327478,1.3961111111111113
2014-05-01 00:00:00 UTC,350,1197,412327479,0.44930555555555551
2014-05-01 00:00:00 UTC,350,1196,412327479,1.5233333333333334
2014-05-01 00:00:00 UTC,350,1196,812012345,8.4158333333333335
2014-05-01 00:00:00 UTC,350,1194,812012345,0.22499999999999998
2014-05-01 00:00:00 UTC,350,1197,812012345,5.719722222222221
2014-05-01 00:00:00 UTC,350,1195,812012345,4.5252777777777773
2014-05-01 00:00:00 UTC,350,1196,412328249,1.1222222222222222
2014-05-01 00:00:00 UTC,350,1194,412328249,2.1855555555555553
2014-05-01 00:00:00 UTC,350,1197,412328249,3.2075
2014-05-01 00:00:00 UTC,350,1195,412328249,1.7048611111111107
2014-05-01 00:00:00 UTC,350,1197,412322874,0.75958333333333339
2014-05-01 00:00:00 UTC,350,1296,440115770,5.4356944444444437
2014-05-01 00:00:00 UTC,350,1195,412322875,2.7191666666666667
2014-05-01 00:00:00 UTC,350,1197,412327483,0.8041666666666667
2014-05-01 00:00:00 UTC,350,1196,412327483,2.0597222222222222
2014-05-01 00:00:00 UTC,350,1196,412328251,1.131388888888889
2014-05-01 00:00:00 UTC,350,1194,412328251,2.0743055555555561
2014-05-01 00:00:00 UTC,350,1197,412328251,2.9793055555555554
2014-05-01 00:00:00 UTC,350,1195,412328251,1.4908333333333332
2014-05-01 00:00:00 UTC,350,1195,412328507,5.8065277777777773
2014-05-01 00:00:00 UTC,350,1196,412328507,1.504027777777778
2014-05-01 00:00:00 UTC,350,1196,412322877,0.71722222222222221
2014-05-01 00:00:00 UTC,350,1197,412322877,0.89027777777777772
2014-05-01 00:00:00 UTC,350,1193,812041021,7.63111111111111
2014-05-01 00:00:00 UTC,350,-473,224101950,5.4849999999999994
2014-05-01 00:00:00 UTC,350,-472,224101950,2.7709722222222224
2014-05-01 00:00:00 UTC,350,1196,412323134,4.07
2014-05-01 00:00:00 UTC,350,1195,412323134,2.8125
2014-05-01 00:00:00 UTC,350,1194,412323134,0.91666666666666674
2014-05-01 00:00:00 UTC,350,1197,412323134,0.52388888888888885
2014-05-01 00:00:00 UTC,350,1194,412323135,8.2749999999999986
2014-05-01 00:00:00 UTC,350,1195,412323135,11.936666666666666
2014-05-01 00:00:00 UTC,350,1194,412328256,11.931111111111107
2014-05-01 00:00:00 UTC,350,1195,412328256,8.1615277777777777
2014-05-01 00:00:00 UTC,350,1197,412328256,0.53930555555555548
2014-05-01 00:00:00 UTC,350,1196,412328256,1.3138888888888889
2014-05-01 00:00:00 UTC,350,1194,412323137,0.73625000000000007
2014-05-01 00:00:00 UTC,350,1195,412323137,0.74749999999999994
2014-05-01 00:00:00 UTC,350,1195,412328257,8.51152777777778
2014-05-01 00:00:00 UTC,350,1196,412328257,1.309722222222222
2014-05-01 00:00:00 UTC,350,1194,412328257,11.980694444444438
2014-05-01 00:00:00 UTC,350,1197,412328257,0.495
2014-05-01 00:00:00 UTC,350,1197,412323139,1.9272222222222224
2014-05-01 00:00:00 UTC,350,1196,412323139,1.8944444444444448
2014-05-01 00:00:00 UTC,350,1195,412323139,1.6497222222222221
2014-05-01 00:00:00 UTC,350,1197,412323141,1.9506944444444445
2014-05-01 00:00:00 UTC,350,1196,412323141,2.9730555555555553
2014-05-01 00:00:00 UTC,350,1195,412323141,1.0662500000000001
2014-05-01 00:00:00 UTC,350,1195,412327494,5.0284722222222218
2014-05-01 00:00:00 UTC,350,1196,412327494,1.2443055555555556
2014-05-01 00:00:00 UTC,350,1195,412323144,4.3768055555555563
2014-05-01 00:00:00 UTC,350,1194,412323144,14.02472222222222
2014-05-01 00:00:00 UTC,350,1196,412322889,1.2541666666666667
2014-05-01 00:00:00 UTC,350,1197,412322889,2.0056944444444444
2014-05-01 00:00:00 UTC,350,1194,412323145,15.835416666666665
2014-05-01 00:00:00 UTC,350,1195,412323145,4.2502777777777778
2014-05-01 00:00:00 UTC,350,1194,412328265,0.39597222222222223
2014-05-01 00:00:00 UTC,350,1196,412328265,2.7706944444444446
2014-05-01 00:00:00 UTC,350,1195,412328265,5.25111111111111
2014-05-01 00:00:00 UTC,350,1196,412328266,1.4294444444444445
2014-05-01 00:00:00 UTC,350,1195,412328266,5.7697222222222218
2014-05-01 00:00:00 UTC,350,1196,412323147,4.0727777777777785
2014-05-01 00:00:00 UTC,350,1197,412323147,1.4152777777777779
2014-05-01 00:00:00 UTC,350,1196,412328523,0.58861111111111108
2014-05-01 00:00:00 UTC,350,1194,412328523,1.9377777777777776
2014-05-01 00:00:00 UTC,350,1195,412328523,3.5880555555555547
2014-05-01 00:00:00 UTC,350,1197,412328523,1.10875
2014-05-01 00:00:00 UTC,350,1199,412322893,0.72472222222222227
2014-05-01 00:00:00 UTC,350,1200,412322893,6.209305555555555
2014-05-01 00:00:00 UTC,350,1196,412328269,1.3902777777777775
2014-05-01 00:00:00 UTC,350,1195,412328269,6.837361111111111
2014-05-01 00:00:00 UTC,350,1196,412322894,1.235138888888889
2014-05-01 00:00:00 UTC,350,1197,412322894,0.24930555555555556
2014-05-01 00:00:00 UTC,350,1195,412322894,1.8633333333333333
2014-05-01 00:00:00 UTC,350,1197,412323151,0.80111111111111111
2014-05-01 00:00:00 UTC,350,1198,412323151,0.91888888888888887
2014-05-01 00:00:00 UTC,350,1196,412328527,0.28805555555555551
2014-05-01 00:00:00 UTC,350,1197,412323152,3.1520833333333331
2014-05-01 00:00:00 UTC,350,1196,412328528,2.3854166666666665
2014-05-01 00:00:00 UTC,350,1195,412323153,1.0179166666666668
2014-05-01 00:00:00 UTC,350,1195,412328273,3.8915277777777773
2014-05-01 00:00:00 UTC,350,1196,412328273,0.87569444444444444
2014-05-01 00:00:00 UTC,350,1197,412322642,2.6597222222222223
2014-05-01 00:00:00 UTC,350,1196,412322642,5.8434722222222231
2014-05-01 00:00:00 UTC,350,1194,412323154,0.12944444444444445
2014-05-01 00:00:00 UTC,350,1195,412323154,1.0663888888888886
2014-05-01 00:00:00 UTC,350,1197,412323156,2.6144444444444441
2014-05-01 00:00:00 UTC,350,1195,412323156,2.6483333333333334
2014-05-01 00:00:00 UTC,350,1194,412323156,1.6204166666666664
2014-05-01 00:00:00 UTC,350,1196,412328276,1.4916666666666667
2014-05-01 00:00:00 UTC,350,1195,412328276,2.7951388888888893
2014-05-01 00:00:00 UTC,350,1198,412323157,0.971388888888889
2014-05-01 00:00:00 UTC,350,1197,412323157,1.3523611111111111
2014-05-01 00:00:00 UTC,350,1195,412328277,6.4350000000000014
2014-05-01 00:00:00 UTC,350,1196,412328277,2.0462499999999997
2014-05-01 00:00:00 UTC,350,1196,412328278,2.8097222222222222
2014-05-01 00:00:00 UTC,350,1195,412328278,4.5670833333333336
2014-05-01 00:00:00 UTC,350,1197,412322647,0.95013888888888887
2014-05-01 00:00:00 UTC,350,1196,412322647,3.3673611111111108
2014-05-01 00:00:00 UTC,350,1197,412323159,0.96472222222222215
2014-05-01 00:00:00 UTC,350,1198,412323159,3.1584722222222221
2014-05-01 00:00:00 UTC,350,1195,412323159,3.7140277777777775
2014-05-01 00:00:00 UTC,350,1197,412327512,1.0484722222222222
2014-05-01 00:00:00 UTC,350,1196,412327512,1.837638888888889
2014-05-01 00:00:00 UTC,350,1194,412327512,1.4
2014-05-01 00:00:00 UTC,350,1195,412327512,1.6168055555555558
2014-05-01 00:00:00 UTC,350,1193,412327512,4.4731944444444443
2014-05-01 00:00:00 UTC,350,1195,412323161,7.7059722222222211
2014-05-01 00:00:00 UTC,350,1197,412323161,3.0594444444444444
2014-05-01 00:00:00 UTC,350,1195,412327513,1.4438888888888888
2014-05-01 00:00:00 UTC,350,1196,412327513,5.5691666666666659
2014-05-01 00:00:00 UTC,350,1194,412327513,0.73930555555555566
2014-05-01 00:00:00 UTC,350,1197,412327513,0.6447222222222222
2014-05-01 00:00:00 UTC,350,1197,412327514,1.99
2014-05-01 00:00:00 UTC,350,1196,412327514,4.6472222222222221
2014-05-01 00:00:00 UTC,350,1195,412327514,1.3530555555555557
2014-05-01 00:00:00 UTC,350,1195,412328282,4.49013888888889
2014-05-01 00:00:00 UTC,350,1196,412328282,1.6748611111111111
2014-05-01 00:00:00 UTC,350,1194,412328538,0.71402777777777771
2014-05-01 00:00:00 UTC,350,1196,412328538,1.1502777777777777
2014-05-01 00:00:00 UTC,350,1197,412328538,4.9266666666666659
2014-05-01 00:00:00 UTC,350,1195,412328538,3.6741666666666672
2014-05-01 00:00:00 UTC,350,1198,412328538,0.34013888888888888
2014-05-01 00:00:00 UTC,350,1195,412327515,3.524861111111111
2014-05-01 00:00:00 UTC,350,1290,440151390,6.4883333333333324
2014-05-01 00:00:00 UTC,350,1197,412328542,1.3818055555555555
2014-05-01 00:00:00 UTC,350,1196,412323175,1.4268055555555552
2014-05-01 00:00:00 UTC,350,1195,412323175,2.0713888888888889
2014-05-01 00:00:00 UTC,350,1195,412323176,1.3923611111111112
2014-05-01 00:00:00 UTC,350,1196,412323178,0.64291666666666669
2014-05-01 00:00:00 UTC,350,1195,412323178,1.2336111111111112
2014-05-01 00:00:00 UTC,350,1196,412322413,0.945
2014-05-01 00:00:00 UTC,350,1197,412322413,1.0311111111111111
2014-05-01 00:00:00 UTC,350,1194,412322413,8.6670833333333324
2014-05-01 00:00:00 UTC,350,1195,412322413,6.1397222222222219
2014-05-01 00:00:00 UTC,350,1196,412327533,1.7681944444444446
2014-05-01 00:00:00 UTC,350,1195,412327533,5.2362499999999992
2014-05-01 00:00:00 UTC,350,1194,412327533,0.76944444444444438
2014-05-01 00:00:00 UTC,350,1197,412322928,0.35597222222222225
2014-05-01 00:00:00 UTC,350,1197,412323184,6.0018055555555563
2014-05-01 00:00:00 UTC,350,1196,412323184,1.8465277777777778
2014-05-01 00:00:00 UTC,350,1195,412323184,1.4954166666666666
2014-05-01 00:00:00 UTC,350,1196,412323185,2.3079166666666664
2014-05-01 00:00:00 UTC,350,1195,412323185,0.92694444444444457
2014-05-01 00:00:00 UTC,350,1197,412323185,4.3097222222222218
2014-05-01 00:00:00 UTC,350,1196,412323186,1.4794444444444443
2014-05-01 00:00:00 UTC,350,1195,412323186,1.6925
2014-05-01 00:00:00 UTC,350,-278,224098420,1.8694444444444445
2014-05-01 00:00:00 UTC,350,-275,224098420,3.0015277777777776
2014-05-01 00:00:00 UTC,350,-277,224098420,1.5640277777777776
2014-05-01 00:00:00 UTC,350,1197,412323188,3.0343055555555556
2014-05-01 00:00:00 UTC,350,1197,412323193,3.5061111111111112
2014-05-01 00:00:00 UTC,350,1197,412323194,2.8529166666666668
2014-05-01 00:00:00 UTC,350,1205,812041339,7.1731944444444444
2014-05-01 00:00:00 UTC,350,1196,412328574,11.016388888888889
2014-05-01 00:00:00 UTC,350,1194,412328574,0.20347222222222222
2014-05-01 00:00:00 UTC,350,1195,412328574,2.6995833333333334
2014-05-01 00:00:00 UTC,350,146,247228800,4.438194444444445
2014-05-01 00:00:00 UTC,350,145,247228800,7.8861111111111111
2014-05-01 00:00:00 UTC,350,1197,412323203,1.0888888888888888
2014-05-01 00:00:00 UTC,350,1195,412322692,0.65472222222222221
2014-05-01 00:00:00 UTC,350,1195,412323204,0.28638888888888892
2014-05-01 00:00:00 UTC,350,1196,412323204,4.068194444444444
2014-05-01 00:00:00 UTC,350,1197,412323204,3.9230555555555555
2014-05-01 00:00:00 UTC,350,1205,412349316,7.1631944444444438
2014-05-01 00:00:00 UTC,350,1205,412349317,14.902638888888886
2014-05-01 00:00:00 UTC,350,1195,412328583,0.97458333333333336
2014-05-01 00:00:00 UTC,350,1196,412328583,0.28736111111111112
2014-05-01 00:00:00 UTC,350,1195,412328584,2.7681944444444451
2014-05-01 00:00:00 UTC,350,1196,412328584,0.39013888888888892
2014-05-01 00:00:00 UTC,350,1196,818000010,0.50902777777777786
2014-05-01 00:00:00 UTC,350,1195,818000010,5.2391666666666667
2014-05-01 00:00:00 UTC,350,1196,412323213,1.4563888888888887
2014-05-01 00:00:00 UTC,350,1209,412349325,6.0906944444444449
2014-05-01 00:00:00 UTC,350,1210,412349325,8.13
2014-05-01 00:00:00 UTC,350,1197,412323216,2.8086111111111109
2014-05-01 00:00:00 UTC,350,1196,412323216,2.7461111111111109
2014-05-01 00:00:00 UTC,350,1195,412323216,1.1488888888888888
2014-05-01 00:00:00 UTC,350,1196,412323217,2.475
2014-05-01 00:00:00 UTC,350,1197,412323217,3.1786111111111111
2014-05-01 00:00:00 UTC,350,1196,412327313,1.8969444444444445
2014-05-01 00:00:00 UTC,350,1194,412327313,1.5229166666666663
2014-05-01 00:00:00 UTC,350,1195,412327313,2.8988888888888886
2014-05-01 00:00:00 UTC,350,1197,412327313,1.2152777777777777
2014-05-01 00:00:00 UTC,350,1197,412323218,4.6890277777777776
2014-05-01 00:00:00 UTC,350,1196,412323218,2.5145833333333334
2014-05-01 00:00:00 UTC,350,1195,800029844,0.44416666666666665
2014-05-01 00:00:00 UTC,350,1196,412323221,1.16125
2014-05-01 00:00:00 UTC,350,1197,412323222,2.4094444444444445
2014-05-01 00:00:00 UTC,350,1196,412321946,2.3629166666666666
2014-05-01 00:00:00 UTC,350,1196,412322715,2.1879166666666667
2014-05-01 00:00:00 UTC,350,1197,412322715,2.4495833333333339
2014-05-01 00:00:00 UTC,350,1195,412322715,2.5430555555555556
2014-05-01 00:00:00 UTC,350,1196,818000030,3.09875
2014-05-01 00:00:00 UTC,350,1194,818000030,0.50222222222222224
2014-05-01 00:00:00 UTC,350,1195,818000030,4.699583333333333
2014-05-01 00:00:00 UTC,350,1199,412327335,12.658472222222221
2014-05-01 00:00:00 UTC,350,1199,412327337,12.293472222222221
2014-05-01 00:00:00 UTC,350,1193,818000043,0.8502777777777778
2014-05-01 00:00:00 UTC,350,1192,818000043,0.22083333333333333
2014-05-01 00:00:00 UTC,350,1197,818000301,0.70444444444444443
2014-05-01 00:00:00 UTC,350,1199,412327343,16.107222222222223
2014-05-01 00:00:00 UTC,350,1200,412327343,2.2798611111111109
2014-05-01 00:00:00 UTC,350,1196,412327346,8.7813888888888876
2014-05-01 00:00:00 UTC,350,1194,412322995,1.40125
2014-05-01 00:00:00 UTC,350,1195,412322995,5.2008333333333336
2014-05-01 00:00:00 UTC,350,1196,412322995,5.4538888888888888
2014-05-01 00:00:00 UTC,350,-67,242130100,5.2558333333333334
2014-05-01 00:00:00 UTC,350,1194,412322999,1.63875
2014-05-01 00:00:00 UTC,350,1196,412322999,1.848611111111111
2014-05-01 00:00:00 UTC,350,1195,412322999,2.545
2014-05-01 00:00:00 UTC,350,1205,412349367,13.912500000000001
2014-05-01 00:00:00 UTC,350,1205,412349368,15.736388888888888
2014-05-01 00:00:00 UTC,350,1195,800029884,1.5847222222222221
2014-05-01 00:00:00 UTC,350,1197,412323004,3.3362500000000006
2014-05-01 00:00:00 UTC,350,1193,412323004,5.8738888888888887
2014-05-01 00:00:00 UTC,350,1194,412323004,0.52499999999999991
2014-05-01 00:00:00 UTC,350,1196,412323004,3.8602777777777781
2014-05-01 00:00:00 UTC,350,1195,412323004,1.4225
2014-05-01 00:00:00 UTC,350,1204,412349377,5.7341666666666669
2014-05-01 00:00:00 UTC,350,1195,412387011,5.0270833333333345
2014-05-01 00:00:00 UTC,350,1196,412387011,5.1645833333333329
2014-05-01 00:00:00 UTC,350,1194,412387011,3.2851388888888886
2014-05-01 00:00:00 UTC,350,1193,412387011,0.40986111111111112
2014-05-01 00:00:00 UTC,350,1196,412323012,0.875
2014-05-01 00:00:00 UTC,350,1195,412323012,2.6609722222222221
2014-05-01 00:00:00 UTC,350,1290,440135620,4.6968055555555548
2014-05-01 00:00:00 UTC,350,1195,412327365,5.230833333333333
2014-05-01 00:00:00 UTC,350,1194,412387015,7.2113888888888891
2014-05-01 00:00:00 UTC,350,1196,412322508,1.6704166666666667
2014-05-01 00:00:00 UTC,350,1194,412322508,2.0683333333333334
2014-05-01 00:00:00 UTC,350,1195,412322508,1.7880555555555555
2014-05-01 00:00:00 UTC,350,1196,818000076,2.108888888888889
2014-05-01 00:00:00 UTC,350,1195,818000076,1.9243055555555557
2014-05-01 00:00:00 UTC,350,1197,818000076,0.7254166666666666
2014-05-01 00:00:00 UTC,350,1197,811021517,0.9095833333333333
2014-05-01 00:00:00 UTC,350,1193,818000079,0.21333333333333332
2014-05-01 00:00:00 UTC,350,1205,412348883,1.5744444444444445
2014-05-01 00:00:00 UTC,350,1205,412349395,8.4577777777777765
2014-05-01 00:00:00 UTC,350,1206,412349395,1.5566666666666666
2014-05-01 00:00:00 UTC,350,1197,412330452,0.21111111111111111
2014-05-01 00:00:00 UTC,350,1197,413062102,1.3045833333333332
2014-05-01 00:00:00 UTC,350,1197,412330455,1.9886111111111113
2014-05-01 00:00:00 UTC,350,1195,412330455,0.92444444444444451
2014-05-01 00:00:00 UTC,350,1197,412325594,2.544861111111111
2014-05-01 00:00:00 UTC,350,1196,412323036,0.71527777777777779
2014-05-01 00:00:00 UTC,350,1195,412323036,9.5858333333333317
2014-05-01 00:00:00 UTC,350,1194,412323036,11.938194444444445
2014-05-01 00:00:00 UTC,350,1194,412323037,11.061805555555555
2014-05-01 00:00:00 UTC,350,1195,412323037,11.367500000000001
2014-05-01 00:00:00 UTC,350,1196,412323038,9.17958333333333
2014-05-01 00:00:00 UTC,350,1195,412323038,4.029583333333334
2014-05-01 00:00:00 UTC,350,1197,412323038,5.784583333333333
2014-05-01 00:00:00 UTC,350,1195,412323296,1.4851388888888888
2014-05-01 00:00:00 UTC,350,1196,412323296,5.6068055555555558
2014-05-01 00:00:00 UTC,350,1194,412323296,5.3479166666666664
2014-05-01 00:00:00 UTC,350,1195,412320738,1.7851388888888888
2014-05-01 00:00:00 UTC,350,1196,412320738,3.7476388888888881
2014-05-01 00:00:00 UTC,350,1197,412320738,0.87430555555555556
2014-05-01 00:00:00 UTC,350,1195,412324838,1.1002777777777777
2014-05-01 00:00:00 UTC,350,1197,412324838,2.1881944444444441
2014-05-01 00:00:00 UTC,350,1195,412324839,0.90513888888888894
2014-05-01 00:00:00 UTC,350,1197,412324839,1.8263888888888888
2014-05-01 00:00:00 UTC,350,1197,412323304,0.36583333333333334
2014-05-01 00:00:00 UTC,350,1196,413061096,1.8644444444444446
2014-05-01 00:00:00 UTC,350,1197,413061096,1.6784722222222224
2014-05-01 00:00:00 UTC,350,1197,412322793,0.70861111111111119
2014-05-01 00:00:00 UTC,350,1197,412323305,1.9873611111111111
2014-05-01 00:00:00 UTC,350,1197,412322804,7.604166666666667
2014-05-01 00:00:00 UTC,350,1199,412328189,1.5306944444444444
2014-05-01 00:00:00 UTC,350,-129,263500286,4.5747222222222224
2014-05-01 00:00:00 UTC,350,-130,263500286,13.660138888888888
2014-05-01 00:00:00 UTC,606,-121,231199000,3.7811111111111111
2014-05-01 00:00:00 UTC,606,-118,231199000,0.75
2014-05-01 00:00:00 UTC,606,-120,231199000,3.8265277777777778
2014-05-01 00:00:00 UTC,606,-119,231199000,1.5188888888888887
2014-05-01 00:00:00 UTC,606,-68,231188000,1.5749999999999997
2014-05-01 00:00:00 UTC,606,-68,231187000,0.8
2014-05-01 00:00:00 UTC,606,-17,232006490,0.53180555555555564
2014-05-01 00:00:00 UTC,606,-16,232006490,0.98916666666666653
2014-05-01 00:00:00 UTC,606,-28,226246000,0.27916666666666667
2014-05-01 00:00:00 UTC,606,-27,226246000,0.35236111111111112
2014-05-01 00:00:00 UTC,606,-26,232006270,0.21736111111111112
2014-05-01 00:00:00 UTC,606,-68,231087000,11.712083333333332
2014-05-01 00:00:00 UTC,606,-119,231191000,0.75013888888888891
2014-05-01 00:00:00 UTC,606,-121,231191000,6.0531944444444443
2014-05-01 00:00:00 UTC,606,-120,231191000,1.5538888888888889
2014-05-01 00:00:00 UTC,606,-33,235000820,4.6222222222222218
2014-05-01 00:00:00 UTC,-418,-605,701006083,5.5018055555555554
2014-05-01 00:00:00 UTC,-418,-608,701006083,0.77347222222222223
2014-05-01 00:00:00 UTC,-418,-606,701006083,1.5495833333333333
2014-05-01 00:00:00 UTC,-418,-603,701006094,1.6883333333333332
2014-05-01 00:00:00 UTC,-418,-606,701066000,7.2330555555555556
2014-05-01 00:00:00 UTC,-418,-608,701066000,2.183472222222222
2014-05-01 00:00:00 UTC,-418,-607,701066000,1.5536111111111111
2014-05-01 00:00:00 UTC,-418,-603,701097000,3.9361111111111109
2014-05-01 00:00:00 UTC,-418,-602,701097000,2.3344444444444443
2014-05-01 00:00:00 UTC,-418,-577,701042000,3.0080555555555559
2014-05-01 00:00:00 UTC,-418,-579,701042000,1.5486111111111112
2014-05-01 00:00:00 UTC,-418,-578,701042000,1.5498611111111111
2014-05-01 00:00:00 UTC,-418,-608,701007044,10.930972222222222
2014-05-01 00:00:00 UTC,-418,-606,701007044,6.0805555555555557
2014-05-01 00:00:00 UTC,-418,-607,701007044,1.5462500000000001
2014-05-01 00:00:00 UTC,-418,-603,701000649,5.2890277777777781
2014-05-01 00:00:00 UTC,-418,-603,701000932,1.5804166666666668
2014-05-01 00:00:00 UTC,-418,-607,701000686,1.6194444444444442
2014-05-01 00:00:00 UTC,-418,-606,701000686,2.490277777777778
2014-05-01 00:00:00 UTC,-418,-605,701000686,2.3804166666666666
2014-05-01 00:00:00 UTC,-162,447,237011000,10.195833333333335
2014-05-01 00:00:00 UTC,-162,446,237011000,13.860972222222221
2014-05-01 00:00:00 UTC,-162,-885,224313000,0.89847222222222223
2014-05-01 00:00:00 UTC,-162,-884,224313000,1.9222222222222221
2014-05-01 00:00:00 UTC,-162,37,432045000,2.0641666666666665
2014-05-01 00:00:00 UTC,-162,38,432045000,1.4298611111111112
2014-05-01 00:00:00 UTC,-162,-1231,412420817,1.8359722222222221
2014-05-01 00:00:00 UTC,-162,-1230,412420817,1.9441666666666668
2014-05-01 00:00:00 UTC,351,1196,412322561,0.74486111111111108
2014-05-01 00:00:00 UTC,351,1197,412322561,1.9541666666666666
2014-05-01 00:00:00 UTC,351,1202,412349701,1.5148611111111112
2014-05-01 00:00:00 UTC,351,1201,412328198,0.55333333333333334
2014-05-01 00:00:00 UTC,351,1202,412328198,7.1397222222222227
2014-05-01 00:00:00 UTC,351,1197,412323088,2.97
2014-05-01 00:00:00 UTC,351,1197,412328212,3.5868055555555558
2014-05-01 00:00:00 UTC,351,1291,440130580,0.35138888888888886
2014-05-01 00:00:00 UTC,351,1292,440130580,1.8719444444444444
2014-05-01 00:00:00 UTC,351,1197,412328213,3.6847222222222218
2014-05-01 00:00:00 UTC,351,1292,440003864,5.7631944444444443
2014-05-01 00:00:00 UTC,351,1195,412327197,3.84375
2014-05-01 00:00:00 UTC,351,1196,412327454,7.8300000000000018
2014-05-01 00:00:00 UTC,351,1195,412327454,0.47069444444444442
2014-05-01 00:00:00 UTC,351,1196,412327455,6.0756944444444461
2014-05-01 00:00:00 UTC,351,1195,412327455,0.25847222222222221
2014-05-01 00:00:00 UTC,351,1197,412327455,1.3658333333333332
2014-05-01 00:00:00 UTC,351,1196,412327456,6.1769444444444437
2014-05-01 00:00:00 UTC,351,1195,412327456,0.2261111111111111
2014-05-01 00:00:00 UTC,351,1197,412327456,1.3147222222222223
2014-05-01 00:00:00 UTC,351,1293,440101410,0.36527777777777781
2014-05-01 00:00:00 UTC,351,1197,412327458,3.3977777777777773
2014-05-01 00:00:00 UTC,351,144,247256100,0.49986111111111109
2014-05-01 00:00:00 UTC,351,145,247256100,3.4058333333333333
2014-05-01 00:00:00 UTC,351,143,247256100,4.3197222222222216
2014-05-01 00:00:00 UTC,351,1197,412322856,6.2258333333333322
2014-05-01 00:00:00 UTC,351,1196,412328232,2.3273611111111112
2014-05-01 00:00:00 UTC,351,1197,412328232,2.7418055555555552
2014-05-01 00:00:00 UTC,351,1196,412322601,0.3684722222222222
2014-05-01 00:00:00 UTC,351,1197,412322601,1.8399999999999999
2014-05-01 00:00:00 UTC,351,1196,412322862,0.47972222222222222
2014-05-01 00:00:00 UTC,351,1197,412322862,1.2195833333333335
2014-05-01 00:00:00 UTC,351,1198,412322863,3.0526388888888891
2014-05-01 00:00:00 UTC,351,1197,412322863,3.9644444444444438
2014-05-01 00:00:00 UTC,351,1196,412322863,1.0044444444444445
2014-05-01 00:00:00 UTC,351,1194,997752624,0.63916666666666666
2014-05-01 00:00:00 UTC,351,1195,997752624,4.5363888888888884
2014-05-01 00:00:00 UTC,351,1198,412322864,3.1541666666666668
2014-05-01 00:00:00 UTC,351,1197,412322864,3.9093055555555556
2014-05-01 00:00:00 UTC,351,1196,412322864,0.58930555555555553
2014-05-01 00:00:00 UTC,351,1197,412322865,2.6468055555555554
2014-05-01 00:00:00 UTC,351,1196,412327474,1.2341666666666666
2014-05-01 00:00:00 UTC,351,1197,412327474,4.4669444444444455
2014-05-01 00:00:00 UTC,351,1196,412328242,1.6944444444444446
2014-05-01 00:00:00 UTC,351,1197,412328242,2.7147222222222229
2014-05-01 00:00:00 UTC,351,1197,412327475,6.3006944444444448
2014-05-01 00:00:00 UTC,351,1196,412327475,7.7840277777777782
2014-05-01 00:00:00 UTC,351,1197,412327478,4.5254166666666675
2014-05-01 00:00:00 UTC,351,1197,412327479,4.2797222222222215
2014-05-01 00:00:00 UTC,351,1197,812012345,4.0290277777777783
2014-05-01 00:00:00 UTC,351,1196,812012345,0.275
2014-05-01 00:00:00 UTC,351,1197,412328249,2.4633333333333329
2014-05-01 00:00:00 UTC,351,1198,412328249,0.77527777777777784
2014-05-01 00:00:00 UTC,351,1197,412322874,5.8715277777777759
2014-05-01 00:00:00 UTC,351,1195,412322875,0.31
2014-05-01 00:00:00 UTC,351,1196,412322875,9.3943055555555564
2014-05-01 00:00:00 UTC,351,1197,412322875,2.084027777777778
2014-05-01 00:00:00 UTC,351,1197,412327483,3.0236111111111108
2014-05-01 00:00:00 UTC,351,1198,412328251,0.795
2014-05-01 00:00:00 UTC,351,1197,412328251,2.5833333333333335
2014-05-01 00:00:00 UTC,351,1197,412322877,7.7623611111111108
2014-05-01 00:00:00 UTC,351,1196,412322877,2.4672222222222215
2014-05-01 00:00:00 UTC,351,-472,224101950,2.8523611111111116
2014-05-01 00:00:00 UTC,351,1197,412323134,4.2047222222222222
2014-05-01 00:00:00 UTC,351,1198,412322881,2.3063888888888888
2014-05-01 00:00:00 UTC,351,1197,412322881,4.3079166666666664
2014-05-01 00:00:00 UTC,351,1196,412322881,1.32375
2014-05-01 00:00:00 UTC,351,1197,412323139,2.36875
2014-05-01 00:00:00 UTC,351,1196,412323139,5.7877777777777775
2014-05-01 00:00:00 UTC,351,1195,412323139,1.7116666666666664
2014-05-01 00:00:00 UTC,351,1195,412323141,2.0976388888888886
2014-05-01 00:00:00 UTC,351,1197,412323141,2.0879166666666666
2014-05-01 00:00:00 UTC,351,1196,412323141,5.3438888888888894
2014-05-01 00:00:00 UTC,351,1195,412328264,0.86819444444444449
2014-05-01 00:00:00 UTC,351,1196,412322889,0.505
2014-05-01 00:00:00 UTC,351,1197,412322889,8.1794444444444458
2014-05-01 00:00:00 UTC,351,1300,440411210,0.76805555555555549
2014-05-01 00:00:00 UTC,351,1197,412323147,0.9925
2014-05-01 00:00:00 UTC,351,1196,412323147,1.475138888888889
2014-05-01 00:00:00 UTC,351,1196,412322894,2.3473611111111112
2014-05-01 00:00:00 UTC,351,1197,412322894,6.9452777777777772
2014-05-01 00:00:00 UTC,351,1195,412322894,1.07375
2014-05-01 00:00:00 UTC,351,1197,412323151,0.22486111111111112
2014-05-01 00:00:00 UTC,351,1198,412323151,1.6055555555555556
2014-05-01 00:00:00 UTC,351,1198,412323152,1.8648611111111111
2014-05-01 00:00:00 UTC,351,1196,412328528,11.962777777777777
2014-05-01 00:00:00 UTC,351,1228,412349011,12.661944444444446
2014-05-01 00:00:00 UTC,351,1197,412349523,0.74458333333333337
2014-05-01 00:00:00 UTC,351,1198,412323157,1.8988888888888888
2014-05-01 00:00:00 UTC,351,1197,412322647,2.4402777777777778
2014-05-01 00:00:00 UTC,351,1198,412323159,1.0693055555555553
2014-05-01 00:00:00 UTC,351,1197,412323159,0.3502777777777778
2014-05-01 00:00:00 UTC,351,1198,412323161,1.5755555555555556
2014-05-01 00:00:00 UTC,351,1196,412327514,6.7411111111111124
2014-05-01 00:00:00 UTC,351,1195,412327514,1.1155555555555556
2014-05-01 00:00:00 UTC,351,1197,412327514,0.29986111111111113
2014-05-01 00:00:00 UTC,351,1197,412327515,0.36972222222222223
2014-05-01 00:00:00 UTC,351,1196,412327515,6.1847222222222227
2014-05-01 00:00:00 UTC,351,128,247145820,0.44680555555555557
2014-05-01 00:00:00 UTC,351,1197,412328542,3.2897222222222227
2014-05-01 00:00:00 UTC,351,1292,440267103,1.4422222222222223
2014-05-01 00:00:00 UTC,351,1293,440267103,3.3508333333333336
2014-05-01 00:00:00 UTC,351,1292,440267105,7.0154166666666651
2014-05-01 00:00:00 UTC,351,1293,440267105,3.7477777777777774
2014-05-01 00:00:00 UTC,351,1292,440267107,3.3358333333333343
2014-05-01 00:00:00 UTC,351,1196,412323175,8.6381944444444425
2014-05-01 00:00:00 UTC,351,1195,412323175,0.53194444444444444
2014-05-01 00:00:00 UTC,351,1197,412323175,1.4845833333333334
2014-05-01 00:00:00 UTC,351,1197,412323176,1.8306944444444446
2014-05-01 00:00:00 UTC,351,1196,412323176,9.2958333333333343
2014-05-01 00:00:00 UTC,351,1195,412323176,1.8419444444444446
2014-05-01 00:00:00 UTC,351,1196,412323178,9.566805555555554
2014-05-01 00:00:00 UTC,351,1197,412323178,2.7062500000000003
2014-05-01 00:00:00 UTC,351,1195,412323178,1.13125
2014-05-01 00:00:00 UTC,351,1197,412322413,1.8840277777777779
2014-05-01 00:00:00 UTC,351,1196,412323182,0.765
2014-05-01 00:00:00 UTC,351,1197,412323182,3.8809722222222227
2014-05-01 00:00:00 UTC,351,1194,412323182,1.2109722222222223
2014-05-01 00:00:00 UTC,351,1197,412322928,6.6729166666666675
2014-05-01 00:00:00 UTC,351,1196,412322928,1.4476388888888889
2014-05-01 00:00:00 UTC,351,1197,412323184,3.5025000000000004
2014-05-01 00:00:00 UTC,351,1196,412323184,4.3500000000000005
2014-05-01 00:00:00 UTC,351,1195,412323184,0.25111111111111112
2014-05-01 00:00:00 UTC,351,1197,412323185,5.5845833333333328
2014-05-01 00:00:00 UTC,351,1196,412323185,3.5962500000000004
2014-05-01 00:00:00 UTC,351,1195,412323185,0.41972222222222222
2014-05-01 00:00:00 UTC,351,1195,412323186,0.48902777777777778
2014-05-01 00:00:00 UTC,351,1197,412323186,6.210972222222221
2014-05-01 00:00:00 UTC,351,1196,412323186,2.536805555555556
2014-05-01 00:00:00 UTC,351,-282,224098420,3.6427777777777779
2014-05-01 00:00:00 UTC,351,-279,224098420,1.1383333333333332
2014-05-01 00:00:00 UTC,351,-278,224098420,0.79194444444444445
2014-05-01 00:00:00 UTC,351,-280,224098420,1.7908333333333333
2014-05-01 00:00:00 UTC,351,-281,224098420,1.8205555555555555
2014-05-01 00:00:00 UTC,351,1197,412323188,8.7687499999999972
2014-05-01 00:00:00 UTC,351,1205,812041339,0.79902777777777767
2014-05-01 00:00:00 UTC,351,1204,812041339,10.393333333333334
2014-05-01 00:00:00 UTC,351,1197,412001663,12.738472222222221
2014-05-01 00:00:00 UTC,351,1196,412322689,1.2801388888888887
2014-05-01 00:00:00 UTC,351,1198,412323203,3.4116666666666671
2014-05-01 00:00:00 UTC,351,1197,412323203,5.4098611111111108
2014-05-01 00:00:00 UTC,351,1197,412323204,1.8743055555555554
2014-05-01 00:00:00 UTC,351,1196,412323204,5.0052777777777786
2014-05-01 00:00:00 UTC,351,1205,412349316,0.56152777777777785
2014-05-01 00:00:00 UTC,351,1204,412349316,8.4340277777777768
2014-05-01 00:00:00 UTC,351,1204,412349317,11.673472222222223
2014-05-01 00:00:00 UTC,351,1195,412321927,2.8298611111111112
2014-05-01 00:00:00 UTC,351,1197,412328583,4.2927777777777782
2014-05-01 00:00:00 UTC,351,1195,412328583,1.9338888888888888
2014-05-01 00:00:00 UTC,351,1196,412328583,14.919166666666666
2014-05-01 00:00:00 UTC,351,1195,412328584,2.7659722222222225
2014-05-01 00:00:00 UTC,351,1197,412328584,3.8545833333333333
2014-05-01 00:00:00 UTC,351,1196,412328584,13.053333333333331
2014-05-01 00:00:00 UTC,351,1197,412323211,8.3981944444444458
2014-05-01 00:00:00 UTC,351,1196,412323213,2.7430555555555558
2014-05-01 00:00:00 UTC,351,1197,412323213,7.7084722222222233
2014-05-01 00:00:00 UTC,351,1198,412323213,0.59597222222222224
2014-05-01 00:00:00 UTC,351,1197,889797774,4.2118055555555554
2014-05-01 00:00:00 UTC,351,1197,412349327,1.1994444444444445
2014-05-01 00:00:00 UTC,351,1197,412323216,3.1305555555555555
2014-05-01 00:00:00 UTC,351,1196,412323216,3.6177777777777775
2014-05-01 00:00:00 UTC,351,1197,412349328,1.1944444444444444
2014-05-01 00:00:00 UTC,351,1196,412323217,0.8059722222222222
2014-05-01 00:00:00 UTC,351,1197,412323217,6.4534722222222216
2014-05-01 00:00:00 UTC,351,1196,412323218,0.91583333333333328
2014-05-01 00:00:00 UTC,351,1197,412323218,6.198888888888888
2014-05-01 00:00:00 UTC,351,1195,412323218,0.48138888888888892
2014-05-01 00:00:00 UTC,351,1196,800029844,1.4309722222222223
2014-05-01 00:00:00 UTC,351,1195,800029844,1.1904166666666667
2014-05-01 00:00:00 UTC,351,1197,800029844,6.815138888888888
2014-05-01 00:00:00 UTC,351,1197,412323221,6.683472222222222
2014-05-01 00:00:00 UTC,351,1196,412323221,4.0369444444444458
2014-05-01 00:00:00 UTC,351,1196,412323222,0.68402777777777768
2014-05-01 00:00:00 UTC,351,1197,412323222,7.8791666666666647
2014-05-01 00:00:00 UTC,351,1196,412327064,3.2137499999999997
2014-05-01 00:00:00 UTC,351,1197,412327064,2.4048611111111113
2014-05-01 00:00:00 UTC,351,1194,412322715,0.5148611111111111
2014-05-01 00:00:00 UTC,351,1195,412322715,1.427777777777778
2014-05-01 00:00:00 UTC,351,1197,412322715,1.7609722222222222
2014-05-01 00:00:00 UTC,351,1196,412322715,8.7291666666666679
2014-05-01 00:00:00 UTC,351,1197,412349341,0.48861111111111111
2014-05-01 00:00:00 UTC,351,1197,412349344,0.25444444444444447
2014-05-01 00:00:00 UTC,351,1197,412349345,0.24597222222222223
2014-05-01 00:00:00 UTC,351,1196,412323234,3.110555555555556
2014-05-01 00:00:00 UTC,351,1197,412323234,7.468333333333331
2014-05-01 00:00:00 UTC,351,1198,412323234,2.5834722222222224
2014-05-01 00:00:00 UTC,351,1200,412327337,2.3454166666666665
2014-05-01 00:00:00 UTC,351,1197,818000301,4.4318055555555551
2014-05-01 00:00:00 UTC,351,1196,412322995,0.94527777777777788
2014-05-01 00:00:00 UTC,351,1197,800029884,6.9383333333333344
2014-05-01 00:00:00 UTC,351,1196,800029884,1.3809722222222223
2014-05-01 00:00:00 UTC,351,1195,800029884,0.23944444444444446
2014-05-01 00:00:00 UTC,351,1196,412323004,2.5251388888888888
2014-05-01 00:00:00 UTC,351,1197,412323004,0.58916666666666662
2014-05-01 00:00:00 UTC,351,1196,412327357,2.5936111111111115
2014-05-01 00:00:00 UTC,351,1197,412327357,2.4298611111111112
2014-05-01 00:00:00 UTC,351,1205,412349377,12.440000000000001
2014-05-01 00:00:00 UTC,351,1204,412349377,3.0640277777777776
2014-05-01 00:00:00 UTC,351,1196,412387011,0.21027777777777779
2014-05-01 00:00:00 UTC,351,1196,412323012,2.0286111111111111
2014-05-01 00:00:00 UTC,351,1197,412323012,6.9195833333333336
2014-05-01 00:00:00 UTC,351,1195,412323012,0.95625
2014-05-01 00:00:00 UTC,351,1197,412327365,4.4340277777777786
2014-05-01 00:00:00 UTC,351,1196,412327365,7.660277777777778
2014-05-01 00:00:00 UTC,351,1195,412327365,1.3122222222222224
2014-05-01 00:00:00 UTC,351,1199,412328139,5.9695833333333326
2014-05-01 00:00:00 UTC,351,1198,818000076,1.6209722222222223
2014-05-01 00:00:00 UTC,351,1197,818000076,2.7188888888888889
2014-05-01 00:00:00 UTC,351,1196,818000076,1.9498611111111113
2014-05-01 00:00:00 UTC,351,1193,818000076,2.7777777777777777
2014-05-01 00:00:00 UTC,351,1197,811021517,5.790694444444445
2014-05-01 00:00:00 UTC,351,1198,811021517,3.014444444444444
2014-05-01 00:00:00 UTC,351,1310,440702930,13.73013888888889
2014-05-01 00:00:00 UTC,351,1205,412348883,8.2752777777777773
2014-05-01 00:00:00 UTC,351,1205,412349395,7.19861111111111
2014-05-01 00:00:00 UTC,351,1196,412330452,2.3377777777777777
2014-05-01 00:00:00 UTC,351,1197,412330452,7.2030555555555562
2014-05-01 00:00:00 UTC,351,1197,413062102,1.5156944444444445
2014-05-01 00:00:00 UTC,351,1197,412330455,3.5773611111111108
2014-05-01 00:00:00 UTC,351,1292,440147930,4.3936111111111114
2014-05-01 00:00:00 UTC,351,1197,412325594,2.6793055555555556
2014-05-01 00:00:00 UTC,351,1196,412325594,0.17986111111111111
2014-05-01 00:00:00 UTC,351,1199,412328154,3.0100000000000002
2014-05-01 00:00:00 UTC,351,1198,412328154,1.5551388888888891
2014-05-01 00:00:00 UTC,351,1197,412323038,3.7831944444444443
2014-05-01 00:00:00 UTC,351,1195,412323041,7.4440277777777775
2014-05-01 00:00:00 UTC,351,1196,412320738,7.1933333333333342
2014-05-01 00:00:00 UTC,351,1195,412320738,0.35652777777777778
2014-05-01 00:00:00 UTC,351,1197,412320738,4.5237500000000015
2014-05-01 00:00:00 UTC,351,1199,412328163,7.5780555555555553
2014-05-01 00:00:00 UTC,351,1197,412327397,4.1641666666666657
2014-05-01 00:00:00 UTC,351,1196,412327397,13.627638888888891
2014-05-01 00:00:00 UTC,351,1197,412324838,3.7488888888888878
2014-05-01 00:00:00 UTC,351,1195,412324838,1.7602777777777778
2014-05-01 00:00:00 UTC,351,1196,412324838,6.4570833333333333
2014-05-01 00:00:00 UTC,351,1197,412324839,3.8283333333333331
2014-05-01 00:00:00 UTC,351,1196,412324839,6.2622222222222224
2014-05-01 00:00:00 UTC,351,1195,412324839,2.0070833333333336
2014-05-01 00:00:00 UTC,351,1199,412328167,5.959722222222223
2014-05-01 00:00:00 UTC,351,1198,412328167,2.154722222222222
2014-05-01 00:00:00 UTC,351,1197,412328167,0.25
2014-05-01 00:00:00 UTC,351,1197,412323304,3.9293055555555561
2014-05-01 00:00:00 UTC,351,1199,412328168,7.38486111111111
2014-05-01 00:00:00 UTC,351,1197,413061096,6.7043055555555551
2014-05-01 00:00:00 UTC,351,1197,412322793,4.8209722222222222
2014-05-01 00:00:00 UTC,351,1197,412323305,3.1641666666666666
2014-05-01 00:00:00 UTC,351,1199,412328169,8.1436111111111114
2014-05-01 00:00:00 UTC,351,1308,440302570,13.526805555555557
2014-05-01 00:00:00 UTC,351,1307,440302570,1.0273611111111109
2014-05-01 00:00:00 UTC,351,1198,412328173,0.12958333333333333
2014-05-01 00:00:00 UTC,351,1195,412327157,5.07013888888889
2014-05-01 00:00:00 UTC,607,-27,227360000,2.3602777777777781
2014-05-01 00:00:00 UTC,607,-26,227360000,8.7093055555555576
2014-05-01 00:00:00 UTC,607,-25,227360000,0.32722222222222219
2014-05-01 00:00:00 UTC,607,1735,273840900,2.2708333333333335
2014-05-01 00:00:00 UTC,607,1733,273840900,7.1655555555555566
2014-05-01 00:00:00 UTC,607,1736,273840900,1.5431944444444445
2014-05-01 00:00:00 UTC,607,1734,273840900,4.8095833333333333
2014-05-01 00:00:00 UTC,607,1732,273840900,7.6958333333333337
2014-05-01 00:00:00 UTC,607,-4,232006940,4.2068055555555555
2014-05-01 00:00:00 UTC,607,-69,231188000,9.07513888888889
2014-05-01 00:00:00 UTC,607,-69,231187000,3.1890277777777776
2014-05-01 00:00:00 UTC,607,-15,232006490,3.2787500000000005
2014-05-01 00:00:00 UTC,607,-16,232006490,8.9872222222222238
2014-05-01 00:00:00 UTC,607,-27,226246000,0.79166666666666663
2014-05-01 00:00:00 UTC,607,-26,226246000,3.0218055555555559
2014-05-01 00:00:00 UTC,607,1739,273846700,5.7323611111111115
2014-05-01 00:00:00 UTC,607,1740,273846700,2.225
2014-05-01 00:00:00 UTC,607,-30,235000820,6.2879166666666659
2014-05-01 00:00:00 UTC,607,-32,235000820,5.5697222222222225
2014-05-01 00:00:00 UTC,607,-28,235000820,3.29875
2014-05-01 00:00:00 UTC,607,-29,235000820,0.82194444444444448
2014-05-01 00:00:00 UTC,-417,-608,701006083,0.18680555555555556
2014-05-01 00:00:00 UTC,-417,-607,701006083,0.65263888888888888
2014-05-01 00:00:00 UTC,-417,-607,701006094,3.1043055555555554
2014-05-01 00:00:00 UTC,-417,-608,701006094,1.8916666666666668
2014-05-01 00:00:00 UTC,-417,-605,701006094,0.75694444444444442
2014-05-01 00:00:00 UTC,-417,-606,701006094,0.75
2014-05-01 00:00:00 UTC,-417,-602,701097000,0.7695833333333334
2014-05-01 00:00:00 UTC,-417,-576,701042000,3.0962500000000004
2014-05-01 00:00:00 UTC,-417,-577,701042000,1.5081944444444444
2014-05-01 00:00:00 UTC,-417,-602,701000658,3.06875
2014-05-01 00:00:00 UTC,-417,-603,701000932,1.5318055555555556
2014-05-01 00:00:00 UTC,-417,-604,701000932,1.5905555555555555
2014-05-01 00:00:00 UTC,-417,-606,701000932,6.2516666666666669
2014-05-01 00:00:00 UTC,-161,40,432319000,2.0905555555555555
2014-05-01 00:00:00 UTC,-161,41,432319000,6.0505555555555564
2014-05-01 00:00:00 UTC,-161,-861,735059233,3.0234722222222223
2014-05-01 00:00:00 UTC,-161,-804,412420431,11.028888888888888
2014-05-01 00:00:00 UTC,-161,-1230,412420817,0.73694444444444451
2014-05-01 00:00:00 UTC,352,1197,412322561,11.537222222222223
2014-05-01 00:00:00 UTC,352,1196,412322561,4.9104166666666664
2014-05-01 00:00:00 UTC,352,1196,412327173,0.60666666666666669
2014-05-01 00:00:00 UTC,352,1202,412349701,0.45625000000000004
2014-05-01 00:00:00 UTC,352,1201,412349701,1.1683333333333334
2014-05-01 00:00:00 UTC,352,1198,412328198,0.11499999999999999
2014-05-01 00:00:00 UTC,352,1197,412328198,0.24027777777777778
2014-05-01 00:00:00 UTC,352,1230,412348941,8.2004166666666674
2014-05-01 00:00:00 UTC,352,1197,412323088,0.33902777777777776
2014-05-01 00:00:00 UTC,352,1204,412349712,7.0720833333333326
2014-05-01 00:00:00 UTC,352,1197,412328212,1.3026388888888887
2014-05-01 00:00:00 UTC,352,1197,412328213,1.2297222222222222
2014-05-01 00:00:00 UTC,352,1201,412349719,4.1194444444444454
2014-05-01 00:00:00 UTC,352,1292,440003864,1.2084722222222222
2014-05-01 00:00:00 UTC,352,1194,412327197,0.51000000000000012
2014-05-01 00:00:00 UTC,352,1195,412327197,2.9722222222222219
2014-05-01 00:00:00 UTC,352,1196,412327454,5.1523611111111114
2014-05-01 00:00:00 UTC,352,1197,412327454,0.638611111111111
2014-05-01 00:00:00 UTC,352,1196,412327455,3.9749999999999992
2014-05-01 00:00:00 UTC,352,1196,412327456,4.002361111111111
2014-05-01 00:00:00 UTC,352,1196,412330273,0.15069444444444446
2014-05-01 00:00:00 UTC,352,1293,440101410,10.144722222222223
2014-05-01 00:00:00 UTC,352,1197,412327458,1.590138888888889
2014-05-01 00:00:00 UTC,352,1197,412322856,8.4263888888888889
2014-05-01 00:00:00 UTC,352,1197,412328232,9.3979166666666689
2014-05-01 00:00:00 UTC,352,1196,412328232,2.827638888888889
2014-05-01 00:00:00 UTC,352,1197,412322601,4.7534722222222223
2014-05-01 00:00:00 UTC,352,1196,412322601,3.3083333333333331
2014-05-01 00:00:00 UTC,352,1197,412322862,1.6198611111111112
2014-05-01 00:00:00 UTC,352,1196,412322862,6.3744444444444444
2014-05-01 00:00:00 UTC,352,1196,412322863,0.94500000000000006
2014-05-01 00:00:00 UTC,352,1197,412322863,7.9590277777777754
2014-05-01 00:00:00 UTC,352,1198,412322863,3.4901388888888887
2014-05-01 00:00:00 UTC,352,1198,412322864,3.3651388888888887
2014-05-01 00:00:00 UTC,352,1196,412322864,0.83972222222222226
2014-05-01 00:00:00 UTC,352,1197,412322864,7.9915277777777769
2014-05-01 00:00:00 UTC,352,1197,412322865,2.8240277777777778
2014-05-01 00:00:00 UTC,352,1196,412330289,0.18472222222222223
2014-05-01 00:00:00 UTC,352,1197,412327474,3.7611111111111106
2014-05-01 00:00:00 UTC,352,1196,412327474,0.99541666666666673
2014-05-01 00:00:00 UTC,352,1196,412328242,2.7766666666666664
2014-05-01 00:00:00 UTC,352,1197,412328242,8.917638888888888
2014-05-01 00:00:00 UTC,352,1197,412327475,3.2691666666666666
2014-05-01 00:00:00 UTC,352,1196,412327475,0.75888888888888884
2014-05-01 00:00:00 UTC,352,1196,412330291,0.24
2014-05-01 00:00:00 UTC,352,1196,412330292,0.27402777777777776
2014-05-01 00:00:00 UTC,352,1197,412327478,10.488472222222224
2014-05-01 00:00:00 UTC,352,1197,412327479,10.740555555555556
2014-05-01 00:00:00 UTC,352,1197,812012345,0.85319444444444448
2014-05-01 00:00:00 UTC,352,1196,412322874,2.580138888888889
2014-05-01 00:00:00 UTC,352,1197,412322874,11.864722222222222
2014-05-01 00:00:00 UTC,352,1196,412322875,1.6590277777777778
2014-05-01 00:00:00 UTC,352,1197,412322875,5.3501388888888872
2014-05-01 00:00:00 UTC,352,1197,412327483,4.7863888888888884
2014-05-01 00:00:00 UTC,352,1196,412322877,2.75
2014-05-01 00:00:00 UTC,352,1197,412322877,8.4904166666666647
2014-05-01 00:00:00 UTC,352,-475,224101950,2.9913888888888889
2014-05-01 00:00:00 UTC,352,-473,224101950,2.8783333333333339
2014-05-01 00:00:00 UTC,352,1197,412323134,1.4190277777777776
2014-05-01 00:00:00 UTC,352,1196,412322881,1.0113888888888889
2014-05-01 00:00:00 UTC,352,1197,412322881,8.16
2014-05-01 00:00:00 UTC,352,1198,412322881,3.9126388888888886
2014-05-01 00:00:00 UTC,352,1197,412323139,5.5888888888888886
2014-05-01 00:00:00 UTC,352,1196,412323139,0.821388888888889
2014-05-01 00:00:00 UTC,352,1197,412323141,5.578888888888887
2014-05-01 00:00:00 UTC,352,1196,412323141,0.68347222222222215
2014-05-01 00:00:00 UTC,352,1197,412322889,9.9218055555555562
2014-05-01 00:00:00 UTC,352,1300,440411210,13.59375
2014-05-01 00:00:00 UTC,352,1196,412323147,1.8934722222222222
2014-05-01 00:00:00 UTC,352,1197,412323147,2.9348611111111107
2014-05-01 00:00:00 UTC,352,1197,412322894,5.5534722222222213
2014-05-01 00:00:00 UTC,352,1196,412322894,4.7008333333333336
2014-05-01 00:00:00 UTC,352,1198,412326734,0.56888888888888889
2014-05-01 00:00:00 UTC,352,1199,412326734,4.6894444444444439
2014-05-01 00:00:00 UTC,352,1197,412349523,6.0388888888888879
2014-05-01 00:00:00 UTC,352,1197,412322647,5.5087499999999991
2014-05-01 00:00:00 UTC,352,1198,412323159,0.17
2014-05-01 00:00:00 UTC,352,1196,412327514,5.1897222222222226
2014-05-01 00:00:00 UTC,352,1197,412327515,0.82930555555555552
2014-05-01 00:00:00 UTC,352,1196,412327515,4.4201388888888893
2014-05-01 00:00:00 UTC,352,1200,412330332,8.8826388888888879
2014-05-01 00:00:00 UTC,352,1200,412330333,2.6208333333333331
2014-05-01 00:00:00 UTC,352,1201,412330333,1.3511111111111112
2014-05-01 00:00:00 UTC,352,1197,412328542,1.0498611111111111
2014-05-01 00:00:00 UTC,352,1198,412330334,0.41513888888888884
2014-05-01 00:00:00 UTC,352,1293,440267103,0.21263888888888888
2014-05-01 00:00:00 UTC,352,1200,412330336,1.4191666666666665
2014-05-01 00:00:00 UTC,352,1293,440267104,1.3320833333333333
2014-05-01 00:00:00 UTC,352,1292,440267104,7.4948611111111108
2014-05-01 00:00:00 UTC,352,1294,440267104,3.8058333333333332
2014-05-01 00:00:00 UTC,352,1200,412330337,8.87277777777778
2014-05-01 00:00:00 UTC,352,1199,412330337,0.17486111111111111
2014-05-01 00:00:00 UTC,352,1292,440267105,6.3372222222222216
2014-05-01 00:00:00 UTC,352,1203,800031586,16.275277777777777
2014-05-01 00:00:00 UTC,352,1198,412330338,0.32486111111111116
2014-05-01 00:00:00 UTC,352,1292,440267107,1.0438888888888889
2014-05-01 00:00:00 UTC,352,1196,412323175,3.6395833333333329
2014-05-01 00:00:00 UTC,352,1197,412323175,3.5387500000000003
2014-05-01 00:00:00 UTC,352,1197,412323176,3.3701388888888886
2014-05-01 00:00:00 UTC,352,1196,412323176,3.5658333333333334
2014-05-01 00:00:00 UTC,352,1196,412323178,1.1001388888888888
2014-05-01 00:00:00 UTC,352,1197,412323178,5.2404166666666665
2014-05-01 00:00:00 UTC,352,128,247070830,5.9037500000000005
2014-05-01 00:00:00 UTC,352,1197,412323182,5.3426388888888878
2014-05-01 00:00:00 UTC,352,1196,412323182,1.1643055555555557
2014-05-01 00:00:00 UTC,352,1197,412322928,8.8798611111111114
2014-05-01 00:00:00 UTC,352,1196,412323184,3.4595833333333332
2014-05-01 00:00:00 UTC,352,1197,412323184,2.9443055555555548
2014-05-01 00:00:00 UTC,352,1196,412323185,3.4531944444444438
2014-05-01 00:00:00 UTC,352,1197,412323185,3.4441666666666673
2014-05-01 00:00:00 UTC,352,1196,412323186,6.1440277777777794
2014-05-01 00:00:00 UTC,352,1197,412323186,5.7630555555555558
2014-05-01 00:00:00 UTC,352,1197,412323188,7.4686111111111115
2014-05-01 00:00:00 UTC,352,1198,412323188,2.2398611111111113
2014-05-01 00:00:00 UTC,352,1197,412001663,0.28513888888888889
2014-05-01 00:00:00 UTC,352,1201,412330367,1.0191666666666666
2014-05-01 00:00:00 UTC,352,1200,412330367,17.822777777777777
2014-05-01 00:00:00 UTC,352,142,247228800,3.7620833333333339
2014-05-01 00:00:00 UTC,352,1293,440263808,10.20847222222222
2014-05-01 00:00:00 UTC,352,1292,440263808,0.673888888888889
2014-05-01 00:00:00 UTC,352,1197,412323203,7.8033333333333328
2014-05-01 00:00:00 UTC,352,1198,412323203,1.8245833333333334
2014-05-01 00:00:00 UTC,352,1197,412323204,2.0394444444444448
2014-05-01 00:00:00 UTC,352,1196,412323204,3.3890277777777782
2014-05-01 00:00:00 UTC,352,1195,412321927,2.3106944444444446
2014-05-01 00:00:00 UTC,352,1196,412328583,0.26458333333333334
2014-05-01 00:00:00 UTC,352,1196,412328584,0.48402777777777778
2014-05-01 00:00:00 UTC,352,1200,412330376,14.73875
2014-05-01 00:00:00 UTC,352,1201,412330376,0.42291666666666672
2014-05-01 00:00:00 UTC,352,1197,412323211,5.7005555555555558
2014-05-01 00:00:00 UTC,352,1197,412323213,7.244861111111109
2014-05-01 00:00:00 UTC,352,1198,412323213,0.51944444444444449
2014-05-01 00:00:00 UTC,352,1197,889797774,5.038333333333334
2014-05-01 00:00:00 UTC,352,1197,412349327,3.1277777777777782
2014-05-01 00:00:00 UTC,352,1198,412349327,0.66402777777777777
2014-05-01 00:00:00 UTC,352,-67,242554000,8.6
2014-05-01 00:00:00 UTC,352,1196,412323216,2.9606944444444445
2014-05-01 00:00:00 UTC,352,1197,412323216,2.8855555555555559
2014-05-01 00:00:00 UTC,352,1197,412349328,3.03875
2014-05-01 00:00:00 UTC,352,1198,412349328,0.20527777777777778
2014-05-01 00:00:00 UTC,352,1197,412323217,7.6826388888888877
2014-05-01 00:00:00 UTC,352,1197,412323218,7.6970833333333326
2014-05-01 00:00:00 UTC,352,1197,800029844,12.521250000000002
2014-05-01 00:00:00 UTC,352,1197,412323221,8.62
2014-05-01 00:00:00 UTC,352,1197,412323222,9.82
2014-05-01 00:00:00 UTC,352,1194,412327064,0.20027777777777778
2014-05-01 00:00:00 UTC,352,1197,412327064,3.9656944444444444
2014-05-01 00:00:00 UTC,352,1196,412322715,4.0391666666666675
2014-05-01 00:00:00 UTC,352,149,249000860,15.556527777777777
2014-05-01 00:00:00 UTC,352,1197,412349341,3.4058333333333337
2014-05-01 00:00:00 UTC,352,1198,412349344,0.45930555555555552
2014-05-01 00:00:00 UTC,352,1197,412349344,3.5902777777777781
2014-05-01 00:00:00 UTC,352,1197,412349345,3.1681944444444441
2014-05-01 00:00:00 UTC,352,1198,412323234,3.344583333333333
2014-05-01 00:00:00 UTC,352,1197,412323234,3.4550000000000005
2014-05-01 00:00:00 UTC,352,1196,412323234,4.0338888888888889
2014-05-01 00:00:00 UTC,352,1204,412349351,8.9816666666666656
2014-05-01 00:00:00 UTC,352,1294,440004779,0.22638888888888889
2014-05-01 00:00:00 UTC,352,1293,440004779,16.291666666666668
2014-05-01 00:00:00 UTC,352,1197,818000301,1.0997222222222223
2014-05-01 00:00:00 UTC,352,1197,412322482,2.4463888888888885
2014-05-01 00:00:00 UTC,352,1196,412322482,0.73708333333333331
2014-05-01 00:00:00 UTC,352,-67,242130100,2.9875
2014-05-01 00:00:00 UTC,352,1292,440153270,0.20944444444444443
2014-05-01 00:00:00 UTC,352,1293,440153270,3.0668055555555558
2014-05-01 00:00:00 UTC,352,1198,412328123,21.851944444444445
2014-05-01 00:00:00 UTC,352,1197,412328123,0.21486111111111111
2014-05-01 00:00:00 UTC,352,1197,800029884,12.571666666666669
2014-05-01 00:00:00 UTC,352,1197,412323004,2.6809722222222216
2014-05-01 00:00:00 UTC,352,1196,412323004,1.8484722222222221
2014-05-01 00:00:00 UTC,352,1197,412327357,3.8820833333333336
2014-05-01 00:00:00 UTC,352,1196,412327357,0.2852777777777778
2014-05-01 00:00:00 UTC,352,1204,412349378,11.531944444444447
2014-05-01 00:00:00 UTC,352,1196,412323012,4.8145833333333332
2014-05-01 00:00:00 UTC,352,1197,412323012,5.88236111111111
2014-05-01 00:00:00 UTC,352,1197,412327365,1.3498611111111112
2014-05-01 00:00:00 UTC,352,1195,412328138,2.4743055555555551
2014-05-01 00:00:00 UTC,352,1196,412328138,0.28847222222222224
2014-05-01 00:00:00 UTC,352,1197,818000076,2.5844444444444443
2014-05-01 00:00:00 UTC,352,1198,818000076,2.6294444444444447
2014-05-01 00:00:00 UTC,352,1196,818000076,1.6854166666666668
2014-05-01 00:00:00 UTC,352,1197,811021517,7.4575000000000014
2014-05-01 00:00:00 UTC,352,1198,811021517,1.814861111111111
2014-05-01 00:00:00 UTC,352,1301,440412110,14.599583333333333
2014-05-01 00:00:00 UTC,352,1198,412322767,8.3336111111111126
2014-05-01 00:00:00 UTC,352,1197,412322767,0.21000000000000002
2014-05-01 00:00:00 UTC,352,1196,412330452,2.8804166666666662
2014-05-01 00:00:00 UTC,352,1197,412330452,5.8880555555555532
2014-05-01 00:00:00 UTC,352,1197,413062102,6.042361111111112
2014-05-01 00:00:00 UTC,352,1197,412330455,0.66902777777777778
2014-05-01 00:00:00 UTC,352,1293,440103640,0.41083333333333333
2014-05-01 00:00:00 UTC,352,1204,412349401,15.526944444444444
2014-05-01 00:00:00 UTC,352,1292,440147930,2.6215277777777777
2014-05-01 00:00:00 UTC,352,1196,412325594,1.8044444444444445
2014-05-01 00:00:00 UTC,352,1197,412325594,3.789305555555555
2014-05-01 00:00:00 UTC,352,1204,412349402,19.050138888888888
2014-05-01 00:00:00 UTC,352,1197,412323038,1.0454166666666667
2014-05-01 00:00:00 UTC,352,1194,412323041,0.10958333333333334
2014-05-01 00:00:00 UTC,352,1195,412323041,2.1301388888888892
2014-05-01 00:00:00 UTC,352,1195,412328161,2.3425
2014-05-01 00:00:00 UTC,352,1196,412328161,2.8175
2014-05-01 00:00:00 UTC,352,1197,412320738,5.0815277777777776
2014-05-01 00:00:00 UTC,352,1197,412327397,1.2497222222222222
2014-05-01 00:00:00 UTC,352,1196,412324838,1.2502777777777778
2014-05-01 00:00:00 UTC,352,1197,412324838,3.2091666666666665
2014-05-01 00:00:00 UTC,352,1197,412324839,3.4316666666666675
2014-05-01 00:00:00 UTC,352,1196,412324839,0.73291666666666666
2014-05-01 00:00:00 UTC,352,1197,412323304,1.685
2014-05-01 00:00:00 UTC,352,1197,413061096,11.254166666666666
2014-05-01 00:00:00 UTC,352,1197,412322793,0.80944444444444441
2014-05-01 00:00:00 UTC,352,1197,412323305,1.56
2014-05-01 00:00:00 UTC,352,1224,412323564,4.9523611111111112
2014-05-01 00:00:00 UTC,352,1225,412323564,3.830138888888889
2014-05-01 00:00:00 UTC,352,1198,412328173,0.58013888888888887
2014-05-01 00:00:00 UTC,352,1197,412328173,0.39986111111111111
2014-05-01 00:00:00 UTC,352,1196,412330226,0.16638888888888886
2014-05-01 00:00:00 UTC,352,1195,412327157,2.545694444444444
2014-05-01 00:00:00 UTC,352,1293,440153590,3.8051388888888886
2014-05-01 00:00:00 UTC,352,1195,412328185,0.24791666666666667
2014-05-01 00:00:00 UTC,352,-127,263500286,5.202638888888889
2014-05-01 00:00:00 UTC,608,-26,227360000,2.4456944444444444
2014-05-01 00:00:00 UTC,608,-23,227360000,0.28500000000000003
2014-05-01 00:00:00 UTC,608,-24,227360000,2.4319444444444445
2014-05-01 00:00:00 UTC,608,-25,227360000,7.3226388888888891
2014-05-01 00:00:00 UTC,608,-69,231187000,3.8
2014-05-01 00:00:00 UTC,608,-12,232006490,0.26291666666666669
2014-05-01 00:00:00 UTC,608,-13,232006490,0.31319444444444444
2014-05-01 00:00:00 UTC,608,-15,232006490,4.0340277777777773
2014-05-01 00:00:00 UTC,608,-14,232006490,1.3284722222222221
2014-05-01 00:00:00 UTC,608,-22,226246000,0.58638888888888885
2014-05-01 00:00:00 UTC,608,-23,226246000,1.5755555555555556
2014-05-01 00:00:00 UTC,608,202,230002550,2.7283333333333326
2014-05-01 00:00:00 UTC,608,30,257018000,2.9068055555555556
2014-05-01 00:00:00 UTC,608,31,257018000,2.2195833333333335
2014-05-01 00:00:00 UTC,608,-70,231087000,7.1511111111111116
2014-05-01 00:00:00 UTC,608,31,259407000,2.1727777777777777
2014-05-01 00:00:00 UTC,608,30,259407000,6.834722222222223
2014-05-01 00:00:00 UTC,608,-73,273298600,23.4675
2014-05-01 00:00:00 UTC,608,1741,273846700,2.3005555555555555
2014-05-01 00:00:00 UTC,608,1743,273846700,2.285
2014-05-01 00:00:00 UTC,608,1742,273846700,4.5788888888888888
2014-05-01 00:00:00 UTC,608,1740,273846700,4.6783333333333337
2014-05-01 00:00:00 UTC,608,1736,273827000,0.84305555555555556
2014-05-01 00:00:00 UTC,608,1735,273827000,1.4973611111111111
2014-05-01 00:00:00 UTC,608,1734,273827000,2.2575
2014-05-01 00:00:00 UTC,608,-28,235000820,2.1094444444444447
2014-05-01 00:00:00 UTC,-416,-614,701006094,4.5131944444444443
2014-05-01 00:00:00 UTC,-416,-604,701006094,1.4579166666666667
2014-05-01 00:00:00 UTC,-416,1691,512001926,1.8169444444444443
2014-05-01 00:00:00 UTC,-416,-578,701007040,1.5243055555555556
2014-05-01 00:00:00 UTC,-160,-862,735059233,6.0725
2014-05-01 00:00:00 UTC,-160,37,432045000,1.7847222222222223
2014-05-01 00:00:00 UTC,97,-155,341765000,2.791666666666667
2014-05-01 00:00:00 UTC,97,-156,341765000,5.433472222222222
2014-05-01 00:00:00 UTC,97,-154,412440267,5.8738888888888887
2014-05-01 00:00:00 UTC,353,144,256000513,2.0838888888888887
2014-05-01 00:00:00 UTC,353,1196,412322561,1.9140277777777779
2014-05-01 00:00:00 UTC,353,1197,412322561,2.9793055555555554
2014-05-01 00:00:00 UTC,353,1196,412327173,0.34222222222222221
2014-05-01 00:00:00 UTC,353,1196,412330252,6.9275000000000011
2014-05-01 00:00:00 UTC,353,1195,412330252,1.6195833333333334
2014-05-01 00:00:00 UTC,353,1230,412348941,5.385
2014-05-01 00:00:00 UTC,353,1199,412328206,0.57597222222222222
2014-05-01 00:00:00 UTC,353,1198,412328206,0.65083333333333337
2014-05-01 00:00:00 UTC,353,1200,412328206,5.5816666666666661
2014-05-01 00:00:00 UTC,353,1198,412321046,4.3891666666666671
2014-05-01 00:00:00 UTC,353,1197,412321046,3.9631944444444449
2014-05-01 00:00:00 UTC,353,1197,412321047,3.9381944444444446
2014-05-01 00:00:00 UTC,353,1198,412321047,4.5901388888888892
2014-05-01 00:00:00 UTC,353,1196,412330267,5.2861111111111123
2014-05-01 00:00:00 UTC,353,1195,412330267,0.15444444444444444
2014-05-01 00:00:00 UTC,353,1196,412327454,1.1829166666666666
2014-05-01 00:00:00 UTC,353,1196,412327455,0.11666666666666667
2014-05-01 00:00:00 UTC,353,1196,412327456,0.21361111111111111
2014-05-01 00:00:00 UTC,353,1196,412330273,7.8545833333333333
2014-05-01 00:00:00 UTC,353,1195,412330277,2.66875
2014-05-01 00:00:00 UTC,353,1196,412330277,4.6743055555555548
2014-05-01 00:00:00 UTC,353,1197,412322856,5.7572222222222216
2014-05-01 00:00:00 UTC,353,1196,412328232,0.17055555555555557
2014-05-01 00:00:00 UTC,353,1197,412328232,3.2780555555555555
2014-05-01 00:00:00 UTC,353,1198,412349736,1.027638888888889
2014-05-01 00:00:00 UTC,353,1197,412349736,2.399861111111111
2014-05-01 00:00:00 UTC,353,1197,412322601,2.2986111111111112
2014-05-01 00:00:00 UTC,353,1196,412322601,0.33944444444444444
2014-05-01 00:00:00 UTC,353,1196,412322862,1.0195833333333333
2014-05-01 00:00:00 UTC,353,1197,412322863,3.7094444444444448
2014-05-01 00:00:00 UTC,353,1197,412322864,3.4733333333333327
2014-05-01 00:00:00 UTC,353,1195,412330289,16.301527777777775
2014-05-01 00:00:00 UTC,353,1196,412330289,7.5584722222222211
2014-05-01 00:00:00 UTC,353,1196,412328242,0.22527777777777777
2014-05-01 00:00:00 UTC,353,1197,412328242,3.8379166666666675
2014-05-01 00:00:00 UTC,353,1196,412330291,0.51361111111111113
2014-05-01 00:00:00 UTC,353,1313,440151860,0.53805555555555551
2014-05-01 00:00:00 UTC,353,1196,412330292,0.48250000000000004
2014-05-01 00:00:00 UTC,353,1197,412327478,6.4188888888888895
2014-05-01 00:00:00 UTC,353,1197,412327479,6.4013888888888895
2014-05-01 00:00:00 UTC,353,1196,412322874,0.24
2014-05-01 00:00:00 UTC,353,1197,412322874,2.6247222222222226
2014-05-01 00:00:00 UTC,353,1197,412322875,2.485
2014-05-01 00:00:00 UTC,353,1197,412327483,1.4694444444444446
2014-05-01 00:00:00 UTC,353,1197,412322877,0.75874999999999992
2014-05-01 00:00:00 UTC,353,-473,224101950,1.8593055555555558
2014-05-01 00:00:00 UTC,353,1197,412322881,3.6737499999999992
2014-05-01 00:00:00 UTC,353,1197,412323139,2.127361111111111
2014-05-01 00:00:00 UTC,353,1197,412323141,2.2806944444444448
2014-05-01 00:00:00 UTC,353,1197,412322889,2.3354166666666667
2014-05-01 00:00:00 UTC,353,1197,412323147,3.2577777777777781
2014-05-01 00:00:00 UTC,353,134,249000270,10.842083333333333
2014-05-01 00:00:00 UTC,353,133,249000270,6.35375
2014-05-01 00:00:00 UTC,353,1199,412349521,1.0098611111111111
2014-05-01 00:00:00 UTC,353,1198,412349523,1.5444444444444447
2014-05-01 00:00:00 UTC,353,1197,412349523,0.38555555555555554
2014-05-01 00:00:00 UTC,353,1197,412322647,1.3648611111111113
2014-05-01 00:00:00 UTC,353,1198,412330332,0.14944444444444444
2014-05-01 00:00:00 UTC,353,1199,412330332,1.9993055555555554
2014-05-01 00:00:00 UTC,353,1197,412330333,0.803888888888889
2014-05-01 00:00:00 UTC,353,1198,412330333,1.2798611111111109
2014-05-01 00:00:00 UTC,353,1199,412330333,0.8975
2014-05-01 00:00:00 UTC,353,1200,412330333,0.6275
2014-05-01 00:00:00 UTC,353,1197,412330334,0.27944444444444444
2014-05-01 00:00:00 UTC,353,1198,412330334,0.26416666666666666
2014-05-01 00:00:00 UTC,353,1200,412330337,0.46486111111111106
2014-05-01 00:00:00 UTC,353,1199,412330337,0.86902777777777773
2014-05-01 00:00:00 UTC,353,1198,412330337,0.93944444444444442
2014-05-01 00:00:00 UTC,353,1196,412330338,0.14986111111111111
2014-05-01 00:00:00 UTC,353,1198,412330338,0.11944444444444444
2014-05-01 00:00:00 UTC,353,1197,412330338,0.54527777777777775
2014-05-01 00:00:00 UTC,353,1197,412323175,2.3904166666666669
2014-05-01 00:00:00 UTC,353,1198,412323175,0.32472222222222225
2014-05-01 00:00:00 UTC,353,1197,412323176,2.6701388888888893
2014-05-01 00:00:00 UTC,353,1197,412323178,1.3569444444444445
2014-05-01 00:00:00 UTC,353,1200,412348778,7.132777777777779
2014-05-01 00:00:00 UTC,353,128,247070830,4.7034722222222225
2014-05-01 00:00:00 UTC,353,1197,412322928,6.7652777777777766
2014-05-01 00:00:00 UTC,353,1197,412323184,0.12555555555555556
2014-05-01 00:00:00 UTC,353,1197,412323188,2.1795833333333334
2014-05-01 00:00:00 UTC,353,1198,412349813,2.3329166666666663
2014-05-01 00:00:00 UTC,353,1198,412349567,3.0143055555555556
2014-05-01 00:00:00 UTC,353,1197,412349567,2.8869444444444445
2014-05-01 00:00:00 UTC,353,1237,412325504,1.0618055555555554
2014-05-01 00:00:00 UTC,353,1197,412323203,4.5100000000000007
2014-05-01 00:00:00 UTC,353,1198,412349571,0.5411111111111111
2014-05-01 00:00:00 UTC,353,1197,412349571,0.74486111111111108
2014-05-01 00:00:00 UTC,353,1197,412323204,1.0106944444444446
2014-05-01 00:00:00 UTC,353,1198,412330376,0.27069444444444446
2014-05-01 00:00:00 UTC,353,1197,412330376,0.37222222222222223
2014-05-01 00:00:00 UTC,353,1200,412330376,0.19555555555555554
2014-05-01 00:00:00 UTC,353,1197,412323211,4.7534722222222214
2014-05-01 00:00:00 UTC,353,1195,412327563,0.15152777777777779
2014-05-01 00:00:00 UTC,353,1197,412323213,0.87944444444444425
2014-05-01 00:00:00 UTC,353,1200,412330381,2.8326388888888889
2014-05-01 00:00:00 UTC,353,1199,412330381,0.22194444444444444
2014-05-01 00:00:00 UTC,353,1205,412330381,4.2534722222222223
2014-05-01 00:00:00 UTC,353,1197,889797774,0.52013888888888893
2014-05-01 00:00:00 UTC,353,1197,412349327,1.3273611111111112
2014-05-01 00:00:00 UTC,353,1199,412349327,1.2265277777777777
2014-05-01 00:00:00 UTC,353,1198,412349327,10.149861111111111
2014-05-01 00:00:00 UTC,353,1197,412323216,4.3126388888888894
2014-05-01 00:00:00 UTC,353,1199,412349328,2.080138888888889
2014-05-01 00:00:00 UTC,353,1198,412349328,8.8555555555555578
2014-05-01 00:00:00 UTC,353,1197,412349328,1.8304166666666668
2014-05-01 00:00:00 UTC,353,1197,412323217,1.425
2014-05-01 00:00:00 UTC,353,1198,412349329,5.2855555555555558
2014-05-01 00:00:00 UTC,353,1197,412323218,1.4295833333333334
2014-05-01 00:00:00 UTC,353,1198,412349331,4.9547222222222231
2014-05-01 00:00:00 UTC,353,1197,800029844,1.2205555555555554
2014-05-01 00:00:00 UTC,353,1197,412323221,3.7047222222222222
2014-05-01 00:00:00 UTC,353,1197,412323222,1.5637499999999998
2014-05-01 00:00:00 UTC,353,1197,412327064,2.5281944444444444
2014-05-01 00:00:00 UTC,353,1197,412349592,1.6731944444444442
2014-05-01 00:00:00 UTC,353,1198,412349592,1.6263888888888887
2014-05-01 00:00:00 UTC,353,1196,412322715,0.22416666666666665
2014-05-01 00:00:00 UTC,353,1198,412349341,0.96472222222222226
2014-05-01 00:00:00 UTC,353,1200,412349088,4.9545833333333347
2014-05-01 00:00:00 UTC,353,1199,412349088,0.14083333333333334
2014-05-01 00:00:00 UTC,353,1197,412349344,0.605
2014-05-01 00:00:00 UTC,353,1198,412349344,2.6379166666666674
2014-05-01 00:00:00 UTC,353,1198,412349345,2.6206944444444442
2014-05-01 00:00:00 UTC,353,1197,412349345,0.695138888888889
2014-05-01 00:00:00 UTC,353,1204,412349351,6.9802777777777774
2014-05-01 00:00:00 UTC,353,1207,418623659,10.232916666666668
2014-05-01 00:00:00 UTC,353,1303,440209330,8.00625
2014-05-01 00:00:00 UTC,353,1197,412322482,12.39291666666667
2014-05-01 00:00:00 UTC,353,1198,412349626,3.4
2014-05-01 00:00:00 UTC,353,1199,412349626,1.1225
2014-05-01 00:00:00 UTC,353,1197,412349626,0.3618055555555556
2014-05-01 00:00:00 UTC,353,1199,412889787,7.3318055555555564
2014-05-01 00:00:00 UTC,353,1200,412889787,4.4091666666666667
2014-05-01 00:00:00 UTC,353,1197,412349627,0.40986111111111112
2014-05-01 00:00:00 UTC,353,1198,412349627,14.396805555555556
2014-05-01 00:00:00 UTC,353,1197,800029884,1.1848611111111111
2014-05-01 00:00:00 UTC,353,1197,412323004,4.5188888888888892
2014-05-01 00:00:00 UTC,353,1197,412327357,2.2873611111111107
2014-05-01 00:00:00 UTC,353,1198,412349632,9.262777777777778
2014-05-01 00:00:00 UTC,353,1198,412349633,5.4319444444444445
2014-05-01 00:00:00 UTC,353,1197,412349633,5.0526388888888887
2014-05-01 00:00:00 UTC,353,1198,800060868,3.30875
2014-05-01 00:00:00 UTC,353,1197,800060868,8.6105555555555569
2014-05-01 00:00:00 UTC,353,1197,811021517,4.6897222222222226
2014-05-01 00:00:00 UTC,353,252,237698000,8.8056944444444447
2014-05-01 00:00:00 UTC,353,1197,412330452,1.2338888888888888
2014-05-01 00:00:00 UTC,353,1196,412330452,0.63694444444444442
2014-05-01 00:00:00 UTC,353,1197,412325594,4.589027777777777
2014-05-01 00:00:00 UTC,353,1196,412325594,0.19527777777777777
2014-05-01 00:00:00 UTC,353,1196,412328158,0.18138888888888888
2014-05-01 00:00:00 UTC,353,1195,412328161,9.67486111111111
2014-05-01 00:00:00 UTC,353,1197,412320738,0.1948611111111111
2014-05-01 00:00:00 UTC,353,1197,412324838,2.8718055555555555
2014-05-01 00:00:00 UTC,353,1197,412324839,2.8418055555555561
2014-05-01 00:00:00 UTC,353,1197,413061096,2.0844444444444443
2014-05-01 00:00:00 UTC,353,1197,412328171,0.23513888888888887
2014-05-01 00:00:00 UTC,353,1196,412328171,0.23333333333333334
2014-05-01 00:00:00 UTC,353,1196,412330223,0.10527777777777778
2014-05-01 00:00:00 UTC,353,1196,412330226,0.57708333333333339
2014-05-01 00:00:00 UTC,353,1196,412330227,1.1065277777777776
2014-05-01 00:00:00 UTC,353,1196,412328185,0.21402777777777776
2014-05-01 00:00:00 UTC,353,1195,412328185,0.23902777777777778
2014-05-01 00:00:00 UTC,609,-21,226246000,3.5175
2014-05-01 00:00:00 UTC,609,-22,226246000,3.0420833333333333
2014-05-01 00:00:00 UTC,609,1744,273848700,9.91638888888889
2014-05-01 00:00:00 UTC,609,1743,273848700,3.1583333333333332
2014-05-01 00:00:00 UTC,609,26,258874000,0.74847222222222221
2014-05-01 00:00:00 UTC,609,30,257018000,6.2275000000000009
2014-05-01 00:00:00 UTC,609,30,259407000,5.3251388888888886
2014-05-01 00:00:00 UTC,609,1743,273846700,1.5277777777777779
2014-05-01 00:00:00 UTC,-415,-577,701007040,3.0513888888888889
2014-05-01 00:00:00 UTC,-159,36,431925000,11.257222222222222
2014-05-01 00:00:00 UTC,-159,37,432045000,4.6470833333333328
2014-05-01 00:00:00 UTC,-159,-1292,412420812,5.1040277777777776
2014-05-01 00:00:00 UTC,98,-158,341765000,1.9722222222222223
2014-05-01 00:00:00 UTC,98,-157,341765000,3.9677777777777776
2014-05-01 00:00:00 UTC,98,-154,412440267,0.73791666666666667
2014-05-01 00:00:00 UTC,354,143,249000960,10.277222222222221
2014-05-01 00:00:00 UTC,354,1199,412349701,2.1162500000000004
2014-05-01 00:00:00 UTC,354,1198,412349701,3.6275000000000004
2014-05-01 00:00:00 UTC,354,1209,412328201,2.5501388888888887
2014-05-01 00:00:00 UTC,354,1208,412328201,7.4415277777777771
2014-05-01 00:00:00 UTC,354,1230,412348941,2.390138888888889
2014-05-01 00:00:00 UTC,354,1197,412321046,0.26472222222222225
2014-05-01 00:00:00 UTC,354,1198,412321046,1.5805555555555557
2014-05-01 00:00:00 UTC,354,1197,412321047,0.4770833333333333
2014-05-01 00:00:00 UTC,354,1198,412321047,6.7559722222222227
2014-05-01 00:00:00 UTC,354,1199,812041751,1.7066666666666668
2014-05-01 00:00:00 UTC,354,1198,812041751,3.9981944444444446
2014-05-01 00:00:00 UTC,354,1200,412349719,2.9961111111111114
2014-05-01 00:00:00 UTC,354,1199,412349719,0.48083333333333333
2014-05-01 00:00:00 UTC,354,1199,412348957,3.4097222222222223
2014-05-01 00:00:00 UTC,354,1198,412348957,1.192361111111111
2014-05-01 00:00:00 UTC,354,1196,412330273,1.6213888888888892
2014-05-01 00:00:00 UTC,354,1199,412349736,3.4859722222222227
2014-05-01 00:00:00 UTC,354,1198,412349736,9.2211111111111084
2014-05-01 00:00:00 UTC,354,1313,440151860,12.55125
2014-05-01 00:00:00 UTC,354,-474,224101950,2.9790277777777781
2014-05-01 00:00:00 UTC,354,-475,224101950,0.8275
2014-05-01 00:00:00 UTC,354,1196,412330307,7.2281944444444433
2014-05-01 00:00:00 UTC,354,127,247070790,0.6775
2014-05-01 00:00:00 UTC,354,1197,412323147,0.79
2014-05-01 00:00:00 UTC,354,1200,412349521,0.24805555555555556
2014-05-01 00:00:00 UTC,354,1199,412349521,14.07972222222222
2014-05-01 00:00:00 UTC,354,1197,412330333,0.1438888888888889
2014-05-01 00:00:00 UTC,354,1196,412330333,2.4056944444444448
2014-05-01 00:00:00 UTC,354,1199,800028009,3.5105555555555554
2014-05-01 00:00:00 UTC,354,1198,800028009,7.0165277777777773
2014-05-01 00:00:00 UTC,354,1196,412330355,1.5759722222222221
2014-05-01 00:00:00 UTC,354,1195,412330355,0.28833333333333333
2014-05-01 00:00:00 UTC,354,1199,412349813,2.3693055555555551
2014-05-01 00:00:00 UTC,354,1198,412349813,6.2601388888888883
2014-05-01 00:00:00 UTC,354,1196,412330358,0.34361111111111109
2014-05-01 00:00:00 UTC,354,1199,412349567,0.42875
2014-05-01 00:00:00 UTC,354,1198,412349567,7.5106944444444466
2014-05-01 00:00:00 UTC,354,1197,412349567,0.12305555555555556
2014-05-01 00:00:00 UTC,354,1199,412349571,1.1288888888888888
2014-05-01 00:00:00 UTC,354,1197,412349571,0.52569444444444446
2014-05-01 00:00:00 UTC,354,1198,412349571,6.2838888888888889
2014-05-01 00:00:00 UTC,354,1202,412330383,0.40013888888888893
2014-05-01 00:00:00 UTC,354,1304,440110480,12.055000000000003
2014-05-01 00:00:00 UTC,354,1197,412323216,0.29097222222222219
2014-05-01 00:00:00 UTC,354,1230,412349072,5.4458333333333329
2014-05-01 00:00:00 UTC,354,1231,412349072,0.84333333333333327
2014-05-01 00:00:00 UTC,354,1199,412349329,2.0122222222222224
2014-05-01 00:00:00 UTC,354,1198,412349329,2.0494444444444442
2014-05-01 00:00:00 UTC,354,1200,412330386,6.4152777777777779
2014-05-01 00:00:00 UTC,354,1198,412349331,2.35875
2014-05-01 00:00:00 UTC,354,1199,412349331,1.96875
2014-05-01 00:00:00 UTC,354,1198,412349592,11.676388888888889
2014-05-01 00:00:00 UTC,354,1197,412349592,0.87763888888888886
2014-05-01 00:00:00 UTC,354,1199,412349592,3.7851388888888891
2014-05-01 00:00:00 UTC,354,1198,412349088,0.44111111111111112
2014-05-01 00:00:00 UTC,354,1196,412327333,9.077361111111113
2014-05-01 00:00:00 UTC,354,1198,412328121,8.4345833333333324
2014-05-01 00:00:00 UTC,354,151,247121850,10.327916666666667
2014-05-01 00:00:00 UTC,354,1199,412349626,2.0152777777777779
2014-05-01 00:00:00 UTC,354,1198,412349626,1.2295833333333335
2014-05-01 00:00:00 UTC,354,1200,412349626,1.2506944444444443
2014-05-01 00:00:00 UTC,354,1198,412889787,0.89055555555555554
2014-05-01 00:00:00 UTC,354,1199,412889787,6.5894444444444451
2014-05-01 00:00:00 UTC,354,1200,412889787,9.4025000000000016
2014-05-01 00:00:00 UTC,354,1198,412349627,0.7909722222222223
2014-05-01 00:00:00 UTC,354,1197,412323004,0.495
2014-05-01 00:00:00 UTC,354,1199,800060868,3.9538888888888892
2014-05-01 00:00:00 UTC,354,1200,800060868,1.2648611111111112
2014-05-01 00:00:00 UTC,354,1198,800060868,4.6819444444444445
2014-05-01 00:00:00 UTC,354,1198,412328156,8.219444444444445
2014-05-01 00:00:00 UTC,354,1197,412328156,1.0234722222222223
2014-05-01 00:00:00 UTC,354,244,237697000,1.6654166666666668
2014-05-01 00:00:00 UTC,354,242,237697000,0.97736111111111112
2014-05-01 00:00:00 UTC,354,243,237697000,1.4608333333333334
2014-05-01 00:00:00 UTC,354,245,237697000,11.929583333333333
2014-05-01 00:00:00 UTC,354,1196,412330223,10.348055555555558
2014-05-01 00:00:00 UTC,610,1743,273848600,10.871666666666666
2014-05-01 00:00:00 UTC,610,-80,231188000,6.3727777777777783
2014-05-01 00:00:00 UTC,610,-19,232006590,8.6581944444444439
2014-05-01 00:00:00 UTC,-414,1540,431070000,1.62625
2014-05-01 00:00:00 UTC,-414,1537,431070000,3.0736111111111106
2014-05-01 00:00:00 UTC,-158,-1297,412420812,2.9384722222222219
2014-05-01 00:00:00 UTC,99,1768,440604000,1.8793055555555556
2014-05-01 00:00:00 UTC,355,146,249000960,1.9241666666666666
2014-05-01 00:00:00 UTC,355,1232,412348936,9.5544444444444441
2014-05-01 00:00:00 UTC,355,1233,412348936,4.4611111111111112
2014-05-01 00:00:00 UTC,355,1300,440120080,11.792916666666667
2014-05-01 00:00:00 UTC,355,1301,440120080,3.1240277777777776
2014-05-01 00:00:00 UTC,355,1198,412349719,0.1
2014-05-01 00:00:00 UTC,355,1199,412349719,0.68055555555555558
2014-05-01 00:00:00 UTC,355,1199,412348957,1.1668055555555554
2014-05-01 00:00:00 UTC,355,1198,412348957,3.3377777777777786
2014-05-01 00:00:00 UTC,355,1201,412348974,1.5208333333333335
2014-05-01 00:00:00 UTC,355,1231,412348988,7.762083333333333
2014-05-01 00:00:00 UTC,355,1232,412348988,11.058472222222221
2014-05-01 00:00:00 UTC,355,-475,224101950,2.2248611111111112
2014-05-01 00:00:00 UTC,355,1243,412202832,0.2447222222222222
2014-05-01 00:00:00 UTC,355,1199,412349521,0.57375
2014-05-01 00:00:00 UTC,355,-347,224241000,1.4070833333333335
2014-05-01 00:00:00 UTC,355,-348,224241000,1.6444444444444444
2014-05-01 00:00:00 UTC,355,-346,224241000,4.4497222222222224
2014-05-01 00:00:00 UTC,355,1200,812041337,1.0354166666666667
2014-05-01 00:00:00 UTC,355,1233,412348798,14.759583333333333
2014-05-01 00:00:00 UTC,355,127,247152010,8.6554166666666674
2014-05-01 00:00:00 UTC,355,1230,412349072,0.57222222222222219
2014-05-01 00:00:00 UTC,355,1198,412349088,0.22263888888888889
2014-05-01 00:00:00 UTC,355,1199,412349088,0.30041666666666667
2014-05-01 00:00:00 UTC,355,1230,412348833,7.3051388888888891
2014-05-01 00:00:00 UTC,355,129,247081890,11.758888888888887
2014-05-01 00:00:00 UTC,355,130,247081890,4.4318055555555551
2014-05-01 00:00:00 UTC,355,131,247081890,4.4227777777777781
2014-05-01 00:00:00 UTC,355,123,247146410,0.58749999999999991
2014-05-01 00:00:00 UTC,355,1230,412348852,0.63416666666666666
2014-05-01 00:00:00 UTC,355,1231,412348852,1.0625
2014-05-01 00:00:00 UTC,355,1232,412348858,7.6002777777777784
2014-05-01 00:00:00 UTC,355,1199,412328131,7.1706944444444458
2014-05-01 00:00:00 UTC,355,1197,412328156,0.51875
2014-05-01 00:00:00 UTC,355,124,247302380,0.87763888888888886
2014-05-01 00:00:00 UTC,355,123,247302380,1.1388888888888888
2014-05-01 00:00:00 UTC,611,1743,273436440,4.5563888888888888
2014-05-01 00:00:00 UTC,611,1740,273436440,6.0363888888888884
2014-05-01 00:00:00 UTC,611,1742,273436440,4.8862499999999995
2014-05-01 00:00:00 UTC,611,1741,273436440,7.9701388888888891
2014-05-01 00:00:00 UTC,611,1741,273848600,6.1834722222222229
2014-05-01 00:00:00 UTC,611,1740,273848600,6.3855555555555554
2014-05-01 00:00:00 UTC,611,-16,226246000,4.6191666666666666
2014-05-01 00:00:00 UTC,611,-17,226246000,2.4476388888888891
2014-05-01 00:00:00 UTC,611,20,259576000,0.64444444444444438
2014-05-01 00:00:00 UTC,611,1747,273845700,11.713333333333335
2014-05-01 00:00:00 UTC,611,1749,273845700,4.583333333333333
2014-05-01 00:00:00 UTC,-413,1543,431070000,8.8641666666666676
2014-05-01 00:00:00 UTC,-413,1530,431070000,3.0030555555555551
2014-05-01 00:00:00 UTC,-413,1546,431070000,1.5372222222222223
2014-05-01 00:00:00 UTC,-413,1542,431070000,1.4388888888888889
2014-05-01 00:00:00 UTC,-413,1544,431070000,5.3986111111111112
2014-05-01 00:00:00 UTC,-413,-791,760119000,4.5020833333333332
2014-05-01 00:00:00 UTC,-413,-792,760119000,9.45986111111111
2014-05-01 00:00:00 UTC,-413,-795,760000480,4.0302777777777781
2014-05-01 00:00:00 UTC,-413,-794,760000480,3.1616666666666666
2014-05-01 00:00:00 UTC,-157,-799,400000009,24.876527777777774
2014-05-01 00:00:00 UTC,-157,-1292,412420812,4.1966666666666672
2014-05-01 00:00:00 UTC,-157,-1299,412420812,1.9126388888888888
2014-05-01 00:00:00 UTC,-157,-1294,412420812,1.1952777777777779
2014-05-01 00:00:00 UTC,-157,-1293,412420812,0.90013888888888893
2014-05-01 00:00:00 UTC,100,-158,341765000,3.8138888888888891
2014-05-01 00:00:00 UTC,100,-1300,412678060,0.84166666666666667
2014-05-01 00:00:00 UTC,100,-1240,412440009,5.3047222222222219
2014-05-01 00:00:00 UTC,356,146,249000960,2.4155555555555557
2014-05-01 00:00:00 UTC,356,1207,412348416,0.2376388888888889
2014-05-01 00:00:00 UTC,356,1232,412349444,6.0620833333333337
2014-05-01 00:00:00 UTC,356,1233,412348936,4.6154166666666674
2014-05-01 00:00:00 UTC,356,1234,800030750,0.92388888888888887
2014-05-01 00:00:00 UTC,356,1199,412349987,5.0283333333333324
2014-05-01 00:00:00 UTC,356,1201,412349478,1.7375
2014-05-01 00:00:00 UTC,356,1201,412348974,10.263194444444444
2014-05-01 00:00:00 UTC,356,1243,412202832,0.49958333333333327
2014-05-01 00:00:00 UTC,356,1223,412376167,3.4394444444444439
2014-05-01 00:00:00 UTC,356,130,247100520,3.2233333333333332
2014-05-01 00:00:00 UTC,356,132,247100520,2.8022222222222219
2014-05-01 00:00:00 UTC,356,131,247100520,3.3356944444444445
2014-05-01 00:00:00 UTC,356,-345,224241000,2.0820833333333333
2014-05-01 00:00:00 UTC,356,1199,812041337,4.0563888888888888
2014-05-01 00:00:00 UTC,356,1200,812041337,4.2327777777777778
2014-05-01 00:00:00 UTC,356,128,247152010,0.50430555555555556
2014-05-01 00:00:00 UTC,356,127,247152010,1.1540277777777779
2014-05-01 00:00:00 UTC,356,1206,412348827,11.54625
2014-05-01 00:00:00 UTC,356,1205,412348827,1.4188888888888891
2014-05-01 00:00:00 UTC,356,1204,412349341,0.95569444444444451
2014-05-01 00:00:00 UTC,356,1231,412348852,0.10416666666666667
2014-05-01 00:00:00 UTC,356,1202,412349365,0.74388888888888893
2014-05-01 00:00:00 UTC,356,1200,412349365,1.4576388888888889
2014-05-01 00:00:00 UTC,356,1199,412349365,0.4770833333333333
2014-05-01 00:00:00 UTC,356,1201,412349365,1.1793055555555556
2014-05-01 00:00:00 UTC,356,1200,412349366,1.1797222222222223
2014-05-01 00:00:00 UTC,356,1199,412349366,0.80847222222222226
2014-05-01 00:00:00 UTC,356,1202,412349366,0.8372222222222222
2014-05-01 00:00:00 UTC,356,1201,412349366,6.6536111111111111
2014-05-01 00:00:00 UTC,356,153,247121850,3.5452777777777778
2014-05-01 00:00:00 UTC,356,1206,412349141,2.6469444444444443
2014-05-01 00:00:00 UTC,356,1232,412349405,0.4926388888888889
2014-05-01 00:00:00 UTC,356,121,247071970,1.49
2014-05-01 00:00:00 UTC,356,1233,412349434,2.3051388888888891
2014-05-01 00:00:00 UTC,612,207,266112000,0.81541666666666668
2014-05-01 00:00:00 UTC,612,210,266112000,0.625
2014-05-01 00:00:00 UTC,612,208,266112000,0.54513888888888884
2014-05-01 00:00:00 UTC,612,207,230941710,7.0902777777777777
2014-05-01 00:00:00 UTC,612,209,230122280,4.4147222222222222
2014-05-01 00:00:00 UTC,612,207,230942260,10.71375
2014-05-01 00:00:00 UTC,612,208,230001770,1.4866666666666666
2014-05-01 00:00:00 UTC,612,209,230941050,2.0220833333333332
2014-05-01 00:00:00 UTC,612,210,230941050,0.79486111111111124
2014-05-01 00:00:00 UTC,612,210,230987140,3.4084722222222221
2014-05-01 00:00:00 UTC,612,209,230987140,0.71375
2014-05-01 00:00:00 UTC,612,20,259525000,6.4486111111111128
2014-05-01 00:00:00 UTC,612,19,259525000,0.80499999999999994
2014-05-01 00:00:00 UTC,612,21,259525000,9.3347222222222221
2014-05-01 00:00:00 UTC,612,22,259525000,1.3923611111111109
2014-05-01 00:00:00 UTC,612,26,257018000,3.77875
2014-05-01 00:00:00 UTC,612,25,257018000,1.4756944444444444
2014-05-01 00:00:00 UTC,612,25,259407000,4.1733333333333329
2014-05-01 00:00:00 UTC,612,1743,273827000,0.75847222222222221
2014-05-01 00:00:00 UTC,612,21,259576000,0.28763888888888889
2014-05-01 00:00:00 UTC,612,20,259576000,3.0759722222222221
2014-05-01 00:00:00 UTC,612,208,230941650,1.4263888888888889
2014-05-01 00:00:00 UTC,612,209,230941650,0.65583333333333338
2014-05-01 00:00:00 UTC,-412,-574,701007040,3.01125
2014-05-01 00:00:00 UTC,-156,-1296,412420812,2.7044444444444444
2014-05-01 00:00:00 UTC,-156,-1295,412420812,2.0759722222222226
2014-05-01 00:00:00 UTC,-156,-1301,412420812,1.8002777777777776
2014-05-01 00:00:00 UTC,101,1766,440604000,1.7402777777777776
2014-05-01 00:00:00 UTC,101,-1755,416072600,6.3763888888888891
2014-05-01 00:00:00 UTC,101,-1298,412678060,4.5625
2014-05-01 00:00:00 UTC,357,146,249000960,0.21777777777777779
2014-05-01 00:00:00 UTC,357,1234,412326144,4.3961111111111109
2014-05-01 00:00:00 UTC,357,1205,412348416,0.23194444444444445
2014-05-01 00:00:00 UTC,357,1230,412325899,5.8476388888888886
2014-05-01 00:00:00 UTC,357,1231,412325899,0.90097222222222229
2014-05-01 00:00:00 UTC,357,1234,800030750,9.6048611111111111
2014-05-01 00:00:00 UTC,357,1201,412349478,1.9544444444444444
2014-05-01 00:00:00 UTC,357,1231,412329771,5.0458333333333325
2014-05-01 00:00:00 UTC,357,1227,412324666,5.7195833333333335
2014-05-01 00:00:00 UTC,357,1239,412329021,0.78041666666666676
2014-05-01 00:00:00 UTC,357,1202,412349003,19.357222222222223
2014-05-01 00:00:00 UTC,357,1231,412321106,6.2465277777777768
2014-05-01 00:00:00 UTC,357,130,247100520,9.2918055555555572
2014-05-01 00:00:00 UTC,357,129,247100520,3.5312499999999996
2014-05-01 00:00:00 UTC,357,-344,224241000,2.583333333333333
2014-05-01 00:00:00 UTC,357,1230,412324973,6.9373611111111106
2014-05-01 00:00:00 UTC,357,1230,412324974,6.5830555555555552
2014-05-01 00:00:00 UTC,357,1231,412326006,2.3672222222222223
2014-05-01 00:00:00 UTC,357,1230,412326006,5.2122222222222225
2014-05-01 00:00:00 UTC,357,129,247152010,0.13319444444444445
2014-05-01 00:00:00 UTC,357,128,247152010,1.3327777777777778
2014-05-01 00:00:00 UTC,357,1206,412348827,12.253055555555555
2014-05-01 00:00:00 UTC,357,1204,412349341,0.40597222222222218
2014-05-01 00:00:00 UTC,357,1202,412348832,2.2906944444444446
2014-05-01 00:00:00 UTC,357,-347,224115880,3.8609722222222218
2014-05-01 00:00:00 UTC,357,1230,412325812,8.7080555555555552
2014-05-01 00:00:00 UTC,357,1201,412349365,1.6697222222222221
2014-05-01 00:00:00 UTC,357,1202,412349365,1.25125
2014-05-01 00:00:00 UTC,357,1201,412349366,0.96944444444444444
2014-05-01 00:00:00 UTC,357,1202,412349366,1.9306944444444445
2014-05-01 00:00:00 UTC,357,153,247121850,2.5170833333333333
2014-05-01 00:00:00 UTC,357,1262,440503750,0.60125000000000006
2014-05-01 00:00:00 UTC,357,1234,412325062,4.8772222222222217
2014-05-01 00:00:00 UTC,357,1234,412325063,1.9679166666666665
2014-05-01 00:00:00 UTC,357,-410,224032970,2.9987500000000002
2014-05-01 00:00:00 UTC,357,1206,412349141,1.8900000000000001
2014-05-01 00:00:00 UTC,357,1230,412328663,0.79555555555555557
2014-05-01 00:00:00 UTC,357,1208,100700382,6.4611111111111112
2014-05-01 00:00:00 UTC,357,1232,412322019,2.8419444444444446
2014-05-01 00:00:00 UTC,357,1234,412349416,1.1138888888888889
2014-05-01 00:00:00 UTC,357,1235,412349416,1.7113888888888888
2014-05-01 00:00:00 UTC,613,209,266112000,2.57875
2014-05-01 00:00:00 UTC,613,208,266112000,1.6431944444444444
2014-05-01 00:00:00 UTC,613,210,266112000,5.7438888888888888
2014-05-01 00:00:00 UTC,613,207,266112000,4.5422222222222217
2014-05-01 00:00:00 UTC,613,210,230941710,4.3280555555555553
2014-05-01 00:00:00 UTC,613,207,230941710,0.52736111111111117
2014-05-01 00:00:00 UTC,613,208,230941710,0.978611111111111
2014-05-01 00:00:00 UTC,613,19,257271600,0.91847222222222225
2014-05-01 00:00:00 UTC,613,20,257271600,0.95194444444444448
2014-05-01 00:00:00 UTC,613,21,257271600,0.50694444444444442
2014-05-01 00:00:00 UTC,613,207,230942260,0.73152777777777778
2014-05-01 00:00:00 UTC,613,210,230942260,3.31375
2014-05-01 00:00:00 UTC,613,208,230942260,0.89055555555555554
2014-05-01 00:00:00 UTC,613,20,258984000,0.63874999999999993
2014-05-01 00:00:00 UTC,613,19,258984000,3.7270833333333337
2014-05-01 00:00:00 UTC,613,21,258984000,0.24736111111111114
2014-05-01 00:00:00 UTC,613,210,230987350,5.527222222222222
2014-05-01 00:00:00 UTC,613,207,230987350,9.5922222222222224
2014-05-01 00:00:00 UTC,613,208,230001770,0.76347222222222222
2014-05-01 00:00:00 UTC,613,210,230001770,0.35555555555555551
2014-05-01 00:00:00 UTC,613,209,230001770,1.681111111111111
2014-05-01 00:00:00 UTC,613,209,230941050,1.5484722222222222
2014-05-01 00:00:00 UTC,613,210,230987140,2.11625
2014-05-01 00:00:00 UTC,613,19,259525000,4.1663888888888891
2014-05-01 00:00:00 UTC,613,20,259525000,2.0634722222222224
2014-05-01 00:00:00 UTC,613,18,257317000,0.965138888888889
2014-05-01 00:00:00 UTC,613,19,257317000,3.3543055555555554
2014-05-01 00:00:00 UTC,613,18,258778000,0.27458333333333335
2014-05-01 00:00:00 UTC,613,19,258778000,3.7900000000000005
2014-05-01 00:00:00 UTC,613,20,258778000,2.1494444444444447
2014-05-01 00:00:00 UTC,613,22,257018000,4.166666666666667
2014-05-01 00:00:00 UTC,613,24,257018000,2.9690277777777778
2014-05-01 00:00:00 UTC,613,24,259407000,2.8338888888888891
2014-05-01 00:00:00 UTC,613,21,259407000,3.2893055555555555
2014-05-01 00:00:00 UTC,613,211,230035100,0.84694444444444439
2014-05-01 00:00:00 UTC,613,210,230035100,3.8330555555555557
2014-05-01 00:00:00 UTC,613,210,230627000,3.7563888888888886
2014-05-01 00:00:00 UTC,613,211,230627000,0.523611111111111
2014-05-01 00:00:00 UTC,613,19,259576000,3.0461111111111117
2014-05-01 00:00:00 UTC,613,18,259576000,2.3070833333333329
2014-05-01 00:00:00 UTC,613,207,230941650,0.48402777777777778
2014-05-01 00:00:00 UTC,-411,1739,512003604,13.804583333333333
2014-05-01 00:00:00 UTC,-411,-486,204212000,1.5905555555555555
2014-05-01 00:00:00 UTC,-411,-573,701007040,6.8695833333333329
2014-05-01 00:00:00 UTC,-155,-1207,412420813,0.96347222222222217
2014-05-01 00:00:00 UTC,-155,-1206,412420813,2.1252777777777778
2014-05-01 00:00:00 UTC,102,-1749,416072600,4.6206944444444442
2014-05-01 00:00:00 UTC,102,-1753,416072600,1.675
2014-05-01 00:00:00 UTC,102,-1751,416072600,0.94138888888888883
2014-05-01 00:00:00 UTC,102,-1750,416072600,0.74138888888888888
2014-05-01 00:00:00 UTC,102,-1240,412440009,1.4569444444444442
2014-05-01 00:00:00 UTC,358,1234,412326144,2.4104166666666669
2014-05-01 00:00:00 UTC,358,1232,412329224,0.47138888888888891
2014-05-01 00:00:00 UTC,358,1231,412325899,2.3045833333333334
2014-05-01 00:00:00 UTC,358,1235,412329229,0.95319444444444446
2014-05-01 00:00:00 UTC,358,1202,412348432,0.712361111111111
2014-05-01 00:00:00 UTC,358,1236,412320796,4.256388888888889
2014-05-01 00:00:00 UTC,358,1231,412321309,3.4929166666666664
2014-05-01 00:00:00 UTC,358,1232,412321058,0.29374999999999996
2014-05-01 00:00:00 UTC,358,1230,412327972,5.9387500000000006
2014-05-01 00:00:00 UTC,358,-756,662409000,3.2551388888888892
2014-05-01 00:00:00 UTC,358,1204,412348968,5.515
2014-05-01 00:00:00 UTC,358,1231,412329771,1.742361111111111
2014-05-01 00:00:00 UTC,358,1231,412327984,3.1095833333333336
2014-05-01 00:00:00 UTC,358,1231,412320306,4.044027777777778
2014-05-01 00:00:00 UTC,358,1231,412321591,1.9701388888888891
2014-05-01 00:00:00 UTC,358,1232,412327737,5.1245833333333337
2014-05-01 00:00:00 UTC,358,1227,412324666,1.3563888888888889
2014-05-01 00:00:00 UTC,358,1240,412329021,1.3929166666666666
2014-05-01 00:00:00 UTC,358,1233,412327756,4.9370833333333337
2014-05-01 00:00:00 UTC,358,1230,412321106,0.475
2014-05-01 00:00:00 UTC,358,1231,412321106,0.88805555555555549
2014-05-01 00:00:00 UTC,358,1205,412349779,0.48375
2014-05-01 00:00:00 UTC,358,1204,412349779,1.5529166666666665
2014-05-01 00:00:00 UTC,358,1231,415290708,1.1077777777777778
2014-05-01 00:00:00 UTC,358,1228,412324694,4.4556944444444442
2014-05-01 00:00:00 UTC,358,1227,412324694,2.6904166666666667
2014-05-01 00:00:00 UTC,358,1234,412123234,5.5006944444444441
2014-05-01 00:00:00 UTC,358,129,247100520,1.6836111111111114
2014-05-01 00:00:00 UTC,358,1233,412205672,0.73541666666666672
2014-05-01 00:00:00 UTC,358,1231,412205672,3.7701388888888889
2014-05-01 00:00:00 UTC,358,1232,412205672,2.5830555555555557
2014-05-01 00:00:00 UTC,358,1230,412324973,2.7051388888888885
2014-05-01 00:00:00 UTC,358,1230,412324974,2.7277777777777774
2014-05-01 00:00:00 UTC,358,1231,412326006,0.65027777777777773
2014-05-01 00:00:00 UTC,358,1233,412320387,4.9175000000000013
2014-05-01 00:00:00 UTC,358,129,247152010,0.24208333333333332
2014-05-01 00:00:00 UTC,358,1203,412349074,3.4726388888888891
2014-05-01 00:00:00 UTC,358,1204,412349074,0.29652777777777778
2014-05-01 00:00:00 UTC,358,1204,412349341,0.11694444444444443
2014-05-01 00:00:00 UTC,358,1203,412348832,1.4323611111111112
2014-05-01 00:00:00 UTC,358,-346,224115880,2.2105555555555556
2014-05-01 00:00:00 UTC,358,1232,412321451,9.3538888888888909
2014-05-01 00:00:00 UTC,358,1222,412325551,9.5
2014-05-01 00:00:00 UTC,358,125,247143860,1.6002777777777777
2014-05-01 00:00:00 UTC,358,1230,412325812,5.2922222222222217
2014-05-01 00:00:00 UTC,358,153,247121850,7.14013888888889
2014-05-01 00:00:00 UTC,358,1232,412325824,0.40125
2014-05-01 00:00:00 UTC,358,1231,412325824,4.2158333333333333
2014-05-01 00:00:00 UTC,358,1230,412325824,3.9986111111111109
2014-05-01 00:00:00 UTC,358,1262,440506560,10.031527777777779
2014-05-01 00:00:00 UTC,358,1263,440506560,5.5622222222222222
2014-05-01 00:00:00 UTC,358,1262,440503750,11.593611111111112
2014-05-01 00:00:00 UTC,358,1234,412325062,2.3304166666666668
2014-05-01 00:00:00 UTC,358,1234,412325063,2.4295833333333334
2014-05-01 00:00:00 UTC,358,-412,224032970,2.4722222222222223
2014-05-01 00:00:00 UTC,358,123,247144150,6.202916666666666
2014-05-01 00:00:00 UTC,358,1230,412328663,2.4116666666666666
2014-05-01 00:00:00 UTC,358,1231,810080224,4.2786111111111111
2014-05-01 00:00:00 UTC,358,1232,412322019,5.5987500000000008
2014-05-01 00:00:00 UTC,358,1233,412321508,0.84611111111111115
2014-05-01 00:00:00 UTC,358,1234,412325093,2.09875
2014-05-01 00:00:00 UTC,358,1232,412321775,3.9168055555555554
2014-05-01 00:00:00 UTC,358,-755,338143481,4.2472222222222218
2014-05-01 00:00:00 UTC,614,208,266112000,1.2781944444444446
2014-05-01 00:00:00 UTC,614,209,266112000,4.0616666666666674
2014-05-01 00:00:00 UTC,614,207,266112000,1.2420833333333334
2014-05-01 00:00:00 UTC,614,210,266112000,0.98847222222222231
2014-05-01 00:00:00 UTC,614,209,230941710,0.83875
2014-05-01 00:00:00 UTC,614,208,230941710,2.4741666666666671
2014-05-01 00:00:00 UTC,614,18,257271600,0.24819444444444444
2014-05-01 00:00:00 UTC,614,19,257271600,0.2401388888888889
2014-05-01 00:00:00 UTC,614,208,230942260,3.7533333333333334
2014-05-01 00:00:00 UTC,614,209,230942260,1.0523611111111111
2014-05-01 00:00:00 UTC,614,17,258397000,0.26555555555555554
2014-05-01 00:00:00 UTC,614,17,259282000,1.9448611111111109
2014-05-01 00:00:00 UTC,614,18,259282000,2.2156944444444444
2014-05-01 00:00:00 UTC,614,19,259282000,0.41736111111111107
2014-05-01 00:00:00 UTC,614,209,230987350,2.06375
2014-05-01 00:00:00 UTC,614,210,230987350,0.46125
2014-05-01 00:00:00 UTC,614,207,230987350,5.3659722222222221
2014-05-01 00:00:00 UTC,614,-74,231184000,3.2747222222222225
2014-05-01 00:00:00 UTC,614,-75,231184000,4.6694444444444452
2014-05-01 00:00:00 UTC,614,18,257317000,10.472499999999997
2014-05-01 00:00:00 UTC,614,17,257317000,5.7972222222222225
2014-05-01 00:00:00 UTC,614,17,258778000,4.4712499999999995
2014-05-01 00:00:00 UTC,614,19,258778000,0.24763888888888888
2014-05-01 00:00:00 UTC,614,18,258778000,6.9729166666666655
2014-05-01 00:00:00 UTC,614,208,230035100,0.77250000000000008
2014-05-01 00:00:00 UTC,614,209,230035100,1.4138888888888888
2014-05-01 00:00:00 UTC,614,210,230035100,1.2786111111111111
2014-05-01 00:00:00 UTC,614,16,257656000,3.0013888888888891
2014-05-01 00:00:00 UTC,614,18,259576000,6.887777777777778
2014-05-01 00:00:00 UTC,614,17,259576000,1.7979166666666666
2014-05-01 00:00:00 UTC,614,49,257429720,1.7618055555555556
2014-05-01 00:00:00 UTC,614,50,257429720,2.6358333333333333
2014-05-01 00:00:00 UTC,614,16,233815000,12.661805555555556
2014-05-01 00:00:00 UTC,614,15,233815000,0.37888888888888889
2014-05-01 00:00:00 UTC,-410,-585,701000529,0.825
2014-05-01 00:00:00 UTC,-410,-584,701000529,1.4762499999999998
2014-05-01 00:00:00 UTC,-410,1540,431206000,4.6111111111111107
2014-05-01 00:00:00 UTC,-410,-796,760000380,6.4448611111111118
2014-05-01 00:00:00 UTC,-410,-572,701007039,4.5141666666666662
2014-05-01 00:00:00 UTC,-410,-571,701007039,0.82916666666666661
2014-05-01 00:00:00 UTC,-410,1530,432962000,2.9791666666666665
2014-05-01 00:00:00 UTC,-410,1538,432962000,0.86986111111111108
2014-05-01 00:00:00 UTC,-410,-571,701006037,6.9080555555555554
2014-05-01 00:00:00 UTC,-410,-572,701006037,4.5325
2014-05-01 00:00:00 UTC,-154,-1207,412420813,3.5869444444444438
2014-05-01 00:00:00 UTC,103,1764,440604000,1.8111111111111111
2014-05-01 00:00:00 UTC,103,-162,616999035,10.659305555555555
2014-05-01 00:00:00 UTC,103,-163,616999035,6.6277777777777773
2014-05-01 00:00:00 UTC,103,-1239,412440009,0.91222222222222227
2014-05-01 00:00:00 UTC,359,1234,412326144,8.9634722222222223
2014-05-01 00:00:00 UTC,359,1232,412329224,2.8859722222222217
2014-05-01 00:00:00 UTC,359,1205,800000778,1.0736111111111111
2014-05-01 00:00:00 UTC,359,1208,800000778,0.24875
2014-05-01 00:00:00 UTC,359,1207,800000778,5.470416666666666
2014-05-01 00:00:00 UTC,359,1206,800000778,2.4913888888888893
2014-05-01 00:00:00 UTC,359,1235,412329229,2.0975
2014-05-01 00:00:00 UTC,359,1201,812041754,0.93902777777777779
2014-05-01 00:00:00 UTC,359,1235,412320796,2.1502777777777777
2014-05-01 00:00:00 UTC,359,1231,412321309,2.3972222222222221
2014-05-01 00:00:00 UTC,359,1230,412321309,4.0065277777777784
2014-05-01 00:00:00 UTC,359,1232,412321058,2.2177777777777776
2014-05-01 00:00:00 UTC,359,1230,412327972,1.2894444444444444
2014-05-01 00:00:00 UTC,359,1207,412349478,0.99319444444444438
2014-05-01 00:00:00 UTC,359,1205,412349478,2.7868055555555555
2014-05-01 00:00:00 UTC,359,1206,412349478,5.0775000000000015
2014-05-01 00:00:00 UTC,359,1204,412348968,3.0912499999999996
2014-05-01 00:00:00 UTC,359,1231,412329771,0.86222222222222222
2014-05-01 00:00:00 UTC,359,1209,412349483,3.5451388888888888
2014-05-01 00:00:00 UTC,359,121,247147310,0.72527777777777769
2014-05-01 00:00:00 UTC,359,1203,412456238,2.1873611111111111
2014-05-01 00:00:00 UTC,359,1204,412456238,3.0716666666666663
2014-05-01 00:00:00 UTC,359,1230,412327984,5.7984722222222222
2014-05-01 00:00:00 UTC,359,1231,412320306,2.5145833333333334
2014-05-01 00:00:00 UTC,359,1231,412321591,2.7698611111111111
2014-05-01 00:00:00 UTC,359,1209,412348471,2.5324999999999998
2014-05-01 00:00:00 UTC,359,1232,412327737,4.8879166666666674
2014-05-01 00:00:00 UTC,359,1239,412329021,3.5434722222222228
2014-05-01 00:00:00 UTC,359,1204,412327233,1.9265277777777781
2014-05-01 00:00:00 UTC,359,1203,412327235,7.0565277777777773
2014-05-01 00:00:00 UTC,359,1230,412321097,8.1329166666666666
2014-05-01 00:00:00 UTC,359,1204,412321611,3.5459722222222219
2014-05-01 00:00:00 UTC,359,1203,412321611,2.4243055555555557
2014-05-01 00:00:00 UTC,359,1233,412327756,5.4619444444444438
2014-05-01 00:00:00 UTC,359,1203,412327249,2.472083333333333
2014-05-01 00:00:00 UTC,359,1204,412327249,2.565
2014-05-01 00:00:00 UTC,359,1205,412349779,2.1277777777777778
2014-05-01 00:00:00 UTC,359,1206,412349779,2.9281944444444448
2014-05-01 00:00:00 UTC,359,1231,415290708,2.350138888888889
2014-05-01 00:00:00 UTC,359,1227,412324694,1.5165277777777777
2014-05-01 00:00:00 UTC,359,1228,412324694,0.40972222222222221
2014-05-01 00:00:00 UTC,359,1234,412123234,2.8808333333333334
2014-05-01 00:00:00 UTC,359,1233,412320102,3.8511111111111109
2014-05-01 00:00:00 UTC,359,-342,224241000,2.60375
2014-05-01 00:00:00 UTC,359,1231,412205672,5.0788888888888888
2014-05-01 00:00:00 UTC,359,1232,412205672,2.1547222222222224
2014-05-01 00:00:00 UTC,359,1229,412321643,6.7894444444444435
2014-05-01 00:00:00 UTC,359,1230,412324973,2.0818055555555555
2014-05-01 00:00:00 UTC,359,1234,412324973,1.0245833333333334
2014-05-01 00:00:00 UTC,359,1234,412324974,0.14875
2014-05-01 00:00:00 UTC,359,1230,412324974,1.8020833333333335
2014-05-01 00:00:00 UTC,359,1209,412348784,3.9422222222222221
2014-05-01 00:00:00 UTC,359,1204,412349041,5.6618055555555564
2014-05-01 00:00:00 UTC,359,1203,412349041,2.3690277777777777
2014-05-01 00:00:00 UTC,359,1203,412327039,1.4031944444444442
2014-05-01 00:00:00 UTC,359,1233,412320387,8.7320833333333336
2014-05-01 00:00:00 UTC,359,1233,412321667,5.1988888888888889
2014-05-01 00:00:00 UTC,359,1203,412327044,3.1866666666666656
2014-05-01 00:00:00 UTC,359,1204,412327049,0.10402777777777777
2014-05-01 00:00:00 UTC,359,120,247146890,3.3988888888888891
2014-05-01 00:00:00 UTC,359,121,247146890,0.80666666666666664
2014-05-01 00:00:00 UTC,359,1232,412328075,5.2031944444444447
2014-05-01 00:00:00 UTC,359,1203,412327052,3.0636111111111108
2014-05-01 00:00:00 UTC,359,1204,412349068,19.23652777777777
2014-05-01 00:00:00 UTC,359,1204,412327054,0.57277777777777783
2014-05-01 00:00:00 UTC,359,1204,412327055,2.0138888888888888
2014-05-01 00:00:00 UTC,359,1204,412349074,12.945416666666675
2014-05-01 00:00:00 UTC,359,1204,412327062,2.739583333333333
2014-05-01 00:00:00 UTC,359,1209,412348823,4.8118055555555559
2014-05-01 00:00:00 UTC,359,1230,412320155,3.7911111111111113
2014-05-01 00:00:00 UTC,359,1231,412320155,5.6884722222222219
2014-05-01 00:00:00 UTC,359,1233,412320928,5.915972222222222
2014-05-01 00:00:00 UTC,359,1231,412321451,0.60958333333333337
2014-05-01 00:00:00 UTC,359,1232,412321451,1.5977777777777775
2014-05-01 00:00:00 UTC,359,1233,412328363,2.8711111111111114
2014-05-01 00:00:00 UTC,359,1203,412349102,4.7669444444444444
2014-05-01 00:00:00 UTC,359,1204,412349102,4.3269444444444449
2014-05-01 00:00:00 UTC,359,1207,412349358,0.96416666666666662
2014-05-01 00:00:00 UTC,359,1205,412349358,3.6386111111111119
2014-05-01 00:00:00 UTC,359,1206,412349358,4.233194444444444
2014-05-01 00:00:00 UTC,359,1235,412320946,1.6936111111111114
2014-05-01 00:00:00 UTC,359,123,247143860,2.3559722222222224
2014-05-01 00:00:00 UTC,359,125,247143860,2.753055555555556
2014-05-01 00:00:00 UTC,359,1230,412325812,4.4133333333333331
2014-05-01 00:00:00 UTC,359,1231,412325824,3.7320833333333332
2014-05-01 00:00:00 UTC,359,1232,412325824,5.5238888888888891
2014-05-01 00:00:00 UTC,359,1204,412348865,0.4775
2014-05-01 00:00:00 UTC,359,1203,412348865,0.34625000000000006
2014-05-01 00:00:00 UTC,359,148,249000899,4.0152777777777775
2014-05-01 00:00:00 UTC,359,149,249000899,0.63097222222222227
2014-05-01 00:00:00 UTC,359,1205,800004550,4.0643055555555554
2014-05-01 00:00:00 UTC,359,1207,800004550,0.24486111111111111
2014-05-01 00:00:00 UTC,359,1206,800004550,5.4295833333333325
2014-05-01 00:00:00 UTC,359,1209,412321734,5.2594444444444441
2014-05-01 00:00:00 UTC,359,1233,412325062,2.5002777777777778
2014-05-01 00:00:00 UTC,359,1234,412325062,3.5415277777777781
2014-05-01 00:00:00 UTC,359,1234,412325063,4.5590277777777768
2014-05-01 00:00:00 UTC,359,1235,412320968,6.237916666666667
2014-05-01 00:00:00 UTC,359,1209,412349385,5.7522222222222226
2014-05-01 00:00:00 UTC,359,-414,224032970,2.1995833333333334
2014-05-01 00:00:00 UTC,359,1203,412349904,5.7758333333333329
2014-05-01 00:00:00 UTC,359,1204,412349904,1.3008333333333333
2014-05-01 00:00:00 UTC,359,1204,412349139,2.3562499999999997
2014-05-01 00:00:00 UTC,359,1233,412325079,5.0630555555555556
2014-05-01 00:00:00 UTC,359,1230,412328663,4.8258333333333336
2014-05-01 00:00:00 UTC,359,1204,412349916,1.0215277777777776
2014-05-01 00:00:00 UTC,359,1203,412349916,5.6491666666666669
2014-05-01 00:00:00 UTC,359,1231,810080224,2.5731944444444448
2014-05-01 00:00:00 UTC,359,1232,412322019,2.50375
2014-05-01 00:00:00 UTC,359,1233,412321508,2.9152777777777779
2014-05-01 00:00:00 UTC,359,1230,412322021,4.983888888888889
2014-05-01 00:00:00 UTC,359,1234,412325093,2.0815277777777781
2014-05-01 00:00:00 UTC,359,1234,412320749,6.4054166666666656
2014-05-01 00:00:00 UTC,359,1232,412321775,2.4401388888888889
2014-05-01 00:00:00 UTC,359,-755,338143481,0.74125
2014-05-01 00:00:00 UTC,615,-12,257599500,13.266527777777778
2014-05-01 00:00:00 UTC,615,17,258984000,3.3529166666666668
2014-05-01 00:00:00 UTC,615,16,258984000,1.0383333333333333
2014-05-01 00:00:00 UTC,615,17,258397000,0.26111111111111107
2014-05-01 00:00:00 UTC,615,15,259282000,2.9479166666666665
2014-05-01 00:00:00 UTC,615,17,259282000,0.8652777777777777
2014-05-01 00:00:00 UTC,615,16,259282000,9.5391666666666666
2014-05-01 00:00:00 UTC,615,210,230038640,0.913888888888889
2014-05-01 00:00:00 UTC,615,209,230038640,0.92347222222222225
2014-05-01 00:00:00 UTC,615,-75,231184000,14.611805555555556
2014-05-01 00:00:00 UTC,615,-74,231184000,1.64625
2014-05-01 00:00:00 UTC,615,17,257317000,1.5523611111111111
2014-05-01 00:00:00 UTC,615,16,257317000,1.6784722222222219
2014-05-01 00:00:00 UTC,615,16,258778000,4.4780555555555557
2014-05-01 00:00:00 UTC,615,17,258778000,0.80013888888888884
2014-05-01 00:00:00 UTC,615,-12,232006590,11.729305555555555
2014-05-01 00:00:00 UTC,615,15,257656000,0.35291666666666666
2014-05-01 00:00:00 UTC,615,16,257656000,11.431249999999999
2014-05-01 00:00:00 UTC,615,17,259576000,5.08875
2014-05-01 00:00:00 UTC,615,16,259576000,0.93625
2014-05-01 00:00:00 UTC,615,16,233815000,10.912916666666666
2014-05-01 00:00:00 UTC,615,15,232007650,18.278888888888886
2014-05-01 00:00:00 UTC,615,-296,273525500,7.7136111111111108
2014-05-01 00:00:00 UTC,-409,-583,701000529,0.81375
2014-05-01 00:00:00 UTC,-409,-582,701000529,0.8008333333333334
2014-05-01 00:00:00 UTC,-409,-571,701000794,1.54125
2014-05-01 00:00:00 UTC,-409,1540,431206000,1.4720833333333332
2014-05-01 00:00:00 UTC,-409,1539,431206000,1.588888888888889
2014-05-01 00:00:00 UTC,-409,1535,431206000,3.0723611111111109
2014-05-01 00:00:00 UTC,-409,1541,431206000,6.9830555555555556
2014-05-01 00:00:00 UTC,-409,1538,431206000,1.6224999999999996
2014-05-01 00:00:00 UTC,-409,1544,431206000,1.5526388888888889
2014-05-01 00:00:00 UTC,-409,-795,760000380,2.2579166666666666
2014-05-01 00:00:00 UTC,-409,-571,701007039,5.41375
2014-05-01 00:00:00 UTC,-409,1539,432962000,1.4693055555555556
2014-05-01 00:00:00 UTC,-409,-571,701006037,2.2172222222222224
2014-05-01 00:00:00 UTC,-409,-481,263564000,3.2233333333333332
2014-05-01 00:00:00 UTC,-409,-483,263564000,0.77513888888888893
2014-05-01 00:00:00 UTC,-409,-482,263564000,1.0029166666666667
2014-05-01 00:00:00 UTC,-409,-484,263564000,2.2055555555555557
2014-05-01 00:00:00 UTC,-153,-798,412420255,10.159583333333334
2014-05-01 00:00:00 UTC,-153,-798,412420562,12.467083333333335
2014-05-01 00:00:00 UTC,-153,-799,412420562,9.6502777777777773
2014-05-01 00:00:00 UTC,104,1762,440604000,1.8611111111111112
2014-05-01 00:00:00 UTC,104,1759,440604000,1.5455555555555556
2014-05-01 00:00:00 UTC,104,-163,616999035,0.17083333333333334
2014-05-01 00:00:00 UTC,104,-164,616999035,0.78527777777777774
2014-05-01 00:00:00 UTC,104,-1297,412678060,2.7579166666666666
2014-05-01 00:00:00 UTC,104,-1239,412440009,0.82069444444444462
2014-05-01 00:00:00 UTC,360,1215,412348677,2.9977777777777779
2014-05-01 00:00:00 UTC,360,1232,412329225,0.12402777777777778
2014-05-01 00:00:00 UTC,360,1203,813022476,6.1318055555555553
2014-05-01 00:00:00 UTC,360,1202,813022476,0.3
2014-05-01 00:00:00 UTC,360,1206,800025357,0.72805555555555557
2014-05-01 00:00:00 UTC,360,1207,800025357,1.6054166666666667
2014-05-01 00:00:00 UTC,360,1235,412329229,0.26791666666666669
2014-05-01 00:00:00 UTC,360,1235,412320796,1.6448611111111111
2014-05-01 00:00:00 UTC,360,1231,412321309,3.9165277777777776
2014-05-01 00:00:00 UTC,360,1233,412321309,4.570555555555555
2014-05-01 00:00:00 UTC,360,1232,412321058,0.78527777777777785
2014-05-01 00:00:00 UTC,360,1202,412348968,5.23111111111111
2014-05-01 00:00:00 UTC,360,1207,412349483,4.6463888888888887
2014-05-01 00:00:00 UTC,360,1208,412349483,2.1977777777777776
2014-05-01 00:00:00 UTC,360,118,247147310,3.7855555555555553
2014-05-01 00:00:00 UTC,360,120,247147310,3.3079166666666664
2014-05-01 00:00:00 UTC,360,121,247147310,4.8233333333333333
2014-05-01 00:00:00 UTC,360,122,247147310,1.4930555555555554
2014-05-01 00:00:00 UTC,360,117,247147310,2.4722222222222219
2014-05-01 00:00:00 UTC,360,119,247147310,2.5247222222222225
2014-05-01 00:00:00 UTC,360,1203,412456238,0.2113888888888889
2014-05-01 00:00:00 UTC,360,1230,412327984,4.6776388888888887
2014-05-01 00:00:00 UTC,360,1231,412327984,1.6963888888888889
2014-05-01 00:00:00 UTC,360,1231,412320306,2.8758333333333335
2014-05-01 00:00:00 UTC,360,1233,412320306,5.0322222222222219
2014-05-01 00:00:00 UTC,360,1209,412348471,5.1204166666666673
2014-05-01 00:00:00 UTC,360,1207,412348985,6.6823611111111116
2014-05-01 00:00:00 UTC,360,1208,412322108,1.8202777777777777
2014-05-01 00:00:00 UTC,360,1207,412322108,2.7169444444444446
2014-05-01 00:00:00 UTC,360,1204,412327233,0.14166666666666666
2014-05-01 00:00:00 UTC,360,1203,412327233,5.7543055555555549
2014-05-01 00:00:00 UTC,360,1203,412327235,0.727361111111111
2014-05-01 00:00:00 UTC,360,-417,224069960,2.297361111111111
2014-05-01 00:00:00 UTC,360,1230,412321097,2.0626388888888889
2014-05-01 00:00:00 UTC,360,1204,412327242,0.71277777777777784
2014-05-01 00:00:00 UTC,360,1203,412327242,0.95708333333333329
2014-05-01 00:00:00 UTC,360,1204,412321611,0.95805555555555566
2014-05-01 00:00:00 UTC,360,1203,412321611,0.33208333333333334
2014-05-01 00:00:00 UTC,360,1233,412327756,7.6620833333333334
2014-05-01 00:00:00 UTC,360,1210,412349004,5.0029166666666676
2014-05-01 00:00:00 UTC,360,1227,412324694,0.83166666666666667
2014-05-01 00:00:00 UTC,360,-64,224069980,0.615
2014-05-01 00:00:00 UTC,360,-65,224069980,0.33611111111111114
2014-05-01 00:00:00 UTC,360,1233,412320102,2.2545833333333332
2014-05-01 00:00:00 UTC,360,-342,224241000,1.8097222222222222
2014-05-01 00:00:00 UTC,360,1232,412205672,1.9940277777777777
2014-05-01 00:00:00 UTC,360,1231,412205672,1.2461111111111112
2014-05-01 00:00:00 UTC,360,1229,412321643,2.0101388888888891
2014-05-01 00:00:00 UTC,360,1211,412349035,0.75611111111111107
2014-05-01 00:00:00 UTC,360,1210,412349035,2.455972222222222
2014-05-01 00:00:00 UTC,360,1209,412348784,1.8383333333333334
2014-05-01 00:00:00 UTC,360,1207,412348784,2.6766666666666659
2014-05-01 00:00:00 UTC,360,1233,412321649,5.2154166666666661
2014-05-01 00:00:00 UTC,360,1233,412321667,4.6543055555555561
2014-05-01 00:00:00 UTC,360,1311,440402820,5.3580555555555547
2014-05-01 00:00:00 UTC,360,1310,440402820,7.3143055555555554
2014-05-01 00:00:00 UTC,360,1204,412327044,0.11833333333333333
2014-05-01 00:00:00 UTC,360,1232,412324741,8.7879166666666677
2014-05-01 00:00:00 UTC,360,118,247146890,10.644027777777778
2014-05-01 00:00:00 UTC,360,120,247146890,3.4365277777777776
2014-05-01 00:00:00 UTC,360,119,247146890,10.372777777777779
2014-05-01 00:00:00 UTC,360,1232,412328075,8.6337500000000009
2014-05-01 00:00:00 UTC,360,1203,412327052,3.1329166666666666
2014-05-01 00:00:00 UTC,360,1204,412327052,0.14333333333333331
2014-05-01 00:00:00 UTC,360,1210,412348813,0.8783333333333333
2014-05-01 00:00:00 UTC,360,1203,412327054,6.2187499999999991
2014-05-01 00:00:00 UTC,360,1204,412327054,0.15583333333333332
2014-05-01 00:00:00 UTC,360,1204,412327055,0.86138888888888887
2014-05-01 00:00:00 UTC,360,1203,412327055,6.618611111111111
2014-05-01 00:00:00 UTC,360,1204,412327062,1.4241666666666666
2014-05-01 00:00:00 UTC,360,1203,412327062,5.4736111111111114
2014-05-01 00:00:00 UTC,360,1210,412348826,7.4806944444444445
2014-05-01 00:00:00 UTC,360,1231,412320155,2.0227777777777778
2014-05-01 00:00:00 UTC,360,1233,412320155,1.2227777777777777
2014-05-01 00:00:00 UTC,360,1232,412320155,0.32291666666666669
2014-05-01 00:00:00 UTC,360,1202,412349341,0.21625
2014-05-01 00:00:00 UTC,360,1233,412320928,2.1277777777777778
2014-05-01 00:00:00 UTC,360,-344,224115880,2.1487499999999997
2014-05-01 00:00:00 UTC,360,1231,412321451,18.617916666666673
2014-05-01 00:00:00 UTC,360,1233,412328363,5.1726388888888888
2014-05-01 00:00:00 UTC,360,1203,412349102,0.20069444444444445
2014-05-01 00:00:00 UTC,360,1235,412320946,2.5547222222222219
2014-05-01 00:00:00 UTC,360,1235,412320947,2.1443055555555555
2014-05-01 00:00:00 UTC,360,121,247143860,0.65541666666666676
2014-05-01 00:00:00 UTC,360,123,247143860,0.79222222222222216
2014-05-01 00:00:00 UTC,360,122,247143860,2.4043055555555553
2014-05-01 00:00:00 UTC,360,147,249000899,1.6579166666666669
2014-05-01 00:00:00 UTC,360,149,249000899,2.2320833333333332
2014-05-01 00:00:00 UTC,360,146,249000899,3.3308333333333331
2014-05-01 00:00:00 UTC,360,1209,412321734,3.9368055555555559
2014-05-01 00:00:00 UTC,360,1209,412348871,3.3584722222222223
2014-05-01 00:00:00 UTC,360,1235,412320968,1.91875
2014-05-01 00:00:00 UTC,360,1207,412349385,4.9002777777777773
2014-05-01 00:00:00 UTC,360,1208,412349385,5.9369444444444444
2014-05-01 00:00:00 UTC,360,-411,224032970,1.1238888888888887
2014-05-01 00:00:00 UTC,360,-412,224032970,0.80277777777777781
2014-05-01 00:00:00 UTC,360,-410,224032970,3.4327777777777779
2014-05-01 00:00:00 UTC,360,-413,224032970,1.544861111111111
2014-05-01 00:00:00 UTC,360,1233,412325079,2.4711111111111106
2014-05-01 00:00:00 UTC,360,132,247147480,3.9748611111111112
2014-05-01 00:00:00 UTC,360,1203,412349916,0.72333333333333327
2014-05-01 00:00:00 UTC,360,1231,810080224,2.9308333333333327
2014-05-01 00:00:00 UTC,360,1232,810080224,0.23430555555555554
2014-05-01 00:00:00 UTC,360,1232,412322019,4.2276388888888885
2014-05-01 00:00:00 UTC,360,1231,412322021,0.23680555555555555
2014-05-01 00:00:00 UTC,360,1230,412322021,2.9166666666666665
2014-05-01 00:00:00 UTC,360,1232,412322021,2.5631944444444446
2014-05-01 00:00:00 UTC,360,1232,412326375,0.21888888888888891
2014-05-01 00:00:00 UTC,360,1231,412326375,7.3955555555555561
2014-05-01 00:00:00 UTC,360,1234,412320749,0.62291666666666667
2014-05-01 00:00:00 UTC,360,1232,412321775,1.1633333333333333
2014-05-01 00:00:00 UTC,360,1215,412348667,2.3141666666666665
2014-05-01 00:00:00 UTC,616,15,259282000,5.9768055555555559
2014-05-01 00:00:00 UTC,616,16,259282000,0.38749999999999996
2014-05-01 00:00:00 UTC,616,211,230038640,0.92
2014-05-01 00:00:00 UTC,616,210,230038640,2.2495833333333333
2014-05-01 00:00:00 UTC,616,16,258778000,0.30319444444444443
2014-05-01 00:00:00 UTC,616,210,230627000,1.6661111111111111
2014-05-01 00:00:00 UTC,616,211,230627000,0.24222222222222223
2014-05-01 00:00:00 UTC,616,14,257656000,1.3929166666666668
2014-05-01 00:00:00 UTC,616,16,257656000,2.4779166666666668
2014-05-01 00:00:00 UTC,616,15,257656000,5.0876388888888888
2014-05-01 00:00:00 UTC,616,15,232007650,5.4433333333333334
2014-05-01 00:00:00 UTC,616,-294,273525500,1.52125
2014-05-01 00:00:00 UTC,-408,-579,701000529,1.4483333333333333
2014-05-01 00:00:00 UTC,-408,-570,701000794,5.0048611111111105
2014-05-01 00:00:00 UTC,-408,1530,431206000,3.03625
2014-05-01 00:00:00 UTC,-408,-570,701007039,3.3533333333333335
2014-05-01 00:00:00 UTC,-408,-569,701007039,0.80277777777777781
2014-05-01 00:00:00 UTC,-408,1538,432962000,1.50125
2014-05-01 00:00:00 UTC,-152,-798,412420465,21.168472222222221
2014-05-01 00:00:00 UTC,-152,-1287,412420821,5.8656944444444443
2014-05-01 00:00:00 UTC,-152,-1288,412420821,0.4458333333333333
2014-05-01 00:00:00 UTC,-152,-1294,412420583,0.74625
2014-05-01 00:00:00 UTC,-152,-1293,412420583,5.6165277777777778
2014-05-01 00:00:00 UTC,105,1757,440604000,1.3970833333333332
2014-05-01 00:00:00 UTC,105,-166,616999035,3.6029166666666668
2014-05-01 00:00:00 UTC,105,-1297,412678060,1.3986111111111108
2014-05-01 00:00:00 UTC,105,-1239,412440009,0.86680555555555572
2014-05-01 00:00:00 UTC,361,1215,412348677,14.254027777777774
2014-05-01 00:00:00 UTC,361,117,247147310,4.4363888888888887
2014-05-01 00:00:00 UTC,361,1240,412329016,2.7881944444444446
2014-05-01 00:00:00 UTC,361,1238,412329017,3.8618055555555557
2014-05-01 00:00:00 UTC,361,1207,412348985,5.5784722222222225
2014-05-01 00:00:00 UTC,361,1208,412348995,14.289027777777777
2014-05-01 00:00:00 UTC,361,1230,412321097,6.8279166666666669
2014-05-01 00:00:00 UTC,361,1209,412349004,0.49527777777777776
2014-05-01 00:00:00 UTC,361,1208,412349004,0.27513888888888888
2014-05-01 00:00:00 UTC,361,1210,412349004,0.52027777777777784
2014-05-01 00:00:00 UTC,361,1210,412349014,3.9775
2014-05-01 00:00:00 UTC,361,-65,224069980,0.30277777777777781
2014-05-01 00:00:00 UTC,361,1233,412320102,9.4102777777777771
2014-05-01 00:00:00 UTC,361,-36,224176230,4.8766666666666669
2014-05-01 00:00:00 UTC,361,-342,224241000,6.7598611111111113
2014-05-01 00:00:00 UTC,361,1210,412349035,3.6808333333333332
2014-05-01 00:00:00 UTC,361,1233,412321649,7.0887499999999983
2014-05-01 00:00:00 UTC,361,117,247142780,5.703611111111111
2014-05-01 00:00:00 UTC,361,1232,412324741,1.35625
2014-05-01 00:00:00 UTC,361,1233,412324741,3.2027777777777779
2014-05-01 00:00:00 UTC,361,1210,412348826,3.1227777777777779
2014-05-01 00:00:00 UTC,361,-343,224115880,4.7101388888888884
2014-05-01 00:00:00 UTC,361,1233,412328363,9.9615277777777766
2014-05-01 00:00:00 UTC,361,135,247304620,10.620555555555555
2014-05-01 00:00:00 UTC,361,134,247304620,0.26305555555555554
2014-05-01 00:00:00 UTC,361,1208,412348850,6.54125
2014-05-01 00:00:00 UTC,361,121,247143860,0.6776388888888889
2014-05-01 00:00:00 UTC,361,1211,412349111,6.0234722222222228
2014-05-01 00:00:00 UTC,361,154,247121850,0.58375
2014-05-01 00:00:00 UTC,361,1230,415000003,5.4231944444444435
2014-05-01 00:00:00 UTC,361,-37,224029390,0.8880555555555556
2014-05-01 00:00:00 UTC,361,-38,224029390,0.31625000000000003
2014-05-01 00:00:00 UTC,361,1233,412325079,3.204305555555556
2014-05-01 00:00:00 UTC,361,131,247147480,8.044027777777778
2014-05-01 00:00:00 UTC,361,134,247147480,1.6947222222222225
2014-05-01 00:00:00 UTC,361,1215,412348635,0.42472222222222222
2014-05-01 00:00:00 UTC,361,1231,412322021,0.24055555555555555
2014-05-01 00:00:00 UTC,361,1230,412322021,0.26541666666666663
2014-05-01 00:00:00 UTC,361,1232,412326375,4.3019444444444446
2014-05-01 00:00:00 UTC,361,1230,412326376,5.6204166666666664
2014-05-01 00:00:00 UTC,361,1215,412348653,15.948749999999999
2014-05-01 00:00:00 UTC,361,1217,415976689,16.28597222222222
2014-05-01 00:00:00 UTC,361,120,247149810,5.277222222222222
2014-05-01 00:00:00 UTC,361,1215,412348667,4.6405555555555562
2014-05-01 00:00:00 UTC,361,1214,412348667,1.5998611111111112
2014-05-01 00:00:00 UTC,617,-295,273240900,2.4084722222222226
2014-05-01 00:00:00 UTC,617,-139,231101000,1.55125
2014-05-01 00:00:00 UTC,617,208,230038640,0.87208333333333332
2014-05-01 00:00:00 UTC,617,209,230038640,0.86291666666666678
2014-05-01 00:00:00 UTC,617,211,230038640,1.2834722222222223
2014-05-01 00:00:00 UTC,617,210,230038640,1.3108333333333333
2014-05-01 00:00:00 UTC,617,-294,273449380,6.1593055555555551
2014-05-01 00:00:00 UTC,617,-295,273449380,1.5125
2014-05-01 00:00:00 UTC,617,211,230627000,1.2086111111111111
2014-05-01 00:00:00 UTC,617,210,230627000,1.8736111111111111
2014-05-01 00:00:00 UTC,617,-295,273430750,6.4140277777777781
2014-05-01 00:00:00 UTC,617,-295,273525500,4.5701388888888888
2014-05-01 00:00:00 UTC,617,-296,273525500,1.6975
2014-05-01 00:00:00 UTC,617,-294,273525500,7.9669444444444437
2014-05-01 00:00:00 UTC,-407,-492,204212000,4.5484722222222222
2014-05-01 00:00:00 UTC,-407,-490,204212000,1.5638888888888889
2014-05-01 00:00:00 UTC,-407,-569,701000794,4.5659722222222223
2014-05-01 00:00:00 UTC,-407,-569,701007039,5.3281944444444447
2014-05-01 00:00:00 UTC,-407,1529,432962000,1.601388888888889
2014-05-01 00:00:00 UTC,-407,1531,432962000,2.858888888888889
2014-05-01 00:00:00 UTC,-407,1535,432962000,1.7679166666666668
2014-05-01 00:00:00 UTC,-407,1533,432962000,2.7061111111111109
2014-05-01 00:00:00 UTC,-407,1530,432962000,1.7425000000000002
2014-05-01 00:00:00 UTC,-407,1538,432962000,0.57333333333333336
2014-05-01 00:00:00 UTC,-407,-480,263564000,4.5251388888888888
2014-05-01 00:00:00 UTC,-151,-799,412420213,16.321944444444444
2014-05-01 00:00:00 UTC,-151,-1289,412420821,1.2116666666666667
2014-05-01 00:00:00 UTC,-151,-1288,412420821,1.6609722222222219
2014-05-01 00:00:00 UTC,-151,-1294,412420583,2.1002777777777775
2014-05-01 00:00:00 UTC,-151,-1297,412420583,3.6004166666666664
2014-05-01 00:00:00 UTC,-151,-1296,412420583,0.99583333333333335
2014-05-01 00:00:00 UTC,-151,-1299,412420583,5.8715277777777777
2014-05-01 00:00:00 UTC,-151,-1295,412420583,1.05
2014-05-01 00:00:00 UTC,-151,-1300,412420583,2.6668055555555554
2014-05-01 00:00:00 UTC,106,-167,616999035,0.9752777777777778
2014-05-01 00:00:00 UTC,106,-1297,412678060,0.87916666666666665
2014-05-01 00:00:00 UTC,106,-1296,412678060,0.80319444444444443
2014-05-01 00:00:00 UTC,106,-1238,412440009,1.3875
2014-05-01 00:00:00 UTC,362,121,247147010,2.0302777777777776
2014-05-01 00:00:00 UTC,362,119,247147010,5.8490277777777777
2014-05-01 00:00:00 UTC,362,120,247147010,1.66125
2014-05-01 00:00:00 UTC,362,118,247147010,5.0973611111111108
2014-05-01 00:00:00 UTC,362,1218,412214535,6.516111111111111
2014-05-01 00:00:00 UTC,362,137,256000527,0.60055555555555551
2014-05-01 00:00:00 UTC,362,138,256000527,0.25013888888888891
2014-05-01 00:00:00 UTC,362,140,256000527,0.48805555555555558
2014-05-01 00:00:00 UTC,362,1240,412329016,1.0704166666666666
2014-05-01 00:00:00 UTC,362,1239,412329017,0.25305555555555553
2014-05-01 00:00:00 UTC,362,1238,412329017,2.3925
2014-05-01 00:00:00 UTC,362,-418,224069960,1.6122222222222222
2014-05-01 00:00:00 UTC,362,-51,224080230,0.57597222222222233
2014-05-01 00:00:00 UTC,362,1212,412325233,1.7486111111111113
2014-05-01 00:00:00 UTC,362,1212,412348787,0.78180555555555553
2014-05-01 00:00:00 UTC,362,118,247142780,3.8415277777777779
2014-05-01 00:00:00 UTC,362,1212,412348802,1.7559722222222218
2014-05-01 00:00:00 UTC,362,1211,412348802,4.7101388888888884
2014-05-01 00:00:00 UTC,362,1209,412348803,7.2004166666666665
2014-05-01 00:00:00 UTC,362,1212,813021069,3.285277777777778
2014-05-01 00:00:00 UTC,362,1212,412349077,0.45083333333333336
2014-05-01 00:00:00 UTC,362,130,247146140,3.3227777777777776
2014-05-01 00:00:00 UTC,362,134,247304620,2.7820833333333335
2014-05-01 00:00:00 UTC,362,1211,412349111,7.005416666666668
2014-05-01 00:00:00 UTC,362,1210,412349113,14.615277777777777
2014-05-01 00:00:00 UTC,362,1408,431004349,2.03125
2014-05-01 00:00:00 UTC,362,1212,800024514,1.3202777777777777
2014-05-01 00:00:00 UTC,362,1230,415000003,8.9845833333333331
2014-05-01 00:00:00 UTC,362,1243,412200389,1.6831944444444444
2014-05-01 00:00:00 UTC,362,1211,412348869,1.3938888888888887
2014-05-01 00:00:00 UTC,362,1212,412349126,2.4138888888888888
2014-05-01 00:00:00 UTC,362,1211,412349129,14.892638888888888
2014-05-01 00:00:00 UTC,362,1212,412349129,0.68458333333333332
2014-05-01 00:00:00 UTC,362,-405,224032970,5.6025
2014-05-01 00:00:00 UTC,362,-406,224032970,4.6198611111111116
2014-05-01 00:00:00 UTC,362,-38,224029390,1.6322222222222222
2014-05-01 00:00:00 UTC,362,1213,412324309,2.1819444444444445
2014-05-01 00:00:00 UTC,362,1212,412324311,3.1270833333333332
2014-05-01 00:00:00 UTC,362,133,247147480,5.2531944444444445
2014-05-01 00:00:00 UTC,362,131,247147480,1.9176388888888889
2014-05-01 00:00:00 UTC,362,132,247147480,1.6109722222222222
2014-05-01 00:00:00 UTC,362,134,247147480,1.5806944444444444
2014-05-01 00:00:00 UTC,362,1234,412326361,5.15513888888889
2014-05-01 00:00:00 UTC,362,1213,412348889,5.215694444444444
2014-05-01 00:00:00 UTC,362,1232,412321502,3.5126388888888886
2014-05-01 00:00:00 UTC,362,-52,224133860,3.3691666666666671
2014-05-01 00:00:00 UTC,362,1231,412205796,0.74152777777777779
2014-05-01 00:00:00 UTC,362,1230,412326376,8.0868055555555554
2014-05-01 00:00:00 UTC,362,1209,412349166,0.22499999999999998
2014-05-01 00:00:00 UTC,362,1210,412349166,2.1831944444444447
2014-05-01 00:00:00 UTC,362,1213,412324345,1.0405555555555555
2014-05-01 00:00:00 UTC,362,1212,412300287,6.3905555555555562
2014-05-01 00:00:00 UTC,618,-297,273351680,1.547361111111111
2014-05-01 00:00:00 UTC,618,-295,273351680,1.550138888888889
2014-05-01 00:00:00 UTC,618,-296,273351680,2.2972222222222221
2014-05-01 00:00:00 UTC,618,-296,273355780,8.6568055555555556
2014-05-01 00:00:00 UTC,618,-297,273355780,2.3138888888888891
2014-05-01 00:00:00 UTC,618,-297,273537800,0.92361111111111116
2014-05-01 00:00:00 UTC,618,-296,273537800,13.275972222222222
2014-05-01 00:00:00 UTC,618,-296,273311280,7.137083333333333
2014-05-01 00:00:00 UTC,618,-295,273240900,0.79583333333333328
2014-05-01 00:00:00 UTC,618,-296,273240900,1.4805555555555556
2014-05-01 00:00:00 UTC,618,-297,273240900,1.5516666666666667
2014-05-01 00:00:00 UTC,618,-8,211232850,8.617222222222221
2014-05-01 00:00:00 UTC,618,-296,273437550,3.0740277777777778
2014-05-01 00:00:00 UTC,618,-297,273437550,3.1872222222222222
2014-05-01 00:00:00 UTC,618,208,230038640,0.5822222222222222
2014-05-01 00:00:00 UTC,618,207,230038640,2.2005555555555554
2014-05-01 00:00:00 UTC,618,-296,273449380,1.5816666666666666
2014-05-01 00:00:00 UTC,618,-297,273449380,1.6084722222222221
2014-05-01 00:00:00 UTC,618,-297,273212100,3.0519444444444446
2014-05-01 00:00:00 UTC,618,-297,273430750,1.6198611111111112
2014-05-01 00:00:00 UTC,618,-296,273430750,3.0444444444444443
2014-05-01 00:00:00 UTC,618,-11,258732000,11.730555555555556
2014-05-01 00:00:00 UTC,618,-296,273538800,1.5309722222222222
2014-05-01 00:00:00 UTC,-406,-568,701007039,3.0720833333333335
2014-05-01 00:00:00 UTC,-406,1536,432962000,0.89
2014-05-01 00:00:00 UTC,-406,-485,263564000,6.1595833333333339
2014-05-01 00:00:00 UTC,-406,-484,263564000,3.0319444444444446
2014-05-01 00:00:00 UTC,-150,-1289,412420821,2.0438888888888886
2014-05-01 00:00:00 UTC,107,-167,616999035,3.0798611111111107
2014-05-01 00:00:00 UTC,107,-1296,412678060,0.90416666666666679
2014-05-01 00:00:00 UTC,363,1218,800005632,7.5468055555555562
2014-05-01 00:00:00 UTC,363,-68,224024320,2.6447222222222222
2014-05-01 00:00:00 UTC,363,117,247147010,3.6709722222222219
2014-05-01 00:00:00 UTC,363,1213,412325388,2.7243055555555551
2014-05-01 00:00:00 UTC,363,-52,224226830,1.5381944444444446
2014-05-01 00:00:00 UTC,363,1212,412365071,16.971805555555555
2014-05-01 00:00:00 UTC,363,137,256000527,0.58194444444444449
2014-05-01 00:00:00 UTC,363,1229,412320541,3.6863888888888892
2014-05-01 00:00:00 UTC,363,-52,224082480,3.3990277777777775
2014-05-01 00:00:00 UTC,363,-51,224082480,7.5065277777777766
2014-05-01 00:00:00 UTC,363,-68,224320560,1.9926388888888891
2014-05-01 00:00:00 UTC,363,-69,224320560,0.58361111111111108
2014-05-01 00:00:00 UTC,363,1215,412325428,0.51861111111111113
2014-05-01 00:00:00 UTC,363,1213,412325428,1.0072222222222222
2014-05-01 00:00:00 UTC,363,1214,412325428,6.6572222222222219
2014-05-01 00:00:00 UTC,363,1214,412325429,4.2647222222222219
2014-05-01 00:00:00 UTC,363,1215,412325429,0.24972222222222223
2014-05-01 00:00:00 UTC,363,1213,412325429,0.63611111111111107
2014-05-01 00:00:00 UTC,363,-68,224163640,8.60375
2014-05-01 00:00:00 UTC,363,1239,412329017,1.5359722222222225
2014-05-01 00:00:00 UTC,363,-48,224386370,1.7156944444444444
2014-05-01 00:00:00 UTC,363,-50,224386370,2.0602777777777779
2014-05-01 00:00:00 UTC,363,-49,224386370,3.0613888888888887
2014-05-01 00:00:00 UTC,363,-47,224386370,0.27902777777777776
2014-05-01 00:00:00 UTC,363,1212,412348998,9.1108333333333338
2014-05-01 00:00:00 UTC,363,-419,224069960,2.1929166666666666
2014-05-01 00:00:00 UTC,363,1214,412324437,2.0769444444444445
2014-05-01 00:00:00 UTC,363,1213,412324437,1.3763888888888889
2014-05-01 00:00:00 UTC,363,-51,224080230,10.747638888888888
2014-05-01 00:00:00 UTC,363,1213,412325233,7.4920833333333343
2014-05-01 00:00:00 UTC,363,1212,412325233,0.40777777777777779
2014-05-01 00:00:00 UTC,363,1214,412325233,0.61749999999999994
2014-05-01 00:00:00 UTC,363,1212,412348787,5.7101388888888893
2014-05-01 00:00:00 UTC,363,117,247142780,2.1681944444444445
2014-05-01 00:00:00 UTC,363,118,247142780,3.3386111111111108
2014-05-01 00:00:00 UTC,363,1231,412001152,0.75416666666666665
2014-05-01 00:00:00 UTC,363,1212,412348802,0.54847222222222225
2014-05-01 00:00:00 UTC,363,-49,224110470,10.345277777777778
2014-05-01 00:00:00 UTC,363,-68,224111750,7.0938888888888885
2014-05-01 00:00:00 UTC,363,1212,813021069,5.2377777777777776
2014-05-01 00:00:00 UTC,363,1213,800030606,2.0159722222222225
2014-05-01 00:00:00 UTC,363,1214,800030606,1.9369444444444444
2014-05-01 00:00:00 UTC,363,1212,412348815,8.0361111111111114
2014-05-01 00:00:00 UTC,363,1212,412349077,0.74138888888888888
2014-05-01 00:00:00 UTC,363,1212,412349078,15.463472222222224
2014-05-01 00:00:00 UTC,363,1213,412349078,8.5325
2014-05-01 00:00:00 UTC,363,1214,412324256,1.1595833333333334
2014-05-01 00:00:00 UTC,363,1213,412324256,2.4923611111111112
2014-05-01 00:00:00 UTC,363,-68,224081830,4.4422222222222221
2014-05-01 00:00:00 UTC,363,-68,224214440,4.3540277777777785
2014-05-01 00:00:00 UTC,363,1215,412325288,2.7056944444444442
2014-05-01 00:00:00 UTC,363,1213,412348843,1.5409722222222222
2014-05-01 00:00:00 UTC,363,1212,412348843,6.8238888888888907
2014-05-01 00:00:00 UTC,363,1212,412348849,2.663472222222222
2014-05-01 00:00:00 UTC,363,1213,412348849,5.96736111111111
2014-05-01 00:00:00 UTC,363,1213,800009906,2.4091666666666667
2014-05-01 00:00:00 UTC,363,1214,412324276,1.9081944444444443
2014-05-01 00:00:00 UTC,363,1217,412324278,6.7097222222222221
2014-05-01 00:00:00 UTC,363,1213,412324282,1.0633333333333332
2014-05-01 00:00:00 UTC,363,1214,412324282,4.6951388888888879
2014-05-01 00:00:00 UTC,363,1212,412348859,7.3554166666666658
2014-05-01 00:00:00 UTC,363,1217,412324541,4.6161111111111115
2014-05-01 00:00:00 UTC,363,1408,431004349,2.7640277777777778
2014-05-01 00:00:00 UTC,363,1214,412324289,0.38138888888888889
2014-05-01 00:00:00 UTC,363,1213,412324289,3.1731944444444444
2014-05-01 00:00:00 UTC,363,1212,800024514,4.1345833333333335
2014-05-01 00:00:00 UTC,363,121,247300290,9.7570833333333322
2014-05-01 00:00:00 UTC,363,1243,412200389,3.94125
2014-05-01 00:00:00 UTC,363,1244,412200389,1.6815277777777777
2014-05-01 00:00:00 UTC,363,1211,412348869,4.080277777777777
2014-05-01 00:00:00 UTC,363,1212,412349126,7.4461111111111107
2014-05-01 00:00:00 UTC,363,-53,224167120,0.75374999999999992
2014-05-01 00:00:00 UTC,363,1214,412324305,1.2168055555555557
2014-05-01 00:00:00 UTC,363,1213,412324305,3.0059722222222227
2014-05-01 00:00:00 UTC,363,1214,412324306,1.1773611111111111
2014-05-01 00:00:00 UTC,363,1213,412324306,4.43375
2014-05-01 00:00:00 UTC,363,1214,412324309,0.95930555555555552
2014-05-01 00:00:00 UTC,363,1213,412324309,0.97319444444444447
2014-05-01 00:00:00 UTC,363,1213,412324311,1.7831944444444443
2014-05-01 00:00:00 UTC,363,1214,412324311,0.68180555555555555
2014-05-01 00:00:00 UTC,363,144,249000920,4.20888888888889
2014-05-01 00:00:00 UTC,363,1214,412325849,0.42458333333333331
2014-05-01 00:00:00 UTC,363,1213,412325849,3.0777777777777775
2014-05-01 00:00:00 UTC,363,1234,412326361,6.4313888888888879
2014-05-01 00:00:00 UTC,363,1213,412348889,1.0448611111111112
2014-05-01 00:00:00 UTC,363,1212,412348889,6.5990277777777786
2014-05-01 00:00:00 UTC,363,1214,412325851,0.62486111111111109
2014-05-01 00:00:00 UTC,363,1213,412325851,3.1061111111111108
2014-05-01 00:00:00 UTC,363,-79,204236000,8.9141666666666666
2014-05-01 00:00:00 UTC,363,-78,204236000,14.660138888888888
2014-05-01 00:00:00 UTC,363,1211,412324321,13.891944444444446
2014-05-01 00:00:00 UTC,363,-49,224115170,1.1488888888888888
2014-05-01 00:00:00 UTC,363,-48,224115170,0.56930555555555551
2014-05-01 00:00:00 UTC,363,-51,224133860,5.4755555555555553
2014-05-01 00:00:00 UTC,363,1231,412205796,2.2611111111111111
2014-05-01 00:00:00 UTC,363,1230,412205796,1.9598611111111111
2014-05-01 00:00:00 UTC,363,1232,412205796,0.40819444444444442
2014-05-01 00:00:00 UTC,363,1211,412348644,7.2676388888888876
2014-05-01 00:00:00 UTC,363,1212,412349166,0.24097222222222223
2014-05-01 00:00:00 UTC,363,1213,412349166,6.129999999999999
2014-05-01 00:00:00 UTC,363,1213,412349169,8.64527777777778
2014-05-01 00:00:00 UTC,363,1216,800004595,1.55375
2014-05-01 00:00:00 UTC,363,1213,412324345,2.2104166666666667
2014-05-01 00:00:00 UTC,363,1212,412300287,4.215416666666667
2014-05-01 00:00:00 UTC,619,-296,273351680,6.1540277777777783
2014-05-01 00:00:00 UTC,619,-298,273351680,1.54875
2014-05-01 00:00:00 UTC,619,-299,273355780,2.314027777777778
2014-05-01 00:00:00 UTC,619,-297,273355780,7.1091666666666669
2014-05-01 00:00:00 UTC,619,-299,273537800,1.5320833333333335
2014-05-01 00:00:00 UTC,619,-297,273537800,1.5431944444444445
2014-05-01 00:00:00 UTC,619,-298,273537800,4.64375
2014-05-01 00:00:00 UTC,619,-298,273311280,3.8752777777777778
2014-05-01 00:00:00 UTC,619,-297,273311280,8.5916666666666668
2014-05-01 00:00:00 UTC,619,-298,273240900,2.3069444444444445
2014-05-01 00:00:00 UTC,619,-297,273240900,6.1791666666666671
2014-05-01 00:00:00 UTC,619,-299,273246800,3.9415277777777775
2014-05-01 00:00:00 UTC,619,-298,273246800,13.285
2014-05-01 00:00:00 UTC,619,0,211232850,11.719166666666666
2014-05-01 00:00:00 UTC,619,-298,273437550,3.8126388888888889
2014-05-01 00:00:00 UTC,619,-297,273437550,6.9341666666666661
2014-05-01 00:00:00 UTC,619,207,230038640,6.1111111111111107
2014-05-01 00:00:00 UTC,619,-1,258351000,9.419027777777778
2014-05-01 00:00:00 UTC,619,0,258351000,2.3259722222222221
2014-05-01 00:00:00 UTC,619,-2,258351000,6.3002777777777776
2014-05-01 00:00:00 UTC,619,-298,273449380,7.9669444444444437
2014-05-01 00:00:00 UTC,619,-297,273449380,1.5404166666666668
2014-05-01 00:00:00 UTC,619,-298,273212100,2.3169444444444447
2014-05-01 00:00:00 UTC,619,-298,273430750,2.3862500000000004
2014-05-01 00:00:00 UTC,619,-297,273430750,2.30375
2014-05-01 00:00:00 UTC,619,-297,273538800,8.5316666666666663
2014-05-01 00:00:00 UTC,619,-298,273538800,8.7068055555555546
2014-05-01 00:00:00 UTC,619,-298,273217010,1.5569444444444445
2014-05-01 00:00:00 UTC,619,-297,273217010,2.274861111111111
2014-05-01 00:00:00 UTC,-149,-1290,412420821,2.7345833333333331
2014-05-01 00:00:00 UTC,108,-167,616807000,1.3004166666666666
2014-05-01 00:00:00 UTC,108,-1296,412678060,1.4456944444444444
2014-05-01 00:00:00 UTC,108,-171,273350650,1.9608333333333334
2014-05-01 00:00:00 UTC,364,1214,412325388,0.25013888888888886
2014-05-01 00:00:00 UTC,364,-52,224226830,3.6661111111111113
2014-05-01 00:00:00 UTC,364,-51,224226830,6.4169444444444439
2014-05-01 00:00:00 UTC,364,1211,800019483,0.30791666666666667
2014-05-01 00:00:00 UTC,364,1212,800019483,3.3627777777777776
2014-05-01 00:00:00 UTC,364,1229,412320541,4.510416666666667
2014-05-01 00:00:00 UTC,364,-47,224166440,5.2243055555555555
2014-05-01 00:00:00 UTC,364,-46,224166440,1.6123611111111109
2014-05-01 00:00:00 UTC,364,1235,800003369,1.3459722222222221
2014-05-01 00:00:00 UTC,364,1213,412325421,0.70944444444444454
2014-05-01 00:00:00 UTC,364,1214,412325421,14.024305555555554
2014-05-01 00:00:00 UTC,364,1215,412325421,6.01625
2014-05-01 00:00:00 UTC,364,-69,224320560,10.467083333333333
2014-05-01 00:00:00 UTC,364,1214,412325425,11.728472222222223
2014-05-01 00:00:00 UTC,364,1213,412325425,0.65250000000000008
2014-05-01 00:00:00 UTC,364,1214,412325427,5.3299999999999992
2014-05-01 00:00:00 UTC,364,1215,412325427,14.138194444444444
2014-05-01 00:00:00 UTC,364,1215,412325428,8.661249999999999
2014-05-01 00:00:00 UTC,364,1214,412325428,1.9937500000000001
2014-05-01 00:00:00 UTC,364,1214,412325429,4.0886111111111116
2014-05-01 00:00:00 UTC,364,1215,412325429,9.0827777777777765
2014-05-01 00:00:00 UTC,364,1242,412211253,1.4170833333333333
2014-05-01 00:00:00 UTC,364,1241,412211253,1.33625
2014-05-01 00:00:00 UTC,364,1225,412320822,0.20361111111111113
2014-05-01 00:00:00 UTC,364,1239,412329017,1.9002777777777777
2014-05-01 00:00:00 UTC,364,-47,224386370,0.48416666666666663
2014-05-01 00:00:00 UTC,364,1214,412324437,3.0990277777777777
2014-05-01 00:00:00 UTC,364,1215,412324437,10.579166666666669
2014-05-01 00:00:00 UTC,364,277,247146590,1.8747222222222224
2014-05-01 00:00:00 UTC,364,276,247146590,7.8163888888888886
2014-05-01 00:00:00 UTC,364,1227,412324964,0.215
2014-05-01 00:00:00 UTC,364,1226,412324964,0.2298611111111111
2014-05-01 00:00:00 UTC,364,1213,412325233,6.4648611111111123
2014-05-01 00:00:00 UTC,364,119,247142780,1.513611111111111
2014-05-01 00:00:00 UTC,364,1233,412001152,0.50638888888888889
2014-05-01 00:00:00 UTC,364,1232,412001152,0.52833333333333332
2014-05-01 00:00:00 UTC,364,-48,224110470,2.8068055555555556
2014-05-01 00:00:00 UTC,364,-49,224110470,1.294861111111111
2014-05-01 00:00:00 UTC,364,1221,413232008,0.42402777777777778
2014-05-01 00:00:00 UTC,364,1214,412324232,12.62736111111111
2014-05-01 00:00:00 UTC,364,1215,412324232,5.8268055555555556
2014-05-01 00:00:00 UTC,364,1213,412324232,0.2425
2014-05-01 00:00:00 UTC,364,-64,224049290,4.6768055555555552
2014-05-01 00:00:00 UTC,364,1215,412324235,2.6919444444444443
2014-05-01 00:00:00 UTC,364,1214,412324235,16.206666666666667
2014-05-01 00:00:00 UTC,364,1214,800030606,5.4776388888888894
2014-05-01 00:00:00 UTC,364,1213,800030606,3.1452777777777778
2014-05-01 00:00:00 UTC,364,1215,412324238,11.3775
2014-05-01 00:00:00 UTC,364,1214,412324238,0.72972222222222227
2014-05-01 00:00:00 UTC,364,1220,412322191,5.2645833333333334
2014-05-01 00:00:00 UTC,364,1214,412324507,13.679722222222225
2014-05-01 00:00:00 UTC,364,1213,412324507,4.7245833333333334
2014-05-01 00:00:00 UTC,364,1214,412324256,4.80875
2014-05-01 00:00:00 UTC,364,1213,412324256,0.57805555555555554
2014-05-01 00:00:00 UTC,364,1215,412324256,8.9518055555555556
2014-05-01 00:00:00 UTC,364,1215,412325288,10.133194444444444
2014-05-01 00:00:00 UTC,364,1214,412325288,6.7381944444444439
2014-05-01 00:00:00 UTC,364,-344,224115880,3.5498611111111109
2014-05-01 00:00:00 UTC,364,1215,800009906,2.0411111111111113
2014-05-01 00:00:00 UTC,364,1221,412324274,0.3306944444444444
2014-05-01 00:00:00 UTC,364,1214,412324276,12.928055555555556
2014-05-01 00:00:00 UTC,364,1215,412324276,1.1479166666666667
2014-05-01 00:00:00 UTC,364,-49,224063670,5.1875
2014-05-01 00:00:00 UTC,364,-48,224063670,1.326111111111111
2014-05-01 00:00:00 UTC,364,-50,224063670,1.0709722222222222
2014-05-01 00:00:00 UTC,364,1219,412335799,0.3502777777777778
2014-05-01 00:00:00 UTC,364,1214,412324282,2.3609722222222222
2014-05-01 00:00:00 UTC,364,1216,412324282,1.3884722222222223
2014-05-01 00:00:00 UTC,364,1215,412324282,3.0495833333333335
2014-05-01 00:00:00 UTC,364,1214,412324285,13.120555555555557
2014-05-01 00:00:00 UTC,364,1213,412324285,10.606944444444444
2014-05-01 00:00:00 UTC,364,1215,412324285,4.588055555555556
2014-05-01 00:00:00 UTC,364,1238,800011201,1.8251388888888889
2014-05-01 00:00:00 UTC,364,1213,412324289,1.8263888888888888
2014-05-01 00:00:00 UTC,364,121,247300290,1.1761111111111111
2014-05-01 00:00:00 UTC,364,-45,224068550,2.0456944444444449
2014-05-01 00:00:00 UTC,364,-44,224068550,2.5026388888888889
2014-05-01 00:00:00 UTC,364,-46,224068550,1.6663888888888891
2014-05-01 00:00:00 UTC,364,276,247142860,17.511944444444445
2014-05-01 00:00:00 UTC,364,1214,412324303,1.8504166666666668
2014-05-01 00:00:00 UTC,364,1215,412324303,1.8880555555555556
2014-05-01 00:00:00 UTC,364,-52,224167120,10.913333333333334
2014-05-01 00:00:00 UTC,364,1214,412324305,7.5993055555555546
2014-05-01 00:00:00 UTC,364,1214,412324306,11.243472222222223
2014-05-01 00:00:00 UTC,364,1214,412324309,7.8672222222222219
2014-05-01 00:00:00 UTC,364,1215,412324309,2.0244444444444447
2014-05-01 00:00:00 UTC,364,1214,412324311,13.116249999999999
2014-05-01 00:00:00 UTC,364,1215,412324311,2.0790277777777777
2014-05-01 00:00:00 UTC,364,144,249000920,3.2613888888888889
2014-05-01 00:00:00 UTC,364,143,249000920,4.3969444444444443
2014-05-01 00:00:00 UTC,364,1213,412325849,0.84625
2014-05-01 00:00:00 UTC,364,1214,412325849,0.49208333333333332
2014-05-01 00:00:00 UTC,364,1234,412326361,6.17
2014-05-01 00:00:00 UTC,364,1233,412326361,0.41625
2014-05-01 00:00:00 UTC,364,1215,412325851,4.2483333333333331
2014-05-01 00:00:00 UTC,364,1214,412325851,0.98708333333333331
2014-05-01 00:00:00 UTC,364,1213,412325851,5.66375
2014-05-01 00:00:00 UTC,364,1213,412324345,0.24958333333333332
2014-05-01 00:00:00 UTC,364,1214,412324345,0.54875
2014-05-01 00:00:00 UTC,364,1239,413700857,0.41972222222222222
2014-05-01 00:00:00 UTC,364,1215,415325436,11.295138888888889
2014-05-01 00:00:00 UTC,364,1214,415325436,0.39555555555555555
2014-05-01 00:00:00 UTC,620,-300,273351680,5.6225000000000005
2014-05-01 00:00:00 UTC,620,-299,273351680,1.4688888888888889
2014-05-01 00:00:00 UTC,620,-299,273355780,2.2611111111111111
2014-05-01 00:00:00 UTC,620,-299,273537800,1.53625
2014-05-01 00:00:00 UTC,620,-6,257560600,11.723611111111111
2014-05-01 00:00:00 UTC,620,-3,257560600,11.729305555555555
2014-05-01 00:00:00 UTC,620,-299,273311280,1.5472222222222223
2014-05-01 00:00:00 UTC,620,-298,273311280,1.5055555555555555
2014-05-01 00:00:00 UTC,620,-300,273246800,3.0625
2014-05-01 00:00:00 UTC,620,-298,273246800,1.5608333333333333
2014-05-01 00:00:00 UTC,620,-299,273437550,6.4288888888888893
2014-05-01 00:00:00 UTC,620,-408,211214200,1.58875
2014-05-01 00:00:00 UTC,620,-407,211214200,7.1834722222222229
2014-05-01 00:00:00 UTC,620,-1,258351000,2.3052777777777775
2014-05-01 00:00:00 UTC,620,0,258351000,3.0941666666666667
2014-05-01 00:00:00 UTC,620,-299,273449380,2.2875
2014-05-01 00:00:00 UTC,620,-299,273212100,3.2819444444444446
2014-05-01 00:00:00 UTC,620,-300,273212100,6.9993055555555559
2014-05-01 00:00:00 UTC,620,-298,273212100,7.0850000000000009
2014-05-01 00:00:00 UTC,620,-400,257563600,3.2172222222222224
2014-05-01 00:00:00 UTC,620,-401,257563600,17.183611111111109
2014-05-01 00:00:00 UTC,620,-402,257563600,3.0290277777777779
2014-05-01 00:00:00 UTC,620,-299,273430750,6.9123611111111121
2014-05-01 00:00:00 UTC,620,-4,258732000,10.181666666666667
2014-05-01 00:00:00 UTC,620,-299,273538800,4.737916666666667
2014-05-01 00:00:00 UTC,620,-298,273217010,13.345694444444444
2014-05-01 00:00:00 UTC,620,-299,273217010,2.484861111111111
2014-05-01 00:00:00 UTC,620,-300,273217010,3.03875
2014-05-01 00:00:00 UTC,-148,-1293,412420821,7.0868055555555545
2014-05-01 00:00:00 UTC,-148,-1294,412420821,2.7165277777777783
2014-05-01 00:00:00 UTC,-148,1579,416003561,5.1251388888888894
2014-05-01 00:00:00 UTC,109,1565,431914000,1.475
2014-05-01 00:00:00 UTC,109,-1700,9102875,7.7306944444444445
2014-05-01 00:00:00 UTC,109,-1704,9102875,2.2527777777777778
2014-05-01 00:00:00 UTC,109,-167,616807000,0.798611111111111
2014-05-01 00:00:00 UTC,109,-168,616807000,1.1197222222222223
2014-05-01 00:00:00 UTC,109,-1295,412678060,4.5966666666666667
2014-05-01 00:00:00 UTC,109,-1238,412440009,4.5530555555555559
2014-05-01 00:00:00 UTC,109,-169,273350650,4.0141666666666662
2014-05-01 00:00:00 UTC,365,1220,800010752,4.6034722222222229
2014-05-01 00:00:00 UTC,365,1212,412324608,1.7422222222222221
2014-05-01 00:00:00 UTC,365,1213,412324608,0.64083333333333337
2014-05-01 00:00:00 UTC,365,135,247092740,8.9675
2014-05-01 00:00:00 UTC,365,136,247092740,2.5279166666666666
2014-05-01 00:00:00 UTC,365,1231,412007687,12.025416666666667
2014-05-01 00:00:00 UTC,365,1230,412007687,0.39111111111111113
2014-05-01 00:00:00 UTC,365,1213,412325388,1.4630555555555556
2014-05-01 00:00:00 UTC,365,1213,412324365,1.3743055555555554
2014-05-01 00:00:00 UTC,365,1212,412324365,12.73458333333333
2014-05-01 00:00:00 UTC,365,1234,412206861,15.309305555555554
2014-05-01 00:00:00 UTC,365,1229,412213517,1.85625
2014-05-01 00:00:00 UTC,365,1213,412324368,0.21291666666666664
2014-05-01 00:00:00 UTC,365,1230,415001114,6.9076388888888909
2014-05-01 00:00:00 UTC,365,1229,412320541,2.0230555555555556
2014-05-01 00:00:00 UTC,365,137,247306530,4.2044444444444444
2014-05-01 00:00:00 UTC,365,136,247306530,9.3968055555555576
2014-05-01 00:00:00 UTC,365,-47,224166440,0.42402777777777778
2014-05-01 00:00:00 UTC,365,1235,800003369,0.26541666666666663
2014-05-01 00:00:00 UTC,365,1234,800003369,2.3693055555555551
2014-05-01 00:00:00 UTC,365,1219,412845356,6.0223611111111106
2014-05-01 00:00:00 UTC,365,1228,800013615,0.20625
2014-05-01 00:00:00 UTC,365,1229,800013615,12.436527777777778
2014-05-01 00:00:00 UTC,365,1221,412329008,0.26819444444444446
2014-05-01 00:00:00 UTC,365,1214,412325427,0.36736111111111114
2014-05-01 00:00:00 UTC,365,1228,412705332,0.97305555555555556
2014-05-01 00:00:00 UTC,365,1229,412705332,4.6155555555555559
2014-05-01 00:00:00 UTC,365,1225,412320822,21.36125
2014-05-01 00:00:00 UTC,365,1219,413567800,2.6104166666666666
2014-05-01 00:00:00 UTC,365,-45,224151870,1.5373611111111112
2014-05-01 00:00:00 UTC,365,-46,224151870,0.89402777777777787
2014-05-01 00:00:00 UTC,365,1229,412214082,3.3676388888888886
2014-05-01 00:00:00 UTC,365,1230,412214082,8.2656944444444438
2014-05-01 00:00:00 UTC,365,-420,224069960,2.4404166666666667
2014-05-01 00:00:00 UTC,365,1231,800011339,2.4480555555555554
2014-05-01 00:00:00 UTC,365,1230,800011339,1.0773611111111112
2014-05-01 00:00:00 UTC,365,136,247150160,6.1376388888888895
2014-05-01 00:00:00 UTC,365,1219,800017745,4.2031944444444447
2014-05-01 00:00:00 UTC,365,1218,800017745,1.6744444444444446
2014-05-01 00:00:00 UTC,365,1231,412705623,2.1730555555555555
2014-05-01 00:00:00 UTC,365,1230,412705623,0.2048611111111111
2014-05-01 00:00:00 UTC,365,1213,412324439,8.6934722222222227
2014-05-01 00:00:00 UTC,365,1212,412324439,11.774722222222223
2014-05-01 00:00:00 UTC,365,1213,412324441,3.910972222222223
2014-05-01 00:00:00 UTC,365,1216,800032090,9.26902777777778
2014-05-01 00:00:00 UTC,365,136,247149660,2.43875
2014-05-01 00:00:00 UTC,365,137,247149660,4.8288888888888888
2014-05-01 00:00:00 UTC,365,1215,413032029,5.1666666666666661
2014-05-01 00:00:00 UTC,365,1225,412329309,12.529722222222224
2014-05-01 00:00:00 UTC,365,1226,412329309,9.235
2014-05-01 00:00:00 UTC,365,276,247146590,3.7081944444444446
2014-05-01 00:00:00 UTC,365,274,247146590,1.79375
2014-05-01 00:00:00 UTC,365,275,247146590,8.395
2014-05-01 00:00:00 UTC,365,1230,800005216,1.2747222222222223
2014-05-01 00:00:00 UTC,365,1213,412324449,0.27527777777777773
2014-05-01 00:00:00 UTC,365,1225,412324964,0.24958333333333332
2014-05-01 00:00:00 UTC,365,1226,412324964,0.78152777777777782
2014-05-01 00:00:00 UTC,365,1214,412324454,10.675694444444444
2014-05-01 00:00:00 UTC,365,136,247305830,7.5276388888888892
2014-05-01 00:00:00 UTC,365,1213,412323945,13.669861111111109
2014-05-01 00:00:00 UTC,365,1220,412555885,13.931527777777779
2014-05-01 00:00:00 UTC,365,1219,412555885,4.1331944444444444
2014-05-01 00:00:00 UTC,365,1213,800011374,0.37541666666666668
2014-05-01 00:00:00 UTC,365,1234,412213871,1.5404166666666668
2014-05-01 00:00:00 UTC,365,1233,412213871,0.75611111111111118
2014-05-01 00:00:00 UTC,365,1240,412205681,4.7177777777777772
2014-05-01 00:00:00 UTC,365,1239,412205681,0.4720833333333333
2014-05-01 00:00:00 UTC,365,1229,800020338,10.063888888888888
2014-05-01 00:00:00 UTC,365,1232,412580466,0.21361111111111111
2014-05-01 00:00:00 UTC,365,1230,412580466,0.96319444444444446
2014-05-01 00:00:00 UTC,365,1231,412580466,22.586388888888887
2014-05-01 00:00:00 UTC,365,1212,800030578,1.8636111111111111
2014-05-01 00:00:00 UTC,365,1213,800030578,3.1162500000000004
2014-05-01 00:00:00 UTC,365,1230,120789879,0.57472222222222225
2014-05-01 00:00:00 UTC,365,1220,412329593,12.277222222222221
2014-05-01 00:00:00 UTC,365,1214,412324475,8.4
2014-05-01 00:00:00 UTC,365,1230,412214139,3.0818055555555559
2014-05-01 00:00:00 UTC,365,1229,412214139,4.5124999999999993
2014-05-01 00:00:00 UTC,365,119,247142780,0.43555555555555558
2014-05-01 00:00:00 UTC,365,1230,412001152,1.0063888888888888
2014-05-01 00:00:00 UTC,365,1231,412000897,3.21125
2014-05-01 00:00:00 UTC,365,1230,412000897,4.1893055555555554
2014-05-01 00:00:00 UTC,365,-69,224111750,2.5270833333333336
2014-05-01 00:00:00 UTC,365,1221,413232008,4.075277777777778
2014-05-01 00:00:00 UTC,365,-501,224099470,7.3718055555555555
2014-05-01 00:00:00 UTC,365,1214,800030606,2.96125
2014-05-01 00:00:00 UTC,365,1212,412321422,2.6720833333333336
2014-05-01 00:00:00 UTC,365,1213,412321422,3.575277777777778
2014-05-01 00:00:00 UTC,365,1213,412328079,3.5097222222222224
2014-05-01 00:00:00 UTC,365,1212,412328079,0.33333333333333331
2014-05-01 00:00:00 UTC,365,1212,412324497,1.6734722222222222
2014-05-01 00:00:00 UTC,365,1213,412324497,3.0618055555555559
2014-05-01 00:00:00 UTC,365,1230,412214166,2.27625
2014-05-01 00:00:00 UTC,365,1229,412214166,0.97250000000000014
2014-05-01 00:00:00 UTC,365,1229,412214167,4.2947222222222221
2014-05-01 00:00:00 UTC,365,1230,412214167,3.4062499999999996
2014-05-01 00:00:00 UTC,365,-115,263410840,14.897222222222224
2014-05-01 00:00:00 UTC,365,-116,263410840,2.9833333333333334
2014-05-01 00:00:00 UTC,365,1229,120872088,8.3369444444444447
2014-05-01 00:00:00 UTC,365,1228,120872088,0.51847222222222222
2014-05-01 00:00:00 UTC,365,1213,412324507,0.29083333333333333
2014-05-01 00:00:00 UTC,365,1213,412324511,18.693749999999998
2014-05-01 00:00:00 UTC,365,-41,224096930,0.50430555555555556
2014-05-01 00:00:00 UTC,365,-42,224096930,2.0755555555555554
2014-05-01 00:00:00 UTC,365,-44,224096930,0.77666666666666673
2014-05-01 00:00:00 UTC,365,-43,224096930,4.0980555555555558
2014-05-01 00:00:00 UTC,365,1214,412324516,8.83875
2014-05-01 00:00:00 UTC,365,1213,412324261,3.4537499999999994
2014-05-01 00:00:00 UTC,365,1212,412324261,0.55388888888888888
2014-05-01 00:00:00 UTC,365,1239,800011174,6.8393055555555566
2014-05-01 00:00:00 UTC,365,-345,224115880,7.5916666666666668
2014-05-01 00:00:00 UTC,365,1213,412324521,12.020277777777777
2014-05-01 00:00:00 UTC,365,135,247304620,4.4891666666666667
2014-05-01 00:00:00 UTC,365,1212,412328109,0.27583333333333337
2014-05-01 00:00:00 UTC,365,1234,412200622,9.6151388888888878
2014-05-01 00:00:00 UTC,365,1221,412324274,2.2916666666666665
2014-05-01 00:00:00 UTC,365,1219,412335799,7.5533333333333337
2014-05-01 00:00:00 UTC,365,1215,412324282,6.7183333333333337
2014-05-01 00:00:00 UTC,365,1238,800011201,2.1752777777777776
2014-05-01 00:00:00 UTC,365,1213,412324289,0.2558333333333333
2014-05-01 00:00:00 UTC,365,-44,224068550,0.8575
2014-05-01 00:00:00 UTC,365,1213,412324295,3.3861111111111111
2014-05-01 00:00:00 UTC,365,1213,412324296,4.76
2014-05-01 00:00:00 UTC,365,1225,412325064,23.321666666666662
2014-05-01 00:00:00 UTC,365,1236,412202701,6.8554166666666667
2014-05-01 00:00:00 UTC,365,1231,100702670,10.293611111111113
2014-05-01 00:00:00 UTC,365,1232,100702670,1.4330555555555555
2014-05-01 00:00:00 UTC,365,1214,412324305,2.0740277777777778
2014-05-01 00:00:00 UTC,365,1211,412324565,3.0625
2014-05-01 00:00:00 UTC,365,1225,412321751,23.534166666666664
2014-05-01 00:00:00 UTC,365,1229,412214745,0.21916666666666668
2014-05-01 00:00:00 UTC,365,1219,800011226,0.76375
2014-05-01 00:00:00 UTC,365,1212,412325851,5.7831944444444447
2014-05-01 00:00:00 UTC,365,1213,412325851,0.25444444444444447
2014-05-01 00:00:00 UTC,365,1229,412214748,4.7495833333333337
2014-05-01 00:00:00 UTC,365,1230,800004317,7.2186111111111115
2014-05-01 00:00:00 UTC,365,1229,800004317,0.25763888888888886
2014-05-01 00:00:00 UTC,365,1213,413234657,0.81736111111111109
2014-05-01 00:00:00 UTC,365,1231,800004579,2.24125
2014-05-01 00:00:00 UTC,365,1225,412325092,22.611666666666665
2014-05-01 00:00:00 UTC,365,1224,412325092,0.44
2014-05-01 00:00:00 UTC,365,1214,812041192,1.6834722222222225
2014-05-01 00:00:00 UTC,365,1215,812041192,5.4830555555555556
2014-05-01 00:00:00 UTC,365,1230,412025325,6.830972222222222
2014-05-01 00:00:00 UTC,365,1231,412025325,5.7088888888888887
2014-05-01 00:00:00 UTC,365,1236,412207341,0.22666666666666668
2014-05-01 00:00:00 UTC,365,1225,412321011,22.416944444444447
2014-05-01 00:00:00 UTC,365,1215,413031929,9.8194444444444446
2014-05-01 00:00:00 UTC,365,1214,412324345,0.27902777777777776
2014-05-01 00:00:00 UTC,365,1239,413700857,1.3502777777777777
2014-05-01 00:00:00 UTC,365,-74,224067580,1.8475000000000001
2014-05-01 00:00:00 UTC,365,1213,412324349,4.6137500000000005
2014-05-01 00:00:00 UTC,365,1212,412324349,0.43166666666666664
2014-05-01 00:00:00 UTC,621,-300,273351680,0.94263888888888892
2014-05-01 00:00:00 UTC,621,-407,331072000,1.5222222222222221
2014-05-01 00:00:00 UTC,621,-408,331072000,8.4793055555555554
2014-05-01 00:00:00 UTC,621,-300,273240900,6.3748611111111115
2014-05-01 00:00:00 UTC,621,-407,211214200,4.7545833333333336
2014-05-01 00:00:00 UTC,621,-406,211214200,3.0425
2014-05-01 00:00:00 UTC,621,-408,211214200,6.9080555555555554
2014-05-01 00:00:00 UTC,621,-404,259565000,1.5138888888888888
2014-05-01 00:00:00 UTC,621,-403,259565000,16.386666666666667
2014-05-01 00:00:00 UTC,621,-402,259565000,3.1297222222222221
2014-05-01 00:00:00 UTC,621,-408,331426000,1.7615277777777776
2014-05-01 00:00:00 UTC,621,-406,331426000,2.3241666666666667
2014-05-01 00:00:00 UTC,621,-407,331426000,16.973333333333333
2014-05-01 00:00:00 UTC,-403,1737,512415000,2.7654166666666669
2014-05-01 00:00:00 UTC,-403,1735,512415000,1.7952777777777778
2014-05-01 00:00:00 UTC,-403,1789,512392000,1.6990277777777778
2014-05-01 00:00:00 UTC,-403,-566,701006037,4.7
2014-05-01 00:00:00 UTC,-147,1578,416003561,0.93347222222222226
2014-05-01 00:00:00 UTC,110,1571,431914000,3.8741666666666665
2014-05-01 00:00:00 UTC,110,1566,431914000,0.92541666666666678
2014-05-01 00:00:00 UTC,110,1568,431914000,2.7431944444444447
2014-05-01 00:00:00 UTC,110,1567,431914000,1.1830555555555555
2014-05-01 00:00:00 UTC,110,1569,431914000,4.3166666666666664
2014-05-01 00:00:00 UTC,110,1570,431914000,3.887777777777778
2014-05-01 00:00:00 UTC,110,-1701,9102875,4.7243055555555555
2014-05-01 00:00:00 UTC,110,-242,431316000,6.61
2014-05-01 00:00:00 UTC,110,-242,432967000,3.0308333333333333
2014-05-01 00:00:00 UTC,110,-243,432967000,0.83375
2014-05-01 00:00:00 UTC,110,-168,616807000,0.49777777777777776
2014-05-01 00:00:00 UTC,110,-1180,412440237,6.4508333333333336
2014-05-01 00:00:00 UTC,110,-169,273350650,9.1187499999999986
2014-05-01 00:00:00 UTC,110,-170,273350650,6.1783333333333328
2014-05-01 00:00:00 UTC,110,-171,273350650,0.38263888888888886
2014-05-01 00:00:00 UTC,366,1213,412324608,0.25694444444444442
2014-05-01 00:00:00 UTC,366,135,247092740,6.5888888888888886
2014-05-01 00:00:00 UTC,366,1230,412007687,0.86319444444444449
2014-05-01 00:00:00 UTC,366,-67,224128520,2.9930555555555554
2014-05-01 00:00:00 UTC,366,1217,412325388,7.6263888888888873
2014-05-01 00:00:00 UTC,366,1213,412325388,0.90055555555555555
2014-05-01 00:00:00 UTC,366,1212,412324365,5.5188888888888883
2014-05-01 00:00:00 UTC,366,1213,412324365,1.4513888888888891
2014-05-01 00:00:00 UTC,366,1234,412206861,2.1341666666666663
2014-05-01 00:00:00 UTC,366,1232,412811021,6.0676388888888892
2014-05-01 00:00:00 UTC,366,1212,412324368,8.4747222222222227
2014-05-01 00:00:00 UTC,366,1213,412324368,7.7327777777777769
2014-05-01 00:00:00 UTC,366,-43,224107280,1.1248611111111111
2014-05-01 00:00:00 UTC,366,-42,224107280,2.9181944444444441
2014-05-01 00:00:00 UTC,366,-41,224107280,0.58361111111111119
2014-05-01 00:00:00 UTC,366,1231,412378900,5.0320833333333326
2014-05-01 00:00:00 UTC,366,1228,412378900,0.23458333333333334
2014-05-01 00:00:00 UTC,366,1230,412378900,6.589305555555554
2014-05-01 00:00:00 UTC,366,1232,415001109,0.7625
2014-05-01 00:00:00 UTC,366,1213,412324374,7.6298611111111114
2014-05-01 00:00:00 UTC,366,1230,415001114,0.7825
2014-05-01 00:00:00 UTC,366,1232,412213531,1.5636111111111113
2014-05-01 00:00:00 UTC,366,1231,412213531,5.5984722222222221
2014-05-01 00:00:00 UTC,366,1231,412286491,22.250000000000004
2014-05-01 00:00:00 UTC,366,1231,412213535,5.8448611111111113
2014-05-01 00:00:00 UTC,366,134,247306530,7.31013888888889
2014-05-01 00:00:00 UTC,366,135,247306530,4.9152777777777779
2014-05-01 00:00:00 UTC,366,136,247306530,0.93375
2014-05-01 00:00:00 UTC,366,-67,224269350,2.8294444444444449
2014-05-01 00:00:00 UTC,366,-44,224081450,6.9115277777777795
2014-05-01 00:00:00 UTC,366,-43,224081450,0.72097222222222224
2014-05-01 00:00:00 UTC,366,1222,412333356,0.2911111111111111
2014-05-01 00:00:00 UTC,366,1221,412333356,0.55458333333333332
2014-05-01 00:00:00 UTC,366,1221,412325167,2.4605555555555556
2014-05-01 00:00:00 UTC,366,1220,412325167,4.6966666666666672
2014-05-01 00:00:00 UTC,366,1221,412329008,9.88222222222222
2014-05-01 00:00:00 UTC,366,1222,412329008,0.13680555555555557
2014-05-01 00:00:00 UTC,366,1231,412214579,3.1668055555555554
2014-05-01 00:00:00 UTC,366,1230,412214579,21.535416666666663
2014-05-01 00:00:00 UTC,366,1229,412214579,4.0919444444444446
2014-05-01 00:00:00 UTC,366,1228,412705332,5.43875
2014-05-01 00:00:00 UTC,366,1231,412326709,8.82388888888889
2014-05-01 00:00:00 UTC,366,-37,224337720,0.70930555555555552
2014-05-01 00:00:00 UTC,366,1230,100700216,0.27861111111111109
2014-05-01 00:00:00 UTC,366,1229,100700216,1.0576388888888888
2014-05-01 00:00:00 UTC,366,1232,412001083,0.58861111111111108
2014-05-01 00:00:00 UTC,366,1230,412213564,8.7061111111111114
2014-05-01 00:00:00 UTC,366,-45,224151870,1.4988888888888889
2014-05-01 00:00:00 UTC,366,1231,412321854,3.8826388888888888
2014-05-01 00:00:00 UTC,366,1230,412004673,1.7777777777777777
2014-05-01 00:00:00 UTC,366,1231,412004673,6.0938888888888885
2014-05-01 00:00:00 UTC,366,1227,412213826,0.76625
2014-05-01 00:00:00 UTC,366,1228,412213826,2.8948611111111111
2014-05-01 00:00:00 UTC,366,1231,412213826,0.52430555555555558
2014-05-01 00:00:00 UTC,366,1229,412213826,0.78291666666666671
2014-05-01 00:00:00 UTC,366,1230,412213826,9.865
2014-05-01 00:00:00 UTC,366,1232,412686663,2.3852777777777781
2014-05-01 00:00:00 UTC,366,1231,412686663,3.4320833333333334
2014-05-01 00:00:00 UTC,366,1231,412213575,6.4680555555555559
2014-05-01 00:00:00 UTC,366,1230,412213575,4.7700000000000005
2014-05-01 00:00:00 UTC,366,-420,224069960,1.8975
2014-05-01 00:00:00 UTC,366,1230,412213576,8.4266666666666676
2014-05-01 00:00:00 UTC,366,1229,800011339,0.48097222222222225
2014-05-01 00:00:00 UTC,366,1230,800011339,4.8230555555555554
2014-05-01 00:00:00 UTC,366,134,247150160,4.5950000000000006
2014-05-01 00:00:00 UTC,366,135,247150160,8.8384722222222223
2014-05-01 00:00:00 UTC,366,1221,800025936,4.499305555555555
2014-05-01 00:00:00 UTC,366,1220,800025936,3.5016666666666665
2014-05-01 00:00:00 UTC,366,1231,412326485,11.0725
2014-05-01 00:00:00 UTC,366,1230,412705622,3.737916666666667
2014-05-01 00:00:00 UTC,366,1229,412705622,0.22972222222222222
2014-05-01 00:00:00 UTC,366,1231,412705622,4.7255555555555553
2014-05-01 00:00:00 UTC,366,1219,800016983,1.3215277777777779
2014-05-01 00:00:00 UTC,366,1220,800016983,1.5026388888888889
2014-05-01 00:00:00 UTC,366,1229,412705623,0.23791666666666667
2014-05-01 00:00:00 UTC,366,1231,412705623,1.8016666666666665
2014-05-01 00:00:00 UTC,366,1230,412705623,8.8095833333333342
2014-05-01 00:00:00 UTC,366,1213,412324439,4.5431944444444445
2014-05-01 00:00:00 UTC,366,1216,415788888,9.1558333333333355
2014-05-01 00:00:00 UTC,366,1217,415788888,6.0054166666666671
2014-05-01 00:00:00 UTC,366,1213,412324441,0.80319444444444443
2014-05-01 00:00:00 UTC,366,1229,800020314,0.55055555555555546
2014-05-01 00:00:00 UTC,366,1230,800020314,7.6852777777777774
2014-05-01 00:00:00 UTC,366,134,247149660,1.4447222222222222
2014-05-01 00:00:00 UTC,366,1224,412324701,1.1829166666666668
2014-05-01 00:00:00 UTC,366,1223,412324701,0.5988888888888888
2014-05-01 00:00:00 UTC,366,1239,412200545,4.82236111111111
2014-05-01 00:00:00 UTC,366,1230,412214369,0.28361111111111115
2014-05-01 00:00:00 UTC,366,130,247145570,10.333194444444445
2014-05-01 00:00:00 UTC,366,1225,412324964,0.94625
2014-05-01 00:00:00 UTC,366,133,247305830,4.7420833333333334
2014-05-01 00:00:00 UTC,366,134,247305830,8.0118055555555543
2014-05-01 00:00:00 UTC,366,-143,263249000,23.297916666666669
2014-05-01 00:00:00 UTC,366,1229,412213865,6.685833333333334
2014-05-01 00:00:00 UTC,366,1230,412213865,10.239583333333334
2014-05-01 00:00:00 UTC,366,1227,412213865,0.615
2014-05-01 00:00:00 UTC,366,1228,412213865,1.5724999999999998
2014-05-01 00:00:00 UTC,366,1212,412324461,8.4941666666666684
2014-05-01 00:00:00 UTC,366,1213,412324461,14.004305555555554
2014-05-01 00:00:00 UTC,366,1213,800011374,12.987083333333329
2014-05-01 00:00:00 UTC,366,1212,800011374,6.5551388888888882
2014-05-01 00:00:00 UTC,366,1234,412213871,2.22625
2014-05-01 00:00:00 UTC,366,1233,412213871,0.80333333333333323
2014-05-01 00:00:00 UTC,366,1240,412205681,0.79152777777777783
2014-05-01 00:00:00 UTC,366,1239,412205681,6.2297222222222235
2014-05-01 00:00:00 UTC,366,1228,800020338,1.7016666666666667
2014-05-01 00:00:00 UTC,366,1213,800030578,1.5237500000000002
2014-05-01 00:00:00 UTC,366,1212,800030578,0.4826388888888889
2014-05-01 00:00:00 UTC,366,1239,412205682,1.4483333333333333
2014-05-01 00:00:00 UTC,366,1240,412205682,0.26986111111111111
2014-05-01 00:00:00 UTC,366,145,247147380,3.6295833333333327
2014-05-01 00:00:00 UTC,366,148,247147380,0.85972222222222228
2014-05-01 00:00:00 UTC,366,146,247147380,1.4097222222222223
2014-05-01 00:00:00 UTC,366,147,247147380,2.5138888888888888
2014-05-01 00:00:00 UTC,366,1230,120789879,5.3547222222222217
2014-05-01 00:00:00 UTC,366,1231,120789879,3.2106944444444445
2014-05-01 00:00:00 UTC,366,1231,412213626,0.72722222222222221
2014-05-01 00:00:00 UTC,366,1232,412213626,6.1238888888888887
2014-05-01 00:00:00 UTC,366,1229,412214139,0.20541666666666669
2014-05-01 00:00:00 UTC,366,1226,412214139,0.90722222222222215
2014-05-01 00:00:00 UTC,366,1225,412214139,2.1120833333333331
2014-05-01 00:00:00 UTC,366,1230,412000897,17.164861111111112
2014-05-01 00:00:00 UTC,366,1219,800011651,9.3726388888888881
2014-05-01 00:00:00 UTC,366,-70,224111750,0.5425
2014-05-01 00:00:00 UTC,366,-69,224111750,1.1347222222222222
2014-05-01 00:00:00 UTC,366,1230,412214152,11.537083333333335
2014-05-01 00:00:00 UTC,366,1230,412214155,9.37638888888889
2014-05-01 00:00:00 UTC,366,1231,412214155,1.6087500000000001
2014-05-01 00:00:00 UTC,366,1229,412214155,4.0456944444444449
2014-05-01 00:00:00 UTC,366,-44,224084620,0.8275
2014-05-01 00:00:00 UTC,366,-41,224084620,0.27930555555555553
2014-05-01 00:00:00 UTC,366,1222,800016014,6.3926388888888885
2014-05-01 00:00:00 UTC,366,1221,800016014,6.620972222222222
2014-05-01 00:00:00 UTC,366,-501,224099470,2.8584722222222223
2014-05-01 00:00:00 UTC,366,1213,412321422,0.44541666666666668
2014-05-01 00:00:00 UTC,366,-41,224260750,1.2472222222222222
2014-05-01 00:00:00 UTC,366,-42,224260750,3.149027777777778
2014-05-01 00:00:00 UTC,366,1213,412328079,0.77916666666666667
2014-05-01 00:00:00 UTC,366,1222,812041103,6.4826388888888893
2014-05-01 00:00:00 UTC,366,1223,812041103,0.39805555555555555
2014-05-01 00:00:00 UTC,366,1221,812041103,0.23722222222222222
2014-05-01 00:00:00 UTC,366,1230,413025168,6.1168055555555565
2014-05-01 00:00:00 UTC,366,1230,412033169,4.2602777777777776
2014-05-01 00:00:00 UTC,366,1213,412324497,0.73069444444444454
2014-05-01 00:00:00 UTC,366,-144,263405970,5.2043055555555551
2014-05-01 00:00:00 UTC,366,-143,263405970,17.968472222222221
2014-05-01 00:00:00 UTC,366,1233,800031378,4.2108333333333334
2014-05-01 00:00:00 UTC,366,1232,800031378,2.6725000000000003
2014-05-01 00:00:00 UTC,366,1213,412324244,1.2226388888888891
2014-05-01 00:00:00 UTC,366,1230,412214164,1.3634722222222222
2014-05-01 00:00:00 UTC,366,1229,412214164,9.0727777777777785
2014-05-01 00:00:00 UTC,366,1231,412214164,1.2498611111111111
2014-05-01 00:00:00 UTC,366,1229,412214166,0.26708333333333334
2014-05-01 00:00:00 UTC,366,1228,412214166,0.22055555555555556
2014-05-01 00:00:00 UTC,366,1229,412214167,0.44319444444444445
2014-05-01 00:00:00 UTC,366,1228,412214167,0.42972222222222223
2014-05-01 00:00:00 UTC,366,1227,412214167,0.22666666666666668
2014-05-01 00:00:00 UTC,366,-116,263410840,7.6473611111111115
2014-05-01 00:00:00 UTC,366,1228,120872088,4.6504166666666666
2014-05-01 00:00:00 UTC,366,-351,224687000,1.6444444444444444
2014-05-01 00:00:00 UTC,366,-350,224687000,1.7505555555555556
2014-05-01 00:00:00 UTC,366,1231,412327576,3.2413888888888889
2014-05-01 00:00:00 UTC,366,-41,224096930,0.69430555555555551
2014-05-01 00:00:00 UTC,366,-27,225943970,4.3802777777777777
2014-05-01 00:00:00 UTC,366,1221,800011428,10.653194444444443
2014-05-01 00:00:00 UTC,366,1220,800011428,5.519166666666667
2014-05-01 00:00:00 UTC,366,1213,412324261,0.29125
2014-05-01 00:00:00 UTC,366,1239,800011174,4.0116666666666667
2014-05-01 00:00:00 UTC,366,1220,800029350,0.40458333333333329
2014-05-01 00:00:00 UTC,366,1222,412324774,2.1980555555555554
2014-05-01 00:00:00 UTC,366,1221,412324774,4.1348611111111113
2014-05-01 00:00:00 UTC,366,1231,412588966,1.0947222222222222
2014-05-01 00:00:00 UTC,366,1232,412588966,5.4931944444444456
2014-05-01 00:00:00 UTC,366,1221,800035239,5.7426388888888891
2014-05-01 00:00:00 UTC,366,1222,800035239,6.9108333333333345
2014-05-01 00:00:00 UTC,366,1223,800035239,4.0481944444444444
2014-05-01 00:00:00 UTC,366,1213,412324521,4.7225
2014-05-01 00:00:00 UTC,366,1216,413031085,3.4631944444444449
2014-05-01 00:00:00 UTC,366,1217,413031085,5.3619444444444451
2014-05-01 00:00:00 UTC,366,1212,412328109,16.218055555555555
2014-05-01 00:00:00 UTC,366,1234,412200622,9.16125
2014-05-01 00:00:00 UTC,366,-42,224328880,1.8562500000000002
2014-05-01 00:00:00 UTC,366,-43,224328880,0.28236111111111112
2014-05-01 00:00:00 UTC,366,1231,412003767,6.1501388888888888
2014-05-01 00:00:00 UTC,366,1226,412214201,7.9361111111111118
2014-05-01 00:00:00 UTC,366,1231,130700221,6.9329166666666664
2014-05-01 00:00:00 UTC,366,1218,800031677,8.598055555555554
2014-05-01 00:00:00 UTC,366,1230,412665533,6.8561111111111108
2014-05-01 00:00:00 UTC,366,1231,412665533,4.9662500000000005
2014-05-01 00:00:00 UTC,366,1231,800019137,5.9986111111111118
2014-05-01 00:00:00 UTC,366,1232,800019137,11.96638888888889
2014-05-01 00:00:00 UTC,366,1230,415976898,0.32916666666666666
2014-05-01 00:00:00 UTC,366,1229,415976898,4.410277777777778
2014-05-01 00:00:00 UTC,366,1213,412324295,3.7491666666666661
2014-05-01 00:00:00 UTC,366,1236,412202701,0.57930555555555552
2014-05-01 00:00:00 UTC,366,1230,100702670,1.1722222222222223
2014-05-01 00:00:00 UTC,366,1230,412329166,5.6531944444444449
2014-05-01 00:00:00 UTC,366,-42,224178640,3.2623611111111108
2014-05-01 00:00:00 UTC,366,-43,224178640,3.6059722222222224
2014-05-01 00:00:00 UTC,366,-41,224178640,0.66083333333333338
2014-05-01 00:00:00 UTC,366,-44,224114130,2.7393055555555557
2014-05-01 00:00:00 UTC,366,-42,224114130,0.90333333333333332
2014-05-01 00:00:00 UTC,366,-43,224114130,2.1020833333333333
2014-05-01 00:00:00 UTC,366,1230,412214227,7.1456944444444455
2014-05-01 00:00:00 UTC,366,1229,412214227,2.5308333333333333
2014-05-01 00:00:00 UTC,366,1228,412214227,0.31777777777777777
2014-05-01 00:00:00 UTC,366,1230,800004053,5.9151388888888885
2014-05-01 00:00:00 UTC,366,1231,800004053,6.6098611111111119
2014-05-01 00:00:00 UTC,366,1222,412321494,1.9622222222222225
2014-05-01 00:00:00 UTC,366,1221,412321494,1.108888888888889
2014-05-01 00:00:00 UTC,366,1220,412321494,3.0186111111111114
2014-05-01 00:00:00 UTC,366,1231,412214745,2.4176388888888889
2014-05-01 00:00:00 UTC,366,1229,412214745,11.574166666666665
2014-05-01 00:00:00 UTC,366,1230,412214745,3.4411111111111117
2014-05-01 00:00:00 UTC,366,1221,800011226,6.7498611111111115
2014-05-01 00:00:00 UTC,366,1220,800011226,5.23486111111111
2014-05-01 00:00:00 UTC,366,1212,412325851,0.52930555555555547
2014-05-01 00:00:00 UTC,366,1229,412214748,3.7413888888888893
2014-05-01 00:00:00 UTC,366,1230,412214748,8.38888888888889
2014-05-01 00:00:00 UTC,366,1231,800004317,17.051527777777778
2014-05-01 00:00:00 UTC,366,1228,800004317,0.22958333333333331
2014-05-01 00:00:00 UTC,366,1229,800004317,0.45194444444444448
2014-05-01 00:00:00 UTC,366,1230,800010718,1.7570833333333333
2014-05-01 00:00:00 UTC,366,1231,800010718,4.724444444444444
2014-05-01 00:00:00 UTC,366,1231,412587999,12.541666666666666
2014-05-01 00:00:00 UTC,366,1232,412587999,1.7372222222222224
2014-05-01 00:00:00 UTC,366,-41,224234720,0.81444444444444453
2014-05-01 00:00:00 UTC,366,-44,224234720,3.1508333333333329
2014-05-01 00:00:00 UTC,366,1230,110702817,9.41875
2014-05-01 00:00:00 UTC,366,1212,413234657,5.2980555555555551
2014-05-01 00:00:00 UTC,366,1213,413234657,12.13625
2014-05-01 00:00:00 UTC,366,-38,224220130,2.0679166666666666
2014-05-01 00:00:00 UTC,366,-40,224220130,0.21291666666666667
2014-05-01 00:00:00 UTC,366,1230,800004579,8.4202777777777786
2014-05-01 00:00:00 UTC,366,1231,800004579,1.4343055555555555
2014-05-01 00:00:00 UTC,366,1231,412214503,1.7897222222222222
2014-05-01 00:00:00 UTC,366,1230,412214503,2.1106944444444444
2014-05-01 00:00:00 UTC,366,1229,412214503,12.516805555555557
2014-05-01 00:00:00 UTC,366,1214,812041192,3.1891666666666665
2014-05-01 00:00:00 UTC,366,1220,800035050,2.7173611111111113
2014-05-01 00:00:00 UTC,366,1221,800035050,3.4123611111111112
2014-05-01 00:00:00 UTC,366,1222,800035050,1.1566666666666667
2014-05-01 00:00:00 UTC,366,1229,412025325,0.51875
2014-05-01 00:00:00 UTC,366,1232,412212973,7.6140277777777774
2014-05-01 00:00:00 UTC,366,-1220,367474160,5.8072222222222214
2014-05-01 00:00:00 UTC,366,-1221,367474160,3.5458333333333338
2014-05-01 00:00:00 UTC,366,1227,412214004,0.50486111111111109
2014-05-01 00:00:00 UTC,366,1224,110070261,11.23138888888889
2014-05-01 00:00:00 UTC,366,-40,224051190,0.49138888888888888
2014-05-01 00:00:00 UTC,366,-41,224051190,3.6644444444444444
2014-05-01 00:00:00 UTC,366,-42,224051190,3.2318055555555563
2014-05-01 00:00:00 UTC,366,-44,224060150,2.055
2014-05-01 00:00:00 UTC,366,-43,224060150,0.9668055555555557
2014-05-01 00:00:00 UTC,366,1230,412212728,8.8002777777777776
2014-05-01 00:00:00 UTC,366,1238,413700857,0.68638888888888883
2014-05-01 00:00:00 UTC,366,1237,413700857,0.24555555555555555
2014-05-01 00:00:00 UTC,366,1239,413700857,2.1331944444444444
2014-05-01 00:00:00 UTC,366,1220,412324858,11.098749999999999
2014-05-01 00:00:00 UTC,366,1213,412324349,1.3929166666666668
2014-05-01 00:00:00 UTC,366,-66,224024830,1.4302777777777778
2014-05-01 00:00:00 UTC,366,-67,224024830,3.0225000000000004
2014-05-01 00:00:00 UTC,622,-405,331072000,7.1943055555555553
2014-05-01 00:00:00 UTC,622,-302,273240900,1.6486111111111112
2014-05-01 00:00:00 UTC,622,-404,259565000,1.6316666666666666
2014-05-01 00:00:00 UTC,622,-406,331426000,0.87805555555555548
2014-05-01 00:00:00 UTC,622,-405,331426000,1.5241666666666667
2014-05-01 00:00:00 UTC,-402,1785,512392000,1.7923611111111111
2014-05-01 00:00:00 UTC,-402,1787,512392000,1.8555555555555556
2014-05-01 00:00:00 UTC,-402,-803,273357170,8.825277777777778
2014-05-01 00:00:00 UTC,-402,-742,725000620,2.9995833333333337
2014-05-01 00:00:00 UTC,-402,-799,259211000,7.03625
2014-05-01 00:00:00 UTC,-146,-1322,412420864,1.8108333333333333
2014-05-01 00:00:00 UTC,-146,-1323,412420864,3.6225000000000005
2014-05-01 00:00:00 UTC,111,1571,431914000,3.71875
2014-05-01 00:00:00 UTC,111,1572,431914000,1.721111111111111
2014-05-01 00:00:00 UTC,111,-1700,9102875,2.4598611111111106
2014-05-01 00:00:00 UTC,111,-1701,9102875,1.2843055555555554
2014-05-01 00:00:00 UTC,111,-436,440295000,4.9072222222222219
2014-05-01 00:00:00 UTC,111,-437,440295000,5.9541666666666666
2014-05-01 00:00:00 UTC,111,-434,440295000,2.9068055555555556
2014-05-01 00:00:00 UTC,111,-241,432967000,3.057638888888889
2014-05-01 00:00:00 UTC,111,-244,432967000,3.746666666666667
2014-05-01 00:00:00 UTC,111,-240,432967000,1.8666666666666667
2014-05-01 00:00:00 UTC,111,-237,432967000,1.8243055555555556
2014-05-01 00:00:00 UTC,111,-239,432967000,3.6426388888888885
2014-05-01 00:00:00 UTC,111,-242,432967000,0.77638888888888891
2014-05-01 00:00:00 UTC,111,-1180,412440237,8.2998611111111114
2014-05-01 00:00:00 UTC,111,-171,273350650,2.1652777777777779
2014-05-01 00:00:00 UTC,367,1231,412213508,5.0968055555555551
2014-05-01 00:00:00 UTC,367,1231,110703109,4.5331944444444447
2014-05-01 00:00:00 UTC,367,1230,412213254,0.53763888888888889
2014-05-01 00:00:00 UTC,367,1231,412213254,7.3320833333333333
2014-05-01 00:00:00 UTC,367,1228,412213254,0.54847222222222225
2014-05-01 00:00:00 UTC,367,1229,412213254,0.59666666666666668
2014-05-01 00:00:00 UTC,367,1230,412296969,0.57569444444444451
2014-05-01 00:00:00 UTC,367,-41,224107280,0.97458333333333336
2014-05-01 00:00:00 UTC,367,1231,412213523,7.4743055555555555
2014-05-01 00:00:00 UTC,367,1230,412213523,4.653888888888889
2014-05-01 00:00:00 UTC,367,1231,412222228,7.5209722222222215
2014-05-01 00:00:00 UTC,367,1230,412222228,4.259027777777777
2014-05-01 00:00:00 UTC,367,1231,412366869,6.6163888888888884
2014-05-01 00:00:00 UTC,367,1231,415001109,2.6722222222222221
2014-05-01 00:00:00 UTC,367,1232,415001109,8.6920833333333327
2014-05-01 00:00:00 UTC,367,1231,110703126,5.2438888888888879
2014-05-01 00:00:00 UTC,367,1231,412678678,10.632916666666667
2014-05-01 00:00:00 UTC,367,1232,412678678,6.30875
2014-05-01 00:00:00 UTC,367,1230,415001113,7.9400000000000013
2014-05-01 00:00:00 UTC,367,1230,412286491,0.77791666666666659
2014-05-01 00:00:00 UTC,367,1231,412286491,0.86763888888888885
2014-05-01 00:00:00 UTC,367,118,247141410,0.21111111111111111
2014-05-01 00:00:00 UTC,367,117,247141410,1.7981944444444444
2014-05-01 00:00:00 UTC,367,1240,412888866,0.30541666666666667
2014-05-01 00:00:00 UTC,367,1241,412888866,7.0718055555555548
2014-05-01 00:00:00 UTC,367,1231,412080162,7.2193055555555556
2014-05-01 00:00:00 UTC,367,-33,224026920,1.8302777777777777
2014-05-01 00:00:00 UTC,367,-31,224026920,11.999305555555555
2014-05-01 00:00:00 UTC,367,1232,412005423,6.5506944444444439
2014-05-01 00:00:00 UTC,367,1220,412329008,5.4402777777777782
2014-05-01 00:00:00 UTC,367,1214,412325427,6.6761111111111111
2014-05-01 00:00:00 UTC,367,1230,412326709,1.0766666666666667
2014-05-01 00:00:00 UTC,367,1231,412326709,3.0273611111111114
2014-05-01 00:00:00 UTC,367,1232,412702520,3.1997222222222219
2014-05-01 00:00:00 UTC,367,1231,412702520,0.25027777777777777
2014-05-01 00:00:00 UTC,367,1229,100700216,0.38166666666666671
2014-05-01 00:00:00 UTC,367,1226,100700216,1.9694444444444446
2014-05-01 00:00:00 UTC,367,1228,100700216,1.4756944444444444
2014-05-01 00:00:00 UTC,367,1227,100700216,1.3000000000000003
2014-05-01 00:00:00 UTC,367,1232,412001083,7.6084722222222227
2014-05-01 00:00:00 UTC,367,1231,412001083,1.0455555555555556
2014-05-01 00:00:00 UTC,367,1230,412321854,3.9236111111111107
2014-05-01 00:00:00 UTC,367,1231,412321854,3.5558333333333327
2014-05-01 00:00:00 UTC,367,1230,412213826,0.52555555555555555
2014-05-01 00:00:00 UTC,367,1229,412213826,1.1138888888888889
2014-05-01 00:00:00 UTC,367,1234,415001155,0.87291666666666667
2014-05-01 00:00:00 UTC,367,1233,415001155,0.92888888888888888
2014-05-01 00:00:00 UTC,367,1236,415001155,0.601388888888889
2014-05-01 00:00:00 UTC,367,1235,415001155,2.6520833333333336
2014-05-01 00:00:00 UTC,367,1231,412214598,0.53027777777777785
2014-05-01 00:00:00 UTC,367,1228,800011339,7.74625
2014-05-01 00:00:00 UTC,367,1230,412366668,1.1736111111111112
2014-05-01 00:00:00 UTC,367,1231,412366668,7.1281944444444436
2014-05-01 00:00:00 UTC,367,1229,412006735,2.3743055555555554
2014-05-01 00:00:00 UTC,367,1230,412006735,7.602777777777777
2014-05-01 00:00:00 UTC,367,-82,263408470,1.0745833333333334
2014-05-01 00:00:00 UTC,367,-85,263408470,2.0316666666666667
2014-05-01 00:00:00 UTC,367,-83,263408470,6.9884722222222226
2014-05-01 00:00:00 UTC,367,-84,263408470,6.2562499999999988
2014-05-01 00:00:00 UTC,367,1228,412705622,0.75708333333333333
2014-05-01 00:00:00 UTC,367,1229,412705622,0.20569444444444446
2014-05-01 00:00:00 UTC,367,1227,412705622,0.44986111111111116
2014-05-01 00:00:00 UTC,367,1221,800016983,4.8688888888888888
2014-05-01 00:00:00 UTC,367,1220,800016983,3.8648611111111104
2014-05-01 00:00:00 UTC,367,1227,412705623,0.64166666666666672
2014-05-01 00:00:00 UTC,367,1228,412705623,3.255
2014-05-01 00:00:00 UTC,367,1226,412705623,0.20986111111111111
2014-05-01 00:00:00 UTC,367,1217,415788888,0.82347222222222216
2014-05-01 00:00:00 UTC,367,1231,800014683,8.9355555555555561
2014-05-01 00:00:00 UTC,367,1232,800014683,0.26652777777777775
2014-05-01 00:00:00 UTC,367,1232,412213595,8.594444444444445
2014-05-01 00:00:00 UTC,367,1223,412324701,5.9697222222222219
2014-05-01 00:00:00 UTC,367,1230,412002657,9.44611111111111
2014-05-01 00:00:00 UTC,367,1231,412002657,3.1359722222222222
2014-05-01 00:00:00 UTC,367,1229,412214369,3.8481944444444443
2014-05-01 00:00:00 UTC,367,1228,412214369,0.55777777777777771
2014-05-01 00:00:00 UTC,367,1231,412214369,2.3715277777777777
2014-05-01 00:00:00 UTC,367,1230,412214369,10.341388888888888
2014-05-01 00:00:00 UTC,367,125,247145570,0.41041666666666665
2014-05-01 00:00:00 UTC,367,124,247145570,7.8034722222222221
2014-05-01 00:00:00 UTC,367,1221,412214114,5.1286111111111108
2014-05-01 00:00:00 UTC,367,1224,412324964,0.2625
2014-05-01 00:00:00 UTC,367,131,247305830,3.8497222222222227
2014-05-01 00:00:00 UTC,367,1230,800000873,1.3311111111111114
2014-05-01 00:00:00 UTC,367,1231,800000873,5.3756944444444432
2014-05-01 00:00:00 UTC,367,1231,412213609,2.9506944444444443
2014-05-01 00:00:00 UTC,367,1230,412213865,0.5625
2014-05-01 00:00:00 UTC,367,1228,412213865,1.4179166666666667
2014-05-01 00:00:00 UTC,367,-1221,338137709,4.5384722222222225
2014-05-01 00:00:00 UTC,367,-1222,338137709,0.77541666666666664
2014-05-01 00:00:00 UTC,367,-1220,338137709,0.33305555555555555
2014-05-01 00:00:00 UTC,367,-87,263402350,2.8630555555555555
2014-05-01 00:00:00 UTC,367,-88,263402350,0.79666666666666675
2014-05-01 00:00:00 UTC,367,1228,800020338,0.56305555555555553
2014-05-01 00:00:00 UTC,367,1230,412324467,7.2722222222222221
2014-05-01 00:00:00 UTC,367,1231,412324467,2.7662500000000003
2014-05-01 00:00:00 UTC,367,1229,412324467,0.21361111111111111
2014-05-01 00:00:00 UTC,367,145,247147380,0.57930555555555552
2014-05-01 00:00:00 UTC,367,148,247147380,6.2566666666666668
2014-05-01 00:00:00 UTC,367,146,247147380,2.7666666666666666
2014-05-01 00:00:00 UTC,367,1231,800029556,9.3605555555555551
2014-05-01 00:00:00 UTC,367,1228,120789879,0.90375
2014-05-01 00:00:00 UTC,367,1230,412213623,0.20736111111111111
2014-05-01 00:00:00 UTC,367,1232,412213623,5.3725000000000005
2014-05-01 00:00:00 UTC,367,1231,412213623,2.95375
2014-05-01 00:00:00 UTC,367,1219,412329593,3.455
2014-05-01 00:00:00 UTC,367,1220,412329593,1.6631944444444444
2014-05-01 00:00:00 UTC,367,1230,412213626,1.4698611111111113
2014-05-01 00:00:00 UTC,367,1231,412213626,0.77222222222222214
2014-05-01 00:00:00 UTC,367,-1221,367458170,4.6884722222222237
2014-05-01 00:00:00 UTC,367,-1222,367458170,0.36472222222222223
2014-05-01 00:00:00 UTC,367,1229,412214145,2.5419444444444443
2014-05-01 00:00:00 UTC,367,1231,412214145,0.40541666666666665
2014-05-01 00:00:00 UTC,367,1230,412214145,10.396805555555554
2014-05-01 00:00:00 UTC,367,1228,412214145,0.83791666666666664
2014-05-01 00:00:00 UTC,367,1228,412214146,0.38444444444444448
2014-05-01 00:00:00 UTC,367,1230,412214146,11.280555555555555
2014-05-01 00:00:00 UTC,367,1229,412214146,4.1541666666666668
2014-05-01 00:00:00 UTC,367,-79,263237000,5.2504166666666663
2014-05-01 00:00:00 UTC,367,-84,263237000,1.4630555555555556
2014-05-01 00:00:00 UTC,367,-82,263237000,0.32527777777777778
2014-05-01 00:00:00 UTC,367,-83,263237000,1.9855555555555557
2014-05-01 00:00:00 UTC,367,1231,412888969,1.3393055555555555
2014-05-01 00:00:00 UTC,367,1235,820080011,11.291388888888891
2014-05-01 00:00:00 UTC,367,-503,224099470,3.4358333333333331
2014-05-01 00:00:00 UTC,367,1221,812041103,4.2441666666666666
2014-05-01 00:00:00 UTC,367,1229,413025168,1.2386111111111111
2014-05-01 00:00:00 UTC,367,-89,263482000,0.64888888888888885
2014-05-01 00:00:00 UTC,367,-90,263482000,0.47166666666666668
2014-05-01 00:00:00 UTC,367,-84,263482000,0.49333333333333329
2014-05-01 00:00:00 UTC,367,-90,263578000,0.32138888888888889
2014-05-01 00:00:00 UTC,367,-85,263578000,0.325
2014-05-01 00:00:00 UTC,367,1232,800031378,6.1861111111111109
2014-05-01 00:00:00 UTC,367,1231,800031378,0.99791666666666667
2014-05-01 00:00:00 UTC,367,1227,412214167,0.52888888888888885
2014-05-01 00:00:00 UTC,367,1225,412214167,0.27055555555555555
2014-05-01 00:00:00 UTC,367,1226,412214167,0.53847222222222224
2014-05-01 00:00:00 UTC,367,-350,224687000,2.0073611111111109
2014-05-01 00:00:00 UTC,367,-353,224687000,1.8923611111111112
2014-05-01 00:00:00 UTC,367,-349,224687000,1.8111111111111111
2014-05-01 00:00:00 UTC,367,1231,412327576,4.229166666666667
2014-05-01 00:00:00 UTC,367,1230,412327576,19.824305555555554
2014-05-01 00:00:00 UTC,367,1230,412214683,3.8775
2014-05-01 00:00:00 UTC,367,1231,412214683,22.648611111111116
2014-05-01 00:00:00 UTC,367,116,247143580,5.0183333333333326
2014-05-01 00:00:00 UTC,367,1231,800011420,2.0250000000000004
2014-05-01 00:00:00 UTC,367,1230,800011420,3.4486111111111111
2014-05-01 00:00:00 UTC,367,1229,800011420,1.0902777777777779
2014-05-01 00:00:00 UTC,367,1226,800010143,0.2336111111111111
2014-05-01 00:00:00 UTC,367,1231,800010143,6.6611111111111114
2014-05-01 00:00:00 UTC,367,1229,800010143,0.6275
2014-05-01 00:00:00 UTC,367,1230,800010143,2.0884722222222223
2014-05-01 00:00:00 UTC,367,1227,800010143,5.7425
2014-05-01 00:00:00 UTC,367,-511,224068000,4.6218055555555555
2014-05-01 00:00:00 UTC,367,-510,224068000,4.7183333333333337
2014-05-01 00:00:00 UTC,367,-84,263236000,1.5409722222222224
2014-05-01 00:00:00 UTC,367,-83,263236000,2.9916666666666667
2014-05-01 00:00:00 UTC,367,-82,263236000,2.2516666666666665
2014-05-01 00:00:00 UTC,367,-81,263236000,0.41486111111111112
2014-05-01 00:00:00 UTC,367,1232,412701092,4.1634722222222216
2014-05-01 00:00:00 UTC,367,1233,412701092,7.2891666666666657
2014-05-01 00:00:00 UTC,367,1220,800029350,11.038055555555555
2014-05-01 00:00:00 UTC,367,1230,412588966,1.2340277777777777
2014-05-01 00:00:00 UTC,367,1221,800035239,6.43875
2014-05-01 00:00:00 UTC,367,1228,412321449,0.2911111111111111
2014-05-01 00:00:00 UTC,367,1231,412321449,2.7819444444444446
2014-05-01 00:00:00 UTC,367,1216,413031085,0.47944444444444445
2014-05-01 00:00:00 UTC,367,1217,413031085,0.46388888888888891
2014-05-01 00:00:00 UTC,367,1231,412003758,6.8845833333333326
2014-05-01 00:00:00 UTC,367,1230,412003758,0.95375
2014-05-01 00:00:00 UTC,367,1229,412003758,0.27611111111111108
2014-05-01 00:00:00 UTC,367,1224,412003758,0.24902777777777779
2014-05-01 00:00:00 UTC,367,1225,412003758,0.30291666666666667
2014-05-01 00:00:00 UTC,367,1226,412003758,0.9011111111111112
2014-05-01 00:00:00 UTC,367,1228,412003758,0.78444444444444439
2014-05-01 00:00:00 UTC,367,1227,412003758,0.61458333333333337
2014-05-01 00:00:00 UTC,367,-1219,338142135,0.71847222222222218
2014-05-01 00:00:00 UTC,367,-1221,338142135,0.32916666666666666
2014-05-01 00:00:00 UTC,367,-1220,338142135,6.9405555555555551
2014-05-01 00:00:00 UTC,367,1230,412003767,0.6036111111111111
2014-05-01 00:00:00 UTC,367,1229,412003767,0.51986111111111111
2014-05-01 00:00:00 UTC,367,1231,412003767,2.3590277777777775
2014-05-01 00:00:00 UTC,367,1230,412213943,2.7286111111111113
2014-05-01 00:00:00 UTC,367,1231,412213943,13.217916666666667
2014-05-01 00:00:00 UTC,367,1231,800016056,7.1315277777777784
2014-05-01 00:00:00 UTC,367,1232,800016056,1.1347222222222222
2014-05-01 00:00:00 UTC,367,1231,412324536,9.90291666666667
2014-05-01 00:00:00 UTC,367,1230,412324536,0.50152777777777779
2014-05-01 00:00:00 UTC,367,1233,415001026,0.71194444444444449
2014-05-01 00:00:00 UTC,367,1229,412329166,1.6218055555555557
2014-05-01 00:00:00 UTC,367,1230,412329166,0.50902777777777775
2014-05-01 00:00:00 UTC,367,1229,412019665,0.76041666666666663
2014-05-01 00:00:00 UTC,367,1230,412019665,0.47527777777777774
2014-05-01 00:00:00 UTC,367,1231,412019665,0.28625
2014-05-01 00:00:00 UTC,367,1228,412019665,0.30777777777777776
2014-05-01 00:00:00 UTC,367,1231,412700626,6.3781944444444445
2014-05-01 00:00:00 UTC,367,1228,412214227,1.1754166666666666
2014-05-01 00:00:00 UTC,367,-69,224103380,2.3827777777777777
2014-05-01 00:00:00 UTC,367,1230,412035029,5.9525
2014-05-01 00:00:00 UTC,367,1231,900932568,6.3323611111111111
2014-05-01 00:00:00 UTC,367,-1219,367491040,1.0695833333333333
2014-05-01 00:00:00 UTC,367,-1220,367491040,1.5702777777777779
2014-05-01 00:00:00 UTC,367,1231,110988000,1.0516666666666667
2014-05-01 00:00:00 UTC,367,-40,224220130,0.55083333333333329
2014-05-01 00:00:00 UTC,367,-38,224220130,0.74555555555555553
2014-05-01 00:00:00 UTC,367,-39,224220130,1.8959722222222224
2014-05-01 00:00:00 UTC,367,1228,415923687,2.6779166666666669
2014-05-01 00:00:00 UTC,367,1230,415923687,10.257222222222222
2014-05-01 00:00:00 UTC,367,1229,415923687,3.3331944444444446
2014-05-01 00:00:00 UTC,367,1230,412321769,6.47722222222222
2014-05-01 00:00:00 UTC,367,-77,263406570,2.7840277777777778
2014-05-01 00:00:00 UTC,367,-76,263406570,2.0290277777777774
2014-05-01 00:00:00 UTC,367,-79,263406570,4.4825
2014-05-01 00:00:00 UTC,367,1223,800035050,0.8456944444444443
2014-05-01 00:00:00 UTC,367,1231,412003819,12.741388888888888
2014-05-01 00:00:00 UTC,367,1229,415877867,8.1338888888888885
2014-05-01 00:00:00 UTC,367,1228,415877867,0.42708333333333337
2014-05-01 00:00:00 UTC,367,1230,415877867,8.5525
2014-05-01 00:00:00 UTC,367,1231,413011184,0.62930555555555556
2014-05-01 00:00:00 UTC,367,-84,263403760,1.8256944444444443
2014-05-01 00:00:00 UTC,367,-82,263403760,2.2654166666666669
2014-05-01 00:00:00 UTC,367,-85,263403760,1.4640277777777777
2014-05-01 00:00:00 UTC,367,-83,263403760,2.26375
2014-05-01 00:00:00 UTC,367,1230,412214004,6.4966666666666661
2014-05-01 00:00:00 UTC,367,1229,412214004,2.5816666666666666
2014-05-01 00:00:00 UTC,367,1228,412214004,0.32861111111111108
2014-05-01 00:00:00 UTC,367,1231,412214004,1.2306944444444445
2014-05-01 00:00:00 UTC,367,1225,110070261,1.4247222222222222
2014-05-01 00:00:00 UTC,367,1224,110070261,12.890416666666665
2014-05-01 00:00:00 UTC,367,1231,412214773,6.2227777777777771
2014-05-01 00:00:00 UTC,367,1230,412677877,9.5326388888888882
2014-05-01 00:00:00 UTC,367,-40,224060150,4.1918055555555558
2014-05-01 00:00:00 UTC,367,1228,412212728,0.45916666666666667
2014-05-01 00:00:00 UTC,367,1227,412212728,0.25277777777777777
2014-05-01 00:00:00 UTC,367,1229,412212728,0.66958333333333342
2014-05-01 00:00:00 UTC,367,1237,413700857,0.50208333333333333
2014-05-01 00:00:00 UTC,367,1236,413700857,0.27416666666666667
2014-05-01 00:00:00 UTC,367,-68,224024830,3.8627777777777776
2014-05-01 00:00:00 UTC,367,1221,412214527,8.9029166666666679
2014-05-01 00:00:00 UTC,623,-404,331072000,2.3702777777777775
2014-05-01 00:00:00 UTC,623,62,258943000,4.9019444444444451
2014-05-01 00:00:00 UTC,623,61,258943000,3.3054166666666669
2014-05-01 00:00:00 UTC,623,52,257458620,5.3580555555555556
2014-05-01 00:00:00 UTC,623,53,257458620,1.1443055555555555
2014-05-01 00:00:00 UTC,-401,1771,512392000,2.97375
2014-05-01 00:00:00 UTC,-401,1784,512392000,1.8083333333333331
2014-05-01 00:00:00 UTC,-401,1782,512392000,2.0183333333333331
2014-05-01 00:00:00 UTC,-401,-563,701000778,2.1804166666666669
2014-05-01 00:00:00 UTC,-401,-743,725000620,1.7776388888888892
2014-05-01 00:00:00 UTC,-401,-742,725000620,4.7127777777777782
2014-05-01 00:00:00 UTC,-401,-798,259211000,0.75152777777777779
2014-05-01 00:00:00 UTC,-145,-1320,412420864,1.6693055555555554
2014-05-01 00:00:00 UTC,-145,-1321,412420864,1.432361111111111
2014-05-01 00:00:00 UTC,-145,1617,416002681,6.7704166666666667
2014-05-01 00:00:00 UTC,-145,-250,224140000,3.6863888888888887
2014-05-01 00:00:00 UTC,112,-1700,9102875,0.78194444444444455
2014-05-01 00:00:00 UTC,112,-1701,9102875,0.92847222222222237
2014-05-01 00:00:00 UTC,112,1563,431795000,1.6573611111111111
2014-05-01 00:00:00 UTC,112,-431,440295000,4.5444444444444452
2014-05-01 00:00:00 UTC,112,-436,440295000,1.1770833333333335
2014-05-01 00:00:00 UTC,112,-430,440295000,1.5458333333333334
2014-05-01 00:00:00 UTC,112,-428,440295000,2.7776388888888888
2014-05-01 00:00:00 UTC,112,-244,432967000,1.1473611111111111
2014-05-01 00:00:00 UTC,112,-237,432967000,1.0080555555555555
2014-05-01 00:00:00 UTC,112,-241,432967000,0.91125
2014-05-01 00:00:00 UTC,368,1224,412016389,1.1195833333333332
2014-05-01 00:00:00 UTC,368,1227,412213254,0.4588888888888889
2014-05-01 00:00:00 UTC,368,-89,263477000,1.6501388888888888
2014-05-01 00:00:00 UTC,368,-86,263477000,3.1558333333333328
2014-05-01 00:00:00 UTC,368,-88,263477000,4.1369444444444445
2014-05-01 00:00:00 UTC,368,-87,263477000,4.0273611111111114
2014-05-01 00:00:00 UTC,368,128,247140880,0.11291666666666667
2014-05-01 00:00:00 UTC,368,1241,800014616,6.6055555555555561
2014-05-01 00:00:00 UTC,368,118,247141410,0.4225
2014-05-01 00:00:00 UTC,368,117,247141410,2.3531944444444441
2014-05-01 00:00:00 UTC,368,1240,412888866,0.41638888888888892
2014-05-01 00:00:00 UTC,368,1232,412670250,2.3530555555555557
2014-05-01 00:00:00 UTC,368,1235,412670250,3.1079166666666667
2014-05-01 00:00:00 UTC,368,1233,412670250,1.4809722222222224
2014-05-01 00:00:00 UTC,368,1232,412005423,4.056111111111111
2014-05-01 00:00:00 UTC,368,1231,412086576,16.899027777777778
2014-05-01 00:00:00 UTC,368,1230,412086576,4.1080555555555556
2014-05-01 00:00:00 UTC,368,1232,412213555,5.899861111111111
2014-05-01 00:00:00 UTC,368,-68,224004660,2.4109722222222225
2014-05-01 00:00:00 UTC,368,1231,100702516,1.6705555555555556
2014-05-01 00:00:00 UTC,368,1230,412702520,0.48541666666666666
2014-05-01 00:00:00 UTC,368,1231,412702520,0.23180555555555554
2014-05-01 00:00:00 UTC,368,1225,100700216,5.1668055555555554
2014-05-01 00:00:00 UTC,368,1224,100700216,1.2361111111111112
2014-05-01 00:00:00 UTC,368,1226,100700216,0.52277777777777779
2014-05-01 00:00:00 UTC,368,-75,263411770,8.319583333333334
2014-05-01 00:00:00 UTC,368,1254,440009020,4.5530555555555559
2014-05-01 00:00:00 UTC,368,1236,415001155,6.44236111111111
2014-05-01 00:00:00 UTC,368,1233,415001155,1.4281944444444443
2014-05-01 00:00:00 UTC,368,1226,412326980,0.25347222222222221
2014-05-01 00:00:00 UTC,368,1230,412214598,3.4291666666666667
2014-05-01 00:00:00 UTC,368,1231,412214598,18.141805555555553
2014-05-01 00:00:00 UTC,368,-420,224069960,2.564861111111111
2014-05-01 00:00:00 UTC,368,1231,412368456,5.5088888888888885
2014-05-01 00:00:00 UTC,368,1230,412368456,5.9088888888888889
2014-05-01 00:00:00 UTC,368,1231,412521554,8.0087500000000009
2014-05-01 00:00:00 UTC,368,1228,412521554,9.2313888888888886
2014-05-01 00:00:00 UTC,368,1227,412521554,0.58777777777777773
2014-05-01 00:00:00 UTC,368,1230,412521554,0.80888888888888888
2014-05-01 00:00:00 UTC,368,1226,412521554,0.33208333333333334
2014-05-01 00:00:00 UTC,368,1229,412521554,0.6595833333333333
2014-05-01 00:00:00 UTC,368,1231,110982229,5.3611111111111116
2014-05-01 00:00:00 UTC,368,-82,263408470,2.7877777777777779
2014-05-01 00:00:00 UTC,368,1226,412705623,0.41416666666666668
2014-05-01 00:00:00 UTC,368,1231,415834968,2.7869444444444444
2014-05-01 00:00:00 UTC,368,1230,415834968,5.4598611111111106
2014-05-01 00:00:00 UTC,368,1227,800025689,0.27027777777777778
2014-05-01 00:00:00 UTC,368,1232,415876698,5.5601388888888881
2014-05-01 00:00:00 UTC,368,1231,415876698,1.3918055555555555
2014-05-01 00:00:00 UTC,368,1230,800014683,0.59555555555555562
2014-05-01 00:00:00 UTC,368,1229,800014683,0.74708333333333332
2014-05-01 00:00:00 UTC,368,1231,412213596,9.9894444444444446
2014-05-01 00:00:00 UTC,368,1229,412213601,5.447916666666667
2014-05-01 00:00:00 UTC,368,1230,412213601,2.6779166666666669
2014-05-01 00:00:00 UTC,368,1231,100702562,7.2586111111111116
2014-05-01 00:00:00 UTC,368,1231,800031084,11.255972222222224
2014-05-01 00:00:00 UTC,368,-1221,338137709,1.2145833333333333
2014-05-01 00:00:00 UTC,368,-1220,338137709,0.91861111111111116
2014-05-01 00:00:00 UTC,368,-1222,338137709,2.6262499999999998
2014-05-01 00:00:00 UTC,368,-86,263402350,4.6330555555555542
2014-05-01 00:00:00 UTC,368,-87,263402350,9.6811111111111128
2014-05-01 00:00:00 UTC,368,-89,263407470,2.8905555555555553
2014-05-01 00:00:00 UTC,368,-88,263407470,12.386666666666667
2014-05-01 00:00:00 UTC,368,-87,263407470,3.4656944444444444
2014-05-01 00:00:00 UTC,368,1234,412213871,0.56347222222222215
2014-05-01 00:00:00 UTC,368,-75,263462000,2.691527777777778
2014-05-01 00:00:00 UTC,368,1230,800019314,2.2129166666666666
2014-05-01 00:00:00 UTC,368,1231,800019314,6.2612499999999995
2014-05-01 00:00:00 UTC,368,1223,412324467,1.0016666666666667
2014-05-01 00:00:00 UTC,368,1225,412324467,0.45291666666666669
2014-05-01 00:00:00 UTC,368,1224,412324467,0.52541666666666664
2014-05-01 00:00:00 UTC,368,1228,412324467,0.26666666666666666
2014-05-01 00:00:00 UTC,368,1227,412324467,0.67236111111111108
2014-05-01 00:00:00 UTC,368,1226,412324467,0.8666666666666667
2014-05-01 00:00:00 UTC,368,1230,412213623,0.24819444444444444
2014-05-01 00:00:00 UTC,368,-1220,367458170,0.71652777777777776
2014-05-01 00:00:00 UTC,368,-1221,367458170,1.1224999999999998
2014-05-01 00:00:00 UTC,368,-1222,367458170,3.2406944444444452
2014-05-01 00:00:00 UTC,368,-69,224138370,6.5355555555555558
2014-05-01 00:00:00 UTC,368,-67,224138370,0.82777777777777772
2014-05-01 00:00:00 UTC,368,-68,224138370,0.77736111111111117
2014-05-01 00:00:00 UTC,368,-67,224029570,1.3393055555555555
2014-05-01 00:00:00 UTC,368,-83,263237000,1.5256944444444445
2014-05-01 00:00:00 UTC,368,-81,263237000,2.5347222222222219
2014-05-01 00:00:00 UTC,368,-80,263237000,0.24027777777777776
2014-05-01 00:00:00 UTC,368,-82,263237000,3.5877777777777777
2014-05-01 00:00:00 UTC,368,1241,415098248,8.2920833333333341
2014-05-01 00:00:00 UTC,368,1231,820040841,0.48708333333333331
2014-05-01 00:00:00 UTC,368,128,247143310,0.5526388888888889
2014-05-01 00:00:00 UTC,368,129,247143310,6.604166666666667
2014-05-01 00:00:00 UTC,368,144,247145870,1.0484722222222222
2014-05-01 00:00:00 UTC,368,-504,224099470,1.9516666666666664
2014-05-01 00:00:00 UTC,368,1239,412005007,1.5641666666666667
2014-05-01 00:00:00 UTC,368,1240,412005007,7.9412499999999993
2014-05-01 00:00:00 UTC,368,-74,263546000,0.81930555555555551
2014-05-01 00:00:00 UTC,368,-73,263546000,1.9890277777777778
2014-05-01 00:00:00 UTC,368,-84,263482000,5.70125
2014-05-01 00:00:00 UTC,368,-85,263482000,3.0522222222222224
2014-05-01 00:00:00 UTC,368,-83,263482000,3.299722222222222
2014-05-01 00:00:00 UTC,368,-85,263578000,9.1476388888888884
2014-05-01 00:00:00 UTC,368,-86,263578000,4.7495833333333337
2014-05-01 00:00:00 UTC,368,-84,263578000,0.70013888888888887
2014-05-01 00:00:00 UTC,368,1229,412000659,0.32777777777777778
2014-05-01 00:00:00 UTC,368,1230,412000659,0.54958333333333331
2014-05-01 00:00:00 UTC,368,1231,412000659,10.012222222222224
2014-05-01 00:00:00 UTC,368,1231,412213655,8.2980555555555551
2014-05-01 00:00:00 UTC,368,1225,412214167,0.555138888888889
2014-05-01 00:00:00 UTC,368,-354,224687000,2.3576388888888888
2014-05-01 00:00:00 UTC,368,-350,224687000,1.8059722222222221
2014-05-01 00:00:00 UTC,368,-351,224687000,1.8790277777777777
2014-05-01 00:00:00 UTC,368,-352,224687000,2.8555555555555556
2014-05-01 00:00:00 UTC,368,129,247147420,6.0405555555555557
2014-05-01 00:00:00 UTC,368,1230,412025245,2.64375
2014-05-01 00:00:00 UTC,368,1231,412025245,10.621527777777777
2014-05-01 00:00:00 UTC,368,-80,263236000,3.2031944444444442
2014-05-01 00:00:00 UTC,368,-82,263236000,1.2770833333333333
2014-05-01 00:00:00 UTC,368,-81,263236000,2.1990277777777782
2014-05-01 00:00:00 UTC,368,1240,412286372,8.9655555555555537
2014-05-01 00:00:00 UTC,368,1224,412003758,0.90680555555555553
2014-05-01 00:00:00 UTC,368,1225,412003758,0.4538888888888889
2014-05-01 00:00:00 UTC,368,220,237155000,6.3640277777777783
2014-05-01 00:00:00 UTC,368,1231,800020156,10.952638888888893
2014-05-01 00:00:00 UTC,368,1230,800020156,1.0198611111111111
2014-05-01 00:00:00 UTC,368,142,247131580,1.1577777777777778
2014-05-01 00:00:00 UTC,368,141,247131580,3.4151388888888889
2014-05-01 00:00:00 UTC,368,1231,425154245,8.9504166666666674
2014-05-01 00:00:00 UTC,368,1232,415080139,9.5315277777777787
2014-05-01 00:00:00 UTC,368,1231,415080139,1.0272222222222223
2014-05-01 00:00:00 UTC,368,1224,415080139,0.54819444444444443
2014-05-01 00:00:00 UTC,368,1225,412329166,0.35569444444444448
2014-05-01 00:00:00 UTC,368,1224,412329166,0.8156944444444445
2014-05-01 00:00:00 UTC,368,128,247143120,0.22027777777777779
2014-05-01 00:00:00 UTC,368,1228,412019665,0.25013888888888891
2014-05-01 00:00:00 UTC,368,1226,412019665,0.25486111111111109
2014-05-01 00:00:00 UTC,368,1227,412019665,0.77847222222222223
2014-05-01 00:00:00 UTC,368,1231,412700626,4.3041666666666663
2014-05-01 00:00:00 UTC,368,1231,820040916,4.9066666666666663
2014-05-01 00:00:00 UTC,368,1230,820040916,9.4525
2014-05-01 00:00:00 UTC,368,1227,412035029,5.7066666666666661
2014-05-01 00:00:00 UTC,368,1231,800004311,2.3791666666666664
2014-05-01 00:00:00 UTC,368,1230,800004311,1.4611111111111112
2014-05-01 00:00:00 UTC,368,-1220,367491040,3.08125
2014-05-01 00:00:00 UTC,368,-1219,367491040,1.9415277777777777
2014-05-01 00:00:00 UTC,368,1239,412258787,1.4627777777777777
2014-05-01 00:00:00 UTC,368,1240,412258787,2.0186111111111109
2014-05-01 00:00:00 UTC,368,1227,412328938,0.60958333333333337
2014-05-01 00:00:00 UTC,368,1228,412328938,2.3161111111111112
2014-05-01 00:00:00 UTC,368,1231,412328938,6.6781944444444443
2014-05-01 00:00:00 UTC,368,1226,412328938,0.3059722222222222
2014-05-01 00:00:00 UTC,368,1230,413011184,3.8873611111111104
2014-05-01 00:00:00 UTC,368,1231,413011184,11.489583333333334
2014-05-01 00:00:00 UTC,368,-84,263403760,3.0705555555555559
2014-05-01 00:00:00 UTC,368,-82,263403760,1.6508333333333334
2014-05-01 00:00:00 UTC,368,-85,263403760,0.67819444444444454
2014-05-01 00:00:00 UTC,368,-83,263403760,2.7629166666666669
2014-05-01 00:00:00 UTC,368,-89,263410940,0.20458333333333334
2014-05-01 00:00:00 UTC,368,-68,224024830,0.41388888888888886
2014-05-01 00:00:00 UTC,624,-52,231189000,3.8555555555555552
2014-05-01 00:00:00 UTC,624,-54,231189000,8.631388888888889
2014-05-01 00:00:00 UTC,624,-54,231274000,2.1004166666666668
2014-05-01 00:00:00 UTC,624,-44,231090000,0.78611111111111109
2014-05-01 00:00:00 UTC,624,-77,231534000,4.5098611111111113
2014-05-01 00:00:00 UTC,624,-78,231534000,18.915000000000003
2014-05-01 00:00:00 UTC,624,52,257458620,0.56375
2014-05-01 00:00:00 UTC,624,59,257214140,1.818888888888889
2014-05-01 00:00:00 UTC,624,-54,231190000,11.722083333333334
2014-05-01 00:00:00 UTC,-400,1781,512392000,1.1204166666666666
2014-05-01 00:00:00 UTC,-400,1780,512392000,0.75680555555555551
2014-05-01 00:00:00 UTC,-400,1779,512392000,1.64
2014-05-01 00:00:00 UTC,-400,-562,701000778,6.1437500000000007
2014-05-01 00:00:00 UTC,-400,-563,701000778,3.7502777777777778
2014-05-01 00:00:00 UTC,-400,-742,725000620,4.3427777777777781
2014-05-01 00:00:00 UTC,-400,-741,725000620,3.2415277777777778
2014-05-01 00:00:00 UTC,-144,-1320,412420864,5.503750000000001
2014-05-01 00:00:00 UTC,-144,1617,416002681,0.74888888888888883
2014-05-01 00:00:00 UTC,-144,-248,224140000,3.9633333333333334
2014-05-01 00:00:00 UTC,-144,1575,416003561,9.7668055555555569
2014-05-01 00:00:00 UTC,-144,-1321,412420851,3.6879166666666667
2014-05-01 00:00:00 UTC,113,1563,431795000,1.2543055555555556
2014-05-01 00:00:00 UTC,113,-436,440295000,0.83180555555555558
2014-05-01 00:00:00 UTC,113,-430,440295000,1.8111111111111111
2014-05-01 00:00:00 UTC,113,-433,440295000,1.6984722222222222
2014-05-01 00:00:00 UTC,113,-241,432967000,0.83888888888888891
2014-05-01 00:00:00 UTC,113,-238,432967000,0.92347222222222225
2014-05-01 00:00:00 UTC,113,-1180,412440237,1.2872222222222223
2014-05-01 00:00:00 UTC,369,-85,263477000,0.42638888888888893
2014-05-01 00:00:00 UTC,369,-86,263477000,5.1766666666666667
2014-05-01 00:00:00 UTC,369,1231,100800276,3.5430555555555556
2014-05-01 00:00:00 UTC,369,1230,100800276,4.6836111111111105
2014-05-01 00:00:00 UTC,369,1227,110703126,7.0908333333333333
2014-05-01 00:00:00 UTC,369,1228,110703126,0.66375000000000006
2014-05-01 00:00:00 UTC,369,1231,415001121,6.13875
2014-05-01 00:00:00 UTC,369,-76,263401250,13.965416666666666
2014-05-01 00:00:00 UTC,369,1231,800807465,6.3602777777777781
2014-05-01 00:00:00 UTC,369,1230,412568878,9.46083333333333
2014-05-01 00:00:00 UTC,369,1231,412568878,11.322083333333333
2014-05-01 00:00:00 UTC,369,-70,224004660,2.3108333333333331
2014-05-01 00:00:00 UTC,369,-69,224004660,2.1870833333333333
2014-05-01 00:00:00 UTC,369,1231,412213815,11.283333333333333
2014-05-01 00:00:00 UTC,369,1231,800005435,1.9375
2014-05-01 00:00:00 UTC,369,1260,440009020,7.2652777777777784
2014-05-01 00:00:00 UTC,369,1226,110706492,0.39819444444444446
2014-05-01 00:00:00 UTC,369,1227,110706492,0.50083333333333335
2014-05-01 00:00:00 UTC,369,1231,710080069,4.7880555555555544
2014-05-01 00:00:00 UTC,369,1230,710080069,0.2048611111111111
2014-05-01 00:00:00 UTC,369,1230,412213835,0.22361111111111109
2014-05-01 00:00:00 UTC,369,1231,412213835,30.268472222222222
2014-05-01 00:00:00 UTC,369,1231,800031052,12.524444444444443
2014-05-01 00:00:00 UTC,369,1230,800031052,10.99763888888889
2014-05-01 00:00:00 UTC,369,1230,110700116,13.538055555555555
2014-05-01 00:00:00 UTC,369,1231,110700116,6.4847222222222225
2014-05-01 00:00:00 UTC,369,1227,800025689,0.2575
2014-05-01 00:00:00 UTC,369,1228,800014683,0.62861111111111112
2014-05-01 00:00:00 UTC,369,1227,800014683,0.21819444444444447
2014-05-01 00:00:00 UTC,369,1227,412213609,2.6466666666666665
2014-05-01 00:00:00 UTC,369,1231,800031084,2.9493055555555556
2014-05-01 00:00:00 UTC,369,-85,263402350,0.21041666666666667
2014-05-01 00:00:00 UTC,369,-86,263402350,0.41875
2014-05-01 00:00:00 UTC,369,1231,900900213,8.9519444444444449
2014-05-01 00:00:00 UTC,369,272,237371000,4.007083333333334
2014-05-01 00:00:00 UTC,369,271,237371000,2.5694444444444442
2014-05-01 00:00:00 UTC,369,-70,224138370,4.5493055555555557
2014-05-01 00:00:00 UTC,369,-68,224138370,7.8845833333333335
2014-05-01 00:00:00 UTC,369,-67,224138370,0.38069444444444445
2014-05-01 00:00:00 UTC,369,-68,224029570,2.98625
2014-05-01 00:00:00 UTC,369,-67,224029570,2.6748611111111109
2014-05-01 00:00:00 UTC,369,1231,412214147,17.195138888888888
2014-05-01 00:00:00 UTC,369,-504,224099470,1.5669444444444445
2014-05-01 00:00:00 UTC,369,1226,412011409,0.27638888888888891
2014-05-01 00:00:00 UTC,369,1227,412011409,9.0055555555555564
2014-05-01 00:00:00 UTC,369,1236,412329362,5.5455555555555565
2014-05-01 00:00:00 UTC,369,1234,412329362,0.49944444444444447
2014-05-01 00:00:00 UTC,369,1235,412329362,2.9355555555555553
2014-05-01 00:00:00 UTC,369,1231,412202898,11.518055555555556
2014-05-01 00:00:00 UTC,369,1230,412202898,2.3993055555555554
2014-05-01 00:00:00 UTC,369,-510,224068000,4.4123611111111112
2014-05-01 00:00:00 UTC,369,-511,224068000,4.6486111111111112
2014-05-01 00:00:00 UTC,369,-77,263236000,12.20125
2014-05-01 00:00:00 UTC,369,1232,412001191,8.87861111111111
2014-05-01 00:00:00 UTC,369,1234,412001191,2.2030555555555553
2014-05-01 00:00:00 UTC,369,1235,412001191,2.2018055555555556
2014-05-01 00:00:00 UTC,369,141,247142070,0.65958333333333341
2014-05-01 00:00:00 UTC,369,1228,800016056,7.612222222222222
2014-05-01 00:00:00 UTC,369,220,237155000,2.8772222222222221
2014-05-01 00:00:00 UTC,369,141,247131580,1.2965277777777777
2014-05-01 00:00:00 UTC,369,139,247131580,3.7109722222222223
2014-05-01 00:00:00 UTC,369,140,247131580,4.046666666666666
2014-05-01 00:00:00 UTC,369,141,247142080,0.84583333333333344
2014-05-01 00:00:00 UTC,369,1230,412324806,1.2438888888888888
2014-05-01 00:00:00 UTC,369,1228,412324806,0.49749999999999994
2014-05-01 00:00:00 UTC,369,1231,412324806,6.512777777777778
2014-05-01 00:00:00 UTC,369,1231,415080139,0.87069444444444444
2014-05-01 00:00:00 UTC,369,1224,415080139,1.095
2014-05-01 00:00:00 UTC,369,1231,800016337,9.02277777777778
2014-05-01 00:00:00 UTC,369,1231,412804307,7.3927777777777788
2014-05-01 00:00:00 UTC,369,1239,412258787,6.8143055555555563
2014-05-01 00:00:00 UTC,369,1232,412258787,0.51402777777777775
2014-05-01 00:00:00 UTC,369,1233,412258787,1.5212500000000002
2014-05-01 00:00:00 UTC,369,1234,412258787,1.335
2014-05-01 00:00:00 UTC,369,1227,413004008,0.6841666666666667
2014-05-01 00:00:00 UTC,369,1227,412000239,1.1977777777777776
2014-05-01 00:00:00 UTC,369,1240,412333300,0.54736111111111108
2014-05-01 00:00:00 UTC,369,1230,412202998,2.9084722222222221
2014-05-01 00:00:00 UTC,369,1236,413700857,4.6502777777777773
2014-05-01 00:00:00 UTC,369,-85,263410940,1.5298611111111111
2014-05-01 00:00:00 UTC,369,-88,263410940,0.67972222222222212
2014-05-01 00:00:00 UTC,369,-89,263410940,1.2643055555555556
2014-05-01 00:00:00 UTC,625,-55,231189000,8.6677777777777774
2014-05-01 00:00:00 UTC,625,49,257005840,5.0269444444444442
2014-05-01 00:00:00 UTC,625,-55,231274000,2.3120833333333333
2014-05-01 00:00:00 UTC,625,-57,231274000,2.2834722222222221
2014-05-01 00:00:00 UTC,625,-55,231010000,4.61375
2014-05-01 00:00:00 UTC,625,-55,231031000,1.5268055555555557
2014-05-01 00:00:00 UTC,625,-57,231031000,1.5068055555555557
2014-05-01 00:00:00 UTC,625,-56,231031000,1.5484722222222222
2014-05-01 00:00:00 UTC,625,-57,231030000,1.6173611111111112
2014-05-01 00:00:00 UTC,625,-56,231030000,1.4615277777777778
2014-05-01 00:00:00 UTC,625,-55,231030000,1.556111111111111
2014-05-01 00:00:00 UTC,625,-55,231190000,9.4095833333333339
2014-05-01 00:00:00 UTC,-399,1771,512392000,1.0891666666666666
2014-05-01 00:00:00 UTC,-399,1776,512392000,1.4749999999999996
2014-05-01 00:00:00 UTC,-399,1774,512392000,1.634722222222222
2014-05-01 00:00:00 UTC,-399,1777,512392000,0.75597222222222216
2014-05-01 00:00:00 UTC,-399,1778,512392000,0.74708333333333343
2014-05-01 00:00:00 UTC,-399,-562,701000778,2.3740277777777781
2014-05-01 00:00:00 UTC,-399,1739,512002695,2.3797222222222221
2014-05-01 00:00:00 UTC,-399,1740,512002695,5.2834722222222217
2014-05-01 00:00:00 UTC,-143,-1328,412420864,5.8745833333333337
2014-05-01 00:00:00 UTC,-143,-1310,412400154,5.9077777777777776
2014-05-01 00:00:00 UTC,-143,1617,416002681,5.2804166666666665
2014-05-01 00:00:00 UTC,-143,-1337,412420792,7.4729166666666673
2014-05-01 00:00:00 UTC,-143,1573,416003561,7.5993055555555546
2014-05-01 00:00:00 UTC,-143,-1320,412420851,1.7848611111111112
2014-05-01 00:00:00 UTC,114,1562,431795000,0.58916666666666673
2014-05-01 00:00:00 UTC,114,1563,431795000,2.4661111111111111
2014-05-01 00:00:00 UTC,114,-295,431100790,13.625277777777779
2014-05-01 00:00:00 UTC,370,139,247147780,0.43916666666666671
2014-05-01 00:00:00 UTC,370,140,247147780,2.335
2014-05-01 00:00:00 UTC,370,1231,110767890,5.5219444444444443
2014-05-01 00:00:00 UTC,370,1230,110767890,8.9443055555555553
2014-05-01 00:00:00 UTC,370,1231,710040851,11.882361111111113
2014-05-01 00:00:00 UTC,370,1230,100800276,0.44791666666666663
2014-05-01 00:00:00 UTC,370,1231,820040986,5.2783333333333333
2014-05-01 00:00:00 UTC,370,1231,412014109,3.0268055555555557
2014-05-01 00:00:00 UTC,370,1230,412014109,1.4886111111111111
2014-05-01 00:00:00 UTC,370,140,247030820,1.375
2014-05-01 00:00:00 UTC,370,1231,800005435,3.9052777777777776
2014-05-01 00:00:00 UTC,370,1232,800005435,3.8811111111111112
2014-05-01 00:00:00 UTC,370,1230,710080069,1.81
2014-05-01 00:00:00 UTC,370,1231,710080069,1.5844444444444443
2014-05-01 00:00:00 UTC,370,-420,224069960,2.6875
2014-05-01 00:00:00 UTC,370,-421,224069960,3.555277777777778
2014-05-01 00:00:00 UTC,370,1226,412213596,7.4477777777777785
2014-05-01 00:00:00 UTC,370,1230,412202845,0.22888888888888889
2014-05-01 00:00:00 UTC,370,1231,412202845,7.9915277777777778
2014-05-01 00:00:00 UTC,370,137,247140190,0.46111111111111114
2014-05-01 00:00:00 UTC,370,139,247140210,0.43597222222222221
2014-05-01 00:00:00 UTC,370,140,247140210,2.3698611111111112
2014-05-01 00:00:00 UTC,370,1350,440408960,11.278333333333334
2014-05-01 00:00:00 UTC,370,-69,224029570,3.2816666666666667
2014-05-01 00:00:00 UTC,370,-70,224029570,5.1316666666666668
2014-05-01 00:00:00 UTC,370,-505,224099470,1.4052777777777776
2014-05-01 00:00:00 UTC,370,-506,224099470,1.6305555555555555
2014-05-01 00:00:00 UTC,370,140,247140240,0.67236111111111119
2014-05-01 00:00:00 UTC,370,1231,412202898,5.6173611111111112
2014-05-01 00:00:00 UTC,370,1227,412213655,7.0163888888888888
2014-05-01 00:00:00 UTC,370,-356,224687000,2.2327777777777778
2014-05-01 00:00:00 UTC,370,-510,224068000,1.8920833333333333
2014-05-01 00:00:00 UTC,370,1230,441200047,4.6901388888888889
2014-05-01 00:00:00 UTC,370,1231,441200047,12.15791666666667
2014-05-01 00:00:00 UTC,370,140,247142070,2.8965277777777776
2014-05-01 00:00:00 UTC,370,141,247142070,1.9030555555555555
2014-05-01 00:00:00 UTC,370,139,247142070,1.0818055555555557
2014-05-01 00:00:00 UTC,370,1230,800004537,7.1669444444444439
2014-05-01 00:00:00 UTC,370,1231,800004537,7.1373611111111117
2014-05-01 00:00:00 UTC,370,1231,800003772,3.0793055555555555
2014-05-01 00:00:00 UTC,370,139,247131580,0.21152777777777776
2014-05-01 00:00:00 UTC,370,141,247142080,1.4358333333333333
2014-05-01 00:00:00 UTC,370,140,247142080,2.991944444444445
2014-05-01 00:00:00 UTC,370,139,247142080,0.25416666666666665
2014-05-01 00:00:00 UTC,370,1231,412324806,0.9244444444444444
2014-05-01 00:00:00 UTC,370,1230,412324806,0.98555555555555552
2014-05-01 00:00:00 UTC,370,1230,110706887,1.6575000000000002
2014-05-01 00:00:00 UTC,370,1229,110706887,0.60708333333333331
2014-05-01 00:00:00 UTC,370,1230,415080139,0.25319444444444444
2014-05-01 00:00:00 UTC,370,1231,415080139,0.65069444444444446
2014-05-01 00:00:00 UTC,370,114,247149010,14.980833333333333
2014-05-01 00:00:00 UTC,370,1230,412202966,3.2083333333333335
2014-05-01 00:00:00 UTC,370,1231,412202966,3.0729166666666665
2014-05-01 00:00:00 UTC,370,138,247140840,0.45194444444444448
2014-05-01 00:00:00 UTC,370,1227,413004008,0.88541666666666663
2014-05-01 00:00:00 UTC,370,-1231,367331060,1.5086111111111111
2014-05-01 00:00:00 UTC,370,1229,412202998,0.35819444444444443
2014-05-01 00:00:00 UTC,370,1230,412202998,9.4159722222222229
2014-05-01 00:00:00 UTC,626,48,257005840,6.5338888888888889
2014-05-01 00:00:00 UTC,626,-60,231274000,7.1651388888888885
2014-05-01 00:00:00 UTC,626,-59,231274000,4.7663888888888888
2014-05-01 00:00:00 UTC,626,-62,231274000,3.8931944444444442
2014-05-01 00:00:00 UTC,626,61,259421000,0.27111111111111108
2014-05-01 00:00:00 UTC,626,-59,231010000,9.4211111111111112
2014-05-01 00:00:00 UTC,626,66,257215700,0.71208333333333329
2014-05-01 00:00:00 UTC,626,-60,231031000,1.7397222222222224
2014-05-01 00:00:00 UTC,626,-62,231031000,4.1616666666666671
2014-05-01 00:00:00 UTC,626,-63,231031000,5.1365277777777782
2014-05-01 00:00:00 UTC,626,-61,231031000,5.4286111111111115
2014-05-01 00:00:00 UTC,626,-58,231031000,2.2863888888888888
2014-05-01 00:00:00 UTC,626,-61,231030000,6.9316666666666666
2014-05-01 00:00:00 UTC,626,-60,231030000,2.28625
2014-05-01 00:00:00 UTC,626,-63,231030000,5.6011111111111118
2014-05-01 00:00:00 UTC,626,-62,231030000,2.5308333333333337
2014-05-01 00:00:00 UTC,626,-58,231030000,1.5220833333333332
2014-05-01 00:00:00 UTC,-398,1773,512392000,3.0611111111111113
2014-05-01 00:00:00 UTC,-398,-562,701000778,3.9766666666666666
2014-05-01 00:00:00 UTC,-142,-1329,412420864,2.8390277777777779
2014-05-01 00:00:00 UTC,-142,-1318,412420867,2.739583333333333
2014-05-01 00:00:00 UTC,-142,1616,416002681,6.3670833333333334
2014-05-01 00:00:00 UTC,-142,-247,224140000,1.1963888888888889
2014-05-01 00:00:00 UTC,-142,-248,224140000,1.5401388888888889
2014-05-01 00:00:00 UTC,-142,1574,416003561,5.3680555555555562
2014-05-01 00:00:00 UTC,-142,-1319,412420851,2.3295833333333333
2014-05-01 00:00:00 UTC,115,-1180,412440237,0.90763888888888888
2014-05-01 00:00:00 UTC,371,135,247147780,0.62319444444444438
2014-05-01 00:00:00 UTC,371,135,247141390,1.7497222222222224
2014-05-01 00:00:00 UTC,371,136,247141390,1.7543055555555558
2014-05-01 00:00:00 UTC,371,137,247141390,4.3083333333333336
2014-05-01 00:00:00 UTC,371,250,237418000,2.9176388888888889
2014-05-01 00:00:00 UTC,371,249,237418000,2.7719444444444443
2014-05-01 00:00:00 UTC,371,270,237876000,0.62444444444444447
2014-05-01 00:00:00 UTC,371,1329,440403010,13.726666666666667
2014-05-01 00:00:00 UTC,371,-420,224069960,4.915694444444445
2014-05-01 00:00:00 UTC,371,-456,224253000,8.4363888888888887
2014-05-01 00:00:00 UTC,371,1231,413569879,6.7062500000000007
2014-05-01 00:00:00 UTC,371,137,247140190,1.3393055555555553
2014-05-01 00:00:00 UTC,371,-1230,367566960,2.1854166666666668
2014-05-01 00:00:00 UTC,371,135,247140210,1.2568055555555555
2014-05-01 00:00:00 UTC,371,1353,440408960,4.5343055555555551
2014-05-01 00:00:00 UTC,371,1263,440012930,0.29541666666666666
2014-05-01 00:00:00 UTC,371,1264,440012930,14.662916666666666
2014-05-01 00:00:00 UTC,371,-506,224099470,3.8572222222222221
2014-05-01 00:00:00 UTC,371,137,247140240,0.70972222222222214
2014-05-01 00:00:00 UTC,371,136,247140240,0.61152777777777778
2014-05-01 00:00:00 UTC,371,-513,224052370,7.2384722222222226
2014-05-01 00:00:00 UTC,371,-510,224068000,1.5390277777777777
2014-05-01 00:00:00 UTC,371,255,239128000,5.8722222222222218
2014-05-01 00:00:00 UTC,371,274,271072197,4.3450000000000006
2014-05-01 00:00:00 UTC,371,114,247149010,6.4247222222222229
2014-05-01 00:00:00 UTC,371,113,247149010,4.9622222222222225
2014-05-01 00:00:00 UTC,371,122,247141350,0.51111111111111107
2014-05-01 00:00:00 UTC,371,-1231,367331060,1.5280555555555557
2014-05-01 00:00:00 UTC,371,122,247140340,0.69513888888888886
2014-05-01 00:00:00 UTC,371,121,247140340,0.96180555555555547
2014-05-01 00:00:00 UTC,627,59,257163320,4.2494444444444435
2014-05-01 00:00:00 UTC,627,60,257163320,1.391388888888889
2014-05-01 00:00:00 UTC,627,-57,231240000,7.8958333333333339
2014-05-01 00:00:00 UTC,627,-248,251129000,1.57375
2014-05-01 00:00:00 UTC,-397,-562,701000778,6.4893055555555552
2014-05-01 00:00:00 UTC,-141,-1318,412420867,2.0523611111111109
2014-05-01 00:00:00 UTC,-141,-1317,412420867,6.3490277777777786
2014-05-01 00:00:00 UTC,-141,-1304,412400154,5.3747222222222222
2014-05-01 00:00:00 UTC,-141,-1330,412420891,7.0533333333333328
2014-05-01 00:00:00 UTC,-141,-1311,412420811,5.8156944444444445
2014-05-01 00:00:00 UTC,-141,-247,224140000,2.9461111111111111
2014-05-01 00:00:00 UTC,-141,-251,224140000,3.96375
2014-05-01 00:00:00 UTC,-141,-1343,412460015,4.55875
2014-05-01 00:00:00 UTC,-141,1573,416002545,2.78625
2014-05-01 00:00:00 UTC,-141,1575,416002545,5.9480555555555563
2014-05-01 00:00:00 UTC,-141,-1319,412420851,7.0577777777777779
2014-05-01 00:00:00 UTC,116,1564,431795000,3.0227777777777778
2014-05-01 00:00:00 UTC,116,-1181,412440237,1.4333333333333333
2014-05-01 00:00:00 UTC,372,122,247143690,0.41125
2014-05-01 00:00:00 UTC,372,1191,412326159,16.405694444444443
2014-05-01 00:00:00 UTC,372,250,237418000,2.1418055555555551
2014-05-01 00:00:00 UTC,372,249,237418000,3.5284722222222222
2014-05-01 00:00:00 UTC,372,251,237418000,3.8818055555555562
2014-05-01 00:00:00 UTC,372,132,247140370,1.9975
2014-05-01 00:00:00 UTC,372,133,247140370,9.6305555555555564
2014-05-01 00:00:00 UTC,372,113,247080210,4.1430555555555557
2014-05-01 00:00:00 UTC,372,-96,263422240,3.7029166666666664
2014-05-01 00:00:00 UTC,372,128,247147560,6.362222222222222
2014-05-01 00:00:00 UTC,372,-456,224253000,1.8168055555555553
2014-05-01 00:00:00 UTC,372,1191,775852121,0.77625
2014-05-01 00:00:00 UTC,372,1191,412326501,16.02375
2014-05-01 00:00:00 UTC,372,-1230,367566960,3.100138888888889
2014-05-01 00:00:00 UTC,372,268,237370000,1.5031944444444445
2014-05-01 00:00:00 UTC,372,269,237370000,1.4304166666666669
2014-05-01 00:00:00 UTC,372,270,237370000,1.6772222222222222
2014-05-01 00:00:00 UTC,372,-512,224052370,3.9658333333333333
2014-05-01 00:00:00 UTC,372,-357,224687000,3.1006944444444442
2014-05-01 00:00:00 UTC,372,-510,224068000,2.2275
2014-05-01 00:00:00 UTC,372,125,247141280,2.0025
2014-05-01 00:00:00 UTC,372,1192,412326566,1.5765277777777778
2014-05-01 00:00:00 UTC,372,1191,412326575,6.47875
2014-05-01 00:00:00 UTC,372,1192,412326575,2.3163888888888886
2014-05-01 00:00:00 UTC,372,258,237699000,3.1845833333333333
2014-05-01 00:00:00 UTC,372,134,247304380,0.40847222222222224
2014-05-01 00:00:00 UTC,372,-93,263410880,1.345
2014-05-01 00:00:00 UTC,372,-91,263410880,1.4758333333333333
2014-05-01 00:00:00 UTC,372,255,239128000,2.9366666666666665
2014-05-01 00:00:00 UTC,372,131,247142340,0.49402777777777773
2014-05-01 00:00:00 UTC,372,130,247142340,1.1733333333333333
2014-05-01 00:00:00 UTC,372,1192,412326611,1.2359722222222222
2014-05-01 00:00:00 UTC,372,1263,440019170,6.6708333333333334
2014-05-01 00:00:00 UTC,372,122,247141350,0.72472222222222216
2014-05-01 00:00:00 UTC,372,248,237654000,4.3730555555555553
2014-05-01 00:00:00 UTC,372,249,237654000,4.18638888888889
2014-05-01 00:00:00 UTC,628,60,257163320,3.1318055555555553
2014-05-01 00:00:00 UTC,628,-243,251129000,1.5220833333333332
2014-05-01 00:00:00 UTC,628,-246,251129000,6.1620833333333334
2014-05-01 00:00:00 UTC,628,-241,251129000,7.94
2014-05-01 00:00:00 UTC,628,69,257071340,9.7618055555555561
2014-05-01 00:00:00 UTC,-140,-1318,412420867,2.1527777777777777
2014-05-01 00:00:00 UTC,-140,-1317,412420867,0.70347222222222228
2014-05-01 00:00:00 UTC,-140,-1331,412420891,1.7919444444444443
2014-05-01 00:00:00 UTC,-140,-1315,412420901,1.4250000000000003
2014-05-01 00:00:00 UTC,-140,-1314,412420901,0.88777777777777778
2014-05-01 00:00:00 UTC,-140,-1313,412420901,7.1054166666666667
2014-05-01 00:00:00 UTC,-140,-1316,412420901,1.8622222222222222
2014-05-01 00:00:00 UTC,-140,-1317,412420901,3.6502777777777773
2014-05-01 00:00:00 UTC,-140,-1347,412460015,0.91569444444444448
2014-05-01 00:00:00 UTC,-140,-1344,412460015,1.2402777777777778
2014-05-01 00:00:00 UTC,-140,-1343,412460015,4.2922222222222217
2014-05-01 00:00:00 UTC,-140,-1346,412460015,1.1616666666666666
2014-05-01 00:00:00 UTC,-140,-1345,412460015,2.0691666666666668
2014-05-01 00:00:00 UTC,-140,1575,416002545,6.8848611111111113
2014-05-01 00:00:00 UTC,-140,-1320,412420851,6.9501388888888886
2014-05-01 00:00:00 UTC,117,1564,431795000,0.9555555555555556
2014-05-01 00:00:00 UTC,373,122,247143690,0.41430555555555554
2014-05-01 00:00:00 UTC,373,250,237418000,1.7752777777777777
2014-05-01 00:00:00 UTC,373,251,237418000,4.489305555555557
2014-05-01 00:00:00 UTC,373,131,247140370,1.8180555555555555
2014-05-01 00:00:00 UTC,373,1191,412325912,0.24972222222222223
2014-05-01 00:00:00 UTC,373,129,247147560,1.6879166666666667
2014-05-01 00:00:00 UTC,373,1190,412321576,0.38777777777777778
2014-05-01 00:00:00 UTC,373,1191,412321576,0.69958333333333333
2014-05-01 00:00:00 UTC,373,-396,224114750,3.07125
2014-05-01 00:00:00 UTC,373,1191,412320068,2.8316666666666666
2014-05-01 00:00:00 UTC,373,128,247141960,1.7722222222222221
2014-05-01 00:00:00 UTC,373,126,247141960,7.306111111111111
2014-05-01 00:00:00 UTC,373,-456,224253000,3.4998611111111106
2014-05-01 00:00:00 UTC,373,1193,412325972,3.4944444444444449
2014-05-01 00:00:00 UTC,373,-1231,367566960,3.8698611111111112
2014-05-01 00:00:00 UTC,373,-92,263402890,2.3029166666666665
2014-05-01 00:00:00 UTC,373,1191,412320397,1.2330555555555556
2014-05-01 00:00:00 UTC,373,130,247143310,6.2309722222222215
2014-05-01 00:00:00 UTC,373,268,237370000,0.85833333333333339
2014-05-01 00:00:00 UTC,373,267,237370000,0.48069444444444442
2014-05-01 00:00:00 UTC,373,269,237370000,2.5472222222222225
2014-05-01 00:00:00 UTC,373,270,237370000,13.116388888888888
2014-05-01 00:00:00 UTC,373,1193,412325777,2.1937499999999996
2014-05-01 00:00:00 UTC,373,-512,224052370,2.9263888888888889
2014-05-01 00:00:00 UTC,373,127,247141280,1.5581944444444444
2014-05-01 00:00:00 UTC,373,256,237699000,5.8580555555555556
2014-05-01 00:00:00 UTC,373,258,237699000,1.8086111111111112
2014-05-01 00:00:00 UTC,373,257,237699000,1.472361111111111
2014-05-01 00:00:00 UTC,373,-92,263410880,0.84930555555555554
2014-05-01 00:00:00 UTC,373,-91,263410880,1.0838888888888889
2014-05-01 00:00:00 UTC,373,-90,263410880,1.2287500000000002
2014-05-01 00:00:00 UTC,373,-93,263410880,0.22652777777777777
2014-05-01 00:00:00 UTC,373,129,247142340,1.3393055555555555
2014-05-01 00:00:00 UTC,373,249,237654000,0.21875
2014-05-01 00:00:00 UTC,373,250,237654000,0.22180555555555556
2014-05-01 00:00:00 UTC,373,252,237654000,1.1702777777777778
2014-05-01 00:00:00 UTC,373,251,237654000,4.1579166666666669
2014-05-01 00:00:00 UTC,373,1191,412326647,0.54986111111111113
2014-05-01 00:00:00 UTC,373,1194,800030715,2.435138888888889
2014-05-01 00:00:00 UTC,373,1191,800030715,3.0316666666666667
2014-05-01 00:00:00 UTC,-395,-735,725000690,1.4290277777777778
2014-05-01 00:00:00 UTC,-139,-1307,412420867,6.9402777777777782
2014-05-01 00:00:00 UTC,-139,-1295,412400154,2.7354166666666666
2014-05-01 00:00:00 UTC,-139,1620,416002681,5.91388888888889
2014-05-01 00:00:00 UTC,-139,-1304,412420811,5.855
2014-05-01 00:00:00 UTC,-139,-249,224140000,2.645833333333333
2014-05-01 00:00:00 UTC,-139,-1347,412460015,2.7561111111111112
2014-05-01 00:00:00 UTC,-139,-1346,412460015,2.0731944444444443
2014-05-01 00:00:00 UTC,-139,-1309,412420849,0.937361111111111
2014-05-01 00:00:00 UTC,-139,-1310,412420849,1.8665277777777778
2014-05-01 00:00:00 UTC,-139,1574,416002545,2.7298611111111111
2014-05-01 00:00:00 UTC,-139,1575,416002545,2.0579166666666668
2014-05-01 00:00:00 UTC,-139,1572,416002545,3.8308333333333335
2014-05-01 00:00:00 UTC,118,-1235,412440009,4.46986111111111
2014-05-01 00:00:00 UTC,374,1221,412210178,1.048888888888889
2014-05-01 00:00:00 UTC,374,237,237599000,6.9859722222222222
2014-05-01 00:00:00 UTC,374,238,237599000,3.1661111111111113
2014-05-01 00:00:00 UTC,374,1192,412397856,2.6123611111111114
2014-05-01 00:00:00 UTC,374,1222,800031539,3.8280555555555553
2014-05-01 00:00:00 UTC,374,1221,800031539,2.094583333333333
2014-05-01 00:00:00 UTC,374,-396,224114750,0.79680555555555554
2014-05-01 00:00:00 UTC,374,-395,224114750,1.6588888888888889
2014-05-01 00:00:00 UTC,374,106,247301700,1.4
2014-05-01 00:00:00 UTC,374,-457,224253000,1.8448611111111113
2014-05-01 00:00:00 UTC,374,-455,224253000,2.2216666666666667
2014-05-01 00:00:00 UTC,374,-1231,367566960,8.0009722222222219
2014-05-01 00:00:00 UTC,374,1191,412320388,0.26944444444444443
2014-05-01 00:00:00 UTC,374,-91,263402890,2.4172222222222226
2014-05-01 00:00:00 UTC,374,1192,412320397,11.199583333333333
2014-05-01 00:00:00 UTC,374,267,237370000,1.0115277777777778
2014-05-01 00:00:00 UTC,374,266,237370000,0.42805555555555552
2014-05-01 00:00:00 UTC,374,-511,224052370,3.1477777777777778
2014-05-01 00:00:00 UTC,374,-512,224052370,0.77041666666666675
2014-05-01 00:00:00 UTC,374,124,247145370,0.93319444444444455
2014-05-01 00:00:00 UTC,374,-514,224020890,1.9972222222222222
2014-05-01 00:00:00 UTC,374,-387,224116380,3.1848611111111111
2014-05-01 00:00:00 UTC,374,1191,412326565,1.7331944444444445
2014-05-01 00:00:00 UTC,374,1192,412326565,10.097222222222223
2014-05-01 00:00:00 UTC,374,257,237699000,1.2079166666666667
2014-05-01 00:00:00 UTC,374,258,237699000,1.4945833333333334
2014-05-01 00:00:00 UTC,374,256,237699000,1.0534722222222221
2014-05-01 00:00:00 UTC,374,-90,263410880,2.7511111111111113
2014-05-01 00:00:00 UTC,374,1215,800016325,1.4175
2014-05-01 00:00:00 UTC,374,121,247142610,0.80027777777777787
2014-05-01 00:00:00 UTC,374,1192,412213716,6.3075
2014-05-01 00:00:00 UTC,374,251,237654000,11.438472222222224
2014-05-01 00:00:00 UTC,374,-1232,367331060,0.55
2014-05-01 00:00:00 UTC,374,-1233,367331060,1.0952777777777778
2014-05-01 00:00:00 UTC,374,1192,800030715,1.1808333333333332
2014-05-01 00:00:00 UTC,374,1191,800030715,13.309027777777777
2014-05-01 00:00:00 UTC,630,-246,251156000,6.3611111111111107
2014-05-01 00:00:00 UTC,630,56,259421000,0.31694444444444447
2014-05-01 00:00:00 UTC,630,-251,251062110,6.1901388888888889
2014-05-01 00:00:00 UTC,630,-238,251129000,1.6423611111111112
2014-05-01 00:00:00 UTC,630,64,257767390,2.9787500000000002
2014-05-01 00:00:00 UTC,630,63,257767390,2.0931944444444444
2014-05-01 00:00:00 UTC,630,62,257767390,1.3108333333333335
2014-05-01 00:00:00 UTC,-394,-505,224913000,11.710972222222223
2014-05-01 00:00:00 UTC,-138,-1307,412420867,1.8819444444444444
2014-05-01 00:00:00 UTC,-138,-1344,412420874,4.1625
2014-05-01 00:00:00 UTC,-138,-1297,412400154,0.92013888888888884
2014-05-01 00:00:00 UTC,-138,-1298,412400154,0.91125
2014-05-01 00:00:00 UTC,-138,-1317,412420901,7.95125
2014-05-01 00:00:00 UTC,-138,-1308,412420811,0.85416666666666663
2014-05-01 00:00:00 UTC,-138,-1307,412420811,4.2181944444444452
2014-05-01 00:00:00 UTC,-138,-1311,412420811,2.7920833333333333
2014-05-01 00:00:00 UTC,-138,-1310,412420811,1.2040277777777777
2014-05-01 00:00:00 UTC,-138,-1309,412420811,2.0497222222222224
2014-05-01 00:00:00 UTC,-138,-250,224140000,3.7054166666666664
2014-05-01 00:00:00 UTC,-138,-1311,412420849,5.3784722222222214
2014-05-01 00:00:00 UTC,-138,-1319,412420851,2.8241666666666667
2014-05-01 00:00:00 UTC,119,-1181,412440237,5.3129166666666663
2014-05-01 00:00:00 UTC,375,242,237930000,0.96375
2014-05-01 00:00:00 UTC,375,130,247140370,0.11569444444444445
2014-05-01 00:00:00 UTC,375,1221,123456787,1.6144444444444443
2014-05-01 00:00:00 UTC,375,1220,123456787,1.6775
2014-05-01 00:00:00 UTC,375,238,237599000,8.7866666666666688
2014-05-01 00:00:00 UTC,375,237,237599000,1.7956944444444447
2014-05-01 00:00:00 UTC,375,236,237599000,3.7140277777777779
2014-05-01 00:00:00 UTC,375,1222,412214554,0.32583333333333331
2014-05-01 00:00:00 UTC,375,1220,412333344,5.8763888888888882
2014-05-01 00:00:00 UTC,375,1219,412325166,0.25097222222222226
2014-05-01 00:00:00 UTC,375,1220,412325166,2.3840277777777779
2014-05-01 00:00:00 UTC,375,1221,412325166,1.9081944444444447
2014-05-01 00:00:00 UTC,375,1222,800024367,1.3238888888888889
2014-05-01 00:00:00 UTC,375,1221,800031539,3.0447222222222221
2014-05-01 00:00:00 UTC,375,116,247142460,2.6744444444444451
2014-05-01 00:00:00 UTC,375,-395,224114750,2.1563888888888889
2014-05-01 00:00:00 UTC,375,1222,412214335,8.7402777777777754
2014-05-01 00:00:00 UTC,375,127,247140930,0.38819444444444445
2014-05-01 00:00:00 UTC,375,106,247301700,4.0380555555555553
2014-05-01 00:00:00 UTC,375,107,247301700,5.1706944444444449
2014-05-01 00:00:00 UTC,375,108,247301700,12.016388888888889
2014-05-01 00:00:00 UTC,375,-457,224253000,2.9775
2014-05-01 00:00:00 UTC,375,1220,412345672,1.7402777777777778
2014-05-01 00:00:00 UTC,375,1221,412345672,2.0641666666666669
2014-05-01 00:00:00 UTC,375,1221,412214351,4.415
2014-05-01 00:00:00 UTC,375,130,247147350,7.5626388888888894
2014-05-01 00:00:00 UTC,375,1221,800024414,1.1944444444444444
2014-05-01 00:00:00 UTC,375,1221,412214368,0.80111111111111111
2014-05-01 00:00:00 UTC,375,1221,412025708,3.5008333333333335
2014-05-01 00:00:00 UTC,375,-1231,367566960,2.4730555555555553
2014-05-01 00:00:00 UTC,375,-1230,338141808,2.818888888888889
2014-05-01 00:00:00 UTC,375,1221,412213872,6.8661111111111115
2014-05-01 00:00:00 UTC,375,1221,800031353,7.9072222222222219
2014-05-01 00:00:00 UTC,375,1224,412897658,0.5838888888888889
2014-05-01 00:00:00 UTC,375,1225,412897658,4.1536111111111111
2014-05-01 00:00:00 UTC,375,1221,412213888,5.8205555555555559
2014-05-01 00:00:00 UTC,375,234,239173000,1.8190277777777777
2014-05-01 00:00:00 UTC,375,-91,263402890,0.665
2014-05-01 00:00:00 UTC,375,-513,224020890,5.5362500000000008
2014-05-01 00:00:00 UTC,375,-387,224116380,1.9065277777777778
2014-05-01 00:00:00 UTC,375,-382,224116380,4.537638888888889
2014-05-01 00:00:00 UTC,375,-386,224116380,2.5320833333333335
2014-05-01 00:00:00 UTC,375,1221,412214686,5.6240277777777772
2014-05-01 00:00:00 UTC,375,1221,412326047,0.38027777777777777
2014-05-01 00:00:00 UTC,375,1221,412376227,1.0031944444444445
2014-05-01 00:00:00 UTC,375,1220,412328619,1.9141666666666666
2014-05-01 00:00:00 UTC,375,1221,412328619,2.0847222222222221
2014-05-01 00:00:00 UTC,375,1220,412328623,5.0980555555555558
2014-05-01 00:00:00 UTC,375,1221,412328623,1.2136111111111112
2014-05-01 00:00:00 UTC,375,1221,412214707,2.6254166666666672
2014-05-01 00:00:00 UTC,375,1220,412200638,0.77916666666666667
2014-05-01 00:00:00 UTC,375,1221,412200638,3.5300000000000002
2014-05-01 00:00:00 UTC,375,-90,263410880,2.9072222222222219
2014-05-01 00:00:00 UTC,375,1224,412327617,2.0494444444444446
2014-05-01 00:00:00 UTC,375,126,247147460,10.970833333333333
2014-05-01 00:00:00 UTC,375,127,247147460,11.634305555555555
2014-05-01 00:00:00 UTC,375,1214,800016325,3.1725000000000003
2014-05-01 00:00:00 UTC,375,1215,800016325,0.22430555555555556
2014-05-01 00:00:00 UTC,375,121,247142610,0.97513888888888889
2014-05-01 00:00:00 UTC,375,1221,412214747,2.4356944444444446
2014-05-01 00:00:00 UTC,375,1222,412214237,8.198888888888888
2014-05-01 00:00:00 UTC,375,1224,412213732,0.18819444444444444
2014-05-01 00:00:00 UTC,375,1221,412070118,0.2338888888888889
2014-05-01 00:00:00 UTC,375,-1233,367331060,0.41305555555555556
2014-05-01 00:00:00 UTC,375,-1232,367331060,0.58611111111111114
2014-05-01 00:00:00 UTC,375,1214,412323828,0.21694444444444444
2014-05-01 00:00:00 UTC,375,1220,412327668,0.32444444444444442
2014-05-01 00:00:00 UTC,375,1218,412327668,0.32666666666666666
2014-05-01 00:00:00 UTC,375,1222,413011189,6.4112500000000008
2014-05-01 00:00:00 UTC,375,1221,412213749,1.2501388888888891
2014-05-01 00:00:00 UTC,631,-252,251182110,6.1708333333333334
2014-05-01 00:00:00 UTC,631,-243,251156000,1.5144444444444445
2014-05-01 00:00:00 UTC,631,54,258526000,2.5772222222222223
2014-05-01 00:00:00 UTC,631,53,258526000,6.4234722222222231
2014-05-01 00:00:00 UTC,631,54,259421000,4.33236111111111
2014-05-01 00:00:00 UTC,631,-252,251062110,1.4915277777777778
2014-05-01 00:00:00 UTC,631,-253,251062110,0.65958333333333341
2014-05-01 00:00:00 UTC,631,-245,251136110,8.7519444444444439
2014-05-01 00:00:00 UTC,631,-246,251136110,0.7649999999999999
2014-05-01 00:00:00 UTC,631,-178,251790000,3.8858333333333333
2014-05-01 00:00:00 UTC,631,61,257767390,6.3848611111111122
2014-05-01 00:00:00 UTC,631,62,257767390,1.3130555555555559
2014-05-01 00:00:00 UTC,-393,-562,770576062,2.2334722222222223
2014-05-01 00:00:00 UTC,-393,-562,701000902,2.2586111111111111
2014-05-01 00:00:00 UTC,-393,-737,725000690,2.501527777777778
2014-05-01 00:00:00 UTC,-137,-1300,412400154,1.4320833333333334
2014-05-01 00:00:00 UTC,-137,-1303,412400154,4.7005555555555558
2014-05-01 00:00:00 UTC,-137,-1302,412400154,0.90750000000000008
2014-05-01 00:00:00 UTC,-137,468,431838000,1.3263888888888888
2014-05-01 00:00:00 UTC,-137,472,431838000,1.9861111111111112
2014-05-01 00:00:00 UTC,-137,470,431838000,0.93208333333333337
2014-05-01 00:00:00 UTC,-137,-1334,412420792,5.8698611111111108
2014-05-01 00:00:00 UTC,-137,-1349,412460015,1.8441666666666667
2014-05-01 00:00:00 UTC,-137,-1348,412460015,1.9944444444444442
2014-05-01 00:00:00 UTC,-137,-1310,412420852,2.0918055555555557
2014-05-01 00:00:00 UTC,120,-282,431100790,5.8331944444444446
2014-05-01 00:00:00 UTC,120,-1235,412440009,5.4825
2014-05-01 00:00:00 UTC,376,107,247143430,8.6080555555555556
2014-05-01 00:00:00 UTC,376,1215,412323849,0.18430555555555556
2014-05-01 00:00:00 UTC,376,1214,412323849,5.6811111111111092
2014-05-01 00:00:00 UTC,376,1215,412324106,3.0320833333333339
2014-05-01 00:00:00 UTC,376,1214,412324106,3.1090277777777775
2014-05-01 00:00:00 UTC,376,1213,412324106,0.25569444444444445
2014-05-01 00:00:00 UTC,376,1216,412324106,1.6619444444444442
2014-05-01 00:00:00 UTC,376,1212,412324109,3.9225000000000003
2014-05-01 00:00:00 UTC,376,1211,412324109,19.64597222222222
2014-05-01 00:00:00 UTC,376,243,237930000,0.38458333333333333
2014-05-01 00:00:00 UTC,376,242,237930000,1.5666666666666664
2014-05-01 00:00:00 UTC,376,1197,412323603,6.2038888888888888
2014-05-01 00:00:00 UTC,376,1211,412324115,4.1995833333333339
2014-05-01 00:00:00 UTC,376,1212,412324115,3.7204166666666665
2014-05-01 00:00:00 UTC,376,1203,412323862,0.12555555555555556
2014-05-01 00:00:00 UTC,376,1212,412324119,0.295
2014-05-01 00:00:00 UTC,376,1213,412324119,2.7927777777777774
2014-05-01 00:00:00 UTC,376,1215,412324119,0.37083333333333335
2014-05-01 00:00:00 UTC,376,1214,412324119,2.9801388888888884
2014-05-01 00:00:00 UTC,376,1215,413001751,3.8024999999999998
2014-05-01 00:00:00 UTC,376,1214,413001751,4.1679166666666667
2014-05-01 00:00:00 UTC,376,1213,413001751,0.63763888888888887
2014-05-01 00:00:00 UTC,376,1202,412284184,3.4048611111111113
2014-05-01 00:00:00 UTC,376,1222,412214554,0.79388888888888887
2014-05-01 00:00:00 UTC,376,1214,412323867,0.20347222222222222
2014-05-01 00:00:00 UTC,376,1213,412324124,0.36555555555555558
2014-05-01 00:00:00 UTC,376,1215,412324124,2.5906944444444444
2014-05-01 00:00:00 UTC,376,1214,412324124,3.357361111111111
2014-05-01 00:00:00 UTC,376,1216,412324124,1.6265277777777778
2014-05-01 00:00:00 UTC,376,-94,263422240,3.445
2014-05-01 00:00:00 UTC,376,-93,263422240,0.90277777777777779
2014-05-01 00:00:00 UTC,376,1214,412324129,2.6695833333333336
2014-05-01 00:00:00 UTC,376,1215,412324129,1.38625
2014-05-01 00:00:00 UTC,376,1213,412324129,2.5725000000000002
2014-05-01 00:00:00 UTC,376,1213,412324897,0.60625000000000007
2014-05-01 00:00:00 UTC,376,1214,412324897,1.65625
2014-05-01 00:00:00 UTC,376,1215,412320805,0.78416666666666679
2014-05-01 00:00:00 UTC,376,1214,412320805,0.97472222222222227
2014-05-01 00:00:00 UTC,376,1215,412324134,1.8991666666666669
2014-05-01 00:00:00 UTC,376,1213,412324134,1.5794444444444444
2014-05-01 00:00:00 UTC,376,1214,412324134,3.2234722222222225
2014-05-01 00:00:00 UTC,376,1212,412324134,0.26319444444444445
2014-05-01 00:00:00 UTC,376,1213,412324135,1.4152777777777779
2014-05-01 00:00:00 UTC,376,1214,412324135,2.8416666666666668
2014-05-01 00:00:00 UTC,376,1212,412324135,0.21277777777777779
2014-05-01 00:00:00 UTC,376,1215,412324135,1.7895833333333331
2014-05-01 00:00:00 UTC,376,1215,412324136,1.8034722222222221
2014-05-01 00:00:00 UTC,376,1214,412324136,3.0043055555555553
2014-05-01 00:00:00 UTC,376,1213,412324136,2.0788888888888888
2014-05-01 00:00:00 UTC,376,1212,412324136,6.4211111111111112
2014-05-01 00:00:00 UTC,376,1215,412324137,1.7924999999999998
2014-05-01 00:00:00 UTC,376,1214,412324137,2.8570833333333336
2014-05-01 00:00:00 UTC,376,1213,412324137,1.7377777777777779
2014-05-01 00:00:00 UTC,376,1214,412324141,2.5343055555555556
2014-05-01 00:00:00 UTC,376,1213,412324141,1.6241666666666665
2014-05-01 00:00:00 UTC,376,1221,412325166,1.8923611111111109
2014-05-01 00:00:00 UTC,376,1221,800024367,1.6283333333333334
2014-05-01 00:00:00 UTC,376,1222,800024367,3.9229166666666679
2014-05-01 00:00:00 UTC,376,1221,800004659,4.5477777777777781
2014-05-01 00:00:00 UTC,376,1222,800004659,1.7630555555555558
2014-05-01 00:00:00 UTC,376,1213,412323123,2.4166666666666665
2014-05-01 00:00:00 UTC,376,1214,412323123,1.6418055555555551
2014-05-01 00:00:00 UTC,376,1223,110700852,19.473055555555554
2014-05-01 00:00:00 UTC,376,1214,412324152,2.2311111111111113
2014-05-01 00:00:00 UTC,376,1212,412324152,0.7055555555555556
2014-05-01 00:00:00 UTC,376,1213,412324152,1.4384722222222222
2014-05-01 00:00:00 UTC,376,-396,224114750,1.8927777777777779
2014-05-01 00:00:00 UTC,376,1222,412214335,3.2380555555555555
2014-05-01 00:00:00 UTC,376,1215,413002303,0.8651388888888889
2014-05-01 00:00:00 UTC,376,1214,413002303,6.16486111111111
2014-05-01 00:00:00 UTC,376,1213,413002303,4.5823611111111111
2014-05-01 00:00:00 UTC,376,1214,412324165,1.4552777777777779
2014-05-01 00:00:00 UTC,376,1216,412324165,0.44180555555555556
2014-05-01 00:00:00 UTC,376,1215,412324165,1.9077777777777776
2014-05-01 00:00:00 UTC,376,1213,412324165,9.5120833333333348
2014-05-01 00:00:00 UTC,376,1213,412324166,0.68305555555555553
2014-05-01 00:00:00 UTC,376,1215,412324166,3.1193055555555551
2014-05-01 00:00:00 UTC,376,1214,412324166,1.4033333333333335
2014-05-01 00:00:00 UTC,376,1216,412324166,0.49555555555555558
2014-05-01 00:00:00 UTC,376,1218,412200519,2.0616666666666665
2014-05-01 00:00:00 UTC,376,1217,412200519,2.4338888888888888
2014-05-01 00:00:00 UTC,376,-457,224253000,2.4673611111111113
2014-05-01 00:00:00 UTC,376,-456,224253000,0.866111111111111
2014-05-01 00:00:00 UTC,376,1220,412345672,0.31361111111111112
2014-05-01 00:00:00 UTC,376,1221,412345672,1.9787499999999998
2014-05-01 00:00:00 UTC,376,1222,412325711,17.724583333333328
2014-05-01 00:00:00 UTC,376,1221,412214351,7.2075
2014-05-01 00:00:00 UTC,376,1211,412324176,0.22111111111111109
2014-05-01 00:00:00 UTC,376,1223,800025684,3.2127777777777777
2014-05-01 00:00:00 UTC,376,1222,800025684,5.279583333333334
2014-05-01 00:00:00 UTC,376,1215,412324181,2.1031944444444441
2014-05-01 00:00:00 UTC,376,1213,412324181,0.69597222222222221
2014-05-01 00:00:00 UTC,376,1214,412324181,3.5466666666666669
2014-05-01 00:00:00 UTC,376,1213,412324182,0.73833333333333329
2014-05-01 00:00:00 UTC,376,1214,412324182,2.9154166666666677
2014-05-01 00:00:00 UTC,376,1215,412324182,2.1540277777777779
2014-05-01 00:00:00 UTC,376,1215,412324183,0.696388888888889
2014-05-01 00:00:00 UTC,376,1213,412324183,2.4330555555555553
2014-05-01 00:00:00 UTC,376,1214,412324183,2.6199999999999997
2014-05-01 00:00:00 UTC,376,-93,204263000,4.1426388888888885
2014-05-01 00:00:00 UTC,376,1222,412214617,3.9418055555555553
2014-05-01 00:00:00 UTC,376,1223,412214617,4.4031944444444449
2014-05-01 00:00:00 UTC,376,1214,412324187,3.165972222222222
2014-05-01 00:00:00 UTC,376,1215,412324187,0.33819444444444446
2014-05-01 00:00:00 UTC,376,1213,412324187,2.2186111111111115
2014-05-01 00:00:00 UTC,376,1220,800024414,0.67291666666666672
2014-05-01 00:00:00 UTC,376,1221,800024414,3.089722222222222
2014-05-01 00:00:00 UTC,376,1223,800024414,1.1995833333333334
2014-05-01 00:00:00 UTC,376,1222,800024414,2.1054166666666667
2014-05-01 00:00:00 UTC,376,1217,800019299,0.33499999999999996
2014-05-01 00:00:00 UTC,376,1213,412324197,1.5897222222222223
2014-05-01 00:00:00 UTC,376,1215,412324197,1.7715277777777778
2014-05-01 00:00:00 UTC,376,1214,412324197,2.8100000000000005
2014-05-01 00:00:00 UTC,376,1216,412323688,1.1183333333333332
2014-05-01 00:00:00 UTC,376,1222,412327784,2.6525000000000003
2014-05-01 00:00:00 UTC,376,1221,412327784,6.0327777777777793
2014-05-01 00:00:00 UTC,376,1214,1130,2.3402777777777777
2014-05-01 00:00:00 UTC,376,1213,1130,1.3059722222222221
2014-05-01 00:00:00 UTC,376,1215,1130,0.34638888888888891
2014-05-01 00:00:00 UTC,376,1221,412025708,11.435833333333335
2014-05-01 00:00:00 UTC,376,1199,412324716,0.46180555555555558
2014-05-01 00:00:00 UTC,376,-1230,338141808,0.64513888888888893
2014-05-01 00:00:00 UTC,376,-1231,338141808,2.2911111111111109
2014-05-01 00:00:00 UTC,376,1221,412213872,4.4286111111111106
2014-05-01 00:00:00 UTC,376,1213,412324209,1.5826388888888889
2014-05-01 00:00:00 UTC,376,1214,412324209,4.9625
2014-05-01 00:00:00 UTC,376,1215,412324209,0.50513888888888892
2014-05-01 00:00:00 UTC,376,1198,412283505,4.0593055555555555
2014-05-01 00:00:00 UTC,376,1214,412324211,4.2895833333333337
2014-05-01 00:00:00 UTC,376,1215,412324211,0.49902777777777779
2014-05-01 00:00:00 UTC,376,1213,412324211,1.99875
2014-05-01 00:00:00 UTC,376,1220,800031353,0.32652777777777781
2014-05-01 00:00:00 UTC,376,1224,412897658,3.1220833333333333
2014-05-01 00:00:00 UTC,376,1215,2685,3.2856944444444447
2014-05-01 00:00:00 UTC,376,1214,2685,2.1790277777777778
2014-05-01 00:00:00 UTC,376,1213,2685,0.86875
2014-05-01 00:00:00 UTC,376,1214,2686,2.8166666666666664
2014-05-01 00:00:00 UTC,376,1216,2686,0.79875000000000007
2014-05-01 00:00:00 UTC,376,1213,2686,1.5619444444444444
2014-05-01 00:00:00 UTC,376,1215,2686,2.32625
2014-05-01 00:00:00 UTC,376,1220,412054398,2.4419444444444447
2014-05-01 00:00:00 UTC,376,1221,412213888,5.7986111111111107
2014-05-01 00:00:00 UTC,376,1223,412325763,19.514722222222225
2014-05-01 00:00:00 UTC,376,1214,412324228,2.6265277777777771
2014-05-01 00:00:00 UTC,376,1215,412324228,2.3554166666666663
2014-05-01 00:00:00 UTC,376,1216,412324228,0.83625
2014-05-01 00:00:00 UTC,376,1213,412324228,0.45111111111111113
2014-05-01 00:00:00 UTC,376,1213,412323977,1.13875
2014-05-01 00:00:00 UTC,376,1222,412070028,4.4722222222222214
2014-05-01 00:00:00 UTC,376,1223,412070028,2.4426388888888888
2014-05-01 00:00:00 UTC,376,1213,2959,0.21666666666666667
2014-05-01 00:00:00 UTC,376,1214,2959,3.1497222222222221
2014-05-01 00:00:00 UTC,376,1215,2959,1.0251388888888888
2014-05-01 00:00:00 UTC,376,1198,412286609,0.47805555555555557
2014-05-01 00:00:00 UTC,376,1223,900935058,14.174583333333334
2014-05-01 00:00:00 UTC,376,-509,224052370,5.2445833333333329
2014-05-01 00:00:00 UTC,376,1213,412320404,1.4634722222222221
2014-05-01 00:00:00 UTC,376,1215,412320404,2.8763888888888887
2014-05-01 00:00:00 UTC,376,1214,412320404,2.5299999999999994
2014-05-01 00:00:00 UTC,376,-512,224020890,3.6806944444444443
2014-05-01 00:00:00 UTC,376,1198,412286618,1.3758333333333332
2014-05-01 00:00:00 UTC,376,-383,224116380,3.5456944444444445
2014-05-01 00:00:00 UTC,376,1221,412214686,7.5413888888888883
2014-05-01 00:00:00 UTC,376,1220,412214183,5.1493055555555554
2014-05-01 00:00:00 UTC,376,1217,412323752,0.33263888888888893
2014-05-01 00:00:00 UTC,376,107,247158700,8.36486111111111
2014-05-01 00:00:00 UTC,376,1223,412676780,0.54861111111111116
2014-05-01 00:00:00 UTC,376,1224,412676780,1.8909722222222223
2014-05-01 00:00:00 UTC,376,1215,9022642,1.2666666666666666
2014-05-01 00:00:00 UTC,376,1214,9022642,2.88125
2014-05-01 00:00:00 UTC,376,1213,9022642,1.0575
2014-05-01 00:00:00 UTC,376,1216,414001075,1.5493055555555557
2014-05-01 00:00:00 UTC,376,1214,414001075,2.6227777777777779
2014-05-01 00:00:00 UTC,376,1215,414001075,2.8913888888888888
2014-05-01 00:00:00 UTC,376,1221,412214707,4.4184722222222215
2014-05-01 00:00:00 UTC,376,1215,800012470,0.44652777777777775
2014-05-01 00:00:00 UTC,376,-1231,367509430,2.0293055555555557
2014-05-01 00:00:00 UTC,376,1223,800035768,10.521944444444447
2014-05-01 00:00:00 UTC,376,1224,800035768,4.77361111111111
2014-05-01 00:00:00 UTC,376,1214,412328888,0.41430555555555548
2014-05-01 00:00:00 UTC,376,1221,412200638,1.4870833333333333
2014-05-01 00:00:00 UTC,376,-90,263410880,0.62027777777777782
2014-05-01 00:00:00 UTC,376,1222,412686020,2.816527777777778
2014-05-01 00:00:00 UTC,376,-413,224173000,3.0900000000000003
2014-05-01 00:00:00 UTC,376,1213,412324041,1.9156944444444444
2014-05-01 00:00:00 UTC,376,1214,412324041,2.8294444444444444
2014-05-01 00:00:00 UTC,376,1213,412328651,2.4486111111111115
2014-05-01 00:00:00 UTC,376,1214,412328651,2.8826388888888888
2014-05-01 00:00:00 UTC,376,1215,412328651,0.37541666666666668
2014-05-01 00:00:00 UTC,376,1219,412802510,1.22875
2014-05-01 00:00:00 UTC,376,1216,412802510,0.38027777777777777
2014-05-01 00:00:00 UTC,376,1215,412324051,1.224722222222222
2014-05-01 00:00:00 UTC,376,1214,412324051,2.7199999999999998
2014-05-01 00:00:00 UTC,376,1213,412324051,2.0718055555555557
2014-05-01 00:00:00 UTC,376,1212,412324051,0.14125
2014-05-01 00:00:00 UTC,376,1221,412214747,4.8112499999999994
2014-05-01 00:00:00 UTC,376,1222,412214237,11.402500000000002
2014-05-01 00:00:00 UTC,376,119,247080670,1.2001388888888889
2014-05-01 00:00:00 UTC,376,1224,412202978,17.773333333333333
2014-05-01 00:00:00 UTC,376,1215,412324067,1.2144444444444444
2014-05-01 00:00:00 UTC,376,1212,412324067,0.21902777777777777
2014-05-01 00:00:00 UTC,376,1214,412324067,2.9004166666666662
2014-05-01 00:00:00 UTC,376,1213,412324067,2.4347222222222227
2014-05-01 00:00:00 UTC,376,1213,412324076,1.7041666666666666
2014-05-01 00:00:00 UTC,376,1212,412324076,0.49236111111111114
2014-05-01 00:00:00 UTC,376,1214,412324076,2.4837500000000006
2014-05-01 00:00:00 UTC,376,1215,412324076,0.49958333333333332
2014-05-01 00:00:00 UTC,376,1214,412324078,2.8294444444444449
2014-05-01 00:00:00 UTC,376,1215,412324078,2.2754166666666671
2014-05-01 00:00:00 UTC,376,1213,412324078,1.0054166666666666
2014-05-01 00:00:00 UTC,376,1216,412324078,0.10111111111111111
2014-05-01 00:00:00 UTC,376,1214,412326129,1.695138888888889
2014-05-01 00:00:00 UTC,376,1213,412326129,0.87916666666666665
2014-05-01 00:00:00 UTC,376,-1233,367331060,0.2565277777777778
2014-05-01 00:00:00 UTC,376,-1234,367331060,0.21555555555555556
2014-05-01 00:00:00 UTC,376,-1232,367331060,3.7220833333333339
2014-05-01 00:00:00 UTC,376,1215,412323828,0.53694444444444445
2014-05-01 00:00:00 UTC,376,1214,412323828,1.0620833333333333
2014-05-01 00:00:00 UTC,376,1219,412327668,4.5862500000000006
2014-05-01 00:00:00 UTC,376,1221,412327668,0.27902777777777776
2014-05-01 00:00:00 UTC,376,1220,412327668,5.2651388888888881
2014-05-01 00:00:00 UTC,376,1221,412327669,2.3977777777777778
2014-05-01 00:00:00 UTC,376,1220,412327669,9.2261111111111109
2014-05-01 00:00:00 UTC,376,1221,412213749,3.4877777777777772
2014-05-01 00:00:00 UTC,376,1223,412041721,14.480416666666667
2014-05-01 00:00:00 UTC,376,1213,412324095,1.3824999999999998
2014-05-01 00:00:00 UTC,376,1212,412324095,0.3338888888888889
2014-05-01 00:00:00 UTC,376,1214,412324095,3.217916666666667
2014-05-01 00:00:00 UTC,376,1215,412324095,3.0131944444444438
2014-05-01 00:00:00 UTC,376,1216,412324095,0.99069444444444443
2014-05-01 00:00:00 UTC,632,-254,251182110,1.7306944444444445
2014-05-01 00:00:00 UTC,632,-242,251156000,1.5413888888888889
2014-05-01 00:00:00 UTC,632,-243,251156000,1.72
2014-05-01 00:00:00 UTC,632,-233,251160110,3.1866666666666665
2014-05-01 00:00:00 UTC,632,-232,251160110,1.745972222222222
2014-05-01 00:00:00 UTC,632,-234,251160110,1.5291666666666668
2014-05-01 00:00:00 UTC,632,-235,251160110,2.2859722222222221
2014-05-01 00:00:00 UTC,632,50,259166000,1.5151388888888888
2014-05-01 00:00:00 UTC,632,51,259166000,3.2231944444444443
2014-05-01 00:00:00 UTC,632,53,258526000,1.7000000000000002
2014-05-01 00:00:00 UTC,632,55,259421000,1.01375
2014-05-01 00:00:00 UTC,632,54,259421000,4.940138888888888
2014-05-01 00:00:00 UTC,632,71,257149000,7.1352777777777767
2014-05-01 00:00:00 UTC,632,72,257149000,0.29180555555555554
2014-05-01 00:00:00 UTC,632,-255,251062110,1.6105555555555555
2014-05-01 00:00:00 UTC,632,-254,251062110,0.8058333333333334
2014-05-01 00:00:00 UTC,632,-253,251062110,0.13069444444444445
2014-05-01 00:00:00 UTC,632,-191,251211110,1.6579166666666665
2014-05-01 00:00:00 UTC,632,-190,251211110,4.5975
2014-05-01 00:00:00 UTC,632,-245,251136110,2.2709722222222224
2014-05-01 00:00:00 UTC,632,-247,251136110,6.1611111111111114
2014-05-01 00:00:00 UTC,632,-248,251136110,1.5544444444444445
2014-05-01 00:00:00 UTC,632,-244,251136110,3.1394444444444449
2014-05-01 00:00:00 UTC,632,55,259258000,0.21527777777777779
2014-05-01 00:00:00 UTC,632,-167,251790000,8.6533333333333324
2014-05-01 00:00:00 UTC,632,-169,251790000,0.8684722222222222
2014-05-01 00:00:00 UTC,632,-170,251790000,0.45958333333333334
2014-05-01 00:00:00 UTC,632,73,257536700,3.7191666666666667
2014-05-01 00:00:00 UTC,632,71,257536700,13.621805555555561
2014-05-01 00:00:00 UTC,632,61,257767390,0.42861111111111111
2014-05-01 00:00:00 UTC,-392,630,416002876,3.0295833333333331
2014-05-01 00:00:00 UTC,-392,632,416002885,6.198611111111112
2014-05-01 00:00:00 UTC,-392,-561,770576062,7.0626388888888894
2014-05-01 00:00:00 UTC,-392,-562,701000902,9.6408333333333314
2014-05-01 00:00:00 UTC,-392,-561,701000902,0.78055555555555556
2014-05-01 00:00:00 UTC,-136,-1341,412420874,5.4025
2014-05-01 00:00:00 UTC,-136,468,431838000,1.7858333333333334
2014-05-01 00:00:00 UTC,-136,469,431838000,1.9431944444444444
2014-05-01 00:00:00 UTC,-136,471,431838000,1.5819444444444444
2014-05-01 00:00:00 UTC,-136,470,431838000,0.036111111111111108
2014-05-01 00:00:00 UTC,-136,-1334,412420792,1.7359722222222218
2014-05-01 00:00:00 UTC,-136,-1348,412460014,4.6379166666666674
2014-05-01 00:00:00 UTC,-136,-1314,412420852,5.1459722222222224
2014-05-01 00:00:00 UTC,-136,-1329,412695550,5.8586111111111112
2014-05-01 00:00:00 UTC,377,1215,412323849,0.46986111111111106
2014-05-01 00:00:00 UTC,377,1214,412323849,10.501805555555555
2014-05-01 00:00:00 UTC,377,1213,412323849,3.3420833333333335
2014-05-01 00:00:00 UTC,377,1201,800006666,1.6491666666666667
2014-05-01 00:00:00 UTC,377,1202,800006666,1.7534722222222221
2014-05-01 00:00:00 UTC,377,1221,412214797,20.213333333333335
2014-05-01 00:00:00 UTC,377,244,237930000,4.322916666666667
2014-05-01 00:00:00 UTC,377,242,237930000,0.57597222222222222
2014-05-01 00:00:00 UTC,377,243,237930000,1.5084722222222222
2014-05-01 00:00:00 UTC,377,1198,412323603,0.65027777777777773
2014-05-01 00:00:00 UTC,377,1212,412324119,0.3338888888888889
2014-05-01 00:00:00 UTC,377,1213,412323867,9.5104166666666661
2014-05-01 00:00:00 UTC,377,1214,412323867,11.043750000000001
2014-05-01 00:00:00 UTC,377,1202,800011807,3.2654166666666669
2014-05-01 00:00:00 UTC,377,-94,263422240,1.6195833333333336
2014-05-01 00:00:00 UTC,377,1213,412324133,5.5155555555555553
2014-05-01 00:00:00 UTC,377,1214,412324133,5.1254166666666663
2014-05-01 00:00:00 UTC,377,1214,412324141,0.88527777777777783
2014-05-01 00:00:00 UTC,377,1213,412324141,0.7875
2014-05-01 00:00:00 UTC,377,1213,413100851,3.3323611111111111
2014-05-01 00:00:00 UTC,377,1212,413100851,0.21041666666666667
2014-05-01 00:00:00 UTC,377,1214,412323123,1.3620833333333335
2014-05-01 00:00:00 UTC,377,1212,412323123,0.55388888888888888
2014-05-01 00:00:00 UTC,377,1213,412323123,1.2652777777777777
2014-05-01 00:00:00 UTC,377,1212,412324152,1.1293055555555556
2014-05-01 00:00:00 UTC,377,-395,224114750,2.5875
2014-05-01 00:00:00 UTC,377,1213,413002303,6.71763888888889
2014-05-01 00:00:00 UTC,377,1214,413002303,3.2087500000000011
2014-05-01 00:00:00 UTC,377,1217,412200519,0.40041666666666664
2014-05-01 00:00:00 UTC,377,1221,412098888,15.131805555555555
2014-05-01 00:00:00 UTC,377,1220,412214089,15.829027777777778
2014-05-01 00:00:00 UTC,377,1213,412211537,4.4690277777777778
2014-05-01 00:00:00 UTC,377,1212,412211537,10.584999999999999
2014-05-01 00:00:00 UTC,377,1201,412326482,2.3668055555555556
2014-05-01 00:00:00 UTC,377,1220,415091028,18.588055555555556
2014-05-01 00:00:00 UTC,377,1213,412324181,1.350138888888889
2014-05-01 00:00:00 UTC,377,1213,412324182,1.1425
2014-05-01 00:00:00 UTC,377,-93,204263000,1.3190277777777777
2014-05-01 00:00:00 UTC,377,1223,412214617,3.9770833333333337
2014-05-01 00:00:00 UTC,377,1213,412324187,0.31486111111111115
2014-05-01 00:00:00 UTC,377,1212,412324187,1.3526388888888887
2014-05-01 00:00:00 UTC,377,1213,412324192,1.3372222222222221
2014-05-01 00:00:00 UTC,377,1214,412324192,3.8022222222222215
2014-05-01 00:00:00 UTC,377,1214,412324193,3.9770833333333333
2014-05-01 00:00:00 UTC,377,1212,412324193,0.72097222222222224
2014-05-01 00:00:00 UTC,377,1213,412324193,2.0163888888888888
2014-05-01 00:00:00 UTC,377,1202,412326498,1.3002777777777776
2014-05-01 00:00:00 UTC,377,1213,1130,0.26194444444444442
2014-05-01 00:00:00 UTC,377,-1230,338141808,0.625
2014-05-01 00:00:00 UTC,377,-1231,338141808,1.1470833333333335
2014-05-01 00:00:00 UTC,377,1222,412214134,8.2898611111111116
2014-05-01 00:00:00 UTC,377,1212,413001593,13.22875
2014-05-01 00:00:00 UTC,377,1220,412214394,0.97805555555555557
2014-05-01 00:00:00 UTC,377,1219,412214394,4.8993055555555562
2014-05-01 00:00:00 UTC,377,1220,412054398,1.0486111111111112
2014-05-01 00:00:00 UTC,377,1221,412202878,2.1677777777777774
2014-05-01 00:00:00 UTC,377,245,237456000,0.57208333333333328
2014-05-01 00:00:00 UTC,377,244,237456000,3.4561111111111114
2014-05-01 00:00:00 UTC,377,1213,414003329,7.0249999999999995
2014-05-01 00:00:00 UTC,377,1214,414003329,5.0320833333333326
2014-05-01 00:00:00 UTC,377,1212,412323977,1.4352777777777779
2014-05-01 00:00:00 UTC,377,1213,412323977,7.8211111111111107
2014-05-01 00:00:00 UTC,377,1223,800001162,0.29708333333333331
2014-05-01 00:00:00 UTC,377,1222,800001162,17.360000000000003
2014-05-01 00:00:00 UTC,377,1199,412286609,1.2405555555555556
2014-05-01 00:00:00 UTC,377,1198,412286609,1.8111111111111109
2014-05-01 00:00:00 UTC,377,1223,900935058,7.1595833333333339
2014-05-01 00:00:00 UTC,377,-512,224020890,0.78458333333333341
2014-05-01 00:00:00 UTC,377,-511,224020890,2.3751388888888889
2014-05-01 00:00:00 UTC,377,1201,412327578,0.53222222222222226
2014-05-01 00:00:00 UTC,377,1199,412286618,1.8175000000000001
2014-05-01 00:00:00 UTC,377,1198,412286618,4.479166666666667
2014-05-01 00:00:00 UTC,377,1201,412326555,3.5225000000000004
2014-05-01 00:00:00 UTC,377,-381,224116380,7.6345833333333326
2014-05-01 00:00:00 UTC,377,1220,412214183,5.6
2014-05-01 00:00:00 UTC,377,108,247158700,0.53583333333333338
2014-05-01 00:00:00 UTC,377,1224,412676780,13.45875
2014-05-01 00:00:00 UTC,377,1215,800012470,18.86652777777778
2014-05-01 00:00:00 UTC,377,-1232,367509430,2.3391666666666664
2014-05-01 00:00:00 UTC,377,1219,412214711,8.47527777777778
2014-05-01 00:00:00 UTC,377,1220,412214711,0.72166666666666668
2014-05-01 00:00:00 UTC,377,212,237123000,0.12319444444444444
2014-05-01 00:00:00 UTC,377,1214,412328888,15.618055555555554
2014-05-01 00:00:00 UTC,377,1215,412328888,3.5038888888888886
2014-05-01 00:00:00 UTC,377,-415,224173000,3.0568055555555551
2014-05-01 00:00:00 UTC,377,242,240429000,1.7148611111111109
2014-05-01 00:00:00 UTC,377,243,240429000,0.86458333333333326
2014-05-01 00:00:00 UTC,377,1212,412324041,8.1394444444444431
2014-05-01 00:00:00 UTC,377,1213,412324041,0.5180555555555556
2014-05-01 00:00:00 UTC,377,1219,412802510,1.2904166666666665
2014-05-01 00:00:00 UTC,377,1217,412802510,4.7430555555555554
2014-05-01 00:00:00 UTC,377,1218,412802510,5.8649999999999993
2014-05-01 00:00:00 UTC,377,243,237506000,1.0680555555555555
2014-05-01 00:00:00 UTC,377,242,237506000,0.67222222222222228
2014-05-01 00:00:00 UTC,377,1221,412213977,2.8334722222222224
2014-05-01 00:00:00 UTC,377,1220,412213977,15.891388888888891
2014-05-01 00:00:00 UTC,377,1211,412324059,5.9240277777777779
2014-05-01 00:00:00 UTC,377,1212,412324059,8.6783333333333346
2014-05-01 00:00:00 UTC,377,1220,412213981,3.0012499999999998
2014-05-01 00:00:00 UTC,377,1219,412213981,4.7913888888888891
2014-05-01 00:00:00 UTC,377,1221,412214502,21.053888888888881
2014-05-01 00:00:00 UTC,377,243,237526000,0.60263888888888884
2014-05-01 00:00:00 UTC,377,242,237526000,0.97819444444444448
2014-05-01 00:00:00 UTC,377,1199,412321523,5.8104166666666668
2014-05-01 00:00:00 UTC,377,-1234,367331060,4.5297222222222215
2014-05-01 00:00:00 UTC,377,1215,412323828,8.8341666666666665
2014-05-01 00:00:00 UTC,377,1214,412323828,2.2186111111111111
2014-05-01 00:00:00 UTC,377,1222,412211188,7.6063888888888886
2014-05-01 00:00:00 UTC,377,-93,263412470,0.42236111111111108
2014-05-01 00:00:00 UTC,377,-92,263412470,2.3693055555555556
2014-05-01 00:00:00 UTC,377,1213,412324095,0.15416666666666667
2014-05-01 00:00:00 UTC,633,-168,231167000,4.2994444444444451
2014-05-01 00:00:00 UTC,633,-169,231167000,3.4141666666666666
2014-05-01 00:00:00 UTC,633,-172,231167000,0.81138888888888894
2014-05-01 00:00:00 UTC,633,-256,251182110,1.5945833333333332
2014-05-01 00:00:00 UTC,633,-258,251182110,1.5609722222222222
2014-05-01 00:00:00 UTC,633,-257,251182110,7.7855555555555549
2014-05-01 00:00:00 UTC,633,-245,231156000,1.5355555555555553
2014-05-01 00:00:00 UTC,633,-240,251156000,6.1597222222222223
2014-05-01 00:00:00 UTC,633,-165,251092000,0.57125
2014-05-01 00:00:00 UTC,633,-166,251092000,6.2087499999999993
2014-05-01 00:00:00 UTC,633,-162,251092000,1.6552777777777776
2014-05-01 00:00:00 UTC,633,-164,251092000,0.78069444444444447
2014-05-01 00:00:00 UTC,633,-177,251331110,0.96583333333333332
2014-05-01 00:00:00 UTC,633,-206,251149110,1.4977777777777777
2014-05-01 00:00:00 UTC,633,-207,251149110,4.5154166666666669
2014-05-01 00:00:00 UTC,633,-216,251330110,1.6631944444444446
2014-05-01 00:00:00 UTC,633,-212,251330110,1.55125
2014-05-01 00:00:00 UTC,633,-213,251330110,6.1713888888888881
2014-05-01 00:00:00 UTC,633,-215,251330110,1.7168055555555557
2014-05-01 00:00:00 UTC,633,-217,251330110,3.8654166666666669
2014-05-01 00:00:00 UTC,633,-214,251330110,6.1915277777777771
2014-05-01 00:00:00 UTC,633,-392,331208000,1.5511111111111111
2014-05-01 00:00:00 UTC,633,-258,251062110,7.9655555555555555
2014-05-01 00:00:00 UTC,633,-257,251062110,3.0723611111111109
2014-05-01 00:00:00 UTC,633,-201,251228000,0.76222222222222213
2014-05-01 00:00:00 UTC,633,-202,251228000,11.574027777777779
2014-05-01 00:00:00 UTC,633,-203,251228000,0.26902777777777775
2014-05-01 00:00:00 UTC,633,-193,251211110,6.3179166666666671
2014-05-01 00:00:00 UTC,633,-192,251211110,9.3015277777777783
2014-05-01 00:00:00 UTC,633,55,259258000,0.85916666666666663
2014-05-01 00:00:00 UTC,633,-195,251219110,0.966111111111111
2014-05-01 00:00:00 UTC,633,-197,251219110,1.0158333333333334
2014-05-01 00:00:00 UTC,633,-194,251219110,3.1927777777777777
2014-05-01 00:00:00 UTC,633,-196,251219110,3.8540277777777776
2014-05-01 00:00:00 UTC,633,71,257536700,0.22083333333333333
2014-05-01 00:00:00 UTC,633,55,257486020,0.30847222222222226
2014-05-01 00:00:00 UTC,633,56,257486020,0.28347222222222224
2014-05-01 00:00:00 UTC,633,55,257589500,5.0375
2014-05-01 00:00:00 UTC,-391,630,416002876,0.78708333333333325
2014-05-01 00:00:00 UTC,-391,-561,701000509,3.0479166666666666
2014-05-01 00:00:00 UTC,-391,-562,701000509,4.5420833333333324
2014-05-01 00:00:00 UTC,-391,-562,770576062,3.1018055555555559
2014-05-01 00:00:00 UTC,-391,-560,770576062,1.5380555555555557
2014-05-01 00:00:00 UTC,-391,-561,770576062,5.6305555555555555
2014-05-01 00:00:00 UTC,-391,-561,701000902,9.1720833333333331
2014-05-01 00:00:00 UTC,-135,470,431838000,2.3295833333333338
2014-05-01 00:00:00 UTC,-135,471,431838000,1.611388888888889
2014-05-01 00:00:00 UTC,-135,473,431838000,1.1570833333333335
2014-05-01 00:00:00 UTC,-135,472,431838000,0.96875
2014-05-01 00:00:00 UTC,-135,474,431838000,1.7761111111111112
2014-05-01 00:00:00 UTC,-135,-1330,412695640,0.9325
2014-05-01 00:00:00 UTC,-135,-1329,412695640,5.8823611111111118
2014-05-01 00:00:00 UTC,-135,406,725000287,11.213055555555556
2014-05-01 00:00:00 UTC,-135,-1335,412420792,2.2897222222222227
2014-05-01 00:00:00 UTC,-135,-1332,412420793,0.32944444444444448
2014-05-01 00:00:00 UTC,-135,-1333,412420793,0.80013888888888884
2014-05-01 00:00:00 UTC,-135,-1348,412460014,6.9613888888888891
2014-05-01 00:00:00 UTC,-135,-1314,412420847,1.9426388888888888
2014-05-01 00:00:00 UTC,-135,-1313,412420848,2.9569444444444444
2014-05-01 00:00:00 UTC,-135,-1320,412420849,5.1836111111111105
2014-05-01 00:00:00 UTC,-135,-1310,412420852,0.94166666666666665
2014-05-01 00:00:00 UTC,122,-1273,412440011,18.630972222222223
2014-05-01 00:00:00 UTC,122,1342,432322000,2.0179166666666668
2014-05-01 00:00:00 UTC,378,-7,224014850,2.7551388888888897
2014-05-01 00:00:00 UTC,378,1201,272808966,14.552499999999998
2014-05-01 00:00:00 UTC,378,1213,412323849,2.34875
2014-05-01 00:00:00 UTC,378,1202,800006666,6.8581944444444431
2014-05-01 00:00:00 UTC,378,1215,412326411,3.2352777777777781
2014-05-01 00:00:00 UTC,378,1218,412326411,1.1733333333333333
2014-05-01 00:00:00 UTC,378,1217,412326411,8.6308333333333334
2014-05-01 00:00:00 UTC,378,1216,412326411,11.72125
2014-05-01 00:00:00 UTC,378,1202,412326426,4.8898611111111112
2014-05-01 00:00:00 UTC,378,1201,412326428,6.0568055555555551
2014-05-01 00:00:00 UTC,378,1219,800032030,2.0477777777777777
2014-05-01 00:00:00 UTC,378,1220,800032030,9.243611111111111
2014-05-01 00:00:00 UTC,378,1202,800011807,6.4811111111111108
2014-05-01 00:00:00 UTC,378,1213,412324133,3.9019444444444438
2014-05-01 00:00:00 UTC,378,1216,412326705,1.3476388888888891
2014-05-01 00:00:00 UTC,378,1212,413100851,1.3404166666666666
2014-05-01 00:00:00 UTC,378,1212,412000308,16.457083333333333
2014-05-01 00:00:00 UTC,378,-393,224114750,2.6637500000000003
2014-05-01 00:00:00 UTC,378,1203,150201416,1.7363888888888888
2014-05-01 00:00:00 UTC,378,1202,412326482,6.6352777777777785
2014-05-01 00:00:00 UTC,378,1201,412326482,0.85152777777777777
2014-05-01 00:00:00 UTC,378,1202,412326483,2.53625
2014-05-01 00:00:00 UTC,378,1201,412326486,6.8816666666666659
2014-05-01 00:00:00 UTC,378,1216,412326232,3.515
2014-05-01 00:00:00 UTC,378,-7,224177240,2.6204166666666673
2014-05-01 00:00:00 UTC,378,-93,204263000,6.4141666666666657
2014-05-01 00:00:00 UTC,378,1213,412214622,7.7944444444444452
2014-05-01 00:00:00 UTC,378,1213,412324192,0.73361111111111121
2014-05-01 00:00:00 UTC,378,1213,412324193,1.1191666666666666
2014-05-01 00:00:00 UTC,378,1202,412326498,3.1044444444444448
2014-05-01 00:00:00 UTC,378,1203,412326498,7.8533333333333326
2014-05-01 00:00:00 UTC,378,1213,412551011,6.2340277777777775
2014-05-01 00:00:00 UTC,378,-92,263413350,16.580833333333338
2014-05-01 00:00:00 UTC,378,1205,414001255,0.41819444444444442
2014-05-01 00:00:00 UTC,378,1206,414001255,3.7802777777777785
2014-05-01 00:00:00 UTC,378,-7,224020840,1.2415277777777776
2014-05-01 00:00:00 UTC,378,1206,414001257,4.0490277777777779
2014-05-01 00:00:00 UTC,378,1207,414001257,0.21902777777777777
2014-05-01 00:00:00 UTC,378,1202,412326506,7.608194444444444
2014-05-01 00:00:00 UTC,378,1207,414005099,11.030416666666666
2014-05-01 00:00:00 UTC,378,1206,414005099,4.2238888888888884
2014-05-01 00:00:00 UTC,378,1202,412326509,0.3938888888888889
2014-05-01 00:00:00 UTC,378,1202,369888888,10.301250000000001
2014-05-01 00:00:00 UTC,378,1220,412214394,8.7533333333333339
2014-05-01 00:00:00 UTC,378,1213,414003329,2.7700000000000005
2014-05-01 00:00:00 UTC,378,1202,412332165,6.1154166666666656
2014-05-01 00:00:00 UTC,378,1212,412323977,2.159583333333333
2014-05-01 00:00:00 UTC,378,1213,412323977,1.3738888888888889
2014-05-01 00:00:00 UTC,378,1203,412326537,4.2945833333333328
2014-05-01 00:00:00 UTC,378,1203,412326538,5.0348611111111117
2014-05-01 00:00:00 UTC,378,1202,412327573,5.2294444444444439
2014-05-01 00:00:00 UTC,378,1201,412326295,7.6495833333333341
2014-05-01 00:00:00 UTC,378,-513,224020890,2.9709722222222221
2014-05-01 00:00:00 UTC,378,1201,412327578,6.4831944444444449
2014-05-01 00:00:00 UTC,378,1203,412326555,2.1194444444444445
2014-05-01 00:00:00 UTC,378,1202,412326555,4.4318055555555551
2014-05-01 00:00:00 UTC,378,1211,414006687,17.815555555555559
2014-05-01 00:00:00 UTC,378,1203,412327584,5.3023611111111109
2014-05-01 00:00:00 UTC,378,1202,412327584,1.8093055555555555
2014-05-01 00:00:00 UTC,378,1203,412327585,6.4123611111111112
2014-05-01 00:00:00 UTC,378,1204,412327585,0.98666666666666669
2014-05-01 00:00:00 UTC,378,1202,900023203,6.54611111111111
2014-05-01 00:00:00 UTC,378,-7,224020390,1.8022222222222222
2014-05-01 00:00:00 UTC,378,1199,412030888,5.6241666666666674
2014-05-01 00:00:00 UTC,378,1203,900020658,7.3429166666666665
2014-05-01 00:00:00 UTC,378,1203,800016311,7.854166666666667
2014-05-01 00:00:00 UTC,378,1202,800016311,2.8713888888888892
2014-05-01 00:00:00 UTC,378,1219,412214711,7.8125
2014-05-01 00:00:00 UTC,378,210,240120000,7.1809722222222225
2014-05-01 00:00:00 UTC,378,1217,412326593,6.3845833333333335
2014-05-01 00:00:00 UTC,378,1216,412326593,7.6701388888888884
2014-05-01 00:00:00 UTC,378,1215,412326593,3.8975000000000004
2014-05-01 00:00:00 UTC,378,1217,412326594,2.7647222222222223
2014-05-01 00:00:00 UTC,378,1216,412326594,2.6515277777777779
2014-05-01 00:00:00 UTC,378,1201,900020679,7.4627777777777791
2014-05-01 00:00:00 UTC,378,1202,412314567,6.6243055555555559
2014-05-01 00:00:00 UTC,378,1202,412314568,5.2055555555555548
2014-05-01 00:00:00 UTC,378,-413,224173000,0.79041666666666666
2014-05-01 00:00:00 UTC,378,-412,224173000,1.8668055555555554
2014-05-01 00:00:00 UTC,378,-414,224173000,0.79736111111111108
2014-05-01 00:00:00 UTC,378,243,240429000,2.1886111111111113
2014-05-01 00:00:00 UTC,378,241,240429000,1.903888888888889
2014-05-01 00:00:00 UTC,378,242,240429000,1.1275
2014-05-01 00:00:00 UTC,378,244,240429000,0.98680555555555549
2014-05-01 00:00:00 UTC,378,240,240429000,1.4788888888888889
2014-05-01 00:00:00 UTC,378,243,237506000,2.0723611111111109
2014-05-01 00:00:00 UTC,378,244,237506000,0.62444444444444447
2014-05-01 00:00:00 UTC,378,241,237506000,0.85291666666666655
2014-05-01 00:00:00 UTC,378,1220,800031959,11.451250000000002
2014-05-01 00:00:00 UTC,378,1219,800031959,5.9908333333333328
2014-05-01 00:00:00 UTC,378,1204,412324057,5.6313888888888881
2014-05-01 00:00:00 UTC,378,1205,412324057,1.0013888888888889
2014-05-01 00:00:00 UTC,378,-7,224131820,1.7930555555555556
2014-05-01 00:00:00 UTC,378,1211,412323823,16.231111111111112
2014-05-01 00:00:00 UTC,378,1210,412323823,1.8343055555555556
2014-05-01 00:00:00 UTC,378,1202,412252145,3.5172222222222222
2014-05-01 00:00:00 UTC,378,1201,800024307,7.0399999999999991
2014-05-01 00:00:00 UTC,378,-1235,367331060,4.7370833333333344
2014-05-01 00:00:00 UTC,378,1215,412323828,3.6116666666666664
2014-05-01 00:00:00 UTC,378,1214,412323828,2.2956944444444445
2014-05-01 00:00:00 UTC,378,-92,263412470,1.6150000000000002
2014-05-01 00:00:00 UTC,378,-93,263412470,4.6443055555555555
2014-05-01 00:00:00 UTC,378,-93,263275000,4.1949999999999994
2014-05-01 00:00:00 UTC,378,245,240427000,7.6459722222222215
2014-05-01 00:00:00 UTC,378,1215,412326655,0.24888888888888888
2014-05-01 00:00:00 UTC,378,1216,412326655,0.9025
2014-05-01 00:00:00 UTC,634,-259,251182110,1.5638888888888889
2014-05-01 00:00:00 UTC,634,-260,251182110,2.3320833333333333
2014-05-01 00:00:00 UTC,634,-246,231156000,1.5393055555555555
2014-05-01 00:00:00 UTC,634,-245,231156000,10.044166666666666
2014-05-01 00:00:00 UTC,634,-238,251156000,2.3305555555555557
2014-05-01 00:00:00 UTC,634,-239,251156000,1.5222222222222221
2014-05-01 00:00:00 UTC,634,-157,251092000,12.588888888888889
2014-05-01 00:00:00 UTC,634,-158,251092000,1.4056944444444444
2014-05-01 00:00:00 UTC,634,-177,251331110,7.5009722222222219
2014-05-01 00:00:00 UTC,634,-176,251331110,5.1899999999999986
2014-05-01 00:00:00 UTC,634,53,259166000,4.4093055555555551
2014-05-01 00:00:00 UTC,634,-206,251149110,0.35361111111111115
2014-05-01 00:00:00 UTC,634,-217,251330110,1.537638888888889
2014-05-01 00:00:00 UTC,634,-391,331208000,2.275
2014-05-01 00:00:00 UTC,634,-204,251215440,0.46583333333333332
2014-05-01 00:00:00 UTC,634,-171,251013000,0.59
2014-05-01 00:00:00 UTC,634,-175,231118000,0.66999999999999993
2014-05-01 00:00:00 UTC,634,-171,251011000,0.71388888888888891
2014-05-01 00:00:00 UTC,634,-201,251803110,1.2593055555555557
2014-05-01 00:00:00 UTC,634,-199,251803110,1.2041666666666666
2014-05-01 00:00:00 UTC,634,-200,251803110,0.6118055555555556
2014-05-01 00:00:00 UTC,634,55,257589500,2.0356944444444447
2014-05-01 00:00:00 UTC,634,56,257589500,6.0444444444444443
2014-05-01 00:00:00 UTC,-390,630,416002876,3.8456944444444443
2014-05-01 00:00:00 UTC,-390,629,416002876,5.2583333333333337
2014-05-01 00:00:00 UTC,-390,631,416002885,2.9669444444444451
2014-05-01 00:00:00 UTC,-390,-561,701000850,2.98
2014-05-01 00:00:00 UTC,-390,-560,701000850,4.3822222222222225
2014-05-01 00:00:00 UTC,-390,-560,770576062,5.3247222222222224
2014-05-01 00:00:00 UTC,-390,-560,701006026,17.459305555555552
2014-05-01 00:00:00 UTC,-134,-1304,412420875,6.3993055555555571
2014-05-01 00:00:00 UTC,-134,-1575,416002581,3.2255555555555553
2014-05-01 00:00:00 UTC,-134,-1574,416002581,1.6654166666666665
2014-05-01 00:00:00 UTC,-134,-1577,416002581,2.6986111111111111
2014-05-01 00:00:00 UTC,-134,-1573,416002581,5.527916666666667
2014-05-01 00:00:00 UTC,-134,-1576,416002581,5.9343055555555555
2014-05-01 00:00:00 UTC,-134,-1327,412420891,2.7998611111111109
2014-05-01 00:00:00 UTC,-134,-1329,412420891,6.01
2014-05-01 00:00:00 UTC,-134,473,431838000,3.5719444444444446
2014-05-01 00:00:00 UTC,-134,470,431838000,3.1013888888888892
2014-05-01 00:00:00 UTC,-134,-1330,412695640,1.6484722222222221
2014-05-01 00:00:00 UTC,-134,406,725000287,7.5584722222222211
2014-05-01 00:00:00 UTC,-134,-1337,412420792,2.7684722222222224
2014-05-01 00:00:00 UTC,-134,-1336,412420792,1.8399999999999999
2014-05-01 00:00:00 UTC,-134,-1333,412420793,2.2713888888888891
2014-05-01 00:00:00 UTC,-134,-1313,412420847,1.79
2014-05-01 00:00:00 UTC,-134,-1311,412420848,4.5647222222222226
2014-05-01 00:00:00 UTC,-134,-1314,412420848,3.9319444444444445
2014-05-01 00:00:00 UTC,-134,-1320,412420849,0.93208333333333337
2014-05-01 00:00:00 UTC,-134,-1319,412420852,5.4780555555555548
2014-05-01 00:00:00 UTC,-134,-1310,412420852,2.0001388888888889
2014-05-01 00:00:00 UTC,-134,-1331,412695550,4.2590277777777779
2014-05-01 00:00:00 UTC,123,1343,432322000,8.2640277777777769
2014-05-01 00:00:00 UTC,123,1341,432322000,1.48625
2014-05-01 00:00:00 UTC,379,1192,412326419,2.4861111111111112
2014-05-01 00:00:00 UTC,379,1216,412326705,1.5526388888888887
2014-05-01 00:00:00 UTC,379,1217,412326705,3.1504166666666666
2014-05-01 00:00:00 UTC,379,1212,412000308,0.86736111111111114
2014-05-01 00:00:00 UTC,379,-6,224177460,0.88597222222222227
2014-05-01 00:00:00 UTC,379,-7,224177460,0.23958333333333334
2014-05-01 00:00:00 UTC,379,-392,224114750,8.4874999999999989
2014-05-01 00:00:00 UTC,379,1204,412286015,0.73277777777777775
2014-05-01 00:00:00 UTC,379,-6,224138320,1.495972222222222
2014-05-01 00:00:00 UTC,379,-93,204263000,4.864583333333333
2014-05-01 00:00:00 UTC,379,1216,412326241,1.6041666666666667
2014-05-01 00:00:00 UTC,379,1217,412326241,2.52625
2014-05-01 00:00:00 UTC,379,-92,263413350,1.5491666666666666
2014-05-01 00:00:00 UTC,379,1210,412320874,11.39875
2014-05-01 00:00:00 UTC,379,1190,412326512,2.2731944444444445
2014-05-01 00:00:00 UTC,379,1202,412324721,5.5476388888888888
2014-05-01 00:00:00 UTC,379,1191,412326525,1.99125
2014-05-01 00:00:00 UTC,379,1238,412205438,6.8106944444444446
2014-05-01 00:00:00 UTC,379,1203,412326537,1.9625
2014-05-01 00:00:00 UTC,379,1222,415988887,3.5168055555555551
2014-05-01 00:00:00 UTC,379,1223,415988887,4.1905555555555551
2014-05-01 00:00:00 UTC,379,-509,224020890,2.2136111111111108
2014-05-01 00:00:00 UTC,379,-510,224020890,1.6944444444444444
2014-05-01 00:00:00 UTC,379,1191,412327581,7.9155555555555557
2014-05-01 00:00:00 UTC,379,-6,224138680,0.69375000000000009
2014-05-01 00:00:00 UTC,379,-7,224138680,0.96833333333333338
2014-05-01 00:00:00 UTC,379,-409,224173000,2.6154166666666665
2014-05-01 00:00:00 UTC,379,-404,224173000,7.5977777777777771
2014-05-01 00:00:00 UTC,379,-406,224173000,3.5529166666666665
2014-05-01 00:00:00 UTC,379,242,240429000,1.7597222222222224
2014-05-01 00:00:00 UTC,379,1199,412003275,8.4920833333333334
2014-05-01 00:00:00 UTC,379,245,237506000,9.9097222222222214
2014-05-01 00:00:00 UTC,379,244,237506000,1.535277777777778
2014-05-01 00:00:00 UTC,379,244,240802000,5.0631944444444441
2014-05-01 00:00:00 UTC,379,1219,800031959,4.1143055555555552
2014-05-01 00:00:00 UTC,379,1218,800031959,1.5720833333333335
2014-05-01 00:00:00 UTC,379,1210,412323823,2.7383333333333333
2014-05-01 00:00:00 UTC,379,-93,263412470,5.6431944444444442
2014-05-01 00:00:00 UTC,379,-92,263412470,0.42305555555555557
2014-05-01 00:00:00 UTC,379,-93,263275000,5.2934722222222224
2014-05-01 00:00:00 UTC,379,243,240427000,2.0994444444444444
2014-05-01 00:00:00 UTC,379,244,240427000,7.3755555555555548
2014-05-01 00:00:00 UTC,379,1239,412205562,8.5733333333333341
2014-05-01 00:00:00 UTC,379,1217,412326655,2.2005555555555558
2014-05-01 00:00:00 UTC,635,-243,231156000,7.9134722222222225
2014-05-01 00:00:00 UTC,635,-244,231156000,2.4304166666666669
2014-05-01 00:00:00 UTC,635,-177,251331110,0.30833333333333335
2014-05-01 00:00:00 UTC,635,-178,251331110,0.73375
2014-05-01 00:00:00 UTC,635,-204,251215440,3.8013888888888889
2014-05-01 00:00:00 UTC,635,-174,251030110,0.81319444444444444
2014-05-01 00:00:00 UTC,635,-173,251030110,8.443888888888889
2014-05-01 00:00:00 UTC,635,-171,251030110,0.87013888888888891
2014-05-01 00:00:00 UTC,635,-172,251030110,1.3322222222222222
2014-05-01 00:00:00 UTC,635,-219,251228000,1.548888888888889
2014-05-01 00:00:00 UTC,635,-218,251228000,1.1072222222222221
2014-05-01 00:00:00 UTC,635,-220,251228000,2.2669444444444444
2014-05-01 00:00:00 UTC,635,-221,251228000,0.43347222222222226
2014-05-01 00:00:00 UTC,635,57,258524000,6.268472222222222
2014-05-01 00:00:00 UTC,635,58,258524000,8.4322222222222241
2014-05-01 00:00:00 UTC,635,-206,251467110,6.4386111111111122
2014-05-01 00:00:00 UTC,635,-205,251467110,2.8729166666666668
2014-05-01 00:00:00 UTC,635,-173,251057000,2.3244444444444445
2014-05-01 00:00:00 UTC,635,-172,251057000,1.7477777777777779
2014-05-01 00:00:00 UTC,635,-174,251013000,2.1926388888888888
2014-05-01 00:00:00 UTC,635,-173,251013000,5.2352777777777781
2014-05-01 00:00:00 UTC,635,-172,251013000,1.965
2014-05-01 00:00:00 UTC,635,-171,251013000,3.3958333333333335
2014-05-01 00:00:00 UTC,635,-174,251011000,0.23444444444444446
2014-05-01 00:00:00 UTC,635,-173,251011000,2.9340277777777781
2014-05-01 00:00:00 UTC,635,-171,251011000,3.3563888888888886
2014-05-01 00:00:00 UTC,635,-172,251011000,3.509722222222222
2014-05-01 00:00:00 UTC,635,-174,251314110,3.7044444444444444
2014-05-01 00:00:00 UTC,635,-173,251314110,0.7861111111111112
2014-05-01 00:00:00 UTC,635,-172,251314110,2.6912499999999997
2014-05-01 00:00:00 UTC,635,56,257589500,9.4866666666666681
2014-05-01 00:00:00 UTC,-389,629,416002876,8.6916666666666664
2014-05-01 00:00:00 UTC,-389,-506,224913000,10.956944444444446
2014-05-01 00:00:00 UTC,-389,-559,701000850,2.3043055555555556
2014-05-01 00:00:00 UTC,-389,-757,725000880,1.5819444444444442
2014-05-01 00:00:00 UTC,-389,-756,725000880,0.62194444444444441
2014-05-01 00:00:00 UTC,-389,-560,701006026,7.1709722222222219
2014-05-01 00:00:00 UTC,-133,-1337,412420874,2.8234722222222222
2014-05-01 00:00:00 UTC,-133,-1304,412420875,2.2754166666666666
2014-05-01 00:00:00 UTC,-133,-1305,412420875,1.8176388888888888
2014-05-01 00:00:00 UTC,-133,-1578,416002581,4.5566666666666666
2014-05-01 00:00:00 UTC,-133,-1327,412420891,0.89166666666666661
2014-05-01 00:00:00 UTC,-133,-1329,412420891,1.0954166666666667
2014-05-01 00:00:00 UTC,-133,-1330,412695640,1.4363888888888889
2014-05-01 00:00:00 UTC,-133,406,725000287,4.55125
2014-05-01 00:00:00 UTC,-133,-1334,412420793,1.8376388888888888
2014-05-01 00:00:00 UTC,-133,-1340,412460014,7.627361111111111
2014-05-01 00:00:00 UTC,-133,-1338,412460014,3.65125
2014-05-01 00:00:00 UTC,-133,-1318,412420847,5.6847222222222227
2014-05-01 00:00:00 UTC,-133,-1319,412420847,0.3923611111111111
2014-05-01 00:00:00 UTC,-133,-1313,412420848,1.6504166666666666
2014-05-01 00:00:00 UTC,-133,-1310,412420848,3.6701388888888888
2014-05-01 00:00:00 UTC,-133,-1312,412420848,2.9002777777777782
2014-05-01 00:00:00 UTC,-133,-1039,431382000,3.8688888888888893
2014-05-01 00:00:00 UTC,-133,-1321,412420849,1.6833333333333333
2014-05-01 00:00:00 UTC,-133,-1331,412695550,2.2936111111111108
2014-05-01 00:00:00 UTC,124,1342,432322000,1.817361111111111
2014-05-01 00:00:00 UTC,380,212,240096000,10.615972222222222
2014-05-01 00:00:00 UTC,380,-4,224191750,0.7022222222222223
2014-05-01 00:00:00 UTC,380,1205,811000329,0.68333333333333335
2014-05-01 00:00:00 UTC,380,1204,811000329,3.7962499999999997
2014-05-01 00:00:00 UTC,380,1203,811000329,2.1306944444444444
2014-05-01 00:00:00 UTC,380,241,240895000,3.8869444444444445
2014-05-01 00:00:00 UTC,380,1212,412323871,5.7769444444444442
2014-05-01 00:00:00 UTC,380,-4,224057890,1.3890277777777778
2014-05-01 00:00:00 UTC,380,1190,412326455,2.1147222222222224
2014-05-01 00:00:00 UTC,380,1204,412286015,5.504027777777778
2014-05-01 00:00:00 UTC,380,1205,412286015,4.0566666666666666
2014-05-01 00:00:00 UTC,380,1208,413324361,9.09013888888889
2014-05-01 00:00:00 UTC,380,1208,413324364,6.7494444444444444
2014-05-01 00:00:00 UTC,380,1197,412328016,9.8488888888888884
2014-05-01 00:00:00 UTC,380,1199,412328016,0.25236111111111109
2014-05-01 00:00:00 UTC,380,1198,412328016,6.055
2014-05-01 00:00:00 UTC,380,242,237618000,2.5306944444444444
2014-05-01 00:00:00 UTC,380,1199,412396885,1.5027777777777778
2014-05-01 00:00:00 UTC,380,241,239079000,3.36375
2014-05-01 00:00:00 UTC,380,242,239079000,0.55013888888888884
2014-05-01 00:00:00 UTC,380,1204,412324704,3.4074999999999998
2014-05-01 00:00:00 UTC,380,1205,412324704,6.4023611111111123
2014-05-01 00:00:00 UTC,380,1206,412324704,0.87652777777777779
2014-05-01 00:00:00 UTC,380,1205,413324389,2.6190277777777782
2014-05-01 00:00:00 UTC,380,1239,412205415,3.96625
2014-05-01 00:00:00 UTC,380,1239,412211566,4.4048611111111109
2014-05-01 00:00:00 UTC,380,241,239174000,5.6793055555555556
2014-05-01 00:00:00 UTC,380,1191,412326512,6.8706944444444442
2014-05-01 00:00:00 UTC,380,1198,900019577,0.48972222222222223
2014-05-01 00:00:00 UTC,380,1191,412326525,0.89416666666666678
2014-05-01 00:00:00 UTC,380,1205,412328091,3.3455555555555558
2014-05-01 00:00:00 UTC,380,-1233,367509430,0.87513888888888891
2014-05-01 00:00:00 UTC,380,242,240419000,23.419444444444444
2014-05-01 00:00:00 UTC,380,242,239139000,0.7959722222222223
2014-05-01 00:00:00 UTC,380,1197,412286148,0.69791666666666674
2014-05-01 00:00:00 UTC,380,1198,412286148,1.7945833333333332
2014-05-01 00:00:00 UTC,380,1199,412003275,1.737222222222222
2014-05-01 00:00:00 UTC,380,1198,412323792,8.8919444444444444
2014-05-01 00:00:00 UTC,380,1205,412324055,5.6412499999999994
2014-05-01 00:00:00 UTC,380,242,237687000,11.1525
2014-05-01 00:00:00 UTC,380,1205,412324061,5.8186111111111112
2014-05-01 00:00:00 UTC,380,1206,412324061,2.4740277777777782
2014-05-01 00:00:00 UTC,380,1190,412300011,2.3626388888888887
2014-05-01 00:00:00 UTC,380,244,240427000,6.3454166666666669
2014-05-01 00:00:00 UTC,380,1239,412205562,2.79125
2014-05-01 00:00:00 UTC,636,-224,251043110,1.16125
2014-05-01 00:00:00 UTC,636,-174,251030110,2.75375
2014-05-01 00:00:00 UTC,636,-171,251030110,0.68375000000000008
2014-05-01 00:00:00 UTC,636,-173,251030110,1.0875
2014-05-01 00:00:00 UTC,636,-172,251030110,0.23083333333333333
2014-05-01 00:00:00 UTC,636,-238,251164000,2.3051388888888891
2014-05-01 00:00:00 UTC,636,-243,251164000,6.9330555555555549
2014-05-01 00:00:00 UTC,636,57,258524000,2.5672222222222221
2014-05-01 00:00:00 UTC,636,58,258524000,6.7712499999999993
2014-05-01 00:00:00 UTC,636,-262,231089000,8.51763888888889
2014-05-01 00:00:00 UTC,636,-174,251057000,12.623194444444444
2014-05-01 00:00:00 UTC,636,-175,251057000,3.8797222222222221
2014-05-01 00:00:00 UTC,636,-173,251057000,1.3815277777777779
2014-05-01 00:00:00 UTC,636,-174,251013000,4.2205555555555554
2014-05-01 00:00:00 UTC,636,-175,251013000,0.25444444444444447
2014-05-01 00:00:00 UTC,636,-174,251011000,0.565
2014-05-01 00:00:00 UTC,636,-172,251011000,1.8526388888888889
2014-05-01 00:00:00 UTC,636,-173,251011000,5.75375
2014-05-01 00:00:00 UTC,636,-171,251011000,0.76347222222222222
2014-05-01 00:00:00 UTC,636,-229,251538110,6.1722222222222225
2014-05-01 00:00:00 UTC,636,-228,251538110,6.1790277777777778
2014-05-01 00:00:00 UTC,-388,625,416002875,6.1497222222222225
2014-05-01 00:00:00 UTC,-388,-756,725003670,1.637361111111111
2014-05-01 00:00:00 UTC,-388,-758,725000880,4.4205555555555547
2014-05-01 00:00:00 UTC,-388,-755,725000880,2.2473611111111111
2014-05-01 00:00:00 UTC,-388,-755,725004500,0.061250000000000006
2014-05-01 00:00:00 UTC,-132,-1338,412420874,1.747638888888889
2014-05-01 00:00:00 UTC,-132,-1305,412420875,5.8540277777777776
2014-05-01 00:00:00 UTC,-132,-1307,412420875,3.63
2014-05-01 00:00:00 UTC,-132,-1328,412420891,2.0254166666666666
2014-05-01 00:00:00 UTC,-132,-1327,412420891,0.2625
2014-05-01 00:00:00 UTC,-132,-1329,412420891,0.912638888888889
2014-05-01 00:00:00 UTC,-132,-1331,412695640,1.8022222222222224
2014-05-01 00:00:00 UTC,-132,-1335,412420793,3.6459722222222224
2014-05-01 00:00:00 UTC,-132,-1339,412460014,1.5813888888888887
2014-05-01 00:00:00 UTC,-132,-1338,412460014,1.9984722222222222
2014-05-01 00:00:00 UTC,-132,-1319,412420847,1.6536111111111111
2014-05-01 00:00:00 UTC,-132,-1313,412420847,5.4158333333333326
2014-05-01 00:00:00 UTC,-132,-1311,412420848,1.1801388888888891
2014-05-01 00:00:00 UTC,-132,-1312,412420848,2.0315277777777778
2014-05-01 00:00:00 UTC,-132,-1041,431382000,4.2926388888888889
2014-05-01 00:00:00 UTC,-132,-1321,412420849,1.4427777777777777
2014-05-01 00:00:00 UTC,-132,-1320,412420852,1.55125
2014-05-01 00:00:00 UTC,-132,-1332,412695550,1.8313888888888887
2014-05-01 00:00:00 UTC,125,1342,432322000,4.6147222222222224
2014-05-01 00:00:00 UTC,381,212,240096000,0.7959722222222223
2014-05-01 00:00:00 UTC,381,211,240096000,7.040972222222222
2014-05-01 00:00:00 UTC,381,1211,557655555,20.832499999999996
2014-05-01 00:00:00 UTC,381,1199,412286215,0.41208333333333336
2014-05-01 00:00:00 UTC,381,1211,412320264,21.00375
2014-05-01 00:00:00 UTC,381,1212,412320264,5.6443055555555555
2014-05-01 00:00:00 UTC,381,1189,800011801,0.3666666666666667
2014-05-01 00:00:00 UTC,381,1193,412515139,4.0216666666666665
2014-05-01 00:00:00 UTC,381,1199,412286032,0.72416666666666663
2014-05-01 00:00:00 UTC,381,216,237959000,4.0127777777777771
2014-05-01 00:00:00 UTC,381,1205,412324698,3.7180555555555559
2014-05-01 00:00:00 UTC,381,1199,412286051,2.9819444444444447
2014-05-01 00:00:00 UTC,381,1198,412286051,1.9458333333333333
2014-05-01 00:00:00 UTC,381,1231,412205412,0.71569444444444441
2014-05-01 00:00:00 UTC,381,1205,413324389,0.82180555555555557
2014-05-01 00:00:00 UTC,381,1239,412205415,6.7643055555555556
2014-05-01 00:00:00 UTC,381,1189,800030059,0.7038888888888889
2014-05-01 00:00:00 UTC,381,1193,412283757,3.1049999999999995
2014-05-01 00:00:00 UTC,381,1190,800028027,13.923611111111112
2014-05-01 00:00:00 UTC,381,1192,412375431,5.1420833333333329
2014-05-01 00:00:00 UTC,381,1190,412385678,0.79402777777777778
2014-05-01 00:00:00 UTC,381,1191,412385678,2.740555555555555
2014-05-01 00:00:00 UTC,381,1199,800016021,5.24375
2014-05-01 00:00:00 UTC,381,1198,800016021,8.1741666666666681
2014-05-01 00:00:00 UTC,381,1190,412289431,0.901388888888889
2014-05-01 00:00:00 UTC,381,1188,412327577,4.5551388888888891
2014-05-01 00:00:00 UTC,381,1205,412328091,1.5819444444444444
2014-05-01 00:00:00 UTC,381,1239,412205468,0.10888888888888888
2014-05-01 00:00:00 UTC,381,216,239044000,2.6813888888888884
2014-05-01 00:00:00 UTC,381,1190,412327591,8.9629166666666666
2014-05-01 00:00:00 UTC,381,-1232,338091445,1.4293055555555552
2014-05-01 00:00:00 UTC,381,-1233,338091445,1.0004166666666667
2014-05-01 00:00:00 UTC,381,-1232,367509430,3.1302777777777782
2014-05-01 00:00:00 UTC,381,-1233,367509430,2.1702777777777778
2014-05-01 00:00:00 UTC,381,-304,204225000,16.511666666666667
2014-05-01 00:00:00 UTC,381,1190,412300011,4.7920833333333333
2014-05-01 00:00:00 UTC,381,1211,9021937,29.444305555555562
2014-05-01 00:00:00 UTC,381,1206,800029691,3.9398611111111106
2014-05-01 00:00:00 UTC,637,-143,251054110,1.0102777777777778
2014-05-01 00:00:00 UTC,637,-144,251054110,2.4143055555555555
2014-05-01 00:00:00 UTC,637,-142,251054110,0.9291666666666667
2014-05-01 00:00:00 UTC,637,-223,251043110,5.2781944444444449
2014-05-01 00:00:00 UTC,637,-156,231166000,2.42625
2014-05-01 00:00:00 UTC,637,-225,251244110,0.14194444444444446
2014-05-01 00:00:00 UTC,637,-224,251244110,7.3343055555555559
2014-05-01 00:00:00 UTC,637,-239,251164000,6.9608333333333334
2014-05-01 00:00:00 UTC,637,-238,251164000,3.1004166666666664
2014-05-01 00:00:00 UTC,637,-232,251019110,1.5373611111111112
2014-05-01 00:00:00 UTC,637,-234,251019110,10.023472222222223
2014-05-01 00:00:00 UTC,637,-233,251019110,1.8218055555555557
2014-05-01 00:00:00 UTC,637,-235,251019110,1.5579166666666666
2014-05-01 00:00:00 UTC,637,-217,251377000,4.6109722222222222
2014-05-01 00:00:00 UTC,637,-216,251377000,1.4604166666666667
2014-05-01 00:00:00 UTC,637,-218,251377000,0.39166666666666666
2014-05-01 00:00:00 UTC,637,-223,251539110,3.4941666666666666
2014-05-01 00:00:00 UTC,637,-159,251086000,3.4968055555555555
2014-05-01 00:00:00 UTC,637,-158,251086000,1.463888888888889
2014-05-01 00:00:00 UTC,637,-161,251486640,7.3923611111111107
2014-05-01 00:00:00 UTC,637,-162,251486640,2.3451388888888891
2014-05-01 00:00:00 UTC,637,81,257216440,1.4952777777777777
2014-05-01 00:00:00 UTC,637,-228,251538110,1.7390277777777778
2014-05-01 00:00:00 UTC,-387,624,416002875,5.2501388888888894
2014-05-01 00:00:00 UTC,-131,-1338,412420874,3.0876388888888888
2014-05-01 00:00:00 UTC,-131,-1340,412420874,3.7998611111111114
2014-05-01 00:00:00 UTC,-131,-1339,412420874,0.94986111111111116
2014-05-01 00:00:00 UTC,-131,-1307,412420875,2.73875
2014-05-01 00:00:00 UTC,-131,-1331,412695640,1.8609722222222222
2014-05-01 00:00:00 UTC,-131,-1301,412420796,3.7955555555555556
2014-05-01 00:00:00 UTC,-131,-1303,412420846,1.774861111111111
2014-05-01 00:00:00 UTC,-131,-1302,412420846,4.1483333333333334
2014-05-01 00:00:00 UTC,-131,-1319,412420847,1.3993055555555556
2014-05-01 00:00:00 UTC,-131,-1041,431382000,0.90708333333333335
2014-05-01 00:00:00 UTC,-131,-1039,431382000,2.06
2014-05-01 00:00:00 UTC,-131,-1322,412420849,1.7598611111111111
2014-05-01 00:00:00 UTC,-131,-1320,412420852,2.0788888888888892
2014-05-01 00:00:00 UTC,-131,-1334,412695550,5.8888888888888884
2014-05-01 00:00:00 UTC,-131,-1333,412695550,3.5909722222222222
2014-05-01 00:00:00 UTC,126,1341,432322000,5.1475
2014-05-01 00:00:00 UTC,382,1199,412286215,10.040694444444446
2014-05-01 00:00:00 UTC,382,213,239253000,1.8327777777777778
2014-05-01 00:00:00 UTC,382,214,239253000,5.0123611111111108
2014-05-01 00:00:00 UTC,382,1210,412205589,0.32944444444444443
2014-05-01 00:00:00 UTC,382,1211,412205589,4.6565277777777769
2014-05-01 00:00:00 UTC,382,1189,800011801,9.1875
2014-05-01 00:00:00 UTC,382,-449,224020000,11.062361111111112
2014-05-01 00:00:00 UTC,382,215,237108000,5.3961111111111109
2014-05-01 00:00:00 UTC,382,1212,100702252,5.88
2014-05-01 00:00:00 UTC,382,1182,412326196,0.33986111111111111
2014-05-01 00:00:00 UTC,382,1181,412326196,2.0886111111111116
2014-05-01 00:00:00 UTC,382,1189,412256565,7.71736111111111
2014-05-01 00:00:00 UTC,382,1181,412326206,1.7559722222222223
2014-05-01 00:00:00 UTC,382,1182,412326206,0.89416666666666667
2014-05-01 00:00:00 UTC,382,1193,412515139,1.8031944444444448
2014-05-01 00:00:00 UTC,382,-93,263412560,1.2768055555555555
2014-05-01 00:00:00 UTC,382,-92,263412560,0.27541666666666664
2014-05-01 00:00:00 UTC,382,216,237959000,0.45194444444444448
2014-05-01 00:00:00 UTC,382,215,237959000,0.73305555555555557
2014-05-01 00:00:00 UTC,382,214,237959000,1.35125
2014-05-01 00:00:00 UTC,382,215,239132000,6.616944444444445
2014-05-01 00:00:00 UTC,382,1199,412286051,3.3909722222222221
2014-05-01 00:00:00 UTC,382,1198,412286051,2.3697222222222223
2014-05-01 00:00:00 UTC,382,1228,412205412,0.83749999999999991
2014-05-01 00:00:00 UTC,382,1189,800030059,10.10888888888889
2014-05-01 00:00:00 UTC,382,1193,412283757,3.1604166666666664
2014-05-01 00:00:00 UTC,382,1238,412211566,4.1
2014-05-01 00:00:00 UTC,382,1207,413324406,2.6248611111111106
2014-05-01 00:00:00 UTC,382,1181,412326266,1.9155555555555557
2014-05-01 00:00:00 UTC,382,1181,412326267,0.43611111111111112
2014-05-01 00:00:00 UTC,382,1182,412326267,1.0120833333333334
2014-05-01 00:00:00 UTC,382,215,239344000,3.3065277777777777
2014-05-01 00:00:00 UTC,382,1181,412326277,2.049722222222222
2014-05-01 00:00:00 UTC,382,1189,412327577,2.961527777777778
2014-05-01 00:00:00 UTC,382,208,237444000,7.1875
2014-05-01 00:00:00 UTC,382,216,239044000,2.7076388888888889
2014-05-01 00:00:00 UTC,382,1181,412326316,0.96875
2014-05-01 00:00:00 UTC,382,1182,412326316,1.4594444444444443
2014-05-01 00:00:00 UTC,382,-1233,338091445,4.4045833333333331
2014-05-01 00:00:00 UTC,382,212,237464000,15.8275
2014-05-01 00:00:00 UTC,382,212,240632000,3.6684722222222219
2014-05-01 00:00:00 UTC,382,213,240632000,3.7748611111111114
2014-05-01 00:00:00 UTC,382,214,237688000,3.4402777777777778
2014-05-01 00:00:00 UTC,382,213,237688000,0.64569444444444446
2014-05-01 00:00:00 UTC,382,215,237688000,1.5777777777777779
2014-05-01 00:00:00 UTC,382,215,241005000,4.7680555555555548
2014-05-01 00:00:00 UTC,382,261,237805000,21.602083333333333
2014-05-01 00:00:00 UTC,382,1212,412205512,2.44375
2014-05-01 00:00:00 UTC,382,1211,412205512,2.2716666666666665
2014-05-01 00:00:00 UTC,382,1184,412560869,0.48069444444444442
2014-05-01 00:00:00 UTC,382,1212,412200423,7.7166666666666668
2014-05-01 00:00:00 UTC,382,1211,412200423,1.0726388888888889
2014-05-01 00:00:00 UTC,382,-96,263500263,0.29847222222222225
2014-05-01 00:00:00 UTC,382,209,237441000,0.70208333333333339
2014-05-01 00:00:00 UTC,382,-304,204225000,1.5790277777777777
2014-05-01 00:00:00 UTC,638,-140,251054110,8.2337499999999988
2014-05-01 00:00:00 UTC,638,-141,251054110,5.4923611111111112
2014-05-01 00:00:00 UTC,638,-142,251054110,1.3130555555555556
2014-05-01 00:00:00 UTC,638,-156,231166000,4.0895833333333336
2014-05-01 00:00:00 UTC,638,-163,251138110,1.4318055555555556
2014-05-01 00:00:00 UTC,638,-164,251138110,8.3737500000000011
2014-05-01 00:00:00 UTC,638,-224,251244110,5.8966666666666665
2014-05-01 00:00:00 UTC,638,-238,251164000,1.7865277777777777
2014-05-01 00:00:00 UTC,638,-239,251164000,1.6179166666666664
2014-05-01 00:00:00 UTC,638,-265,231089000,7.249305555555555
2014-05-01 00:00:00 UTC,638,-215,251377000,1.1625
2014-05-01 00:00:00 UTC,638,-217,251377000,4.9613888888888891
2014-05-01 00:00:00 UTC,638,-218,251377000,0.48875
2014-05-01 00:00:00 UTC,638,-216,251377000,5.9394444444444447
2014-05-01 00:00:00 UTC,638,-154,231343000,0.36541666666666672
2014-05-01 00:00:00 UTC,638,-145,231150000,3.9330555555555557
2014-05-01 00:00:00 UTC,638,82,257216440,3.4890277777777778
2014-05-01 00:00:00 UTC,-386,1728,512415000,5.4179166666666667
2014-05-01 00:00:00 UTC,-386,1730,512415000,3.802777777777778
2014-05-01 00:00:00 UTC,-386,629,416002885,6.7101388888888893
2014-05-01 00:00:00 UTC,-386,628,416002885,4.4833333333333334
2014-05-01 00:00:00 UTC,-386,-1771,224154000,1.0602777777777779
2014-05-01 00:00:00 UTC,-130,-1332,412695640,11.086666666666668
2014-05-01 00:00:00 UTC,-130,-1303,412420796,1.1958333333333333
2014-05-01 00:00:00 UTC,-130,-1304,412420846,2.2761111111111112
2014-05-01 00:00:00 UTC,-130,-1320,412420847,1.8216666666666668
2014-05-01 00:00:00 UTC,-130,-1041,431382000,1.0890277777777779
2014-05-01 00:00:00 UTC,-130,-1322,412420849,3.67
2014-05-01 00:00:00 UTC,-130,-1321,412420852,3.5691666666666668
2014-05-01 00:00:00 UTC,127,-184,224073650,1.8359722222222223
2014-05-01 00:00:00 UTC,127,-185,224073650,3.4940277777777782
2014-05-01 00:00:00 UTC,383,1212,412205571,0.94611111111111112
2014-05-01 00:00:00 UTC,383,261,237802000,2.839722222222222
2014-05-01 00:00:00 UTC,383,262,237802000,1.1336111111111111
2014-05-01 00:00:00 UTC,383,1211,412205589,3.9465277777777783
2014-05-01 00:00:00 UTC,383,1212,412205589,0.99041666666666672
2014-05-01 00:00:00 UTC,383,1210,412205589,1.335277777777778
2014-05-01 00:00:00 UTC,383,1228,412205087,1.86625
2014-05-01 00:00:00 UTC,383,1211,100702252,0.54986111111111113
2014-05-01 00:00:00 UTC,383,1192,412005166,6.8602777777777773
2014-05-01 00:00:00 UTC,383,-107,263405380,0.57527777777777778
2014-05-01 00:00:00 UTC,383,-106,263405380,0.62333333333333329
2014-05-01 00:00:00 UTC,383,1212,412202567,1.06875
2014-05-01 00:00:00 UTC,383,1200,412286543,0.22513888888888889
2014-05-01 00:00:00 UTC,383,1203,412286543,2.0434722222222224
2014-05-01 00:00:00 UTC,383,215,237959000,1.3016666666666667
2014-05-01 00:00:00 UTC,383,1181,412326233,1.7419444444444443
2014-05-01 00:00:00 UTC,383,215,239132000,1.9391666666666665
2014-05-01 00:00:00 UTC,383,1201,412286069,0.25069444444444444
2014-05-01 00:00:00 UTC,383,1180,413564278,1.6038888888888889
2014-05-01 00:00:00 UTC,383,1180,412326267,0.25027777777777777
2014-05-01 00:00:00 UTC,383,1181,412326267,1.1026388888888889
2014-05-01 00:00:00 UTC,383,1179,412326267,0.24944444444444447
2014-05-01 00:00:00 UTC,383,215,239344000,0.31277777777777782
2014-05-01 00:00:00 UTC,383,1183,412326272,3.3066666666666666
2014-05-01 00:00:00 UTC,383,1212,412201095,1.8308333333333331
2014-05-01 00:00:00 UTC,383,-95,263269000,1.5020833333333332
2014-05-01 00:00:00 UTC,383,1183,412326282,1.2844444444444445
2014-05-01 00:00:00 UTC,383,1179,412326292,1.1526388888888888
2014-05-01 00:00:00 UTC,383,1183,412326292,0.78583333333333327
2014-05-01 00:00:00 UTC,383,1178,412286356,6.8104166666666668
2014-05-01 00:00:00 UTC,383,1179,412286356,0.23277777777777775
2014-05-01 00:00:00 UTC,383,1180,412286356,0.49125
2014-05-01 00:00:00 UTC,383,253,237519000,1.315
2014-05-01 00:00:00 UTC,383,254,237519000,3.7272222222222227
2014-05-01 00:00:00 UTC,383,1181,412326306,0.49638888888888888
2014-05-01 00:00:00 UTC,383,1182,412326306,3.9890277777777778
2014-05-01 00:00:00 UTC,383,1179,412326316,0.25125000000000003
2014-05-01 00:00:00 UTC,383,1178,412286385,2.9352777777777783
2014-05-01 00:00:00 UTC,383,-1233,338091445,4.6493055555555554
2014-05-01 00:00:00 UTC,383,1210,412205512,0.24652777777777779
2014-05-01 00:00:00 UTC,383,1211,412205512,5.9975000000000005
2014-05-01 00:00:00 UTC,383,1212,412205512,0.91638888888888892
2014-05-01 00:00:00 UTC,383,1212,412205001,0.27125
2014-05-01 00:00:00 UTC,383,-90,263500236,1.2983333333333333
2014-05-01 00:00:00 UTC,383,1210,412205519,0.7630555555555556
2014-05-01 00:00:00 UTC,383,1211,412205519,15.413472222222223
2014-05-01 00:00:00 UTC,383,1191,412283865,18.441666666666666
2014-05-01 00:00:00 UTC,383,1212,412205531,3.2541666666666664
2014-05-01 00:00:00 UTC,383,1212,412223456,0.60583333333333333
2014-05-01 00:00:00 UTC,383,1210,412200423,6.4686111111111124
2014-05-01 00:00:00 UTC,383,1211,412200423,2.8947222222222226
2014-05-01 00:00:00 UTC,383,261,237814000,4.671388888888889
2014-05-01 00:00:00 UTC,383,1211,800031999,3.1972222222222224
2014-05-01 00:00:00 UTC,639,-164,251215110,8.2893055555555559
2014-05-01 00:00:00 UTC,639,-140,251054110,3.2770833333333331
2014-05-01 00:00:00 UTC,639,-163,251533110,1.5005555555555556
2014-05-01 00:00:00 UTC,639,-162,251533110,2.3137499999999998
2014-05-01 00:00:00 UTC,639,-265,231089000,1.5427777777777778
2014-05-01 00:00:00 UTC,639,-263,231089000,1.4184722222222224
2014-05-01 00:00:00 UTC,639,-264,231089000,4.8551388888888889
2014-05-01 00:00:00 UTC,639,-141,231150000,1.9506944444444441
2014-05-01 00:00:00 UTC,639,-139,231150000,4.1911111111111108
2014-05-01 00:00:00 UTC,639,-140,231150000,6.0634722222222228
2014-05-01 00:00:00 UTC,639,-151,251086000,1.1458333333333333
2014-05-01 00:00:00 UTC,639,-162,251086000,2.8263888888888893
2014-05-01 00:00:00 UTC,639,-160,251086000,3.2644444444444445
2014-05-01 00:00:00 UTC,639,-161,251086000,5.0013888888888891
2014-05-01 00:00:00 UTC,639,-152,251086000,0.7825
2014-05-01 00:00:00 UTC,639,-137,251143110,1.003611111111111
2014-05-01 00:00:00 UTC,-385,627,416002885,2.995138888888889
2014-05-01 00:00:00 UTC,-385,628,416002885,1.5555555555555554
2014-05-01 00:00:00 UTC,-385,568,416080500,6.0429166666666667
2014-05-01 00:00:00 UTC,-385,567,416080500,5.3280555555555553
2014-05-01 00:00:00 UTC,-129,-1304,412420796,5.4920833333333334
2014-05-01 00:00:00 UTC,-129,-1305,412420796,0.88361111111111112
2014-05-01 00:00:00 UTC,-129,-1305,412420846,6.3938888888888892
2014-05-01 00:00:00 UTC,-129,-1320,412420847,2.7756944444444445
2014-05-01 00:00:00 UTC,-129,-1041,431382000,2.230694444444445
2014-05-01 00:00:00 UTC,128,-1267,412440235,2.3095833333333333
2014-05-01 00:00:00 UTC,128,-1266,412440235,0.88791666666666669
2014-05-01 00:00:00 UTC,128,-185,224073650,4.9711111111111119
2014-05-01 00:00:00 UTC,128,-183,224073650,1.0843055555555554
2014-05-01 00:00:00 UTC,128,-184,224073650,0.90208333333333335
2014-05-01 00:00:00 UTC,384,1212,412205571,25.911249999999985
2014-05-01 00:00:00 UTC,384,1183,412286215,3.86625
2014-05-01 00:00:00 UTC,384,1182,412286215,1.1818055555555556
2014-05-01 00:00:00 UTC,384,262,237802000,3.4725
2014-05-01 00:00:00 UTC,384,261,237802000,1.2902777777777779
2014-05-01 00:00:00 UTC,384,1212,412205586,7.86027777777778
2014-05-01 00:00:00 UTC,384,1182,412326163,7.5734722222222217
2014-05-01 00:00:00 UTC,384,1212,412205589,9.3908333333333314
2014-05-01 00:00:00 UTC,384,1219,412700707,0.50263888888888886
2014-05-01 00:00:00 UTC,384,1211,100702252,0.24666666666666665
2014-05-01 00:00:00 UTC,384,1210,100702252,3.1736111111111107
2014-05-01 00:00:00 UTC,384,1209,100702252,5.5133333333333336
2014-05-01 00:00:00 UTC,384,207,237566000,2.5908333333333333
2014-05-01 00:00:00 UTC,384,209,237566000,1.1995833333333334
2014-05-01 00:00:00 UTC,384,208,237566000,1.6241666666666665
2014-05-01 00:00:00 UTC,384,1184,412326199,6.277916666666667
2014-05-01 00:00:00 UTC,384,1220,820040760,13.518333333333333
2014-05-01 00:00:00 UTC,384,-105,263405380,0.89208333333333334
2014-05-01 00:00:00 UTC,384,-104,263405380,0.72416666666666674
2014-05-01 00:00:00 UTC,384,-106,263405380,0.78333333333333333
2014-05-01 00:00:00 UTC,384,1212,412202567,23.100000000000005
2014-05-01 00:00:00 UTC,384,1203,412286543,3.248472222222222
2014-05-01 00:00:00 UTC,384,1212,412015451,4.5344444444444445
2014-05-01 00:00:00 UTC,384,1212,412205407,5.1495833333333332
2014-05-01 00:00:00 UTC,384,1212,412205419,24.492500000000003
2014-05-01 00:00:00 UTC,384,1212,412205421,11.499583333333334
2014-05-01 00:00:00 UTC,384,1178,800016238,2.7858333333333336
2014-05-01 00:00:00 UTC,384,1212,412205422,9.26125
2014-05-01 00:00:00 UTC,384,1212,412205423,0.53013888888888894
2014-05-01 00:00:00 UTC,384,1201,412286069,5.5509722222222235
2014-05-01 00:00:00 UTC,384,1182,412326272,1.1412499999999999
2014-05-01 00:00:00 UTC,384,1181,412326272,4.9120833333333334
2014-05-01 00:00:00 UTC,384,1212,412201095,21.692083333333333
2014-05-01 00:00:00 UTC,384,1182,412326282,5.3651388888888887
2014-05-01 00:00:00 UTC,384,1183,412326282,0.25
2014-05-01 00:00:00 UTC,384,255,237519000,1.1347222222222222
2014-05-01 00:00:00 UTC,384,253,237519000,5.6016666666666666
2014-05-01 00:00:00 UTC,384,254,237519000,1.2263888888888888
2014-05-01 00:00:00 UTC,384,252,237519000,0.96597222222222223
2014-05-01 00:00:00 UTC,384,208,237444000,0.65055555555555555
2014-05-01 00:00:00 UTC,384,207,237444000,3.5513888888888889
2014-05-01 00:00:00 UTC,384,1181,412326306,3.87125
2014-05-01 00:00:00 UTC,384,1214,412089768,7.7630555555555549
2014-05-01 00:00:00 UTC,384,1215,412201658,0.25847222222222221
2014-05-01 00:00:00 UTC,384,1212,412205499,6.5079166666666657
2014-05-01 00:00:00 UTC,384,1178,412286145,11.773194444444446
2014-05-01 00:00:00 UTC,384,1212,412205512,7.9447222222222216
2014-05-01 00:00:00 UTC,384,1211,412205001,0.49888888888888894
2014-05-01 00:00:00 UTC,384,1212,412205001,17.753055555555555
2014-05-01 00:00:00 UTC,384,1212,412205518,3.9759722222222225
2014-05-01 00:00:00 UTC,384,1212,412289999,20.934583333333336
2014-05-01 00:00:00 UTC,384,1212,800004569,22.956388888888888
2014-05-01 00:00:00 UTC,384,1191,412283865,3.6573611111111108
2014-05-01 00:00:00 UTC,384,1212,412205531,19.43875
2014-05-01 00:00:00 UTC,384,1212,412223456,23.516527777777778
2014-05-01 00:00:00 UTC,384,1212,412201187,12.154166666666667
2014-05-01 00:00:00 UTC,384,1180,412560869,0.64680555555555563
2014-05-01 00:00:00 UTC,384,1212,412205542,26.907083333333333
2014-05-01 00:00:00 UTC,384,1209,412200423,0.86958333333333337
2014-05-01 00:00:00 UTC,384,1210,412200423,2.9516666666666667
2014-05-01 00:00:00 UTC,384,261,237814000,12.622638888888888
2014-05-01 00:00:00 UTC,384,1179,800013553,0.20902777777777776
2014-05-01 00:00:00 UTC,384,1212,800031999,7.3766666666666669
2014-05-01 00:00:00 UTC,384,1210,800031999,0.47138888888888886
2014-05-01 00:00:00 UTC,384,1211,800031999,2.112222222222222
2014-05-01 00:00:00 UTC,640,-144,251065110,7.4705555555555554
2014-05-01 00:00:00 UTC,640,-143,251065110,1.1768055555555554
2014-05-01 00:00:00 UTC,640,-160,251438110,0.49402777777777779
2014-05-01 00:00:00 UTC,640,-159,251438110,3.2212500000000004
2014-05-01 00:00:00 UTC,640,-135,251038000,0.25597222222222221
2014-05-01 00:00:00 UTC,640,-134,251038000,2.0933333333333333
2014-05-01 00:00:00 UTC,640,-133,251038000,1.5930555555555554
2014-05-01 00:00:00 UTC,640,-133,251126110,4.2806944444444444
2014-05-01 00:00:00 UTC,640,-221,251579540,3.2572222222222225
2014-05-01 00:00:00 UTC,640,-134,251049110,3.4604166666666663
2014-05-01 00:00:00 UTC,640,-132,251049110,4.65
2014-05-01 00:00:00 UTC,640,-133,251049110,4.9580555555555552
2014-05-01 00:00:00 UTC,640,-131,251049110,0.2361111111111111
2014-05-01 00:00:00 UTC,640,-135,251049110,0.42097222222222219
2014-05-01 00:00:00 UTC,640,-160,251752110,12.190972222222221
2014-05-01 00:00:00 UTC,640,-141,231150000,6.1622222222222218
2014-05-01 00:00:00 UTC,640,-140,231150000,1.1766666666666667
2014-05-01 00:00:00 UTC,640,-221,251559110,4.3294444444444444
2014-05-01 00:00:00 UTC,-384,607,416004245,4.4958333333333336
2014-05-01 00:00:00 UTC,-128,-1305,412420796,1.4705555555555556
2014-05-01 00:00:00 UTC,-128,-1305,412420846,3.591388888888889
2014-05-01 00:00:00 UTC,129,-1266,412440235,4.6383333333333336
2014-05-01 00:00:00 UTC,129,-183,224073650,1.3451388888888891
2014-05-01 00:00:00 UTC,385,1219,413905678,1.2156944444444444
2014-05-01 00:00:00 UTC,385,1220,413905678,0.59305555555555556
2014-05-01 00:00:00 UTC,385,261,237802000,6.7891666666666666
2014-05-01 00:00:00 UTC,385,1215,412055322,0.24222222222222223
2014-05-01 00:00:00 UTC,385,-451,224020000,7.890138888888889
2014-05-01 00:00:00 UTC,385,1220,412700707,2.5348611111111112
2014-05-01 00:00:00 UTC,385,1219,412700707,1.4193055555555554
2014-05-01 00:00:00 UTC,385,1199,412283684,9.4290277777777778
2014-05-01 00:00:00 UTC,385,1202,412882219,8.38625
2014-05-01 00:00:00 UTC,385,1177,412369456,0.8848611111111111
2014-05-01 00:00:00 UTC,385,1178,412369456,1.1865277777777778
2014-05-01 00:00:00 UTC,385,-98,263294000,3.2997222222222224
2014-05-01 00:00:00 UTC,385,-100,263294000,0.30138888888888893
2014-05-01 00:00:00 UTC,385,207,237566000,0.89500000000000013
2014-05-01 00:00:00 UTC,385,206,237566000,2.6816666666666662
2014-05-01 00:00:00 UTC,385,1199,412884019,15.671944444444444
2014-05-01 00:00:00 UTC,385,1215,412055093,0.93555555555555547
2014-05-01 00:00:00 UTC,385,1214,412055093,1.6516666666666666
2014-05-01 00:00:00 UTC,385,1220,820040760,5.27625
2014-05-01 00:00:00 UTC,385,1214,412200507,3.5333333333333341
2014-05-01 00:00:00 UTC,385,1215,412200507,0.53152777777777782
2014-05-01 00:00:00 UTC,385,1177,912041281,5.2181944444444444
2014-05-01 00:00:00 UTC,385,-105,263405380,0.4498611111111111
2014-05-01 00:00:00 UTC,385,-104,263405380,0.525
2014-05-01 00:00:00 UTC,385,-103,263405380,0.63375
2014-05-01 00:00:00 UTC,385,233,239526000,3.1326388888888888
2014-05-01 00:00:00 UTC,385,1216,710040946,4.6833333333333336
2014-05-01 00:00:00 UTC,385,1212,412205685,2.534583333333333
2014-05-01 00:00:00 UTC,385,1201,412286069,0.68569444444444438
2014-05-01 00:00:00 UTC,385,1214,412323722,1.3518055555555555
2014-05-01 00:00:00 UTC,385,253,237519000,0.25930555555555557
2014-05-01 00:00:00 UTC,385,255,237519000,0.952638888888889
2014-05-01 00:00:00 UTC,385,1218,800010666,0.14194444444444446
2014-05-01 00:00:00 UTC,385,1192,412589998,4.6540277777777783
2014-05-01 00:00:00 UTC,385,1193,412589998,1.4056944444444446
2014-05-01 00:00:00 UTC,385,1177,800016052,1.2397222222222222
2014-05-01 00:00:00 UTC,385,1178,800016052,1.9666666666666668
2014-05-01 00:00:00 UTC,385,1176,412819126,0.32166666666666666
2014-05-01 00:00:00 UTC,385,1213,412205499,4.771805555555555
2014-05-01 00:00:00 UTC,385,1213,412205518,1.2051388888888888
2014-05-01 00:00:00 UTC,385,1214,800019409,2.2776388888888892
2014-05-01 00:00:00 UTC,385,1215,800019409,0.8552777777777778
2014-05-01 00:00:00 UTC,385,1215,800036320,11.272916666666671
2014-05-01 00:00:00 UTC,385,1213,800036320,2.0875
2014-05-01 00:00:00 UTC,385,1212,800036320,0.29541666666666666
2014-05-01 00:00:00 UTC,385,1214,800036320,1.5790277777777777
2014-05-01 00:00:00 UTC,385,1216,800036320,0.53291666666666671
2014-05-01 00:00:00 UTC,385,1179,800013553,2.3408333333333333
2014-05-01 00:00:00 UTC,385,1219,415033333,12.792222222222222
2014-05-01 00:00:00 UTC,385,1218,415033333,0.73111111111111116
2014-05-01 00:00:00 UTC,385,1178,912041214,3.5869444444444447
2014-05-01 00:00:00 UTC,385,1177,912041214,0.47111111111111109
2014-05-01 00:00:00 UTC,641,-146,251065110,1.6980555555555554
2014-05-01 00:00:00 UTC,641,-144,251065110,1.6611111111111112
2014-05-01 00:00:00 UTC,641,-145,251065110,5.0041666666666655
2014-05-01 00:00:00 UTC,641,-156,251438110,3.3400000000000003
2014-05-01 00:00:00 UTC,641,-220,251415840,1.6044444444444443
2014-05-01 00:00:00 UTC,641,-221,251415840,3.6452777777777783
2014-05-01 00:00:00 UTC,641,-133,251038000,11.934305555555557
2014-05-01 00:00:00 UTC,641,-132,251038000,1.8915277777777777
2014-05-01 00:00:00 UTC,641,-134,251038000,2.1580555555555554
2014-05-01 00:00:00 UTC,641,-132,251126110,9.1970833333333335
2014-05-01 00:00:00 UTC,641,-134,251126110,0.63472222222222219
2014-05-01 00:00:00 UTC,641,-133,251126110,4.61875
2014-05-01 00:00:00 UTC,641,-131,251126110,0.23916666666666667
2014-05-01 00:00:00 UTC,641,-145,251177110,1.6079166666666669
2014-05-01 00:00:00 UTC,641,-137,251177110,0.22180555555555556
2014-05-01 00:00:00 UTC,641,-136,251177110,0.20652777777777778
2014-05-01 00:00:00 UTC,641,-135,251177110,0.45736111111111111
2014-05-01 00:00:00 UTC,641,-132,251177110,0.22541666666666665
2014-05-01 00:00:00 UTC,641,-133,251177110,0.67041666666666666
2014-05-01 00:00:00 UTC,641,-134,251177110,0.64708333333333334
2014-05-01 00:00:00 UTC,641,-138,251177110,0.25583333333333336
2014-05-01 00:00:00 UTC,641,-133,251049110,8.41875
2014-05-01 00:00:00 UTC,641,-132,251049110,0.65722222222222215
2014-05-01 00:00:00 UTC,641,-134,251049110,1.0333333333333332
2014-05-01 00:00:00 UTC,641,-361,258563000,1.5294444444444444
2014-05-01 00:00:00 UTC,641,-143,251143110,0.867638888888889
2014-05-01 00:00:00 UTC,641,-133,251143110,0.4876388888888889
2014-05-01 00:00:00 UTC,641,-146,251143110,1.4131944444444444
2014-05-01 00:00:00 UTC,641,-135,251143110,0.49277777777777776
2014-05-01 00:00:00 UTC,641,-132,251143110,0.25972222222222219
2014-05-01 00:00:00 UTC,641,-134,251143110,0.68458333333333332
2014-05-01 00:00:00 UTC,641,-145,251143110,2.6925
2014-05-01 00:00:00 UTC,641,-144,251143110,0.5425
2014-05-01 00:00:00 UTC,641,-222,251559110,0.50041666666666662
2014-05-01 00:00:00 UTC,641,-221,251559110,0.33291666666666664
2014-05-01 00:00:00 UTC,641,-220,251272940,0.26208333333333333
2014-05-01 00:00:00 UTC,641,-221,251272940,6.5445833333333328
2014-05-01 00:00:00 UTC,-383,569,312028000,5.02
2014-05-01 00:00:00 UTC,-127,-1305,412420796,1.8086111111111109
2014-05-01 00:00:00 UTC,-127,-1304,412420796,1.6915277777777777
2014-05-01 00:00:00 UTC,-127,-1305,412420846,1.7372222222222222
2014-05-01 00:00:00 UTC,-127,-1041,431382000,1.7918055555555554
2014-05-01 00:00:00 UTC,130,-273,431038000,4.8002777777777776
2014-05-01 00:00:00 UTC,130,-1266,412440235,3.6801388888888891
2014-05-01 00:00:00 UTC,130,-183,224073650,2.391111111111111
2014-05-01 00:00:00 UTC,386,1217,412200448,0.73333333333333339
2014-05-01 00:00:00 UTC,386,1216,412200448,0.47666666666666668
2014-05-01 00:00:00 UTC,386,1177,412374786,8.46361111111111
2014-05-01 00:00:00 UTC,386,1217,412205579,11.346527777777778
2014-05-01 00:00:00 UTC,386,1216,412205579,7.4252777777777776
2014-05-01 00:00:00 UTC,386,1215,412201741,0.10791666666666667
2014-05-01 00:00:00 UTC,386,1219,413905678,6.6841666666666661
2014-05-01 00:00:00 UTC,386,260,237802000,0.25041666666666668
2014-05-01 00:00:00 UTC,386,1215,415001106,0.97305555555555556
2014-05-01 00:00:00 UTC,386,1214,415001106,1.0811111111111111
2014-05-01 00:00:00 UTC,386,1217,412205586,11.23736111111111
2014-05-01 00:00:00 UTC,386,1216,412205586,4.5095833333333335
2014-05-01 00:00:00 UTC,386,-1238,338133779,1.3995833333333332
2014-05-01 00:00:00 UTC,386,-1239,338133779,8.0018055555555563
2014-05-01 00:00:00 UTC,386,1182,800020246,0.52694444444444444
2014-05-01 00:00:00 UTC,386,207,239295000,6.5061111111111112
2014-05-01 00:00:00 UTC,386,208,239295000,7.4859722222222231
2014-05-01 00:00:00 UTC,386,1216,412201758,2.1855555555555553
2014-05-01 00:00:00 UTC,386,1215,412201758,2.7070833333333328
2014-05-01 00:00:00 UTC,386,1214,412201758,2.4412500000000006
2014-05-01 00:00:00 UTC,386,-454,224020000,5.9700000000000006
2014-05-01 00:00:00 UTC,386,1219,412700707,5.7616666666666667
2014-05-01 00:00:00 UTC,386,1199,412283684,3.8472222222222223
2014-05-01 00:00:00 UTC,386,1202,412882219,4.1534722222222227
2014-05-01 00:00:00 UTC,386,1178,412369456,6.110555555555556
2014-05-01 00:00:00 UTC,386,1215,412201521,0.57416666666666671
2014-05-01 00:00:00 UTC,386,1199,412884019,12.232361111111111
2014-05-01 00:00:00 UTC,386,-104,263405380,1.3252777777777778
2014-05-01 00:00:00 UTC,386,1223,412202053,1.50125
2014-05-01 00:00:00 UTC,386,1221,412202053,1.7627777777777778
2014-05-01 00:00:00 UTC,386,1213,412411988,1.6675
2014-05-01 00:00:00 UTC,386,1214,813021525,0.76625
2014-05-01 00:00:00 UTC,386,1213,813021525,3.0486111111111107
2014-05-01 00:00:00 UTC,386,1214,412205141,1.9680555555555559
2014-05-01 00:00:00 UTC,386,1213,412205141,2.3743055555555554
2014-05-01 00:00:00 UTC,386,1215,412205141,1.3240277777777778
2014-05-01 00:00:00 UTC,386,1216,412205141,1.5986111111111112
2014-05-01 00:00:00 UTC,386,1216,412200535,2.7998611111111114
2014-05-01 00:00:00 UTC,386,1214,412200535,1.5330555555555556
2014-05-01 00:00:00 UTC,386,1217,412200535,1.6204166666666664
2014-05-01 00:00:00 UTC,386,1215,412200535,1.4197222222222221
2014-05-01 00:00:00 UTC,386,1217,100700772,0.23236111111111113
2014-05-01 00:00:00 UTC,386,1216,100700772,1.5643055555555554
2014-05-01 00:00:00 UTC,386,1215,412200548,0.10805555555555554
2014-05-01 00:00:00 UTC,386,1217,412205421,11.819722222222223
2014-05-01 00:00:00 UTC,386,1216,412205421,4.2713888888888887
2014-05-01 00:00:00 UTC,386,1217,412205422,7.4072222222222219
2014-05-01 00:00:00 UTC,386,1216,412205422,4.3048611111111112
2014-05-01 00:00:00 UTC,386,1198,412003183,9.8804166666666671
2014-05-01 00:00:00 UTC,386,1201,412286069,0.12583333333333332
2014-05-01 00:00:00 UTC,386,1213,412205435,1.5301388888888889
2014-05-01 00:00:00 UTC,386,1216,412211326,2.0715277777777779
2014-05-01 00:00:00 UTC,386,1216,820040835,2.1966666666666668
2014-05-01 00:00:00 UTC,386,1214,820040835,0.68055555555555558
2014-05-01 00:00:00 UTC,386,1215,820040835,2.5740277777777782
2014-05-01 00:00:00 UTC,386,-751,367421320,0.4622222222222222
2014-05-01 00:00:00 UTC,386,1215,800001675,1.2043055555555555
2014-05-01 00:00:00 UTC,386,1214,800001675,1.0295833333333333
2014-05-01 00:00:00 UTC,386,1201,412002188,4.4841666666666669
2014-05-01 00:00:00 UTC,386,1215,412211602,2.9226388888888892
2014-05-01 00:00:00 UTC,386,1214,412211602,2.7383333333333333
2014-05-01 00:00:00 UTC,386,1216,412211602,1.8395833333333336
2014-05-01 00:00:00 UTC,386,1217,412211602,0.11958333333333332
2014-05-01 00:00:00 UTC,386,1218,412207515,0.53972222222222221
2014-05-01 00:00:00 UTC,386,1218,412207516,0.44680555555555557
2014-05-01 00:00:00 UTC,386,1214,813021609,0.93208333333333337
2014-05-01 00:00:00 UTC,386,1213,813021609,3.045
2014-05-01 00:00:00 UTC,386,1218,800010666,4.7184722222222222
2014-05-01 00:00:00 UTC,386,1213,412201659,4.3911111111111119
2014-05-01 00:00:00 UTC,386,1217,412205499,9.8972222222222221
2014-05-01 00:00:00 UTC,386,1216,412205499,6.2718055555555559
2014-05-01 00:00:00 UTC,386,1213,412201665,1.3459722222222221
2014-05-01 00:00:00 UTC,386,1214,412201665,1.5734722222222222
2014-05-01 00:00:00 UTC,386,1215,412201665,4.8850000000000007
2014-05-01 00:00:00 UTC,386,1215,412201666,2.4690277777777778
2014-05-01 00:00:00 UTC,386,1214,412201666,4.6122222222222229
2014-05-01 00:00:00 UTC,386,1216,412201666,0.10027777777777777
2014-05-01 00:00:00 UTC,386,1213,412201666,0.29652777777777778
2014-05-01 00:00:00 UTC,386,1215,412201667,1.0626388888888889
2014-05-01 00:00:00 UTC,386,1216,412201667,1.8749999999999998
2014-05-01 00:00:00 UTC,386,1214,412201667,1.870972222222222
2014-05-01 00:00:00 UTC,386,1213,412201667,2.5140277777777778
2014-05-01 00:00:00 UTC,386,1213,412201668,2.4304166666666669
2014-05-01 00:00:00 UTC,386,1216,412201668,1.5995833333333331
2014-05-01 00:00:00 UTC,386,1215,412201668,1.4376388888888889
2014-05-01 00:00:00 UTC,386,1214,412201668,1.8859722222222222
2014-05-01 00:00:00 UTC,386,1222,800025541,2.0656944444444445
2014-05-01 00:00:00 UTC,386,-99,263341000,1.4188888888888889
2014-05-01 00:00:00 UTC,386,1216,412205001,3.157777777777778
2014-05-01 00:00:00 UTC,386,1216,412205517,0.10013888888888889
2014-05-01 00:00:00 UTC,386,1215,412205518,1.5390277777777777
2014-05-01 00:00:00 UTC,386,1216,412205518,1.5727777777777776
2014-05-01 00:00:00 UTC,386,1217,412205518,8.4249999999999989
2014-05-01 00:00:00 UTC,386,1214,412035033,1.2630555555555554
2014-05-01 00:00:00 UTC,386,1215,412035033,1.39875
2014-05-01 00:00:00 UTC,386,1216,412035033,2.0016666666666665
2014-05-01 00:00:00 UTC,386,1212,412035033,1.3095833333333333
2014-05-01 00:00:00 UTC,386,1211,412035033,1.1930555555555555
2014-05-01 00:00:00 UTC,386,1213,412035033,0.98402777777777772
2014-05-01 00:00:00 UTC,386,1217,412201187,12.499861111111112
2014-05-01 00:00:00 UTC,386,1216,412201187,7.2908333333333335
2014-05-01 00:00:00 UTC,386,1213,800003813,7.2118055555555562
2014-05-01 00:00:00 UTC,386,1215,800003813,2.351805555555555
2014-05-01 00:00:00 UTC,386,1214,800003813,3.1893055555555549
2014-05-01 00:00:00 UTC,386,1216,800003813,1.8341666666666665
2014-05-01 00:00:00 UTC,386,1216,412205543,8.8268055555555556
2014-05-01 00:00:00 UTC,386,1217,412205543,7.1245833333333337
2014-05-01 00:00:00 UTC,386,1214,412201705,1.2255555555555553
2014-05-01 00:00:00 UTC,386,1215,412201705,3.04375
2014-05-01 00:00:00 UTC,386,1216,412201705,2.1073611111111106
2014-05-01 00:00:00 UTC,386,1215,412201706,3.2141666666666664
2014-05-01 00:00:00 UTC,386,1216,412201706,2.19125
2014-05-01 00:00:00 UTC,386,1214,412201706,1.158611111111111
2014-05-01 00:00:00 UTC,386,1218,415033333,6.7477777777777757
2014-05-01 00:00:00 UTC,386,1216,412201206,1.3238888888888889
2014-05-01 00:00:00 UTC,386,1215,412201206,1.5231944444444445
2014-05-01 00:00:00 UTC,386,1214,412201206,0.70875
2014-05-01 00:00:00 UTC,386,1217,412201206,0.45305555555555554
2014-05-01 00:00:00 UTC,386,1207,412283644,0.22999999999999998
2014-05-01 00:00:00 UTC,386,1217,412201725,0.98138888888888887
2014-05-01 00:00:00 UTC,386,1215,412201725,3.6175000000000006
2014-05-01 00:00:00 UTC,386,1213,412201725,2.6113888888888894
2014-05-01 00:00:00 UTC,386,1214,412201725,2.1869444444444444
2014-05-01 00:00:00 UTC,386,1216,412201725,3.9301388888888891
2014-05-01 00:00:00 UTC,386,1178,912041214,2.2406944444444443
2014-05-01 00:00:00 UTC,386,1217,800031999,2.8754166666666663
2014-05-01 00:00:00 UTC,386,1216,800031999,4.84375
2014-05-01 00:00:00 UTC,642,-128,251040000,0.44361111111111107
2014-05-01 00:00:00 UTC,642,-147,251438110,0.91805555555555562
2014-05-01 00:00:00 UTC,642,-148,251438110,1.794861111111111
2014-05-01 00:00:00 UTC,642,-226,251346240,2.0569444444444445
2014-05-01 00:00:00 UTC,642,-225,251346240,0.41263888888888889
2014-05-01 00:00:00 UTC,642,-223,251346240,0.92541666666666667
2014-05-01 00:00:00 UTC,642,-222,251396440,3.3970833333333332
2014-05-01 00:00:00 UTC,642,-223,251396440,4.6541666666666668
2014-05-01 00:00:00 UTC,642,-224,251396440,1.1581944444444445
2014-05-01 00:00:00 UTC,642,-130,251126110,2.0043055555555553
2014-05-01 00:00:00 UTC,642,-129,251126110,1.8359722222222221
2014-05-01 00:00:00 UTC,642,-131,251126110,0.30041666666666667
2014-05-01 00:00:00 UTC,642,-251,231004000,1.5438888888888889
2014-05-01 00:00:00 UTC,642,99,257567600,1.6781944444444443
2014-05-01 00:00:00 UTC,642,98,257567600,1.5994444444444444
2014-05-01 00:00:00 UTC,642,-220,251808640,0.2583333333333333
2014-05-01 00:00:00 UTC,642,-221,251808640,1.3363888888888888
2014-05-01 00:00:00 UTC,642,-130,251177110,0.41263888888888889
2014-05-01 00:00:00 UTC,642,-146,251177110,0.88597222222222216
2014-05-01 00:00:00 UTC,642,-129,251177110,0.66916666666666669
2014-05-01 00:00:00 UTC,642,-145,251177110,6.2377777777777776
2014-05-01 00:00:00 UTC,642,-128,251177110,0.726111111111111
2014-05-01 00:00:00 UTC,642,-145,251784110,2.2444444444444445
2014-05-01 00:00:00 UTC,642,-144,251784110,0.63791666666666669
2014-05-01 00:00:00 UTC,642,-360,258563000,6.1483333333333334
2014-05-01 00:00:00 UTC,642,-297,231084000,0.16694444444444445
2014-05-01 00:00:00 UTC,-382,629,416004368,6.1161111111111115
2014-05-01 00:00:00 UTC,-382,622,416002875,6.4083333333333332
2014-05-01 00:00:00 UTC,-382,620,416002875,5.2208333333333332
2014-05-01 00:00:00 UTC,-382,568,312028000,4.5659722222222223
2014-05-01 00:00:00 UTC,-382,620,416004507,9.12111111111111
2014-05-01 00:00:00 UTC,-126,-1305,412420796,1.8826388888888888
2014-05-01 00:00:00 UTC,-126,-1304,412420796,0.80013888888888884
2014-05-01 00:00:00 UTC,-126,-5,224929000,0.38847222222222222
2014-05-01 00:00:00 UTC,-126,-1039,431382000,2.1043055555555554
2014-05-01 00:00:00 UTC,131,-173,224106000,0.85763888888888884
2014-05-01 00:00:00 UTC,131,-272,431038000,1.0943055555555556
2014-05-01 00:00:00 UTC,131,-271,431038000,4.4145833333333329
2014-05-01 00:00:00 UTC,131,-183,224073650,5.8643055555555552
2014-05-01 00:00:00 UTC,131,-177,224279000,0.29402777777777778
2014-05-01 00:00:00 UTC,131,-176,224279000,0.35736111111111113
2014-05-01 00:00:00 UTC,387,208,239296000,7.6868055555555541
2014-05-01 00:00:00 UTC,387,1177,900017921,0.65611111111111109
2014-05-01 00:00:00 UTC,387,1215,412201729,5.4865277777777788
2014-05-01 00:00:00 UTC,387,1214,412201729,0.1125
2014-05-01 00:00:00 UTC,387,1216,412201729,4.4988888888888887
2014-05-01 00:00:00 UTC,387,1216,412201731,4.2543055555555558
2014-05-01 00:00:00 UTC,387,1215,412201731,5.9079166666666669
2014-05-01 00:00:00 UTC,387,1214,800000261,1.9218055555555553
2014-05-01 00:00:00 UTC,387,1217,800000261,0.53611111111111109
2014-05-01 00:00:00 UTC,387,1215,800000261,9.71152777777778
2014-05-01 00:00:00 UTC,387,1216,800000261,1.5372222222222223
2014-05-01 00:00:00 UTC,387,1238,412210438,1.6823611111111112
2014-05-01 00:00:00 UTC,387,1214,412211462,0.9375
2014-05-01 00:00:00 UTC,387,1216,412211462,5.2641666666666671
2014-05-01 00:00:00 UTC,387,1215,412211462,1.5475
2014-05-01 00:00:00 UTC,387,1217,412211462,2.3651388888888891
2014-05-01 00:00:00 UTC,387,1216,412201736,2.7933333333333334
2014-05-01 00:00:00 UTC,387,1215,412201736,3.20638888888889
2014-05-01 00:00:00 UTC,387,1214,412201736,3.3818055555555553
2014-05-01 00:00:00 UTC,387,1217,412201736,4.9797222222222235
2014-05-01 00:00:00 UTC,387,1214,9102856,5.8802777777777777
2014-05-01 00:00:00 UTC,387,1215,9102856,1.243611111111111
2014-05-01 00:00:00 UTC,387,1215,412201737,3.5815277777777781
2014-05-01 00:00:00 UTC,387,1216,412201737,1.1163888888888889
2014-05-01 00:00:00 UTC,387,1217,412201737,6.2598611111111113
2014-05-01 00:00:00 UTC,387,1214,412201737,5.8997222222222216
2014-05-01 00:00:00 UTC,387,1215,412201226,4.9327777777777779
2014-05-01 00:00:00 UTC,387,1214,412201226,10.666805555555554
2014-05-01 00:00:00 UTC,387,1216,412201226,2.1530555555555555
2014-05-01 00:00:00 UTC,387,1177,413553677,1.242361111111111
2014-05-01 00:00:00 UTC,387,1215,412201741,10.338611111111112
2014-05-01 00:00:00 UTC,387,1217,412201741,3.6399999999999997
2014-05-01 00:00:00 UTC,387,1214,412201741,7.2849999999999984
2014-05-01 00:00:00 UTC,387,1216,412201741,2.1499999999999995
2014-05-01 00:00:00 UTC,387,1219,412204045,9.861527777777777
2014-05-01 00:00:00 UTC,387,1207,412002318,2.8784722222222219
2014-05-01 00:00:00 UTC,387,1215,412201742,1.51625
2014-05-01 00:00:00 UTC,387,1214,412201742,0.80291666666666661
2014-05-01 00:00:00 UTC,387,1216,412201742,2.0487500000000005
2014-05-01 00:00:00 UTC,387,1217,412201742,1.1279166666666669
2014-05-01 00:00:00 UTC,387,1213,415001106,0.26013888888888886
2014-05-01 00:00:00 UTC,387,1216,415001106,3.6548611111111104
2014-05-01 00:00:00 UTC,387,1215,415001106,3.1933333333333329
2014-05-01 00:00:00 UTC,387,1217,415001106,0.44055555555555559
2014-05-01 00:00:00 UTC,387,1214,415001106,2.1045833333333333
2014-05-01 00:00:00 UTC,387,-1238,338133779,1.091388888888889
2014-05-01 00:00:00 UTC,387,1214,412201751,0.895
2014-05-01 00:00:00 UTC,387,1215,412201751,7.5998611111111085
2014-05-01 00:00:00 UTC,387,1216,412201751,2.8359722222222232
2014-05-01 00:00:00 UTC,387,1217,412201751,0.14361111111111111
2014-05-01 00:00:00 UTC,387,208,239295000,5.1601388888888895
2014-05-01 00:00:00 UTC,387,1214,412201752,5.7245833333333334
2014-05-01 00:00:00 UTC,387,1217,412201752,2.0156944444444442
2014-05-01 00:00:00 UTC,387,1215,412201752,3.484861111111111
2014-05-01 00:00:00 UTC,387,1216,412201752,5.9915277777777769
2014-05-01 00:00:00 UTC,387,1215,412201756,2.9308333333333336
2014-05-01 00:00:00 UTC,387,1217,412201756,5.2023611111111112
2014-05-01 00:00:00 UTC,387,1216,412201756,2.7002777777777776
2014-05-01 00:00:00 UTC,387,1218,412201756,0.576388888888889
2014-05-01 00:00:00 UTC,387,1214,412201756,2.7106944444444436
2014-05-01 00:00:00 UTC,387,1216,412201757,17.702638888888888
2014-05-01 00:00:00 UTC,387,1215,412206877,5.3495833333333325
2014-05-01 00:00:00 UTC,387,1214,412206877,14.338055555555556
2014-05-01 00:00:00 UTC,387,1217,412206877,1.7240277777777777
2014-05-01 00:00:00 UTC,387,1216,412206877,2.9933333333333336
2014-05-01 00:00:00 UTC,387,1214,412201758,0.47180555555555559
2014-05-01 00:00:00 UTC,387,1216,412201758,0.793611111111111
2014-05-01 00:00:00 UTC,387,1213,412201758,0.73208333333333331
2014-05-01 00:00:00 UTC,387,1217,412201758,0.32680555555555557
2014-05-01 00:00:00 UTC,387,1217,412206878,2.6666666666666665
2014-05-01 00:00:00 UTC,387,1215,412206878,1.4649999999999999
2014-05-01 00:00:00 UTC,387,1216,412206878,3.024027777777778
2014-05-01 00:00:00 UTC,387,1214,412206878,7.6866666666666665
2014-05-01 00:00:00 UTC,387,1238,412701218,2.8402777777777777
2014-05-01 00:00:00 UTC,387,1215,412201519,3.8193055555555557
2014-05-01 00:00:00 UTC,387,1216,412201519,3.4641666666666668
2014-05-01 00:00:00 UTC,387,1215,412201521,4.2573611111111109
2014-05-01 00:00:00 UTC,387,1217,412201521,0.75208333333333321
2014-05-01 00:00:00 UTC,387,1216,412201521,3.5076388888888883
2014-05-01 00:00:00 UTC,387,1216,412055092,2.7172222222222224
2014-05-01 00:00:00 UTC,387,1214,412055092,2.083333333333333
2014-05-01 00:00:00 UTC,387,1215,412055092,8.8816666666666677
2014-05-01 00:00:00 UTC,387,1217,412055092,0.6380555555555556
2014-05-01 00:00:00 UTC,387,1216,412210744,3.441527777777778
2014-05-01 00:00:00 UTC,387,1214,412210744,1.2058333333333331
2014-05-01 00:00:00 UTC,387,1215,412210744,9.4936111111111128
2014-05-01 00:00:00 UTC,387,1217,422120515,1.7047222222222222
2014-05-01 00:00:00 UTC,387,1216,422120515,3.3319444444444448
2014-05-01 00:00:00 UTC,387,1214,422120515,0.84763888888888883
2014-05-01 00:00:00 UTC,387,1215,422120515,13.502500000000001
2014-05-01 00:00:00 UTC,387,-105,263405380,1.1205555555555555
2014-05-01 00:00:00 UTC,387,1221,412202053,3.5854166666666667
2014-05-01 00:00:00 UTC,387,1222,412202055,2.9961111111111114
2014-05-01 00:00:00 UTC,387,1221,412202055,2.9281944444444443
2014-05-01 00:00:00 UTC,387,1215,412430417,10.434583333333332
2014-05-01 00:00:00 UTC,387,1217,800030545,0.83944444444444444
2014-05-01 00:00:00 UTC,387,1214,800030545,0.90486111111111112
2014-05-01 00:00:00 UTC,387,1215,800030545,3.0336111111111119
2014-05-01 00:00:00 UTC,387,1216,800030545,3.3448611111111113
2014-05-01 00:00:00 UTC,387,1238,412206929,0.42055555555555557
2014-05-01 00:00:00 UTC,387,1216,412204116,3.5823611111111111
2014-05-01 00:00:00 UTC,387,1217,412204116,1.3034722222222221
2014-05-01 00:00:00 UTC,387,1215,412204116,1.7322222222222223
2014-05-01 00:00:00 UTC,387,1214,412204116,0.26569444444444446
2014-05-01 00:00:00 UTC,387,1215,412411988,3.8995833333333345
2014-05-01 00:00:00 UTC,387,1214,412411988,2.9787500000000007
2014-05-01 00:00:00 UTC,387,1216,412411988,1.1681944444444443
2014-05-01 00:00:00 UTC,387,1215,813021525,2.8115277777777776
2014-05-01 00:00:00 UTC,387,1214,813021525,2.3906944444444442
2014-05-01 00:00:00 UTC,387,1216,813021525,2.052777777777778
2014-05-01 00:00:00 UTC,387,1214,412205141,6.0441666666666656
2014-05-01 00:00:00 UTC,387,1216,412205141,1.6194444444444445
2014-05-01 00:00:00 UTC,387,1217,412205141,2.28375
2014-05-01 00:00:00 UTC,387,1215,412205141,1.5280555555555555
2014-05-01 00:00:00 UTC,387,1214,412205142,1.1390277777777778
2014-05-01 00:00:00 UTC,387,1216,412205142,0.56833333333333336
2014-05-01 00:00:00 UTC,387,1215,412205142,5.3345833333333328
2014-05-01 00:00:00 UTC,387,1214,412200535,3.0776388888888895
2014-05-01 00:00:00 UTC,387,1216,412200535,2.2255555555555557
2014-05-01 00:00:00 UTC,387,1215,412200535,1.9681944444444444
2014-05-01 00:00:00 UTC,387,1214,412004696,10.26402777777778
2014-05-01 00:00:00 UTC,387,1215,412004696,6.0827777777777783
2014-05-01 00:00:00 UTC,387,1206,412882265,5.7141666666666673
2014-05-01 00:00:00 UTC,387,1207,412882265,6.4452777777777781
2014-05-01 00:00:00 UTC,387,1216,100700772,7.3954166666666676
2014-05-01 00:00:00 UTC,387,1215,100700772,8.850138888888889
2014-05-01 00:00:00 UTC,387,1217,100700772,3.0729166666666661
2014-05-01 00:00:00 UTC,387,1215,412200548,8.4601388888888884
2014-05-01 00:00:00 UTC,387,1214,412200548,2.8284722222222221
2014-05-01 00:00:00 UTC,387,1216,412200548,1.7147222222222223
2014-05-01 00:00:00 UTC,387,1214,412205156,2.3138888888888887
2014-05-01 00:00:00 UTC,387,1215,412205156,2.0866666666666664
2014-05-01 00:00:00 UTC,387,1217,412205156,1.4054166666666665
2014-05-01 00:00:00 UTC,387,1216,412205156,5.6102777777777781
2014-05-01 00:00:00 UTC,387,1213,412205156,0.571388888888889
2014-05-01 00:00:00 UTC,387,1223,412205412,1.2569444444444444
2014-05-01 00:00:00 UTC,387,1222,412205412,0.60638888888888887
2014-05-01 00:00:00 UTC,387,1215,412201318,0.15916666666666668
2014-05-01 00:00:00 UTC,387,1216,412201318,1.3024999999999998
2014-05-01 00:00:00 UTC,387,1214,412201318,9.7431944444444447
2014-05-01 00:00:00 UTC,387,1217,412201318,1.1859722222222222
2014-05-01 00:00:00 UTC,387,1217,412200551,4.1966666666666672
2014-05-01 00:00:00 UTC,387,1215,412200551,1.5290277777777779
2014-05-01 00:00:00 UTC,387,1216,412200551,3.9273611111111113
2014-05-01 00:00:00 UTC,387,229,237969000,4.7938888888888895
2014-05-01 00:00:00 UTC,387,1238,412205673,0.17541666666666667
2014-05-01 00:00:00 UTC,387,1215,412201581,3.2351388888888888
2014-05-01 00:00:00 UTC,387,1216,412201581,2.5423611111111111
2014-05-01 00:00:00 UTC,387,1217,412201581,3.2644444444444449
2014-05-01 00:00:00 UTC,387,1214,412201581,7.6697222222222221
2014-05-01 00:00:00 UTC,387,1216,412205435,1.0233333333333332
2014-05-01 00:00:00 UTC,387,1215,412205435,4.1275
2014-05-01 00:00:00 UTC,387,1214,412205435,2.6636111111111114
2014-05-01 00:00:00 UTC,387,1213,412205435,2.1827777777777775
2014-05-01 00:00:00 UTC,387,1207,412882301,2.4502777777777776
2014-05-01 00:00:00 UTC,387,1238,412206976,16.236527777777777
2014-05-01 00:00:00 UTC,387,1216,412201091,4.3666666666666671
2014-05-01 00:00:00 UTC,387,1214,412201091,10.472638888888889
2014-05-01 00:00:00 UTC,387,1217,412201091,2.2522222222222221
2014-05-01 00:00:00 UTC,387,1238,412202371,3.9573611111111111
2014-05-01 00:00:00 UTC,387,1213,820040835,8.0366666666666671
2014-05-01 00:00:00 UTC,387,1216,412204166,6.47625
2014-05-01 00:00:00 UTC,387,1214,412204166,6.06138888888889
2014-05-01 00:00:00 UTC,387,1217,412204166,3.1229166666666668
2014-05-01 00:00:00 UTC,387,1215,412204166,5.0865277777777775
2014-05-01 00:00:00 UTC,387,1217,412201609,0.26680555555555557
2014-05-01 00:00:00 UTC,387,1215,412201609,8.7655555555555544
2014-05-01 00:00:00 UTC,387,1216,412201609,3.5419444444444448
2014-05-01 00:00:00 UTC,387,1214,800001675,1.9720833333333334
2014-05-01 00:00:00 UTC,387,1215,800001675,0.26166666666666666
2014-05-01 00:00:00 UTC,387,1216,800001675,11.0675
2014-05-01 00:00:00 UTC,387,1217,800001675,0.52888888888888885
2014-05-01 00:00:00 UTC,387,1216,412201611,1.9023611111111109
2014-05-01 00:00:00 UTC,387,1217,412201611,11.861527777777779
2014-05-01 00:00:00 UTC,387,1216,412201612,3.8583333333333343
2014-05-01 00:00:00 UTC,387,1215,412201612,5.0886111111111108
2014-05-01 00:00:00 UTC,387,1215,412205452,2.7068055555555555
2014-05-01 00:00:00 UTC,387,1217,412205452,2.2688888888888892
2014-05-01 00:00:00 UTC,387,1214,412205452,1.226388888888889
2014-05-01 00:00:00 UTC,387,1216,412205452,6.7066666666666643
2014-05-01 00:00:00 UTC,387,1213,412211087,1.2886111111111109
2014-05-01 00:00:00 UTC,387,1216,412211087,4.3125
2014-05-01 00:00:00 UTC,387,1217,412211087,2.1781944444444443
2014-05-01 00:00:00 UTC,387,1214,412211087,1.1704166666666667
2014-05-01 00:00:00 UTC,387,1215,412211087,1.7794444444444444
2014-05-01 00:00:00 UTC,387,1214,412205456,0.7219444444444445
2014-05-01 00:00:00 UTC,387,1217,412205456,2.4054166666666665
2014-05-01 00:00:00 UTC,387,1215,412205456,2.7148611111111109
2014-05-01 00:00:00 UTC,387,1216,412205456,5.6847222222222218
2014-05-01 00:00:00 UTC,387,1214,412201618,1.3486111111111112
2014-05-01 00:00:00 UTC,387,1215,412201618,10.899027777777777
2014-05-01 00:00:00 UTC,387,1206,412865938,2.3102777777777779
2014-05-01 00:00:00 UTC,387,1207,412865938,13.429444444444441
2014-05-01 00:00:00 UTC,387,1217,412211602,0.17208333333333334
2014-05-01 00:00:00 UTC,387,1214,412211602,0.51
2014-05-01 00:00:00 UTC,387,1216,412211602,0.98972222222222217
2014-05-01 00:00:00 UTC,387,1213,412211602,6.9138888888888888
2014-05-01 00:00:00 UTC,387,1216,412201622,3.4434722222222223
2014-05-01 00:00:00 UTC,387,1214,412201622,0.4186111111111111
2014-05-01 00:00:00 UTC,387,1217,412201622,0.27402777777777776
2014-05-01 00:00:00 UTC,387,1215,412201622,4.2298611111111111
2014-05-01 00:00:00 UTC,387,1238,412202646,2.0172222222222222
2014-05-01 00:00:00 UTC,387,1216,412201623,3.7134722222222227
2014-05-01 00:00:00 UTC,387,1215,412201623,3.0547222222222219
2014-05-01 00:00:00 UTC,387,1217,412201623,0.4075
2014-05-01 00:00:00 UTC,387,1214,412201623,6.63125
2014-05-01 00:00:00 UTC,387,1218,412207515,1.0429166666666667
2014-05-01 00:00:00 UTC,387,1216,412207515,4.5386111111111118
2014-05-01 00:00:00 UTC,387,1215,412207515,9.8729166666666668
2014-05-01 00:00:00 UTC,387,1217,412207515,3.0347222222222219
2014-05-01 00:00:00 UTC,387,1217,412207516,2.47986111111111
2014-05-01 00:00:00 UTC,387,1216,412207516,5.2955555555555547
2014-05-01 00:00:00 UTC,387,1215,412207516,3.651388888888889
2014-05-01 00:00:00 UTC,387,1214,412207516,2.1686111111111113
2014-05-01 00:00:00 UTC,387,1218,412207516,1.345277777777778
2014-05-01 00:00:00 UTC,387,1214,412201631,7.5694444444444446
2014-05-01 00:00:00 UTC,387,1216,412201631,1.2895833333333333
2014-05-01 00:00:00 UTC,387,1215,412201631,9.1469444444444434
2014-05-01 00:00:00 UTC,387,1238,412202655,2.8022222222222224
2014-05-01 00:00:00 UTC,387,1214,412201632,1.17625
2014-05-01 00:00:00 UTC,387,1216,412201632,1.2877777777777779
2014-05-01 00:00:00 UTC,387,1215,412201632,8.3373611111111074
2014-05-01 00:00:00 UTC,387,1217,412201633,3.1830555555555553
2014-05-01 00:00:00 UTC,387,1218,412201633,0.27819444444444447
2014-05-01 00:00:00 UTC,387,1214,412201633,1.3381944444444445
2014-05-01 00:00:00 UTC,387,1216,412201633,3.2795833333333331
2014-05-01 00:00:00 UTC,387,1215,412201633,4.5229166666666671
2014-05-01 00:00:00 UTC,387,1217,412201378,1.4320833333333334
2014-05-01 00:00:00 UTC,387,1215,412201378,3.5579166666666668
2014-05-01 00:00:00 UTC,387,1214,412201378,5.6594444444444445
2014-05-01 00:00:00 UTC,387,1216,412201378,5.8758333333333344
2014-05-01 00:00:00 UTC,387,1238,412205476,0.8338888888888889
2014-05-01 00:00:00 UTC,387,1215,412201637,7.3934722222222229
2014-05-01 00:00:00 UTC,387,1216,412201637,1.6427777777777774
2014-05-01 00:00:00 UTC,387,1214,412201637,6.274583333333335
2014-05-01 00:00:00 UTC,387,1216,412211365,0.5825
2014-05-01 00:00:00 UTC,387,1217,412201638,1.7056944444444448
2014-05-01 00:00:00 UTC,387,1215,412201638,5.1606944444444443
2014-05-01 00:00:00 UTC,387,1214,412201638,0.92805555555555563
2014-05-01 00:00:00 UTC,387,1216,412201638,3.1195833333333338
2014-05-01 00:00:00 UTC,387,1215,412205222,1.6620833333333331
2014-05-01 00:00:00 UTC,387,1214,412203943,16.155972222222225
2014-05-01 00:00:00 UTC,387,1215,412203943,2.9865277777777774
2014-05-01 00:00:00 UTC,387,1217,412203943,2.5793055555555555
2014-05-01 00:00:00 UTC,387,1216,412203943,2.5716666666666668
2014-05-01 00:00:00 UTC,387,1216,813021609,1.90875
2014-05-01 00:00:00 UTC,387,1215,813021609,2.88125
2014-05-01 00:00:00 UTC,387,1214,813021609,2.8251388888888886
2014-05-01 00:00:00 UTC,387,1216,412207017,3.4176388888888884
2014-05-01 00:00:00 UTC,387,1215,412207017,4.5663888888888895
2014-05-01 00:00:00 UTC,387,1214,412207017,2.627361111111111
2014-05-01 00:00:00 UTC,387,1218,800010666,4.3275000000000006
2014-05-01 00:00:00 UTC,387,1216,800029613,2.9384722222222224
2014-05-01 00:00:00 UTC,387,1215,800029613,4.9383333333333335
2014-05-01 00:00:00 UTC,387,1214,800029613,3.0581944444444442
2014-05-01 00:00:00 UTC,387,1217,800029613,2.277222222222222
2014-05-01 00:00:00 UTC,387,1215,800029614,12.200416666666667
2014-05-01 00:00:00 UTC,387,1216,800029614,8.2104166666666671
2014-05-01 00:00:00 UTC,387,1238,412207023,2.9722222222222219
2014-05-01 00:00:00 UTC,387,1214,412214195,5.8844444444444441
2014-05-01 00:00:00 UTC,387,1216,412214195,3.2801388888888887
2014-05-01 00:00:00 UTC,387,1217,412214195,2.2656944444444442
2014-05-01 00:00:00 UTC,387,1215,412214195,5.6108333333333329
2014-05-01 00:00:00 UTC,387,1215,412201652,3.9218055555555558
2014-05-01 00:00:00 UTC,387,1216,412201652,3.0515277777777778
2014-05-01 00:00:00 UTC,387,1217,412201652,3.7811111111111111
2014-05-01 00:00:00 UTC,387,1193,412585909,3.7943055555555558
2014-05-01 00:00:00 UTC,387,1214,412201655,10.815833333333337
2014-05-01 00:00:00 UTC,387,1216,412201655,0.36430555555555555
2014-05-01 00:00:00 UTC,387,1215,412201655,4.9665277777777792
2014-05-01 00:00:00 UTC,387,1216,412201656,0.52486111111111111
2014-05-01 00:00:00 UTC,387,1214,412201656,10.385416666666668
2014-05-01 00:00:00 UTC,387,1215,412201656,4.8977777777777778
2014-05-01 00:00:00 UTC,387,1226,565869499,3.2479166666666668
2014-05-01 00:00:00 UTC,387,1225,565869499,1.066527777777778
2014-05-01 00:00:00 UTC,387,1227,565869499,0.7275
2014-05-01 00:00:00 UTC,387,1217,412201659,2.9365277777777781
2014-05-01 00:00:00 UTC,387,1215,412201659,4.5291666666666668
2014-05-01 00:00:00 UTC,387,1213,412201659,0.80944444444444441
2014-05-01 00:00:00 UTC,387,1214,412201659,1.2894444444444446
2014-05-01 00:00:00 UTC,387,1216,412201659,4.8898611111111112
2014-05-01 00:00:00 UTC,387,1215,412205501,5.9438888888888881
2014-05-01 00:00:00 UTC,387,1214,412205501,7.0763888888888884
2014-05-01 00:00:00 UTC,387,1216,412205501,3.9729166666666669
2014-05-01 00:00:00 UTC,387,1217,412205501,0.70486111111111116
2014-05-01 00:00:00 UTC,387,1218,412201662,0.27125
2014-05-01 00:00:00 UTC,387,1215,412201662,4.9033333333333342
2014-05-01 00:00:00 UTC,387,1216,412201662,6.6808333333333332
2014-05-01 00:00:00 UTC,387,1214,412201662,0.41444444444444445
2014-05-01 00:00:00 UTC,387,1217,412201662,2.7509722222222219
2014-05-01 00:00:00 UTC,387,1177,412325567,3.3781944444444445
2014-05-01 00:00:00 UTC,387,1214,412201407,7.1234722222222215
2014-05-01 00:00:00 UTC,387,1216,412201663,2.2004166666666665
2014-05-01 00:00:00 UTC,387,1215,412201663,2.3815277777777784
2014-05-01 00:00:00 UTC,387,1217,412201663,2.6633333333333336
2014-05-01 00:00:00 UTC,387,1218,412201663,0.22916666666666666
2014-05-01 00:00:00 UTC,387,1214,412201663,0.14166666666666666
2014-05-01 00:00:00 UTC,387,1215,412201665,2.2406944444444443
2014-05-01 00:00:00 UTC,387,1217,412201665,1.2066666666666666
2014-05-01 00:00:00 UTC,387,1216,412201665,2.288472222222222
2014-05-01 00:00:00 UTC,387,1214,412201666,1.0505555555555555
2014-05-01 00:00:00 UTC,387,1215,412201666,3.7991666666666668
2014-05-01 00:00:00 UTC,387,1217,412201666,1.3711111111111112
2014-05-01 00:00:00 UTC,387,1216,412201666,2.4405555555555556
2014-05-01 00:00:00 UTC,387,1214,412201667,2.6308333333333334
2014-05-01 00:00:00 UTC,387,1216,412201667,0.37513888888888891
2014-05-01 00:00:00 UTC,387,1215,412201667,1.3920833333333336
2014-05-01 00:00:00 UTC,387,1209,412200388,0.24138888888888888
2014-05-01 00:00:00 UTC,387,1216,412201668,0.61680555555555561
2014-05-01 00:00:00 UTC,387,1214,412201668,1.8925000000000005
2014-05-01 00:00:00 UTC,387,1215,412201668,1.1743055555555555
2014-05-01 00:00:00 UTC,387,1218,800025541,1.1920833333333334
2014-05-01 00:00:00 UTC,387,1220,800025541,2.2551388888888888
2014-05-01 00:00:00 UTC,387,1219,800025541,2.8650000000000007
2014-05-01 00:00:00 UTC,387,1215,412201669,4.3945833333333342
2014-05-01 00:00:00 UTC,387,1217,412201669,1.3355555555555556
2014-05-01 00:00:00 UTC,387,1214,412201669,4.8920833333333329
2014-05-01 00:00:00 UTC,387,1216,412201669,3.145
2014-05-01 00:00:00 UTC,387,1217,412201671,0.8175
2014-05-01 00:00:00 UTC,387,1214,412201671,2.8384722222222227
2014-05-01 00:00:00 UTC,387,1215,412201671,2.9083333333333332
2014-05-01 00:00:00 UTC,387,1216,412201671,1.629861111111111
2014-05-01 00:00:00 UTC,387,229,237965000,4.5508333333333333
2014-05-01 00:00:00 UTC,387,1214,412201672,1.2280555555555557
2014-05-01 00:00:00 UTC,387,1215,412201672,1.3034722222222221
2014-05-01 00:00:00 UTC,387,1216,412201672,2.0797222222222222
2014-05-01 00:00:00 UTC,387,1217,412201672,0.78541666666666676
2014-05-01 00:00:00 UTC,387,1216,412211657,3.2119444444444447
2014-05-01 00:00:00 UTC,387,1215,412211657,1.4405555555555556
2014-05-01 00:00:00 UTC,387,1214,412211657,7.4897222222222215
2014-05-01 00:00:00 UTC,387,1217,412211657,2.8329166666666667
2014-05-01 00:00:00 UTC,387,1216,412205517,2.8508333333333336
2014-05-01 00:00:00 UTC,387,1214,412205517,2.5824999999999996
2014-05-01 00:00:00 UTC,387,1217,412205517,2.8909722222222221
2014-05-01 00:00:00 UTC,387,1215,412205517,2.8526388888888889
2014-05-01 00:00:00 UTC,387,1216,412205518,0.47555555555555556
2014-05-01 00:00:00 UTC,387,1215,412205518,0.55458333333333332
2014-05-01 00:00:00 UTC,387,1206,412888015,6.4433333333333334
2014-05-01 00:00:00 UTC,387,1207,412888015,4.8047222222222219
2014-05-01 00:00:00 UTC,387,1216,412110288,0.87944444444444447
2014-05-01 00:00:00 UTC,387,1217,412110288,1.8947222222222222
2014-05-01 00:00:00 UTC,387,1217,412201682,1.9956944444444442
2014-05-01 00:00:00 UTC,387,1216,412201682,1.3222222222222224
2014-05-01 00:00:00 UTC,387,1215,412201682,2.1926388888888888
2014-05-01 00:00:00 UTC,387,1214,412201682,1.1593055555555556
2014-05-01 00:00:00 UTC,387,204,247120850,2.3656944444444443
2014-05-01 00:00:00 UTC,387,1214,412202707,1.6197222222222223
2014-05-01 00:00:00 UTC,387,1215,412202707,3.033611111111111
2014-05-01 00:00:00 UTC,387,1217,412202707,2.5741666666666667
2014-05-01 00:00:00 UTC,387,1216,412202707,3.1148611111111113
2014-05-01 00:00:00 UTC,387,1216,412201685,1.7141666666666666
2014-05-01 00:00:00 UTC,387,1214,412201685,5.2490277777777781
2014-05-01 00:00:00 UTC,387,1215,412201685,3.9477777777777776
2014-05-01 00:00:00 UTC,387,1216,412205525,6.2694444444444457
2014-05-01 00:00:00 UTC,387,1215,412205525,6.4131944444444473
2014-05-01 00:00:00 UTC,387,1217,412205525,1.7969444444444445
2014-05-01 00:00:00 UTC,387,1214,412205525,3.3366666666666664
2014-05-01 00:00:00 UTC,387,1215,412201687,2.2812500000000004
2014-05-01 00:00:00 UTC,387,1217,412201687,1.788472222222222
2014-05-01 00:00:00 UTC,387,1214,412201687,2.3287500000000003
2014-05-01 00:00:00 UTC,387,1216,412201687,2.5559722222222221
2014-05-01 00:00:00 UTC,387,1216,412201176,1.2602777777777778
2014-05-01 00:00:00 UTC,387,1218,412201176,4.6609722222222221
2014-05-01 00:00:00 UTC,387,1217,412201176,1.4734722222222221
2014-05-01 00:00:00 UTC,387,1215,412201176,0.12555555555555556
2014-05-01 00:00:00 UTC,387,1213,412201176,5.1497222222222216
2014-05-01 00:00:00 UTC,387,1213,412035033,1.2326388888888888
2014-05-01 00:00:00 UTC,387,1216,412035033,0.14125
2014-05-01 00:00:00 UTC,387,1215,412035033,1.3568055555555556
2014-05-01 00:00:00 UTC,387,1214,412035033,1.5752777777777776
2014-05-01 00:00:00 UTC,387,1217,412201437,0.64708333333333334
2014-05-01 00:00:00 UTC,387,1216,412201437,3.8458333333333332
2014-05-01 00:00:00 UTC,387,1215,412201437,3.2595833333333339
2014-05-01 00:00:00 UTC,387,1214,412201437,16.073055555555555
2014-05-01 00:00:00 UTC,387,1215,800029662,3.8231944444444439
2014-05-01 00:00:00 UTC,387,1214,800029662,4.2681944444444451
2014-05-01 00:00:00 UTC,387,1216,800029662,3.237222222222222
2014-05-01 00:00:00 UTC,387,1218,412201695,1.3365277777777778
2014-05-01 00:00:00 UTC,387,1216,412201695,2.8962499999999993
2014-05-01 00:00:00 UTC,387,1214,412201695,7.4483333333333324
2014-05-01 00:00:00 UTC,387,1215,412201695,3.51736111111111
2014-05-01 00:00:00 UTC,387,1217,412201695,2.8176388888888892
2014-05-01 00:00:00 UTC,387,229,237964000,15.486250000000002
2014-05-01 00:00:00 UTC,387,1216,412201696,2.7813888888888885
2014-05-01 00:00:00 UTC,387,1215,412201696,3.4913888888888889
2014-05-01 00:00:00 UTC,387,1217,412201696,2.7166666666666663
2014-05-01 00:00:00 UTC,387,1218,412201696,1.4465277777777779
2014-05-01 00:00:00 UTC,387,1214,412201696,2.3411111111111111
2014-05-01 00:00:00 UTC,387,1214,412201697,8.8697222222222223
2014-05-01 00:00:00 UTC,387,1216,412201697,2.545
2014-05-01 00:00:00 UTC,387,1215,412201697,6.1456944444444437
2014-05-01 00:00:00 UTC,387,1214,412201698,5.2305555555555561
2014-05-01 00:00:00 UTC,387,1216,412201698,2.4813888888888891
2014-05-01 00:00:00 UTC,387,1215,412201698,6.1856944444444419
2014-05-01 00:00:00 UTC,387,1213,800003813,0.90375
2014-05-01 00:00:00 UTC,387,1215,412544230,3.2401388888888891
2014-05-01 00:00:00 UTC,387,1216,412544230,2.8245833333333334
2014-05-01 00:00:00 UTC,387,1217,412544230,1.6406944444444445
2014-05-01 00:00:00 UTC,387,1214,412544230,2.3248611111111113
2014-05-01 00:00:00 UTC,387,1215,412201705,0.79222222222222216
2014-05-01 00:00:00 UTC,387,1214,412201705,3.7262500000000003
2014-05-01 00:00:00 UTC,387,1216,412201705,4.1834722222222211
2014-05-01 00:00:00 UTC,387,1217,412201705,2.5849999999999995
2014-05-01 00:00:00 UTC,387,1217,412201706,2.7744444444444443
2014-05-01 00:00:00 UTC,387,1215,412201706,0.47569444444444442
2014-05-01 00:00:00 UTC,387,1214,412201706,3.9381944444444441
2014-05-01 00:00:00 UTC,387,1216,412201706,3.65125
2014-05-01 00:00:00 UTC,387,1215,412201709,5.9397222222222226
2014-05-01 00:00:00 UTC,387,1216,412201709,4.9354166666666659
2014-05-01 00:00:00 UTC,387,1214,412201709,5.1051388888888889
2014-05-01 00:00:00 UTC,387,1217,412201711,0.92402777777777767
2014-05-01 00:00:00 UTC,387,1214,412201711,0.12513888888888888
2014-05-01 00:00:00 UTC,387,1215,412201711,5.42888888888889
2014-05-01 00:00:00 UTC,387,1216,412201711,3.8838888888888894
2014-05-01 00:00:00 UTC,387,1238,412205039,1.24
2014-05-01 00:00:00 UTC,387,1238,412205042,5.4488888888888889
2014-05-01 00:00:00 UTC,387,1216,412201717,3.2393055555555561
2014-05-01 00:00:00 UTC,387,1214,412201717,2.8483333333333327
2014-05-01 00:00:00 UTC,387,1217,412201717,1.7805555555555557
2014-05-01 00:00:00 UTC,387,1215,412201717,3.0097222222222224
2014-05-01 00:00:00 UTC,387,1218,415033333,1.723611111111111
2014-05-01 00:00:00 UTC,387,1217,412201206,0.67069444444444448
2014-05-01 00:00:00 UTC,387,1216,412201206,1.9638888888888888
2014-05-01 00:00:00 UTC,387,1214,412201206,2.0890277777777775
2014-05-01 00:00:00 UTC,387,1215,412201206,1.4334722222222225
2014-05-01 00:00:00 UTC,387,1215,412201719,2.4456944444444448
2014-05-01 00:00:00 UTC,387,1214,412201719,8.4859722222222214
2014-05-01 00:00:00 UTC,387,1216,412201719,2.3469444444444445
2014-05-01 00:00:00 UTC,387,1217,412201719,2.1574999999999998
2014-05-01 00:00:00 UTC,387,229,240331000,1.785
2014-05-01 00:00:00 UTC,387,1215,412205561,3.8283333333333336
2014-05-01 00:00:00 UTC,387,1216,412205561,4.2047222222222222
2014-05-01 00:00:00 UTC,387,1217,412205561,2.3827777777777781
2014-05-01 00:00:00 UTC,387,1214,412205561,1.6719444444444445
2014-05-01 00:00:00 UTC,387,1214,412200443,7.6394444444444449
2014-05-01 00:00:00 UTC,387,1215,412200443,5.8766666666666687
2014-05-01 00:00:00 UTC,387,1217,412200443,0.39180555555555552
2014-05-01 00:00:00 UTC,387,1216,412200443,3.2493055555555559
2014-05-01 00:00:00 UTC,387,1207,412283644,6.4979166666666659
2014-05-01 00:00:00 UTC,387,1214,412201725,0.3425
2014-05-01 00:00:00 UTC,387,1218,412201726,0.33999999999999997
2014-05-01 00:00:00 UTC,387,1215,412201726,4.792638888888888
2014-05-01 00:00:00 UTC,387,1214,412201726,1.4418055555555556
2014-05-01 00:00:00 UTC,387,1216,412201726,2.8634722222222222
2014-05-01 00:00:00 UTC,387,1217,412201726,3.0154166666666669
2014-05-01 00:00:00 UTC,643,-126,251040000,5.51125
2014-05-01 00:00:00 UTC,643,-125,251040000,4.9513888888888893
2014-05-01 00:00:00 UTC,643,-127,251040000,1.9695833333333335
2014-05-01 00:00:00 UTC,643,-124,251040000,0.25083333333333335
2014-05-01 00:00:00 UTC,643,-147,251438110,2.6643055555555559
2014-05-01 00:00:00 UTC,643,-146,251438110,0.56708333333333338
2014-05-01 00:00:00 UTC,643,-226,251346240,7.9986111111111118
2014-05-01 00:00:00 UTC,643,-233,251313240,8.6443055555555546
2014-05-01 00:00:00 UTC,643,-234,251189110,3.8540277777777776
2014-05-01 00:00:00 UTC,643,-144,251490440,3.2029166666666664
2014-05-01 00:00:00 UTC,643,-145,251490440,3.9241666666666664
2014-05-01 00:00:00 UTC,643,-145,251472540,14.899305555555557
2014-05-01 00:00:00 UTC,643,-377,331428000,10.354722222222222
2014-05-01 00:00:00 UTC,643,-379,331428000,9.2122222222222216
2014-05-01 00:00:00 UTC,643,-143,251784110,1.8440277777777778
2014-05-01 00:00:00 UTC,643,-144,251784110,3.5686111111111112
2014-05-01 00:00:00 UTC,643,-145,251784110,8.56013888888889
2014-05-01 00:00:00 UTC,643,-233,251429110,0.35333333333333333
2014-05-01 00:00:00 UTC,-381,629,416004368,4.308472222222222
2014-05-01 00:00:00 UTC,-381,599,416004624,8.33013888888889
2014-05-01 00:00:00 UTC,-381,621,416002875,1.9126388888888888
2014-05-01 00:00:00 UTC,-381,616,416002926,6.0508333333333324
2014-05-01 00:00:00 UTC,-381,607,416004245,2.1380555555555554
2014-05-01 00:00:00 UTC,-125,-1553,416199800,4.2330555555555556
2014-05-01 00:00:00 UTC,-125,-1304,412420796,0.16652777777777777
2014-05-01 00:00:00 UTC,-125,-1305,412420796,4.5758333333333336
2014-05-01 00:00:00 UTC,-125,-5,224929000,0.83902777777777771
2014-05-01 00:00:00 UTC,-125,-1305,412420846,2.7175000000000002
2014-05-01 00:00:00 UTC,-125,-1039,431382000,3.6599999999999997
2014-05-01 00:00:00 UTC,132,-173,224106000,0.27777777777777779
2014-05-01 00:00:00 UTC,132,-172,224106000,3.0083333333333333
2014-05-01 00:00:00 UTC,132,-270,431038000,1.53625
2014-05-01 00:00:00 UTC,132,-183,224073650,1.5004166666666667
2014-05-01 00:00:00 UTC,132,-176,224279000,2.7086111111111113
2014-05-01 00:00:00 UTC,132,-174,224279000,0.25388888888888889
2014-05-01 00:00:00 UTC,132,-175,224279000,1.5781944444444445
2014-05-01 00:00:00 UTC,388,1231,412202752,3.7569444444444442
2014-05-01 00:00:00 UTC,388,1177,900017921,3.078611111111111
2014-05-01 00:00:00 UTC,388,1178,900017921,1.3088888888888888
2014-05-01 00:00:00 UTC,388,1216,412205057,3.006388888888889
2014-05-01 00:00:00 UTC,388,1184,412009988,0.86444444444444446
2014-05-01 00:00:00 UTC,388,1216,800000261,1.1612500000000001
2014-05-01 00:00:00 UTC,388,1238,412210438,15.434722222222225
2014-05-01 00:00:00 UTC,388,1177,413553677,5.7798611111111109
2014-05-01 00:00:00 UTC,388,1220,820040973,1.7462499999999999
2014-05-01 00:00:00 UTC,388,1238,412202512,3.5787500000000003
2014-05-01 00:00:00 UTC,388,1237,412215312,0.99472222222222217
2014-05-01 00:00:00 UTC,388,1217,412201752,1.3897222222222223
2014-05-01 00:00:00 UTC,388,1216,412206878,0.6826388888888888
2014-05-01 00:00:00 UTC,388,1217,412206878,2.6122222222222224
2014-05-01 00:00:00 UTC,388,1238,412701218,3.9152777777777779
2014-05-01 00:00:00 UTC,388,230,239305000,9.8818055555555553
2014-05-01 00:00:00 UTC,388,229,239305000,10.998055555555556
2014-05-01 00:00:00 UTC,388,1215,412210744,1.3156944444444445
2014-05-01 00:00:00 UTC,388,1216,412210744,1.2409722222222221
2014-05-01 00:00:00 UTC,388,1208,412210233,3.0705555555555555
2014-05-01 00:00:00 UTC,388,1209,412210233,0.36458333333333337
2014-05-01 00:00:00 UTC,388,1193,412221506,5.3161111111111117
2014-05-01 00:00:00 UTC,388,93,247151940,1.1187500000000001
2014-05-01 00:00:00 UTC,388,-105,263405380,0.57944444444444443
2014-05-01 00:00:00 UTC,388,-537,224189000,6.2095833333333337
2014-05-01 00:00:00 UTC,388,-536,224189000,5.4627777777777782
2014-05-01 00:00:00 UTC,388,1218,412201037,1.9675
2014-05-01 00:00:00 UTC,388,92,247151950,1.484861111111111
2014-05-01 00:00:00 UTC,388,1231,412203601,3.574444444444445
2014-05-01 00:00:00 UTC,388,1233,412203601,3.6131944444444448
2014-05-01 00:00:00 UTC,388,1238,412200531,11.885694444444445
2014-05-01 00:00:00 UTC,388,1216,412200535,1.2002777777777778
2014-05-01 00:00:00 UTC,388,1215,412200535,0.44902777777777775
2014-05-01 00:00:00 UTC,388,-530,224071000,5.5651388888888889
2014-05-01 00:00:00 UTC,388,1192,412004188,1.9676388888888887
2014-05-01 00:00:00 UTC,388,1193,412222305,5.6077777777777778
2014-05-01 00:00:00 UTC,388,1218,412205156,0.70388888888888879
2014-05-01 00:00:00 UTC,388,1217,412205156,3.6147222222222224
2014-05-01 00:00:00 UTC,388,1216,412205156,2.263472222222223
2014-05-01 00:00:00 UTC,388,1221,412205412,1.5180555555555557
2014-05-01 00:00:00 UTC,388,1222,412205412,1.1694444444444445
2014-05-01 00:00:00 UTC,388,1220,412205412,1.2991666666666666
2014-05-01 00:00:00 UTC,388,1208,412204902,6.3902777777777775
2014-05-01 00:00:00 UTC,388,229,237969000,12.338055555555554
2014-05-01 00:00:00 UTC,388,1238,412205673,3.5048611111111114
2014-05-01 00:00:00 UTC,388,1219,412205425,1.5822222222222222
2014-05-01 00:00:00 UTC,388,1177,412286579,3.9597222222222221
2014-05-01 00:00:00 UTC,388,1178,412286579,0.60416666666666674
2014-05-01 00:00:00 UTC,388,1238,412202369,3.8056944444444443
2014-05-01 00:00:00 UTC,388,1216,412201091,1.141388888888889
2014-05-01 00:00:00 UTC,388,1217,412201091,2.586527777777778
2014-05-01 00:00:00 UTC,388,1238,412202371,3.7998611111111114
2014-05-01 00:00:00 UTC,388,1208,413563786,9.8084722222222229
2014-05-01 00:00:00 UTC,388,1209,413563786,1.2241666666666666
2014-05-01 00:00:00 UTC,388,1217,412201611,0.4440277777777778
2014-05-01 00:00:00 UTC,388,1215,412201612,0.125
2014-05-01 00:00:00 UTC,388,1217,412205452,1.21875
2014-05-01 00:00:00 UTC,388,1216,412211087,1.5323611111111111
2014-05-01 00:00:00 UTC,388,1216,412205456,0.47555555555555562
2014-05-01 00:00:00 UTC,388,1217,412205456,1.0615277777777776
2014-05-01 00:00:00 UTC,388,1216,412201622,1.0052777777777777
2014-05-01 00:00:00 UTC,388,1217,412201622,1.5152777777777777
2014-05-01 00:00:00 UTC,388,1238,412202646,0.91347222222222224
2014-05-01 00:00:00 UTC,388,1217,412201623,1.5162499999999999
2014-05-01 00:00:00 UTC,388,1216,412201623,1.0130555555555556
2014-05-01 00:00:00 UTC,388,1184,412284316,0.773611111111111
2014-05-01 00:00:00 UTC,388,1238,412202655,10.463888888888889
2014-05-01 00:00:00 UTC,388,1217,412201633,1.6694444444444445
2014-05-01 00:00:00 UTC,388,1216,412201378,0.82875
2014-05-01 00:00:00 UTC,388,1217,412201378,2.2781944444444444
2014-05-01 00:00:00 UTC,388,1238,412205476,6.6840277777777777
2014-05-01 00:00:00 UTC,388,1216,412211365,0.2925
2014-05-01 00:00:00 UTC,388,266,240153000,0.84861111111111109
2014-05-01 00:00:00 UTC,388,262,240153000,7.0320833333333335
2014-05-01 00:00:00 UTC,388,264,240153000,1.6706944444444445
2014-05-01 00:00:00 UTC,388,265,240153000,1.8362500000000002
2014-05-01 00:00:00 UTC,388,261,240153000,6.225138888888889
2014-05-01 00:00:00 UTC,388,1238,412207023,15.260138888888887
2014-05-01 00:00:00 UTC,388,1217,412201652,1.2722222222222221
2014-05-01 00:00:00 UTC,388,1216,412201652,0.24791666666666667
2014-05-01 00:00:00 UTC,388,1193,412585909,3.50625
2014-05-01 00:00:00 UTC,388,87,247151290,9.2608333333333341
2014-05-01 00:00:00 UTC,388,1217,412201659,0.93041666666666667
2014-05-01 00:00:00 UTC,388,1216,412201662,0.25972222222222224
2014-05-01 00:00:00 UTC,388,1217,412201662,0.24208333333333332
2014-05-01 00:00:00 UTC,388,1209,412200388,20.27375
2014-05-01 00:00:00 UTC,388,1215,412201669,1.5259722222222221
2014-05-01 00:00:00 UTC,388,1216,412201669,0.44597222222222216
2014-05-01 00:00:00 UTC,388,1215,412201671,0.56041666666666667
2014-05-01 00:00:00 UTC,388,1216,412201671,0.33305555555555555
2014-05-01 00:00:00 UTC,388,229,237965000,1.5877777777777777
2014-05-01 00:00:00 UTC,388,1217,412211657,2.7365277777777779
2014-05-01 00:00:00 UTC,388,1216,412211657,0.3561111111111111
2014-05-01 00:00:00 UTC,388,1191,412884172,3.5545833333333334
2014-05-01 00:00:00 UTC,388,1217,412110288,0.70736111111111111
2014-05-01 00:00:00 UTC,388,1216,412110288,10.143055555555554
2014-05-01 00:00:00 UTC,388,204,247120850,23.507083333333334
2014-05-01 00:00:00 UTC,388,1208,412206562,5.1855555555555553
2014-05-01 00:00:00 UTC,388,1216,412201709,1.9590277777777776
2014-05-01 00:00:00 UTC,388,1215,412201709,0.15875
2014-05-01 00:00:00 UTC,388,1217,412201711,0.10819444444444445
2014-05-01 00:00:00 UTC,388,1215,412201711,0.22527777777777777
2014-05-01 00:00:00 UTC,388,1216,412201711,1.8381944444444445
2014-05-01 00:00:00 UTC,388,1238,412205039,8.6901388888888889
2014-05-01 00:00:00 UTC,388,1238,412205042,1.5841666666666665
2014-05-01 00:00:00 UTC,388,229,240331000,12.025416666666667
2014-05-01 00:00:00 UTC,388,1207,412283644,18.652638888888884
2014-05-01 00:00:00 UTC,388,1216,412201726,0.25694444444444448
2014-05-01 00:00:00 UTC,388,1217,412201726,1.6150000000000002
2014-05-01 00:00:00 UTC,388,1218,412200447,1.0409722222222222
2014-05-01 00:00:00 UTC,388,1219,412200447,12.152222222222223
2014-05-01 00:00:00 UTC,388,1233,412202751,2.8266666666666662
2014-05-01 00:00:00 UTC,644,-122,251040000,1.4690277777777778
2014-05-01 00:00:00 UTC,644,-123,251040000,1.3340277777777776
2014-05-01 00:00:00 UTC,644,-124,251040000,5.8758333333333326
2014-05-01 00:00:00 UTC,644,-125,251040000,1.3623611111111114
2014-05-01 00:00:00 UTC,644,-236,251247110,2.6104166666666671
2014-05-01 00:00:00 UTC,644,-237,251247110,4.28625
2014-05-01 00:00:00 UTC,644,-238,251247110,2.8258333333333336
2014-05-01 00:00:00 UTC,644,-250,251279000,10.067916666666667
2014-05-01 00:00:00 UTC,644,-249,251279000,1.1765277777777778
2014-05-01 00:00:00 UTC,644,-248,251279000,0.69361111111111118
2014-05-01 00:00:00 UTC,644,-377,331428000,1.5708333333333333
2014-05-01 00:00:00 UTC,644,-378,331428000,1.5234722222222223
2014-05-01 00:00:00 UTC,644,-237,251037110,2.2419444444444441
2014-05-01 00:00:00 UTC,644,-235,251037110,1.9331944444444442
2014-05-01 00:00:00 UTC,644,-238,251037110,2.0036111111111112
2014-05-01 00:00:00 UTC,644,-236,251037110,12.205833333333334
2014-05-01 00:00:00 UTC,644,-225,251581110,4.3222222222222229
2014-05-01 00:00:00 UTC,644,-224,251581110,0.89069444444444446
2014-05-01 00:00:00 UTC,644,-235,251197110,2.9422222222222221
2014-05-01 00:00:00 UTC,644,-237,251197110,0.375
2014-05-01 00:00:00 UTC,644,-236,251197110,3.5037499999999997
2014-05-01 00:00:00 UTC,644,-236,251248110,5.1540277777777774
2014-05-01 00:00:00 UTC,644,-237,251248110,1.5505555555555555
2014-05-01 00:00:00 UTC,644,-235,251248110,3.2418055555555556
2014-05-01 00:00:00 UTC,644,-238,251290110,2.0397222222222222
2014-05-01 00:00:00 UTC,644,-236,251290110,2.8866666666666667
2014-05-01 00:00:00 UTC,644,-237,251290110,2.3168055555555558
2014-05-01 00:00:00 UTC,644,-235,251290110,6.1933333333333334
2014-05-01 00:00:00 UTC,-636,-597,258261000,4.6416666666666666
2014-05-01 00:00:00 UTC,-636,-598,258261000,1.5527777777777776
2014-05-01 00:00:00 UTC,-636,-596,258261000,4.8083333333333336
2014-05-01 00:00:00 UTC,-380,608,416004245,4.2265277777777772
2014-05-01 00:00:00 UTC,-380,167,431791000,2.1344444444444441
2014-05-01 00:00:00 UTC,-124,-1552,416199800,2.1731944444444449
2014-05-01 00:00:00 UTC,-124,-5,224929000,0.81222222222222218
2014-05-01 00:00:00 UTC,-124,-1039,431382000,1.80125
2014-05-01 00:00:00 UTC,133,-264,431038000,1.8447222222222222
2014-05-01 00:00:00 UTC,133,-269,431038000,1.7725
2014-05-01 00:00:00 UTC,133,-1266,412440235,9.1704166666666662
2014-05-01 00:00:00 UTC,133,-174,224279000,3.6247222222222231
2014-05-01 00:00:00 UTC,133,-176,224279000,3.1840277777777777
2014-05-01 00:00:00 UTC,389,1184,412009988,2.9412499999999997
2014-05-01 00:00:00 UTC,389,1238,412210438,3.7673611111111107
2014-05-01 00:00:00 UTC,389,1219,820040973,1.3295833333333333
2014-05-01 00:00:00 UTC,389,1220,820040973,11.471527777777778
2014-05-01 00:00:00 UTC,389,1238,412202512,3.4229166666666666
2014-05-01 00:00:00 UTC,389,1237,412215312,3.9497222222222224
2014-05-01 00:00:00 UTC,389,1222,412205587,0.65736111111111106
2014-05-01 00:00:00 UTC,389,1238,412701218,5.3787499999999993
2014-05-01 00:00:00 UTC,389,1222,412205092,15.183611111111111
2014-05-01 00:00:00 UTC,389,1,224071980,0.26986111111111111
2014-05-01 00:00:00 UTC,389,1223,412321588,6.2161111111111111
2014-05-01 00:00:00 UTC,389,1190,412515125,11.94986111111111
2014-05-01 00:00:00 UTC,389,1208,201204022,2.7376388888888887
2014-05-01 00:00:00 UTC,389,1193,412221506,0.70736111111111111
2014-05-01 00:00:00 UTC,389,92,247151940,1.9344444444444444
2014-05-01 00:00:00 UTC,389,91,247151940,0.95763888888888882
2014-05-01 00:00:00 UTC,389,93,247151940,2.99361111111111
2014-05-01 00:00:00 UTC,389,-106,263405380,0.375
2014-05-01 00:00:00 UTC,389,-105,263405380,0.67416666666666669
2014-05-01 00:00:00 UTC,389,1206,412234568,0.81958333333333322
2014-05-01 00:00:00 UTC,389,1194,412365896,14.006944444444445
2014-05-01 00:00:00 UTC,389,-536,224189000,8.6359722222222217
2014-05-01 00:00:00 UTC,389,1203,412700237,0.39749999999999996
2014-05-01 00:00:00 UTC,389,1190,412004173,16.563333333333333
2014-05-01 00:00:00 UTC,389,1216,412204882,8.7633333333333336
2014-05-01 00:00:00 UTC,389,-530,224071000,3.9469444444444441
2014-05-01 00:00:00 UTC,389,1238,412205673,2.3202777777777777
2014-05-01 00:00:00 UTC,389,1190,412808809,5.0466666666666669
2014-05-01 00:00:00 UTC,389,1181,687576448,5.1033333333333335
2014-05-01 00:00:00 UTC,389,1238,412202369,7.25625
2014-05-01 00:00:00 UTC,389,1178,412888195,2.3845833333333331
2014-05-01 00:00:00 UTC,389,1179,412888195,3.7616666666666672
2014-05-01 00:00:00 UTC,389,1222,412202115,1.0881944444444445
2014-05-01 00:00:00 UTC,389,1238,412202371,4.1673611111111111
2014-05-01 00:00:00 UTC,389,1183,412283787,12.056527777777777
2014-05-01 00:00:00 UTC,389,1184,412284316,9.4995833333333337
2014-05-01 00:00:00 UTC,389,266,237348000,1.5558333333333332
2014-05-01 00:00:00 UTC,389,265,237348000,2.6636111111111109
2014-05-01 00:00:00 UTC,389,1238,412205476,4.00875
2014-05-01 00:00:00 UTC,389,266,240153000,5.9529166666666669
2014-05-01 00:00:00 UTC,389,1238,412207023,14.148055555555555
2014-05-01 00:00:00 UTC,389,1208,790701494,3.2643055555555556
2014-05-01 00:00:00 UTC,389,1209,790701494,2.6880555555555561
2014-05-01 00:00:00 UTC,389,1222,412205502,2.2883333333333331
2014-05-01 00:00:00 UTC,389,1232,412203722,7.410972222222223
2014-05-01 00:00:00 UTC,389,1217,412205518,0.24583333333333335
2014-05-01 00:00:00 UTC,389,1232,412201169,0.90833333333333333
2014-05-01 00:00:00 UTC,389,0,224015590,0.24736111111111109
2014-05-01 00:00:00 UTC,389,1238,412205039,7.7615277777777782
2014-05-01 00:00:00 UTC,389,1238,412205042,0.48430555555555554
2014-05-01 00:00:00 UTC,389,1222,412207346,1.4769444444444444
2014-05-01 00:00:00 UTC,389,1223,412207346,0.83180555555555546
2014-05-01 00:00:00 UTC,389,1233,412202751,1.0068055555555555
2014-05-01 00:00:00 UTC,389,1231,412202751,1.3152777777777778
2014-05-01 00:00:00 UTC,645,102,257175040,0.38138888888888889
2014-05-01 00:00:00 UTC,645,103,257175040,2.4573611111111111
2014-05-01 00:00:00 UTC,645,-122,251040000,0.6413888888888889
2014-05-01 00:00:00 UTC,645,-238,251247110,2.2383333333333337
2014-05-01 00:00:00 UTC,645,-237,251247110,2.2448611111111112
2014-05-01 00:00:00 UTC,645,100,257181020,7.8209722222222231
2014-05-01 00:00:00 UTC,645,101,257181020,0.53805555555555551
2014-05-01 00:00:00 UTC,645,-355,211272580,1.5320833333333332
2014-05-01 00:00:00 UTC,645,-354,211272580,1.6418055555555555
2014-05-01 00:00:00 UTC,645,-249,251279000,11.047361111111112
2014-05-01 00:00:00 UTC,645,-237,251037110,2.5066666666666664
2014-05-01 00:00:00 UTC,645,-236,251037110,2.8520833333333333
2014-05-01 00:00:00 UTC,645,-225,251581110,4.1244444444444444
2014-05-01 00:00:00 UTC,645,-236,251197110,0.55499999999999994
2014-05-01 00:00:00 UTC,645,-238,251197110,0.30833333333333335
2014-05-01 00:00:00 UTC,645,-237,251197110,5.89125
2014-05-01 00:00:00 UTC,645,-354,258563000,10.787777777777778
2014-05-01 00:00:00 UTC,645,-236,251248110,2.0166666666666666
2014-05-01 00:00:00 UTC,645,-237,251248110,3.2122222222222216
2014-05-01 00:00:00 UTC,645,-236,251290110,1.6995833333333332
2014-05-01 00:00:00 UTC,645,-237,251290110,7.2705555555555552
2014-05-01 00:00:00 UTC,645,-238,251290110,1.3963888888888889
2014-05-01 00:00:00 UTC,-635,-593,258261000,7.109166666666666
2014-05-01 00:00:00 UTC,-635,-595,258261000,2.2905555555555557
2014-05-01 00:00:00 UTC,-635,-594,258261000,3.8594444444444442
2014-05-01 00:00:00 UTC,-379,567,312028000,5.2770833333333336
2014-05-01 00:00:00 UTC,-379,651,416002407,10.689583333333333
2014-05-01 00:00:00 UTC,-379,616,416002926,5.3381944444444445
2014-05-01 00:00:00 UTC,-379,564,416080500,5.3929166666666664
2014-05-01 00:00:00 UTC,-379,620,416004507,10.942222222222222
2014-05-01 00:00:00 UTC,-123,-1552,416199800,1.8329166666666667
2014-05-01 00:00:00 UTC,-123,-6,224929000,7.5379166666666668
2014-05-01 00:00:00 UTC,-123,-5,224929000,1.3533333333333333
2014-05-01 00:00:00 UTC,134,-264,431038000,1.8309722222222222
2014-05-01 00:00:00 UTC,134,1585,416229700,1.8355555555555556
2014-05-01 00:00:00 UTC,134,-1209,412440238,10.093611111111112
2014-05-01 00:00:00 UTC,134,-1210,412440238,4.620972222222222
2014-05-01 00:00:00 UTC,134,-174,224279000,2.318888888888889
2014-05-01 00:00:00 UTC,390,1178,412300292,4.82625
2014-05-01 00:00:00 UTC,390,1226,412203526,1.1780555555555556
2014-05-01 00:00:00 UTC,390,1225,412203528,1.216388888888889
2014-05-01 00:00:00 UTC,390,1179,900018963,0.90333333333333332
2014-05-01 00:00:00 UTC,390,1178,900018963,2.2765277777777779
2014-05-01 00:00:00 UTC,390,1217,412075285,9.0826388888888889
2014-05-01 00:00:00 UTC,390,-100,224091680,0.2565277777777778
2014-05-01 00:00:00 UTC,390,-99,224091680,1.3002777777777776
2014-05-01 00:00:00 UTC,390,1200,412283682,1.8402777777777777
2014-05-01 00:00:00 UTC,390,1193,412004135,6.1231944444444446
2014-05-01 00:00:00 UTC,390,1202,812666666,2.9325
2014-05-01 00:00:00 UTC,390,1203,812666666,7.2234722222222221
2014-05-01 00:00:00 UTC,390,1201,413003311,3.6091666666666669
2014-05-01 00:00:00 UTC,390,1202,413003311,9.6647222222222222
2014-05-01 00:00:00 UTC,390,230,240211000,2.7041666666666666
2014-05-01 00:00:00 UTC,390,1202,412323641,4.9122222222222218
2014-05-01 00:00:00 UTC,390,1179,412300349,1.9276388888888889
2014-05-01 00:00:00 UTC,390,1178,412300349,1.464722222222222
2014-05-01 00:00:00 UTC,390,1178,412300861,0.90722222222222226
2014-05-01 00:00:00 UTC,390,-107,263405380,3.6216666666666661
2014-05-01 00:00:00 UTC,390,-106,263405380,2.4123611111111112
2014-05-01 00:00:00 UTC,390,266,237586000,8.5379166666666659
2014-05-01 00:00:00 UTC,390,1202,412325973,9.6220833333333324
2014-05-01 00:00:00 UTC,390,-530,224071000,1.7527777777777778
2014-05-01 00:00:00 UTC,390,79,247151990,1.7852777777777777
2014-05-01 00:00:00 UTC,390,1221,412202115,0.60513888888888889
2014-05-01 00:00:00 UTC,390,1180,412283782,5.4975000000000005
2014-05-01 00:00:00 UTC,390,1202,412205202,6.1551388888888887
2014-05-01 00:00:00 UTC,390,79,247152020,2.6656944444444446
2014-05-01 00:00:00 UTC,390,1225,412203416,1.8869444444444445
2014-05-01 00:00:00 UTC,390,1226,412203421,1.6147222222222224
2014-05-01 00:00:00 UTC,390,266,237348000,3.5293055555555553
2014-05-01 00:00:00 UTC,390,231,237998000,1.6005555555555555
2014-05-01 00:00:00 UTC,390,1199,412703159,6.7505555555555556
2014-05-01 00:00:00 UTC,390,1201,412323512,8.43736111111111
2014-05-01 00:00:00 UTC,390,1180,412283854,4.6445833333333333
2014-05-01 00:00:00 UTC,390,-1,224209630,0.53041666666666665
2014-05-01 00:00:00 UTC,390,0,224079840,0.24305555555555558
2014-05-01 00:00:00 UTC,390,-1,224079840,0.69944444444444442
2014-05-01 00:00:00 UTC,390,1202,412323555,10.579861111111111
2014-05-01 00:00:00 UTC,390,1201,412323555,1.6695833333333332
2014-05-01 00:00:00 UTC,390,1227,905115108,2.3834722222222222
2014-05-01 00:00:00 UTC,390,1222,412207346,0.70944444444444443
2014-05-01 00:00:00 UTC,390,1221,412207346,4.7683333333333335
2014-05-01 00:00:00 UTC,390,1201,412585209,3.5437499999999997
2014-05-01 00:00:00 UTC,390,1201,412323582,9.2240277777777777
2014-05-01 00:00:00 UTC,390,1202,412323582,1.6284722222222223
2014-05-01 00:00:00 UTC,646,-134,251184640,0.25819444444444445
2014-05-01 00:00:00 UTC,646,-133,251184640,1.8576388888888888
2014-05-01 00:00:00 UTC,646,-235,251840770,3.0043055555555558
2014-05-01 00:00:00 UTC,646,104,257779500,5.3331944444444446
2014-05-01 00:00:00 UTC,646,103,257779500,5.4113888888888892
2014-05-01 00:00:00 UTC,646,-236,251442540,1.8661111111111111
2014-05-01 00:00:00 UTC,646,-235,251442540,2.6020833333333337
2014-05-01 00:00:00 UTC,646,-356,211272580,2.3125
2014-05-01 00:00:00 UTC,646,-353,211272580,7.1937500000000005
2014-05-01 00:00:00 UTC,646,-352,211272580,1.5115277777777778
2014-05-01 00:00:00 UTC,646,-358,211272580,2.2688888888888887
2014-05-01 00:00:00 UTC,646,-354,258563000,4.1793055555555556
2014-05-01 00:00:00 UTC,646,-248,251429110,14.085833333333333
2014-05-01 00:00:00 UTC,646,-245,251429110,0.48527777777777781
2014-05-01 00:00:00 UTC,646,-246,251429110,1.9476388888888889
2014-05-01 00:00:00 UTC,646,-247,251429110,0.7697222222222222
2014-05-01 00:00:00 UTC,-634,-599,725000291,7.8351388888888884
2014-05-01 00:00:00 UTC,-634,-600,725000291,10.273055555555555
2014-05-01 00:00:00 UTC,-634,-601,725000291,1.5475000000000003
2014-05-01 00:00:00 UTC,-634,-598,725000291,4.6095833333333331
2014-05-01 00:00:00 UTC,-634,-599,272208000,6.3290277777777781
2014-05-01 00:00:00 UTC,-634,-596,272208000,1.5333333333333334
2014-05-01 00:00:00 UTC,-634,-598,272208000,2.2733333333333334
2014-05-01 00:00:00 UTC,-634,-597,272208000,1.6140277777777778
2014-05-01 00:00:00 UTC,-378,629,416004368,2.1836111111111109
2014-05-01 00:00:00 UTC,-378,628,416004368,4.3369444444444447
2014-05-01 00:00:00 UTC,-378,-838,541320031,0.80861111111111106
2014-05-01 00:00:00 UTC,-378,566,312028000,4.3825
2014-05-01 00:00:00 UTC,-378,122,432444000,1.7515277777777778
2014-05-01 00:00:00 UTC,-378,121,432444000,1.8579166666666667
2014-05-01 00:00:00 UTC,-378,118,432444000,2.9898611111111109
2014-05-01 00:00:00 UTC,-378,119,432444000,1.6133333333333333
2014-05-01 00:00:00 UTC,-378,564,416080500,1.0744444444444445
2014-05-01 00:00:00 UTC,-378,565,416080500,3.5470833333333336
2014-05-01 00:00:00 UTC,-378,619,416004507,1.6419444444444444
2014-05-01 00:00:00 UTC,-122,-1552,416199800,1.7962500000000001
2014-05-01 00:00:00 UTC,-122,-4,224929000,1.9444444444444444
2014-05-01 00:00:00 UTC,135,-173,224106000,3.2379166666666666
2014-05-01 00:00:00 UTC,135,-263,431038000,1.8141666666666667
2014-05-01 00:00:00 UTC,135,-267,431038000,1.9509722222222223
2014-05-01 00:00:00 UTC,135,1585,416229700,4.24125
2014-05-01 00:00:00 UTC,135,-1209,412440238,3.0425000000000004
2014-05-01 00:00:00 UTC,135,-174,224546000,2.4088888888888889
2014-05-01 00:00:00 UTC,135,-173,224546000,1.2505555555555556
2014-05-01 00:00:00 UTC,135,-174,224279000,2.9338888888888892
2014-05-01 00:00:00 UTC,391,1228,412210434,1.7084722222222222
2014-05-01 00:00:00 UTC,391,1227,412210434,0.76166666666666671
2014-05-01 00:00:00 UTC,391,1223,612203783,4.2295833333333341
2014-05-01 00:00:00 UTC,391,1227,412329997,1.1731944444444444
2014-05-01 00:00:00 UTC,391,1228,412329997,10.981944444444446
2014-05-01 00:00:00 UTC,391,1228,412329998,3.2298611111111111
2014-05-01 00:00:00 UTC,391,1227,412205587,12.209583333333331
2014-05-01 00:00:00 UTC,391,-100,224091680,1.8995833333333332
2014-05-01 00:00:00 UTC,391,-101,224091680,1.9204166666666667
2014-05-01 00:00:00 UTC,391,-99,224091680,2.7763888888888886
2014-05-01 00:00:00 UTC,391,1180,412300849,1.3497222222222223
2014-05-01 00:00:00 UTC,391,1201,412283958,5.7022222222222219
2014-05-01 00:00:00 UTC,391,1199,412283958,3.7237500000000003
2014-05-01 00:00:00 UTC,391,230,240211000,3.7095833333333332
2014-05-01 00:00:00 UTC,391,235,240019000,3.5109722222222222
2014-05-01 00:00:00 UTC,391,1179,412300861,2.3719444444444444
2014-05-01 00:00:00 UTC,391,1178,412300861,6.6024999999999983
2014-05-01 00:00:00 UTC,391,1223,412205118,24.489027777777782
2014-05-01 00:00:00 UTC,391,1195,412568899,2.0856944444444445
2014-05-01 00:00:00 UTC,391,-107,263405380,0.8931944444444444
2014-05-01 00:00:00 UTC,391,-106,263405380,1.3802777777777779
2014-05-01 00:00:00 UTC,391,1190,412365896,0.10041666666666667
2014-05-01 00:00:00 UTC,391,1228,800029768,12.144027777777779
2014-05-01 00:00:00 UTC,391,1227,800029768,0.85638888888888887
2014-05-01 00:00:00 UTC,391,1231,412203601,1.2381944444444446
2014-05-01 00:00:00 UTC,391,-530,224071000,1.6816666666666664
2014-05-01 00:00:00 UTC,391,-532,224071000,3.0059722222222223
2014-05-01 00:00:00 UTC,391,1195,412638818,4.2952777777777778
2014-05-01 00:00:00 UTC,391,79,247151980,2.3016666666666667
2014-05-01 00:00:00 UTC,391,79,247151990,0.89416666666666667
2014-05-01 00:00:00 UTC,391,1190,412283791,0.1086111111111111
2014-05-01 00:00:00 UTC,391,1191,412283791,0.22541666666666665
2014-05-01 00:00:00 UTC,391,1194,412882067,1.0943055555555554
2014-05-01 00:00:00 UTC,391,79,247152020,0.54430555555555549
2014-05-01 00:00:00 UTC,391,78,247152020,2.4597222222222221
2014-05-01 00:00:00 UTC,391,266,237348000,0.4811111111111111
2014-05-01 00:00:00 UTC,391,1230,412203433,0.78499999999999992
2014-05-01 00:00:00 UTC,391,1230,412203442,5.9252777777777785
2014-05-01 00:00:00 UTC,391,1190,412665523,0.10027777777777777
2014-05-01 00:00:00 UTC,391,1230,412203447,3.7495833333333333
2014-05-01 00:00:00 UTC,391,1230,412203452,3.3495833333333334
2014-05-01 00:00:00 UTC,391,1230,412203453,10.588055555555556
2014-05-01 00:00:00 UTC,391,1230,412203455,5.9354166666666668
2014-05-01 00:00:00 UTC,391,1194,412554176,1.1384722222222221
2014-05-01 00:00:00 UTC,391,1230,412203456,4.5048611111111114
2014-05-01 00:00:00 UTC,391,1191,412525506,14.385000000000003
2014-05-01 00:00:00 UTC,391,1190,412525506,1.3875
2014-05-01 00:00:00 UTC,391,1227,800008133,0.7681944444444444
2014-05-01 00:00:00 UTC,391,1226,800008133,3.6463888888888887
2014-05-01 00:00:00 UTC,391,1223,412203981,1.8336111111111111
2014-05-01 00:00:00 UTC,391,1189,412399588,0.8008333333333334
2014-05-01 00:00:00 UTC,391,230,237995000,0.9244444444444444
2014-05-01 00:00:00 UTC,391,1231,412202751,6.7934722222222224
2014-05-01 00:00:00 UTC,647,-133,251184640,0.8618055555555556
2014-05-01 00:00:00 UTC,647,-136,251184640,3.8343055555555559
2014-05-01 00:00:00 UTC,647,-134,251184640,4.6506944444444454
2014-05-01 00:00:00 UTC,647,-135,251184640,0.39944444444444449
2014-05-01 00:00:00 UTC,647,-235,251840770,0.87569444444444444
2014-05-01 00:00:00 UTC,647,-236,251840770,1.1166666666666667
2014-05-01 00:00:00 UTC,647,-236,251442540,11.277083333333334
2014-05-01 00:00:00 UTC,647,-352,211272580,6.95888888888889
2014-05-01 00:00:00 UTC,647,-232,251146740,3.8408333333333333
2014-05-01 00:00:00 UTC,647,-234,251146740,1.3465277777777778
2014-05-01 00:00:00 UTC,647,-231,251146740,0.54986111111111113
2014-05-01 00:00:00 UTC,647,-247,251429110,1.4275
2014-05-01 00:00:00 UTC,647,-135,251802110,0.63472222222222219
2014-05-01 00:00:00 UTC,647,-134,251802110,2.2927777777777778
2014-05-01 00:00:00 UTC,647,-133,251802110,3.6972222222222224
2014-05-01 00:00:00 UTC,-633,-596,272208000,1.5069444444444446
2014-05-01 00:00:00 UTC,-633,-593,272208000,1.5331944444444445
2014-05-01 00:00:00 UTC,-633,-594,272208000,1.5069444444444446
2014-05-01 00:00:00 UTC,-377,629,416004368,3.078611111111111
2014-05-01 00:00:00 UTC,-377,628,416004368,6.4155555555555557
2014-05-01 00:00:00 UTC,-377,122,432444000,0.89986111111111111
2014-05-01 00:00:00 UTC,-377,120,432444000,1.5291666666666668
2014-05-01 00:00:00 UTC,-377,121,432444000,1.4479166666666665
2014-05-01 00:00:00 UTC,-377,564,416080500,1.0713888888888887
2014-05-01 00:00:00 UTC,-377,620,416004507,2.4804166666666667
2014-05-01 00:00:00 UTC,-121,-772,999000100,1.6590277777777775
2014-05-01 00:00:00 UTC,-121,-1553,416199800,1.8180555555555555
2014-05-01 00:00:00 UTC,136,-263,431038000,1.8338888888888889
2014-05-01 00:00:00 UTC,136,1585,416229700,2.995138888888889
2014-05-01 00:00:00 UTC,136,-1209,412440238,2.3495833333333334
2014-05-01 00:00:00 UTC,136,1550,416217800,5.8773611111111119
2014-05-01 00:00:00 UTC,136,-173,224546000,0.6873611111111112
2014-05-01 00:00:00 UTC,392,1232,412203532,0.43472222222222223
2014-05-01 00:00:00 UTC,392,1228,412329997,11.838055555555556
2014-05-01 00:00:00 UTC,392,1228,412329998,0.26361111111111113
2014-05-01 00:00:00 UTC,392,228,237994000,6.3633333333333324
2014-05-01 00:00:00 UTC,392,1191,412283673,1.0938888888888889
2014-05-01 00:00:00 UTC,392,-100,224091680,11.418750000000001
2014-05-01 00:00:00 UTC,392,-99,224091680,1.7984722222222222
2014-05-01 00:00:00 UTC,392,1192,412283686,3.0816666666666666
2014-05-01 00:00:00 UTC,392,228,237993000,2.341388888888889
2014-05-01 00:00:00 UTC,392,1503,412439601,1.4449999999999998
2014-05-01 00:00:00 UTC,392,1504,412439601,8.5340277777777782
2014-05-01 00:00:00 UTC,392,1504,412439602,18.3375
2014-05-01 00:00:00 UTC,392,1228,800029768,10.937499999999998
2014-05-01 00:00:00 UTC,392,-532,224071000,0.81805555555555554
2014-05-01 00:00:00 UTC,392,-530,224071000,1.1215277777777777
2014-05-01 00:00:00 UTC,392,1212,800004703,2.5805555555555557
2014-05-01 00:00:00 UTC,392,1212,412206946,4.21875
2014-05-01 00:00:00 UTC,392,1211,412206946,0.8425
2014-05-01 00:00:00 UTC,392,1211,412206947,9.5783333333333331
2014-05-01 00:00:00 UTC,392,79,247151980,2.5275
2014-05-01 00:00:00 UTC,392,78,247151980,2.1890277777777776
2014-05-01 00:00:00 UTC,392,80,247151980,0.23347222222222222
2014-05-01 00:00:00 UTC,392,1232,412251001,6.5020833333333341
2014-05-01 00:00:00 UTC,392,1199,412234113,12.264999999999999
2014-05-01 00:00:00 UTC,392,1232,412251009,2.149027777777778
2014-05-01 00:00:00 UTC,392,1232,412251013,4.9044444444444446
2014-05-01 00:00:00 UTC,392,1232,412251015,7.13111111111111
2014-05-01 00:00:00 UTC,392,1211,412010123,2.9329166666666668
2014-05-01 00:00:00 UTC,392,1194,412882067,0.23402777777777778
2014-05-01 00:00:00 UTC,392,1202,412702868,12.558194444444444
2014-05-01 00:00:00 UTC,392,1230,412203432,5.4111111111111105
2014-05-01 00:00:00 UTC,392,1230,412203433,3.5394444444444444
2014-05-01 00:00:00 UTC,392,1230,412203437,5.7165277777777774
2014-05-01 00:00:00 UTC,392,1230,412203438,1.1323611111111109
2014-05-01 00:00:00 UTC,392,1230,412203439,14.135833333333332
2014-05-01 00:00:00 UTC,392,1230,412203441,6.0801388888888894
2014-05-01 00:00:00 UTC,392,1191,412665523,4.5211111111111117
2014-05-01 00:00:00 UTC,392,1190,412665523,2.7420833333333339
2014-05-01 00:00:00 UTC,392,1230,412203456,0.93694444444444447
2014-05-01 00:00:00 UTC,392,1191,412525506,2.7898611111111116
2014-05-01 00:00:00 UTC,392,1195,412555222,1.1847222222222222
2014-05-01 00:00:00 UTC,392,1191,412320230,1.7213888888888889
2014-05-01 00:00:00 UTC,392,233,237995000,0.85333333333333328
2014-05-01 00:00:00 UTC,648,-243,251018000,0.54208333333333325
2014-05-01 00:00:00 UTC,648,-242,251018000,0.57944444444444443
2014-05-01 00:00:00 UTC,648,-242,251471640,5.4090277777777782
2014-05-01 00:00:00 UTC,648,104,257071440,1.15875
2014-05-01 00:00:00 UTC,648,-242,251460440,14.332638888888885
2014-05-01 00:00:00 UTC,648,-242,251170940,6.5073611111111109
2014-05-01 00:00:00 UTC,648,-246,251039110,3.9101388888888891
2014-05-01 00:00:00 UTC,648,-247,251039110,4.3015277777777774
2014-05-01 00:00:00 UTC,648,-248,251039110,4.8356944444444441
2014-05-01 00:00:00 UTC,648,-245,251039110,0.98875
2014-05-01 00:00:00 UTC,648,-242,251375240,15.504583333333331
2014-05-01 00:00:00 UTC,648,-242,251445640,6.4316666666666666
2014-05-01 00:00:00 UTC,648,-242,251315340,2.8233333333333333
2014-05-01 00:00:00 UTC,648,-242,251197110,0.41874999999999996
2014-05-01 00:00:00 UTC,648,-243,251250110,3.9055555555555554
2014-05-01 00:00:00 UTC,648,-244,251250110,0.90138888888888891
2014-05-01 00:00:00 UTC,648,-242,251250110,0.47069444444444442
2014-05-01 00:00:00 UTC,648,-242,251352540,1.8740277777777776
2014-05-01 00:00:00 UTC,648,-243,251558110,1.0383333333333333
2014-05-01 00:00:00 UTC,648,-242,251558110,0.50222222222222224
2014-05-01 00:00:00 UTC,648,-243,251248110,1.1270833333333332
2014-05-01 00:00:00 UTC,648,-242,251248110,0.41236111111111112
2014-05-01 00:00:00 UTC,648,-234,251146740,1.2815277777777776
2014-05-01 00:00:00 UTC,648,-134,251802110,1.4277777777777776
2014-05-01 00:00:00 UTC,648,-135,251802110,4.3580555555555556
2014-05-01 00:00:00 UTC,-632,-589,413236000,10.176111111111112
2014-05-01 00:00:00 UTC,-632,-586,413236000,8.6763888888888889
2014-05-01 00:00:00 UTC,-632,-590,272208000,5.5918055555555561
2014-05-01 00:00:00 UTC,-632,-592,272208000,1.5848611111111111
2014-05-01 00:00:00 UTC,-632,-586,412217999,4.5959722222222226
2014-05-01 00:00:00 UTC,-632,-589,412217999,4.8054166666666669
2014-05-01 00:00:00 UTC,-632,-587,412217999,4.7461111111111114
2014-05-01 00:00:00 UTC,-632,-585,412217999,9.4650000000000016
2014-05-01 00:00:00 UTC,-632,-586,440899000,1.5498611111111109
2014-05-01 00:00:00 UTC,-632,-583,440899000,1.525
2014-05-01 00:00:00 UTC,-632,-584,440899000,4.6248611111111106
2014-05-01 00:00:00 UTC,-632,-585,440899000,16.525416666666665
2014-05-01 00:00:00 UTC,-632,-589,441699000,4.7993055555555557
2014-05-01 00:00:00 UTC,-376,628,416004368,2.1302777777777777
2014-05-01 00:00:00 UTC,-376,598,416004624,5.27513888888889
2014-05-01 00:00:00 UTC,-376,567,312028000,2.1956944444444444
2014-05-01 00:00:00 UTC,-376,566,312028000,1.8483333333333332
2014-05-01 00:00:00 UTC,-376,125,432444000,1.4459722222222222
2014-05-01 00:00:00 UTC,-376,122,432444000,2.0152777777777784
2014-05-01 00:00:00 UTC,-376,121,432444000,1.5263888888888888
2014-05-01 00:00:00 UTC,-376,649,416002407,5.6404166666666669
2014-05-01 00:00:00 UTC,-376,615,416002926,3.1631944444444446
2014-05-01 00:00:00 UTC,-376,619,416004507,2.1102777777777777
2014-05-01 00:00:00 UTC,-376,1764,512003236,4.5731944444444448
2014-05-01 00:00:00 UTC,-120,-1555,416199800,4.5475
2014-05-01 00:00:00 UTC,-120,-5,224929000,1.4429166666666666
2014-05-01 00:00:00 UTC,-120,-6,224929000,0.9259722222222222
2014-05-01 00:00:00 UTC,-120,-3,224929000,1.885
2014-05-01 00:00:00 UTC,137,1550,416217800,1.6758333333333333
2014-05-01 00:00:00 UTC,137,-173,224546000,0.71777777777777774
2014-05-01 00:00:00 UTC,393,1225,412205333,12.961388888888887
2014-05-01 00:00:00 UTC,393,-99,224091680,0.27555555555555555
2014-05-01 00:00:00 UTC,393,-100,224091680,2.2240277777777777
2014-05-01 00:00:00 UTC,393,1227,412260129,4.1901388888888889
2014-05-01 00:00:00 UTC,393,1228,412260129,2.2218055555555556
2014-05-01 00:00:00 UTC,393,1193,412283686,2.0073611111111109
2014-05-01 00:00:00 UTC,393,1224,412205361,6.4008333333333338
2014-05-01 00:00:00 UTC,393,1224,412203322,0.40458333333333335
2014-05-01 00:00:00 UTC,393,1224,412203323,1.2905555555555557
2014-05-01 00:00:00 UTC,393,-383,224029760,3.0568055555555556
2014-05-01 00:00:00 UTC,393,1224,412205385,1.8401388888888892
2014-05-01 00:00:00 UTC,393,1224,412205386,1.5247222222222223
2014-05-01 00:00:00 UTC,393,1223,412203339,0.97569444444444442
2014-05-01 00:00:00 UTC,393,1224,412203339,0.64708333333333334
2014-05-01 00:00:00 UTC,393,1210,412206932,1.7819444444444446
2014-05-01 00:00:00 UTC,393,1211,412206932,7.8916666666666666
2014-05-01 00:00:00 UTC,393,-532,224071000,0.85277777777777786
2014-05-01 00:00:00 UTC,393,-530,224071000,0.77180555555555552
2014-05-01 00:00:00 UTC,393,-531,224071000,1.5908333333333335
2014-05-01 00:00:00 UTC,393,229,237255000,3.15125
2014-05-01 00:00:00 UTC,393,1212,412203096,0.77833333333333332
2014-05-01 00:00:00 UTC,393,1212,800004703,0.35777777777777775
2014-05-01 00:00:00 UTC,393,1212,412206946,1.4765277777777777
2014-05-01 00:00:00 UTC,393,1211,412206946,4.3081944444444442
2014-05-01 00:00:00 UTC,393,1212,412206947,0.554861111111111
2014-05-01 00:00:00 UTC,393,1211,412206947,4.314861111111111
2014-05-01 00:00:00 UTC,393,1200,412088168,8.35361111111111
2014-05-01 00:00:00 UTC,393,78,247151980,4.5445833333333336
2014-05-01 00:00:00 UTC,393,1211,412010123,3.0434722222222224
2014-05-01 00:00:00 UTC,393,262,237402000,0.73625
2014-05-01 00:00:00 UTC,393,1199,412545168,0.675138888888889
2014-05-01 00:00:00 UTC,393,1198,412545168,27.553749999999997
2014-05-01 00:00:00 UTC,393,1202,412702868,4.4166666666666661
2014-05-01 00:00:00 UTC,393,1198,898512800,7.6236111111111109
2014-05-01 00:00:00 UTC,393,262,239118000,4.858194444444444
2014-05-01 00:00:00 UTC,393,1211,412092090,1.0030555555555556
2014-05-01 00:00:00 UTC,393,1224,412203195,0.81958333333333344
2014-05-01 00:00:00 UTC,393,254,240440000,1.8908333333333331
2014-05-01 00:00:00 UTC,393,255,240440000,0.22513888888888889
2014-05-01 00:00:00 UTC,393,253,240440000,1.0226388888888889
2014-05-01 00:00:00 UTC,393,1228,412206787,4.4058333333333337
2014-05-01 00:00:00 UTC,393,1225,412205256,7.4741666666666662
2014-05-01 00:00:00 UTC,393,1211,412025322,1.0902777777777777
2014-05-01 00:00:00 UTC,393,1211,800008191,8.8593055555555562
2014-05-01 00:00:00 UTC,393,1212,800008191,2.96625
2014-05-01 00:00:00 UTC,649,-242,251018000,19.439305555555549
2014-05-01 00:00:00 UTC,649,-243,251018000,0.34388888888888891
2014-05-01 00:00:00 UTC,649,104,257475120,0.40597222222222223
2014-05-01 00:00:00 UTC,649,105,257475120,3.0055555555555555
2014-05-01 00:00:00 UTC,649,-111,251155000,0.54194444444444445
2014-05-01 00:00:00 UTC,649,-112,251155000,3.7972222222222221
2014-05-01 00:00:00 UTC,649,104,257071440,3.5036111111111112
2014-05-01 00:00:00 UTC,649,-236,251498340,5.232222222222223
2014-05-01 00:00:00 UTC,649,-235,251498340,4.2459722222222211
2014-05-01 00:00:00 UTC,649,-240,251170940,0.97472222222222227
2014-05-01 00:00:00 UTC,649,-245,251039110,3.5066666666666668
2014-05-01 00:00:00 UTC,649,-246,251039110,1.6270833333333332
2014-05-01 00:00:00 UTC,649,-241,251045000,0.731111111111111
2014-05-01 00:00:00 UTC,649,-242,251045000,15.515972222222222
2014-05-01 00:00:00 UTC,649,-240,251445640,0.90722222222222226
2014-05-01 00:00:00 UTC,649,-243,251230110,0.96527777777777768
2014-05-01 00:00:00 UTC,649,-242,251230110,12.705000000000004
2014-05-01 00:00:00 UTC,649,-241,251230110,0.694861111111111
2014-05-01 00:00:00 UTC,649,-239,251347110,0.27666666666666667
2014-05-01 00:00:00 UTC,649,-240,251347110,2.3800000000000003
2014-05-01 00:00:00 UTC,649,-243,251368110,0.29625
2014-05-01 00:00:00 UTC,649,-242,251368110,9.6930555555555546
2014-05-01 00:00:00 UTC,649,-241,251368110,3.1023611111111107
2014-05-01 00:00:00 UTC,649,-242,251197110,6.5162499999999985
2014-05-01 00:00:00 UTC,649,-241,251197110,0.21847222222222223
2014-05-01 00:00:00 UTC,649,-243,251250110,0.33875
2014-05-01 00:00:00 UTC,649,-241,251250110,0.20430555555555555
2014-05-01 00:00:00 UTC,649,-242,251250110,6.5701388888888888
2014-05-01 00:00:00 UTC,649,-240,251352540,1.9781944444444446
2014-05-01 00:00:00 UTC,649,-238,251352540,1.0966666666666667
2014-05-01 00:00:00 UTC,649,-243,251558110,1.5613888888888887
2014-05-01 00:00:00 UTC,649,-241,251558110,1.9801388888888889
2014-05-01 00:00:00 UTC,649,-242,251558110,10.640972222222222
2014-05-01 00:00:00 UTC,649,-237,251798240,0.34972222222222221
2014-05-01 00:00:00 UTC,649,-242,251248110,2.1558333333333333
2014-05-01 00:00:00 UTC,649,-239,251492340,0.32472222222222225
2014-05-01 00:00:00 UTC,-631,-585,413236000,6.1570833333333335
2014-05-01 00:00:00 UTC,-631,-585,259539000,7.0500000000000007
2014-05-01 00:00:00 UTC,-631,-587,259539000,1.538888888888889
2014-05-01 00:00:00 UTC,-631,-586,259539000,10.86652777777778
2014-05-01 00:00:00 UTC,-631,-586,258139000,6.0834722222222224
2014-05-01 00:00:00 UTC,-631,-585,258139000,8.6762500000000014
2014-05-01 00:00:00 UTC,-631,-587,258139000,8.6766666666666676
2014-05-01 00:00:00 UTC,-631,-585,412217999,0.76402777777777775
2014-05-01 00:00:00 UTC,-375,598,416004624,6.3975
2014-05-01 00:00:00 UTC,-375,566,312028000,1.3634722222222222
2014-05-01 00:00:00 UTC,-375,127,432444000,1.3902777777777779
2014-05-01 00:00:00 UTC,-375,124,432444000,2.9009722222222223
2014-05-01 00:00:00 UTC,-375,123,432444000,1.0968055555555554
2014-05-01 00:00:00 UTC,-375,649,416002407,1.0701388888888888
2014-05-01 00:00:00 UTC,-375,-943,224017000,0.87930555555555567
2014-05-01 00:00:00 UTC,-375,615,416002926,6.2798611111111109
2014-05-01 00:00:00 UTC,-375,610,416004245,5.6736111111111107
2014-05-01 00:00:00 UTC,-119,-1553,416199800,2.7961111111111112
2014-05-01 00:00:00 UTC,138,1584,416229700,6.9491666666666667
2014-05-01 00:00:00 UTC,138,1550,416217800,0.906111111111111
2014-05-01 00:00:00 UTC,394,1210,412203267,3.0115277777777778
2014-05-01 00:00:00 UTC,394,1211,412203267,4.6718055555555553
2014-05-01 00:00:00 UTC,394,1207,800807698,7.9551388888888885
2014-05-01 00:00:00 UTC,394,1206,800807698,1.9372222222222222
2014-05-01 00:00:00 UTC,394,1227,412260129,13.92652777777778
2014-05-01 00:00:00 UTC,394,1207,412010788,1.8218055555555552
2014-05-01 00:00:00 UTC,394,1205,412010788,2.5218055555555559
2014-05-01 00:00:00 UTC,394,1206,412010788,7.6406944444444456
2014-05-01 00:00:00 UTC,394,1232,810080293,6.3806944444444449
2014-05-01 00:00:00 UTC,394,1211,412203305,0.47416666666666668
2014-05-01 00:00:00 UTC,394,-98,263379000,4.475833333333334
2014-05-01 00:00:00 UTC,394,-99,263379000,3.0747222222222224
2014-05-01 00:00:00 UTC,394,1203,412213309,1.6419444444444444
2014-05-01 00:00:00 UTC,394,1202,412213309,4.1072222222222221
2014-05-01 00:00:00 UTC,394,-381,224029760,1.4236111111111112
2014-05-01 00:00:00 UTC,394,-382,224029760,1.6391666666666667
2014-05-01 00:00:00 UTC,394,1204,800003666,8.3811111111111121
2014-05-01 00:00:00 UTC,394,1210,412206932,5.8738888888888887
2014-05-01 00:00:00 UTC,394,1211,412206932,4.1263888888888891
2014-05-01 00:00:00 UTC,394,-531,224071000,1.350138888888889
2014-05-01 00:00:00 UTC,394,1212,412203096,1.8384722222222221
2014-05-01 00:00:00 UTC,394,1227,412207196,4.6261111111111113
2014-05-01 00:00:00 UTC,394,1194,412882275,0.14569444444444443
2014-05-01 00:00:00 UTC,394,256,237478000,3.5868055555555554
2014-05-01 00:00:00 UTC,394,1211,412000893,5.4252777777777776
2014-05-01 00:00:00 UTC,394,1193,412991115,0.76930555555555546
2014-05-01 00:00:00 UTC,394,201,237604000,5.283611111111111
2014-05-01 00:00:00 UTC,394,1205,412200369,1.5654166666666667
2014-05-01 00:00:00 UTC,394,1206,412200369,5.0429166666666667
2014-05-01 00:00:00 UTC,394,1210,412092085,3.2118055555555558
2014-05-01 00:00:00 UTC,394,1211,412092085,5.4174999999999995
2014-05-01 00:00:00 UTC,394,255,240440000,2.5230555555555556
2014-05-01 00:00:00 UTC,394,1228,412206787,4.1958333333333329
2014-05-01 00:00:00 UTC,394,1227,412206787,6.8281944444444456
2014-05-01 00:00:00 UTC,394,1196,412283844,17.093472222222221
2014-05-01 00:00:00 UTC,394,1197,412322248,6.1108333333333329
2014-05-01 00:00:00 UTC,394,1227,412206815,20.554444444444442
2014-05-01 00:00:00 UTC,394,1227,412206821,11.601944444444444
2014-05-01 00:00:00 UTC,394,1228,412206821,0.34944444444444445
2014-05-01 00:00:00 UTC,394,1211,412025320,1.7943055555555554
2014-05-01 00:00:00 UTC,394,201,241110000,0.34152777777777776
2014-05-01 00:00:00 UTC,394,201,240374000,2.9677777777777781
2014-05-01 00:00:00 UTC,394,1211,100700159,3.0019444444444447
2014-05-01 00:00:00 UTC,650,-241,251018000,2.834027777777778
2014-05-01 00:00:00 UTC,650,-111,251155000,4.9130555555555553
2014-05-01 00:00:00 UTC,650,-112,251155000,0.87791666666666668
2014-05-01 00:00:00 UTC,650,-241,251045000,7.921666666666666
2014-05-01 00:00:00 UTC,650,-241,251230110,6.2775000000000007
2014-05-01 00:00:00 UTC,650,-242,251230110,2.9779166666666668
2014-05-01 00:00:00 UTC,650,-242,251347110,3.9634722222222223
2014-05-01 00:00:00 UTC,650,-243,251347110,1.4015277777777779
2014-05-01 00:00:00 UTC,650,-241,251368110,8.04652777777778
2014-05-01 00:00:00 UTC,650,-242,251368110,2.82875
2014-05-01 00:00:00 UTC,650,-241,251250110,2.1111111111111112
2014-05-01 00:00:00 UTC,650,108,257318620,0.6725
2014-05-01 00:00:00 UTC,650,-241,251558110,6.2379166666666661
2014-05-01 00:00:00 UTC,650,-242,251558110,0.82541666666666669
2014-05-01 00:00:00 UTC,650,-242,251248110,0.24583333333333335
2014-05-01 00:00:00 UTC,650,-241,251248110,1.4088888888888889
2014-05-01 00:00:00 UTC,650,-239,251492340,1.1827777777777779
2014-05-01 00:00:00 UTC,-374,598,416004624,5.4569444444444439
2014-05-01 00:00:00 UTC,-374,317,416001838,1.8529166666666668
2014-05-01 00:00:00 UTC,-374,123,432444000,0.76194444444444442
2014-05-01 00:00:00 UTC,-374,124,432444000,0.84416666666666673
2014-05-01 00:00:00 UTC,-374,649,416002407,2.1776388888888891
2014-05-01 00:00:00 UTC,-374,-943,224017000,2.2181944444444444
2014-05-01 00:00:00 UTC,-374,615,416002926,1.0881944444444442
2014-05-01 00:00:00 UTC,-374,209,431782000,1.3825
2014-05-01 00:00:00 UTC,-374,207,431782000,1.5301388888888889
2014-05-01 00:00:00 UTC,-374,205,431782000,1.8044444444444445
2014-05-01 00:00:00 UTC,-374,662,416002039,1.0462500000000001
2014-05-01 00:00:00 UTC,-374,661,416002039,0.28361111111111115
2014-05-01 00:00:00 UTC,-118,-1557,416199800,4.6481944444444441
2014-05-01 00:00:00 UTC,-118,-1556,416199800,1.7475
2014-05-01 00:00:00 UTC,139,1584,416229700,0.89763888888888888
2014-05-01 00:00:00 UTC,139,1550,416217800,5.1302777777777786
2014-05-01 00:00:00 UTC,395,1232,810080293,8.061805555555555
2014-05-01 00:00:00 UTC,395,-380,224029760,1.3484722222222221
2014-05-01 00:00:00 UTC,395,-531,224071000,1.6561111111111113
2014-05-01 00:00:00 UTC,395,1202,800011377,9.2319444444444443
2014-05-01 00:00:00 UTC,395,1207,412702843,5.5143055555555556
2014-05-01 00:00:00 UTC,395,1208,412702843,3.0656944444444445
2014-05-01 00:00:00 UTC,395,1205,800000927,4.1565277777777778
2014-05-01 00:00:00 UTC,395,200,237604000,0.42708333333333337
2014-05-01 00:00:00 UTC,395,1195,412326057,4.8561111111111108
2014-05-01 00:00:00 UTC,395,-730,366886330,19.641111111111112
2014-05-01 00:00:00 UTC,395,230,237880000,0.84722222222222232
2014-05-01 00:00:00 UTC,395,200,239266000,6.5054166666666671
2014-05-01 00:00:00 UTC,395,1229,412206821,1.9401388888888889
2014-05-01 00:00:00 UTC,395,201,241110000,0.86125000000000007
2014-05-01 00:00:00 UTC,395,200,241110000,14.197222222222219
2014-05-01 00:00:00 UTC,395,200,240374000,6.1997222222222232
2014-05-01 00:00:00 UTC,395,1204,800010751,3.7998611111111114
2014-05-01 00:00:00 UTC,651,-110,251155000,2.1195833333333334
2014-05-01 00:00:00 UTC,651,-111,251155000,5.6495833333333341
2014-05-01 00:00:00 UTC,651,-136,251791740,4.9836111111111112
2014-05-01 00:00:00 UTC,651,-137,251791740,3.37875
2014-05-01 00:00:00 UTC,651,-138,251791740,2.842222222222222
2014-05-01 00:00:00 UTC,651,67,259023000,0.24513888888888891
2014-05-01 00:00:00 UTC,651,-136,251505840,8.3772222222222243
2014-05-01 00:00:00 UTC,651,-137,251505840,1.5074999999999998
2014-05-01 00:00:00 UTC,651,-137,251584440,4.336666666666666
2014-05-01 00:00:00 UTC,651,-138,251584440,0.20708333333333334
2014-05-01 00:00:00 UTC,-373,319,416002566,8.0684722222222227
2014-05-01 00:00:00 UTC,-373,317,416001838,18.916666666666668
2014-05-01 00:00:00 UTC,-373,314,416002865,6.9215277777777775
2014-05-01 00:00:00 UTC,-373,318,416002655,6.9756944444444438
2014-05-01 00:00:00 UTC,-373,614,416002926,2.9534722222222225
2014-05-01 00:00:00 UTC,-373,212,431782000,1.5391666666666666
2014-05-01 00:00:00 UTC,-373,611,416004245,9.0768055555555556
2014-05-01 00:00:00 UTC,-373,209,432228000,1.4651388888888888
2014-05-01 00:00:00 UTC,-373,210,432228000,1.3294444444444444
2014-05-01 00:00:00 UTC,-373,207,432228000,4.1247222222222222
2014-05-01 00:00:00 UTC,-373,664,416002039,2.1872222222222222
2014-05-01 00:00:00 UTC,140,1584,416229700,7.6606944444444451
2014-05-01 00:00:00 UTC,140,-178,312580000,0.74763888888888885
2014-05-01 00:00:00 UTC,396,1205,800004137,3.2658333333333331
2014-05-01 00:00:00 UTC,396,-2,224074290,0.84874999999999989
2014-05-01 00:00:00 UTC,396,1198,412286262,0.23583333333333334
2014-05-01 00:00:00 UTC,396,1197,412286262,0.56833333333333336
2014-05-01 00:00:00 UTC,396,1240,412211007,9.3258333333333354
2014-05-01 00:00:00 UTC,396,-379,224029760,1.0059722222222223
2014-05-01 00:00:00 UTC,396,-378,224029760,1.0958333333333332
2014-05-01 00:00:00 UTC,396,1199,412702534,1.4554166666666666
2014-05-01 00:00:00 UTC,396,1205,413819479,7.1958333333333337
2014-05-01 00:00:00 UTC,396,1204,413819479,1.0463888888888888
2014-05-01 00:00:00 UTC,396,1206,413819479,6.8031944444444452
2014-05-01 00:00:00 UTC,396,-732,367535770,2.0458333333333334
2014-05-01 00:00:00 UTC,396,-731,367535770,2.7422222222222223
2014-05-01 00:00:00 UTC,396,230,237880000,0.7022222222222223
2014-05-01 00:00:00 UTC,396,229,237880000,3.0301388888888892
2014-05-01 00:00:00 UTC,396,1195,412868297,9.2111111111111121
2014-05-01 00:00:00 UTC,396,229,237399000,1.0994444444444444
2014-05-01 00:00:00 UTC,396,230,237399000,0.12
2014-05-01 00:00:00 UTC,652,-111,251155000,3.9637499999999997
2014-05-01 00:00:00 UTC,652,-110,251155000,2.006388888888889
2014-05-01 00:00:00 UTC,652,67,259023000,1.2072222222222222
2014-05-01 00:00:00 UTC,652,66,259023000,1.5911111111111111
2014-05-01 00:00:00 UTC,652,65,259023000,3.4145833333333333
2014-05-01 00:00:00 UTC,652,69,259023000,4.1205555555555557
2014-05-01 00:00:00 UTC,652,68,259023000,2.2134722222222223
2014-05-01 00:00:00 UTC,652,-137,251584440,1.0170833333333333
2014-05-01 00:00:00 UTC,-372,319,416002566,2.9822222222222221
2014-05-01 00:00:00 UTC,-372,317,416002566,4.5875
2014-05-01 00:00:00 UTC,-372,315,416002865,5.57625
2014-05-01 00:00:00 UTC,-372,318,416002655,2.9909722222222221
2014-05-01 00:00:00 UTC,-372,650,416002407,1.5916666666666668
2014-05-01 00:00:00 UTC,-372,649,416002407,2.1547222222222224
2014-05-01 00:00:00 UTC,-372,-944,224017000,2.1488888888888891
2014-05-01 00:00:00 UTC,-372,209,431782000,2.2463888888888888
2014-05-01 00:00:00 UTC,-372,214,431782000,2.1072222222222221
2014-05-01 00:00:00 UTC,-372,206,431782000,2.2443055555555556
2014-05-01 00:00:00 UTC,-372,668,416002039,3.8838888888888889
2014-05-01 00:00:00 UTC,-372,667,416002039,2.1333333333333333
2014-05-01 00:00:00 UTC,-116,-1053,431893000,0.52958333333333329
2014-05-01 00:00:00 UTC,-116,-1112,431802000,3.4418055555555553
2014-05-01 00:00:00 UTC,141,-177,312580000,1.5804166666666668
2014-05-01 00:00:00 UTC,397,1240,412210694,10.855694444444445
2014-05-01 00:00:00 UTC,397,83,247152140,0.9622222222222222
2014-05-01 00:00:00 UTC,397,1199,412800020,3.537638888888889
2014-05-01 00:00:00 UTC,397,1198,412800020,8.6873611111111124
2014-05-01 00:00:00 UTC,397,1200,412800020,0.86583333333333334
2014-05-01 00:00:00 UTC,397,1241,412210714,9.92527777777778
2014-05-01 00:00:00 UTC,397,1198,412286262,0.99875
2014-05-01 00:00:00 UTC,397,229,237299000,0.27680555555555553
2014-05-01 00:00:00 UTC,397,230,237299000,1.5230555555555554
2014-05-01 00:00:00 UTC,397,1198,800004666,2.0787499999999994
2014-05-01 00:00:00 UTC,397,1199,800004666,4.5708333333333337
2014-05-01 00:00:00 UTC,397,1199,800004670,1.689861111111111
2014-05-01 00:00:00 UTC,397,1198,800004670,10.95875
2014-05-01 00:00:00 UTC,397,1241,412211007,5.0505555555555555
2014-05-01 00:00:00 UTC,397,-376,224029760,4.3637500000000005
2014-05-01 00:00:00 UTC,397,-383,224029760,2.8975
2014-05-01 00:00:00 UTC,397,1202,800011338,2.9422222222222221
2014-05-01 00:00:00 UTC,397,229,237127000,0.87305555555555558
2014-05-01 00:00:00 UTC,397,1241,412211821,0.38013888888888892
2014-05-01 00:00:00 UTC,397,1240,412211058,1.9555555555555555
2014-05-01 00:00:00 UTC,397,-732,367535770,3.197222222222222
2014-05-01 00:00:00 UTC,397,1204,800000924,2.6426388888888894
2014-05-01 00:00:00 UTC,397,98,247151030,3.7965277777777779
2014-05-01 00:00:00 UTC,397,229,237880000,3.7791666666666668
2014-05-01 00:00:00 UTC,397,1201,800004546,9.1480555555555547
2014-05-01 00:00:00 UTC,397,229,237399000,2.3198611111111109
2014-05-01 00:00:00 UTC,397,1241,412211684,9.4116666666666671
2014-05-01 00:00:00 UTC,397,1199,412004600,1.1018055555555555
2014-05-01 00:00:00 UTC,397,1198,412004600,1.9356944444444446
2014-05-01 00:00:00 UTC,653,-247,251298110,1.6576388888888889
2014-05-01 00:00:00 UTC,653,-246,251298110,6.6008333333333322
2014-05-01 00:00:00 UTC,653,-245,251298110,1.9173611111111111
2014-05-01 00:00:00 UTC,653,-244,251298110,0.92611111111111111
2014-05-01 00:00:00 UTC,653,69,259023000,0.62416666666666665
2014-05-01 00:00:00 UTC,-371,-732,725000800,4.6902777777777773
2014-05-01 00:00:00 UTC,-371,-944,224017000,1.5827777777777778
2014-05-01 00:00:00 UTC,-371,30,416004204,2.4634722222222223
2014-05-01 00:00:00 UTC,-371,211,431782000,0.77347222222222212
2014-05-01 00:00:00 UTC,-371,209,432228000,2.259722222222222
2014-05-01 00:00:00 UTC,-371,1040,416167900,5.3659722222222221
2014-05-01 00:00:00 UTC,-371,312,416875000,5.3251388888888886
2014-05-01 00:00:00 UTC,-371,-732,725000440,2.6665277777777776
2014-05-01 00:00:00 UTC,-115,-1054,431893000,0.85416666666666663
2014-05-01 00:00:00 UTC,-115,-1053,431893000,1.3290277777777777
2014-05-01 00:00:00 UTC,142,-177,312580000,0.31263888888888891
2014-05-01 00:00:00 UTC,142,1551,416217800,10.827361111111109
2014-05-01 00:00:00 UTC,398,1209,412998921,1.6749999999999998
2014-05-01 00:00:00 UTC,398,82,247152140,2.1305555555555555
2014-05-01 00:00:00 UTC,398,228,237151000,3.5147222222222219
2014-05-01 00:00:00 UTC,398,229,237151000,1.4363888888888889
2014-05-01 00:00:00 UTC,398,1205,412004633,1.8788888888888888
2014-05-01 00:00:00 UTC,398,1204,412004633,9.8062499999999986
2014-05-01 00:00:00 UTC,398,1197,412281132,0.25180555555555556
2014-05-01 00:00:00 UTC,398,1196,412281132,5.8443055555555548
2014-05-01 00:00:00 UTC,398,1198,412286262,0.11083333333333334
2014-05-01 00:00:00 UTC,398,231,237245000,1.5680555555555555
2014-05-01 00:00:00 UTC,398,232,237245000,0.89027777777777783
2014-05-01 00:00:00 UTC,398,228,237245000,0.50583333333333336
2014-05-01 00:00:00 UTC,398,1202,800011338,1.3465277777777778
2014-05-01 00:00:00 UTC,398,1201,800011338,4.0188888888888892
2014-05-01 00:00:00 UTC,398,228,237127000,2.2406944444444443
2014-05-01 00:00:00 UTC,398,1196,412088168,10.710555555555556
2014-05-01 00:00:00 UTC,398,-508,224047990,1.7719444444444443
2014-05-01 00:00:00 UTC,398,-509,224047990,2.9255555555555555
2014-05-01 00:00:00 UTC,398,1197,412002439,29.580555555555552
2014-05-01 00:00:00 UTC,398,1205,800046987,4.4248611111111114
2014-05-01 00:00:00 UTC,398,-733,367535770,8.5825000000000014
2014-05-01 00:00:00 UTC,398,-734,367535770,1.3402777777777777
2014-05-01 00:00:00 UTC,398,1208,412200347,1.9280555555555556
2014-05-01 00:00:00 UTC,398,1209,412200347,1.4588888888888887
2014-05-01 00:00:00 UTC,398,1204,800000924,0.77347222222222223
2014-05-01 00:00:00 UTC,398,1205,800000924,0.60569444444444442
2014-05-01 00:00:00 UTC,398,1200,412000672,5.293055555555557
2014-05-01 00:00:00 UTC,398,1204,412213674,1.0248611111111112
2014-05-01 00:00:00 UTC,398,98,247151030,9.789027777777779
2014-05-01 00:00:00 UTC,398,1196,413700538,0.25263888888888891
2014-05-01 00:00:00 UTC,398,229,237880000,0.97972222222222216
2014-05-01 00:00:00 UTC,398,228,237880000,4.7531944444444445
2014-05-01 00:00:00 UTC,398,229,237399000,6.1015277777777772
2014-05-01 00:00:00 UTC,398,1196,412210404,20.64416666666666
2014-05-01 00:00:00 UTC,398,1196,412210431,16.607499999999998
2014-05-01 00:00:00 UTC,654,-249,251298110,0.98013888888888889
2014-05-01 00:00:00 UTC,654,-248,251298110,1.2994444444444444
2014-05-01 00:00:00 UTC,654,-250,251298110,1.7777777777777777
2014-05-01 00:00:00 UTC,654,-253,251447110,3.0302777777777776
2014-05-01 00:00:00 UTC,654,-250,251447110,2.5076388888888888
2014-05-01 00:00:00 UTC,654,-252,251447110,7.4770833333333337
2014-05-01 00:00:00 UTC,654,-251,251447110,10.506944444444446
2014-05-01 00:00:00 UTC,654,-234,251562340,1.2830555555555556
2014-05-01 00:00:00 UTC,654,-232,251562340,3.4118055555555546
2014-05-01 00:00:00 UTC,654,-241,251359110,3.4945833333333334
2014-05-01 00:00:00 UTC,654,-274,251482000,1.5522222222222224
2014-05-01 00:00:00 UTC,-370,318,416002655,3.1525
2014-05-01 00:00:00 UTC,-370,-945,224017000,3.49375
2014-05-01 00:00:00 UTC,-370,219,431782000,2.2144444444444447
2014-05-01 00:00:00 UTC,-370,217,431782000,1.5295833333333333
2014-05-01 00:00:00 UTC,-370,-534,770576071,12.560694444444444
2014-05-01 00:00:00 UTC,-370,1037,416167900,5.3944444444444448
2014-05-01 00:00:00 UTC,-370,1036,416167900,1.070138888888889
2014-05-01 00:00:00 UTC,-370,1038,416167900,2.9294444444444445
2014-05-01 00:00:00 UTC,-370,1034,416167900,2.1559722222222222
2014-05-01 00:00:00 UTC,-370,312,416875000,8.6340277777777779
2014-05-01 00:00:00 UTC,399,233,240298000,0.21250000000000002
2014-05-01 00:00:00 UTC,399,234,240298000,3.9169444444444448
2014-05-01 00:00:00 UTC,399,1199,412800020,4.56
2014-05-01 00:00:00 UTC,399,1202,412705559,2.5163888888888888
2014-05-01 00:00:00 UTC,399,228,237151000,4.4351388888888881
2014-05-01 00:00:00 UTC,399,-96,263401760,3.5583333333333331
2014-05-01 00:00:00 UTC,399,1201,412213289,3.6295833333333332
2014-05-01 00:00:00 UTC,399,1217,412214315,0.92194444444444434
2014-05-01 00:00:00 UTC,399,1200,412286262,0.5081944444444445
2014-05-01 00:00:00 UTC,399,1201,412286262,1.3554166666666667
2014-05-01 00:00:00 UTC,399,1201,413250105,1.8725
2014-05-01 00:00:00 UTC,399,1200,413250105,3.0851388888888884
2014-05-01 00:00:00 UTC,399,82,247154490,0.77597222222222217
2014-05-01 00:00:00 UTC,399,-381,224029760,1.8649999999999998
2014-05-01 00:00:00 UTC,399,1201,412286276,4.390833333333334
2014-05-01 00:00:00 UTC,399,1201,412286277,2.7948611111111115
2014-05-01 00:00:00 UTC,399,232,237245000,2.6184722222222225
2014-05-01 00:00:00 UTC,399,233,237245000,0.80888888888888888
2014-05-01 00:00:00 UTC,399,231,237245000,2.7172222222222224
2014-05-01 00:00:00 UTC,399,229,237245000,2.3569444444444443
2014-05-01 00:00:00 UTC,399,230,237245000,0.18319444444444444
2014-05-01 00:00:00 UTC,399,98,247082830,0.81694444444444447
2014-05-01 00:00:00 UTC,399,1209,412213329,15.063333333333334
2014-05-01 00:00:00 UTC,399,1208,412213329,5.4255555555555555
2014-05-01 00:00:00 UTC,399,1199,412201042,0.59972222222222227
2014-05-01 00:00:00 UTC,399,227,237127000,1.0519444444444446
2014-05-01 00:00:00 UTC,399,228,237127000,0.29986111111111113
2014-05-01 00:00:00 UTC,399,1202,800004698,2.3634722222222222
2014-05-01 00:00:00 UTC,399,1201,800004698,10.33097222222222
2014-05-01 00:00:00 UTC,399,1208,412213351,5.5315277777777778
2014-05-01 00:00:00 UTC,399,1209,412213351,1.1463888888888889
2014-05-01 00:00:00 UTC,399,1211,412882285,3.8662500000000004
2014-05-01 00:00:00 UTC,399,1208,412213361,10.914861111111113
2014-05-01 00:00:00 UTC,399,1208,412213362,4.4216666666666669
2014-05-01 00:00:00 UTC,399,1209,412213362,1.5773611111111112
2014-05-01 00:00:00 UTC,399,1202,412213364,17.584305555555556
2014-05-01 00:00:00 UTC,399,1217,412203125,9.0741666666666667
2014-05-01 00:00:00 UTC,399,-508,224047990,4.6011111111111109
2014-05-01 00:00:00 UTC,399,1199,412040836,7.7359722222222214
2014-05-01 00:00:00 UTC,399,1206,800010375,4.0972222222222223
2014-05-01 00:00:00 UTC,399,-734,367535770,7.0781944444444447
2014-05-01 00:00:00 UTC,399,1202,800011172,3.7056944444444442
2014-05-01 00:00:00 UTC,399,1198,412286888,0.47569444444444442
2014-05-01 00:00:00 UTC,399,1202,412213674,5.405555555555555
2014-05-01 00:00:00 UTC,399,1204,412213674,2.2493055555555554
2014-05-01 00:00:00 UTC,399,1203,412213674,0.26847222222222222
2014-05-01 00:00:00 UTC,399,1209,412213166,15.597777777777779
2014-05-01 00:00:00 UTC,399,1208,412213166,1.2095833333333335
2014-05-01 00:00:00 UTC,399,98,247151030,2.6677777777777774
2014-05-01 00:00:00 UTC,399,1203,412568768,3.4395833333333328
2014-05-01 00:00:00 UTC,399,1202,412568768,0.63055555555555554
2014-05-01 00:00:00 UTC,399,98,247151050,1.2488888888888889
2014-05-01 00:00:00 UTC,399,1208,412213195,1.456388888888889
2014-05-01 00:00:00 UTC,399,1203,800004561,2.1340277777777779
2014-05-01 00:00:00 UTC,399,1203,412002777,11.933055555555555
2014-05-01 00:00:00 UTC,399,1205,412004057,5.8581944444444449
2014-05-01 00:00:00 UTC,399,1216,412000218,0.26708333333333334
2014-05-01 00:00:00 UTC,399,1215,412000218,0.8568055555555556
2014-05-01 00:00:00 UTC,399,228,237889000,0.71152777777777776
2014-05-01 00:00:00 UTC,399,98,247133170,1.7290277777777778
2014-05-01 00:00:00 UTC,399,1205,412007678,4.8451388888888882
2014-05-01 00:00:00 UTC,655,-252,251257110,4.0006944444444441
2014-05-01 00:00:00 UTC,655,-253,251257110,6.3320833333333333
2014-05-01 00:00:00 UTC,655,-251,251257110,4.5194444444444448
2014-05-01 00:00:00 UTC,655,-232,251562340,0.22055555555555556
2014-05-01 00:00:00 UTC,655,-276,251482000,1.5584722222222223
2014-05-01 00:00:00 UTC,-369,-735,725000199,1.2161111111111111
2014-05-01 00:00:00 UTC,-369,318,416001838,4.6038888888888891
2014-05-01 00:00:00 UTC,-369,-946,224017000,1.7890277777777777
2014-05-01 00:00:00 UTC,-369,35,416004203,11.7125
2014-05-01 00:00:00 UTC,-369,31,416004204,9.82875
2014-05-01 00:00:00 UTC,-369,220,431782000,1.6244444444444446
2014-05-01 00:00:00 UTC,-369,219,431782000,1.6220833333333333
2014-05-01 00:00:00 UTC,-369,217,432228000,1.5231944444444445
2014-05-01 00:00:00 UTC,-369,212,432228000,1.1376388888888884
2014-05-01 00:00:00 UTC,-369,213,432228000,1.574861111111111
2014-05-01 00:00:00 UTC,-369,214,432228000,0.85958333333333325
2014-05-01 00:00:00 UTC,-369,215,432228000,1.3080555555555555
2014-05-01 00:00:00 UTC,-369,-533,770576071,13.332638888888889
2014-05-01 00:00:00 UTC,-369,924,416089800,3.5774999999999997
2014-05-01 00:00:00 UTC,-369,1032,416167900,2.1740277777777779
2014-05-01 00:00:00 UTC,-369,1031,416167900,3.8784722222222223
2014-05-01 00:00:00 UTC,-369,1035,416167900,1.0922222222222222
2014-05-01 00:00:00 UTC,-113,-1053,431893000,2.6791666666666667
2014-05-01 00:00:00 UTC,-113,81,432503000,3.7944444444444443
2014-05-01 00:00:00 UTC,-113,1431,503617500,2.7341666666666664
2014-05-01 00:00:00 UTC,-113,1432,503617500,17.661944444444444
2014-05-01 00:00:00 UTC,400,230,237312000,0.32125
2014-05-01 00:00:00 UTC,400,1218,412213769,2.0881944444444445
2014-05-01 00:00:00 UTC,400,1212,412281618,5.4665277777777774
2014-05-01 00:00:00 UTC,400,1199,412800020,0.125
2014-05-01 00:00:00 UTC,400,227,237151000,2.0361111111111105
2014-05-01 00:00:00 UTC,400,1217,412214315,0.8847222222222223
2014-05-01 00:00:00 UTC,400,1216,412214315,1.9055555555555554
2014-05-01 00:00:00 UTC,400,1217,412214317,0.66722222222222216
2014-05-01 00:00:00 UTC,400,1210,412002358,3.3915277777777777
2014-05-01 00:00:00 UTC,400,1201,412286262,21.192222222222224
2014-05-01 00:00:00 UTC,400,-379,224029760,4.6455555555555552
2014-05-01 00:00:00 UTC,400,1201,412286276,4.0781944444444447
2014-05-01 00:00:00 UTC,400,1201,412286277,5.645138888888888
2014-05-01 00:00:00 UTC,400,1212,412207686,1.2515277777777776
2014-05-01 00:00:00 UTC,400,230,237245000,0.94625
2014-05-01 00:00:00 UTC,400,232,237245000,2.186666666666667
2014-05-01 00:00:00 UTC,400,1201,412286281,0.31166666666666665
2014-05-01 00:00:00 UTC,400,98,247082830,2.143472222222222
2014-05-01 00:00:00 UTC,400,97,247082830,0.73083333333333333
2014-05-01 00:00:00 UTC,400,1199,412201042,1.5625
2014-05-01 00:00:00 UTC,400,228,237127000,0.3059722222222222
2014-05-01 00:00:00 UTC,400,227,237127000,1.7926388888888889
2014-05-01 00:00:00 UTC,400,1217,412214616,0.70472222222222225
2014-05-01 00:00:00 UTC,400,1218,412214618,0.5838888888888889
2014-05-01 00:00:00 UTC,400,1217,412214618,14.305972222222222
2014-05-01 00:00:00 UTC,400,1211,412882285,13.18875
2014-05-01 00:00:00 UTC,400,1214,412213904,0.44652777777777775
2014-05-01 00:00:00 UTC,400,1215,412213904,0.32166666666666666
2014-05-01 00:00:00 UTC,400,1202,800011172,10.547638888888889
2014-05-01 00:00:00 UTC,400,1215,412202953,3.4420833333333332
2014-05-01 00:00:00 UTC,400,98,247151050,2.0606944444444446
2014-05-01 00:00:00 UTC,400,1203,800004561,4.3190277777777775
2014-05-01 00:00:00 UTC,400,233,237996000,6.2109722222222228
2014-05-01 00:00:00 UTC,400,229,237164000,0.31111111111111112
2014-05-01 00:00:00 UTC,400,228,237889000,3.5488888888888885
2014-05-01 00:00:00 UTC,400,98,247133170,9.18375
2014-05-01 00:00:00 UTC,400,232,237963000,5.1627777777777775
2014-05-01 00:00:00 UTC,656,-243,251299340,1.1291666666666667
2014-05-01 00:00:00 UTC,656,-242,251299340,4.8577777777777778
2014-05-01 00:00:00 UTC,656,-213,251138340,1.6997222222222219
2014-05-01 00:00:00 UTC,656,-214,251138340,0.55805555555555553
2014-05-01 00:00:00 UTC,656,-284,251079000,4.0172222222222214
2014-05-01 00:00:00 UTC,656,-280,251079000,6.9941666666666666
2014-05-01 00:00:00 UTC,656,-282,251079000,1.6180555555555558
2014-05-01 00:00:00 UTC,656,-286,251079000,1.5612499999999998
2014-05-01 00:00:00 UTC,656,-5,273420660,4.6291666666666664
2014-05-01 00:00:00 UTC,656,-182,251208840,0.45805555555555555
2014-05-01 00:00:00 UTC,656,-271,251482000,2.394166666666667
2014-05-01 00:00:00 UTC,656,-270,251482000,1.5145833333333334
2014-05-01 00:00:00 UTC,656,-278,251047110,2.3166666666666669
2014-05-01 00:00:00 UTC,656,-282,251047110,2.2720833333333332
2014-05-01 00:00:00 UTC,656,-250,251121110,1.5655555555555556
2014-05-01 00:00:00 UTC,656,-245,251557110,3.1068055555555549
2014-05-01 00:00:00 UTC,656,-246,251557110,1.3070833333333334
2014-05-01 00:00:00 UTC,656,-137,251162110,0.22486111111111112
2014-05-01 00:00:00 UTC,-368,318,416002566,9.9780555555555566
2014-05-01 00:00:00 UTC,-368,-737,725000199,1.3155555555555556
2014-05-01 00:00:00 UTC,-368,-733,725000199,0.81138888888888883
2014-05-01 00:00:00 UTC,-368,313,416002061,3.2416666666666671
2014-05-01 00:00:00 UTC,-368,640,416002325,6.1043055555555554
2014-05-01 00:00:00 UTC,-368,638,416002325,8.87375
2014-05-01 00:00:00 UTC,-368,639,416002325,5.3640277777777774
2014-05-01 00:00:00 UTC,-368,315,416002865,4.6438888888888892
2014-05-01 00:00:00 UTC,-368,318,416002655,3.7845833333333334
2014-05-01 00:00:00 UTC,-368,-942,224017000,3.0687499999999996
2014-05-01 00:00:00 UTC,-368,220,432228000,1.6419444444444444
2014-05-01 00:00:00 UTC,-368,219,432228000,1.6151388888888887
2014-05-01 00:00:00 UTC,-368,925,416089800,2.1781944444444443
2014-05-01 00:00:00 UTC,-368,311,416875000,2.9194444444444443
2014-05-01 00:00:00 UTC,-112,84,432458000,3.8706944444444447
2014-05-01 00:00:00 UTC,-112,1431,503002460,16.28638888888889
2014-05-01 00:00:00 UTC,-112,1432,503002460,9.6615277777777777
2014-05-01 00:00:00 UTC,-112,-1112,431802000,2.9329166666666664
2014-05-01 00:00:00 UTC,401,229,237312000,0.76444444444444448
2014-05-01 00:00:00 UTC,401,1218,412213769,0.71583333333333332
2014-05-01 00:00:00 UTC,401,232,237962000,1.6268055555555556
2014-05-01 00:00:00 UTC,401,1217,412213776,1.8398611111111114
2014-05-01 00:00:00 UTC,401,1212,412281618,15.584305555555554
2014-05-01 00:00:00 UTC,401,1219,412213783,0.75055555555555553
2014-05-01 00:00:00 UTC,401,228,237151000,4.730138888888888
2014-05-01 00:00:00 UTC,401,227,237151000,1.0333333333333332
2014-05-01 00:00:00 UTC,401,-96,263401760,1.33125
2014-05-01 00:00:00 UTC,401,1213,412214305,2.07625
2014-05-01 00:00:00 UTC,401,1214,412214305,19.7798611111111
2014-05-01 00:00:00 UTC,401,-96,225353000,0.67513888888888884
2014-05-01 00:00:00 UTC,401,1214,412214057,16.290972222222223
2014-05-01 00:00:00 UTC,401,1210,412002358,7.8397222222222211
2014-05-01 00:00:00 UTC,401,232,237171000,4.7844444444444445
2014-05-01 00:00:00 UTC,401,231,237171000,0.46111111111111114
2014-05-01 00:00:00 UTC,401,1215,412055098,13.599861111111109
2014-05-01 00:00:00 UTC,401,1214,412055098,5.2848611111111117
2014-05-01 00:00:00 UTC,401,-706,367406910,16.174583333333331
2014-05-01 00:00:00 UTC,401,1215,412700230,5.9594444444444452
2014-05-01 00:00:00 UTC,401,1212,412207686,18.365972222222219
2014-05-01 00:00:00 UTC,401,1214,412214086,19.11986111111111
2014-05-01 00:00:00 UTC,401,97,247082830,10.316944444444445
2014-05-01 00:00:00 UTC,401,98,247082830,2.1154166666666665
2014-05-01 00:00:00 UTC,401,1217,412214618,7.4329166666666664
2014-05-01 00:00:00 UTC,401,1215,790701405,5.3443055555555556
2014-05-01 00:00:00 UTC,401,1214,820040802,1.5825
2014-05-01 00:00:00 UTC,401,1214,412213877,13.846666666666666
2014-05-01 00:00:00 UTC,401,1213,412213877,2.7520833333333337
2014-05-01 00:00:00 UTC,401,232,239066000,6.1477777777777778
2014-05-01 00:00:00 UTC,401,1214,412213904,6.8825
2014-05-01 00:00:00 UTC,401,1213,412213904,5.5445833333333328
2014-05-01 00:00:00 UTC,401,233,239022000,1.8029166666666667
2014-05-01 00:00:00 UTC,401,228,237880000,3.0404166666666668
2014-05-01 00:00:00 UTC,401,1213,412040902,5.2683333333333326
2014-05-01 00:00:00 UTC,401,1214,412040902,15.139027777777779
2014-05-01 00:00:00 UTC,401,98,247151050,1.3026388888888891
2014-05-01 00:00:00 UTC,401,1213,820080082,2.0904166666666666
2014-05-01 00:00:00 UTC,401,1214,820080082,15.376666666666667
2014-05-01 00:00:00 UTC,401,1209,412002518,2.597777777777778
2014-05-01 00:00:00 UTC,401,1219,412213718,0.22486111111111112
2014-05-01 00:00:00 UTC,401,1218,412213718,2.2543055555555558
2014-05-01 00:00:00 UTC,401,1214,412335578,6.0434722222222224
2014-05-01 00:00:00 UTC,401,231,237889000,3.2322222222222221
2014-05-01 00:00:00 UTC,401,97,247133170,0.6002777777777778
2014-05-01 00:00:00 UTC,401,98,247133170,5.2354166666666666
2014-05-01 00:00:00 UTC,401,228,237131000,0.48430555555555554
2014-05-01 00:00:00 UTC,657,-213,251138340,2.4143055555555555
2014-05-01 00:00:00 UTC,657,-213,251795240,0.275
2014-05-01 00:00:00 UTC,657,-267,251102000,1.5319444444444446
2014-05-01 00:00:00 UTC,657,-276,251123000,1.5223611111111111
2014-05-01 00:00:00 UTC,657,-273,251123000,2.4263888888888889
2014-05-01 00:00:00 UTC,657,-277,251123000,2.3209722222222222
2014-05-01 00:00:00 UTC,657,-275,251079000,6.962361111111111
2014-05-01 00:00:00 UTC,657,-242,251184240,14.291388888888889
2014-05-01 00:00:00 UTC,657,-5,273420660,8.6416666666666657
2014-05-01 00:00:00 UTC,657,-182,251208840,12.226666666666665
2014-05-01 00:00:00 UTC,657,-181,251208840,0.21611111111111111
2014-05-01 00:00:00 UTC,657,-243,251161240,2.3322222222222222
2014-05-01 00:00:00 UTC,657,-244,251161240,0.63777777777777778
2014-05-01 00:00:00 UTC,657,-149,251810240,4.5555555555555554
2014-05-01 00:00:00 UTC,657,-277,251047110,1.5544444444444445
2014-05-01 00:00:00 UTC,657,-275,251047110,0.9654166666666667
2014-05-01 00:00:00 UTC,657,-278,251047110,0.78875
2014-05-01 00:00:00 UTC,657,-250,251121110,7.3995833333333341
2014-05-01 00:00:00 UTC,657,-249,251121110,2.2938888888888886
2014-05-01 00:00:00 UTC,-367,315,416002061,10.649861111111111
2014-05-01 00:00:00 UTC,-367,312,416002061,6.4227777777777781
2014-05-01 00:00:00 UTC,-367,638,416002325,2.9909722222222221
2014-05-01 00:00:00 UTC,-367,925,416089800,2.9051388888888887
2014-05-01 00:00:00 UTC,-367,924,416089800,3.3752777777777778
2014-05-01 00:00:00 UTC,-111,87,432458000,3.355
2014-05-01 00:00:00 UTC,-111,89,432458000,2.0368055555555555
2014-05-01 00:00:00 UTC,-111,1431,503002460,5.7248611111111112
2014-05-01 00:00:00 UTC,-111,-1111,431802000,0.33944444444444444
2014-05-01 00:00:00 UTC,-111,-1112,431802000,1.4316666666666666
2014-05-01 00:00:00 UTC,-111,83,432503000,0.78972222222222221
2014-05-01 00:00:00 UTC,402,1217,412213761,10.035000000000002
2014-05-01 00:00:00 UTC,402,1218,412213761,0.25069444444444444
2014-05-01 00:00:00 UTC,402,1217,900900366,17.244305555555556
2014-05-01 00:00:00 UTC,402,1216,900900366,2.9427777777777777
2014-05-01 00:00:00 UTC,402,1214,412214286,5.1274999999999995
2014-05-01 00:00:00 UTC,402,1215,412214286,17.878472222222225
2014-05-01 00:00:00 UTC,402,1216,412213777,21.37444444444445
2014-05-01 00:00:00 UTC,402,1214,412214289,22.099861111111114
2014-05-01 00:00:00 UTC,402,1217,412213778,22.695833333333329
2014-05-01 00:00:00 UTC,402,1216,412213783,4.9112500000000008
2014-05-01 00:00:00 UTC,402,1217,412213783,0.50916666666666666
2014-05-01 00:00:00 UTC,402,1219,412213783,0.81958333333333333
2014-05-01 00:00:00 UTC,402,1215,412213528,1.7902777777777779
2014-05-01 00:00:00 UTC,402,-96,263401760,4.4823611111111106
2014-05-01 00:00:00 UTC,402,1213,412214305,0.84291666666666665
2014-05-01 00:00:00 UTC,402,-96,225353000,2.025
2014-05-01 00:00:00 UTC,402,1214,412214057,1.1654166666666668
2014-05-01 00:00:00 UTC,402,1213,412214057,3.3601388888888892
2014-05-01 00:00:00 UTC,402,1213,412214065,3.0501388888888887
2014-05-01 00:00:00 UTC,402,1214,412214065,17.22486111111111
2014-05-01 00:00:00 UTC,402,1213,412283959,1.3975
2014-05-01 00:00:00 UTC,402,231,237171000,0.9440277777777778
2014-05-01 00:00:00 UTC,402,232,237171000,1.6329166666666668
2014-05-01 00:00:00 UTC,402,1214,412213563,0.62527777777777782
2014-05-01 00:00:00 UTC,402,1214,800003392,11.530972222222221
2014-05-01 00:00:00 UTC,402,1214,412700230,0.18708333333333332
2014-05-01 00:00:00 UTC,402,1214,412214086,1.9301388888888888
2014-05-01 00:00:00 UTC,402,1213,412214086,2.0177777777777779
2014-05-01 00:00:00 UTC,402,1216,412214599,0.86
2014-05-01 00:00:00 UTC,402,1217,412214599,18.256805555555555
2014-05-01 00:00:00 UTC,402,97,247300170,10.784166666666668
2014-05-01 00:00:00 UTC,402,98,247300170,3.4056944444444448
2014-05-01 00:00:00 UTC,402,1216,412214602,12.253333333333337
2014-05-01 00:00:00 UTC,402,1214,412214349,15.165833333333332
2014-05-01 00:00:00 UTC,402,1217,412214605,11.143194444444447
2014-05-01 00:00:00 UTC,402,97,247082830,0.74944444444444436
2014-05-01 00:00:00 UTC,402,1214,412214607,1.6093055555555555
2014-05-01 00:00:00 UTC,402,1215,412214607,19.960416666666664
2014-05-01 00:00:00 UTC,402,1216,412214608,12.149722222222223
2014-05-01 00:00:00 UTC,402,1217,412214608,2.3948611111111111
2014-05-01 00:00:00 UTC,402,1214,412004693,6.9736111111111114
2014-05-01 00:00:00 UTC,402,1214,412214101,14.334027777777777
2014-05-01 00:00:00 UTC,402,1213,412214101,1.4375
2014-05-01 00:00:00 UTC,402,1217,412213847,21.046388888888888
2014-05-01 00:00:00 UTC,402,1215,412213592,9.6937499999999979
2014-05-01 00:00:00 UTC,402,1214,412213592,1.2919444444444443
2014-05-01 00:00:00 UTC,402,1215,412700515,6.7441666666666693
2014-05-01 00:00:00 UTC,402,1215,412213608,12.421944444444444
2014-05-01 00:00:00 UTC,402,232,237254000,6.1084722222222219
2014-05-01 00:00:00 UTC,402,231,237254000,0.23041666666666666
2014-05-01 00:00:00 UTC,402,-510,224047990,4.3936111111111114
2014-05-01 00:00:00 UTC,402,1216,800019587,16.920694444444443
2014-05-01 00:00:00 UTC,402,1215,800019587,0.69500000000000006
2014-05-01 00:00:00 UTC,402,1215,412213665,5.3345833333333337
2014-05-01 00:00:00 UTC,402,1214,412213665,3.1934722222222218
2014-05-01 00:00:00 UTC,402,1215,412213922,1.7431944444444443
2014-05-01 00:00:00 UTC,402,1216,412213922,16.2225
2014-05-01 00:00:00 UTC,402,1213,412703148,0.45013888888888887
2014-05-01 00:00:00 UTC,402,1214,412005586,5.0283333333333324
2014-05-01 00:00:00 UTC,402,1215,412005586,5.325277777777778
2014-05-01 00:00:00 UTC,402,1213,412335578,1.8936111111111109
2014-05-01 00:00:00 UTC,402,1214,412335578,1.1038888888888889
2014-05-01 00:00:00 UTC,402,1214,412214241,14.74125
2014-05-01 00:00:00 UTC,402,1215,110703336,1.4476388888888889
2014-05-01 00:00:00 UTC,402,1216,110703336,0.92388888888888887
2014-05-01 00:00:00 UTC,402,229,237889000,1.5959722222222221
2014-05-01 00:00:00 UTC,402,231,237889000,0.96930555555555553
2014-05-01 00:00:00 UTC,402,230,237889000,1.5695833333333333
2014-05-01 00:00:00 UTC,402,1216,412214002,6.94875
2014-05-01 00:00:00 UTC,402,97,247133170,0.65722222222222226
2014-05-01 00:00:00 UTC,402,232,237963000,1.5045833333333332
2014-05-01 00:00:00 UTC,402,230,240107000,3.593055555555555
2014-05-01 00:00:00 UTC,658,-213,251795240,0.42472222222222222
2014-05-01 00:00:00 UTC,658,-214,251795240,0.32916666666666666
2014-05-01 00:00:00 UTC,658,-268,251102000,6.0877777777777773
2014-05-01 00:00:00 UTC,658,-275,251123000,1.5469444444444445
2014-05-01 00:00:00 UTC,658,-273,251079000,1.5527777777777776
2014-05-01 00:00:00 UTC,658,-181,251208840,2.3069444444444445
2014-05-01 00:00:00 UTC,658,-147,251810240,3.644166666666667
2014-05-01 00:00:00 UTC,658,-144,251810240,0.75375
2014-05-01 00:00:00 UTC,658,-198,251138540,0.21652777777777776
2014-05-01 00:00:00 UTC,-366,317,416001838,8.3879166666666674
2014-05-01 00:00:00 UTC,-366,314,416002865,8.37486111111111
2014-05-01 00:00:00 UTC,-366,1024,431047000,8.2125
2014-05-01 00:00:00 UTC,-366,318,416002655,8.5952777777777776
2014-05-01 00:00:00 UTC,-366,310,416875000,7.8390277777777779
2014-05-01 00:00:00 UTC,-110,90,432458000,2.5263888888888886
2014-05-01 00:00:00 UTC,-110,-1111,431802000,1.1940277777777777
2014-05-01 00:00:00 UTC,-110,83,432503000,0.86013888888888879
2014-05-01 00:00:00 UTC,403,1217,412213761,4.471111111111111
2014-05-01 00:00:00 UTC,403,1216,412213765,22.878611111111109
2014-05-01 00:00:00 UTC,403,1217,412213765,0.5425
2014-05-01 00:00:00 UTC,403,1216,412320262,24.251944444444437
2014-05-01 00:00:00 UTC,403,1220,412214279,4.2118055555555554
2014-05-01 00:00:00 UTC,403,1219,412214024,23.573611111111116
2014-05-01 00:00:00 UTC,403,1218,412214287,24.030416666666667
2014-05-01 00:00:00 UTC,403,226,239050000,4.5587500000000007
2014-05-01 00:00:00 UTC,403,1216,412213777,1.2458333333333333
2014-05-01 00:00:00 UTC,403,1216,412213783,2.911805555555556
2014-05-01 00:00:00 UTC,403,1216,800010782,7.2495833333333319
2014-05-01 00:00:00 UTC,403,1219,400214049,5.1588888888888889
2014-05-01 00:00:00 UTC,403,1220,412214052,4.8654166666666665
2014-05-01 00:00:00 UTC,403,1219,412214052,2.9165277777777776
2014-05-01 00:00:00 UTC,403,1217,412214566,16.125972222222217
2014-05-01 00:00:00 UTC,403,1216,412214566,1.6888888888888889
2014-05-01 00:00:00 UTC,403,-96,225353000,2.0245833333333336
2014-05-01 00:00:00 UTC,403,1217,110703147,15.061944444444444
2014-05-01 00:00:00 UTC,403,1216,110703147,0.94041666666666668
2014-05-01 00:00:00 UTC,403,1216,412321328,20.544999999999984
2014-05-01 00:00:00 UTC,403,1216,412321329,14.30902777777778
2014-05-01 00:00:00 UTC,403,1217,412556852,7.2086111111111126
2014-05-01 00:00:00 UTC,403,1216,412556852,1.3776388888888889
2014-05-01 00:00:00 UTC,403,1219,412214071,21.513055555555564
2014-05-01 00:00:00 UTC,403,1214,412213563,10.015138888888888
2014-05-01 00:00:00 UTC,403,1215,412213563,4.3033333333333328
2014-05-01 00:00:00 UTC,403,1214,800003392,15.46736111111111
2014-05-01 00:00:00 UTC,403,1216,412666689,14.964444444444446
2014-05-01 00:00:00 UTC,403,1209,412213316,15.090694444444447
2014-05-01 00:00:00 UTC,403,1218,412214341,18.386527777777776
2014-05-01 00:00:00 UTC,403,1216,412214599,1.4304166666666667
2014-05-01 00:00:00 UTC,403,1217,412214599,0.71694444444444438
2014-05-01 00:00:00 UTC,403,97,247300170,6.2238888888888892
2014-05-01 00:00:00 UTC,403,1216,412214602,3.8330555555555552
2014-05-01 00:00:00 UTC,403,1216,412568908,21.541944444444443
2014-05-01 00:00:00 UTC,403,1217,412568908,0.58180555555555558
2014-05-01 00:00:00 UTC,403,1216,412214605,0.97652777777777788
2014-05-01 00:00:00 UTC,403,1217,412214605,4.4101388888888886
2014-05-01 00:00:00 UTC,403,1220,412214353,1.5525000000000002
2014-05-01 00:00:00 UTC,403,1219,412214353,2.1516666666666668
2014-05-01 00:00:00 UTC,403,1214,412213592,6.839444444444446
2014-05-01 00:00:00 UTC,403,1215,412213592,13.084999999999999
2014-05-01 00:00:00 UTC,403,1216,412320346,23.404166666666665
2014-05-01 00:00:00 UTC,403,1216,412320347,19.742638888888891
2014-05-01 00:00:00 UTC,403,1211,412213343,3.7351388888888888
2014-05-01 00:00:00 UTC,403,1217,412900456,7.4813888888888886
2014-05-01 00:00:00 UTC,403,1215,412213608,4.9434722222222227
2014-05-01 00:00:00 UTC,403,1216,557666666,22.629444444444445
2014-05-01 00:00:00 UTC,403,1210,412213354,13.149305555555559
2014-05-01 00:00:00 UTC,403,1218,412300907,1.0159722222222221
2014-05-01 00:00:00 UTC,403,229,237190000,4.8416666666666659
2014-05-01 00:00:00 UTC,403,1217,412213875,2.5790277777777777
2014-05-01 00:00:00 UTC,403,1218,412213875,2.805277777777778
2014-05-01 00:00:00 UTC,403,1215,412213621,14.609583333333333
2014-05-01 00:00:00 UTC,403,1214,412213621,3.4255555555555559
2014-05-01 00:00:00 UTC,403,-510,224047990,1.1498611111111112
2014-05-01 00:00:00 UTC,403,1220,412214395,0.37611111111111106
2014-05-01 00:00:00 UTC,403,1221,412214395,1.6025
2014-05-01 00:00:00 UTC,403,1217,413111166,18.63
2014-05-01 00:00:00 UTC,403,1221,412213896,0.32611111111111113
2014-05-01 00:00:00 UTC,403,1220,412213896,0.48888888888888893
2014-05-01 00:00:00 UTC,403,1219,412213896,3.8056944444444447
2014-05-01 00:00:00 UTC,403,1217,412213897,7.07597222222222
2014-05-01 00:00:00 UTC,403,1217,412214153,14.329861111111104
2014-05-01 00:00:00 UTC,403,1214,412213398,7.8897222222222219
2014-05-01 00:00:00 UTC,403,1215,412213665,1.3894444444444445
2014-05-01 00:00:00 UTC,403,1214,412213665,9.0716666666666672
2014-05-01 00:00:00 UTC,403,1217,800020138,18.837222222222223
2014-05-01 00:00:00 UTC,403,1216,800020138,4.6438888888888892
2014-05-01 00:00:00 UTC,403,1220,412214699,2.309166666666667
2014-05-01 00:00:00 UTC,403,1215,412214699,0.50402777777777774
2014-05-01 00:00:00 UTC,403,1216,412214699,6.2229166666666655
2014-05-01 00:00:00 UTC,403,1217,412214188,4.6625
2014-05-01 00:00:00 UTC,403,1218,412214188,7.20625
2014-05-01 00:00:00 UTC,403,1218,100702639,0.35833333333333334
2014-05-01 00:00:00 UTC,403,1218,412213935,9.8280555555555562
2014-05-01 00:00:00 UTC,403,1215,412214202,2.6023611111111111
2014-05-01 00:00:00 UTC,403,1216,412214202,15.032361111111115
2014-05-01 00:00:00 UTC,403,1214,412000708,5.9005555555555551
2014-05-01 00:00:00 UTC,403,1215,412000708,0.29916666666666669
2014-05-01 00:00:00 UTC,403,1220,412214217,6.3166666666666664
2014-05-01 00:00:00 UTC,403,1217,412235466,18.77888888888889
2014-05-01 00:00:00 UTC,403,1216,412214733,0.9259722222222222
2014-05-01 00:00:00 UTC,403,1217,412214733,10.698333333333331
2014-05-01 00:00:00 UTC,403,1220,412214222,9.1088888888888864
2014-05-01 00:00:00 UTC,403,1219,412214236,22.944444444444446
2014-05-01 00:00:00 UTC,403,1218,412214242,20.187499999999986
2014-05-01 00:00:00 UTC,403,1217,412213731,10.376527777777779
2014-05-01 00:00:00 UTC,403,1217,412214243,0.26263888888888887
2014-05-01 00:00:00 UTC,403,1218,412214243,13.009027777777776
2014-05-01 00:00:00 UTC,403,1216,110703336,12.464305555555555
2014-05-01 00:00:00 UTC,403,1215,110703336,0.79722222222222228
2014-05-01 00:00:00 UTC,403,1216,412214257,4.5538888888888884
2014-05-01 00:00:00 UTC,403,1215,412214257,6.4591666666666674
2014-05-01 00:00:00 UTC,403,-707,366739960,2.9241666666666668
2014-05-01 00:00:00 UTC,403,229,240107000,1.9916666666666667
2014-05-01 00:00:00 UTC,403,230,240107000,3.4293055555555556
2014-05-01 00:00:00 UTC,403,229,237291000,5.9206944444444431
2014-05-01 00:00:00 UTC,403,1216,412214522,1.9472222222222222
2014-05-01 00:00:00 UTC,403,1217,412214522,1.3138888888888889
2014-05-01 00:00:00 UTC,659,-186,251304740,0.26208333333333333
2014-05-01 00:00:00 UTC,659,-212,251551340,1.3698611111111112
2014-05-01 00:00:00 UTC,659,-6,273420660,8.6654166666666672
2014-05-01 00:00:00 UTC,659,-239,251399840,1.0443055555555556
2014-05-01 00:00:00 UTC,659,-238,251399840,2.8437500000000004
2014-05-01 00:00:00 UTC,659,-146,251810240,1.6831944444444442
2014-05-01 00:00:00 UTC,659,-185,251304640,0.26708333333333334
2014-05-01 00:00:00 UTC,659,-146,251194840,5.380694444444444
2014-05-01 00:00:00 UTC,-365,1035,416094500,2.1581944444444443
2014-05-01 00:00:00 UTC,-365,1019,431047000,0.86263888888888884
2014-05-01 00:00:00 UTC,-365,1020,431047000,5.4425000000000008
2014-05-01 00:00:00 UTC,-365,1018,431047000,0.97555555555555551
2014-05-01 00:00:00 UTC,-365,1029,431700210,2.4922222222222223
2014-05-01 00:00:00 UTC,-365,1031,431700210,2.8823611111111109
2014-05-01 00:00:00 UTC,-365,1034,431700210,3.7143055555555557
2014-05-01 00:00:00 UTC,-365,1025,431700210,1.61375
2014-05-01 00:00:00 UTC,-365,1032,431700210,2.5569444444444445
2014-05-01 00:00:00 UTC,-365,1035,431700210,2.0402777777777779
2014-05-01 00:00:00 UTC,-365,1024,431700210,1.6323611111111112
2014-05-01 00:00:00 UTC,-109,90,432458000,1.9122222222222223
2014-05-01 00:00:00 UTC,-109,-1111,431802000,0.81708333333333338
2014-05-01 00:00:00 UTC,404,1221,413824513,2.67875
2014-05-01 00:00:00 UTC,404,1212,412002561,0.73444444444444446
2014-05-01 00:00:00 UTC,404,1219,412214279,2.2800000000000002
2014-05-01 00:00:00 UTC,404,1220,412214279,1.5519444444444446
2014-05-01 00:00:00 UTC,404,1220,412214801,8.2634722222222212
2014-05-01 00:00:00 UTC,404,1218,412214801,0.23722222222222222
2014-05-01 00:00:00 UTC,404,1219,412214801,5.7823611111111113
2014-05-01 00:00:00 UTC,404,1216,412213528,0.71263888888888882
2014-05-01 00:00:00 UTC,404,1218,800010782,0.21555555555555556
2014-05-01 00:00:00 UTC,404,1220,800010782,5.7831944444444447
2014-05-01 00:00:00 UTC,404,1216,800010782,2.5131944444444443
2014-05-01 00:00:00 UTC,404,1219,800010782,2.1159722222222221
2014-05-01 00:00:00 UTC,404,1209,412004646,2.5058333333333334
2014-05-01 00:00:00 UTC,404,-96,225353000,1.6726388888888888
2014-05-01 00:00:00 UTC,404,-95,225353000,0.34944444444444445
2014-05-01 00:00:00 UTC,404,1210,412213316,2.8223611111111113
2014-05-01 00:00:00 UTC,404,1210,412524365,2.0076388888888888
2014-05-01 00:00:00 UTC,404,1209,412524365,2.49375
2014-05-01 00:00:00 UTC,404,1211,412213343,8.3470833333333356
2014-05-01 00:00:00 UTC,404,1218,412300907,1.0613888888888887
2014-05-01 00:00:00 UTC,404,-510,224047990,1.5825
2014-05-01 00:00:00 UTC,404,1214,412213368,3.0734722222222226
2014-05-01 00:00:00 UTC,404,1220,412214395,1.8895833333333332
2014-05-01 00:00:00 UTC,404,1219,412214395,0.29180555555555554
2014-05-01 00:00:00 UTC,404,1217,413111166,0.33361111111111114
2014-05-01 00:00:00 UTC,404,1216,413111166,1.1469444444444445
2014-05-01 00:00:00 UTC,404,1216,412213897,3.0848611111111115
2014-05-01 00:00:00 UTC,404,1217,412213897,10.801388888888891
2014-05-01 00:00:00 UTC,404,1217,412214153,0.89402777777777787
2014-05-01 00:00:00 UTC,404,1219,412214668,8.05777777777778
2014-05-01 00:00:00 UTC,404,1218,412214668,0.46694444444444438
2014-05-01 00:00:00 UTC,404,1219,412214699,2.3730555555555557
2014-05-01 00:00:00 UTC,404,1220,412214699,1.8623611111111111
2014-05-01 00:00:00 UTC,404,1216,412214699,0.70027777777777778
2014-05-01 00:00:00 UTC,404,1215,412214699,0.70111111111111113
2014-05-01 00:00:00 UTC,404,1217,412214188,3.5952777777777771
2014-05-01 00:00:00 UTC,404,1218,100702639,1.0204166666666667
2014-05-01 00:00:00 UTC,404,1218,412213935,8.0043055555555558
2014-05-01 00:00:00 UTC,404,1217,412213935,1.6680555555555556
2014-05-01 00:00:00 UTC,404,257,237347000,0.64513888888888893
2014-05-01 00:00:00 UTC,404,1218,412284357,1.2901388888888889
2014-05-01 00:00:00 UTC,404,1216,412214733,5.4554166666666664
2014-05-01 00:00:00 UTC,404,1209,412004306,3.6266666666666665
2014-05-01 00:00:00 UTC,404,1212,412213202,8.59875
2014-05-01 00:00:00 UTC,404,1219,412213971,17.59375
2014-05-01 00:00:00 UTC,404,1220,412213971,0.47236111111111106
2014-05-01 00:00:00 UTC,404,1213,412213215,4.4791666666666661
2014-05-01 00:00:00 UTC,404,1212,412213215,7.9361111111111109
2014-05-01 00:00:00 UTC,404,1218,412214243,0.55027777777777787
2014-05-01 00:00:00 UTC,404,1219,412214243,0.20444444444444443
2014-05-01 00:00:00 UTC,404,1217,412214243,1.263611111111111
2014-05-01 00:00:00 UTC,404,1221,412214249,8.1154166666666683
2014-05-01 00:00:00 UTC,404,1222,412214249,0.22527777777777777
2014-05-01 00:00:00 UTC,404,1220,412214513,0.64194444444444443
2014-05-01 00:00:00 UTC,404,1214,412213493,6.2344444444444447
2014-05-01 00:00:00 UTC,404,1213,412213493,19.928194444444447
2014-05-01 00:00:00 UTC,404,1216,412214522,2.2145833333333331
2014-05-01 00:00:00 UTC,404,1219,412214522,2.6813888888888893
2014-05-01 00:00:00 UTC,404,1220,412214522,5.5027777777777755
2014-05-01 00:00:00 UTC,404,-221,263408380,2.4416666666666669
2014-05-01 00:00:00 UTC,404,-215,263408380,2.9680555555555559
2014-05-01 00:00:00 UTC,404,-730,366988540,19.32361111111112
2014-05-01 00:00:00 UTC,660,-185,251304740,0.24458333333333332
2014-05-01 00:00:00 UTC,660,-186,251304740,5.9352777777777783
2014-05-01 00:00:00 UTC,660,-187,251270440,1.5079166666666666
2014-05-01 00:00:00 UTC,660,-555,331165000,1.548888888888889
2014-05-01 00:00:00 UTC,660,-266,251482000,1.5616666666666665
2014-05-01 00:00:00 UTC,660,-186,251550110,5.235555555555556
2014-05-01 00:00:00 UTC,660,-174,251422110,0.28236111111111112
2014-05-01 00:00:00 UTC,660,-187,251218640,9.77875
2014-05-01 00:00:00 UTC,-364,1040,416094500,1.0666666666666667
2014-05-01 00:00:00 UTC,-364,1037,416094500,1.3684722222222223
2014-05-01 00:00:00 UTC,-364,721,416238900,5.2638888888888884
2014-05-01 00:00:00 UTC,-364,722,416238900,7.152222222222222
2014-05-01 00:00:00 UTC,-364,1017,431047000,2.4069444444444441
2014-05-01 00:00:00 UTC,-364,1018,431047000,1.4947222222222223
2014-05-01 00:00:00 UTC,-364,1015,431047000,0.81361111111111106
2014-05-01 00:00:00 UTC,-364,1016,431047000,1.4484722222222222
2014-05-01 00:00:00 UTC,-364,33,416004204,10.267638888888889
2014-05-01 00:00:00 UTC,-364,925,416089800,3.0198611111111111
2014-05-01 00:00:00 UTC,-364,1025,431702230,2.2127777777777777
2014-05-01 00:00:00 UTC,-364,1034,431702230,7.5306944444444444
2014-05-01 00:00:00 UTC,-364,1024,431702230,3.1040277777777781
2014-05-01 00:00:00 UTC,-364,1030,431702230,5.7233333333333336
2014-05-01 00:00:00 UTC,-364,1026,431700210,1.4344444444444442
2014-05-01 00:00:00 UTC,-364,1022,431700210,2.2723611111111115
2014-05-01 00:00:00 UTC,-364,1027,431700210,1.6054166666666667
2014-05-01 00:00:00 UTC,-364,1028,431700210,1.8529166666666668
2014-05-01 00:00:00 UTC,-108,90,432458000,0.825
2014-05-01 00:00:00 UTC,-108,-1111,431802000,2.1869444444444444
2014-05-01 00:00:00 UTC,405,-95,225353000,1.0754166666666665
2014-05-01 00:00:00 UTC,405,-94,225353000,1.8244444444444448
2014-05-01 00:00:00 UTC,405,-93,225353000,1.7001388888888889
2014-05-01 00:00:00 UTC,405,1217,412213288,1.3238888888888889
2014-05-01 00:00:00 UTC,405,1219,412213322,2.5598611111111111
2014-05-01 00:00:00 UTC,405,1216,412868686,2.9744444444444449
2014-05-01 00:00:00 UTC,405,-510,224047990,3.865277777777778
2014-05-01 00:00:00 UTC,405,-509,224047990,2.0998611111111112
2014-05-01 00:00:00 UTC,405,99,247151280,1.4922222222222223
2014-05-01 00:00:00 UTC,405,256,237347000,1.2220833333333334
2014-05-01 00:00:00 UTC,405,257,237347000,0.6625
2014-05-01 00:00:00 UTC,405,1216,412211138,1.3023611111111113
2014-05-01 00:00:00 UTC,405,1221,412213713,6.2897222222222222
2014-05-01 00:00:00 UTC,405,1218,413124567,0.58124999999999993
2014-05-01 00:00:00 UTC,405,1217,413124567,2.1726388888888888
2014-05-01 00:00:00 UTC,405,1214,412213235,7.2329166666666662
2014-05-01 00:00:00 UTC,405,1214,412213237,3.734861111111111
2014-05-01 00:00:00 UTC,405,1220,412213755,7.3256944444444443
2014-05-01 00:00:00 UTC,405,1218,412212734,2.8861111111111111
2014-05-01 00:00:00 UTC,661,-188,251800340,2.2280555555555557
2014-05-01 00:00:00 UTC,661,-186,251218740,2.1116666666666668
2014-05-01 00:00:00 UTC,661,-187,251218740,2.3519444444444439
2014-05-01 00:00:00 UTC,661,-552,331165000,1.5769444444444445
2014-05-01 00:00:00 UTC,661,-553,331165000,2.6327777777777777
2014-05-01 00:00:00 UTC,661,-555,331165000,7.176388888888888
2014-05-01 00:00:00 UTC,661,-187,251296340,5.584305555555555
2014-05-01 00:00:00 UTC,661,-186,251296340,0.85013888888888889
2014-05-01 00:00:00 UTC,661,-554,331184000,4.2634722222222221
2014-05-01 00:00:00 UTC,661,-553,331184000,3.3337499999999993
2014-05-01 00:00:00 UTC,661,-555,331184000,3.1044444444444443
2014-05-01 00:00:00 UTC,661,-187,251742110,3.9890277777777778
2014-05-01 00:00:00 UTC,661,-175,251422110,2.8329166666666667
2014-05-01 00:00:00 UTC,661,-174,251422110,0.54902777777777778
2014-05-01 00:00:00 UTC,661,-173,251422110,2.5848611111111111
2014-05-01 00:00:00 UTC,661,-553,219257000,8.01388888888889
2014-05-01 00:00:00 UTC,661,-552,219257000,0.84291666666666676
2014-05-01 00:00:00 UTC,661,-555,219257000,1.5145833333333334
2014-05-01 00:00:00 UTC,661,-554,219257000,1.3697222222222223
2014-05-01 00:00:00 UTC,661,-187,251505340,6.9398611111111119
2014-05-01 00:00:00 UTC,661,-188,251090110,0.27444444444444444
2014-05-01 00:00:00 UTC,661,-187,251090110,5.8584722222222227
2014-05-01 00:00:00 UTC,661,116,257153220,10.61125
2014-05-01 00:00:00 UTC,661,-187,251218640,9.3959722222222233
2014-05-01 00:00:00 UTC,661,-186,251218640,0.21236111111111111
2014-05-01 00:00:00 UTC,661,-209,251249110,1.5501388888888887
2014-05-01 00:00:00 UTC,661,-208,251249110,12.757638888888888
2014-05-01 00:00:00 UTC,-363,1041,416094500,5.4106944444444443
2014-05-01 00:00:00 UTC,-363,1040,416094500,1.0720833333333333
2014-05-01 00:00:00 UTC,-363,721,416238900,5.3640277777777774
2014-05-01 00:00:00 UTC,-363,1015,431047000,2.4220833333333331
2014-05-01 00:00:00 UTC,-363,923,416089800,3.7654166666666664
2014-05-01 00:00:00 UTC,-363,1027,431702230,2.1623611111111112
2014-05-01 00:00:00 UTC,-363,1029,431702230,1.8195833333333333
2014-05-01 00:00:00 UTC,-363,-447,224545000,4.6322222222222225
2014-05-01 00:00:00 UTC,-107,90,432458000,2.4919444444444445
2014-05-01 00:00:00 UTC,-107,83,432503000,1.2530555555555556
2014-05-01 00:00:00 UTC,406,1219,412214284,8.8344444444444434
2014-05-01 00:00:00 UTC,406,1220,412214284,0.41722222222222222
2014-05-01 00:00:00 UTC,406,1218,412213275,21.224999999999998
2014-05-01 00:00:00 UTC,406,1219,412213275,1.4859722222222222
2014-05-01 00:00:00 UTC,406,-93,225353000,1.0251388888888888
2014-05-01 00:00:00 UTC,406,-94,225353000,0.79986111111111113
2014-05-01 00:00:00 UTC,406,1217,412213288,0.39222222222222219
2014-05-01 00:00:00 UTC,406,1211,412213336,0.80361111111111116
2014-05-01 00:00:00 UTC,406,1215,412213347,3.271527777777778
2014-05-01 00:00:00 UTC,406,1219,412881008,0.61611111111111116
2014-05-01 00:00:00 UTC,406,-510,224047990,1.6694444444444443
2014-05-01 00:00:00 UTC,406,1219,412283777,0.15000000000000002
2014-05-01 00:00:00 UTC,406,1211,200902032,18.215833333333329
2014-05-01 00:00:00 UTC,406,1212,412008100,11.08375
2014-05-01 00:00:00 UTC,406,1219,412555688,1.0462500000000001
2014-05-01 00:00:00 UTC,406,1211,412213162,7.0622222222222213
2014-05-01 00:00:00 UTC,406,1212,412213162,0.38041666666666663
2014-05-01 00:00:00 UTC,406,1212,412213165,2.7006944444444443
2014-05-01 00:00:00 UTC,406,99,247151280,14.212638888888888
2014-05-01 00:00:00 UTC,406,1220,412213687,1.4815277777777778
2014-05-01 00:00:00 UTC,406,1216,412211138,0.25305555555555559
2014-05-01 00:00:00 UTC,406,1219,800016082,12.276250000000001
2014-05-01 00:00:00 UTC,406,1214,412213485,4.2647222222222219
2014-05-01 00:00:00 UTC,662,-189,251800340,7.0711111111111116
2014-05-01 00:00:00 UTC,662,-188,251800340,4.1430555555555557
2014-05-01 00:00:00 UTC,662,-188,251268640,4.9634722222222214
2014-05-01 00:00:00 UTC,662,-187,251268640,5.7055555555555557
2014-05-01 00:00:00 UTC,662,-190,251268640,0.49583333333333335
2014-05-01 00:00:00 UTC,662,-189,251268640,3.7962499999999997
2014-05-01 00:00:00 UTC,662,-165,251225640,1.9097222222222221
2014-05-01 00:00:00 UTC,662,-184,251341110,1.558472222222222
2014-05-01 00:00:00 UTC,662,-183,251341110,0.73902777777777773
2014-05-01 00:00:00 UTC,662,-555,331165000,1.5731944444444443
2014-05-01 00:00:00 UTC,662,-553,331165000,1.5251388888888888
2014-05-01 00:00:00 UTC,662,-556,331165000,5.2063888888888892
2014-05-01 00:00:00 UTC,662,-554,331165000,2.2609722222222222
2014-05-01 00:00:00 UTC,662,-165,251162440,8.2304166666666667
2014-05-01 00:00:00 UTC,662,-172,251816540,0.25430555555555556
2014-05-01 00:00:00 UTC,662,-171,251816540,1.1406944444444445
2014-05-01 00:00:00 UTC,662,-300,276806000,6.315555555555556
2014-05-01 00:00:00 UTC,662,-301,276806000,13.895138888888889
2014-05-01 00:00:00 UTC,662,-208,251210110,1.5458333333333334
2014-05-01 00:00:00 UTC,662,-189,251306110,6.0456944444444431
2014-05-01 00:00:00 UTC,662,-188,251306110,0.22902777777777777
2014-05-01 00:00:00 UTC,662,-555,331184000,2.7495833333333333
2014-05-01 00:00:00 UTC,662,-556,331184000,4.7281944444444441
2014-05-01 00:00:00 UTC,662,-553,331184000,1.6365277777777778
2014-05-01 00:00:00 UTC,662,-554,331184000,3.5850000000000004
2014-05-01 00:00:00 UTC,662,-190,251311240,1.9402777777777778
2014-05-01 00:00:00 UTC,662,-189,251311240,1.7848611111111112
2014-05-01 00:00:00 UTC,662,-188,251311240,2.9054166666666665
2014-05-01 00:00:00 UTC,662,-195,251146640,0.44958333333333333
2014-05-01 00:00:00 UTC,662,-188,251742110,3.9063888888888894
2014-05-01 00:00:00 UTC,662,-556,219257000,1.5505555555555557
2014-05-01 00:00:00 UTC,662,-557,219257000,0.41375
2014-05-01 00:00:00 UTC,662,-554,219257000,1.5593055555555555
2014-05-01 00:00:00 UTC,662,-555,219257000,8.3093055555555555
2014-05-01 00:00:00 UTC,662,-195,251218110,0.47888888888888886
2014-05-01 00:00:00 UTC,662,-208,251249110,3.339722222222222
2014-05-01 00:00:00 UTC,662,-186,251396840,6.6188888888888879
2014-05-01 00:00:00 UTC,662,-190,251296240,5.6951388888888888
2014-05-01 00:00:00 UTC,662,-189,251296240,1.4234722222222222
2014-05-01 00:00:00 UTC,662,-191,251296240,2.0318055555555552
2014-05-01 00:00:00 UTC,-362,591,533333003,4.5126388888888886
2014-05-01 00:00:00 UTC,-362,722,416238900,5.6813888888888888
2014-05-01 00:00:00 UTC,-362,923,416089800,3.0052777777777777
2014-05-01 00:00:00 UTC,-362,-448,224545000,5.341388888888889
2014-05-01 00:00:00 UTC,-362,-456,224545000,5.66375
2014-05-01 00:00:00 UTC,-106,90,432458000,2.4970833333333333
2014-05-01 00:00:00 UTC,-106,-1111,431802000,1.8218055555555557
2014-05-01 00:00:00 UTC,407,244,237887000,0.84277777777777774
2014-05-01 00:00:00 UTC,407,1219,412035107,4.9698611111111113
2014-05-01 00:00:00 UTC,407,139,247110440,1.0483333333333333
2014-05-01 00:00:00 UTC,407,-93,225353000,1.9006944444444445
2014-05-01 00:00:00 UTC,407,241,239088000,4.1573611111111113
2014-05-01 00:00:00 UTC,407,248,239088000,1.8379166666666664
2014-05-01 00:00:00 UTC,407,1219,666666166,3.6529166666666666
2014-05-01 00:00:00 UTC,407,248,237048000,1.9306944444444447
2014-05-01 00:00:00 UTC,407,249,237048000,0.25069444444444444
2014-05-01 00:00:00 UTC,407,-505,224472000,0.8240277777777778
2014-05-01 00:00:00 UTC,407,258,237058000,0.21375
2014-05-01 00:00:00 UTC,407,257,237058000,1.8047222222222221
2014-05-01 00:00:00 UTC,407,256,237058000,0.79222222222222216
2014-05-01 00:00:00 UTC,407,142,247113950,1.3422222222222222
2014-05-01 00:00:00 UTC,663,-208,251556110,1.02875
2014-05-01 00:00:00 UTC,663,-166,251225640,1.93625
2014-05-01 00:00:00 UTC,663,-165,251225640,4.316527777777778
2014-05-01 00:00:00 UTC,663,-181,251490110,0.50041666666666673
2014-05-01 00:00:00 UTC,663,-182,251490110,0.47416666666666663
2014-05-01 00:00:00 UTC,663,-166,251162440,1.9540277777777775
2014-05-01 00:00:00 UTC,663,-165,251162440,0.25416666666666665
2014-05-01 00:00:00 UTC,663,-300,276806000,0.90847222222222213
2014-05-01 00:00:00 UTC,663,-301,276806000,2.3263888888888888
2014-05-01 00:00:00 UTC,663,-208,251210110,3.072222222222222
2014-05-01 00:00:00 UTC,663,-197,251146640,1.0620833333333333
2014-05-01 00:00:00 UTC,663,-196,251146640,0.28263888888888888
2014-05-01 00:00:00 UTC,663,-191,251121840,4.2511111111111113
2014-05-01 00:00:00 UTC,663,-189,251121840,0.48652777777777778
2014-05-01 00:00:00 UTC,663,-190,251121840,8.0304166666666656
2014-05-01 00:00:00 UTC,663,-208,251249110,6.3051388888888882
2014-05-01 00:00:00 UTC,-361,1047,416094500,5.3905555555555553
2014-05-01 00:00:00 UTC,-361,1035,416094500,4.6788888888888884
2014-05-01 00:00:00 UTC,-361,1048,416094500,2.9130555555555553
2014-05-01 00:00:00 UTC,-361,1056,432878000,1.0747222222222221
2014-05-01 00:00:00 UTC,-361,1058,432878000,2.8756944444444446
2014-05-01 00:00:00 UTC,-361,1055,432878000,0.76347222222222222
2014-05-01 00:00:00 UTC,-361,924,416089800,3.0122222222222224
2014-05-01 00:00:00 UTC,-361,-451,224545000,4.4918055555555556
2014-05-01 00:00:00 UTC,-361,951,441483000,2.283611111111111
2014-05-01 00:00:00 UTC,-361,950,441483000,0.77069444444444446
2014-05-01 00:00:00 UTC,-361,952,441483000,1.61875
2014-05-01 00:00:00 UTC,-105,90,432458000,1.8443055555555556
2014-05-01 00:00:00 UTC,-105,83,432503000,2.3056944444444447
2014-05-01 00:00:00 UTC,408,1211,412002828,3.9419444444444443
2014-05-01 00:00:00 UTC,408,139,247110430,2.3081944444444447
2014-05-01 00:00:00 UTC,408,138,247110440,1.5154166666666666
2014-05-01 00:00:00 UTC,408,-93,225353000,0.74958333333333327
2014-05-01 00:00:00 UTC,408,-94,225353000,3.7993055555555557
2014-05-01 00:00:00 UTC,408,1211,412213301,4.8315277777777776
2014-05-01 00:00:00 UTC,408,1212,412213321,6.8588888888888908
2014-05-01 00:00:00 UTC,408,1212,412213324,3.3870833333333334
2014-05-01 00:00:00 UTC,408,1213,412213391,13.953888888888887
2014-05-01 00:00:00 UTC,408,1212,412213391,10.259444444444446
2014-05-01 00:00:00 UTC,408,1212,412000914,2.2113888888888886
2014-05-01 00:00:00 UTC,408,139,247114150,0.84958333333333336
2014-05-01 00:00:00 UTC,408,1212,412213416,5.7155555555555564
2014-05-01 00:00:00 UTC,408,1211,412213176,3.9365277777777776
2014-05-01 00:00:00 UTC,408,-506,224472000,2.2175
2014-05-01 00:00:00 UTC,408,-505,224472000,0.74805555555555558
2014-05-01 00:00:00 UTC,408,-504,224472000,4.510416666666667
2014-05-01 00:00:00 UTC,408,-507,224472000,2.8941666666666666
2014-05-01 00:00:00 UTC,408,1212,412201155,6.359166666666666
2014-05-01 00:00:00 UTC,408,254,237058000,3.1616666666666671
2014-05-01 00:00:00 UTC,408,258,237058000,0.43430555555555556
2014-05-01 00:00:00 UTC,408,255,237058000,2.7166666666666668
2014-05-01 00:00:00 UTC,408,257,237058000,0.4575
2014-05-01 00:00:00 UTC,408,256,237058000,3.22375
2014-05-01 00:00:00 UTC,408,1211,412213468,2.7773611111111109
2014-05-01 00:00:00 UTC,408,1212,412213502,6.6920833333333336
2014-05-01 00:00:00 UTC,664,-234,251113740,2.5106944444444443
2014-05-01 00:00:00 UTC,664,121,257355020,2.3638888888888889
2014-05-01 00:00:00 UTC,664,-547,331209000,1.1390277777777778
2014-05-01 00:00:00 UTC,664,-186,251810110,0.22388888888888889
2014-05-01 00:00:00 UTC,664,-187,251810110,7.6563888888888876
2014-05-01 00:00:00 UTC,664,-181,251490110,0.28305555555555556
2014-05-01 00:00:00 UTC,664,-159,251836240,4.2800000000000011
2014-05-01 00:00:00 UTC,664,-158,251836240,0.93472222222222223
2014-05-01 00:00:00 UTC,664,119,257193820,0.7334722222222223
2014-05-01 00:00:00 UTC,664,-211,251452000,5.0565277777777782
2014-05-01 00:00:00 UTC,664,-167,251352740,2.1283333333333334
2014-05-01 00:00:00 UTC,664,-166,251352740,4.7266666666666666
2014-05-01 00:00:00 UTC,664,-159,251571110,1.7476388888888887
2014-05-01 00:00:00 UTC,664,-160,251571110,0.97958333333333336
2014-05-01 00:00:00 UTC,664,119,257018040,1.4702777777777776
2014-05-01 00:00:00 UTC,664,118,257018040,0.81069444444444438
2014-05-01 00:00:00 UTC,664,-166,251577540,3.3152777777777782
2014-05-01 00:00:00 UTC,664,-167,251535340,3.4526388888888886
2014-05-01 00:00:00 UTC,664,-166,251535340,5.139444444444444
2014-05-01 00:00:00 UTC,-360,949,440989000,3.0569444444444445
2014-05-01 00:00:00 UTC,-360,1060,432878000,2.5295833333333331
2014-05-01 00:00:00 UTC,-360,1054,432878000,1.6152777777777778
2014-05-01 00:00:00 UTC,-360,1055,432878000,2.2762499999999997
2014-05-01 00:00:00 UTC,-360,1061,432878000,5.9009722222222223
2014-05-01 00:00:00 UTC,-360,1057,432878000,0.77333333333333321
2014-05-01 00:00:00 UTC,-360,1056,432878000,0.76875
2014-05-01 00:00:00 UTC,-360,1052,432878000,3.1002777777777779
2014-05-01 00:00:00 UTC,-360,1058,432878000,1.6429166666666666
2014-05-01 00:00:00 UTC,-360,-452,224545000,1.6027777777777779
2014-05-01 00:00:00 UTC,-360,1059,431700970,2.9209722222222223
2014-05-01 00:00:00 UTC,-360,1052,431700970,4.4501388888888886
2014-05-01 00:00:00 UTC,-360,1054,431700970,2.2409722222222221
2014-05-01 00:00:00 UTC,-360,1055,431700970,0.75847222222222233
2014-05-01 00:00:00 UTC,-360,1057,431700970,5.4581944444444446
2014-05-01 00:00:00 UTC,-360,955,441483000,0.79583333333333328
2014-05-01 00:00:00 UTC,-360,954,441483000,1.3929166666666666
2014-05-01 00:00:00 UTC,-360,953,441483000,1.6355555555555552
2014-05-01 00:00:00 UTC,-104,-1088,431613000,5.1158333333333337
2014-05-01 00:00:00 UTC,-104,83,432503000,1.9505555555555554
2014-05-01 00:00:00 UTC,409,132,247094550,0.26138888888888889
2014-05-01 00:00:00 UTC,409,139,247131440,4.4475
2014-05-01 00:00:00 UTC,409,289,271040321,0.70763888888888882
2014-05-01 00:00:00 UTC,409,288,271040321,8.2495833333333319
2014-05-01 00:00:00 UTC,409,176,247121530,6.4155555555555557
2014-05-01 00:00:00 UTC,409,-507,224472000,1.6234722222222222
2014-05-01 00:00:00 UTC,665,-543,331168000,2.1454166666666667
2014-05-01 00:00:00 UTC,665,122,257355020,0.2994444444444444
2014-05-01 00:00:00 UTC,665,-547,331209000,0.91027777777777774
2014-05-01 00:00:00 UTC,665,-545,331209000,1.7431944444444445
2014-05-01 00:00:00 UTC,665,-546,331209000,3.0397222222222222
2014-05-01 00:00:00 UTC,665,-181,251224110,0.30430555555555555
2014-05-01 00:00:00 UTC,665,-180,251224110,2.9938888888888888
2014-05-01 00:00:00 UTC,665,-181,251490110,1.0705555555555555
2014-05-01 00:00:00 UTC,665,-180,251490110,1.6902777777777778
2014-05-01 00:00:00 UTC,665,-159,251836240,0.22652777777777777
2014-05-01 00:00:00 UTC,665,-160,251836240,0.4341666666666667
2014-05-01 00:00:00 UTC,665,-210,251452000,2.0122222222222224
2014-05-01 00:00:00 UTC,665,132,257167220,1.493611111111111
2014-05-01 00:00:00 UTC,665,-180,251525240,7.5431944444444445
2014-05-01 00:00:00 UTC,665,-180,251410340,1.1230555555555555
2014-05-01 00:00:00 UTC,665,-162,251571110,2.4851388888888888
2014-05-01 00:00:00 UTC,665,-161,251571110,1.5829166666666667
2014-05-01 00:00:00 UTC,665,-160,251571110,0.633888888888889
2014-05-01 00:00:00 UTC,665,119,257018040,2.9834722222222223
2014-05-01 00:00:00 UTC,-359,1053,431253000,2.2266666666666666
2014-05-01 00:00:00 UTC,-359,1055,431253000,1.0969444444444447
2014-05-01 00:00:00 UTC,-359,1050,431253000,0.86125000000000007
2014-05-01 00:00:00 UTC,-359,1052,431253000,0.78027777777777774
2014-05-01 00:00:00 UTC,-359,1051,431253000,0.77902777777777787
2014-05-01 00:00:00 UTC,-359,590,533333003,2.1331944444444444
2014-05-01 00:00:00 UTC,-359,1060,431701560,8.3606944444444444
2014-05-01 00:00:00 UTC,-359,1057,431701560,1.07375
2014-05-01 00:00:00 UTC,-359,1052,431701560,4.4165277777777776
2014-05-01 00:00:00 UTC,-359,1056,431701560,1.0751388888888889
2014-05-01 00:00:00 UTC,-359,1055,431701560,3.004027777777778
2014-05-01 00:00:00 UTC,-359,944,440989000,5.3481944444444443
2014-05-01 00:00:00 UTC,-359,948,440989000,3.0177777777777779
2014-05-01 00:00:00 UTC,-359,-564,701006201,5.2794444444444446
2014-05-01 00:00:00 UTC,-359,-562,701006201,5.2941666666666674
2014-05-01 00:00:00 UTC,-359,-450,224545000,1.5890277777777779
2014-05-01 00:00:00 UTC,-359,1056,431700970,2.1006944444444446
2014-05-01 00:00:00 UTC,-359,1062,431700970,5.3623611111111105
2014-05-01 00:00:00 UTC,-359,952,441483000,5.965
2014-05-01 00:00:00 UTC,-359,955,441483000,0.82930555555555552
2014-05-01 00:00:00 UTC,-359,953,441483000,0.82902777777777781
2014-05-01 00:00:00 UTC,-359,954,441483000,1.0376388888888888
2014-05-01 00:00:00 UTC,-359,951,441483000,0.7725
2014-05-01 00:00:00 UTC,-103,1694,416003089,7.3509722222222234
2014-05-01 00:00:00 UTC,-103,-1088,431613000,0.94069444444444461
2014-05-01 00:00:00 UTC,-103,83,432503000,0.915138888888889
2014-05-01 00:00:00 UTC,410,-735,338164736,2.0519444444444441
2014-05-01 00:00:00 UTC,410,-507,224472000,8.4880555555555546
2014-05-01 00:00:00 UTC,410,-508,224472000,2.7622222222222224
2014-05-01 00:00:00 UTC,410,83,247151070,13.679166666666665
2014-05-01 00:00:00 UTC,666,-543,331168000,0.70291666666666663
2014-05-01 00:00:00 UTC,666,128,257237800,1.1515277777777777
2014-05-01 00:00:00 UTC,666,127,257237800,4.1493055555555554
2014-05-01 00:00:00 UTC,666,-543,331209000,2.5627777777777778
2014-05-01 00:00:00 UTC,666,-545,331209000,4.0001388888888894
2014-05-01 00:00:00 UTC,666,-544,331209000,6.9597222222222221
2014-05-01 00:00:00 UTC,666,-177,251339110,3.8469444444444449
2014-05-01 00:00:00 UTC,666,-178,251339110,2.2711111111111109
2014-05-01 00:00:00 UTC,666,-176,251339110,0.22430555555555554
2014-05-01 00:00:00 UTC,666,131,257011140,0.24083333333333334
2014-05-01 00:00:00 UTC,666,130,257011140,1.7084722222222224
2014-05-01 00:00:00 UTC,666,130,257316320,0.548888888888889
2014-05-01 00:00:00 UTC,666,-180,251376110,7.8922222222222214
2014-05-01 00:00:00 UTC,-358,1061,431253000,1.7401388888888889
2014-05-01 00:00:00 UTC,-358,1062,431253000,1.9054166666666665
2014-05-01 00:00:00 UTC,-358,1055,431253000,0.74138888888888888
2014-05-01 00:00:00 UTC,-358,1057,431253000,0.82361111111111129
2014-05-01 00:00:00 UTC,-358,1056,431253000,0.74083333333333334
2014-05-01 00:00:00 UTC,-358,1053,431253000,1.4365277777777776
2014-05-01 00:00:00 UTC,-358,1052,431253000,0.83736111111111111
2014-05-01 00:00:00 UTC,-358,1059,431253000,2.8618055555555553
2014-05-01 00:00:00 UTC,-358,1054,431253000,1.6034722222222222
2014-05-01 00:00:00 UTC,-358,1007,432894000,0.74708333333333332
2014-05-01 00:00:00 UTC,-358,1006,432894000,1.5999999999999999
2014-05-01 00:00:00 UTC,-358,1004,432894000,2.53875
2014-05-01 00:00:00 UTC,-358,1001,432894000,2.1281944444444445
2014-05-01 00:00:00 UTC,-358,1057,431701560,6.163333333333334
2014-05-01 00:00:00 UTC,-358,944,440989000,2.9736111111111114
2014-05-01 00:00:00 UTC,-358,1017,432955000,1.6219444444444444
2014-05-01 00:00:00 UTC,-358,1024,432955000,2.8494444444444444
2014-05-01 00:00:00 UTC,-358,1020,432955000,1.0833333333333335
2014-05-01 00:00:00 UTC,-358,1021,432955000,2.5165277777777777
2014-05-01 00:00:00 UTC,-358,1026,432955000,3.9759722222222225
2014-05-01 00:00:00 UTC,-358,1023,432955000,4.33875
2014-05-01 00:00:00 UTC,-358,-561,701006201,3.0322222222222224
2014-05-01 00:00:00 UTC,-358,952,441483000,1.1730555555555555
2014-05-01 00:00:00 UTC,-358,951,441483000,0.80541666666666667
2014-05-01 00:00:00 UTC,-358,953,441483000,2.5533333333333332
2014-05-01 00:00:00 UTC,-102,-1088,431613000,1.6461111111111111
2014-05-01 00:00:00 UTC,-102,83,432503000,1.6870833333333335
2014-05-01 00:00:00 UTC,411,133,247111680,4.0834722222222215
2014-05-01 00:00:00 UTC,411,-93,225353000,3.9756944444444442
2014-05-01 00:00:00 UTC,411,133,247110980,1.1358333333333333
2014-05-01 00:00:00 UTC,411,17,224007260,2.73125
2014-05-01 00:00:00 UTC,411,18,224118650,0.96805555555555567
2014-05-01 00:00:00 UTC,411,-91,263279000,4.2650000000000006
2014-05-01 00:00:00 UTC,411,133,247094940,1.3448611111111111
2014-05-01 00:00:00 UTC,411,17,224023970,0.47791666666666666
2014-05-01 00:00:00 UTC,411,133,247099330,1.0465277777777777
2014-05-01 00:00:00 UTC,411,132,247099330,0.44194444444444447
2014-05-01 00:00:00 UTC,411,17,224017870,3.0386111111111109
2014-05-01 00:00:00 UTC,667,124,257175320,3.4340277777777777
2014-05-01 00:00:00 UTC,667,-182,251139110,5.4656944444444449
2014-05-01 00:00:00 UTC,667,126,257237800,0.48625
2014-05-01 00:00:00 UTC,667,127,257237800,1.7906944444444446
2014-05-01 00:00:00 UTC,667,-544,331209000,0.21611111111111111
2014-05-01 00:00:00 UTC,667,-543,331209000,3.3372222222222225
2014-05-01 00:00:00 UTC,667,124,257098540,3.4309722222222221
2014-05-01 00:00:00 UTC,667,-182,251505240,3.9841666666666664
2014-05-01 00:00:00 UTC,667,-177,251339110,0.46930555555555553
2014-05-01 00:00:00 UTC,667,-179,251339110,2.6443055555555559
2014-05-01 00:00:00 UTC,667,-178,251339110,8.8969444444444452
2014-05-01 00:00:00 UTC,667,121,257325720,13.843194444444444
2014-05-01 00:00:00 UTC,667,126,257316320,5.3138888888888891
2014-05-01 00:00:00 UTC,-357,1061,431253000,2.1495833333333332
2014-05-01 00:00:00 UTC,-357,1059,431253000,1.8625
2014-05-01 00:00:00 UTC,-357,1057,431253000,1.6222222222222222
2014-05-01 00:00:00 UTC,-357,1004,432405000,2.9918055555555556
2014-05-01 00:00:00 UTC,-357,1003,432405000,1.8311111111111111
2014-05-01 00:00:00 UTC,-357,1002,432405000,2.135
2014-05-01 00:00:00 UTC,-357,590,533333003,0.82027777777777777
2014-05-01 00:00:00 UTC,-357,1007,432894000,0.32652777777777775
2014-05-01 00:00:00 UTC,-357,1009,432894000,5.5431944444444445
2014-05-01 00:00:00 UTC,-357,1008,432894000,0.775
2014-05-01 00:00:00 UTC,-357,1010,432894000,1.4066666666666665
2014-05-01 00:00:00 UTC,-357,1012,432894000,1.6526388888888885
2014-05-01 00:00:00 UTC,-357,1006,432894000,2.1015277777777781
2014-05-01 00:00:00 UTC,-357,1005,432894000,2.7234722222222221
2014-05-01 00:00:00 UTC,-357,944,440989000,4.7294444444444448
2014-05-01 00:00:00 UTC,-357,1016,432955000,1.6236111111111111
2014-05-01 00:00:00 UTC,-357,1018,432955000,1.4288888888888889
2014-05-01 00:00:00 UTC,-357,1019,432955000,4.6450000000000005
2014-05-01 00:00:00 UTC,-357,-562,701006201,3.7670833333333333
2014-05-01 00:00:00 UTC,-357,620,416004485,6.7302777777777774
2014-05-01 00:00:00 UTC,-357,949,441645000,1.4163888888888887
2014-05-01 00:00:00 UTC,-357,950,441645000,1.6029166666666665
2014-05-01 00:00:00 UTC,-357,951,441645000,0.7597222222222223
2014-05-01 00:00:00 UTC,-357,947,441645000,1.6051388888888891
2014-05-01 00:00:00 UTC,-357,-448,224545000,3.3247222222222224
2014-05-01 00:00:00 UTC,-357,954,441483000,3.7920833333333333
2014-05-01 00:00:00 UTC,-101,1692,416003089,3.7494444444444444
2014-05-01 00:00:00 UTC,-101,94,432276000,2.0436111111111108
2014-05-01 00:00:00 UTC,-101,-1088,431613000,1.5458333333333334
2014-05-01 00:00:00 UTC,-101,84,432503000,3.2413888888888889
2014-05-01 00:00:00 UTC,412,132,247092230,1.1119444444444444
2014-05-01 00:00:00 UTC,412,129,247110170,0.76569444444444446
2014-05-01 00:00:00 UTC,412,-93,225353000,0.25
2014-05-01 00:00:00 UTC,412,133,247092550,1.1330555555555555
2014-05-01 00:00:00 UTC,412,132,247092550,0.27944444444444444
2014-05-01 00:00:00 UTC,412,21,224007270,1.8102777777777777
2014-05-01 00:00:00 UTC,412,132,247092330,0.11958333333333333
2014-05-01 00:00:00 UTC,412,-90,263408000,3.9963888888888892
2014-05-01 00:00:00 UTC,412,-91,263408000,0.45166666666666666
2014-05-01 00:00:00 UTC,412,133,247099280,0.26680555555555557
2014-05-01 00:00:00 UTC,412,21,224256220,0.95333333333333325
2014-05-01 00:00:00 UTC,668,125,257175320,5.76986111111111
2014-05-01 00:00:00 UTC,668,-182,251139110,1.3406944444444444
2014-05-01 00:00:00 UTC,668,-183,251139110,5.6518055555555566
2014-05-01 00:00:00 UTC,668,125,257098540,4.1298611111111114
2014-05-01 00:00:00 UTC,-356,1005,432405000,1.6076388888888886
2014-05-01 00:00:00 UTC,-356,1007,432405000,3.0686111111111112
2014-05-01 00:00:00 UTC,-356,1006,432405000,0.87777777777777777
2014-05-01 00:00:00 UTC,-356,1016,432405000,0.02375
2014-05-01 00:00:00 UTC,-356,1008,432405000,1.5879166666666669
2014-05-01 00:00:00 UTC,-356,1004,432405000,1.6163888888888889
2014-05-01 00:00:00 UTC,-356,1013,432894000,1.6348611111111107
2014-05-01 00:00:00 UTC,-356,1016,432894000,2.257222222222222
2014-05-01 00:00:00 UTC,-356,639,416004427,2.984861111111111
2014-05-01 00:00:00 UTC,-356,621,416000154,11.381944444444445
2014-05-01 00:00:00 UTC,-356,951,441645000,1.119861111111111
2014-05-01 00:00:00 UTC,-356,946,441645000,1.6365277777777778
2014-05-01 00:00:00 UTC,-356,947,441645000,5.2655555555555553
2014-05-01 00:00:00 UTC,-100,92,432276000,0.76222222222222225
2014-05-01 00:00:00 UTC,-100,93,432276000,3.1023611111111116
2014-05-01 00:00:00 UTC,-100,84,432503000,4.2777777777777777
2014-05-01 00:00:00 UTC,413,129,247110170,0.91111111111111109
2014-05-01 00:00:00 UTC,413,23,224009760,0.76388888888888884
2014-05-01 00:00:00 UTC,413,22,224009760,0.2336111111111111
2014-05-01 00:00:00 UTC,413,363,271072569,5.4779166666666672
2014-05-01 00:00:00 UTC,413,-90,263408000,5.5029166666666667
2014-05-01 00:00:00 UTC,413,128,247090860,0.68458333333333332
2014-05-01 00:00:00 UTC,413,23,224219340,0.31847222222222221
2014-05-01 00:00:00 UTC,669,-196,251338110,1.5458333333333334
2014-05-01 00:00:00 UTC,-355,1016,432405000,2.2377777777777776
2014-05-01 00:00:00 UTC,-355,1009,432405000,4.209027777777778
2014-05-01 00:00:00 UTC,-355,1011,432405000,1.6269444444444443
2014-05-01 00:00:00 UTC,-355,1012,432405000,1.6423611111111109
2014-05-01 00:00:00 UTC,-355,943,440989000,5.7055555555555557
2014-05-01 00:00:00 UTC,-355,639,416004427,6.2073611111111111
2014-05-01 00:00:00 UTC,-355,950,441645000,2.0793055555555555
2014-05-01 00:00:00 UTC,-355,951,441645000,2.4505555555555558
2014-05-01 00:00:00 UTC,-99,92,432276000,0.9458333333333333
2014-05-01 00:00:00 UTC,-99,93,432276000,5.0051388888888884
2014-05-01 00:00:00 UTC,-99,-1088,431613000,4.5331944444444447
2014-05-01 00:00:00 UTC,414,25,224137530,2.2441666666666666
2014-05-01 00:00:00 UTC,414,-91,263408000,1.955138888888889
2014-05-01 00:00:00 UTC,414,-90,263408000,0.27486111111111111
2014-05-01 00:00:00 UTC,414,25,224071340,1.4002777777777777
2014-05-01 00:00:00 UTC,414,126,247090860,0.49736111111111114
2014-05-01 00:00:00 UTC,414,25,224190680,1.8172222222222223
2014-05-01 00:00:00 UTC,414,25,224101340,1.3569444444444443
2014-05-01 00:00:00 UTC,670,-197,251082000,8.6843055555555555
2014-05-01 00:00:00 UTC,670,-198,251255110,5.6836111111111105
2014-05-01 00:00:00 UTC,670,-199,251255110,3.1591666666666667
2014-05-01 00:00:00 UTC,670,-196,251255110,2.9926388888888891
2014-05-01 00:00:00 UTC,670,-196,251338110,3.0080555555555555
2014-05-01 00:00:00 UTC,670,-196,251226000,1.5252777777777777
2014-05-01 00:00:00 UTC,-354,638,416004427,6.0586111111111114
2014-05-01 00:00:00 UTC,-354,635,416004427,4.4618055555555554
2014-05-01 00:00:00 UTC,-354,636,416004427,4.3781944444444445
2014-05-01 00:00:00 UTC,-354,620,416000154,3.1194444444444445
2014-05-01 00:00:00 UTC,-354,621,416000154,2.2213888888888889
2014-05-01 00:00:00 UTC,-98,93,432276000,6.2254166666666659
2014-05-01 00:00:00 UTC,-98,92,432276000,1.375
2014-05-01 00:00:00 UTC,-98,-1094,431613000,5.4793055555555554
2014-05-01 00:00:00 UTC,415,-1245,367147830,1.8531944444444446
2014-05-01 00:00:00 UTC,415,-91,263408000,2.0709722222222222
2014-05-01 00:00:00 UTC,415,-92,263279000,4.0016666666666669
2014-05-01 00:00:00 UTC,415,-93,263279000,1.9470833333333333
2014-05-01 00:00:00 UTC,671,-196,251082000,11.428888888888888
2014-05-01 00:00:00 UTC,671,-197,251255110,1.8068055555555556
2014-05-01 00:00:00 UTC,671,-196,251255110,5.1184722222222225
2014-05-01 00:00:00 UTC,671,-195,251338110,1.5638888888888889
2014-05-01 00:00:00 UTC,671,-196,251338110,1.6572222222222222
2014-05-01 00:00:00 UTC,671,-196,251226000,17.61472222222222
2014-05-01 00:00:00 UTC,671,88,257250000,2.3819444444444446
2014-05-01 00:00:00 UTC,-353,187,601182000,20.091111111111111
2014-05-01 00:00:00 UTC,-353,187,601221000,12.389305555555556
2014-05-01 00:00:00 UTC,-353,620,416000154,2.1447222222222218
2014-05-01 00:00:00 UTC,-353,186,601078200,14.953194444444444
2014-05-01 00:00:00 UTC,-97,93,432276000,0.862361111111111
2014-05-01 00:00:00 UTC,-97,-906,432346000,4.5933333333333337
2014-05-01 00:00:00 UTC,416,354,271072275,1.3404166666666666
2014-05-01 00:00:00 UTC,416,355,271072275,0.40541666666666665
2014-05-01 00:00:00 UTC,416,355,271072277,3.1161111111111111
2014-05-01 00:00:00 UTC,416,354,271072277,1.0575
2014-05-01 00:00:00 UTC,416,28,224010270,1.0280555555555555
2014-05-01 00:00:00 UTC,416,355,271072314,4.2823611111111113
2014-05-01 00:00:00 UTC,416,354,271072314,1.6813888888888888
2014-05-01 00:00:00 UTC,416,29,224190270,0.22472222222222221
2014-05-01 00:00:00 UTC,416,354,271072583,2.2152777777777777
2014-05-01 00:00:00 UTC,416,355,271072583,3.1420833333333333
2014-05-01 00:00:00 UTC,416,354,271072625,3.4652777777777781
2014-05-01 00:00:00 UTC,416,355,271072625,3.0831944444444446
2014-05-01 00:00:00 UTC,416,-92,263408000,1.5741666666666667
2014-05-01 00:00:00 UTC,416,-91,263408000,0.97541666666666682
2014-05-01 00:00:00 UTC,416,28,224095360,0.25347222222222221
2014-05-01 00:00:00 UTC,416,354,271072145,2.847083333333333
2014-05-01 00:00:00 UTC,416,355,271072145,1.3659722222222221
2014-05-01 00:00:00 UTC,416,-93,263279000,2.2504166666666667
2014-05-01 00:00:00 UTC,416,-94,263279000,1.7745833333333334
2014-05-01 00:00:00 UTC,416,-96,225980573,0.40041666666666664
2014-05-01 00:00:00 UTC,416,354,271072982,1.98
2014-05-01 00:00:00 UTC,416,355,271073019,1.7802777777777776
2014-05-01 00:00:00 UTC,416,354,271073019,2.689861111111111
2014-05-01 00:00:00 UTC,672,-196,251082000,1.1808333333333334
2014-05-01 00:00:00 UTC,672,-197,251082000,0.4826388888888889
2014-05-01 00:00:00 UTC,672,-197,251255110,1.6675
2014-05-01 00:00:00 UTC,672,-194,251338110,2.953611111111111
2014-05-01 00:00:00 UTC,672,-196,251226000,3.0416666666666661
2014-05-01 00:00:00 UTC,672,-197,251226000,1.2945833333333332
2014-05-01 00:00:00 UTC,672,87,257250000,1.5972222222222223
2014-05-01 00:00:00 UTC,672,88,257250000,2.3097222222222222
2014-05-01 00:00:00 UTC,-352,187,601479000,10.418888888888889
2014-05-01 00:00:00 UTC,-352,621,416000154,2.8952777777777778
2014-05-01 00:00:00 UTC,-352,-480,220463790,0.77763888888888888
2014-05-01 00:00:00 UTC,-352,-481,220463790,0.72486111111111107
2014-05-01 00:00:00 UTC,-352,186,601078200,2.9520833333333334
2014-05-01 00:00:00 UTC,-352,949,441645000,2.9648611111111109
2014-05-01 00:00:00 UTC,-352,950,441645000,2.7444444444444445
2014-05-01 00:00:00 UTC,-352,951,441645000,2.5995833333333334
2014-05-01 00:00:00 UTC,-96,93,432276000,5.9641666666666673
2014-05-01 00:00:00 UTC,-96,-1095,431613000,5.411944444444444
2014-05-01 00:00:00 UTC,417,354,271072583,0.7909722222222223
2014-05-01 00:00:00 UTC,417,356,271072349,11.215277777777779
2014-05-01 00:00:00 UTC,417,354,271072625,0.53319444444444453
2014-05-01 00:00:00 UTC,417,-92,263408000,2.1245833333333337
2014-05-01 00:00:00 UTC,417,354,271072145,1.4177777777777776
2014-05-01 00:00:00 UTC,417,-94,263279000,3.2758333333333329
2014-05-01 00:00:00 UTC,417,-96,225980573,1.1241666666666665
2014-05-01 00:00:00 UTC,417,354,271072982,0.49916666666666665
2014-05-01 00:00:00 UTC,417,354,271073019,1.5165277777777779
2014-05-01 00:00:00 UTC,-351,-561,224754000,1.8779166666666667
2014-05-01 00:00:00 UTC,-351,621,416000154,3.9252777777777781
2014-05-01 00:00:00 UTC,-351,620,416000154,1.3866666666666667
2014-05-01 00:00:00 UTC,-351,-480,220463790,2.390138888888889
2014-05-01 00:00:00 UTC,-351,-481,220463790,2.1990277777777778
2014-05-01 00:00:00 UTC,-95,-1567,55997,3.6301388888888888
2014-05-01 00:00:00 UTC,418,31,224009750,0.85944444444444446
2014-05-01 00:00:00 UTC,418,-93,224181580,0.80013888888888884
2014-05-01 00:00:00 UTC,418,-92,263408000,1.0247222222222221
2014-05-01 00:00:00 UTC,418,-95,225980573,5.2180555555555559
2014-05-01 00:00:00 UTC,418,-96,225980573,3.7079166666666667
2014-05-01 00:00:00 UTC,418,-93,224015520,1.8173611111111114
2014-05-01 00:00:00 UTC,418,-94,224015520,0.95041666666666669
2014-05-01 00:00:00 UTC,674,116,257165340,1.8666666666666667
2014-05-01 00:00:00 UTC,674,117,257050440,0.20930555555555558
2014-05-01 00:00:00 UTC,674,-222,251015000,1.5402777777777779
2014-05-01 00:00:00 UTC,674,117,257074540,2.8238888888888889
2014-05-01 00:00:00 UTC,674,-194,251338110,6.0654166666666667
2014-05-01 00:00:00 UTC,-350,182,601137200,5.7315277777777789
2014-05-01 00:00:00 UTC,-350,182,601009500,7.9427777777777777
2014-05-01 00:00:00 UTC,-350,-480,220463790,2.4319444444444449
2014-05-01 00:00:00 UTC,-350,-481,220463790,2.1191666666666666
2014-05-01 00:00:00 UTC,419,-668,316003110,22.441388888888888
2014-05-01 00:00:00 UTC,419,-94,224181580,1.2000000000000002
2014-05-01 00:00:00 UTC,419,-93,224181580,2.2898611111111111
2014-05-01 00:00:00 UTC,419,-91,263408000,0.25041666666666668
2014-05-01 00:00:00 UTC,419,-96,225980573,3.4754166666666664
2014-05-01 00:00:00 UTC,419,-95,225980573,0.90069444444444446
2014-05-01 00:00:00 UTC,419,-93,224015520,8.1168055555555547
2014-05-01 00:00:00 UTC,419,-94,224015520,8.502083333333335
2014-05-01 00:00:00 UTC,419,-665,316001449,10.425972222222221
2014-05-01 00:00:00 UTC,419,-664,316001449,7.5118055555555561
2014-05-01 00:00:00 UTC,419,-665,316001451,22.493194444444445
2014-05-01 00:00:00 UTC,675,118,257748500,0.72152777777777777
2014-05-01 00:00:00 UTC,675,119,257748500,1.4959722222222223
2014-05-01 00:00:00 UTC,675,117,257050440,2.3630555555555559
2014-05-01 00:00:00 UTC,675,118,257074540,1.3952777777777778
2014-05-01 00:00:00 UTC,675,117,257074540,0.30930555555555556
2014-05-01 00:00:00 UTC,675,-198,251145110,1.120138888888889
2014-05-01 00:00:00 UTC,675,-197,251145110,4.0401388888888885
2014-05-01 00:00:00 UTC,675,-196,251145110,0.50430555555555556
2014-05-01 00:00:00 UTC,-349,182,601137200,4.4162500000000007
2014-05-01 00:00:00 UTC,-349,184,601479000,8.1079166666666662
2014-05-01 00:00:00 UTC,-349,182,601009500,4.9852777777777773
2014-05-01 00:00:00 UTC,-349,184,601221000,0.24541666666666667
2014-05-01 00:00:00 UTC,-349,247,601572000,1.6847222222222222
2014-05-01 00:00:00 UTC,-349,-478,220463790,1.8319444444444444
2014-05-01 00:00:00 UTC,420,-667,316003110,1.6140277777777778
2014-05-01 00:00:00 UTC,420,-94,224181580,1.774861111111111
2014-05-01 00:00:00 UTC,420,-93,224181580,3.125
2014-05-01 00:00:00 UTC,420,-94,224067670,1.1941666666666668
2014-05-01 00:00:00 UTC,420,-97,225980573,0.87472222222222229
2014-05-01 00:00:00 UTC,420,-96,225980573,1.9493055555555556
2014-05-01 00:00:00 UTC,420,-92,224015520,0.24958333333333332
2014-05-01 00:00:00 UTC,420,-665,316001449,5.3983333333333334
2014-05-01 00:00:00 UTC,676,-188,251338110,6.6669444444444448
2014-05-01 00:00:00 UTC,676,-194,251145110,0.5247222222222222
2014-05-01 00:00:00 UTC,676,-195,251145110,1.8180555555555555
2014-05-01 00:00:00 UTC,676,-196,251145110,3.8306944444444451
2014-05-01 00:00:00 UTC,676,-188,251145110,1.5544444444444445
2014-05-01 00:00:00 UTC,676,-193,251145110,4.7072222222222226
2014-05-01 00:00:00 UTC,-348,182,601137200,2.9627777777777777
2014-05-01 00:00:00 UTC,-348,182,601009500,6.4780555555555557
2014-05-01 00:00:00 UTC,-348,244,601169000,0.77222222222222214
2014-05-01 00:00:00 UTC,-348,243,601169000,1.3333333333333333
2014-05-01 00:00:00 UTC,-348,184,601221000,0.32819444444444446
2014-05-01 00:00:00 UTC,-348,248,601572000,2.172361111111111
2014-05-01 00:00:00 UTC,-348,-480,220463790,2.3622222222222224
2014-05-01 00:00:00 UTC,-348,-476,220463790,1.4372222222222224
2014-05-01 00:00:00 UTC,165,-193,224098250,6.5755555555555558
2014-05-01 00:00:00 UTC,421,1313,273339660,3.5620833333333337
2014-05-01 00:00:00 UTC,421,1316,273339660,3.1463888888888891
2014-05-01 00:00:00 UTC,421,1314,273339660,6.0070833333333331
2014-05-01 00:00:00 UTC,421,1315,273339660,0.39152777777777775
2014-05-01 00:00:00 UTC,421,32,224594250,2.1925
2014-05-01 00:00:00 UTC,421,-668,316004170,5.6906944444444445
2014-05-01 00:00:00 UTC,421,-93,224181580,0.65
2014-05-01 00:00:00 UTC,421,-94,224181580,1.5990277777777779
2014-05-01 00:00:00 UTC,421,-94,224067670,3.4044444444444442
2014-05-01 00:00:00 UTC,421,31,224106140,1.9154166666666665
2014-05-01 00:00:00 UTC,421,-96,225980573,3.6484722222222219
2014-05-01 00:00:00 UTC,421,-97,225980573,0.44972222222222225
2014-05-01 00:00:00 UTC,421,-94,224136920,2.7690277777777776
2014-05-01 00:00:00 UTC,421,-93,224134380,0.54916666666666669
2014-05-01 00:00:00 UTC,421,31,224072430,0.21611111111111111
2014-05-01 00:00:00 UTC,421,32,224072430,1.5006944444444446
2014-05-01 00:00:00 UTC,677,-187,251145110,5.3794444444444443
2014-05-01 00:00:00 UTC,-347,183,601099800,5.9390277777777776
2014-05-01 00:00:00 UTC,-347,182,601137200,8.02111111111111
2014-05-01 00:00:00 UTC,-347,181,601137200,2.1823611111111112
2014-05-01 00:00:00 UTC,-347,182,601009500,3.6116666666666664
2014-05-01 00:00:00 UTC,-347,181,601009500,4.4325
2014-05-01 00:00:00 UTC,-347,244,601169000,1.6541666666666666
2014-05-01 00:00:00 UTC,-347,245,601169000,2.6140277777777783
2014-05-01 00:00:00 UTC,-347,249,601572000,2.1475
2014-05-01 00:00:00 UTC,-347,251,601572000,2.1097222222222225
2014-05-01 00:00:00 UTC,166,-169,224026860,11.107916666666666
2014-05-01 00:00:00 UTC,422,161,238337540,2.7829166666666669
2014-05-01 00:00:00 UTC,422,163,238337540,5.061527777777779
2014-05-01 00:00:00 UTC,422,160,238337540,4.4944444444444445
2014-05-01 00:00:00 UTC,422,162,238337540,2.4194444444444447
2014-05-01 00:00:00 UTC,422,1318,273339660,2.0245833333333332
2014-05-01 00:00:00 UTC,422,161,238117140,3.8627777777777776
2014-05-01 00:00:00 UTC,422,160,238117140,0.24638888888888888
2014-05-01 00:00:00 UTC,422,164,238117140,1.2294444444444446
2014-05-01 00:00:00 UTC,422,162,238117140,3.9200000000000008
2014-05-01 00:00:00 UTC,422,163,238117140,7.9025
2014-05-01 00:00:00 UTC,422,-90,224348190,0.25083333333333335
2014-05-01 00:00:00 UTC,422,-169,224155950,2.1862500000000002
2014-05-01 00:00:00 UTC,422,-171,224155950,1.5906944444444444
2014-05-01 00:00:00 UTC,422,-95,224181580,1.4009722222222223
2014-05-01 00:00:00 UTC,422,-94,224067670,3.9511111111111115
2014-05-01 00:00:00 UTC,422,-93,224067670,0.51125
2014-05-01 00:00:00 UTC,422,-95,224067670,8.6004166666666677
2014-05-01 00:00:00 UTC,422,32,224175190,1.5866666666666669
2014-05-01 00:00:00 UTC,422,31,224175190,0.44708333333333333
2014-05-01 00:00:00 UTC,422,-91,224202860,2.5009722222222224
2014-05-01 00:00:00 UTC,422,-92,224202860,0.72125
2014-05-01 00:00:00 UTC,422,-96,225980573,1.472361111111111
2014-05-01 00:00:00 UTC,422,-93,224201150,1.9749999999999999
2014-05-01 00:00:00 UTC,422,-94,224136920,0.35055555555555556
2014-05-01 00:00:00 UTC,422,-95,224136920,1.2208333333333332
2014-05-01 00:00:00 UTC,422,31,224104420,0.42305555555555552
2014-05-01 00:00:00 UTC,422,32,224104420,2.275
2014-05-01 00:00:00 UTC,422,-93,224134380,2.9734722222222216
2014-05-01 00:00:00 UTC,422,-93,224411380,2
2014-05-01 00:00:00 UTC,678,127,257138720,0.68694444444444436
2014-05-01 00:00:00 UTC,678,129,257565500,0.24444444444444446
2014-05-01 00:00:00 UTC,678,131,257565500,1.5363888888888888
2014-05-01 00:00:00 UTC,678,127,257098320,1.3138888888888889
2014-05-01 00:00:00 UTC,-346,182,601099800,8.738611111111112
2014-05-01 00:00:00 UTC,-346,244,601169000,11.96375
2014-05-01 00:00:00 UTC,-346,243,601169000,1.85
2014-05-01 00:00:00 UTC,-346,245,601169000,4.4627777777777773
2014-05-01 00:00:00 UTC,-90,-926,431182000,1.2834722222222223
2014-05-01 00:00:00 UTC,167,-169,224026860,12.481527777777778
2014-05-01 00:00:00 UTC,423,-89,224180740,0.2361111111111111
2014-05-01 00:00:00 UTC,423,161,238337540,1.1090277777777779
2014-05-01 00:00:00 UTC,423,160,238337540,4.158611111111111
2014-05-01 00:00:00 UTC,423,163,238337540,1.1187500000000001
2014-05-01 00:00:00 UTC,423,162,238337540,1.5970833333333334
2014-05-01 00:00:00 UTC,423,164,238337540,1.0193055555555555
2014-05-01 00:00:00 UTC,423,163,238117140,0.45625
2014-05-01 00:00:00 UTC,423,160,238117140,5.1736111111111107
2014-05-01 00:00:00 UTC,423,164,238117140,1.0427777777777778
2014-05-01 00:00:00 UTC,423,-90,224378390,10.026388888888889
2014-05-01 00:00:00 UTC,423,-90,224348190,4.2650000000000006
2014-05-01 00:00:00 UTC,423,-168,224155950,3.0361111111111114
2014-05-01 00:00:00 UTC,423,-172,224155950,1.8806944444444447
2014-05-01 00:00:00 UTC,423,-169,224155950,1.662638888888889
2014-05-01 00:00:00 UTC,423,-95,224181580,0.8931944444444444
2014-05-01 00:00:00 UTC,423,-94,224181580,1.0519444444444446
2014-05-01 00:00:00 UTC,423,-90,224372560,4.2956944444444449
2014-05-01 00:00:00 UTC,423,-89,224372560,8.1172222222222228
2014-05-01 00:00:00 UTC,423,-94,224067670,0.34930555555555554
2014-05-01 00:00:00 UTC,423,-95,224067670,0.65013888888888882
2014-05-01 00:00:00 UTC,423,-93,224067670,0.38430555555555557
2014-05-01 00:00:00 UTC,423,-89,224012890,4.7475000000000005
2014-05-01 00:00:00 UTC,423,-91,224202860,10.250694444444445
2014-05-01 00:00:00 UTC,423,-94,224083350,0.91666666666666674
2014-05-01 00:00:00 UTC,423,-89,224859820,0.44541666666666668
2014-05-01 00:00:00 UTC,423,-93,263235000,0.70013888888888887
2014-05-01 00:00:00 UTC,423,-90,224278460,2.6531944444444449
2014-05-01 00:00:00 UTC,423,-89,224278460,0.35138888888888886
2014-05-01 00:00:00 UTC,423,-93,224201150,3.0498611111111114
2014-05-01 00:00:00 UTC,423,-94,224201150,0.44944444444444442
2014-05-01 00:00:00 UTC,423,-89,224235980,0.20680555555555558
2014-05-01 00:00:00 UTC,423,-90,224235980,13.81291666666667
2014-05-01 00:00:00 UTC,423,-94,224136920,1.6727777777777777
2014-05-01 00:00:00 UTC,423,-94,224019420,8.05638888888889
2014-05-01 00:00:00 UTC,423,-93,224134380,1.5020833333333334
2014-05-01 00:00:00 UTC,423,-93,224411380,3.1249999999999996
2014-05-01 00:00:00 UTC,679,127,257138720,8.8772222222222226
2014-05-01 00:00:00 UTC,679,126,257138720,0.22083333333333333
2014-05-01 00:00:00 UTC,679,104,257225000,2.3441666666666667
2014-05-01 00:00:00 UTC,679,127,257098320,7.417638888888888
2014-05-01 00:00:00 UTC,679,134,257313420,0.955
2014-05-01 00:00:00 UTC,679,135,257313420,0.32027777777777777
2014-05-01 00:00:00 UTC,-345,-1137,412420877,3.1341666666666668
2014-05-01 00:00:00 UTC,-345,-1136,412420877,1.8330555555555554
2014-05-01 00:00:00 UTC,-345,182,601099800,8.6413888888888888
2014-05-01 00:00:00 UTC,-345,259,601572000,4.01375
2014-05-01 00:00:00 UTC,-345,255,601572000,4.563194444444445
2014-05-01 00:00:00 UTC,-345,256,601572000,2.4433333333333334
2014-05-01 00:00:00 UTC,-345,257,601572000,2.4819444444444447
2014-05-01 00:00:00 UTC,-345,-478,220463790,2.5433333333333334
2014-05-01 00:00:00 UTC,-89,-923,431182000,1.9490277777777778
2014-05-01 00:00:00 UTC,-89,-1572,55997,1.8480555555555553
2014-05-01 00:00:00 UTC,-89,-1569,55997,1.8490277777777777
2014-05-01 00:00:00 UTC,424,277,207424000,2.6034722222222224
2014-05-01 00:00:00 UTC,424,-90,224180740,1.3893055555555553
2014-05-01 00:00:00 UTC,424,-94,224041240,1.35
2014-05-01 00:00:00 UTC,424,97,227630880,1.6429166666666666
2014-05-01 00:00:00 UTC,424,96,227630880,0.315
2014-05-01 00:00:00 UTC,424,1440,273429800,0.40638888888888891
2014-05-01 00:00:00 UTC,424,-94,224329000,1.475
2014-05-01 00:00:00 UTC,424,-170,224155950,5.6824999999999992
2014-05-01 00:00:00 UTC,424,-174,224155950,2.6255555555555556
2014-05-01 00:00:00 UTC,424,-94,224090160,1.9219444444444447
2014-05-01 00:00:00 UTC,424,-94,224056130,1.3487500000000001
2014-05-01 00:00:00 UTC,424,277,207421000,0.64597222222222228
2014-05-01 00:00:00 UTC,424,164,238404440,5.3856944444444448
2014-05-01 00:00:00 UTC,424,163,238404440,7.3833333333333337
2014-05-01 00:00:00 UTC,424,-90,224012890,0.89194444444444443
2014-05-01 00:00:00 UTC,424,102,247101020,17.496805555555557
2014-05-01 00:00:00 UTC,424,163,238000005,4.5981944444444451
2014-05-01 00:00:00 UTC,424,162,238000005,1.3790277777777775
2014-05-01 00:00:00 UTC,424,-94,224083350,1.6008333333333333
2014-05-01 00:00:00 UTC,424,146,247104160,0.30930555555555556
2014-05-01 00:00:00 UTC,424,-90,224859820,0.44194444444444442
2014-05-01 00:00:00 UTC,424,-90,224069550,1.2526388888888891
2014-05-01 00:00:00 UTC,424,163,238104240,0.53402777777777777
2014-05-01 00:00:00 UTC,424,-94,263235000,1.9472222222222224
2014-05-01 00:00:00 UTC,424,-93,263235000,0.6002777777777778
2014-05-01 00:00:00 UTC,424,-90,224278460,0.42305555555555552
2014-05-01 00:00:00 UTC,424,-94,224201150,2.6497222222222221
2014-05-01 00:00:00 UTC,424,-95,224201150,0.71805555555555545
2014-05-01 00:00:00 UTC,424,145,247102410,0.85722222222222222
2014-05-01 00:00:00 UTC,424,144,247102410,0.52763888888888888
2014-05-01 00:00:00 UTC,424,148,247100110,0.55722222222222229
2014-05-01 00:00:00 UTC,424,-94,224136920,3.2284722222222215
2014-05-01 00:00:00 UTC,424,-94,224019420,11.231250000000003
2014-05-01 00:00:00 UTC,424,-93,224134380,4.5386111111111109
2014-05-01 00:00:00 UTC,424,-94,224411380,3.3911111111111119
2014-05-01 00:00:00 UTC,424,-93,224411380,0.42458333333333331
2014-05-01 00:00:00 UTC,680,103,257225000,3.0865277777777775
2014-05-01 00:00:00 UTC,680,105,257225000,1.5666666666666669
2014-05-01 00:00:00 UTC,680,102,257225000,2.322222222222222
2014-05-01 00:00:00 UTC,680,104,257225000,8.6397222222222219
2014-05-01 00:00:00 UTC,680,140,257565500,0.22652777777777777
2014-05-01 00:00:00 UTC,680,139,257565500,1.296111111111111
2014-05-01 00:00:00 UTC,680,134,257313420,4.3436111111111106
2014-05-01 00:00:00 UTC,680,135,257313420,0.93013888888888885
2014-05-01 00:00:00 UTC,-344,-477,220463790,1.7922222222222222
2014-05-01 00:00:00 UTC,-88,-1568,55997,0.56361111111111106
2014-05-01 00:00:00 UTC,-88,-1567,55997,3.2469444444444444
2014-05-01 00:00:00 UTC,-88,-1571,55997,1.8531944444444444
2014-05-01 00:00:00 UTC,425,-94,224041240,3.4745833333333338
2014-05-01 00:00:00 UTC,425,96,227630880,1.0358333333333334
2014-05-01 00:00:00 UTC,425,97,227630880,12.51625
2014-05-01 00:00:00 UTC,425,1442,273429800,0.40833333333333333
2014-05-01 00:00:00 UTC,425,1440,273429800,0.20222222222222222
2014-05-01 00:00:00 UTC,425,1444,273429800,0.2013888888888889
2014-05-01 00:00:00 UTC,425,1443,273429800,0.60347222222222219
2014-05-01 00:00:00 UTC,425,1441,273429800,0.40111111111111114
2014-05-01 00:00:00 UTC,425,-94,224329000,4.048055555555556
2014-05-01 00:00:00 UTC,425,-95,224329000,1.0002777777777778
2014-05-01 00:00:00 UTC,425,-94,224076590,1.5511111111111113
2014-05-01 00:00:00 UTC,425,-95,224076590,0.44972222222222219
2014-05-01 00:00:00 UTC,425,-172,224155950,4.6355555555555554
2014-05-01 00:00:00 UTC,425,-95,224090160,1.7747222222222223
2014-05-01 00:00:00 UTC,425,144,247100720,1.1270833333333332
2014-05-01 00:00:00 UTC,425,-92,224162880,0.65277777777777779
2014-05-01 00:00:00 UTC,425,-94,224056130,2.6756944444444444
2014-05-01 00:00:00 UTC,425,-95,224056130,0.69930555555555562
2014-05-01 00:00:00 UTC,425,277,207421000,1.7622222222222224
2014-05-01 00:00:00 UTC,425,278,207421000,0.50736111111111115
2014-05-01 00:00:00 UTC,425,-95,224123730,2.575277777777778
2014-05-01 00:00:00 UTC,425,-91,224077140,0.49944444444444447
2014-05-01 00:00:00 UTC,425,-92,224077140,0.52486111111111111
2014-05-01 00:00:00 UTC,425,162,238404440,5.9156944444444441
2014-05-01 00:00:00 UTC,425,163,238404440,0.30986111111111114
2014-05-01 00:00:00 UTC,425,161,238404440,5.1790277777777778
2014-05-01 00:00:00 UTC,425,102,247101020,1.5361111111111112
2014-05-01 00:00:00 UTC,425,103,247101020,1.6324999999999998
2014-05-01 00:00:00 UTC,425,161,238000005,0.60652777777777778
2014-05-01 00:00:00 UTC,425,162,238000005,0.57430555555555551
2014-05-01 00:00:00 UTC,425,-94,224083350,0.22486111111111112
2014-05-01 00:00:00 UTC,425,-95,225980581,0.34986111111111112
2014-05-01 00:00:00 UTC,425,161,238104240,3.6787499999999995
2014-05-01 00:00:00 UTC,425,162,238104240,0.92152777777777783
2014-05-01 00:00:00 UTC,425,163,238104240,0.44708333333333333
2014-05-01 00:00:00 UTC,425,-95,263235000,0.475
2014-05-01 00:00:00 UTC,425,-94,263235000,8.8211111111111116
2014-05-01 00:00:00 UTC,425,-95,224136920,2.4483333333333337
2014-05-01 00:00:00 UTC,425,-94,224136920,0.75125
2014-05-01 00:00:00 UTC,425,143,247102190,1.5001388888888889
2014-05-01 00:00:00 UTC,425,144,247102190,0.22513888888888889
2014-05-01 00:00:00 UTC,681,111,257225000,5.4930555555555554
2014-05-01 00:00:00 UTC,681,129,257413500,5.5751388888888886
2014-05-01 00:00:00 UTC,681,-542,331074000,1.57375
2014-05-01 00:00:00 UTC,681,-541,331074000,1.5238888888888891
2014-05-01 00:00:00 UTC,-87,-1569,55997,1.41375
2014-05-01 00:00:00 UTC,-87,-1570,55997,2.6283333333333339
2014-05-01 00:00:00 UTC,-87,-1568,55997,1.7313888888888884
2014-05-01 00:00:00 UTC,170,1407,416001225,5.4618055555555554
2014-05-01 00:00:00 UTC,426,-92,224104960,4.9168055555555554
2014-05-01 00:00:00 UTC,426,-95,224041240,3.4513888888888893
2014-05-01 00:00:00 UTC,426,96,227630880,2.0372222222222223
2014-05-01 00:00:00 UTC,426,-95,224329000,2.0745833333333334
2014-05-01 00:00:00 UTC,426,-95,224076590,2.4168055555555554
2014-05-01 00:00:00 UTC,426,144,247100720,0.44125000000000003
2014-05-01 00:00:00 UTC,426,-95,224056130,3.4261111111111107
2014-05-01 00:00:00 UTC,426,278,207826760,1.2791666666666668
2014-05-01 00:00:00 UTC,426,278,207421000,1.8672222222222221
2014-05-01 00:00:00 UTC,426,-96,224123730,4.0488888888888885
2014-05-01 00:00:00 UTC,426,-95,224123730,0.97486111111111118
2014-05-01 00:00:00 UTC,426,-92,224077140,1.7134722222222223
2014-05-01 00:00:00 UTC,426,161,238000005,2.4345833333333333
2014-05-01 00:00:00 UTC,426,-97,224025230,7.2252777777777766
2014-05-01 00:00:00 UTC,426,-95,224083350,1.3256944444444443
2014-05-01 00:00:00 UTC,426,-96,224083350,0.44972222222222225
2014-05-01 00:00:00 UTC,426,-95,225980581,9.7243055555555546
2014-05-01 00:00:00 UTC,426,171,238402740,2.26875
2014-05-01 00:00:00 UTC,426,170,238402740,0.69055555555555559
2014-05-01 00:00:00 UTC,426,173,238402740,3.5613888888888887
2014-05-01 00:00:00 UTC,426,172,238402740,1.7822222222222222
2014-05-01 00:00:00 UTC,426,-95,263235000,1.6005555555555557
2014-05-01 00:00:00 UTC,426,-96,263235000,0.82416666666666671
2014-05-01 00:00:00 UTC,426,-95,224079580,1.5633333333333335
2014-05-01 00:00:00 UTC,426,-96,224079580,1.6870833333333333
2014-05-01 00:00:00 UTC,426,-95,224134380,3.8154166666666667
2014-05-01 00:00:00 UTC,426,277,207822580,0.70013888888888887
2014-05-01 00:00:00 UTC,682,145,257028500,1.6379166666666665
2014-05-01 00:00:00 UTC,-342,-1139,412420877,3.0615277777777781
2014-05-01 00:00:00 UTC,-342,-1140,412420877,3.0131944444444443
2014-05-01 00:00:00 UTC,-342,621,416002948,3.2506944444444446
2014-05-01 00:00:00 UTC,-342,-476,220463790,2.0156944444444447
2014-05-01 00:00:00 UTC,-86,-78,416121900,5.7801388888888887
2014-05-01 00:00:00 UTC,-86,-922,431182000,1.7958333333333334
2014-05-01 00:00:00 UTC,171,-210,224055860,3.7013888888888888
2014-05-01 00:00:00 UTC,427,158,238988040,3.0388888888888888
2014-05-01 00:00:00 UTC,427,157,238988040,0.63875
2014-05-01 00:00:00 UTC,427,159,238988040,5.3851388888888874
2014-05-01 00:00:00 UTC,427,-95,224041240,2.7486111111111109
2014-05-01 00:00:00 UTC,427,-96,224011290,1.2740277777777778
2014-05-01 00:00:00 UTC,427,-95,224225320,2.8018055555555557
2014-05-01 00:00:00 UTC,427,-92,224174120,7.27611111111111
2014-05-01 00:00:00 UTC,427,-93,224174120,2.1243055555555554
2014-05-01 00:00:00 UTC,427,-94,224329000,2.8984722222222223
2014-05-01 00:00:00 UTC,427,-96,224329000,1.8502777777777779
2014-05-01 00:00:00 UTC,427,-95,224076590,1.4841666666666669
2014-05-01 00:00:00 UTC,427,-96,224056130,2.9775
2014-05-01 00:00:00 UTC,427,-95,224056130,0.4475
2014-05-01 00:00:00 UTC,427,103,247220040,1.7144444444444444
2014-05-01 00:00:00 UTC,427,-96,224123730,4.5827777777777783
2014-05-01 00:00:00 UTC,427,-95,224123730,1.0233333333333332
2014-05-01 00:00:00 UTC,427,103,247067730,0.35805555555555557
2014-05-01 00:00:00 UTC,427,161,238000005,4.9568055555555555
2014-05-01 00:00:00 UTC,427,159,238000010,3.2923611111111111
2014-05-01 00:00:00 UTC,427,160,238000010,4.9745833333333325
2014-05-01 00:00:00 UTC,427,161,238000010,0.79236111111111107
2014-05-01 00:00:00 UTC,427,158,238000010,0.31541666666666668
2014-05-01 00:00:00 UTC,427,-97,224025230,7.8729166666666668
2014-05-01 00:00:00 UTC,427,-96,224083350,1.5745833333333332
2014-05-01 00:00:00 UTC,427,143,247280280,0.71319444444444446
2014-05-01 00:00:00 UTC,427,103,247220130,3.3481944444444443
2014-05-01 00:00:00 UTC,427,161,238987940,0.82222222222222219
2014-05-01 00:00:00 UTC,427,157,238987940,0.75916666666666666
2014-05-01 00:00:00 UTC,427,160,238987940,1.4156944444444444
2014-05-01 00:00:00 UTC,427,159,238987940,0.5344444444444445
2014-05-01 00:00:00 UTC,427,158,238987940,1.2259722222222222
2014-05-01 00:00:00 UTC,427,172,238402740,5.1079166666666662
2014-05-01 00:00:00 UTC,427,171,238402740,0.87402777777777785
2014-05-01 00:00:00 UTC,427,-96,263235000,1.7901388888888889
2014-05-01 00:00:00 UTC,427,-96,224079580,2.775555555555556
2014-05-01 00:00:00 UTC,427,-95,224134380,0.95402777777777781
2014-05-01 00:00:00 UTC,683,-540,331238000,1.5274999999999999
2014-05-01 00:00:00 UTC,-341,-1343,416242800,6.450277777777778
2014-05-01 00:00:00 UTC,-341,621,416002948,9.4113888888888884
2014-05-01 00:00:00 UTC,-85,-72,416121900,4.2013888888888893
2014-05-01 00:00:00 UTC,172,-169,224032270,2.2323611111111115
2014-05-01 00:00:00 UTC,172,-210,224055860,1.8069444444444445
2014-05-01 00:00:00 UTC,172,1406,416001225,11.172638888888889
2014-05-01 00:00:00 UTC,172,-192,224098250,11.699722222222222
2014-05-01 00:00:00 UTC,428,-95,224176390,2.4501388888888891
2014-05-01 00:00:00 UTC,428,158,238988040,3.6780555555555554
2014-05-01 00:00:00 UTC,428,157,238988040,2.0902777777777781
2014-05-01 00:00:00 UTC,428,155,238988040,1.6030555555555555
2014-05-01 00:00:00 UTC,428,156,238988040,3.3065277777777777
2014-05-01 00:00:00 UTC,428,-95,224041240,3.0445833333333332
2014-05-01 00:00:00 UTC,428,-96,224011290,1.8308333333333333
2014-05-01 00:00:00 UTC,428,-95,224225320,3.0219444444444443
2014-05-01 00:00:00 UTC,428,-94,224329000,0.64861111111111114
2014-05-01 00:00:00 UTC,428,-95,224329000,0.70263888888888881
2014-05-01 00:00:00 UTC,428,-95,224076590,1.4358333333333335
2014-05-01 00:00:00 UTC,428,100,247220020,1.5695833333333331
2014-05-01 00:00:00 UTC,428,-96,224186960,1.8790277777777777
2014-05-01 00:00:00 UTC,428,100,247220050,0.71444444444444444
2014-05-01 00:00:00 UTC,428,-94,224123730,0.74374999999999991
2014-05-01 00:00:00 UTC,428,-96,224123730,2.0443055555555554
2014-05-01 00:00:00 UTC,428,-95,224123730,1.2686111111111111
2014-05-01 00:00:00 UTC,428,-95,224113260,0.82
2014-05-01 00:00:00 UTC,428,158,238000010,3.1443055555555555
2014-05-01 00:00:00 UTC,428,161,238000010,2.0998611111111112
2014-05-01 00:00:00 UTC,428,-98,224025230,0.24902777777777779
2014-05-01 00:00:00 UTC,428,-97,224025230,2.165
2014-05-01 00:00:00 UTC,428,-96,224083350,0.60027777777777769
2014-05-01 00:00:00 UTC,428,100,247220130,0.9540277777777777
2014-05-01 00:00:00 UTC,428,157,238987940,4.7913888888888891
2014-05-01 00:00:00 UTC,428,156,238987940,5.5894444444444442
2014-05-01 00:00:00 UTC,428,155,238987940,2.6873611111111111
2014-05-01 00:00:00 UTC,428,-96,263235000,4.3238888888888889
2014-05-01 00:00:00 UTC,428,-96,224079580,3.2197222222222224
2014-05-01 00:00:00 UTC,684,-539,331238000,1.2205555555555554
2014-05-01 00:00:00 UTC,-340,-1149,412420877,8.2743055555555571
2014-05-01 00:00:00 UTC,-340,-1144,412420877,4.4615277777777784
2014-05-01 00:00:00 UTC,-340,-1340,416242800,2.2127777777777777
2014-05-01 00:00:00 UTC,-340,-1341,416242800,0.8375
2014-05-01 00:00:00 UTC,-340,622,416002948,11.440555555555555
2014-05-01 00:00:00 UTC,-340,-475,220463790,1.9966666666666666
2014-05-01 00:00:00 UTC,-84,-77,416121900,8.2559722222222227
2014-05-01 00:00:00 UTC,-84,1622,416004248,0.31444444444444442
2014-05-01 00:00:00 UTC,-84,1621,416004248,4.4227777777777773
2014-05-01 00:00:00 UTC,173,-168,224032270,2.933472222222222
2014-05-01 00:00:00 UTC,173,-221,224055860,5.9556944444444451
2014-05-01 00:00:00 UTC,173,-167,224275000,0.40722222222222221
2014-05-01 00:00:00 UTC,429,-95,224176390,9.7141666666666673
2014-05-01 00:00:00 UTC,429,155,238988040,3.5526388888888891
2014-05-01 00:00:00 UTC,429,-95,224041240,1.4840277777777777
2014-05-01 00:00:00 UTC,429,-96,224041240,0.57277777777777783
2014-05-01 00:00:00 UTC,429,-96,224011290,1.3802777777777779
2014-05-01 00:00:00 UTC,429,156,238327840,9.37875
2014-05-01 00:00:00 UTC,429,-95,224225320,9.512083333333333
2014-05-01 00:00:00 UTC,429,-95,224076590,1.2240277777777777
2014-05-01 00:00:00 UTC,429,-95,224056130,1.278888888888889
2014-05-01 00:00:00 UTC,429,102,247220040,10.245833333333334
2014-05-01 00:00:00 UTC,429,-1247,367161930,1.4790277777777778
2014-05-01 00:00:00 UTC,429,-1248,367161930,2.1229166666666668
2014-05-01 00:00:00 UTC,429,-96,224186960,1.5166666666666666
2014-05-01 00:00:00 UTC,429,101,247220050,0.6025
2014-05-01 00:00:00 UTC,429,-96,224123730,2.55125
2014-05-01 00:00:00 UTC,429,102,247067730,0.21805555555555556
2014-05-01 00:00:00 UTC,429,-95,224113260,4.277222222222222
2014-05-01 00:00:00 UTC,429,-98,224025230,0.24888888888888888
2014-05-01 00:00:00 UTC,429,-97,224025230,1.4011111111111112
2014-05-01 00:00:00 UTC,429,-502,316003060,1.814861111111111
2014-05-01 00:00:00 UTC,429,-95,224192250,1.074861111111111
2014-05-01 00:00:00 UTC,-339,-1334,416242800,5.1791666666666671
2014-05-01 00:00:00 UTC,-83,-921,431182000,0.89875
2014-05-01 00:00:00 UTC,-83,-920,431182000,0.94375
2014-05-01 00:00:00 UTC,174,-167,224032270,8.5249999999999986
2014-05-01 00:00:00 UTC,174,-168,224032270,2.9234722222222222
2014-05-01 00:00:00 UTC,174,-210,224055860,1.77375
2014-05-01 00:00:00 UTC,174,-168,224275000,1.7980555555555555
2014-05-01 00:00:00 UTC,174,-167,224275000,5.277499999999999
2014-05-01 00:00:00 UTC,174,-167,224033000,5.7379166666666661
2014-05-01 00:00:00 UTC,430,-95,224176390,5.9970833333333333
2014-05-01 00:00:00 UTC,430,-94,224086550,0.72958333333333336
2014-05-01 00:00:00 UTC,430,-95,224011290,2.785277777777778
2014-05-01 00:00:00 UTC,430,-95,224225320,6.4722222222222214
2014-05-01 00:00:00 UTC,430,156,238211140,5.4858333333333329
2014-05-01 00:00:00 UTC,430,-94,224047430,0.75041666666666673
2014-05-01 00:00:00 UTC,430,281,207293000,3.6215277777777772
2014-05-01 00:00:00 UTC,430,-95,224137550,0.59958333333333336
2014-05-01 00:00:00 UTC,430,-96,224137550,8.0272222222222229
2014-05-01 00:00:00 UTC,430,-95,224186960,1.6243055555555554
2014-05-01 00:00:00 UTC,430,-94,224186960,0.23319444444444443
2014-05-01 00:00:00 UTC,430,-96,224186960,3.4159722222222224
2014-05-01 00:00:00 UTC,430,-95,224113260,3.8090277777777777
2014-05-01 00:00:00 UTC,430,-96,224113260,2.2594444444444441
2014-05-01 00:00:00 UTC,430,-96,224052340,8.5543055555555547
2014-05-01 00:00:00 UTC,430,-96,224201150,0.29708333333333331
2014-05-01 00:00:00 UTC,430,-96,224079580,2.935138888888889
2014-05-01 00:00:00 UTC,430,-96,224411380,0.46777777777777779
2014-05-01 00:00:00 UTC,430,-499,316003060,2.4261111111111111
2014-05-01 00:00:00 UTC,430,-502,316003060,7.5283333333333342
2014-05-01 00:00:00 UTC,430,-500,316003060,6.6436111111111114
2014-05-01 00:00:00 UTC,430,59,227403000,0.2175
2014-05-01 00:00:00 UTC,430,60,227403000,1.1424999999999998
2014-05-01 00:00:00 UTC,430,-96,224192250,1.7001388888888886
2014-05-01 00:00:00 UTC,430,-95,224192250,6.8993055555555554
2014-05-01 00:00:00 UTC,686,-533,331213000,1.5376388888888888
2014-05-01 00:00:00 UTC,686,-534,331213000,0.76694444444444443
2014-05-01 00:00:00 UTC,-338,-1338,416242800,1.2456944444444442
2014-05-01 00:00:00 UTC,-338,-1337,416242800,3.837361111111111
2014-05-01 00:00:00 UTC,175,-166,224032270,1.6843055555555553
2014-05-01 00:00:00 UTC,175,-167,224032270,5.3044444444444432
2014-05-01 00:00:00 UTC,175,-210,224055860,1.0193055555555555
2014-05-01 00:00:00 UTC,175,-167,224275000,2.4630555555555556
2014-05-01 00:00:00 UTC,175,-166,224275000,2.2731944444444441
2014-05-01 00:00:00 UTC,175,-169,246274000,2.8281944444444447
2014-05-01 00:00:00 UTC,175,-167,224033000,1.2244444444444444
2014-05-01 00:00:00 UTC,175,-166,224033000,3.4181944444444445
2014-05-01 00:00:00 UTC,431,-95,224176390,1.4250000000000003
2014-05-01 00:00:00 UTC,431,163,238390540,1.6118055555555557
2014-05-01 00:00:00 UTC,431,-94,224086550,1.9476388888888887
2014-05-01 00:00:00 UTC,431,-95,224011290,1.4255555555555557
2014-05-01 00:00:00 UTC,431,-94,224011290,0.32375
2014-05-01 00:00:00 UTC,431,-95,224225320,0.82597222222222222
2014-05-01 00:00:00 UTC,431,-95,224076590,0.81152777777777774
2014-05-01 00:00:00 UTC,431,-94,224047430,1.4245833333333335
2014-05-01 00:00:00 UTC,431,-95,224047430,0.80027777777777775
2014-05-01 00:00:00 UTC,431,-96,224047430,4.3237499999999995
2014-05-01 00:00:00 UTC,431,281,207293000,7.0175
2014-05-01 00:00:00 UTC,431,282,207293000,10.54125
2014-05-01 00:00:00 UTC,431,-96,224137550,1.797361111111111
2014-05-01 00:00:00 UTC,431,-95,224186960,0.52486111111111111
2014-05-01 00:00:00 UTC,431,-96,224186960,1.7779166666666666
2014-05-01 00:00:00 UTC,431,-94,224186960,1.4249999999999998
2014-05-01 00:00:00 UTC,431,155,238156640,14.09875
2014-05-01 00:00:00 UTC,431,-95,224113260,4.8815277777777784
2014-05-01 00:00:00 UTC,431,-96,224113260,1.9970833333333333
2014-05-01 00:00:00 UTC,431,-96,224052340,1.6719444444444442
2014-05-01 00:00:00 UTC,431,-92,224005820,1.2536111111111112
2014-05-01 00:00:00 UTC,431,-96,224201150,1.1343055555555555
2014-05-01 00:00:00 UTC,431,-96,224079580,1.4420833333333332
2014-05-01 00:00:00 UTC,431,-95,224079580,0.5330555555555555
2014-05-01 00:00:00 UTC,431,-96,224147180,1.2004166666666667
2014-05-01 00:00:00 UTC,431,-96,224411380,1.2075
2014-05-01 00:00:00 UTC,431,-502,316003060,1.7879166666666668
2014-05-01 00:00:00 UTC,431,-96,224192250,1.5980555555555556
2014-05-01 00:00:00 UTC,431,-95,224192250,5.6808333333333332
2014-05-01 00:00:00 UTC,431,-94,224041980,1.3294444444444447
2014-05-01 00:00:00 UTC,431,-93,224041980,0.4538888888888889
2014-05-01 00:00:00 UTC,687,-533,331213000,0.79152777777777772
2014-05-01 00:00:00 UTC,-337,-1339,416242800,1.4126388888888888
2014-05-01 00:00:00 UTC,-337,-1340,416242800,1.7663888888888888
2014-05-01 00:00:00 UTC,-81,-920,431182000,1.7972222222222221
2014-05-01 00:00:00 UTC,-81,-919,431182000,1.7756944444444445
2014-05-01 00:00:00 UTC,176,-210,224055860,0.93055555555555558
2014-05-01 00:00:00 UTC,176,-166,224275000,2.2072222222222222
2014-05-01 00:00:00 UTC,176,-167,224275000,3.5848611111111111
2014-05-01 00:00:00 UTC,176,-167,224033000,1.4069444444444446
2014-05-01 00:00:00 UTC,176,-166,224033000,4.5793055555555551
2014-05-01 00:00:00 UTC,432,-92,224080660,6.457361111111112
2014-05-01 00:00:00 UTC,432,-95,224000020,2.0997222222222223
2014-05-01 00:00:00 UTC,432,-94,224000020,3.1015277777777772
2014-05-01 00:00:00 UTC,432,-95,224011290,0.25472222222222218
2014-05-01 00:00:00 UTC,432,-94,224011290,2.0595833333333333
2014-05-01 00:00:00 UTC,432,-91,224005670,0.47847222222222219
2014-05-01 00:00:00 UTC,432,-95,224076590,1.5955555555555556
2014-05-01 00:00:00 UTC,432,-94,224076590,0.25513888888888892
2014-05-01 00:00:00 UTC,432,-94,224047430,3.2572222222222216
2014-05-01 00:00:00 UTC,432,-95,224047430,4.7659722222222225
2014-05-01 00:00:00 UTC,432,-95,224186960,0.80569444444444449
2014-05-01 00:00:00 UTC,432,-94,224186960,1.0394444444444444
2014-05-01 00:00:00 UTC,432,-96,224013910,17.208333333333329
2014-05-01 00:00:00 UTC,432,164,238288740,4.6976388888888883
2014-05-01 00:00:00 UTC,432,-94,224113260,0.25208333333333333
2014-05-01 00:00:00 UTC,432,-95,224113260,3.1222222222222227
2014-05-01 00:00:00 UTC,432,163,238116740,14.722083333333332
2014-05-01 00:00:00 UTC,432,164,238176440,8.9470833333333335
2014-05-01 00:00:00 UTC,432,-94,224906170,3.174722222222222
2014-05-01 00:00:00 UTC,432,-95,224906170,1.3561111111111108
2014-05-01 00:00:00 UTC,432,-91,224005820,0.82708333333333328
2014-05-01 00:00:00 UTC,432,-96,224105920,1.7244444444444442
2014-05-01 00:00:00 UTC,432,-95,224105920,1.4790277777777776
2014-05-01 00:00:00 UTC,432,-94,224906180,3.919027777777778
2014-05-01 00:00:00 UTC,432,-95,224906180,0.99458333333333326
2014-05-01 00:00:00 UTC,432,-95,224079580,0.27236111111111111
2014-05-01 00:00:00 UTC,432,166,238923240,11.525416666666668
2014-05-01 00:00:00 UTC,432,1459,273358330,6.0543055555555547
2014-05-01 00:00:00 UTC,432,-94,224192250,0.26277777777777778
2014-05-01 00:00:00 UTC,432,-95,224192250,2.7563888888888886
2014-05-01 00:00:00 UTC,432,-95,224041980,2.2222222222222223
2014-05-01 00:00:00 UTC,432,-94,224041980,3.2976388888888892
2014-05-01 00:00:00 UTC,688,-525,331218000,1.4008333333333334
2014-05-01 00:00:00 UTC,-336,-1341,416242800,2.7208333333333332
2014-05-01 00:00:00 UTC,-336,173,601339000,0.41194444444444445
2014-05-01 00:00:00 UTC,-336,172,601339000,1.7125000000000001
2014-05-01 00:00:00 UTC,177,-210,224055860,1.8583333333333332
2014-05-01 00:00:00 UTC,177,-166,224275000,1.8720833333333333
2014-05-01 00:00:00 UTC,433,-93,224080660,0.53861111111111115
2014-05-01 00:00:00 UTC,433,-94,224000020,0.861388888888889
2014-05-01 00:00:00 UTC,433,-93,224000020,2.9123611111111112
2014-05-01 00:00:00 UTC,433,-92,224011290,0.97805555555555546
2014-05-01 00:00:00 UTC,433,-93,224011290,1.4254166666666666
2014-05-01 00:00:00 UTC,433,281,207829280,15.739583333333332
2014-05-01 00:00:00 UTC,433,-93,224013090,0.78291666666666671
2014-05-01 00:00:00 UTC,433,-92,224013090,1.839722222222222
2014-05-01 00:00:00 UTC,433,-90,224005670,1.1099999999999999
2014-05-01 00:00:00 UTC,433,-88,224005670,0.78069444444444436
2014-05-01 00:00:00 UTC,433,-88,224198440,1.2613888888888889
2014-05-01 00:00:00 UTC,433,-94,224076590,1.1255555555555556
2014-05-01 00:00:00 UTC,433,-93,224092730,2.9427777777777777
2014-05-01 00:00:00 UTC,433,-86,224096830,0.64486111111111111
2014-05-01 00:00:00 UTC,433,-85,224096830,0.21513888888888888
2014-05-01 00:00:00 UTC,433,-95,224093760,3.8361111111111108
2014-05-01 00:00:00 UTC,433,-94,224093760,1.7638888888888888
2014-05-01 00:00:00 UTC,433,-95,224128320,4.1998611111111108
2014-05-01 00:00:00 UTC,433,-94,224128320,4.502638888888888
2014-05-01 00:00:00 UTC,433,-94,224047430,0.96680555555555558
2014-05-01 00:00:00 UTC,433,138,247080780,0.29444444444444445
2014-05-01 00:00:00 UTC,433,-93,224137550,2.0420833333333333
2014-05-01 00:00:00 UTC,433,-92,224137550,0.30472222222222223
2014-05-01 00:00:00 UTC,433,-94,224137550,0.5575
2014-05-01 00:00:00 UTC,433,-86,224022350,1.2720833333333332
2014-05-01 00:00:00 UTC,433,-90,224085840,11.098194444444443
2014-05-01 00:00:00 UTC,433,-93,224186960,1.6780555555555554
2014-05-01 00:00:00 UTC,433,-92,224186960,0.47041666666666671
2014-05-01 00:00:00 UTC,433,-96,224013910,1.3141666666666667
2014-05-01 00:00:00 UTC,433,-94,224016730,2.5886111111111108
2014-05-01 00:00:00 UTC,433,-95,224016730,3.0738888888888889
2014-05-01 00:00:00 UTC,433,163,238288740,1.2345833333333334
2014-05-01 00:00:00 UTC,433,-86,224048230,0.8718055555555555
2014-05-01 00:00:00 UTC,433,-94,224057450,8.790555555555553
2014-05-01 00:00:00 UTC,433,-93,224057450,1.941111111111111
2014-05-01 00:00:00 UTC,433,-93,224052340,1.9786111111111111
2014-05-01 00:00:00 UTC,433,-92,224052340,0.60972222222222217
2014-05-01 00:00:00 UTC,433,-94,224052340,0.62291666666666667
2014-05-01 00:00:00 UTC,433,-89,224027520,0.63583333333333336
2014-05-01 00:00:00 UTC,433,-88,224027520,0.66041666666666665
2014-05-01 00:00:00 UTC,433,-91,224027520,0.96430555555555553
2014-05-01 00:00:00 UTC,433,-90,224027520,1.3444444444444446
2014-05-01 00:00:00 UTC,433,-95,224095620,3.7758333333333334
2014-05-01 00:00:00 UTC,433,-94,224095620,0.98430555555555554
2014-05-01 00:00:00 UTC,433,-93,224013710,2.7859722222222221
2014-05-01 00:00:00 UTC,433,-88,224021650,0.43472222222222223
2014-05-01 00:00:00 UTC,433,-89,225976980,0.8504166666666666
2014-05-01 00:00:00 UTC,433,-92,224013220,1.5693055555555557
2014-05-01 00:00:00 UTC,433,-93,224013220,1.588888888888889
2014-05-01 00:00:00 UTC,433,-1247,367174580,5.8594444444444438
2014-05-01 00:00:00 UTC,433,164,238176440,8.0304166666666674
2014-05-01 00:00:00 UTC,433,-93,224906170,5.6819444444444445
2014-05-01 00:00:00 UTC,433,-92,224906170,1.5290277777777779
2014-05-01 00:00:00 UTC,433,-94,224906170,3.3777777777777773
2014-05-01 00:00:00 UTC,433,-95,224105920,2.4313888888888888
2014-05-01 00:00:00 UTC,433,-93,224105920,1.2670833333333333
2014-05-01 00:00:00 UTC,433,-94,224105920,3.561805555555555
2014-05-01 00:00:00 UTC,433,-93,224906180,5.5090277777777779
2014-05-01 00:00:00 UTC,433,-92,224906180,2.5747222222222224
2014-05-01 00:00:00 UTC,433,-94,224906180,2.6666666666666665
2014-05-01 00:00:00 UTC,433,163,238775240,4.3720833333333333
2014-05-01 00:00:00 UTC,433,164,238775240,1.1897222222222223
2014-05-01 00:00:00 UTC,433,-94,224147180,0.84124999999999994
2014-05-01 00:00:00 UTC,433,163,238623740,1.5566666666666666
2014-05-01 00:00:00 UTC,433,-93,224041980,3.208333333333333
2014-05-01 00:00:00 UTC,433,-92,224041980,0.4836111111111111
2014-05-01 00:00:00 UTC,433,-94,224041980,0.71097222222222223
2014-05-01 00:00:00 UTC,689,-527,331218000,2.1948611111111109
2014-05-01 00:00:00 UTC,689,-526,331218000,2.1225
2014-05-01 00:00:00 UTC,689,-525,331218000,0.43166666666666664
2014-05-01 00:00:00 UTC,-335,172,601339000,0.82833333333333337
2014-05-01 00:00:00 UTC,-335,-852,432943000,1.8001388888888887
2014-05-01 00:00:00 UTC,-79,126,247070600,3.754166666666666
2014-05-01 00:00:00 UTC,-79,1374,412420836,1.1286111111111112
2014-05-01 00:00:00 UTC,178,-1022,345991986,7.99625
2014-05-01 00:00:00 UTC,178,-212,224055860,3.9554166666666668
2014-05-01 00:00:00 UTC,178,-211,224055860,1.0915277777777779
2014-05-01 00:00:00 UTC,178,1408,416001225,4.5531944444444443
2014-05-01 00:00:00 UTC,434,-88,224047360,1.0916666666666668
2014-05-01 00:00:00 UTC,434,157,238407940,1.7105555555555558
2014-05-01 00:00:00 UTC,434,158,238407940,0.56055555555555558
2014-05-01 00:00:00 UTC,434,-658,316004879,4.9381944444444441
2014-05-01 00:00:00 UTC,434,-92,224000020,3.4086111111111106
2014-05-01 00:00:00 UTC,434,-91,224000020,2.4308333333333332
2014-05-01 00:00:00 UTC,434,-89,224000020,0.71194444444444449
2014-05-01 00:00:00 UTC,434,-93,224000020,0.25097222222222226
2014-05-01 00:00:00 UTC,434,-91,224013090,2.9361111111111113
2014-05-01 00:00:00 UTC,434,-92,224013090,0.77083333333333337
2014-05-01 00:00:00 UTC,434,-90,224013090,2.0758333333333332
2014-05-01 00:00:00 UTC,434,-91,224076590,0.25680555555555556
2014-05-01 00:00:00 UTC,434,-92,224076590,1.5058333333333331
2014-05-01 00:00:00 UTC,434,-93,224092730,0.59083333333333332
2014-05-01 00:00:00 UTC,434,-92,224092730,3.2062500000000003
2014-05-01 00:00:00 UTC,434,-91,224092730,0.44611111111111112
2014-05-01 00:00:00 UTC,434,-93,224093760,1.5345833333333332
2014-05-01 00:00:00 UTC,434,-94,224093760,3.6805555555555554
2014-05-01 00:00:00 UTC,434,-93,224128320,1.4352777777777779
2014-05-01 00:00:00 UTC,434,-94,224128320,2.3168055555555553
2014-05-01 00:00:00 UTC,434,155,238211140,7.1655555555555557
2014-05-01 00:00:00 UTC,434,157,238211140,1.9193055555555556
2014-05-01 00:00:00 UTC,434,-84,224015440,1.5938888888888889
2014-05-01 00:00:00 UTC,434,-91,263474000,0.2747222222222222
2014-05-01 00:00:00 UTC,434,-92,263474000,0.57541666666666669
2014-05-01 00:00:00 UTC,434,-92,224186960,0.68902777777777779
2014-05-01 00:00:00 UTC,434,-94,224237650,6.235833333333332
2014-05-01 00:00:00 UTC,434,-93,224237650,4.3856944444444448
2014-05-01 00:00:00 UTC,434,-45,224100180,4.3913888888888888
2014-05-01 00:00:00 UTC,434,-87,225909850,0.68277777777777771
2014-05-01 00:00:00 UTC,434,-93,224016730,5.1934722222222218
2014-05-01 00:00:00 UTC,434,-94,224016730,9.2959722222222236
2014-05-01 00:00:00 UTC,434,-87,224104540,1.4802777777777778
2014-05-01 00:00:00 UTC,434,-93,224057450,1.4875
2014-05-01 00:00:00 UTC,434,-18,228315000,2.433472222222222
2014-05-01 00:00:00 UTC,434,-17,228315000,0.92097222222222219
2014-05-01 00:00:00 UTC,434,-87,224027520,3.0447222222222221
2014-05-01 00:00:00 UTC,434,-86,224027520,1.4277777777777778
2014-05-01 00:00:00 UTC,434,-88,224027520,1.7398611111111109
2014-05-01 00:00:00 UTC,434,-90,224027520,1.3923611111111114
2014-05-01 00:00:00 UTC,434,-89,224027520,1.5383333333333336
2014-05-01 00:00:00 UTC,434,-94,224095620,4.6263888888888891
2014-05-01 00:00:00 UTC,434,-93,224095620,1.575
2014-05-01 00:00:00 UTC,434,-84,224042890,0.8419444444444445
2014-05-01 00:00:00 UTC,434,-91,224013710,0.76402777777777775
2014-05-01 00:00:00 UTC,434,-92,224013710,3.4473611111111113
2014-05-01 00:00:00 UTC,434,-94,225018770,8.5886111111111116
2014-05-01 00:00:00 UTC,434,-93,225018770,3.9856944444444444
2014-05-01 00:00:00 UTC,434,-35,224050850,0.36166666666666669
2014-05-01 00:00:00 UTC,434,-92,224013220,1.2806944444444444
2014-05-01 00:00:00 UTC,434,-90,224013220,1.6520833333333331
2014-05-01 00:00:00 UTC,434,-91,224013220,2.9534722222222225
2014-05-01 00:00:00 UTC,434,-92,224906170,4.2009722222222221
2014-05-01 00:00:00 UTC,434,-91,224906170,4.7380555555555555
2014-05-01 00:00:00 UTC,434,-94,224105920,0.33583333333333332
2014-05-01 00:00:00 UTC,434,-92,224105920,0.53833333333333333
2014-05-01 00:00:00 UTC,434,-93,224105920,3.6929166666666662
2014-05-01 00:00:00 UTC,434,-92,224906180,3.1468055555555554
2014-05-01 00:00:00 UTC,434,-91,224906180,4.66
2014-05-01 00:00:00 UTC,434,157,238625240,5.1254166666666654
2014-05-01 00:00:00 UTC,434,-84,224050150,1.1068055555555556
2014-05-01 00:00:00 UTC,434,-92,224147180,5.4526388888888881
2014-05-01 00:00:00 UTC,434,-94,224147180,0.4811111111111111
2014-05-01 00:00:00 UTC,434,-93,224147180,3.1120833333333335
2014-05-01 00:00:00 UTC,434,-18,224087790,0.50819444444444439
2014-05-01 00:00:00 UTC,434,-92,224041980,2.7773611111111109
2014-05-01 00:00:00 UTC,434,-91,224041980,2.125
2014-05-01 00:00:00 UTC,434,-90,224041980,1.0274999999999999
2014-05-01 00:00:00 UTC,434,-86,224119550,0.41986111111111113
2014-05-01 00:00:00 UTC,434,-87,224119550,1.5086111111111109
2014-05-01 00:00:00 UTC,690,-526,331218000,0.20416666666666666
2014-05-01 00:00:00 UTC,690,-527,331218000,15.425555555555556
2014-05-01 00:00:00 UTC,-334,-853,432943000,1.7558333333333334
2014-05-01 00:00:00 UTC,-334,-850,432943000,1.7888888888888888
2014-05-01 00:00:00 UTC,-78,125,247070600,6.0358333333333345
2014-05-01 00:00:00 UTC,-78,1374,412420836,0.95805555555555555
2014-05-01 00:00:00 UTC,-78,1373,412420836,3.6622222222222223
2014-05-01 00:00:00 UTC,179,-1022,345991986,1.05125
2014-05-01 00:00:00 UTC,179,1408,416001225,1.4625
2014-05-01 00:00:00 UTC,435,-88,224047360,0.22361111111111109
2014-05-01 00:00:00 UTC,435,-87,224047360,1.6802777777777775
2014-05-01 00:00:00 UTC,435,-86,224047360,1.6659722222222224
2014-05-01 00:00:00 UTC,435,-33,224011530,1.286111111111111
2014-05-01 00:00:00 UTC,435,-33,224022810,2.2823611111111108
2014-05-01 00:00:00 UTC,435,-33,224057370,0.20708333333333334
2014-05-01 00:00:00 UTC,435,-34,224057370,2.7866666666666662
2014-05-01 00:00:00 UTC,435,-31,224057370,2.4451388888888892
2014-05-01 00:00:00 UTC,435,-32,224057370,0.21763888888888888
2014-05-01 00:00:00 UTC,435,-89,263409950,1.0079166666666666
2014-05-01 00:00:00 UTC,435,-91,263409950,1.8804166666666666
2014-05-01 00:00:00 UTC,435,-90,263409950,3.0583333333333331
2014-05-01 00:00:00 UTC,435,-91,224009250,0.57777777777777783
2014-05-01 00:00:00 UTC,435,-90,224009250,1.0444444444444445
2014-05-01 00:00:00 UTC,435,-89,224013090,3.1769444444444437
2014-05-01 00:00:00 UTC,435,-88,224013090,1.4154166666666668
2014-05-01 00:00:00 UTC,435,-90,224013090,0.90222222222222226
2014-05-01 00:00:00 UTC,435,-90,224076590,1.2752777777777777
2014-05-01 00:00:00 UTC,435,-91,224076590,1.0415277777777776
2014-05-01 00:00:00 UTC,435,-91,224092730,2.3015277777777783
2014-05-01 00:00:00 UTC,435,-90,224092730,2.3388888888888886
2014-05-01 00:00:00 UTC,435,-33,224041540,2.4934722222222225
2014-05-01 00:00:00 UTC,435,-34,224041540,0.24222222222222223
2014-05-01 00:00:00 UTC,435,157,238211140,0.85375000000000012
2014-05-01 00:00:00 UTC,435,-91,224085830,10.177916666666667
2014-05-01 00:00:00 UTC,435,-91,263407950,1.8973611111111113
2014-05-01 00:00:00 UTC,435,-89,263407950,0.8569444444444444
2014-05-01 00:00:00 UTC,435,-90,263407950,2.5476388888888892
2014-05-01 00:00:00 UTC,435,-84,224015440,1.1252777777777776
2014-05-01 00:00:00 UTC,435,-90,263474000,4.5112499999999995
2014-05-01 00:00:00 UTC,435,-89,263474000,0.25291666666666668
2014-05-01 00:00:00 UTC,435,-91,263474000,0.79527777777777775
2014-05-01 00:00:00 UTC,435,-32,224138330,0.31805555555555554
2014-05-01 00:00:00 UTC,435,-33,224138330,1.5484722222222222
2014-05-01 00:00:00 UTC,435,-31,224138330,0.76513888888888881
2014-05-01 00:00:00 UTC,435,-34,224138330,2.9222222222222221
2014-05-01 00:00:00 UTC,435,-89,263388000,0.22027777777777779
2014-05-01 00:00:00 UTC,435,-90,263388000,1.6119444444444444
2014-05-01 00:00:00 UTC,435,100,247064930,0.65708333333333335
2014-05-01 00:00:00 UTC,435,-33,224067940,1.5206944444444443
2014-05-01 00:00:00 UTC,435,-33,224214890,1.608611111111111
2014-05-01 00:00:00 UTC,435,-33,224279660,0.96541666666666659
2014-05-01 00:00:00 UTC,435,-32,224144750,0.62472222222222218
2014-05-01 00:00:00 UTC,435,-34,224144750,2.3940277777777776
2014-05-01 00:00:00 UTC,435,-31,224144750,1.8652777777777778
2014-05-01 00:00:00 UTC,435,-33,224144750,0.51375
2014-05-01 00:00:00 UTC,435,-84,224027520,0.64763888888888888
2014-05-01 00:00:00 UTC,435,-86,224027520,1.3888888888888888
2014-05-01 00:00:00 UTC,435,-85,224027520,4.5223611111111115
2014-05-01 00:00:00 UTC,435,-34,224103820,0.84472222222222226
2014-05-01 00:00:00 UTC,435,-33,224103820,2.8680555555555554
2014-05-01 00:00:00 UTC,435,-90,224013710,2.5980555555555553
2014-05-01 00:00:00 UTC,435,-91,224013710,2.0144444444444445
2014-05-01 00:00:00 UTC,435,-661,316022682,3.3136111111111108
2014-05-01 00:00:00 UTC,435,-88,224013220,0.99305555555555558
2014-05-01 00:00:00 UTC,435,-90,224013220,1.2263888888888888
2014-05-01 00:00:00 UTC,435,-89,224013220,3.2383333333333333
2014-05-01 00:00:00 UTC,435,-32,224192170,0.61708333333333332
2014-05-01 00:00:00 UTC,435,-31,224192170,5.4094444444444445
2014-05-01 00:00:00 UTC,435,-30,224192170,3.8168055555555549
2014-05-01 00:00:00 UTC,435,-34,224192170,2.3783333333333334
2014-05-01 00:00:00 UTC,435,-33,224192170,3.0755555555555554
2014-05-01 00:00:00 UTC,435,-90,263407550,2.0154166666666669
2014-05-01 00:00:00 UTC,435,-89,263407550,0.465
2014-05-01 00:00:00 UTC,435,-92,224105920,1.5751388888888886
2014-05-01 00:00:00 UTC,435,-91,224105920,1.4304166666666667
2014-05-01 00:00:00 UTC,435,-90,224105920,0.73805555555555558
2014-05-01 00:00:00 UTC,435,-89,224042440,3.5744444444444445
2014-05-01 00:00:00 UTC,435,-88,224042440,0.70666666666666667
2014-05-01 00:00:00 UTC,435,-90,224042440,3.8277777777777775
2014-05-01 00:00:00 UTC,435,-34,224016850,2.1994444444444445
2014-05-01 00:00:00 UTC,435,-33,224016850,3.9051388888888892
2014-05-01 00:00:00 UTC,435,-84,224050150,1.2730555555555554
2014-05-01 00:00:00 UTC,435,-30,224057830,0.22361111111111109
2014-05-01 00:00:00 UTC,435,-33,224057830,1.0145833333333334
2014-05-01 00:00:00 UTC,435,-31,224057830,4.5659722222222223
2014-05-01 00:00:00 UTC,435,-34,224057830,1.8579166666666667
2014-05-01 00:00:00 UTC,435,-652,316065000,0.6431944444444444
2014-05-01 00:00:00 UTC,435,-91,224147180,5.0726388888888891
2014-05-01 00:00:00 UTC,435,-92,224147180,1.4474999999999998
2014-05-01 00:00:00 UTC,435,-33,224020460,1.4840277777777775
2014-05-01 00:00:00 UTC,691,-541,331187000,4.1838888888888892
2014-05-01 00:00:00 UTC,691,-539,331187000,3.7270833333333329
2014-05-01 00:00:00 UTC,691,-540,331187000,3.4006944444444445
2014-05-01 00:00:00 UTC,-333,43,224094520,2.091388888888889
2014-05-01 00:00:00 UTC,-333,-849,432943000,1.8512499999999996
2014-05-01 00:00:00 UTC,-333,-850,432943000,1.0265277777777777
2014-05-01 00:00:00 UTC,-333,-852,432943000,1.6323611111111112
2014-05-01 00:00:00 UTC,-333,344,224544160,1.7349999999999999
2014-05-01 00:00:00 UTC,-333,17,224049630,4.556805555555556
2014-05-01 00:00:00 UTC,-77,1372,412420836,11.642916666666666
2014-05-01 00:00:00 UTC,436,-85,224047360,2.4526388888888886
2014-05-01 00:00:00 UTC,436,-88,224126980,2.4708333333333337
2014-05-01 00:00:00 UTC,436,-90,224126980,0.50763888888888886
2014-05-01 00:00:00 UTC,436,-87,224126980,0.24291666666666667
2014-05-01 00:00:00 UTC,436,-89,224126980,2.33625
2014-05-01 00:00:00 UTC,436,-56,224041990,1.7204166666666667
2014-05-01 00:00:00 UTC,436,-70,224208650,3.6381944444444452
2014-05-01 00:00:00 UTC,436,-71,224208650,4.2704166666666667
2014-05-01 00:00:00 UTC,436,-72,224208650,4.4059722222222222
2014-05-01 00:00:00 UTC,436,-17,227315980,6.5366666666666662
2014-05-01 00:00:00 UTC,436,-16,227315980,0.7630555555555556
2014-05-01 00:00:00 UTC,436,-33,224022810,0.24472222222222223
2014-05-01 00:00:00 UTC,436,-33,224057370,0.90611111111111109
2014-05-01 00:00:00 UTC,436,-66,224082460,9.9348611111111111
2014-05-01 00:00:00 UTC,436,-87,263409950,1.0106944444444443
2014-05-01 00:00:00 UTC,436,-90,263409950,3.3376388888888893
2014-05-01 00:00:00 UTC,436,-88,263409950,3.3723611111111116
2014-05-01 00:00:00 UTC,436,-89,263409950,2.8691666666666666
2014-05-01 00:00:00 UTC,436,-89,224009250,3.5269444444444447
2014-05-01 00:00:00 UTC,436,-88,224009250,0.49333333333333329
2014-05-01 00:00:00 UTC,436,-90,224009250,4.0318055555555556
2014-05-01 00:00:00 UTC,436,-88,224013090,2.1072222222222221
2014-05-01 00:00:00 UTC,436,-89,224068650,0.23680555555555555
2014-05-01 00:00:00 UTC,436,-88,224068650,1.8598611111111112
2014-05-01 00:00:00 UTC,436,-88,224181290,0.51444444444444448
2014-05-01 00:00:00 UTC,436,-85,224050990,2.0193055555555559
2014-05-01 00:00:00 UTC,436,-83,224926000,0.67833333333333323
2014-05-01 00:00:00 UTC,436,-84,224926000,0.661388888888889
2014-05-01 00:00:00 UTC,436,-90,224092730,0.76916666666666667
2014-05-01 00:00:00 UTC,436,-84,224071740,1.341388888888889
2014-05-01 00:00:00 UTC,436,-83,224071740,2.0781944444444447
2014-05-01 00:00:00 UTC,436,-82,224071740,0.23888888888888887
2014-05-01 00:00:00 UTC,436,-34,224041540,0.2113888888888889
2014-05-01 00:00:00 UTC,436,-33,224041540,0.86541666666666672
2014-05-01 00:00:00 UTC,436,-88,263407950,2.4438888888888886
2014-05-01 00:00:00 UTC,436,-89,263407950,2.8083333333333336
2014-05-01 00:00:00 UTC,436,-90,263407950,1.7401388888888889
2014-05-01 00:00:00 UTC,436,-87,263407950,0.75111111111111106
2014-05-01 00:00:00 UTC,436,-87,263474000,0.51361111111111113
2014-05-01 00:00:00 UTC,436,-88,263474000,1.4170833333333333
2014-05-01 00:00:00 UTC,436,-89,263474000,3.3858333333333333
2014-05-01 00:00:00 UTC,436,-90,263474000,0.49736111111111114
2014-05-01 00:00:00 UTC,436,-88,224157780,2.3327777777777778
2014-05-01 00:00:00 UTC,436,-89,224157780,0.50319444444444439
2014-05-01 00:00:00 UTC,436,-48,224100180,10.703055555555554
2014-05-01 00:00:00 UTC,436,-85,224004950,0.23902777777777778
2014-05-01 00:00:00 UTC,436,-87,224004950,0.5279166666666667
2014-05-01 00:00:00 UTC,436,-86,224004950,1.2608333333333333
2014-05-01 00:00:00 UTC,436,-32,224138330,0.28888888888888886
2014-05-01 00:00:00 UTC,436,-31,224138330,0.69555555555555559
2014-05-01 00:00:00 UTC,436,-33,224138330,1.7277777777777779
2014-05-01 00:00:00 UTC,436,-90,263388000,0.46055555555555555
2014-05-01 00:00:00 UTC,436,-89,263388000,2.2775
2014-05-01 00:00:00 UTC,436,-87,263388000,1.76625
2014-05-01 00:00:00 UTC,436,-88,263388000,2.7047222222222218
2014-05-01 00:00:00 UTC,436,-74,224180580,1.5934722222222222
2014-05-01 00:00:00 UTC,436,-88,224067690,0.74583333333333335
2014-05-01 00:00:00 UTC,436,-89,224067690,0.5247222222222222
2014-05-01 00:00:00 UTC,436,-31,224144750,0.2097222222222222
2014-05-01 00:00:00 UTC,436,-33,224144750,0.51805555555555549
2014-05-01 00:00:00 UTC,436,156,238114940,0.71388888888888891
2014-05-01 00:00:00 UTC,436,-90,224013710,0.76750000000000007
2014-05-01 00:00:00 UTC,436,-662,316022682,0.75791666666666668
2014-05-01 00:00:00 UTC,436,-661,316022682,2.7308333333333334
2014-05-01 00:00:00 UTC,436,-90,224022170,0.52499999999999991
2014-05-01 00:00:00 UTC,436,-88,224022170,2.56875
2014-05-01 00:00:00 UTC,436,-89,224022170,2.6001388888888886
2014-05-01 00:00:00 UTC,436,-89,224292000,4.9287500000000009
2014-05-01 00:00:00 UTC,436,-88,224292000,0.762638888888889
2014-05-01 00:00:00 UTC,436,-84,224108450,0.42555555555555558
2014-05-01 00:00:00 UTC,436,-88,224013220,2.370138888888889
2014-05-01 00:00:00 UTC,436,-88,224095140,2.346111111111111
2014-05-01 00:00:00 UTC,436,-90,224095140,0.255
2014-05-01 00:00:00 UTC,436,-89,224095140,2.3451388888888887
2014-05-01 00:00:00 UTC,436,-31,224192170,1.7918055555555554
2014-05-01 00:00:00 UTC,436,-33,224192170,1.6315277777777779
2014-05-01 00:00:00 UTC,436,-32,224192170,0.64055555555555554
2014-05-01 00:00:00 UTC,436,-71,224097970,1.6790277777777778
2014-05-01 00:00:00 UTC,436,-73,224097970,1.0702777777777777
2014-05-01 00:00:00 UTC,436,-72,224097970,1.1005555555555555
2014-05-01 00:00:00 UTC,436,-88,224012980,0.51625
2014-05-01 00:00:00 UTC,436,-87,224012980,4.8833333333333337
2014-05-01 00:00:00 UTC,436,-660,316020917,1.3001388888888887
2014-05-01 00:00:00 UTC,436,-659,316020917,0.57444444444444442
2014-05-01 00:00:00 UTC,436,-61,224082870,0.30902777777777779
2014-05-01 00:00:00 UTC,436,-50,224025270,2.4129166666666668
2014-05-01 00:00:00 UTC,436,-84,224136380,1.5125
2014-05-01 00:00:00 UTC,436,-88,263407550,2.7387499999999996
2014-05-01 00:00:00 UTC,436,-87,263407550,0.68111111111111111
2014-05-01 00:00:00 UTC,436,-89,263407550,2.2001388888888891
2014-05-01 00:00:00 UTC,436,-73,225917890,1.4275
2014-05-01 00:00:00 UTC,436,-74,225917890,0.54736111111111119
2014-05-01 00:00:00 UTC,436,157,238963140,5.88625
2014-05-01 00:00:00 UTC,436,-89,224138950,0.513888888888889
2014-05-01 00:00:00 UTC,436,-88,224138950,1.5393055555555555
2014-05-01 00:00:00 UTC,436,-90,224042440,0.52972222222222221
2014-05-01 00:00:00 UTC,436,-87,224042440,1.0070833333333333
2014-05-01 00:00:00 UTC,436,-89,224042440,2.2572222222222225
2014-05-01 00:00:00 UTC,436,-88,224042440,3.5472222222222221
2014-05-01 00:00:00 UTC,436,-74,224048840,0.25888888888888889
2014-05-01 00:00:00 UTC,436,-88,224028620,0.51374999999999993
2014-05-01 00:00:00 UTC,436,-87,224028620,0.772361111111111
2014-05-01 00:00:00 UTC,436,-88,224030940,1.1825
2014-05-01 00:00:00 UTC,436,-31,224057830,0.23472222222222222
2014-05-01 00:00:00 UTC,436,-652,316065000,0.4720833333333333
2014-05-01 00:00:00 UTC,436,-653,316065000,0.072916666666666657
2014-05-01 00:00:00 UTC,436,-88,224065000,0.45
2014-05-01 00:00:00 UTC,436,-88,224181230,0.79847222222222225
2014-05-01 00:00:00 UTC,436,-61,224170740,3.6722222222222221
2014-05-01 00:00:00 UTC,436,-56,224049140,10.216944444444444
2014-05-01 00:00:00 UTC,436,-55,224049140,4.9890277777777783
2014-05-01 00:00:00 UTC,436,-88,224075000,2.0738888888888889
2014-05-01 00:00:00 UTC,436,-89,224075000,2.6020833333333333
2014-05-01 00:00:00 UTC,436,-74,224084990,3.3811111111111112
2014-05-01 00:00:00 UTC,692,-536,331187000,0.19583333333333336
2014-05-01 00:00:00 UTC,692,-542,331187000,4.1986111111111111
2014-05-01 00:00:00 UTC,-332,40,224094520,2.1691666666666669
2014-05-01 00:00:00 UTC,-332,45,224094520,1.3418055555555555
2014-05-01 00:00:00 UTC,-332,595,416002198,2.0927777777777776
2014-05-01 00:00:00 UTC,-332,-849,432943000,4.4406944444444445
2014-05-01 00:00:00 UTC,-332,-851,432943000,2.0948611111111113
2014-05-01 00:00:00 UTC,-332,-850,432943000,0.4473611111111111
2014-05-01 00:00:00 UTC,-332,343,224544160,3.6043055555555554
2014-05-01 00:00:00 UTC,-332,344,224544160,0.95416666666666661
2014-05-01 00:00:00 UTC,-332,16,224049630,1.4168055555555554
2014-05-01 00:00:00 UTC,-76,123,247070600,0.54888888888888887
2014-05-01 00:00:00 UTC,-76,122,247070600,1.6804166666666667
2014-05-01 00:00:00 UTC,-76,125,247070600,5.2056944444444451
2014-05-01 00:00:00 UTC,-76,124,247070600,1.2797222222222222
2014-05-01 00:00:00 UTC,-76,1617,416004248,1.46375
2014-05-01 00:00:00 UTC,-76,1371,412420837,5.8584722222222219
2014-05-01 00:00:00 UTC,-76,121,247070700,0.81375
2014-05-01 00:00:00 UTC,-76,123,247070700,0.4884722222222222
2014-05-01 00:00:00 UTC,-76,122,247070700,2.2586111111111111
2014-05-01 00:00:00 UTC,-76,124,247070700,9.205
2014-05-01 00:00:00 UTC,437,-85,224047360,0.465
2014-05-01 00:00:00 UTC,437,-84,224047360,2.0902777777777777
2014-05-01 00:00:00 UTC,437,-86,224126980,1.5391666666666666
2014-05-01 00:00:00 UTC,437,-87,224126980,2.9416666666666664
2014-05-01 00:00:00 UTC,437,-55,224041990,1.36125
2014-05-01 00:00:00 UTC,437,-54,224041990,5.4169444444444448
2014-05-01 00:00:00 UTC,437,-71,224208650,1.8211111111111111
2014-05-01 00:00:00 UTC,437,-74,224208650,4.0102777777777776
2014-05-01 00:00:00 UTC,437,-72,224208650,1.7138888888888888
2014-05-01 00:00:00 UTC,437,-75,224113690,17.589583333333334
2014-05-01 00:00:00 UTC,437,-79,224129820,2.683472222222222
2014-05-01 00:00:00 UTC,437,-87,263409950,0.74791666666666679
2014-05-01 00:00:00 UTC,437,-88,263409950,2.1395833333333334
2014-05-01 00:00:00 UTC,437,-88,224009250,8.9747222222222209
2014-05-01 00:00:00 UTC,437,-88,224068650,7.8893055555555565
2014-05-01 00:00:00 UTC,437,-87,224068650,2.451944444444444
2014-05-01 00:00:00 UTC,437,-87,224181290,3.2472222222222218
2014-05-01 00:00:00 UTC,437,-88,224181290,0.76944444444444438
2014-05-01 00:00:00 UTC,437,-83,224050990,0.25263888888888886
2014-05-01 00:00:00 UTC,437,-84,224050990,1.6393055555555558
2014-05-01 00:00:00 UTC,437,-85,224050990,0.2525
2014-05-01 00:00:00 UTC,437,-82,224926000,0.94055555555555559
2014-05-01 00:00:00 UTC,437,-84,224926000,1.7747222222222225
2014-05-01 00:00:00 UTC,437,-83,224926000,3.1873611111111111
2014-05-01 00:00:00 UTC,437,-82,224015930,8.6912499999999984
2014-05-01 00:00:00 UTC,437,-83,224071740,4.6534722222222227
2014-05-01 00:00:00 UTC,437,-82,224071740,0.98638888888888887
2014-05-01 00:00:00 UTC,437,-87,224012870,0.52472222222222209
2014-05-01 00:00:00 UTC,437,-86,224012870,1.7263888888888888
2014-05-01 00:00:00 UTC,437,-87,224045640,9.372777777777781
2014-05-01 00:00:00 UTC,437,-88,224045640,2.6252777777777778
2014-05-01 00:00:00 UTC,437,-86,263407950,0.52569444444444446
2014-05-01 00:00:00 UTC,437,-88,263407950,3.7947222222222226
2014-05-01 00:00:00 UTC,437,-87,263407950,0.9968055555555555
2014-05-01 00:00:00 UTC,437,-86,263474000,1.1030555555555557
2014-05-01 00:00:00 UTC,437,-87,263474000,0.65347222222222223
2014-05-01 00:00:00 UTC,437,-86,224157780,1.0030555555555556
2014-05-01 00:00:00 UTC,437,-88,224157780,0.522361111111111
2014-05-01 00:00:00 UTC,437,-87,224157780,2.9561111111111114
2014-05-01 00:00:00 UTC,437,-84,224004950,0.69208333333333338
2014-05-01 00:00:00 UTC,437,-87,224004950,2.4868055555555557
2014-05-01 00:00:00 UTC,437,-86,224004950,1.7883333333333333
2014-05-01 00:00:00 UTC,437,-85,224004950,1.1065277777777778
2014-05-01 00:00:00 UTC,437,-79,224022620,11.390694444444442
2014-05-01 00:00:00 UTC,437,-86,263388000,1.2047222222222222
2014-05-01 00:00:00 UTC,437,-87,263388000,0.22791666666666666
2014-05-01 00:00:00 UTC,437,-85,263388000,1.0975
2014-05-01 00:00:00 UTC,437,-88,224067690,10.50277777777778
2014-05-01 00:00:00 UTC,437,1460,273895300,0.80833333333333335
2014-05-01 00:00:00 UTC,437,-76,224051590,1.7672222222222222
2014-05-01 00:00:00 UTC,437,-75,224051590,5.4141666666666675
2014-05-01 00:00:00 UTC,437,-74,224051590,1.1056944444444445
2014-05-01 00:00:00 UTC,437,-87,224004750,0.49972222222222223
2014-05-01 00:00:00 UTC,437,-86,224004750,1.2130555555555556
2014-05-01 00:00:00 UTC,437,-85,224134550,0.77527777777777773
2014-05-01 00:00:00 UTC,437,-86,224134550,1.5581944444444444
2014-05-01 00:00:00 UTC,437,-86,224022170,0.70819444444444435
2014-05-01 00:00:00 UTC,437,-88,224022170,0.7104166666666667
2014-05-01 00:00:00 UTC,437,-87,224022170,2.9154166666666668
2014-05-01 00:00:00 UTC,437,-75,224216220,6.815555555555556
2014-05-01 00:00:00 UTC,437,-74,224216220,2.8022222222222224
2014-05-01 00:00:00 UTC,437,-76,224216220,6.0425
2014-05-01 00:00:00 UTC,437,-88,224292000,6.7818055555555574
2014-05-01 00:00:00 UTC,437,-87,224292000,0.23875
2014-05-01 00:00:00 UTC,437,-88,224095140,0.26666666666666666
2014-05-01 00:00:00 UTC,437,-86,224095140,1.0506944444444444
2014-05-01 00:00:00 UTC,437,-87,224095140,3.2198611111111108
2014-05-01 00:00:00 UTC,437,-88,224017830,7.0812499999999989
2014-05-01 00:00:00 UTC,437,-87,224017830,1.2497222222222222
2014-05-01 00:00:00 UTC,437,134,247083180,0.77388888888888885
2014-05-01 00:00:00 UTC,437,-70,224097970,7.6781944444444434
2014-05-01 00:00:00 UTC,437,-74,224097970,1.0381944444444444
2014-05-01 00:00:00 UTC,437,-71,224097970,1.0955555555555556
2014-05-01 00:00:00 UTC,437,-87,224012980,5.772222222222223
2014-05-01 00:00:00 UTC,437,-86,224012980,0.25847222222222221
2014-05-01 00:00:00 UTC,437,-660,316020917,0.9804166666666666
2014-05-01 00:00:00 UTC,437,-55,224025270,0.79569444444444448
2014-05-01 00:00:00 UTC,437,-52,224025270,2.3695833333333334
2014-05-01 00:00:00 UTC,437,-83,224136380,1.3088888888888888
2014-05-01 00:00:00 UTC,437,-84,224136380,0.52569444444444446
2014-05-01 00:00:00 UTC,437,-86,263407550,1.33125
2014-05-01 00:00:00 UTC,437,-87,263407550,4.2418055555555565
2014-05-01 00:00:00 UTC,437,-85,263407550,0.21541666666666665
2014-05-01 00:00:00 UTC,437,-88,263407550,2.3229166666666665
2014-05-01 00:00:00 UTC,437,-74,225917890,15.867777777777777
2014-05-01 00:00:00 UTC,437,-88,224138950,1.2881944444444442
2014-05-01 00:00:00 UTC,437,-86,224138950,0.51083333333333325
2014-05-01 00:00:00 UTC,437,-87,224138950,2.9856944444444444
2014-05-01 00:00:00 UTC,437,-87,224042440,0.74249999999999994
2014-05-01 00:00:00 UTC,437,-88,224042440,3.4677777777777776
2014-05-01 00:00:00 UTC,437,-83,224007370,0.42777777777777781
2014-05-01 00:00:00 UTC,437,-85,224204490,0.46166666666666667
2014-05-01 00:00:00 UTC,437,-87,224028620,8.7069444444444457
2014-05-01 00:00:00 UTC,437,-87,224030940,3.0058333333333334
2014-05-01 00:00:00 UTC,437,-88,224030940,3.965
2014-05-01 00:00:00 UTC,437,-85,224204520,0.24708333333333332
2014-05-01 00:00:00 UTC,437,-87,224065000,1.306111111111111
2014-05-01 00:00:00 UTC,437,-88,224065000,2.5276388888888892
2014-05-01 00:00:00 UTC,437,-87,224019690,7.6488888888888882
2014-05-01 00:00:00 UTC,437,-88,224019690,2.5454166666666667
2014-05-01 00:00:00 UTC,437,-88,224181230,1.0294444444444446
2014-05-01 00:00:00 UTC,437,-87,224181230,2.958333333333333
2014-05-01 00:00:00 UTC,437,-87,224075000,3.1240277777777776
2014-05-01 00:00:00 UTC,437,-88,224075000,1.0481944444444444
2014-05-01 00:00:00 UTC,437,-86,224075000,1.9855555555555555
2014-05-01 00:00:00 UTC,437,-75,224084990,2.9961111111111114
2014-05-01 00:00:00 UTC,437,-74,224084990,0.88472222222222219
2014-05-01 00:00:00 UTC,693,-514,331000093,2.4486111111111111
2014-05-01 00:00:00 UTC,693,-515,331000093,1.4354166666666668
2014-05-01 00:00:00 UTC,693,-517,331000093,2.28875
2014-05-01 00:00:00 UTC,693,-516,331000093,5.5181944444444451
2014-05-01 00:00:00 UTC,693,-519,331225000,8.575
2014-05-01 00:00:00 UTC,693,-518,331225000,5.1006944444444446
2014-05-01 00:00:00 UTC,693,-520,331225000,4.9973611111111111
2014-05-01 00:00:00 UTC,693,-521,331225000,5.5609722222222224
2014-05-01 00:00:00 UTC,-331,-854,431424000,7.4625
2014-05-01 00:00:00 UTC,-331,42,224094520,5.5415277777777785
2014-05-01 00:00:00 UTC,-331,41,224094520,0.78736111111111107
2014-05-01 00:00:00 UTC,-331,44,224094520,1.4333333333333333
2014-05-01 00:00:00 UTC,-331,595,416002198,2.1458333333333335
2014-05-01 00:00:00 UTC,-331,594,416002198,2.21375
2014-05-01 00:00:00 UTC,-331,-850,432943000,1.2233333333333334
2014-05-01 00:00:00 UTC,-331,344,224544160,2.8666666666666663
2014-05-01 00:00:00 UTC,-331,343,224544160,1.4962499999999999
2014-05-01 00:00:00 UTC,-331,14,224049630,2.8569444444444447
2014-05-01 00:00:00 UTC,-331,15,224049630,4.6247222222222222
2014-05-01 00:00:00 UTC,-75,122,247070600,2.9304166666666669
2014-05-01 00:00:00 UTC,-75,121,247070600,2.0904166666666666
2014-05-01 00:00:00 UTC,-75,122,247070700,0.78750000000000009
2014-05-01 00:00:00 UTC,-75,123,247070700,3.5415277777777776
2014-05-01 00:00:00 UTC,182,-163,224270000,1.6256944444444446
2014-05-01 00:00:00 UTC,182,-163,224854000,17.695972222222224
2014-05-01 00:00:00 UTC,438,-84,224047360,1.5484722222222222
2014-05-01 00:00:00 UTC,438,-83,224047360,2.6901388888888889
2014-05-01 00:00:00 UTC,438,-85,224126980,1.393888888888889
2014-05-01 00:00:00 UTC,438,-86,224126980,0.96666666666666667
2014-05-01 00:00:00 UTC,438,-645,316024842,0.68333333333333335
2014-05-01 00:00:00 UTC,438,-87,263409950,2.7495833333333333
2014-05-01 00:00:00 UTC,438,-87,224068650,7.8570833333333336
2014-05-01 00:00:00 UTC,438,-86,224068650,1.3040277777777778
2014-05-01 00:00:00 UTC,438,-86,224181290,3.3519444444444448
2014-05-01 00:00:00 UTC,438,-85,224181290,0.905
2014-05-01 00:00:00 UTC,438,-87,224181290,0.23791666666666667
2014-05-01 00:00:00 UTC,438,-82,224050990,1.2177777777777776
2014-05-01 00:00:00 UTC,438,-83,224050990,1.1943055555555555
2014-05-01 00:00:00 UTC,438,-81,224926000,1.9263888888888889
2014-05-01 00:00:00 UTC,438,-83,224926000,1.15375
2014-05-01 00:00:00 UTC,438,-80,224926000,1.7697222222222224
2014-05-01 00:00:00 UTC,438,-79,224926000,1.0583333333333333
2014-05-01 00:00:00 UTC,438,-82,224926000,4.3620833333333335
2014-05-01 00:00:00 UTC,438,-83,224093750,0.71263888888888882
2014-05-01 00:00:00 UTC,438,-81,224093750,0.52499999999999991
2014-05-01 00:00:00 UTC,438,-82,224093750,2.1726388888888888
2014-05-01 00:00:00 UTC,438,-86,224012870,1.1709722222222223
2014-05-01 00:00:00 UTC,438,-85,224012870,2.8233333333333333
2014-05-01 00:00:00 UTC,438,-87,224045640,2.4156944444444441
2014-05-01 00:00:00 UTC,438,-78,224123720,0.52777777777777779
2014-05-01 00:00:00 UTC,438,-77,224123720,0.93638888888888894
2014-05-01 00:00:00 UTC,438,-79,224123720,2.5966666666666667
2014-05-01 00:00:00 UTC,438,-76,224123720,0.67458333333333331
2014-05-01 00:00:00 UTC,438,101,247131980,0.62236111111111114
2014-05-01 00:00:00 UTC,438,-87,263407950,2.536111111111111
2014-05-01 00:00:00 UTC,438,-88,263407950,1.3384722222222223
2014-05-01 00:00:00 UTC,438,-85,224157780,3.1172222222222228
2014-05-01 00:00:00 UTC,438,-86,224157780,2.1552777777777781
2014-05-01 00:00:00 UTC,438,-86,224004950,2.3159722222222223
2014-05-01 00:00:00 UTC,438,-87,224004950,1.3336111111111111
2014-05-01 00:00:00 UTC,438,-85,224004950,2.0566666666666666
2014-05-01 00:00:00 UTC,438,-84,224004950,2.1181944444444443
2014-05-01 00:00:00 UTC,438,-80,224171360,4.4609722222222219
2014-05-01 00:00:00 UTC,438,-79,224171360,3.4713888888888889
2014-05-01 00:00:00 UTC,438,-78,224171360,1.0693055555555557
2014-05-01 00:00:00 UTC,438,-85,263388000,0.23069444444444445
2014-05-01 00:00:00 UTC,438,-84,263388000,1.1609722222222223
2014-05-01 00:00:00 UTC,438,-87,224067690,6.5779166666666677
2014-05-01 00:00:00 UTC,438,-86,224067690,0.71458333333333335
2014-05-01 00:00:00 UTC,438,-88,224067690,1.5908333333333333
2014-05-01 00:00:00 UTC,438,-74,224051590,0.23055555555555557
2014-05-01 00:00:00 UTC,438,-77,224051590,2.2195833333333335
2014-05-01 00:00:00 UTC,438,-76,224051590,0.6431944444444444
2014-05-01 00:00:00 UTC,438,-85,224004750,2.2683333333333331
2014-05-01 00:00:00 UTC,438,-86,224004750,1.7906944444444444
2014-05-01 00:00:00 UTC,438,-71,224259220,3.6129166666666666
2014-05-01 00:00:00 UTC,438,-83,224134550,0.71124999999999994
2014-05-01 00:00:00 UTC,438,-85,224134550,2.0668055555555553
2014-05-01 00:00:00 UTC,438,-84,224134550,4.1043055555555563
2014-05-01 00:00:00 UTC,438,-86,224022170,2.6001388888888886
2014-05-01 00:00:00 UTC,438,-76,224216220,1.9063888888888887
2014-05-01 00:00:00 UTC,438,-77,224216220,3.5431944444444441
2014-05-01 00:00:00 UTC,438,-86,224292000,1.0251388888888888
2014-05-01 00:00:00 UTC,438,-87,224292000,2.0943055555555552
2014-05-01 00:00:00 UTC,438,-85,224095140,1.7140277777777777
2014-05-01 00:00:00 UTC,438,-86,224095140,1.3851388888888887
2014-05-01 00:00:00 UTC,438,-87,224017830,8.3016666666666659
2014-05-01 00:00:00 UTC,438,-86,224017830,3.0849999999999995
2014-05-01 00:00:00 UTC,438,-76,224097970,5.92125
2014-05-01 00:00:00 UTC,438,-75,224097970,1.1120833333333333
2014-05-01 00:00:00 UTC,438,-74,224097970,0.3322222222222222
2014-05-01 00:00:00 UTC,438,-77,224097970,5.601805555555555
2014-05-01 00:00:00 UTC,438,-57,224025270,4.3040277777777778
2014-05-01 00:00:00 UTC,438,-54,224025270,2.7638888888888888
2014-05-01 00:00:00 UTC,438,-56,224025270,1.6138888888888889
2014-05-01 00:00:00 UTC,438,-80,224136380,1.9284722222222221
2014-05-01 00:00:00 UTC,438,-79,224136380,0.86791666666666667
2014-05-01 00:00:00 UTC,438,-81,224136380,0.49652777777777779
2014-05-01 00:00:00 UTC,438,-86,224136380,2.0669444444444443
2014-05-01 00:00:00 UTC,438,-84,263407550,1.3744444444444444
2014-05-01 00:00:00 UTC,438,-83,263407550,0.94611111111111112
2014-05-01 00:00:00 UTC,438,-85,263407550,0.84319444444444436
2014-05-01 00:00:00 UTC,438,-86,224138950,2.5619444444444444
2014-05-01 00:00:00 UTC,438,-85,224138950,3.4972222222222227
2014-05-01 00:00:00 UTC,438,-87,224042440,3.5076388888888883
2014-05-01 00:00:00 UTC,438,-83,224007370,1.4280555555555556
2014-05-01 00:00:00 UTC,438,-79,224007370,1.3804166666666666
2014-05-01 00:00:00 UTC,438,-82,224007370,0.57458333333333333
2014-05-01 00:00:00 UTC,438,-78,224007370,1.6384722222222221
2014-05-01 00:00:00 UTC,438,-84,224204490,2.3483333333333332
2014-05-01 00:00:00 UTC,438,-85,224204490,2.0238888888888886
2014-05-01 00:00:00 UTC,438,-87,224030940,6.651527777777777
2014-05-01 00:00:00 UTC,438,-86,224030940,2.5293055555555557
2014-05-01 00:00:00 UTC,438,-85,224204520,1.8199999999999998
2014-05-01 00:00:00 UTC,438,-84,224204520,2.8249999999999997
2014-05-01 00:00:00 UTC,438,-79,224065000,1.4480555555555557
2014-05-01 00:00:00 UTC,438,-84,224065000,1.2697222222222222
2014-05-01 00:00:00 UTC,438,-78,224065000,1.6505555555555556
2014-05-01 00:00:00 UTC,438,-83,224065000,0.64277777777777778
2014-05-01 00:00:00 UTC,438,-86,224065000,0.51166666666666671
2014-05-01 00:00:00 UTC,438,-81,224065000,0.2038888888888889
2014-05-01 00:00:00 UTC,438,-87,224065000,1.2029166666666666
2014-05-01 00:00:00 UTC,438,-80,224065000,1.5427777777777778
2014-05-01 00:00:00 UTC,438,-86,224019690,4.7890277777777772
2014-05-01 00:00:00 UTC,438,-87,224019690,2.0568055555555556
2014-05-01 00:00:00 UTC,438,-85,224181230,1.4944444444444445
2014-05-01 00:00:00 UTC,438,-86,224181230,3.16125
2014-05-01 00:00:00 UTC,438,-78,224025840,5.8504166666666668
2014-05-01 00:00:00 UTC,438,-60,224170740,8.0026388888888889
2014-05-01 00:00:00 UTC,438,101,247061750,0.63138888888888889
2014-05-01 00:00:00 UTC,438,-86,224075000,3.4080555555555554
2014-05-01 00:00:00 UTC,438,-85,224075000,1.1644444444444444
2014-05-01 00:00:00 UTC,438,-77,224081150,11.14638888888889
2014-05-01 00:00:00 UTC,438,-85,224081150,1.3130555555555556
2014-05-01 00:00:00 UTC,694,-517,331000093,3.1325000000000003
2014-05-01 00:00:00 UTC,694,-516,331000093,8.5840277777777771
2014-05-01 00:00:00 UTC,-330,43,224094520,1.8684722222222221
2014-05-01 00:00:00 UTC,-330,-851,432943000,1.9265277777777778
2014-05-01 00:00:00 UTC,-330,-849,432943000,1.6545833333333333
2014-05-01 00:00:00 UTC,-330,-850,432943000,2.1661111111111113
2014-05-01 00:00:00 UTC,-330,345,224544160,1.6301388888888888
2014-05-01 00:00:00 UTC,-330,72,224120000,1.4620833333333332
2014-05-01 00:00:00 UTC,-330,15,224049630,2.0863888888888891
2014-05-01 00:00:00 UTC,-74,-195,431602890,7.8627777777777776
2014-05-01 00:00:00 UTC,183,1532,431722000,3.0395833333333333
2014-05-01 00:00:00 UTC,183,-164,224270000,1.4845833333333334
2014-05-01 00:00:00 UTC,439,97,247048960,3.2118055555555558
2014-05-01 00:00:00 UTC,439,96,247048960,0.92458333333333331
2014-05-01 00:00:00 UTC,439,-83,224047360,1.3216666666666668
2014-05-01 00:00:00 UTC,439,-82,224047360,3.258055555555555
2014-05-01 00:00:00 UTC,439,-81,224047360,1.1269444444444443
2014-05-01 00:00:00 UTC,439,-84,224126980,2.82375
2014-05-01 00:00:00 UTC,439,-85,224126980,0.96986111111111117
2014-05-01 00:00:00 UTC,439,97,247085830,4.194583333333334
2014-05-01 00:00:00 UTC,439,-78,224447240,10.897083333333335
2014-05-01 00:00:00 UTC,439,-79,224447240,0.2425
2014-05-01 00:00:00 UTC,439,-83,224181290,1.1891666666666667
2014-05-01 00:00:00 UTC,439,-84,224181290,2.3325000000000005
2014-05-01 00:00:00 UTC,439,-85,224181290,1.6524999999999999
2014-05-01 00:00:00 UTC,439,97,247049260,3.7719444444444448
2014-05-01 00:00:00 UTC,439,-85,224050990,0.4775
2014-05-01 00:00:00 UTC,439,-82,224050990,0.27763888888888888
2014-05-01 00:00:00 UTC,439,-80,224050990,1.0420833333333333
2014-05-01 00:00:00 UTC,439,-81,224050990,1.4961111111111112
2014-05-01 00:00:00 UTC,439,-84,224050990,1.385
2014-05-01 00:00:00 UTC,439,130,247083060,0.44972222222222225
2014-05-01 00:00:00 UTC,439,131,247083060,0.39194444444444443
2014-05-01 00:00:00 UTC,439,-82,224093750,0.47624999999999995
2014-05-01 00:00:00 UTC,439,-80,224093750,1.5847222222222221
2014-05-01 00:00:00 UTC,439,-81,224093750,2.3676388888888886
2014-05-01 00:00:00 UTC,439,-85,224093750,0.51944444444444449
2014-05-01 00:00:00 UTC,439,-86,224093750,1.1986111111111111
2014-05-01 00:00:00 UTC,439,-85,224012870,0.44402777777777774
2014-05-01 00:00:00 UTC,439,-84,224012870,2.5723611111111109
2014-05-01 00:00:00 UTC,439,-83,224012870,1.6573611111111111
2014-05-01 00:00:00 UTC,439,-80,224123720,5.8836111111111107
2014-05-01 00:00:00 UTC,439,-81,224123720,4.4305555555555562
2014-05-01 00:00:00 UTC,439,-86,263407950,0.22944444444444445
2014-05-01 00:00:00 UTC,439,-78,224018770,1.5284722222222222
2014-05-01 00:00:00 UTC,439,-77,224018770,6.7008333333333336
2014-05-01 00:00:00 UTC,439,-76,224018770,4.64138888888889
2014-05-01 00:00:00 UTC,439,-85,224157780,1.6326388888888888
2014-05-01 00:00:00 UTC,439,-84,224157780,2.5333333333333332
2014-05-01 00:00:00 UTC,439,-86,224004950,1.2843055555555556
2014-05-01 00:00:00 UTC,439,-84,224004950,0.57222222222222219
2014-05-01 00:00:00 UTC,439,-80,224171360,4.216388888888889
2014-05-01 00:00:00 UTC,439,-81,224171360,4.4411111111111108
2014-05-01 00:00:00 UTC,439,-87,224067690,0.26069444444444445
2014-05-01 00:00:00 UTC,439,-86,224067690,0.26125
2014-05-01 00:00:00 UTC,439,97,247102330,2.9563888888888887
2014-05-01 00:00:00 UTC,439,96,247102330,0.20680555555555558
2014-05-01 00:00:00 UTC,439,-74,224051590,3.4906944444444443
2014-05-01 00:00:00 UTC,439,-83,224004750,1.2175
2014-05-01 00:00:00 UTC,439,-84,224004750,2.4576388888888889
2014-05-01 00:00:00 UTC,439,-85,224004750,0.89916666666666667
2014-05-01 00:00:00 UTC,439,-72,224259220,3.3527777777777779
2014-05-01 00:00:00 UTC,439,-73,224259220,5.475138888888889
2014-05-01 00:00:00 UTC,439,-83,224134550,2.6981944444444443
2014-05-01 00:00:00 UTC,439,-84,224134550,0.53291666666666671
2014-05-01 00:00:00 UTC,439,-82,224134550,2.4894444444444446
2014-05-01 00:00:00 UTC,439,-81,224134550,2.3163888888888886
2014-05-01 00:00:00 UTC,439,-86,224292000,2.6888888888888887
2014-05-01 00:00:00 UTC,439,-75,224097970,0.27736111111111111
2014-05-01 00:00:00 UTC,439,-76,224097970,0.75847222222222221
2014-05-01 00:00:00 UTC,439,131,247084470,0.78847222222222224
2014-05-01 00:00:00 UTC,439,97,247064760,4.497361111111112
2014-05-01 00:00:00 UTC,439,-78,224136380,1.1584722222222221
2014-05-01 00:00:00 UTC,439,-85,224136380,2.1579166666666665
2014-05-01 00:00:00 UTC,439,-84,224136380,0.89902777777777776
2014-05-01 00:00:00 UTC,439,-78,224014530,2.9111111111111105
2014-05-01 00:00:00 UTC,439,-85,224138950,0.51194444444444442
2014-05-01 00:00:00 UTC,439,-82,224204490,0.764861111111111
2014-05-01 00:00:00 UTC,439,-83,224204490,3.8670833333333334
2014-05-01 00:00:00 UTC,439,-84,224204490,1.2906944444444444
2014-05-01 00:00:00 UTC,439,-82,224204520,1.6693055555555558
2014-05-01 00:00:00 UTC,439,-80,224204520,4.3863888888888889
2014-05-01 00:00:00 UTC,439,-83,224204520,3.8165277777777775
2014-05-01 00:00:00 UTC,439,-84,224204520,0.75458333333333338
2014-05-01 00:00:00 UTC,439,-83,224065000,0.89861111111111125
2014-05-01 00:00:00 UTC,439,-81,224065000,1.715138888888889
2014-05-01 00:00:00 UTC,439,-82,224065000,1.5793055555555555
2014-05-01 00:00:00 UTC,439,-84,224181230,2.5124999999999997
2014-05-01 00:00:00 UTC,439,-83,224181230,1.02875
2014-05-01 00:00:00 UTC,439,-85,224181230,1.0556944444444443
2014-05-01 00:00:00 UTC,439,-83,224055790,0.26111111111111107
2014-05-01 00:00:00 UTC,439,101,247061750,0.21125
2014-05-01 00:00:00 UTC,439,-83,224075000,2.5894444444444442
2014-05-01 00:00:00 UTC,439,-84,224075000,1.9588888888888887
2014-05-01 00:00:00 UTC,439,-83,224081150,1.5177777777777774
2014-05-01 00:00:00 UTC,439,-82,224081150,0.4625
2014-05-01 00:00:00 UTC,439,-85,224081150,0.77402777777777776
2014-05-01 00:00:00 UTC,439,-84,224081150,0.54583333333333339
2014-05-01 00:00:00 UTC,695,158,259252000,1.5226388888888889
2014-05-01 00:00:00 UTC,695,159,259252000,2.350972222222222
2014-05-01 00:00:00 UTC,695,158,273447010,0.22763888888888889
2014-05-01 00:00:00 UTC,695,159,273447010,1.6090277777777777
2014-05-01 00:00:00 UTC,695,162,273216200,0.4375
2014-05-01 00:00:00 UTC,695,159,273216200,1.7416666666666667
2014-05-01 00:00:00 UTC,695,160,273216200,0.52652777777777782
2014-05-01 00:00:00 UTC,695,158,273216200,1.0880555555555556
2014-05-01 00:00:00 UTC,695,161,273216200,0.48444444444444446
2014-05-01 00:00:00 UTC,695,159,273527500,1.7711111111111113
2014-05-01 00:00:00 UTC,695,-517,331191000,1.4968055555555555
2014-05-01 00:00:00 UTC,-329,43,224094520,1.7555555555555555
2014-05-01 00:00:00 UTC,-329,595,416002198,1.4129166666666668
2014-05-01 00:00:00 UTC,-329,342,224544160,0.941111111111111
2014-05-01 00:00:00 UTC,-329,74,224120000,1.6227777777777777
2014-05-01 00:00:00 UTC,-73,-187,431602890,11.922222222222222
2014-05-01 00:00:00 UTC,184,1533,431722000,0.77361111111111114
2014-05-01 00:00:00 UTC,184,1532,431722000,0.94083333333333341
2014-05-01 00:00:00 UTC,184,-167,224270000,0.87388888888888894
2014-05-01 00:00:00 UTC,184,-166,224270000,0.80375
2014-05-01 00:00:00 UTC,440,-83,224126980,3.9519444444444445
2014-05-01 00:00:00 UTC,440,-84,224126980,0.43333333333333335
2014-05-01 00:00:00 UTC,440,-78,224181530,1.2443055555555556
2014-05-01 00:00:00 UTC,440,-81,224181530,0.32611111111111113
2014-05-01 00:00:00 UTC,440,-79,224181530,0.23902777777777778
2014-05-01 00:00:00 UTC,440,-82,224181290,4.5213888888888887
2014-05-01 00:00:00 UTC,440,-83,224181290,1.5986111111111112
2014-05-01 00:00:00 UTC,440,-84,224050990,0.51847222222222222
2014-05-01 00:00:00 UTC,440,-79,224050990,0.93638888888888894
2014-05-01 00:00:00 UTC,440,-77,224050990,2.7491666666666665
2014-05-01 00:00:00 UTC,440,-80,224050990,1.1748611111111111
2014-05-01 00:00:00 UTC,440,130,247083060,0.4720833333333333
2014-05-01 00:00:00 UTC,440,-80,224093750,1.4445833333333333
2014-05-01 00:00:00 UTC,440,-85,224093750,1.5413888888888887
2014-05-01 00:00:00 UTC,440,-83,224093750,2.0938888888888889
2014-05-01 00:00:00 UTC,440,-81,224093750,1.3698611111111112
2014-05-01 00:00:00 UTC,440,-79,224093750,1.4706944444444443
2014-05-01 00:00:00 UTC,440,-82,224093750,0.93291666666666662
2014-05-01 00:00:00 UTC,440,-84,224093750,1.1383333333333334
2014-05-01 00:00:00 UTC,440,-82,224012870,2.38625
2014-05-01 00:00:00 UTC,440,-81,224012870,2.6929166666666666
2014-05-01 00:00:00 UTC,440,-83,224012870,0.68958333333333321
2014-05-01 00:00:00 UTC,440,-82,224157780,0.25625
2014-05-01 00:00:00 UTC,440,-83,224157780,3.1500000000000004
2014-05-01 00:00:00 UTC,440,-84,224157780,0.939861111111111
2014-05-01 00:00:00 UTC,440,-79,224171360,0.31444444444444442
2014-05-01 00:00:00 UTC,440,-83,224004750,1.2455555555555557
2014-05-01 00:00:00 UTC,440,-82,224004750,2.1247222222222222
2014-05-01 00:00:00 UTC,440,-81,224004750,3.7766666666666673
2014-05-01 00:00:00 UTC,440,147,238644110,1.4833333333333334
2014-05-01 00:00:00 UTC,440,-74,224259220,7.9194444444444443
2014-05-01 00:00:00 UTC,440,-81,224134550,0.56652777777777774
2014-05-01 00:00:00 UTC,440,-85,224292000,2.236388888888889
2014-05-01 00:00:00 UTC,440,-82,224136380,1.3380555555555556
2014-05-01 00:00:00 UTC,440,-84,224136380,0.26027777777777777
2014-05-01 00:00:00 UTC,440,-80,224136380,1.9605555555555556
2014-05-01 00:00:00 UTC,440,-81,224136380,0.7943055555555556
2014-05-01 00:00:00 UTC,440,-83,224136380,1.2695833333333333
2014-05-01 00:00:00 UTC,440,-78,224014530,0.55847222222222226
2014-05-01 00:00:00 UTC,440,-78,224083650,1.4597222222222221
2014-05-01 00:00:00 UTC,440,-79,224083650,12.239722222222223
2014-05-01 00:00:00 UTC,440,-79,224007370,0.93569444444444438
2014-05-01 00:00:00 UTC,440,-78,224007370,3.37375
2014-05-01 00:00:00 UTC,440,-80,224007370,2.8695833333333334
2014-05-01 00:00:00 UTC,440,-77,224007370,2.5926388888888887
2014-05-01 00:00:00 UTC,440,-82,224204490,1.9515277777777778
2014-05-01 00:00:00 UTC,440,-81,224204490,2.3220833333333331
2014-05-01 00:00:00 UTC,440,-80,224204490,2.0331944444444443
2014-05-01 00:00:00 UTC,440,-81,224204520,2.5193055555555555
2014-05-01 00:00:00 UTC,440,-80,224204520,3.1205555555555553
2014-05-01 00:00:00 UTC,440,-82,224204520,1.2259722222222222
2014-05-01 00:00:00 UTC,440,128,247072750,0.5279166666666667
2014-05-01 00:00:00 UTC,440,129,247072750,0.56527777777777777
2014-05-01 00:00:00 UTC,440,-82,224181230,4.869305555555556
2014-05-01 00:00:00 UTC,440,-83,224181230,1.967222222222222
2014-05-01 00:00:00 UTC,440,-84,224055790,3.7465277777777781
2014-05-01 00:00:00 UTC,440,-83,224055790,9.4679166666666656
2014-05-01 00:00:00 UTC,440,-82,224055790,0.80041666666666667
2014-05-01 00:00:00 UTC,440,130,247084790,0.37361111111111112
2014-05-01 00:00:00 UTC,440,131,247084790,0.67972222222222223
2014-05-01 00:00:00 UTC,440,-81,224081150,1.3004166666666668
2014-05-01 00:00:00 UTC,440,-82,224081150,0.72458333333333336
2014-05-01 00:00:00 UTC,440,-80,224081150,0.26138888888888889
2014-05-01 00:00:00 UTC,696,162,273312270,0.75055555555555553
2014-05-01 00:00:00 UTC,696,163,273312270,15.032916666666667
2014-05-01 00:00:00 UTC,696,164,273312270,6.6388888888888884
2014-05-01 00:00:00 UTC,696,164,273355290,0.22138888888888889
2014-05-01 00:00:00 UTC,696,163,273355290,16.185416666666669
2014-05-01 00:00:00 UTC,696,162,273355290,3.6126388888888883
2014-05-01 00:00:00 UTC,696,163,259252000,3.2324999999999995
2014-05-01 00:00:00 UTC,696,160,259252000,1.8841666666666665
2014-05-01 00:00:00 UTC,696,164,259252000,3.5247222222222225
2014-05-01 00:00:00 UTC,696,161,259252000,1.7709722222222222
2014-05-01 00:00:00 UTC,696,159,259252000,3.1656944444444446
2014-05-01 00:00:00 UTC,696,162,259252000,1.4590277777777776
2014-05-01 00:00:00 UTC,696,174,257617500,3.0834722222222224
2014-05-01 00:00:00 UTC,696,161,273447010,4.6368055555555561
2014-05-01 00:00:00 UTC,696,159,273447010,4.5388888888888888
2014-05-01 00:00:00 UTC,696,160,273447010,3.4580555555555561
2014-05-01 00:00:00 UTC,696,162,273447010,5.2781944444444449
2014-05-01 00:00:00 UTC,696,163,273447010,1.1055555555555556
2014-05-01 00:00:00 UTC,696,160,273216200,2.8847222222222224
2014-05-01 00:00:00 UTC,696,161,273216200,2.6736111111111112
2014-05-01 00:00:00 UTC,696,163,273216200,5.1465277777777771
2014-05-01 00:00:00 UTC,696,162,273216200,4.2009722222222221
2014-05-01 00:00:00 UTC,696,164,273216200,0.22819444444444445
2014-05-01 00:00:00 UTC,696,159,273216200,1.9434722222222223
2014-05-01 00:00:00 UTC,696,161,273527500,1.905972222222222
2014-05-01 00:00:00 UTC,696,163,273527500,8.4097222222222214
2014-05-01 00:00:00 UTC,696,164,273527500,1.3984722222222223
2014-05-01 00:00:00 UTC,696,162,273527500,0.75138888888888888
2014-05-01 00:00:00 UTC,696,160,273527500,0.88416666666666666
2014-05-01 00:00:00 UTC,696,159,273527500,3.0345833333333339
2014-05-01 00:00:00 UTC,696,-516,331191000,1.5375
2014-05-01 00:00:00 UTC,696,-517,331191000,4.0040277777777771
2014-05-01 00:00:00 UTC,-328,42,224094520,0.80847222222222226
2014-05-01 00:00:00 UTC,-328,344,224544160,2.9723611111111112
2014-05-01 00:00:00 UTC,-328,342,224544160,0.7630555555555556
2014-05-01 00:00:00 UTC,-328,345,224544160,1.6597222222222219
2014-05-01 00:00:00 UTC,-328,76,224120000,0.79444444444444451
2014-05-01 00:00:00 UTC,-328,15,224049630,2.1709722222222223
2014-05-01 00:00:00 UTC,185,1533,431447000,3.7488888888888887
2014-05-01 00:00:00 UTC,185,1534,431447000,0.78611111111111109
2014-05-01 00:00:00 UTC,441,147,238836740,4.1765277777777774
2014-05-01 00:00:00 UTC,441,94,247047450,1.6908333333333332
2014-05-01 00:00:00 UTC,441,-82,224181530,2.080972222222222
2014-05-01 00:00:00 UTC,441,-78,224181530,3.3083333333333331
2014-05-01 00:00:00 UTC,441,-80,224181530,1.7769444444444444
2014-05-01 00:00:00 UTC,441,-79,224181530,3.6065277777777776
2014-05-01 00:00:00 UTC,441,-81,224181530,6.9065277777777787
2014-05-01 00:00:00 UTC,441,-75,224056870,10.971527777777775
2014-05-01 00:00:00 UTC,441,-76,224056870,2.6431944444444442
2014-05-01 00:00:00 UTC,441,129,247070530,0.77555555555555555
2014-05-01 00:00:00 UTC,441,128,247070530,0.52041666666666664
2014-05-01 00:00:00 UTC,441,148,238923640,5.6568055555555548
2014-05-01 00:00:00 UTC,441,147,238572410,4.3358333333333334
2014-05-01 00:00:00 UTC,441,1464,273315480,3.4059722222222222
2014-05-01 00:00:00 UTC,441,-87,224012990,0.25277777777777777
2014-05-01 00:00:00 UTC,441,-78,224083650,0.44444444444444448
2014-05-01 00:00:00 UTC,441,147,238116840,2.70375
2014-05-01 00:00:00 UTC,441,-83,224055790,3.13125
2014-05-01 00:00:00 UTC,441,148,238105840,5.1161111111111115
2014-05-01 00:00:00 UTC,697,162,273312270,0.28861111111111115
2014-05-01 00:00:00 UTC,697,163,273312270,1.2354166666666666
2014-05-01 00:00:00 UTC,697,163,273355290,1.0659722222222221
2014-05-01 00:00:00 UTC,697,162,273355290,2.9683333333333333
2014-05-01 00:00:00 UTC,697,163,259252000,0.25958333333333333
2014-05-01 00:00:00 UTC,697,162,273216200,2.4470833333333331
2014-05-01 00:00:00 UTC,697,163,273527500,0.24222222222222223
2014-05-01 00:00:00 UTC,697,-517,331191000,1.5847222222222224
2014-05-01 00:00:00 UTC,-327,-856,431424000,9.8415277777777774
2014-05-01 00:00:00 UTC,-327,42,224094520,0.78138888888888891
2014-05-01 00:00:00 UTC,-327,43,224094520,1.8504166666666668
2014-05-01 00:00:00 UTC,-327,342,224544160,1.3347222222222221
2014-05-01 00:00:00 UTC,-327,14,224049630,3.9663888888888885
2014-05-01 00:00:00 UTC,-71,1604,440612000,4.7520833333333332
2014-05-01 00:00:00 UTC,-71,1607,440612000,1.1308333333333334
2014-05-01 00:00:00 UTC,-71,1606,440612000,2.5790277777777777
2014-05-01 00:00:00 UTC,-71,1605,440612000,2.0183333333333335
2014-05-01 00:00:00 UTC,-71,1608,440612000,2.608194444444444
2014-05-01 00:00:00 UTC,-71,-1220,431490000,2.4856944444444444
2014-05-01 00:00:00 UTC,186,1527,431700150,2.1693055555555554
2014-05-01 00:00:00 UTC,442,94,247047450,1.8740277777777778
2014-05-01 00:00:00 UTC,442,93,247047450,0.34597222222222224
2014-05-01 00:00:00 UTC,442,148,238572410,9.406944444444445
2014-05-01 00:00:00 UTC,442,149,238111111,10.130972222222223
2014-05-01 00:00:00 UTC,442,1464,273315480,2.2649999999999997
2014-05-01 00:00:00 UTC,442,94,247204510,0.20541666666666669
2014-05-01 00:00:00 UTC,442,93,247204510,3.6820833333333334
2014-05-01 00:00:00 UTC,442,149,238281140,15.850972222222222
2014-05-01 00:00:00 UTC,442,150,238763240,13.893611111111113
2014-05-01 00:00:00 UTC,442,149,238118140,1.5755555555555554
2014-05-01 00:00:00 UTC,698,398,273359770,3.8595833333333336
2014-05-01 00:00:00 UTC,698,391,273554600,3.1486111111111112
2014-05-01 00:00:00 UTC,698,390,273554600,7.1305555555555564
2014-05-01 00:00:00 UTC,698,391,273450930,3.125
2014-05-01 00:00:00 UTC,698,390,273450930,7.8716666666666661
2014-05-01 00:00:00 UTC,698,390,273443790,2.3334722222222224
2014-05-01 00:00:00 UTC,698,392,273443790,4.7206944444444447
2014-05-01 00:00:00 UTC,-326,-856,431424000,1.2247222222222223
2014-05-01 00:00:00 UTC,-326,42,224094520,1.1345833333333333
2014-05-01 00:00:00 UTC,-326,343,224544160,1.1129166666666668
2014-05-01 00:00:00 UTC,-326,14,224049630,1.5876388888888888
2014-05-01 00:00:00 UTC,-326,15,224049630,0.82638888888888884
2014-05-01 00:00:00 UTC,-70,1608,440612000,1.7569444444444444
2014-05-01 00:00:00 UTC,-70,-1221,431490000,3.1204166666666664
2014-05-01 00:00:00 UTC,187,-168,224270000,0.86680555555555561
2014-05-01 00:00:00 UTC,187,1527,431700150,0.73736111111111113
2014-05-01 00:00:00 UTC,443,148,238561110,1.4743055555555555
2014-05-01 00:00:00 UTC,443,146,238294140,1.9556944444444446
2014-05-01 00:00:00 UTC,443,-1249,366804620,5.0545833333333334
2014-05-01 00:00:00 UTC,443,-1250,366804620,0.46236111111111111
2014-05-01 00:00:00 UTC,443,146,238644110,1.5365277777777775
2014-05-01 00:00:00 UTC,443,-1249,366207630,1.0836111111111113
2014-05-01 00:00:00 UTC,443,-1248,366207630,0.53875000000000006
2014-05-01 00:00:00 UTC,443,134,247071380,0.69305555555555554
2014-05-01 00:00:00 UTC,443,86,247045050,4.3361111111111112
2014-05-01 00:00:00 UTC,443,-534,316005077,7.106527777777778
2014-05-01 00:00:00 UTC,443,-533,316005077,10.125
2014-05-01 00:00:00 UTC,443,146,238613210,2.6023611111111107
2014-05-01 00:00:00 UTC,443,146,238582510,1.3398611111111109
2014-05-01 00:00:00 UTC,443,86,247044850,3.8945833333333333
2014-05-01 00:00:00 UTC,699,397,273359770,5.5422222222222226
2014-05-01 00:00:00 UTC,699,393,273450930,1.5427777777777778
2014-05-01 00:00:00 UTC,699,415,273443790,4.7093055555555559
2014-05-01 00:00:00 UTC,-325,42,224094520,2.5291666666666668
2014-05-01 00:00:00 UTC,-325,342,224544160,2.9798611111111111
2014-05-01 00:00:00 UTC,-325,343,224544160,0.78541666666666665
2014-05-01 00:00:00 UTC,-69,1608,440612000,2.6109722222222222
2014-05-01 00:00:00 UTC,-69,-1222,431490000,1.2708333333333335
2014-05-01 00:00:00 UTC,-69,-1221,431490000,2.0377777777777779
2014-05-01 00:00:00 UTC,188,-168,224270000,2.0352777777777775
2014-05-01 00:00:00 UTC,188,1530,431700150,7.5297222222222215
2014-05-01 00:00:00 UTC,444,-31,228131600,7.2138888888888886
2014-05-01 00:00:00 UTC,444,-1250,366804620,0.24166666666666667
2014-05-01 00:00:00 UTC,444,-1249,366804620,4.952638888888889
2014-05-01 00:00:00 UTC,444,-1249,366207630,2.684444444444444
2014-05-01 00:00:00 UTC,444,134,247071380,9.7043055555555551
2014-05-01 00:00:00 UTC,444,133,247071380,0.89194444444444443
2014-05-01 00:00:00 UTC,444,135,247071380,3.1234722222222224
2014-05-01 00:00:00 UTC,444,130,247081660,1.2618055555555556
2014-05-01 00:00:00 UTC,444,145,238161640,0.44416666666666665
2014-05-01 00:00:00 UTC,700,202,257245220,8.5956944444444439
2014-05-01 00:00:00 UTC,700,171,273550400,2.3356944444444445
2014-05-01 00:00:00 UTC,700,170,273550400,2.3311111111111109
2014-05-01 00:00:00 UTC,700,170,273213010,5.48625
2014-05-01 00:00:00 UTC,700,171,273213010,3.1219444444444444
2014-05-01 00:00:00 UTC,700,395,273359770,4.7140277777777779
2014-05-01 00:00:00 UTC,700,394,273554600,1.5277777777777777
2014-05-01 00:00:00 UTC,700,391,273443790,2.38875
2014-05-01 00:00:00 UTC,700,170,273457870,0.79638888888888892
2014-05-01 00:00:00 UTC,-324,-857,431424000,1.0626388888888889
2014-05-01 00:00:00 UTC,-324,-856,431424000,4.0268055555555557
2014-05-01 00:00:00 UTC,-324,676,224122000,1.6141666666666667
2014-05-01 00:00:00 UTC,-324,84,224120000,4.4756944444444446
2014-05-01 00:00:00 UTC,-68,672,416002826,12.523333333333333
2014-05-01 00:00:00 UTC,-68,-108,416128800,10.258472222222222
2014-05-01 00:00:00 UTC,-68,-101,416128800,5.4404166666666676
2014-05-01 00:00:00 UTC,-68,-1222,431490000,1.2158333333333333
2014-05-01 00:00:00 UTC,-68,-1654,416004594,4.4329166666666664
2014-05-01 00:00:00 UTC,-68,-1653,416004594,0.875
2014-05-01 00:00:00 UTC,-68,-1649,416004594,1.4544444444444444
2014-05-01 00:00:00 UTC,-68,-1648,416004594,0.92902777777777779
2014-05-01 00:00:00 UTC,-68,-1651,416004594,1.6126388888888887
2014-05-01 00:00:00 UTC,189,1529,431700150,0.85819444444444437
2014-05-01 00:00:00 UTC,445,145,238794240,4.6081944444444449
2014-05-01 00:00:00 UTC,445,145,238400840,4.9736111111111114
2014-05-01 00:00:00 UTC,445,148,238993240,3.8451388888888887
2014-05-01 00:00:00 UTC,445,145,238993240,0.23972222222222223
2014-05-01 00:00:00 UTC,445,145,238963340,11.680416666666666
2014-05-01 00:00:00 UTC,445,-1250,366804620,4.5156944444444447
2014-05-01 00:00:00 UTC,445,-1249,366804620,2.4240277777777779
2014-05-01 00:00:00 UTC,445,-1249,366207630,1.9943055555555556
2014-05-01 00:00:00 UTC,445,134,247071380,0.93680555555555556
2014-05-01 00:00:00 UTC,445,146,238308040,0.9622222222222222
2014-05-01 00:00:00 UTC,445,145,238308040,1.2245833333333334
2014-05-01 00:00:00 UTC,445,-21,227575000,7.5505555555555555
2014-05-01 00:00:00 UTC,445,145,238613210,1.0643055555555556
2014-05-01 00:00:00 UTC,445,145,238744540,4.7688888888888892
2014-05-01 00:00:00 UTC,445,145,238161640,0.32958333333333334
2014-05-01 00:00:00 UTC,445,144,238161640,0.46055555555555555
2014-05-01 00:00:00 UTC,445,-13,228950000,0.51402777777777775
2014-05-01 00:00:00 UTC,445,-14,228950000,0.57583333333333331
2014-05-01 00:00:00 UTC,445,145,238777340,14.24277777777778
2014-05-01 00:00:00 UTC,701,174,273555000,4.6638888888888888
2014-05-01 00:00:00 UTC,701,171,273213500,1.5541666666666667
2014-05-01 00:00:00 UTC,701,171,273550400,9.4243055555555557
2014-05-01 00:00:00 UTC,701,169,273213010,3.9436111111111112
2014-05-01 00:00:00 UTC,701,397,273450930,2.3177777777777777
2014-05-01 00:00:00 UTC,701,391,273443790,1.5804166666666668
2014-05-01 00:00:00 UTC,701,412,273443790,2.3418055555555557
2014-05-01 00:00:00 UTC,701,406,273443790,2.3240277777777778
2014-05-01 00:00:00 UTC,701,171,273457870,9.3466666666666676
2014-05-01 00:00:00 UTC,-323,675,224122000,2.1565277777777778
2014-05-01 00:00:00 UTC,-323,-4,224267000,4.14375
2014-05-01 00:00:00 UTC,-67,-1631,412420238,10.074444444444445
2014-05-01 00:00:00 UTC,-67,1607,440612000,2.2068055555555555
2014-05-01 00:00:00 UTC,-67,-1222,431490000,1.6818055555555556
2014-05-01 00:00:00 UTC,-67,-1223,431490000,1.2065277777777776
2014-05-01 00:00:00 UTC,-67,-1657,416004594,3.8401388888888892
2014-05-01 00:00:00 UTC,-67,-1655,416004594,1.7029166666666666
2014-05-01 00:00:00 UTC,-67,-1649,416004594,1.3875000000000002
2014-05-01 00:00:00 UTC,-67,-1656,416004594,3.5894444444444442
2014-05-01 00:00:00 UTC,190,-1044,345861280,4.9358333333333331
2014-05-01 00:00:00 UTC,446,-1242,366838530,2.3230555555555554
2014-05-01 00:00:00 UTC,446,142,238939940,4.03013888888889
2014-05-01 00:00:00 UTC,446,145,238880340,3.9825
2014-05-01 00:00:00 UTC,446,147,238880340,11.018333333333334
2014-05-01 00:00:00 UTC,446,-1249,366804620,2.0191666666666666
2014-05-01 00:00:00 UTC,446,-14,227303130,2.8865277777777774
2014-05-01 00:00:00 UTC,446,147,238744540,4.5286111111111111
2014-05-01 00:00:00 UTC,446,-13,228950000,1.385
2014-05-01 00:00:00 UTC,702,173,273555000,11.767222222222223
2014-05-01 00:00:00 UTC,702,172,273213500,1.5859722222222223
2014-05-01 00:00:00 UTC,702,171,273550400,4.6484722222222219
2014-05-01 00:00:00 UTC,702,396,273554600,3.8555555555555561
2014-05-01 00:00:00 UTC,702,171,273210800,6.9333333333333336
2014-05-01 00:00:00 UTC,702,171,273448120,6.2972222222222216
2014-05-01 00:00:00 UTC,702,172,273448120,9.3458333333333332
2014-05-01 00:00:00 UTC,702,393,273443790,1.5280555555555555
2014-05-01 00:00:00 UTC,702,400,273443790,1.5180555555555557
2014-05-01 00:00:00 UTC,702,170,273457870,2.3179166666666666
2014-05-01 00:00:00 UTC,702,171,273457870,1.5258333333333334
2014-05-01 00:00:00 UTC,702,172,273457870,2.32375
2014-05-01 00:00:00 UTC,-322,-5,224267000,1.7911111111111111
2014-05-01 00:00:00 UTC,-66,-180,432306000,1.8624999999999998
2014-05-01 00:00:00 UTC,-66,-184,432306000,2.8359722222222223
2014-05-01 00:00:00 UTC,-66,-181,432306000,2.9429166666666671
2014-05-01 00:00:00 UTC,-66,1608,440612000,0.3997222222222222
2014-05-01 00:00:00 UTC,-66,-1223,431490000,3.3741666666666661
2014-05-01 00:00:00 UTC,-66,-1653,416004594,2.3608333333333333
2014-05-01 00:00:00 UTC,-66,-1651,416004594,1.7956944444444445
2014-05-01 00:00:00 UTC,-66,-1654,416004594,1.2293055555555554
2014-05-01 00:00:00 UTC,191,-168,224270000,2.8048611111111112
2014-05-01 00:00:00 UTC,447,-1242,366838530,1.7801388888888887
2014-05-01 00:00:00 UTC,447,146,238880340,0.69
2014-05-01 00:00:00 UTC,447,-1249,366804620,4.4823611111111106
2014-05-01 00:00:00 UTC,447,-15,227897000,0.88902777777777775
2014-05-01 00:00:00 UTC,447,-14,227303130,2.2925
2014-05-01 00:00:00 UTC,447,-13,228950000,1.3127777777777778
2014-05-01 00:00:00 UTC,447,124,247050230,0.58138888888888884
2014-05-01 00:00:00 UTC,447,125,247050230,0.22555555555555554
2014-05-01 00:00:00 UTC,703,172,273213500,1.6055555555555556
2014-05-01 00:00:00 UTC,703,400,273317970,6.3194444444444446
2014-05-01 00:00:00 UTC,703,397,273212000,1.565
2014-05-01 00:00:00 UTC,703,400,273212000,7.1013888888888888
2014-05-01 00:00:00 UTC,703,399,273212000,2.2998611111111114
2014-05-01 00:00:00 UTC,703,403,273290400,6.3170833333333336
2014-05-01 00:00:00 UTC,703,397,273290400,1.5695833333333333
2014-05-01 00:00:00 UTC,703,399,273290400,2.3972222222222221
2014-05-01 00:00:00 UTC,703,174,273210800,6.2665277777777781
2014-05-01 00:00:00 UTC,703,172,273448120,7.8126388888888894
2014-05-01 00:00:00 UTC,703,396,273443790,1.5469444444444445
2014-05-01 00:00:00 UTC,-321,-6,224267000,1.7838888888888889
2014-05-01 00:00:00 UTC,-321,-2,224267000,0.82708333333333339
2014-05-01 00:00:00 UTC,-321,-3,224267000,2.9538888888888892
2014-05-01 00:00:00 UTC,-321,-1,224267000,0.78083333333333327
2014-05-01 00:00:00 UTC,-65,672,416002826,8.5455555555555556
2014-05-01 00:00:00 UTC,-65,-181,432306000,0.87944444444444447
2014-05-01 00:00:00 UTC,-65,-182,432306000,0.88347222222222221
2014-05-01 00:00:00 UTC,-65,-1224,431490000,1.8456944444444445
2014-05-01 00:00:00 UTC,-65,-1652,416004594,1.8454166666666665
2014-05-01 00:00:00 UTC,448,-577,316007950,2.9226388888888888
2014-05-01 00:00:00 UTC,448,-574,316007950,6.9954166666666673
2014-05-01 00:00:00 UTC,448,-15,227897000,0.58888888888888891
2014-05-01 00:00:00 UTC,448,125,247050230,0.94124999999999992
2014-05-01 00:00:00 UTC,704,180,273552400,2.3538888888888887
2014-05-01 00:00:00 UTC,704,180,273213500,5.5404166666666672
2014-05-01 00:00:00 UTC,704,179,273213500,7.0384722222222216
2014-05-01 00:00:00 UTC,704,183,273213500,1.55375
2014-05-01 00:00:00 UTC,704,181,273213500,1.4970833333333333
2014-05-01 00:00:00 UTC,704,222,257969500,0.23833333333333334
2014-05-01 00:00:00 UTC,704,221,257969500,1.2291666666666665
2014-05-01 00:00:00 UTC,704,219,259505000,0.22319444444444445
2014-05-01 00:00:00 UTC,704,219,259963000,0.275
2014-05-01 00:00:00 UTC,704,183,273297800,3.9527777777777775
2014-05-01 00:00:00 UTC,704,178,273297800,5.4958333333333336
2014-05-01 00:00:00 UTC,704,219,257576600,0.53611111111111109
2014-05-01 00:00:00 UTC,704,395,273290400,1.5277777777777777
2014-05-01 00:00:00 UTC,704,209,259203000,5.1041666666666661
2014-05-01 00:00:00 UTC,704,207,259203000,1.0975000000000001
2014-05-01 00:00:00 UTC,704,172,273448120,3.9790277777777781
2014-05-01 00:00:00 UTC,704,219,257538500,0.40555555555555556
2014-05-01 00:00:00 UTC,-320,674,224122000,2.1256944444444446
2014-05-01 00:00:00 UTC,-320,597,224696000,1.64375
2014-05-01 00:00:00 UTC,-320,0,224267000,2.3204166666666666
2014-05-01 00:00:00 UTC,-320,-6,224267000,1.8125
2014-05-01 00:00:00 UTC,-64,1577,416004246,2.4215277777777779
2014-05-01 00:00:00 UTC,-64,1369,412440232,5.945
2014-05-01 00:00:00 UTC,449,137,238900840,7.3811111111111112
2014-05-01 00:00:00 UTC,449,144,238192340,2.5751388888888886
2014-05-01 00:00:00 UTC,449,145,238914540,14.550416666666667
2014-05-01 00:00:00 UTC,705,219,257600800,0.71763888888888894
2014-05-01 00:00:00 UTC,705,217,257600800,1.0202777777777778
2014-05-01 00:00:00 UTC,705,218,257600800,6.4105555555555549
2014-05-01 00:00:00 UTC,705,218,257136420,2.644166666666667
2014-05-01 00:00:00 UTC,705,217,257136420,0.46625
2014-05-01 00:00:00 UTC,705,308,257548600,1.5444444444444445
2014-05-01 00:00:00 UTC,705,309,257548600,6.7413888888888893
2014-05-01 00:00:00 UTC,705,180,273213500,1.5356944444444445
2014-05-01 00:00:00 UTC,705,176,273213500,1.5565277777777777
2014-05-01 00:00:00 UTC,705,219,257400900,0.2459722222222222
2014-05-01 00:00:00 UTC,705,218,257400900,7.1740277777777788
2014-05-01 00:00:00 UTC,705,219,258290000,9.6427777777777788
2014-05-01 00:00:00 UTC,705,218,258290000,0.24333333333333335
2014-05-01 00:00:00 UTC,705,220,258290000,0.41986111111111107
2014-05-01 00:00:00 UTC,705,399,273317970,2.3513888888888888
2014-05-01 00:00:00 UTC,705,217,257969500,0.26208333333333333
2014-05-01 00:00:00 UTC,705,218,257969500,4.6788888888888893
2014-05-01 00:00:00 UTC,705,219,259505000,1.2372222222222224
2014-05-01 00:00:00 UTC,705,214,258470000,0.5905555555555555
2014-05-01 00:00:00 UTC,705,216,258470000,0.69458333333333344
2014-05-01 00:00:00 UTC,705,215,258470000,1.7247222222222223
2014-05-01 00:00:00 UTC,705,213,258470000,0.99722222222222223
2014-05-01 00:00:00 UTC,705,212,258470000,0.54708333333333337
2014-05-01 00:00:00 UTC,705,219,259963000,16.330555555555556
2014-05-01 00:00:00 UTC,705,218,259963000,1.9326388888888888
2014-05-01 00:00:00 UTC,705,219,257733500,0.64486111111111111
2014-05-01 00:00:00 UTC,705,183,273297800,1.5444444444444445
2014-05-01 00:00:00 UTC,705,181,273297800,3.0956944444444443
2014-05-01 00:00:00 UTC,705,219,257576600,10.269444444444444
2014-05-01 00:00:00 UTC,705,218,257576600,1.1568055555555556
2014-05-01 00:00:00 UTC,705,315,259375000,1.5390277777777777
2014-05-01 00:00:00 UTC,705,313,259375000,6.2305555555555561
2014-05-01 00:00:00 UTC,705,218,257313700,3.7161111111111116
2014-05-01 00:00:00 UTC,705,217,257313700,0.70861111111111108
2014-05-01 00:00:00 UTC,705,315,257269420,3.8847222222222224
2014-05-01 00:00:00 UTC,705,316,257475500,3.1027777777777779
2014-05-01 00:00:00 UTC,705,313,257475500,4.6194444444444445
2014-05-01 00:00:00 UTC,705,314,259438000,3.079305555555556
2014-05-01 00:00:00 UTC,705,311,259438000,7.8856944444444448
2014-05-01 00:00:00 UTC,705,313,259438000,1.5486111111111112
2014-05-01 00:00:00 UTC,705,312,259438000,6.8552777777777774
2014-05-01 00:00:00 UTC,705,402,273450930,2.3263888888888888
2014-05-01 00:00:00 UTC,705,218,257538500,0.1698611111111111
2014-05-01 00:00:00 UTC,705,219,257538500,1.2394444444444446
2014-05-01 00:00:00 UTC,705,218,257102540,0.95458333333333334
2014-05-01 00:00:00 UTC,705,218,257422320,6.3304166666666655
2014-05-01 00:00:00 UTC,705,217,257422320,0.4498611111111111
2014-05-01 00:00:00 UTC,-319,676,224122000,2.8668055555555556
2014-05-01 00:00:00 UTC,-319,596,224696000,2.9674999999999994
2014-05-01 00:00:00 UTC,-319,93,224120000,2.2354166666666666
2014-05-01 00:00:00 UTC,-319,89,224120000,4.1688888888888886
2014-05-01 00:00:00 UTC,-319,-2,224267000,1.2379166666666668
2014-05-01 00:00:00 UTC,-319,-4,224267000,1.3144444444444443
2014-05-01 00:00:00 UTC,-63,-1631,412420238,6.868611111111111
2014-05-01 00:00:00 UTC,-63,-1623,412420239,2.4143055555555555
2014-05-01 00:00:00 UTC,-63,-1622,412420239,1.2195833333333335
2014-05-01 00:00:00 UTC,-63,-1621,412420239,5.4666666666666668
2014-05-01 00:00:00 UTC,-63,-1624,412420239,5.3329166666666676
2014-05-01 00:00:00 UTC,-63,1577,416004246,11.264027777777777
2014-05-01 00:00:00 UTC,-63,-969,431704230,2.3456944444444443
2014-05-01 00:00:00 UTC,-63,-1225,431490000,5.5483333333333329
2014-05-01 00:00:00 UTC,450,142,238184780,3.1431944444444451
2014-05-01 00:00:00 UTC,450,-562,361000800,1.4125
2014-05-01 00:00:00 UTC,450,136,238316240,1.7652777777777779
2014-05-01 00:00:00 UTC,706,304,257641500,2.3691666666666666
2014-05-01 00:00:00 UTC,706,205,258185000,1.6527777777777777
2014-05-01 00:00:00 UTC,706,305,259635000,1.5504166666666666
2014-05-01 00:00:00 UTC,706,306,259635000,3.0944444444444446
2014-05-01 00:00:00 UTC,706,305,257128000,1.6290277777777777
2014-05-01 00:00:00 UTC,706,401,273317970,6.2725
2014-05-01 00:00:00 UTC,706,402,273212000,2.3168055555555558
2014-05-01 00:00:00 UTC,706,214,258470000,0.47333333333333338
2014-05-01 00:00:00 UTC,706,215,258470000,3.2372222222222224
2014-05-01 00:00:00 UTC,706,313,259375000,5.369305555555556
2014-05-01 00:00:00 UTC,706,314,259375000,2.3609722222222222
2014-05-01 00:00:00 UTC,706,311,259375000,7.9251388888888883
2014-05-01 00:00:00 UTC,706,403,273550500,7.0998611111111112
2014-05-01 00:00:00 UTC,706,313,257269420,10.1975
2014-05-01 00:00:00 UTC,706,311,257269420,1.5373611111111112
2014-05-01 00:00:00 UTC,706,310,257269420,4.7304166666666667
2014-05-01 00:00:00 UTC,706,313,257475500,1.5555555555555556
2014-05-01 00:00:00 UTC,706,313,259438000,5.4612500000000006
2014-05-01 00:00:00 UTC,706,402,273450930,1.5388888888888888
2014-05-01 00:00:00 UTC,706,297,257100740,0.67694444444444435
2014-05-01 00:00:00 UTC,706,315,257133000,3.4140277777777781
2014-05-01 00:00:00 UTC,706,316,257133000,3.1055555555555561
2014-05-01 00:00:00 UTC,706,305,257824500,2.2675
2014-05-01 00:00:00 UTC,706,306,257824500,3.1240277777777781
2014-05-01 00:00:00 UTC,-318,1762,224256000,2.408611111111111
2014-05-01 00:00:00 UTC,-318,1763,224256000,6.5141666666666671
2014-05-01 00:00:00 UTC,-318,589,225374000,2.0720833333333335
2014-05-01 00:00:00 UTC,-318,590,225374000,2.5309722222222222
2014-05-01 00:00:00 UTC,-318,372,224049530,2.9708333333333337
2014-05-01 00:00:00 UTC,-318,371,224049530,3.9179166666666663
2014-05-01 00:00:00 UTC,-318,681,224122000,2.9405555555555551
2014-05-01 00:00:00 UTC,-318,684,224122000,1.1291666666666664
2014-05-01 00:00:00 UTC,-318,683,224122000,1.0516666666666667
2014-05-01 00:00:00 UTC,-318,0,224267000,1.9319444444444447
2014-05-01 00:00:00 UTC,-318,-1,224267000,2.21625
2014-05-01 00:00:00 UTC,-62,-1631,412420238,3.0559722222222221
2014-05-01 00:00:00 UTC,-62,-1624,412420239,7.3686111111111119
2014-05-01 00:00:00 UTC,-62,-969,431704230,1.2040277777777779
2014-05-01 00:00:00 UTC,-62,-1689,224523000,0.53069444444444447
2014-05-01 00:00:00 UTC,451,-578,316007950,1.6004166666666666
2014-05-01 00:00:00 UTC,451,-577,316007950,7.234583333333334
2014-05-01 00:00:00 UTC,451,143,238743340,8.8024999999999984
2014-05-01 00:00:00 UTC,451,123,247052590,0.89180555555555563
2014-05-01 00:00:00 UTC,451,-31,228904000,6.283611111111111
2014-05-01 00:00:00 UTC,451,124,247142730,0.23472222222222222
2014-05-01 00:00:00 UTC,451,125,247142730,0.27986111111111112
2014-05-01 00:00:00 UTC,451,142,238184780,0.9029166666666667
2014-05-01 00:00:00 UTC,451,135,238430040,2.4788888888888887
2014-05-01 00:00:00 UTC,451,-563,361000800,5.6725
2014-05-01 00:00:00 UTC,451,-562,361000800,1.4405555555555554
2014-05-01 00:00:00 UTC,451,144,238390440,5.490000000000002
2014-05-01 00:00:00 UTC,451,135,238897610,2.4304166666666669
2014-05-01 00:00:00 UTC,451,123,247053530,0.27083333333333331
2014-05-01 00:00:00 UTC,451,145,238403040,1.6727777777777775
2014-05-01 00:00:00 UTC,451,143,238403040,5.0011111111111113
2014-05-01 00:00:00 UTC,707,403,273421600,5.4852777777777773
2014-05-01 00:00:00 UTC,707,402,273421600,3.07375
2014-05-01 00:00:00 UTC,707,221,258067000,1.5006944444444446
2014-05-01 00:00:00 UTC,707,302,257128000,3.618611111111111
2014-05-01 00:00:00 UTC,707,401,273298000,1.5280555555555555
2014-05-01 00:00:00 UTC,707,402,273317970,3.1180555555555554
2014-05-01 00:00:00 UTC,707,403,273317970,3.0983333333333336
2014-05-01 00:00:00 UTC,707,404,273212000,1.5526388888888889
2014-05-01 00:00:00 UTC,707,403,273212000,1.5447222222222223
2014-05-01 00:00:00 UTC,707,402,273331070,1.5486111111111112
2014-05-01 00:00:00 UTC,707,404,273550500,1.5181944444444446
2014-05-01 00:00:00 UTC,707,403,273550500,2.3056944444444447
2014-05-01 00:00:00 UTC,707,401,273554600,2.3111111111111109
2014-05-01 00:00:00 UTC,707,302,258553000,6.4923611111111112
2014-05-01 00:00:00 UTC,707,301,259225000,3.1202777777777779
2014-05-01 00:00:00 UTC,707,312,257269420,1.55
2014-05-01 00:00:00 UTC,707,403,273450930,4.6986111111111111
2014-05-01 00:00:00 UTC,707,401,273298100,3.8462500000000004
2014-05-01 00:00:00 UTC,707,315,257133000,3.1097222222222225
2014-05-01 00:00:00 UTC,707,314,257133000,3.0458333333333334
2014-05-01 00:00:00 UTC,707,403,273445610,1.5375
2014-05-01 00:00:00 UTC,707,402,273445610,4.72375
2014-05-01 00:00:00 UTC,-317,1761,224256000,0.8008333333333334
2014-05-01 00:00:00 UTC,-317,1760,224256000,1.422638888888889
2014-05-01 00:00:00 UTC,-317,1758,224256000,0.93305555555555553
2014-05-01 00:00:00 UTC,-317,1759,224256000,1.0781944444444445
2014-05-01 00:00:00 UTC,-317,679,224122000,3.0387500000000003
2014-05-01 00:00:00 UTC,-317,680,224122000,3.012777777777778
2014-05-01 00:00:00 UTC,-317,801,224654000,1.6066666666666667
2014-05-01 00:00:00 UTC,-317,593,224696000,2.3765277777777776
2014-05-01 00:00:00 UTC,-317,93,224120000,1.277638888888889
2014-05-01 00:00:00 UTC,-61,-1631,412420238,4.5472222222222225
2014-05-01 00:00:00 UTC,-61,-969,431704230,1.6956944444444444
2014-05-01 00:00:00 UTC,-61,-961,431704230,1.8695833333333334
2014-05-01 00:00:00 UTC,-61,-963,431704230,1.8222222222222224
2014-05-01 00:00:00 UTC,196,-172,224209000,4.3030555555555559
2014-05-01 00:00:00 UTC,452,-579,316007950,1.439861111111111
2014-05-01 00:00:00 UTC,452,-31,228904000,3.8076388888888886
2014-05-01 00:00:00 UTC,452,-563,361000800,6.4354166666666668
2014-05-01 00:00:00 UTC,452,124,247051730,0.49180555555555555
2014-05-01 00:00:00 UTC,452,144,238621140,0.23597222222222225
2014-05-01 00:00:00 UTC,452,145,238621140,3.0476388888888892
2014-05-01 00:00:00 UTC,708,294,257147920,1.5291666666666668
2014-05-01 00:00:00 UTC,708,293,257147920,1.5470833333333334
2014-05-01 00:00:00 UTC,708,292,257588500,0.50041666666666673
2014-05-01 00:00:00 UTC,708,404,273421600,1.6012499999999998
2014-05-01 00:00:00 UTC,708,403,273421600,3.0716666666666668
2014-05-01 00:00:00 UTC,708,221,258067000,11.493611111111109
2014-05-01 00:00:00 UTC,708,222,258067000,0.58472222222222214
2014-05-01 00:00:00 UTC,708,220,258067000,3.0738888888888889
2014-05-01 00:00:00 UTC,708,294,257128000,1.5647222222222221
2014-05-01 00:00:00 UTC,708,293,257128000,0.83694444444444449
2014-05-01 00:00:00 UTC,708,402,273298000,6.3172222222222221
2014-05-01 00:00:00 UTC,708,404,273298000,1.6019444444444444
2014-05-01 00:00:00 UTC,708,403,273298000,1.5256944444444445
2014-05-01 00:00:00 UTC,708,403,273317970,1.547361111111111
2014-05-01 00:00:00 UTC,708,404,273317970,1.5388888888888888
2014-05-01 00:00:00 UTC,708,292,258503000,0.79805555555555552
2014-05-01 00:00:00 UTC,708,293,258503000,0.73416666666666663
2014-05-01 00:00:00 UTC,708,403,273331070,7.7777777777777777
2014-05-01 00:00:00 UTC,708,260,257311640,0.43027777777777776
2014-05-01 00:00:00 UTC,708,259,257311640,0.85944444444444446
2014-05-01 00:00:00 UTC,708,405,273550500,1.5484722222222222
2014-05-01 00:00:00 UTC,708,404,273550500,1.5472222222222223
2014-05-01 00:00:00 UTC,708,402,273554600,1.536111111111111
2014-05-01 00:00:00 UTC,708,293,257592500,1.1102777777777777
2014-05-01 00:00:00 UTC,708,314,257133000,3.9448611111111109
2014-05-01 00:00:00 UTC,708,403,273559500,1.5279166666666666
2014-05-01 00:00:00 UTC,708,404,273559500,1.5375
2014-05-01 00:00:00 UTC,708,402,273445610,4.7208333333333332
2014-05-01 00:00:00 UTC,708,404,273445610,1.5609722222222224
2014-05-01 00:00:00 UTC,-316,1758,224256000,2.141111111111111
2014-05-01 00:00:00 UTC,-316,586,225374000,2.3836111111111111
2014-05-01 00:00:00 UTC,-316,685,224122000,1.4652777777777777
2014-05-01 00:00:00 UTC,-316,800,224654000,2.1225
2014-05-01 00:00:00 UTC,-316,798,224654000,2.0904166666666666
2014-05-01 00:00:00 UTC,-316,592,224696000,0.87361111111111112
2014-05-01 00:00:00 UTC,-316,593,224696000,0.7583333333333333
2014-05-01 00:00:00 UTC,-316,93,224120000,2.2402777777777776
2014-05-01 00:00:00 UTC,-60,1591,416004369,3.7034722222222225
2014-05-01 00:00:00 UTC,-60,1593,416004369,1.8320833333333333
2014-05-01 00:00:00 UTC,-60,549,441734000,1.3972222222222221
2014-05-01 00:00:00 UTC,-60,-1624,412420239,3.7175
2014-05-01 00:00:00 UTC,-60,-965,431704230,1.1766666666666667
2014-05-01 00:00:00 UTC,-60,-960,431704230,2.70125
2014-05-01 00:00:00 UTC,-60,-969,431704230,1.6169444444444445
2014-05-01 00:00:00 UTC,-60,-961,431704230,0.94041666666666657
2014-05-01 00:00:00 UTC,453,124,247051730,0.47652777777777777
2014-05-01 00:00:00 UTC,709,286,257866500,0.54680555555555554
2014-05-01 00:00:00 UTC,709,215,273241100,0.33083333333333331
2014-05-01 00:00:00 UTC,709,286,257147920,0.22597222222222224
2014-05-01 00:00:00 UTC,709,404,273421600,11.005972222222223
2014-05-01 00:00:00 UTC,709,286,258228000,2.3429166666666665
2014-05-01 00:00:00 UTC,709,287,258228000,0.44541666666666663
2014-05-01 00:00:00 UTC,709,290,258228000,0.80958333333333332
2014-05-01 00:00:00 UTC,709,292,258228000,0.77777777777777779
2014-05-01 00:00:00 UTC,709,291,258228000,1.5758333333333334
2014-05-01 00:00:00 UTC,709,288,257617700,7.1413888888888888
2014-05-01 00:00:00 UTC,709,291,257617700,0.27333333333333332
2014-05-01 00:00:00 UTC,709,289,257617700,1.9351388888888887
2014-05-01 00:00:00 UTC,709,290,257617700,2.2720833333333332
2014-05-01 00:00:00 UTC,709,221,258067000,2.7561111111111112
2014-05-01 00:00:00 UTC,709,287,257885500,0.23375
2014-05-01 00:00:00 UTC,709,286,257639500,1.1001388888888888
2014-05-01 00:00:00 UTC,709,287,257639500,0.70263888888888892
2014-05-01 00:00:00 UTC,709,402,273298000,1.5445833333333332
2014-05-01 00:00:00 UTC,709,404,273298000,2.3806944444444444
2014-05-01 00:00:00 UTC,709,401,273298000,3.1027777777777779
2014-05-01 00:00:00 UTC,709,403,273298000,1.5384722222222222
2014-05-01 00:00:00 UTC,709,292,258503000,0.2729166666666667
2014-05-01 00:00:00 UTC,709,291,258503000,1.1472222222222224
2014-05-01 00:00:00 UTC,709,404,273212000,1.5498611111111109
2014-05-01 00:00:00 UTC,709,287,257435500,1.3590277777777779
2014-05-01 00:00:00 UTC,709,286,257435500,1.3201388888888888
2014-05-01 00:00:00 UTC,709,267,259590000,3.0273611111111109
2014-05-01 00:00:00 UTC,709,439,273292400,3.1123611111111109
2014-05-01 00:00:00 UTC,709,440,273292400,3.0929166666666665
2014-05-01 00:00:00 UTC,709,287,257445500,0.70458333333333334
2014-05-01 00:00:00 UTC,709,287,257541500,1.3361111111111112
2014-05-01 00:00:00 UTC,709,404,273331070,3.1169444444444445
2014-05-01 00:00:00 UTC,709,402,273331070,3.8941666666666666
2014-05-01 00:00:00 UTC,709,401,273331070,5.475138888888889
2014-05-01 00:00:00 UTC,709,291,257594500,1.9776388888888887
2014-05-01 00:00:00 UTC,709,293,257594500,1.4845833333333331
2014-05-01 00:00:00 UTC,709,292,257594500,1.1406944444444445
2014-05-01 00:00:00 UTC,709,243,257332620,9.3790277777777789
2014-05-01 00:00:00 UTC,709,405,273550500,2.3194444444444446
2014-05-01 00:00:00 UTC,709,404,273550500,4.7465277777777777
2014-05-01 00:00:00 UTC,709,405,273554600,7.1190277777777773
2014-05-01 00:00:00 UTC,709,402,273298100,7.1344444444444441
2014-05-01 00:00:00 UTC,709,290,257592500,0.26611111111111113
2014-05-01 00:00:00 UTC,709,292,257592500,3.4116666666666671
2014-05-01 00:00:00 UTC,709,291,257592500,1.4069444444444443
2014-05-01 00:00:00 UTC,709,400,273559500,6.3138888888888882
2014-05-01 00:00:00 UTC,709,405,273559500,10.972083333333332
2014-05-01 00:00:00 UTC,709,404,273559500,4.6775
2014-05-01 00:00:00 UTC,709,404,273445610,1.54875
2014-05-01 00:00:00 UTC,709,403,273445610,2.3265277777777778
2014-05-01 00:00:00 UTC,-315,1757,224256000,1.762361111111111
2014-05-01 00:00:00 UTC,-315,576,225374000,1.5675
2014-05-01 00:00:00 UTC,-315,579,225374000,4.0390277777777772
2014-05-01 00:00:00 UTC,-315,581,225374000,1.8238888888888889
2014-05-01 00:00:00 UTC,-315,584,225374000,0.89958333333333329
2014-05-01 00:00:00 UTC,-315,583,225374000,1.35
2014-05-01 00:00:00 UTC,-315,585,225374000,0.77388888888888885
2014-05-01 00:00:00 UTC,-315,682,224122000,1.8765277777777776
2014-05-01 00:00:00 UTC,-315,75,224084640,1.4319444444444445
2014-05-01 00:00:00 UTC,-315,74,224084640,2.7208333333333332
2014-05-01 00:00:00 UTC,-315,796,224654000,1.2168055555555557
2014-05-01 00:00:00 UTC,-315,797,224654000,1.0859722222222223
2014-05-01 00:00:00 UTC,-315,592,224696000,1.3438888888888889
2014-05-01 00:00:00 UTC,-59,1593,416004369,9.8893055555555556
2014-05-01 00:00:00 UTC,-59,1594,416004369,2.1572222222222224
2014-05-01 00:00:00 UTC,-59,-966,431704230,0.89166666666666661
2014-05-01 00:00:00 UTC,-59,-969,431704230,0.9291666666666667
2014-05-01 00:00:00 UTC,198,-177,245811000,2.6968055555555557
2014-05-01 00:00:00 UTC,454,-13,228101000,1.9623611111111112
2014-05-01 00:00:00 UTC,454,-13,228185800,14.004305555555554
2014-05-01 00:00:00 UTC,454,-14,228185800,6.7268055555555542
2014-05-01 00:00:00 UTC,710,287,257866500,0.73944444444444435
2014-05-01 00:00:00 UTC,710,285,257866500,3.5201388888888889
2014-05-01 00:00:00 UTC,710,286,257866500,8.3522222222222222
2014-05-01 00:00:00 UTC,710,238,257165320,8.6124999999999989
2014-05-01 00:00:00 UTC,710,217,273241100,1.5134722222222221
2014-05-01 00:00:00 UTC,710,216,273241100,2.7293055555555554
2014-05-01 00:00:00 UTC,710,285,251222540,6.4658333333333333
2014-05-01 00:00:00 UTC,710,286,251222540,7.6469444444444452
2014-05-01 00:00:00 UTC,710,286,257147920,2.9619444444444443
2014-05-01 00:00:00 UTC,710,287,257147920,1.0976388888888888
2014-05-01 00:00:00 UTC,710,286,257460500,1.4433333333333334
2014-05-01 00:00:00 UTC,710,287,257460500,2.7947222222222221
2014-05-01 00:00:00 UTC,710,287,257016340,0.45375000000000004
2014-05-01 00:00:00 UTC,710,284,257016340,0.72375
2014-05-01 00:00:00 UTC,710,285,257016340,0.668611111111111
2014-05-01 00:00:00 UTC,710,286,257016340,3.1715277777777775
2014-05-01 00:00:00 UTC,710,283,257016340,1.4404166666666667
2014-05-01 00:00:00 UTC,710,284,257215000,0.49388888888888882
2014-05-01 00:00:00 UTC,710,285,257215000,7.2273611111111116
2014-05-01 00:00:00 UTC,710,287,257215000,0.59208333333333329
2014-05-01 00:00:00 UTC,710,286,257215000,5.6115277777777779
2014-05-01 00:00:00 UTC,710,283,257215000,0.21527777777777779
2014-05-01 00:00:00 UTC,710,272,257307940,0.24986111111111112
2014-05-01 00:00:00 UTC,710,271,257307940,7.0602777777777765
2014-05-01 00:00:00 UTC,710,264,257315620,0.76319444444444451
2014-05-01 00:00:00 UTC,710,284,257523500,1.3759722222222224
2014-05-01 00:00:00 UTC,710,285,257523500,0.88222222222222224
2014-05-01 00:00:00 UTC,710,287,257523500,1.3241666666666667
2014-05-01 00:00:00 UTC,710,286,257523500,3.05875
2014-05-01 00:00:00 UTC,710,217,273433400,5.7875
2014-05-01 00:00:00 UTC,710,215,273433400,0.50347222222222221
2014-05-01 00:00:00 UTC,710,216,273433400,1.8816666666666668
2014-05-01 00:00:00 UTC,710,286,257885500,2.6852777777777783
2014-05-01 00:00:00 UTC,710,287,257885500,4.0668055555555558
2014-05-01 00:00:00 UTC,710,285,257885500,0.44291666666666668
2014-05-01 00:00:00 UTC,710,285,257128000,1.5438888888888889
2014-05-01 00:00:00 UTC,710,271,257307720,3.4269444444444446
2014-05-01 00:00:00 UTC,710,287,257639500,2.6952777777777777
2014-05-01 00:00:00 UTC,710,286,257639500,0.54555555555555557
2014-05-01 00:00:00 UTC,710,400,273298000,1.5431944444444445
2014-05-01 00:00:00 UTC,710,245,257422420,2.3429166666666665
2014-05-01 00:00:00 UTC,710,249,257422420,1.5519444444444446
2014-05-01 00:00:00 UTC,710,250,257422420,7.8272222222222219
2014-05-01 00:00:00 UTC,710,272,258247000,0.41486111111111112
2014-05-01 00:00:00 UTC,710,271,258247000,0.91708333333333325
2014-05-01 00:00:00 UTC,710,403,273212000,3.9306944444444443
2014-05-01 00:00:00 UTC,710,286,257435500,4.4501388888888895
2014-05-01 00:00:00 UTC,710,285,257435500,1.8093055555555555
2014-05-01 00:00:00 UTC,710,287,257435500,7.6772222222222224
2014-05-01 00:00:00 UTC,710,285,257152620,2.1905555555555551
2014-05-01 00:00:00 UTC,710,287,257152620,2.7923611111111111
2014-05-01 00:00:00 UTC,710,286,257152620,5.8229166666666652
2014-05-01 00:00:00 UTC,710,437,273292400,4.5881944444444445
2014-05-01 00:00:00 UTC,710,435,273292400,5.4809722222222224
2014-05-01 00:00:00 UTC,710,285,257445500,4.536944444444444
2014-05-01 00:00:00 UTC,710,287,257445500,1.953611111111111
2014-05-01 00:00:00 UTC,710,286,257445500,2.7855555555555553
2014-05-01 00:00:00 UTC,710,284,257541500,0.91999999999999993
2014-05-01 00:00:00 UTC,710,287,257541500,1.9726388888888891
2014-05-01 00:00:00 UTC,710,285,257541500,0.75027777777777782
2014-05-01 00:00:00 UTC,710,286,257541500,2.4236111111111112
2014-05-01 00:00:00 UTC,710,403,273331070,1.5472222222222223
2014-05-01 00:00:00 UTC,710,404,273331070,2.3956944444444446
2014-05-01 00:00:00 UTC,710,285,258128000,5.1201388888888877
2014-05-01 00:00:00 UTC,710,286,258128000,5.98361111111111
2014-05-01 00:00:00 UTC,710,287,257594500,0.39694444444444443
2014-05-01 00:00:00 UTC,710,292,257594500,2.5615277777777781
2014-05-01 00:00:00 UTC,710,291,257594500,2.1561111111111115
2014-05-01 00:00:00 UTC,710,263,257774480,0.42388888888888887
2014-05-01 00:00:00 UTC,710,285,257806500,4.8963888888888887
2014-05-01 00:00:00 UTC,710,286,257806500,0.90486111111111112
2014-05-01 00:00:00 UTC,710,404,273298100,3.1056944444444445
2014-05-01 00:00:00 UTC,710,272,257128920,0.94833333333333336
2014-05-01 00:00:00 UTC,710,271,257128920,1.2815277777777778
2014-05-01 00:00:00 UTC,710,261,257588700,7.2045833333333329
2014-05-01 00:00:00 UTC,710,260,257588700,0.44180555555555556
2014-05-01 00:00:00 UTC,710,272,257409500,5.2534722222222223
2014-05-01 00:00:00 UTC,710,404,273445610,5.44875
2014-05-01 00:00:00 UTC,710,272,257963000,0.2336111111111111
2014-05-01 00:00:00 UTC,710,286,257058040,1.8995833333333332
2014-05-01 00:00:00 UTC,710,287,257058040,1.2104166666666667
2014-05-01 00:00:00 UTC,-314,1757,224256000,1.0952777777777778
2014-05-01 00:00:00 UTC,-314,573,225374000,0.70305555555555554
2014-05-01 00:00:00 UTC,-314,374,224049530,1.6545833333333333
2014-05-01 00:00:00 UTC,-314,373,224049530,2.4752777777777779
2014-05-01 00:00:00 UTC,-314,685,224122000,1.5527777777777776
2014-05-01 00:00:00 UTC,-314,78,224084640,1.7570833333333333
2014-05-01 00:00:00 UTC,-314,795,224654000,1.8098611111111111
2014-05-01 00:00:00 UTC,-314,593,224696000,1.8466666666666667
2014-05-01 00:00:00 UTC,-314,587,224696000,0.78541666666666665
2014-05-01 00:00:00 UTC,-314,591,224696000,1.6425
2014-05-01 00:00:00 UTC,-314,590,224696000,1.7965277777777779
2014-05-01 00:00:00 UTC,-314,588,224696000,0.8223611111111111
2014-05-01 00:00:00 UTC,-314,586,224696000,0.77972222222222221
2014-05-01 00:00:00 UTC,-314,589,224696000,1.3872222222222224
2014-05-01 00:00:00 UTC,-58,1591,416004369,4.9323611111111108
2014-05-01 00:00:00 UTC,-58,1592,416004369,2.5622222222222222
2014-05-01 00:00:00 UTC,-58,-969,431704230,3.0193055555555555
2014-05-01 00:00:00 UTC,199,1513,416002441,11.324027777777779
2014-05-01 00:00:00 UTC,455,-13,228185800,0.41125
2014-05-01 00:00:00 UTC,455,-14,228185800,0.70666666666666667
2014-05-01 00:00:00 UTC,711,273,258037000,7.79736111111111
2014-05-01 00:00:00 UTC,711,272,258037000,0.24166666666666667
2014-05-01 00:00:00 UTC,711,237,259285000,5.4443055555555553
2014-05-01 00:00:00 UTC,711,236,259285000,16.459861111111113
2014-05-01 00:00:00 UTC,711,217,273241100,8.5258333333333329
2014-05-01 00:00:00 UTC,711,218,273241100,7.1591666666666667
2014-05-01 00:00:00 UTC,711,285,251222540,0.25805555555555554
2014-05-01 00:00:00 UTC,711,282,257016340,1.4168055555555557
2014-05-01 00:00:00 UTC,711,283,257016340,0.64805555555555561
2014-05-01 00:00:00 UTC,711,283,257215000,0.85166666666666668
2014-05-01 00:00:00 UTC,711,282,257215000,0.4276388888888889
2014-05-01 00:00:00 UTC,711,249,259092000,0.75486111111111109
2014-05-01 00:00:00 UTC,711,250,259092000,0.75652777777777769
2014-05-01 00:00:00 UTC,711,278,257458720,4.280555555555555
2014-05-01 00:00:00 UTC,711,277,257458720,0.28652777777777777
2014-05-01 00:00:00 UTC,711,282,257523500,0.28763888888888889
2014-05-01 00:00:00 UTC,711,281,257326920,2.3855555555555559
2014-05-01 00:00:00 UTC,711,409,273298000,4.7461111111111105
2014-05-01 00:00:00 UTC,711,248,257422420,1.5658333333333334
2014-05-01 00:00:00 UTC,711,247,257422420,1.5526388888888889
2014-05-01 00:00:00 UTC,711,245,257422420,2.3097222222222222
2014-05-01 00:00:00 UTC,711,274,258247000,0.21930555555555556
2014-05-01 00:00:00 UTC,711,273,258247000,5.0687500000000005
2014-05-01 00:00:00 UTC,711,272,258247000,5.31486111111111
2014-05-01 00:00:00 UTC,711,274,257557600,1.452361111111111
2014-05-01 00:00:00 UTC,711,273,257557600,4.141111111111111
2014-05-01 00:00:00 UTC,711,275,257557600,1.4670833333333333
2014-05-01 00:00:00 UTC,711,276,257557600,1.2238888888888888
2014-05-01 00:00:00 UTC,711,276,257441120,0.50680555555555551
2014-05-01 00:00:00 UTC,711,277,257441120,0.24152777777777779
2014-05-01 00:00:00 UTC,711,273,257563500,1.8131944444444446
2014-05-01 00:00:00 UTC,711,274,257563500,0.20944444444444443
2014-05-01 00:00:00 UTC,711,272,257563500,1.5726388888888889
2014-05-01 00:00:00 UTC,711,275,259558000,4.152222222222222
2014-05-01 00:00:00 UTC,711,272,259558000,1.4009722222222223
2014-05-01 00:00:00 UTC,711,273,259558000,2.9283333333333341
2014-05-01 00:00:00 UTC,711,274,259558000,3.7163888888888894
2014-05-01 00:00:00 UTC,711,276,259558000,1.2559722222222223
2014-05-01 00:00:00 UTC,711,272,257850500,3.7063888888888887
2014-05-01 00:00:00 UTC,711,273,257850500,1.7086111111111109
2014-05-01 00:00:00 UTC,711,274,257850500,0.51430555555555557
2014-05-01 00:00:00 UTC,711,276,257218440,0.44638888888888889
2014-05-01 00:00:00 UTC,711,275,257218440,0.40527777777777779
2014-05-01 00:00:00 UTC,711,267,257309840,0.47027777777777779
2014-05-01 00:00:00 UTC,711,264,257774480,1.2579166666666666
2014-05-01 00:00:00 UTC,711,263,257774480,4.115
2014-05-01 00:00:00 UTC,711,276,257174420,0.44638888888888895
2014-05-01 00:00:00 UTC,711,274,257174420,0.26125
2014-05-01 00:00:00 UTC,711,273,257174420,0.74930555555555556
2014-05-01 00:00:00 UTC,711,277,257174420,0.66083333333333338
2014-05-01 00:00:00 UTC,711,282,257126040,5.0069444444444455
2014-05-01 00:00:00 UTC,711,277,257153700,2.4770833333333333
2014-05-01 00:00:00 UTC,711,273,257305000,1.0093055555555557
2014-05-01 00:00:00 UTC,711,275,257305000,3.7533333333333334
2014-05-01 00:00:00 UTC,711,272,257305000,3.5804166666666664
2014-05-01 00:00:00 UTC,711,274,257305000,2.7372222222222224
2014-05-01 00:00:00 UTC,711,284,257554600,0.44319444444444445
2014-05-01 00:00:00 UTC,711,283,257554600,0.5825
2014-05-01 00:00:00 UTC,711,282,257554600,0.49305555555555552
2014-05-01 00:00:00 UTC,711,287,257554600,0.51083333333333325
2014-05-01 00:00:00 UTC,711,285,257554600,0.89125
2014-05-01 00:00:00 UTC,711,286,257554600,0.42874999999999996
2014-05-01 00:00:00 UTC,711,246,257155500,0.39763888888888888
2014-05-01 00:00:00 UTC,711,427,273415090,4.7001388888888886
2014-05-01 00:00:00 UTC,711,283,257326020,5.88402777777778
2014-05-01 00:00:00 UTC,711,277,257064900,1.6722222222222221
2014-05-01 00:00:00 UTC,711,276,257064900,2.3205555555555555
2014-05-01 00:00:00 UTC,711,275,257064900,3.8144444444444447
2014-05-01 00:00:00 UTC,711,272,259447000,1.5790277777777779
2014-05-01 00:00:00 UTC,711,275,259447000,3.921388888888889
2014-05-01 00:00:00 UTC,711,273,259447000,3.8977777777777773
2014-05-01 00:00:00 UTC,711,276,259447000,0.961111111111111
2014-05-01 00:00:00 UTC,711,274,259447000,3.651527777777777
2014-05-01 00:00:00 UTC,711,261,257074140,1.1518055555555555
2014-05-01 00:00:00 UTC,711,274,257409500,1.2083333333333333
2014-05-01 00:00:00 UTC,711,273,257409500,2.2376388888888887
2014-05-01 00:00:00 UTC,711,272,257409500,4.4744444444444449
2014-05-01 00:00:00 UTC,711,260,257117920,0.86166666666666658
2014-05-01 00:00:00 UTC,711,245,259937000,3.0952777777777776
2014-05-01 00:00:00 UTC,711,404,273445610,3.1179166666666669
2014-05-01 00:00:00 UTC,711,272,257963000,10.066666666666666
2014-05-01 00:00:00 UTC,711,274,257963000,0.20277777777777778
2014-05-01 00:00:00 UTC,711,273,257963000,9.9174999999999986
2014-05-01 00:00:00 UTC,-313,575,225374000,2.1529166666666666
2014-05-01 00:00:00 UTC,-313,373,224049530,1.3815277777777777
2014-05-01 00:00:00 UTC,-313,594,416002198,3.0959722222222221
2014-05-01 00:00:00 UTC,-313,81,224084640,1.85
2014-05-01 00:00:00 UTC,-313,83,224084640,1.81375
2014-05-01 00:00:00 UTC,-313,801,224654000,2.5068055555555557
2014-05-01 00:00:00 UTC,-313,796,224654000,6.6069444444444434
2014-05-01 00:00:00 UTC,-313,585,224696000,1.1258333333333332
2014-05-01 00:00:00 UTC,-313,588,224696000,1.607361111111111
2014-05-01 00:00:00 UTC,-57,-966,431704230,2.8988888888888891
2014-05-01 00:00:00 UTC,-57,-965,431704230,0.76083333333333336
2014-05-01 00:00:00 UTC,200,1512,416002441,0.92527777777777787
2014-05-01 00:00:00 UTC,456,136,247051040,3.0083333333333333
2014-05-01 00:00:00 UTC,456,-16,227582000,1.5040277777777777
2014-05-01 00:00:00 UTC,456,-14,227582000,1.3590277777777777
2014-05-01 00:00:00 UTC,456,-15,227582000,5.0318055555555556
2014-05-01 00:00:00 UTC,712,251,259092000,0.89555555555555555
2014-05-01 00:00:00 UTC,712,277,257458720,1.4513888888888888
2014-05-01 00:00:00 UTC,712,278,257458720,0.92902777777777779
2014-05-01 00:00:00 UTC,712,277,257441120,4.1288888888888886
2014-05-01 00:00:00 UTC,712,278,257441120,0.95347222222222228
2014-05-01 00:00:00 UTC,712,441,273292400,2.3833333333333333
2014-05-01 00:00:00 UTC,712,275,257218440,5.554444444444445
2014-05-01 00:00:00 UTC,712,277,257174420,0.42069444444444448
2014-05-01 00:00:00 UTC,712,282,257554600,1.0073611111111112
2014-05-01 00:00:00 UTC,712,278,257554600,1.8754166666666665
2014-05-01 00:00:00 UTC,712,280,257554600,6.9262500000000014
2014-05-01 00:00:00 UTC,712,277,257554600,2.2150000000000003
2014-05-01 00:00:00 UTC,712,279,257554600,5.5912500000000014
2014-05-01 00:00:00 UTC,712,281,257554600,2.8205555555555559
2014-05-01 00:00:00 UTC,712,432,273415090,1.5444444444444443
2014-05-01 00:00:00 UTC,712,433,273415090,7.8815277777777775
2014-05-01 00:00:00 UTC,712,430,273415090,6.9819444444444443
2014-05-01 00:00:00 UTC,712,431,273415090,1.5502777777777776
2014-05-01 00:00:00 UTC,712,448,273297100,5.55486111111111
2014-05-01 00:00:00 UTC,712,447,273297100,3.0741666666666667
2014-05-01 00:00:00 UTC,-312,1756,224256000,1.8475
2014-05-01 00:00:00 UTC,-312,373,224049530,1.8166666666666667
2014-05-01 00:00:00 UTC,-312,799,224654000,0.71097222222222223
2014-05-01 00:00:00 UTC,-312,584,224696000,1.3547222222222222
2014-05-01 00:00:00 UTC,-312,586,224696000,0.946388888888889
2014-05-01 00:00:00 UTC,-56,-1739,416210600,3.7666666666666666
2014-05-01 00:00:00 UTC,-56,1634,440919000,2.751527777777778
2014-05-01 00:00:00 UTC,-56,1636,440919000,0.885
2014-05-01 00:00:00 UTC,-56,1635,440919000,0.79833333333333334
2014-05-01 00:00:00 UTC,201,1512,416002441,0.76666666666666661
2014-05-01 00:00:00 UTC,713,444,273292400,5.5555555555555554
2014-05-01 00:00:00 UTC,713,426,273297100,1.5583333333333333
2014-05-01 00:00:00 UTC,713,428,273297100,1.5402777777777779
2014-05-01 00:00:00 UTC,713,443,273297100,4.70125
2014-05-01 00:00:00 UTC,713,436,273297100,1.5291666666666668
2014-05-01 00:00:00 UTC,713,261,227895000,0.82777777777777772
2014-05-01 00:00:00 UTC,713,262,227895000,0.60430555555555554
2014-05-01 00:00:00 UTC,713,260,232555000,1.8661111111111108
2014-05-01 00:00:00 UTC,713,261,232555000,0.46916666666666668
2014-05-01 00:00:00 UTC,-311,1754,224256000,1.7856944444444445
2014-05-01 00:00:00 UTC,-311,373,224049530,1.5055555555555555
2014-05-01 00:00:00 UTC,-311,372,224049530,1.8347222222222221
2014-05-01 00:00:00 UTC,-311,83,224084640,1.3040277777777778
2014-05-01 00:00:00 UTC,-311,796,224654000,1.5956944444444443
2014-05-01 00:00:00 UTC,-311,585,224696000,0.77222222222222214
2014-05-01 00:00:00 UTC,-311,579,263576000,4.3611111111111116
2014-05-01 00:00:00 UTC,-311,578,263576000,0.76305555555555549
2014-05-01 00:00:00 UTC,-311,577,263576000,0.893888888888889
2014-05-01 00:00:00 UTC,-55,-94,416128800,7.0127777777777771
2014-05-01 00:00:00 UTC,-55,1630,440919000,2.6891666666666669
2014-05-01 00:00:00 UTC,-55,1631,440919000,3.9804166666666667
2014-05-01 00:00:00 UTC,-55,1635,440919000,2.6688888888888886
2014-05-01 00:00:00 UTC,-55,1638,440919000,1.2986111111111112
2014-05-01 00:00:00 UTC,202,-176,245811000,1.1402777777777777
2014-05-01 00:00:00 UTC,202,1512,416002441,4.3538888888888891
2014-05-01 00:00:00 UTC,714,300,231045000,2.3625
2014-05-01 00:00:00 UTC,714,298,231045000,1.5768055555555556
2014-05-01 00:00:00 UTC,714,259,231045000,0.22388888888888889
2014-05-01 00:00:00 UTC,714,427,273297100,5.5008333333333335
2014-05-01 00:00:00 UTC,714,426,273297100,1.5541666666666667
2014-05-01 00:00:00 UTC,714,264,259106000,0.84861111111111109
2014-05-01 00:00:00 UTC,714,265,259106000,1.0105555555555554
2014-05-01 00:00:00 UTC,714,268,259106000,0.44527777777777777
2014-05-01 00:00:00 UTC,714,259,259106000,2.1416666666666666
2014-05-01 00:00:00 UTC,714,262,259106000,0.62805555555555559
2014-05-01 00:00:00 UTC,714,260,259106000,1.5141666666666667
2014-05-01 00:00:00 UTC,714,263,259106000,2.6923611111111114
2014-05-01 00:00:00 UTC,714,266,259106000,1.003611111111111
2014-05-01 00:00:00 UTC,714,267,259106000,0.79902777777777789
2014-05-01 00:00:00 UTC,714,261,259106000,1.3523611111111111
2014-05-01 00:00:00 UTC,714,262,227895000,3.1483333333333334
2014-05-01 00:00:00 UTC,714,259,227895000,2.2070833333333333
2014-05-01 00:00:00 UTC,714,261,227895000,2.0011111111111113
2014-05-01 00:00:00 UTC,714,260,227895000,2.5527777777777776
2014-05-01 00:00:00 UTC,714,264,232555000,1.3654166666666667
2014-05-01 00:00:00 UTC,714,260,232555000,5.059861111111112
2014-05-01 00:00:00 UTC,714,266,232555000,0.91194444444444445
2014-05-01 00:00:00 UTC,714,265,232555000,1.1802777777777778
2014-05-01 00:00:00 UTC,714,259,232555000,1.6984722222222222
2014-05-01 00:00:00 UTC,714,263,232555000,0.73041666666666671
2014-05-01 00:00:00 UTC,714,262,232555000,2.6944444444444446
2014-05-01 00:00:00 UTC,714,261,232555000,0.83375
2014-05-01 00:00:00 UTC,-566,-693,725011900,3.1234722222222224
2014-05-01 00:00:00 UTC,-566,-692,725011900,0.89875000000000016
2014-05-01 00:00:00 UTC,-310,1753,224256000,1.8780555555555556
2014-05-01 00:00:00 UTC,-310,374,224049530,0.91736111111111107
2014-05-01 00:00:00 UTC,-310,83,224084640,0.48013888888888889
2014-05-01 00:00:00 UTC,-310,796,224654000,0.88041666666666674
2014-05-01 00:00:00 UTC,-310,576,263576000,0.32125000000000004
2014-05-01 00:00:00 UTC,-310,581,263576000,1.6845833333333333
2014-05-01 00:00:00 UTC,-310,575,263576000,0.77861111111111114
2014-05-01 00:00:00 UTC,-310,577,263576000,0.80472222222222212
2014-05-01 00:00:00 UTC,-54,1633,440919000,2.9591666666666669
2014-05-01 00:00:00 UTC,-54,1632,440919000,4.4077777777777776
2014-05-01 00:00:00 UTC,-54,1634,440919000,0.93055555555555558
2014-05-01 00:00:00 UTC,-54,1640,440919000,1.7322222222222221
2014-05-01 00:00:00 UTC,-54,1657,440801000,3.0025
2014-05-01 00:00:00 UTC,203,-176,245811000,7.0330555555555554
2014-05-01 00:00:00 UTC,203,-176,277330000,4.4172222222222226
2014-05-01 00:00:00 UTC,459,-1242,367197230,1.0450000000000002
2014-05-01 00:00:00 UTC,459,-1244,367197230,0.11652777777777779
2014-05-01 00:00:00 UTC,459,-1243,367197230,0.37458333333333332
2014-05-01 00:00:00 UTC,715,251,231751000,1.8422222222222224
2014-05-01 00:00:00 UTC,715,255,231751000,4.7236111111111114
2014-05-01 00:00:00 UTC,715,307,231045000,1.550138888888889
2014-05-01 00:00:00 UTC,715,304,231045000,3.873472222222222
2014-05-01 00:00:00 UTC,715,306,231045000,4.7043055555555551
2014-05-01 00:00:00 UTC,715,300,231045000,1.5581944444444444
2014-05-01 00:00:00 UTC,715,305,231045000,1.5486111111111112
2014-05-01 00:00:00 UTC,715,301,231045000,1.5387499999999998
2014-05-01 00:00:00 UTC,715,302,231045000,1.5438888888888889
2014-05-01 00:00:00 UTC,715,252,231066000,1.527222222222222
2014-05-01 00:00:00 UTC,715,249,231066000,1.5347222222222223
2014-05-01 00:00:00 UTC,715,255,259106000,1.5304166666666668
2014-05-01 00:00:00 UTC,715,260,259106000,0.63763888888888887
2014-05-01 00:00:00 UTC,715,259,259106000,0.40722222222222221
2014-05-01 00:00:00 UTC,715,258,259106000,0.99194444444444452
2014-05-01 00:00:00 UTC,715,256,227895000,0.42611111111111111
2014-05-01 00:00:00 UTC,715,257,227895000,0.99458333333333337
2014-05-01 00:00:00 UTC,715,261,227895000,1.526388888888889
2014-05-01 00:00:00 UTC,715,258,227895000,2.8126388888888889
2014-05-01 00:00:00 UTC,715,260,227895000,3.8569444444444443
2014-05-01 00:00:00 UTC,715,259,227895000,2.8113888888888887
2014-05-01 00:00:00 UTC,-565,-694,725011900,0.8059722222222222
2014-05-01 00:00:00 UTC,-309,374,224049530,0.7451388888888888
2014-05-01 00:00:00 UTC,-309,375,224049530,0.48472222222222222
2014-05-01 00:00:00 UTC,-309,83,224084640,0.82652777777777775
2014-05-01 00:00:00 UTC,-309,581,263576000,2.3794444444444443
2014-05-01 00:00:00 UTC,-309,574,263576000,2.425416666666667
2014-05-01 00:00:00 UTC,-53,1634,440919000,1.0945833333333332
2014-05-01 00:00:00 UTC,-53,1657,440801000,0.92361111111111116
2014-05-01 00:00:00 UTC,-53,1656,440801000,1.8520833333333333
2014-05-01 00:00:00 UTC,204,-176,245811000,2.9393055555555558
2014-05-01 00:00:00 UTC,204,-178,224370000,1.1165277777777778
2014-05-01 00:00:00 UTC,204,-176,277330000,6.7004166666666665
2014-05-01 00:00:00 UTC,204,-177,277330000,1.6165277777777778
2014-05-01 00:00:00 UTC,460,-1242,367197230,0.85111111111111115
2014-05-01 00:00:00 UTC,460,-1243,367197230,0.21888888888888891
2014-05-01 00:00:00 UTC,460,-1246,367197230,0.21944444444444444
2014-05-01 00:00:00 UTC,460,-1245,367197230,5.2899999999999991
2014-05-01 00:00:00 UTC,460,-1244,367197230,0.3833333333333333
2014-05-01 00:00:00 UTC,716,250,231751000,3.1084722222222223
2014-05-01 00:00:00 UTC,716,247,231066000,2.3908333333333331
2014-05-01 00:00:00 UTC,716,252,231066000,1.5162499999999999
2014-05-01 00:00:00 UTC,716,254,231066000,4.734861111111111
2014-05-01 00:00:00 UTC,716,253,259106000,1.5973611111111112
2014-05-01 00:00:00 UTC,716,252,259106000,1.53625
2014-05-01 00:00:00 UTC,716,250,259106000,3.1788888888888889
2014-05-01 00:00:00 UTC,716,255,259106000,1.8377777777777777
2014-05-01 00:00:00 UTC,-308,376,224049530,0.78611111111111109
2014-05-01 00:00:00 UTC,-308,375,224049530,0.43125
2014-05-01 00:00:00 UTC,-308,580,263576000,2.4776388888888889
2014-05-01 00:00:00 UTC,-308,579,263576000,1.3268055555555556
2014-05-01 00:00:00 UTC,-308,577,263576000,3.6472222222222221
2014-05-01 00:00:00 UTC,-308,581,263576000,0.77055555555555555
2014-05-01 00:00:00 UTC,-308,433,224556000,3.1793055555555552
2014-05-01 00:00:00 UTC,-52,1605,440885000,0.79097222222222219
2014-05-01 00:00:00 UTC,-52,1630,440935000,1.3754166666666667
2014-05-01 00:00:00 UTC,-52,1629,440935000,1.9156944444444444
2014-05-01 00:00:00 UTC,-52,1650,440801000,1.8634722222222222
2014-05-01 00:00:00 UTC,-52,1653,440801000,2.0634722222222219
2014-05-01 00:00:00 UTC,-52,1655,440801000,1.6888888888888889
2014-05-01 00:00:00 UTC,-52,1651,440801000,1.8995833333333332
2014-05-01 00:00:00 UTC,-52,1652,440801000,1.78375
2014-05-01 00:00:00 UTC,-52,1654,440801000,1.7219444444444445
2014-05-01 00:00:00 UTC,-52,1656,440801000,0.66680555555555554
2014-05-01 00:00:00 UTC,461,-20,228367000,0.67319444444444443
2014-05-01 00:00:00 UTC,461,-21,228367000,0.43333333333333329
2014-05-01 00:00:00 UTC,461,-18,228888000,4.8533333333333326
2014-05-01 00:00:00 UTC,461,-17,228888000,1.6030555555555557
2014-05-01 00:00:00 UTC,717,246,259562000,1.5387499999999998
2014-05-01 00:00:00 UTC,717,250,231751000,3.0876388888888888
2014-05-01 00:00:00 UTC,717,251,231066000,2.3193055555555557
2014-05-01 00:00:00 UTC,-563,-668,725000261,5.4484722222222217
2014-05-01 00:00:00 UTC,-307,377,224049530,0.76111111111111107
2014-05-01 00:00:00 UTC,-307,50,224335000,4.5980555555555558
2014-05-01 00:00:00 UTC,-307,432,224556000,0.77902777777777776
2014-05-01 00:00:00 UTC,-51,1603,440885000,0.93486111111111114
2014-05-01 00:00:00 UTC,-51,1601,440885000,2.2247222222222223
2014-05-01 00:00:00 UTC,-51,1602,440885000,1.7180555555555554
2014-05-01 00:00:00 UTC,-51,1604,440885000,2.8026388888888887
2014-05-01 00:00:00 UTC,-51,1606,440885000,0.89444444444444438
2014-05-01 00:00:00 UTC,-51,1624,440703000,0.87513888888888891
2014-05-01 00:00:00 UTC,-51,1630,440935000,4.2968055555555553
2014-05-01 00:00:00 UTC,-51,1629,440935000,1.7447222222222221
2014-05-01 00:00:00 UTC,-51,1656,440801000,0.6875
2014-05-01 00:00:00 UTC,-51,1654,440801000,2.6152777777777776
2014-05-01 00:00:00 UTC,-51,1651,440801000,1.8401388888888888
2014-05-01 00:00:00 UTC,-51,1650,440801000,1.8380555555555556
2014-05-01 00:00:00 UTC,-51,1653,440801000,0.78111111111111109
2014-05-01 00:00:00 UTC,206,-174,277330000,0.785
2014-05-01 00:00:00 UTC,206,1091,412479151,2.8113888888888887
2014-05-01 00:00:00 UTC,462,-19,227893000,13.224305555555555
2014-05-01 00:00:00 UTC,462,-18,228393000,0.38805555555555554
2014-05-01 00:00:00 UTC,462,-1243,367187080,0.23833333333333331
2014-05-01 00:00:00 UTC,462,-1244,367187080,0.90527777777777774
2014-05-01 00:00:00 UTC,462,-1246,367187080,2.1090277777777775
2014-05-01 00:00:00 UTC,462,-1245,367187080,2.8211111111111111
2014-05-01 00:00:00 UTC,462,-1246,367070360,1.4222222222222225
2014-05-01 00:00:00 UTC,462,-1243,367070360,0.30986111111111114
2014-05-01 00:00:00 UTC,462,-1244,367070360,0.7088888888888889
2014-05-01 00:00:00 UTC,462,-1245,367070360,2.9459722222222227
2014-05-01 00:00:00 UTC,462,-20,228367000,1.316111111111111
2014-05-01 00:00:00 UTC,462,-18,228888000,7.3843055555555539
2014-05-01 00:00:00 UTC,462,-19,228888000,2.4205555555555556
2014-05-01 00:00:00 UTC,718,245,259562000,1.5481944444444444
2014-05-01 00:00:00 UTC,718,244,259562000,1.0386111111111112
2014-05-01 00:00:00 UTC,718,243,259562000,2.0626388888888889
2014-05-01 00:00:00 UTC,718,250,231751000,1.5625
2014-05-01 00:00:00 UTC,718,250,231066000,2.3825
2014-05-01 00:00:00 UTC,-562,-666,725000261,0.872361111111111
2014-05-01 00:00:00 UTC,-562,-665,725000261,0.70527777777777778
2014-05-01 00:00:00 UTC,-562,-667,725000261,0.68444444444444441
2014-05-01 00:00:00 UTC,-306,377,224049530,2.4906944444444448
2014-05-01 00:00:00 UTC,-306,42,224335000,6.2531944444444445
2014-05-01 00:00:00 UTC,-306,432,224556000,1.1808333333333332
2014-05-01 00:00:00 UTC,-50,1608,440885000,3.6822222222222223
2014-05-01 00:00:00 UTC,-50,1605,440885000,1.757222222222222
2014-05-01 00:00:00 UTC,-50,1606,440885000,2.0095833333333335
2014-05-01 00:00:00 UTC,-50,1607,440885000,1.0688888888888888
2014-05-01 00:00:00 UTC,-50,1625,440703000,0.78861111111111115
2014-05-01 00:00:00 UTC,-50,1624,440703000,2.254027777777778
2014-05-01 00:00:00 UTC,-50,1626,440703000,0.96958333333333324
2014-05-01 00:00:00 UTC,-50,1629,440935000,2.8304166666666668
2014-05-01 00:00:00 UTC,-50,1630,440935000,4.505694444444444
2014-05-01 00:00:00 UTC,-50,1631,416221900,0.79138888888888881
2014-05-01 00:00:00 UTC,-50,1628,416221900,2.1873611111111111
2014-05-01 00:00:00 UTC,-50,1630,416221900,1.8191666666666666
2014-05-01 00:00:00 UTC,207,1093,100700227,2.1295833333333336
2014-05-01 00:00:00 UTC,207,1092,100700227,1.3250000000000002
2014-05-01 00:00:00 UTC,207,-174,277330000,0.79458333333333331
2014-05-01 00:00:00 UTC,207,1095,412480167,11.837222222222218
2014-05-01 00:00:00 UTC,207,1096,412480167,0.81680555555555556
2014-05-01 00:00:00 UTC,207,1091,412479151,4.074583333333333
2014-05-01 00:00:00 UTC,207,1091,412479152,3.1134722222222222
2014-05-01 00:00:00 UTC,463,-19,227893000,0.42319444444444443
2014-05-01 00:00:00 UTC,463,-18,228393000,0.41041666666666665
2014-05-01 00:00:00 UTC,463,-1248,367307820,0.23666666666666669
2014-05-01 00:00:00 UTC,463,-1246,367197230,5.8247222222222224
2014-05-01 00:00:00 UTC,463,-20,228367000,0.21375
2014-05-01 00:00:00 UTC,463,-19,228367000,1.1133333333333333
2014-05-01 00:00:00 UTC,463,-18,228888000,0.89777777777777779
2014-05-01 00:00:00 UTC,463,-19,228888000,0.62611111111111106
2014-05-01 00:00:00 UTC,463,-29,227852000,0.80388888888888888
2014-05-01 00:00:00 UTC,719,241,259562000,4.7279166666666663
2014-05-01 00:00:00 UTC,719,242,259562000,1.5365277777777777
2014-05-01 00:00:00 UTC,719,251,231066000,2.3152777777777778
2014-05-01 00:00:00 UTC,719,250,231066000,1.5402777777777779
2014-05-01 00:00:00 UTC,-561,-667,725015600,5.6091666666666669
2014-05-01 00:00:00 UTC,-561,-665,725000261,0.88208333333333333
2014-05-01 00:00:00 UTC,-305,791,224371000,0.78486111111111112
2014-05-01 00:00:00 UTC,-305,792,224371000,0.83458333333333323
2014-05-01 00:00:00 UTC,-305,50,224335000,0.95027777777777778
2014-05-01 00:00:00 UTC,-49,1626,440703000,1.6400000000000001
2014-05-01 00:00:00 UTC,-49,1629,440935000,4.7311111111111108
2014-05-01 00:00:00 UTC,-49,1630,440935000,0.87652777777777779
2014-05-01 00:00:00 UTC,-49,-371,710000020,1.3608333333333333
2014-05-01 00:00:00 UTC,-49,1633,416221900,2.1061111111111113
2014-05-01 00:00:00 UTC,-49,1629,416221900,1.4830555555555556
2014-05-01 00:00:00 UTC,-49,1631,416221900,0.81694444444444436
2014-05-01 00:00:00 UTC,-49,1628,416221900,0.88513888888888892
2014-05-01 00:00:00 UTC,-49,1632,416221900,0.89611111111111108
2014-05-01 00:00:00 UTC,208,1093,100700227,3.14125
2014-05-01 00:00:00 UTC,208,1091,100700227,1.7181944444444446
2014-05-01 00:00:00 UTC,208,1092,100700227,0.43319444444444444
2014-05-01 00:00:00 UTC,208,1092,100700241,6.2177777777777763
2014-05-01 00:00:00 UTC,208,1093,100700241,0.53194444444444455
2014-05-01 00:00:00 UTC,208,1091,100700241,1.0477777777777777
2014-05-01 00:00:00 UTC,208,1094,412479596,10.642222222222221
2014-05-01 00:00:00 UTC,208,1093,412479596,4.2295833333333333
2014-05-01 00:00:00 UTC,208,1094,412480167,1.173888888888889
2014-05-01 00:00:00 UTC,208,1095,412480167,1.89125
2014-05-01 00:00:00 UTC,208,1091,412479151,0.38652777777777775
2014-05-01 00:00:00 UTC,208,1090,412479151,7.6850000000000005
2014-05-01 00:00:00 UTC,208,1091,412479152,3.0720833333333335
2014-05-01 00:00:00 UTC,464,-19,226004000,7.2954166666666662
2014-05-01 00:00:00 UTC,464,-20,228209700,0.4425
2014-05-01 00:00:00 UTC,464,-21,228209700,0.21333333333333332
2014-05-01 00:00:00 UTC,464,-1245,367197230,4.3441666666666663
2014-05-01 00:00:00 UTC,464,-538,316006970,0.67277777777777781
2014-05-01 00:00:00 UTC,464,-19,227419000,0.20680555555555558
2014-05-01 00:00:00 UTC,464,-19,228273800,1.1722222222222221
2014-05-01 00:00:00 UTC,464,-18,228273800,2.6152777777777776
2014-05-01 00:00:00 UTC,720,239,259562000,1.5462500000000001
2014-05-01 00:00:00 UTC,720,240,259562000,3.915
2014-05-01 00:00:00 UTC,720,280,259647000,3.0904166666666666
2014-05-01 00:00:00 UTC,720,281,259647000,1.5945833333333335
2014-05-01 00:00:00 UTC,-304,399,224197150,0.77638888888888891
2014-05-01 00:00:00 UTC,-304,401,224197150,4.7986111111111107
2014-05-01 00:00:00 UTC,-304,790,224371000,2.0933333333333333
2014-05-01 00:00:00 UTC,-304,50,224335000,0.7861111111111112
2014-05-01 00:00:00 UTC,-304,431,224556000,1.415
2014-05-01 00:00:00 UTC,-48,1626,440703000,2.1698611111111106
2014-05-01 00:00:00 UTC,-48,1625,440703000,2.6444444444444444
2014-05-01 00:00:00 UTC,-48,1631,440935000,1.8872222222222221
2014-05-01 00:00:00 UTC,-48,1630,440935000,1.0736111111111111
2014-05-01 00:00:00 UTC,-48,1632,416221900,0.91125000000000023
2014-05-01 00:00:00 UTC,-48,1631,416221900,1.7987499999999998
2014-05-01 00:00:00 UTC,-48,1633,416221900,1.8230555555555554
2014-05-01 00:00:00 UTC,209,1106,412479262,0.69958333333333333
2014-05-01 00:00:00 UTC,209,1105,412479262,0.32166666666666666
2014-05-01 00:00:00 UTC,209,1092,412479529,1.4819444444444445
2014-05-01 00:00:00 UTC,209,1093,412479529,10.53222222222222
2014-05-01 00:00:00 UTC,209,1093,100700241,1.722777777777778
2014-05-01 00:00:00 UTC,209,1094,412479596,1.4581944444444446
2014-05-01 00:00:00 UTC,209,1095,412479596,0.61125000000000007
2014-05-01 00:00:00 UTC,209,1092,412479612,16.811805555555555
2014-05-01 00:00:00 UTC,209,1093,412479613,1.5043055555555556
2014-05-01 00:00:00 UTC,209,1092,412479613,14.41236111111111
2014-05-01 00:00:00 UTC,209,1090,412479152,7.9
2014-05-01 00:00:00 UTC,209,1091,412479152,3.2127777777777777
2014-05-01 00:00:00 UTC,209,1105,412480195,3.4722222222222219
2014-05-01 00:00:00 UTC,465,-21,228209700,0.40916666666666668
2014-05-01 00:00:00 UTC,465,-23,228209700,0.49291666666666667
2014-05-01 00:00:00 UTC,465,-24,228209700,4.7169444444444446
2014-05-01 00:00:00 UTC,465,-22,228209700,0.44819444444444445
2014-05-01 00:00:00 UTC,465,-1248,367307820,1.91125
2014-05-01 00:00:00 UTC,465,-1247,367307820,2.5020833333333332
2014-05-01 00:00:00 UTC,465,-1246,367307820,3.0581944444444447
2014-05-01 00:00:00 UTC,465,-538,316006970,0.2375
2014-05-01 00:00:00 UTC,721,281,259647000,7.0380555555555553
2014-05-01 00:00:00 UTC,721,282,259647000,1.5768055555555556
2014-05-01 00:00:00 UTC,-303,392,224197150,3.0834722222222219
2014-05-01 00:00:00 UTC,-303,394,224197150,1.8526388888888889
2014-05-01 00:00:00 UTC,-303,398,224197150,0.92222222222222228
2014-05-01 00:00:00 UTC,-303,397,224197150,1.5081944444444444
2014-05-01 00:00:00 UTC,-303,50,224335000,0.67888888888888888
2014-05-01 00:00:00 UTC,-303,43,224335000,2.2819444444444441
2014-05-01 00:00:00 UTC,-303,41,224335000,2.958333333333333
2014-05-01 00:00:00 UTC,-47,1625,440703000,1.7237500000000001
2014-05-01 00:00:00 UTC,-47,1626,440703000,1.1836111111111112
2014-05-01 00:00:00 UTC,-47,1634,416221900,3.7630555555555554
2014-05-01 00:00:00 UTC,210,1106,412476428,7.8145833333333332
2014-05-01 00:00:00 UTC,210,1107,412476428,4.3954166666666659
2014-05-01 00:00:00 UTC,210,1092,468888851,12.891666666666669
2014-05-01 00:00:00 UTC,210,1106,412468505,1.8298611111111112
2014-05-01 00:00:00 UTC,210,1093,412479529,0.95958333333333345
2014-05-01 00:00:00 UTC,210,1094,412479529,10.061666666666667
2014-05-01 00:00:00 UTC,210,1092,236666666,2.2736111111111112
2014-05-01 00:00:00 UTC,210,1106,412476481,0.17430555555555555
2014-05-01 00:00:00 UTC,210,1092,800036932,0.20833333333333334
2014-05-01 00:00:00 UTC,210,1092,800033861,18.215555555555554
2014-05-01 00:00:00 UTC,210,1086,800030802,11.899722222222223
2014-05-01 00:00:00 UTC,210,1090,997752950,1.8562499999999997
2014-05-01 00:00:00 UTC,210,1093,412473466,0.22402777777777777
2014-05-01 00:00:00 UTC,210,1092,412479612,3.9952777777777784
2014-05-01 00:00:00 UTC,210,1092,412479613,3.252361111111111
2014-05-01 00:00:00 UTC,210,1106,412480383,0.15069444444444444
2014-05-01 00:00:00 UTC,210,1092,413201302,13.759305555555557
2014-05-01 00:00:00 UTC,210,1091,997753504,0.21875
2014-05-01 00:00:00 UTC,210,1092,997753504,17.258611111111112
2014-05-01 00:00:00 UTC,210,1091,412479152,0.80388888888888888
2014-05-01 00:00:00 UTC,210,1090,412479152,0.74861111111111112
2014-05-01 00:00:00 UTC,210,1106,800032962,1.1247222222222222
2014-05-01 00:00:00 UTC,210,1093,800002250,2.2227777777777775
2014-05-01 00:00:00 UTC,466,-1246,367307820,0.73208333333333342
2014-05-01 00:00:00 UTC,722,281,259647000,1.5472222222222223
2014-05-01 00:00:00 UTC,-302,781,224371000,3.0779166666666664
2014-05-01 00:00:00 UTC,-302,786,224371000,2.9486111111111111
2014-05-01 00:00:00 UTC,-302,788,224371000,2.100138888888889
2014-05-01 00:00:00 UTC,-302,42,224335000,1.6318055555555555
2014-05-01 00:00:00 UTC,-302,50,224335000,1.1086111111111112
2014-05-01 00:00:00 UTC,-302,430,224556000,1.4566666666666666
2014-05-01 00:00:00 UTC,-302,365,204235000,1.90125
2014-05-01 00:00:00 UTC,-302,364,204235000,1.8015277777777778
2014-05-01 00:00:00 UTC,-46,1625,440703000,3.9622222222222221
2014-05-01 00:00:00 UTC,-46,1626,440703000,0.86249999999999993
2014-05-01 00:00:00 UTC,211,1106,412476428,2.137777777777778
2014-05-01 00:00:00 UTC,211,1107,412476428,2.5704166666666666
2014-05-01 00:00:00 UTC,211,1089,999755029,4.8675
2014-05-01 00:00:00 UTC,211,1090,999755029,4.1791666666666663
2014-05-01 00:00:00 UTC,211,1092,201200922,1.0005555555555556
2014-05-01 00:00:00 UTC,211,1090,413009966,7.1645833333333346
2014-05-01 00:00:00 UTC,211,1091,413009966,0.83944444444444444
2014-05-01 00:00:00 UTC,211,1090,201210158,4.2822222222222219
2014-05-01 00:00:00 UTC,211,1091,201210158,2.7106944444444445
2014-05-01 00:00:00 UTC,211,1095,412479796,1.7430555555555556
2014-05-01 00:00:00 UTC,211,1092,412777790,7.9863888888888876
2014-05-01 00:00:00 UTC,211,1091,412777790,2.5205555555555561
2014-05-01 00:00:00 UTC,211,1106,412476481,14.127361111111108
2014-05-01 00:00:00 UTC,211,1107,412476481,1.8709722222222223
2014-05-01 00:00:00 UTC,211,1092,800036932,17.733611111111113
2014-05-01 00:00:00 UTC,211,1091,800036932,0.26680555555555552
2014-05-01 00:00:00 UTC,211,1106,412468574,18.917638888888892
2014-05-01 00:00:00 UTC,211,1107,412468574,0.9244444444444444
2014-05-01 00:00:00 UTC,211,1106,412468575,20.270833333333336
2014-05-01 00:00:00 UTC,211,1107,412468575,0.83361111111111108
2014-05-01 00:00:00 UTC,211,1089,412479588,2.1901388888888889
2014-05-01 00:00:00 UTC,211,1092,412464744,8.4830555555555556
2014-05-01 00:00:00 UTC,211,1090,997752950,6.50652777777778
2014-05-01 00:00:00 UTC,211,1093,412473466,14.188333333333333
2014-05-01 00:00:00 UTC,211,1106,412480383,2.2318055555555558
2014-05-01 00:00:00 UTC,211,1091,999800194,8.93736111111111
2014-05-01 00:00:00 UTC,211,1092,999800194,2.2148611111111114
2014-05-01 00:00:00 UTC,211,1509,416002441,5.0416666666666661
2014-05-01 00:00:00 UTC,211,1106,412480444,2.938333333333333
2014-05-01 00:00:00 UTC,211,1092,800034247,7.3900000000000006
2014-05-01 00:00:00 UTC,211,1091,800034247,0.88666666666666671
2014-05-01 00:00:00 UTC,211,1093,800002250,12.090972222222222
2014-05-01 00:00:00 UTC,211,1092,800002250,0.41902777777777778
2014-05-01 00:00:00 UTC,211,1092,999801043,1.3584722222222223
2014-05-01 00:00:00 UTC,211,1092,134567895,8.9459722222222222
2014-05-01 00:00:00 UTC,211,1090,201303018,5.0934722222222222
2014-05-01 00:00:00 UTC,211,1091,201303018,2.8422222222222224
2014-05-01 00:00:00 UTC,211,1092,140100083,16.705555555555552
2014-05-01 00:00:00 UTC,467,-1246,367307820,0.38791666666666669
2014-05-01 00:00:00 UTC,467,-1246,367037240,0.29097222222222224
2014-05-01 00:00:00 UTC,467,-1245,367037240,1.0686111111111112
2014-05-01 00:00:00 UTC,467,-1247,367479750,0.67180555555555554
2014-05-01 00:00:00 UTC,467,-35,228802000,7.2250000000000005
2014-05-01 00:00:00 UTC,723,281,259647000,4.6400000000000006
2014-05-01 00:00:00 UTC,723,282,259647000,4.7040277777777781
2014-05-01 00:00:00 UTC,723,249,259247000,2.3125
2014-05-01 00:00:00 UTC,-557,-359,512027000,6.2695833333333333
2014-05-01 00:00:00 UTC,-557,-360,512027000,4.6395833333333343
2014-05-01 00:00:00 UTC,-301,781,224371000,2.4315277777777777
2014-05-01 00:00:00 UTC,-301,779,224371000,1.6526388888888885
2014-05-01 00:00:00 UTC,-301,314,224096840,0.22041666666666668
2014-05-01 00:00:00 UTC,-301,313,224096840,0.32916666666666666
2014-05-01 00:00:00 UTC,-301,47,224335000,2.2361111111111112
2014-05-01 00:00:00 UTC,-301,780,235006880,3.941527777777778
2014-05-01 00:00:00 UTC,-301,776,235006880,5.3095833333333333
2014-05-01 00:00:00 UTC,-301,368,204235000,2.4027777777777777
2014-05-01 00:00:00 UTC,-301,363,204235000,1.2850000000000001
2014-05-01 00:00:00 UTC,-301,369,204235000,1.1054166666666667
2014-05-01 00:00:00 UTC,-45,1623,440703000,3.6026388888888885
2014-05-01 00:00:00 UTC,-45,1624,440703000,1.8001388888888887
2014-05-01 00:00:00 UTC,-45,1634,416221900,5.4843055555555562
2014-05-01 00:00:00 UTC,-45,1741,538060008,0.23277777777777778
2014-05-01 00:00:00 UTC,212,1090,999755029,0.2688888888888889
2014-05-01 00:00:00 UTC,212,1089,999755029,1.2044444444444444
2014-05-01 00:00:00 UTC,212,1092,413009966,1.4694444444444446
2014-05-01 00:00:00 UTC,212,1091,201210158,3.360694444444444
2014-05-01 00:00:00 UTC,212,1096,412479796,3.8441666666666667
2014-05-01 00:00:00 UTC,212,1095,412479796,0.82194444444444448
2014-05-01 00:00:00 UTC,212,1091,412777790,7.8979166666666671
2014-05-01 00:00:00 UTC,212,1107,412476481,0.64305555555555549
2014-05-01 00:00:00 UTC,212,1106,412476481,0.97902777777777783
2014-05-01 00:00:00 UTC,212,1089,412479588,16.342222222222222
2014-05-01 00:00:00 UTC,212,1090,997752950,2.11625
2014-05-01 00:00:00 UTC,212,1091,999800194,0.21583333333333332
2014-05-01 00:00:00 UTC,212,1092,201308158,8.6602777777777771
2014-05-01 00:00:00 UTC,468,-1246,367037240,2.2673611111111112
2014-05-01 00:00:00 UTC,468,-1248,367479750,1.2722222222222221
2014-05-01 00:00:00 UTC,468,-1247,367479750,1.5720833333333333
2014-05-01 00:00:00 UTC,724,247,259247000,7.40875
2014-05-01 00:00:00 UTC,724,248,259247000,4.7056944444444442
2014-05-01 00:00:00 UTC,-556,-360,512027000,10.21125
2014-05-01 00:00:00 UTC,-556,-359,512027000,0.15444444444444444
2014-05-01 00:00:00 UTC,-300,384,224197150,2.9679166666666665
2014-05-01 00:00:00 UTC,-300,389,224197150,4.2822222222222219
2014-05-01 00:00:00 UTC,-300,383,224197150,3.0887500000000006
2014-05-01 00:00:00 UTC,-300,312,224096840,3.0076388888888888
2014-05-01 00:00:00 UTC,-300,774,235006880,2.9875000000000003
2014-05-01 00:00:00 UTC,-300,775,235006880,2.1625
2014-05-01 00:00:00 UTC,-300,429,224556000,1.7984722222222222
2014-05-01 00:00:00 UTC,-300,369,204235000,1.347083333333333
2014-05-01 00:00:00 UTC,-300,363,204235000,2.4513888888888893
2014-05-01 00:00:00 UTC,-300,365,204235000,1.788888888888889
2014-05-01 00:00:00 UTC,213,1091,413884466,18.170138888888886
2014-05-01 00:00:00 UTC,213,1090,800034247,0.24208333333333332
2014-05-01 00:00:00 UTC,213,1083,200005855,1.2040277777777777
2014-05-01 00:00:00 UTC,213,1081,200005855,7.4180555555555552
2014-05-01 00:00:00 UTC,213,1092,201308158,6.4030555555555555
2014-05-01 00:00:00 UTC,469,-465,261383000,14.512499999999996
2014-05-01 00:00:00 UTC,469,-1247,367528590,0.27888888888888891
2014-05-01 00:00:00 UTC,469,-1248,367528590,1.6509722222222223
2014-05-01 00:00:00 UTC,469,-1248,367479750,0.42402777777777778
2014-05-01 00:00:00 UTC,725,248,259247000,3.6769444444444446
2014-05-01 00:00:00 UTC,725,247,259247000,2.1933333333333338
2014-05-01 00:00:00 UTC,-555,-360,512027000,0.77097222222222228
2014-05-01 00:00:00 UTC,-299,779,224371000,2.1802777777777775
2014-05-01 00:00:00 UTC,-299,312,224096840,7.2016666666666671
2014-05-01 00:00:00 UTC,-299,780,235006880,5.3637500000000005
2014-05-01 00:00:00 UTC,-299,779,235006880,2.8851388888888891
2014-05-01 00:00:00 UTC,-299,366,204235000,1.5069444444444446
2014-05-01 00:00:00 UTC,-299,368,204235000,0.75416666666666665
2014-05-01 00:00:00 UTC,214,1115,412477202,13.178333333333335
2014-05-01 00:00:00 UTC,214,1116,412477202,2.9863888888888885
2014-05-01 00:00:00 UTC,214,1119,412477217,1.8205555555555555
2014-05-01 00:00:00 UTC,214,1118,412477217,3.0677777777777782
2014-05-01 00:00:00 UTC,214,1118,412477259,2.8713888888888888
2014-05-01 00:00:00 UTC,214,1117,412477259,2.2388888888888889
2014-05-01 00:00:00 UTC,214,1118,412478034,8.3997222222222234
2014-05-01 00:00:00 UTC,214,1117,412478034,2.2383333333333333
2014-05-01 00:00:00 UTC,214,1118,412477307,0.275
2014-05-01 00:00:00 UTC,214,1117,412478087,5.0125
2014-05-01 00:00:00 UTC,214,1086,999716005,1.3219444444444446
2014-05-01 00:00:00 UTC,214,1085,999716005,10.271111111111109
2014-05-01 00:00:00 UTC,214,1082,200005855,4.2365277777777779
2014-05-01 00:00:00 UTC,214,1083,200005855,2.2381944444444444
2014-05-01 00:00:00 UTC,214,1081,200005855,1.3061111111111112
2014-05-01 00:00:00 UTC,214,1118,412477934,4.5563888888888888
2014-05-01 00:00:00 UTC,214,1082,800020976,13.26125
2014-05-01 00:00:00 UTC,214,1081,800020976,1.013611111111111
2014-05-01 00:00:00 UTC,214,1083,800020976,1.6080555555555556
2014-05-01 00:00:00 UTC,214,1118,412477943,1.1345833333333333
2014-05-01 00:00:00 UTC,214,1119,412477943,3.9352777777777779
2014-05-01 00:00:00 UTC,470,-1244,367327250,0.22097222222222224
2014-05-01 00:00:00 UTC,470,-465,261383000,8.84
2014-05-01 00:00:00 UTC,470,-1248,367060330,4.02125
2014-05-01 00:00:00 UTC,470,-1249,367060330,1.6480555555555552
2014-05-01 00:00:00 UTC,470,-1247,367171990,3.0130555555555558
2014-05-01 00:00:00 UTC,470,-1248,366425240,1.3131944444444446
2014-05-01 00:00:00 UTC,470,-27,228259000,7.3854166666666661
2014-05-01 00:00:00 UTC,470,-1248,367479750,4.1765277777777783
2014-05-01 00:00:00 UTC,726,261,259457000,4.6997222222222224
2014-05-01 00:00:00 UTC,-298,616,235007600,3.126527777777778
2014-05-01 00:00:00 UTC,-298,775,235006880,1.0765277777777778
2014-05-01 00:00:00 UTC,-298,776,235006880,1.0806944444444444
2014-05-01 00:00:00 UTC,-298,778,235006880,1.5151388888888886
2014-05-01 00:00:00 UTC,-298,428,224556000,1.8195833333333333
2014-05-01 00:00:00 UTC,-298,368,204235000,0.87777777777777788
2014-05-01 00:00:00 UTC,-42,1742,538060008,1.0626388888888889
2014-05-01 00:00:00 UTC,-42,1739,538060008,0.82222222222222219
2014-05-01 00:00:00 UTC,215,1119,412477208,1.0093055555555555
2014-05-01 00:00:00 UTC,215,1118,412477208,1.5583333333333331
2014-05-01 00:00:00 UTC,215,1120,412477208,14.645
2014-05-01 00:00:00 UTC,215,1118,412477217,1.8043055555555556
2014-05-01 00:00:00 UTC,215,1120,412477217,10.029027777777779
2014-05-01 00:00:00 UTC,215,1119,412477226,15.540972222222223
2014-05-01 00:00:00 UTC,215,1118,412477226,1.8194444444444444
2014-05-01 00:00:00 UTC,215,1121,412477242,3.2643055555555556
2014-05-01 00:00:00 UTC,215,1120,412477242,1.4256944444444444
2014-05-01 00:00:00 UTC,215,1117,412477259,0.51125
2014-05-01 00:00:00 UTC,215,1118,412477259,1.7673611111111112
2014-05-01 00:00:00 UTC,215,1120,412477259,9.3144444444444439
2014-05-01 00:00:00 UTC,215,1118,412478034,10.696944444444446
2014-05-01 00:00:00 UTC,215,1120,412477268,4.9883333333333324
2014-05-01 00:00:00 UTC,215,1121,412477268,8.8473611111111126
2014-05-01 00:00:00 UTC,215,1120,100702825,1.074861111111111
2014-05-01 00:00:00 UTC,215,1119,100702825,5.465416666666667
2014-05-01 00:00:00 UTC,215,1118,100702825,2.2348611111111114
2014-05-01 00:00:00 UTC,215,1120,412477294,11.826111111111112
2014-05-01 00:00:00 UTC,215,1119,412477552,14.371944444444445
2014-05-01 00:00:00 UTC,215,1118,412477306,6.3402777777777777
2014-05-01 00:00:00 UTC,215,1119,412477306,10.176388888888889
2014-05-01 00:00:00 UTC,215,1119,412477562,0.24972222222222221
2014-05-01 00:00:00 UTC,215,1121,412477562,0.25861111111111112
2014-05-01 00:00:00 UTC,215,1120,412477562,14.492638888888886
2014-05-01 00:00:00 UTC,215,1118,412477307,5.7763888888888886
2014-05-01 00:00:00 UTC,215,1119,412477307,2.13
2014-05-01 00:00:00 UTC,215,1117,412477307,1.6391666666666669
2014-05-01 00:00:00 UTC,215,1120,412477307,8.1641666666666666
2014-05-01 00:00:00 UTC,215,1117,412478087,0.69194444444444447
2014-05-01 00:00:00 UTC,215,1085,999716005,3.0676388888888888
2014-05-01 00:00:00 UTC,215,1117,412478386,13.310694444444444
2014-05-01 00:00:00 UTC,215,1118,412478386,1.2923611111111111
2014-05-01 00:00:00 UTC,215,1117,412478405,19.500694444444445
2014-05-01 00:00:00 UTC,215,1118,412477943,0.45180555555555557
2014-05-01 00:00:00 UTC,471,-1248,367079690,19.71083333333333
2014-05-01 00:00:00 UTC,471,-1248,367324430,10.464166666666667
2014-05-01 00:00:00 UTC,471,-1249,367327250,6.4030555555555555
2014-05-01 00:00:00 UTC,471,-1248,367327250,8.56027777777778
2014-05-01 00:00:00 UTC,471,-1250,367327250,0.95388888888888879
2014-05-01 00:00:00 UTC,471,-1247,366979610,0.59944444444444445
2014-05-01 00:00:00 UTC,471,-1249,366979610,4.887777777777778
2014-05-01 00:00:00 UTC,471,-1248,366979610,13.671805555555553
2014-05-01 00:00:00 UTC,471,-1248,367176750,7.6359722222222217
2014-05-01 00:00:00 UTC,471,-1249,367176750,1.5411111111111111
2014-05-01 00:00:00 UTC,471,-1248,367060330,5.8768055555555554
2014-05-01 00:00:00 UTC,471,-1248,366425240,5.4873611111111122
2014-05-01 00:00:00 UTC,471,-28,228259000,0.68208333333333337
2014-05-01 00:00:00 UTC,471,-27,228259000,1.1166666666666667
2014-05-01 00:00:00 UTC,471,-1248,367479750,2.1163888888888884
2014-05-01 00:00:00 UTC,-297,432,224288000,1.5866666666666669
2014-05-01 00:00:00 UTC,-297,433,224288000,0.758888888888889
2014-05-01 00:00:00 UTC,-297,434,224288000,1.0026388888888891
2014-05-01 00:00:00 UTC,-297,781,224371000,2.3913888888888892
2014-05-01 00:00:00 UTC,-297,615,235007600,2.916666666666667
2014-05-01 00:00:00 UTC,-297,-785,224051350,1.7734722222222223
2014-05-01 00:00:00 UTC,-297,427,224556000,1.4279166666666665
2014-05-01 00:00:00 UTC,-297,426,224556000,1.2598611111111111
2014-05-01 00:00:00 UTC,-297,361,204235000,3.0525
2014-05-01 00:00:00 UTC,-297,362,204235000,2.9554166666666668
2014-05-01 00:00:00 UTC,-41,-1759,520238000,2.1587500000000004
2014-05-01 00:00:00 UTC,-41,1739,538060008,4.5531944444444443
2014-05-01 00:00:00 UTC,-41,1741,538060008,3.7115277777777775
2014-05-01 00:00:00 UTC,-41,-1734,412420585,2.7376388888888887
2014-05-01 00:00:00 UTC,216,1131,412467981,11.799861111111111
2014-05-01 00:00:00 UTC,216,1121,412477206,0.89486111111111111
2014-05-01 00:00:00 UTC,216,1128,413444888,5.316527777777778
2014-05-01 00:00:00 UTC,216,1129,413444888,8.6461111111111126
2014-05-01 00:00:00 UTC,216,1130,900014873,2.1283333333333334
2014-05-01 00:00:00 UTC,216,1131,900014873,0.51041666666666674
2014-05-01 00:00:00 UTC,216,1129,412201241,11.823472222222222
2014-05-01 00:00:00 UTC,216,1129,900010792,10.54111111111111
2014-05-01 00:00:00 UTC,216,1128,900010792,2.1922222222222221
2014-05-01 00:00:00 UTC,216,1130,900010792,7.2065277777777776
2014-05-01 00:00:00 UTC,216,1132,200004658,0.50208333333333333
2014-05-01 00:00:00 UTC,216,1121,412477242,11.725
2014-05-01 00:00:00 UTC,216,1130,412464959,5.6843055555555555
2014-05-01 00:00:00 UTC,216,1131,412464959,7.1666666666666679
2014-05-01 00:00:00 UTC,216,1121,412477562,9.00375
2014-05-01 00:00:00 UTC,216,1129,412464777,4.4133333333333331
2014-05-01 00:00:00 UTC,216,1128,412464777,6.2970833333333331
2014-05-01 00:00:00 UTC,216,1131,413567899,16.376944444444444
2014-05-01 00:00:00 UTC,216,1130,413567899,1.8634722222222222
2014-05-01 00:00:00 UTC,216,1128,413918888,5.949583333333333
2014-05-01 00:00:00 UTC,216,1130,413918888,8.3318055555555546
2014-05-01 00:00:00 UTC,216,1129,413918888,6.31361111111111
2014-05-01 00:00:00 UTC,216,1130,900017835,5.2455555555555557
2014-05-01 00:00:00 UTC,216,1128,900017835,1.03125
2014-05-01 00:00:00 UTC,216,1129,900017835,11.555972222222223
2014-05-01 00:00:00 UTC,216,1131,900003499,0.79083333333333328
2014-05-01 00:00:00 UTC,216,1131,413980078,9.603749999999998
2014-05-01 00:00:00 UTC,216,1130,413980078,4.4759722222222225
2014-05-01 00:00:00 UTC,216,1130,413555888,6.138749999999999
2014-05-01 00:00:00 UTC,216,1131,413555888,12.402222222222221
2014-05-01 00:00:00 UTC,216,1119,412476336,1.8629166666666666
2014-05-01 00:00:00 UTC,216,1128,101000114,1.2281944444444446
2014-05-01 00:00:00 UTC,216,1129,101000114,1.53375
2014-05-01 00:00:00 UTC,216,1130,101000114,2.0829166666666667
2014-05-01 00:00:00 UTC,216,1131,101000114,0.53861111111111115
2014-05-01 00:00:00 UTC,216,1130,412464572,0.74208333333333343
2014-05-01 00:00:00 UTC,216,1130,412464576,11.388333333333334
2014-05-01 00:00:00 UTC,216,1131,412464576,6.655555555555555
2014-05-01 00:00:00 UTC,216,1130,412464583,8.7415277777777778
2014-05-01 00:00:00 UTC,216,1128,412464583,0.72819444444444448
2014-05-01 00:00:00 UTC,216,1130,412464584,1.1523611111111112
2014-05-01 00:00:00 UTC,216,1130,412464585,0.41194444444444445
2014-05-01 00:00:00 UTC,216,1128,412464585,2.6040277777777776
2014-05-01 00:00:00 UTC,216,1129,412464585,3.9636111111111112
2014-05-01 00:00:00 UTC,216,1131,412464337,1.7341666666666666
2014-05-01 00:00:00 UTC,216,1128,412464337,2.2052777777777779
2014-05-01 00:00:00 UTC,216,1130,412464337,8.005
2014-05-01 00:00:00 UTC,216,1129,412464337,6.7511111111111122
2014-05-01 00:00:00 UTC,216,1130,900018669,7.7951388888888875
2014-05-01 00:00:00 UTC,216,1129,900018669,5.7377777777777785
2014-05-01 00:00:00 UTC,216,1128,900018669,1.8565277777777776
2014-05-01 00:00:00 UTC,216,1131,900018669,1.5904166666666666
2014-05-01 00:00:00 UTC,216,1130,900016637,4.8434722222222222
2014-05-01 00:00:00 UTC,216,1129,900016637,1.3308333333333333
2014-05-01 00:00:00 UTC,216,1131,900016637,3.7718055555555554
2014-05-01 00:00:00 UTC,472,-1248,367079690,1.3791666666666667
2014-05-01 00:00:00 UTC,472,-1248,367324430,2.3343055555555559
2014-05-01 00:00:00 UTC,472,-1249,367324430,2.4588888888888891
2014-05-01 00:00:00 UTC,472,-1248,366979610,3.6091666666666664
2014-05-01 00:00:00 UTC,472,1404,273899300,8.27611111111111
2014-05-01 00:00:00 UTC,472,1405,273899300,0.31444444444444442
2014-05-01 00:00:00 UTC,472,1406,273899300,1.4755555555555557
2014-05-01 00:00:00 UTC,472,-1248,367176750,4.23388888888889
2014-05-01 00:00:00 UTC,472,-1248,367060330,3.7804166666666674
2014-05-01 00:00:00 UTC,472,-1249,366425240,1.2570833333333333
2014-05-01 00:00:00 UTC,472,-1248,366425240,8.51888888888889
2014-05-01 00:00:00 UTC,472,-34,227300000,8.9118055555555564
2014-05-01 00:00:00 UTC,472,-35,227300000,1.2059722222222222
2014-05-01 00:00:00 UTC,472,-32,227300000,0.98597222222222225
2014-05-01 00:00:00 UTC,472,-31,227300000,0.53166666666666673
2014-05-01 00:00:00 UTC,472,-33,227300000,1.0611111111111111
2014-05-01 00:00:00 UTC,728,262,259457000,3.0998611111111112
2014-05-01 00:00:00 UTC,728,261,259457000,3.8488888888888888
2014-05-01 00:00:00 UTC,728,260,259457000,1.536111111111111
2014-05-01 00:00:00 UTC,-552,-651,701006182,0.78277777777777779
2014-05-01 00:00:00 UTC,-552,-650,701006182,7.037638888888889
2014-05-01 00:00:00 UTC,-296,433,224288000,1.3848611111111111
2014-05-01 00:00:00 UTC,-296,429,224288000,0.80347222222222225
2014-05-01 00:00:00 UTC,-296,432,224288000,4.8631944444444439
2014-05-01 00:00:00 UTC,-296,430,224288000,5.2929166666666667
2014-05-01 00:00:00 UTC,-296,435,224288000,1.4643055555555557
2014-05-01 00:00:00 UTC,-296,777,224371000,2.1665277777777776
2014-05-01 00:00:00 UTC,-296,779,224371000,1.0976388888888888
2014-05-01 00:00:00 UTC,-296,778,224371000,1.0320833333333335
2014-05-01 00:00:00 UTC,-296,452,224016000,2.30375
2014-05-01 00:00:00 UTC,-296,445,224016000,1.1279166666666667
2014-05-01 00:00:00 UTC,-296,447,224016000,2.09875
2014-05-01 00:00:00 UTC,-296,-784,224051350,1.6834722222222223
2014-05-01 00:00:00 UTC,-296,-785,224051350,1.8027777777777776
2014-05-01 00:00:00 UTC,-296,-783,224051350,1.3875
2014-05-01 00:00:00 UTC,-296,425,224556000,2.8794444444444443
2014-05-01 00:00:00 UTC,-40,-1756,520238000,0.91263888888888889
2014-05-01 00:00:00 UTC,-40,-1758,520238000,0.82069444444444439
2014-05-01 00:00:00 UTC,217,1128,412464385,0.32375
2014-05-01 00:00:00 UTC,217,1132,412467981,5.0645833333333332
2014-05-01 00:00:00 UTC,217,1131,412467981,0.35958333333333337
2014-05-01 00:00:00 UTC,217,1129,412464407,5.5311111111111106
2014-05-01 00:00:00 UTC,217,1128,413444888,0.20166666666666666
2014-05-01 00:00:00 UTC,217,1129,413444888,0.42944444444444446
2014-05-01 00:00:00 UTC,217,1131,900014873,3.5727777777777776
2014-05-01 00:00:00 UTC,217,1132,900014873,4.0213888888888887
2014-05-01 00:00:00 UTC,217,1133,900014873,9.3601388888888888
2014-05-01 00:00:00 UTC,217,1130,900014873,0.51013888888888892
2014-05-01 00:00:00 UTC,217,1129,412201241,10.302777777777777
2014-05-01 00:00:00 UTC,217,1131,412477471,1.7848611111111112
2014-05-01 00:00:00 UTC,217,1132,412477471,0.65638888888888891
2014-05-01 00:00:00 UTC,217,1130,412477471,0.82055555555555559
2014-05-01 00:00:00 UTC,217,1132,900003365,11.062222222222221
2014-05-01 00:00:00 UTC,217,1134,900003365,0.89513888888888893
2014-05-01 00:00:00 UTC,217,1133,900003365,2.9513888888888888
2014-05-01 00:00:00 UTC,217,1133,900022055,8.5670833333333345
2014-05-01 00:00:00 UTC,217,1135,900022055,3.5090277777777779
2014-05-01 00:00:00 UTC,217,1134,900022055,1.8536111111111109
2014-05-01 00:00:00 UTC,217,1130,900010792,1.1588888888888889
2014-05-01 00:00:00 UTC,217,1130,412110383,0.60375
2014-05-01 00:00:00 UTC,217,1132,200004658,6.457361111111112
2014-05-01 00:00:00 UTC,217,1133,200004658,5.6373611111111117
2014-05-01 00:00:00 UTC,217,1136,820040762,12.133611111111112
2014-05-01 00:00:00 UTC,217,1131,412464959,4.7483333333333313
2014-05-01 00:00:00 UTC,217,1130,412464959,6.5101388888888874
2014-05-01 00:00:00 UTC,217,1133,900022080,4.5541666666666663
2014-05-01 00:00:00 UTC,217,1134,900022080,0.22513888888888889
2014-05-01 00:00:00 UTC,217,1130,412464978,2.1431944444444442
2014-05-01 00:00:00 UTC,217,1129,412464978,4.5919444444444437
2014-05-01 00:00:00 UTC,217,1128,200005459,4.184166666666667
2014-05-01 00:00:00 UTC,217,1130,200005459,6.4108333333333336
2014-05-01 00:00:00 UTC,217,1129,200005459,7.3176388888888892
2014-05-01 00:00:00 UTC,217,1132,910100075,5.9205555555555556
2014-05-01 00:00:00 UTC,217,1133,910100075,8.92013888888889
2014-05-01 00:00:00 UTC,217,1131,910100075,3.0265277777777779
2014-05-01 00:00:00 UTC,217,1133,910060655,1.7527777777777778
2014-05-01 00:00:00 UTC,217,1132,910060655,7.1741666666666655
2014-05-01 00:00:00 UTC,217,1131,910060655,2.4563888888888887
2014-05-01 00:00:00 UTC,217,1134,900013688,0.7625
2014-05-01 00:00:00 UTC,217,1133,900013688,5.3969444444444434
2014-05-01 00:00:00 UTC,217,1130,200006521,11.730694444444447
2014-05-01 00:00:00 UTC,217,1129,200006521,11.94875
2014-05-01 00:00:00 UTC,217,1130,900008833,4.8308333333333335
2014-05-01 00:00:00 UTC,217,1129,900008833,2.0666666666666669
2014-05-01 00:00:00 UTC,217,1133,900020354,3.5575
2014-05-01 00:00:00 UTC,217,1134,900020354,0.3372222222222222
2014-05-01 00:00:00 UTC,217,1128,412464777,12.245416666666667
2014-05-01 00:00:00 UTC,217,1129,412464777,1.3505555555555555
2014-05-01 00:00:00 UTC,217,1134,900003217,0.46041666666666664
2014-05-01 00:00:00 UTC,217,1133,900003217,2.3006944444444439
2014-05-01 00:00:00 UTC,217,1132,900003217,3.7911111111111109
2014-05-01 00:00:00 UTC,217,1130,413567899,0.16916666666666669
2014-05-01 00:00:00 UTC,217,1131,900003492,0.91430555555555548
2014-05-01 00:00:00 UTC,217,1132,900003492,8.62375
2014-05-01 00:00:00 UTC,217,1133,900003492,3.3036111111111111
2014-05-01 00:00:00 UTC,217,1129,413918888,1.5483333333333333
2014-05-01 00:00:00 UTC,217,1128,413918888,0.6125
2014-05-01 00:00:00 UTC,217,1130,900017835,4.6755555555555564
2014-05-01 00:00:00 UTC,217,1129,900017835,0.96944444444444455
2014-05-01 00:00:00 UTC,217,1133,900003499,2.1561111111111111
2014-05-01 00:00:00 UTC,217,1132,900003499,2.1076388888888884
2014-05-01 00:00:00 UTC,217,1134,900003499,0.83666666666666667
2014-05-01 00:00:00 UTC,217,1132,412477614,0.72083333333333344
2014-05-01 00:00:00 UTC,217,1135,101000114,1.9816666666666667
2014-05-01 00:00:00 UTC,217,1133,101000114,2.3284722222222225
2014-05-01 00:00:00 UTC,217,1132,101000114,1.5433333333333334
2014-05-01 00:00:00 UTC,217,1134,101000114,1.5097222222222222
2014-05-01 00:00:00 UTC,217,1131,101000114,1.4076388888888889
2014-05-01 00:00:00 UTC,217,1130,100654012,0.60847222222222219
2014-05-01 00:00:00 UTC,217,1129,100654012,12.022361111111111
2014-05-01 00:00:00 UTC,217,1130,412464576,5.6284722222222223
2014-05-01 00:00:00 UTC,217,1131,412477636,0.4211111111111111
2014-05-01 00:00:00 UTC,217,1131,412477637,0.5051388888888888
2014-05-01 00:00:00 UTC,217,1132,412477637,1.08375
2014-05-01 00:00:00 UTC,217,1128,412464583,3.0106944444444448
2014-05-01 00:00:00 UTC,217,1130,412464583,8.976527777777779
2014-05-01 00:00:00 UTC,217,1131,412464583,0.38375000000000004
2014-05-01 00:00:00 UTC,217,1129,412464583,5.1162500000000009
2014-05-01 00:00:00 UTC,217,1128,412464584,1.9849999999999999
2014-05-01 00:00:00 UTC,217,1130,412464584,9.6198611111111116
2014-05-01 00:00:00 UTC,217,1129,412464584,10.222499999999995
2014-05-01 00:00:00 UTC,217,1128,412464585,0.55902777777777779
2014-05-01 00:00:00 UTC,217,1130,412464585,2.7562500000000005
2014-05-01 00:00:00 UTC,217,1129,412464585,3.7668055555555555
2014-05-01 00:00:00 UTC,217,1129,412464337,5.6011111111111118
2014-05-01 00:00:00 UTC,217,1132,800001496,4.578611111111111
2014-05-01 00:00:00 UTC,217,1133,800001496,0.68111111111111111
2014-05-01 00:00:00 UTC,217,1129,412464357,7.9041666666666677
2014-05-01 00:00:00 UTC,217,1130,412464357,0.90083333333333337
2014-05-01 00:00:00 UTC,217,1129,412464618,0.0425
2014-05-01 00:00:00 UTC,217,1130,412464618,1.2468055555555555
2014-05-01 00:00:00 UTC,217,1129,900018669,5.8962500000000011
2014-05-01 00:00:00 UTC,217,1130,900018669,1.0615277777777776
2014-05-01 00:00:00 UTC,217,1130,412464367,1.600138888888889
2014-05-01 00:00:00 UTC,217,1129,412464367,5.5118055555555552
2014-05-01 00:00:00 UTC,217,1130,900016637,1.3951388888888889
2014-05-01 00:00:00 UTC,217,1129,900016637,1.0377777777777777
2014-05-01 00:00:00 UTC,217,1130,412464637,13.526527777777778
2014-05-01 00:00:00 UTC,217,1129,412464637,9.7123611111111128
2014-05-01 00:00:00 UTC,473,1412,273899300,3.2686111111111109
2014-05-01 00:00:00 UTC,473,1408,273899300,0.65847222222222224
2014-05-01 00:00:00 UTC,473,1390,273815110,11.046944444444446
2014-05-01 00:00:00 UTC,473,-35,227300000,6.2822222222222228
2014-05-01 00:00:00 UTC,473,-34,227300000,0.27458333333333335
2014-05-01 00:00:00 UTC,729,178,273295700,1.55
2014-05-01 00:00:00 UTC,729,297,257056600,1.5401388888888889
2014-05-01 00:00:00 UTC,729,300,257056600,3.1529166666666666
2014-05-01 00:00:00 UTC,729,299,257056600,1.5904166666666666
2014-05-01 00:00:00 UTC,-295,432,224288000,3.2518055555555554
2014-05-01 00:00:00 UTC,-295,434,224288000,3.6558333333333337
2014-05-01 00:00:00 UTC,-295,449,224016000,2.1515277777777775
2014-05-01 00:00:00 UTC,-295,445,224016000,1.27375
2014-05-01 00:00:00 UTC,-295,451,224016000,1.6461111111111111
2014-05-01 00:00:00 UTC,-295,446,224016000,1.8597222222222221
2014-05-01 00:00:00 UTC,-295,-780,224051350,1.4293055555555556
2014-05-01 00:00:00 UTC,-295,-779,224051350,3.009722222222222
2014-05-01 00:00:00 UTC,-295,-781,224051350,0.96944444444444444
2014-05-01 00:00:00 UTC,-295,-783,224051350,4.6338888888888885
2014-05-01 00:00:00 UTC,-39,-1734,412420585,2.7752777777777777
2014-05-01 00:00:00 UTC,218,1128,412464385,20.526666666666667
2014-05-01 00:00:00 UTC,218,1129,412464142,23.722777777777775
2014-05-01 00:00:00 UTC,218,1129,412464407,12.109722222222222
2014-05-01 00:00:00 UTC,218,1130,412464407,3.2918055555555554
2014-05-01 00:00:00 UTC,218,1127,412464409,6.1051388888888889
2014-05-01 00:00:00 UTC,218,1128,412464409,12.99763888888889
2014-05-01 00:00:00 UTC,218,1130,412477471,2.0652777777777778
2014-05-01 00:00:00 UTC,218,1131,412477471,2.1816666666666666
2014-05-01 00:00:00 UTC,218,1134,900003365,2.5643055555555554
2014-05-01 00:00:00 UTC,218,1132,200004658,0.4844444444444444
2014-05-01 00:00:00 UTC,218,1134,900022080,2.9061111111111115
2014-05-01 00:00:00 UTC,218,1135,900022080,1.1831944444444444
2014-05-01 00:00:00 UTC,218,1129,412464978,5.878333333333333
2014-05-01 00:00:00 UTC,218,1128,200005459,5.1604166666666673
2014-05-01 00:00:00 UTC,218,1131,412464735,5.6934722222222227
2014-05-01 00:00:00 UTC,218,1130,412464735,2.8284722222222221
2014-05-01 00:00:00 UTC,218,1130,412464738,7.5113888888888889
2014-05-01 00:00:00 UTC,218,1133,910060655,6.3755555555555556
2014-05-01 00:00:00 UTC,218,1133,900013688,0.24111111111111111
2014-05-01 00:00:00 UTC,218,1134,900013688,2.1181944444444447
2014-05-01 00:00:00 UTC,218,1127,412464256,0.14208333333333331
2014-05-01 00:00:00 UTC,218,1128,412464256,12.661111111111113
2014-05-01 00:00:00 UTC,218,1133,900020354,0.9868055555555556
2014-05-01 00:00:00 UTC,218,1134,900020354,5.2812500000000009
2014-05-01 00:00:00 UTC,218,1132,412477833,0.43486111111111109
2014-05-01 00:00:00 UTC,218,1133,412477833,0.11736111111111111
2014-05-01 00:00:00 UTC,218,1132,412477835,0.63291666666666668
2014-05-01 00:00:00 UTC,218,1133,412477835,0.15013888888888888
2014-05-01 00:00:00 UTC,218,1135,900003217,0.91236111111111118
2014-05-01 00:00:00 UTC,218,1134,900003217,1.9472222222222222
2014-05-01 00:00:00 UTC,218,1132,412475026,1.9336111111111109
2014-05-01 00:00:00 UTC,218,1134,900003499,2.151388888888889
2014-05-01 00:00:00 UTC,218,1133,412477614,0.56111111111111112
2014-05-01 00:00:00 UTC,218,1132,412477614,0.2688888888888889
2014-05-01 00:00:00 UTC,218,1133,412477615,0.36749999999999994
2014-05-01 00:00:00 UTC,218,1132,412477615,0.61986111111111108
2014-05-01 00:00:00 UTC,218,1133,412477624,4.1777777777777771
2014-05-01 00:00:00 UTC,218,1132,412477624,1.4649999999999999
2014-05-01 00:00:00 UTC,218,1133,412477625,0.68388888888888888
2014-05-01 00:00:00 UTC,218,1132,412478139,5.5604166666666659
2014-05-01 00:00:00 UTC,218,1133,412477637,5.0368055555555564
2014-05-01 00:00:00 UTC,218,1132,412477637,0.66708333333333325
2014-05-01 00:00:00 UTC,218,1133,412464582,1.8298611111111109
2014-05-01 00:00:00 UTC,218,1130,412464588,0.41708333333333336
2014-05-01 00:00:00 UTC,218,1129,412464588,1.6995833333333334
2014-05-01 00:00:00 UTC,218,1130,412464357,1.5356944444444445
2014-05-01 00:00:00 UTC,474,1411,273899300,1.0130555555555556
2014-05-01 00:00:00 UTC,474,1412,273899300,3.5737499999999995
2014-05-01 00:00:00 UTC,474,1410,273899300,2.5409722222222224
2014-05-01 00:00:00 UTC,474,1390,273815110,12.3825
2014-05-01 00:00:00 UTC,730,233,257032500,3.9206944444444445
2014-05-01 00:00:00 UTC,730,220,257032500,3.9331944444444447
2014-05-01 00:00:00 UTC,730,214,257032500,1.5530555555555554
2014-05-01 00:00:00 UTC,730,217,257032500,1.5459722222222223
2014-05-01 00:00:00 UTC,730,299,257056600,2.3876388888888886
2014-05-01 00:00:00 UTC,730,300,257056600,3.0970833333333334
2014-05-01 00:00:00 UTC,-294,444,224016000,1.8805555555555555
2014-05-01 00:00:00 UTC,-294,448,224016000,1.7776388888888888
2014-05-01 00:00:00 UTC,-294,445,224016000,2.1637500000000003
2014-05-01 00:00:00 UTC,-294,-781,224051350,3.2234722222222221
2014-05-01 00:00:00 UTC,-294,-780,224051350,3.888611111111111
2014-05-01 00:00:00 UTC,-38,-1572,412695630,2.064861111111111
2014-05-01 00:00:00 UTC,219,1133,412476673,2.813333333333333
2014-05-01 00:00:00 UTC,219,1133,412881676,2.7201388888888887
2014-05-01 00:00:00 UTC,219,1134,412881676,1.4055555555555557
2014-05-01 00:00:00 UTC,219,1130,412464738,14.913055555555554
2014-05-01 00:00:00 UTC,219,1136,900020346,1.2502777777777778
2014-05-01 00:00:00 UTC,219,1133,412476032,1.3854166666666667
2014-05-01 00:00:00 UTC,219,1137,900020354,5.3369444444444447
2014-05-01 00:00:00 UTC,219,1136,900020363,17.80541666666667
2014-05-01 00:00:00 UTC,219,1137,900020363,6.1494444444444438
2014-05-01 00:00:00 UTC,219,1135,900020363,0.3091666666666667
2014-05-01 00:00:00 UTC,219,1131,412478613,1.0066666666666666
2014-05-01 00:00:00 UTC,219,1134,412462255,0.23319444444444445
2014-05-01 00:00:00 UTC,219,1133,412462255,0.44680555555555557
2014-05-01 00:00:00 UTC,219,1130,412464303,0.67611111111111122
2014-05-01 00:00:00 UTC,219,1134,412464574,0.86708333333333332
2014-05-01 00:00:00 UTC,219,1133,412464574,0.80402777777777779
2014-05-01 00:00:00 UTC,219,1137,200007621,2.9916666666666663
2014-05-01 00:00:00 UTC,219,1138,200007621,1.9759722222222222
2014-05-01 00:00:00 UTC,219,1133,412464582,10.166666666666666
2014-05-01 00:00:00 UTC,219,1134,412464582,4.7344444444444447
2014-05-01 00:00:00 UTC,219,1132,412464582,1.0020833333333332
2014-05-01 00:00:00 UTC,219,1130,412464588,20.589583333333326
2014-05-01 00:00:00 UTC,219,1133,412462292,0.51763888888888887
2014-05-01 00:00:00 UTC,219,1134,412477911,0.61583333333333334
2014-05-01 00:00:00 UTC,219,1133,412477911,1.0694444444444444
2014-05-01 00:00:00 UTC,219,1135,412462308,2.9801388888888889
2014-05-01 00:00:00 UTC,219,1135,900008435,8.4705555555555563
2014-05-01 00:00:00 UTC,475,-48,228333000,0.2713888888888889
2014-05-01 00:00:00 UTC,475,-49,228333000,16.25
2014-05-01 00:00:00 UTC,475,-1225,367059420,1.297638888888889
2014-05-01 00:00:00 UTC,475,-46,227531000,0.34347222222222223
2014-05-01 00:00:00 UTC,475,-47,227531000,1.1598611111111112
2014-05-01 00:00:00 UTC,731,233,257032500,1.5265277777777779
2014-05-01 00:00:00 UTC,731,231,257032500,1.5401388888888889
2014-05-01 00:00:00 UTC,731,221,257032500,0.43888888888888888
2014-05-01 00:00:00 UTC,731,220,257032500,0.66263888888888889
2014-05-01 00:00:00 UTC,731,222,257032500,0.6808333333333334
2014-05-01 00:00:00 UTC,731,223,257032500,0.62513888888888891
2014-05-01 00:00:00 UTC,731,226,257032500,1.2290277777777778
2014-05-01 00:00:00 UTC,731,225,257032500,0.56277777777777782
2014-05-01 00:00:00 UTC,731,234,257032500,0.35291666666666666
2014-05-01 00:00:00 UTC,731,224,257032500,0.43152777777777779
2014-05-01 00:00:00 UTC,731,219,257032500,0.43763888888888891
2014-05-01 00:00:00 UTC,731,228,257032500,1.5208333333333335
2014-05-01 00:00:00 UTC,731,215,257032500,1.5097222222222222
2014-05-01 00:00:00 UTC,731,218,257032500,1.2838888888888889
2014-05-01 00:00:00 UTC,731,300,257056600,3.1055555555555556
2014-05-01 00:00:00 UTC,731,299,257056600,2.3236111111111111
2014-05-01 00:00:00 UTC,-549,-637,701000880,3.1102777777777781
2014-05-01 00:00:00 UTC,-549,-636,701000880,2.2918055555555559
2014-05-01 00:00:00 UTC,-549,-636,701000627,3.0616666666666665
2014-05-01 00:00:00 UTC,-293,612,235007600,5.0083333333333329
2014-05-01 00:00:00 UTC,-293,423,224556000,2.9876388888888887
2014-05-01 00:00:00 UTC,-37,-1574,412695630,2.306111111111111
2014-05-01 00:00:00 UTC,-37,-1572,412695630,0.88277777777777777
2014-05-01 00:00:00 UTC,220,1137,200001025,5.2520833333333332
2014-05-01 00:00:00 UTC,220,1136,270007565,1.3504166666666666
2014-05-01 00:00:00 UTC,220,1135,270007565,2.1243055555555554
2014-05-01 00:00:00 UTC,220,1136,9103140,6.5258333333333338
2014-05-01 00:00:00 UTC,220,1136,900019244,1.4186111111111113
2014-05-01 00:00:00 UTC,220,1135,900019244,12.787499999999996
2014-05-01 00:00:00 UTC,220,1136,412461612,1.1331944444444444
2014-05-01 00:00:00 UTC,220,1134,412462153,1.5765277777777778
2014-05-01 00:00:00 UTC,220,1130,412464211,5.2188888888888885
2014-05-01 00:00:00 UTC,220,1134,412462169,3.5180555555555557
2014-05-01 00:00:00 UTC,220,1136,200005990,11.093333333333334
2014-05-01 00:00:00 UTC,220,1136,412478583,1.2097222222222221
2014-05-01 00:00:00 UTC,220,1133,412476032,0.30180555555555555
2014-05-01 00:00:00 UTC,220,1136,412461707,0.40888888888888886
2014-05-01 00:00:00 UTC,220,1136,412461708,16.22444444444444
2014-05-01 00:00:00 UTC,220,1137,412462224,4.368611111111111
2014-05-01 00:00:00 UTC,220,1136,412461716,0.13319444444444445
2014-05-01 00:00:00 UTC,220,1135,900019864,0.50055555555555553
2014-05-01 00:00:00 UTC,220,1136,900019864,7.389722222222221
2014-05-01 00:00:00 UTC,220,1141,900023462,14.87125
2014-05-01 00:00:00 UTC,220,1142,900023462,12.085972222222221
2014-05-01 00:00:00 UTC,220,1134,412462255,1.7840277777777778
2014-05-01 00:00:00 UTC,220,1139,110700977,1.58
2014-05-01 00:00:00 UTC,220,1138,110700977,1.0780555555555555
2014-05-01 00:00:00 UTC,220,1140,910060741,5.1630555555555553
2014-05-01 00:00:00 UTC,220,1142,910060741,12.52277777777778
2014-05-01 00:00:00 UTC,220,1141,910060741,1.2665277777777777
2014-05-01 00:00:00 UTC,220,1137,412462277,15.941944444444445
2014-05-01 00:00:00 UTC,220,1136,412462277,3.5109722222222217
2014-05-01 00:00:00 UTC,220,1136,412462278,3.8734722222222224
2014-05-01 00:00:00 UTC,220,1137,412462278,16.112499999999997
2014-05-01 00:00:00 UTC,220,1140,412475091,2.2201388888888891
2014-05-01 00:00:00 UTC,220,1141,412475091,3.9373611111111111
2014-05-01 00:00:00 UTC,220,1137,900029652,5.3362500000000006
2014-05-01 00:00:00 UTC,220,1134,412462292,7.73875
2014-05-01 00:00:00 UTC,220,1136,412461528,2.4606944444444445
2014-05-01 00:00:00 UTC,220,1142,900002779,10.161666666666667
2014-05-01 00:00:00 UTC,220,1135,412462308,0.47819444444444442
2014-05-01 00:00:00 UTC,220,1136,412462308,2.6354166666666665
2014-05-01 00:00:00 UTC,220,1137,412462308,3.9440277777777779
2014-05-01 00:00:00 UTC,220,1135,900008435,2.1315277777777775
2014-05-01 00:00:00 UTC,220,1139,412462076,4.6358333333333333
2014-05-01 00:00:00 UTC,220,1139,412462077,7.5533333333333337
2014-05-01 00:00:00 UTC,220,1136,412461567,0.77611111111111108
2014-05-01 00:00:00 UTC,476,-47,228842000,9.1656944444444441
2014-05-01 00:00:00 UTC,476,-48,228842000,3.8986111111111112
2014-05-01 00:00:00 UTC,476,-49,228842000,2.7416666666666667
2014-05-01 00:00:00 UTC,476,-46,227321380,10.154166666666667
2014-05-01 00:00:00 UTC,476,-48,227321380,4.4301388888888891
2014-05-01 00:00:00 UTC,476,-47,227321380,0.87958333333333338
2014-05-01 00:00:00 UTC,476,-46,228925000,0.68458333333333332
2014-05-01 00:00:00 UTC,476,-47,228893000,1.0833333333333335
2014-05-01 00:00:00 UTC,476,-49,228893000,4.3991666666666669
2014-05-01 00:00:00 UTC,476,-45,228893000,0.51222222222222225
2014-05-01 00:00:00 UTC,476,-48,228893000,4.4423611111111114
2014-05-01 00:00:00 UTC,476,-46,228893000,1.4166666666666667
2014-05-01 00:00:00 UTC,476,-45,228306000,1.2431944444444445
2014-05-01 00:00:00 UTC,476,-51,228945000,5.9652777777777777
2014-05-01 00:00:00 UTC,476,-50,228945000,0.36125
2014-05-01 00:00:00 UTC,476,-46,228020600,8.7543055555555558
2014-05-01 00:00:00 UTC,476,-45,228020600,0.72833333333333339
2014-05-01 00:00:00 UTC,476,-47,228020600,6.6238888888888887
2014-05-01 00:00:00 UTC,476,-44,228020600,0.75902777777777786
2014-05-01 00:00:00 UTC,476,-46,228922000,1.6266666666666665
2014-05-01 00:00:00 UTC,476,-45,228922000,1.3693055555555556
2014-05-01 00:00:00 UTC,476,-48,228910000,11.747083333333334
2014-05-01 00:00:00 UTC,476,-47,228910000,0.21166666666666667
2014-05-01 00:00:00 UTC,476,-45,228258000,1.3711111111111112
2014-05-01 00:00:00 UTC,476,-46,228258000,1.0986111111111112
2014-05-01 00:00:00 UTC,476,-48,228258000,6.872916666666665
2014-05-01 00:00:00 UTC,476,-47,228258000,0.41819444444444442
2014-05-01 00:00:00 UTC,732,299,257056600,3.0916666666666668
2014-05-01 00:00:00 UTC,732,300,257056600,3.1597222222222223
2014-05-01 00:00:00 UTC,-548,-633,701000880,0.63819444444444451
2014-05-01 00:00:00 UTC,-548,-634,701000880,3.2588888888888889
2014-05-01 00:00:00 UTC,-548,-635,701000880,1.6012499999999998
2014-05-01 00:00:00 UTC,-548,-636,701000880,0.7369444444444444
2014-05-01 00:00:00 UTC,-548,-636,701000627,0.71472222222222226
2014-05-01 00:00:00 UTC,-548,-635,701000627,6.4733333333333336
2014-05-01 00:00:00 UTC,-292,448,224016000,0.58597222222222223
2014-05-01 00:00:00 UTC,-292,449,224016000,1.4315277777777777
2014-05-01 00:00:00 UTC,-292,422,224556000,3.1218055555555555
2014-05-01 00:00:00 UTC,-36,-1572,412695630,1.8522222222222222
2014-05-01 00:00:00 UTC,-36,-1577,412695630,4.6376388888888895
2014-05-01 00:00:00 UTC,-36,-1574,412695630,2.7808333333333333
2014-05-01 00:00:00 UTC,-36,-1573,412695630,1.8441666666666667
2014-05-01 00:00:00 UTC,-36,-1753,520238000,0.94597222222222221
2014-05-01 00:00:00 UTC,-36,-1790,416004553,4.5622222222222222
2014-05-01 00:00:00 UTC,-36,-1734,412420585,1.6544444444444444
2014-05-01 00:00:00 UTC,221,1137,412461569,1.8897222222222223
2014-05-01 00:00:00 UTC,221,1136,412461569,2.3609722222222222
2014-05-01 00:00:00 UTC,221,1137,200001025,4.1281944444444445
2014-05-01 00:00:00 UTC,221,1136,200001025,6.48375
2014-05-01 00:00:00 UTC,221,1136,412462084,1.8483333333333332
2014-05-01 00:00:00 UTC,221,1136,270007565,0.79263888888888878
2014-05-01 00:00:00 UTC,221,1137,412461851,0.70041666666666669
2014-05-01 00:00:00 UTC,221,1136,412461612,10.679166666666664
2014-05-01 00:00:00 UTC,221,1137,412461613,2.5252777777777782
2014-05-01 00:00:00 UTC,221,1138,200000047,4.9551388888888894
2014-05-01 00:00:00 UTC,221,1137,412461618,5.0881944444444445
2014-05-01 00:00:00 UTC,221,1138,9103923,1.846527777777778
2014-05-01 00:00:00 UTC,221,1136,412462654,0.9458333333333333
2014-05-01 00:00:00 UTC,221,1135,412462654,3.0516666666666672
2014-05-01 00:00:00 UTC,221,1130,412464211,1.7133333333333334
2014-05-01 00:00:00 UTC,221,1138,200005990,1.1308333333333334
2014-05-01 00:00:00 UTC,221,1137,412692076,2.3740277777777776
2014-05-01 00:00:00 UTC,221,1136,200005997,4.9115277777777768
2014-05-01 00:00:00 UTC,221,1136,412478583,6.4315277777777773
2014-05-01 00:00:00 UTC,221,1137,412461706,2.44125
2014-05-01 00:00:00 UTC,221,1136,412461707,19.568055555555549
2014-05-01 00:00:00 UTC,221,1136,412461708,1.5197222222222222
2014-05-01 00:00:00 UTC,221,1138,9103756,14.131388888888893
2014-05-01 00:00:00 UTC,221,1138,412785555,10.482916666666672
2014-05-01 00:00:00 UTC,221,1139,412785555,2.8455555555555558
2014-05-01 00:00:00 UTC,221,1136,412461716,12.512222222222224
2014-05-01 00:00:00 UTC,221,1140,110700977,2.197916666666667
2014-05-01 00:00:00 UTC,221,1139,110700977,3.87486111111111
2014-05-01 00:00:00 UTC,221,1138,110700977,9.7255555555555553
2014-05-01 00:00:00 UTC,221,1137,200005816,4.1294444444444443
2014-05-01 00:00:00 UTC,221,1141,412201148,17.551111111111112
2014-05-01 00:00:00 UTC,221,1140,910060741,11.385416666666666
2014-05-01 00:00:00 UTC,221,1137,412462277,0.24083333333333334
2014-05-01 00:00:00 UTC,221,1138,412462277,6.9095833333333339
2014-05-01 00:00:00 UTC,221,1138,200007621,0.13694444444444445
2014-05-01 00:00:00 UTC,221,1140,412462284,0.97680555555555559
2014-05-01 00:00:00 UTC,221,1137,900029652,0.22513888888888889
2014-05-01 00:00:00 UTC,221,1136,412461528,9.6451388888888872
2014-05-01 00:00:00 UTC,221,1140,900002779,9.5281944444444466
2014-05-01 00:00:00 UTC,221,1137,412461797,2.4104166666666664
2014-05-01 00:00:00 UTC,221,1137,412461559,2.8094444444444449
2014-05-01 00:00:00 UTC,221,1139,412462076,0.56652777777777785
2014-05-01 00:00:00 UTC,221,1138,412462076,3.6188888888888888
2014-05-01 00:00:00 UTC,221,1138,412462077,3.2098611111111115
2014-05-01 00:00:00 UTC,221,1139,412462077,1.2095833333333332
2014-05-01 00:00:00 UTC,221,1136,412461567,17.256666666666664
2014-05-01 00:00:00 UTC,477,-47,228842000,1.4040277777777779
2014-05-01 00:00:00 UTC,477,-48,227318040,8.0065277777777784
2014-05-01 00:00:00 UTC,477,-50,227318040,3.8104166666666668
2014-05-01 00:00:00 UTC,477,-49,227318040,2.5508333333333333
2014-05-01 00:00:00 UTC,477,-47,227321380,0.89916666666666667
2014-05-01 00:00:00 UTC,477,-50,228947000,0.5691666666666666
2014-05-01 00:00:00 UTC,477,-49,228947000,9.3675
2014-05-01 00:00:00 UTC,477,-46,228925000,6.8865277777777774
2014-05-01 00:00:00 UTC,477,-45,228306000,7.4795833333333333
2014-05-01 00:00:00 UTC,477,-46,228306000,3.7766666666666664
2014-05-01 00:00:00 UTC,477,-52,228945000,6.1040277777777776
2014-05-01 00:00:00 UTC,477,-51,228945000,11.386527777777777
2014-05-01 00:00:00 UTC,477,-50,228945000,0.27694444444444444
2014-05-01 00:00:00 UTC,477,-47,228020600,0.91527777777777775
2014-05-01 00:00:00 UTC,477,-40,227300230,4.7927777777777774
2014-05-01 00:00:00 UTC,477,-46,227318170,17.429861111111112
2014-05-01 00:00:00 UTC,477,-47,228118700,0.6183333333333334
2014-05-01 00:00:00 UTC,477,-46,228118700,11.783888888888892
2014-05-01 00:00:00 UTC,477,-45,228910000,0.76402777777777775
2014-05-01 00:00:00 UTC,477,-46,228910000,1.3070833333333334
2014-05-01 00:00:00 UTC,477,-47,228910000,4.6827777777777779
2014-05-01 00:00:00 UTC,477,-48,228910000,0.74833333333333329
2014-05-01 00:00:00 UTC,477,-75,232006840,1.3825
2014-05-01 00:00:00 UTC,477,-49,228195000,3.6701388888888884
2014-05-01 00:00:00 UTC,477,-50,228195000,7.2858333333333327
2014-05-01 00:00:00 UTC,477,-52,228195000,1.7579166666666666
2014-05-01 00:00:00 UTC,477,-51,228195000,3.9200000000000004
2014-05-01 00:00:00 UTC,477,-47,228258000,0.39152777777777781
2014-05-01 00:00:00 UTC,477,-44,228258000,0.23472222222222222
2014-05-01 00:00:00 UTC,477,-46,228258000,0.86291666666666667
2014-05-01 00:00:00 UTC,477,-45,228332000,20.240277777777774
2014-05-01 00:00:00 UTC,477,-44,228332000,1.075
2014-05-01 00:00:00 UTC,-291,446,224016000,0.89152777777777781
2014-05-01 00:00:00 UTC,-291,445,224016000,0.775
2014-05-01 00:00:00 UTC,-291,448,224016000,0.36680555555555555
2014-05-01 00:00:00 UTC,-291,447,224016000,0.73069444444444454
2014-05-01 00:00:00 UTC,-291,444,224016000,1.6459722222222222
2014-05-01 00:00:00 UTC,-35,-1573,412695630,1.739583333333333
2014-05-01 00:00:00 UTC,-35,-1574,412695630,1.44875
2014-05-01 00:00:00 UTC,-35,-1572,412695630,2.2319444444444443
2014-05-01 00:00:00 UTC,-35,-1754,520238000,0.36236111111111113
2014-05-01 00:00:00 UTC,-35,-1791,416000179,2.9081944444444447
2014-05-01 00:00:00 UTC,-35,-1789,416004553,0.95402777777777781
2014-05-01 00:00:00 UTC,-35,-1735,412420584,4.30875
2014-05-01 00:00:00 UTC,222,1137,412461569,14.71763888888889
2014-05-01 00:00:00 UTC,222,1136,412462084,0.10861111111111112
2014-05-01 00:00:00 UTC,222,1144,416031500,0.80208333333333337
2014-05-01 00:00:00 UTC,222,1143,416031500,3.9429166666666671
2014-05-01 00:00:00 UTC,222,1147,900024338,14.041527777777778
2014-05-01 00:00:00 UTC,222,1148,900024338,3.0930555555555559
2014-05-01 00:00:00 UTC,222,1146,900024338,6.5244444444444447
2014-05-01 00:00:00 UTC,222,1137,412461844,7.4968055555555555
2014-05-01 00:00:00 UTC,222,1136,412462102,12.552638888888888
2014-05-01 00:00:00 UTC,222,1136,412462619,5.8870833333333348
2014-05-01 00:00:00 UTC,222,1137,412461602,15.166805555555554
2014-05-01 00:00:00 UTC,222,1137,412461613,22.462777777777781
2014-05-01 00:00:00 UTC,222,1138,200000047,2.704444444444444
2014-05-01 00:00:00 UTC,222,1137,200000047,2.0658333333333334
2014-05-01 00:00:00 UTC,222,1137,412461618,14.138888888888893
2014-05-01 00:00:00 UTC,222,1135,412462654,11.190694444444444
2014-05-01 00:00:00 UTC,222,1136,412462654,0.63236111111111115
2014-05-01 00:00:00 UTC,222,1136,412462658,1.1969444444444446
2014-05-01 00:00:00 UTC,222,1136,910100035,7.4202777777777786
2014-05-01 00:00:00 UTC,222,1136,412462663,7.8368055555555545
2014-05-01 00:00:00 UTC,222,1138,200005990,10.491944444444446
2014-05-01 00:00:00 UTC,222,1137,412692076,2.8318055555555555
2014-05-01 00:00:00 UTC,222,1138,412692076,8.7397222222222233
2014-05-01 00:00:00 UTC,222,1138,412478061,3.2233333333333336
2014-05-01 00:00:00 UTC,222,1141,900002929,4.0958333333333332
2014-05-01 00:00:00 UTC,222,1135,412478581,10.160694444444443
2014-05-01 00:00:00 UTC,222,1136,412478581,0.85861111111111121
2014-05-01 00:00:00 UTC,222,1136,412478583,1.5348611111111112
2014-05-01 00:00:00 UTC,222,1136,412478584,1.1025
2014-05-01 00:00:00 UTC,222,1136,412478585,0.93569444444444438
2014-05-01 00:00:00 UTC,222,1136,412478591,1.1675
2014-05-01 00:00:00 UTC,222,1137,412461706,11.663194444444445
2014-05-01 00:00:00 UTC,222,1135,412461707,7.234166666666666
2014-05-01 00:00:00 UTC,222,1136,412461716,1.0418055555555557
2014-05-01 00:00:00 UTC,222,1136,412462251,6.3449999999999989
2014-05-01 00:00:00 UTC,222,1136,412462256,3.5641666666666665
2014-05-01 00:00:00 UTC,222,1137,200005816,2.8649999999999998
2014-05-01 00:00:00 UTC,222,1138,412478137,3.345277777777778
2014-05-01 00:00:00 UTC,222,1136,412462266,6.6195833333333329
2014-05-01 00:00:00 UTC,222,1136,412462268,4.487638888888891
2014-05-01 00:00:00 UTC,222,1136,412462271,6.2279166666666663
2014-05-01 00:00:00 UTC,222,1136,412462273,6.8129166666666663
2014-05-01 00:00:00 UTC,222,1136,412462276,3.4072222222222219
2014-05-01 00:00:00 UTC,222,1136,412482776,2.5174999999999996
2014-05-01 00:00:00 UTC,222,1137,412462819,5.4972222222222227
2014-05-01 00:00:00 UTC,222,1137,412461797,9.7099999999999991
2014-05-01 00:00:00 UTC,222,1136,412462823,5.0130555555555549
2014-05-01 00:00:00 UTC,222,1136,412462315,3.4048611111111109
2014-05-01 00:00:00 UTC,222,1137,412461559,9.4991666666666674
2014-05-01 00:00:00 UTC,222,1136,412461567,9.1695833333333319
2014-05-01 00:00:00 UTC,478,-1225,367059420,1.3902777777777775
2014-05-01 00:00:00 UTC,-546,-394,740382000,3.9225000000000003
2014-05-01 00:00:00 UTC,-546,-393,740382000,0.82513888888888887
2014-05-01 00:00:00 UTC,-290,444,224016000,0.76805555555555549
2014-05-01 00:00:00 UTC,-34,-1572,412695580,5.3534722222222229
2014-05-01 00:00:00 UTC,-34,-1569,412695580,1.3073611111111112
2014-05-01 00:00:00 UTC,-34,-1575,412695630,2.7975000000000003
2014-05-01 00:00:00 UTC,-34,-1754,520238000,0.92527777777777764
2014-05-01 00:00:00 UTC,-34,-1753,520238000,1.6708333333333332
2014-05-01 00:00:00 UTC,-34,-1792,416000179,1.4879166666666668
2014-05-01 00:00:00 UTC,-34,-1789,416004553,0.76680555555555563
2014-05-01 00:00:00 UTC,-34,-1795,416004565,1.475138888888889
2014-05-01 00:00:00 UTC,-34,-1794,416004565,1.7458333333333333
2014-05-01 00:00:00 UTC,-34,-1734,412420585,1.6666666666666663
2014-05-01 00:00:00 UTC,223,1137,412461569,0.65013888888888893
2014-05-01 00:00:00 UTC,223,1144,888000008,11.075138888888889
2014-05-01 00:00:00 UTC,223,1137,138550555,1.5322222222222224
2014-05-01 00:00:00 UTC,223,1136,138550555,1.3752777777777778
2014-05-01 00:00:00 UTC,223,1138,412462621,3.4297222222222228
2014-05-01 00:00:00 UTC,223,1138,412461602,0.92125000000000012
2014-05-01 00:00:00 UTC,223,1137,412461602,7.5034722222222223
2014-05-01 00:00:00 UTC,223,1138,412462626,3.4981944444444446
2014-05-01 00:00:00 UTC,223,1138,412461613,0.62333333333333329
2014-05-01 00:00:00 UTC,223,1144,412472117,0.78513888888888883
2014-05-01 00:00:00 UTC,223,1144,9103927,0.45625000000000004
2014-05-01 00:00:00 UTC,223,1138,412462652,0.82694444444444448
2014-05-01 00:00:00 UTC,223,1137,412462398,0.2583333333333333
2014-05-01 00:00:00 UTC,223,1136,412462658,22.660972222222213
2014-05-01 00:00:00 UTC,223,1136,910100035,15.265416666666667
2014-05-01 00:00:00 UTC,223,1202,900014934,0.87513888888888891
2014-05-01 00:00:00 UTC,223,1203,900014934,0.16013888888888889
2014-05-01 00:00:00 UTC,223,1139,412692076,8.65375
2014-05-01 00:00:00 UTC,223,1203,416458609,0.305
2014-05-01 00:00:00 UTC,223,1137,412461706,5.7947222222222221
2014-05-01 00:00:00 UTC,223,1144,412472225,25.953055555555558
2014-05-01 00:00:00 UTC,223,1136,412462256,1.9536111111111112
2014-05-01 00:00:00 UTC,223,1138,200005816,3.5140277777777778
2014-05-01 00:00:00 UTC,223,1138,412478137,2.234861111111111
2014-05-01 00:00:00 UTC,223,1137,888005818,2.385416666666667
2014-05-01 00:00:00 UTC,223,1136,412462268,3.0131944444444447
2014-05-01 00:00:00 UTC,223,1136,412462271,1.0980555555555553
2014-05-01 00:00:00 UTC,223,1136,412462273,0.85125000000000006
2014-05-01 00:00:00 UTC,223,1137,412461527,8.94111111111111
2014-05-01 00:00:00 UTC,223,1137,412462819,1.635
2014-05-01 00:00:00 UTC,223,1137,412461797,12.411249999999999
2014-05-01 00:00:00 UTC,479,-53,227472000,3.5869444444444443
2014-05-01 00:00:00 UTC,-545,-395,740382000,4.5476388888888888
2014-05-01 00:00:00 UTC,-545,-396,740382000,15.859444444444442
2014-05-01 00:00:00 UTC,-545,-394,740382000,3.0636111111111113
2014-05-01 00:00:00 UTC,-33,-1569,412695580,1.2779166666666668
2014-05-01 00:00:00 UTC,-33,-1570,412695580,1.8856944444444443
2014-05-01 00:00:00 UTC,-33,-1571,412695580,1.8359722222222223
2014-05-01 00:00:00 UTC,-33,-1754,520238000,1.2958333333333334
2014-05-01 00:00:00 UTC,-33,-1792,416000179,1.3156944444444445
2014-05-01 00:00:00 UTC,-33,-1789,416004553,1.6916666666666667
2014-05-01 00:00:00 UTC,-33,-1797,416004565,4.689861111111111
2014-05-01 00:00:00 UTC,-33,-1736,412420584,4.7586111111111116
2014-05-01 00:00:00 UTC,-33,-1735,412420585,0.89222222222222225
2014-05-01 00:00:00 UTC,224,1137,412462081,2.3808333333333334
2014-05-01 00:00:00 UTC,224,1137,412462086,13.408750000000003
2014-05-01 00:00:00 UTC,224,1138,412462611,14.399166666666666
2014-05-01 00:00:00 UTC,224,1137,412462611,6.9127777777777766
2014-05-01 00:00:00 UTC,224,1137,412461845,15.59375
2014-05-01 00:00:00 UTC,224,1137,412461847,12.200138888888889
2014-05-01 00:00:00 UTC,224,1146,412463896,10.626666666666667
2014-05-01 00:00:00 UTC,224,1147,412463898,1.565
2014-05-01 00:00:00 UTC,224,1148,412463898,3.2055555555555557
2014-05-01 00:00:00 UTC,224,1149,412463898,8.8076388888888886
2014-05-01 00:00:00 UTC,224,1136,138550555,0.99625000000000008
2014-05-01 00:00:00 UTC,224,1138,412462621,4.2162499999999987
2014-05-01 00:00:00 UTC,224,1139,412462621,16.291805555555555
2014-05-01 00:00:00 UTC,224,1202,416306463,0.7418055555555555
2014-05-01 00:00:00 UTC,224,1138,412462626,0.3175
2014-05-01 00:00:00 UTC,224,1138,412462117,1.00125
2014-05-01 00:00:00 UTC,224,1137,412462122,4.414305555555555
2014-05-01 00:00:00 UTC,224,1144,412472117,9.6490277777777784
2014-05-01 00:00:00 UTC,224,1138,412462652,13.887916666666667
2014-05-01 00:00:00 UTC,224,1139,412462652,10.013472222222223
2014-05-01 00:00:00 UTC,224,1137,412462398,1.2069444444444444
2014-05-01 00:00:00 UTC,224,1137,412462656,2.8019444444444441
2014-05-01 00:00:00 UTC,224,1138,412462656,0.73333333333333328
2014-05-01 00:00:00 UTC,224,1138,412462657,23.74583333333333
2014-05-01 00:00:00 UTC,224,1202,900014934,1.8995833333333334
2014-05-01 00:00:00 UTC,224,1146,412474972,1.7094444444444445
2014-05-01 00:00:00 UTC,224,1147,412474972,9.8265277777777769
2014-05-01 00:00:00 UTC,224,1203,416458600,3.5548611111111108
2014-05-01 00:00:00 UTC,224,1203,416458601,22.193055555555556
2014-05-01 00:00:00 UTC,224,1147,412474733,1.1944444444444446
2014-05-01 00:00:00 UTC,224,1146,412474733,0.42569444444444443
2014-05-01 00:00:00 UTC,224,1203,416458608,0.1822222222222222
2014-05-01 00:00:00 UTC,224,1202,416458609,2.5036111111111112
2014-05-01 00:00:00 UTC,224,1203,416458609,0.39625
2014-05-01 00:00:00 UTC,224,1136,412462217,1.4875
2014-05-01 00:00:00 UTC,224,1136,412462218,4.1701388888888893
2014-05-01 00:00:00 UTC,224,1139,800021392,24.029583333333338
2014-05-01 00:00:00 UTC,224,1147,412463768,9.5590277777777786
2014-05-01 00:00:00 UTC,224,1146,412463768,3.1541666666666663
2014-05-01 00:00:00 UTC,224,1137,412462242,18.868611111111111
2014-05-01 00:00:00 UTC,224,1136,412462246,12.693194444444444
2014-05-01 00:00:00 UTC,224,1137,412462246,0.34888888888888892
2014-05-01 00:00:00 UTC,224,1139,412478137,0.93444444444444441
2014-05-01 00:00:00 UTC,224,1136,888005818,1.5443055555555554
2014-05-01 00:00:00 UTC,224,1137,412462274,1.3709722222222223
2014-05-01 00:00:00 UTC,224,1136,412462274,3.3229166666666665
2014-05-01 00:00:00 UTC,224,1138,412462049,3.1104166666666666
2014-05-01 00:00:00 UTC,224,1138,412461816,9.6513888888888886
2014-05-01 00:00:00 UTC,480,-52,227472000,0.4075
2014-05-01 00:00:00 UTC,480,-53,227472000,0.72277777777777774
2014-05-01 00:00:00 UTC,480,-1254,367490280,9.9283333333333328
2014-05-01 00:00:00 UTC,736,211,259616000,1.9154166666666668
2014-05-01 00:00:00 UTC,736,213,259616000,3.1609722222222221
2014-05-01 00:00:00 UTC,-544,-395,725004140,4.5447222222222221
2014-05-01 00:00:00 UTC,-32,-1572,412695580,2.8059722222222225
2014-05-01 00:00:00 UTC,-32,-1570,412695580,3.4926388888888891
2014-05-01 00:00:00 UTC,-32,-1571,412695580,1.5236111111111112
2014-05-01 00:00:00 UTC,-32,-1569,412695580,2.2272222222222222
2014-05-01 00:00:00 UTC,-32,-1573,412695580,3.8284722222222225
2014-05-01 00:00:00 UTC,-32,-1790,416000179,1.6234722222222224
2014-05-01 00:00:00 UTC,-32,-1791,416000179,7.4338888888888892
2014-05-01 00:00:00 UTC,-32,-1792,416000179,0.53680555555555554
2014-05-01 00:00:00 UTC,-32,-1790,416004553,2.7827777777777776
2014-05-01 00:00:00 UTC,-32,-1793,416004565,2.7801388888888887
2014-05-01 00:00:00 UTC,225,1136,412462081,0.30458333333333332
2014-05-01 00:00:00 UTC,225,1137,412462081,1.3959722222222222
2014-05-01 00:00:00 UTC,225,1137,412462086,5.9709722222222217
2014-05-01 00:00:00 UTC,225,1137,412462611,2.7419444444444441
2014-05-01 00:00:00 UTC,225,1146,412463896,0.56680555555555556
2014-05-01 00:00:00 UTC,225,1148,412463898,0.25819444444444445
2014-05-01 00:00:00 UTC,225,1201,416306463,0.25194444444444442
2014-05-01 00:00:00 UTC,225,1202,416306463,0.91513888888888884
2014-05-01 00:00:00 UTC,225,1137,412462122,1.2115277777777778
2014-05-01 00:00:00 UTC,225,1202,900019758,1.8909722222222221
2014-05-01 00:00:00 UTC,225,1138,412462657,0.32416666666666666
2014-05-01 00:00:00 UTC,225,1201,200001105,0.84986111111111118
2014-05-01 00:00:00 UTC,225,1202,200001105,1.2613888888888889
2014-05-01 00:00:00 UTC,225,1136,412462427,0.77486111111111111
2014-05-01 00:00:00 UTC,225,1137,412462199,2.8593055555555558
2014-05-01 00:00:00 UTC,225,1137,412462462,3.4498611111111108
2014-05-01 00:00:00 UTC,225,1136,412462208,0.85416666666666674
2014-05-01 00:00:00 UTC,225,1137,412462208,1.6676388888888889
2014-05-01 00:00:00 UTC,225,1202,416003461,1.2601388888888889
2014-05-01 00:00:00 UTC,225,1201,416003461,3.8193055555555544
2014-05-01 00:00:00 UTC,225,1136,412462217,20.810138888888886
2014-05-01 00:00:00 UTC,225,1137,412462217,0.65402777777777787
2014-05-01 00:00:00 UTC,225,1136,412462218,0.28500000000000003
2014-05-01 00:00:00 UTC,225,1202,900019862,1.9898611111111113
2014-05-01 00:00:00 UTC,225,1201,900019862,1.0744444444444445
2014-05-01 00:00:00 UTC,225,1146,412463768,1.4197222222222223
2014-05-01 00:00:00 UTC,225,1137,412462242,0.36611111111111111
2014-05-01 00:00:00 UTC,225,1202,900019878,1.0331944444444443
2014-05-01 00:00:00 UTC,225,1201,900019878,0.5508333333333334
2014-05-01 00:00:00 UTC,225,1138,412461734,9.9131944444444446
2014-05-01 00:00:00 UTC,225,1136,412462246,0.39152777777777781
2014-05-01 00:00:00 UTC,225,1137,412475049,0.57430555555555551
2014-05-01 00:00:00 UTC,225,1137,412462254,0.37138888888888888
2014-05-01 00:00:00 UTC,225,1137,412462519,14.352777777777778
2014-05-01 00:00:00 UTC,225,1146,412472247,4.012083333333333
2014-05-01 00:00:00 UTC,225,1137,412462274,0.5576388888888888
2014-05-01 00:00:00 UTC,225,1136,412462275,3.1025
2014-05-01 00:00:00 UTC,225,1137,412462275,0.60805555555555557
2014-05-01 00:00:00 UTC,225,1137,412462534,4.8577777777777769
2014-05-01 00:00:00 UTC,225,1137,412462279,6.2643055555555565
2014-05-01 00:00:00 UTC,225,1202,900019918,0.55888888888888888
2014-05-01 00:00:00 UTC,225,1201,900019918,0.75138888888888877
2014-05-01 00:00:00 UTC,225,1137,412461525,11.436111111111112
2014-05-01 00:00:00 UTC,225,1136,412462293,0.37361111111111112
2014-05-01 00:00:00 UTC,225,1137,412462296,3.1056944444444441
2014-05-01 00:00:00 UTC,225,1137,412462062,2.0347222222222223
2014-05-01 00:00:00 UTC,481,-45,227319570,0.6365277777777778
2014-05-01 00:00:00 UTC,481,-45,228144000,1.8770833333333332
2014-05-01 00:00:00 UTC,481,-51,227472000,5.84625
2014-05-01 00:00:00 UTC,481,-52,227472000,1.0456944444444445
2014-05-01 00:00:00 UTC,481,-68,228378000,11.698888888888888
2014-05-01 00:00:00 UTC,481,-45,227573440,1.2606944444444443
2014-05-01 00:00:00 UTC,481,-50,228109000,0.58833333333333337
2014-05-01 00:00:00 UTC,481,-51,228109000,1.01625
2014-05-01 00:00:00 UTC,481,-67,227372000,5.4598611111111115
2014-05-01 00:00:00 UTC,481,-45,228037600,0.75819444444444439
2014-05-01 00:00:00 UTC,481,-1254,367490280,15.631666666666666
2014-05-01 00:00:00 UTC,737,211,259616000,5.3101388888888881
2014-05-01 00:00:00 UTC,737,210,259616000,1.3675000000000002
2014-05-01 00:00:00 UTC,-543,-526,441864000,3.1112500000000005
2014-05-01 00:00:00 UTC,-543,-395,725004140,5.3495833333333334
2014-05-01 00:00:00 UTC,-543,-396,725004140,4.6623611111111112
2014-05-01 00:00:00 UTC,-31,-1789,416000179,1.6361111111111113
2014-05-01 00:00:00 UTC,-31,-1788,416000179,1.2993055555555555
2014-05-01 00:00:00 UTC,-31,-1790,416000179,0.89875
2014-05-01 00:00:00 UTC,-31,-1792,416000179,0.3808333333333333
2014-05-01 00:00:00 UTC,-31,-1793,416000179,2.2022222222222223
2014-05-01 00:00:00 UTC,-31,-1792,416004553,7.3743055555555541
2014-05-01 00:00:00 UTC,-31,-1791,416004553,1.825
2014-05-01 00:00:00 UTC,-31,-1795,416004565,2.714722222222222
2014-05-01 00:00:00 UTC,-31,1734,538060006,2.7140277777777775
2014-05-01 00:00:00 UTC,226,1136,412461594,15.585972222222221
2014-05-01 00:00:00 UTC,226,1201,900019758,0.53569444444444447
2014-05-01 00:00:00 UTC,226,1153,412460335,2.7426388888888891
2014-05-01 00:00:00 UTC,226,1201,200001105,0.45902777777777781
2014-05-01 00:00:00 UTC,226,1136,412462427,8.2634722222222212
2014-05-01 00:00:00 UTC,226,1137,412462177,0.20541666666666666
2014-05-01 00:00:00 UTC,226,1136,412462177,6.7247222222222218
2014-05-01 00:00:00 UTC,226,1202,900020325,1.2087500000000002
2014-05-01 00:00:00 UTC,226,1137,412462462,4.3919444444444444
2014-05-01 00:00:00 UTC,226,1201,416003461,3.705277777777777
2014-05-01 00:00:00 UTC,226,1201,900019861,0.94180555555555545
2014-05-01 00:00:00 UTC,226,1136,412461717,0.25388888888888889
2014-05-01 00:00:00 UTC,226,1201,900019862,2.1901388888888893
2014-05-01 00:00:00 UTC,226,1136,412461718,17.898194444444442
2014-05-01 00:00:00 UTC,226,1136,412462242,0.28222222222222226
2014-05-01 00:00:00 UTC,226,1136,412462254,7.660694444444446
2014-05-01 00:00:00 UTC,226,1137,412462254,0.62694444444444453
2014-05-01 00:00:00 UTC,226,1146,412472247,1.3906944444444442
2014-05-01 00:00:00 UTC,226,1137,100874693,3.0144444444444445
2014-05-01 00:00:00 UTC,226,1136,412462534,7.8594444444444438
2014-05-01 00:00:00 UTC,226,1137,412462279,17.515138888888892
2014-05-01 00:00:00 UTC,226,1201,900019918,1.0679166666666666
2014-05-01 00:00:00 UTC,226,1137,412462289,23.791805555555555
2014-05-01 00:00:00 UTC,226,1137,412462296,21.706944444444442
2014-05-01 00:00:00 UTC,226,1202,800034280,1.8444444444444441
2014-05-01 00:00:00 UTC,482,-465,263533000,5.3459722222222226
2014-05-01 00:00:00 UTC,482,-50,228109000,7.2997222222222211
2014-05-01 00:00:00 UTC,482,-51,228109000,0.27236111111111111
2014-05-01 00:00:00 UTC,482,-66,227372000,13.887777777777778
2014-05-01 00:00:00 UTC,738,210,259616000,11.705833333333333
2014-05-01 00:00:00 UTC,738,209,259616000,3.1976388888888891
2014-05-01 00:00:00 UTC,738,208,259616000,1.5444444444444445
2014-05-01 00:00:00 UTC,-542,-528,441864000,1.56125
2014-05-01 00:00:00 UTC,-542,-526,441864000,3.0413888888888891
2014-05-01 00:00:00 UTC,-542,-523,441864000,4.8355555555555556
2014-05-01 00:00:00 UTC,-542,-527,441864000,4.6156944444444443
2014-05-01 00:00:00 UTC,-542,-524,441864000,0.79708333333333337
2014-05-01 00:00:00 UTC,-542,-396,725004140,8.7966666666666669
2014-05-01 00:00:00 UTC,-30,-1702,440648000,3.6044444444444443
2014-05-01 00:00:00 UTC,-30,-1788,416000179,4.5933333333333337
2014-05-01 00:00:00 UTC,-30,-1790,416004553,2.1643055555555555
2014-05-01 00:00:00 UTC,-30,-1791,416004553,4.5436111111111108
2014-05-01 00:00:00 UTC,-30,-1789,416004553,1.5025
2014-05-01 00:00:00 UTC,-30,-1795,416004565,2.4316666666666666
2014-05-01 00:00:00 UTC,227,1136,412461594,0.85402777777777783
2014-05-01 00:00:00 UTC,227,1201,900019757,0.24583333333333332
2014-05-01 00:00:00 UTC,227,1136,412461666,17.043055555555558
2014-05-01 00:00:00 UTC,227,1201,200007041,2.1341666666666668
2014-05-01 00:00:00 UTC,227,1200,200007041,3.1797222222222223
2014-05-01 00:00:00 UTC,227,1201,900019855,5.6466666666666665
2014-05-01 00:00:00 UTC,227,1201,900019861,2.8377777777777782
2014-05-01 00:00:00 UTC,227,1201,900019862,0.25083333333333335
2014-05-01 00:00:00 UTC,227,1136,412461718,1.328611111111111
2014-05-01 00:00:00 UTC,227,1201,800034280,5.2863888888888884
2014-05-01 00:00:00 UTC,227,1202,800034280,1.9195833333333334
2014-05-01 00:00:00 UTC,227,1201,416059627,6.7134722222222223
2014-05-01 00:00:00 UTC,227,1147,412463865,1.2013888888888888
2014-05-01 00:00:00 UTC,483,-84,227397000,11.705694444444445
2014-05-01 00:00:00 UTC,483,-464,263533000,1.5958333333333332
2014-05-01 00:00:00 UTC,483,-463,263533000,1.5055555555555555
2014-05-01 00:00:00 UTC,739,208,259616000,1.5166666666666666
2014-05-01 00:00:00 UTC,739,207,259616000,2.3472222222222223
2014-05-01 00:00:00 UTC,739,210,258154000,3.1527777777777777
2014-05-01 00:00:00 UTC,739,213,258154000,2.0038888888888891
2014-05-01 00:00:00 UTC,739,214,258154000,1.1277777777777778
2014-05-01 00:00:00 UTC,739,215,224905000,6.346111111111111
2014-05-01 00:00:00 UTC,739,214,224905000,2.3248611111111113
2014-05-01 00:00:00 UTC,739,339,258052000,1.57375
2014-05-01 00:00:00 UTC,739,346,258052000,1.5498611111111111
2014-05-01 00:00:00 UTC,739,340,277442000,3.0959722222222226
2014-05-01 00:00:00 UTC,-541,-533,441864000,5.3272222222222219
2014-05-01 00:00:00 UTC,-29,-1705,440648000,1.6283333333333334
2014-05-01 00:00:00 UTC,-29,-1704,440648000,3.8394444444444442
2014-05-01 00:00:00 UTC,-29,-1708,440648000,1.7234722222222221
2014-05-01 00:00:00 UTC,-29,-1707,440648000,2.1506944444444445
2014-05-01 00:00:00 UTC,-29,1788,529415000,1.1805555555555556
2014-05-01 00:00:00 UTC,-29,1791,529415000,1.9609722222222221
2014-05-01 00:00:00 UTC,-29,1790,529415000,2.6805555555555554
2014-05-01 00:00:00 UTC,-29,-1795,416004565,1.6829166666666666
2014-05-01 00:00:00 UTC,484,-96,228224000,15.468333333333334
2014-05-01 00:00:00 UTC,484,-57,227592000,5.3772222222222217
2014-05-01 00:00:00 UTC,484,-58,227592000,3.0030555555555556
2014-05-01 00:00:00 UTC,484,-56,227592000,0.61041666666666661
2014-05-01 00:00:00 UTC,484,-75,227483000,16.95125
2014-05-01 00:00:00 UTC,484,-57,228267900,0.78569444444444447
2014-05-01 00:00:00 UTC,484,1547,273445250,2.9625
2014-05-01 00:00:00 UTC,484,1546,273445250,18.502222222222223
2014-05-01 00:00:00 UTC,484,-59,228297900,0.25819444444444445
2014-05-01 00:00:00 UTC,484,-462,263533000,6.497361111111112
2014-05-01 00:00:00 UTC,484,-84,227145700,6.2234722222222221
2014-05-01 00:00:00 UTC,484,-85,227145700,17.03263888888889
2014-05-01 00:00:00 UTC,484,1546,273428220,6.3969444444444443
2014-05-01 00:00:00 UTC,740,208,258154000,4.71625
2014-05-01 00:00:00 UTC,740,212,258154000,1.57375
2014-05-01 00:00:00 UTC,740,211,258154000,1.5363888888888888
2014-05-01 00:00:00 UTC,740,216,224905000,1.6154166666666667
2014-05-01 00:00:00 UTC,740,215,224905000,2.3333333333333335
2014-05-01 00:00:00 UTC,740,220,224905000,3.0956944444444443
2014-05-01 00:00:00 UTC,740,217,224905000,3.0962500000000004
2014-05-01 00:00:00 UTC,740,218,224905000,4.6736111111111107
2014-05-01 00:00:00 UTC,740,213,224871000,1.5444444444444443
2014-05-01 00:00:00 UTC,740,217,224871000,6.2484722222222224
2014-05-01 00:00:00 UTC,740,219,224871000,1.586111111111111
2014-05-01 00:00:00 UTC,740,218,224871000,1.5459722222222223
2014-05-01 00:00:00 UTC,740,214,224871000,1.5499999999999998
2014-05-01 00:00:00 UTC,740,220,224871000,1.5418055555555554
2014-05-01 00:00:00 UTC,740,215,224871000,3.1552777777777776
2014-05-01 00:00:00 UTC,740,216,224871000,1.5470833333333331
2014-05-01 00:00:00 UTC,740,344,276388000,1.5501388888888887
2014-05-01 00:00:00 UTC,740,342,276388000,10.958055555555555
2014-05-01 00:00:00 UTC,740,339,276388000,2.3765277777777776
2014-05-01 00:00:00 UTC,740,346,276388000,1.5391666666666666
2014-05-01 00:00:00 UTC,740,340,276388000,3.9180555555555556
2014-05-01 00:00:00 UTC,740,345,258052000,1.5390277777777779
2014-05-01 00:00:00 UTC,740,343,258052000,3.1223611111111111
2014-05-01 00:00:00 UTC,740,339,258052000,1.5748611111111113
2014-05-01 00:00:00 UTC,740,341,258052000,3.1304166666666666
2014-05-01 00:00:00 UTC,740,342,277442000,1.5486111111111112
2014-05-01 00:00:00 UTC,740,341,277442000,1.5501388888888887
2014-05-01 00:00:00 UTC,740,344,277442000,1.5541666666666667
2014-05-01 00:00:00 UTC,740,345,277442000,1.5513888888888889
2014-05-01 00:00:00 UTC,740,343,277442000,1.5666666666666667
2014-05-01 00:00:00 UTC,-540,-744,725002350,1.5016666666666665
2014-05-01 00:00:00 UTC,-540,-743,725002350,3.1484722222222223
2014-05-01 00:00:00 UTC,-28,-1709,440648000,1.5677777777777777
2014-05-01 00:00:00 UTC,-28,1790,529415000,1.8779166666666667
2014-05-01 00:00:00 UTC,-28,-1793,416004552,10.07861111111111
2014-05-01 00:00:00 UTC,-28,-1795,416004565,1.3651388888888889
2014-05-01 00:00:00 UTC,485,-57,228203800,1.5598611111111111
2014-05-01 00:00:00 UTC,485,-58,228203800,1.1576388888888889
2014-05-01 00:00:00 UTC,485,-60,228203800,3.2875
2014-05-01 00:00:00 UTC,485,-56,227592000,1.4040277777777779
2014-05-01 00:00:00 UTC,485,-58,227592000,0.53069444444444447
2014-05-01 00:00:00 UTC,485,-57,227592000,2.2722222222222221
2014-05-01 00:00:00 UTC,485,-57,228165700,0.93750000000000011
2014-05-01 00:00:00 UTC,485,-58,228165700,2.7776388888888888
2014-05-01 00:00:00 UTC,485,-56,228165700,2.2269444444444444
2014-05-01 00:00:00 UTC,485,-56,228021600,0.23944444444444446
2014-05-01 00:00:00 UTC,485,-58,228021600,5.2318055555555558
2014-05-01 00:00:00 UTC,485,-57,228021600,1.0306944444444444
2014-05-01 00:00:00 UTC,485,-59,227315560,6.108888888888889
2014-05-01 00:00:00 UTC,485,-57,227315560,1.8779166666666667
2014-05-01 00:00:00 UTC,485,-58,227315560,1.7991666666666666
2014-05-01 00:00:00 UTC,485,-74,227483000,8.23611111111111
2014-05-01 00:00:00 UTC,485,-58,228039800,1.7020833333333334
2014-05-01 00:00:00 UTC,485,-57,228039800,6.2629166666666656
2014-05-01 00:00:00 UTC,485,-57,228267900,2.7512499999999998
2014-05-01 00:00:00 UTC,485,-56,228267900,0.67694444444444446
2014-05-01 00:00:00 UTC,485,-58,228267900,3.079305555555556
2014-05-01 00:00:00 UTC,485,1548,273359270,1.6888888888888889
2014-05-01 00:00:00 UTC,485,1547,273359270,21.391111111111108
2014-05-01 00:00:00 UTC,485,-59,228297900,2.1895833333333332
2014-05-01 00:00:00 UTC,485,-57,228297900,0.82694444444444448
2014-05-01 00:00:00 UTC,485,-60,228297900,3.8190277777777775
2014-05-01 00:00:00 UTC,485,-58,228297900,4.649861111111111
2014-05-01 00:00:00 UTC,485,-60,227144900,1.5209722222222222
2014-05-01 00:00:00 UTC,485,-56,228004600,0.67777777777777781
2014-05-01 00:00:00 UTC,485,-60,228004600,3.8243055555555552
2014-05-01 00:00:00 UTC,485,-58,228004600,0.8258333333333332
2014-05-01 00:00:00 UTC,485,-59,228004600,5.1361111111111111
2014-05-01 00:00:00 UTC,485,-57,228004600,1.8426388888888892
2014-05-01 00:00:00 UTC,485,1547,273428220,6.2818055555555556
2014-05-01 00:00:00 UTC,485,1548,273428220,6.0515277777777783
2014-05-01 00:00:00 UTC,741,210,258154000,1.5527777777777778
2014-05-01 00:00:00 UTC,741,208,258154000,1.5526388888888889
2014-05-01 00:00:00 UTC,741,211,258154000,1.5443055555555556
2014-05-01 00:00:00 UTC,741,209,258154000,1.55
2014-05-01 00:00:00 UTC,741,222,224871000,3.1750000000000003
2014-05-01 00:00:00 UTC,741,221,224871000,1.5586111111111112
2014-05-01 00:00:00 UTC,741,173,273525900,3.1684722222222224
2014-05-01 00:00:00 UTC,741,344,276388000,1.5693055555555555
2014-05-01 00:00:00 UTC,741,345,276388000,1.5470833333333334
2014-05-01 00:00:00 UTC,741,346,258052000,1.5470833333333334
2014-05-01 00:00:00 UTC,741,345,258052000,1.5459722222222223
2014-05-01 00:00:00 UTC,741,345,277442000,1.5805555555555557
2014-05-01 00:00:00 UTC,741,347,277442000,7.1080555555555556
2014-05-01 00:00:00 UTC,-539,-398,665111117,6.4215277777777775
2014-05-01 00:00:00 UTC,-539,-399,665111117,1.6008333333333333
2014-05-01 00:00:00 UTC,-539,-744,725002350,3.1238888888888892
2014-05-01 00:00:00 UTC,-539,-747,725002350,6.2758333333333338
2014-05-01 00:00:00 UTC,-27,-1706,440648000,1.2486111111111109
2014-05-01 00:00:00 UTC,-27,-1711,440648000,3.3698611111111112
2014-05-01 00:00:00 UTC,-27,-1708,440648000,0.93583333333333329
2014-05-01 00:00:00 UTC,-27,-1710,440648000,0.88027777777777771
2014-05-01 00:00:00 UTC,-27,-1709,440648000,0.77472222222222231
2014-05-01 00:00:00 UTC,-27,1790,529415000,0.95680555555555558
2014-05-01 00:00:00 UTC,-27,1789,529415000,0.82763888888888892
2014-05-01 00:00:00 UTC,-27,-1791,416004552,4.30375
2014-05-01 00:00:00 UTC,-27,-1792,416004552,2.5388888888888888
2014-05-01 00:00:00 UTC,-27,-1793,416004552,1.3513888888888888
2014-05-01 00:00:00 UTC,-27,-1790,416004552,3.7606944444444443
2014-05-01 00:00:00 UTC,-27,-1795,416004565,1.8095833333333333
2014-05-01 00:00:00 UTC,-27,1727,538060005,0.638888888888889
2014-05-01 00:00:00 UTC,-27,-1664,412420863,3.8551388888888889
2014-05-01 00:00:00 UTC,230,1172,410001922,11.883055555555554
2014-05-01 00:00:00 UTC,230,1168,412470104,1.3752777777777778
2014-05-01 00:00:00 UTC,230,1167,412460381,6.9809722222222224
2014-05-01 00:00:00 UTC,230,1168,412470183,0.27097222222222223
2014-05-01 00:00:00 UTC,230,1168,412470185,2.5218055555555559
2014-05-01 00:00:00 UTC,230,1167,412469972,2.131388888888889
2014-05-01 00:00:00 UTC,230,1168,412469972,1.0379166666666668
2014-05-01 00:00:00 UTC,486,-57,228203800,2.1797222222222223
2014-05-01 00:00:00 UTC,486,-59,228203800,1.3944444444444444
2014-05-01 00:00:00 UTC,486,-58,228203800,1.3841666666666668
2014-05-01 00:00:00 UTC,486,-60,228203800,0.54041666666666677
2014-05-01 00:00:00 UTC,486,-17,227594540,10.63111111111111
2014-05-01 00:00:00 UTC,486,-18,227594540,2.1756944444444444
2014-05-01 00:00:00 UTC,486,-102,224040000,4.0140277777777778
2014-05-01 00:00:00 UTC,486,-103,224040000,4.6836111111111114
2014-05-01 00:00:00 UTC,486,-56,227592000,5.0529166666666674
2014-05-01 00:00:00 UTC,486,-58,227592000,3.1915277777777775
2014-05-01 00:00:00 UTC,486,-57,227592000,0.70097222222222222
2014-05-01 00:00:00 UTC,486,-57,228165700,0.66819444444444442
2014-05-01 00:00:00 UTC,486,-102,228935000,5.4752777777777784
2014-05-01 00:00:00 UTC,486,-101,228935000,10.281805555555554
2014-05-01 00:00:00 UTC,486,-56,228021600,2.2101388888888889
2014-05-01 00:00:00 UTC,486,-57,228021600,5.4125000000000005
2014-05-01 00:00:00 UTC,486,-59,228021600,10.995416666666667
2014-05-01 00:00:00 UTC,486,-18,228337000,5.919722222222223
2014-05-01 00:00:00 UTC,486,-17,228337000,5.921666666666666
2014-05-01 00:00:00 UTC,486,-58,227315560,1.830138888888889
2014-05-01 00:00:00 UTC,486,-57,227315560,2.3401388888888888
2014-05-01 00:00:00 UTC,486,-56,227315560,1.8429166666666668
2014-05-01 00:00:00 UTC,486,-59,227315560,0.85625
2014-05-01 00:00:00 UTC,486,-57,228039800,6.6211111111111105
2014-05-01 00:00:00 UTC,486,-57,228267900,4.29875
2014-05-01 00:00:00 UTC,486,-56,228267900,3.1986111111111111
2014-05-01 00:00:00 UTC,486,-59,228297900,3.2256944444444442
2014-05-01 00:00:00 UTC,486,-58,228297900,3.8416666666666668
2014-05-01 00:00:00 UTC,486,-59,228004600,1.2109722222222223
2014-05-01 00:00:00 UTC,486,-57,228004600,0.84402777777777782
2014-05-01 00:00:00 UTC,486,-58,228004600,0.92208333333333337
2014-05-01 00:00:00 UTC,486,-56,228004600,1.1148611111111113
2014-05-01 00:00:00 UTC,742,241,257466000,3.1651388888888889
2014-05-01 00:00:00 UTC,742,244,257466000,1.5373611111111112
2014-05-01 00:00:00 UTC,742,243,257466000,1.5765277777777778
2014-05-01 00:00:00 UTC,742,242,257466000,1.5608333333333333
2014-05-01 00:00:00 UTC,742,423,231107000,1.5348611111111112
2014-05-01 00:00:00 UTC,742,349,277442000,3.9137500000000003
2014-05-01 00:00:00 UTC,-538,-675,701000735,2.3269444444444445
2014-05-01 00:00:00 UTC,-538,-676,701000735,1.5656944444444445
2014-05-01 00:00:00 UTC,-538,-746,725002350,7.1263888888888882
2014-05-01 00:00:00 UTC,-538,-745,725002350,3.0454166666666667
2014-05-01 00:00:00 UTC,-538,-529,272364000,6.90625
2014-05-01 00:00:00 UTC,-538,-527,272364000,0.065
2014-05-01 00:00:00 UTC,-538,-525,272364000,1.5765277777777778
2014-05-01 00:00:00 UTC,-538,-526,272364000,2.4333333333333331
2014-05-01 00:00:00 UTC,-26,1799,440479000,2.6958333333333333
2014-05-01 00:00:00 UTC,-26,-1705,440648000,0.90430555555555547
2014-05-01 00:00:00 UTC,-26,1627,440584000,1.1343055555555555
2014-05-01 00:00:00 UTC,-26,1789,529415000,0.85125
2014-05-01 00:00:00 UTC,-26,1790,529415000,1.8386111111111112
2014-05-01 00:00:00 UTC,-26,1625,416004453,5.0863888888888891
2014-05-01 00:00:00 UTC,-26,-1796,416003709,15.591666666666665
2014-05-01 00:00:00 UTC,-26,-1789,416003756,2.8259722222222221
2014-05-01 00:00:00 UTC,-26,-1787,416003756,1.8327777777777778
2014-05-01 00:00:00 UTC,-26,-1792,416003756,1.2719444444444445
2014-05-01 00:00:00 UTC,-26,-1791,416003756,1.4795833333333333
2014-05-01 00:00:00 UTC,-26,-1793,416003756,3.4284722222222221
2014-05-01 00:00:00 UTC,-26,-1788,416003756,1.2672222222222222
2014-05-01 00:00:00 UTC,-26,-1794,416003756,7.9884722222222226
2014-05-01 00:00:00 UTC,-26,-1795,416003756,3.765138888888889
2014-05-01 00:00:00 UTC,-26,-1790,416003756,4.064861111111111
2014-05-01 00:00:00 UTC,-26,-1793,416004552,1.5498611111111109
2014-05-01 00:00:00 UTC,-26,-1796,416004565,2.770833333333333
2014-05-01 00:00:00 UTC,-26,-1795,416004565,4.6841666666666661
2014-05-01 00:00:00 UTC,231,1172,410001922,11.863888888888887
2014-05-01 00:00:00 UTC,231,1173,412469555,1.482361111111111
2014-05-01 00:00:00 UTC,231,1168,412460381,2.2024999999999997
2014-05-01 00:00:00 UTC,231,1167,412460381,0.47916666666666669
2014-05-01 00:00:00 UTC,231,1169,412470119,1.6502777777777777
2014-05-01 00:00:00 UTC,231,1169,412470128,0.53708333333333336
2014-05-01 00:00:00 UTC,231,1170,412470128,0.90180555555555553
2014-05-01 00:00:00 UTC,231,1169,412470135,0.6693055555555556
2014-05-01 00:00:00 UTC,231,1169,412470136,1.7543055555555553
2014-05-01 00:00:00 UTC,231,1169,412470139,2.8830555555555555
2014-05-01 00:00:00 UTC,231,1169,412470143,1.0851388888888889
2014-05-01 00:00:00 UTC,231,1168,412470154,2.0851388888888889
2014-05-01 00:00:00 UTC,231,1169,412470154,4.9504166666666665
2014-05-01 00:00:00 UTC,231,1169,412470161,2.2829166666666669
2014-05-01 00:00:00 UTC,231,1167,412470183,0.13333333333333333
2014-05-01 00:00:00 UTC,231,1168,412470183,0.38472222222222224
2014-05-01 00:00:00 UTC,231,1169,412470194,2.1694444444444443
2014-05-01 00:00:00 UTC,231,1169,412470197,1.04375
2014-05-01 00:00:00 UTC,231,1167,412460768,0.25291666666666668
2014-05-01 00:00:00 UTC,231,1168,412460768,2.7401388888888887
2014-05-01 00:00:00 UTC,231,1168,412460258,2.6675
2014-05-01 00:00:00 UTC,231,1168,412460772,0.73638888888888887
2014-05-01 00:00:00 UTC,231,1167,812460774,0.40055555555555555
2014-05-01 00:00:00 UTC,231,1168,812460774,2.7656944444444442
2014-05-01 00:00:00 UTC,231,1168,412460775,1.0554166666666667
2014-05-01 00:00:00 UTC,231,1168,412460265,2.3906944444444442
2014-05-01 00:00:00 UTC,231,1173,412446709,3.4330555555555562
2014-05-01 00:00:00 UTC,231,1174,412446709,3.6793055555555561
2014-05-01 00:00:00 UTC,231,1171,412446709,0.42097222222222219
2014-05-01 00:00:00 UTC,231,1172,412446709,2.7384722222222218
2014-05-01 00:00:00 UTC,231,1168,412460792,0.84208333333333329
2014-05-01 00:00:00 UTC,487,-58,228203800,10.602083333333333
2014-05-01 00:00:00 UTC,487,-56,228329000,0.5163888888888889
2014-05-01 00:00:00 UTC,487,-17,227594540,10.131388888888889
2014-05-01 00:00:00 UTC,487,-18,227594540,0.93625
2014-05-01 00:00:00 UTC,487,-91,228015700,16.22013888888889
2014-05-01 00:00:00 UTC,487,-57,228021600,3.6833333333333336
2014-05-01 00:00:00 UTC,487,-17,228337000,9.0640277777777776
2014-05-01 00:00:00 UTC,487,-56,227315560,5.4004166666666658
2014-05-01 00:00:00 UTC,487,-58,227315560,0.94666666666666666
2014-05-01 00:00:00 UTC,487,-57,227315560,1.2281944444444444
2014-05-01 00:00:00 UTC,487,-56,228039800,5.1270833333333341
2014-05-01 00:00:00 UTC,487,-56,228267900,5.6086111111111112
2014-05-01 00:00:00 UTC,487,-59,228297900,0.27902777777777776
2014-05-01 00:00:00 UTC,487,-58,228297900,0.51027777777777783
2014-05-01 00:00:00 UTC,487,-58,228004600,4.3018055555555552
2014-05-01 00:00:00 UTC,743,423,258410000,7.7861111111111114
2014-05-01 00:00:00 UTC,743,424,258410000,3.0875
2014-05-01 00:00:00 UTC,743,422,258410000,1.5668055555555556
2014-05-01 00:00:00 UTC,743,424,231835000,3.1497222222222221
2014-05-01 00:00:00 UTC,743,420,231835000,1.5472222222222223
2014-05-01 00:00:00 UTC,743,423,231835000,3.0765277777777778
2014-05-01 00:00:00 UTC,743,422,231835000,4.7640277777777778
2014-05-01 00:00:00 UTC,743,240,257466000,1.5445833333333332
2014-05-01 00:00:00 UTC,743,243,257466000,1.5387499999999998
2014-05-01 00:00:00 UTC,743,241,257466000,4.721111111111111
2014-05-01 00:00:00 UTC,743,242,257466000,1.5744444444444445
2014-05-01 00:00:00 UTC,743,425,231107000,2.4054166666666665
2014-05-01 00:00:00 UTC,743,421,231107000,5.5004166666666663
2014-05-01 00:00:00 UTC,743,423,231107000,10.087222222222222
2014-05-01 00:00:00 UTC,743,421,231053000,3.9080555555555558
2014-05-01 00:00:00 UTC,743,424,231053000,3.9252777777777776
2014-05-01 00:00:00 UTC,743,422,231053000,4.6484722222222228
2014-05-01 00:00:00 UTC,743,423,231053000,5.5320833333333335
2014-05-01 00:00:00 UTC,743,164,273212110,1.5458333333333334
2014-05-01 00:00:00 UTC,743,163,273212110,1.5445833333333334
2014-05-01 00:00:00 UTC,743,422,257153500,6.2441666666666666
2014-05-01 00:00:00 UTC,-537,-676,701000735,2.3144444444444443
2014-05-01 00:00:00 UTC,-537,-525,272364000,1.5569444444444445
2014-05-01 00:00:00 UTC,-537,-528,272364000,3.0300000000000002
2014-05-01 00:00:00 UTC,-537,-524,272364000,3.0584722222222225
2014-05-01 00:00:00 UTC,-537,-501,440854000,6.4308333333333341
2014-05-01 00:00:00 UTC,-25,-1705,440648000,1.6951388888888888
2014-05-01 00:00:00 UTC,-25,1627,440584000,1.0663888888888888
2014-05-01 00:00:00 UTC,-25,1626,440584000,4.8991666666666669
2014-05-01 00:00:00 UTC,-25,1790,529415000,2.0863888888888891
2014-05-01 00:00:00 UTC,-25,-1793,416004552,0.95444444444444443
2014-05-01 00:00:00 UTC,-25,1726,538060005,1.7249999999999999
2014-05-01 00:00:00 UTC,-25,-1665,412420863,3.7133333333333338
2014-05-01 00:00:00 UTC,-25,-1667,412420863,2.6566666666666663
2014-05-01 00:00:00 UTC,232,1168,412470545,2.6580555555555554
2014-05-01 00:00:00 UTC,232,1168,412470546,1.7904166666666663
2014-05-01 00:00:00 UTC,232,1169,412470546,4.1701388888888893
2014-05-01 00:00:00 UTC,232,1169,412470548,3.9597222222222221
2014-05-01 00:00:00 UTC,232,1168,412470548,1.2190277777777778
2014-05-01 00:00:00 UTC,232,1168,412470551,3.7713888888888887
2014-05-01 00:00:00 UTC,232,1169,412470551,3.6911111111111117
2014-05-01 00:00:00 UTC,232,1169,412470552,4.7404166666666665
2014-05-01 00:00:00 UTC,232,1168,412470552,0.25847222222222221
2014-05-01 00:00:00 UTC,232,1168,412470555,3.7605555555555554
2014-05-01 00:00:00 UTC,232,1169,412470555,2.027916666666667
2014-05-01 00:00:00 UTC,232,1173,412469555,2.0848611111111111
2014-05-01 00:00:00 UTC,232,-1537,367338850,2.1106944444444444
2014-05-01 00:00:00 UTC,232,1169,412470375,1.4438888888888888
2014-05-01 00:00:00 UTC,232,1168,412470375,4.3093055555555555
2014-05-01 00:00:00 UTC,232,1169,412475244,1.6377777777777778
2014-05-01 00:00:00 UTC,232,1168,412475244,2.1268055555555558
2014-05-01 00:00:00 UTC,232,1169,412470135,1.3690277777777777
2014-05-01 00:00:00 UTC,232,1169,412470154,3.7031944444444442
2014-05-01 00:00:00 UTC,232,1169,412470161,0.43402777777777779
2014-05-01 00:00:00 UTC,232,1167,412470183,0.10694444444444444
2014-05-01 00:00:00 UTC,232,1169,412470197,0.84972222222222227
2014-05-01 00:00:00 UTC,232,1169,412460265,0.54861111111111116
2014-05-01 00:00:00 UTC,232,1173,412446709,1.3097222222222222
2014-05-01 00:00:00 UTC,232,1174,412446709,0.81347222222222215
2014-05-01 00:00:00 UTC,232,1169,412470524,5.6731944444444444
2014-05-01 00:00:00 UTC,232,1168,412470525,1.679861111111111
2014-05-01 00:00:00 UTC,232,1169,412470525,0.79694444444444446
2014-05-01 00:00:00 UTC,488,-90,228015700,7.8086111111111114
2014-05-01 00:00:00 UTC,488,-56,228297900,4.0431944444444445
2014-05-01 00:00:00 UTC,488,-57,228297900,0.37208333333333332
2014-05-01 00:00:00 UTC,488,-73,226243000,5.3648611111111109
2014-05-01 00:00:00 UTC,744,423,258410000,4.7027777777777775
2014-05-01 00:00:00 UTC,744,422,258410000,3.0723611111111113
2014-05-01 00:00:00 UTC,744,424,258410000,1.6441666666666666
2014-05-01 00:00:00 UTC,744,162,273451570,3.1254166666666667
2014-05-01 00:00:00 UTC,744,404,277511000,3.0918055555555553
2014-05-01 00:00:00 UTC,744,401,277511000,3.1001388888888886
2014-05-01 00:00:00 UTC,744,405,277511000,1.5695833333333333
2014-05-01 00:00:00 UTC,744,402,277511000,1.5441666666666667
2014-05-01 00:00:00 UTC,744,400,277511000,5.47375
2014-05-01 00:00:00 UTC,744,399,277511000,1.5472222222222223
2014-05-01 00:00:00 UTC,744,422,231835000,6.1805555555555562
2014-05-01 00:00:00 UTC,744,423,231835000,3.1666666666666665
2014-05-01 00:00:00 UTC,744,162,273525900,1.558472222222222
2014-05-01 00:00:00 UTC,744,238,257466000,3.13625
2014-05-01 00:00:00 UTC,744,239,257466000,3.0768055555555556
2014-05-01 00:00:00 UTC,744,423,231107000,1.5498611111111111
2014-05-01 00:00:00 UTC,744,425,231107000,3.15
2014-05-01 00:00:00 UTC,744,421,231053000,1.5458333333333334
2014-05-01 00:00:00 UTC,744,422,231053000,1.5484722222222222
2014-05-01 00:00:00 UTC,744,423,231053000,3.1069444444444443
2014-05-01 00:00:00 UTC,744,162,273212110,7.0951388888888891
2014-05-01 00:00:00 UTC,744,422,257153500,11.720833333333333
2014-05-01 00:00:00 UTC,-536,-518,440755000,1.5898611111111109
2014-05-01 00:00:00 UTC,-536,-520,440755000,5.3350000000000009
2014-05-01 00:00:00 UTC,-536,1710,512008000,8.825555555555562
2014-05-01 00:00:00 UTC,-536,1711,512008000,13.124305555555553
2014-05-01 00:00:00 UTC,-536,-365,665111119,5.611250000000001
2014-05-01 00:00:00 UTC,-536,-363,665111119,4.8811111111111121
2014-05-01 00:00:00 UTC,-536,-502,440854000,0.80041666666666667
2014-05-01 00:00:00 UTC,-536,-501,440854000,2.3451388888888887
2014-05-01 00:00:00 UTC,-24,-1667,412420865,2.7722222222222221
2014-05-01 00:00:00 UTC,-24,1625,440584000,2.5358333333333336
2014-05-01 00:00:00 UTC,-24,1624,440584000,0.78069444444444447
2014-05-01 00:00:00 UTC,-24,1790,529415000,3.0294444444444446
2014-05-01 00:00:00 UTC,-24,-1794,416003709,1
2014-05-01 00:00:00 UTC,-24,-1795,416003709,11.594444444444445
2014-05-01 00:00:00 UTC,-24,-1794,416197600,1.6429166666666668
2014-05-01 00:00:00 UTC,-24,-1793,416197600,3.1225
2014-05-01 00:00:00 UTC,-24,-1791,416197600,1.8106944444444444
2014-05-01 00:00:00 UTC,-24,-1790,416197600,1.8812499999999999
2014-05-01 00:00:00 UTC,-24,-1792,416197600,5.9515277777777778
2014-05-01 00:00:00 UTC,-24,-1660,412420863,2.3191666666666668
2014-05-01 00:00:00 UTC,233,1168,412470528,2.017638888888889
2014-05-01 00:00:00 UTC,233,1170,412469766,12.268472222222222
2014-05-01 00:00:00 UTC,233,1169,412470545,1.1238888888888889
2014-05-01 00:00:00 UTC,233,1169,412470548,10.223333333333334
2014-05-01 00:00:00 UTC,233,1168,412470548,8.50375
2014-05-01 00:00:00 UTC,233,1172,800033558,8.4980555555555544
2014-05-01 00:00:00 UTC,233,1168,412470551,16.02236111111111
2014-05-01 00:00:00 UTC,233,1169,412470551,0.41777777777777775
2014-05-01 00:00:00 UTC,233,1169,412470552,2.1720833333333331
2014-05-01 00:00:00 UTC,233,1168,412470552,8.2441666666666666
2014-05-01 00:00:00 UTC,233,1168,412470555,0.65083333333333337
2014-05-01 00:00:00 UTC,233,1169,412470555,1
2014-05-01 00:00:00 UTC,233,1172,412460633,2.6047222222222222
2014-05-01 00:00:00 UTC,233,1172,412469852,1.8294444444444444
2014-05-01 00:00:00 UTC,233,1173,412469852,0.96763888888888894
2014-05-01 00:00:00 UTC,233,1172,412469597,0.34972222222222221
2014-05-01 00:00:00 UTC,233,-1537,367338850,1.6819444444444445
2014-05-01 00:00:00 UTC,233,-1536,367338850,0.88680555555555551
2014-05-01 00:00:00 UTC,233,1168,412470375,0.20833333333333331
2014-05-01 00:00:00 UTC,233,1169,412475244,10.287222222222223
2014-05-01 00:00:00 UTC,233,1168,412475244,9.16777777777778
2014-05-01 00:00:00 UTC,233,1170,412469873,13.056944444444447
2014-05-01 00:00:00 UTC,233,1171,412447602,3.0555555555555554
2014-05-01 00:00:00 UTC,233,1172,412469618,2.6004166666666668
2014-05-01 00:00:00 UTC,233,1171,412469618,0.265
2014-05-01 00:00:00 UTC,233,1170,412469883,4.9554166666666664
2014-05-01 00:00:00 UTC,233,1171,412469883,9.2165277777777757
2014-05-01 00:00:00 UTC,233,1170,412469119,6.8513888888888888
2014-05-01 00:00:00 UTC,233,1169,412469119,17.224305555555556
2014-05-01 00:00:00 UTC,233,1168,412470411,1.9155555555555557
2014-05-01 00:00:00 UTC,233,1167,412460183,0.23736111111111111
2014-05-01 00:00:00 UTC,233,1168,412460183,5.4863888888888885
2014-05-01 00:00:00 UTC,233,1172,811021731,2.0747222222222224
2014-05-01 00:00:00 UTC,233,1171,811021731,2.5605555555555553
2014-05-01 00:00:00 UTC,233,1166,412460758,2.1751388888888892
2014-05-01 00:00:00 UTC,233,1167,412460758,11.654444444444444
2014-05-01 00:00:00 UTC,233,1172,412469731,0.27986111111111112
2014-05-01 00:00:00 UTC,233,1171,412469731,0.22930555555555557
2014-05-01 00:00:00 UTC,233,1169,412470501,3.9547222222222222
2014-05-01 00:00:00 UTC,233,1167,412311015,0.747361111111111
2014-05-01 00:00:00 UTC,233,1165,412311015,1.0473611111111112
2014-05-01 00:00:00 UTC,233,1166,412311015,22.418888888888887
2014-05-01 00:00:00 UTC,233,1170,412469753,9.4447222222222216
2014-05-01 00:00:00 UTC,233,1171,412469753,0.30208333333333331
2014-05-01 00:00:00 UTC,233,1169,412470521,0.41736111111111113
2014-05-01 00:00:00 UTC,233,1168,412470521,1.8198611111111112
2014-05-01 00:00:00 UTC,233,1170,412469244,9.6920833333333345
2014-05-01 00:00:00 UTC,233,1169,412469244,10.814444444444446
2014-05-01 00:00:00 UTC,233,1169,412470524,2.3823611111111109
2014-05-01 00:00:00 UTC,233,1168,412470525,0.34111111111111114
2014-05-01 00:00:00 UTC,233,1169,412470525,0.6101388888888889
2014-05-01 00:00:00 UTC,233,1169,412470527,0.48486111111111113
2014-05-01 00:00:00 UTC,489,-1268,316015632,9.1404166666666669
2014-05-01 00:00:00 UTC,489,-1267,316015632,1.3422222222222222
2014-05-01 00:00:00 UTC,489,-23,235087904,1.5350000000000001
2014-05-01 00:00:00 UTC,489,-22,235087904,0.23472222222222222
2014-05-01 00:00:00 UTC,489,-22,235098054,0.43277777777777782
2014-05-01 00:00:00 UTC,489,-23,235098054,0.56305555555555564
2014-05-01 00:00:00 UTC,489,-110,225378000,9.9702777777777776
2014-05-01 00:00:00 UTC,489,-109,225378000,11.691111111111111
2014-05-01 00:00:00 UTC,489,-79,226177000,11.029305555555556
2014-05-01 00:00:00 UTC,489,-22,228115700,2.8729166666666668
2014-05-01 00:00:00 UTC,489,-23,228115700,1.1243055555555554
2014-05-01 00:00:00 UTC,489,-21,228115700,1.8287499999999999
2014-05-01 00:00:00 UTC,745,163,273555500,2.341388888888889
2014-05-01 00:00:00 UTC,745,162,273451570,1.546388888888889
2014-05-01 00:00:00 UTC,745,161,273451570,6.24388888888889
2014-05-01 00:00:00 UTC,745,429,273352280,1.5491666666666666
2014-05-01 00:00:00 UTC,745,162,273811080,1.5540277777777778
2014-05-01 00:00:00 UTC,745,161,273525900,3.895833333333333
2014-05-01 00:00:00 UTC,745,162,273212110,3.1595833333333334
2014-05-01 00:00:00 UTC,745,428,259659000,6.2805555555555559
2014-05-01 00:00:00 UTC,-535,-518,440755000,7.9133333333333331
2014-05-01 00:00:00 UTC,-535,1710,512008000,1.5176388888888885
2014-05-01 00:00:00 UTC,-535,1711,512008000,1.5466666666666664
2014-05-01 00:00:00 UTC,-535,-364,665111119,3.1745833333333326
2014-05-01 00:00:00 UTC,-535,-365,665111119,14.522638888888887
2014-05-01 00:00:00 UTC,-535,-502,440854000,3.7930555555555552
2014-05-01 00:00:00 UTC,-23,-1666,412420865,1.8563888888888891
2014-05-01 00:00:00 UTC,-23,-1665,412420865,2.7184722222222222
2014-05-01 00:00:00 UTC,-23,-1667,412420865,1.4280555555555554
2014-05-01 00:00:00 UTC,-23,1624,440584000,2.9113888888888892
2014-05-01 00:00:00 UTC,-23,1625,440584000,0.94708333333333339
2014-05-01 00:00:00 UTC,-23,1790,529415000,1.6404166666666669
2014-05-01 00:00:00 UTC,-23,1625,416004453,3.65625
2014-05-01 00:00:00 UTC,-23,-1633,440620000,0.9094444444444445
2014-05-01 00:00:00 UTC,-23,-1631,440620000,1.7191666666666667
2014-05-01 00:00:00 UTC,-23,-1791,416197600,1.2665277777777777
2014-05-01 00:00:00 UTC,-23,-1796,416197600,4.6325
2014-05-01 00:00:00 UTC,-23,-1792,416197600,1.6876388888888889
2014-05-01 00:00:00 UTC,-23,-1795,416197600,1.2705555555555554
2014-05-01 00:00:00 UTC,-23,-1798,416197600,4.6841666666666661
2014-05-01 00:00:00 UTC,-23,-1540,416119800,1.7901388888888887
2014-05-01 00:00:00 UTC,-23,-1538,416119800,1.8977777777777778
2014-05-01 00:00:00 UTC,-23,-1542,416119800,1.591388888888889
2014-05-01 00:00:00 UTC,-23,-1541,416119800,3.9777777777777779
2014-05-01 00:00:00 UTC,-23,-1543,416119800,1.7293055555555554
2014-05-01 00:00:00 UTC,-23,-1544,416119800,1.3624999999999998
2014-05-01 00:00:00 UTC,-23,-1537,416119800,1.0743055555555554
2014-05-01 00:00:00 UTC,-23,-1660,412420863,0.97402777777777783
2014-05-01 00:00:00 UTC,-23,-1659,412420863,0.86999999999999988
2014-05-01 00:00:00 UTC,234,-165,242952000,6.3030555555555559
2014-05-01 00:00:00 UTC,234,1169,412460373,17.76027777777778
2014-05-01 00:00:00 UTC,234,1172,412460633,0.54486111111111113
2014-05-01 00:00:00 UTC,234,1173,412469852,2.1830555555555557
2014-05-01 00:00:00 UTC,234,1172,412469852,4.465
2014-05-01 00:00:00 UTC,234,1172,412469597,14.035833333333333
2014-05-01 00:00:00 UTC,234,1173,412469597,1.44
2014-05-01 00:00:00 UTC,234,-1536,367338850,1.4527777777777777
2014-05-01 00:00:00 UTC,234,1172,412469618,11.518333333333336
2014-05-01 00:00:00 UTC,234,1173,412469618,2.973611111111111
2014-05-01 00:00:00 UTC,234,1172,412469658,0.71333333333333337
2014-05-01 00:00:00 UTC,234,1173,412469658,9.8820833333333322
2014-05-01 00:00:00 UTC,234,1169,800030891,1.3081944444444444
2014-05-01 00:00:00 UTC,234,1169,412460465,0.26666666666666666
2014-05-01 00:00:00 UTC,234,1173,412469731,7.6204166666666673
2014-05-01 00:00:00 UTC,234,1172,412469731,8.70625
2014-05-01 00:00:00 UTC,234,1171,412447213,11.260277777777777
2014-05-01 00:00:00 UTC,234,1172,412447213,1.4620833333333332
2014-05-01 00:00:00 UTC,234,1169,412460528,0.31069444444444444
2014-05-01 00:00:00 UTC,490,-25,227413000,0.27666666666666667
2014-05-01 00:00:00 UTC,490,-77,228174600,11.755694444444444
2014-05-01 00:00:00 UTC,490,-78,228174600,16.445416666666667
2014-05-01 00:00:00 UTC,490,-23,235087904,0.3997222222222222
2014-05-01 00:00:00 UTC,490,-20,235087904,2.8084722222222225
2014-05-01 00:00:00 UTC,490,-58,235000360,5.41875
2014-05-01 00:00:00 UTC,490,-29,228806000,0.28625
2014-05-01 00:00:00 UTC,490,-73,227941000,4.8352777777777778
2014-05-01 00:00:00 UTC,490,-25,228124900,0.6661111111111111
2014-05-01 00:00:00 UTC,490,-79,226177000,8.6272222222222226
2014-05-01 00:00:00 UTC,490,-60,232005610,4.7470833333333333
2014-05-01 00:00:00 UTC,490,-62,232005610,1.0362500000000001
2014-05-01 00:00:00 UTC,746,160,273451570,5.4961111111111114
2014-05-01 00:00:00 UTC,746,159,273451570,2.3368055555555554
2014-05-01 00:00:00 UTC,746,161,273451570,3.90125
2014-05-01 00:00:00 UTC,746,161,273817400,3.1473611111111111
2014-05-01 00:00:00 UTC,746,162,273354820,8.6336111111111116
2014-05-01 00:00:00 UTC,746,430,273352280,3.1286111111111112
2014-05-01 00:00:00 UTC,746,409,277511000,1.574861111111111
2014-05-01 00:00:00 UTC,746,408,277511000,1.6069444444444443
2014-05-01 00:00:00 UTC,746,411,277511000,1.5569444444444445
2014-05-01 00:00:00 UTC,746,160,273811080,1.5472222222222221
2014-05-01 00:00:00 UTC,746,163,273811080,3.1666666666666665
2014-05-01 00:00:00 UTC,746,161,273811080,3.1029166666666668
2014-05-01 00:00:00 UTC,746,162,273811080,3.1431944444444442
2014-05-01 00:00:00 UTC,746,160,273525900,1.5458333333333334
2014-05-01 00:00:00 UTC,746,163,273431440,3.1705555555555556
2014-05-01 00:00:00 UTC,746,162,273431440,4.7168055555555553
2014-05-01 00:00:00 UTC,746,162,273523100,5.44513888888889
2014-05-01 00:00:00 UTC,746,162,273212110,3.9244444444444442
2014-05-01 00:00:00 UTC,746,163,273350610,1.5736111111111111
2014-05-01 00:00:00 UTC,746,162,273350610,6.281944444444445
2014-05-01 00:00:00 UTC,746,429,259659000,1.550138888888889
2014-05-01 00:00:00 UTC,-534,-518,440755000,6.924027777777777
2014-05-01 00:00:00 UTC,-534,-504,440854000,3.8025
2014-05-01 00:00:00 UTC,-534,-506,440854000,1.5845833333333332
2014-05-01 00:00:00 UTC,-534,-507,440854000,5.3455555555555554
2014-05-01 00:00:00 UTC,-278,-892,224581000,1.6430555555555557
2014-05-01 00:00:00 UTC,-22,-1667,412420865,2.9595833333333332
2014-05-01 00:00:00 UTC,-22,1623,440584000,3.3551388888888889
2014-05-01 00:00:00 UTC,-22,1622,440584000,2.7791666666666668
2014-05-01 00:00:00 UTC,-22,1790,529415000,1.8113888888888889
2014-05-01 00:00:00 UTC,-22,1625,416004453,3.0188888888888892
2014-05-01 00:00:00 UTC,-22,-1702,440986000,1.6977777777777776
2014-05-01 00:00:00 UTC,-22,-1539,416119800,2.8205555555555555
2014-05-01 00:00:00 UTC,-22,-1541,416119800,3.1447222222222226
2014-05-01 00:00:00 UTC,-22,-1542,416119800,1.8179166666666666
2014-05-01 00:00:00 UTC,-22,-1538,416119800,0.7334722222222223
2014-05-01 00:00:00 UTC,-22,-1543,416119800,2.8187499999999996
2014-05-01 00:00:00 UTC,-22,-1660,412420863,1.4488888888888887
2014-05-01 00:00:00 UTC,235,1175,412447267,0.69680555555555557
2014-05-01 00:00:00 UTC,235,1176,412447267,0.96458333333333335
2014-05-01 00:00:00 UTC,235,1176,412447545,2.7413888888888889
2014-05-01 00:00:00 UTC,235,1175,412447545,11.271944444444445
2014-05-01 00:00:00 UTC,235,-165,242952000,6.517083333333332
2014-05-01 00:00:00 UTC,235,1169,412460373,0.26513888888888892
2014-05-01 00:00:00 UTC,235,1170,412460373,5.9
2014-05-01 00:00:00 UTC,235,-1535,367338850,1.8731944444444446
2014-05-01 00:00:00 UTC,235,1170,412460465,3.4965277777777781
2014-05-01 00:00:00 UTC,235,1169,412460465,0.15680555555555556
2014-05-01 00:00:00 UTC,235,1176,412444902,8.5980555555555558
2014-05-01 00:00:00 UTC,235,1170,412460528,5.12763888888889
2014-05-01 00:00:00 UTC,235,1169,412460528,8.79
2014-05-01 00:00:00 UTC,491,-25,227413000,0.95027777777777778
2014-05-01 00:00:00 UTC,491,-59,235000360,4.5798611111111107
2014-05-01 00:00:00 UTC,491,-57,235086141,1.0572222222222223
2014-05-01 00:00:00 UTC,491,-58,235086141,3.2931944444444445
2014-05-01 00:00:00 UTC,491,-59,235086141,3.827638888888889
2014-05-01 00:00:00 UTC,491,-57,232005780,5.6043055555555554
2014-05-01 00:00:00 UTC,491,-62,235096987,6.16388888888889
2014-05-01 00:00:00 UTC,491,-26,227940000,13.576111111111112
2014-05-01 00:00:00 UTC,491,-25,227940000,4.3923611111111125
2014-05-01 00:00:00 UTC,491,-22,235098054,0.34902777777777783
2014-05-01 00:00:00 UTC,491,-64,228148700,1.5611111111111111
2014-05-01 00:00:00 UTC,491,-66,228148700,10.64013888888889
2014-05-01 00:00:00 UTC,491,-65,228148700,1.1570833333333335
2014-05-01 00:00:00 UTC,491,-63,228148700,1.3156944444444443
2014-05-01 00:00:00 UTC,491,-25,228124900,0.57277777777777783
2014-05-01 00:00:00 UTC,491,-77,226177000,5.3097222222222218
2014-05-01 00:00:00 UTC,491,-62,232005610,0.98888888888888893
2014-05-01 00:00:00 UTC,491,-58,232005610,7.4295833333333334
2014-05-01 00:00:00 UTC,491,-60,232005610,2.8923611111111107
2014-05-01 00:00:00 UTC,491,-61,232005610,0.7583333333333333
2014-05-01 00:00:00 UTC,491,-57,232005610,0.33208333333333334
2014-05-01 00:00:00 UTC,491,-59,232005610,6.518472222222222
2014-05-01 00:00:00 UTC,491,-17,226198000,1.1575
2014-05-01 00:00:00 UTC,747,163,273817400,4.7256944444444446
2014-05-01 00:00:00 UTC,747,161,273354820,3.0847222222222221
2014-05-01 00:00:00 UTC,747,158,273354820,1.5722222222222222
2014-05-01 00:00:00 UTC,747,159,273354820,7.8113888888888887
2014-05-01 00:00:00 UTC,747,162,273354820,2.3455555555555554
2014-05-01 00:00:00 UTC,747,161,273295700,1.5554166666666667
2014-05-01 00:00:00 UTC,747,411,277511000,1.5668055555555556
2014-05-01 00:00:00 UTC,747,159,273811080,3.1029166666666668
2014-05-01 00:00:00 UTC,747,162,273811080,1.5693055555555555
2014-05-01 00:00:00 UTC,747,170,273525900,3.166666666666667
2014-05-01 00:00:00 UTC,747,166,273525900,1.5430555555555556
2014-05-01 00:00:00 UTC,747,161,273525900,1.5501388888888887
2014-05-01 00:00:00 UTC,747,160,273431440,1.5841666666666667
2014-05-01 00:00:00 UTC,747,162,273523100,2.3334722222222224
2014-05-01 00:00:00 UTC,747,159,273523100,3.9343055555555555
2014-05-01 00:00:00 UTC,747,160,273523100,2.3044444444444445
2014-05-01 00:00:00 UTC,747,163,273350610,2.3583333333333334
2014-05-01 00:00:00 UTC,747,161,273350610,7.8194444444444446
2014-05-01 00:00:00 UTC,747,431,259659000,11.730416666666667
2014-05-01 00:00:00 UTC,747,430,259659000,3.8751388888888894
2014-05-01 00:00:00 UTC,-533,-518,440755000,2.3523611111111111
2014-05-01 00:00:00 UTC,-277,-891,224581000,1.3336111111111111
2014-05-01 00:00:00 UTC,-21,-1667,412420865,1.7319444444444445
2014-05-01 00:00:00 UTC,-21,1622,440584000,2.0236111111111112
2014-05-01 00:00:00 UTC,-21,1621,440584000,2.8176388888888888
2014-05-01 00:00:00 UTC,-21,1790,529415000,3.1786111111111111
2014-05-01 00:00:00 UTC,-21,1626,416004453,3.6852777777777774
2014-05-01 00:00:00 UTC,-21,1625,416004453,0.95277777777777772
2014-05-01 00:00:00 UTC,-21,-1702,440986000,2.4334722222222225
2014-05-01 00:00:00 UTC,-21,-1682,440504000,0.92847222222222225
2014-05-01 00:00:00 UTC,-21,-1684,440504000,0.84916666666666663
2014-05-01 00:00:00 UTC,-21,-1683,440504000,0.85694444444444451
2014-05-01 00:00:00 UTC,-21,90,601179600,1.129861111111111
2014-05-01 00:00:00 UTC,-21,92,601179600,0.875
2014-05-01 00:00:00 UTC,-21,-1634,440620000,0.775
2014-05-01 00:00:00 UTC,-21,-1632,440620000,1.2348611111111112
2014-05-01 00:00:00 UTC,-21,-1633,440620000,0.92472222222222222
2014-05-01 00:00:00 UTC,-21,-1660,412420863,2.1525
2014-05-01 00:00:00 UTC,236,-165,242952000,1.1059722222222224
2014-05-01 00:00:00 UTC,236,-1534,367338850,2.7308333333333334
2014-05-01 00:00:00 UTC,236,1226,416001437,0.91805555555555562
2014-05-01 00:00:00 UTC,236,1228,416001437,0.8173611111111112
2014-05-01 00:00:00 UTC,236,1175,412596666,1.5691666666666668
2014-05-01 00:00:00 UTC,492,-62,235000360,3.4766666666666666
2014-05-01 00:00:00 UTC,492,-57,235000360,2.6422222222222222
2014-05-01 00:00:00 UTC,492,-58,235000360,3.5956944444444443
2014-05-01 00:00:00 UTC,492,-63,235000360,0.59722222222222221
2014-05-01 00:00:00 UTC,492,-70,227347000,8.4806944444444454
2014-05-01 00:00:00 UTC,492,-57,235086141,5.4406944444444445
2014-05-01 00:00:00 UTC,492,-56,235086141,2.8194444444444446
2014-05-01 00:00:00 UTC,492,-1272,316005448,1.2520833333333332
2014-05-01 00:00:00 UTC,492,-1271,316005448,0.22263888888888889
2014-05-01 00:00:00 UTC,492,-59,228238700,0.26555555555555554
2014-05-01 00:00:00 UTC,492,-62,227312000,2.9459722222222222
2014-05-01 00:00:00 UTC,492,-61,227312000,1.7952777777777778
2014-05-01 00:00:00 UTC,492,-61,232005520,3.6640277777777777
2014-05-01 00:00:00 UTC,492,-59,232005520,1.0494444444444444
2014-05-01 00:00:00 UTC,492,-60,232005520,5.6252777777777769
2014-05-01 00:00:00 UTC,492,-57,232005520,2.6598611111111112
2014-05-01 00:00:00 UTC,492,-58,232005520,1.2547222222222223
2014-05-01 00:00:00 UTC,492,-57,232005780,2.4740277777777777
2014-05-01 00:00:00 UTC,492,-60,232005780,1.1165277777777778
2014-05-01 00:00:00 UTC,492,-59,232005780,3.4212499999999997
2014-05-01 00:00:00 UTC,492,-57,235096987,0.24236111111111108
2014-05-01 00:00:00 UTC,492,-25,227940000,1.1444444444444444
2014-05-01 00:00:00 UTC,492,-26,227940000,2.5036111111111112
2014-05-01 00:00:00 UTC,492,-59,235002810,3.3430555555555554
2014-05-01 00:00:00 UTC,492,-57,235002810,3.0969444444444445
2014-05-01 00:00:00 UTC,492,-56,235002810,0.9323611111111112
2014-05-01 00:00:00 UTC,492,-60,235002820,2.63
2014-05-01 00:00:00 UTC,492,-63,228148700,0.46458333333333335
2014-05-01 00:00:00 UTC,492,-64,228148700,1.7722222222222221
2014-05-01 00:00:00 UTC,492,-58,232005610,0.32527777777777778
2014-05-01 00:00:00 UTC,748,158,273550600,1.5848611111111111
2014-05-01 00:00:00 UTC,748,157,273550600,1.5331944444444445
2014-05-01 00:00:00 UTC,748,160,273811080,1.56375
2014-05-01 00:00:00 UTC,748,157,273525900,2.3583333333333334
2014-05-01 00:00:00 UTC,748,164,273525900,1.5569444444444445
2014-05-01 00:00:00 UTC,748,157,273523100,1.55375
2014-05-01 00:00:00 UTC,-276,1535,503462200,2.3405555555555555
2014-05-01 00:00:00 UTC,-20,-1668,412420865,1.6899999999999997
2014-05-01 00:00:00 UTC,-20,-1667,412420865,1.8822222222222222
2014-05-01 00:00:00 UTC,-20,-1669,412420865,0.96597222222222223
2014-05-01 00:00:00 UTC,-20,1626,416004453,11.418055555555554
2014-05-01 00:00:00 UTC,-20,-1701,440986000,2.256388888888889
2014-05-01 00:00:00 UTC,-20,-1702,440986000,0.77083333333333337
2014-05-01 00:00:00 UTC,-20,-1540,416010900,3.6305555555555555
2014-05-01 00:00:00 UTC,-20,-1538,416010900,1.3036111111111111
2014-05-01 00:00:00 UTC,-20,-1686,440504000,0.76972222222222231
2014-05-01 00:00:00 UTC,-20,-1688,440504000,1.5976388888888891
2014-05-01 00:00:00 UTC,-20,-1685,440504000,0.54138888888888892
2014-05-01 00:00:00 UTC,-20,-1634,440620000,0.4029166666666667
2014-05-01 00:00:00 UTC,-20,-1661,412420863,1.8234722222222224
2014-05-01 00:00:00 UTC,237,1226,416002067,6.15388888888889
2014-05-01 00:00:00 UTC,237,1227,416002067,0.67138888888888892
2014-05-01 00:00:00 UTC,237,1228,416002067,8.0493055555555557
2014-05-01 00:00:00 UTC,237,-163,242952000,0.62652777777777779
2014-05-01 00:00:00 UTC,237,-1532,367338850,2.2229166666666664
2014-05-01 00:00:00 UTC,237,1228,416001437,9.4202777777777786
2014-05-01 00:00:00 UTC,237,1226,416001437,6.077638888888889
2014-05-01 00:00:00 UTC,237,1225,416001437,0.25416666666666665
2014-05-01 00:00:00 UTC,237,1227,416001437,0.92527777777777764
2014-05-01 00:00:00 UTC,237,1178,412445392,0.63916666666666666
2014-05-01 00:00:00 UTC,493,-69,227392000,3.3112500000000002
2014-05-01 00:00:00 UTC,493,-60,232005890,6.1251388888888885
2014-05-01 00:00:00 UTC,493,-61,232005890,0.39013888888888892
2014-05-01 00:00:00 UTC,493,-58,228213000,6.6715277777777775
2014-05-01 00:00:00 UTC,493,-59,228213000,5.6002777777777766
2014-05-01 00:00:00 UTC,493,-68,227391000,1.8747222222222222
2014-05-01 00:00:00 UTC,493,-70,227391000,6.994305555555556
2014-05-01 00:00:00 UTC,493,-67,227391000,3.2481944444444442
2014-05-01 00:00:00 UTC,493,-58,235000360,3.2341666666666669
2014-05-01 00:00:00 UTC,493,-68,227347000,1.4194444444444445
2014-05-01 00:00:00 UTC,493,-69,227347000,1.1354166666666665
2014-05-01 00:00:00 UTC,493,-57,235086141,0.62819444444444439
2014-05-01 00:00:00 UTC,493,-56,235086141,5.3094444444444449
2014-05-01 00:00:00 UTC,493,-55,235086141,0.9636111111111112
2014-05-01 00:00:00 UTC,493,-1273,316005448,1.42
2014-05-01 00:00:00 UTC,493,-1272,316005448,0.99291666666666667
2014-05-01 00:00:00 UTC,493,-64,227143500,0.87083333333333335
2014-05-01 00:00:00 UTC,493,-62,227143500,2.1225
2014-05-01 00:00:00 UTC,493,-61,227143500,4.7133333333333338
2014-05-01 00:00:00 UTC,493,-60,227143500,1.045
2014-05-01 00:00:00 UTC,493,-63,227143500,6.5625000000000009
2014-05-01 00:00:00 UTC,493,-60,228238700,0.27402777777777776
2014-05-01 00:00:00 UTC,493,-67,227558000,1.4822222222222223
2014-05-01 00:00:00 UTC,493,-63,227558000,1.1654166666666668
2014-05-01 00:00:00 UTC,493,-66,227558000,1.6752777777777781
2014-05-01 00:00:00 UTC,493,-64,227558000,1.0527777777777778
2014-05-01 00:00:00 UTC,493,-59,227558000,2.2833333333333332
2014-05-01 00:00:00 UTC,493,-60,227558000,1.27
2014-05-01 00:00:00 UTC,493,-65,227558000,1.6568055555555554
2014-05-01 00:00:00 UTC,493,-62,227558000,1.7472222222222222
2014-05-01 00:00:00 UTC,493,-61,227558000,1.131388888888889
2014-05-01 00:00:00 UTC,493,-57,232005520,5.226805555555555
2014-05-01 00:00:00 UTC,493,-58,232005520,3.3136111111111108
2014-05-01 00:00:00 UTC,493,-55,232005780,1.1066666666666667
2014-05-01 00:00:00 UTC,493,-56,232005780,0.28083333333333338
2014-05-01 00:00:00 UTC,493,-60,232005780,2.0019444444444443
2014-05-01 00:00:00 UTC,493,-57,235096987,0.93374999999999986
2014-05-01 00:00:00 UTC,493,-56,235096987,1.37375
2014-05-01 00:00:00 UTC,493,-58,235002810,1.4648611111111112
2014-05-01 00:00:00 UTC,493,-55,235002810,1.7397222222222224
2014-05-01 00:00:00 UTC,493,-59,235002810,1.7645833333333334
2014-05-01 00:00:00 UTC,493,-56,235002810,4.3868055555555552
2014-05-01 00:00:00 UTC,493,-60,235002810,2.8311111111111109
2014-05-01 00:00:00 UTC,493,-57,235002810,0.21638888888888891
2014-05-01 00:00:00 UTC,493,-60,235002820,1.0911111111111111
2014-05-01 00:00:00 UTC,493,-59,235002820,2.0363888888888892
2014-05-01 00:00:00 UTC,493,-8,226156000,0.515
2014-05-01 00:00:00 UTC,749,155,273514800,3.0868055555555554
2014-05-01 00:00:00 UTC,749,156,273514800,1.5852777777777778
2014-05-01 00:00:00 UTC,749,161,273514800,1.5484722222222222
2014-05-01 00:00:00 UTC,749,157,273514800,1.6098611111111112
2014-05-01 00:00:00 UTC,749,159,273514800,1.5325000000000002
2014-05-01 00:00:00 UTC,749,158,273525900,1.5623611111111111
2014-05-01 00:00:00 UTC,749,160,273431440,1.5902777777777777
2014-05-01 00:00:00 UTC,749,158,273523100,3.9865277777777779
2014-05-01 00:00:00 UTC,749,160,273523100,2.3140277777777776
2014-05-01 00:00:00 UTC,-275,-891,224581000,0.58124999999999993
2014-05-01 00:00:00 UTC,-275,-890,224581000,0.37666666666666671
2014-05-01 00:00:00 UTC,-275,346,255501000,0.048194444444444449
2014-05-01 00:00:00 UTC,-19,-1667,412420865,3.6552777777777776
2014-05-01 00:00:00 UTC,-19,1790,529415000,0.90013888888888882
2014-05-01 00:00:00 UTC,-19,-1701,440986000,2.4815277777777776
2014-05-01 00:00:00 UTC,-19,-1689,440504000,0.95777777777777784
2014-05-01 00:00:00 UTC,-19,-1636,440620000,1.8541666666666667
2014-05-01 00:00:00 UTC,-19,-1634,440620000,1.8959722222222219
2014-05-01 00:00:00 UTC,-19,-1635,440620000,1.8359722222222221
2014-05-01 00:00:00 UTC,-19,-1662,412420863,4.5629166666666663
2014-05-01 00:00:00 UTC,238,1177,412445459,0.7844444444444445
2014-05-01 00:00:00 UTC,238,1178,412445459,2.0258333333333334
2014-05-01 00:00:00 UTC,238,1226,416002067,2.5081944444444444
2014-05-01 00:00:00 UTC,238,1178,412445465,2.4715277777777782
2014-05-01 00:00:00 UTC,238,1177,412445465,0.76583333333333337
2014-05-01 00:00:00 UTC,238,1178,412445473,4.0909722222222218
2014-05-01 00:00:00 UTC,238,1177,412445473,4.7730555555555556
2014-05-01 00:00:00 UTC,238,1177,412445474,0.53458333333333341
2014-05-01 00:00:00 UTC,238,1178,412445474,3.0884722222222227
2014-05-01 00:00:00 UTC,238,1177,412445476,0.68027777777777776
2014-05-01 00:00:00 UTC,238,1178,412445476,1.8912499999999999
2014-05-01 00:00:00 UTC,238,-1532,367338850,1.5611111111111111
2014-05-01 00:00:00 UTC,238,1227,416001437,4.0145833333333334
2014-05-01 00:00:00 UTC,238,1177,412445887,1.0641666666666667
2014-05-01 00:00:00 UTC,238,1178,412445392,2.9618055555555554
2014-05-01 00:00:00 UTC,494,-68,227392000,3.2080555555555552
2014-05-01 00:00:00 UTC,494,-66,227392000,4.1544444444444446
2014-05-01 00:00:00 UTC,494,-67,227392000,4.1697222222222221
2014-05-01 00:00:00 UTC,494,-65,227392000,1.1355555555555554
2014-05-01 00:00:00 UTC,494,-59,232005890,1.2384722222222222
2014-05-01 00:00:00 UTC,494,-60,232005890,1.1986111111111111
2014-05-01 00:00:00 UTC,494,-61,232005890,1.5863888888888891
2014-05-01 00:00:00 UTC,494,-55,228213000,9.5594444444444449
2014-05-01 00:00:00 UTC,494,-65,227391000,1.98875
2014-05-01 00:00:00 UTC,494,-66,227391000,2.9490277777777782
2014-05-01 00:00:00 UTC,494,-67,227391000,5.8072222222222223
2014-05-01 00:00:00 UTC,494,-66,227347000,0.8913888888888889
2014-05-01 00:00:00 UTC,494,-71,227347000,9.0395833333333329
2014-05-01 00:00:00 UTC,494,-67,227347000,3.7098611111111119
2014-05-01 00:00:00 UTC,494,-56,235086141,0.5025
2014-05-01 00:00:00 UTC,494,-25,235065153,5.394166666666667
2014-05-01 00:00:00 UTC,494,-26,235065153,0.24819444444444444
2014-05-01 00:00:00 UTC,494,-2,227316550,0.57111111111111112
2014-05-01 00:00:00 UTC,494,-3,227316550,1.8723611111111111
2014-05-01 00:00:00 UTC,494,-1272,316005448,1.9575
2014-05-01 00:00:00 UTC,494,-1273,316005448,0.49569444444444444
2014-05-01 00:00:00 UTC,494,-62,227143500,0.28875
2014-05-01 00:00:00 UTC,494,-51,227313000,4.33611111111111
2014-05-01 00:00:00 UTC,494,-50,227313000,0.88763888888888887
2014-05-01 00:00:00 UTC,494,-60,227558000,0.22458333333333333
2014-05-01 00:00:00 UTC,494,-59,227558000,0.48569444444444443
2014-05-01 00:00:00 UTC,494,-68,227558000,5.86625
2014-05-01 00:00:00 UTC,494,-63,227312000,8.9669444444444437
2014-05-01 00:00:00 UTC,494,-60,227312000,4.8966666666666674
2014-05-01 00:00:00 UTC,494,-61,227312000,1.3406944444444444
2014-05-01 00:00:00 UTC,494,-59,227312000,2.4354166666666663
2014-05-01 00:00:00 UTC,494,-62,227312000,1.7302777777777778
2014-05-01 00:00:00 UTC,494,1556,273341320,8.6334722222222222
2014-05-01 00:00:00 UTC,494,1555,273341320,3.1080555555555556
2014-05-01 00:00:00 UTC,494,-56,232005780,1.1416666666666668
2014-05-01 00:00:00 UTC,494,-58,232005780,1.0780555555555555
2014-05-01 00:00:00 UTC,494,-57,232005780,0.89833333333333332
2014-05-01 00:00:00 UTC,494,-59,232005780,1.474861111111111
2014-05-01 00:00:00 UTC,494,-56,235096987,0.9981944444444445
2014-05-01 00:00:00 UTC,494,-33,235103644,1.2977777777777779
2014-05-01 00:00:00 UTC,494,-55,235002810,0.74097222222222214
2014-05-01 00:00:00 UTC,494,-56,235002810,4.4969444444444449
2014-05-01 00:00:00 UTC,494,-57,235002810,0.95805555555555555
2014-05-01 00:00:00 UTC,494,-49,227469000,8.8766666666666669
2014-05-01 00:00:00 UTC,494,-50,227469000,3.035277777777778
2014-05-01 00:00:00 UTC,494,-51,227469000,0.27319444444444441
2014-05-01 00:00:00 UTC,494,-58,227330000,4.9293055555555556
2014-05-01 00:00:00 UTC,494,-63,227330000,1.4668055555555555
2014-05-01 00:00:00 UTC,494,-59,227330000,1.42375
2014-05-01 00:00:00 UTC,494,-60,227330000,1.2969444444444442
2014-05-01 00:00:00 UTC,494,-57,227330000,0.58527777777777779
2014-05-01 00:00:00 UTC,494,-62,227330000,9.5263888888888868
2014-05-01 00:00:00 UTC,494,-61,227330000,2.0415277777777776
2014-05-01 00:00:00 UTC,494,-9,226156000,9.2515277777777776
2014-05-01 00:00:00 UTC,494,-8,226156000,3.4222222222222229
2014-05-01 00:00:00 UTC,494,-49,227468000,1.3966666666666667
2014-05-01 00:00:00 UTC,494,-50,227468000,3.2756944444444445
2014-05-01 00:00:00 UTC,494,-51,227468000,1.6891666666666667
2014-05-01 00:00:00 UTC,494,-48,227468000,6.7073611111111111
2014-05-01 00:00:00 UTC,494,-32,232006380,4.1295833333333318
2014-05-01 00:00:00 UTC,494,-32,235068406,6.1234722222222224
2014-05-01 00:00:00 UTC,494,-31,235068406,4.7298611111111111
2014-05-01 00:00:00 UTC,750,155,273514800,4.6918055555555558
2014-05-01 00:00:00 UTC,750,156,273514800,1.5581944444444444
2014-05-01 00:00:00 UTC,750,160,273514800,1.5458333333333334
2014-05-01 00:00:00 UTC,750,161,273514800,4.7426388888888891
2014-05-01 00:00:00 UTC,750,158,273514800,1.5498611111111111
2014-05-01 00:00:00 UTC,750,157,273817400,1.5544444444444445
2014-05-01 00:00:00 UTC,750,156,273525900,1.5331944444444445
2014-05-01 00:00:00 UTC,750,157,273431440,3.052777777777778
2014-05-01 00:00:00 UTC,750,156,273431440,1.5472222222222223
2014-05-01 00:00:00 UTC,750,157,273523100,1.5569444444444445
2014-05-01 00:00:00 UTC,750,156,273212110,3.1126388888888887
2014-05-01 00:00:00 UTC,-274,346,255501000,0.80402777777777779
2014-05-01 00:00:00 UTC,-274,620,416000464,2.9805555555555556
2014-05-01 00:00:00 UTC,-18,1627,440636000,5.450277777777778
2014-05-01 00:00:00 UTC,-18,-1701,440986000,3.4098611111111112
2014-05-01 00:00:00 UTC,-18,-1538,416010900,2.3222222222222224
2014-05-01 00:00:00 UTC,-18,-1537,416010900,2.3722222222222218
2014-05-01 00:00:00 UTC,-18,-1539,416010900,3.672361111111111
2014-05-01 00:00:00 UTC,-18,-1793,416004501,1.3499999999999999
2014-05-01 00:00:00 UTC,-18,-1637,440620000,2.6723611111111114
2014-05-01 00:00:00 UTC,-18,-1636,440620000,0.925138888888889
2014-05-01 00:00:00 UTC,239,1178,412445473,10.105694444444447
2014-05-01 00:00:00 UTC,239,1178,100000324,0.80986111111111114
2014-05-01 00:00:00 UTC,239,1177,100000324,0.48986111111111114
2014-05-01 00:00:00 UTC,239,-1530,367338850,4.1004166666666668
2014-05-01 00:00:00 UTC,495,-68,227392000,1.0704166666666666
2014-05-01 00:00:00 UTC,495,-59,232005890,0.25611111111111112
2014-05-01 00:00:00 UTC,495,-69,227381000,1.33125
2014-05-01 00:00:00 UTC,495,-3,227301390,23.537916666666668
2014-05-01 00:00:00 UTC,495,-33,232005400,0.27638888888888891
2014-05-01 00:00:00 UTC,495,-31,232005400,2.625833333333333
2014-05-01 00:00:00 UTC,495,-32,232005400,1.4498611111111113
2014-05-01 00:00:00 UTC,495,-2,227423000,4.8769444444444456
2014-05-01 00:00:00 UTC,495,-4,227423000,1.0863888888888888
2014-05-01 00:00:00 UTC,495,-1,227423000,0.215
2014-05-01 00:00:00 UTC,495,-3,227423000,17.45888888888889
2014-05-01 00:00:00 UTC,495,-66,227391000,0.74875
2014-05-01 00:00:00 UTC,495,-32,232005920,10.336111111111109
2014-05-01 00:00:00 UTC,495,-31,232005920,13.686388888888887
2014-05-01 00:00:00 UTC,495,-113,227380000,14.02361111111111
2014-05-01 00:00:00 UTC,495,-32,232005410,6.0673611111111105
2014-05-01 00:00:00 UTC,495,-31,232005410,17.798055555555557
2014-05-01 00:00:00 UTC,495,-39,232006960,0.3248611111111111
2014-05-01 00:00:00 UTC,495,-5,227316550,0.53041666666666665
2014-05-01 00:00:00 UTC,495,-6,227316550,2.3166666666666664
2014-05-01 00:00:00 UTC,495,-49,227313000,3.5722222222222224
2014-05-01 00:00:00 UTC,495,1555,273341320,10.018055555555557
2014-05-01 00:00:00 UTC,495,1556,273341320,1.5777777777777777
2014-05-01 00:00:00 UTC,495,-33,235103644,19.406666666666673
2014-05-01 00:00:00 UTC,495,-33,232007350,1.9381944444444446
2014-05-01 00:00:00 UTC,495,-31,232007350,1.455
2014-05-01 00:00:00 UTC,495,-32,232007350,3.4323611111111116
2014-05-01 00:00:00 UTC,495,-31,205155000,8.2090277777777754
2014-05-01 00:00:00 UTC,495,-32,205155000,10.910138888888888
2014-05-01 00:00:00 UTC,495,-7,205293000,0.49458333333333337
2014-05-01 00:00:00 UTC,495,-49,227469000,2.8895833333333334
2014-05-01 00:00:00 UTC,495,-47,227469000,2.1541666666666668
2014-05-01 00:00:00 UTC,495,-48,227469000,1.5538888888888889
2014-05-01 00:00:00 UTC,495,-58,227330000,0.38638888888888889
2014-05-01 00:00:00 UTC,495,1556,273842400,6.1397222222222219
2014-05-01 00:00:00 UTC,495,-9,226156000,1.6911111111111112
2014-05-01 00:00:00 UTC,495,-47,227468000,0.91097222222222218
2014-05-01 00:00:00 UTC,495,-48,227468000,3.1972222222222215
2014-05-01 00:00:00 UTC,495,-49,227468000,2.1847222222222222
2014-05-01 00:00:00 UTC,495,-50,227468000,0.23972222222222223
2014-05-01 00:00:00 UTC,495,-32,232006380,4.7236111111111114
2014-05-01 00:00:00 UTC,495,-31,232006380,8.2544444444444434
2014-05-01 00:00:00 UTC,495,-32,235068406,13.086944444444441
2014-05-01 00:00:00 UTC,751,153,273817400,2.3938888888888887
2014-05-01 00:00:00 UTC,751,155,273811080,1.5820833333333333
2014-05-01 00:00:00 UTC,751,155,273431440,1.5458333333333334
2014-05-01 00:00:00 UTC,-273,348,255501000,0.81111111111111112
2014-05-01 00:00:00 UTC,-273,1532,503539700,11.936111111111106
2014-05-01 00:00:00 UTC,-17,-1732,440542000,2.9072222222222219
2014-05-01 00:00:00 UTC,-17,1626,440636000,1.275
2014-05-01 00:00:00 UTC,-17,-1732,36764000,2.8386111111111112
2014-05-01 00:00:00 UTC,-17,-1702,440986000,0.86138888888888887
2014-05-01 00:00:00 UTC,-17,-1701,440986000,3.0073611111111114
2014-05-01 00:00:00 UTC,-17,-1538,416010900,1.850972222222222
2014-05-01 00:00:00 UTC,-17,-1535,416010900,4.472500000000001
2014-05-01 00:00:00 UTC,-17,-1536,416010900,1.4991666666666665
2014-05-01 00:00:00 UTC,-17,-1537,416010900,1.8295833333333333
2014-05-01 00:00:00 UTC,-17,-1638,440620000,1.7044444444444444
2014-05-01 00:00:00 UTC,-17,-1639,440620000,7.5625000000000009
2014-05-01 00:00:00 UTC,240,1180,200005658,1.5398611111111111
2014-05-01 00:00:00 UTC,240,1181,412444717,0.23625
2014-05-01 00:00:00 UTC,240,1181,412444718,0.49638888888888888
2014-05-01 00:00:00 UTC,240,-161,242045000,0.68638888888888894
2014-05-01 00:00:00 UTC,240,1181,412444753,0.48069444444444442
2014-05-01 00:00:00 UTC,240,1181,412444812,0.76208333333333322
2014-05-01 00:00:00 UTC,240,1180,412444812,16.515138888888888
2014-05-01 00:00:00 UTC,240,1180,412444813,12.375694444444447
2014-05-01 00:00:00 UTC,240,1181,412444813,0.81611111111111112
2014-05-01 00:00:00 UTC,240,1180,412444821,3.2394444444444446
2014-05-01 00:00:00 UTC,240,1181,412444824,0.35541666666666666
2014-05-01 00:00:00 UTC,240,1183,412444836,1.7051388888888888
2014-05-01 00:00:00 UTC,240,1180,856102872,14.467222222222224
2014-05-01 00:00:00 UTC,240,1181,856102872,0.40916666666666668
2014-05-01 00:00:00 UTC,496,-70,227381000,10.090833333333336
2014-05-01 00:00:00 UTC,496,-71,227381000,3.9754166666666668
2014-05-01 00:00:00 UTC,496,-112,227380000,4.6918055555555558
2014-05-01 00:00:00 UTC,496,-34,235087406,2.7237500000000003
2014-05-01 00:00:00 UTC,496,-35,235087406,0.44625
2014-05-01 00:00:00 UTC,496,-39,235087406,0.36486111111111108
2014-05-01 00:00:00 UTC,496,-40,235087406,3.9690277777777778
2014-05-01 00:00:00 UTC,496,-38,232006960,0.52319444444444441
2014-05-01 00:00:00 UTC,496,-64,227902000,0.67555555555555558
2014-05-01 00:00:00 UTC,496,-66,227902000,2.7793055555555553
2014-05-01 00:00:00 UTC,496,-67,227902000,3.0030555555555551
2014-05-01 00:00:00 UTC,496,-68,227902000,4.5029166666666667
2014-05-01 00:00:00 UTC,496,-63,227902000,3.8834722222222222
2014-05-01 00:00:00 UTC,496,-1,227475000,9.4916666666666671
2014-05-01 00:00:00 UTC,496,-2,227475000,1.1693055555555556
2014-05-01 00:00:00 UTC,496,-56,235001921,2.1552777777777776
2014-05-01 00:00:00 UTC,496,-53,235001921,6.4481944444444457
2014-05-01 00:00:00 UTC,496,-57,235001921,3.2518055555555554
2014-05-01 00:00:00 UTC,496,-52,235001921,2.7970833333333331
2014-05-01 00:00:00 UTC,496,-54,235001921,3.1954166666666666
2014-05-01 00:00:00 UTC,496,-55,235001921,1.9630555555555556
2014-05-01 00:00:00 UTC,496,-58,235001921,4.0091666666666663
2014-05-01 00:00:00 UTC,496,-6,227316550,2.7043055555555551
2014-05-01 00:00:00 UTC,496,-7,227316550,0.28041666666666665
2014-05-01 00:00:00 UTC,496,-34,235007570,10.680277777777777
2014-05-01 00:00:00 UTC,496,-35,235007570,1.8584722222222223
2014-05-01 00:00:00 UTC,496,-41,228325000,2.5143055555555556
2014-05-01 00:00:00 UTC,496,-42,228325000,4.0045833333333336
2014-05-01 00:00:00 UTC,496,-43,228325000,2.2068055555555555
2014-05-01 00:00:00 UTC,496,-40,228325000,1.1827777777777777
2014-05-01 00:00:00 UTC,496,-3,228921000,3.673194444444444
2014-05-01 00:00:00 UTC,496,-2,228921000,0.67069444444444448
2014-05-01 00:00:00 UTC,496,-30,232007350,1.3330555555555554
2014-05-01 00:00:00 UTC,496,-29,232007350,0.24486111111111114
2014-05-01 00:00:00 UTC,496,-31,232007350,0.65611111111111109
2014-05-01 00:00:00 UTC,496,-31,205155000,4.2445833333333329
2014-05-01 00:00:00 UTC,496,-32,205155000,0.67652777777777784
2014-05-01 00:00:00 UTC,496,-26,235096263,0.24486111111111108
2014-05-01 00:00:00 UTC,496,-27,235096263,0.43277777777777776
2014-05-01 00:00:00 UTC,496,-25,235096263,0.49152777777777779
2014-05-01 00:00:00 UTC,496,-5,205293000,0.52027777777777784
2014-05-01 00:00:00 UTC,496,-7,205293000,0.67138888888888881
2014-05-01 00:00:00 UTC,496,-6,205293000,1.1190277777777777
2014-05-01 00:00:00 UTC,496,-4,205293000,0.88388888888888884
2014-05-01 00:00:00 UTC,496,-39,227146700,1.1023611111111111
2014-05-01 00:00:00 UTC,496,-40,227146700,6.4451388888888888
2014-05-01 00:00:00 UTC,496,-41,227146700,0.95111111111111113
2014-05-01 00:00:00 UTC,496,-43,227146700,0.45402777777777775
2014-05-01 00:00:00 UTC,496,-42,227146700,1.14375
2014-05-01 00:00:00 UTC,496,-36,227146700,0.30291666666666667
2014-05-01 00:00:00 UTC,496,1418,273819100,2.6940277777777775
2014-05-01 00:00:00 UTC,496,1556,273842400,3.778888888888889
2014-05-01 00:00:00 UTC,496,1557,273842400,11.58486111111111
2014-05-01 00:00:00 UTC,752,152,273817400,3.8777777777777778
2014-05-01 00:00:00 UTC,752,154,273817400,2.3745833333333333
2014-05-01 00:00:00 UTC,752,153,273817400,1.5333333333333332
2014-05-01 00:00:00 UTC,752,392,258099000,3.0733333333333333
2014-05-01 00:00:00 UTC,752,393,258099000,3.2193055555555556
2014-05-01 00:00:00 UTC,752,394,258099000,1.4972222222222222
2014-05-01 00:00:00 UTC,752,153,273811080,3.1013888888888888
2014-05-01 00:00:00 UTC,752,153,273431440,1.6168055555555556
2014-05-01 00:00:00 UTC,752,150,273431440,1.5644444444444443
2014-05-01 00:00:00 UTC,752,154,273212110,1.5481944444444444
2014-05-01 00:00:00 UTC,752,153,273212110,1.55
2014-05-01 00:00:00 UTC,-272,-894,224581000,2.408611111111111
2014-05-01 00:00:00 UTC,-16,-1733,441493000,0.17777777777777778
2014-05-01 00:00:00 UTC,-16,-1734,440053000,3.0844444444444439
2014-05-01 00:00:00 UTC,-16,-1734,440542000,1.7302777777777778
2014-05-01 00:00:00 UTC,-16,-1701,440986000,1.6847222222222222
2014-05-01 00:00:00 UTC,-16,-1794,416004501,1.7168055555555557
2014-05-01 00:00:00 UTC,-16,-1734,440450000,2.55875
2014-05-01 00:00:00 UTC,241,1181,412444717,14.667083333333338
2014-05-01 00:00:00 UTC,241,1181,412444718,11.68097222222222
2014-05-01 00:00:00 UTC,241,1182,412444982,10.942361111111111
2014-05-01 00:00:00 UTC,241,1182,412444738,2.1334722222222222
2014-05-01 00:00:00 UTC,241,1181,412444738,5.2345833333333331
2014-05-01 00:00:00 UTC,241,1180,412444741,0.1386111111111111
2014-05-01 00:00:00 UTC,241,1181,412444741,10.613333333333339
2014-05-01 00:00:00 UTC,241,1181,412444746,5.0991666666666662
2014-05-01 00:00:00 UTC,241,1182,412444746,2.4115277777777773
2014-05-01 00:00:00 UTC,241,1182,412445004,2.2375000000000003
2014-05-01 00:00:00 UTC,241,1182,412444753,1.1344444444444444
2014-05-01 00:00:00 UTC,241,1181,412444753,11.180694444444446
2014-05-01 00:00:00 UTC,241,1183,412444753,5.4034722222222218
2014-05-01 00:00:00 UTC,241,1182,412444769,1.16875
2014-05-01 00:00:00 UTC,241,1181,412444769,5.4365277777777772
2014-05-01 00:00:00 UTC,241,1181,412444812,1.4804166666666667
2014-05-01 00:00:00 UTC,241,1181,412444813,1.47125
2014-05-01 00:00:00 UTC,241,1182,412444816,1.6211111111111114
2014-05-01 00:00:00 UTC,241,1181,412444816,13.13763888888889
2014-05-01 00:00:00 UTC,241,1183,412444816,3.0391666666666666
2014-05-01 00:00:00 UTC,241,1182,412444817,1.3515277777777779
2014-05-01 00:00:00 UTC,241,1181,412444817,10.197638888888889
2014-05-01 00:00:00 UTC,241,1183,412444817,6.0294444444444446
2014-05-01 00:00:00 UTC,241,1218,416001427,0.91527777777777775
2014-05-01 00:00:00 UTC,241,1183,412444821,3.5233333333333334
2014-05-01 00:00:00 UTC,241,1182,412444821,5.0022222222222226
2014-05-01 00:00:00 UTC,241,1181,412444824,4.5284722222222227
2014-05-01 00:00:00 UTC,241,1181,412444827,6.9306944444444438
2014-05-01 00:00:00 UTC,241,1182,412444827,0.46888888888888891
2014-05-01 00:00:00 UTC,241,1183,412444836,6.3879166666666665
2014-05-01 00:00:00 UTC,241,1181,412444895,6.4523611111111112
2014-05-01 00:00:00 UTC,241,1180,412596201,0.96819444444444447
2014-05-01 00:00:00 UTC,497,1560,273819400,4.5729166666666661
2014-05-01 00:00:00 UTC,497,1561,273819400,4.8569444444444452
2014-05-01 00:00:00 UTC,497,-39,232005400,8.198194444444443
2014-05-01 00:00:00 UTC,497,-40,232005400,8.01138888888889
2014-05-01 00:00:00 UTC,497,-35,235087406,1.2191666666666667
2014-05-01 00:00:00 UTC,497,-36,235087406,1.1756944444444444
2014-05-01 00:00:00 UTC,497,-39,235087406,0.80305555555555563
2014-05-01 00:00:00 UTC,497,-40,235087406,3.142638888888889
2014-05-01 00:00:00 UTC,497,-37,235087406,1.0977777777777777
2014-05-01 00:00:00 UTC,497,-34,235087406,2.5991666666666666
2014-05-01 00:00:00 UTC,497,-38,235087406,6.3519444444444453
2014-05-01 00:00:00 UTC,497,-69,227902000,1.5012500000000002
2014-05-01 00:00:00 UTC,497,-40,233342000,23.880833333333332
2014-05-01 00:00:00 UTC,497,2,227475000,0.24180555555555555
2014-05-01 00:00:00 UTC,497,-34,235007570,2.686805555555555
2014-05-01 00:00:00 UTC,497,-33,235007570,9.00986111111111
2014-05-01 00:00:00 UTC,497,-10,227931000,3.5079166666666666
2014-05-01 00:00:00 UTC,497,-9,227931000,0.26444444444444448
2014-05-01 00:00:00 UTC,497,0,228976000,1.7726388888888889
2014-05-01 00:00:00 UTC,497,1,228976000,6.3445833333333335
2014-05-01 00:00:00 UTC,497,-1,228976000,0.52111111111111108
2014-05-01 00:00:00 UTC,497,2,228976000,1.1786111111111111
2014-05-01 00:00:00 UTC,497,-41,228325000,2.6197222222222223
2014-05-01 00:00:00 UTC,497,-39,228325000,1.3348611111111111
2014-05-01 00:00:00 UTC,497,-40,228325000,2.6079166666666662
2014-05-01 00:00:00 UTC,497,-10,227599000,3.3170833333333336
2014-05-01 00:00:00 UTC,497,-9,227599000,0.590138888888889
2014-05-01 00:00:00 UTC,497,-59,235032237,0.47055555555555556
2014-05-01 00:00:00 UTC,497,-61,235032237,2.9023611111111109
2014-05-01 00:00:00 UTC,497,-60,235032237,0.42902777777777779
2014-05-01 00:00:00 UTC,497,-59,235102637,1.1593055555555556
2014-05-01 00:00:00 UTC,497,-62,235102637,2.6991666666666667
2014-05-01 00:00:00 UTC,497,-58,235102637,1.6138888888888889
2014-05-01 00:00:00 UTC,497,-60,235102637,0.4934722222222222
2014-05-01 00:00:00 UTC,497,-27,235096263,2.2244444444444444
2014-05-01 00:00:00 UTC,497,-26,235096263,0.95680555555555558
2014-05-01 00:00:00 UTC,497,-25,235096263,1.7691666666666668
2014-05-01 00:00:00 UTC,497,-6,205293000,0.90666666666666662
2014-05-01 00:00:00 UTC,497,-5,205293000,1.2702777777777778
2014-05-01 00:00:00 UTC,497,-4,205293000,12.523888888888887
2014-05-01 00:00:00 UTC,497,-3,205293000,2.5661111111111108
2014-05-01 00:00:00 UTC,497,-37,227146700,2.4527777777777784
2014-05-01 00:00:00 UTC,497,-39,227146700,2.2151388888888892
2014-05-01 00:00:00 UTC,497,-38,227146700,2.182638888888889
2014-05-01 00:00:00 UTC,497,-36,227146700,2.9648611111111114
2014-05-01 00:00:00 UTC,497,-58,233826000,3.7408333333333328
2014-05-01 00:00:00 UTC,497,-54,233826000,11.081249999999999
2014-05-01 00:00:00 UTC,497,-55,233826000,2.9734722222222221
2014-05-01 00:00:00 UTC,497,1417,273819100,0.74263888888888885
2014-05-01 00:00:00 UTC,497,1416,273819100,0.8568055555555556
2014-05-01 00:00:00 UTC,497,1415,273819100,6.4477777777777776
2014-05-01 00:00:00 UTC,497,1418,273819100,5.3304166666666672
2014-05-01 00:00:00 UTC,497,1557,273842400,1.4280555555555554
2014-05-01 00:00:00 UTC,497,-33,205345000,1.3602777777777779
2014-05-01 00:00:00 UTC,753,393,258099000,1.5811111111111111
2014-05-01 00:00:00 UTC,753,395,258099000,1.544861111111111
2014-05-01 00:00:00 UTC,753,148,273431440,1.5237500000000002
2014-05-01 00:00:00 UTC,-527,-628,224369000,4.5626388888888894
2014-05-01 00:00:00 UTC,-527,-627,224369000,1.5722222222222224
2014-05-01 00:00:00 UTC,-15,-1734,440053000,4.7530555555555543
2014-05-01 00:00:00 UTC,-15,-1735,440053000,4.6963888888888876
2014-05-01 00:00:00 UTC,-15,1625,440636000,0.775
2014-05-01 00:00:00 UTC,-15,1626,440636000,0.675138888888889
2014-05-01 00:00:00 UTC,-15,-1701,440986000,5.7448611111111116
2014-05-01 00:00:00 UTC,-15,-1795,416004501,1.7415277777777778
2014-05-01 00:00:00 UTC,-15,1780,440492000,2.4193055555555558
2014-05-01 00:00:00 UTC,-15,-1733,224651000,7.6779166666666665
2014-05-01 00:00:00 UTC,242,1181,412447745,12.336944444444445
2014-05-01 00:00:00 UTC,242,1182,412444738,4.7848611111111108
2014-05-01 00:00:00 UTC,242,1182,412444741,0.2336111111111111
2014-05-01 00:00:00 UTC,242,1181,412444741,0.65166666666666673
2014-05-01 00:00:00 UTC,242,1182,412444746,4.3736111111111109
2014-05-01 00:00:00 UTC,242,1182,412444769,5.2576388888888888
2014-05-01 00:00:00 UTC,242,1182,412444811,2.2265277777777777
2014-05-01 00:00:00 UTC,242,1222,416001427,2.0544444444444445
2014-05-01 00:00:00 UTC,242,1182,412444827,2.8168055555555553
2014-05-01 00:00:00 UTC,242,1181,412444827,0.75972222222222219
2014-05-01 00:00:00 UTC,242,1181,412444895,0.40138888888888891
2014-05-01 00:00:00 UTC,242,1181,412444916,6.3145833333333323
2014-05-01 00:00:00 UTC,242,1181,412447742,1.7131944444444445
2014-05-01 00:00:00 UTC,498,1563,273819400,0.83875000000000011
2014-05-01 00:00:00 UTC,498,1562,273819400,2.31125
2014-05-01 00:00:00 UTC,498,1561,273819400,10.75472222222222
2014-05-01 00:00:00 UTC,498,-3,228182800,5.0018055555555554
2014-05-01 00:00:00 UTC,498,-4,228182800,0.30555555555555558
2014-05-01 00:00:00 UTC,498,-2,228182800,0.44888888888888889
2014-05-01 00:00:00 UTC,498,-6,227519000,6.2247222222222236
2014-05-01 00:00:00 UTC,498,-5,227519000,3.1925
2014-05-01 00:00:00 UTC,498,-42,235008047,0.5130555555555556
2014-05-01 00:00:00 UTC,498,-43,235008047,3.1775
2014-05-01 00:00:00 UTC,498,-68,227902000,1.9999999999999998
2014-05-01 00:00:00 UTC,498,-69,227902000,1.3318055555555555
2014-05-01 00:00:00 UTC,498,-51,235019602,0.66263888888888878
2014-05-01 00:00:00 UTC,498,-52,235019602,0.9902777777777777
2014-05-01 00:00:00 UTC,498,-56,235103069,1.0790277777777777
2014-05-01 00:00:00 UTC,498,-59,235103069,3.2934722222222224
2014-05-01 00:00:00 UTC,498,-57,235103069,3.3730555555555557
2014-05-01 00:00:00 UTC,498,-55,235103069,1.7495833333333335
2014-05-01 00:00:00 UTC,498,-58,235103069,0.71486111111111117
2014-05-01 00:00:00 UTC,498,-7,228155000,1.5472222222222223
2014-05-01 00:00:00 UTC,498,-6,228155000,3.1677777777777782
2014-05-01 00:00:00 UTC,498,0,228155000,0.74402777777777784
2014-05-01 00:00:00 UTC,498,1,228155000,3.6176388888888891
2014-05-01 00:00:00 UTC,498,-2,228155000,2.2656944444444442
2014-05-01 00:00:00 UTC,498,-3,228155000,2.3322222222222222
2014-05-01 00:00:00 UTC,498,-5,228155000,0.88694444444444442
2014-05-01 00:00:00 UTC,498,-4,228155000,8.3812500000000014
2014-05-01 00:00:00 UTC,498,2,228976000,4.22875
2014-05-01 00:00:00 UTC,498,0,228976000,0.46375
2014-05-01 00:00:00 UTC,498,1,228976000,3.6963888888888885
2014-05-01 00:00:00 UTC,498,-3,228170900,5.0240277777777775
2014-05-01 00:00:00 UTC,498,-2,228170900,2.4090277777777773
2014-05-01 00:00:00 UTC,498,-11,227599000,0.24611111111111111
2014-05-01 00:00:00 UTC,498,-12,227599000,0.74847222222222221
2014-05-01 00:00:00 UTC,498,-70,228324000,0.55027777777777775
2014-05-01 00:00:00 UTC,498,-60,235032237,0.64041666666666663
2014-05-01 00:00:00 UTC,498,-58,235032237,4.9618055555555554
2014-05-01 00:00:00 UTC,498,-57,235032237,1.3363888888888888
2014-05-01 00:00:00 UTC,498,-59,235032237,1.0080555555555555
2014-05-01 00:00:00 UTC,498,-62,235102637,1.2008333333333332
2014-05-01 00:00:00 UTC,498,-59,235102637,0.255
2014-05-01 00:00:00 UTC,498,-57,235102637,0.22652777777777777
2014-05-01 00:00:00 UTC,498,-58,235102637,0.26402777777777775
2014-05-01 00:00:00 UTC,498,-60,235102637,2.7130555555555556
2014-05-01 00:00:00 UTC,498,-79,250350000,1.2177777777777776
2014-05-01 00:00:00 UTC,498,-45,235002830,4.9318055555555551
2014-05-01 00:00:00 UTC,498,-44,235002830,0.22916666666666669
2014-05-01 00:00:00 UTC,498,-46,235002830,6.3751388888888894
2014-05-01 00:00:00 UTC,498,-58,233826000,0.43666666666666665
2014-05-01 00:00:00 UTC,498,-74,250000608,2.7580555555555559
2014-05-01 00:00:00 UTC,498,-75,250000608,2.5940277777777778
2014-05-01 00:00:00 UTC,498,-73,250000608,2.94
2014-05-01 00:00:00 UTC,754,390,258099000,1.5443055555555556
2014-05-01 00:00:00 UTC,754,394,258099000,3.975138888888889
2014-05-01 00:00:00 UTC,754,392,258099000,7.0201388888888889
2014-05-01 00:00:00 UTC,754,145,273431440,1.5326388888888889
2014-05-01 00:00:00 UTC,-526,-625,224369000,5.6026388888888885
2014-05-01 00:00:00 UTC,-526,-619,224369000,11.750833333333333
2014-05-01 00:00:00 UTC,-270,-895,224581000,2.2316666666666665
2014-05-01 00:00:00 UTC,-14,-1734,440053000,1.0138888888888888
2014-05-01 00:00:00 UTC,-14,-1641,440954000,0.7944444444444444
2014-05-01 00:00:00 UTC,-14,-1643,440954000,0.89847222222222212
2014-05-01 00:00:00 UTC,-14,-1640,440954000,0.85
2014-05-01 00:00:00 UTC,-14,-1796,416004501,1.5418055555555554
2014-05-01 00:00:00 UTC,-14,-1733,224651000,1.44
2014-05-01 00:00:00 UTC,-14,1663,412371194,0.89694444444444454
2014-05-01 00:00:00 UTC,243,1182,412447747,0.69569444444444439
2014-05-01 00:00:00 UTC,243,1181,412447747,1.6379166666666667
2014-05-01 00:00:00 UTC,243,-158,242147100,0.48291666666666666
2014-05-01 00:00:00 UTC,243,-1411,367571490,1.9402777777777778
2014-05-01 00:00:00 UTC,243,-1408,367571490,3.5598611111111111
2014-05-01 00:00:00 UTC,243,-1413,367571490,5.6334722222222222
2014-05-01 00:00:00 UTC,243,1184,412451419,0.11611111111111111
2014-05-01 00:00:00 UTC,243,1205,900023402,12.453472222222222
2014-05-01 00:00:00 UTC,243,1204,900023402,0.47569444444444442
2014-05-01 00:00:00 UTC,243,1185,412480112,4.7079166666666667
2014-05-01 00:00:00 UTC,243,1185,900028798,9.102222222222224
2014-05-01 00:00:00 UTC,243,1185,910000007,8.7570833333333322
2014-05-01 00:00:00 UTC,243,1186,412451996,10.989583333333334
2014-05-01 00:00:00 UTC,243,1185,412451996,0.74930555555555556
2014-05-01 00:00:00 UTC,243,1181,412444326,0.84791666666666665
2014-05-01 00:00:00 UTC,243,1640,416001447,4.5945833333333335
2014-05-01 00:00:00 UTC,243,1187,412451527,10.282083333333333
2014-05-01 00:00:00 UTC,243,-160,242167000,1.349722222222222
2014-05-01 00:00:00 UTC,243,-158,242167000,0.33916666666666662
2014-05-01 00:00:00 UTC,243,-157,242167000,0.23222222222222222
2014-05-01 00:00:00 UTC,243,1204,416002013,0.9290277777777779
2014-05-01 00:00:00 UTC,243,1187,800016111,9.4258333333333333
2014-05-01 00:00:00 UTC,243,1182,412444927,2.6251388888888889
2014-05-01 00:00:00 UTC,499,-17,244309000,0.48986111111111108
2014-05-01 00:00:00 UTC,499,-18,244309000,2.0752777777777776
2014-05-01 00:00:00 UTC,499,-19,244309000,0.72041666666666671
2014-05-01 00:00:00 UTC,499,1,228182800,0.50500000000000012
2014-05-01 00:00:00 UTC,499,0,228182800,7.9233333333333338
2014-05-01 00:00:00 UTC,499,-2,228182800,1.9777777777777779
2014-05-01 00:00:00 UTC,499,-1,228182800,2.11125
2014-05-01 00:00:00 UTC,499,-4,227519000,5.3320833333333342
2014-05-01 00:00:00 UTC,499,-5,227519000,1.1677777777777778
2014-05-01 00:00:00 UTC,499,-3,227519000,7.9281944444444452
2014-05-01 00:00:00 UTC,499,-44,235009060,3.64875
2014-05-01 00:00:00 UTC,499,-46,235012902,3.2143055555555557
2014-05-01 00:00:00 UTC,499,-44,235012902,5.124305555555555
2014-05-01 00:00:00 UTC,499,-43,235012902,0.45833333333333331
2014-05-01 00:00:00 UTC,499,-45,235012902,0.8816666666666666
2014-05-01 00:00:00 UTC,499,-42,235008047,6.0548611111111112
2014-05-01 00:00:00 UTC,499,-41,235008047,1.6233333333333333
2014-05-01 00:00:00 UTC,499,-43,235103559,1.0998611111111112
2014-05-01 00:00:00 UTC,499,-44,235103559,0.69458333333333333
2014-05-01 00:00:00 UTC,499,-59,235013196,4.9401388888888889
2014-05-01 00:00:00 UTC,499,-58,235013196,3.21
2014-05-01 00:00:00 UTC,499,-50,235019602,7.9969444444444449
2014-05-01 00:00:00 UTC,499,-51,235019602,4.4391666666666669
2014-05-01 00:00:00 UTC,499,-37,232004700,1.8490277777777777
2014-05-01 00:00:00 UTC,499,-39,232004700,1.1765277777777778
2014-05-01 00:00:00 UTC,499,-38,232004700,1.2252777777777777
2014-05-01 00:00:00 UTC,499,-40,232004700,0.31277777777777777
2014-05-01 00:00:00 UTC,499,-86,250105700,5.2751388888888888
2014-05-01 00:00:00 UTC,499,-83,250105700,10.925277777777778
2014-05-01 00:00:00 UTC,499,-5,228155000,1.1945833333333333
2014-05-01 00:00:00 UTC,499,-16,227931000,0.71486111111111117
2014-05-01 00:00:00 UTC,499,-44,235076728,4.0368055555555555
2014-05-01 00:00:00 UTC,499,-43,235076728,0.96583333333333332
2014-05-01 00:00:00 UTC,499,-667,316019332,1.0333333333333332
2014-05-01 00:00:00 UTC,499,-666,316019332,0.50930555555555557
2014-05-01 00:00:00 UTC,499,1413,273449620,9.4420833333333327
2014-05-01 00:00:00 UTC,499,0,228170900,6.5847222222222213
2014-05-01 00:00:00 UTC,499,-1,228170900,2.48375
2014-05-01 00:00:00 UTC,499,-2,228170900,1.3152777777777778
2014-05-01 00:00:00 UTC,499,-11,227599000,0.26083333333333336
2014-05-01 00:00:00 UTC,499,-12,227599000,0.21069444444444446
2014-05-01 00:00:00 UTC,499,-16,227599000,1.1722222222222223
2014-05-01 00:00:00 UTC,499,11,227101600,2.8586111111111103
2014-05-01 00:00:00 UTC,499,-70,228324000,1.7430555555555556
2014-05-01 00:00:00 UTC,499,-55,205017000,0.22777777777777777
2014-05-01 00:00:00 UTC,499,-45,235002029,2.7247222222222223
2014-05-01 00:00:00 UTC,499,-44,235002029,2.8775
2014-05-01 00:00:00 UTC,499,-46,235002029,4.3734722222222224
2014-05-01 00:00:00 UTC,499,-78,250350000,5.0777777777777784
2014-05-01 00:00:00 UTC,499,-79,250350000,1.2611111111111111
2014-05-01 00:00:00 UTC,499,-29,228323000,6.5079166666666675
2014-05-01 00:00:00 UTC,499,-26,228323000,0.20555555555555555
2014-05-01 00:00:00 UTC,499,-28,228323000,2.3529166666666668
2014-05-01 00:00:00 UTC,499,-111,250264000,2.9595833333333337
2014-05-01 00:00:00 UTC,499,-110,250264000,6.4319444444444445
2014-05-01 00:00:00 UTC,499,-44,235002830,6.58
2014-05-01 00:00:00 UTC,499,-45,235002830,5.6476388888888893
2014-05-01 00:00:00 UTC,499,-38,227554000,1.2390277777777778
2014-05-01 00:00:00 UTC,499,-42,227554000,0.20777777777777778
2014-05-01 00:00:00 UTC,499,-35,227554000,0.20833333333333331
2014-05-01 00:00:00 UTC,499,-40,227554000,0.99999999999999989
2014-05-01 00:00:00 UTC,499,-39,227554000,1.1706944444444445
2014-05-01 00:00:00 UTC,499,-37,227554000,1.3416666666666666
2014-05-01 00:00:00 UTC,499,-36,227554000,8.3020833333333339
2014-05-01 00:00:00 UTC,499,10,227118800,0.5197222222222222
2014-05-01 00:00:00 UTC,499,-73,250000608,1.0115277777777778
2014-05-01 00:00:00 UTC,499,-75,250000608,1.6724999999999999
2014-05-01 00:00:00 UTC,499,-48,235008741,0.20569444444444446
2014-05-01 00:00:00 UTC,499,-47,235008741,2.3836111111111111
2014-05-01 00:00:00 UTC,-525,-620,224978000,1.50875
2014-05-01 00:00:00 UTC,-525,-618,224978000,3.0933333333333333
2014-05-01 00:00:00 UTC,-525,-621,224978000,1.5068055555555557
2014-05-01 00:00:00 UTC,-525,-620,224369000,4.5444444444444443
2014-05-01 00:00:00 UTC,-525,-619,440528000,5.3631944444444439
2014-05-01 00:00:00 UTC,-525,-620,740363000,5.4601388888888884
2014-05-01 00:00:00 UTC,-13,-1741,440990000,2.787638888888889
2014-05-01 00:00:00 UTC,-13,-1738,444080710,1.7200000000000002
2014-05-01 00:00:00 UTC,-13,1625,440636000,2.9995833333333333
2014-05-01 00:00:00 UTC,-13,-1635,440954000,0.91638888888888892
2014-05-01 00:00:00 UTC,-13,-1636,440954000,0.79138888888888892
2014-05-01 00:00:00 UTC,-13,-1637,440954000,0.89722222222222225
2014-05-01 00:00:00 UTC,-13,-1639,440954000,1.3184722222222223
2014-05-01 00:00:00 UTC,-13,-1735,440450000,3.8115277777777781
2014-05-01 00:00:00 UTC,244,1654,416004098,4.5884722222222223
2014-05-01 00:00:00 UTC,244,1655,416004098,8.8041666666666671
2014-05-01 00:00:00 UTC,244,1188,412450823,6.8201388888888888
2014-05-01 00:00:00 UTC,244,-159,242147100,2.6508333333333329
2014-05-01 00:00:00 UTC,244,-158,242147100,1.6395833333333334
2014-05-01 00:00:00 UTC,244,1186,800022814,1.3469444444444445
2014-05-01 00:00:00 UTC,244,533,227262510,11.119166666666665
2014-05-01 00:00:00 UTC,244,1180,412444979,1.5566666666666664
2014-05-01 00:00:00 UTC,244,1188,412452933,6.7952777777777778
2014-05-01 00:00:00 UTC,244,-158,312818000,0.175
2014-05-01 00:00:00 UTC,244,-157,312818000,2.3001388888888892
2014-05-01 00:00:00 UTC,244,1222,416004451,0.27694444444444444
2014-05-01 00:00:00 UTC,244,533,227793510,11.00888888888889
2014-05-01 00:00:00 UTC,244,1188,412451695,0.48041666666666666
2014-05-01 00:00:00 UTC,244,1187,412451695,1.3766666666666667
2014-05-01 00:00:00 UTC,244,1185,412480112,0.53402777777777777
2014-05-01 00:00:00 UTC,244,1187,412450673,7.0226388888888875
2014-05-01 00:00:00 UTC,244,1188,412450673,0.31305555555555553
2014-05-01 00:00:00 UTC,244,1185,412480375,3.600138888888889
2014-05-01 00:00:00 UTC,244,1185,900028798,0.62541666666666673
2014-05-01 00:00:00 UTC,244,1186,412452991,12.460972222222221
2014-05-01 00:00:00 UTC,244,1185,910000007,0.35097222222222224
2014-05-01 00:00:00 UTC,244,1185,900028809,0.47222222222222221
2014-05-01 00:00:00 UTC,244,1185,412450956,3.4606944444444445
2014-05-01 00:00:00 UTC,244,1187,412450957,0.25097222222222226
2014-05-01 00:00:00 UTC,244,1187,412450702,6.3101388888888881
2014-05-01 00:00:00 UTC,244,1188,412450702,0.81347222222222215
2014-05-01 00:00:00 UTC,244,1185,900029083,2.9976388888888885
2014-05-01 00:00:00 UTC,244,1186,412451996,2.0084722222222222
2014-05-01 00:00:00 UTC,244,1187,412451996,0.4761111111111111
2014-05-01 00:00:00 UTC,244,1180,412444326,4.3990277777777775
2014-05-01 00:00:00 UTC,244,1639,416001447,2.7511111111111113
2014-05-01 00:00:00 UTC,244,1185,412964528,3.75
2014-05-01 00:00:00 UTC,244,-160,242162100,2.65625
2014-05-01 00:00:00 UTC,244,1187,412451002,2.4669444444444446
2014-05-01 00:00:00 UTC,244,1186,800004800,3.5612500000000002
2014-05-01 00:00:00 UTC,244,1188,412452051,11.681111111111111
2014-05-01 00:00:00 UTC,244,-160,242167000,2.5076388888888888
2014-05-01 00:00:00 UTC,244,-159,242167000,1.5040277777777777
2014-05-01 00:00:00 UTC,244,-158,242167000,3.6325
2014-05-01 00:00:00 UTC,244,-157,242167000,1.4015277777777777
2014-05-01 00:00:00 UTC,244,1188,412450783,6.15013888888889
2014-05-01 00:00:00 UTC,244,1218,416004581,6.8788888888888895
2014-05-01 00:00:00 UTC,244,1187,412451562,0.48555555555555557
2014-05-01 00:00:00 UTC,244,1187,800021236,0.42958333333333332
2014-05-01 00:00:00 UTC,500,1571,273824000,3.1304166666666666
2014-05-01 00:00:00 UTC,500,1572,273824000,3.0683333333333334
2014-05-01 00:00:00 UTC,500,-36,235005457,1.8445833333333332
2014-05-01 00:00:00 UTC,500,-47,235009060,3.0345833333333334
2014-05-01 00:00:00 UTC,500,-43,235009060,0.4975
2014-05-01 00:00:00 UTC,500,-44,235009060,0.53208333333333324
2014-05-01 00:00:00 UTC,500,-46,235009060,1.3602777777777779
2014-05-01 00:00:00 UTC,500,-43,235012902,2.1306944444444444
2014-05-01 00:00:00 UTC,500,-44,235012902,0.40763888888888888
2014-05-01 00:00:00 UTC,500,-7,227945000,5.1558333333333328
2014-05-01 00:00:00 UTC,500,-10,227945000,2.7684722222222224
2014-05-01 00:00:00 UTC,500,-41,235008047,2.9015277777777779
2014-05-01 00:00:00 UTC,500,0,227108400,0.84680555555555559
2014-05-01 00:00:00 UTC,500,1,227108400,3.470277777777778
2014-05-01 00:00:00 UTC,500,4,228112700,2.9280555555555554
2014-05-01 00:00:00 UTC,500,2,228112700,6.4501388888888895
2014-05-01 00:00:00 UTC,500,3,228112700,6.8081944444444442
2014-05-01 00:00:00 UTC,500,-45,235103559,2.7677777777777779
2014-05-01 00:00:00 UTC,500,-42,235103559,2.5265277777777779
2014-05-01 00:00:00 UTC,500,-44,235103559,0.84111111111111114
2014-05-01 00:00:00 UTC,500,-43,235103559,3.5454166666666667
2014-05-01 00:00:00 UTC,500,-46,235103559,4.0468055555555553
2014-05-01 00:00:00 UTC,500,-54,235020111,0.81638888888888894
2014-05-01 00:00:00 UTC,500,-55,235020111,0.53291666666666671
2014-05-01 00:00:00 UTC,500,-45,235090516,8.2563888888888872
2014-05-01 00:00:00 UTC,500,-44,235090516,1.3386111111111112
2014-05-01 00:00:00 UTC,500,-50,235054165,11.279027777777777
2014-05-01 00:00:00 UTC,500,-50,235089496,3.0972222222222219
2014-05-01 00:00:00 UTC,500,-49,235089496,5.3580555555555556
2014-05-01 00:00:00 UTC,500,-41,232004700,0.90763888888888888
2014-05-01 00:00:00 UTC,500,-39,232004700,0.46527777777777773
2014-05-01 00:00:00 UTC,500,-40,232004700,2.0187500000000003
2014-05-01 00:00:00 UTC,500,3,227119200,5.5080555555555568
2014-05-01 00:00:00 UTC,500,1,227119200,3.6827777777777779
2014-05-01 00:00:00 UTC,500,2,227119200,6.7834722222222226
2014-05-01 00:00:00 UTC,500,-45,235076728,5.0259722222222223
2014-05-01 00:00:00 UTC,500,-44,235076728,1.5945833333333335
2014-05-01 00:00:00 UTC,500,-43,235076728,1.0194444444444444
2014-05-01 00:00:00 UTC,500,-49,235097217,1.7480555555555555
2014-05-01 00:00:00 UTC,500,-50,235097217,6.2948611111111115
2014-05-01 00:00:00 UTC,500,-667,316019332,0.93111111111111111
2014-05-01 00:00:00 UTC,500,-666,316019332,0.82083333333333341
2014-05-01 00:00:00 UTC,500,-58,235003026,2.8077777777777779
2014-05-01 00:00:00 UTC,500,-59,235003026,6.0090277777777779
2014-05-01 00:00:00 UTC,500,-60,235003026,10.843194444444446
2014-05-01 00:00:00 UTC,500,1414,273449620,5.2536111111111108
2014-05-01 00:00:00 UTC,500,1413,273449620,1.5956944444444443
2014-05-01 00:00:00 UTC,500,-70,228324000,0.33777777777777779
2014-05-01 00:00:00 UTC,500,-69,228324000,2.0058333333333334
2014-05-01 00:00:00 UTC,500,-46,235002029,2.3169444444444443
2014-05-01 00:00:00 UTC,500,3,227113400,1.6441666666666666
2014-05-01 00:00:00 UTC,500,2,227113400,3.6644444444444444
2014-05-01 00:00:00 UTC,500,0,227113400,5.7831944444444439
2014-05-01 00:00:00 UTC,500,-25,228323000,2.4445833333333331
2014-05-01 00:00:00 UTC,500,-26,228323000,2.9680555555555554
2014-05-01 00:00:00 UTC,500,-27,228323000,1.0983333333333334
2014-05-01 00:00:00 UTC,500,-112,250264000,9.9956944444444442
2014-05-01 00:00:00 UTC,500,-111,250264000,4.6765277777777783
2014-05-01 00:00:00 UTC,500,4,227110600,16.310833333333335
2014-05-01 00:00:00 UTC,500,3,227110600,3.4520833333333334
2014-05-01 00:00:00 UTC,500,5,227110600,3.2525
2014-05-01 00:00:00 UTC,500,-35,227554000,1.0570833333333334
2014-05-01 00:00:00 UTC,500,-34,227554000,0.23097222222222222
2014-05-01 00:00:00 UTC,500,-36,227554000,0.65263888888888877
2014-05-01 00:00:00 UTC,500,10,227118800,1.355
2014-05-01 00:00:00 UTC,500,8,227118800,4.935138888888889
2014-05-01 00:00:00 UTC,500,-42,235003089,1.7609722222222224
2014-05-01 00:00:00 UTC,500,-43,235003089,1.5044444444444447
2014-05-01 00:00:00 UTC,500,-44,235003089,3.8881944444444443
2014-05-01 00:00:00 UTC,500,-41,235003089,0.70875
2014-05-01 00:00:00 UTC,500,-45,235003089,2.8890277777777778
2014-05-01 00:00:00 UTC,500,6,227559640,1.3565277777777778
2014-05-01 00:00:00 UTC,500,4,227559640,2.4890277777777778
2014-05-01 00:00:00 UTC,500,5,227559640,1.601388888888889
2014-05-01 00:00:00 UTC,500,-47,235008741,0.82000000000000006
2014-05-01 00:00:00 UTC,500,-46,235008741,0.72444444444444445
2014-05-01 00:00:00 UTC,500,-36,235091175,3.3127777777777778
2014-05-01 00:00:00 UTC,500,8,227873000,0.35402777777777777
2014-05-01 00:00:00 UTC,500,9,227873000,0.37958333333333333
2014-05-01 00:00:00 UTC,756,402,273357560,4.64875
2014-05-01 00:00:00 UTC,756,397,273357560,4.656944444444445
2014-05-01 00:00:00 UTC,756,401,273357560,1.5734722222222222
2014-05-01 00:00:00 UTC,756,400,273357560,1.5373611111111112
2014-05-01 00:00:00 UTC,-524,-621,224978000,8.4173611111111111
2014-05-01 00:00:00 UTC,-524,-624,224978000,5.6152777777777771
2014-05-01 00:00:00 UTC,-524,-623,224978000,1.53875
2014-05-01 00:00:00 UTC,-524,-622,224978000,1.5302777777777776
2014-05-01 00:00:00 UTC,-524,-622,224571000,1.5538888888888889
2014-05-01 00:00:00 UTC,-524,-621,224571000,4.6369444444444445
2014-05-01 00:00:00 UTC,-524,-620,224571000,3.7829166666666669
2014-05-01 00:00:00 UTC,-524,-623,224571000,6.1536111111111111
2014-05-01 00:00:00 UTC,-524,-619,440528000,5.4977777777777774
2014-05-01 00:00:00 UTC,-524,-621,440528000,1.4458333333333333
2014-05-01 00:00:00 UTC,-524,-622,440528000,3.0625
2014-05-01 00:00:00 UTC,-524,-620,440528000,1.5505555555555555
2014-05-01 00:00:00 UTC,-524,-623,440528000,4.5991666666666662
2014-05-01 00:00:00 UTC,-524,-621,224506000,7.6084722222222227
2014-05-01 00:00:00 UTC,-524,-622,224506000,1.5416666666666665
2014-05-01 00:00:00 UTC,-524,-621,224526000,3.8698611111111108
2014-05-01 00:00:00 UTC,-524,-620,224526000,10.935833333333333
2014-05-01 00:00:00 UTC,-524,-623,224526000,0.7879166666666666
2014-05-01 00:00:00 UTC,-524,-622,224526000,1.6206944444444444
2014-05-01 00:00:00 UTC,-524,-624,224526000,1.5525
2014-05-01 00:00:00 UTC,-524,-634,224547000,1.4730555555555556
2014-05-01 00:00:00 UTC,-524,-618,740363000,9.0679166666666671
2014-05-01 00:00:00 UTC,-524,-620,740363000,3.1962500000000005
2014-05-01 00:00:00 UTC,-524,-619,740363000,5.4152777777777779
2014-05-01 00:00:00 UTC,-12,-1796,416004501,7.0756944444444443
2014-05-01 00:00:00 UTC,-12,-1797,416004501,6.3818055555555553
2014-05-01 00:00:00 UTC,-12,-1666,440751000,0.9175
2014-05-01 00:00:00 UTC,245,1188,412451336,0.82541666666666669
2014-05-01 00:00:00 UTC,245,1184,416794132,15.465277777777777
2014-05-01 00:00:00 UTC,245,1187,800022037,1.8926388888888888
2014-05-01 00:00:00 UTC,245,1186,800022037,2.6476388888888889
2014-05-01 00:00:00 UTC,245,-159,242147100,2.8252777777777776
2014-05-01 00:00:00 UTC,245,-158,242147100,3.1191666666666666
2014-05-01 00:00:00 UTC,245,1186,800022814,1.4068055555555554
2014-05-01 00:00:00 UTC,245,1189,800000032,1.4458333333333333
2014-05-01 00:00:00 UTC,245,1188,800000032,6.5283333333333333
2014-05-01 00:00:00 UTC,245,-1408,367571490,3.2887500000000003
2014-05-01 00:00:00 UTC,245,1181,412443171,9.5666666666666664
2014-05-01 00:00:00 UTC,245,1180,412443171,1.1894444444444443
2014-05-01 00:00:00 UTC,245,1188,412451364,3.5572222222222223
2014-05-01 00:00:00 UTC,245,1188,412451379,0.23694444444444446
2014-05-01 00:00:00 UTC,245,1188,800000311,2.5297222222222224
2014-05-01 00:00:00 UTC,245,1188,412452933,0.94055555555555559
2014-05-01 00:00:00 UTC,245,1188,412452943,0.10388888888888889
2014-05-01 00:00:00 UTC,245,-158,312818000,0.47763888888888884
2014-05-01 00:00:00 UTC,245,-157,312818000,0.3898611111111111
2014-05-01 00:00:00 UTC,245,1187,412451417,2.6619444444444444
2014-05-01 00:00:00 UTC,245,1185,412451419,11.71111111111111
2014-05-01 00:00:00 UTC,245,1189,412455515,0.80222222222222228
2014-05-01 00:00:00 UTC,245,1188,412455515,0.88319444444444439
2014-05-01 00:00:00 UTC,245,1188,412451695,1.0525
2014-05-01 00:00:00 UTC,245,1189,412451695,0.80083333333333329
2014-05-01 00:00:00 UTC,245,1188,412450673,5.6427777777777779
2014-05-01 00:00:00 UTC,245,1189,412450673,0.71722222222222221
2014-05-01 00:00:00 UTC,245,1187,412450673,0.23319444444444443
2014-05-01 00:00:00 UTC,245,1188,412450948,0.61736111111111114
2014-05-01 00:00:00 UTC,245,1188,800000390,3.1591666666666667
2014-05-01 00:00:00 UTC,245,1189,800000390,1.1309722222222223
2014-05-01 00:00:00 UTC,245,1184,900028809,6.4076388888888891
2014-05-01 00:00:00 UTC,245,1185,900028809,2.5570833333333329
2014-05-01 00:00:00 UTC,245,1187,412450957,2.8766666666666669
2014-05-01 00:00:00 UTC,245,1188,412450957,1.9586111111111111
2014-05-01 00:00:00 UTC,245,1188,412450702,6.36513888888889
2014-05-01 00:00:00 UTC,245,1187,412450702,0.23472222222222222
2014-05-01 00:00:00 UTC,245,1189,412450702,0.22069444444444444
2014-05-01 00:00:00 UTC,245,1189,800000403,2.1426388888888885
2014-05-01 00:00:00 UTC,245,1188,412451225,6.0795833333333329
2014-05-01 00:00:00 UTC,245,1185,900029083,1.27875
2014-05-01 00:00:00 UTC,245,1184,900029083,1.9279166666666665
2014-05-01 00:00:00 UTC,245,1183,412444578,8.2655555555555562
2014-05-01 00:00:00 UTC,245,1640,416001447,2.612222222222222
2014-05-01 00:00:00 UTC,245,1187,412450728,2.5152777777777775
2014-05-01 00:00:00 UTC,245,1189,412451496,0.50277777777777777
2014-05-01 00:00:00 UTC,245,1188,412451496,5.3808333333333334
2014-05-01 00:00:00 UTC,245,1621,416002216,6.0663888888888886
2014-05-01 00:00:00 UTC,245,1222,416004523,1.9945833333333334
2014-05-01 00:00:00 UTC,245,1188,412451501,7.0372222222222227
2014-05-01 00:00:00 UTC,245,1187,412451254,0.9161111111111111
2014-05-01 00:00:00 UTC,245,1186,415595962,7.9797222222222217
2014-05-01 00:00:00 UTC,245,1187,415595962,4.6277777777777782
2014-05-01 00:00:00 UTC,245,1187,412451002,3.9801388888888889
2014-05-01 00:00:00 UTC,245,1186,800004800,1.13125
2014-05-01 00:00:00 UTC,245,1187,800004800,1.1400000000000001
2014-05-01 00:00:00 UTC,245,1188,412450766,9.30125
2014-05-01 00:00:00 UTC,245,1180,412443093,0.15125
2014-05-01 00:00:00 UTC,245,1181,412443093,7.4344444444444457
2014-05-01 00:00:00 UTC,245,1187,800026325,1.8299999999999998
2014-05-01 00:00:00 UTC,245,1186,800026325,10.004305555555556
2014-05-01 00:00:00 UTC,245,-158,242167000,3.0952777777777776
2014-05-01 00:00:00 UTC,245,-159,242167000,4.7184722222222213
2014-05-01 00:00:00 UTC,245,1188,412459992,3.6693055555555554
2014-05-01 00:00:00 UTC,245,1188,412459993,4.6955555555555559
2014-05-01 00:00:00 UTC,245,1188,412450792,6.1631944444444446
2014-05-01 00:00:00 UTC,245,1187,412451562,0.42361111111111116
2014-05-01 00:00:00 UTC,245,1187,800033005,13.346666666666666
2014-05-01 00:00:00 UTC,245,1183,412444655,6.7830555555555563
2014-05-01 00:00:00 UTC,245,1182,412444655,3.2388888888888889
2014-05-01 00:00:00 UTC,245,1187,800021236,2.9338888888888888
2014-05-01 00:00:00 UTC,245,1182,412444919,7.9933333333333323
2014-05-01 00:00:00 UTC,245,1183,412444919,0.40847222222222224
2014-05-01 00:00:00 UTC,245,1188,412451063,6.3298611111111116
2014-05-01 00:00:00 UTC,501,1572,273824000,1.4483333333333333
2014-05-01 00:00:00 UTC,501,-51,235063301,1.8491666666666668
2014-05-01 00:00:00 UTC,501,-50,235063301,0.22902777777777777
2014-05-01 00:00:00 UTC,501,-49,235063301,13.789166666666665
2014-05-01 00:00:00 UTC,501,4,227120400,2.7193055555555556
2014-05-01 00:00:00 UTC,501,-36,235005457,5.682500000000001
2014-05-01 00:00:00 UTC,501,-2,227113500,2.9240277777777779
2014-05-01 00:00:00 UTC,501,0,227113500,1.0366666666666666
2014-05-01 00:00:00 UTC,501,-1,227113500,4.4359722222222224
2014-05-01 00:00:00 UTC,501,-44,235012902,0.77055555555555544
2014-05-01 00:00:00 UTC,501,-8,227945000,1.4876388888888887
2014-05-01 00:00:00 UTC,501,-7,227945000,1.2029166666666666
2014-05-01 00:00:00 UTC,501,-5,227945000,2.545694444444444
2014-05-01 00:00:00 UTC,501,-10,227945000,0.46763888888888888
2014-05-01 00:00:00 UTC,501,-6,227945000,2.1605555555555558
2014-05-01 00:00:00 UTC,501,-9,227945000,1.1541666666666666
2014-05-01 00:00:00 UTC,501,-42,235008047,0.21722222222222221
2014-05-01 00:00:00 UTC,501,-41,235008047,0.23902777777777778
2014-05-01 00:00:00 UTC,501,0,227108400,9.0020833333333332
2014-05-01 00:00:00 UTC,501,-1,227108400,5.94888888888889
2014-05-01 00:00:00 UTC,501,7,227317040,0.2376388888888889
2014-05-01 00:00:00 UTC,501,9,227317040,9.9393055555555563
2014-05-01 00:00:00 UTC,501,10,227317040,2.1833333333333336
2014-05-01 00:00:00 UTC,501,8,227317040,1.193472222222222
2014-05-01 00:00:00 UTC,501,6,227317040,4.0823611111111111
2014-05-01 00:00:00 UTC,501,4,228112700,1.5844444444444445
2014-05-01 00:00:00 UTC,501,3,228112700,2.7394444444444446
2014-05-01 00:00:00 UTC,501,5,227137600,0.6725
2014-05-01 00:00:00 UTC,501,3,227137600,0.36944444444444446
2014-05-01 00:00:00 UTC,501,4,227137600,2.6493055555555554
2014-05-01 00:00:00 UTC,501,6,227561540,1.0162499999999999
2014-05-01 00:00:00 UTC,501,-45,235090516,1.237638888888889
2014-05-01 00:00:00 UTC,501,-44,235090516,2.1199999999999997
2014-05-01 00:00:00 UTC,501,-46,235090516,1.58
2014-05-01 00:00:00 UTC,501,-43,235090516,0.81208333333333338
2014-05-01 00:00:00 UTC,501,1,228111700,4.922361111111111
2014-05-01 00:00:00 UTC,501,0,228111700,9.0825
2014-05-01 00:00:00 UTC,501,-1,228111700,5.3759722222222219
2014-05-01 00:00:00 UTC,501,2,228111700,0.28986111111111112
2014-05-01 00:00:00 UTC,501,-49,235054165,3.9176388888888889
2014-05-01 00:00:00 UTC,501,-50,235054165,0.44986111111111116
2014-05-01 00:00:00 UTC,501,4,227119200,2.4411111111111112
2014-05-01 00:00:00 UTC,501,3,227119200,2.87375
2014-05-01 00:00:00 UTC,501,-80,250105700,7.1501388888888888
2014-05-01 00:00:00 UTC,501,5,228107900,0.43319444444444444
2014-05-01 00:00:00 UTC,501,-59,235003026,4.2569444444444438
2014-05-01 00:00:00 UTC,501,6,227101600,0.92777777777777781
2014-05-01 00:00:00 UTC,501,-67,228324000,3.5788888888888888
2014-05-01 00:00:00 UTC,501,-69,228324000,0.7448611111111112
2014-05-01 00:00:00 UTC,501,-68,228324000,2.5055555555555555
2014-05-01 00:00:00 UTC,501,-38,235007143,0.20430555555555557
2014-05-01 00:00:00 UTC,501,-63,227822000,0.44305555555555554
2014-05-01 00:00:00 UTC,501,-62,227822000,1.5802777777777779
2014-05-01 00:00:00 UTC,501,-40,235090869,1.1530555555555555
2014-05-01 00:00:00 UTC,501,-41,235090869,3.1920833333333327
2014-05-01 00:00:00 UTC,501,-42,235090869,2.7909722222222224
2014-05-01 00:00:00 UTC,501,-3,227113400,4.5080555555555559
2014-05-01 00:00:00 UTC,501,-5,227113400,2.4250000000000003
2014-05-01 00:00:00 UTC,501,-2,227113400,3.5338888888888889
2014-05-01 00:00:00 UTC,501,-4,227113400,2.4044444444444446
2014-05-01 00:00:00 UTC,501,2,235006150,15.538194444444446
2014-05-01 00:00:00 UTC,501,1,235006150,8.3876388888888869
2014-05-01 00:00:00 UTC,501,5,227110600,0.46875
2014-05-01 00:00:00 UTC,501,4,227110600,0.37319444444444444
2014-05-01 00:00:00 UTC,501,2,227853000,0.79486111111111113
2014-05-01 00:00:00 UTC,501,1,227853000,4.2068055555555555
2014-05-01 00:00:00 UTC,501,0,227853000,4.321944444444445
2014-05-01 00:00:00 UTC,501,-1,227853000,4.5647222222222217
2014-05-01 00:00:00 UTC,501,6,227118800,3.445
2014-05-01 00:00:00 UTC,501,-41,235003089,2.7624999999999997
2014-05-01 00:00:00 UTC,501,-42,235003089,0.28305555555555556
2014-05-01 00:00:00 UTC,501,5,227559640,2.6676388888888893
2014-05-01 00:00:00 UTC,501,2,227559640,3.7390277777777774
2014-05-01 00:00:00 UTC,501,6,227559640,4.6901388888888889
2014-05-01 00:00:00 UTC,501,3,227559640,0.93833333333333335
2014-05-01 00:00:00 UTC,501,4,227559640,2.9569444444444444
2014-05-01 00:00:00 UTC,501,-44,235008741,0.28486111111111112
2014-05-01 00:00:00 UTC,501,-45,235008741,0.72916666666666663
2014-05-01 00:00:00 UTC,501,-36,235091175,20.600555555555555
2014-05-01 00:00:00 UTC,501,4,227873000,2.805
2014-05-01 00:00:00 UTC,501,4,234209000,1.326111111111111
2014-05-01 00:00:00 UTC,501,5,234209000,2.5623611111111111
2014-05-01 00:00:00 UTC,501,6,234209000,2.4834722222222223
2014-05-01 00:00:00 UTC,501,-67,228321000,0.5175
2014-05-01 00:00:00 UTC,501,-68,228321000,3.2031944444444447
2014-05-01 00:00:00 UTC,501,-62,228321000,0.85222222222222221
2014-05-01 00:00:00 UTC,501,-61,228321000,0.32944444444444443
2014-05-01 00:00:00 UTC,501,-41,235090169,2.3336111111111113
2014-05-01 00:00:00 UTC,501,-42,235090169,3.7473611111111111
2014-05-01 00:00:00 UTC,501,-43,235090169,1.3826388888888888
2014-05-01 00:00:00 UTC,757,399,273357560,3.1276388888888889
2014-05-01 00:00:00 UTC,757,400,273357560,1.5527777777777778
2014-05-01 00:00:00 UTC,757,398,273357560,3.1769444444444446
2014-05-01 00:00:00 UTC,757,397,273357560,1.5643055555555554
2014-05-01 00:00:00 UTC,-523,-626,441766000,7.1712500000000006
2014-05-01 00:00:00 UTC,-523,-625,441766000,6.1669444444444439
2014-05-01 00:00:00 UTC,-523,-621,224571000,7.8318055555555564
2014-05-01 00:00:00 UTC,-523,-619,440528000,1.6695833333333334
2014-05-01 00:00:00 UTC,-523,-632,224004000,1.5740277777777778
2014-05-01 00:00:00 UTC,-523,-633,224004000,1.5618055555555554
2014-05-01 00:00:00 UTC,-523,-634,224004000,5.6613888888888892
2014-05-01 00:00:00 UTC,-523,-625,224526000,6.2791666666666668
2014-05-01 00:00:00 UTC,-523,-633,224547000,3.20125
2014-05-01 00:00:00 UTC,-523,-623,440684000,8.6855555555555561
2014-05-01 00:00:00 UTC,-523,-623,440652000,4.540972222222222
2014-05-01 00:00:00 UTC,-523,-624,440652000,8.6302777777777777
2014-05-01 00:00:00 UTC,-523,-623,440502000,6.1888888888888891
2014-05-01 00:00:00 UTC,-523,-624,440502000,7.0361111111111114
2014-05-01 00:00:00 UTC,-11,-1635,440954000,1.3245833333333332
2014-05-01 00:00:00 UTC,-11,-1666,440751000,0.77722222222222215
2014-05-01 00:00:00 UTC,246,1189,412451332,3.9911111111111106
2014-05-01 00:00:00 UTC,246,1188,412451332,1.0031944444444445
2014-05-01 00:00:00 UTC,246,1190,412452615,3.0295833333333335
2014-05-01 00:00:00 UTC,246,1191,412452615,0.27930555555555558
2014-05-01 00:00:00 UTC,246,1188,412451336,0.97791666666666655
2014-05-01 00:00:00 UTC,246,1189,412451336,12.462638888888888
2014-05-01 00:00:00 UTC,246,1188,412451337,9.3606944444444444
2014-05-01 00:00:00 UTC,246,1184,416794132,1.638611111111111
2014-05-01 00:00:00 UTC,246,1187,800022037,0.46208333333333335
2014-05-01 00:00:00 UTC,246,1187,800021790,2.51875
2014-05-01 00:00:00 UTC,246,1189,800000032,2.6868055555555554
2014-05-01 00:00:00 UTC,246,-1408,367571490,2.2248611111111112
2014-05-01 00:00:00 UTC,246,1188,412451364,8.3608333333333338
2014-05-01 00:00:00 UTC,246,1189,800000304,0.21722222222222221
2014-05-01 00:00:00 UTC,246,1188,412451379,7.862916666666667
2014-05-01 00:00:00 UTC,246,1189,412451379,2.1211111111111114
2014-05-01 00:00:00 UTC,246,1189,412452943,0.96611111111111125
2014-05-01 00:00:00 UTC,246,1188,412452943,1.0198611111111111
2014-05-01 00:00:00 UTC,246,1189,412452944,0.84805555555555567
2014-05-01 00:00:00 UTC,246,1188,412452944,1.0115277777777778
2014-05-01 00:00:00 UTC,246,1187,412451417,3.6488888888888886
2014-05-01 00:00:00 UTC,246,1188,412455515,0.12888888888888889
2014-05-01 00:00:00 UTC,246,1189,800000106,4.4444444444444455
2014-05-01 00:00:00 UTC,246,1188,800000106,3.9197222222222226
2014-05-01 00:00:00 UTC,246,1190,412452718,0.23625000000000002
2014-05-01 00:00:00 UTC,246,1188,412450673,0.43444444444444441
2014-05-01 00:00:00 UTC,246,1189,412450673,3.0404166666666677
2014-05-01 00:00:00 UTC,246,1191,412452723,0.99638888888888888
2014-05-01 00:00:00 UTC,246,1190,800000121,2.8743055555555559
2014-05-01 00:00:00 UTC,246,1190,800030585,2.5179166666666664
2014-05-01 00:00:00 UTC,246,1188,800027778,12.159166666666668
2014-05-01 00:00:00 UTC,246,1187,800027778,0.89000000000000012
2014-05-01 00:00:00 UTC,246,1189,412450948,0.7468055555555555
2014-05-01 00:00:00 UTC,246,1188,412450948,12.110833333333336
2014-05-01 00:00:00 UTC,246,1190,800034949,0.97180555555555559
2014-05-01 00:00:00 UTC,246,1643,416001414,0.92944444444444463
2014-05-01 00:00:00 UTC,246,1642,416001414,3.0759722222222226
2014-05-01 00:00:00 UTC,246,1644,416001414,1.505
2014-05-01 00:00:00 UTC,246,1189,412450955,14.733888888888888
2014-05-01 00:00:00 UTC,246,1188,412450955,1.4243055555555557
2014-05-01 00:00:00 UTC,246,1188,412450702,0.385
2014-05-01 00:00:00 UTC,246,1189,412450702,2.9576388888888889
2014-05-01 00:00:00 UTC,246,1190,800032142,1.7266666666666666
2014-05-01 00:00:00 UTC,246,1189,800000403,1.0677777777777777
2014-05-01 00:00:00 UTC,246,1189,412451225,1.8345833333333332
2014-05-01 00:00:00 UTC,246,1188,412451225,0.952638888888889
2014-05-01 00:00:00 UTC,246,1639,416001447,3.8015277777777778
2014-05-01 00:00:00 UTC,246,1638,416001447,2.6716666666666669
2014-05-01 00:00:00 UTC,246,1187,412450728,2.6063888888888891
2014-05-01 00:00:00 UTC,246,1188,412451496,2.2824999999999998
2014-05-01 00:00:00 UTC,246,1189,412451496,1.3011111111111111
2014-05-01 00:00:00 UTC,246,1621,416002216,6.8836111111111116
2014-05-01 00:00:00 UTC,246,1222,416004523,1.7693055555555555
2014-05-01 00:00:00 UTC,246,1223,416004523,4.2848611111111117
2014-05-01 00:00:00 UTC,246,1189,412451501,3.820416666666667
2014-05-01 00:00:00 UTC,246,1187,412452015,0.11027777777777778
2014-05-01 00:00:00 UTC,246,1188,412452015,5.3876388888888895
2014-05-01 00:00:00 UTC,246,1191,412452792,1.7954166666666667
2014-05-01 00:00:00 UTC,246,1187,415595962,12.259166666666667
2014-05-01 00:00:00 UTC,246,1188,415595962,2.4484722222222217
2014-05-01 00:00:00 UTC,246,1190,800034497,2.8556944444444445
2014-05-01 00:00:00 UTC,246,1188,412450766,0.37694444444444442
2014-05-01 00:00:00 UTC,246,1189,412450766,2.9401388888888889
2014-05-01 00:00:00 UTC,246,1189,412452051,6.1831944444444442
2014-05-01 00:00:00 UTC,246,1188,412452051,0.12402777777777778
2014-05-01 00:00:00 UTC,246,1188,800026325,2.3833333333333333
2014-05-01 00:00:00 UTC,246,1187,800026325,1.4079166666666665
2014-05-01 00:00:00 UTC,246,-159,242167000,0.75555555555555554
2014-05-01 00:00:00 UTC,246,-158,242167000,0.78138888888888891
2014-05-01 00:00:00 UTC,246,1189,412459992,7.8893055555555565
2014-05-01 00:00:00 UTC,246,1188,412459992,0.49333333333333329
2014-05-01 00:00:00 UTC,246,1190,412459992,1.2629166666666665
2014-05-01 00:00:00 UTC,246,1189,412459993,7.0047222222222212
2014-05-01 00:00:00 UTC,246,1190,412459993,1.0380555555555555
2014-05-01 00:00:00 UTC,246,1188,412459993,1.0356944444444445
2014-05-01 00:00:00 UTC,246,1188,800033005,2.5681944444444444
2014-05-01 00:00:00 UTC,246,1187,800033005,1.7377777777777776
2014-05-01 00:00:00 UTC,246,1188,412451063,0.14444444444444443
2014-05-01 00:00:00 UTC,246,1192,412455678,1.5216666666666665
2014-05-01 00:00:00 UTC,502,1573,273824000,8.2666666666666657
2014-05-01 00:00:00 UTC,502,1574,273824000,1.6754166666666666
2014-05-01 00:00:00 UTC,502,5,227120400,0.21375
2014-05-01 00:00:00 UTC,502,4,227120400,4.3972222222222221
2014-05-01 00:00:00 UTC,502,9,227309340,19.282361111111115
2014-05-01 00:00:00 UTC,502,8,227317040,4.3815277777777775
2014-05-01 00:00:00 UTC,502,4,227137600,5.1840277777777777
2014-05-01 00:00:00 UTC,502,2,227137600,11.154722222222221
2014-05-01 00:00:00 UTC,502,3,227137600,1.8894444444444445
2014-05-01 00:00:00 UTC,502,1,228111700,0.44444444444444442
2014-05-01 00:00:00 UTC,502,2,228111700,0.23875
2014-05-01 00:00:00 UTC,502,7,228228700,23.867916666666666
2014-05-01 00:00:00 UTC,502,-110,224016230,10.782916666666667
2014-05-01 00:00:00 UTC,502,5,228107900,0.51125
2014-05-01 00:00:00 UTC,502,4,228107900,0.25222222222222224
2014-05-01 00:00:00 UTC,502,10,227314310,3.2431944444444447
2014-05-01 00:00:00 UTC,502,-59,235003026,0.23277777777777778
2014-05-01 00:00:00 UTC,502,6,227101600,5.0881944444444445
2014-05-01 00:00:00 UTC,502,-65,228324000,1.2426388888888891
2014-05-01 00:00:00 UTC,502,-67,228324000,2.0229166666666663
2014-05-01 00:00:00 UTC,502,-64,228324000,4.8676388888888891
2014-05-01 00:00:00 UTC,502,-66,228324000,1.9983333333333335
2014-05-01 00:00:00 UTC,502,-63,228324000,0.28569444444444447
2014-05-01 00:00:00 UTC,502,-62,227822000,1.9861111111111112
2014-05-01 00:00:00 UTC,502,-65,227822000,5.1645833333333329
2014-05-01 00:00:00 UTC,502,-66,227822000,0.46333333333333332
2014-05-01 00:00:00 UTC,502,-64,227822000,2.424722222222222
2014-05-01 00:00:00 UTC,502,-63,227822000,1.2588888888888889
2014-05-01 00:00:00 UTC,502,-43,235090869,0.52222222222222225
2014-05-01 00:00:00 UTC,502,-42,235090869,0.6118055555555556
2014-05-01 00:00:00 UTC,502,-59,232005830,0.43569444444444444
2014-05-01 00:00:00 UTC,502,-60,232005830,0.53736111111111107
2014-05-01 00:00:00 UTC,502,2,227853000,5.7081944444444446
2014-05-01 00:00:00 UTC,502,6,227118800,0.31694444444444447
2014-05-01 00:00:00 UTC,502,7,227118800,0.71583333333333332
2014-05-01 00:00:00 UTC,502,-42,235003089,1.3169444444444443
2014-05-01 00:00:00 UTC,502,9,227318230,5.5615277777777781
2014-05-01 00:00:00 UTC,502,10,227318230,3.6627777777777779
2014-05-01 00:00:00 UTC,502,4,227873000,4.9737500000000008
2014-05-01 00:00:00 UTC,502,5,227873000,0.22194444444444444
2014-05-01 00:00:00 UTC,502,6,234209000,0.71791666666666665
2014-05-01 00:00:00 UTC,502,4,234209000,2.7958333333333334
2014-05-01 00:00:00 UTC,502,5,234209000,2.2612500000000004
2014-05-01 00:00:00 UTC,502,2,234209000,0.21208333333333335
2014-05-01 00:00:00 UTC,502,1,234209000,5.2102777777777769
2014-05-01 00:00:00 UTC,502,-63,228321000,0.90666666666666673
2014-05-01 00:00:00 UTC,502,-67,228321000,0.42472222222222222
2014-05-01 00:00:00 UTC,502,-62,228321000,1.8895833333333334
2014-05-01 00:00:00 UTC,502,-64,228321000,1.5043055555555558
2014-05-01 00:00:00 UTC,502,-65,228321000,2.9255555555555555
2014-05-01 00:00:00 UTC,502,6,235004140,15.927916666666661
2014-05-01 00:00:00 UTC,502,5,235004140,0.21194444444444444
2014-05-01 00:00:00 UTC,502,-42,235090169,1.1681944444444443
2014-05-01 00:00:00 UTC,758,411,225436000,3.1013888888888888
2014-05-01 00:00:00 UTC,758,410,225436000,4.6580555555555554
2014-05-01 00:00:00 UTC,758,412,225436000,3.9094444444444445
2014-05-01 00:00:00 UTC,758,409,225436000,7.0124999999999993
2014-05-01 00:00:00 UTC,758,408,225436000,2.3777777777777778
2014-05-01 00:00:00 UTC,-522,-624,441767000,3.0615277777777781
2014-05-01 00:00:00 UTC,-522,-625,441767000,10.307638888888889
2014-05-01 00:00:00 UTC,-522,-623,441404000,6.1244444444444444
2014-05-01 00:00:00 UTC,-522,-622,441360000,3.9638888888888886
2014-05-01 00:00:00 UTC,-522,-621,441360000,4.549722222222222
2014-05-01 00:00:00 UTC,-522,-620,224506000,1.5809722222222222
2014-05-01 00:00:00 UTC,-522,-621,224506000,1.5597222222222222
2014-05-01 00:00:00 UTC,-522,-624,441007000,3.0590277777777777
2014-05-01 00:00:00 UTC,-522,-625,441007000,10.927638888888891
2014-05-01 00:00:00 UTC,-522,-632,224004000,6.0740277777777774
2014-05-01 00:00:00 UTC,-522,-633,224004000,2.2472222222222222
2014-05-01 00:00:00 UTC,-522,-634,224004000,1.5238888888888888
2014-05-01 00:00:00 UTC,-522,-624,440995000,12.467222222222222
2014-05-01 00:00:00 UTC,-522,-632,224547000,6.11375
2014-05-01 00:00:00 UTC,-522,-634,224547000,1.5609722222222222
2014-05-01 00:00:00 UTC,-522,-631,224547000,3.0884722222222223
2014-05-01 00:00:00 UTC,-522,-623,440684000,1.5627777777777778
2014-05-01 00:00:00 UTC,-522,-623,440811000,11.723333333333333
2014-05-01 00:00:00 UTC,-522,-622,440683000,7.1493055555555554
2014-05-01 00:00:00 UTC,-10,-124,263569000,2.947222222222222
2014-05-01 00:00:00 UTC,-10,1658,553111698,0.86833333333333329
2014-05-01 00:00:00 UTC,-10,1659,553111698,2.0245833333333332
2014-05-01 00:00:00 UTC,-10,-1666,440751000,0.85166666666666668
2014-05-01 00:00:00 UTC,247,1192,412452615,1.3545833333333333
2014-05-01 00:00:00 UTC,247,1190,412452615,0.40597222222222218
2014-05-01 00:00:00 UTC,247,1191,412452615,12.111527777777775
2014-05-01 00:00:00 UTC,247,1188,412451336,1.1847222222222222
2014-05-01 00:00:00 UTC,247,1191,412450574,6.0998611111111121
2014-05-01 00:00:00 UTC,247,1190,412450574,0.97611111111111115
2014-05-01 00:00:00 UTC,247,1191,412450833,3.1479166666666663
2014-05-01 00:00:00 UTC,247,1192,412450833,1.3687500000000001
2014-05-01 00:00:00 UTC,247,1193,412450081,2.5141666666666667
2014-05-01 00:00:00 UTC,247,1192,412450081,2.9497222222222224
2014-05-01 00:00:00 UTC,247,-1408,367571490,1.7819444444444443
2014-05-01 00:00:00 UTC,247,1188,412450597,1.20875
2014-05-01 00:00:00 UTC,247,1189,412450597,6.4191666666666656
2014-05-01 00:00:00 UTC,247,1190,412450597,2.0920833333333335
2014-05-01 00:00:00 UTC,247,1190,412451883,1.6180555555555556
2014-05-01 00:00:00 UTC,247,1189,800000304,1.4040277777777779
2014-05-01 00:00:00 UTC,247,1188,800000304,0.5477777777777777
2014-05-01 00:00:00 UTC,247,1190,412451905,2.1076388888888888
2014-05-01 00:00:00 UTC,247,1189,412451905,6.4081944444444421
2014-05-01 00:00:00 UTC,247,1188,412451905,1.2455555555555555
2014-05-01 00:00:00 UTC,247,1188,813021762,2.6266666666666665
2014-05-01 00:00:00 UTC,247,1189,412452675,4.9655555555555555
2014-05-01 00:00:00 UTC,247,1190,412452675,0.21111111111111111
2014-05-01 00:00:00 UTC,247,1188,412452675,3.4705555555555558
2014-05-01 00:00:00 UTC,247,1190,800000330,3.9804166666666672
2014-05-01 00:00:00 UTC,247,1190,412451917,0.93861111111111117
2014-05-01 00:00:00 UTC,247,1189,412452943,2.5684722222222223
2014-05-01 00:00:00 UTC,247,1190,412452943,1.3155555555555556
2014-05-01 00:00:00 UTC,247,1188,412452943,2.7548611111111114
2014-05-01 00:00:00 UTC,247,1188,412452944,3.2097222222222221
2014-05-01 00:00:00 UTC,247,1190,412452944,1.282083333333333
2014-05-01 00:00:00 UTC,247,1189,412452944,2.3797222222222225
2014-05-01 00:00:00 UTC,247,1187,412451417,0.11125
2014-05-01 00:00:00 UTC,247,1189,412451417,3.1476388888888884
2014-05-01 00:00:00 UTC,247,1188,412451417,4.6531944444444457
2014-05-01 00:00:00 UTC,247,1189,412455515,4.3013888888888889
2014-05-01 00:00:00 UTC,247,1191,412452709,0.6941666666666666
2014-05-01 00:00:00 UTC,247,1190,412452713,1.1429166666666668
2014-05-01 00:00:00 UTC,247,1191,412452713,3.8577777777777769
2014-05-01 00:00:00 UTC,247,1188,800000106,0.96541666666666659
2014-05-01 00:00:00 UTC,247,1189,800000106,0.47513888888888889
2014-05-01 00:00:00 UTC,247,1192,412452715,0.78069444444444436
2014-05-01 00:00:00 UTC,247,1191,412452715,3.8090277777777781
2014-05-01 00:00:00 UTC,247,1190,412452718,3.4618055555555554
2014-05-01 00:00:00 UTC,247,1191,412452718,4.9480555555555554
2014-05-01 00:00:00 UTC,247,1192,412452723,1.8843055555555557
2014-05-01 00:00:00 UTC,247,1191,412452723,2.4963888888888888
2014-05-01 00:00:00 UTC,247,1191,412452979,0.52305555555555561
2014-05-01 00:00:00 UTC,247,1191,412452724,1.9288888888888889
2014-05-01 00:00:00 UTC,247,1190,412452724,1.2905555555555555
2014-05-01 00:00:00 UTC,247,1192,412452724,1.9097222222222223
2014-05-01 00:00:00 UTC,247,1189,412452982,2.6269444444444443
2014-05-01 00:00:00 UTC,247,1191,412452982,0.53333333333333333
2014-05-01 00:00:00 UTC,247,1190,412452982,0.97500000000000009
2014-05-01 00:00:00 UTC,247,1190,800000121,2.9463888888888889
2014-05-01 00:00:00 UTC,247,1189,800030585,0.32944444444444443
2014-05-01 00:00:00 UTC,247,1190,800030585,0.7475
2014-05-01 00:00:00 UTC,247,1190,800034949,4.3759722222222219
2014-05-01 00:00:00 UTC,247,1645,416001414,7.637083333333333
2014-05-01 00:00:00 UTC,247,1644,416001414,0.89819444444444452
2014-05-01 00:00:00 UTC,247,1189,800000403,4.3698611111111108
2014-05-01 00:00:00 UTC,247,1190,412452763,2.923888888888889
2014-05-01 00:00:00 UTC,247,1189,412452763,3.1972222222222224
2014-05-01 00:00:00 UTC,247,1192,412451232,1.9977777777777777
2014-05-01 00:00:00 UTC,247,1190,412451232,1.3704166666666664
2014-05-01 00:00:00 UTC,247,1191,412451232,1.8525
2014-05-01 00:00:00 UTC,247,1189,412451232,0.48833333333333334
2014-05-01 00:00:00 UTC,247,1190,412450723,0.10680555555555554
2014-05-01 00:00:00 UTC,247,1189,412450723,4.417361111111112
2014-05-01 00:00:00 UTC,247,1188,412450723,2.634722222222222
2014-05-01 00:00:00 UTC,247,1188,412450724,1.2937500000000002
2014-05-01 00:00:00 UTC,247,1189,412450724,6.14625
2014-05-01 00:00:00 UTC,247,1190,412450724,1.5544444444444443
2014-05-01 00:00:00 UTC,247,1193,412457636,1.1234722222222222
2014-05-01 00:00:00 UTC,247,1191,412457636,0.75125
2014-05-01 00:00:00 UTC,247,1192,412457636,1.2658333333333331
2014-05-01 00:00:00 UTC,247,1193,412450982,2.3966666666666665
2014-05-01 00:00:00 UTC,247,1188,412450728,4.2663888888888888
2014-05-01 00:00:00 UTC,247,1189,412450728,3.1908333333333339
2014-05-01 00:00:00 UTC,247,1188,412451496,4.8116666666666683
2014-05-01 00:00:00 UTC,247,1188,412452015,3.3904166666666664
2014-05-01 00:00:00 UTC,247,1189,412452015,9.1745833333333326
2014-05-01 00:00:00 UTC,247,1192,412452792,1.0420833333333333
2014-05-01 00:00:00 UTC,247,1191,412452792,14.958611111111111
2014-05-01 00:00:00 UTC,247,1190,412452792,1.1625
2014-05-01 00:00:00 UTC,247,1189,415595962,0.76041666666666663
2014-05-01 00:00:00 UTC,247,1188,415595962,1.6968055555555552
2014-05-01 00:00:00 UTC,247,1191,412452553,2.2729166666666667
2014-05-01 00:00:00 UTC,247,1192,412452553,3.000694444444445
2014-05-01 00:00:00 UTC,247,1190,412452553,1.1123611111111111
2014-05-01 00:00:00 UTC,247,1188,412450766,0.84222222222222221
2014-05-01 00:00:00 UTC,247,1190,412452562,0.23583333333333334
2014-05-01 00:00:00 UTC,247,1191,412452562,0.55333333333333334
2014-05-01 00:00:00 UTC,247,1189,800026325,0.65347222222222223
2014-05-01 00:00:00 UTC,247,1188,800026325,1.4930555555555556
2014-05-01 00:00:00 UTC,247,1190,412452056,1.3047222222222223
2014-05-01 00:00:00 UTC,247,1188,412452056,0.1423611111111111
2014-05-01 00:00:00 UTC,247,1192,412452056,1.1680555555555556
2014-05-01 00:00:00 UTC,247,1191,412452056,3.7243055555555555
2014-05-01 00:00:00 UTC,247,1189,412452056,2.7623611111111113
2014-05-01 00:00:00 UTC,247,1190,412459992,3.6220833333333333
2014-05-01 00:00:00 UTC,247,1189,412459992,3.1330555555555555
2014-05-01 00:00:00 UTC,247,1190,412459993,3.4818055555555549
2014-05-01 00:00:00 UTC,247,1189,412459993,3.3220833333333335
2014-05-01 00:00:00 UTC,247,1191,412452572,4.8890277777777786
2014-05-01 00:00:00 UTC,247,1191,412452828,0.56388888888888888
2014-05-01 00:00:00 UTC,247,1188,412448223,0.51333333333333342
2014-05-01 00:00:00 UTC,247,1188,800033005,0.62541666666666662
2014-05-01 00:00:00 UTC,247,1191,101306353,4.8177777777777777
2014-05-01 00:00:00 UTC,247,-826,367492340,9.11736111111111
2014-05-01 00:00:00 UTC,247,1190,412452086,2.953611111111111
2014-05-01 00:00:00 UTC,247,1189,412452086,3.1616666666666662
2014-05-01 00:00:00 UTC,247,1188,412451063,0.44208333333333338
2014-05-01 00:00:00 UTC,247,1190,412451327,2.7927777777777782
2014-05-01 00:00:00 UTC,247,1189,412451327,0.7336111111111111
2014-05-01 00:00:00 UTC,503,1576,273824000,5.6319444444444446
2014-05-01 00:00:00 UTC,503,10,227319040,3.0634722222222228
2014-05-01 00:00:00 UTC,503,8,227319040,2.4977777777777779
2014-05-01 00:00:00 UTC,503,9,227319040,10.221111111111114
2014-05-01 00:00:00 UTC,503,-8,227945000,2.7501388888888889
2014-05-01 00:00:00 UTC,503,-109,224130870,4.750694444444445
2014-05-01 00:00:00 UTC,503,-6,228819000,0.19819444444444445
2014-05-01 00:00:00 UTC,503,-109,224016230,5.5325
2014-05-01 00:00:00 UTC,503,-2,244987000,0.34152777777777776
2014-05-01 00:00:00 UTC,503,0,244987000,0.52222222222222225
2014-05-01 00:00:00 UTC,503,-1,244987000,11.758750000000003
2014-05-01 00:00:00 UTC,503,9,227124600,1.8575
2014-05-01 00:00:00 UTC,503,10,227124600,0.86375
2014-05-01 00:00:00 UTC,503,0,227611780,6.25625
2014-05-01 00:00:00 UTC,503,10,227314310,20.818888888888885
2014-05-01 00:00:00 UTC,503,3,235051671,2.9388888888888891
2014-05-01 00:00:00 UTC,503,3,228399000,1.4986111111111113
2014-05-01 00:00:00 UTC,503,-63,228324000,1.9555555555555557
2014-05-01 00:00:00 UTC,503,-54,205017000,0.46736111111111112
2014-05-01 00:00:00 UTC,503,-64,227822000,0.5509722222222222
2014-05-01 00:00:00 UTC,503,-63,227822000,4.4831944444444449
2014-05-01 00:00:00 UTC,503,-62,227822000,1.7613888888888891
2014-05-01 00:00:00 UTC,503,-61,232005830,1.0041666666666667
2014-05-01 00:00:00 UTC,503,-60,232005830,1.1558333333333333
2014-05-01 00:00:00 UTC,503,-62,228321000,1.8908333333333331
2014-05-01 00:00:00 UTC,503,-63,228321000,0.4177777777777778
2014-05-01 00:00:00 UTC,759,412,225436000,2.3641666666666667
2014-05-01 00:00:00 UTC,-521,-622,441330000,7.2236111111111114
2014-05-01 00:00:00 UTC,-521,-623,441404000,1.5495833333333333
2014-05-01 00:00:00 UTC,-521,-621,224506000,1.5606944444444442
2014-05-01 00:00:00 UTC,-521,-622,224506000,1.5823611111111111
2014-05-01 00:00:00 UTC,-521,-632,224004000,4.6716666666666669
2014-05-01 00:00:00 UTC,-521,-623,440548000,11.901111111111112
2014-05-01 00:00:00 UTC,-521,-622,440548000,2.2780555555555555
2014-05-01 00:00:00 UTC,-521,-633,224547000,2.2750000000000004
2014-05-01 00:00:00 UTC,-521,-631,224547000,5.4913888888888884
2014-05-01 00:00:00 UTC,-521,-625,576099000,2.2693055555555555
2014-05-01 00:00:00 UTC,-521,-624,576099000,5.3420833333333331
2014-05-01 00:00:00 UTC,-521,-624,440216000,1.5643055555555556
2014-05-01 00:00:00 UTC,-521,-623,440216000,6.9273611111111109
2014-05-01 00:00:00 UTC,-521,-623,441559000,6.3775
2014-05-01 00:00:00 UTC,-521,-623,441495000,4.58763888888889
2014-05-01 00:00:00 UTC,-521,-624,441495000,1.5240277777777778
2014-05-01 00:00:00 UTC,-521,-624,441142000,5.4168055555555554
2014-05-01 00:00:00 UTC,-521,-625,441142000,8.7404166666666683
2014-05-01 00:00:00 UTC,-265,476,432298000,2.2381944444444444
2014-05-01 00:00:00 UTC,-265,1536,503318900,9.9131944444444446
2014-05-01 00:00:00 UTC,248,1191,412452615,0.72138888888888886
2014-05-01 00:00:00 UTC,248,1192,412452615,1.6006944444444444
2014-05-01 00:00:00 UTC,248,1188,412451336,3.1522222222222225
2014-05-01 00:00:00 UTC,248,1192,412450833,2.5394444444444444
2014-05-01 00:00:00 UTC,248,1190,412450081,0.71333333333333337
2014-05-01 00:00:00 UTC,248,-1408,367571490,6.2195833333333335
2014-05-01 00:00:00 UTC,248,1190,412450597,3.1870833333333333
2014-05-01 00:00:00 UTC,248,1191,412450597,6.6005555555555562
2014-05-01 00:00:00 UTC,248,1192,412450597,4.4231944444444444
2014-05-01 00:00:00 UTC,248,1191,412451883,1.8733333333333331
2014-05-01 00:00:00 UTC,248,1193,412451883,7.2981944444444444
2014-05-01 00:00:00 UTC,248,1192,412451883,5.55375
2014-05-01 00:00:00 UTC,248,1190,412451905,3.0044444444444443
2014-05-01 00:00:00 UTC,248,1192,412451905,2.8768055555555558
2014-05-01 00:00:00 UTC,248,1191,412451905,5.3736111111111118
2014-05-01 00:00:00 UTC,248,1190,412452675,12.585138888888888
2014-05-01 00:00:00 UTC,248,1189,800000330,1.0452777777777778
2014-05-01 00:00:00 UTC,248,1219,416001866,6.0534722222222221
2014-05-01 00:00:00 UTC,248,1189,413069388,3.2509722222222224
2014-05-01 00:00:00 UTC,248,1193,412451917,8.3326388888888889
2014-05-01 00:00:00 UTC,248,1190,412451917,0.26166666666666666
2014-05-01 00:00:00 UTC,248,1191,412451917,1.9515277777777778
2014-05-01 00:00:00 UTC,248,1192,412451917,3.2890277777777777
2014-05-01 00:00:00 UTC,248,1191,412452943,1.7779166666666666
2014-05-01 00:00:00 UTC,248,1190,412452943,2.0215277777777776
2014-05-01 00:00:00 UTC,248,1191,412452944,0.69347222222222227
2014-05-01 00:00:00 UTC,248,1190,412452944,2.1329166666666666
2014-05-01 00:00:00 UTC,248,1191,412451417,4.7972222222222216
2014-05-01 00:00:00 UTC,248,1190,412451417,1.8059722222222219
2014-05-01 00:00:00 UTC,248,1188,412455515,0.13319444444444445
2014-05-01 00:00:00 UTC,248,1191,412450652,1.0919444444444444
2014-05-01 00:00:00 UTC,248,1191,412452709,1.0015277777777778
2014-05-01 00:00:00 UTC,248,1192,412452713,6.9575
2014-05-01 00:00:00 UTC,248,1191,412452713,1.0044444444444445
2014-05-01 00:00:00 UTC,248,1188,800000106,10.628472222222221
2014-05-01 00:00:00 UTC,248,1192,412452715,1.3569444444444445
2014-05-01 00:00:00 UTC,248,1193,412452715,1.4691666666666667
2014-05-01 00:00:00 UTC,248,1191,412452718,0.74652777777777768
2014-05-01 00:00:00 UTC,248,1192,412452718,2.9629166666666666
2014-05-01 00:00:00 UTC,248,1193,412452718,0.2113888888888889
2014-05-01 00:00:00 UTC,248,1192,412452723,4.7195833333333335
2014-05-01 00:00:00 UTC,248,1193,412452723,9.4458333333333329
2014-05-01 00:00:00 UTC,248,1192,412452979,8.8251388888888886
2014-05-01 00:00:00 UTC,248,1191,412452979,2.4180555555555556
2014-05-01 00:00:00 UTC,248,1193,412452979,0.15861111111111112
2014-05-01 00:00:00 UTC,248,1193,412452724,2.29375
2014-05-01 00:00:00 UTC,248,1192,412452724,1.1198611111111112
2014-05-01 00:00:00 UTC,248,1189,800033142,10.504305555555554
2014-05-01 00:00:00 UTC,248,1189,412596090,0.6125
2014-05-01 00:00:00 UTC,248,1192,412451738,1.205
2014-05-01 00:00:00 UTC,248,1191,412452763,6.4604166666666663
2014-05-01 00:00:00 UTC,248,1190,412452763,6.0784722222222216
2014-05-01 00:00:00 UTC,248,1192,412452763,1.6662499999999998
2014-05-01 00:00:00 UTC,248,1192,412451232,1.8784722222222223
2014-05-01 00:00:00 UTC,248,1193,412451232,1.5033333333333334
2014-05-01 00:00:00 UTC,248,1191,412450723,11.160833333333334
2014-05-01 00:00:00 UTC,248,1190,412450723,1.8041666666666665
2014-05-01 00:00:00 UTC,248,1190,412450724,6.567499999999999
2014-05-01 00:00:00 UTC,248,1192,412450724,3.0658333333333334
2014-05-01 00:00:00 UTC,248,1191,412450724,5.1645833333333337
2014-05-01 00:00:00 UTC,248,1190,412457636,0.49319444444444438
2014-05-01 00:00:00 UTC,248,1189,412457636,0.20444444444444443
2014-05-01 00:00:00 UTC,248,1638,416001447,6.5725
2014-05-01 00:00:00 UTC,248,1192,412450728,1.3409722222222225
2014-05-01 00:00:00 UTC,248,1191,412450728,1.4659722222222222
2014-05-01 00:00:00 UTC,248,1190,412450728,1.7268055555555555
2014-05-01 00:00:00 UTC,248,1188,412451496,4.1838888888888892
2014-05-01 00:00:00 UTC,248,1620,416002216,6.6822222222222223
2014-05-01 00:00:00 UTC,248,1190,412452015,2.03625
2014-05-01 00:00:00 UTC,248,1191,412452015,0.8041666666666667
2014-05-01 00:00:00 UTC,248,1189,412452015,0.2623611111111111
2014-05-01 00:00:00 UTC,248,1192,412452792,9.2166666666666668
2014-05-01 00:00:00 UTC,248,1192,412452553,0.53972222222222221
2014-05-01 00:00:00 UTC,248,1193,412452553,1.9605555555555556
2014-05-01 00:00:00 UTC,248,1191,412452562,1.048888888888889
2014-05-01 00:00:00 UTC,248,1193,412452056,9.51597222222222
2014-05-01 00:00:00 UTC,248,1192,412452056,3.2745833333333332
2014-05-01 00:00:00 UTC,248,1190,412459992,2.3181944444444449
2014-05-01 00:00:00 UTC,248,1190,412459993,2.189861111111111
2014-05-01 00:00:00 UTC,248,1192,412452828,8.3105555555555561
2014-05-01 00:00:00 UTC,248,1191,412452828,3.1475000000000004
2014-05-01 00:00:00 UTC,248,1188,412448223,5.0025
2014-05-01 00:00:00 UTC,248,1189,412450791,0.37652777777777779
2014-05-01 00:00:00 UTC,248,1188,412450791,0.59597222222222213
2014-05-01 00:00:00 UTC,248,1192,412450791,1.7616666666666667
2014-05-01 00:00:00 UTC,248,1190,412452086,5.9906944444444443
2014-05-01 00:00:00 UTC,248,1192,412452086,1.6644444444444444
2014-05-01 00:00:00 UTC,248,1191,412452086,6.9087499999999995
2014-05-01 00:00:00 UTC,248,1190,412451832,0.43763888888888886
2014-05-01 00:00:00 UTC,248,1191,412455678,0.30833333333333335
2014-05-01 00:00:00 UTC,504,6,227635470,10.014444444444441
2014-05-01 00:00:00 UTC,504,2,233450000,1.1034722222222222
2014-05-01 00:00:00 UTC,504,1,233450000,0.58611111111111114
2014-05-01 00:00:00 UTC,504,-52,235092244,6.39375
2014-05-01 00:00:00 UTC,504,-2,246015000,4.5818055555555555
2014-05-01 00:00:00 UTC,504,-8,227945000,1.5580555555555555
2014-05-01 00:00:00 UTC,504,1,228281900,3.9252777777777781
2014-05-01 00:00:00 UTC,504,4,228281900,6.636388888888888
2014-05-01 00:00:00 UTC,504,3,228281900,6.2479166666666668
2014-05-01 00:00:00 UTC,504,2,228281900,4.2333333333333325
2014-05-01 00:00:00 UTC,504,-109,224130870,12.154583333333333
2014-05-01 00:00:00 UTC,504,-3,232627000,19.720277777777778
2014-05-01 00:00:00 UTC,504,8,227257670,1.1475
2014-05-01 00:00:00 UTC,504,7,227257670,9.7540277777777789
2014-05-01 00:00:00 UTC,504,6,227257670,8.4775000000000009
2014-05-01 00:00:00 UTC,504,-10,227538000,0.87305555555555558
2014-05-01 00:00:00 UTC,504,-9,227538000,1.0327777777777776
2014-05-01 00:00:00 UTC,504,-11,227538000,0.85444444444444445
2014-05-01 00:00:00 UTC,504,-12,227538000,12.208749999999998
2014-05-01 00:00:00 UTC,504,-109,224016230,7.8100000000000005
2014-05-01 00:00:00 UTC,504,15,227314040,3.9616666666666664
2014-05-01 00:00:00 UTC,504,8,227124600,5.5474999999999994
2014-05-01 00:00:00 UTC,504,7,227124600,3.2793055555555557
2014-05-01 00:00:00 UTC,504,6,227124600,10.829305555555557
2014-05-01 00:00:00 UTC,504,3,227137400,0.2348611111111111
2014-05-01 00:00:00 UTC,504,2,227137400,8.176805555555557
2014-05-01 00:00:00 UTC,504,1,227137400,4.6644444444444444
2014-05-01 00:00:00 UTC,504,0,227137400,8.328055555555558
2014-05-01 00:00:00 UTC,504,15,227317120,6.825833333333331
2014-05-01 00:00:00 UTC,504,3,227611780,6.5684722222222227
2014-05-01 00:00:00 UTC,504,0,227611780,1.8022222222222219
2014-05-01 00:00:00 UTC,504,1,227611780,3.2295833333333333
2014-05-01 00:00:00 UTC,504,2,227611780,2.9359722222222215
2014-05-01 00:00:00 UTC,504,-110,228301700,5.4991666666666674
2014-05-01 00:00:00 UTC,504,-52,235070358,12.447638888888891
2014-05-01 00:00:00 UTC,504,-51,235070358,7.4158333333333335
2014-05-01 00:00:00 UTC,504,3,228399000,0.36722222222222223
2014-05-01 00:00:00 UTC,504,0,228121000,5.5620833333333328
2014-05-01 00:00:00 UTC,504,2,228121000,7.1768055555555561
2014-05-01 00:00:00 UTC,504,1,228121000,6.7291666666666661
2014-05-01 00:00:00 UTC,504,2,227316160,9.9291666666666671
2014-05-01 00:00:00 UTC,504,1,227316160,7.5890277777777762
2014-05-01 00:00:00 UTC,504,3,227316160,6.5558333333333323
2014-05-01 00:00:00 UTC,504,-61,232005830,1.9318055555555553
2014-05-01 00:00:00 UTC,504,-62,232005830,0.34055555555555556
2014-05-01 00:00:00 UTC,504,-6,227553000,2.1209722222222229
2014-05-01 00:00:00 UTC,504,-9,227553000,3.9990277777777781
2014-05-01 00:00:00 UTC,504,-7,227553000,3.1276388888888884
2014-05-01 00:00:00 UTC,504,-8,227553000,11.618194444444445
2014-05-01 00:00:00 UTC,504,-5,227553000,2.8493055555555555
2014-05-01 00:00:00 UTC,-520,-624,416189700,5.4266666666666667
2014-05-01 00:00:00 UTC,-520,-625,416189700,8.7258333333333322
2014-05-01 00:00:00 UTC,-520,-623,441298000,4.66125
2014-05-01 00:00:00 UTC,-520,-622,416004186,4.5706944444444444
2014-05-01 00:00:00 UTC,-520,-623,416004186,8.6581944444444456
2014-05-01 00:00:00 UTC,-520,-624,416137600,10.288611111111109
2014-05-01 00:00:00 UTC,-520,-623,416137600,3.8684722222222221
2014-05-01 00:00:00 UTC,-520,-623,224506000,5.615
2014-05-01 00:00:00 UTC,-520,-625,576099000,6.37625
2014-05-01 00:00:00 UTC,-520,-624,441495000,7.2780555555555555
2014-05-01 00:00:00 UTC,-520,-622,440108000,10.291805555555555
2014-05-01 00:00:00 UTC,-264,1537,503318900,19.06388888888889
2014-05-01 00:00:00 UTC,-8,1619,440636000,3.0247222222222221
2014-05-01 00:00:00 UTC,-8,-126,263569000,2.8416666666666668
2014-05-01 00:00:00 UTC,-8,-1666,440751000,1.3195833333333333
2014-05-01 00:00:00 UTC,249,1654,416004098,4.2677777777777779
2014-05-01 00:00:00 UTC,249,1230,900018697,3.4338888888888883
2014-05-01 00:00:00 UTC,249,1231,900018697,9.9344444444444449
2014-05-01 00:00:00 UTC,249,1232,900018697,9.0366666666666671
2014-05-01 00:00:00 UTC,249,1191,412448268,1.0993055555555555
2014-05-01 00:00:00 UTC,249,1192,412450651,3.1802777777777775
2014-05-01 00:00:00 UTC,249,1193,412452718,2.4365277777777781
2014-05-01 00:00:00 UTC,249,1192,412452718,2.9531944444444442
2014-05-01 00:00:00 UTC,249,1192,412452763,2.365
2014-05-01 00:00:00 UTC,249,1192,412450728,2.5095833333333335
2014-05-01 00:00:00 UTC,249,1193,412450728,1.6323611111111109
2014-05-01 00:00:00 UTC,249,1591,416001451,3.2129166666666666
2014-05-01 00:00:00 UTC,249,1192,412452015,3.9188888888888895
2014-05-01 00:00:00 UTC,249,1191,412448217,3.3619444444444442
2014-05-01 00:00:00 UTC,249,1192,412452086,3.0486111111111112
2014-05-01 00:00:00 UTC,249,1191,412451832,2.3366666666666664
2014-05-01 00:00:00 UTC,249,1192,412451832,3.13375
2014-05-01 00:00:00 UTC,505,6,227635470,0.60236111111111112
2014-05-01 00:00:00 UTC,505,7,227635470,7.1791666666666663
2014-05-01 00:00:00 UTC,505,3,233450000,1.6609722222222221
2014-05-01 00:00:00 UTC,505,1,233450000,1.6979166666666667
2014-05-01 00:00:00 UTC,505,2,233450000,14.120416666666666
2014-05-01 00:00:00 UTC,505,-2,246015000,1.0270833333333333
2014-05-01 00:00:00 UTC,505,-3,246015000,3.6455555555555557
2014-05-01 00:00:00 UTC,505,0,246015000,3.6206944444444438
2014-05-01 00:00:00 UTC,505,-1,246015000,1.7598611111111111
2014-05-01 00:00:00 UTC,505,-76,227486000,0.72666666666666668
2014-05-01 00:00:00 UTC,505,-75,227486000,3.8448611111111113
2014-05-01 00:00:00 UTC,505,-80,250107700,3.44625
2014-05-01 00:00:00 UTC,505,14,227312440,0.90138888888888891
2014-05-01 00:00:00 UTC,505,14,227318330,1.1368055555555556
2014-05-01 00:00:00 UTC,505,7,228240700,0.41847222222222225
2014-05-01 00:00:00 UTC,505,8,228240700,1.19875
2014-05-01 00:00:00 UTC,505,10,228240700,2.0651388888888889
2014-05-01 00:00:00 UTC,505,9,228240700,2.8972222222222221
2014-05-01 00:00:00 UTC,505,5,246749000,3.8106944444444446
2014-05-01 00:00:00 UTC,505,7,246749000,1.96375
2014-05-01 00:00:00 UTC,505,6,246749000,9.22777777777778
2014-05-01 00:00:00 UTC,505,6,205170000,2.9168055555555554
2014-05-01 00:00:00 UTC,505,-3,205170000,7.7645833333333343
2014-05-01 00:00:00 UTC,505,-2,205170000,4.9386111111111122
2014-05-01 00:00:00 UTC,505,7,205170000,4.2105555555555547
2014-05-01 00:00:00 UTC,505,-1,205170000,0.62861111111111112
2014-05-01 00:00:00 UTC,505,-77,250001769,1.7156944444444444
2014-05-01 00:00:00 UTC,505,-76,250001769,7.0519444444444446
2014-05-01 00:00:00 UTC,505,15,227314040,0.46486111111111111
2014-05-01 00:00:00 UTC,505,3,227137400,2.4809722222222224
2014-05-01 00:00:00 UTC,505,15,227317120,2.6740277777777774
2014-05-01 00:00:00 UTC,505,-110,228301700,12.384583333333333
2014-05-01 00:00:00 UTC,505,2,226010000,3.2199999999999993
2014-05-01 00:00:00 UTC,505,4,226010000,0.84791666666666665
2014-05-01 00:00:00 UTC,505,1,226010000,2.549722222222222
2014-05-01 00:00:00 UTC,505,-1,226010000,0.72930555555555565
2014-05-01 00:00:00 UTC,505,3,226010000,11.240694444444445
2014-05-01 00:00:00 UTC,505,0,226010000,2.6288888888888886
2014-05-01 00:00:00 UTC,505,1,235090834,23.526111111111113
2014-05-01 00:00:00 UTC,505,1,235051671,8.0597222222222218
2014-05-01 00:00:00 UTC,505,2,235051671,4.818888888888889
2014-05-01 00:00:00 UTC,505,13,227319460,0.73125
2014-05-01 00:00:00 UTC,505,2,228121000,3.9412499999999997
2014-05-01 00:00:00 UTC,505,3,228121000,0.66694444444444445
2014-05-01 00:00:00 UTC,505,14,227315370,0.45694444444444438
2014-05-01 00:00:00 UTC,505,13,227048380,3.4373611111111106
2014-05-01 00:00:00 UTC,505,-79,250444000,16.14736111111111
2014-05-01 00:00:00 UTC,505,-73,250444000,12.290277777777776
2014-05-01 00:00:00 UTC,505,5,246742000,2.665972222222222
2014-05-01 00:00:00 UTC,505,6,246742000,7.2273611111111125
2014-05-01 00:00:00 UTC,505,-67,250000633,0.10375
2014-05-01 00:00:00 UTC,-519,-623,440117000,12.600138888888889
2014-05-01 00:00:00 UTC,-519,-623,416842000,13.402500000000002
2014-05-01 00:00:00 UTC,-519,-623,441298000,8.5934722222222231
2014-05-01 00:00:00 UTC,-519,-622,440662000,11.753194444444444
2014-05-01 00:00:00 UTC,-263,476,432298000,0.82763888888888892
2014-05-01 00:00:00 UTC,-263,359,255501000,0.05625
2014-05-01 00:00:00 UTC,-7,-1665,440751000,0.49458333333333332
2014-05-01 00:00:00 UTC,-7,-1734,440823000,0.88874999999999993
2014-05-01 00:00:00 UTC,-7,-1733,440823000,3.5154166666666669
2014-05-01 00:00:00 UTC,250,1230,900018697,1.5051388888888888
2014-05-01 00:00:00 UTC,250,1231,900018697,0.20333333333333331
2014-05-01 00:00:00 UTC,250,1191,412448268,16.436527777777776
2014-05-01 00:00:00 UTC,250,1192,412448268,6.0694444444444446
2014-05-01 00:00:00 UTC,250,1189,412444687,6.0136111111111106
2014-05-01 00:00:00 UTC,250,1232,416001356,0.20041666666666666
2014-05-01 00:00:00 UTC,250,1231,416001356,0.46097222222222223
2014-05-01 00:00:00 UTC,250,1633,416002643,0.549861111111111
2014-05-01 00:00:00 UTC,250,1191,412441947,11.148611111111112
2014-05-01 00:00:00 UTC,250,1193,412452713,6.705
2014-05-01 00:00:00 UTC,250,1192,412452718,1.2911111111111111
2014-05-01 00:00:00 UTC,250,1193,412452718,4.7151388888888892
2014-05-01 00:00:00 UTC,250,1231,416000639,1.3802777777777777
2014-05-01 00:00:00 UTC,250,1230,416000639,0.82305555555555554
2014-05-01 00:00:00 UTC,250,1232,416000639,0.21347222222222223
2014-05-01 00:00:00 UTC,250,1641,416001414,4.247638888888889
2014-05-01 00:00:00 UTC,250,1614,416000141,1.5265277777777779
2014-05-01 00:00:00 UTC,250,1229,416004255,1.01
2014-05-01 00:00:00 UTC,250,1228,416004255,10.119444444444444
2014-05-01 00:00:00 UTC,250,1638,416001447,1.962361111111111
2014-05-01 00:00:00 UTC,250,1620,416002216,4.9761111111111109
2014-05-01 00:00:00 UTC,250,1591,416001451,2.1597222222222223
2014-05-01 00:00:00 UTC,250,1191,412448217,0.65236111111111117
2014-05-01 00:00:00 UTC,250,1230,416000487,13.456527777777779
2014-05-01 00:00:00 UTC,506,11,227314180,0.33555555555555555
2014-05-01 00:00:00 UTC,506,14,227314180,0.48152777777777783
2014-05-01 00:00:00 UTC,506,12,227314180,0.46944444444444444
2014-05-01 00:00:00 UTC,506,9,227314180,1.3979166666666667
2014-05-01 00:00:00 UTC,506,10,227314180,1.0970833333333332
2014-05-01 00:00:00 UTC,506,14,227649290,3.9940277777777782
2014-05-01 00:00:00 UTC,506,12,227562010,3.6693055555555554
2014-05-01 00:00:00 UTC,506,13,227562010,3.2051388888888885
2014-05-01 00:00:00 UTC,506,0,235104035,1.1079166666666667
2014-05-01 00:00:00 UTC,506,-6,235085356,1.956388888888889
2014-05-01 00:00:00 UTC,506,-7,235085356,1.9668055555555557
2014-05-01 00:00:00 UTC,506,14,227312440,4.6056944444444445
2014-05-01 00:00:00 UTC,506,14,227318330,3.8211111111111111
2014-05-01 00:00:00 UTC,506,3,235096124,3.0083333333333333
2014-05-01 00:00:00 UTC,506,2,235096124,2.6205555555555553
2014-05-01 00:00:00 UTC,506,8,228240700,0.63208333333333333
2014-05-01 00:00:00 UTC,506,5,228240700,2.1641666666666666
2014-05-01 00:00:00 UTC,506,6,228240700,3.0693055555555557
2014-05-01 00:00:00 UTC,506,7,228240700,2.3833333333333337
2014-05-01 00:00:00 UTC,506,7,246749000,0.21541666666666665
2014-05-01 00:00:00 UTC,506,-64,227378000,4.9816666666666665
2014-05-01 00:00:00 UTC,506,-3,205170000,0.43486111111111114
2014-05-01 00:00:00 UTC,506,-66,250002516,1.4747222222222223
2014-05-01 00:00:00 UTC,506,-67,250002516,1.4276388888888889
2014-05-01 00:00:00 UTC,506,11,227324000,0.21125
2014-05-01 00:00:00 UTC,506,7,227324000,2.5794444444444444
2014-05-01 00:00:00 UTC,506,8,227324000,1.5858333333333332
2014-05-01 00:00:00 UTC,506,6,227324000,1.9136111111111109
2014-05-01 00:00:00 UTC,506,-65,250116470,1.2406944444444443
2014-05-01 00:00:00 UTC,506,-66,250116470,0.76263888888888887
2014-05-01 00:00:00 UTC,506,1,235090834,0.49944444444444447
2014-05-01 00:00:00 UTC,506,2,235051671,0.91638888888888892
2014-05-01 00:00:00 UTC,506,-92,228168600,16.31388888888889
2014-05-01 00:00:00 UTC,506,14,227315370,3.1556944444444444
2014-05-01 00:00:00 UTC,506,8,205198000,0.4966666666666667
2014-05-01 00:00:00 UTC,506,9,205198000,3.0608333333333335
2014-05-01 00:00:00 UTC,506,3,235068355,1.2173611111111111
2014-05-01 00:00:00 UTC,506,8,205303000,1.5493055555555555
2014-05-01 00:00:00 UTC,506,7,205303000,0.59305555555555556
2014-05-01 00:00:00 UTC,506,-6,235086828,0.54986111111111113
2014-05-01 00:00:00 UTC,506,-7,235086828,1.4673611111111111
2014-05-01 00:00:00 UTC,506,14,227306990,1.1622222222222223
2014-05-01 00:00:00 UTC,506,7,246742000,0.44263888888888886
2014-05-01 00:00:00 UTC,506,6,246742000,5.1954166666666666
2014-05-01 00:00:00 UTC,506,4,235001841,1.5479166666666666
2014-05-01 00:00:00 UTC,506,3,235001841,1.6801388888888888
2014-05-01 00:00:00 UTC,506,2,235001841,0.63319444444444439
2014-05-01 00:00:00 UTC,506,-65,250000633,1.4584722222222222
2014-05-01 00:00:00 UTC,506,-64,250000633,1.04125
2014-05-01 00:00:00 UTC,506,-67,250000633,0.79555555555555557
2014-05-01 00:00:00 UTC,506,-66,250000633,1.0583333333333333
2014-05-01 00:00:00 UTC,-518,-625,416238600,8.6094444444444438
2014-05-01 00:00:00 UTC,-518,-624,416238600,4.6225
2014-05-01 00:00:00 UTC,-518,-624,416031600,6.8434722222222231
2014-05-01 00:00:00 UTC,-518,-625,416031600,7.1533333333333333
2014-05-01 00:00:00 UTC,-518,-625,416018800,12.413333333333334
2014-05-01 00:00:00 UTC,-518,-627,515844000,8.73875
2014-05-01 00:00:00 UTC,-518,-626,515844000,5.4138888888888888
2014-05-01 00:00:00 UTC,-262,476,432298000,0.81125
2014-05-01 00:00:00 UTC,-6,1617,440636000,0.97541666666666671
2014-05-01 00:00:00 UTC,-6,-1665,440751000,0.44694444444444448
2014-05-01 00:00:00 UTC,251,1654,416004098,6.9641666666666673
2014-05-01 00:00:00 UTC,251,1228,415000579,1.8152777777777778
2014-05-01 00:00:00 UTC,251,1630,416001799,0.9537500000000001
2014-05-01 00:00:00 UTC,251,1631,416001799,3.0373611111111112
2014-05-01 00:00:00 UTC,251,1217,416004149,0.82097222222222221
2014-05-01 00:00:00 UTC,251,1231,416001356,6.60125
2014-05-01 00:00:00 UTC,251,1232,416001356,6.2909722222222229
2014-05-01 00:00:00 UTC,251,1632,416002643,6.8458333333333332
2014-05-01 00:00:00 UTC,251,1217,200005495,0.75805555555555548
2014-05-01 00:00:00 UTC,251,602,422395000,8.7995833333333344
2014-05-01 00:00:00 UTC,251,1613,416000141,1.8326388888888889
2014-05-01 00:00:00 UTC,251,1614,416000141,8.624305555555555
2014-05-01 00:00:00 UTC,251,1591,416001451,1.7804166666666665
2014-05-01 00:00:00 UTC,251,1230,416000487,0.37930555555555556
2014-05-01 00:00:00 UTC,507,10,227314180,1.6445833333333333
2014-05-01 00:00:00 UTC,507,9,227314180,3.8556944444444445
2014-05-01 00:00:00 UTC,507,14,227314180,9.5018055555555581
2014-05-01 00:00:00 UTC,507,11,227314180,0.76833333333333331
2014-05-01 00:00:00 UTC,507,12,227314180,0.44555555555555559
2014-05-01 00:00:00 UTC,507,-112,228301600,16.283333333333335
2014-05-01 00:00:00 UTC,507,9,227323170,0.90625
2014-05-01 00:00:00 UTC,507,10,227323170,1.9280555555555556
2014-05-01 00:00:00 UTC,507,-1,235104035,1.806111111111111
2014-05-01 00:00:00 UTC,507,-6,235085356,0.23694444444444443
2014-05-01 00:00:00 UTC,507,-5,235085356,2.4937499999999995
2014-05-01 00:00:00 UTC,507,1576,273849910,6.1887500000000006
2014-05-01 00:00:00 UTC,507,3,235096124,0.27180555555555552
2014-05-01 00:00:00 UTC,507,6,235078469,8.6551388888888869
2014-05-01 00:00:00 UTC,507,5,235078471,7.80111111111111
2014-05-01 00:00:00 UTC,507,-65,227378000,4.953333333333334
2014-05-01 00:00:00 UTC,507,-64,227378000,8.6809722222222234
2014-05-01 00:00:00 UTC,507,7,227324000,0.43055555555555558
2014-05-01 00:00:00 UTC,507,6,227324000,0.44055555555555559
2014-05-01 00:00:00 UTC,507,-1,235080549,3.08875
2014-05-01 00:00:00 UTC,507,0,235080549,0.79083333333333328
2014-05-01 00:00:00 UTC,507,9,227317360,0.49236111111111108
2014-05-01 00:00:00 UTC,507,-65,250116470,2.4844444444444447
2014-05-01 00:00:00 UTC,507,-66,250116470,6.3973611111111115
2014-05-01 00:00:00 UTC,507,14,227106700,1.2269444444444444
2014-05-01 00:00:00 UTC,507,4,235096462,1.6631944444444444
2014-05-01 00:00:00 UTC,507,5,235096462,1.2690277777777779
2014-05-01 00:00:00 UTC,507,10,205198000,2.7801388888888892
2014-05-01 00:00:00 UTC,507,8,205198000,0.49555555555555553
2014-05-01 00:00:00 UTC,507,9,205198000,0.23527777777777778
2014-05-01 00:00:00 UTC,507,6,235090864,0.810138888888889
2014-05-01 00:00:00 UTC,507,-2,235026866,3.2554166666666666
2014-05-01 00:00:00 UTC,507,-1,235026866,1.0734722222222222
2014-05-01 00:00:00 UTC,507,-1294,316003768,1.2079166666666667
2014-05-01 00:00:00 UTC,507,-1293,316003768,5.0672222222222221
2014-05-01 00:00:00 UTC,507,9,227319230,0.74097222222222225
2014-05-01 00:00:00 UTC,507,-6,235086828,1.2294444444444443
2014-05-01 00:00:00 UTC,507,4,235001841,0.18291666666666667
2014-05-01 00:00:00 UTC,507,9,227692790,0.81375
2014-05-01 00:00:00 UTC,507,-83,250001911,15.548472222222221
2014-05-01 00:00:00 UTC,507,-65,250000633,1.1011111111111112
2014-05-01 00:00:00 UTC,507,-66,250000633,0.45444444444444443
2014-05-01 00:00:00 UTC,507,-64,250000633,0.30277777777777776
2014-05-01 00:00:00 UTC,-517,-624,416241600,5.3972222222222221
2014-05-01 00:00:00 UTC,-517,-625,416241600,8.6188888888888879
2014-05-01 00:00:00 UTC,-517,-624,416018900,12.694722222222223
2014-05-01 00:00:00 UTC,-261,614,416002287,1.6459722222222222
2014-05-01 00:00:00 UTC,-5,1616,440636000,0.79986111111111113
2014-05-01 00:00:00 UTC,-5,-128,263569000,0.71958333333333335
2014-05-01 00:00:00 UTC,-5,-1665,440751000,0.76652777777777781
2014-05-01 00:00:00 UTC,252,1630,416001799,1.5031944444444445
2014-05-01 00:00:00 UTC,252,1634,416001799,4.25
2014-05-01 00:00:00 UTC,252,1229,416001821,0.8375
2014-05-01 00:00:00 UTC,252,1232,416001356,1.1412499999999999
2014-05-01 00:00:00 UTC,252,1230,416001356,0.6875
2014-05-01 00:00:00 UTC,252,1229,416001356,3.7744444444444438
2014-05-01 00:00:00 UTC,252,1228,416001356,3.0036111111111108
2014-05-01 00:00:00 UTC,252,601,422395000,6.0122222222222224
2014-05-01 00:00:00 UTC,252,600,422395000,6.867916666666666
2014-05-01 00:00:00 UTC,252,1641,416001414,1.9941666666666666
2014-05-01 00:00:00 UTC,252,1614,416000141,2.1323611111111109
2014-05-01 00:00:00 UTC,252,1217,900023451,0.72972222222222216
2014-05-01 00:00:00 UTC,252,1217,900023456,5.4520833333333325
2014-05-01 00:00:00 UTC,252,1218,900023456,2.527916666666667
2014-05-01 00:00:00 UTC,252,1200,412459942,1.7755555555555556
2014-05-01 00:00:00 UTC,252,1591,416001451,1.6931944444444444
2014-05-01 00:00:00 UTC,252,1217,416001521,1.8412500000000003
2014-05-01 00:00:00 UTC,252,1218,900004351,1.4372222222222222
2014-05-01 00:00:00 UTC,252,1217,900004351,3.7950000000000004
2014-05-01 00:00:00 UTC,508,15,227314180,0.93833333333333324
2014-05-01 00:00:00 UTC,508,14,227314180,1.2270833333333333
2014-05-01 00:00:00 UTC,508,9,235069725,14.04736111111111
2014-05-01 00:00:00 UTC,508,9,227323170,0.22291666666666665
2014-05-01 00:00:00 UTC,508,1576,273849910,7.9905555555555559
2014-05-01 00:00:00 UTC,508,1574,273849910,0.7830555555555555
2014-05-01 00:00:00 UTC,508,1575,273849910,2.3683333333333332
2014-05-01 00:00:00 UTC,508,-53,205106000,6.321944444444445
2014-05-01 00:00:00 UTC,508,-54,205106000,0.49277777777777776
2014-05-01 00:00:00 UTC,508,9,235102058,12.901250000000001
2014-05-01 00:00:00 UTC,508,-66,250116470,8.3922222222222231
2014-05-01 00:00:00 UTC,508,-67,250116470,5.4833333333333334
2014-05-01 00:00:00 UTC,508,-1297,316003703,7.5731944444444439
2014-05-01 00:00:00 UTC,508,-1296,316003703,6.0122222222222224
2014-05-01 00:00:00 UTC,508,14,227106700,0.67625
2014-05-01 00:00:00 UTC,508,4,235096462,1.1909722222222223
2014-05-01 00:00:00 UTC,508,-111,228019600,11.620833333333334
2014-05-01 00:00:00 UTC,508,6,235084205,13.007916666666667
2014-05-01 00:00:00 UTC,508,7,235084205,0.41652777777777777
2014-05-01 00:00:00 UTC,508,-55,205262000,11.194861111111113
2014-05-01 00:00:00 UTC,508,-56,205262000,4.8737500000000011
2014-05-01 00:00:00 UTC,508,-58,205262000,0.99749999999999994
2014-05-01 00:00:00 UTC,508,-57,205262000,1.36625
2014-05-01 00:00:00 UTC,508,-59,205262000,1.1527777777777777
2014-05-01 00:00:00 UTC,508,-54,205262000,1.1433333333333331
2014-05-01 00:00:00 UTC,508,6,235090864,4.1993055555555552
2014-05-01 00:00:00 UTC,508,-1294,316003768,0.62013888888888891
2014-05-01 00:00:00 UTC,508,-1295,316003768,3.04125
2014-05-01 00:00:00 UTC,508,-58,205059000,1.9968055555555557
2014-05-01 00:00:00 UTC,508,-56,205059000,0.90763888888888888
2014-05-01 00:00:00 UTC,508,-59,205059000,0.64027777777777772
2014-05-01 00:00:00 UTC,508,-55,205059000,8.31013888888889
2014-05-01 00:00:00 UTC,508,-54,205059000,6.971805555555556
2014-05-01 00:00:00 UTC,508,-53,205059000,0.92791666666666672
2014-05-01 00:00:00 UTC,508,-57,205059000,1.0079166666666666
2014-05-01 00:00:00 UTC,508,-81,250001911,7.0052777777777777
2014-05-01 00:00:00 UTC,508,1559,273877500,12.801111111111112
2014-05-01 00:00:00 UTC,508,10,235102463,1.8745833333333335
2014-05-01 00:00:00 UTC,-516,-622,416236800,8.7708333333333339
2014-05-01 00:00:00 UTC,-516,-621,416236800,5.4180555555555543
2014-05-01 00:00:00 UTC,-516,-626,416171800,14.135972222222222
2014-05-01 00:00:00 UTC,-516,-625,416018500,5.4719444444444445
2014-05-01 00:00:00 UTC,-516,-620,416505000,13.259583333333333
2014-05-01 00:00:00 UTC,-516,-627,416312000,10.087361111111111
2014-05-01 00:00:00 UTC,-516,-626,416312000,1.61125
2014-05-01 00:00:00 UTC,-260,477,432298000,2.1416666666666666
2014-05-01 00:00:00 UTC,-260,381,224142870,1.5356944444444445
2014-05-01 00:00:00 UTC,-260,378,224142870,1.8570833333333332
2014-05-01 00:00:00 UTC,-4,-1323,416002859,1.90125
2014-05-01 00:00:00 UTC,-4,-128,263569000,0.92347222222222225
2014-05-01 00:00:00 UTC,-4,-1664,440751000,0.90833333333333344
2014-05-01 00:00:00 UTC,253,1629,416001799,6.8359722222222228
2014-05-01 00:00:00 UTC,253,1217,900017423,2.63625
2014-05-01 00:00:00 UTC,253,1220,416004424,15.598888888888888
2014-05-01 00:00:00 UTC,253,1217,416001621,2.5420833333333333
2014-05-01 00:00:00 UTC,253,1217,900023451,3.5768055555555551
2014-05-01 00:00:00 UTC,253,1200,412459942,0.8525
2014-05-01 00:00:00 UTC,253,1591,416001451,0.86763888888888885
2014-05-01 00:00:00 UTC,253,1590,416001451,0.77625
2014-05-01 00:00:00 UTC,253,1192,412448198,9.9468055555555548
2014-05-01 00:00:00 UTC,253,1193,412448198,3.5970833333333334
2014-05-01 00:00:00 UTC,253,1218,416001521,4.742916666666666
2014-05-01 00:00:00 UTC,253,1217,416001521,11.627916666666668
2014-05-01 00:00:00 UTC,509,-80,250001702,6.993611111111111
2014-05-01 00:00:00 UTC,509,-50,205106000,8.0393055555555559
2014-05-01 00:00:00 UTC,509,-49,205106000,0.20847222222222223
2014-05-01 00:00:00 UTC,509,-51,205106000,2.1354166666666665
2014-05-01 00:00:00 UTC,509,-53,205106000,2.0694444444444442
2014-05-01 00:00:00 UTC,509,-52,205106000,3.2425
2014-05-01 00:00:00 UTC,509,-1296,316003703,9.5923611111111118
2014-05-01 00:00:00 UTC,509,16,227626920,0.22055555555555556
2014-05-01 00:00:00 UTC,509,7,235084205,0.99055555555555541
2014-05-01 00:00:00 UTC,509,-57,205262000,0.33111111111111113
2014-05-01 00:00:00 UTC,509,-55,205262000,1.2668055555555557
2014-05-01 00:00:00 UTC,509,-56,205262000,0.67541666666666667
2014-05-01 00:00:00 UTC,509,-58,205262000,1.04125
2014-05-01 00:00:00 UTC,509,-55,205059000,1.3930555555555555
2014-05-01 00:00:00 UTC,509,-56,205059000,0.855
2014-05-01 00:00:00 UTC,509,-57,205059000,0.47513888888888889
2014-05-01 00:00:00 UTC,509,-61,205346000,0.98249999999999993
2014-05-01 00:00:00 UTC,509,-60,205346000,1.2440277777777777
2014-05-01 00:00:00 UTC,509,18,227317490,0.81805555555555554
2014-05-01 00:00:00 UTC,-515,-625,416510000,5.4709722222222226
2014-05-01 00:00:00 UTC,-515,-623,416233800,14.789027777777779
2014-05-01 00:00:00 UTC,-515,-620,416236900,14.052777777777775
2014-05-01 00:00:00 UTC,-515,-625,416174500,14.974166666666667
2014-05-01 00:00:00 UTC,-259,476,432298000,2.93125
2014-05-01 00:00:00 UTC,-259,384,224142870,4.8733333333333331
2014-05-01 00:00:00 UTC,-259,383,224142870,0.7779166666666667
2014-05-01 00:00:00 UTC,-259,376,224142870,1.7904166666666668
2014-05-01 00:00:00 UTC,-259,382,224142870,0.93763888888888891
2014-05-01 00:00:00 UTC,-259,615,416002287,3.8081944444444442
2014-05-01 00:00:00 UTC,-3,1769,441930000,2.2591666666666663
2014-05-01 00:00:00 UTC,-3,-1323,416002859,1.0580555555555555
2014-05-01 00:00:00 UTC,-3,-1664,440751000,1.3209722222222222
2014-05-01 00:00:00 UTC,254,1634,416001799,4.9072222222222219
2014-05-01 00:00:00 UTC,254,1199,412443180,0.65680555555555553
2014-05-01 00:00:00 UTC,254,1614,416000141,1.2537500000000001
2014-05-01 00:00:00 UTC,254,1199,412443554,21.775277777777774
2014-05-01 00:00:00 UTC,254,1590,416001451,5.7720833333333328
2014-05-01 00:00:00 UTC,254,1589,416001451,1.6543055555555557
2014-05-01 00:00:00 UTC,254,1216,416001521,3.8352777777777778
2014-05-01 00:00:00 UTC,254,1200,412443387,0.66013888888888883
2014-05-01 00:00:00 UTC,254,1199,412443387,19.146527777777781
2014-05-01 00:00:00 UTC,510,23,227573000,0.56027777777777776
2014-05-01 00:00:00 UTC,510,22,227573000,1.1145833333333333
2014-05-01 00:00:00 UTC,510,21,227594760,14.682638888888889
2014-05-01 00:00:00 UTC,510,15,227143700,1.1452777777777778
2014-05-01 00:00:00 UTC,510,-113,227107100,11.585972222222221
2014-05-01 00:00:00 UTC,510,-50,205106000,1.6330555555555555
2014-05-01 00:00:00 UTC,510,19,227106400,0.84666666666666668
2014-05-01 00:00:00 UTC,510,20,227106400,0.66236111111111118
2014-05-01 00:00:00 UTC,510,21,227318380,6.362222222222222
2014-05-01 00:00:00 UTC,510,20,227318380,2.4061111111111111
2014-05-01 00:00:00 UTC,510,19,227318380,2.2091666666666665
2014-05-01 00:00:00 UTC,510,22,227318380,5.4684722222222222
2014-05-01 00:00:00 UTC,510,-112,224020340,16.585416666666667
2014-05-01 00:00:00 UTC,510,22,227311230,7.3716666666666661
2014-05-01 00:00:00 UTC,510,23,227311230,0.45597222222222222
2014-05-01 00:00:00 UTC,510,-88,250102660,4.2359722222222222
2014-05-01 00:00:00 UTC,510,-87,250102660,4.3934722222222229
2014-05-01 00:00:00 UTC,510,-111,228151700,11.487361111111111
2014-05-01 00:00:00 UTC,510,-47,235021469,0.41236111111111107
2014-05-01 00:00:00 UTC,510,-48,235021469,0.20722222222222222
2014-05-01 00:00:00 UTC,510,24,227321790,5.5015277777777785
2014-05-01 00:00:00 UTC,510,-61,205346000,2.5473611111111114
2014-05-01 00:00:00 UTC,510,-60,205346000,1.2645833333333334
2014-05-01 00:00:00 UTC,510,-112,228031700,12.406666666666666
2014-05-01 00:00:00 UTC,510,-63,250001121,2.7311111111111113
2014-05-01 00:00:00 UTC,510,-64,250001121,1.5111111111111111
2014-05-01 00:00:00 UTC,510,18,227317490,0.77833333333333332
2014-05-01 00:00:00 UTC,510,-112,227209970,9.1883333333333326
2014-05-01 00:00:00 UTC,-514,-623,416170500,14.007222222222223
2014-05-01 00:00:00 UTC,-514,-625,416510000,7.0458333333333325
2014-05-01 00:00:00 UTC,-514,-623,416701000,3.825277777777778
2014-05-01 00:00:00 UTC,-514,-624,416701000,10.284583333333336
2014-05-01 00:00:00 UTC,-258,477,432298000,1.9344444444444446
2014-05-01 00:00:00 UTC,-2,1700,416240900,3.5597222222222222
2014-05-01 00:00:00 UTC,-2,1769,441930000,3.2690277777777772
2014-05-01 00:00:00 UTC,-2,-1323,416002859,0.83555555555555561
2014-05-01 00:00:00 UTC,-2,-1325,416002859,2.7170833333333331
2014-05-01 00:00:00 UTC,-2,-1668,416004411,1.7293055555555554
2014-05-01 00:00:00 UTC,-2,-1666,416004411,3.7248611111111116
2014-05-01 00:00:00 UTC,-2,-1670,416004411,1.2751388888888888
2014-05-01 00:00:00 UTC,-2,1768,416237500,0.27638888888888891
2014-05-01 00:00:00 UTC,255,1630,416001799,5.6515277777777788
2014-05-01 00:00:00 UTC,255,1634,416002643,5.6315277777777784
2014-05-01 00:00:00 UTC,255,1614,416000141,6.8863888888888889
2014-05-01 00:00:00 UTC,255,1589,416001451,5.9123611111111112
2014-05-01 00:00:00 UTC,511,18,244938000,5.93986111111111
2014-05-01 00:00:00 UTC,511,19,244938000,0.96833333333333338
2014-05-01 00:00:00 UTC,511,-111,227978000,4.3512499999999994
2014-05-01 00:00:00 UTC,511,16,227143700,0.20458333333333334
2014-05-01 00:00:00 UTC,511,-113,227107100,7.009722222222222
2014-05-01 00:00:00 UTC,511,-108,250116400,6.8699999999999992
2014-05-01 00:00:00 UTC,511,-107,250116400,8.8840277777777779
2014-05-01 00:00:00 UTC,511,-109,250001718,9.9902777777777771
2014-05-01 00:00:00 UTC,511,-110,250001718,4.5456944444444449
2014-05-01 00:00:00 UTC,511,-46,235096403,1.3822222222222222
2014-05-01 00:00:00 UTC,511,-45,235096403,0.74138888888888888
2014-05-01 00:00:00 UTC,511,21,227106400,10.398055555555556
2014-05-01 00:00:00 UTC,511,20,227106400,0.4211111111111111
2014-05-01 00:00:00 UTC,511,26,205265000,7.4038888888888872
2014-05-01 00:00:00 UTC,511,25,205265000,8.6615277777777777
2014-05-01 00:00:00 UTC,511,-1297,316007539,16.534999999999997
2014-05-01 00:00:00 UTC,511,-1298,316007539,2.0859722222222219
2014-05-01 00:00:00 UTC,511,-1296,316007539,1.2393055555555557
2014-05-01 00:00:00 UTC,511,-61,250001269,0.76680555555555552
2014-05-01 00:00:00 UTC,511,27,205307000,0.86208333333333331
2014-05-01 00:00:00 UTC,511,-87,250102660,1.7963888888888888
2014-05-01 00:00:00 UTC,511,-85,250102660,1.3108333333333333
2014-05-01 00:00:00 UTC,511,-88,250102660,0.2525
2014-05-01 00:00:00 UTC,511,-86,250102660,3.5315277777777778
2014-05-01 00:00:00 UTC,511,22,227106700,1.625
2014-05-01 00:00:00 UTC,511,23,227106700,2.1006944444444446
2014-05-01 00:00:00 UTC,511,21,227106700,1.0665277777777777
2014-05-01 00:00:00 UTC,511,26,205327000,17.266805555555553
2014-05-01 00:00:00 UTC,511,25,205327000,1.4116666666666666
2014-05-01 00:00:00 UTC,511,-82,250489000,1.6111111111111112
2014-05-01 00:00:00 UTC,511,26,205273000,0.71458333333333335
2014-05-01 00:00:00 UTC,511,27,205273000,0.42305555555555552
2014-05-01 00:00:00 UTC,511,-111,227385000,4.4518055555555556
2014-05-01 00:00:00 UTC,511,-110,227385000,6.7247222222222227
2014-05-01 00:00:00 UTC,511,-59,205346000,2.5305555555555554
2014-05-01 00:00:00 UTC,511,-60,205346000,4.9601388888888893
2014-05-01 00:00:00 UTC,511,-113,228031700,11.684444444444445
2014-05-01 00:00:00 UTC,511,-63,250001121,3.221805555555556
2014-05-01 00:00:00 UTC,511,-64,250001121,4.5383333333333331
2014-05-01 00:00:00 UTC,511,-113,227209970,3.8820833333333336
2014-05-01 00:00:00 UTC,-257,478,432298000,1.6468055555555554
2014-05-01 00:00:00 UTC,-257,378,224142870,2.4516666666666662
2014-05-01 00:00:00 UTC,-257,377,224142870,0.89708333333333323
2014-05-01 00:00:00 UTC,-257,382,224142870,2.9286111111111106
2014-05-01 00:00:00 UTC,-257,376,224142870,1.4081944444444443
2014-05-01 00:00:00 UTC,-257,384,224142870,3.1393055555555556
2014-05-01 00:00:00 UTC,-1,-1323,416002859,3.6470833333333328
2014-05-01 00:00:00 UTC,-1,-1672,416004411,4.7316666666666656
2014-05-01 00:00:00 UTC,-1,-1671,416004411,3.1422222222222218
