date,lat_bin,lon_bin,mmsi,fishing_hours
2012-04-29 00:00:00 UTC,-512,-630,224571000,1.5806944444444444
2012-04-29 00:00:00 UTC,-512,-629,224571000,1.6165277777777778
2012-04-29 00:00:00 UTC,513,1536,273840800,0.81111111111111112
2012-04-29 00:00:00 UTC,513,1535,273840800,11.362638888888888
2012-04-29 00:00:00 UTC,-511,-629,224571000,2.3005555555555555
2012-04-29 00:00:00 UTC,-511,-627,224571000,1.5915277777777777
2012-04-29 00:00:00 UTC,-511,-630,224571000,0.94361111111111107
2012-04-29 00:00:00 UTC,-510,-626,224571000,1.315
2012-04-29 00:00:00 UTC,-510,-625,224571000,1.3720833333333333
2012-04-29 00:00:00 UTC,-510,-628,224571000,5.6925
2012-04-29 00:00:00 UTC,-510,-605,224526000,9.357222222222223
2012-04-29 00:00:00 UTC,-509,-632,441565000,6.4498611111111108
2012-04-29 00:00:00 UTC,-509,-624,224571000,1.5569444444444445
2012-04-29 00:00:00 UTC,-509,-607,224526000,0.96888888888888891
2012-04-29 00:00:00 UTC,-509,-604,224526000,2.188333333333333
2012-04-29 00:00:00 UTC,-509,-606,224526000,1.5609722222222222
2012-04-29 00:00:00 UTC,-509,-608,224526000,0.75958333333333339
2012-04-29 00:00:00 UTC,-509,-605,224526000,1.5693055555555555
2012-04-29 00:00:00 UTC,-509,-605,224888000,13.114861111111111
2012-04-29 00:00:00 UTC,516,1770,367185050,8.5747222222222224
2012-04-29 00:00:00 UTC,516,1769,367185050,15.498888888888892
2012-04-29 00:00:00 UTC,-508,-608,224540000,1.60125
2012-04-29 00:00:00 UTC,-508,-611,224004000,0.76944444444444449
2012-04-29 00:00:00 UTC,-508,-612,224004000,1.7156944444444444
2012-04-29 00:00:00 UTC,-508,-610,224004000,0.77638888888888891
2012-04-29 00:00:00 UTC,-508,-606,224004000,4.9081944444444447
2012-04-29 00:00:00 UTC,-508,-610,224526000,5.6820833333333329
2012-04-29 00:00:00 UTC,-508,-609,224526000,1.53875
2012-04-29 00:00:00 UTC,-508,-610,224888000,5.6569444444444441
2012-04-29 00:00:00 UTC,-508,-608,224888000,1.6013888888888888
2012-04-29 00:00:00 UTC,-508,-607,224888000,0.85569444444444442
2012-04-29 00:00:00 UTC,-508,-610,224897000,1.5622222222222222
2012-04-29 00:00:00 UTC,-508,-611,224897000,0.88208333333333333
2012-04-29 00:00:00 UTC,-508,-612,224897000,0.83083333333333342
2012-04-29 00:00:00 UTC,5,-1179,735057564,0.91819444444444442
2012-04-29 00:00:00 UTC,5,-1156,900200898,3.5138888888888893
2012-04-29 00:00:00 UTC,5,82,431682000,1.8780555555555556
2012-04-29 00:00:00 UTC,5,86,431682000,1.6131944444444444
2012-04-29 00:00:00 UTC,5,85,431682000,2.2176388888888887
2012-04-29 00:00:00 UTC,5,88,431682000,2.1765277777777774
2012-04-29 00:00:00 UTC,5,87,431682000,0.74736111111111114
2012-04-29 00:00:00 UTC,-507,-620,224724000,6.4369444444444444
2012-04-29 00:00:00 UTC,-507,-609,224540000,3.270833333333333
2012-04-29 00:00:00 UTC,-507,-608,224540000,8.306805555555556
2012-04-29 00:00:00 UTC,-507,1664,512000125,6.450277777777778
2012-04-29 00:00:00 UTC,-507,1662,512000125,1.5569444444444445
2012-04-29 00:00:00 UTC,-507,1663,440890000,8.4541666666666675
2012-04-29 00:00:00 UTC,-507,-606,224004000,0.77513888888888893
2012-04-29 00:00:00 UTC,-507,-610,224004000,1.2983333333333333
2012-04-29 00:00:00 UTC,-507,-607,224004000,0.75416666666666676
2012-04-29 00:00:00 UTC,-507,-608,224004000,0.83194444444444449
2012-04-29 00:00:00 UTC,-507,-609,224004000,1.3009722222222222
2012-04-29 00:00:00 UTC,-507,-614,224004000,1.5666666666666664
2012-04-29 00:00:00 UTC,-507,-610,224897000,1.3345833333333332
2012-04-29 00:00:00 UTC,-507,-613,224897000,3.1919444444444443
2012-04-29 00:00:00 UTC,-507,-611,224897000,2.15125
2012-04-29 00:00:00 UTC,-507,-614,224897000,0.7747222222222222
2012-04-29 00:00:00 UTC,-507,-609,224897000,7.2743055555555554
2012-04-29 00:00:00 UTC,-507,-608,224897000,5.6180555555555554
2012-04-29 00:00:00 UTC,6,1758,444080710,2.6844444444444444
2012-04-29 00:00:00 UTC,6,88,431682000,5.7751388888888879
2012-04-29 00:00:00 UTC,6,87,431682000,2.6336111111111111
2012-04-29 00:00:00 UTC,6,86,431682000,0.94708333333333328
2012-04-29 00:00:00 UTC,6,83,431682000,1.818611111111111
2012-04-29 00:00:00 UTC,6,82,431682000,1.80125
2012-04-29 00:00:00 UTC,6,85,431682000,2.1075
2012-04-29 00:00:00 UTC,-506,-619,224967000,1.5484722222222222
2012-04-29 00:00:00 UTC,-506,-613,740368000,5.6566666666666672
2012-04-29 00:00:00 UTC,-506,1664,440890000,0.46930555555555559
2012-04-29 00:00:00 UTC,-506,1663,440890000,0.86402777777777784
2012-04-29 00:00:00 UTC,-506,-611,224506000,0.7943055555555556
2012-04-29 00:00:00 UTC,-506,-613,224506000,4.9083333333333332
2012-04-29 00:00:00 UTC,-506,-629,441007000,2.4063888888888889
2012-04-29 00:00:00 UTC,-506,-613,224004000,1.6220833333333333
2012-04-29 00:00:00 UTC,-506,-612,224004000,0.80555555555555569
2012-04-29 00:00:00 UTC,-506,-611,224004000,0.81680555555555556
2012-04-29 00:00:00 UTC,-506,-643,701000942,7.9995833333333328
2012-04-29 00:00:00 UTC,7,1757,440450000,0.90472222222222232
2012-04-29 00:00:00 UTC,7,1758,440450000,1.2806944444444446
2012-04-29 00:00:00 UTC,-505,-618,224967000,0.74430555555555555
2012-04-29 00:00:00 UTC,-505,-616,224967000,5.356527777777778
2012-04-29 00:00:00 UTC,-505,-617,224967000,6.6565277777777778
2012-04-29 00:00:00 UTC,-505,-612,224540000,4.0236111111111112
2012-04-29 00:00:00 UTC,-505,-614,740368000,2.88875
2012-04-29 00:00:00 UTC,-505,-613,740368000,1.6584722222222223
2012-04-29 00:00:00 UTC,-505,-612,224506000,1.5581944444444444
2012-04-29 00:00:00 UTC,-505,-613,224506000,4.4581944444444446
2012-04-29 00:00:00 UTC,-505,-629,441007000,12.327916666666665
2012-04-29 00:00:00 UTC,-505,-629,440652000,13.149027777777778
2012-04-29 00:00:00 UTC,8,1760,444080710,3.9297222222222219
2012-04-29 00:00:00 UTC,520,-1719,338693000,10.664583333333335
2012-04-29 00:00:00 UTC,520,-1718,367390380,2.2086111111111109
2012-04-29 00:00:00 UTC,520,-1719,367390380,0.70097222222222222
2012-04-29 00:00:00 UTC,520,-1719,367064000,2.3913888888888888
2012-04-29 00:00:00 UTC,520,-1719,338626000,16.065555555555555
2012-04-29 00:00:00 UTC,-504,-613,224540000,6.4390277777777776
2012-04-29 00:00:00 UTC,-504,-614,740368000,3.8486111111111114
2012-04-29 00:00:00 UTC,-504,-629,441360000,14.800694444444444
2012-04-29 00:00:00 UTC,-504,-613,224506000,7.0316666666666672
2012-04-29 00:00:00 UTC,-504,-628,440995000,13.095277777777779
2012-04-29 00:00:00 UTC,-504,-628,440662000,14.807083333333335
2012-04-29 00:00:00 UTC,-504,-613,740363000,1.6880555555555554
2012-04-29 00:00:00 UTC,-504,-612,740363000,1.5680555555555555
2012-04-29 00:00:00 UTC,-504,-611,740363000,5.641805555555556
2012-04-29 00:00:00 UTC,9,527,416121600,1.81875
2012-04-29 00:00:00 UTC,9,530,416121600,1.8179166666666666
2012-04-29 00:00:00 UTC,9,1757,440450000,3.6691666666666669
2012-04-29 00:00:00 UTC,521,-1719,338693000,13.484027777777779
2012-04-29 00:00:00 UTC,521,-1718,367390380,0.8666666666666667
2012-04-29 00:00:00 UTC,521,-1719,367390380,14.612083333333336
2012-04-29 00:00:00 UTC,521,-1719,367064000,13.748472222222226
2012-04-29 00:00:00 UTC,521,-1719,338626000,6.2222222222222223
2012-04-29 00:00:00 UTC,521,-1718,338626000,1.8844444444444444
2012-04-29 00:00:00 UTC,-503,-627,441298000,7.2950000000000008
2012-04-29 00:00:00 UTC,-503,-628,441298000,7.4888888888888889
2012-04-29 00:00:00 UTC,-503,-614,740368000,2.37
2012-04-29 00:00:00 UTC,-503,-627,441495000,14.808055555555555
2012-04-29 00:00:00 UTC,-503,-614,740363000,7.5255555555555551
2012-04-29 00:00:00 UTC,-503,-615,740363000,7.165694444444445
2012-04-29 00:00:00 UTC,10,529,416121600,7.2806944444444444
2012-04-29 00:00:00 UTC,10,528,416121600,1.6736111111111112
2012-04-29 00:00:00 UTC,10,531,416121600,1.987638888888889
2012-04-29 00:00:00 UTC,10,530,416121600,0.836111111111111
2012-04-29 00:00:00 UTC,10,526,416121600,1.8708333333333333
2012-04-29 00:00:00 UTC,10,525,416121600,6.4813888888888886
2012-04-29 00:00:00 UTC,10,1759,444080710,4.2693055555555555
2012-04-29 00:00:00 UTC,522,41,244090965,3.0848611111111111
2012-04-29 00:00:00 UTC,522,40,244090965,0.59569444444444442
2012-04-29 00:00:00 UTC,522,1588,273445310,5.6501388888888888
2012-04-29 00:00:00 UTC,522,-1720,367064000,7.2319444444444443
2012-04-29 00:00:00 UTC,-502,1662,441044000,0.825
2012-04-29 00:00:00 UTC,-502,-640,701000512,4.6026388888888894
2012-04-29 00:00:00 UTC,-502,-626,441330000,11.826388888888888
2012-04-29 00:00:00 UTC,-502,-616,740368000,5.6876388888888885
2012-04-29 00:00:00 UTC,-502,-615,740368000,1.5625
2012-04-29 00:00:00 UTC,11,77,431154000,0.91819444444444442
2012-04-29 00:00:00 UTC,11,527,424426611,1.6819444444444445
2012-04-29 00:00:00 UTC,11,531,424426611,1.7777777777777777
2012-04-29 00:00:00 UTC,11,529,424426611,3.5695833333333336
2012-04-29 00:00:00 UTC,11,526,424426611,1.8068055555555556
2012-04-29 00:00:00 UTC,11,530,424426611,1.8041666666666667
2012-04-29 00:00:00 UTC,11,528,424426611,0.8027777777777777
2012-04-29 00:00:00 UTC,523,-539,316010000,1.5279166666666666
2012-04-29 00:00:00 UTC,523,1548,273813100,6.1788888888888893
2012-04-29 00:00:00 UTC,-501,-640,701000512,1.5969444444444445
2012-04-29 00:00:00 UTC,-501,-638,701000512,4.5190277777777776
2012-04-29 00:00:00 UTC,-501,-624,441767000,7.494305555555556
2012-04-29 00:00:00 UTC,-501,-624,441303000,14.688472222222222
2012-04-29 00:00:00 UTC,12,77,431154000,1.8291666666666666
2012-04-29 00:00:00 UTC,12,525,424426611,7.5280555555555564
2012-04-29 00:00:00 UTC,12,530,424426611,3.8306944444444446
2012-04-29 00:00:00 UTC,12,1486,440410000,3.0138888888888888
2012-04-29 00:00:00 UTC,524,42,220071000,3.8361111111111108
2012-04-29 00:00:00 UTC,524,1548,273813100,1.3620833333333333
2012-04-29 00:00:00 UTC,524,1547,273813100,0.79777777777777781
2012-04-29 00:00:00 UTC,524,-539,316067000,1.5901388888888888
2012-04-29 00:00:00 UTC,524,-538,316067000,0.77208333333333334
2012-04-29 00:00:00 UTC,524,1730,367170270,4.83375
2012-04-29 00:00:00 UTC,524,1729,367170270,13.358194444444441
2012-04-29 00:00:00 UTC,-500,-638,701000512,7.23625
2012-04-29 00:00:00 UTC,-500,-623,441766000,5.8190277777777784
2012-04-29 00:00:00 UTC,-500,-640,701000628,5.6333333333333337
2012-04-29 00:00:00 UTC,-500,-638,701000901,5.677083333333333
2012-04-29 00:00:00 UTC,-500,737,635000300,1.5663888888888888
2012-04-29 00:00:00 UTC,-500,736,635000300,7.9970833333333333
2012-04-29 00:00:00 UTC,13,78,431154000,1.8248611111111113
2012-04-29 00:00:00 UTC,525,43,220071000,1.99125
2012-04-29 00:00:00 UTC,525,42,220071000,10.464444444444444
2012-04-29 00:00:00 UTC,525,1547,273813100,9.6572222222222237
2012-04-29 00:00:00 UTC,525,41,244645000,9.8554166666666667
2012-04-29 00:00:00 UTC,525,1530,273840800,1.347361111111111
2012-04-29 00:00:00 UTC,525,-1795,366947000,3.1325
2012-04-29 00:00:00 UTC,525,-1796,366947000,5.6568055555555556
2012-04-29 00:00:00 UTC,525,1729,367170270,5.625
2012-04-29 00:00:00 UTC,525,1540,273358840,0.78486111111111112
2012-04-29 00:00:00 UTC,525,1541,273358840,1.3206944444444444
2012-04-29 00:00:00 UTC,525,1539,273358840,0.77083333333333337
2012-04-29 00:00:00 UTC,-499,-600,416820000,8.6163888888888884
2012-04-29 00:00:00 UTC,-499,-601,416820000,4.5095833333333335
2012-04-29 00:00:00 UTC,-499,-638,701000512,5.6833333333333336
2012-04-29 00:00:00 UTC,-499,-621,440818000,1.5695833333333333
2012-04-29 00:00:00 UTC,-499,-623,441766000,1.6222222222222222
2012-04-29 00:00:00 UTC,-499,-622,441766000,7.2261111111111118
2012-04-29 00:00:00 UTC,-499,-760,725001900,1.5680555555555555
2012-04-29 00:00:00 UTC,-499,-642,701000628,1.5944444444444443
2012-04-29 00:00:00 UTC,-499,-640,701000628,1.3179166666666666
2012-04-29 00:00:00 UTC,-499,-637,701000901,1.6863888888888889
2012-04-29 00:00:00 UTC,-499,-638,701000901,1.5597222222222222
2012-04-29 00:00:00 UTC,-499,730,635000300,5.7105555555555556
2012-04-29 00:00:00 UTC,-499,-621,440683000,11.888333333333334
2012-04-29 00:00:00 UTC,526,42,220071000,1.8884722222222221
2012-04-29 00:00:00 UTC,526,43,220071000,5.4952777777777779
2012-04-29 00:00:00 UTC,526,42,244645000,0.77527777777777784
2012-04-29 00:00:00 UTC,526,41,244645000,13.472361111111109
2012-04-29 00:00:00 UTC,526,1547,273424560,0.78041666666666665
2012-04-29 00:00:00 UTC,526,1546,273424560,2.42625
2012-04-29 00:00:00 UTC,526,-1795,366947000,10.78152777777778
2012-04-29 00:00:00 UTC,526,-1794,366947000,1.5798611111111109
2012-04-29 00:00:00 UTC,-498,-645,701000732,7.4525
2012-04-29 00:00:00 UTC,-498,-644,701000735,5.7444444444444445
2012-04-29 00:00:00 UTC,-498,-600,416045600,8.6052777777777774
2012-04-29 00:00:00 UTC,-498,-601,416045600,6.1779166666666665
2012-04-29 00:00:00 UTC,-498,-601,416164900,1.547361111111111
2012-04-29 00:00:00 UTC,-498,-602,416164900,13.168611111111112
2012-04-29 00:00:00 UTC,-498,-602,416350000,9.3945833333333333
2012-04-29 00:00:00 UTC,-498,-603,416350000,5.3736111111111109
2012-04-29 00:00:00 UTC,-498,-621,440818000,13.081666666666667
2012-04-29 00:00:00 UTC,-498,-603,444055910,11.855
2012-04-29 00:00:00 UTC,-498,-602,416315000,2.9859722222222218
2012-04-29 00:00:00 UTC,-498,-601,416315000,4.4136111111111109
2012-04-29 00:00:00 UTC,-498,-762,725001900,11.053333333333333
2012-04-29 00:00:00 UTC,-498,-763,725001900,0.82791666666666663
2012-04-29 00:00:00 UTC,-498,-761,725001900,1.3151388888888889
2012-04-29 00:00:00 UTC,-498,-640,701000628,2.1123611111111114
2012-04-29 00:00:00 UTC,-498,-637,701000901,1.6211111111111112
2012-04-29 00:00:00 UTC,-498,-602,416578000,5.3318055555555555
2012-04-29 00:00:00 UTC,-498,-601,416578000,9.3883333333333336
2012-04-29 00:00:00 UTC,-498,-601,416201700,13.18
2012-04-29 00:00:00 UTC,15,1491,431595000,1.7970833333333334
2012-04-29 00:00:00 UTC,15,1490,431595000,2.9081944444444439
2012-04-29 00:00:00 UTC,527,1547,273565500,3.8415277777777774
2012-04-29 00:00:00 UTC,527,1547,273813100,5.622638888888889
2012-04-29 00:00:00 UTC,527,-526,316100000,7.6041666666666661
2012-04-29 00:00:00 UTC,527,1547,273424560,7.6920833333333336
2012-04-29 00:00:00 UTC,527,1546,273424560,1.64
2012-04-29 00:00:00 UTC,527,-1794,366947000,2.9170833333333333
2012-04-29 00:00:00 UTC,-497,-603,416029700,14.769305555555556
2012-04-29 00:00:00 UTC,-497,-604,416191500,14.714583333333337
2012-04-29 00:00:00 UTC,-497,-599,416842000,14.801666666666669
2012-04-29 00:00:00 UTC,-497,-645,701000732,1.5752777777777778
2012-04-29 00:00:00 UTC,-497,-605,416032800,10.255555555555556
2012-04-29 00:00:00 UTC,-497,-599,416018800,5.7031944444444447
2012-04-29 00:00:00 UTC,-497,-602,416180600,14.800555555555556
2012-04-29 00:00:00 UTC,-497,-601,416315000,7.281944444444445
2012-04-29 00:00:00 UTC,-497,-604,440548000,11.824861111111112
2012-04-29 00:00:00 UTC,-497,-612,441412000,7.2702777777777783
2012-04-29 00:00:00 UTC,-497,-763,725001900,2.3970833333333332
2012-04-29 00:00:00 UTC,-497,-762,725001900,7.2661111111111119
2012-04-29 00:00:00 UTC,-497,-640,701000628,3.1372222222222219
2012-04-29 00:00:00 UTC,-497,-635,701000901,5.6472222222222221
2012-04-29 00:00:00 UTC,-497,-604,416525000,13.091111111111111
2012-04-29 00:00:00 UTC,-497,-603,416706000,7.2327777777777786
2012-04-29 00:00:00 UTC,-497,-604,416706000,6.7233333333333336
2012-04-29 00:00:00 UTC,-497,-601,416018900,14.729583333333332
2012-04-29 00:00:00 UTC,-497,-613,441815000,5.375
2012-04-29 00:00:00 UTC,-497,-603,416032500,1.6280555555555556
2012-04-29 00:00:00 UTC,-497,-619,440811000,6.1648611111111107
2012-04-29 00:00:00 UTC,16,1491,432487000,2.325
2012-04-29 00:00:00 UTC,528,-529,316010000,2.3973611111111111
2012-04-29 00:00:00 UTC,528,1546,273565500,12.469999999999999
2012-04-29 00:00:00 UTC,528,1547,273565500,5.6095833333333331
2012-04-29 00:00:00 UTC,528,-526,316100000,5.1461111111111109
2012-04-29 00:00:00 UTC,528,42,246222000,0.23597222222222225
2012-04-29 00:00:00 UTC,528,1546,273424560,5.4101388888888886
2012-04-29 00:00:00 UTC,528,1547,273424560,5.628055555555556
2012-04-29 00:00:00 UTC,528,1590,273445310,1.620138888888889
2012-04-29 00:00:00 UTC,528,1591,273445310,3.2034722222222225
2012-04-29 00:00:00 UTC,528,1589,273445310,1.3958333333333335
2012-04-29 00:00:00 UTC,-496,-604,416171800,9.0154166666666651
2012-04-29 00:00:00 UTC,-496,-645,701000732,1.6505555555555556
2012-04-29 00:00:00 UTC,-496,-643,701000735,2.1345833333333335
2012-04-29 00:00:00 UTC,-496,-645,701000735,1.5929166666666665
2012-04-29 00:00:00 UTC,-496,-644,701000735,1.5379166666666668
2012-04-29 00:00:00 UTC,-496,73,601971000,0.79069444444444448
2012-04-29 00:00:00 UTC,-496,72,601971000,1.9537499999999999
2012-04-29 00:00:00 UTC,-496,-643,701000765,5.7009722222222221
2012-04-29 00:00:00 UTC,-496,-603,416236900,4.7859722222222221
2012-04-29 00:00:00 UTC,-496,-602,416236900,9.9455555555555542
2012-04-29 00:00:00 UTC,-496,-605,416031600,14.78263888888889
2012-04-29 00:00:00 UTC,-496,-600,416018800,9.0200000000000031
2012-04-29 00:00:00 UTC,-496,-608,740358000,3.7275
2012-04-29 00:00:00 UTC,-496,-603,416037500,13.939722222222221
2012-04-29 00:00:00 UTC,-496,-644,701000834,5.6458333333333339
2012-04-29 00:00:00 UTC,-496,-602,515844000,5.3177777777777777
2012-04-29 00:00:00 UTC,-496,-601,515844000,9.3737500000000011
2012-04-29 00:00:00 UTC,-496,-604,416229800,13.086944444444445
2012-04-29 00:00:00 UTC,-496,-640,701000628,1.7559722222222223
2012-04-29 00:00:00 UTC,-496,-643,701007040,5.7013888888888893
2012-04-29 00:00:00 UTC,-496,-635,701000901,1.5997222222222223
2012-04-29 00:00:00 UTC,-496,-637,701000901,2.9594444444444443
2012-04-29 00:00:00 UTC,-496,-656,701006044,2.895833333333333
2012-04-29 00:00:00 UTC,-496,-657,701006044,1.3318055555555555
2012-04-29 00:00:00 UTC,-496,-603,416032500,13.13625
2012-04-29 00:00:00 UTC,-240,139,273874100,5.1591666666666676
2012-04-29 00:00:00 UTC,17,78,431154000,2.143472222222222
2012-04-29 00:00:00 UTC,17,558,416311000,1.7751388888888888
2012-04-29 00:00:00 UTC,17,557,416311000,0.67722222222222217
2012-04-29 00:00:00 UTC,17,556,416311000,2.8951388888888889
2012-04-29 00:00:00 UTC,17,555,416311000,0.81180555555555556
2012-04-29 00:00:00 UTC,273,-158,244799000,3.1973611111111109
2012-04-29 00:00:00 UTC,529,-101,250002435,9.2413888888888884
2012-04-29 00:00:00 UTC,529,-102,250002435,10.343055555555555
2012-04-29 00:00:00 UTC,529,-528,316010000,2.3747222222222226
2012-04-29 00:00:00 UTC,529,-529,316010000,1.2483333333333333
2012-04-29 00:00:00 UTC,529,-527,316010000,2.9429166666666671
2012-04-29 00:00:00 UTC,529,1546,273565500,1.6616666666666666
2012-04-29 00:00:00 UTC,529,1600,273848700,3.2575000000000003
2012-04-29 00:00:00 UTC,529,1601,273848700,2.4241666666666664
2012-04-29 00:00:00 UTC,529,-526,316100000,11.387916666666666
2012-04-29 00:00:00 UTC,529,-527,316067000,2.865277777777778
2012-04-29 00:00:00 UTC,529,-528,316067000,2.5791666666666666
2012-04-29 00:00:00 UTC,529,-525,316067000,1.5330555555555556
2012-04-29 00:00:00 UTC,529,-526,316067000,1.1665277777777776
2012-04-29 00:00:00 UTC,529,1590,273445310,11.769027777777779
2012-04-29 00:00:00 UTC,-495,-601,416235800,11.833194444444443
2012-04-29 00:00:00 UTC,-495,-604,416171800,5.7144444444444442
2012-04-29 00:00:00 UTC,-495,-644,701000735,1.6490277777777778
2012-04-29 00:00:00 UTC,-495,-646,701000735,5.6163888888888893
2012-04-29 00:00:00 UTC,-495,-600,416510000,14.726527777777777
2012-04-29 00:00:00 UTC,-495,-604,416862000,10.203055555555554
2012-04-29 00:00:00 UTC,-495,-643,701000765,1.57875
2012-04-29 00:00:00 UTC,-495,-602,416701000,9.3966666666666683
2012-04-29 00:00:00 UTC,-495,-603,416701000,2.8955555555555557
2012-04-29 00:00:00 UTC,-495,-602,416721000,14.750694444444445
2012-04-29 00:00:00 UTC,-495,-608,740358000,11.055416666666666
2012-04-29 00:00:00 UTC,-495,-605,416848000,10.25125
2012-04-29 00:00:00 UTC,-495,-601,440528000,7.2187499999999991
2012-04-29 00:00:00 UTC,-495,-645,701000834,1.6595833333333334
2012-04-29 00:00:00 UTC,-495,-643,701000834,2.8648611111111113
2012-04-29 00:00:00 UTC,-495,-646,701000834,5.6304166666666671
2012-04-29 00:00:00 UTC,-495,-644,701000834,1.6375
2012-04-29 00:00:00 UTC,-495,-640,701000628,3.1638888888888888
2012-04-29 00:00:00 UTC,-495,-643,701007040,1.5443055555555556
2012-04-29 00:00:00 UTC,-495,-635,701000901,2.8943055555555555
2012-04-29 00:00:00 UTC,-495,-656,701006044,3.1023611111111111
2012-04-29 00:00:00 UTC,-495,-603,416758000,4.5972222222222223
2012-04-29 00:00:00 UTC,-495,-602,416758000,7.2334722222222219
2012-04-29 00:00:00 UTC,18,84,432319000,3.6926388888888892
2012-04-29 00:00:00 UTC,18,78,431154000,1.6305555555555555
2012-04-29 00:00:00 UTC,18,558,416311000,1.8241666666666667
2012-04-29 00:00:00 UTC,18,557,416311000,5.5643055555555554
2012-04-29 00:00:00 UTC,18,555,416311000,1.7954166666666667
2012-04-29 00:00:00 UTC,18,559,416311000,1.7169444444444444
2012-04-29 00:00:00 UTC,530,-100,250002435,5.3416666666666668
2012-04-29 00:00:00 UTC,530,13,235028768,3.7756944444444445
2012-04-29 00:00:00 UTC,530,14,235028768,10.499722222222223
2012-04-29 00:00:00 UTC,530,-524,316067000,0.75402777777777774
2012-04-29 00:00:00 UTC,530,1546,273810110,7.5868055555555562
2012-04-29 00:00:00 UTC,530,1545,273810110,2.4083333333333332
2012-04-29 00:00:00 UTC,530,1547,273810110,1.55
2012-04-29 00:00:00 UTC,-494,-643,701000735,2.0930555555555554
2012-04-29 00:00:00 UTC,-494,-644,701000735,1.6806944444444443
2012-04-29 00:00:00 UTC,-494,-603,416649000,2.1291666666666669
2012-04-29 00:00:00 UTC,-494,-602,416649000,5.3831944444444444
2012-04-29 00:00:00 UTC,-494,-604,416862000,2.9023611111111114
2012-04-29 00:00:00 UTC,-494,73,601971000,1.5930555555555554
2012-04-29 00:00:00 UTC,-494,74,601971000,1.5916666666666668
2012-04-29 00:00:00 UTC,-494,-643,701000765,3.2501388888888889
2012-04-29 00:00:00 UTC,-494,-642,701000765,5.6329166666666666
2012-04-29 00:00:00 UTC,-494,-644,701000765,0.81652777777777785
2012-04-29 00:00:00 UTC,-494,-609,740358000,1.6626388888888888
2012-04-29 00:00:00 UTC,-494,-605,416848000,2.9233333333333338
2012-04-29 00:00:00 UTC,-494,-602,440528000,4.8356944444444441
2012-04-29 00:00:00 UTC,-494,-644,701000834,4.5291666666666668
2012-04-29 00:00:00 UTC,-494,-606,416527000,13.118749999999999
2012-04-29 00:00:00 UTC,-494,-606,416536000,14.687083333333334
2012-04-29 00:00:00 UTC,-494,-604,441410000,9.4213888888888881
2012-04-29 00:00:00 UTC,-494,-604,416738000,13.198333333333334
2012-04-29 00:00:00 UTC,-494,-638,701006042,5.6847222222222227
2012-04-29 00:00:00 UTC,-494,-656,701006044,7.4009722222222232
2012-04-29 00:00:00 UTC,19,554,416311000,2.310138888888889
2012-04-29 00:00:00 UTC,19,555,416311000,4.3294444444444444
2012-04-29 00:00:00 UTC,19,1757,538060006,14.141527777777778
2012-04-29 00:00:00 UTC,531,-1328,316015742,3.8634722222222222
2012-04-29 00:00:00 UTC,531,-1329,316015742,1.591388888888889
2012-04-29 00:00:00 UTC,531,1547,273810110,2.4523611111111112
2012-04-29 00:00:00 UTC,531,1546,273810110,7.9743055555555555
2012-04-29 00:00:00 UTC,531,1545,273810110,1.6527777777777777
2012-04-29 00:00:00 UTC,-493,-644,701000735,1.5963888888888889
2012-04-29 00:00:00 UTC,-493,76,601971000,5.6347222222222229
2012-04-29 00:00:00 UTC,-493,-643,701000765,1.6891666666666667
2012-04-29 00:00:00 UTC,-493,-606,416658000,1.3358333333333334
2012-04-29 00:00:00 UTC,-493,-607,416004186,5.6693055555555558
2012-04-29 00:00:00 UTC,-493,-606,416004186,7.4469444444444441
2012-04-29 00:00:00 UTC,-493,-609,740358000,0.78625
2012-04-29 00:00:00 UTC,-493,-610,740358000,1.5541666666666667
2012-04-29 00:00:00 UTC,-493,-603,440528000,2.1277777777777778
2012-04-29 00:00:00 UTC,-493,-643,701000834,1.6808333333333332
2012-04-29 00:00:00 UTC,-493,-607,416004244,5.7015277777777778
2012-04-29 00:00:00 UTC,-493,-607,416016800,5.3445833333333326
2012-04-29 00:00:00 UTC,-493,-606,416505000,5.6680555555555552
2012-04-29 00:00:00 UTC,-493,-605,416505000,5.8368055555555554
2012-04-29 00:00:00 UTC,-493,-604,441410000,5.3470833333333339
2012-04-29 00:00:00 UTC,-493,-638,701006042,1.5501388888888887
2012-04-29 00:00:00 UTC,-493,-656,701006044,3.2111111111111108
2012-04-29 00:00:00 UTC,20,83,432319000,2.1127777777777776
2012-04-29 00:00:00 UTC,20,84,432319000,1.8194444444444444
2012-04-29 00:00:00 UTC,20,85,431100750,0.95694444444444449
2012-04-29 00:00:00 UTC,20,75,431154000,4.1691666666666665
2012-04-29 00:00:00 UTC,20,76,431154000,1.8040277777777778
2012-04-29 00:00:00 UTC,20,78,431154000,2.2288888888888887
2012-04-29 00:00:00 UTC,20,77,431154000,0.77097222222222217
2012-04-29 00:00:00 UTC,20,-1570,440045000,3.4665277777777779
2012-04-29 00:00:00 UTC,20,-1569,440045000,0.9375
2012-04-29 00:00:00 UTC,20,-1568,440045000,0.9375
2012-04-29 00:00:00 UTC,532,-1330,316015742,6.4251388888888883
2012-04-29 00:00:00 UTC,532,-1329,316015742,1.9219444444444445
2012-04-29 00:00:00 UTC,-492,-607,416236800,13.051944444444445
2012-04-29 00:00:00 UTC,-492,-606,416030500,2.3844444444444446
2012-04-29 00:00:00 UTC,-492,-606,416018500,4.0780555555555562
2012-04-29 00:00:00 UTC,-492,-608,416233800,13.111805555555556
2012-04-29 00:00:00 UTC,-492,-607,416030800,5.63486111111111
2012-04-29 00:00:00 UTC,-492,-606,416658000,13.452777777777778
2012-04-29 00:00:00 UTC,-492,-607,416234600,12.363888888888889
2012-04-29 00:00:00 UTC,-492,-608,577030000,14.718888888888891
2012-04-29 00:00:00 UTC,-492,1671,512400000,7.0477777777777781
2012-04-29 00:00:00 UTC,-492,1672,512400000,0.84472222222222215
2012-04-29 00:00:00 UTC,-492,-605,440528000,3.775555555555556
2012-04-29 00:00:00 UTC,-492,-607,416016800,8.6070833333333336
2012-04-29 00:00:00 UTC,-492,-638,701006042,1.6377777777777778
2012-04-29 00:00:00 UTC,21,-1635,441536000,4.2252777777777784
2012-04-29 00:00:00 UTC,21,83,431100750,1.7526388888888889
2012-04-29 00:00:00 UTC,21,84,431100750,1.8951388888888889
2012-04-29 00:00:00 UTC,21,85,431100750,0.90916666666666668
2012-04-29 00:00:00 UTC,21,74,431154000,2.4913888888888889
2012-04-29 00:00:00 UTC,21,73,432444000,1.8075
2012-04-29 00:00:00 UTC,21,76,432444000,2.9951388888888886
2012-04-29 00:00:00 UTC,21,77,432444000,1.0259722222222223
2012-04-29 00:00:00 UTC,21,78,432444000,1.6111111111111112
2012-04-29 00:00:00 UTC,21,74,432444000,1.8351388888888889
2012-04-29 00:00:00 UTC,21,-1638,440858000,0.94486111111111115
2012-04-29 00:00:00 UTC,21,-1639,440858000,0.88930555555555557
2012-04-29 00:00:00 UTC,21,-1570,440045000,1.4768055555555555
2012-04-29 00:00:00 UTC,21,-1568,440045000,0.93597222222222221
2012-04-29 00:00:00 UTC,533,-521,316011910,8.3556944444444454
2012-04-29 00:00:00 UTC,533,-522,316011910,1.2245833333333334
2012-04-29 00:00:00 UTC,-491,-608,416029800,5.8551388888888889
2012-04-29 00:00:00 UTC,-491,-607,416029800,5.66236111111111
2012-04-29 00:00:00 UTC,-491,1672,512400000,2.015138888888889
2012-04-29 00:00:00 UTC,-491,1673,512400000,5.67763888888889
2012-04-29 00:00:00 UTC,-491,1671,512400000,1.591388888888889
2012-04-29 00:00:00 UTC,-491,-607,416580000,14.75513888888889
2012-04-29 00:00:00 UTC,-491,-608,416312000,13.889722222222222
2012-04-29 00:00:00 UTC,-491,-608,576962000,14.762222222222224
2012-04-29 00:00:00 UTC,-491,-607,416545000,13.985833333333334
2012-04-29 00:00:00 UTC,22,80,432319000,1.2323611111111112
2012-04-29 00:00:00 UTC,22,83,431100750,1.806111111111111
2012-04-29 00:00:00 UTC,22,79,432444000,2.2641666666666667
2012-04-29 00:00:00 UTC,22,77,432444000,0.25527777777777777
2012-04-29 00:00:00 UTC,22,78,432444000,0.73055555555555551
2012-04-29 00:00:00 UTC,22,-1580,440656000,2.6536111111111111
2012-04-29 00:00:00 UTC,22,-1581,440656000,1.90625
2012-04-29 00:00:00 UTC,22,-1640,440858000,0.88930555555555557
2012-04-29 00:00:00 UTC,22,-1636,440858000,1.8545833333333333
2012-04-29 00:00:00 UTC,22,-1570,440045000,1.4401388888888889
2012-04-29 00:00:00 UTC,22,-1571,440045000,0.92527777777777775
2012-04-29 00:00:00 UTC,22,-1580,440706000,1.7933333333333332
2012-04-29 00:00:00 UTC,22,-1581,440706000,0.91375000000000006
2012-04-29 00:00:00 UTC,22,-1601,440801000,3.7573611111111114
2012-04-29 00:00:00 UTC,534,60,245201000,0.50013888888888891
2012-04-29 00:00:00 UTC,534,-522,316011910,8.7972222222222225
2012-04-29 00:00:00 UTC,-490,-608,416031800,13.925972222222224
2012-04-29 00:00:00 UTC,-490,1672,512400000,1.5906944444444444
2012-04-29 00:00:00 UTC,-490,-607,416031900,13.118194444444445
2012-04-29 00:00:00 UTC,23,80,432319000,1.0147222222222223
2012-04-29 00:00:00 UTC,23,79,432319000,4.5790277777777781
2012-04-29 00:00:00 UTC,23,81,431100750,1.1920833333333334
2012-04-29 00:00:00 UTC,23,80,431100750,2.1966666666666663
2012-04-29 00:00:00 UTC,23,79,432444000,0.79847222222222225
2012-04-29 00:00:00 UTC,23,78,432444000,1.8130555555555556
2012-04-29 00:00:00 UTC,23,77,432444000,0.9011111111111112
2012-04-29 00:00:00 UTC,23,-1581,440656000,6.3230555555555554
2012-04-29 00:00:00 UTC,23,-1634,440858000,1.8133333333333335
2012-04-29 00:00:00 UTC,23,-1640,440858000,0.87583333333333335
2012-04-29 00:00:00 UTC,23,-1569,440045000,1.5856944444444445
2012-04-29 00:00:00 UTC,23,-1574,440045000,1.0084722222222222
2012-04-29 00:00:00 UTC,23,-1572,440045000,1.8281944444444445
2012-04-29 00:00:00 UTC,23,-1575,440045000,3.5730555555555559
2012-04-29 00:00:00 UTC,23,-1573,440045000,0.89874999999999994
2012-04-29 00:00:00 UTC,23,-1580,440706000,1.8305555555555557
2012-04-29 00:00:00 UTC,23,-1398,431938000,1.8113888888888889
2012-04-29 00:00:00 UTC,23,-1584,440055000,4.295
2012-04-29 00:00:00 UTC,23,-1588,440055000,1.6765277777777778
2012-04-29 00:00:00 UTC,23,-1589,440055000,7.7177777777777781
2012-04-29 00:00:00 UTC,23,-1585,440055000,1.8116666666666665
2012-04-29 00:00:00 UTC,23,-1587,440055000,1.5797222222222222
2012-04-29 00:00:00 UTC,23,-1591,440055000,2.7581944444444444
2012-04-29 00:00:00 UTC,23,-1601,440801000,1.8630555555555557
2012-04-29 00:00:00 UTC,23,-1602,440801000,1.8331944444444443
2012-04-29 00:00:00 UTC,535,1545,273815900,8.01888888888889
2012-04-29 00:00:00 UTC,535,1546,273815900,5.6086111111111112
2012-04-29 00:00:00 UTC,535,1544,273815900,4.0543055555555556
2012-04-29 00:00:00 UTC,535,-524,316011910,2.5863888888888891
2012-04-29 00:00:00 UTC,535,-523,316011910,1.6138888888888889
2012-04-29 00:00:00 UTC,-489,-607,416031900,1.6491666666666664
2012-04-29 00:00:00 UTC,-489,-608,416174500,14.669166666666667
2012-04-29 00:00:00 UTC,24,-1591,441098000,2.9273611111111113
2012-04-29 00:00:00 UTC,24,-1583,441098000,1.0251388888888888
2012-04-29 00:00:00 UTC,24,-1584,441098000,1.7597222222222222
2012-04-29 00:00:00 UTC,24,-1587,441098000,1.6513888888888888
2012-04-29 00:00:00 UTC,24,-1588,441098000,2.275
2012-04-29 00:00:00 UTC,24,-1592,441098000,4.6918055555555558
2012-04-29 00:00:00 UTC,24,-1586,441098000,0.90680555555555553
2012-04-29 00:00:00 UTC,24,-1594,441098000,3.6348611111111113
2012-04-29 00:00:00 UTC,24,-1589,441098000,2.396805555555555
2012-04-29 00:00:00 UTC,24,-1585,441098000,0.91111111111111109
2012-04-29 00:00:00 UTC,24,77,432319000,2.5845833333333332
2012-04-29 00:00:00 UTC,24,-1579,440648000,1.7269444444444444
2012-04-29 00:00:00 UTC,24,78,431100750,1.5865277777777778
2012-04-29 00:00:00 UTC,24,79,431100750,2.1934722222222223
2012-04-29 00:00:00 UTC,24,77,432444000,4.3691666666666666
2012-04-29 00:00:00 UTC,24,-1581,440656000,1.1627777777777779
2012-04-29 00:00:00 UTC,24,-1580,440656000,0.51513888888888892
2012-04-29 00:00:00 UTC,24,-1570,440045000,0.92958333333333321
2012-04-29 00:00:00 UTC,24,-1580,440706000,1.2804166666666668
2012-04-29 00:00:00 UTC,24,-1399,431938000,1.8125
2012-04-29 00:00:00 UTC,24,-1397,431938000,1.9005555555555556
2012-04-29 00:00:00 UTC,24,-1603,440801000,1.0806944444444444
2012-04-29 00:00:00 UTC,24,-1601,440801000,1.7447222222222223
2012-04-29 00:00:00 UTC,536,66,211507000,0.88958333333333339
2012-04-29 00:00:00 UTC,536,65,211507000,2.1309722222222223
2012-04-29 00:00:00 UTC,536,1545,273815900,2.2288888888888891
2012-04-29 00:00:00 UTC,536,1544,273815900,3.6776388888888887
2012-04-29 00:00:00 UTC,536,1545,273814900,0.75847222222222221
2012-04-29 00:00:00 UTC,536,1544,273814900,8.795416666666668
2012-04-29 00:00:00 UTC,-488,-608,441413000,13.145694444444446
2012-04-29 00:00:00 UTC,-488,-607,416031700,14.8075
2012-04-29 00:00:00 UTC,25,77,432319000,0.82944444444444443
2012-04-29 00:00:00 UTC,25,76,432319000,3.242083333333333
2012-04-29 00:00:00 UTC,25,-1578,440648000,2.8259722222222221
2012-04-29 00:00:00 UTC,25,-1577,440648000,1.8562500000000002
2012-04-29 00:00:00 UTC,25,78,431100750,0.77222222222222225
2012-04-29 00:00:00 UTC,25,77,431100750,1.9063888888888889
2012-04-29 00:00:00 UTC,25,-1579,440656000,1.8744444444444444
2012-04-29 00:00:00 UTC,25,-1580,440656000,0.95555555555555549
2012-04-29 00:00:00 UTC,25,-1582,440656000,1.6881944444444446
2012-04-29 00:00:00 UTC,25,-1640,440858000,1.5391666666666666
2012-04-29 00:00:00 UTC,25,-1572,440045000,1.3733333333333333
2012-04-29 00:00:00 UTC,25,-1570,440045000,0.75194444444444442
2012-04-29 00:00:00 UTC,25,-1571,440045000,0.78166666666666673
2012-04-29 00:00:00 UTC,25,-1580,440706000,1.6155555555555556
2012-04-29 00:00:00 UTC,25,-1397,431938000,1.1256944444444443
2012-04-29 00:00:00 UTC,25,-1399,431938000,1.8152777777777778
2012-04-29 00:00:00 UTC,25,-1603,440801000,1.0651388888888889
2012-04-29 00:00:00 UTC,25,-1600,440801000,1.0840277777777778
2012-04-29 00:00:00 UTC,25,-1601,440801000,1.850138888888889
2012-04-29 00:00:00 UTC,537,84,211438440,0.54375
2012-04-29 00:00:00 UTC,537,1544,273814900,4.330277777777777
2012-04-29 00:00:00 UTC,537,1545,273814900,1.6431944444444444
2012-04-29 00:00:00 UTC,537,1543,273814900,8.0855555555555547
2012-04-29 00:00:00 UTC,537,69,211492000,1.3675000000000002
2012-04-29 00:00:00 UTC,537,68,211492000,4.9940277777777773
2012-04-29 00:00:00 UTC,-487,-609,416189700,5.3781944444444445
2012-04-29 00:00:00 UTC,-487,-608,416189700,9.3724999999999987
2012-04-29 00:00:00 UTC,-487,-767,725000285,8.6398611111111112
2012-04-29 00:00:00 UTC,-487,-766,725000285,2.0068055555555557
2012-04-29 00:00:00 UTC,-487,-609,416845000,3.4227777777777777
2012-04-29 00:00:00 UTC,-487,-608,416845000,9.6916666666666664
2012-04-29 00:00:00 UTC,-487,-608,440502000,13.049583333333331
2012-04-29 00:00:00 UTC,26,-1576,440648000,1.7901388888888889
2012-04-29 00:00:00 UTC,26,-1575,440648000,0.56513888888888886
2012-04-29 00:00:00 UTC,26,75,431100750,3.4279166666666669
2012-04-29 00:00:00 UTC,26,76,431100750,3.1820833333333334
2012-04-29 00:00:00 UTC,26,-1580,440656000,3.462361111111111
2012-04-29 00:00:00 UTC,26,-1582,440656000,1.8399999999999999
2012-04-29 00:00:00 UTC,26,-1581,440656000,1.8426388888888889
2012-04-29 00:00:00 UTC,26,-1640,440858000,0.65555555555555556
2012-04-29 00:00:00 UTC,26,-1528,440751000,1.2625000000000002
2012-04-29 00:00:00 UTC,26,-1524,440751000,0.70736111111111111
2012-04-29 00:00:00 UTC,26,-1525,440751000,0.92361111111111116
2012-04-29 00:00:00 UTC,26,-1527,440751000,0.9540277777777777
2012-04-29 00:00:00 UTC,26,-1530,440751000,1.7098611111111111
2012-04-29 00:00:00 UTC,26,1713,440920000,2.2605555555555554
2012-04-29 00:00:00 UTC,26,1711,440920000,5.50875
2012-04-29 00:00:00 UTC,26,-1574,440045000,1.7894444444444444
2012-04-29 00:00:00 UTC,26,-1580,440706000,2.6206944444444442
2012-04-29 00:00:00 UTC,26,-1401,431938000,0.91319444444444442
2012-04-29 00:00:00 UTC,26,-1400,431938000,1.8458333333333334
2012-04-29 00:00:00 UTC,26,-1398,431938000,0.538888888888889
2012-04-29 00:00:00 UTC,26,-1397,431938000,1.9450000000000003
2012-04-29 00:00:00 UTC,26,-1600,440801000,2.5991666666666666
2012-04-29 00:00:00 UTC,538,-1633,367408210,12.877638888888889
2012-04-29 00:00:00 UTC,27,-1639,441536000,7.3145833333333332
2012-04-29 00:00:00 UTC,27,-1531,440298000,1.7106944444444445
2012-04-29 00:00:00 UTC,27,-1527,440298000,0.955
2012-04-29 00:00:00 UTC,27,-1528,440298000,1.2959722222222223
2012-04-29 00:00:00 UTC,27,-1524,440298000,0.88361111111111112
2012-04-29 00:00:00 UTC,27,-1525,440298000,0.80527777777777776
2012-04-29 00:00:00 UTC,27,-1579,440788000,1.8073611111111112
2012-04-29 00:00:00 UTC,27,-1574,440648000,1.65125
2012-04-29 00:00:00 UTC,27,-1575,440648000,1.4934722222222221
2012-04-29 00:00:00 UTC,27,-1550,440987000,4.0472222222222225
2012-04-29 00:00:00 UTC,27,-1551,440987000,9.7613888888888916
2012-04-29 00:00:00 UTC,27,-1640,440858000,0.13
2012-04-29 00:00:00 UTC,27,-1641,440858000,1.3294444444444444
2012-04-29 00:00:00 UTC,27,-1534,440751000,1.9165277777777778
2012-04-29 00:00:00 UTC,27,1714,440920000,1.7201388888888889
2012-04-29 00:00:00 UTC,27,1713,440920000,1.8070833333333334
2012-04-29 00:00:00 UTC,27,-1579,440706000,1.8025
2012-04-29 00:00:00 UTC,27,-1397,431938000,0.91902777777777778
2012-04-29 00:00:00 UTC,27,-1600,440801000,3.6259722222222224
2012-04-29 00:00:00 UTC,27,-1603,440801000,1.6120833333333331
2012-04-29 00:00:00 UTC,539,86,218773000,1.1022222222222222
2012-04-29 00:00:00 UTC,539,-1633,367408210,2.7097222222222221
2012-04-29 00:00:00 UTC,539,80,211526000,2.3665277777777778
2012-04-29 00:00:00 UTC,-485,-608,416528000,6.458333333333333
2012-04-29 00:00:00 UTC,-485,-607,416528000,7.5131944444444452
2012-04-29 00:00:00 UTC,28,-1534,440298000,1.7244444444444444
2012-04-29 00:00:00 UTC,28,-1580,440788000,1.6555555555555554
2012-04-29 00:00:00 UTC,28,-1581,440788000,0.95819444444444435
2012-04-29 00:00:00 UTC,28,-1583,440788000,1.9961111111111112
2012-04-29 00:00:00 UTC,28,-1578,440788000,1.7781944444444444
2012-04-29 00:00:00 UTC,28,-1586,440788000,1.8579166666666667
2012-04-29 00:00:00 UTC,28,-1587,440788000,1.8616666666666668
2012-04-29 00:00:00 UTC,28,-1585,440788000,3.67125
2012-04-29 00:00:00 UTC,28,-1582,440788000,0.88375
2012-04-29 00:00:00 UTC,28,-1573,440648000,1.8025
2012-04-29 00:00:00 UTC,28,-1572,440648000,1.837361111111111
2012-04-29 00:00:00 UTC,28,-1574,440648000,0.068888888888888888
2012-04-29 00:00:00 UTC,28,-1590,440669000,1.5750000000000002
2012-04-29 00:00:00 UTC,28,-1589,440669000,1.8250000000000002
2012-04-29 00:00:00 UTC,28,-1551,440987000,0.11930555555555555
2012-04-29 00:00:00 UTC,28,-1550,440987000,6.4581944444444446
2012-04-29 00:00:00 UTC,28,-1524,440751000,1.6163888888888889
2012-04-29 00:00:00 UTC,28,-1533,440751000,3.685
2012-04-29 00:00:00 UTC,28,-1528,440751000,0.90833333333333333
2012-04-29 00:00:00 UTC,28,-1530,440751000,2.0309722222222222
2012-04-29 00:00:00 UTC,28,-1532,440751000,1.5204166666666667
2012-04-29 00:00:00 UTC,28,-1531,440751000,2.0930555555555554
2012-04-29 00:00:00 UTC,28,-1529,440751000,0.75555555555555554
2012-04-29 00:00:00 UTC,28,1716,440920000,0.94611111111111112
2012-04-29 00:00:00 UTC,28,1714,440920000,1.9181944444444445
2012-04-29 00:00:00 UTC,28,1715,440920000,2.4923611111111112
2012-04-29 00:00:00 UTC,28,1713,440920000,1.1865277777777778
2012-04-29 00:00:00 UTC,28,1717,440920000,0.91208333333333336
2012-04-29 00:00:00 UTC,28,-1579,440706000,0.89722222222222225
2012-04-29 00:00:00 UTC,28,-1397,431938000,2.7151388888888888
2012-04-29 00:00:00 UTC,28,-1600,440801000,1.8311111111111111
2012-04-29 00:00:00 UTC,540,86,218773000,4.3125
2012-04-29 00:00:00 UTC,540,87,218773000,1.6791666666666667
2012-04-29 00:00:00 UTC,540,82,218773000,1.6625
2012-04-29 00:00:00 UTC,540,83,218773000,2.7275
2012-04-29 00:00:00 UTC,540,85,218773000,6.4520833333333343
2012-04-29 00:00:00 UTC,540,-1664,338568000,3.157083333333333
2012-04-29 00:00:00 UTC,540,1546,273815910,3.2780555555555555
2012-04-29 00:00:00 UTC,29,-1530,440298000,1.4806944444444445
2012-04-29 00:00:00 UTC,29,-1531,440298000,1.7218055555555554
2012-04-29 00:00:00 UTC,29,-1532,440298000,1.5154166666666669
2012-04-29 00:00:00 UTC,29,-1529,440298000,1.6590277777777778
2012-04-29 00:00:00 UTC,29,-1534,440298000,2.8265277777777778
2012-04-29 00:00:00 UTC,29,-1527,440298000,0.90374999999999994
2012-04-29 00:00:00 UTC,29,-1533,440298000,1.9290277777777778
2012-04-29 00:00:00 UTC,29,-1528,440298000,0.90499999999999992
2012-04-29 00:00:00 UTC,29,-1578,440788000,1.8763888888888889
2012-04-29 00:00:00 UTC,29,-1571,440648000,3.516805555555556
2012-04-29 00:00:00 UTC,29,-1573,440648000,0.815
2012-04-29 00:00:00 UTC,29,-1591,440669000,1.4972222222222222
2012-04-29 00:00:00 UTC,29,-1550,440987000,1.8168055555555556
2012-04-29 00:00:00 UTC,29,-1549,440987000,1.9044444444444444
2012-04-29 00:00:00 UTC,29,-1643,440858000,1.8727777777777779
2012-04-29 00:00:00 UTC,29,-1526,440751000,1.8404166666666666
2012-04-29 00:00:00 UTC,29,-1527,440751000,1.8109722222222222
2012-04-29 00:00:00 UTC,29,-1525,440751000,1.8734722222222222
2012-04-29 00:00:00 UTC,29,1717,440920000,1.8729166666666668
2012-04-29 00:00:00 UTC,29,1715,440920000,1.5126388888888889
2012-04-29 00:00:00 UTC,29,-1579,440706000,1.6855555555555555
2012-04-29 00:00:00 UTC,29,-1578,440706000,0.89611111111111108
2012-04-29 00:00:00 UTC,29,-1582,440706000,1.0530555555555556
2012-04-29 00:00:00 UTC,29,-1581,440706000,2.0327777777777776
2012-04-29 00:00:00 UTC,29,-1602,440801000,1.7272222222222222
2012-04-29 00:00:00 UTC,541,-1664,338568000,1.4426388888888888
2012-04-29 00:00:00 UTC,-227,101,224084640,5.0427777777777774
2012-04-29 00:00:00 UTC,-227,102,224084640,4.4540277777777781
2012-04-29 00:00:00 UTC,30,1712,440885000,2.3768055555555554
2012-04-29 00:00:00 UTC,30,1713,440885000,3.0338888888888889
2012-04-29 00:00:00 UTC,30,1711,440885000,1.7013888888888891
2012-04-29 00:00:00 UTC,30,1710,440885000,2.87875
2012-04-29 00:00:00 UTC,30,-1525,440298000,1.7668055555555555
2012-04-29 00:00:00 UTC,30,-1524,440298000,1.6572222222222224
2012-04-29 00:00:00 UTC,30,-1526,440298000,1.8523611111111111
2012-04-29 00:00:00 UTC,30,-1576,440788000,3.2844444444444441
2012-04-29 00:00:00 UTC,30,-1528,440382000,1.797361111111111
2012-04-29 00:00:00 UTC,30,-1522,440382000,0.91777777777777769
2012-04-29 00:00:00 UTC,30,-1523,440382000,0.72083333333333333
2012-04-29 00:00:00 UTC,30,-1596,440669000,3.7504166666666667
2012-04-29 00:00:00 UTC,30,-1591,440669000,0.52513888888888893
2012-04-29 00:00:00 UTC,30,-1595,440669000,1.875
2012-04-29 00:00:00 UTC,30,-1592,440669000,1.8273611111111108
2012-04-29 00:00:00 UTC,30,-1594,440669000,1.75
2012-04-29 00:00:00 UTC,30,-1590,440741000,2.3725
2012-04-29 00:00:00 UTC,30,-1589,440741000,1.8425
2012-04-29 00:00:00 UTC,30,-1594,440741000,0.92777777777777781
2012-04-29 00:00:00 UTC,30,-1582,440645000,1.8170833333333332
2012-04-29 00:00:00 UTC,30,1716,440920000,1.6316666666666666
2012-04-29 00:00:00 UTC,30,-1578,440706000,0.89444444444444438
2012-04-29 00:00:00 UTC,30,-1581,440706000,0.90569444444444447
2012-04-29 00:00:00 UTC,30,-1577,440706000,0.78138888888888891
2012-04-29 00:00:00 UTC,30,-1579,440706000,1.8375
2012-04-29 00:00:00 UTC,31,1710,440885000,1.1480555555555556
2012-04-29 00:00:00 UTC,31,1711,440885000,1.8691666666666666
2012-04-29 00:00:00 UTC,31,1712,440885000,3.6838888888888888
2012-04-29 00:00:00 UTC,31,1713,440885000,2.891111111111111
2012-04-29 00:00:00 UTC,31,-1575,440788000,2.2325
2012-04-29 00:00:00 UTC,31,-1524,440382000,0.71013888888888888
2012-04-29 00:00:00 UTC,31,-1527,440382000,2.1625
2012-04-29 00:00:00 UTC,31,-1525,440382000,0.92347222222222225
2012-04-29 00:00:00 UTC,31,-1521,440382000,5.4977777777777774
2012-04-29 00:00:00 UTC,31,-1520,440382000,3.124166666666667
2012-04-29 00:00:00 UTC,31,-1517,440786000,1.7970833333333331
2012-04-29 00:00:00 UTC,31,-1593,440741000,1.8944444444444444
2012-04-29 00:00:00 UTC,31,-1590,440741000,0.52930555555555547
2012-04-29 00:00:00 UTC,31,-1594,440741000,3.6833333333333336
2012-04-29 00:00:00 UTC,31,-1592,440741000,1.5625
2012-04-29 00:00:00 UTC,31,-1591,440741000,0.95847222222222217
2012-04-29 00:00:00 UTC,31,-1595,440741000,0.93875
2012-04-29 00:00:00 UTC,31,-1577,440645000,1.4934722222222221
2012-04-29 00:00:00 UTC,31,-1576,440645000,2.4648611111111109
2012-04-29 00:00:00 UTC,31,-1582,440645000,1.7955555555555556
2012-04-29 00:00:00 UTC,31,-1574,440645000,1.83875
2012-04-29 00:00:00 UTC,31,-1581,440645000,1.8655555555555554
2012-04-29 00:00:00 UTC,31,-1573,440645000,3.5231944444444445
2012-04-29 00:00:00 UTC,31,-1575,440645000,2.6190277777777777
2012-04-29 00:00:00 UTC,31,-1578,440645000,2.5163888888888888
2012-04-29 00:00:00 UTC,31,-1580,440645000,2.6319444444444446
2012-04-29 00:00:00 UTC,31,-1579,440645000,2.158611111111111
2012-04-29 00:00:00 UTC,31,-1526,440612000,0.78597222222222229
2012-04-29 00:00:00 UTC,31,-1530,440612000,1.7898611111111111
2012-04-29 00:00:00 UTC,31,-1527,440612000,1.3558333333333334
2012-04-29 00:00:00 UTC,31,-1520,441015000,1.8223611111111113
2012-04-29 00:00:00 UTC,31,-1576,440780000,1.7943055555555556
2012-04-29 00:00:00 UTC,31,-1579,440780000,1.18125
2012-04-29 00:00:00 UTC,31,-1580,440780000,0.81083333333333341
2012-04-29 00:00:00 UTC,31,-1519,441825000,1.7098611111111111
2012-04-29 00:00:00 UTC,543,-1595,367408020,5.6541666666666668
2012-04-29 00:00:00 UTC,-225,359,725000287,4.3452777777777776
2012-04-29 00:00:00 UTC,-225,360,725000287,2.2695833333333333
2012-04-29 00:00:00 UTC,-225,100,224084640,1.7206944444444443
2012-04-29 00:00:00 UTC,-225,129,659470000,1.0429166666666667
2012-04-29 00:00:00 UTC,-225,128,659470000,0.97611111111111115
2012-04-29 00:00:00 UTC,-225,131,659470000,6.5302777777777781
2012-04-29 00:00:00 UTC,-225,130,659470000,1.5666666666666667
2012-04-29 00:00:00 UTC,32,1714,440885000,1.8047222222222223
2012-04-29 00:00:00 UTC,32,-1572,440788000,1.808472222222222
2012-04-29 00:00:00 UTC,32,-1520,440382000,0.58611111111111136
2012-04-29 00:00:00 UTC,32,-1515,440786000,1.2055555555555555
2012-04-29 00:00:00 UTC,32,-1514,440786000,0.95305555555555543
2012-04-29 00:00:00 UTC,32,-1525,440612000,0.612638888888889
2012-04-29 00:00:00 UTC,32,-1516,441015000,0.94055555555555559
2012-04-29 00:00:00 UTC,32,-1517,441015000,1.2076388888888889
2012-04-29 00:00:00 UTC,32,-1582,440780000,1.5211111111111111
2012-04-29 00:00:00 UTC,32,-1517,441825000,1.2833333333333334
2012-04-29 00:00:00 UTC,544,-1590,367408020,4.9955555555555557
2012-04-29 00:00:00 UTC,544,-1591,367408020,3.82375
2012-04-29 00:00:00 UTC,544,-1592,367408020,9.659722222222225
2012-04-29 00:00:00 UTC,-224,129,659470000,2.6015277777777777
2012-04-29 00:00:00 UTC,-224,128,659470000,0.78916666666666657
2012-04-29 00:00:00 UTC,-224,130,659470000,6.6706944444444449
2012-04-29 00:00:00 UTC,33,-1571,440992000,1.8263888888888888
2012-04-29 00:00:00 UTC,33,-1572,440992000,0.90152777777777782
2012-04-29 00:00:00 UTC,33,1713,440885000,3.3105555555555553
2012-04-29 00:00:00 UTC,33,-1520,440382000,0.52875
2012-04-29 00:00:00 UTC,33,-1513,440786000,0.78347222222222213
2012-04-29 00:00:00 UTC,33,-1507,440871000,0.96944444444444433
2012-04-29 00:00:00 UTC,33,-1515,440966000,2.1595833333333334
2012-04-29 00:00:00 UTC,33,-1525,440612000,1.087361111111111
2012-04-29 00:00:00 UTC,33,-1520,440770000,1.6986111111111111
2012-04-29 00:00:00 UTC,33,-1527,440770000,1.8847222222222224
2012-04-29 00:00:00 UTC,33,-1524,440770000,1.1652777777777779
2012-04-29 00:00:00 UTC,33,-1515,441015000,0.81624999999999992
2012-04-29 00:00:00 UTC,33,-1514,441015000,0.82583333333333342
2012-04-29 00:00:00 UTC,33,-1584,440780000,1.70125
2012-04-29 00:00:00 UTC,33,-1514,441825000,0.96819444444444436
2012-04-29 00:00:00 UTC,-223,359,725000287,6.1515277777777779
2012-04-29 00:00:00 UTC,-223,99,224084640,1.6806944444444445
2012-04-29 00:00:00 UTC,-223,129,659470000,1.5040277777777777
2012-04-29 00:00:00 UTC,34,-1572,440992000,2.6219444444444444
2012-04-29 00:00:00 UTC,34,-1520,440382000,1.4652777777777777
2012-04-29 00:00:00 UTC,34,-1513,440786000,0.85402777777777783
2012-04-29 00:00:00 UTC,34,-1509,440871000,1.1866666666666665
2012-04-29 00:00:00 UTC,34,-1574,440807000,1.7888888888888888
2012-04-29 00:00:00 UTC,34,-1519,440966000,1.8829166666666666
2012-04-29 00:00:00 UTC,34,-1514,440966000,1.0472222222222223
2012-04-29 00:00:00 UTC,34,-1584,441680000,0.069166666666666668
2012-04-29 00:00:00 UTC,34,-1573,440773000,0.96097222222222223
2012-04-29 00:00:00 UTC,34,-1513,441015000,1.6295833333333332
2012-04-29 00:00:00 UTC,-222,359,725000287,6.7754166666666675
2012-04-29 00:00:00 UTC,-222,95,224084640,4.2776388888888892
2012-04-29 00:00:00 UTC,-222,128,659470000,1.6808333333333334
2012-04-29 00:00:00 UTC,35,-1573,440992000,2.6036111111111109
2012-04-29 00:00:00 UTC,35,-1574,440992000,0.11722222222222221
2012-04-29 00:00:00 UTC,35,-1572,440992000,1.8127777777777778
2012-04-29 00:00:00 UTC,35,-1510,440871000,1.0079166666666666
2012-04-29 00:00:00 UTC,35,-1519,440966000,1.8362500000000002
2012-04-29 00:00:00 UTC,35,-1513,440966000,1.5668055555555556
2012-04-29 00:00:00 UTC,35,-1581,441680000,1.6790277777777778
2012-04-29 00:00:00 UTC,35,-1582,441680000,1.2394444444444443
2012-04-29 00:00:00 UTC,35,-1583,441680000,1.0595833333333333
2012-04-29 00:00:00 UTC,35,-1580,441680000,1.8565277777777778
2012-04-29 00:00:00 UTC,35,-1574,440773000,1.36375
2012-04-29 00:00:00 UTC,35,-1524,440612000,1.5736111111111111
2012-04-29 00:00:00 UTC,35,-1518,441015000,3.782777777777778
2012-04-29 00:00:00 UTC,35,-1516,441015000,1.4852777777777777
2012-04-29 00:00:00 UTC,35,-1519,441015000,1.8304166666666666
2012-04-29 00:00:00 UTC,35,-1517,441015000,1.5438888888888889
2012-04-29 00:00:00 UTC,35,-1587,440780000,1.7513888888888889
2012-04-29 00:00:00 UTC,35,-1590,440780000,1.023611111111111
2012-04-29 00:00:00 UTC,35,-1585,440780000,1.8708333333333333
2012-04-29 00:00:00 UTC,35,-1591,440780000,1.8309722222222222
2012-04-29 00:00:00 UTC,35,-1594,440780000,3.6113888888888885
2012-04-29 00:00:00 UTC,35,-1589,440780000,2.2790277777777779
2012-04-29 00:00:00 UTC,35,-1592,440780000,1.8723611111111111
2012-04-29 00:00:00 UTC,35,-1588,440780000,1.8849999999999998
2012-04-29 00:00:00 UTC,-221,98,224084640,1.5234722222222223
2012-04-29 00:00:00 UTC,36,-1577,440992000,0.90555555555555556
2012-04-29 00:00:00 UTC,36,-1578,440992000,2.7683333333333335
2012-04-29 00:00:00 UTC,36,-1575,440992000,2.6140277777777778
2012-04-29 00:00:00 UTC,36,-1574,440992000,2.8779166666666662
2012-04-29 00:00:00 UTC,36,-1576,440992000,2.7068055555555555
2012-04-29 00:00:00 UTC,36,-1587,440617000,1.8134722222222222
2012-04-29 00:00:00 UTC,36,-1588,440617000,2.3541666666666665
2012-04-29 00:00:00 UTC,36,-1520,440382000,1.6166666666666667
2012-04-29 00:00:00 UTC,36,-1513,440786000,1.6370833333333332
2012-04-29 00:00:00 UTC,36,-1511,440871000,0.75847222222222221
2012-04-29 00:00:00 UTC,36,-1575,440807000,1.1058333333333332
2012-04-29 00:00:00 UTC,36,-1578,440807000,0.94944444444444442
2012-04-29 00:00:00 UTC,36,-1576,440807000,1.0955555555555556
2012-04-29 00:00:00 UTC,36,-1577,440807000,0.6743055555555556
2012-04-29 00:00:00 UTC,36,-1517,440966000,2.2019444444444445
2012-04-29 00:00:00 UTC,36,-1518,440966000,3.6066666666666665
2012-04-29 00:00:00 UTC,36,-1516,440966000,1.6873611111111111
2012-04-29 00:00:00 UTC,36,-1579,440773000,1.8376388888888888
2012-04-29 00:00:00 UTC,36,-1574,440773000,0.78194444444444444
2012-04-29 00:00:00 UTC,36,-1520,440770000,1.7819444444444446
2012-04-29 00:00:00 UTC,36,-1512,441015000,0.92347222222222225
2012-04-29 00:00:00 UTC,36,-1515,441015000,2.0319444444444441
2012-04-29 00:00:00 UTC,36,-1516,441015000,0.57624999999999993
2012-04-29 00:00:00 UTC,36,-1514,441015000,1.5861111111111112
2012-04-29 00:00:00 UTC,36,-1590,440780000,2.1213888888888888
2012-04-29 00:00:00 UTC,548,139,211315630,5.6118055555555557
2012-04-29 00:00:00 UTC,548,138,211315630,6.1293055555555549
2012-04-29 00:00:00 UTC,-220,96,224084640,1.5281944444444444
2012-04-29 00:00:00 UTC,37,-1575,440992000,1.0174999999999998
2012-04-29 00:00:00 UTC,37,-1585,440617000,1.1845833333333333
2012-04-29 00:00:00 UTC,37,-1588,440617000,3.1420833333333333
2012-04-29 00:00:00 UTC,37,-1589,440617000,0.60569444444444442
2012-04-29 00:00:00 UTC,37,-1586,440617000,1.8722222222222222
2012-04-29 00:00:00 UTC,37,-1584,440617000,0.95680555555555558
2012-04-29 00:00:00 UTC,37,1766,440584000,1.5115277777777778
2012-04-29 00:00:00 UTC,37,1767,440584000,0.7037500000000001
2012-04-29 00:00:00 UTC,37,-1511,440871000,0.89805555555555561
2012-04-29 00:00:00 UTC,37,-1580,440807000,0.89986111111111111
2012-04-29 00:00:00 UTC,37,-1579,440807000,0.76944444444444449
2012-04-29 00:00:00 UTC,37,-1513,440966000,1.8156944444444445
2012-04-29 00:00:00 UTC,37,-1515,440966000,1.5793055555555555
2012-04-29 00:00:00 UTC,37,-1514,440966000,1.7986111111111112
2012-04-29 00:00:00 UTC,37,-1578,440773000,2.6609722222222221
2012-04-29 00:00:00 UTC,37,-1576,440773000,1.6388888888888888
2012-04-29 00:00:00 UTC,37,-1579,440773000,1.7472222222222222
2012-04-29 00:00:00 UTC,37,-1527,440770000,3.6656944444444446
2012-04-29 00:00:00 UTC,37,-1525,440770000,3.0554166666666669
2012-04-29 00:00:00 UTC,37,-1524,440770000,2.0359722222222221
2012-04-29 00:00:00 UTC,37,-1521,440770000,1.848611111111111
2012-04-29 00:00:00 UTC,37,-1523,440770000,1.6627777777777777
2012-04-29 00:00:00 UTC,37,-1526,440770000,2.4847222222222225
2012-04-29 00:00:00 UTC,37,-1522,440770000,1.8054166666666667
2012-04-29 00:00:00 UTC,37,-1513,441015000,1.8744444444444446
2012-04-29 00:00:00 UTC,37,-1512,441015000,2.779722222222222
2012-04-29 00:00:00 UTC,37,-1513,441825000,0.93486111111111114
2012-04-29 00:00:00 UTC,37,1742,440246000,0.98736111111111113
2012-04-29 00:00:00 UTC,-219,97,224084640,1.4694444444444443
2012-04-29 00:00:00 UTC,38,-1575,440992000,1.0280555555555555
2012-04-29 00:00:00 UTC,38,-1586,440617000,0.89861111111111114
2012-04-29 00:00:00 UTC,38,-1589,440617000,1.1806944444444443
2012-04-29 00:00:00 UTC,38,-1520,440382000,5.505694444444444
2012-04-29 00:00:00 UTC,38,1768,440584000,0.64888888888888885
2012-04-29 00:00:00 UTC,38,1769,440584000,0.25847222222222221
2012-04-29 00:00:00 UTC,38,-1518,440786000,3.8509722222222225
2012-04-29 00:00:00 UTC,38,-1517,440786000,2.0768055555555556
2012-04-29 00:00:00 UTC,38,-1520,440786000,3.7388888888888889
2012-04-29 00:00:00 UTC,38,-1514,440786000,1.7347222222222221
2012-04-29 00:00:00 UTC,38,-1513,440786000,1.9544444444444444
2012-04-29 00:00:00 UTC,38,-1519,440786000,1.5331944444444443
2012-04-29 00:00:00 UTC,38,-1516,440786000,1.5847222222222221
2012-04-29 00:00:00 UTC,38,-1515,440786000,1.8845833333333335
2012-04-29 00:00:00 UTC,38,-1520,440871000,3.725138888888889
2012-04-29 00:00:00 UTC,38,-1581,440807000,1.8487500000000001
2012-04-29 00:00:00 UTC,38,-1580,440807000,1.8363888888888888
2012-04-29 00:00:00 UTC,38,-1512,440966000,3.521527777777778
2012-04-29 00:00:00 UTC,38,-1524,440612000,1.9073611111111113
2012-04-29 00:00:00 UTC,38,-1523,440612000,3.6637500000000003
2012-04-29 00:00:00 UTC,38,-1522,440612000,0.9291666666666667
2012-04-29 00:00:00 UTC,38,-1520,441825000,3.69
2012-04-29 00:00:00 UTC,38,-1517,441825000,1.6266666666666665
2012-04-29 00:00:00 UTC,38,-1515,441825000,0.90944444444444439
2012-04-29 00:00:00 UTC,38,-1516,441825000,1.7109722222222223
2012-04-29 00:00:00 UTC,38,-1519,441825000,2.7351388888888888
2012-04-29 00:00:00 UTC,38,-1514,441825000,1.8070833333333334
2012-04-29 00:00:00 UTC,38,-1518,441825000,2.1470833333333332
2012-04-29 00:00:00 UTC,38,-1513,441825000,1.8263888888888888
2012-04-29 00:00:00 UTC,-474,-629,701006092,7.9722222222222223
2012-04-29 00:00:00 UTC,-474,-606,416621000,14.707222222222223
2012-04-29 00:00:00 UTC,-474,-630,701000935,2.11625
2012-04-29 00:00:00 UTC,-474,-629,701000935,5.6484722222222219
2012-04-29 00:00:00 UTC,39,-1575,440992000,1.8752777777777778
2012-04-29 00:00:00 UTC,39,-1587,440617000,2.59
2012-04-29 00:00:00 UTC,39,-1584,440617000,1.6331944444444444
2012-04-29 00:00:00 UTC,39,-1589,440617000,1.8347222222222221
2012-04-29 00:00:00 UTC,39,1769,440584000,0.75
2012-04-29 00:00:00 UTC,39,1768,440584000,0.93027777777777787
2012-04-29 00:00:00 UTC,39,1771,440584000,1.524861111111111
2012-04-29 00:00:00 UTC,39,1770,440584000,3.6752777777777776
2012-04-29 00:00:00 UTC,39,-1514,440871000,1.8347222222222224
2012-04-29 00:00:00 UTC,39,-1519,440871000,1.8833333333333333
2012-04-29 00:00:00 UTC,39,-1518,440871000,1.778888888888889
2012-04-29 00:00:00 UTC,39,-1516,440871000,1.5844444444444443
2012-04-29 00:00:00 UTC,39,-1512,440871000,1.652222222222222
2012-04-29 00:00:00 UTC,39,-1513,440871000,1.7654166666666666
2012-04-29 00:00:00 UTC,39,-1517,440871000,3.8793055555555549
2012-04-29 00:00:00 UTC,39,-1515,440871000,1.8875000000000002
2012-04-29 00:00:00 UTC,39,-1579,440807000,2.7079166666666663
2012-04-29 00:00:00 UTC,39,-1590,440517000,1.8408333333333333
2012-04-29 00:00:00 UTC,39,-1611,440986000,0.89833333333333343
2012-04-29 00:00:00 UTC,39,-1524,440612000,1.8080555555555557
2012-04-29 00:00:00 UTC,39,-1523,440612000,0.90875000000000006
2012-04-29 00:00:00 UTC,39,1739,440246000,1.8180555555555555
2012-04-29 00:00:00 UTC,551,-1647,303303000,0.83319444444444446
2012-04-29 00:00:00 UTC,551,-1646,303303000,6.4584722222222224
2012-04-29 00:00:00 UTC,551,-1644,367197950,4.7700000000000005
2012-04-29 00:00:00 UTC,551,-1643,367197950,0.80847222222222226
2012-04-29 00:00:00 UTC,-473,-629,701006092,8.8859722222222217
2012-04-29 00:00:00 UTC,-473,-604,440191000,5.6927777777777777
2012-04-29 00:00:00 UTC,-473,-608,412420383,10.976944444444444
2012-04-29 00:00:00 UTC,-473,-629,701000935,8.85375
2012-04-29 00:00:00 UTC,-473,-627,701006066,7.2533333333333339
2012-04-29 00:00:00 UTC,40,-1589,440617000,2.7955555555555556
2012-04-29 00:00:00 UTC,40,1688,431251000,1.794861111111111
2012-04-29 00:00:00 UTC,40,1689,431251000,0.89111111111111108
2012-04-29 00:00:00 UTC,40,-1612,440936000,5.549722222222222
2012-04-29 00:00:00 UTC,40,1768,440584000,0.98791666666666667
2012-04-29 00:00:00 UTC,40,-1580,440807000,0.70972222222222225
2012-04-29 00:00:00 UTC,40,-1579,440807000,0.75277777777777777
2012-04-29 00:00:00 UTC,40,-1610,440986000,1.6816666666666669
2012-04-29 00:00:00 UTC,40,-1609,440986000,1.6931944444444444
2012-04-29 00:00:00 UTC,40,-1611,440986000,2.1030555555555557
2012-04-29 00:00:00 UTC,40,-1613,440986000,3.7023611111111112
2012-04-29 00:00:00 UTC,40,-1605,440986000,1.9165277777777778
2012-04-29 00:00:00 UTC,40,-1608,440986000,1.8223611111111109
2012-04-29 00:00:00 UTC,40,-1607,440986000,0.90347222222222223
2012-04-29 00:00:00 UTC,40,-1612,440986000,0.94833333333333336
2012-04-29 00:00:00 UTC,40,-1606,440986000,1.7591666666666668
2012-04-29 00:00:00 UTC,40,-1524,440612000,1.6676388888888889
2012-04-29 00:00:00 UTC,40,-1614,441081000,2.8098611111111111
2012-04-29 00:00:00 UTC,40,-1612,441081000,2.799722222222222
2012-04-29 00:00:00 UTC,40,-1607,441081000,3.5388888888888888
2012-04-29 00:00:00 UTC,40,-1611,441081000,3.9922222222222219
2012-04-29 00:00:00 UTC,40,-1613,441081000,2.0802777777777779
2012-04-29 00:00:00 UTC,40,-1605,441081000,1.8372222222222221
2012-04-29 00:00:00 UTC,40,-1608,441081000,1.8945833333333333
2012-04-29 00:00:00 UTC,40,-1609,441081000,2.2679166666666664
2012-04-29 00:00:00 UTC,40,-1610,441081000,4.4002777777777773
2012-04-29 00:00:00 UTC,40,-1612,440846000,4.5847222222222221
2012-04-29 00:00:00 UTC,40,1739,440246000,1.6583333333333332
2012-04-29 00:00:00 UTC,40,1741,440246000,2.2497222222222222
2012-04-29 00:00:00 UTC,40,1740,440246000,1.53375
2012-04-29 00:00:00 UTC,552,-1643,367197950,8.89263888888889
2012-04-29 00:00:00 UTC,552,-1644,367197950,8.0166666666666675
2012-04-29 00:00:00 UTC,-472,-629,701006092,3.8490277777777773
2012-04-29 00:00:00 UTC,-472,-628,701006092,0.81305555555555564
2012-04-29 00:00:00 UTC,-472,-604,440191000,1.5468055555555555
2012-04-29 00:00:00 UTC,-472,-607,412420383,4.5748611111111108
2012-04-29 00:00:00 UTC,-472,-629,701000935,3.0359722222222221
2012-04-29 00:00:00 UTC,-472,-628,701000935,0.7697222222222222
2012-04-29 00:00:00 UTC,-472,-627,701000935,1.5611111111111111
2012-04-29 00:00:00 UTC,41,-1608,440522000,1.5222222222222221
2012-04-29 00:00:00 UTC,41,-1614,440522000,2.6808333333333332
2012-04-29 00:00:00 UTC,41,-1607,440522000,1.89625
2012-04-29 00:00:00 UTC,41,-1612,440522000,1.8306944444444444
2012-04-29 00:00:00 UTC,41,-1611,440522000,1.2054166666666666
2012-04-29 00:00:00 UTC,41,-1610,440522000,1.6734722222222222
2012-04-29 00:00:00 UTC,41,-1606,440522000,1.8119444444444444
2012-04-29 00:00:00 UTC,41,-1613,440522000,1.9136111111111109
2012-04-29 00:00:00 UTC,41,-1605,440522000,1.8344444444444443
2012-04-29 00:00:00 UTC,41,-1609,440522000,0.99736111111111114
2012-04-29 00:00:00 UTC,41,-1497,440574000,1.82625
2012-04-29 00:00:00 UTC,41,-1495,440574000,1.8651388888888889
2012-04-29 00:00:00 UTC,41,-1498,440574000,1.8027777777777778
2012-04-29 00:00:00 UTC,41,-1499,440574000,1.6681944444444445
2012-04-29 00:00:00 UTC,41,-1496,440574000,1.8
2012-04-29 00:00:00 UTC,41,1686,431251000,1.4197222222222221
2012-04-29 00:00:00 UTC,41,1684,431251000,0.9572222222222222
2012-04-29 00:00:00 UTC,41,1687,431251000,1.9152777777777779
2012-04-29 00:00:00 UTC,41,1683,431251000,1.3745833333333333
2012-04-29 00:00:00 UTC,41,1685,431251000,1.7194444444444446
2012-04-29 00:00:00 UTC,41,-1611,440936000,3.05
2012-04-29 00:00:00 UTC,41,1763,440584000,3.6280555555555556
2012-04-29 00:00:00 UTC,41,1767,440584000,1.5970833333333334
2012-04-29 00:00:00 UTC,41,1765,440584000,2.3547222222222222
2012-04-29 00:00:00 UTC,41,1766,440584000,3.3249999999999997
2012-04-29 00:00:00 UTC,41,1762,440584000,1.86625
2012-04-29 00:00:00 UTC,41,-1607,440935000,1.7947222222222221
2012-04-29 00:00:00 UTC,41,-1580,440807000,1.3448611111111108
2012-04-29 00:00:00 UTC,41,1506,431932000,0.97486111111111118
2012-04-29 00:00:00 UTC,41,-1620,441062000,1.910277777777778
2012-04-29 00:00:00 UTC,41,-1617,441062000,2.8491666666666666
2012-04-29 00:00:00 UTC,41,-1609,441062000,2.7580555555555555
2012-04-29 00:00:00 UTC,41,-1610,441062000,1.8987500000000002
2012-04-29 00:00:00 UTC,41,-1618,441062000,1.0365277777777777
2012-04-29 00:00:00 UTC,41,-1613,441062000,1.2795833333333331
2012-04-29 00:00:00 UTC,41,-1616,441062000,1.8541666666666667
2012-04-29 00:00:00 UTC,41,-1608,441062000,0.91944444444444451
2012-04-29 00:00:00 UTC,41,-1614,441062000,3.4427777777777777
2012-04-29 00:00:00 UTC,41,-1612,441062000,2.5294444444444446
2012-04-29 00:00:00 UTC,41,-1615,441062000,2.4565277777777781
2012-04-29 00:00:00 UTC,41,-1523,440612000,0.9575
2012-04-29 00:00:00 UTC,41,-1524,440612000,1.46375
2012-04-29 00:00:00 UTC,41,1506,431100850,3.56875
2012-04-29 00:00:00 UTC,41,1740,440246000,1.8122222222222222
2012-04-29 00:00:00 UTC,41,1738,440246000,1.879027777777778
2012-04-29 00:00:00 UTC,553,-1559,367410620,1.1219444444444444
2012-04-29 00:00:00 UTC,553,-1639,303672000,5.6665277777777776
2012-04-29 00:00:00 UTC,553,-1640,303672000,5.625
2012-04-29 00:00:00 UTC,-471,-604,440191000,1.7293055555555554
2012-04-29 00:00:00 UTC,42,-1614,440522000,1.1318055555555555
2012-04-29 00:00:00 UTC,42,-1611,440522000,1.5691666666666666
2012-04-29 00:00:00 UTC,42,-1608,440522000,1.7609722222222222
2012-04-29 00:00:00 UTC,42,-1613,440522000,0.99333333333333329
2012-04-29 00:00:00 UTC,42,-1746,441812000,1.34875
2012-04-29 00:00:00 UTC,42,-1499,440574000,1.4859722222222222
2012-04-29 00:00:00 UTC,42,1684,431251000,0.019305555555555555
2012-04-29 00:00:00 UTC,42,1682,431251000,1.8334722222222224
2012-04-29 00:00:00 UTC,42,1680,431251000,3.6580555555555554
2012-04-29 00:00:00 UTC,42,-1611,440936000,0.925
2012-04-29 00:00:00 UTC,42,-1611,440935000,2.0876388888888893
2012-04-29 00:00:00 UTC,42,-1613,440935000,2.8384722222222223
2012-04-29 00:00:00 UTC,42,-1616,440935000,1.9372222222222222
2012-04-29 00:00:00 UTC,42,-1610,440935000,2.3719444444444444
2012-04-29 00:00:00 UTC,42,-1608,440935000,1.8925
2012-04-29 00:00:00 UTC,42,-1612,440935000,2.6056944444444445
2012-04-29 00:00:00 UTC,42,-1614,440935000,2.7009722222222221
2012-04-29 00:00:00 UTC,42,-1607,440935000,1.8397222222222223
2012-04-29 00:00:00 UTC,42,-1609,440935000,0.76152777777777769
2012-04-29 00:00:00 UTC,42,-1606,440935000,1.7431944444444445
2012-04-29 00:00:00 UTC,42,-1580,440807000,3.9423611111111114
2012-04-29 00:00:00 UTC,42,-1524,440612000,1.7240277777777777
2012-04-29 00:00:00 UTC,42,-1523,440612000,0.94027777777777777
2012-04-29 00:00:00 UTC,42,1737,440246000,1.8486111111111112
2012-04-29 00:00:00 UTC,42,1736,440246000,1.8275000000000001
2012-04-29 00:00:00 UTC,554,-1558,367410620,14.444722222222225
2012-04-29 00:00:00 UTC,554,-1560,367410620,5.6583333333333332
2012-04-29 00:00:00 UTC,554,-1559,367410620,2.3152777777777778
2012-04-29 00:00:00 UTC,554,-1557,367410620,0.59555555555555562
2012-04-29 00:00:00 UTC,554,-1639,303672000,6.3522222222222222
2012-04-29 00:00:00 UTC,-470,-604,440191000,1.63375
2012-04-29 00:00:00 UTC,-470,-602,440191000,3.2397222222222224
2012-04-29 00:00:00 UTC,-470,-603,440191000,7.4019444444444442
2012-04-29 00:00:00 UTC,-470,-605,440191000,2.3891666666666667
2012-04-29 00:00:00 UTC,43,-1613,440522000,1.9166666666666667
2012-04-29 00:00:00 UTC,43,-1746,441812000,0.94152777777777774
2012-04-29 00:00:00 UTC,43,-15,627006000,1.848611111111111
2012-04-29 00:00:00 UTC,43,-14,627006000,8.7822222222222219
2012-04-29 00:00:00 UTC,43,-1494,440574000,1.6277777777777778
2012-04-29 00:00:00 UTC,43,-1499,440574000,1.1099999999999999
2012-04-29 00:00:00 UTC,43,-1497,440574000,0.90152777777777771
2012-04-29 00:00:00 UTC,43,-1611,440936000,5.1005555555555553
2012-04-29 00:00:00 UTC,43,-1580,440807000,1.733611111111111
2012-04-29 00:00:00 UTC,43,-1524,440612000,0.84847222222222218
2012-04-29 00:00:00 UTC,43,-1561,440236000,1.6656944444444446
2012-04-29 00:00:00 UTC,43,-1562,440236000,1.9159722222222224
2012-04-29 00:00:00 UTC,555,-1639,303672000,4.8891666666666653
2012-04-29 00:00:00 UTC,-469,-583,224732000,1.5831944444444446
2012-04-29 00:00:00 UTC,-469,-659,701006048,3.7241666666666666
2012-04-29 00:00:00 UTC,44,-1747,441812000,1.8108333333333333
2012-04-29 00:00:00 UTC,44,-15,627006000,4.3252777777777771
2012-04-29 00:00:00 UTC,44,-14,627006000,1.5552777777777778
2012-04-29 00:00:00 UTC,44,-1499,440574000,1.4581944444444446
2012-04-29 00:00:00 UTC,44,-1497,440574000,0.91999999999999993
2012-04-29 00:00:00 UTC,44,-1611,440936000,5.274861111111111
2012-04-29 00:00:00 UTC,44,-1581,440807000,3.5318055555555552
2012-04-29 00:00:00 UTC,44,-1524,440612000,1.6027777777777776
2012-04-29 00:00:00 UTC,44,-1561,440236000,1.8205555555555555
2012-04-29 00:00:00 UTC,44,-1562,440236000,2.7231944444444443
2012-04-29 00:00:00 UTC,556,-1642,367033950,3.1545833333333331
2012-04-29 00:00:00 UTC,556,-1641,367033950,9.1365277777777774
2012-04-29 00:00:00 UTC,556,1498,273847400,3.9788888888888887
2012-04-29 00:00:00 UTC,556,-1639,303672000,1.5681944444444444
2012-04-29 00:00:00 UTC,-468,-660,701000960,1.7038888888888888
2012-04-29 00:00:00 UTC,-468,-661,701000960,2.3638888888888889
2012-04-29 00:00:00 UTC,-468,-661,701000539,6.2248611111111112
2012-04-29 00:00:00 UTC,-468,-662,701000615,0.8320833333333334
2012-04-29 00:00:00 UTC,-468,-661,701000615,8.7025
2012-04-29 00:00:00 UTC,-468,-662,701000899,8.5683333333333334
2012-04-29 00:00:00 UTC,-468,-661,701000899,9.3129166666666663
2012-04-29 00:00:00 UTC,-468,-661,701006048,2.9033333333333333
2012-04-29 00:00:00 UTC,-468,-662,701006048,2.3913888888888892
2012-04-29 00:00:00 UTC,45,-1747,441812000,2.5883333333333334
2012-04-29 00:00:00 UTC,45,-1746,441812000,0.6268055555555555
2012-04-29 00:00:00 UTC,45,-15,627006000,1.4747222222222223
2012-04-29 00:00:00 UTC,45,-14,627006000,1.8347222222222221
2012-04-29 00:00:00 UTC,45,-1494,440574000,0.92611111111111111
2012-04-29 00:00:00 UTC,45,-1499,440574000,2.54875
2012-04-29 00:00:00 UTC,45,-1562,440236000,2.6276388888888889
2012-04-29 00:00:00 UTC,45,-1561,440236000,2.5773611111111112
2012-04-29 00:00:00 UTC,45,-1550,441644000,1.8763888888888891
2012-04-29 00:00:00 UTC,557,-1642,367033950,1.5654166666666667
2012-04-29 00:00:00 UTC,557,-1640,367033950,1.6416666666666666
2012-04-29 00:00:00 UTC,557,-1641,367033950,1.3968055555555554
2012-04-29 00:00:00 UTC,557,-1643,367033950,7.2051388888888894
2012-04-29 00:00:00 UTC,557,1499,273847400,10.264583333333333
2012-04-29 00:00:00 UTC,557,1498,273847400,11.270694444444445
2012-04-29 00:00:00 UTC,-467,-660,701000960,0.77222222222222214
2012-04-29 00:00:00 UTC,-467,-662,701000539,4.5494444444444451
2012-04-29 00:00:00 UTC,-467,-661,701000539,5.3388888888888886
2012-04-29 00:00:00 UTC,-467,-660,701000539,0.79444444444444451
2012-04-29 00:00:00 UTC,-467,-661,701000615,1.5973611111111112
2012-04-29 00:00:00 UTC,-467,-661,701006048,15.098055555555558
2012-04-29 00:00:00 UTC,46,-1748,441812000,1.9016666666666666
2012-04-29 00:00:00 UTC,46,-1747,441812000,0.92708333333333337
2012-04-29 00:00:00 UTC,46,-1499,440574000,0.92902777777777779
2012-04-29 00:00:00 UTC,46,-1494,440574000,0.77666666666666662
2012-04-29 00:00:00 UTC,46,-1561,440236000,1.797361111111111
2012-04-29 00:00:00 UTC,46,-1562,440236000,1.63875
2012-04-29 00:00:00 UTC,46,-1550,441644000,1.7695833333333333
2012-04-29 00:00:00 UTC,558,-1634,341003073,10.44
2012-04-29 00:00:00 UTC,558,-1635,341003073,3.1988888888888884
2012-04-29 00:00:00 UTC,558,-1634,338140000,1.40375
2012-04-29 00:00:00 UTC,558,-1635,338140000,1.6054166666666667
2012-04-29 00:00:00 UTC,558,-1636,338140000,2.43
2012-04-29 00:00:00 UTC,-466,-658,701006094,6.4998611111111115
2012-04-29 00:00:00 UTC,-466,-661,701000539,1.5995833333333334
2012-04-29 00:00:00 UTC,-466,-660,701000539,5.6390277777777778
2012-04-29 00:00:00 UTC,-466,-658,701006471,13.436944444444444
2012-04-29 00:00:00 UTC,-466,-659,701006471,10.182222222222222
2012-04-29 00:00:00 UTC,47,-1746,441812000,1.8858333333333333
2012-04-29 00:00:00 UTC,47,-1747,441812000,2.6720833333333331
2012-04-29 00:00:00 UTC,47,-1494,440574000,0.87819444444444439
2012-04-29 00:00:00 UTC,47,-1613,440936000,2.0998611111111112
2012-04-29 00:00:00 UTC,47,-1562,440236000,4.0618055555555559
2012-04-29 00:00:00 UTC,47,-1561,440236000,1.77875
2012-04-29 00:00:00 UTC,47,-1550,441644000,1.8831944444444444
2012-04-29 00:00:00 UTC,47,-1554,441644000,5.2686111111111114
2012-04-29 00:00:00 UTC,47,-1552,441644000,1.171111111111111
2012-04-29 00:00:00 UTC,47,-1553,441644000,1.4681944444444444
2012-04-29 00:00:00 UTC,47,-1555,441644000,1.8611111111111112
2012-04-29 00:00:00 UTC,47,-1557,576363000,1.8123611111111111
2012-04-29 00:00:00 UTC,559,-1635,341003073,5.632083333333334
2012-04-29 00:00:00 UTC,559,-1634,341003073,2.2454166666666664
2012-04-29 00:00:00 UTC,559,-1633,341003073,2.3002777777777776
2012-04-29 00:00:00 UTC,559,-1646,367068230,1.84125
2012-04-29 00:00:00 UTC,559,-1645,367068230,12.129027777777779
2012-04-29 00:00:00 UTC,559,-1641,367068230,0.75277777777777777
2012-04-29 00:00:00 UTC,559,-1540,366542920,3.8012499999999996
2012-04-29 00:00:00 UTC,559,-1633,338140000,1.415
2012-04-29 00:00:00 UTC,559,1665,273847700,1.3986111111111112
2012-04-29 00:00:00 UTC,559,1435,273350810,6.396527777777778
2012-04-29 00:00:00 UTC,559,1436,273350810,6.3943055555555564
2012-04-29 00:00:00 UTC,48,-519,745001500,1.6251388888888889
2012-04-29 00:00:00 UTC,48,-1747,441812000,1.7305555555555556
2012-04-29 00:00:00 UTC,48,-1748,441812000,1.8206944444444444
2012-04-29 00:00:00 UTC,48,-15,627006000,1.7169444444444446
2012-04-29 00:00:00 UTC,48,-14,627006000,1.7848611111111112
2012-04-29 00:00:00 UTC,48,-1494,440574000,1.3094444444444444
2012-04-29 00:00:00 UTC,48,-517,745000500,3.3738888888888887
2012-04-29 00:00:00 UTC,48,-518,745000500,3.5779166666666664
2012-04-29 00:00:00 UTC,48,-516,745000500,1.8290277777777777
2012-04-29 00:00:00 UTC,48,-1613,440936000,2.7002777777777776
2012-04-29 00:00:00 UTC,48,-518,745004100,0.90013888888888893
2012-04-29 00:00:00 UTC,48,-517,745004100,5.9504166666666665
2012-04-29 00:00:00 UTC,48,-518,745002600,5.5676388888888892
2012-04-29 00:00:00 UTC,48,-519,745002600,1.7112500000000002
2012-04-29 00:00:00 UTC,48,-7,627001000,1.7970833333333334
2012-04-29 00:00:00 UTC,48,-1562,440236000,1.4772222222222222
2012-04-29 00:00:00 UTC,48,-1561,440236000,1.5713888888888889
2012-04-29 00:00:00 UTC,48,-1552,441644000,0.53333333333333333
2012-04-29 00:00:00 UTC,48,-1548,441644000,1.6430555555555557
2012-04-29 00:00:00 UTC,48,-1550,441644000,1.57375
2012-04-29 00:00:00 UTC,48,-1551,441644000,0.96513888888888877
2012-04-29 00:00:00 UTC,48,-1558,576363000,3.69625
2012-04-29 00:00:00 UTC,48,-1554,576363000,2.8865277777777778
2012-04-29 00:00:00 UTC,48,-1553,576363000,2.2951388888888888
2012-04-29 00:00:00 UTC,48,-1557,576363000,1.7795833333333333
2012-04-29 00:00:00 UTC,48,-1555,576363000,1.7351388888888888
2012-04-29 00:00:00 UTC,48,-1552,576363000,1.7695833333333333
2012-04-29 00:00:00 UTC,48,-1556,576363000,2.4955555555555557
2012-04-29 00:00:00 UTC,560,-1579,303328000,4.8102777777777774
2012-04-29 00:00:00 UTC,560,-1642,367068230,1.6045833333333333
2012-04-29 00:00:00 UTC,560,-1645,367068230,2.2455555555555557
2012-04-29 00:00:00 UTC,560,-1643,367068230,1.6111111111111109
2012-04-29 00:00:00 UTC,560,-1644,367068230,2.3254166666666665
2012-04-29 00:00:00 UTC,560,-1540,366542920,0.81652777777777785
2012-04-29 00:00:00 UTC,560,-1539,366542920,11.27888888888889
2012-04-29 00:00:00 UTC,560,-1698,367125630,1.3604166666666666
2012-04-29 00:00:00 UTC,560,1501,273816200,1.6054166666666667
2012-04-29 00:00:00 UTC,560,1500,273816200,8.7591666666666654
2012-04-29 00:00:00 UTC,560,1667,273847700,3.2493055555555554
2012-04-29 00:00:00 UTC,560,1666,273847700,7.2554166666666662
2012-04-29 00:00:00 UTC,560,1668,273847700,3.1488888888888891
2012-04-29 00:00:00 UTC,560,1435,273350810,1.4193055555555554
2012-04-29 00:00:00 UTC,560,1434,273350810,4.7600000000000007
2012-04-29 00:00:00 UTC,560,1433,273350810,4.6791666666666671
2012-04-29 00:00:00 UTC,49,-518,745001500,2.7722222222222221
2012-04-29 00:00:00 UTC,49,-519,745001500,1.6320833333333333
2012-04-29 00:00:00 UTC,49,-1748,441812000,1.7252777777777777
2012-04-29 00:00:00 UTC,49,-517,745000500,0.9291666666666667
2012-04-29 00:00:00 UTC,49,-518,745004100,0.97236111111111112
2012-04-29 00:00:00 UTC,49,-517,745002600,4.3468055555555551
2012-04-29 00:00:00 UTC,49,-8,627001000,1.66125
2012-04-29 00:00:00 UTC,49,-519,745000130,2.41125
2012-04-29 00:00:00 UTC,49,-520,745000130,4.9236111111111107
2012-04-29 00:00:00 UTC,49,-1551,441644000,0.79694444444444446
2012-04-29 00:00:00 UTC,49,-1549,441644000,1.6706944444444445
2012-04-29 00:00:00 UTC,49,-1555,441644000,1.8168055555555556
2012-04-29 00:00:00 UTC,49,-1552,441644000,1.3447222222222224
2012-04-29 00:00:00 UTC,49,-1552,576363000,5.4095833333333339
2012-04-29 00:00:00 UTC,49,-1554,576363000,1.6648611111111111
2012-04-29 00:00:00 UTC,561,-1579,303328000,2.943194444444444
2012-04-29 00:00:00 UTC,561,1499,273356070,5.6044444444444448
2012-04-29 00:00:00 UTC,561,-1696,367083630,16.956805555555555
2012-04-29 00:00:00 UTC,561,-1697,367083630,6.41236111111111
2012-04-29 00:00:00 UTC,561,-1695,367083630,0.74041666666666672
2012-04-29 00:00:00 UTC,561,-1699,367125630,13.837361111111113
2012-04-29 00:00:00 UTC,561,-1696,367125630,1.6191666666666666
2012-04-29 00:00:00 UTC,561,-1698,367125630,2.2359722222222222
2012-04-29 00:00:00 UTC,561,-1700,367125630,1.8544444444444443
2012-04-29 00:00:00 UTC,561,-1697,367125630,3.2227777777777775
2012-04-29 00:00:00 UTC,561,1501,273816200,5.618611111111111
2012-04-29 00:00:00 UTC,50,-517,745001500,1.2830555555555556
2012-04-29 00:00:00 UTC,50,-518,745001500,1.8223611111111111
2012-04-29 00:00:00 UTC,50,-1748,441812000,1.3151388888888889
2012-04-29 00:00:00 UTC,50,-1747,441812000,2.5311111111111111
2012-04-29 00:00:00 UTC,50,-517,745000500,1.2634722222222223
2012-04-29 00:00:00 UTC,50,-516,745000500,1.5788888888888888
2012-04-29 00:00:00 UTC,50,-1602,440787000,1.9248611111111111
2012-04-29 00:00:00 UTC,50,-1604,440787000,1.8238888888888889
2012-04-29 00:00:00 UTC,50,-1603,440787000,1.775
2012-04-29 00:00:00 UTC,50,-517,745004100,1.3356944444444445
2012-04-29 00:00:00 UTC,50,-516,745004100,1.8541666666666667
2012-04-29 00:00:00 UTC,50,-1539,440504000,1.7081944444444446
2012-04-29 00:00:00 UTC,51,-1494,440574000,1.7113888888888888
2012-04-29 00:00:00 UTC,51,-1602,440787000,2.3456944444444443
2012-04-29 00:00:00 UTC,51,-516,745002600,1.8209722222222222
2012-04-29 00:00:00 UTC,51,-1536,440504000,0.53486111111111112
2012-04-29 00:00:00 UTC,51,-1537,440504000,0.93888888888888888
2012-04-29 00:00:00 UTC,51,-1535,440504000,0.15402777777777776
2012-04-29 00:00:00 UTC,51,-519,745000130,3.6638888888888888
2012-04-29 00:00:00 UTC,563,-1663,367124070,0.79166666666666674
2012-04-29 00:00:00 UTC,563,-1705,302348424,8.829583333333332
2012-04-29 00:00:00 UTC,563,-1704,302348424,5.3504166666666659
2012-04-29 00:00:00 UTC,563,-1708,302348424,10.687916666666668
2012-04-29 00:00:00 UTC,52,-517,745001500,3.4820833333333332
2012-04-29 00:00:00 UTC,52,-516,745001500,1.8320833333333333
2012-04-29 00:00:00 UTC,52,-515,745000500,3.6820833333333338
2012-04-29 00:00:00 UTC,52,-516,745000500,8.1016666666666666
2012-04-29 00:00:00 UTC,52,-1601,440787000,1.5238888888888891
2012-04-29 00:00:00 UTC,52,-516,745004100,1.8069444444444445
2012-04-29 00:00:00 UTC,52,-515,745004100,11.96875
2012-04-29 00:00:00 UTC,52,-516,745002600,4.1393055555555556
2012-04-29 00:00:00 UTC,52,-515,745002600,2.7572222222222225
2012-04-29 00:00:00 UTC,52,-1511,440847000,1.8434722222222222
2012-04-29 00:00:00 UTC,52,-1515,440847000,1.3334722222222224
2012-04-29 00:00:00 UTC,52,-1514,440847000,0.7040277777777777
2012-04-29 00:00:00 UTC,52,-1510,440847000,3.4749999999999996
2012-04-29 00:00:00 UTC,52,-1517,440847000,1.8163888888888891
2012-04-29 00:00:00 UTC,52,-1512,440847000,3.0166666666666666
2012-04-29 00:00:00 UTC,52,-1513,440847000,0.59569444444444442
2012-04-29 00:00:00 UTC,52,-1516,440847000,0.97777777777777786
2012-04-29 00:00:00 UTC,52,-1533,440504000,0.89333333333333331
2012-04-29 00:00:00 UTC,52,-1532,440504000,0.73222222222222222
2012-04-29 00:00:00 UTC,52,-1535,440504000,0.64041666666666663
2012-04-29 00:00:00 UTC,52,-517,745000130,9.3706944444444442
2012-04-29 00:00:00 UTC,52,-518,745000130,3.6206944444444442
2012-04-29 00:00:00 UTC,52,-1517,441014000,1.7669444444444444
2012-04-29 00:00:00 UTC,564,-1663,367124070,0.78069444444444447
2012-04-29 00:00:00 UTC,564,-1660,366864000,0.73055555555555562
2012-04-29 00:00:00 UTC,-460,-651,701000947,5.7933333333333339
2012-04-29 00:00:00 UTC,53,-515,745001500,1.8516666666666666
2012-04-29 00:00:00 UTC,53,-516,745001500,7.5176388888888885
2012-04-29 00:00:00 UTC,53,-1601,440787000,1.5234722222222223
2012-04-29 00:00:00 UTC,53,-517,745002600,4.52625
2012-04-29 00:00:00 UTC,53,-1513,440847000,1.5759722222222221
2012-04-29 00:00:00 UTC,53,-1514,440847000,1.4708333333333332
2012-04-29 00:00:00 UTC,53,-1516,440847000,2.4906944444444443
2012-04-29 00:00:00 UTC,53,-1515,440847000,2.6198611111111112
2012-04-29 00:00:00 UTC,53,-1517,440847000,2.7829166666666665
2012-04-29 00:00:00 UTC,53,-1533,440504000,0.9875
2012-04-29 00:00:00 UTC,53,-1532,440504000,0.89861111111111114
2012-04-29 00:00:00 UTC,53,-1530,440504000,3.4933333333333332
2012-04-29 00:00:00 UTC,53,-1531,440504000,1.8277777777777779
2012-04-29 00:00:00 UTC,53,-518,745000130,1.8069444444444445
2012-04-29 00:00:00 UTC,53,-1517,441014000,1.902222222222222
2012-04-29 00:00:00 UTC,53,-1511,441014000,1.8977777777777778
2012-04-29 00:00:00 UTC,53,-1516,441014000,4.2470833333333333
2012-04-29 00:00:00 UTC,53,-1514,441014000,2.6872222222222222
2012-04-29 00:00:00 UTC,53,-1510,441014000,3.4466666666666663
2012-04-29 00:00:00 UTC,53,-1513,441014000,2.2652777777777775
2012-04-29 00:00:00 UTC,53,-1518,441014000,1.8993055555555558
2012-04-29 00:00:00 UTC,53,-1512,441014000,2.8438888888888885
2012-04-29 00:00:00 UTC,53,-1515,441014000,2.6641666666666666
2012-04-29 00:00:00 UTC,565,1501,273356070,5.6184722222222216
2012-04-29 00:00:00 UTC,565,-1716,366909240,5.6511111111111108
2012-04-29 00:00:00 UTC,565,-1708,367124050,1.3830555555555555
2012-04-29 00:00:00 UTC,565,-1713,367124050,5.6711111111111112
2012-04-29 00:00:00 UTC,565,-1714,367124050,1.0731944444444443
2012-04-29 00:00:00 UTC,565,-1716,303546000,1.1609722222222223
2012-04-29 00:00:00 UTC,565,-1717,303546000,0.7695833333333334
2012-04-29 00:00:00 UTC,565,1520,273899200,5.3447222222222219
2012-04-29 00:00:00 UTC,-459,514,226095000,1.4341666666666666
2012-04-29 00:00:00 UTC,-459,513,226095000,1.5593055555555555
2012-04-29 00:00:00 UTC,-459,-650,701000947,6.1977777777777776
2012-04-29 00:00:00 UTC,-459,-651,701000947,10.577638888888888
2012-04-29 00:00:00 UTC,54,-1600,440787000,1.8915277777777777
2012-04-29 00:00:00 UTC,54,-1599,440787000,1.72375
2012-04-29 00:00:00 UTC,54,-1534,440504000,3.3193055555555557
2012-04-29 00:00:00 UTC,54,-1533,440504000,1.5766666666666667
2012-04-29 00:00:00 UTC,54,-1535,440504000,1.1104166666666666
2012-04-29 00:00:00 UTC,566,-1714,368608000,6.7626388888888895
2012-04-29 00:00:00 UTC,566,-1713,368608000,4.6023611111111116
2012-04-29 00:00:00 UTC,566,-1718,367463190,0.7475
2012-04-29 00:00:00 UTC,566,-1713,367308320,7.22625
2012-04-29 00:00:00 UTC,566,-1717,366909240,1.6305555555555555
2012-04-29 00:00:00 UTC,566,-1715,366909240,5.6484722222222219
2012-04-29 00:00:00 UTC,566,-1716,366909240,3.0668055555555553
2012-04-29 00:00:00 UTC,566,-1715,366845000,2.6038888888888887
2012-04-29 00:00:00 UTC,566,-1716,366845000,2.2119444444444443
2012-04-29 00:00:00 UTC,566,-1713,367124050,2.3915277777777777
2012-04-29 00:00:00 UTC,566,-1714,367124050,8.0040277777777789
2012-04-29 00:00:00 UTC,566,-1715,367124050,1.548888888888889
2012-04-29 00:00:00 UTC,566,-1712,367124050,1.4151388888888889
2012-04-29 00:00:00 UTC,566,-1716,367302760,1.611388888888889
2012-04-29 00:00:00 UTC,566,-1713,367045260,1.379861111111111
2012-04-29 00:00:00 UTC,566,-1715,367045260,8.7861111111111114
2012-04-29 00:00:00 UTC,566,-1714,367045260,2.4120833333333334
2012-04-29 00:00:00 UTC,566,-1716,303546000,4.7302777777777782
2012-04-29 00:00:00 UTC,566,-1715,303546000,10.496944444444445
2012-04-29 00:00:00 UTC,566,-1714,43676060,8.7873611111111121
2012-04-29 00:00:00 UTC,566,-1717,43676060,1.610972222222222
2012-04-29 00:00:00 UTC,566,-1716,43676060,0.78625
2012-04-29 00:00:00 UTC,566,-1715,43676060,3.5372222222222218
2012-04-29 00:00:00 UTC,566,-1714,367630000,9.15388888888889
2012-04-29 00:00:00 UTC,566,-1663,367149760,0.83958333333333335
2012-04-29 00:00:00 UTC,566,-1662,367149760,0.43222222222222223
2012-04-29 00:00:00 UTC,566,-1661,367149760,1.4004166666666664
2012-04-29 00:00:00 UTC,566,1523,273899200,3.8358333333333334
2012-04-29 00:00:00 UTC,566,1522,273899200,1.5265277777777777
2012-04-29 00:00:00 UTC,566,117,220205000,0.87402777777777774
2012-04-29 00:00:00 UTC,566,-1715,303628000,0.75694444444444442
2012-04-29 00:00:00 UTC,-458,-650,701000947,1.5736111111111111
2012-04-29 00:00:00 UTC,55,-1598,440787000,1.8723611111111111
2012-04-29 00:00:00 UTC,55,-1535,440504000,1.2666666666666666
2012-04-29 00:00:00 UTC,55,-1536,440504000,0.92027777777777775
2012-04-29 00:00:00 UTC,55,-1537,440504000,4.5704166666666666
2012-04-29 00:00:00 UTC,567,-1714,368608000,8.8052777777777784
2012-04-29 00:00:00 UTC,567,-1716,368608000,3.1602777777777775
2012-04-29 00:00:00 UTC,567,-1715,368608000,0.76291666666666669
2012-04-29 00:00:00 UTC,567,-1717,367132160,6.5159722222222216
2012-04-29 00:00:00 UTC,567,-1718,367132160,1.5894444444444442
2012-04-29 00:00:00 UTC,567,-1717,367463190,0.77361111111111114
2012-04-29 00:00:00 UTC,567,-1715,367308320,1.5890277777777777
2012-04-29 00:00:00 UTC,567,-1714,367308320,0.7975000000000001
2012-04-29 00:00:00 UTC,567,1502,273356070,1.63625
2012-04-29 00:00:00 UTC,567,-1716,366270000,6.4926388888888882
2012-04-29 00:00:00 UTC,567,-1715,366270000,0.75138888888888888
2012-04-29 00:00:00 UTC,567,-1716,303426100,1.3597222222222223
2012-04-29 00:00:00 UTC,567,-1717,303426100,1.5779166666666669
2012-04-29 00:00:00 UTC,567,-1716,366845000,16.052916666666668
2012-04-29 00:00:00 UTC,567,-1716,367011410,0.7416666666666667
2012-04-29 00:00:00 UTC,567,-1717,367302760,0.83611111111111114
2012-04-29 00:00:00 UTC,567,-1716,367302760,5.297083333333334
2012-04-29 00:00:00 UTC,567,-1714,367045260,2.7118055555555558
2012-04-29 00:00:00 UTC,567,-1715,367045260,8.78625
2012-04-29 00:00:00 UTC,567,-1718,367094420,6.4800000000000013
2012-04-29 00:00:00 UTC,567,-1717,367094420,3.545
2012-04-29 00:00:00 UTC,567,-1715,43676060,0.76333333333333342
2012-04-29 00:00:00 UTC,567,-1714,43676060,8.6048611111111111
2012-04-29 00:00:00 UTC,567,-1715,367630000,0.85027777777777791
2012-04-29 00:00:00 UTC,567,-1713,367630000,0.7597222222222223
2012-04-29 00:00:00 UTC,567,-1714,367630000,13.3625
2012-04-29 00:00:00 UTC,567,1522,273899200,1.6420833333333333
2012-04-29 00:00:00 UTC,567,1523,273899200,6.3930555555555557
2012-04-29 00:00:00 UTC,567,118,220205000,1.2393055555555557
2012-04-29 00:00:00 UTC,567,-1717,303628000,1.577638888888889
2012-04-29 00:00:00 UTC,567,-1713,303628000,2.3580555555555556
2012-04-29 00:00:00 UTC,567,-1716,303628000,6.513749999999999
2012-04-29 00:00:00 UTC,567,-1715,303628000,7.9925000000000006
2012-04-29 00:00:00 UTC,-457,510,226095000,1.6052777777777778
2012-04-29 00:00:00 UTC,-457,508,226095000,5.6625
2012-04-29 00:00:00 UTC,-457,509,226095000,0.7779166666666667
2012-04-29 00:00:00 UTC,-201,99,432458000,3.2448611111111112
2012-04-29 00:00:00 UTC,568,-1718,367132160,11.169444444444444
2012-04-29 00:00:00 UTC,568,-1717,367132160,2.3119444444444448
2012-04-29 00:00:00 UTC,568,-1717,367463190,5.6747222222222229
2012-04-29 00:00:00 UTC,568,-1711,367308320,0.99625
2012-04-29 00:00:00 UTC,568,-1716,366270000,0.76958333333333329
2012-04-29 00:00:00 UTC,568,-1718,366270000,7.9248611111111114
2012-04-29 00:00:00 UTC,568,-1717,366270000,2.3948611111111111
2012-04-29 00:00:00 UTC,568,-1716,303426100,2.4363888888888887
2012-04-29 00:00:00 UTC,568,-1717,303426100,8.2893055555555559
2012-04-29 00:00:00 UTC,568,-1714,303426100,7.236250000000001
2012-04-29 00:00:00 UTC,568,-1716,367011410,0.96138888888888885
2012-04-29 00:00:00 UTC,568,-1715,367011410,1.9402777777777773
2012-04-29 00:00:00 UTC,568,-1718,367302760,1.5330555555555558
2012-04-29 00:00:00 UTC,568,-1720,367302760,7.2195833333333326
2012-04-29 00:00:00 UTC,568,-1717,367302760,0.77916666666666667
2012-04-29 00:00:00 UTC,568,-1719,367302760,5.6820833333333329
2012-04-29 00:00:00 UTC,568,-1708,366906730,7.295694444444444
2012-04-29 00:00:00 UTC,568,-1716,303462000,15.750694444444445
2012-04-29 00:00:00 UTC,568,-1718,367094420,3.7973611111111105
2012-04-29 00:00:00 UTC,568,-1717,367094420,10.30625
2012-04-29 00:00:00 UTC,568,-1537,367359170,0.34277777777777774
2012-04-29 00:00:00 UTC,-200,100,432458000,4.9504166666666665
2012-04-29 00:00:00 UTC,569,-1718,367132160,1.0955555555555556
2012-04-29 00:00:00 UTC,569,-1717,367132160,1.4129166666666664
2012-04-29 00:00:00 UTC,569,1502,273356070,3.765138888888889
2012-04-29 00:00:00 UTC,569,-1718,366270000,0.85708333333333331
2012-04-29 00:00:00 UTC,569,-1717,367011410,0.7525
2012-04-29 00:00:00 UTC,569,-1718,367011410,2.3208333333333333
2012-04-29 00:00:00 UTC,569,-1715,367011410,0.76791666666666658
2012-04-29 00:00:00 UTC,569,-1717,367302760,0.7763888888888888
2012-04-29 00:00:00 UTC,569,-1707,366906730,1.5472222222222221
2012-04-29 00:00:00 UTC,569,-1716,303457000,1.8718055555555557
2012-04-29 00:00:00 UTC,-455,-650,701006385,3.2422222222222219
2012-04-29 00:00:00 UTC,-455,507,226095000,8.1847222222222218
2012-04-29 00:00:00 UTC,-199,101,432458000,1.9015277777777779
2012-04-29 00:00:00 UTC,58,-1602,440704000,2.2833333333333337
2012-04-29 00:00:00 UTC,58,-1600,440704000,1.8900000000000001
2012-04-29 00:00:00 UTC,58,-1605,440704000,1.7666666666666666
2012-04-29 00:00:00 UTC,58,-1603,440704000,1.8279166666666664
2012-04-29 00:00:00 UTC,58,-1606,440704000,3.512777777777778
2012-04-29 00:00:00 UTC,58,-1604,440704000,1.7038888888888888
2012-04-29 00:00:00 UTC,58,-1601,440704000,1.5220833333333332
2012-04-29 00:00:00 UTC,58,-1599,440704000,1.7220833333333334
2012-04-29 00:00:00 UTC,58,-1598,440704000,2.8336111111111113
2012-04-29 00:00:00 UTC,58,1763,441047000,0.63722222222222225
2012-04-29 00:00:00 UTC,58,1762,441047000,0.31388888888888888
2012-04-29 00:00:00 UTC,58,1764,441047000,0.77083333333333326
2012-04-29 00:00:00 UTC,58,1765,441047000,1.3979166666666667
2012-04-29 00:00:00 UTC,570,1502,273356070,0.80277777777777781
2012-04-29 00:00:00 UTC,570,-1727,367154110,23.801944444444448
2012-04-29 00:00:00 UTC,570,-1714,303457000,10.908194444444444
2012-04-29 00:00:00 UTC,570,-1715,303457000,5.6644444444444453
2012-04-29 00:00:00 UTC,-454,-651,701006385,9.3531944444444441
2012-04-29 00:00:00 UTC,-454,-650,701006385,6.2480555555555553
2012-04-29 00:00:00 UTC,-198,101,432458000,3.7775
2012-04-29 00:00:00 UTC,-198,-6,224267000,1.82625
2012-04-29 00:00:00 UTC,-198,-4,224267000,4.3265277777777778
2012-04-29 00:00:00 UTC,59,-1598,440704000,0.79319444444444454
2012-04-29 00:00:00 UTC,59,1762,441047000,0.7747222222222222
2012-04-29 00:00:00 UTC,-197,101,432458000,1.1855555555555555
2012-04-29 00:00:00 UTC,-197,1658,540006000,1.6608333333333334
2012-04-29 00:00:00 UTC,-197,1659,540006000,1.7997222222222222
2012-04-29 00:00:00 UTC,60,-1601,440704000,0.78597222222222207
2012-04-29 00:00:00 UTC,60,-1604,440704000,1.8
2012-04-29 00:00:00 UTC,60,-1599,440704000,0.79138888888888892
2012-04-29 00:00:00 UTC,60,-1602,440704000,1.4058333333333333
2012-04-29 00:00:00 UTC,60,-885,371696000,0.8848611111111111
2012-04-29 00:00:00 UTC,60,-886,371696000,3.2501388888888889
2012-04-29 00:00:00 UTC,60,1761,441047000,1.6016666666666666
2012-04-29 00:00:00 UTC,60,1760,441047000,1.75
2012-04-29 00:00:00 UTC,572,1500,273356070,4.6395833333333334
2012-04-29 00:00:00 UTC,572,-1738,303301000,6.4875000000000007
2012-04-29 00:00:00 UTC,572,116,219006971,3.12875
2012-04-29 00:00:00 UTC,-196,101,432458000,2.7106944444444441
2012-04-29 00:00:00 UTC,-196,1657,540006000,5.5172222222222214
2012-04-29 00:00:00 UTC,-196,1658,540006000,3.1856944444444442
2012-04-29 00:00:00 UTC,-196,-10,224267000,0.47222222222222221
2012-04-29 00:00:00 UTC,61,1760,441047000,0.92472222222222222
2012-04-29 00:00:00 UTC,573,1502,273356070,1.55
2012-04-29 00:00:00 UTC,573,-1739,303301000,1.0081944444444444
2012-04-29 00:00:00 UTC,573,-1738,303301000,4.5927777777777781
2012-04-29 00:00:00 UTC,573,117,219003103,3.7595833333333331
2012-04-29 00:00:00 UTC,573,116,219003103,1.475
2012-04-29 00:00:00 UTC,573,116,219006971,0.76750000000000007
2012-04-29 00:00:00 UTC,573,117,219006971,0.52861111111111114
2012-04-29 00:00:00 UTC,-451,-634,701000934,1.3331944444444443
2012-04-29 00:00:00 UTC,-195,-10,224267000,0.62333333333333329
2012-04-29 00:00:00 UTC,62,1760,441047000,2.7920833333333333
2012-04-29 00:00:00 UTC,574,108,219005969,2.2056944444444442
2012-04-29 00:00:00 UTC,574,109,220329000,1.3544444444444443
2012-04-29 00:00:00 UTC,574,108,220329000,1.34375
2012-04-29 00:00:00 UTC,574,113,219006508,0.47472222222222227
2012-04-29 00:00:00 UTC,574,114,219006508,5.4125000000000005
2012-04-29 00:00:00 UTC,574,107,219006301,1.1631944444444446
2012-04-29 00:00:00 UTC,574,106,219006301,0.95305555555555554
2012-04-29 00:00:00 UTC,574,105,219006301,7.6859722222222224
2012-04-29 00:00:00 UTC,574,-1739,303301000,8.09763888888889
2012-04-29 00:00:00 UTC,-194,1654,540006000,4.0005555555555556
2012-04-29 00:00:00 UTC,-194,1653,540006000,5.7804166666666665
2012-04-29 00:00:00 UTC,575,109,219002881,1.2302777777777778
2012-04-29 00:00:00 UTC,575,107,219005969,1.1466666666666667
2012-04-29 00:00:00 UTC,575,108,219005969,0.94819444444444445
2012-04-29 00:00:00 UTC,575,107,220127000,0.70444444444444443
2012-04-29 00:00:00 UTC,575,107,220329000,2.8123611111111115
2012-04-29 00:00:00 UTC,575,108,220329000,1.82375
2012-04-29 00:00:00 UTC,575,109,220329000,2.2401388888888887
2012-04-29 00:00:00 UTC,575,107,219006301,9.4783333333333317
2012-04-29 00:00:00 UTC,575,106,219006301,2.715
2012-04-29 00:00:00 UTC,575,108,220333000,2.4729166666666664
2012-04-29 00:00:00 UTC,575,109,219002827,1.7831944444444445
2012-04-29 00:00:00 UTC,575,108,219002827,0.91375000000000006
2012-04-29 00:00:00 UTC,575,107,219001549,1.0879166666666666
2012-04-29 00:00:00 UTC,575,108,219005941,2.0527777777777776
2012-04-29 00:00:00 UTC,575,109,219005941,0.84930555555555554
2012-04-29 00:00:00 UTC,-193,102,432458000,4.0588888888888892
2012-04-29 00:00:00 UTC,64,1398,431155000,1.8069444444444445
2012-04-29 00:00:00 UTC,64,1760,441047000,2.5905555555555559
2012-04-29 00:00:00 UTC,576,108,219002881,1.1459722222222222
2012-04-29 00:00:00 UTC,576,110,219002881,1.3980555555555556
2012-04-29 00:00:00 UTC,576,109,219002881,2.7918055555555559
2012-04-29 00:00:00 UTC,576,109,220329000,0.70805555555555566
2012-04-29 00:00:00 UTC,576,1513,273825610,1.6141666666666667
2012-04-29 00:00:00 UTC,576,106,219006301,0.50902777777777786
2012-04-29 00:00:00 UTC,576,107,219006301,1.4825
2012-04-29 00:00:00 UTC,576,109,220333000,4.9075000000000006
2012-04-29 00:00:00 UTC,576,110,220333000,1.6908333333333334
2012-04-29 00:00:00 UTC,576,108,220333000,0.78375
2012-04-29 00:00:00 UTC,576,108,219002827,1.3186111111111112
2012-04-29 00:00:00 UTC,576,109,219002827,5.0844444444444443
2012-04-29 00:00:00 UTC,576,107,219001549,2.3233333333333333
2012-04-29 00:00:00 UTC,576,108,219005941,0.58875
2012-04-29 00:00:00 UTC,576,109,219005941,2.2306944444444445
2012-04-29 00:00:00 UTC,65,1760,441047000,1.6691666666666667
2012-04-29 00:00:00 UTC,577,1525,273848610,1.3552777777777778
2012-04-29 00:00:00 UTC,577,100,220349000,0.2
2012-04-29 00:00:00 UTC,577,1513,273825610,11.209861111111111
2012-04-29 00:00:00 UTC,577,1514,273825610,3.1720833333333336
2012-04-29 00:00:00 UTC,577,1525,273438080,1.747638888888889
2012-04-29 00:00:00 UTC,577,99,219343000,5.0888888888888886
2012-04-29 00:00:00 UTC,577,101,219343000,8.2106944444444441
2012-04-29 00:00:00 UTC,577,106,219139000,1.1541666666666668
2012-04-29 00:00:00 UTC,577,1526,273429220,1.36375
2012-04-29 00:00:00 UTC,-191,102,432458000,1.8341666666666667
2012-04-29 00:00:00 UTC,-191,-3,224267000,4.1016666666666666
2012-04-29 00:00:00 UTC,66,1760,441047000,1.1579166666666667
2012-04-29 00:00:00 UTC,578,1524,273848610,5.3444444444444441
2012-04-29 00:00:00 UTC,578,1522,273848610,5.5945833333333335
2012-04-29 00:00:00 UTC,578,1523,273848610,9.55
2012-04-29 00:00:00 UTC,578,1525,273848610,1.0102777777777778
2012-04-29 00:00:00 UTC,578,-1494,367127080,1.6213888888888888
2012-04-29 00:00:00 UTC,578,-1492,367127080,1.5916666666666668
2012-04-29 00:00:00 UTC,578,-1495,367127080,1.5623611111111111
2012-04-29 00:00:00 UTC,578,-1493,367127080,8.7122222222222216
2012-04-29 00:00:00 UTC,578,-1491,367127080,0.35111111111111115
2012-04-29 00:00:00 UTC,578,98,220349000,1.3054166666666664
2012-04-29 00:00:00 UTC,578,100,220349000,3.7706944444444446
2012-04-29 00:00:00 UTC,578,99,220349000,4.09375
2012-04-29 00:00:00 UTC,578,97,220349000,0.68638888888888894
2012-04-29 00:00:00 UTC,578,1512,273825610,1.6016666666666666
2012-04-29 00:00:00 UTC,578,1523,273845610,5.3320833333333333
2012-04-29 00:00:00 UTC,578,1522,273845610,4.685833333333334
2012-04-29 00:00:00 UTC,578,1524,273845610,2.3737500000000002
2012-04-29 00:00:00 UTC,578,1521,273845610,11.191805555555556
2012-04-29 00:00:00 UTC,578,1525,273438080,13.417916666666667
2012-04-29 00:00:00 UTC,578,1523,273438080,3.8429166666666665
2012-04-29 00:00:00 UTC,578,1526,273438080,1.3775
2012-04-29 00:00:00 UTC,578,1524,273438080,1.6318055555555555
2012-04-29 00:00:00 UTC,578,1522,273438080,1.6018055555555555
2012-04-29 00:00:00 UTC,578,1521,273433540,1.5863888888888888
2012-04-29 00:00:00 UTC,578,1522,273433540,2.4063888888888889
2012-04-29 00:00:00 UTC,578,1525,273433540,1.5552777777777778
2012-04-29 00:00:00 UTC,578,1519,273433540,5.6102777777777781
2012-04-29 00:00:00 UTC,578,1526,273433540,1.5426388888888889
2012-04-29 00:00:00 UTC,578,1524,273433540,3.6615277777777777
2012-04-29 00:00:00 UTC,578,1523,273423560,15.926805555555555
2012-04-29 00:00:00 UTC,578,1526,273423560,1.5429166666666667
2012-04-29 00:00:00 UTC,578,1525,273423560,2.3727777777777774
2012-04-29 00:00:00 UTC,578,1524,273423560,3.7534722222222219
2012-04-29 00:00:00 UTC,578,1523,273429220,1.6375
2012-04-29 00:00:00 UTC,578,1522,273429220,13.509722222222221
2012-04-29 00:00:00 UTC,578,1524,273429220,5.536249999999999
2012-04-29 00:00:00 UTC,578,1526,273429220,0.72097222222222213
2012-04-29 00:00:00 UTC,578,1525,273429220,0.84430555555555564
2012-04-29 00:00:00 UTC,578,100,220278000,1.8869444444444445
2012-04-29 00:00:00 UTC,578,97,220278000,0.4
2012-04-29 00:00:00 UTC,578,98,220278000,1.1165277777777778
2012-04-29 00:00:00 UTC,578,99,220278000,1.4866666666666668
2012-04-29 00:00:00 UTC,-190,116,273290500,3.5231944444444445
2012-04-29 00:00:00 UTC,-190,116,376602000,1.8151388888888889
2012-04-29 00:00:00 UTC,-190,116,273291500,3.1266666666666669
2012-04-29 00:00:00 UTC,-190,-2,224267000,1.5622222222222222
2012-04-29 00:00:00 UTC,67,1760,441047000,1.7929166666666667
2012-04-29 00:00:00 UTC,579,-1492,367127080,6.3301388888888894
2012-04-29 00:00:00 UTC,579,-1493,367127080,1.588888888888889
2012-04-29 00:00:00 UTC,579,-1491,367127080,2.3490277777777777
2012-04-29 00:00:00 UTC,579,108,219294000,0.20069444444444445
2012-04-29 00:00:00 UTC,579,107,219294000,3.2298611111111106
2012-04-29 00:00:00 UTC,579,1531,273847110,8.4693055555555539
2012-04-29 00:00:00 UTC,579,1512,273825610,2.9259722222222222
2012-04-29 00:00:00 UTC,579,-144,259474000,4.9694444444444441
2012-04-29 00:00:00 UTC,579,107,219005867,5.65888888888889
2012-04-29 00:00:00 UTC,579,1518,273433540,5.61
2012-04-29 00:00:00 UTC,579,1520,273433540,1.609861111111111
2012-04-29 00:00:00 UTC,579,107,220343000,2.73375
2012-04-29 00:00:00 UTC,579,106,220343000,8.5501388888888883
2012-04-29 00:00:00 UTC,-189,115,273290500,1.5055555555555555
2012-04-29 00:00:00 UTC,-189,116,273290500,4.5813888888888883
2012-04-29 00:00:00 UTC,-189,499,660001400,3.9820833333333332
2012-04-29 00:00:00 UTC,-189,116,376602000,2.3705555555555557
2012-04-29 00:00:00 UTC,-189,115,273291500,4.2745833333333332
2012-04-29 00:00:00 UTC,-189,116,273291500,4.9922222222222228
2012-04-29 00:00:00 UTC,-189,-2,224267000,1.3251388888888886
2012-04-29 00:00:00 UTC,68,-222,431927000,1.7570833333333333
2012-04-29 00:00:00 UTC,68,-224,431927000,3.3125
2012-04-29 00:00:00 UTC,68,-220,431927000,1.7081944444444446
2012-04-29 00:00:00 UTC,68,-223,431927000,2.6540277777777774
2012-04-29 00:00:00 UTC,68,1760,441047000,5.6063888888888886
2012-04-29 00:00:00 UTC,580,107,219294000,3.163472222222222
2012-04-29 00:00:00 UTC,580,106,219294000,2.131388888888889
2012-04-29 00:00:00 UTC,580,1531,273847110,2.2608333333333333
2012-04-29 00:00:00 UTC,580,1532,273847110,11.224722222222223
2012-04-29 00:00:00 UTC,580,1533,273847110,0.88625
2012-04-29 00:00:00 UTC,580,-143,259474000,2.4551388888888885
2012-04-29 00:00:00 UTC,580,-142,259474000,11.791527777777778
2012-04-29 00:00:00 UTC,580,108,265785000,1.2544444444444443
2012-04-29 00:00:00 UTC,580,107,265785000,1.1931944444444444
2012-04-29 00:00:00 UTC,-188,115,273290500,9.53375
2012-04-29 00:00:00 UTC,-188,499,660001400,0.71402777777777782
2012-04-29 00:00:00 UTC,-188,114,273291500,4.3922222222222222
2012-04-29 00:00:00 UTC,-188,115,273291500,7.2694444444444448
2012-04-29 00:00:00 UTC,-188,-2,224267000,1.5451388888888888
2012-04-29 00:00:00 UTC,69,-218,431927000,1.9213888888888888
2012-04-29 00:00:00 UTC,69,-219,431927000,1.6233333333333333
2012-04-29 00:00:00 UTC,581,-1526,367157930,1.1315277777777777
2012-04-29 00:00:00 UTC,-443,-750,725000990,5.6975
2012-04-29 00:00:00 UTC,-187,115,273290500,1.0943055555555556
2012-04-29 00:00:00 UTC,-187,114,273290500,3.4441666666666664
2012-04-29 00:00:00 UTC,-187,-811,224001000,3.2188888888888889
2012-04-29 00:00:00 UTC,-187,-810,224001000,4.1324999999999994
2012-04-29 00:00:00 UTC,-187,-4,224267000,0.67652777777777784
2012-04-29 00:00:00 UTC,-187,-3,224267000,0.43902777777777779
2012-04-29 00:00:00 UTC,582,-1485,367101660,1.9079166666666669
2012-04-29 00:00:00 UTC,-442,-751,725000990,1.56125
2012-04-29 00:00:00 UTC,-442,246,431753000,1.5990277777777777
2012-04-29 00:00:00 UTC,-442,-811,760000380,8.5268055555555549
2012-04-29 00:00:00 UTC,-186,-811,224001000,1.8179166666666666
2012-04-29 00:00:00 UTC,-186,-809,224001000,2.0291666666666668
2012-04-29 00:00:00 UTC,-186,-2,224267000,3.6420833333333333
2012-04-29 00:00:00 UTC,-186,-3,224267000,0.90833333333333333
2012-04-29 00:00:00 UTC,71,1566,431379000,3.7056944444444446
2012-04-29 00:00:00 UTC,583,-1485,367101660,15.799444444444447
2012-04-29 00:00:00 UTC,-441,-753,725000990,6.80125
2012-04-29 00:00:00 UTC,-441,-812,760000380,1.6861111111111113
2012-04-29 00:00:00 UTC,-185,-809,224001000,5.2886111111111109
2012-04-29 00:00:00 UTC,-185,-807,224001000,3.5975
2012-04-29 00:00:00 UTC,-185,-808,224001000,1.9441666666666666
2012-04-29 00:00:00 UTC,584,1549,273810610,1.5812499999999998
2012-04-29 00:00:00 UTC,-440,-753,725000990,7.9225
2012-04-29 00:00:00 UTC,-440,81,440809000,5.733194444444444
2012-04-29 00:00:00 UTC,-440,75,440926000,6.4516666666666662
2012-04-29 00:00:00 UTC,-440,79,431791000,6.52625
2012-04-29 00:00:00 UTC,-440,82,440641000,5.7126388888888879
2012-04-29 00:00:00 UTC,-440,-814,259211000,1.6486111111111112
2012-04-29 00:00:00 UTC,-440,-813,259211000,4.8722222222222218
2012-04-29 00:00:00 UTC,-184,-809,224001000,0.069305555555555551
2012-04-29 00:00:00 UTC,-184,-808,224001000,1.47375
2012-04-29 00:00:00 UTC,73,1558,431379000,0.65152777777777771
2012-04-29 00:00:00 UTC,73,1566,431379000,3.066527777777778
2012-04-29 00:00:00 UTC,585,1558,273895200,3.2140277777777779
2012-04-29 00:00:00 UTC,585,1556,273895200,0.80541666666666667
2012-04-29 00:00:00 UTC,585,1554,273895200,3.9819444444444443
2012-04-29 00:00:00 UTC,585,1557,273895200,0.84680555555555559
2012-04-29 00:00:00 UTC,585,1559,273895200,0.62069444444444444
2012-04-29 00:00:00 UTC,585,1557,273847910,0.87805555555555559
2012-04-29 00:00:00 UTC,585,1552,273825710,0.75416666666666665
2012-04-29 00:00:00 UTC,585,1554,273825710,0.73958333333333326
2012-04-29 00:00:00 UTC,585,1553,273825710,0.75444444444444436
2012-04-29 00:00:00 UTC,585,1554,273339120,1.6600000000000001
2012-04-29 00:00:00 UTC,585,1558,273339120,0.8176388888888888
2012-04-29 00:00:00 UTC,585,1559,273339120,2.3600000000000003
2012-04-29 00:00:00 UTC,585,1555,273339120,3.1525
2012-04-29 00:00:00 UTC,585,1557,273339120,0.73958333333333326
2012-04-29 00:00:00 UTC,-439,-805,413236000,0.852361111111111
2012-04-29 00:00:00 UTC,-439,-806,413236000,0.80069444444444438
2012-04-29 00:00:00 UTC,-439,80,440809000,1.5469444444444442
2012-04-29 00:00:00 UTC,-439,74,440926000,1.5679166666666666
2012-04-29 00:00:00 UTC,-439,-805,576497000,0.813888888888889
2012-04-29 00:00:00 UTC,-439,-806,576497000,0.83888888888888891
2012-04-29 00:00:00 UTC,-439,-806,576496000,1.5743055555555554
2012-04-29 00:00:00 UTC,-439,79,431791000,0.77222222222222225
2012-04-29 00:00:00 UTC,-439,81,440641000,1.5954166666666667
2012-04-29 00:00:00 UTC,74,1566,431379000,1.4013888888888888
2012-04-29 00:00:00 UTC,74,1559,431379000,1.0636111111111113
2012-04-29 00:00:00 UTC,586,1559,273895200,2.98625
2012-04-29 00:00:00 UTC,586,1558,273819510,0.79166666666666674
2012-04-29 00:00:00 UTC,586,1555,273825710,0.75624999999999987
2012-04-29 00:00:00 UTC,586,1558,273825710,1.5470833333333334
2012-04-29 00:00:00 UTC,586,1556,273825710,1.3636111111111111
2012-04-29 00:00:00 UTC,586,1558,273810610,0.62263888888888885
2012-04-29 00:00:00 UTC,586,1556,273810610,3.0919444444444442
2012-04-29 00:00:00 UTC,586,1557,273810610,1.3624999999999998
2012-04-29 00:00:00 UTC,586,1556,273339120,2.265138888888889
2012-04-29 00:00:00 UTC,586,1558,273339120,6.2687499999999989
2012-04-29 00:00:00 UTC,586,1559,273339120,0.77083333333333337
2012-04-29 00:00:00 UTC,586,1555,273339120,5.5956944444444439
2012-04-29 00:00:00 UTC,-438,-805,413236000,1.5844444444444443
2012-04-29 00:00:00 UTC,-438,-805,413235000,0.092916666666666675
2012-04-29 00:00:00 UTC,-438,-806,576497000,0.76111111111111107
2012-04-29 00:00:00 UTC,-438,-805,576497000,3.1974999999999993
2012-04-29 00:00:00 UTC,-438,196,441233000,7.2691666666666661
2012-04-29 00:00:00 UTC,-438,-805,576496000,3.2590277777777774
2012-04-29 00:00:00 UTC,-438,64,432226000,7.5595833333333333
2012-04-29 00:00:00 UTC,-438,-813,259211000,0.72472222222222216
2012-04-29 00:00:00 UTC,-182,500,660001400,4.1804166666666669
2012-04-29 00:00:00 UTC,75,1566,431379000,1.6941666666666668
2012-04-29 00:00:00 UTC,75,-391,441060000,5.0781944444444438
2012-04-29 00:00:00 UTC,75,-389,441060000,4.7798611111111109
2012-04-29 00:00:00 UTC,75,-390,441060000,3.3372222222222221
2012-04-29 00:00:00 UTC,75,-395,441060000,1.8736111111111111
2012-04-29 00:00:00 UTC,587,-1481,367092390,9.5555555555555554
2012-04-29 00:00:00 UTC,587,-1480,367092390,3.1363888888888889
2012-04-29 00:00:00 UTC,587,-1482,367092390,1.4901388888888887
2012-04-29 00:00:00 UTC,-437,-597,701024000,23.6373611111111
2012-04-29 00:00:00 UTC,-437,-805,413236000,0.87680555555555562
2012-04-29 00:00:00 UTC,-437,-806,413236000,0.84444444444444433
2012-04-29 00:00:00 UTC,-437,78,440809000,1.5468055555555553
2012-04-29 00:00:00 UTC,-437,-805,576497000,0.88625
2012-04-29 00:00:00 UTC,-437,-805,576496000,0.56347222222222226
2012-04-29 00:00:00 UTC,-437,-806,576496000,0.75
2012-04-29 00:00:00 UTC,-437,-804,576496000,1.6801388888888891
2012-04-29 00:00:00 UTC,-437,194,441242000,6.4762499999999994
2012-04-29 00:00:00 UTC,-437,77,431791000,1.5529166666666665
2012-04-29 00:00:00 UTC,-437,79,440641000,1.5227777777777778
2012-04-29 00:00:00 UTC,-181,-805,224001000,3.6986111111111111
2012-04-29 00:00:00 UTC,76,1566,431379000,1.4004166666666669
2012-04-29 00:00:00 UTC,76,-396,441060000,0.98319444444444448
2012-04-29 00:00:00 UTC,76,-389,441060000,4.1233333333333331
2012-04-29 00:00:00 UTC,588,1563,273819510,0.88194444444444453
2012-04-29 00:00:00 UTC,588,-1480,367092390,4.862222222222222
2012-04-29 00:00:00 UTC,588,-1481,367092390,0.85736111111111113
2012-04-29 00:00:00 UTC,-436,69,441535000,6.5231944444444441
2012-04-29 00:00:00 UTC,-436,72,440926000,1.5377777777777779
2012-04-29 00:00:00 UTC,-436,-806,576497000,1.2844444444444445
2012-04-29 00:00:00 UTC,-436,-803,576497000,0.81930555555555562
2012-04-29 00:00:00 UTC,-436,196,441233000,2.3698611111111112
2012-04-29 00:00:00 UTC,-436,-807,576496000,0.49013888888888885
2012-04-29 00:00:00 UTC,-436,-809,576496000,0.11958333333333333
2012-04-29 00:00:00 UTC,-436,-808,576496000,0.50152777777777779
2012-04-29 00:00:00 UTC,-436,194,441242000,3.1626388888888886
2012-04-29 00:00:00 UTC,-180,500,660001400,1.8790277777777777
2012-04-29 00:00:00 UTC,77,1566,431379000,0.90291666666666659
2012-04-29 00:00:00 UTC,77,-395,441060000,1.58875
2012-04-29 00:00:00 UTC,77,-394,441060000,4.2695833333333333
2012-04-29 00:00:00 UTC,77,-396,441060000,0.9094444444444445
2012-04-29 00:00:00 UTC,589,1567,273847910,0.78611111111111109
2012-04-29 00:00:00 UTC,589,-1479,367092390,2.3268055555555556
2012-04-29 00:00:00 UTC,589,-1480,367092390,1.90875
2012-04-29 00:00:00 UTC,-435,78,440809000,5.662638888888889
2012-04-29 00:00:00 UTC,-435,72,440926000,5.8040277777777769
2012-04-29 00:00:00 UTC,-435,-812,760000380,0.79569444444444448
2012-04-29 00:00:00 UTC,-435,-804,576496000,0.76055555555555554
2012-04-29 00:00:00 UTC,-435,75,431791000,1.5944444444444443
2012-04-29 00:00:00 UTC,-435,77,431791000,5.9420833333333327
2012-04-29 00:00:00 UTC,-435,64,432226000,1.5393055555555555
2012-04-29 00:00:00 UTC,-435,79,440641000,5.1774999999999993
2012-04-29 00:00:00 UTC,-179,499,660001400,5.535
2012-04-29 00:00:00 UTC,78,1566,431379000,1.5066666666666666
2012-04-29 00:00:00 UTC,590,-1477,367002510,11.863333333333333
2012-04-29 00:00:00 UTC,590,-1475,367002510,7.99375
2012-04-29 00:00:00 UTC,590,-1476,367002510,4.2974999999999994
2012-04-29 00:00:00 UTC,-434,69,441535000,1.5075
2012-04-29 00:00:00 UTC,-434,78,440809000,1.5286111111111111
2012-04-29 00:00:00 UTC,-434,76,440809000,1.6126388888888887
2012-04-29 00:00:00 UTC,-434,-596,701033000,22.457222222222221
2012-04-29 00:00:00 UTC,-434,72,440926000,0.23722222222222222
2012-04-29 00:00:00 UTC,-434,71,440926000,2.0044444444444447
2012-04-29 00:00:00 UTC,-434,70,440926000,1.6487500000000002
2012-04-29 00:00:00 UTC,-434,76,431889000,1.0720833333333333
2012-04-29 00:00:00 UTC,-434,-807,576497000,0.71944444444444444
2012-04-29 00:00:00 UTC,-434,-809,576497000,0.54583333333333339
2012-04-29 00:00:00 UTC,-434,-808,576497000,0.3
2012-04-29 00:00:00 UTC,-434,-811,576497000,0.52055555555555555
2012-04-29 00:00:00 UTC,-434,196,441233000,7.3109722222222215
2012-04-29 00:00:00 UTC,-434,194,441242000,6.5002777777777769
2012-04-29 00:00:00 UTC,-434,77,431791000,2.3722222222222222
2012-04-29 00:00:00 UTC,-434,79,440641000,1.5669444444444447
2012-04-29 00:00:00 UTC,-434,77,440641000,1.6411111111111112
2012-04-29 00:00:00 UTC,-434,-811,259211000,0.5970833333333333
2012-04-29 00:00:00 UTC,-178,498,660001400,3.1062499999999997
2012-04-29 00:00:00 UTC,79,1566,431379000,1.7708333333333333
2012-04-29 00:00:00 UTC,591,-1474,366748340,6.4238888888888894
2012-04-29 00:00:00 UTC,591,-1475,366748340,17.357777777777777
2012-04-29 00:00:00 UTC,-433,77,440809000,1.1208333333333331
2012-04-29 00:00:00 UTC,-433,-596,701033000,0.80694444444444446
2012-04-29 00:00:00 UTC,-433,71,440926000,1.4316666666666666
2012-04-29 00:00:00 UTC,-433,196,441233000,1.8594444444444445
2012-04-29 00:00:00 UTC,-433,76,431791000,0.48055555555555557
2012-04-29 00:00:00 UTC,-433,-814,760119000,0.94027777777777777
2012-04-29 00:00:00 UTC,-433,-815,760119000,4.8736111111111109
2012-04-29 00:00:00 UTC,-433,78,440641000,0.7025
2012-04-29 00:00:00 UTC,-433,79,440641000,0.90430555555555558
2012-04-29 00:00:00 UTC,592,1746,440025000,6.4691666666666663
2012-04-29 00:00:00 UTC,-432,68,441535000,0.48069444444444442
2012-04-29 00:00:00 UTC,-432,69,441535000,6.9468055555555557
2012-04-29 00:00:00 UTC,-432,-812,760000290,0.87652777777777779
2012-04-29 00:00:00 UTC,-432,-813,760000290,4.95
2012-04-29 00:00:00 UTC,-432,75,440809000,1.5984722222222221
2012-04-29 00:00:00 UTC,-432,77,440809000,0.98402777777777772
2012-04-29 00:00:00 UTC,-432,71,440926000,1.6580555555555554
2012-04-29 00:00:00 UTC,-432,-811,760000380,1.3437499999999998
2012-04-29 00:00:00 UTC,-432,195,441242000,2.0223611111111111
2012-04-29 00:00:00 UTC,-432,74,431791000,1.6001388888888886
2012-04-29 00:00:00 UTC,-432,76,431791000,1.4425
2012-04-29 00:00:00 UTC,-432,-588,440100000,7.0365277777777777
2012-04-29 00:00:00 UTC,-432,64,432226000,7.3172222222222221
2012-04-29 00:00:00 UTC,-432,-813,760119000,1.0348611111111112
2012-04-29 00:00:00 UTC,-432,76,440641000,1.5831944444444443
2012-04-29 00:00:00 UTC,-432,78,440641000,1.9188888888888886
2012-04-29 00:00:00 UTC,-431,70,441535000,1.3580555555555556
2012-04-29 00:00:00 UTC,-431,68,441535000,2.2545833333333336
2012-04-29 00:00:00 UTC,-431,-809,760000290,0.31138888888888894
2012-04-29 00:00:00 UTC,-431,-810,760000290,0.52625
2012-04-29 00:00:00 UTC,-431,-811,760000290,1.0638888888888889
2012-04-29 00:00:00 UTC,-431,76,440809000,1.5969444444444445
2012-04-29 00:00:00 UTC,-431,77,440809000,0.96902777777777782
2012-04-29 00:00:00 UTC,-431,69,440926000,1.56125
2012-04-29 00:00:00 UTC,-431,196,441233000,3.9876388888888892
2012-04-29 00:00:00 UTC,-431,196,441242000,0.60236111111111112
2012-04-29 00:00:00 UTC,-431,75,431791000,1.625
2012-04-29 00:00:00 UTC,-431,-588,440100000,2.8845833333333331
2012-04-29 00:00:00 UTC,-431,64,432226000,0.83861111111111108
2012-04-29 00:00:00 UTC,-431,-810,760119000,0.7125
2012-04-29 00:00:00 UTC,-430,70,441535000,2.4141666666666666
2012-04-29 00:00:00 UTC,-430,-811,760000380,0.67611111111111111
2012-04-29 00:00:00 UTC,-430,64,432226000,3.5683333333333334
2012-04-29 00:00:00 UTC,-430,-809,760119000,0.79152777777777783
2012-04-29 00:00:00 UTC,-430,77,440641000,0.80527777777777776
2012-04-29 00:00:00 UTC,-430,78,440641000,0.82180555555555557
2012-04-29 00:00:00 UTC,-174,384,701000702,10.245000000000001
2012-04-29 00:00:00 UTC,-174,383,701000702,2.1366666666666667
2012-04-29 00:00:00 UTC,83,-391,440345000,2.7345833333333331
2012-04-29 00:00:00 UTC,83,-383,440345000,5.1116666666666664
2012-04-29 00:00:00 UTC,595,-67,244309000,14.530555555555555
2012-04-29 00:00:00 UTC,-429,67,441535000,2.4444444444444446
2012-04-29 00:00:00 UTC,-429,-810,760000380,0.71388888888888891
2012-04-29 00:00:00 UTC,-429,194,441242000,3.9569444444444439
2012-04-29 00:00:00 UTC,-429,-583,440100000,1.6795833333333334
2012-04-29 00:00:00 UTC,-429,-582,440100000,1.5654166666666667
2012-04-29 00:00:00 UTC,-429,-587,440100000,2.4069444444444441
2012-04-29 00:00:00 UTC,-429,63,432226000,1.4433333333333334
2012-04-29 00:00:00 UTC,-429,-808,760119000,1.3775
2012-04-29 00:00:00 UTC,-173,-832,224619000,5.333333333333333
2012-04-29 00:00:00 UTC,-173,386,701000702,11.426111111111112
2012-04-29 00:00:00 UTC,84,-383,440345000,4.1405555555555553
2012-04-29 00:00:00 UTC,596,1701,273849210,2.1180555555555554
2012-04-29 00:00:00 UTC,596,1702,273849210,14.257222222222223
2012-04-29 00:00:00 UTC,596,1700,273849210,4.806805555555556
2012-04-29 00:00:00 UTC,596,-67,259247000,14.931944444444444
2012-04-29 00:00:00 UTC,596,-66,259247000,7.9251388888888892
2012-04-29 00:00:00 UTC,-428,-582,440100000,6.2344444444444447
2012-04-29 00:00:00 UTC,-428,64,432226000,1.6336111111111111
2012-04-29 00:00:00 UTC,85,-391,440345000,2.8118055555555554
2012-04-29 00:00:00 UTC,85,-388,440345000,4.8993055555555554
2012-04-29 00:00:00 UTC,85,-406,441070000,1.8097222222222222
2012-04-29 00:00:00 UTC,85,-407,441070000,2.1445833333333333
2012-04-29 00:00:00 UTC,597,246,276787000,8.1123611111111114
2012-04-29 00:00:00 UTC,597,245,276787000,6.01888888888889
2012-04-29 00:00:00 UTC,-427,-809,760000380,0.33208333333333334
2012-04-29 00:00:00 UTC,-427,-810,760000380,0.66097222222222229
2012-04-29 00:00:00 UTC,-427,-586,440100000,2.3836111111111111
2012-04-29 00:00:00 UTC,-171,-832,224619000,1.51125
2012-04-29 00:00:00 UTC,-171,-834,224619000,5.0744444444444445
2012-04-29 00:00:00 UTC,86,-384,440345000,3.8959722222222224
2012-04-29 00:00:00 UTC,86,-385,440345000,1.2944444444444443
2012-04-29 00:00:00 UTC,86,-410,441070000,1.92625
2012-04-29 00:00:00 UTC,86,-409,441070000,0.74861111111111112
2012-04-29 00:00:00 UTC,86,-405,441070000,1.841388888888889
2012-04-29 00:00:00 UTC,86,-408,441070000,1.82375
2012-04-29 00:00:00 UTC,598,-64,218325000,11.81625
2012-04-29 00:00:00 UTC,-426,-809,760000380,0.73041666666666671
2012-04-29 00:00:00 UTC,-170,-834,224619000,0.91680555555555554
2012-04-29 00:00:00 UTC,-170,-832,224619000,1.9773611111111111
2012-04-29 00:00:00 UTC,87,-409,441070000,2.2390277777777774
2012-04-29 00:00:00 UTC,599,-54,218325000,0.78055555555555556
2012-04-29 00:00:00 UTC,599,-67,259178000,11.81111111111111
2012-04-29 00:00:00 UTC,-169,-833,224619000,0.73652777777777778
2012-04-29 00:00:00 UTC,-169,-832,224619000,0.800138888888889
2012-04-29 00:00:00 UTC,88,-411,441070000,2.502361111111111
2012-04-29 00:00:00 UTC,88,-412,441070000,1.8013888888888889
2012-04-29 00:00:00 UTC,88,-413,441070000,1.8570833333333332
2012-04-29 00:00:00 UTC,600,-53,218325000,11.071805555555555
2012-04-29 00:00:00 UTC,-424,-588,701000865,4.9222222222222225
2012-04-29 00:00:00 UTC,-168,-832,224619000,5.306805555555556
2012-04-29 00:00:00 UTC,-168,-831,224619000,2.0313888888888889
2012-04-29 00:00:00 UTC,89,-427,441065000,4.0268055555555557
2012-04-29 00:00:00 UTC,89,-426,441065000,1.909861111111111
2012-04-29 00:00:00 UTC,89,-413,441070000,1.5670833333333332
2012-04-29 00:00:00 UTC,89,-403,441070000,1.8495833333333334
2012-04-29 00:00:00 UTC,601,-40,259178000,11.833333333333332
2012-04-29 00:00:00 UTC,-423,-581,273338720,7.13625
2012-04-29 00:00:00 UTC,-423,-580,273338720,2.7911111111111109
2012-04-29 00:00:00 UTC,-423,-586,701000865,1.275
2012-04-29 00:00:00 UTC,90,-429,441065000,5.3830555555555559
2012-04-29 00:00:00 UTC,90,-425,441065000,2.6952777777777777
2012-04-29 00:00:00 UTC,90,-426,441065000,2.73125
2012-04-29 00:00:00 UTC,90,-407,441070000,1.403888888888889
2012-04-29 00:00:00 UTC,90,-408,441070000,0.77208333333333323
2012-04-29 00:00:00 UTC,90,-411,441070000,0.85138888888888886
2012-04-29 00:00:00 UTC,90,-410,441070000,0.83319444444444446
2012-04-29 00:00:00 UTC,602,-52,231038000,11.81388888888889
2012-04-29 00:00:00 UTC,602,-57,273297500,10.748194444444445
2012-04-29 00:00:00 UTC,602,-56,273297500,11.815416666666668
2012-04-29 00:00:00 UTC,602,-57,251532000,9.9634722222222223
2012-04-29 00:00:00 UTC,-422,-583,701000537,1.6270833333333332
2012-04-29 00:00:00 UTC,-422,-584,701000537,1.6102777777777777
2012-04-29 00:00:00 UTC,-422,-581,273338720,2.0634722222222224
2012-04-29 00:00:00 UTC,-422,-580,273338720,3.2305555555555552
2012-04-29 00:00:00 UTC,-422,-583,701000850,3.8140277777777776
2012-04-29 00:00:00 UTC,-422,-584,701000850,1.5583333333333331
2012-04-29 00:00:00 UTC,-422,-584,701000865,2.95
2012-04-29 00:00:00 UTC,-422,-584,701006026,1.6
2012-04-29 00:00:00 UTC,-166,-817,224392000,3.5754166666666665
2012-04-29 00:00:00 UTC,91,-226,617073000,2.85
2012-04-29 00:00:00 UTC,91,-234,617073000,6.0651388888888889
2012-04-29 00:00:00 UTC,91,-232,617073000,2.7568055555555557
2012-04-29 00:00:00 UTC,91,-231,617073000,4.2222222222222223
2012-04-29 00:00:00 UTC,603,-52,251401000,7.197222222222222
2012-04-29 00:00:00 UTC,603,-51,251401000,5.3611111111111107
2012-04-29 00:00:00 UTC,603,-54,251401000,7.1873611111111106
2012-04-29 00:00:00 UTC,603,-53,231101000,0.76944444444444449
2012-04-29 00:00:00 UTC,603,-49,251463000,3.8970833333333337
2012-04-29 00:00:00 UTC,603,-51,251463000,7.1845833333333333
2012-04-29 00:00:00 UTC,603,-52,251463000,7.1194444444444445
2012-04-29 00:00:00 UTC,603,-52,251439000,1.5081944444444444
2012-04-29 00:00:00 UTC,-421,-583,701000537,1.6466666666666667
2012-04-29 00:00:00 UTC,-421,-582,701000537,3.6815277777777777
2012-04-29 00:00:00 UTC,-421,-580,273338720,5.3186111111111112
2012-04-29 00:00:00 UTC,-421,-579,273338720,3.1902777777777773
2012-04-29 00:00:00 UTC,-421,-582,701000850,1.6554166666666665
2012-04-29 00:00:00 UTC,-421,-583,701000865,0.82111111111111112
2012-04-29 00:00:00 UTC,-421,-584,701000865,3.0413888888888887
2012-04-29 00:00:00 UTC,-421,-583,701006026,1.5709722222222222
2012-04-29 00:00:00 UTC,-421,-584,701006026,3.14875
2012-04-29 00:00:00 UTC,-421,-803,760119000,0.12652777777777779
2012-04-29 00:00:00 UTC,-165,-818,224392000,1.5680555555555555
2012-04-29 00:00:00 UTC,92,-423,441065000,5.9033333333333333
2012-04-29 00:00:00 UTC,92,-245,431038000,1.8765277777777778
2012-04-29 00:00:00 UTC,92,-246,431038000,3.6531944444444449
2012-04-29 00:00:00 UTC,92,-226,617073000,2.69875
2012-04-29 00:00:00 UTC,92,-228,617073000,2.9763888888888888
2012-04-29 00:00:00 UTC,92,-230,617073000,3.8890277777777778
2012-04-29 00:00:00 UTC,604,-49,231038000,11.009583333333333
2012-04-29 00:00:00 UTC,604,-51,231038000,1.5556944444444445
2012-04-29 00:00:00 UTC,604,-48,251463000,4.6125
2012-04-29 00:00:00 UTC,-420,-581,701000537,6.8272222222222219
2012-04-29 00:00:00 UTC,-420,-581,701000850,1.5161111111111112
2012-04-29 00:00:00 UTC,-420,-583,701000865,2.9222222222222221
2012-04-29 00:00:00 UTC,-420,-582,701000865,2.5041666666666664
2012-04-29 00:00:00 UTC,-420,-583,701006026,1.3318055555555555
2012-04-29 00:00:00 UTC,-420,-582,701006026,2.9890277777777774
2012-04-29 00:00:00 UTC,-420,-70,416019700,1.0716666666666668
2012-04-29 00:00:00 UTC,-164,-819,224392000,1.973611111111111
2012-04-29 00:00:00 UTC,93,-244,431038000,1.6122222222222222
2012-04-29 00:00:00 UTC,93,-245,431038000,1.44
2012-04-29 00:00:00 UTC,93,-243,431038000,2.4809722222222215
2012-04-29 00:00:00 UTC,-419,-581,701000543,3.1680555555555552
2012-04-29 00:00:00 UTC,-419,-580,701000850,0.80819444444444444
2012-04-29 00:00:00 UTC,-419,-581,701000865,5.6595833333333339
2012-04-29 00:00:00 UTC,-419,-581,701006026,11.056527777777777
2012-04-29 00:00:00 UTC,-419,-580,701006026,0.80125
2012-04-29 00:00:00 UTC,94,-240,431038000,0.93333333333333346
2012-04-29 00:00:00 UTC,94,-242,431038000,1.8298611111111114
2012-04-29 00:00:00 UTC,94,-238,431038000,1.4023611111111112
2012-04-29 00:00:00 UTC,94,-241,431038000,0.535
2012-04-29 00:00:00 UTC,94,1799,441660000,1.4045833333333331
2012-04-29 00:00:00 UTC,94,1797,441660000,0.97652777777777788
2012-04-29 00:00:00 UTC,94,1798,441660000,1.8402777777777779
2012-04-29 00:00:00 UTC,94,-1788,441090000,1.577638888888889
2012-04-29 00:00:00 UTC,-418,-801,760000290,0.76930555555555558
2012-04-29 00:00:00 UTC,-418,-578,701000543,2.4074999999999998
2012-04-29 00:00:00 UTC,-418,-579,701006026,0.77972222222222221
2012-04-29 00:00:00 UTC,-418,-580,701006026,0.41263888888888889
2012-04-29 00:00:00 UTC,-162,-818,224392000,3.7263888888888892
2012-04-29 00:00:00 UTC,-162,-900,224581000,1.8206944444444444
2012-04-29 00:00:00 UTC,-162,-899,224581000,0.53736111111111118
2012-04-29 00:00:00 UTC,-162,-903,224581000,1.8195833333333333
2012-04-29 00:00:00 UTC,-162,-898,224581000,1.515
2012-04-29 00:00:00 UTC,-162,-897,224581000,0.846111111111111
2012-04-29 00:00:00 UTC,95,-235,431038000,1.8059722222222221
2012-04-29 00:00:00 UTC,95,1795,441043000,5.8227777777777776
2012-04-29 00:00:00 UTC,95,1797,441043000,2.9686111111111111
2012-04-29 00:00:00 UTC,95,1798,441043000,1.077638888888889
2012-04-29 00:00:00 UTC,95,1796,441660000,3.7516666666666665
2012-04-29 00:00:00 UTC,95,1799,441660000,3.3730555555555553
2012-04-29 00:00:00 UTC,95,1797,441660000,1.41375
2012-04-29 00:00:00 UTC,95,-1789,441090000,0.72888888888888892
2012-04-29 00:00:00 UTC,95,-1792,441090000,0.87847222222222221
2012-04-29 00:00:00 UTC,95,-1790,441090000,0.87236111111111114
2012-04-29 00:00:00 UTC,95,-1793,441090000,1.3534722222222222
2012-04-29 00:00:00 UTC,-417,387,432426000,5.5819444444444439
2012-04-29 00:00:00 UTC,-417,386,432426000,2.6643055555555555
2012-04-29 00:00:00 UTC,-417,-577,701000543,5.6784722222222221
2012-04-29 00:00:00 UTC,-417,-578,701000543,2.9643055555555557
2012-04-29 00:00:00 UTC,-417,-578,701006026,4.9052777777777772
2012-04-29 00:00:00 UTC,-417,-579,701006026,0.87583333333333335
2012-04-29 00:00:00 UTC,-161,-820,224392000,2.04
2012-04-29 00:00:00 UTC,-161,-907,224581000,2.0613888888888887
2012-04-29 00:00:00 UTC,-161,-903,224581000,3.560138888888889
2012-04-29 00:00:00 UTC,-161,-905,224581000,2.0273611111111114
2012-04-29 00:00:00 UTC,-161,-906,224581000,1.8197222222222222
2012-04-29 00:00:00 UTC,-161,-902,224581000,4.49875
2012-04-29 00:00:00 UTC,-161,-904,224581000,1.5456944444444443
2012-04-29 00:00:00 UTC,96,-240,431038000,0.57597222222222222
2012-04-29 00:00:00 UTC,96,-235,431038000,1.7972222222222221
2012-04-29 00:00:00 UTC,96,-236,431038000,2.9577777777777778
2012-04-29 00:00:00 UTC,96,-239,431038000,2.0806944444444446
2012-04-29 00:00:00 UTC,96,1798,441043000,2.4952777777777779
2012-04-29 00:00:00 UTC,96,1799,441660000,1.778888888888889
2012-04-29 00:00:00 UTC,96,1795,440623000,0.98527777777777781
2012-04-29 00:00:00 UTC,96,1796,440623000,0.40083333333333332
2012-04-29 00:00:00 UTC,96,1793,440623000,1.492361111111111
2012-04-29 00:00:00 UTC,96,1794,440623000,1.2580555555555555
2012-04-29 00:00:00 UTC,96,-1794,441090000,2.3581944444444445
2012-04-29 00:00:00 UTC,96,-1792,441090000,2.1583333333333332
2012-04-29 00:00:00 UTC,96,-1795,441090000,0.93333333333333335
2012-04-29 00:00:00 UTC,96,-1793,441090000,2.0581944444444447
2012-04-29 00:00:00 UTC,96,1748,440620000,2.5430555555555556
2012-04-29 00:00:00 UTC,96,1750,440620000,3.2818055555555556
2012-04-29 00:00:00 UTC,96,1749,440620000,1.8434722222222222
2012-04-29 00:00:00 UTC,-416,385,432426000,2.0279166666666666
2012-04-29 00:00:00 UTC,-416,386,432426000,5.0309722222222222
2012-04-29 00:00:00 UTC,-416,-731,725000279,4.2602777777777776
2012-04-29 00:00:00 UTC,97,-156,277267000,1.7208333333333334
2012-04-29 00:00:00 UTC,97,-157,277267000,3.5749999999999997
2012-04-29 00:00:00 UTC,97,1798,441043000,3.4854166666666666
2012-04-29 00:00:00 UTC,97,1796,441043000,2.5626388888888889
2012-04-29 00:00:00 UTC,97,-1791,440796000,0.9111111111111112
2012-04-29 00:00:00 UTC,97,-1792,440796000,1.9151388888888889
2012-04-29 00:00:00 UTC,97,-1800,441660000,0.91930555555555549
2012-04-29 00:00:00 UTC,97,1791,440623000,0.91111111111111109
2012-04-29 00:00:00 UTC,97,1792,440623000,1.859861111111111
2012-04-29 00:00:00 UTC,97,1796,440623000,1.2672222222222222
2012-04-29 00:00:00 UTC,97,-1790,441090000,2.7623611111111108
2012-04-29 00:00:00 UTC,97,-1791,441090000,5.3198611111111109
2012-04-29 00:00:00 UTC,97,-1788,441090000,3.6558333333333333
2012-04-29 00:00:00 UTC,97,1745,440620000,2.5036111111111112
2012-04-29 00:00:00 UTC,98,-1792,440796000,0.62083333333333335
2012-04-29 00:00:00 UTC,98,-1795,440796000,2.5212499999999998
2012-04-29 00:00:00 UTC,98,-1794,440796000,2.7219444444444441
2012-04-29 00:00:00 UTC,98,-1791,440796000,1.9124999999999996
2012-04-29 00:00:00 UTC,98,-1790,440796000,1.5790277777777779
2012-04-29 00:00:00 UTC,98,-1793,440796000,1.7834722222222221
2012-04-29 00:00:00 UTC,98,-1797,440796000,1.5708333333333333
2012-04-29 00:00:00 UTC,98,-1796,440796000,3.0716666666666668
2012-04-29 00:00:00 UTC,98,1799,441660000,1.8137500000000002
2012-04-29 00:00:00 UTC,98,1791,440623000,2.7627777777777776
2012-04-29 00:00:00 UTC,98,1757,440772000,1.6820833333333334
2012-04-29 00:00:00 UTC,98,1759,440772000,0.77777777777777779
2012-04-29 00:00:00 UTC,98,1747,440620000,7.3662500000000009
2012-04-29 00:00:00 UTC,98,1746,440620000,8.4251388888888883
2012-04-29 00:00:00 UTC,354,-517,224170000,1.6556944444444444
2012-04-29 00:00:00 UTC,610,23,258397000,7.1280555555555551
2012-04-29 00:00:00 UTC,610,-286,273212100,3.0559722222222225
2012-04-29 00:00:00 UTC,-414,385,432426000,1.6397222222222221
2012-04-29 00:00:00 UTC,-414,384,432426000,1.6084722222222223
2012-04-29 00:00:00 UTC,-414,-477,204212000,5.7541666666666664
2012-04-29 00:00:00 UTC,-414,-575,701000543,0.70555555555555549
2012-04-29 00:00:00 UTC,-414,-471,263564000,6.0708333333333337
2012-04-29 00:00:00 UTC,99,-159,277267000,0.5098611111111111
2012-04-29 00:00:00 UTC,99,-153,277267000,1.8163888888888891
2012-04-29 00:00:00 UTC,99,-154,277267000,0.99416666666666664
2012-04-29 00:00:00 UTC,99,-156,277267000,1.2791666666666666
2012-04-29 00:00:00 UTC,99,-1798,440796000,1.4359722222222222
2012-04-29 00:00:00 UTC,99,-1799,440796000,3.7376388888888892
2012-04-29 00:00:00 UTC,99,-426,441222000,1.0061111111111112
2012-04-29 00:00:00 UTC,99,-429,441222000,1.8036111111111111
2012-04-29 00:00:00 UTC,99,-428,441222000,1.8970833333333332
2012-04-29 00:00:00 UTC,99,1790,440623000,2.5943055555555556
2012-04-29 00:00:00 UTC,99,1753,440772000,2.6656944444444446
2012-04-29 00:00:00 UTC,99,1755,440772000,1.7833333333333334
2012-04-29 00:00:00 UTC,99,1757,440772000,1.7541666666666667
2012-04-29 00:00:00 UTC,99,1754,440772000,1.6404166666666669
2012-04-29 00:00:00 UTC,99,1756,440772000,1.925138888888889
2012-04-29 00:00:00 UTC,99,-1784,440782000,3.4772222222222222
2012-04-29 00:00:00 UTC,99,-1787,440782000,3.4175
2012-04-29 00:00:00 UTC,99,-1786,440782000,3.6516666666666664
2012-04-29 00:00:00 UTC,99,-1783,440782000,1.015
2012-04-29 00:00:00 UTC,99,-1785,440782000,2.8566666666666665
2012-04-29 00:00:00 UTC,99,-1792,440950000,1.7994444444444446
2012-04-29 00:00:00 UTC,99,-1793,440950000,2.5925000000000002
2012-04-29 00:00:00 UTC,99,-1796,440950000,2.4908333333333337
2012-04-29 00:00:00 UTC,99,-1791,440950000,2.7395833333333335
2012-04-29 00:00:00 UTC,99,-1797,440950000,2.0193055555555555
2012-04-29 00:00:00 UTC,355,-515,224170000,3.3486111111111114
2012-04-29 00:00:00 UTC,611,22,258397000,11.073333333333334
2012-04-29 00:00:00 UTC,611,-286,273213010,3.3684722222222221
2012-04-29 00:00:00 UTC,611,-286,273212100,0.77833333333333332
2012-04-29 00:00:00 UTC,611,-285,273212100,1.0616666666666665
2012-04-29 00:00:00 UTC,-413,-744,725000460,0.96250000000000013
2012-04-29 00:00:00 UTC,-413,385,432426000,1.6175000000000002
2012-04-29 00:00:00 UTC,-413,-575,701000543,3.3111111111111113
2012-04-29 00:00:00 UTC,100,-154,277267000,0.40833333333333333
2012-04-29 00:00:00 UTC,100,-155,277267000,0.39027777777777778
2012-04-29 00:00:00 UTC,100,-156,277267000,0.4826388888888889
2012-04-29 00:00:00 UTC,100,1798,441043000,3.2854166666666669
2012-04-29 00:00:00 UTC,100,1799,440647000,2.2936111111111108
2012-04-29 00:00:00 UTC,100,-1775,441084000,5.9481944444444448
2012-04-29 00:00:00 UTC,100,-428,441222000,4.185138888888889
2012-04-29 00:00:00 UTC,100,-427,441222000,3.0455555555555556
2012-04-29 00:00:00 UTC,100,-426,441222000,0.94458333333333333
2012-04-29 00:00:00 UTC,100,1787,440623000,1.8297222222222222
2012-04-29 00:00:00 UTC,100,1789,440623000,4.0751388888888886
2012-04-29 00:00:00 UTC,100,1788,440623000,3.6545833333333335
2012-04-29 00:00:00 UTC,100,1790,440623000,1.5834722222222219
2012-04-29 00:00:00 UTC,100,1751,440772000,1.4275
2012-04-29 00:00:00 UTC,100,1750,440772000,3.742777777777778
2012-04-29 00:00:00 UTC,100,1753,440772000,1.7869444444444444
2012-04-29 00:00:00 UTC,100,1752,440772000,1.5502777777777776
2012-04-29 00:00:00 UTC,100,-1784,440782000,0.80402777777777779
2012-04-29 00:00:00 UTC,100,-1787,440782000,1.5150000000000001
2012-04-29 00:00:00 UTC,100,-1789,440782000,1.9058333333333335
2012-04-29 00:00:00 UTC,100,-1785,440782000,1.848611111111111
2012-04-29 00:00:00 UTC,100,-1786,440782000,1.5390277777777777
2012-04-29 00:00:00 UTC,100,-1788,440782000,1.7595833333333335
2012-04-29 00:00:00 UTC,100,-1798,440950000,3.9331944444444442
2012-04-29 00:00:00 UTC,100,-1783,441483000,1.7995833333333333
2012-04-29 00:00:00 UTC,100,-1784,441483000,1.825
2012-04-29 00:00:00 UTC,100,-1782,441483000,4.4529166666666669
2012-04-29 00:00:00 UTC,100,-1788,441483000,1.8747222222222222
2012-04-29 00:00:00 UTC,100,-1778,441483000,1.3998611111111112
2012-04-29 00:00:00 UTC,100,-1786,441483000,1.5745833333333334
2012-04-29 00:00:00 UTC,100,-1785,441483000,1.6751388888888887
2012-04-29 00:00:00 UTC,100,-1781,441483000,0.67236111111111119
2012-04-29 00:00:00 UTC,100,-1780,441483000,0.85000000000000009
2012-04-29 00:00:00 UTC,100,-1787,441483000,3.4756944444444442
2012-04-29 00:00:00 UTC,100,-1789,441483000,3.6252777777777778
2012-04-29 00:00:00 UTC,612,21,258353000,10.240555555555556
2012-04-29 00:00:00 UTC,612,-286,273212100,2.7472222222222222
2012-04-29 00:00:00 UTC,612,-285,273212100,6.41236111111111
2012-04-29 00:00:00 UTC,-412,-744,725000460,10.746666666666671
2012-04-29 00:00:00 UTC,-412,384,432426000,1.5127777777777776
2012-04-29 00:00:00 UTC,-412,-649,701006001,0.39986111111111111
2012-04-29 00:00:00 UTC,-412,-471,263564000,3.2681944444444442
2012-04-29 00:00:00 UTC,101,-1800,441811000,0.70013888888888887
2012-04-29 00:00:00 UTC,101,1798,441811000,1.9490277777777778
2012-04-29 00:00:00 UTC,101,1799,441811000,1.8365277777777778
2012-04-29 00:00:00 UTC,101,1796,441043000,3.7993055555555557
2012-04-29 00:00:00 UTC,101,1795,440647000,1.6531944444444444
2012-04-29 00:00:00 UTC,101,1798,440647000,1.8576388888888888
2012-04-29 00:00:00 UTC,101,1799,440647000,0.96
2012-04-29 00:00:00 UTC,101,1797,440647000,2.8961111111111113
2012-04-29 00:00:00 UTC,101,1796,440647000,2.99625
2012-04-29 00:00:00 UTC,101,-1784,441084000,2.5402777777777779
2012-04-29 00:00:00 UTC,101,-1783,441084000,3.3909722222222221
2012-04-29 00:00:00 UTC,101,-1786,441084000,2.5261111111111112
2012-04-29 00:00:00 UTC,101,-1787,441084000,4.7075000000000005
2012-04-29 00:00:00 UTC,101,-1777,441084000,3.2911111111111113
2012-04-29 00:00:00 UTC,101,-1790,441084000,11.8175
2012-04-29 00:00:00 UTC,101,-429,441222000,1.7370833333333335
2012-04-29 00:00:00 UTC,101,-1791,440950000,2.3595833333333331
2012-04-29 00:00:00 UTC,101,-1792,440950000,0.88888888888888884
2012-04-29 00:00:00 UTC,101,-1798,440950000,3.620972222222222
2012-04-29 00:00:00 UTC,101,-1790,441483000,1.775
2012-04-29 00:00:00 UTC,613,-288,273212100,5.66125
2012-04-29 00:00:00 UTC,613,-286,273212100,1.5637500000000002
2012-04-29 00:00:00 UTC,-411,-743,725000460,1.58875
2012-04-29 00:00:00 UTC,-411,-744,725000460,0.96652777777777776
2012-04-29 00:00:00 UTC,-411,384,432426000,1.5501388888888887
2012-04-29 00:00:00 UTC,-411,-649,701006001,16.693472222222223
2012-04-29 00:00:00 UTC,102,1799,441811000,0.62944444444444447
2012-04-29 00:00:00 UTC,102,1795,441811000,1.1404166666666666
2012-04-29 00:00:00 UTC,102,1796,441811000,2.9052777777777776
2012-04-29 00:00:00 UTC,102,1797,441811000,2.54
2012-04-29 00:00:00 UTC,102,1795,440647000,0.93
2012-04-29 00:00:00 UTC,102,1794,440647000,2.1449999999999996
2012-04-29 00:00:00 UTC,102,-1791,440089000,0.93055555555555558
2012-04-29 00:00:00 UTC,102,-1787,440089000,0.61125
2012-04-29 00:00:00 UTC,102,-1790,440089000,0.67236111111111119
2012-04-29 00:00:00 UTC,102,-1789,440089000,0.70013888888888887
2012-04-29 00:00:00 UTC,102,-1793,440950000,1.3020833333333333
2012-04-29 00:00:00 UTC,614,19,258353000,5.3513888888888888
2012-04-29 00:00:00 UTC,614,-287,273212100,1.5930555555555554
2012-04-29 00:00:00 UTC,614,-288,273212100,0.77236111111111116
2012-04-29 00:00:00 UTC,-410,1541,431380000,1.6161111111111111
2012-04-29 00:00:00 UTC,-410,1549,431380000,0.84763888888888894
2012-04-29 00:00:00 UTC,-410,1551,431380000,1.6081944444444445
2012-04-29 00:00:00 UTC,-410,1548,431380000,0.94875
2012-04-29 00:00:00 UTC,-410,1545,431380000,1.6359722222222224
2012-04-29 00:00:00 UTC,-410,-472,263564000,6.5251388888888888
2012-04-29 00:00:00 UTC,103,1795,441811000,2.3170833333333332
2012-04-29 00:00:00 UTC,103,1794,440647000,3.01875
2012-04-29 00:00:00 UTC,-409,1539,431380000,1.0893055555555555
2012-04-29 00:00:00 UTC,-409,1542,431380000,1.1861111111111109
2012-04-29 00:00:00 UTC,-409,1552,431380000,5.5494444444444442
2012-04-29 00:00:00 UTC,-409,1541,431380000,0.76722222222222214
2012-04-29 00:00:00 UTC,-409,1543,431380000,5.8445833333333335
2012-04-29 00:00:00 UTC,-409,1540,431380000,0.88430555555555557
2012-04-29 00:00:00 UTC,-409,1538,431380000,1.63375
2012-04-29 00:00:00 UTC,-409,-469,263564000,2.908611111111111
2012-04-29 00:00:00 UTC,-409,1548,431798000,0.97138888888888886
2012-04-29 00:00:00 UTC,-409,1541,431798000,1.6111111111111112
2012-04-29 00:00:00 UTC,-409,1551,431798000,7.1644444444444444
2012-04-29 00:00:00 UTC,-409,1542,431798000,5.8393055555555557
2012-04-29 00:00:00 UTC,-409,1544,431798000,1.588888888888889
2012-04-29 00:00:00 UTC,-409,1540,431798000,1.1779166666666665
2012-04-29 00:00:00 UTC,-409,1538,431798000,1.7509722222222222
2012-04-29 00:00:00 UTC,-409,1549,431798000,0.86819444444444449
2012-04-29 00:00:00 UTC,104,-428,440969000,1.5606944444444444
2012-04-29 00:00:00 UTC,104,-427,440969000,4.2243055555555555
2012-04-29 00:00:00 UTC,104,-422,440969000,3.3565277777777776
2012-04-29 00:00:00 UTC,104,-421,440969000,0.78375
2012-04-29 00:00:00 UTC,104,-430,440969000,0.75138888888888888
2012-04-29 00:00:00 UTC,104,-429,440969000,1.9483333333333333
2012-04-29 00:00:00 UTC,104,1795,441811000,1.21625
2012-04-29 00:00:00 UTC,104,1794,440647000,2.3261111111111115
2012-04-29 00:00:00 UTC,104,-429,441222000,2.9813888888888886
2012-04-29 00:00:00 UTC,360,-506,224170000,1.9708333333333334
2012-04-29 00:00:00 UTC,360,-508,224170000,1.3180555555555555
2012-04-29 00:00:00 UTC,360,-509,224170000,3.2022222222222223
2012-04-29 00:00:00 UTC,360,-507,224170000,0.61125000000000007
2012-04-29 00:00:00 UTC,360,-504,224170000,5.7416666666666671
2012-04-29 00:00:00 UTC,616,-6,227360000,13.330555555555556
2012-04-29 00:00:00 UTC,-408,-570,701000529,4.575277777777778
2012-04-29 00:00:00 UTC,-408,-533,770576071,2.9747222222222227
2012-04-29 00:00:00 UTC,-408,-532,770576071,6.1991666666666667
2012-04-29 00:00:00 UTC,-408,1543,431725000,6.619305555555556
2012-04-29 00:00:00 UTC,-408,1551,431725000,5.6045833333333333
2012-04-29 00:00:00 UTC,-408,1549,431725000,0.95152777777777775
2012-04-29 00:00:00 UTC,-408,1541,431725000,1.93125
2012-04-29 00:00:00 UTC,-408,1539,431725000,3.22875
2012-04-29 00:00:00 UTC,-408,1542,431725000,0.78347222222222224
2012-04-29 00:00:00 UTC,-408,1540,431725000,0.41583333333333333
2012-04-29 00:00:00 UTC,-408,1546,431725000,1.6070833333333332
2012-04-29 00:00:00 UTC,-408,1552,431725000,1.56125
2012-04-29 00:00:00 UTC,-408,1550,431725000,0.88208333333333333
2012-04-29 00:00:00 UTC,-408,-468,263564000,4.49375
2012-04-29 00:00:00 UTC,-408,1540,431798000,0.75111111111111117
2012-04-29 00:00:00 UTC,-408,1538,431798000,1.3095833333333333
2012-04-29 00:00:00 UTC,-408,1539,431798000,0.56944444444444442
2012-04-29 00:00:00 UTC,105,-430,440969000,5.7611111111111111
2012-04-29 00:00:00 UTC,105,1795,441811000,1.585
2012-04-29 00:00:00 UTC,105,1793,441811000,4.583333333333333
2012-04-29 00:00:00 UTC,105,1794,441811000,2.3943055555555555
2012-04-29 00:00:00 UTC,105,1794,440647000,3.6343055555555557
2012-04-29 00:00:00 UTC,105,1764,441029000,2.5
2012-04-29 00:00:00 UTC,105,1762,441029000,2.371666666666667
2012-04-29 00:00:00 UTC,105,1761,441029000,2.4108333333333336
2012-04-29 00:00:00 UTC,361,-500,224170000,5.7043055555555551
2012-04-29 00:00:00 UTC,617,-299,273538800,3.1109722222222222
2012-04-29 00:00:00 UTC,-407,-570,701000529,7.2727777777777778
2012-04-29 00:00:00 UTC,-407,-534,770576071,3.1297222222222225
2012-04-29 00:00:00 UTC,-407,-532,770576071,1.6413888888888888
2012-04-29 00:00:00 UTC,-407,-531,770576071,1.6137500000000002
2012-04-29 00:00:00 UTC,106,1762,440703000,1.9029166666666666
2012-04-29 00:00:00 UTC,106,1758,440703000,2.0444444444444443
2012-04-29 00:00:00 UTC,106,1763,440703000,1.7583333333333333
2012-04-29 00:00:00 UTC,106,1757,440703000,1.4873611111111109
2012-04-29 00:00:00 UTC,106,1759,440703000,3.0766666666666667
2012-04-29 00:00:00 UTC,106,1761,440703000,2.5316666666666667
2012-04-29 00:00:00 UTC,106,512,440916000,4.5998611111111112
2012-04-29 00:00:00 UTC,106,1766,441029000,3.337361111111111
2012-04-29 00:00:00 UTC,106,1759,441029000,3.6276388888888889
2012-04-29 00:00:00 UTC,106,1762,441029000,0.9127777777777778
2012-04-29 00:00:00 UTC,106,1760,441029000,3.6086111111111112
2012-04-29 00:00:00 UTC,106,1765,441029000,1.9211111111111112
2012-04-29 00:00:00 UTC,362,-500,224170000,1.3681944444444445
2012-04-29 00:00:00 UTC,618,-299,273538800,1.5334722222222221
2012-04-29 00:00:00 UTC,618,-303,273538800,7.2041666666666666
2012-04-29 00:00:00 UTC,107,1756,440703000,5.5111111111111111
2012-04-29 00:00:00 UTC,619,-402,211373830,7.963055555555556
2012-04-29 00:00:00 UTC,619,-401,211373830,1.0509722222222222
2012-04-29 00:00:00 UTC,619,-401,261383000,5.6718055555555562
2012-04-29 00:00:00 UTC,619,-402,261383000,2.3161111111111112
2012-04-29 00:00:00 UTC,619,0,258351000,26.871249999999996
2012-04-29 00:00:00 UTC,619,-301,273538800,2.0524999999999998
2012-04-29 00:00:00 UTC,-405,-529,770576071,1.615277777777778
2012-04-29 00:00:00 UTC,108,1763,440703000,1.5973611111111112
2012-04-29 00:00:00 UTC,108,1766,441029000,0.60722222222222222
2012-04-29 00:00:00 UTC,108,1765,441029000,0.73402777777777783
2012-04-29 00:00:00 UTC,108,1763,441029000,0.91666666666666674
2012-04-29 00:00:00 UTC,108,1767,441029000,1.0722222222222222
2012-04-29 00:00:00 UTC,108,1764,441029000,0.64083333333333325
2012-04-29 00:00:00 UTC,620,-403,211373830,7.9518055555555556
2012-04-29 00:00:00 UTC,620,-401,211373830,1.0702777777777777
2012-04-29 00:00:00 UTC,620,-402,211373830,1.2633333333333332
2012-04-29 00:00:00 UTC,620,0,258351000,3.1175
2012-04-29 00:00:00 UTC,-404,-528,770576071,5.2944444444444443
2012-04-29 00:00:00 UTC,-404,-527,770576071,1.5720833333333333
2012-04-29 00:00:00 UTC,109,1796,440958000,1.5683333333333334
2012-04-29 00:00:00 UTC,109,-1800,440958000,0.95652777777777775
2012-04-29 00:00:00 UTC,109,-1799,440958000,2.8872222222222224
2012-04-29 00:00:00 UTC,109,1799,440958000,2.5608333333333331
2012-04-29 00:00:00 UTC,109,1797,440958000,1.8333333333333335
2012-04-29 00:00:00 UTC,109,1798,440958000,3.2566666666666664
2012-04-29 00:00:00 UTC,109,-1798,440958000,7.1097222222222225
2012-04-29 00:00:00 UTC,621,-404,211373830,1.2181944444444444
2012-04-29 00:00:00 UTC,621,-403,211373830,3.1608333333333327
2012-04-29 00:00:00 UTC,621,-405,331208000,1.5125
2012-04-29 00:00:00 UTC,621,-407,331208000,0.33777777777777779
2012-04-29 00:00:00 UTC,621,-406,331208000,2.7708333333333335
2012-04-29 00:00:00 UTC,621,-405,261383000,1.5944444444444446
2012-04-29 00:00:00 UTC,621,-406,261383000,1.956388888888889
2012-04-29 00:00:00 UTC,621,-406,211214200,6.4875
2012-04-29 00:00:00 UTC,621,-405,211214200,2.5822222222222222
2012-04-29 00:00:00 UTC,621,-407,211214200,0.30708333333333332
2012-04-29 00:00:00 UTC,110,-1798,440958000,3.9058333333333333
2012-04-29 00:00:00 UTC,366,-504,224048150,1.0497222222222222
2012-04-29 00:00:00 UTC,366,-509,224173000,1.67875
2012-04-29 00:00:00 UTC,622,-405,331208000,7.6722222222222216
2012-04-29 00:00:00 UTC,622,-404,331208000,0.78194444444444444
2012-04-29 00:00:00 UTC,622,-405,261383000,7.1808333333333341
2012-04-29 00:00:00 UTC,622,-404,261383000,4.9204166666666662
2012-04-29 00:00:00 UTC,622,-405,211214200,1.5
2012-04-29 00:00:00 UTC,622,-404,211214200,1.4916666666666667
2012-04-29 00:00:00 UTC,-402,1541,431206000,1.19
2012-04-29 00:00:00 UTC,-402,1550,431206000,5.6075
2012-04-29 00:00:00 UTC,-402,1542,431206000,5.8131944444444441
2012-04-29 00:00:00 UTC,-402,1548,431206000,0.82486111111111116
2012-04-29 00:00:00 UTC,-402,1539,431206000,1.0509722222222222
2012-04-29 00:00:00 UTC,-402,1544,431206000,1.5919444444444446
2012-04-29 00:00:00 UTC,-402,1547,431206000,0.75569444444444445
2012-04-29 00:00:00 UTC,-402,1540,431206000,3.3334722222222224
2012-04-29 00:00:00 UTC,111,1763,440703000,1.2386111111111111
2012-04-29 00:00:00 UTC,367,-503,224048150,1.6169444444444445
2012-04-29 00:00:00 UTC,623,-404,331208000,8.9679166666666674
2012-04-29 00:00:00 UTC,623,-404,211214200,2.7901388888888885
2012-04-29 00:00:00 UTC,-401,1547,431206000,1.7459722222222223
2012-04-29 00:00:00 UTC,-401,1545,431206000,1.7084722222222224
2012-04-29 00:00:00 UTC,112,1763,440703000,0.51888888888888884
2012-04-29 00:00:00 UTC,112,511,440916000,1.8180555555555555
2012-04-29 00:00:00 UTC,368,-501,224048150,1.6109722222222222
2012-04-29 00:00:00 UTC,368,-507,224173000,1.6111111111111112
2012-04-29 00:00:00 UTC,113,1762,440703000,0.99888888888888894
2012-04-29 00:00:00 UTC,113,-173,616807000,0.88194444444444442
2012-04-29 00:00:00 UTC,113,-172,616807000,6.4366666666666674
2012-04-29 00:00:00 UTC,113,-174,224026860,4.3984722222222219
2012-04-29 00:00:00 UTC,369,-506,224173000,2.4056944444444444
2012-04-29 00:00:00 UTC,369,-509,224173000,1.370138888888889
2012-04-29 00:00:00 UTC,369,-508,224173000,0.33305555555555555
2012-04-29 00:00:00 UTC,625,62,257613500,7.7615277777777782
2012-04-29 00:00:00 UTC,114,1762,440703000,1.1949999999999998
2012-04-29 00:00:00 UTC,114,-172,616807000,2.4913888888888889
2012-04-29 00:00:00 UTC,114,-173,616807000,8.3924999999999983
2012-04-29 00:00:00 UTC,114,-174,224026860,2.3401388888888888
2012-04-29 00:00:00 UTC,370,-499,224048150,1.6248611111111111
2012-04-29 00:00:00 UTC,370,-510,224173000,0.8881944444444444
2012-04-29 00:00:00 UTC,370,-507,224173000,3.9361111111111109
2012-04-29 00:00:00 UTC,370,-508,224173000,0.89916666666666667
2012-04-29 00:00:00 UTC,370,-509,224173000,0.35388888888888892
2012-04-29 00:00:00 UTC,115,-173,616807000,3.2152777777777777
2012-04-29 00:00:00 UTC,115,-172,616807000,1.9263888888888889
2012-04-29 00:00:00 UTC,115,1759,440931000,2.3269444444444445
2012-04-29 00:00:00 UTC,115,1761,440931000,1.1890277777777778
2012-04-29 00:00:00 UTC,115,1757,440931000,0.92222222222222217
2012-04-29 00:00:00 UTC,115,1755,440931000,2.6013888888888888
2012-04-29 00:00:00 UTC,115,1756,440931000,1.6720833333333334
2012-04-29 00:00:00 UTC,115,1758,440931000,1.873472222222222
2012-04-29 00:00:00 UTC,115,1754,440931000,3.5654166666666667
2012-04-29 00:00:00 UTC,115,-174,224026860,2.0709722222222222
2012-04-29 00:00:00 UTC,371,-498,224048150,0.94180555555555556
2012-04-29 00:00:00 UTC,371,-505,224173000,5.690833333333333
2012-04-29 00:00:00 UTC,371,-510,224173000,5.7277777777777779
2012-04-29 00:00:00 UTC,627,-248,251063000,0.81097222222222221
2012-04-29 00:00:00 UTC,116,-172,263573000,14.909722222222223
2012-04-29 00:00:00 UTC,116,1761,440931000,2.5359722222222221
2012-04-29 00:00:00 UTC,116,1764,440931000,0.27222222222222225
2012-04-29 00:00:00 UTC,116,1762,440931000,4.7826388888888891
2012-04-29 00:00:00 UTC,116,1765,440931000,0.77777777777777779
2012-04-29 00:00:00 UTC,116,1763,440931000,1.5015277777777778
2012-04-29 00:00:00 UTC,116,-173,224026860,1.767638888888889
2012-04-29 00:00:00 UTC,116,-172,224026860,5.6445833333333333
2012-04-29 00:00:00 UTC,116,-174,224026860,4.7165277777777774
2012-04-29 00:00:00 UTC,628,-247,251063000,1.5027777777777778
2012-04-29 00:00:00 UTC,117,-748,432448000,5.536944444444444
2012-04-29 00:00:00 UTC,117,-172,263573000,3.4961111111111105
2012-04-29 00:00:00 UTC,117,-756,431100940,3.1730555555555555
2012-04-29 00:00:00 UTC,117,-752,431100940,2.7781944444444444
2012-04-29 00:00:00 UTC,117,-753,431100940,2.3695833333333334
2012-04-29 00:00:00 UTC,117,-755,431100940,0.77944444444444438
2012-04-29 00:00:00 UTC,117,-754,431100940,1.9873611111111111
2012-04-29 00:00:00 UTC,629,-517,331119000,6.3629166666666661
2012-04-29 00:00:00 UTC,629,-513,331119000,3.1359722222222222
2012-04-29 00:00:00 UTC,-395,-735,725007800,2.9713888888888884
2012-04-29 00:00:00 UTC,-395,-735,725004500,1.6638888888888888
2012-04-29 00:00:00 UTC,-395,-733,725004270,5.3347222222222221
2012-04-29 00:00:00 UTC,-395,-735,725004270,0.7665277777777777
2012-04-29 00:00:00 UTC,-395,-735,725000950,1.5877777777777777
2012-04-29 00:00:00 UTC,118,-747,432448000,5.5058333333333334
2012-04-29 00:00:00 UTC,118,-748,432448000,2.5051388888888888
2012-04-29 00:00:00 UTC,118,-757,431100940,5.4425
2012-04-29 00:00:00 UTC,630,-207,251331110,1.2715277777777778
2012-04-29 00:00:00 UTC,630,-208,251331110,15.823055555555557
2012-04-29 00:00:00 UTC,-394,-734,725007800,8.6465277777777771
2012-04-29 00:00:00 UTC,-394,-735,725007800,1.6491666666666667
2012-04-29 00:00:00 UTC,-394,-734,725004500,2.2456944444444442
2012-04-29 00:00:00 UTC,-394,-735,725004500,3.0013888888888891
2012-04-29 00:00:00 UTC,-394,-735,725004270,3.15
2012-04-29 00:00:00 UTC,-394,-734,725004270,3.9809722222222219
2012-04-29 00:00:00 UTC,119,-746,432448000,2.7769444444444447
2012-04-29 00:00:00 UTC,119,-747,431100940,1.9513888888888888
2012-04-29 00:00:00 UTC,119,-748,431100940,3.0822222222222222
2012-04-29 00:00:00 UTC,119,-749,431100940,2.6729166666666666
2012-04-29 00:00:00 UTC,375,-93,263477000,1.3390277777777777
2012-04-29 00:00:00 UTC,631,-211,251062110,0.81388888888888888
2012-04-29 00:00:00 UTC,631,-212,251062110,0.78333333333333333
2012-04-29 00:00:00 UTC,631,-183,251211110,7.2654166666666669
2012-04-29 00:00:00 UTC,631,-182,251211110,2.7894444444444444
2012-04-29 00:00:00 UTC,631,-181,251211110,7.1402777777777775
2012-04-29 00:00:00 UTC,631,-211,251458000,1.0113888888888889
2012-04-29 00:00:00 UTC,631,-210,251458000,0.76097222222222227
2012-04-29 00:00:00 UTC,-393,-734,725004500,1.6370833333333334
2012-04-29 00:00:00 UTC,-137,-1303,431802000,1.8297222222222222
2012-04-29 00:00:00 UTC,-137,-1305,431802000,1.0531944444444443
2012-04-29 00:00:00 UTC,-137,-1302,431802000,1.875
2012-04-29 00:00:00 UTC,-137,-1304,431802000,1.92625
2012-04-29 00:00:00 UTC,-137,-1020,431704230,1.9523611111111112
2012-04-29 00:00:00 UTC,120,-745,432448000,1.8651388888888887
2012-04-29 00:00:00 UTC,120,-172,263573000,2.3984722222222219
2012-04-29 00:00:00 UTC,120,-418,441057000,1.5891666666666666
2012-04-29 00:00:00 UTC,120,-417,441057000,3.6120833333333335
2012-04-29 00:00:00 UTC,376,-92,263477000,2.3690277777777777
2012-04-29 00:00:00 UTC,376,-94,263477000,2.250694444444445
2012-04-29 00:00:00 UTC,376,-93,263477000,1.5379166666666668
2012-04-29 00:00:00 UTC,376,-94,263407470,3.2565277777777775
2012-04-29 00:00:00 UTC,376,-92,263407470,3.9968055555555555
2012-04-29 00:00:00 UTC,632,-211,251062110,3.3644444444444441
2012-04-29 00:00:00 UTC,632,-210,251062110,7.1776388888888887
2012-04-29 00:00:00 UTC,632,-212,251062110,1.26375
2012-04-29 00:00:00 UTC,632,-188,251228000,1.257638888888889
2012-04-29 00:00:00 UTC,632,-191,251228000,6.3538888888888891
2012-04-29 00:00:00 UTC,632,-190,251228000,3.1629166666666668
2012-04-29 00:00:00 UTC,632,-189,251228000,3.0700000000000003
2012-04-29 00:00:00 UTC,632,-183,251211110,1.8340277777777778
2012-04-29 00:00:00 UTC,632,-185,251211110,1.5458333333333334
2012-04-29 00:00:00 UTC,632,-184,251211110,1.5458333333333334
2012-04-29 00:00:00 UTC,632,-178,251153000,7.1194444444444445
2012-04-29 00:00:00 UTC,632,-173,251153000,6.4273611111111109
2012-04-29 00:00:00 UTC,632,-172,251153000,0.7875
2012-04-29 00:00:00 UTC,-392,1556,431053000,1.6640277777777777
2012-04-29 00:00:00 UTC,-392,1554,431053000,1.9034722222222222
2012-04-29 00:00:00 UTC,-392,1553,431053000,2.7138888888888886
2012-04-29 00:00:00 UTC,-392,1551,431053000,1.4502777777777778
2012-04-29 00:00:00 UTC,-392,1549,431053000,3.2480555555555553
2012-04-29 00:00:00 UTC,-392,1552,431053000,1.3502777777777777
2012-04-29 00:00:00 UTC,-392,1560,431053000,1.7445833333333334
2012-04-29 00:00:00 UTC,-392,1555,431053000,4.8047222222222219
2012-04-29 00:00:00 UTC,-136,-1306,431802000,1.9347222222222222
2012-04-29 00:00:00 UTC,-136,-1305,431802000,2.415972222222222
2012-04-29 00:00:00 UTC,-136,-1300,431802000,1.1191666666666666
2012-04-29 00:00:00 UTC,-136,-1301,431802000,1.7819444444444446
2012-04-29 00:00:00 UTC,-136,-1504,441038000,8.0366666666666671
2012-04-29 00:00:00 UTC,-136,-1505,441038000,3.0668055555555562
2012-04-29 00:00:00 UTC,121,-743,432448000,3.0720833333333335
2012-04-29 00:00:00 UTC,121,-172,263573000,2.9845833333333331
2012-04-29 00:00:00 UTC,121,-419,441057000,0.74569444444444444
2012-04-29 00:00:00 UTC,121,-420,441057000,0.55999999999999994
2012-04-29 00:00:00 UTC,121,-414,441057000,1.7652777777777777
2012-04-29 00:00:00 UTC,121,-422,441057000,0.65305555555555561
2012-04-29 00:00:00 UTC,121,-421,441057000,0.51222222222222213
2012-04-29 00:00:00 UTC,121,-417,441057000,1.0999999999999999
2012-04-29 00:00:00 UTC,121,-412,441057000,4.065
2012-04-29 00:00:00 UTC,121,-418,441057000,0.36777777777777776
2012-04-29 00:00:00 UTC,377,-92,263477000,6.4834722222222219
2012-04-29 00:00:00 UTC,377,-92,263407470,6.0609722222222224
2012-04-29 00:00:00 UTC,377,-540,224099470,2.4802777777777778
2012-04-29 00:00:00 UTC,377,-533,224099470,1.6130555555555555
2012-04-29 00:00:00 UTC,377,-536,224099470,2.4122222222222223
2012-04-29 00:00:00 UTC,633,-188,251228000,0.815
2012-04-29 00:00:00 UTC,633,-193,251228000,1.6291666666666669
2012-04-29 00:00:00 UTC,633,-189,251228000,1.018888888888889
2012-04-29 00:00:00 UTC,633,-194,251228000,6.3536111111111113
2012-04-29 00:00:00 UTC,633,-517,331119000,6.3997222222222225
2012-04-29 00:00:00 UTC,633,-518,331119000,1.83125
2012-04-29 00:00:00 UTC,633,-220,251219110,4.8176388888888884
2012-04-29 00:00:00 UTC,633,-219,251219110,1.5715277777777779
2012-04-29 00:00:00 UTC,633,-212,251458000,1.5541666666666667
2012-04-29 00:00:00 UTC,-391,1561,431053000,4.6816666666666666
2012-04-29 00:00:00 UTC,-135,-1295,431802000,2.7698611111111111
2012-04-29 00:00:00 UTC,-135,-1300,431802000,0.78680555555555554
2012-04-29 00:00:00 UTC,-135,-1307,431802000,1.8045833333333332
2012-04-29 00:00:00 UTC,-135,-1298,431802000,1.5754166666666667
2012-04-29 00:00:00 UTC,-135,-1301,431802000,2.8443055555555556
2012-04-29 00:00:00 UTC,-135,-1019,431704230,0.91402777777777766
2012-04-29 00:00:00 UTC,-135,-1020,431704230,0.94430555555555551
2012-04-29 00:00:00 UTC,122,-742,432448000,3.9541666666666662
2012-04-29 00:00:00 UTC,378,-92,263477000,0.27930555555555558
2012-04-29 00:00:00 UTC,378,-93,263477000,0.9493055555555554
2012-04-29 00:00:00 UTC,378,-92,263407470,1.5569444444444445
2012-04-29 00:00:00 UTC,378,-530,224099470,0.72833333333333328
2012-04-29 00:00:00 UTC,378,-529,224099470,1.2594444444444444
2012-04-29 00:00:00 UTC,378,-531,224099470,1.9697222222222222
2012-04-29 00:00:00 UTC,378,-532,224099470,1.6240277777777778
2012-04-29 00:00:00 UTC,378,-450,224115880,1.6505555555555556
2012-04-29 00:00:00 UTC,634,-200,251030110,10.70888888888889
2012-04-29 00:00:00 UTC,634,-199,251030110,1.5862500000000002
2012-04-29 00:00:00 UTC,634,-520,331119000,1.5180555555555557
2012-04-29 00:00:00 UTC,634,-519,331119000,1.5277777777777777
2012-04-29 00:00:00 UTC,634,-518,331119000,2.8365277777777775
2012-04-29 00:00:00 UTC,634,-220,251219110,10.205416666666668
2012-04-29 00:00:00 UTC,634,-171,251011000,1.5291666666666668
2012-04-29 00:00:00 UTC,634,-386,273212110,2.3058333333333332
2012-04-29 00:00:00 UTC,634,-379,273212110,6.3766666666666669
2012-04-29 00:00:00 UTC,634,-384,273212110,3.4327777777777779
2012-04-29 00:00:00 UTC,634,-381,273212110,8.0123611111111117
2012-04-29 00:00:00 UTC,634,-387,273212110,0.7875
2012-04-29 00:00:00 UTC,634,-382,273212110,2.80375
2012-04-29 00:00:00 UTC,123,-423,441057000,1.5350000000000001
2012-04-29 00:00:00 UTC,379,-448,224069960,0.93361111111111106
2012-04-29 00:00:00 UTC,379,-529,224099470,5.7283333333333335
2012-04-29 00:00:00 UTC,379,-451,224115880,1.652638888888889
2012-04-29 00:00:00 UTC,635,-244,259284000,3.1947222222222225
2012-04-29 00:00:00 UTC,635,-245,259284000,1.5068055555555555
2012-04-29 00:00:00 UTC,635,-243,259284000,1.0544444444444445
2012-04-29 00:00:00 UTC,635,-242,259284000,8.4443055555555571
2012-04-29 00:00:00 UTC,635,-240,259284000,9.4804166666666667
2012-04-29 00:00:00 UTC,635,-222,251219110,2.377361111111111
2012-04-29 00:00:00 UTC,635,-221,251219110,4.6577777777777785
2012-04-29 00:00:00 UTC,635,-172,251011000,3.0668055555555553
2012-04-29 00:00:00 UTC,635,-171,251011000,7.975
2012-04-29 00:00:00 UTC,635,-173,251011000,1.5527777777777778
2012-04-29 00:00:00 UTC,635,-173,251314110,1.5569444444444445
2012-04-29 00:00:00 UTC,635,-171,251314110,7.1541666666666668
2012-04-29 00:00:00 UTC,635,-172,251314110,7.14861111111111
2012-04-29 00:00:00 UTC,-133,-1019,431704230,1.8213888888888889
2012-04-29 00:00:00 UTC,-133,-1020,431704230,1.8795833333333334
2012-04-29 00:00:00 UTC,124,-304,431873000,4.831666666666667
2012-04-29 00:00:00 UTC,124,-303,431873000,1.86375
2012-04-29 00:00:00 UTC,124,-305,431873000,2.4987500000000002
2012-04-29 00:00:00 UTC,124,-420,441057000,2.298888888888889
2012-04-29 00:00:00 UTC,124,-424,441057000,1.7916666666666665
2012-04-29 00:00:00 UTC,124,-422,441057000,2.3830555555555555
2012-04-29 00:00:00 UTC,124,-423,441057000,1.9666666666666666
2012-04-29 00:00:00 UTC,380,-526,224099470,0.752638888888889
2012-04-29 00:00:00 UTC,380,-525,224099470,5.5318055555555556
2012-04-29 00:00:00 UTC,380,-527,224099470,0.78527777777777785
2012-04-29 00:00:00 UTC,636,-234,251160110,4.202638888888889
2012-04-29 00:00:00 UTC,636,-233,251160110,3.5234722222222223
2012-04-29 00:00:00 UTC,-644,-614,258261000,2.3154166666666667
2012-04-29 00:00:00 UTC,-644,-615,258261000,1.5659722222222223
2012-04-29 00:00:00 UTC,-644,-615,259539000,0.80555555555555558
2012-04-29 00:00:00 UTC,-132,-1020,431704230,0.90652777777777782
2012-04-29 00:00:00 UTC,125,-302,431873000,1.5613888888888889
2012-04-29 00:00:00 UTC,381,-458,224081430,5.6862499999999994
2012-04-29 00:00:00 UTC,381,-451,224115880,1.6195833333333334
2012-04-29 00:00:00 UTC,637,-232,251160110,1.597777777777778
2012-04-29 00:00:00 UTC,637,-233,251160110,1.5081944444444444
2012-04-29 00:00:00 UTC,637,-165,251344000,8.7208333333333332
2012-04-29 00:00:00 UTC,637,-164,251048110,1.5777777777777779
2012-04-29 00:00:00 UTC,637,-149,251086000,1.5443055555555556
2012-04-29 00:00:00 UTC,637,-216,251494110,0.78916666666666668
2012-04-29 00:00:00 UTC,637,-217,251494110,1.5290277777777779
2012-04-29 00:00:00 UTC,-643,-615,258261000,3.0638888888888891
2012-04-29 00:00:00 UTC,-643,-614,258261000,16.692222222222224
2012-04-29 00:00:00 UTC,-643,-615,259539000,17.984027777777779
2012-04-29 00:00:00 UTC,-643,-614,259539000,5.6026388888888885
2012-04-29 00:00:00 UTC,-131,-1020,431704230,3.0879166666666666
2012-04-29 00:00:00 UTC,-131,-1024,431704230,2.8418055555555557
2012-04-29 00:00:00 UTC,-131,-1022,431704230,2.7350000000000003
2012-04-29 00:00:00 UTC,126,-298,431873000,1.8183333333333334
2012-04-29 00:00:00 UTC,126,-301,431873000,1.8665277777777778
2012-04-29 00:00:00 UTC,126,-299,431873000,1.5925000000000002
2012-04-29 00:00:00 UTC,382,-448,224069960,1.7613888888888889
2012-04-29 00:00:00 UTC,382,-377,224098420,5.70125
2012-04-29 00:00:00 UTC,638,-235,251405110,9.5238888888888891
2012-04-29 00:00:00 UTC,638,-150,251086000,2.6090277777777775
2012-04-29 00:00:00 UTC,638,-151,251086000,1.5130555555555556
2012-04-29 00:00:00 UTC,-130,-1020,431704230,0.96125000000000016
2012-04-29 00:00:00 UTC,127,-190,224070000,5.3888888888888884
2012-04-29 00:00:00 UTC,127,-300,431873000,0.87972222222222218
2012-04-29 00:00:00 UTC,127,-297,431873000,1.8293055555555555
2012-04-29 00:00:00 UTC,127,-295,431873000,1.7776388888888888
2012-04-29 00:00:00 UTC,127,-296,431873000,2.1865277777777781
2012-04-29 00:00:00 UTC,383,-454,224081430,1.6502777777777777
2012-04-29 00:00:00 UTC,383,-457,224081430,1.4250000000000003
2012-04-29 00:00:00 UTC,383,-448,224069960,5.7044444444444444
2012-04-29 00:00:00 UTC,383,-375,224098420,0.61944444444444446
2012-04-29 00:00:00 UTC,383,-376,224098420,1.8929166666666666
2012-04-29 00:00:00 UTC,383,-374,224098420,1.4290277777777778
2012-04-29 00:00:00 UTC,383,-378,224098420,5.7890277777777772
2012-04-29 00:00:00 UTC,383,-451,224115880,1.6056944444444445
2012-04-29 00:00:00 UTC,639,-143,251065110,2.295
2012-04-29 00:00:00 UTC,639,-142,251065110,1.565
2012-04-29 00:00:00 UTC,639,-137,251182110,7.2090277777777771
2012-04-29 00:00:00 UTC,639,-136,251049110,5.5790277777777781
2012-04-29 00:00:00 UTC,639,-152,251086000,1.5693055555555557
2012-04-29 00:00:00 UTC,639,-150,251086000,1.2868055555555555
2012-04-29 00:00:00 UTC,639,-363,258563000,1.5415277777777776
2012-04-29 00:00:00 UTC,-129,-1020,431704230,0.74055555555555552
2012-04-29 00:00:00 UTC,128,-192,228967000,3.7920833333333328
2012-04-29 00:00:00 UTC,128,-190,224070000,2.5359722222222221
2012-04-29 00:00:00 UTC,384,-455,224081430,1.6027777777777779
2012-04-29 00:00:00 UTC,384,-449,224069960,2.798194444444444
2012-04-29 00:00:00 UTC,640,-143,251065110,3.0554166666666669
2012-04-29 00:00:00 UTC,640,-233,251423000,1.5338888888888889
2012-04-29 00:00:00 UTC,640,-230,251423000,2.3369444444444447
2012-04-29 00:00:00 UTC,640,-129,251182110,2.2875
2012-04-29 00:00:00 UTC,640,-127,251182110,1.5722222222222222
2012-04-29 00:00:00 UTC,640,-525,331142000,1.5140277777777778
2012-04-29 00:00:00 UTC,640,-134,251049110,2.3361111111111112
2012-04-29 00:00:00 UTC,640,-133,251049110,6.4054166666666665
2012-04-29 00:00:00 UTC,640,-361,258563000,1.5513888888888889
2012-04-29 00:00:00 UTC,640,-362,258563000,3.0819444444444444
2012-04-29 00:00:00 UTC,-128,-1020,431704230,1.3463888888888889
2012-04-29 00:00:00 UTC,129,-193,228967000,7.4027777777777777
2012-04-29 00:00:00 UTC,129,-190,224070000,3.6345833333333335
2012-04-29 00:00:00 UTC,385,-456,224081430,1.6
2012-04-29 00:00:00 UTC,385,-449,224069960,1.7262500000000003
2012-04-29 00:00:00 UTC,385,-452,224115880,1.5941666666666667
2012-04-29 00:00:00 UTC,641,-232,251423000,1.5475
2012-04-29 00:00:00 UTC,641,-231,251423000,1.2448611111111112
2012-04-29 00:00:00 UTC,641,-233,251423000,3.3747222222222226
2012-04-29 00:00:00 UTC,641,-147,251057000,1.0215277777777778
2012-04-29 00:00:00 UTC,641,-527,331142000,4.8997222222222216
2012-04-29 00:00:00 UTC,641,-526,331142000,13.827777777777781
2012-04-29 00:00:00 UTC,641,-526,331184000,3.0626388888888889
2012-04-29 00:00:00 UTC,641,-527,331184000,4.7802777777777781
2012-04-29 00:00:00 UTC,641,-153,251603110,3.879861111111111
2012-04-29 00:00:00 UTC,641,-152,251603110,1.5416666666666665
2012-04-29 00:00:00 UTC,641,-359,258563000,1.5626388888888889
2012-04-29 00:00:00 UTC,641,-360,258563000,1.5445833333333332
2012-04-29 00:00:00 UTC,-127,-1020,431704230,1.7754166666666666
2012-04-29 00:00:00 UTC,130,-190,224070000,3.2520833333333332
2012-04-29 00:00:00 UTC,130,-191,224070000,0.44069444444444444
2012-04-29 00:00:00 UTC,386,-456,224081430,2.2995833333333335
2012-04-29 00:00:00 UTC,386,-450,224069960,1.02375
2012-04-29 00:00:00 UTC,386,-449,224069960,1.6277777777777778
2012-04-29 00:00:00 UTC,386,-452,224115880,2.0259722222222223
2012-04-29 00:00:00 UTC,642,-528,331142000,1.1122222222222222
2012-04-29 00:00:00 UTC,642,-527,331142000,2.2869444444444449
2012-04-29 00:00:00 UTC,642,-128,251178110,6.4038888888888881
2012-04-29 00:00:00 UTC,642,-128,251050110,7.253333333333333
2012-04-29 00:00:00 UTC,642,-527,331184000,6.3774999999999995
2012-04-29 00:00:00 UTC,642,-127,251143110,0.78986111111111112
2012-04-29 00:00:00 UTC,-126,-1020,431704230,0.90888888888888886
2012-04-29 00:00:00 UTC,387,-456,224081430,7.3776388888888889
2012-04-29 00:00:00 UTC,387,-448,224069960,4.92375
2012-04-29 00:00:00 UTC,387,-450,224069960,1.5915277777777777
2012-04-29 00:00:00 UTC,387,-452,224115880,1.9640277777777779
2012-04-29 00:00:00 UTC,643,-126,251182110,1.5772222222222223
2012-04-29 00:00:00 UTC,643,-127,251182110,7.1429166666666664
2012-04-29 00:00:00 UTC,643,-126,251038000,7.9884722222222218
2012-04-29 00:00:00 UTC,643,-127,251038000,9.468055555555555
2012-04-29 00:00:00 UTC,643,-125,251038000,1.57125
2012-04-29 00:00:00 UTC,643,-127,251126110,7.9322222222222232
2012-04-29 00:00:00 UTC,643,-125,251126110,11.062222222222223
2012-04-29 00:00:00 UTC,643,-126,251126110,1.5415277777777778
2012-04-29 00:00:00 UTC,643,-126,251174000,3.0738888888888889
2012-04-29 00:00:00 UTC,643,-128,251178110,0.763888888888889
2012-04-29 00:00:00 UTC,643,-125,251178110,8.7205555555555545
2012-04-29 00:00:00 UTC,643,-138,251049110,3.1030555555555557
2012-04-29 00:00:00 UTC,-125,-1020,431704230,3.3130555555555556
2012-04-29 00:00:00 UTC,388,-450,224069960,1.4306944444444443
2012-04-29 00:00:00 UTC,388,-448,224069960,0.78597222222222229
2012-04-29 00:00:00 UTC,388,-451,224115880,6.4544444444444444
2012-04-29 00:00:00 UTC,644,-280,251092000,0.82361111111111107
2012-04-29 00:00:00 UTC,644,-124,251038000,3.8745833333333333
2012-04-29 00:00:00 UTC,644,-125,251126110,3.0916666666666668
2012-04-29 00:00:00 UTC,644,-125,251174000,4.6651388888888885
2012-04-29 00:00:00 UTC,644,-125,251178110,1.5805555555555555
2012-04-29 00:00:00 UTC,644,-124,251178110,2.3195833333333331
2012-04-29 00:00:00 UTC,644,-123,251178110,3.0643055555555554
2012-04-29 00:00:00 UTC,644,-353,211272580,6.4011111111111116
2012-04-29 00:00:00 UTC,-124,-1094,431382000,1.8694444444444445
2012-04-29 00:00:00 UTC,645,-279,251092000,4.1598611111111108
2012-04-29 00:00:00 UTC,645,-280,251092000,8.73638888888889
2012-04-29 00:00:00 UTC,645,-280,251026000,6.4180555555555552
2012-04-29 00:00:00 UTC,645,-279,251026000,1.8015277777777778
2012-04-29 00:00:00 UTC,645,-352,211272580,7.9527777777777775
2012-04-29 00:00:00 UTC,645,-351,211272580,1.5472222222222223
2012-04-29 00:00:00 UTC,-123,-1092,431382000,2.7055555555555557
2012-04-29 00:00:00 UTC,-123,-1095,431382000,1.8348611111111111
2012-04-29 00:00:00 UTC,646,-280,251092000,1.9858333333333333
2012-04-29 00:00:00 UTC,646,-280,251026000,1.5736111111111111
2012-04-29 00:00:00 UTC,646,-351,211272580,4.6969444444444441
2012-04-29 00:00:00 UTC,646,-236,251203000,1.5569444444444445
2012-04-29 00:00:00 UTC,-122,-1096,431382000,0.9125
2012-04-29 00:00:00 UTC,391,-452,224115880,6.3351388888888884
2012-04-29 00:00:00 UTC,647,-279,251092000,1.5970833333333334
2012-04-29 00:00:00 UTC,647,-280,251026000,1.2955555555555556
2012-04-29 00:00:00 UTC,647,-279,251026000,1.5459722222222223
2012-04-29 00:00:00 UTC,647,-352,211272580,3.0865277777777775
2012-04-29 00:00:00 UTC,647,-235,251203000,1.8599999999999999
2012-04-29 00:00:00 UTC,647,-234,251203000,2.8193055555555553
2012-04-29 00:00:00 UTC,647,-242,251248110,9.4902777777777789
2012-04-29 00:00:00 UTC,647,-5,273248500,2.3834722222222222
2012-04-29 00:00:00 UTC,-377,1545,431253000,4.7761111111111108
2012-04-29 00:00:00 UTC,-377,1040,440989000,3.2223611111111112
2012-04-29 00:00:00 UTC,-121,-1096,431382000,1.4986111111111109
2012-04-29 00:00:00 UTC,392,-453,224110000,4.942916666666668
2012-04-29 00:00:00 UTC,648,-279,251092000,6.3666666666666663
2012-04-29 00:00:00 UTC,648,-279,251026000,1.536111111111111
2012-04-29 00:00:00 UTC,648,-241,251248110,1.2736111111111112
2012-04-29 00:00:00 UTC,648,-11,273248500,2.3791666666666664
2012-04-29 00:00:00 UTC,648,-8,273248500,1.536111111111111
2012-04-29 00:00:00 UTC,648,-10,273248500,0.7583333333333333
2012-04-29 00:00:00 UTC,-376,1554,431253000,4.6925
2012-04-29 00:00:00 UTC,-120,-1097,431382000,0.7318055555555556
2012-04-29 00:00:00 UTC,-120,-1096,431382000,0.9291666666666667
2012-04-29 00:00:00 UTC,649,-340,331273000,1.2929166666666667
2012-04-29 00:00:00 UTC,649,-344,331273000,0.77625
2012-04-29 00:00:00 UTC,649,-345,331273000,6.8151388888888889
2012-04-29 00:00:00 UTC,649,-342,331273000,1.7986111111111112
2012-04-29 00:00:00 UTC,649,-343,331273000,8.0558333333333323
2012-04-29 00:00:00 UTC,649,-279,251026000,7.1375
2012-04-29 00:00:00 UTC,649,-243,251197110,3.2193055555555556
2012-04-29 00:00:00 UTC,649,-242,251197110,17.379583333333333
2012-04-29 00:00:00 UTC,649,-243,251558110,1.5499999999999998
2012-04-29 00:00:00 UTC,649,-242,251558110,3.1069444444444443
2012-04-29 00:00:00 UTC,649,-242,251290110,5.4504166666666674
2012-04-29 00:00:00 UTC,649,-243,251290110,7.4118055555555555
2012-04-29 00:00:00 UTC,-375,1555,431253000,0.76291666666666669
2012-04-29 00:00:00 UTC,-375,1039,440989000,2.7593055555555557
2012-04-29 00:00:00 UTC,-375,1037,440989000,1.4769444444444444
2012-04-29 00:00:00 UTC,-375,1038,440989000,0.9968055555555555
2012-04-29 00:00:00 UTC,-375,-739,725000146,0.78055555555555545
2012-04-29 00:00:00 UTC,-119,-1097,431382000,1.3427777777777778
2012-04-29 00:00:00 UTC,394,-362,255501000,0.82777777777777783
2012-04-29 00:00:00 UTC,650,-339,331273000,2.5765277777777778
2012-04-29 00:00:00 UTC,650,-340,331273000,0.78208333333333335
2012-04-29 00:00:00 UTC,650,-341,331273000,1.5554166666666664
2012-04-29 00:00:00 UTC,650,-243,251298110,1.5731944444444443
2012-04-29 00:00:00 UTC,650,-532,331184000,0.82513888888888887
2012-04-29 00:00:00 UTC,650,-243,251539110,1.5579166666666668
2012-04-29 00:00:00 UTC,650,-241,251197110,3.0858333333333334
2012-04-29 00:00:00 UTC,650,-241,251558110,3.0529166666666665
2012-04-29 00:00:00 UTC,650,-242,251290110,0.51222222222222225
2012-04-29 00:00:00 UTC,650,-241,251290110,10.259444444444446
2012-04-29 00:00:00 UTC,-374,1037,440989000,1.0375
2012-04-29 00:00:00 UTC,-374,1034,440989000,1.432638888888889
2012-04-29 00:00:00 UTC,-374,1032,440989000,5.7683333333333326
2012-04-29 00:00:00 UTC,-374,1038,440989000,0.70291666666666663
2012-04-29 00:00:00 UTC,-374,1036,440989000,5.67375
2012-04-29 00:00:00 UTC,-118,-1098,431382000,1.8780555555555556
2012-04-29 00:00:00 UTC,395,-364,255501000,0.75333333333333341
2012-04-29 00:00:00 UTC,395,-365,255501000,2.0026388888888893
2012-04-29 00:00:00 UTC,395,-363,255501000,1.1330555555555557
2012-04-29 00:00:00 UTC,395,-362,255501000,4.9875
2012-04-29 00:00:00 UTC,-629,-613,441699000,2.3144444444444443
2012-04-29 00:00:00 UTC,-373,1562,431253000,0.82722222222222219
2012-04-29 00:00:00 UTC,-373,1563,431253000,0.82569444444444451
2012-04-29 00:00:00 UTC,396,-506,224020000,0.90166666666666673
2012-04-29 00:00:00 UTC,396,-498,224020000,7.103472222222222
2012-04-29 00:00:00 UTC,396,-454,224110000,1.6176388888888888
2012-04-29 00:00:00 UTC,396,-457,224110000,1.2168055555555555
2012-04-29 00:00:00 UTC,396,-461,224110000,5.7198611111111113
2012-04-29 00:00:00 UTC,396,-456,224110000,1.6065277777777778
2012-04-29 00:00:00 UTC,396,-455,224110000,1.5963888888888889
2012-04-29 00:00:00 UTC,396,-367,255501000,1.4233333333333333
2012-04-29 00:00:00 UTC,396,-378,255501000,1.665
2012-04-29 00:00:00 UTC,396,-375,255501000,3.3175
2012-04-29 00:00:00 UTC,396,-366,255501000,3.2194444444444446
2012-04-29 00:00:00 UTC,652,-251,251257110,1.5586111111111109
2012-04-29 00:00:00 UTC,652,-247,251257110,1.8283333333333331
2012-04-29 00:00:00 UTC,652,-249,251257110,1.5402777777777779
2012-04-29 00:00:00 UTC,652,-248,251257110,1.5472222222222221
2012-04-29 00:00:00 UTC,-372,1565,431253000,1.6686111111111108
2012-04-29 00:00:00 UTC,-372,1566,431253000,1.662638888888889
2012-04-29 00:00:00 UTC,-116,-1098,431382000,1.8430555555555554
2012-04-29 00:00:00 UTC,-116,-1094,431382000,0.70152777777777786
2012-04-29 00:00:00 UTC,-116,-1093,431382000,1.9898611111111109
2012-04-29 00:00:00 UTC,397,-505,224020000,1.6748611111111111
2012-04-29 00:00:00 UTC,397,-458,224110000,0.7648611111111111
2012-04-29 00:00:00 UTC,397,-459,224110000,1.9723611111111112
2012-04-29 00:00:00 UTC,397,-366,255501000,5.6674999999999995
2012-04-29 00:00:00 UTC,653,-247,251257110,1.5274999999999999
2012-04-29 00:00:00 UTC,653,-246,251257110,2.7887500000000003
2012-04-29 00:00:00 UTC,653,-248,251257110,6.4156944444444441
2012-04-29 00:00:00 UTC,653,-238,251540110,3.3758333333333339
2012-04-29 00:00:00 UTC,653,-239,251540110,1.2725
2012-04-29 00:00:00 UTC,-371,-732,725000360,1.2248611111111112
2012-04-29 00:00:00 UTC,-115,2,224120000,1.713888888888889
2012-04-29 00:00:00 UTC,398,-453,224110000,1.6601388888888888
2012-04-29 00:00:00 UTC,654,-238,251540110,1.5683333333333334
2012-04-29 00:00:00 UTC,-626,-616,440899000,3.8836111111111111
2012-04-29 00:00:00 UTC,-626,-617,440899000,6.3836111111111116
2012-04-29 00:00:00 UTC,-626,-615,440899000,8.0419444444444448
2012-04-29 00:00:00 UTC,-626,-617,441699000,4.7847222222222223
2012-04-29 00:00:00 UTC,-626,-616,441699000,2.427777777777778
2012-04-29 00:00:00 UTC,-114,-1094,431382000,5.6030555555555557
2012-04-29 00:00:00 UTC,399,-503,224020000,5.6891666666666669
2012-04-29 00:00:00 UTC,399,-504,224020000,1.6
2012-04-29 00:00:00 UTC,399,1424,273825210,11.830694444444445
2012-04-29 00:00:00 UTC,655,-285,251464000,1.536111111111111
2012-04-29 00:00:00 UTC,655,-283,251464000,1.07375
2012-04-29 00:00:00 UTC,655,-282,251464000,0.81805555555555554
2012-04-29 00:00:00 UTC,655,-253,251447110,1.7833333333333334
2012-04-29 00:00:00 UTC,655,-255,251447110,1.5026388888888889
2012-04-29 00:00:00 UTC,655,-251,251447110,1.5348611111111112
2012-04-29 00:00:00 UTC,655,-254,251447110,2.9152777777777779
2012-04-29 00:00:00 UTC,655,-252,251447110,1.5444444444444445
2012-04-29 00:00:00 UTC,655,-282,251079000,1.0322222222222222
2012-04-29 00:00:00 UTC,655,-281,251079000,1.5388888888888888
2012-04-29 00:00:00 UTC,-625,-616,440899000,3.7918055555555559
2012-04-29 00:00:00 UTC,-625,-615,440899000,1.5230555555555556
2012-04-29 00:00:00 UTC,-369,-541,770576186,2.6595833333333334
2012-04-29 00:00:00 UTC,-113,2,224120000,0.89874999999999994
2012-04-29 00:00:00 UTC,-113,606,660000500,3.3434722222222222
2012-04-29 00:00:00 UTC,-113,605,660000500,5.8429166666666674
2012-04-29 00:00:00 UTC,400,-503,224020000,1.6220833333333333
2012-04-29 00:00:00 UTC,400,-451,224110000,1.7449999999999999
2012-04-29 00:00:00 UTC,656,-280,251464000,1.2438888888888888
2012-04-29 00:00:00 UTC,656,-281,251464000,1.5236111111111112
2012-04-29 00:00:00 UTC,656,-282,251464000,1.5958333333333334
2012-04-29 00:00:00 UTC,656,-284,251464000,1.5277777777777777
2012-04-29 00:00:00 UTC,656,-283,251464000,6.3418055555555553
2012-04-29 00:00:00 UTC,656,-251,251447110,1.555277777777778
2012-04-29 00:00:00 UTC,656,-281,251079000,2.0608333333333331
2012-04-29 00:00:00 UTC,656,-284,251079000,0.78472222222222232
2012-04-29 00:00:00 UTC,656,-283,251079000,2.4111111111111114
2012-04-29 00:00:00 UTC,656,-282,251079000,7.1373611111111117
2012-04-29 00:00:00 UTC,656,-268,251482000,7.91375
2012-04-29 00:00:00 UTC,656,-267,251482000,1.587361111111111
2012-04-29 00:00:00 UTC,-368,-736,725000970,5.3308333333333326
2012-04-29 00:00:00 UTC,-368,-540,770576186,8.9490277777777774
2012-04-29 00:00:00 UTC,-112,9,224120000,3.2345833333333331
2012-04-29 00:00:00 UTC,-112,8,224120000,2.1980555555555554
2012-04-29 00:00:00 UTC,-112,605,660000500,6.4523611111111112
2012-04-29 00:00:00 UTC,401,-504,224020000,0.31513888888888891
2012-04-29 00:00:00 UTC,401,-503,224020000,0.93180555555555555
2012-04-29 00:00:00 UTC,401,1423,273825210,11.784722222222221
2012-04-29 00:00:00 UTC,657,-279,251464000,1.5972222222222223
2012-04-29 00:00:00 UTC,657,-277,251464000,6.3627777777777776
2012-04-29 00:00:00 UTC,657,-277,251079000,6.3819444444444446
2012-04-29 00:00:00 UTC,657,-279,251079000,1.52625
2012-04-29 00:00:00 UTC,657,-278,251079000,0.82388888888888889
2012-04-29 00:00:00 UTC,657,-267,251482000,6.4556944444444442
2012-04-29 00:00:00 UTC,-367,-736,725000970,1.5695833333333333
2012-04-29 00:00:00 UTC,-367,-539,770576186,7.8454166666666669
2012-04-29 00:00:00 UTC,-367,-736,725000312,8.9570833333333333
2012-04-29 00:00:00 UTC,402,-504,224020000,1.2468055555555555
2012-04-29 00:00:00 UTC,402,-503,224020000,1.6123611111111111
2012-04-29 00:00:00 UTC,402,-372,224138280,6.8275000000000006
2012-04-29 00:00:00 UTC,-366,-736,725000970,2.4333333333333336
2012-04-29 00:00:00 UTC,-366,-736,725000312,0.71638888888888885
2012-04-29 00:00:00 UTC,-366,-735,725000312,0.82069444444444439
2012-04-29 00:00:00 UTC,403,-505,224020000,1.4772222222222222
2012-04-29 00:00:00 UTC,403,-374,224138280,0.79722222222222228
2012-04-29 00:00:00 UTC,659,62,259269000,11.819166666666668
2012-04-29 00:00:00 UTC,404,-372,224138280,5.7430555555555554
2012-04-29 00:00:00 UTC,404,-374,224138280,1.1829166666666666
2012-04-29 00:00:00 UTC,660,-308,219257000,1.5554166666666667
2012-04-29 00:00:00 UTC,405,-374,224138280,1.6583333333333332
2012-04-29 00:00:00 UTC,661,-306,276388000,1.5416666666666665
2012-04-29 00:00:00 UTC,661,-309,219257000,1.5569444444444445
2012-04-29 00:00:00 UTC,661,-261,251047110,0.79999999999999993
2012-04-29 00:00:00 UTC,406,228,239284000,1.4477777777777776
2012-04-29 00:00:00 UTC,406,229,239284000,0.79305555555555551
2012-04-29 00:00:00 UTC,406,-375,224138280,2.2141666666666664
2012-04-29 00:00:00 UTC,662,-306,276388000,1.5333333333333332
2012-04-29 00:00:00 UTC,662,-308,219257000,1.5208333333333333
2012-04-29 00:00:00 UTC,662,-309,219257000,1.5408333333333333
2012-04-29 00:00:00 UTC,662,-259,251047110,6.454305555555556
2012-04-29 00:00:00 UTC,663,-126,251083110,7.1927777777777777
2012-04-29 00:00:00 UTC,663,-125,251083110,6.3859722222222217
2012-04-29 00:00:00 UTC,663,-305,276388000,3.09875
2012-04-29 00:00:00 UTC,663,-306,219257000,1.569722222222222
2012-04-29 00:00:00 UTC,663,-258,251047110,1.5443055555555556
2012-04-29 00:00:00 UTC,663,-259,251047110,0.29069444444444448
2012-04-29 00:00:00 UTC,663,-257,251047110,2.7956944444444445
2012-04-29 00:00:00 UTC,663,-256,251047110,1.5027777777777778
2012-04-29 00:00:00 UTC,408,-377,224138280,0.78319444444444453
2012-04-29 00:00:00 UTC,664,-169,251018000,8.74125
2012-04-29 00:00:00 UTC,664,-544,331155000,8.9858333333333338
2012-04-29 00:00:00 UTC,664,-139,251174000,7.9804166666666667
2012-04-29 00:00:00 UTC,664,-305,276388000,3.0694444444444446
2012-04-29 00:00:00 UTC,664,-304,276388000,1.5827777777777778
2012-04-29 00:00:00 UTC,664,-305,219257000,7.2254166666666677
2012-04-29 00:00:00 UTC,664,-304,219257000,1.5366666666666666
2012-04-29 00:00:00 UTC,664,-306,219257000,7.1311111111111112
2012-04-29 00:00:00 UTC,664,-255,251047110,3.134444444444445
2012-04-29 00:00:00 UTC,-360,531,441769000,0.73444444444444446
2012-04-29 00:00:00 UTC,-360,532,441769000,0.40833333333333333
2012-04-29 00:00:00 UTC,-104,-1039,431395000,3.5847222222222221
2012-04-29 00:00:00 UTC,665,-169,251018000,7.1265277777777785
2012-04-29 00:00:00 UTC,665,-170,251018000,3.0804166666666664
2012-04-29 00:00:00 UTC,665,-251,251035000,1.5331944444444443
2012-04-29 00:00:00 UTC,665,-253,251047110,6.365277777777778
2012-04-29 00:00:00 UTC,-359,-569,770576160,2.90375
2012-04-29 00:00:00 UTC,-359,-568,770576160,1.5413888888888891
2012-04-29 00:00:00 UTC,-359,-570,770576160,0.92777777777777781
2012-04-29 00:00:00 UTC,-103,-1041,431395000,1.5723611111111113
2012-04-29 00:00:00 UTC,666,-170,251018000,1.5458333333333334
2012-04-29 00:00:00 UTC,666,-169,251018000,1.5868055555555554
2012-04-29 00:00:00 UTC,666,-544,331155000,0.7779166666666667
2012-04-29 00:00:00 UTC,666,-229,251841270,0.79319444444444454
2012-04-29 00:00:00 UTC,-358,-570,770576160,1.7638888888888891
2012-04-29 00:00:00 UTC,-358,-566,770576160,1.6041666666666667
2012-04-29 00:00:00 UTC,-102,-1043,431395000,0.948472222222222
2012-04-29 00:00:00 UTC,667,-132,251040000,6.358194444444444
2012-04-29 00:00:00 UTC,667,-543,331155000,2.3097222222222222
2012-04-29 00:00:00 UTC,667,-129,251129000,1.5472222222222223
2012-04-29 00:00:00 UTC,667,-131,251129000,3.8070833333333334
2012-04-29 00:00:00 UTC,667,-130,251129000,8.72375
2012-04-29 00:00:00 UTC,-357,-565,770576160,1.5815277777777776
2012-04-29 00:00:00 UTC,-357,373,224318000,1.6856944444444446
2012-04-29 00:00:00 UTC,-357,371,224318000,0.075416666666666674
2012-04-29 00:00:00 UTC,-357,372,224318000,2.5501388888888887
2012-04-29 00:00:00 UTC,-101,-1044,431395000,1.0554166666666667
2012-04-29 00:00:00 UTC,668,-134,251040000,1.5893055555555557
2012-04-29 00:00:00 UTC,668,-162,251370110,6.3597222222222225
2012-04-29 00:00:00 UTC,668,-131,251129000,1.591388888888889
2012-04-29 00:00:00 UTC,-356,-563,770576160,1.5381944444444444
2012-04-29 00:00:00 UTC,-356,-564,770576160,1.59125
2012-04-29 00:00:00 UTC,-356,-563,770576120,2.9006944444444445
2012-04-29 00:00:00 UTC,-356,-562,770576120,14.84611111111111
2012-04-29 00:00:00 UTC,-356,-564,770576120,1.8056944444444445
2012-04-29 00:00:00 UTC,-356,-561,770576120,3.2475000000000005
2012-04-29 00:00:00 UTC,-356,-564,770576123,5.0523611111111109
2012-04-29 00:00:00 UTC,-356,-563,770576123,1.1830555555555555
2012-04-29 00:00:00 UTC,-356,-562,770576123,12.954305555555555
2012-04-29 00:00:00 UTC,-100,-1047,431395000,1.8611111111111112
2012-04-29 00:00:00 UTC,-100,-1199,431490000,1.8265277777777778
2012-04-29 00:00:00 UTC,-100,-1200,431490000,1.8751388888888889
2012-04-29 00:00:00 UTC,669,-199,251339110,1.525
2012-04-29 00:00:00 UTC,669,-200,251339110,7.8788888888888895
2012-04-29 00:00:00 UTC,669,-198,251339110,1.5474999999999999
2012-04-29 00:00:00 UTC,669,-201,251339110,7.9730555555555558
2012-04-29 00:00:00 UTC,669,-163,251370110,3.1487499999999997
2012-04-29 00:00:00 UTC,669,-164,251370110,6.3973611111111115
2012-04-29 00:00:00 UTC,-355,-563,770576160,0.79458333333333331
2012-04-29 00:00:00 UTC,-355,373,224318000,1.63875
2012-04-29 00:00:00 UTC,-355,370,263582000,1.5333333333333332
2012-04-29 00:00:00 UTC,-355,368,263582000,5.0525
2012-04-29 00:00:00 UTC,-355,-564,770576184,0.88069444444444445
2012-04-29 00:00:00 UTC,-355,-560,770576184,1.6123611111111111
2012-04-29 00:00:00 UTC,-355,-562,770576184,7.7629166666666665
2012-04-29 00:00:00 UTC,-355,-563,770576184,1.7027777777777777
2012-04-29 00:00:00 UTC,-355,-561,770576184,8.46
2012-04-29 00:00:00 UTC,-355,-562,770576185,9.3843055555555566
2012-04-29 00:00:00 UTC,-355,-561,770576185,9.2531944444444427
2012-04-29 00:00:00 UTC,-355,-563,770576185,2.206666666666667
2012-04-29 00:00:00 UTC,-355,-560,770576185,1.6073611111111112
2012-04-29 00:00:00 UTC,-355,403,224696000,1.0538888888888889
2012-04-29 00:00:00 UTC,-355,-569,770576113,1.3331944444444446
2012-04-29 00:00:00 UTC,-355,-561,770576123,5.6869444444444444
2012-04-29 00:00:00 UTC,-99,-1199,431490000,1.6468055555555556
2012-04-29 00:00:00 UTC,670,-200,251339110,2.3274999999999997
2012-04-29 00:00:00 UTC,670,-199,251339110,1.6222222222222222
2012-04-29 00:00:00 UTC,670,-165,251370110,3.077638888888889
2012-04-29 00:00:00 UTC,670,-164,251370110,1.5695833333333333
2012-04-29 00:00:00 UTC,-354,373,224318000,1.5218055555555554
2012-04-29 00:00:00 UTC,-354,-562,770576184,2.7704166666666667
2012-04-29 00:00:00 UTC,-354,-563,770576184,1.2705555555555557
2012-04-29 00:00:00 UTC,-354,-562,770576185,0.58458333333333323
2012-04-29 00:00:00 UTC,-354,-563,770576185,1.3875
2012-04-29 00:00:00 UTC,-354,-566,770576113,2.0883333333333329
2012-04-29 00:00:00 UTC,-354,-567,770576113,0.80819444444444444
2012-04-29 00:00:00 UTC,-354,-568,770576113,0.9820833333333332
2012-04-29 00:00:00 UTC,-354,-563,770576114,3.1716666666666664
2012-04-29 00:00:00 UTC,-354,-561,770576120,5.2972222222222225
2012-04-29 00:00:00 UTC,-98,-1049,431395000,1.8351388888888889
2012-04-29 00:00:00 UTC,-98,-1199,431490000,1.3683333333333332
2012-04-29 00:00:00 UTC,-353,373,224318000,0.76680555555555552
2012-04-29 00:00:00 UTC,-353,370,263582000,1.600972222222222
2012-04-29 00:00:00 UTC,-353,-562,5708,6.2006944444444443
2012-04-29 00:00:00 UTC,-353,-565,5708,3.158611111111111
2012-04-29 00:00:00 UTC,-353,-554,770576112,0.77499999999999991
2012-04-29 00:00:00 UTC,-353,-566,770576113,2.36375
2012-04-29 00:00:00 UTC,-353,-565,770576113,2.4475
2012-04-29 00:00:00 UTC,-353,-566,770576114,5.2711111111111109
2012-04-29 00:00:00 UTC,-353,-554,770576115,1.6058333333333332
2012-04-29 00:00:00 UTC,-97,-1049,431395000,1.8159722222222223
2012-04-29 00:00:00 UTC,-97,-1199,431490000,1.1888888888888887
2012-04-29 00:00:00 UTC,-97,-1200,431490000,1.8665277777777778
2012-04-29 00:00:00 UTC,672,-207,251159110,1.6138888888888889
2012-04-29 00:00:00 UTC,672,-208,251159110,6.4097222222222223
2012-04-29 00:00:00 UTC,672,-207,251145110,0.51625
2012-04-29 00:00:00 UTC,672,-206,251145110,0.76763888888888887
2012-04-29 00:00:00 UTC,-352,373,224318000,0.79583333333333339
2012-04-29 00:00:00 UTC,-352,370,263582000,1.5118055555555554
2012-04-29 00:00:00 UTC,-352,-562,5708,3.0945833333333335
2012-04-29 00:00:00 UTC,-352,-561,5708,3.0234722222222219
2012-04-29 00:00:00 UTC,-352,-556,770576096,1.5461111111111112
2012-04-29 00:00:00 UTC,-352,-554,770576096,2.2787499999999996
2012-04-29 00:00:00 UTC,-352,-554,770576112,0.79597222222222219
2012-04-29 00:00:00 UTC,-352,-554,770576115,4.6198611111111116
2012-04-29 00:00:00 UTC,-96,-1049,431395000,1.22125
2012-04-29 00:00:00 UTC,-96,-1199,431490000,1.3688888888888888
2012-04-29 00:00:00 UTC,673,-221,251519000,1.5430555555555556
2012-04-29 00:00:00 UTC,673,-218,251519000,1.5972222222222223
2012-04-29 00:00:00 UTC,673,-224,251519000,3.1108333333333333
2012-04-29 00:00:00 UTC,673,-222,251519000,7.9545833333333329
2012-04-29 00:00:00 UTC,673,-223,251519000,3.1109722222222222
2012-04-29 00:00:00 UTC,673,-216,251159110,1.5470833333333334
2012-04-29 00:00:00 UTC,673,-214,251159110,8.200277777777778
2012-04-29 00:00:00 UTC,673,-215,251159110,2.8275
2012-04-29 00:00:00 UTC,673,-215,251220110,1.2693055555555555
2012-04-29 00:00:00 UTC,673,-216,251220110,8.7208333333333332
2012-04-29 00:00:00 UTC,673,-214,251220110,7.9595833333333337
2012-04-29 00:00:00 UTC,673,-205,251145110,6.3630555555555564
2012-04-29 00:00:00 UTC,673,-204,251145110,4.7856944444444451
2012-04-29 00:00:00 UTC,673,-206,251145110,3.4641666666666664
2012-04-29 00:00:00 UTC,673,-207,251145110,3.6141666666666667
2012-04-29 00:00:00 UTC,673,-203,251230110,1.5415277777777778
2012-04-29 00:00:00 UTC,673,-204,251230110,0.80972222222222223
2012-04-29 00:00:00 UTC,673,-205,251230110,0.78638888888888892
2012-04-29 00:00:00 UTC,673,-206,251230110,1.5191666666666666
2012-04-29 00:00:00 UTC,673,-201,251097000,0.81930555555555551
2012-04-29 00:00:00 UTC,673,-202,251097000,0.773611111111111
2012-04-29 00:00:00 UTC,673,-200,251097000,6.327638888888889
2012-04-29 00:00:00 UTC,673,-216,251368110,1.5265277777777777
2012-04-29 00:00:00 UTC,673,-210,251368110,1.5388888888888888
2012-04-29 00:00:00 UTC,673,-209,251368110,7.0975
2012-04-29 00:00:00 UTC,673,-211,251368110,1.5377777777777779
2012-04-29 00:00:00 UTC,673,-215,251368110,3.1390277777777773
2012-04-29 00:00:00 UTC,673,-213,251368110,8.72638888888889
2012-04-29 00:00:00 UTC,-351,-555,770576131,1.6288888888888888
2012-04-29 00:00:00 UTC,-351,-554,770576131,5.7051388888888885
2012-04-29 00:00:00 UTC,-351,-556,770576131,1.3826388888888888
2012-04-29 00:00:00 UTC,-351,-558,770576131,5.7672222222222222
2012-04-29 00:00:00 UTC,-351,-555,770576176,6.8747222222222222
2012-04-29 00:00:00 UTC,-351,-558,770576176,5.3445833333333326
2012-04-29 00:00:00 UTC,-351,-554,770576176,0.85416666666666674
2012-04-29 00:00:00 UTC,-351,374,224318000,1.47625
2012-04-29 00:00:00 UTC,-351,371,263582000,1.6194444444444445
2012-04-29 00:00:00 UTC,-351,370,263582000,1.6815277777777777
2012-04-29 00:00:00 UTC,-351,-557,770576096,2.3566666666666665
2012-04-29 00:00:00 UTC,-351,-554,770576096,0.3997222222222222
2012-04-29 00:00:00 UTC,-351,-553,770576115,5.7176388888888887
2012-04-29 00:00:00 UTC,-351,-555,770576115,3.3254166666666665
2012-04-29 00:00:00 UTC,-95,-1050,431395000,0.55013888888888884
2012-04-29 00:00:00 UTC,-95,-1199,431490000,1.7184722222222222
2012-04-29 00:00:00 UTC,162,-168,312060000,0.88125
2012-04-29 00:00:00 UTC,162,-170,273250200,3.0462499999999997
2012-04-29 00:00:00 UTC,674,-219,251519000,6.3552777777777774
2012-04-29 00:00:00 UTC,674,113,257225000,4.7840277777777773
2012-04-29 00:00:00 UTC,674,-212,251159110,1.538888888888889
2012-04-29 00:00:00 UTC,674,-211,251159110,1.5181944444444446
2012-04-29 00:00:00 UTC,674,-213,251220110,2.5780555555555553
2012-04-29 00:00:00 UTC,674,-212,251220110,1.5345833333333334
2012-04-29 00:00:00 UTC,674,-211,251220110,1.5945833333333335
2012-04-29 00:00:00 UTC,674,-205,251230110,6.3834722222222222
2012-04-29 00:00:00 UTC,674,-207,251230110,6.3865277777777782
2012-04-29 00:00:00 UTC,674,-191,251790000,7.9316666666666666
2012-04-29 00:00:00 UTC,-350,-559,770576131,6.1201388888888886
2012-04-29 00:00:00 UTC,-350,-555,770576176,4.0193055555555555
2012-04-29 00:00:00 UTC,-350,-559,770576176,1.5416666666666665
2012-04-29 00:00:00 UTC,-350,374,224318000,0.78930555555555548
2012-04-29 00:00:00 UTC,-350,367,263582000,0.76958333333333329
2012-04-29 00:00:00 UTC,-350,366,263582000,0.46111111111111108
2012-04-29 00:00:00 UTC,-350,365,263582000,0.76083333333333336
2012-04-29 00:00:00 UTC,-350,332,224016000,1.5069444444444446
2012-04-29 00:00:00 UTC,-350,406,224696000,0.80916666666666659
2012-04-29 00:00:00 UTC,-350,-554,770576115,0.53166666666666662
2012-04-29 00:00:00 UTC,-94,-1050,431395000,0.36125
2012-04-29 00:00:00 UTC,-94,-1049,431395000,0.93111111111111122
2012-04-29 00:00:00 UTC,-94,-1199,431490000,1.7941666666666667
2012-04-29 00:00:00 UTC,163,-169,273259100,0.14319444444444446
2012-04-29 00:00:00 UTC,163,-168,312060000,6.84875
2012-04-29 00:00:00 UTC,163,-169,273250200,1.8601388888888888
2012-04-29 00:00:00 UTC,163,-170,273250200,2.8758333333333335
2012-04-29 00:00:00 UTC,163,-169,413219000,1.4865277777777779
2012-04-29 00:00:00 UTC,675,-204,251230110,1.5655555555555556
2012-04-29 00:00:00 UTC,675,-195,251097000,3.0848611111111111
2012-04-29 00:00:00 UTC,675,-197,251097000,1.5625
2012-04-29 00:00:00 UTC,675,-194,251097000,1.5444444444444443
2012-04-29 00:00:00 UTC,675,-190,251790000,1.5123611111111113
2012-04-29 00:00:00 UTC,675,-188,251790000,1.6001388888888888
2012-04-29 00:00:00 UTC,-349,-559,770576176,3.8570833333333332
2012-04-29 00:00:00 UTC,-349,363,263582000,0.91180555555555554
2012-04-29 00:00:00 UTC,-349,366,263582000,0.92222222222222228
2012-04-29 00:00:00 UTC,-349,364,263582000,0.70875
2012-04-29 00:00:00 UTC,-349,365,263582000,0.81
2012-04-29 00:00:00 UTC,-349,368,263582000,4.9143055555555559
2012-04-29 00:00:00 UTC,-349,-545,770576117,0.84833333333333338
2012-04-29 00:00:00 UTC,-349,-544,770576118,3.0368055555555555
2012-04-29 00:00:00 UTC,-93,-1281,432475000,1.845277777777778
2012-04-29 00:00:00 UTC,-93,-1049,431395000,1.0505555555555555
2012-04-29 00:00:00 UTC,-93,-1200,431490000,1.7566666666666664
2012-04-29 00:00:00 UTC,164,-169,273259100,0.51027777777777783
2012-04-29 00:00:00 UTC,164,-170,273259100,1.788888888888889
2012-04-29 00:00:00 UTC,164,-168,273259100,2.1940277777777779
2012-04-29 00:00:00 UTC,164,-170,312060000,3.1386111111111115
2012-04-29 00:00:00 UTC,164,-168,273250200,2.4556944444444442
2012-04-29 00:00:00 UTC,164,-170,273250200,4.5002777777777778
2012-04-29 00:00:00 UTC,164,-169,273250200,2.0041666666666669
2012-04-29 00:00:00 UTC,164,-169,413219000,3.9840277777777779
2012-04-29 00:00:00 UTC,164,-168,273352910,1.7820833333333332
2012-04-29 00:00:00 UTC,164,-169,273352910,1.7208333333333332
2012-04-29 00:00:00 UTC,164,-170,273352910,1.439861111111111
2012-04-29 00:00:00 UTC,676,-197,251097000,1.5651388888888889
2012-04-29 00:00:00 UTC,676,-196,251097000,7.9322222222222223
2012-04-29 00:00:00 UTC,676,-190,251790000,3.1068055555555558
2012-04-29 00:00:00 UTC,676,-188,251790000,7.8781944444444445
2012-04-29 00:00:00 UTC,-348,398,224696000,0.55986111111111125
2012-04-29 00:00:00 UTC,-348,406,224696000,1.5390277777777777
2012-04-29 00:00:00 UTC,-92,-1327,432468000,1.8230555555555554
2012-04-29 00:00:00 UTC,-92,-1283,432475000,1.8295833333333333
2012-04-29 00:00:00 UTC,-92,-1049,431395000,1.3593055555555555
2012-04-29 00:00:00 UTC,-92,-1199,431490000,1.8981944444444445
2012-04-29 00:00:00 UTC,165,-170,273259100,1.4680555555555554
2012-04-29 00:00:00 UTC,165,-169,273259100,1.5952777777777776
2012-04-29 00:00:00 UTC,165,-168,312060000,5.7266666666666666
2012-04-29 00:00:00 UTC,165,-169,312060000,2.3680555555555554
2012-04-29 00:00:00 UTC,165,-170,312060000,5.2629166666666674
2012-04-29 00:00:00 UTC,165,-170,273250200,1.4612500000000002
2012-04-29 00:00:00 UTC,165,-168,273250200,3.1068055555555554
2012-04-29 00:00:00 UTC,165,-169,273352910,4.1255555555555556
2012-04-29 00:00:00 UTC,165,-168,273352910,1.7698611111111111
2012-04-29 00:00:00 UTC,677,117,257225000,5.5459722222222219
2012-04-29 00:00:00 UTC,677,118,257225000,3.8927777777777774
2012-04-29 00:00:00 UTC,677,119,257225000,1.5841666666666665
2012-04-29 00:00:00 UTC,677,-189,251790000,1.5640277777777776
2012-04-29 00:00:00 UTC,-347,850,432405000,0.78333333333333344
2012-04-29 00:00:00 UTC,-347,851,432405000,0.85569444444444454
2012-04-29 00:00:00 UTC,-91,-1196,431797000,1.8711111111111109
2012-04-29 00:00:00 UTC,-91,-1328,432468000,0.90916666666666668
2012-04-29 00:00:00 UTC,-91,-1329,432468000,0.91486111111111112
2012-04-29 00:00:00 UTC,-91,-1283,432475000,1.6043055555555557
2012-04-29 00:00:00 UTC,-91,1773,520227000,1.9879166666666666
2012-04-29 00:00:00 UTC,-91,-1049,431395000,1.8126388888888889
2012-04-29 00:00:00 UTC,-91,-1200,431490000,1.6069444444444443
2012-04-29 00:00:00 UTC,166,-169,273259100,1.8090277777777777
2012-04-29 00:00:00 UTC,166,-168,273250200,0.80833333333333335
2012-04-29 00:00:00 UTC,166,-169,413219000,1.8018055555555557
2012-04-29 00:00:00 UTC,166,-169,273352910,1.8305555555555555
2012-04-29 00:00:00 UTC,678,118,257225000,1.5583333333333333
2012-04-29 00:00:00 UTC,678,120,257225000,1.5293055555555555
2012-04-29 00:00:00 UTC,678,119,257225000,4.70875
2012-04-29 00:00:00 UTC,-346,851,432405000,1.2244444444444444
2012-04-29 00:00:00 UTC,-346,850,432405000,1.5444444444444443
2012-04-29 00:00:00 UTC,-346,406,224696000,4.153888888888889
2012-04-29 00:00:00 UTC,-90,-1328,432468000,2.2461111111111109
2012-04-29 00:00:00 UTC,-90,-1283,432475000,1.3844444444444446
2012-04-29 00:00:00 UTC,-90,-1281,432475000,1.7723611111111111
2012-04-29 00:00:00 UTC,-90,1773,520227000,0.28805555555555556
2012-04-29 00:00:00 UTC,-90,1772,520227000,0.91152777777777771
2012-04-29 00:00:00 UTC,-90,-1200,431490000,3.8743055555555559
2012-04-29 00:00:00 UTC,679,-541,331165000,2.8040277777777773
2012-04-29 00:00:00 UTC,679,102,259607000,4.7770833333333336
2012-04-29 00:00:00 UTC,679,101,259607000,2.3341666666666665
2012-04-29 00:00:00 UTC,679,106,259607000,0.84027777777777768
2012-04-29 00:00:00 UTC,679,103,259607000,3.89375
2012-04-29 00:00:00 UTC,679,104,259607000,2.3144444444444447
2012-04-29 00:00:00 UTC,679,105,259607000,10.245416666666666
2012-04-29 00:00:00 UTC,-345,851,432405000,1.425138888888889
2012-04-29 00:00:00 UTC,-345,-744,725000850,4.5140277777777778
2012-04-29 00:00:00 UTC,-345,-745,725000850,2.427777777777778
2012-04-29 00:00:00 UTC,-89,-1196,431797000,1.7968055555555555
2012-04-29 00:00:00 UTC,-89,-1328,432468000,1.2316666666666669
2012-04-29 00:00:00 UTC,-89,-1284,432475000,1.1776388888888889
2012-04-29 00:00:00 UTC,-89,1772,520227000,1.1316666666666666
2012-04-29 00:00:00 UTC,-89,-1049,431395000,3.7877777777777779
2012-04-29 00:00:00 UTC,680,-542,331074000,1.6234722222222224
2012-04-29 00:00:00 UTC,680,-543,331074000,6.3679166666666669
2012-04-29 00:00:00 UTC,-344,851,432405000,1.6290277777777775
2012-04-29 00:00:00 UTC,-344,-744,725000850,3.1865277777777776
2012-04-29 00:00:00 UTC,-344,-516,431723000,1.5972222222222221
2012-04-29 00:00:00 UTC,-344,-518,431723000,1.5194444444444444
2012-04-29 00:00:00 UTC,-88,-1197,431797000,1.8254166666666665
2012-04-29 00:00:00 UTC,-88,-1329,432468000,0.9244444444444444
2012-04-29 00:00:00 UTC,-88,-1328,432468000,1.9573611111111109
2012-04-29 00:00:00 UTC,-88,80,431750000,6.3477777777777771
2012-04-29 00:00:00 UTC,-88,85,431750000,1.6069444444444443
2012-04-29 00:00:00 UTC,-88,82,431750000,2.6843055555555555
2012-04-29 00:00:00 UTC,-88,84,431750000,3.0181944444444442
2012-04-29 00:00:00 UTC,-88,87,431750000,1.2376388888888887
2012-04-29 00:00:00 UTC,-88,81,431750000,0.80569444444444438
2012-04-29 00:00:00 UTC,-88,86,431750000,0.90583333333333327
2012-04-29 00:00:00 UTC,-88,-1284,432475000,1.3852777777777776
2012-04-29 00:00:00 UTC,-88,1772,520227000,1.1836111111111112
2012-04-29 00:00:00 UTC,681,-539,331209000,1.58
2012-04-29 00:00:00 UTC,681,-540,331209000,21.301388888888884
2012-04-29 00:00:00 UTC,681,-541,331209000,0.78888888888888886
2012-04-29 00:00:00 UTC,681,-539,331238000,2.3158333333333334
2012-04-29 00:00:00 UTC,681,-545,331224000,4.9558333333333326
2012-04-29 00:00:00 UTC,681,-544,331224000,6.3758333333333335
2012-04-29 00:00:00 UTC,681,-542,331074000,1.5181944444444444
2012-04-29 00:00:00 UTC,-343,851,432405000,1.1779166666666667
2012-04-29 00:00:00 UTC,-343,-745,725004520,1.6030555555555555
2012-04-29 00:00:00 UTC,-343,-516,431723000,2.1256944444444446
2012-04-29 00:00:00 UTC,-343,-517,431723000,1.7222222222222223
2012-04-29 00:00:00 UTC,-87,-1197,431797000,1.64
2012-04-29 00:00:00 UTC,-87,-1328,432468000,1.8231944444444443
2012-04-29 00:00:00 UTC,-87,-1329,432468000,0.99861111111111112
2012-04-29 00:00:00 UTC,-87,86,431750000,1.4833333333333334
2012-04-29 00:00:00 UTC,-87,87,431750000,1.7483333333333331
2012-04-29 00:00:00 UTC,-87,-1281,432475000,1.0719444444444444
2012-04-29 00:00:00 UTC,-87,-1284,432475000,1.7731944444444445
2012-04-29 00:00:00 UTC,-87,1771,520227000,0.90986111111111112
2012-04-29 00:00:00 UTC,-87,1767,520227000,2.6894444444444447
2012-04-29 00:00:00 UTC,-87,1768,520227000,0.15930555555555556
2012-04-29 00:00:00 UTC,682,106,257105000,6.3473611111111108
2012-04-29 00:00:00 UTC,682,-539,331238000,8.6544444444444437
2012-04-29 00:00:00 UTC,682,-544,331224000,5.635416666666667
2012-04-29 00:00:00 UTC,682,-545,331224000,4.3759722222222219
2012-04-29 00:00:00 UTC,682,-546,331224000,2.2793055555555553
2012-04-29 00:00:00 UTC,682,-541,331074000,4.387083333333333
2012-04-29 00:00:00 UTC,682,-540,331074000,8.2072222222222226
2012-04-29 00:00:00 UTC,-342,851,432405000,6.4695833333333335
2012-04-29 00:00:00 UTC,-342,-516,431723000,0.79513888888888884
2012-04-29 00:00:00 UTC,-342,-513,431723000,1.5876388888888888
2012-04-29 00:00:00 UTC,-86,-1197,431797000,1.0899999999999999
2012-04-29 00:00:00 UTC,-86,-1196,431797000,1.8320833333333335
2012-04-29 00:00:00 UTC,-86,-1328,432468000,0.92541666666666667
2012-04-29 00:00:00 UTC,-86,-1284,432475000,1.7970833333333334
2012-04-29 00:00:00 UTC,-86,-1281,432475000,0.82388888888888889
2012-04-29 00:00:00 UTC,-86,1770,520227000,1.8120833333333333
2012-04-29 00:00:00 UTC,683,100,257105000,9.5209722222222233
2012-04-29 00:00:00 UTC,683,101,257105000,7.7791666666666668
2012-04-29 00:00:00 UTC,683,127,259565000,1.5504166666666666
2012-04-29 00:00:00 UTC,-341,-515,431723000,1.84125
2012-04-29 00:00:00 UTC,-85,-1197,431797000,1.1388888888888891
2012-04-29 00:00:00 UTC,-85,-1328,432468000,0.9948611111111112
2012-04-29 00:00:00 UTC,-85,1768,520227000,2.0540277777777778
2012-04-29 00:00:00 UTC,684,131,259565000,2.3704166666666664
2012-04-29 00:00:00 UTC,684,126,259565000,2.3394444444444442
2012-04-29 00:00:00 UTC,-340,-511,431723000,1.5484722222222222
2012-04-29 00:00:00 UTC,-340,-510,431723000,5.2833333333333332
2012-04-29 00:00:00 UTC,-84,-1197,431797000,1.6931944444444444
2012-04-29 00:00:00 UTC,-84,-1328,432468000,2.8179166666666666
2012-04-29 00:00:00 UTC,-84,-1330,432468000,1.8094444444444444
2012-04-29 00:00:00 UTC,-84,-1284,432475000,1.8304166666666668
2012-04-29 00:00:00 UTC,-84,-1281,432475000,4.3361111111111112
2012-04-29 00:00:00 UTC,-84,1770,520227000,1.9044444444444444
2012-04-29 00:00:00 UTC,685,130,259565000,3.9306944444444443
2012-04-29 00:00:00 UTC,-339,851,432405000,1.5486111111111109
2012-04-29 00:00:00 UTC,-339,-508,431700260,1.8795833333333332
2012-04-29 00:00:00 UTC,-339,-509,431700260,0.80944444444444441
2012-04-29 00:00:00 UTC,-339,826,432282000,3.1343055555555552
2012-04-29 00:00:00 UTC,-339,-509,431723000,0.82972222222222225
2012-04-29 00:00:00 UTC,-339,-508,431723000,4.428055555555555
2012-04-29 00:00:00 UTC,-83,-1196,431797000,3.6715277777777779
2012-04-29 00:00:00 UTC,-83,-1198,431797000,0.79444444444444451
2012-04-29 00:00:00 UTC,686,128,259565000,3.1297222222222221
2012-04-29 00:00:00 UTC,-338,826,432282000,1.2916666666666665
2012-04-29 00:00:00 UTC,-338,827,432282000,0.72944444444444445
2012-04-29 00:00:00 UTC,-82,-1198,431797000,0.9193055555555556
2012-04-29 00:00:00 UTC,-337,851,432405000,6.4223611111111119
2012-04-29 00:00:00 UTC,-337,-505,431700260,4.4909722222222221
2012-04-29 00:00:00 UTC,-337,-506,431700260,0.75
2012-04-29 00:00:00 UTC,-337,827,432282000,3.3898611111111103
2012-04-29 00:00:00 UTC,-337,836,431700210,4.9820833333333336
2012-04-29 00:00:00 UTC,-81,-1198,431797000,1.8220833333333335
2012-04-29 00:00:00 UTC,-81,-1330,432468000,4.36013888888889
2012-04-29 00:00:00 UTC,176,1623,431722000,0.57902777777777781
2012-04-29 00:00:00 UTC,176,-174,224452000,1.0238888888888888
2012-04-29 00:00:00 UTC,-336,-505,431700260,0.74472222222222217
2012-04-29 00:00:00 UTC,-336,828,432282000,5.7569444444444446
2012-04-29 00:00:00 UTC,-336,836,431700210,1.4419444444444445
2012-04-29 00:00:00 UTC,-80,-1198,431797000,1.8987500000000002
2012-04-29 00:00:00 UTC,433,-1246,367479750,1.6223611111111109
2012-04-29 00:00:00 UTC,-335,829,432282000,1.5581944444444444
2012-04-29 00:00:00 UTC,434,1469,273429800,3.1405555555555558
2012-04-29 00:00:00 UTC,434,1468,273429800,7.0061111111111112
2012-04-29 00:00:00 UTC,434,1470,273429800,7.0791666666666666
2012-04-29 00:00:00 UTC,434,-17,228315000,1.7490277777777778
2012-04-29 00:00:00 UTC,434,-18,228315000,0.51472222222222219
2012-04-29 00:00:00 UTC,434,-1246,366207650,1.5497222222222222
2012-04-29 00:00:00 UTC,434,-1247,367479750,7.2916666666666661
2012-04-29 00:00:00 UTC,434,-1246,367479750,3.1890277777777771
2012-04-29 00:00:00 UTC,-334,402,225374000,1.4691666666666667
2012-04-29 00:00:00 UTC,-334,403,225374000,0.78597222222222229
2012-04-29 00:00:00 UTC,-334,401,225374000,0.80861111111111117
2012-04-29 00:00:00 UTC,179,-174,224452000,0.48416666666666658
2012-04-29 00:00:00 UTC,435,1471,273429800,4.8627777777777776
2012-04-29 00:00:00 UTC,435,1470,273429800,1.6204166666666666
2012-04-29 00:00:00 UTC,435,-1246,366207650,13.842916666666667
2012-04-29 00:00:00 UTC,435,-1247,366207650,7.456666666666667
2012-04-29 00:00:00 UTC,435,-1246,367479750,11.074444444444444
2012-04-29 00:00:00 UTC,435,-1247,367479750,1.5056944444444444
2012-04-29 00:00:00 UTC,-333,-504,431700260,5.3208333333333329
2012-04-29 00:00:00 UTC,-333,401,225374000,1.5145833333333334
2012-04-29 00:00:00 UTC,-333,831,432282000,1.4325
2012-04-29 00:00:00 UTC,-333,836,431700210,6.4902777777777771
2012-04-29 00:00:00 UTC,-77,128,441295000,2.4543055555555555
2012-04-29 00:00:00 UTC,180,-174,224452000,0.581111111111111
2012-04-29 00:00:00 UTC,436,-1247,366207650,1.5154166666666669
2012-04-29 00:00:00 UTC,436,-1246,366207650,1.1331944444444444
2012-04-29 00:00:00 UTC,-332,832,432282000,5.7733333333333343
2012-04-29 00:00:00 UTC,-76,127,441295000,4.3912499999999994
2012-04-29 00:00:00 UTC,-76,128,441295000,0.26138888888888889
2012-04-29 00:00:00 UTC,-331,836,431700210,1.7216666666666667
2012-04-29 00:00:00 UTC,-75,127,441295000,6.2655555555555553
2012-04-29 00:00:00 UTC,-75,-1344,431329000,3.4163888888888887
2012-04-29 00:00:00 UTC,-330,835,431700210,1.7443055555555556
2012-04-29 00:00:00 UTC,-330,836,431700210,1.5347222222222219
2012-04-29 00:00:00 UTC,-74,-1057,432367000,1.9722222222222223
2012-04-29 00:00:00 UTC,-74,-1055,432367000,1.8679166666666667
2012-04-29 00:00:00 UTC,-74,127,441295000,0.78902777777777777
2012-04-29 00:00:00 UTC,-74,-1341,431329000,3.7023611111111112
2012-04-29 00:00:00 UTC,-74,-1344,431329000,1.8962499999999998
2012-04-29 00:00:00 UTC,695,159,273425330,3.9763888888888888
2012-04-29 00:00:00 UTC,-329,836,431700210,0.75180555555555562
2012-04-29 00:00:00 UTC,-73,1606,440670000,1.8052777777777778
2012-04-29 00:00:00 UTC,-73,-1056,432367000,1.820138888888889
2012-04-29 00:00:00 UTC,-73,127,441295000,1.3937499999999998
2012-04-29 00:00:00 UTC,-73,-1345,431329000,1.8247222222222224
2012-04-29 00:00:00 UTC,-73,-1342,431329000,1.8224999999999998
2012-04-29 00:00:00 UTC,-73,-1343,431329000,2.0388888888888888
2012-04-29 00:00:00 UTC,184,-166,312622000,5.48875
2012-04-29 00:00:00 UTC,184,-166,251745000,3.9813888888888882
2012-04-29 00:00:00 UTC,184,-165,251745000,0.924861111111111
2012-04-29 00:00:00 UTC,696,163,211207270,12.662777777777777
2012-04-29 00:00:00 UTC,696,164,211207270,8.7351388888888888
2012-04-29 00:00:00 UTC,696,161,273425330,2.3395833333333336
2012-04-29 00:00:00 UTC,696,159,273425330,1.5551388888888888
2012-04-29 00:00:00 UTC,696,163,232555000,7.0998611111111112
2012-04-29 00:00:00 UTC,696,162,232555000,7.1015277777777772
2012-04-29 00:00:00 UTC,696,165,232555000,1.547361111111111
2012-04-29 00:00:00 UTC,-328,836,431700210,1.27
2012-04-29 00:00:00 UTC,-72,1605,440670000,1.8115277777777776
2012-04-29 00:00:00 UTC,-72,1607,440670000,1.256388888888889
2012-04-29 00:00:00 UTC,-72,-1353,432454000,0.94291666666666663
2012-04-29 00:00:00 UTC,-72,-1335,431482000,3.649861111111111
2012-04-29 00:00:00 UTC,-72,-1059,432367000,1.8456944444444443
2012-04-29 00:00:00 UTC,-72,-1056,432367000,1.5366666666666666
2012-04-29 00:00:00 UTC,-72,126,441295000,1.5662500000000001
2012-04-29 00:00:00 UTC,-72,127,441295000,1.2584722222222222
2012-04-29 00:00:00 UTC,-72,-1345,431329000,1.8179166666666666
2012-04-29 00:00:00 UTC,-72,-1343,431329000,2.4612499999999997
2012-04-29 00:00:00 UTC,-72,-1344,431329000,1.8433333333333333
2012-04-29 00:00:00 UTC,-72,1590,440886000,3.0954166666666665
2012-04-29 00:00:00 UTC,-72,1593,440886000,2.629027777777778
2012-04-29 00:00:00 UTC,-72,1592,440886000,1.475
2012-04-29 00:00:00 UTC,-72,1595,440886000,0.78472222222222221
2012-04-29 00:00:00 UTC,-72,1591,440886000,1.9168055555555554
2012-04-29 00:00:00 UTC,-72,1594,440886000,0.77416666666666667
2012-04-29 00:00:00 UTC,697,167,211207270,6.213055555555556
2012-04-29 00:00:00 UTC,697,168,211207270,1.6026388888888889
2012-04-29 00:00:00 UTC,697,158,273293500,4.7625
2012-04-29 00:00:00 UTC,697,161,273293500,1.5458333333333334
2012-04-29 00:00:00 UTC,697,168,232555000,1.5491666666666668
2012-04-29 00:00:00 UTC,697,162,232555000,1.5415277777777776
2012-04-29 00:00:00 UTC,697,163,232555000,2.3390277777777779
2012-04-29 00:00:00 UTC,697,167,232555000,2.4286111111111111
2012-04-29 00:00:00 UTC,-327,836,431700210,1.5941666666666667
2012-04-29 00:00:00 UTC,-71,1605,440670000,5.4240277777777779
2012-04-29 00:00:00 UTC,-71,1607,440670000,0.82222222222222219
2012-04-29 00:00:00 UTC,-71,-1353,432454000,0.92930555555555561
2012-04-29 00:00:00 UTC,-71,-1335,431482000,0.91027777777777774
2012-04-29 00:00:00 UTC,-71,-1056,432367000,0.88069444444444445
2012-04-29 00:00:00 UTC,-71,-1344,431329000,3.0055555555555555
2012-04-29 00:00:00 UTC,-71,1594,440886000,1.2744444444444445
2012-04-29 00:00:00 UTC,-71,1597,440886000,1.8745833333333333
2012-04-29 00:00:00 UTC,-71,1595,440886000,2.2744444444444447
2012-04-29 00:00:00 UTC,-71,1592,440886000,1.8387499999999997
2012-04-29 00:00:00 UTC,-71,1593,440886000,0.97652777777777777
2012-04-29 00:00:00 UTC,-71,1598,440886000,3.4048611111111109
2012-04-29 00:00:00 UTC,-71,1596,440886000,1.8138888888888887
2012-04-29 00:00:00 UTC,698,170,273292700,1.5736111111111111
2012-04-29 00:00:00 UTC,698,166,273425330,3.876527777777778
2012-04-29 00:00:00 UTC,-70,1766,440821000,0.46277777777777779
2012-04-29 00:00:00 UTC,-70,1764,440821000,1.7304166666666667
2012-04-29 00:00:00 UTC,-70,1763,440821000,3.0190277777777776
2012-04-29 00:00:00 UTC,-70,1765,440821000,1.692361111111111
2012-04-29 00:00:00 UTC,-70,1606,440670000,1.8113888888888889
2012-04-29 00:00:00 UTC,-70,1605,440670000,1.4702777777777778
2012-04-29 00:00:00 UTC,-70,-1354,432454000,1.0858333333333334
2012-04-29 00:00:00 UTC,-70,-1352,432454000,1.8180555555555558
2012-04-29 00:00:00 UTC,-70,-1334,431482000,1.9473611111111111
2012-04-29 00:00:00 UTC,-70,-1335,431482000,1.5581944444444442
2012-04-29 00:00:00 UTC,-70,-1056,432367000,0.97000000000000008
2012-04-29 00:00:00 UTC,-70,-1060,432367000,0.80583333333333329
2012-04-29 00:00:00 UTC,699,171,273292700,1.6583333333333334
2012-04-29 00:00:00 UTC,699,167,273292700,3.1152777777777776
2012-04-29 00:00:00 UTC,699,167,273425330,1.5711111111111111
2012-04-29 00:00:00 UTC,699,170,273425330,2.4395833333333332
2012-04-29 00:00:00 UTC,699,168,273425330,7.0793055555555551
2012-04-29 00:00:00 UTC,699,169,273216200,1.5190277777777779
2012-04-29 00:00:00 UTC,699,172,273216200,3.9565277777777781
2012-04-29 00:00:00 UTC,699,173,273216200,3.9226388888888888
2012-04-29 00:00:00 UTC,-69,1766,440821000,1.7195833333333332
2012-04-29 00:00:00 UTC,-69,1763,440821000,3.6798611111111112
2012-04-29 00:00:00 UTC,-69,1606,440670000,1.8011111111111111
2012-04-29 00:00:00 UTC,-69,1607,440670000,0.80013888888888884
2012-04-29 00:00:00 UTC,-69,1605,440670000,1.5580555555555557
2012-04-29 00:00:00 UTC,-69,-1352,432454000,1.8176388888888888
2012-04-29 00:00:00 UTC,-69,-1354,432454000,0.78916666666666668
2012-04-29 00:00:00 UTC,-69,-1335,431482000,2.9952777777777775
2012-04-29 00:00:00 UTC,-69,-1056,432367000,1.1784722222222221
2012-04-29 00:00:00 UTC,-69,-1060,432367000,0.76069444444444456
2012-04-29 00:00:00 UTC,700,171,273292700,1.5541666666666667
2012-04-29 00:00:00 UTC,700,170,273216200,6.3005555555555555
2012-04-29 00:00:00 UTC,700,174,273216200,2.3725
2012-04-29 00:00:00 UTC,700,175,273216200,1.5720833333333333
2012-04-29 00:00:00 UTC,-324,836,431700210,1.5466666666666666
2012-04-29 00:00:00 UTC,-68,1766,440821000,1.4723611111111112
2012-04-29 00:00:00 UTC,-68,1605,440670000,2.4990277777777781
2012-04-29 00:00:00 UTC,-68,1606,440670000,1.4752777777777777
2012-04-29 00:00:00 UTC,-68,-1352,432454000,1.2877777777777779
2012-04-29 00:00:00 UTC,-68,-1056,432367000,0.91958333333333342
2012-04-29 00:00:00 UTC,701,172,273292700,3.1208333333333336
2012-04-29 00:00:00 UTC,-67,1766,440821000,1.8023611111111113
2012-04-29 00:00:00 UTC,-67,1767,440821000,1.8325
2012-04-29 00:00:00 UTC,-67,-1354,432454000,1.5747222222222219
2012-04-29 00:00:00 UTC,-67,-1352,432454000,1.182361111111111
2012-04-29 00:00:00 UTC,-67,-1335,431482000,1.82
2012-04-29 00:00:00 UTC,-67,-1056,432367000,1.8795833333333332
2012-04-29 00:00:00 UTC,-67,-1061,432367000,2.8973611111111111
2012-04-29 00:00:00 UTC,-67,-1060,432367000,0.68111111111111111
2012-04-29 00:00:00 UTC,702,171,273292700,1.5472222222222223
2012-04-29 00:00:00 UTC,-66,1605,440670000,1.6011111111111109
2012-04-29 00:00:00 UTC,-66,-1352,432454000,1.6802777777777778
2012-04-29 00:00:00 UTC,-66,-1334,431482000,3.66125
2012-04-29 00:00:00 UTC,447,1467,273869000,2.1459722222222224
2012-04-29 00:00:00 UTC,703,389,273216110,3.1833333333333336
2012-04-29 00:00:00 UTC,703,173,259576000,3.1308333333333334
2012-04-29 00:00:00 UTC,703,175,259576000,3.1470833333333332
2012-04-29 00:00:00 UTC,703,172,259576000,7.9345833333333333
2012-04-29 00:00:00 UTC,703,174,259576000,1.5458333333333334
2012-04-29 00:00:00 UTC,-65,-1352,432454000,1.3395833333333333
2012-04-29 00:00:00 UTC,-65,-1334,431482000,1.7711111111111111
2012-04-29 00:00:00 UTC,-65,-1335,431482000,0.93805555555555553
2012-04-29 00:00:00 UTC,-65,-1056,432367000,3.6568055555555556
2012-04-29 00:00:00 UTC,192,-169,312622000,0.90124999999999988
2012-04-29 00:00:00 UTC,448,1467,273869000,0.73708333333333331
2012-04-29 00:00:00 UTC,704,172,273312270,9.4536111111111119
2012-04-29 00:00:00 UTC,704,184,259378000,1.5916666666666668
2012-04-29 00:00:00 UTC,704,182,259378000,1.57625
2012-04-29 00:00:00 UTC,704,393,273216110,1.5416666666666665
2012-04-29 00:00:00 UTC,704,392,273216110,1.55
2012-04-29 00:00:00 UTC,704,390,273216110,1.5972222222222223
2012-04-29 00:00:00 UTC,704,173,259576000,4.7581944444444444
2012-04-29 00:00:00 UTC,704,172,259576000,1.5527777777777776
2012-04-29 00:00:00 UTC,704,174,331117000,3.0915277777777774
2012-04-29 00:00:00 UTC,704,176,331117000,2.3736111111111109
2012-04-29 00:00:00 UTC,704,176,273539800,1.5694444444444444
2012-04-29 00:00:00 UTC,704,173,273539800,0.82500000000000007
2012-04-29 00:00:00 UTC,704,179,273539800,1.5690277777777777
2012-04-29 00:00:00 UTC,-64,1770,440821000,0.83180555555555558
2012-04-29 00:00:00 UTC,-64,-1354,432454000,1.8377777777777777
2012-04-29 00:00:00 UTC,-64,-1352,432454000,1.8104166666666666
2012-04-29 00:00:00 UTC,-64,-1334,431482000,2.8483333333333332
2012-04-29 00:00:00 UTC,193,-169,312622000,3.2844444444444445
2012-04-29 00:00:00 UTC,193,-169,251745000,1.6666666666666667
2012-04-29 00:00:00 UTC,449,-1249,366804620,0.81930555555555562
2012-04-29 00:00:00 UTC,705,172,273312270,9.4675
2012-04-29 00:00:00 UTC,705,389,273428300,1.5029166666666667
2012-04-29 00:00:00 UTC,705,399,273428300,2.2859722222222221
2012-04-29 00:00:00 UTC,705,387,273428300,2.3791666666666664
2012-04-29 00:00:00 UTC,705,189,259378000,1.5623611111111111
2012-04-29 00:00:00 UTC,705,187,259378000,1.5723611111111111
2012-04-29 00:00:00 UTC,705,172,259441000,1.588888888888889
2012-04-29 00:00:00 UTC,705,396,273216110,1.5751388888888886
2012-04-29 00:00:00 UTC,705,397,273216110,5.5234722222222219
2012-04-29 00:00:00 UTC,705,394,273216110,1.5168055555555555
2012-04-29 00:00:00 UTC,705,310,259558000,4.7373611111111114
2012-04-29 00:00:00 UTC,705,172,273292700,3.9723611111111112
2012-04-29 00:00:00 UTC,705,309,259447000,4.7676388888888885
2012-04-29 00:00:00 UTC,705,309,257462500,3.1637500000000003
2012-04-29 00:00:00 UTC,-575,-668,701000313,1.6402777777777779
2012-04-29 00:00:00 UTC,-63,-1352,432454000,1.81
2012-04-29 00:00:00 UTC,-63,-1335,431482000,1.1833333333333333
2012-04-29 00:00:00 UTC,-63,-1334,431482000,1.42125
2012-04-29 00:00:00 UTC,706,173,273312270,3.1380555555555558
2012-04-29 00:00:00 UTC,706,205,258185000,5.5305555555555559
2012-04-29 00:00:00 UTC,706,206,258067000,3.1055555555555556
2012-04-29 00:00:00 UTC,706,202,258067000,7.0847222222222221
2012-04-29 00:00:00 UTC,706,208,258067000,2.33
2012-04-29 00:00:00 UTC,706,203,258067000,1.6573611111111113
2012-04-29 00:00:00 UTC,706,204,258067000,7.0945833333333335
2012-04-29 00:00:00 UTC,706,391,273428300,1.6181944444444445
2012-04-29 00:00:00 UTC,706,394,273428300,5.525
2012-04-29 00:00:00 UTC,706,402,273428300,2.38875
2012-04-29 00:00:00 UTC,706,207,259282000,4.7334722222222219
2012-04-29 00:00:00 UTC,706,204,259282000,3.1484722222222223
2012-04-29 00:00:00 UTC,706,199,259378000,4.759722222222222
2012-04-29 00:00:00 UTC,706,172,259441000,1.6027777777777779
2012-04-29 00:00:00 UTC,706,306,259558000,2.3984722222222223
2012-04-29 00:00:00 UTC,706,305,259558000,3.8890277777777778
2012-04-29 00:00:00 UTC,706,172,273292700,3.9626388888888888
2012-04-29 00:00:00 UTC,706,173,273292700,3.1166666666666667
2012-04-29 00:00:00 UTC,706,305,259447000,4.682777777777777
2012-04-29 00:00:00 UTC,-574,-668,701006182,1.7736111111111112
2012-04-29 00:00:00 UTC,-574,-669,701006182,7.2144444444444442
2012-04-29 00:00:00 UTC,-574,-667,701006182,1.5597222222222222
2012-04-29 00:00:00 UTC,-574,-670,701006182,2.1745833333333335
2012-04-29 00:00:00 UTC,-574,-668,701000313,1.6597222222222223
2012-04-29 00:00:00 UTC,-574,-669,701000313,8.76361111111111
2012-04-29 00:00:00 UTC,-574,-670,701000313,10.922500000000001
2012-04-29 00:00:00 UTC,-574,-671,701000313,1.3909722222222223
2012-04-29 00:00:00 UTC,-318,463,235007600,0.825
2012-04-29 00:00:00 UTC,195,-170,257483500,3.0418055555555554
2012-04-29 00:00:00 UTC,451,-1248,366804620,1.40375
2012-04-29 00:00:00 UTC,707,206,258067000,1.5640277777777776
2012-04-29 00:00:00 UTC,707,404,273428300,2.35
2012-04-29 00:00:00 UTC,707,172,259441000,3.1095833333333331
2012-04-29 00:00:00 UTC,707,182,273523100,5.53875
2012-04-29 00:00:00 UTC,707,173,273523100,5.479166666666667
2012-04-29 00:00:00 UTC,707,180,331117000,2.3418055555555553
2012-04-29 00:00:00 UTC,-573,-670,701006182,1.5570833333333334
2012-04-29 00:00:00 UTC,-573,-669,701006182,3.7048611111111112
2012-04-29 00:00:00 UTC,-317,460,235007600,1.5876388888888888
2012-04-29 00:00:00 UTC,-317,458,235007600,0.6333333333333333
2012-04-29 00:00:00 UTC,-61,-1354,432454000,3.7847222222222223
2012-04-29 00:00:00 UTC,-61,-1352,432454000,1.8844444444444444
2012-04-29 00:00:00 UTC,196,-171,258596000,0.93208333333333337
2012-04-29 00:00:00 UTC,196,-170,258596000,1.7320833333333334
2012-04-29 00:00:00 UTC,452,-1248,366804620,5.91
2012-04-29 00:00:00 UTC,708,216,273241100,1.5499999999999998
2012-04-29 00:00:00 UTC,708,173,273312270,1.5594444444444444
2012-04-29 00:00:00 UTC,708,372,259562000,1.5598611111111111
2012-04-29 00:00:00 UTC,708,376,259562000,3.9541666666666666
2012-04-29 00:00:00 UTC,708,375,259562000,3.1236111111111109
2012-04-29 00:00:00 UTC,708,211,257247000,3.1151388888888887
2012-04-29 00:00:00 UTC,708,403,273458200,1.5375
2012-04-29 00:00:00 UTC,708,221,258185000,0.8058333333333334
2012-04-29 00:00:00 UTC,708,222,258185000,0.79583333333333339
2012-04-29 00:00:00 UTC,708,172,259516000,2.4034722222222222
2012-04-29 00:00:00 UTC,708,172,259441000,1.5527777777777778
2012-04-29 00:00:00 UTC,708,173,259441000,1.5304166666666665
2012-04-29 00:00:00 UTC,708,173,273523100,1.5705555555555555
2012-04-29 00:00:00 UTC,708,174,273523100,10.279444444444444
2012-04-29 00:00:00 UTC,708,401,273213100,3.1709722222222223
2012-04-29 00:00:00 UTC,708,403,273213100,2.3443055555555556
2012-04-29 00:00:00 UTC,708,402,273415090,2.2769444444444442
2012-04-29 00:00:00 UTC,708,401,273415090,0.78180555555555564
2012-04-29 00:00:00 UTC,708,403,273415090,2.3363888888888891
2012-04-29 00:00:00 UTC,708,404,273415090,1.5709722222222222
2012-04-29 00:00:00 UTC,708,402,273298100,6.3111111111111118
2012-04-29 00:00:00 UTC,708,405,273298100,1.6208333333333331
2012-04-29 00:00:00 UTC,-572,-670,701006182,5.67
2012-04-29 00:00:00 UTC,-316,457,235007600,0.49055555555555552
2012-04-29 00:00:00 UTC,-316,458,235007600,0.56513888888888886
2012-04-29 00:00:00 UTC,-316,455,235007600,1.9766666666666666
2012-04-29 00:00:00 UTC,-316,456,235007600,1.9926388888888888
2012-04-29 00:00:00 UTC,-60,1769,440821000,1.2956944444444445
2012-04-29 00:00:00 UTC,197,-171,258596000,5
2012-04-29 00:00:00 UTC,453,-1248,366804620,7.28888888888889
2012-04-29 00:00:00 UTC,453,-538,316001017,6.495000000000001
2012-04-29 00:00:00 UTC,453,-536,316001017,1.4613888888888891
2012-04-29 00:00:00 UTC,709,216,273241100,3.1763888888888889
2012-04-29 00:00:00 UTC,709,217,273241100,5.5359722222222221
2012-04-29 00:00:00 UTC,709,376,259562000,3.1083333333333334
2012-04-29 00:00:00 UTC,709,375,259562000,3.9269444444444446
2012-04-29 00:00:00 UTC,709,372,259562000,4.7851388888888886
2012-04-29 00:00:00 UTC,709,211,257247000,1.5625
2012-04-29 00:00:00 UTC,709,210,257247000,8.7197222222222219
2012-04-29 00:00:00 UTC,709,424,273429300,0.78736111111111107
2012-04-29 00:00:00 UTC,709,430,273429300,1.487638888888889
2012-04-29 00:00:00 UTC,709,425,273429300,0.77777777777777779
2012-04-29 00:00:00 UTC,709,216,273555000,5.4744444444444449
2012-04-29 00:00:00 UTC,709,171,259516000,5.4294444444444441
2012-04-29 00:00:00 UTC,709,175,259516000,4.7501388888888894
2012-04-29 00:00:00 UTC,709,172,259441000,6.3765277777777776
2012-04-29 00:00:00 UTC,709,177,259365000,1.5834722222222222
2012-04-29 00:00:00 UTC,709,176,259365000,3.1248611111111115
2012-04-29 00:00:00 UTC,709,175,259365000,6.3318055555555555
2012-04-29 00:00:00 UTC,709,174,273523100,1.5513888888888889
2012-04-29 00:00:00 UTC,709,404,273213100,2.3836111111111111
2012-04-29 00:00:00 UTC,709,403,273213100,9.5338888888888889
2012-04-29 00:00:00 UTC,709,404,273415090,7.2045833333333329
2012-04-29 00:00:00 UTC,709,403,273415090,1.5556944444444445
2012-04-29 00:00:00 UTC,709,407,273298100,1.5569444444444445
2012-04-29 00:00:00 UTC,709,403,273298100,1.5597222222222222
2012-04-29 00:00:00 UTC,709,405,273298100,3.9222222222222221
2012-04-29 00:00:00 UTC,709,177,331117000,1.5680555555555555
2012-04-29 00:00:00 UTC,709,172,259106000,4.787638888888889
2012-04-29 00:00:00 UTC,-315,410,263577600,1.6484722222222223
2012-04-29 00:00:00 UTC,454,-1248,366804620,6.2811111111111115
2012-04-29 00:00:00 UTC,710,218,273241100,2.3708333333333331
2012-04-29 00:00:00 UTC,710,217,273241100,2.3234722222222222
2012-04-29 00:00:00 UTC,710,210,257247000,0.7581944444444445
2012-04-29 00:00:00 UTC,710,217,273555000,7.9025
2012-04-29 00:00:00 UTC,710,215,273433400,6.3119444444444444
2012-04-29 00:00:00 UTC,710,173,259516000,1.5662500000000001
2012-04-29 00:00:00 UTC,710,170,259516000,3.087361111111111
2012-04-29 00:00:00 UTC,710,171,259441000,1.5568055555555556
2012-04-29 00:00:00 UTC,710,175,259365000,1.5455555555555556
2012-04-29 00:00:00 UTC,710,174,259365000,2.36
2012-04-29 00:00:00 UTC,710,404,273213100,1.5554166666666667
2012-04-29 00:00:00 UTC,710,403,273213100,4.63875
2012-04-29 00:00:00 UTC,710,403,273415090,1.5508333333333333
2012-04-29 00:00:00 UTC,710,261,259203000,3.1945833333333331
2012-04-29 00:00:00 UTC,710,242,257312740,1.5613888888888887
2012-04-29 00:00:00 UTC,-314,410,263577600,1.1494444444444445
2012-04-29 00:00:00 UTC,-314,355,224132000,3.6408333333333336
2012-04-29 00:00:00 UTC,-314,357,224132000,0.91680555555555554
2012-04-29 00:00:00 UTC,-314,356,224132000,0.80861111111111117
2012-04-29 00:00:00 UTC,199,-171,258596000,0.77930555555555547
2012-04-29 00:00:00 UTC,711,255,259637000,2.372638888888889
2012-04-29 00:00:00 UTC,711,219,273241100,1.5497222222222222
2012-04-29 00:00:00 UTC,711,217,273241100,4.0041666666666664
2012-04-29 00:00:00 UTC,711,218,273241100,1.5581944444444444
2012-04-29 00:00:00 UTC,711,218,273552400,7.8334722222222215
2012-04-29 00:00:00 UTC,711,217,273552400,3.9204166666666662
2012-04-29 00:00:00 UTC,711,216,273552400,4.7766666666666664
2012-04-29 00:00:00 UTC,711,239,259092000,1.5652777777777778
2012-04-29 00:00:00 UTC,711,238,259092000,1.5433333333333334
2012-04-29 00:00:00 UTC,711,237,259092000,3.9627777777777777
2012-04-29 00:00:00 UTC,711,435,273429300,1.5556944444444445
2012-04-29 00:00:00 UTC,711,437,273429300,1.6179166666666667
2012-04-29 00:00:00 UTC,711,218,273555000,2.3611111111111112
2012-04-29 00:00:00 UTC,711,217,273555000,4.6805555555555554
2012-04-29 00:00:00 UTC,711,363,273427000,3.1806944444444447
2012-04-29 00:00:00 UTC,711,364,273427000,3.1222222222222222
2012-04-29 00:00:00 UTC,711,361,273427000,1.6027777777777779
2012-04-29 00:00:00 UTC,711,362,273427000,7.0750000000000011
2012-04-29 00:00:00 UTC,711,214,273433400,1.5694444444444444
2012-04-29 00:00:00 UTC,711,215,273433400,1.5763888888888888
2012-04-29 00:00:00 UTC,711,218,273433400,14.113888888888891
2012-04-29 00:00:00 UTC,711,217,273550400,5.5825
2012-04-29 00:00:00 UTC,711,218,273550400,14.955
2012-04-29 00:00:00 UTC,711,170,259516000,1.5944444444444446
2012-04-29 00:00:00 UTC,711,169,259516000,4.03125
2012-04-29 00:00:00 UTC,711,170,259441000,1.5527777777777778
2012-04-29 00:00:00 UTC,711,170,259365000,2.3569444444444443
2012-04-29 00:00:00 UTC,711,175,259365000,4.7763888888888886
2012-04-29 00:00:00 UTC,711,401,273298100,2.3181944444444444
2012-04-29 00:00:00 UTC,711,260,259203000,1.5581944444444444
2012-04-29 00:00:00 UTC,711,261,259203000,6.2265277777777772
2012-04-29 00:00:00 UTC,711,439,273559500,1.5879166666666666
2012-04-29 00:00:00 UTC,711,438,273559500,1.5858333333333334
2012-04-29 00:00:00 UTC,711,436,273559500,10.339722222222221
2012-04-29 00:00:00 UTC,711,437,273559500,1.5140277777777778
2012-04-29 00:00:00 UTC,711,437,273454800,3.1211111111111114
2012-04-29 00:00:00 UTC,711,435,273454800,4.7847222222222223
2012-04-29 00:00:00 UTC,711,212,259691000,0.81652777777777774
2012-04-29 00:00:00 UTC,711,215,259691000,1.5380555555555555
2012-04-29 00:00:00 UTC,711,182,259691000,3.9902777777777776
2012-04-29 00:00:00 UTC,711,213,259691000,0.76583333333333337
2012-04-29 00:00:00 UTC,-313,417,263577600,1.5222222222222221
2012-04-29 00:00:00 UTC,-313,416,263577600,0.62263888888888885
2012-04-29 00:00:00 UTC,-313,415,263577600,0.94125000000000014
2012-04-29 00:00:00 UTC,-313,358,224132000,0.69305555555555554
2012-04-29 00:00:00 UTC,200,-172,257483500,0.84180555555555547
2012-04-29 00:00:00 UTC,456,-482,273354540,3.3181944444444444
2012-04-29 00:00:00 UTC,712,220,273241100,1.5552777777777778
2012-04-29 00:00:00 UTC,712,219,273552400,1.5483333333333333
2012-04-29 00:00:00 UTC,712,218,273552400,1.5523611111111111
2012-04-29 00:00:00 UTC,712,280,258154000,1.607361111111111
2012-04-29 00:00:00 UTC,712,281,258154000,1.629027777777778
2012-04-29 00:00:00 UTC,712,433,273429300,1.58875
2012-04-29 00:00:00 UTC,712,432,273429300,1.5695833333333333
2012-04-29 00:00:00 UTC,712,436,273429300,3.1373611111111113
2012-04-29 00:00:00 UTC,712,434,273429300,4.7373611111111114
2012-04-29 00:00:00 UTC,712,363,273427000,8.725138888888889
2012-04-29 00:00:00 UTC,712,362,273427000,3.066527777777778
2012-04-29 00:00:00 UTC,712,219,273550400,1.5709722222222222
2012-04-29 00:00:00 UTC,712,218,273550400,1.5098611111111113
2012-04-29 00:00:00 UTC,712,169,259441000,3.9779166666666668
2012-04-29 00:00:00 UTC,712,432,273292400,3.1579166666666669
2012-04-29 00:00:00 UTC,712,434,273292400,7.9120833333333334
2012-04-29 00:00:00 UTC,712,433,273292400,3.09875
2012-04-29 00:00:00 UTC,712,436,273292400,3.1270833333333332
2012-04-29 00:00:00 UTC,712,169,259365000,1.5316666666666667
2012-04-29 00:00:00 UTC,712,207,273317270,2.3880555555555554
2012-04-29 00:00:00 UTC,712,206,273317270,2.3356944444444445
2012-04-29 00:00:00 UTC,712,205,273317270,3.1733333333333333
2012-04-29 00:00:00 UTC,712,208,273317270,5.4052777777777781
2012-04-29 00:00:00 UTC,712,209,273317270,1.5386111111111109
2012-04-29 00:00:00 UTC,712,204,273317270,1.5670833333333332
2012-04-29 00:00:00 UTC,712,356,273517500,3.1672222222222222
2012-04-29 00:00:00 UTC,712,358,273517500,1.55125
2012-04-29 00:00:00 UTC,712,357,273517500,7.0373611111111112
2012-04-29 00:00:00 UTC,712,435,273559500,3.1195833333333334
2012-04-29 00:00:00 UTC,712,431,273559500,1.5626388888888889
2012-04-29 00:00:00 UTC,712,433,273559500,3.1358333333333333
2012-04-29 00:00:00 UTC,712,432,273454800,2.3265277777777778
2012-04-29 00:00:00 UTC,712,433,273454800,0.78208333333333324
2012-04-29 00:00:00 UTC,712,434,273454800,8.7156944444444449
2012-04-29 00:00:00 UTC,712,205,259691000,3.975
2012-04-29 00:00:00 UTC,712,208,259691000,1.5498611111111111
2012-04-29 00:00:00 UTC,712,210,259691000,3.1430555555555557
2012-04-29 00:00:00 UTC,712,211,259691000,3.1333333333333337
2012-04-29 00:00:00 UTC,201,-172,258596000,3.7831944444444439
2012-04-29 00:00:00 UTC,201,-171,258596000,0.48444444444444446
2012-04-29 00:00:00 UTC,201,-172,257483500,3.0236111111111112
2012-04-29 00:00:00 UTC,457,-479,273354540,1.5952777777777776
2012-04-29 00:00:00 UTC,457,-480,273354540,2.4140277777777777
2012-04-29 00:00:00 UTC,713,281,258154000,7.0677777777777777
2012-04-29 00:00:00 UTC,713,280,258154000,4.6223611111111111
2012-04-29 00:00:00 UTC,713,167,259516000,3.9745833333333334
2012-04-29 00:00:00 UTC,713,430,273292400,3.1569444444444446
2012-04-29 00:00:00 UTC,713,431,273292400,3.9541666666666666
2012-04-29 00:00:00 UTC,713,395,273298100,5.5859722222222219
2012-04-29 00:00:00 UTC,713,396,273298100,1.5431944444444445
2012-04-29 00:00:00 UTC,713,360,273517500,3.1925
2012-04-29 00:00:00 UTC,713,361,273517500,3.0791666666666666
2012-04-29 00:00:00 UTC,713,358,273517500,4.0597222222222227
2012-04-29 00:00:00 UTC,713,359,273517500,1.558472222222222
2012-04-29 00:00:00 UTC,713,430,273559500,1.5577777777777777
2012-04-29 00:00:00 UTC,713,430,273454800,3.1072222222222221
2012-04-29 00:00:00 UTC,713,431,273454800,1.5666666666666667
2012-04-29 00:00:00 UTC,202,-171,258596000,9.8970833333333328
2012-04-29 00:00:00 UTC,202,-171,257483500,4.0083333333333337
2012-04-29 00:00:00 UTC,458,-478,273354540,2.4055555555555554
2012-04-29 00:00:00 UTC,458,-533,316001017,5.7276388888888894
2012-04-29 00:00:00 UTC,714,281,258154000,3.1279166666666667
2012-04-29 00:00:00 UTC,714,280,258154000,3.1747222222222224
2012-04-29 00:00:00 UTC,714,167,258504000,3.125
2012-04-29 00:00:00 UTC,714,166,258504000,6.2916666666666661
2012-04-29 00:00:00 UTC,714,166,259683000,7.8544444444444439
2012-04-29 00:00:00 UTC,714,167,259683000,6.281944444444445
2012-04-29 00:00:00 UTC,-566,-694,725002350,0.7713888888888889
2012-04-29 00:00:00 UTC,-566,-694,725000667,0.77083333333333337
2012-04-29 00:00:00 UTC,-310,379,224049460,1.9768055555555555
2012-04-29 00:00:00 UTC,-310,380,224049460,1.9822222222222221
2012-04-29 00:00:00 UTC,-310,381,224096840,2.0255555555555551
2012-04-29 00:00:00 UTC,715,307,258483000,6.2943055555555558
2012-04-29 00:00:00 UTC,715,166,258504000,1.5527777777777778
2012-04-29 00:00:00 UTC,715,165,258504000,3.1987500000000004
2012-04-29 00:00:00 UTC,715,165,259441000,3.9569444444444444
2012-04-29 00:00:00 UTC,715,166,257554600,2.4404166666666667
2012-04-29 00:00:00 UTC,715,165,257554600,13.394305555555555
2012-04-29 00:00:00 UTC,715,165,259683000,1.5694444444444444
2012-04-29 00:00:00 UTC,715,166,259683000,3.1629166666666668
2012-04-29 00:00:00 UTC,-565,-694,725002350,1.5922222222222222
2012-04-29 00:00:00 UTC,-565,-695,725002350,1.5679166666666666
2012-04-29 00:00:00 UTC,-565,-696,725002350,0.74527777777777782
2012-04-29 00:00:00 UTC,-565,-694,725000667,1.5569444444444445
2012-04-29 00:00:00 UTC,-565,-696,725000667,0.57624999999999993
2012-04-29 00:00:00 UTC,-565,-695,725000667,2.348611111111111
2012-04-29 00:00:00 UTC,-309,380,224049460,1.6027777777777779
2012-04-29 00:00:00 UTC,-309,379,224049460,0.80972222222222223
2012-04-29 00:00:00 UTC,-309,380,224096840,0.742361111111111
2012-04-29 00:00:00 UTC,-309,385,224096840,1.6304166666666666
2012-04-29 00:00:00 UTC,-53,-1621,366927000,0.91791666666666671
2012-04-29 00:00:00 UTC,-53,-1620,366927000,5.558472222222222
2012-04-29 00:00:00 UTC,716,306,258483000,1.55
2012-04-29 00:00:00 UTC,716,307,258483000,1.5654166666666667
2012-04-29 00:00:00 UTC,716,164,258504000,3.1334722222222222
2012-04-29 00:00:00 UTC,716,163,258504000,4.758055555555555
2012-04-29 00:00:00 UTC,716,164,257554600,2.3347222222222221
2012-04-29 00:00:00 UTC,716,163,257554600,1.5638888888888889
2012-04-29 00:00:00 UTC,716,164,258371000,7.1291666666666664
2012-04-29 00:00:00 UTC,716,165,331117000,8.8206944444444453
2012-04-29 00:00:00 UTC,-308,380,224049460,1.7276388888888889
2012-04-29 00:00:00 UTC,-308,379,224049460,0.91833333333333322
2012-04-29 00:00:00 UTC,-308,386,224096840,1.737222222222222
2012-04-29 00:00:00 UTC,-308,380,224096840,1.2122222222222221
2012-04-29 00:00:00 UTC,717,306,258483000,7.1073611111111106
2012-04-29 00:00:00 UTC,717,163,258504000,1.574861111111111
2012-04-29 00:00:00 UTC,717,160,257554600,1.5623611111111111
2012-04-29 00:00:00 UTC,717,161,258371000,3.9720833333333334
2012-04-29 00:00:00 UTC,717,162,259683000,4.7431944444444447
2012-04-29 00:00:00 UTC,-563,-667,725002360,1.5415277777777778
2012-04-29 00:00:00 UTC,-307,379,224049460,1.5552777777777778
2012-04-29 00:00:00 UTC,-307,385,224096840,1.5295833333333331
2012-04-29 00:00:00 UTC,-51,579,416078600,1.9
2012-04-29 00:00:00 UTC,718,306,258483000,5.5490277777777779
2012-04-29 00:00:00 UTC,718,307,258483000,1.5633333333333335
2012-04-29 00:00:00 UTC,-562,-666,725002360,5.6708333333333343
2012-04-29 00:00:00 UTC,-562,-667,725002360,0.90194444444444444
2012-04-29 00:00:00 UTC,-306,379,224049460,1.4315277777777777
2012-04-29 00:00:00 UTC,-306,378,224049460,1.6068055555555554
2012-04-29 00:00:00 UTC,-306,380,224096840,1.7305555555555556
2012-04-29 00:00:00 UTC,-306,384,224096840,1.5380555555555557
2012-04-29 00:00:00 UTC,-306,316,431782000,1.6302777777777779
2012-04-29 00:00:00 UTC,-306,315,431782000,0.975
2012-04-29 00:00:00 UTC,-306,311,431782000,0.685
2012-04-29 00:00:00 UTC,-50,581,416078600,3.4854166666666666
2012-04-29 00:00:00 UTC,-50,582,416078600,1.9936111111111112
2012-04-29 00:00:00 UTC,-50,580,416078600,1.71375
2012-04-29 00:00:00 UTC,-50,578,416078600,4.2155555555555555
2012-04-29 00:00:00 UTC,207,-170,312027000,9.3490277777777777
2012-04-29 00:00:00 UTC,-561,-712,725002350,1.5954166666666667
2012-04-29 00:00:00 UTC,-305,378,224049460,5.7677777777777788
2012-04-29 00:00:00 UTC,-305,383,224096840,1.53125
2012-04-29 00:00:00 UTC,-305,314,431782000,1.7302777777777778
2012-04-29 00:00:00 UTC,-305,315,431782000,1.7473611111111111
2012-04-29 00:00:00 UTC,-305,311,431782000,1.5627777777777778
2012-04-29 00:00:00 UTC,-49,581,416078600,1.3361111111111112
2012-04-29 00:00:00 UTC,-49,579,416078600,4.1568055555555556
2012-04-29 00:00:00 UTC,-49,580,416078600,3.2347222222222221
2012-04-29 00:00:00 UTC,-49,582,416078600,1.7373611111111111
2012-04-29 00:00:00 UTC,-560,-712,725002350,5.6209722222222229
2012-04-29 00:00:00 UTC,-304,377,224049460,4.2529166666666667
2012-04-29 00:00:00 UTC,-304,379,224096840,1.6045833333333333
2012-04-29 00:00:00 UTC,-304,383,224096840,4.0945833333333335
2012-04-29 00:00:00 UTC,-304,314,431782000,0.7125
2012-04-29 00:00:00 UTC,-304,315,431782000,1.2656944444444445
2012-04-29 00:00:00 UTC,721,165,257056600,1.533611111111111
2012-04-29 00:00:00 UTC,-303,314,431782000,1.3375
2012-04-29 00:00:00 UTC,722,165,257056600,9.5106944444444448
2012-04-29 00:00:00 UTC,722,164,257056600,8.6680555555555561
2012-04-29 00:00:00 UTC,-302,379,224096840,4.295
2012-04-29 00:00:00 UTC,-302,364,224022910,1.2038888888888888
2012-04-29 00:00:00 UTC,-302,-726,725000880,2.266805555555556
2012-04-29 00:00:00 UTC,-302,-727,725000880,2.1693055555555558
2012-04-29 00:00:00 UTC,467,1519,273899000,2.4294444444444445
2012-04-29 00:00:00 UTC,723,163,257056600,3.8919444444444444
2012-04-29 00:00:00 UTC,723,161,259457000,1.5579166666666666
2012-04-29 00:00:00 UTC,723,162,259457000,1.5722222222222222
2012-04-29 00:00:00 UTC,-301,361,224022910,2.2751388888888888
2012-04-29 00:00:00 UTC,-301,365,224022910,1.6279166666666667
2012-04-29 00:00:00 UTC,-301,363,224022910,4.2698611111111111
2012-04-29 00:00:00 UTC,-301,-726,725000880,3.4054166666666665
2012-04-29 00:00:00 UTC,-45,-1577,735059089,0.36124999999999996
2012-04-29 00:00:00 UTC,-45,-1576,735059089,3.701111111111111
2012-04-29 00:00:00 UTC,468,1520,273899000,3.200277777777778
2012-04-29 00:00:00 UTC,724,160,259457000,5.5551388888888891
2012-04-29 00:00:00 UTC,724,159,259457000,3.0570833333333334
2012-04-29 00:00:00 UTC,724,158,259457000,1.6684722222222221
2012-04-29 00:00:00 UTC,724,156,259457000,2.3640277777777778
2012-04-29 00:00:00 UTC,724,157,259457000,1.5609722222222222
2012-04-29 00:00:00 UTC,724,155,259457000,7.09
2012-04-29 00:00:00 UTC,-300,361,224022910,4.2583333333333329
2012-04-29 00:00:00 UTC,-300,360,224022910,4.2152777777777777
2012-04-29 00:00:00 UTC,-299,363,224022910,1.5722222222222222
2012-04-29 00:00:00 UTC,-299,365,224022910,1.72625
2012-04-29 00:00:00 UTC,470,1523,273899000,1.3220833333333335
2012-04-29 00:00:00 UTC,470,1522,273899000,5.6359722222222226
2012-04-29 00:00:00 UTC,-553,-365,512027000,0.77347222222222223
2012-04-29 00:00:00 UTC,-553,-364,512027000,2.1858333333333331
2012-04-29 00:00:00 UTC,-553,-363,512027000,2.4026388888888888
2012-04-29 00:00:00 UTC,-297,32,224438000,4.1781944444444443
2012-04-29 00:00:00 UTC,472,-485,316002350,4.5655555555555551
2012-04-29 00:00:00 UTC,728,283,259519000,7.8431944444444444
2012-04-29 00:00:00 UTC,728,282,259519000,1.637361111111111
2012-04-29 00:00:00 UTC,728,267,257466000,6.3350000000000009
2012-04-29 00:00:00 UTC,728,271,257466000,1.5668055555555556
2012-04-29 00:00:00 UTC,-552,-365,512027000,6.4825
2012-04-29 00:00:00 UTC,-552,-366,512027000,1.5809722222222224
2012-04-29 00:00:00 UTC,-552,-364,512027000,8.7284722222222211
2012-04-29 00:00:00 UTC,-296,-719,725001250,2.080138888888889
2012-04-29 00:00:00 UTC,-296,34,224438000,4.3304166666666664
2012-04-29 00:00:00 UTC,-296,31,224438000,1.6122222222222222
2012-04-29 00:00:00 UTC,-296,32,224438000,1.7374999999999998
2012-04-29 00:00:00 UTC,-40,1755,529415000,3.6959722222222222
2012-04-29 00:00:00 UTC,-40,1756,529415000,1.8013888888888889
2012-04-29 00:00:00 UTC,-40,1758,529415000,1.5568055555555556
2012-04-29 00:00:00 UTC,-40,1757,529415000,0.88847222222222222
2012-04-29 00:00:00 UTC,473,-485,316002350,1.9458333333333333
2012-04-29 00:00:00 UTC,729,283,259519000,3.2041666666666666
2012-04-29 00:00:00 UTC,729,267,257466000,3.1701388888888888
2012-04-29 00:00:00 UTC,729,272,257466000,3.9495833333333334
2012-04-29 00:00:00 UTC,729,268,257466000,3.1783333333333337
2012-04-29 00:00:00 UTC,-295,-719,725001250,2.7199999999999998
2012-04-29 00:00:00 UTC,-295,28,224438000,1.1820833333333334
2012-04-29 00:00:00 UTC,-295,29,224438000,0.48180555555555554
2012-04-29 00:00:00 UTC,-295,30,224438000,1.5043055555555553
2012-04-29 00:00:00 UTC,-295,31,224438000,1.5252777777777777
2012-04-29 00:00:00 UTC,-39,1755,529415000,1.2168055555555557
2012-04-29 00:00:00 UTC,-39,1757,529415000,2.290972222222222
2012-04-29 00:00:00 UTC,-39,1756,529415000,1.0940277777777778
2012-04-29 00:00:00 UTC,-39,1753,529415000,3.6181944444444447
2012-04-29 00:00:00 UTC,-39,1754,529415000,1.8206944444444444
2012-04-29 00:00:00 UTC,-39,1752,529415000,1.8931944444444444
2012-04-29 00:00:00 UTC,-39,1758,529415000,1.695972222222222
2012-04-29 00:00:00 UTC,730,283,258376000,4.7433333333333332
2012-04-29 00:00:00 UTC,730,284,258376000,1.5734722222222222
2012-04-29 00:00:00 UTC,730,268,257466000,1.6245833333333333
2012-04-29 00:00:00 UTC,730,267,257466000,4.6279166666666667
2012-04-29 00:00:00 UTC,730,271,257466000,1.5722222222222222
2012-04-29 00:00:00 UTC,-294,-721,725001250,2.365277777777778
2012-04-29 00:00:00 UTC,-294,29,224438000,1.5580555555555557
2012-04-29 00:00:00 UTC,-294,28,224438000,0.63874999999999993
2012-04-29 00:00:00 UTC,-294,30,224438000,1.5013888888888889
2012-04-29 00:00:00 UTC,-38,1756,529415000,1.0188888888888887
2012-04-29 00:00:00 UTC,-38,1778,529413000,1.6830555555555553
2012-04-29 00:00:00 UTC,-38,1777,529413000,2.6074999999999995
2012-04-29 00:00:00 UTC,-38,1780,529413000,1.5552777777777778
2012-04-29 00:00:00 UTC,-38,1782,529413000,0.73763888888888884
2012-04-29 00:00:00 UTC,-38,1779,529413000,2.3380555555555556
2012-04-29 00:00:00 UTC,-38,1776,529413000,1.8129166666666667
2012-04-29 00:00:00 UTC,-38,-1555,440654000,3.721111111111111
2012-04-29 00:00:00 UTC,-38,-1553,440654000,1.8444444444444446
2012-04-29 00:00:00 UTC,-38,-1550,440654000,0.56388888888888888
2012-04-29 00:00:00 UTC,-38,-1551,440654000,2.3818055555555553
2012-04-29 00:00:00 UTC,-38,-1546,440654000,1.8895833333333334
2012-04-29 00:00:00 UTC,-38,-1554,440654000,1.7916666666666667
2012-04-29 00:00:00 UTC,731,286,258376000,1.5223611111111111
2012-04-29 00:00:00 UTC,731,285,258376000,1.5554166666666667
2012-04-29 00:00:00 UTC,-549,-637,701027000,3.1006944444444442
2012-04-29 00:00:00 UTC,-549,-639,701027000,1.56
2012-04-29 00:00:00 UTC,-549,-638,701027000,6.9879166666666661
2012-04-29 00:00:00 UTC,-549,-635,701027000,7.3931944444444433
2012-04-29 00:00:00 UTC,-549,-640,701027000,1.4119444444444444
2012-04-29 00:00:00 UTC,-293,-724,725007600,4.9193055555555549
2012-04-29 00:00:00 UTC,-37,1756,529415000,1.1948611111111112
2012-04-29 00:00:00 UTC,-37,1776,529413000,1.8344444444444443
2012-04-29 00:00:00 UTC,-37,1782,529413000,0.88083333333333336
2012-04-29 00:00:00 UTC,-37,1777,529413000,1.1779166666666665
2012-04-29 00:00:00 UTC,-37,1779,529413000,3.56375
2012-04-29 00:00:00 UTC,-37,-1548,440654000,1.8240277777777778
2012-04-29 00:00:00 UTC,-37,-1550,440654000,1.1248611111111111
2012-04-29 00:00:00 UTC,-37,-1549,440654000,1.4043055555555555
2012-04-29 00:00:00 UTC,-37,-1547,440654000,1.8426388888888889
2012-04-29 00:00:00 UTC,220,1699,431254000,1.1549999999999998
2012-04-29 00:00:00 UTC,732,306,273514800,3.2680555555555557
2012-04-29 00:00:00 UTC,732,315,273514800,1.5527777777777778
2012-04-29 00:00:00 UTC,732,316,273514800,0.81388888888888888
2012-04-29 00:00:00 UTC,732,314,273514800,1.5727777777777778
2012-04-29 00:00:00 UTC,732,311,273514800,3.1568055555555556
2012-04-29 00:00:00 UTC,732,287,258376000,3.1680555555555552
2012-04-29 00:00:00 UTC,732,288,258376000,1.5652777777777778
2012-04-29 00:00:00 UTC,732,286,258376000,3.1734722222222222
2012-04-29 00:00:00 UTC,-292,29,224438000,1.4526388888888888
2012-04-29 00:00:00 UTC,-292,30,224438000,0.63625
2012-04-29 00:00:00 UTC,-292,28,224438000,1.8083333333333333
2012-04-29 00:00:00 UTC,-292,-725,725007600,1.275
2012-04-29 00:00:00 UTC,-36,-1320,431869000,1.8084722222222223
2012-04-29 00:00:00 UTC,-36,-1319,431869000,1.888611111111111
2012-04-29 00:00:00 UTC,-36,1777,529413000,1.8080555555555555
2012-04-29 00:00:00 UTC,-36,1779,529413000,1.872638888888889
2012-04-29 00:00:00 UTC,-36,1778,529413000,1.9081944444444445
2012-04-29 00:00:00 UTC,-36,-1782,440239000,0.051111111111111107
2012-04-29 00:00:00 UTC,-36,-1548,440654000,0.92375
2012-04-29 00:00:00 UTC,733,316,273514800,1.5036111111111112
2012-04-29 00:00:00 UTC,733,314,273514800,3.1652777777777779
2012-04-29 00:00:00 UTC,733,315,273514800,4.7848611111111108
2012-04-29 00:00:00 UTC,733,313,273514800,4.6652777777777779
2012-04-29 00:00:00 UTC,-35,1796,440820000,0.87291666666666656
2012-04-29 00:00:00 UTC,-35,-1709,440595000,1.5497222222222222
2012-04-29 00:00:00 UTC,-35,-1708,440595000,3.024861111111111
2012-04-29 00:00:00 UTC,-35,-1706,440595000,5.675
2012-04-29 00:00:00 UTC,-35,-1782,440239000,0.73583333333333334
2012-04-29 00:00:00 UTC,-35,-1556,440654000,1.7972222222222223
2012-04-29 00:00:00 UTC,734,311,273514800,1.5293055555555557
2012-04-29 00:00:00 UTC,-546,-633,701068000,4.0613888888888887
2012-04-29 00:00:00 UTC,-34,1796,440820000,0.84069444444444441
2012-04-29 00:00:00 UTC,-34,-1708,440595000,1.775
2012-04-29 00:00:00 UTC,-34,-1707,440595000,6.4250000000000007
2012-04-29 00:00:00 UTC,-34,-1319,431869000,0.913888888888889
2012-04-29 00:00:00 UTC,479,1546,273826010,5.6340277777777779
2012-04-29 00:00:00 UTC,479,1545,273826010,2.3724999999999996
2012-04-29 00:00:00 UTC,-545,-635,701068000,2.0901388888888888
2012-04-29 00:00:00 UTC,-289,385,224197150,2.4358333333333335
2012-04-29 00:00:00 UTC,-33,1799,440810000,0.66819444444444442
2012-04-29 00:00:00 UTC,-33,1797,440820000,1.5780555555555558
2012-04-29 00:00:00 UTC,-33,1794,440820000,0.8997222222222222
2012-04-29 00:00:00 UTC,-33,1796,440820000,1.8416666666666668
2012-04-29 00:00:00 UTC,-33,1795,440820000,2.7536111111111112
2012-04-29 00:00:00 UTC,-33,-1318,431869000,0.909861111111111
2012-04-29 00:00:00 UTC,-33,-1319,431869000,3.6418055555555555
2012-04-29 00:00:00 UTC,-33,1708,441650000,0.95
2012-04-29 00:00:00 UTC,-33,1707,441650000,1.2456944444444444
2012-04-29 00:00:00 UTC,-33,-1776,440239000,2.7930555555555556
2012-04-29 00:00:00 UTC,-33,-1775,440239000,1.6405555555555558
2012-04-29 00:00:00 UTC,-33,-1777,440239000,1.73875
2012-04-29 00:00:00 UTC,-33,-1774,440239000,1.4502777777777778
2012-04-29 00:00:00 UTC,-33,-1773,440239000,3.3522222222222222
2012-04-29 00:00:00 UTC,-33,-1772,440239000,1.858611111111111
2012-04-29 00:00:00 UTC,-33,-1779,440239000,1.8694444444444445
2012-04-29 00:00:00 UTC,-33,-1781,440239000,1.5988888888888888
2012-04-29 00:00:00 UTC,-33,-1778,440239000,1.8166666666666667
2012-04-29 00:00:00 UTC,480,1546,273826010,2.4126388888888886
2012-04-29 00:00:00 UTC,480,1547,273826010,1.659861111111111
2012-04-29 00:00:00 UTC,-544,-635,701068000,4.5869444444444447
2012-04-29 00:00:00 UTC,-544,-633,701068000,2.4295833333333334
2012-04-29 00:00:00 UTC,-288,386,224197150,1.7318055555555556
2012-04-29 00:00:00 UTC,-32,1798,440810000,2.9181944444444441
2012-04-29 00:00:00 UTC,-32,1795,440810000,1.6830555555555555
2012-04-29 00:00:00 UTC,-32,1794,440810000,1.1233333333333335
2012-04-29 00:00:00 UTC,-32,1799,440810000,1.5481944444444444
2012-04-29 00:00:00 UTC,-32,1796,440810000,1.4899999999999998
2012-04-29 00:00:00 UTC,-32,1797,440810000,3.6601388888888886
2012-04-29 00:00:00 UTC,-32,1794,440820000,1.7202777777777776
2012-04-29 00:00:00 UTC,-32,-1318,431869000,3.6481944444444441
2012-04-29 00:00:00 UTC,-32,1707,441650000,0.70722222222222231
2012-04-29 00:00:00 UTC,-32,1706,441650000,0.93902777777777779
2012-04-29 00:00:00 UTC,-32,-1782,441072000,1.8638888888888889
2012-04-29 00:00:00 UTC,-32,-1781,441072000,1.8104166666666668
2012-04-29 00:00:00 UTC,-32,-1770,440549000,0.78083333333333327
2012-04-29 00:00:00 UTC,-32,-1774,440549000,2.8126388888888889
2012-04-29 00:00:00 UTC,-32,-1772,440549000,1.7333333333333334
2012-04-29 00:00:00 UTC,-32,-1771,440549000,0.90541666666666676
2012-04-29 00:00:00 UTC,-32,-1775,440549000,0.90555555555555556
2012-04-29 00:00:00 UTC,-32,-1777,440549000,2.8184722222222218
2012-04-29 00:00:00 UTC,-32,-1776,440549000,1.7276388888888889
2012-04-29 00:00:00 UTC,-32,-1779,440549000,0.913888888888889
2012-04-29 00:00:00 UTC,-32,-1778,440549000,2.7677777777777779
2012-04-29 00:00:00 UTC,-32,-1780,440549000,2.7058333333333331
2012-04-29 00:00:00 UTC,-32,-1773,440549000,1.8456944444444443
2012-04-29 00:00:00 UTC,-32,-1780,440239000,1.7470833333333333
2012-04-29 00:00:00 UTC,481,1545,273826010,2.6563888888888889
2012-04-29 00:00:00 UTC,481,1544,273826010,8.8458333333333332
2012-04-29 00:00:00 UTC,481,-471,273513700,2.6227777777777779
2012-04-29 00:00:00 UTC,481,-477,273513700,7.63611111111111
2012-04-29 00:00:00 UTC,481,-474,273513700,2.3943055555555555
2012-04-29 00:00:00 UTC,481,-476,273513700,1.5593055555555555
2012-04-29 00:00:00 UTC,481,-468,273513700,1.4545833333333333
2012-04-29 00:00:00 UTC,481,-469,273513700,6.4984722222222224
2012-04-29 00:00:00 UTC,481,-475,273513700,1.2541666666666667
2012-04-29 00:00:00 UTC,737,167,273296700,2.3379166666666666
2012-04-29 00:00:00 UTC,-543,-634,701068000,5.6616666666666662
2012-04-29 00:00:00 UTC,-287,387,224197150,0.78027777777777785
2012-04-29 00:00:00 UTC,-287,385,224197150,2.55125
2012-04-29 00:00:00 UTC,-287,18,224049630,0.5725
2012-04-29 00:00:00 UTC,-287,17,224049630,0.66472222222222221
2012-04-29 00:00:00 UTC,-31,1795,440810000,1.8305555555555555
2012-04-29 00:00:00 UTC,-31,1796,440810000,1.7509722222222224
2012-04-29 00:00:00 UTC,-31,1794,440810000,1.2388888888888889
2012-04-29 00:00:00 UTC,-31,1794,440820000,1.014861111111111
2012-04-29 00:00:00 UTC,-31,1793,440820000,1.5612499999999998
2012-04-29 00:00:00 UTC,-31,1791,440820000,1.8108333333333333
2012-04-29 00:00:00 UTC,-31,1792,440820000,3.0113888888888893
2012-04-29 00:00:00 UTC,-31,-1751,440733000,1.4477777777777776
2012-04-29 00:00:00 UTC,-31,-1752,440733000,2.3023611111111109
2012-04-29 00:00:00 UTC,-31,-1754,440733000,2.8522222222222222
2012-04-29 00:00:00 UTC,-31,-1753,440733000,1.8250000000000002
2012-04-29 00:00:00 UTC,-31,-1750,440733000,1.6747222222222222
2012-04-29 00:00:00 UTC,-31,1705,441650000,1.8109722222222224
2012-04-29 00:00:00 UTC,-31,1707,441650000,1.8969444444444443
2012-04-29 00:00:00 UTC,-31,1706,441650000,3.4748611111111112
2012-04-29 00:00:00 UTC,-31,-1783,441072000,2.3254166666666665
2012-04-29 00:00:00 UTC,-31,-1782,441072000,1.7597222222222224
2012-04-29 00:00:00 UTC,738,166,273529900,2.3705555555555557
2012-04-29 00:00:00 UTC,738,165,273296700,1.5751388888888889
2012-04-29 00:00:00 UTC,738,161,273296700,1.595
2012-04-29 00:00:00 UTC,738,162,273316960,1.5797222222222222
2012-04-29 00:00:00 UTC,738,161,273316960,1.536111111111111
2012-04-29 00:00:00 UTC,738,159,273811080,1.5443055555555556
2012-04-29 00:00:00 UTC,738,160,273811080,1.5419444444444443
2012-04-29 00:00:00 UTC,738,163,273212600,1.5569444444444445
2012-04-29 00:00:00 UTC,738,162,273212600,1.648611111111111
2012-04-29 00:00:00 UTC,738,160,273212600,1.5694444444444444
2012-04-29 00:00:00 UTC,738,164,273840320,1.5947222222222224
2012-04-29 00:00:00 UTC,738,171,273840320,1.5583333333333333
2012-04-29 00:00:00 UTC,-542,-636,701000880,1.6094444444444445
2012-04-29 00:00:00 UTC,-286,387,224197150,1.1195833333333334
2012-04-29 00:00:00 UTC,-286,386,224197150,1.536111111111111
2012-04-29 00:00:00 UTC,-286,18,224049630,1.1304166666666666
2012-04-29 00:00:00 UTC,-30,1795,440810000,1.814861111111111
2012-04-29 00:00:00 UTC,-30,1796,440810000,1.8970833333333332
2012-04-29 00:00:00 UTC,-30,1790,440820000,3.7197222222222219
2012-04-29 00:00:00 UTC,-30,-1754,440733000,1.774861111111111
2012-04-29 00:00:00 UTC,-30,-1750,440733000,1.8251388888888889
2012-04-29 00:00:00 UTC,-30,1703,441650000,2.5334722222222226
2012-04-29 00:00:00 UTC,-30,1704,441650000,1.4891666666666667
2012-04-29 00:00:00 UTC,-30,1784,529414000,0.5919444444444445
2012-04-29 00:00:00 UTC,-30,1783,529414000,0.37083333333333335
2012-04-29 00:00:00 UTC,-30,1785,529414000,0.66
2012-04-29 00:00:00 UTC,-30,1792,529414000,1.8304166666666668
2012-04-29 00:00:00 UTC,-30,1786,529414000,1.0220833333333335
2012-04-29 00:00:00 UTC,-30,-1783,441072000,2.3445833333333335
2012-04-29 00:00:00 UTC,739,162,273296700,3.2034722222222225
2012-04-29 00:00:00 UTC,739,163,273296700,3.8952777777777778
2012-04-29 00:00:00 UTC,739,161,273296700,1.5863888888888888
2012-04-29 00:00:00 UTC,739,165,273316960,2.3531944444444446
2012-04-29 00:00:00 UTC,739,163,273316960,6.2873611111111112
2012-04-29 00:00:00 UTC,739,162,273316960,9.5293055555555561
2012-04-29 00:00:00 UTC,739,162,273433220,3.1744444444444442
2012-04-29 00:00:00 UTC,739,160,273811080,0.79152777777777783
2012-04-29 00:00:00 UTC,739,161,273811080,3.9073611111111113
2012-04-29 00:00:00 UTC,739,163,273811080,1.55
2012-04-29 00:00:00 UTC,739,162,273811080,3.1131944444444448
2012-04-29 00:00:00 UTC,739,161,273212600,4.6665277777777785
2012-04-29 00:00:00 UTC,739,162,273212600,1.5237500000000002
2012-04-29 00:00:00 UTC,739,168,273840320,1.5626388888888889
2012-04-29 00:00:00 UTC,739,162,273840320,6.2026388888888881
2012-04-29 00:00:00 UTC,739,161,273840320,1.5722222222222224
2012-04-29 00:00:00 UTC,739,165,273840320,1.6041666666666665
2012-04-29 00:00:00 UTC,739,168,273218500,1.5081944444444444
2012-04-29 00:00:00 UTC,739,164,273350610,0.8223611111111111
2012-04-29 00:00:00 UTC,739,163,273350610,0.79319444444444442
2012-04-29 00:00:00 UTC,739,161,273350610,0.76805555555555549
2012-04-29 00:00:00 UTC,739,162,273350610,3.9165277777777776
2012-04-29 00:00:00 UTC,739,162,273430750,4.6765277777777774
2012-04-29 00:00:00 UTC,-541,-417,740382000,1.6279166666666667
2012-04-29 00:00:00 UTC,-541,-416,740382000,1.5598611111111111
2012-04-29 00:00:00 UTC,-541,-418,740382000,5.59875
2012-04-29 00:00:00 UTC,-541,-396,665111117,5.59875
2012-04-29 00:00:00 UTC,-541,-637,701000880,0.96097222222222223
2012-04-29 00:00:00 UTC,-541,-638,701000880,0.76722222222222225
2012-04-29 00:00:00 UTC,-285,385,224197150,1.4629166666666666
2012-04-29 00:00:00 UTC,-285,18,224049630,1.4027777777777777
2012-04-29 00:00:00 UTC,-285,10,224049630,0.30888888888888888
2012-04-29 00:00:00 UTC,-285,9,224049630,1.805
2012-04-29 00:00:00 UTC,-285,7,224049630,1.69875
2012-04-29 00:00:00 UTC,-29,-1750,440733000,1.975138888888889
2012-04-29 00:00:00 UTC,-29,-1753,440733000,2.5
2012-04-29 00:00:00 UTC,-29,1703,441650000,1.4645833333333333
2012-04-29 00:00:00 UTC,-29,1707,441650000,3.6918055555555553
2012-04-29 00:00:00 UTC,-29,1704,441650000,1.8418055555555555
2012-04-29 00:00:00 UTC,-29,1705,441650000,1.7930555555555556
2012-04-29 00:00:00 UTC,-29,1784,529414000,1.2537500000000001
2012-04-29 00:00:00 UTC,-29,1794,529414000,2.7263888888888888
2012-04-29 00:00:00 UTC,-29,-1783,441072000,0.99875
2012-04-29 00:00:00 UTC,228,1680,431254000,0.86527777777777781
2012-04-29 00:00:00 UTC,484,-1255,316116000,0.943888888888889
2012-04-29 00:00:00 UTC,484,-1258,316116000,2.2726388888888889
2012-04-29 00:00:00 UTC,484,-1256,316116000,1.3063888888888888
2012-04-29 00:00:00 UTC,484,-1259,316116000,0.40791666666666665
2012-04-29 00:00:00 UTC,484,-1257,316116000,1.1929166666666666
2012-04-29 00:00:00 UTC,740,166,273550600,1.5065277777777779
2012-04-29 00:00:00 UTC,740,170,273550600,1.61375
2012-04-29 00:00:00 UTC,740,169,273550600,1.5420833333333333
2012-04-29 00:00:00 UTC,740,163,273550600,3.1947222222222225
2012-04-29 00:00:00 UTC,740,162,273296700,1.59625
2012-04-29 00:00:00 UTC,740,163,273296700,3.1763888888888889
2012-04-29 00:00:00 UTC,740,164,273295700,1.5611111111111111
2012-04-29 00:00:00 UTC,740,167,273295700,1.5833333333333335
2012-04-29 00:00:00 UTC,740,162,273316960,3.8916666666666666
2012-04-29 00:00:00 UTC,740,169,273433220,1.5666666666666667
2012-04-29 00:00:00 UTC,740,163,273811080,3.1724999999999994
2012-04-29 00:00:00 UTC,740,162,273811080,1.6191666666666666
2012-04-29 00:00:00 UTC,740,168,273297800,3.9593055555555559
2012-04-29 00:00:00 UTC,740,163,273297800,1.5633333333333332
2012-04-29 00:00:00 UTC,740,164,273297800,1.5652777777777778
2012-04-29 00:00:00 UTC,740,167,273297800,1.5602777777777779
2012-04-29 00:00:00 UTC,740,165,273212600,1.5651388888888889
2012-04-29 00:00:00 UTC,740,164,273212600,1.5901388888888888
2012-04-29 00:00:00 UTC,740,162,273212600,1.5973611111111112
2012-04-29 00:00:00 UTC,740,162,273840320,3.1872222222222222
2012-04-29 00:00:00 UTC,740,163,273218500,2.3655555555555559
2012-04-29 00:00:00 UTC,740,168,273218500,1.5668055555555556
2012-04-29 00:00:00 UTC,740,166,273218500,1.6195833333333334
2012-04-29 00:00:00 UTC,740,169,273350610,1.5651388888888889
2012-04-29 00:00:00 UTC,740,162,273350610,1.5623611111111111
2012-04-29 00:00:00 UTC,740,165,273350610,1.5651388888888889
2012-04-29 00:00:00 UTC,740,171,273350610,1.5597222222222222
2012-04-29 00:00:00 UTC,740,161,273430750,0.80402777777777779
2012-04-29 00:00:00 UTC,740,162,273430750,3.9084722222222217
2012-04-29 00:00:00 UTC,740,166,273430750,1.5302777777777778
2012-04-29 00:00:00 UTC,740,169,273430750,3.1181944444444443
2012-04-29 00:00:00 UTC,740,172,273430750,0.7845833333333333
2012-04-29 00:00:00 UTC,740,163,273430750,1.6054166666666665
2012-04-29 00:00:00 UTC,-540,-419,740382000,4.4444444444444438
2012-04-29 00:00:00 UTC,-540,-417,740382000,2.4294444444444441
2012-04-29 00:00:00 UTC,-540,-418,740382000,3.0218055555555559
2012-04-29 00:00:00 UTC,-540,-416,740382000,5.6790277777777769
2012-04-29 00:00:00 UTC,-540,-639,701000880,5.6779166666666665
2012-04-29 00:00:00 UTC,-540,-638,701000880,1.568888888888889
2012-04-29 00:00:00 UTC,-540,-745,725002460,1.7287500000000002
2012-04-29 00:00:00 UTC,-540,-742,725002460,8.0331944444444456
2012-04-29 00:00:00 UTC,-540,-743,725002460,2.6280555555555556
2012-04-29 00:00:00 UTC,-540,-744,725002460,3.1823611111111116
2012-04-29 00:00:00 UTC,-284,385,224197150,5.4631944444444436
2012-04-29 00:00:00 UTC,-284,384,224197150,1.4472222222222224
2012-04-29 00:00:00 UTC,-284,386,224197150,0.90402777777777776
2012-04-29 00:00:00 UTC,-284,6,224049630,1.649861111111111
2012-04-29 00:00:00 UTC,-284,5,224049630,1.5431944444444445
2012-04-29 00:00:00 UTC,-284,14,224049630,4.3152777777777782
2012-04-29 00:00:00 UTC,-284,17,224049630,1.8041666666666667
2012-04-29 00:00:00 UTC,-28,-1722,440778000,1.5844444444444443
2012-04-29 00:00:00 UTC,-28,-1723,440778000,0.91680555555555554
2012-04-29 00:00:00 UTC,-28,-1725,440927000,1.9152777777777779
2012-04-29 00:00:00 UTC,-28,-1724,440927000,1.7230555555555556
2012-04-29 00:00:00 UTC,-28,-1723,440927000,0.96652777777777776
2012-04-29 00:00:00 UTC,-28,-1753,440733000,0.99986111111111109
2012-04-29 00:00:00 UTC,-28,-1750,440733000,2.7497222222222222
2012-04-29 00:00:00 UTC,-28,-1751,440733000,1.7751388888888888
2012-04-29 00:00:00 UTC,-28,-1319,431869000,0.91541666666666666
2012-04-29 00:00:00 UTC,-28,1792,529414000,2.2822222222222219
2012-04-29 00:00:00 UTC,-28,1790,529414000,1.7554166666666666
2012-04-29 00:00:00 UTC,-28,-1789,441072000,1.0177777777777779
2012-04-29 00:00:00 UTC,-28,-1784,441072000,1.8347222222222221
2012-04-29 00:00:00 UTC,-28,-1785,441072000,1.8679166666666667
2012-04-29 00:00:00 UTC,-28,-1788,441072000,0.67388888888888887
2012-04-29 00:00:00 UTC,-28,-1786,441072000,1.2318055555555556
2012-04-29 00:00:00 UTC,-28,-1787,441072000,0.90555555555555545
2012-04-29 00:00:00 UTC,-28,-1783,441072000,1.7401388888888889
2012-04-29 00:00:00 UTC,-28,-1790,440590000,0.91958333333333342
2012-04-29 00:00:00 UTC,-28,-1791,440590000,0.69569444444444439
2012-04-29 00:00:00 UTC,485,-1260,316116000,1.8143055555555554
2012-04-29 00:00:00 UTC,485,-1259,316116000,0.93430555555555561
2012-04-29 00:00:00 UTC,741,164,273550600,1.6325
2012-04-29 00:00:00 UTC,741,168,273550600,1.5906944444444444
2012-04-29 00:00:00 UTC,741,164,273296700,4.6980555555555554
2012-04-29 00:00:00 UTC,741,166,273295700,1.5748611111111113
2012-04-29 00:00:00 UTC,741,165,273295700,1.5694444444444444
2012-04-29 00:00:00 UTC,741,167,273295700,1.5638888888888889
2012-04-29 00:00:00 UTC,741,164,273295700,2.3805555555555555
2012-04-29 00:00:00 UTC,741,165,273433220,1.5609722222222222
2012-04-29 00:00:00 UTC,741,166,273433220,1.5666666666666667
2012-04-29 00:00:00 UTC,741,164,273433220,1.5529166666666665
2012-04-29 00:00:00 UTC,741,170,273433220,1.5720833333333333
2012-04-29 00:00:00 UTC,741,164,273811080,4.7459722222222229
2012-04-29 00:00:00 UTC,741,163,273811080,1.6251388888888889
2012-04-29 00:00:00 UTC,741,168,273297800,1.5983333333333334
2012-04-29 00:00:00 UTC,741,164,273297800,3.15375
2012-04-29 00:00:00 UTC,741,163,273297800,1.5463888888888888
2012-04-29 00:00:00 UTC,741,165,273212600,3.9681944444444444
2012-04-29 00:00:00 UTC,741,165,273218500,4.7791666666666668
2012-04-29 00:00:00 UTC,741,168,273218500,1.6418055555555555
2012-04-29 00:00:00 UTC,741,163,273350610,1.6140277777777778
2012-04-29 00:00:00 UTC,741,164,273350610,3.9626388888888888
2012-04-29 00:00:00 UTC,-539,-746,725002460,6.4054166666666665
2012-04-29 00:00:00 UTC,-539,-745,725002460,3.1673611111111111
2012-04-29 00:00:00 UTC,-283,384,224197150,4.2166666666666668
2012-04-29 00:00:00 UTC,-283,3,224049630,0.82624999999999993
2012-04-29 00:00:00 UTC,-283,5,224049630,4.1519444444444442
2012-04-29 00:00:00 UTC,-283,4,224049630,2.2873611111111107
2012-04-29 00:00:00 UTC,-27,-1723,440778000,1.7995833333333333
2012-04-29 00:00:00 UTC,-27,-1723,440927000,0.956388888888889
2012-04-29 00:00:00 UTC,-27,-1724,440927000,2.7063888888888892
2012-04-29 00:00:00 UTC,-27,-1725,440927000,1.7595833333333333
2012-04-29 00:00:00 UTC,-27,-1319,431869000,0.9523611111111111
2012-04-29 00:00:00 UTC,-27,1791,529414000,1.3940277777777776
2012-04-29 00:00:00 UTC,-27,1788,529414000,3.4723611111111108
2012-04-29 00:00:00 UTC,-27,1789,529414000,1.8348611111111111
2012-04-29 00:00:00 UTC,-27,-1786,441072000,1.7415277777777778
2012-04-29 00:00:00 UTC,-27,-1788,441072000,1.6488888888888891
2012-04-29 00:00:00 UTC,-27,-1788,440590000,1.8393055555555557
2012-04-29 00:00:00 UTC,-27,-1790,440590000,2.6284722222222223
2012-04-29 00:00:00 UTC,-27,-1786,440590000,0.90416666666666667
2012-04-29 00:00:00 UTC,-27,-1787,440590000,1.837361111111111
2012-04-29 00:00:00 UTC,-27,-1791,440590000,3.6970833333333335
2012-04-29 00:00:00 UTC,-27,-1789,440590000,1.23875
2012-04-29 00:00:00 UTC,486,-1260,316116000,1.8181944444444442
2012-04-29 00:00:00 UTC,486,-1261,316116000,1.6954166666666668
2012-04-29 00:00:00 UTC,742,167,273550600,1.5583333333333333
2012-04-29 00:00:00 UTC,742,164,273550600,3.1908333333333334
2012-04-29 00:00:00 UTC,742,165,273295700,1.6026388888888889
2012-04-29 00:00:00 UTC,742,164,273433220,3.1840277777777777
2012-04-29 00:00:00 UTC,742,164,273297800,4.7630555555555549
2012-04-29 00:00:00 UTC,742,163,273297800,1.5220833333333332
2012-04-29 00:00:00 UTC,742,167,273297800,2.3615277777777779
2012-04-29 00:00:00 UTC,742,164,273212600,1.5638888888888889
2012-04-29 00:00:00 UTC,742,168,273218500,1.5723611111111111
2012-04-29 00:00:00 UTC,742,163,273350610,1.5584722222222223
2012-04-29 00:00:00 UTC,742,164,273350610,2.4138888888888888
2012-04-29 00:00:00 UTC,-26,-1725,440778000,2.658611111111111
2012-04-29 00:00:00 UTC,-26,-1723,440778000,0.98527777777777781
2012-04-29 00:00:00 UTC,-26,-1720,440778000,0.70333333333333325
2012-04-29 00:00:00 UTC,-26,-1724,440778000,1.7484722222222224
2012-04-29 00:00:00 UTC,-26,-1725,440927000,2.2961111111111112
2012-04-29 00:00:00 UTC,-26,-1726,440927000,1.7999999999999998
2012-04-29 00:00:00 UTC,-26,1786,529414000,3.6736111111111112
2012-04-29 00:00:00 UTC,-26,1790,529414000,0.92361111111111116
2012-04-29 00:00:00 UTC,-26,-1757,441018000,1.6233333333333333
2012-04-29 00:00:00 UTC,-26,-1756,441018000,1.7625
2012-04-29 00:00:00 UTC,-26,-1755,441018000,0.90263888888888888
2012-04-29 00:00:00 UTC,-26,-1790,440590000,1.7281944444444446
2012-04-29 00:00:00 UTC,-26,-1787,440590000,1.6408333333333334
2012-04-29 00:00:00 UTC,-26,-1789,440590000,1.8729166666666668
2012-04-29 00:00:00 UTC,-26,-1788,440590000,3.8602777777777773
2012-04-29 00:00:00 UTC,-26,-1786,440590000,0.9555555555555556
2012-04-29 00:00:00 UTC,-26,-1788,440781000,2.4081944444444443
2012-04-29 00:00:00 UTC,-26,-1787,440781000,1.966388888888889
2012-04-29 00:00:00 UTC,-26,-1790,440781000,0.9125
2012-04-29 00:00:00 UTC,-26,-1789,440781000,2.5372222222222223
2012-04-29 00:00:00 UTC,-26,-1786,440781000,0.69166666666666665
2012-04-29 00:00:00 UTC,231,-165,230990000,0.83597222222222234
2012-04-29 00:00:00 UTC,487,-1261,316116000,2.2068055555555555
2012-04-29 00:00:00 UTC,487,-1263,316116000,1.7901388888888887
2012-04-29 00:00:00 UTC,487,-1262,316116000,2.0705555555555555
2012-04-29 00:00:00 UTC,743,164,273295700,1.5972222222222223
2012-04-29 00:00:00 UTC,743,163,273295700,3.9861111111111116
2012-04-29 00:00:00 UTC,743,164,273433220,1.5723611111111111
2012-04-29 00:00:00 UTC,743,164,273212600,2.3779166666666667
2012-04-29 00:00:00 UTC,743,168,273218500,1.5956944444444443
2012-04-29 00:00:00 UTC,743,163,273350610,1.5791666666666666
2012-04-29 00:00:00 UTC,-537,-641,701000627,0.78916666666666668
2012-04-29 00:00:00 UTC,-537,-639,701000627,1.5626388888888889
2012-04-29 00:00:00 UTC,-537,-642,701000627,2.3948611111111111
2012-04-29 00:00:00 UTC,-25,-1725,440778000,2.5608333333333335
2012-04-29 00:00:00 UTC,-25,-1723,440778000,3.2808333333333337
2012-04-29 00:00:00 UTC,-25,-1724,440778000,2.7904166666666663
2012-04-29 00:00:00 UTC,-25,-1725,440927000,1.7827777777777778
2012-04-29 00:00:00 UTC,-25,-1721,440927000,0.3684722222222222
2012-04-29 00:00:00 UTC,-25,-1319,431869000,0.86361111111111111
2012-04-29 00:00:00 UTC,-25,-1755,441018000,0.90986111111111112
2012-04-29 00:00:00 UTC,-25,-1752,441018000,1.8741666666666665
2012-04-29 00:00:00 UTC,-25,-1753,441018000,1.8298611111111112
2012-04-29 00:00:00 UTC,-25,-1751,441018000,1.7345833333333331
2012-04-29 00:00:00 UTC,-25,-1757,441018000,1.3777777777777778
2012-04-29 00:00:00 UTC,-25,-1756,441018000,1.9138888888888888
2012-04-29 00:00:00 UTC,-25,-1790,440781000,2.05625
2012-04-29 00:00:00 UTC,-25,-1788,440781000,1.8195833333333333
2012-04-29 00:00:00 UTC,-25,-1789,440781000,3.5886111111111112
2012-04-29 00:00:00 UTC,-25,-1791,440781000,1.0041666666666667
2012-04-29 00:00:00 UTC,-25,-1787,440781000,1.8116666666666665
2012-04-29 00:00:00 UTC,-25,-1786,440781000,3.1520833333333336
2012-04-29 00:00:00 UTC,232,-165,230990000,1.7013888888888888
2012-04-29 00:00:00 UTC,488,-1263,316116000,2.8981944444444445
2012-04-29 00:00:00 UTC,488,-1262,316116000,2.295
2012-04-29 00:00:00 UTC,744,164,273550600,1.5694444444444444
2012-04-29 00:00:00 UTC,744,207,224905000,0.79694444444444446
2012-04-29 00:00:00 UTC,744,175,224905000,1.5806944444444444
2012-04-29 00:00:00 UTC,744,163,273295700,3.1027777777777779
2012-04-29 00:00:00 UTC,744,163,273433220,0.85402777777777783
2012-04-29 00:00:00 UTC,744,163,273218500,1.5543055555555556
2012-04-29 00:00:00 UTC,744,165,273218500,1.5168055555555555
2012-04-29 00:00:00 UTC,-536,-411,665111117,4.0016666666666669
2012-04-29 00:00:00 UTC,-536,-408,665111117,2.1083333333333334
2012-04-29 00:00:00 UTC,-536,-409,665111117,0.74138888888888888
2012-04-29 00:00:00 UTC,-536,-410,665111117,6.5004166666666663
2012-04-29 00:00:00 UTC,-536,-412,665111117,2.4570833333333333
2012-04-29 00:00:00 UTC,-536,-413,665111117,2.9566666666666666
2012-04-29 00:00:00 UTC,-536,-642,701000627,12.658750000000001
2012-04-29 00:00:00 UTC,-536,-638,701000627,5.6641666666666675
2012-04-29 00:00:00 UTC,-536,-641,701000627,0.57805555555555554
2012-04-29 00:00:00 UTC,-24,-1725,440778000,0.22916666666666666
2012-04-29 00:00:00 UTC,-24,-1724,440778000,0.36138888888888887
2012-04-29 00:00:00 UTC,-24,-1725,440927000,3.3270833333333334
2012-04-29 00:00:00 UTC,-24,-1319,431869000,0.71555555555555561
2012-04-29 00:00:00 UTC,-24,-1751,441018000,1.6669444444444443
2012-04-29 00:00:00 UTC,-24,-1754,441018000,2.3736111111111113
2012-04-29 00:00:00 UTC,-24,-1753,441018000,0.97736111111111135
2012-04-29 00:00:00 UTC,-24,-1755,441018000,0.78902777777777777
2012-04-29 00:00:00 UTC,-24,-1757,441018000,1.8484722222222223
2012-04-29 00:00:00 UTC,-24,-1756,441018000,2.2806944444444444
2012-04-29 00:00:00 UTC,-24,-1790,440781000,1.2390277777777778
2012-04-29 00:00:00 UTC,233,-164,230990000,1.548888888888889
2012-04-29 00:00:00 UTC,745,164,273550600,1.567361111111111
2012-04-29 00:00:00 UTC,745,163,273550600,1.558472222222222
2012-04-29 00:00:00 UTC,745,206,224905000,0.77930555555555547
2012-04-29 00:00:00 UTC,745,222,224905000,1.5736111111111111
2012-04-29 00:00:00 UTC,745,162,273295700,1.5527777777777778
2012-04-29 00:00:00 UTC,745,162,273218500,3.0658333333333334
2012-04-29 00:00:00 UTC,745,366,259659000,1.6070833333333332
2012-04-29 00:00:00 UTC,-535,-623,701000823,4.8806944444444449
2012-04-29 00:00:00 UTC,-535,-624,701000823,0.77208333333333334
2012-04-29 00:00:00 UTC,-535,-661,701000672,13.080694444444445
2012-04-29 00:00:00 UTC,-23,-1319,431869000,0.97638888888888886
2012-04-29 00:00:00 UTC,234,-164,230990000,3.4859722222222222
2012-04-29 00:00:00 UTC,490,1557,273822210,9.2926388888888916
2012-04-29 00:00:00 UTC,746,161,273550600,1.5480555555555555
2012-04-29 00:00:00 UTC,746,162,273550600,1.5634722222222224
2012-04-29 00:00:00 UTC,746,217,224905000,1.5631944444444446
2012-04-29 00:00:00 UTC,746,218,224905000,1.5797222222222222
2012-04-29 00:00:00 UTC,746,216,224905000,4.7873611111111112
2012-04-29 00:00:00 UTC,746,215,224905000,1.6154166666666667
2012-04-29 00:00:00 UTC,746,161,273295700,1.5527777777777778
2012-04-29 00:00:00 UTC,746,177,259375000,1.5958333333333332
2012-04-29 00:00:00 UTC,746,179,259375000,3.8691666666666666
2012-04-29 00:00:00 UTC,746,183,259375000,3.1263888888888887
2012-04-29 00:00:00 UTC,746,180,259375000,6.2891666666666657
2012-04-29 00:00:00 UTC,746,162,273218500,1.611388888888889
2012-04-29 00:00:00 UTC,746,369,259659000,4.7148611111111114
2012-04-29 00:00:00 UTC,746,368,259659000,0.78347222222222213
2012-04-29 00:00:00 UTC,746,366,259659000,3.1459722222222219
2012-04-29 00:00:00 UTC,746,367,259659000,5.530555555555555
2012-04-29 00:00:00 UTC,-534,-661,470100540,5.6025
2012-04-29 00:00:00 UTC,-534,-429,665111119,3.9444444444444446
2012-04-29 00:00:00 UTC,-22,-1320,431869000,3.1555555555555554
2012-04-29 00:00:00 UTC,-22,-1319,431869000,0.67833333333333334
2012-04-29 00:00:00 UTC,-22,-1562,440952000,0.91097222222222229
2012-04-29 00:00:00 UTC,-22,-1561,440952000,0.90527777777777785
2012-04-29 00:00:00 UTC,-22,-1540,441645000,1.6845833333333333
2012-04-29 00:00:00 UTC,-22,-1543,441645000,1.1802777777777778
2012-04-29 00:00:00 UTC,-22,-1537,441645000,1.5931944444444444
2012-04-29 00:00:00 UTC,-22,-1542,441645000,0.96138888888888885
2012-04-29 00:00:00 UTC,-22,-1546,441645000,1.8025
2012-04-29 00:00:00 UTC,491,1552,273341320,1.649861111111111
2012-04-29 00:00:00 UTC,491,1553,273341320,8.67236111111111
2012-04-29 00:00:00 UTC,491,1554,273341320,2.8511111111111109
2012-04-29 00:00:00 UTC,747,218,224905000,1.5090277777777779
2012-04-29 00:00:00 UTC,747,177,259375000,0.76944444444444438
2012-04-29 00:00:00 UTC,747,178,259375000,0.7875
2012-04-29 00:00:00 UTC,747,424,231107000,1.5626388888888889
2012-04-29 00:00:00 UTC,747,426,231107000,1.5027777777777778
2012-04-29 00:00:00 UTC,747,428,231053000,1.5543055555555556
2012-04-29 00:00:00 UTC,747,425,231053000,1.596111111111111
2012-04-29 00:00:00 UTC,747,368,259659000,1.5611111111111111
2012-04-29 00:00:00 UTC,747,369,259659000,1.5194444444444444
2012-04-29 00:00:00 UTC,-533,-659,470100540,3.1777777777777776
2012-04-29 00:00:00 UTC,-533,-430,665111119,3.2115277777777775
2012-04-29 00:00:00 UTC,-533,-428,665111119,2.4756944444444446
2012-04-29 00:00:00 UTC,-533,-432,665111119,0.76930555555555558
2012-04-29 00:00:00 UTC,-533,-429,665111119,2.7341666666666669
2012-04-29 00:00:00 UTC,-533,-636,701000823,0.028055555555555556
2012-04-29 00:00:00 UTC,-533,-635,701000823,0.60652777777777778
2012-04-29 00:00:00 UTC,-533,-633,701000823,1.2930555555555556
2012-04-29 00:00:00 UTC,-533,-660,701000680,1.7254166666666666
2012-04-29 00:00:00 UTC,-533,-661,701000681,4.4845833333333331
2012-04-29 00:00:00 UTC,-533,-660,701000681,7.9975000000000005
2012-04-29 00:00:00 UTC,-21,-1482,440954000,1.7979166666666666
2012-04-29 00:00:00 UTC,-21,-1480,440954000,1.25875
2012-04-29 00:00:00 UTC,-21,-1478,440954000,0.94708333333333328
2012-04-29 00:00:00 UTC,-21,-1748,440963000,4.05
2012-04-29 00:00:00 UTC,-21,-1570,440952000,0.87069444444444444
2012-04-29 00:00:00 UTC,-21,-1572,440952000,3.9618055555555558
2012-04-29 00:00:00 UTC,-21,-1534,441645000,1.8377777777777777
2012-04-29 00:00:00 UTC,492,-1267,316005998,1.5752777777777778
2012-04-29 00:00:00 UTC,492,1554,273341320,3.2293055555555559
2012-04-29 00:00:00 UTC,492,1553,273341320,5.6225000000000005
2012-04-29 00:00:00 UTC,492,1555,273341320,1.5905555555555555
2012-04-29 00:00:00 UTC,748,427,231107000,1.612638888888889
2012-04-29 00:00:00 UTC,748,428,231107000,1.5623611111111111
2012-04-29 00:00:00 UTC,748,425,231107000,4.7290277777777785
2012-04-29 00:00:00 UTC,748,426,231107000,1.5805555555555555
2012-04-29 00:00:00 UTC,748,423,231053000,4.6440277777777776
2012-04-29 00:00:00 UTC,748,424,231053000,3.1268055555555554
2012-04-29 00:00:00 UTC,748,426,231053000,1.5625
2012-04-29 00:00:00 UTC,748,429,231053000,0.80555555555555558
2012-04-29 00:00:00 UTC,748,428,231053000,3.9709722222222221
2012-04-29 00:00:00 UTC,748,425,231053000,4.8111111111111118
2012-04-29 00:00:00 UTC,748,427,231053000,1.5763888888888888
2012-04-29 00:00:00 UTC,-532,-660,701006085,0.826388888888889
2012-04-29 00:00:00 UTC,-532,-660,470100540,4.246666666666667
2012-04-29 00:00:00 UTC,-532,-644,701031000,0.8125
2012-04-29 00:00:00 UTC,-532,-642,701000823,5.6945833333333331
2012-04-29 00:00:00 UTC,-532,-643,701000823,1.5455555555555556
2012-04-29 00:00:00 UTC,-532,-661,701000674,9.5650000000000013
2012-04-29 00:00:00 UTC,-532,-662,701000674,5.0536111111111115
2012-04-29 00:00:00 UTC,-532,-661,701000680,13.012083333333335
2012-04-29 00:00:00 UTC,-532,-661,701000940,5.3070833333333329
2012-04-29 00:00:00 UTC,-532,-660,701000940,7.2423611111111112
2012-04-29 00:00:00 UTC,-20,-1477,440954000,1.6663888888888887
2012-04-29 00:00:00 UTC,-20,-1748,440963000,0.081805555555555548
2012-04-29 00:00:00 UTC,-20,-1749,440963000,2.6476388888888889
2012-04-29 00:00:00 UTC,-20,-1751,440963000,1.9972222222222222
2012-04-29 00:00:00 UTC,-20,-1755,440963000,3.65
2012-04-29 00:00:00 UTC,493,1558,273822210,3.7823611111111108
2012-04-29 00:00:00 UTC,493,-1271,316005998,1.5886111111111112
2012-04-29 00:00:00 UTC,749,426,231107000,1.6084722222222221
2012-04-29 00:00:00 UTC,749,428,231107000,6.3125
2012-04-29 00:00:00 UTC,749,427,231107000,3.153888888888889
2012-04-29 00:00:00 UTC,-531,-661,701006085,5.8368055555555554
2012-04-29 00:00:00 UTC,-531,-660,701006085,5.6
2012-04-29 00:00:00 UTC,-531,-641,701006168,1.60875
2012-04-29 00:00:00 UTC,-531,-645,701031000,3.3031944444444448
2012-04-29 00:00:00 UTC,-531,-644,701031000,0.78888888888888886
2012-04-29 00:00:00 UTC,-531,-644,701000823,1.6506944444444445
2012-04-29 00:00:00 UTC,-531,-642,701000823,1.658333333333333
2012-04-29 00:00:00 UTC,-531,-658,701000597,5.646805555555555
2012-04-29 00:00:00 UTC,-531,-659,701000597,8.3222222222222229
2012-04-29 00:00:00 UTC,-531,-659,701000875,3.2306944444444441
2012-04-29 00:00:00 UTC,-531,-660,701000875,1.3649999999999998
2012-04-29 00:00:00 UTC,-531,-660,701000907,3.2897222222222222
2012-04-29 00:00:00 UTC,-531,-661,701000907,1.3523611111111111
2012-04-29 00:00:00 UTC,-19,-1747,440281000,3.6109722222222222
2012-04-29 00:00:00 UTC,-19,-1746,440281000,3.48375
2012-04-29 00:00:00 UTC,-19,-1748,440281000,0.74361111111111111
2012-04-29 00:00:00 UTC,-19,-1753,440963000,0.91944444444444451
2012-04-29 00:00:00 UTC,-19,-1749,440963000,1.83
2012-04-29 00:00:00 UTC,-19,-1754,440963000,1.5233333333333334
2012-04-29 00:00:00 UTC,238,-162,265485000,3.564027777777778
2012-04-29 00:00:00 UTC,494,-1272,316005998,1.625
2012-04-29 00:00:00 UTC,-530,-629,701000717,0.76847222222222222
2012-04-29 00:00:00 UTC,-530,-661,701006119,0.77097222222222217
2012-04-29 00:00:00 UTC,-530,-660,701006119,4.8752777777777778
2012-04-29 00:00:00 UTC,-530,-659,701006145,3.0416666666666665
2012-04-29 00:00:00 UTC,-530,-659,701000771,0.73472222222222217
2012-04-29 00:00:00 UTC,-530,-642,701006168,2.4211111111111112
2012-04-29 00:00:00 UTC,-530,-637,701006168,0.77916666666666667
2012-04-29 00:00:00 UTC,-530,-639,701006168,5.7066666666666661
2012-04-29 00:00:00 UTC,-530,-660,701000857,3.0283333333333333
2012-04-29 00:00:00 UTC,-530,-661,701000857,2.3868055555555556
2012-04-29 00:00:00 UTC,-530,-659,701000875,5.6122222222222229
2012-04-29 00:00:00 UTC,-530,-660,701000875,4.4823611111111115
2012-04-29 00:00:00 UTC,-530,-660,701000633,2.4523611111111112
2012-04-29 00:00:00 UTC,-530,-660,701000892,13.95888888888889
2012-04-29 00:00:00 UTC,-530,-660,701000907,6.4234722222222222
2012-04-29 00:00:00 UTC,-530,-661,701000907,3.6651388888888885
2012-04-29 00:00:00 UTC,-530,-629,701000929,4.8697222222222223
2012-04-29 00:00:00 UTC,-530,-628,701000929,2.1123611111111114
2012-04-29 00:00:00 UTC,-530,-626,701000929,3.0284722222222222
2012-04-29 00:00:00 UTC,-530,-660,701000675,2.931111111111111
2012-04-29 00:00:00 UTC,-530,-659,701000675,3.2665277777777777
2012-04-29 00:00:00 UTC,-530,-657,701000948,2.982361111111111
2012-04-29 00:00:00 UTC,-18,-1478,440954000,1.705
2012-04-29 00:00:00 UTC,-18,-1752,440281000,1.8579166666666667
2012-04-29 00:00:00 UTC,-18,-1748,440281000,0.74347222222222209
2012-04-29 00:00:00 UTC,-18,-1747,440281000,1.7315277777777778
2012-04-29 00:00:00 UTC,-18,-1751,440963000,0.99583333333333324
2012-04-29 00:00:00 UTC,-18,-1752,440963000,1.6194444444444445
2012-04-29 00:00:00 UTC,-18,-1750,440963000,1.7234722222222221
2012-04-29 00:00:00 UTC,-18,-1753,440963000,0.55041666666666667
2012-04-29 00:00:00 UTC,495,1559,273822210,3.9662499999999996
2012-04-29 00:00:00 UTC,-529,-629,701000717,1.6019444444444444
2012-04-29 00:00:00 UTC,-529,-628,701000717,6.4088888888888889
2012-04-29 00:00:00 UTC,-529,-626,701000717,3.7809722222222222
2012-04-29 00:00:00 UTC,-529,-661,701006119,6.923055555555556
2012-04-29 00:00:00 UTC,-529,-659,701006145,10.882777777777777
2012-04-29 00:00:00 UTC,-529,-659,701000771,1.3481944444444445
2012-04-29 00:00:00 UTC,-529,-644,701031000,0.74444444444444446
2012-04-29 00:00:00 UTC,-529,-645,701031000,3.7622222222222224
2012-04-29 00:00:00 UTC,-529,-658,701000857,5.6679166666666667
2012-04-29 00:00:00 UTC,-529,-658,701000884,4.6141666666666659
2012-04-29 00:00:00 UTC,-529,-660,701000884,5.6081944444444449
2012-04-29 00:00:00 UTC,-529,-660,701000633,3.1219444444444444
2012-04-29 00:00:00 UTC,-529,-659,701000633,5.6998611111111108
2012-04-29 00:00:00 UTC,-529,-659,701000908,8.8677777777777784
2012-04-29 00:00:00 UTC,-529,-660,701000908,5.7645833333333334
2012-04-29 00:00:00 UTC,-529,-629,701000929,1.5954166666666667
2012-04-29 00:00:00 UTC,-529,-627,701000929,3.2223611111111108
2012-04-29 00:00:00 UTC,-529,-626,701000929,1.5531944444444445
2012-04-29 00:00:00 UTC,-529,-657,701000948,7.1981944444444439
2012-04-29 00:00:00 UTC,-529,-658,701000948,2.8969444444444443
2012-04-29 00:00:00 UTC,-529,-660,70100726,3.0415277777777776
2012-04-29 00:00:00 UTC,-17,-1481,440954000,1.847777777777778
2012-04-29 00:00:00 UTC,-17,-1482,440954000,2.7269444444444444
2012-04-29 00:00:00 UTC,-17,-1480,440954000,1.7751388888888888
2012-04-29 00:00:00 UTC,-17,-1751,440281000,3.6720833333333331
2012-04-29 00:00:00 UTC,-17,-1748,440281000,2.11375
2012-04-29 00:00:00 UTC,-17,-1750,440281000,3.0926388888888887
2012-04-29 00:00:00 UTC,-17,-1749,440281000,2.7755555555555556
2012-04-29 00:00:00 UTC,496,1559,273822210,0.90569444444444436
2012-04-29 00:00:00 UTC,496,1560,273822210,5.6581944444444447
2012-04-29 00:00:00 UTC,752,400,258576000,1.5694444444444444
2012-04-29 00:00:00 UTC,752,395,258576000,1.6027777777777779
2012-04-29 00:00:00 UTC,752,398,258576000,1.5998611111111112
2012-04-29 00:00:00 UTC,752,395,235078558,1.5504166666666666
2012-04-29 00:00:00 UTC,752,394,235078558,1.5775000000000001
2012-04-29 00:00:00 UTC,752,397,259158000,2.3209722222222222
2012-04-29 00:00:00 UTC,752,399,259158000,1.5569444444444445
2012-04-29 00:00:00 UTC,752,396,259158000,1.5779166666666666
2012-04-29 00:00:00 UTC,752,395,259158000,2.3873611111111113
2012-04-29 00:00:00 UTC,752,398,259158000,1.5526388888888889
2012-04-29 00:00:00 UTC,-528,-657,701006133,5.6563888888888894
2012-04-29 00:00:00 UTC,-528,-658,701006133,6.94388888888889
2012-04-29 00:00:00 UTC,-528,-658,701000768,7.1827777777777779
2012-04-29 00:00:00 UTC,-528,-659,701000768,2.1943055555555557
2012-04-29 00:00:00 UTC,-528,-630,701042000,5.6758333333333333
2012-04-29 00:00:00 UTC,-528,-628,701042000,1.57625
2012-04-29 00:00:00 UTC,-528,-643,701031000,1.3370833333333334
2012-04-29 00:00:00 UTC,-528,-659,701000884,2.8895833333333329
2012-04-29 00:00:00 UTC,-528,-659,701000631,1.5716666666666668
2012-04-29 00:00:00 UTC,-528,-660,701000631,13.055
2012-04-29 00:00:00 UTC,-528,-754,725011900,0.55375000000000008
2012-04-29 00:00:00 UTC,-528,-629,701000929,7.20375
2012-04-29 00:00:00 UTC,-528,-658,701000675,5.5959722222222226
2012-04-29 00:00:00 UTC,-528,-660,70100726,7.2204166666666669
2012-04-29 00:00:00 UTC,-528,-661,70100726,4.4873611111111114
2012-04-29 00:00:00 UTC,-528,-660,701000959,4.2604166666666661
2012-04-29 00:00:00 UTC,-528,-659,701000959,8.7723611111111115
2012-04-29 00:00:00 UTC,-16,-1482,440954000,1.0613888888888889
2012-04-29 00:00:00 UTC,-16,-1483,440954000,0.75555555555555554
2012-04-29 00:00:00 UTC,753,399,258576000,0.77499999999999991
2012-04-29 00:00:00 UTC,753,397,258576000,1.5680555555555555
2012-04-29 00:00:00 UTC,753,400,258576000,0.82652777777777775
2012-04-29 00:00:00 UTC,753,395,258576000,1.524861111111111
2012-04-29 00:00:00 UTC,753,396,235078558,1.61375
2012-04-29 00:00:00 UTC,753,397,235078558,1.5222222222222221
2012-04-29 00:00:00 UTC,753,398,235078558,3.1969444444444441
2012-04-29 00:00:00 UTC,753,400,259158000,5.5511111111111111
2012-04-29 00:00:00 UTC,753,398,259158000,2.3445833333333335
2012-04-29 00:00:00 UTC,-527,-658,701000768,1.3648611111111113
2012-04-29 00:00:00 UTC,-527,-659,701000768,2.3529166666666663
2012-04-29 00:00:00 UTC,-527,-641,701031000,1.5972222222222223
2012-04-29 00:00:00 UTC,-527,-658,701000632,2.4902777777777776
2012-04-29 00:00:00 UTC,-527,-659,701000632,12.254027777777779
2012-04-29 00:00:00 UTC,-15,-1482,440954000,2.1179166666666664
2012-04-29 00:00:00 UTC,-15,-1484,440954000,1.7147222222222223
2012-04-29 00:00:00 UTC,-15,-1486,440954000,3.652222222222222
2012-04-29 00:00:00 UTC,-15,-1485,440954000,1.8365277777777778
2012-04-29 00:00:00 UTC,-15,-1483,440954000,0.80638888888888893
2012-04-29 00:00:00 UTC,754,418,276458000,2.4030555555555555
2012-04-29 00:00:00 UTC,754,419,276458000,1.5109722222222222
2012-04-29 00:00:00 UTC,754,393,258576000,1.5554166666666667
2012-04-29 00:00:00 UTC,754,401,235078558,2.3611111111111112
2012-04-29 00:00:00 UTC,754,400,235078558,4.7447222222222223
2012-04-29 00:00:00 UTC,754,419,276451000,1.5498611111111111
2012-04-29 00:00:00 UTC,754,417,276451000,1.5040277777777777
2012-04-29 00:00:00 UTC,-526,-638,701031000,5.6262500000000006
2012-04-29 00:00:00 UTC,755,418,276458000,4.7234722222222221
2012-04-29 00:00:00 UTC,755,417,276458000,2.4320833333333334
2012-04-29 00:00:00 UTC,755,420,276458000,1.5869444444444443
2012-04-29 00:00:00 UTC,755,393,258576000,5.4797222222222217
2012-04-29 00:00:00 UTC,755,421,276451000,1.5541666666666667
2012-04-29 00:00:00 UTC,755,418,276451000,6.2959722222222227
2012-04-29 00:00:00 UTC,755,419,276451000,3.1680555555555561
2012-04-29 00:00:00 UTC,755,417,276451000,4.7902777777777779
2012-04-29 00:00:00 UTC,244,-159,265485000,3.4469444444444446
2012-04-29 00:00:00 UTC,756,420,276458000,1.6194444444444445
2012-04-29 00:00:00 UTC,756,418,276458000,1.5977777777777777
2012-04-29 00:00:00 UTC,756,416,276458000,1.5529166666666667
2012-04-29 00:00:00 UTC,756,419,276458000,1.5723611111111109
2012-04-29 00:00:00 UTC,756,421,276458000,1.5081944444444444
2012-04-29 00:00:00 UTC,756,393,258576000,4.7887499999999994
2012-04-29 00:00:00 UTC,756,394,258576000,2.3470833333333334
2012-04-29 00:00:00 UTC,756,160,273525900,4.7277777777777779
2012-04-29 00:00:00 UTC,756,161,273525900,0.82222222222222219
2012-04-29 00:00:00 UTC,756,419,276451000,3.158611111111111
2012-04-29 00:00:00 UTC,756,421,276451000,1.6179166666666667
2012-04-29 00:00:00 UTC,245,-161,265485000,2.9291666666666667
2012-04-29 00:00:00 UTC,245,-159,265485000,4.0973611111111117
2012-04-29 00:00:00 UTC,757,416,276458000,1.5555555555555556
2012-04-29 00:00:00 UTC,757,418,276458000,3.1665277777777781
2012-04-29 00:00:00 UTC,757,393,231835000,3.0790277777777777
2012-04-29 00:00:00 UTC,757,162,273525900,9.4211111111111112
2012-04-29 00:00:00 UTC,757,163,273525900,3.1722222222222221
2012-04-29 00:00:00 UTC,757,161,273525900,5.518472222222222
2012-04-29 00:00:00 UTC,757,393,277442000,3.0936111111111115
2012-04-29 00:00:00 UTC,757,395,277442000,1.5656944444444445
2012-04-29 00:00:00 UTC,757,394,277442000,1.5768055555555556
2012-04-29 00:00:00 UTC,757,392,277442000,3.1288888888888886
2012-04-29 00:00:00 UTC,-267,350,432463000,1.7415277777777778
2012-04-29 00:00:00 UTC,246,-160,265485000,1.6580555555555556
2012-04-29 00:00:00 UTC,758,394,231835000,4.7095833333333328
2012-04-29 00:00:00 UTC,758,393,231835000,7.9305555555555554
2012-04-29 00:00:00 UTC,758,393,277442000,2.3890277777777778
2012-04-29 00:00:00 UTC,758,392,277442000,3.9593055555555559
2012-04-29 00:00:00 UTC,758,395,277442000,1.5508333333333333
2012-04-29 00:00:00 UTC,758,394,277442000,1.5965277777777778
2012-04-29 00:00:00 UTC,-266,350,432463000,1.6880555555555556
2012-04-29 00:00:00 UTC,247,-160,242045000,1.81125
2012-04-29 00:00:00 UTC,503,-1285,316001821,1.9568055555555555
2012-04-29 00:00:00 UTC,759,394,231835000,3.175
2012-04-29 00:00:00 UTC,759,393,231835000,4.7365277777777779
2012-04-29 00:00:00 UTC,759,394,277442000,1.5791666666666666
2012-04-29 00:00:00 UTC,759,393,277442000,3.1872222222222222
2012-04-29 00:00:00 UTC,-265,350,432463000,0.79
2012-04-29 00:00:00 UTC,-265,351,432463000,0.80569444444444449
2012-04-29 00:00:00 UTC,504,-1286,316001821,1.620972222222222
2012-04-29 00:00:00 UTC,504,1573,273897300,2.1633333333333331
2012-04-29 00:00:00 UTC,504,1572,273897300,3.8009722222222226
2012-04-29 00:00:00 UTC,504,-1286,316003703,1.1415277777777777
2012-04-29 00:00:00 UTC,-264,350,432463000,6.1891666666666652
2012-04-29 00:00:00 UTC,-264,349,432463000,2.0518055555555552
2012-04-29 00:00:00 UTC,-8,-1491,440895000,1.3838888888888889
2012-04-29 00:00:00 UTC,-8,-1492,440895000,1.625
2012-04-29 00:00:00 UTC,-8,1753,538060017,3.8359722222222219
2012-04-29 00:00:00 UTC,505,1573,273897300,4.7190277777777778
2012-04-29 00:00:00 UTC,505,1574,273897300,1.6111111111111112
2012-04-29 00:00:00 UTC,505,-1286,316003703,11.368194444444445
2012-04-29 00:00:00 UTC,-519,-656,701006149,12.296249999999997
2012-04-29 00:00:00 UTC,-263,348,432463000,1.5909722222222222
2012-04-29 00:00:00 UTC,-263,349,432463000,1.7047222222222222
2012-04-29 00:00:00 UTC,-263,359,431457000,4.2984722222222222
2012-04-29 00:00:00 UTC,-263,360,431457000,2.2181944444444444
2012-04-29 00:00:00 UTC,-263,461,660002300,3.0836111111111109
2012-04-29 00:00:00 UTC,-263,460,660002300,2.5704166666666666
2012-04-29 00:00:00 UTC,-263,462,660002300,1.5140277777777778
2012-04-29 00:00:00 UTC,-7,-1491,440895000,0.36624999999999996
2012-04-29 00:00:00 UTC,-7,-1492,440895000,2.2591666666666663
2012-04-29 00:00:00 UTC,506,1575,273897300,5.6570833333333326
2012-04-29 00:00:00 UTC,506,1574,273897300,5.6534722222222218
2012-04-29 00:00:00 UTC,506,1556,273457250,1.3227777777777778
2012-04-29 00:00:00 UTC,506,-57,235008741,2.1641666666666666
2012-04-29 00:00:00 UTC,-518,-656,701000962,14.7325
2012-04-29 00:00:00 UTC,-518,-655,701000879,1.5501388888888887
2012-04-29 00:00:00 UTC,-518,-654,701000879,5.6975
2012-04-29 00:00:00 UTC,-518,-641,701000927,2.1148611111111113
2012-04-29 00:00:00 UTC,-518,-656,701000689,0.752638888888889
2012-04-29 00:00:00 UTC,-518,-657,701000945,7.47986111111111
2012-04-29 00:00:00 UTC,-518,-655,701000691,12.363194444444442
2012-04-29 00:00:00 UTC,-262,351,432463000,5.6877777777777769
2012-04-29 00:00:00 UTC,-262,349,432463000,1.4348611111111111
2012-04-29 00:00:00 UTC,-262,360,431457000,1.5816666666666666
2012-04-29 00:00:00 UTC,-262,361,431457000,1.6888888888888889
2012-04-29 00:00:00 UTC,-6,-1494,440895000,1.8709722222222223
2012-04-29 00:00:00 UTC,-6,-1492,440895000,1.6820833333333334
2012-04-29 00:00:00 UTC,507,-1294,316001025,8.69763888888889
2012-04-29 00:00:00 UTC,507,-1295,316001025,5.622638888888889
2012-04-29 00:00:00 UTC,507,-1294,316003365,4.0525000000000011
2012-04-29 00:00:00 UTC,507,-1295,316003365,1.4245833333333335
2012-04-29 00:00:00 UTC,507,-111,244563000,9.9222222222222225
2012-04-29 00:00:00 UTC,507,1557,273457250,5.61875
2012-04-29 00:00:00 UTC,507,1556,273457250,2.338888888888889
2012-04-29 00:00:00 UTC,507,-1294,316009852,2.4365277777777776
2012-04-29 00:00:00 UTC,-517,-656,701000878,6.6698611111111115
2012-04-29 00:00:00 UTC,-517,-655,701000879,6.1248611111111115
2012-04-29 00:00:00 UTC,-261,361,431457000,1.6248611111111111
2012-04-29 00:00:00 UTC,-261,360,431457000,0.89597222222222217
2012-04-29 00:00:00 UTC,-5,-1492,440895000,1.8145833333333332
2012-04-29 00:00:00 UTC,-5,1776,538060017,1.8627777777777776
2012-04-29 00:00:00 UTC,508,-1295,316001025,8.01736111111111
2012-04-29 00:00:00 UTC,508,-1295,316009852,4.6697222222222221
2012-04-29 00:00:00 UTC,-516,-541,740369000,3.7706944444444441
2012-04-29 00:00:00 UTC,-516,-643,701000927,2.9304166666666664
2012-04-29 00:00:00 UTC,-260,361,431457000,0.37875000000000003
2012-04-29 00:00:00 UTC,-260,362,431457000,3.7104166666666667
2012-04-29 00:00:00 UTC,-260,468,660002300,0.89027777777777783
2012-04-29 00:00:00 UTC,-4,-1491,440895000,1.8338888888888887
2012-04-29 00:00:00 UTC,-515,-542,740369000,8.9225
2012-04-29 00:00:00 UTC,-515,-540,740369000,2.3818055555555553
2012-04-29 00:00:00 UTC,-515,-539,740369000,1.337361111111111
2012-04-29 00:00:00 UTC,-515,-543,740369000,7.21125
2012-04-29 00:00:00 UTC,-515,-746,725000357,1.6165277777777778
2012-04-29 00:00:00 UTC,-515,-747,725000357,4.2038888888888888
2012-04-29 00:00:00 UTC,-259,362,431457000,2.39375
2012-04-29 00:00:00 UTC,-259,363,431457000,0.788888888888889
2012-04-29 00:00:00 UTC,-259,469,660002300,2.887777777777778
2012-04-29 00:00:00 UTC,-3,-1496,440895000,1.9197222222222221
2012-04-29 00:00:00 UTC,-3,-1495,440895000,1.7256944444444444
2012-04-29 00:00:00 UTC,-3,-1491,440895000,1.767638888888889
2012-04-29 00:00:00 UTC,-514,-744,725000357,0.75708333333333333
2012-04-29 00:00:00 UTC,-514,-745,725000357,4.1269444444444447
2012-04-29 00:00:00 UTC,-258,470,660002300,1.6580555555555554
2012-04-29 00:00:00 UTC,-513,-744,725000357,1.6123611111111109
2012-04-29 00:00:00 UTC,-257,364,431457000,4.2070833333333333
2012-04-29 00:00:00 UTC,-1,-1489,440895000,0.97555555555555551
2012-04-29 00:00:00 UTC,-1,1775,224680000,0.80958333333333343
