date,lat_bin,lon_bin,mmsi,fishing_hours
2018-06-17 00:00:00 UTC,0,1625,416221700,1.0540277777777778
2018-06-17 00:00:00 UTC,0,1609,888224011,1.8281944444444442
2018-06-17 00:00:00 UTC,0,1611,416004887,0.69180555555555545
2018-06-17 00:00:00 UTC,0,1612,416004887,2.2556944444444444
2018-06-17 00:00:00 UTC,0,1629,412252701,0.73833333333333329
2018-06-17 00:00:00 UTC,0,1631,412252701,2.9241666666666668
2018-06-17 00:00:00 UTC,0,1630,412252701,1.1824999999999999
2018-06-17 00:00:00 UTC,0,1631,416003869,1.345
2018-06-17 00:00:00 UTC,0,1630,416003869,0.927361111111111
2018-06-17 00:00:00 UTC,0,1629,416003869,0.855
2018-06-17 00:00:00 UTC,0,772,417000785,0.67805555555555552
2018-06-17 00:00:00 UTC,0,1609,416003928,1.8148611111111108
2018-06-17 00:00:00 UTC,0,832,416112500,0.41000000000000003
2018-06-17 00:00:00 UTC,0,829,416112500,1.8508333333333336
2018-06-17 00:00:00 UTC,0,828,416112500,1.3988888888888888
2018-06-17 00:00:00 UTC,0,830,416112500,0.82888888888888879
2018-06-17 00:00:00 UTC,0,827,416112500,0.80208333333333326
2018-06-17 00:00:00 UTC,0,831,416112500,1.5395833333333333
2018-06-17 00:00:00 UTC,0,1591,416000381,0.55041666666666667
2018-06-17 00:00:00 UTC,0,1592,416000381,1.3577777777777778
2018-06-17 00:00:00 UTC,0,1590,416000381,0.84569444444444442
2018-06-17 00:00:00 UTC,0,-1655,441584000,0.22263888888888889
2018-06-17 00:00:00 UTC,0,1627,416196500,5.2845833333333339
2018-06-17 00:00:00 UTC,0,1626,416196500,2.0127777777777776
2018-06-17 00:00:00 UTC,0,1633,416002198,1.4433333333333334
2018-06-17 00:00:00 UTC,0,1606,416001965,1.0079166666666666
2018-06-17 00:00:00 UTC,0,1626,416002995,1.798472222222222
2018-06-17 00:00:00 UTC,0,1628,416002995,1.535
2018-06-17 00:00:00 UTC,0,1570,584779200,0.43458333333333327
2018-06-17 00:00:00 UTC,256,1196,413123333,0.35416666666666669
2018-06-17 00:00:00 UTC,256,1198,413005598,0.77694444444444455
2018-06-17 00:00:00 UTC,256,1196,200033827,1.9784722222222217
2018-06-17 00:00:00 UTC,256,1195,200033827,1.1872222222222222
2018-06-17 00:00:00 UTC,256,-1132,366749490,0.648611111111111
2018-06-17 00:00:00 UTC,256,1196,200028490,7.6930555555555555
2018-06-17 00:00:00 UTC,256,1195,200028490,5.9590277777777789
2018-06-17 00:00:00 UTC,256,1196,200027238,0.19583333333333333
2018-06-17 00:00:00 UTC,256,1196,200042343,6.5091666666666672
2018-06-17 00:00:00 UTC,256,520,466512010,4.828611111111111
2018-06-17 00:00:00 UTC,256,-1470,367755180,7.0162500000000012
2018-06-17 00:00:00 UTC,256,-1469,367755180,1.2934722222222224
2018-06-17 00:00:00 UTC,256,1196,412443086,15.092777777777778
2018-06-17 00:00:00 UTC,256,1196,412443089,14.624166666666667
2018-06-17 00:00:00 UTC,256,1195,412443089,9.79125
2018-06-17 00:00:00 UTC,256,1359,416000499,4.4116666666666662
2018-06-17 00:00:00 UTC,256,1360,416000499,3.1143055555555557
2018-06-17 00:00:00 UTC,512,-98,250001415,0.15277777777777779
2018-06-17 00:00:00 UTC,512,-97,250001415,0.56361111111111106
2018-06-17 00:00:00 UTC,512,1450,273899300,8.01
2018-06-17 00:00:00 UTC,512,1451,273899300,1.0758333333333332
2018-06-17 00:00:00 UTC,512,1449,273899300,3.0681944444444444
2018-06-17 00:00:00 UTC,512,-109,225384000,1.7595833333333335
2018-06-17 00:00:00 UTC,512,-108,225384000,1.9358333333333337
2018-06-17 00:00:00 UTC,512,-110,225384000,0.41
2018-06-17 00:00:00 UTC,512,-112,228097600,0.94486111111111115
2018-06-17 00:00:00 UTC,512,-113,228097600,6.6541666666666686
2018-06-17 00:00:00 UTC,512,14,235004740,4.9116666666666653
2018-06-17 00:00:00 UTC,512,27,235001670,1.51375
2018-06-17 00:00:00 UTC,512,26,235001670,2.4431944444444444
2018-06-17 00:00:00 UTC,512,-108,228221000,4.8491666666666671
2018-06-17 00:00:00 UTC,512,-103,227389000,4.4681944444444444
2018-06-17 00:00:00 UTC,512,-105,224658000,6.7194444444444414
2018-06-17 00:00:00 UTC,512,-106,224658000,2.2698611111111111
2018-06-17 00:00:00 UTC,512,-69,250116470,1.5051388888888888
2018-06-17 00:00:00 UTC,512,-68,250116470,0.39333333333333331
2018-06-17 00:00:00 UTC,512,-147,227579000,4.3151388888888889
2018-06-17 00:00:00 UTC,512,-66,233883000,1.3670833333333334
2018-06-17 00:00:00 UTC,512,-65,233883000,2.8995833333333336
2018-06-17 00:00:00 UTC,512,-104,225360000,4.2143055555555549
2018-06-17 00:00:00 UTC,512,-104,227344000,4.0463888888888881
2018-06-17 00:00:00 UTC,512,-101,250000516,1.0475
2018-06-17 00:00:00 UTC,512,-102,250000516,3.8972222222222226
2018-06-17 00:00:00 UTC,512,-105,225381000,4.7284722222222246
2018-06-17 00:00:00 UTC,512,-104,225381000,4.3772222222222226
2018-06-17 00:00:00 UTC,512,1563,273415310,1.2898611111111111
2018-06-17 00:00:00 UTC,512,-102,228151700,0.59430555555555553
2018-06-17 00:00:00 UTC,512,-103,228151700,5.4151388888888894
2018-06-17 00:00:00 UTC,512,-90,250223000,0.60458333333333325
2018-06-17 00:00:00 UTC,512,-89,250223000,0.15430555555555553
2018-06-17 00:00:00 UTC,512,-49,235004070,5.8877777777777789
2018-06-17 00:00:00 UTC,512,-48,235004070,1.0438888888888891
2018-06-17 00:00:00 UTC,512,27,205273000,0.96486111111111128
2018-06-17 00:00:00 UTC,512,28,205273000,1.1186111111111112
2018-06-17 00:00:00 UTC,512,1450,273812400,0.79986111111111124
2018-06-17 00:00:00 UTC,512,1451,273812400,0.91444444444444439
2018-06-17 00:00:00 UTC,512,1450,273432500,0.42222222222222217
2018-06-17 00:00:00 UTC,512,1449,273432500,0.27916666666666667
2018-06-17 00:00:00 UTC,512,1451,273432500,0.62444444444444447
2018-06-17 00:00:00 UTC,512,1563,273847220,4.4676388888888887
2018-06-17 00:00:00 UTC,512,-72,250003127,0.29194444444444445
2018-06-17 00:00:00 UTC,512,-71,250003127,1.5469444444444442
2018-06-17 00:00:00 UTC,512,28,205315000,0.27152777777777776
2018-06-17 00:00:00 UTC,512,29,205272000,0.47541666666666671
2018-06-17 00:00:00 UTC,512,28,205272000,0.048472222222222222
2018-06-17 00:00:00 UTC,512,1563,273897410,0.87888888888888883
2018-06-17 00:00:00 UTC,512,-88,250477000,2.6669444444444443
2018-06-17 00:00:00 UTC,512,-86,250477000,0.77055555555555555
2018-06-17 00:00:00 UTC,512,-85,250477000,2.3527777777777774
2018-06-17 00:00:00 UTC,512,-87,250477000,3.0877777777777777
2018-06-17 00:00:00 UTC,512,28,205026000,0.93458333333333343
2018-06-17 00:00:00 UTC,512,-104,250106580,0.15138888888888891
2018-06-17 00:00:00 UTC,512,-103,250106580,2.1573611111111113
2018-06-17 00:00:00 UTC,512,-103,224011990,3.5991666666666662
2018-06-17 00:00:00 UTC,512,-102,224011990,3.1991666666666667
2018-06-17 00:00:00 UTC,512,-1289,316005846,2.5133333333333336
2018-06-17 00:00:00 UTC,512,28,205271000,3.81486111111111
2018-06-17 00:00:00 UTC,512,-104,224000220,4.3452777777777785
2018-06-17 00:00:00 UTC,512,29,205281000,1.902916666666667
2018-06-17 00:00:00 UTC,512,28,205281000,5.8023611111111117
2018-06-17 00:00:00 UTC,512,1563,273844200,0.63972222222222219
2018-06-17 00:00:00 UTC,512,1448,273322990,1.1972222222222222
2018-06-17 00:00:00 UTC,512,-104,224246000,4.4747222222222218
2018-06-17 00:00:00 UTC,512,-115,250001143,4.8938888888888892
2018-06-17 00:00:00 UTC,512,-114,250001143,4.32875
2018-06-17 00:00:00 UTC,512,-89,250001911,0.56291666666666673
2018-06-17 00:00:00 UTC,512,-84,250001911,3.4995833333333333
2018-06-17 00:00:00 UTC,512,-85,250001911,0.29166666666666663
2018-06-17 00:00:00 UTC,512,-90,250001911,3.0852777777777778
2018-06-17 00:00:00 UTC,512,28,205323000,8.0822222222222191
2018-06-17 00:00:00 UTC,768,130,273555500,1.5670833333333332
2018-06-17 00:00:00 UTC,768,131,273555500,2.7377777777777781
2018-06-17 00:00:00 UTC,768,129,273555500,1.8056944444444447
2018-06-17 00:00:00 UTC,768,132,273555500,1.9772222222222227
2018-06-17 00:00:00 UTC,768,133,273555500,4.41861111111111
2018-06-17 00:00:00 UTC,768,128,273555500,0.9277777777777777
2018-06-17 00:00:00 UTC,768,292,258984000,0.12041666666666667
2018-06-17 00:00:00 UTC,768,295,258984000,0.19291666666666665
2018-06-17 00:00:00 UTC,768,293,258984000,0.14680555555555555
2018-06-17 00:00:00 UTC,768,294,258984000,0.10847222222222222
2018-06-17 00:00:00 UTC,768,296,258984000,0.023333333333333334
2018-06-17 00:00:00 UTC,768,479,273212500,0.52319444444444441
2018-06-17 00:00:00 UTC,768,478,273212500,0.26694444444444443
2018-06-17 00:00:00 UTC,768,462,273431440,2.4359722222222215
2018-06-17 00:00:00 UTC,768,485,273414800,0.11708333333333333
2018-06-17 00:00:00 UTC,768,474,273414800,0.21555555555555556
2018-06-17 00:00:00 UTC,768,479,273414800,0.29444444444444445
2018-06-17 00:00:00 UTC,768,476,273414800,0.13013888888888889
2018-06-17 00:00:00 UTC,768,478,273414800,0.93541666666666679
2018-06-17 00:00:00 UTC,768,484,273414800,0.17791666666666667
2018-06-17 00:00:00 UTC,768,475,273414800,0.33166666666666672
2018-06-17 00:00:00 UTC,768,480,273414800,0.12666666666666668
2018-06-17 00:00:00 UTC,768,482,273414800,0.9277777777777777
2018-06-17 00:00:00 UTC,768,473,273414800,0.13569444444444445
2018-06-17 00:00:00 UTC,768,481,273414800,1.4105555555555558
2018-06-17 00:00:00 UTC,768,477,273414800,0.17597222222222225
2018-06-17 00:00:00 UTC,-512,1670,512001064,0.23958333333333331
2018-06-17 00:00:00 UTC,-512,1668,512001064,0.97791666666666666
2018-06-17 00:00:00 UTC,-512,1669,512001064,1.9538888888888895
2018-06-17 00:00:00 UTC,-512,1662,512001064,1.1668055555555557
2018-06-17 00:00:00 UTC,-512,1663,512001064,1.4043055555555557
2018-06-17 00:00:00 UTC,-512,-629,224732000,0.84194444444444427
2018-06-17 00:00:00 UTC,-512,-630,224732000,0.90486111111111134
2018-06-17 00:00:00 UTC,-512,-632,224732000,0.95916666666666683
2018-06-17 00:00:00 UTC,-512,-633,224732000,0.83680555555555536
2018-06-17 00:00:00 UTC,-512,-634,224732000,0.49652777777777779
2018-06-17 00:00:00 UTC,-512,-631,224732000,0.90750000000000008
2018-06-17 00:00:00 UTC,-512,1666,512002241,0.37458333333333332
2018-06-17 00:00:00 UTC,-512,1667,512002241,1.2299999999999998
2018-06-17 00:00:00 UTC,-256,-1665,416198500,0.26666666666666666
2018-06-17 00:00:00 UTC,-256,91,431791000,0.11125
2018-06-17 00:00:00 UTC,-256,90,431791000,1.757638888888889
2018-06-17 00:00:00 UTC,-256,92,431798000,4.3209722222222231
2018-06-17 00:00:00 UTC,1,-2,627072000,0.46972222222222226
2018-06-17 00:00:00 UTC,1,-1,627072000,0.18777777777777779
2018-06-17 00:00:00 UTC,1,1626,416221700,4.6386111111111115
2018-06-17 00:00:00 UTC,1,1625,416221700,10.922916666666666
2018-06-17 00:00:00 UTC,1,1616,416004368,0.43652777777777785
2018-06-17 00:00:00 UTC,1,1615,416004368,3.2411111111111106
2018-06-17 00:00:00 UTC,1,1612,416004887,1.7027777777777777
2018-06-17 00:00:00 UTC,1,1631,416003869,0.7863888888888888
2018-06-17 00:00:00 UTC,1,827,416112500,1.9861111111111112
2018-06-17 00:00:00 UTC,1,829,416112500,2.0934722222222222
2018-06-17 00:00:00 UTC,1,831,416112500,0.72375000000000012
2018-06-17 00:00:00 UTC,1,830,416112500,1.9118055555555555
2018-06-17 00:00:00 UTC,1,1589,416000381,1.2295833333333333
2018-06-17 00:00:00 UTC,1,1590,416000381,0.866388888888889
2018-06-17 00:00:00 UTC,1,1591,416000381,1.0877777777777777
2018-06-17 00:00:00 UTC,1,-1656,441584000,0.7254166666666666
2018-06-17 00:00:00 UTC,1,1627,416196500,0.77680555555555564
2018-06-17 00:00:00 UTC,1,1633,416002198,0.58624999999999994
2018-06-17 00:00:00 UTC,1,1635,416002198,0.31611111111111112
2018-06-17 00:00:00 UTC,1,1606,416001965,1.0620833333333335
2018-06-17 00:00:00 UTC,1,1628,416002995,2.3393055555555553
2018-06-17 00:00:00 UTC,257,1196,200033827,3.2072222222222222
2018-06-17 00:00:00 UTC,257,-1132,366749490,3.4044444444444442
2018-06-17 00:00:00 UTC,257,520,466512010,8.5629166666666663
2018-06-17 00:00:00 UTC,257,-1469,367755180,1.2056944444444442
2018-06-17 00:00:00 UTC,257,-1467,367755180,2.571944444444445
2018-06-17 00:00:00 UTC,257,-1468,367755180,3.1405555555555553
2018-06-17 00:00:00 UTC,257,-1132,367050490,2.83013888888889
2018-06-17 00:00:00 UTC,513,-98,250001415,0.13972222222222222
2018-06-17 00:00:00 UTC,513,-99,250001415,0.054305555555555558
2018-06-17 00:00:00 UTC,513,1450,273899300,8.0355555555555558
2018-06-17 00:00:00 UTC,513,1449,273899300,3.7775000000000003
2018-06-17 00:00:00 UTC,513,-109,225384000,0.51722222222222225
2018-06-17 00:00:00 UTC,513,-108,225384000,7.3455555555555536
2018-06-17 00:00:00 UTC,513,-113,228097600,0.30388888888888888
2018-06-17 00:00:00 UTC,513,15,235004740,4.7820833333333317
2018-06-17 00:00:00 UTC,513,14,235004740,12.539999999999997
2018-06-17 00:00:00 UTC,513,28,235001670,10.646805555555552
2018-06-17 00:00:00 UTC,513,27,235001670,8.8865277777777774
2018-06-17 00:00:00 UTC,513,-107,228221000,2.9088888888888893
2018-06-17 00:00:00 UTC,513,-108,228221000,3.3415277777777779
2018-06-17 00:00:00 UTC,513,-103,227389000,6.8868055555555534
2018-06-17 00:00:00 UTC,513,-106,224658000,0.12583333333333332
2018-06-17 00:00:00 UTC,513,-104,224658000,0.62222222222222223
2018-06-17 00:00:00 UTC,513,-105,224658000,10.088888888888889
2018-06-17 00:00:00 UTC,513,28,234705000,3.9286111111111106
2018-06-17 00:00:00 UTC,513,29,234705000,11.761388888888893
2018-06-17 00:00:00 UTC,513,-69,250116470,1.5822222222222222
2018-06-17 00:00:00 UTC,513,-71,250116470,2.5479166666666671
2018-06-17 00:00:00 UTC,513,-63,233883000,0.7533333333333333
2018-06-17 00:00:00 UTC,513,-62,233883000,2.9873611111111114
2018-06-17 00:00:00 UTC,513,-61,233883000,0.61319444444444449
2018-06-17 00:00:00 UTC,513,-65,233883000,1.5209722222222224
2018-06-17 00:00:00 UTC,513,-64,233883000,5.7480555555555553
2018-06-17 00:00:00 UTC,513,-103,225360000,1.7355555555555555
2018-06-17 00:00:00 UTC,513,-104,225360000,4.5030555555555551
2018-06-17 00:00:00 UTC,513,-101,250000516,10.411805555555558
2018-06-17 00:00:00 UTC,513,-102,250000516,6.8202777777777772
2018-06-17 00:00:00 UTC,513,-100,250000516,0.46916666666666668
2018-06-17 00:00:00 UTC,513,-104,225381000,2.2416666666666663
2018-06-17 00:00:00 UTC,513,-105,225381000,7.8797222222222247
2018-06-17 00:00:00 UTC,513,-49,235004070,0.26652777777777781
2018-06-17 00:00:00 UTC,513,1449,273812400,1.3840277777777776
2018-06-17 00:00:00 UTC,513,1450,273432500,3.0340277777777778
2018-06-17 00:00:00 UTC,513,-70,250003127,1.7245833333333331
2018-06-17 00:00:00 UTC,513,-69,250003127,1.22375
2018-06-17 00:00:00 UTC,513,24,235000760,22.655694444444453
2018-06-17 00:00:00 UTC,513,23,235000760,1.3422222222222222
2018-06-17 00:00:00 UTC,513,30,205272000,0.84069444444444441
2018-06-17 00:00:00 UTC,513,32,205272000,3.4029166666666666
2018-06-17 00:00:00 UTC,513,31,205272000,5.2968055555555553
2018-06-17 00:00:00 UTC,513,-86,250477000,1.4081944444444443
2018-06-17 00:00:00 UTC,513,-87,250477000,0.8419444444444445
2018-06-17 00:00:00 UTC,513,28,232013011,0.061111111111111109
2018-06-17 00:00:00 UTC,513,30,232013011,13.466527777777783
2018-06-17 00:00:00 UTC,513,29,232013011,10.008055555555558
2018-06-17 00:00:00 UTC,513,-103,250106580,1.1861111111111111
2018-06-17 00:00:00 UTC,513,-101,250106580,2.9522222222222223
2018-06-17 00:00:00 UTC,513,-102,250106580,3.1056944444444445
2018-06-17 00:00:00 UTC,513,-104,250106580,1.2106944444444445
2018-06-17 00:00:00 UTC,513,1447,273898200,0.64486111111111111
2018-06-17 00:00:00 UTC,513,-103,224000220,2.2947222222222217
2018-06-17 00:00:00 UTC,513,-104,224000220,4.1124999999999989
2018-06-17 00:00:00 UTC,513,1563,273844200,6.484583333333334
2018-06-17 00:00:00 UTC,513,-103,224246000,4.4676388888888887
2018-06-17 00:00:00 UTC,513,-104,224246000,0.74527777777777771
2018-06-17 00:00:00 UTC,513,-102,224246000,1.1143055555555557
2018-06-17 00:00:00 UTC,513,-115,250001143,8.10027777777778
2018-06-17 00:00:00 UTC,513,-85,250001911,0.84291666666666676
2018-06-17 00:00:00 UTC,513,-87,250001911,1.5029166666666667
2018-06-17 00:00:00 UTC,513,-88,250001911,1.7591666666666668
2018-06-17 00:00:00 UTC,513,-89,250001911,1.7951388888888888
2018-06-17 00:00:00 UTC,513,-86,250001911,1.3363888888888891
2018-06-17 00:00:00 UTC,769,134,273555500,0.76083333333333336
2018-06-17 00:00:00 UTC,769,133,273555500,1.3944444444444439
2018-06-17 00:00:00 UTC,769,132,273555500,3.6672222222222213
2018-06-17 00:00:00 UTC,769,292,258984000,0.074444444444444452
2018-06-17 00:00:00 UTC,769,291,258984000,0.12236111111111111
2018-06-17 00:00:00 UTC,769,290,258984000,0.051666666666666666
2018-06-17 00:00:00 UTC,769,462,273431440,0.43277777777777782
2018-06-17 00:00:00 UTC,769,483,273414800,0.2479166666666667
2018-06-17 00:00:00 UTC,-511,1671,512001064,0.73166666666666669
2018-06-17 00:00:00 UTC,-511,1670,512001064,1.9791666666666665
2018-06-17 00:00:00 UTC,-511,1665,512000080,3.6519444444444447
2018-06-17 00:00:00 UTC,-511,1666,512000080,4.4440277777777775
2018-06-17 00:00:00 UTC,-511,1664,512000080,1.1455555555555554
2018-06-17 00:00:00 UTC,-511,1667,512002241,3.94625
2018-06-17 00:00:00 UTC,-511,1670,512002241,2.9252777777777781
2018-06-17 00:00:00 UTC,-511,1668,512002241,5.126944444444443
2018-06-17 00:00:00 UTC,-511,1669,512002241,4.9243055555555548
2018-06-17 00:00:00 UTC,-255,136,659100000,1.6913888888888888
2018-06-17 00:00:00 UTC,-255,-1667,416198500,0.32305555555555554
2018-06-17 00:00:00 UTC,-255,91,431791000,0.12
2018-06-17 00:00:00 UTC,2,1615,416004368,1.6301388888888888
2018-06-17 00:00:00 UTC,2,1616,416004368,0.84902777777777771
2018-06-17 00:00:00 UTC,2,1632,412252701,4.5981944444444451
2018-06-17 00:00:00 UTC,2,1631,416003869,1.3877777777777776
2018-06-17 00:00:00 UTC,2,1632,416003869,2.9668055555555553
2018-06-17 00:00:00 UTC,2,1658,416532000,3.831805555555555
2018-06-17 00:00:00 UTC,2,828,416112500,1.2498611111111111
2018-06-17 00:00:00 UTC,2,1589,416000381,0.89833333333333321
2018-06-17 00:00:00 UTC,2,1590,416000381,1.0922222222222222
2018-06-17 00:00:00 UTC,2,1588,416000381,0.62527777777777793
2018-06-17 00:00:00 UTC,2,1587,416000381,0.83458333333333345
2018-06-17 00:00:00 UTC,2,-1656,441584000,0.60722222222222222
2018-06-17 00:00:00 UTC,2,1627,416196500,1.8212499999999998
2018-06-17 00:00:00 UTC,2,1634,416002198,1.3387499999999999
2018-06-17 00:00:00 UTC,2,1635,416002198,0.48138888888888887
2018-06-17 00:00:00 UTC,2,1606,416001965,0.85347222222222219
2018-06-17 00:00:00 UTC,2,1628,416002995,3.2941666666666665
2018-06-17 00:00:00 UTC,2,1567,440195000,0.6479166666666667
2018-06-17 00:00:00 UTC,258,-837,367527750,10.776805555555555
2018-06-17 00:00:00 UTC,258,1199,412441932,3.3348611111111111
2018-06-17 00:00:00 UTC,258,1200,412441932,1.0922222222222222
2018-06-17 00:00:00 UTC,258,1199,416066658,0.59319444444444447
2018-06-17 00:00:00 UTC,258,1713,416000137,3.1148611111111113
2018-06-17 00:00:00 UTC,258,520,466512010,11.546944444444446
2018-06-17 00:00:00 UTC,258,1199,413106332,3.40763888888889
2018-06-17 00:00:00 UTC,258,1200,413106332,3.4351388888888894
2018-06-17 00:00:00 UTC,258,-1467,367755180,0.84861111111111109
2018-06-17 00:00:00 UTC,258,-1466,367755180,3.374166666666667
2018-06-17 00:00:00 UTC,258,1199,810018256,0.78319444444444442
2018-06-17 00:00:00 UTC,258,-444,441057000,0.55291666666666661
2018-06-17 00:00:00 UTC,258,-445,441057000,0.78486111111111112
2018-06-17 00:00:00 UTC,514,35,245706000,0.047083333333333331
2018-06-17 00:00:00 UTC,514,36,245706000,0.096527777777777768
2018-06-17 00:00:00 UTC,514,35,245364000,1.0088888888888889
2018-06-17 00:00:00 UTC,514,36,245364000,0.061111111111111109
2018-06-17 00:00:00 UTC,514,31,245331000,0.47902777777777772
2018-06-17 00:00:00 UTC,514,25,244179000,0.50305555555555559
2018-06-17 00:00:00 UTC,514,35,244615490,1.5583333333333329
2018-06-17 00:00:00 UTC,514,-59,235040589,1.2222222222222223
2018-06-17 00:00:00 UTC,514,36,245244000,0.91805555555555562
2018-06-17 00:00:00 UTC,514,35,245244000,4.2616666666666667
2018-06-17 00:00:00 UTC,514,28,245148000,0.87569444444444444
2018-06-17 00:00:00 UTC,514,-70,250116470,1.48625
2018-06-17 00:00:00 UTC,514,-69,250116470,1.3386111111111112
2018-06-17 00:00:00 UTC,514,-71,250116470,1.1831944444444444
2018-06-17 00:00:00 UTC,514,-61,233883000,0.45777777777777773
2018-06-17 00:00:00 UTC,514,-62,233883000,2.9608333333333334
2018-06-17 00:00:00 UTC,514,-63,233883000,4.4273611111111109
2018-06-17 00:00:00 UTC,514,-101,250000516,1.4115277777777779
2018-06-17 00:00:00 UTC,514,-83,250001293,0.18111111111111108
2018-06-17 00:00:00 UTC,514,40,244750739,0.78111111111111109
2018-06-17 00:00:00 UTC,514,12,235105964,0.6893055555555555
2018-06-17 00:00:00 UTC,514,13,235105964,3.112777777777779
2018-06-17 00:00:00 UTC,514,1447,273432500,0.41416666666666668
2018-06-17 00:00:00 UTC,514,35,245571000,0.59166666666666656
2018-06-17 00:00:00 UTC,514,-100,250106580,0.45763888888888893
2018-06-17 00:00:00 UTC,514,-101,250106580,0.21305555555555555
2018-06-17 00:00:00 UTC,514,1446,273898200,1.3516666666666666
2018-06-17 00:00:00 UTC,514,1447,273898200,1.0841666666666665
2018-06-17 00:00:00 UTC,514,1562,273844200,0.18152777777777779
2018-06-17 00:00:00 UTC,514,1563,273844200,0.3693055555555555
2018-06-17 00:00:00 UTC,514,-115,250001143,6.6730555555555569
2018-06-17 00:00:00 UTC,770,134,273555500,1.6990277777777776
2018-06-17 00:00:00 UTC,770,133,273555500,0.17319444444444446
2018-06-17 00:00:00 UTC,770,119,273451570,0.26277777777777778
2018-06-17 00:00:00 UTC,770,122,273451570,0.25430555555555556
2018-06-17 00:00:00 UTC,770,120,273451570,0.43444444444444441
2018-06-17 00:00:00 UTC,770,121,273451570,0.51444444444444448
2018-06-17 00:00:00 UTC,770,123,273451570,0.4177777777777778
2018-06-17 00:00:00 UTC,770,124,273451570,0.46166666666666673
2018-06-17 00:00:00 UTC,770,128,273326830,0.16305555555555556
2018-06-17 00:00:00 UTC,770,129,273326830,0.061944444444444441
2018-06-17 00:00:00 UTC,770,126,273326830,0.11805555555555555
2018-06-17 00:00:00 UTC,770,127,273326830,0.37986111111111115
2018-06-17 00:00:00 UTC,-510,1671,512001064,0.77222222222222214
2018-06-17 00:00:00 UTC,-510,1672,512001064,1.877361111111111
2018-06-17 00:00:00 UTC,-510,1666,512000080,1.7915277777777778
2018-06-17 00:00:00 UTC,-510,1668,512000080,5.6622222222222227
2018-06-17 00:00:00 UTC,-510,1667,512000080,6.8947222222222235
2018-06-17 00:00:00 UTC,-510,1675,512410000,1.8544444444444448
2018-06-17 00:00:00 UTC,-510,1674,512410000,6.1487499999999979
2018-06-17 00:00:00 UTC,-510,1673,512410000,7.2419444444444494
2018-06-17 00:00:00 UTC,-510,1671,512002241,4.3633333333333333
2018-06-17 00:00:00 UTC,-510,1670,512002241,1.1620833333333338
2018-06-17 00:00:00 UTC,-254,-473,710131976,5.2226388888888886
2018-06-17 00:00:00 UTC,-254,351,650206000,1.9676388888888887
2018-06-17 00:00:00 UTC,-254,352,650206000,2.5265277777777775
2018-06-17 00:00:00 UTC,-254,136,659100000,2.370972222222222
2018-06-17 00:00:00 UTC,-254,136,659420000,3.1704166666666671
2018-06-17 00:00:00 UTC,-254,91,431791000,0.31791666666666668
2018-06-17 00:00:00 UTC,3,-2,627072000,0.6875
2018-06-17 00:00:00 UTC,3,1615,416004368,0.27944444444444444
2018-06-17 00:00:00 UTC,3,1566,440479000,0.56652777777777774
2018-06-17 00:00:00 UTC,3,1567,440479000,1.493611111111111
2018-06-17 00:00:00 UTC,3,1632,416003869,2.2373611111111114
2018-06-17 00:00:00 UTC,3,1620,416000293,3.1147222222222224
2018-06-17 00:00:00 UTC,3,1589,416000381,1.9083333333333334
2018-06-17 00:00:00 UTC,3,-1656,441584000,0.665
2018-06-17 00:00:00 UTC,3,1569,338074000,2.5744444444444441
2018-06-17 00:00:00 UTC,3,1606,416001965,1.1072222222222221
2018-06-17 00:00:00 UTC,3,1568,440195000,2.6586111111111097
2018-06-17 00:00:00 UTC,3,1567,440195000,4.4251388888888883
2018-06-17 00:00:00 UTC,259,1714,928001809,3.60375
2018-06-17 00:00:00 UTC,259,1713,928001809,2.776388888888889
2018-06-17 00:00:00 UTC,259,1199,412441932,0.88861111111111113
2018-06-17 00:00:00 UTC,259,1200,412441932,5.0556944444444447
2018-06-17 00:00:00 UTC,259,1194,412615032,0.16666666666666666
2018-06-17 00:00:00 UTC,259,1193,412615032,0.33694444444444444
2018-06-17 00:00:00 UTC,259,1714,416000137,4.5952777777777785
2018-06-17 00:00:00 UTC,259,1713,416000137,0.8438888888888888
2018-06-17 00:00:00 UTC,259,1199,413106332,0.86291666666666667
2018-06-17 00:00:00 UTC,259,520,466514590,17.197083333333328
2018-06-17 00:00:00 UTC,259,1501,416002467,4.0424999999999995
2018-06-17 00:00:00 UTC,259,1498,416002467,8.6536111111111111
2018-06-17 00:00:00 UTC,259,-1465,367755180,4.0569444444444445
2018-06-17 00:00:00 UTC,259,-443,441057000,1.1755555555555557
2018-06-17 00:00:00 UTC,259,-442,441057000,0.18986111111111109
2018-06-17 00:00:00 UTC,259,1201,413005810,6.8536111111111113
2018-06-17 00:00:00 UTC,515,-64,205237000,1.8319444444444444
2018-06-17 00:00:00 UTC,515,-63,205289000,1.8450000000000002
2018-06-17 00:00:00 UTC,515,33,245331000,0.13708333333333333
2018-06-17 00:00:00 UTC,515,-59,235040589,4.6254166666666663
2018-06-17 00:00:00 UTC,515,-83,250001293,0.51041666666666663
2018-06-17 00:00:00 UTC,515,-84,250001293,0.095
2018-06-17 00:00:00 UTC,515,-82,250001293,11.091805555555558
2018-06-17 00:00:00 UTC,515,-81,250001293,1.6122222222222222
2018-06-17 00:00:00 UTC,515,1446,273432500,1.9919444444444439
2018-06-17 00:00:00 UTC,515,1446,273898200,1.1580555555555554
2018-06-17 00:00:00 UTC,515,-112,227531000,2.3697222222222227
2018-06-17 00:00:00 UTC,515,-113,227531000,2.0381944444444438
2018-06-17 00:00:00 UTC,771,119,273451570,0.19319444444444447
2018-06-17 00:00:00 UTC,771,118,273451570,0.65041666666666664
2018-06-17 00:00:00 UTC,771,117,273451570,0.55541666666666678
2018-06-17 00:00:00 UTC,771,116,273451570,0.41958333333333336
2018-06-17 00:00:00 UTC,771,125,273326830,0.18777777777777777
2018-06-17 00:00:00 UTC,771,124,273326830,0.54763888888888879
2018-06-17 00:00:00 UTC,771,126,273326830,0.085694444444444434
2018-06-17 00:00:00 UTC,771,123,273326830,0.2533333333333333
2018-06-17 00:00:00 UTC,-509,1673,512001064,1.6208333333333336
2018-06-17 00:00:00 UTC,-509,1676,512001064,0.23625
2018-06-17 00:00:00 UTC,-509,1674,512001064,1.3499999999999994
2018-06-17 00:00:00 UTC,-509,1672,512001064,0.35624999999999996
2018-06-17 00:00:00 UTC,-509,1668,512000080,0.25944444444444448
2018-06-17 00:00:00 UTC,-509,1673,512410000,0.53375000000000006
2018-06-17 00:00:00 UTC,-509,1675,512410000,1.8076388888888886
2018-06-17 00:00:00 UTC,-509,1674,512410000,5.9416666666666691
2018-06-17 00:00:00 UTC,-253,352,650206000,3.3722222222222218
2018-06-17 00:00:00 UTC,-253,136,659100000,3.7765277777777779
2018-06-17 00:00:00 UTC,-253,136,659420000,0.76291666666666669
2018-06-17 00:00:00 UTC,-253,-1670,416198500,0.6793055555555555
2018-06-17 00:00:00 UTC,-253,1134,503022970,0.215
2018-06-17 00:00:00 UTC,-253,1135,503022970,10.849583333333333
2018-06-17 00:00:00 UTC,-253,352,650116000,8.1368055555555578
2018-06-17 00:00:00 UTC,-253,1135,503048110,2.2502777777777778
2018-06-17 00:00:00 UTC,-253,1135,503048150,0.51722222222222225
2018-06-17 00:00:00 UTC,-253,1135,503022330,1.4336111111111109
2018-06-17 00:00:00 UTC,-253,1135,503048190,1.2520833333333332
2018-06-17 00:00:00 UTC,4,1615,416004368,1.6619444444444444
2018-06-17 00:00:00 UTC,4,1612,416004887,1.0799999999999998
2018-06-17 00:00:00 UTC,4,1632,416003869,0.77708333333333335
2018-06-17 00:00:00 UTC,4,1620,416000293,1.4329166666666668
2018-06-17 00:00:00 UTC,4,1618,416000293,6.0058333333333334
2018-06-17 00:00:00 UTC,4,-1511,412695120,0.10847222222222222
2018-06-17 00:00:00 UTC,4,1588,416000381,0.73805555555555558
2018-06-17 00:00:00 UTC,4,-1656,441584000,0.39416666666666667
2018-06-17 00:00:00 UTC,4,1606,416001965,0.90069444444444446
2018-06-17 00:00:00 UTC,4,1567,529783000,5.7111111111111112
2018-06-17 00:00:00 UTC,4,1568,529783000,0.92541666666666667
2018-06-17 00:00:00 UTC,260,1714,928001809,1.8247222222222219
2018-06-17 00:00:00 UTC,260,1720,928001809,0.13236111111111112
2018-06-17 00:00:00 UTC,260,507,408901702,0.93625
2018-06-17 00:00:00 UTC,260,506,408901702,5.4041666666666668
2018-06-17 00:00:00 UTC,260,-1609,303835000,7.7294444444444457
2018-06-17 00:00:00 UTC,260,1720,416000137,0.41666666666666669
2018-06-17 00:00:00 UTC,260,1714,416000137,2.019166666666667
2018-06-17 00:00:00 UTC,260,1481,416000144,9.7477777777777774
2018-06-17 00:00:00 UTC,260,1480,416000144,11.530138888888889
2018-06-17 00:00:00 UTC,260,-442,441057000,0.29736111111111108
2018-06-17 00:00:00 UTC,516,-79,250000135,0.59263888888888894
2018-06-17 00:00:00 UTC,516,-80,250000135,1.756805555555556
2018-06-17 00:00:00 UTC,516,-63,205237000,2.0008333333333335
2018-06-17 00:00:00 UTC,516,-65,205237000,0.405
2018-06-17 00:00:00 UTC,516,-64,205237000,0.7125
2018-06-17 00:00:00 UTC,516,-65,205289000,2.9026388888888888
2018-06-17 00:00:00 UTC,516,-64,205289000,2.8916666666666666
2018-06-17 00:00:00 UTC,516,-59,235040589,1.5750000000000002
2018-06-17 00:00:00 UTC,516,35,246364000,4.45875
2018-06-17 00:00:00 UTC,516,-140,250350000,2.8502777777777775
2018-06-17 00:00:00 UTC,516,1538,273398450,0.71930555555555564
2018-06-17 00:00:00 UTC,516,1446,273432500,6.8027777777777789
2018-06-17 00:00:00 UTC,516,-69,250003127,0.37361111111111112
2018-06-17 00:00:00 UTC,516,-141,250444000,10.71125
2018-06-17 00:00:00 UTC,516,-112,227531000,5.0166666666666657
2018-06-17 00:00:00 UTC,516,-113,227531000,6.4498611111111073
2018-06-17 00:00:00 UTC,772,115,273451570,1.315277777777778
2018-06-17 00:00:00 UTC,772,116,273451570,0.38569444444444445
2018-06-17 00:00:00 UTC,772,114,273326830,0.41833333333333333
2018-06-17 00:00:00 UTC,772,109,273326830,0.2852777777777778
2018-06-17 00:00:00 UTC,772,116,273326830,0.43458333333333332
2018-06-17 00:00:00 UTC,772,108,273326830,0.40694444444444444
2018-06-17 00:00:00 UTC,772,113,273326830,0.43833333333333335
2018-06-17 00:00:00 UTC,772,110,273326830,0.32291666666666663
2018-06-17 00:00:00 UTC,772,121,273326830,0.67083333333333328
2018-06-17 00:00:00 UTC,772,111,273326830,0.36874999999999997
2018-06-17 00:00:00 UTC,772,119,273326830,0.61486111111111108
2018-06-17 00:00:00 UTC,772,118,273326830,0.4793055555555556
2018-06-17 00:00:00 UTC,772,123,273326830,0.36569444444444443
2018-06-17 00:00:00 UTC,772,117,273326830,0.45152777777777775
2018-06-17 00:00:00 UTC,772,120,273326830,0.089861111111111114
2018-06-17 00:00:00 UTC,772,122,273326830,0.54402777777777767
2018-06-17 00:00:00 UTC,772,112,273326830,0.42430555555555549
2018-06-17 00:00:00 UTC,772,115,273326830,0.49222222222222223
2018-06-17 00:00:00 UTC,-508,1674,512001064,0.43736111111111109
2018-06-17 00:00:00 UTC,-508,1676,512001064,0.87694444444444464
2018-06-17 00:00:00 UTC,-508,1675,512001064,1.3080555555555557
2018-06-17 00:00:00 UTC,-252,1134,503048210,20.262222222222221
2018-06-17 00:00:00 UTC,-252,353,650206000,2.9486111111111106
2018-06-17 00:00:00 UTC,-252,352,650206000,1.1144444444444448
2018-06-17 00:00:00 UTC,-252,353,650205000,6.5377777777777757
2018-06-17 00:00:00 UTC,-252,136,659100000,0.29930555555555555
2018-06-17 00:00:00 UTC,-252,136,659420000,0.5509722222222222
2018-06-17 00:00:00 UTC,-252,1134,503022970,10.968194444444444
2018-06-17 00:00:00 UTC,-252,1135,503022970,2.4618055555555558
2018-06-17 00:00:00 UTC,-252,93,431791000,2.8031944444444443
2018-06-17 00:00:00 UTC,-252,353,650116000,6.5172222222222231
2018-06-17 00:00:00 UTC,-252,352,650116000,1.4123611111111112
2018-06-17 00:00:00 UTC,-252,1134,503048110,7.30513888888889
2018-06-17 00:00:00 UTC,-252,1135,503048110,5.5780555555555562
2018-06-17 00:00:00 UTC,-252,1135,503048150,3.0486111111111112
2018-06-17 00:00:00 UTC,-252,1133,503048150,0.058055555555555555
2018-06-17 00:00:00 UTC,-252,1134,503048150,7.458055555555557
2018-06-17 00:00:00 UTC,-252,-1149,412420583,1.1236111111111111
2018-06-17 00:00:00 UTC,-252,1135,503048170,10.048749999999997
2018-06-17 00:00:00 UTC,-252,1134,503048170,5.1523611111111114
2018-06-17 00:00:00 UTC,-252,1134,503048180,2.3748611111111106
2018-06-17 00:00:00 UTC,-252,1133,503022330,11.872916666666665
2018-06-17 00:00:00 UTC,-252,1135,503022330,1.37
2018-06-17 00:00:00 UTC,-252,1134,503022330,5.7120833333333332
2018-06-17 00:00:00 UTC,5,1615,416004368,3.9029166666666666
2018-06-17 00:00:00 UTC,5,1696,412371222,1.3493055555555555
2018-06-17 00:00:00 UTC,5,1697,412371222,6.5248611111111119
2018-06-17 00:00:00 UTC,5,1695,412371222,0.3
2018-06-17 00:00:00 UTC,5,1612,416004887,0.22805555555555557
2018-06-17 00:00:00 UTC,5,1632,412252701,2.8954166666666667
2018-06-17 00:00:00 UTC,5,1632,416003869,0.53902777777777777
2018-06-17 00:00:00 UTC,5,1620,416000293,1.556527777777778
2018-06-17 00:00:00 UTC,5,1617,416000293,1.9136111111111109
2018-06-17 00:00:00 UTC,5,1618,416000293,1.6686111111111113
2018-06-17 00:00:00 UTC,5,-1512,412695120,0.25305555555555559
2018-06-17 00:00:00 UTC,5,1588,416000381,0.36791666666666667
2018-06-17 00:00:00 UTC,5,-1656,441584000,1.2268055555555557
2018-06-17 00:00:00 UTC,5,1606,416001965,0.40833333333333333
2018-06-17 00:00:00 UTC,261,-1472,367789570,1.1959722222222222
2018-06-17 00:00:00 UTC,261,1719,928001809,0.90999999999999992
2018-06-17 00:00:00 UTC,261,1720,928001809,0.78666666666666674
2018-06-17 00:00:00 UTC,261,1714,928001809,0.59180555555555547
2018-06-17 00:00:00 UTC,261,506,408901675,2.4255555555555555
2018-06-17 00:00:00 UTC,261,505,408901675,1.0855555555555556
2018-06-17 00:00:00 UTC,261,1199,412342365,0.97833333333333328
2018-06-17 00:00:00 UTC,261,-1608,303835000,2.5641666666666669
2018-06-17 00:00:00 UTC,261,-1609,303835000,0.31166666666666665
2018-06-17 00:00:00 UTC,261,507,408901501,2.0568055555555551
2018-06-17 00:00:00 UTC,261,1714,416000137,0.97097222222222213
2018-06-17 00:00:00 UTC,261,1719,416000137,0.79263888888888889
2018-06-17 00:00:00 UTC,261,1720,416000137,0.76694444444444443
2018-06-17 00:00:00 UTC,261,507,408901534,1.5030555555555556
2018-06-17 00:00:00 UTC,261,506,408901534,0.51861111111111113
2018-06-17 00:00:00 UTC,261,1497,416002467,5.7491666666666674
2018-06-17 00:00:00 UTC,261,507,408901561,3.4709722222222217
2018-06-17 00:00:00 UTC,261,1198,700054201,3.3655555555555554
2018-06-17 00:00:00 UTC,261,506,408901571,1.7493055555555559
2018-06-17 00:00:00 UTC,261,507,408901571,3.9654166666666661
2018-06-17 00:00:00 UTC,517,-78,250000135,3.65236111111111
2018-06-17 00:00:00 UTC,517,-76,250000135,1.6751388888888894
2018-06-17 00:00:00 UTC,517,-80,250000135,2.9327777777777784
2018-06-17 00:00:00 UTC,517,-79,250000135,5.7302777777777782
2018-06-17 00:00:00 UTC,517,-77,250000135,7.0669444444444443
2018-06-17 00:00:00 UTC,517,-64,205237000,1.0484722222222222
2018-06-17 00:00:00 UTC,517,-65,205237000,1.325
2018-06-17 00:00:00 UTC,517,-67,205237000,0.81361111111111106
2018-06-17 00:00:00 UTC,517,-66,205237000,1.3318055555555555
2018-06-17 00:00:00 UTC,517,-64,205289000,6.9172222222222217
2018-06-17 00:00:00 UTC,517,21,246054000,0.39569444444444446
2018-06-17 00:00:00 UTC,517,20,246054000,0.1958333333333333
2018-06-17 00:00:00 UTC,517,-140,250350000,3.701111111111111
2018-06-17 00:00:00 UTC,517,1538,273398450,0.74583333333333335
2018-06-17 00:00:00 UTC,517,1446,273432500,1.2430555555555556
2018-06-17 00:00:00 UTC,517,-65,250003127,1.2983333333333333
2018-06-17 00:00:00 UTC,517,-67,250003127,0.78805555555555551
2018-06-17 00:00:00 UTC,517,-66,250003127,0.54
2018-06-17 00:00:00 UTC,517,-64,250003127,0.28333333333333333
2018-06-17 00:00:00 UTC,517,-114,227512000,2.4869444444444442
2018-06-17 00:00:00 UTC,517,-140,250444000,3.3565277777777776
2018-06-17 00:00:00 UTC,517,-113,227531000,4.8529166666666654
2018-06-17 00:00:00 UTC,517,-112,227531000,1.4797222222222226
2018-06-17 00:00:00 UTC,517,-114,227531000,1.7813888888888889
2018-06-17 00:00:00 UTC,517,-141,250002427,0.8552777777777778
2018-06-17 00:00:00 UTC,517,-140,250002427,1.6352777777777776
2018-06-17 00:00:00 UTC,773,115,273451570,0.36541666666666667
2018-06-17 00:00:00 UTC,773,117,273451570,0.27611111111111108
2018-06-17 00:00:00 UTC,773,116,273451570,1.1556944444444446
2018-06-17 00:00:00 UTC,773,121,273326830,0.21152777777777776
2018-06-17 00:00:00 UTC,773,120,273326830,3.3868055555555561
2018-06-17 00:00:00 UTC,-251,353,650026000,6.41625
2018-06-17 00:00:00 UTC,-251,1134,503048210,1.7152777777777777
2018-06-17 00:00:00 UTC,-251,353,650206000,5.6916666666666655
2018-06-17 00:00:00 UTC,-251,354,650205000,0.81944444444444453
2018-06-17 00:00:00 UTC,-251,353,650205000,6.6433333333333326
2018-06-17 00:00:00 UTC,-251,353,650204000,8.6419444444444462
2018-06-17 00:00:00 UTC,-251,136,659420000,1.4315277777777777
2018-06-17 00:00:00 UTC,-251,353,650116000,6.5605555555555553
2018-06-17 00:00:00 UTC,-251,1134,503048110,1.712361111111111
2018-06-17 00:00:00 UTC,-251,1133,503048150,3.0283333333333333
2018-06-17 00:00:00 UTC,-251,1134,503048150,1.6223611111111111
2018-06-17 00:00:00 UTC,-251,1134,503048180,13.941805555555556
2018-06-17 00:00:00 UTC,-251,1134,503022330,0.27208333333333334
2018-06-17 00:00:00 UTC,-251,1133,503022330,3.3993055555555554
2018-06-17 00:00:00 UTC,-251,1134,503048190,0.27541666666666664
2018-06-17 00:00:00 UTC,6,1614,416004368,4.2972222222222216
2018-06-17 00:00:00 UTC,6,1632,412252701,1.471527777777778
2018-06-17 00:00:00 UTC,6,1619,416000293,3.2815277777777778
2018-06-17 00:00:00 UTC,6,1618,416000293,3.3159722222222228
2018-06-17 00:00:00 UTC,6,1617,416000293,1.1673611111111111
2018-06-17 00:00:00 UTC,6,1620,416000293,0.38069444444444445
2018-06-17 00:00:00 UTC,6,1588,416000381,1.4197222222222221
2018-06-17 00:00:00 UTC,6,-1656,441584000,0.24722222222222223
2018-06-17 00:00:00 UTC,6,-1657,441584000,1.137361111111111
2018-06-17 00:00:00 UTC,6,1633,416002198,0.71847222222222229
2018-06-17 00:00:00 UTC,6,1634,416002198,0.20388888888888887
2018-06-17 00:00:00 UTC,6,-1060,412440806,4.860972222222224
2018-06-17 00:00:00 UTC,6,-1064,412440806,0.59569444444444453
2018-06-17 00:00:00 UTC,6,-1065,412440806,0.64361111111111113
2018-06-17 00:00:00 UTC,6,-1057,412440806,0.86930555555555555
2018-06-17 00:00:00 UTC,6,-1066,412440806,0.24777777777777779
2018-06-17 00:00:00 UTC,6,-1059,412440806,0.7583333333333333
2018-06-17 00:00:00 UTC,6,-1061,412440806,2.4101388888888886
2018-06-17 00:00:00 UTC,6,-1063,412440806,0.93652777777777774
2018-06-17 00:00:00 UTC,262,-1469,367789570,0.28319444444444442
2018-06-17 00:00:00 UTC,262,-1471,367789570,0.84222222222222221
2018-06-17 00:00:00 UTC,262,-1470,367789570,0.79416666666666669
2018-06-17 00:00:00 UTC,262,507,408906509,0.083333333333333329
2018-06-17 00:00:00 UTC,262,1714,928001809,1.2258333333333333
2018-06-17 00:00:00 UTC,262,1718,928001809,1.2318055555555554
2018-06-17 00:00:00 UTC,262,1199,200015658,8.1063888888888886
2018-06-17 00:00:00 UTC,262,1200,200015658,1.016388888888889
2018-06-17 00:00:00 UTC,262,1199,800036409,1.1490277777777778
2018-06-17 00:00:00 UTC,262,-834,367527750,6.4090277777777782
2018-06-17 00:00:00 UTC,262,1199,412342365,22.385833333333327
2018-06-17 00:00:00 UTC,262,1200,412342877,2.3615277777777774
2018-06-17 00:00:00 UTC,262,1199,412342877,7.185138888888889
2018-06-17 00:00:00 UTC,262,507,408906597,12.139861111111109
2018-06-17 00:00:00 UTC,262,507,408906613,9.70611111111111
2018-06-17 00:00:00 UTC,262,-1608,303835000,0.49277777777777776
2018-06-17 00:00:00 UTC,262,-1607,303835000,2.3095833333333333
2018-06-17 00:00:00 UTC,262,1714,416000137,1.5577777777777779
2018-06-17 00:00:00 UTC,262,1719,416000137,0.23416666666666666
2018-06-17 00:00:00 UTC,262,1718,416000137,1.3519444444444442
2018-06-17 00:00:00 UTC,262,1198,700054201,0.31652777777777774
2018-06-17 00:00:00 UTC,262,1197,700054201,10.786527777777779
2018-06-17 00:00:00 UTC,262,1200,413745612,6.3866666666666667
2018-06-17 00:00:00 UTC,518,-76,250000135,0.62277777777777787
2018-06-17 00:00:00 UTC,518,-66,205237000,7.262083333333333
2018-06-17 00:00:00 UTC,518,-65,205237000,0.62097222222222226
2018-06-17 00:00:00 UTC,518,-67,205237000,3.9997222222222226
2018-06-17 00:00:00 UTC,518,-113,227380000,0.32763888888888892
2018-06-17 00:00:00 UTC,518,-114,227380000,12.898888888888886
2018-06-17 00:00:00 UTC,518,1561,273351500,3.1923611111111114
2018-06-17 00:00:00 UTC,518,38,245106000,0.64999999999999991
2018-06-17 00:00:00 UTC,518,21,246054000,1.3352777777777778
2018-06-17 00:00:00 UTC,518,38,246299000,0.65013888888888893
2018-06-17 00:00:00 UTC,518,-139,250350000,3.3690277777777782
2018-06-17 00:00:00 UTC,518,-140,250350000,6.8219444444444441
2018-06-17 00:00:00 UTC,518,1537,273398450,0.51930555555555558
2018-06-17 00:00:00 UTC,518,1535,273398450,2.5177777777777779
2018-06-17 00:00:00 UTC,518,1536,273398450,1.4561111111111109
2018-06-17 00:00:00 UTC,518,-115,227512000,2.7775
2018-06-17 00:00:00 UTC,518,-114,227512000,6.4434722222222236
2018-06-17 00:00:00 UTC,518,1446,273898200,1.1048611111111111
2018-06-17 00:00:00 UTC,518,-139,250444000,4.8950000000000005
2018-06-17 00:00:00 UTC,518,-141,250002427,7.3009722222222226
2018-06-17 00:00:00 UTC,518,-140,250002427,5.5266666666666664
2018-06-17 00:00:00 UTC,774,115,273451570,1.5901388888888888
2018-06-17 00:00:00 UTC,774,114,273451570,0.28055555555555556
2018-06-17 00:00:00 UTC,774,121,273326830,3.1987500000000009
2018-06-17 00:00:00 UTC,774,120,273326830,0.88583333333333347
2018-06-17 00:00:00 UTC,-250,354,650026000,8.7494444444444426
2018-06-17 00:00:00 UTC,-250,353,650026000,0.52750000000000008
2018-06-17 00:00:00 UTC,-250,354,650206000,3.9715277777777782
2018-06-17 00:00:00 UTC,-250,353,650206000,0.69027777777777777
2018-06-17 00:00:00 UTC,-250,354,650205000,7.8673611111111077
2018-06-17 00:00:00 UTC,-250,353,650204000,1.0106944444444443
2018-06-17 00:00:00 UTC,-250,354,650204000,8.5875000000000021
2018-06-17 00:00:00 UTC,-250,136,659420000,0.34791666666666665
2018-06-17 00:00:00 UTC,-250,353,650116000,0.51694444444444443
2018-06-17 00:00:00 UTC,-250,354,650116000,1.2004166666666667
2018-06-17 00:00:00 UTC,-250,-1149,412420583,1.3783333333333334
2018-06-17 00:00:00 UTC,7,1605,440704000,0.73069444444444454
2018-06-17 00:00:00 UTC,7,1603,440704000,0.37222222222222223
2018-06-17 00:00:00 UTC,7,1612,416004887,1.6527777777777777
2018-06-17 00:00:00 UTC,7,1613,416004887,3.8951388888888889
2018-06-17 00:00:00 UTC,7,1632,412252701,1.6831944444444447
2018-06-17 00:00:00 UTC,7,-1519,412695120,1.9415277777777777
2018-06-17 00:00:00 UTC,7,1587,416000381,7.6373611111111108
2018-06-17 00:00:00 UTC,7,1588,416000381,0.9556944444444444
2018-06-17 00:00:00 UTC,7,-1657,441584000,1.5779166666666666
2018-06-17 00:00:00 UTC,7,1633,416002198,5.8675000000000006
2018-06-17 00:00:00 UTC,263,1714,928001809,1.3426388888888887
2018-06-17 00:00:00 UTC,263,1715,928001809,1.9845833333333331
2018-06-17 00:00:00 UTC,263,1717,928001809,1.351388888888889
2018-06-17 00:00:00 UTC,263,1716,928001809,0.43347222222222226
2018-06-17 00:00:00 UTC,263,1199,200015658,0.28152777777777777
2018-06-17 00:00:00 UTC,263,1198,200015658,0.12527777777777777
2018-06-17 00:00:00 UTC,263,1201,800033334,1.8040277777777778
2018-06-17 00:00:00 UTC,263,1199,800036409,8.4444444444444429
2018-06-17 00:00:00 UTC,263,1203,410532411,2.3954166666666663
2018-06-17 00:00:00 UTC,263,1203,247637568,1.2551388888888888
2018-06-17 00:00:00 UTC,263,-835,367527750,2.5155555555555553
2018-06-17 00:00:00 UTC,263,1201,120085085,3.13875
2018-06-17 00:00:00 UTC,263,1199,412342877,0.25361111111111112
2018-06-17 00:00:00 UTC,263,1198,412342877,11.12375
2018-06-17 00:00:00 UTC,263,1199,412001633,1.5416666666666667
2018-06-17 00:00:00 UTC,263,1198,412001633,16.102361111111112
2018-06-17 00:00:00 UTC,263,-1606,303835000,0.66083333333333338
2018-06-17 00:00:00 UTC,263,-1607,303835000,2.3272222222222223
2018-06-17 00:00:00 UTC,263,1201,413050504,3.0325
2018-06-17 00:00:00 UTC,263,1717,416000137,1.7109722222222219
2018-06-17 00:00:00 UTC,263,1715,416000137,1.5619444444444444
2018-06-17 00:00:00 UTC,263,1198,412441738,6.8213888888888867
2018-06-17 00:00:00 UTC,263,1199,200024205,8.1158333333333346
2018-06-17 00:00:00 UTC,263,1201,413066126,0.16263888888888889
2018-06-17 00:00:00 UTC,263,1200,413066126,5.3459722222222226
2018-06-17 00:00:00 UTC,263,1200,413086902,3.6680555555555552
2018-06-17 00:00:00 UTC,263,1201,413086902,3.7548611111111114
2018-06-17 00:00:00 UTC,263,1199,412063415,0.20027777777777775
2018-06-17 00:00:00 UTC,263,1198,412063415,0.42472222222222228
2018-06-17 00:00:00 UTC,263,1201,200005059,0.55625
2018-06-17 00:00:00 UTC,263,1200,413745612,0.11458333333333333
2018-06-17 00:00:00 UTC,263,1199,413745612,0.1675
2018-06-17 00:00:00 UTC,263,1199,200041938,5.8072222222222214
2018-06-17 00:00:00 UTC,263,513,466516440,7.9773611111111116
2018-06-17 00:00:00 UTC,263,1201,200019939,2.5581944444444442
2018-06-17 00:00:00 UTC,263,-1355,367593450,3.6255555555555556
2018-06-17 00:00:00 UTC,263,1201,240012531,2.0468055555555558
2018-06-17 00:00:00 UTC,519,-141,250000897,4.356527777777778
2018-06-17 00:00:00 UTC,519,-66,205237000,1.2027777777777779
2018-06-17 00:00:00 UTC,519,-67,205237000,1.5006944444444443
2018-06-17 00:00:00 UTC,519,-116,228293900,0.67083333333333328
2018-06-17 00:00:00 UTC,519,39,244860699,4.4133333333333322
2018-06-17 00:00:00 UTC,519,-114,227380000,7.847500000000001
2018-06-17 00:00:00 UTC,519,-141,250003797,5.4023611111111105
2018-06-17 00:00:00 UTC,519,39,244870246,11.314999999999998
2018-06-17 00:00:00 UTC,519,40,244742000,0.17861111111111111
2018-06-17 00:00:00 UTC,519,23,246054000,0.76791666666666669
2018-06-17 00:00:00 UTC,519,21,246054000,0.914861111111111
2018-06-17 00:00:00 UTC,519,22,246054000,1.7494444444444444
2018-06-17 00:00:00 UTC,519,24,246054000,1.7395833333333333
2018-06-17 00:00:00 UTC,519,25,246054000,3.345277777777778
2018-06-17 00:00:00 UTC,519,-138,250001269,4.0233333333333334
2018-06-17 00:00:00 UTC,519,1537,273398450,0.14194444444444446
2018-06-17 00:00:00 UTC,519,-115,227512000,6.3152777777777791
2018-06-17 00:00:00 UTC,519,-114,227512000,2.1443055555555555
2018-06-17 00:00:00 UTC,519,-141,250264000,6.8490277777777777
2018-06-17 00:00:00 UTC,519,1446,273898200,1.8263888888888888
2018-06-17 00:00:00 UTC,519,1447,273357560,1.6920833333333334
2018-06-17 00:00:00 UTC,775,146,273213500,6.7083333333333339
2018-06-17 00:00:00 UTC,775,121,273326830,0.13472222222222222
2018-06-17 00:00:00 UTC,-505,-620,224378000,0.72097222222222213
2018-06-17 00:00:00 UTC,-505,-619,224378000,0.2623611111111111
2018-06-17 00:00:00 UTC,-505,-622,224378000,1.2759722222222218
2018-06-17 00:00:00 UTC,-249,354,650026000,6.6090277777777757
2018-06-17 00:00:00 UTC,-249,354,650206000,1.7019444444444447
2018-06-17 00:00:00 UTC,-249,354,650205000,2.1343055555555557
2018-06-17 00:00:00 UTC,-249,366,645437000,1.1808333333333332
2018-06-17 00:00:00 UTC,-249,354,650204000,5.8101388888888881
2018-06-17 00:00:00 UTC,8,1602,440704000,0.44555555555555559
2018-06-17 00:00:00 UTC,8,1600,440704000,0.63763888888888887
2018-06-17 00:00:00 UTC,8,1601,440704000,0.74694444444444452
2018-06-17 00:00:00 UTC,8,1613,416004887,3.8288888888888888
2018-06-17 00:00:00 UTC,8,1612,416004887,0.76555555555555554
2018-06-17 00:00:00 UTC,8,1633,412252701,0.97583333333333333
2018-06-17 00:00:00 UTC,8,1715,412691520,3.9318055555555551
2018-06-17 00:00:00 UTC,8,640,416002631,5.14625
2018-06-17 00:00:00 UTC,8,-1520,412695120,1.1241666666666665
2018-06-17 00:00:00 UTC,8,-1522,412695120,2.4008333333333334
2018-06-17 00:00:00 UTC,8,-1518,412695120,0.72319444444444447
2018-06-17 00:00:00 UTC,8,619,416002662,3.8990277777777775
2018-06-17 00:00:00 UTC,8,-1657,441584000,1.7311111111111115
2018-06-17 00:00:00 UTC,8,630,416002206,1.8983333333333332
2018-06-17 00:00:00 UTC,8,92,200007846,5.9683333333333337
2018-06-17 00:00:00 UTC,264,1716,928001809,0.56694444444444436
2018-06-17 00:00:00 UTC,264,1715,928001809,0.8504166666666666
2018-06-17 00:00:00 UTC,264,518,466512420,9.0609722222222224
2018-06-17 00:00:00 UTC,264,1198,415000365,3.8719444444444457
2018-06-17 00:00:00 UTC,264,1201,800033334,3.2050000000000005
2018-06-17 00:00:00 UTC,264,518,466503230,11.861250000000004
2018-06-17 00:00:00 UTC,264,1201,412400705,4.8026388888888887
2018-06-17 00:00:00 UTC,264,1198,412001633,1.2494444444444446
2018-06-17 00:00:00 UTC,264,1199,412001633,4.6881944444444459
2018-06-17 00:00:00 UTC,264,-1607,303835000,0.88152777777777791
2018-06-17 00:00:00 UTC,264,-1610,303835000,0.65250000000000008
2018-06-17 00:00:00 UTC,264,-1606,303835000,3.387083333333333
2018-06-17 00:00:00 UTC,264,-1609,303835000,0.852638888888889
2018-06-17 00:00:00 UTC,264,-1608,303835000,0.82013888888888886
2018-06-17 00:00:00 UTC,264,-1605,303835000,0.34152777777777776
2018-06-17 00:00:00 UTC,264,-1611,303835000,0.7665277777777777
2018-06-17 00:00:00 UTC,264,1198,987600001,1.8008333333333333
2018-06-17 00:00:00 UTC,264,1201,200018824,2.7336111111111108
2018-06-17 00:00:00 UTC,264,1715,416000137,4.3434722222222222
2018-06-17 00:00:00 UTC,264,1198,412441738,8.66625
2018-06-17 00:00:00 UTC,264,1200,413066126,0.14194444444444443
2018-06-17 00:00:00 UTC,264,1496,416002467,4.8148611111111119
2018-06-17 00:00:00 UTC,264,1199,412886694,5.36
2018-06-17 00:00:00 UTC,264,1198,412063415,0.64999999999999991
2018-06-17 00:00:00 UTC,264,1199,412063415,0.67111111111111121
2018-06-17 00:00:00 UTC,264,1201,413000636,6.0284722222222227
2018-06-17 00:00:00 UTC,264,1201,200005059,0.20861111111111111
2018-06-17 00:00:00 UTC,264,1199,200041938,0.71222222222222209
2018-06-17 00:00:00 UTC,264,516,466516440,7.1190277777777773
2018-06-17 00:00:00 UTC,264,511,466516440,6.6648611111111107
2018-06-17 00:00:00 UTC,264,512,466516440,0.98305555555555557
2018-06-17 00:00:00 UTC,264,1201,200019939,1.4630555555555553
2018-06-17 00:00:00 UTC,264,-1355,367593450,2.7448611111111112
2018-06-17 00:00:00 UTC,520,-141,250000897,2.1227777777777779
2018-06-17 00:00:00 UTC,520,-117,228293900,0.46347222222222229
2018-06-17 00:00:00 UTC,520,-116,228293900,1.6404166666666666
2018-06-17 00:00:00 UTC,520,-137,250003792,3.912638888888889
2018-06-17 00:00:00 UTC,520,-141,250003797,8.274166666666666
2018-06-17 00:00:00 UTC,520,41,244742000,2.0141666666666671
2018-06-17 00:00:00 UTC,520,40,244742000,0.576388888888889
2018-06-17 00:00:00 UTC,520,25,246054000,2.078611111111111
2018-06-17 00:00:00 UTC,520,1562,273449840,1.0295833333333333
2018-06-17 00:00:00 UTC,520,-137,250001269,2.2108333333333334
2018-06-17 00:00:00 UTC,520,1561,273447830,12.215000000000005
2018-06-17 00:00:00 UTC,520,1561,273855400,1.0977777777777777
2018-06-17 00:00:00 UTC,520,1562,273855400,2.08375
2018-06-17 00:00:00 UTC,520,-104,250100650,0.28263888888888888
2018-06-17 00:00:00 UTC,520,-138,250350000,0.78569444444444447
2018-06-17 00:00:00 UTC,520,1446,273898200,1.7391666666666665
2018-06-17 00:00:00 UTC,520,1561,273849820,0.40847222222222224
2018-06-17 00:00:00 UTC,520,1447,273357560,1.8509722222222222
2018-06-17 00:00:00 UTC,-504,-620,224378000,0.1801388888888889
2018-06-17 00:00:00 UTC,-504,-618,224378000,1.2486111111111111
2018-06-17 00:00:00 UTC,-504,-622,224378000,3.3569444444444438
2018-06-17 00:00:00 UTC,-504,-619,224378000,0.5740277777777778
2018-06-17 00:00:00 UTC,-504,-621,224378000,1.7662499999999997
2018-06-17 00:00:00 UTC,-504,-622,224559000,1.8738888888888887
2018-06-17 00:00:00 UTC,-504,-759,725011900,0.38958333333333339
2018-06-17 00:00:00 UTC,-248,355,650026000,0.80208333333333326
2018-06-17 00:00:00 UTC,-248,354,650026000,0.9258333333333334
2018-06-17 00:00:00 UTC,-248,729,412695570,0.84083333333333332
2018-06-17 00:00:00 UTC,-248,361,645432000,1.3916666666666666
2018-06-17 00:00:00 UTC,9,1600,440704000,0.28652777777777777
2018-06-17 00:00:00 UTC,9,1599,440704000,0.30583333333333335
2018-06-17 00:00:00 UTC,9,1633,412252701,4.793333333333333
2018-06-17 00:00:00 UTC,9,1632,412252701,2.8784722222222223
2018-06-17 00:00:00 UTC,9,1632,416003869,0.57666666666666666
2018-06-17 00:00:00 UTC,9,1633,416003869,0.52555555555555555
2018-06-17 00:00:00 UTC,9,-1100,412446783,3.5020833333333337
2018-06-17 00:00:00 UTC,9,-1099,412446783,1.6940277777777772
2018-06-17 00:00:00 UTC,9,1715,412691520,2.3955555555555557
2018-06-17 00:00:00 UTC,9,638,416002631,8.938194444444445
2018-06-17 00:00:00 UTC,9,639,416002631,2.9070833333333335
2018-06-17 00:00:00 UTC,9,-1518,412695120,0.88083333333333325
2018-06-17 00:00:00 UTC,9,618,416002662,5.5766666666666662
2018-06-17 00:00:00 UTC,9,617,416002662,0.72569444444444453
2018-06-17 00:00:00 UTC,9,-1658,441584000,0.28347222222222224
2018-06-17 00:00:00 UTC,9,-1657,441584000,0.75416666666666687
2018-06-17 00:00:00 UTC,9,630,416002206,0.9473611111111111
2018-06-17 00:00:00 UTC,9,631,416002206,1.9795833333333333
2018-06-17 00:00:00 UTC,9,92,200007846,2.0555555555555554
2018-06-17 00:00:00 UTC,9,1564,440195000,0.19361111111111112
2018-06-17 00:00:00 UTC,9,793,412550614,7.7143055555555557
2018-06-17 00:00:00 UTC,265,1715,928001809,1.6677777777777778
2018-06-17 00:00:00 UTC,265,1198,415000365,0.27958333333333335
2018-06-17 00:00:00 UTC,265,1203,413085588,8.6879166666666663
2018-06-17 00:00:00 UTC,265,1202,200024730,4.3663888888888884
2018-06-17 00:00:00 UTC,265,1496,416002467,0.7023611111111111
2018-06-17 00:00:00 UTC,265,1198,412886694,0.43486111111111109
2018-06-17 00:00:00 UTC,265,1199,412886694,0.43805555555555553
2018-06-17 00:00:00 UTC,265,-1355,367593450,1.6856944444444444
2018-06-17 00:00:00 UTC,521,-141,250000897,3.3161111111111108
2018-06-17 00:00:00 UTC,521,-140,250000897,2.0041666666666664
2018-06-17 00:00:00 UTC,521,-117,228293900,3.1847222222222222
2018-06-17 00:00:00 UTC,521,1558,273840920,1.1406944444444445
2018-06-17 00:00:00 UTC,521,1561,273840920,0.48819444444444443
2018-06-17 00:00:00 UTC,521,1557,273840920,1.8426388888888889
2018-06-17 00:00:00 UTC,521,1560,273840920,0.91097222222222218
2018-06-17 00:00:00 UTC,521,1559,273840920,0.45361111111111108
2018-06-17 00:00:00 UTC,521,1561,273442330,1.5143055555555556
2018-06-17 00:00:00 UTC,521,1562,273442330,0.14208333333333334
2018-06-17 00:00:00 UTC,521,1562,273446440,0.11152777777777778
2018-06-17 00:00:00 UTC,521,-137,250002475,5.9498611111111108
2018-06-17 00:00:00 UTC,521,-138,250002475,1.9291666666666665
2018-06-17 00:00:00 UTC,521,-139,250002475,3.6836111111111114
2018-06-17 00:00:00 UTC,521,-136,250002475,1.4938888888888888
2018-06-17 00:00:00 UTC,521,1561,273428530,0.81125
2018-06-17 00:00:00 UTC,521,1562,273447730,1.0497222222222222
2018-06-17 00:00:00 UTC,521,1561,273447730,2.0713888888888889
2018-06-17 00:00:00 UTC,521,1560,273436240,2.331666666666667
2018-06-17 00:00:00 UTC,521,1561,273436240,1.6109722222222222
2018-06-17 00:00:00 UTC,521,-138,250003792,0.86569444444444443
2018-06-17 00:00:00 UTC,521,-135,250003792,2.1913888888888891
2018-06-17 00:00:00 UTC,521,-136,250003792,1.5277777777777777
2018-06-17 00:00:00 UTC,521,-137,250003792,2.8852777777777781
2018-06-17 00:00:00 UTC,521,-138,250002776,2.8818055555555557
2018-06-17 00:00:00 UTC,521,-137,250002776,0.59000000000000008
2018-06-17 00:00:00 UTC,521,26,246054000,2.2391666666666667
2018-06-17 00:00:00 UTC,521,25,246054000,0.34541666666666671
2018-06-17 00:00:00 UTC,521,1562,273449840,2.600138888888889
2018-06-17 00:00:00 UTC,521,-136,250001269,2.3177777777777777
2018-06-17 00:00:00 UTC,521,-135,250001269,3.0709722222222222
2018-06-17 00:00:00 UTC,521,1560,273427340,0.35333333333333333
2018-06-17 00:00:00 UTC,521,1561,273427340,3.0463888888888877
2018-06-17 00:00:00 UTC,521,1561,273447830,1.9908333333333332
2018-06-17 00:00:00 UTC,521,1561,273855400,1.0868055555555556
2018-06-17 00:00:00 UTC,521,1562,273855400,2.1025000000000005
2018-06-17 00:00:00 UTC,521,-106,250100650,0.65638888888888891
2018-06-17 00:00:00 UTC,521,-137,250350000,4.40625
2018-06-17 00:00:00 UTC,521,1561,273318330,0.94986111111111116
2018-06-17 00:00:00 UTC,521,-106,250004945,0.093194444444444441
2018-06-17 00:00:00 UTC,521,-107,250004945,0.09930555555555555
2018-06-17 00:00:00 UTC,521,1446,273898200,2.2980555555555546
2018-06-17 00:00:00 UTC,521,1561,273849820,0.28305555555555556
2018-06-17 00:00:00 UTC,521,1563,273452770,0.25819444444444445
2018-06-17 00:00:00 UTC,521,1562,273452770,3.096111111111111
2018-06-17 00:00:00 UTC,521,-140,250000884,2.3852777777777776
2018-06-17 00:00:00 UTC,521,1447,273357560,2.7136111111111116
2018-06-17 00:00:00 UTC,777,103,273451570,0.58263888888888882
2018-06-17 00:00:00 UTC,777,104,273451570,0.34124999999999994
2018-06-17 00:00:00 UTC,777,105,273451570,0.11388888888888889
2018-06-17 00:00:00 UTC,777,102,273451570,0.21652777777777776
2018-06-17 00:00:00 UTC,-503,-622,224378000,2.5479166666666666
2018-06-17 00:00:00 UTC,-503,-618,224378000,1.3418055555555559
2018-06-17 00:00:00 UTC,-503,-621,224378000,1.469583333333333
2018-06-17 00:00:00 UTC,-503,-620,224559000,1.8822222222222222
2018-06-17 00:00:00 UTC,-503,-759,725011900,1.5059722222222223
2018-06-17 00:00:00 UTC,-247,728,412695570,0.66361111111111115
2018-06-17 00:00:00 UTC,-247,729,412695570,0.74972222222222218
2018-06-17 00:00:00 UTC,-247,362,645432000,0.64986111111111111
2018-06-17 00:00:00 UTC,-247,361,645432000,2.6750000000000003
2018-06-17 00:00:00 UTC,-247,363,645432000,1.7116666666666664
2018-06-17 00:00:00 UTC,-247,-474,710280177,7.8311111111111114
2018-06-17 00:00:00 UTC,-247,-473,710280177,8.7576388888888879
2018-06-17 00:00:00 UTC,10,1599,440704000,0.29777777777777775
2018-06-17 00:00:00 UTC,10,1570,412420877,0.36291666666666667
2018-06-17 00:00:00 UTC,10,1715,412691520,4.8143055555555563
2018-06-17 00:00:00 UTC,10,1716,412691520,3.8429166666666665
2018-06-17 00:00:00 UTC,10,639,416002631,1.6643055555555555
2018-06-17 00:00:00 UTC,10,-1523,412695120,0.14861111111111114
2018-06-17 00:00:00 UTC,10,-1520,412695120,0.47597222222222224
2018-06-17 00:00:00 UTC,10,-1522,412695120,1.1055555555555556
2018-06-17 00:00:00 UTC,10,-1519,412695120,1.0743055555555554
2018-06-17 00:00:00 UTC,10,-1521,412695120,2.4893055555555557
2018-06-17 00:00:00 UTC,10,618,416002662,1.3055555555555556
2018-06-17 00:00:00 UTC,10,-1657,441584000,1.3358333333333332
2018-06-17 00:00:00 UTC,10,-1658,441584000,0.59680555555555548
2018-06-17 00:00:00 UTC,10,628,416002206,2.0451388888888893
2018-06-17 00:00:00 UTC,10,630,416002206,5.1548611111111109
2018-06-17 00:00:00 UTC,10,92,200007846,0.32444444444444442
2018-06-17 00:00:00 UTC,10,1564,440195000,0.30277777777777781
2018-06-17 00:00:00 UTC,10,793,412550614,4.1763888888888889
2018-06-17 00:00:00 UTC,266,1202,800044817,1.8222222222222224
2018-06-17 00:00:00 UTC,266,1201,413066126,0.17569444444444443
2018-06-17 00:00:00 UTC,266,1202,413003168,5.27875
2018-06-17 00:00:00 UTC,266,1480,416001447,0.49958333333333338
2018-06-17 00:00:00 UTC,266,1201,412055980,13.857361111111111
2018-06-17 00:00:00 UTC,266,-1355,367593450,1.432638888888889
2018-06-17 00:00:00 UTC,522,-140,250000897,9.31638888888889
2018-06-17 00:00:00 UTC,522,1561,273433090,0.46625
2018-06-17 00:00:00 UTC,522,1562,273433090,2.1786111111111115
2018-06-17 00:00:00 UTC,522,-118,228293900,1.6545833333333333
2018-06-17 00:00:00 UTC,522,1562,273447440,1.0452777777777778
2018-06-17 00:00:00 UTC,522,1561,273447440,0.073194444444444437
2018-06-17 00:00:00 UTC,522,1561,273840920,1.7020833333333341
2018-06-17 00:00:00 UTC,522,1560,273840920,0.59444444444444444
2018-06-17 00:00:00 UTC,522,1561,273442330,0.62597222222222215
2018-06-17 00:00:00 UTC,522,1562,273446440,0.9393055555555555
2018-06-17 00:00:00 UTC,522,1561,273446440,4.4536111111111119
2018-06-17 00:00:00 UTC,522,-136,250002475,2.0948611111111113
2018-06-17 00:00:00 UTC,522,-137,250002475,3.4427777777777777
2018-06-17 00:00:00 UTC,522,-135,250002475,1.6019444444444444
2018-06-17 00:00:00 UTC,522,1561,273428530,1.7931944444444445
2018-06-17 00:00:00 UTC,522,1562,273447730,0.71972222222222215
2018-06-17 00:00:00 UTC,522,1562,273445440,1.3572222222222221
2018-06-17 00:00:00 UTC,522,1560,273445440,1.64125
2018-06-17 00:00:00 UTC,522,1561,273445440,4.9645833333333345
2018-06-17 00:00:00 UTC,522,-137,250003013,1.6318055555555557
2018-06-17 00:00:00 UTC,522,-139,250003013,3.6645833333333329
2018-06-17 00:00:00 UTC,522,-138,250003013,2.1319444444444446
2018-06-17 00:00:00 UTC,522,-136,250003013,6.9718055555555551
2018-06-17 00:00:00 UTC,522,1561,273433930,1.0970833333333334
2018-06-17 00:00:00 UTC,522,1557,273351500,2.1862499999999994
2018-06-17 00:00:00 UTC,522,1558,273351500,1.3066666666666666
2018-06-17 00:00:00 UTC,522,1561,273436240,7.0118055555555561
2018-06-17 00:00:00 UTC,522,-135,250003792,2.3320833333333333
2018-06-17 00:00:00 UTC,522,-136,250003792,4.65875
2018-06-17 00:00:00 UTC,522,-138,250003797,8.1484722222222228
2018-06-17 00:00:00 UTC,522,-139,250003797,3.5675
2018-06-17 00:00:00 UTC,522,1561,273420630,2.796666666666666
2018-06-17 00:00:00 UTC,522,1562,273444440,1.9919444444444445
2018-06-17 00:00:00 UTC,522,1561,273444440,2.5944444444444446
2018-06-17 00:00:00 UTC,522,-135,250002776,3.9595833333333328
2018-06-17 00:00:00 UTC,522,-137,250002776,2.7401388888888887
2018-06-17 00:00:00 UTC,522,-136,250002776,2.6088888888888886
2018-06-17 00:00:00 UTC,522,1562,273437020,7.1544444444444428
2018-06-17 00:00:00 UTC,522,1561,273437020,5.7987499999999992
2018-06-17 00:00:00 UTC,522,26,246054000,5.2619444444444445
2018-06-17 00:00:00 UTC,522,-134,250001269,5.0954166666666669
2018-06-17 00:00:00 UTC,522,1560,273427340,2.9148611111111107
2018-06-17 00:00:00 UTC,522,1561,273855400,2.2472222222222222
2018-06-17 00:00:00 UTC,522,-105,250100650,2.2759722222222223
2018-06-17 00:00:00 UTC,522,1535,273398450,0.939861111111111
2018-06-17 00:00:00 UTC,522,1560,273318330,0.2215277777777778
2018-06-17 00:00:00 UTC,522,1561,273318330,3.449583333333333
2018-06-17 00:00:00 UTC,522,1561,273854400,1.1119444444444446
2018-06-17 00:00:00 UTC,522,-139,250264000,5.0419444444444439
2018-06-17 00:00:00 UTC,522,1551,273422540,0.74694444444444419
2018-06-17 00:00:00 UTC,522,-107,250004945,1.1856944444444446
2018-06-17 00:00:00 UTC,522,-108,250004945,1.3504166666666666
2018-06-17 00:00:00 UTC,522,-106,250004945,2.61875
2018-06-17 00:00:00 UTC,522,1446,273898200,6.08875
2018-06-17 00:00:00 UTC,522,-137,250001885,5.0922222222222224
2018-06-17 00:00:00 UTC,522,-136,250001885,1.54875
2018-06-17 00:00:00 UTC,522,-138,250001885,7.0909722222222227
2018-06-17 00:00:00 UTC,522,-135,250001885,2.6679166666666667
2018-06-17 00:00:00 UTC,522,1561,273452770,0.90124999999999988
2018-06-17 00:00:00 UTC,522,1561,273456620,0.61819444444444438
2018-06-17 00:00:00 UTC,522,1560,273456620,1.1138888888888889
2018-06-17 00:00:00 UTC,522,-137,250000884,4.9922222222222228
2018-06-17 00:00:00 UTC,522,-138,250000884,2.9694444444444441
2018-06-17 00:00:00 UTC,522,-139,250000884,3.4041666666666663
2018-06-17 00:00:00 UTC,522,1447,273357560,0.60652777777777778
2018-06-17 00:00:00 UTC,778,99,273451570,0.47013888888888888
2018-06-17 00:00:00 UTC,778,100,273451570,0.46875
2018-06-17 00:00:00 UTC,778,102,273451570,0.31916666666666665
2018-06-17 00:00:00 UTC,778,101,273451570,0.52847222222222223
2018-06-17 00:00:00 UTC,778,98,273451570,0.37402777777777785
2018-06-17 00:00:00 UTC,-502,-620,224378000,0.23861111111111113
2018-06-17 00:00:00 UTC,-502,-618,224378000,1.3115277777777776
2018-06-17 00:00:00 UTC,-502,-621,224378000,2.6708333333333329
2018-06-17 00:00:00 UTC,-502,-622,224378000,1.0302777777777778
2018-06-17 00:00:00 UTC,-502,-619,224378000,0.68055555555555558
2018-06-17 00:00:00 UTC,-502,-620,224559000,0.3775
2018-06-17 00:00:00 UTC,-246,729,412695570,1.4594444444444443
2018-06-17 00:00:00 UTC,-246,728,412695570,1.08125
2018-06-17 00:00:00 UTC,-246,371,645437000,4.2158333333333333
2018-06-17 00:00:00 UTC,-246,363,645432000,1.0752777777777776
2018-06-17 00:00:00 UTC,-246,362,645432000,1.6688888888888891
2018-06-17 00:00:00 UTC,-246,96,224459000,0.081666666666666665
2018-06-17 00:00:00 UTC,-246,95,224459000,1.2401388888888889
2018-06-17 00:00:00 UTC,11,1598,440704000,1.9762499999999996
2018-06-17 00:00:00 UTC,11,1599,440704000,0.048472222222222222
2018-06-17 00:00:00 UTC,11,1597,440704000,1.8408333333333335
2018-06-17 00:00:00 UTC,11,1570,412420877,0.6709722222222223
2018-06-17 00:00:00 UTC,11,1569,412420877,1.1376388888888891
2018-06-17 00:00:00 UTC,11,-1521,576959000,1.6747222222222222
2018-06-17 00:00:00 UTC,11,1499,557005600,2.0444444444444447
2018-06-17 00:00:00 UTC,11,1716,412691520,0.79875
2018-06-17 00:00:00 UTC,11,1715,412691520,1.0854166666666665
2018-06-17 00:00:00 UTC,11,1714,412691520,1.0131944444444443
2018-06-17 00:00:00 UTC,11,639,416002631,3.7890277777777781
2018-06-17 00:00:00 UTC,11,637,416002631,3.5647222222222221
2018-06-17 00:00:00 UTC,11,-1522,412695120,0.21958333333333335
2018-06-17 00:00:00 UTC,11,-1521,412695120,1.3466666666666665
2018-06-17 00:00:00 UTC,11,617,416002662,0.14291666666666666
2018-06-17 00:00:00 UTC,11,91,413504112,3.1062499999999997
2018-06-17 00:00:00 UTC,11,-27,227835000,1.1941666666666668
2018-06-17 00:00:00 UTC,11,-1657,441584000,0.34430555555555553
2018-06-17 00:00:00 UTC,11,-1658,441584000,1.8636111111111107
2018-06-17 00:00:00 UTC,11,1037,563022470,1.7379166666666668
2018-06-17 00:00:00 UTC,11,1036,563022470,2.5294444444444446
2018-06-17 00:00:00 UTC,11,628,416002206,0.76180555555555551
2018-06-17 00:00:00 UTC,11,630,416002206,5.3406944444444449
2018-06-17 00:00:00 UTC,11,631,416002206,3.1361111111111111
2018-06-17 00:00:00 UTC,11,633,416002209,7.1570833333333326
2018-06-17 00:00:00 UTC,11,-167,312867000,3.9756944444444446
2018-06-17 00:00:00 UTC,11,-162,312867000,6.1961111111111107
2018-06-17 00:00:00 UTC,11,-1061,412440801,6.3994444444444429
2018-06-17 00:00:00 UTC,267,1202,800044817,6.3298611111111143
2018-06-17 00:00:00 UTC,267,1202,200000819,0.51652777777777781
2018-06-17 00:00:00 UTC,267,1203,413088308,1.375
2018-06-17 00:00:00 UTC,267,1202,412005803,19.463194444444447
2018-06-17 00:00:00 UTC,267,1202,201510088,0.17791666666666667
2018-06-17 00:00:00 UTC,267,1197,100881369,4.6055555555555552
2018-06-17 00:00:00 UTC,267,1203,412449253,16.35638888888889
2018-06-17 00:00:00 UTC,267,1204,412449253,7.275555555555556
2018-06-17 00:00:00 UTC,267,-1355,367593450,2.1097222222222221
2018-06-17 00:00:00 UTC,267,1202,412003578,7.113194444444443
2018-06-17 00:00:00 UTC,523,1562,273317120,3.8480555555555558
2018-06-17 00:00:00 UTC,523,1561,273317120,0.098333333333333342
2018-06-17 00:00:00 UTC,523,1561,273433090,2.9133333333333336
2018-06-17 00:00:00 UTC,523,1562,273433090,1.6865277777777778
2018-06-17 00:00:00 UTC,523,-118,228293900,0.75402777777777774
2018-06-17 00:00:00 UTC,523,-119,228293900,4.7023611111111112
2018-06-17 00:00:00 UTC,523,1560,273447440,3.6387500000000008
2018-06-17 00:00:00 UTC,523,1561,273447440,8.7143055555555549
2018-06-17 00:00:00 UTC,523,1561,273840920,6.3965277777777771
2018-06-17 00:00:00 UTC,523,1562,273840920,0.15208333333333335
2018-06-17 00:00:00 UTC,523,1561,273442330,5.2165277777777783
2018-06-17 00:00:00 UTC,523,1561,273448730,3.0702777777777781
2018-06-17 00:00:00 UTC,523,1560,273448730,4.2872222222222227
2018-06-17 00:00:00 UTC,523,1561,273432610,1.142638888888889
2018-06-17 00:00:00 UTC,523,-135,250002475,1.0894444444444444
2018-06-17 00:00:00 UTC,523,-134,250002475,3.3718055555555555
2018-06-17 00:00:00 UTC,523,-1708,368158000,2.1718055555555558
2018-06-17 00:00:00 UTC,523,-1707,368158000,6.4573611111111093
2018-06-17 00:00:00 UTC,523,1561,273428530,4.7463888888888892
2018-06-17 00:00:00 UTC,523,1560,273428530,0.10777777777777778
2018-06-17 00:00:00 UTC,523,1560,273447730,2.3454166666666669
2018-06-17 00:00:00 UTC,523,1562,273447730,2.4972222222222227
2018-06-17 00:00:00 UTC,523,1561,273447730,1.4094444444444445
2018-06-17 00:00:00 UTC,523,42,244659000,0.091527777777777777
2018-06-17 00:00:00 UTC,523,43,244659000,1.0431944444444445
2018-06-17 00:00:00 UTC,523,-48,235095109,0.26527777777777772
2018-06-17 00:00:00 UTC,523,-49,235095109,5.6736111111111107
2018-06-17 00:00:00 UTC,523,-135,250003013,1.3288888888888888
2018-06-17 00:00:00 UTC,523,-134,250003013,8.7425
2018-06-17 00:00:00 UTC,523,1561,273845320,3.1484722222222223
2018-06-17 00:00:00 UTC,523,1560,273845320,0.45666666666666667
2018-06-17 00:00:00 UTC,523,1561,273433930,8.1279166666666676
2018-06-17 00:00:00 UTC,523,1557,273351500,2.441527777777778
2018-06-17 00:00:00 UTC,523,-133,250003792,2.7737499999999997
2018-06-17 00:00:00 UTC,523,-136,250136400,3.6997222222222224
2018-06-17 00:00:00 UTC,523,-138,250003797,1.2670833333333333
2018-06-17 00:00:00 UTC,523,1561,273420630,4.8119444444444461
2018-06-17 00:00:00 UTC,523,1562,273420630,2.9641666666666668
2018-06-17 00:00:00 UTC,523,1561,273444440,4.2920833333333341
2018-06-17 00:00:00 UTC,523,1562,273444440,0.93611111111111123
2018-06-17 00:00:00 UTC,523,-134,250002776,0.63250000000000006
2018-06-17 00:00:00 UTC,523,27,246054000,2.0326388888888887
2018-06-17 00:00:00 UTC,523,26,246054000,1.4987500000000002
2018-06-17 00:00:00 UTC,523,1560,273449840,1.1777777777777778
2018-06-17 00:00:00 UTC,523,1561,273449840,1.7651388888888888
2018-06-17 00:00:00 UTC,523,1560,273427340,2.9623611111111114
2018-06-17 00:00:00 UTC,523,1561,273427340,0.22166666666666665
2018-06-17 00:00:00 UTC,523,1561,273318330,6.6979166666666679
2018-06-17 00:00:00 UTC,523,1562,273318330,1.7415277777777778
2018-06-17 00:00:00 UTC,523,1560,273318330,0.69749999999999979
2018-06-17 00:00:00 UTC,523,1562,273854400,1.3547222222222222
2018-06-17 00:00:00 UTC,523,1561,273854400,5.7875000000000014
2018-06-17 00:00:00 UTC,523,1551,273422540,0.84125
2018-06-17 00:00:00 UTC,523,-108,250004945,2.137777777777778
2018-06-17 00:00:00 UTC,523,-106,250004945,1.2126388888888888
2018-06-17 00:00:00 UTC,523,-107,250004945,2.0736111111111115
2018-06-17 00:00:00 UTC,523,1560,273849820,3.5766666666666658
2018-06-17 00:00:00 UTC,523,1561,273849820,3.5706944444444444
2018-06-17 00:00:00 UTC,523,-137,250001885,2.01625
2018-06-17 00:00:00 UTC,523,-136,250001885,5.546388888888889
2018-06-17 00:00:00 UTC,523,1560,273452770,2.1868055555555559
2018-06-17 00:00:00 UTC,523,1562,273452770,0.85986111111111108
2018-06-17 00:00:00 UTC,523,1561,273452770,4.39125
2018-06-17 00:00:00 UTC,523,1561,273456620,8.44472222222222
2018-06-17 00:00:00 UTC,523,1560,273456620,2.310138888888889
2018-06-17 00:00:00 UTC,523,1562,273456620,0.60458333333333325
2018-06-17 00:00:00 UTC,523,1560,273842420,6.8890277777777742
2018-06-17 00:00:00 UTC,523,-136,250000884,6.5818055555555555
2018-06-17 00:00:00 UTC,523,-138,250000884,1.5038888888888888
2018-06-17 00:00:00 UTC,523,-139,250000884,1.548888888888889
2018-06-17 00:00:00 UTC,779,96,273451570,0.81402777777777791
2018-06-17 00:00:00 UTC,779,98,273451570,0.24208333333333334
2018-06-17 00:00:00 UTC,779,95,273451570,0.15263888888888891
2018-06-17 00:00:00 UTC,779,97,273451570,0.66958333333333342
2018-06-17 00:00:00 UTC,-501,-621,224378000,1.1458333333333333
2018-06-17 00:00:00 UTC,-501,-620,224378000,0.37402777777777779
2018-06-17 00:00:00 UTC,-501,-619,224378000,0.52472222222222231
2018-06-17 00:00:00 UTC,-245,729,412695570,1.7052777777777777
2018-06-17 00:00:00 UTC,-245,730,412695570,0.69486111111111115
2018-06-17 00:00:00 UTC,-245,7,224094520,0.1111111111111111
2018-06-17 00:00:00 UTC,-245,371,645437000,1.6168055555555556
2018-06-17 00:00:00 UTC,-245,1760,412691550,2.9963888888888892
2018-06-17 00:00:00 UTC,-245,-1686,416002469,2.48125
2018-06-17 00:00:00 UTC,-245,-1685,416002469,1.8155555555555556
2018-06-17 00:00:00 UTC,-245,-1683,416002469,2.01875
2018-06-17 00:00:00 UTC,-245,362,645432000,1.2334722222222223
2018-06-17 00:00:00 UTC,-245,-1149,412420583,0.35930555555555554
2018-06-17 00:00:00 UTC,-245,95,224459000,0.15416666666666667
2018-06-17 00:00:00 UTC,12,1596,440704000,3.0608333333333344
2018-06-17 00:00:00 UTC,12,1567,412420877,1.1608333333333334
2018-06-17 00:00:00 UTC,12,1566,412420877,0.81277777777777782
2018-06-17 00:00:00 UTC,12,-1518,576959000,0.67458333333333331
2018-06-17 00:00:00 UTC,12,-1520,576959000,0.79194444444444445
2018-06-17 00:00:00 UTC,12,-1519,576959000,0.60722222222222211
2018-06-17 00:00:00 UTC,12,-1517,576959000,0.31236111111111109
2018-06-17 00:00:00 UTC,12,1498,557005600,0.14763888888888888
2018-06-17 00:00:00 UTC,12,1499,557005600,8.0280555555555555
2018-06-17 00:00:00 UTC,12,1500,557005600,0.81902777777777791
2018-06-17 00:00:00 UTC,12,1716,412691520,0.59541666666666659
2018-06-17 00:00:00 UTC,12,1715,412691520,0.17180555555555554
2018-06-17 00:00:00 UTC,12,1714,412691520,1.1804166666666667
2018-06-17 00:00:00 UTC,12,638,416002631,1.8505555555555557
2018-06-17 00:00:00 UTC,12,1038,581017440,2.3695833333333334
2018-06-17 00:00:00 UTC,12,619,416002662,4.9669444444444437
2018-06-17 00:00:00 UTC,12,91,413504112,2.7322222222222226
2018-06-17 00:00:00 UTC,12,1038,563022450,6.1412499999999977
2018-06-17 00:00:00 UTC,12,1037,563022450,0.80819444444444433
2018-06-17 00:00:00 UTC,12,1039,563022450,1.1662500000000002
2018-06-17 00:00:00 UTC,12,1038,525024117,2.0794444444444444
2018-06-17 00:00:00 UTC,12,-28,227835000,2.4766666666666666
2018-06-17 00:00:00 UTC,12,-27,227835000,1.7531944444444445
2018-06-17 00:00:00 UTC,12,1036,563043970,8.85611111111111
2018-06-17 00:00:00 UTC,12,1036,563022470,1.0958333333333332
2018-06-17 00:00:00 UTC,12,629,416002206,2.4177777777777774
2018-06-17 00:00:00 UTC,12,628,416002206,1.0027777777777778
2018-06-17 00:00:00 UTC,12,633,416002209,0.64347222222222222
2018-06-17 00:00:00 UTC,12,632,416002209,1.0277777777777777
2018-06-17 00:00:00 UTC,12,631,416002209,0.85305555555555557
2018-06-17 00:00:00 UTC,12,1579,412200115,0.11444444444444445
2018-06-17 00:00:00 UTC,12,1578,412200115,0.821388888888889
2018-06-17 00:00:00 UTC,12,-161,312867000,0.42722222222222223
2018-06-17 00:00:00 UTC,12,1037,631440335,1.2212500000000002
2018-06-17 00:00:00 UTC,12,1038,631440335,0.63874999999999993
2018-06-17 00:00:00 UTC,12,1036,631440335,0.70847222222222239
2018-06-17 00:00:00 UTC,12,-1061,412440801,1.9097222222222221
2018-06-17 00:00:00 UTC,12,1037,631977966,3.8918055555555546
2018-06-17 00:00:00 UTC,268,1202,412088108,8.1295833333333327
2018-06-17 00:00:00 UTC,268,1202,200000819,4.9918055555555556
2018-06-17 00:00:00 UTC,268,1202,997753665,3.3420833333333335
2018-06-17 00:00:00 UTC,268,1202,412000588,3.8375
2018-06-17 00:00:00 UTC,268,509,408906575,3.67875
2018-06-17 00:00:00 UTC,268,1202,413002328,0.25847222222222221
2018-06-17 00:00:00 UTC,268,509,408906588,8.0516666666666676
2018-06-17 00:00:00 UTC,268,1410,431003491,3.9340277777777777
2018-06-17 00:00:00 UTC,268,1203,888223333,5.7927777777777782
2018-06-17 00:00:00 UTC,268,1202,412430735,3.0100000000000007
2018-06-17 00:00:00 UTC,268,1203,412400306,2.7597222222222224
2018-06-17 00:00:00 UTC,268,1204,412400306,10.068333333333335
2018-06-17 00:00:00 UTC,268,1205,412081588,8.7441666666666666
2018-06-17 00:00:00 UTC,268,1204,412081588,3.9165277777777781
2018-06-17 00:00:00 UTC,268,1202,997754041,2.1572222222222224
2018-06-17 00:00:00 UTC,268,1202,412430023,0.25861111111111112
2018-06-17 00:00:00 UTC,268,1203,412430023,4.5677777777777777
2018-06-17 00:00:00 UTC,268,1203,201510088,0.98375
2018-06-17 00:00:00 UTC,268,1202,201510088,0.36444444444444446
2018-06-17 00:00:00 UTC,268,1203,777889999,7.8581944444444431
2018-06-17 00:00:00 UTC,524,1560,273447440,0.58458333333333334
2018-06-17 00:00:00 UTC,524,1560,273448730,0.89458333333333329
2018-06-17 00:00:00 UTC,524,-121,224069930,8.431111111111111
2018-06-17 00:00:00 UTC,524,-122,224069930,1.5223611111111111
2018-06-17 00:00:00 UTC,524,-1707,368158000,2.1754166666666666
2018-06-17 00:00:00 UTC,524,-1706,368158000,0.934861111111111
2018-06-17 00:00:00 UTC,524,1560,273428530,1.7827777777777776
2018-06-17 00:00:00 UTC,524,1560,273447730,0.38819444444444445
2018-06-17 00:00:00 UTC,524,-49,235095109,1.1238888888888889
2018-06-17 00:00:00 UTC,524,-48,235095109,0.53486111111111112
2018-06-17 00:00:00 UTC,524,-47,235095109,0.84152777777777776
2018-06-17 00:00:00 UTC,524,-125,250000199,11.480555555555554
2018-06-17 00:00:00 UTC,524,1561,273845320,0.56236111111111109
2018-06-17 00:00:00 UTC,524,1560,273845320,2.8038888888888884
2018-06-17 00:00:00 UTC,524,1560,273449840,3.3273611111111112
2018-06-17 00:00:00 UTC,524,1563,273447830,7.8618055555555557
2018-06-17 00:00:00 UTC,524,1446,273419160,0.10152777777777779
2018-06-17 00:00:00 UTC,524,-124,250000283,2.2097222222222221
2018-06-17 00:00:00 UTC,524,-125,250000283,5.562777777777776
2018-06-17 00:00:00 UTC,524,1562,273854400,1.8777777777777778
2018-06-17 00:00:00 UTC,524,-124,250004944,3.7523611111111115
2018-06-17 00:00:00 UTC,524,-125,250004944,5.0677777777777777
2018-06-17 00:00:00 UTC,524,-107,250004945,1.2273611111111111
2018-06-17 00:00:00 UTC,524,-108,250004945,0.81708333333333338
2018-06-17 00:00:00 UTC,524,1560,273849820,0.57666666666666666
2018-06-17 00:00:00 UTC,524,1560,273452770,0.034722222222222224
2018-06-17 00:00:00 UTC,524,-120,227926000,4.6523611111111114
2018-06-17 00:00:00 UTC,524,-119,227926000,0.59833333333333327
2018-06-17 00:00:00 UTC,780,96,273451570,0.050416666666666665
2018-06-17 00:00:00 UTC,-500,-422,272770000,0.54513888888888884
2018-06-17 00:00:00 UTC,-500,-418,272770000,2.3406944444444449
2018-06-17 00:00:00 UTC,-500,-417,272770000,4.0088888888888894
2018-06-17 00:00:00 UTC,-500,-413,272770000,2.3913888888888883
2018-06-17 00:00:00 UTC,-500,-421,272770000,1.049166666666667
2018-06-17 00:00:00 UTC,-500,-420,272770000,1.2940277777777778
2018-06-17 00:00:00 UTC,-500,-419,272770000,3.1526388888888883
2018-06-17 00:00:00 UTC,-500,-414,272770000,0.96319444444444458
2018-06-17 00:00:00 UTC,-244,730,412695570,0.68791666666666662
2018-06-17 00:00:00 UTC,-244,731,412695570,0.27791666666666665
2018-06-17 00:00:00 UTC,-244,-469,710071093,6.550416666666667
2018-06-17 00:00:00 UTC,-244,371,645437000,0.76708333333333334
2018-06-17 00:00:00 UTC,-244,1758,412691550,1.1105555555555555
2018-06-17 00:00:00 UTC,-244,1757,412691550,0.81055555555555547
2018-06-17 00:00:00 UTC,-244,1760,412691550,1.0495833333333333
2018-06-17 00:00:00 UTC,-244,1755,412691550,1.06125
2018-06-17 00:00:00 UTC,-244,-1683,416002469,1.3040277777777778
2018-06-17 00:00:00 UTC,-244,510,660005800,2.0144444444444445
2018-06-17 00:00:00 UTC,-244,360,645432000,1.5930555555555554
2018-06-17 00:00:00 UTC,-244,359,645432000,4.3063888888888879
2018-06-17 00:00:00 UTC,-244,362,645432000,0.85180555555555559
2018-06-17 00:00:00 UTC,-244,-469,710001358,1.2919444444444443
2018-06-17 00:00:00 UTC,-244,97,224459000,0.078055555555555559
2018-06-17 00:00:00 UTC,13,1596,440704000,2.7612499999999991
2018-06-17 00:00:00 UTC,13,1557,416240900,1.7705555555555554
2018-06-17 00:00:00 UTC,13,1556,416240900,3.6405555555555553
2018-06-17 00:00:00 UTC,13,1036,631989000,2.0700000000000003
2018-06-17 00:00:00 UTC,13,1566,412420877,0.55541666666666667
2018-06-17 00:00:00 UTC,13,-1512,576959000,1.3356944444444443
2018-06-17 00:00:00 UTC,13,-1517,576959000,0.18722222222222223
2018-06-17 00:00:00 UTC,13,-1514,576959000,0.84055555555555572
2018-06-17 00:00:00 UTC,13,-1511,576959000,1.4666666666666666
2018-06-17 00:00:00 UTC,13,-1515,576959000,0.54875
2018-06-17 00:00:00 UTC,13,-1510,576959000,1.603472222222222
2018-06-17 00:00:00 UTC,13,-1509,576959000,4.4094444444444445
2018-06-17 00:00:00 UTC,13,-1516,576959000,0.6972222222222223
2018-06-17 00:00:00 UTC,13,1715,412691520,1.5434722222222219
2018-06-17 00:00:00 UTC,13,13,627997000,2.5206944444444446
2018-06-17 00:00:00 UTC,13,1036,563043970,0.045555555555555557
2018-06-17 00:00:00 UTC,13,9,224261000,1.5954166666666669
2018-06-17 00:00:00 UTC,13,631,416002209,2.05
2018-06-17 00:00:00 UTC,13,633,416002209,3.4356944444444442
2018-06-17 00:00:00 UTC,13,1577,412200115,1.1793055555555556
2018-06-17 00:00:00 UTC,13,1532,553111733,1.7631944444444447
2018-06-17 00:00:00 UTC,13,1040,631440335,1.2241666666666666
2018-06-17 00:00:00 UTC,13,1556,416238800,0.54652777777777772
2018-06-17 00:00:00 UTC,13,1557,416238800,0.675138888888889
2018-06-17 00:00:00 UTC,13,-1061,412440801,1.608611111111111
2018-06-17 00:00:00 UTC,269,507,408906515,18.868055555555557
2018-06-17 00:00:00 UTC,269,1203,413088315,2.2133333333333334
2018-06-17 00:00:00 UTC,269,-1349,367363390,2.0440277777777776
2018-06-17 00:00:00 UTC,269,-1350,367363390,2.604166666666667
2018-06-17 00:00:00 UTC,269,-1353,367363390,1.650138888888889
2018-06-17 00:00:00 UTC,269,-1352,367363390,2.085
2018-06-17 00:00:00 UTC,269,1202,412000588,0.3586111111111111
2018-06-17 00:00:00 UTC,269,1410,431003491,4.9023611111111114
2018-06-17 00:00:00 UTC,269,1203,888223333,0.53361111111111115
2018-06-17 00:00:00 UTC,269,1202,412449164,3.5170833333333329
2018-06-17 00:00:00 UTC,269,1202,412430023,0.26666666666666666
2018-06-17 00:00:00 UTC,269,-1354,367593450,2.8554166666666667
2018-06-17 00:00:00 UTC,525,1586,273826320,0.52097222222222228
2018-06-17 00:00:00 UTC,525,1585,273826320,0.95236111111111132
2018-06-17 00:00:00 UTC,525,22,244030996,3.818888888888889
2018-06-17 00:00:00 UTC,525,21,244030996,7.7266666666666666
2018-06-17 00:00:00 UTC,525,-121,224069930,1.6729166666666666
2018-06-17 00:00:00 UTC,525,-1706,368158000,3.4456944444444444
2018-06-17 00:00:00 UTC,525,1585,273823800,1.3047222222222226
2018-06-17 00:00:00 UTC,525,1586,273823800,5.557500000000001
2018-06-17 00:00:00 UTC,525,-49,235095109,5.0047222222222221
2018-06-17 00:00:00 UTC,525,-48,235095109,2.8669444444444445
2018-06-17 00:00:00 UTC,525,-126,250000199,7.6437500000000007
2018-06-17 00:00:00 UTC,525,-125,250000199,1.5252777777777777
2018-06-17 00:00:00 UTC,525,-129,250003792,3.45
2018-06-17 00:00:00 UTC,525,-132,250136400,3.5695833333333336
2018-06-17 00:00:00 UTC,525,1532,273410900,3.0848611111111111
2018-06-17 00:00:00 UTC,525,1533,273410900,0.235
2018-06-17 00:00:00 UTC,525,1586,273813610,0.89083333333333337
2018-06-17 00:00:00 UTC,525,1585,273813610,0.1098611111111111
2018-06-17 00:00:00 UTC,525,-131,250001269,7.7369444444444442
2018-06-17 00:00:00 UTC,525,-1692,303301000,1.8798611111111108
2018-06-17 00:00:00 UTC,525,1586,273842320,3.1161111111111106
2018-06-17 00:00:00 UTC,525,22,244399000,1.4431944444444442
2018-06-17 00:00:00 UTC,525,-131,250000283,1.1759722222222222
2018-06-17 00:00:00 UTC,525,-129,250000283,2.1422222222222222
2018-06-17 00:00:00 UTC,525,-130,250000283,2.6954166666666666
2018-06-17 00:00:00 UTC,525,-126,250000283,3.6770833333333335
2018-06-17 00:00:00 UTC,525,-125,250000283,3.4830555555555551
2018-06-17 00:00:00 UTC,525,-126,224133790,4.5216666666666665
2018-06-17 00:00:00 UTC,525,-125,250004944,2.842916666666667
2018-06-17 00:00:00 UTC,525,-126,250004944,3.9018055555555553
2018-06-17 00:00:00 UTC,525,1446,273898200,0.73291666666666666
2018-06-17 00:00:00 UTC,525,1586,273870300,0.32847222222222222
2018-06-17 00:00:00 UTC,525,-120,227926000,11.997777777777777
2018-06-17 00:00:00 UTC,781,146,257543500,0.50958333333333328
2018-06-17 00:00:00 UTC,781,144,257543500,0.75041666666666673
2018-06-17 00:00:00 UTC,781,148,257543500,0.36708333333333332
2018-06-17 00:00:00 UTC,781,147,257543500,1.5012499999999998
2018-06-17 00:00:00 UTC,-499,-531,440854000,0.17041666666666666
2018-06-17 00:00:00 UTC,-243,731,412695570,0.53680555555555554
2018-06-17 00:00:00 UTC,-243,-467,710071093,4.222777777777778
2018-06-17 00:00:00 UTC,-243,-468,710071093,5.3725000000000023
2018-06-17 00:00:00 UTC,-243,1756,520019000,3.1077777777777778
2018-06-17 00:00:00 UTC,-243,371,645437000,1.4413888888888891
2018-06-17 00:00:00 UTC,-243,-467,710270286,7.8434722222222213
2018-06-17 00:00:00 UTC,-243,-468,710270286,1.9811111111111106
2018-06-17 00:00:00 UTC,-243,1760,412691550,0.67333333333333334
2018-06-17 00:00:00 UTC,-243,1754,412691550,0.74736111111111114
2018-06-17 00:00:00 UTC,-243,-467,710281080,0.26083333333333336
2018-06-17 00:00:00 UTC,-243,135,659429000,0.81388888888888888
2018-06-17 00:00:00 UTC,-243,134,659429000,0.85986111111111119
2018-06-17 00:00:00 UTC,-243,-1683,416002469,2.2858333333333336
2018-06-17 00:00:00 UTC,-243,-467,711560359,15.395833333333329
2018-06-17 00:00:00 UTC,-243,-468,711560359,8.2994444444444433
2018-06-17 00:00:00 UTC,-243,510,660005800,2.5959722222222221
2018-06-17 00:00:00 UTC,-243,508,660005800,1.0545833333333332
2018-06-17 00:00:00 UTC,-243,509,660005800,1.2186111111111111
2018-06-17 00:00:00 UTC,-243,362,645432000,1.2948611111111112
2018-06-17 00:00:00 UTC,-243,-469,710001358,0.42152777777777778
2018-06-17 00:00:00 UTC,-243,-467,710001358,7.1472222222222221
2018-06-17 00:00:00 UTC,-243,-468,710001358,10.237361111111113
2018-06-17 00:00:00 UTC,14,1597,440704000,0.76305555555555549
2018-06-17 00:00:00 UTC,14,1596,440704000,0.82041666666666668
2018-06-17 00:00:00 UTC,14,1558,416240900,0.7781944444444443
2018-06-17 00:00:00 UTC,14,1557,416240900,5.7197222222222264
2018-06-17 00:00:00 UTC,14,1566,412420877,0.71722222222222232
2018-06-17 00:00:00 UTC,14,-1512,576959000,4.7047222222222231
2018-06-17 00:00:00 UTC,14,13,627997000,1.9934722222222223
2018-06-17 00:00:00 UTC,14,-1516,576956000,2.2659722222222225
2018-06-17 00:00:00 UTC,14,-1517,576956000,3.4893055555555557
2018-06-17 00:00:00 UTC,14,4,416005504,4.1906944444444445
2018-06-17 00:00:00 UTC,14,12,416005504,1.0113888888888889
2018-06-17 00:00:00 UTC,14,8,416005504,3.24375
2018-06-17 00:00:00 UTC,14,633,416002209,4.7793055555555553
2018-06-17 00:00:00 UTC,14,632,416002209,4.7645833333333334
2018-06-17 00:00:00 UTC,14,1575,412200115,0.092777777777777765
2018-06-17 00:00:00 UTC,14,1576,412200115,1.0040277777777777
2018-06-17 00:00:00 UTC,14,1558,584779200,1.0784722222222223
2018-06-17 00:00:00 UTC,14,1559,584779200,0.55375
2018-06-17 00:00:00 UTC,14,1557,416238800,9.7088888888888931
2018-06-17 00:00:00 UTC,14,1558,416238800,3.3375000000000008
2018-06-17 00:00:00 UTC,14,1543,553111761,0.89069444444444446
2018-06-17 00:00:00 UTC,14,1542,553111761,1.5759722222222223
2018-06-17 00:00:00 UTC,14,-1061,412440801,1.5305555555555554
2018-06-17 00:00:00 UTC,14,-1062,412440801,0.54333333333333322
2018-06-17 00:00:00 UTC,270,-1451,303114000,1.7330555555555556
2018-06-17 00:00:00 UTC,270,-1450,303114000,0.66694444444444445
2018-06-17 00:00:00 UTC,270,1202,997755414,0.27180555555555558
2018-06-17 00:00:00 UTC,270,1203,997755414,7.8173611111111123
2018-06-17 00:00:00 UTC,270,1203,800045099,3.3987499999999997
2018-06-17 00:00:00 UTC,270,1202,412000051,0.5379166666666666
2018-06-17 00:00:00 UTC,270,1203,413088315,1.1248611111111111
2018-06-17 00:00:00 UTC,270,-1346,367363390,1.9738888888888888
2018-06-17 00:00:00 UTC,270,-1347,367363390,5.6179166666666678
2018-06-17 00:00:00 UTC,270,-1352,367363390,0.6544444444444445
2018-06-17 00:00:00 UTC,270,-1350,367363390,0.80694444444444435
2018-06-17 00:00:00 UTC,270,-1353,367363390,1.4941666666666666
2018-06-17 00:00:00 UTC,270,-1348,367363390,3.185972222222222
2018-06-17 00:00:00 UTC,270,-1351,367363390,0.5872222222222222
2018-06-17 00:00:00 UTC,270,-1349,367363390,1.423888888888889
2018-06-17 00:00:00 UTC,270,-1354,367363390,0.77472222222222231
2018-06-17 00:00:00 UTC,270,-1353,367593450,2.2127777777777777
2018-06-17 00:00:00 UTC,526,1587,273437190,0.86638888888888888
2018-06-17 00:00:00 UTC,526,1586,273437190,0.61083333333333323
2018-06-17 00:00:00 UTC,526,21,246485000,1.1594444444444445
2018-06-17 00:00:00 UTC,526,22,246485000,0.10819444444444445
2018-06-17 00:00:00 UTC,526,-121,228293900,5.0573611111111108
2018-06-17 00:00:00 UTC,526,-122,228293900,2.6341666666666672
2018-06-17 00:00:00 UTC,526,1586,273826320,0.518611111111111
2018-06-17 00:00:00 UTC,526,1585,273826320,0.0761111111111111
2018-06-17 00:00:00 UTC,526,21,244030996,1.5959722222222221
2018-06-17 00:00:00 UTC,526,22,244030996,10.447500000000002
2018-06-17 00:00:00 UTC,526,1558,273454620,1.8499999999999999
2018-06-17 00:00:00 UTC,526,1559,273454620,5.3937499999999989
2018-06-17 00:00:00 UTC,526,1557,273454620,3.0191666666666661
2018-06-17 00:00:00 UTC,526,-120,224069930,1.7590277777777779
2018-06-17 00:00:00 UTC,526,1587,273823800,0.13333333333333333
2018-06-17 00:00:00 UTC,526,1586,273823800,2.1358333333333333
2018-06-17 00:00:00 UTC,526,-49,235095109,5.2806944444444444
2018-06-17 00:00:00 UTC,526,-48,235095109,0.30569444444444449
2018-06-17 00:00:00 UTC,526,-120,227570000,10.588472222222222
2018-06-17 00:00:00 UTC,526,-131,250136400,3.2102777777777782
2018-06-17 00:00:00 UTC,526,-130,250136400,7.1801388888888882
2018-06-17 00:00:00 UTC,526,1533,273410900,1.9798611111111115
2018-06-17 00:00:00 UTC,526,1587,273813610,0.49569444444444455
2018-06-17 00:00:00 UTC,526,1586,273813610,0.32972222222222225
2018-06-17 00:00:00 UTC,526,1586,273439850,1.8995833333333332
2018-06-17 00:00:00 UTC,526,1587,273439850,1.1826388888888888
2018-06-17 00:00:00 UTC,526,-1692,303301000,1.8686111111111106
2018-06-17 00:00:00 UTC,526,-1691,303301000,2.7570833333333331
2018-06-17 00:00:00 UTC,526,1586,273842320,3.8393055555555557
2018-06-17 00:00:00 UTC,526,1450,273419160,3.712361111111111
2018-06-17 00:00:00 UTC,526,1451,273419160,0.051944444444444446
2018-06-17 00:00:00 UTC,526,22,244399000,3.9084722222222221
2018-06-17 00:00:00 UTC,526,-127,250000283,1.3029166666666665
2018-06-17 00:00:00 UTC,526,-128,250000283,1.5422222222222222
2018-06-17 00:00:00 UTC,526,-126,250000283,0.63611111111111107
2018-06-17 00:00:00 UTC,526,1559,273459620,1.1172222222222223
2018-06-17 00:00:00 UTC,526,1558,273459620,1.038888888888889
2018-06-17 00:00:00 UTC,526,1557,273459620,0.935138888888889
2018-06-17 00:00:00 UTC,526,1512,273385130,2.0519444444444446
2018-06-17 00:00:00 UTC,526,1510,273385130,2.8190277777777784
2018-06-17 00:00:00 UTC,526,1511,273385130,2.399027777777778
2018-06-17 00:00:00 UTC,526,-127,250106800,1.868611111111111
2018-06-17 00:00:00 UTC,526,-127,250004944,3.2177777777777776
2018-06-17 00:00:00 UTC,526,-126,250004944,4.866944444444445
2018-06-17 00:00:00 UTC,526,-128,250004944,0.839722222222222
2018-06-17 00:00:00 UTC,526,1587,273870300,0.23444444444444446
2018-06-17 00:00:00 UTC,526,1586,273870300,0.066666666666666666
2018-06-17 00:00:00 UTC,526,1586,273847520,5.1356944444444457
2018-06-17 00:00:00 UTC,526,1587,273847520,7.438333333333337
2018-06-17 00:00:00 UTC,526,1588,273312240,0.25333333333333335
2018-06-17 00:00:00 UTC,526,1586,273312240,1.921666666666666
2018-06-17 00:00:00 UTC,526,1587,273312240,0.58694444444444449
2018-06-17 00:00:00 UTC,526,-127,250001656,3.2322222222222221
2018-06-17 00:00:00 UTC,526,-128,250001656,2.8740277777777776
2018-06-17 00:00:00 UTC,526,1558,273451770,3.9623611111111114
2018-06-17 00:00:00 UTC,526,1557,273451770,0.28722222222222221
2018-06-17 00:00:00 UTC,526,1559,273451770,5.6405555555555544
2018-06-17 00:00:00 UTC,782,155,257016650,0.2319444444444444
2018-06-17 00:00:00 UTC,782,153,257016650,0.65194444444444455
2018-06-17 00:00:00 UTC,782,154,257016650,0.69888888888888911
2018-06-17 00:00:00 UTC,782,152,257016650,0.068888888888888888
2018-06-17 00:00:00 UTC,-498,726,635000300,2.2781944444444444
2018-06-17 00:00:00 UTC,-498,728,635000300,1.220416666666666
2018-06-17 00:00:00 UTC,-498,727,635000300,2.8254166666666665
2018-06-17 00:00:00 UTC,-498,-533,440854000,0.68027777777777776
2018-06-17 00:00:00 UTC,-498,-532,440854000,0.36430555555555555
2018-06-17 00:00:00 UTC,-242,-467,710071093,1.652222222222222
2018-06-17 00:00:00 UTC,-242,1757,520019000,2.3525
2018-06-17 00:00:00 UTC,-242,371,645437000,0.862638888888889
2018-06-17 00:00:00 UTC,-242,-467,710270286,1.755138888888889
2018-06-17 00:00:00 UTC,-242,-466,710270286,0.059722222222222218
2018-06-17 00:00:00 UTC,-242,1760,412691550,1.7619444444444445
2018-06-17 00:00:00 UTC,-242,1754,412691550,0.81305555555555564
2018-06-17 00:00:00 UTC,-242,-467,710281080,2.1118055555555562
2018-06-17 00:00:00 UTC,-242,133,659429000,1.6068055555555554
2018-06-17 00:00:00 UTC,-242,134,659429000,0.8698611111111112
2018-06-17 00:00:00 UTC,-242,501,660000400,1.2511111111111111
2018-06-17 00:00:00 UTC,-242,499,660000400,1.9470833333333333
2018-06-17 00:00:00 UTC,-242,500,660000400,4.64125
2018-06-17 00:00:00 UTC,-242,-1683,416002469,1.3368055555555556
2018-06-17 00:00:00 UTC,-242,-467,711560359,1.024027777777778
2018-06-17 00:00:00 UTC,-242,508,660005800,0.29125
2018-06-17 00:00:00 UTC,-242,507,660005800,1.0165277777777777
2018-06-17 00:00:00 UTC,-242,362,645432000,3.0625
2018-06-17 00:00:00 UTC,-242,106,224120000,3.1959722222222222
2018-06-17 00:00:00 UTC,-242,-467,710001358,2.6519444444444433
2018-06-17 00:00:00 UTC,15,1598,440704000,0.81
2018-06-17 00:00:00 UTC,15,1597,440704000,1.443888888888889
2018-06-17 00:00:00 UTC,15,1570,412420875,0.58777777777777773
2018-06-17 00:00:00 UTC,15,-159,627071000,3.0487499999999996
2018-06-17 00:00:00 UTC,15,-1512,576959000,3.0594444444444449
2018-06-17 00:00:00 UTC,15,1566,338793000,1.4947222222222225
2018-06-17 00:00:00 UTC,15,-1515,576956000,5.2384722222222218
2018-06-17 00:00:00 UTC,15,-1516,576956000,1.6983333333333333
2018-06-17 00:00:00 UTC,15,10,416005504,1.6047222222222222
2018-06-17 00:00:00 UTC,15,9,416005504,2.5081944444444444
2018-06-17 00:00:00 UTC,15,7,416005504,0.98222222222222233
2018-06-17 00:00:00 UTC,15,5,416005504,0.82722222222222219
2018-06-17 00:00:00 UTC,15,4,416005504,1.3705555555555553
2018-06-17 00:00:00 UTC,15,12,416005504,0.87236111111111114
2018-06-17 00:00:00 UTC,15,8,416005504,0.41958333333333331
2018-06-17 00:00:00 UTC,15,11,416005504,1.8256944444444443
2018-06-17 00:00:00 UTC,15,6,416005504,0.53638888888888892
2018-06-17 00:00:00 UTC,15,808,416101800,0.2336111111111111
2018-06-17 00:00:00 UTC,15,1575,412200115,0.79319444444444454
2018-06-17 00:00:00 UTC,15,1566,553111759,2.4383333333333339
2018-06-17 00:00:00 UTC,15,-1063,412440801,0.41944444444444451
2018-06-17 00:00:00 UTC,15,-1062,412440801,1.4384722222222222
2018-06-17 00:00:00 UTC,271,-1451,303114000,0.26986111111111111
2018-06-17 00:00:00 UTC,271,1482,416001447,1.8787500000000001
2018-06-17 00:00:00 UTC,271,-1353,367593450,1.1461111111111111
2018-06-17 00:00:00 UTC,527,22,246485000,4.7648611111111121
2018-06-17 00:00:00 UTC,527,21,246485000,0.47152777777777777
2018-06-17 00:00:00 UTC,527,1587,273826320,3.0408333333333335
2018-06-17 00:00:00 UTC,527,1586,273826320,0.4275
2018-06-17 00:00:00 UTC,527,1557,273454620,0.20611111111111111
2018-06-17 00:00:00 UTC,527,1587,273823800,4.1422222222222214
2018-06-17 00:00:00 UTC,527,1586,273823800,0.074444444444444452
2018-06-17 00:00:00 UTC,527,46,245074000,0.46291666666666664
2018-06-17 00:00:00 UTC,527,1586,273439850,1.559722222222222
2018-06-17 00:00:00 UTC,527,1587,273439850,10.942638888888894
2018-06-17 00:00:00 UTC,527,1587,273842320,0.42305555555555557
2018-06-17 00:00:00 UTC,527,1450,273419160,1.036111111111111
2018-06-17 00:00:00 UTC,527,1451,273419160,0.74541666666666673
2018-06-17 00:00:00 UTC,527,22,244399000,3.5258333333333338
2018-06-17 00:00:00 UTC,527,1559,273459620,0.45263888888888892
2018-06-17 00:00:00 UTC,527,1558,273459620,3.8912500000000003
2018-06-17 00:00:00 UTC,527,1560,273459620,0.24111111111111111
2018-06-17 00:00:00 UTC,527,1557,273459620,3.858055555555556
2018-06-17 00:00:00 UTC,527,1587,273898410,0.75763888888888886
2018-06-17 00:00:00 UTC,527,1509,273385130,0.79402777777777778
2018-06-17 00:00:00 UTC,527,1511,273385130,1.673888888888889
2018-06-17 00:00:00 UTC,527,1542,273398450,1.2519444444444443
2018-06-17 00:00:00 UTC,527,1540,273398450,1.1219444444444444
2018-06-17 00:00:00 UTC,527,1541,273398450,1.3468055555555558
2018-06-17 00:00:00 UTC,527,1587,273870300,0.61208333333333331
2018-06-17 00:00:00 UTC,527,1586,273847520,0.71416666666666662
2018-06-17 00:00:00 UTC,527,1445,273322990,2.8861111111111111
2018-06-17 00:00:00 UTC,527,1558,273451770,0.84652777777777777
2018-06-17 00:00:00 UTC,783,151,257016650,2.0588888888888883
2018-06-17 00:00:00 UTC,783,153,257016650,0.28472222222222221
2018-06-17 00:00:00 UTC,783,152,257016650,2.3230555555555559
2018-06-17 00:00:00 UTC,783,154,257016650,1.0837499999999998
2018-06-17 00:00:00 UTC,-497,723,635000300,0.25472222222222218
2018-06-17 00:00:00 UTC,-497,726,635000300,2.4583333333333335
2018-06-17 00:00:00 UTC,-497,727,635000300,0.15541666666666665
2018-06-17 00:00:00 UTC,-497,-534,440854000,0.92722222222222228
2018-06-17 00:00:00 UTC,-497,-533,440854000,0.41972222222222222
2018-06-17 00:00:00 UTC,-241,371,645437000,0.91291666666666682
2018-06-17 00:00:00 UTC,-241,-433,710003017,8.4327777777777762
2018-06-17 00:00:00 UTC,-241,1759,412691550,2.3248611111111113
2018-06-17 00:00:00 UTC,-241,1754,412691550,0.95805555555555555
2018-06-17 00:00:00 UTC,-241,133,659429000,6.1101388888888888
2018-06-17 00:00:00 UTC,-241,132,659429000,4.8347222222222221
2018-06-17 00:00:00 UTC,-241,497,660000400,2.9602777777777778
2018-06-17 00:00:00 UTC,-241,501,660000400,2.3379166666666666
2018-06-17 00:00:00 UTC,-241,503,660000400,1.6025
2018-06-17 00:00:00 UTC,-241,-1684,416002469,0.78013888888888894
2018-06-17 00:00:00 UTC,-241,-1683,416002469,1.390138888888889
2018-06-17 00:00:00 UTC,-241,-1685,416002469,0.80430555555555561
2018-06-17 00:00:00 UTC,-241,507,660005800,1.2390277777777778
2018-06-17 00:00:00 UTC,-241,506,660005800,0.91013888888888894
2018-06-17 00:00:00 UTC,-241,95,224459000,2.8415277777777774
2018-06-17 00:00:00 UTC,16,1598,440704000,0.51916666666666667
2018-06-17 00:00:00 UTC,16,1570,412420875,0.58736111111111111
2018-06-17 00:00:00 UTC,16,-163,627071000,0.19569444444444445
2018-06-17 00:00:00 UTC,16,800,664063000,5.3145833333333332
2018-06-17 00:00:00 UTC,16,1566,338793000,3.8474999999999997
2018-06-17 00:00:00 UTC,16,1567,338793000,6.4055555555555586
2018-06-17 00:00:00 UTC,16,-1521,576956000,3.6480555555555556
2018-06-17 00:00:00 UTC,16,9,627066000,1.0083333333333333
2018-06-17 00:00:00 UTC,16,10,627066000,2.3587499999999997
2018-06-17 00:00:00 UTC,16,808,416101800,0.32277777777777777
2018-06-17 00:00:00 UTC,16,800,416313000,5.7477777777777774
2018-06-17 00:00:00 UTC,16,801,416313000,7.5458333333333325
2018-06-17 00:00:00 UTC,16,-155,312867000,4.5995833333333334
2018-06-17 00:00:00 UTC,16,1567,553111738,3.6701388888888875
2018-06-17 00:00:00 UTC,16,1566,553111738,6.8426388888888914
2018-06-17 00:00:00 UTC,16,1566,553111756,6.01888888888889
2018-06-17 00:00:00 UTC,16,1565,553111756,2.690833333333333
2018-06-17 00:00:00 UTC,16,1564,553111756,0.082361111111111107
2018-06-17 00:00:00 UTC,16,1566,553111759,5.9554166666666655
2018-06-17 00:00:00 UTC,16,1567,553111759,2.5941666666666654
2018-06-17 00:00:00 UTC,16,1566,416242900,7.352083333333332
2018-06-17 00:00:00 UTC,16,1567,416242900,2.063333333333333
2018-06-17 00:00:00 UTC,16,-1518,412695770,1.713888888888889
2018-06-17 00:00:00 UTC,16,-1521,412695770,1.2506944444444443
2018-06-17 00:00:00 UTC,16,-1520,412695770,1.6458333333333333
2018-06-17 00:00:00 UTC,16,-1522,412695770,1.6156944444444445
2018-06-17 00:00:00 UTC,16,-1519,412695770,2.1225
2018-06-17 00:00:00 UTC,16,-1063,412440801,1.1747222222222222
2018-06-17 00:00:00 UTC,16,-1064,412440801,0.49722222222222223
2018-06-17 00:00:00 UTC,528,22,246485000,0.862638888888889
2018-06-17 00:00:00 UTC,528,21,246485000,0.52527777777777773
2018-06-17 00:00:00 UTC,528,46,244213000,0.12916666666666665
2018-06-17 00:00:00 UTC,528,1591,273826320,0.77888888888888885
2018-06-17 00:00:00 UTC,528,1592,273826320,0.13777777777777778
2018-06-17 00:00:00 UTC,528,1594,273826320,0.16388888888888889
2018-06-17 00:00:00 UTC,528,1587,273826320,0.075277777777777777
2018-06-17 00:00:00 UTC,528,1593,273826320,1.2399999999999998
2018-06-17 00:00:00 UTC,528,46,246570000,0.25388888888888889
2018-06-17 00:00:00 UTC,528,-1715,368158000,2.1173611111111112
2018-06-17 00:00:00 UTC,528,-1716,368158000,0.78125
2018-06-17 00:00:00 UTC,528,-1714,368158000,0.75902777777777763
2018-06-17 00:00:00 UTC,528,1770,368926308,1.193888888888889
2018-06-17 00:00:00 UTC,528,1587,273439850,5.9066666666666654
2018-06-17 00:00:00 UTC,528,1587,273842320,1.1381944444444443
2018-06-17 00:00:00 UTC,528,1593,273842320,1.4630555555555556
2018-06-17 00:00:00 UTC,528,1594,273842320,0.087777777777777788
2018-06-17 00:00:00 UTC,528,1589,273842320,1.0681944444444444
2018-06-17 00:00:00 UTC,528,1588,273842320,0.33333333333333331
2018-06-17 00:00:00 UTC,528,1592,273842320,0.86388888888888882
2018-06-17 00:00:00 UTC,528,1591,273842320,0.58333333333333337
2018-06-17 00:00:00 UTC,528,1444,273419160,0.34930555555555554
2018-06-17 00:00:00 UTC,528,1450,273419160,0.49805555555555558
2018-06-17 00:00:00 UTC,528,1451,273419160,0.89777777777777779
2018-06-17 00:00:00 UTC,528,22,244399000,8.33388888888889
2018-06-17 00:00:00 UTC,528,23,244399000,0.83902777777777771
2018-06-17 00:00:00 UTC,528,1587,273898410,0.78375
2018-06-17 00:00:00 UTC,528,1592,273898410,0.067083333333333328
2018-06-17 00:00:00 UTC,528,1591,273898410,0.92750000000000021
2018-06-17 00:00:00 UTC,528,1508,273385130,0.89527777777777784
2018-06-17 00:00:00 UTC,528,1507,273385130,0.85611111111111116
2018-06-17 00:00:00 UTC,528,2,235004610,1.1730555555555557
2018-06-17 00:00:00 UTC,528,1590,273870300,0.10069444444444445
2018-06-17 00:00:00 UTC,528,1594,273870300,0.15138888888888888
2018-06-17 00:00:00 UTC,528,1588,273870300,0.22902777777777777
2018-06-17 00:00:00 UTC,528,1595,273870300,0.68944444444444453
2018-06-17 00:00:00 UTC,528,1591,273454560,0.33361111111111108
2018-06-17 00:00:00 UTC,528,1597,273454560,0.4356944444444445
2018-06-17 00:00:00 UTC,528,1598,273454560,0.37388888888888894
2018-06-17 00:00:00 UTC,528,1595,273454560,0.62652777777777779
2018-06-17 00:00:00 UTC,528,1592,273454560,0.11666666666666667
2018-06-17 00:00:00 UTC,528,1593,273454560,0.42555555555555558
2018-06-17 00:00:00 UTC,528,1596,273454560,1.2881944444444446
2018-06-17 00:00:00 UTC,528,1594,273454560,0.41652777777777777
2018-06-17 00:00:00 UTC,528,1592,273312240,0.16111111111111109
2018-06-17 00:00:00 UTC,528,1591,273312240,0.80097222222222231
2018-06-17 00:00:00 UTC,528,-1705,367078130,1.1915277777777777
2018-06-17 00:00:00 UTC,784,86,273451570,0.11277777777777778
2018-06-17 00:00:00 UTC,-496,726,635000300,2.2177777777777776
2018-06-17 00:00:00 UTC,-496,725,635000300,2.9822222222222208
2018-06-17 00:00:00 UTC,-496,727,635000300,0.53097222222222218
2018-06-17 00:00:00 UTC,-496,-536,440854000,0.50430555555555556
2018-06-17 00:00:00 UTC,-496,-535,440854000,4.4449999999999994
2018-06-17 00:00:00 UTC,-496,-534,440854000,0.19638888888888889
2018-06-17 00:00:00 UTC,-240,734,412695570,0.6677777777777778
2018-06-17 00:00:00 UTC,-240,362,650217000,1.5920833333333333
2018-06-17 00:00:00 UTC,-240,1523,503648300,0.27083333333333337
2018-06-17 00:00:00 UTC,-240,1758,520019000,2.2449999999999997
2018-06-17 00:00:00 UTC,-240,679,412695610,0.47041666666666665
2018-06-17 00:00:00 UTC,-240,677,412695610,1.79875
2018-06-17 00:00:00 UTC,-240,-434,710003017,9.3840277777777779
2018-06-17 00:00:00 UTC,-240,1754,412691550,0.89972222222222231
2018-06-17 00:00:00 UTC,-240,1759,412691550,0.69597222222222221
2018-06-17 00:00:00 UTC,-240,132,659429000,1.6331944444444444
2018-06-17 00:00:00 UTC,-240,503,660000400,3.6472222222222221
2018-06-17 00:00:00 UTC,-240,501,660000400,1.6299999999999997
2018-06-17 00:00:00 UTC,-240,-1683,416002469,1.2230555555555556
2018-06-17 00:00:00 UTC,-240,-1684,416002469,0.79513888888888873
2018-06-17 00:00:00 UTC,-240,504,660005800,0.9375
2018-06-17 00:00:00 UTC,-240,506,660005800,0.65916666666666668
2018-06-17 00:00:00 UTC,17,1563,416240900,0.584861111111111
2018-06-17 00:00:00 UTC,17,1564,416240900,0.34652777777777777
2018-06-17 00:00:00 UTC,17,1570,412420875,0.79736111111111108
2018-06-17 00:00:00 UTC,17,1565,338793000,0.40027777777777773
2018-06-17 00:00:00 UTC,17,1566,338793000,1.1418055555555555
2018-06-17 00:00:00 UTC,17,1568,510056000,6.5545833333333334
2018-06-17 00:00:00 UTC,17,1569,510056000,1.3198611111111109
2018-06-17 00:00:00 UTC,17,1566,510065000,2.0509722222222222
2018-06-17 00:00:00 UTC,17,10,627066000,2.6022222222222222
2018-06-17 00:00:00 UTC,17,1564,440195000,0.63694444444444454
2018-06-17 00:00:00 UTC,17,1566,440195000,0.09013888888888888
2018-06-17 00:00:00 UTC,17,-156,312867000,2.1018055555555559
2018-06-17 00:00:00 UTC,17,1567,553111738,0.051250000000000004
2018-06-17 00:00:00 UTC,17,1566,553111738,0.90430555555555547
2018-06-17 00:00:00 UTC,17,1566,553111756,3.405416666666667
2018-06-17 00:00:00 UTC,17,-1517,412695770,2.7520833333333332
2018-06-17 00:00:00 UTC,17,-1522,412695770,2.6083333333333334
2018-06-17 00:00:00 UTC,17,-1519,412695770,0.74847222222222221
2018-06-17 00:00:00 UTC,17,-1520,412695770,1.8058333333333332
2018-06-17 00:00:00 UTC,17,-1064,412440801,0.90486111111111112
2018-06-17 00:00:00 UTC,17,1562,538060007,0.21833333333333332
2018-06-17 00:00:00 UTC,273,1208,900018036,1.9700000000000002
2018-06-17 00:00:00 UTC,273,1207,900018036,0.90472222222222232
2018-06-17 00:00:00 UTC,273,1483,416001447,1.3409722222222222
2018-06-17 00:00:00 UTC,273,-1353,367593450,1.2022222222222221
2018-06-17 00:00:00 UTC,529,21,246485000,0.5806944444444444
2018-06-17 00:00:00 UTC,529,46,244213000,1.4005555555555553
2018-06-17 00:00:00 UTC,529,47,244213000,0.18194444444444444
2018-06-17 00:00:00 UTC,529,1589,273826320,3.1044444444444443
2018-06-17 00:00:00 UTC,529,46,246570000,0.50166666666666659
2018-06-17 00:00:00 UTC,529,16,235001890,0.36152777777777778
2018-06-17 00:00:00 UTC,529,15,235001890,2.1718055555555553
2018-06-17 00:00:00 UTC,529,-49,235000867,7.2293055555555572
2018-06-17 00:00:00 UTC,529,13,235063095,0.22986111111111113
2018-06-17 00:00:00 UTC,529,14,235063095,7.9912499999999991
2018-06-17 00:00:00 UTC,529,15,235063095,11.562638888888893
2018-06-17 00:00:00 UTC,529,48,244820038,1.4084722222222221
2018-06-17 00:00:00 UTC,529,49,244820038,0.16499999999999998
2018-06-17 00:00:00 UTC,529,47,246226000,0.24861111111111112
2018-06-17 00:00:00 UTC,529,1526,273410900,0.41625
2018-06-17 00:00:00 UTC,529,1527,273410900,1.5569444444444445
2018-06-17 00:00:00 UTC,529,46,246503000,1.3111111111111113
2018-06-17 00:00:00 UTC,529,47,246503000,0.29152777777777783
2018-06-17 00:00:00 UTC,529,1,235000152,0.33402777777777776
2018-06-17 00:00:00 UTC,529,2,235000152,1.0631944444444446
2018-06-17 00:00:00 UTC,529,48,244358000,0.54458333333333331
2018-06-17 00:00:00 UTC,529,48,244170098,0.24805555555555558
2018-06-17 00:00:00 UTC,529,49,244170098,1.4019444444444444
2018-06-17 00:00:00 UTC,529,49,244670837,0.25
2018-06-17 00:00:00 UTC,529,48,244670837,0.76638888888888879
2018-06-17 00:00:00 UTC,529,48,244810627,1.132916666666667
2018-06-17 00:00:00 UTC,529,-120,228858000,5.6447222222222218
2018-06-17 00:00:00 UTC,529,1444,273419160,1.7945833333333332
2018-06-17 00:00:00 UTC,529,21,244399000,1.8668055555555556
2018-06-17 00:00:00 UTC,529,22,244399000,3.2352777777777777
2018-06-17 00:00:00 UTC,529,48,246030000,1.2026388888888886
2018-06-17 00:00:00 UTC,529,49,246136000,0.083472222222222225
2018-06-17 00:00:00 UTC,529,48,246136000,0.66666666666666663
2018-06-17 00:00:00 UTC,529,2,235004610,14.254722222222227
2018-06-17 00:00:00 UTC,529,3,235004610,7.6336111111111151
2018-06-17 00:00:00 UTC,529,48,244119000,0.48958333333333331
2018-06-17 00:00:00 UTC,529,1591,273454560,0.63611111111111107
2018-06-17 00:00:00 UTC,529,1593,273454560,1.8470833333333336
2018-06-17 00:00:00 UTC,529,1530,273852400,2.3611111111111112
2018-06-17 00:00:00 UTC,529,-1705,367078130,4.9693055555555556
2018-06-17 00:00:00 UTC,-495,-536,440854000,1.9938888888888888
2018-06-17 00:00:00 UTC,-495,-537,440854000,1.4395833333333334
2018-06-17 00:00:00 UTC,-239,1523,503648300,0.47986111111111107
2018-06-17 00:00:00 UTC,-239,1526,503648300,2.5694444444444455
2018-06-17 00:00:00 UTC,-239,1525,503648300,3.2208333333333337
2018-06-17 00:00:00 UTC,-239,1524,503648300,0.9148611111111109
2018-06-17 00:00:00 UTC,-239,1753,520019000,2.76875
2018-06-17 00:00:00 UTC,-239,1758,520019000,0.31291666666666668
2018-06-17 00:00:00 UTC,-239,1757,520019000,1.6501388888888888
2018-06-17 00:00:00 UTC,-239,680,412695610,0.4193055555555556
2018-06-17 00:00:00 UTC,-239,678,412695610,0.5395833333333333
2018-06-17 00:00:00 UTC,-239,679,412695610,1.3618055555555557
2018-06-17 00:00:00 UTC,-239,677,412695610,2.5156944444444447
2018-06-17 00:00:00 UTC,-239,-1694,416003676,3.8044444444444445
2018-06-17 00:00:00 UTC,-239,1754,412691550,1.3315277777777776
2018-06-17 00:00:00 UTC,-239,1758,412691550,4.96375
2018-06-17 00:00:00 UTC,-239,132,659429000,1.7827777777777778
2018-06-17 00:00:00 UTC,-239,502,660000400,1.2769444444444444
2018-06-17 00:00:00 UTC,-239,-1680,416002469,0.96375
2018-06-17 00:00:00 UTC,-239,-1681,416002469,1.4918055555555556
2018-06-17 00:00:00 UTC,-239,503,660005800,2.1495833333333332
2018-06-17 00:00:00 UTC,-239,132,659470000,1.9384722222222222
2018-06-17 00:00:00 UTC,-239,-444,710456789,13.127222222222223
2018-06-17 00:00:00 UTC,18,1570,412420875,0.68458333333333332
2018-06-17 00:00:00 UTC,18,1568,412420875,0.43875000000000003
2018-06-17 00:00:00 UTC,18,1569,412420875,0.7375
2018-06-17 00:00:00 UTC,18,800,664063000,1.201111111111111
2018-06-17 00:00:00 UTC,18,640,416000303,3.4675
2018-06-17 00:00:00 UTC,18,-1524,576956000,1.3013888888888889
2018-06-17 00:00:00 UTC,18,-1525,576956000,0.58972222222222226
2018-06-17 00:00:00 UTC,18,1562,416238800,0.14458333333333334
2018-06-17 00:00:00 UTC,18,-1517,412695770,0.35222222222222221
2018-06-17 00:00:00 UTC,18,-1064,412440801,0.23083333333333333
2018-06-17 00:00:00 UTC,18,-1063,412440801,0.718888888888889
2018-06-17 00:00:00 UTC,18,685,416004329,3.3936111111111114
2018-06-17 00:00:00 UTC,274,1207,215400736,4.165694444444445
2018-06-17 00:00:00 UTC,274,1210,412370983,22.974166666666665
2018-06-17 00:00:00 UTC,274,1209,900100172,1.0741666666666667
2018-06-17 00:00:00 UTC,274,1208,900100172,2.6277777777777778
2018-06-17 00:00:00 UTC,274,1206,900018036,0.18361111111111111
2018-06-17 00:00:00 UTC,274,1207,900018036,6.9520833333333334
2018-06-17 00:00:00 UTC,274,1208,900018036,0.4647222222222222
2018-06-17 00:00:00 UTC,274,1483,416001447,0.88444444444444448
2018-06-17 00:00:00 UTC,274,-1352,367593450,0.99055555555555552
2018-06-17 00:00:00 UTC,274,1207,412432886,3.7236111111111114
2018-06-17 00:00:00 UTC,530,14,235001890,0.069305555555555565
2018-06-17 00:00:00 UTC,530,15,235001890,0.25166666666666671
2018-06-17 00:00:00 UTC,530,-49,235000867,10.762361111111108
2018-06-17 00:00:00 UTC,530,-50,235000867,0.26111111111111107
2018-06-17 00:00:00 UTC,530,15,235063095,0.42055555555555557
2018-06-17 00:00:00 UTC,530,14,235063095,0.5575
2018-06-17 00:00:00 UTC,530,48,244083000,1.5831944444444443
2018-06-17 00:00:00 UTC,530,49,244083000,0.37763888888888891
2018-06-17 00:00:00 UTC,530,48,246269000,0.50527777777777783
2018-06-17 00:00:00 UTC,530,1530,273410900,2.5318055555555552
2018-06-17 00:00:00 UTC,530,1529,273410900,1.02875
2018-06-17 00:00:00 UTC,530,1528,273410900,0.72569444444444453
2018-06-17 00:00:00 UTC,530,3,235000152,0.29055555555555557
2018-06-17 00:00:00 UTC,530,2,235000152,0.4861111111111111
2018-06-17 00:00:00 UTC,530,50,246182000,0.75569444444444445
2018-06-17 00:00:00 UTC,530,51,246182000,0.20791666666666667
2018-06-17 00:00:00 UTC,530,48,244358000,0.35361111111111115
2018-06-17 00:00:00 UTC,530,-144,228067700,1.5098611111111113
2018-06-17 00:00:00 UTC,530,-143,228067700,2.7659722222222225
2018-06-17 00:00:00 UTC,530,50,244860538,0.38222222222222224
2018-06-17 00:00:00 UTC,530,-1671,303301000,0.78722222222222227
2018-06-17 00:00:00 UTC,530,-1670,303301000,0.4481944444444444
2018-06-17 00:00:00 UTC,530,-1678,303301000,0.92736111111111108
2018-06-17 00:00:00 UTC,530,-1679,303301000,0.34333333333333332
2018-06-17 00:00:00 UTC,530,-120,228858000,14.009444444444448
2018-06-17 00:00:00 UTC,530,1444,273419160,0.9820833333333332
2018-06-17 00:00:00 UTC,530,21,244399000,0.2638888888888889
2018-06-17 00:00:00 UTC,530,46,245647000,0.45861111111111108
2018-06-17 00:00:00 UTC,530,52,245071000,0.046944444444444441
2018-06-17 00:00:00 UTC,530,53,245071000,1.0906944444444444
2018-06-17 00:00:00 UTC,530,48,244170146,0.16833333333333331
2018-06-17 00:00:00 UTC,530,49,244633000,0.092916666666666675
2018-06-17 00:00:00 UTC,530,48,244633000,1.6294444444444445
2018-06-17 00:00:00 UTC,530,3,235004610,0.58861111111111108
2018-06-17 00:00:00 UTC,530,50,246145000,1.182638888888889
2018-06-17 00:00:00 UTC,530,1443,273322990,1.3694444444444445
2018-06-17 00:00:00 UTC,530,1444,273322990,1.6402777777777777
2018-06-17 00:00:00 UTC,530,52,244982000,1.1633333333333336
2018-06-17 00:00:00 UTC,530,50,245878000,1.4456944444444448
2018-06-17 00:00:00 UTC,530,-1705,367078130,0.46458333333333329
2018-06-17 00:00:00 UTC,530,-1704,367078130,1.6774999999999998
2018-06-17 00:00:00 UTC,530,-1696,367078130,0.36055555555555552
2018-06-17 00:00:00 UTC,-750,788,412328711,0.14486111111111111
2018-06-17 00:00:00 UTC,-494,-538,440854000,1.6579166666666663
2018-06-17 00:00:00 UTC,-494,-537,440854000,1.3111111111111109
2018-06-17 00:00:00 UTC,-238,361,650217000,0.65
2018-06-17 00:00:00 UTC,-238,360,650217000,0.83277777777777784
2018-06-17 00:00:00 UTC,-238,1525,503648300,2.4629166666666662
2018-06-17 00:00:00 UTC,-238,1524,503648300,5.0498611111111114
2018-06-17 00:00:00 UTC,-238,1754,520019000,3.6329166666666666
2018-06-17 00:00:00 UTC,-238,1753,520019000,0.76430555555555557
2018-06-17 00:00:00 UTC,-238,1755,520019000,4.410277777777778
2018-06-17 00:00:00 UTC,-238,677,412695610,0.52597222222222217
2018-06-17 00:00:00 UTC,-238,678,412695610,0.37777777777777777
2018-06-17 00:00:00 UTC,-238,679,412695610,1.6152777777777776
2018-06-17 00:00:00 UTC,-238,680,412695610,0.84222222222222232
2018-06-17 00:00:00 UTC,-238,502,660000400,4.3909722222222225
2018-06-17 00:00:00 UTC,-238,-1679,416002469,0.65513888888888883
2018-06-17 00:00:00 UTC,-238,501,660005800,1.935
2018-06-17 00:00:00 UTC,-238,131,659470000,1.5843055555555554
2018-06-17 00:00:00 UTC,-238,1620,540002300,0.50499999999999989
2018-06-17 00:00:00 UTC,-238,1619,540002300,0.05541666666666667
2018-06-17 00:00:00 UTC,19,800,664063000,10.004444444444443
2018-06-17 00:00:00 UTC,19,634,416004937,4.994305555555556
2018-06-17 00:00:00 UTC,19,-1525,576956000,0.47847222222222224
2018-06-17 00:00:00 UTC,19,-1524,576956000,0.43611111111111112
2018-06-17 00:00:00 UTC,19,-1523,576956000,0.48958333333333331
2018-06-17 00:00:00 UTC,19,797,416313000,1.350138888888889
2018-06-17 00:00:00 UTC,19,800,416313000,5.1705555555555556
2018-06-17 00:00:00 UTC,19,798,416313000,0.8781944444444445
2018-06-17 00:00:00 UTC,19,-1511,412209076,1.074861111111111
2018-06-17 00:00:00 UTC,19,-1513,412209076,1.3218055555555557
2018-06-17 00:00:00 UTC,19,-1516,412209076,2.8169444444444443
2018-06-17 00:00:00 UTC,19,-1512,412209076,2.0720833333333335
2018-06-17 00:00:00 UTC,19,-1514,412209076,4.77375
2018-06-17 00:00:00 UTC,19,1548,553111743,4.6740277777777779
2018-06-17 00:00:00 UTC,19,1549,553111743,4.785000000000001
2018-06-17 00:00:00 UTC,19,1547,553111743,0.6281944444444445
2018-06-17 00:00:00 UTC,19,-1517,412695770,0.37986111111111109
2018-06-17 00:00:00 UTC,19,685,416004329,2.9269444444444441
2018-06-17 00:00:00 UTC,275,1208,200014615,0.82069444444444439
2018-06-17 00:00:00 UTC,275,1208,412401180,3.8908333333333354
2018-06-17 00:00:00 UTC,275,1206,410900039,0.48
2018-06-17 00:00:00 UTC,275,1216,412414559,0.77916666666666667
2018-06-17 00:00:00 UTC,275,1215,412414559,9.8298611111111089
2018-06-17 00:00:00 UTC,275,1209,415401059,7.0131944444444443
2018-06-17 00:00:00 UTC,275,1207,900018036,0.91763888888888889
2018-06-17 00:00:00 UTC,275,1209,800952721,3.3352777777777773
2018-06-17 00:00:00 UTC,275,1216,110110110,0.20736111111111111
2018-06-17 00:00:00 UTC,275,1215,110110110,6.1245833333333319
2018-06-17 00:00:00 UTC,275,1209,415235748,10.783472222222221
2018-06-17 00:00:00 UTC,275,1483,416001447,0.82930555555555552
2018-06-17 00:00:00 UTC,275,1215,412414649,13.751805555555555
2018-06-17 00:00:00 UTC,275,1216,412414649,17.758333333333336
2018-06-17 00:00:00 UTC,275,1207,912041191,1.7077777777777778
2018-06-17 00:00:00 UTC,275,-1353,367593450,0.93013888888888885
2018-06-17 00:00:00 UTC,275,-1352,367593450,0.62986111111111109
2018-06-17 00:00:00 UTC,275,-1354,367593450,2.05875
2018-06-17 00:00:00 UTC,275,1207,412432886,4.044027777777778
2018-06-17 00:00:00 UTC,275,1216,416003323,16.085694444444449
2018-06-17 00:00:00 UTC,531,16,246485000,1.0766666666666667
2018-06-17 00:00:00 UTC,531,17,246485000,3.4219444444444433
2018-06-17 00:00:00 UTC,531,-49,235000867,4.017777777777777
2018-06-17 00:00:00 UTC,531,-50,235000867,1.887777777777778
2018-06-17 00:00:00 UTC,531,-1303,316004191,1.7847222222222221
2018-06-17 00:00:00 UTC,531,-1304,316004191,0.1488888888888889
2018-06-17 00:00:00 UTC,531,-1312,316004191,1.3962499999999998
2018-06-17 00:00:00 UTC,531,-1301,316004191,0.29958333333333337
2018-06-17 00:00:00 UTC,531,51,245894000,0.26680555555555557
2018-06-17 00:00:00 UTC,531,-144,228067700,5.4393055555555554
2018-06-17 00:00:00 UTC,531,53,245071000,0.5804166666666668
2018-06-17 00:00:00 UTC,531,1517,273385130,0.57708333333333339
2018-06-17 00:00:00 UTC,531,1516,273385130,0.97541666666666682
2018-06-17 00:00:00 UTC,531,1518,273385130,0.58416666666666672
2018-06-17 00:00:00 UTC,531,-1701,367078130,0.25180555555555556
2018-06-17 00:00:00 UTC,531,-1702,367078130,1.5365277777777779
2018-06-17 00:00:00 UTC,-749,789,412328711,0.10444444444444444
2018-06-17 00:00:00 UTC,-237,360,650217000,0.54958333333333331
2018-06-17 00:00:00 UTC,-237,359,650217000,3.279583333333334
2018-06-17 00:00:00 UTC,-237,1524,503648300,2.7122222222222225
2018-06-17 00:00:00 UTC,-237,1752,520019000,1.1986111111111111
2018-06-17 00:00:00 UTC,-237,1750,520019000,1.3804166666666666
2018-06-17 00:00:00 UTC,-237,677,412695610,3.3970833333333337
2018-06-17 00:00:00 UTC,-237,679,412695610,1.1322222222222222
2018-06-17 00:00:00 UTC,-237,678,412695610,0.71763888888888883
2018-06-17 00:00:00 UTC,-237,680,412695610,0.58555555555555561
2018-06-17 00:00:00 UTC,-237,-1693,416003676,2.99625
2018-06-17 00:00:00 UTC,-237,-1679,416002469,0.91666666666666674
2018-06-17 00:00:00 UTC,-237,500,660005800,0.47916666666666663
2018-06-17 00:00:00 UTC,-237,499,660005800,1.4325
2018-06-17 00:00:00 UTC,-237,131,659470000,5.1220833333333333
2018-06-17 00:00:00 UTC,-237,1618,540002300,0.23638888888888887
2018-06-17 00:00:00 UTC,-237,1619,540002300,0.69694444444444448
2018-06-17 00:00:00 UTC,20,1457,548938000,0.39152777777777781
2018-06-17 00:00:00 UTC,20,1554,510067000,0.71430555555555564
2018-06-17 00:00:00 UTC,20,1555,510067000,7.4879166666666679
2018-06-17 00:00:00 UTC,20,634,416004937,2.1005555555555553
2018-06-17 00:00:00 UTC,20,-1523,576956000,0.255
2018-06-17 00:00:00 UTC,20,-1522,576956000,1.1016666666666666
2018-06-17 00:00:00 UTC,20,-1511,412209076,0.33347222222222223
2018-06-17 00:00:00 UTC,20,-1512,412209076,2.0930555555555554
2018-06-17 00:00:00 UTC,20,-1515,412209076,0.49958333333333327
2018-06-17 00:00:00 UTC,20,-1513,412209076,4.3184722222222218
2018-06-17 00:00:00 UTC,20,-1516,412209076,3.723611111111111
2018-06-17 00:00:00 UTC,20,-1514,412209076,0.81097222222222221
2018-06-17 00:00:00 UTC,20,1549,553111743,3.4723611111111108
2018-06-17 00:00:00 UTC,20,-1519,412695770,0.57750000000000012
2018-06-17 00:00:00 UTC,20,-1521,412695770,0.19180555555555556
2018-06-17 00:00:00 UTC,20,-1520,412695770,0.53972222222222221
2018-06-17 00:00:00 UTC,20,-1517,412695770,0.84958333333333336
2018-06-17 00:00:00 UTC,20,-1518,412695770,0.5081944444444445
2018-06-17 00:00:00 UTC,20,685,416004329,1.7397222222222224
2018-06-17 00:00:00 UTC,20,684,416004329,2.1272222222222221
2018-06-17 00:00:00 UTC,20,672,416002282,11.357777777777777
2018-06-17 00:00:00 UTC,276,1206,410900039,0.15152777777777776
2018-06-17 00:00:00 UTC,276,1212,412395854,9.1379166666666727
2018-06-17 00:00:00 UTC,276,1215,412414559,12.823749999999999
2018-06-17 00:00:00 UTC,276,1216,412414559,0.56625
2018-06-17 00:00:00 UTC,276,-1464,367681130,1.5258333333333334
2018-06-17 00:00:00 UTC,276,1209,800952721,0.083472222222222225
2018-06-17 00:00:00 UTC,276,1216,110110110,2.2697222222222226
2018-06-17 00:00:00 UTC,276,1215,110110110,11.757777777777779
2018-06-17 00:00:00 UTC,276,1207,912041191,2.6550000000000007
2018-06-17 00:00:00 UTC,532,52,245408000,0.99736111111111125
2018-06-17 00:00:00 UTC,532,16,246485000,0.54541666666666666
2018-06-17 00:00:00 UTC,532,19,246485000,1.2736111111111112
2018-06-17 00:00:00 UTC,532,18,246485000,0.56236111111111109
2018-06-17 00:00:00 UTC,532,17,246485000,1.4830555555555556
2018-06-17 00:00:00 UTC,532,51,244277000,0.65152777777777782
2018-06-17 00:00:00 UTC,532,52,244586000,0.79708333333333337
2018-06-17 00:00:00 UTC,532,51,244630064,0.52708333333333335
2018-06-17 00:00:00 UTC,532,52,244710206,0.32486111111111116
2018-06-17 00:00:00 UTC,532,51,244710206,0.090972222222222232
2018-06-17 00:00:00 UTC,532,52,245416000,0.94888888888888889
2018-06-17 00:00:00 UTC,532,51,244810070,0.26444444444444448
2018-06-17 00:00:00 UTC,532,52,244810070,0.40375
2018-06-17 00:00:00 UTC,532,-1306,316004191,0.015833333333333331
2018-06-17 00:00:00 UTC,532,-1304,316004191,0.22666666666666668
2018-06-17 00:00:00 UTC,532,51,244572000,0.72166666666666668
2018-06-17 00:00:00 UTC,532,51,245894000,0.47111111111111115
2018-06-17 00:00:00 UTC,532,51,245766000,1.4276388888888889
2018-06-17 00:00:00 UTC,532,51,246150000,0.49958333333333338
2018-06-17 00:00:00 UTC,532,-143,228067700,2.90375
2018-06-17 00:00:00 UTC,532,-144,228067700,4.597083333333333
2018-06-17 00:00:00 UTC,532,-1328,316018816,2.3176388888888888
2018-06-17 00:00:00 UTC,532,-1327,316018816,12.11472222222222
2018-06-17 00:00:00 UTC,532,52,245456000,0.69652777777777775
2018-06-17 00:00:00 UTC,532,51,244293000,0.41861111111111116
2018-06-17 00:00:00 UTC,532,52,246372000,0.44499999999999995
2018-06-17 00:00:00 UTC,532,51,246372000,0.50930555555555557
2018-06-17 00:00:00 UTC,532,53,246052000,0.083194444444444432
2018-06-17 00:00:00 UTC,532,52,246052000,0.77486111111111122
2018-06-17 00:00:00 UTC,532,51,246105000,0.41777777777777775
2018-06-17 00:00:00 UTC,532,52,246105000,0.59749999999999992
2018-06-17 00:00:00 UTC,532,1518,273385130,0.51777777777777767
2018-06-17 00:00:00 UTC,532,52,246104000,0.69375000000000009
2018-06-17 00:00:00 UTC,532,51,244620000,0.92847222222222214
2018-06-17 00:00:00 UTC,532,52,244609000,0.47916666666666663
2018-06-17 00:00:00 UTC,-748,789,412328711,0.14555555555555555
2018-06-17 00:00:00 UTC,-492,-541,440854000,1.8654166666666667
2018-06-17 00:00:00 UTC,-492,-540,440854000,0.1986111111111111
2018-06-17 00:00:00 UTC,-236,-437,717800744,0.83652777777777776
2018-06-17 00:00:00 UTC,-236,-439,717800744,2.0556944444444447
2018-06-17 00:00:00 UTC,-236,-438,717800744,10.685833333333333
2018-06-17 00:00:00 UTC,-236,1523,503648300,2.0834722222222224
2018-06-17 00:00:00 UTC,-236,677,412695610,1.4405555555555556
2018-06-17 00:00:00 UTC,-236,680,412695610,0.74833333333333329
2018-06-17 00:00:00 UTC,-236,678,412695610,3.3188888888888894
2018-06-17 00:00:00 UTC,-236,679,412695610,1.8390277777777775
2018-06-17 00:00:00 UTC,-236,-1692,416003676,4.0109722222222226
2018-06-17 00:00:00 UTC,-236,-1693,416003676,1.46625
2018-06-17 00:00:00 UTC,-236,-1679,416002469,0.39083333333333331
2018-06-17 00:00:00 UTC,-236,-1681,416002469,0.62583333333333324
2018-06-17 00:00:00 UTC,-236,-1680,416002469,0.7155555555555555
2018-06-17 00:00:00 UTC,-236,-1682,416002469,3.5429166666666667
2018-06-17 00:00:00 UTC,-236,497,660005800,2.8616666666666668
2018-06-17 00:00:00 UTC,-236,1615,540002300,1.3475
2018-06-17 00:00:00 UTC,21,1458,548938000,5.6733333333333338
2018-06-17 00:00:00 UTC,21,1508,416000301,6.0740277777777765
2018-06-17 00:00:00 UTC,21,-1512,412694830,5.7672222222222222
2018-06-17 00:00:00 UTC,21,-1514,412694830,3.5501388888888887
2018-06-17 00:00:00 UTC,21,-1515,412694830,4.422361111111111
2018-06-17 00:00:00 UTC,21,-1524,412694840,1.4672222222222224
2018-06-17 00:00:00 UTC,21,-1528,412694840,0.92902777777777779
2018-06-17 00:00:00 UTC,21,-1519,412694840,0.67736111111111108
2018-06-17 00:00:00 UTC,21,-1526,412694840,1.8748611111111111
2018-06-17 00:00:00 UTC,21,-1523,412694840,1.3729166666666666
2018-06-17 00:00:00 UTC,21,-1522,412694840,0.47013888888888894
2018-06-17 00:00:00 UTC,21,-1521,412694840,4.6956944444444462
2018-06-17 00:00:00 UTC,21,-1527,412694840,0.34902777777777777
2018-06-17 00:00:00 UTC,21,-1525,412694840,1.6669444444444443
2018-06-17 00:00:00 UTC,21,636,416004937,0.87208333333333332
2018-06-17 00:00:00 UTC,21,637,416004937,4.7866666666666671
2018-06-17 00:00:00 UTC,21,638,416004937,7.2233333333333327
2018-06-17 00:00:00 UTC,21,639,416004937,0.59375
2018-06-17 00:00:00 UTC,21,-1521,576956000,3.3751388888888889
2018-06-17 00:00:00 UTC,21,-1647,440772000,0.73375
2018-06-17 00:00:00 UTC,21,-1521,412695770,2.8683333333333345
2018-06-17 00:00:00 UTC,21,689,416004329,9.4366666666666674
2018-06-17 00:00:00 UTC,21,685,416004329,1.19
2018-06-17 00:00:00 UTC,21,688,416004329,0.59944444444444445
2018-06-17 00:00:00 UTC,21,687,416004329,2.82125
2018-06-17 00:00:00 UTC,21,686,416004329,2.5195833333333333
2018-06-17 00:00:00 UTC,21,672,416002282,11.040833333333333
2018-06-17 00:00:00 UTC,277,1211,412430873,1.9500000000000002
2018-06-17 00:00:00 UTC,277,-158,224441930,3.2052777777777779
2018-06-17 00:00:00 UTC,277,-1457,367385940,3.5670833333333332
2018-06-17 00:00:00 UTC,277,1206,412430685,0.49999999999999994
2018-06-17 00:00:00 UTC,277,1215,412438887,9.6395833333333325
2018-06-17 00:00:00 UTC,277,-1464,367681130,0.79041666666666677
2018-06-17 00:00:00 UTC,277,1206,412431776,1.368611111111111
2018-06-17 00:00:00 UTC,277,1211,412430771,0.4406944444444445
2018-06-17 00:00:00 UTC,277,1211,412430772,0.3898611111111111
2018-06-17 00:00:00 UTC,277,1213,415230145,6.8815277777777784
2018-06-17 00:00:00 UTC,277,1477,416002291,2.1181944444444443
2018-06-17 00:00:00 UTC,533,18,246485000,1.1437499999999998
2018-06-17 00:00:00 UTC,533,17,246485000,0.83652777777777776
2018-06-17 00:00:00 UTC,533,19,246485000,0.45361111111111113
2018-06-17 00:00:00 UTC,533,49,244211000,0.066944444444444445
2018-06-17 00:00:00 UTC,533,-59,250004287,1.0698611111111112
2018-06-17 00:00:00 UTC,533,52,244957000,1.6891666666666667
2018-06-17 00:00:00 UTC,533,53,246055000,1.1558333333333328
2018-06-17 00:00:00 UTC,533,52,246055000,0.54541666666666666
2018-06-17 00:00:00 UTC,533,-1306,316004191,0.48319444444444448
2018-06-17 00:00:00 UTC,533,-1304,316004191,1.9975
2018-06-17 00:00:00 UTC,533,-1303,316004191,2.3676388888888886
2018-06-17 00:00:00 UTC,533,51,245766000,0.041666666666666664
2018-06-17 00:00:00 UTC,533,-143,228067700,4.8654166666666665
2018-06-17 00:00:00 UTC,533,53,245552000,0.41263888888888889
2018-06-17 00:00:00 UTC,533,52,245552000,1.0668055555555556
2018-06-17 00:00:00 UTC,789,86,273451570,0.10930555555555556
2018-06-17 00:00:00 UTC,-235,-436,717800744,4.6005555555555553
2018-06-17 00:00:00 UTC,-235,-437,717800744,6.0652777777777773
2018-06-17 00:00:00 UTC,-235,1523,503648300,0.99194444444444441
2018-06-17 00:00:00 UTC,-235,-1682,416002469,0.39347222222222222
2018-06-17 00:00:00 UTC,-235,496,660005800,4.8126388888888894
2018-06-17 00:00:00 UTC,-235,488,660000700,3.1083333333333334
2018-06-17 00:00:00 UTC,-235,1134,503050690,3.2413888888888889
2018-06-17 00:00:00 UTC,-235,1135,503050690,1.6195833333333334
2018-06-17 00:00:00 UTC,-235,1617,540002300,0.41833333333333333
2018-06-17 00:00:00 UTC,22,1458,548938000,1.9804166666666667
2018-06-17 00:00:00 UTC,22,666,416002847,7.7520833333333341
2018-06-17 00:00:00 UTC,22,1508,416000301,1.0026388888888889
2018-06-17 00:00:00 UTC,22,1507,416000301,1.3249999999999997
2018-06-17 00:00:00 UTC,22,-1514,412694830,1.0322222222222224
2018-06-17 00:00:00 UTC,22,-1516,412694830,8.8327777777777783
2018-06-17 00:00:00 UTC,22,-1512,412694830,0.4555555555555556
2018-06-17 00:00:00 UTC,22,-1513,412694830,0.93638888888888894
2018-06-17 00:00:00 UTC,22,640,416000303,4.6969444444444441
2018-06-17 00:00:00 UTC,22,-58,627996000,2.6554166666666665
2018-06-17 00:00:00 UTC,22,792,416101800,3.3748611111111111
2018-06-17 00:00:00 UTC,22,1498,416001225,0.60819444444444448
2018-06-17 00:00:00 UTC,22,1749,538060004,0.808888888888889
2018-06-17 00:00:00 UTC,278,1211,412430873,12.790694444444442
2018-06-17 00:00:00 UTC,278,1211,412430875,7.6519444444444442
2018-06-17 00:00:00 UTC,278,-1603,367330610,1.1622222222222223
2018-06-17 00:00:00 UTC,278,-1605,367330610,0.54986111111111113
2018-06-17 00:00:00 UTC,278,-1604,367330610,1.6105555555555555
2018-06-17 00:00:00 UTC,278,-1457,367385940,3.4523611111111108
2018-06-17 00:00:00 UTC,278,1215,412438887,10.239027777777778
2018-06-17 00:00:00 UTC,278,1213,412438887,0.29180555555555554
2018-06-17 00:00:00 UTC,278,1212,412438887,0.34166666666666667
2018-06-17 00:00:00 UTC,278,1214,412438887,0.5065277777777778
2018-06-17 00:00:00 UTC,278,-1463,367681130,1.0433333333333332
2018-06-17 00:00:00 UTC,278,1211,412430771,8.19361111111111
2018-06-17 00:00:00 UTC,278,1211,412430772,1.955
2018-06-17 00:00:00 UTC,278,1211,412430778,4.6031944444444468
2018-06-17 00:00:00 UTC,278,1211,412430781,5.0865277777777784
2018-06-17 00:00:00 UTC,278,1211,412430059,1.682638888888889
2018-06-17 00:00:00 UTC,278,1468,416002291,5.4856944444444444
2018-06-17 00:00:00 UTC,278,1474,416002291,3.4248611111111114
2018-06-17 00:00:00 UTC,534,-1300,503045670,11.778472222222224
2018-06-17 00:00:00 UTC,534,60,245544000,0.89027777777777772
2018-06-17 00:00:00 UTC,534,-124,225341000,3.8270833333333334
2018-06-17 00:00:00 UTC,534,-125,225341000,1.75
2018-06-17 00:00:00 UTC,534,-126,225341000,0.74611111111111117
2018-06-17 00:00:00 UTC,534,-125,235215000,2.709027777777778
2018-06-17 00:00:00 UTC,534,-124,235215000,3.9834722222222219
2018-06-17 00:00:00 UTC,534,-126,224492000,1.1676388888888889
2018-06-17 00:00:00 UTC,534,-124,224492000,3.8209722222222222
2018-06-17 00:00:00 UTC,534,60,244108000,0.09930555555555555
2018-06-17 00:00:00 UTC,534,61,244108000,0.72472222222222216
2018-06-17 00:00:00 UTC,-234,1523,503648300,1.9484722222222222
2018-06-17 00:00:00 UTC,-234,-1691,416003676,3.0477777777777777
2018-06-17 00:00:00 UTC,-234,1615,540001900,0.079027777777777766
2018-06-17 00:00:00 UTC,-234,1614,540001900,1.2524999999999997
2018-06-17 00:00:00 UTC,-234,1626,540005000,2.14125
2018-06-17 00:00:00 UTC,-234,487,660000700,5.5293055555555553
2018-06-17 00:00:00 UTC,23,665,416002847,4.4436111111111112
2018-06-17 00:00:00 UTC,23,666,416002847,4.2880555555555553
2018-06-17 00:00:00 UTC,23,-1517,368489000,1.108888888888889
2018-06-17 00:00:00 UTC,23,-1518,368489000,5.8606944444444453
2018-06-17 00:00:00 UTC,23,1506,416000301,0.49486111111111114
2018-06-17 00:00:00 UTC,23,1507,416000301,1.3951388888888889
2018-06-17 00:00:00 UTC,23,640,416000303,1.554861111111111
2018-06-17 00:00:00 UTC,23,641,416000303,1.6749999999999998
2018-06-17 00:00:00 UTC,23,-1527,412694840,0.67291666666666661
2018-06-17 00:00:00 UTC,23,638,416004937,3.4995833333333337
2018-06-17 00:00:00 UTC,23,-59,627996000,0.54708333333333337
2018-06-17 00:00:00 UTC,23,-56,627996000,0.40430555555555558
2018-06-17 00:00:00 UTC,23,-57,627996000,0.75625
2018-06-17 00:00:00 UTC,23,-60,627996000,0.85430555555555554
2018-06-17 00:00:00 UTC,23,-58,627996000,0.38972222222222219
2018-06-17 00:00:00 UTC,23,-853,735057523,22.540416666666665
2018-06-17 00:00:00 UTC,23,1468,416002441,3.8175
2018-06-17 00:00:00 UTC,23,1470,416002441,3.408611111111111
2018-06-17 00:00:00 UTC,23,-1640,440772000,0.98652777777777778
2018-06-17 00:00:00 UTC,23,-1641,440772000,1.5545833333333332
2018-06-17 00:00:00 UTC,23,-1642,440772000,0.78652777777777771
2018-06-17 00:00:00 UTC,23,1498,416001225,0.90680555555555553
2018-06-17 00:00:00 UTC,23,1750,538060004,1.6193055555555556
2018-06-17 00:00:00 UTC,23,1749,538060004,1.0876388888888888
2018-06-17 00:00:00 UTC,279,1211,412430875,7.4250000000000007
2018-06-17 00:00:00 UTC,279,1212,412430875,1.625
2018-06-17 00:00:00 UTC,279,1212,412430878,4.0305555555555559
2018-06-17 00:00:00 UTC,279,1211,412430878,5.2894444444444435
2018-06-17 00:00:00 UTC,279,1211,412430891,0.78291666666666671
2018-06-17 00:00:00 UTC,279,-1601,367330610,1.9269444444444446
2018-06-17 00:00:00 UTC,279,-1605,367330610,0.41611111111111115
2018-06-17 00:00:00 UTC,279,-1602,367330610,1.3918055555555555
2018-06-17 00:00:00 UTC,279,1212,412434226,1.5855555555555554
2018-06-17 00:00:00 UTC,279,1211,412430145,11.856250000000003
2018-06-17 00:00:00 UTC,279,1212,412430145,1.2506944444444443
2018-06-17 00:00:00 UTC,279,1210,412430145,8.27361111111111
2018-06-17 00:00:00 UTC,279,1217,412411719,2.4249999999999994
2018-06-17 00:00:00 UTC,279,1212,412434258,0.47388888888888886
2018-06-17 00:00:00 UTC,279,1211,412434259,1.0468055555555555
2018-06-17 00:00:00 UTC,279,1212,412434259,1.1883333333333332
2018-06-17 00:00:00 UTC,279,-1457,367385940,2.6847222222222222
2018-06-17 00:00:00 UTC,279,-1463,367681130,0.88833333333333342
2018-06-17 00:00:00 UTC,279,-173,224156290,0.77569444444444446
2018-06-17 00:00:00 UTC,279,1212,412430779,3.8500000000000028
2018-06-17 00:00:00 UTC,279,1211,412430779,3.9315277777777795
2018-06-17 00:00:00 UTC,279,1212,412430059,10.268472222222222
2018-06-17 00:00:00 UTC,279,1211,412430059,1.0355555555555556
2018-06-17 00:00:00 UTC,279,1469,416002291,1.4080555555555554
2018-06-17 00:00:00 UTC,279,1472,416002291,7.3208333333333337
2018-06-17 00:00:00 UTC,279,-1395,367320820,1.0666666666666669
2018-06-17 00:00:00 UTC,535,-58,235093015,3.8069444444444445
2018-06-17 00:00:00 UTC,535,-123,225341000,1.8434722222222224
2018-06-17 00:00:00 UTC,535,-122,225341000,3.6609722222222225
2018-06-17 00:00:00 UTC,535,63,244806000,0.13611111111111113
2018-06-17 00:00:00 UTC,535,69,211493000,0.57597222222222222
2018-06-17 00:00:00 UTC,535,-124,235215000,1.4570833333333333
2018-06-17 00:00:00 UTC,535,-123,235215000,3.8225000000000002
2018-06-17 00:00:00 UTC,535,-121,235215000,2.2216666666666667
2018-06-17 00:00:00 UTC,535,-122,235215000,6.9066666666666654
2018-06-17 00:00:00 UTC,535,60,244175000,0.14472222222222222
2018-06-17 00:00:00 UTC,535,61,244175000,0.54833333333333334
2018-06-17 00:00:00 UTC,535,63,244686000,0.26749999999999996
2018-06-17 00:00:00 UTC,535,1513,273338570,0.61916666666666653
2018-06-17 00:00:00 UTC,535,1514,273338570,1.2638888888888891
2018-06-17 00:00:00 UTC,535,-123,224492000,3.3370833333333336
2018-06-17 00:00:00 UTC,535,-122,224492000,5.5341666666666667
2018-06-17 00:00:00 UTC,535,-121,224492000,3.9363888888888887
2018-06-17 00:00:00 UTC,-233,1523,503648300,0.5476388888888889
2018-06-17 00:00:00 UTC,-233,-1691,416003676,1.0329166666666665
2018-06-17 00:00:00 UTC,-233,1612,540001900,3.8008333333333346
2018-06-17 00:00:00 UTC,-233,1613,540001900,1.4474999999999993
2018-06-17 00:00:00 UTC,-233,1626,540005000,0.6973611111111111
2018-06-17 00:00:00 UTC,-233,1625,540005000,0.42958333333333332
2018-06-17 00:00:00 UTC,-233,-1705,520171000,0.7481944444444445
2018-06-17 00:00:00 UTC,-233,-1714,520171000,2.5838888888888887
2018-06-17 00:00:00 UTC,-233,-1712,520171000,0.60513888888888889
2018-06-17 00:00:00 UTC,-233,-1713,520171000,0.79375
2018-06-17 00:00:00 UTC,24,-1523,413300480,2.0383333333333331
2018-06-17 00:00:00 UTC,24,-1524,413300480,2.3488888888888888
2018-06-17 00:00:00 UTC,24,-1522,413300480,0.59861111111111109
2018-06-17 00:00:00 UTC,24,666,416002847,2.4372222222222222
2018-06-17 00:00:00 UTC,24,-1518,368489000,1.2579166666666666
2018-06-17 00:00:00 UTC,24,-1519,368489000,1.725972222222222
2018-06-17 00:00:00 UTC,24,1506,416000301,1.5972222222222223
2018-06-17 00:00:00 UTC,24,639,416000303,0.63916666666666666
2018-06-17 00:00:00 UTC,24,640,416000303,1.1066666666666667
2018-06-17 00:00:00 UTC,24,-1434,416086600,0.78847222222222224
2018-06-17 00:00:00 UTC,24,-1435,416086600,4.113611111111112
2018-06-17 00:00:00 UTC,24,-57,627996000,0.32527777777777778
2018-06-17 00:00:00 UTC,24,-60,627996000,0.57930555555555563
2018-06-17 00:00:00 UTC,24,-56,627996000,4.337361111111111
2018-06-17 00:00:00 UTC,24,-24,227835000,0.64875
2018-06-17 00:00:00 UTC,24,1470,416002441,1.3377777777777777
2018-06-17 00:00:00 UTC,24,1469,416002441,1.0247222222222221
2018-06-17 00:00:00 UTC,24,1467,416002441,1.3445833333333332
2018-06-17 00:00:00 UTC,24,1468,416002441,0.59611111111111115
2018-06-17 00:00:00 UTC,24,-1,627066000,0.27069444444444446
2018-06-17 00:00:00 UTC,24,-1643,440772000,1.6941666666666662
2018-06-17 00:00:00 UTC,24,-1642,440772000,1.2052777777777777
2018-06-17 00:00:00 UTC,24,1555,553111712,0.30124999999999996
2018-06-17 00:00:00 UTC,24,1412,416213700,5.1666666666666661
2018-06-17 00:00:00 UTC,24,1411,416213700,1.3744444444444444
2018-06-17 00:00:00 UTC,24,1498,416001225,1.9665277777777777
2018-06-17 00:00:00 UTC,24,1750,538060004,3.6509722222222218
2018-06-17 00:00:00 UTC,280,1571,416001799,7.0365277777777777
2018-06-17 00:00:00 UTC,280,1210,412434225,1.6715277777777775
2018-06-17 00:00:00 UTC,280,-1601,367330610,0.71666666666666667
2018-06-17 00:00:00 UTC,280,-1600,367330610,1.6277777777777775
2018-06-17 00:00:00 UTC,280,1210,412434226,1.7891666666666666
2018-06-17 00:00:00 UTC,280,1211,412434226,0.24541666666666667
2018-06-17 00:00:00 UTC,280,1212,412434226,0.083333333333333329
2018-06-17 00:00:00 UTC,280,1210,412434229,0.20833333333333331
2018-06-17 00:00:00 UTC,280,1210,412434231,0.84472222222222226
2018-06-17 00:00:00 UTC,280,1210,412434232,0.65194444444444444
2018-06-17 00:00:00 UTC,280,1211,412434232,1.5745833333333339
2018-06-17 00:00:00 UTC,280,1210,412430145,6.9584722222222224
2018-06-17 00:00:00 UTC,280,1211,412430145,0.19180555555555556
2018-06-17 00:00:00 UTC,280,1576,416001355,6.2594444444444441
2018-06-17 00:00:00 UTC,280,1290,432850000,0.25152777777777779
2018-06-17 00:00:00 UTC,280,1212,412434258,1.3594444444444445
2018-06-17 00:00:00 UTC,280,1211,412434258,0.35055555555555551
2018-06-17 00:00:00 UTC,280,1210,412434258,0.4625
2018-06-17 00:00:00 UTC,280,-1458,367385940,1.1666666666666667
2018-06-17 00:00:00 UTC,280,1212,412414558,0.29777777777777781
2018-06-17 00:00:00 UTC,280,-1463,367681130,1.5144444444444445
2018-06-17 00:00:00 UTC,280,-1469,367681130,0.75194444444444453
2018-06-17 00:00:00 UTC,280,1213,412414589,1.703888888888889
2018-06-17 00:00:00 UTC,280,1210,412414669,0.82333333333333336
2018-06-17 00:00:00 UTC,280,1470,416002291,0.69652777777777775
2018-06-17 00:00:00 UTC,280,1471,416002291,2.5872222222222225
2018-06-17 00:00:00 UTC,280,1469,416002291,0.61763888888888885
2018-06-17 00:00:00 UTC,280,-1396,367320820,3.0515277777777783
2018-06-17 00:00:00 UTC,280,-1395,367320820,0.15902777777777777
2018-06-17 00:00:00 UTC,280,1491,416002298,0.19680555555555557
2018-06-17 00:00:00 UTC,280,1213,412414714,5.7647222222222219
2018-06-17 00:00:00 UTC,280,1212,412414714,0.82499999999999984
2018-06-17 00:00:00 UTC,280,1213,412414715,4.4333333333333353
2018-06-17 00:00:00 UTC,280,1212,412414715,1.175
2018-06-17 00:00:00 UTC,536,-35,235103745,0.34166666666666667
2018-06-17 00:00:00 UTC,536,-34,235103745,6.666944444444443
2018-06-17 00:00:00 UTC,536,-58,235093015,4.4980555555555561
2018-06-17 00:00:00 UTC,536,-60,235093015,1.8269444444444443
2018-06-17 00:00:00 UTC,536,70,211313780,1.0944444444444443
2018-06-17 00:00:00 UTC,536,70,211292280,0.99847222222222209
2018-06-17 00:00:00 UTC,536,70,211131000,1.6648611111111113
2018-06-17 00:00:00 UTC,536,69,211493000,0.6331944444444445
2018-06-17 00:00:00 UTC,536,67,211493000,0.28555555555555556
2018-06-17 00:00:00 UTC,536,68,211493000,10.955138888888889
2018-06-17 00:00:00 UTC,536,69,211492000,2.0666666666666664
2018-06-17 00:00:00 UTC,536,70,211492000,1.1072222222222221
2018-06-17 00:00:00 UTC,536,19,235004900,6.6704166666666653
2018-06-17 00:00:00 UTC,-232,-411,710111003,8.8590277777777739
2018-06-17 00:00:00 UTC,-232,-412,710111003,1.699861111111111
2018-06-17 00:00:00 UTC,-232,-1691,416003676,0.68208333333333337
2018-06-17 00:00:00 UTC,-232,-1711,520171000,2.8073611111111112
2018-06-17 00:00:00 UTC,-232,-1713,520171000,3.5955555555555554
2018-06-17 00:00:00 UTC,-232,-1710,520171000,1.9202777777777778
2018-06-17 00:00:00 UTC,-232,-1709,520171000,0.59402777777777782
2018-06-17 00:00:00 UTC,-232,-1712,520171000,3.1468055555555559
2018-06-17 00:00:00 UTC,-232,1615,540002300,0.097638888888888886
2018-06-17 00:00:00 UTC,25,-1523,413300480,0.84583333333333321
2018-06-17 00:00:00 UTC,25,-1522,413300480,2.1631944444444446
2018-06-17 00:00:00 UTC,25,665,416002847,1.7138888888888888
2018-06-17 00:00:00 UTC,25,666,416002847,2.6576388888888887
2018-06-17 00:00:00 UTC,25,1478,416226600,5.3393055555555557
2018-06-17 00:00:00 UTC,25,1506,416000301,1.3731944444444444
2018-06-17 00:00:00 UTC,25,1505,416000301,0.45694444444444443
2018-06-17 00:00:00 UTC,25,640,416000303,1.4234722222222222
2018-06-17 00:00:00 UTC,25,-1433,416086600,1.2194444444444446
2018-06-17 00:00:00 UTC,25,-60,627996000,2.6734722222222218
2018-06-17 00:00:00 UTC,25,-24,227835000,4.1759722222222209
2018-06-17 00:00:00 UTC,25,658,416218500,2.5061111111111112
2018-06-17 00:00:00 UTC,25,1469,416002441,1.0959722222222223
2018-06-17 00:00:00 UTC,25,1470,416002441,2.3590277777777775
2018-06-17 00:00:00 UTC,25,1468,416002441,1.4830555555555556
2018-06-17 00:00:00 UTC,25,-1,627066000,0.79833333333333334
2018-06-17 00:00:00 UTC,25,1466,416211600,4.59263888888889
2018-06-17 00:00:00 UTC,25,1465,416211600,3.1701388888888888
2018-06-17 00:00:00 UTC,25,1467,416211600,2.1108333333333338
2018-06-17 00:00:00 UTC,25,1468,416211600,1.2043055555555555
2018-06-17 00:00:00 UTC,25,-1644,440772000,1.0138888888888888
2018-06-17 00:00:00 UTC,25,1412,416213700,5.269166666666667
2018-06-17 00:00:00 UTC,25,1501,416001225,6.2058333333333335
2018-06-17 00:00:00 UTC,25,1500,416001225,4.4598611111111115
2018-06-17 00:00:00 UTC,25,1499,416001225,4.7193055555555548
2018-06-17 00:00:00 UTC,25,1411,416000228,2.8981944444444445
2018-06-17 00:00:00 UTC,25,1412,416000228,1.2969444444444445
2018-06-17 00:00:00 UTC,25,1413,416000228,3.8186111111111112
2018-06-17 00:00:00 UTC,25,1466,416004339,4.5638888888888891
2018-06-17 00:00:00 UTC,25,1467,416004339,0.85388888888888892
2018-06-17 00:00:00 UTC,281,1571,416001799,0.87013888888888913
2018-06-17 00:00:00 UTC,281,1214,412411913,1.655416666666667
2018-06-17 00:00:00 UTC,281,1213,412411913,0.16888888888888889
2018-06-17 00:00:00 UTC,281,1587,416000013,10.576666666666666
2018-06-17 00:00:00 UTC,281,1211,412434223,0.91263888888888889
2018-06-17 00:00:00 UTC,281,1211,412434224,1.5490277777777781
2018-06-17 00:00:00 UTC,281,1210,412434225,2.7955555555555565
2018-06-17 00:00:00 UTC,281,1211,412434225,1.6911111111111108
2018-06-17 00:00:00 UTC,281,-1600,367330610,0.89611111111111119
2018-06-17 00:00:00 UTC,281,-1599,367330610,1.500277777777778
2018-06-17 00:00:00 UTC,281,1210,412434226,1.6004166666666666
2018-06-17 00:00:00 UTC,281,1211,412434227,9.7527777777777782
2018-06-17 00:00:00 UTC,281,1210,412434227,1.899861111111111
2018-06-17 00:00:00 UTC,281,1210,412434229,0.96222222222222231
2018-06-17 00:00:00 UTC,281,1211,412434229,2.8213888888888889
2018-06-17 00:00:00 UTC,281,1210,412434231,1.8127777777777778
2018-06-17 00:00:00 UTC,281,1211,412434231,9.7329166666666662
2018-06-17 00:00:00 UTC,281,1210,412434232,1.3922222222222222
2018-06-17 00:00:00 UTC,281,1211,412434232,1.6583333333333332
2018-06-17 00:00:00 UTC,281,1576,416001355,0.79125
2018-06-17 00:00:00 UTC,281,1303,431600460,9.20888888888889
2018-06-17 00:00:00 UTC,281,1290,432850000,2.0176388888888885
2018-06-17 00:00:00 UTC,281,1211,412434258,3.4183333333333339
2018-06-17 00:00:00 UTC,281,1210,412434258,0.49374999999999997
2018-06-17 00:00:00 UTC,281,1211,412434259,4.6545833333333331
2018-06-17 00:00:00 UTC,281,-1458,367385940,2.3499999999999996
2018-06-17 00:00:00 UTC,281,-1468,367681130,1.2891666666666661
2018-06-17 00:00:00 UTC,281,-1467,367681130,1.5326388888888889
2018-06-17 00:00:00 UTC,281,1213,412414589,1.2025
2018-06-17 00:00:00 UTC,281,1213,170000000,12.264722222222217
2018-06-17 00:00:00 UTC,281,-169,224156290,2.35361111111111
2018-06-17 00:00:00 UTC,281,1211,900017287,1.4011111111111112
2018-06-17 00:00:00 UTC,281,1214,412414623,2.6666666666666665
2018-06-17 00:00:00 UTC,281,1213,412414623,1.4749999999999999
2018-06-17 00:00:00 UTC,281,1211,412414669,2.263749999999999
2018-06-17 00:00:00 UTC,281,1214,200022223,0.20430555555555555
2018-06-17 00:00:00 UTC,281,1213,412419036,0.97583333333333333
2018-06-17 00:00:00 UTC,281,1471,416002291,0.16819444444444442
2018-06-17 00:00:00 UTC,281,-1397,367320820,0.95555555555555549
2018-06-17 00:00:00 UTC,281,1491,416002298,0.11361111111111111
2018-06-17 00:00:00 UTC,281,1490,416002298,0.53305555555555562
2018-06-17 00:00:00 UTC,537,74,211104000,1.8869444444444441
2018-06-17 00:00:00 UTC,537,71,211104000,2.4656944444444449
2018-06-17 00:00:00 UTC,537,72,211104000,3.4508333333333336
2018-06-17 00:00:00 UTC,537,73,211104000,1.5002777777777778
2018-06-17 00:00:00 UTC,537,-35,235103745,8.3288888888888888
2018-06-17 00:00:00 UTC,537,-33,235103745,1.5915277777777779
2018-06-17 00:00:00 UTC,537,-36,235103745,0.54597222222222219
2018-06-17 00:00:00 UTC,537,-34,235103745,1.4291666666666667
2018-06-17 00:00:00 UTC,537,-58,235093015,0.31375
2018-06-17 00:00:00 UTC,537,-59,235093015,1.4918055555555554
2018-06-17 00:00:00 UTC,537,-60,235093015,1.5140277777777778
2018-06-17 00:00:00 UTC,537,77,211156000,12.648888888888889
2018-06-17 00:00:00 UTC,537,76,211156000,11.523333333333332
2018-06-17 00:00:00 UTC,537,-57,235016228,0.79986111111111113
2018-06-17 00:00:00 UTC,537,75,211550000,1.2831944444444443
2018-06-17 00:00:00 UTC,537,74,211550000,1.6779166666666665
2018-06-17 00:00:00 UTC,537,73,211550000,4.0815277777777776
2018-06-17 00:00:00 UTC,537,72,211550000,1.3780555555555558
2018-06-17 00:00:00 UTC,537,73,211667000,1.3379166666666666
2018-06-17 00:00:00 UTC,537,75,211667000,2.91875
2018-06-17 00:00:00 UTC,537,74,211667000,4.5859722222222237
2018-06-17 00:00:00 UTC,537,74,211176000,4.6133333333333342
2018-06-17 00:00:00 UTC,537,73,211176000,2.5444444444444447
2018-06-17 00:00:00 UTC,537,75,211176000,2.2470833333333338
2018-06-17 00:00:00 UTC,537,71,211313780,3.3315277777777785
2018-06-17 00:00:00 UTC,537,70,211313780,2.15375
2018-06-17 00:00:00 UTC,537,73,211292280,1.334583333333333
2018-06-17 00:00:00 UTC,537,72,211292280,1.8179166666666662
2018-06-17 00:00:00 UTC,537,74,211292280,0.25111111111111112
2018-06-17 00:00:00 UTC,537,70,211292280,2.7709722222222219
2018-06-17 00:00:00 UTC,537,71,211292280,2.2304166666666667
2018-06-17 00:00:00 UTC,537,70,211131000,1.5894444444444444
2018-06-17 00:00:00 UTC,537,71,211131000,3.0783333333333331
2018-06-17 00:00:00 UTC,537,74,211162000,1.3415277777777777
2018-06-17 00:00:00 UTC,537,71,211492000,0.43652777777777779
2018-06-17 00:00:00 UTC,537,70,211492000,4.0740277777777774
2018-06-17 00:00:00 UTC,537,69,211492000,0.08625
2018-06-17 00:00:00 UTC,537,1445,273820320,13.175694444444439
2018-06-17 00:00:00 UTC,537,1444,273820320,3.1072222222222226
2018-06-17 00:00:00 UTC,537,-57,235009978,0.62388888888888894
2018-06-17 00:00:00 UTC,537,-58,235009978,1.6818055555555556
2018-06-17 00:00:00 UTC,537,81,211520710,0.21125
2018-06-17 00:00:00 UTC,537,19,235004900,4.3519444444444453
2018-06-17 00:00:00 UTC,537,-62,250230000,0.80555555555555558
2018-06-17 00:00:00 UTC,537,-61,250230000,0.27666666666666667
2018-06-17 00:00:00 UTC,537,62,235113724,1.5611111111111109
2018-06-17 00:00:00 UTC,537,63,235113724,4.3108333333333331
2018-06-17 00:00:00 UTC,537,64,235113724,1.5672222222222223
2018-06-17 00:00:00 UTC,-487,-946,416005083,1.5461111111111112
2018-06-17 00:00:00 UTC,-487,-944,416005083,1.9494444444444445
2018-06-17 00:00:00 UTC,-487,-945,416005083,1.330138888888889
2018-06-17 00:00:00 UTC,-487,-610,701006046,1.7373611111111111
2018-06-17 00:00:00 UTC,-231,-411,710111003,1.7086111111111111
2018-06-17 00:00:00 UTC,-231,-429,710810657,0.72361111111111109
2018-06-17 00:00:00 UTC,-231,1523,503647800,7.140833333333334
2018-06-17 00:00:00 UTC,-231,1522,503647800,5.6263888888888882
2018-06-17 00:00:00 UTC,-231,-1690,416003676,1.6966666666666668
2018-06-17 00:00:00 UTC,-231,-1712,520145000,0.84583333333333333
2018-06-17 00:00:00 UTC,-231,-1714,520145000,3.1379166666666669
2018-06-17 00:00:00 UTC,-231,-1711,520145000,0.97638888888888886
2018-06-17 00:00:00 UTC,-231,-1710,520145000,0.71333333333333326
2018-06-17 00:00:00 UTC,26,-1521,413300480,0.95666666666666678
2018-06-17 00:00:00 UTC,26,-1525,413300480,1.9812500000000002
2018-06-17 00:00:00 UTC,26,-1526,413300480,4.7286111111111122
2018-06-17 00:00:00 UTC,26,-1523,413300480,0.887361111111111
2018-06-17 00:00:00 UTC,26,-1520,413300480,0.21166666666666664
2018-06-17 00:00:00 UTC,26,-1524,413300480,1.5256944444444447
2018-06-17 00:00:00 UTC,26,-1522,413300480,0.67930555555555561
2018-06-17 00:00:00 UTC,26,1632,416500000,10.066388888888886
2018-06-17 00:00:00 UTC,26,1479,416226600,5.7744444444444447
2018-06-17 00:00:00 UTC,26,1505,416000301,2.2204166666666665
2018-06-17 00:00:00 UTC,26,640,416000303,2.5991666666666666
2018-06-17 00:00:00 UTC,26,-31,228168000,0.13875
2018-06-17 00:00:00 UTC,26,-32,228168000,3.475
2018-06-17 00:00:00 UTC,26,658,416218500,0.74041666666666661
2018-06-17 00:00:00 UTC,26,657,416218500,0.77611111111111108
2018-06-17 00:00:00 UTC,26,-1,627066000,0.36097222222222219
2018-06-17 00:00:00 UTC,26,-2,627066000,0.4276388888888889
2018-06-17 00:00:00 UTC,26,1470,416211600,0.25277777777777777
2018-06-17 00:00:00 UTC,26,-1644,440772000,1.874027777777777
2018-06-17 00:00:00 UTC,26,782,416101800,0.4761111111111111
2018-06-17 00:00:00 UTC,26,1413,416213700,3.4579166666666659
2018-06-17 00:00:00 UTC,26,1414,416213700,0.4004166666666667
2018-06-17 00:00:00 UTC,26,1413,416000228,1.6404166666666669
2018-06-17 00:00:00 UTC,26,1412,416000228,2.7243055555555555
2018-06-17 00:00:00 UTC,26,1411,416000228,0.65986111111111112
2018-06-17 00:00:00 UTC,282,1215,412414469,2.6012500000000007
2018-06-17 00:00:00 UTC,282,1571,416001799,1.0380555555555557
2018-06-17 00:00:00 UTC,282,1587,416000013,0.91541666666666666
2018-06-17 00:00:00 UTC,282,-927,366809120,0.33291666666666669
2018-06-17 00:00:00 UTC,282,-169,225985323,1.5654166666666662
2018-06-17 00:00:00 UTC,282,-1626,367151660,3.1956944444444444
2018-06-17 00:00:00 UTC,282,-1622,367151660,2.8983333333333334
2018-06-17 00:00:00 UTC,282,1211,412434223,3.3997222222222225
2018-06-17 00:00:00 UTC,282,1211,412434224,2.7745833333333332
2018-06-17 00:00:00 UTC,282,1211,412434225,1.0829166666666667
2018-06-17 00:00:00 UTC,282,-1599,367330610,6.9640277777777762
2018-06-17 00:00:00 UTC,282,-1598,367330610,0.22166666666666668
2018-06-17 00:00:00 UTC,282,1211,412434229,0.69125
2018-06-17 00:00:00 UTC,282,1211,100898615,8.5615277777777745
2018-06-17 00:00:00 UTC,282,1212,412434232,0.75152777777777779
2018-06-17 00:00:00 UTC,282,1211,412434232,3.1623611111111107
2018-06-17 00:00:00 UTC,282,1214,412419141,0.35000000000000003
2018-06-17 00:00:00 UTC,282,1575,416001355,3.1102777777777781
2018-06-17 00:00:00 UTC,282,1576,416001355,0.87388888888888883
2018-06-17 00:00:00 UTC,282,1301,431600460,2.225
2018-06-17 00:00:00 UTC,282,1300,431600460,0.50847222222222221
2018-06-17 00:00:00 UTC,282,1290,432850000,0.195
2018-06-17 00:00:00 UTC,282,1211,412434258,0.5083333333333333
2018-06-17 00:00:00 UTC,282,1211,412434259,0.47597222222222224
2018-06-17 00:00:00 UTC,282,-1458,367385940,2.0018055555555554
2018-06-17 00:00:00 UTC,282,-1464,367681130,1.41
2018-06-17 00:00:00 UTC,282,-1467,367681130,1.215972222222222
2018-06-17 00:00:00 UTC,282,-1466,367681130,2.8629166666666666
2018-06-17 00:00:00 UTC,282,1216,412419698,12.91527777777778
2018-06-17 00:00:00 UTC,282,1301,431008379,0.5163888888888889
2018-06-17 00:00:00 UTC,282,1303,431008379,10.966666666666667
2018-06-17 00:00:00 UTC,282,1302,431008379,1.837361111111111
2018-06-17 00:00:00 UTC,282,1215,170000000,0.35
2018-06-17 00:00:00 UTC,282,1216,412419205,13.935138888888885
2018-06-17 00:00:00 UTC,282,1216,412419206,9.48305555555555
2018-06-17 00:00:00 UTC,282,1216,412419207,5.730138888888888
2018-06-17 00:00:00 UTC,282,1216,412419208,13.554861111111117
2018-06-17 00:00:00 UTC,282,1216,412419209,4.6973611111111131
2018-06-17 00:00:00 UTC,282,1216,200013961,17.29
2018-06-17 00:00:00 UTC,282,1216,412419211,5.304722222222221
2018-06-17 00:00:00 UTC,282,1216,412419212,12.388194444444434
2018-06-17 00:00:00 UTC,282,1216,412419213,9.0238888888888873
2018-06-17 00:00:00 UTC,282,1216,412419214,16.315833333333334
2018-06-17 00:00:00 UTC,282,1216,900016785,7.048472222222224
2018-06-17 00:00:00 UTC,282,1215,412416666,0.13027777777777777
2018-06-17 00:00:00 UTC,282,1215,412416175,4.3570833333333328
2018-06-17 00:00:00 UTC,282,1216,412417981,4.359583333333334
2018-06-17 00:00:00 UTC,282,1211,412414669,1.1016666666666668
2018-06-17 00:00:00 UTC,282,-169,224181470,0.72652777777777777
2018-06-17 00:00:00 UTC,282,-1396,367320820,2.0169444444444444
2018-06-17 00:00:00 UTC,282,-1397,367320820,0.66569444444444448
2018-06-17 00:00:00 UTC,282,-1398,367320820,0.4375
2018-06-17 00:00:00 UTC,282,1215,412416502,0.1958333333333333
2018-06-17 00:00:00 UTC,282,1488,416002298,0.3175
2018-06-17 00:00:00 UTC,282,1489,416002298,0.64986111111111111
2018-06-17 00:00:00 UTC,282,1487,416002298,1.0640277777777778
2018-06-17 00:00:00 UTC,282,1490,416002298,0.42027777777777775
2018-06-17 00:00:00 UTC,282,1486,416002298,0.3611111111111111
2018-06-17 00:00:00 UTC,538,-62,250003201,4.5302777777777781
2018-06-17 00:00:00 UTC,538,81,211626000,23.482083333333335
2018-06-17 00:00:00 UTC,538,80,211626000,1.037638888888889
2018-06-17 00:00:00 UTC,538,-58,235016228,0.27222222222222225
2018-06-17 00:00:00 UTC,538,-57,235016228,7.3311111111111105
2018-06-17 00:00:00 UTC,538,-61,235016228,1.1001388888888888
2018-06-17 00:00:00 UTC,538,-60,235016228,0.56513888888888886
2018-06-17 00:00:00 UTC,538,-59,235016228,0.54138888888888892
2018-06-17 00:00:00 UTC,538,-59,235008039,0.525
2018-06-17 00:00:00 UTC,538,-60,235008039,0.53736111111111118
2018-06-17 00:00:00 UTC,538,-60,235007552,2.7461111111111114
2018-06-17 00:00:00 UTC,538,-59,235007552,2.9330555555555553
2018-06-17 00:00:00 UTC,538,-58,235007552,1.9069444444444443
2018-06-17 00:00:00 UTC,538,-118,225341000,0.066527777777777783
2018-06-17 00:00:00 UTC,538,-57,234013000,0.47902777777777783
2018-06-17 00:00:00 UTC,538,-58,234013000,1.0766666666666667
2018-06-17 00:00:00 UTC,538,74,211162000,0.93208333333333337
2018-06-17 00:00:00 UTC,538,1440,273820320,1.2422222222222223
2018-06-17 00:00:00 UTC,538,1443,273820320,0.66625
2018-06-17 00:00:00 UTC,538,-58,235009978,4.4954166666666664
2018-06-17 00:00:00 UTC,538,-60,235009978,2.6327777777777777
2018-06-17 00:00:00 UTC,538,1525,273810110,4.8372222222222225
2018-06-17 00:00:00 UTC,538,1530,273810110,0.38444444444444448
2018-06-17 00:00:00 UTC,538,1524,273810110,1.5259722222222223
2018-06-17 00:00:00 UTC,538,1527,273810110,3.4640277777777775
2018-06-17 00:00:00 UTC,538,1528,273810110,0.30194444444444446
2018-06-17 00:00:00 UTC,538,1529,273810110,0.95680555555555569
2018-06-17 00:00:00 UTC,538,1526,273810110,2.8611111111111116
2018-06-17 00:00:00 UTC,538,-60,235021533,0.50486111111111109
2018-06-17 00:00:00 UTC,538,-61,235021533,1.44125
2018-06-17 00:00:00 UTC,538,-61,250230000,3.5695833333333331
2018-06-17 00:00:00 UTC,538,-62,250230000,1.4847222222222223
2018-06-17 00:00:00 UTC,538,-60,250230000,1.8484722222222221
2018-06-17 00:00:00 UTC,538,-59,250230000,1.3652777777777776
2018-06-17 00:00:00 UTC,538,-58,250230000,0.27763888888888888
2018-06-17 00:00:00 UTC,538,66,235113724,1.9883333333333333
2018-06-17 00:00:00 UTC,538,65,235113724,0.54291666666666671
2018-06-17 00:00:00 UTC,538,61,235113724,5.8423611111111118
2018-06-17 00:00:00 UTC,538,64,235113724,2.60875
2018-06-17 00:00:00 UTC,538,-60,235083263,0.55972222222222223
2018-06-17 00:00:00 UTC,794,87,259375000,0.32291666666666663
2018-06-17 00:00:00 UTC,794,85,259375000,1.9420833333333321
2018-06-17 00:00:00 UTC,794,89,259375000,1.453611111111111
2018-06-17 00:00:00 UTC,794,88,259375000,0.12861111111111112
2018-06-17 00:00:00 UTC,794,86,259375000,2.0069444444444438
2018-06-17 00:00:00 UTC,-486,-944,416005083,1.6856944444444444
2018-06-17 00:00:00 UTC,-486,-949,416005083,3.5155555555555553
2018-06-17 00:00:00 UTC,-486,-946,416005083,0.47736111111111112
2018-06-17 00:00:00 UTC,-486,-948,416005083,1.8433333333333333
2018-06-17 00:00:00 UTC,-486,-947,416005083,1.7145833333333331
2018-06-17 00:00:00 UTC,-486,-943,416005083,2.0973611111111112
2018-06-17 00:00:00 UTC,-486,-610,701006046,2.2647222222222223
2018-06-17 00:00:00 UTC,-486,-611,701006046,0.69083333333333319
2018-06-17 00:00:00 UTC,-230,1523,503647800,4.2058333333333326
2018-06-17 00:00:00 UTC,-230,-1689,416003676,0.9175
2018-06-17 00:00:00 UTC,-230,-1715,520145000,1.6245833333333335
2018-06-17 00:00:00 UTC,-230,-1713,520145000,3.42
2018-06-17 00:00:00 UTC,-230,-1716,520145000,3.6630555555555553
2018-06-17 00:00:00 UTC,-230,-1714,520145000,2.6519444444444442
2018-06-17 00:00:00 UTC,-230,-1710,520145000,0.84583333333333333
2018-06-17 00:00:00 UTC,-230,-1711,520145000,0.65027777777777773
2018-06-17 00:00:00 UTC,-230,-1712,520145000,3.7656944444444451
2018-06-17 00:00:00 UTC,-230,1523,503671200,7.162361111111113
2018-06-17 00:00:00 UTC,-230,1522,503671200,2.339722222222222
2018-06-17 00:00:00 UTC,27,1504,416000301,1.2322222222222223
2018-06-17 00:00:00 UTC,27,1505,416000301,2.0609722222222224
2018-06-17 00:00:00 UTC,27,640,416000303,4.75
2018-06-17 00:00:00 UTC,27,1433,416003948,3.4629166666666666
2018-06-17 00:00:00 UTC,27,1432,416003948,3.6719444444444433
2018-06-17 00:00:00 UTC,27,1431,416003948,1.9965277777777775
2018-06-17 00:00:00 UTC,27,657,416218500,1.1476388888888889
2018-06-17 00:00:00 UTC,27,658,416218500,1.3241666666666667
2018-06-17 00:00:00 UTC,27,-2,627066000,2.0026388888888889
2018-06-17 00:00:00 UTC,27,1467,416211600,0.95263888888888892
2018-06-17 00:00:00 UTC,27,1468,416211600,0.40361111111111114
2018-06-17 00:00:00 UTC,27,1673,412468637,0.95888888888888879
2018-06-17 00:00:00 UTC,27,-1644,440772000,2.2590277777777779
2018-06-17 00:00:00 UTC,27,-1529,412209077,5.7494444444444444
2018-06-17 00:00:00 UTC,27,1411,416213700,4.5563888888888888
2018-06-17 00:00:00 UTC,27,1412,416213700,0.60722222222222222
2018-06-17 00:00:00 UTC,27,1499,416001225,2.44625
2018-06-17 00:00:00 UTC,27,1500,416001225,2.5943055555555556
2018-06-17 00:00:00 UTC,27,613,664567000,3.7158333333333338
2018-06-17 00:00:00 UTC,27,1413,416000228,1.0080555555555557
2018-06-17 00:00:00 UTC,27,1412,416000228,1.432638888888889
2018-06-17 00:00:00 UTC,27,1411,416000228,0.77958333333333329
2018-06-17 00:00:00 UTC,27,654,416137700,6.0736111111111111
2018-06-17 00:00:00 UTC,27,655,416137700,2.6599999999999993
2018-06-17 00:00:00 UTC,27,656,416137700,0.46097222222222228
2018-06-17 00:00:00 UTC,27,1469,416004339,8.75388888888889
2018-06-17 00:00:00 UTC,27,1468,416004339,2.2968055555555558
2018-06-17 00:00:00 UTC,27,1466,416004339,4.8544444444444448
2018-06-17 00:00:00 UTC,27,1467,416004339,2.4201388888888884
2018-06-17 00:00:00 UTC,283,1570,416001799,2.9811111111111108
2018-06-17 00:00:00 UTC,283,1571,416001799,1.0340277777777775
2018-06-17 00:00:00 UTC,283,1216,412419084,4.0775000000000006
2018-06-17 00:00:00 UTC,283,1588,416000013,0.68611111111111112
2018-06-17 00:00:00 UTC,283,1587,416000013,0.70513888888888887
2018-06-17 00:00:00 UTC,283,1216,412419368,0.10111111111111112
2018-06-17 00:00:00 UTC,283,1216,412419626,0.21819444444444441
2018-06-17 00:00:00 UTC,283,-1622,367151660,0.93013888888888885
2018-06-17 00:00:00 UTC,283,-1624,367151660,0.32666666666666666
2018-06-17 00:00:00 UTC,283,-1621,367151660,1.6943055555555557
2018-06-17 00:00:00 UTC,283,-1626,367151660,0.68152777777777773
2018-06-17 00:00:00 UTC,283,-1625,367151660,1.0377777777777779
2018-06-17 00:00:00 UTC,283,1216,412419125,4.0790277777777781
2018-06-17 00:00:00 UTC,283,1216,412417598,0.07541666666666666
2018-06-17 00:00:00 UTC,283,1576,416001355,0.84166666666666679
2018-06-17 00:00:00 UTC,283,1575,416001355,1.7705555555555554
2018-06-17 00:00:00 UTC,283,-1462,367385940,0.63291666666666668
2018-06-17 00:00:00 UTC,283,-1460,367385940,1.191111111111111
2018-06-17 00:00:00 UTC,283,-1463,367385940,4.0036111111111108
2018-06-17 00:00:00 UTC,283,-1461,367385940,1.0295833333333333
2018-06-17 00:00:00 UTC,283,1216,412418913,0.3997222222222222
2018-06-17 00:00:00 UTC,283,-1464,367681130,2.068888888888889
2018-06-17 00:00:00 UTC,283,1300,431008379,1.152916666666667
2018-06-17 00:00:00 UTC,283,1301,431008379,1.5343055555555556
2018-06-17 00:00:00 UTC,283,1216,412414596,2.0280555555555559
2018-06-17 00:00:00 UTC,283,1216,412418954,1.4558333333333338
2018-06-17 00:00:00 UTC,283,1216,412418725,0.1763888888888889
2018-06-17 00:00:00 UTC,283,1216,412418505,7.6516666666666664
2018-06-17 00:00:00 UTC,283,1216,412422878,7.34361111111111
2018-06-17 00:00:00 UTC,283,1216,412414432,1.8325
2018-06-17 00:00:00 UTC,283,-1398,367320820,1.1056944444444445
2018-06-17 00:00:00 UTC,283,-1397,367320820,1.9752777777777779
2018-06-17 00:00:00 UTC,283,1216,412417527,0.97305555555555567
2018-06-17 00:00:00 UTC,283,1479,416002298,2.6240277777777776
2018-06-17 00:00:00 UTC,283,1482,416002298,1.0970833333333334
2018-06-17 00:00:00 UTC,283,1484,416002298,0.60875
2018-06-17 00:00:00 UTC,283,1481,416002298,1.033611111111111
2018-06-17 00:00:00 UTC,283,1485,416002298,1.1038888888888889
2018-06-17 00:00:00 UTC,283,1483,416002298,0.54722222222222217
2018-06-17 00:00:00 UTC,283,1486,416002298,2.1536111111111111
2018-06-17 00:00:00 UTC,283,1480,416002298,1.1926388888888888
2018-06-17 00:00:00 UTC,283,1216,412418555,1.8440277777777783
2018-06-17 00:00:00 UTC,283,1216,412417533,0.27499999999999997
2018-06-17 00:00:00 UTC,539,85,211658000,1.9181944444444439
2018-06-17 00:00:00 UTC,539,86,211658000,1.0626388888888889
2018-06-17 00:00:00 UTC,539,-60,235016228,0.84166666666666667
2018-06-17 00:00:00 UTC,539,-59,235016228,2.3806944444444444
2018-06-17 00:00:00 UTC,539,-58,235016228,3.3659722222222226
2018-06-17 00:00:00 UTC,539,-57,235016228,5.8305555555555557
2018-06-17 00:00:00 UTC,539,-58,235008039,1.9444444444444442
2018-06-17 00:00:00 UTC,539,-59,235008039,1.685
2018-06-17 00:00:00 UTC,539,-60,235008039,0.25416666666666665
2018-06-17 00:00:00 UTC,539,-31,232013877,2.4956944444444447
2018-06-17 00:00:00 UTC,539,-32,232013877,3.3363888888888891
2018-06-17 00:00:00 UTC,539,-33,232013877,2.5951388888888891
2018-06-17 00:00:00 UTC,539,-58,235007552,0.5181944444444444
2018-06-17 00:00:00 UTC,539,-117,225341000,0.57277777777777772
2018-06-17 00:00:00 UTC,539,-118,225341000,0.19361111111111109
2018-06-17 00:00:00 UTC,539,-55,234013000,1.609861111111111
2018-06-17 00:00:00 UTC,539,-56,234013000,3.2727777777777773
2018-06-17 00:00:00 UTC,539,-58,234013000,4.2891666666666666
2018-06-17 00:00:00 UTC,539,-57,234013000,2.4083333333333337
2018-06-17 00:00:00 UTC,539,-58,235098729,1.6727777777777777
2018-06-17 00:00:00 UTC,539,-59,235098729,1.5051388888888888
2018-06-17 00:00:00 UTC,539,1523,273814900,0.81916666666666671
2018-06-17 00:00:00 UTC,539,1524,273814900,1.7741666666666669
2018-06-17 00:00:00 UTC,539,1440,273820320,4.9979166666666668
2018-06-17 00:00:00 UTC,539,-59,235009978,3.6165277777777778
2018-06-17 00:00:00 UTC,539,-58,235009978,5.3669444444444441
2018-06-17 00:00:00 UTC,539,-60,235009978,1.4058333333333333
2018-06-17 00:00:00 UTC,539,-57,235009978,3.6820833333333338
2018-06-17 00:00:00 UTC,539,1525,273810110,2.6306944444444444
2018-06-17 00:00:00 UTC,539,1526,273810110,3.0269444444444438
2018-06-17 00:00:00 UTC,539,-1,235100625,0.16652777777777777
2018-06-17 00:00:00 UTC,539,1,235004378,5.504722222222223
2018-06-17 00:00:00 UTC,539,0,235004378,1.9606944444444445
2018-06-17 00:00:00 UTC,539,-1303,316007643,0.4406944444444445
2018-06-17 00:00:00 UTC,539,-60,235021533,1.685
2018-06-17 00:00:00 UTC,539,-58,235021533,1.0493055555555555
2018-06-17 00:00:00 UTC,539,-59,235021533,1.3599999999999999
2018-06-17 00:00:00 UTC,539,-58,250230000,0.29013888888888889
2018-06-17 00:00:00 UTC,539,-60,250230000,1.9861111111111112
2018-06-17 00:00:00 UTC,539,-1304,316036853,0.3288888888888889
2018-06-17 00:00:00 UTC,539,-1666,367197950,0.63347222222222221
2018-06-17 00:00:00 UTC,539,-58,235083263,1.7750000000000001
2018-06-17 00:00:00 UTC,539,-59,235083263,2.0430555555555552
2018-06-17 00:00:00 UTC,539,-57,235083263,0.31527777777777777
2018-06-17 00:00:00 UTC,795,91,259375000,0.083194444444444446
2018-06-17 00:00:00 UTC,795,90,259375000,0.22625
2018-06-17 00:00:00 UTC,795,87,259375000,0.345
2018-06-17 00:00:00 UTC,795,86,259375000,0.67111111111111121
2018-06-17 00:00:00 UTC,795,95,259375000,0.17430555555555557
2018-06-17 00:00:00 UTC,795,94,259375000,0.4850000000000001
2018-06-17 00:00:00 UTC,795,93,259375000,0.038194444444444448
2018-06-17 00:00:00 UTC,-485,-611,701006046,1.4059722222222222
2018-06-17 00:00:00 UTC,-485,-614,701006046,0.86041666666666672
2018-06-17 00:00:00 UTC,-485,-613,701006046,0.84763888888888883
2018-06-17 00:00:00 UTC,-485,-610,701006046,2.4518055555555551
2018-06-17 00:00:00 UTC,-229,144,659453000,0.15916666666666665
2018-06-17 00:00:00 UTC,-229,-1689,416003676,4.2301388888888889
2018-06-17 00:00:00 UTC,-229,122,659388000,1.3636111111111111
2018-06-17 00:00:00 UTC,-229,-1712,520145000,1.1802777777777773
2018-06-17 00:00:00 UTC,-229,1523,503671200,3.53125
2018-06-17 00:00:00 UTC,-229,1524,503671200,8.7980555555555569
2018-06-17 00:00:00 UTC,-229,491,660000700,4.9876388888888883
2018-06-17 00:00:00 UTC,-229,1595,540003800,0.763888888888889
2018-06-17 00:00:00 UTC,-229,144,659436000,0.9605555555555555
2018-06-17 00:00:00 UTC,28,616,416768000,2.2141666666666673
2018-06-17 00:00:00 UTC,28,617,416768000,1.70875
2018-06-17 00:00:00 UTC,28,1504,416000301,1.2884722222222225
2018-06-17 00:00:00 UTC,28,1432,416003948,0.76569444444444446
2018-06-17 00:00:00 UTC,28,1431,416003948,2.0711111111111111
2018-06-17 00:00:00 UTC,28,1434,416003948,5.021527777777778
2018-06-17 00:00:00 UTC,28,1430,416003948,0.19680555555555554
2018-06-17 00:00:00 UTC,28,657,416218500,1.3375
2018-06-17 00:00:00 UTC,28,-2,627066000,3.1270833333333337
2018-06-17 00:00:00 UTC,28,1466,416211600,0.99138888888888888
2018-06-17 00:00:00 UTC,28,1467,416211600,0.53541666666666665
2018-06-17 00:00:00 UTC,28,-1644,440772000,3.0447222222222226
2018-06-17 00:00:00 UTC,28,-1526,412209077,3.8466666666666667
2018-06-17 00:00:00 UTC,28,-1527,412209077,6.0186111111111114
2018-06-17 00:00:00 UTC,28,-1529,412209077,0.94833333333333325
2018-06-17 00:00:00 UTC,28,1411,416213700,0.40777777777777774
2018-06-17 00:00:00 UTC,28,1413,416213700,2.3829166666666666
2018-06-17 00:00:00 UTC,28,613,664567000,2.4843055555555553
2018-06-17 00:00:00 UTC,28,1411,416000228,0.45541666666666664
2018-06-17 00:00:00 UTC,28,1413,416000228,2.2424999999999997
2018-06-17 00:00:00 UTC,28,1414,416000228,0.768611111111111
2018-06-17 00:00:00 UTC,28,1412,416000228,1.3923611111111107
2018-06-17 00:00:00 UTC,28,654,416137700,4.8447222222222219
2018-06-17 00:00:00 UTC,28,655,416137700,2.9001388888888893
2018-06-17 00:00:00 UTC,28,653,416137700,2.4331944444444442
2018-06-17 00:00:00 UTC,28,656,416137700,0.53694444444444445
2018-06-17 00:00:00 UTC,28,1672,538060014,0.6002777777777778
2018-06-17 00:00:00 UTC,28,1440,416001008,3.5480555555555555
2018-06-17 00:00:00 UTC,28,1444,416001008,0.26847222222222222
2018-06-17 00:00:00 UTC,28,1443,416001008,1.2322222222222221
2018-06-17 00:00:00 UTC,28,1441,416001008,3.3693055555555551
2018-06-17 00:00:00 UTC,28,1442,416001008,1.9505555555555556
2018-06-17 00:00:00 UTC,284,1570,416001799,1.5148611111111112
2018-06-17 00:00:00 UTC,284,1571,416001799,0.48791666666666667
2018-06-17 00:00:00 UTC,284,1588,416000013,1.5505555555555555
2018-06-17 00:00:00 UTC,284,-1623,367151660,1.0672222222222223
2018-06-17 00:00:00 UTC,284,-1624,367151660,0.581388888888889
2018-06-17 00:00:00 UTC,284,1219,412412993,6.7863888888888892
2018-06-17 00:00:00 UTC,284,1215,412410439,1.3488888888888892
2018-06-17 00:00:00 UTC,284,1575,416001355,1.7048611111111109
2018-06-17 00:00:00 UTC,284,1576,416001355,1.1068055555555556
2018-06-17 00:00:00 UTC,284,-1458,367385940,2.3358333333333334
2018-06-17 00:00:00 UTC,284,1218,412412902,1.07625
2018-06-17 00:00:00 UTC,284,-1398,367320820,2.545555555555556
2018-06-17 00:00:00 UTC,284,-1397,367320820,0.795138888888889
2018-06-17 00:00:00 UTC,284,1474,416002298,3.50875
2018-06-17 00:00:00 UTC,284,1472,416002298,1.3566666666666667
2018-06-17 00:00:00 UTC,284,1471,416002298,0.55652777777777784
2018-06-17 00:00:00 UTC,540,-57,235008039,0.91388888888888875
2018-06-17 00:00:00 UTC,540,-1,235096643,0.074305555555555555
2018-06-17 00:00:00 UTC,540,0,235096643,0.6825
2018-06-17 00:00:00 UTC,540,-116,225341000,0.72694444444444439
2018-06-17 00:00:00 UTC,540,-56,234013000,0.24055555555555558
2018-06-17 00:00:00 UTC,540,-55,234013000,0.27902777777777776
2018-06-17 00:00:00 UTC,540,-54,234013000,2.5462499999999997
2018-06-17 00:00:00 UTC,540,-63,250000213,0.26902777777777775
2018-06-17 00:00:00 UTC,540,88,218556000,4.2358333333333329
2018-06-17 00:00:00 UTC,540,89,218556000,0.41277777777777774
2018-06-17 00:00:00 UTC,540,-57,235098729,1.4666666666666666
2018-06-17 00:00:00 UTC,540,1522,273814900,1.2075
2018-06-17 00:00:00 UTC,540,83,211294100,5.8923611111111116
2018-06-17 00:00:00 UTC,540,85,211294100,7.3240277777777774
2018-06-17 00:00:00 UTC,540,84,211294100,7.3527777777777779
2018-06-17 00:00:00 UTC,540,-38,232006310,7.513472222222223
2018-06-17 00:00:00 UTC,540,-39,232006310,12.564166666666667
2018-06-17 00:00:00 UTC,540,-40,232006310,0.987638888888889
2018-06-17 00:00:00 UTC,540,-1326,316033971,7.5330555555555563
2018-06-17 00:00:00 UTC,540,-58,235009978,0.52930555555555547
2018-06-17 00:00:00 UTC,540,-1,235100625,0.3536111111111111
2018-06-17 00:00:00 UTC,540,-1303,316007643,0.3536111111111111
2018-06-17 00:00:00 UTC,540,-60,250230000,1.0956944444444445
2018-06-17 00:00:00 UTC,540,-2,235069427,0.12569444444444441
2018-06-17 00:00:00 UTC,540,-57,235083263,1.7305555555555556
2018-06-17 00:00:00 UTC,-484,-611,701006046,0.15361111111111111
2018-06-17 00:00:00 UTC,-484,-618,701006046,0.0811111111111111
2018-06-17 00:00:00 UTC,-484,-612,701006046,0.30208333333333337
2018-06-17 00:00:00 UTC,-484,-613,701006046,0.21583333333333332
2018-06-17 00:00:00 UTC,-484,-610,701006046,1.3752777777777778
2018-06-17 00:00:00 UTC,-484,-617,701006046,0.24486111111111111
2018-06-17 00:00:00 UTC,-228,121,659388000,0.3709722222222222
2018-06-17 00:00:00 UTC,-228,122,659388000,1.7534722222222214
2018-06-17 00:00:00 UTC,-228,491,660000700,1.6447222222222224
2018-06-17 00:00:00 UTC,-228,1595,540003800,0.49083333333333334
2018-06-17 00:00:00 UTC,-228,1596,540003800,0.72
2018-06-17 00:00:00 UTC,29,616,416768000,1.8223611111111111
2018-06-17 00:00:00 UTC,29,617,416768000,1.3844444444444446
2018-06-17 00:00:00 UTC,29,1442,416003624,2.3449999999999998
2018-06-17 00:00:00 UTC,29,1691,510033000,1.7491666666666668
2018-06-17 00:00:00 UTC,29,1430,416003948,1.8694444444444445
2018-06-17 00:00:00 UTC,29,1432,416003948,0.9902777777777777
2018-06-17 00:00:00 UTC,29,1465,416211600,2.3230555555555559
2018-06-17 00:00:00 UTC,29,1678,412465075,0.13305555555555557
2018-06-17 00:00:00 UTC,29,1681,412465075,0.49111111111111116
2018-06-17 00:00:00 UTC,29,1673,412465075,1.7663888888888888
2018-06-17 00:00:00 UTC,29,613,664567000,0.4236111111111111
2018-06-17 00:00:00 UTC,29,1414,416000228,2.5036111111111112
2018-06-17 00:00:00 UTC,29,653,416137700,4.2829166666666669
2018-06-17 00:00:00 UTC,29,1672,538060014,0.3
2018-06-17 00:00:00 UTC,29,1442,416001008,4.5036111111111108
2018-06-17 00:00:00 UTC,29,1444,416001008,0.71763888888888894
2018-06-17 00:00:00 UTC,29,1443,416001008,2.5825
2018-06-17 00:00:00 UTC,285,1570,416001799,0.6086111111111111
2018-06-17 00:00:00 UTC,285,1569,416001799,0.63625
2018-06-17 00:00:00 UTC,285,1588,416000013,1.3391666666666666
2018-06-17 00:00:00 UTC,285,1576,416001355,0.75819444444444439
2018-06-17 00:00:00 UTC,285,1216,900025802,0.48791666666666667
2018-06-17 00:00:00 UTC,285,1215,900025802,0.26291666666666669
2018-06-17 00:00:00 UTC,285,1220,412412902,4.7650000000000006
2018-06-17 00:00:00 UTC,285,-1400,367320820,3.9506944444444443
2018-06-17 00:00:00 UTC,285,-1399,367320820,5.8005555555555546
2018-06-17 00:00:00 UTC,285,-1398,367320820,1.2497222222222222
2018-06-17 00:00:00 UTC,541,84,211307520,15.938194444444443
2018-06-17 00:00:00 UTC,541,83,211307520,0.67805555555555552
2018-06-17 00:00:00 UTC,541,85,211307520,0.52194444444444454
2018-06-17 00:00:00 UTC,541,-2,232005918,1.355277777777778
2018-06-17 00:00:00 UTC,541,84,211287590,15.654722222222221
2018-06-17 00:00:00 UTC,541,85,211287590,0.35333333333333333
2018-06-17 00:00:00 UTC,541,83,211287590,1.5352777777777777
2018-06-17 00:00:00 UTC,541,-115,225341000,0.95222222222222219
2018-06-17 00:00:00 UTC,541,-53,234013000,2.4009722222222223
2018-06-17 00:00:00 UTC,541,-54,234013000,0.84833333333333327
2018-06-17 00:00:00 UTC,541,85,211310410,2.2706944444444446
2018-06-17 00:00:00 UTC,541,84,211310410,11.717222222222217
2018-06-17 00:00:00 UTC,541,1446,273358420,3.0068055555555557
2018-06-17 00:00:00 UTC,541,1445,273358420,0.93819444444444444
2018-06-17 00:00:00 UTC,541,85,211815000,3.3020833333333335
2018-06-17 00:00:00 UTC,541,84,211815000,1.4208333333333334
2018-06-17 00:00:00 UTC,541,88,218556000,1.4579166666666665
2018-06-17 00:00:00 UTC,541,85,218556000,1.9620833333333332
2018-06-17 00:00:00 UTC,541,84,218556000,7.1444444444444466
2018-06-17 00:00:00 UTC,541,86,218556000,0.55833333333333335
2018-06-17 00:00:00 UTC,541,83,244070000,2.4497222222222219
2018-06-17 00:00:00 UTC,541,84,244070000,1.3356944444444445
2018-06-17 00:00:00 UTC,541,136,211314800,1.4484722222222222
2018-06-17 00:00:00 UTC,541,135,211314800,1.9894444444444443
2018-06-17 00:00:00 UTC,541,-1665,367048070,0.11625
2018-06-17 00:00:00 UTC,541,83,211294100,1.7997222222222222
2018-06-17 00:00:00 UTC,541,84,211294100,3.1893055555555554
2018-06-17 00:00:00 UTC,541,84,211315620,18.982777777777777
2018-06-17 00:00:00 UTC,541,83,211315620,1.5818055555555552
2018-06-17 00:00:00 UTC,541,85,211315620,1.1597222222222221
2018-06-17 00:00:00 UTC,541,-40,232006310,0.63597222222222227
2018-06-17 00:00:00 UTC,541,-39,232006310,0.913611111111111
2018-06-17 00:00:00 UTC,541,-38,232006310,0.26263888888888887
2018-06-17 00:00:00 UTC,541,-1326,316033971,9.5251388888888879
2018-06-17 00:00:00 UTC,541,-1327,316033971,7.6715277777777775
2018-06-17 00:00:00 UTC,541,84,211318730,16.266388888888891
2018-06-17 00:00:00 UTC,541,-1313,316007637,9.8763888888888882
2018-06-17 00:00:00 UTC,541,-1327,316034006,0.48027777777777775
2018-06-17 00:00:00 UTC,541,84,244854000,0.11458333333333333
2018-06-17 00:00:00 UTC,541,83,244854000,0.26541666666666663
2018-06-17 00:00:00 UTC,541,-3,235103219,0.7075
2018-06-17 00:00:00 UTC,541,-2,235103219,0.16680555555555557
2018-06-17 00:00:00 UTC,797,108,259375000,0.69347222222222238
2018-06-17 00:00:00 UTC,797,109,259375000,5.7505555555555556
2018-06-17 00:00:00 UTC,797,110,259375000,0.39486111111111111
2018-06-17 00:00:00 UTC,-483,-610,701006046,0.71430555555555542
2018-06-17 00:00:00 UTC,-227,122,659388000,1.4265277777777778
2018-06-17 00:00:00 UTC,-227,1596,540003800,0.088611111111111113
2018-06-17 00:00:00 UTC,30,617,416768000,1.4112499999999994
2018-06-17 00:00:00 UTC,30,616,416768000,2.12625
2018-06-17 00:00:00 UTC,30,-25,228128000,0.33222222222222225
2018-06-17 00:00:00 UTC,30,653,664095000,4.5833333333333339
2018-06-17 00:00:00 UTC,30,1442,416003624,0.16208333333333333
2018-06-17 00:00:00 UTC,30,1441,416003624,3.25625
2018-06-17 00:00:00 UTC,30,1444,416003624,2.3745833333333337
2018-06-17 00:00:00 UTC,30,1443,416003624,2.8545833333333333
2018-06-17 00:00:00 UTC,30,654,416002135,3.9366666666666665
2018-06-17 00:00:00 UTC,30,1432,416003948,1.1451388888888889
2018-06-17 00:00:00 UTC,30,1430,416003948,1.0445833333333332
2018-06-17 00:00:00 UTC,30,1431,416003948,1.5540277777777778
2018-06-17 00:00:00 UTC,30,1689,412699550,1.9726388888888891
2018-06-17 00:00:00 UTC,30,1694,412699550,0.80236111111111108
2018-06-17 00:00:00 UTC,30,1692,412699550,0.78583333333333338
2018-06-17 00:00:00 UTC,30,1693,412699550,0.48250000000000004
2018-06-17 00:00:00 UTC,30,1673,412465075,2.152222222222222
2018-06-17 00:00:00 UTC,30,1675,412465075,0.17152777777777778
2018-06-17 00:00:00 UTC,30,1570,200016052,4.5297222222222224
2018-06-17 00:00:00 UTC,30,-1524,412209077,4.7233333333333327
2018-06-17 00:00:00 UTC,30,-1526,412209077,1.5597222222222222
2018-06-17 00:00:00 UTC,30,-1527,412209077,1.5620833333333333
2018-06-17 00:00:00 UTC,30,-1525,412209077,1.0898611111111112
2018-06-17 00:00:00 UTC,30,1464,416082900,0.5870833333333334
2018-06-17 00:00:00 UTC,30,1465,416082900,1.2100000000000002
2018-06-17 00:00:00 UTC,30,1463,416082900,1.0216666666666667
2018-06-17 00:00:00 UTC,30,613,664567000,1.224861111111111
2018-06-17 00:00:00 UTC,30,614,664567000,0.49166666666666664
2018-06-17 00:00:00 UTC,30,615,664567000,4.318194444444444
2018-06-17 00:00:00 UTC,30,-40,228071900,1.2538888888888886
2018-06-17 00:00:00 UTC,30,1443,416001008,1.0413888888888887
2018-06-17 00:00:00 UTC,30,1441,416001008,3.762777777777778
2018-06-17 00:00:00 UTC,30,1442,416001008,0.857638888888889
2018-06-17 00:00:00 UTC,30,1441,928001009,8.7555555555555546
2018-06-17 00:00:00 UTC,286,1570,416001799,0.54416666666666669
2018-06-17 00:00:00 UTC,286,1590,416000013,0.0925
2018-06-17 00:00:00 UTC,286,1747,416221500,2.2761111111111112
2018-06-17 00:00:00 UTC,286,1577,416001355,0.91291666666666671
2018-06-17 00:00:00 UTC,286,1576,416001355,1.5601388888888885
2018-06-17 00:00:00 UTC,286,1217,900025802,0.37486111111111114
2018-06-17 00:00:00 UTC,286,1216,900025802,1.2779166666666666
2018-06-17 00:00:00 UTC,286,1215,900025802,1.8502777777777775
2018-06-17 00:00:00 UTC,286,1214,900025802,0.2918055555555556
2018-06-17 00:00:00 UTC,542,85,211307520,4.4344444444444457
2018-06-17 00:00:00 UTC,542,84,211307520,2.4633333333333334
2018-06-17 00:00:00 UTC,542,-3,232005918,3.0263888888888868
2018-06-17 00:00:00 UTC,542,-2,232005918,0.31138888888888883
2018-06-17 00:00:00 UTC,542,-1660,367689540,1.0074999999999998
2018-06-17 00:00:00 UTC,542,-52,234013000,0.84638888888888886
2018-06-17 00:00:00 UTC,542,85,211310410,9.8694444444444454
2018-06-17 00:00:00 UTC,542,-1312,316006988,0.52374999999999994
2018-06-17 00:00:00 UTC,542,1445,273358420,9.2213888888888889
2018-06-17 00:00:00 UTC,542,1446,273358420,7.807500000000001
2018-06-17 00:00:00 UTC,542,84,211815000,1.6222222222222222
2018-06-17 00:00:00 UTC,542,83,211815000,1.6495833333333334
2018-06-17 00:00:00 UTC,542,84,244070000,10.654027777777774
2018-06-17 00:00:00 UTC,542,83,244070000,1.7072222222222222
2018-06-17 00:00:00 UTC,542,82,244070000,1.9858333333333331
2018-06-17 00:00:00 UTC,542,1521,273814900,4.5016666666666652
2018-06-17 00:00:00 UTC,542,1520,273814900,5.8462500000000013
2018-06-17 00:00:00 UTC,542,1522,273814900,0.83902777777777771
2018-06-17 00:00:00 UTC,542,-1315,316005492,3.2880555555555553
2018-06-17 00:00:00 UTC,542,-1314,316005492,1.4644444444444447
2018-06-17 00:00:00 UTC,542,84,211546000,2.4348611111111111
2018-06-17 00:00:00 UTC,542,85,211546000,0.57513888888888887
2018-06-17 00:00:00 UTC,542,85,211315620,2.2683333333333331
2018-06-17 00:00:00 UTC,542,153,261002160,0.26666666666666666
2018-06-17 00:00:00 UTC,542,152,261002160,1.0719444444444444
2018-06-17 00:00:00 UTC,542,-1327,316033971,1.4615277777777778
2018-06-17 00:00:00 UTC,542,-2,235092672,2.4545833333333333
2018-06-17 00:00:00 UTC,542,-3,235092672,3.2088888888888896
2018-06-17 00:00:00 UTC,542,84,211318730,4.8248611111111117
2018-06-17 00:00:00 UTC,542,83,244854000,5.0029166666666667
2018-06-17 00:00:00 UTC,542,84,244854000,14.112222222222226
2018-06-17 00:00:00 UTC,542,-3,235103219,4.1212500000000007
2018-06-17 00:00:00 UTC,542,-2,235103219,0.50680555555555551
2018-06-17 00:00:00 UTC,542,-4,235096056,0.27777777777777779
2018-06-17 00:00:00 UTC,-482,-610,701006046,0.074583333333333335
2018-06-17 00:00:00 UTC,-226,122,659388000,1.858888888888889
2018-06-17 00:00:00 UTC,-226,1596,540003800,2.6976388888888891
2018-06-17 00:00:00 UTC,31,616,416768000,2.2156944444444444
2018-06-17 00:00:00 UTC,31,617,416768000,1.7730555555555554
2018-06-17 00:00:00 UTC,31,667,664095000,4.6436111111111105
2018-06-17 00:00:00 UTC,31,1479,416226600,1.6533333333333335
2018-06-17 00:00:00 UTC,31,1443,416003624,5.1018055555555559
2018-06-17 00:00:00 UTC,31,1441,416003624,1.2954166666666667
2018-06-17 00:00:00 UTC,31,1444,416003624,0.86791666666666667
2018-06-17 00:00:00 UTC,31,1442,416003624,4.9404166666666667
2018-06-17 00:00:00 UTC,31,-37,228168000,1.1077777777777778
2018-06-17 00:00:00 UTC,31,653,416002135,2.9870833333333335
2018-06-17 00:00:00 UTC,31,654,416002135,4.34625
2018-06-17 00:00:00 UTC,31,1467,416004442,1.1044444444444443
2018-06-17 00:00:00 UTC,31,1468,416004442,2.62
2018-06-17 00:00:00 UTC,31,1464,416004442,1.8481944444444443
2018-06-17 00:00:00 UTC,31,1465,416004442,1.272777777777778
2018-06-17 00:00:00 UTC,31,1466,416004442,0.85333333333333339
2018-06-17 00:00:00 UTC,31,1571,222000004,4.7302777777777774
2018-06-17 00:00:00 UTC,31,1570,222000004,1.6729166666666666
2018-06-17 00:00:00 UTC,31,1681,412465075,1.1758333333333333
2018-06-17 00:00:00 UTC,31,1571,200016052,1.948333333333333
2018-06-17 00:00:00 UTC,31,1468,416082900,0.8518055555555557
2018-06-17 00:00:00 UTC,31,1467,416082900,3.1320833333333336
2018-06-17 00:00:00 UTC,31,1464,416082900,3.4895833333333335
2018-06-17 00:00:00 UTC,31,1463,416082900,6.7559722222222227
2018-06-17 00:00:00 UTC,31,615,664567000,3.72875
2018-06-17 00:00:00 UTC,31,1587,538060006,0.16291666666666665
2018-06-17 00:00:00 UTC,31,1589,538060006,0.51652777777777781
2018-06-17 00:00:00 UTC,31,1588,538060006,0.525
2018-06-17 00:00:00 UTC,31,1414,416000234,1.4184722222222224
2018-06-17 00:00:00 UTC,31,1412,416000234,3.3820833333333331
2018-06-17 00:00:00 UTC,31,1571,416003055,0.763888888888889
2018-06-17 00:00:00 UTC,287,1572,416001799,0.73472222222222228
2018-06-17 00:00:00 UTC,287,1590,416000013,0.14694444444444443
2018-06-17 00:00:00 UTC,287,1591,416000013,0.84083333333333332
2018-06-17 00:00:00 UTC,287,1746,416221500,3.4048611111111109
2018-06-17 00:00:00 UTC,287,1747,416221500,1.4219444444444445
2018-06-17 00:00:00 UTC,287,1577,416001355,2.114583333333333
2018-06-17 00:00:00 UTC,287,1214,412411046,6.83875
2018-06-17 00:00:00 UTC,543,84,211414290,0.70138888888888884
2018-06-17 00:00:00 UTC,543,85,211414290,0.15972222222222221
2018-06-17 00:00:00 UTC,543,-1659,367083560,1.4345833333333333
2018-06-17 00:00:00 UTC,543,-1660,367083560,0.9177777777777778
2018-06-17 00:00:00 UTC,543,-1659,367689540,5.9324999999999992
2018-06-17 00:00:00 UTC,543,-1658,367689540,1.1777777777777778
2018-06-17 00:00:00 UTC,543,-1660,367689540,1.0905555555555555
2018-06-17 00:00:00 UTC,543,-1313,316006988,13.610555555555566
2018-06-17 00:00:00 UTC,543,-1312,316006988,2.270694444444445
2018-06-17 00:00:00 UTC,543,1446,273358420,1.1191666666666666
2018-06-17 00:00:00 UTC,543,1445,273358420,1.9355555555555555
2018-06-17 00:00:00 UTC,543,82,244070000,0.93027777777777787
2018-06-17 00:00:00 UTC,543,1521,273814900,3.6499999999999995
2018-06-17 00:00:00 UTC,543,-1313,316005492,3.1866666666666674
2018-06-17 00:00:00 UTC,543,-1314,316005492,5.2456944444444442
2018-06-17 00:00:00 UTC,543,85,211546000,2.7509722222222219
2018-06-17 00:00:00 UTC,543,157,261026450,2.3011111111111116
2018-06-17 00:00:00 UTC,543,156,261026450,1.8661111111111113
2018-06-17 00:00:00 UTC,543,153,261026450,1.6847222222222225
2018-06-17 00:00:00 UTC,543,152,261026450,7.3740277777777772
2018-06-17 00:00:00 UTC,543,152,261002160,0.80555555555555558
2018-06-17 00:00:00 UTC,543,153,261002160,2.1697222222222221
2018-06-17 00:00:00 UTC,543,-5,235102658,0.14375
2018-06-17 00:00:00 UTC,543,-4,235102658,1.1358333333333333
2018-06-17 00:00:00 UTC,543,-1658,367108560,0.57513888888888887
2018-06-17 00:00:00 UTC,543,-1659,367108560,1.7122222222222221
2018-06-17 00:00:00 UTC,543,156,261004260,1.786111111111111
2018-06-17 00:00:00 UTC,543,155,261004260,0.28194444444444444
2018-06-17 00:00:00 UTC,543,83,244854000,4.5095833333333335
2018-06-17 00:00:00 UTC,-225,491,660000800,1.2429166666666667
2018-06-17 00:00:00 UTC,-225,492,660000800,2.6100000000000003
2018-06-17 00:00:00 UTC,-225,493,660000800,0.55541666666666667
2018-06-17 00:00:00 UTC,-225,490,660000800,0.17680555555555555
2018-06-17 00:00:00 UTC,-225,-1681,416213800,1.6395833333333334
2018-06-17 00:00:00 UTC,-225,121,659388000,1.1683333333333334
2018-06-17 00:00:00 UTC,-225,122,659388000,0.63902777777777775
2018-06-17 00:00:00 UTC,-225,122,659610000,1.6866666666666668
2018-06-17 00:00:00 UTC,-225,123,659610000,0.533611111111111
2018-06-17 00:00:00 UTC,-225,124,659610000,1.4541666666666666
2018-06-17 00:00:00 UTC,-225,1610,540000670,1.7601388888888885
2018-06-17 00:00:00 UTC,-225,1609,540000670,5.2111111111111121
2018-06-17 00:00:00 UTC,-225,493,660000700,5.8795833333333336
2018-06-17 00:00:00 UTC,-225,490,660005600,4.5627777777777778
2018-06-17 00:00:00 UTC,32,616,416768000,0.34333333333333332
2018-06-17 00:00:00 UTC,32,654,416002135,1.4884722222222222
2018-06-17 00:00:00 UTC,32,653,416002135,2.0002777777777778
2018-06-17 00:00:00 UTC,32,1465,416004442,1.8172222222222223
2018-06-17 00:00:00 UTC,32,1470,416004442,3.4695833333333335
2018-06-17 00:00:00 UTC,32,1466,416004442,1.3634722222222222
2018-06-17 00:00:00 UTC,32,1464,416004442,3.1411111111111114
2018-06-17 00:00:00 UTC,32,1462,416004442,3.9698611111111113
2018-06-17 00:00:00 UTC,32,1467,416004442,2.3363888888888891
2018-06-17 00:00:00 UTC,32,1570,222000004,3.0748611111111113
2018-06-17 00:00:00 UTC,32,1571,222000004,1.9661111111111111
2018-06-17 00:00:00 UTC,32,1685,412467334,1.3097222222222222
2018-06-17 00:00:00 UTC,32,1692,412467334,1.8448611111111111
2018-06-17 00:00:00 UTC,32,1695,412467334,0.33875
2018-06-17 00:00:00 UTC,32,1689,412467334,0.96430555555555553
2018-06-17 00:00:00 UTC,32,1688,412467334,0.80916666666666659
2018-06-17 00:00:00 UTC,32,1694,412467334,2.2383333333333328
2018-06-17 00:00:00 UTC,32,1690,412467334,2.5945833333333335
2018-06-17 00:00:00 UTC,32,1693,412467334,0.79555555555555557
2018-06-17 00:00:00 UTC,32,1682,412467334,1.3156944444444445
2018-06-17 00:00:00 UTC,32,1683,412467334,3.6602777777777771
2018-06-17 00:00:00 UTC,32,1686,412467334,3.9400000000000004
2018-06-17 00:00:00 UTC,32,1687,412467334,0.75944444444444437
2018-06-17 00:00:00 UTC,32,1469,416002446,2.4768055555555555
2018-06-17 00:00:00 UTC,32,1471,416002446,4.53875
2018-06-17 00:00:00 UTC,32,1470,416002446,5.4369444444444444
2018-06-17 00:00:00 UTC,32,1468,416002446,5.0912500000000005
2018-06-17 00:00:00 UTC,32,1690,412699550,0.71666666666666667
2018-06-17 00:00:00 UTC,32,1688,412699550,1.376527777777778
2018-06-17 00:00:00 UTC,32,1686,412699550,0.94263888888888892
2018-06-17 00:00:00 UTC,32,1689,412699550,0.46819444444444447
2018-06-17 00:00:00 UTC,32,1680,412465075,1.06375
2018-06-17 00:00:00 UTC,32,1681,412465075,1.275
2018-06-17 00:00:00 UTC,32,1571,200016052,1.3795833333333334
2018-06-17 00:00:00 UTC,32,1469,416082900,0.71736111111111112
2018-06-17 00:00:00 UTC,32,1591,538060006,0.1475
2018-06-17 00:00:00 UTC,32,1414,416000234,2.1786111111111111
2018-06-17 00:00:00 UTC,32,1415,416000234,0.80555555555555558
2018-06-17 00:00:00 UTC,32,1411,416000234,0.84444444444444455
2018-06-17 00:00:00 UTC,32,1412,416000234,3.6179166666666669
2018-06-17 00:00:00 UTC,32,1413,416000234,0.89083333333333325
2018-06-17 00:00:00 UTC,32,1666,538060014,1.5805555555555555
2018-06-17 00:00:00 UTC,32,1571,416003055,1.0169444444444444
2018-06-17 00:00:00 UTC,288,1592,416000013,1.3730555555555557
2018-06-17 00:00:00 UTC,288,1591,416000013,5.5695833333333331
2018-06-17 00:00:00 UTC,288,1216,412413211,0.4029166666666667
2018-06-17 00:00:00 UTC,288,1748,416221500,0.43027777777777776
2018-06-17 00:00:00 UTC,288,1747,416221500,0.57944444444444443
2018-06-17 00:00:00 UTC,288,1576,416001355,2.3527777777777774
2018-06-17 00:00:00 UTC,544,-87,250388000,0.63527777777777783
2018-06-17 00:00:00 UTC,544,-1656,367083560,0.38680555555555551
2018-06-17 00:00:00 UTC,544,-1657,367083560,3.7347222222222225
2018-06-17 00:00:00 UTC,544,-1644,368339000,11.520833333333332
2018-06-17 00:00:00 UTC,544,-1658,367689540,2.88013888888889
2018-06-17 00:00:00 UTC,544,-1657,367689540,3.3768055555555563
2018-06-17 00:00:00 UTC,544,-1312,316006988,0.24583333333333329
2018-06-17 00:00:00 UTC,544,-1313,316006988,0.6380555555555556
2018-06-17 00:00:00 UTC,544,83,244070000,0.44013888888888891
2018-06-17 00:00:00 UTC,544,82,244070000,1.1197222222222223
2018-06-17 00:00:00 UTC,544,-1313,316005492,0.7087500000000001
2018-06-17 00:00:00 UTC,544,155,261275000,2.3834722222222222
2018-06-17 00:00:00 UTC,544,158,261275000,0.92347222222222225
2018-06-17 00:00:00 UTC,544,157,261275000,2.3547222222222222
2018-06-17 00:00:00 UTC,544,156,261275000,2.1694444444444443
2018-06-17 00:00:00 UTC,544,154,261275000,0.26944444444444449
2018-06-17 00:00:00 UTC,544,153,261026450,3.1073611111111115
2018-06-17 00:00:00 UTC,544,156,261026450,1.0980555555555553
2018-06-17 00:00:00 UTC,544,154,261026450,1.2251388888888888
2018-06-17 00:00:00 UTC,544,155,261026450,1.5636111111111113
2018-06-17 00:00:00 UTC,544,83,245775000,8.5818055555555546
2018-06-17 00:00:00 UTC,544,82,245775000,1.1377777777777778
2018-06-17 00:00:00 UTC,544,155,261002160,3.4581944444444441
2018-06-17 00:00:00 UTC,544,-5,235102658,6.0976388888888886
2018-06-17 00:00:00 UTC,544,-1658,367108560,5.852777777777777
2018-06-17 00:00:00 UTC,544,-1657,367108560,5.8140277777777785
2018-06-17 00:00:00 UTC,544,-42,235000280,0.55
2018-06-17 00:00:00 UTC,544,-44,235000280,2.1372222222222224
2018-06-17 00:00:00 UTC,544,-43,235000280,5.4306944444444447
2018-06-17 00:00:00 UTC,544,157,261003230,0.59416666666666662
2018-06-17 00:00:00 UTC,544,-1644,367015650,13.339999999999998
2018-06-17 00:00:00 UTC,544,157,261004260,8.9066666666666645
2018-06-17 00:00:00 UTC,544,155,261004260,0.9375
2018-06-17 00:00:00 UTC,544,156,261004260,5.4740277777777777
2018-06-17 00:00:00 UTC,544,154,261004260,0.92236111111111108
2018-06-17 00:00:00 UTC,544,158,261004260,1.0825
2018-06-17 00:00:00 UTC,-480,-630,701031000,3.854305555555555
2018-06-17 00:00:00 UTC,-480,653,618000500,2.8544444444444439
2018-06-17 00:00:00 UTC,-480,656,618000500,5.2043055555555524
2018-06-17 00:00:00 UTC,-480,654,618000500,4.1751388888888883
2018-06-17 00:00:00 UTC,-480,655,618000500,2.894305555555555
2018-06-17 00:00:00 UTC,-480,657,618000500,1.2490277777777776
2018-06-17 00:00:00 UTC,-224,493,660000800,2.6963888888888889
2018-06-17 00:00:00 UTC,-224,488,660000800,0.88055555555555554
2018-06-17 00:00:00 UTC,-224,486,660000800,5.3311111111111114
2018-06-17 00:00:00 UTC,-224,492,660000800,0.62222222222222223
2018-06-17 00:00:00 UTC,-224,495,660000800,1.275
2018-06-17 00:00:00 UTC,-224,490,660000800,0.2936111111111111
2018-06-17 00:00:00 UTC,-224,494,660000800,0.78291666666666682
2018-06-17 00:00:00 UTC,-224,489,660000800,0.874861111111111
2018-06-17 00:00:00 UTC,-224,487,660000800,0.38402777777777775
2018-06-17 00:00:00 UTC,-224,496,660000800,1.445555555555555
2018-06-17 00:00:00 UTC,-224,-1681,416213800,2.9034722222222222
2018-06-17 00:00:00 UTC,-224,121,659388000,1.5143055555555556
2018-06-17 00:00:00 UTC,-224,488,660001400,1.1156944444444445
2018-06-17 00:00:00 UTC,-224,123,659610000,1.3680555555555556
2018-06-17 00:00:00 UTC,-224,122,659610000,0.37444444444444447
2018-06-17 00:00:00 UTC,-224,124,659610000,0.83333333333333337
2018-06-17 00:00:00 UTC,33,674,664095000,5.7775
2018-06-17 00:00:00 UTC,33,654,416002135,0.93722222222222229
2018-06-17 00:00:00 UTC,33,643,664145000,11.497083333333334
2018-06-17 00:00:00 UTC,33,1572,222000004,0.39680555555555552
2018-06-17 00:00:00 UTC,33,1571,222000004,0.86944444444444446
2018-06-17 00:00:00 UTC,33,1570,222000004,0.89361111111111113
2018-06-17 00:00:00 UTC,33,1467,416002446,5.9918055555555556
2018-06-17 00:00:00 UTC,33,1684,412699550,0.76888888888888884
2018-06-17 00:00:00 UTC,33,1685,412699550,0.7416666666666667
2018-06-17 00:00:00 UTC,33,1686,412699550,0.067083333333333328
2018-06-17 00:00:00 UTC,33,1682,412699550,1.4015277777777777
2018-06-17 00:00:00 UTC,33,1683,412699550,0.625
2018-06-17 00:00:00 UTC,33,1681,412465075,1.1476388888888889
2018-06-17 00:00:00 UTC,33,1674,412465075,2.1183333333333332
2018-06-17 00:00:00 UTC,33,1677,412465075,1.1916666666666667
2018-06-17 00:00:00 UTC,33,1678,412465075,1.0020833333333334
2018-06-17 00:00:00 UTC,33,1675,412465075,1.1483333333333332
2018-06-17 00:00:00 UTC,33,1572,200016052,0.18888888888888888
2018-06-17 00:00:00 UTC,33,1571,200016052,0.84527777777777768
2018-06-17 00:00:00 UTC,33,649,664631000,0.45305555555555554
2018-06-17 00:00:00 UTC,33,1591,538060006,0.44763888888888892
2018-06-17 00:00:00 UTC,33,1593,538060006,0.16763888888888889
2018-06-17 00:00:00 UTC,33,1592,538060006,0.57305555555555554
2018-06-17 00:00:00 UTC,33,1410,416000234,3.3486111111111114
2018-06-17 00:00:00 UTC,33,1411,416000234,2.9640277777777779
2018-06-17 00:00:00 UTC,33,1413,416000234,1.34625
2018-06-17 00:00:00 UTC,33,1412,416000234,0.47972222222222227
2018-06-17 00:00:00 UTC,33,1414,416000234,1.0498611111111114
2018-06-17 00:00:00 UTC,33,1415,416000234,1.3731944444444444
2018-06-17 00:00:00 UTC,33,1571,416003055,0.82944444444444443
2018-06-17 00:00:00 UTC,33,1572,416003055,0.4448611111111111
2018-06-17 00:00:00 UTC,289,1747,416221500,0.26527777777777778
2018-06-17 00:00:00 UTC,289,-900,367723350,8.8518055555555542
2018-06-17 00:00:00 UTC,289,-901,367723350,2.806111111111111
2018-06-17 00:00:00 UTC,289,-900,367519360,0.71722222222222221
2018-06-17 00:00:00 UTC,289,-901,367594140,1.0629166666666667
2018-06-17 00:00:00 UTC,289,-900,367594140,14.358055555555557
2018-06-17 00:00:00 UTC,545,76,235001620,1.1131944444444444
2018-06-17 00:00:00 UTC,545,74,235001620,1.2783333333333333
2018-06-17 00:00:00 UTC,545,-1655,367083560,0.82902777777777781
2018-06-17 00:00:00 UTC,545,-1657,367083560,0.41236111111111107
2018-06-17 00:00:00 UTC,545,-1656,367083560,12.749027777777787
2018-06-17 00:00:00 UTC,545,155,261003060,1.455972222222222
2018-06-17 00:00:00 UTC,545,154,261003060,2.29125
2018-06-17 00:00:00 UTC,545,153,261003060,1.0763888888888888
2018-06-17 00:00:00 UTC,545,156,261003060,0.5643055555555555
2018-06-17 00:00:00 UTC,545,-1644,368339000,1.9204166666666667
2018-06-17 00:00:00 UTC,545,-1657,367689540,0.83958333333333335
2018-06-17 00:00:00 UTC,545,152,261015890,0.35097222222222224
2018-06-17 00:00:00 UTC,545,194,273249400,0.70444444444444443
2018-06-17 00:00:00 UTC,545,158,261275000,0.30277777777777781
2018-06-17 00:00:00 UTC,545,156,261012090,0.83583333333333343
2018-06-17 00:00:00 UTC,545,155,261012090,0.76402777777777775
2018-06-17 00:00:00 UTC,545,-1633,367738250,3.6648611111111111
2018-06-17 00:00:00 UTC,545,-1632,367738250,2.1023611111111111
2018-06-17 00:00:00 UTC,545,194,273248400,0.35597222222222225
2018-06-17 00:00:00 UTC,545,82,245775000,14.562638888888889
2018-06-17 00:00:00 UTC,545,156,261002160,0.5261111111111112
2018-06-17 00:00:00 UTC,545,155,261002160,2.2387500000000005
2018-06-17 00:00:00 UTC,545,194,273240500,0.66124999999999989
2018-06-17 00:00:00 UTC,545,153,261001660,0.36402777777777778
2018-06-17 00:00:00 UTC,545,154,261001660,0.77374999999999994
2018-06-17 00:00:00 UTC,545,154,261003710,2.3344444444444448
2018-06-17 00:00:00 UTC,545,155,261003710,0.27777777777777779
2018-06-17 00:00:00 UTC,545,194,273319360,0.44055555555555553
2018-06-17 00:00:00 UTC,545,-1635,366752970,0.053888888888888889
2018-06-17 00:00:00 UTC,545,-1636,366752970,0.99527777777777793
2018-06-17 00:00:00 UTC,545,-7,235000781,5.4312500000000021
2018-06-17 00:00:00 UTC,545,-8,235000781,2.4081944444444443
2018-06-17 00:00:00 UTC,545,-1656,367108560,1.800416666666667
2018-06-17 00:00:00 UTC,545,-1657,367108560,3.0563888888888893
2018-06-17 00:00:00 UTC,545,-43,235000280,11.734722222222224
2018-06-17 00:00:00 UTC,545,-44,235000280,4.1544444444444455
2018-06-17 00:00:00 UTC,545,-1633,338146009,5.5106944444444439
2018-06-17 00:00:00 UTC,545,-1636,367147230,1.3409722222222218
2018-06-17 00:00:00 UTC,545,158,261003230,3.2209722222222226
2018-06-17 00:00:00 UTC,545,159,261003230,0.84444444444444444
2018-06-17 00:00:00 UTC,-479,-630,701045000,2.5865277777777775
2018-06-17 00:00:00 UTC,-479,-628,701045000,1.0408333333333333
2018-06-17 00:00:00 UTC,-479,-629,701045000,0.60375
2018-06-17 00:00:00 UTC,-479,-587,440755000,2.470416666666666
2018-06-17 00:00:00 UTC,-479,-589,440755000,1.4193055555555556
2018-06-17 00:00:00 UTC,-479,-588,440755000,3.2979166666666662
2018-06-17 00:00:00 UTC,-479,-628,701031000,1.7934722222222219
2018-06-17 00:00:00 UTC,-479,-630,701031000,0.24152777777777779
2018-06-17 00:00:00 UTC,-479,-629,701031000,1.265694444444444
2018-06-17 00:00:00 UTC,-479,653,618000500,0.19194444444444445
2018-06-17 00:00:00 UTC,-479,654,618000500,1.7759722222222221
2018-06-17 00:00:00 UTC,-479,-623,701000628,0.722222222222222
2018-06-17 00:00:00 UTC,-223,1141,503711500,1.2618055555555556
2018-06-17 00:00:00 UTC,-223,487,660000800,1.0637499999999998
2018-06-17 00:00:00 UTC,-223,497,660000800,0.72875
2018-06-17 00:00:00 UTC,-223,496,660000800,2.5973611111111108
2018-06-17 00:00:00 UTC,-223,495,660000800,0.2338888888888889
2018-06-17 00:00:00 UTC,-223,-1681,416213800,0.92805555555555552
2018-06-17 00:00:00 UTC,-223,121,659388000,1.5508333333333326
2018-06-17 00:00:00 UTC,-223,491,660001400,1.8680555555555554
2018-06-17 00:00:00 UTC,-223,492,660001400,1.4275
2018-06-17 00:00:00 UTC,-223,493,660001400,0.75277777777777788
2018-06-17 00:00:00 UTC,-223,488,660001400,0.99749999999999994
2018-06-17 00:00:00 UTC,-223,490,660001400,1.2651388888888888
2018-06-17 00:00:00 UTC,-223,487,660001400,4.6644444444444453
2018-06-17 00:00:00 UTC,-223,489,660001400,1.8715277777777781
2018-06-17 00:00:00 UTC,-223,1624,540005000,2.4433333333333338
2018-06-17 00:00:00 UTC,-223,123,659610000,0.077916666666666662
2018-06-17 00:00:00 UTC,-223,124,659610000,2.6284722222222219
2018-06-17 00:00:00 UTC,-223,1141,503710900,0.28166666666666668
2018-06-17 00:00:00 UTC,-223,1142,503711200,4.9234722222222214
2018-06-17 00:00:00 UTC,34,590,664085000,2.6411111111111105
2018-06-17 00:00:00 UTC,34,654,416002135,1.6125
2018-06-17 00:00:00 UTC,34,655,416002135,6.7347222222222225
2018-06-17 00:00:00 UTC,34,648,664631000,1.2118055555555556
2018-06-17 00:00:00 UTC,34,649,664631000,0.92708333333333326
2018-06-17 00:00:00 UTC,34,650,664631000,1.1338888888888889
2018-06-17 00:00:00 UTC,34,647,664631000,5.6548611111111118
2018-06-17 00:00:00 UTC,34,1595,538060006,0.13444444444444445
2018-06-17 00:00:00 UTC,34,1594,538060006,0.5558333333333334
2018-06-17 00:00:00 UTC,34,1593,538060006,0.3979166666666667
2018-06-17 00:00:00 UTC,34,1613,510070000,9.4884722222222315
2018-06-17 00:00:00 UTC,290,1300,431003457,4.0290277777777783
2018-06-17 00:00:00 UTC,290,1220,412436804,0.20430555555555557
2018-06-17 00:00:00 UTC,290,-901,367723350,2.7365277777777779
2018-06-17 00:00:00 UTC,290,-900,367723350,9.4427777777777777
2018-06-17 00:00:00 UTC,290,1220,412436072,0.25819444444444445
2018-06-17 00:00:00 UTC,290,-900,367519360,3.2065277777777781
2018-06-17 00:00:00 UTC,290,-901,367594140,1.2202777777777778
2018-06-17 00:00:00 UTC,290,-900,367594140,5.991944444444445
2018-06-17 00:00:00 UTC,290,-901,367783580,17.134444444444448
2018-06-17 00:00:00 UTC,290,1300,431601350,0.89513888888888882
2018-06-17 00:00:00 UTC,290,1532,416000502,2.5247222222222225
2018-06-17 00:00:00 UTC,546,72,235001620,3.0623611111111106
2018-06-17 00:00:00 UTC,546,71,235001620,3.8266666666666662
2018-06-17 00:00:00 UTC,546,73,235001620,1.4959722222222223
2018-06-17 00:00:00 UTC,546,157,261003060,2.3815277777777779
2018-06-17 00:00:00 UTC,546,153,261003060,0.50875
2018-06-17 00:00:00 UTC,546,151,211474000,0.60805555555555557
2018-06-17 00:00:00 UTC,546,150,211474000,2.0611111111111109
2018-06-17 00:00:00 UTC,546,195,273249400,3.9372222222222217
2018-06-17 00:00:00 UTC,546,194,273249400,1.4094444444444445
2018-06-17 00:00:00 UTC,546,196,273249400,7.2634722222222221
2018-06-17 00:00:00 UTC,546,155,261012090,0.22749999999999998
2018-06-17 00:00:00 UTC,546,156,261012090,1.9131944444444444
2018-06-17 00:00:00 UTC,546,157,261012090,3.0549999999999997
2018-06-17 00:00:00 UTC,546,151,261023870,0.16666666666666666
2018-06-17 00:00:00 UTC,546,150,261023870,0.66694444444444445
2018-06-17 00:00:00 UTC,546,-1633,367738250,0.92125
2018-06-17 00:00:00 UTC,546,-1632,367738250,0.074305555555555555
2018-06-17 00:00:00 UTC,546,194,273248400,1.823472222222223
2018-06-17 00:00:00 UTC,546,195,273248400,3.6080555555555542
2018-06-17 00:00:00 UTC,546,196,273248400,1.3290277777777781
2018-06-17 00:00:00 UTC,546,187,261010330,1.432361111111111
2018-06-17 00:00:00 UTC,546,-187,224622000,3.7612500000000004
2018-06-17 00:00:00 UTC,546,156,261002160,0.81694444444444436
2018-06-17 00:00:00 UTC,546,157,261002160,1.4608333333333332
2018-06-17 00:00:00 UTC,546,196,273240500,1.8534722222222224
2018-06-17 00:00:00 UTC,546,194,273240500,1.440555555555556
2018-06-17 00:00:00 UTC,546,195,273240500,3.9831944444444436
2018-06-17 00:00:00 UTC,546,155,261001660,1.507222222222222
2018-06-17 00:00:00 UTC,546,154,261001660,1.0944444444444446
2018-06-17 00:00:00 UTC,546,157,261001660,0.16416666666666668
2018-06-17 00:00:00 UTC,546,153,261001660,1.1748611111111111
2018-06-17 00:00:00 UTC,546,156,261001660,1.23875
2018-06-17 00:00:00 UTC,546,152,261003710,1.8220833333333331
2018-06-17 00:00:00 UTC,546,156,261003710,1.0973611111111112
2018-06-17 00:00:00 UTC,546,155,261003710,1.0165277777777777
2018-06-17 00:00:00 UTC,546,153,261003710,4.4444444444444455
2018-06-17 00:00:00 UTC,546,154,261003710,2.2823611111111113
2018-06-17 00:00:00 UTC,546,194,273319360,1.9051388888888892
2018-06-17 00:00:00 UTC,546,195,273319360,3.7102777777777778
2018-06-17 00:00:00 UTC,546,196,273319360,1.9570833333333333
2018-06-17 00:00:00 UTC,546,-1635,366752970,0.13680555555555554
2018-06-17 00:00:00 UTC,546,-7,235000781,2.0816666666666666
2018-06-17 00:00:00 UTC,546,-1632,338146009,7.4506944444444452
2018-06-17 00:00:00 UTC,546,159,261003230,2.0126388888888886
2018-06-17 00:00:00 UTC,546,154,261006320,2.5704166666666666
2018-06-17 00:00:00 UTC,-478,-630,701045000,3.7841666666666662
2018-06-17 00:00:00 UTC,-478,-632,701045000,0.5525
2018-06-17 00:00:00 UTC,-478,-631,701045000,3.7573611111111114
2018-06-17 00:00:00 UTC,-478,-628,701045000,1.6598611111111108
2018-06-17 00:00:00 UTC,-478,-633,701045000,0.19249999999999998
2018-06-17 00:00:00 UTC,-478,-629,701045000,0.85986111111111119
2018-06-17 00:00:00 UTC,-478,-629,701031000,1.1444444444444444
2018-06-17 00:00:00 UTC,-478,-628,701031000,7.1919444444444478
2018-06-17 00:00:00 UTC,-478,-758,725000591,1.1125
2018-06-17 00:00:00 UTC,-478,-624,701000628,1.444722222222222
2018-06-17 00:00:00 UTC,-478,-622,701000628,0.566111111111111
2018-06-17 00:00:00 UTC,-478,-623,701000628,1.6961111111111105
2018-06-17 00:00:00 UTC,-222,1141,503711500,4.9440277777777775
2018-06-17 00:00:00 UTC,-222,1142,503711500,10.745694444444444
2018-06-17 00:00:00 UTC,-222,1531,503037210,4.7534722222222223
2018-06-17 00:00:00 UTC,-222,1530,503037210,3.4158333333333335
2018-06-17 00:00:00 UTC,-222,1532,503037210,3.6522222222222225
2018-06-17 00:00:00 UTC,-222,-1679,416213800,1.6676388888888889
2018-06-17 00:00:00 UTC,-222,-1678,416213800,0.49736111111111114
2018-06-17 00:00:00 UTC,-222,-1680,416213800,2.9797222222222222
2018-06-17 00:00:00 UTC,-222,-1681,416213800,0.44277777777777771
2018-06-17 00:00:00 UTC,-222,1142,503711300,1.9083333333333332
2018-06-17 00:00:00 UTC,-222,1141,503711300,2.2088888888888891
2018-06-17 00:00:00 UTC,-222,122,659388000,1.0493055555555555
2018-06-17 00:00:00 UTC,-222,121,659388000,0.27972222222222221
2018-06-17 00:00:00 UTC,-222,120,659388000,0.10277777777777777
2018-06-17 00:00:00 UTC,-222,488,660001400,1.7413888888888882
2018-06-17 00:00:00 UTC,-222,493,660001400,0.86416666666666653
2018-06-17 00:00:00 UTC,-222,494,660001400,3.0291666666666668
2018-06-17 00:00:00 UTC,-222,1142,503711100,5.7077777777777783
2018-06-17 00:00:00 UTC,-222,124,659610000,2.674722222222222
2018-06-17 00:00:00 UTC,-222,1142,503711400,13.009861111111114
2018-06-17 00:00:00 UTC,-222,1143,503711400,0.25375000000000003
2018-06-17 00:00:00 UTC,-222,1141,503711400,6.0780555555555553
2018-06-17 00:00:00 UTC,-222,1142,503710900,12.754305555555554
2018-06-17 00:00:00 UTC,-222,1141,503710900,8.7693055555555564
2018-06-17 00:00:00 UTC,-222,1142,503711200,14.726666666666665
2018-06-17 00:00:00 UTC,35,590,664085000,2.6372222222222224
2018-06-17 00:00:00 UTC,35,591,664085000,2.4065277777777778
2018-06-17 00:00:00 UTC,35,-1417,416176700,2.1044444444444443
2018-06-17 00:00:00 UTC,35,-1416,416176700,0.22486111111111109
2018-06-17 00:00:00 UTC,35,1482,548957000,0.27208333333333334
2018-06-17 00:00:00 UTC,35,642,664145000,4.9898611111111109
2018-06-17 00:00:00 UTC,35,645,664631000,3.37875
2018-06-17 00:00:00 UTC,35,648,664631000,3.3566666666666665
2018-06-17 00:00:00 UTC,35,649,664631000,3.615277777777778
2018-06-17 00:00:00 UTC,35,647,664631000,4.6850000000000005
2018-06-17 00:00:00 UTC,35,1523,431159000,1.6401388888888888
2018-06-17 00:00:00 UTC,35,1406,416000985,7.1202777777777788
2018-06-17 00:00:00 UTC,35,1405,416000985,2.3925
2018-06-17 00:00:00 UTC,35,1407,416000985,0.88291666666666668
2018-06-17 00:00:00 UTC,35,1403,416000985,3.0620833333333337
2018-06-17 00:00:00 UTC,35,1595,538060006,0.35736111111111113
2018-06-17 00:00:00 UTC,291,1220,412435458,2.2718055555555554
2018-06-17 00:00:00 UTC,291,1219,412435458,0.26694444444444443
2018-06-17 00:00:00 UTC,291,1218,998508350,4.2131944444444436
2018-06-17 00:00:00 UTC,291,1300,431003457,5.7030555555555562
2018-06-17 00:00:00 UTC,291,1220,412436804,2.1806944444444438
2018-06-17 00:00:00 UTC,291,1219,412436804,0.080277777777777781
2018-06-17 00:00:00 UTC,291,1219,998508372,0.33291666666666669
2018-06-17 00:00:00 UTC,291,1220,998508372,2.5779166666666664
2018-06-17 00:00:00 UTC,291,1220,412435292,1.7376388888888887
2018-06-17 00:00:00 UTC,291,1219,412435292,0.33763888888888888
2018-06-17 00:00:00 UTC,291,1220,412435302,0.7415277777777779
2018-06-17 00:00:00 UTC,291,1219,412435302,0.41180555555555554
2018-06-17 00:00:00 UTC,291,1220,412436072,0.79541666666666666
2018-06-17 00:00:00 UTC,291,1220,412436073,2.8441666666666667
2018-06-17 00:00:00 UTC,291,1219,412436073,0.083194444444444432
2018-06-17 00:00:00 UTC,291,1220,412435306,1.4588888888888887
2018-06-17 00:00:00 UTC,291,1219,412435306,0.16680555555555554
2018-06-17 00:00:00 UTC,291,1220,412436075,1.5743055555555554
2018-06-17 00:00:00 UTC,291,1219,412436075,0.4368055555555555
2018-06-17 00:00:00 UTC,291,1220,412438128,1.6954166666666666
2018-06-17 00:00:00 UTC,291,1219,412438128,0.37416666666666665
2018-06-17 00:00:00 UTC,291,1220,412438133,0.44222222222222218
2018-06-17 00:00:00 UTC,291,1219,412438133,0.51652777777777781
2018-06-17 00:00:00 UTC,291,-906,366822810,12.841944444444444
2018-06-17 00:00:00 UTC,291,1299,431601350,5.208333333333333
2018-06-17 00:00:00 UTC,291,1300,431601350,0.5247222222222222
2018-06-17 00:00:00 UTC,291,1219,412435446,0.070972222222222214
2018-06-17 00:00:00 UTC,291,1220,412435446,2.206805555555555
2018-06-17 00:00:00 UTC,291,1532,416000502,3.7601388888888891
2018-06-17 00:00:00 UTC,547,71,235001620,2.8456944444444447
2018-06-17 00:00:00 UTC,547,70,235001620,3.4847222222222221
2018-06-17 00:00:00 UTC,547,72,235001620,0.63861111111111113
2018-06-17 00:00:00 UTC,547,101,211226920,4.3076388888888886
2018-06-17 00:00:00 UTC,547,100,211226920,1.0856944444444445
2018-06-17 00:00:00 UTC,547,-1320,367599920,2.8363888888888886
2018-06-17 00:00:00 UTC,547,157,261003060,0.66666666666666663
2018-06-17 00:00:00 UTC,547,158,261003060,1.3916666666666668
2018-06-17 00:00:00 UTC,547,138,261007170,2.1733333333333338
2018-06-17 00:00:00 UTC,547,139,261007170,2.5015277777777776
2018-06-17 00:00:00 UTC,547,151,211474000,0.91097222222222229
2018-06-17 00:00:00 UTC,547,150,211474000,15.676944444444443
2018-06-17 00:00:00 UTC,547,187,261011540,5.7526388888888871
2018-06-17 00:00:00 UTC,547,196,273249400,1.9898611111111106
2018-06-17 00:00:00 UTC,547,195,273249400,2.3958333333333335
2018-06-17 00:00:00 UTC,547,158,261275000,4.1968055555555557
2018-06-17 00:00:00 UTC,547,157,261275000,3.1172222222222219
2018-06-17 00:00:00 UTC,547,108,219006328,4.159583333333333
2018-06-17 00:00:00 UTC,547,157,261012090,3.3875
2018-06-17 00:00:00 UTC,547,156,261012090,1.1973611111111111
2018-06-17 00:00:00 UTC,547,150,261023870,6.0597222222222227
2018-06-17 00:00:00 UTC,547,159,261002370,0.39152777777777781
2018-06-17 00:00:00 UTC,547,158,261002370,0.79625
2018-06-17 00:00:00 UTC,547,157,261002370,0.40430555555555558
2018-06-17 00:00:00 UTC,547,196,273248400,3.8566666666666669
2018-06-17 00:00:00 UTC,547,195,273248400,3.182916666666666
2018-06-17 00:00:00 UTC,547,-1320,367331480,12.879166666666666
2018-06-17 00:00:00 UTC,547,187,261010330,1.7368055555555555
2018-06-17 00:00:00 UTC,547,-180,224622000,6.1698611111111115
2018-06-17 00:00:00 UTC,547,-184,224622000,4.2720833333333337
2018-06-17 00:00:00 UTC,547,-186,224622000,2.7370833333333335
2018-06-17 00:00:00 UTC,547,-185,224622000,2.2826388888888887
2018-06-17 00:00:00 UTC,547,-182,224622000,1.4984722222222222
2018-06-17 00:00:00 UTC,547,159,261002160,1.1016666666666668
2018-06-17 00:00:00 UTC,547,157,261002160,1.5404166666666661
2018-06-17 00:00:00 UTC,547,158,261002160,2.9805555555555561
2018-06-17 00:00:00 UTC,547,196,273240500,1.7222222222222228
2018-06-17 00:00:00 UTC,547,195,273240500,2.2280555555555552
2018-06-17 00:00:00 UTC,547,158,261001660,2.9937499999999995
2018-06-17 00:00:00 UTC,547,159,261001660,0.084861111111111109
2018-06-17 00:00:00 UTC,547,157,261001660,1.3358333333333334
2018-06-17 00:00:00 UTC,547,158,261003710,2.3498611111111107
2018-06-17 00:00:00 UTC,547,157,261003710,1.7030555555555555
2018-06-17 00:00:00 UTC,547,195,273319360,2.6543055555555561
2018-06-17 00:00:00 UTC,547,196,273319360,3.2040277777777777
2018-06-17 00:00:00 UTC,547,158,261003230,1.0972222222222223
2018-06-17 00:00:00 UTC,547,159,261003230,1.7106944444444439
2018-06-17 00:00:00 UTC,547,157,261003230,0.56402777777777779
2018-06-17 00:00:00 UTC,547,195,273399010,2.0451388888888888
2018-06-17 00:00:00 UTC,547,-1320,367350760,11.659305555555555
2018-06-17 00:00:00 UTC,547,1444,273845500,8.06763888888889
2018-06-17 00:00:00 UTC,547,1445,273845500,2.2154166666666666
2018-06-17 00:00:00 UTC,547,1443,273845500,0.22999999999999998
2018-06-17 00:00:00 UTC,547,172,261000700,0.66944444444444451
2018-06-17 00:00:00 UTC,547,171,261000700,3.0804166666666677
2018-06-17 00:00:00 UTC,-477,-632,701045000,1.0379166666666666
2018-06-17 00:00:00 UTC,-477,-634,701045000,1.2798611111111111
2018-06-17 00:00:00 UTC,-477,-635,701045000,1.3301388888888892
2018-06-17 00:00:00 UTC,-477,-633,701045000,0.45638888888888884
2018-06-17 00:00:00 UTC,-477,-628,701031000,3.778888888888889
2018-06-17 00:00:00 UTC,-477,-757,725000591,0.33597222222222223
2018-06-17 00:00:00 UTC,-477,-758,725000591,10.906805555555572
2018-06-17 00:00:00 UTC,-477,-623,701000628,2.0337499999999995
2018-06-17 00:00:00 UTC,-477,-621,701000628,0.59569444444444442
2018-06-17 00:00:00 UTC,-477,-622,701000628,0.22013888888888888
2018-06-17 00:00:00 UTC,-477,-626,701000628,0.40430555555555558
2018-06-17 00:00:00 UTC,-477,-625,701000628,0.22486111111111112
2018-06-17 00:00:00 UTC,-477,-624,701000628,4.1148611111111117
2018-06-17 00:00:00 UTC,-221,1532,503037210,6.9577777777777783
2018-06-17 00:00:00 UTC,-221,1531,503037210,4.8063888888888888
2018-06-17 00:00:00 UTC,-221,126,659433000,0.57680555555555557
2018-06-17 00:00:00 UTC,-221,127,659433000,0.58777777777777784
2018-06-17 00:00:00 UTC,-221,128,659465000,0.47486111111111112
2018-06-17 00:00:00 UTC,-221,-1677,416213800,0.84291666666666665
2018-06-17 00:00:00 UTC,-221,-1678,416213800,2.1483333333333334
2018-06-17 00:00:00 UTC,-221,-1679,416213800,0.82472222222222225
2018-06-17 00:00:00 UTC,-221,1142,503711300,0.17027777777777778
2018-06-17 00:00:00 UTC,-221,1143,503711300,1.8683333333333332
2018-06-17 00:00:00 UTC,-221,1141,503711300,3.415972222222222
2018-06-17 00:00:00 UTC,-221,128,659314000,1.1933333333333334
2018-06-17 00:00:00 UTC,-221,122,659388000,2.0254166666666671
2018-06-17 00:00:00 UTC,-221,1143,503711100,1.4084722222222223
2018-06-17 00:00:00 UTC,-221,1142,503711100,6.783333333333335
2018-06-17 00:00:00 UTC,-221,125,659610000,5.7668055555555533
2018-06-17 00:00:00 UTC,-221,124,659610000,1.6266666666666667
2018-06-17 00:00:00 UTC,-221,1141,503711400,2.53375
2018-06-17 00:00:00 UTC,-221,1143,503711400,2.3188888888888886
2018-06-17 00:00:00 UTC,-221,1529,503648200,0.62861111111111112
2018-06-17 00:00:00 UTC,36,590,664085000,4.5338888888888889
2018-06-17 00:00:00 UTC,36,1686,510014000,0.23041666666666666
2018-06-17 00:00:00 UTC,36,1681,510014000,4.1304166666666662
2018-06-17 00:00:00 UTC,36,1689,510014000,0.31597222222222221
2018-06-17 00:00:00 UTC,36,1684,510014000,0.26916666666666667
2018-06-17 00:00:00 UTC,36,1683,510014000,1.1581944444444443
2018-06-17 00:00:00 UTC,36,1688,510014000,0.70611111111111113
2018-06-17 00:00:00 UTC,36,1682,510014000,0.71347222222222229
2018-06-17 00:00:00 UTC,36,1687,510014000,1.1809722222222223
2018-06-17 00:00:00 UTC,36,-1417,416176700,1.3001388888888887
2018-06-17 00:00:00 UTC,36,-1416,416176700,0.39749999999999996
2018-06-17 00:00:00 UTC,36,652,416071500,2.38875
2018-06-17 00:00:00 UTC,36,653,416071500,2.2738888888888891
2018-06-17 00:00:00 UTC,36,1399,416236200,1.9477777777777778
2018-06-17 00:00:00 UTC,36,1398,416236200,1.4676388888888889
2018-06-17 00:00:00 UTC,36,1397,416236200,6.9836111111111121
2018-06-17 00:00:00 UTC,36,1396,416236200,2.8502777777777779
2018-06-17 00:00:00 UTC,36,1689,367170000,3.3538888888888887
2018-06-17 00:00:00 UTC,36,1688,367170000,5.9866666666666681
2018-06-17 00:00:00 UTC,36,1523,431159000,2.6668055555555559
2018-06-17 00:00:00 UTC,36,1522,431159000,3.2762499999999992
2018-06-17 00:00:00 UTC,36,1406,416000985,2.4658333333333333
2018-06-17 00:00:00 UTC,36,1405,416000985,7.8384722222222223
2018-06-17 00:00:00 UTC,292,1219,412435458,0.16736111111111113
2018-06-17 00:00:00 UTC,292,1466,416000265,10.965138888888887
2018-06-17 00:00:00 UTC,292,1461,416000265,0.72736111111111112
2018-06-17 00:00:00 UTC,292,1459,416000265,11.929027777777776
2018-06-17 00:00:00 UTC,292,1460,416000265,6.0291666666666668
2018-06-17 00:00:00 UTC,292,1747,416221500,0.17500000000000002
2018-06-17 00:00:00 UTC,292,-877,367155810,3.5123611111111108
2018-06-17 00:00:00 UTC,292,-878,367155810,3.0184722222222224
2018-06-17 00:00:00 UTC,292,1533,416000502,2.05375
2018-06-17 00:00:00 UTC,292,1532,416000502,1.2805555555555554
2018-06-17 00:00:00 UTC,548,69,235001620,0.53625000000000012
2018-06-17 00:00:00 UTC,548,-1320,367599920,6.32375
2018-06-17 00:00:00 UTC,548,1548,273813300,0.37930555555555562
2018-06-17 00:00:00 UTC,548,1549,273813300,0.34861111111111109
2018-06-17 00:00:00 UTC,548,158,261003060,0.76083333333333325
2018-06-17 00:00:00 UTC,548,160,261003060,0.7287499999999999
2018-06-17 00:00:00 UTC,548,159,261003060,4.2802777777777781
2018-06-17 00:00:00 UTC,548,-11,235098936,0.23180555555555554
2018-06-17 00:00:00 UTC,548,138,261007170,4.0052777777777795
2018-06-17 00:00:00 UTC,548,139,261007170,6.3294444444444444
2018-06-17 00:00:00 UTC,548,140,261007170,1.3359722222222221
2018-06-17 00:00:00 UTC,548,151,211474000,5.0415277777777767
2018-06-17 00:00:00 UTC,548,186,261011540,2.6181944444444438
2018-06-17 00:00:00 UTC,548,187,261011540,3.1952777777777785
2018-06-17 00:00:00 UTC,548,195,273249400,0.76694444444444443
2018-06-17 00:00:00 UTC,548,158,261275000,1.68875
2018-06-17 00:00:00 UTC,548,109,219006328,0.1915277777777778
2018-06-17 00:00:00 UTC,548,1554,273424250,1.8941666666666672
2018-06-17 00:00:00 UTC,548,160,261002370,2.4933333333333341
2018-06-17 00:00:00 UTC,548,158,261002370,3.2319444444444447
2018-06-17 00:00:00 UTC,548,157,261002370,0.27486111111111111
2018-06-17 00:00:00 UTC,548,159,261002370,5.38888888888889
2018-06-17 00:00:00 UTC,548,161,261002370,0.33347222222222223
2018-06-17 00:00:00 UTC,548,195,273248400,1.7018055555555551
2018-06-17 00:00:00 UTC,548,186,261012880,0.50972222222222219
2018-06-17 00:00:00 UTC,548,184,261012880,0.057083333333333333
2018-06-17 00:00:00 UTC,548,-1320,367331480,1.3579166666666667
2018-06-17 00:00:00 UTC,548,183,261030560,1.4316666666666666
2018-06-17 00:00:00 UTC,548,158,261002160,2.2874999999999996
2018-06-17 00:00:00 UTC,548,159,261002160,2.5683333333333334
2018-06-17 00:00:00 UTC,548,195,273240500,0.80555555555555558
2018-06-17 00:00:00 UTC,548,158,261001660,2.1276388888888893
2018-06-17 00:00:00 UTC,548,159,261001660,1.766111111111111
2018-06-17 00:00:00 UTC,548,158,261003710,1.7955555555555551
2018-06-17 00:00:00 UTC,548,159,261003710,3.6141666666666685
2018-06-17 00:00:00 UTC,548,195,273319360,1.68375
2018-06-17 00:00:00 UTC,548,-10,235004107,0.9458333333333333
2018-06-17 00:00:00 UTC,548,157,261003230,0.65013888888888893
2018-06-17 00:00:00 UTC,548,159,261003230,3.8749999999999996
2018-06-17 00:00:00 UTC,548,158,261003230,1.5501388888888887
2018-06-17 00:00:00 UTC,548,1483,273352930,0.30444444444444441
2018-06-17 00:00:00 UTC,548,1482,273352930,1.54875
2018-06-17 00:00:00 UTC,548,195,273399010,4.15875
2018-06-17 00:00:00 UTC,548,186,261011430,0.9326388888888888
2018-06-17 00:00:00 UTC,548,184,261011430,0.064722222222222223
2018-06-17 00:00:00 UTC,548,1444,273845500,7.47
2018-06-17 00:00:00 UTC,548,1443,273845500,0.17722222222222223
2018-06-17 00:00:00 UTC,548,1445,273845500,4.5423611111111111
2018-06-17 00:00:00 UTC,-476,-590,440755000,2.1673611111111097
2018-06-17 00:00:00 UTC,-476,-589,440755000,1.2904166666666668
2018-06-17 00:00:00 UTC,-476,-628,701031000,4.7905555555555548
2018-06-17 00:00:00 UTC,-476,-758,725000591,4.12875
2018-06-17 00:00:00 UTC,-476,-757,725000591,5.9156944444444424
2018-06-17 00:00:00 UTC,-476,-625,701000628,1.2054166666666666
2018-06-17 00:00:00 UTC,-476,-626,701000628,2.2459722222222225
2018-06-17 00:00:00 UTC,-476,-621,701000628,1.1320833333333333
2018-06-17 00:00:00 UTC,-220,126,659433000,3.962361111111111
2018-06-17 00:00:00 UTC,-220,127,659465000,4.9701388888888891
2018-06-17 00:00:00 UTC,-220,128,659465000,2.5083333333333333
2018-06-17 00:00:00 UTC,-220,-1676,416213800,0.85430555555555554
2018-06-17 00:00:00 UTC,-220,-1677,416213800,2.0573611111111112
2018-06-17 00:00:00 UTC,-220,1141,503711300,1.9856944444444444
2018-06-17 00:00:00 UTC,-220,1143,503711300,12.012083333333335
2018-06-17 00:00:00 UTC,-220,1530,503061840,15.501666666666667
2018-06-17 00:00:00 UTC,-220,127,659314000,0.87694444444444442
2018-06-17 00:00:00 UTC,-220,128,659314000,4.7679166666666655
2018-06-17 00:00:00 UTC,-220,122,659388000,4.1245833333333328
2018-06-17 00:00:00 UTC,-220,1530,503648100,5.2888888888888888
2018-06-17 00:00:00 UTC,-220,124,659610000,1.1581944444444445
2018-06-17 00:00:00 UTC,-220,-1672,416233900,0.78861111111111115
2018-06-17 00:00:00 UTC,-220,-1671,416233900,0.83680555555555547
2018-06-17 00:00:00 UTC,-220,-1670,416233900,0.97791666666666666
2018-06-17 00:00:00 UTC,-220,1529,503648200,1.1800000000000002
2018-06-17 00:00:00 UTC,-220,1598,540003800,0.14861111111111111
2018-06-17 00:00:00 UTC,-220,1597,540003800,0.81194444444444436
2018-06-17 00:00:00 UTC,-220,495,660005600,4.4063888888888885
2018-06-17 00:00:00 UTC,-220,494,660005600,1.6676388888888889
2018-06-17 00:00:00 UTC,37,577,664085000,2.0070833333333331
2018-06-17 00:00:00 UTC,37,578,664085000,0.42486111111111113
2018-06-17 00:00:00 UTC,37,588,664085000,0.87222222222222223
2018-06-17 00:00:00 UTC,37,589,664085000,3.8315277777777776
2018-06-17 00:00:00 UTC,37,-504,710002199,3.8625000000000003
2018-06-17 00:00:00 UTC,37,-1482,441812000,0.67958333333333343
2018-06-17 00:00:00 UTC,37,1539,510057000,0.95583333333333342
2018-06-17 00:00:00 UTC,37,-1415,416176700,1.1970833333333333
2018-06-17 00:00:00 UTC,37,-1417,416176700,1.8062499999999995
2018-06-17 00:00:00 UTC,37,651,416071500,5.8723611111111111
2018-06-17 00:00:00 UTC,37,654,416071500,2.7659722222222225
2018-06-17 00:00:00 UTC,37,643,664145000,4.7304166666666667
2018-06-17 00:00:00 UTC,37,642,664145000,2.4783333333333335
2018-06-17 00:00:00 UTC,37,1570,222000004,2.7126388888888888
2018-06-17 00:00:00 UTC,37,1396,416236200,3.796388888888889
2018-06-17 00:00:00 UTC,37,1399,416236200,1.8415277777777779
2018-06-17 00:00:00 UTC,37,1398,416236200,2.9954166666666673
2018-06-17 00:00:00 UTC,37,1397,416236200,1.659861111111111
2018-06-17 00:00:00 UTC,293,1219,998508305,8.96513888888889
2018-06-17 00:00:00 UTC,293,-876,367155810,5.1455555555555561
2018-06-17 00:00:00 UTC,293,-877,367155810,1.1748611111111111
2018-06-17 00:00:00 UTC,293,1535,416003205,2.0377777777777779
2018-06-17 00:00:00 UTC,293,1534,416003205,0.44069444444444439
2018-06-17 00:00:00 UTC,293,1532,416000502,0.20652777777777778
2018-06-17 00:00:00 UTC,549,1554,273813300,12.691805555555554
2018-06-17 00:00:00 UTC,549,1547,273813300,1.0291666666666668
2018-06-17 00:00:00 UTC,549,1552,273813300,0.51402777777777775
2018-06-17 00:00:00 UTC,549,1555,273813300,1.1111111111111109
2018-06-17 00:00:00 UTC,549,1550,273813300,0.41361111111111104
2018-06-17 00:00:00 UTC,549,1548,273813300,0.15902777777777777
2018-06-17 00:00:00 UTC,549,1546,273813300,0.6580555555555555
2018-06-17 00:00:00 UTC,549,1545,273813300,0.65222222222222215
2018-06-17 00:00:00 UTC,549,159,261003060,0.26805555555555555
2018-06-17 00:00:00 UTC,549,-11,235098936,4.5891666666666682
2018-06-17 00:00:00 UTC,549,139,261007170,1.9136111111111103
2018-06-17 00:00:00 UTC,549,141,261007170,0.16652777777777777
2018-06-17 00:00:00 UTC,549,140,261007170,4.33375
2018-06-17 00:00:00 UTC,549,185,261011540,3.7780555555555555
2018-06-17 00:00:00 UTC,549,186,261011540,3.7177777777777776
2018-06-17 00:00:00 UTC,549,-15,232008028,0.26875
2018-06-17 00:00:00 UTC,549,-12,235104101,3.2379166666666661
2018-06-17 00:00:00 UTC,549,-13,235104101,1.26
2018-06-17 00:00:00 UTC,549,-1650,338673000,0.026527777777777779
2018-06-17 00:00:00 UTC,549,-11,235110763,3.254027777777778
2018-06-17 00:00:00 UTC,549,-12,235110763,4.8409722222222218
2018-06-17 00:00:00 UTC,549,1554,273424250,3.5662499999999997
2018-06-17 00:00:00 UTC,549,161,261002370,3.6597222222222223
2018-06-17 00:00:00 UTC,549,162,261002370,1.5705555555555555
2018-06-17 00:00:00 UTC,549,186,261012880,1.4069444444444443
2018-06-17 00:00:00 UTC,549,184,261012880,1.325277777777778
2018-06-17 00:00:00 UTC,549,185,261012880,1.4288888888888893
2018-06-17 00:00:00 UTC,549,161,261002910,15.232361111111111
2018-06-17 00:00:00 UTC,549,162,261002910,4.0708333333333364
2018-06-17 00:00:00 UTC,549,185,261030560,5.8913888888888879
2018-06-17 00:00:00 UTC,549,-1320,367509670,0.906388888888889
2018-06-17 00:00:00 UTC,549,-11,235004107,3.4426388888888875
2018-06-17 00:00:00 UTC,549,-10,235004107,1.3583333333333334
2018-06-17 00:00:00 UTC,549,-1653,367490000,0.3691666666666667
2018-06-17 00:00:00 UTC,549,-1652,367490000,1.6330555555555555
2018-06-17 00:00:00 UTC,549,-1649,367490000,1.608888888888889
2018-06-17 00:00:00 UTC,549,-1651,367490000,0.38166666666666671
2018-06-17 00:00:00 UTC,549,153,211317720,1.3226388888888885
2018-06-17 00:00:00 UTC,549,152,211317720,6.32375
2018-06-17 00:00:00 UTC,549,154,211317720,0.040833333333333333
2018-06-17 00:00:00 UTC,549,1483,273352930,3.8472222222222219
2018-06-17 00:00:00 UTC,549,1481,273352930,1.3265277777777778
2018-06-17 00:00:00 UTC,549,1484,273352930,0.96125
2018-06-17 00:00:00 UTC,549,1482,273352930,3.3416666666666668
2018-06-17 00:00:00 UTC,549,195,273399010,4.2962500000000006
2018-06-17 00:00:00 UTC,549,185,261011430,7.2795833333333322
2018-06-17 00:00:00 UTC,549,186,261011430,6.556388888888887
2018-06-17 00:00:00 UTC,549,153,261006320,3.2961111111111112
2018-06-17 00:00:00 UTC,549,-1675,367707380,0.35430555555555565
2018-06-17 00:00:00 UTC,-475,-757,725000591,0.51402777777777775
2018-06-17 00:00:00 UTC,-475,-626,701000628,0.16152777777777777
2018-06-17 00:00:00 UTC,-475,-621,701000628,1.3565277777777776
2018-06-17 00:00:00 UTC,-475,-620,701000628,0.875
2018-06-17 00:00:00 UTC,-475,-625,701037000,0.76625000000000021
2018-06-17 00:00:00 UTC,-475,-626,701037000,0.96638888888888874
2018-06-17 00:00:00 UTC,-219,126,659433000,3.6105555555555564
2018-06-17 00:00:00 UTC,-219,127,659465000,6.8154166666666667
2018-06-17 00:00:00 UTC,-219,-1676,416213800,4.635416666666667
2018-06-17 00:00:00 UTC,-219,-1675,416213800,3.4730555555555558
2018-06-17 00:00:00 UTC,-219,1530,503061840,5.8469444444444454
2018-06-17 00:00:00 UTC,-219,128,659314000,0.867638888888889
2018-06-17 00:00:00 UTC,-219,127,659314000,5.4929166666666687
2018-06-17 00:00:00 UTC,-219,122,659388000,0.53708333333333336
2018-06-17 00:00:00 UTC,-219,1529,503648100,1.827638888888889
2018-06-17 00:00:00 UTC,-219,1530,503648100,8.6259722222222219
2018-06-17 00:00:00 UTC,-219,370,440699000,1.0966666666666665
2018-06-17 00:00:00 UTC,-219,371,440699000,0.84527777777777779
2018-06-17 00:00:00 UTC,-219,124,659610000,3.7558333333333329
2018-06-17 00:00:00 UTC,-219,-1676,416233900,3.9225
2018-06-17 00:00:00 UTC,-219,-1674,416233900,1.11875
2018-06-17 00:00:00 UTC,-219,-1675,416233900,2.1638888888888888
2018-06-17 00:00:00 UTC,-219,-1673,416233900,0.4622222222222222
2018-06-17 00:00:00 UTC,-219,1529,503648200,0.65194444444444444
2018-06-17 00:00:00 UTC,-219,1596,540003800,1.3998611111111112
2018-06-17 00:00:00 UTC,-219,1597,540003800,2.0280555555555555
2018-06-17 00:00:00 UTC,-219,493,660005600,1.3738888888888889
2018-06-17 00:00:00 UTC,-219,491,660005600,2.9934722222222221
2018-06-17 00:00:00 UTC,38,-504,710002199,12.508611111111112
2018-06-17 00:00:00 UTC,38,-505,710002199,1.268888888888889
2018-06-17 00:00:00 UTC,38,-1475,441812000,0.48652777777777773
2018-06-17 00:00:00 UTC,38,1540,510057000,1.062083333333333
2018-06-17 00:00:00 UTC,38,1538,510057000,4.4125000000000005
2018-06-17 00:00:00 UTC,38,1537,510057000,1.8145833333333334
2018-06-17 00:00:00 UTC,38,1539,510057000,1.0584722222222223
2018-06-17 00:00:00 UTC,38,1689,416247600,0.11402777777777777
2018-06-17 00:00:00 UTC,38,1688,416247600,2.1983333333333337
2018-06-17 00:00:00 UTC,38,1690,416247600,9.1119444444444415
2018-06-17 00:00:00 UTC,38,-1417,416176700,2.1206944444444451
2018-06-17 00:00:00 UTC,38,-1416,416176700,1.8488888888888886
2018-06-17 00:00:00 UTC,38,-1415,416176700,3.1451388888888889
2018-06-17 00:00:00 UTC,38,1704,510013000,2.52625
2018-06-17 00:00:00 UTC,38,653,416071500,0.6775
2018-06-17 00:00:00 UTC,38,654,416071500,4.9483333333333333
2018-06-17 00:00:00 UTC,38,652,416071500,0.752361111111111
2018-06-17 00:00:00 UTC,38,650,416071500,1.8704166666666666
2018-06-17 00:00:00 UTC,38,1570,222000004,1.1077777777777778
2018-06-17 00:00:00 UTC,38,1688,366020000,7.8176388888888892
2018-06-17 00:00:00 UTC,38,1687,366020000,2.2622222222222215
2018-06-17 00:00:00 UTC,38,1398,416236200,0.24500000000000002
2018-06-17 00:00:00 UTC,38,60,877831600,0.56666666666666665
2018-06-17 00:00:00 UTC,38,-1088,416000179,1.1115277777777779
2018-06-17 00:00:00 UTC,38,1570,200016052,0.28611111111111115
2018-06-17 00:00:00 UTC,38,1688,367170000,0.4877777777777777
2018-06-17 00:00:00 UTC,38,1689,367170000,0.24027777777777778
2018-06-17 00:00:00 UTC,38,661,416705000,11.399444444444445
2018-06-17 00:00:00 UTC,294,1540,200020737,3.9444444444444446
2018-06-17 00:00:00 UTC,294,-938,367487010,3.9002777777777777
2018-06-17 00:00:00 UTC,294,-869,367155810,3.8823611111111114
2018-06-17 00:00:00 UTC,294,-874,367155810,1.2541666666666667
2018-06-17 00:00:00 UTC,294,-873,367155810,5.0984722222222221
2018-06-17 00:00:00 UTC,294,-870,367155810,0.648611111111111
2018-06-17 00:00:00 UTC,294,-937,366869870,4.5284722222222218
2018-06-17 00:00:00 UTC,294,-938,366869870,1.9373611111111111
2018-06-17 00:00:00 UTC,294,1534,416000502,0.51083333333333336
2018-06-17 00:00:00 UTC,294,1533,416000502,2.152222222222222
2018-06-17 00:00:00 UTC,294,-924,367331320,0.30180555555555555
2018-06-17 00:00:00 UTC,550,-1649,338271000,0.60930555555555543
2018-06-17 00:00:00 UTC,550,-1648,367084590,1.7437499999999992
2018-06-17 00:00:00 UTC,550,-1647,367084590,1.7373611111111109
2018-06-17 00:00:00 UTC,550,1549,273813300,0.6480555555555555
2018-06-17 00:00:00 UTC,550,1545,273813300,0.25930555555555557
2018-06-17 00:00:00 UTC,550,1546,273813300,0.50375
2018-06-17 00:00:00 UTC,550,1552,273813300,0.52847222222222223
2018-06-17 00:00:00 UTC,550,1548,273813300,0.41472222222222216
2018-06-17 00:00:00 UTC,550,1547,273813300,0.98597222222222225
2018-06-17 00:00:00 UTC,550,-12,235098936,3.399027777777778
2018-06-17 00:00:00 UTC,550,-13,235098936,0.86722222222222223
2018-06-17 00:00:00 UTC,550,-11,235098936,1.6375000000000002
2018-06-17 00:00:00 UTC,550,-1647,367528000,1.6363888888888884
2018-06-17 00:00:00 UTC,550,-1648,367528000,1.4480555555555554
2018-06-17 00:00:00 UTC,550,-14,232008028,0.059166666666666673
2018-06-17 00:00:00 UTC,550,-15,232008028,7.1444444444444466
2018-06-17 00:00:00 UTC,550,-1647,368412000,0.33430555555555558
2018-06-17 00:00:00 UTC,550,-1648,368412000,0.69055555555555548
2018-06-17 00:00:00 UTC,550,-1649,338673000,2.6793055555555561
2018-06-17 00:00:00 UTC,550,-1650,338673000,1.6929166666666668
2018-06-17 00:00:00 UTC,550,-1648,338673000,5.4718055555555569
2018-06-17 00:00:00 UTC,550,-13,235110763,0.46236111111111111
2018-06-17 00:00:00 UTC,550,-12,235110763,3.0747222222222224
2018-06-17 00:00:00 UTC,550,-1648,369531000,0.79791666666666661
2018-06-17 00:00:00 UTC,550,-1649,369531000,2.7298611111111111
2018-06-17 00:00:00 UTC,550,184,265765000,0.58319444444444446
2018-06-17 00:00:00 UTC,550,-1312,316005772,4.4076388888888891
2018-06-17 00:00:00 UTC,550,183,261012880,2.2704166666666672
2018-06-17 00:00:00 UTC,550,184,261012880,2.4754166666666664
2018-06-17 00:00:00 UTC,550,-1320,367509670,10.824444444444442
2018-06-17 00:00:00 UTC,550,-1648,366743980,1.9715277777777778
2018-06-17 00:00:00 UTC,550,-1648,367108540,3.7393055555555552
2018-06-17 00:00:00 UTC,550,-1649,367108540,3.8176388888888875
2018-06-17 00:00:00 UTC,550,-1647,367108540,0.20027777777777778
2018-06-17 00:00:00 UTC,550,-12,235004107,1.6786111111111111
2018-06-17 00:00:00 UTC,550,-11,235004107,3.0083333333333329
2018-06-17 00:00:00 UTC,550,184,261014220,5.7377777777777776
2018-06-17 00:00:00 UTC,550,82,219001039,2.4811111111111113
2018-06-17 00:00:00 UTC,550,-1649,367490000,3.2793055555555566
2018-06-17 00:00:00 UTC,550,-1652,367490000,0.49958333333333332
2018-06-17 00:00:00 UTC,550,-1651,367490000,0.81736111111111109
2018-06-17 00:00:00 UTC,550,-1650,367490000,0.86652777777777779
2018-06-17 00:00:00 UTC,550,-1648,367490000,2.6615277777777782
2018-06-17 00:00:00 UTC,550,-1648,367479000,1.0456944444444447
2018-06-17 00:00:00 UTC,550,1482,273352930,2.3469444444444445
2018-06-17 00:00:00 UTC,550,1483,273352930,1.3098611111111109
2018-06-17 00:00:00 UTC,550,1485,273352930,2.0970833333333334
2018-06-17 00:00:00 UTC,550,1486,273352930,3.7968055555555558
2018-06-17 00:00:00 UTC,550,185,261011430,0.98069444444444431
2018-06-17 00:00:00 UTC,-474,-621,701000628,0.495
2018-06-17 00:00:00 UTC,-218,-1212,412209186,3.9475
2018-06-17 00:00:00 UTC,-218,-1213,412209186,0.64833333333333332
2018-06-17 00:00:00 UTC,-218,126,659433000,3.2690277777777772
2018-06-17 00:00:00 UTC,-218,127,659465000,5.7491666666666665
2018-06-17 00:00:00 UTC,-218,127,659314000,6.52888888888889
2018-06-17 00:00:00 UTC,-218,1529,503648100,7.2140277777777779
2018-06-17 00:00:00 UTC,-218,366,440699000,0.30166666666666669
2018-06-17 00:00:00 UTC,-218,372,440699000,0.7566666666666666
2018-06-17 00:00:00 UTC,-218,371,440699000,0.87625
2018-06-17 00:00:00 UTC,-218,1529,503648200,12.491111111111111
2018-06-17 00:00:00 UTC,-218,125,659053000,0.79472222222222211
2018-06-17 00:00:00 UTC,-218,1596,540003800,3.7219444444444449
2018-06-17 00:00:00 UTC,-218,492,660005600,2.3030555555555554
2018-06-17 00:00:00 UTC,-218,493,660005600,0.83208333333333329
2018-06-17 00:00:00 UTC,39,-504,710002199,6.5737499999999995
2018-06-17 00:00:00 UTC,39,-1475,441812000,0.21416666666666667
2018-06-17 00:00:00 UTC,39,1690,416247600,0.91791666666666671
2018-06-17 00:00:00 UTC,39,1689,416247600,2.432638888888889
2018-06-17 00:00:00 UTC,39,1706,510013000,1.0787499999999999
2018-06-17 00:00:00 UTC,39,1701,510013000,0.72944444444444445
2018-06-17 00:00:00 UTC,39,1697,510013000,1.6004166666666666
2018-06-17 00:00:00 UTC,39,1704,510013000,0.64291666666666669
2018-06-17 00:00:00 UTC,39,1703,510013000,1.25125
2018-06-17 00:00:00 UTC,39,1702,510013000,1.3981944444444445
2018-06-17 00:00:00 UTC,39,1698,510013000,1.0105555555555557
2018-06-17 00:00:00 UTC,39,1571,222000004,3.4291666666666667
2018-06-17 00:00:00 UTC,39,-1088,416000179,2.2830555555555554
2018-06-17 00:00:00 UTC,39,665,416705000,11.672083333333333
2018-06-17 00:00:00 UTC,295,1540,200020737,3.7143055555555557
2018-06-17 00:00:00 UTC,295,1539,200020737,1.1630555555555557
2018-06-17 00:00:00 UTC,295,-936,368027410,4.6834722222222229
2018-06-17 00:00:00 UTC,295,-937,368027410,1.3461111111111113
2018-06-17 00:00:00 UTC,295,-938,367430430,1.3098611111111114
2018-06-17 00:00:00 UTC,295,-939,367538530,0.41624999999999995
2018-06-17 00:00:00 UTC,295,-938,367538530,0.64166666666666661
2018-06-17 00:00:00 UTC,295,-938,366869870,8.2409722222222221
2018-06-17 00:00:00 UTC,295,-937,366869870,0.079305555555555546
2018-06-17 00:00:00 UTC,295,-938,367459960,0.096111111111111119
2018-06-17 00:00:00 UTC,295,1538,416003205,1.3065277777777777
2018-06-17 00:00:00 UTC,295,-939,367436180,0.25
2018-06-17 00:00:00 UTC,295,-937,367631520,3.2972222222222221
2018-06-17 00:00:00 UTC,295,-936,367631520,9.03291666666667
2018-06-17 00:00:00 UTC,295,-936,367438770,0.28777777777777774
2018-06-17 00:00:00 UTC,295,-937,367438770,1.2372222222222222
2018-06-17 00:00:00 UTC,295,-936,367709410,10.574027777777779
2018-06-17 00:00:00 UTC,295,-935,367709410,0.48291666666666672
2018-06-17 00:00:00 UTC,295,-938,366986230,2.6048611111111111
2018-06-17 00:00:00 UTC,551,-1647,338271000,0.8925
2018-06-17 00:00:00 UTC,551,-1649,338271000,1.7886111111111112
2018-06-17 00:00:00 UTC,551,-1648,338271000,4.08277777777778
2018-06-17 00:00:00 UTC,551,-1605,367405340,11.745555555555555
2018-06-17 00:00:00 UTC,551,-1646,367084590,2.3311111111111109
2018-06-17 00:00:00 UTC,551,-1647,367084590,2.063333333333333
2018-06-17 00:00:00 UTC,551,-1648,367084590,0.5411111111111111
2018-06-17 00:00:00 UTC,551,-1645,367084590,0.1386111111111111
2018-06-17 00:00:00 UTC,551,145,220339000,6.3984722222222219
2018-06-17 00:00:00 UTC,551,143,220339000,1.7909722222222222
2018-06-17 00:00:00 UTC,551,144,220339000,3.567222222222223
2018-06-17 00:00:00 UTC,551,146,220339000,1.1324999999999998
2018-06-17 00:00:00 UTC,551,183,266099000,3.4876388888888887
2018-06-17 00:00:00 UTC,551,-1647,367528000,3.3722222222222213
2018-06-17 00:00:00 UTC,551,-1648,367528000,0.24236111111111111
2018-06-17 00:00:00 UTC,551,-1646,367528000,1.7763888888888886
2018-06-17 00:00:00 UTC,551,-15,235002718,1.482777777777778
2018-06-17 00:00:00 UTC,551,-13,235002718,0.20986111111111108
2018-06-17 00:00:00 UTC,551,-14,235002718,14.001527777777779
2018-06-17 00:00:00 UTC,551,-1647,368412000,4.2834722222222226
2018-06-17 00:00:00 UTC,551,-1648,368412000,0.2323611111111111
2018-06-17 00:00:00 UTC,551,-1646,368412000,1.4440277777777779
2018-06-17 00:00:00 UTC,551,197,273452640,9.41986111111111
2018-06-17 00:00:00 UTC,551,196,273452640,0.6841666666666667
2018-06-17 00:00:00 UTC,551,-1645,338673000,0.85083333333333333
2018-06-17 00:00:00 UTC,551,-1648,338673000,3.3331944444444441
2018-06-17 00:00:00 UTC,551,-1647,338673000,3.3494444444444449
2018-06-17 00:00:00 UTC,551,-1646,338673000,2.1461111111111109
2018-06-17 00:00:00 UTC,551,-1649,338673000,0.071805555555555553
2018-06-17 00:00:00 UTC,551,-13,235110763,1.275
2018-06-17 00:00:00 UTC,551,197,273427820,10.673333333333325
2018-06-17 00:00:00 UTC,551,-1605,367739250,9.70875
2018-06-17 00:00:00 UTC,551,197,273451640,12.490277777777782
2018-06-17 00:00:00 UTC,551,-1647,369531000,1.5097222222222224
2018-06-17 00:00:00 UTC,551,-1649,369531000,1.6880555555555552
2018-06-17 00:00:00 UTC,551,-1646,369531000,0.4770833333333333
2018-06-17 00:00:00 UTC,551,-1648,369531000,10.821666666666667
2018-06-17 00:00:00 UTC,551,167,261003650,13.05527777777778
2018-06-17 00:00:00 UTC,551,184,265765000,2.0000000000000004
2018-06-17 00:00:00 UTC,551,-1647,303429000,1.0820833333333333
2018-06-17 00:00:00 UTC,551,-1646,303429000,0.64874999999999994
2018-06-17 00:00:00 UTC,551,169,261020570,7.462916666666664
2018-06-17 00:00:00 UTC,551,-1646,366743980,2.7879166666666655
2018-06-17 00:00:00 UTC,551,-1648,366743980,8.788472222222218
2018-06-17 00:00:00 UTC,551,-1649,366743980,0.24986111111111112
2018-06-17 00:00:00 UTC,551,-1647,366743980,4.9113888888888892
2018-06-17 00:00:00 UTC,551,83,219006382,8.1708333333333343
2018-06-17 00:00:00 UTC,551,-1648,367504570,6.1147222222222233
2018-06-17 00:00:00 UTC,551,-1645,367504570,0.28291666666666665
2018-06-17 00:00:00 UTC,551,-1647,367504570,5.3818055555555571
2018-06-17 00:00:00 UTC,551,-1646,367504570,2.1622222222222214
2018-06-17 00:00:00 UTC,551,-1649,367504570,2.2272222222222227
2018-06-17 00:00:00 UTC,551,-1647,367108540,2.7279166666666663
2018-06-17 00:00:00 UTC,551,-1648,367108540,7.935416666666665
2018-06-17 00:00:00 UTC,551,-1646,367108540,0.75624999999999976
2018-06-17 00:00:00 UTC,551,-1649,367108540,3.4745833333333334
2018-06-17 00:00:00 UTC,551,-11,235004107,1.4641666666666666
2018-06-17 00:00:00 UTC,551,-12,235004107,0.65180555555555553
2018-06-17 00:00:00 UTC,551,-1646,367118540,2.4968055555555551
2018-06-17 00:00:00 UTC,551,-1647,367118540,4.4704166666666669
2018-06-17 00:00:00 UTC,551,83,219001039,3.67625
2018-06-17 00:00:00 UTC,551,-1648,367490000,2.3876388888888886
2018-06-17 00:00:00 UTC,551,-1647,367490000,1.1136111111111111
2018-06-17 00:00:00 UTC,551,-1648,367479000,0.65791666666666659
2018-06-17 00:00:00 UTC,551,-1646,367479000,1.8141666666666667
2018-06-17 00:00:00 UTC,551,-1647,367479000,2.4538888888888883
2018-06-17 00:00:00 UTC,551,-1646,369516000,4.1583333333333332
2018-06-17 00:00:00 UTC,551,-1647,369516000,3.3119444444444444
2018-06-17 00:00:00 UTC,551,-1645,369516000,2.7313888888888886
2018-06-17 00:00:00 UTC,551,83,219862000,7.83875
2018-06-17 00:00:00 UTC,-473,1671,512004085,1.4500000000000002
2018-06-17 00:00:00 UTC,-217,-1214,412209186,0.21361111111111111
2018-06-17 00:00:00 UTC,-217,127,659465000,2.5538888888888889
2018-06-17 00:00:00 UTC,-217,127,659314000,0.61833333333333351
2018-06-17 00:00:00 UTC,-217,1529,503648100,0.095972222222222223
2018-06-17 00:00:00 UTC,-217,372,440699000,1.0659722222222221
2018-06-17 00:00:00 UTC,-217,371,440699000,1.2758333333333336
2018-06-17 00:00:00 UTC,-217,370,440699000,0.90597222222222218
2018-06-17 00:00:00 UTC,-217,367,440699000,1.1777777777777776
2018-06-17 00:00:00 UTC,-217,368,440699000,1.0565277777777777
2018-06-17 00:00:00 UTC,-217,366,440699000,2.4637500000000006
2018-06-17 00:00:00 UTC,-217,369,440699000,1.4365277777777778
2018-06-17 00:00:00 UTC,-217,1529,503648200,5.21
2018-06-17 00:00:00 UTC,-217,125,659053000,1.9374999999999998
2018-06-17 00:00:00 UTC,-217,1596,540003800,0.98708333333333331
2018-06-17 00:00:00 UTC,40,1557,888160007,0.54819444444444443
2018-06-17 00:00:00 UTC,40,1557,888160012,0.44930555555555557
2018-06-17 00:00:00 UTC,40,-1476,441812000,1.2638888888888888
2018-06-17 00:00:00 UTC,40,-1475,441812000,1.3265277777777775
2018-06-17 00:00:00 UTC,40,-1477,441812000,1.6731944444444444
2018-06-17 00:00:00 UTC,40,-1478,441812000,2.2086111111111109
2018-06-17 00:00:00 UTC,40,1689,510014000,2.7247222222222227
2018-06-17 00:00:00 UTC,40,59,657150000,1.3466666666666667
2018-06-17 00:00:00 UTC,40,-1284,369576000,0.045694444444444447
2018-06-17 00:00:00 UTC,40,650,416071500,4.4383333333333335
2018-06-17 00:00:00 UTC,40,633,416175500,6.5222222222222221
2018-06-17 00:00:00 UTC,40,632,416175500,5.5698611111111109
2018-06-17 00:00:00 UTC,40,-1089,416000179,0.30041666666666667
2018-06-17 00:00:00 UTC,40,-1088,416000179,2.1770833333333335
2018-06-17 00:00:00 UTC,40,649,660004300,0.55597222222222231
2018-06-17 00:00:00 UTC,40,60,877964500,0.90374999999999994
2018-06-17 00:00:00 UTC,40,665,416705000,8.885694444444443
2018-06-17 00:00:00 UTC,296,1539,200020737,1.3434722222222222
2018-06-17 00:00:00 UTC,296,1222,412423952,0.11194444444444444
2018-06-17 00:00:00 UTC,296,-936,368027410,1.0473611111111112
2018-06-17 00:00:00 UTC,296,-938,367567130,0.24902777777777776
2018-06-17 00:00:00 UTC,296,-938,367430430,0.22388888888888889
2018-06-17 00:00:00 UTC,296,-939,367430430,1.1579166666666669
2018-06-17 00:00:00 UTC,296,-939,367487010,0.52069444444444446
2018-06-17 00:00:00 UTC,296,-939,367538530,0.50027777777777782
2018-06-17 00:00:00 UTC,296,-939,367459960,0.27069444444444446
2018-06-17 00:00:00 UTC,296,-938,367459960,0.12916666666666665
2018-06-17 00:00:00 UTC,296,-938,367448960,0.37111111111111106
2018-06-17 00:00:00 UTC,296,-939,367448960,0.7498611111111112
2018-06-17 00:00:00 UTC,296,1538,416003205,0.36388888888888893
2018-06-17 00:00:00 UTC,296,1537,416003205,5.3895833333333334
2018-06-17 00:00:00 UTC,296,1222,900024213,0.99361111111111122
2018-06-17 00:00:00 UTC,296,-938,367438770,1.9177777777777782
2018-06-17 00:00:00 UTC,296,-937,367438770,0.25027777777777777
2018-06-17 00:00:00 UTC,296,1222,412429022,5.2241666666666671
2018-06-17 00:00:00 UTC,296,-938,367709410,4.1369444444444445
2018-06-17 00:00:00 UTC,296,-938,366986230,0.045833333333333337
2018-06-17 00:00:00 UTC,296,-939,366986230,0.86458333333333337
2018-06-17 00:00:00 UTC,552,182,261000970,0.12916666666666665
2018-06-17 00:00:00 UTC,552,183,261000970,2.4027777777777772
2018-06-17 00:00:00 UTC,552,-1643,367038990,2.4290277777777765
2018-06-17 00:00:00 UTC,552,-1642,367038990,2.8672222222222215
2018-06-17 00:00:00 UTC,552,-1644,367038990,0.23736111111111113
2018-06-17 00:00:00 UTC,552,-1643,367082010,8.2509722222222255
2018-06-17 00:00:00 UTC,552,-1642,367082010,1.1734722222222225
2018-06-17 00:00:00 UTC,552,-1644,367082010,2.2831944444444439
2018-06-17 00:00:00 UTC,552,-10,235076636,1.5038888888888888
2018-06-17 00:00:00 UTC,552,-12,235076636,2.0829166666666667
2018-06-17 00:00:00 UTC,552,-11,235076636,18.014166666666668
2018-06-17 00:00:00 UTC,552,176,261002530,0.25847222222222221
2018-06-17 00:00:00 UTC,552,172,261002530,0.99458333333333337
2018-06-17 00:00:00 UTC,552,174,261002530,2.1375
2018-06-17 00:00:00 UTC,552,173,261002530,1.0872222222222223
2018-06-17 00:00:00 UTC,552,175,261002530,2.504027777777778
2018-06-17 00:00:00 UTC,552,145,220339000,0.70083333333333342
2018-06-17 00:00:00 UTC,552,183,266099000,7.1484722222222237
2018-06-17 00:00:00 UTC,552,-1643,366978110,2.57625
2018-06-17 00:00:00 UTC,552,-1642,366978110,1.1652777777777776
2018-06-17 00:00:00 UTC,552,-1568,338568000,0.67486111111111113
2018-06-17 00:00:00 UTC,552,-1567,338568000,2.0379166666666668
2018-06-17 00:00:00 UTC,552,-1565,338568000,0.21944444444444444
2018-06-17 00:00:00 UTC,552,-1566,338568000,0.94638888888888906
2018-06-17 00:00:00 UTC,552,1495,273243200,1.8359722222222221
2018-06-17 00:00:00 UTC,552,1494,273243200,0.31305555555555553
2018-06-17 00:00:00 UTC,552,1498,273243200,0.35236111111111107
2018-06-17 00:00:00 UTC,552,1497,273243200,5.1695833333333328
2018-06-17 00:00:00 UTC,552,1496,273243200,1.7498611111111109
2018-06-17 00:00:00 UTC,552,184,261001310,4.6693055555555567
2018-06-17 00:00:00 UTC,552,183,261001310,4.4515277777777786
2018-06-17 00:00:00 UTC,552,-13,235002718,5.3752777777777778
2018-06-17 00:00:00 UTC,552,-14,235002718,1.9291666666666667
2018-06-17 00:00:00 UTC,552,84,219001695,2.0372222222222223
2018-06-17 00:00:00 UTC,552,83,219001695,1.3995833333333334
2018-06-17 00:00:00 UTC,552,197,273452640,3.8838888888888889
2018-06-17 00:00:00 UTC,552,196,273452640,0.1776388888888889
2018-06-17 00:00:00 UTC,552,197,273427820,2.5347222222222232
2018-06-17 00:00:00 UTC,552,1473,273370230,9.11
2018-06-17 00:00:00 UTC,552,1472,273370230,7.5308333333333337
2018-06-17 00:00:00 UTC,552,1474,273370230,6.7888888888888905
2018-06-17 00:00:00 UTC,552,1475,273370230,0.54097222222222219
2018-06-17 00:00:00 UTC,552,197,273451640,1.5100000000000002
2018-06-17 00:00:00 UTC,552,-1604,367497340,3.4906944444444439
2018-06-17 00:00:00 UTC,552,184,265765000,2.0836111111111117
2018-06-17 00:00:00 UTC,552,-1643,303429000,0.62180555555555561
2018-06-17 00:00:00 UTC,552,-1645,303429000,0.18444444444444441
2018-06-17 00:00:00 UTC,552,-1644,303429000,1.8149999999999997
2018-06-17 00:00:00 UTC,552,-1645,366743980,0.95083333333333331
2018-06-17 00:00:00 UTC,552,83,219006382,0.34319444444444447
2018-06-17 00:00:00 UTC,552,183,266062000,7.5688888888888872
2018-06-17 00:00:00 UTC,552,182,266062000,1.7329166666666671
2018-06-17 00:00:00 UTC,552,184,266062000,5.6375
2018-06-17 00:00:00 UTC,552,185,266062000,0.14430555555555555
2018-06-17 00:00:00 UTC,552,-1646,367504570,0.39958333333333335
2018-06-17 00:00:00 UTC,552,-1645,367504570,0.78888888888888886
2018-06-17 00:00:00 UTC,552,-1642,338296000,0.92388888888888876
2018-06-17 00:00:00 UTC,552,-1643,338296000,2.9731944444444434
2018-06-17 00:00:00 UTC,552,-1646,367118540,1.0415277777777778
2018-06-17 00:00:00 UTC,552,-1603,367328720,0.31847222222222221
2018-06-17 00:00:00 UTC,552,-1604,367328720,10.102916666666662
2018-06-17 00:00:00 UTC,552,-1644,369516000,4.143472222222222
2018-06-17 00:00:00 UTC,552,-1646,369516000,0.571111111111111
2018-06-17 00:00:00 UTC,552,177,261001200,5.0040277777777789
2018-06-17 00:00:00 UTC,552,176,261001200,2.6968055555555552
2018-06-17 00:00:00 UTC,552,179,261001200,3.2175000000000002
2018-06-17 00:00:00 UTC,552,178,261001200,7.4530555555555571
2018-06-17 00:00:00 UTC,552,83,219862000,0.89236111111111116
2018-06-17 00:00:00 UTC,552,187,261006840,0.5125
2018-06-17 00:00:00 UTC,552,186,261006840,9.1212500000000016
2018-06-17 00:00:00 UTC,-472,1671,512004085,4.92125
2018-06-17 00:00:00 UTC,-216,-1215,412209186,1.1336111111111111
2018-06-17 00:00:00 UTC,-216,-1214,412209186,0.063472222222222222
2018-06-17 00:00:00 UTC,-216,82,431702580,2.1008333333333331
2018-06-17 00:00:00 UTC,-216,125,659345000,0.3075
2018-06-17 00:00:00 UTC,-216,126,659345000,0.69805555555555565
2018-06-17 00:00:00 UTC,-216,368,440699000,0.42708333333333337
2018-06-17 00:00:00 UTC,-216,367,440699000,0.21944444444444444
2018-06-17 00:00:00 UTC,-216,125,659053000,0.23722222222222222
2018-06-17 00:00:00 UTC,-216,124,659053000,1.7345833333333336
2018-06-17 00:00:00 UTC,41,1557,888160007,1.2813888888888891
2018-06-17 00:00:00 UTC,41,1557,888160010,1.1909722222222223
2018-06-17 00:00:00 UTC,41,1557,888160012,0.92458333333333331
2018-06-17 00:00:00 UTC,41,1583,416002323,0.70958333333333334
2018-06-17 00:00:00 UTC,41,1582,416002323,1.5229166666666667
2018-06-17 00:00:00 UTC,41,1581,416002323,6.2323611111111106
2018-06-17 00:00:00 UTC,41,-7,627679000,0.048611111111111112
2018-06-17 00:00:00 UTC,41,-1479,441812000,1.1916666666666669
2018-06-17 00:00:00 UTC,41,-1478,441812000,0.9934722222222222
2018-06-17 00:00:00 UTC,41,60,657150000,3.7323611111111115
2018-06-17 00:00:00 UTC,41,58,657150000,3.2049999999999996
2018-06-17 00:00:00 UTC,41,57,657150000,10.127777777777776
2018-06-17 00:00:00 UTC,41,59,657150000,2.3293055555555555
2018-06-17 00:00:00 UTC,41,-1285,369576000,8.6302777777777848
2018-06-17 00:00:00 UTC,41,677,416004418,2.3956944444444446
2018-06-17 00:00:00 UTC,41,676,416004418,1.6102777777777777
2018-06-17 00:00:00 UTC,41,675,416004418,3.9404166666666667
2018-06-17 00:00:00 UTC,41,70,877555800,10.465694444444445
2018-06-17 00:00:00 UTC,41,-100,224709000,0.40486111111111112
2018-06-17 00:00:00 UTC,41,-98,224709000,2.2563888888888886
2018-06-17 00:00:00 UTC,41,-99,224709000,2.9948611111111112
2018-06-17 00:00:00 UTC,41,629,416175500,6.1525
2018-06-17 00:00:00 UTC,41,67,877723300,20.754166666666663
2018-06-17 00:00:00 UTC,41,70,877831600,7.0251388888888888
2018-06-17 00:00:00 UTC,41,-1089,416000179,0.86722222222222212
2018-06-17 00:00:00 UTC,41,-1088,416000179,1.5975
2018-06-17 00:00:00 UTC,41,58,877741500,4.9481944444444448
2018-06-17 00:00:00 UTC,41,-1265,775629000,2.3226388888888891
2018-06-17 00:00:00 UTC,41,62,877924300,1.4477777777777778
2018-06-17 00:00:00 UTC,41,58,877924300,4.309166666666667
2018-06-17 00:00:00 UTC,41,59,877924300,4.7236111111111114
2018-06-17 00:00:00 UTC,41,57,877924300,4.7375
2018-06-17 00:00:00 UTC,41,61,877924300,0.73208333333333331
2018-06-17 00:00:00 UTC,41,60,877964500,1.0729166666666667
2018-06-17 00:00:00 UTC,41,1460,440823000,3.4316666666666666
2018-06-17 00:00:00 UTC,297,1223,412421889,0.10875
2018-06-17 00:00:00 UTC,297,1539,200020737,1.0795833333333333
2018-06-17 00:00:00 UTC,297,-935,367769910,0.50597222222222227
2018-06-17 00:00:00 UTC,297,1716,416002642,9.1330555555555559
2018-06-17 00:00:00 UTC,297,1220,412400265,19.351388888888891
2018-06-17 00:00:00 UTC,297,1221,412400265,0.16583333333333333
2018-06-17 00:00:00 UTC,297,-813,367732620,3.5341666666666667
2018-06-17 00:00:00 UTC,297,1222,412421804,0.31597222222222221
2018-06-17 00:00:00 UTC,297,-1479,367667630,0.67499999999999993
2018-06-17 00:00:00 UTC,297,1223,800005555,2.1988888888888889
2018-06-17 00:00:00 UTC,297,1224,412424131,0.088333333333333333
2018-06-17 00:00:00 UTC,297,1221,412429022,0.14152777777777778
2018-06-17 00:00:00 UTC,553,145,265551874,2.5084722222222222
2018-06-17 00:00:00 UTC,553,143,265551874,1.0669444444444445
2018-06-17 00:00:00 UTC,553,144,265551874,1.6652777777777776
2018-06-17 00:00:00 UTC,553,146,266165000,2.1074999999999995
2018-06-17 00:00:00 UTC,553,145,266165000,3.9181944444444441
2018-06-17 00:00:00 UTC,553,144,266165000,2.8636111111111107
2018-06-17 00:00:00 UTC,553,183,261000970,7.261111111111112
2018-06-17 00:00:00 UTC,553,184,261000970,6.02111111111111
2018-06-17 00:00:00 UTC,553,145,265756940,1.6823611111111112
2018-06-17 00:00:00 UTC,553,146,265756940,2.8766666666666665
2018-06-17 00:00:00 UTC,553,-49,235093262,12.184722222222225
2018-06-17 00:00:00 UTC,553,-48,235093262,0.89583333333333315
2018-06-17 00:00:00 UTC,553,-1641,367038990,4.7286111111111113
2018-06-17 00:00:00 UTC,553,-1642,367038990,4.7488888888888887
2018-06-17 00:00:00 UTC,553,-1643,367038990,1.0163888888888888
2018-06-17 00:00:00 UTC,553,-1644,367038990,1.9966666666666668
2018-06-17 00:00:00 UTC,553,-1645,367038990,1.8584722222222219
2018-06-17 00:00:00 UTC,553,1449,273848600,0.60402777777777783
2018-06-17 00:00:00 UTC,553,1450,273848600,1.07625
2018-06-17 00:00:00 UTC,553,-1645,338271000,2.0137500000000004
2018-06-17 00:00:00 UTC,553,-1643,367082010,3.2954166666666667
2018-06-17 00:00:00 UTC,553,-1642,367082010,5.9041666666666677
2018-06-17 00:00:00 UTC,553,-1641,367082010,0.56333333333333335
2018-06-17 00:00:00 UTC,553,-11,235076636,2.1595833333333339
2018-06-17 00:00:00 UTC,553,186,277524000,2.5177777777777774
2018-06-17 00:00:00 UTC,553,174,261002530,1.2656944444444447
2018-06-17 00:00:00 UTC,553,168,261002530,2.7780555555555555
2018-06-17 00:00:00 UTC,553,171,261002530,0.2348611111111111
2018-06-17 00:00:00 UTC,553,172,261002530,1.826111111111111
2018-06-17 00:00:00 UTC,553,173,261002530,1.1222222222222222
2018-06-17 00:00:00 UTC,553,175,261002530,1.6177777777777775
2018-06-17 00:00:00 UTC,553,145,265795110,1.8830555555555557
2018-06-17 00:00:00 UTC,553,144,265795110,0.80833333333333335
2018-06-17 00:00:00 UTC,553,-1645,367683890,0.71152777777777776
2018-06-17 00:00:00 UTC,553,-1647,367683890,0.24013888888888887
2018-06-17 00:00:00 UTC,553,182,266099000,4.4524999999999988
2018-06-17 00:00:00 UTC,553,183,266099000,3.9584722222222215
2018-06-17 00:00:00 UTC,553,179,266099000,1.1251388888888889
2018-06-17 00:00:00 UTC,553,181,266099000,1.3444444444444441
2018-06-17 00:00:00 UTC,553,-1644,366444090,0.80069444444444438
2018-06-17 00:00:00 UTC,553,-1645,366444090,1.9966666666666666
2018-06-17 00:00:00 UTC,553,-1644,366978110,2.5663888888888891
2018-06-17 00:00:00 UTC,553,-1645,366978110,0.13208333333333333
2018-06-17 00:00:00 UTC,553,-1643,366978110,1.7455555555555553
2018-06-17 00:00:00 UTC,553,-1642,366978110,7.5018055555555563
2018-06-17 00:00:00 UTC,553,-1641,366978110,1.2029166666666664
2018-06-17 00:00:00 UTC,553,-1558,367569470,1.5825
2018-06-17 00:00:00 UTC,553,-1566,338568000,5.2565277777777784
2018-06-17 00:00:00 UTC,553,-1567,338568000,1.5802777777777781
2018-06-17 00:00:00 UTC,553,-1565,338568000,5.559583333333336
2018-06-17 00:00:00 UTC,553,1497,273243200,3.8269444444444454
2018-06-17 00:00:00 UTC,553,1495,273243200,3.6808333333333341
2018-06-17 00:00:00 UTC,553,1494,273243200,2.1861111111111109
2018-06-17 00:00:00 UTC,553,1498,273243200,0.49319444444444444
2018-06-17 00:00:00 UTC,553,1496,273243200,4.4209722222222219
2018-06-17 00:00:00 UTC,553,-16,235063378,2.4716666666666667
2018-06-17 00:00:00 UTC,553,83,219001181,0.18486111111111111
2018-06-17 00:00:00 UTC,553,183,261001310,7.9948611111111116
2018-06-17 00:00:00 UTC,553,184,261001310,2.415
2018-06-17 00:00:00 UTC,553,-1646,368412000,1.7574999999999996
2018-06-17 00:00:00 UTC,553,82,219001189,0.27222222222222225
2018-06-17 00:00:00 UTC,553,83,219001189,5.9304166666666678
2018-06-17 00:00:00 UTC,553,-1604,367497340,3.4020833333333331
2018-06-17 00:00:00 UTC,553,-1603,367497340,3.6520833333333327
2018-06-17 00:00:00 UTC,553,183,265765000,7.9605555555555565
2018-06-17 00:00:00 UTC,553,182,265765000,4.55375
2018-06-17 00:00:00 UTC,553,184,265765000,1.6827777777777777
2018-06-17 00:00:00 UTC,553,181,265765000,0.17222222222222222
2018-06-17 00:00:00 UTC,553,-1317,367356320,19.617777777777778
2018-06-17 00:00:00 UTC,553,-1644,366743980,0.89652777777777781
2018-06-17 00:00:00 UTC,553,-1645,366743980,0.6744444444444444
2018-06-17 00:00:00 UTC,553,184,266062000,0.24555555555555558
2018-06-17 00:00:00 UTC,553,183,266062000,5.47375
2018-06-17 00:00:00 UTC,553,182,266062000,3.1743055555555562
2018-06-17 00:00:00 UTC,553,-1645,367504570,0.25416666666666665
2018-06-17 00:00:00 UTC,553,144,266360000,4.5252777777777773
2018-06-17 00:00:00 UTC,553,-1641,338296000,0.55458333333333332
2018-06-17 00:00:00 UTC,553,-1643,338296000,3.7902777777777783
2018-06-17 00:00:00 UTC,553,-1642,338296000,5.5569444444444427
2018-06-17 00:00:00 UTC,553,-1645,338296000,1.4472222222222222
2018-06-17 00:00:00 UTC,553,-1646,338296000,0.1751388888888889
2018-06-17 00:00:00 UTC,553,-1644,338296000,1.9265277777777774
2018-06-17 00:00:00 UTC,553,-1604,367328720,0.29833333333333334
2018-06-17 00:00:00 UTC,553,83,219002838,4.1513888888888895
2018-06-17 00:00:00 UTC,553,-1643,369516000,1.9956944444444447
2018-06-17 00:00:00 UTC,553,-1644,369516000,1.1565277777777778
2018-06-17 00:00:00 UTC,553,-1645,369516000,1.3345833333333332
2018-06-17 00:00:00 UTC,553,-1645,367722480,0.69055555555555559
2018-06-17 00:00:00 UTC,553,-1646,367722480,0.50597222222222227
2018-06-17 00:00:00 UTC,553,-1645,369515000,1.4127777777777779
2018-06-17 00:00:00 UTC,553,186,261006840,11.222500000000002
2018-06-17 00:00:00 UTC,553,-1646,366222330,0.57708333333333328
2018-06-17 00:00:00 UTC,553,-1645,366222330,0.39083333333333337
2018-06-17 00:00:00 UTC,-471,1671,512004085,0.51611111111111108
2018-06-17 00:00:00 UTC,-471,1672,512004085,2.85361111111111
2018-06-17 00:00:00 UTC,-215,81,431702580,2.4265277777777774
2018-06-17 00:00:00 UTC,-215,125,659345000,1.4109722222222223
2018-06-17 00:00:00 UTC,-215,369,440699000,0.60819444444444448
2018-06-17 00:00:00 UTC,-215,368,440699000,0.36458333333333337
2018-06-17 00:00:00 UTC,-215,125,659053000,1.5426388888888882
2018-06-17 00:00:00 UTC,-215,124,659053000,4.1756944444444457
2018-06-17 00:00:00 UTC,-215,489,660001000,1.67375
2018-06-17 00:00:00 UTC,-215,488,660001000,2.4083333333333332
2018-06-17 00:00:00 UTC,-215,491,660001000,3.2579166666666666
2018-06-17 00:00:00 UTC,42,1557,888160006,2.1568055555555556
2018-06-17 00:00:00 UTC,42,1558,888160007,1.1390277777777775
2018-06-17 00:00:00 UTC,42,1557,888160007,0.34625
2018-06-17 00:00:00 UTC,42,1557,888160010,0.6693055555555556
2018-06-17 00:00:00 UTC,42,1558,888160010,1.139444444444444
2018-06-17 00:00:00 UTC,42,1557,888160012,0.68638888888888894
2018-06-17 00:00:00 UTC,42,1581,416002323,0.86277777777777787
2018-06-17 00:00:00 UTC,42,1583,416002323,1.6391666666666667
2018-06-17 00:00:00 UTC,42,-7,627679000,4.10013888888889
2018-06-17 00:00:00 UTC,42,-1479,441812000,2.0019444444444443
2018-06-17 00:00:00 UTC,42,-1480,441812000,0.073888888888888893
2018-06-17 00:00:00 UTC,42,1698,412699440,0.56847222222222227
2018-06-17 00:00:00 UTC,42,57,657150000,2.8545833333333333
2018-06-17 00:00:00 UTC,42,1303,431680570,0.73486111111111108
2018-06-17 00:00:00 UTC,42,1300,431680570,11.030416666666666
2018-06-17 00:00:00 UTC,42,1305,431680570,11.154999999999998
2018-06-17 00:00:00 UTC,42,1301,431680570,0.74597222222222226
2018-06-17 00:00:00 UTC,42,1304,431680570,0.47625
2018-06-17 00:00:00 UTC,42,677,416004418,1.5133333333333334
2018-06-17 00:00:00 UTC,42,678,416004418,2.4006944444444445
2018-06-17 00:00:00 UTC,42,674,416004418,1.4649999999999999
2018-06-17 00:00:00 UTC,42,55,877825100,1.0222222222222221
2018-06-17 00:00:00 UTC,42,1523,548924000,0.3338888888888889
2018-06-17 00:00:00 UTC,42,-97,224709000,1.0344444444444445
2018-06-17 00:00:00 UTC,42,-98,224709000,1.84875
2018-06-17 00:00:00 UTC,42,-96,224709000,0.71555555555555572
2018-06-17 00:00:00 UTC,42,-1089,416000179,1.2875000000000003
2018-06-17 00:00:00 UTC,42,-1088,416000179,2.4873611111111105
2018-06-17 00:00:00 UTC,42,57,877741500,4.6248611111111106
2018-06-17 00:00:00 UTC,42,1703,416298180,0.96319444444444446
2018-06-17 00:00:00 UTC,42,1701,416298180,0.51194444444444442
2018-06-17 00:00:00 UTC,42,1702,416298180,0.48833333333333334
2018-06-17 00:00:00 UTC,42,1642,533111749,0.45819444444444446
2018-06-17 00:00:00 UTC,42,-1265,775629000,6.305833333333335
2018-06-17 00:00:00 UTC,42,57,877924300,1.7483333333333333
2018-06-17 00:00:00 UTC,42,1460,440823000,2.0766666666666667
2018-06-17 00:00:00 UTC,42,83,613036000,22.833333333333332
2018-06-17 00:00:00 UTC,42,71,877812200,1.5952777777777778
2018-06-17 00:00:00 UTC,42,1525,431670000,2.1661111111111113
2018-06-17 00:00:00 UTC,42,85,613995000,3.3213888888888894
2018-06-17 00:00:00 UTC,298,1223,412421889,0.35319444444444442
2018-06-17 00:00:00 UTC,298,1539,200020737,0.53319444444444442
2018-06-17 00:00:00 UTC,298,1222,412421918,5.5116666666666658
2018-06-17 00:00:00 UTC,298,1221,412421918,1.5487500000000003
2018-06-17 00:00:00 UTC,298,1223,400150069,0.13333333333333333
2018-06-17 00:00:00 UTC,298,1224,400150069,6.1068055555555567
2018-06-17 00:00:00 UTC,298,1225,412420153,0.25847222222222221
2018-06-17 00:00:00 UTC,298,1224,412420153,0.607361111111111
2018-06-17 00:00:00 UTC,298,1716,416002642,2.3708333333333331
2018-06-17 00:00:00 UTC,298,1225,412424043,0.08458333333333333
2018-06-17 00:00:00 UTC,298,1224,412424043,0.26583333333333331
2018-06-17 00:00:00 UTC,298,1224,412421486,0.52458333333333329
2018-06-17 00:00:00 UTC,298,1221,412400265,3.3265277777777773
2018-06-17 00:00:00 UTC,298,1220,412400265,1.1095833333333331
2018-06-17 00:00:00 UTC,298,-813,367732620,7.3504166666666677
2018-06-17 00:00:00 UTC,298,1260,440158360,4.3000000000000007
2018-06-17 00:00:00 UTC,298,1259,440158360,4.4272222222222215
2018-06-17 00:00:00 UTC,298,-1485,367667630,1.5550000000000002
2018-06-17 00:00:00 UTC,298,-1484,367667630,0.84819444444444447
2018-06-17 00:00:00 UTC,298,-1478,367667630,3.1718055555555558
2018-06-17 00:00:00 UTC,298,-1487,367667630,3.1038888888888883
2018-06-17 00:00:00 UTC,298,-1479,367667630,0.70208333333333339
2018-06-17 00:00:00 UTC,298,-1488,367667630,3.1527777777777777
2018-06-17 00:00:00 UTC,298,-1486,367667630,0.98749999999999993
2018-06-17 00:00:00 UTC,298,-1477,367667630,0.95680555555555546
2018-06-17 00:00:00 UTC,298,-1483,367667630,1.0819444444444444
2018-06-17 00:00:00 UTC,298,-1482,367667630,2.8656944444444443
2018-06-17 00:00:00 UTC,298,1222,412422322,0.42194444444444446
2018-06-17 00:00:00 UTC,298,1225,900006069,2.5118055555555556
2018-06-17 00:00:00 UTC,298,1222,412423864,4.71875
2018-06-17 00:00:00 UTC,298,1224,412424131,3.7005555555555563
2018-06-17 00:00:00 UTC,298,1223,412424131,0.2372222222222222
2018-06-17 00:00:00 UTC,298,1259,440072160,12.04013888888889
2018-06-17 00:00:00 UTC,298,1261,440072160,6.6920833333333336
2018-06-17 00:00:00 UTC,298,1260,440072160,0.34458333333333335
2018-06-17 00:00:00 UTC,554,187,275424000,1.5501388888888887
2018-06-17 00:00:00 UTC,554,185,275424000,0.74958333333333338
2018-06-17 00:00:00 UTC,554,188,275424000,4.3170833333333336
2018-06-17 00:00:00 UTC,554,189,275424000,4.6188888888888879
2018-06-17 00:00:00 UTC,554,186,275424000,2.8183333333333334
2018-06-17 00:00:00 UTC,554,143,265551874,0.77875
2018-06-17 00:00:00 UTC,554,184,261000970,2.5069444444444442
2018-06-17 00:00:00 UTC,554,183,261000970,0.16361111111111112
2018-06-17 00:00:00 UTC,554,146,265756940,1.4325
2018-06-17 00:00:00 UTC,554,145,265756940,2.0166666666666666
2018-06-17 00:00:00 UTC,554,-1645,367038990,1.4781944444444448
2018-06-17 00:00:00 UTC,554,-1646,367038990,0.44361111111111107
2018-06-17 00:00:00 UTC,554,-1644,367038990,0.97749999999999992
2018-06-17 00:00:00 UTC,554,-1641,367038990,1.2448611111111112
2018-06-17 00:00:00 UTC,554,82,219009041,6.9462500000000009
2018-06-17 00:00:00 UTC,554,-1645,338271000,1.0824999999999998
2018-06-17 00:00:00 UTC,554,81,220383000,3.6168055555555556
2018-06-17 00:00:00 UTC,554,82,220383000,3.5552777777777775
2018-06-17 00:00:00 UTC,554,186,277524000,3.8206944444444435
2018-06-17 00:00:00 UTC,554,185,277524000,0.54708333333333337
2018-06-17 00:00:00 UTC,554,187,277524000,3.4726388888888886
2018-06-17 00:00:00 UTC,554,189,277524000,3.8740277777777776
2018-06-17 00:00:00 UTC,554,190,277524000,4.2806944444444452
2018-06-17 00:00:00 UTC,554,188,277524000,4.8448611111111095
2018-06-17 00:00:00 UTC,554,-1647,367683890,0.96972222222222226
2018-06-17 00:00:00 UTC,554,-1644,367683890,0.94097222222222232
2018-06-17 00:00:00 UTC,554,-1646,367683890,3.3693055555555556
2018-06-17 00:00:00 UTC,554,-1645,367683890,1.7113888888888888
2018-06-17 00:00:00 UTC,554,-1645,366444090,3.00375
2018-06-17 00:00:00 UTC,554,-1645,366978110,3.1091666666666677
2018-06-17 00:00:00 UTC,554,-1642,366978110,0.19291666666666668
2018-06-17 00:00:00 UTC,554,-1643,366978110,0.67402777777777789
2018-06-17 00:00:00 UTC,554,-1646,366978110,1.4934722222222223
2018-06-17 00:00:00 UTC,554,-1641,366978110,1.6547222222222213
2018-06-17 00:00:00 UTC,554,-1565,338568000,2.1311111111111107
2018-06-17 00:00:00 UTC,554,-1566,338568000,5.8072222222222232
2018-06-17 00:00:00 UTC,554,-55,234973000,0.58208333333333329
2018-06-17 00:00:00 UTC,554,-49,234973000,0.76958333333333329
2018-06-17 00:00:00 UTC,554,189,275026000,2.5886111111111112
2018-06-17 00:00:00 UTC,554,190,275026000,3.0970833333333334
2018-06-17 00:00:00 UTC,554,186,275026000,4.2980555555555569
2018-06-17 00:00:00 UTC,554,188,275026000,2.2184722222222222
2018-06-17 00:00:00 UTC,554,187,275026000,6.6904166666666658
2018-06-17 00:00:00 UTC,554,-16,235063378,5.1590277777777747
2018-06-17 00:00:00 UTC,554,-1645,368412000,1.7915277777777774
2018-06-17 00:00:00 UTC,554,-1647,368412000,2.388888888888888
2018-06-17 00:00:00 UTC,554,-1646,368412000,0.68583333333333341
2018-06-17 00:00:00 UTC,554,82,219001189,0.85416666666666674
2018-06-17 00:00:00 UTC,554,78,220369000,1.3390277777777777
2018-06-17 00:00:00 UTC,554,77,220369000,0.27916666666666667
2018-06-17 00:00:00 UTC,554,79,220369000,0.28888888888888886
2018-06-17 00:00:00 UTC,554,145,266054000,0.51416666666666666
2018-06-17 00:00:00 UTC,554,146,266054000,4.1616666666666662
2018-06-17 00:00:00 UTC,554,77,219021428,1.6880555555555556
2018-06-17 00:00:00 UTC,554,76,219021428,2.8784722222222223
2018-06-17 00:00:00 UTC,554,79,219021428,0.48722222222222222
2018-06-17 00:00:00 UTC,554,78,219021428,2.5459722222222219
2018-06-17 00:00:00 UTC,554,182,265765000,0.48902777777777778
2018-06-17 00:00:00 UTC,554,180,265765000,0.86208333333333331
2018-06-17 00:00:00 UTC,554,181,265765000,1.9394444444444445
2018-06-17 00:00:00 UTC,554,81,219003561,2.4245833333333335
2018-06-17 00:00:00 UTC,554,82,219003561,4.2481944444444446
2018-06-17 00:00:00 UTC,554,-1643,366743980,0.35
2018-06-17 00:00:00 UTC,554,-1645,366743980,1.9380555555555552
2018-06-17 00:00:00 UTC,554,-1644,366743980,0.56583333333333341
2018-06-17 00:00:00 UTC,554,-1644,367504570,0.27763888888888888
2018-06-17 00:00:00 UTC,554,-1641,338296000,3.2706944444444441
2018-06-17 00:00:00 UTC,554,-1645,338296000,1.1172222222222223
2018-06-17 00:00:00 UTC,554,-1646,338296000,1.0470833333333331
2018-06-17 00:00:00 UTC,554,-1643,338296000,0.25388888888888889
2018-06-17 00:00:00 UTC,554,-1640,338296000,0.97250000000000025
2018-06-17 00:00:00 UTC,554,-1644,369516000,1.6320833333333333
2018-06-17 00:00:00 UTC,554,-1645,369516000,1.4523611111111112
2018-06-17 00:00:00 UTC,554,188,275094000,1.92875
2018-06-17 00:00:00 UTC,554,190,275094000,1.9094444444444445
2018-06-17 00:00:00 UTC,554,186,275094000,3.6666666666666652
2018-06-17 00:00:00 UTC,554,187,275094000,6.4084722222222261
2018-06-17 00:00:00 UTC,554,189,275094000,1.0447222222222223
2018-06-17 00:00:00 UTC,554,-1645,367722480,1.8859722222222222
2018-06-17 00:00:00 UTC,554,-1647,367722480,1.9377777777777776
2018-06-17 00:00:00 UTC,554,-1646,367722480,3.970833333333335
2018-06-17 00:00:00 UTC,554,-1644,367722480,0.8698611111111112
2018-06-17 00:00:00 UTC,554,-1645,369515000,2.4925
2018-06-17 00:00:00 UTC,554,-1644,369515000,0.17972222222222226
2018-06-17 00:00:00 UTC,554,186,261006840,1.7511111111111111
2018-06-17 00:00:00 UTC,554,-1646,366222330,3.740555555555555
2018-06-17 00:00:00 UTC,554,-1647,366222330,2.6865277777777767
2018-06-17 00:00:00 UTC,554,-1645,366222330,1.1261111111111113
2018-06-17 00:00:00 UTC,554,-1644,366222330,1.6824999999999999
2018-06-17 00:00:00 UTC,-470,1659,512400000,1.2734722222222223
2018-06-17 00:00:00 UTC,-470,1658,512400000,1.8929166666666666
2018-06-17 00:00:00 UTC,-470,1697,512430000,3.7295833333333337
2018-06-17 00:00:00 UTC,-470,1696,512430000,0.80347222222222214
2018-06-17 00:00:00 UTC,-470,1673,512004085,1.54125
2018-06-17 00:00:00 UTC,-470,1672,512004085,0.7086111111111113
2018-06-17 00:00:00 UTC,-214,81,431702580,1.1605555555555556
2018-06-17 00:00:00 UTC,-214,1673,540003400,1.8791666666666667
2018-06-17 00:00:00 UTC,-214,125,659345000,1.8881944444444441
2018-06-17 00:00:00 UTC,-214,124,659053000,2.0990277777777777
2018-06-17 00:00:00 UTC,-214,490,660001000,3.106527777777778
2018-06-17 00:00:00 UTC,-214,487,660001000,2.3705555555555557
2018-06-17 00:00:00 UTC,-214,489,660001000,3.3530555555555552
2018-06-17 00:00:00 UTC,43,1583,416002323,1.6579166666666669
2018-06-17 00:00:00 UTC,43,1580,416002323,0.41166666666666668
2018-06-17 00:00:00 UTC,43,1581,416002323,0.44291666666666668
2018-06-17 00:00:00 UTC,43,-1480,441812000,3.9630555555555556
2018-06-17 00:00:00 UTC,43,1519,548051500,2.0884722222222223
2018-06-17 00:00:00 UTC,43,-7,312051000,3.9104166666666682
2018-06-17 00:00:00 UTC,43,677,416004418,4.2769444444444442
2018-06-17 00:00:00 UTC,43,55,877746500,9.1001388888888872
2018-06-17 00:00:00 UTC,43,54,877746500,0.42347222222222225
2018-06-17 00:00:00 UTC,43,55,877825100,9.95361111111111
2018-06-17 00:00:00 UTC,43,56,877825100,6.9577777777777792
2018-06-17 00:00:00 UTC,43,71,657714000,0.14319444444444446
2018-06-17 00:00:00 UTC,43,1521,548924000,0.46097222222222223
2018-06-17 00:00:00 UTC,43,1522,548924000,1.5916666666666666
2018-06-17 00:00:00 UTC,43,1523,548924000,1.0055555555555555
2018-06-17 00:00:00 UTC,43,-96,224709000,2.8895833333333338
2018-06-17 00:00:00 UTC,43,627,416175500,6.3959722222222215
2018-06-17 00:00:00 UTC,43,1524,431310000,3.5222222222222221
2018-06-17 00:00:00 UTC,43,1526,431310000,0.79625
2018-06-17 00:00:00 UTC,43,1525,431310000,3.5645833333333332
2018-06-17 00:00:00 UTC,43,1697,412699570,1.7451388888888888
2018-06-17 00:00:00 UTC,43,-1090,416000179,0.50430555555555556
2018-06-17 00:00:00 UTC,43,-1089,416000179,1.732083333333333
2018-06-17 00:00:00 UTC,43,56,877741500,3.544861111111111
2018-06-17 00:00:00 UTC,43,1695,416298180,2.0973611111111112
2018-06-17 00:00:00 UTC,43,1700,416298180,1.8858333333333328
2018-06-17 00:00:00 UTC,43,1701,416298180,0.34263888888888883
2018-06-17 00:00:00 UTC,43,1525,431159000,0.50208333333333333
2018-06-17 00:00:00 UTC,43,1526,431159000,0.96402777777777782
2018-06-17 00:00:00 UTC,43,1303,431680730,11.45625
2018-06-17 00:00:00 UTC,43,1302,431680730,12.276250000000001
2018-06-17 00:00:00 UTC,43,1523,431670000,1.0983333333333332
2018-06-17 00:00:00 UTC,43,85,613995000,3.4688888888888885
2018-06-17 00:00:00 UTC,43,86,613995000,17.410972222222231
2018-06-17 00:00:00 UTC,299,1222,412428038,6.1490277777777758
2018-06-17 00:00:00 UTC,299,1220,920003118,0.63180555555555562
2018-06-17 00:00:00 UTC,299,1224,412424241,2.8976388888888893
2018-06-17 00:00:00 UTC,299,1225,412424241,3.8562499999999997
2018-06-17 00:00:00 UTC,299,1224,412424242,2.4918055555555556
2018-06-17 00:00:00 UTC,299,1225,412424242,2.2693055555555555
2018-06-17 00:00:00 UTC,299,1223,400150069,0.075972222222222219
2018-06-17 00:00:00 UTC,299,1716,416002642,1.757916666666667
2018-06-17 00:00:00 UTC,299,1717,416002642,0.79847222222222225
2018-06-17 00:00:00 UTC,299,1222,900203107,2.7679166666666668
2018-06-17 00:00:00 UTC,299,1225,412424043,0.2038888888888889
2018-06-17 00:00:00 UTC,299,1224,412424043,2.3555555555555552
2018-06-17 00:00:00 UTC,299,1225,412421486,0.50402777777777785
2018-06-17 00:00:00 UTC,299,1224,412421486,2.3686111111111106
2018-06-17 00:00:00 UTC,299,1222,412421504,26.043055555555551
2018-06-17 00:00:00 UTC,299,1536,416003205,4.4665277777777783
2018-06-17 00:00:00 UTC,299,1261,440158360,6.8498611111111112
2018-06-17 00:00:00 UTC,299,1259,440158360,7.3981944444444441
2018-06-17 00:00:00 UTC,299,1224,412424101,24.06722222222222
2018-06-17 00:00:00 UTC,299,1222,412422322,3.4313888888888888
2018-06-17 00:00:00 UTC,299,-813,367316710,7.8084722222222238
2018-06-17 00:00:00 UTC,555,187,275424000,0.31180555555555556
2018-06-17 00:00:00 UTC,555,189,275424000,5.9909722222222221
2018-06-17 00:00:00 UTC,555,188,275424000,1.0018055555555556
2018-06-17 00:00:00 UTC,555,190,275424000,0.10972222222222222
2018-06-17 00:00:00 UTC,555,74,219019287,4.6815277777777782
2018-06-17 00:00:00 UTC,555,76,219019287,1.1443055555555557
2018-06-17 00:00:00 UTC,555,75,219019287,3.4681944444444452
2018-06-17 00:00:00 UTC,555,190,277524000,0.642638888888889
2018-06-17 00:00:00 UTC,555,-48,234973000,0.12875
2018-06-17 00:00:00 UTC,555,-51,234973000,1.4395833333333334
2018-06-17 00:00:00 UTC,555,-50,234973000,0.83097222222222222
2018-06-17 00:00:00 UTC,555,-49,234973000,0.65583333333333327
2018-06-17 00:00:00 UTC,555,187,275026000,1.7636111111111117
2018-06-17 00:00:00 UTC,555,189,275026000,2.0086111111111107
2018-06-17 00:00:00 UTC,555,188,275026000,1.336111111111111
2018-06-17 00:00:00 UTC,555,1381,273814110,0.74555555555555553
2018-06-17 00:00:00 UTC,555,-1647,368412000,1.8204166666666663
2018-06-17 00:00:00 UTC,555,-1645,368412000,0.6380555555555556
2018-06-17 00:00:00 UTC,555,-1646,368412000,5.0390277777777763
2018-06-17 00:00:00 UTC,555,144,266054000,0.24972222222222223
2018-06-17 00:00:00 UTC,555,146,266054000,4.9745833333333334
2018-06-17 00:00:00 UTC,555,147,266054000,0.34180555555555553
2018-06-17 00:00:00 UTC,555,145,266054000,0.95124999999999993
2018-06-17 00:00:00 UTC,555,75,219021428,0.3025
2018-06-17 00:00:00 UTC,555,76,219021428,6.2266666666666666
2018-06-17 00:00:00 UTC,555,77,219021428,4.127361111111111
2018-06-17 00:00:00 UTC,555,182,265765000,0.42791666666666672
2018-06-17 00:00:00 UTC,555,181,265765000,1.2379166666666668
2018-06-17 00:00:00 UTC,555,189,275094000,5.0458333333333316
2018-06-17 00:00:00 UTC,555,187,275094000,1.2366666666666666
2018-06-17 00:00:00 UTC,555,188,275094000,2.7851388888888886
2018-06-17 00:00:00 UTC,555,-1646,367722480,0.70041666666666658
2018-06-17 00:00:00 UTC,555,-1647,367722480,3.5461111111111108
2018-06-17 00:00:00 UTC,555,-1646,366222330,2.9009722222222218
2018-06-17 00:00:00 UTC,555,-1647,366222330,0.65375
2018-06-17 00:00:00 UTC,-469,1659,512400000,0.016666666666666666
2018-06-17 00:00:00 UTC,-469,1699,512430000,0.17625000000000002
2018-06-17 00:00:00 UTC,-469,1697,512430000,1.3077777777777779
2018-06-17 00:00:00 UTC,-469,1698,512430000,2.5909722222222227
2018-06-17 00:00:00 UTC,-469,-608,412329685,0.068888888888888888
2018-06-17 00:00:00 UTC,-469,-607,412329685,0.27291666666666664
2018-06-17 00:00:00 UTC,-469,-606,412329687,0.89722222222222214
2018-06-17 00:00:00 UTC,-469,-608,412329687,1.3973611111111111
2018-06-17 00:00:00 UTC,-469,-608,412329691,4.4777777777777779
2018-06-17 00:00:00 UTC,-469,-607,412329692,0.60652777777777778
2018-06-17 00:00:00 UTC,-469,-608,412329692,1.2388888888888889
2018-06-17 00:00:00 UTC,-469,-606,412329692,0.33166666666666667
2018-06-17 00:00:00 UTC,-213,81,431702580,1.1552777777777778
2018-06-17 00:00:00 UTC,-213,1673,540003400,0.58680555555555558
2018-06-17 00:00:00 UTC,-213,-821,224892000,0.23597222222222219
2018-06-17 00:00:00 UTC,-213,-820,224892000,0.29805555555555552
2018-06-17 00:00:00 UTC,-213,125,659345000,1.4588888888888887
2018-06-17 00:00:00 UTC,-213,-818,224366000,0.90986111111111112
2018-06-17 00:00:00 UTC,-213,-817,224366000,0.54527777777777775
2018-06-17 00:00:00 UTC,-213,123,659053000,2.1269444444444443
2018-06-17 00:00:00 UTC,-213,124,659053000,0.094583333333333339
2018-06-17 00:00:00 UTC,-213,488,660001000,1.3387499999999999
2018-06-17 00:00:00 UTC,-213,1494,503163900,8.83111111111111
2018-06-17 00:00:00 UTC,-213,1493,503163900,0.96111111111111114
2018-06-17 00:00:00 UTC,44,1558,888160010,0.66097222222222207
2018-06-17 00:00:00 UTC,44,1583,416002323,0.48875
2018-06-17 00:00:00 UTC,44,1580,416002323,0.79805555555555552
2018-06-17 00:00:00 UTC,44,1584,416002323,0.12097222222222223
2018-06-17 00:00:00 UTC,44,-1480,441812000,1.0544444444444445
2018-06-17 00:00:00 UTC,44,1516,548051500,4.2033333333333331
2018-06-17 00:00:00 UTC,44,1518,548051500,3.7115277777777775
2018-06-17 00:00:00 UTC,44,1517,548051500,4.7143055555555557
2018-06-17 00:00:00 UTC,44,-19,627166000,9.5326388888888882
2018-06-17 00:00:00 UTC,44,-4,312051000,3.8686111111111097
2018-06-17 00:00:00 UTC,44,-3,312051000,0.76902777777777787
2018-06-17 00:00:00 UTC,44,-5,312051000,0.55055555555555546
2018-06-17 00:00:00 UTC,44,-7,312051000,1.982361111111111
2018-06-17 00:00:00 UTC,44,675,416004418,3.6563888888888889
2018-06-17 00:00:00 UTC,44,674,416004418,1.7541666666666667
2018-06-17 00:00:00 UTC,44,55,877746500,2.5619444444444444
2018-06-17 00:00:00 UTC,44,55,877825100,4.5980555555555558
2018-06-17 00:00:00 UTC,44,71,657714000,0.49236111111111114
2018-06-17 00:00:00 UTC,44,1696,412699570,1.7770833333333331
2018-06-17 00:00:00 UTC,44,-1089,416000179,2.1768055555555557
2018-06-17 00:00:00 UTC,44,-1090,416000179,0.81611111111111112
2018-06-17 00:00:00 UTC,44,56,877741500,0.49875
2018-06-17 00:00:00 UTC,44,55,877741500,9.2361111111111125
2018-06-17 00:00:00 UTC,44,1695,416298180,0.67847222222222214
2018-06-17 00:00:00 UTC,44,1523,431670000,0.86097222222222225
2018-06-17 00:00:00 UTC,44,1522,431670000,2.842916666666667
2018-06-17 00:00:00 UTC,44,-18,627211000,3.5444444444444443
2018-06-17 00:00:00 UTC,44,-17,627211000,3.4479166666666665
2018-06-17 00:00:00 UTC,300,1716,416002642,1.132638888888889
2018-06-17 00:00:00 UTC,300,1717,416002642,0.81444444444444453
2018-06-17 00:00:00 UTC,300,-889,367725950,7.5230555555555556
2018-06-17 00:00:00 UTC,300,-889,367105190,4.5945833333333326
2018-06-17 00:00:00 UTC,300,1536,416000502,0.54194444444444445
2018-06-17 00:00:00 UTC,556,189,275424000,1.6355555555555561
2018-06-17 00:00:00 UTC,556,74,219019287,1.7809722222222222
2018-06-17 00:00:00 UTC,556,203,261004830,1.162222222222222
2018-06-17 00:00:00 UTC,556,202,261004830,0.87986111111111109
2018-06-17 00:00:00 UTC,556,204,261004830,0.3527777777777778
2018-06-17 00:00:00 UTC,556,202,261006110,1.4995833333333333
2018-06-17 00:00:00 UTC,556,203,261006110,1.6693055555555552
2018-06-17 00:00:00 UTC,556,29,219240000,0.88027777777777783
2018-06-17 00:00:00 UTC,556,28,219240000,8.8694444444444436
2018-06-17 00:00:00 UTC,556,-55,234973000,0.2875
2018-06-17 00:00:00 UTC,556,-51,234973000,0.88194444444444442
2018-06-17 00:00:00 UTC,556,149,265593190,1.55125
2018-06-17 00:00:00 UTC,556,148,265593190,1.3069444444444445
2018-06-17 00:00:00 UTC,556,147,265593190,1.2458333333333333
2018-06-17 00:00:00 UTC,556,149,266052000,1.5222222222222221
2018-06-17 00:00:00 UTC,556,148,266052000,1.45625
2018-06-17 00:00:00 UTC,556,147,266052000,1.1143055555555557
2018-06-17 00:00:00 UTC,-468,349,601971000,6.2744444444444438
2018-06-17 00:00:00 UTC,-468,348,601971000,6.2958333333333325
2018-06-17 00:00:00 UTC,-468,1660,512400000,0.64611111111111119
2018-06-17 00:00:00 UTC,-468,1700,512430000,2.882083333333334
2018-06-17 00:00:00 UTC,-468,1699,512430000,2.5118055555555565
2018-06-17 00:00:00 UTC,-468,-608,412329685,0.055277777777777773
2018-06-17 00:00:00 UTC,-468,-607,412329685,2.8500000000000005
2018-06-17 00:00:00 UTC,-468,-607,412329687,2.7627777777777776
2018-06-17 00:00:00 UTC,-468,-607,412329689,3.380555555555556
2018-06-17 00:00:00 UTC,-468,-608,412329691,0.50111111111111117
2018-06-17 00:00:00 UTC,-468,-607,412329691,1.2193055555555556
2018-06-17 00:00:00 UTC,-468,-607,412329692,3.2338888888888881
2018-06-17 00:00:00 UTC,-468,-606,412329692,1.4974999999999996
2018-06-17 00:00:00 UTC,-468,-607,412329693,1.2625
2018-06-17 00:00:00 UTC,-212,81,431702580,1.3798611111111112
2018-06-17 00:00:00 UTC,-212,1669,540003400,2.8863888888888884
2018-06-17 00:00:00 UTC,-212,125,659345000,0.11555555555555556
2018-06-17 00:00:00 UTC,-212,-817,224366000,1.5538888888888889
2018-06-17 00:00:00 UTC,-212,-816,224366000,0.3520833333333333
2018-06-17 00:00:00 UTC,-212,-818,224366000,1.3141666666666667
2018-06-17 00:00:00 UTC,-212,122,659053000,1.0161111111111112
2018-06-17 00:00:00 UTC,-212,123,659053000,0.50194444444444442
2018-06-17 00:00:00 UTC,-212,488,660001000,4.794027777777778
2018-06-17 00:00:00 UTC,-212,1494,503163900,3.4919444444444445
2018-06-17 00:00:00 UTC,45,1580,416002323,0.721388888888889
2018-06-17 00:00:00 UTC,45,-23,627166000,0.41569444444444442
2018-06-17 00:00:00 UTC,45,673,416004418,2.6891666666666665
2018-06-17 00:00:00 UTC,45,55,877746500,7.106527777777778
2018-06-17 00:00:00 UTC,45,-14,627197000,4.9136111111111118
2018-06-17 00:00:00 UTC,45,-12,627197000,6.0230555555555565
2018-06-17 00:00:00 UTC,45,-13,627197000,3.9409722222222223
2018-06-17 00:00:00 UTC,45,-11,627165000,2.8304166666666668
2018-06-17 00:00:00 UTC,45,54,877932200,12.594305555555556
2018-06-17 00:00:00 UTC,45,55,877932200,8.8745833333333337
2018-06-17 00:00:00 UTC,45,1000,533900971,0.37416666666666665
2018-06-17 00:00:00 UTC,45,-17,627182000,11.362500000000002
2018-06-17 00:00:00 UTC,45,-1090,416000179,5.3818055555555553
2018-06-17 00:00:00 UTC,45,-1089,416000179,1.0513888888888889
2018-06-17 00:00:00 UTC,45,1662,412465078,0.77611111111111108
2018-06-17 00:00:00 UTC,45,1695,416298180,0.65444444444444438
2018-06-17 00:00:00 UTC,45,52,877792200,1.8134722222222224
2018-06-17 00:00:00 UTC,45,-17,627202000,0.40569444444444447
2018-06-17 00:00:00 UTC,45,-16,627202000,4.8654166666666674
2018-06-17 00:00:00 UTC,45,1613,538060005,0.29569444444444443
2018-06-17 00:00:00 UTC,45,1005,533190891,6.5173611111111116
2018-06-17 00:00:00 UTC,45,1004,533190891,1.90125
2018-06-17 00:00:00 UTC,45,-17,627211000,1.1940277777777779
2018-06-17 00:00:00 UTC,45,55,877899000,11.815416666666666
2018-06-17 00:00:00 UTC,45,53,877899000,2.1766666666666667
2018-06-17 00:00:00 UTC,301,1226,997753126,2.4666666666666663
2018-06-17 00:00:00 UTC,301,-889,367156270,3.276388888888889
2018-06-17 00:00:00 UTC,301,-888,367156270,1.1076388888888888
2018-06-17 00:00:00 UTC,301,-889,367187790,1.5848611111111111
2018-06-17 00:00:00 UTC,301,-888,367187790,2.1738888888888885
2018-06-17 00:00:00 UTC,301,1716,416002642,0.96708333333333329
2018-06-17 00:00:00 UTC,301,1253,440120930,12.811666666666667
2018-06-17 00:00:00 UTC,301,1226,900205220,2.3666666666666667
2018-06-17 00:00:00 UTC,301,-889,367185320,0.7877777777777778
2018-06-17 00:00:00 UTC,301,1226,800077777,0.13333333333333333
2018-06-17 00:00:00 UTC,301,1227,800077777,0.16666666666666666
2018-06-17 00:00:00 UTC,301,-885,366908640,29.159583333333334
2018-06-17 00:00:00 UTC,301,-888,367439350,0.82152777777777786
2018-06-17 00:00:00 UTC,301,-889,367439350,2.7055555555555557
2018-06-17 00:00:00 UTC,557,194,277194000,5.2498611111111115
2018-06-17 00:00:00 UTC,557,202,261004830,0.54125
2018-06-17 00:00:00 UTC,557,201,261004830,3.8694444444444445
2018-06-17 00:00:00 UTC,557,200,261004830,5.9236111111111116
2018-06-17 00:00:00 UTC,557,199,261004830,0.22499999999999998
2018-06-17 00:00:00 UTC,557,201,261006110,4.1495833333333341
2018-06-17 00:00:00 UTC,557,200,261006110,0.82652777777777775
2018-06-17 00:00:00 UTC,557,202,261006110,6.6176388888888908
2018-06-17 00:00:00 UTC,557,30,219240000,8.0780555555555544
2018-06-17 00:00:00 UTC,557,31,219240000,7.3138888888888882
2018-06-17 00:00:00 UTC,557,29,219240000,2.3945833333333337
2018-06-17 00:00:00 UTC,557,-53,234973000,1.3822222222222222
2018-06-17 00:00:00 UTC,557,-54,234973000,0.15472222222222221
2018-06-17 00:00:00 UTC,557,148,265593190,1.8555555555555556
2018-06-17 00:00:00 UTC,557,147,265593190,1.7600000000000002
2018-06-17 00:00:00 UTC,557,-1651,338671000,0.13972222222222222
2018-06-17 00:00:00 UTC,557,148,266052000,1.5843055555555554
2018-06-17 00:00:00 UTC,557,149,266052000,1.3431944444444444
2018-06-17 00:00:00 UTC,557,1438,273810400,0.73097222222222236
2018-06-17 00:00:00 UTC,557,1437,273810400,8.860138888888887
2018-06-17 00:00:00 UTC,557,1436,273810400,5.0906944444444457
2018-06-17 00:00:00 UTC,-467,-615,701000732,0.3125
2018-06-17 00:00:00 UTC,-467,-616,701000735,0.5065277777777778
2018-06-17 00:00:00 UTC,-467,349,601971000,7.0676388888888875
2018-06-17 00:00:00 UTC,-467,348,601971000,4.123333333333334
2018-06-17 00:00:00 UTC,-467,1661,512400000,1.3847222222222222
2018-06-17 00:00:00 UTC,-467,1660,512400000,0.51777777777777778
2018-06-17 00:00:00 UTC,-467,1701,512430000,4.5522222222222233
2018-06-17 00:00:00 UTC,-467,1702,512430000,0.50680555555555551
2018-06-17 00:00:00 UTC,-467,1700,512430000,1.6330555555555555
2018-06-17 00:00:00 UTC,-467,-607,412329685,0.47625
2018-06-17 00:00:00 UTC,-467,-606,412329685,2.4323611111111108
2018-06-17 00:00:00 UTC,-467,-606,412329686,2.0437499999999997
2018-06-17 00:00:00 UTC,-467,-607,412329686,0.857638888888889
2018-06-17 00:00:00 UTC,-467,-607,412329687,1.7733333333333332
2018-06-17 00:00:00 UTC,-467,-605,412329687,4.9031944444444449
2018-06-17 00:00:00 UTC,-467,-606,412329687,7.8690277777777773
2018-06-17 00:00:00 UTC,-467,-606,412329689,1.4830555555555558
2018-06-17 00:00:00 UTC,-467,-606,412329691,7.2477777777777792
2018-06-17 00:00:00 UTC,-467,-605,412329691,5.349861111111113
2018-06-17 00:00:00 UTC,-467,-607,412329691,0.56958333333333333
2018-06-17 00:00:00 UTC,-467,-607,412329692,0.15166666666666667
2018-06-17 00:00:00 UTC,-467,-606,412329692,3.0441666666666669
2018-06-17 00:00:00 UTC,-467,-605,412329692,1.0316666666666667
2018-06-17 00:00:00 UTC,-467,-607,412329693,0.51444444444444437
2018-06-17 00:00:00 UTC,-467,-606,412329693,2.6993055555555561
2018-06-17 00:00:00 UTC,-467,-609,412329694,10.572361111111112
2018-06-17 00:00:00 UTC,-467,-608,412329694,1.0647222222222221
2018-06-17 00:00:00 UTC,-211,83,431702580,1.8698611111111112
2018-06-17 00:00:00 UTC,-211,81,431702580,0.59500000000000008
2018-06-17 00:00:00 UTC,-211,82,431702580,0.78736111111111118
2018-06-17 00:00:00 UTC,-211,124,659345000,0.19513888888888889
2018-06-17 00:00:00 UTC,-211,1664,540004200,1.7623611111111102
2018-06-17 00:00:00 UTC,-211,1665,540004200,0.5790277777777777
2018-06-17 00:00:00 UTC,-211,1663,540004200,2.8345833333333337
2018-06-17 00:00:00 UTC,-211,122,659398000,0.34736111111111112
2018-06-17 00:00:00 UTC,-211,-816,224366000,2.2693055555555555
2018-06-17 00:00:00 UTC,-211,-818,224366000,2.2827777777777776
2018-06-17 00:00:00 UTC,-211,122,659053000,2.1436111111111114
2018-06-17 00:00:00 UTC,-211,1624,540010700,3.6906944444444445
2018-06-17 00:00:00 UTC,-211,1625,540010700,0.972638888888889
2018-06-17 00:00:00 UTC,-211,1627,540010700,0.90583333333333327
2018-06-17 00:00:00 UTC,-211,1628,540010700,0.92208333333333337
2018-06-17 00:00:00 UTC,-211,1626,540010700,0.85791666666666666
2018-06-17 00:00:00 UTC,46,1580,416002323,4.6640277777777781
2018-06-17 00:00:00 UTC,46,-24,627166000,4.9395833333333332
2018-06-17 00:00:00 UTC,46,-23,627166000,0.86638888888888888
2018-06-17 00:00:00 UTC,46,-15,627187000,7.2484722222222224
2018-06-17 00:00:00 UTC,46,-14,627187000,11.099444444444444
2018-06-17 00:00:00 UTC,46,-16,627187000,5.6523611111111105
2018-06-17 00:00:00 UTC,46,-13,627197000,6.3613888888888894
2018-06-17 00:00:00 UTC,46,1005,533192098,0.44958333333333333
2018-06-17 00:00:00 UTC,46,-1413,431704230,2.0498611111111096
2018-06-17 00:00:00 UTC,46,-1415,431704230,1.4506944444444445
2018-06-17 00:00:00 UTC,46,-1414,431704230,1.6127777777777772
2018-06-17 00:00:00 UTC,46,-1416,431704230,0.71708333333333341
2018-06-17 00:00:00 UTC,46,1000,533900971,14.590694444444447
2018-06-17 00:00:00 UTC,46,1633,432942000,0.82916666666666661
2018-06-17 00:00:00 UTC,46,1632,432942000,3.590833333333332
2018-06-17 00:00:00 UTC,46,1005,533192114,0.63361111111111112
2018-06-17 00:00:00 UTC,46,1670,412465078,0.7336111111111111
2018-06-17 00:00:00 UTC,46,1661,412465078,2.6968055555555557
2018-06-17 00:00:00 UTC,46,1662,412465078,0.36513888888888896
2018-06-17 00:00:00 UTC,46,1669,412465078,2.4324999999999997
2018-06-17 00:00:00 UTC,46,1004,533192124,2.9570833333333333
2018-06-17 00:00:00 UTC,46,-18,627192000,6.1740277777777779
2018-06-17 00:00:00 UTC,46,1004,533192128,1.0818055555555555
2018-06-17 00:00:00 UTC,46,52,877792200,15.678055555555554
2018-06-17 00:00:00 UTC,46,1456,440823000,0.050416666666666665
2018-06-17 00:00:00 UTC,46,52,877744100,8.6856944444444437
2018-06-17 00:00:00 UTC,46,54,877744100,4.2426388888888891
2018-06-17 00:00:00 UTC,46,53,877744100,5.0458333333333343
2018-06-17 00:00:00 UTC,46,1612,538060005,2.65
2018-06-17 00:00:00 UTC,46,1610,538060005,1.1026388888888889
2018-06-17 00:00:00 UTC,46,1611,538060005,7.4633333333333347
2018-06-17 00:00:00 UTC,46,54,877899000,5.9125
2018-06-17 00:00:00 UTC,46,53,877899000,1.32625
2018-06-17 00:00:00 UTC,46,52,877899000,9.2458333333333336
2018-06-17 00:00:00 UTC,302,1227,997753126,1.0833333333333335
2018-06-17 00:00:00 UTC,302,1226,997753126,7.9166666666666643
2018-06-17 00:00:00 UTC,302,1220,412320068,14.809166666666664
2018-06-17 00:00:00 UTC,302,-880,367772490,2.1101388888888888
2018-06-17 00:00:00 UTC,302,1716,416002642,1.1606944444444445
2018-06-17 00:00:00 UTC,302,1717,200010068,6.1977777777777767
2018-06-17 00:00:00 UTC,302,1224,412420701,0.37944444444444442
2018-06-17 00:00:00 UTC,302,1225,412420701,0.59097222222222212
2018-06-17 00:00:00 UTC,302,1221,412425181,11.585833333333333
2018-06-17 00:00:00 UTC,558,-1593,366736140,6.7583333333333284
2018-06-17 00:00:00 UTC,558,-1591,366736140,0.46125000000000005
2018-06-17 00:00:00 UTC,558,40,219946000,8.2125
2018-06-17 00:00:00 UTC,558,194,277194000,8.7188888888888858
2018-06-17 00:00:00 UTC,558,193,277194000,1.8238888888888887
2018-06-17 00:00:00 UTC,558,199,261004830,1.9569444444444444
2018-06-17 00:00:00 UTC,558,-58,235003952,2.4320833333333334
2018-06-17 00:00:00 UTC,558,-150,235007300,1.3566666666666665
2018-06-17 00:00:00 UTC,558,-54,235107428,1.8758333333333335
2018-06-17 00:00:00 UTC,558,-55,235107428,0.575
2018-06-17 00:00:00 UTC,558,192,277222000,0.13083333333333333
2018-06-17 00:00:00 UTC,558,193,277222000,12.218055555555553
2018-06-17 00:00:00 UTC,558,-85,250000275,2.4411111111111112
2018-06-17 00:00:00 UTC,558,40,220461000,0.685
2018-06-17 00:00:00 UTC,558,38,220461000,0.612638888888889
2018-06-17 00:00:00 UTC,558,37,220461000,3.3986111111111117
2018-06-17 00:00:00 UTC,558,39,220461000,0.95416666666666672
2018-06-17 00:00:00 UTC,558,1436,273810400,4.7472222222222209
2018-06-17 00:00:00 UTC,558,1435,273810400,4.3577777777777778
2018-06-17 00:00:00 UTC,558,80,219660000,8.5956944444444456
2018-06-17 00:00:00 UTC,-466,-614,701000732,0.47472222222222216
2018-06-17 00:00:00 UTC,-466,-615,701000732,1.0569444444444445
2018-06-17 00:00:00 UTC,-466,-616,701000735,1.1034722222222222
2018-06-17 00:00:00 UTC,-466,-615,701000735,3.276388888888889
2018-06-17 00:00:00 UTC,-466,-614,701000735,0.26402777777777775
2018-06-17 00:00:00 UTC,-466,-596,441864000,0.8112499999999998
2018-06-17 00:00:00 UTC,-466,-595,441864000,0.52208333333333334
2018-06-17 00:00:00 UTC,-466,-594,441864000,0.36694444444444452
2018-06-17 00:00:00 UTC,-466,-597,441864000,0.39611111111111114
2018-06-17 00:00:00 UTC,-466,1661,512400000,2.8398611111111105
2018-06-17 00:00:00 UTC,-466,1662,512400000,1.0381944444444444
2018-06-17 00:00:00 UTC,-466,1702,512430000,0.53138888888888891
2018-06-17 00:00:00 UTC,-466,-605,412329685,2.3283333333333331
2018-06-17 00:00:00 UTC,-466,-606,412329685,1.3543055555555554
2018-06-17 00:00:00 UTC,-466,-606,412329686,1.5580555555555555
2018-06-17 00:00:00 UTC,-466,-605,412329686,2.074583333333333
2018-06-17 00:00:00 UTC,-466,-605,412329687,0.913888888888889
2018-06-17 00:00:00 UTC,-466,-606,412329687,2.0848611111111111
2018-06-17 00:00:00 UTC,-466,-606,412329689,0.48555555555555552
2018-06-17 00:00:00 UTC,-466,-605,412329689,1.1620833333333334
2018-06-17 00:00:00 UTC,-466,-606,412329691,1.4984722222222215
2018-06-17 00:00:00 UTC,-466,-605,412329691,0.41555555555555557
2018-06-17 00:00:00 UTC,-466,-606,412329692,0.44013888888888886
2018-06-17 00:00:00 UTC,-466,-605,412329692,1.0906944444444442
2018-06-17 00:00:00 UTC,-466,-605,412329693,2.165
2018-06-17 00:00:00 UTC,-466,-606,412329693,1.0431944444444445
2018-06-17 00:00:00 UTC,-466,-608,412329694,0.4
2018-06-17 00:00:00 UTC,-466,-607,412329694,1.1744444444444448
2018-06-17 00:00:00 UTC,-466,-606,412329694,10.812083333333334
2018-06-17 00:00:00 UTC,-210,-780,224166160,0.51944444444444449
2018-06-17 00:00:00 UTC,-210,83,431702580,4.0411111111111122
2018-06-17 00:00:00 UTC,-210,84,431702580,0.3525
2018-06-17 00:00:00 UTC,-210,1664,540003900,9.167222222222227
2018-06-17 00:00:00 UTC,-210,1666,540003900,2.3870833333333334
2018-06-17 00:00:00 UTC,-210,1663,540003900,0.14736111111111111
2018-06-17 00:00:00 UTC,-210,1667,540003900,0.41263888888888889
2018-06-17 00:00:00 UTC,-210,1665,540003900,2.3848611111111109
2018-06-17 00:00:00 UTC,-210,1668,540003400,0.15680555555555556
2018-06-17 00:00:00 UTC,-210,1664,540003400,2.1106944444444444
2018-06-17 00:00:00 UTC,-210,1666,540003400,1.2106944444444443
2018-06-17 00:00:00 UTC,-210,1665,540003400,1.175138888888889
2018-06-17 00:00:00 UTC,-210,1667,540003400,1.6897222222222221
2018-06-17 00:00:00 UTC,-210,123,659345000,0.46805555555555556
2018-06-17 00:00:00 UTC,-210,121,659398000,1.0498611111111114
2018-06-17 00:00:00 UTC,-210,122,659398000,1.4372222222222222
2018-06-17 00:00:00 UTC,-210,551,635225000,0.12805555555555553
2018-06-17 00:00:00 UTC,-210,-818,224366000,1.17125
2018-06-17 00:00:00 UTC,-210,-817,224366000,1.21125
2018-06-17 00:00:00 UTC,-210,-816,224366000,2.250833333333333
2018-06-17 00:00:00 UTC,-210,122,659053000,0.51208333333333333
2018-06-17 00:00:00 UTC,-210,121,659053000,1.8209722222222215
2018-06-17 00:00:00 UTC,47,1680,510035000,1.6315277777777777
2018-06-17 00:00:00 UTC,47,1679,510035000,0.93083333333333318
2018-06-17 00:00:00 UTC,47,1678,510035000,0.90194444444444455
2018-06-17 00:00:00 UTC,47,1676,510035000,1.8011111111111111
2018-06-17 00:00:00 UTC,47,-12,627197000,4.32875
2018-06-17 00:00:00 UTC,47,-9,627165000,2.0836111111111109
2018-06-17 00:00:00 UTC,47,-517,745005400,0.54833333333333334
2018-06-17 00:00:00 UTC,47,-516,745005400,6.3773611111111093
2018-06-17 00:00:00 UTC,47,-1702,412691290,2.6652777777777779
2018-06-17 00:00:00 UTC,47,-517,745000600,1.9926388888888891
2018-06-17 00:00:00 UTC,47,1005,533192098,0.35097222222222224
2018-06-17 00:00:00 UTC,47,1005,533192101,0.39152777777777781
2018-06-17 00:00:00 UTC,47,1004,533192101,1.5747222222222221
2018-06-17 00:00:00 UTC,47,-1416,431704230,0.52166666666666661
2018-06-17 00:00:00 UTC,47,-1418,431704230,0.34847222222222218
2018-06-17 00:00:00 UTC,47,-1417,431704230,1.3031944444444443
2018-06-17 00:00:00 UTC,47,-1419,431704230,0.5575
2018-06-17 00:00:00 UTC,47,-1413,431704230,2.1711111111111103
2018-06-17 00:00:00 UTC,47,1005,533192102,0.575
2018-06-17 00:00:00 UTC,47,1004,533192102,6.3651388888888887
2018-06-17 00:00:00 UTC,47,-517,745004200,8.1662500000000016
2018-06-17 00:00:00 UTC,47,1004,533192107,0.72472222222222216
2018-06-17 00:00:00 UTC,47,1005,533192107,2.1070833333333336
2018-06-17 00:00:00 UTC,47,1633,432942000,0.42500000000000004
2018-06-17 00:00:00 UTC,47,1634,432942000,0.37222222222222223
2018-06-17 00:00:00 UTC,47,1635,432942000,0.49736111111111109
2018-06-17 00:00:00 UTC,47,1005,533192114,0.27402777777777776
2018-06-17 00:00:00 UTC,47,-1091,416000179,2.2769444444444447
2018-06-17 00:00:00 UTC,47,1668,412465078,0.12416666666666668
2018-06-17 00:00:00 UTC,47,1671,412465078,1.3516666666666666
2018-06-17 00:00:00 UTC,47,1670,412465078,0.043472222222222225
2018-06-17 00:00:00 UTC,47,1669,412465078,0.39819444444444446
2018-06-17 00:00:00 UTC,47,-62,627203000,1.7695833333333333
2018-06-17 00:00:00 UTC,47,-61,627203000,12.79222222222222
2018-06-17 00:00:00 UTC,47,-517,745004500,1.8449999999999998
2018-06-17 00:00:00 UTC,47,-518,745004500,0.14722222222222223
2018-06-17 00:00:00 UTC,47,1005,533192149,1.8083333333333333
2018-06-17 00:00:00 UTC,47,1005,533192152,1.4497222222222224
2018-06-17 00:00:00 UTC,47,53,877744100,1.7579166666666668
2018-06-17 00:00:00 UTC,47,54,877744100,1.162638888888889
2018-06-17 00:00:00 UTC,47,52,877744100,3.2536111111111108
2018-06-17 00:00:00 UTC,47,1602,538060005,0.99708333333333332
2018-06-17 00:00:00 UTC,303,1714,416002642,1.2547222222222221
2018-06-17 00:00:00 UTC,303,1713,416002642,1.1480555555555556
2018-06-17 00:00:00 UTC,303,1716,200010068,3.0266666666666664
2018-06-17 00:00:00 UTC,303,1717,200010068,6.0263888888888877
2018-06-17 00:00:00 UTC,303,1250,440120930,1.3168055555555556
2018-06-17 00:00:00 UTC,559,146,265759240,1.7079166666666667
2018-06-17 00:00:00 UTC,559,43,219946000,6.5872222222222234
2018-06-17 00:00:00 UTC,559,42,219946000,5.5804166666666672
2018-06-17 00:00:00 UTC,559,-22,235075108,1.2666666666666666
2018-06-17 00:00:00 UTC,559,-21,235075108,0.1361111111111111
2018-06-17 00:00:00 UTC,559,-57,235003952,0.30680555555555555
2018-06-17 00:00:00 UTC,559,-58,235003952,0.28236111111111112
2018-06-17 00:00:00 UTC,559,-151,235007300,2.9323611111111108
2018-06-17 00:00:00 UTC,559,-149,235007300,1.6169444444444445
2018-06-17 00:00:00 UTC,559,-150,235007300,6.2955555555555538
2018-06-17 00:00:00 UTC,559,53,219709000,0.78625
2018-06-17 00:00:00 UTC,559,52,219709000,0.58611111111111114
2018-06-17 00:00:00 UTC,559,-1652,369511000,0.7518055555555555
2018-06-17 00:00:00 UTC,559,-1646,369511000,0.42305555555555557
2018-06-17 00:00:00 UTC,559,-54,235107428,1.4752777777777777
2018-06-17 00:00:00 UTC,559,-55,235107428,1.0706944444444444
2018-06-17 00:00:00 UTC,559,193,277222000,10.758611111111113
2018-06-17 00:00:00 UTC,559,194,277222000,1.0644444444444443
2018-06-17 00:00:00 UTC,559,-85,250000275,2.274027777777778
2018-06-17 00:00:00 UTC,559,-89,250000275,1.5844444444444443
2018-06-17 00:00:00 UTC,559,-87,250000275,4.4981944444444446
2018-06-17 00:00:00 UTC,559,-22,232004770,0.31666666666666665
2018-06-17 00:00:00 UTC,559,-1700,367161000,1.4597222222222224
2018-06-17 00:00:00 UTC,559,-1702,367161000,1.1287499999999997
2018-06-17 00:00:00 UTC,559,-1701,367161000,4.1790277777777769
2018-06-17 00:00:00 UTC,559,-22,235083744,1.3580555555555556
2018-06-17 00:00:00 UTC,559,80,219660000,1.171111111111111
2018-06-17 00:00:00 UTC,559,-1701,366860000,2.9022222222222225
2018-06-17 00:00:00 UTC,559,-1700,366860000,3.5969444444444436
2018-06-17 00:00:00 UTC,559,-1702,366860000,0.70833333333333337
2018-06-17 00:00:00 UTC,559,25,244577000,0.26
2018-06-17 00:00:00 UTC,559,24,244577000,0.40694444444444444
2018-06-17 00:00:00 UTC,559,-1653,367563000,0.11777777777777777
2018-06-17 00:00:00 UTC,559,-1652,367563000,0.39916666666666667
2018-06-17 00:00:00 UTC,559,-1646,367563000,0.41250000000000009
2018-06-17 00:00:00 UTC,559,-1647,367563000,0.41444444444444445
2018-06-17 00:00:00 UTC,-465,-614,701000732,1.6947222222222214
2018-06-17 00:00:00 UTC,-465,-615,701000735,0.97694444444444439
2018-06-17 00:00:00 UTC,-465,-614,701000735,2.125
2018-06-17 00:00:00 UTC,-465,-595,441864000,2.1336111111111116
2018-06-17 00:00:00 UTC,-465,-591,441864000,0.98722222222222222
2018-06-17 00:00:00 UTC,-465,-597,441864000,0.072222222222222215
2018-06-17 00:00:00 UTC,-465,-608,224506000,1.0945833333333335
2018-06-17 00:00:00 UTC,-465,-607,224506000,1.1518055555555551
2018-06-17 00:00:00 UTC,-465,-609,224506000,0.25138888888888888
2018-06-17 00:00:00 UTC,-465,-606,224506000,0.93083333333333351
2018-06-17 00:00:00 UTC,-465,1700,512430000,0.2713888888888889
2018-06-17 00:00:00 UTC,-465,-604,412329685,0.78319444444444442
2018-06-17 00:00:00 UTC,-465,-605,412329685,0.71875
2018-06-17 00:00:00 UTC,-465,-606,412329686,0.71986111111111117
2018-06-17 00:00:00 UTC,-465,-605,412329686,1.6049999999999998
2018-06-17 00:00:00 UTC,-465,-605,412329687,1.2359722222222222
2018-06-17 00:00:00 UTC,-465,-604,412329689,1.4280555555555552
2018-06-17 00:00:00 UTC,-465,-605,412329689,0.94305555555555554
2018-06-17 00:00:00 UTC,-465,-604,412329691,0.19458333333333333
2018-06-17 00:00:00 UTC,-465,-605,412329692,0.32319444444444445
2018-06-17 00:00:00 UTC,-465,-604,412329692,0.76763888888888887
2018-06-17 00:00:00 UTC,-465,-605,412329693,0.98902777777777773
2018-06-17 00:00:00 UTC,-465,-604,412329693,1.0751388888888889
2018-06-17 00:00:00 UTC,-209,1666,540004100,0.63041666666666663
2018-06-17 00:00:00 UTC,-209,1667,540004100,0.93472222222222223
2018-06-17 00:00:00 UTC,-209,1665,540004100,3.0013888888888891
2018-06-17 00:00:00 UTC,-209,1668,540004100,2.7506944444444437
2018-06-17 00:00:00 UTC,-209,-780,224166160,1.7637500000000002
2018-06-17 00:00:00 UTC,-209,84,431702580,0.59875
2018-06-17 00:00:00 UTC,-209,1662,540003900,2.4013888888888895
2018-06-17 00:00:00 UTC,-209,1663,540003900,1.6549999999999998
2018-06-17 00:00:00 UTC,-209,121,659282000,0.17597222222222222
2018-06-17 00:00:00 UTC,-209,123,659345000,0.86527777777777781
2018-06-17 00:00:00 UTC,-209,122,659345000,1.7622222222222224
2018-06-17 00:00:00 UTC,-209,120,659398000,0.58527777777777779
2018-06-17 00:00:00 UTC,-209,121,659398000,2.1204166666666664
2018-06-17 00:00:00 UTC,-209,122,659054000,1.4986111111111109
2018-06-17 00:00:00 UTC,-209,-816,224366000,4.0306944444444444
2018-06-17 00:00:00 UTC,-209,-818,224366000,0.46319444444444446
2018-06-17 00:00:00 UTC,-209,-817,224366000,0.56527777777777777
2018-06-17 00:00:00 UTC,-209,121,659053000,1.6652777777777776
2018-06-17 00:00:00 UTC,-209,120,659053000,0.92416666666666658
2018-06-17 00:00:00 UTC,-209,365,416770000,1.6420833333333333
2018-06-17 00:00:00 UTC,-209,364,416770000,3.0797222222222222
2018-06-17 00:00:00 UTC,-209,363,416770000,5.2391666666666667
2018-06-17 00:00:00 UTC,48,611,416004865,3.1863888888888887
2018-06-17 00:00:00 UTC,48,-6,627061000,2.8644444444444446
2018-06-17 00:00:00 UTC,48,-7,627061000,12.770277777777777
2018-06-17 00:00:00 UTC,48,1580,416002323,2.4952777777777779
2018-06-17 00:00:00 UTC,48,1617,412460111,2.7133333333333334
2018-06-17 00:00:00 UTC,48,-517,745005400,0.7398611111111113
2018-06-17 00:00:00 UTC,48,-1704,412691290,1.1497222222222223
2018-06-17 00:00:00 UTC,48,-1702,412691290,0.72291666666666665
2018-06-17 00:00:00 UTC,48,-1700,412691290,1.377361111111111
2018-06-17 00:00:00 UTC,48,-1701,412691290,0.69097222222222221
2018-06-17 00:00:00 UTC,48,-1706,412691290,0.83972222222222215
2018-06-17 00:00:00 UTC,48,-1303,431602530,1.51
2018-06-17 00:00:00 UTC,48,1406,432549000,0.11916666666666667
2018-06-17 00:00:00 UTC,48,1410,431503000,0.84555555555555562
2018-06-17 00:00:00 UTC,48,1408,431503000,2.2136111111111112
2018-06-17 00:00:00 UTC,48,1407,431503000,7.8684722222222252
2018-06-17 00:00:00 UTC,48,1411,431503000,0.29555555555555557
2018-06-17 00:00:00 UTC,48,-516,745000600,0.60388888888888892
2018-06-17 00:00:00 UTC,48,-517,745000600,1.2715277777777776
2018-06-17 00:00:00 UTC,48,-518,745000600,8.2283333333333371
2018-06-17 00:00:00 UTC,48,-1414,431704230,0.611111111111111
2018-06-17 00:00:00 UTC,48,-1413,431704230,1.9056944444444444
2018-06-17 00:00:00 UTC,48,-1415,431704230,0.59847222222222218
2018-06-17 00:00:00 UTC,48,-517,745004200,12.960694444444448
2018-06-17 00:00:00 UTC,48,-518,745004200,0.24000000000000002
2018-06-17 00:00:00 UTC,48,999,533900971,4.9026388888888892
2018-06-17 00:00:00 UTC,48,1635,432942000,0.50652777777777769
2018-06-17 00:00:00 UTC,48,1636,432942000,0.71166666666666667
2018-06-17 00:00:00 UTC,48,-59,627203000,6.4194444444444443
2018-06-17 00:00:00 UTC,48,-58,627203000,1.1536111111111111
2018-06-17 00:00:00 UTC,48,-518,745004500,7.7561111111111112
2018-06-17 00:00:00 UTC,48,-519,745004500,13.026388888888889
2018-06-17 00:00:00 UTC,48,-35,263403770,4.3501388888888881
2018-06-17 00:00:00 UTC,48,-36,263403770,10.26416666666667
2018-06-17 00:00:00 UTC,48,-37,263403770,5.4184722222222232
2018-06-17 00:00:00 UTC,304,1224,412427569,0.14541666666666669
2018-06-17 00:00:00 UTC,304,1223,412427569,0.3379166666666667
2018-06-17 00:00:00 UTC,304,1224,412427575,0.21625000000000003
2018-06-17 00:00:00 UTC,304,1223,412427369,8.1550000000000011
2018-06-17 00:00:00 UTC,304,1222,900406178,0.42083333333333339
2018-06-17 00:00:00 UTC,304,1220,900406178,1.6151388888888889
2018-06-17 00:00:00 UTC,304,1221,900406178,1.544861111111111
2018-06-17 00:00:00 UTC,304,1222,412427475,0.5245833333333334
2018-06-17 00:00:00 UTC,560,-32,235006729,1.2286111111111113
2018-06-17 00:00:00 UTC,560,-31,235006729,1.7591666666666665
2018-06-17 00:00:00 UTC,560,-28,235107349,0.40416666666666667
2018-06-17 00:00:00 UTC,560,29,211241240,0.89152777777777781
2018-06-17 00:00:00 UTC,560,27,211241240,1.0901388888888888
2018-06-17 00:00:00 UTC,560,26,211241240,1.1059722222222221
2018-06-17 00:00:00 UTC,560,28,211241240,1.9529166666666669
2018-06-17 00:00:00 UTC,560,-22,235075108,0.3084722222222222
2018-06-17 00:00:00 UTC,560,-24,235075108,1.5629166666666665
2018-06-17 00:00:00 UTC,560,-23,235075108,1.8820833333333333
2018-06-17 00:00:00 UTC,560,-67,235061559,1.4905555555555554
2018-06-17 00:00:00 UTC,560,-66,235061559,2.6223611111111107
2018-06-17 00:00:00 UTC,560,-24,235000887,0.89930555555555547
2018-06-17 00:00:00 UTC,560,-25,235000887,8.6608333333333327
2018-06-17 00:00:00 UTC,560,-149,235007300,7.243611111111111
2018-06-17 00:00:00 UTC,560,52,219709000,1.6415277777777777
2018-06-17 00:00:00 UTC,560,53,219709000,3.4651388888888888
2018-06-17 00:00:00 UTC,560,-25,235097169,6.208333333333333
2018-06-17 00:00:00 UTC,560,1377,273814110,0.76944444444444438
2018-06-17 00:00:00 UTC,560,-31,235095927,0.29555555555555557
2018-06-17 00:00:00 UTC,560,-30,235095927,4.10125
2018-06-17 00:00:00 UTC,560,79,219021176,1.8941666666666666
2018-06-17 00:00:00 UTC,560,-30,235050118,0.5
2018-06-17 00:00:00 UTC,560,-28,235050118,0.53347222222222224
2018-06-17 00:00:00 UTC,560,-29,235050118,1.6666666666666667
2018-06-17 00:00:00 UTC,560,-31,235116689,0.675
2018-06-17 00:00:00 UTC,560,-88,250000275,1.7961111111111112
2018-06-17 00:00:00 UTC,560,-87,250000275,2.3679166666666664
2018-06-17 00:00:00 UTC,560,-159,259247000,2.379027777777778
2018-06-17 00:00:00 UTC,560,-160,259247000,1.51375
2018-06-17 00:00:00 UTC,560,27,244070300,3.4048611111111109
2018-06-17 00:00:00 UTC,560,30,244070300,0.85138888888888886
2018-06-17 00:00:00 UTC,560,29,244070300,2.939722222222223
2018-06-17 00:00:00 UTC,560,25,244070300,1.6106944444444447
2018-06-17 00:00:00 UTC,560,26,244070300,2.7934722222222224
2018-06-17 00:00:00 UTC,560,28,244070300,2.8386111111111108
2018-06-17 00:00:00 UTC,560,-24,232004770,0.57930555555555552
2018-06-17 00:00:00 UTC,560,-23,232004770,2.8945833333333333
2018-06-17 00:00:00 UTC,560,-22,232004770,0.30125
2018-06-17 00:00:00 UTC,560,-1698,367161000,4.1316666666666686
2018-06-17 00:00:00 UTC,560,-1699,367161000,3.3981944444444441
2018-06-17 00:00:00 UTC,560,-1697,367161000,1.8348611111111113
2018-06-17 00:00:00 UTC,560,-31,235004076,1.3376388888888886
2018-06-17 00:00:00 UTC,560,-30,235004076,0.52027777777777784
2018-06-17 00:00:00 UTC,560,-32,235004076,0.14958333333333332
2018-06-17 00:00:00 UTC,560,-1698,366062000,2.9652777777777777
2018-06-17 00:00:00 UTC,560,-30,235003312,3.4952777777777779
2018-06-17 00:00:00 UTC,560,-29,235003312,0.58333333333333326
2018-06-17 00:00:00 UTC,560,-31,235003312,0.89222222222222225
2018-06-17 00:00:00 UTC,560,-31,235100876,2.8701388888888895
2018-06-17 00:00:00 UTC,560,-30,235100876,1.8627777777777779
2018-06-17 00:00:00 UTC,560,-1699,366946000,0.55694444444444446
2018-06-17 00:00:00 UTC,560,-1700,366946000,0.6695833333333332
2018-06-17 00:00:00 UTC,560,-1698,366860000,5.54875
2018-06-17 00:00:00 UTC,560,-1699,366860000,1.5872222222222225
2018-06-17 00:00:00 UTC,560,-1697,366860000,1.9112499999999997
2018-06-17 00:00:00 UTC,560,26,235004390,1.6277777777777782
2018-06-17 00:00:00 UTC,560,27,235004390,1.7904166666666668
2018-06-17 00:00:00 UTC,560,29,244577000,0.27902777777777776
2018-06-17 00:00:00 UTC,560,26,244577000,1.13875
2018-06-17 00:00:00 UTC,560,28,244577000,2.1544444444444442
2018-06-17 00:00:00 UTC,560,24,244577000,1.4840277777777777
2018-06-17 00:00:00 UTC,560,27,244577000,2.1449999999999996
2018-06-17 00:00:00 UTC,560,-23,235095542,1.4630555555555556
2018-06-17 00:00:00 UTC,-464,-612,701000732,1.0313888888888889
2018-06-17 00:00:00 UTC,-464,-613,701000732,1.2568055555555555
2018-06-17 00:00:00 UTC,-464,-610,701000732,0.55972222222222223
2018-06-17 00:00:00 UTC,-464,-614,701000732,0.15569444444444444
2018-06-17 00:00:00 UTC,-464,-611,701000732,1.1375
2018-06-17 00:00:00 UTC,-464,-614,701000735,1.6916666666666667
2018-06-17 00:00:00 UTC,-464,-612,701000735,1.23
2018-06-17 00:00:00 UTC,-464,-613,701000735,1.4123611111111107
2018-06-17 00:00:00 UTC,-464,-610,701000735,1.3102777777777777
2018-06-17 00:00:00 UTC,-464,-611,701000735,0.82305555555555554
2018-06-17 00:00:00 UTC,-464,-591,441864000,0.77805555555555561
2018-06-17 00:00:00 UTC,-464,-599,441864000,2.4648611111111114
2018-06-17 00:00:00 UTC,-464,-634,701000539,0.26694444444444443
2018-06-17 00:00:00 UTC,-464,-606,224506000,0.897361111111111
2018-06-17 00:00:00 UTC,-464,-609,224506000,2.7561111111111112
2018-06-17 00:00:00 UTC,-464,-608,224506000,0.4580555555555556
2018-06-17 00:00:00 UTC,-464,-605,224506000,0.94597222222222221
2018-06-17 00:00:00 UTC,-464,489,635019200,12.403888888888904
2018-06-17 00:00:00 UTC,-464,490,635019200,7.2620833333333348
2018-06-17 00:00:00 UTC,-464,-603,412329685,1.833333333333333
2018-06-17 00:00:00 UTC,-464,-602,412329685,0.83583333333333332
2018-06-17 00:00:00 UTC,-464,-605,412329686,6.2855555555555576
2018-06-17 00:00:00 UTC,-464,-604,412329686,7.8851388888888883
2018-06-17 00:00:00 UTC,-464,-606,412329686,0.70930555555555563
2018-06-17 00:00:00 UTC,-464,-602,412329689,0.69180555555555556
2018-06-17 00:00:00 UTC,-464,-603,412329689,2.4405555555555551
2018-06-17 00:00:00 UTC,-464,-604,412329691,0.5706944444444445
2018-06-17 00:00:00 UTC,-464,-603,412329692,1.8029166666666663
2018-06-17 00:00:00 UTC,-464,-603,412329693,1.1356944444444446
2018-06-17 00:00:00 UTC,-464,-604,412329693,0.47097222222222229
2018-06-17 00:00:00 UTC,-208,1667,540004100,0.99444444444444435
2018-06-17 00:00:00 UTC,-208,1666,540004100,0.92819444444444443
2018-06-17 00:00:00 UTC,-208,-780,224166160,1.8223611111111107
2018-06-17 00:00:00 UTC,-208,85,431702580,0.17930555555555555
2018-06-17 00:00:00 UTC,-208,84,431702580,0.68027777777777776
2018-06-17 00:00:00 UTC,-208,1662,540003900,0.19791666666666666
2018-06-17 00:00:00 UTC,-208,1661,540003900,3.2212499999999995
2018-06-17 00:00:00 UTC,-208,121,659282000,1.9712499999999991
2018-06-17 00:00:00 UTC,-208,120,659282000,0.11361111111111111
2018-06-17 00:00:00 UTC,-208,119,659282000,0.21
2018-06-17 00:00:00 UTC,-208,-821,224892000,1.0715277777777779
2018-06-17 00:00:00 UTC,-208,121,659345000,0.86222222222222211
2018-06-17 00:00:00 UTC,-208,122,659345000,1.4586111111111113
2018-06-17 00:00:00 UTC,-208,119,659398000,3.188333333333333
2018-06-17 00:00:00 UTC,-208,120,659398000,3.7037499999999994
2018-06-17 00:00:00 UTC,-208,122,659054000,3.7331944444444436
2018-06-17 00:00:00 UTC,-208,121,659054000,1.3948611111111111
2018-06-17 00:00:00 UTC,-208,-818,224366000,0.66291666666666649
2018-06-17 00:00:00 UTC,-208,-817,224366000,3.9659722222222222
2018-06-17 00:00:00 UTC,-208,120,659053000,0.68708333333333338
2018-06-17 00:00:00 UTC,-208,365,416770000,3.3436111111111111
2018-06-17 00:00:00 UTC,49,611,416004865,3.1579166666666669
2018-06-17 00:00:00 UTC,49,-7,627061000,5.6829166666666664
2018-06-17 00:00:00 UTC,49,1580,416002323,0.77847222222222234
2018-06-17 00:00:00 UTC,49,1617,412460111,2.9565277777777776
2018-06-17 00:00:00 UTC,49,1618,412460111,0.97986111111111107
2018-06-17 00:00:00 UTC,49,1697,510034000,0.66541666666666677
2018-06-17 00:00:00 UTC,49,1698,510034000,0.43722222222222229
2018-06-17 00:00:00 UTC,49,-1663,440647000,0.46375
2018-06-17 00:00:00 UTC,49,-516,745005400,0.82805555555555554
2018-06-17 00:00:00 UTC,49,-1702,412691290,2.4606944444444445
2018-06-17 00:00:00 UTC,49,-1701,412691290,3.034305555555556
2018-06-17 00:00:00 UTC,49,-1703,412691290,1.5602777777777777
2018-06-17 00:00:00 UTC,49,-1699,412691290,1.1108333333333333
2018-06-17 00:00:00 UTC,49,-1303,431602530,2.7980555555555555
2018-06-17 00:00:00 UTC,49,656,416529000,2.0718055555555557
2018-06-17 00:00:00 UTC,49,655,416529000,4.0029166666666667
2018-06-17 00:00:00 UTC,49,657,416529000,1.4283333333333332
2018-06-17 00:00:00 UTC,49,653,416529000,0.94861111111111118
2018-06-17 00:00:00 UTC,49,1415,432549000,0.24069444444444443
2018-06-17 00:00:00 UTC,49,1406,432549000,1.9683333333333335
2018-06-17 00:00:00 UTC,49,-515,745000600,0.30374999999999996
2018-06-17 00:00:00 UTC,49,-516,745000600,0.52222222222222225
2018-06-17 00:00:00 UTC,49,-1415,431704230,0.066388888888888886
2018-06-17 00:00:00 UTC,49,51,812018100,2.5055555555555555
2018-06-17 00:00:00 UTC,49,-11,627202000,4.9766666666666666
2018-06-17 00:00:00 UTC,49,-8,627170000,5.3575
2018-06-17 00:00:00 UTC,49,-9,627170000,5.4255555555555555
2018-06-17 00:00:00 UTC,49,-37,263403770,2.1784722222222221
2018-06-17 00:00:00 UTC,49,-36,263403770,1.0933333333333333
2018-06-17 00:00:00 UTC,49,-170,416004859,3.0845833333333337
2018-06-17 00:00:00 UTC,49,-169,416004859,1.4365277777777776
2018-06-17 00:00:00 UTC,49,-172,416004859,2.6852777777777779
2018-06-17 00:00:00 UTC,49,-171,416004859,2.3077777777777779
2018-06-17 00:00:00 UTC,49,-173,416004859,2.8634722222222218
2018-06-17 00:00:00 UTC,305,1223,412427569,1.1547222222222224
2018-06-17 00:00:00 UTC,305,1224,412427569,1.3475
2018-06-17 00:00:00 UTC,305,1223,412427575,0.24347222222222223
2018-06-17 00:00:00 UTC,305,1224,412427575,1.2402777777777776
2018-06-17 00:00:00 UTC,305,1211,200036163,0.58680555555555558
2018-06-17 00:00:00 UTC,305,1212,200036163,2.1487499999999997
2018-06-17 00:00:00 UTC,305,1212,150008899,1.0545833333333332
2018-06-17 00:00:00 UTC,305,1212,412400221,0.10402777777777777
2018-06-17 00:00:00 UTC,305,1212,412400222,0.0748611111111111
2018-06-17 00:00:00 UTC,305,1211,412400222,0.083333333333333329
2018-06-17 00:00:00 UTC,305,1211,413985474,0.7831944444444443
2018-06-17 00:00:00 UTC,305,1212,413985474,1.4908333333333332
2018-06-17 00:00:00 UTC,305,1223,412425443,0.41555555555555557
2018-06-17 00:00:00 UTC,561,-31,235006729,1.11625
2018-06-17 00:00:00 UTC,561,-31,235107349,1.6038888888888887
2018-06-17 00:00:00 UTC,561,-30,235107349,3.9987500000000002
2018-06-17 00:00:00 UTC,561,-28,235107349,0.9538888888888889
2018-06-17 00:00:00 UTC,561,-29,235107349,3.2790277777777774
2018-06-17 00:00:00 UTC,561,25,211241240,2.9743055555555551
2018-06-17 00:00:00 UTC,561,27,211241240,0.91541666666666666
2018-06-17 00:00:00 UTC,561,30,211241240,0.83305555555555544
2018-06-17 00:00:00 UTC,561,29,211241240,2.7115277777777775
2018-06-17 00:00:00 UTC,561,26,211241240,2.007916666666667
2018-06-17 00:00:00 UTC,561,28,211241240,0.83944444444444455
2018-06-17 00:00:00 UTC,561,-24,235075108,1.2201388888888889
2018-06-17 00:00:00 UTC,561,-25,235075108,1.4944444444444442
2018-06-17 00:00:00 UTC,561,-67,235061559,0.56194444444444436
2018-06-17 00:00:00 UTC,561,-66,235061559,7.4226388888888906
2018-06-17 00:00:00 UTC,561,-26,235000887,0.30388888888888888
2018-06-17 00:00:00 UTC,561,-24,235000887,0.61986111111111108
2018-06-17 00:00:00 UTC,561,-25,235000887,0.34111111111111114
2018-06-17 00:00:00 UTC,561,-23,235000887,1.4798611111111113
2018-06-17 00:00:00 UTC,561,-66,235040576,0.28986111111111112
2018-06-17 00:00:00 UTC,561,-25,235117895,2.6441666666666666
2018-06-17 00:00:00 UTC,561,-24,235117895,1.9581944444444443
2018-06-17 00:00:00 UTC,561,1377,273814110,3.4893055555555552
2018-06-17 00:00:00 UTC,561,1378,273814110,0.73458333333333325
2018-06-17 00:00:00 UTC,561,-68,235023713,2.5588888888888888
2018-06-17 00:00:00 UTC,561,-69,235023713,2.5558333333333336
2018-06-17 00:00:00 UTC,561,-67,235023713,3.0348611111111108
2018-06-17 00:00:00 UTC,561,79,219021176,1.4263888888888889
2018-06-17 00:00:00 UTC,561,-30,232003712,5.2947222222222221
2018-06-17 00:00:00 UTC,561,-31,232003712,0.24583333333333332
2018-06-17 00:00:00 UTC,561,-29,232003712,3.3330555555555548
2018-06-17 00:00:00 UTC,561,-28,232003712,0.26263888888888887
2018-06-17 00:00:00 UTC,561,-31,235050118,0.7875
2018-06-17 00:00:00 UTC,561,-30,235050118,1.4873611111111111
2018-06-17 00:00:00 UTC,561,-27,235003783,2.8466666666666662
2018-06-17 00:00:00 UTC,561,-26,235003783,0.0776388888888889
2018-06-17 00:00:00 UTC,561,-28,235003783,0.76055555555555554
2018-06-17 00:00:00 UTC,561,-30,235116689,1.5447222222222217
2018-06-17 00:00:00 UTC,561,-31,235116689,1.4900000000000002
2018-06-17 00:00:00 UTC,561,-29,235116689,0.945
2018-06-17 00:00:00 UTC,561,122,220335000,0.5325
2018-06-17 00:00:00 UTC,561,26,244070300,0.52263888888888888
2018-06-17 00:00:00 UTC,561,30,244070300,4.3976388888888884
2018-06-17 00:00:00 UTC,561,28,244070300,1.0750000000000002
2018-06-17 00:00:00 UTC,561,29,244070300,2.7572222222222225
2018-06-17 00:00:00 UTC,561,-24,232004770,2.9373611111111111
2018-06-17 00:00:00 UTC,561,-1697,367161000,0.82166666666666677
2018-06-17 00:00:00 UTC,561,-1700,367161000,0.79236111111111118
2018-06-17 00:00:00 UTC,561,-1698,367161000,0.77666666666666662
2018-06-17 00:00:00 UTC,561,-1699,367161000,3.437638888888888
2018-06-17 00:00:00 UTC,561,-30,235004076,2.1197222222222223
2018-06-17 00:00:00 UTC,561,-31,235004076,1.0208333333333335
2018-06-17 00:00:00 UTC,561,-1698,366062000,1.1247222222222222
2018-06-17 00:00:00 UTC,561,59,235003080,4.7791666666666668
2018-06-17 00:00:00 UTC,561,58,235003080,1.2125
2018-06-17 00:00:00 UTC,561,1487,273435850,2.1661111111111113
2018-06-17 00:00:00 UTC,561,1488,273435850,0.55347222222222225
2018-06-17 00:00:00 UTC,561,1486,273435850,2.4918055555555556
2018-06-17 00:00:00 UTC,561,-1699,366946000,3.4531944444444438
2018-06-17 00:00:00 UTC,561,-1701,366946000,0.8618055555555556
2018-06-17 00:00:00 UTC,561,-1700,366946000,1.5740277777777776
2018-06-17 00:00:00 UTC,561,-1702,366946000,1.2252777777777775
2018-06-17 00:00:00 UTC,561,-27,232012753,0.26666666666666666
2018-06-17 00:00:00 UTC,561,-26,232012753,0.56652777777777774
2018-06-17 00:00:00 UTC,561,-25,232012753,1.7888888888888888
2018-06-17 00:00:00 UTC,561,-24,232012753,0.574861111111111
2018-06-17 00:00:00 UTC,561,31,219959000,1.3594444444444447
2018-06-17 00:00:00 UTC,561,32,219959000,0.83194444444444438
2018-06-17 00:00:00 UTC,561,-25,235001823,2.8493055555555555
2018-06-17 00:00:00 UTC,561,-1697,366860000,0.11166666666666666
2018-06-17 00:00:00 UTC,561,-1698,366860000,4.4722222222222223
2018-06-17 00:00:00 UTC,561,-1699,366860000,0.73777777777777775
2018-06-17 00:00:00 UTC,561,29,235004390,2.9395833333333332
2018-06-17 00:00:00 UTC,561,30,235004390,10.445833333333335
2018-06-17 00:00:00 UTC,561,28,235004390,4.06625
2018-06-17 00:00:00 UTC,561,27,235004390,3.0308333333333328
2018-06-17 00:00:00 UTC,561,26,235004390,0.3026388888888889
2018-06-17 00:00:00 UTC,561,28,244577000,1.0572222222222223
2018-06-17 00:00:00 UTC,561,29,244577000,2.2291666666666665
2018-06-17 00:00:00 UTC,561,26,244577000,1.8773611111111113
2018-06-17 00:00:00 UTC,561,24,244577000,2.1629166666666668
2018-06-17 00:00:00 UTC,561,27,244577000,1.0827777777777778
2018-06-17 00:00:00 UTC,561,25,244577000,1.8093055555555555
2018-06-17 00:00:00 UTC,561,30,244577000,1.6500000000000001
2018-06-17 00:00:00 UTC,561,-24,235095542,0.55944444444444441
2018-06-17 00:00:00 UTC,561,-23,235095542,3.6615277777777782
2018-06-17 00:00:00 UTC,-463,-632,701000960,0.018055555555555554
2018-06-17 00:00:00 UTC,-463,-604,412331016,15.725416666666668
2018-06-17 00:00:00 UTC,-463,-605,412331016,0.90041666666666675
2018-06-17 00:00:00 UTC,-463,-610,701000732,2.0883333333333329
2018-06-17 00:00:00 UTC,-463,-611,701000732,1.2052777777777779
2018-06-17 00:00:00 UTC,-463,-611,701000735,0.4825
2018-06-17 00:00:00 UTC,-463,-612,701000735,0.27944444444444444
2018-06-17 00:00:00 UTC,-463,-610,701000735,2.4613888888888891
2018-06-17 00:00:00 UTC,-463,-609,204820000,0.7087500000000001
2018-06-17 00:00:00 UTC,-463,-608,204820000,0.23680555555555557
2018-06-17 00:00:00 UTC,-463,-629,701000742,0.46458333333333318
2018-06-17 00:00:00 UTC,-463,-632,701000742,0.18333333333333335
2018-06-17 00:00:00 UTC,-463,-631,701000742,0.21097222222222223
2018-06-17 00:00:00 UTC,-463,-608,312872000,0.33513888888888888
2018-06-17 00:00:00 UTC,-463,-609,312872000,1.026111111111111
2018-06-17 00:00:00 UTC,-463,-598,441864000,0.67999999999999994
2018-06-17 00:00:00 UTC,-463,-599,441864000,2.0166666666666662
2018-06-17 00:00:00 UTC,-463,-600,441864000,0.52305555555555561
2018-06-17 00:00:00 UTC,-463,-633,701000539,1.5215277777777776
2018-06-17 00:00:00 UTC,-463,-634,701000539,0.53499999999999992
2018-06-17 00:00:00 UTC,-463,-631,701000539,0.25805555555555554
2018-06-17 00:00:00 UTC,-463,-633,701000830,0.94569444444444439
2018-06-17 00:00:00 UTC,-463,-632,701000830,0.06611111111111112
2018-06-17 00:00:00 UTC,-463,-634,701000830,0.59083333333333332
2018-06-17 00:00:00 UTC,-463,-605,224506000,2.9768055555555546
2018-06-17 00:00:00 UTC,-463,-609,224506000,1.4901388888888891
2018-06-17 00:00:00 UTC,-463,-632,701000619,0.72486111111111118
2018-06-17 00:00:00 UTC,-463,-633,701000619,0.74722222222222223
2018-06-17 00:00:00 UTC,-463,-634,701000619,0.56847222222222227
2018-06-17 00:00:00 UTC,-463,-633,701000895,0.81541666666666668
2018-06-17 00:00:00 UTC,-463,489,635019200,0.45097222222222216
2018-06-17 00:00:00 UTC,-463,490,635019200,0.23138888888888887
2018-06-17 00:00:00 UTC,-463,-630,701000648,0.70666666666666655
2018-06-17 00:00:00 UTC,-463,-631,701000648,0.63694444444444442
2018-06-17 00:00:00 UTC,-463,-629,701000648,0.42125
2018-06-17 00:00:00 UTC,-463,-602,412329685,3.6063888888888886
2018-06-17 00:00:00 UTC,-463,-602,412329689,2.6468055555555554
2018-06-17 00:00:00 UTC,-463,-603,412329691,0.70208333333333317
2018-06-17 00:00:00 UTC,-463,-602,412329692,1.6581944444444445
2018-06-17 00:00:00 UTC,-463,-602,412329693,3.5390277777777777
2018-06-17 00:00:00 UTC,-463,-603,412329693,0.068055555555555564
2018-06-17 00:00:00 UTC,-463,-598,412329695,7.7916666666666661
2018-06-17 00:00:00 UTC,-463,-631,701006071,0.88138888888888889
2018-06-17 00:00:00 UTC,-463,-634,701006071,0.71013888888888888
2018-06-17 00:00:00 UTC,-463,-633,701006071,0.33805555555555555
2018-06-17 00:00:00 UTC,-463,-630,701006071,0.56777777777777783
2018-06-17 00:00:00 UTC,-463,-632,701006071,1.1893055555555554
2018-06-17 00:00:00 UTC,-207,-780,224166160,1.5599999999999994
2018-06-17 00:00:00 UTC,-207,-779,224166160,0.74444444444444446
2018-06-17 00:00:00 UTC,-207,-1220,412209186,1.0022222222222223
2018-06-17 00:00:00 UTC,-207,85,431702580,0.6166666666666667
2018-06-17 00:00:00 UTC,-207,120,659282000,1.0170833333333336
2018-06-17 00:00:00 UTC,-207,119,659282000,1.9433333333333336
2018-06-17 00:00:00 UTC,-207,121,659345000,3.4129166666666677
2018-06-17 00:00:00 UTC,-207,119,659398000,4.8186111111111112
2018-06-17 00:00:00 UTC,-207,115,659206000,0.80083333333333329
2018-06-17 00:00:00 UTC,-207,120,659054000,1.6104166666666666
2018-06-17 00:00:00 UTC,-207,121,659054000,3.9062499999999996
2018-06-17 00:00:00 UTC,-207,-817,224366000,0.5725
2018-06-17 00:00:00 UTC,-207,363,416770000,1.2547222222222221
2018-06-17 00:00:00 UTC,-207,362,416770000,1.0644444444444443
2018-06-17 00:00:00 UTC,-207,366,416770000,0.97625000000000006
2018-06-17 00:00:00 UTC,-207,1168,503501300,9.9415277777777753
2018-06-17 00:00:00 UTC,50,609,416004865,2.8951388888888889
2018-06-17 00:00:00 UTC,50,611,416004865,3.7561111111111112
2018-06-17 00:00:00 UTC,50,-6,627198000,1.2655555555555555
2018-06-17 00:00:00 UTC,50,-5,627198000,3.4219444444444447
2018-06-17 00:00:00 UTC,50,-8,627198000,2.9711111111111115
2018-06-17 00:00:00 UTC,50,1619,412460111,0.53402777777777777
2018-06-17 00:00:00 UTC,50,1618,412460111,0.55666666666666664
2018-06-17 00:00:00 UTC,50,1696,510034000,0.16236111111111112
2018-06-17 00:00:00 UTC,50,1695,510034000,0.54138888888888892
2018-06-17 00:00:00 UTC,50,-516,745005400,1.0080555555555555
2018-06-17 00:00:00 UTC,50,-1303,431602530,1.7959722222222225
2018-06-17 00:00:00 UTC,50,653,416529000,2.6095833333333336
2018-06-17 00:00:00 UTC,50,656,416529000,1.0619444444444444
2018-06-17 00:00:00 UTC,50,654,416529000,3.390138888888889
2018-06-17 00:00:00 UTC,50,-522,745003400,0.85902777777777761
2018-06-17 00:00:00 UTC,50,-1704,412996000,1.27375
2018-06-17 00:00:00 UTC,50,-1703,412996000,4.0593055555555555
2018-06-17 00:00:00 UTC,50,-1701,412996000,0.82388888888888889
2018-06-17 00:00:00 UTC,50,-1702,412996000,0.92625
2018-06-17 00:00:00 UTC,50,51,812018100,1.206388888888889
2018-06-17 00:00:00 UTC,50,50,812018100,1.2415277777777778
2018-06-17 00:00:00 UTC,50,-1295,431701710,0.30250000000000005
2018-06-17 00:00:00 UTC,50,-172,416004859,1.6502777777777777
2018-06-17 00:00:00 UTC,50,-173,416004859,0.77263888888888888
2018-06-17 00:00:00 UTC,50,-169,416004859,1.2373611111111111
2018-06-17 00:00:00 UTC,50,1471,412460284,2.122638888888889
2018-06-17 00:00:00 UTC,306,1224,900361227,1.1583333333333334
2018-06-17 00:00:00 UTC,306,1225,900361227,2.4916666666666667
2018-06-17 00:00:00 UTC,306,1224,412429102,20.510972222222225
2018-06-17 00:00:00 UTC,306,1212,150008899,1.5119444444444445
2018-06-17 00:00:00 UTC,306,1224,200063310,4.2251388888888908
2018-06-17 00:00:00 UTC,306,1212,412400221,0.94208333333333327
2018-06-17 00:00:00 UTC,306,1212,412400222,1.0083333333333333
2018-06-17 00:00:00 UTC,306,1220,412428472,0.13319444444444445
2018-06-17 00:00:00 UTC,306,1212,413985474,0.41666666666666663
2018-06-17 00:00:00 UTC,306,1225,900361162,0.41666666666666663
2018-06-17 00:00:00 UTC,306,1224,900361162,3.580972222222222
2018-06-17 00:00:00 UTC,306,1224,900362206,0.81624999999999992
2018-06-17 00:00:00 UTC,562,30,211241240,0.28611111111111109
2018-06-17 00:00:00 UTC,562,27,211241240,2.4458333333333333
2018-06-17 00:00:00 UTC,562,28,211241240,1.7081944444444446
2018-06-17 00:00:00 UTC,562,26,211241240,1.9591666666666669
2018-06-17 00:00:00 UTC,562,29,211241240,1.958333333333333
2018-06-17 00:00:00 UTC,562,1445,273567010,1.6052777777777776
2018-06-17 00:00:00 UTC,562,1444,273567010,0.22083333333333335
2018-06-17 00:00:00 UTC,562,58,219731000,3.9252777777777781
2018-06-17 00:00:00 UTC,562,56,219731000,4.775
2018-06-17 00:00:00 UTC,562,57,219731000,4.5754166666666665
2018-06-17 00:00:00 UTC,562,120,220072000,1.3788888888888888
2018-06-17 00:00:00 UTC,562,121,220072000,2.0894444444444447
2018-06-17 00:00:00 UTC,562,59,219176000,11.430555555555557
2018-06-17 00:00:00 UTC,562,-66,235040576,2.6776388888888891
2018-06-17 00:00:00 UTC,562,-147,235007300,1.660277777777778
2018-06-17 00:00:00 UTC,562,-25,235117895,2.6440277777777781
2018-06-17 00:00:00 UTC,562,107,219004242,0.53791666666666671
2018-06-17 00:00:00 UTC,562,109,219004242,0.7425
2018-06-17 00:00:00 UTC,562,108,219004242,3.62
2018-06-17 00:00:00 UTC,562,-66,235023713,0.54583333333333339
2018-06-17 00:00:00 UTC,562,-67,235023713,0.5427777777777778
2018-06-17 00:00:00 UTC,562,-65,235023713,0.72416666666666663
2018-06-17 00:00:00 UTC,562,-27,235095929,2.4577777777777783
2018-06-17 00:00:00 UTC,562,-28,235095929,0.60888888888888892
2018-06-17 00:00:00 UTC,562,-27,235003783,0.15069444444444446
2018-06-17 00:00:00 UTC,562,-25,235003783,1.1065277777777778
2018-06-17 00:00:00 UTC,562,-28,235003783,0.1522222222222222
2018-06-17 00:00:00 UTC,562,-26,235003783,0.6348611111111111
2018-06-17 00:00:00 UTC,562,120,220335000,3.0684722222222227
2018-06-17 00:00:00 UTC,562,121,220335000,2.527222222222222
2018-06-17 00:00:00 UTC,562,30,244070300,0.8222222222222223
2018-06-17 00:00:00 UTC,562,-1699,367161000,0.64875
2018-06-17 00:00:00 UTC,562,-1702,366062000,6.06236111111111
2018-06-17 00:00:00 UTC,562,-1701,366062000,6.0530555555555559
2018-06-17 00:00:00 UTC,562,57,220461000,1.1568055555555556
2018-06-17 00:00:00 UTC,562,56,220461000,0.70847222222222217
2018-06-17 00:00:00 UTC,562,120,219012302,4.691527777777778
2018-06-17 00:00:00 UTC,562,121,219012302,1.7333333333333334
2018-06-17 00:00:00 UTC,562,-1701,366946000,3.0340277777777778
2018-06-17 00:00:00 UTC,562,-1699,366946000,5.2645833333333316
2018-06-17 00:00:00 UTC,562,-1702,366946000,6.4601388888888893
2018-06-17 00:00:00 UTC,562,-1703,366946000,0.31527777777777771
2018-06-17 00:00:00 UTC,562,-24,232012753,3.0540277777777778
2018-06-17 00:00:00 UTC,562,31,219959000,0.58347222222222228
2018-06-17 00:00:00 UTC,562,30,219959000,1.82375
2018-06-17 00:00:00 UTC,562,121,220076000,0.27347222222222223
2018-06-17 00:00:00 UTC,562,120,220076000,1.4322222222222223
2018-06-17 00:00:00 UTC,562,29,235004390,0.89555555555555555
2018-06-17 00:00:00 UTC,562,25,244577000,1.203888888888889
2018-06-17 00:00:00 UTC,562,24,244577000,1.4136111111111109
2018-06-17 00:00:00 UTC,-462,-632,701000960,0.91527777777777775
2018-06-17 00:00:00 UTC,-462,-630,701000960,1.1288888888888886
2018-06-17 00:00:00 UTC,-462,-632,701006094,0.10083333333333333
2018-06-17 00:00:00 UTC,-462,-630,701006094,0.28972222222222221
2018-06-17 00:00:00 UTC,-462,-630,701066000,0.0775
2018-06-17 00:00:00 UTC,-462,-609,701000732,0.23430555555555554
2018-06-17 00:00:00 UTC,-462,-610,701000732,0.66333333333333322
2018-06-17 00:00:00 UTC,-462,-609,701000735,2.2401388888888891
2018-06-17 00:00:00 UTC,-462,-610,701000735,0.37805555555555553
2018-06-17 00:00:00 UTC,-462,-608,204820000,3.9116666666666666
2018-06-17 00:00:00 UTC,-462,-629,701000742,0.56069444444444438
2018-06-17 00:00:00 UTC,-462,-608,312872000,4.3634722222222218
2018-06-17 00:00:00 UTC,-462,-609,312872000,0.070694444444444449
2018-06-17 00:00:00 UTC,-462,-598,441864000,0.67694444444444446
2018-06-17 00:00:00 UTC,-462,-630,701000515,1.3906944444444445
2018-06-17 00:00:00 UTC,-462,-631,701000515,1.7401388888888889
2018-06-17 00:00:00 UTC,-462,-633,701000562,0.82333333333333347
2018-06-17 00:00:00 UTC,-462,-631,701000830,0.11805555555555555
2018-06-17 00:00:00 UTC,-462,-632,701000830,0.43083333333333335
2018-06-17 00:00:00 UTC,-462,-633,701000830,0.25777777777777777
2018-06-17 00:00:00 UTC,-462,-630,701000830,0.25027777777777777
2018-06-17 00:00:00 UTC,-462,-605,224506000,3.1231944444444442
2018-06-17 00:00:00 UTC,-462,-609,224506000,1.3622222222222222
2018-06-17 00:00:00 UTC,-462,-630,701000615,0.53472222222222221
2018-06-17 00:00:00 UTC,-462,-631,701006005,0.40680555555555559
2018-06-17 00:00:00 UTC,-462,-630,701006005,1.7070833333333333
2018-06-17 00:00:00 UTC,-462,-632,701000895,0.9458333333333333
2018-06-17 00:00:00 UTC,-462,-631,701000895,0.80069444444444449
2018-06-17 00:00:00 UTC,-462,-630,701000895,1.006388888888889
2018-06-17 00:00:00 UTC,-462,-628,701000648,0.63111111111111118
2018-06-17 00:00:00 UTC,-462,-630,701000648,4.2002777777777771
2018-06-17 00:00:00 UTC,-462,-629,701000648,0.60638888888888887
2018-06-17 00:00:00 UTC,-462,-630,701000658,0.26791666666666669
2018-06-17 00:00:00 UTC,-462,-602,412329685,2.9875000000000007
2018-06-17 00:00:00 UTC,-462,-602,412329689,3.4436111111111116
2018-06-17 00:00:00 UTC,-462,-630,701000666,3.9440277777777784
2018-06-17 00:00:00 UTC,-462,-629,701000666,0.4237499999999999
2018-06-17 00:00:00 UTC,-462,-602,412329692,2.6402777777777779
2018-06-17 00:00:00 UTC,-462,-602,412329693,2.9259722222222218
2018-06-17 00:00:00 UTC,-462,-631,701006058,0.4981944444444445
2018-06-17 00:00:00 UTC,-462,-630,701006058,2.2609722222222222
2018-06-17 00:00:00 UTC,-462,-629,701078000,1.4095833333333334
2018-06-17 00:00:00 UTC,-462,-630,701006071,0.87833333333333341
2018-06-17 00:00:00 UTC,-206,-779,224166160,2.24
2018-06-17 00:00:00 UTC,-206,-780,224166160,1.1794444444444443
2018-06-17 00:00:00 UTC,-206,-1220,412209186,3.0701388888888888
2018-06-17 00:00:00 UTC,-206,-1221,412209186,0.47583333333333333
2018-06-17 00:00:00 UTC,-206,85,431702580,6.1765277777777774
2018-06-17 00:00:00 UTC,-206,119,659282000,1.831388888888889
2018-06-17 00:00:00 UTC,-206,120,659282000,2.6636111111111109
2018-06-17 00:00:00 UTC,-206,121,659282000,0.73388888888888892
2018-06-17 00:00:00 UTC,-206,120,659345000,2.9591666666666669
2018-06-17 00:00:00 UTC,-206,121,659345000,1.5226388888888887
2018-06-17 00:00:00 UTC,-206,118,659398000,0.7475
2018-06-17 00:00:00 UTC,-206,119,659398000,3.2383333333333337
2018-06-17 00:00:00 UTC,-206,114,659206000,2.0545833333333334
2018-06-17 00:00:00 UTC,-206,115,659206000,0.24083333333333332
2018-06-17 00:00:00 UTC,-206,119,659054000,1.1127777777777779
2018-06-17 00:00:00 UTC,-206,120,659054000,1.3344444444444443
2018-06-17 00:00:00 UTC,-206,366,416770000,4.1425
2018-06-17 00:00:00 UTC,-206,-821,224406000,0.2825
2018-06-17 00:00:00 UTC,-206,-820,224406000,0.80763888888888891
2018-06-17 00:00:00 UTC,-206,-819,224406000,0.94777777777777794
2018-06-17 00:00:00 UTC,-206,1169,503501300,10.631388888888889
2018-06-17 00:00:00 UTC,-206,1168,503501300,1.1276388888888889
2018-06-17 00:00:00 UTC,51,609,416004865,2.2938888888888886
2018-06-17 00:00:00 UTC,51,610,416004865,1.2101388888888889
2018-06-17 00:00:00 UTC,51,-4,627198000,3.4572222222222222
2018-06-17 00:00:00 UTC,51,-6,627198000,0.82916666666666661
2018-06-17 00:00:00 UTC,51,-5,627198000,4.2241666666666662
2018-06-17 00:00:00 UTC,51,1673,510035000,1.7401388888888889
2018-06-17 00:00:00 UTC,51,1674,510035000,1.7188888888888891
2018-06-17 00:00:00 UTC,51,1676,510035000,0.20305555555555554
2018-06-17 00:00:00 UTC,51,1678,510035000,1.3445833333333332
2018-06-17 00:00:00 UTC,51,1675,510035000,1.3379166666666666
2018-06-17 00:00:00 UTC,51,1619,412460111,1.7025
2018-06-17 00:00:00 UTC,51,-515,745005400,0.83361111111111108
2018-06-17 00:00:00 UTC,51,-1303,431602530,1.8827777777777781
2018-06-17 00:00:00 UTC,51,656,416529000,4.3473611111111108
2018-06-17 00:00:00 UTC,51,657,416529000,1.7038888888888888
2018-06-17 00:00:00 UTC,51,-523,745003400,1.8112499999999998
2018-06-17 00:00:00 UTC,51,-1279,432890000,1.2808333333333333
2018-06-17 00:00:00 UTC,51,-1280,432890000,0.72722222222222221
2018-06-17 00:00:00 UTC,51,-1702,412996000,1.3351388888888887
2018-06-17 00:00:00 UTC,51,-1701,412996000,0.83166666666666667
2018-06-17 00:00:00 UTC,51,-1707,412996000,1.295
2018-06-17 00:00:00 UTC,51,-1708,412996000,0.36208333333333331
2018-06-17 00:00:00 UTC,51,-1703,412996000,1.3305555555555555
2018-06-17 00:00:00 UTC,51,-1700,412996000,2.3274999999999997
2018-06-17 00:00:00 UTC,51,1511,431310000,2.0295833333333335
2018-06-17 00:00:00 UTC,51,1695,412699570,1.856944444444445
2018-06-17 00:00:00 UTC,51,50,812018100,0.871388888888889
2018-06-17 00:00:00 UTC,51,1697,412465076,0.47513888888888889
2018-06-17 00:00:00 UTC,51,1704,553111754,0.80861111111111117
2018-06-17 00:00:00 UTC,51,-1295,431701710,0.072777777777777775
2018-06-17 00:00:00 UTC,51,-169,416004859,1.9091666666666667
2018-06-17 00:00:00 UTC,51,-170,416004859,2.2475
2018-06-17 00:00:00 UTC,51,-173,416004859,1.2418055555555556
2018-06-17 00:00:00 UTC,51,-171,416004859,1.0134722222222221
2018-06-17 00:00:00 UTC,51,1475,412460284,4.3190277777777784
2018-06-17 00:00:00 UTC,51,1476,412460284,0.87597222222222226
2018-06-17 00:00:00 UTC,51,1471,412460284,1.05375
2018-06-17 00:00:00 UTC,307,1225,900361227,1.9166666666666665
2018-06-17 00:00:00 UTC,307,1224,900361227,1.833333333333333
2018-06-17 00:00:00 UTC,307,1224,200063310,19.76375
2018-06-17 00:00:00 UTC,307,1220,412371041,0.7975000000000001
2018-06-17 00:00:00 UTC,307,1224,412420723,0.05
2018-06-17 00:00:00 UTC,307,1222,412428472,0.12958333333333333
2018-06-17 00:00:00 UTC,307,1224,900361162,2.8005555555555559
2018-06-17 00:00:00 UTC,307,-814,367316710,5.7454166666666664
2018-06-17 00:00:00 UTC,307,1224,800022006,0.16416666666666668
2018-06-17 00:00:00 UTC,563,1490,273820420,0.90708333333333324
2018-06-17 00:00:00 UTC,563,1491,273820420,1.0716666666666668
2018-06-17 00:00:00 UTC,563,28,211241240,0.26249999999999996
2018-06-17 00:00:00 UTC,563,1447,273567010,2.5487500000000005
2018-06-17 00:00:00 UTC,563,1445,273567010,2.1684722222222224
2018-06-17 00:00:00 UTC,563,1446,273567010,3.5145833333333329
2018-06-17 00:00:00 UTC,563,1444,273567010,0.10194444444444445
2018-06-17 00:00:00 UTC,563,57,219731000,10.824444444444445
2018-06-17 00:00:00 UTC,563,121,219001149,1.1069444444444445
2018-06-17 00:00:00 UTC,563,120,219001149,1.1943055555555555
2018-06-17 00:00:00 UTC,563,120,220072000,3.4130555555555557
2018-06-17 00:00:00 UTC,563,121,220072000,0.9506944444444444
2018-06-17 00:00:00 UTC,563,-146,235007300,1.6566666666666665
2018-06-17 00:00:00 UTC,563,-1653,369511000,0.43833333333333335
2018-06-17 00:00:00 UTC,563,58,266460000,12.564583333333333
2018-06-17 00:00:00 UTC,563,59,266460000,1.1823611111111112
2018-06-17 00:00:00 UTC,563,-1665,367124090,1.1577777777777778
2018-06-17 00:00:00 UTC,563,-1659,367124090,0.3051388888888889
2018-06-17 00:00:00 UTC,563,-25,235003783,3.2063888888888896
2018-06-17 00:00:00 UTC,563,-26,235003783,0.70583333333333331
2018-06-17 00:00:00 UTC,563,-1703,368293000,2.2008333333333332
2018-06-17 00:00:00 UTC,563,-1704,368293000,0.6727777777777777
2018-06-17 00:00:00 UTC,563,120,220335000,0.33708333333333329
2018-06-17 00:00:00 UTC,563,1381,273432220,1.3468055555555556
2018-06-17 00:00:00 UTC,563,-1703,366062000,1.5579166666666668
2018-06-17 00:00:00 UTC,563,-1702,366062000,3.068888888888889
2018-06-17 00:00:00 UTC,563,-1665,367064000,1.740555555555555
2018-06-17 00:00:00 UTC,563,-1663,367064000,0.23652777777777778
2018-06-17 00:00:00 UTC,563,-1664,367064000,0.33722222222222226
2018-06-17 00:00:00 UTC,563,-1660,367064000,0.26402777777777775
2018-06-17 00:00:00 UTC,563,-27,235112648,3.7375
2018-06-17 00:00:00 UTC,563,58,220461000,1.0523611111111111
2018-06-17 00:00:00 UTC,563,121,219012302,0.55472222222222223
2018-06-17 00:00:00 UTC,563,-1699,366946000,0.26611111111111108
2018-06-17 00:00:00 UTC,563,28,219959000,0.3026388888888889
2018-06-17 00:00:00 UTC,563,29,219959000,1.8736111111111111
2018-06-17 00:00:00 UTC,563,30,219959000,1.1470833333333332
2018-06-17 00:00:00 UTC,563,121,220204000,0.26666666666666666
2018-06-17 00:00:00 UTC,563,119,220204000,0.27777777777777779
2018-06-17 00:00:00 UTC,563,120,220204000,1.9808333333333332
2018-06-17 00:00:00 UTC,563,119,220076000,1.37375
2018-06-17 00:00:00 UTC,563,118,220076000,2.013611111111111
2018-06-17 00:00:00 UTC,563,-1647,367563000,0.29347222222222225
2018-06-17 00:00:00 UTC,563,-1646,367563000,0.39958333333333335
2018-06-17 00:00:00 UTC,563,-1653,367563000,0.54694444444444446
2018-06-17 00:00:00 UTC,-461,-631,701000960,1.4829166666666667
2018-06-17 00:00:00 UTC,-461,-630,701000960,6.4388888888888873
2018-06-17 00:00:00 UTC,-461,-629,701000960,2.3318055555555559
2018-06-17 00:00:00 UTC,-461,-630,701006094,5.5887499999999983
2018-06-17 00:00:00 UTC,-461,-629,701006094,0.63125
2018-06-17 00:00:00 UTC,-461,-629,701066000,8.854305555555559
2018-06-17 00:00:00 UTC,-461,-630,701066000,0.4884722222222222
2018-06-17 00:00:00 UTC,-461,-609,701000735,0.87111111111111117
2018-06-17 00:00:00 UTC,-461,-611,701000735,0.06236111111111111
2018-06-17 00:00:00 UTC,-461,-608,204820000,5.8522222222222231
2018-06-17 00:00:00 UTC,-461,-630,701000742,10.29666666666667
2018-06-17 00:00:00 UTC,-461,-629,701000742,3.5043055555555549
2018-06-17 00:00:00 UTC,-461,-629,701097000,3.5283333333333338
2018-06-17 00:00:00 UTC,-461,-630,701097000,8.37347222222222
2018-06-17 00:00:00 UTC,-461,-603,412331071,12.361944444444443
2018-06-17 00:00:00 UTC,-461,-608,312872000,4.13722222222222
2018-06-17 00:00:00 UTC,-461,-598,441864000,0.89333333333333331
2018-06-17 00:00:00 UTC,-461,-630,701000515,13.983194444444448
2018-06-17 00:00:00 UTC,-461,-629,701000515,0.75611111111111118
2018-06-17 00:00:00 UTC,-461,-631,701000539,0.763611111111111
2018-06-17 00:00:00 UTC,-461,-630,701000539,5.6769444444444446
2018-06-17 00:00:00 UTC,-461,-629,701000539,4.7381944444444448
2018-06-17 00:00:00 UTC,-461,-628,701000550,1.601388888888889
2018-06-17 00:00:00 UTC,-461,-630,701000553,3.0620833333333337
2018-06-17 00:00:00 UTC,-461,-629,701000562,1.9749999999999996
2018-06-17 00:00:00 UTC,-461,-630,701000562,7.5598611111111138
2018-06-17 00:00:00 UTC,-461,-631,701000562,2.5233333333333325
2018-06-17 00:00:00 UTC,-461,-631,701000830,0.49972222222222229
2018-06-17 00:00:00 UTC,-461,-629,701000830,2.4172222222222217
2018-06-17 00:00:00 UTC,-461,-630,701000830,10.747916666666665
2018-06-17 00:00:00 UTC,-461,-629,701000587,0.29027777777777775
2018-06-17 00:00:00 UTC,-461,-630,701000587,11.441388888888893
2018-06-17 00:00:00 UTC,-461,-608,224506000,1.7823611111111113
2018-06-17 00:00:00 UTC,-461,-605,224506000,3.0879166666666666
2018-06-17 00:00:00 UTC,-461,-629,701000612,0.22861111111111113
2018-06-17 00:00:00 UTC,-461,-630,701000615,0.57444444444444442
2018-06-17 00:00:00 UTC,-461,-629,701000619,5.4541666666666666
2018-06-17 00:00:00 UTC,-461,-630,701000619,4.143472222222222
2018-06-17 00:00:00 UTC,-461,-630,701006005,9.0506944444444439
2018-06-17 00:00:00 UTC,-461,-631,701006005,1.1780555555555554
2018-06-17 00:00:00 UTC,-461,-629,701006005,2.3666666666666667
2018-06-17 00:00:00 UTC,-461,-629,701000895,1.8481944444444445
2018-06-17 00:00:00 UTC,-461,-630,701000895,9.44013888888889
2018-06-17 00:00:00 UTC,-461,-630,701007044,5.5655555555555551
2018-06-17 00:00:00 UTC,-461,-629,701007044,5.7144444444444451
2018-06-17 00:00:00 UTC,-461,-630,701000646,6.601527777777779
2018-06-17 00:00:00 UTC,-461,-630,701000648,6.8604166666666657
2018-06-17 00:00:00 UTC,-461,-629,701000648,0.6068055555555556
2018-06-17 00:00:00 UTC,-461,-630,701000658,10.435416666666663
2018-06-17 00:00:00 UTC,-461,-629,701000658,3.3744444444444435
2018-06-17 00:00:00 UTC,-461,-602,412329685,1.8370833333333334
2018-06-17 00:00:00 UTC,-461,-601,412329685,0.57638888888888884
2018-06-17 00:00:00 UTC,-461,-601,412329689,1.9094444444444445
2018-06-17 00:00:00 UTC,-461,-602,412329689,1.0144444444444445
2018-06-17 00:00:00 UTC,-461,-629,701000666,1.1636111111111109
2018-06-17 00:00:00 UTC,-461,-630,701000666,7.1248611111111124
2018-06-17 00:00:00 UTC,-461,-602,412329692,2.9995833333333337
2018-06-17 00:00:00 UTC,-461,-602,412329693,2.9918055555555556
2018-06-17 00:00:00 UTC,-461,-598,412329696,6.368611111111111
2018-06-17 00:00:00 UTC,-461,-630,701000932,3.8693055555555556
2018-06-17 00:00:00 UTC,-461,-629,701006058,3.1791666666666667
2018-06-17 00:00:00 UTC,-461,-630,701006058,10.335833333333335
2018-06-17 00:00:00 UTC,-461,-628,701078000,0.88916666666666666
2018-06-17 00:00:00 UTC,-461,-627,701078000,0.2747222222222222
2018-06-17 00:00:00 UTC,-461,-629,701078000,0.67069444444444448
2018-06-17 00:00:00 UTC,-461,-630,701006071,10.853888888888889
2018-06-17 00:00:00 UTC,-461,-629,701006071,0.82680555555555557
2018-06-17 00:00:00 UTC,-205,1668,540004100,0.52541666666666664
2018-06-17 00:00:00 UTC,-205,-778,224166160,3.155416666666667
2018-06-17 00:00:00 UTC,-205,-779,224166160,1.1502777777777777
2018-06-17 00:00:00 UTC,-205,-1221,412209186,3.6529166666666666
2018-06-17 00:00:00 UTC,-205,118,659282000,1.7511111111111113
2018-06-17 00:00:00 UTC,-205,120,659282000,3.7730555555555561
2018-06-17 00:00:00 UTC,-205,119,659282000,0.63166666666666671
2018-06-17 00:00:00 UTC,-205,120,659345000,2.2968055555555553
2018-06-17 00:00:00 UTC,-205,1671,540004200,1.5979166666666662
2018-06-17 00:00:00 UTC,-205,1670,540004200,3.0447222222222217
2018-06-17 00:00:00 UTC,-205,1672,540004200,0.8847222222222223
2018-06-17 00:00:00 UTC,-205,118,659398000,2.2674999999999992
2018-06-17 00:00:00 UTC,-205,119,659398000,0.18847222222222224
2018-06-17 00:00:00 UTC,-205,113,659206000,0.93194444444444458
2018-06-17 00:00:00 UTC,-205,114,659206000,1.431388888888889
2018-06-17 00:00:00 UTC,-205,119,659054000,1.9284722222222224
2018-06-17 00:00:00 UTC,-205,-818,224406000,0.76569444444444457
2018-06-17 00:00:00 UTC,-205,-821,224406000,1.9344444444444449
2018-06-17 00:00:00 UTC,52,609,416004865,4.1543055555555553
2018-06-17 00:00:00 UTC,52,608,416004865,2.408611111111111
2018-06-17 00:00:00 UTC,52,-4,627198000,1.9674999999999998
2018-06-17 00:00:00 UTC,52,1671,510035000,1.1643055555555555
2018-06-17 00:00:00 UTC,52,1670,510035000,3.1563888888888894
2018-06-17 00:00:00 UTC,52,1669,510035000,1.0993055555555555
2018-06-17 00:00:00 UTC,52,1672,510035000,0.91708333333333336
2018-06-17 00:00:00 UTC,52,847,417001534,9.5241666666666678
2018-06-17 00:00:00 UTC,52,-7,627880000,2.6341666666666663
2018-06-17 00:00:00 UTC,52,-3,627389000,5.936527777777779
2018-06-17 00:00:00 UTC,52,-4,627389000,1.0076388888888888
2018-06-17 00:00:00 UTC,52,634,416605000,2.0225
2018-06-17 00:00:00 UTC,52,633,416605000,3.546388888888889
2018-06-17 00:00:00 UTC,52,1620,412460111,2.2005555555555554
2018-06-17 00:00:00 UTC,52,-515,745005400,2.3347222222222221
2018-06-17 00:00:00 UTC,52,-516,745005400,2.7798611111111113
2018-06-17 00:00:00 UTC,52,-4,627132000,3.2484722222222224
2018-06-17 00:00:00 UTC,52,-2,627132000,1.986388888888889
2018-06-17 00:00:00 UTC,52,-3,627132000,8.1247222222222213
2018-06-17 00:00:00 UTC,52,-1303,431602530,2.3248611111111113
2018-06-17 00:00:00 UTC,52,653,416529000,4.1527777777777777
2018-06-17 00:00:00 UTC,52,-1725,432453000,0.92375
2018-06-17 00:00:00 UTC,52,-524,745003400,0.83444444444444443
2018-06-17 00:00:00 UTC,52,-1279,432890000,0.38250000000000006
2018-06-17 00:00:00 UTC,52,-1280,432890000,0.31694444444444442
2018-06-17 00:00:00 UTC,52,-6,627610000,1.2726388888888893
2018-06-17 00:00:00 UTC,52,-516,745000600,1.6727777777777779
2018-06-17 00:00:00 UTC,52,-518,745000600,0.055
2018-06-17 00:00:00 UTC,52,-517,745000600,2.75986111111111
2018-06-17 00:00:00 UTC,52,1467,431812000,7.39638888888889
2018-06-17 00:00:00 UTC,52,-1745,412696740,3.5673611111111114
2018-06-17 00:00:00 UTC,52,51,877968300,0.89180555555555563
2018-06-17 00:00:00 UTC,52,52,877968300,2.048888888888889
2018-06-17 00:00:00 UTC,52,51,888259500,7.1265277777777776
2018-06-17 00:00:00 UTC,52,1512,431310000,1.2438888888888888
2018-06-17 00:00:00 UTC,52,1509,431310000,1.841388888888889
2018-06-17 00:00:00 UTC,52,-2,627150000,3.3098611111111111
2018-06-17 00:00:00 UTC,52,-6,627694000,0.35472222222222227
2018-06-17 00:00:00 UTC,52,50,812018100,1.6263888888888889
2018-06-17 00:00:00 UTC,52,1704,553111754,6.4111111111111123
2018-06-17 00:00:00 UTC,52,1705,553111754,0.38777777777777778
2018-06-17 00:00:00 UTC,52,1703,553111754,0.88277777777777777
2018-06-17 00:00:00 UTC,52,-1295,431701710,0.58777777777777784
2018-06-17 00:00:00 UTC,52,-7,627682000,0.093333333333333338
2018-06-17 00:00:00 UTC,52,1470,412460284,2.9533333333333336
2018-06-17 00:00:00 UTC,52,1474,412460284,4.2197222222222228
2018-06-17 00:00:00 UTC,52,1475,412460284,0.80680555555555555
2018-06-17 00:00:00 UTC,52,1471,412460284,1.9229166666666668
2018-06-17 00:00:00 UTC,308,1219,412370958,0.071805555555555553
2018-06-17 00:00:00 UTC,308,1220,412370958,9.7438888888888879
2018-06-17 00:00:00 UTC,308,1515,416003409,3.9572222222222218
2018-06-17 00:00:00 UTC,308,1220,412371041,8.795416666666668
2018-06-17 00:00:00 UTC,308,1219,412359040,2.1681944444444445
2018-06-17 00:00:00 UTC,308,-814,367732620,3.6116666666666664
2018-06-17 00:00:00 UTC,308,1225,800022006,0.17083333333333334
2018-06-17 00:00:00 UTC,564,1488,273820420,0.7425
2018-06-17 00:00:00 UTC,564,1490,273820420,6.7447222222222223
2018-06-17 00:00:00 UTC,564,1487,273820420,5.1333333333333329
2018-06-17 00:00:00 UTC,564,1489,273820420,6.2434722222222216
2018-06-17 00:00:00 UTC,564,1445,273567010,1.5852777777777778
2018-06-17 00:00:00 UTC,564,1446,273567010,3.1427777777777774
2018-06-17 00:00:00 UTC,564,58,219013178,2.2743055555555554
2018-06-17 00:00:00 UTC,564,60,219013178,1.5747222222222224
2018-06-17 00:00:00 UTC,564,59,219013178,8.20486111111111
2018-06-17 00:00:00 UTC,564,120,220072000,0.096805555555555561
2018-06-17 00:00:00 UTC,564,-145,235007300,1.1240277777777776
2018-06-17 00:00:00 UTC,564,-1653,369511000,1.0293055555555557
2018-06-17 00:00:00 UTC,564,-1655,369511000,0.20805555555555558
2018-06-17 00:00:00 UTC,564,-1654,369511000,2.7184722222222213
2018-06-17 00:00:00 UTC,564,57,266460000,2.58875
2018-06-17 00:00:00 UTC,564,59,266460000,2.0684722222222223
2018-06-17 00:00:00 UTC,564,58,266460000,0.34972222222222227
2018-06-17 00:00:00 UTC,564,60,266460000,5.2095833333333337
2018-06-17 00:00:00 UTC,564,-1325,367648110,3.9506944444444443
2018-06-17 00:00:00 UTC,564,-1324,367648110,2.7131944444444445
2018-06-17 00:00:00 UTC,564,-1703,368293000,0.6906944444444445
2018-06-17 00:00:00 UTC,564,-1704,368293000,1.2577777777777779
2018-06-17 00:00:00 UTC,564,-1702,368293000,0.74250000000000016
2018-06-17 00:00:00 UTC,564,-24,235007885,3.4706944444444439
2018-06-17 00:00:00 UTC,564,-25,235007885,0.53472222222222221
2018-06-17 00:00:00 UTC,564,-69,235106463,0.30833333333333335
2018-06-17 00:00:00 UTC,564,1486,273452210,0.25208333333333333
2018-06-17 00:00:00 UTC,564,1482,273452210,1.2565277777777777
2018-06-17 00:00:00 UTC,564,1487,273452210,1.0119444444444445
2018-06-17 00:00:00 UTC,564,1483,273452210,1.182361111111111
2018-06-17 00:00:00 UTC,564,1481,273452210,0.28972222222222221
2018-06-17 00:00:00 UTC,564,1484,273452210,1.4051388888888889
2018-06-17 00:00:00 UTC,564,1482,273447860,4.0293055555555561
2018-06-17 00:00:00 UTC,564,-1665,367064000,0.30138888888888893
2018-06-17 00:00:00 UTC,564,28,219959000,2.2793055555555557
2018-06-17 00:00:00 UTC,564,120,220204000,0.29708333333333337
2018-06-17 00:00:00 UTC,564,-1653,367563000,5.9963888888888883
2018-06-17 00:00:00 UTC,564,-1652,367563000,0.60097222222222224
2018-06-17 00:00:00 UTC,-460,-619,701000717,3.2218055555555556
2018-06-17 00:00:00 UTC,-460,-630,701006094,0.13374999999999998
2018-06-17 00:00:00 UTC,-460,-630,701066000,3.9645833333333331
2018-06-17 00:00:00 UTC,-460,-629,701066000,0.073611111111111113
2018-06-17 00:00:00 UTC,-460,-628,701000729,3.5184722222222224
2018-06-17 00:00:00 UTC,-460,-630,701000729,1.3475000000000001
2018-06-17 00:00:00 UTC,-460,-610,701000732,0.63972222222222219
2018-06-17 00:00:00 UTC,-460,-609,701000732,0.28638888888888892
2018-06-17 00:00:00 UTC,-460,-611,701000735,0.99847222222222221
2018-06-17 00:00:00 UTC,-460,-610,701000735,0.40166666666666667
2018-06-17 00:00:00 UTC,-460,-607,204820000,1.0377777777777777
2018-06-17 00:00:00 UTC,-460,-608,204820000,1.350138888888889
2018-06-17 00:00:00 UTC,-460,-630,701097000,1.4418055555555558
2018-06-17 00:00:00 UTC,-460,-628,701097000,0.78416666666666668
2018-06-17 00:00:00 UTC,-460,-629,701097000,0.54263888888888889
2018-06-17 00:00:00 UTC,-460,-628,701006377,9.4695833333333379
2018-06-17 00:00:00 UTC,-460,-629,701006377,5.1368055555555552
2018-06-17 00:00:00 UTC,-460,-627,701006655,1.4794444444444446
2018-06-17 00:00:00 UTC,-460,-628,701006655,0.13027777777777777
2018-06-17 00:00:00 UTC,-460,-607,312872000,1.6193055555555556
2018-06-17 00:00:00 UTC,-460,-608,312872000,3.111388888888889
2018-06-17 00:00:00 UTC,-460,-599,441864000,2.9905555555555545
2018-06-17 00:00:00 UTC,-460,-598,441864000,0.51013888888888892
2018-06-17 00:00:00 UTC,-460,-629,701000515,0.34208333333333329
2018-06-17 00:00:00 UTC,-460,-630,701000515,0.80847222222222226
2018-06-17 00:00:00 UTC,-460,1712,512039000,0.078194444444444455
2018-06-17 00:00:00 UTC,-460,-630,701000539,3.1190277777777773
2018-06-17 00:00:00 UTC,-460,-629,701000539,0.5838888888888889
2018-06-17 00:00:00 UTC,-460,-631,701000539,0.88625
2018-06-17 00:00:00 UTC,-460,-629,701000805,0.091388888888888881
2018-06-17 00:00:00 UTC,-460,-630,701000805,0.37069444444444444
2018-06-17 00:00:00 UTC,-460,-628,701000550,5.0590277777777759
2018-06-17 00:00:00 UTC,-460,-629,701000550,1.0345833333333334
2018-06-17 00:00:00 UTC,-460,-629,701041000,0.21222222222222223
2018-06-17 00:00:00 UTC,-460,-630,701000553,0.8930555555555556
2018-06-17 00:00:00 UTC,-460,-628,701000553,0.18152777777777779
2018-06-17 00:00:00 UTC,-460,-627,701000558,0.83069444444444451
2018-06-17 00:00:00 UTC,-460,-591,440347000,1.9706944444444443
2018-06-17 00:00:00 UTC,-460,-630,701000830,0.52819444444444452
2018-06-17 00:00:00 UTC,-460,-607,224506000,0.40305555555555561
2018-06-17 00:00:00 UTC,-460,-608,224506000,0.5525
2018-06-17 00:00:00 UTC,-460,-605,224506000,0.46263888888888882
2018-06-17 00:00:00 UTC,-460,-629,701000612,1.0027777777777778
2018-06-17 00:00:00 UTC,-460,-628,701000612,1.0638888888888889
2018-06-17 00:00:00 UTC,-460,-629,701000615,0.073055555555555554
2018-06-17 00:00:00 UTC,-460,-630,701000895,2.4366666666666674
2018-06-17 00:00:00 UTC,-460,-627,701000642,0.77250000000000008
2018-06-17 00:00:00 UTC,-460,-630,701007044,0.36958333333333332
2018-06-17 00:00:00 UTC,-460,-629,701007044,1.3884722222222223
2018-06-17 00:00:00 UTC,-460,-629,701000645,0.83305555555555555
2018-06-17 00:00:00 UTC,-460,-630,701000648,2.7408333333333337
2018-06-17 00:00:00 UTC,-460,-627,701000651,0.23333333333333334
2018-06-17 00:00:00 UTC,-460,-626,701000651,0.35541666666666671
2018-06-17 00:00:00 UTC,-460,-632,701000652,0.5213888888888889
2018-06-17 00:00:00 UTC,-460,-631,701000652,0.36972222222222223
2018-06-17 00:00:00 UTC,-460,-626,701006034,0.75555555555555554
2018-06-17 00:00:00 UTC,-460,-602,412329692,0.86361111111111111
2018-06-17 00:00:00 UTC,-460,-601,412329692,0.2638888888888889
2018-06-17 00:00:00 UTC,-460,-601,412329693,1.1745833333333331
2018-06-17 00:00:00 UTC,-460,-602,412329693,1.6920833333333329
2018-06-17 00:00:00 UTC,-460,-627,701078000,0.13888888888888887
2018-06-17 00:00:00 UTC,-460,-628,701078000,3.6798611111111108
2018-06-17 00:00:00 UTC,-460,-629,701078000,2.9420833333333336
2018-06-17 00:00:00 UTC,-460,-628,701000950,0.36527777777777776
2018-06-17 00:00:00 UTC,-460,-629,701000950,0.052777777777777778
2018-06-17 00:00:00 UTC,-204,1664,540004100,2.6562499999999982
2018-06-17 00:00:00 UTC,-204,1668,540004100,3.4304166666666673
2018-06-17 00:00:00 UTC,-204,1667,540004100,0.74944444444444436
2018-06-17 00:00:00 UTC,-204,1665,540004100,0.58458333333333334
2018-06-17 00:00:00 UTC,-204,1715,412300365,1.1131944444444446
2018-06-17 00:00:00 UTC,-204,1714,412300365,0.32430555555555557
2018-06-17 00:00:00 UTC,-204,120,659282000,0.32722222222222219
2018-06-17 00:00:00 UTC,-204,119,659282000,3.9373611111111106
2018-06-17 00:00:00 UTC,-204,118,659282000,0.6975
2018-06-17 00:00:00 UTC,-204,1668,540004200,0.30722222222222223
2018-06-17 00:00:00 UTC,-204,1669,540004200,3.5822222222222226
2018-06-17 00:00:00 UTC,-204,1670,540004200,0.23708333333333334
2018-06-17 00:00:00 UTC,-204,114,659206000,0.92236111111111108
2018-06-17 00:00:00 UTC,-204,113,659206000,1.5273611111111114
2018-06-17 00:00:00 UTC,-204,119,659054000,1.7866666666666664
2018-06-17 00:00:00 UTC,-204,-818,224406000,0.54013888888888872
2018-06-17 00:00:00 UTC,-204,-821,224406000,0.89791666666666681
2018-06-17 00:00:00 UTC,-204,-819,224406000,0.25236111111111115
2018-06-17 00:00:00 UTC,53,1559,888160012,0.32291666666666669
2018-06-17 00:00:00 UTC,53,-5,627850000,0.2225
2018-06-17 00:00:00 UTC,53,-1119,900028964,2.996944444444444
2018-06-17 00:00:00 UTC,53,-4,627198000,0.24333333333333335
2018-06-17 00:00:00 UTC,53,-3,627198000,1.20875
2018-06-17 00:00:00 UTC,53,-2,627389000,3.3916666666666666
2018-06-17 00:00:00 UTC,53,-4,627389000,4.3495833333333334
2018-06-17 00:00:00 UTC,53,633,416605000,2.2
2018-06-17 00:00:00 UTC,53,630,416605000,0.82930555555555552
2018-06-17 00:00:00 UTC,53,634,416605000,3.6374999999999997
2018-06-17 00:00:00 UTC,53,631,416605000,0.56444444444444442
2018-06-17 00:00:00 UTC,53,629,416605000,4.6225
2018-06-17 00:00:00 UTC,53,632,416605000,0.58097222222222211
2018-06-17 00:00:00 UTC,53,1621,412460111,1.0841666666666667
2018-06-17 00:00:00 UTC,53,1620,412460111,0.25777777777777777
2018-06-17 00:00:00 UTC,53,-516,745005400,4.2406944444444452
2018-06-17 00:00:00 UTC,53,-1303,431602530,1.02125
2018-06-17 00:00:00 UTC,53,50,812019300,1.6026388888888889
2018-06-17 00:00:00 UTC,53,50,878202000,9.0206944444444446
2018-06-17 00:00:00 UTC,53,51,878202000,7.3434722222222222
2018-06-17 00:00:00 UTC,53,-516,745000600,0.73611111111111116
2018-06-17 00:00:00 UTC,53,-517,745000600,1.6644444444444442
2018-06-17 00:00:00 UTC,53,1467,431812000,3.5337500000000008
2018-06-17 00:00:00 UTC,53,-1743,412696740,2.0556944444444443
2018-06-17 00:00:00 UTC,53,-1742,412696740,1.3127777777777778
2018-06-17 00:00:00 UTC,53,51,877968300,14.916666666666666
2018-06-17 00:00:00 UTC,53,50,877968300,6.1420833333333329
2018-06-17 00:00:00 UTC,53,50,888259500,5.6234722222222233
2018-06-17 00:00:00 UTC,53,51,888259500,10.974861111111112
2018-06-17 00:00:00 UTC,53,-1,627150000,5.0923611111111118
2018-06-17 00:00:00 UTC,53,-2,627150000,4.90013888888889
2018-06-17 00:00:00 UTC,53,1467,431331000,0.63555555555555565
2018-06-17 00:00:00 UTC,53,1468,431331000,1.297361111111111
2018-06-17 00:00:00 UTC,53,1704,553111754,0.6415277777777777
2018-06-17 00:00:00 UTC,53,-1295,431701710,0.50250000000000006
2018-06-17 00:00:00 UTC,53,-1764,412371192,0.33986111111111117
2018-06-17 00:00:00 UTC,53,-1758,412371192,0.82819444444444446
2018-06-17 00:00:00 UTC,53,-1759,412371192,0.56486111111111126
2018-06-17 00:00:00 UTC,53,-1755,412371192,0.56333333333333335
2018-06-17 00:00:00 UTC,53,-1760,412371192,3.9577777777777783
2018-06-17 00:00:00 UTC,53,-1763,412371192,1.1366666666666665
2018-06-17 00:00:00 UTC,53,-5,627691000,0.49513888888888891
2018-06-17 00:00:00 UTC,53,5,627691000,1.7038888888888886
2018-06-17 00:00:00 UTC,53,1474,412460284,0.53833333333333333
2018-06-17 00:00:00 UTC,53,1470,412460284,0.78152777777777782
2018-06-17 00:00:00 UTC,53,1471,412460284,1.3995833333333334
2018-06-17 00:00:00 UTC,53,1473,412460284,1.2980555555555555
2018-06-17 00:00:00 UTC,53,1472,412460284,1.5479166666666666
2018-06-17 00:00:00 UTC,309,1222,413888021,7.6677777777777774
2018-06-17 00:00:00 UTC,309,1221,413888021,0.80347222222222214
2018-06-17 00:00:00 UTC,309,1220,412371016,0.84083333333333332
2018-06-17 00:00:00 UTC,309,1221,412371016,4.6502777777777764
2018-06-17 00:00:00 UTC,309,1760,440668000,1.8597222222222221
2018-06-17 00:00:00 UTC,309,1758,440668000,0.42097222222222219
2018-06-17 00:00:00 UTC,309,1759,440668000,0.37763888888888891
2018-06-17 00:00:00 UTC,309,1303,431000713,0.75888888888888884
2018-06-17 00:00:00 UTC,565,1490,273820420,1.2894444444444444
2018-06-17 00:00:00 UTC,565,1487,273820420,0.35041666666666671
2018-06-17 00:00:00 UTC,565,1491,273820420,1.3261111111111112
2018-06-17 00:00:00 UTC,565,117,219001125,1.5816666666666668
2018-06-17 00:00:00 UTC,565,1519,273338420,2.1177777777777775
2018-06-17 00:00:00 UTC,565,1517,273338420,1.2634722222222221
2018-06-17 00:00:00 UTC,565,1518,273338420,2.49875
2018-06-17 00:00:00 UTC,565,-26,235008567,10.045694444444445
2018-06-17 00:00:00 UTC,565,117,219000897,0.59555555555555562
2018-06-17 00:00:00 UTC,565,122,220317000,1.8730555555555557
2018-06-17 00:00:00 UTC,565,-1654,369511000,6.3784722222222205
2018-06-17 00:00:00 UTC,565,-1324,367648110,2.4670833333333331
2018-06-17 00:00:00 UTC,565,-1325,367648110,6.8211111111111116
2018-06-17 00:00:00 UTC,565,117,219001976,1.3912499999999999
2018-06-17 00:00:00 UTC,565,-27,235007885,0.87916666666666665
2018-06-17 00:00:00 UTC,565,-67,235106463,1.5163888888888888
2018-06-17 00:00:00 UTC,565,117,220345000,1.713888888888889
2018-06-17 00:00:00 UTC,565,1482,273452210,4.1530555555555546
2018-06-17 00:00:00 UTC,565,1487,273452210,2.0663888888888891
2018-06-17 00:00:00 UTC,565,1486,273452210,0.37333333333333329
2018-06-17 00:00:00 UTC,565,1485,273452210,1.3076388888888888
2018-06-17 00:00:00 UTC,565,1483,273452210,1.7541666666666667
2018-06-17 00:00:00 UTC,565,1481,273452210,0.823472222222222
2018-06-17 00:00:00 UTC,565,1488,273452210,1.3959722222222224
2018-06-17 00:00:00 UTC,565,1484,273452210,0.91375000000000006
2018-06-17 00:00:00 UTC,565,1481,273447860,11.50375
2018-06-17 00:00:00 UTC,565,1479,273447860,7.1375
2018-06-17 00:00:00 UTC,565,117,220099000,1.8233333333333333
2018-06-17 00:00:00 UTC,565,-1665,367064000,0.5476388888888889
2018-06-17 00:00:00 UTC,565,32,219959000,0.65430555555555558
2018-06-17 00:00:00 UTC,565,30,219959000,1.2669444444444444
2018-06-17 00:00:00 UTC,565,29,219959000,2.5806944444444442
2018-06-17 00:00:00 UTC,565,28,219959000,3.4181944444444441
2018-06-17 00:00:00 UTC,565,31,219959000,1.2275
2018-06-17 00:00:00 UTC,565,117,220375000,0.29986111111111113
2018-06-17 00:00:00 UTC,565,116,220375000,0.65291666666666659
2018-06-17 00:00:00 UTC,565,122,220076000,1.9124999999999999
2018-06-17 00:00:00 UTC,565,117,220012000,1.7072222222222222
2018-06-17 00:00:00 UTC,565,117,219005921,1.4112500000000001
2018-06-17 00:00:00 UTC,565,-1653,367563000,5.5606944444444464
2018-06-17 00:00:00 UTC,-459,-626,701006083,0.89055555555555577
2018-06-17 00:00:00 UTC,-459,-628,701006083,4.3481944444444451
2018-06-17 00:00:00 UTC,-459,-627,701006083,2.1093055555555553
2018-06-17 00:00:00 UTC,-459,-628,701000708,3.5537499999999995
2018-06-17 00:00:00 UTC,-459,-627,701000708,0.97944444444444445
2018-06-17 00:00:00 UTC,-459,-628,701000720,3.0570833333333343
2018-06-17 00:00:00 UTC,-459,-627,701000720,0.043055555555555555
2018-06-17 00:00:00 UTC,-459,-629,701000729,2.364583333333333
2018-06-17 00:00:00 UTC,-459,-628,701000729,7.008611111111108
2018-06-17 00:00:00 UTC,-459,-627,701000729,0.82375000000000009
2018-06-17 00:00:00 UTC,-459,-628,701108000,2.9363888888888887
2018-06-17 00:00:00 UTC,-459,-627,701108000,0.53791666666666671
2018-06-17 00:00:00 UTC,-459,-629,701108000,0.025
2018-06-17 00:00:00 UTC,-459,-607,204820000,5.5743055555555552
2018-06-17 00:00:00 UTC,-459,-608,204820000,1.145
2018-06-17 00:00:00 UTC,-459,-628,701097000,0.19541666666666668
2018-06-17 00:00:00 UTC,-459,-628,701118000,1.7097222222222217
2018-06-17 00:00:00 UTC,-459,-629,701118000,1.2281944444444444
2018-06-17 00:00:00 UTC,-459,-628,701006655,3.2762499999999997
2018-06-17 00:00:00 UTC,-459,-627,701006655,1.5502777777777779
2018-06-17 00:00:00 UTC,-459,-608,312872000,1.0704166666666668
2018-06-17 00:00:00 UTC,-459,-607,312872000,3.4252777777777781
2018-06-17 00:00:00 UTC,-459,-599,441864000,0.47041666666666671
2018-06-17 00:00:00 UTC,-459,-628,701096000,4.4723611111111108
2018-06-17 00:00:00 UTC,-459,-629,701000515,0.61027777777777781
2018-06-17 00:00:00 UTC,-459,-629,701000516,0.19944444444444445
2018-06-17 00:00:00 UTC,-459,-628,701000516,3.5812499999999994
2018-06-17 00:00:00 UTC,-459,1708,512039000,0.14930555555555558
2018-06-17 00:00:00 UTC,-459,1713,512039000,1.0681944444444442
2018-06-17 00:00:00 UTC,-459,1712,512039000,0.84819444444444447
2018-06-17 00:00:00 UTC,-459,1710,512039000,0.83027777777777778
2018-06-17 00:00:00 UTC,-459,1709,512039000,0.98236111111111124
2018-06-17 00:00:00 UTC,-459,1711,512039000,1.2188888888888885
2018-06-17 00:00:00 UTC,-459,-627,701000546,0.31666666666666665
2018-06-17 00:00:00 UTC,-459,-628,701000546,4.7376388888888874
2018-06-17 00:00:00 UTC,-459,-628,701000549,1.9127777777777777
2018-06-17 00:00:00 UTC,-459,-630,701000549,0.06430555555555556
2018-06-17 00:00:00 UTC,-459,-627,701000805,4.7475000000000005
2018-06-17 00:00:00 UTC,-459,-628,701000805,3.4563888888888892
2018-06-17 00:00:00 UTC,-459,-628,701000550,1.8370833333333332
2018-06-17 00:00:00 UTC,-459,-628,701041000,2.6440277777777772
2018-06-17 00:00:00 UTC,-459,-629,701041000,0.060972222222222219
2018-06-17 00:00:00 UTC,-459,-627,701041000,0.50055555555555564
2018-06-17 00:00:00 UTC,-459,-628,701000553,1.7870833333333334
2018-06-17 00:00:00 UTC,-459,-628,701094000,2.716388888888889
2018-06-17 00:00:00 UTC,-459,-627,701094000,0.11555555555555555
2018-06-17 00:00:00 UTC,-459,-591,440347000,0.62569444444444433
2018-06-17 00:00:00 UTC,-459,-628,701006204,3.2290277777777781
2018-06-17 00:00:00 UTC,-459,-627,701006204,0.70472222222222225
2018-06-17 00:00:00 UTC,-459,-630,701000830,0.31625000000000003
2018-06-17 00:00:00 UTC,-459,-628,701006471,2.1769444444444446
2018-06-17 00:00:00 UTC,-459,-626,701006471,0.034166666666666665
2018-06-17 00:00:00 UTC,-459,-627,701006471,0.53138888888888891
2018-06-17 00:00:00 UTC,-459,-628,701000840,1.6125
2018-06-17 00:00:00 UTC,-459,-629,701000840,0.88
2018-06-17 00:00:00 UTC,-459,-628,701006744,2.0145833333333329
2018-06-17 00:00:00 UTC,-459,-627,701006744,0.7200000000000002
2018-06-17 00:00:00 UTC,-459,-629,701006744,1.4023611111111109
2018-06-17 00:00:00 UTC,-459,-628,701000607,6.9370833333333319
2018-06-17 00:00:00 UTC,-459,-627,701000607,1.5145833333333334
2018-06-17 00:00:00 UTC,-459,-626,701000607,0.6693055555555556
2018-06-17 00:00:00 UTC,-459,-628,701000612,2.4925
2018-06-17 00:00:00 UTC,-459,-627,701000612,0.14166666666666666
2018-06-17 00:00:00 UTC,-459,-627,701000615,0.91444444444444439
2018-06-17 00:00:00 UTC,-459,-628,701000615,5.9531944444444447
2018-06-17 00:00:00 UTC,-459,-628,701000626,7.7537499999999993
2018-06-17 00:00:00 UTC,-459,-627,701000626,0.40180555555555558
2018-06-17 00:00:00 UTC,-459,-627,701007027,1.1930555555555555
2018-06-17 00:00:00 UTC,-459,-628,701007027,3.1554166666666661
2018-06-17 00:00:00 UTC,-459,-628,701000642,3.6765277777777778
2018-06-17 00:00:00 UTC,-459,-627,701000642,4.29263888888889
2018-06-17 00:00:00 UTC,-459,-629,701000645,3.0854166666666671
2018-06-17 00:00:00 UTC,-459,-628,701000645,4.2001388888888895
2018-06-17 00:00:00 UTC,-459,-628,701000649,2.3797222222222221
2018-06-17 00:00:00 UTC,-459,-627,701000651,1.6294444444444445
2018-06-17 00:00:00 UTC,-459,-628,701000651,4.5938888888888876
2018-06-17 00:00:00 UTC,-459,-628,701000652,4.9212500000000006
2018-06-17 00:00:00 UTC,-459,-631,701000652,0.66875000000000007
2018-06-17 00:00:00 UTC,-459,-628,701006034,7.5045833333333318
2018-06-17 00:00:00 UTC,-459,-627,701000660,2.7326388888888893
2018-06-17 00:00:00 UTC,-459,-628,701000660,5.0976388888888886
2018-06-17 00:00:00 UTC,-459,-628,701000662,5.0818055555555546
2018-06-17 00:00:00 UTC,-459,-627,701000662,0.51013888888888892
2018-06-17 00:00:00 UTC,-459,-628,701000919,1.286111111111111
2018-06-17 00:00:00 UTC,-459,-601,412329693,0.21680555555555558
2018-06-17 00:00:00 UTC,-459,-627,701006060,0.30027777777777775
2018-06-17 00:00:00 UTC,-459,-628,701006060,3.0561111111111114
2018-06-17 00:00:00 UTC,-459,-628,701000686,4.124027777777779
2018-06-17 00:00:00 UTC,-459,-629,701000686,0.43138888888888882
2018-06-17 00:00:00 UTC,-459,-628,701000687,2.3884722222222221
2018-06-17 00:00:00 UTC,-459,-627,701078000,0.17083333333333334
2018-06-17 00:00:00 UTC,-459,-628,701078000,4.9143055555555533
2018-06-17 00:00:00 UTC,-459,-627,701000949,0.17861111111111116
2018-06-17 00:00:00 UTC,-459,-628,701000949,0.63555555555555543
2018-06-17 00:00:00 UTC,-459,-630,701000950,0.22277777777777777
2018-06-17 00:00:00 UTC,-459,-628,701000950,4.1279166666666667
2018-06-17 00:00:00 UTC,-459,-629,701000950,0.99569444444444433
2018-06-17 00:00:00 UTC,-459,-626,701000950,0.065416666666666679
2018-06-17 00:00:00 UTC,-459,-627,701000950,0.11263888888888887
2018-06-17 00:00:00 UTC,-459,-628,701000696,2.9611111111111108
2018-06-17 00:00:00 UTC,-459,-627,701000696,0.66333333333333322
2018-06-17 00:00:00 UTC,-459,-628,701006074,2.9886111111111107
2018-06-17 00:00:00 UTC,-459,-627,701006074,2.2172222222222215
2018-06-17 00:00:00 UTC,-203,1715,412300365,2.1172222222222223
2018-06-17 00:00:00 UTC,-203,1714,412300365,0.2625
2018-06-17 00:00:00 UTC,-203,1716,412300365,0.57944444444444443
2018-06-17 00:00:00 UTC,-203,119,659282000,0.3544444444444444
2018-06-17 00:00:00 UTC,-203,113,659206000,3.2288888888888878
2018-06-17 00:00:00 UTC,-203,112,659206000,1.2659722222222221
2018-06-17 00:00:00 UTC,-203,118,659054000,2.4902777777777771
2018-06-17 00:00:00 UTC,-203,1637,540010700,1.4829166666666664
2018-06-17 00:00:00 UTC,-203,-821,224406000,1.5236111111111112
2018-06-17 00:00:00 UTC,-203,-819,224406000,3.4827777777777786
2018-06-17 00:00:00 UTC,-203,-818,224406000,2.4616666666666664
2018-06-17 00:00:00 UTC,54,1559,888160006,0.4876388888888889
2018-06-17 00:00:00 UTC,54,1559,888160012,0.81722222222222229
2018-06-17 00:00:00 UTC,54,605,413205030,5.3027777777777771
2018-06-17 00:00:00 UTC,54,606,413205030,6.0041666666666664
2018-06-17 00:00:00 UTC,54,610,413205060,1.2374999999999998
2018-06-17 00:00:00 UTC,54,611,413205060,0.84361111111111109
2018-06-17 00:00:00 UTC,54,613,413205060,5.558472222222222
2018-06-17 00:00:00 UTC,54,-1,627389000,3.0143055555555556
2018-06-17 00:00:00 UTC,54,-2,627389000,7.22888888888889
2018-06-17 00:00:00 UTC,54,-2,627165000,0.99861111111111112
2018-06-17 00:00:00 UTC,54,0,627037000,1.274861111111111
2018-06-17 00:00:00 UTC,54,1,627037000,1.0913888888888887
2018-06-17 00:00:00 UTC,54,-2,627037000,0.41263888888888889
2018-06-17 00:00:00 UTC,54,630,416605000,1.5869444444444445
2018-06-17 00:00:00 UTC,54,632,416605000,1.6977777777777778
2018-06-17 00:00:00 UTC,54,634,416605000,0.69680555555555546
2018-06-17 00:00:00 UTC,54,631,416605000,2.3448611111111113
2018-06-17 00:00:00 UTC,54,633,416605000,0.58916666666666662
2018-06-17 00:00:00 UTC,54,1621,412460111,1.81625
2018-06-17 00:00:00 UTC,54,1,627762000,0.64013888888888892
2018-06-17 00:00:00 UTC,54,4,627762000,0.15791666666666665
2018-06-17 00:00:00 UTC,54,1465,431399000,3.0220833333333328
2018-06-17 00:00:00 UTC,54,-2,627132000,1.0158333333333334
2018-06-17 00:00:00 UTC,54,-1,627132000,1.5506944444444446
2018-06-17 00:00:00 UTC,54,-1302,431602530,0.62888888888888883
2018-06-17 00:00:00 UTC,54,-1303,431602530,1.5115277777777778
2018-06-17 00:00:00 UTC,54,50,812019300,3.1308333333333334
2018-06-17 00:00:00 UTC,54,-1728,432453000,1.0062499999999999
2018-06-17 00:00:00 UTC,54,-1727,432453000,0.28166666666666668
2018-06-17 00:00:00 UTC,54,50,878202000,6.11236111111111
2018-06-17 00:00:00 UTC,54,-1280,432890000,0.41375
2018-06-17 00:00:00 UTC,54,4,627610000,0.51458333333333328
2018-06-17 00:00:00 UTC,54,3,627610000,0.12597222222222221
2018-06-17 00:00:00 UTC,54,1468,431866000,2.1773611111111109
2018-06-17 00:00:00 UTC,54,1718,412468636,0.1736111111111111
2018-06-17 00:00:00 UTC,54,-1742,412696740,1.6059722222222221
2018-06-17 00:00:00 UTC,54,-1747,412696740,2.6119444444444442
2018-06-17 00:00:00 UTC,54,-1741,412696740,0.69680555555555557
2018-06-17 00:00:00 UTC,54,0,627150000,1.0044444444444447
2018-06-17 00:00:00 UTC,54,-1,627150000,5.2066666666666661
2018-06-17 00:00:00 UTC,54,-2,627150000,1.9079166666666667
2018-06-17 00:00:00 UTC,54,1470,431331000,0.28652777777777783
2018-06-17 00:00:00 UTC,54,1467,431331000,0.65444444444444438
2018-06-17 00:00:00 UTC,54,1704,553111754,0.8305555555555556
2018-06-17 00:00:00 UTC,54,-1295,431701710,0.30236111111111114
2018-06-17 00:00:00 UTC,54,620,412326862,2.5380555555555553
2018-06-17 00:00:00 UTC,54,616,412326862,4.8005555555555555
2018-06-17 00:00:00 UTC,54,618,412326862,3.4538888888888888
2018-06-17 00:00:00 UTC,54,619,412326862,1.6169444444444443
2018-06-17 00:00:00 UTC,54,617,412326862,0.78583333333333338
2018-06-17 00:00:00 UTC,54,50,877927900,6.1954166666666666
2018-06-17 00:00:00 UTC,54,1719,510038000,0.42569444444444443
2018-06-17 00:00:00 UTC,54,-1766,412371192,0.35611111111111116
2018-06-17 00:00:00 UTC,54,-1758,412371192,1.2211111111111108
2018-06-17 00:00:00 UTC,54,-1761,412371192,0.6788888888888891
2018-06-17 00:00:00 UTC,54,-1756,412371192,0.37402777777777779
2018-06-17 00:00:00 UTC,54,-1762,412371192,2.1029166666666659
2018-06-17 00:00:00 UTC,54,-1757,412371192,0.53736111111111118
2018-06-17 00:00:00 UTC,54,-1765,412371192,1.6452777777777781
2018-06-17 00:00:00 UTC,54,-1764,412371192,1.596111111111111
2018-06-17 00:00:00 UTC,54,-1763,412371192,0.58444444444444443
2018-06-17 00:00:00 UTC,54,-1760,412371192,0.96916666666666684
2018-06-17 00:00:00 UTC,54,6,627691000,2.144166666666667
2018-06-17 00:00:00 UTC,310,1220,413888021,1.1108333333333333
2018-06-17 00:00:00 UTC,310,-814,367020610,0.92305555555555552
2018-06-17 00:00:00 UTC,310,-813,367020610,2.2249999999999996
2018-06-17 00:00:00 UTC,310,1219,413000521,0.49055555555555558
2018-06-17 00:00:00 UTC,310,1220,413667672,0.93805555555555553
2018-06-17 00:00:00 UTC,310,1758,440668000,13.710833333333335
2018-06-17 00:00:00 UTC,310,1759,440668000,6.5320833333333317
2018-06-17 00:00:00 UTC,310,1303,431000713,0.51625
2018-06-17 00:00:00 UTC,310,1302,431000713,10.463750000000001
2018-06-17 00:00:00 UTC,310,-126,263405970,0.78638888888888892
2018-06-17 00:00:00 UTC,566,28,219188000,0.30430555555555555
2018-06-17 00:00:00 UTC,566,27,219188000,11.867916666666666
2018-06-17 00:00:00 UTC,566,29,219188000,0.59986111111111118
2018-06-17 00:00:00 UTC,566,122,266452000,1.1430555555555555
2018-06-17 00:00:00 UTC,566,123,266452000,1.10125
2018-06-17 00:00:00 UTC,566,117,219001125,1.8913888888888888
2018-06-17 00:00:00 UTC,566,122,266057000,1.7923611111111111
2018-06-17 00:00:00 UTC,566,1521,273338420,0.12694444444444444
2018-06-17 00:00:00 UTC,566,1517,273338420,1.3402777777777777
2018-06-17 00:00:00 UTC,566,1520,273338420,2.1036111111111113
2018-06-17 00:00:00 UTC,566,1518,273338420,6.5447222222222248
2018-06-17 00:00:00 UTC,566,1519,273338420,5.1086111111111121
2018-06-17 00:00:00 UTC,566,117,219000897,2.269166666666667
2018-06-17 00:00:00 UTC,566,118,219000897,0.5723611111111111
2018-06-17 00:00:00 UTC,566,122,220317000,1.7899999999999998
2018-06-17 00:00:00 UTC,566,-1653,369511000,0.13333333333333333
2018-06-17 00:00:00 UTC,566,117,219001976,2.6348611111111113
2018-06-17 00:00:00 UTC,566,-1665,367124090,0.49347222222222226
2018-06-17 00:00:00 UTC,566,-1659,367124090,0.22569444444444442
2018-06-17 00:00:00 UTC,566,122,266160000,1.1077777777777778
2018-06-17 00:00:00 UTC,566,-1526,367177620,5.5281944444444449
2018-06-17 00:00:00 UTC,566,117,220345000,4.3972222222222213
2018-06-17 00:00:00 UTC,566,1488,273452210,2.6230555555555553
2018-06-17 00:00:00 UTC,566,1489,273452210,2.3226388888888891
2018-06-17 00:00:00 UTC,566,1482,273447860,2.1075
2018-06-17 00:00:00 UTC,566,117,220099000,2.296388888888889
2018-06-17 00:00:00 UTC,566,-1660,367064000,0.52319444444444452
2018-06-17 00:00:00 UTC,566,-1659,367064000,0.13708333333333333
2018-06-17 00:00:00 UTC,566,-1665,367064000,1.8122222222222224
2018-06-17 00:00:00 UTC,566,30,219959000,1.2265277777777777
2018-06-17 00:00:00 UTC,566,32,219959000,1.1831944444444444
2018-06-17 00:00:00 UTC,566,33,219959000,0.90708333333333335
2018-06-17 00:00:00 UTC,566,31,219959000,1.2652777777777779
2018-06-17 00:00:00 UTC,566,121,220076000,0.27902777777777776
2018-06-17 00:00:00 UTC,566,122,220076000,1.3652777777777776
2018-06-17 00:00:00 UTC,566,117,220012000,2.4581944444444446
2018-06-17 00:00:00 UTC,566,117,219005921,2.4776388888888889
2018-06-17 00:00:00 UTC,566,122,266145000,2.3681944444444443
2018-06-17 00:00:00 UTC,566,-1653,367563000,0.24986111111111109
2018-06-17 00:00:00 UTC,-458,-629,701006083,0.3898611111111111
2018-06-17 00:00:00 UTC,-458,-627,701006083,4.5594444444444449
2018-06-17 00:00:00 UTC,-458,-628,701006083,7.0543055555555592
2018-06-17 00:00:00 UTC,-458,-629,701000708,0.24902777777777776
2018-06-17 00:00:00 UTC,-458,-627,701000708,3.1480555555555556
2018-06-17 00:00:00 UTC,-458,-626,701000708,0.22888888888888889
2018-06-17 00:00:00 UTC,-458,-628,701000708,6.9590277777777789
2018-06-17 00:00:00 UTC,-458,-629,701000720,0.26291666666666669
2018-06-17 00:00:00 UTC,-458,-628,701000720,4.3977777777777769
2018-06-17 00:00:00 UTC,-458,-627,701000720,0.25375000000000003
2018-06-17 00:00:00 UTC,-458,-627,701000729,0.095972222222222223
2018-06-17 00:00:00 UTC,-458,-628,701000729,4.1591666666666676
2018-06-17 00:00:00 UTC,-458,-629,701108000,3.8343055555555559
2018-06-17 00:00:00 UTC,-458,-627,701108000,0.35430555555555554
2018-06-17 00:00:00 UTC,-458,-628,701108000,8.1758333333333315
2018-06-17 00:00:00 UTC,-458,-608,204820000,0.86694444444444452
2018-06-17 00:00:00 UTC,-458,-607,204820000,2.3990277777777775
2018-06-17 00:00:00 UTC,-458,-629,701118000,1.6566666666666661
2018-06-17 00:00:00 UTC,-458,-627,701118000,0.62472222222222218
2018-06-17 00:00:00 UTC,-458,-628,701118000,7.3445833333333344
2018-06-17 00:00:00 UTC,-458,-628,701006655,4.0645833333333341
2018-06-17 00:00:00 UTC,-458,-627,701006655,0.98541666666666661
2018-06-17 00:00:00 UTC,-458,-608,312872000,0.74847222222222221
2018-06-17 00:00:00 UTC,-458,-606,312872000,0.29986111111111113
2018-06-17 00:00:00 UTC,-458,-607,312872000,3.5059722222222223
2018-06-17 00:00:00 UTC,-458,-628,701096000,10.013472222222227
2018-06-17 00:00:00 UTC,-458,-629,701096000,0.85277777777777775
2018-06-17 00:00:00 UTC,-458,-627,701096000,0.59777777777777774
2018-06-17 00:00:00 UTC,-458,-630,701096000,0.15472222222222221
2018-06-17 00:00:00 UTC,-458,-629,701000515,0.15152777777777776
2018-06-17 00:00:00 UTC,-458,-629,701000516,2.4254166666666661
2018-06-17 00:00:00 UTC,-458,-628,701000516,9.6951388888888879
2018-06-17 00:00:00 UTC,-458,-627,701000516,1.1141666666666667
2018-06-17 00:00:00 UTC,-458,1708,512039000,0.40458333333333329
2018-06-17 00:00:00 UTC,-458,-628,701000546,4.8259722222222212
2018-06-17 00:00:00 UTC,-458,-629,701000549,0.27763888888888888
2018-06-17 00:00:00 UTC,-458,-628,701000549,11.373055555555553
2018-06-17 00:00:00 UTC,-458,-627,701000549,4.2631944444444452
2018-06-17 00:00:00 UTC,-458,-628,701000805,0.2870833333333333
2018-06-17 00:00:00 UTC,-458,-627,701000805,6.2634722222222221
2018-06-17 00:00:00 UTC,-458,-630,701000550,0.18708333333333332
2018-06-17 00:00:00 UTC,-458,-629,701000550,3.4848611111111114
2018-06-17 00:00:00 UTC,-458,-628,701000550,5.86263888888889
2018-06-17 00:00:00 UTC,-458,-629,701041000,1.5693055555555553
2018-06-17 00:00:00 UTC,-458,-628,701041000,8.3297222222222231
2018-06-17 00:00:00 UTC,-458,-627,701041000,2.2795833333333335
2018-06-17 00:00:00 UTC,-458,-629,701000553,2.3549999999999995
2018-06-17 00:00:00 UTC,-458,-628,701000553,4.6205555555555549
2018-06-17 00:00:00 UTC,-458,-627,701094000,0.51041666666666663
2018-06-17 00:00:00 UTC,-458,-629,701094000,1.4144444444444446
2018-06-17 00:00:00 UTC,-458,-628,701094000,12.766527777777778
2018-06-17 00:00:00 UTC,-458,-588,440347000,3.2687499999999989
2018-06-17 00:00:00 UTC,-458,-629,701006204,0.16638888888888889
2018-06-17 00:00:00 UTC,-458,-628,701006204,11.838611111111112
2018-06-17 00:00:00 UTC,-458,-627,701006204,1.4651388888888885
2018-06-17 00:00:00 UTC,-458,-627,701006471,1.3331944444444443
2018-06-17 00:00:00 UTC,-458,-628,701006471,13.572083333333337
2018-06-17 00:00:00 UTC,-458,-627,701000840,1.8790277777777775
2018-06-17 00:00:00 UTC,-458,-629,701000840,2.0949999999999998
2018-06-17 00:00:00 UTC,-458,-628,701000840,12.34888888888889
2018-06-17 00:00:00 UTC,-458,-628,701006744,10.538333333333332
2018-06-17 00:00:00 UTC,-458,-627,701006744,0.8
2018-06-17 00:00:00 UTC,-458,-626,701006744,0.15194444444444447
2018-06-17 00:00:00 UTC,-458,-629,701006744,1.4766666666666668
2018-06-17 00:00:00 UTC,-458,-627,701000607,1.0629166666666667
2018-06-17 00:00:00 UTC,-458,-628,701000607,7.1620833333333351
2018-06-17 00:00:00 UTC,-458,-627,701000612,4.1166666666666671
2018-06-17 00:00:00 UTC,-458,-628,701000612,0.53722222222222227
2018-06-17 00:00:00 UTC,-458,-628,701000615,4.3716666666666661
2018-06-17 00:00:00 UTC,-458,-627,701000615,2.2895833333333333
2018-06-17 00:00:00 UTC,-458,-627,701000626,1.2477777777777779
2018-06-17 00:00:00 UTC,-458,-628,701000626,6.9487499999999969
2018-06-17 00:00:00 UTC,-458,-629,701007027,0.26083333333333331
2018-06-17 00:00:00 UTC,-458,-631,701007027,0.072361111111111112
2018-06-17 00:00:00 UTC,-458,-628,701007027,7.5040277777777789
2018-06-17 00:00:00 UTC,-458,-627,701007027,1.9547222222222222
2018-06-17 00:00:00 UTC,-458,-630,701007027,0.79930555555555549
2018-06-17 00:00:00 UTC,-458,-628,701006005,0.24319444444444444
2018-06-17 00:00:00 UTC,-458,-627,701000642,3.8102777777777779
2018-06-17 00:00:00 UTC,-458,-628,701000642,6.5051388888888857
2018-06-17 00:00:00 UTC,-458,-629,701000642,0.67444444444444451
2018-06-17 00:00:00 UTC,-458,-628,701000645,5.6636111111111118
2018-06-17 00:00:00 UTC,-458,-629,701000645,1.0780555555555558
2018-06-17 00:00:00 UTC,-458,-629,701000649,3.2936111111111108
2018-06-17 00:00:00 UTC,-458,-628,701000649,10.683888888888891
2018-06-17 00:00:00 UTC,-458,-628,701000651,5.9420833333333327
2018-06-17 00:00:00 UTC,-458,-627,701000651,1.5598611111111103
2018-06-17 00:00:00 UTC,-458,-629,701000652,0.70694444444444449
2018-06-17 00:00:00 UTC,-458,-628,701000652,7.4086111111111137
2018-06-17 00:00:00 UTC,-458,-627,701006034,0.58319444444444446
2018-06-17 00:00:00 UTC,-458,-628,701006034,8.3338888888888949
2018-06-17 00:00:00 UTC,-458,-627,701000660,4.9504166666666665
2018-06-17 00:00:00 UTC,-458,-628,701000660,2.3977777777777773
2018-06-17 00:00:00 UTC,-458,-629,701000660,0.043611111111111107
2018-06-17 00:00:00 UTC,-458,-627,701000662,2.0390277777777777
2018-06-17 00:00:00 UTC,-458,-628,701000662,9.5444444444444461
2018-06-17 00:00:00 UTC,-458,-627,701000919,0.54958333333333331
2018-06-17 00:00:00 UTC,-458,-628,701000919,14.35111111111112
2018-06-17 00:00:00 UTC,-458,-629,701006058,0.02375
2018-06-17 00:00:00 UTC,-458,-629,701006060,1.2951388888888886
2018-06-17 00:00:00 UTC,-458,-627,701006060,0.79319444444444442
2018-06-17 00:00:00 UTC,-458,-628,701006060,11.088472222222226
2018-06-17 00:00:00 UTC,-458,-626,701006060,0.097083333333333327
2018-06-17 00:00:00 UTC,-458,-628,701000686,11.531111111111112
2018-06-17 00:00:00 UTC,-458,-627,701000687,0.96402777777777782
2018-06-17 00:00:00 UTC,-458,-628,701000687,7.6790277777777805
2018-06-17 00:00:00 UTC,-458,-629,701000687,0.57513888888888887
2018-06-17 00:00:00 UTC,-458,-627,701078000,1.2018055555555556
2018-06-17 00:00:00 UTC,-458,-628,701078000,1.9922222222222223
2018-06-17 00:00:00 UTC,-458,-629,701000949,0.86597222222222237
2018-06-17 00:00:00 UTC,-458,-625,701000949,0.71402777777777782
2018-06-17 00:00:00 UTC,-458,-627,701000949,1.3411111111111111
2018-06-17 00:00:00 UTC,-458,-628,701000949,10.239444444444448
2018-06-17 00:00:00 UTC,-458,-626,701000949,0.72486111111111107
2018-06-17 00:00:00 UTC,-458,-629,701000950,0.75194444444444442
2018-06-17 00:00:00 UTC,-458,-628,701000950,12.704444444444443
2018-06-17 00:00:00 UTC,-458,-629,701000696,1.0831944444444443
2018-06-17 00:00:00 UTC,-458,-628,701000696,8.2480555555555579
2018-06-17 00:00:00 UTC,-458,-627,701000696,1.0363888888888888
2018-06-17 00:00:00 UTC,-458,-626,701000696,0.8009722222222222
2018-06-17 00:00:00 UTC,-458,-628,701006074,4.6063888888888895
2018-06-17 00:00:00 UTC,-458,-627,701006074,0.7055555555555556
2018-06-17 00:00:00 UTC,-202,487,647791109,0.45194444444444443
2018-06-17 00:00:00 UTC,-202,1716,412300365,1.1734722222222222
2018-06-17 00:00:00 UTC,-202,1715,412300365,1.350138888888889
2018-06-17 00:00:00 UTC,-202,1718,412300365,4.7786111111111111
2018-06-17 00:00:00 UTC,-202,1718,412331104,4.2056944444444442
2018-06-17 00:00:00 UTC,-202,113,659206000,0.18138888888888888
2018-06-17 00:00:00 UTC,-202,112,659206000,1.6434722222222218
2018-06-17 00:00:00 UTC,-202,1799,520100000,0.76388888888888884
2018-06-17 00:00:00 UTC,-202,1798,520100000,2.4826388888888888
2018-06-17 00:00:00 UTC,-202,1797,520100000,0.57291666666666674
2018-06-17 00:00:00 UTC,-202,117,659054000,2.3904166666666664
2018-06-17 00:00:00 UTC,-202,118,659054000,0.788611111111111
2018-06-17 00:00:00 UTC,-202,1637,540010700,0.602638888888889
2018-06-17 00:00:00 UTC,-202,-820,224406000,1.2333333333333334
2018-06-17 00:00:00 UTC,-202,-819,224406000,1.39875
2018-06-17 00:00:00 UTC,-202,-821,224406000,0.64527777777777784
2018-06-17 00:00:00 UTC,55,1555,888160006,0.40638888888888886
2018-06-17 00:00:00 UTC,55,1554,888160007,0.82638888888888884
2018-06-17 00:00:00 UTC,55,1554,888160008,0.90875000000000017
2018-06-17 00:00:00 UTC,55,1557,888160008,1.9494444444444445
2018-06-17 00:00:00 UTC,55,1555,888160008,1.6104166666666668
2018-06-17 00:00:00 UTC,55,1555,888160010,1.5940277777777778
2018-06-17 00:00:00 UTC,55,1554,888160010,1.2630555555555556
2018-06-17 00:00:00 UTC,55,1557,888160010,2.2141666666666664
2018-06-17 00:00:00 UTC,55,1554,888160012,1.0243055555555556
2018-06-17 00:00:00 UTC,55,1559,888160012,1.088611111111111
2018-06-17 00:00:00 UTC,55,1555,888160012,2.6444444444444444
2018-06-17 00:00:00 UTC,55,616,664543000,0.36027777777777775
2018-06-17 00:00:00 UTC,55,610,664543000,0.7725
2018-06-17 00:00:00 UTC,55,615,664543000,1.6915277777777775
2018-06-17 00:00:00 UTC,55,609,664543000,1.0975
2018-06-17 00:00:00 UTC,55,605,413205030,11.825972222222223
2018-06-17 00:00:00 UTC,55,49,888265000,2.9620833333333332
2018-06-17 00:00:00 UTC,55,602,664094000,3.4505555555555558
2018-06-17 00:00:00 UTC,55,601,664094000,0.78097222222222218
2018-06-17 00:00:00 UTC,55,610,413205060,4.9170833333333333
2018-06-17 00:00:00 UTC,55,609,413205060,4.4180555555555552
2018-06-17 00:00:00 UTC,55,-1,627165000,2.9168055555555568
2018-06-17 00:00:00 UTC,55,1,627037000,1.9915277777777773
2018-06-17 00:00:00 UTC,55,2,627037000,0.28388888888888886
2018-06-17 00:00:00 UTC,55,1613,412460111,0.61402777777777784
2018-06-17 00:00:00 UTC,55,1614,412460111,0.39208333333333334
2018-06-17 00:00:00 UTC,55,1621,412460111,1.6723611111111112
2018-06-17 00:00:00 UTC,55,2,627762000,0.1388888888888889
2018-06-17 00:00:00 UTC,55,1,627762000,3.9163888888888896
2018-06-17 00:00:00 UTC,55,4,627762000,0.12791666666666665
2018-06-17 00:00:00 UTC,55,0,627143000,0.51652777777777781
2018-06-17 00:00:00 UTC,55,1464,431399000,0.19555555555555557
2018-06-17 00:00:00 UTC,55,1465,431399000,1.8006944444444444
2018-06-17 00:00:00 UTC,55,1466,431399000,0.35152777777777777
2018-06-17 00:00:00 UTC,55,-1,627132000,0.080138888888888885
2018-06-17 00:00:00 UTC,55,0,627132000,0.40305555555555561
2018-06-17 00:00:00 UTC,55,-1302,431602530,0.56263888888888891
2018-06-17 00:00:00 UTC,55,-1303,431602530,1.1679166666666667
2018-06-17 00:00:00 UTC,55,49,812019300,2.7336111111111112
2018-06-17 00:00:00 UTC,55,1467,431686000,2.2027777777777779
2018-06-17 00:00:00 UTC,55,-1727,432453000,0.97361111111111109
2018-06-17 00:00:00 UTC,55,4,627610000,0.560138888888889
2018-06-17 00:00:00 UTC,55,1468,431866000,6.5888888888888895
2018-06-17 00:00:00 UTC,55,1467,431866000,1.2315277777777776
2018-06-17 00:00:00 UTC,55,-1748,412696740,0.99763888888888885
2018-06-17 00:00:00 UTC,55,-1747,412696740,0.27486111111111111
2018-06-17 00:00:00 UTC,55,0,627150000,2.4165277777777772
2018-06-17 00:00:00 UTC,55,-1,627150000,0.15847222222222224
2018-06-17 00:00:00 UTC,55,1467,431331000,7.658333333333335
2018-06-17 00:00:00 UTC,55,0,627213000,5.23513888888889
2018-06-17 00:00:00 UTC,55,620,412326862,1.9952777777777777
2018-06-17 00:00:00 UTC,55,617,412326862,5.6297222222222221
2018-06-17 00:00:00 UTC,55,619,412326862,0.84916666666666663
2018-06-17 00:00:00 UTC,55,618,412326862,2.8072222222222223
2018-06-17 00:00:00 UTC,55,50,877927900,6.2938888888888895
2018-06-17 00:00:00 UTC,311,-813,367020610,5.7498611111111106
2018-06-17 00:00:00 UTC,311,-814,367020610,15.106805555555558
2018-06-17 00:00:00 UTC,311,1302,431000713,9.014166666666668
2018-06-17 00:00:00 UTC,311,1218,900025508,0.41277777777777774
2018-06-17 00:00:00 UTC,567,122,266452000,2.33875
2018-06-17 00:00:00 UTC,567,117,219001125,2.5631944444444441
2018-06-17 00:00:00 UTC,567,116,219001125,2.8659722222222221
2018-06-17 00:00:00 UTC,567,118,219001125,2.2870833333333334
2018-06-17 00:00:00 UTC,567,117,219007781,0.3125
2018-06-17 00:00:00 UTC,567,118,219007781,1.3636111111111111
2018-06-17 00:00:00 UTC,567,119,219007781,2.3108333333333331
2018-06-17 00:00:00 UTC,567,122,266057000,1.556388888888889
2018-06-17 00:00:00 UTC,567,121,266057000,0.84611111111111115
2018-06-17 00:00:00 UTC,567,118,219000897,2.0490277777777779
2018-06-17 00:00:00 UTC,567,117,219000897,0.52347222222222223
2018-06-17 00:00:00 UTC,567,122,265703000,0.56083333333333329
2018-06-17 00:00:00 UTC,567,118,219001976,2.22375
2018-06-17 00:00:00 UTC,567,117,219001976,0.27055555555555555
2018-06-17 00:00:00 UTC,567,122,266160000,3.1627777777777779
2018-06-17 00:00:00 UTC,567,-1354,367665050,0.13722222222222222
2018-06-17 00:00:00 UTC,567,116,220345000,9.8527777777777761
2018-06-17 00:00:00 UTC,567,117,220345000,3.3044444444444441
2018-06-17 00:00:00 UTC,567,118,220345000,4.3648611111111117
2018-06-17 00:00:00 UTC,567,118,220099000,1.8536111111111113
2018-06-17 00:00:00 UTC,567,117,220099000,0.27222222222222225
2018-06-17 00:00:00 UTC,567,-1660,367064000,0.648888888888889
2018-06-17 00:00:00 UTC,567,-1661,367064000,0.52236111111111116
2018-06-17 00:00:00 UTC,567,-1662,367064000,0.275
2018-06-17 00:00:00 UTC,567,118,220012000,1.60625
2018-06-17 00:00:00 UTC,567,122,266145000,1.9758333333333333
2018-06-17 00:00:00 UTC,567,65,220395000,9.8879166666666656
2018-06-17 00:00:00 UTC,-457,-619,701000717,2.7630555555555549
2018-06-17 00:00:00 UTC,-457,-607,204820000,0.73722222222222222
2018-06-17 00:00:00 UTC,-457,-626,701097000,0.56291666666666662
2018-06-17 00:00:00 UTC,-457,-628,701118000,0.24958333333333335
2018-06-17 00:00:00 UTC,-457,-607,312872000,0.3455555555555555
2018-06-17 00:00:00 UTC,-457,-630,701096000,0.20249999999999999
2018-06-17 00:00:00 UTC,-457,-625,701000550,0.13972222222222222
2018-06-17 00:00:00 UTC,-457,-628,701041000,0.25041666666666662
2018-06-17 00:00:00 UTC,-457,-588,440347000,1.7525
2018-06-17 00:00:00 UTC,-457,-628,701006471,0.94541666666666668
2018-06-17 00:00:00 UTC,-457,-625,701006727,0.30958333333333332
2018-06-17 00:00:00 UTC,-457,-627,701000840,0.0825
2018-06-17 00:00:00 UTC,-457,-627,701000649,0.57111111111111112
2018-06-17 00:00:00 UTC,-457,-626,701006034,0.752638888888889
2018-06-17 00:00:00 UTC,-457,-629,701006058,0.12319444444444445
2018-06-17 00:00:00 UTC,-457,-628,701006060,1.6806944444444443
2018-06-17 00:00:00 UTC,-457,-627,701006060,0.93055555555555558
2018-06-17 00:00:00 UTC,-457,-626,701006060,0.20625
2018-06-17 00:00:00 UTC,-457,-629,701000686,0.11291666666666667
2018-06-17 00:00:00 UTC,-457,-628,701000687,0.75694444444444442
2018-06-17 00:00:00 UTC,-201,488,647791113,2.6051388888888889
2018-06-17 00:00:00 UTC,-201,488,647791118,0.33319444444444446
2018-06-17 00:00:00 UTC,-201,119,659283000,0.30333333333333334
2018-06-17 00:00:00 UTC,-201,120,659283000,0.56208333333333327
2018-06-17 00:00:00 UTC,-201,1716,412300365,0.42513888888888884
2018-06-17 00:00:00 UTC,-201,1715,412300365,0.87458333333333327
2018-06-17 00:00:00 UTC,-201,1720,412300365,0.42902777777777779
2018-06-17 00:00:00 UTC,-201,1718,412300365,2.7104166666666667
2018-06-17 00:00:00 UTC,-201,1719,412300365,0.7319444444444444
2018-06-17 00:00:00 UTC,-201,350,725000287,2.8265277777777773
2018-06-17 00:00:00 UTC,-201,351,725000287,0.66347222222222224
2018-06-17 00:00:00 UTC,-201,1718,412331104,2.2531944444444445
2018-06-17 00:00:00 UTC,-201,112,659206000,1.6197222222222221
2018-06-17 00:00:00 UTC,-201,1761,520315000,2.846805555555556
2018-06-17 00:00:00 UTC,-201,1795,520100000,0.29152777777777772
2018-06-17 00:00:00 UTC,-201,1798,520100000,2.1873611111111115
2018-06-17 00:00:00 UTC,-201,1796,520100000,1.242361111111111
2018-06-17 00:00:00 UTC,-201,1636,540010700,0.45486111111111116
2018-06-17 00:00:00 UTC,-201,1635,540010700,0.33097222222222222
2018-06-17 00:00:00 UTC,56,1458,412460289,1.3606944444444444
2018-06-17 00:00:00 UTC,56,1558,888160008,1.8845833333333333
2018-06-17 00:00:00 UTC,56,1558,888160010,1.6365277777777778
2018-06-17 00:00:00 UTC,56,1558,888160012,2.5016666666666669
2018-06-17 00:00:00 UTC,56,1559,888160012,0.96680555555555547
2018-06-17 00:00:00 UTC,56,616,664543000,2.0770833333333334
2018-06-17 00:00:00 UTC,56,613,664543000,0.85
2018-06-17 00:00:00 UTC,56,607,664543000,3.5736111111111111
2018-06-17 00:00:00 UTC,56,614,664543000,1.8197222222222222
2018-06-17 00:00:00 UTC,56,0,627209000,3.8072222222222241
2018-06-17 00:00:00 UTC,56,560,416841000,2.52875
2018-06-17 00:00:00 UTC,56,559,416841000,9.0400000000000009
2018-06-17 00:00:00 UTC,56,49,888265000,2.3684722222222221
2018-06-17 00:00:00 UTC,56,609,413205060,0.97819444444444437
2018-06-17 00:00:00 UTC,56,0,627037000,0.58236111111111111
2018-06-17 00:00:00 UTC,56,2,627037000,10.807916666666666
2018-06-17 00:00:00 UTC,56,1,627037000,1.1668055555555554
2018-06-17 00:00:00 UTC,56,1614,412460111,0.44319444444444445
2018-06-17 00:00:00 UTC,56,1616,412460111,0.245
2018-06-17 00:00:00 UTC,56,1615,412460111,0.70930555555555552
2018-06-17 00:00:00 UTC,56,-1302,431602530,0.53152777777777793
2018-06-17 00:00:00 UTC,56,-1303,431602530,0.52902777777777765
2018-06-17 00:00:00 UTC,56,47,812019300,0.54722222222222228
2018-06-17 00:00:00 UTC,56,48,812019300,0.94222222222222218
2018-06-17 00:00:00 UTC,56,0,627067000,0.25125
2018-06-17 00:00:00 UTC,56,-1729,432453000,0.23847222222222225
2018-06-17 00:00:00 UTC,56,-530,745003400,0.82388888888888889
2018-06-17 00:00:00 UTC,56,-529,745003400,12.593888888888888
2018-06-17 00:00:00 UTC,56,1,627610000,2.4666666666666668
2018-06-17 00:00:00 UTC,56,-1749,441201562,1.211111111111111
2018-06-17 00:00:00 UTC,56,-1748,412696740,0.21722222222222221
2018-06-17 00:00:00 UTC,56,1,627694000,2.4662499999999996
2018-06-17 00:00:00 UTC,56,1001,533191874,5.5826388888888889
2018-06-17 00:00:00 UTC,56,0,627213000,9.0544444444444441
2018-06-17 00:00:00 UTC,56,1314,431680460,6.2654166666666669
2018-06-17 00:00:00 UTC,56,1313,431680460,1.3748611111111111
2018-06-17 00:00:00 UTC,56,1,627682000,0.78069444444444469
2018-06-17 00:00:00 UTC,56,49,877927900,13.963055555555558
2018-06-17 00:00:00 UTC,56,-1516,367649000,0.28333333333333333
2018-06-17 00:00:00 UTC,56,-1514,367649000,5.6254166666666681
2018-06-17 00:00:00 UTC,56,-1513,367649000,0.55347222222222214
2018-06-17 00:00:00 UTC,56,-1515,367649000,5.1379166666666665
2018-06-17 00:00:00 UTC,312,1218,412370193,4.2061111111111114
2018-06-17 00:00:00 UTC,312,1513,416003409,1.0955555555555556
2018-06-17 00:00:00 UTC,568,122,266452000,0.81263888888888891
2018-06-17 00:00:00 UTC,568,117,219001125,1.483888888888889
2018-06-17 00:00:00 UTC,568,118,219001125,2.9052777777777781
2018-06-17 00:00:00 UTC,568,122,266057000,1.0530555555555556
2018-06-17 00:00:00 UTC,568,-66,235069008,1.1819444444444442
2018-06-17 00:00:00 UTC,568,-65,235069008,0.78763888888888878
2018-06-17 00:00:00 UTC,568,-68,235069008,1.1026388888888889
2018-06-17 00:00:00 UTC,568,-69,235069008,1.721111111111111
2018-06-17 00:00:00 UTC,568,-70,235069008,5.8011111111111111
2018-06-17 00:00:00 UTC,568,-67,235069008,1.3222222222222222
2018-06-17 00:00:00 UTC,568,121,266160000,0.47888888888888886
2018-06-17 00:00:00 UTC,568,122,266160000,0.29305555555555551
2018-06-17 00:00:00 UTC,568,-1516,367177620,1.3045833333333334
2018-06-17 00:00:00 UTC,568,-1517,367177620,4.9873611111111114
2018-06-17 00:00:00 UTC,568,-1663,367064000,0.7675
2018-06-17 00:00:00 UTC,568,-1662,367064000,0.65944444444444439
2018-06-17 00:00:00 UTC,568,-1665,367064000,1.296388888888889
2018-06-17 00:00:00 UTC,568,117,220012000,1.6216666666666666
2018-06-17 00:00:00 UTC,568,118,220012000,2.893472222222222
2018-06-17 00:00:00 UTC,568,122,266145000,1.1354166666666665
2018-06-17 00:00:00 UTC,-456,-627,701006083,0.11291666666666667
2018-06-17 00:00:00 UTC,-456,-619,701000717,2.7709722222222219
2018-06-17 00:00:00 UTC,-456,-628,701097000,0.70319444444444457
2018-06-17 00:00:00 UTC,-456,-626,701097000,0.13305555555555554
2018-06-17 00:00:00 UTC,-456,-627,701097000,0.9725
2018-06-17 00:00:00 UTC,-456,-630,701096000,0.24
2018-06-17 00:00:00 UTC,-456,-629,701000515,0.71805555555555556
2018-06-17 00:00:00 UTC,-456,-593,440347000,1.4601388888888889
2018-06-17 00:00:00 UTC,-456,-592,440347000,0.2675
2018-06-17 00:00:00 UTC,-456,-629,701006204,0.18305555555555553
2018-06-17 00:00:00 UTC,-456,-629,701000835,0.065277777777777782
2018-06-17 00:00:00 UTC,-456,-628,701006058,1.1297222222222223
2018-06-17 00:00:00 UTC,-456,-628,701000687,0.047222222222222221
2018-06-17 00:00:00 UTC,-456,-628,701006074,0.49208333333333332
2018-06-17 00:00:00 UTC,-200,488,647791113,20.412777777777787
2018-06-17 00:00:00 UTC,-200,488,647791118,18.137777777777778
2018-06-17 00:00:00 UTC,-200,119,659283000,3.7379166666666666
2018-06-17 00:00:00 UTC,-200,1718,412300365,1.7405555555555556
2018-06-17 00:00:00 UTC,-200,1716,412300365,3.2209722222222226
2018-06-17 00:00:00 UTC,-200,1717,412300365,2.1090277777777779
2018-06-17 00:00:00 UTC,-200,350,725000287,3.5112499999999995
2018-06-17 00:00:00 UTC,-200,112,659206000,5.8429166666666665
2018-06-17 00:00:00 UTC,-200,1758,520315000,2.0506944444444444
2018-06-17 00:00:00 UTC,-200,1761,520315000,0.59583333333333333
2018-06-17 00:00:00 UTC,-200,1756,520315000,3.0030555555555556
2018-06-17 00:00:00 UTC,-200,1757,520315000,1.6758333333333335
2018-06-17 00:00:00 UTC,-200,1759,520315000,2.8234722222222222
2018-06-17 00:00:00 UTC,-200,1760,520315000,1.9243055555555555
2018-06-17 00:00:00 UTC,-200,1755,520315000,3.56
2018-06-17 00:00:00 UTC,-200,1796,520314000,1.901388888888889
2018-06-17 00:00:00 UTC,-200,1798,520314000,1.8005555555555555
2018-06-17 00:00:00 UTC,-200,1797,520314000,3.1075
2018-06-17 00:00:00 UTC,-200,1795,520100000,0.98347222222222219
2018-06-17 00:00:00 UTC,-200,1635,540010700,3.2761111111111112
2018-06-17 00:00:00 UTC,-200,119,659063000,0.32569444444444445
2018-06-17 00:00:00 UTC,57,1460,412460289,2.4563888888888892
2018-06-17 00:00:00 UTC,57,1559,888160010,0.93611111111111112
2018-06-17 00:00:00 UTC,57,1559,888160012,0.9113888888888888
2018-06-17 00:00:00 UTC,57,615,664543000,1.3919444444444444
2018-06-17 00:00:00 UTC,57,612,664543000,2.0119444444444445
2018-06-17 00:00:00 UTC,57,614,664543000,2.1126388888888887
2018-06-17 00:00:00 UTC,57,616,664543000,1.1205555555555557
2018-06-17 00:00:00 UTC,57,562,416841000,0.78513888888888883
2018-06-17 00:00:00 UTC,57,554,416841000,5.3798611111111114
2018-06-17 00:00:00 UTC,57,563,416841000,0.55222222222222217
2018-06-17 00:00:00 UTC,57,48,888265000,4.2055555555555557
2018-06-17 00:00:00 UTC,57,1616,412460111,0.8305555555555556
2018-06-17 00:00:00 UTC,57,1620,412460111,1.2980555555555555
2018-06-17 00:00:00 UTC,57,-1302,431602530,0.20569444444444446
2018-06-17 00:00:00 UTC,57,-1726,432453000,0.45472222222222231
2018-06-17 00:00:00 UTC,57,-1749,441201562,1.6752777777777776
2018-06-17 00:00:00 UTC,57,551,416136900,2.4262500000000005
2018-06-17 00:00:00 UTC,57,553,416136900,3.319583333333334
2018-06-17 00:00:00 UTC,57,554,416136900,1.798888888888889
2018-06-17 00:00:00 UTC,57,552,416136900,2.2336111111111112
2018-06-17 00:00:00 UTC,57,1313,431680460,11.3625
2018-06-17 00:00:00 UTC,57,-1308,224651000,0.49944444444444441
2018-06-17 00:00:00 UTC,313,1218,412370193,4.2975
2018-06-17 00:00:00 UTC,313,1217,412370193,0.085833333333333345
2018-06-17 00:00:00 UTC,313,1513,416003409,0.35652777777777778
2018-06-17 00:00:00 UTC,313,1511,416003409,2.9512500000000004
2018-06-17 00:00:00 UTC,313,1512,416003409,2.4565277777777776
2018-06-17 00:00:00 UTC,313,-791,367550290,18.906805555555554
2018-06-17 00:00:00 UTC,313,-812,367143030,9.4084722222222226
2018-06-17 00:00:00 UTC,313,-813,367143030,14.448611111111109
2018-06-17 00:00:00 UTC,569,-62,232004150,12.888472222222223
2018-06-17 00:00:00 UTC,569,-61,232004150,2.9918055555555552
2018-06-17 00:00:00 UTC,569,106,220349000,0.27347222222222223
2018-06-17 00:00:00 UTC,569,118,220349000,0.80652777777777773
2018-06-17 00:00:00 UTC,569,107,220349000,0.27986111111111112
2018-06-17 00:00:00 UTC,569,-70,235069008,3.3545833333333337
2018-06-17 00:00:00 UTC,569,-69,235069008,1.0929166666666668
2018-06-17 00:00:00 UTC,569,-1666,367124070,3.0848611111111111
2018-06-17 00:00:00 UTC,569,-1670,367124070,0.69333333333333347
2018-06-17 00:00:00 UTC,569,-1668,367124070,3.5669444444444447
2018-06-17 00:00:00 UTC,569,-1669,367124070,2.1691666666666669
2018-06-17 00:00:00 UTC,569,-1667,367124070,1.3518055555555555
2018-06-17 00:00:00 UTC,569,-1516,367177620,0.59986111111111118
2018-06-17 00:00:00 UTC,569,-1515,367177620,1.7122222222222221
2018-06-17 00:00:00 UTC,569,-1664,367064000,2.7475000000000009
2018-06-17 00:00:00 UTC,569,-1663,367064000,0.24347222222222223
2018-06-17 00:00:00 UTC,569,-1665,367064000,0.90263888888888877
2018-06-17 00:00:00 UTC,569,-91,250369000,1.9655555555555555
2018-06-17 00:00:00 UTC,569,-61,235000560,8.0018055555555545
2018-06-17 00:00:00 UTC,569,-62,235000560,7.2977777777777781
2018-06-17 00:00:00 UTC,-455,-619,701000717,2.24
2018-06-17 00:00:00 UTC,-455,-627,701097000,1.2383333333333331
2018-06-17 00:00:00 UTC,-455,-744,725015600,1.0862500000000002
2018-06-17 00:00:00 UTC,-455,-745,725015600,0.95166666666666666
2018-06-17 00:00:00 UTC,-455,-625,701000550,0.06958333333333333
2018-06-17 00:00:00 UTC,-455,-630,701041000,0.25319444444444444
2018-06-17 00:00:00 UTC,-455,-593,440347000,1.522777777777778
2018-06-17 00:00:00 UTC,-455,-592,440347000,1.1570833333333332
2018-06-17 00:00:00 UTC,-455,-627,701006744,0.13333333333333333
2018-06-17 00:00:00 UTC,-455,-631,701000619,0.39944444444444444
2018-06-17 00:00:00 UTC,-455,-627,701000649,0.56458333333333333
2018-06-17 00:00:00 UTC,-455,-599,900028618,2.5676388888888888
2018-06-17 00:00:00 UTC,-455,-598,900028618,3.0491666666666664
2018-06-17 00:00:00 UTC,-455,-598,900028619,7.4255555555555564
2018-06-17 00:00:00 UTC,-455,-599,900028619,2.6758333333333333
2018-06-17 00:00:00 UTC,-455,-629,701000919,0.27194444444444443
2018-06-17 00:00:00 UTC,-455,-628,701006058,0.56194444444444447
2018-06-17 00:00:00 UTC,-455,-628,701000687,0.15111111111111111
2018-06-17 00:00:00 UTC,-455,-590,440203000,1.3213888888888889
2018-06-17 00:00:00 UTC,-199,1713,413322760,0.86333333333333329
2018-06-17 00:00:00 UTC,-199,1714,413322760,0.47083333333333333
2018-06-17 00:00:00 UTC,-199,354,650000153,1.31
2018-06-17 00:00:00 UTC,-199,119,659283000,6.9487499999999986
2018-06-17 00:00:00 UTC,-199,349,725000287,0.96486111111111106
2018-06-17 00:00:00 UTC,-199,350,725000287,1.7190277777777778
2018-06-17 00:00:00 UTC,-199,1163,503027830,1.1659722222222222
2018-06-17 00:00:00 UTC,-199,1760,520315000,0.588888888888889
2018-06-17 00:00:00 UTC,-199,1759,520315000,0.67902777777777779
2018-06-17 00:00:00 UTC,-199,1169,503220100,20.992638888888887
2018-06-17 00:00:00 UTC,-199,1170,503220100,3.0726388888888887
2018-06-17 00:00:00 UTC,-199,1795,520314000,2.1475000000000004
2018-06-17 00:00:00 UTC,-199,1796,520314000,1.7458333333333331
2018-06-17 00:00:00 UTC,-199,1797,520100000,1.8627777777777776
2018-06-17 00:00:00 UTC,-199,1795,520100000,0.34194444444444444
2018-06-17 00:00:00 UTC,-199,1794,520100000,0.89750000000000008
2018-06-17 00:00:00 UTC,-199,119,659063000,0.2286111111111111
2018-06-17 00:00:00 UTC,58,643,664000022,4.5602777777777783
2018-06-17 00:00:00 UTC,58,564,416841000,5.9109722222222221
2018-06-17 00:00:00 UTC,58,1619,412460111,0.77555555555555555
2018-06-17 00:00:00 UTC,58,1620,412460111,0.53833333333333333
2018-06-17 00:00:00 UTC,58,1618,412460111,1.2426388888888888
2018-06-17 00:00:00 UTC,58,-1302,431602530,2.1202777777777779
2018-06-17 00:00:00 UTC,58,-1749,441201562,2.4345833333333333
2018-06-17 00:00:00 UTC,58,1000,533191874,2.7504166666666667
2018-06-17 00:00:00 UTC,58,556,416136900,1.9606944444444447
2018-06-17 00:00:00 UTC,58,555,416136900,4.6531944444444449
2018-06-17 00:00:00 UTC,58,554,416136900,1.4205555555555558
2018-06-17 00:00:00 UTC,58,599,412326855,3.6334722222222222
2018-06-17 00:00:00 UTC,58,-1757,412205520,0.7994444444444444
2018-06-17 00:00:00 UTC,58,-1756,412205520,0.68027777777777776
2018-06-17 00:00:00 UTC,58,-1755,412205520,0.51986111111111111
2018-06-17 00:00:00 UTC,58,-1310,224651000,0.49277777777777776
2018-06-17 00:00:00 UTC,58,-1308,224651000,4.5005555555555556
2018-06-17 00:00:00 UTC,58,-1309,224651000,4.4330555555555557
2018-06-17 00:00:00 UTC,314,1218,254789648,10.484166666666665
2018-06-17 00:00:00 UTC,314,1219,254789648,2.4313888888888888
2018-06-17 00:00:00 UTC,314,-796,367511850,1.4333333333333333
2018-06-17 00:00:00 UTC,314,1510,416003409,3.9929166666666669
2018-06-17 00:00:00 UTC,314,1511,416003409,1.0294444444444444
2018-06-17 00:00:00 UTC,314,1217,412370629,3.3684722222222221
2018-06-17 00:00:00 UTC,570,84,219023620,4.4919444444444423
2018-06-17 00:00:00 UTC,570,-61,232004150,0.75055555555555564
2018-06-17 00:00:00 UTC,570,-62,232004150,5.1652777777777787
2018-06-17 00:00:00 UTC,570,119,220349000,1.9426388888888888
2018-06-17 00:00:00 UTC,570,120,220349000,0.32069444444444439
2018-06-17 00:00:00 UTC,570,118,220349000,1.3265277777777778
2018-06-17 00:00:00 UTC,570,-20,233714000,0.5459722222222223
2018-06-17 00:00:00 UTC,570,-21,233714000,0.28208333333333335
2018-06-17 00:00:00 UTC,570,-1671,367124070,0.90708333333333346
2018-06-17 00:00:00 UTC,570,-1670,367124070,0.23527777777777781
2018-06-17 00:00:00 UTC,570,-1672,367124070,0.64444444444444438
2018-06-17 00:00:00 UTC,570,-1664,367124090,0.33888888888888891
2018-06-17 00:00:00 UTC,570,-1354,367720070,1.2002777777777778
2018-06-17 00:00:00 UTC,570,1390,273432220,0.058472222222222231
2018-06-17 00:00:00 UTC,570,-1664,367064000,0.70444444444444443
2018-06-17 00:00:00 UTC,570,-1666,367064000,2.037638888888889
2018-06-17 00:00:00 UTC,570,-1665,367064000,5.76888888888889
2018-06-17 00:00:00 UTC,570,1449,273435850,0.8143055555555555
2018-06-17 00:00:00 UTC,570,-87,250369000,1.2775
2018-06-17 00:00:00 UTC,570,-88,250369000,1.5818055555555555
2018-06-17 00:00:00 UTC,570,-62,235000560,4.8780555555555551
2018-06-17 00:00:00 UTC,570,-61,235000560,1.6086111111111112
2018-06-17 00:00:00 UTC,-454,-619,701000717,3.1548611111111118
2018-06-17 00:00:00 UTC,-454,-630,701066000,0.18722222222222223
2018-06-17 00:00:00 UTC,-454,-628,701097000,0.017916666666666668
2018-06-17 00:00:00 UTC,-454,-627,701097000,0.75722222222222224
2018-06-17 00:00:00 UTC,-454,-625,701000550,0.13097222222222221
2018-06-17 00:00:00 UTC,-454,-631,701041000,0.48791666666666667
2018-06-17 00:00:00 UTC,-454,-630,701041000,0.49805555555555558
2018-06-17 00:00:00 UTC,-454,-628,701000558,0.7583333333333333
2018-06-17 00:00:00 UTC,-454,-629,701000558,0.59472222222222226
2018-06-17 00:00:00 UTC,-454,-592,440347000,0.80541666666666667
2018-06-17 00:00:00 UTC,-454,-594,440347000,2.5134722222222221
2018-06-17 00:00:00 UTC,-454,-629,701006204,0.23291666666666666
2018-06-17 00:00:00 UTC,-454,-635,701006727,0.079166666666666663
2018-06-17 00:00:00 UTC,-454,-628,701006744,0.33305555555555555
2018-06-17 00:00:00 UTC,-454,-628,701000649,0.21930555555555556
2018-06-17 00:00:00 UTC,-454,-598,900028618,4.6783333333333328
2018-06-17 00:00:00 UTC,-454,-598,900028619,1.4998611111111111
2018-06-17 00:00:00 UTC,-454,-629,701000919,0.9738888888888888
2018-06-17 00:00:00 UTC,-454,-590,440203000,2.6840277777777781
2018-06-17 00:00:00 UTC,-454,-593,440203000,0.50208333333333344
2018-06-17 00:00:00 UTC,-454,-592,440203000,0.48916666666666664
2018-06-17 00:00:00 UTC,-454,-594,440203000,0.28902777777777777
2018-06-17 00:00:00 UTC,-454,-591,440203000,1.7
2018-06-17 00:00:00 UTC,-198,1713,413322760,0.23277777777777778
2018-06-17 00:00:00 UTC,-198,496,647791117,0.32583333333333336
2018-06-17 00:00:00 UTC,-198,356,650000153,0.861111111111111
2018-06-17 00:00:00 UTC,-198,354,650000153,0.45583333333333331
2018-06-17 00:00:00 UTC,-198,355,650000153,3.3618055555555562
2018-06-17 00:00:00 UTC,-198,119,659283000,5.7663888888888906
2018-06-17 00:00:00 UTC,-198,-832,224456000,0.50111111111111117
2018-06-17 00:00:00 UTC,-198,-831,224456000,0.28097222222222223
2018-06-17 00:00:00 UTC,-198,1720,412331104,0.99527777777777771
2018-06-17 00:00:00 UTC,-198,1162,503027830,1.7587500000000003
2018-06-17 00:00:00 UTC,-198,1757,520315000,0.16166666666666668
2018-06-17 00:00:00 UTC,-198,1758,520315000,1.0286111111111114
2018-06-17 00:00:00 UTC,-198,1759,520315000,0.30472222222222223
2018-06-17 00:00:00 UTC,-198,1794,520314000,0.85055555555555562
2018-06-17 00:00:00 UTC,-198,1793,520314000,0.29694444444444446
2018-06-17 00:00:00 UTC,-198,1796,520314000,0.51916666666666667
2018-06-17 00:00:00 UTC,-198,1795,520314000,3.1080555555555551
2018-06-17 00:00:00 UTC,-198,1797,520100000,0.44638888888888889
2018-06-17 00:00:00 UTC,-198,1793,520100000,0.82277777777777772
2018-06-17 00:00:00 UTC,-198,1794,520100000,0.18361111111111111
2018-06-17 00:00:00 UTC,-198,1796,520100000,0.76291666666666669
2018-06-17 00:00:00 UTC,-198,1769,520312000,0.69500000000000006
2018-06-17 00:00:00 UTC,-198,1768,520312000,1.1905555555555556
2018-06-17 00:00:00 UTC,-198,1767,520312000,1.5534722222222221
2018-06-17 00:00:00 UTC,-198,119,659063000,0.62041666666666673
2018-06-17 00:00:00 UTC,-198,118,659063000,3.3088888888888892
2018-06-17 00:00:00 UTC,59,1469,412460289,1.27125
2018-06-17 00:00:00 UTC,59,1464,412460289,2.302777777777778
2018-06-17 00:00:00 UTC,59,650,664000022,5.843055555555555
2018-06-17 00:00:00 UTC,59,644,664000022,2.0565277777777777
2018-06-17 00:00:00 UTC,59,47,888265000,4.2552777777777777
2018-06-17 00:00:00 UTC,59,46,888265000,1.9362500000000002
2018-06-17 00:00:00 UTC,59,617,413205050,2.872638888888889
2018-06-17 00:00:00 UTC,59,615,413205050,19.003194444444446
2018-06-17 00:00:00 UTC,59,619,413205050,4.0365277777777777
2018-06-17 00:00:00 UTC,59,1619,412460111,0.50041666666666662
2018-06-17 00:00:00 UTC,59,-1749,441201562,1.887361111111111
2018-06-17 00:00:00 UTC,59,-1748,441201562,1.9077777777777776
2018-06-17 00:00:00 UTC,59,-1747,412696740,2.255
2018-06-17 00:00:00 UTC,59,556,416136900,0.29319444444444442
2018-06-17 00:00:00 UTC,59,558,416136900,1.4305555555555556
2018-06-17 00:00:00 UTC,59,559,416136900,4.1365277777777774
2018-06-17 00:00:00 UTC,59,557,416136900,1.6052777777777778
2018-06-17 00:00:00 UTC,59,-1757,412205520,1.0113888888888889
2018-06-17 00:00:00 UTC,315,1263,440128830,0.26125
2018-06-17 00:00:00 UTC,315,1214,412370761,2.5941666666666663
2018-06-17 00:00:00 UTC,315,1510,416003409,1.9118055555555555
2018-06-17 00:00:00 UTC,315,1509,416003409,1.5481944444444444
2018-06-17 00:00:00 UTC,571,1494,273436430,1.9520833333333329
2018-06-17 00:00:00 UTC,571,85,219005513,0.16527777777777777
2018-06-17 00:00:00 UTC,571,-21,233714000,16.025277777777777
2018-06-17 00:00:00 UTC,571,-20,233714000,7.1672222222222244
2018-06-17 00:00:00 UTC,571,85,219006061,0.083472222222222225
2018-06-17 00:00:00 UTC,571,82,219006061,4.527916666666667
2018-06-17 00:00:00 UTC,571,1392,273432220,0.034027777777777782
2018-06-17 00:00:00 UTC,571,1391,273432220,0.32499999999999996
2018-06-17 00:00:00 UTC,571,1390,273432220,1.1581944444444443
2018-06-17 00:00:00 UTC,571,1445,273435850,0.69722222222222219
2018-06-17 00:00:00 UTC,571,1444,273435850,0.73305555555555557
2018-06-17 00:00:00 UTC,571,1437,273435850,0.53041666666666665
2018-06-17 00:00:00 UTC,571,1438,273435850,0.75736111111111115
2018-06-17 00:00:00 UTC,571,88,219005909,0.43125
2018-06-17 00:00:00 UTC,571,86,219005909,0.55416666666666659
2018-06-17 00:00:00 UTC,571,85,219005909,0.083333333333333343
2018-06-17 00:00:00 UTC,571,87,219005909,9.1609722222222256
2018-06-17 00:00:00 UTC,571,85,219005671,1.5002777777777776
2018-06-17 00:00:00 UTC,571,86,219005671,2.2759722222222218
2018-06-17 00:00:00 UTC,571,84,219787000,0.16652777777777777
2018-06-17 00:00:00 UTC,571,82,219787000,6.6334722222222213
2018-06-17 00:00:00 UTC,571,83,219787000,1.9008333333333332
2018-06-17 00:00:00 UTC,571,81,219787000,1.9669444444444444
2018-06-17 00:00:00 UTC,-453,-619,701000717,2.3018055555555552
2018-06-17 00:00:00 UTC,-453,-629,701000720,0.29888888888888893
2018-06-17 00:00:00 UTC,-453,-635,701000764,0.6004166666666666
2018-06-17 00:00:00 UTC,-453,-629,701096000,0.11069444444444446
2018-06-17 00:00:00 UTC,-453,-630,701096000,0.098194444444444445
2018-06-17 00:00:00 UTC,-453,-631,701000516,0.17819444444444446
2018-06-17 00:00:00 UTC,-453,-630,701000516,0.96319444444444424
2018-06-17 00:00:00 UTC,-453,-633,701000801,0.17916666666666667
2018-06-17 00:00:00 UTC,-453,-631,701000801,2.8261111111111119
2018-06-17 00:00:00 UTC,-453,-631,701041000,0.66375
2018-06-17 00:00:00 UTC,-453,-629,701000558,0.36069444444444443
2018-06-17 00:00:00 UTC,-453,-630,701000558,0.5325
2018-06-17 00:00:00 UTC,-453,-592,440347000,0.094722222222222222
2018-06-17 00:00:00 UTC,-453,-593,440347000,2.5108333333333324
2018-06-17 00:00:00 UTC,-453,-594,440347000,0.40236111111111106
2018-06-17 00:00:00 UTC,-453,-635,701006727,1.6238888888888887
2018-06-17 00:00:00 UTC,-453,-639,701000617,0.79583333333333339
2018-06-17 00:00:00 UTC,-453,-631,701000882,0.15972222222222221
2018-06-17 00:00:00 UTC,-453,-632,701007039,1.4773611111111116
2018-06-17 00:00:00 UTC,-453,-631,701007039,3.9506944444444425
2018-06-17 00:00:00 UTC,-453,-628,701000649,0.31125
2018-06-17 00:00:00 UTC,-453,-629,701000649,0.29055555555555551
2018-06-17 00:00:00 UTC,-453,-597,900028618,2.8008333333333328
2018-06-17 00:00:00 UTC,-453,-629,701000919,0.097083333333333327
2018-06-17 00:00:00 UTC,-453,-632,701000925,0.4022222222222222
2018-06-17 00:00:00 UTC,-453,-630,701000925,1.0376388888888888
2018-06-17 00:00:00 UTC,-453,-631,701000925,0.46833333333333327
2018-06-17 00:00:00 UTC,-453,-596,440203000,0.19208333333333333
2018-06-17 00:00:00 UTC,-453,-594,440203000,0.25319444444444439
2018-06-17 00:00:00 UTC,-453,-595,440203000,0.31611111111111112
2018-06-17 00:00:00 UTC,-453,-593,440203000,0.56361111111111106
2018-06-17 00:00:00 UTC,-197,1713,413322760,0.95583333333333331
2018-06-17 00:00:00 UTC,-197,496,647791117,0.91499999999999992
2018-06-17 00:00:00 UTC,-197,489,647791118,0.96736111111111123
2018-06-17 00:00:00 UTC,-197,488,647791118,0.40930555555555559
2018-06-17 00:00:00 UTC,-197,357,650000153,0.94541666666666657
2018-06-17 00:00:00 UTC,-197,358,650000153,4.5441666666666665
2018-06-17 00:00:00 UTC,-197,359,650000153,3.0923611111111109
2018-06-17 00:00:00 UTC,-197,119,659283000,3.4579166666666667
2018-06-17 00:00:00 UTC,-197,-832,224456000,0.18944444444444444
2018-06-17 00:00:00 UTC,-197,1721,412331104,0.37375
2018-06-17 00:00:00 UTC,-197,1161,503027830,0.31513888888888891
2018-06-17 00:00:00 UTC,-197,1162,503027830,2.5147222222222219
2018-06-17 00:00:00 UTC,-197,1756,520315000,0.35888888888888892
2018-06-17 00:00:00 UTC,-197,1757,520315000,0.94069444444444439
2018-06-17 00:00:00 UTC,-197,1795,520314000,1.7156944444444442
2018-06-17 00:00:00 UTC,-197,1796,520100000,0.13652777777777778
2018-06-17 00:00:00 UTC,-197,1767,520312000,1.5080555555555557
2018-06-17 00:00:00 UTC,-197,1769,520312000,1.086111111111111
2018-06-17 00:00:00 UTC,-197,118,659063000,5.3565277777777762
2018-06-17 00:00:00 UTC,60,1468,412460289,2.6804166666666664
2018-06-17 00:00:00 UTC,60,1469,412460289,1.1083333333333334
2018-06-17 00:00:00 UTC,60,649,664000022,4.8322222222222218
2018-06-17 00:00:00 UTC,60,650,664000022,5.2166666666666668
2018-06-17 00:00:00 UTC,60,13,708500000,2.8879166666666669
2018-06-17 00:00:00 UTC,60,14,708500000,2.9470833333333335
2018-06-17 00:00:00 UTC,60,15,708500000,2.4626388888888888
2018-06-17 00:00:00 UTC,60,46,888265000,1.9605555555555556
2018-06-17 00:00:00 UTC,60,-1749,441201562,2.2926388888888884
2018-06-17 00:00:00 UTC,60,-1748,441201562,1.65875
2018-06-17 00:00:00 UTC,60,617,412326858,4.6986111111111111
2018-06-17 00:00:00 UTC,60,-1756,412205520,1.1238888888888889
2018-06-17 00:00:00 UTC,60,1683,538060011,1.2097222222222224
2018-06-17 00:00:00 UTC,60,1680,538060011,2.4001388888888884
2018-06-17 00:00:00 UTC,60,1682,538060011,0.66791666666666671
2018-06-17 00:00:00 UTC,60,1684,538060011,1.1843055555555555
2018-06-17 00:00:00 UTC,316,344,428150559,8.0833333333333339
2018-06-17 00:00:00 UTC,316,-797,367511850,1.7333333333333334
2018-06-17 00:00:00 UTC,316,1261,440128830,6.5819444444444448
2018-06-17 00:00:00 UTC,316,1263,440128830,7.6388888888888911
2018-06-17 00:00:00 UTC,316,1262,440128830,4.6504166666666666
2018-06-17 00:00:00 UTC,316,345,428150081,0.83777777777777773
2018-06-17 00:00:00 UTC,316,1294,431000388,3.1133333333333333
2018-06-17 00:00:00 UTC,316,1262,440115840,1.0097222222222222
2018-06-17 00:00:00 UTC,316,1260,440115840,0.2565277777777778
2018-06-17 00:00:00 UTC,316,1263,440115840,3.71375
2018-06-17 00:00:00 UTC,316,345,428150006,0.53652777777777783
2018-06-17 00:00:00 UTC,572,89,211648000,8.3633333333333333
2018-06-17 00:00:00 UTC,572,88,211648000,3.5143055555555547
2018-06-17 00:00:00 UTC,572,90,211648000,3.4120833333333338
2018-06-17 00:00:00 UTC,572,1493,273436430,3.692777777777779
2018-06-17 00:00:00 UTC,572,1492,273436430,0.18736111111111112
2018-06-17 00:00:00 UTC,572,1491,273436430,2.4236111111111107
2018-06-17 00:00:00 UTC,572,1494,273436430,2.4294444444444441
2018-06-17 00:00:00 UTC,572,-13,235000340,1.45875
2018-06-17 00:00:00 UTC,572,-14,235000340,13.790972222222223
2018-06-17 00:00:00 UTC,572,211,275016000,4.1223611111111111
2018-06-17 00:00:00 UTC,572,212,275016000,0.61763888888888885
2018-06-17 00:00:00 UTC,572,-1713,367068230,0.23736111111111113
2018-06-17 00:00:00 UTC,572,-1707,367068230,2.0122222222222224
2018-06-17 00:00:00 UTC,572,-1709,367068230,3.98111111111111
2018-06-17 00:00:00 UTC,572,-1708,367068230,3.592916666666667
2018-06-17 00:00:00 UTC,572,-1711,367068230,2.2075000000000005
2018-06-17 00:00:00 UTC,572,-1712,367068230,2.7430555555555558
2018-06-17 00:00:00 UTC,572,-1710,367068230,3.370277777777777
2018-06-17 00:00:00 UTC,572,85,219005513,4.3220833333333326
2018-06-17 00:00:00 UTC,572,1391,273814110,2.2104166666666663
2018-06-17 00:00:00 UTC,572,82,219006061,0.66666666666666674
2018-06-17 00:00:00 UTC,572,83,219006061,0.83486111111111116
2018-06-17 00:00:00 UTC,572,85,219007348,2.6249999999999996
2018-06-17 00:00:00 UTC,572,86,219007348,1.5243055555555556
2018-06-17 00:00:00 UTC,572,89,219941000,13.916805555555557
2018-06-17 00:00:00 UTC,572,88,219941000,6.7591666666666654
2018-06-17 00:00:00 UTC,572,87,219941000,2.566527777777778
2018-06-17 00:00:00 UTC,572,90,219429000,3.9858333333333333
2018-06-17 00:00:00 UTC,572,87,219005836,2.5891666666666664
2018-06-17 00:00:00 UTC,572,88,219005836,0.80027777777777775
2018-06-17 00:00:00 UTC,572,107,220334000,0.68666666666666665
2018-06-17 00:00:00 UTC,572,-20,232007860,11.307083333333331
2018-06-17 00:00:00 UTC,572,1440,273435850,1.1863888888888889
2018-06-17 00:00:00 UTC,572,1438,273435850,0.14708333333333332
2018-06-17 00:00:00 UTC,572,1439,273435850,2.2300000000000004
2018-06-17 00:00:00 UTC,572,87,219005909,0.088194444444444436
2018-06-17 00:00:00 UTC,-452,-635,701056000,3.315
2018-06-17 00:00:00 UTC,-452,-634,701056000,0.58333333333333326
2018-06-17 00:00:00 UTC,-452,-634,701006341,7.0104166666666661
2018-06-17 00:00:00 UTC,-452,-633,701000731,2.7391666666666663
2018-06-17 00:00:00 UTC,-452,-634,701000731,2.2838888888888889
2018-06-17 00:00:00 UTC,-452,-635,701000745,2.15
2018-06-17 00:00:00 UTC,-452,-632,701000749,2.1831944444444442
2018-06-17 00:00:00 UTC,-452,-635,701000753,4.192916666666668
2018-06-17 00:00:00 UTC,-452,-634,701000753,0.89430555555555546
2018-06-17 00:00:00 UTC,-452,-630,701006390,0.8258333333333332
2018-06-17 00:00:00 UTC,-452,-631,701006390,5.4991666666666665
2018-06-17 00:00:00 UTC,-452,-634,701000759,2.444722222222222
2018-06-17 00:00:00 UTC,-452,-633,701000764,0.41541666666666666
2018-06-17 00:00:00 UTC,-452,-630,701096000,0.43583333333333324
2018-06-17 00:00:00 UTC,-452,-629,701096000,1.3454166666666663
2018-06-17 00:00:00 UTC,-452,-634,701006409,0.24555555555555558
2018-06-17 00:00:00 UTC,-452,-635,701006409,1.8066666666666666
2018-06-17 00:00:00 UTC,-452,-634,701000785,1.630138888888889
2018-06-17 00:00:00 UTC,-452,-634,701000800,0.88722222222222213
2018-06-17 00:00:00 UTC,-452,-633,701000800,0.9916666666666667
2018-06-17 00:00:00 UTC,-452,-634,701000801,0.99888888888888883
2018-06-17 00:00:00 UTC,-452,-635,701000801,0.51986111111111111
2018-06-17 00:00:00 UTC,-452,-631,701006698,0.21375
2018-06-17 00:00:00 UTC,-452,-629,701006698,0.13583333333333333
2018-06-17 00:00:00 UTC,-452,-630,701006698,0.20597222222222222
2018-06-17 00:00:00 UTC,-452,-634,701006698,0.3552777777777778
2018-06-17 00:00:00 UTC,-452,-630,701000558,0.22652777777777774
2018-06-17 00:00:00 UTC,-452,-631,701000558,1.6998611111111113
2018-06-17 00:00:00 UTC,-452,-632,701000558,0.11347222222222222
2018-06-17 00:00:00 UTC,-452,-635,701030000,0.55819444444444444
2018-06-17 00:00:00 UTC,-452,-634,701030000,0.28875
2018-06-17 00:00:00 UTC,-452,-635,701019000,4.5066666666666668
2018-06-17 00:00:00 UTC,-452,-635,701000827,3.9755555555555553
2018-06-17 00:00:00 UTC,-452,-634,701000827,0.97555555555555562
2018-06-17 00:00:00 UTC,-452,-634,701000835,3.2193055555555556
2018-06-17 00:00:00 UTC,-452,-632,701000835,0.22972222222222222
2018-06-17 00:00:00 UTC,-452,-635,701000835,0.68013888888888885
2018-06-17 00:00:00 UTC,-452,-635,701000837,3.4836111111111112
2018-06-17 00:00:00 UTC,-452,-634,701000837,0.63291666666666657
2018-06-17 00:00:00 UTC,-452,-634,701006727,0.33430555555555552
2018-06-17 00:00:00 UTC,-452,-635,701006727,2.0715277777777783
2018-06-17 00:00:00 UTC,-452,-636,701006727,3.1291666666666664
2018-06-17 00:00:00 UTC,-452,-635,701000856,3.12486111111111
2018-06-17 00:00:00 UTC,-452,-634,701007011,0.32680555555555557
2018-06-17 00:00:00 UTC,-452,-635,701007011,0.056944444444444443
2018-06-17 00:00:00 UTC,-452,-631,701000869,1.9194444444444447
2018-06-17 00:00:00 UTC,-452,-632,701000869,0.3947222222222222
2018-06-17 00:00:00 UTC,-452,-635,701006502,1.3219444444444446
2018-06-17 00:00:00 UTC,-452,-637,701006502,0.44444444444444442
2018-06-17 00:00:00 UTC,-452,-634,701006502,2.9080555555555554
2018-06-17 00:00:00 UTC,-452,-634,701007020,0.58930555555555553
2018-06-17 00:00:00 UTC,-452,-635,701070000,4.97375
2018-06-17 00:00:00 UTC,-452,-631,701000882,0.13319444444444445
2018-06-17 00:00:00 UTC,-452,-635,701000882,1.7201388888888887
2018-06-17 00:00:00 UTC,-452,-634,701000882,0.65180555555555553
2018-06-17 00:00:00 UTC,-452,-632,701000882,0.23888888888888887
2018-06-17 00:00:00 UTC,-452,-634,701007029,3.88875
2018-06-17 00:00:00 UTC,-452,-631,701006007,3.1259722222222215
2018-06-17 00:00:00 UTC,-452,-633,701006007,0.31527777777777777
2018-06-17 00:00:00 UTC,-452,-634,701006007,0.25152777777777779
2018-06-17 00:00:00 UTC,-452,-634,701007036,6.69
2018-06-17 00:00:00 UTC,-452,-635,701007036,0.28722222222222221
2018-06-17 00:00:00 UTC,-452,-634,701007038,1.558888888888889
2018-06-17 00:00:00 UTC,-452,-635,701007038,10.456666666666665
2018-06-17 00:00:00 UTC,-452,-631,701007039,2.0270833333333331
2018-06-17 00:00:00 UTC,-452,-632,701007039,1.0730555555555554
2018-06-17 00:00:00 UTC,-452,-635,701000902,3.9476388888888878
2018-06-17 00:00:00 UTC,-452,-634,701000902,3.0916666666666668
2018-06-17 00:00:00 UTC,-452,-629,701000649,0.23222222222222222
2018-06-17 00:00:00 UTC,-452,-628,701000649,0.20749999999999996
2018-06-17 00:00:00 UTC,-452,-630,701000649,0.32111111111111112
2018-06-17 00:00:00 UTC,-452,-596,900028618,4.7212499999999995
2018-06-17 00:00:00 UTC,-452,-635,701006035,4.4418055555555549
2018-06-17 00:00:00 UTC,-452,-634,701006035,0.66666666666666663
2018-06-17 00:00:00 UTC,-452,-627,701000662,0.43208333333333332
2018-06-17 00:00:00 UTC,-452,-629,701000919,0.18777777777777777
2018-06-17 00:00:00 UTC,-452,-628,701000919,0.852361111111111
2018-06-17 00:00:00 UTC,-452,-630,701000919,0.53847222222222224
2018-06-17 00:00:00 UTC,-452,-635,701000665,3.3731944444444446
2018-06-17 00:00:00 UTC,-452,-634,701000665,1.0543055555555556
2018-06-17 00:00:00 UTC,-452,-630,701000925,0.097222222222222224
2018-06-17 00:00:00 UTC,-452,-634,701000925,1.5169444444444447
2018-06-17 00:00:00 UTC,-452,-633,701000925,0.91652777777777783
2018-06-17 00:00:00 UTC,-452,-632,701000925,0.48291666666666666
2018-06-17 00:00:00 UTC,-452,-634,701006059,0.56166666666666665
2018-06-17 00:00:00 UTC,-452,-631,701000941,0.57819444444444446
2018-06-17 00:00:00 UTC,-452,-633,701000941,3.1634722222222229
2018-06-17 00:00:00 UTC,-452,-634,701006062,1.752777777777778
2018-06-17 00:00:00 UTC,-452,-631,701000687,0.31861111111111112
2018-06-17 00:00:00 UTC,-452,-630,701000687,0.19847222222222224
2018-06-17 00:00:00 UTC,-452,-635,701006068,1.1280555555555556
2018-06-17 00:00:00 UTC,-452,-593,440203000,3.0170833333333347
2018-06-17 00:00:00 UTC,-452,-600,440203000,0.08277777777777777
2018-06-17 00:00:00 UTC,-452,-597,440203000,0.47277777777777785
2018-06-17 00:00:00 UTC,-452,-599,440203000,1.8345833333333332
2018-06-17 00:00:00 UTC,-452,-598,440203000,1.9991666666666668
2018-06-17 00:00:00 UTC,-452,-596,440203000,2.5747222222222215
2018-06-17 00:00:00 UTC,-452,-634,701000958,1.6109722222222222
2018-06-17 00:00:00 UTC,-196,1713,413322760,1.1798611111111112
2018-06-17 00:00:00 UTC,-196,496,647791115,0.553611111111111
2018-06-17 00:00:00 UTC,-196,496,647791117,0.50944444444444448
2018-06-17 00:00:00 UTC,-196,497,647791117,1.2226388888888891
2018-06-17 00:00:00 UTC,-196,359,650000153,8.4594444444444434
2018-06-17 00:00:00 UTC,-196,370,440328000,1.6749999999999998
2018-06-17 00:00:00 UTC,-196,1722,412331104,0.22861111111111113
2018-06-17 00:00:00 UTC,-196,1721,412331104,1.3165277777777775
2018-06-17 00:00:00 UTC,-196,1756,520315000,0.50069444444444444
2018-06-17 00:00:00 UTC,-196,1755,520315000,0.75958333333333339
2018-06-17 00:00:00 UTC,-196,1795,520314000,3.842916666666667
2018-06-17 00:00:00 UTC,-196,1769,520312000,0.69527777777777777
2018-06-17 00:00:00 UTC,-196,1767,520312000,1.064861111111111
2018-06-17 00:00:00 UTC,-196,118,659063000,7.9252777777777732
2018-06-17 00:00:00 UTC,61,1465,412460289,2.7623611111111108
2018-06-17 00:00:00 UTC,61,648,664000022,2.200277777777778
2018-06-17 00:00:00 UTC,61,44,888265000,4.058472222222222
2018-06-17 00:00:00 UTC,61,45,888265000,2.1241666666666665
2018-06-17 00:00:00 UTC,61,-1748,441201562,2.259722222222222
2018-06-17 00:00:00 UTC,61,-1749,441201562,2.1030555555555557
2018-06-17 00:00:00 UTC,61,616,412326858,0.86708333333333343
2018-06-17 00:00:00 UTC,61,-1753,412205520,1.2327777777777778
2018-06-17 00:00:00 UTC,61,-1755,412205520,0.6627777777777778
2018-06-17 00:00:00 UTC,61,1685,538060011,0.15944444444444444
2018-06-17 00:00:00 UTC,317,345,428150559,4.399861111111111
2018-06-17 00:00:00 UTC,317,-797,367511850,0.73333333333333328
2018-06-17 00:00:00 UTC,317,346,428150081,0.15833333333333333
2018-06-17 00:00:00 UTC,317,344,428150081,4.5256944444444445
2018-06-17 00:00:00 UTC,317,345,428150081,12.233611111111109
2018-06-17 00:00:00 UTC,317,346,428000120,0.25375000000000003
2018-06-17 00:00:00 UTC,317,345,428000120,15.864027777777777
2018-06-17 00:00:00 UTC,317,1260,440115840,4.1363888888888889
2018-06-17 00:00:00 UTC,317,1263,440115840,2.2506944444444446
2018-06-17 00:00:00 UTC,317,1261,440115840,2.6911111111111108
2018-06-17 00:00:00 UTC,317,1262,440115840,2.6744444444444446
2018-06-17 00:00:00 UTC,317,1261,440303010,3.0737500000000004
2018-06-17 00:00:00 UTC,317,345,428150719,19.322638888888886
2018-06-17 00:00:00 UTC,317,346,428150006,0.25347222222222221
2018-06-17 00:00:00 UTC,317,345,428150006,3.4161111111111109
2018-06-17 00:00:00 UTC,573,107,219904000,3.8893055555555551
2018-06-17 00:00:00 UTC,573,108,219904000,1.7081944444444446
2018-06-17 00:00:00 UTC,573,90,211648000,0.3009722222222222
2018-06-17 00:00:00 UTC,573,89,211648000,0.0475
2018-06-17 00:00:00 UTC,573,107,220256000,2.9694444444444441
2018-06-17 00:00:00 UTC,573,1495,273436430,0.66083333333333338
2018-06-17 00:00:00 UTC,573,1494,273436430,5.5001388888888876
2018-06-17 00:00:00 UTC,573,1493,273436430,2.7325000000000013
2018-06-17 00:00:00 UTC,573,75,265770000,1.83
2018-06-17 00:00:00 UTC,573,72,265770000,0.40833333333333333
2018-06-17 00:00:00 UTC,573,73,265770000,2.6873611111111106
2018-06-17 00:00:00 UTC,573,74,265770000,2.4954166666666664
2018-06-17 00:00:00 UTC,573,107,220127000,2.592222222222222
2018-06-17 00:00:00 UTC,573,212,275016000,4.8544444444444448
2018-06-17 00:00:00 UTC,573,77,218162000,2.7263888888888888
2018-06-17 00:00:00 UTC,573,83,218162000,2.3301388888888885
2018-06-17 00:00:00 UTC,573,84,218162000,1.086527777777778
2018-06-17 00:00:00 UTC,573,85,218162000,1.3275000000000001
2018-06-17 00:00:00 UTC,573,82,218162000,3.9561111111111109
2018-06-17 00:00:00 UTC,573,81,218162000,4.6034722222222229
2018-06-17 00:00:00 UTC,573,86,218162000,0.38986111111111116
2018-06-17 00:00:00 UTC,573,-60,235033694,2.0415277777777776
2018-06-17 00:00:00 UTC,573,-59,235033694,1.2294444444444443
2018-06-17 00:00:00 UTC,573,107,219005866,1.5804166666666668
2018-06-17 00:00:00 UTC,573,107,220334000,4.0418055555555554
2018-06-17 00:00:00 UTC,573,-1613,367578320,0.65708333333333335
2018-06-17 00:00:00 UTC,573,-1614,367578320,11.100833333333338
2018-06-17 00:00:00 UTC,573,85,219023588,0.44222222222222224
2018-06-17 00:00:00 UTC,573,107,219011325,1.9483333333333333
2018-06-17 00:00:00 UTC,-451,-634,701056000,7.7877777777777784
2018-06-17 00:00:00 UTC,-451,-633,701056000,2.1094444444444442
2018-06-17 00:00:00 UTC,-451,-635,701056000,4.296111111111113
2018-06-17 00:00:00 UTC,-451,-634,701006080,1.8786111111111112
2018-06-17 00:00:00 UTC,-451,-635,701006080,1.8548611111111111
2018-06-17 00:00:00 UTC,-451,-632,701006341,0.72125000000000006
2018-06-17 00:00:00 UTC,-451,-635,701006341,2.4499999999999997
2018-06-17 00:00:00 UTC,-451,-634,701006341,5.0969444444444436
2018-06-17 00:00:00 UTC,-451,-633,701006341,1.2105555555555552
2018-06-17 00:00:00 UTC,-451,-634,701000714,3.8411111111111111
2018-06-17 00:00:00 UTC,-451,-635,701000714,0.32180555555555557
2018-06-17 00:00:00 UTC,-451,-633,701000714,0.067361111111111122
2018-06-17 00:00:00 UTC,-451,-618,701000717,0.472361111111111
2018-06-17 00:00:00 UTC,-451,-617,701000717,0.45374999999999993
2018-06-17 00:00:00 UTC,-451,-634,701000731,5.0825000000000014
2018-06-17 00:00:00 UTC,-451,-635,701000731,2.4476388888888887
2018-06-17 00:00:00 UTC,-451,-634,701000745,2.6844444444444453
2018-06-17 00:00:00 UTC,-451,-633,701000745,0.50291666666666668
2018-06-17 00:00:00 UTC,-451,-635,701000745,8.19138888888889
2018-06-17 00:00:00 UTC,-451,-636,701000745,1.0405555555555555
2018-06-17 00:00:00 UTC,-451,-635,701000749,4.2277777777777779
2018-06-17 00:00:00 UTC,-451,-634,701000749,8.4993055555555586
2018-06-17 00:00:00 UTC,-451,-634,701000753,5.4791666666666687
2018-06-17 00:00:00 UTC,-451,-633,701000753,3.4954166666666664
2018-06-17 00:00:00 UTC,-451,-632,701000753,2.2455555555555549
2018-06-17 00:00:00 UTC,-451,-635,701000753,0.20152777777777778
2018-06-17 00:00:00 UTC,-451,-634,701006390,5.4759722222222234
2018-06-17 00:00:00 UTC,-451,-632,701006390,1.1508333333333334
2018-06-17 00:00:00 UTC,-451,-635,701006390,4.3011111111111111
2018-06-17 00:00:00 UTC,-451,-633,701006390,5.5223611111111106
2018-06-17 00:00:00 UTC,-451,-632,701000759,2.2737500000000006
2018-06-17 00:00:00 UTC,-451,-633,701000759,1.0197222222222222
2018-06-17 00:00:00 UTC,-451,-634,701000759,10.665694444444446
2018-06-17 00:00:00 UTC,-451,-635,701000759,4.7018055555555547
2018-06-17 00:00:00 UTC,-451,-634,701000764,2.546666666666666
2018-06-17 00:00:00 UTC,-451,-635,701000764,3.4204166666666671
2018-06-17 00:00:00 UTC,-451,-633,701000764,0.11847222222222221
2018-06-17 00:00:00 UTC,-451,-632,701000764,0.8076388888888888
2018-06-17 00:00:00 UTC,-451,-635,701006409,4.9019444444444469
2018-06-17 00:00:00 UTC,-451,-634,701006409,5.2406944444444461
2018-06-17 00:00:00 UTC,-451,-636,701006409,0.18013888888888888
2018-06-17 00:00:00 UTC,-451,-636,701000785,0.11666666666666667
2018-06-17 00:00:00 UTC,-451,-633,701000785,1.0673611111111112
2018-06-17 00:00:00 UTC,-451,-635,701000785,8.5787499999999977
2018-06-17 00:00:00 UTC,-451,-634,701000785,2.5188888888888887
2018-06-17 00:00:00 UTC,-451,-633,701000800,7.1684722222222215
2018-06-17 00:00:00 UTC,-451,-634,701000800,1.1558333333333333
2018-06-17 00:00:00 UTC,-451,-632,701000800,3.6952777777777785
2018-06-17 00:00:00 UTC,-451,-633,701000801,0.37402777777777774
2018-06-17 00:00:00 UTC,-451,-634,701000801,6.2455555555555566
2018-06-17 00:00:00 UTC,-451,-635,701000801,3.0577777777777784
2018-06-17 00:00:00 UTC,-451,-633,701006698,2.7766666666666655
2018-06-17 00:00:00 UTC,-451,-632,701006698,0.60958333333333337
2018-06-17 00:00:00 UTC,-451,-634,701006698,5.1559722222222195
2018-06-17 00:00:00 UTC,-451,-635,701006698,1.5823611111111113
2018-06-17 00:00:00 UTC,-451,-631,701006698,0.73069444444444465
2018-06-17 00:00:00 UTC,-451,-632,701000558,1.2572222222222218
2018-06-17 00:00:00 UTC,-451,-633,701000558,0.39749999999999996
2018-06-17 00:00:00 UTC,-451,-633,701030000,5.9695833333333361
2018-06-17 00:00:00 UTC,-451,-632,701030000,5.9933333333333323
2018-06-17 00:00:00 UTC,-451,-634,701030000,3.315138888888888
2018-06-17 00:00:00 UTC,-451,-635,701030000,3.7815277777777783
2018-06-17 00:00:00 UTC,-451,-634,701006197,1.6040277777777776
2018-06-17 00:00:00 UTC,-451,-636,701006197,5.9520833333333334
2018-06-17 00:00:00 UTC,-451,-635,701006197,5.6469444444444443
2018-06-17 00:00:00 UTC,-451,-635,701019000,5.4490277777777782
2018-06-17 00:00:00 UTC,-451,-633,701019000,0.21805555555555556
2018-06-17 00:00:00 UTC,-451,-634,701019000,4.0231944444444441
2018-06-17 00:00:00 UTC,-451,-635,701000571,2.7622222222222224
2018-06-17 00:00:00 UTC,-451,-634,701000571,5.521527777777778
2018-06-17 00:00:00 UTC,-451,-635,701000827,1.6741666666666666
2018-06-17 00:00:00 UTC,-451,-636,701000827,1.15375
2018-06-17 00:00:00 UTC,-451,-634,701000827,7.776527777777777
2018-06-17 00:00:00 UTC,-451,-635,701000835,3.8348611111111111
2018-06-17 00:00:00 UTC,-451,-634,701000835,4.963333333333332
2018-06-17 00:00:00 UTC,-451,-633,701000835,0.66749999999999987
2018-06-17 00:00:00 UTC,-451,-634,701006468,3.162638888888889
2018-06-17 00:00:00 UTC,-451,-635,701006468,2.0181944444444442
2018-06-17 00:00:00 UTC,-451,-632,701000837,0.63791666666666669
2018-06-17 00:00:00 UTC,-451,-636,701000837,0.78708333333333347
2018-06-17 00:00:00 UTC,-451,-635,701000837,4.4531944444444447
2018-06-17 00:00:00 UTC,-451,-634,701000837,4.0206944444444446
2018-06-17 00:00:00 UTC,-451,-633,701000837,1.2341666666666666
2018-06-17 00:00:00 UTC,-451,-634,701006727,2.5733333333333324
2018-06-17 00:00:00 UTC,-451,-635,701006727,2.2241666666666662
2018-06-17 00:00:00 UTC,-451,-633,701006727,0.97583333333333333
2018-06-17 00:00:00 UTC,-451,-634,701000856,5.0476388888888888
2018-06-17 00:00:00 UTC,-451,-633,701000856,0.7599999999999999
2018-06-17 00:00:00 UTC,-451,-635,701000856,1.8113888888888883
2018-06-17 00:00:00 UTC,-451,-632,701000856,0.53430555555555559
2018-06-17 00:00:00 UTC,-451,-634,701007011,2.4283333333333328
2018-06-17 00:00:00 UTC,-451,-635,701007011,2.6579166666666665
2018-06-17 00:00:00 UTC,-451,-633,701000869,2.41375
2018-06-17 00:00:00 UTC,-451,-631,701000869,0.6316666666666666
2018-06-17 00:00:00 UTC,-451,-635,701000869,7.1583333333333323
2018-06-17 00:00:00 UTC,-451,-637,701000869,0.11013888888888888
2018-06-17 00:00:00 UTC,-451,-632,701000869,1.7393055555555552
2018-06-17 00:00:00 UTC,-451,-634,701000869,5.9372222222222213
2018-06-17 00:00:00 UTC,-451,-635,701006757,2.6909722222222223
2018-06-17 00:00:00 UTC,-451,-634,701006757,5.3100000000000014
2018-06-17 00:00:00 UTC,-451,-634,701006502,6.6591666666666667
2018-06-17 00:00:00 UTC,-451,-635,701006502,5.48236111111111
2018-06-17 00:00:00 UTC,-451,-635,701000617,4.0245833333333332
2018-06-17 00:00:00 UTC,-451,-634,701000617,2.6684722222222228
2018-06-17 00:00:00 UTC,-451,-634,701007020,7.6013888888888879
2018-06-17 00:00:00 UTC,-451,-636,701007020,0.40388888888888891
2018-06-17 00:00:00 UTC,-451,-635,701007020,4.5230555555555565
2018-06-17 00:00:00 UTC,-451,-634,701070000,5.3395833333333327
2018-06-17 00:00:00 UTC,-451,-635,701070000,5.1430555555555557
2018-06-17 00:00:00 UTC,-451,-632,701070000,1.5763888888888888
2018-06-17 00:00:00 UTC,-451,-627,701000626,0.72333333333333338
2018-06-17 00:00:00 UTC,-451,-636,701000882,0.50736111111111115
2018-06-17 00:00:00 UTC,-451,-632,701000882,1.8697222222222221
2018-06-17 00:00:00 UTC,-451,-635,701000882,6.0555555555555562
2018-06-17 00:00:00 UTC,-451,-633,701000882,2.8284722222222225
2018-06-17 00:00:00 UTC,-451,-634,701000882,5.782777777777774
2018-06-17 00:00:00 UTC,-451,-634,701007029,2.9369444444444444
2018-06-17 00:00:00 UTC,-451,-635,701007029,6.0136111111111115
2018-06-17 00:00:00 UTC,-451,-634,701006007,6.1511111111111143
2018-06-17 00:00:00 UTC,-451,-635,701006007,3.4644444444444447
2018-06-17 00:00:00 UTC,-451,-633,701006007,1.0593055555555557
2018-06-17 00:00:00 UTC,-451,-632,701006007,0.81875
2018-06-17 00:00:00 UTC,-451,-635,701007036,3.6865277777777785
2018-06-17 00:00:00 UTC,-451,-634,701007036,1.8369444444444438
2018-06-17 00:00:00 UTC,-451,-632,701007039,1.6018055555555557
2018-06-17 00:00:00 UTC,-451,-633,701007039,2.7652777777777775
2018-06-17 00:00:00 UTC,-451,-631,701007039,1.4666666666666663
2018-06-17 00:00:00 UTC,-451,-635,701000902,2.9850000000000003
2018-06-17 00:00:00 UTC,-451,-634,701000902,3.3872222222222224
2018-06-17 00:00:00 UTC,-451,-633,701000909,2.850972222222222
2018-06-17 00:00:00 UTC,-451,-635,701000909,2.8993055555555554
2018-06-17 00:00:00 UTC,-451,-634,701000909,4.6002777777777784
2018-06-17 00:00:00 UTC,-451,-628,701006034,0.31263888888888891
2018-06-17 00:00:00 UTC,-451,-633,701006035,1.6368055555555554
2018-06-17 00:00:00 UTC,-451,-635,701006035,2.6984722222222222
2018-06-17 00:00:00 UTC,-451,-634,701006035,4.2426388888888891
2018-06-17 00:00:00 UTC,-451,-632,701006035,0.24138888888888888
2018-06-17 00:00:00 UTC,-451,-629,701000919,1.2641666666666667
2018-06-17 00:00:00 UTC,-451,-628,701000919,0.56888888888888878
2018-06-17 00:00:00 UTC,-451,-635,701000665,5.2725
2018-06-17 00:00:00 UTC,-451,-634,701000665,5.0462500000000006
2018-06-17 00:00:00 UTC,-451,-633,701000665,0.30305555555555558
2018-06-17 00:00:00 UTC,-451,-635,701000925,8.3790277777777789
2018-06-17 00:00:00 UTC,-451,-634,701000925,2.5590277777777777
2018-06-17 00:00:00 UTC,-451,-635,701000938,7.8981944444444476
2018-06-17 00:00:00 UTC,-451,-633,701000938,0.33847222222222223
2018-06-17 00:00:00 UTC,-451,-634,701000938,6.917361111111112
2018-06-17 00:00:00 UTC,-451,-635,701006059,7.3381944444444427
2018-06-17 00:00:00 UTC,-451,-636,701006059,0.89611111111111108
2018-06-17 00:00:00 UTC,-451,-634,701006059,2.3241666666666663
2018-06-17 00:00:00 UTC,-451,-635,701000941,2.2693055555555559
2018-06-17 00:00:00 UTC,-451,-634,701000941,2.9986111111111109
2018-06-17 00:00:00 UTC,-451,-633,701000941,3.0490277777777779
2018-06-17 00:00:00 UTC,-451,-632,701000941,1.7920833333333333
2018-06-17 00:00:00 UTC,-451,-629,701006062,0.45513888888888887
2018-06-17 00:00:00 UTC,-451,-634,701006062,7.6331944444444444
2018-06-17 00:00:00 UTC,-451,-630,701006062,0.59180555555555547
2018-06-17 00:00:00 UTC,-451,-635,701006062,3.9345833333333329
2018-06-17 00:00:00 UTC,-451,-632,701000687,0.3240277777777778
2018-06-17 00:00:00 UTC,-451,-635,701006068,7.666666666666667
2018-06-17 00:00:00 UTC,-451,-634,701006068,2.2584722222222222
2018-06-17 00:00:00 UTC,-451,-592,440203000,0.48111111111111116
2018-06-17 00:00:00 UTC,-451,-593,440203000,0.41986111111111113
2018-06-17 00:00:00 UTC,-451,-636,701000698,1.62125
2018-06-17 00:00:00 UTC,-451,-634,701000698,1.2349999999999999
2018-06-17 00:00:00 UTC,-451,-635,701000698,9.36333333333334
2018-06-17 00:00:00 UTC,-451,-633,701000958,1.9874999999999994
2018-06-17 00:00:00 UTC,-451,-634,701000958,6.8194444444444438
2018-06-17 00:00:00 UTC,-195,1482,503066880,0.89541666666666664
2018-06-17 00:00:00 UTC,-195,496,647791115,1.1773611111111113
2018-06-17 00:00:00 UTC,-195,498,647791117,3.60625
2018-06-17 00:00:00 UTC,-195,497,647791117,0.73819444444444438
2018-06-17 00:00:00 UTC,-195,370,440328000,4.3730555555555553
2018-06-17 00:00:00 UTC,-195,1722,412331104,0.33277777777777778
2018-06-17 00:00:00 UTC,-195,1714,412679040,0.15138888888888891
2018-06-17 00:00:00 UTC,-195,1715,412679040,1.0134722222222221
2018-06-17 00:00:00 UTC,-195,1795,520314000,2.8384722222222223
2018-06-17 00:00:00 UTC,-195,1768,520312000,1.1919444444444445
2018-06-17 00:00:00 UTC,-195,1767,520312000,1.6491666666666664
2018-06-17 00:00:00 UTC,-195,118,659063000,3.5312499999999996
2018-06-17 00:00:00 UTC,62,-553,367749670,17.678333333333335
2018-06-17 00:00:00 UTC,62,-554,367749670,6.31625
2018-06-17 00:00:00 UTC,62,29,657133700,15.674305555555556
2018-06-17 00:00:00 UTC,62,30,657133700,2.5193055555555555
2018-06-17 00:00:00 UTC,62,35,657150100,4.1651388888888885
2018-06-17 00:00:00 UTC,62,-1748,441201562,1.23375
2018-06-17 00:00:00 UTC,62,-1749,441201562,1.4463888888888887
2018-06-17 00:00:00 UTC,62,-523,347003300,6.7875000000000032
2018-06-17 00:00:00 UTC,62,-522,347003300,0.15875
2018-06-17 00:00:00 UTC,62,599,412326855,1.8448611111111108
2018-06-17 00:00:00 UTC,62,616,412326858,4.6026388888888894
2018-06-17 00:00:00 UTC,62,615,412326858,1.1769444444444446
2018-06-17 00:00:00 UTC,62,617,412326858,2.0472222222222221
2018-06-17 00:00:00 UTC,62,-1751,412205520,2.4222222222222221
2018-06-17 00:00:00 UTC,62,35,852445400,4.7719444444444443
2018-06-17 00:00:00 UTC,62,42,852445400,0.77916666666666667
2018-06-17 00:00:00 UTC,62,-110,412111323,2.4604166666666671
2018-06-17 00:00:00 UTC,62,-111,412111323,0.475
2018-06-17 00:00:00 UTC,62,1687,538060011,0.45583333333333331
2018-06-17 00:00:00 UTC,62,1688,538060011,0.92736111111111119
2018-06-17 00:00:00 UTC,318,1260,440100880,1.0731944444444446
2018-06-17 00:00:00 UTC,318,1261,440100880,0.71180555555555558
2018-06-17 00:00:00 UTC,318,1263,440100880,1.0430555555555556
2018-06-17 00:00:00 UTC,318,346,428150559,4.7084722222222215
2018-06-17 00:00:00 UTC,318,345,428150559,2.5261111111111112
2018-06-17 00:00:00 UTC,318,345,428150081,2.4934722222222221
2018-06-17 00:00:00 UTC,318,346,428150081,0.85749999999999993
2018-06-17 00:00:00 UTC,318,1270,440705390,0.80444444444444441
2018-06-17 00:00:00 UTC,318,1271,440705390,0.73888888888888893
2018-06-17 00:00:00 UTC,318,345,428000120,3.6516666666666673
2018-06-17 00:00:00 UTC,318,346,428000120,0.80652777777777773
2018-06-17 00:00:00 UTC,318,1270,440707710,0.25138888888888888
2018-06-17 00:00:00 UTC,318,1271,440707710,1.2677777777777777
2018-06-17 00:00:00 UTC,318,1272,440707710,0.75861111111111112
2018-06-17 00:00:00 UTC,318,1219,412303518,4.8115277777777772
2018-06-17 00:00:00 UTC,318,1208,413826974,0.35000000000000003
2018-06-17 00:00:00 UTC,318,1270,440316830,0.93194444444444446
2018-06-17 00:00:00 UTC,318,1263,440303010,8.381388888888889
2018-06-17 00:00:00 UTC,318,1261,440303010,3.1768055555555561
2018-06-17 00:00:00 UTC,318,1260,440303010,3.5013888888888887
2018-06-17 00:00:00 UTC,318,1262,440303010,5.11125
2018-06-17 00:00:00 UTC,318,346,428150186,1.7655555555555558
2018-06-17 00:00:00 UTC,318,1272,440413610,0.25402777777777774
2018-06-17 00:00:00 UTC,318,1271,440413610,1.0105555555555554
2018-06-17 00:00:00 UTC,318,345,428150719,1.5227777777777778
2018-06-17 00:00:00 UTC,318,346,428150719,2.34125
2018-06-17 00:00:00 UTC,318,1271,440708560,1.0295833333333335
2018-06-17 00:00:00 UTC,318,345,428150006,3.2544444444444443
2018-06-17 00:00:00 UTC,318,346,428150006,3.3773611111111106
2018-06-17 00:00:00 UTC,574,107,219904000,1.1111111111111112
2018-06-17 00:00:00 UTC,574,106,219904000,2.3137499999999998
2018-06-17 00:00:00 UTC,574,107,220256000,1.5011111111111111
2018-06-17 00:00:00 UTC,574,106,219003138,0.33319444444444446
2018-06-17 00:00:00 UTC,574,72,265770000,1.9781944444444444
2018-06-17 00:00:00 UTC,574,74,265770000,2.4016666666666664
2018-06-17 00:00:00 UTC,574,71,265770000,2.2502777777777774
2018-06-17 00:00:00 UTC,574,69,265770000,1.9940277777777777
2018-06-17 00:00:00 UTC,574,73,265770000,2.2047222222222222
2018-06-17 00:00:00 UTC,574,70,265770000,2.0501388888888892
2018-06-17 00:00:00 UTC,574,68,265770000,1.1030555555555555
2018-06-17 00:00:00 UTC,574,75,265770000,2.6174999999999997
2018-06-17 00:00:00 UTC,574,107,220127000,1.79
2018-06-17 00:00:00 UTC,574,106,220137000,2.770833333333333
2018-06-17 00:00:00 UTC,574,70,265769000,3.3680555555555558
2018-06-17 00:00:00 UTC,574,-1549,338643000,1.2801388888888892
2018-06-17 00:00:00 UTC,574,212,275016000,2.8104166666666668
2018-06-17 00:00:00 UTC,574,213,275016000,2.2973611111111114
2018-06-17 00:00:00 UTC,574,85,218162000,1.1145833333333333
2018-06-17 00:00:00 UTC,574,86,218162000,0.47833333333333328
2018-06-17 00:00:00 UTC,574,-16,235030641,1.6940277777777777
2018-06-17 00:00:00 UTC,574,-17,235030641,18.544027777777771
2018-06-17 00:00:00 UTC,574,84,219439000,1.8944444444444444
2018-06-17 00:00:00 UTC,574,82,219439000,0.57444444444444442
2018-06-17 00:00:00 UTC,574,85,219439000,0.45847222222222217
2018-06-17 00:00:00 UTC,574,83,219439000,0.75083333333333335
2018-06-17 00:00:00 UTC,574,107,219005866,1.2422222222222221
2018-06-17 00:00:00 UTC,574,79,219022000,0.91055555555555545
2018-06-17 00:00:00 UTC,574,74,219022000,1.1097222222222223
2018-06-17 00:00:00 UTC,574,77,219022000,2.7784722222222222
2018-06-17 00:00:00 UTC,574,71,219022000,0.26944444444444449
2018-06-17 00:00:00 UTC,574,72,219022000,0.54569444444444448
2018-06-17 00:00:00 UTC,574,76,219022000,0.84333333333333338
2018-06-17 00:00:00 UTC,574,75,219022000,1.0918055555555557
2018-06-17 00:00:00 UTC,574,78,219022000,3.0106944444444439
2018-06-17 00:00:00 UTC,574,73,219022000,0.80972222222222234
2018-06-17 00:00:00 UTC,574,106,220334000,0.63291666666666668
2018-06-17 00:00:00 UTC,574,107,220334000,1.7183333333333333
2018-06-17 00:00:00 UTC,574,106,220142000,2.1345833333333331
2018-06-17 00:00:00 UTC,574,107,220142000,1.0615277777777778
2018-06-17 00:00:00 UTC,574,107,219001522,1.3829166666666666
2018-06-17 00:00:00 UTC,574,-18,235090365,0.054027777777777772
2018-06-17 00:00:00 UTC,574,-1614,367578320,0.73319444444444448
2018-06-17 00:00:00 UTC,574,-1613,367578320,6.5281944444444422
2018-06-17 00:00:00 UTC,574,86,219023588,2.8691666666666666
2018-06-17 00:00:00 UTC,574,84,219023588,0.90555555555555556
2018-06-17 00:00:00 UTC,574,85,219023588,1.0734722222222219
2018-06-17 00:00:00 UTC,574,87,219023588,5.6947222222222225
2018-06-17 00:00:00 UTC,574,88,219023588,1.9990277777777776
2018-06-17 00:00:00 UTC,574,107,220278000,2.08125
2018-06-17 00:00:00 UTC,574,86,220043000,2.497638888888889
2018-06-17 00:00:00 UTC,574,85,220043000,1.9354166666666666
2018-06-17 00:00:00 UTC,574,87,220043000,2.9969444444444449
2018-06-17 00:00:00 UTC,574,106,219011325,0.62402777777777785
2018-06-17 00:00:00 UTC,574,107,219011325,0.89083333333333337
2018-06-17 00:00:00 UTC,574,107,219013885,1.725972222222222
2018-06-17 00:00:00 UTC,-450,1717,512002262,1.5530555555555556
2018-06-17 00:00:00 UTC,-450,-633,701000958,0.65722222222222226
2018-06-17 00:00:00 UTC,-194,1481,503066880,3.8466666666666667
2018-06-17 00:00:00 UTC,-194,1483,503066880,6.8447222222222219
2018-06-17 00:00:00 UTC,-194,1482,503066880,11.987777777777776
2018-06-17 00:00:00 UTC,-194,496,647791115,3.0536111111111111
2018-06-17 00:00:00 UTC,-194,371,440328000,0.64333333333333331
2018-06-17 00:00:00 UTC,-194,370,440328000,1.3220833333333331
2018-06-17 00:00:00 UTC,-194,1716,412331104,0.37944444444444447
2018-06-17 00:00:00 UTC,-194,1714,412679040,0.85833333333333328
2018-06-17 00:00:00 UTC,-194,1715,412679040,1.161111111111111
2018-06-17 00:00:00 UTC,-194,1768,520312000,0.778611111111111
2018-06-17 00:00:00 UTC,-194,1766,520312000,0.12569444444444444
2018-06-17 00:00:00 UTC,-194,1767,520312000,1.6052777777777776
2018-06-17 00:00:00 UTC,63,29,657133700,1.3744444444444444
2018-06-17 00:00:00 UTC,63,33,657150100,5.1052777777777782
2018-06-17 00:00:00 UTC,63,36,657150100,0.76638888888888879
2018-06-17 00:00:00 UTC,63,35,657150100,2.2015277777777778
2018-06-17 00:00:00 UTC,63,-1749,441201562,0.78527777777777774
2018-06-17 00:00:00 UTC,63,-523,347003300,10.291388888888891
2018-06-17 00:00:00 UTC,63,599,412326855,0.62611111111111117
2018-06-17 00:00:00 UTC,63,33,878201800,13.506944444444443
2018-06-17 00:00:00 UTC,63,32,878201800,10.569166666666666
2018-06-17 00:00:00 UTC,63,615,412326858,2.1506944444444445
2018-06-17 00:00:00 UTC,63,614,412326858,0.46416666666666667
2018-06-17 00:00:00 UTC,63,608,412326861,3.6397222222222223
2018-06-17 00:00:00 UTC,63,-1750,412205520,5.246666666666667
2018-06-17 00:00:00 UTC,63,36,852445400,3.9856944444444444
2018-06-17 00:00:00 UTC,63,35,852445400,1.8783333333333336
2018-06-17 00:00:00 UTC,63,33,852445400,5.3534722222222229
2018-06-17 00:00:00 UTC,63,-112,412111323,2.8183333333333334
2018-06-17 00:00:00 UTC,63,-110,412111323,4.6616666666666671
2018-06-17 00:00:00 UTC,63,-111,412111323,1.2690277777777776
2018-06-17 00:00:00 UTC,319,1266,440100880,0.62402777777777785
2018-06-17 00:00:00 UTC,319,1259,440100880,6.6247222222222213
2018-06-17 00:00:00 UTC,319,1257,440100880,0.53194444444444444
2018-06-17 00:00:00 UTC,319,1263,440100880,1.1583333333333332
2018-06-17 00:00:00 UTC,319,1258,440100880,1.0280555555555555
2018-06-17 00:00:00 UTC,319,1265,440100880,0.56861111111111118
2018-06-17 00:00:00 UTC,319,1260,440100880,1.2627777777777778
2018-06-17 00:00:00 UTC,319,1264,440100880,1.0351388888888888
2018-06-17 00:00:00 UTC,319,1261,440100880,3.3802777777777777
2018-06-17 00:00:00 UTC,319,1202,413999407,1.73875
2018-06-17 00:00:00 UTC,319,1201,413999407,0.61986111111111108
2018-06-17 00:00:00 UTC,319,1272,440707710,0.50541666666666663
2018-06-17 00:00:00 UTC,319,1271,440707710,0.54041666666666666
2018-06-17 00:00:00 UTC,319,1219,412303518,4.48125
2018-06-17 00:00:00 UTC,319,1218,412303518,3.4458333333333333
2018-06-17 00:00:00 UTC,319,346,428150186,2.8526388888888889
2018-06-17 00:00:00 UTC,575,113,219004161,0.57152777777777775
2018-06-17 00:00:00 UTC,575,-18,235102739,1.1572222222222222
2018-06-17 00:00:00 UTC,575,113,220351000,0.76624999999999988
2018-06-17 00:00:00 UTC,575,114,220351000,0.99069444444444443
2018-06-17 00:00:00 UTC,575,1504,273453080,0.44236111111111109
2018-06-17 00:00:00 UTC,575,1493,273453080,1.7500000000000002
2018-06-17 00:00:00 UTC,575,1503,273453080,0.54375
2018-06-17 00:00:00 UTC,575,1492,273453080,0.83819444444444446
2018-06-17 00:00:00 UTC,575,80,219796000,4.0534722222222221
2018-06-17 00:00:00 UTC,575,81,219796000,3.4537500000000003
2018-06-17 00:00:00 UTC,575,82,219796000,3.2122222222222221
2018-06-17 00:00:00 UTC,575,78,219796000,1.2862500000000001
2018-06-17 00:00:00 UTC,575,79,219796000,4.0243055555555554
2018-06-17 00:00:00 UTC,575,107,220137000,0.52597222222222229
2018-06-17 00:00:00 UTC,575,106,220137000,3.8097222222222222
2018-06-17 00:00:00 UTC,575,-1547,338643000,0.68263888888888891
2018-06-17 00:00:00 UTC,575,-1549,338643000,7.7779166666666688
2018-06-17 00:00:00 UTC,575,-1548,338643000,12.490416666666674
2018-06-17 00:00:00 UTC,575,228,275272000,0.74180555555555561
2018-06-17 00:00:00 UTC,575,227,275272000,0.96944444444444444
2018-06-17 00:00:00 UTC,575,212,275016000,4.21125
2018-06-17 00:00:00 UTC,575,85,218162000,0.81847222222222227
2018-06-17 00:00:00 UTC,575,86,218162000,1.2766666666666666
2018-06-17 00:00:00 UTC,575,113,220359000,1.9215277777777775
2018-06-17 00:00:00 UTC,575,114,220359000,0.5125
2018-06-17 00:00:00 UTC,575,1494,273313640,4.58138888888889
2018-06-17 00:00:00 UTC,575,1495,273313640,2.2529166666666667
2018-06-17 00:00:00 UTC,575,-17,235030641,3.2183333333333342
2018-06-17 00:00:00 UTC,575,-16,235030641,0.26402777777777775
2018-06-17 00:00:00 UTC,575,66,211227510,1.1194444444444445
2018-06-17 00:00:00 UTC,575,65,211227510,2.0068055555555553
2018-06-17 00:00:00 UTC,575,115,266458000,3.0172222222222231
2018-06-17 00:00:00 UTC,575,116,266458000,2.5286111111111116
2018-06-17 00:00:00 UTC,575,90,219439000,1.0880555555555556
2018-06-17 00:00:00 UTC,575,87,219439000,1.3477777777777777
2018-06-17 00:00:00 UTC,575,85,219439000,0.78125
2018-06-17 00:00:00 UTC,575,88,219439000,4.5869444444444429
2018-06-17 00:00:00 UTC,575,86,219439000,1.0144444444444445
2018-06-17 00:00:00 UTC,575,89,219439000,3.138611111111111
2018-06-17 00:00:00 UTC,575,228,275268000,1.5193055555555555
2018-06-17 00:00:00 UTC,575,227,275268000,1.2225
2018-06-17 00:00:00 UTC,575,63,219022000,1.1736111111111112
2018-06-17 00:00:00 UTC,575,61,219022000,2.2154166666666666
2018-06-17 00:00:00 UTC,575,106,220142000,5.67638888888889
2018-06-17 00:00:00 UTC,575,107,220142000,0.3495833333333333
2018-06-17 00:00:00 UTC,575,108,219001522,1.6290277777777777
2018-06-17 00:00:00 UTC,575,107,219001522,1.4901388888888889
2018-06-17 00:00:00 UTC,575,-18,235090365,2.8208333333333337
2018-06-17 00:00:00 UTC,575,75,259352000,0.55666666666666664
2018-06-17 00:00:00 UTC,575,76,259352000,2.1823611111111112
2018-06-17 00:00:00 UTC,575,106,219006157,1.9069444444444443
2018-06-17 00:00:00 UTC,575,113,266306000,0.34472222222222221
2018-06-17 00:00:00 UTC,575,111,266306000,0.094444444444444442
2018-06-17 00:00:00 UTC,575,110,266306000,0.14152777777777778
2018-06-17 00:00:00 UTC,575,-1615,367578320,1.8630555555555548
2018-06-17 00:00:00 UTC,575,-8,232003540,2.2638888888888888
2018-06-17 00:00:00 UTC,575,87,219023588,1.0215277777777776
2018-06-17 00:00:00 UTC,575,88,219023588,4.3698611111111116
2018-06-17 00:00:00 UTC,575,89,219023588,3.8144444444444443
2018-06-17 00:00:00 UTC,575,108,220278000,2.4780555555555557
2018-06-17 00:00:00 UTC,575,84,219001588,19.477777777777781
2018-06-17 00:00:00 UTC,575,89,220043000,4.0136111111111106
2018-06-17 00:00:00 UTC,575,88,220043000,3.0256944444444445
2018-06-17 00:00:00 UTC,575,86,220043000,0.51125
2018-06-17 00:00:00 UTC,575,87,220043000,1.5501388888888887
2018-06-17 00:00:00 UTC,575,106,219006971,2.0030555555555556
2018-06-17 00:00:00 UTC,575,107,219013885,1.7786111111111109
2018-06-17 00:00:00 UTC,575,108,219013885,0.80680555555555555
2018-06-17 00:00:00 UTC,-449,-756,725000261,10.58763888888889
2018-06-17 00:00:00 UTC,-449,-755,725000261,0.32041666666666668
2018-06-17 00:00:00 UTC,-449,-658,701000588,1.7361111111111112
2018-06-17 00:00:00 UTC,-449,-657,701000588,2.2908333333333322
2018-06-17 00:00:00 UTC,-449,1718,512002262,1.8877777777777776
2018-06-17 00:00:00 UTC,-449,1717,512002262,0.096944444444444444
2018-06-17 00:00:00 UTC,-449,-633,701000958,0.16263888888888889
2018-06-17 00:00:00 UTC,-193,496,647791115,3.08625
2018-06-17 00:00:00 UTC,-193,1719,412687160,2.5565277777777777
2018-06-17 00:00:00 UTC,-193,371,440328000,1.6952777777777777
2018-06-17 00:00:00 UTC,-193,1714,412679040,0.78013888888888883
2018-06-17 00:00:00 UTC,-193,1716,412679040,0.81611111111111112
2018-06-17 00:00:00 UTC,-193,1767,520312000,0.99444444444444446
2018-06-17 00:00:00 UTC,-193,1766,520312000,2.3097222222222222
2018-06-17 00:00:00 UTC,-193,1474,503041220,3.0202777777777778
2018-06-17 00:00:00 UTC,64,605,412320013,6.7006944444444443
2018-06-17 00:00:00 UTC,64,602,412320013,1.0945833333333332
2018-06-17 00:00:00 UTC,64,601,412320013,2.4659722222222227
2018-06-17 00:00:00 UTC,64,589,664099000,3.4018055555555557
2018-06-17 00:00:00 UTC,64,590,664099000,4.0231944444444441
2018-06-17 00:00:00 UTC,64,591,664099000,1.9634722222222218
2018-06-17 00:00:00 UTC,64,592,664099000,0.9030555555555555
2018-06-17 00:00:00 UTC,64,616,412326854,4.2520833333333332
2018-06-17 00:00:00 UTC,64,599,412326855,0.49152777777777779
2018-06-17 00:00:00 UTC,64,615,412326858,1.6323611111111112
2018-06-17 00:00:00 UTC,64,616,412326858,1.6488888888888888
2018-06-17 00:00:00 UTC,64,614,412326858,5.1872222222222213
2018-06-17 00:00:00 UTC,64,-1752,412205520,1.8872222222222224
2018-06-17 00:00:00 UTC,64,-1750,412205520,1.6756944444444446
2018-06-17 00:00:00 UTC,320,1271,440707710,5.6402777777777784
2018-06-17 00:00:00 UTC,320,1272,440707710,2.1711111111111112
2018-06-17 00:00:00 UTC,320,1218,412303518,1.5743055555555556
2018-06-17 00:00:00 UTC,320,1272,440413610,4.0940277777777769
2018-06-17 00:00:00 UTC,576,113,219004161,5.2519444444444412
2018-06-17 00:00:00 UTC,576,110,219004161,0.12319444444444445
2018-06-17 00:00:00 UTC,576,112,219004161,0.2675
2018-06-17 00:00:00 UTC,576,111,219004161,0.088750000000000009
2018-06-17 00:00:00 UTC,576,-20,235090444,0.54499999999999993
2018-06-17 00:00:00 UTC,576,114,220351000,0.68250000000000011
2018-06-17 00:00:00 UTC,576,112,220351000,1.4279166666666669
2018-06-17 00:00:00 UTC,576,110,220351000,0.56208333333333327
2018-06-17 00:00:00 UTC,576,111,220351000,1.2741666666666667
2018-06-17 00:00:00 UTC,576,113,220351000,4.6694444444444434
2018-06-17 00:00:00 UTC,576,1506,273453080,1.8490277777777779
2018-06-17 00:00:00 UTC,576,1504,273453080,1.2668055555555557
2018-06-17 00:00:00 UTC,576,1492,273453080,1.4640277777777779
2018-06-17 00:00:00 UTC,576,1505,273453080,3.8795833333333336
2018-06-17 00:00:00 UTC,576,1491,273453080,1.8115277777777778
2018-06-17 00:00:00 UTC,576,1490,273453080,1.0261111111111112
2018-06-17 00:00:00 UTC,576,99,219019803,0.15041666666666667
2018-06-17 00:00:00 UTC,576,101,219019803,1.768472222222222
2018-06-17 00:00:00 UTC,576,100,219019803,0.16499999999999998
2018-06-17 00:00:00 UTC,576,102,219019803,4.0836111111111109
2018-06-17 00:00:00 UTC,576,82,219796000,0.89180555555555552
2018-06-17 00:00:00 UTC,576,84,219796000,0.89541666666666675
2018-06-17 00:00:00 UTC,576,83,219796000,3.444583333333334
2018-06-17 00:00:00 UTC,576,99,219020578,1.7541666666666669
2018-06-17 00:00:00 UTC,576,98,219020578,1.7333333333333336
2018-06-17 00:00:00 UTC,576,97,219020578,3.1383333333333341
2018-06-17 00:00:00 UTC,576,96,219020578,1.2665277777777779
2018-06-17 00:00:00 UTC,576,-7,235166000,6.7169444444444437
2018-06-17 00:00:00 UTC,576,-1547,338643000,1.5972222222222217
2018-06-17 00:00:00 UTC,576,95,220051000,12.63666666666667
2018-06-17 00:00:00 UTC,576,96,220051000,2.3655555555555554
2018-06-17 00:00:00 UTC,576,96,219016764,3.793194444444445
2018-06-17 00:00:00 UTC,576,98,219016764,3.4429166666666666
2018-06-17 00:00:00 UTC,576,95,219016764,0.28027777777777774
2018-06-17 00:00:00 UTC,576,97,219016764,3.5184722222222224
2018-06-17 00:00:00 UTC,576,226,275272000,3.0198611111111107
2018-06-17 00:00:00 UTC,576,227,275272000,1.1720833333333334
2018-06-17 00:00:00 UTC,576,110,219000897,0.16291666666666665
2018-06-17 00:00:00 UTC,576,113,219000897,1.5537500000000002
2018-06-17 00:00:00 UTC,576,111,219000897,1.2425
2018-06-17 00:00:00 UTC,576,112,219000897,1.3312499999999998
2018-06-17 00:00:00 UTC,576,-7,235059791,4.7094444444444443
2018-06-17 00:00:00 UTC,576,-8,235059791,3.2851388888888891
2018-06-17 00:00:00 UTC,576,-6,235059791,3.3893055555555556
2018-06-17 00:00:00 UTC,576,80,257005140,1.4441666666666666
2018-06-17 00:00:00 UTC,576,79,257005140,1.8529166666666665
2018-06-17 00:00:00 UTC,576,113,220359000,10.281666666666668
2018-06-17 00:00:00 UTC,576,111,220359000,1.7223611111111115
2018-06-17 00:00:00 UTC,576,112,220359000,1.4263888888888889
2018-06-17 00:00:00 UTC,576,114,220359000,1.6016666666666668
2018-06-17 00:00:00 UTC,576,110,220359000,1.0444444444444445
2018-06-17 00:00:00 UTC,576,95,220295000,1.2804166666666665
2018-06-17 00:00:00 UTC,576,94,220295000,3.0733333333333333
2018-06-17 00:00:00 UTC,576,96,220295000,0.66513888888888884
2018-06-17 00:00:00 UTC,576,-6,235065442,1.5791666666666666
2018-06-17 00:00:00 UTC,576,-5,235065442,0.87652777777777779
2018-06-17 00:00:00 UTC,576,98,219012459,1.71125
2018-06-17 00:00:00 UTC,576,95,219012459,0.275
2018-06-17 00:00:00 UTC,576,97,219012459,4.27888888888889
2018-06-17 00:00:00 UTC,576,96,219012459,3.813333333333333
2018-06-17 00:00:00 UTC,576,-6,35031151,1.8879166666666665
2018-06-17 00:00:00 UTC,576,-5,35031151,1.7098611111111111
2018-06-17 00:00:00 UTC,576,64,211227510,1.8325
2018-06-17 00:00:00 UTC,576,65,211227510,7.61
2018-06-17 00:00:00 UTC,576,109,219024000,1.3338888888888891
2018-06-17 00:00:00 UTC,576,108,219024000,1.1444444444444444
2018-06-17 00:00:00 UTC,576,111,219024000,1.3998611111111112
2018-06-17 00:00:00 UTC,576,110,219024000,1.684444444444444
2018-06-17 00:00:00 UTC,576,-6,234757000,1.7816666666666667
2018-06-17 00:00:00 UTC,576,-5,234757000,1.587361111111111
2018-06-17 00:00:00 UTC,576,90,219439000,1.7638888888888888
2018-06-17 00:00:00 UTC,576,93,219439000,0.85069444444444442
2018-06-17 00:00:00 UTC,576,91,219439000,2.149861111111111
2018-06-17 00:00:00 UTC,576,92,219439000,2.1133333333333333
2018-06-17 00:00:00 UTC,576,90,219343000,0.56847222222222227
2018-06-17 00:00:00 UTC,576,80,257629600,1.1329166666666666
2018-06-17 00:00:00 UTC,576,81,257629600,0.57708333333333339
2018-06-17 00:00:00 UTC,576,226,275268000,1.6555555555555557
2018-06-17 00:00:00 UTC,576,227,275268000,1.1722222222222221
2018-06-17 00:00:00 UTC,576,83,219013538,2.6331944444444448
2018-06-17 00:00:00 UTC,576,85,219013538,6.8916666666666666
2018-06-17 00:00:00 UTC,576,84,219013538,4.7734722222222219
2018-06-17 00:00:00 UTC,576,86,219013538,3.3813888888888886
2018-06-17 00:00:00 UTC,576,94,219012521,3.4818055555555554
2018-06-17 00:00:00 UTC,576,96,219012521,5.4615277777777784
2018-06-17 00:00:00 UTC,576,97,219012521,0.87361111111111112
2018-06-17 00:00:00 UTC,576,95,219012521,1.2643055555555556
2018-06-17 00:00:00 UTC,576,93,219012521,1.1852777777777779
2018-06-17 00:00:00 UTC,576,98,219012521,0.43472222222222218
2018-06-17 00:00:00 UTC,576,-20,232006826,13.042638888888888
2018-06-17 00:00:00 UTC,576,81,257176000,0.28194444444444444
2018-06-17 00:00:00 UTC,576,96,219002823,1.6281944444444443
2018-06-17 00:00:00 UTC,576,98,219002823,2.5748611111111113
2018-06-17 00:00:00 UTC,576,97,219002823,2.7536111111111108
2018-06-17 00:00:00 UTC,576,-20,235082696,11.730416666666667
2018-06-17 00:00:00 UTC,576,-21,235082696,0.13236111111111112
2018-06-17 00:00:00 UTC,576,-1366,367152840,2.7938888888888891
2018-06-17 00:00:00 UTC,576,-1367,367152840,3.3345833333333332
2018-06-17 00:00:00 UTC,576,106,219006157,1.2702777777777776
2018-06-17 00:00:00 UTC,576,110,266306000,1.3790277777777775
2018-06-17 00:00:00 UTC,576,112,266306000,1.4527777777777777
2018-06-17 00:00:00 UTC,576,111,266306000,1.2552777777777779
2018-06-17 00:00:00 UTC,576,-1616,367578320,0.66166666666666674
2018-06-17 00:00:00 UTC,576,-1615,367578320,0.4251388888888889
2018-06-17 00:00:00 UTC,576,-7,233826000,2.0445833333333332
2018-06-17 00:00:00 UTC,576,-6,233826000,1.6773611111111113
2018-06-17 00:00:00 UTC,576,-7,232003540,1.0125
2018-06-17 00:00:00 UTC,576,-8,232003540,4.0022222222222226
2018-06-17 00:00:00 UTC,576,-9,232003540,0.45652777777777775
2018-06-17 00:00:00 UTC,576,-6,232003540,6.9198611111111106
2018-06-17 00:00:00 UTC,576,100,219009244,0.67541666666666667
2018-06-17 00:00:00 UTC,576,98,219009244,2.6758333333333333
2018-06-17 00:00:00 UTC,576,97,219009244,2.5277777777777777
2018-06-17 00:00:00 UTC,576,90,219023588,0.57722222222222219
2018-06-17 00:00:00 UTC,576,89,219023588,0.34486111111111106
2018-06-17 00:00:00 UTC,576,80,257654500,0.97125
2018-06-17 00:00:00 UTC,576,81,257654500,1.0905555555555555
2018-06-17 00:00:00 UTC,576,-7,233345000,1.1765277777777778
2018-06-17 00:00:00 UTC,576,-9,233345000,1.6068055555555554
2018-06-17 00:00:00 UTC,576,-6,233345000,6.2772222222222229
2018-06-17 00:00:00 UTC,576,-8,233345000,5.1825
2018-06-17 00:00:00 UTC,576,-5,233345000,0.43875
2018-06-17 00:00:00 UTC,576,-7,235008490,1.1794444444444443
2018-06-17 00:00:00 UTC,576,-6,235008490,3.4068055555555556
2018-06-17 00:00:00 UTC,576,92,219006443,3.2948611111111115
2018-06-17 00:00:00 UTC,576,89,220043000,0.3025
2018-06-17 00:00:00 UTC,576,106,219006971,2.0790277777777777
2018-06-17 00:00:00 UTC,576,97,219012351,0.34986111111111112
2018-06-17 00:00:00 UTC,-448,-754,725000261,0.59833333333333338
2018-06-17 00:00:00 UTC,-448,-756,725000261,6.65083333333334
2018-06-17 00:00:00 UTC,-448,-755,725000261,5.0445833333333336
2018-06-17 00:00:00 UTC,-448,1717,512002264,0.82916666666666672
2018-06-17 00:00:00 UTC,-448,1716,512002264,0.6958333333333333
2018-06-17 00:00:00 UTC,-192,490,647791110,0.62500000000000011
2018-06-17 00:00:00 UTC,-192,1714,413322770,0.59444444444444444
2018-06-17 00:00:00 UTC,-192,1713,413322770,1.0554166666666667
2018-06-17 00:00:00 UTC,-192,1719,412687160,0.87583333333333324
2018-06-17 00:00:00 UTC,-192,1720,412687160,0.74972222222222218
2018-06-17 00:00:00 UTC,-192,374,440328000,3.1733333333333342
2018-06-17 00:00:00 UTC,-192,371,440328000,0.6694444444444444
2018-06-17 00:00:00 UTC,-192,372,440328000,1.5754166666666662
2018-06-17 00:00:00 UTC,-192,373,440328000,2.5075000000000003
2018-06-17 00:00:00 UTC,-192,1716,412679040,3.110694444444444
2018-06-17 00:00:00 UTC,-192,1715,412679040,0.83125
2018-06-17 00:00:00 UTC,-192,1766,520312000,0.65513888888888894
2018-06-17 00:00:00 UTC,-192,1767,520312000,0.36833333333333329
2018-06-17 00:00:00 UTC,-192,1764,520312000,0.076805555555555571
2018-06-17 00:00:00 UTC,-192,1765,520312000,1.8459722222222221
2018-06-17 00:00:00 UTC,-192,1474,503041220,8.2818055555555556
2018-06-17 00:00:00 UTC,65,600,412320013,3.4981944444444446
2018-06-17 00:00:00 UTC,65,601,412320013,4.3826388888888888
2018-06-17 00:00:00 UTC,65,-1750,441201562,0.21388888888888891
2018-06-17 00:00:00 UTC,65,592,664099000,1.1856944444444444
2018-06-17 00:00:00 UTC,65,594,664099000,0.72236111111111112
2018-06-17 00:00:00 UTC,65,597,664099000,2.5394444444444444
2018-06-17 00:00:00 UTC,65,595,664099000,2.0931944444444444
2018-06-17 00:00:00 UTC,65,593,664099000,4.8098611111111111
2018-06-17 00:00:00 UTC,65,599,412326855,0.89666666666666672
2018-06-17 00:00:00 UTC,65,607,412326861,1.5943055555555556
2018-06-17 00:00:00 UTC,65,604,412326861,0.790138888888889
2018-06-17 00:00:00 UTC,65,603,412326861,4.431805555555556
2018-06-17 00:00:00 UTC,65,605,412326861,1.2338888888888886
2018-06-17 00:00:00 UTC,65,602,412326861,1.6654166666666665
2018-06-17 00:00:00 UTC,65,-1751,412205520,1.635
2018-06-17 00:00:00 UTC,321,1261,440128730,2.2756944444444445
2018-06-17 00:00:00 UTC,577,111,219004161,0.50930555555555546
2018-06-17 00:00:00 UTC,577,112,219004161,2.4425000000000003
2018-06-17 00:00:00 UTC,577,113,219004161,1.7340277777777775
2018-06-17 00:00:00 UTC,577,110,219004161,1.3404166666666668
2018-06-17 00:00:00 UTC,577,-1503,367160840,5.6779166666666674
2018-06-17 00:00:00 UTC,577,-1502,367160840,1.2119444444444443
2018-06-17 00:00:00 UTC,577,-21,235090444,1.2122222222222221
2018-06-17 00:00:00 UTC,577,-20,235090444,0.27125
2018-06-17 00:00:00 UTC,577,226,275274000,0.61388888888888893
2018-06-17 00:00:00 UTC,577,225,275274000,1.4083333333333332
2018-06-17 00:00:00 UTC,577,112,220351000,1.8175
2018-06-17 00:00:00 UTC,577,113,220351000,1.4904166666666665
2018-06-17 00:00:00 UTC,577,-6,235166000,4.2198611111111113
2018-06-17 00:00:00 UTC,577,-7,235166000,5.4158333333333335
2018-06-17 00:00:00 UTC,577,66,257619000,2.3398611111111114
2018-06-17 00:00:00 UTC,577,67,257619000,0.41388888888888886
2018-06-17 00:00:00 UTC,577,-6,235060281,0.26333333333333331
2018-06-17 00:00:00 UTC,577,-5,235060281,0.86805555555555558
2018-06-17 00:00:00 UTC,577,226,275272000,2.7497222222222222
2018-06-17 00:00:00 UTC,577,-8,235000900,1.1180555555555554
2018-06-17 00:00:00 UTC,577,-9,235000900,0.81847222222222227
2018-06-17 00:00:00 UTC,577,-6,235059791,4.6079166666666662
2018-06-17 00:00:00 UTC,577,-7,235059791,2.2669444444444444
2018-06-17 00:00:00 UTC,577,-8,235059791,3.1543055555555557
2018-06-17 00:00:00 UTC,577,80,257005140,1.3431944444444444
2018-06-17 00:00:00 UTC,577,225,275271000,1.1515277777777779
2018-06-17 00:00:00 UTC,577,226,275271000,2.9431944444444444
2018-06-17 00:00:00 UTC,577,113,220359000,2.6672222222222226
2018-06-17 00:00:00 UTC,577,96,220295000,0.512361111111111
2018-06-17 00:00:00 UTC,577,97,220295000,1.0486111111111109
2018-06-17 00:00:00 UTC,577,98,220295000,5.8408333333333342
2018-06-17 00:00:00 UTC,577,-6,235065442,1.2999999999999998
2018-06-17 00:00:00 UTC,577,-5,235065442,4.4322222222222223
2018-06-17 00:00:00 UTC,577,88,219633000,0.91888888888888887
2018-06-17 00:00:00 UTC,577,89,219633000,2.5547222222222228
2018-06-17 00:00:00 UTC,577,90,219633000,1.767638888888889
2018-06-17 00:00:00 UTC,577,1500,273372520,0.096805555555555561
2018-06-17 00:00:00 UTC,577,-6,35031151,0.96597222222222212
2018-06-17 00:00:00 UTC,577,-5,35031151,3.6059722222222224
2018-06-17 00:00:00 UTC,577,225,275270000,0.29972222222222222
2018-06-17 00:00:00 UTC,577,226,275270000,0.61944444444444446
2018-06-17 00:00:00 UTC,577,-5,35002490,6.3318055555555564
2018-06-17 00:00:00 UTC,577,-31,235050365,0.92083333333333328
2018-06-17 00:00:00 UTC,577,-28,235050365,0.28763888888888889
2018-06-17 00:00:00 UTC,577,-26,235050365,1.2068055555555557
2018-06-17 00:00:00 UTC,577,-27,235050365,2.54875
2018-06-17 00:00:00 UTC,577,-9,234757000,4.5556944444444447
2018-06-17 00:00:00 UTC,577,-6,234757000,5.1334722222222213
2018-06-17 00:00:00 UTC,577,-7,234757000,2.8459722222222226
2018-06-17 00:00:00 UTC,577,-5,234757000,1.7904166666666668
2018-06-17 00:00:00 UTC,577,-24,235003785,0.525
2018-06-17 00:00:00 UTC,577,-25,235003785,0.79972222222222222
2018-06-17 00:00:00 UTC,577,-23,235075722,0.89999999999999991
2018-06-17 00:00:00 UTC,577,-21,235075722,0.837361111111111
2018-06-17 00:00:00 UTC,577,109,219005583,1.0998611111111112
2018-06-17 00:00:00 UTC,577,110,219005583,0.87777777777777777
2018-06-17 00:00:00 UTC,577,-30,235002260,2.1181944444444447
2018-06-17 00:00:00 UTC,577,-31,235002260,1.648611111111111
2018-06-17 00:00:00 UTC,577,-35,235072918,2.9680555555555554
2018-06-17 00:00:00 UTC,577,-57,235032983,0.3059722222222222
2018-06-17 00:00:00 UTC,577,-7,234927000,4.2
2018-06-17 00:00:00 UTC,577,-8,234927000,2.015
2018-06-17 00:00:00 UTC,577,-6,234927000,0.55694444444444446
2018-06-17 00:00:00 UTC,577,-5,234927000,9.5576388888888886
2018-06-17 00:00:00 UTC,577,91,219343000,0.8619444444444444
2018-06-17 00:00:00 UTC,577,93,219343000,1.0545833333333334
2018-06-17 00:00:00 UTC,577,92,219343000,0.66402777777777777
2018-06-17 00:00:00 UTC,577,226,275247000,6.7270833333333346
2018-06-17 00:00:00 UTC,577,-34,235078297,0.58305555555555555
2018-06-17 00:00:00 UTC,577,81,257629600,1.3398611111111109
2018-06-17 00:00:00 UTC,577,226,275268000,3.1569444444444441
2018-06-17 00:00:00 UTC,577,86,219013538,3.1623611111111107
2018-06-17 00:00:00 UTC,577,85,219013538,0.44861111111111107
2018-06-17 00:00:00 UTC,577,87,219013538,2.6515277777777779
2018-06-17 00:00:00 UTC,577,104,219018405,4.0008333333333335
2018-06-17 00:00:00 UTC,577,105,219018405,1.4291666666666667
2018-06-17 00:00:00 UTC,577,106,219018405,1.2419444444444445
2018-06-17 00:00:00 UTC,577,103,219018405,1.5793055555555557
2018-06-17 00:00:00 UTC,577,95,219012521,1.0184722222222222
2018-06-17 00:00:00 UTC,577,94,219012521,2.2826388888888887
2018-06-17 00:00:00 UTC,577,105,219005867,3.5469444444444442
2018-06-17 00:00:00 UTC,577,104,219005867,0.94027777777777777
2018-06-17 00:00:00 UTC,577,106,219005867,0.82513888888888887
2018-06-17 00:00:00 UTC,577,-5,235118269,0.58972222222222226
2018-06-17 00:00:00 UTC,577,-6,235118269,1.118611111111111
2018-06-17 00:00:00 UTC,577,-7,235118269,1.1988888888888889
2018-06-17 00:00:00 UTC,577,82,257176000,1.1211111111111112
2018-06-17 00:00:00 UTC,577,81,257176000,0.82027777777777777
2018-06-17 00:00:00 UTC,577,99,219002823,0.73680555555555549
2018-06-17 00:00:00 UTC,577,-20,235082696,1.3827777777777777
2018-06-17 00:00:00 UTC,577,105,219007432,1.6984722222222219
2018-06-17 00:00:00 UTC,577,106,219007432,2.0147222222222223
2018-06-17 00:00:00 UTC,577,95,219650000,6.205972222222222
2018-06-17 00:00:00 UTC,577,-1617,367578320,0.058472222222222224
2018-06-17 00:00:00 UTC,577,-1616,367578320,1.7495833333333333
2018-06-17 00:00:00 UTC,577,-5,233826000,1.7481944444444442
2018-06-17 00:00:00 UTC,577,-6,233826000,2.5797222222222222
2018-06-17 00:00:00 UTC,577,-7,233826000,1.142638888888889
2018-06-17 00:00:00 UTC,577,-6,232003540,2.4361111111111109
2018-06-17 00:00:00 UTC,577,-5,232003540,1.1138888888888889
2018-06-17 00:00:00 UTC,577,92,219002586,0.40083333333333337
2018-06-17 00:00:00 UTC,577,98,219009244,0.87458333333333338
2018-06-17 00:00:00 UTC,577,99,219009244,2.7695833333333337
2018-06-17 00:00:00 UTC,577,100,219009244,1.3780555555555556
2018-06-17 00:00:00 UTC,577,101,219009244,0.92888888888888888
2018-06-17 00:00:00 UTC,577,81,257654500,0.81708333333333327
2018-06-17 00:00:00 UTC,577,82,257654500,1.6494444444444443
2018-06-17 00:00:00 UTC,577,80,257654500,0.6661111111111111
2018-06-17 00:00:00 UTC,577,83,257654500,0.54444444444444451
2018-06-17 00:00:00 UTC,577,-5,233345000,0.6
2018-06-17 00:00:00 UTC,577,-6,233345000,2.1833333333333331
2018-06-17 00:00:00 UTC,577,-7,233345000,0.60972222222222228
2018-06-17 00:00:00 UTC,577,-6,235008490,2.3251388888888886
2018-06-17 00:00:00 UTC,577,-7,235008490,1.9930555555555556
2018-06-17 00:00:00 UTC,577,92,219006443,2.7509722222222224
2018-06-17 00:00:00 UTC,-447,-755,725000261,0.20222222222222219
2018-06-17 00:00:00 UTC,-447,1718,512000125,0.070972222222222228
2018-06-17 00:00:00 UTC,-447,1715,512000125,0.63388888888888884
2018-06-17 00:00:00 UTC,-447,1716,512000125,1.2172222222222215
2018-06-17 00:00:00 UTC,-447,1717,512000125,1.1765277777777776
2018-06-17 00:00:00 UTC,-447,1730,512228000,0.81708333333333327
2018-06-17 00:00:00 UTC,-447,1729,512228000,1.0541666666666667
2018-06-17 00:00:00 UTC,-447,1728,512228000,1.9387499999999998
2018-06-17 00:00:00 UTC,-447,1731,512228000,0.30277777777777776
2018-06-17 00:00:00 UTC,-447,1717,512002264,1.462777777777778
2018-06-17 00:00:00 UTC,-447,-591,441868000,0.57111111111111112
2018-06-17 00:00:00 UTC,-447,-590,441868000,1.5180555555555553
2018-06-17 00:00:00 UTC,-191,491,647791110,2.1476388888888889
2018-06-17 00:00:00 UTC,-191,492,647791110,1.9897222222222226
2018-06-17 00:00:00 UTC,-191,490,647791110,1.3381944444444442
2018-06-17 00:00:00 UTC,-191,491,647791114,1.8081944444444447
2018-06-17 00:00:00 UTC,-191,1714,413322770,2.0538888888888893
2018-06-17 00:00:00 UTC,-191,1721,412687160,1.5681944444444444
2018-06-17 00:00:00 UTC,-191,1720,412687160,0.53597222222222229
2018-06-17 00:00:00 UTC,-191,1718,412687160,1.1886111111111111
2018-06-17 00:00:00 UTC,-191,377,440328000,1.2543055555555556
2018-06-17 00:00:00 UTC,-191,1740,520189000,0.86680555555555561
2018-06-17 00:00:00 UTC,-191,1716,412679040,1.28375
2018-06-17 00:00:00 UTC,-191,1715,412679040,2.5205555555555565
2018-06-17 00:00:00 UTC,-191,1714,412679040,0.16722222222222222
2018-06-17 00:00:00 UTC,-191,119,261518000,0.87347222222222221
2018-06-17 00:00:00 UTC,-191,1764,520312000,4.4486111111111111
2018-06-17 00:00:00 UTC,-191,1713,413322690,1.5469444444444447
2018-06-17 00:00:00 UTC,-191,1712,413322690,0.90930555555555559
2018-06-17 00:00:00 UTC,-191,1760,520075000,2.797361111111111
2018-06-17 00:00:00 UTC,-191,1763,520075000,1.060138888888889
2018-06-17 00:00:00 UTC,-191,1762,520075000,1.3558333333333334
2018-06-17 00:00:00 UTC,-191,1764,520075000,0.98375
2018-06-17 00:00:00 UTC,-191,1765,520075000,0.77222222222222225
2018-06-17 00:00:00 UTC,-191,1766,520075000,1.5972222222222221
2018-06-17 00:00:00 UTC,66,563,416540000,5.0744444444444445
2018-06-17 00:00:00 UTC,66,560,416540000,1.0481944444444444
2018-06-17 00:00:00 UTC,66,562,416540000,0.85652777777777778
2018-06-17 00:00:00 UTC,66,616,412326854,1.3018055555555557
2018-06-17 00:00:00 UTC,66,599,412326855,0.7615277777777778
2018-06-17 00:00:00 UTC,66,602,412326861,5.0263888888888886
2018-06-17 00:00:00 UTC,66,794,417020393,11.736111111111111
2018-06-17 00:00:00 UTC,322,1263,440117530,5.6143055555555552
2018-06-17 00:00:00 UTC,322,1264,440117530,4.7079166666666659
2018-06-17 00:00:00 UTC,322,1216,413756499,0.5706944444444445
2018-06-17 00:00:00 UTC,322,1215,413756499,0.21847222222222223
2018-06-17 00:00:00 UTC,322,-169,204836000,0.42500000000000004
2018-06-17 00:00:00 UTC,322,1217,912000686,15.364444444444445
2018-06-17 00:00:00 UTC,322,1216,912000686,1.3783333333333334
2018-06-17 00:00:00 UTC,322,1215,912000686,3.0022222222222217
2018-06-17 00:00:00 UTC,322,-170,204824000,0.33625
2018-06-17 00:00:00 UTC,322,1216,412354773,0.70013888888888887
2018-06-17 00:00:00 UTC,578,112,219004161,1.3198611111111109
2018-06-17 00:00:00 UTC,578,111,219004161,1.9843055555555558
2018-06-17 00:00:00 UTC,578,-1504,367160840,0.65777777777777779
2018-06-17 00:00:00 UTC,578,-1509,367160840,0.11333333333333334
2018-06-17 00:00:00 UTC,578,-1508,367160840,1.2073611111111111
2018-06-17 00:00:00 UTC,578,105,265781000,1.2388888888888887
2018-06-17 00:00:00 UTC,578,-96,224181000,3.5919444444444446
2018-06-17 00:00:00 UTC,578,-25,235053837,3.1243055555555554
2018-06-17 00:00:00 UTC,578,-21,235053837,0.27347222222222223
2018-06-17 00:00:00 UTC,578,-26,235053837,3.9343055555555551
2018-06-17 00:00:00 UTC,578,-22,235053837,2.8991666666666669
2018-06-17 00:00:00 UTC,578,-27,235053837,1.6533333333333335
2018-06-17 00:00:00 UTC,578,-23,235053837,3.3619444444444446
2018-06-17 00:00:00 UTC,578,-24,235053837,3.2069444444444448
2018-06-17 00:00:00 UTC,578,225,275274000,3.3154166666666671
2018-06-17 00:00:00 UTC,578,226,275274000,2.8429166666666661
2018-06-17 00:00:00 UTC,578,96,219001872,3.9683333333333337
2018-06-17 00:00:00 UTC,578,98,219001872,2.672361111111111
2018-06-17 00:00:00 UTC,578,99,219001872,0.90722222222222215
2018-06-17 00:00:00 UTC,578,97,219001872,2.7208333333333332
2018-06-17 00:00:00 UTC,578,-5,235117076,0.28666666666666668
2018-06-17 00:00:00 UTC,578,113,266441000,3.2702777777777783
2018-06-17 00:00:00 UTC,578,114,266441000,2.575277777777778
2018-06-17 00:00:00 UTC,578,-5,234921000,0.34444444444444444
2018-06-17 00:00:00 UTC,578,107,220329000,1.3970833333333332
2018-06-17 00:00:00 UTC,578,108,220329000,1.1294444444444443
2018-06-17 00:00:00 UTC,578,106,220329000,0.82416666666666671
2018-06-17 00:00:00 UTC,578,-6,235166000,6.9641666666666664
2018-06-17 00:00:00 UTC,578,-4,235001650,0.31930555555555551
2018-06-17 00:00:00 UTC,578,-5,235060281,3.0195833333333337
2018-06-17 00:00:00 UTC,578,-4,235060281,1.9538888888888892
2018-06-17 00:00:00 UTC,578,-30,235112769,5.39138888888889
2018-06-17 00:00:00 UTC,578,-29,235112769,0.29569444444444443
2018-06-17 00:00:00 UTC,578,-31,235112769,7.6398611111111094
2018-06-17 00:00:00 UTC,578,-32,235112769,10.890277777777779
2018-06-17 00:00:00 UTC,578,-6,235000900,1.1656944444444444
2018-06-17 00:00:00 UTC,578,-7,235000900,1.1005555555555555
2018-06-17 00:00:00 UTC,578,-5,235000900,1.1102777777777777
2018-06-17 00:00:00 UTC,578,74,257141320,3.3586111111111112
2018-06-17 00:00:00 UTC,578,-5,235059791,1.7259722222222225
2018-06-17 00:00:00 UTC,578,-6,235059791,0.52375
2018-06-17 00:00:00 UTC,578,80,257005140,1.4124999999999999
2018-06-17 00:00:00 UTC,578,-5,232005718,0.36124999999999996
2018-06-17 00:00:00 UTC,578,225,275271000,1.1834722222222223
2018-06-17 00:00:00 UTC,578,226,275271000,2.3123611111111111
2018-06-17 00:00:00 UTC,578,-6,235065442,1.3206944444444444
2018-06-17 00:00:00 UTC,578,-5,235065442,1.0675000000000001
2018-06-17 00:00:00 UTC,578,-26,232017000,5.69875
2018-06-17 00:00:00 UTC,578,-27,232017000,1.1863888888888889
2018-06-17 00:00:00 UTC,578,-24,232017000,4.9413888888888886
2018-06-17 00:00:00 UTC,578,-22,232017000,2.0877777777777782
2018-06-17 00:00:00 UTC,578,-23,232017000,4.5465277777777775
2018-06-17 00:00:00 UTC,578,-25,232017000,5.6947222222222225
2018-06-17 00:00:00 UTC,578,91,219633000,2.0501388888888887
2018-06-17 00:00:00 UTC,578,90,219633000,0.60708333333333342
2018-06-17 00:00:00 UTC,578,94,219633000,1.088888888888889
2018-06-17 00:00:00 UTC,578,93,219633000,3.8497222222222223
2018-06-17 00:00:00 UTC,578,92,219633000,3.7959722222222223
2018-06-17 00:00:00 UTC,578,1496,273372520,0.96972222222222226
2018-06-17 00:00:00 UTC,578,1504,273372520,0.53375000000000006
2018-06-17 00:00:00 UTC,578,-5,235000170,0.93194444444444446
2018-06-17 00:00:00 UTC,578,108,219013485,0.77347222222222212
2018-06-17 00:00:00 UTC,578,-5,35031151,3.3873611111111113
2018-06-17 00:00:00 UTC,578,225,275270000,4.3661111111111106
2018-06-17 00:00:00 UTC,578,226,275270000,2.8326388888888885
2018-06-17 00:00:00 UTC,578,-4,35002490,0.84583333333333333
2018-06-17 00:00:00 UTC,578,-5,35002490,8.5466666666666651
2018-06-17 00:00:00 UTC,578,-5,235082365,1.1336111111111111
2018-06-17 00:00:00 UTC,578,-27,235050365,0.29166666666666663
2018-06-17 00:00:00 UTC,578,-28,235050365,3.0388888888888888
2018-06-17 00:00:00 UTC,578,-30,235050365,1.425
2018-06-17 00:00:00 UTC,578,-31,235050365,1.7847222222222221
2018-06-17 00:00:00 UTC,578,-29,235050365,3.6402777777777775
2018-06-17 00:00:00 UTC,578,-4,235002500,3.6111111111111112
2018-06-17 00:00:00 UTC,578,-5,235002500,0.64444444444444438
2018-06-17 00:00:00 UTC,578,-5,234757000,0.31666666666666665
2018-06-17 00:00:00 UTC,578,-6,234757000,2.7473611111111111
2018-06-17 00:00:00 UTC,578,-25,235003785,0.56236111111111109
2018-06-17 00:00:00 UTC,578,-21,235003785,0.26944444444444449
2018-06-17 00:00:00 UTC,578,-24,235003785,0.43611111111111112
2018-06-17 00:00:00 UTC,578,-26,235003785,0.60694444444444451
2018-06-17 00:00:00 UTC,578,110,219005583,1.3480555555555558
2018-06-17 00:00:00 UTC,578,107,219005583,1.2233333333333332
2018-06-17 00:00:00 UTC,578,-6,234927000,0.28069444444444447
2018-06-17 00:00:00 UTC,578,94,219343000,6.04625
2018-06-17 00:00:00 UTC,578,96,219343000,3.2858333333333336
2018-06-17 00:00:00 UTC,578,95,219343000,4.159583333333333
2018-06-17 00:00:00 UTC,578,225,275247000,0.33180555555555558
2018-06-17 00:00:00 UTC,578,226,275247000,1.423888888888889
2018-06-17 00:00:00 UTC,578,-30,235078297,4.0334722222222217
2018-06-17 00:00:00 UTC,578,-29,235078297,1.7841666666666667
2018-06-17 00:00:00 UTC,578,-31,235078297,4.3690277777777782
2018-06-17 00:00:00 UTC,578,-34,235078297,1.4444444444444446
2018-06-17 00:00:00 UTC,578,-33,235078297,2.6281944444444445
2018-06-17 00:00:00 UTC,578,-36,235078297,0.95444444444444443
2018-06-17 00:00:00 UTC,578,-32,235078297,4.4077777777777785
2018-06-17 00:00:00 UTC,578,-35,235078297,1.4608333333333334
2018-06-17 00:00:00 UTC,578,96,219801000,2.3888888888888888
2018-06-17 00:00:00 UTC,578,94,219801000,2.2919444444444448
2018-06-17 00:00:00 UTC,578,97,219801000,1.8525
2018-06-17 00:00:00 UTC,578,91,219012521,0.14027777777777778
2018-06-17 00:00:00 UTC,578,107,219005867,0.4466666666666666
2018-06-17 00:00:00 UTC,578,106,219005867,0.73861111111111111
2018-06-17 00:00:00 UTC,578,-5,235073457,0.62
2018-06-17 00:00:00 UTC,578,-4,235118269,0.79694444444444434
2018-06-17 00:00:00 UTC,578,-5,235118269,1.9430555555555555
2018-06-17 00:00:00 UTC,578,108,220088000,0.59458333333333324
2018-06-17 00:00:00 UTC,578,-1371,316002764,0.24319444444444444
2018-06-17 00:00:00 UTC,578,-1373,316002764,0.71791666666666665
2018-06-17 00:00:00 UTC,578,-1372,316002764,0.40777777777777774
2018-06-17 00:00:00 UTC,578,63,258498000,2.0409722222222224
2018-06-17 00:00:00 UTC,578,95,219650000,14.351944444444442
2018-06-17 00:00:00 UTC,578,-1617,367578320,0.24833333333333335
2018-06-17 00:00:00 UTC,578,-5,233826000,2.2225
2018-06-17 00:00:00 UTC,578,107,219023313,0.26958333333333334
2018-06-17 00:00:00 UTC,578,-4,232003540,0.30291666666666667
2018-06-17 00:00:00 UTC,578,-5,232003540,2.652916666666667
2018-06-17 00:00:00 UTC,578,-1,235002070,2.4299999999999997
2018-06-17 00:00:00 UTC,578,0,235002070,6.6084722222222227
2018-06-17 00:00:00 UTC,578,-5,234167000,5.7793055555555561
2018-06-17 00:00:00 UTC,578,-5,233345000,2.8251388888888891
2018-06-17 00:00:00 UTC,578,-6,235008490,0.29138888888888892
2018-06-17 00:00:00 UTC,578,-5,235008490,0.2779166666666667
2018-06-17 00:00:00 UTC,578,-5,235001340,0.57916666666666661
2018-06-17 00:00:00 UTC,-446,1714,512002843,4.777499999999999
2018-06-17 00:00:00 UTC,-446,1715,512002843,0.28791666666666665
2018-06-17 00:00:00 UTC,-446,1721,512002845,1.4661111111111111
2018-06-17 00:00:00 UTC,-446,1720,512002845,0.57111111111111112
2018-06-17 00:00:00 UTC,-446,1718,512000125,1.1813888888888886
2018-06-17 00:00:00 UTC,-446,1715,512000125,1.6048611111111108
2018-06-17 00:00:00 UTC,-446,1719,512000125,1.3081944444444442
2018-06-17 00:00:00 UTC,-446,1720,512000125,0.77888888888888885
2018-06-17 00:00:00 UTC,-446,1714,512002689,4.7831944444444456
2018-06-17 00:00:00 UTC,-446,1715,512002689,0.070555555555555552
2018-06-17 00:00:00 UTC,-446,1731,512228000,0.925138888888889
2018-06-17 00:00:00 UTC,-446,1732,512228000,6.1680555555555561
2018-06-17 00:00:00 UTC,-446,1714,512003539,1.8797222222222223
2018-06-17 00:00:00 UTC,-446,1715,512003539,0.2583333333333333
2018-06-17 00:00:00 UTC,-446,-587,441868000,1.2109722222222221
2018-06-17 00:00:00 UTC,-446,-591,441868000,2.3956944444444441
2018-06-17 00:00:00 UTC,-190,492,647791110,2.3884722222222217
2018-06-17 00:00:00 UTC,-190,1714,413322770,0.81763888888888892
2018-06-17 00:00:00 UTC,-190,1720,412687160,0.53277777777777779
2018-06-17 00:00:00 UTC,-190,1718,412687160,1.1431944444444444
2018-06-17 00:00:00 UTC,-190,1721,412687160,1.5791666666666664
2018-06-17 00:00:00 UTC,-190,1740,520189000,2.10375
2018-06-17 00:00:00 UTC,-190,1741,520189000,1.6175000000000002
2018-06-17 00:00:00 UTC,-190,1743,520189000,1.4155555555555557
2018-06-17 00:00:00 UTC,-190,1714,412331101,0.94916666666666683
2018-06-17 00:00:00 UTC,-190,1719,412679030,1.2772222222222223
2018-06-17 00:00:00 UTC,-190,118,312795000,2.314027777777778
2018-06-17 00:00:00 UTC,-190,119,312795000,4.5343055555555569
2018-06-17 00:00:00 UTC,-190,1714,412679040,2.1897222222222221
2018-06-17 00:00:00 UTC,-190,1715,412679040,1.14875
2018-06-17 00:00:00 UTC,-190,1713,412679040,1.1158333333333332
2018-06-17 00:00:00 UTC,-190,118,659471000,0.54277777777777769
2018-06-17 00:00:00 UTC,-190,119,659471000,1.1541666666666666
2018-06-17 00:00:00 UTC,-190,119,261518000,6.3175000000000008
2018-06-17 00:00:00 UTC,-190,118,261518000,3.328333333333334
2018-06-17 00:00:00 UTC,-190,1712,413322690,0.78486111111111112
2018-06-17 00:00:00 UTC,67,560,416540000,6.2918055555555554
2018-06-17 00:00:00 UTC,67,562,416540000,5.0845833333333328
2018-06-17 00:00:00 UTC,67,563,416540000,5.1865277777777772
2018-06-17 00:00:00 UTC,67,-1385,412440235,2.4886111111111111
2018-06-17 00:00:00 UTC,67,617,412326854,5.1316666666666668
2018-06-17 00:00:00 UTC,67,616,412326854,2.22
2018-06-17 00:00:00 UTC,67,599,412326855,0.70861111111111108
2018-06-17 00:00:00 UTC,67,603,412326861,5.5331944444444447
2018-06-17 00:00:00 UTC,67,602,412326861,1.4938888888888888
2018-06-17 00:00:00 UTC,67,797,416000229,1.9887499999999998
2018-06-17 00:00:00 UTC,323,-1178,368437000,4.8033333333333337
2018-06-17 00:00:00 UTC,323,-1179,368437000,16.424166666666672
2018-06-17 00:00:00 UTC,323,1294,431501586,2.3031944444444443
2018-06-17 00:00:00 UTC,323,1295,431501586,2.0797222222222222
2018-06-17 00:00:00 UTC,323,1268,440700440,2.8181944444444449
2018-06-17 00:00:00 UTC,323,1262,440117530,0.7565277777777778
2018-06-17 00:00:00 UTC,323,1263,440104050,1.6097222222222223
2018-06-17 00:00:00 UTC,323,1262,440104050,1.2393055555555557
2018-06-17 00:00:00 UTC,323,1264,440104050,0.37791666666666668
2018-06-17 00:00:00 UTC,323,1295,431002258,3.9888888888888889
2018-06-17 00:00:00 UTC,323,1294,431002258,5.4469444444444441
2018-06-17 00:00:00 UTC,323,1295,431006613,3.6619444444444449
2018-06-17 00:00:00 UTC,323,1294,431006613,2.5644444444444447
2018-06-17 00:00:00 UTC,323,-169,204836000,0.68777777777777782
2018-06-17 00:00:00 UTC,323,1268,440104380,2.1019444444444444
2018-06-17 00:00:00 UTC,323,-170,204824000,21.905416666666646
2018-06-17 00:00:00 UTC,323,-171,204824000,1.7487499999999996
2018-06-17 00:00:00 UTC,323,1268,440143080,2.0541666666666667
2018-06-17 00:00:00 UTC,579,-4,234912000,6.1733333333333338
2018-06-17 00:00:00 UTC,579,-3,234912000,4.6899999999999995
2018-06-17 00:00:00 UTC,579,105,265781000,0.30430555555555555
2018-06-17 00:00:00 UTC,579,104,265781000,2.1261111111111113
2018-06-17 00:00:00 UTC,579,-96,224181000,4.472083333333333
2018-06-17 00:00:00 UTC,579,-3,235004940,10.938611111111111
2018-06-17 00:00:00 UTC,579,-4,235004940,14.775277777777777
2018-06-17 00:00:00 UTC,579,-4,235117076,7.620694444444446
2018-06-17 00:00:00 UTC,579,-2,235117076,2.5645833333333337
2018-06-17 00:00:00 UTC,579,-5,235117076,0.60375
2018-06-17 00:00:00 UTC,579,-3,235117076,4.2595833333333344
2018-06-17 00:00:00 UTC,579,-5,234921000,0.32930555555555557
2018-06-17 00:00:00 UTC,579,-4,234921000,11.154027777777779
2018-06-17 00:00:00 UTC,579,105,220329000,2.5443055555555554
2018-06-17 00:00:00 UTC,579,109,220329000,0.37347222222222215
2018-06-17 00:00:00 UTC,579,106,220329000,3.325277777777778
2018-06-17 00:00:00 UTC,579,108,220329000,0.6152777777777777
2018-06-17 00:00:00 UTC,579,-5,235001650,8.1766666666666659
2018-06-17 00:00:00 UTC,579,-4,235060281,7.9547222222222231
2018-06-17 00:00:00 UTC,579,-3,235060281,4.4081944444444447
2018-06-17 00:00:00 UTC,579,-2,235060281,2.2656944444444447
2018-06-17 00:00:00 UTC,579,-5,235060281,2.1693055555555558
2018-06-17 00:00:00 UTC,579,-5,235003460,0.57930555555555552
2018-06-17 00:00:00 UTC,579,-3,235003460,4.84125
2018-06-17 00:00:00 UTC,579,-4,235003460,10.219305555555554
2018-06-17 00:00:00 UTC,579,-2,235003460,3.6599999999999997
2018-06-17 00:00:00 UTC,579,-2,235098956,2.7137499999999997
2018-06-17 00:00:00 UTC,579,-4,235098956,3.6318055555555562
2018-06-17 00:00:00 UTC,579,-3,235098956,7.1466666666666665
2018-06-17 00:00:00 UTC,579,-30,235009100,1.9027777777777777
2018-06-17 00:00:00 UTC,579,-5,235059791,0.27652777777777776
2018-06-17 00:00:00 UTC,579,-5,232005718,0.5788888888888889
2018-06-17 00:00:00 UTC,579,-4,232005718,14.344444444444447
2018-06-17 00:00:00 UTC,579,-3,232005718,2.3526388888888889
2018-06-17 00:00:00 UTC,579,-5,232012119,0.28041666666666665
2018-06-17 00:00:00 UTC,579,-4,232012119,2.0681944444444444
2018-06-17 00:00:00 UTC,579,109,220135000,2.2047222222222218
2018-06-17 00:00:00 UTC,579,110,220135000,1.359861111111111
2018-06-17 00:00:00 UTC,579,-63,235013472,3.3561111111111108
2018-06-17 00:00:00 UTC,579,-62,235013472,1.7155555555555555
2018-06-17 00:00:00 UTC,579,-3,235065442,5.6858333333333331
2018-06-17 00:00:00 UTC,579,-5,235065442,0.56527777777777777
2018-06-17 00:00:00 UTC,579,-4,235065442,6.1616666666666671
2018-06-17 00:00:00 UTC,579,95,219633000,2.2377777777777776
2018-06-17 00:00:00 UTC,579,94,219633000,3.2383333333333333
2018-06-17 00:00:00 UTC,579,1506,273372520,0.40763888888888888
2018-06-17 00:00:00 UTC,579,1504,273372520,4.3441666666666663
2018-06-17 00:00:00 UTC,579,1505,273372520,7.9016666666666673
2018-06-17 00:00:00 UTC,579,-4,235007080,8.9022222222222211
2018-06-17 00:00:00 UTC,579,-5,235007080,0.90513888888888894
2018-06-17 00:00:00 UTC,579,-3,235007080,1.8240277777777778
2018-06-17 00:00:00 UTC,579,-2,235007080,2.7765277777777779
2018-06-17 00:00:00 UTC,579,-4,235000170,0.75305555555555559
2018-06-17 00:00:00 UTC,579,-5,235000170,4.5529166666666665
2018-06-17 00:00:00 UTC,579,110,219013485,0.28569444444444447
2018-06-17 00:00:00 UTC,579,108,219013485,1.9326388888888886
2018-06-17 00:00:00 UTC,579,109,219013485,6.6125
2018-06-17 00:00:00 UTC,579,-6,35031151,0.28611111111111109
2018-06-17 00:00:00 UTC,579,-9,35031151,0.5443055555555556
2018-06-17 00:00:00 UTC,579,-4,35031151,1.1444444444444446
2018-06-17 00:00:00 UTC,579,-8,35031151,0.55388888888888888
2018-06-17 00:00:00 UTC,579,-7,35031151,0.53902777777777777
2018-06-17 00:00:00 UTC,579,-5,35031151,1.4329166666666666
2018-06-17 00:00:00 UTC,579,-4,35002490,9.1281944444444445
2018-06-17 00:00:00 UTC,579,-5,35002490,1.3106944444444446
2018-06-17 00:00:00 UTC,579,-5,235082365,0.28625
2018-06-17 00:00:00 UTC,579,-3,235082365,8.8861111111111111
2018-06-17 00:00:00 UTC,579,-2,235082365,1.6556944444444444
2018-06-17 00:00:00 UTC,579,-4,235082365,5.0791666666666657
2018-06-17 00:00:00 UTC,579,-4,235002500,2.68625
2018-06-17 00:00:00 UTC,579,-5,234757000,3.6775
2018-06-17 00:00:00 UTC,579,106,219005583,4.624305555555555
2018-06-17 00:00:00 UTC,579,105,219005583,0.36041666666666666
2018-06-17 00:00:00 UTC,579,107,219005583,0.784861111111111
2018-06-17 00:00:00 UTC,579,97,219343000,4.497638888888889
2018-06-17 00:00:00 UTC,579,95,219343000,0.4966666666666667
2018-06-17 00:00:00 UTC,579,96,219343000,0.58194444444444449
2018-06-17 00:00:00 UTC,579,-30,235078297,0.92402777777777778
2018-06-17 00:00:00 UTC,579,-31,235078297,0.8701388888888888
2018-06-17 00:00:00 UTC,579,-31,235103644,1.1469444444444443
2018-06-17 00:00:00 UTC,579,-30,235103644,1.9811111111111113
2018-06-17 00:00:00 UTC,579,109,219013539,1.7704166666666667
2018-06-17 00:00:00 UTC,579,106,219013539,2.4069444444444441
2018-06-17 00:00:00 UTC,579,107,219013539,2.8893055555555551
2018-06-17 00:00:00 UTC,579,108,219013539,1.683472222222222
2018-06-17 00:00:00 UTC,579,95,219801000,1.286111111111111
2018-06-17 00:00:00 UTC,579,97,219801000,1.3380555555555556
2018-06-17 00:00:00 UTC,579,96,219801000,1.3708333333333333
2018-06-17 00:00:00 UTC,579,-5,235073457,0.96472222222222226
2018-06-17 00:00:00 UTC,579,-4,235073457,1.0718055555555557
2018-06-17 00:00:00 UTC,579,-3,235073457,0.56486111111111115
2018-06-17 00:00:00 UTC,579,-5,235118269,0.26847222222222222
2018-06-17 00:00:00 UTC,579,-2,235118269,2.8001388888888887
2018-06-17 00:00:00 UTC,579,-3,235118269,5.9423611111111123
2018-06-17 00:00:00 UTC,579,-4,235118269,3.4440277777777775
2018-06-17 00:00:00 UTC,579,109,220088000,5.4195833333333336
2018-06-17 00:00:00 UTC,579,110,220088000,0.55833333333333335
2018-06-17 00:00:00 UTC,579,108,220088000,0.74847222222222221
2018-06-17 00:00:00 UTC,579,-5,235077317,0.79472222222222211
2018-06-17 00:00:00 UTC,579,-3,235077317,9.3747222222222231
2018-06-17 00:00:00 UTC,579,-2,235077317,9.1887499999999989
2018-06-17 00:00:00 UTC,579,-4,235077317,4.3344444444444452
2018-06-17 00:00:00 UTC,579,-1373,316002764,2.907777777777778
2018-06-17 00:00:00 UTC,579,-1372,316002764,0.78749999999999987
2018-06-17 00:00:00 UTC,579,-1370,316002764,2.129027777777778
2018-06-17 00:00:00 UTC,579,-1369,316002764,0.4894444444444444
2018-06-17 00:00:00 UTC,579,63,258498000,1.2744444444444445
2018-06-17 00:00:00 UTC,579,-4,233826000,4.1636111111111109
2018-06-17 00:00:00 UTC,579,-3,233826000,1.1152777777777778
2018-06-17 00:00:00 UTC,579,-5,233826000,0.56375
2018-06-17 00:00:00 UTC,579,108,219023313,0.81930555555555562
2018-06-17 00:00:00 UTC,579,107,219023313,1.2886111111111112
2018-06-17 00:00:00 UTC,579,-4,232003540,2.3458333333333332
2018-06-17 00:00:00 UTC,579,0,235002070,11.779583333333333
2018-06-17 00:00:00 UTC,579,-4,234167000,15.548472222222223
2018-06-17 00:00:00 UTC,579,106,220279000,1.5097222222222224
2018-06-17 00:00:00 UTC,579,107,220279000,0.5130555555555556
2018-06-17 00:00:00 UTC,579,23,220151000,1.175138888888889
2018-06-17 00:00:00 UTC,579,-63,235003103,2.0836111111111113
2018-06-17 00:00:00 UTC,579,-4,233345000,2.04375
2018-06-17 00:00:00 UTC,579,-5,233345000,0.32125000000000004
2018-06-17 00:00:00 UTC,579,-4,235008490,1.6927777777777777
2018-06-17 00:00:00 UTC,579,-3,235008490,4.1043055555555554
2018-06-17 00:00:00 UTC,579,70,257967600,2.7354166666666666
2018-06-17 00:00:00 UTC,579,-63,235000315,3.8345833333333323
2018-06-17 00:00:00 UTC,579,-62,235000315,0.95972222222222225
2018-06-17 00:00:00 UTC,579,-5,235001340,2.0890277777777779
2018-06-17 00:00:00 UTC,579,-3,235001340,0.96236111111111111
2018-06-17 00:00:00 UTC,579,-4,235001340,11.983194444444443
2018-06-17 00:00:00 UTC,579,-2,235001340,2.6320833333333331
2018-06-17 00:00:00 UTC,-445,1715,512002843,4.0280555555555573
2018-06-17 00:00:00 UTC,-445,1720,512000125,1.5695833333333333
2018-06-17 00:00:00 UTC,-445,1715,512000125,1.41125
2018-06-17 00:00:00 UTC,-445,1715,512002689,3.6688888888888886
2018-06-17 00:00:00 UTC,-445,1715,512003539,1.287222222222222
2018-06-17 00:00:00 UTC,-445,-587,441868000,2.3230555555555559
2018-06-17 00:00:00 UTC,-189,492,647791110,0.63347222222222221
2018-06-17 00:00:00 UTC,-189,-1759,416000775,1.3076388888888888
2018-06-17 00:00:00 UTC,-189,1713,413322770,0.11374999999999999
2018-06-17 00:00:00 UTC,-189,1714,413322770,2.2051388888888885
2018-06-17 00:00:00 UTC,-189,1717,412687160,0.8256944444444444
2018-06-17 00:00:00 UTC,-189,1720,412687160,2.3183333333333329
2018-06-17 00:00:00 UTC,-189,1745,520189000,0.9025
2018-06-17 00:00:00 UTC,-189,1741,520189000,2.2583333333333333
2018-06-17 00:00:00 UTC,-189,1744,520189000,1.3272222222222223
2018-06-17 00:00:00 UTC,-189,1713,412331101,1.4276388888888889
2018-06-17 00:00:00 UTC,-189,1714,412331101,0.77013888888888893
2018-06-17 00:00:00 UTC,-189,1743,520188000,0.38708333333333333
2018-06-17 00:00:00 UTC,-189,1739,520188000,0.43319444444444444
2018-06-17 00:00:00 UTC,-189,1740,520188000,2.2755555555555556
2018-06-17 00:00:00 UTC,-189,1742,520188000,1.1715277777777779
2018-06-17 00:00:00 UTC,-189,1718,412679030,0.35875000000000007
2018-06-17 00:00:00 UTC,-189,1719,412679030,0.50388888888888894
2018-06-17 00:00:00 UTC,-189,-871,224987000,0.2459722222222222
2018-06-17 00:00:00 UTC,-189,-872,224987000,0.32916666666666672
2018-06-17 00:00:00 UTC,-189,119,312795000,1.1444444444444444
2018-06-17 00:00:00 UTC,-189,1712,412679040,5.21361111111111
2018-06-17 00:00:00 UTC,-189,1713,412679040,0.53902777777777777
2018-06-17 00:00:00 UTC,-189,1715,412679040,0.85902777777777772
2018-06-17 00:00:00 UTC,-189,117,659471000,0.07694444444444444
2018-06-17 00:00:00 UTC,-189,118,659471000,1.8166666666666667
2018-06-17 00:00:00 UTC,-189,118,261518000,0.22638888888888889
2018-06-17 00:00:00 UTC,-189,1713,413322690,1.4327777777777779
2018-06-17 00:00:00 UTC,-189,1758,520075000,3.6636111111111114
2018-06-17 00:00:00 UTC,68,617,412326854,2.4194444444444443
2018-06-17 00:00:00 UTC,68,599,412326855,0.57666666666666666
2018-06-17 00:00:00 UTC,68,796,416000229,10.134027777777778
2018-06-17 00:00:00 UTC,68,797,416000229,7.4447222222222216
2018-06-17 00:00:00 UTC,68,795,416000229,0.325
2018-06-17 00:00:00 UTC,68,792,417020393,11.345972222222223
2018-06-17 00:00:00 UTC,324,-1179,368437000,0.13375
2018-06-17 00:00:00 UTC,324,-173,255402260,16.836111111111112
2018-06-17 00:00:00 UTC,324,1268,440700440,0.8143055555555555
2018-06-17 00:00:00 UTC,324,-798,367511850,0.56652777777777774
2018-06-17 00:00:00 UTC,324,-1176,369713000,0.11791666666666667
2018-06-17 00:00:00 UTC,324,-1177,369713000,9.4966666666666661
2018-06-17 00:00:00 UTC,580,-5,234912000,4.7583333333333329
2018-06-17 00:00:00 UTC,580,-4,234912000,0.85472222222222216
2018-06-17 00:00:00 UTC,580,103,265781000,2.0638888888888891
2018-06-17 00:00:00 UTC,580,102,265781000,2.7941666666666674
2018-06-17 00:00:00 UTC,580,101,265781000,1.1920833333333334
2018-06-17 00:00:00 UTC,580,104,265781000,0.27930555555555558
2018-06-17 00:00:00 UTC,580,100,265781000,0.74541666666666662
2018-06-17 00:00:00 UTC,580,-95,224181000,5.4480555555555554
2018-06-17 00:00:00 UTC,580,-73,235003400,2.9341666666666666
2018-06-17 00:00:00 UTC,580,-1350,367344650,4.3786111111111117
2018-06-17 00:00:00 UTC,580,-2,235117076,3.3225
2018-06-17 00:00:00 UTC,580,-4,235117076,1.2291666666666665
2018-06-17 00:00:00 UTC,580,-3,235117076,4.4277777777777771
2018-06-17 00:00:00 UTC,580,-63,235001626,0.27777777777777779
2018-06-17 00:00:00 UTC,580,-62,235001626,1.5690277777777779
2018-06-17 00:00:00 UTC,580,-62,235008030,1.702638888888889
2018-06-17 00:00:00 UTC,580,-63,235008030,2.5869444444444443
2018-06-17 00:00:00 UTC,580,83,257396000,0.51374999999999993
2018-06-17 00:00:00 UTC,580,82,257396000,2.061666666666667
2018-06-17 00:00:00 UTC,580,104,220329000,0.591388888888889
2018-06-17 00:00:00 UTC,580,105,220329000,2.80875
2018-06-17 00:00:00 UTC,580,-62,235001897,4.1615277777777777
2018-06-17 00:00:00 UTC,580,-63,235001897,3.9259722222222218
2018-06-17 00:00:00 UTC,580,-61,235001897,0.27361111111111114
2018-06-17 00:00:00 UTC,580,-1671,338526000,0.694861111111111
2018-06-17 00:00:00 UTC,580,-1672,338526000,0.44652777777777775
2018-06-17 00:00:00 UTC,580,117,265658160,1.1500000000000001
2018-06-17 00:00:00 UTC,580,118,265658160,0.88819444444444451
2018-06-17 00:00:00 UTC,580,-5,235001650,7.7394444444444446
2018-06-17 00:00:00 UTC,580,107,219443000,3.3745833333333337
2018-06-17 00:00:00 UTC,580,-4,235060281,0.8666666666666667
2018-06-17 00:00:00 UTC,580,-5,235060281,0.66666666666666663
2018-06-17 00:00:00 UTC,580,-2,235003460,4.8711111111111114
2018-06-17 00:00:00 UTC,580,1535,273416010,0.975
2018-06-17 00:00:00 UTC,580,-3,235098956,3.6116666666666668
2018-06-17 00:00:00 UTC,580,-2,235098956,2.9133333333333336
2018-06-17 00:00:00 UTC,580,-4,235098956,4.0734722222222217
2018-06-17 00:00:00 UTC,580,-30,235009100,6.6220833333333342
2018-06-17 00:00:00 UTC,580,-31,235009100,4.03375
2018-06-17 00:00:00 UTC,580,-29,235009100,5.3987500000000006
2018-06-17 00:00:00 UTC,580,-28,235009100,3.3180555555555555
2018-06-17 00:00:00 UTC,580,107,266322000,0.523611111111111
2018-06-17 00:00:00 UTC,580,-7,232012119,1.1609722222222223
2018-06-17 00:00:00 UTC,580,-5,232012119,1.4766666666666666
2018-06-17 00:00:00 UTC,580,-27,232711000,3.1990277777777782
2018-06-17 00:00:00 UTC,580,110,220135000,3.225138888888889
2018-06-17 00:00:00 UTC,580,-62,235013472,8.4329166666666673
2018-06-17 00:00:00 UTC,580,-61,235013472,2.495
2018-06-17 00:00:00 UTC,580,-2,235007080,1.8168055555555558
2018-06-17 00:00:00 UTC,580,-5,235007080,4.0626388888888894
2018-06-17 00:00:00 UTC,580,-3,235007080,1.2359722222222222
2018-06-17 00:00:00 UTC,580,-4,235007080,0.39125
2018-06-17 00:00:00 UTC,580,110,219013485,1.9054166666666663
2018-06-17 00:00:00 UTC,580,109,219013485,2.4568055555555555
2018-06-17 00:00:00 UTC,580,-9,35031151,0.30000000000000004
2018-06-17 00:00:00 UTC,580,-10,35031151,2.6155555555555554
2018-06-17 00:00:00 UTC,580,1521,273376120,0.33736111111111106
2018-06-17 00:00:00 UTC,580,-62,235010940,2.8898611111111108
2018-06-17 00:00:00 UTC,580,-61,235010940,2.9393055555555549
2018-06-17 00:00:00 UTC,580,-3,235082365,4.0123611111111108
2018-06-17 00:00:00 UTC,580,-5,235082365,2.9122222222222223
2018-06-17 00:00:00 UTC,580,104,219005583,0.942361111111111
2018-06-17 00:00:00 UTC,580,105,219005583,4.6118055555555548
2018-06-17 00:00:00 UTC,580,-30,235103644,0.83027777777777778
2018-06-17 00:00:00 UTC,580,-29,235103644,3.1373611111111108
2018-06-17 00:00:00 UTC,580,109,219013539,2.276388888888889
2018-06-17 00:00:00 UTC,580,106,219013539,1.9688888888888889
2018-06-17 00:00:00 UTC,580,105,219013539,1.72125
2018-06-17 00:00:00 UTC,580,1528,273870500,2.5402777777777779
2018-06-17 00:00:00 UTC,580,1524,273870500,2.0536111111111111
2018-06-17 00:00:00 UTC,580,1527,273870500,4.347222222222225
2018-06-17 00:00:00 UTC,580,1526,273870500,0.67666666666666675
2018-06-17 00:00:00 UTC,580,-5,235118269,2.7176388888888887
2018-06-17 00:00:00 UTC,580,-3,235118269,2.2095833333333332
2018-06-17 00:00:00 UTC,580,110,220088000,2.8859722222222217
2018-06-17 00:00:00 UTC,580,109,220088000,2.3780555555555556
2018-06-17 00:00:00 UTC,580,-1372,316002764,0.72
2018-06-17 00:00:00 UTC,580,-1379,316002764,3.4066666666666667
2018-06-17 00:00:00 UTC,580,-1373,316002764,0.45222222222222219
2018-06-17 00:00:00 UTC,580,-1374,316002764,0.55027777777777787
2018-06-17 00:00:00 UTC,580,-1375,316002764,0.36291666666666667
2018-06-17 00:00:00 UTC,580,-1370,316002764,2.0408333333333331
2018-06-17 00:00:00 UTC,580,-1376,316002764,0.63013888888888892
2018-06-17 00:00:00 UTC,580,-1368,316002764,0.90805555555555573
2018-06-17 00:00:00 UTC,580,-1377,316002764,0.54027777777777786
2018-06-17 00:00:00 UTC,580,-1371,316002764,0.73208333333333331
2018-06-17 00:00:00 UTC,580,-1369,316002764,2.7097222222222221
2018-06-17 00:00:00 UTC,580,-1378,316002764,0.84874999999999989
2018-06-17 00:00:00 UTC,580,-5,233826000,2.8519444444444444
2018-06-17 00:00:00 UTC,580,-3,233826000,3.7679166666666664
2018-06-17 00:00:00 UTC,580,107,219023313,2.515
2018-06-17 00:00:00 UTC,580,108,219023313,2.2679166666666664
2018-06-17 00:00:00 UTC,580,106,219023313,0.95861111111111119
2018-06-17 00:00:00 UTC,580,102,219023313,0.57638888888888884
2018-06-17 00:00:00 UTC,580,-4,232003540,2.1597222222222223
2018-06-17 00:00:00 UTC,580,105,220343000,1.4029166666666666
2018-06-17 00:00:00 UTC,580,106,220343000,0.49694444444444452
2018-06-17 00:00:00 UTC,580,106,220279000,1.4218055555555555
2018-06-17 00:00:00 UTC,580,105,220279000,3.5904166666666666
2018-06-17 00:00:00 UTC,580,22,220151000,1.4995833333333333
2018-06-17 00:00:00 UTC,580,-1673,367650780,1.6070833333333332
2018-06-17 00:00:00 UTC,580,-63,235003103,3.8376388888888884
2018-06-17 00:00:00 UTC,580,106,219948000,1.4355555555555555
2018-06-17 00:00:00 UTC,580,107,219948000,2.733888888888889
2018-06-17 00:00:00 UTC,580,108,219948000,3.09
2018-06-17 00:00:00 UTC,580,52,259340000,8.3041666666666671
2018-06-17 00:00:00 UTC,580,-3,233345000,2.9445833333333336
2018-06-17 00:00:00 UTC,580,114,265755890,1.1959722222222222
2018-06-17 00:00:00 UTC,580,-62,235000315,5.3947222222222226
2018-06-17 00:00:00 UTC,580,-63,235000315,5.1841666666666661
2018-06-17 00:00:00 UTC,580,-64,235000315,1.3087499999999999
2018-06-17 00:00:00 UTC,-444,1714,512000125,1.1724999999999997
2018-06-17 00:00:00 UTC,-444,1715,512000125,0.52763888888888888
2018-06-17 00:00:00 UTC,-444,1720,512000125,1.4569444444444442
2018-06-17 00:00:00 UTC,-444,1713,512000125,0.28625
2018-06-17 00:00:00 UTC,-444,-592,441868000,0.84375
2018-06-17 00:00:00 UTC,-444,-593,441868000,0.5775
2018-06-17 00:00:00 UTC,-444,-591,441868000,2.7893055555555559
2018-06-17 00:00:00 UTC,-188,493,647791106,2.4231944444444444
2018-06-17 00:00:00 UTC,-188,492,647791110,0.58972222222222215
2018-06-17 00:00:00 UTC,-188,-1759,416000775,2.18125
2018-06-17 00:00:00 UTC,-188,-1760,416000775,0.43458333333333332
2018-06-17 00:00:00 UTC,-188,1713,413322770,0.7205555555555555
2018-06-17 00:00:00 UTC,-188,1717,412687160,0.91833333333333322
2018-06-17 00:00:00 UTC,-188,1719,412687160,0.6151388888888889
2018-06-17 00:00:00 UTC,-188,1720,412687160,1.1780555555555556
2018-06-17 00:00:00 UTC,-188,1745,520189000,1.40375
2018-06-17 00:00:00 UTC,-188,1741,520189000,1.4466666666666668
2018-06-17 00:00:00 UTC,-188,1713,412331101,2.2305555555555556
2018-06-17 00:00:00 UTC,-188,1714,412331101,4.1206944444444451
2018-06-17 00:00:00 UTC,-188,1712,412331101,0.6425
2018-06-17 00:00:00 UTC,-188,1743,520188000,0.52958333333333329
2018-06-17 00:00:00 UTC,-188,1744,520188000,0.67805555555555552
2018-06-17 00:00:00 UTC,-188,1740,520188000,0.79625000000000012
2018-06-17 00:00:00 UTC,-188,-875,224987000,0.20208333333333334
2018-06-17 00:00:00 UTC,-188,118,312795000,0.1725
2018-06-17 00:00:00 UTC,-188,117,312795000,1.0444444444444445
2018-06-17 00:00:00 UTC,-188,117,659471000,1.7148611111111105
2018-06-17 00:00:00 UTC,-188,1743,520313000,0.83138888888888884
2018-06-17 00:00:00 UTC,-188,1744,520313000,1.391111111111111
2018-06-17 00:00:00 UTC,-188,117,261518000,1.7938888888888889
2018-06-17 00:00:00 UTC,-188,580,645368000,0.40916666666666668
2018-06-17 00:00:00 UTC,-188,1713,413322690,0.61041666666666672
2018-06-17 00:00:00 UTC,-188,1757,520075000,1.6105555555555555
2018-06-17 00:00:00 UTC,-188,1758,520075000,1.1470833333333332
2018-06-17 00:00:00 UTC,69,617,412326854,5.0779166666666669
2018-06-17 00:00:00 UTC,69,599,412326855,3.489583333333333
2018-06-17 00:00:00 UTC,69,795,416000229,4.0894444444444442
2018-06-17 00:00:00 UTC,325,1261,440156170,4.3584722222222219
2018-06-17 00:00:00 UTC,325,1260,440156170,0.55166666666666675
2018-06-17 00:00:00 UTC,325,1212,413836045,2.0608333333333326
2018-06-17 00:00:00 UTC,325,-798,367511850,0.27930555555555558
2018-06-17 00:00:00 UTC,325,-1176,369713000,0.56291666666666662
2018-06-17 00:00:00 UTC,325,1260,440150440,1.2863888888888888
2018-06-17 00:00:00 UTC,325,1262,440150440,6.2830555555555545
2018-06-17 00:00:00 UTC,325,1261,440150440,0.94055555555555548
2018-06-17 00:00:00 UTC,325,1259,440150440,6.1154166666666665
2018-06-17 00:00:00 UTC,581,-97,224181000,3.9193055555555554
2018-06-17 00:00:00 UTC,581,-72,235003400,3.1380555555555554
2018-06-17 00:00:00 UTC,581,-73,235003400,3.5308333333333333
2018-06-17 00:00:00 UTC,581,-62,235001626,12.970555555555555
2018-06-17 00:00:00 UTC,581,-59,235008030,4.4845833333333331
2018-06-17 00:00:00 UTC,581,-62,235008030,0.42347222222222225
2018-06-17 00:00:00 UTC,581,-61,235008030,2.5004166666666667
2018-06-17 00:00:00 UTC,581,-63,235008030,1.9926388888888891
2018-06-17 00:00:00 UTC,581,-60,235008030,8.35111111111111
2018-06-17 00:00:00 UTC,581,87,259540000,1.4163888888888889
2018-06-17 00:00:00 UTC,581,-61,235001897,5.5693055555555562
2018-06-17 00:00:00 UTC,581,-63,235001897,1.2401388888888889
2018-06-17 00:00:00 UTC,581,-62,235001897,2.2226388888888891
2018-06-17 00:00:00 UTC,581,101,219294000,1.7581944444444444
2018-06-17 00:00:00 UTC,581,107,219294000,2.2751388888888893
2018-06-17 00:00:00 UTC,581,102,219294000,0.93194444444444446
2018-06-17 00:00:00 UTC,581,103,219294000,2.5111111111111111
2018-06-17 00:00:00 UTC,581,106,219294000,1.9543055555555555
2018-06-17 00:00:00 UTC,581,104,219294000,4.2745833333333332
2018-06-17 00:00:00 UTC,581,100,219294000,1.9016666666666668
2018-06-17 00:00:00 UTC,581,99,219294000,0.62777777777777777
2018-06-17 00:00:00 UTC,581,105,219294000,3.8713888888888892
2018-06-17 00:00:00 UTC,581,-1672,338526000,4.1818055555555551
2018-06-17 00:00:00 UTC,581,-1673,338526000,1.4005555555555553
2018-06-17 00:00:00 UTC,581,-1674,338526000,0.21638888888888888
2018-06-17 00:00:00 UTC,581,-1671,338526000,0.2870833333333333
2018-06-17 00:00:00 UTC,581,107,219443000,0.62527777777777782
2018-06-17 00:00:00 UTC,581,105,219443000,2.0598611111111111
2018-06-17 00:00:00 UTC,581,106,219443000,2.537638888888889
2018-06-17 00:00:00 UTC,581,65,257492800,1.1505555555555556
2018-06-17 00:00:00 UTC,581,1535,273416010,7.2586111111111107
2018-06-17 00:00:00 UTC,581,-31,235009100,0.53597222222222229
2018-06-17 00:00:00 UTC,581,-30,235009100,1.0027777777777778
2018-06-17 00:00:00 UTC,581,-76,235826000,1.8622222222222222
2018-06-17 00:00:00 UTC,581,107,266322000,0.59736111111111112
2018-06-17 00:00:00 UTC,581,107,266066000,0.56597222222222221
2018-06-17 00:00:00 UTC,581,-26,232711000,20.404166666666665
2018-06-17 00:00:00 UTC,581,-27,232711000,0.33611111111111114
2018-06-17 00:00:00 UTC,581,110,220135000,2.7105555555555561
2018-06-17 00:00:00 UTC,581,-60,235013472,1.6211111111111109
2018-06-17 00:00:00 UTC,581,-61,235013472,1.2484722222222222
2018-06-17 00:00:00 UTC,581,109,219013485,2.2377777777777776
2018-06-17 00:00:00 UTC,581,110,219013485,0.78847222222222224
2018-06-17 00:00:00 UTC,581,-11,35031151,5.039305555555555
2018-06-17 00:00:00 UTC,581,107,266150000,0.32999999999999996
2018-06-17 00:00:00 UTC,581,1518,273819000,4.2904166666666663
2018-06-17 00:00:00 UTC,581,1519,273819000,1.3165277777777775
2018-06-17 00:00:00 UTC,581,1517,273819000,3.6579166666666674
2018-06-17 00:00:00 UTC,581,1520,273819000,0.40611111111111114
2018-06-17 00:00:00 UTC,581,1526,273376120,0.33055555555555555
2018-06-17 00:00:00 UTC,581,1527,273376120,1.8520833333333335
2018-06-17 00:00:00 UTC,581,-5,235002500,2.7223611111111108
2018-06-17 00:00:00 UTC,581,86,257282700,1.6673611111111113
2018-06-17 00:00:00 UTC,581,64,257860500,1.7830555555555554
2018-06-17 00:00:00 UTC,581,-599,316100000,3.3695833333333334
2018-06-17 00:00:00 UTC,581,109,219013539,6.8940277777777785
2018-06-17 00:00:00 UTC,581,1527,273870500,1.0018055555555556
2018-06-17 00:00:00 UTC,581,1526,273870500,0.28680555555555554
2018-06-17 00:00:00 UTC,581,1528,273870500,1.7629166666666667
2018-06-17 00:00:00 UTC,581,109,220088000,4.4090277777777773
2018-06-17 00:00:00 UTC,581,110,220088000,0.56083333333333329
2018-06-17 00:00:00 UTC,581,102,219023313,1.2858333333333332
2018-06-17 00:00:00 UTC,581,100,219023313,0.523611111111111
2018-06-17 00:00:00 UTC,581,101,219023313,2.5458333333333338
2018-06-17 00:00:00 UTC,581,103,219023313,1.5086111111111113
2018-06-17 00:00:00 UTC,581,106,219023313,1.5154166666666669
2018-06-17 00:00:00 UTC,581,105,219023313,1.734861111111111
2018-06-17 00:00:00 UTC,581,104,219023313,0.60125
2018-06-17 00:00:00 UTC,581,-31,233975000,0.53277777777777779
2018-06-17 00:00:00 UTC,581,105,220279000,0.55541666666666667
2018-06-17 00:00:00 UTC,581,19,220151000,2.2111111111111112
2018-06-17 00:00:00 UTC,581,18,220151000,0.6086111111111111
2018-06-17 00:00:00 UTC,581,21,220151000,2.0905555555555555
2018-06-17 00:00:00 UTC,581,22,220151000,1.8880555555555556
2018-06-17 00:00:00 UTC,581,20,220151000,3.8055555555555554
2018-06-17 00:00:00 UTC,581,-1675,367650780,0.62513888888888891
2018-06-17 00:00:00 UTC,581,-1674,367650780,1.6165277777777778
2018-06-17 00:00:00 UTC,581,-1673,367650780,1.6506944444444447
2018-06-17 00:00:00 UTC,581,-63,235003103,0.56791666666666663
2018-06-17 00:00:00 UTC,581,-61,235003103,0.89986111111111111
2018-06-17 00:00:00 UTC,581,-62,235003103,4.61125
2018-06-17 00:00:00 UTC,581,105,219948000,2.0279166666666666
2018-06-17 00:00:00 UTC,581,108,219948000,2.8111111111111109
2018-06-17 00:00:00 UTC,581,104,219948000,0.91652777777777772
2018-06-17 00:00:00 UTC,581,106,219948000,1.149861111111111
2018-06-17 00:00:00 UTC,-443,1720,512000125,1.5152777777777777
2018-06-17 00:00:00 UTC,-443,-750,725000620,0.60694444444444451
2018-06-17 00:00:00 UTC,-443,-593,441868000,0.62763888888888886
2018-06-17 00:00:00 UTC,-443,-594,441868000,2.0540277777777778
2018-06-17 00:00:00 UTC,-187,492,647791110,0.28791666666666665
2018-06-17 00:00:00 UTC,-187,-1760,416000775,1.620138888888889
2018-06-17 00:00:00 UTC,-187,-1759,416000775,1.0476388888888888
2018-06-17 00:00:00 UTC,-187,1713,413322770,0.84138888888888885
2018-06-17 00:00:00 UTC,-187,82,431070000,0.84111111111111114
2018-06-17 00:00:00 UTC,-187,1719,412687160,1.7195833333333335
2018-06-17 00:00:00 UTC,-187,1717,412687160,0.98208333333333342
2018-06-17 00:00:00 UTC,-187,1740,520189000,1.3868055555555556
2018-06-17 00:00:00 UTC,-187,1741,520189000,1.5544444444444443
2018-06-17 00:00:00 UTC,-187,1714,412331101,1.6766666666666665
2018-06-17 00:00:00 UTC,-187,1712,412331101,0.87722222222222224
2018-06-17 00:00:00 UTC,-187,1743,520188000,0.46236111111111111
2018-06-17 00:00:00 UTC,-187,1740,520188000,0.75347222222222232
2018-06-17 00:00:00 UTC,-187,1739,520188000,0.55833333333333335
2018-06-17 00:00:00 UTC,-187,1744,520188000,0.27541666666666664
2018-06-17 00:00:00 UTC,-187,-875,224987000,0.9275
2018-06-17 00:00:00 UTC,-187,-874,224987000,0.35583333333333333
2018-06-17 00:00:00 UTC,-187,117,312795000,0.5643055555555555
2018-06-17 00:00:00 UTC,-187,117,659471000,0.67472222222222211
2018-06-17 00:00:00 UTC,-187,1742,520313000,1.3640277777777778
2018-06-17 00:00:00 UTC,-187,117,261518000,2.7154166666666661
2018-06-17 00:00:00 UTC,-187,581,645368000,5.928055555555555
2018-06-17 00:00:00 UTC,-187,1713,413322690,0.77916666666666656
2018-06-17 00:00:00 UTC,-187,1757,520075000,1.3551388888888889
2018-06-17 00:00:00 UTC,-187,1756,520075000,0.86652777777777779
2018-06-17 00:00:00 UTC,70,1608,412460073,1.3443055555555556
2018-06-17 00:00:00 UTC,70,1609,412460073,1.16375
2018-06-17 00:00:00 UTC,70,1607,412460073,4.3147222222222226
2018-06-17 00:00:00 UTC,70,1610,412460073,0.92638888888888893
2018-06-17 00:00:00 UTC,70,-1380,412440235,1.0129166666666665
2018-06-17 00:00:00 UTC,70,-1382,412440235,0.26513888888888892
2018-06-17 00:00:00 UTC,70,-1383,412440235,1.0731944444444443
2018-06-17 00:00:00 UTC,70,617,412326854,1.1037500000000002
2018-06-17 00:00:00 UTC,70,616,412326854,2.4226388888888888
2018-06-17 00:00:00 UTC,326,-169,255401480,3.8070833333333338
2018-06-17 00:00:00 UTC,326,-170,255402260,3.9179166666666658
2018-06-17 00:00:00 UTC,326,-169,204829000,0.32375
2018-06-17 00:00:00 UTC,326,1262,440145240,0.68986111111111115
2018-06-17 00:00:00 UTC,326,-1175,338242137,1.1895833333333334
2018-06-17 00:00:00 UTC,326,-169,204858000,0.8570833333333332
2018-06-17 00:00:00 UTC,326,-170,204208790,1.1305555555555555
2018-06-17 00:00:00 UTC,326,-170,204209570,0.52208333333333334
2018-06-17 00:00:00 UTC,326,1262,440700870,5.3295833333333338
2018-06-17 00:00:00 UTC,326,1263,440700870,0.44680555555555551
2018-06-17 00:00:00 UTC,326,-1172,367378380,4.0811111111111105
2018-06-17 00:00:00 UTC,326,-1173,367378380,1.5794444444444449
2018-06-17 00:00:00 UTC,326,-170,204834000,1.2418055555555552
2018-06-17 00:00:00 UTC,326,-1172,367378390,4.6252777777777778
2018-06-17 00:00:00 UTC,326,-1173,367378390,2.3636111111111111
2018-06-17 00:00:00 UTC,326,-180,255402480,0.97611111111111115
2018-06-17 00:00:00 UTC,326,1211,412354292,0.5
2018-06-17 00:00:00 UTC,582,-96,224181000,2.67
2018-06-17 00:00:00 UTC,582,-71,235003400,0.65375
2018-06-17 00:00:00 UTC,582,-72,235003400,0.82222222222222219
2018-06-17 00:00:00 UTC,582,112,265622550,1.7038888888888888
2018-06-17 00:00:00 UTC,582,87,259540000,0.8568055555555556
2018-06-17 00:00:00 UTC,582,103,219294000,0.61277777777777775
2018-06-17 00:00:00 UTC,582,102,219294000,0.58444444444444443
2018-06-17 00:00:00 UTC,582,-1672,338526000,0.17861111111111111
2018-06-17 00:00:00 UTC,582,-1674,338526000,1.4631944444444447
2018-06-17 00:00:00 UTC,582,-1667,338526000,0.40694444444444444
2018-06-17 00:00:00 UTC,582,-1673,338526000,1.1595833333333332
2018-06-17 00:00:00 UTC,582,-1675,338526000,0.42319444444444443
2018-06-17 00:00:00 UTC,582,1531,273894200,7.5775
2018-06-17 00:00:00 UTC,582,1530,273894200,8.6408333333333314
2018-06-17 00:00:00 UTC,582,1529,273894200,2.1993055555555547
2018-06-17 00:00:00 UTC,582,1532,273894200,0.61916666666666664
2018-06-17 00:00:00 UTC,582,102,219443000,1.4429166666666668
2018-06-17 00:00:00 UTC,582,103,219443000,1.87375
2018-06-17 00:00:00 UTC,582,104,219443000,1.8470833333333332
2018-06-17 00:00:00 UTC,582,105,219443000,1.8720833333333333
2018-06-17 00:00:00 UTC,582,65,257492800,0.25444444444444447
2018-06-17 00:00:00 UTC,582,64,257492800,0.54138888888888892
2018-06-17 00:00:00 UTC,582,114,265730370,12.598333333333333
2018-06-17 00:00:00 UTC,582,-76,235826000,2.5666666666666664
2018-06-17 00:00:00 UTC,582,1530,273376350,0.92527777777777775
2018-06-17 00:00:00 UTC,582,1531,273376350,0.4727777777777778
2018-06-17 00:00:00 UTC,582,1529,273376350,1.81125
2018-06-17 00:00:00 UTC,582,1528,273376350,0.52083333333333326
2018-06-17 00:00:00 UTC,582,1518,273819000,2.9336111111111118
2018-06-17 00:00:00 UTC,582,1519,273819000,0.52152777777777781
2018-06-17 00:00:00 UTC,582,1531,273376120,0.96722222222222232
2018-06-17 00:00:00 UTC,582,1529,273376120,1.1797222222222223
2018-06-17 00:00:00 UTC,582,88,257502600,0.95944444444444454
2018-06-17 00:00:00 UTC,582,87,257502600,1.4852777777777775
2018-06-17 00:00:00 UTC,582,87,257282700,0.24972222222222223
2018-06-17 00:00:00 UTC,582,86,257282700,0.666111111111111
2018-06-17 00:00:00 UTC,582,-1534,367181980,1.255
2018-06-17 00:00:00 UTC,582,-600,316100000,1.1536111111111109
2018-06-17 00:00:00 UTC,582,-599,316100000,7.7936111111111117
2018-06-17 00:00:00 UTC,582,62,257025440,1.0155555555555553
2018-06-17 00:00:00 UTC,582,63,257025440,1.3369444444444443
2018-06-17 00:00:00 UTC,582,109,219013539,1.7658333333333334
2018-06-17 00:00:00 UTC,582,108,219013539,1.5356944444444445
2018-06-17 00:00:00 UTC,582,-60,235000502,3.904027777777777
2018-06-17 00:00:00 UTC,582,108,220088000,0.42444444444444446
2018-06-17 00:00:00 UTC,582,109,220088000,0.41930555555555554
2018-06-17 00:00:00 UTC,582,-31,233975000,3.8352777777777782
2018-06-17 00:00:00 UTC,582,-30,233975000,0.33986111111111111
2018-06-17 00:00:00 UTC,582,17,220151000,3.3583333333333329
2018-06-17 00:00:00 UTC,582,20,220151000,0.26180555555555557
2018-06-17 00:00:00 UTC,582,18,220151000,3.6329166666666666
2018-06-17 00:00:00 UTC,582,16,220151000,0.26722222222222225
2018-06-17 00:00:00 UTC,582,19,220151000,1.0577777777777777
2018-06-17 00:00:00 UTC,582,-28,234839000,0.29069444444444442
2018-06-17 00:00:00 UTC,582,-1676,367650780,2.805277777777778
2018-06-17 00:00:00 UTC,582,-1673,367650780,1.2233333333333332
2018-06-17 00:00:00 UTC,582,-1675,367650780,0.4309722222222222
2018-06-17 00:00:00 UTC,582,-61,235003103,0.591111111111111
2018-06-17 00:00:00 UTC,582,-62,235003103,0.6645833333333333
2018-06-17 00:00:00 UTC,582,108,219948000,0.27777777777777779
2018-06-17 00:00:00 UTC,582,112,266326000,0.83486111111111116
2018-06-17 00:00:00 UTC,-442,1760,512426000,0.072777777777777775
2018-06-17 00:00:00 UTC,-442,1761,512426000,0.60125000000000006
2018-06-17 00:00:00 UTC,-442,1748,512435000,1.2733333333333332
2018-06-17 00:00:00 UTC,-442,1747,512435000,0.11916666666666667
2018-06-17 00:00:00 UTC,-442,1749,512435000,0.19416666666666668
2018-06-17 00:00:00 UTC,-442,1720,512000125,1.6752777777777774
2018-06-17 00:00:00 UTC,-442,-750,725000620,2.4194444444444438
2018-06-17 00:00:00 UTC,-442,-749,725000620,0.30277777777777781
2018-06-17 00:00:00 UTC,-442,-565,412329698,2.9772222222222222
2018-06-17 00:00:00 UTC,-442,-63,441910000,3.606666666666666
2018-06-17 00:00:00 UTC,-442,-64,441910000,0.21638888888888891
2018-06-17 00:00:00 UTC,-442,-62,441910000,2.3218055555555561
2018-06-17 00:00:00 UTC,-186,-1758,416000775,0.36708333333333332
2018-06-17 00:00:00 UTC,-186,-1761,416000775,1.4711111111111113
2018-06-17 00:00:00 UTC,-186,-1759,416000775,0.537638888888889
2018-06-17 00:00:00 UTC,-186,1713,413322770,1.0109722222222222
2018-06-17 00:00:00 UTC,-186,82,431070000,2.1004166666666664
2018-06-17 00:00:00 UTC,-186,1719,412687160,1.0970833333333334
2018-06-17 00:00:00 UTC,-186,1718,412687160,3.5799999999999996
2018-06-17 00:00:00 UTC,-186,1740,520189000,1.4502777777777778
2018-06-17 00:00:00 UTC,-186,1714,412331101,2.1961111111111116
2018-06-17 00:00:00 UTC,-186,1713,412331101,1.8605555555555555
2018-06-17 00:00:00 UTC,-186,1743,520188000,1.0311111111111111
2018-06-17 00:00:00 UTC,-186,1739,520188000,1.3893055555555556
2018-06-17 00:00:00 UTC,-186,-874,224987000,1.0473611111111112
2018-06-17 00:00:00 UTC,-186,82,431099000,0.49000000000000005
2018-06-17 00:00:00 UTC,-186,117,312795000,2.5256944444444454
2018-06-17 00:00:00 UTC,-186,116,312795000,0.83499999999999985
2018-06-17 00:00:00 UTC,-186,117,659471000,0.681111111111111
2018-06-17 00:00:00 UTC,-186,116,659471000,4.2755555555555542
2018-06-17 00:00:00 UTC,-186,115,659471000,0.3444444444444445
2018-06-17 00:00:00 UTC,-186,1744,520313000,1.1925
2018-06-17 00:00:00 UTC,-186,1742,520313000,1.4795833333333333
2018-06-17 00:00:00 UTC,-186,116,261518000,1.9486111111111111
2018-06-17 00:00:00 UTC,-186,117,261518000,1.5448611111111108
2018-06-17 00:00:00 UTC,-186,1712,413322690,0.61875
2018-06-17 00:00:00 UTC,-186,1713,413322690,0.48055555555555557
2018-06-17 00:00:00 UTC,-186,1756,520075000,7.6475
2018-06-17 00:00:00 UTC,71,1613,412460073,1.0154166666666666
2018-06-17 00:00:00 UTC,71,1610,412460073,0.74972222222222229
2018-06-17 00:00:00 UTC,71,1611,412460073,1.0277777777777777
2018-06-17 00:00:00 UTC,71,1612,412460073,1.281527777777778
2018-06-17 00:00:00 UTC,71,-1380,412440235,0.88555555555555554
2018-06-17 00:00:00 UTC,71,-1382,412440235,0.70791666666666664
2018-06-17 00:00:00 UTC,327,-1176,338242137,4.229166666666667
2018-06-17 00:00:00 UTC,327,-1173,369713000,2.1476388888888889
2018-06-17 00:00:00 UTC,327,1211,412354995,2.6000000000000005
2018-06-17 00:00:00 UTC,327,1261,440700870,5.2619444444444445
2018-06-17 00:00:00 UTC,327,1262,440700870,0.35555555555555557
2018-06-17 00:00:00 UTC,327,1271,440014540,9.7566666666666677
2018-06-17 00:00:00 UTC,327,1272,440014540,0.59875
2018-06-17 00:00:00 UTC,327,-1173,367378380,0.15736111111111112
2018-06-17 00:00:00 UTC,327,-180,255402480,17.850833333333338
2018-06-17 00:00:00 UTC,327,-181,255402480,2.0965277777777778
2018-06-17 00:00:00 UTC,327,1273,440331260,2.675555555555555
2018-06-17 00:00:00 UTC,327,1271,440331260,4.28625
2018-06-17 00:00:00 UTC,327,1272,440331260,6.9191666666666656
2018-06-17 00:00:00 UTC,583,-95,224181000,1.1281944444444445
2018-06-17 00:00:00 UTC,583,105,219443000,3.447222222222222
2018-06-17 00:00:00 UTC,583,107,219762000,1.765138888888889
2018-06-17 00:00:00 UTC,583,106,219762000,0.275
2018-06-17 00:00:00 UTC,583,-76,235826000,2.5777777777777775
2018-06-17 00:00:00 UTC,583,1531,273376120,0.068611111111111123
2018-06-17 00:00:00 UTC,583,105,265787000,0.62208333333333332
2018-06-17 00:00:00 UTC,583,110,266437000,1.2724999999999997
2018-06-17 00:00:00 UTC,583,-1532,367181980,1.735694444444444
2018-06-17 00:00:00 UTC,583,-1533,367181980,3.7574999999999994
2018-06-17 00:00:00 UTC,583,-1534,367181980,1.4766666666666666
2018-06-17 00:00:00 UTC,583,-599,316100000,1.0531944444444445
2018-06-17 00:00:00 UTC,583,-601,316100000,1.6287499999999995
2018-06-17 00:00:00 UTC,583,-600,316100000,5.289027777777779
2018-06-17 00:00:00 UTC,583,63,257025440,1.3325
2018-06-17 00:00:00 UTC,583,62,257025440,0.36638888888888888
2018-06-17 00:00:00 UTC,583,16,258542000,1.983611111111111
2018-06-17 00:00:00 UTC,583,15,258542000,1.2009722222222221
2018-06-17 00:00:00 UTC,583,-60,235000502,2.6473611111111111
2018-06-17 00:00:00 UTC,583,-59,235000502,6.2318055555555549
2018-06-17 00:00:00 UTC,583,16,220151000,1.6793055555555556
2018-06-17 00:00:00 UTC,583,-30,234839000,18.221111111111114
2018-06-17 00:00:00 UTC,583,-28,234839000,1.1545833333333333
2018-06-17 00:00:00 UTC,583,-29,234839000,4.1923611111111105
2018-06-17 00:00:00 UTC,-441,1761,512426000,3.3322222222222213
2018-06-17 00:00:00 UTC,-441,-753,725000990,0.61791666666666667
2018-06-17 00:00:00 UTC,-441,1746,512435000,0.42583333333333334
2018-06-17 00:00:00 UTC,-441,1747,512435000,1.4243055555555555
2018-06-17 00:00:00 UTC,-441,1720,512000125,0.050833333333333328
2018-06-17 00:00:00 UTC,-441,1721,512000125,0.073055555555555568
2018-06-17 00:00:00 UTC,-441,-3,441644000,0.68166666666666664
2018-06-17 00:00:00 UTC,-441,-565,412329698,4.5519444444444437
2018-06-17 00:00:00 UTC,-441,-64,441910000,1.1813888888888888
2018-06-17 00:00:00 UTC,-441,-66,441910000,0.23194444444444443
2018-06-17 00:00:00 UTC,-441,-63,441910000,0.54180555555555554
2018-06-17 00:00:00 UTC,-441,-65,441910000,1.4026388888888888
2018-06-17 00:00:00 UTC,-185,-1761,416000775,1.3023611111111109
2018-06-17 00:00:00 UTC,-185,-1758,416000775,0.97375000000000012
2018-06-17 00:00:00 UTC,-185,82,431070000,0.28319444444444447
2018-06-17 00:00:00 UTC,-185,1740,520189000,4.0584722222222229
2018-06-17 00:00:00 UTC,-185,-793,416562000,9.0999999999999979
2018-06-17 00:00:00 UTC,-185,1714,412331101,0.62777777777777777
2018-06-17 00:00:00 UTC,-185,1743,520188000,0.81958333333333333
2018-06-17 00:00:00 UTC,-185,1738,520188000,1.5793055555555553
2018-06-17 00:00:00 UTC,-185,1739,520188000,0.3322222222222222
2018-06-17 00:00:00 UTC,-185,-873,224987000,0.48083333333333333
2018-06-17 00:00:00 UTC,-185,-874,224987000,1.6108333333333329
2018-06-17 00:00:00 UTC,-185,81,431099000,2.2630555555555558
2018-06-17 00:00:00 UTC,-185,82,431099000,0.2361111111111111
2018-06-17 00:00:00 UTC,-185,115,659471000,1.4358333333333333
2018-06-17 00:00:00 UTC,-185,1741,520313000,1.2059722222222222
2018-06-17 00:00:00 UTC,-185,1744,520313000,1.0706944444444446
2018-06-17 00:00:00 UTC,-185,1742,520313000,1.1195833333333334
2018-06-17 00:00:00 UTC,-185,1712,413322690,4.233194444444444
2018-06-17 00:00:00 UTC,-185,81,431700970,0.62986111111111109
2018-06-17 00:00:00 UTC,72,1615,412460073,1.612638888888889
2018-06-17 00:00:00 UTC,72,1616,412460073,0.62180555555555561
2018-06-17 00:00:00 UTC,72,1614,412460073,0.72027777777777779
2018-06-17 00:00:00 UTC,72,1354,416000817,5.4523611111111112
2018-06-17 00:00:00 UTC,72,-1381,412440235,0.68680555555555556
2018-06-17 00:00:00 UTC,72,-1379,412440235,0.26583333333333331
2018-06-17 00:00:00 UTC,72,-1380,412440235,0.60708333333333342
2018-06-17 00:00:00 UTC,328,1261,440143770,1.1123611111111111
2018-06-17 00:00:00 UTC,328,1259,440043980,1.1709722222222223
2018-06-17 00:00:00 UTC,328,-180,255402480,3.1861111111111113
2018-06-17 00:00:00 UTC,584,103,259434000,1.2413888888888889
2018-06-17 00:00:00 UTC,584,104,259434000,1.2277777777777779
2018-06-17 00:00:00 UTC,584,-1661,338526000,0.14333333333333334
2018-06-17 00:00:00 UTC,584,-1660,338526000,0.13763888888888889
2018-06-17 00:00:00 UTC,584,106,219443000,2.0620833333333333
2018-06-17 00:00:00 UTC,584,107,266088000,0.4175
2018-06-17 00:00:00 UTC,584,106,266088000,2.7611111111111111
2018-06-17 00:00:00 UTC,584,104,219762000,0.10555555555555556
2018-06-17 00:00:00 UTC,584,105,219762000,0.53583333333333338
2018-06-17 00:00:00 UTC,584,107,219762000,0.80805555555555553
2018-06-17 00:00:00 UTC,584,106,219762000,2.5837499999999998
2018-06-17 00:00:00 UTC,584,-29,235018597,2.7527777777777778
2018-06-17 00:00:00 UTC,584,-31,235018597,3.3961111111111109
2018-06-17 00:00:00 UTC,584,-30,235018597,17.998333333333328
2018-06-17 00:00:00 UTC,584,110,266437000,3.2013888888888888
2018-06-17 00:00:00 UTC,584,108,266426000,0.37916666666666665
2018-06-17 00:00:00 UTC,584,106,266426000,1.1279166666666667
2018-06-17 00:00:00 UTC,584,107,266426000,0.91944444444444451
2018-06-17 00:00:00 UTC,584,-1530,367181980,2.6231944444444428
2018-06-17 00:00:00 UTC,584,-1532,367181980,2.5555555555555545
2018-06-17 00:00:00 UTC,584,-1531,367181980,6.0866666666666669
2018-06-17 00:00:00 UTC,584,-601,316100000,3.6904166666666658
2018-06-17 00:00:00 UTC,584,15,258542000,1.8518055555555559
2018-06-17 00:00:00 UTC,584,16,258542000,2.5936111111111106
2018-06-17 00:00:00 UTC,584,-59,235000502,0.81
2018-06-17 00:00:00 UTC,584,16,220151000,0.22305555555555556
2018-06-17 00:00:00 UTC,584,105,257687800,0.34555555555555556
2018-06-17 00:00:00 UTC,584,104,257687800,0.25611111111111112
2018-06-17 00:00:00 UTC,-440,-753,725000990,1.8572222222222219
2018-06-17 00:00:00 UTC,-440,1746,512435000,1.3201388888888888
2018-06-17 00:00:00 UTC,-440,1745,512435000,2.0991666666666648
2018-06-17 00:00:00 UTC,-440,1746,512000122,2.3137499999999998
2018-06-17 00:00:00 UTC,-440,1745,512000122,0.21944444444444439
2018-06-17 00:00:00 UTC,-440,-7,441242000,0.15722222222222221
2018-06-17 00:00:00 UTC,-440,-6,441242000,0.34111111111111114
2018-06-17 00:00:00 UTC,-440,-753,725000620,0.2311111111111111
2018-06-17 00:00:00 UTC,-440,-565,412329698,2.2038888888888888
2018-06-17 00:00:00 UTC,-440,-65,441910000,0.31916666666666665
2018-06-17 00:00:00 UTC,-440,-68,441910000,1.379861111111111
2018-06-17 00:00:00 UTC,-440,-69,441910000,0.31527777777777777
2018-06-17 00:00:00 UTC,-440,-67,441910000,1.0844444444444443
2018-06-17 00:00:00 UTC,-440,-66,441910000,0.13347222222222221
2018-06-17 00:00:00 UTC,-184,-1762,416000775,1.4508333333333334
2018-06-17 00:00:00 UTC,-184,-1761,416000775,0.67486111111111124
2018-06-17 00:00:00 UTC,-184,-1758,416000775,0.8104166666666669
2018-06-17 00:00:00 UTC,-184,-1678,518100517,1.0423611111111111
2018-06-17 00:00:00 UTC,-184,81,431070000,0.655
2018-06-17 00:00:00 UTC,-184,82,431070000,0.19999999999999998
2018-06-17 00:00:00 UTC,-184,1740,520189000,2.7079166666666667
2018-06-17 00:00:00 UTC,-184,1713,412331101,1.3141666666666667
2018-06-17 00:00:00 UTC,-184,1712,412331101,4.3116666666666665
2018-06-17 00:00:00 UTC,-184,1743,520188000,0.86791666666666667
2018-06-17 00:00:00 UTC,-184,1738,520188000,1.8952777777777778
2018-06-17 00:00:00 UTC,-184,80,431099000,0.40111111111111114
2018-06-17 00:00:00 UTC,-184,81,431099000,0.95833333333333326
2018-06-17 00:00:00 UTC,-184,1740,520313000,0.1348611111111111
2018-06-17 00:00:00 UTC,-184,1741,520313000,2.1243055555555554
2018-06-17 00:00:00 UTC,-184,1744,520313000,0.91638888888888881
2018-06-17 00:00:00 UTC,73,-1380,412440235,0.25166666666666665
2018-06-17 00:00:00 UTC,73,-1379,412440235,1.2413888888888884
2018-06-17 00:00:00 UTC,73,-1381,412440235,0.47680555555555554
2018-06-17 00:00:00 UTC,73,1353,416002526,5.0770833333333325
2018-06-17 00:00:00 UTC,329,1265,440703022,3.6736111111111107
2018-06-17 00:00:00 UTC,329,1548,431410000,0.44305555555555554
2018-06-17 00:00:00 UTC,329,1547,431410000,0.11930555555555555
2018-06-17 00:00:00 UTC,329,1549,431410000,0.55555555555555558
2018-06-17 00:00:00 UTC,329,1550,431410000,0.8848611111111111
2018-06-17 00:00:00 UTC,329,1265,440138880,11.46638888888889
2018-06-17 00:00:00 UTC,329,1261,440101880,3.0958333333333345
2018-06-17 00:00:00 UTC,329,1262,440101880,7.4826388888888937
2018-06-17 00:00:00 UTC,585,-1350,368035870,0.31236111111111109
2018-06-17 00:00:00 UTC,585,-1349,368035870,0.82097222222222221
2018-06-17 00:00:00 UTC,585,-1658,338526000,0.36611111111111116
2018-06-17 00:00:00 UTC,585,-1657,338526000,0.27486111111111111
2018-06-17 00:00:00 UTC,585,-1660,338526000,0.11458333333333333
2018-06-17 00:00:00 UTC,585,-1656,338526000,0.25638888888888889
2018-06-17 00:00:00 UTC,585,-1659,338526000,0.27555555555555555
2018-06-17 00:00:00 UTC,585,1497,273417010,0.50430555555555556
2018-06-17 00:00:00 UTC,585,1498,273417010,0.22111111111111115
2018-06-17 00:00:00 UTC,585,105,266163000,1.4258333333333333
2018-06-17 00:00:00 UTC,585,105,266088000,1.7513888888888887
2018-06-17 00:00:00 UTC,585,106,266088000,0.62916666666666665
2018-06-17 00:00:00 UTC,585,1524,273416010,0.50180555555555562
2018-06-17 00:00:00 UTC,585,1523,273416010,1.6104166666666668
2018-06-17 00:00:00 UTC,585,104,219762000,2.5220833333333337
2018-06-17 00:00:00 UTC,585,106,219762000,1.1706944444444443
2018-06-17 00:00:00 UTC,585,105,219762000,2.5320833333333321
2018-06-17 00:00:00 UTC,585,-54,235040121,4.5936111111111115
2018-06-17 00:00:00 UTC,585,105,219023738,2.2666666666666675
2018-06-17 00:00:00 UTC,585,106,219023738,0.9081944444444443
2018-06-17 00:00:00 UTC,585,36,211282560,1.0725
2018-06-17 00:00:00 UTC,585,109,266383000,2.6704166666666671
2018-06-17 00:00:00 UTC,585,-1530,367181980,4.6725000000000021
2018-06-17 00:00:00 UTC,585,15,258542000,2.7376388888888892
2018-06-17 00:00:00 UTC,585,16,258542000,5.8266666666666653
2018-06-17 00:00:00 UTC,-439,68,432276000,0.062916666666666662
2018-06-17 00:00:00 UTC,-439,1745,512435000,2.5229166666666658
2018-06-17 00:00:00 UTC,-439,1746,512435000,1.4598611111111106
2018-06-17 00:00:00 UTC,-439,-578,412331072,1.1318055555555555
2018-06-17 00:00:00 UTC,-439,-579,412331072,2.7744444444444447
2018-06-17 00:00:00 UTC,-439,1746,512000122,0.52055555555555555
2018-06-17 00:00:00 UTC,-439,1745,512000122,2.4309722222222225
2018-06-17 00:00:00 UTC,-439,-32,440154000,3.294166666666666
2018-06-17 00:00:00 UTC,-439,-31,440154000,1.875138888888888
2018-06-17 00:00:00 UTC,-439,-6,441242000,0.31666666666666671
2018-06-17 00:00:00 UTC,-439,-752,725000620,1.7240277777777782
2018-06-17 00:00:00 UTC,-439,-753,725000620,1.2040277777777779
2018-06-17 00:00:00 UTC,-439,-591,441667000,0.17666666666666664
2018-06-17 00:00:00 UTC,-439,1730,512004823,0.51194444444444454
2018-06-17 00:00:00 UTC,-439,-70,441910000,1.0666666666666667
2018-06-17 00:00:00 UTC,-439,-71,441910000,1.3530555555555552
2018-06-17 00:00:00 UTC,-439,-69,441910000,1.9163888888888887
2018-06-17 00:00:00 UTC,-439,-68,441910000,1.0679166666666668
2018-06-17 00:00:00 UTC,-183,-1762,416000775,3.3402777777777777
2018-06-17 00:00:00 UTC,-183,-1758,416000775,0.88958333333333339
2018-06-17 00:00:00 UTC,-183,-1678,518100517,0.81444444444444442
2018-06-17 00:00:00 UTC,-183,81,431070000,0.16347222222222221
2018-06-17 00:00:00 UTC,-183,388,650216000,1.8426388888888889
2018-06-17 00:00:00 UTC,-183,1783,412209234,3.9280555555555554
2018-06-17 00:00:00 UTC,-183,1738,520188000,1.5318055555555554
2018-06-17 00:00:00 UTC,-183,1737,520188000,2.0597222222222222
2018-06-17 00:00:00 UTC,-183,81,431099000,2.4380555555555556
2018-06-17 00:00:00 UTC,-183,1743,520313000,0.95375
2018-06-17 00:00:00 UTC,-183,1740,520313000,1.8948611111111111
2018-06-17 00:00:00 UTC,-183,1744,520313000,0.44319444444444445
2018-06-17 00:00:00 UTC,-183,78,431022000,0.44986111111111116
2018-06-17 00:00:00 UTC,-183,80,431700970,0.74416666666666675
2018-06-17 00:00:00 UTC,74,-1380,412440235,0.3930555555555556
2018-06-17 00:00:00 UTC,74,-1379,412440235,0.26666666666666666
2018-06-17 00:00:00 UTC,74,-1378,412440235,0.65888888888888886
2018-06-17 00:00:00 UTC,74,1353,416002526,0.68333333333333335
2018-06-17 00:00:00 UTC,330,1263,440700430,1.2962499999999995
2018-06-17 00:00:00 UTC,330,1264,440700430,2.7452777777777784
2018-06-17 00:00:00 UTC,330,1548,431914000,0.72944444444444445
2018-06-17 00:00:00 UTC,330,1550,431914000,0.4875
2018-06-17 00:00:00 UTC,330,1545,431914000,0.49263888888888896
2018-06-17 00:00:00 UTC,330,1557,431935000,0.5526388888888889
2018-06-17 00:00:00 UTC,330,1555,431935000,0.31
2018-06-17 00:00:00 UTC,330,1556,431935000,0.46722222222222221
2018-06-17 00:00:00 UTC,330,1268,440103980,1.82
2018-06-17 00:00:00 UTC,330,-182,204264000,2.4595833333333332
2018-06-17 00:00:00 UTC,330,-183,204264000,3.6443055555555555
2018-06-17 00:00:00 UTC,330,1546,431410000,0.77319444444444441
2018-06-17 00:00:00 UTC,330,1551,431410000,0.6530555555555555
2018-06-17 00:00:00 UTC,330,-171,55500118,11.110000000000005
2018-06-17 00:00:00 UTC,330,-172,55500118,7.2277777777777779
2018-06-17 00:00:00 UTC,330,1273,440312450,0.44611111111111112
2018-06-17 00:00:00 UTC,330,-170,204858000,0.21527777777777779
2018-06-17 00:00:00 UTC,330,-169,204858000,14.492638888888898
2018-06-17 00:00:00 UTC,330,1265,440701610,10.657222222222222
2018-06-17 00:00:00 UTC,330,1274,440315830,0.13083333333333333
2018-06-17 00:00:00 UTC,330,1263,440101880,1.8627777777777756
2018-06-17 00:00:00 UTC,330,1264,440101880,0.20013888888888889
2018-06-17 00:00:00 UTC,586,107,266208000,5.1147222222222206
2018-06-17 00:00:00 UTC,586,108,266208000,0.41583333333333333
2018-06-17 00:00:00 UTC,586,96,258442000,0.2725
2018-06-17 00:00:00 UTC,586,95,258442000,0.82444444444444454
2018-06-17 00:00:00 UTC,586,-63,227978000,0.29013888888888889
2018-06-17 00:00:00 UTC,586,-1653,367109910,0.99763888888888885
2018-06-17 00:00:00 UTC,586,-1650,367109910,0.68027777777777754
2018-06-17 00:00:00 UTC,586,-1651,367109910,0.82194444444444448
2018-06-17 00:00:00 UTC,586,-1652,367109910,1.5197222222222224
2018-06-17 00:00:00 UTC,586,-1652,338526000,1.0687499999999999
2018-06-17 00:00:00 UTC,586,-1653,338526000,0.68708333333333327
2018-06-17 00:00:00 UTC,586,-1654,338526000,2.2154166666666661
2018-06-17 00:00:00 UTC,586,-1655,338526000,0.32541666666666669
2018-06-17 00:00:00 UTC,586,-1656,338526000,0.20875
2018-06-17 00:00:00 UTC,586,-1651,338526000,0.56222222222222229
2018-06-17 00:00:00 UTC,586,105,266163000,2.3694444444444445
2018-06-17 00:00:00 UTC,586,104,266163000,7.4551388888888876
2018-06-17 00:00:00 UTC,586,105,219762000,1.9774999999999998
2018-06-17 00:00:00 UTC,586,104,219762000,1.3304166666666664
2018-06-17 00:00:00 UTC,586,-68,235826000,0.26513888888888892
2018-06-17 00:00:00 UTC,586,-1573,366830940,0.67805555555555563
2018-06-17 00:00:00 UTC,586,112,265720160,1.4252777777777776
2018-06-17 00:00:00 UTC,586,-1650,366761830,0.72847222222222219
2018-06-17 00:00:00 UTC,586,-1652,366761830,2.3125
2018-06-17 00:00:00 UTC,586,-1651,366761830,1.5736111111111108
2018-06-17 00:00:00 UTC,586,-1654,366761830,1.0884722222222223
2018-06-17 00:00:00 UTC,586,-1653,366761830,1.2477777777777779
2018-06-17 00:00:00 UTC,586,105,219023738,1.9081944444444441
2018-06-17 00:00:00 UTC,586,104,219023738,2.7431944444444447
2018-06-17 00:00:00 UTC,586,103,219023738,0.21680555555555556
2018-06-17 00:00:00 UTC,586,35,211282560,0.60972222222222228
2018-06-17 00:00:00 UTC,586,36,211282560,0.27263888888888888
2018-06-17 00:00:00 UTC,586,109,266426000,0.0925
2018-06-17 00:00:00 UTC,586,109,266383000,2.158611111111111
2018-06-17 00:00:00 UTC,586,55,257104540,0.84166666666666679
2018-06-17 00:00:00 UTC,586,110,265606310,3.3379166666666671
2018-06-17 00:00:00 UTC,586,111,265606310,0.74819444444444438
2018-06-17 00:00:00 UTC,586,16,258542000,1.8334722222222222
2018-06-17 00:00:00 UTC,586,15,258542000,1.028888888888889
2018-06-17 00:00:00 UTC,586,95,259118000,2.7350000000000003
2018-06-17 00:00:00 UTC,586,96,259118000,1.4123611111111112
2018-06-17 00:00:00 UTC,586,1518,273336810,1.6774999999999995
2018-06-17 00:00:00 UTC,586,1516,273336810,5.0531944444444461
2018-06-17 00:00:00 UTC,586,1515,273336810,5.7115277777777793
2018-06-17 00:00:00 UTC,586,1514,273336810,2.6249999999999987
2018-06-17 00:00:00 UTC,586,1517,273336810,6.53875
2018-06-17 00:00:00 UTC,-438,-61,440926000,2.3130555555555543
2018-06-17 00:00:00 UTC,-438,-64,440926000,1.2763888888888888
2018-06-17 00:00:00 UTC,-438,-56,440926000,2.9255555555555555
2018-06-17 00:00:00 UTC,-438,-65,440926000,1.3683333333333332
2018-06-17 00:00:00 UTC,-438,-58,440926000,1.1704166666666664
2018-06-17 00:00:00 UTC,-438,-59,440926000,1.1131944444444444
2018-06-17 00:00:00 UTC,-438,-60,440926000,1.9274999999999995
2018-06-17 00:00:00 UTC,-438,-63,440926000,1.2298611111111111
2018-06-17 00:00:00 UTC,-438,-67,440926000,0.94805555555555554
2018-06-17 00:00:00 UTC,-438,-57,440926000,1.729166666666667
2018-06-17 00:00:00 UTC,-438,-62,440926000,1.8566666666666662
2018-06-17 00:00:00 UTC,-438,-66,440926000,1.2484722222222222
2018-06-17 00:00:00 UTC,-438,1745,512435000,1.4980555555555557
2018-06-17 00:00:00 UTC,-438,1746,512435000,0.12305555555555556
2018-06-17 00:00:00 UTC,-438,-578,412331072,6.054027777777776
2018-06-17 00:00:00 UTC,-438,1745,512000122,3.2983333333333333
2018-06-17 00:00:00 UTC,-438,-7,441242000,0.59611111111111115
2018-06-17 00:00:00 UTC,-438,247,432463000,0.20736111111111111
2018-06-17 00:00:00 UTC,-438,248,432463000,0.70263888888888881
2018-06-17 00:00:00 UTC,-438,1746,512228000,1.4004166666666664
2018-06-17 00:00:00 UTC,-438,-3,440089000,0.35902777777777778
2018-06-17 00:00:00 UTC,-438,-751,725000620,3.1601388888888891
2018-06-17 00:00:00 UTC,-438,-56,440782000,0.54722222222222228
2018-06-17 00:00:00 UTC,-438,-52,440782000,0.32263888888888886
2018-06-17 00:00:00 UTC,-438,-55,440782000,0.46888888888888886
2018-06-17 00:00:00 UTC,-438,-57,440782000,0.22763888888888889
2018-06-17 00:00:00 UTC,-438,-54,440782000,0.22027777777777777
2018-06-17 00:00:00 UTC,-438,-51,440782000,9.2673611111111125
2018-06-17 00:00:00 UTC,-438,-50,440782000,2.8162500000000006
2018-06-17 00:00:00 UTC,-438,-71,441910000,1.1533333333333335
2018-06-17 00:00:00 UTC,-182,115,659424000,0.35944444444444446
2018-06-17 00:00:00 UTC,-182,494,647791108,1.7244444444444447
2018-06-17 00:00:00 UTC,-182,-1762,416000775,4.2486111111111118
2018-06-17 00:00:00 UTC,-182,-1758,416000775,1.4566666666666668
2018-06-17 00:00:00 UTC,-182,-1679,518100517,1.0626388888888889
2018-06-17 00:00:00 UTC,-182,81,431070000,1.3884722222222223
2018-06-17 00:00:00 UTC,-182,82,431070000,0.15666666666666668
2018-06-17 00:00:00 UTC,-182,79,431700550,1.4104166666666669
2018-06-17 00:00:00 UTC,-182,1784,412209234,1.368888888888889
2018-06-17 00:00:00 UTC,-182,1737,520188000,4.0043055555555558
2018-06-17 00:00:00 UTC,-182,81,431099000,1.6745833333333335
2018-06-17 00:00:00 UTC,-182,1715,412679050,0.21055555555555555
2018-06-17 00:00:00 UTC,-182,115,659471000,1.2791666666666668
2018-06-17 00:00:00 UTC,-182,1740,520313000,0.55138888888888893
2018-06-17 00:00:00 UTC,-182,1739,520313000,3.3125000000000004
2018-06-17 00:00:00 UTC,-182,78,431022000,2.2169444444444446
2018-06-17 00:00:00 UTC,-182,78,440236000,0.53847222222222224
2018-06-17 00:00:00 UTC,-182,80,431700970,0.83152777777777775
2018-06-17 00:00:00 UTC,75,788,417000810,17.124305555555555
2018-06-17 00:00:00 UTC,75,-1378,412440235,1.1363888888888889
2018-06-17 00:00:00 UTC,75,-1379,412440235,1.0919444444444446
2018-06-17 00:00:00 UTC,75,1353,416002526,4.6379166666666665
2018-06-17 00:00:00 UTC,75,1352,416002526,1.9977777777777779
2018-06-17 00:00:00 UTC,331,1263,440700430,0.60569444444444454
2018-06-17 00:00:00 UTC,331,1265,440700430,2.3597222222222225
2018-06-17 00:00:00 UTC,331,1551,431914000,0.20555555555555555
2018-06-17 00:00:00 UTC,331,1550,431914000,0.5955555555555555
2018-06-17 00:00:00 UTC,331,1544,431914000,1.3880555555555556
2018-06-17 00:00:00 UTC,331,1260,440312080,0.51097222222222227
2018-06-17 00:00:00 UTC,331,1557,431935000,1.5336111111111113
2018-06-17 00:00:00 UTC,331,1555,431935000,1.0281944444444444
2018-06-17 00:00:00 UTC,331,1556,431935000,0.67736111111111108
2018-06-17 00:00:00 UTC,331,1268,440103980,1.0390277777777777
2018-06-17 00:00:00 UTC,331,-184,204264000,3.7344444444444442
2018-06-17 00:00:00 UTC,331,-182,204264000,3.3851388888888891
2018-06-17 00:00:00 UTC,331,-185,204264000,0.26152777777777775
2018-06-17 00:00:00 UTC,331,-183,204264000,8.2193055555555574
2018-06-17 00:00:00 UTC,331,1260,440313670,0.21930555555555556
2018-06-17 00:00:00 UTC,331,1551,431410000,0.6480555555555555
2018-06-17 00:00:00 UTC,331,1545,431410000,0.72430555555555554
2018-06-17 00:00:00 UTC,331,-171,55500118,3.7586111111111107
2018-06-17 00:00:00 UTC,331,-172,55500118,1.9483333333333335
2018-06-17 00:00:00 UTC,331,1553,431484000,0.99430555555555533
2018-06-17 00:00:00 UTC,331,1552,431484000,0.33652777777777776
2018-06-17 00:00:00 UTC,331,1263,440145260,2.7652777777777762
2018-06-17 00:00:00 UTC,331,1264,440145260,2.2734722222222223
2018-06-17 00:00:00 UTC,331,1265,440145260,2.1741666666666668
2018-06-17 00:00:00 UTC,331,1273,440079980,0.29847222222222225
2018-06-17 00:00:00 UTC,331,1265,440703340,0.37208333333333332
2018-06-17 00:00:00 UTC,331,1264,440703340,4.3784722222222223
2018-06-17 00:00:00 UTC,331,1263,440703340,2.5472222222222207
2018-06-17 00:00:00 UTC,331,1556,432507000,0.64430555555555546
2018-06-17 00:00:00 UTC,331,1557,432507000,0.57930555555555552
2018-06-17 00:00:00 UTC,331,1273,440312450,5.2659722222222216
2018-06-17 00:00:00 UTC,331,1262,440001160,4.9991666666666674
2018-06-17 00:00:00 UTC,331,1555,431769000,0.11291666666666667
2018-06-17 00:00:00 UTC,331,1553,431769000,0.41305555555555551
2018-06-17 00:00:00 UTC,331,1270,441177000,0.53486111111111112
2018-06-17 00:00:00 UTC,331,1265,440701610,6.0869444444444447
2018-06-17 00:00:00 UTC,331,1264,440701610,6.73486111111111
2018-06-17 00:00:00 UTC,331,1551,431768000,0.27527777777777779
2018-06-17 00:00:00 UTC,331,1552,431768000,0.77902777777777776
2018-06-17 00:00:00 UTC,331,1266,440408830,3.0461111111111112
2018-06-17 00:00:00 UTC,331,1265,440408830,7.8580555555555556
2018-06-17 00:00:00 UTC,587,107,266208000,10.318472222222221
2018-06-17 00:00:00 UTC,587,-63,227978000,0.78875
2018-06-17 00:00:00 UTC,587,-64,227978000,0.51263888888888887
2018-06-17 00:00:00 UTC,587,-1653,367109910,0.66638888888888892
2018-06-17 00:00:00 UTC,587,-1652,367109910,0.56972222222222224
2018-06-17 00:00:00 UTC,587,-1650,367109910,0.88972222222222219
2018-06-17 00:00:00 UTC,587,-1648,367109910,0.98458333333333337
2018-06-17 00:00:00 UTC,587,-1649,367109910,0.48125
2018-06-17 00:00:00 UTC,587,-1651,367109910,0.32097222222222221
2018-06-17 00:00:00 UTC,587,-1654,338526000,0.75750000000000006
2018-06-17 00:00:00 UTC,587,-1653,338526000,0.47791666666666666
2018-06-17 00:00:00 UTC,587,-1651,338526000,0.62597222222222226
2018-06-17 00:00:00 UTC,587,-1652,338526000,0.6825
2018-06-17 00:00:00 UTC,587,103,266163000,5.369583333333332
2018-06-17 00:00:00 UTC,587,104,266163000,3.3793055555555558
2018-06-17 00:00:00 UTC,587,102,266163000,1.981527777777778
2018-06-17 00:00:00 UTC,587,104,219762000,1.3143055555555554
2018-06-17 00:00:00 UTC,587,-67,235826000,0.87388888888888894
2018-06-17 00:00:00 UTC,587,-68,235826000,0.25694444444444442
2018-06-17 00:00:00 UTC,587,19,219022165,3.8973611111111111
2018-06-17 00:00:00 UTC,587,109,265708380,0.22055555555555556
2018-06-17 00:00:00 UTC,587,-1573,366830940,2.1656944444444437
2018-06-17 00:00:00 UTC,587,-1572,366830940,1.0304166666666668
2018-06-17 00:00:00 UTC,587,-1651,338140000,1.5681944444444444
2018-06-17 00:00:00 UTC,587,-1652,338140000,1.6040277777777778
2018-06-17 00:00:00 UTC,587,-1654,366761830,0.79138888888888892
2018-06-17 00:00:00 UTC,587,-1652,366761830,0.35055555555555556
2018-06-17 00:00:00 UTC,587,-1653,366761830,0.94777777777777772
2018-06-17 00:00:00 UTC,587,-1651,366761830,0.21305555555555555
2018-06-17 00:00:00 UTC,587,21,220166000,0.11652777777777777
2018-06-17 00:00:00 UTC,587,104,219023738,1.6515277777777777
2018-06-17 00:00:00 UTC,587,-1571,367379340,0.59986111111111118
2018-06-17 00:00:00 UTC,587,105,266148000,0.58194444444444449
2018-06-17 00:00:00 UTC,587,104,266148000,1.6877777777777772
2018-06-17 00:00:00 UTC,587,110,265606310,0.942361111111111
2018-06-17 00:00:00 UTC,587,107,266361000,0.29722222222222217
2018-06-17 00:00:00 UTC,587,17,258542000,0.16666666666666666
2018-06-17 00:00:00 UTC,587,-69,232004550,0.42472222222222222
2018-06-17 00:00:00 UTC,587,-72,232004550,7.0194444444444439
2018-06-17 00:00:00 UTC,587,-73,232004550,1.9240277777777779
2018-06-17 00:00:00 UTC,587,-71,232004550,1.1145833333333333
2018-06-17 00:00:00 UTC,587,-70,232004550,1.2240277777777777
2018-06-17 00:00:00 UTC,587,108,266359000,4.396805555555555
2018-06-17 00:00:00 UTC,-437,-52,441374000,1.1761111111111111
2018-06-17 00:00:00 UTC,-437,-51,441374000,1.5184722222222218
2018-06-17 00:00:00 UTC,-437,-50,441374000,2.4520833333333329
2018-06-17 00:00:00 UTC,-437,1746,512435000,0.28
2018-06-17 00:00:00 UTC,-437,1745,512435000,2.6918055555555562
2018-06-17 00:00:00 UTC,-437,-578,412331072,1.5423611111111111
2018-06-17 00:00:00 UTC,-437,1746,512000122,0.50388888888888883
2018-06-17 00:00:00 UTC,-437,1745,512000122,1.2713888888888887
2018-06-17 00:00:00 UTC,-437,1744,512000122,1.1565277777777776
2018-06-17 00:00:00 UTC,-437,-8,441242000,1.1415277777777775
2018-06-17 00:00:00 UTC,-437,248,432463000,1.2720833333333332
2018-06-17 00:00:00 UTC,-437,1746,512228000,0.94958333333333333
2018-06-17 00:00:00 UTC,-437,1745,512228000,0.72374999999999989
2018-06-17 00:00:00 UTC,-437,-3,440089000,0.15736111111111109
2018-06-17 00:00:00 UTC,-437,-4,440089000,0.04958333333333334
2018-06-17 00:00:00 UTC,-437,-752,725000620,1.7979166666666662
2018-06-17 00:00:00 UTC,-437,-753,725000620,0.25472222222222224
2018-06-17 00:00:00 UTC,-437,-57,440782000,0.38930555555555557
2018-06-17 00:00:00 UTC,-437,-58,440782000,0.54805555555555552
2018-06-17 00:00:00 UTC,-437,-5,441644000,1.2616666666666665
2018-06-17 00:00:00 UTC,-437,-567,412329697,0.47027777777777779
2018-06-17 00:00:00 UTC,-181,-712,760000282,0.64444444444444438
2018-06-17 00:00:00 UTC,-181,-1680,518100517,0.80208333333333326
2018-06-17 00:00:00 UTC,-181,81,431070000,2.0305555555555559
2018-06-17 00:00:00 UTC,-181,79,431700550,1.5306944444444444
2018-06-17 00:00:00 UTC,-181,1720,412679030,0.4095833333333333
2018-06-17 00:00:00 UTC,-181,81,431099000,1.673194444444444
2018-06-17 00:00:00 UTC,-181,1738,520313000,3.9455555555555555
2018-06-17 00:00:00 UTC,-181,78,431022000,2.708333333333333
2018-06-17 00:00:00 UTC,-181,77,432503000,1.5773611111111108
2018-06-17 00:00:00 UTC,-181,76,432503000,0.26763888888888887
2018-06-17 00:00:00 UTC,-181,78,440236000,1.4165277777777778
2018-06-17 00:00:00 UTC,-181,80,431700970,0.22999999999999998
2018-06-17 00:00:00 UTC,76,-1378,412440235,0.23750000000000002
2018-06-17 00:00:00 UTC,76,-1379,412440235,0.255
2018-06-17 00:00:00 UTC,332,1260,440313350,14.379583333333457
2018-06-17 00:00:00 UTC,332,1260,440302090,12.980000000000073
2018-06-17 00:00:00 UTC,332,1261,440302090,0.75277777777777821
2018-06-17 00:00:00 UTC,332,1551,431914000,0.087083333333333332
2018-06-17 00:00:00 UTC,332,1544,431914000,0.639861111111111
2018-06-17 00:00:00 UTC,332,1260,440312080,5.2737500000000006
2018-06-17 00:00:00 UTC,332,1549,431903000,0.98625000000000007
2018-06-17 00:00:00 UTC,332,1550,431903000,0.18263888888888888
2018-06-17 00:00:00 UTC,332,1556,431935000,0.41805555555555551
2018-06-17 00:00:00 UTC,332,1557,431935000,0.40361111111111114
2018-06-17 00:00:00 UTC,332,1261,440707610,2.5499999999999967
2018-06-17 00:00:00 UTC,332,1260,440707610,2.41722222222222
2018-06-17 00:00:00 UTC,332,1260,440219420,3.415
2018-06-17 00:00:00 UTC,332,1260,440316190,0.80375
2018-06-17 00:00:00 UTC,332,1261,440316190,3.3065277777777777
2018-06-17 00:00:00 UTC,332,1260,440315690,3.4411111111111108
2018-06-17 00:00:00 UTC,332,1261,440315690,2.7072222222222218
2018-06-17 00:00:00 UTC,332,1260,440312620,0.26430555555555557
2018-06-17 00:00:00 UTC,332,1261,440312620,1.994861111111111
2018-06-17 00:00:00 UTC,332,1261,440301880,3.5081944444444448
2018-06-17 00:00:00 UTC,332,1260,440301880,3.0419444444444448
2018-06-17 00:00:00 UTC,332,1261,440706110,5.5333333333333332
2018-06-17 00:00:00 UTC,332,1260,440325950,5.9404166666666676
2018-06-17 00:00:00 UTC,332,1261,440600384,3.6668055555555581
2018-06-17 00:00:00 UTC,332,-185,204264000,1.3304166666666668
2018-06-17 00:00:00 UTC,332,-184,204264000,0.83875
2018-06-17 00:00:00 UTC,332,1260,440313670,1.3902777777777777
2018-06-17 00:00:00 UTC,332,1260,440312650,0.5066666666666666
2018-06-17 00:00:00 UTC,332,1261,440336460,3.1588888888888884
2018-06-17 00:00:00 UTC,332,1545,431410000,4.4251388888888883
2018-06-17 00:00:00 UTC,332,1546,431410000,0.22083333333333333
2018-06-17 00:00:00 UTC,332,1260,440208210,0.88722222222222225
2018-06-17 00:00:00 UTC,332,1260,440313940,0.035972222222222225
2018-06-17 00:00:00 UTC,332,1261,440313940,2.4859722222222205
2018-06-17 00:00:00 UTC,332,1261,440706390,5.2154166666666688
2018-06-17 00:00:00 UTC,332,1260,440706390,1.3183333333333325
2018-06-17 00:00:00 UTC,332,1260,440018520,0.43069444444444444
2018-06-17 00:00:00 UTC,332,1261,440018520,4.1333333333333337
2018-06-17 00:00:00 UTC,332,1260,440313950,2.1320833333333304
2018-06-17 00:00:00 UTC,332,1260,440314720,3.9491666666666654
2018-06-17 00:00:00 UTC,332,1553,431484000,1.0898611111111112
2018-06-17 00:00:00 UTC,332,1552,431484000,0.61444444444444435
2018-06-17 00:00:00 UTC,332,1261,440061540,0.96430555555555575
2018-06-17 00:00:00 UTC,332,1261,440703080,2.2801388888888865
2018-06-17 00:00:00 UTC,332,1260,440703080,0.86958333333333349
2018-06-17 00:00:00 UTC,332,1260,440334440,2.4451388888888888
2018-06-17 00:00:00 UTC,332,1261,440334440,0.45361111111111113
2018-06-17 00:00:00 UTC,332,1261,440502380,0.7709722222222225
2018-06-17 00:00:00 UTC,332,1260,440502380,8.3693055555555631
2018-06-17 00:00:00 UTC,332,1259,440502380,0.20166666666666666
2018-06-17 00:00:00 UTC,332,1261,440706420,2.7206944444444439
2018-06-17 00:00:00 UTC,332,1260,440706420,2.1266666666666652
2018-06-17 00:00:00 UTC,332,1553,432507000,0.5775
2018-06-17 00:00:00 UTC,332,1555,432507000,0.92958333333333321
2018-06-17 00:00:00 UTC,332,1554,432507000,1.839722222222222
2018-06-17 00:00:00 UTC,332,1260,440502140,0.65250000000000008
2018-06-17 00:00:00 UTC,332,1259,440502140,0.58222222222222231
2018-06-17 00:00:00 UTC,332,1261,440302980,2.7641666666666658
2018-06-17 00:00:00 UTC,332,1260,440324740,2.9249999999999985
2018-06-17 00:00:00 UTC,332,1260,440312980,3.4402777777777769
2018-06-17 00:00:00 UTC,332,1260,440501920,0.41388888888888886
2018-06-17 00:00:00 UTC,332,1260,440321440,0.87777777777777843
2018-06-17 00:00:00 UTC,332,1261,440331170,0.919444444444445
2018-06-17 00:00:00 UTC,332,1260,440331170,3.5155555555555549
2018-06-17 00:00:00 UTC,332,1553,431769000,1.0422222222222224
2018-06-17 00:00:00 UTC,332,1554,431769000,0.36041666666666666
2018-06-17 00:00:00 UTC,332,1270,441177000,4.1315277777777784
2018-06-17 00:00:00 UTC,332,1271,441177000,5.6816666666666666
2018-06-17 00:00:00 UTC,332,1261,440410810,1.1941666666666668
2018-06-17 00:00:00 UTC,332,1260,440300220,2.1529166666666639
2018-06-17 00:00:00 UTC,332,1261,440000700,2.1640277777777746
2018-06-17 00:00:00 UTC,332,1553,431768000,1.8031944444444443
2018-06-17 00:00:00 UTC,332,1552,431768000,0.59875
2018-06-17 00:00:00 UTC,332,1260,440501960,1.8315277777777774
2018-06-17 00:00:00 UTC,332,1260,440009420,2.0323611111111086
2018-06-17 00:00:00 UTC,332,1260,440326610,4.0902777777777768
2018-06-17 00:00:00 UTC,332,1261,440301020,3.382222222222222
2018-06-17 00:00:00 UTC,332,1260,440100830,2.0058333333333329
2018-06-17 00:00:00 UTC,332,1261,440100830,1.5763888888888888
2018-06-17 00:00:00 UTC,332,1255,440104930,1.1747222222222222
2018-06-17 00:00:00 UTC,332,1256,440104930,2.2777777777777781
2018-06-17 00:00:00 UTC,588,-65,227978000,0.26277777777777778
2018-06-17 00:00:00 UTC,588,-64,227978000,0.78875000000000006
2018-06-17 00:00:00 UTC,588,-76,259178000,0.33333333333333337
2018-06-17 00:00:00 UTC,588,-77,259178000,0.44013888888888886
2018-06-17 00:00:00 UTC,588,-1647,367109910,1.2209722222222226
2018-06-17 00:00:00 UTC,588,-1646,367109910,1.1766666666666667
2018-06-17 00:00:00 UTC,588,102,266163000,0.15416666666666667
2018-06-17 00:00:00 UTC,588,103,266163000,0.041527777777777782
2018-06-17 00:00:00 UTC,588,105,266163000,0.19444444444444445
2018-06-17 00:00:00 UTC,588,-65,235826000,0.51236111111111116
2018-06-17 00:00:00 UTC,588,-66,235826000,0.55680555555555555
2018-06-17 00:00:00 UTC,588,20,219022165,2.1998611111111113
2018-06-17 00:00:00 UTC,588,19,219022165,1.8848611111111111
2018-06-17 00:00:00 UTC,588,109,265708380,3.4765277777777781
2018-06-17 00:00:00 UTC,588,110,265708380,1.360138888888889
2018-06-17 00:00:00 UTC,588,-1652,338140000,0.52388888888888885
2018-06-17 00:00:00 UTC,588,20,220166000,1.1833333333333331
2018-06-17 00:00:00 UTC,588,21,220166000,1.6887499999999998
2018-06-17 00:00:00 UTC,588,32,257104000,0.94986111111111116
2018-06-17 00:00:00 UTC,588,31,257104000,0.83777777777777773
2018-06-17 00:00:00 UTC,588,105,266148000,1.9168055555555554
2018-06-17 00:00:00 UTC,588,104,266148000,0.17430555555555555
2018-06-17 00:00:00 UTC,588,107,266361000,2.1568055555555556
2018-06-17 00:00:00 UTC,588,106,266361000,2.25875
2018-06-17 00:00:00 UTC,588,-1499,367410620,1.3730555555555557
2018-06-17 00:00:00 UTC,588,-67,232004550,0.56166666666666676
2018-06-17 00:00:00 UTC,588,-72,232004550,2.2027777777777775
2018-06-17 00:00:00 UTC,588,108,266359000,3.8543055555555537
2018-06-17 00:00:00 UTC,-436,-55,441374000,1.2330555555555556
2018-06-17 00:00:00 UTC,-436,-54,441374000,1.78625
2018-06-17 00:00:00 UTC,-436,-52,441374000,0.3075
2018-06-17 00:00:00 UTC,-436,-57,441374000,0.51291666666666669
2018-06-17 00:00:00 UTC,-436,-56,441374000,1.4051388888888892
2018-06-17 00:00:00 UTC,-436,-53,441374000,0.84375
2018-06-17 00:00:00 UTC,-436,1745,512435000,2.500138888888888
2018-06-17 00:00:00 UTC,-436,1744,512435000,1.5737499999999995
2018-06-17 00:00:00 UTC,-436,1744,512000122,2.4572222222222213
2018-06-17 00:00:00 UTC,-436,1745,512000122,4.6994444444444445
2018-06-17 00:00:00 UTC,-436,1742,512000122,1.1413888888888886
2018-06-17 00:00:00 UTC,-436,1741,512000122,0.2159722222222222
2018-06-17 00:00:00 UTC,-436,1743,512000122,1.1223611111111109
2018-06-17 00:00:00 UTC,-436,-9,441242000,1.2365277777777777
2018-06-17 00:00:00 UTC,-436,-8,441242000,0.64986111111111111
2018-06-17 00:00:00 UTC,-436,247,432463000,1.4413888888888891
2018-06-17 00:00:00 UTC,-436,1744,512228000,1.1511111111111112
2018-06-17 00:00:00 UTC,-436,1745,512228000,7.6393055555555582
2018-06-17 00:00:00 UTC,-436,-4,440089000,0.81402777777777779
2018-06-17 00:00:00 UTC,-436,-60,440782000,0.21708333333333335
2018-06-17 00:00:00 UTC,-436,-58,440782000,1.1131944444444444
2018-06-17 00:00:00 UTC,-436,-59,440782000,1.1309722222222223
2018-06-17 00:00:00 UTC,-436,-591,441667000,1.1733333333333336
2018-06-17 00:00:00 UTC,-436,-5,441644000,0.31277777777777782
2018-06-17 00:00:00 UTC,-436,-6,441644000,1.3173611111111105
2018-06-17 00:00:00 UTC,-436,-567,412329697,3.930416666666666
2018-06-17 00:00:00 UTC,-436,-568,412329697,2.5930555555555554
2018-06-17 00:00:00 UTC,-180,115,659424000,1.9445833333333336
2018-06-17 00:00:00 UTC,-180,1721,412687140,0.35958333333333325
2018-06-17 00:00:00 UTC,-180,1720,412687140,0.29916666666666669
2018-06-17 00:00:00 UTC,-180,-1680,518100517,0.5476388888888889
2018-06-17 00:00:00 UTC,-180,-1681,518100517,5.0618055555555559
2018-06-17 00:00:00 UTC,-180,81,431070000,1.4881944444444442
2018-06-17 00:00:00 UTC,-180,79,431700550,0.31680555555555556
2018-06-17 00:00:00 UTC,-180,-23,224135000,0.83180555555555546
2018-06-17 00:00:00 UTC,-180,1720,412679030,1.0080555555555555
2018-06-17 00:00:00 UTC,-180,1722,412679030,0.98569444444444443
2018-06-17 00:00:00 UTC,-180,1721,412679030,1.8651388888888882
2018-06-17 00:00:00 UTC,-180,81,431099000,1.8365277777777778
2018-06-17 00:00:00 UTC,-180,78,431022000,1.2148611111111112
2018-06-17 00:00:00 UTC,-180,79,431022000,1.2374999999999998
2018-06-17 00:00:00 UTC,-180,77,432503000,1.1595833333333334
2018-06-17 00:00:00 UTC,-180,78,440236000,3.331805555555555
2018-06-17 00:00:00 UTC,77,602,664544000,11.925277777777778
2018-06-17 00:00:00 UTC,77,599,664544000,5.8154166666666667
2018-06-17 00:00:00 UTC,77,600,664544000,6.0302777777777781
2018-06-17 00:00:00 UTC,77,1786,413034000,1.9433333333333331
2018-06-17 00:00:00 UTC,77,1329,416002343,3.3659722222222221
2018-06-17 00:00:00 UTC,77,1353,416000817,5.7725
2018-06-17 00:00:00 UTC,77,-139,247083400,1.2259722222222222
2018-06-17 00:00:00 UTC,77,-1377,412440235,1.0311111111111111
2018-06-17 00:00:00 UTC,77,-1378,412440235,7.7291666666666661
2018-06-17 00:00:00 UTC,77,-1391,730018000,9.5279166666666679
2018-06-17 00:00:00 UTC,333,1260,440313350,1.2831944444444439
2018-06-17 00:00:00 UTC,333,1261,440313350,0.55999999999999994
2018-06-17 00:00:00 UTC,333,1261,440302090,0.38611111111111113
2018-06-17 00:00:00 UTC,333,1260,440302090,5.1947222222222234
2018-06-17 00:00:00 UTC,333,1261,440015630,2.569305555555554
2018-06-17 00:00:00 UTC,333,1545,431914000,7.25861111111111
2018-06-17 00:00:00 UTC,333,1544,431914000,0.61861111111111111
2018-06-17 00:00:00 UTC,333,1260,440312080,6.83805555555556
2018-06-17 00:00:00 UTC,333,1557,431935000,3.7720833333333337
2018-06-17 00:00:00 UTC,333,1555,431935000,1.3348611111111111
2018-06-17 00:00:00 UTC,333,1556,431935000,1.2068055555555557
2018-06-17 00:00:00 UTC,333,1261,440073240,7.3486111111111132
2018-06-17 00:00:00 UTC,333,1261,440707610,0.13625
2018-06-17 00:00:00 UTC,333,1260,440707610,3.8763888888888896
2018-06-17 00:00:00 UTC,333,1260,440219420,3.7363888888888881
2018-06-17 00:00:00 UTC,333,1261,440316190,4.724444444444444
2018-06-17 00:00:00 UTC,333,1260,440316190,8.0325
2018-06-17 00:00:00 UTC,333,1260,440315690,3.65625
2018-06-17 00:00:00 UTC,333,1260,440312620,5.56
2018-06-17 00:00:00 UTC,333,1260,440304180,10.498611111111146
2018-06-17 00:00:00 UTC,333,1260,440301880,10.187222222222225
2018-06-17 00:00:00 UTC,333,1260,440707130,1.3662499999999997
2018-06-17 00:00:00 UTC,333,1261,440706110,2.9441666666666668
2018-06-17 00:00:00 UTC,333,1260,440706110,2.2584722222222204
2018-06-17 00:00:00 UTC,333,1260,440325950,5.5668055555555576
2018-06-17 00:00:00 UTC,333,1261,440600384,3.2694444444444453
2018-06-17 00:00:00 UTC,333,1260,440600384,0.93750000000000011
2018-06-17 00:00:00 UTC,333,1260,440313670,7.49194444444444
2018-06-17 00:00:00 UTC,333,1261,440313670,0.25263888888888886
2018-06-17 00:00:00 UTC,333,1260,440312650,16.43569444444454
2018-06-17 00:00:00 UTC,333,1260,440336460,3.9409722222222228
2018-06-17 00:00:00 UTC,333,1546,431410000,0.54888888888888887
2018-06-17 00:00:00 UTC,333,1545,431410000,5.9280555555555567
2018-06-17 00:00:00 UTC,333,1260,440313940,7.9354166666666712
2018-06-17 00:00:00 UTC,333,1261,440313940,0.067083333333333328
2018-06-17 00:00:00 UTC,333,1261,440706390,0.93166666666666709
2018-06-17 00:00:00 UTC,333,1260,440706390,0.26680555555555552
2018-06-17 00:00:00 UTC,333,1261,440018520,0.65277777777777779
2018-06-17 00:00:00 UTC,333,1260,440018520,3.1387499999999982
2018-06-17 00:00:00 UTC,333,1260,440502110,6.6893055555555554
2018-06-17 00:00:00 UTC,333,1260,440313950,7.07513888888889
2018-06-17 00:00:00 UTC,333,1261,440314720,10.819305555555555
2018-06-17 00:00:00 UTC,333,1260,440314720,7.5734722222222191
2018-06-17 00:00:00 UTC,333,1553,431484000,0.43652777777777774
2018-06-17 00:00:00 UTC,333,1261,440502370,1.4151388888888874
2018-06-17 00:00:00 UTC,333,1260,440502370,7.769583333333336
2018-06-17 00:00:00 UTC,333,1260,440703080,2.7322222222222212
2018-06-17 00:00:00 UTC,333,1261,440703080,1.117777777777778
2018-06-17 00:00:00 UTC,333,1260,440334440,3.325972222222223
2018-06-17 00:00:00 UTC,333,1261,440334440,1.6504166666666671
2018-06-17 00:00:00 UTC,333,1260,440502380,0.066666666666666666
2018-06-17 00:00:00 UTC,333,1261,440704880,0.31930555555555556
2018-06-17 00:00:00 UTC,333,1260,440502130,1.1927777777777777
2018-06-17 00:00:00 UTC,333,1260,440706420,6.1040277777777794
2018-06-17 00:00:00 UTC,333,1555,432507000,1.9552777777777777
2018-06-17 00:00:00 UTC,333,1554,432507000,1.8879166666666665
2018-06-17 00:00:00 UTC,333,1261,440502140,0.36666666666666659
2018-06-17 00:00:00 UTC,333,1260,440502140,10.908750000000047
2018-06-17 00:00:00 UTC,333,1260,440302980,6.0391666666666657
2018-06-17 00:00:00 UTC,333,1260,440324740,3.6790277777777778
2018-06-17 00:00:00 UTC,333,1261,440324740,0.70736111111111144
2018-06-17 00:00:00 UTC,333,1261,440708760,6.38763888888889
2018-06-17 00:00:00 UTC,333,1260,440708760,0.33361111111111108
2018-06-17 00:00:00 UTC,333,1261,440501920,0.26111111111111113
2018-06-17 00:00:00 UTC,333,1260,440501920,1.1684722222222217
2018-06-17 00:00:00 UTC,333,1260,440321440,7.9094444444444454
2018-06-17 00:00:00 UTC,333,1260,440331170,10.908194444444471
2018-06-17 00:00:00 UTC,333,1555,431769000,0.30124999999999996
2018-06-17 00:00:00 UTC,333,1554,431769000,2.0259722222222223
2018-06-17 00:00:00 UTC,333,1270,441177000,4.5661111111111108
2018-06-17 00:00:00 UTC,333,1253,440700330,3.8930555555555557
2018-06-17 00:00:00 UTC,333,1256,440700330,2.443888888888889
2018-06-17 00:00:00 UTC,333,1258,440700330,3.401944444444446
2018-06-17 00:00:00 UTC,333,1254,440700330,1.5988888888888888
2018-06-17 00:00:00 UTC,333,1257,440700330,7.60875
2018-06-17 00:00:00 UTC,333,1261,440410810,12.539027777777784
2018-06-17 00:00:00 UTC,333,1260,440410810,2.2501388888888894
2018-06-17 00:00:00 UTC,333,1260,440134330,1.169861111111111
2018-06-17 00:00:00 UTC,333,1261,440134330,4.9236111111111107
2018-06-17 00:00:00 UTC,333,1260,440300220,4.8455555555555572
2018-06-17 00:00:00 UTC,333,1261,440300220,2.0724999999999967
2018-06-17 00:00:00 UTC,333,1260,440000700,3.2343055555555571
2018-06-17 00:00:00 UTC,333,1552,431768000,2.3993055555555558
2018-06-17 00:00:00 UTC,333,1260,440501960,4.4544444444444435
2018-06-17 00:00:00 UTC,333,1260,440009420,9.1390277777777911
2018-06-17 00:00:00 UTC,333,1260,440326610,12.20027777777778
2018-06-17 00:00:00 UTC,333,1261,440326610,2.3623611111111109
2018-06-17 00:00:00 UTC,333,1260,440301020,9.6326388888888843
2018-06-17 00:00:00 UTC,333,1261,440701660,1.4391666666666658
2018-06-17 00:00:00 UTC,333,1261,440100830,5
2018-06-17 00:00:00 UTC,333,1260,440100830,6.4740277777777786
2018-06-17 00:00:00 UTC,333,1258,440104930,2.4404166666666653
2018-06-17 00:00:00 UTC,333,1255,440104930,1.0502777777777779
2018-06-17 00:00:00 UTC,333,1257,440104930,2.5222222222222217
2018-06-17 00:00:00 UTC,333,1256,440104930,0.4901388888888889
2018-06-17 00:00:00 UTC,333,1261,440702450,2.7281944444444433
2018-06-17 00:00:00 UTC,333,1260,440702450,0.79708333333333348
2018-06-17 00:00:00 UTC,333,1260,440328690,8.78222222222222
2018-06-17 00:00:00 UTC,589,-65,227978000,1.1306944444444444
2018-06-17 00:00:00 UTC,589,-77,259178000,6.2451388888888886
2018-06-17 00:00:00 UTC,589,-76,259178000,12.666111111111112
2018-06-17 00:00:00 UTC,589,-1637,367109910,0.28305555555555556
2018-06-17 00:00:00 UTC,589,-1645,367109910,1.1109722222222222
2018-06-17 00:00:00 UTC,589,-1638,367109910,0.31805555555555554
2018-06-17 00:00:00 UTC,589,-1636,367109910,0.29847222222222225
2018-06-17 00:00:00 UTC,589,-1644,367109910,0.4786111111111111
2018-06-17 00:00:00 UTC,589,-63,235826000,0.63583333333333336
2018-06-17 00:00:00 UTC,589,-65,235826000,0.32916666666666661
2018-06-17 00:00:00 UTC,589,-64,235826000,0.57388888888888889
2018-06-17 00:00:00 UTC,589,20,219022165,6.5229166666666654
2018-06-17 00:00:00 UTC,589,1522,273826910,2.3430555555555559
2018-06-17 00:00:00 UTC,589,1521,273826910,1.3168055555555558
2018-06-17 00:00:00 UTC,589,21,220166000,3.0377777777777779
2018-06-17 00:00:00 UTC,589,19,220166000,3.2261111111111118
2018-06-17 00:00:00 UTC,589,20,220166000,0.5875
2018-06-17 00:00:00 UTC,589,52,257552500,0.041666666666666664
2018-06-17 00:00:00 UTC,589,51,257552500,2.3161111111111108
2018-06-17 00:00:00 UTC,589,50,257552500,0.81416666666666671
2018-06-17 00:00:00 UTC,589,1522,273432440,1.1948611111111109
2018-06-17 00:00:00 UTC,589,1522,273858200,1.9258333333333331
2018-06-17 00:00:00 UTC,589,1521,273858200,1.2905555555555555
2018-06-17 00:00:00 UTC,589,-1480,367175590,4.6129166666666706
2018-06-17 00:00:00 UTC,589,-1479,367175590,0.94333333333333336
2018-06-17 00:00:00 UTC,589,-1481,367175590,2.9269444444444437
2018-06-17 00:00:00 UTC,589,-1477,367175590,0.97972222222222227
2018-06-17 00:00:00 UTC,589,106,266361000,0.14083333333333334
2018-06-17 00:00:00 UTC,589,-1654,338137000,1.3852777777777776
2018-06-17 00:00:00 UTC,589,-1497,367410620,1.0451388888888888
2018-06-17 00:00:00 UTC,589,-1494,367410620,0.42236111111111113
2018-06-17 00:00:00 UTC,589,-1495,367410620,2.1137499999999991
2018-06-17 00:00:00 UTC,589,-1493,367410620,0.19055555555555556
2018-06-17 00:00:00 UTC,589,-1496,367410620,2.6181944444444443
2018-06-17 00:00:00 UTC,589,-68,232004550,0.27416666666666667
2018-06-17 00:00:00 UTC,589,1699,273841100,0.83319444444444446
2018-06-17 00:00:00 UTC,589,-1662,367650780,6.440138888888888
2018-06-17 00:00:00 UTC,589,-1665,367650780,0.53986111111111124
2018-06-17 00:00:00 UTC,589,-1664,367650780,1.6830555555555555
2018-06-17 00:00:00 UTC,589,-1663,367650780,3.4561111111111105
2018-06-17 00:00:00 UTC,589,31,258678000,0.16236111111111112
2018-06-17 00:00:00 UTC,-435,58,431924000,0.72333333333333338
2018-06-17 00:00:00 UTC,-435,1684,512005156,1.1288888888888888
2018-06-17 00:00:00 UTC,-435,-58,441374000,0.4504166666666668
2018-06-17 00:00:00 UTC,-435,-57,441374000,2.7965277777777766
2018-06-17 00:00:00 UTC,-435,-56,441374000,0.47666666666666663
2018-06-17 00:00:00 UTC,-435,1744,512435000,0.68444444444444452
2018-06-17 00:00:00 UTC,-435,1741,512435000,0.11833333333333333
2018-06-17 00:00:00 UTC,-435,1743,512435000,1.9981944444444437
2018-06-17 00:00:00 UTC,-435,1742,512435000,1.7181944444444432
2018-06-17 00:00:00 UTC,-435,1745,512000122,1.2020833333333332
2018-06-17 00:00:00 UTC,-435,1744,512000122,1.4958333333333327
2018-06-17 00:00:00 UTC,-435,-58,440154000,1.5194444444444439
2018-06-17 00:00:00 UTC,-435,-9,441242000,0.74722222222222234
2018-06-17 00:00:00 UTC,-435,-10,441242000,0.64166666666666672
2018-06-17 00:00:00 UTC,-435,247,432463000,0.29305555555555557
2018-06-17 00:00:00 UTC,-435,246,432463000,0.90486111111111123
2018-06-17 00:00:00 UTC,-435,-59,440782000,1.1415277777777779
2018-06-17 00:00:00 UTC,-435,-60,440782000,1.9762499999999998
2018-06-17 00:00:00 UTC,-435,-61,440782000,0.3947222222222222
2018-06-17 00:00:00 UTC,-435,-586,441667000,4.2713888888888869
2018-06-17 00:00:00 UTC,-435,-587,441667000,1.4286111111111111
2018-06-17 00:00:00 UTC,-435,-591,441667000,4.4456944444444444
2018-06-17 00:00:00 UTC,-435,-6,441644000,0.35472222222222227
2018-06-17 00:00:00 UTC,-435,-568,412329697,3.922499999999999
2018-06-17 00:00:00 UTC,-179,115,659424000,0.5494444444444444
2018-06-17 00:00:00 UTC,-179,81,431070000,1.3619444444444444
2018-06-17 00:00:00 UTC,-179,-23,224135000,0.4473611111111111
2018-06-17 00:00:00 UTC,-179,-21,224135000,0.44625000000000004
2018-06-17 00:00:00 UTC,-179,1722,412679030,0.96152777777777765
2018-06-17 00:00:00 UTC,-179,81,431099000,1.8004166666666668
2018-06-17 00:00:00 UTC,-179,-799,412271490,11.930416666666671
2018-06-17 00:00:00 UTC,-179,79,431022000,1.5694444444444444
2018-06-17 00:00:00 UTC,-179,77,432503000,1.4472222222222224
2018-06-17 00:00:00 UTC,-179,78,440236000,2.302083333333333
2018-06-17 00:00:00 UTC,78,1786,413034000,0.2747222222222222
2018-06-17 00:00:00 UTC,78,1788,413034000,3.4002777777777768
2018-06-17 00:00:00 UTC,78,1787,413034000,6.0652777777777782
2018-06-17 00:00:00 UTC,78,1331,416002343,0.94416666666666671
2018-06-17 00:00:00 UTC,78,1329,416002343,3.0427777777777778
2018-06-17 00:00:00 UTC,78,1330,416002343,5.122638888888889
2018-06-17 00:00:00 UTC,78,1328,416002343,0.7911111111111111
2018-06-17 00:00:00 UTC,78,600,664094000,0.43208333333333332
2018-06-17 00:00:00 UTC,78,1353,416000817,1.2866666666666666
2018-06-17 00:00:00 UTC,78,-138,247083400,0.79583333333333339
2018-06-17 00:00:00 UTC,78,-139,247083400,0.58180555555555558
2018-06-17 00:00:00 UTC,78,-140,247083400,1.9406944444444443
2018-06-17 00:00:00 UTC,78,-141,247083400,0.90527777777777785
2018-06-17 00:00:00 UTC,78,-1391,730018000,1.9251388888888878
2018-06-17 00:00:00 UTC,334,1262,440703240,15.024027777777778
2018-06-17 00:00:00 UTC,334,1262,440704780,13.637777777777778
2018-06-17 00:00:00 UTC,334,1261,440015630,10.391944444444444
2018-06-17 00:00:00 UTC,334,1612,416227600,0.24361111111111108
2018-06-17 00:00:00 UTC,334,1544,431914000,2.7556944444444444
2018-06-17 00:00:00 UTC,334,1545,431914000,3.4600000000000004
2018-06-17 00:00:00 UTC,334,1557,431935000,3.4070833333333335
2018-06-17 00:00:00 UTC,334,1556,431935000,1.0508333333333333
2018-06-17 00:00:00 UTC,334,1555,431935000,0.25847222222222221
2018-06-17 00:00:00 UTC,334,1261,440073240,8.13736111111111
2018-06-17 00:00:00 UTC,334,1260,440707610,0.2623611111111111
2018-06-17 00:00:00 UTC,334,1260,440304180,3.9297222222222246
2018-06-17 00:00:00 UTC,334,1261,440706110,0.2113888888888889
2018-06-17 00:00:00 UTC,334,1261,440600384,1.7666666666666666
2018-06-17 00:00:00 UTC,334,1260,440336460,5.6534722222222209
2018-06-17 00:00:00 UTC,334,1546,431410000,1.8018055555555554
2018-06-17 00:00:00 UTC,334,1545,431410000,2.0536111111111111
2018-06-17 00:00:00 UTC,334,1260,440018520,1.3890277777777773
2018-06-17 00:00:00 UTC,334,1261,440018520,0.83597222222222212
2018-06-17 00:00:00 UTC,334,1554,431484000,4.0031944444444436
2018-06-17 00:00:00 UTC,334,1555,431484000,0.15041666666666667
2018-06-17 00:00:00 UTC,334,1260,440703080,1.9930555555555547
2018-06-17 00:00:00 UTC,334,1260,440334440,7.31527777777778
2018-06-17 00:00:00 UTC,334,1260,440706420,1.7654166666666646
2018-06-17 00:00:00 UTC,334,1260,440149110,3.2526388888888889
2018-06-17 00:00:00 UTC,334,1555,432507000,4.904583333333334
2018-06-17 00:00:00 UTC,334,1554,432507000,0.67847222222222225
2018-06-17 00:00:00 UTC,334,1261,440502140,0.063888888888888884
2018-06-17 00:00:00 UTC,334,1260,440702340,1.0111111111111111
2018-06-17 00:00:00 UTC,334,1259,440335240,3.4095833333333339
2018-06-17 00:00:00 UTC,334,1556,431769000,1.0448611111111112
2018-06-17 00:00:00 UTC,334,1555,431769000,0.23791666666666667
2018-06-17 00:00:00 UTC,334,1554,431769000,3.8443055555555565
2018-06-17 00:00:00 UTC,334,1272,441177000,3.3418055555555557
2018-06-17 00:00:00 UTC,334,1271,441177000,3.1855555555555557
2018-06-17 00:00:00 UTC,334,1270,441177000,0.98319444444444448
2018-06-17 00:00:00 UTC,334,1254,440700330,2.2831944444444447
2018-06-17 00:00:00 UTC,334,1255,440700330,1.8379166666666666
2018-06-17 00:00:00 UTC,334,1261,440704430,1.0677777777777777
2018-06-17 00:00:00 UTC,334,1260,440140980,3.9701388888888891
2018-06-17 00:00:00 UTC,334,1552,431171000,0.4448611111111111
2018-06-17 00:00:00 UTC,334,1553,431171000,0.50138888888888888
2018-06-17 00:00:00 UTC,334,1260,440410810,7.2693055555555564
2018-06-17 00:00:00 UTC,334,1261,440134330,0.84583333333333333
2018-06-17 00:00:00 UTC,334,1552,431768000,2.5623611111111106
2018-06-17 00:00:00 UTC,334,1555,431200970,1.0454166666666667
2018-06-17 00:00:00 UTC,334,1261,440701660,0.49875
2018-06-17 00:00:00 UTC,334,1253,440104930,2.1180555555555554
2018-06-17 00:00:00 UTC,334,1254,440104930,0.28208333333333335
2018-06-17 00:00:00 UTC,334,1261,440046580,3.8113888888888887
2018-06-17 00:00:00 UTC,590,-65,227978000,0.27625
2018-06-17 00:00:00 UTC,590,-1640,367109910,0.91388888888888875
2018-06-17 00:00:00 UTC,590,-1639,367109910,0.37722222222222224
2018-06-17 00:00:00 UTC,590,-1642,367109910,0.77680555555555553
2018-06-17 00:00:00 UTC,590,-1638,367109910,0.29194444444444445
2018-06-17 00:00:00 UTC,590,-1644,367109910,1.0493055555555555
2018-06-17 00:00:00 UTC,590,-1641,367109910,0.72555555555555551
2018-06-17 00:00:00 UTC,590,-1643,367109910,0.097083333333333355
2018-06-17 00:00:00 UTC,590,-63,235826000,0.31958333333333333
2018-06-17 00:00:00 UTC,590,20,219022165,3.3570833333333336
2018-06-17 00:00:00 UTC,590,21,219022165,0.73597222222222225
2018-06-17 00:00:00 UTC,590,-1654,338140000,0.39208333333333334
2018-06-17 00:00:00 UTC,590,-1653,338140000,1.3565277777777778
2018-06-17 00:00:00 UTC,590,21,220166000,5.0940277777777778
2018-06-17 00:00:00 UTC,590,1531,273432440,0.27680555555555553
2018-06-17 00:00:00 UTC,590,-1478,367175590,3.0238888888888886
2018-06-17 00:00:00 UTC,590,-1477,367175590,3.8895833333333329
2018-06-17 00:00:00 UTC,590,-1480,367175590,0.9848611111111113
2018-06-17 00:00:00 UTC,590,-1479,367175590,5.6736111111111125
2018-06-17 00:00:00 UTC,590,-1654,338137000,4.7204166666666669
2018-06-17 00:00:00 UTC,590,-1493,367410620,1.5472222222222218
2018-06-17 00:00:00 UTC,590,-1496,367410620,1.2665277777777779
2018-06-17 00:00:00 UTC,590,-1495,367410620,8.28625
2018-06-17 00:00:00 UTC,590,-1494,367410620,0.92569444444444449
2018-06-17 00:00:00 UTC,590,-1492,367410620,1.0747222222222221
2018-06-17 00:00:00 UTC,590,1699,273841100,2.380555555555556
2018-06-17 00:00:00 UTC,590,-1661,367650780,0.41013888888888889
2018-06-17 00:00:00 UTC,590,-1662,367650780,1.5290277777777779
2018-06-17 00:00:00 UTC,590,-4,235070957,0.58111111111111113
2018-06-17 00:00:00 UTC,590,-3,235070957,3.2597222222222224
2018-06-17 00:00:00 UTC,590,32,258678000,1.5711111111111111
2018-06-17 00:00:00 UTC,590,1637,273427450,0.79625
2018-06-17 00:00:00 UTC,590,1636,273427450,2.4705555555555549
2018-06-17 00:00:00 UTC,590,1638,273427450,0.78597222222222229
2018-06-17 00:00:00 UTC,-434,-753,725000990,1.2383333333333333
2018-06-17 00:00:00 UTC,-434,58,431924000,0.35652777777777778
2018-06-17 00:00:00 UTC,-434,57,431924000,0.7879166666666666
2018-06-17 00:00:00 UTC,-434,1685,512005156,1.9586111111111111
2018-06-17 00:00:00 UTC,-434,1684,512005156,0.24180555555555558
2018-06-17 00:00:00 UTC,-434,-59,441374000,0.28486111111111106
2018-06-17 00:00:00 UTC,-434,-58,441374000,1.1822222222222223
2018-06-17 00:00:00 UTC,-434,-57,441374000,0.64166666666666672
2018-06-17 00:00:00 UTC,-434,72,431889000,0.798888888888889
2018-06-17 00:00:00 UTC,-434,71,431889000,0.14194444444444443
2018-06-17 00:00:00 UTC,-434,-58,440154000,0.21083333333333332
2018-06-17 00:00:00 UTC,-434,-9,441242000,2.2268055555555559
2018-06-17 00:00:00 UTC,-434,-10,441242000,0.65361111111111114
2018-06-17 00:00:00 UTC,-434,246,432463000,0.6380555555555556
2018-06-17 00:00:00 UTC,-434,247,432463000,0.888611111111111
2018-06-17 00:00:00 UTC,-434,-752,725000620,0.18166666666666667
2018-06-17 00:00:00 UTC,-434,-751,725000620,0.31138888888888883
2018-06-17 00:00:00 UTC,-434,-589,441667000,0.60388888888888892
2018-06-17 00:00:00 UTC,-434,-590,441667000,0.41333333333333333
2018-06-17 00:00:00 UTC,-178,114,659424000,5.5731944444444457
2018-06-17 00:00:00 UTC,-178,1724,412687140,4.1094444444444447
2018-06-17 00:00:00 UTC,-178,81,431070000,5.30013888888889
2018-06-17 00:00:00 UTC,-178,80,431700550,0.060972222222222219
2018-06-17 00:00:00 UTC,-178,1722,412679030,1.5355555555555558
2018-06-17 00:00:00 UTC,-178,81,431099000,1.0579166666666666
2018-06-17 00:00:00 UTC,-178,-850,224313000,1.0626388888888889
2018-06-17 00:00:00 UTC,-178,79,431022000,1.6809722222222223
2018-06-17 00:00:00 UTC,-178,77,432503000,1.5216666666666669
2018-06-17 00:00:00 UTC,-178,78,440236000,0.85013888888888878
2018-06-17 00:00:00 UTC,79,-1381,730016000,11.009305555555557
2018-06-17 00:00:00 UTC,79,-1380,730016000,0.30236111111111108
2018-06-17 00:00:00 UTC,79,1788,413034000,0.59277777777777763
2018-06-17 00:00:00 UTC,79,1328,416002343,1.632222222222222
2018-06-17 00:00:00 UTC,79,1329,416002343,4.278888888888889
2018-06-17 00:00:00 UTC,79,600,664094000,3.1316666666666668
2018-06-17 00:00:00 UTC,79,1353,416000817,6.5912500000000005
2018-06-17 00:00:00 UTC,79,-141,247083400,4.2144444444444442
2018-06-17 00:00:00 UTC,79,-142,247083400,4.0108333333333324
2018-06-17 00:00:00 UTC,79,-139,247083400,3.1027777777777774
2018-06-17 00:00:00 UTC,79,-138,247083400,3.1461111111111109
2018-06-17 00:00:00 UTC,79,-139,412280983,7.1869444444444444
2018-06-17 00:00:00 UTC,79,-337,224110000,2.5397222222222231
2018-06-17 00:00:00 UTC,79,-142,247083500,5.7975
2018-06-17 00:00:00 UTC,79,-141,247083500,3.0668055555555558
2018-06-17 00:00:00 UTC,335,-1182,367095040,0.3190277777777778
2018-06-17 00:00:00 UTC,335,1262,440703240,8.7658333333333331
2018-06-17 00:00:00 UTC,335,1262,440704780,3.9923611111111108
2018-06-17 00:00:00 UTC,335,1545,431914000,0.17250000000000001
2018-06-17 00:00:00 UTC,335,1544,431914000,0.47152777777777777
2018-06-17 00:00:00 UTC,335,1555,431935000,0.865
2018-06-17 00:00:00 UTC,335,1557,431935000,0.837638888888889
2018-06-17 00:00:00 UTC,335,1546,431487000,3.4194444444444447
2018-06-17 00:00:00 UTC,335,1547,431487000,0.5493055555555556
2018-06-17 00:00:00 UTC,335,1545,431487000,1.6570833333333335
2018-06-17 00:00:00 UTC,335,1554,431487000,0.4818055555555556
2018-06-17 00:00:00 UTC,335,1553,431487000,0.41972222222222222
2018-06-17 00:00:00 UTC,335,1264,440005150,9.1561111111111124
2018-06-17 00:00:00 UTC,335,1263,440005150,0.89027777777777772
2018-06-17 00:00:00 UTC,335,1262,440707130,2.1752777777777776
2018-06-17 00:00:00 UTC,335,1263,440707130,4.9594444444444443
2018-06-17 00:00:00 UTC,335,1262,440505670,2.7208333333333332
2018-06-17 00:00:00 UTC,335,1263,440505670,0.3125
2018-06-17 00:00:00 UTC,335,1546,431410000,1.3333333333333335
2018-06-17 00:00:00 UTC,335,1264,440707410,1.5318055555555552
2018-06-17 00:00:00 UTC,335,1263,440707410,10.256250000000001
2018-06-17 00:00:00 UTC,335,1555,431484000,3.3847222222222224
2018-06-17 00:00:00 UTC,335,1263,440141420,1.5347222222222223
2018-06-17 00:00:00 UTC,335,1261,440149110,1.3137499999999998
2018-06-17 00:00:00 UTC,335,1260,440149110,4.7537499999999993
2018-06-17 00:00:00 UTC,335,1556,432507000,4.6198611111111125
2018-06-17 00:00:00 UTC,335,1555,432507000,1.7806944444444448
2018-06-17 00:00:00 UTC,335,1260,440702340,1.7306944444444443
2018-06-17 00:00:00 UTC,335,1261,440702340,6.7834722222222217
2018-06-17 00:00:00 UTC,335,1260,440335240,5.097083333333333
2018-06-17 00:00:00 UTC,335,1261,440335240,3.9276388888888887
2018-06-17 00:00:00 UTC,335,1259,440335240,2.6776388888888887
2018-06-17 00:00:00 UTC,335,1263,440006290,3.085833333333333
2018-06-17 00:00:00 UTC,335,1262,440006290,2.2720833333333332
2018-06-17 00:00:00 UTC,335,1547,431200150,2.8779166666666667
2018-06-17 00:00:00 UTC,335,195,247300250,12.041805555555555
2018-06-17 00:00:00 UTC,335,1554,431769000,0.78513888888888883
2018-06-17 00:00:00 UTC,335,1555,431769000,2.1291666666666655
2018-06-17 00:00:00 UTC,335,1556,431769000,1.7845833333333332
2018-06-17 00:00:00 UTC,335,1262,440704430,2.5484722222222222
2018-06-17 00:00:00 UTC,335,1259,440309680,5.7165277777777774
2018-06-17 00:00:00 UTC,335,1258,440309680,2.6126388888888892
2018-06-17 00:00:00 UTC,335,1260,440309680,2.3347222222222221
2018-06-17 00:00:00 UTC,335,1257,440309680,6.5515277777777783
2018-06-17 00:00:00 UTC,335,1264,440703410,0.3
2018-06-17 00:00:00 UTC,335,1553,431171000,1.3123611111111111
2018-06-17 00:00:00 UTC,335,1552,431171000,3.5818055555555555
2018-06-17 00:00:00 UTC,335,1259,440120760,3.7180555555555554
2018-06-17 00:00:00 UTC,335,1258,440120760,5.1043055555555554
2018-06-17 00:00:00 UTC,335,1260,440120760,3.1637500000000003
2018-06-17 00:00:00 UTC,335,1257,440120760,3.4418055555555553
2018-06-17 00:00:00 UTC,335,1552,431768000,2.7190277777777778
2018-06-17 00:00:00 UTC,335,1553,431768000,1.2887499999999998
2018-06-17 00:00:00 UTC,335,1264,440701889,0.66263888888888889
2018-06-17 00:00:00 UTC,335,1353,431010509,2.1440277777777781
2018-06-17 00:00:00 UTC,335,-770,368802000,0.64569444444444457
2018-06-17 00:00:00 UTC,335,-1183,367034320,1.3163888888888893
2018-06-17 00:00:00 UTC,335,1543,431351000,0.68222222222222229
2018-06-17 00:00:00 UTC,335,1254,440104930,2.805416666666666
2018-06-17 00:00:00 UTC,335,1255,440104930,1.8809722222222223
2018-06-17 00:00:00 UTC,335,1261,440046580,4.1891666666666669
2018-06-17 00:00:00 UTC,591,-37,235110918,0.91236111111111118
2018-06-17 00:00:00 UTC,591,-36,235110918,0.27097222222222223
2018-06-17 00:00:00 UTC,591,-38,235110918,0.14027777777777778
2018-06-17 00:00:00 UTC,591,-16,235062791,1.7634722222222221
2018-06-17 00:00:00 UTC,591,-71,224018440,1.1008333333333333
2018-06-17 00:00:00 UTC,591,-72,227957000,0.54222222222222227
2018-06-17 00:00:00 UTC,591,-70,227978000,4.579305555555556
2018-06-17 00:00:00 UTC,591,-71,227978000,1.0372222222222223
2018-06-17 00:00:00 UTC,591,22,219022165,0.95972222222222214
2018-06-17 00:00:00 UTC,591,21,219022165,3.1468055555555554
2018-06-17 00:00:00 UTC,591,20,219022165,0.51374999999999993
2018-06-17 00:00:00 UTC,591,-1654,338140000,8.0474999999999977
2018-06-17 00:00:00 UTC,591,-1653,338140000,4.795
2018-06-17 00:00:00 UTC,591,-1656,338140000,0.27958333333333335
2018-06-17 00:00:00 UTC,591,-1655,338140000,4.0423611111111093
2018-06-17 00:00:00 UTC,591,21,220166000,2.7723611111111111
2018-06-17 00:00:00 UTC,591,20,220166000,2.0597222222222222
2018-06-17 00:00:00 UTC,591,-1467,367330420,0.82472222222222213
2018-06-17 00:00:00 UTC,591,-1471,367330420,0.37236111111111114
2018-06-17 00:00:00 UTC,591,-1470,367330420,0.5098611111111111
2018-06-17 00:00:00 UTC,591,-1472,367330420,0.74638888888888888
2018-06-17 00:00:00 UTC,591,-1469,367330420,0.40583333333333338
2018-06-17 00:00:00 UTC,591,-1468,367330420,1.27125
2018-06-17 00:00:00 UTC,591,-1655,338137000,3.4876388888888887
2018-06-17 00:00:00 UTC,591,-1654,338137000,13.536666666666665
2018-06-17 00:00:00 UTC,591,-1653,338137000,0.52736111111111117
2018-06-17 00:00:00 UTC,591,-72,228110000,0.67875
2018-06-17 00:00:00 UTC,591,-71,228110000,1.5251388888888888
2018-06-17 00:00:00 UTC,591,-1492,367410620,0.72083333333333321
2018-06-17 00:00:00 UTC,591,-1493,367410620,1.3344444444444443
2018-06-17 00:00:00 UTC,591,-5,235070957,4.9329166666666673
2018-06-17 00:00:00 UTC,591,-4,235070957,0.81597222222222221
2018-06-17 00:00:00 UTC,591,-3,235070957,4.9529166666666669
2018-06-17 00:00:00 UTC,-433,-753,725000990,4.8109722222222233
2018-06-17 00:00:00 UTC,-433,-751,725000990,1.5940277777777778
2018-06-17 00:00:00 UTC,-433,-752,725000990,4.5990277777777777
2018-06-17 00:00:00 UTC,-433,59,431924000,0.9837499999999999
2018-06-17 00:00:00 UTC,-433,58,431924000,1.1915277777777775
2018-06-17 00:00:00 UTC,-433,57,431924000,2.0569444444444445
2018-06-17 00:00:00 UTC,-433,61,431924000,0.51027777777777783
2018-06-17 00:00:00 UTC,-433,60,431924000,1.0623611111111111
2018-06-17 00:00:00 UTC,-433,1686,512005156,0.43305555555555553
2018-06-17 00:00:00 UTC,-433,72,431889000,1.6111111111111112
2018-06-17 00:00:00 UTC,-433,-9,441242000,2.3243055555555552
2018-06-17 00:00:00 UTC,-433,-10,441242000,1.1418055555555553
2018-06-17 00:00:00 UTC,-433,-11,441242000,0.64180555555555552
2018-06-17 00:00:00 UTC,-433,-8,441242000,0.020416666666666666
2018-06-17 00:00:00 UTC,-433,247,432463000,0.45694444444444449
2018-06-17 00:00:00 UTC,-433,246,432463000,0.5886111111111112
2018-06-17 00:00:00 UTC,-433,-7,440089000,0.84402777777777793
2018-06-17 00:00:00 UTC,-433,-5,440089000,0.67833333333333334
2018-06-17 00:00:00 UTC,-433,-752,725000620,1.941944444444444
2018-06-17 00:00:00 UTC,-433,-751,725000620,0.42708333333333331
2018-06-17 00:00:00 UTC,-433,-591,441667000,3.3501388888888886
2018-06-17 00:00:00 UTC,-433,-590,441667000,0.18847222222222221
2018-06-17 00:00:00 UTC,-433,-57,431602620,0.1738888888888889
2018-06-17 00:00:00 UTC,-177,114,659424000,4.186805555555555
2018-06-17 00:00:00 UTC,-177,1719,412687140,0.96083333333333332
2018-06-17 00:00:00 UTC,-177,81,431070000,0.68916666666666671
2018-06-17 00:00:00 UTC,-177,1721,412679030,4.5634722222222228
2018-06-17 00:00:00 UTC,-177,1722,412679030,0.54736111111111108
2018-06-17 00:00:00 UTC,-177,81,431099000,1.8741666666666663
2018-06-17 00:00:00 UTC,-177,-1757,416002686,1.5033333333333334
2018-06-17 00:00:00 UTC,-177,-1758,416002686,0.90861111111111093
2018-06-17 00:00:00 UTC,-177,-1756,416002686,0.35833333333333334
2018-06-17 00:00:00 UTC,-177,-802,412271490,0.97958333333333347
2018-06-17 00:00:00 UTC,-177,-848,224313000,0.46055555555555555
2018-06-17 00:00:00 UTC,-177,-849,224313000,2.1963888888888889
2018-06-17 00:00:00 UTC,-177,79,431022000,1.7894444444444442
2018-06-17 00:00:00 UTC,-177,78,440236000,0.52
2018-06-17 00:00:00 UTC,80,1330,416002343,1.1748611111111111
2018-06-17 00:00:00 UTC,80,1328,416002343,3.4875000000000003
2018-06-17 00:00:00 UTC,80,-141,247118400,5.4530555555555553
2018-06-17 00:00:00 UTC,80,-140,247118400,2.4429166666666671
2018-06-17 00:00:00 UTC,80,-141,247083400,3.4515277777777773
2018-06-17 00:00:00 UTC,80,-138,247083400,0.4069444444444445
2018-06-17 00:00:00 UTC,80,-140,247083400,0.4301388888888889
2018-06-17 00:00:00 UTC,80,-139,412280983,5.1418055555555551
2018-06-17 00:00:00 UTC,80,-141,247118500,6.282499999999998
2018-06-17 00:00:00 UTC,80,-140,247118500,3.0544444444444441
2018-06-17 00:00:00 UTC,80,-142,247083500,1.5756944444444445
2018-06-17 00:00:00 UTC,80,-140,247083500,8.7813888888888876
2018-06-17 00:00:00 UTC,80,-141,247083500,6.3859722222222226
2018-06-17 00:00:00 UTC,80,-143,247083500,1.0945833333333335
2018-06-17 00:00:00 UTC,336,-1183,367095040,5.1299999999999981
2018-06-17 00:00:00 UTC,336,-1182,367095040,0.42861111111111116
2018-06-17 00:00:00 UTC,336,1544,431914000,1.1909722222222223
2018-06-17 00:00:00 UTC,336,1555,431935000,0.11180555555555556
2018-06-17 00:00:00 UTC,336,1556,431935000,0.5025
2018-06-17 00:00:00 UTC,336,1545,431487000,0.4194444444444444
2018-06-17 00:00:00 UTC,336,1546,431410000,0.4622222222222222
2018-06-17 00:00:00 UTC,336,1553,431484000,0.39666666666666661
2018-06-17 00:00:00 UTC,336,1555,431484000,0.74055555555555541
2018-06-17 00:00:00 UTC,336,1302,431009901,0.44625000000000004
2018-06-17 00:00:00 UTC,336,1267,440129390,4.6606944444444451
2018-06-17 00:00:00 UTC,336,1554,432507000,1.00875
2018-06-17 00:00:00 UTC,336,1556,432507000,0.48013888888888889
2018-06-17 00:00:00 UTC,336,1553,432507000,1.1181944444444447
2018-06-17 00:00:00 UTC,336,1555,432507000,0.99833333333333352
2018-06-17 00:00:00 UTC,336,1261,440335240,0.88888888888888884
2018-06-17 00:00:00 UTC,336,-1180,367589030,4.6563888888888885
2018-06-17 00:00:00 UTC,336,1556,431769000,0.40527777777777774
2018-06-17 00:00:00 UTC,336,1352,431005366,2.7702777777777778
2018-06-17 00:00:00 UTC,336,1351,431005366,0.2875
2018-06-17 00:00:00 UTC,336,1553,431171000,1.9761111111111107
2018-06-17 00:00:00 UTC,336,1552,431171000,3.0661111111111112
2018-06-17 00:00:00 UTC,336,1554,431768000,0.36555555555555552
2018-06-17 00:00:00 UTC,336,1553,431768000,1.6969444444444448
2018-06-17 00:00:00 UTC,336,1554,431200970,2.0216666666666665
2018-06-17 00:00:00 UTC,336,1353,431010509,1.1380555555555554
2018-06-17 00:00:00 UTC,336,-770,368802000,0.57347222222222227
2018-06-17 00:00:00 UTC,336,-1183,367034320,0.32527777777777778
2018-06-17 00:00:00 UTC,592,-37,235110918,0.27069444444444446
2018-06-17 00:00:00 UTC,592,-36,235110918,6.9184722222222224
2018-06-17 00:00:00 UTC,592,-16,235062791,2.1297222222222221
2018-06-17 00:00:00 UTC,592,-15,235062791,3.3970833333333328
2018-06-17 00:00:00 UTC,592,-67,224018440,3.0683333333333334
2018-06-17 00:00:00 UTC,592,-68,224018440,9.362916666666667
2018-06-17 00:00:00 UTC,592,-71,224018440,1.048888888888889
2018-06-17 00:00:00 UTC,592,-69,224018440,0.80152777777777784
2018-06-17 00:00:00 UTC,592,-70,224018440,7.201944444444444
2018-06-17 00:00:00 UTC,592,-71,227957000,2.0301388888888892
2018-06-17 00:00:00 UTC,592,-70,227957000,7.3138888888888891
2018-06-17 00:00:00 UTC,592,-69,227957000,0.51180555555555562
2018-06-17 00:00:00 UTC,592,-68,227957000,0.88013888888888892
2018-06-17 00:00:00 UTC,592,-72,227107100,0.91680555555555554
2018-06-17 00:00:00 UTC,592,-71,227107100,1.8320833333333333
2018-06-17 00:00:00 UTC,592,-69,227107100,4.4065277777777778
2018-06-17 00:00:00 UTC,592,-70,227107100,5.2027777777777775
2018-06-17 00:00:00 UTC,592,33,259657000,3.5736111111111111
2018-06-17 00:00:00 UTC,592,6,259465000,2.3741666666666665
2018-06-17 00:00:00 UTC,592,7,259465000,2.2470833333333338
2018-06-17 00:00:00 UTC,592,1521,273436470,1.169027777777778
2018-06-17 00:00:00 UTC,592,22,219022165,0.63958333333333339
2018-06-17 00:00:00 UTC,592,21,219022165,0.30000000000000004
2018-06-17 00:00:00 UTC,592,-1468,367330420,0.27083333333333331
2018-06-17 00:00:00 UTC,592,1639,273829500,1.1101388888888888
2018-06-17 00:00:00 UTC,592,1640,273829500,3.82513888888889
2018-06-17 00:00:00 UTC,592,107,257065620,1.3240277777777774
2018-06-17 00:00:00 UTC,592,-70,232006830,1.2055555555555555
2018-06-17 00:00:00 UTC,592,-67,228110000,6.22
2018-06-17 00:00:00 UTC,592,-71,228110000,1.3398611111111109
2018-06-17 00:00:00 UTC,592,6,259651000,2.5483333333333333
2018-06-17 00:00:00 UTC,592,51,257183440,10.628472222222223
2018-06-17 00:00:00 UTC,592,-3,235070957,4.1701388888888893
2018-06-17 00:00:00 UTC,592,-5,235070957,2.6265277777777776
2018-06-17 00:00:00 UTC,592,-4,235070957,2.723611111111111
2018-06-17 00:00:00 UTC,592,32,258678000,2.7606944444444443
2018-06-17 00:00:00 UTC,-432,58,431924000,1.201111111111111
2018-06-17 00:00:00 UTC,-432,56,431924000,0.40986111111111112
2018-06-17 00:00:00 UTC,-432,59,431924000,0.62111111111111106
2018-06-17 00:00:00 UTC,-432,52,431924000,0.18222222222222223
2018-06-17 00:00:00 UTC,-432,54,431924000,0.62347222222222221
2018-06-17 00:00:00 UTC,-432,57,431924000,0.88902777777777786
2018-06-17 00:00:00 UTC,-432,53,431924000,1.2505555555555556
2018-06-17 00:00:00 UTC,-432,1686,512005156,0.63777777777777755
2018-06-17 00:00:00 UTC,-432,-575,412331072,3.2636111111111115
2018-06-17 00:00:00 UTC,-432,-576,412331072,0.52652777777777782
2018-06-17 00:00:00 UTC,-432,72,431889000,4.057083333333332
2018-06-17 00:00:00 UTC,-432,71,431889000,0.33416666666666661
2018-06-17 00:00:00 UTC,-432,73,431889000,4.0726388888888883
2018-06-17 00:00:00 UTC,-432,247,432463000,1.9620833333333338
2018-06-17 00:00:00 UTC,-432,246,432463000,0.17694444444444443
2018-06-17 00:00:00 UTC,-432,-5,440089000,0.80986111111111114
2018-06-17 00:00:00 UTC,-432,-7,440089000,0.49027777777777776
2018-06-17 00:00:00 UTC,-432,-6,440089000,0.65777777777777779
2018-06-17 00:00:00 UTC,-432,-591,441667000,1.5400000000000003
2018-06-17 00:00:00 UTC,-432,-590,441667000,1.2165277777777779
2018-06-17 00:00:00 UTC,-432,1747,512152000,2.209027777777778
2018-06-17 00:00:00 UTC,-432,1693,512236000,1.3529166666666668
2018-06-17 00:00:00 UTC,-432,1694,512236000,0.085972222222222214
2018-06-17 00:00:00 UTC,-176,113,659424000,0.26652777777777775
2018-06-17 00:00:00 UTC,-176,-803,412331008,7.1905555555555551
2018-06-17 00:00:00 UTC,-176,-802,412331008,2.100972222222222
2018-06-17 00:00:00 UTC,-176,1721,412679030,0.65055555555555555
2018-06-17 00:00:00 UTC,-176,81,431099000,5.7001388888888886
2018-06-17 00:00:00 UTC,-176,-1756,416002686,0.75277777777777777
2018-06-17 00:00:00 UTC,-176,-1758,416002686,1.52625
2018-06-17 00:00:00 UTC,-176,-1757,416002686,1.495
2018-06-17 00:00:00 UTC,-176,-848,224313000,0.67333333333333334
2018-06-17 00:00:00 UTC,-176,-849,224313000,1.105
2018-06-17 00:00:00 UTC,-176,79,431022000,4.1365277777777782
2018-06-17 00:00:00 UTC,-176,78,440236000,0.66013888888888883
2018-06-17 00:00:00 UTC,-176,80,431700970,2.6018055555555555
2018-06-17 00:00:00 UTC,81,-140,247118400,13.644305555555567
2018-06-17 00:00:00 UTC,81,-141,247118400,2.419722222222223
2018-06-17 00:00:00 UTC,81,-139,412280983,10.108333333333334
2018-06-17 00:00:00 UTC,81,-141,247118500,3.5030555555555551
2018-06-17 00:00:00 UTC,81,-139,247118500,1.9981944444444446
2018-06-17 00:00:00 UTC,81,-140,247118500,9.2393055555555534
2018-06-17 00:00:00 UTC,81,599,412326855,1.1973611111111111
2018-06-17 00:00:00 UTC,337,-1182,367095040,0.17069444444444443
2018-06-17 00:00:00 UTC,337,1544,431914000,0.17222222222222222
2018-06-17 00:00:00 UTC,337,1555,431935000,1.0269444444444447
2018-06-17 00:00:00 UTC,337,1556,431935000,1.2944444444444441
2018-06-17 00:00:00 UTC,337,1545,431487000,0.88527777777777783
2018-06-17 00:00:00 UTC,337,1550,431487000,0.74333333333333329
2018-06-17 00:00:00 UTC,337,1552,431487000,0.48041666666666671
2018-06-17 00:00:00 UTC,337,1551,431487000,0.53805555555555562
2018-06-17 00:00:00 UTC,337,206,247142170,6.8543055555555554
2018-06-17 00:00:00 UTC,337,1503,431500836,0.27569444444444446
2018-06-17 00:00:00 UTC,337,1503,431200042,1.8302777777777779
2018-06-17 00:00:00 UTC,337,1503,431600943,0.25972222222222219
2018-06-17 00:00:00 UTC,337,1239,440105520,4.214722222222222
2018-06-17 00:00:00 UTC,337,1243,440105520,4.0575
2018-06-17 00:00:00 UTC,337,1242,440105520,0.37944444444444447
2018-06-17 00:00:00 UTC,337,1240,440105520,1.9109722222222216
2018-06-17 00:00:00 UTC,337,1241,440105520,0.43069444444444444
2018-06-17 00:00:00 UTC,337,208,247302720,5.1477777777777778
2018-06-17 00:00:00 UTC,337,207,247302720,7.0220833333333328
2018-06-17 00:00:00 UTC,337,204,247302720,7.7054166666666664
2018-06-17 00:00:00 UTC,337,1278,440701760,3.1926388888888888
2018-06-17 00:00:00 UTC,337,1503,431600960,1.7148611111111109
2018-06-17 00:00:00 UTC,337,1546,431410000,0.84986111111111118
2018-06-17 00:00:00 UTC,337,1553,431484000,0.13444444444444445
2018-06-17 00:00:00 UTC,337,1554,431484000,0.96138888888888885
2018-06-17 00:00:00 UTC,337,1552,431484000,1.2902777777777776
2018-06-17 00:00:00 UTC,337,1502,431258000,0.44680555555555557
2018-06-17 00:00:00 UTC,337,1247,440104850,0.47180555555555553
2018-06-17 00:00:00 UTC,337,1248,440104850,1.7030555555555555
2018-06-17 00:00:00 UTC,337,1556,431769000,0.56388888888888888
2018-06-17 00:00:00 UTC,337,1557,431769000,0.8601388888888889
2018-06-17 00:00:00 UTC,337,1560,431769000,0.30833333333333335
2018-06-17 00:00:00 UTC,337,1558,431769000,0.59097222222222223
2018-06-17 00:00:00 UTC,337,1559,431769000,0.31125
2018-06-17 00:00:00 UTC,337,1503,432366000,1.9331944444444444
2018-06-17 00:00:00 UTC,337,1352,431005366,0.51694444444444443
2018-06-17 00:00:00 UTC,337,1555,431768000,1.0608333333333335
2018-06-17 00:00:00 UTC,337,1554,431768000,1.2429166666666667
2018-06-17 00:00:00 UTC,337,1280,440131280,2.4555555555555557
2018-06-17 00:00:00 UTC,337,1265,440205030,3.4023611111111109
2018-06-17 00:00:00 UTC,337,-785,367098350,1.4109722222222223
2018-06-17 00:00:00 UTC,337,146,248086000,1.1308333333333334
2018-06-17 00:00:00 UTC,337,145,248086000,0.60083333333333333
2018-06-17 00:00:00 UTC,593,-67,232005120,9.4049999999999976
2018-06-17 00:00:00 UTC,593,-15,235062791,0.32180555555555557
2018-06-17 00:00:00 UTC,593,-14,235062791,2.0458333333333334
2018-06-17 00:00:00 UTC,593,-67,224018440,0.602638888888889
2018-06-17 00:00:00 UTC,593,-66,224018440,1.3484722222222223
2018-06-17 00:00:00 UTC,593,-67,227957000,8.6093055555555544
2018-06-17 00:00:00 UTC,593,-68,227957000,3.8804166666666666
2018-06-17 00:00:00 UTC,593,-66,235068431,0.89750000000000008
2018-06-17 00:00:00 UTC,593,-67,235068431,2.1894444444444447
2018-06-17 00:00:00 UTC,593,-68,227978000,5.1118055555555557
2018-06-17 00:00:00 UTC,593,-68,227107100,10.656249999999998
2018-06-17 00:00:00 UTC,593,6,259465000,0.19472222222222221
2018-06-17 00:00:00 UTC,593,8,259465000,0.39541666666666664
2018-06-17 00:00:00 UTC,593,10,259465000,0.6926388888888888
2018-06-17 00:00:00 UTC,593,-66,228104000,1.4747222222222223
2018-06-17 00:00:00 UTC,593,-67,228104000,4.0261111111111116
2018-06-17 00:00:00 UTC,593,-9,257234000,0.26097222222222222
2018-06-17 00:00:00 UTC,593,-10,257234000,0.26375000000000004
2018-06-17 00:00:00 UTC,593,-66,232006490,1.7186111111111111
2018-06-17 00:00:00 UTC,593,1668,273332830,0.49777777777777771
2018-06-17 00:00:00 UTC,593,-66,235008110,7.3568055555555549
2018-06-17 00:00:00 UTC,593,-38,235008880,4.7923611111111111
2018-06-17 00:00:00 UTC,593,-37,235008880,8.0979166666666664
2018-06-17 00:00:00 UTC,593,-36,235008880,1.2752777777777777
2018-06-17 00:00:00 UTC,593,1642,273829500,1.0566666666666664
2018-06-17 00:00:00 UTC,593,1641,273829500,1.4211111111111112
2018-06-17 00:00:00 UTC,593,31,257018000,0.66041666666666665
2018-06-17 00:00:00 UTC,593,18,257284000,0.50152777777777779
2018-06-17 00:00:00 UTC,593,-14,235103397,5.3237500000000013
2018-06-17 00:00:00 UTC,593,-13,235103398,2.4243055555555557
2018-06-17 00:00:00 UTC,593,-66,228110000,3.615
2018-06-17 00:00:00 UTC,593,-67,228110000,5.1675
2018-06-17 00:00:00 UTC,593,-66,232006840,1.0254166666666666
2018-06-17 00:00:00 UTC,593,-67,232006840,5.62388888888889
2018-06-17 00:00:00 UTC,593,17,235009220,12.493055555555557
2018-06-17 00:00:00 UTC,593,-67,235054804,3.028888888888889
2018-06-17 00:00:00 UTC,593,-66,235054804,4.7991666666666664
2018-06-17 00:00:00 UTC,593,31,259447000,3.8645833333333335
2018-06-17 00:00:00 UTC,593,32,259447000,0.5229166666666667
2018-06-17 00:00:00 UTC,593,-68,228205800,1.3251388888888889
2018-06-17 00:00:00 UTC,593,33,258678000,1.6248611111111111
2018-06-17 00:00:00 UTC,593,32,258678000,1.4002777777777777
2018-06-17 00:00:00 UTC,593,31,258678000,3.2277777777777779
2018-06-17 00:00:00 UTC,593,1643,273427450,2.0583333333333331
2018-06-17 00:00:00 UTC,593,1644,273427450,0.69027777777777777
2018-06-17 00:00:00 UTC,593,1642,273427450,0.27666666666666667
2018-06-17 00:00:00 UTC,-431,1689,512005156,0.83083333333333331
2018-06-17 00:00:00 UTC,-431,1690,512005156,0.76361111111111113
2018-06-17 00:00:00 UTC,-431,96,432444000,1.157083333333333
2018-06-17 00:00:00 UTC,-431,66,431889000,0.2531944444444445
2018-06-17 00:00:00 UTC,-431,67,431889000,1.0651388888888893
2018-06-17 00:00:00 UTC,-431,70,431889000,3.8472222222222219
2018-06-17 00:00:00 UTC,-431,69,431889000,1.6313888888888886
2018-06-17 00:00:00 UTC,-431,68,431889000,1.1543055555555555
2018-06-17 00:00:00 UTC,-431,72,431889000,1.1956944444444444
2018-06-17 00:00:00 UTC,-431,71,431889000,3.0175000000000005
2018-06-17 00:00:00 UTC,-431,246,432463000,1.9305555555555556
2018-06-17 00:00:00 UTC,-431,1748,512152000,18.446666666666665
2018-06-17 00:00:00 UTC,-431,1747,512152000,1.8554166666666667
2018-06-17 00:00:00 UTC,-431,1749,512152000,1.5076388888888885
2018-06-17 00:00:00 UTC,-431,1695,512236000,1.7165277777777779
2018-06-17 00:00:00 UTC,-431,1694,512236000,3.8966666666666656
2018-06-17 00:00:00 UTC,-431,100,441483000,2.9752777777777792
2018-06-17 00:00:00 UTC,-431,99,441483000,0.40125
2018-06-17 00:00:00 UTC,-175,-720,760001340,2.3988888888888891
2018-06-17 00:00:00 UTC,-175,79,431700550,1.8375000000000001
2018-06-17 00:00:00 UTC,-175,1760,412694610,4.6275
2018-06-17 00:00:00 UTC,-175,-806,412271470,6.4354166666666668
2018-06-17 00:00:00 UTC,-175,-807,412271470,3.0165277777777777
2018-06-17 00:00:00 UTC,-175,-1755,416002686,1.3924999999999996
2018-06-17 00:00:00 UTC,-175,-1756,416002686,2.054583333333333
2018-06-17 00:00:00 UTC,-175,-720,760000150,1.2136111111111112
2018-06-17 00:00:00 UTC,-175,-847,224313000,0.18472222222222223
2018-06-17 00:00:00 UTC,-175,-849,224313000,0.34944444444444445
2018-06-17 00:00:00 UTC,-175,-848,224313000,0.77125
2018-06-17 00:00:00 UTC,-175,-846,224313000,0.26736111111111116
2018-06-17 00:00:00 UTC,-175,77,432503000,1.0073611111111112
2018-06-17 00:00:00 UTC,-175,78,432503000,0.069722222222222227
2018-06-17 00:00:00 UTC,-175,78,440236000,3.072916666666667
2018-06-17 00:00:00 UTC,-175,80,431700970,0.56513888888888886
2018-06-17 00:00:00 UTC,82,-461,412370008,0.43027777777777776
2018-06-17 00:00:00 UTC,82,-459,412370008,0.85749999999999993
2018-06-17 00:00:00 UTC,82,-460,412370008,0.99444444444444435
2018-06-17 00:00:00 UTC,82,-139,412280983,1.357361111111111
2018-06-17 00:00:00 UTC,82,599,412326855,0.79583333333333339
2018-06-17 00:00:00 UTC,338,1279,440704010,4.8448611111111113
2018-06-17 00:00:00 UTC,338,1610,416227600,3.2051388888888885
2018-06-17 00:00:00 UTC,338,1556,431935000,0.34236111111111112
2018-06-17 00:00:00 UTC,338,1551,431487000,1.9755555555555557
2018-06-17 00:00:00 UTC,338,1549,431487000,0.83319444444444446
2018-06-17 00:00:00 UTC,338,1550,431487000,1.15
2018-06-17 00:00:00 UTC,338,1544,431487000,0.39513888888888893
2018-06-17 00:00:00 UTC,338,1279,440161570,2.6038888888888891
2018-06-17 00:00:00 UTC,338,1503,431500836,0.19902777777777778
2018-06-17 00:00:00 UTC,338,210,247300910,5.3009722222222218
2018-06-17 00:00:00 UTC,338,204,247300910,2.6409722222222225
2018-06-17 00:00:00 UTC,338,207,247300910,2.0561111111111114
2018-06-17 00:00:00 UTC,338,1277,440157750,10.839583333333334
2018-06-17 00:00:00 UTC,338,1502,431763000,0.45402777777777781
2018-06-17 00:00:00 UTC,338,207,247302720,4.1461111111111109
2018-06-17 00:00:00 UTC,338,206,247302720,2.3038888888888889
2018-06-17 00:00:00 UTC,338,1279,440701760,7.3081944444444451
2018-06-17 00:00:00 UTC,338,1546,431410000,0.88208333333333322
2018-06-17 00:00:00 UTC,338,209,247141720,8.0945833333333326
2018-06-17 00:00:00 UTC,338,206,247141720,8.063194444444445
2018-06-17 00:00:00 UTC,338,-85,242908000,0.77013888888888893
2018-06-17 00:00:00 UTC,338,1552,431484000,0.45194444444444443
2018-06-17 00:00:00 UTC,338,1554,431484000,1.2393055555555557
2018-06-17 00:00:00 UTC,338,1555,431484000,0.72944444444444445
2018-06-17 00:00:00 UTC,338,1553,431484000,2.8347222222222226
2018-06-17 00:00:00 UTC,338,-85,242929000,0.76277777777777778
2018-06-17 00:00:00 UTC,338,-86,242929000,0.6075
2018-06-17 00:00:00 UTC,338,1502,432966000,1.5201388888888885
2018-06-17 00:00:00 UTC,338,-181,255402890,1.3359722222222223
2018-06-17 00:00:00 UTC,338,1555,431768000,2.2330555555555556
2018-06-17 00:00:00 UTC,338,1556,431768000,0.45791666666666669
2018-06-17 00:00:00 UTC,594,19,257888000,3.4543055555555555
2018-06-17 00:00:00 UTC,594,20,257888000,0.084722222222222227
2018-06-17 00:00:00 UTC,594,-67,232005120,5.1590277777777782
2018-06-17 00:00:00 UTC,594,-66,235068431,5.34
2018-06-17 00:00:00 UTC,594,32,259657000,6.7873611111111112
2018-06-17 00:00:00 UTC,594,10,259465000,0.32583333333333331
2018-06-17 00:00:00 UTC,594,9,259465000,4.1163888888888893
2018-06-17 00:00:00 UTC,594,8,259465000,3.2863888888888892
2018-06-17 00:00:00 UTC,594,11,259465000,0.72
2018-06-17 00:00:00 UTC,594,21,257685800,0.1111111111111111
2018-06-17 00:00:00 UTC,594,19,257685800,2.743611111111111
2018-06-17 00:00:00 UTC,594,-10,258547000,2.7920833333333333
2018-06-17 00:00:00 UTC,594,-9,258547000,0.52027777777777773
2018-06-17 00:00:00 UTC,594,-67,228104000,3.7693055555555555
2018-06-17 00:00:00 UTC,594,-66,228104000,2.3044444444444445
2018-06-17 00:00:00 UTC,594,-9,257234000,0.27375
2018-06-17 00:00:00 UTC,594,-65,232006490,4.6076388888888884
2018-06-17 00:00:00 UTC,594,-201,257105000,0.62222222222222223
2018-06-17 00:00:00 UTC,594,-202,257105000,1.7980555555555555
2018-06-17 00:00:00 UTC,594,-206,257105000,0.4366666666666667
2018-06-17 00:00:00 UTC,594,-205,257105000,1.6179166666666667
2018-06-17 00:00:00 UTC,594,-200,257105000,1.9526388888888888
2018-06-17 00:00:00 UTC,594,-66,235008110,8.8894444444444449
2018-06-17 00:00:00 UTC,594,-12,259526000,0.53763888888888889
2018-06-17 00:00:00 UTC,594,-13,259526000,1.7191666666666665
2018-06-17 00:00:00 UTC,594,-37,235008880,3.5218055555555554
2018-06-17 00:00:00 UTC,594,-38,235008880,5.3429166666666665
2018-06-17 00:00:00 UTC,594,-39,235008880,1.0880555555555556
2018-06-17 00:00:00 UTC,594,1642,273829500,0.23069444444444445
2018-06-17 00:00:00 UTC,594,1643,273829500,2.5051388888888888
2018-06-17 00:00:00 UTC,594,1641,273829500,3.375
2018-06-17 00:00:00 UTC,594,1640,273829500,0.26152777777777775
2018-06-17 00:00:00 UTC,594,1710,273848710,0.35166666666666668
2018-06-17 00:00:00 UTC,594,-11,259620000,1.0765277777777778
2018-06-17 00:00:00 UTC,594,-10,259620000,1.1679166666666665
2018-06-17 00:00:00 UTC,594,20,257284000,6.1256944444444441
2018-06-17 00:00:00 UTC,594,18,257284000,0.69444444444444442
2018-06-17 00:00:00 UTC,594,19,257284000,5.0730555555555563
2018-06-17 00:00:00 UTC,594,-12,235103397,0.30958333333333332
2018-06-17 00:00:00 UTC,594,-13,235103397,4.3869444444444445
2018-06-17 00:00:00 UTC,594,-15,235103397,2.7976388888888883
2018-06-17 00:00:00 UTC,594,-14,235103397,7.429444444444445
2018-06-17 00:00:00 UTC,594,-14,235103398,8.6795833333333317
2018-06-17 00:00:00 UTC,594,-13,235103398,8.9713888888888889
2018-06-17 00:00:00 UTC,594,-12,235103398,0.31513888888888886
2018-06-17 00:00:00 UTC,594,19,258425000,3.3386111111111116
2018-06-17 00:00:00 UTC,594,20,258425000,0.78736111111111107
2018-06-17 00:00:00 UTC,594,-66,232006840,5.712361111111111
2018-06-17 00:00:00 UTC,594,31,257367000,2.3751388888888889
2018-06-17 00:00:00 UTC,594,32,259447000,0.81319444444444444
2018-06-17 00:00:00 UTC,594,29,259447000,9.2395833333333339
2018-06-17 00:00:00 UTC,594,33,259447000,2.3881944444444443
2018-06-17 00:00:00 UTC,594,30,259447000,4.3358333333333334
2018-06-17 00:00:00 UTC,594,28,259447000,2.0938888888888889
2018-06-17 00:00:00 UTC,594,-68,228205800,1.1219444444444444
2018-06-17 00:00:00 UTC,594,31,258678000,2.4498611111111113
2018-06-17 00:00:00 UTC,594,34,258678000,1.0747222222222224
2018-06-17 00:00:00 UTC,594,33,258678000,3.9073611111111117
2018-06-17 00:00:00 UTC,594,19,259574000,1.2262499999999998
2018-06-17 00:00:00 UTC,594,20,259574000,5.83611111111111
2018-06-17 00:00:00 UTC,594,19,259595000,1.6663888888888885
2018-06-17 00:00:00 UTC,594,20,259595000,0.08625
2018-06-17 00:00:00 UTC,594,1648,273427450,3.0301388888888892
2018-06-17 00:00:00 UTC,594,1644,273427450,0.070555555555555552
2018-06-17 00:00:00 UTC,594,1647,273427450,3.7916666666666665
2018-06-17 00:00:00 UTC,594,1646,273427450,0.55069444444444449
2018-06-17 00:00:00 UTC,594,1645,273427450,0.3225
2018-06-17 00:00:00 UTC,-430,99,432426000,0.20680555555555555
2018-06-17 00:00:00 UTC,-430,100,432426000,2.0769444444444436
2018-06-17 00:00:00 UTC,-430,1691,512005156,3.598611111111111
2018-06-17 00:00:00 UTC,-430,1690,512005156,0.16180555555555556
2018-06-17 00:00:00 UTC,-430,1692,512005156,0.41097222222222224
2018-06-17 00:00:00 UTC,-430,-573,412331074,2.0969444444444441
2018-06-17 00:00:00 UTC,-430,-568,412331075,4.1061111111111117
2018-06-17 00:00:00 UTC,-430,97,432444000,2.0149999999999988
2018-06-17 00:00:00 UTC,-430,96,432444000,2.3002777777777772
2018-06-17 00:00:00 UTC,-430,95,432444000,0.25722222222222224
2018-06-17 00:00:00 UTC,-430,246,432463000,0.83680555555555547
2018-06-17 00:00:00 UTC,-430,101,431300000,3.8404166666666675
2018-06-17 00:00:00 UTC,-430,1696,512236000,3.9983333333333335
2018-06-17 00:00:00 UTC,-430,1697,512236000,0.20694444444444446
2018-06-17 00:00:00 UTC,-430,1695,512236000,0.86388888888888893
2018-06-17 00:00:00 UTC,-430,-576,412329697,0.53194444444444444
2018-06-17 00:00:00 UTC,-430,-578,412329698,0.68861111111111117
2018-06-17 00:00:00 UTC,-430,98,441483000,0.34888888888888892
2018-06-17 00:00:00 UTC,-430,99,441483000,1.8677777777777778
2018-06-17 00:00:00 UTC,-430,100,441483000,0.084166666666666667
2018-06-17 00:00:00 UTC,-174,388,650000155,1.2240277777777779
2018-06-17 00:00:00 UTC,-174,387,650000159,0.78708333333333336
2018-06-17 00:00:00 UTC,-174,388,650000159,4.4263888888888889
2018-06-17 00:00:00 UTC,-174,-720,760001340,0.55208333333333337
2018-06-17 00:00:00 UTC,-174,-719,760001340,1.9055555555555552
2018-06-17 00:00:00 UTC,-174,-851,431100990,0.5247222222222222
2018-06-17 00:00:00 UTC,-174,-856,224050000,0.40819444444444447
2018-06-17 00:00:00 UTC,-174,1759,412694610,1.4129166666666664
2018-06-17 00:00:00 UTC,-174,1758,412694610,3.78125
2018-06-17 00:00:00 UTC,-174,1760,412694610,0.88597222222222216
2018-06-17 00:00:00 UTC,-174,-719,760000870,1.1244444444444446
2018-06-17 00:00:00 UTC,-174,-1754,416002686,1.9530555555555555
2018-06-17 00:00:00 UTC,-174,-1755,416002686,1.9620833333333332
2018-06-17 00:00:00 UTC,-174,-719,760001160,1.1523611111111114
2018-06-17 00:00:00 UTC,-174,-846,224313000,1.4993055555555554
2018-06-17 00:00:00 UTC,-174,-848,224313000,1.4573611111111111
2018-06-17 00:00:00 UTC,-174,77,432503000,1.2504166666666667
2018-06-17 00:00:00 UTC,-174,78,440236000,2.0780555555555553
2018-06-17 00:00:00 UTC,83,-164,228066900,3.6794444444444436
2018-06-17 00:00:00 UTC,83,-461,412370008,0.58402777777777781
2018-06-17 00:00:00 UTC,83,-462,412370008,1.2272222222222222
2018-06-17 00:00:00 UTC,83,599,412326855,0.95041666666666669
2018-06-17 00:00:00 UTC,339,1610,416227600,2.9588888888888887
2018-06-17 00:00:00 UTC,339,1544,431914000,0.4301388888888889
2018-06-17 00:00:00 UTC,339,1544,431487000,0.49458333333333337
2018-06-17 00:00:00 UTC,339,1279,440161570,10.522916666666667
2018-06-17 00:00:00 UTC,339,1504,431500836,3.3119444444444444
2018-06-17 00:00:00 UTC,339,1503,431500836,2.1123611111111114
2018-06-17 00:00:00 UTC,339,204,247300910,4.656944444444445
2018-06-17 00:00:00 UTC,339,205,247300910,3.4697222222222224
2018-06-17 00:00:00 UTC,339,206,247300910,0.685138888888889
2018-06-17 00:00:00 UTC,339,207,247300910,1.6675
2018-06-17 00:00:00 UTC,339,1281,440701760,2.3619444444444446
2018-06-17 00:00:00 UTC,339,1280,440701760,3.1205555555555557
2018-06-17 00:00:00 UTC,339,-85,242908000,1.4205555555555556
2018-06-17 00:00:00 UTC,339,-83,242908000,0.88874999999999993
2018-06-17 00:00:00 UTC,339,-84,242908000,2.1629166666666664
2018-06-17 00:00:00 UTC,339,1553,431484000,0.71805555555555556
2018-06-17 00:00:00 UTC,339,-84,242929000,1.8406944444444444
2018-06-17 00:00:00 UTC,339,-85,242929000,1.5166666666666666
2018-06-17 00:00:00 UTC,339,-83,242929000,0.86597222222222225
2018-06-17 00:00:00 UTC,339,1502,432966000,0.10458333333333333
2018-06-17 00:00:00 UTC,339,-183,255402890,3.2273611111111107
2018-06-17 00:00:00 UTC,339,-182,255402890,4.1869444444444435
2018-06-17 00:00:00 UTC,339,-180,255402890,0.2697222222222222
2018-06-17 00:00:00 UTC,339,-181,255402890,5.4288888888888911
2018-06-17 00:00:00 UTC,339,-184,255402890,0.71513888888888877
2018-06-17 00:00:00 UTC,339,1541,431600280,0.35791666666666672
2018-06-17 00:00:00 UTC,339,1540,431600280,0.42944444444444441
2018-06-17 00:00:00 UTC,339,1506,431601080,0.67138888888888892
2018-06-17 00:00:00 UTC,339,1505,431601080,1.7904166666666665
2018-06-17 00:00:00 UTC,339,1557,431768000,0.92055555555555557
2018-06-17 00:00:00 UTC,339,-772,368802000,0.7779166666666667
2018-06-17 00:00:00 UTC,339,-771,368802000,0.16569444444444442
2018-06-17 00:00:00 UTC,339,1331,431009254,0.12930555555555556
2018-06-17 00:00:00 UTC,595,-66,232005120,8.7445833333333329
2018-06-17 00:00:00 UTC,595,-65,235068431,8.9340277777777786
2018-06-17 00:00:00 UTC,595,1511,273436470,2.7169444444444446
2018-06-17 00:00:00 UTC,595,1509,273436470,1.5662500000000001
2018-06-17 00:00:00 UTC,595,1510,273436470,2.1754166666666661
2018-06-17 00:00:00 UTC,595,-12,258547000,2.76875
2018-06-17 00:00:00 UTC,595,-11,258547000,2.3033333333333332
2018-06-17 00:00:00 UTC,595,-9,258547000,0.26388888888888884
2018-06-17 00:00:00 UTC,595,-10,258547000,0.53222222222222215
2018-06-17 00:00:00 UTC,595,13,232013113,2.1843055555555559
2018-06-17 00:00:00 UTC,595,-66,228104000,4.1631944444444446
2018-06-17 00:00:00 UTC,595,-65,228104000,4.2236111111111114
2018-06-17 00:00:00 UTC,595,-34,235004230,1.254861111111111
2018-06-17 00:00:00 UTC,595,-12,257234000,1.4009722222222223
2018-06-17 00:00:00 UTC,595,-7,257234000,0.30694444444444446
2018-06-17 00:00:00 UTC,595,-6,257234000,0.26958333333333334
2018-06-17 00:00:00 UTC,595,-11,257234000,0.56375
2018-06-17 00:00:00 UTC,595,-12,258098000,0.63847222222222211
2018-06-17 00:00:00 UTC,595,-10,258098000,1.4386111111111113
2018-06-17 00:00:00 UTC,595,-9,258098000,2.7834722222222217
2018-06-17 00:00:00 UTC,595,20,257138000,3.2822222222222219
2018-06-17 00:00:00 UTC,595,1667,273345620,9.22263888888889
2018-06-17 00:00:00 UTC,595,1668,273345620,3.0636111111111113
2018-06-17 00:00:00 UTC,595,1665,273345620,6.3863888888888907
2018-06-17 00:00:00 UTC,595,1666,273345620,3.3501388888888877
2018-06-17 00:00:00 UTC,595,-65,232006490,8.2238888888888884
2018-06-17 00:00:00 UTC,595,1510,273826910,2.7013888888888888
2018-06-17 00:00:00 UTC,595,1511,273826910,0.82611111111111135
2018-06-17 00:00:00 UTC,595,-202,257105000,3.1748611111111109
2018-06-17 00:00:00 UTC,595,-200,257105000,1.5109722222222222
2018-06-17 00:00:00 UTC,595,-203,257105000,1.6677777777777776
2018-06-17 00:00:00 UTC,595,-201,257105000,2.8163888888888886
2018-06-17 00:00:00 UTC,595,-66,235008110,1.6793055555555556
2018-06-17 00:00:00 UTC,595,-65,235008110,5.8619444444444442
2018-06-17 00:00:00 UTC,595,-12,259526000,3.0654166666666671
2018-06-17 00:00:00 UTC,595,-7,259526000,0.30555555555555558
2018-06-17 00:00:00 UTC,595,-11,259526000,2.4872222222222224
2018-06-17 00:00:00 UTC,595,-13,259526000,0.36083333333333334
2018-06-17 00:00:00 UTC,595,-10,259526000,0.3084722222222222
2018-06-17 00:00:00 UTC,595,-6,259526000,0.28069444444444447
2018-06-17 00:00:00 UTC,595,1510,273432440,2.3008333333333324
2018-06-17 00:00:00 UTC,595,1709,273848710,4.1088888888888873
2018-06-17 00:00:00 UTC,595,1711,273848710,1.9425000000000001
2018-06-17 00:00:00 UTC,595,1710,273848710,3.1802777777777771
2018-06-17 00:00:00 UTC,595,1708,273848710,1.507638888888889
2018-06-17 00:00:00 UTC,595,20,259845000,2.3680555555555554
2018-06-17 00:00:00 UTC,595,-12,259620000,2.5061111111111112
2018-06-17 00:00:00 UTC,595,-11,259620000,0.97347222222222218
2018-06-17 00:00:00 UTC,595,-10,259620000,2.03875
2018-06-17 00:00:00 UTC,595,-15,235103397,0.732638888888889
2018-06-17 00:00:00 UTC,595,-13,235103397,0.86541666666666672
2018-06-17 00:00:00 UTC,595,-14,235103397,2.2101388888888889
2018-06-17 00:00:00 UTC,595,-13,235103398,1.120138888888889
2018-06-17 00:00:00 UTC,595,-14,235103398,0.29722222222222222
2018-06-17 00:00:00 UTC,595,-65,232006840,12.705694444444443
2018-06-17 00:00:00 UTC,595,-65,235054804,5.2643055555555556
2018-06-17 00:00:00 UTC,595,-66,235054804,5.43486111111111
2018-06-17 00:00:00 UTC,595,28,257367000,1.8519444444444444
2018-06-17 00:00:00 UTC,595,17,234903000,2.0806944444444446
2018-06-17 00:00:00 UTC,595,16,234903000,22.265138888888888
2018-06-17 00:00:00 UTC,595,-67,228205800,5.5283333333333333
2018-06-17 00:00:00 UTC,595,33,258678000,1.1172222222222223
2018-06-17 00:00:00 UTC,-429,98,432426000,0.83847222222222251
2018-06-17 00:00:00 UTC,-429,99,432426000,1.5327777777777767
2018-06-17 00:00:00 UTC,-429,100,432426000,0.13888888888888887
2018-06-17 00:00:00 UTC,-429,1693,512005156,0.49222222222222223
2018-06-17 00:00:00 UTC,-429,1692,512005156,1.4805555555555556
2018-06-17 00:00:00 UTC,-429,-567,412331075,1.7363888888888888
2018-06-17 00:00:00 UTC,-429,-566,412331075,5.7844444444444454
2018-06-17 00:00:00 UTC,-429,96,432444000,0.66097222222222241
2018-06-17 00:00:00 UTC,-429,95,432444000,0.66888888888888887
2018-06-17 00:00:00 UTC,-429,101,431300000,1.3275000000000001
2018-06-17 00:00:00 UTC,-429,100,431300000,0.783888888888889
2018-06-17 00:00:00 UTC,-429,1697,512236000,0.58666666666666667
2018-06-17 00:00:00 UTC,-429,1698,512236000,1.2937500000000002
2018-06-17 00:00:00 UTC,-429,-576,412329697,3.291666666666667
2018-06-17 00:00:00 UTC,-429,98,441483000,1.3644444444444446
2018-06-17 00:00:00 UTC,-429,97,441483000,1.6288888888888886
2018-06-17 00:00:00 UTC,-429,95,441483000,0.18861111111111112
2018-06-17 00:00:00 UTC,-429,96,441483000,0.40819444444444442
2018-06-17 00:00:00 UTC,-173,-1750,416004627,0.69625
2018-06-17 00:00:00 UTC,-173,-1751,416004627,1.1119444444444446
2018-06-17 00:00:00 UTC,-173,389,650000155,2.8972222222222221
2018-06-17 00:00:00 UTC,-173,388,650000155,2.7511111111111108
2018-06-17 00:00:00 UTC,-173,389,650000159,10.42625
2018-06-17 00:00:00 UTC,-173,390,650000159,0.60638888888888887
2018-06-17 00:00:00 UTC,-173,388,650000159,4.1040277777777785
2018-06-17 00:00:00 UTC,-173,-719,700000056,1.0291666666666668
2018-06-17 00:00:00 UTC,-173,-719,760001340,0.19416666666666668
2018-06-17 00:00:00 UTC,-173,-720,760001340,2.1376388888888891
2018-06-17 00:00:00 UTC,-173,-851,431100990,0.96930555555555553
2018-06-17 00:00:00 UTC,-173,-856,224050000,0.097222222222222224
2018-06-17 00:00:00 UTC,-173,-1753,416002686,1.8424999999999998
2018-06-17 00:00:00 UTC,-173,-1754,416002686,1.1866666666666665
2018-06-17 00:00:00 UTC,-173,-1751,416002686,1.7659722222222221
2018-06-17 00:00:00 UTC,-173,-720,760000150,1.5049999999999997
2018-06-17 00:00:00 UTC,-173,-846,224313000,2.1423611111111112
2018-06-17 00:00:00 UTC,-173,-848,224313000,1.0998611111111112
2018-06-17 00:00:00 UTC,-173,77,432503000,3.7036111111111114
2018-06-17 00:00:00 UTC,-173,78,440236000,3.9983333333333335
2018-06-17 00:00:00 UTC,84,599,412331014,0.4802777777777778
2018-06-17 00:00:00 UTC,84,-163,224405000,1.3134722222222222
2018-06-17 00:00:00 UTC,84,-164,224405000,0.94763888888888881
2018-06-17 00:00:00 UTC,84,-162,224405000,4.7912500000000016
2018-06-17 00:00:00 UTC,84,-462,412370008,0.63930555555555557
2018-06-17 00:00:00 UTC,84,599,412326855,6.3138888888888891
2018-06-17 00:00:00 UTC,340,1610,416227600,2.7129166666666666
2018-06-17 00:00:00 UTC,340,1544,431914000,0.23430555555555557
2018-06-17 00:00:00 UTC,340,1544,431487000,0.83402777777777759
2018-06-17 00:00:00 UTC,340,1503,431500836,2.5126388888888886
2018-06-17 00:00:00 UTC,340,1539,431200575,2.2244444444444444
2018-06-17 00:00:00 UTC,340,1281,440701760,1.8466666666666667
2018-06-17 00:00:00 UTC,340,1280,440300890,4.566527777777778
2018-06-17 00:00:00 UTC,340,1281,440300890,1.9529166666666669
2018-06-17 00:00:00 UTC,340,-82,242929000,1.100138888888889
2018-06-17 00:00:00 UTC,340,1300,431009901,3.0051388888888892
2018-06-17 00:00:00 UTC,340,1280,440113520,2.683472222222222
2018-06-17 00:00:00 UTC,340,1279,440113520,3.2447222222222223
2018-06-17 00:00:00 UTC,340,-184,255402890,3.49986111111111
2018-06-17 00:00:00 UTC,340,-185,255402890,3.5676388888888892
2018-06-17 00:00:00 UTC,340,-186,255402890,1.0531944444444445
2018-06-17 00:00:00 UTC,340,1540,431200150,3.3022222222222224
2018-06-17 00:00:00 UTC,340,1539,431200150,1.7493055555555554
2018-06-17 00:00:00 UTC,340,1539,431600280,0.90416666666666667
2018-06-17 00:00:00 UTC,340,1541,431600280,3.6590277777777782
2018-06-17 00:00:00 UTC,340,1285,440047270,2.0159722222222225
2018-06-17 00:00:00 UTC,340,1540,432441000,1.2079166666666667
2018-06-17 00:00:00 UTC,340,1279,440300470,2.92875
2018-06-17 00:00:00 UTC,340,1540,431600310,1.7831944444444443
2018-06-17 00:00:00 UTC,340,-772,368802000,1.7225
2018-06-17 00:00:00 UTC,340,-771,368802000,0.2475
2018-06-17 00:00:00 UTC,340,1328,431006677,2.7893055555555555
2018-06-17 00:00:00 UTC,340,1329,431006677,6.9893055555555552
2018-06-17 00:00:00 UTC,340,1327,431006677,1.3076388888888888
2018-06-17 00:00:00 UTC,340,1286,440329440,0.53597222222222218
2018-06-17 00:00:00 UTC,340,1285,440329440,1.4191666666666665
2018-06-17 00:00:00 UTC,340,1331,431009254,9.0795833333333356
2018-06-17 00:00:00 UTC,340,1332,431009254,3.0626388888888885
2018-06-17 00:00:00 UTC,340,1279,440143350,5.0722222222222229
2018-06-17 00:00:00 UTC,340,1281,440143350,0.68888888888888888
2018-06-17 00:00:00 UTC,340,1280,440143350,9.269861111111112
2018-06-17 00:00:00 UTC,340,1348,431010298,0.26958333333333334
2018-06-17 00:00:00 UTC,340,1347,431010298,3.7006944444444443
2018-06-17 00:00:00 UTC,596,-58,228206600,3.0144444444444449
2018-06-17 00:00:00 UTC,596,-12,258547000,1.2851388888888888
2018-06-17 00:00:00 UTC,596,-11,258547000,4.8229166666666652
2018-06-17 00:00:00 UTC,596,12,232013113,1.2309722222222224
2018-06-17 00:00:00 UTC,596,-2,235004730,1.7048611111111112
2018-06-17 00:00:00 UTC,596,-65,228104000,2.9970833333333333
2018-06-17 00:00:00 UTC,596,-34,235004230,2.0722222222222224
2018-06-17 00:00:00 UTC,596,-33,235004230,0.49444444444444446
2018-06-17 00:00:00 UTC,596,-11,257234000,4.3251388888888886
2018-06-17 00:00:00 UTC,596,-6,257234000,0.40986111111111112
2018-06-17 00:00:00 UTC,596,-10,257234000,0.91472222222222221
2018-06-17 00:00:00 UTC,596,-12,258098000,2.1023611111111116
2018-06-17 00:00:00 UTC,596,-11,258098000,5.2613888888888889
2018-06-17 00:00:00 UTC,596,-65,232006490,6.4390277777777776
2018-06-17 00:00:00 UTC,596,-203,257105000,1.5079166666666666
2018-06-17 00:00:00 UTC,596,-201,257105000,2.943888888888889
2018-06-17 00:00:00 UTC,596,-202,257105000,4.1654166666666663
2018-06-17 00:00:00 UTC,596,-13,259526000,0.31486111111111115
2018-06-17 00:00:00 UTC,596,-11,259526000,3.6034722222222224
2018-06-17 00:00:00 UTC,596,1708,273848710,2.3376388888888888
2018-06-17 00:00:00 UTC,596,1707,273848710,3.9004166666666684
2018-06-17 00:00:00 UTC,596,1703,273841800,2.9676388888888896
2018-06-17 00:00:00 UTC,596,1702,273841800,3.8966666666666674
2018-06-17 00:00:00 UTC,596,1701,273841800,5.713055555555556
2018-06-17 00:00:00 UTC,596,1704,273841800,0.50958333333333339
2018-06-17 00:00:00 UTC,596,-12,259620000,1.0366666666666666
2018-06-17 00:00:00 UTC,596,-11,259620000,5.1229166666666677
2018-06-17 00:00:00 UTC,596,-65,235054804,3.2066666666666666
2018-06-17 00:00:00 UTC,596,21,257815000,6.8852777777777785
2018-06-17 00:00:00 UTC,596,33,258678000,2.4000000000000004
2018-06-17 00:00:00 UTC,-428,-650,701006084,0.05
2018-06-17 00:00:00 UTC,-428,1707,512000015,1.3758333333333332
2018-06-17 00:00:00 UTC,-428,98,432426000,0.84458333333333324
2018-06-17 00:00:00 UTC,-428,97,432426000,1.5399999999999994
2018-06-17 00:00:00 UTC,-428,96,432426000,0.15708333333333332
2018-06-17 00:00:00 UTC,-428,-568,412331074,3.968611111111112
2018-06-17 00:00:00 UTC,-428,-566,412331075,3.8584722222222232
2018-06-17 00:00:00 UTC,-428,1706,512187000,1.0806944444444444
2018-06-17 00:00:00 UTC,-428,1707,512187000,0.7025
2018-06-17 00:00:00 UTC,-428,100,431300000,1.0948611111111113
2018-06-17 00:00:00 UTC,-428,98,431300000,0.55166666666666664
2018-06-17 00:00:00 UTC,-428,99,431300000,1.6105555555555555
2018-06-17 00:00:00 UTC,-428,-53,431602620,0.4433333333333333
2018-06-17 00:00:00 UTC,-428,-54,431602620,0.20833333333333334
2018-06-17 00:00:00 UTC,-428,40,431725000,1.1754166666666666
2018-06-17 00:00:00 UTC,-428,1697,512439000,4.0827777777777783
2018-06-17 00:00:00 UTC,-428,1698,512439000,1.9243055555555555
2018-06-17 00:00:00 UTC,-428,1697,512236000,1.7013888888888888
2018-06-17 00:00:00 UTC,-428,1698,512236000,1.0938888888888889
2018-06-17 00:00:00 UTC,-428,1699,512236000,1.7936111111111106
2018-06-17 00:00:00 UTC,-428,95,441483000,2.3408333333333333
2018-06-17 00:00:00 UTC,-428,94,441483000,0.61402777777777773
2018-06-17 00:00:00 UTC,-428,97,441483000,0.34916666666666668
2018-06-17 00:00:00 UTC,-428,93,441483000,0.16388888888888889
2018-06-17 00:00:00 UTC,-428,96,441483000,1.4634722222222223
2018-06-17 00:00:00 UTC,-172,-1748,416004627,0.53500000000000014
2018-06-17 00:00:00 UTC,-172,-1749,416004627,1.1325
2018-06-17 00:00:00 UTC,-172,-1750,416004627,0.48444444444444446
2018-06-17 00:00:00 UTC,-172,-1752,416004627,1.5248611111111112
2018-06-17 00:00:00 UTC,-172,390,650000159,1.8754166666666665
2018-06-17 00:00:00 UTC,-172,-1792,503586100,1.5891666666666666
2018-06-17 00:00:00 UTC,-172,-851,431100990,1.5622222222222222
2018-06-17 00:00:00 UTC,-172,-1752,416002686,4.9202777777777786
2018-06-17 00:00:00 UTC,-172,-1751,416002686,0.2895833333333333
2018-06-17 00:00:00 UTC,-172,-1753,416002686,0.83
2018-06-17 00:00:00 UTC,-172,-847,224313000,0.93069444444444449
2018-06-17 00:00:00 UTC,-172,-846,224313000,1.4193055555555556
2018-06-17 00:00:00 UTC,-172,77,432503000,0.56527777777777777
2018-06-17 00:00:00 UTC,85,-163,224405000,1.1409722222222221
2018-06-17 00:00:00 UTC,85,-462,412370008,0.87486111111111109
2018-06-17 00:00:00 UTC,85,-171,224431000,2.1470833333333332
2018-06-17 00:00:00 UTC,341,1286,440200193,5.720694444444443
2018-06-17 00:00:00 UTC,341,1286,440110340,0.26125
2018-06-17 00:00:00 UTC,341,1285,440110340,2.3594444444444442
2018-06-17 00:00:00 UTC,341,1280,440316430,2.05
2018-06-17 00:00:00 UTC,341,1609,416227600,2.3865277777777778
2018-06-17 00:00:00 UTC,341,1545,431487000,0.25777777777777777
2018-06-17 00:00:00 UTC,341,1544,431487000,0.46347222222222223
2018-06-17 00:00:00 UTC,341,1508,431500836,0.46402777777777782
2018-06-17 00:00:00 UTC,341,1504,431500836,1.3208333333333333
2018-06-17 00:00:00 UTC,341,1287,440409640,0.50305555555555559
2018-06-17 00:00:00 UTC,341,1286,440409640,3.6230555555555553
2018-06-17 00:00:00 UTC,341,1521,432425000,10.726944444444445
2018-06-17 00:00:00 UTC,341,1305,431006268,6.3181944444444431
2018-06-17 00:00:00 UTC,341,1306,431006268,3.0819444444444448
2018-06-17 00:00:00 UTC,341,1261,440321340,5.0311111111111115
2018-06-17 00:00:00 UTC,341,1538,431200575,0.28291666666666671
2018-06-17 00:00:00 UTC,341,1539,431200575,0.15680555555555556
2018-06-17 00:00:00 UTC,341,1287,440125760,1.4658333333333333
2018-06-17 00:00:00 UTC,341,1286,440125760,8.3443055555555556
2018-06-17 00:00:00 UTC,341,-79,242909000,0.4490277777777778
2018-06-17 00:00:00 UTC,341,-78,242909000,3.1461111111111113
2018-06-17 00:00:00 UTC,341,1287,440154970,2.0693055555555553
2018-06-17 00:00:00 UTC,341,1282,440300890,7.7030555555555553
2018-06-17 00:00:00 UTC,341,1281,440300890,6.2530555555555551
2018-06-17 00:00:00 UTC,341,1279,440334430,5.1416666666666675
2018-06-17 00:00:00 UTC,341,-80,242908000,1.350138888888889
2018-06-17 00:00:00 UTC,341,-78,242908000,2.0766666666666667
2018-06-17 00:00:00 UTC,341,-79,242929000,2.2422222222222223
2018-06-17 00:00:00 UTC,341,-78,242929000,0.53166666666666662
2018-06-17 00:00:00 UTC,341,-80,242929000,0.30833333333333335
2018-06-17 00:00:00 UTC,341,1300,431009901,0.87902777777777774
2018-06-17 00:00:00 UTC,341,1286,440106350,3.6125
2018-06-17 00:00:00 UTC,341,1282,440113520,4.0383333333333331
2018-06-17 00:00:00 UTC,341,1280,440113520,1.6552777777777776
2018-06-17 00:00:00 UTC,341,1281,440113520,6.1091666666666669
2018-06-17 00:00:00 UTC,341,1286,440138610,3.8170833333333336
2018-06-17 00:00:00 UTC,341,1287,440154740,1.2683333333333333
2018-06-17 00:00:00 UTC,341,1287,440700020,2.8029166666666669
2018-06-17 00:00:00 UTC,341,1286,440224390,1.52375
2018-06-17 00:00:00 UTC,341,1287,440224390,3.2975000000000003
2018-06-17 00:00:00 UTC,341,-186,255402890,0.76986111111111111
2018-06-17 00:00:00 UTC,341,1285,440143760,1.0504166666666668
2018-06-17 00:00:00 UTC,341,1286,440143760,4.7365277777777779
2018-06-17 00:00:00 UTC,341,1539,431200150,0.92611111111111111
2018-06-17 00:00:00 UTC,341,1285,440701080,0.38625
2018-06-17 00:00:00 UTC,341,1286,440701080,4.8226388888888883
2018-06-17 00:00:00 UTC,341,1287,440028570,2.2816666666666663
2018-06-17 00:00:00 UTC,341,1286,440028570,9.1879166666666663
2018-06-17 00:00:00 UTC,341,1286,440047270,1.8197222222222222
2018-06-17 00:00:00 UTC,341,1285,440047270,13.987916666666669
2018-06-17 00:00:00 UTC,341,-80,242130100,2.7826388888888891
2018-06-17 00:00:00 UTC,341,-79,242130100,4.378750000000001
2018-06-17 00:00:00 UTC,341,1282,440300470,1.3701388888888886
2018-06-17 00:00:00 UTC,341,1281,440300470,3.9940277777777777
2018-06-17 00:00:00 UTC,341,1280,440334270,5.0666666666666664
2018-06-17 00:00:00 UTC,341,1558,431768000,1.3572222222222221
2018-06-17 00:00:00 UTC,341,-772,368802000,3.5743055555555552
2018-06-17 00:00:00 UTC,341,-773,368802000,0.1940277777777778
2018-06-17 00:00:00 UTC,341,-1208,367762640,2.4791666666666665
2018-06-17 00:00:00 UTC,341,1328,431006677,0.42486111111111113
2018-06-17 00:00:00 UTC,341,1329,431006677,0.42472222222222222
2018-06-17 00:00:00 UTC,341,1542,431351000,2.6083333333333334
2018-06-17 00:00:00 UTC,341,1543,431351000,1.3538888888888891
2018-06-17 00:00:00 UTC,341,1285,440329440,0.647361111111111
2018-06-17 00:00:00 UTC,341,1286,440329440,1.43625
2018-06-17 00:00:00 UTC,341,1295,431008737,0.65055555555555555
2018-06-17 00:00:00 UTC,341,1283,440113380,1.598611111111111
2018-06-17 00:00:00 UTC,341,1284,440113380,0.28708333333333336
2018-06-17 00:00:00 UTC,341,1284,440109290,8.7533333333333339
2018-06-17 00:00:00 UTC,341,1283,440109290,3.4147222222222222
2018-06-17 00:00:00 UTC,341,1282,440109290,3.7559722222222223
2018-06-17 00:00:00 UTC,341,1287,440123370,6.8627777777777776
2018-06-17 00:00:00 UTC,341,1287,440168180,1.0152777777777777
2018-06-17 00:00:00 UTC,341,1286,440168180,8.2583333333333329
2018-06-17 00:00:00 UTC,341,1280,440143350,1.1022222222222222
2018-06-17 00:00:00 UTC,341,1282,440143350,1.2688888888888887
2018-06-17 00:00:00 UTC,341,1281,440143350,6.2508333333333335
2018-06-17 00:00:00 UTC,341,1282,440215030,0.43611111111111112
2018-06-17 00:00:00 UTC,597,32,259657000,3.274027777777778
2018-06-17 00:00:00 UTC,597,21,259166000,5.6891666666666669
2018-06-17 00:00:00 UTC,597,11,232013113,2.0411111111111109
2018-06-17 00:00:00 UTC,597,12,232013113,0.4981944444444445
2018-06-17 00:00:00 UTC,597,0,235004730,1.718333333333333
2018-06-17 00:00:00 UTC,597,-2,235004730,3.8020833333333339
2018-06-17 00:00:00 UTC,597,-1,235004730,6.4672222222222215
2018-06-17 00:00:00 UTC,597,-32,235004230,0.87694444444444442
2018-06-17 00:00:00 UTC,597,-33,235004230,2.19625
2018-06-17 00:00:00 UTC,597,-1,257234000,0.39583333333333337
2018-06-17 00:00:00 UTC,597,-36,211232850,4.4552777777777779
2018-06-17 00:00:00 UTC,597,1676,273332830,0.18569444444444444
2018-06-17 00:00:00 UTC,597,1679,273332830,0.45416666666666672
2018-06-17 00:00:00 UTC,597,1678,273332830,0.71805555555555556
2018-06-17 00:00:00 UTC,597,1677,273332830,0.97069444444444453
2018-06-17 00:00:00 UTC,597,1704,273841800,2.3748611111111115
2018-06-17 00:00:00 UTC,597,1703,273841800,2.4204166666666662
2018-06-17 00:00:00 UTC,597,23,259845000,0.56152777777777774
2018-06-17 00:00:00 UTC,597,50,257399720,0.68333333333333335
2018-06-17 00:00:00 UTC,597,-56,228205800,1.1940277777777779
2018-06-17 00:00:00 UTC,597,-58,228205800,5.3920833333333338
2018-06-17 00:00:00 UTC,597,-55,228205800,6.8144444444444447
2018-06-17 00:00:00 UTC,597,1677,273825520,1.1770833333333333
2018-06-17 00:00:00 UTC,-427,1705,512000015,0.58291666666666664
2018-06-17 00:00:00 UTC,-427,1706,512000015,15.000972222222265
2018-06-17 00:00:00 UTC,-427,1707,512000015,0.44111111111111118
2018-06-17 00:00:00 UTC,-427,98,432426000,2.4063888888888894
2018-06-17 00:00:00 UTC,-427,96,432426000,5.2411111111111124
2018-06-17 00:00:00 UTC,-427,97,432426000,3.300277777777779
2018-06-17 00:00:00 UTC,-427,95,432426000,0.93277777777777782
2018-06-17 00:00:00 UTC,-427,94,432426000,0.49847222222222221
2018-06-17 00:00:00 UTC,-427,-19,431602710,0.165
2018-06-17 00:00:00 UTC,-427,1706,512000044,4.7620833333333321
2018-06-17 00:00:00 UTC,-427,1702,512005171,0.15944444444444447
2018-06-17 00:00:00 UTC,-427,-568,412331074,7.42486111111111
2018-06-17 00:00:00 UTC,-427,1706,512000842,1.1211111111111112
2018-06-17 00:00:00 UTC,-427,90,432444000,1.6327777777777774
2018-06-17 00:00:00 UTC,-427,92,432444000,2.295
2018-06-17 00:00:00 UTC,-427,91,432444000,2.3612499999999983
2018-06-17 00:00:00 UTC,-427,1706,512001915,2.5720833333333335
2018-06-17 00:00:00 UTC,-427,1705,512001915,0.11458333333333334
2018-06-17 00:00:00 UTC,-427,96,431300000,0.3372222222222222
2018-06-17 00:00:00 UTC,-427,99,431300000,0.82847222222222228
2018-06-17 00:00:00 UTC,-427,97,431300000,0.49611111111111111
2018-06-17 00:00:00 UTC,-427,98,431300000,1.4626388888888888
2018-06-17 00:00:00 UTC,-427,-53,431602620,0.36930555555555555
2018-06-17 00:00:00 UTC,-427,40,431725000,0.92708333333333337
2018-06-17 00:00:00 UTC,-427,39,431725000,0.26138888888888889
2018-06-17 00:00:00 UTC,-427,1698,512439000,3.7029166666666664
2018-06-17 00:00:00 UTC,-427,1699,512439000,1.0744444444444443
2018-06-17 00:00:00 UTC,-427,1697,512439000,1.6608333333333332
2018-06-17 00:00:00 UTC,-427,1697,512236000,0.40222222222222226
2018-06-17 00:00:00 UTC,-427,1700,512236000,1.1823611111111112
2018-06-17 00:00:00 UTC,-427,1699,512236000,1.2888888888888888
2018-06-17 00:00:00 UTC,-427,1698,512236000,1.4598611111111111
2018-06-17 00:00:00 UTC,-427,94,441483000,2.8722222222222213
2018-06-17 00:00:00 UTC,-427,93,441483000,2.9722222222222223
2018-06-17 00:00:00 UTC,-171,-1747,416004627,1.53125
2018-06-17 00:00:00 UTC,-171,-1748,416004627,0.85097222222222235
2018-06-17 00:00:00 UTC,-171,-1751,416004627,1.625
2018-06-17 00:00:00 UTC,-171,1719,412687150,0.51694444444444443
2018-06-17 00:00:00 UTC,-171,-1792,503586100,1.7894444444444444
2018-06-17 00:00:00 UTC,-171,-851,431100990,1.3933333333333333
2018-06-17 00:00:00 UTC,-171,-856,224050000,0.16194444444444445
2018-06-17 00:00:00 UTC,-171,-848,224313000,0.64416666666666655
2018-06-17 00:00:00 UTC,-171,-846,224313000,1.1751388888888887
2018-06-17 00:00:00 UTC,-171,-847,224313000,0.50513888888888892
2018-06-17 00:00:00 UTC,86,1468,412460288,3.4873611111111114
2018-06-17 00:00:00 UTC,86,-165,224405000,0.81666666666666665
2018-06-17 00:00:00 UTC,86,-164,224405000,0.94055555555555559
2018-06-17 00:00:00 UTC,86,-463,412370008,2.6112499999999996
2018-06-17 00:00:00 UTC,86,-465,412370008,0.84930555555555554
2018-06-17 00:00:00 UTC,86,-464,412370008,1.81625
2018-06-17 00:00:00 UTC,86,-172,224431000,2.4215277777777775
2018-06-17 00:00:00 UTC,86,-171,224431000,1.0618055555555554
2018-06-17 00:00:00 UTC,342,1206,926000129,3.9202777777777773
2018-06-17 00:00:00 UTC,342,1286,440200193,16.513333333333332
2018-06-17 00:00:00 UTC,342,1286,440110340,15.3625
2018-06-17 00:00:00 UTC,342,1286,440705030,10.739166666666666
2018-06-17 00:00:00 UTC,342,1286,440316430,5.4761111111111109
2018-06-17 00:00:00 UTC,342,1609,416227600,2.2734722222222219
2018-06-17 00:00:00 UTC,342,1286,440021520,0.5163888888888889
2018-06-17 00:00:00 UTC,342,1285,440021520,0.80097222222222231
2018-06-17 00:00:00 UTC,342,1287,440038160,0.25583333333333336
2018-06-17 00:00:00 UTC,342,1286,440038160,3.582638888888888
2018-06-17 00:00:00 UTC,342,1281,440156180,3.4776388888888894
2018-06-17 00:00:00 UTC,342,1288,440158230,7.2343055555555544
2018-06-17 00:00:00 UTC,342,1287,440158230,11.175833333333332
2018-06-17 00:00:00 UTC,342,1545,431487000,0.82236111111111121
2018-06-17 00:00:00 UTC,342,1281,440403230,3.986388888888889
2018-06-17 00:00:00 UTC,342,1283,440600351,8.9370833333333319
2018-06-17 00:00:00 UTC,342,1284,440706850,9.3477777777777789
2018-06-17 00:00:00 UTC,342,1509,431500836,0.52125
2018-06-17 00:00:00 UTC,342,1508,431500836,0.48222222222222222
2018-06-17 00:00:00 UTC,342,1281,440324390,2.534583333333333
2018-06-17 00:00:00 UTC,342,1286,440409640,16.525833333333335
2018-06-17 00:00:00 UTC,342,1287,440409640,2.3466666666666667
2018-06-17 00:00:00 UTC,342,1526,432425000,1.0095833333333333
2018-06-17 00:00:00 UTC,342,1527,432425000,0.94277777777777771
2018-06-17 00:00:00 UTC,342,1280,440312110,2.5944444444444446
2018-06-17 00:00:00 UTC,342,1284,440102960,0.54847222222222225
2018-06-17 00:00:00 UTC,342,1287,440124730,0.25541666666666663
2018-06-17 00:00:00 UTC,342,1284,440063290,15.333055555555561
2018-06-17 00:00:00 UTC,342,1261,440321340,5.3747222222222222
2018-06-17 00:00:00 UTC,342,1287,440125760,3.4323611111111112
2018-06-17 00:00:00 UTC,342,-75,242909000,4.2075
2018-06-17 00:00:00 UTC,342,-76,242909000,3.8044444444444436
2018-06-17 00:00:00 UTC,342,-77,242909000,3.7531944444444432
2018-06-17 00:00:00 UTC,342,-74,242909000,2.7763888888888886
2018-06-17 00:00:00 UTC,342,-78,242909000,1.3516666666666666
2018-06-17 00:00:00 UTC,342,1286,440173130,8.1293055555555558
2018-06-17 00:00:00 UTC,342,1287,440173130,0.37875000000000003
2018-06-17 00:00:00 UTC,342,1278,440037210,6.9191666666666682
2018-06-17 00:00:00 UTC,342,1279,440334430,4.9226388888888888
2018-06-17 00:00:00 UTC,342,-75,242908000,2.0413888888888891
2018-06-17 00:00:00 UTC,342,-78,242908000,0.9850000000000001
2018-06-17 00:00:00 UTC,342,-77,242908000,2.1238888888888887
2018-06-17 00:00:00 UTC,342,-76,242908000,2.2618055555555556
2018-06-17 00:00:00 UTC,342,1283,440700770,4.6613888888888884
2018-06-17 00:00:00 UTC,342,-77,242929000,2.0819444444444444
2018-06-17 00:00:00 UTC,342,-78,242929000,1.09
2018-06-17 00:00:00 UTC,342,-75,242929000,1.6209722222222223
2018-06-17 00:00:00 UTC,342,-76,242929000,3.5256944444444445
2018-06-17 00:00:00 UTC,342,-75,242165100,5.7711111111111109
2018-06-17 00:00:00 UTC,342,-74,242165100,1.3444444444444446
2018-06-17 00:00:00 UTC,342,1286,440106350,11.731250000000003
2018-06-17 00:00:00 UTC,342,1286,440145520,7.8472222222222214
2018-06-17 00:00:00 UTC,342,1287,440145520,4.2223611111111117
2018-06-17 00:00:00 UTC,342,1286,440315760,2.1993055555555552
2018-06-17 00:00:00 UTC,342,1278,440331120,13.715833333333334
2018-06-17 00:00:00 UTC,342,1284,440161650,12.577361111111113
2018-06-17 00:00:00 UTC,342,1286,440138610,13.827361111111117
2018-06-17 00:00:00 UTC,342,1287,440138610,2.556944444444444
2018-06-17 00:00:00 UTC,342,1288,440010100,1.0154166666666666
2018-06-17 00:00:00 UTC,342,1287,440010100,7.8911111111111119
2018-06-17 00:00:00 UTC,342,1287,440154740,1.546111111111111
2018-06-17 00:00:00 UTC,342,1287,440700020,0.25263888888888886
2018-06-17 00:00:00 UTC,342,1287,440124540,3.5026388888888889
2018-06-17 00:00:00 UTC,342,1287,440224390,1.5222222222222221
2018-06-17 00:00:00 UTC,342,1286,440224390,12.404166666666665
2018-06-17 00:00:00 UTC,342,1284,440054150,4.1409722222222216
2018-06-17 00:00:00 UTC,342,1285,440319370,7.4619444444444438
2018-06-17 00:00:00 UTC,342,1282,440158860,1.8609722222222222
2018-06-17 00:00:00 UTC,342,1287,440159630,18.97125
2018-06-17 00:00:00 UTC,342,1286,440143760,13.422222222222221
2018-06-17 00:00:00 UTC,342,1539,431200150,5.1601388888888895
2018-06-17 00:00:00 UTC,342,1286,440701080,5.0806944444444433
2018-06-17 00:00:00 UTC,342,1285,440701080,10.68777777777778
2018-06-17 00:00:00 UTC,342,-75,242131100,4.9322222222222223
2018-06-17 00:00:00 UTC,342,-76,242131100,4.1366666666666667
2018-06-17 00:00:00 UTC,342,-74,242131100,1.2630555555555558
2018-06-17 00:00:00 UTC,342,-77,242131100,0.72625
2018-06-17 00:00:00 UTC,342,1283,440700580,7.0293055555555579
2018-06-17 00:00:00 UTC,342,1283,440706980,6.0779166666666669
2018-06-17 00:00:00 UTC,342,1285,440047270,1.8433333333333333
2018-06-17 00:00:00 UTC,342,1286,440047270,4.2080555555555552
2018-06-17 00:00:00 UTC,342,1282,440302510,7.9683333333333337
2018-06-17 00:00:00 UTC,342,1278,440319920,0.97763888888888884
2018-06-17 00:00:00 UTC,342,1283,440023730,5.5611111111111109
2018-06-17 00:00:00 UTC,342,-77,242130100,3.9886111111111111
2018-06-17 00:00:00 UTC,342,-78,242130100,3.8383333333333334
2018-06-17 00:00:00 UTC,342,-76,242130100,4.0780555555555553
2018-06-17 00:00:00 UTC,342,-75,242130100,3.9799999999999995
2018-06-17 00:00:00 UTC,342,1546,431700150,0.92625
2018-06-17 00:00:00 UTC,342,1544,431700150,0.84722222222222232
2018-06-17 00:00:00 UTC,342,1543,431700150,0.47458333333333336
2018-06-17 00:00:00 UTC,342,1544,431001270,1.1175000000000002
2018-06-17 00:00:00 UTC,342,1287,440105150,5.7622222222222224
2018-06-17 00:00:00 UTC,342,1279,440334270,1.5830555555555554
2018-06-17 00:00:00 UTC,342,1281,440334270,3.1884722222222219
2018-06-17 00:00:00 UTC,342,1280,440334270,6.8531944444444459
2018-06-17 00:00:00 UTC,342,1557,431768000,0.591388888888889
2018-06-17 00:00:00 UTC,342,1285,440112580,3.0780555555555553
2018-06-17 00:00:00 UTC,342,-771,368802000,1.53625
2018-06-17 00:00:00 UTC,342,-772,368802000,0.34305555555555556
2018-06-17 00:00:00 UTC,342,-1208,367762640,2.1629166666666668
2018-06-17 00:00:00 UTC,342,1286,440135120,3.3022222222222224
2018-06-17 00:00:00 UTC,342,1287,440135120,12.463055555555552
2018-06-17 00:00:00 UTC,342,1541,431255000,2.7348611111111105
2018-06-17 00:00:00 UTC,342,1543,431255000,1.4354166666666668
2018-06-17 00:00:00 UTC,342,1542,431255000,0.775
2018-06-17 00:00:00 UTC,342,1538,431351000,4.225138888888889
2018-06-17 00:00:00 UTC,342,1537,431351000,6.5716666666666672
2018-06-17 00:00:00 UTC,342,1543,431351000,0.53388888888888886
2018-06-17 00:00:00 UTC,342,1285,440329440,10.72
2018-06-17 00:00:00 UTC,342,1286,440329440,0.54708333333333337
2018-06-17 00:00:00 UTC,342,1283,440113380,1.6119444444444442
2018-06-17 00:00:00 UTC,342,1284,440113380,0.54
2018-06-17 00:00:00 UTC,342,1279,440322790,0.30402777777777779
2018-06-17 00:00:00 UTC,342,1288,440117480,2.355833333333333
2018-06-17 00:00:00 UTC,342,1287,440117480,1.7513888888888889
2018-06-17 00:00:00 UTC,342,1285,440707050,0.51388888888888884
2018-06-17 00:00:00 UTC,342,1288,440123370,1.331388888888889
2018-06-17 00:00:00 UTC,342,1287,440151020,11.131944444444443
2018-06-17 00:00:00 UTC,342,1287,440168180,9.8108333333333348
2018-06-17 00:00:00 UTC,342,1286,440168180,0.25819444444444445
2018-06-17 00:00:00 UTC,342,1281,440215030,0.78347222222222224
2018-06-17 00:00:00 UTC,598,-81,231327000,6.724444444444444
2018-06-17 00:00:00 UTC,598,-82,231327000,2.1518055555555557
2018-06-17 00:00:00 UTC,598,-80,231327000,0.94041666666666668
2018-06-17 00:00:00 UTC,598,-80,231326000,4.5818055555555546
2018-06-17 00:00:00 UTC,598,-81,231326000,0.79625
2018-06-17 00:00:00 UTC,598,-82,231326000,2.5276388888888888
2018-06-17 00:00:00 UTC,598,-1,235004730,2.5916666666666663
2018-06-17 00:00:00 UTC,598,0,235004730,6.5130555555555558
2018-06-17 00:00:00 UTC,598,-2,235004730,1.1555555555555554
2018-06-17 00:00:00 UTC,598,-32,235004230,0.59902777777777783
2018-06-17 00:00:00 UTC,598,-31,235004230,2.162638888888889
2018-06-17 00:00:00 UTC,598,-35,211232850,1.7619444444444445
2018-06-17 00:00:00 UTC,598,-36,211232850,0.29736111111111108
2018-06-17 00:00:00 UTC,598,1678,273332830,2.0069444444444442
2018-06-17 00:00:00 UTC,598,1676,273332830,2.0098611111111113
2018-06-17 00:00:00 UTC,598,1679,273332830,4.0969444444444445
2018-06-17 00:00:00 UTC,598,1679,273242000,0.79027777777777763
2018-06-17 00:00:00 UTC,598,1678,273242000,1.1531944444444446
2018-06-17 00:00:00 UTC,598,1680,273242000,0.44236111111111109
2018-06-17 00:00:00 UTC,598,1675,273825520,3.9166666666666661
2018-06-17 00:00:00 UTC,598,1676,273825520,4.8305555555555575
2018-06-17 00:00:00 UTC,598,1677,273825520,10.575
2018-06-17 00:00:00 UTC,598,1678,273825520,0.88069444444444434
2018-06-17 00:00:00 UTC,-426,1706,512000015,0.33958333333333335
2018-06-17 00:00:00 UTC,-426,1704,512000015,0.611111111111111
2018-06-17 00:00:00 UTC,-426,1705,512000015,4.5880555555555551
2018-06-17 00:00:00 UTC,-426,97,432426000,0.22263888888888886
2018-06-17 00:00:00 UTC,-426,88,433226000,0.38027777777777783
2018-06-17 00:00:00 UTC,-426,-19,431602710,1.943888888888889
2018-06-17 00:00:00 UTC,-426,1705,512000044,1.1836111111111109
2018-06-17 00:00:00 UTC,-426,1702,512005171,0.678611111111111
2018-06-17 00:00:00 UTC,-426,1703,512005171,5.11152777777778
2018-06-17 00:00:00 UTC,-426,1704,512005171,2.7552777777777782
2018-06-17 00:00:00 UTC,-426,1706,512000842,1.137361111111111
2018-06-17 00:00:00 UTC,-426,1705,512000842,2.8977777777777782
2018-06-17 00:00:00 UTC,-426,92,432444000,0.8419444444444445
2018-06-17 00:00:00 UTC,-426,1705,512001915,0.17791666666666667
2018-06-17 00:00:00 UTC,-426,1706,512001915,1.149861111111111
2018-06-17 00:00:00 UTC,-426,98,431300000,1.6523611111111112
2018-06-17 00:00:00 UTC,-426,97,431300000,0.27499999999999997
2018-06-17 00:00:00 UTC,-426,96,431300000,1.1368055555555558
2018-06-17 00:00:00 UTC,-426,39,431725000,3.4409722222222219
2018-06-17 00:00:00 UTC,-426,35,431725000,0.41277777777777774
2018-06-17 00:00:00 UTC,-426,1700,512439000,0.24625
2018-06-17 00:00:00 UTC,-426,1699,512439000,1.0906944444444446
2018-06-17 00:00:00 UTC,-426,1698,512439000,2.17236111111111
2018-06-17 00:00:00 UTC,-170,-1751,416004627,0.97958333333333325
2018-06-17 00:00:00 UTC,-170,-1746,416004627,2.7744444444444443
2018-06-17 00:00:00 UTC,-170,1719,412687150,2.3313888888888887
2018-06-17 00:00:00 UTC,-170,-1792,503586100,6.1540277777777792
2018-06-17 00:00:00 UTC,-170,-851,431100990,3.1256944444444446
2018-06-17 00:00:00 UTC,-170,-856,224050000,1.0418055555555557
2018-06-17 00:00:00 UTC,-170,-847,224313000,1.5998611111111112
2018-06-17 00:00:00 UTC,-170,-846,224313000,1.3743055555555554
2018-06-17 00:00:00 UTC,-170,-845,224313000,0.32611111111111113
2018-06-17 00:00:00 UTC,-170,-848,224313000,0.39305555555555555
2018-06-17 00:00:00 UTC,87,1468,412460288,4.6488888888888891
2018-06-17 00:00:00 UTC,87,-166,224405000,1.0029166666666665
2018-06-17 00:00:00 UTC,87,-167,224405000,0.14916666666666667
2018-06-17 00:00:00 UTC,87,-175,228066900,4.8409722222222227
2018-06-17 00:00:00 UTC,87,-136,412201837,1.8838888888888889
2018-06-17 00:00:00 UTC,87,660,416153500,0.52680555555555553
2018-06-17 00:00:00 UTC,87,658,416153500,1.7527777777777778
2018-06-17 00:00:00 UTC,87,657,416153500,2.3345833333333332
2018-06-17 00:00:00 UTC,87,659,416153500,1.5186111111111109
2018-06-17 00:00:00 UTC,87,655,416153500,4.3212500000000009
2018-06-17 00:00:00 UTC,87,662,416153500,0.27083333333333331
2018-06-17 00:00:00 UTC,87,656,416153500,1.7625
2018-06-17 00:00:00 UTC,87,661,416153500,0.71055555555555561
2018-06-17 00:00:00 UTC,343,1281,440154880,5.1834722222222211
2018-06-17 00:00:00 UTC,343,1207,926000129,11.125555555555554
2018-06-17 00:00:00 UTC,343,1286,440409860,2.8391666666666664
2018-06-17 00:00:00 UTC,343,1284,440409860,0.96930555555555564
2018-06-17 00:00:00 UTC,343,1285,440409860,0.12638888888888888
2018-06-17 00:00:00 UTC,343,1286,440705030,8.5834722222222233
2018-06-17 00:00:00 UTC,343,1284,440040970,1.775
2018-06-17 00:00:00 UTC,343,1285,440040970,8.6765277777777783
2018-06-17 00:00:00 UTC,343,1283,440505610,3.5331944444444447
2018-06-17 00:00:00 UTC,343,1284,440018700,0.25555555555555554
2018-06-17 00:00:00 UTC,343,1283,440018700,6.4566666666666652
2018-06-17 00:00:00 UTC,343,1285,440706060,3.3473611111111112
2018-06-17 00:00:00 UTC,343,1286,440706060,3.5219444444444439
2018-06-17 00:00:00 UTC,343,1283,440321550,3.37
2018-06-17 00:00:00 UTC,343,1286,440321550,6.9608333333333317
2018-06-17 00:00:00 UTC,343,1285,440021520,4.1233333333333331
2018-06-17 00:00:00 UTC,343,1286,440021520,5.459722222222223
2018-06-17 00:00:00 UTC,343,1286,440038160,4.1125
2018-06-17 00:00:00 UTC,343,1543,431722000,0.47944444444444445
2018-06-17 00:00:00 UTC,343,1281,440156180,11.267083333333334
2018-06-17 00:00:00 UTC,343,1284,440707860,1.5554166666666664
2018-06-17 00:00:00 UTC,343,1285,440707860,8.830277777777777
2018-06-17 00:00:00 UTC,343,1286,440162070,8.4566666666666634
2018-06-17 00:00:00 UTC,343,1285,440162070,2.3609722222222222
2018-06-17 00:00:00 UTC,343,1287,440162070,0.51708333333333334
2018-06-17 00:00:00 UTC,343,1336,431006486,2.721111111111111
2018-06-17 00:00:00 UTC,343,1554,431903000,0.29472222222222222
2018-06-17 00:00:00 UTC,343,1553,431903000,0.065277777777777782
2018-06-17 00:00:00 UTC,343,1278,440312090,6.2776388888888883
2018-06-17 00:00:00 UTC,343,1280,440403230,0.35277777777777775
2018-06-17 00:00:00 UTC,343,1281,440403230,1.0470833333333334
2018-06-17 00:00:00 UTC,343,1283,440600351,1.1231944444444444
2018-06-17 00:00:00 UTC,343,1284,440600351,0.51611111111111108
2018-06-17 00:00:00 UTC,343,1284,440706850,4.0631944444444441
2018-06-17 00:00:00 UTC,343,1529,432425000,2.5031944444444445
2018-06-17 00:00:00 UTC,343,1525,431200042,0.7122222222222222
2018-06-17 00:00:00 UTC,343,1286,440107820,0.82166666666666666
2018-06-17 00:00:00 UTC,343,1285,440107820,10.500833333333333
2018-06-17 00:00:00 UTC,343,1280,440312110,2.9973611111111111
2018-06-17 00:00:00 UTC,343,1339,431001649,0.80791666666666662
2018-06-17 00:00:00 UTC,343,1258,440116020,1.4472222222222215
2018-06-17 00:00:00 UTC,343,1278,440312120,15.808194444444442
2018-06-17 00:00:00 UTC,343,1277,440312120,1.3051388888888888
2018-06-17 00:00:00 UTC,343,1540,431795000,0.9211111111111111
2018-06-17 00:00:00 UTC,343,1545,431795000,1.8408333333333331
2018-06-17 00:00:00 UTC,343,1544,431795000,2.4902777777777785
2018-06-17 00:00:00 UTC,343,1542,431795000,1.000277777777778
2018-06-17 00:00:00 UTC,343,1543,431795000,7.0756944444444443
2018-06-17 00:00:00 UTC,343,1541,431795000,1.0125
2018-06-17 00:00:00 UTC,343,1538,431200575,7.49236111111111
2018-06-17 00:00:00 UTC,343,1286,440224320,2.2193055555555556
2018-06-17 00:00:00 UTC,343,1287,440224320,2.85125
2018-06-17 00:00:00 UTC,343,1278,440303170,10.29638888888889
2018-06-17 00:00:00 UTC,343,-74,242188100,0.75444444444444447
2018-06-17 00:00:00 UTC,343,-73,242188100,2.5472222222222221
2018-06-17 00:00:00 UTC,343,1281,440153670,1.6279166666666667
2018-06-17 00:00:00 UTC,343,-73,242909000,3.6515277777777775
2018-06-17 00:00:00 UTC,343,-74,242909000,1.14
2018-06-17 00:00:00 UTC,343,1278,440318540,4.480833333333333
2018-06-17 00:00:00 UTC,343,1247,440125020,1.4945833333333334
2018-06-17 00:00:00 UTC,343,1248,440125020,0.88875000000000037
2018-06-17 00:00:00 UTC,343,1246,440125020,2.0820833333333337
2018-06-17 00:00:00 UTC,343,1279,440334430,2.6633333333333331
2018-06-17 00:00:00 UTC,343,-72,242908000,0.37375
2018-06-17 00:00:00 UTC,343,-75,242908000,1.213888888888889
2018-06-17 00:00:00 UTC,343,-73,242908000,1.6923611111111112
2018-06-17 00:00:00 UTC,343,-74,242908000,1.4929166666666669
2018-06-17 00:00:00 UTC,343,1282,440700770,0.77222222222222214
2018-06-17 00:00:00 UTC,343,1283,440700770,3.3527777777777774
2018-06-17 00:00:00 UTC,343,-74,242929000,1.9293055555555556
2018-06-17 00:00:00 UTC,343,-73,242929000,1.54125
2018-06-17 00:00:00 UTC,343,-73,242165100,2.7886111111111109
2018-06-17 00:00:00 UTC,343,1285,440156780,4.7173611111111109
2018-06-17 00:00:00 UTC,343,1288,440145520,7.1886111111111113
2018-06-17 00:00:00 UTC,343,1283,440752752,8.23263888888889
2018-06-17 00:00:00 UTC,343,1286,440315760,5.0691666666666668
2018-06-17 00:00:00 UTC,343,1284,440161650,1.3554166666666667
2018-06-17 00:00:00 UTC,343,1285,440161650,1.086111111111111
2018-06-17 00:00:00 UTC,343,1288,440010100,8.5965277777777764
2018-06-17 00:00:00 UTC,343,1289,440010100,0.25291666666666668
2018-06-17 00:00:00 UTC,343,1287,440154740,2.8073611111111108
2018-06-17 00:00:00 UTC,343,1287,440700020,3.04875
2018-06-17 00:00:00 UTC,343,1286,440110970,4.1390277777777786
2018-06-17 00:00:00 UTC,343,1283,440110970,0.29972222222222222
2018-06-17 00:00:00 UTC,343,1285,440110970,0.65805555555555562
2018-06-17 00:00:00 UTC,343,1258,440322940,1.2027777777777773
2018-06-17 00:00:00 UTC,343,1282,440103810,2.4355555555555553
2018-06-17 00:00:00 UTC,343,1275,440113540,20.325
2018-06-17 00:00:00 UTC,343,1284,440054150,8.5969444444444445
2018-06-17 00:00:00 UTC,343,1285,440319370,0.7780555555555555
2018-06-17 00:00:00 UTC,343,1284,440319370,2.6002777777777779
2018-06-17 00:00:00 UTC,343,1281,440158860,1.5031944444444443
2018-06-17 00:00:00 UTC,343,1282,440158860,2.0829166666666667
2018-06-17 00:00:00 UTC,343,1285,440702350,1.6255555555555556
2018-06-17 00:00:00 UTC,343,1286,440702350,5.5606944444444437
2018-06-17 00:00:00 UTC,343,1281,440305040,1.03375
2018-06-17 00:00:00 UTC,343,1539,431200150,4.6384722222222221
2018-06-17 00:00:00 UTC,343,1287,440208280,1.1638888888888888
2018-06-17 00:00:00 UTC,343,1286,440208280,8.1581944444444456
2018-06-17 00:00:00 UTC,343,1537,431600280,0.45708333333333329
2018-06-17 00:00:00 UTC,343,1536,431600280,0.99458333333333326
2018-06-17 00:00:00 UTC,343,1287,440123290,1.1194444444444445
2018-06-17 00:00:00 UTC,343,-71,242131100,1.6888888888888891
2018-06-17 00:00:00 UTC,343,-73,242131100,1.89625
2018-06-17 00:00:00 UTC,343,-72,242131100,2.0719444444444446
2018-06-17 00:00:00 UTC,343,-74,242131100,0.62902777777777774
2018-06-17 00:00:00 UTC,343,1285,440145310,0.65013888888888882
2018-06-17 00:00:00 UTC,343,1286,440145310,2.200277777777778
2018-06-17 00:00:00 UTC,343,1283,440158880,3.7981944444444444
2018-06-17 00:00:00 UTC,343,1287,440108450,0.36694444444444441
2018-06-17 00:00:00 UTC,343,1287,440322470,1.4498611111111113
2018-06-17 00:00:00 UTC,343,1288,440322470,0.50013888888888891
2018-06-17 00:00:00 UTC,343,1284,440169130,3.4933333333333332
2018-06-17 00:00:00 UTC,343,1287,440105130,3.0606944444444442
2018-06-17 00:00:00 UTC,343,1286,440105130,7
2018-06-17 00:00:00 UTC,343,1277,440324010,6.6945833333333331
2018-06-17 00:00:00 UTC,343,1282,440302510,0.84708333333333341
2018-06-17 00:00:00 UTC,343,1283,440302510,1.7252777777777777
2018-06-17 00:00:00 UTC,343,1288,440306350,1.31875
2018-06-17 00:00:00 UTC,343,1287,440306350,9.3816666666666659
2018-06-17 00:00:00 UTC,343,1285,440102580,3.3499999999999992
2018-06-17 00:00:00 UTC,343,-74,242130100,1.0741666666666665
2018-06-17 00:00:00 UTC,343,1543,431700150,0.43944444444444442
2018-06-17 00:00:00 UTC,343,1542,431700150,1.935972222222222
2018-06-17 00:00:00 UTC,343,1541,431700150,2.1348611111111113
2018-06-17 00:00:00 UTC,343,1544,431001270,1.5043055555555553
2018-06-17 00:00:00 UTC,343,1541,431001270,0.42902777777777779
2018-06-17 00:00:00 UTC,343,1542,431001270,0.57972222222222225
2018-06-17 00:00:00 UTC,343,1543,431001270,1.9731944444444445
2018-06-17 00:00:00 UTC,343,1540,431001270,0.63319444444444439
2018-06-17 00:00:00 UTC,343,1545,431001270,0.055694444444444449
2018-06-17 00:00:00 UTC,343,1281,440334270,3.9084722222222221
2018-06-17 00:00:00 UTC,343,1556,431768000,0.4276388888888889
2018-06-17 00:00:00 UTC,343,1557,431768000,0.19680555555555554
2018-06-17 00:00:00 UTC,343,1286,440131520,3.7344444444444442
2018-06-17 00:00:00 UTC,343,1286,440112580,4.1080555555555556
2018-06-17 00:00:00 UTC,343,1285,440112580,2.4970833333333333
2018-06-17 00:00:00 UTC,343,1336,431007173,0.15013888888888888
2018-06-17 00:00:00 UTC,343,1207,926001862,0.41486111111111112
2018-06-17 00:00:00 UTC,343,1206,926001862,0.6926388888888888
2018-06-17 00:00:00 UTC,343,1285,440328390,10.132083333333336
2018-06-17 00:00:00 UTC,343,1541,431693000,0.719861111111111
2018-06-17 00:00:00 UTC,343,1540,431693000,0.36750000000000005
2018-06-17 00:00:00 UTC,343,1539,432525000,0.73708333333333331
2018-06-17 00:00:00 UTC,343,1339,431002826,2.3205555555555559
2018-06-17 00:00:00 UTC,343,1285,440131530,5.5072222222222216
2018-06-17 00:00:00 UTC,343,1285,440134350,7.1677777777777756
2018-06-17 00:00:00 UTC,343,1253,440215250,5.6525
2018-06-17 00:00:00 UTC,343,1545,431255000,0.565
2018-06-17 00:00:00 UTC,343,1541,431255000,0.84875000000000012
2018-06-17 00:00:00 UTC,343,1542,431255000,4.4801388888888871
2018-06-17 00:00:00 UTC,343,1539,431255000,0.18027777777777779
2018-06-17 00:00:00 UTC,343,1538,431351000,1.633472222222222
2018-06-17 00:00:00 UTC,343,1543,431351000,0.32180555555555557
2018-06-17 00:00:00 UTC,343,1342,431002333,1.3572222222222221
2018-06-17 00:00:00 UTC,343,1341,431002333,0.14972222222222223
2018-06-17 00:00:00 UTC,343,1285,440103140,1.0241666666666667
2018-06-17 00:00:00 UTC,343,1284,440103140,1.475
2018-06-17 00:00:00 UTC,343,1283,440113380,0.52444444444444449
2018-06-17 00:00:00 UTC,343,1280,440322790,4.3554166666666667
2018-06-17 00:00:00 UTC,343,1285,440707050,10.297361111111112
2018-06-17 00:00:00 UTC,343,1280,440208630,16.581666666666667
2018-06-17 00:00:00 UTC,343,1281,440215030,2.5975
2018-06-17 00:00:00 UTC,599,-81,231327000,3.5677777777777777
2018-06-17 00:00:00 UTC,599,-83,231327000,2.0188888888888887
2018-06-17 00:00:00 UTC,599,-82,231327000,3.5477777777777781
2018-06-17 00:00:00 UTC,599,-82,231199000,1.482361111111111
2018-06-17 00:00:00 UTC,599,-81,231199000,0.85083333333333333
2018-06-17 00:00:00 UTC,599,-79,231199000,0.70805555555555566
2018-06-17 00:00:00 UTC,599,-80,231199000,0.79097222222222219
2018-06-17 00:00:00 UTC,599,-85,231199000,1.5502777777777776
2018-06-17 00:00:00 UTC,599,-82,231326000,3.2901388888888889
2018-06-17 00:00:00 UTC,599,-83,231326000,7.1215277777777768
2018-06-17 00:00:00 UTC,599,-30,235004230,0.91916666666666669
2018-06-17 00:00:00 UTC,599,-31,235004230,1.9831944444444445
2018-06-17 00:00:00 UTC,599,-48,232008020,0.78611111111111109
2018-06-17 00:00:00 UTC,599,-50,232008020,1.1724999999999999
2018-06-17 00:00:00 UTC,599,-49,232008020,2.3038888888888889
2018-06-17 00:00:00 UTC,599,1694,273842300,0.17958333333333332
2018-06-17 00:00:00 UTC,599,1695,273842300,0.52208333333333334
2018-06-17 00:00:00 UTC,599,1680,273242000,1.5079166666666663
2018-06-17 00:00:00 UTC,599,1681,273242000,9.4963888888889016
2018-06-17 00:00:00 UTC,599,1683,273242000,0.32958333333333334
2018-06-17 00:00:00 UTC,599,1682,273242000,10.260833333333343
2018-06-17 00:00:00 UTC,599,-12,235105729,1.4413888888888888
2018-06-17 00:00:00 UTC,599,-82,231191000,1.075
2018-06-17 00:00:00 UTC,599,-80,231191000,0.775
2018-06-17 00:00:00 UTC,599,-81,231191000,0.72486111111111107
2018-06-17 00:00:00 UTC,599,-84,231191000,2.4248611111111114
2018-06-17 00:00:00 UTC,599,-79,231191000,1.300138888888889
2018-06-17 00:00:00 UTC,-425,88,433226000,0.96180555555555558
2018-06-17 00:00:00 UTC,-425,-20,431602710,2.1658333333333331
2018-06-17 00:00:00 UTC,-425,1705,512005171,0.24736111111111111
2018-06-17 00:00:00 UTC,-425,1704,512005171,0.38361111111111112
2018-06-17 00:00:00 UTC,-425,1704,512187000,1.9416666666666669
2018-06-17 00:00:00 UTC,-425,98,431300000,1.9061111111111111
2018-06-17 00:00:00 UTC,-425,97,431300000,1.5620833333333333
2018-06-17 00:00:00 UTC,-425,96,431300000,3.3806944444444449
2018-06-17 00:00:00 UTC,-425,1606,416001965,2.5633333333333335
2018-06-17 00:00:00 UTC,-425,1605,416001965,4.7515277777777776
2018-06-17 00:00:00 UTC,-425,37,431725000,0.56347222222222226
2018-06-17 00:00:00 UTC,-425,39,431725000,1.2331944444444443
2018-06-17 00:00:00 UTC,-425,1703,512439000,0.75402777777777774
2018-06-17 00:00:00 UTC,-169,-1751,416004627,0.91499999999999992
2018-06-17 00:00:00 UTC,-169,1718,412687150,0.59888888888888892
2018-06-17 00:00:00 UTC,-169,1719,412687150,0.80236111111111108
2018-06-17 00:00:00 UTC,-169,-851,431100990,0.5872222222222222
2018-06-17 00:00:00 UTC,-169,403,650216000,3.2080555555555557
2018-06-17 00:00:00 UTC,-169,-856,224050000,0.13819444444444445
2018-06-17 00:00:00 UTC,-169,1458,503057310,0.4720833333333333
2018-06-17 00:00:00 UTC,88,1466,412460288,2.4888888888888889
2018-06-17 00:00:00 UTC,88,1463,412460288,4.9897222222222224
2018-06-17 00:00:00 UTC,88,1464,412460288,5.6588888888888889
2018-06-17 00:00:00 UTC,88,1465,412460288,1.1097222222222223
2018-06-17 00:00:00 UTC,88,-167,224405000,0.68347222222222226
2018-06-17 00:00:00 UTC,88,-166,224405000,0.23236111111111113
2018-06-17 00:00:00 UTC,88,-136,412201825,7.5772222222222219
2018-06-17 00:00:00 UTC,88,-135,412201835,2.932916666666666
2018-06-17 00:00:00 UTC,88,-136,412201835,9.2427777777777749
2018-06-17 00:00:00 UTC,88,-136,412201836,11.799861111111111
2018-06-17 00:00:00 UTC,88,-135,412201837,3.233888888888889
2018-06-17 00:00:00 UTC,88,-136,412201837,12.970694444444444
2018-06-17 00:00:00 UTC,88,-1189,412678036,2.7420833333333334
2018-06-17 00:00:00 UTC,88,-1188,412678036,0.72513888888888889
2018-06-17 00:00:00 UTC,88,654,416153500,0.61319444444444438
2018-06-17 00:00:00 UTC,88,655,416153500,1.9940277777777777
2018-06-17 00:00:00 UTC,88,656,416153500,1.1881944444444446
2018-06-17 00:00:00 UTC,88,657,416153500,1.9033333333333331
2018-06-17 00:00:00 UTC,88,659,416153500,2.3368055555555554
2018-06-17 00:00:00 UTC,88,658,416153500,1.7755555555555556
2018-06-17 00:00:00 UTC,88,-1389,730049000,0.55236111111111108
2018-06-17 00:00:00 UTC,344,1281,440154880,9.6641666666666666
2018-06-17 00:00:00 UTC,344,1282,440154880,6.3136111111111113
2018-06-17 00:00:00 UTC,344,1278,440327680,1.8738888888888889
2018-06-17 00:00:00 UTC,344,1286,440409860,1.6294444444444447
2018-06-17 00:00:00 UTC,344,1285,440409860,0.22333333333333333
2018-06-17 00:00:00 UTC,344,1284,440040970,6.1808333333333341
2018-06-17 00:00:00 UTC,344,1283,440040970,1.6497222222222221
2018-06-17 00:00:00 UTC,344,1283,440505610,2.4219444444444447
2018-06-17 00:00:00 UTC,344,1283,440018700,0.28555555555555556
2018-06-17 00:00:00 UTC,344,1284,440018700,0.35430555555555554
2018-06-17 00:00:00 UTC,344,1285,440171020,3.8677777777777775
2018-06-17 00:00:00 UTC,344,1285,440706060,1.03875
2018-06-17 00:00:00 UTC,344,1286,440706060,6.4097222222222214
2018-06-17 00:00:00 UTC,344,1286,440316430,3.0893055555555553
2018-06-17 00:00:00 UTC,344,1286,440321550,2.6301388888888888
2018-06-17 00:00:00 UTC,344,1284,440321550,1.9361111111111109
2018-06-17 00:00:00 UTC,344,1283,440321550,5.0773611111111112
2018-06-17 00:00:00 UTC,344,1609,416227600,2.3529166666666668
2018-06-17 00:00:00 UTC,344,1544,431722000,1.8690277777777777
2018-06-17 00:00:00 UTC,344,1545,431722000,0.1801388888888889
2018-06-17 00:00:00 UTC,344,1543,431722000,4.6350000000000007
2018-06-17 00:00:00 UTC,344,1281,440156180,5.24388888888889
2018-06-17 00:00:00 UTC,344,1283,440707860,4.9697222222222219
2018-06-17 00:00:00 UTC,344,1284,440707860,2.91375
2018-06-17 00:00:00 UTC,344,1285,440162070,0.78916666666666679
2018-06-17 00:00:00 UTC,344,1536,431295000,4.162638888888889
2018-06-17 00:00:00 UTC,344,1537,431295000,5.2463888888888892
2018-06-17 00:00:00 UTC,344,1538,431295000,4.7793055555555553
2018-06-17 00:00:00 UTC,344,1554,431903000,0.7911111111111111
2018-06-17 00:00:00 UTC,344,1282,440210970,5.4720833333333339
2018-06-17 00:00:00 UTC,344,1254,440147740,1.7140277777777777
2018-06-17 00:00:00 UTC,344,1255,440147740,1.2137499999999999
2018-06-17 00:00:00 UTC,344,1253,440147740,0.89583333333333337
2018-06-17 00:00:00 UTC,344,1280,440403230,13.32763888888889
2018-06-17 00:00:00 UTC,344,1339,431001633,10.434305555555557
2018-06-17 00:00:00 UTC,344,1285,440706850,0.78861111111111115
2018-06-17 00:00:00 UTC,344,1284,440706850,7.5149999999999988
2018-06-17 00:00:00 UTC,344,1340,431001638,0.86569444444444432
2018-06-17 00:00:00 UTC,344,1339,431001638,5.4401388888888889
2018-06-17 00:00:00 UTC,344,1281,440324390,14.708749999999998
2018-06-17 00:00:00 UTC,344,1527,431200042,0.70138888888888884
2018-06-17 00:00:00 UTC,344,1528,431200042,1.5266666666666666
2018-06-17 00:00:00 UTC,344,1525,431200042,0.59722222222222221
2018-06-17 00:00:00 UTC,344,1280,440312110,11.441250000000004
2018-06-17 00:00:00 UTC,344,1339,431001649,13.557083333333336
2018-06-17 00:00:00 UTC,344,1279,440329010,2.2525
2018-06-17 00:00:00 UTC,344,1253,440154420,1.1318055555555557
2018-06-17 00:00:00 UTC,344,1254,440154420,0.45000000000000007
2018-06-17 00:00:00 UTC,344,1258,440116020,5.490000000000002
2018-06-17 00:00:00 UTC,344,1257,440116020,6.4819444444444425
2018-06-17 00:00:00 UTC,344,1543,431795000,1.9334722222222218
2018-06-17 00:00:00 UTC,344,1541,431795000,0.58624999999999994
2018-06-17 00:00:00 UTC,344,1539,431795000,1.349861111111111
2018-06-17 00:00:00 UTC,344,1540,431795000,0.61791666666666667
2018-06-17 00:00:00 UTC,344,1538,431795000,1.2338888888888888
2018-06-17 00:00:00 UTC,344,1284,440063290,1.0625
2018-06-17 00:00:00 UTC,344,-69,242920000,1.1165277777777778
2018-06-17 00:00:00 UTC,344,1285,440117060,1.2734722222222221
2018-06-17 00:00:00 UTC,344,1286,440117060,1.872638888888889
2018-06-17 00:00:00 UTC,344,1281,440153670,9.76236111111111
2018-06-17 00:00:00 UTC,344,1546,431698000,0.83888888888888891
2018-06-17 00:00:00 UTC,344,1545,431698000,0.44972222222222219
2018-06-17 00:00:00 UTC,344,1252,440201300,14.663472222222262
2018-06-17 00:00:00 UTC,344,1253,440201300,3.3751388888888885
2018-06-17 00:00:00 UTC,344,-69,242919000,1.2295833333333333
2018-06-17 00:00:00 UTC,344,1338,431007321,5.8922222222222222
2018-06-17 00:00:00 UTC,344,1246,440125020,0.45541666666666669
2018-06-17 00:00:00 UTC,344,1337,431007326,3.3011111111111116
2018-06-17 00:00:00 UTC,344,1279,440334430,0.80819444444444444
2018-06-17 00:00:00 UTC,344,1371,431011435,1.5448611111111112
2018-06-17 00:00:00 UTC,344,1370,431011435,3.4266666666666667
2018-06-17 00:00:00 UTC,344,1285,440156780,2.99
2018-06-17 00:00:00 UTC,344,1282,440317550,4.5638888888888891
2018-06-17 00:00:00 UTC,344,1282,440752752,2.56625
2018-06-17 00:00:00 UTC,344,1283,440752752,4.7345833333333331
2018-06-17 00:00:00 UTC,344,1286,440315760,0.78986111111111124
2018-06-17 00:00:00 UTC,344,1284,440161650,6.1666666666666661
2018-06-17 00:00:00 UTC,344,1286,440110970,6.4234722222222214
2018-06-17 00:00:00 UTC,344,1258,440322940,0.30027777777777775
2018-06-17 00:00:00 UTC,344,1259,440322940,0.15124999999999997
2018-06-17 00:00:00 UTC,344,1281,440103810,2.7609722222222222
2018-06-17 00:00:00 UTC,344,1282,440103810,1.4501388888888886
2018-06-17 00:00:00 UTC,344,1284,440054150,2.8095833333333333
2018-06-17 00:00:00 UTC,344,1339,431007112,3.922361111111111
2018-06-17 00:00:00 UTC,344,1531,431600520,1.9277777777777778
2018-06-17 00:00:00 UTC,344,1284,440319370,7.2072222222222226
2018-06-17 00:00:00 UTC,344,1285,440319370,2.7326388888888888
2018-06-17 00:00:00 UTC,344,1286,440702350,5.3866666666666667
2018-06-17 00:00:00 UTC,344,252,247146640,1.6468055555555554
2018-06-17 00:00:00 UTC,344,251,247146640,0.73611111111111116
2018-06-17 00:00:00 UTC,344,250,247146640,1.3059722222222221
2018-06-17 00:00:00 UTC,344,1281,440305040,6.0697222222222234
2018-06-17 00:00:00 UTC,344,1340,431002769,0.625
2018-06-17 00:00:00 UTC,344,1339,431002769,14.371111111111111
2018-06-17 00:00:00 UTC,344,1539,431200150,5.360277777777779
2018-06-17 00:00:00 UTC,344,1288,440208280,2.7079166666666663
2018-06-17 00:00:00 UTC,344,1287,440208280,0.03847222222222222
2018-06-17 00:00:00 UTC,344,1494,431311000,0.48388888888888887
2018-06-17 00:00:00 UTC,344,1537,431600280,1.7062499999999998
2018-06-17 00:00:00 UTC,344,1540,431600280,9.2643055555555538
2018-06-17 00:00:00 UTC,344,1287,440123290,6.6204166666666673
2018-06-17 00:00:00 UTC,344,1286,440123290,2.9204166666666667
2018-06-17 00:00:00 UTC,344,1278,440320410,0.76402777777777775
2018-06-17 00:00:00 UTC,344,1282,440165020,12.342222222222219
2018-06-17 00:00:00 UTC,344,1283,440158880,2.0509722222222218
2018-06-17 00:00:00 UTC,344,1286,440108450,3.6366666666666667
2018-06-17 00:00:00 UTC,344,1283,440700580,3.1681944444444436
2018-06-17 00:00:00 UTC,344,1283,440706980,3.8031944444444439
2018-06-17 00:00:00 UTC,344,1288,440322470,1.6
2018-06-17 00:00:00 UTC,344,1538,432441000,3.0819444444444444
2018-06-17 00:00:00 UTC,344,1256,440336810,4.7240277777777786
2018-06-17 00:00:00 UTC,344,1282,440169130,4.072222222222222
2018-06-17 00:00:00 UTC,344,1286,440105130,1.3761111111111113
2018-06-17 00:00:00 UTC,344,1282,440302510,0.30319444444444443
2018-06-17 00:00:00 UTC,344,1283,440302510,10.33888888888889
2018-06-17 00:00:00 UTC,344,1288,440306350,0.5130555555555556
2018-06-17 00:00:00 UTC,344,1284,440023730,1.2249999999999999
2018-06-17 00:00:00 UTC,344,1283,440023730,1.9862499999999996
2018-06-17 00:00:00 UTC,344,1545,431700150,1.8594444444444442
2018-06-17 00:00:00 UTC,344,1544,431700150,8.2795833333333331
2018-06-17 00:00:00 UTC,344,1543,431700150,1.1829166666666666
2018-06-17 00:00:00 UTC,344,1542,431700150,2.9356944444444446
2018-06-17 00:00:00 UTC,344,1542,431001270,0.762361111111111
2018-06-17 00:00:00 UTC,344,1544,431001270,0.85569444444444465
2018-06-17 00:00:00 UTC,344,1543,431001270,1.482361111111111
2018-06-17 00:00:00 UTC,344,1539,431001270,0.31499999999999995
2018-06-17 00:00:00 UTC,344,1540,431001270,0.49152777777777779
2018-06-17 00:00:00 UTC,344,1554,431171000,0.14263888888888887
2018-06-17 00:00:00 UTC,344,1555,431171000,1.494861111111111
2018-06-17 00:00:00 UTC,344,1542,431693000,0.34208333333333341
2018-06-17 00:00:00 UTC,344,1540,431693000,1.8727777777777774
2018-06-17 00:00:00 UTC,344,1541,431693000,0.30277777777777781
2018-06-17 00:00:00 UTC,344,1539,431693000,2.4088888888888889
2018-06-17 00:00:00 UTC,344,1531,432525000,3.67375
2018-06-17 00:00:00 UTC,344,1530,432525000,0.64680555555555552
2018-06-17 00:00:00 UTC,344,1339,431002826,0.78694444444444445
2018-06-17 00:00:00 UTC,344,1283,440131530,0.76694444444444443
2018-06-17 00:00:00 UTC,344,1284,440131530,5.4494444444444445
2018-06-17 00:00:00 UTC,344,1340,431002827,2.2280555555555557
2018-06-17 00:00:00 UTC,344,1339,431002827,6.0605555555555561
2018-06-17 00:00:00 UTC,344,1253,440102860,2.4091666666666653
2018-06-17 00:00:00 UTC,344,1254,440102860,0.45722222222222225
2018-06-17 00:00:00 UTC,344,1255,440333520,0.74888888888888894
2018-06-17 00:00:00 UTC,344,1253,440215250,1.9799999999999998
2018-06-17 00:00:00 UTC,344,1540,431255000,1.1648611111111109
2018-06-17 00:00:00 UTC,344,1539,431255000,0.58152777777777775
2018-06-17 00:00:00 UTC,344,1538,431255000,1.1466666666666667
2018-06-17 00:00:00 UTC,344,1341,431002333,0.3536111111111111
2018-06-17 00:00:00 UTC,344,1279,440322790,11.880972222222224
2018-06-17 00:00:00 UTC,344,1280,440322790,1.9276388888888889
2018-06-17 00:00:00 UTC,344,1285,440707050,2.6063888888888891
2018-06-17 00:00:00 UTC,344,1287,440151280,10.449861111111113
2018-06-17 00:00:00 UTC,344,1253,440334580,1.0936111111111111
2018-06-17 00:00:00 UTC,344,1281,440208630,4.0247222222222225
2018-06-17 00:00:00 UTC,600,-48,232746000,2.6041666666666665
2018-06-17 00:00:00 UTC,600,-45,232746000,0.93902777777777779
2018-06-17 00:00:00 UTC,600,-46,232746000,4.21875
2018-06-17 00:00:00 UTC,600,-87,231199000,1.1620833333333334
2018-06-17 00:00:00 UTC,600,-85,231199000,1.8605555555555553
2018-06-17 00:00:00 UTC,600,-86,231199000,2.7087499999999998
2018-06-17 00:00:00 UTC,600,-88,231199000,1.4131944444444444
2018-06-17 00:00:00 UTC,600,-30,259647000,1.2352777777777777
2018-06-17 00:00:00 UTC,600,-31,259647000,0.31527777777777777
2018-06-17 00:00:00 UTC,600,-82,231326000,2.6116666666666664
2018-06-17 00:00:00 UTC,600,-15,235100483,0.9175
2018-06-17 00:00:00 UTC,600,-30,235004230,0.93916666666666682
2018-06-17 00:00:00 UTC,600,-29,235004230,0.80611111111111111
2018-06-17 00:00:00 UTC,600,-31,235004230,0.42750000000000005
2018-06-17 00:00:00 UTC,600,-28,235004230,1.0786111111111112
2018-06-17 00:00:00 UTC,600,-47,232008020,1.7473611111111114
2018-06-17 00:00:00 UTC,600,-45,232008020,0.31611111111111112
2018-06-17 00:00:00 UTC,600,-48,232008020,0.66222222222222227
2018-06-17 00:00:00 UTC,600,-46,232008020,1.2950000000000002
2018-06-17 00:00:00 UTC,600,1695,273842300,2.0033333333333325
2018-06-17 00:00:00 UTC,600,1691,273842300,0.3305555555555556
2018-06-17 00:00:00 UTC,600,1693,273842300,5.6245833333333337
2018-06-17 00:00:00 UTC,600,1692,273842300,2.9084722222222221
2018-06-17 00:00:00 UTC,600,1694,273842300,11.707638888888898
2018-06-17 00:00:00 UTC,600,53,257217940,0.54458333333333331
2018-06-17 00:00:00 UTC,600,1661,273413300,2.7170833333333331
2018-06-17 00:00:00 UTC,600,-12,235105729,1.3672222222222221
2018-06-17 00:00:00 UTC,600,-11,235105729,0.52944444444444438
2018-06-17 00:00:00 UTC,600,-613,316001738,0.44527777777777777
2018-06-17 00:00:00 UTC,600,-86,231191000,1.75
2018-06-17 00:00:00 UTC,600,-85,231191000,0.92819444444444432
2018-06-17 00:00:00 UTC,-424,-21,431602710,0.4
2018-06-17 00:00:00 UTC,-424,-20,431602710,0.46499999999999997
2018-06-17 00:00:00 UTC,-424,1453,503051090,0.63097222222222227
2018-06-17 00:00:00 UTC,-424,1704,512187000,2.3376388888888884
2018-06-17 00:00:00 UTC,-424,97,431300000,0.72930555555555565
2018-06-17 00:00:00 UTC,-424,96,431300000,0.55791666666666662
2018-06-17 00:00:00 UTC,-424,1605,416001965,0.42416666666666664
2018-06-17 00:00:00 UTC,-424,1606,416001965,2.2356944444444444
2018-06-17 00:00:00 UTC,-424,1703,512439000,1.3387499999999999
2018-06-17 00:00:00 UTC,-168,1726,412331012,2.5116666666666667
2018-06-17 00:00:00 UTC,-168,1723,412331012,0.55680555555555555
2018-06-17 00:00:00 UTC,-168,1724,412331012,0.76152777777777769
2018-06-17 00:00:00 UTC,-168,1719,412687110,3.5595833333333333
2018-06-17 00:00:00 UTC,-168,-1746,416004627,1.3390277777777779
2018-06-17 00:00:00 UTC,-168,-1751,416004627,1.01375
2018-06-17 00:00:00 UTC,-168,1719,412687150,0.33361111111111114
2018-06-17 00:00:00 UTC,-168,1718,412687150,1.6973611111111109
2018-06-17 00:00:00 UTC,-168,-851,431100990,2.4709722222222221
2018-06-17 00:00:00 UTC,-168,403,650216000,0.92847222222222225
2018-06-17 00:00:00 UTC,-168,-854,224050000,0.12916666666666665
2018-06-17 00:00:00 UTC,-168,-855,224050000,3.2280555555555557
2018-06-17 00:00:00 UTC,-168,-856,224050000,1.1297222222222223
2018-06-17 00:00:00 UTC,-168,1458,503057310,2.1570833333333335
2018-06-17 00:00:00 UTC,-168,1457,503057310,0.89333333333333331
2018-06-17 00:00:00 UTC,-168,595,645335000,21.715972222222227
2018-06-17 00:00:00 UTC,89,1467,412460288,1.3375
2018-06-17 00:00:00 UTC,89,-164,224405000,5.7301388888888889
2018-06-17 00:00:00 UTC,89,-136,412201825,6.3623611111111114
2018-06-17 00:00:00 UTC,89,-135,412201835,4.3683333333333332
2018-06-17 00:00:00 UTC,89,-135,412201836,10.316944444444445
2018-06-17 00:00:00 UTC,89,-135,412201837,6.2647222222222219
2018-06-17 00:00:00 UTC,89,-1188,412678036,4.0591666666666661
2018-06-17 00:00:00 UTC,89,-1391,730052000,8.0576388888888886
2018-06-17 00:00:00 UTC,89,-1392,345080025,1.6027777777777772
2018-06-17 00:00:00 UTC,345,1278,440327680,1.0001388888888889
2018-06-17 00:00:00 UTC,345,1285,440040970,3.0893055555555549
2018-06-17 00:00:00 UTC,345,1283,440505610,13.786249999999999
2018-06-17 00:00:00 UTC,345,1284,440018700,0.36902777777777779
2018-06-17 00:00:00 UTC,345,1285,440706060,1.3968055555555554
2018-06-17 00:00:00 UTC,345,1286,440706060,4.1390277777777769
2018-06-17 00:00:00 UTC,345,1286,440321550,0.53625
2018-06-17 00:00:00 UTC,345,1608,416227600,2.0261111111111112
2018-06-17 00:00:00 UTC,345,1542,431722000,1.2475
2018-06-17 00:00:00 UTC,345,1544,431722000,0.54305555555555562
2018-06-17 00:00:00 UTC,345,1543,431722000,7.8529166666666681
2018-06-17 00:00:00 UTC,345,1284,440321810,1.4309722222222221
2018-06-17 00:00:00 UTC,345,1281,440321810,1.7818055555555556
2018-06-17 00:00:00 UTC,345,1282,440321810,1.3416666666666666
2018-06-17 00:00:00 UTC,345,1285,440163860,2.6616666666666666
2018-06-17 00:00:00 UTC,345,1285,440707860,3.2526388888888889
2018-06-17 00:00:00 UTC,345,1553,431903000,0.67361111111111116
2018-06-17 00:00:00 UTC,345,1282,440210970,12.042083333333332
2018-06-17 00:00:00 UTC,345,1255,440147740,2.34
2018-06-17 00:00:00 UTC,345,1254,440147740,4.8191666666666677
2018-06-17 00:00:00 UTC,345,1253,440147740,0.79291666666666694
2018-06-17 00:00:00 UTC,345,1283,440600351,8.4472222222222229
2018-06-17 00:00:00 UTC,345,1532,432425000,1.8359722222222221
2018-06-17 00:00:00 UTC,345,1287,440146220,0.50013888888888891
2018-06-17 00:00:00 UTC,345,1533,431600943,2.58625
2018-06-17 00:00:00 UTC,345,1539,431795000,0.53597222222222229
2018-06-17 00:00:00 UTC,345,1538,431795000,0.59722222222222221
2018-06-17 00:00:00 UTC,345,1284,440063290,1.3566666666666665
2018-06-17 00:00:00 UTC,345,-69,242920000,2.9819444444444447
2018-06-17 00:00:00 UTC,345,1546,431698000,1.721111111111111
2018-06-17 00:00:00 UTC,345,1538,431601746,0.42194444444444446
2018-06-17 00:00:00 UTC,345,-69,242919000,2.5533333333333332
2018-06-17 00:00:00 UTC,345,1374,431011435,0.6627777777777778
2018-06-17 00:00:00 UTC,345,1373,431011435,1.1876388888888889
2018-06-17 00:00:00 UTC,345,1372,431011435,1.0456944444444445
2018-06-17 00:00:00 UTC,345,1282,440317550,6.8081944444444451
2018-06-17 00:00:00 UTC,345,1283,440752752,4.3997222222222216
2018-06-17 00:00:00 UTC,345,1282,440752752,2.8809722222222223
2018-06-17 00:00:00 UTC,345,1280,440153970,14.87777777777778
2018-06-17 00:00:00 UTC,345,1283,440151930,2.6861111111111109
2018-06-17 00:00:00 UTC,345,1286,440110970,1.6723611111111112
2018-06-17 00:00:00 UTC,345,1287,440157820,0.89041666666666663
2018-06-17 00:00:00 UTC,345,1382,431009404,1.3683333333333332
2018-06-17 00:00:00 UTC,345,1381,431009404,1.8058333333333334
2018-06-17 00:00:00 UTC,345,1282,440103810,10.37777777777778
2018-06-17 00:00:00 UTC,345,1532,431600520,0.84555555555555562
2018-06-17 00:00:00 UTC,345,1285,440702350,1.6918055555555556
2018-06-17 00:00:00 UTC,345,1286,440702350,5.6561111111111115
2018-06-17 00:00:00 UTC,345,1253,440329870,7.1801388888888891
2018-06-17 00:00:00 UTC,345,1254,440329870,4.6226388888888925
2018-06-17 00:00:00 UTC,345,1375,431006863,0.8848611111111111
2018-06-17 00:00:00 UTC,345,248,247146640,0.84833333333333327
2018-06-17 00:00:00 UTC,345,250,247146640,0.34013888888888888
2018-06-17 00:00:00 UTC,345,249,247146640,0.34722222222222221
2018-06-17 00:00:00 UTC,345,1281,440305040,9.56916666666667
2018-06-17 00:00:00 UTC,345,1538,431600280,0.4836111111111111
2018-06-17 00:00:00 UTC,345,1539,431600280,0.53305555555555562
2018-06-17 00:00:00 UTC,345,1285,440110490,14.070555555555558
2018-06-17 00:00:00 UTC,345,1283,440110490,4.9333333333333336
2018-06-17 00:00:00 UTC,345,1287,440123290,3.5238888888888886
2018-06-17 00:00:00 UTC,345,1286,440123290,3.3102777777777779
2018-06-17 00:00:00 UTC,345,1278,440320410,2.36375
2018-06-17 00:00:00 UTC,345,1279,440320410,1.9869444444444446
2018-06-17 00:00:00 UTC,345,1282,440165020,9.925
2018-06-17 00:00:00 UTC,345,1253,440334240,15.040416666666671
2018-06-17 00:00:00 UTC,345,1281,440130210,0.30819444444444444
2018-06-17 00:00:00 UTC,345,1283,440700580,4.8509722222222225
2018-06-17 00:00:00 UTC,345,1286,440114340,1.0004166666666667
2018-06-17 00:00:00 UTC,345,1287,440114340,22.437638888888884
2018-06-17 00:00:00 UTC,345,1283,440706980,4.3945833333333342
2018-06-17 00:00:00 UTC,345,1257,440336810,0.53513888888888894
2018-06-17 00:00:00 UTC,345,1256,440336810,14.897222222222247
2018-06-17 00:00:00 UTC,345,1284,440169130,3.3026388888888887
2018-06-17 00:00:00 UTC,345,1283,440169130,0.40430555555555558
2018-06-17 00:00:00 UTC,345,1282,440169130,3.2434722222222216
2018-06-17 00:00:00 UTC,345,1283,440023730,6.1991666666666658
2018-06-17 00:00:00 UTC,345,1350,431010995,0.1413888888888889
2018-06-17 00:00:00 UTC,345,1351,431010995,3.0020833333333332
2018-06-17 00:00:00 UTC,345,1349,431005876,3.9202777777777773
2018-06-17 00:00:00 UTC,345,1348,431005877,0.19972222222222222
2018-06-17 00:00:00 UTC,345,1349,431005877,3.2831944444444447
2018-06-17 00:00:00 UTC,345,1287,440013750,10.274305555555561
2018-06-17 00:00:00 UTC,345,1544,431700150,0.73236111111111113
2018-06-17 00:00:00 UTC,345,1545,431700150,0.65597222222222218
2018-06-17 00:00:00 UTC,345,1544,431001270,0.060972222222222219
2018-06-17 00:00:00 UTC,345,1545,431001270,0.25111111111111112
2018-06-17 00:00:00 UTC,345,1542,431001270,6.1713888888888908
2018-06-17 00:00:00 UTC,345,1540,431001270,0.70083333333333331
2018-06-17 00:00:00 UTC,345,1550,431171000,0.99125000000000008
2018-06-17 00:00:00 UTC,345,1545,431693000,7.2776388888888892
2018-06-17 00:00:00 UTC,345,1543,431693000,1.4699999999999998
2018-06-17 00:00:00 UTC,345,1544,431693000,1.0631944444444446
2018-06-17 00:00:00 UTC,345,1531,432525000,3.7834722222222226
2018-06-17 00:00:00 UTC,345,1297,431009993,14.088472222222222
2018-06-17 00:00:00 UTC,345,-767,368802000,0.9788888888888887
2018-06-17 00:00:00 UTC,345,1253,440215250,0.47236111111111106
2018-06-17 00:00:00 UTC,345,1252,440215250,5.7544444444444487
2018-06-17 00:00:00 UTC,345,1285,440707050,0.355
2018-06-17 00:00:00 UTC,345,1287,440151280,8.5569444444444436
2018-06-17 00:00:00 UTC,345,1286,440151280,0.54791666666666661
2018-06-17 00:00:00 UTC,345,1253,440334580,1.4458333333333324
2018-06-17 00:00:00 UTC,345,1281,440208630,2.6195833333333334
2018-06-17 00:00:00 UTC,345,1287,440122870,8.7644444444444431
2018-06-17 00:00:00 UTC,601,-14,235084047,0.42125
2018-06-17 00:00:00 UTC,601,-17,235084047,0.56944444444444442
2018-06-17 00:00:00 UTC,601,-16,235084047,0.64083333333333337
2018-06-17 00:00:00 UTC,601,-15,235084047,2.079305555555556
2018-06-17 00:00:00 UTC,601,-42,232746000,1.3313888888888887
2018-06-17 00:00:00 UTC,601,-45,232746000,1.9675
2018-06-17 00:00:00 UTC,601,-44,232746000,2.5419444444444448
2018-06-17 00:00:00 UTC,601,-43,232746000,3.2630555555555554
2018-06-17 00:00:00 UTC,601,-91,231199000,1.8486111111111112
2018-06-17 00:00:00 UTC,601,-89,231199000,2.9524999999999997
2018-06-17 00:00:00 UTC,601,-90,231199000,6.0691666666666677
2018-06-17 00:00:00 UTC,601,-31,259647000,2.6002777777777779
2018-06-17 00:00:00 UTC,601,-30,259647000,2.4556944444444446
2018-06-17 00:00:00 UTC,601,-29,259647000,4.2084722222222215
2018-06-17 00:00:00 UTC,601,-28,259647000,0.58652777777777776
2018-06-17 00:00:00 UTC,601,5,235057467,1.3934722222222224
2018-06-17 00:00:00 UTC,601,6,235057467,0.14305555555555555
2018-06-17 00:00:00 UTC,601,-43,232008020,3.38875
2018-06-17 00:00:00 UTC,601,-44,232008020,5.0444444444444452
2018-06-17 00:00:00 UTC,601,-45,232008020,4.5004166666666663
2018-06-17 00:00:00 UTC,601,-616,316033402,0.2845833333333333
2018-06-17 00:00:00 UTC,601,-614,316033402,8.4036111111111111
2018-06-17 00:00:00 UTC,601,-613,316033402,3.3504166666666664
2018-06-17 00:00:00 UTC,601,-615,316033402,6.4141666666666648
2018-06-17 00:00:00 UTC,601,53,257217940,6.0480555555555551
2018-06-17 00:00:00 UTC,601,1661,273413300,7.2402777777777754
2018-06-17 00:00:00 UTC,601,-11,235105729,2.3998611111111106
2018-06-17 00:00:00 UTC,601,-12,235105729,0.57500000000000007
2018-06-17 00:00:00 UTC,601,-612,316001738,1.3212499999999996
2018-06-17 00:00:00 UTC,601,-613,316001738,4.4166666666666661
2018-06-17 00:00:00 UTC,601,-615,316001738,3.5526388888888887
2018-06-17 00:00:00 UTC,601,-616,316001738,0.23763888888888887
2018-06-17 00:00:00 UTC,601,-614,316001738,6.0698611111111109
2018-06-17 00:00:00 UTC,601,-89,231191000,3.4159722222222224
2018-06-17 00:00:00 UTC,601,-91,231191000,1.1018055555555555
2018-06-17 00:00:00 UTC,601,-90,231191000,2.7320833333333336
2018-06-17 00:00:00 UTC,601,50,257001710,0.12458333333333334
2018-06-17 00:00:00 UTC,601,49,257001710,3.7819444444444446
2018-06-17 00:00:00 UTC,-423,-590,701006605,5.46125
2018-06-17 00:00:00 UTC,-423,-589,701006605,18.58944444444445
2018-06-17 00:00:00 UTC,-423,-21,431602710,0.53208333333333324
2018-06-17 00:00:00 UTC,-423,-22,431602710,1.0037500000000001
2018-06-17 00:00:00 UTC,-423,1706,512005171,0.77833333333333343
2018-06-17 00:00:00 UTC,-423,1453,503051090,0.27680555555555558
2018-06-17 00:00:00 UTC,-423,1704,512187000,3.8930555555555553
2018-06-17 00:00:00 UTC,-423,1703,512187000,1.6768055555555557
2018-06-17 00:00:00 UTC,-423,1606,416001965,0.4548611111111111
2018-06-17 00:00:00 UTC,-423,1703,512439000,1.3147222222222219
2018-06-17 00:00:00 UTC,-167,1724,412331012,1.9174999999999998
2018-06-17 00:00:00 UTC,-167,1725,412331012,2.4506944444444452
2018-06-17 00:00:00 UTC,-167,1726,412331012,3.4313888888888893
2018-06-17 00:00:00 UTC,-167,1722,412331012,0.68805555555555553
2018-06-17 00:00:00 UTC,-167,1723,412331012,2.2472222222222222
2018-06-17 00:00:00 UTC,-167,1718,412687110,0.28513888888888889
2018-06-17 00:00:00 UTC,-167,1719,412687110,2.7347222222222221
2018-06-17 00:00:00 UTC,-167,-1751,416004627,0.92708333333333337
2018-06-17 00:00:00 UTC,-167,-1746,416004627,2.745138888888889
2018-06-17 00:00:00 UTC,-167,-807,412420378,5.9533333333333331
2018-06-17 00:00:00 UTC,-167,-808,412420378,0.90388888888888885
2018-06-17 00:00:00 UTC,-167,1718,412687150,3.0549999999999997
2018-06-17 00:00:00 UTC,-167,-851,431100990,2.2784722222222218
2018-06-17 00:00:00 UTC,-167,-855,224050000,0.50527777777777783
2018-06-17 00:00:00 UTC,-167,-854,224050000,0.703472222222222
2018-06-17 00:00:00 UTC,-167,-730,760001170,0.066666666666666666
2018-06-17 00:00:00 UTC,-167,1457,503057310,0.64833333333333343
2018-06-17 00:00:00 UTC,-167,595,645335000,2.7602777777777781
2018-06-17 00:00:00 UTC,90,-164,224405000,1.824027777777778
2018-06-17 00:00:00 UTC,90,-163,224405000,1.5455555555555556
2018-06-17 00:00:00 UTC,90,1747,441098000,1.294861111111111
2018-06-17 00:00:00 UTC,90,1462,431680380,4.4754166666666668
2018-06-17 00:00:00 UTC,90,-1392,345080025,3.2113888888888895
2018-06-17 00:00:00 UTC,90,-1400,345080028,0.9243055555555556
2018-06-17 00:00:00 UTC,346,1608,416227600,1.0906944444444444
2018-06-17 00:00:00 UTC,346,1286,440163860,0.64999999999999991
2018-06-17 00:00:00 UTC,346,1287,440163860,0.8041666666666667
2018-06-17 00:00:00 UTC,346,1553,431903000,0.66597222222222219
2018-06-17 00:00:00 UTC,346,1532,431600943,2.7873611111111112
2018-06-17 00:00:00 UTC,346,1287,440323890,2.8248611111111108
2018-06-17 00:00:00 UTC,346,1283,440113460,2.002361111111111
2018-06-17 00:00:00 UTC,346,1256,440503350,3.25625
2018-06-17 00:00:00 UTC,346,1198,926000698,0.61819444444444438
2018-06-17 00:00:00 UTC,346,1196,926000698,0.43638888888888894
2018-06-17 00:00:00 UTC,346,1197,926000698,2.3115277777777772
2018-06-17 00:00:00 UTC,346,1283,440148539,0.7976388888888889
2018-06-17 00:00:00 UTC,346,-69,242920000,12.779861111111112
2018-06-17 00:00:00 UTC,346,1369,431002434,0.36611111111111105
2018-06-17 00:00:00 UTC,346,1287,440100420,0.91916666666666669
2018-06-17 00:00:00 UTC,346,-69,242049100,2.1605555555555558
2018-06-17 00:00:00 UTC,346,1545,431698000,1.567361111111111
2018-06-17 00:00:00 UTC,346,-69,242006100,0.60180555555555548
2018-06-17 00:00:00 UTC,346,1295,431010901,0.50680555555555551
2018-06-17 00:00:00 UTC,346,1296,431010901,8.0912500000000023
2018-06-17 00:00:00 UTC,346,-69,242919000,7.9580555555555561
2018-06-17 00:00:00 UTC,346,1536,431612000,1.2955555555555556
2018-06-17 00:00:00 UTC,346,1538,431612000,0.12416666666666668
2018-06-17 00:00:00 UTC,346,1537,431612000,0.37763888888888886
2018-06-17 00:00:00 UTC,346,-69,242048100,0.66694444444444445
2018-06-17 00:00:00 UTC,346,1256,440335720,0.8861111111111114
2018-06-17 00:00:00 UTC,346,1279,440153970,7.4009722222222223
2018-06-17 00:00:00 UTC,346,1282,440151930,2.161111111111111
2018-06-17 00:00:00 UTC,346,1286,440110970,1.0497222222222222
2018-06-17 00:00:00 UTC,346,1287,440157820,2.1704166666666667
2018-06-17 00:00:00 UTC,346,1196,320712068,0.49999999999999994
2018-06-17 00:00:00 UTC,346,1197,320712068,1.2591666666666665
2018-06-17 00:00:00 UTC,346,1531,431600520,1.58375
2018-06-17 00:00:00 UTC,346,1255,440329870,1.8969444444444419
2018-06-17 00:00:00 UTC,346,1254,440329870,4.06527777777778
2018-06-17 00:00:00 UTC,346,1253,440329870,1.1804166666666664
2018-06-17 00:00:00 UTC,346,1283,440110490,1.8472222222222223
2018-06-17 00:00:00 UTC,346,1254,440334240,3.4012500000000019
2018-06-17 00:00:00 UTC,346,1255,440334240,1.1509722222222225
2018-06-17 00:00:00 UTC,346,1253,440334240,2.7804166666666661
2018-06-17 00:00:00 UTC,346,1256,440333220,0.90277777777777846
2018-06-17 00:00:00 UTC,346,1255,440333220,0.54291666666666649
2018-06-17 00:00:00 UTC,346,1287,440013750,2.150694444444444
2018-06-17 00:00:00 UTC,346,1540,431001270,0.29097222222222224
2018-06-17 00:00:00 UTC,346,1542,431001270,0.36749999999999994
2018-06-17 00:00:00 UTC,346,1541,431001270,0.56902777777777769
2018-06-17 00:00:00 UTC,346,1552,431171000,0.92152777777777772
2018-06-17 00:00:00 UTC,346,1549,431171000,0.17708333333333331
2018-06-17 00:00:00 UTC,346,1551,431171000,0.55694444444444446
2018-06-17 00:00:00 UTC,346,1553,431171000,0.3175
2018-06-17 00:00:00 UTC,346,1287,440144840,0.40305555555555556
2018-06-17 00:00:00 UTC,346,1256,440068040,3.2138888888888895
2018-06-17 00:00:00 UTC,346,1288,440167150,0.95319444444444446
2018-06-17 00:00:00 UTC,346,1287,440167150,0.39333333333333331
2018-06-17 00:00:00 UTC,346,1287,440122870,2.4930555555555554
2018-06-17 00:00:00 UTC,346,1256,440701690,3.1001388888888859
2018-06-17 00:00:00 UTC,602,-17,235084047,4.5331944444444447
2018-06-17 00:00:00 UTC,602,-40,232746000,0.80152777777777773
2018-06-17 00:00:00 UTC,602,-38,232746000,1.4416666666666667
2018-06-17 00:00:00 UTC,602,-39,232746000,0.82180555555555557
2018-06-17 00:00:00 UTC,602,-42,232746000,0.81624999999999992
2018-06-17 00:00:00 UTC,602,-41,232746000,1.08875
2018-06-17 00:00:00 UTC,602,-12,232006934,1.5831944444444446
2018-06-17 00:00:00 UTC,602,-90,231199000,0.35194444444444445
2018-06-17 00:00:00 UTC,602,-28,259647000,2.8522222222222227
2018-06-17 00:00:00 UTC,602,-30,259647000,2.544861111111111
2018-06-17 00:00:00 UTC,602,-29,259647000,2.8681944444444447
2018-06-17 00:00:00 UTC,602,-31,259647000,1.1780555555555556
2018-06-17 00:00:00 UTC,602,21,258036000,5.5486111111111116
2018-06-17 00:00:00 UTC,602,22,258036000,2.3526388888888889
2018-06-17 00:00:00 UTC,602,27,257138000,2.7945833333333332
2018-06-17 00:00:00 UTC,602,28,257138000,0.091111111111111115
2018-06-17 00:00:00 UTC,602,-42,232008020,0.79708333333333337
2018-06-17 00:00:00 UTC,602,-41,232008020,0.5970833333333333
2018-06-17 00:00:00 UTC,602,-616,316033402,0.56125
2018-06-17 00:00:00 UTC,602,-618,316033402,1.2480555555555555
2018-06-17 00:00:00 UTC,602,-617,316033402,0.38791666666666663
2018-06-17 00:00:00 UTC,602,-614,316033402,0.39958333333333335
2018-06-17 00:00:00 UTC,602,-619,316033402,1.1536111111111109
2018-06-17 00:00:00 UTC,602,-615,316033402,1.3052777777777778
2018-06-17 00:00:00 UTC,602,31,259855000,4.9958333333333327
2018-06-17 00:00:00 UTC,602,21,259503000,5.5275
2018-06-17 00:00:00 UTC,602,-617,316001738,0.84277777777777785
2018-06-17 00:00:00 UTC,602,-615,316001738,0.49236111111111114
2018-06-17 00:00:00 UTC,602,-614,316001738,1.9977777777777777
2018-06-17 00:00:00 UTC,602,-616,316001738,1.3352777777777778
2018-06-17 00:00:00 UTC,602,-613,316001738,3.0345833333333334
2018-06-17 00:00:00 UTC,602,-90,231191000,1.5999999999999999
2018-06-17 00:00:00 UTC,-422,-22,431602710,0.8255555555555556
2018-06-17 00:00:00 UTC,-422,-23,431602710,1.4705555555555554
2018-06-17 00:00:00 UTC,-422,-24,431602710,0.12958333333333333
2018-06-17 00:00:00 UTC,-422,1706,512005171,0.5493055555555556
2018-06-17 00:00:00 UTC,-422,1707,512005171,0.53722222222222227
2018-06-17 00:00:00 UTC,-422,1704,512187000,3.4180555555555561
2018-06-17 00:00:00 UTC,-422,15,431602342,1.1126388888888887
2018-06-17 00:00:00 UTC,-422,14,431602342,0.71347222222222229
2018-06-17 00:00:00 UTC,-422,-580,441784000,0.38041666666666663
2018-06-17 00:00:00 UTC,-422,-579,441784000,2.3419444444444446
2018-06-17 00:00:00 UTC,-422,-578,441784000,0.95708333333333329
2018-06-17 00:00:00 UTC,-422,-577,441784000,3.181944444444444
2018-06-17 00:00:00 UTC,-422,1703,512439000,0.60416666666666674
2018-06-17 00:00:00 UTC,-166,1721,412331012,0.51527777777777772
2018-06-17 00:00:00 UTC,-166,1722,412331012,4.1413888888888888
2018-06-17 00:00:00 UTC,-166,1719,412687110,1.0508333333333333
2018-06-17 00:00:00 UTC,-166,1718,412687110,1.6420833333333331
2018-06-17 00:00:00 UTC,-166,-1751,416004627,0.96583333333333321
2018-06-17 00:00:00 UTC,-166,1718,412687150,0.8747222222222224
2018-06-17 00:00:00 UTC,-166,1717,412687150,1.7965277777777775
2018-06-17 00:00:00 UTC,-166,-851,431100990,0.92486111111111113
2018-06-17 00:00:00 UTC,-166,-850,431100990,1.6306944444444442
2018-06-17 00:00:00 UTC,-166,-1196,432914000,1.9924999999999995
2018-06-17 00:00:00 UTC,-166,1717,520177000,2.2804166666666665
2018-06-17 00:00:00 UTC,-166,1718,520177000,4.26
2018-06-17 00:00:00 UTC,-166,1455,503066790,1.8080555555555553
2018-06-17 00:00:00 UTC,-166,1456,503066790,0.99180555555555561
2018-06-17 00:00:00 UTC,91,1747,440821000,0.758888888888889
2018-06-17 00:00:00 UTC,91,-878,349052425,1.1294444444444445
2018-06-17 00:00:00 UTC,91,-879,349052425,2.8833333333333333
2018-06-17 00:00:00 UTC,91,1747,441098000,1.7255555555555553
2018-06-17 00:00:00 UTC,91,1463,431680380,5.1147222222222215
2018-06-17 00:00:00 UTC,91,1464,431680380,1.588611111111111
2018-06-17 00:00:00 UTC,91,1485,412460285,1.63625
2018-06-17 00:00:00 UTC,91,1474,412460285,0.58152777777777775
2018-06-17 00:00:00 UTC,91,1484,412460285,1.0763888888888888
2018-06-17 00:00:00 UTC,347,-70,242190100,3.2586111111111116
2018-06-17 00:00:00 UTC,347,1369,431002388,6.1429166666666664
2018-06-17 00:00:00 UTC,347,1553,431903000,0.53347222222222224
2018-06-17 00:00:00 UTC,347,1551,431903000,0.72486111111111118
2018-06-17 00:00:00 UTC,347,1289,440125720,6.449583333333333
2018-06-17 00:00:00 UTC,347,-69,242051100,5.8434722222222231
2018-06-17 00:00:00 UTC,347,1289,440116010,3.0659722222222223
2018-06-17 00:00:00 UTC,347,1255,440316460,1.6938888888888879
2018-06-17 00:00:00 UTC,347,1287,440323890,3.5952777777777776
2018-06-17 00:00:00 UTC,347,1288,440323890,3.8102777777777774
2018-06-17 00:00:00 UTC,347,1285,440103220,9.6991666666666667
2018-06-17 00:00:00 UTC,347,1283,440113460,8.7023611111111112
2018-06-17 00:00:00 UTC,347,1256,440503350,12.569722222222252
2018-06-17 00:00:00 UTC,347,1196,926000698,0.27472222222222226
2018-06-17 00:00:00 UTC,347,1197,926000698,3.1524999999999994
2018-06-17 00:00:00 UTC,347,1283,440148539,2.314027777777778
2018-06-17 00:00:00 UTC,347,-69,242920000,0.96527777777777779
2018-06-17 00:00:00 UTC,347,-70,242920000,5.3125
2018-06-17 00:00:00 UTC,347,1289,440205890,0.25777777777777777
2018-06-17 00:00:00 UTC,347,1288,440205890,5.9245833333333335
2018-06-17 00:00:00 UTC,347,1368,431002434,0.30374999999999996
2018-06-17 00:00:00 UTC,347,1289,440146500,4.3744444444444444
2018-06-17 00:00:00 UTC,347,1289,440121160,2.010416666666667
2018-06-17 00:00:00 UTC,347,1290,440121160,1.5534722222222221
2018-06-17 00:00:00 UTC,347,-69,242049100,8.4247222222222238
2018-06-17 00:00:00 UTC,347,1195,412312141,0.56541666666666668
2018-06-17 00:00:00 UTC,347,1544,431698000,1.4318055555555556
2018-06-17 00:00:00 UTC,347,1545,431698000,3.4836111111111112
2018-06-17 00:00:00 UTC,347,1550,431698000,0.59986111111111118
2018-06-17 00:00:00 UTC,347,-70,242006100,3.53125
2018-06-17 00:00:00 UTC,347,-69,242006100,8.230833333333333
2018-06-17 00:00:00 UTC,347,-69,242919000,8.2434722222222216
2018-06-17 00:00:00 UTC,347,1255,440703580,2.975972222222222
2018-06-17 00:00:00 UTC,347,-69,242048100,5.7250000000000005
2018-06-17 00:00:00 UTC,347,-70,242048100,1.2143055555555557
2018-06-17 00:00:00 UTC,347,1257,440335720,0.99986111111111142
2018-06-17 00:00:00 UTC,347,1289,440156010,2.0225
2018-06-17 00:00:00 UTC,347,-70,242101100,2.0615277777777776
2018-06-17 00:00:00 UTC,347,1301,431009658,3.7797222222222224
2018-06-17 00:00:00 UTC,347,1300,431009658,0.90833333333333344
2018-06-17 00:00:00 UTC,347,1288,440157820,0.569861111111111
2018-06-17 00:00:00 UTC,347,1287,440157820,0.24486111111111108
2018-06-17 00:00:00 UTC,347,1301,431010434,2.7430555555555554
2018-06-17 00:00:00 UTC,347,1255,440062850,0.030416666666666668
2018-06-17 00:00:00 UTC,347,1289,440157060,3.6643055555555559
2018-06-17 00:00:00 UTC,347,1288,440157060,9.0488888888888912
2018-06-17 00:00:00 UTC,347,1197,320712068,3.5833333333333335
2018-06-17 00:00:00 UTC,347,1195,320712068,0.31375
2018-06-17 00:00:00 UTC,347,1196,320712068,0.6069444444444444
2018-06-17 00:00:00 UTC,347,1194,477321101,0.091666666666666674
2018-06-17 00:00:00 UTC,347,1256,440323990,15.449166666666668
2018-06-17 00:00:00 UTC,347,1282,440161950,0.16361111111111112
2018-06-17 00:00:00 UTC,347,1281,440161950,20.633333333333333
2018-06-17 00:00:00 UTC,347,1287,440168350,1.7220833333333334
2018-06-17 00:00:00 UTC,347,1256,440024740,5.1155555555555567
2018-06-17 00:00:00 UTC,347,1256,440333220,2.7347222222222189
2018-06-17 00:00:00 UTC,347,1542,431001270,2.3540277777777776
2018-06-17 00:00:00 UTC,347,1541,431001270,0.58944444444444444
2018-06-17 00:00:00 UTC,347,1552,431171000,0.57722222222222219
2018-06-17 00:00:00 UTC,347,1251,440107710,0.033333333333333333
2018-06-17 00:00:00 UTC,347,1253,440107710,2.1747222222222202
2018-06-17 00:00:00 UTC,347,1252,440107710,1.0154166666666666
2018-06-17 00:00:00 UTC,347,1250,440107710,1.5665277777777764
2018-06-17 00:00:00 UTC,347,1287,440172480,0.57583333333333331
2018-06-17 00:00:00 UTC,347,1288,440172480,0.13305555555555557
2018-06-17 00:00:00 UTC,347,1288,440109510,1.5234722222222223
2018-06-17 00:00:00 UTC,347,1256,440068040,13.644166666666765
2018-06-17 00:00:00 UTC,347,1256,440333520,0.76930555555555546
2018-06-17 00:00:00 UTC,347,1255,440333520,0.070833333333333331
2018-06-17 00:00:00 UTC,347,1287,440157660,0.43944444444444442
2018-06-17 00:00:00 UTC,347,1195,926312158,0.067777777777777784
2018-06-17 00:00:00 UTC,347,1287,440314850,1.6941666666666666
2018-06-17 00:00:00 UTC,347,1288,440167150,8.4606944444444441
2018-06-17 00:00:00 UTC,347,1253,440316660,4.4773611111111151
2018-06-17 00:00:00 UTC,347,1254,440316660,6.159583333333333
2018-06-17 00:00:00 UTC,347,1256,440701690,14.140277777777825
2018-06-17 00:00:00 UTC,603,-37,232746000,1.0984722222222221
2018-06-17 00:00:00 UTC,603,-36,232746000,0.80027777777777775
2018-06-17 00:00:00 UTC,603,-38,232746000,0.26847222222222222
2018-06-17 00:00:00 UTC,603,-1776,367411730,1.369027777777778
2018-06-17 00:00:00 UTC,603,-1773,367411730,1.3737499999999996
2018-06-17 00:00:00 UTC,603,-1775,367411730,3.9513888888888884
2018-06-17 00:00:00 UTC,603,-1774,367411730,1.6651388888888883
2018-06-17 00:00:00 UTC,603,17,257214000,2.9877777777777776
2018-06-17 00:00:00 UTC,603,18,257214000,2.1052777777777778
2018-06-17 00:00:00 UTC,603,18,259390000,2.3519444444444444
2018-06-17 00:00:00 UTC,603,31,257489500,6.0466666666666677
2018-06-17 00:00:00 UTC,603,31,259281000,3.7858333333333336
2018-06-17 00:00:00 UTC,603,32,259281000,0.84069444444444441
2018-06-17 00:00:00 UTC,603,22,257578600,0.85222222222222221
2018-06-17 00:00:00 UTC,603,51,259377000,0.19166666666666665
2018-06-17 00:00:00 UTC,603,23,257456500,1.0516666666666667
2018-06-17 00:00:00 UTC,603,33,259855000,0.41888888888888887
2018-06-17 00:00:00 UTC,603,32,259855000,0.47583333333333333
2018-06-17 00:00:00 UTC,603,31,258381000,0.22749999999999998
2018-06-17 00:00:00 UTC,603,32,258381000,0.63930555555555557
2018-06-17 00:00:00 UTC,603,21,257584600,8.2705555555555552
2018-06-17 00:00:00 UTC,-421,-24,431602710,1.4369444444444444
2018-06-17 00:00:00 UTC,-421,-25,431602710,3.3183333333333329
2018-06-17 00:00:00 UTC,-421,1707,512005171,2.2945833333333341
2018-06-17 00:00:00 UTC,-421,1704,512187000,1.0063888888888892
2018-06-17 00:00:00 UTC,-421,1703,512187000,1.1916666666666667
2018-06-17 00:00:00 UTC,-421,14,431602342,0.55694444444444446
2018-06-17 00:00:00 UTC,-421,7,431602610,1.3294444444444444
2018-06-17 00:00:00 UTC,-421,8,431602610,2.1331944444444448
2018-06-17 00:00:00 UTC,-421,9,431602610,0.58013888888888876
2018-06-17 00:00:00 UTC,-421,1,431602610,6.58
2018-06-17 00:00:00 UTC,-421,0,431602610,2.3265277777777773
2018-06-17 00:00:00 UTC,-421,-576,441784000,1.399861111111111
2018-06-17 00:00:00 UTC,-421,-571,441784000,1.4888888888888889
2018-06-17 00:00:00 UTC,-421,-579,441784000,2.3827777777777772
2018-06-17 00:00:00 UTC,-165,1721,412331012,4.7797222222222224
2018-06-17 00:00:00 UTC,-165,1719,412687110,0.29916666666666669
2018-06-17 00:00:00 UTC,-165,1718,412687110,2.2700000000000005
2018-06-17 00:00:00 UTC,-165,-1751,416004627,0.75527777777777771
2018-06-17 00:00:00 UTC,-165,1718,412687150,0.35986111111111113
2018-06-17 00:00:00 UTC,-165,1717,412687150,2.4629166666666662
2018-06-17 00:00:00 UTC,-165,-851,431100990,0.40319444444444447
2018-06-17 00:00:00 UTC,-165,-849,431100990,1.722777777777778
2018-06-17 00:00:00 UTC,-165,-1196,432914000,0.49249999999999994
2018-06-17 00:00:00 UTC,-165,1717,520177000,1.0177777777777779
2018-06-17 00:00:00 UTC,-165,1455,503066790,3.2497222222222226
2018-06-17 00:00:00 UTC,-165,-1686,369059000,1.9904166666666669
2018-06-17 00:00:00 UTC,92,1747,440821000,1.953611111111111
2018-06-17 00:00:00 UTC,92,1748,440821000,0.35361111111111115
2018-06-17 00:00:00 UTC,92,-882,349052425,3.89875
2018-06-17 00:00:00 UTC,92,1746,441098000,2.0019444444444443
2018-06-17 00:00:00 UTC,92,1747,441098000,0.10541666666666667
2018-06-17 00:00:00 UTC,92,1537,412460075,0.62166666666666659
2018-06-17 00:00:00 UTC,92,1465,431680380,3.4745833333333325
2018-06-17 00:00:00 UTC,92,1463,431680380,0.72902777777777772
2018-06-17 00:00:00 UTC,92,1464,431680380,3.6633333333333336
2018-06-17 00:00:00 UTC,92,1484,412460285,4.1786111111111115
2018-06-17 00:00:00 UTC,92,1485,412460285,1.2156944444444444
2018-06-17 00:00:00 UTC,92,1475,412460285,0.68430555555555561
2018-06-17 00:00:00 UTC,348,1287,440163860,0.87041666666666662
2018-06-17 00:00:00 UTC,348,-70,242190100,4.9758333333333331
2018-06-17 00:00:00 UTC,348,1369,431002388,0.12541666666666668
2018-06-17 00:00:00 UTC,348,1290,440125720,2.8541666666666665
2018-06-17 00:00:00 UTC,348,-69,242051100,6.0965277777777773
2018-06-17 00:00:00 UTC,348,-70,242051100,7.734861111111111
2018-06-17 00:00:00 UTC,348,1256,440208170,5.2584722222222213
2018-06-17 00:00:00 UTC,348,1289,440116010,5.63875
2018-06-17 00:00:00 UTC,348,1255,440316460,2.2697222222222218
2018-06-17 00:00:00 UTC,348,-70,242910000,4.4854166666666666
2018-06-17 00:00:00 UTC,348,1292,440113720,3.6722222222222216
2018-06-17 00:00:00 UTC,348,1291,440113720,6.0486111111111116
2018-06-17 00:00:00 UTC,348,1289,440311360,1.8580555555555553
2018-06-17 00:00:00 UTC,348,-70,242920000,0.59111111111111114
2018-06-17 00:00:00 UTC,348,1289,440205890,4.5594444444444449
2018-06-17 00:00:00 UTC,348,1368,431002434,1.3679166666666667
2018-06-17 00:00:00 UTC,348,1290,440146500,4.5615277777777781
2018-06-17 00:00:00 UTC,348,-70,242060100,2.6616666666666671
2018-06-17 00:00:00 UTC,348,1195,412395333,0.67027777777777764
2018-06-17 00:00:00 UTC,348,1196,412395333,5.777777777777775
2018-06-17 00:00:00 UTC,348,1289,440051270,1.1
2018-06-17 00:00:00 UTC,348,1290,440121160,1.5484722222222225
2018-06-17 00:00:00 UTC,348,1288,440224330,7.121666666666667
2018-06-17 00:00:00 UTC,348,1287,440224330,5.0194444444444439
2018-06-17 00:00:00 UTC,348,-70,242049100,1.6094444444444445
2018-06-17 00:00:00 UTC,348,-71,242049100,1.9644444444444444
2018-06-17 00:00:00 UTC,348,-69,242049100,0.39472222222222225
2018-06-17 00:00:00 UTC,348,-68,242049100,0.10361111111111111
2018-06-17 00:00:00 UTC,348,1196,412312141,3.6511111111111112
2018-06-17 00:00:00 UTC,348,1195,412312141,1.42
2018-06-17 00:00:00 UTC,348,1546,431698000,0.86222222222222222
2018-06-17 00:00:00 UTC,348,1547,431698000,0.50916666666666666
2018-06-17 00:00:00 UTC,348,1549,431698000,0.79194444444444456
2018-06-17 00:00:00 UTC,348,1551,431698000,0.66958333333333331
2018-06-17 00:00:00 UTC,348,1545,431698000,1.9768055555555553
2018-06-17 00:00:00 UTC,348,1550,431698000,0.52069444444444446
2018-06-17 00:00:00 UTC,348,-69,242006100,1.5155555555555555
2018-06-17 00:00:00 UTC,348,-68,242006100,2.3759722222222219
2018-06-17 00:00:00 UTC,348,1288,440152920,2.7737499999999997
2018-06-17 00:00:00 UTC,348,1290,440501080,2.6308333333333334
2018-06-17 00:00:00 UTC,348,1290,440101210,6.3193055555555562
2018-06-17 00:00:00 UTC,348,1291,440402530,10.392222222222225
2018-06-17 00:00:00 UTC,348,1255,440040290,2.02375
2018-06-17 00:00:00 UTC,348,-70,242048100,2.410277777777778
2018-06-17 00:00:00 UTC,348,-68,242048100,3.2936111111111108
2018-06-17 00:00:00 UTC,348,-69,242048100,3.7598611111111113
2018-06-17 00:00:00 UTC,348,1195,412389989,0.41472222222222221
2018-06-17 00:00:00 UTC,348,1288,440156010,0.27722222222222226
2018-06-17 00:00:00 UTC,348,-70,242101100,2.8713888888888888
2018-06-17 00:00:00 UTC,348,1289,440151660,0.83444444444444443
2018-06-17 00:00:00 UTC,348,1298,431006572,2.6850000000000005
2018-06-17 00:00:00 UTC,348,1194,100882285,0.36236111111111108
2018-06-17 00:00:00 UTC,348,1193,100882285,0.56569444444444439
2018-06-17 00:00:00 UTC,348,1287,440157820,3.10625
2018-06-17 00:00:00 UTC,348,1288,440157820,2.1969444444444446
2018-06-17 00:00:00 UTC,348,1290,440132480,0.3502777777777778
2018-06-17 00:00:00 UTC,348,1289,440132480,1.849861111111111
2018-06-17 00:00:00 UTC,348,1255,440062850,4.0669444444444451
2018-06-17 00:00:00 UTC,348,1256,440062850,10.165138888888889
2018-06-17 00:00:00 UTC,348,1288,440157060,1.4419444444444443
2018-06-17 00:00:00 UTC,348,1288,440103301,2.7118055555555554
2018-06-17 00:00:00 UTC,348,1195,477321101,0.32555555555555554
2018-06-17 00:00:00 UTC,348,1194,477321101,0.6758333333333334
2018-06-17 00:00:00 UTC,348,1195,412364431,0.24166666666666664
2018-06-17 00:00:00 UTC,348,1196,412364431,0.71236111111111111
2018-06-17 00:00:00 UTC,348,1287,440168350,0.69486111111111115
2018-06-17 00:00:00 UTC,348,1195,926012062,1.3220833333333333
2018-06-17 00:00:00 UTC,348,1194,926012062,3.1505555555555556
2018-06-17 00:00:00 UTC,348,1256,440024740,0.28333333333333333
2018-06-17 00:00:00 UTC,348,1195,412042917,0.48486111111111113
2018-06-17 00:00:00 UTC,348,1196,412042917,2.4930555555555554
2018-06-17 00:00:00 UTC,348,1290,440405680,19.460138888888888
2018-06-17 00:00:00 UTC,348,1542,431001270,2.0700000000000007
2018-06-17 00:00:00 UTC,348,1290,440121530,4.0998611111111112
2018-06-17 00:00:00 UTC,348,1253,440107710,0.29583333333333328
2018-06-17 00:00:00 UTC,348,1250,440107710,0.2475
2018-06-17 00:00:00 UTC,348,1251,440107710,1.40125
2018-06-17 00:00:00 UTC,348,1252,440107710,0.88333333333333341
2018-06-17 00:00:00 UTC,348,1288,440172480,3.6466666666666669
2018-06-17 00:00:00 UTC,348,1192,413000131,0.49194444444444446
2018-06-17 00:00:00 UTC,348,1289,440144840,5.8630555555555564
2018-06-17 00:00:00 UTC,348,1289,440111830,3.6205555555555557
2018-06-17 00:00:00 UTC,348,1287,440157660,3.6530555555555564
2018-06-17 00:00:00 UTC,348,1197,926312158,10.155833333333334
2018-06-17 00:00:00 UTC,348,1196,926312158,3.7201388888888882
2018-06-17 00:00:00 UTC,348,1195,926312158,0.11388888888888889
2018-06-17 00:00:00 UTC,348,1289,440152550,5.38111111111111
2018-06-17 00:00:00 UTC,348,1290,440152040,1.0416666666666667
2018-06-17 00:00:00 UTC,348,1297,431010792,2.7043055555555555
2018-06-17 00:00:00 UTC,348,1254,440316660,3.3141666666666669
2018-06-17 00:00:00 UTC,604,-1774,367411730,1.658611111111111
2018-06-17 00:00:00 UTC,604,-1778,367411730,0.50069444444444444
2018-06-17 00:00:00 UTC,604,-1775,367411730,3.3897222222222227
2018-06-17 00:00:00 UTC,604,-1777,367411730,4.1756944444444439
2018-06-17 00:00:00 UTC,604,-1776,367411730,4.62236111111111
2018-06-17 00:00:00 UTC,604,19,258036000,4.6759722222222226
2018-06-17 00:00:00 UTC,604,-1793,273898800,0.23347222222222222
2018-06-17 00:00:00 UTC,604,15,257214000,2.8556944444444436
2018-06-17 00:00:00 UTC,604,14,257214000,4.8922222222222222
2018-06-17 00:00:00 UTC,604,30,257578600,1.2733333333333334
2018-06-17 00:00:00 UTC,604,51,259377000,0.11541666666666667
2018-06-17 00:00:00 UTC,604,50,259377000,0.665
2018-06-17 00:00:00 UTC,604,-2,227302000,1.1305555555555555
2018-06-17 00:00:00 UTC,604,48,257313940,2.0094444444444441
2018-06-17 00:00:00 UTC,604,47,257313940,0.7025
2018-06-17 00:00:00 UTC,604,30,259855000,4.8090277777777777
2018-06-17 00:00:00 UTC,604,33,259855000,0.20124999999999998
2018-06-17 00:00:00 UTC,604,32,259855000,3.3968055555555559
2018-06-17 00:00:00 UTC,604,32,259503000,1.546111111111111
2018-06-17 00:00:00 UTC,604,32,258381000,0.53055555555555556
2018-06-17 00:00:00 UTC,604,30,257584600,5.5284722222222218
2018-06-17 00:00:00 UTC,-420,-28,431602710,2.9170833333333333
2018-06-17 00:00:00 UTC,-420,1707,512005171,4.7855555555555567
2018-06-17 00:00:00 UTC,-420,1708,512005171,0.13569444444444445
2018-06-17 00:00:00 UTC,-420,13,431602342,1.9577777777777776
2018-06-17 00:00:00 UTC,-420,12,431602342,1.6208333333333333
2018-06-17 00:00:00 UTC,-420,1606,416001965,1.4312500000000001
2018-06-17 00:00:00 UTC,-420,8,431602610,1.7044444444444442
2018-06-17 00:00:00 UTC,-420,6,431602610,5.3897222222222227
2018-06-17 00:00:00 UTC,-420,7,431602610,3.1363888888888889
2018-06-17 00:00:00 UTC,-420,-575,441784000,2.50625
2018-06-17 00:00:00 UTC,-420,-558,412329434,11.530000000000001
2018-06-17 00:00:00 UTC,-164,1718,412687110,1.5022222222222219
2018-06-17 00:00:00 UTC,-164,1717,412687110,0.82861111111111119
2018-06-17 00:00:00 UTC,-164,-1751,416004627,0.83875
2018-06-17 00:00:00 UTC,-164,1722,412328725,0.74027777777777781
2018-06-17 00:00:00 UTC,-164,1721,412328725,0.475
2018-06-17 00:00:00 UTC,-164,410,440329000,0.39930555555555552
2018-06-17 00:00:00 UTC,-164,1717,412687150,1.9638888888888884
2018-06-17 00:00:00 UTC,-164,591,645395000,5.6597222222222232
2018-06-17 00:00:00 UTC,-164,592,645395000,2.4497222222222219
2018-06-17 00:00:00 UTC,-164,-851,431100990,4.5370833333333334
2018-06-17 00:00:00 UTC,-164,-850,431100990,0.89916666666666667
2018-06-17 00:00:00 UTC,-164,1770,520114000,0.24680555555555556
2018-06-17 00:00:00 UTC,-164,1769,520114000,0.61736111111111114
2018-06-17 00:00:00 UTC,-164,-1196,432914000,1.9402777777777764
2018-06-17 00:00:00 UTC,-164,1717,520177000,0.61569444444444443
2018-06-17 00:00:00 UTC,-164,1455,503066790,4.200277777777778
2018-06-17 00:00:00 UTC,-164,-791,412421047,14.151527777777776
2018-06-17 00:00:00 UTC,-164,-1685,369059000,1.2090277777777776
2018-06-17 00:00:00 UTC,-164,-1682,366928330,2.7424999999999997
2018-06-17 00:00:00 UTC,-164,-1683,366928330,0.30402777777777779
2018-06-17 00:00:00 UTC,-164,-791,412420313,6.90125
2018-06-17 00:00:00 UTC,93,1747,440821000,0.89069444444444446
2018-06-17 00:00:00 UTC,93,1746,440821000,1.3604166666666662
2018-06-17 00:00:00 UTC,93,-882,349052425,0.53333333333333333
2018-06-17 00:00:00 UTC,93,1746,441098000,2.1059722222222219
2018-06-17 00:00:00 UTC,93,1747,441098000,0.36666666666666664
2018-06-17 00:00:00 UTC,93,1749,440703000,2.2152777777777777
2018-06-17 00:00:00 UTC,93,1441,431680620,1.9379166666666667
2018-06-17 00:00:00 UTC,93,1442,431680620,1.6002777777777777
2018-06-17 00:00:00 UTC,93,1440,431680620,6.2297222222222226
2018-06-17 00:00:00 UTC,93,1443,431680620,1.4897222222222222
2018-06-17 00:00:00 UTC,93,1445,431680620,7.6393055555555556
2018-06-17 00:00:00 UTC,93,1444,431680620,2.4183333333333334
2018-06-17 00:00:00 UTC,93,1467,431680380,4.5172222222222222
2018-06-17 00:00:00 UTC,93,1509,413204940,4.8552777777777765
2018-06-17 00:00:00 UTC,93,1510,413204940,1.4693055555555552
2018-06-17 00:00:00 UTC,93,1475,412460285,0.67388888888888887
2018-06-17 00:00:00 UTC,93,1485,412460285,0.7911111111111111
2018-06-17 00:00:00 UTC,93,1484,412460285,0.83097222222222222
2018-06-17 00:00:00 UTC,93,1476,412460285,1.6938888888888888
2018-06-17 00:00:00 UTC,349,-68,242190100,3.61125
2018-06-17 00:00:00 UTC,349,-69,242051100,2.8851388888888891
2018-06-17 00:00:00 UTC,349,-70,242051100,3.6109722222222222
2018-06-17 00:00:00 UTC,349,1252,440125220,0.016666666666666666
2018-06-17 00:00:00 UTC,349,1255,440326440,12.208611111111109
2018-06-17 00:00:00 UTC,349,1256,440208170,15.266527777777778
2018-06-17 00:00:00 UTC,349,1289,440104750,1.3520833333333333
2018-06-17 00:00:00 UTC,349,1290,440104750,0.56277777777777782
2018-06-17 00:00:00 UTC,349,-69,242910000,3.285
2018-06-17 00:00:00 UTC,349,-70,242910000,4.5918055555555553
2018-06-17 00:00:00 UTC,349,1290,440120880,4.4008333333333338
2018-06-17 00:00:00 UTC,349,1291,440120880,0.66263888888888889
2018-06-17 00:00:00 UTC,349,1251,440105790,0.14583333333333331
2018-06-17 00:00:00 UTC,349,-70,242060100,3.3268055555555556
2018-06-17 00:00:00 UTC,349,1289,440224840,1.5834722222222222
2018-06-17 00:00:00 UTC,349,1194,412332874,0.80333333333333323
2018-06-17 00:00:00 UTC,349,-70,242049100,2.2052777777777779
2018-06-17 00:00:00 UTC,349,-71,242049100,0.78472222222222221
2018-06-17 00:00:00 UTC,349,1548,431698000,0.36486111111111114
2018-06-17 00:00:00 UTC,349,1551,431698000,0.37958333333333333
2018-06-17 00:00:00 UTC,349,1552,431698000,0.34180555555555553
2018-06-17 00:00:00 UTC,349,1549,431698000,2.7709722222222224
2018-06-17 00:00:00 UTC,349,1550,431698000,0.68763888888888891
2018-06-17 00:00:00 UTC,349,1290,440414290,2.2301388888888889
2018-06-17 00:00:00 UTC,349,1291,440414290,0.40013888888888893
2018-06-17 00:00:00 UTC,349,-69,242006100,2.756388888888889
2018-06-17 00:00:00 UTC,349,-70,242006100,5.1286111111111108
2018-06-17 00:00:00 UTC,349,1287,440152920,8.6686111111111117
2018-06-17 00:00:00 UTC,349,-70,242919000,0.74180555555555561
2018-06-17 00:00:00 UTC,349,-71,242919000,1.3452777777777778
2018-06-17 00:00:00 UTC,349,1194,412333144,4.3094444444444449
2018-06-17 00:00:00 UTC,349,1290,440101210,7.9205555555555538
2018-06-17 00:00:00 UTC,349,1291,440402530,0.7566666666666666
2018-06-17 00:00:00 UTC,349,1255,440040290,0.71944444444444444
2018-06-17 00:00:00 UTC,349,1256,440040290,0.54597222222222219
2018-06-17 00:00:00 UTC,349,-69,242048100,1.5493055555555555
2018-06-17 00:00:00 UTC,349,-70,242048100,3.3809722222222223
2018-06-17 00:00:00 UTC,349,-68,242101100,2.3877777777777776
2018-06-17 00:00:00 UTC,349,1289,440151660,2.7123611111111119
2018-06-17 00:00:00 UTC,349,1193,100882285,2.2602777777777776
2018-06-17 00:00:00 UTC,349,1194,100882285,4.5308333333333337
2018-06-17 00:00:00 UTC,349,139,247142780,2.0875000000000004
2018-06-17 00:00:00 UTC,349,1290,440132480,2.0209722222222224
2018-06-17 00:00:00 UTC,349,1256,440062850,1.8624999999999998
2018-06-17 00:00:00 UTC,349,1289,440409220,1.0066666666666668
2018-06-17 00:00:00 UTC,349,1290,440409220,0.27263888888888888
2018-06-17 00:00:00 UTC,349,1287,440157320,4.9065277777777778
2018-06-17 00:00:00 UTC,349,1291,440155280,3.5556944444444443
2018-06-17 00:00:00 UTC,349,1196,412332949,1.258472222222222
2018-06-17 00:00:00 UTC,349,1292,440149910,1.2631944444444445
2018-06-17 00:00:00 UTC,349,1291,440149910,1.2173611111111109
2018-06-17 00:00:00 UTC,349,1290,440149910,3.0969444444444445
2018-06-17 00:00:00 UTC,349,1195,413000089,0.1
2018-06-17 00:00:00 UTC,349,1196,413000089,1.1958333333333333
2018-06-17 00:00:00 UTC,349,-70,242003100,6.2705555555555561
2018-06-17 00:00:00 UTC,349,1291,440120220,4.5034722222222214
2018-06-17 00:00:00 UTC,349,1195,412332962,5.4900000000000011
2018-06-17 00:00:00 UTC,349,1194,816030628,1.5161111111111112
2018-06-17 00:00:00 UTC,349,1195,412042917,1.7599999999999998
2018-06-17 00:00:00 UTC,349,1196,412042917,1.5819444444444444
2018-06-17 00:00:00 UTC,349,1197,412042917,1.1359722222222222
2018-06-17 00:00:00 UTC,349,1194,412330406,2.9947222222222227
2018-06-17 00:00:00 UTC,349,1297,431009192,12.730555555555556
2018-06-17 00:00:00 UTC,349,1290,440405680,5.7438888888888888
2018-06-17 00:00:00 UTC,349,1291,440147120,5.697916666666667
2018-06-17 00:00:00 UTC,349,1196,412327346,4.7563888888888881
2018-06-17 00:00:00 UTC,349,1290,440153270,4.9609722222222228
2018-06-17 00:00:00 UTC,349,1290,440224950,0.33708333333333335
2018-06-17 00:00:00 UTC,349,1299,431009462,0.61916666666666664
2018-06-17 00:00:00 UTC,349,1298,431009462,2.286944444444444
2018-06-17 00:00:00 UTC,349,1194,412330426,2.9430555555555551
2018-06-17 00:00:00 UTC,349,1291,440121530,1.0234722222222223
2018-06-17 00:00:00 UTC,349,1290,440121530,2.846111111111111
2018-06-17 00:00:00 UTC,349,1291,440150210,3.386944444444445
2018-06-17 00:00:00 UTC,349,1192,413000131,7.7798611111111091
2018-06-17 00:00:00 UTC,349,1193,413000131,3.6493055555555562
2018-06-17 00:00:00 UTC,349,-70,242065100,7.9498611111111117
2018-06-17 00:00:00 UTC,349,1289,440111830,0.31083333333333335
2018-06-17 00:00:00 UTC,349,1195,412333799,0.79166666666666663
2018-06-17 00:00:00 UTC,349,1288,440114160,4.6006944444444455
2018-06-17 00:00:00 UTC,349,1287,440114160,2.3872222222222219
2018-06-17 00:00:00 UTC,349,1255,440157940,8.0547222222222281
2018-06-17 00:00:00 UTC,605,-1458,367641360,0.5722222222222223
2018-06-17 00:00:00 UTC,605,-1464,367455530,0.3975
2018-06-17 00:00:00 UTC,605,-1794,273898800,0.065555555555555561
2018-06-17 00:00:00 UTC,605,-1796,273898800,0.29319444444444448
2018-06-17 00:00:00 UTC,605,-1795,273898800,0.32319444444444445
2018-06-17 00:00:00 UTC,605,-1792,273898800,1.0119444444444443
2018-06-17 00:00:00 UTC,605,-1793,273898800,0.47958333333333336
2018-06-17 00:00:00 UTC,605,-1791,273898800,0.2525
2018-06-17 00:00:00 UTC,605,19,259390000,1.7409722222222221
2018-06-17 00:00:00 UTC,605,-27,233651000,0.28375
2018-06-17 00:00:00 UTC,605,-26,233651000,0.92486111111111113
2018-06-17 00:00:00 UTC,605,20,257138000,4.5448611111111115
2018-06-17 00:00:00 UTC,605,48,257001810,0.41305555555555551
2018-06-17 00:00:00 UTC,605,49,257001810,1.0033333333333334
2018-06-17 00:00:00 UTC,605,25,257489500,2.6415277777777777
2018-06-17 00:00:00 UTC,605,34,257578600,1.6115277777777777
2018-06-17 00:00:00 UTC,605,31,257578600,1.3631944444444444
2018-06-17 00:00:00 UTC,605,30,257578600,0.24125
2018-06-17 00:00:00 UTC,605,49,259377000,1.0930555555555554
2018-06-17 00:00:00 UTC,605,-3,235010670,0.35569444444444442
2018-06-17 00:00:00 UTC,605,-5,235010670,0.3931944444444444
2018-06-17 00:00:00 UTC,605,-4,235010670,1.9208333333333332
2018-06-17 00:00:00 UTC,605,-1,227302000,1.88625
2018-06-17 00:00:00 UTC,605,-3,227302000,1.1633333333333336
2018-06-17 00:00:00 UTC,605,-4,227302000,0.60708333333333331
2018-06-17 00:00:00 UTC,605,-2,227302000,1.2231944444444443
2018-06-17 00:00:00 UTC,605,-1792,440581000,0.40388888888888885
2018-06-17 00:00:00 UTC,605,47,257313940,1.8220833333333335
2018-06-17 00:00:00 UTC,605,48,257313940,1.8013888888888889
2018-06-17 00:00:00 UTC,605,-108,231118000,1.8081944444444447
2018-06-17 00:00:00 UTC,605,-107,231118000,5.585
2018-06-17 00:00:00 UTC,605,-110,231118000,0.75847222222222221
2018-06-17 00:00:00 UTC,605,-109,231118000,6.8002777777777776
2018-06-17 00:00:00 UTC,605,-122,231118000,0.87652777777777779
2018-06-17 00:00:00 UTC,605,25,257250000,2.1543055555555557
2018-06-17 00:00:00 UTC,605,31,257602000,0.44444444444444442
2018-06-17 00:00:00 UTC,605,32,257602000,1.44
2018-06-17 00:00:00 UTC,605,34,257584600,3.0754166666666665
2018-06-17 00:00:00 UTC,605,-29,228165600,0.26888888888888884
2018-06-17 00:00:00 UTC,605,-30,259244000,3.4925
2018-06-17 00:00:00 UTC,605,-32,259244000,1.7708333333333335
2018-06-17 00:00:00 UTC,605,24,257541600,2.5508333333333333
2018-06-17 00:00:00 UTC,-419,-30,431602710,0.75361111111111112
2018-06-17 00:00:00 UTC,-419,-29,431602710,2.2186111111111111
2018-06-17 00:00:00 UTC,-419,11,431602342,2.0084722222222222
2018-06-17 00:00:00 UTC,-419,10,431602342,1.8040277777777778
2018-06-17 00:00:00 UTC,-419,9,431602342,0.62902777777777785
2018-06-17 00:00:00 UTC,-419,1606,416001965,1.1994444444444445
2018-06-17 00:00:00 UTC,-419,1625,412002993,0.12986111111111109
2018-06-17 00:00:00 UTC,-419,1626,412002993,0.48486111111111119
2018-06-17 00:00:00 UTC,-419,8,431602610,0.57097222222222221
2018-06-17 00:00:00 UTC,-419,9,431602610,0.28333333333333333
2018-06-17 00:00:00 UTC,-419,-574,441784000,2.3716666666666661
2018-06-17 00:00:00 UTC,-419,-575,441784000,0.5229166666666667
2018-06-17 00:00:00 UTC,-163,1718,412687110,0.93472222222222223
2018-06-17 00:00:00 UTC,-163,1717,412687110,1.5462500000000001
2018-06-17 00:00:00 UTC,-163,-1750,416004627,0.774861111111111
2018-06-17 00:00:00 UTC,-163,-1751,416004627,0.52597222222222229
2018-06-17 00:00:00 UTC,-163,1721,412328725,2.304444444444445
2018-06-17 00:00:00 UTC,-163,1722,412328725,0.98402777777777772
2018-06-17 00:00:00 UTC,-163,410,440329000,1.5784722222222221
2018-06-17 00:00:00 UTC,-163,1716,412687150,1.3776388888888889
2018-06-17 00:00:00 UTC,-163,1717,412687150,0.31875
2018-06-17 00:00:00 UTC,-163,594,645395000,6.7158333333333333
2018-06-17 00:00:00 UTC,-163,592,645395000,3.7498611111111111
2018-06-17 00:00:00 UTC,-163,593,645395000,0.30402777777777779
2018-06-17 00:00:00 UTC,-163,-1002,431613000,0.42805555555555558
2018-06-17 00:00:00 UTC,-163,-1003,431613000,0.020277777777777777
2018-06-17 00:00:00 UTC,-163,1770,520114000,0.64111111111111119
2018-06-17 00:00:00 UTC,-163,1769,520114000,0.20722222222222225
2018-06-17 00:00:00 UTC,-163,-1197,432914000,0.26013888888888892
2018-06-17 00:00:00 UTC,-163,1716,520177000,2.3056944444444443
2018-06-17 00:00:00 UTC,-163,1717,520177000,3.0141666666666667
2018-06-17 00:00:00 UTC,-163,-1683,369059000,1.6399999999999995
2018-06-17 00:00:00 UTC,-163,-1684,369059000,7.4686111111111106
2018-06-17 00:00:00 UTC,-163,-1683,366928330,1.0243055555555556
2018-06-17 00:00:00 UTC,-163,-1684,366928330,0.25791666666666668
2018-06-17 00:00:00 UTC,-163,-1682,366928330,4.834027777777778
2018-06-17 00:00:00 UTC,94,1747,440821000,0.75736111111111115
2018-06-17 00:00:00 UTC,94,1746,440821000,1.6945833333333333
2018-06-17 00:00:00 UTC,94,-882,349052425,0.36888888888888888
2018-06-17 00:00:00 UTC,94,-881,349052425,7.0672222222222247
2018-06-17 00:00:00 UTC,94,1746,441098000,1.117361111111111
2018-06-17 00:00:00 UTC,94,1745,441098000,0.61402777777777762
2018-06-17 00:00:00 UTC,94,1750,440703000,0.80041666666666678
2018-06-17 00:00:00 UTC,94,1749,440703000,1.6631944444444442
2018-06-17 00:00:00 UTC,94,-1403,345140011,6.8198611111111136
2018-06-17 00:00:00 UTC,94,-1404,345140011,4.137083333333333
2018-06-17 00:00:00 UTC,94,1465,431680190,5.7152777777777777
2018-06-17 00:00:00 UTC,94,1466,431680190,1.6658333333333333
2018-06-17 00:00:00 UTC,94,1508,413204940,0.7615277777777778
2018-06-17 00:00:00 UTC,94,1510,413204940,0.45194444444444443
2018-06-17 00:00:00 UTC,94,1511,413204940,1.1818055555555556
2018-06-17 00:00:00 UTC,94,1507,413204940,3.1606944444444447
2018-06-17 00:00:00 UTC,94,-1432,345080030,4.3143055555555554
2018-06-17 00:00:00 UTC,94,-1431,345080030,5.4905555555555576
2018-06-17 00:00:00 UTC,94,1490,412460283,4.6101388888888888
2018-06-17 00:00:00 UTC,94,1486,412460285,3.4930555555555554
2018-06-17 00:00:00 UTC,94,1484,412460285,3.1025
2018-06-17 00:00:00 UTC,94,1480,412460285,3.8575
2018-06-17 00:00:00 UTC,94,1494,412460287,0.43486111111111114
2018-06-17 00:00:00 UTC,94,1492,412460287,4.6506944444444445
2018-06-17 00:00:00 UTC,94,1493,412460287,3.7109722222222223
2018-06-17 00:00:00 UTC,350,1290,440314380,9.3341666666666683
2018-06-17 00:00:00 UTC,350,1291,440208660,0.31791666666666668
2018-06-17 00:00:00 UTC,350,-67,242190100,1.0211111111111111
2018-06-17 00:00:00 UTC,350,1292,440051490,0.673611111111111
2018-06-17 00:00:00 UTC,350,1252,440125220,0.083472222222222225
2018-06-17 00:00:00 UTC,350,1291,440056620,1.5002777777777778
2018-06-17 00:00:00 UTC,350,-67,242910000,2.5841666666666665
2018-06-17 00:00:00 UTC,350,1291,440120880,0.25583333333333336
2018-06-17 00:00:00 UTC,350,1198,412327985,3.0591666666666666
2018-06-17 00:00:00 UTC,350,1197,412332854,0.43777777777777777
2018-06-17 00:00:00 UTC,350,1194,412333114,0.25805555555555554
2018-06-17 00:00:00 UTC,350,1253,440105790,4.0565277777777782
2018-06-17 00:00:00 UTC,350,-67,242060100,3.4631944444444445
2018-06-17 00:00:00 UTC,350,1194,412332874,6.6595833333333312
2018-06-17 00:00:00 UTC,350,1291,440120650,1.2751388888888888
2018-06-17 00:00:00 UTC,350,1551,431698000,0.89625
2018-06-17 00:00:00 UTC,350,1552,431698000,2.7708333333333335
2018-06-17 00:00:00 UTC,350,1290,440414290,1.1372222222222221
2018-06-17 00:00:00 UTC,350,1291,440414290,2.7511111111111113
2018-06-17 00:00:00 UTC,350,1255,440703580,7.8395833333333336
2018-06-17 00:00:00 UTC,350,1197,412333148,2.0755555555555558
2018-06-17 00:00:00 UTC,350,1196,412333148,4.8509722222222225
2018-06-17 00:00:00 UTC,350,342,210460000,22.235972222222223
2018-06-17 00:00:00 UTC,350,1291,440151140,1.0166666666666666
2018-06-17 00:00:00 UTC,350,1197,412333163,4.2522222222222226
2018-06-17 00:00:00 UTC,350,-68,242101100,0.67180555555555554
2018-06-17 00:00:00 UTC,350,-67,242101100,1.75375
2018-06-17 00:00:00 UTC,350,-66,242101100,0.15527777777777779
2018-06-17 00:00:00 UTC,350,1290,440151660,0.12555555555555556
2018-06-17 00:00:00 UTC,350,1289,440151660,0.096388888888888885
2018-06-17 00:00:00 UTC,350,1292,440178810,3.2255555555555557
2018-06-17 00:00:00 UTC,350,1196,412332162,10.286249999999999
2018-06-17 00:00:00 UTC,350,1291,440147590,0.97666666666666679
2018-06-17 00:00:00 UTC,350,1292,440147590,0.54583333333333328
2018-06-17 00:00:00 UTC,350,1294,440150920,1.7799999999999998
2018-06-17 00:00:00 UTC,350,1294,440155020,5.4916666666666663
2018-06-17 00:00:00 UTC,350,1196,412332949,0.066666666666666666
2018-06-17 00:00:00 UTC,350,1195,412332949,0.65166666666666673
2018-06-17 00:00:00 UTC,350,1194,412332949,0.69736111111111121
2018-06-17 00:00:00 UTC,350,1291,440120220,0.90069444444444446
2018-06-17 00:00:00 UTC,350,1193,816030628,0.25388888888888889
2018-06-17 00:00:00 UTC,350,1194,816030628,3.4363888888888883
2018-06-17 00:00:00 UTC,350,1194,412042917,0.99277777777777776
2018-06-17 00:00:00 UTC,350,1195,412042917,1.241527777777778
2018-06-17 00:00:00 UTC,350,1293,440107430,0.48263888888888895
2018-06-17 00:00:00 UTC,350,1293,440120750,7.8925
2018-06-17 00:00:00 UTC,350,1196,412327346,0.14583333333333334
2018-06-17 00:00:00 UTC,350,1197,412333235,6.4495833333333339
2018-06-17 00:00:00 UTC,350,-67,242065100,9.6019444444444453
2018-06-17 00:00:00 UTC,350,1290,440149710,1.5293055555555557
2018-06-17 00:00:00 UTC,350,1194,412332758,0.062638888888888883
2018-06-17 00:00:00 UTC,350,1291,440005080,1.6109722222222222
2018-06-17 00:00:00 UTC,350,1293,440147930,0.25444444444444447
2018-06-17 00:00:00 UTC,350,136,229000154,3.1101388888888888
2018-06-17 00:00:00 UTC,350,137,229000154,9.6541666666666668
2018-06-17 00:00:00 UTC,350,148,210380000,1.9652777777777777
2018-06-17 00:00:00 UTC,350,1291,440109540,0.75861111111111112
2018-06-17 00:00:00 UTC,350,1292,440109540,3.04875
2018-06-17 00:00:00 UTC,350,1287,440114160,2.20875
2018-06-17 00:00:00 UTC,350,1293,440131830,1.6468055555555556
2018-06-17 00:00:00 UTC,350,1198,412323065,6.1901388888888889
2018-06-17 00:00:00 UTC,350,1291,440323070,3.1475
2018-06-17 00:00:00 UTC,606,1714,273840400,1.2484722222222222
2018-06-17 00:00:00 UTC,606,13,232148000,0.86930555555555566
2018-06-17 00:00:00 UTC,606,14,232148000,0.31666666666666665
2018-06-17 00:00:00 UTC,606,-1459,367455530,0.43958333333333333
2018-06-17 00:00:00 UTC,606,-1790,273898800,1.0354166666666664
2018-06-17 00:00:00 UTC,606,-1797,273898800,0.23013888888888889
2018-06-17 00:00:00 UTC,606,-1798,273898800,0.41305555555555551
2018-06-17 00:00:00 UTC,606,-1791,273898800,1.3137499999999998
2018-06-17 00:00:00 UTC,606,-1799,273898800,0.12875
2018-06-17 00:00:00 UTC,606,21,258238000,1.8345833333333332
2018-06-17 00:00:00 UTC,606,22,258238000,1.0848611111111111
2018-06-17 00:00:00 UTC,606,19,259166000,1.568611111111111
2018-06-17 00:00:00 UTC,606,-28,226334000,4.8955555555555561
2018-06-17 00:00:00 UTC,606,-27,226334000,1.4070833333333332
2018-06-17 00:00:00 UTC,606,-29,226334000,2.4638888888888886
2018-06-17 00:00:00 UTC,606,23,259390000,0.34861111111111109
2018-06-17 00:00:00 UTC,606,22,259390000,1.3172222222222221
2018-06-17 00:00:00 UTC,606,-25,233651000,4.2524999999999995
2018-06-17 00:00:00 UTC,606,-26,233651000,6.04361111111111
2018-06-17 00:00:00 UTC,606,-4,235010670,0.27222222222222225
2018-06-17 00:00:00 UTC,606,-3,235010670,2.8766666666666669
2018-06-17 00:00:00 UTC,606,-2,227302000,1.2118055555555556
2018-06-17 00:00:00 UTC,606,-3,227302000,5.2713888888888887
2018-06-17 00:00:00 UTC,606,-1,227302000,2.36125
2018-06-17 00:00:00 UTC,606,-1792,440581000,0.34291666666666665
2018-06-17 00:00:00 UTC,606,-1790,440581000,1.1879166666666667
2018-06-17 00:00:00 UTC,606,-1791,440581000,0.81305555555555553
2018-06-17 00:00:00 UTC,606,1719,273382320,2.8798611111111114
2018-06-17 00:00:00 UTC,606,1720,273382320,1.7293055555555554
2018-06-17 00:00:00 UTC,606,-121,231118000,1.5823611111111111
2018-06-17 00:00:00 UTC,606,-122,231118000,2.0495833333333335
2018-06-17 00:00:00 UTC,606,24,258381000,1.1031944444444444
2018-06-17 00:00:00 UTC,606,22,258381000,0.31583333333333335
2018-06-17 00:00:00 UTC,606,22,257250000,2.0663888888888891
2018-06-17 00:00:00 UTC,606,24,257250000,0.60194444444444439
2018-06-17 00:00:00 UTC,606,24,257602000,1.41875
2018-06-17 00:00:00 UTC,606,30,257602000,1.7479166666666668
2018-06-17 00:00:00 UTC,606,35,257602000,0.949861111111111
2018-06-17 00:00:00 UTC,606,23,257602000,1.9434722222222223
2018-06-17 00:00:00 UTC,606,48,257193940,1.6863888888888887
2018-06-17 00:00:00 UTC,606,-29,228165600,2.2740277777777775
2018-06-17 00:00:00 UTC,606,-28,228165600,5.0020833333333332
2018-06-17 00:00:00 UTC,606,-27,228165600,1.1804166666666667
2018-06-17 00:00:00 UTC,606,-31,259244000,8.4781944444444441
2018-06-17 00:00:00 UTC,606,-30,259244000,5.1694444444444452
2018-06-17 00:00:00 UTC,606,-32,259244000,1.0459722222222223
2018-06-17 00:00:00 UTC,606,23,257541600,1.8827777777777777
2018-06-17 00:00:00 UTC,-418,-30,431602710,1.2019444444444443
2018-06-17 00:00:00 UTC,-418,-31,431602710,0.36888888888888888
2018-06-17 00:00:00 UTC,-418,6,431602342,1.1908333333333332
2018-06-17 00:00:00 UTC,-418,7,431602342,0.8274999999999999
2018-06-17 00:00:00 UTC,-418,9,431602342,1.0626388888888891
2018-06-17 00:00:00 UTC,-418,8,431602342,1.8852777777777776
2018-06-17 00:00:00 UTC,-418,1606,416001965,0.42902777777777779
2018-06-17 00:00:00 UTC,-418,1625,412002993,0.15277777777777776
2018-06-17 00:00:00 UTC,-162,1718,412687110,0.94430555555555573
2018-06-17 00:00:00 UTC,-162,1717,412687110,6.1333333333333346
2018-06-17 00:00:00 UTC,-162,1721,412328725,1.9358333333333335
2018-06-17 00:00:00 UTC,-162,1722,412328725,0.68902777777777779
2018-06-17 00:00:00 UTC,-162,1747,520116000,1.0352777777777777
2018-06-17 00:00:00 UTC,-162,1748,520116000,0.18611111111111112
2018-06-17 00:00:00 UTC,-162,410,440329000,1.5168055555555555
2018-06-17 00:00:00 UTC,-162,1716,412687150,4.6963888888888885
2018-06-17 00:00:00 UTC,-162,1717,412687150,0.083472222222222225
2018-06-17 00:00:00 UTC,-162,594,645395000,4.49875
2018-06-17 00:00:00 UTC,-162,595,645395000,1.4634722222222221
2018-06-17 00:00:00 UTC,-162,-1003,431613000,0.55666666666666664
2018-06-17 00:00:00 UTC,-162,1770,520114000,0.89180555555555541
2018-06-17 00:00:00 UTC,-162,1769,520114000,0.15555555555555556
2018-06-17 00:00:00 UTC,-162,-1197,432914000,0.4861111111111111
2018-06-17 00:00:00 UTC,-162,1717,520177000,1.6223611111111111
2018-06-17 00:00:00 UTC,-162,-1683,369059000,2.4127777777777779
2018-06-17 00:00:00 UTC,-162,-1682,369059000,1.9515277777777778
2018-06-17 00:00:00 UTC,-162,-1683,366928330,2.6688888888888886
2018-06-17 00:00:00 UTC,-162,-1684,366928330,1.2423611111111112
2018-06-17 00:00:00 UTC,-162,-1682,366928330,0.58513888888888888
2018-06-17 00:00:00 UTC,95,1746,440821000,2.1801388888888886
2018-06-17 00:00:00 UTC,95,-881,349052425,5.2245833333333325
2018-06-17 00:00:00 UTC,95,-882,349052425,0.76430555555555557
2018-06-17 00:00:00 UTC,95,1745,441098000,2.1695833333333319
2018-06-17 00:00:00 UTC,95,1750,440703000,1.4316666666666662
2018-06-17 00:00:00 UTC,95,1749,440703000,0.27375
2018-06-17 00:00:00 UTC,95,1537,412460075,0.93194444444444458
2018-06-17 00:00:00 UTC,95,1536,412460075,0.40916666666666673
2018-06-17 00:00:00 UTC,95,1540,412460075,0.53694444444444445
2018-06-17 00:00:00 UTC,95,-1190,413691210,3.400555555555556
2018-06-17 00:00:00 UTC,95,-1189,413691210,0.62430555555555556
2018-06-17 00:00:00 UTC,95,-165,247110330,1.6902777777777773
2018-06-17 00:00:00 UTC,95,-166,247110330,4.6444444444444439
2018-06-17 00:00:00 UTC,95,1468,431680190,9.6133333333333333
2018-06-17 00:00:00 UTC,95,1467,431680190,2.9083333333333332
2018-06-17 00:00:00 UTC,95,1511,413204940,1.5972222222222223
2018-06-17 00:00:00 UTC,95,1497,413204950,0.92041666666666666
2018-06-17 00:00:00 UTC,95,-147,632001007,0.65999999999999992
2018-06-17 00:00:00 UTC,95,-148,632001007,1.659861111111111
2018-06-17 00:00:00 UTC,95,1492,412460283,1.5829166666666667
2018-06-17 00:00:00 UTC,95,1493,412460283,5.5070833333333331
2018-06-17 00:00:00 UTC,95,1491,412460283,6.3381944444444436
2018-06-17 00:00:00 UTC,95,1493,412460287,1.3069444444444445
2018-06-17 00:00:00 UTC,95,1496,412460287,0.85277777777777786
2018-06-17 00:00:00 UTC,95,1495,412460287,0.34208333333333335
2018-06-17 00:00:00 UTC,95,1494,412460287,2.5387500000000003
2018-06-17 00:00:00 UTC,351,1297,440113680,3.1195833333333329
2018-06-17 00:00:00 UTC,351,1296,440113680,6.4220833333333331
2018-06-17 00:00:00 UTC,351,1292,440127760,0.27527777777777773
2018-06-17 00:00:00 UTC,351,1292,440046610,0.2902777777777778
2018-06-17 00:00:00 UTC,351,1292,440208660,3.4715277777777778
2018-06-17 00:00:00 UTC,351,1291,440208660,2.3673611111111112
2018-06-17 00:00:00 UTC,351,1291,440130580,13.303333333333333
2018-06-17 00:00:00 UTC,351,1292,440130580,0.56708333333333338
2018-06-17 00:00:00 UTC,351,1291,440130070,12.788333333333334
2018-06-17 00:00:00 UTC,351,1292,440003864,18.057083333333331
2018-06-17 00:00:00 UTC,351,1297,440101410,1.9954166666666668
2018-06-17 00:00:00 UTC,351,1296,440101410,2.5995833333333334
2018-06-17 00:00:00 UTC,351,1301,440132130,1.0222222222222221
2018-06-17 00:00:00 UTC,351,1300,440132130,4.2015277777777778
2018-06-17 00:00:00 UTC,351,1256,440323370,3.4575000000000005
2018-06-17 00:00:00 UTC,351,1291,440120620,11.585277777777778
2018-06-17 00:00:00 UTC,351,1291,440056620,0.29125
2018-06-17 00:00:00 UTC,351,-67,242910000,3.9470833333333335
2018-06-17 00:00:00 UTC,351,1194,412333114,0.25416666666666665
2018-06-17 00:00:00 UTC,351,1195,412333114,7.877916666666664
2018-06-17 00:00:00 UTC,351,1253,440105790,0.14430555555555555
2018-06-17 00:00:00 UTC,351,-67,242060100,2.5526388888888887
2018-06-17 00:00:00 UTC,351,1291,440151110,2.0455555555555556
2018-06-17 00:00:00 UTC,351,1291,440120650,12.631111111111109
2018-06-17 00:00:00 UTC,351,1292,440120650,0.88527777777777783
2018-06-17 00:00:00 UTC,351,1552,431698000,0.54902777777777778
2018-06-17 00:00:00 UTC,351,1291,440120660,11.246388888888887
2018-06-17 00:00:00 UTC,351,1256,440703580,4.4836111111111112
2018-06-17 00:00:00 UTC,351,1291,440151140,0.22388888888888886
2018-06-17 00:00:00 UTC,351,1296,440142700,1.6569444444444441
2018-06-17 00:00:00 UTC,351,1295,440142700,14.930138888888889
2018-06-17 00:00:00 UTC,351,-66,242101100,1.4100000000000001
2018-06-17 00:00:00 UTC,351,-67,242101100,1.345
2018-06-17 00:00:00 UTC,351,1196,412322412,0.7136111111111112
2018-06-17 00:00:00 UTC,351,1294,440021870,0.42638888888888893
2018-06-17 00:00:00 UTC,351,1293,440021870,1.27125
2018-06-17 00:00:00 UTC,351,1196,412327544,7.517500000000001
2018-06-17 00:00:00 UTC,351,1295,440178810,3.5731944444444448
2018-06-17 00:00:00 UTC,351,1291,440147590,1.2356944444444444
2018-06-17 00:00:00 UTC,351,1292,440147590,2.3293055555555555
2018-06-17 00:00:00 UTC,351,1294,440150920,2.5131944444444443
2018-06-17 00:00:00 UTC,351,1198,414170014,8.3511111111111109
2018-06-17 00:00:00 UTC,351,1293,440107430,5.2752777777777782
2018-06-17 00:00:00 UTC,351,1196,412332967,9.4961111111111087
2018-06-17 00:00:00 UTC,351,1292,440048040,1.8429166666666665
2018-06-17 00:00:00 UTC,351,1550,431801000,1.0026388888888889
2018-06-17 00:00:00 UTC,351,1551,431801000,0.44555555555555559
2018-06-17 00:00:00 UTC,351,1295,440153260,8.5056944444444458
2018-06-17 00:00:00 UTC,351,1293,440120750,1.756111111111111
2018-06-17 00:00:00 UTC,351,1292,440045250,12.714722222222221
2018-06-17 00:00:00 UTC,351,1299,440412110,23.868472222222216
2018-06-17 00:00:00 UTC,351,1292,440504020,10.368194444444445
2018-06-17 00:00:00 UTC,351,1296,440103640,2.6972222222222224
2018-06-17 00:00:00 UTC,351,1291,440005080,0.61916666666666664
2018-06-17 00:00:00 UTC,351,1293,440147930,3.7231944444444443
2018-06-17 00:00:00 UTC,351,1197,412332766,6.4529166666666669
2018-06-17 00:00:00 UTC,351,1295,440161760,9.2229166666666682
2018-06-17 00:00:00 UTC,351,1296,440144610,2.4131944444444446
2018-06-17 00:00:00 UTC,351,1197,412333799,3.608888888888889
2018-06-17 00:00:00 UTC,351,1295,44013550,5.4713888888888889
2018-06-17 00:00:00 UTC,351,1293,440131830,3.5369444444444449
2018-06-17 00:00:00 UTC,607,22,257888000,4.0279166666666661
2018-06-17 00:00:00 UTC,607,14,232148000,5.4154166666666681
2018-06-17 00:00:00 UTC,607,15,232148000,3.5793055555555551
2018-06-17 00:00:00 UTC,607,21,257685800,0.31930555555555551
2018-06-17 00:00:00 UTC,607,20,257685800,0.67638888888888893
2018-06-17 00:00:00 UTC,607,-1799,273898800,0.072916666666666657
2018-06-17 00:00:00 UTC,607,23,259166000,5.1525
2018-06-17 00:00:00 UTC,607,-26,226334000,2.047361111111111
2018-06-17 00:00:00 UTC,607,-27,226334000,7.5241666666666651
2018-06-17 00:00:00 UTC,607,-28,226334000,5.2306944444444436
2018-06-17 00:00:00 UTC,607,-29,226334000,0.57361111111111118
2018-06-17 00:00:00 UTC,607,-58,231134000,1.7673611111111112
2018-06-17 00:00:00 UTC,607,-59,231134000,1.0970833333333334
2018-06-17 00:00:00 UTC,607,-60,231134000,1.4544444444444444
2018-06-17 00:00:00 UTC,607,21,259390000,3.3526388888888889
2018-06-17 00:00:00 UTC,607,20,259390000,1.4286111111111111
2018-06-17 00:00:00 UTC,607,-25,233651000,2.8663888888888889
2018-06-17 00:00:00 UTC,607,-24,233651000,0.64902777777777776
2018-06-17 00:00:00 UTC,607,-26,233651000,0.55069444444444449
2018-06-17 00:00:00 UTC,607,-1478,367338320,0.07013888888888889
2018-06-17 00:00:00 UTC,607,22,257489500,2.4040277777777779
2018-06-17 00:00:00 UTC,607,21,257489500,1.6647222222222222
2018-06-17 00:00:00 UTC,607,-69,231164000,2.3929166666666664
2018-06-17 00:00:00 UTC,607,-70,231164000,2.4305555555555554
2018-06-17 00:00:00 UTC,607,24,257852000,1.9415277777777777
2018-06-17 00:00:00 UTC,607,23,257852000,0.98486111111111108
2018-06-17 00:00:00 UTC,607,20,257852000,1.2394444444444446
2018-06-17 00:00:00 UTC,607,21,257852000,2.703333333333334
2018-06-17 00:00:00 UTC,607,21,259281000,3.4956944444444442
2018-06-17 00:00:00 UTC,607,-4,235010670,7.0816666666666661
2018-06-17 00:00:00 UTC,607,-5,235010670,2.78125
2018-06-17 00:00:00 UTC,607,-3,235010670,3.4261111111111111
2018-06-17 00:00:00 UTC,607,-2,227302000,3.73375
2018-06-17 00:00:00 UTC,607,-4,227302000,0.32347222222222222
2018-06-17 00:00:00 UTC,607,-3,227302000,1.12375
2018-06-17 00:00:00 UTC,607,-70,231163000,0.74458333333333337
2018-06-17 00:00:00 UTC,607,-69,231163000,4.6852777777777774
2018-06-17 00:00:00 UTC,607,-1481,367018620,0.12319444444444444
2018-06-17 00:00:00 UTC,607,-1788,440581000,0.31430555555555562
2018-06-17 00:00:00 UTC,607,-1789,440581000,1.0756944444444447
2018-06-17 00:00:00 UTC,607,20,257946000,3.0583333333333327
2018-06-17 00:00:00 UTC,607,20,257284000,3.9465277777777779
2018-06-17 00:00:00 UTC,607,-1481,367157930,0.22583333333333336
2018-06-17 00:00:00 UTC,607,46,257069740,2.64125
2018-06-17 00:00:00 UTC,607,1724,273382320,0.15597222222222223
2018-06-17 00:00:00 UTC,607,1726,273382320,0.25236111111111115
2018-06-17 00:00:00 UTC,607,1727,273382320,0.13277777777777777
2018-06-17 00:00:00 UTC,607,1725,273382320,0.058888888888888893
2018-06-17 00:00:00 UTC,607,21,257001650,3.2376388888888887
2018-06-17 00:00:00 UTC,607,22,258381000,0.51430555555555557
2018-06-17 00:00:00 UTC,607,23,257250000,0.57722222222222219
2018-06-17 00:00:00 UTC,607,23,257602000,5.5922222222222215
2018-06-17 00:00:00 UTC,607,29,257602000,0.56916666666666671
2018-06-17 00:00:00 UTC,607,24,257602000,0.91972222222222222
2018-06-17 00:00:00 UTC,607,28,257602000,0.4761111111111111
2018-06-17 00:00:00 UTC,607,48,257193940,6.0229166666666654
2018-06-17 00:00:00 UTC,607,47,257193940,0.88249999999999984
2018-06-17 00:00:00 UTC,607,23,259511000,5.774166666666666
2018-06-17 00:00:00 UTC,607,21,257687000,1.8958333333333335
2018-06-17 00:00:00 UTC,607,22,257687000,0.071527777777777773
2018-06-17 00:00:00 UTC,607,-26,228165600,2.2263888888888888
2018-06-17 00:00:00 UTC,607,-28,228165600,5.7945833333333354
2018-06-17 00:00:00 UTC,607,-27,228165600,7.2191666666666672
2018-06-17 00:00:00 UTC,607,-29,228165600,0.27611111111111108
2018-06-17 00:00:00 UTC,607,-32,259244000,0.70319444444444446
2018-06-17 00:00:00 UTC,607,-31,259244000,1.1915277777777777
2018-06-17 00:00:00 UTC,607,12,235003110,3.8425000000000002
2018-06-17 00:00:00 UTC,-417,1746,512000041,0.80847222222222226
2018-06-17 00:00:00 UTC,-417,1747,512000041,0.85847222222222208
2018-06-17 00:00:00 UTC,-417,1747,512000102,0.47930555555555554
2018-06-17 00:00:00 UTC,-417,1746,512000102,1.6208333333333333
2018-06-17 00:00:00 UTC,-161,1785,520085000,0.86388888888888893
2018-06-17 00:00:00 UTC,-161,1786,520085000,0.82250000000000012
2018-06-17 00:00:00 UTC,-161,1787,520085000,0.90833333333333333
2018-06-17 00:00:00 UTC,-161,1721,412328725,1.2095833333333332
2018-06-17 00:00:00 UTC,-161,1722,412328725,0.79222222222222216
2018-06-17 00:00:00 UTC,-161,1693,576660000,1.6159722222222221
2018-06-17 00:00:00 UTC,-161,1748,520116000,0.795138888888889
2018-06-17 00:00:00 UTC,-161,1749,520116000,1.4331944444444444
2018-06-17 00:00:00 UTC,-161,1747,520116000,0.99513888888888891
2018-06-17 00:00:00 UTC,-161,-797,412439586,7.5454166666666662
2018-06-17 00:00:00 UTC,-161,412,440329000,2.064027777777778
2018-06-17 00:00:00 UTC,-161,413,440329000,2.6043055555555559
2018-06-17 00:00:00 UTC,-161,410,440329000,1.0043055555555556
2018-06-17 00:00:00 UTC,-161,414,440329000,0.6134722222222222
2018-06-17 00:00:00 UTC,-161,411,440329000,2.0149999999999997
2018-06-17 00:00:00 UTC,-161,1771,520114000,0.26333333333333331
2018-06-17 00:00:00 UTC,-161,1770,520114000,0.55777777777777782
2018-06-17 00:00:00 UTC,-161,1717,520177000,0.7531944444444445
2018-06-17 00:00:00 UTC,-161,596,645454000,12.170972222222224
2018-06-17 00:00:00 UTC,-161,594,645454000,7.6295833333333336
2018-06-17 00:00:00 UTC,-161,595,645454000,5.8011111111111111
2018-06-17 00:00:00 UTC,-161,-1682,369059000,1.8880555555555554
2018-06-17 00:00:00 UTC,-161,-1681,369059000,2.6962499999999996
2018-06-17 00:00:00 UTC,-161,-1684,366928330,2.9626388888888893
2018-06-17 00:00:00 UTC,-161,-1685,366928330,1.3704166666666664
2018-06-17 00:00:00 UTC,-161,1785,520023000,2.6906944444444441
2018-06-17 00:00:00 UTC,-161,1786,520023000,1.6019444444444446
2018-06-17 00:00:00 UTC,-161,1787,520023000,2.0406944444444441
2018-06-17 00:00:00 UTC,-161,1786,520012000,0.56208333333333327
2018-06-17 00:00:00 UTC,96,1745,440821000,1.0134722222222223
2018-06-17 00:00:00 UTC,96,1746,440821000,0.72319444444444458
2018-06-17 00:00:00 UTC,96,-880,349052425,0.28152777777777777
2018-06-17 00:00:00 UTC,96,-881,349052425,0.9030555555555555
2018-06-17 00:00:00 UTC,96,1745,441098000,2.1449999999999991
2018-06-17 00:00:00 UTC,96,1751,440703000,0.85263888888888884
2018-06-17 00:00:00 UTC,96,1750,440703000,3.3754166666666676
2018-06-17 00:00:00 UTC,96,1534,412460075,1.4769444444444444
2018-06-17 00:00:00 UTC,96,1531,412460075,2.2604166666666665
2018-06-17 00:00:00 UTC,96,1533,412460075,1.2361111111111112
2018-06-17 00:00:00 UTC,96,1532,412460075,1.9431944444444444
2018-06-17 00:00:00 UTC,96,1535,412460075,1.4272222222222219
2018-06-17 00:00:00 UTC,96,1536,412460075,0.45930555555555558
2018-06-17 00:00:00 UTC,96,-1190,413691210,0.96888888888888891
2018-06-17 00:00:00 UTC,96,1748,440944000,1.1088888888888888
2018-06-17 00:00:00 UTC,96,1747,440944000,0.31680555555555551
2018-06-17 00:00:00 UTC,96,-168,247110330,0.70041666666666669
2018-06-17 00:00:00 UTC,96,-167,247110330,3.1551388888888887
2018-06-17 00:00:00 UTC,96,1466,431680190,3.7831944444444443
2018-06-17 00:00:00 UTC,96,1512,413204940,0.54958333333333331
2018-06-17 00:00:00 UTC,96,1510,413204940,2.435138888888889
2018-06-17 00:00:00 UTC,96,1514,413204940,1.0319444444444446
2018-06-17 00:00:00 UTC,96,1511,413204940,1.8829166666666666
2018-06-17 00:00:00 UTC,96,1513,413204940,0.56402777777777779
2018-06-17 00:00:00 UTC,96,1498,413204950,0.77097222222222228
2018-06-17 00:00:00 UTC,96,-147,632001007,1.0866666666666667
2018-06-17 00:00:00 UTC,96,-148,632001007,3.9888888888888889
2018-06-17 00:00:00 UTC,96,-149,632001007,3.7679166666666677
2018-06-17 00:00:00 UTC,96,1494,412460283,5.9813888888888886
2018-06-17 00:00:00 UTC,96,1495,412460287,1.4408333333333334
2018-06-17 00:00:00 UTC,96,1496,412460287,3.0090277777777783
2018-06-17 00:00:00 UTC,96,1497,412460287,1.6923611111111112
2018-06-17 00:00:00 UTC,352,1195,412328218,0.85597222222222213
2018-06-17 00:00:00 UTC,352,1301,440132130,0.83458333333333345
2018-06-17 00:00:00 UTC,352,-67,242910000,3.1380555555555558
2018-06-17 00:00:00 UTC,352,1292,440151870,1.2815277777777778
2018-06-17 00:00:00 UTC,352,-67,242060100,3.3475
2018-06-17 00:00:00 UTC,352,1294,440267104,1.0954166666666667
2018-06-17 00:00:00 UTC,352,1293,440267104,0.56652777777777774
2018-06-17 00:00:00 UTC,352,1296,440142700,3.6520833333333336
2018-06-17 00:00:00 UTC,352,1196,412322412,0.15430555555555556
2018-06-17 00:00:00 UTC,352,1300,440106870,7.9490277777777774
2018-06-17 00:00:00 UTC,352,1295,440178810,1.7834722222222221
2018-06-17 00:00:00 UTC,352,1293,440102020,5.836666666666666
2018-06-17 00:00:00 UTC,352,1292,440048040,1.2791666666666668
2018-06-17 00:00:00 UTC,352,1298,440134060,2.515138888888889
2018-06-17 00:00:00 UTC,352,1293,440005320,6.4148611111111116
2018-06-17 00:00:00 UTC,352,1294,440005320,10.058472222222223
2018-06-17 00:00:00 UTC,352,1292,440005320,6.3172222222222221
2018-06-17 00:00:00 UTC,352,1298,440114130,1.2511111111111111
2018-06-17 00:00:00 UTC,352,1293,440504020,6.3577777777777786
2018-06-17 00:00:00 UTC,352,1293,440103640,10.66763888888889
2018-06-17 00:00:00 UTC,352,1293,440147930,4.7518055555555554
2018-06-17 00:00:00 UTC,352,1295,440140510,5.3775000000000013
2018-06-17 00:00:00 UTC,352,1293,440144610,4.295694444444444
2018-06-17 00:00:00 UTC,352,1293,440112120,2.0156944444444442
2018-06-17 00:00:00 UTC,352,-67,242063100,2.2994444444444446
2018-06-17 00:00:00 UTC,352,1298,440128510,2.7756944444444445
2018-06-17 00:00:00 UTC,608,23,257888000,0.58458333333333345
2018-06-17 00:00:00 UTC,608,22,257888000,0.2875
2018-06-17 00:00:00 UTC,608,-60,257599500,7.193888888888889
2018-06-17 00:00:00 UTC,608,-59,257599500,7.9202777777777786
2018-06-17 00:00:00 UTC,608,-61,257599500,4.7022222222222219
2018-06-17 00:00:00 UTC,608,-62,257599500,1.6333333333333333
2018-06-17 00:00:00 UTC,608,16,232148000,1.1265277777777778
2018-06-17 00:00:00 UTC,608,15,232148000,10.641666666666666
2018-06-17 00:00:00 UTC,608,14,232148000,2.0041666666666669
2018-06-17 00:00:00 UTC,608,-55,231134000,4.6259722222222228
2018-06-17 00:00:00 UTC,608,-57,231134000,2.7791666666666668
2018-06-17 00:00:00 UTC,608,-56,231134000,2.8238888888888889
2018-06-17 00:00:00 UTC,608,23,259602000,2.537638888888889
2018-06-17 00:00:00 UTC,608,19,257138000,0.2680555555555556
2018-06-17 00:00:00 UTC,608,20,257138000,4.3736111111111118
2018-06-17 00:00:00 UTC,608,-69,231164000,1.6894444444444447
2018-06-17 00:00:00 UTC,608,-70,231164000,12.754027777777777
2018-06-17 00:00:00 UTC,608,192,230012000,0.19805555555555554
2018-06-17 00:00:00 UTC,608,190,230012000,0.93138888888888893
2018-06-17 00:00:00 UTC,608,189,230012000,0.16166666666666665
2018-06-17 00:00:00 UTC,608,191,230012000,1.112638888888889
2018-06-17 00:00:00 UTC,608,49,257459820,1.59125
2018-06-17 00:00:00 UTC,608,-4,235010670,0.27361111111111114
2018-06-17 00:00:00 UTC,608,-3,235010670,1.4383333333333335
2018-06-17 00:00:00 UTC,608,-4,227302000,2.1080555555555556
2018-06-17 00:00:00 UTC,608,-3,227302000,0.75
2018-06-17 00:00:00 UTC,608,-69,231163000,0.61013888888888879
2018-06-17 00:00:00 UTC,608,-70,231163000,12.897638888888888
2018-06-17 00:00:00 UTC,608,-1787,440581000,1.0675000000000001
2018-06-17 00:00:00 UTC,608,-1788,440581000,0.22472222222222224
2018-06-17 00:00:00 UTC,608,1723,273382320,1.1180555555555556
2018-06-17 00:00:00 UTC,608,1722,273382320,0.26305555555555554
2018-06-17 00:00:00 UTC,608,1725,273382320,2.9098611111111117
2018-06-17 00:00:00 UTC,608,1724,273382320,1.9252777777777779
2018-06-17 00:00:00 UTC,608,1726,273382320,0.68819444444444433
2018-06-17 00:00:00 UTC,608,20,258381000,4.0347222222222223
2018-06-17 00:00:00 UTC,608,20,257997000,0.365
2018-06-17 00:00:00 UTC,608,19,257997000,0.97791666666666655
2018-06-17 00:00:00 UTC,608,27,257602000,1.1533333333333335
2018-06-17 00:00:00 UTC,608,22,257541600,1.0840277777777778
2018-06-17 00:00:00 UTC,608,20,257541600,1.1263888888888889
2018-06-17 00:00:00 UTC,608,13,235003110,1.6799999999999997
2018-06-17 00:00:00 UTC,608,12,235003110,14.146250000000002
2018-06-17 00:00:00 UTC,-416,1746,512000041,1.3580555555555553
2018-06-17 00:00:00 UTC,-416,1745,512000041,1.6227777777777779
2018-06-17 00:00:00 UTC,-416,1745,512000102,0.591388888888889
2018-06-17 00:00:00 UTC,-416,1746,512000102,4.4236111111111116
2018-06-17 00:00:00 UTC,-160,1794,520085000,0.53611111111111109
2018-06-17 00:00:00 UTC,-160,1788,520085000,0.95083333333333331
2018-06-17 00:00:00 UTC,-160,1789,520085000,0.9490277777777778
2018-06-17 00:00:00 UTC,-160,1787,520085000,0.18041666666666667
2018-06-17 00:00:00 UTC,-160,1721,412328725,1.9334722222222218
2018-06-17 00:00:00 UTC,-160,1720,412328725,0.588611111111111
2018-06-17 00:00:00 UTC,-160,1693,576660000,2.8948611111111107
2018-06-17 00:00:00 UTC,-160,1694,576660000,1.0045833333333334
2018-06-17 00:00:00 UTC,-160,1750,520116000,2.669027777777778
2018-06-17 00:00:00 UTC,-160,1749,520116000,0.56555555555555559
2018-06-17 00:00:00 UTC,-160,1747,520116000,0.67208333333333337
2018-06-17 00:00:00 UTC,-160,1771,520114000,1.1969444444444446
2018-06-17 00:00:00 UTC,-160,1717,520177000,2.3022222222222224
2018-06-17 00:00:00 UTC,-160,-1532,228966000,1.4058333333333335
2018-06-17 00:00:00 UTC,-160,-1172,431100610,0.88305555555555559
2018-06-17 00:00:00 UTC,-160,-1685,366928330,5.2826388888888882
2018-06-17 00:00:00 UTC,-160,1785,520023000,0.395
2018-06-17 00:00:00 UTC,-160,1787,520023000,2.0533333333333332
2018-06-17 00:00:00 UTC,97,761,419800320,0.52888888888888885
2018-06-17 00:00:00 UTC,97,1745,440821000,1.5180555555555553
2018-06-17 00:00:00 UTC,97,1746,440821000,1.994027777777778
2018-06-17 00:00:00 UTC,97,1747,440821000,3.5947222222222215
2018-06-17 00:00:00 UTC,97,1748,440821000,0.69694444444444437
2018-06-17 00:00:00 UTC,97,1744,441098000,3.7545833333333327
2018-06-17 00:00:00 UTC,97,1745,441098000,1.9666666666666666
2018-06-17 00:00:00 UTC,97,1750,440703000,1.0969444444444445
2018-06-17 00:00:00 UTC,97,1751,440703000,2.6799999999999997
2018-06-17 00:00:00 UTC,97,-1190,413691210,0.46194444444444444
2018-06-17 00:00:00 UTC,97,-1192,413691210,2.004027777777778
2018-06-17 00:00:00 UTC,97,1748,440944000,2.8265277777777778
2018-06-17 00:00:00 UTC,97,-168,247110330,0.89833333333333332
2018-06-17 00:00:00 UTC,97,1514,413204940,0.43597222222222221
2018-06-17 00:00:00 UTC,97,1510,413204940,1.3431944444444444
2018-06-17 00:00:00 UTC,97,-149,224706000,0.19611111111111112
2018-06-17 00:00:00 UTC,97,-148,224706000,0.4025
2018-06-17 00:00:00 UTC,97,-147,224706000,1.9559722222222224
2018-06-17 00:00:00 UTC,97,1500,413204950,5.1119444444444433
2018-06-17 00:00:00 UTC,97,-149,632001007,2.9729166666666664
2018-06-17 00:00:00 UTC,97,-148,632001007,2.1823611111111112
2018-06-17 00:00:00 UTC,353,1298,440144660,2.1116666666666668
2018-06-17 00:00:00 UTC,353,1195,412328218,0.67527777777777787
2018-06-17 00:00:00 UTC,353,1297,440103710,4.7777777777777777
2018-06-17 00:00:00 UTC,353,1297,440150310,1.973611111111111
2018-06-17 00:00:00 UTC,353,1300,440150310,0.26694444444444443
2018-06-17 00:00:00 UTC,353,1298,440150310,3.8370833333333332
2018-06-17 00:00:00 UTC,353,1299,440150310,0.39763888888888893
2018-06-17 00:00:00 UTC,353,1304,440137010,0.17777777777777776
2018-06-17 00:00:00 UTC,353,1292,440151870,3.0722222222222224
2018-06-17 00:00:00 UTC,353,1406,431010368,1.7872222222222223
2018-06-17 00:00:00 UTC,353,1294,440103490,5.846111111111111
2018-06-17 00:00:00 UTC,353,1304,440703050,4.0909722222222218
2018-06-17 00:00:00 UTC,353,1303,440703050,0.35277777777777775
2018-06-17 00:00:00 UTC,353,1301,440701020,6.3827777777777781
2018-06-17 00:00:00 UTC,353,154,247100520,0.79708333333333337
2018-06-17 00:00:00 UTC,353,156,247100520,11.343055555555555
2018-06-17 00:00:00 UTC,353,-66,242101100,1.8904166666666669
2018-06-17 00:00:00 UTC,353,1293,440137330,0.14652777777777778
2018-06-17 00:00:00 UTC,353,1300,440106870,7.0486111111111107
2018-06-17 00:00:00 UTC,353,1510,431579000,0.039722222222222221
2018-06-17 00:00:00 UTC,353,1511,431579000,0.2508333333333333
2018-06-17 00:00:00 UTC,353,1298,440134060,0.97638888888888886
2018-06-17 00:00:00 UTC,353,1303,440209330,6.6006944444444438
2018-06-17 00:00:00 UTC,353,1304,440209330,6.7331944444444431
2018-06-17 00:00:00 UTC,353,1294,440005320,0.7533333333333333
2018-06-17 00:00:00 UTC,353,1301,440148940,0.72694444444444439
2018-06-17 00:00:00 UTC,353,1298,440114130,6.2909722222222229
2018-06-17 00:00:00 UTC,353,1297,440114130,1.4327777777777779
2018-06-17 00:00:00 UTC,353,1195,412333012,0.083611111111111108
2018-06-17 00:00:00 UTC,353,1293,440140510,0.68652777777777785
2018-06-17 00:00:00 UTC,353,1294,440140510,2.0020833333333332
2018-06-17 00:00:00 UTC,353,1293,440144610,1.90625
2018-06-17 00:00:00 UTC,353,1297,440146920,0.37777777777777777
2018-06-17 00:00:00 UTC,353,1293,440112120,4.4173611111111111
2018-06-17 00:00:00 UTC,353,-66,242063100,1.6516666666666666
2018-06-17 00:00:00 UTC,609,19,258944000,4.6168055555555556
2018-06-17 00:00:00 UTC,609,-61,257599500,0.67527777777777775
2018-06-17 00:00:00 UTC,609,198,230665000,1.5833333333333335
2018-06-17 00:00:00 UTC,609,197,230665000,3.8120833333333333
2018-06-17 00:00:00 UTC,609,196,230665000,1.8755555555555556
2018-06-17 00:00:00 UTC,609,-53,231134000,1.1330555555555555
2018-06-17 00:00:00 UTC,609,-54,231134000,4.8055555555555554
2018-06-17 00:00:00 UTC,609,23,259602000,2.7290277777777776
2018-06-17 00:00:00 UTC,609,-1,227303000,0.59847222222222229
2018-06-17 00:00:00 UTC,609,0,227303000,0.56666666666666676
2018-06-17 00:00:00 UTC,609,21,259623000,0.56097222222222221
2018-06-17 00:00:00 UTC,609,22,259623000,0.26402777777777775
2018-06-17 00:00:00 UTC,609,-70,231164000,4.511111111111112
2018-06-17 00:00:00 UTC,609,197,230012000,1.6669444444444443
2018-06-17 00:00:00 UTC,609,195,230012000,1.1168055555555556
2018-06-17 00:00:00 UTC,609,192,230012000,0.9654166666666667
2018-06-17 00:00:00 UTC,609,193,230012000,1.5509722222222222
2018-06-17 00:00:00 UTC,609,190,230012000,1.1833333333333336
2018-06-17 00:00:00 UTC,609,194,230012000,0.92833333333333323
2018-06-17 00:00:00 UTC,609,196,230012000,1.2140277777777777
2018-06-17 00:00:00 UTC,609,1793,273849700,1.5411111111111113
2018-06-17 00:00:00 UTC,609,1794,273849700,1.4673611111111109
2018-06-17 00:00:00 UTC,609,-70,231163000,5.0915277777777792
2018-06-17 00:00:00 UTC,609,-1798,273387130,0.948611111111111
2018-06-17 00:00:00 UTC,609,-1799,273387130,0.25541666666666668
2018-06-17 00:00:00 UTC,609,-12,232007300,0.87652777777777779
2018-06-17 00:00:00 UTC,609,-10,232007300,0.79902777777777767
2018-06-17 00:00:00 UTC,609,-9,232007300,1.4576388888888892
2018-06-17 00:00:00 UTC,609,-13,232007300,3.3623611111111109
2018-06-17 00:00:00 UTC,609,-11,232007300,0.40013888888888888
2018-06-17 00:00:00 UTC,609,1799,273893000,0.21986111111111112
2018-06-17 00:00:00 UTC,609,-1799,273893000,1.1723611111111112
2018-06-17 00:00:00 UTC,609,-1800,273893000,0.94180555555555556
2018-06-17 00:00:00 UTC,609,-1787,440581000,1.2526388888888889
2018-06-17 00:00:00 UTC,609,-1788,440581000,1.6559722222222222
2018-06-17 00:00:00 UTC,609,20,257913000,0.94902777777777791
2018-06-17 00:00:00 UTC,609,21,258412000,4.7630555555555549
2018-06-17 00:00:00 UTC,609,23,257541600,0.87555555555555564
2018-06-17 00:00:00 UTC,609,21,257541600,0.73861111111111111
2018-06-17 00:00:00 UTC,609,22,257541600,0.42486111111111113
2018-06-17 00:00:00 UTC,609,26,257541600,2.2133333333333334
2018-06-17 00:00:00 UTC,609,20,257541600,0.28888888888888886
2018-06-17 00:00:00 UTC,609,19,257541600,0.52652777777777782
2018-06-17 00:00:00 UTC,609,27,257541600,1.5901388888888888
2018-06-17 00:00:00 UTC,-415,1748,512000041,0.45458333333333334
2018-06-17 00:00:00 UTC,-415,1745,512000041,0.080694444444444444
2018-06-17 00:00:00 UTC,-415,1746,512000041,0.40986111111111112
2018-06-17 00:00:00 UTC,-415,-571,701042000,1.9897222222222224
2018-06-17 00:00:00 UTC,-159,1794,520085000,1.5693055555555555
2018-06-17 00:00:00 UTC,-159,1793,520085000,0.66416666666666668
2018-06-17 00:00:00 UTC,-159,1791,520085000,0.87736111111111115
2018-06-17 00:00:00 UTC,-159,1792,520085000,0.66222222222222227
2018-06-17 00:00:00 UTC,-159,1790,520085000,1.2269444444444444
2018-06-17 00:00:00 UTC,-159,1721,412328725,0.50138888888888888
2018-06-17 00:00:00 UTC,-159,1720,412328725,1.95375
2018-06-17 00:00:00 UTC,-159,1693,576660000,1.1913888888888891
2018-06-17 00:00:00 UTC,-159,1745,520116000,0.46569444444444447
2018-06-17 00:00:00 UTC,-159,1746,520116000,1.0295833333333333
2018-06-17 00:00:00 UTC,-159,1748,520116000,0.47569444444444442
2018-06-17 00:00:00 UTC,-159,1749,520116000,1.5656944444444443
2018-06-17 00:00:00 UTC,-159,-895,735059247,10.559722222222222
2018-06-17 00:00:00 UTC,-159,1772,520114000,1.0218055555555556
2018-06-17 00:00:00 UTC,-159,-942,224626000,0.90361111111111114
2018-06-17 00:00:00 UTC,-159,1716,520177000,2.0022222222222221
2018-06-17 00:00:00 UTC,-159,-1533,228966000,0.8534722222222223
2018-06-17 00:00:00 UTC,-159,-1532,228966000,1.3098611111111111
2018-06-17 00:00:00 UTC,-159,-995,520218000,0.12569444444444444
2018-06-17 00:00:00 UTC,-159,-994,520218000,3.5551388888888886
2018-06-17 00:00:00 UTC,-159,-1672,369060000,0.50902777777777775
2018-06-17 00:00:00 UTC,-159,-1172,431100610,1.5222222222222221
2018-06-17 00:00:00 UTC,98,1751,440703000,2.419861111111111
2018-06-17 00:00:00 UTC,98,-1192,413691210,1.0858333333333332
2018-06-17 00:00:00 UTC,98,-1190,413691210,0.80041666666666678
2018-06-17 00:00:00 UTC,98,1745,441233000,2.6530555555555559
2018-06-17 00:00:00 UTC,98,1747,441233000,0.90791666666666659
2018-06-17 00:00:00 UTC,98,1746,441233000,2.1338888888888894
2018-06-17 00:00:00 UTC,98,1744,441233000,1.1324999999999998
2018-06-17 00:00:00 UTC,98,1749,440944000,1.8595833333333329
2018-06-17 00:00:00 UTC,98,1750,440944000,0.38763888888888887
2018-06-17 00:00:00 UTC,98,1748,440944000,1.304861111111111
2018-06-17 00:00:00 UTC,98,1510,413204940,2.2076388888888889
2018-06-17 00:00:00 UTC,98,-148,224706000,6.0768055555555556
2018-06-17 00:00:00 UTC,98,-149,224706000,2.7786111111111111
2018-06-17 00:00:00 UTC,98,-147,224706000,0.28902777777777777
2018-06-17 00:00:00 UTC,98,-149,632001007,1.828611111111111
2018-06-17 00:00:00 UTC,354,1300,440101390,0.29166666666666663
2018-06-17 00:00:00 UTC,354,1294,440124430,5.1751388888888892
2018-06-17 00:00:00 UTC,354,1298,440103710,3.30375
2018-06-17 00:00:00 UTC,354,1297,440103710,2.1608333333333336
2018-06-17 00:00:00 UTC,354,1300,440015140,5.4587500000000011
2018-06-17 00:00:00 UTC,354,1357,431010858,1.6708333333333332
2018-06-17 00:00:00 UTC,354,1297,440125740,0.56430555555555562
2018-06-17 00:00:00 UTC,354,1295,440103470,7.0098611111111113
2018-06-17 00:00:00 UTC,354,1294,440103470,3.883055555555555
2018-06-17 00:00:00 UTC,354,1196,412327214,1.6665277777777776
2018-06-17 00:00:00 UTC,354,1304,440137010,3.6333333333333333
2018-06-17 00:00:00 UTC,354,1303,440137010,0.96069444444444452
2018-06-17 00:00:00 UTC,354,1301,440150580,7.2522222222222208
2018-06-17 00:00:00 UTC,354,1300,440150580,5.2290277777777785
2018-06-17 00:00:00 UTC,354,1297,440125750,1.5102777777777778
2018-06-17 00:00:00 UTC,354,1298,440125750,2.2118055555555554
2018-06-17 00:00:00 UTC,354,1299,440029250,5.9880555555555564
2018-06-17 00:00:00 UTC,354,1300,440029250,14.581666666666667
2018-06-17 00:00:00 UTC,354,1294,440103490,3.3499999999999996
2018-06-17 00:00:00 UTC,354,1300,440410950,1.1319444444444444
2018-06-17 00:00:00 UTC,354,1295,440125510,13.04736111111111
2018-06-17 00:00:00 UTC,354,1304,440703050,15.884861111111114
2018-06-17 00:00:00 UTC,354,1303,440703050,0.47069444444444442
2018-06-17 00:00:00 UTC,354,1294,440110930,22.782222222222224
2018-06-17 00:00:00 UTC,354,1299,440170080,3.790972222222222
2018-06-17 00:00:00 UTC,354,1297,440170080,0.43069444444444444
2018-06-17 00:00:00 UTC,354,1298,440170080,1.74875
2018-06-17 00:00:00 UTC,354,154,247100520,13.851944444444444
2018-06-17 00:00:00 UTC,354,1296,440323450,4.4893055555555561
2018-06-17 00:00:00 UTC,354,1297,440323450,0.32513888888888887
2018-06-17 00:00:00 UTC,354,1298,440137850,4.1143055555555552
2018-06-17 00:00:00 UTC,354,1299,440137850,4.2929166666666667
2018-06-17 00:00:00 UTC,354,1297,440137850,0.34458333333333335
2018-06-17 00:00:00 UTC,354,1299,440110480,19.46736111111111
2018-06-17 00:00:00 UTC,354,1299,440134060,4.5318055555555556
2018-06-17 00:00:00 UTC,354,1295,440150960,2.3747222222222222
2018-06-17 00:00:00 UTC,354,1304,440209330,14.327083333333333
2018-06-17 00:00:00 UTC,354,1301,440148940,2.6725000000000003
2018-06-17 00:00:00 UTC,354,1196,412332774,0.6413888888888889
2018-06-17 00:00:00 UTC,354,1197,412332774,0.27513888888888893
2018-06-17 00:00:00 UTC,354,1299,440146920,3.6091666666666669
2018-06-17 00:00:00 UTC,354,1297,440146920,3.7611111111111111
2018-06-17 00:00:00 UTC,354,-66,242063100,5.2945833333333328
2018-06-17 00:00:00 UTC,610,18,259209000,0.26111111111111113
2018-06-17 00:00:00 UTC,610,19,259209000,1.0972222222222223
2018-06-17 00:00:00 UTC,610,198,230665000,0.33319444444444446
2018-06-17 00:00:00 UTC,610,197,230665000,1.617777777777778
2018-06-17 00:00:00 UTC,610,196,230665000,4.7879166666666659
2018-06-17 00:00:00 UTC,610,1793,273898800,0.40652777777777782
2018-06-17 00:00:00 UTC,610,21,258654000,4.827916666666666
2018-06-17 00:00:00 UTC,610,-53,231134000,0.52874999999999994
2018-06-17 00:00:00 UTC,610,-54,231134000,1.0345833333333334
2018-06-17 00:00:00 UTC,610,-11,235001420,0.61236111111111113
2018-06-17 00:00:00 UTC,610,2,235001420,1.0388888888888888
2018-06-17 00:00:00 UTC,610,1,235001420,3.465
2018-06-17 00:00:00 UTC,610,3,235001420,2.4830555555555556
2018-06-17 00:00:00 UTC,610,-10,235001420,0.68638888888888894
2018-06-17 00:00:00 UTC,610,0,227303000,0.525
2018-06-17 00:00:00 UTC,610,1,227303000,4.4651388888888892
2018-06-17 00:00:00 UTC,610,-5,227303000,0.9934722222222222
2018-06-17 00:00:00 UTC,610,-4,227303000,2.4288888888888893
2018-06-17 00:00:00 UTC,610,-3,227303000,1.8402777777777777
2018-06-17 00:00:00 UTC,610,21,259623000,0.27236111111111111
2018-06-17 00:00:00 UTC,610,22,259623000,1.6709722222222223
2018-06-17 00:00:00 UTC,610,23,259623000,2.8974999999999995
2018-06-17 00:00:00 UTC,610,20,259623000,0.26930555555555558
2018-06-17 00:00:00 UTC,610,1793,273849700,0.43513888888888891
2018-06-17 00:00:00 UTC,610,1794,273849700,0.9652777777777779
2018-06-17 00:00:00 UTC,610,-1797,273387130,0.83375
2018-06-17 00:00:00 UTC,610,-1796,273387130,1.1351388888888889
2018-06-17 00:00:00 UTC,610,-1798,273387130,0.52263888888888876
2018-06-17 00:00:00 UTC,610,-8,232007300,0.28069444444444447
2018-06-17 00:00:00 UTC,610,-1796,273893000,1.2270833333333331
2018-06-17 00:00:00 UTC,610,-1797,273893000,0.99152777777777756
2018-06-17 00:00:00 UTC,610,-1798,273893000,0.94027777777777777
2018-06-17 00:00:00 UTC,610,-1788,440581000,1.5424999999999998
2018-06-17 00:00:00 UTC,610,-1787,440581000,1.3126388888888889
2018-06-17 00:00:00 UTC,610,20,257913000,2.3497222222222223
2018-06-17 00:00:00 UTC,610,21,259374000,5.195555555555555
2018-06-17 00:00:00 UTC,610,-1797,273350850,1.1623611111111114
2018-06-17 00:00:00 UTC,610,-1792,273350850,0.91680555555555543
2018-06-17 00:00:00 UTC,610,-1796,273350850,3.1080555555555551
2018-06-17 00:00:00 UTC,610,-1795,273350850,0.43902777777777779
2018-06-17 00:00:00 UTC,610,-1791,273350850,0.56861111111111107
2018-06-17 00:00:00 UTC,610,-1798,273350850,0.44972222222222225
2018-06-17 00:00:00 UTC,610,21,258637000,1.3762500000000002
2018-06-17 00:00:00 UTC,610,22,258637000,2.2265277777777781
2018-06-17 00:00:00 UTC,610,20,258637000,1.2566666666666666
2018-06-17 00:00:00 UTC,610,19,257997000,0.28125
2018-06-17 00:00:00 UTC,610,20,257997000,0.33166666666666667
2018-06-17 00:00:00 UTC,610,21,257997000,1.0506944444444444
2018-06-17 00:00:00 UTC,610,22,257997000,0.76694444444444443
2018-06-17 00:00:00 UTC,610,20,258412000,0.29125
2018-06-17 00:00:00 UTC,610,21,258412000,0.87347222222222221
2018-06-17 00:00:00 UTC,610,20,257541600,0.57208333333333328
2018-06-17 00:00:00 UTC,610,19,257541600,0.5593055555555555
2018-06-17 00:00:00 UTC,610,21,257541600,0.31763888888888892
2018-06-17 00:00:00 UTC,610,-18,235000820,0.80236111111111108
2018-06-17 00:00:00 UTC,610,-19,235000820,0.75402777777777785
2018-06-17 00:00:00 UTC,-414,-572,701042000,2.7620833333333326
2018-06-17 00:00:00 UTC,-414,-571,701042000,0.45111111111111107
2018-06-17 00:00:00 UTC,-158,1794,520085000,1.7466666666666666
2018-06-17 00:00:00 UTC,-158,1719,412328725,1.8656944444444443
2018-06-17 00:00:00 UTC,-158,1720,412328725,0.81805555555555554
2018-06-17 00:00:00 UTC,-158,1692,576660000,2.3504166666666664
2018-06-17 00:00:00 UTC,-158,1693,576660000,0.49055555555555558
2018-06-17 00:00:00 UTC,-158,1744,520116000,0.31541666666666668
2018-06-17 00:00:00 UTC,-158,1747,520116000,0.49805555555555558
2018-06-17 00:00:00 UTC,-158,1748,520116000,1.6170833333333334
2018-06-17 00:00:00 UTC,-158,1745,520116000,0.94861111111111107
2018-06-17 00:00:00 UTC,-158,418,440329000,1.7851388888888891
2018-06-17 00:00:00 UTC,-158,419,440329000,0.36624999999999996
2018-06-17 00:00:00 UTC,-158,1772,520114000,0.67069444444444448
2018-06-17 00:00:00 UTC,-158,-942,224626000,0.34944444444444445
2018-06-17 00:00:00 UTC,-158,-943,224626000,0.98083333333333356
2018-06-17 00:00:00 UTC,-158,1716,520177000,3.3427777777777776
2018-06-17 00:00:00 UTC,-158,-1533,228966000,3.5955555555555554
2018-06-17 00:00:00 UTC,-158,-1672,369060000,2.0112499999999995
2018-06-17 00:00:00 UTC,-158,-914,224196000,0.49597222222222226
2018-06-17 00:00:00 UTC,-158,-1791,520088000,0.42416666666666669
2018-06-17 00:00:00 UTC,-158,-1789,520088000,0.6677777777777778
2018-06-17 00:00:00 UTC,-158,-1790,520088000,3.2252777777777775
2018-06-17 00:00:00 UTC,-158,-1172,431100610,0.33430555555555552
2018-06-17 00:00:00 UTC,99,1748,440703000,0.81041666666666667
2018-06-17 00:00:00 UTC,99,1750,440703000,0.74041666666666672
2018-06-17 00:00:00 UTC,99,1751,440703000,1.15875
2018-06-17 00:00:00 UTC,99,1746,440703000,0.22
2018-06-17 00:00:00 UTC,99,1752,440703000,0.94111111111111112
2018-06-17 00:00:00 UTC,99,1747,440703000,0.52402777777777787
2018-06-17 00:00:00 UTC,99,1749,440703000,0.59888888888888892
2018-06-17 00:00:00 UTC,99,-1191,413691210,0.60513888888888889
2018-06-17 00:00:00 UTC,99,-1190,413691210,0.38833333333333331
2018-06-17 00:00:00 UTC,99,1745,441233000,0.3429166666666667
2018-06-17 00:00:00 UTC,99,1744,441233000,1.727777777777777
2018-06-17 00:00:00 UTC,99,1750,440944000,0.46013888888888893
2018-06-17 00:00:00 UTC,99,1749,440944000,3.0026388888888889
2018-06-17 00:00:00 UTC,99,1748,440944000,0.86222222222222222
2018-06-17 00:00:00 UTC,99,-148,224706000,3.6440277777777776
2018-06-17 00:00:00 UTC,99,-149,224706000,3.93875
2018-06-17 00:00:00 UTC,99,-1397,345080028,1.4949999999999994
2018-06-17 00:00:00 UTC,99,-1398,345080028,0.58486111111111128
2018-06-17 00:00:00 UTC,99,-149,632001007,1.2297222222222222
2018-06-17 00:00:00 UTC,99,653,416004856,1.1393055555555556
2018-06-17 00:00:00 UTC,99,652,416004856,2.2288888888888891
2018-06-17 00:00:00 UTC,99,1496,412460287,3.8152777777777782
2018-06-17 00:00:00 UTC,355,1301,440096000,8.6865277777777781
2018-06-17 00:00:00 UTC,355,1334,431010309,3.6462499999999993
2018-06-17 00:00:00 UTC,355,1295,440027410,20.690277777777776
2018-06-17 00:00:00 UTC,355,1301,440400160,4.3698611111111116
2018-06-17 00:00:00 UTC,355,1302,440400160,0.55013888888888884
2018-06-17 00:00:00 UTC,355,1301,440015140,5.1672222222222226
2018-06-17 00:00:00 UTC,355,1297,440125740,0.16305555555555556
2018-06-17 00:00:00 UTC,355,1298,440125740,3.014305555555556
2018-06-17 00:00:00 UTC,355,1196,412327214,11.449166666666667
2018-06-17 00:00:00 UTC,355,146,248286000,2.5709722222222218
2018-06-17 00:00:00 UTC,355,1303,440137010,3.42625
2018-06-17 00:00:00 UTC,355,1300,440029250,2.1094444444444447
2018-06-17 00:00:00 UTC,355,1317,440600387,2.5366666666666666
2018-06-17 00:00:00 UTC,355,1299,440053060,0.78652777777777771
2018-06-17 00:00:00 UTC,355,1300,440053060,0.76986111111111111
2018-06-17 00:00:00 UTC,355,1300,440410950,2.9308333333333332
2018-06-17 00:00:00 UTC,355,1295,440125510,11.112083333333336
2018-06-17 00:00:00 UTC,355,1303,440323660,1.9584722222222219
2018-06-17 00:00:00 UTC,355,1302,440323660,5.9227777777777781
2018-06-17 00:00:00 UTC,355,1302,440701020,13.424305555555556
2018-06-17 00:00:00 UTC,355,1300,440401520,0.94152777777777785
2018-06-17 00:00:00 UTC,355,1299,440021120,9.9013888888888886
2018-06-17 00:00:00 UTC,355,1300,440110480,4.6106944444444453
2018-06-17 00:00:00 UTC,355,1303,440103570,5.6281944444444454
2018-06-17 00:00:00 UTC,355,1301,440103570,4.2865277777777777
2018-06-17 00:00:00 UTC,355,1302,440103570,5.5706944444444444
2018-06-17 00:00:00 UTC,355,1398,431010966,8.9181944444444454
2018-06-17 00:00:00 UTC,355,1294,440102560,3.3768055555555549
2018-06-17 00:00:00 UTC,355,1299,440132260,2.6043055555555554
2018-06-17 00:00:00 UTC,355,1295,440150960,1.1129166666666666
2018-06-17 00:00:00 UTC,355,1336,431007921,7.1151388888888878
2018-06-17 00:00:00 UTC,355,1337,431007921,1.2840277777777778
2018-06-17 00:00:00 UTC,355,1335,431007925,4.6695833333333336
2018-06-17 00:00:00 UTC,355,1334,431007943,4.9134722222222225
2018-06-17 00:00:00 UTC,355,1300,440148940,4.1583333333333323
2018-06-17 00:00:00 UTC,355,134,256000219,3.4591666666666669
2018-06-17 00:00:00 UTC,355,1298,440140510,3.3679166666666669
2018-06-17 00:00:00 UTC,355,148,249000171,0.88944444444444448
2018-06-17 00:00:00 UTC,355,149,249000171,3.0383333333333336
2018-06-17 00:00:00 UTC,355,-66,242063100,2.6970833333333335
2018-06-17 00:00:00 UTC,611,19,258944000,1.7902777777777776
2018-06-17 00:00:00 UTC,611,18,258944000,0.29875
2018-06-17 00:00:00 UTC,611,-3,228079900,2.9754166666666668
2018-06-17 00:00:00 UTC,611,-5,228079900,6.427777777777778
2018-06-17 00:00:00 UTC,611,-1,228079900,4.7248611111111112
2018-06-17 00:00:00 UTC,611,-2,228079900,5.275
2018-06-17 00:00:00 UTC,611,1,228079900,5.0997222222222218
2018-06-17 00:00:00 UTC,611,23,259209000,0.29958333333333331
2018-06-17 00:00:00 UTC,611,19,259209000,0.27486111111111111
2018-06-17 00:00:00 UTC,611,21,259209000,1.9541666666666664
2018-06-17 00:00:00 UTC,611,22,259209000,0.31236111111111109
2018-06-17 00:00:00 UTC,611,18,259209000,0.27069444444444446
2018-06-17 00:00:00 UTC,611,19,258654000,2.4593055555555559
2018-06-17 00:00:00 UTC,611,18,258654000,4.4870833333333335
2018-06-17 00:00:00 UTC,611,-52,231134000,1.6197222222222223
2018-06-17 00:00:00 UTC,611,-4,235001420,4.7411111111111115
2018-06-17 00:00:00 UTC,611,-8,235001420,2.4906944444444443
2018-06-17 00:00:00 UTC,611,-10,235001420,0.79180555555555565
2018-06-17 00:00:00 UTC,611,-9,235001420,7.9351388888888881
2018-06-17 00:00:00 UTC,611,4,227303000,3.9244444444444446
2018-06-17 00:00:00 UTC,611,3,227303000,6.3308333333333344
2018-06-17 00:00:00 UTC,611,-4,227303000,2.247638888888889
2018-06-17 00:00:00 UTC,611,18,259623000,0.53277777777777779
2018-06-17 00:00:00 UTC,611,19,259623000,2.4356944444444446
2018-06-17 00:00:00 UTC,611,-18,226246000,1.4222222222222223
2018-06-17 00:00:00 UTC,611,-16,226246000,3.3113888888888892
2018-06-17 00:00:00 UTC,611,-281,231014000,0.85583333333333333
2018-06-17 00:00:00 UTC,611,-282,231014000,0.3815277777777778
2018-06-17 00:00:00 UTC,611,-6,232007030,0.28416666666666668
2018-06-17 00:00:00 UTC,611,1,232007030,6.443194444444444
2018-06-17 00:00:00 UTC,611,-5,232007030,2.5476388888888888
2018-06-17 00:00:00 UTC,611,-4,232007030,8.0830555555555552
2018-06-17 00:00:00 UTC,611,-1796,273387130,0.22513888888888886
2018-06-17 00:00:00 UTC,611,-1795,273387130,1.4227777777777777
2018-06-17 00:00:00 UTC,611,-1793,273893000,0.81652777777777785
2018-06-17 00:00:00 UTC,611,-1792,273893000,0.65444444444444438
2018-06-17 00:00:00 UTC,611,-1794,273893000,0.67680555555555566
2018-06-17 00:00:00 UTC,611,-1795,273893000,0.85833333333333317
2018-06-17 00:00:00 UTC,611,-1787,440581000,1.2216666666666667
2018-06-17 00:00:00 UTC,611,-1789,440581000,0.66611111111111121
2018-06-17 00:00:00 UTC,611,-1788,440581000,0.76375
2018-06-17 00:00:00 UTC,611,1791,273341320,2.4730555555555549
2018-06-17 00:00:00 UTC,611,1792,273341320,1.171388888888889
2018-06-17 00:00:00 UTC,611,1790,273341320,3.0340277777777782
2018-06-17 00:00:00 UTC,611,1789,273341320,0.18472222222222223
2018-06-17 00:00:00 UTC,611,19,257913000,0.17930555555555555
2018-06-17 00:00:00 UTC,611,20,257913000,1.871388888888889
2018-06-17 00:00:00 UTC,611,18,257913000,3.9670833333333331
2018-06-17 00:00:00 UTC,611,19,259374000,0.2772222222222222
2018-06-17 00:00:00 UTC,611,18,259374000,0.29236111111111113
2018-06-17 00:00:00 UTC,611,-17,228190900,2.1845833333333333
2018-06-17 00:00:00 UTC,611,-16,228190900,2.5898611111111109
2018-06-17 00:00:00 UTC,611,-1796,273350850,2.3905555555555567
2018-06-17 00:00:00 UTC,611,-1797,273350850,6.2720833333333363
2018-06-17 00:00:00 UTC,611,-1798,273350850,3.7845833333333334
2018-06-17 00:00:00 UTC,611,-1799,273350850,1.0261111111111112
2018-06-17 00:00:00 UTC,611,18,258637000,3.2443055555555556
2018-06-17 00:00:00 UTC,611,20,258637000,1.6397222222222223
2018-06-17 00:00:00 UTC,611,19,258637000,1.941527777777778
2018-06-17 00:00:00 UTC,611,19,257997000,0.37944444444444447
2018-06-17 00:00:00 UTC,611,20,257997000,0.275
2018-06-17 00:00:00 UTC,611,20,258412000,2.0934722222222222
2018-06-17 00:00:00 UTC,611,21,258412000,0.2681944444444444
2018-06-17 00:00:00 UTC,611,18,259660000,0.81444444444444453
2018-06-17 00:00:00 UTC,611,18,257541600,0.3158333333333333
2018-06-17 00:00:00 UTC,611,19,257541600,1.565277777777778
2018-06-17 00:00:00 UTC,611,20,257541600,1.6941666666666666
2018-06-17 00:00:00 UTC,611,-1,232007140,1.4809722222222224
2018-06-17 00:00:00 UTC,611,-2,232007140,1.3231944444444443
2018-06-17 00:00:00 UTC,611,-17,235000820,6.1374999999999993
2018-06-17 00:00:00 UTC,611,-18,235000820,5.4572222222222226
2018-06-17 00:00:00 UTC,-413,-573,701042000,1.9091666666666665
2018-06-17 00:00:00 UTC,-413,-574,701042000,0.13083333333333333
2018-06-17 00:00:00 UTC,-413,-572,701042000,0.61083333333333334
2018-06-17 00:00:00 UTC,-413,-574,701000834,0.2615277777777778
2018-06-17 00:00:00 UTC,-413,-575,701000834,0.46930555555555553
2018-06-17 00:00:00 UTC,-413,-575,701006061,0.46819444444444447
2018-06-17 00:00:00 UTC,-413,-574,701006061,0.31138888888888894
2018-06-17 00:00:00 UTC,-157,1794,520085000,1.2783333333333333
2018-06-17 00:00:00 UTC,-157,1795,520085000,0.72083333333333333
2018-06-17 00:00:00 UTC,-157,1719,412328725,3.135
2018-06-17 00:00:00 UTC,-157,1720,412328725,0.5361111111111112
2018-06-17 00:00:00 UTC,-157,-1799,520031000,0.76
2018-06-17 00:00:00 UTC,-157,-1798,520031000,2.2056944444444442
2018-06-17 00:00:00 UTC,-157,1692,576660000,3.2434722222222221
2018-06-17 00:00:00 UTC,-157,1744,520116000,1.546388888888889
2018-06-17 00:00:00 UTC,-157,1747,520116000,4.2547222222222221
2018-06-17 00:00:00 UTC,-157,-895,735059247,8.3729166666666668
2018-06-17 00:00:00 UTC,-157,1772,520114000,4.1190277777777773
2018-06-17 00:00:00 UTC,-157,1773,520114000,1.4320833333333332
2018-06-17 00:00:00 UTC,-157,-943,224626000,0.31847222222222221
2018-06-17 00:00:00 UTC,-157,-1672,369060000,3.22375
2018-06-17 00:00:00 UTC,-157,-1667,369060000,3.4447222222222225
2018-06-17 00:00:00 UTC,-157,-913,224196000,0.3980555555555555
2018-06-17 00:00:00 UTC,-157,-914,224196000,0.72097222222222235
2018-06-17 00:00:00 UTC,-157,-1791,520088000,1.5359722222222223
2018-06-17 00:00:00 UTC,-157,-1793,520088000,1.6620833333333331
2018-06-17 00:00:00 UTC,-157,-1792,520088000,2.6588888888888889
2018-06-17 00:00:00 UTC,-157,-1794,520088000,3.2961111111111108
2018-06-17 00:00:00 UTC,-157,-1172,431100610,0.95291666666666708
2018-06-17 00:00:00 UTC,100,-154,412209153,4.1923611111111114
2018-06-17 00:00:00 UTC,100,1746,440703000,0.12208333333333334
2018-06-17 00:00:00 UTC,100,1369,432948000,0.10250000000000001
2018-06-17 00:00:00 UTC,100,1318,201601321,5.8394444444444442
2018-06-17 00:00:00 UTC,100,-1191,413691210,0.61652777777777779
2018-06-17 00:00:00 UTC,100,1744,441233000,1.923194444444444
2018-06-17 00:00:00 UTC,100,1750,440944000,0.43333333333333335
2018-06-17 00:00:00 UTC,100,1749,440944000,1.53125
2018-06-17 00:00:00 UTC,100,-155,412440263,2.7663888888888888
2018-06-17 00:00:00 UTC,100,-148,224706000,4.7111111111111112
2018-06-17 00:00:00 UTC,100,-1397,345080028,1.6618055555555558
2018-06-17 00:00:00 UTC,100,1313,416000737,4.8354166666666671
2018-06-17 00:00:00 UTC,100,1312,416000737,1.2834722222222221
2018-06-17 00:00:00 UTC,100,1311,416000737,0.4925
2018-06-17 00:00:00 UTC,100,1314,416000737,5.03625
2018-06-17 00:00:00 UTC,100,-149,632001007,1.1275
2018-06-17 00:00:00 UTC,100,-150,632001007,0.46791666666666659
2018-06-17 00:00:00 UTC,100,652,416004856,2.2261111111111109
2018-06-17 00:00:00 UTC,100,-152,412209147,3.1845833333333333
2018-06-17 00:00:00 UTC,100,-153,412209147,3.7694444444444444
2018-06-17 00:00:00 UTC,356,1301,440125970,3.1293055555555558
2018-06-17 00:00:00 UTC,356,1300,440125970,0.39125
2018-06-17 00:00:00 UTC,356,1302,440125970,0.80680555555555555
2018-06-17 00:00:00 UTC,356,146,248286000,1.8513888888888885
2018-06-17 00:00:00 UTC,356,1410,431007546,0.5197222222222222
2018-06-17 00:00:00 UTC,356,1411,431007546,1.1419444444444444
2018-06-17 00:00:00 UTC,356,1317,440600387,11.847361111111113
2018-06-17 00:00:00 UTC,356,1318,440600387,0.45847222222222223
2018-06-17 00:00:00 UTC,356,144,247300940,0.29736111111111108
2018-06-17 00:00:00 UTC,356,145,247300940,0.69430555555555551
2018-06-17 00:00:00 UTC,356,1410,431004279,2.6448611111111111
2018-06-17 00:00:00 UTC,356,1409,431004279,1.6811111111111112
2018-06-17 00:00:00 UTC,356,1306,440408960,4.1268055555555563
2018-06-17 00:00:00 UTC,356,1299,440021120,9.7384722222222226
2018-06-17 00:00:00 UTC,356,1295,440055940,5.198888888888888
2018-06-17 00:00:00 UTC,356,1296,440055940,0.52861111111111114
2018-06-17 00:00:00 UTC,356,1410,431010186,0.27527777777777773
2018-06-17 00:00:00 UTC,356,1410,431009934,3.2969444444444438
2018-06-17 00:00:00 UTC,356,1302,440103570,0.50708333333333333
2018-06-17 00:00:00 UTC,356,1410,431009938,3.5147222222222223
2018-06-17 00:00:00 UTC,356,1410,431009939,1.9023611111111112
2018-06-17 00:00:00 UTC,356,1410,431009174,0.8525
2018-06-17 00:00:00 UTC,356,1409,431005347,1.4088888888888889
2018-06-17 00:00:00 UTC,356,1410,431005347,0.99888888888888883
2018-06-17 00:00:00 UTC,356,1409,431007907,2.2399999999999998
2018-06-17 00:00:00 UTC,356,1295,440409510,1.8408333333333333
2018-06-17 00:00:00 UTC,356,143,249000889,1.8583333333333332
2018-06-17 00:00:00 UTC,356,144,249000889,5.759722222222222
2018-06-17 00:00:00 UTC,356,1410,431009214,0.29583333333333334
2018-06-17 00:00:00 UTC,356,1412,431009214,5.6073611111111106
2018-06-17 00:00:00 UTC,356,1297,440414160,1.5881944444444445
2018-06-17 00:00:00 UTC,356,1298,440414160,0.86847222222222231
2018-06-17 00:00:00 UTC,356,-66,242063100,1.4568055555555555
2018-06-17 00:00:00 UTC,612,1789,273898800,0.26152777777777775
2018-06-17 00:00:00 UTC,612,1790,273898800,1.3655555555555554
2018-06-17 00:00:00 UTC,612,19,258654000,1.51
2018-06-17 00:00:00 UTC,612,18,258654000,0.3275
2018-06-17 00:00:00 UTC,612,-15,226246000,6.5590277777777777
2018-06-17 00:00:00 UTC,612,-282,231014000,0.34402777777777782
2018-06-17 00:00:00 UTC,612,-283,231014000,0.58986111111111117
2018-06-17 00:00:00 UTC,612,-4,232007030,4.5791666666666666
2018-06-17 00:00:00 UTC,612,-1794,273387130,1.2723611111111108
2018-06-17 00:00:00 UTC,612,-1793,273387130,0.16999999999999998
2018-06-17 00:00:00 UTC,612,-1795,273387130,0.17902777777777779
2018-06-17 00:00:00 UTC,612,-1790,273893000,0.21097222222222223
2018-06-17 00:00:00 UTC,612,-1788,440581000,0.48861111111111116
2018-06-17 00:00:00 UTC,612,-1791,440581000,0.61138888888888887
2018-06-17 00:00:00 UTC,612,-1790,440581000,1.4477777777777772
2018-06-17 00:00:00 UTC,612,-1789,440581000,1.2863888888888884
2018-06-17 00:00:00 UTC,612,1790,273341320,1.5675
2018-06-17 00:00:00 UTC,612,1789,273341320,1.1827777777777777
2018-06-17 00:00:00 UTC,612,19,257913000,2.184444444444444
2018-06-17 00:00:00 UTC,612,-1783,273849000,1.3322222222222224
2018-06-17 00:00:00 UTC,612,-1780,273849000,0.8191666666666666
2018-06-17 00:00:00 UTC,612,-1781,273849000,15.359444444444462
2018-06-17 00:00:00 UTC,612,-1782,273849000,6.5449999999999982
2018-06-17 00:00:00 UTC,612,-15,228190900,4.326944444444444
2018-06-17 00:00:00 UTC,612,-14,228190900,5.383055555555555
2018-06-17 00:00:00 UTC,612,-13,228190900,1.7431944444444445
2018-06-17 00:00:00 UTC,612,19,258637000,0.32680555555555557
2018-06-17 00:00:00 UTC,612,18,258637000,3.5943055555555556
2018-06-17 00:00:00 UTC,612,20,258637000,0.33597222222222223
2018-06-17 00:00:00 UTC,612,1753,273319630,1.1809722222222219
2018-06-17 00:00:00 UTC,612,1754,273319630,0.35055555555555556
2018-06-17 00:00:00 UTC,612,1751,273319630,0.54722222222222228
2018-06-17 00:00:00 UTC,612,1752,273319630,0.59805555555555556
2018-06-17 00:00:00 UTC,612,22,259660000,0.32916666666666666
2018-06-17 00:00:00 UTC,612,19,259660000,0.87597222222222215
2018-06-17 00:00:00 UTC,612,20,259660000,0.32458333333333333
2018-06-17 00:00:00 UTC,612,21,259660000,0.40416666666666667
2018-06-17 00:00:00 UTC,612,18,259660000,0.93666666666666665
2018-06-17 00:00:00 UTC,612,-15,235000820,2.2484722222222224
2018-06-17 00:00:00 UTC,612,-16,235000820,4.9572222222222218
2018-06-17 00:00:00 UTC,-412,1732,512425000,0.50916666666666666
2018-06-17 00:00:00 UTC,-412,-574,701042000,2.2800000000000002
2018-06-17 00:00:00 UTC,-412,-572,701042000,1.9125000000000003
2018-06-17 00:00:00 UTC,-412,-573,701042000,4.2631944444444443
2018-06-17 00:00:00 UTC,-412,-503,416043600,0.39805555555555561
2018-06-17 00:00:00 UTC,-412,-573,701000531,2.4605555555555556
2018-06-17 00:00:00 UTC,-412,-572,701000531,0.60263888888888884
2018-06-17 00:00:00 UTC,-412,-574,701000531,2.9097222222222232
2018-06-17 00:00:00 UTC,-412,-575,701000531,0.52347222222222223
2018-06-17 00:00:00 UTC,-412,-573,701000818,0.32527777777777783
2018-06-17 00:00:00 UTC,-412,-574,701000818,1.8072222222222218
2018-06-17 00:00:00 UTC,-412,-572,701000834,0.40652777777777777
2018-06-17 00:00:00 UTC,-412,-573,701000834,3.02
2018-06-17 00:00:00 UTC,-412,-574,701000834,7.6018055555555577
2018-06-17 00:00:00 UTC,-412,1708,512003817,0.21569444444444441
2018-06-17 00:00:00 UTC,-412,-574,701006061,8.544722222222223
2018-06-17 00:00:00 UTC,-412,-573,701006061,1.3390277777777777
2018-06-17 00:00:00 UTC,-412,-575,701006061,0.14097222222222222
2018-06-17 00:00:00 UTC,-156,1795,520085000,1.3315277777777776
2018-06-17 00:00:00 UTC,-156,1796,520085000,1.7877777777777779
2018-06-17 00:00:00 UTC,-156,1799,520031000,1.6447222222222222
2018-06-17 00:00:00 UTC,-156,-1799,520031000,2.8719444444444449
2018-06-17 00:00:00 UTC,-156,1798,520031000,2.3423611111111109
2018-06-17 00:00:00 UTC,-156,-1800,520031000,3.276527777777777
2018-06-17 00:00:00 UTC,-156,1691,576660000,0.94208333333333327
2018-06-17 00:00:00 UTC,-156,1692,576660000,2.03
2018-06-17 00:00:00 UTC,-156,1746,520116000,2.9837499999999997
2018-06-17 00:00:00 UTC,-156,1772,520114000,1.45
2018-06-17 00:00:00 UTC,-156,1773,520114000,1.2859722222222221
2018-06-17 00:00:00 UTC,-156,-943,224626000,1.2954166666666664
2018-06-17 00:00:00 UTC,-156,-1672,369060000,1.0304166666666665
2018-06-17 00:00:00 UTC,-156,-1667,369060000,1.7983333333333333
2018-06-17 00:00:00 UTC,-156,-1223,412420792,0.72847222222222219
2018-06-17 00:00:00 UTC,-156,-1795,520088000,7.0344444444444454
2018-06-17 00:00:00 UTC,-156,-1794,520088000,1.7277777777777779
2018-06-17 00:00:00 UTC,-156,-1172,431100610,1.26375
2018-06-17 00:00:00 UTC,101,-154,412209153,1.0470833333333334
2018-06-17 00:00:00 UTC,101,-153,412209153,2.2031944444444442
2018-06-17 00:00:00 UTC,101,-155,412209153,2.02625
2018-06-17 00:00:00 UTC,101,-152,412209153,3.8597222222222221
2018-06-17 00:00:00 UTC,101,-153,412209155,4.7643055555555556
2018-06-17 00:00:00 UTC,101,-152,412209155,1.8870833333333334
2018-06-17 00:00:00 UTC,101,1746,440703000,0.60069444444444453
2018-06-17 00:00:00 UTC,101,1320,201601321,5.3793055555555558
2018-06-17 00:00:00 UTC,101,1318,201601321,1.3341666666666665
2018-06-17 00:00:00 UTC,101,-1192,413691210,1.6452777777777778
2018-06-17 00:00:00 UTC,101,-1191,413691210,1.1143055555555554
2018-06-17 00:00:00 UTC,101,1744,441233000,1.852777777777777
2018-06-17 00:00:00 UTC,101,1749,440944000,2.6543055555555553
2018-06-17 00:00:00 UTC,101,646,416252800,12.499305555555555
2018-06-17 00:00:00 UTC,101,1551,510053000,0.92736111111111108
2018-06-17 00:00:00 UTC,101,1552,510053000,1.1793055555555556
2018-06-17 00:00:00 UTC,101,1334,431301296,6.2363888888888894
2018-06-17 00:00:00 UTC,101,-154,412440263,2.0301388888888887
2018-06-17 00:00:00 UTC,101,-152,412440263,2.8080555555555557
2018-06-17 00:00:00 UTC,101,-1352,345080033,0.78680555555555542
2018-06-17 00:00:00 UTC,101,-1353,345080033,7.0620833333333337
2018-06-17 00:00:00 UTC,101,-1354,345080033,3.3215277777777779
2018-06-17 00:00:00 UTC,101,-149,632001007,0.49152777777777779
2018-06-17 00:00:00 UTC,101,-150,632001007,2.08875
2018-06-17 00:00:00 UTC,101,652,416004856,2.36625
2018-06-17 00:00:00 UTC,357,1299,440043790,1.9488888888888889
2018-06-17 00:00:00 UTC,357,1300,440043790,9.32611111111111
2018-06-17 00:00:00 UTC,357,316,237439000,0.96722222222222221
2018-06-17 00:00:00 UTC,357,1318,440106520,1.1116666666666666
2018-06-17 00:00:00 UTC,357,1316,440106520,7.1144444444444446
2018-06-17 00:00:00 UTC,357,1317,440106520,5.0269444444444442
2018-06-17 00:00:00 UTC,357,1357,431010858,3.7072222222222226
2018-06-17 00:00:00 UTC,357,145,248286000,1.0429166666666665
2018-06-17 00:00:00 UTC,357,1411,431007546,0.9456944444444445
2018-06-17 00:00:00 UTC,357,145,256000325,1.4288888888888889
2018-06-17 00:00:00 UTC,357,146,256000325,0.5691666666666666
2018-06-17 00:00:00 UTC,357,146,247300940,1.6679166666666667
2018-06-17 00:00:00 UTC,357,275,247185500,2.8168055555555558
2018-06-17 00:00:00 UTC,357,1358,431011425,0.79541666666666666
2018-06-17 00:00:00 UTC,357,1301,273845610,11.555416666666666
2018-06-17 00:00:00 UTC,357,275,247142770,1.9263888888888889
2018-06-17 00:00:00 UTC,357,1410,431009138,2.10375
2018-06-17 00:00:00 UTC,357,1410,431004279,1.2738888888888888
2018-06-17 00:00:00 UTC,357,1411,431009144,1.4384722222222224
2018-06-17 00:00:00 UTC,357,1306,440408960,8.4386111111111113
2018-06-17 00:00:00 UTC,357,1305,440408960,0.60430555555555554
2018-06-17 00:00:00 UTC,357,1356,431004032,6.8451388888888882
2018-06-17 00:00:00 UTC,357,1296,440055940,2.8075
2018-06-17 00:00:00 UTC,357,1295,440055940,1.0654166666666665
2018-06-17 00:00:00 UTC,357,1356,431008138,10.22111111111111
2018-06-17 00:00:00 UTC,357,1408,431010186,1.65625
2018-06-17 00:00:00 UTC,357,1410,431010186,2.1211111111111109
2018-06-17 00:00:00 UTC,357,1410,431009934,0.54138888888888892
2018-06-17 00:00:00 UTC,357,1409,431009934,0.26708333333333334
2018-06-17 00:00:00 UTC,357,1410,431006609,3.6925
2018-06-17 00:00:00 UTC,357,1409,431006609,0.34125
2018-06-17 00:00:00 UTC,357,1297,440103570,0.8306944444444444
2018-06-17 00:00:00 UTC,357,1298,440103570,0.17083333333333334
2018-06-17 00:00:00 UTC,357,1410,431009938,1.0605555555555555
2018-06-17 00:00:00 UTC,357,1410,431009939,1.1625
2018-06-17 00:00:00 UTC,357,1410,431009174,1.4448611111111114
2018-06-17 00:00:00 UTC,357,1410,431009954,2.4281944444444448
2018-06-17 00:00:00 UTC,357,1410,431005347,1.7345833333333331
2018-06-17 00:00:00 UTC,357,1410,431007907,1.5941666666666667
2018-06-17 00:00:00 UTC,357,1296,440409510,1.7245833333333334
2018-06-17 00:00:00 UTC,357,1297,440409510,1.2686111111111111
2018-06-17 00:00:00 UTC,357,1295,440409510,5.6970833333333326
2018-06-17 00:00:00 UTC,357,275,247158700,0.66916666666666669
2018-06-17 00:00:00 UTC,357,1411,431009213,1.4161111111111111
2018-06-17 00:00:00 UTC,357,1412,431009213,1.5790277777777777
2018-06-17 00:00:00 UTC,357,1410,431009213,3.30125
2018-06-17 00:00:00 UTC,357,1412,431009214,3.0701388888888888
2018-06-17 00:00:00 UTC,357,1410,431009214,7.067499999999999
2018-06-17 00:00:00 UTC,357,1411,431009214,5.7555555555555555
2018-06-17 00:00:00 UTC,357,1333,431010755,11.859861111111115
2018-06-17 00:00:00 UTC,357,1332,431010755,5.8205555555555559
2018-06-17 00:00:00 UTC,357,1201,800038088,0.25458333333333333
2018-06-17 00:00:00 UTC,357,147,672525000,1.61125
2018-06-17 00:00:00 UTC,357,146,672525000,1.0831944444444446
2018-06-17 00:00:00 UTC,357,1297,440414160,2.7261111111111114
2018-06-17 00:00:00 UTC,357,1410,431009237,1.8665277777777778
2018-06-17 00:00:00 UTC,613,1788,273898800,0.71763888888888894
2018-06-17 00:00:00 UTC,613,1789,273898800,0.82347222222222216
2018-06-17 00:00:00 UTC,613,-13,226246000,5.3388888888888886
2018-06-17 00:00:00 UTC,613,-1793,273387130,0.52125
2018-06-17 00:00:00 UTC,613,-1795,273848700,0.54833333333333345
2018-06-17 00:00:00 UTC,613,47,257294720,0.86388888888888893
2018-06-17 00:00:00 UTC,613,50,257294720,1.4168055555555554
2018-06-17 00:00:00 UTC,613,-1789,273893000,0.4894444444444444
2018-06-17 00:00:00 UTC,613,-1788,273893000,0.17930555555555555
2018-06-17 00:00:00 UTC,613,1757,273847700,0.84916666666666674
2018-06-17 00:00:00 UTC,613,1752,273319630,4.5609722222222242
2018-06-17 00:00:00 UTC,613,1750,273319630,0.16805555555555557
2018-06-17 00:00:00 UTC,613,1755,273319630,1.7455555555555549
2018-06-17 00:00:00 UTC,613,1754,273319630,6.0973611111111117
2018-06-17 00:00:00 UTC,613,1753,273319630,7.1476388888888875
2018-06-17 00:00:00 UTC,613,18,259660000,1.3788888888888888
2018-06-17 00:00:00 UTC,613,21,259660000,0.9837499999999999
2018-06-17 00:00:00 UTC,613,20,259660000,1.0619444444444444
2018-06-17 00:00:00 UTC,613,-15,235000820,2.7
2018-06-17 00:00:00 UTC,-411,-573,701042000,0.72611111111111126
2018-06-17 00:00:00 UTC,-411,-572,701042000,4.1925000000000017
2018-06-17 00:00:00 UTC,-411,-571,701042000,2.8230555555555554
2018-06-17 00:00:00 UTC,-411,-503,416043600,5.1315277777777784
2018-06-17 00:00:00 UTC,-411,-575,701000531,0.47347222222222218
2018-06-17 00:00:00 UTC,-411,-572,701000531,0.28388888888888886
2018-06-17 00:00:00 UTC,-411,-573,701000531,5.0351388888888895
2018-06-17 00:00:00 UTC,-411,-573,701000818,3.4340277777777781
2018-06-17 00:00:00 UTC,-411,-572,701000818,0.96611111111111114
2018-06-17 00:00:00 UTC,-411,-573,701000834,6.1719444444444465
2018-06-17 00:00:00 UTC,-411,-574,701000834,1.4031944444444442
2018-06-17 00:00:00 UTC,-411,-572,701000834,3.5758333333333328
2018-06-17 00:00:00 UTC,-411,1708,512003817,0.17180555555555554
2018-06-17 00:00:00 UTC,-411,-571,701006061,0.72777777777777775
2018-06-17 00:00:00 UTC,-411,-573,701006061,5.7302777777777774
2018-06-17 00:00:00 UTC,-411,-572,701006061,3.8616666666666668
2018-06-17 00:00:00 UTC,-155,1797,520085000,2.2179166666666665
2018-06-17 00:00:00 UTC,-155,1798,520085000,4.5836111111111109
2018-06-17 00:00:00 UTC,-155,1719,412328725,3.4594444444444443
2018-06-17 00:00:00 UTC,-155,-1582,416002581,0.11291666666666667
2018-06-17 00:00:00 UTC,-155,1797,520031000,2.9369444444444444
2018-06-17 00:00:00 UTC,-155,1691,576660000,2.1726388888888888
2018-06-17 00:00:00 UTC,-155,1690,576660000,0.23527777777777775
2018-06-17 00:00:00 UTC,-155,-803,412439587,0.55055555555555558
2018-06-17 00:00:00 UTC,-155,1773,520114000,1.7205555555555556
2018-06-17 00:00:00 UTC,-155,1772,520114000,0.89680555555555552
2018-06-17 00:00:00 UTC,-155,-943,224626000,1.3191666666666666
2018-06-17 00:00:00 UTC,-155,-1671,369060000,1.9930555555555551
2018-06-17 00:00:00 UTC,-155,-1669,369060000,0.34194444444444444
2018-06-17 00:00:00 UTC,-155,-1668,369060000,2.6119444444444446
2018-06-17 00:00:00 UTC,-155,-914,224196000,0.48486111111111108
2018-06-17 00:00:00 UTC,-155,-1172,431100610,1.646805555555555
2018-06-17 00:00:00 UTC,102,-151,412209153,6.1070833333333328
2018-06-17 00:00:00 UTC,102,-150,412209155,6.3690277777777773
2018-06-17 00:00:00 UTC,102,-151,412209155,4.802777777777778
2018-06-17 00:00:00 UTC,102,1746,440703000,0.63847222222222222
2018-06-17 00:00:00 UTC,102,1318,201601321,0.5925
2018-06-17 00:00:00 UTC,102,-1192,413691210,1.9733333333333332
2018-06-17 00:00:00 UTC,102,1744,441233000,1.4975
2018-06-17 00:00:00 UTC,102,1749,440944000,4.1480555555555547
2018-06-17 00:00:00 UTC,102,643,416252800,8.01013888888889
2018-06-17 00:00:00 UTC,102,644,416252800,4.8891666666666671
2018-06-17 00:00:00 UTC,102,1551,510053000,0.41055555555555556
2018-06-17 00:00:00 UTC,102,1552,510053000,1.9786111111111113
2018-06-17 00:00:00 UTC,102,1550,510053000,1.588888888888889
2018-06-17 00:00:00 UTC,102,1484,510052000,0.11708333333333333
2018-06-17 00:00:00 UTC,102,-149,412440262,0.34222222222222221
2018-06-17 00:00:00 UTC,102,-150,412440262,14.665277777777778
2018-06-17 00:00:00 UTC,102,-151,412440263,12.8425
2018-06-17 00:00:00 UTC,102,-151,412440266,5.0052777777777777
2018-06-17 00:00:00 UTC,102,-150,412440266,3.7006944444444443
2018-06-17 00:00:00 UTC,102,-1004,412440267,6.8076388888888895
2018-06-17 00:00:00 UTC,102,-1005,412440267,10.8425
2018-06-17 00:00:00 UTC,102,-1004,412440269,8.2088888888888878
2018-06-17 00:00:00 UTC,102,-1005,412440269,8.8075000000000028
2018-06-17 00:00:00 UTC,102,-151,412440272,6.0815277777777776
2018-06-17 00:00:00 UTC,102,-150,412440272,3.4941666666666666
2018-06-17 00:00:00 UTC,102,-1352,345080033,0.3979166666666667
2018-06-17 00:00:00 UTC,102,651,416004856,1.0963888888888889
2018-06-17 00:00:00 UTC,102,652,416004856,2.1873611111111106
2018-06-17 00:00:00 UTC,102,-149,412209147,6.1615277777777777
2018-06-17 00:00:00 UTC,358,1317,440106520,1.3898611111111112
2018-06-17 00:00:00 UTC,358,1315,440106520,3.0484722222222222
2018-06-17 00:00:00 UTC,358,1316,440106520,4.4383333333333335
2018-06-17 00:00:00 UTC,358,146,215000618,4.3251388888888886
2018-06-17 00:00:00 UTC,358,145,215000618,1.725138888888889
2018-06-17 00:00:00 UTC,358,146,256000318,3.8116666666666665
2018-06-17 00:00:00 UTC,358,146,256000325,3.4181944444444445
2018-06-17 00:00:00 UTC,358,1261,440209740,8.2291666666666679
2018-06-17 00:00:00 UTC,358,146,247300940,5.092083333333334
2018-06-17 00:00:00 UTC,358,275,247185500,5.315555555555556
2018-06-17 00:00:00 UTC,358,275,247142770,10.094583333333334
2018-06-17 00:00:00 UTC,358,1409,431009138,0.8375
2018-06-17 00:00:00 UTC,358,1410,431009144,3.7955555555555556
2018-06-17 00:00:00 UTC,358,-743,338140028,8.8495833333333334
2018-06-17 00:00:00 UTC,358,1409,431010186,0.81736111111111109
2018-06-17 00:00:00 UTC,358,1297,440103570,1.0681944444444442
2018-06-17 00:00:00 UTC,358,1300,440112540,3.4520833333333334
2018-06-17 00:00:00 UTC,358,1301,440112540,1.9148611111111111
2018-06-17 00:00:00 UTC,358,1303,440112540,0.3255555555555556
2018-06-17 00:00:00 UTC,358,146,256000675,3.709027777777778
2018-06-17 00:00:00 UTC,358,275,247158700,4.4054166666666665
2018-06-17 00:00:00 UTC,358,1296,440413110,3.0437499999999993
2018-06-17 00:00:00 UTC,358,1295,440413110,1.09875
2018-06-17 00:00:00 UTC,358,1410,431009213,14.439444444444444
2018-06-17 00:00:00 UTC,358,1410,431009214,1.5054166666666666
2018-06-17 00:00:00 UTC,358,146,672525000,2.745972222222222
2018-06-17 00:00:00 UTC,358,1409,431009237,0.5461111111111111
2018-06-17 00:00:00 UTC,358,1408,431009497,0.56722222222222229
2018-06-17 00:00:00 UTC,614,43,257200640,1.5848611111111111
2018-06-17 00:00:00 UTC,614,44,257200640,4.1455555555555552
2018-06-17 00:00:00 UTC,614,-26,227583000,0.54444444444444451
2018-06-17 00:00:00 UTC,614,1786,273898800,1.4177777777777776
2018-06-17 00:00:00 UTC,614,1787,273898800,0.91152777777777771
2018-06-17 00:00:00 UTC,614,1785,273898800,0.675277777777778
2018-06-17 00:00:00 UTC,614,1788,273898800,0.50958333333333339
2018-06-17 00:00:00 UTC,614,-12,226246000,6.2318055555555549
2018-06-17 00:00:00 UTC,614,1791,273841020,0.19569444444444445
2018-06-17 00:00:00 UTC,614,1792,273841020,0.25027777777777782
2018-06-17 00:00:00 UTC,614,-1795,273848700,4.4627777777777773
2018-06-17 00:00:00 UTC,614,-1796,273848700,0.2729166666666667
2018-06-17 00:00:00 UTC,614,49,257294720,3.4948611111111108
2018-06-17 00:00:00 UTC,614,-1787,273893000,0.11972222222222223
2018-06-17 00:00:00 UTC,614,1759,273847700,2.0308333333333328
2018-06-17 00:00:00 UTC,614,1757,273847700,4.5533333333333319
2018-06-17 00:00:00 UTC,614,1758,273847700,7.6733333333333364
2018-06-17 00:00:00 UTC,614,1756,273847700,0.15250000000000002
2018-06-17 00:00:00 UTC,614,-6,258351000,1.9272222222222224
2018-06-17 00:00:00 UTC,614,1784,273840800,0.23597222222222219
2018-06-17 00:00:00 UTC,614,1785,273840800,1.0665277777777782
2018-06-17 00:00:00 UTC,614,1786,273840800,0.03833333333333333
2018-06-17 00:00:00 UTC,614,-12,228190900,5.0111111111111111
2018-06-17 00:00:00 UTC,614,-13,228190900,2.0059722222222223
2018-06-17 00:00:00 UTC,614,-1761,369283000,0.27013888888888893
2018-06-17 00:00:00 UTC,614,-1762,369283000,1.624583333333333
2018-06-17 00:00:00 UTC,614,-1768,369283000,2.0212499999999998
2018-06-17 00:00:00 UTC,614,-1765,369283000,3.7183333333333324
2018-06-17 00:00:00 UTC,614,-1766,369283000,3.9955555555555562
2018-06-17 00:00:00 UTC,614,-1767,369283000,4.5098611111111122
2018-06-17 00:00:00 UTC,614,-1764,369283000,3.7920833333333337
2018-06-17 00:00:00 UTC,614,-1763,369283000,4.3222222222222229
2018-06-17 00:00:00 UTC,614,-1794,273445310,7.7277777777777779
2018-06-17 00:00:00 UTC,614,-1792,273445310,1.8497222222222223
2018-06-17 00:00:00 UTC,614,-1795,273445310,0.60222222222222221
2018-06-17 00:00:00 UTC,614,-1793,273445310,8.9959722222222211
2018-06-17 00:00:00 UTC,614,44,259617000,1.452638888888889
2018-06-17 00:00:00 UTC,614,1791,273897710,0.14194444444444446
2018-06-17 00:00:00 UTC,-410,-573,701000834,0.7615277777777778
2018-06-17 00:00:00 UTC,-410,-574,701000834,0.26513888888888892
2018-06-17 00:00:00 UTC,-154,-1585,416002581,0.4875
2018-06-17 00:00:00 UTC,-154,-1586,416002581,0.041805555555555554
2018-06-17 00:00:00 UTC,-154,-1582,416002581,0.38819444444444451
2018-06-17 00:00:00 UTC,-154,1797,520031000,2.2719444444444443
2018-06-17 00:00:00 UTC,-154,1691,576660000,1.7175
2018-06-17 00:00:00 UTC,-154,1690,576660000,4.2283333333333335
2018-06-17 00:00:00 UTC,-154,-803,412439587,6.8019444444444446
2018-06-17 00:00:00 UTC,-154,1773,520114000,2.2804166666666665
2018-06-17 00:00:00 UTC,-154,1774,520114000,1.408611111111111
2018-06-17 00:00:00 UTC,-154,-942,224626000,0.41944444444444451
2018-06-17 00:00:00 UTC,-154,-943,224626000,0.34222222222222215
2018-06-17 00:00:00 UTC,-154,-1669,369060000,2.010555555555555
2018-06-17 00:00:00 UTC,-154,-1670,369060000,1.3411111111111111
2018-06-17 00:00:00 UTC,-154,-913,224196000,0.29777777777777781
2018-06-17 00:00:00 UTC,-154,-914,224196000,1.0311111111111111
2018-06-17 00:00:00 UTC,-154,-915,224196000,0.76555555555555554
2018-06-17 00:00:00 UTC,-154,-1221,412420793,0.71236111111111111
2018-06-17 00:00:00 UTC,-154,-1172,431100610,0.28763888888888889
2018-06-17 00:00:00 UTC,-154,1714,520130000,10.997361111111111
2018-06-17 00:00:00 UTC,103,-151,412209153,3.518472222222222
2018-06-17 00:00:00 UTC,103,-150,412209153,0.46069444444444441
2018-06-17 00:00:00 UTC,103,-150,412209155,7.5123611111111117
2018-06-17 00:00:00 UTC,103,1448,431680580,2.2772222222222225
2018-06-17 00:00:00 UTC,103,1447,431680580,3.266805555555556
2018-06-17 00:00:00 UTC,103,1321,416002142,3.8331944444444446
2018-06-17 00:00:00 UTC,103,1744,441233000,2.2855555555555553
2018-06-17 00:00:00 UTC,103,1749,440944000,0.29902777777777778
2018-06-17 00:00:00 UTC,103,1550,510053000,0.46680555555555553
2018-06-17 00:00:00 UTC,103,1548,510053000,0.48819444444444443
2018-06-17 00:00:00 UTC,103,1549,510053000,1.1529166666666666
2018-06-17 00:00:00 UTC,103,1551,510053000,0.56972222222222224
2018-06-17 00:00:00 UTC,103,1552,510053000,1.0002777777777778
2018-06-17 00:00:00 UTC,103,1483,510052000,5.6956944444444435
2018-06-17 00:00:00 UTC,103,1484,510052000,0.10041666666666667
2018-06-17 00:00:00 UTC,103,-150,412440262,0.18319444444444447
2018-06-17 00:00:00 UTC,103,-150,412440263,2.4494444444444445
2018-06-17 00:00:00 UTC,103,-151,412440263,1.3695833333333336
2018-06-17 00:00:00 UTC,103,-150,412440266,12.786805555555556
2018-06-17 00:00:00 UTC,103,-1004,412440267,6.9084722222222217
2018-06-17 00:00:00 UTC,103,-1004,412440269,7.2418055555555556
2018-06-17 00:00:00 UTC,103,-150,412440272,20.007361111111109
2018-06-17 00:00:00 UTC,103,651,416004856,2.8636111111111111
2018-06-17 00:00:00 UTC,103,-150,412209147,7.92986111111111
2018-06-17 00:00:00 UTC,103,-151,412209149,12.094861111111111
2018-06-17 00:00:00 UTC,359,1297,440039690,1.0522222222222222
2018-06-17 00:00:00 UTC,359,1296,440039690,10.539722222222226
2018-06-17 00:00:00 UTC,359,311,240394000,9.6977777777777767
2018-06-17 00:00:00 UTC,359,-33,224297770,13.237777777777779
2018-06-17 00:00:00 UTC,359,-28,224297770,8.0083333333333346
2018-06-17 00:00:00 UTC,359,-32,224297770,0.99652777777777779
2018-06-17 00:00:00 UTC,359,1203,151000108,0.20791666666666664
2018-06-17 00:00:00 UTC,359,-29,224027180,1.0229166666666667
2018-06-17 00:00:00 UTC,359,-28,224027180,9.1480555555555547
2018-06-17 00:00:00 UTC,359,1204,413661771,1.8056944444444445
2018-06-17 00:00:00 UTC,359,1203,413661771,1.2594444444444441
2018-06-17 00:00:00 UTC,359,146,247300940,3.7868055555555555
2018-06-17 00:00:00 UTC,359,-29,225983821,2.5608333333333331
2018-06-17 00:00:00 UTC,359,-31,225983821,8.0977777777777789
2018-06-17 00:00:00 UTC,359,-32,225983821,0.79986111111111113
2018-06-17 00:00:00 UTC,359,-28,225985363,6.3963888888888878
2018-06-17 00:00:00 UTC,359,275,247185500,4.3000000000000007
2018-06-17 00:00:00 UTC,359,1204,101406573,0.32555555555555549
2018-06-17 00:00:00 UTC,359,275,247142770,5.0898611111111114
2018-06-17 00:00:00 UTC,359,-745,338140028,10.201805555555556
2018-06-17 00:00:00 UTC,359,1204,958000000,0.75
2018-06-17 00:00:00 UTC,359,1407,431008899,0.70027777777777778
2018-06-17 00:00:00 UTC,359,1297,440103570,2.0773611111111108
2018-06-17 00:00:00 UTC,359,1304,440112540,1.4715277777777778
2018-06-17 00:00:00 UTC,359,1303,440112540,4.827916666666666
2018-06-17 00:00:00 UTC,359,275,247158700,3.9547222222222214
2018-06-17 00:00:00 UTC,359,1296,440413110,17.8025
2018-06-17 00:00:00 UTC,359,-28,224148940,12.013194444444444
2018-06-17 00:00:00 UTC,359,1408,431009497,2.5202777777777783
2018-06-17 00:00:00 UTC,359,1407,431009497,4.1323611111111109
2018-06-17 00:00:00 UTC,359,1319,440101860,4.2823611111111113
2018-06-17 00:00:00 UTC,359,1318,440101860,0.85236111111111112
2018-06-17 00:00:00 UTC,359,1321,440101860,7.0138888888888875
2018-06-17 00:00:00 UTC,359,1320,440101860,7.6541666666666677
2018-06-17 00:00:00 UTC,359,-28,224167140,10.172916666666666
2018-06-17 00:00:00 UTC,359,1205,781112312,7.2669444444444453
2018-06-17 00:00:00 UTC,615,44,257200640,0.64208333333333334
2018-06-17 00:00:00 UTC,615,1791,273846020,2.6923611111111119
2018-06-17 00:00:00 UTC,615,1790,273846020,4.2991666666666672
2018-06-17 00:00:00 UTC,615,1789,273846020,0.81041666666666656
2018-06-17 00:00:00 UTC,615,1792,273846020,1.1181944444444445
2018-06-17 00:00:00 UTC,615,-23,227583000,1.2086111111111111
2018-06-17 00:00:00 UTC,615,1791,273895200,2.0270833333333331
2018-06-17 00:00:00 UTC,615,1786,273895200,1.1411111111111112
2018-06-17 00:00:00 UTC,615,1788,273895200,0.95208333333333328
2018-06-17 00:00:00 UTC,615,1784,273895200,0.41319444444444448
2018-06-17 00:00:00 UTC,615,1790,273895200,1.7277777777777781
2018-06-17 00:00:00 UTC,615,1787,273895200,0.28875
2018-06-17 00:00:00 UTC,615,1783,273895200,0.66041666666666654
2018-06-17 00:00:00 UTC,615,1789,273895200,3.3037500000000004
2018-06-17 00:00:00 UTC,615,1785,273898800,0.96791666666666665
2018-06-17 00:00:00 UTC,615,-412,331549000,1.6443055555555552
2018-06-17 00:00:00 UTC,615,1783,273825110,0.18097222222222223
2018-06-17 00:00:00 UTC,615,1784,273825110,0.49486111111111114
2018-06-17 00:00:00 UTC,615,15,233308000,28.895416666666666
2018-06-17 00:00:00 UTC,615,1789,273841020,2.1213888888888892
2018-06-17 00:00:00 UTC,615,1793,273841020,0.34736111111111123
2018-06-17 00:00:00 UTC,615,1790,273841020,1.6461111111111111
2018-06-17 00:00:00 UTC,615,1792,273841020,1.3648611111111111
2018-06-17 00:00:00 UTC,615,1791,273841020,2.1177777777777775
2018-06-17 00:00:00 UTC,615,-1796,273848700,7.64847222222223
2018-06-17 00:00:00 UTC,615,-1798,273848700,1.9222222222222218
2018-06-17 00:00:00 UTC,615,-1797,273848700,1.2511111111111108
2018-06-17 00:00:00 UTC,615,-1795,273848700,3.3995833333333323
2018-06-17 00:00:00 UTC,615,1760,273847700,0.51125
2018-06-17 00:00:00 UTC,615,1759,273847700,1.8663888888888891
2018-06-17 00:00:00 UTC,615,-6,258351000,9.9901388888888878
2018-06-17 00:00:00 UTC,615,-5,258351000,6.2191666666666663
2018-06-17 00:00:00 UTC,615,1785,273245600,0.49722222222222223
2018-06-17 00:00:00 UTC,615,1795,273245600,1.5887499999999999
2018-06-17 00:00:00 UTC,615,1794,273245600,1.4122222222222225
2018-06-17 00:00:00 UTC,615,1791,273245600,1.8758333333333332
2018-06-17 00:00:00 UTC,615,1784,273245600,0.47722222222222221
2018-06-17 00:00:00 UTC,615,1793,273245600,1.0052777777777779
2018-06-17 00:00:00 UTC,615,1789,273245600,1.2958333333333332
2018-06-17 00:00:00 UTC,615,1792,273245600,0.64361111111111113
2018-06-17 00:00:00 UTC,615,1790,273245600,1.6990277777777771
2018-06-17 00:00:00 UTC,615,1784,273840800,1.9455555555555553
2018-06-17 00:00:00 UTC,615,1786,273840800,2.5384722222222216
2018-06-17 00:00:00 UTC,615,1785,273840800,6.1081944444444414
2018-06-17 00:00:00 UTC,615,-12,232006590,1.4580555555555557
2018-06-17 00:00:00 UTC,615,-11,232006590,0.44069444444444444
2018-06-17 00:00:00 UTC,615,-1794,273445310,1.6455555555555554
2018-06-17 00:00:00 UTC,615,-1793,273445310,0.84319444444444458
2018-06-17 00:00:00 UTC,615,1784,273359300,0.1438888888888889
2018-06-17 00:00:00 UTC,615,45,259617000,2.8608333333333333
2018-06-17 00:00:00 UTC,615,44,259617000,3.3551388888888889
2018-06-17 00:00:00 UTC,615,43,257308140,2.96625
2018-06-17 00:00:00 UTC,615,45,257308140,0.62291666666666667
2018-06-17 00:00:00 UTC,615,1789,273897710,0.45194444444444443
2018-06-17 00:00:00 UTC,615,1792,273897710,1.5004166666666665
2018-06-17 00:00:00 UTC,615,1791,273897710,3.7426388888888891
2018-06-17 00:00:00 UTC,615,1793,273897710,1.578611111111111
2018-06-17 00:00:00 UTC,615,1794,273897710,1.4605555555555556
2018-06-17 00:00:00 UTC,615,1790,273897710,3.5633333333333317
2018-06-17 00:00:00 UTC,-409,-504,416043600,5.1086111111111112
2018-06-17 00:00:00 UTC,-409,-505,416043600,0.69486111111111126
2018-06-17 00:00:00 UTC,-153,-1586,416002581,2.035277777777778
2018-06-17 00:00:00 UTC,-153,-1585,416002581,1.1494444444444443
2018-06-17 00:00:00 UTC,-153,-1582,416002581,1.1606944444444447
2018-06-17 00:00:00 UTC,-153,-1583,416002581,1.4544444444444444
2018-06-17 00:00:00 UTC,-153,-1584,416002581,1.4752777777777777
2018-06-17 00:00:00 UTC,-153,1797,520031000,0.78583333333333338
2018-06-17 00:00:00 UTC,-153,1773,520114000,0.11055555555555555
2018-06-17 00:00:00 UTC,-153,1774,520114000,2.7623611111111117
2018-06-17 00:00:00 UTC,-153,-950,224017000,0.33138888888888884
2018-06-17 00:00:00 UTC,-153,-1671,369060000,1.9411111111111112
2018-06-17 00:00:00 UTC,-153,-1670,369060000,1.5945833333333335
2018-06-17 00:00:00 UTC,-153,-915,224196000,0.74125000000000008
2018-06-17 00:00:00 UTC,-153,-1221,412420793,1.0783333333333334
2018-06-17 00:00:00 UTC,-153,1714,520130000,5.6418055555555551
2018-06-17 00:00:00 UTC,-153,1794,520012000,1.1744444444444444
2018-06-17 00:00:00 UTC,-153,609,645388000,6.2138888888888886
2018-06-17 00:00:00 UTC,104,1321,168888886,6.5600000000000005
2018-06-17 00:00:00 UTC,104,1322,416002142,3.7808333333333333
2018-06-17 00:00:00 UTC,104,1321,416002142,2.318888888888889
2018-06-17 00:00:00 UTC,104,1744,441233000,3.7627777777777776
2018-06-17 00:00:00 UTC,104,1548,510053000,2.2343055555555549
2018-06-17 00:00:00 UTC,104,1547,510053000,0.38694444444444442
2018-06-17 00:00:00 UTC,104,1550,510053000,0.97319444444444447
2018-06-17 00:00:00 UTC,104,1315,200023459,5.1930555555555555
2018-06-17 00:00:00 UTC,104,1331,431301296,11.048333333333334
2018-06-17 00:00:00 UTC,104,1332,431301296,5.9158333333333335
2018-06-17 00:00:00 UTC,104,651,416004856,3.5774999999999997
2018-06-17 00:00:00 UTC,104,-164,630123006,0.65013888888888893
2018-06-17 00:00:00 UTC,360,-749,367384580,6.566250000000001
2018-06-17 00:00:00 UTC,360,1358,431005965,9.0422222222222217
2018-06-17 00:00:00 UTC,360,315,240394000,0.47736111111111112
2018-06-17 00:00:00 UTC,360,1203,412349465,3.5368055555555551
2018-06-17 00:00:00 UTC,360,1204,412349465,3.3190277777777784
2018-06-17 00:00:00 UTC,360,316,237129000,4.2458333333333336
2018-06-17 00:00:00 UTC,360,-30,224297770,0.25416666666666665
2018-06-17 00:00:00 UTC,360,-29,224297770,0.64541666666666675
2018-06-17 00:00:00 UTC,360,-28,224027180,8.20263888888889
2018-06-17 00:00:00 UTC,360,-27,224027180,5.6858333333333331
2018-06-17 00:00:00 UTC,360,1204,412349484,2.0540277777777778
2018-06-17 00:00:00 UTC,360,1203,412349484,1.0927777777777776
2018-06-17 00:00:00 UTC,360,1358,431011121,9.549722222222222
2018-06-17 00:00:00 UTC,360,146,247300940,0.61388888888888893
2018-06-17 00:00:00 UTC,360,-28,225983821,3.6672222222222222
2018-06-17 00:00:00 UTC,360,-28,225985363,16.645694444444445
2018-06-17 00:00:00 UTC,360,1358,431006039,9.14152777777778
2018-06-17 00:00:00 UTC,360,1358,431006042,9.5209722222222215
2018-06-17 00:00:00 UTC,360,1358,431006043,9.2587500000000009
2018-06-17 00:00:00 UTC,360,275,247185500,2.7511111111111113
2018-06-17 00:00:00 UTC,360,311,241308000,2.6386111111111115
2018-06-17 00:00:00 UTC,360,316,241308000,5.8677777777777775
2018-06-17 00:00:00 UTC,360,315,241308000,2.2166666666666663
2018-06-17 00:00:00 UTC,360,276,247142770,0.27777777777777779
2018-06-17 00:00:00 UTC,360,275,247142770,2.9368055555555559
2018-06-17 00:00:00 UTC,360,1407,431008899,2.2155555555555555
2018-06-17 00:00:00 UTC,360,1407,431009412,0.68375000000000008
2018-06-17 00:00:00 UTC,360,1406,431009412,1.3869444444444445
2018-06-17 00:00:00 UTC,360,1203,412349326,2.33375
2018-06-17 00:00:00 UTC,360,1203,412349332,0.14069444444444446
2018-06-17 00:00:00 UTC,360,1204,412349332,2.3905555555555553
2018-06-17 00:00:00 UTC,360,1202,412349333,0.59430555555555553
2018-06-17 00:00:00 UTC,360,1204,412349333,1.3838888888888887
2018-06-17 00:00:00 UTC,360,1203,412349333,3.5936111111111111
2018-06-17 00:00:00 UTC,360,1358,431010967,9.18388888888889
2018-06-17 00:00:00 UTC,360,154,247141020,4.0643055555555554
2018-06-17 00:00:00 UTC,360,1203,412349341,4.499722222222224
2018-06-17 00:00:00 UTC,360,1204,412349341,2.7263888888888879
2018-06-17 00:00:00 UTC,360,1204,412349342,0.98291666666666655
2018-06-17 00:00:00 UTC,360,1203,412349342,2.1970833333333335
2018-06-17 00:00:00 UTC,360,276,247158700,0.5905555555555555
2018-06-17 00:00:00 UTC,360,275,247158700,3.8205555555555564
2018-06-17 00:00:00 UTC,360,1407,431009466,4.6131944444444448
2018-06-17 00:00:00 UTC,360,1358,431007676,9.47013888888889
2018-06-17 00:00:00 UTC,360,1407,431004613,3.700972222222223
2018-06-17 00:00:00 UTC,360,-28,224148940,11.953611111111114
2018-06-17 00:00:00 UTC,360,1321,440101860,1.2373611111111109
2018-06-17 00:00:00 UTC,360,-28,224167140,2.0030555555555556
2018-06-17 00:00:00 UTC,360,1295,440110840,0.3190277777777778
2018-06-17 00:00:00 UTC,616,1785,273846020,2.740555555555555
2018-06-17 00:00:00 UTC,616,1784,273846020,0.064861111111111119
2018-06-17 00:00:00 UTC,616,1786,273846020,0.98597222222222225
2018-06-17 00:00:00 UTC,616,1788,273846020,1.2105555555555556
2018-06-17 00:00:00 UTC,616,-1783,273436440,1.3524999999999996
2018-06-17 00:00:00 UTC,616,-1785,273436440,0.35
2018-06-17 00:00:00 UTC,616,-1784,273436440,4.2101388888888893
2018-06-17 00:00:00 UTC,616,-22,227583000,0.44791666666666663
2018-06-17 00:00:00 UTC,616,1784,273895200,1.7727777777777771
2018-06-17 00:00:00 UTC,616,1789,273895200,0.27736111111111111
2018-06-17 00:00:00 UTC,616,1786,273895200,1.3816666666666666
2018-06-17 00:00:00 UTC,616,1781,273895200,0.12569444444444444
2018-06-17 00:00:00 UTC,616,1787,273895200,0.47069444444444453
2018-06-17 00:00:00 UTC,616,1782,273895200,0.67125000000000012
2018-06-17 00:00:00 UTC,616,1783,273895200,1.1698611111111112
2018-06-17 00:00:00 UTC,616,1785,273895200,2.0372222222222214
2018-06-17 00:00:00 UTC,616,1788,273895200,0.52597222222222229
2018-06-17 00:00:00 UTC,616,1763,273844020,0.36722222222222223
2018-06-17 00:00:00 UTC,616,1762,273844020,0.36541666666666661
2018-06-17 00:00:00 UTC,616,1783,273844020,0.50986111111111121
2018-06-17 00:00:00 UTC,616,1780,273844020,0.68875
2018-06-17 00:00:00 UTC,616,1782,273844020,0.86569444444444443
2018-06-17 00:00:00 UTC,616,1781,273844020,0.6727777777777777
2018-06-17 00:00:00 UTC,616,-412,331549000,20.596805555555559
2018-06-17 00:00:00 UTC,616,1782,273825110,2.851249999999999
2018-06-17 00:00:00 UTC,616,1783,273825110,3.3952777777777787
2018-06-17 00:00:00 UTC,616,1781,273825110,2.3013888888888894
2018-06-17 00:00:00 UTC,616,1779,273825110,0.20763888888888887
2018-06-17 00:00:00 UTC,616,1784,273825110,1.9997222222222213
2018-06-17 00:00:00 UTC,616,1780,273825110,1.3740277777777778
2018-06-17 00:00:00 UTC,616,1786,273841020,1.1384722222222221
2018-06-17 00:00:00 UTC,616,1788,273841020,0.56527777777777788
2018-06-17 00:00:00 UTC,616,1785,273841020,1.4025000000000003
2018-06-17 00:00:00 UTC,616,1787,273841020,0.62472222222222229
2018-06-17 00:00:00 UTC,616,-1798,273848700,0.43374999999999997
2018-06-17 00:00:00 UTC,616,-1783,273893000,0.35888888888888892
2018-06-17 00:00:00 UTC,616,-1781,273893000,0.28833333333333333
2018-06-17 00:00:00 UTC,616,1787,273341320,0.11472222222222223
2018-06-17 00:00:00 UTC,616,-82,231343000,0.74
2018-06-17 00:00:00 UTC,616,-84,231343000,2.2680555555555557
2018-06-17 00:00:00 UTC,616,-83,231343000,2.358888888888889
2018-06-17 00:00:00 UTC,616,-8,258351000,4.9148611111111107
2018-06-17 00:00:00 UTC,616,1781,273245600,0.7415277777777779
2018-06-17 00:00:00 UTC,616,1794,273245600,0.45083333333333336
2018-06-17 00:00:00 UTC,616,1782,273245600,0.65652777777777771
2018-06-17 00:00:00 UTC,616,1780,273245600,0.84249999999999992
2018-06-17 00:00:00 UTC,616,1793,273245600,1.1993055555555554
2018-06-17 00:00:00 UTC,616,1789,273245600,0.42861111111111116
2018-06-17 00:00:00 UTC,616,1783,273245600,0.58916666666666673
2018-06-17 00:00:00 UTC,616,1784,273245600,0.14277777777777778
2018-06-17 00:00:00 UTC,616,1790,273245600,0.69805555555555554
2018-06-17 00:00:00 UTC,616,1784,273840800,0.0325
2018-06-17 00:00:00 UTC,616,-1771,440025000,0.33125
2018-06-17 00:00:00 UTC,616,1760,273219500,0.15180555555555555
2018-06-17 00:00:00 UTC,616,1761,273219500,0.19430555555555556
2018-06-17 00:00:00 UTC,616,-10,232006590,3.6563888888888894
2018-06-17 00:00:00 UTC,616,1787,273359300,0.74375
2018-06-17 00:00:00 UTC,616,1780,273359300,0.15027777777777779
2018-06-17 00:00:00 UTC,616,1788,273359300,0.59250000000000014
2018-06-17 00:00:00 UTC,616,1781,273359300,0.83236111111111122
2018-06-17 00:00:00 UTC,616,1782,273359300,0.54208333333333325
2018-06-17 00:00:00 UTC,616,1786,273359300,0.71027777777777767
2018-06-17 00:00:00 UTC,616,1784,273359300,0.35555555555555562
2018-06-17 00:00:00 UTC,616,1785,273359300,0.52652777777777782
2018-06-17 00:00:00 UTC,616,1790,273359300,0.63569444444444445
2018-06-17 00:00:00 UTC,616,1793,273359300,0.30374999999999996
2018-06-17 00:00:00 UTC,616,1789,273359300,0.65472222222222221
2018-06-17 00:00:00 UTC,616,1791,273359300,0.60083333333333333
2018-06-17 00:00:00 UTC,616,1783,273359300,0.846388888888889
2018-06-17 00:00:00 UTC,616,45,257308140,2.5093055555555557
2018-06-17 00:00:00 UTC,616,43,257308140,3.1083333333333338
2018-06-17 00:00:00 UTC,616,46,257308140,0.37763888888888886
2018-06-17 00:00:00 UTC,616,1790,273897710,0.01666666666666667
2018-06-17 00:00:00 UTC,616,1789,273897710,0.26055555555555554
2018-06-17 00:00:00 UTC,616,1788,273897710,0.64180555555555552
2018-06-17 00:00:00 UTC,616,1787,273897710,0.84736111111111134
2018-06-17 00:00:00 UTC,616,1786,273897710,1.1227777777777777
2018-06-17 00:00:00 UTC,616,1791,273897710,0.63347222222222233
2018-06-17 00:00:00 UTC,-408,-505,416043600,0.85763888888888884
2018-06-17 00:00:00 UTC,-152,1796,520031000,0.67416666666666658
2018-06-17 00:00:00 UTC,-152,1797,520031000,0.70541666666666669
2018-06-17 00:00:00 UTC,-152,-1717,518676000,3.7161111111111111
2018-06-17 00:00:00 UTC,-152,-951,224017000,0.35013888888888883
2018-06-17 00:00:00 UTC,-152,-950,224017000,0.65736111111111128
2018-06-17 00:00:00 UTC,-152,-1223,412420792,0.79138888888888892
2018-06-17 00:00:00 UTC,-152,-1221,412420793,1.8923611111111112
2018-06-17 00:00:00 UTC,-152,1714,520130000,6.4269444444444437
2018-06-17 00:00:00 UTC,-152,1793,520012000,4.9197222222222221
2018-06-17 00:00:00 UTC,-152,608,645388000,4.7240277777777777
2018-06-17 00:00:00 UTC,-152,609,645388000,14.4475
2018-06-17 00:00:00 UTC,105,1314,168888886,0.38041666666666663
2018-06-17 00:00:00 UTC,105,1321,168888886,0.857638888888889
2018-06-17 00:00:00 UTC,105,1322,168888886,0.24763888888888888
2018-06-17 00:00:00 UTC,105,1323,168888886,3.8527777777777779
2018-06-17 00:00:00 UTC,105,-1190,345040700,2.3004166666666661
2018-06-17 00:00:00 UTC,105,-1192,413691210,0.41958333333333336
2018-06-17 00:00:00 UTC,105,1321,416002142,4.7947222222222221
2018-06-17 00:00:00 UTC,105,1314,416002142,0.3833333333333333
2018-06-17 00:00:00 UTC,105,1547,510053000,1.4180555555555554
2018-06-17 00:00:00 UTC,105,1543,510053000,0.24291666666666667
2018-06-17 00:00:00 UTC,105,1546,510053000,1.3768055555555554
2018-06-17 00:00:00 UTC,105,1544,510053000,0.85083333333333322
2018-06-17 00:00:00 UTC,105,1545,510053000,0.47111111111111115
2018-06-17 00:00:00 UTC,105,649,416004856,2.4954166666666664
2018-06-17 00:00:00 UTC,105,650,416004856,0.265
2018-06-17 00:00:00 UTC,105,651,416004856,0.50152777777777779
2018-06-17 00:00:00 UTC,105,-164,630123006,1.055
2018-06-17 00:00:00 UTC,361,261,247300110,5.9070833333333335
2018-06-17 00:00:00 UTC,361,1350,431602190,0.71458333333333335
2018-06-17 00:00:00 UTC,361,314,240394000,3.3543055555555554
2018-06-17 00:00:00 UTC,361,-30,224297770,0.065694444444444444
2018-06-17 00:00:00 UTC,361,262,247083350,0.28055555555555556
2018-06-17 00:00:00 UTC,361,261,247083350,4.5970833333333321
2018-06-17 00:00:00 UTC,361,310,241308000,2.3623611111111114
2018-06-17 00:00:00 UTC,361,315,241308000,1.9902777777777778
2018-06-17 00:00:00 UTC,361,314,241308000,2.6180555555555554
2018-06-17 00:00:00 UTC,361,313,241308000,1.6236111111111111
2018-06-17 00:00:00 UTC,361,312,241308000,1.9029166666666668
2018-06-17 00:00:00 UTC,361,1295,440151950,5.1026388888888885
2018-06-17 00:00:00 UTC,361,154,247141020,1.3981944444444445
2018-06-17 00:00:00 UTC,361,1295,440110240,1.0633333333333332
2018-06-17 00:00:00 UTC,361,1350,431601098,0.39583333333333337
2018-06-17 00:00:00 UTC,361,261,247304930,4.7304166666666667
2018-06-17 00:00:00 UTC,361,1294,440410610,2.6597222222222223
2018-06-17 00:00:00 UTC,361,1295,440154360,0.5722222222222223
2018-06-17 00:00:00 UTC,361,1295,440110840,3.6626388888888886
2018-06-17 00:00:00 UTC,361,1350,431600123,0.53444444444444439
2018-06-17 00:00:00 UTC,617,1778,273442820,0.54486111111111113
2018-06-17 00:00:00 UTC,617,1777,273442820,0.41263888888888894
2018-06-17 00:00:00 UTC,617,1790,273840900,2.3651388888888882
2018-06-17 00:00:00 UTC,617,1789,273840900,0.15527777777777776
2018-06-17 00:00:00 UTC,617,1791,273840900,5.0190277777777794
2018-06-17 00:00:00 UTC,617,1792,273840900,3.9372222222222217
2018-06-17 00:00:00 UTC,617,1793,273840900,1.3947222222222218
2018-06-17 00:00:00 UTC,617,1784,273846020,0.91041666666666665
2018-06-17 00:00:00 UTC,617,-1784,273436440,3.2204166666666669
2018-06-17 00:00:00 UTC,617,-1785,273436440,1.2879166666666668
2018-06-17 00:00:00 UTC,617,-1783,273436440,3.4301388888888895
2018-06-17 00:00:00 UTC,617,-1786,273436440,0.29097222222222224
2018-06-17 00:00:00 UTC,617,-1782,273436440,1.555
2018-06-17 00:00:00 UTC,617,1764,273844020,0.9338888888888891
2018-06-17 00:00:00 UTC,617,1763,273844020,0.533611111111111
2018-06-17 00:00:00 UTC,617,1766,273844020,0.68875000000000008
2018-06-17 00:00:00 UTC,617,1768,273844020,0.30569444444444444
2018-06-17 00:00:00 UTC,617,1767,273844020,0.961111111111111
2018-06-17 00:00:00 UTC,617,1777,273844020,0.19541666666666668
2018-06-17 00:00:00 UTC,617,1765,273844020,0.74277777777777765
2018-06-17 00:00:00 UTC,617,1779,273844020,0.93861111111111106
2018-06-17 00:00:00 UTC,617,1778,273844020,1.5173611111111105
2018-06-17 00:00:00 UTC,617,1777,273825110,1.3576388888888891
2018-06-17 00:00:00 UTC,617,1779,273825110,1.4851388888888886
2018-06-17 00:00:00 UTC,617,1778,273825110,1.5312499999999998
2018-06-17 00:00:00 UTC,617,1780,273825110,1.2638888888888888
2018-06-17 00:00:00 UTC,617,1781,273825110,0.24722222222222223
2018-06-17 00:00:00 UTC,617,1776,273825110,0.31875000000000003
2018-06-17 00:00:00 UTC,617,1778,273440610,0.25722222222222224
2018-06-17 00:00:00 UTC,617,1788,273841020,0.93527777777777776
2018-06-17 00:00:00 UTC,617,1787,273841020,0.28986111111111112
2018-06-17 00:00:00 UTC,617,-1772,440794000,1.4443055555555553
2018-06-17 00:00:00 UTC,617,-1773,440794000,4.6698611111111106
2018-06-17 00:00:00 UTC,617,-83,231343000,1.401388888888889
2018-06-17 00:00:00 UTC,617,-84,231343000,4.0791666666666666
2018-06-17 00:00:00 UTC,617,-85,231343000,6.0027777777777764
2018-06-17 00:00:00 UTC,617,1791,273245600,0.69333333333333336
2018-06-17 00:00:00 UTC,617,1789,273245600,0.42972222222222217
2018-06-17 00:00:00 UTC,617,1790,273245600,1.3127777777777778
2018-06-17 00:00:00 UTC,617,1792,273245600,0.7747222222222222
2018-06-17 00:00:00 UTC,617,1783,273840800,1.5020833333333339
2018-06-17 00:00:00 UTC,617,1782,273840800,1.1683333333333337
2018-06-17 00:00:00 UTC,617,-1769,440025000,3.4762500000000007
2018-06-17 00:00:00 UTC,617,-1770,440025000,9.3930555555555575
2018-06-17 00:00:00 UTC,617,-1771,440025000,3.7047222222222222
2018-06-17 00:00:00 UTC,617,1777,273219500,1.543333333333333
2018-06-17 00:00:00 UTC,617,1776,273219500,0.53791666666666671
2018-06-17 00:00:00 UTC,617,-8,232006590,0.83902777777777771
2018-06-17 00:00:00 UTC,617,-9,232006590,1.6581944444444445
2018-06-17 00:00:00 UTC,617,1783,273359300,0.28569444444444442
2018-06-17 00:00:00 UTC,617,1782,273359300,0.96402777777777782
2018-06-17 00:00:00 UTC,617,1780,273359300,0.50930555555555557
2018-06-17 00:00:00 UTC,617,1781,273359300,0.84208333333333329
2018-06-17 00:00:00 UTC,617,1784,273359300,0.3001388888888889
2018-06-17 00:00:00 UTC,617,1785,273359300,0.2072222222222222
2018-06-17 00:00:00 UTC,617,46,259617000,0.26958333333333334
2018-06-17 00:00:00 UTC,617,45,259617000,6.8270833333333334
2018-06-17 00:00:00 UTC,-407,-505,416043600,0.69652777777777786
2018-06-17 00:00:00 UTC,-407,1462,503362900,5.7993055555555584
2018-06-17 00:00:00 UTC,-151,1796,520031000,1.372222222222222
2018-06-17 00:00:00 UTC,-151,-1718,518676000,1.399861111111111
2018-06-17 00:00:00 UTC,-151,-1720,518676000,0.72319444444444447
2018-06-17 00:00:00 UTC,-151,-1717,518676000,0.70208333333333328
2018-06-17 00:00:00 UTC,-151,-1719,518676000,1.1643055555555555
2018-06-17 00:00:00 UTC,-151,-951,224017000,1.0756944444444445
2018-06-17 00:00:00 UTC,-151,-1223,412420792,1.7023611111111108
2018-06-17 00:00:00 UTC,-151,-1221,412420793,0.24180555555555555
2018-06-17 00:00:00 UTC,106,1309,201601321,1.1634722222222222
2018-06-17 00:00:00 UTC,106,1312,201601321,0.97875
2018-06-17 00:00:00 UTC,106,1316,168888886,1.439861111111111
2018-06-17 00:00:00 UTC,106,1323,168888886,1.1009722222222222
2018-06-17 00:00:00 UTC,106,1314,168888886,0.94888888888888889
2018-06-17 00:00:00 UTC,106,-1190,345040700,4.5569444444444445
2018-06-17 00:00:00 UTC,106,-1192,413691210,7.1895833333333341
2018-06-17 00:00:00 UTC,106,1323,416002142,1.8027777777777778
2018-06-17 00:00:00 UTC,106,1314,416002142,0.94430555555555562
2018-06-17 00:00:00 UTC,106,1316,416002142,5.0351388888888886
2018-06-17 00:00:00 UTC,106,1546,510053000,2.6741666666666668
2018-06-17 00:00:00 UTC,106,1545,510053000,3.506388888888889
2018-06-17 00:00:00 UTC,106,1316,200023459,6.929444444444445
2018-06-17 00:00:00 UTC,106,1499,413204950,1.0783333333333334
2018-06-17 00:00:00 UTC,106,1498,413204950,1.2915277777777778
2018-06-17 00:00:00 UTC,106,1497,413204950,6.066527777777778
2018-06-17 00:00:00 UTC,106,650,416004856,2.4295833333333325
2018-06-17 00:00:00 UTC,106,649,416004856,0.70763888888888893
2018-06-17 00:00:00 UTC,106,-166,630123006,1.1233333333333333
2018-06-17 00:00:00 UTC,362,262,247300110,5.8552777777777782
2018-06-17 00:00:00 UTC,362,263,247300110,5.4568055555555564
2018-06-17 00:00:00 UTC,362,264,247300110,8.7030555555555544
2018-06-17 00:00:00 UTC,362,261,247300110,0.27541666666666664
2018-06-17 00:00:00 UTC,362,1294,440119310,0.55763888888888891
2018-06-17 00:00:00 UTC,362,1295,440119310,1.5763888888888888
2018-06-17 00:00:00 UTC,362,1350,431602190,11.541666666666666
2018-06-17 00:00:00 UTC,362,1360,431900214,0.15
2018-06-17 00:00:00 UTC,362,1294,440129590,0.29986111111111113
2018-06-17 00:00:00 UTC,362,1360,431900225,1.5665277777777775
2018-06-17 00:00:00 UTC,362,262,247083350,4.4193055555555558
2018-06-17 00:00:00 UTC,362,261,247083350,0.30708333333333337
2018-06-17 00:00:00 UTC,362,264,247083350,2.9404166666666667
2018-06-17 00:00:00 UTC,362,263,247083350,4.2956944444444449
2018-06-17 00:00:00 UTC,362,1355,431175000,0.84763888888888883
2018-06-17 00:00:00 UTC,362,1354,431175000,0.51666666666666661
2018-06-17 00:00:00 UTC,362,313,241308000,0.80013888888888884
2018-06-17 00:00:00 UTC,362,312,241308000,0.70541666666666669
2018-06-17 00:00:00 UTC,362,311,241308000,0.800138888888889
2018-06-17 00:00:00 UTC,362,314,241308000,0.44638888888888889
2018-06-17 00:00:00 UTC,362,-53,224109170,0.3375
2018-06-17 00:00:00 UTC,362,1408,431010932,3.3140277777777776
2018-06-17 00:00:00 UTC,362,1294,440110240,1.0969444444444445
2018-06-17 00:00:00 UTC,362,1350,431601098,6.8270833333333334
2018-06-17 00:00:00 UTC,362,1351,431601098,2.7838888888888889
2018-06-17 00:00:00 UTC,362,1294,440048850,0.35250000000000004
2018-06-17 00:00:00 UTC,362,1293,440048850,2.9091666666666671
2018-06-17 00:00:00 UTC,362,263,247304930,5.3483333333333336
2018-06-17 00:00:00 UTC,362,262,247304930,6.2952777777777786
2018-06-17 00:00:00 UTC,362,264,247304930,3.36
2018-06-17 00:00:00 UTC,362,261,247304930,0.89625
2018-06-17 00:00:00 UTC,362,1294,440305130,4.2312499999999993
2018-06-17 00:00:00 UTC,362,1295,440154360,0.55680555555555555
2018-06-17 00:00:00 UTC,362,1295,440110840,2.3762499999999998
2018-06-17 00:00:00 UTC,362,1350,431600123,6.3454166666666669
2018-06-17 00:00:00 UTC,362,1309,440402940,9.5055555555555546
2018-06-17 00:00:00 UTC,362,1310,440402940,0.75833333333333341
2018-06-17 00:00:00 UTC,362,1308,440402940,1.8466666666666667
2018-06-17 00:00:00 UTC,362,1360,431006207,0.87444444444444447
2018-06-17 00:00:00 UTC,618,1774,273442820,2.0325
2018-06-17 00:00:00 UTC,618,1778,273442820,1.5506944444444444
2018-06-17 00:00:00 UTC,618,1777,273442820,5.028194444444444
2018-06-17 00:00:00 UTC,618,1776,273442820,6.0304166666666683
2018-06-17 00:00:00 UTC,618,1775,273442820,4.8738888888888878
2018-06-17 00:00:00 UTC,618,1790,273840900,2.0606944444444433
2018-06-17 00:00:00 UTC,618,1773,273844020,0.921111111111111
2018-06-17 00:00:00 UTC,618,1777,273844020,1.3520833333333333
2018-06-17 00:00:00 UTC,618,1771,273844020,0.73041666666666671
2018-06-17 00:00:00 UTC,618,1769,273844020,0.99847222222222221
2018-06-17 00:00:00 UTC,618,1776,273844020,1.0158333333333334
2018-06-17 00:00:00 UTC,618,1774,273844020,0.49944444444444452
2018-06-17 00:00:00 UTC,618,1775,273844020,0.69166666666666665
2018-06-17 00:00:00 UTC,618,1772,273844020,0.70597222222222222
2018-06-17 00:00:00 UTC,618,1768,273844020,0.30958333333333332
2018-06-17 00:00:00 UTC,618,1778,273844020,0.078333333333333338
2018-06-17 00:00:00 UTC,618,1770,273844020,0.63055555555555554
2018-06-17 00:00:00 UTC,618,1774,273825110,0.1111111111111111
2018-06-17 00:00:00 UTC,618,1776,273825110,0.3856944444444444
2018-06-17 00:00:00 UTC,618,1773,273825110,0.096944444444444444
2018-06-17 00:00:00 UTC,618,1777,273825110,0.4990277777777779
2018-06-17 00:00:00 UTC,618,1775,273825110,0.071388888888888891
2018-06-17 00:00:00 UTC,618,1778,273440610,2.7169444444444446
2018-06-17 00:00:00 UTC,618,1775,273440610,3.7409722222222213
2018-06-17 00:00:00 UTC,618,1774,273440610,1.6229166666666663
2018-06-17 00:00:00 UTC,618,1777,273440610,5.700555555555554
2018-06-17 00:00:00 UTC,618,1776,273440610,5.9652777777777768
2018-06-17 00:00:00 UTC,618,44,257044840,0.37916666666666665
2018-06-17 00:00:00 UTC,618,-295,231014000,0.49305555555555558
2018-06-17 00:00:00 UTC,618,-296,231014000,0.64861111111111114
2018-06-17 00:00:00 UTC,618,1787,273841020,0.78527777777777774
2018-06-17 00:00:00 UTC,618,-1782,273893000,0.33263888888888887
2018-06-17 00:00:00 UTC,618,-1772,440794000,7.4854166666666666
2018-06-17 00:00:00 UTC,618,-1773,440794000,0.95958333333333345
2018-06-17 00:00:00 UTC,618,-1771,440794000,8.6419444444444462
2018-06-17 00:00:00 UTC,618,1783,273840800,0.99430555555555566
2018-06-17 00:00:00 UTC,618,1782,273840800,0.3527777777777778
2018-06-17 00:00:00 UTC,618,-1769,440025000,5.774861111111111
2018-06-17 00:00:00 UTC,618,-1768,440025000,1.331388888888889
2018-06-17 00:00:00 UTC,618,1770,273219500,0.24541666666666667
2018-06-17 00:00:00 UTC,618,1771,273219500,0.60152777777777777
2018-06-17 00:00:00 UTC,618,1774,273219500,1.2490277777777776
2018-06-17 00:00:00 UTC,618,1775,273219500,1.1629166666666662
2018-06-17 00:00:00 UTC,618,1772,273219500,0.3848611111111111
2018-06-17 00:00:00 UTC,618,1776,273219500,0.40027777777777784
2018-06-17 00:00:00 UTC,618,1773,273219500,0.64680555555555563
2018-06-17 00:00:00 UTC,-406,-567,701000509,0.43319444444444444
2018-06-17 00:00:00 UTC,-406,-505,416043600,0.29972222222222222
2018-06-17 00:00:00 UTC,-406,-506,416043600,1.0634722222222222
2018-06-17 00:00:00 UTC,-406,-505,416689000,1.7590277777777779
2018-06-17 00:00:00 UTC,-406,-502,416689000,1.1620833333333334
2018-06-17 00:00:00 UTC,-406,-504,416689000,0.2323611111111111
2018-06-17 00:00:00 UTC,-406,-567,701061000,1.0818055555555555
2018-06-17 00:00:00 UTC,-406,-568,701006020,0.21791666666666668
2018-06-17 00:00:00 UTC,-406,-567,701006020,0.60472222222222216
2018-06-17 00:00:00 UTC,-150,1688,412420865,0.63055555555555554
2018-06-17 00:00:00 UTC,-150,1795,520031000,0.94958333333333345
2018-06-17 00:00:00 UTC,-150,1796,520031000,0.40708333333333335
2018-06-17 00:00:00 UTC,-150,-951,224017000,0.21013888888888888
2018-06-17 00:00:00 UTC,-150,-1223,412420792,1.0697222222222222
2018-06-17 00:00:00 UTC,-150,-1221,412420793,1.1462500000000002
2018-06-17 00:00:00 UTC,-150,1453,503617500,16.095972222222223
2018-06-17 00:00:00 UTC,-150,1792,520012000,3.8793055555555553
2018-06-17 00:00:00 UTC,107,-174,630123009,1.5406944444444446
2018-06-17 00:00:00 UTC,107,-1020,412200985,1.11625
2018-06-17 00:00:00 UTC,107,-1019,412200985,5.7705555555555552
2018-06-17 00:00:00 UTC,107,1323,168888886,0.87375
2018-06-17 00:00:00 UTC,107,1317,168888886,1.5851388888888889
2018-06-17 00:00:00 UTC,107,1304,416003149,4.1722222222222225
2018-06-17 00:00:00 UTC,107,1323,416002142,0.85027777777777769
2018-06-17 00:00:00 UTC,107,1317,200023459,3.235
2018-06-17 00:00:00 UTC,107,1745,440770000,1.9415277777777777
2018-06-17 00:00:00 UTC,107,1746,440770000,2.5090277777777779
2018-06-17 00:00:00 UTC,107,1747,440770000,2.2558333333333334
2018-06-17 00:00:00 UTC,107,1744,440770000,2.8609722222222218
2018-06-17 00:00:00 UTC,107,1318,416004048,5.5938888888888885
2018-06-17 00:00:00 UTC,107,1310,416000737,0.82902777777777781
2018-06-17 00:00:00 UTC,107,1308,416000737,0.95305555555555554
2018-06-17 00:00:00 UTC,107,1307,416000737,0.37986111111111109
2018-06-17 00:00:00 UTC,107,650,416004856,1.4301388888888888
2018-06-17 00:00:00 UTC,107,-168,630123005,1.4611111111111112
2018-06-17 00:00:00 UTC,107,-166,630123006,0.88263888888888886
2018-06-17 00:00:00 UTC,107,-167,630123006,8.7048611111111054
2018-06-17 00:00:00 UTC,363,-29,224072270,1.3480555555555556
2018-06-17 00:00:00 UTC,363,-28,224072270,1.9990277777777778
2018-06-17 00:00:00 UTC,363,1352,431175000,0.4004166666666667
2018-06-17 00:00:00 UTC,363,1222,700054374,0.83291666666666653
2018-06-17 00:00:00 UTC,363,1220,700054374,0.34972222222222227
2018-06-17 00:00:00 UTC,363,1221,700054374,1.3375
2018-06-17 00:00:00 UTC,363,1756,416000146,1.9365277777777781
2018-06-17 00:00:00 UTC,363,1360,431900056,1.7398611111111111
2018-06-17 00:00:00 UTC,363,1359,431900104,0.345
2018-06-17 00:00:00 UTC,363,1360,431900104,0.81347222222222215
2018-06-17 00:00:00 UTC,363,1360,431900109,1.2101388888888889
2018-06-17 00:00:00 UTC,363,1258,440216530,5.524861111111111
2018-06-17 00:00:00 UTC,363,1207,412348635,0.078888888888888883
2018-06-17 00:00:00 UTC,363,1359,431011059,4.7522222222222226
2018-06-17 00:00:00 UTC,363,1228,412907006,3.1313888888888886
2018-06-17 00:00:00 UTC,619,-1798,273846020,0.73333333333333339
2018-06-17 00:00:00 UTC,619,-55,231189000,1.4672222222222222
2018-06-17 00:00:00 UTC,619,-58,231188000,1.7543055555555553
2018-06-17 00:00:00 UTC,619,-55,231188000,2.3563888888888886
2018-06-17 00:00:00 UTC,619,-56,231188000,1.4986111111111111
2018-06-17 00:00:00 UTC,619,-59,231188000,1.8533333333333335
2018-06-17 00:00:00 UTC,619,-57,231188000,2.0456944444444445
2018-06-17 00:00:00 UTC,619,-57,231187000,1.4165277777777776
2018-06-17 00:00:00 UTC,619,-59,231187000,2.0686111111111112
2018-06-17 00:00:00 UTC,619,-58,231187000,1.8519444444444444
2018-06-17 00:00:00 UTC,619,-56,231187000,1.8741666666666665
2018-06-17 00:00:00 UTC,619,-55,231187000,2.4040277777777779
2018-06-17 00:00:00 UTC,619,1781,273847610,0.28777777777777774
2018-06-17 00:00:00 UTC,619,1778,273847610,0.20305555555555554
2018-06-17 00:00:00 UTC,619,1779,273847610,0.30458333333333337
2018-06-17 00:00:00 UTC,619,1780,273847610,0.27083333333333337
2018-06-17 00:00:00 UTC,619,-296,231014000,0.19291666666666668
2018-06-17 00:00:00 UTC,619,-297,231014000,0.67430555555555549
2018-06-17 00:00:00 UTC,619,-298,231014000,0.89458333333333329
2018-06-17 00:00:00 UTC,619,-1795,273421700,2.0216666666666665
2018-06-17 00:00:00 UTC,619,-1793,273421700,2.8559722222222224
2018-06-17 00:00:00 UTC,619,-1794,273421700,8.4327777777777815
2018-06-17 00:00:00 UTC,619,-1783,273893000,0.41402777777777777
2018-06-17 00:00:00 UTC,619,1784,273341320,0.30083333333333334
2018-06-17 00:00:00 UTC,619,1782,273341320,1.0151388888888893
2018-06-17 00:00:00 UTC,619,1781,273341320,1.9388888888888893
2018-06-17 00:00:00 UTC,619,-1771,440794000,0.78208333333333346
2018-06-17 00:00:00 UTC,619,-54,231031000,1.5224999999999997
2018-06-17 00:00:00 UTC,619,-53,231031000,0.17486111111111113
2018-06-17 00:00:00 UTC,619,-54,231030000,1.0408333333333333
2018-06-17 00:00:00 UTC,619,-53,231030000,0.66375
2018-06-17 00:00:00 UTC,619,-54,231190000,0.53069444444444447
2018-06-17 00:00:00 UTC,619,-56,231190000,0.2697222222222222
2018-06-17 00:00:00 UTC,619,-55,231190000,0.77722222222222215
2018-06-17 00:00:00 UTC,-405,-567,701000509,3.4988888888888887
2018-06-17 00:00:00 UTC,-405,-566,701000509,1.0763888888888888
2018-06-17 00:00:00 UTC,-405,-502,416689000,2.2563888888888886
2018-06-17 00:00:00 UTC,-405,-568,701000818,0.22416666666666668
2018-06-17 00:00:00 UTC,-405,-567,701000818,0.2975
2018-06-17 00:00:00 UTC,-405,-566,701061000,1.15125
2018-06-17 00:00:00 UTC,-405,-567,701061000,7.6431944444444451
2018-06-17 00:00:00 UTC,-405,-568,701061000,2.26625
2018-06-17 00:00:00 UTC,-405,-567,701006020,8.3747222222222231
2018-06-17 00:00:00 UTC,-405,-566,701006020,0.73736111111111124
2018-06-17 00:00:00 UTC,-149,1689,412420865,1.4340277777777777
2018-06-17 00:00:00 UTC,-149,1688,412420865,2.4297222222222223
2018-06-17 00:00:00 UTC,-149,1795,520031000,0.862638888888889
2018-06-17 00:00:00 UTC,-149,-951,224017000,0.64694444444444454
2018-06-17 00:00:00 UTC,-149,-1223,412420792,0.54944444444444451
2018-06-17 00:00:00 UTC,-149,-1221,412420793,0.97347222222222229
2018-06-17 00:00:00 UTC,-149,1453,503617500,1.8465277777777778
2018-06-17 00:00:00 UTC,108,-174,630123009,6.3470833333333276
2018-06-17 00:00:00 UTC,108,-172,630123009,2.619305555555556
2018-06-17 00:00:00 UTC,108,-173,630123009,0.33402777777777781
2018-06-17 00:00:00 UTC,108,-1019,412200985,0.43430555555555561
2018-06-17 00:00:00 UTC,108,-1020,412200985,3.6993055555555561
2018-06-17 00:00:00 UTC,108,-167,412200997,1.2484722222222222
2018-06-17 00:00:00 UTC,108,-168,412200997,15.482777777777779
2018-06-17 00:00:00 UTC,108,-167,412200999,13.460416666666667
2018-06-17 00:00:00 UTC,108,1317,200023602,2.5480555555555555
2018-06-17 00:00:00 UTC,108,1319,200023602,1.40375
2018-06-17 00:00:00 UTC,108,1309,416003149,1.40625
2018-06-17 00:00:00 UTC,108,1307,416003149,2.3040277777777778
2018-06-17 00:00:00 UTC,108,1309,200021422,5.4808333333333339
2018-06-17 00:00:00 UTC,108,1744,440770000,2.0298611111111104
2018-06-17 00:00:00 UTC,108,1745,440770000,0.36638888888888888
2018-06-17 00:00:00 UTC,108,1318,416004048,3.9709722222222221
2018-06-17 00:00:00 UTC,108,1319,416004048,0.68222222222222229
2018-06-17 00:00:00 UTC,108,-1020,412209122,6.2023611111111112
2018-06-17 00:00:00 UTC,108,-1021,412209122,0.57444444444444442
2018-06-17 00:00:00 UTC,108,-1020,412209125,11.015555555555554
2018-06-17 00:00:00 UTC,108,-167,630123005,1.5683333333333334
2018-06-17 00:00:00 UTC,108,-168,630123005,3.9131944444444438
2018-06-17 00:00:00 UTC,108,-168,630123006,0.7155555555555555
2018-06-17 00:00:00 UTC,108,-167,630123006,0.71597222222222223
2018-06-17 00:00:00 UTC,364,1253,440206870,1.7411111111111111
2018-06-17 00:00:00 UTC,364,1356,431006259,3.7901388888888889
2018-06-17 00:00:00 UTC,364,1357,431006259,4.8106944444444446
2018-06-17 00:00:00 UTC,364,-28,224072270,5.6768055555555552
2018-06-17 00:00:00 UTC,364,-29,224072270,1.1798611111111112
2018-06-17 00:00:00 UTC,364,-27,224072270,2.2472222222222222
2018-06-17 00:00:00 UTC,364,1358,431175000,0.53555555555555556
2018-06-17 00:00:00 UTC,364,1357,431175000,0.64486111111111111
2018-06-17 00:00:00 UTC,364,1359,431175000,0.27013888888888887
2018-06-17 00:00:00 UTC,364,284,247185500,0.27166666666666667
2018-06-17 00:00:00 UTC,364,283,247185500,1.1258333333333332
2018-06-17 00:00:00 UTC,364,1224,700054374,2.677777777777778
2018-06-17 00:00:00 UTC,364,1223,700054374,0.37875000000000003
2018-06-17 00:00:00 UTC,364,317,271069041,4.1576388888888891
2018-06-17 00:00:00 UTC,364,317,271069042,1.5384722222222222
2018-06-17 00:00:00 UTC,364,316,271069042,3.5572222222222223
2018-06-17 00:00:00 UTC,364,1225,415369874,5
2018-06-17 00:00:00 UTC,364,1755,416000146,1.1536111111111111
2018-06-17 00:00:00 UTC,364,276,247042200,16.647222222222222
2018-06-17 00:00:00 UTC,364,277,247042200,6.4527777777777775
2018-06-17 00:00:00 UTC,364,317,271072165,0.79513888888888884
2018-06-17 00:00:00 UTC,364,316,271072165,2.6513888888888886
2018-06-17 00:00:00 UTC,364,-50,224184760,1.137361111111111
2018-06-17 00:00:00 UTC,364,121,247143620,1.4638888888888888
2018-06-17 00:00:00 UTC,364,-64,225987013,1.6159722222222221
2018-06-17 00:00:00 UTC,364,1359,431900104,0.93138888888888893
2018-06-17 00:00:00 UTC,364,-50,224079840,1.1348611111111111
2018-06-17 00:00:00 UTC,364,314,242149100,3.1254166666666672
2018-06-17 00:00:00 UTC,364,315,242149100,0.58041666666666658
2018-06-17 00:00:00 UTC,364,222,239510000,1.1609722222222223
2018-06-17 00:00:00 UTC,364,121,247149810,2.5420833333333333
2018-06-17 00:00:00 UTC,620,1787,273892100,0.10874999999999999
2018-06-17 00:00:00 UTC,620,1791,273892100,0.28986111111111112
2018-06-17 00:00:00 UTC,620,1790,273892100,0.32708333333333339
2018-06-17 00:00:00 UTC,620,1792,273892100,0.34472222222222221
2018-06-17 00:00:00 UTC,620,1789,273892100,0.34319444444444441
2018-06-17 00:00:00 UTC,620,1788,273892100,0.38180555555555551
2018-06-17 00:00:00 UTC,620,-1798,273846020,0.38680555555555551
2018-06-17 00:00:00 UTC,620,-54,231189000,2.5130555555555554
2018-06-17 00:00:00 UTC,620,-56,231189000,1.4581944444444443
2018-06-17 00:00:00 UTC,620,-53,231189000,3.1258333333333335
2018-06-17 00:00:00 UTC,620,-55,231189000,0.81111111111111112
2018-06-17 00:00:00 UTC,620,-1798,273840910,0.30430555555555555
2018-06-17 00:00:00 UTC,620,-1797,273840910,0.017222222222222222
2018-06-17 00:00:00 UTC,620,1796,273876000,0.10111111111111111
2018-06-17 00:00:00 UTC,620,1797,273876000,0.29236111111111113
2018-06-17 00:00:00 UTC,620,-55,231188000,1.6308333333333334
2018-06-17 00:00:00 UTC,620,-59,231188000,0.89902777777777776
2018-06-17 00:00:00 UTC,620,-58,231188000,2.3504166666666673
2018-06-17 00:00:00 UTC,620,-56,231188000,5.8031944444444452
2018-06-17 00:00:00 UTC,620,-57,231188000,3.7422222222222228
2018-06-17 00:00:00 UTC,620,-56,231187000,5.4234722222222222
2018-06-17 00:00:00 UTC,620,-55,231187000,1.7352777777777777
2018-06-17 00:00:00 UTC,620,-58,231187000,2.8118055555555559
2018-06-17 00:00:00 UTC,620,-59,231187000,0.49958333333333332
2018-06-17 00:00:00 UTC,620,-57,231187000,3.9469444444444441
2018-06-17 00:00:00 UTC,620,1777,273847610,0.55041666666666667
2018-06-17 00:00:00 UTC,620,1776,273847610,2.2481944444444437
2018-06-17 00:00:00 UTC,620,1775,273847610,0.78805555555555562
2018-06-17 00:00:00 UTC,620,-1798,273878100,0.10055555555555555
2018-06-17 00:00:00 UTC,620,-1799,273878100,0.71708333333333341
2018-06-17 00:00:00 UTC,620,-300,231014000,0.90736111111111106
2018-06-17 00:00:00 UTC,620,-299,231014000,0.66055555555555556
2018-06-17 00:00:00 UTC,620,1777,273840510,1.25875
2018-06-17 00:00:00 UTC,620,1783,273840510,0.25777777777777777
2018-06-17 00:00:00 UTC,620,1778,273840510,0.03125
2018-06-17 00:00:00 UTC,620,1782,273840510,0.0661111111111111
2018-06-17 00:00:00 UTC,620,1784,273840510,1.7730555555555554
2018-06-17 00:00:00 UTC,620,-1794,273421700,4.1113888888888894
2018-06-17 00:00:00 UTC,620,-1795,273421700,2.9540277777777786
2018-06-17 00:00:00 UTC,620,-1793,273421700,1.5204166666666667
2018-06-17 00:00:00 UTC,620,-1784,273893000,0.23319444444444443
2018-06-17 00:00:00 UTC,620,-1783,273893000,0.34597222222222229
2018-06-17 00:00:00 UTC,620,1781,273341320,0.35152777777777777
2018-06-17 00:00:00 UTC,620,1783,273341320,1.3479166666666669
2018-06-17 00:00:00 UTC,620,1782,273341320,1.649861111111111
2018-06-17 00:00:00 UTC,620,-1800,273359300,0.027777777777777776
2018-06-17 00:00:00 UTC,620,-1793,273845700,3.0243055555555554
2018-06-17 00:00:00 UTC,620,-1794,273845700,0.42583333333333334
2018-06-17 00:00:00 UTC,620,-53,231010000,10.614722222222223
2018-06-17 00:00:00 UTC,620,-54,231010000,6.28
2018-06-17 00:00:00 UTC,620,-52,231010000,1.0274999999999999
2018-06-17 00:00:00 UTC,620,-55,231010000,0.28319444444444442
2018-06-17 00:00:00 UTC,620,-54,231031000,3
2018-06-17 00:00:00 UTC,620,-55,231031000,0.29152777777777777
2018-06-17 00:00:00 UTC,620,-53,231031000,2.95
2018-06-17 00:00:00 UTC,620,-53,231009000,10.38222222222222
2018-06-17 00:00:00 UTC,620,-54,231009000,5.9406944444444463
2018-06-17 00:00:00 UTC,620,-55,231009000,0.55499999999999994
2018-06-17 00:00:00 UTC,620,-52,231009000,1.1618055555555555
2018-06-17 00:00:00 UTC,620,1773,273841900,1.6747222222222224
2018-06-17 00:00:00 UTC,620,-54,231030000,3.2109722222222228
2018-06-17 00:00:00 UTC,620,-53,231030000,3.1584722222222226
2018-06-17 00:00:00 UTC,620,-54,231190000,2.5379166666666659
2018-06-17 00:00:00 UTC,620,-56,231190000,1.3575
2018-06-17 00:00:00 UTC,620,-55,231190000,0.7534722222222221
2018-06-17 00:00:00 UTC,620,-53,231190000,2.8270833333333334
2018-06-17 00:00:00 UTC,620,-1800,273899000,0.35680555555555554
2018-06-17 00:00:00 UTC,-404,-566,701000509,1.9680555555555554
2018-06-17 00:00:00 UTC,-404,-507,416043600,0.17375
2018-06-17 00:00:00 UTC,-404,-506,416043600,0.76666666666666661
2018-06-17 00:00:00 UTC,-404,-502,416689000,0.49569444444444444
2018-06-17 00:00:00 UTC,-404,-503,416689000,2.9202777777777782
2018-06-17 00:00:00 UTC,-404,1565,431703660,0.65375
2018-06-17 00:00:00 UTC,-404,-568,701061000,0.18458333333333332
2018-06-17 00:00:00 UTC,-404,-566,701061000,7.718611111111116
2018-06-17 00:00:00 UTC,-404,-565,701061000,2.1211111111111114
2018-06-17 00:00:00 UTC,-404,-567,701061000,0.65083333333333337
2018-06-17 00:00:00 UTC,-404,-567,701006020,1.8663888888888882
2018-06-17 00:00:00 UTC,-404,-566,701006020,3.4079166666666683
2018-06-17 00:00:00 UTC,-148,1689,412420865,1.5397222222222222
2018-06-17 00:00:00 UTC,-148,-765,760000270,0.29458333333333331
2018-06-17 00:00:00 UTC,-148,-1268,412420902,2.7694444444444444
2018-06-17 00:00:00 UTC,-148,-1269,412420902,2.1213888888888888
2018-06-17 00:00:00 UTC,-148,-1276,412420902,2.7322222222222221
2018-06-17 00:00:00 UTC,-148,-1275,412420902,3.5795833333333333
2018-06-17 00:00:00 UTC,-148,-1271,412420902,2.3362499999999997
2018-06-17 00:00:00 UTC,-148,-1267,412420902,0.90625
2018-06-17 00:00:00 UTC,-148,-1270,412420902,2.3948611111111107
2018-06-17 00:00:00 UTC,-148,-1273,412420902,2.28361111111111
2018-06-17 00:00:00 UTC,-148,-1272,412420902,2.4081944444444439
2018-06-17 00:00:00 UTC,-148,-1274,412420902,2.7630555555555554
2018-06-17 00:00:00 UTC,-148,-952,224017000,1.4470833333333331
2018-06-17 00:00:00 UTC,-148,-954,224017000,0.205
2018-06-17 00:00:00 UTC,-148,-765,760012394,0.55847222222222226
2018-06-17 00:00:00 UTC,-148,-1223,412420792,0.35805555555555557
2018-06-17 00:00:00 UTC,-148,-1221,412420793,1.573333333333333
2018-06-17 00:00:00 UTC,-148,-871,224696000,2.0366666666666666
2018-06-17 00:00:00 UTC,-148,-870,224696000,1.45625
2018-06-17 00:00:00 UTC,-148,-765,760100091,2.2944444444444447
2018-06-17 00:00:00 UTC,109,-172,630123009,1.66375
2018-06-17 00:00:00 UTC,109,-174,630123009,3.4447222222222225
2018-06-17 00:00:00 UTC,109,-173,630123009,1.598611111111111
2018-06-17 00:00:00 UTC,109,-1021,412200985,9.0090277777777779
2018-06-17 00:00:00 UTC,109,-169,412200997,9.8279166666666669
2018-06-17 00:00:00 UTC,109,-168,412200997,0.74694444444444441
2018-06-17 00:00:00 UTC,109,1319,200023602,0.47458333333333336
2018-06-17 00:00:00 UTC,109,1321,200023602,4.9912500000000009
2018-06-17 00:00:00 UTC,109,1320,200023602,6.4926388888888891
2018-06-17 00:00:00 UTC,109,1322,200023602,1.0923611111111111
2018-06-17 00:00:00 UTC,109,1446,431680580,0.2076388888888889
2018-06-17 00:00:00 UTC,109,1447,431680580,0.87055555555555564
2018-06-17 00:00:00 UTC,109,1305,416003149,0.72583333333333333
2018-06-17 00:00:00 UTC,109,1761,412200078,0.32069444444444445
2018-06-17 00:00:00 UTC,109,1762,412200078,1.15875
2018-06-17 00:00:00 UTC,109,1760,412200078,0.57666666666666666
2018-06-17 00:00:00 UTC,109,1759,412200078,0.8725
2018-06-17 00:00:00 UTC,109,1765,412200078,1.3352777777777778
2018-06-17 00:00:00 UTC,109,1764,412200078,0.84166666666666667
2018-06-17 00:00:00 UTC,109,1757,412200079,0.46680555555555553
2018-06-17 00:00:00 UTC,109,1753,412200079,2.2680555555555557
2018-06-17 00:00:00 UTC,109,1755,412200079,2.8640277777777778
2018-06-17 00:00:00 UTC,109,1758,412200079,0.40472222222222226
2018-06-17 00:00:00 UTC,109,1744,440770000,2.2986111111111107
2018-06-17 00:00:00 UTC,109,1319,416004048,5.677777777777778
2018-06-17 00:00:00 UTC,109,1325,416004048,0.69944444444444454
2018-06-17 00:00:00 UTC,109,1321,416004048,5.0275
2018-06-17 00:00:00 UTC,109,1324,416004048,2.4283333333333337
2018-06-17 00:00:00 UTC,109,-1021,412209122,6.13638888888889
2018-06-17 00:00:00 UTC,109,-1023,412209122,12.940416666666668
2018-06-17 00:00:00 UTC,109,-1022,412209125,12.219027777777779
2018-06-17 00:00:00 UTC,109,-169,412209126,2.2140277777777775
2018-06-17 00:00:00 UTC,109,-168,630123005,0.35694444444444445
2018-06-17 00:00:00 UTC,109,-169,630123005,1.1852777777777774
2018-06-17 00:00:00 UTC,365,221,239136000,0.13847222222222222
2018-06-17 00:00:00 UTC,365,222,239136000,2.1523611111111109
2018-06-17 00:00:00 UTC,365,1253,440206870,13.64375
2018-06-17 00:00:00 UTC,365,1358,431006258,8.68597222222222
2018-06-17 00:00:00 UTC,365,1357,431006259,2.0318055555555556
2018-06-17 00:00:00 UTC,365,1356,431006259,5.9898611111111109
2018-06-17 00:00:00 UTC,365,1357,431006261,3.6356944444444439
2018-06-17 00:00:00 UTC,365,-67,224075830,0.62208333333333332
2018-06-17 00:00:00 UTC,365,316,271072061,2.5123611111111108
2018-06-17 00:00:00 UTC,365,152,247300930,0.90291666666666659
2018-06-17 00:00:00 UTC,365,-28,224072270,0.69777777777777772
2018-06-17 00:00:00 UTC,365,-751,366850650,3.8197222222222225
2018-06-17 00:00:00 UTC,365,-750,366850650,3.5524999999999998
2018-06-17 00:00:00 UTC,365,307,642122076,0.34916666666666668
2018-06-17 00:00:00 UTC,365,310,642122076,0.51319444444444451
2018-06-17 00:00:00 UTC,365,309,642122076,1.9652777777777777
2018-06-17 00:00:00 UTC,365,311,642122076,9.5215277777777771
2018-06-17 00:00:00 UTC,365,308,642122076,4.6855555555555553
2018-06-17 00:00:00 UTC,365,315,271002463,7.8044444444444414
2018-06-17 00:00:00 UTC,365,313,271002463,3.3243055555555556
2018-06-17 00:00:00 UTC,365,314,271002463,7.8144444444444447
2018-06-17 00:00:00 UTC,365,143,247155040,2.6180555555555554
2018-06-17 00:00:00 UTC,365,142,247155040,13.819305555555555
2018-06-17 00:00:00 UTC,365,1358,431010663,1.3270833333333332
2018-06-17 00:00:00 UTC,365,-66,224015980,1.9981944444444442
2018-06-17 00:00:00 UTC,365,317,271069041,0.67527777777777787
2018-06-17 00:00:00 UTC,365,1224,800036216,0.083472222222222225
2018-06-17 00:00:00 UTC,365,1223,800036216,1.6661111111111109
2018-06-17 00:00:00 UTC,365,1365,431009925,2.8748611111111115
2018-06-17 00:00:00 UTC,365,1364,431009925,5.0224999999999991
2018-06-17 00:00:00 UTC,365,1755,416000146,1.2552777777777777
2018-06-17 00:00:00 UTC,365,1754,416000146,1.0815277777777779
2018-06-17 00:00:00 UTC,365,155,605026711,1.0354166666666669
2018-06-17 00:00:00 UTC,365,317,271072165,2.66125
2018-06-17 00:00:00 UTC,365,119,247143620,1.6316666666666666
2018-06-17 00:00:00 UTC,365,120,247143620,2.3151388888888889
2018-06-17 00:00:00 UTC,365,-66,224072650,2.3808333333333334
2018-06-17 00:00:00 UTC,365,153,215000780,5.29875
2018-06-17 00:00:00 UTC,365,-45,224024540,0.44708333333333339
2018-06-17 00:00:00 UTC,365,-254,204209890,6.0818055555555546
2018-06-17 00:00:00 UTC,365,1256,440013290,11.076944444444445
2018-06-17 00:00:00 UTC,365,1361,431011051,13.000138888888889
2018-06-17 00:00:00 UTC,365,314,242149100,1.5169444444444444
2018-06-17 00:00:00 UTC,365,313,242149100,1.3223611111111111
2018-06-17 00:00:00 UTC,365,315,242149100,0.92694444444444457
2018-06-17 00:00:00 UTC,365,222,239510000,2.1976388888888887
2018-06-17 00:00:00 UTC,365,220,239510000,1.0374999999999999
2018-06-17 00:00:00 UTC,365,221,239510000,1.3802777777777775
2018-06-17 00:00:00 UTC,365,121,247149810,0.70138888888888884
2018-06-17 00:00:00 UTC,365,119,247149810,6.3666666666666663
2018-06-17 00:00:00 UTC,365,120,247149810,8.176111111111112
2018-06-17 00:00:00 UTC,621,-303,273351680,1.2555555555555555
2018-06-17 00:00:00 UTC,621,-304,273351680,1.7447222222222221
2018-06-17 00:00:00 UTC,621,-302,273351680,0.33916666666666667
2018-06-17 00:00:00 UTC,621,-1799,273824000,0.078194444444444455
2018-06-17 00:00:00 UTC,621,-1798,273824000,1.1131944444444448
2018-06-17 00:00:00 UTC,621,1784,273892100,0.94041666666666668
2018-06-17 00:00:00 UTC,621,1783,273892100,0.61402777777777784
2018-06-17 00:00:00 UTC,621,1795,273892100,0.20013888888888889
2018-06-17 00:00:00 UTC,621,1787,273892100,0.11097222222222222
2018-06-17 00:00:00 UTC,621,1785,273892100,0.07541666666666666
2018-06-17 00:00:00 UTC,621,1786,273892100,0.075000000000000011
2018-06-17 00:00:00 UTC,621,-1800,273846020,0.41680555555555554
2018-06-17 00:00:00 UTC,621,-53,231189000,2.0225
2018-06-17 00:00:00 UTC,621,-1798,273840910,1.3859722222222222
2018-06-17 00:00:00 UTC,621,8,258943000,1.1
2018-06-17 00:00:00 UTC,621,9,258943000,2.82625
2018-06-17 00:00:00 UTC,621,-1799,273812510,0.69902777777777791
2018-06-17 00:00:00 UTC,621,-1800,273876000,1.1398611111111112
2018-06-17 00:00:00 UTC,621,1798,273876000,0.74277777777777754
2018-06-17 00:00:00 UTC,621,1799,273876000,0.46902777777777777
2018-06-17 00:00:00 UTC,621,1797,273876000,0.79361111111111127
2018-06-17 00:00:00 UTC,621,1776,273847610,0.11541666666666667
2018-06-17 00:00:00 UTC,621,-1799,273447750,2.2963888888888886
2018-06-17 00:00:00 UTC,621,-39,231037000,0.6677777777777778
2018-06-17 00:00:00 UTC,621,-1799,273878100,1.348194444444444
2018-06-17 00:00:00 UTC,621,-407,331036000,1.2479166666666666
2018-06-17 00:00:00 UTC,621,-408,331036000,0.24291666666666667
2018-06-17 00:00:00 UTC,621,-406,331036000,4.1420833333333329
2018-06-17 00:00:00 UTC,621,-405,331036000,0.58611111111111114
2018-06-17 00:00:00 UTC,621,-301,231014000,1.0913888888888887
2018-06-17 00:00:00 UTC,621,-302,231014000,0.7811111111111112
2018-06-17 00:00:00 UTC,621,-407,211214200,1.2866666666666664
2018-06-17 00:00:00 UTC,621,-406,211214200,3.9247222222222224
2018-06-17 00:00:00 UTC,621,-405,211214200,2.7545833333333327
2018-06-17 00:00:00 UTC,621,1797,273824900,1.0970833333333332
2018-06-17 00:00:00 UTC,621,1796,273824900,0.11055555555555556
2018-06-17 00:00:00 UTC,621,-1786,273893000,0.31652777777777774
2018-06-17 00:00:00 UTC,621,-1787,273893000,0.12722222222222221
2018-06-17 00:00:00 UTC,621,-1785,273893000,0.27986111111111112
2018-06-17 00:00:00 UTC,621,46,257587600,2.236388888888889
2018-06-17 00:00:00 UTC,621,47,257587600,12.082222222222223
2018-06-17 00:00:00 UTC,621,48,257587600,2.7695833333333333
2018-06-17 00:00:00 UTC,621,-38,231129000,2.2668055555555555
2018-06-17 00:00:00 UTC,621,1783,273846700,0.35305555555555557
2018-06-17 00:00:00 UTC,621,1786,273846700,0.18652777777777779
2018-06-17 00:00:00 UTC,621,1787,273846700,0.06777777777777777
2018-06-17 00:00:00 UTC,621,1784,273846700,0.35319444444444437
2018-06-17 00:00:00 UTC,621,8,258563000,1.9670833333333331
2018-06-17 00:00:00 UTC,621,10,258563000,1.575
2018-06-17 00:00:00 UTC,621,9,258563000,1.9519444444444445
2018-06-17 00:00:00 UTC,621,7,258563000,0.800138888888889
2018-06-17 00:00:00 UTC,621,-1799,273359300,0.2075
2018-06-17 00:00:00 UTC,621,-1800,273359300,0.46444444444444449
2018-06-17 00:00:00 UTC,621,-1793,273845700,13.292361111111111
2018-06-17 00:00:00 UTC,621,-1792,273845700,1.3241666666666667
2018-06-17 00:00:00 UTC,621,-1794,273845700,5.6665277777777758
2018-06-17 00:00:00 UTC,621,1797,273821900,2.2605555555555545
2018-06-17 00:00:00 UTC,621,1796,273821900,1.5933333333333328
2018-06-17 00:00:00 UTC,621,-53,231010000,3.4111111111111105
2018-06-17 00:00:00 UTC,621,-53,231031000,0.57375
2018-06-17 00:00:00 UTC,621,-52,231031000,1.1626388888888888
2018-06-17 00:00:00 UTC,621,8,258732000,2.8193055555555553
2018-06-17 00:00:00 UTC,621,9,258732000,6.6969444444444441
2018-06-17 00:00:00 UTC,621,-1800,273825000,0.20708333333333334
2018-06-17 00:00:00 UTC,621,-53,231009000,3.4943055555555551
2018-06-17 00:00:00 UTC,621,-53,231030000,0.39736111111111116
2018-06-17 00:00:00 UTC,621,-52,231030000,1.3604166666666666
2018-06-17 00:00:00 UTC,621,-53,231190000,1.9705555555555556
2018-06-17 00:00:00 UTC,-403,1567,431704110,0.33291666666666664
2018-06-17 00:00:00 UTC,-403,1568,431704110,0.52958333333333329
2018-06-17 00:00:00 UTC,-403,-820,413235000,0.915138888888889
2018-06-17 00:00:00 UTC,-403,-819,413235000,1.087638888888889
2018-06-17 00:00:00 UTC,-403,-567,701000509,0.51680555555555552
2018-06-17 00:00:00 UTC,-403,-568,701000509,0.40555555555555556
2018-06-17 00:00:00 UTC,-403,-566,701000509,0.62097222222222215
2018-06-17 00:00:00 UTC,-403,-507,416043600,1.0198611111111111
2018-06-17 00:00:00 UTC,-403,1569,431703660,0.85
2018-06-17 00:00:00 UTC,-403,1570,431703660,1.2041666666666668
2018-06-17 00:00:00 UTC,-403,1566,431703660,1.3336111111111113
2018-06-17 00:00:00 UTC,-403,1572,431703660,3.0286111111111111
2018-06-17 00:00:00 UTC,-403,1577,431703660,2.7945833333333332
2018-06-17 00:00:00 UTC,-403,1568,431703660,1.3352777777777778
2018-06-17 00:00:00 UTC,-403,1576,431703660,0.62222222222222212
2018-06-17 00:00:00 UTC,-403,1574,431703660,3.4679166666666661
2018-06-17 00:00:00 UTC,-403,1573,431703660,2.1154166666666665
2018-06-17 00:00:00 UTC,-403,1567,431703660,2.1941666666666668
2018-06-17 00:00:00 UTC,-403,1571,431703660,0.87458333333333338
2018-06-17 00:00:00 UTC,-403,1565,431703660,1.058888888888889
2018-06-17 00:00:00 UTC,-403,-565,701061000,1.2391666666666665
2018-06-17 00:00:00 UTC,-403,-566,701006020,0.29930555555555555
2018-06-17 00:00:00 UTC,-147,1687,412420865,0.44930555555555562
2018-06-17 00:00:00 UTC,-147,1689,412420865,1.6943055555555557
2018-06-17 00:00:00 UTC,-147,1688,412420865,0.96569444444444441
2018-06-17 00:00:00 UTC,-147,1227,503003170,10.569444444444446
2018-06-17 00:00:00 UTC,-147,1226,503003170,12.877638888888889
2018-06-17 00:00:00 UTC,-147,-1270,412420901,2.358055555555556
2018-06-17 00:00:00 UTC,-147,-1274,412420901,2.6358333333333328
2018-06-17 00:00:00 UTC,-147,-1275,412420901,2.7565277777777779
2018-06-17 00:00:00 UTC,-147,-1266,412420901,1.6620833333333334
2018-06-17 00:00:00 UTC,-147,-1268,412420901,2.0527777777777776
2018-06-17 00:00:00 UTC,-147,-1267,412420901,1.8199999999999994
2018-06-17 00:00:00 UTC,-147,-1269,412420901,2.2093055555555554
2018-06-17 00:00:00 UTC,-147,-1271,412420901,2.3393055555555553
2018-06-17 00:00:00 UTC,-147,-1272,412420901,2.3727777777777774
2018-06-17 00:00:00 UTC,-147,-1273,412420901,2.7338888888888895
2018-06-17 00:00:00 UTC,-147,-1267,412420902,0.77416666666666667
2018-06-17 00:00:00 UTC,-147,-953,224017000,1.6375
2018-06-17 00:00:00 UTC,-147,-954,224017000,1.4447222222222222
2018-06-17 00:00:00 UTC,-147,-952,224017000,0.21805555555555556
2018-06-17 00:00:00 UTC,-147,-765,760012394,2.4406944444444436
2018-06-17 00:00:00 UTC,-147,-766,760012394,2.6947222222222211
2018-06-17 00:00:00 UTC,-147,-1221,412420793,1.9811111111111108
2018-06-17 00:00:00 UTC,-147,-1583,416077500,5.0247222222222225
2018-06-17 00:00:00 UTC,-147,-871,224696000,0.20194444444444443
2018-06-17 00:00:00 UTC,-147,-870,224696000,1.0305555555555554
2018-06-17 00:00:00 UTC,-147,-766,76000203,0.48736111111111108
2018-06-17 00:00:00 UTC,-147,-765,760100091,3.2695833333333333
2018-06-17 00:00:00 UTC,-147,-766,760100091,1.0784722222222223
2018-06-17 00:00:00 UTC,110,-174,630123009,1.1791666666666665
2018-06-17 00:00:00 UTC,110,-173,630123009,1.97625
2018-06-17 00:00:00 UTC,110,-172,630123009,0.87486111111111109
2018-06-17 00:00:00 UTC,110,1749,412331027,2.3695833333333334
2018-06-17 00:00:00 UTC,110,1757,412331027,2.674722222222222
2018-06-17 00:00:00 UTC,110,1755,412331027,1.18625
2018-06-17 00:00:00 UTC,110,1756,412331027,1.7743055555555556
2018-06-17 00:00:00 UTC,110,1754,412331027,2.5695833333333336
2018-06-17 00:00:00 UTC,110,1303,416003149,3.2797222222222224
2018-06-17 00:00:00 UTC,110,1305,416003149,0.88680555555555562
2018-06-17 00:00:00 UTC,110,1298,416003158,0.5725
2018-06-17 00:00:00 UTC,110,1297,416003158,1.2525
2018-06-17 00:00:00 UTC,110,1299,416003158,8.5666666666666664
2018-06-17 00:00:00 UTC,110,1300,416003158,0.3825
2018-06-17 00:00:00 UTC,110,1770,412200078,1.9318055555555553
2018-06-17 00:00:00 UTC,110,1767,412200078,3.9756944444444446
2018-06-17 00:00:00 UTC,110,1766,412200078,1.1716666666666666
2018-06-17 00:00:00 UTC,110,1769,412200078,2.1569444444444446
2018-06-17 00:00:00 UTC,110,1757,412200079,1.919027777777778
2018-06-17 00:00:00 UTC,110,1758,412200079,1.9869444444444446
2018-06-17 00:00:00 UTC,110,1303,200021422,10.685694444444444
2018-06-17 00:00:00 UTC,110,1743,440770000,0.38944444444444448
2018-06-17 00:00:00 UTC,110,1744,440770000,2.1029166666666668
2018-06-17 00:00:00 UTC,110,-170,412209126,0.57847222222222217
2018-06-17 00:00:00 UTC,110,-169,412209126,15.036111111111113
2018-06-17 00:00:00 UTC,110,-171,630123005,0.70638888888888884
2018-06-17 00:00:00 UTC,110,-170,630123005,0.89847222222222234
2018-06-17 00:00:00 UTC,366,220,239136000,0.58319444444444435
2018-06-17 00:00:00 UTC,366,222,239136000,1.2997222222222222
2018-06-17 00:00:00 UTC,366,221,239136000,2.5370833333333334
2018-06-17 00:00:00 UTC,366,-67,224110360,1.3468055555555556
2018-06-17 00:00:00 UTC,366,255,239412000,0.21263888888888888
2018-06-17 00:00:00 UTC,366,152,247142180,1.086111111111111
2018-06-17 00:00:00 UTC,366,-67,224269350,1.7266666666666666
2018-06-17 00:00:00 UTC,366,1255,440218150,6.63375
2018-06-17 00:00:00 UTC,366,-68,224140330,0.9675
2018-06-17 00:00:00 UTC,366,1358,431006258,6.7569444444444438
2018-06-17 00:00:00 UTC,366,1357,431006258,0.12902777777777777
2018-06-17 00:00:00 UTC,366,1359,431010866,0.28888888888888892
2018-06-17 00:00:00 UTC,366,1358,431006261,1.949861111111111
2018-06-17 00:00:00 UTC,366,1357,431006261,10.826666666666668
2018-06-17 00:00:00 UTC,366,-67,224075830,1.3093055555555555
2018-06-17 00:00:00 UTC,366,-67,224363830,2.521527777777778
2018-06-17 00:00:00 UTC,366,152,247300930,1.5047222222222223
2018-06-17 00:00:00 UTC,366,151,247300930,0.53138888888888891
2018-06-17 00:00:00 UTC,366,1363,431010882,6.4633333333333338
2018-06-17 00:00:00 UTC,366,1365,431010882,0.12888888888888889
2018-06-17 00:00:00 UTC,366,1364,431010882,0.39583333333333326
2018-06-17 00:00:00 UTC,366,154,605000003,6.0359722222222221
2018-06-17 00:00:00 UTC,366,-68,224089160,0.8225
2018-06-17 00:00:00 UTC,366,-67,224322380,1.8455555555555556
2018-06-17 00:00:00 UTC,366,-66,224322380,0.4883333333333334
2018-06-17 00:00:00 UTC,366,308,271073105,12.274861111111107
2018-06-17 00:00:00 UTC,366,1358,431175000,0.29500000000000004
2018-06-17 00:00:00 UTC,366,1359,431175000,1.1018055555555555
2018-06-17 00:00:00 UTC,366,-752,366850650,3.8293055555555555
2018-06-17 00:00:00 UTC,366,-751,366850650,0.26125
2018-06-17 00:00:00 UTC,366,-753,366850650,1.3513888888888888
2018-06-17 00:00:00 UTC,366,308,642122076,0.28208333333333335
2018-06-17 00:00:00 UTC,366,310,642122076,4.0640277777777785
2018-06-17 00:00:00 UTC,366,309,642122076,6.8199999999999994
2018-06-17 00:00:00 UTC,366,1358,431010663,14.323472222222231
2018-06-17 00:00:00 UTC,366,1358,431010669,2.0943055555555552
2018-06-17 00:00:00 UTC,366,1223,800036216,0.6594444444444445
2018-06-17 00:00:00 UTC,366,-67,224049290,1.3162500000000001
2018-06-17 00:00:00 UTC,366,1258,440033420,3.6211111111111114
2018-06-17 00:00:00 UTC,366,1754,416000146,1.1379166666666667
2018-06-17 00:00:00 UTC,366,154,605026711,2.9373611111111111
2018-06-17 00:00:00 UTC,366,155,605026711,1.1540277777777779
2018-06-17 00:00:00 UTC,366,1707,416000412,0.61125000000000007
2018-06-17 00:00:00 UTC,366,1358,431011233,2.1711111111111112
2018-06-17 00:00:00 UTC,366,-26,225943970,1.2169444444444446
2018-06-17 00:00:00 UTC,366,-27,225943970,0.27013888888888893
2018-06-17 00:00:00 UTC,366,118,247143620,0.39847222222222223
2018-06-17 00:00:00 UTC,366,119,247143620,1.0658333333333334
2018-06-17 00:00:00 UTC,366,154,215000780,1.9708333333333332
2018-06-17 00:00:00 UTC,366,153,215000780,0.6475
2018-06-17 00:00:00 UTC,366,-26,224025560,1.3694444444444442
2018-06-17 00:00:00 UTC,366,1454,431700190,6.768472222222222
2018-06-17 00:00:00 UTC,366,1257,440013290,2.5747222222222224
2018-06-17 00:00:00 UTC,366,1358,431011052,16.24430555555556
2018-06-17 00:00:00 UTC,366,309,242149100,0.36458333333333337
2018-06-17 00:00:00 UTC,366,222,239510000,0.46666666666666667
2018-06-17 00:00:00 UTC,366,119,247149810,2.9319444444444445
2018-06-17 00:00:00 UTC,366,118,247149810,1.6788888888888889
2018-06-17 00:00:00 UTC,366,-1220,367011060,2.1044444444444443
2018-06-17 00:00:00 UTC,366,-1219,367011060,1.02125
2018-06-17 00:00:00 UTC,366,-68,224148470,1.7609722222222224
2018-06-17 00:00:00 UTC,366,-67,224024830,2.1204166666666668
2018-06-17 00:00:00 UTC,622,-304,273351680,1.5750000000000002
2018-06-17 00:00:00 UTC,622,-303,273351680,1.1479166666666665
2018-06-17 00:00:00 UTC,622,-302,273351680,2.2547222222222221
2018-06-17 00:00:00 UTC,622,-1799,273824000,2.1299999999999994
2018-06-17 00:00:00 UTC,622,1796,273892100,1.0911111111111109
2018-06-17 00:00:00 UTC,622,1797,273892100,0.26791666666666664
2018-06-17 00:00:00 UTC,622,-1800,273846020,0.32777777777777778
2018-06-17 00:00:00 UTC,622,-53,231189000,1.6720833333333334
2018-06-17 00:00:00 UTC,622,-303,273537800,2.9516666666666667
2018-06-17 00:00:00 UTC,622,-304,273537800,5.990972222222223
2018-06-17 00:00:00 UTC,622,-1799,273840910,1.0691666666666668
2018-06-17 00:00:00 UTC,622,9,258943000,2.8323611111111111
2018-06-17 00:00:00 UTC,622,10,258943000,10.590416666666666
2018-06-17 00:00:00 UTC,622,11,258943000,3.7959722222222219
2018-06-17 00:00:00 UTC,622,-1799,273812510,2.3859722222222222
2018-06-17 00:00:00 UTC,622,-1800,273812510,0.90888888888888908
2018-06-17 00:00:00 UTC,622,-1800,273876000,1.3069444444444442
2018-06-17 00:00:00 UTC,622,1799,273876000,1.5049999999999994
2018-06-17 00:00:00 UTC,622,-1799,273876000,1.4640277777777779
2018-06-17 00:00:00 UTC,622,48,257098540,3.4394444444444447
2018-06-17 00:00:00 UTC,622,-1799,273448750,0.22833333333333333
2018-06-17 00:00:00 UTC,622,-1800,273448750,1.3515277777777779
2018-06-17 00:00:00 UTC,622,-1800,273890100,3.3804166666666657
2018-06-17 00:00:00 UTC,622,-1799,273890100,0.26777777777777778
2018-06-17 00:00:00 UTC,622,-1798,273890100,0.18375000000000002
2018-06-17 00:00:00 UTC,622,-1799,273447750,1.8675
2018-06-17 00:00:00 UTC,622,-38,231037000,3.3366666666666669
2018-06-17 00:00:00 UTC,622,-39,231037000,2.7255555555555557
2018-06-17 00:00:00 UTC,622,-40,231037000,1.2750000000000001
2018-06-17 00:00:00 UTC,622,-1800,273874000,1.3186111111111107
2018-06-17 00:00:00 UTC,622,-1799,273874000,1.647083333333333
2018-06-17 00:00:00 UTC,622,1799,273874000,3.4579166666666654
2018-06-17 00:00:00 UTC,622,-1799,273878100,1.2183333333333335
2018-06-17 00:00:00 UTC,622,-405,331036000,1.9037499999999996
2018-06-17 00:00:00 UTC,622,-1799,273442400,2.2479166666666663
2018-06-17 00:00:00 UTC,622,-1800,273442400,0.11527777777777777
2018-06-17 00:00:00 UTC,622,-39,231046000,4.6338888888888876
2018-06-17 00:00:00 UTC,622,-38,231046000,2.9419444444444447
2018-06-17 00:00:00 UTC,622,-40,231046000,1.6540277777777779
2018-06-17 00:00:00 UTC,622,-302,231014000,0.39208333333333334
2018-06-17 00:00:00 UTC,622,-304,231014000,2.2218055555555551
2018-06-17 00:00:00 UTC,622,-303,231014000,0.53777777777777791
2018-06-17 00:00:00 UTC,622,1798,273821300,0.6725000000000001
2018-06-17 00:00:00 UTC,622,1796,273821300,0.165
2018-06-17 00:00:00 UTC,622,1797,273821300,2.0487499999999987
2018-06-17 00:00:00 UTC,622,-405,211214200,3.261944444444445
2018-06-17 00:00:00 UTC,622,-406,211214200,0.08625
2018-06-17 00:00:00 UTC,622,-404,211214200,4.3533333333333317
2018-06-17 00:00:00 UTC,622,1796,273824900,0.099861111111111123
2018-06-17 00:00:00 UTC,622,1797,273824900,1.5058333333333331
2018-06-17 00:00:00 UTC,622,1798,273824900,0.88625000000000009
2018-06-17 00:00:00 UTC,622,1799,273824900,0.42944444444444441
2018-06-17 00:00:00 UTC,622,-1790,273893000,0.33499999999999996
2018-06-17 00:00:00 UTC,622,-1787,273893000,0.23638888888888887
2018-06-17 00:00:00 UTC,622,-301,231045000,1.199861111111111
2018-06-17 00:00:00 UTC,622,-405,331428000,1.5213888888888889
2018-06-17 00:00:00 UTC,622,1781,273840800,0.42458333333333331
2018-06-17 00:00:00 UTC,622,-304,273449380,5.6068055555555558
2018-06-17 00:00:00 UTC,622,-303,273449380,3.4290277777777773
2018-06-17 00:00:00 UTC,622,-40,231129000,1.2302777777777778
2018-06-17 00:00:00 UTC,622,-38,231129000,2.2683333333333335
2018-06-17 00:00:00 UTC,622,1785,273846700,1.5823611111111109
2018-06-17 00:00:00 UTC,622,1783,273846700,1.44375
2018-06-17 00:00:00 UTC,622,1782,273846700,9.0412500000000016
2018-06-17 00:00:00 UTC,622,1784,273846700,0.4727777777777778
2018-06-17 00:00:00 UTC,622,1786,273846700,1.2191666666666665
2018-06-17 00:00:00 UTC,622,1781,273846700,7.7954166666666662
2018-06-17 00:00:00 UTC,622,10,258563000,6.8548611111111111
2018-06-17 00:00:00 UTC,622,11,258563000,5.0009722222222219
2018-06-17 00:00:00 UTC,622,9,258563000,2.1269444444444443
2018-06-17 00:00:00 UTC,622,8,258563000,1.65
2018-06-17 00:00:00 UTC,622,-1799,273359300,1.3022222222222222
2018-06-17 00:00:00 UTC,622,-1800,273359300,1.5981944444444445
2018-06-17 00:00:00 UTC,622,1797,273821900,2.728472222222222
2018-06-17 00:00:00 UTC,622,-52,231010000,0.5708333333333333
2018-06-17 00:00:00 UTC,622,-53,231010000,1.5556944444444445
2018-06-17 00:00:00 UTC,622,1797,273841110,2.6068055555555558
2018-06-17 00:00:00 UTC,622,1796,273841110,0.96472222222222193
2018-06-17 00:00:00 UTC,622,1798,273841110,0.24319444444444446
2018-06-17 00:00:00 UTC,622,-52,231031000,1.687222222222222
2018-06-17 00:00:00 UTC,622,10,258732000,5.1466666666666665
2018-06-17 00:00:00 UTC,622,11,258732000,11.118333333333334
2018-06-17 00:00:00 UTC,622,-1798,273825000,0.27805555555555556
2018-06-17 00:00:00 UTC,622,-1800,273825000,2.04
2018-06-17 00:00:00 UTC,622,-1799,273825000,0.828611111111111
2018-06-17 00:00:00 UTC,622,-52,231009000,0.59986111111111118
2018-06-17 00:00:00 UTC,622,-53,231009000,1.6661111111111109
2018-06-17 00:00:00 UTC,622,-52,231030000,1.8386111111111114
2018-06-17 00:00:00 UTC,622,-53,231190000,1.7843055555555558
2018-06-17 00:00:00 UTC,622,-304,273538800,2.3456944444444443
2018-06-17 00:00:00 UTC,622,-303,273538800,2.4640277777777784
2018-06-17 00:00:00 UTC,622,-1800,273248500,0.91222222222222216
2018-06-17 00:00:00 UTC,622,-1799,273248500,0.81152777777777785
2018-06-17 00:00:00 UTC,622,-1800,273899000,1.3540277777777774
2018-06-17 00:00:00 UTC,-402,1570,431704110,1.0451388888888888
2018-06-17 00:00:00 UTC,-402,1578,431704110,0.75402777777777774
2018-06-17 00:00:00 UTC,-402,1580,431704110,1.5594444444444444
2018-06-17 00:00:00 UTC,-402,1575,431704110,1.1830555555555555
2018-06-17 00:00:00 UTC,-402,1569,431704110,0.42430555555555555
2018-06-17 00:00:00 UTC,-402,1576,431704110,1.2580555555555555
2018-06-17 00:00:00 UTC,-402,1573,431704110,1.6373611111111115
2018-06-17 00:00:00 UTC,-402,1571,431704110,1.1755555555555557
2018-06-17 00:00:00 UTC,-402,1577,431704110,1.0501388888888887
2018-06-17 00:00:00 UTC,-402,1567,431704110,0.95861111111111108
2018-06-17 00:00:00 UTC,-402,1572,431704110,1.2388888888888887
2018-06-17 00:00:00 UTC,-402,1579,431704110,1.5515277777777776
2018-06-17 00:00:00 UTC,-402,1574,431704110,1.6443055555555557
2018-06-17 00:00:00 UTC,-402,-820,413235000,0.24291666666666667
2018-06-17 00:00:00 UTC,-402,-568,701000509,0.6743055555555556
2018-06-17 00:00:00 UTC,-402,-507,416043600,1.0847222222222221
2018-06-17 00:00:00 UTC,-402,1680,512000126,3.2319444444444447
2018-06-17 00:00:00 UTC,-402,1679,512000126,4.2584722222222222
2018-06-17 00:00:00 UTC,-402,1569,431703710,0.26305555555555554
2018-06-17 00:00:00 UTC,-146,1689,412420865,0.58500000000000008
2018-06-17 00:00:00 UTC,-146,1687,412420865,0.71666666666666667
2018-06-17 00:00:00 UTC,-146,1688,412420865,2.0083333333333333
2018-06-17 00:00:00 UTC,-146,-1267,412420901,0.9075000000000002
2018-06-17 00:00:00 UTC,-146,-954,224017000,0.29180555555555554
2018-06-17 00:00:00 UTC,-146,-766,760012394,0.2655555555555556
2018-06-17 00:00:00 UTC,-146,1689,412689520,7.6615277777777786
2018-06-17 00:00:00 UTC,-146,1695,412470420,3.7041666666666666
2018-06-17 00:00:00 UTC,-146,-1221,412420793,0.51236111111111116
2018-06-17 00:00:00 UTC,-146,-1585,416077500,0.5625
2018-06-17 00:00:00 UTC,-146,-1584,416077500,1.3795833333333334
2018-06-17 00:00:00 UTC,-146,-871,224696000,1.4138888888888888
2018-06-17 00:00:00 UTC,-146,-1724,576695000,0.74916666666666665
2018-06-17 00:00:00 UTC,111,-173,630123009,1.8279166666666666
2018-06-17 00:00:00 UTC,111,1757,412331027,1.1084722222222223
2018-06-17 00:00:00 UTC,111,1755,412331027,3.3412500000000005
2018-06-17 00:00:00 UTC,111,1756,412331027,1.6134722222222224
2018-06-17 00:00:00 UTC,111,1751,412331027,1.2008333333333334
2018-06-17 00:00:00 UTC,111,1752,412331027,3.8150000000000004
2018-06-17 00:00:00 UTC,111,1750,412331027,0.75736111111111115
2018-06-17 00:00:00 UTC,111,1303,416003149,1.735
2018-06-17 00:00:00 UTC,111,1304,416003149,4.1163888888888893
2018-06-17 00:00:00 UTC,111,1298,416003158,4.7352777777777781
2018-06-17 00:00:00 UTC,111,1302,416003158,3.9865277777777779
2018-06-17 00:00:00 UTC,111,1297,416003158,0.82027777777777777
2018-06-17 00:00:00 UTC,111,1768,412200078,3.6223611111111111
2018-06-17 00:00:00 UTC,111,1769,412200078,2.1251388888888889
2018-06-17 00:00:00 UTC,111,1770,412200078,1.475138888888889
2018-06-17 00:00:00 UTC,111,1304,200021422,5.5768055555555556
2018-06-17 00:00:00 UTC,111,1322,416003009,5.0649999999999995
2018-06-17 00:00:00 UTC,111,1744,440770000,0.98125000000000018
2018-06-17 00:00:00 UTC,111,-169,412209126,2.4630555555555556
2018-06-17 00:00:00 UTC,111,-170,412209126,6.6041666666666661
2018-06-17 00:00:00 UTC,111,-171,630123005,1.3636111111111109
2018-06-17 00:00:00 UTC,367,221,239136000,1.6775000000000002
2018-06-17 00:00:00 UTC,367,-82,263231000,4.7293055555555554
2018-06-17 00:00:00 UTC,367,-81,263231000,0.24527777777777776
2018-06-17 00:00:00 UTC,367,-83,263231000,3.2880555555555557
2018-06-17 00:00:00 UTC,367,1359,431010074,9.70638888888889
2018-06-17 00:00:00 UTC,367,1257,440215580,4.5234722222222219
2018-06-17 00:00:00 UTC,367,255,239412000,6.472500000000001
2018-06-17 00:00:00 UTC,367,-82,204244000,0.81930555555555562
2018-06-17 00:00:00 UTC,367,-81,204244000,0.83486111111111116
2018-06-17 00:00:00 UTC,367,-78,263401250,2.0820833333333328
2018-06-17 00:00:00 UTC,367,-80,263401250,0.16125
2018-06-17 00:00:00 UTC,367,-79,263401250,1.673888888888889
2018-06-17 00:00:00 UTC,367,152,247142180,2.2543055555555553
2018-06-17 00:00:00 UTC,367,1326,440402470,4.6975
2018-06-17 00:00:00 UTC,367,1372,431008553,0.545
2018-06-17 00:00:00 UTC,367,1359,431010866,15.253472222222223
2018-06-17 00:00:00 UTC,367,1363,431010366,1.8177777777777779
2018-06-17 00:00:00 UTC,367,1363,431010882,6.0002777777777805
2018-06-17 00:00:00 UTC,367,1364,431010882,0.26277777777777778
2018-06-17 00:00:00 UTC,367,155,605000003,4.1645833333333337
2018-06-17 00:00:00 UTC,367,154,605000003,5.9026388888888892
2018-06-17 00:00:00 UTC,367,126,247148110,1.8033333333333332
2018-06-17 00:00:00 UTC,367,127,247148110,5.1112499999999992
2018-06-17 00:00:00 UTC,367,-81,263408470,0.7825
2018-06-17 00:00:00 UTC,367,-82,263408470,7.3031944444444461
2018-06-17 00:00:00 UTC,367,1358,431175000,3.9929166666666673
2018-06-17 00:00:00 UTC,367,-80,263406940,1.1973611111111113
2018-06-17 00:00:00 UTC,367,-82,263406940,2.076111111111111
2018-06-17 00:00:00 UTC,367,-81,263406940,2.1508333333333334
2018-06-17 00:00:00 UTC,367,-79,263406940,0.32916666666666666
2018-06-17 00:00:00 UTC,367,153,247108700,1.9888888888888887
2018-06-17 00:00:00 UTC,367,154,247108700,2.0126388888888886
2018-06-17 00:00:00 UTC,367,1256,440208480,1.1938888888888888
2018-06-17 00:00:00 UTC,367,1257,440208480,1.1408333333333334
2018-06-17 00:00:00 UTC,367,139,247155040,5.3484722222222212
2018-06-17 00:00:00 UTC,367,140,247155040,1.7584722222222222
2018-06-17 00:00:00 UTC,367,-78,263413350,2.5611111111111109
2018-06-17 00:00:00 UTC,367,-83,263413350,1.32
2018-06-17 00:00:00 UTC,367,-79,263413350,1.5818055555555555
2018-06-17 00:00:00 UTC,367,-83,263435370,2.0644444444444447
2018-06-17 00:00:00 UTC,367,-84,263435370,2.6958333333333333
2018-06-17 00:00:00 UTC,367,-81,263435370,0.15069444444444444
2018-06-17 00:00:00 UTC,367,-85,263435370,2.8602777777777777
2018-06-17 00:00:00 UTC,367,-82,263435370,5.3890277777777786
2018-06-17 00:00:00 UTC,367,-86,263435370,0.50777777777777788
2018-06-17 00:00:00 UTC,367,1358,431010669,12.780694444444446
2018-06-17 00:00:00 UTC,367,1359,431010669,0.27166666666666667
2018-06-17 00:00:00 UTC,367,1260,440324720,3.1833333333333336
2018-06-17 00:00:00 UTC,367,1363,431007096,13.353055555555555
2018-06-17 00:00:00 UTC,367,1371,431008639,0.84402777777777782
2018-06-17 00:00:00 UTC,367,1365,431009927,2.7820833333333335
2018-06-17 00:00:00 UTC,367,1366,431009927,0.5279166666666667
2018-06-17 00:00:00 UTC,367,-91,263237000,1.128611111111111
2018-06-17 00:00:00 UTC,367,-90,263237000,2.6979166666666674
2018-06-17 00:00:00 UTC,367,-89,263237000,1.6462500000000002
2018-06-17 00:00:00 UTC,367,-88,263237000,3.0269444444444442
2018-06-17 00:00:00 UTC,367,-87,263237000,1.9383333333333341
2018-06-17 00:00:00 UTC,367,1755,416000146,0.83236111111111122
2018-06-17 00:00:00 UTC,367,1754,416000146,0.72361111111111109
2018-06-17 00:00:00 UTC,367,1372,431009429,0.86249999999999993
2018-06-17 00:00:00 UTC,367,154,605026711,6.21013888888889
2018-06-17 00:00:00 UTC,367,156,605026711,1.3195833333333333
2018-06-17 00:00:00 UTC,367,155,605026711,2.0802777777777774
2018-06-17 00:00:00 UTC,367,1708,416000412,0.54847222222222225
2018-06-17 00:00:00 UTC,367,1360,431009949,7.6122222222222229
2018-06-17 00:00:00 UTC,367,1359,431009949,4.2826388888888891
2018-06-17 00:00:00 UTC,367,1359,431009951,4.7208333333333314
2018-06-17 00:00:00 UTC,367,-82,263236000,2.6493055555555554
2018-06-17 00:00:00 UTC,367,1359,431009953,13.803194444444443
2018-06-17 00:00:00 UTC,367,1358,431011233,1.2983333333333333
2018-06-17 00:00:00 UTC,367,1359,431011233,11.018611111111111
2018-06-17 00:00:00 UTC,367,1371,431009447,1.9587500000000002
2018-06-17 00:00:00 UTC,367,-40,224076970,1.4530555555555555
2018-06-17 00:00:00 UTC,367,154,256000684,0.55833333333333335
2018-06-17 00:00:00 UTC,367,1370,431009711,0.55319444444444443
2018-06-17 00:00:00 UTC,367,1260,440225200,2.3377777777777777
2018-06-17 00:00:00 UTC,367,152,247300030,1.4043055555555557
2018-06-17 00:00:00 UTC,367,-39,225986496,1.0929166666666665
2018-06-17 00:00:00 UTC,367,152,247144130,2.4913888888888889
2018-06-17 00:00:00 UTC,367,151,247144130,0.8419444444444445
2018-06-17 00:00:00 UTC,367,117,247143620,1.359861111111111
2018-06-17 00:00:00 UTC,367,118,247143620,1.5970833333333332
2018-06-17 00:00:00 UTC,367,1358,431900104,0.36777777777777776
2018-06-17 00:00:00 UTC,367,-69,224103380,1.6572222222222222
2018-06-17 00:00:00 UTC,367,-26,224025560,0.52
2018-06-17 00:00:00 UTC,367,-68,224080860,1.8590277777777775
2018-06-17 00:00:00 UTC,367,152,247140580,0.59555555555555562
2018-06-17 00:00:00 UTC,367,153,249000934,8.18902777777778
2018-06-17 00:00:00 UTC,367,155,249000934,1.0427777777777778
2018-06-17 00:00:00 UTC,367,154,249000934,3.9554166666666664
2018-06-17 00:00:00 UTC,367,-82,263406570,6.9424999999999972
2018-06-17 00:00:00 UTC,367,-83,263406570,2.2215277777777782
2018-06-17 00:00:00 UTC,367,-84,263406570,0.63138888888888889
2018-06-17 00:00:00 UTC,367,-81,263406570,3.8251388888888878
2018-06-17 00:00:00 UTC,367,222,239510000,0.4901388888888889
2018-06-17 00:00:00 UTC,367,1359,431010801,9.1634722222222234
2018-06-17 00:00:00 UTC,367,1358,431010801,5.6893055555555554
2018-06-17 00:00:00 UTC,367,-1219,367011060,0.64083333333333337
2018-06-17 00:00:00 UTC,367,-1220,367011060,1.9654166666666666
2018-06-17 00:00:00 UTC,623,-302,273351680,0.97152777777777777
2018-06-17 00:00:00 UTC,623,-303,273351680,1.5809722222222222
2018-06-17 00:00:00 UTC,623,-1796,273824000,1.3791666666666662
2018-06-17 00:00:00 UTC,623,-1798,273824000,2.4404166666666667
2018-06-17 00:00:00 UTC,623,-1795,273824000,0.53777777777777791
2018-06-17 00:00:00 UTC,623,-1797,273824000,2.2480555555555553
2018-06-17 00:00:00 UTC,623,-1799,273824000,2.0604166666666659
2018-06-17 00:00:00 UTC,623,1798,273892100,0.60250000000000015
2018-06-17 00:00:00 UTC,623,1797,273892100,0.92666666666666664
2018-06-17 00:00:00 UTC,623,-53,231189000,2.1459722222222224
2018-06-17 00:00:00 UTC,623,-305,273537800,2.257916666666667
2018-06-17 00:00:00 UTC,623,-304,273537800,12.434305555555554
2018-06-17 00:00:00 UTC,623,-1797,273350410,0.55583333333333329
2018-06-17 00:00:00 UTC,623,-1796,273350410,0.16166666666666665
2018-06-17 00:00:00 UTC,623,-1798,273840910,0.93111111111111111
2018-06-17 00:00:00 UTC,623,-1799,273840910,1.8658333333333335
2018-06-17 00:00:00 UTC,623,-1795,273840910,0.43180555555555555
2018-06-17 00:00:00 UTC,623,-1794,273840910,1.5606944444444442
2018-06-17 00:00:00 UTC,623,-1800,273840910,1.0713888888888889
2018-06-17 00:00:00 UTC,623,-1797,273840910,1.7245833333333334
2018-06-17 00:00:00 UTC,623,-1796,273840910,1.253611111111111
2018-06-17 00:00:00 UTC,623,11,258943000,0.8075
2018-06-17 00:00:00 UTC,623,10,258943000,2.1479166666666667
2018-06-17 00:00:00 UTC,623,-301,273355290,1.1038888888888887
2018-06-17 00:00:00 UTC,623,-302,273355290,2.4977777777777783
2018-06-17 00:00:00 UTC,623,-1797,273812510,2.3152777777777773
2018-06-17 00:00:00 UTC,623,-1796,273812510,2.3170833333333332
2018-06-17 00:00:00 UTC,623,-1800,273812510,1.9052777777777772
2018-06-17 00:00:00 UTC,623,-1795,273812510,2.0938888888888889
2018-06-17 00:00:00 UTC,623,-1794,273812510,0.27888888888888885
2018-06-17 00:00:00 UTC,623,-1799,273812510,6.1269444444444447
2018-06-17 00:00:00 UTC,623,-1798,273812510,3.61972222222222
2018-06-17 00:00:00 UTC,623,-1800,273876000,1.4972222222222225
2018-06-17 00:00:00 UTC,623,1799,273876000,0.10236111111111111
2018-06-17 00:00:00 UTC,623,-1796,273876000,1.7670833333333327
2018-06-17 00:00:00 UTC,623,-1798,273876000,1.5181944444444435
2018-06-17 00:00:00 UTC,623,-1799,273876000,3.2527777777777773
2018-06-17 00:00:00 UTC,623,-1795,273876000,0.98944444444444457
2018-06-17 00:00:00 UTC,623,-1794,273876000,0.15736111111111112
2018-06-17 00:00:00 UTC,623,-1797,273876000,2.313333333333333
2018-06-17 00:00:00 UTC,623,46,257098540,3.9576388888888889
2018-06-17 00:00:00 UTC,623,-1798,273448750,2.9044444444444437
2018-06-17 00:00:00 UTC,623,-1800,273448750,2.5693055555555548
2018-06-17 00:00:00 UTC,623,-1797,273448750,1.5776388888888888
2018-06-17 00:00:00 UTC,623,-1799,273448750,3.1834722222222211
2018-06-17 00:00:00 UTC,623,-1796,273448750,1.3166666666666667
2018-06-17 00:00:00 UTC,623,-1795,273448750,0.45805555555555555
2018-06-17 00:00:00 UTC,623,-301,273311280,2.4979166666666668
2018-06-17 00:00:00 UTC,623,-300,273311280,0.49444444444444446
2018-06-17 00:00:00 UTC,623,-302,273311280,3.0751388888888886
2018-06-17 00:00:00 UTC,623,-1795,273890100,0.69361111111111085
2018-06-17 00:00:00 UTC,623,-1796,273890100,1.7706944444444446
2018-06-17 00:00:00 UTC,623,-1799,273890100,4.8470833333333312
2018-06-17 00:00:00 UTC,623,-1800,273890100,2.222777777777778
2018-06-17 00:00:00 UTC,623,-1797,273890100,3.8418055555555553
2018-06-17 00:00:00 UTC,623,-1798,273890100,6.6634722222222216
2018-06-17 00:00:00 UTC,623,-301,273240900,1.0554166666666667
2018-06-17 00:00:00 UTC,623,-302,273240900,0.44277777777777783
2018-06-17 00:00:00 UTC,623,-1799,273447750,2.4716666666666671
2018-06-17 00:00:00 UTC,623,-1796,273447750,1.9290277777777785
2018-06-17 00:00:00 UTC,623,-1800,273447750,3.2105555555555561
2018-06-17 00:00:00 UTC,623,-1797,273447750,2.2645833333333329
2018-06-17 00:00:00 UTC,623,-1798,273447750,0.76222222222222213
2018-06-17 00:00:00 UTC,623,1799,273447750,0.75958333333333328
2018-06-17 00:00:00 UTC,623,-41,231037000,3.0444444444444443
2018-06-17 00:00:00 UTC,623,-42,231037000,0.3190277777777778
2018-06-17 00:00:00 UTC,623,-40,231037000,1.0741666666666667
2018-06-17 00:00:00 UTC,623,-39,231037000,0.9786111111111111
2018-06-17 00:00:00 UTC,623,-1797,273441610,0.60694444444444451
2018-06-17 00:00:00 UTC,623,-301,273246800,1.4184722222222224
2018-06-17 00:00:00 UTC,623,-302,273246800,2.5444444444444438
2018-06-17 00:00:00 UTC,623,1799,273874000,0.61555555555555574
2018-06-17 00:00:00 UTC,623,-1799,273874000,2.4334722222222225
2018-06-17 00:00:00 UTC,623,-1795,273874000,1.8838888888888885
2018-06-17 00:00:00 UTC,623,-1796,273874000,2.2355555555555546
2018-06-17 00:00:00 UTC,623,-1800,273874000,3.2476388888888894
2018-06-17 00:00:00 UTC,623,-1798,273874000,3.4872222222222216
2018-06-17 00:00:00 UTC,623,-1797,273874000,3.0934722222222222
2018-06-17 00:00:00 UTC,623,-1795,273878100,0.50763888888888886
2018-06-17 00:00:00 UTC,623,-1799,273878100,0.98791666666666667
2018-06-17 00:00:00 UTC,623,-1798,273878100,2.0186111111111114
2018-06-17 00:00:00 UTC,623,-1796,273878100,4.1362499999999995
2018-06-17 00:00:00 UTC,623,-1797,273878100,4.7041666666666675
2018-06-17 00:00:00 UTC,623,-404,331036000,6.318194444444444
2018-06-17 00:00:00 UTC,623,-1794,273442400,1.7551388888888879
2018-06-17 00:00:00 UTC,623,-1800,273442400,2.9606944444444445
2018-06-17 00:00:00 UTC,623,-1793,273442400,0.092083333333333323
2018-06-17 00:00:00 UTC,623,-1795,273442400,1.3561111111111113
2018-06-17 00:00:00 UTC,623,-1799,273442400,3.6994444444444441
2018-06-17 00:00:00 UTC,623,-1798,273442400,1.1851388888888887
2018-06-17 00:00:00 UTC,623,-1797,273442400,1.3231944444444439
2018-06-17 00:00:00 UTC,623,-1796,273442400,1.3393055555555557
2018-06-17 00:00:00 UTC,623,-1794,273353060,0.1711111111111111
2018-06-17 00:00:00 UTC,623,-1796,273353060,0.22374999999999998
2018-06-17 00:00:00 UTC,623,-1798,273353060,4.5499999999999972
2018-06-17 00:00:00 UTC,623,-1799,273353060,4.1666666666666661
2018-06-17 00:00:00 UTC,623,-1797,273353060,2.078611111111111
2018-06-17 00:00:00 UTC,623,-1793,273353060,0.48763888888888884
2018-06-17 00:00:00 UTC,623,-1800,273353060,0.46138888888888879
2018-06-17 00:00:00 UTC,623,-1799,273847910,1.2805555555555552
2018-06-17 00:00:00 UTC,623,-1795,273847910,1.1923611111111108
2018-06-17 00:00:00 UTC,623,-1798,273847910,3.2977777777777777
2018-06-17 00:00:00 UTC,623,-1796,273847910,5.07847222222222
2018-06-17 00:00:00 UTC,623,-1797,273847910,3.7945833333333328
2018-06-17 00:00:00 UTC,623,-1794,273847910,0.21875
2018-06-17 00:00:00 UTC,623,-1800,273847910,1.0747222222222221
2018-06-17 00:00:00 UTC,623,-302,273437550,2.4180555555555552
2018-06-17 00:00:00 UTC,623,-41,231046000,1.4348611111111111
2018-06-17 00:00:00 UTC,623,-40,231046000,0.7040277777777777
2018-06-17 00:00:00 UTC,623,-39,231046000,0.58916666666666662
2018-06-17 00:00:00 UTC,623,-42,231046000,2.4881944444444448
2018-06-17 00:00:00 UTC,623,-305,231014000,0.70444444444444443
2018-06-17 00:00:00 UTC,623,-304,231014000,2.5434722222222219
2018-06-17 00:00:00 UTC,623,-1795,273811060,0.70930555555555552
2018-06-17 00:00:00 UTC,623,-1797,273811060,5.5727777777777847
2018-06-17 00:00:00 UTC,623,-1798,273811060,5.7305555555555561
2018-06-17 00:00:00 UTC,623,-1800,273811060,1.7275000000000003
2018-06-17 00:00:00 UTC,623,-1799,273811060,3.4913888888888893
2018-06-17 00:00:00 UTC,623,-1796,273811060,2.3520833333333329
2018-06-17 00:00:00 UTC,623,1798,273821300,1.094583333333333
2018-06-17 00:00:00 UTC,623,-405,211214200,0.24708333333333335
2018-06-17 00:00:00 UTC,623,-404,211214200,4.5197222222222209
2018-06-17 00:00:00 UTC,623,-1797,273841020,0.81097222222222232
2018-06-17 00:00:00 UTC,623,-1799,273841020,0.54236111111111107
2018-06-17 00:00:00 UTC,623,-1800,273841020,1.2786111111111109
2018-06-17 00:00:00 UTC,623,-1798,273841020,1.482361111111111
2018-06-17 00:00:00 UTC,623,-1794,273893000,0.83444444444444443
2018-06-17 00:00:00 UTC,623,-1795,273893000,1.1362500000000002
2018-06-17 00:00:00 UTC,623,-1796,273893000,1.4781944444444446
2018-06-17 00:00:00 UTC,623,-1792,273893000,0.42263888888888884
2018-06-17 00:00:00 UTC,623,-1797,273893000,1.2068055555555559
2018-06-17 00:00:00 UTC,623,-1793,273893000,0.34916666666666668
2018-06-17 00:00:00 UTC,623,-1798,273893000,1.2161111111111111
2018-06-17 00:00:00 UTC,623,-301,231045000,5.5327777777777776
2018-06-17 00:00:00 UTC,623,-302,231045000,0.8125
2018-06-17 00:00:00 UTC,623,-609,316005259,0.58902777777777782
2018-06-17 00:00:00 UTC,623,-608,316005259,0.15208333333333335
2018-06-17 00:00:00 UTC,623,-42,231087000,2.1858333333333335
2018-06-17 00:00:00 UTC,623,-405,331428000,2.2683333333333331
2018-06-17 00:00:00 UTC,623,-80,231236000,1.4012499999999999
2018-06-17 00:00:00 UTC,623,-78,231236000,6.4097222222222223
2018-06-17 00:00:00 UTC,623,-77,231236000,1.0765277777777778
2018-06-17 00:00:00 UTC,623,-79,231236000,0.96569444444444441
2018-06-17 00:00:00 UTC,623,-305,273449380,2.64375
2018-06-17 00:00:00 UTC,623,-304,273449380,11.71027777777778
2018-06-17 00:00:00 UTC,623,-42,231129000,1.6111111111111112
2018-06-17 00:00:00 UTC,623,-40,231129000,2.5391666666666666
2018-06-17 00:00:00 UTC,623,1781,273846700,0.026250000000000002
2018-06-17 00:00:00 UTC,623,10,258563000,1.4106944444444445
2018-06-17 00:00:00 UTC,623,-1797,273359300,0.60291666666666666
2018-06-17 00:00:00 UTC,623,-1795,273359300,1.1841666666666664
2018-06-17 00:00:00 UTC,623,-1794,273359300,0.18458333333333335
2018-06-17 00:00:00 UTC,623,-1796,273359300,1.2587499999999996
2018-06-17 00:00:00 UTC,623,-1798,273359300,0.55847222222222226
2018-06-17 00:00:00 UTC,623,-1800,273359300,1.9988888888888885
2018-06-17 00:00:00 UTC,623,-1799,273359300,0.96597222222222245
2018-06-17 00:00:00 UTC,623,-301,273212100,1.0025000000000002
2018-06-17 00:00:00 UTC,623,-302,273212100,1.0601388888888887
2018-06-17 00:00:00 UTC,623,1797,273841110,0.68625000000000014
2018-06-17 00:00:00 UTC,623,1799,273841110,1.2413888888888889
2018-06-17 00:00:00 UTC,623,1798,273841110,1.9066666666666661
2018-06-17 00:00:00 UTC,623,-52,231031000,0.58097222222222222
2018-06-17 00:00:00 UTC,623,-53,231031000,0.36222222222222222
2018-06-17 00:00:00 UTC,623,-85,231180000,0.33708333333333335
2018-06-17 00:00:00 UTC,623,11,258732000,0.91833333333333345
2018-06-17 00:00:00 UTC,623,-1797,273825000,2.2554166666666657
2018-06-17 00:00:00 UTC,623,-1800,273825000,1.4143055555555557
2018-06-17 00:00:00 UTC,623,-1795,273825000,0.7697222222222222
2018-06-17 00:00:00 UTC,623,-1796,273825000,1.13375
2018-06-17 00:00:00 UTC,623,-1798,273825000,3.026527777777777
2018-06-17 00:00:00 UTC,623,-1794,273825000,0.41000000000000003
2018-06-17 00:00:00 UTC,623,-1799,273825000,1.7702777777777774
2018-06-17 00:00:00 UTC,623,-52,231030000,0.49597222222222226
2018-06-17 00:00:00 UTC,623,-53,231030000,0.13611111111111113
2018-06-17 00:00:00 UTC,623,-53,231190000,1.8697222222222225
2018-06-17 00:00:00 UTC,623,-305,273538800,2.9797222222222222
2018-06-17 00:00:00 UTC,623,-301,273538800,1.931111111111111
2018-06-17 00:00:00 UTC,623,-304,273538800,9.0848611111111133
2018-06-17 00:00:00 UTC,623,-302,273538800,0.45708333333333329
2018-06-17 00:00:00 UTC,623,-306,273538800,0.39402777777777781
2018-06-17 00:00:00 UTC,623,-301,273217010,1.1480555555555558
2018-06-17 00:00:00 UTC,623,-302,273217010,0.5972222222222221
2018-06-17 00:00:00 UTC,623,-1795,273248500,1.4504166666666671
2018-06-17 00:00:00 UTC,623,-1796,273248500,2.3354166666666667
2018-06-17 00:00:00 UTC,623,-1799,273248500,5.4759722222222216
2018-06-17 00:00:00 UTC,623,-1800,273248500,2.7509722222222224
2018-06-17 00:00:00 UTC,623,-1797,273248500,2.0022222222222221
2018-06-17 00:00:00 UTC,623,-1798,273248500,3.9897222222222215
2018-06-17 00:00:00 UTC,623,1788,273358840,0.49305555555555547
2018-06-17 00:00:00 UTC,623,1787,273358840,1.5266666666666664
2018-06-17 00:00:00 UTC,623,1789,273358840,3.6770833333333321
2018-06-17 00:00:00 UTC,623,1786,273358840,0.28416666666666662
2018-06-17 00:00:00 UTC,623,-1799,273899000,3.7931944444444454
2018-06-17 00:00:00 UTC,623,-1797,273899000,2.5898611111111105
2018-06-17 00:00:00 UTC,623,-1800,273899000,3.0587500000000007
2018-06-17 00:00:00 UTC,623,-1796,273899000,1.8820833333333329
2018-06-17 00:00:00 UTC,623,-1795,273899000,0.95972222222222225
2018-06-17 00:00:00 UTC,623,-1798,273899000,2.783611111111111
2018-06-17 00:00:00 UTC,-401,-522,416037900,1.0866666666666667
2018-06-17 00:00:00 UTC,-401,-520,416037900,0.48694444444444446
2018-06-17 00:00:00 UTC,-401,-521,416037900,1.6137499999999998
2018-06-17 00:00:00 UTC,-401,1771,512006191,2.236388888888889
2018-06-17 00:00:00 UTC,-401,-568,701000509,0.54736111111111119
2018-06-17 00:00:00 UTC,-401,-506,416043600,5.1887500000000006
2018-06-17 00:00:00 UTC,-401,1680,512000126,6.454722222222224
2018-06-17 00:00:00 UTC,-401,1681,512000126,4.375972222222221
2018-06-17 00:00:00 UTC,-401,1679,512000126,1.3277777777777777
2018-06-17 00:00:00 UTC,-401,1683,512000126,1.2076388888888885
2018-06-17 00:00:00 UTC,-401,1684,512000126,0.135
2018-06-17 00:00:00 UTC,-401,1682,512000126,1.1937499999999999
2018-06-17 00:00:00 UTC,-401,1572,431703710,1.2974999999999999
2018-06-17 00:00:00 UTC,-401,1571,431703710,0.94861111111111107
2018-06-17 00:00:00 UTC,-401,1577,431703710,0.90111111111111108
2018-06-17 00:00:00 UTC,-401,1569,431703710,1.5052777777777779
2018-06-17 00:00:00 UTC,-401,1580,431703710,2.2666666666666666
2018-06-17 00:00:00 UTC,-401,1570,431703710,1.7379166666666668
2018-06-17 00:00:00 UTC,-401,1573,431703710,0.92458333333333342
2018-06-17 00:00:00 UTC,-401,1576,431703710,0.34736111111111112
2018-06-17 00:00:00 UTC,-401,1578,431703710,0.70805555555555555
2018-06-17 00:00:00 UTC,-401,-512,416176800,1.9991666666666665
2018-06-17 00:00:00 UTC,-401,-513,416176800,0.24277777777777779
2018-06-17 00:00:00 UTC,-145,1687,412420865,1.5681944444444444
2018-06-17 00:00:00 UTC,-145,1688,412420865,3.836527777777778
2018-06-17 00:00:00 UTC,-145,1695,412470420,2.5377777777777775
2018-06-17 00:00:00 UTC,-145,-1586,416077500,0.91472222222222221
2018-06-17 00:00:00 UTC,-145,-1587,416077500,0.85180555555555559
2018-06-17 00:00:00 UTC,-145,-1595,416077500,1.6877777777777778
2018-06-17 00:00:00 UTC,-145,-871,224696000,1.2294444444444443
2018-06-17 00:00:00 UTC,-145,1537,432984000,0.1970833333333333
2018-06-17 00:00:00 UTC,-145,1532,432984000,0.35666666666666663
2018-06-17 00:00:00 UTC,-145,1533,432984000,0.34666666666666668
2018-06-17 00:00:00 UTC,-145,1521,412329426,4.8454166666666669
2018-06-17 00:00:00 UTC,-145,1526,412329426,1.4255555555555555
2018-06-17 00:00:00 UTC,-145,1528,412329426,0.90250000000000008
2018-06-17 00:00:00 UTC,-145,1522,412329426,2.1108333333333333
2018-06-17 00:00:00 UTC,-145,1529,412329426,1.5227777777777778
2018-06-17 00:00:00 UTC,-145,1525,412329426,2.0247222222222225
2018-06-17 00:00:00 UTC,-145,1523,412329426,1.9922222222222223
2018-06-17 00:00:00 UTC,-145,1527,412329426,2.778888888888889
2018-06-17 00:00:00 UTC,-145,1524,412329426,2.5604166666666668
2018-06-17 00:00:00 UTC,-145,-1724,576695000,1.7904166666666668
2018-06-17 00:00:00 UTC,-145,-1726,576695000,0.90847222222222213
2018-06-17 00:00:00 UTC,-145,-1725,576695000,1.337361111111111
2018-06-17 00:00:00 UTC,-145,-1727,576695000,2.36375
2018-06-17 00:00:00 UTC,-145,-1728,576695000,1.568611111111111
2018-06-17 00:00:00 UTC,112,1299,416197900,5.2236111111111105
2018-06-17 00:00:00 UTC,112,1298,416197900,0.3833333333333333
2018-06-17 00:00:00 UTC,112,1754,412331027,0.84888888888888892
2018-06-17 00:00:00 UTC,112,1755,412331027,1.32
2018-06-17 00:00:00 UTC,112,1752,412331027,0.6875
2018-06-17 00:00:00 UTC,112,1751,412331027,0.40041666666666675
2018-06-17 00:00:00 UTC,112,1757,577289000,0.80680555555555555
2018-06-17 00:00:00 UTC,112,1755,577289000,1.9524999999999997
2018-06-17 00:00:00 UTC,112,1750,577289000,0.18722222222222223
2018-06-17 00:00:00 UTC,112,1756,577289000,4.1558333333333337
2018-06-17 00:00:00 UTC,112,1753,577289000,1.4566666666666666
2018-06-17 00:00:00 UTC,112,1754,577289000,4.7834722222222217
2018-06-17 00:00:00 UTC,112,1749,577289000,0.98444444444444446
2018-06-17 00:00:00 UTC,112,1304,416003149,0.93652777777777785
2018-06-17 00:00:00 UTC,112,1753,577308000,3.1154166666666665
2018-06-17 00:00:00 UTC,112,1317,200023459,4.2313888888888886
2018-06-17 00:00:00 UTC,112,1744,440770000,3.82375
2018-06-17 00:00:00 UTC,112,-170,630123004,0.078055555555555559
2018-06-17 00:00:00 UTC,112,-171,630123005,1.34875
2018-06-17 00:00:00 UTC,368,221,239136000,0.89194444444444443
2018-06-17 00:00:00 UTC,368,-86,204266000,1.4133333333333331
2018-06-17 00:00:00 UTC,368,-79,263231000,0.52097222222222217
2018-06-17 00:00:00 UTC,368,-80,263231000,6.3370833333333332
2018-06-17 00:00:00 UTC,368,-81,263231000,7.716111111111112
2018-06-17 00:00:00 UTC,368,-82,263231000,1.0758333333333332
2018-06-17 00:00:00 UTC,368,1359,431010074,11.409444444444444
2018-06-17 00:00:00 UTC,368,-80,204244000,7.083055555555557
2018-06-17 00:00:00 UTC,368,-81,204244000,8.4244444444444433
2018-06-17 00:00:00 UTC,368,-82,204244000,2.0794444444444444
2018-06-17 00:00:00 UTC,368,-82,263401250,1.7494444444444441
2018-06-17 00:00:00 UTC,368,-81,263401250,3.3977777777777787
2018-06-17 00:00:00 UTC,368,-80,263401250,2.8366666666666664
2018-06-17 00:00:00 UTC,368,1323,440402470,0.51680555555555552
2018-06-17 00:00:00 UTC,368,1333,431004714,0.64986111111111111
2018-06-17 00:00:00 UTC,368,1334,431004714,2.1579166666666669
2018-06-17 00:00:00 UTC,368,1364,431010366,4.9726388888888877
2018-06-17 00:00:00 UTC,368,1363,431010366,6.7061111111111122
2018-06-17 00:00:00 UTC,368,156,605000003,0.47027777777777779
2018-06-17 00:00:00 UTC,368,155,605000003,1.0652777777777778
2018-06-17 00:00:00 UTC,368,126,247148110,3.0383333333333336
2018-06-17 00:00:00 UTC,368,-81,263408470,8.9954166666666655
2018-06-17 00:00:00 UTC,368,-80,263408470,6.2709722222222224
2018-06-17 00:00:00 UTC,368,1373,431008598,0.57472222222222213
2018-06-17 00:00:00 UTC,368,1374,431008598,2.1015277777777777
2018-06-17 00:00:00 UTC,368,1333,431900251,2.294861111111111
2018-06-17 00:00:00 UTC,368,-81,263406940,4.0429166666666676
2018-06-17 00:00:00 UTC,368,-80,263406940,3.6590277777777773
2018-06-17 00:00:00 UTC,368,-79,263406940,2.0472222222222225
2018-06-17 00:00:00 UTC,368,-83,263413350,0.60319444444444437
2018-06-17 00:00:00 UTC,368,-85,263413350,1.7233333333333334
2018-06-17 00:00:00 UTC,368,-80,263413350,1.8240277777777776
2018-06-17 00:00:00 UTC,368,-84,263413350,1.8875
2018-06-17 00:00:00 UTC,368,-81,263413350,1.8648611111111109
2018-06-17 00:00:00 UTC,368,-82,263413350,1.6113888888888885
2018-06-17 00:00:00 UTC,368,-81,263435370,5.0018055555555563
2018-06-17 00:00:00 UTC,368,-82,263435370,0.47152777777777771
2018-06-17 00:00:00 UTC,368,-80,263435370,4.4748611111111112
2018-06-17 00:00:00 UTC,368,-88,263402350,4.0234722222222228
2018-06-17 00:00:00 UTC,368,-87,263402350,5.3141666666666669
2018-06-17 00:00:00 UTC,368,1260,440324720,0.45263888888888892
2018-06-17 00:00:00 UTC,368,1259,440324720,0.25708333333333333
2018-06-17 00:00:00 UTC,368,1366,431009927,1.3868055555555556
2018-06-17 00:00:00 UTC,368,1365,431009927,1.514027777777778
2018-06-17 00:00:00 UTC,368,1367,431009927,0.67111111111111121
2018-06-17 00:00:00 UTC,368,-89,263237000,1.5972222222222223
2018-06-17 00:00:00 UTC,368,-92,263237000,0.83847222222222229
2018-06-17 00:00:00 UTC,368,-90,263237000,0.4094444444444445
2018-06-17 00:00:00 UTC,368,-91,263237000,0.09166666666666666
2018-06-17 00:00:00 UTC,368,-88,263237000,0.83027777777777767
2018-06-17 00:00:00 UTC,368,-90,263578000,2.0190277777777781
2018-06-17 00:00:00 UTC,368,-87,263578000,1.6273611111111113
2018-06-17 00:00:00 UTC,368,-89,263578000,3.4184722222222219
2018-06-17 00:00:00 UTC,368,-85,263578000,1.531666666666667
2018-06-17 00:00:00 UTC,368,-88,263578000,2.4304166666666669
2018-06-17 00:00:00 UTC,368,-91,263578000,0.65541666666666665
2018-06-17 00:00:00 UTC,368,-92,263578000,1.4826388888888888
2018-06-17 00:00:00 UTC,368,-84,263578000,1.5027777777777778
2018-06-17 00:00:00 UTC,368,-86,263578000,2.0630555555555556
2018-06-17 00:00:00 UTC,368,1755,416000146,0.24402777777777779
2018-06-17 00:00:00 UTC,368,153,247301270,4.9423611111111114
2018-06-17 00:00:00 UTC,368,155,605026711,1.869027777777778
2018-06-17 00:00:00 UTC,368,1708,416000412,2.1836111111111114
2018-06-17 00:00:00 UTC,368,1359,431009949,2.6272222222222226
2018-06-17 00:00:00 UTC,368,1359,431009951,7.5220833333333319
2018-06-17 00:00:00 UTC,368,-82,263236000,0.73055555555555562
2018-06-17 00:00:00 UTC,368,-81,263236000,3.461527777777778
2018-06-17 00:00:00 UTC,368,-80,263236000,3.5723611111111122
2018-06-17 00:00:00 UTC,368,-246,204206760,1.8718055555555559
2018-06-17 00:00:00 UTC,368,-247,204206760,16.786111111111108
2018-06-17 00:00:00 UTC,368,1370,431009711,1.9011111111111112
2018-06-17 00:00:00 UTC,368,1363,431006652,1.0173611111111109
2018-06-17 00:00:00 UTC,368,152,247300030,0.8552777777777778
2018-06-17 00:00:00 UTC,368,151,247300030,0.2623611111111111
2018-06-17 00:00:00 UTC,368,-83,263410880,3.5726388888888887
2018-06-17 00:00:00 UTC,368,-87,263410880,0.16763888888888889
2018-06-17 00:00:00 UTC,368,-81,263410880,2.1658333333333335
2018-06-17 00:00:00 UTC,368,-85,263410880,2.2025
2018-06-17 00:00:00 UTC,368,-84,263410880,3.9733333333333327
2018-06-17 00:00:00 UTC,368,-82,263410880,2.3156944444444449
2018-06-17 00:00:00 UTC,368,-86,263410880,1.2156944444444444
2018-06-17 00:00:00 UTC,368,117,247143620,1.6763888888888889
2018-06-17 00:00:00 UTC,368,1332,431900121,0.27458333333333335
2018-06-17 00:00:00 UTC,368,1333,431900121,3.5766666666666667
2018-06-17 00:00:00 UTC,368,1359,431010777,14.36236111111111
2018-06-17 00:00:00 UTC,368,152,247140580,1.475138888888889
2018-06-17 00:00:00 UTC,368,155,249000934,0.2663888888888889
2018-06-17 00:00:00 UTC,368,154,249000934,5.0975
2018-06-17 00:00:00 UTC,368,153,249000934,1.1861111111111111
2018-06-17 00:00:00 UTC,368,-81,263406570,3.669166666666666
2018-06-17 00:00:00 UTC,368,-80,263406570,6.761388888888888
2018-06-17 00:00:00 UTC,368,153,247300850,3.4513888888888888
2018-06-17 00:00:00 UTC,368,154,247300850,0.58194444444444449
2018-06-17 00:00:00 UTC,368,-92,263275000,3.6165277777777778
2018-06-17 00:00:00 UTC,624,-303,273351680,1.2772222222222223
2018-06-17 00:00:00 UTC,624,-1797,273824000,0.47055555555555562
2018-06-17 00:00:00 UTC,624,-1796,273824000,0.42291666666666661
2018-06-17 00:00:00 UTC,624,-1795,273824000,0.92166666666666663
2018-06-17 00:00:00 UTC,624,-1794,273824000,1.0424999999999998
2018-06-17 00:00:00 UTC,624,1798,273892100,0.43347222222222226
2018-06-17 00:00:00 UTC,624,-1793,273892100,0.66680555555555554
2018-06-17 00:00:00 UTC,624,-1795,273892100,0.32861111111111113
2018-06-17 00:00:00 UTC,624,-1794,273892100,0.64666666666666672
2018-06-17 00:00:00 UTC,624,1799,273892100,0.93555555555555536
2018-06-17 00:00:00 UTC,624,-1796,273892100,0.78236111111111117
2018-06-17 00:00:00 UTC,624,-53,231189000,1.453611111111111
2018-06-17 00:00:00 UTC,624,-54,231189000,2.2898611111111107
2018-06-17 00:00:00 UTC,624,-1796,273350410,4.1231944444444446
2018-06-17 00:00:00 UTC,624,-1795,273350410,0.7334722222222223
2018-06-17 00:00:00 UTC,624,-1798,273350410,0.51513888888888892
2018-06-17 00:00:00 UTC,624,-1797,273350410,4.445277777777779
2018-06-17 00:00:00 UTC,624,-1797,273840910,1.5951388888888891
2018-06-17 00:00:00 UTC,624,-1798,273840910,2.934166666666667
2018-06-17 00:00:00 UTC,624,-1799,273840910,0.29444444444444445
2018-06-17 00:00:00 UTC,624,-1795,273840910,0.49722222222222223
2018-06-17 00:00:00 UTC,624,-302,273355290,11.079166666666669
2018-06-17 00:00:00 UTC,624,-303,273355290,2.6245833333333337
2018-06-17 00:00:00 UTC,624,-1798,273812510,0.69361111111111107
2018-06-17 00:00:00 UTC,624,-1799,273812510,0.71166666666666656
2018-06-17 00:00:00 UTC,624,-1799,273876000,0.7216666666666669
2018-06-17 00:00:00 UTC,624,-1795,273876000,0.22305555555555553
2018-06-17 00:00:00 UTC,624,-1794,273876000,0.43638888888888888
2018-06-17 00:00:00 UTC,624,-1800,273448750,1.0911111111111111
2018-06-17 00:00:00 UTC,624,-1795,273448750,1.19
2018-06-17 00:00:00 UTC,624,-1799,273448750,1.7155555555555557
2018-06-17 00:00:00 UTC,624,-1797,273448750,0.80930555555555561
2018-06-17 00:00:00 UTC,624,-1796,273448750,0.71180555555555558
2018-06-17 00:00:00 UTC,624,-1794,273448750,1.2069444444444444
2018-06-17 00:00:00 UTC,624,-1798,273448750,1.5923611111111116
2018-06-17 00:00:00 UTC,624,-302,273311280,6.78222222222222
2018-06-17 00:00:00 UTC,624,-303,273311280,1.8855555555555554
2018-06-17 00:00:00 UTC,624,-1798,273890100,0.12833333333333333
2018-06-17 00:00:00 UTC,624,1798,273847610,1.663472222222222
2018-06-17 00:00:00 UTC,624,1799,273847610,1.2201388888888889
2018-06-17 00:00:00 UTC,624,-303,273240900,1.2255555555555557
2018-06-17 00:00:00 UTC,624,-302,273240900,11.621388888888887
2018-06-17 00:00:00 UTC,624,-1795,273447750,0.655
2018-06-17 00:00:00 UTC,624,-1798,273447750,2.3572222222222221
2018-06-17 00:00:00 UTC,624,-1799,273447750,1.1936111111111107
2018-06-17 00:00:00 UTC,624,-1796,273447750,0.34513888888888888
2018-06-17 00:00:00 UTC,624,-43,231037000,1.3094444444444444
2018-06-17 00:00:00 UTC,624,-45,231037000,1.1219444444444444
2018-06-17 00:00:00 UTC,624,-42,231037000,0.69666666666666666
2018-06-17 00:00:00 UTC,624,-48,231037000,2.8609722222222222
2018-06-17 00:00:00 UTC,624,-44,231037000,0.74472222222222217
2018-06-17 00:00:00 UTC,624,-1796,273441610,0.097222222222222224
2018-06-17 00:00:00 UTC,624,-1798,273441610,0.96902777777777782
2018-06-17 00:00:00 UTC,624,-1797,273441610,2.1193055555555551
2018-06-17 00:00:00 UTC,624,-303,273246800,0.98138888888888887
2018-06-17 00:00:00 UTC,624,-301,273246800,0.29055555555555557
2018-06-17 00:00:00 UTC,624,-302,273246800,9.37083333333333
2018-06-17 00:00:00 UTC,624,-1798,273878100,0.28750000000000003
2018-06-17 00:00:00 UTC,624,-1796,273878100,0.054305555555555551
2018-06-17 00:00:00 UTC,624,-1795,273878100,0.016111111111111111
2018-06-17 00:00:00 UTC,624,-1797,273878100,0.34624999999999995
2018-06-17 00:00:00 UTC,624,-1796,273895000,1.0580555555555557
2018-06-17 00:00:00 UTC,624,-1799,273895000,0.87083333333333313
2018-06-17 00:00:00 UTC,624,-1798,273895000,1.6384722222222219
2018-06-17 00:00:00 UTC,624,-1797,273895000,4.4188888888888895
2018-06-17 00:00:00 UTC,624,-1800,273895000,1.1469444444444443
2018-06-17 00:00:00 UTC,624,-405,331036000,0.79291666666666671
2018-06-17 00:00:00 UTC,624,-404,331036000,1.2747222222222221
2018-06-17 00:00:00 UTC,624,-1799,273442400,0.96416666666666673
2018-06-17 00:00:00 UTC,624,-1798,273442400,3.0375000000000005
2018-06-17 00:00:00 UTC,624,-1795,273353060,2.2716666666666674
2018-06-17 00:00:00 UTC,624,-1794,273353060,2.225138888888889
2018-06-17 00:00:00 UTC,624,-1796,273353060,1.9862499999999998
2018-06-17 00:00:00 UTC,624,-1798,273353060,0.40763888888888888
2018-06-17 00:00:00 UTC,624,-1797,273353060,1.4106944444444447
2018-06-17 00:00:00 UTC,624,-1793,273353060,1.0070833333333333
2018-06-17 00:00:00 UTC,624,-1795,273847910,4.5997222222222209
2018-06-17 00:00:00 UTC,624,-1794,273847910,0.44958333333333333
2018-06-17 00:00:00 UTC,624,-1796,273847910,0.94444444444444431
2018-06-17 00:00:00 UTC,624,-1800,273892200,0.2772222222222222
2018-06-17 00:00:00 UTC,624,-1799,273892200,1.8636111111111113
2018-06-17 00:00:00 UTC,624,-1796,273892200,4.373333333333334
2018-06-17 00:00:00 UTC,624,-1795,273892200,0.73666666666666669
2018-06-17 00:00:00 UTC,624,-1797,273892200,6.2844444444444418
2018-06-17 00:00:00 UTC,624,-1798,273892200,3.2406944444444439
2018-06-17 00:00:00 UTC,624,-302,273437550,6.5975000000000019
2018-06-17 00:00:00 UTC,624,-303,273437550,1.7158333333333331
2018-06-17 00:00:00 UTC,624,-49,231046000,0.64083333333333337
2018-06-17 00:00:00 UTC,624,-48,231046000,1.0229166666666667
2018-06-17 00:00:00 UTC,624,-47,231046000,0.59611111111111115
2018-06-17 00:00:00 UTC,624,-43,231046000,1.1868055555555557
2018-06-17 00:00:00 UTC,624,-44,231046000,1.2904166666666668
2018-06-17 00:00:00 UTC,624,-46,231046000,2.7208333333333332
2018-06-17 00:00:00 UTC,624,-1797,273811060,1.5524999999999991
2018-06-17 00:00:00 UTC,624,-1796,273811060,1.1551388888888889
2018-06-17 00:00:00 UTC,624,-1798,273811060,0.50916666666666666
2018-06-17 00:00:00 UTC,624,-1795,273811060,0.42583333333333329
2018-06-17 00:00:00 UTC,624,-404,211214200,0.47777777777777769
2018-06-17 00:00:00 UTC,624,58,257017210,3.2494444444444448
2018-06-17 00:00:00 UTC,624,59,257017210,0.57416666666666671
2018-06-17 00:00:00 UTC,624,-1797,273841020,0.12458333333333334
2018-06-17 00:00:00 UTC,624,1799,273840510,1.4669444444444437
2018-06-17 00:00:00 UTC,624,-1800,273840510,2.621944444444444
2018-06-17 00:00:00 UTC,624,1798,273840510,0.74194444444444441
2018-06-17 00:00:00 UTC,624,-1794,273893000,0.24291666666666667
2018-06-17 00:00:00 UTC,624,-303,231045000,1.0876388888888888
2018-06-17 00:00:00 UTC,624,-302,231045000,6.5515277777777774
2018-06-17 00:00:00 UTC,624,-609,316005259,3.1463888888888887
2018-06-17 00:00:00 UTC,624,-608,316005259,1.0209722222222222
2018-06-17 00:00:00 UTC,624,-610,316005259,0.88708333333333345
2018-06-17 00:00:00 UTC,624,-42,231087000,0.27013888888888887
2018-06-17 00:00:00 UTC,624,-43,231087000,2.8791666666666664
2018-06-17 00:00:00 UTC,624,-48,231087000,1.5590277777777777
2018-06-17 00:00:00 UTC,624,-47,231087000,1.8925
2018-06-17 00:00:00 UTC,624,-45,231087000,1.0268055555555555
2018-06-17 00:00:00 UTC,624,-44,231087000,3.2465277777777781
2018-06-17 00:00:00 UTC,624,-46,231087000,0.84625
2018-06-17 00:00:00 UTC,624,-405,331428000,4.8973611111111115
2018-06-17 00:00:00 UTC,624,-406,331428000,1.7704166666666665
2018-06-17 00:00:00 UTC,624,-407,331428000,1.4773611111111107
2018-06-17 00:00:00 UTC,624,-408,331428000,0.43597222222222221
2018-06-17 00:00:00 UTC,624,-79,231236000,1.462638888888889
2018-06-17 00:00:00 UTC,624,-77,231236000,7.0425
2018-06-17 00:00:00 UTC,624,-78,231236000,6.4509722222222221
2018-06-17 00:00:00 UTC,624,-305,273449380,0.85861111111111121
2018-06-17 00:00:00 UTC,624,-46,231129000,0.99555555555555542
2018-06-17 00:00:00 UTC,624,-49,231129000,0.95958333333333323
2018-06-17 00:00:00 UTC,624,-43,231129000,1.8994444444444445
2018-06-17 00:00:00 UTC,624,-44,231129000,2.3313888888888892
2018-06-17 00:00:00 UTC,624,-47,231129000,0.633888888888889
2018-06-17 00:00:00 UTC,624,-45,231129000,2.1187500000000004
2018-06-17 00:00:00 UTC,624,-48,231129000,0.76666666666666661
2018-06-17 00:00:00 UTC,624,-50,231129000,0.24986111111111112
2018-06-17 00:00:00 UTC,624,-66,231534000,0.33472222222222225
2018-06-17 00:00:00 UTC,624,-65,231534000,0.3502777777777778
2018-06-17 00:00:00 UTC,624,-609,316323000,0.41625
2018-06-17 00:00:00 UTC,624,-303,273212100,1.6243055555555554
2018-06-17 00:00:00 UTC,624,-302,273212100,9.35263888888889
2018-06-17 00:00:00 UTC,624,-62,231266000,4.4769444444444444
2018-06-17 00:00:00 UTC,624,-1794,273825000,0.41027777777777774
2018-06-17 00:00:00 UTC,624,-1798,273825000,1.1405555555555555
2018-06-17 00:00:00 UTC,624,-1795,273825000,1.196666666666667
2018-06-17 00:00:00 UTC,624,-1797,273825000,0.37125000000000008
2018-06-17 00:00:00 UTC,624,-1796,273825000,1.3108333333333331
2018-06-17 00:00:00 UTC,624,-54,231190000,2.9497222222222224
2018-06-17 00:00:00 UTC,624,-53,231190000,1.4977777777777779
2018-06-17 00:00:00 UTC,624,-52,231190000,0.22680555555555557
2018-06-17 00:00:00 UTC,624,-302,273538800,1.3584722222222221
2018-06-17 00:00:00 UTC,624,-304,273538800,1.30125
2018-06-17 00:00:00 UTC,624,-305,273538800,1.0798611111111109
2018-06-17 00:00:00 UTC,624,-303,273538800,0.83333333333333326
2018-06-17 00:00:00 UTC,624,-303,273217010,1.3465277777777778
2018-06-17 00:00:00 UTC,624,-302,273217010,7.9123611111111121
2018-06-17 00:00:00 UTC,624,-1799,273248500,0.34263888888888888
2018-06-17 00:00:00 UTC,624,-1798,273248500,0.33805555555555561
2018-06-17 00:00:00 UTC,624,-1797,273248500,0.66236111111111107
2018-06-17 00:00:00 UTC,624,-1796,273899000,0.43208333333333332
2018-06-17 00:00:00 UTC,624,-1798,273899000,0.4694444444444445
2018-06-17 00:00:00 UTC,624,-1799,273899000,0.2348611111111111
2018-06-17 00:00:00 UTC,624,-1797,273899000,1.3369444444444445
2018-06-17 00:00:00 UTC,624,-69,231179000,3.1543055555555557
2018-06-17 00:00:00 UTC,-400,-522,416037900,0.83874999999999988
2018-06-17 00:00:00 UTC,-400,-520,416037900,4.1415277777777781
2018-06-17 00:00:00 UTC,-400,1546,431882000,0.43000000000000005
2018-06-17 00:00:00 UTC,-400,1771,512006191,1.1412499999999999
2018-06-17 00:00:00 UTC,-400,1772,512006191,1.6962500000000003
2018-06-17 00:00:00 UTC,-400,-506,416043600,1.6508333333333334
2018-06-17 00:00:00 UTC,-400,1717,512134000,0.73625
2018-06-17 00:00:00 UTC,-400,1719,512134000,1.6656944444444444
2018-06-17 00:00:00 UTC,-400,1718,512134000,12.787083333333332
2018-06-17 00:00:00 UTC,-400,1586,432475000,1.0966666666666667
2018-06-17 00:00:00 UTC,-400,1581,432475000,0.31888888888888889
2018-06-17 00:00:00 UTC,-400,1589,432475000,0.14430555555555555
2018-06-17 00:00:00 UTC,-400,1582,432475000,1.0611111111111109
2018-06-17 00:00:00 UTC,-400,1587,432475000,2.0209722222222215
2018-06-17 00:00:00 UTC,-400,1588,432475000,2.0677777777777777
2018-06-17 00:00:00 UTC,-400,1584,432475000,1.0059722222222223
2018-06-17 00:00:00 UTC,-400,1585,432475000,0.29166666666666663
2018-06-17 00:00:00 UTC,-400,1583,432475000,1.1527777777777775
2018-06-17 00:00:00 UTC,-400,1680,512000126,0.32597222222222216
2018-06-17 00:00:00 UTC,-400,1683,512000126,0.13263888888888889
2018-06-17 00:00:00 UTC,-400,1682,512000126,0.44513888888888892
2018-06-17 00:00:00 UTC,-400,1681,512000126,0.49791666666666662
2018-06-17 00:00:00 UTC,-400,1574,431703710,0.91319444444444453
2018-06-17 00:00:00 UTC,-400,1579,431703710,2.8113888888888887
2018-06-17 00:00:00 UTC,-400,1572,431703710,0.70333333333333348
2018-06-17 00:00:00 UTC,-400,1576,431703710,1.3723611111111111
2018-06-17 00:00:00 UTC,-400,1573,431703710,0.32055555555555554
2018-06-17 00:00:00 UTC,-400,1571,431703710,0.86263888888888884
2018-06-17 00:00:00 UTC,-400,1578,431703710,0.79041666666666666
2018-06-17 00:00:00 UTC,-400,1575,431703710,1.003611111111111
2018-06-17 00:00:00 UTC,-400,-512,416176800,5.110555555555556
2018-06-17 00:00:00 UTC,-400,-513,416176800,0.24041666666666667
2018-06-17 00:00:00 UTC,-144,1687,412420865,3.7976388888888888
2018-06-17 00:00:00 UTC,-144,1718,413342000,0.48749999999999993
2018-06-17 00:00:00 UTC,-144,-1707,338077000,13.57930555555556
2018-06-17 00:00:00 UTC,-144,-1706,338077000,1.3675
2018-06-17 00:00:00 UTC,-144,1234,503113100,4.1886111111111113
2018-06-17 00:00:00 UTC,-144,1235,503113100,5.800416666666667
2018-06-17 00:00:00 UTC,-144,1695,412470420,1.173888888888889
2018-06-17 00:00:00 UTC,-144,-1592,416077500,0.82347222222222216
2018-06-17 00:00:00 UTC,-144,-1589,416077500,1.5795833333333333
2018-06-17 00:00:00 UTC,-144,-1593,416077500,1.7508333333333335
2018-06-17 00:00:00 UTC,-144,-1596,416077500,3.9272222222222219
2018-06-17 00:00:00 UTC,-144,-1587,416077500,0.971111111111111
2018-06-17 00:00:00 UTC,-144,-1594,416077500,1.0120833333333334
2018-06-17 00:00:00 UTC,-144,-870,224696000,1.0683333333333336
2018-06-17 00:00:00 UTC,-144,-871,224696000,0.82791666666666663
2018-06-17 00:00:00 UTC,-144,1537,432984000,0.61430555555555555
2018-06-17 00:00:00 UTC,-144,1527,412329426,0.75541666666666663
2018-06-17 00:00:00 UTC,-144,1529,412329426,0.59083333333333332
2018-06-17 00:00:00 UTC,-144,1528,412329426,0.95916666666666672
2018-06-17 00:00:00 UTC,-144,1526,412329426,0.57013888888888886
2018-06-17 00:00:00 UTC,-144,-1728,576695000,2.7786111111111116
2018-06-17 00:00:00 UTC,-144,-1727,576695000,2.4575
2018-06-17 00:00:00 UTC,-144,-1726,576695000,2.6102777777777773
2018-06-17 00:00:00 UTC,-144,-1222,412420852,0.69027777777777777
2018-06-17 00:00:00 UTC,113,1301,416197900,5.603472222222222
2018-06-17 00:00:00 UTC,113,1755,577289000,0.83319444444444446
2018-06-17 00:00:00 UTC,113,1754,577289000,0.56472222222222224
2018-06-17 00:00:00 UTC,113,1750,577289000,0.62027777777777793
2018-06-17 00:00:00 UTC,113,1753,577289000,0.48
2018-06-17 00:00:00 UTC,113,1751,577289000,2.7225
2018-06-17 00:00:00 UTC,113,1752,577289000,3.5683333333333338
2018-06-17 00:00:00 UTC,113,1757,577289000,1.0440277777777778
2018-06-17 00:00:00 UTC,113,1304,416003149,4.2731944444444441
2018-06-17 00:00:00 UTC,113,1323,416003009,1.1790277777777778
2018-06-17 00:00:00 UTC,113,1299,416000978,6.5761111111111106
2018-06-17 00:00:00 UTC,113,1297,416000978,6.7704166666666667
2018-06-17 00:00:00 UTC,113,-170,630123004,0.48958333333333337
2018-06-17 00:00:00 UTC,113,-171,630123005,0.60555555555555551
2018-06-17 00:00:00 UTC,369,-72,224090890,3.2509722222222224
2018-06-17 00:00:00 UTC,369,118,247147280,4.2974999999999994
2018-06-17 00:00:00 UTC,369,-73,224124190,2.2731944444444445
2018-06-17 00:00:00 UTC,369,1323,440402470,10.611388888888889
2018-06-17 00:00:00 UTC,369,1334,431004714,3.2731944444444441
2018-06-17 00:00:00 UTC,369,1333,431900227,0.64652777777777781
2018-06-17 00:00:00 UTC,369,1332,431900227,6.1456944444444446
2018-06-17 00:00:00 UTC,369,-3,224082260,0.24722222222222223
2018-06-17 00:00:00 UTC,369,1363,431011159,0.72930555555555543
2018-06-17 00:00:00 UTC,369,1364,431011159,3.7719444444444443
2018-06-17 00:00:00 UTC,369,1333,431900251,3.6445833333333333
2018-06-17 00:00:00 UTC,369,1332,431900251,1.5831944444444446
2018-06-17 00:00:00 UTC,369,-9,224031340,3.1313888888888886
2018-06-17 00:00:00 UTC,369,-10,224031340,1.6865277777777776
2018-06-17 00:00:00 UTC,369,1256,440215150,21.155
2018-06-17 00:00:00 UTC,369,153,247147120,8.6931944444444422
2018-06-17 00:00:00 UTC,369,1259,440324720,3.5584722222222225
2018-06-17 00:00:00 UTC,369,141,247132020,0.50625
2018-06-17 00:00:00 UTC,369,1261,440207750,7.7519444444444456
2018-06-17 00:00:00 UTC,369,1367,431009927,0.27944444444444444
2018-06-17 00:00:00 UTC,369,1366,431009927,4.4
2018-06-17 00:00:00 UTC,369,1263,440208520,0.33888888888888891
2018-06-17 00:00:00 UTC,369,1268,440012680,1.3047222222222223
2018-06-17 00:00:00 UTC,369,-92,263237000,2.0398611111111107
2018-06-17 00:00:00 UTC,369,-92,263578000,1.8986111111111108
2018-06-17 00:00:00 UTC,369,1756,416000146,0.51055555555555554
2018-06-17 00:00:00 UTC,369,154,247301270,0.29708333333333337
2018-06-17 00:00:00 UTC,369,153,247301270,15.214999999999996
2018-06-17 00:00:00 UTC,369,152,247301270,3.4219444444444442
2018-06-17 00:00:00 UTC,369,1331,440412570,0.17222222222222222
2018-06-17 00:00:00 UTC,369,1334,440412570,3.5713888888888894
2018-06-17 00:00:00 UTC,369,1330,440412570,0.58166666666666667
2018-06-17 00:00:00 UTC,369,-75,263419290,0.79499999999999993
2018-06-17 00:00:00 UTC,369,1709,416000412,0.77333333333333332
2018-06-17 00:00:00 UTC,369,1708,416000412,0.85513888888888889
2018-06-17 00:00:00 UTC,369,141,247145630,0.83305555555555555
2018-06-17 00:00:00 UTC,369,-10,224208290,1.7480555555555557
2018-06-17 00:00:00 UTC,369,-8,224208290,0.25013888888888891
2018-06-17 00:00:00 UTC,369,-9,224208290,3.0309722222222222
2018-06-17 00:00:00 UTC,369,-247,204206760,5.33361111111111
2018-06-17 00:00:00 UTC,369,1261,440217010,10.953888888888889
2018-06-17 00:00:00 UTC,369,-82,263431350,1.6306944444444442
2018-06-17 00:00:00 UTC,369,-74,224104120,0.80722222222222217
2018-06-17 00:00:00 UTC,369,1363,431006652,8.79625
2018-06-17 00:00:00 UTC,369,1364,431006652,0.1375
2018-06-17 00:00:00 UTC,369,-85,263410880,0.59194444444444438
2018-06-17 00:00:00 UTC,369,-86,263410880,0.30555555555555558
2018-06-17 00:00:00 UTC,369,1262,440020418,5.5373611111111112
2018-06-17 00:00:00 UTC,369,1263,440020418,9.646944444444447
2018-06-17 00:00:00 UTC,369,119,247143620,3.6223611111111107
2018-06-17 00:00:00 UTC,369,120,247143620,3.7902777777777783
2018-06-17 00:00:00 UTC,369,118,247143620,0.86666666666666659
2018-06-17 00:00:00 UTC,369,121,247143620,1.923472222222222
2018-06-17 00:00:00 UTC,369,-74,224103370,1.4368055555555554
2018-06-17 00:00:00 UTC,369,-73,224103370,1.675138888888889
2018-06-17 00:00:00 UTC,369,-243,204209870,3.2627777777777776
2018-06-17 00:00:00 UTC,369,-244,204209870,2.2247222222222227
2018-06-17 00:00:00 UTC,369,-245,204209870,3.096111111111111
2018-06-17 00:00:00 UTC,369,1297,440125910,0.1661111111111111
2018-06-17 00:00:00 UTC,369,1298,440125910,5.50375
2018-06-17 00:00:00 UTC,369,1334,431900121,3.1583333333333332
2018-06-17 00:00:00 UTC,369,1333,431900121,1.2570833333333331
2018-06-17 00:00:00 UTC,369,1332,431900121,1.5155555555555555
2018-06-17 00:00:00 UTC,369,1299,440402920,1.0291666666666668
2018-06-17 00:00:00 UTC,369,-74,224074480,1.3606944444444444
2018-06-17 00:00:00 UTC,369,152,247300850,2.9138888888888892
2018-06-17 00:00:00 UTC,369,154,247300850,0.28069444444444447
2018-06-17 00:00:00 UTC,369,153,247300850,6.3791666666666664
2018-06-17 00:00:00 UTC,369,-92,263275000,6.5118055555555543
2018-06-17 00:00:00 UTC,369,-244,204211450,0.7666666666666665
2018-06-17 00:00:00 UTC,369,-245,204211450,2.3681944444444447
2018-06-17 00:00:00 UTC,625,-305,273351680,1.9975000000000003
2018-06-17 00:00:00 UTC,625,-1796,273892100,0.089305555555555555
2018-06-17 00:00:00 UTC,625,-1795,273892100,0.087222222222222215
2018-06-17 00:00:00 UTC,625,-1800,273892100,0.37472222222222223
2018-06-17 00:00:00 UTC,625,-55,231189000,0.84263888888888883
2018-06-17 00:00:00 UTC,625,-53,231189000,1.4527777777777777
2018-06-17 00:00:00 UTC,625,-54,231189000,2.6183333333333332
2018-06-17 00:00:00 UTC,625,-1796,273350410,0.53777777777777769
2018-06-17 00:00:00 UTC,625,-1797,273350410,3.0120833333333326
2018-06-17 00:00:00 UTC,625,-304,273355290,0.065
2018-06-17 00:00:00 UTC,625,-303,273355290,6.5395833333333329
2018-06-17 00:00:00 UTC,625,-302,273355290,0.15833333333333333
2018-06-17 00:00:00 UTC,625,-303,273311280,7.0641666666666652
2018-06-17 00:00:00 UTC,625,-302,273311280,0.4127777777777778
2018-06-17 00:00:00 UTC,625,-304,273240900,0.39958333333333335
2018-06-17 00:00:00 UTC,625,-303,273240900,8.1990277777777756
2018-06-17 00:00:00 UTC,625,-47,231037000,3.0013888888888891
2018-06-17 00:00:00 UTC,625,-46,231037000,0.83041666666666658
2018-06-17 00:00:00 UTC,625,-1797,273441610,0.82138888888888906
2018-06-17 00:00:00 UTC,625,-1796,273441610,2.6936111111111107
2018-06-17 00:00:00 UTC,625,-304,273246800,0.65
2018-06-17 00:00:00 UTC,625,-302,273246800,0.2825
2018-06-17 00:00:00 UTC,625,-303,273246800,7.1990277777777765
2018-06-17 00:00:00 UTC,625,-1794,273353060,0.57833333333333337
2018-06-17 00:00:00 UTC,625,-1793,273353060,1.3065277777777775
2018-06-17 00:00:00 UTC,625,-1795,273847910,0.31472222222222229
2018-06-17 00:00:00 UTC,625,-1797,273847910,0.4159722222222223
2018-06-17 00:00:00 UTC,625,-1794,273847910,0.61055555555555574
2018-06-17 00:00:00 UTC,625,-1796,273847910,0.71791666666666665
2018-06-17 00:00:00 UTC,625,-1795,273892200,1.0081944444444446
2018-06-17 00:00:00 UTC,625,-303,273437550,10.749305555555557
2018-06-17 00:00:00 UTC,625,-304,273437550,1.0863888888888888
2018-06-17 00:00:00 UTC,625,-47,231046000,1.7261111111111109
2018-06-17 00:00:00 UTC,625,-1800,273840510,0.17097222222222225
2018-06-17 00:00:00 UTC,625,-303,231045000,7.2940277777777771
2018-06-17 00:00:00 UTC,625,-304,231045000,0.82527777777777778
2018-06-17 00:00:00 UTC,625,-302,231045000,0.46305555555555555
2018-06-17 00:00:00 UTC,625,-608,316005259,1.9968055555555555
2018-06-17 00:00:00 UTC,625,-49,231087000,1.9124999999999999
2018-06-17 00:00:00 UTC,625,-50,231087000,1.08375
2018-06-17 00:00:00 UTC,625,-46,231087000,0.215
2018-06-17 00:00:00 UTC,625,-53,231087000,0.31083333333333335
2018-06-17 00:00:00 UTC,625,-47,231087000,0.77374999999999994
2018-06-17 00:00:00 UTC,625,-48,231087000,0.77388888888888885
2018-06-17 00:00:00 UTC,625,-51,231087000,2.7372222222222224
2018-06-17 00:00:00 UTC,625,-52,231087000,1.7920833333333333
2018-06-17 00:00:00 UTC,625,-51,231129000,1.1772222222222224
2018-06-17 00:00:00 UTC,625,-50,231129000,0.62069444444444444
2018-06-17 00:00:00 UTC,625,-52,231129000,0.21305555555555555
2018-06-17 00:00:00 UTC,625,-66,231534000,10.462361111111115
2018-06-17 00:00:00 UTC,625,-64,231534000,5.2584722222222213
2018-06-17 00:00:00 UTC,625,-63,231534000,3.3259722222222212
2018-06-17 00:00:00 UTC,625,-65,231534000,3.8127777777777774
2018-06-17 00:00:00 UTC,625,-62,231534000,0.44819444444444445
2018-06-17 00:00:00 UTC,625,-609,316323000,1.2722222222222224
2018-06-17 00:00:00 UTC,625,-610,316323000,1.5581944444444444
2018-06-17 00:00:00 UTC,625,-304,273212100,1.3230555555555557
2018-06-17 00:00:00 UTC,625,-302,273212100,0.29583333333333334
2018-06-17 00:00:00 UTC,625,-303,273212100,8.327083333333329
2018-06-17 00:00:00 UTC,625,56,257449420,0.83763888888888882
2018-06-17 00:00:00 UTC,625,-66,231266000,9.4983333333333348
2018-06-17 00:00:00 UTC,625,-65,231266000,3.3036111111111115
2018-06-17 00:00:00 UTC,625,-63,231266000,3.6084722222222219
2018-06-17 00:00:00 UTC,625,-64,231266000,0.73194444444444451
2018-06-17 00:00:00 UTC,625,-67,231266000,0.7583333333333333
2018-06-17 00:00:00 UTC,625,-59,231031000,0.4570833333333334
2018-06-17 00:00:00 UTC,625,-66,231265000,9.3994444444444447
2018-06-17 00:00:00 UTC,625,-67,231265000,4.2872222222222218
2018-06-17 00:00:00 UTC,625,-65,231265000,2.725138888888889
2018-06-17 00:00:00 UTC,625,-63,231265000,1.899861111111111
2018-06-17 00:00:00 UTC,625,1799,273841900,0.22722222222222221
2018-06-17 00:00:00 UTC,625,-59,231030000,0.915
2018-06-17 00:00:00 UTC,625,-57,231030000,0.18180555555555555
2018-06-17 00:00:00 UTC,625,-58,231030000,0.36972222222222223
2018-06-17 00:00:00 UTC,625,-55,231190000,0.6397222222222223
2018-06-17 00:00:00 UTC,625,-54,231190000,2.1101388888888892
2018-06-17 00:00:00 UTC,625,-53,231190000,1.6584722222222221
2018-06-17 00:00:00 UTC,625,-303,273217010,7.7436111111111092
2018-06-17 00:00:00 UTC,625,-304,273217010,0.62430555555555556
2018-06-17 00:00:00 UTC,-399,-522,416037900,1.2908333333333335
2018-06-17 00:00:00 UTC,-399,1544,431882000,5.0605555555555553
2018-06-17 00:00:00 UTC,-399,1547,431882000,0.77749999999999986
2018-06-17 00:00:00 UTC,-399,1545,431882000,0.80138888888888882
2018-06-17 00:00:00 UTC,-399,1546,431882000,0.25847222222222216
2018-06-17 00:00:00 UTC,-399,1570,431704110,1.192361111111111
2018-06-17 00:00:00 UTC,-399,1772,512006191,0.62055555555555564
2018-06-17 00:00:00 UTC,-399,1773,512006191,1.9622222222222221
2018-06-17 00:00:00 UTC,-399,1774,512006191,1.2159722222222222
2018-06-17 00:00:00 UTC,-399,1770,512001076,0.85388888888888892
2018-06-17 00:00:00 UTC,-399,1717,512134000,1.0920833333333333
2018-06-17 00:00:00 UTC,-399,1718,512134000,0.85555555555555562
2018-06-17 00:00:00 UTC,-399,1587,432475000,0.58527777777777779
2018-06-17 00:00:00 UTC,-399,1585,432475000,2.4281944444444448
2018-06-17 00:00:00 UTC,-399,1581,432475000,0.64930555555555547
2018-06-17 00:00:00 UTC,-399,1580,432475000,0.81277777777777793
2018-06-17 00:00:00 UTC,-399,1578,432475000,1.3752777777777776
2018-06-17 00:00:00 UTC,-399,1586,432475000,0.62
2018-06-17 00:00:00 UTC,-399,1579,432475000,0.69458333333333344
2018-06-17 00:00:00 UTC,-399,1584,432475000,0.80819444444444455
2018-06-17 00:00:00 UTC,-399,-512,416176800,1.0462500000000001
2018-06-17 00:00:00 UTC,-399,-511,416176800,3.2369444444444446
2018-06-17 00:00:00 UTC,-143,1686,412420865,0.82930555555555563
2018-06-17 00:00:00 UTC,-143,1719,413342000,0.34111111111111114
2018-06-17 00:00:00 UTC,-143,1718,413342000,0.41680555555555554
2018-06-17 00:00:00 UTC,-143,1235,503113100,10.376666666666665
2018-06-17 00:00:00 UTC,-143,1695,412470420,3.1668055555555559
2018-06-17 00:00:00 UTC,-143,-1590,416077500,1.6423611111111112
2018-06-17 00:00:00 UTC,-143,-1592,416077500,1.115
2018-06-17 00:00:00 UTC,-143,1543,431500990,1.502361111111111
2018-06-17 00:00:00 UTC,-143,1688,576664000,2.0416666666666665
2018-06-17 00:00:00 UTC,-143,-870,224696000,0.99069444444444454
2018-06-17 00:00:00 UTC,-143,1537,432984000,0.44930555555555551
2018-06-17 00:00:00 UTC,-143,1529,412329426,0.8997222222222222
2018-06-17 00:00:00 UTC,-143,-1225,412329428,2.7869444444444444
2018-06-17 00:00:00 UTC,-143,-1726,576695000,2.4819444444444443
2018-06-17 00:00:00 UTC,-143,-1725,576695000,4.5390277777777772
2018-06-17 00:00:00 UTC,-143,-1222,412420852,1.5073611111111114
2018-06-17 00:00:00 UTC,114,1301,416197900,5.804722222222221
2018-06-17 00:00:00 UTC,114,1302,416197900,0.68694444444444436
2018-06-17 00:00:00 UTC,114,1320,416003609,11.830972222222222
2018-06-17 00:00:00 UTC,114,1302,416003158,2.2488888888888887
2018-06-17 00:00:00 UTC,114,1750,416368000,1.8366666666666669
2018-06-17 00:00:00 UTC,114,-171,412202673,2.1613888888888888
2018-06-17 00:00:00 UTC,114,1322,416003009,0.51833333333333331
2018-06-17 00:00:00 UTC,114,1298,416000978,4.9948611111111108
2018-06-17 00:00:00 UTC,114,-170,630123004,1.1591666666666667
2018-06-17 00:00:00 UTC,370,1378,431008259,6.0777777777777775
2018-06-17 00:00:00 UTC,370,1379,431010308,15.014861111111113
2018-06-17 00:00:00 UTC,370,1264,440001540,3.3409722222222227
2018-06-17 00:00:00 UTC,370,1378,431008263,1.3748611111111111
2018-06-17 00:00:00 UTC,370,1261,440018440,0.33083333333333331
2018-06-17 00:00:00 UTC,370,1321,440413450,13.25875
2018-06-17 00:00:00 UTC,370,1320,440413450,4.1326388888888888
2018-06-17 00:00:00 UTC,370,117,247147280,9.9958333333333318
2018-06-17 00:00:00 UTC,370,118,247147280,3.6463888888888891
2018-06-17 00:00:00 UTC,370,1264,440004630,4.5698611111111109
2018-06-17 00:00:00 UTC,370,1265,440004630,0.4211111111111111
2018-06-17 00:00:00 UTC,370,1378,431008287,0.57527777777777778
2018-06-17 00:00:00 UTC,370,1379,431008288,5.1236111111111118
2018-06-17 00:00:00 UTC,370,1265,440007460,0.69569444444444439
2018-06-17 00:00:00 UTC,370,1323,440402470,0.25125
2018-06-17 00:00:00 UTC,370,1379,431008294,4.4301388888888882
2018-06-17 00:00:00 UTC,370,1379,431008297,0.54152777777777783
2018-06-17 00:00:00 UTC,370,1379,431008302,3.558472222222222
2018-06-17 00:00:00 UTC,370,1261,440206640,3.3525
2018-06-17 00:00:00 UTC,370,-6,224306480,0.50375
2018-06-17 00:00:00 UTC,370,-3,224082260,0.22541666666666671
2018-06-17 00:00:00 UTC,370,-5,224082260,0.58597222222222223
2018-06-17 00:00:00 UTC,370,-6,224082260,0.40986111111111106
2018-06-17 00:00:00 UTC,370,1363,431011159,2.243611111111111
2018-06-17 00:00:00 UTC,370,1364,431011159,5.3797222222222212
2018-06-17 00:00:00 UTC,370,1379,431008349,2.0549999999999997
2018-06-17 00:00:00 UTC,370,1264,440019550,2.5975
2018-06-17 00:00:00 UTC,370,1265,440205930,1.3956944444444446
2018-06-17 00:00:00 UTC,370,1264,440205930,3.1025
2018-06-17 00:00:00 UTC,370,153,247147120,1.3195833333333333
2018-06-17 00:00:00 UTC,370,152,247147120,6.47
2018-06-17 00:00:00 UTC,370,1258,440324720,0.46680555555555558
2018-06-17 00:00:00 UTC,370,1266,440005240,4.4586111111111109
2018-06-17 00:00:00 UTC,370,1261,440002940,0.2927777777777778
2018-06-17 00:00:00 UTC,370,1263,440006270,1.9451388888888888
2018-06-17 00:00:00 UTC,370,1261,440208520,2.01875
2018-06-17 00:00:00 UTC,370,1262,440208520,3.067361111111111
2018-06-17 00:00:00 UTC,370,1267,440012680,1.8415277777777777
2018-06-17 00:00:00 UTC,370,1266,440012680,0.57166666666666666
2018-06-17 00:00:00 UTC,370,-92,263237000,1.07875
2018-06-17 00:00:00 UTC,370,1756,416000146,0.60138888888888886
2018-06-17 00:00:00 UTC,370,1331,440412570,0.37888888888888889
2018-06-17 00:00:00 UTC,370,1335,440412570,0.81361111111111117
2018-06-17 00:00:00 UTC,370,1332,440412570,0.2409722222222222
2018-06-17 00:00:00 UTC,370,1344,440412570,2.5177777777777779
2018-06-17 00:00:00 UTC,370,1334,440412570,9.8009722222222226
2018-06-17 00:00:00 UTC,370,-75,263419290,1.3177777777777779
2018-06-17 00:00:00 UTC,370,141,247145630,0.28194444444444444
2018-06-17 00:00:00 UTC,370,1264,440018850,2.0990277777777777
2018-06-17 00:00:00 UTC,370,1325,440402340,1.246388888888889
2018-06-17 00:00:00 UTC,370,1322,440402340,0.32958333333333334
2018-06-17 00:00:00 UTC,370,238,209465000,1.9779166666666668
2018-06-17 00:00:00 UTC,370,240,209465000,1.7837500000000004
2018-06-17 00:00:00 UTC,370,239,209465000,1.0609722222222222
2018-06-17 00:00:00 UTC,370,241,209465000,0.4458333333333333
2018-06-17 00:00:00 UTC,370,1378,431010475,3.1993055555555561
2018-06-17 00:00:00 UTC,370,1264,440213420,3.11625
2018-06-17 00:00:00 UTC,370,-74,224104120,1.6243055555555554
2018-06-17 00:00:00 UTC,370,1364,431006652,1.8126388888888889
2018-06-17 00:00:00 UTC,370,1363,431006652,2.0758333333333328
2018-06-17 00:00:00 UTC,370,1264,440008640,1.135
2018-06-17 00:00:00 UTC,370,1263,440020418,0.26125
2018-06-17 00:00:00 UTC,370,-746,367016390,6.3522222222222222
2018-06-17 00:00:00 UTC,370,-71,224103370,0.075277777777777777
2018-06-17 00:00:00 UTC,370,-72,224103370,0.39986111111111111
2018-06-17 00:00:00 UTC,370,-243,204209870,0.21625
2018-06-17 00:00:00 UTC,370,-244,204209870,1.4291666666666667
2018-06-17 00:00:00 UTC,370,-242,204209870,0.2038888888888889
2018-06-17 00:00:00 UTC,370,1298,440125910,2.5948611111111113
2018-06-17 00:00:00 UTC,370,1379,431008221,1.7947222222222223
2018-06-17 00:00:00 UTC,370,1379,431008222,1.0938888888888889
2018-06-17 00:00:00 UTC,370,1262,440324580,2.3679166666666669
2018-06-17 00:00:00 UTC,370,1261,440324580,0.25152777777777779
2018-06-17 00:00:00 UTC,370,1299,440402920,3.7011111111111106
2018-06-17 00:00:00 UTC,370,1522,416000237,5.431805555555556
2018-06-17 00:00:00 UTC,370,1519,416000237,5.7737500000000006
2018-06-17 00:00:00 UTC,370,1517,416000237,2.2634722222222226
2018-06-17 00:00:00 UTC,370,-92,263275000,1.577638888888889
2018-06-17 00:00:00 UTC,370,1502,432907000,0.76138888888888878
2018-06-17 00:00:00 UTC,370,-244,204211450,3.0845833333333328
2018-06-17 00:00:00 UTC,370,-245,204211450,7.212361111111111
2018-06-17 00:00:00 UTC,370,1378,431008253,6.2108333333333334
2018-06-17 00:00:00 UTC,370,1379,431008254,1.622638888888889
2018-06-17 00:00:00 UTC,370,1378,431008254,2.1061111111111108
2018-06-17 00:00:00 UTC,370,1378,431008255,5.2856944444444443
2018-06-17 00:00:00 UTC,626,-305,273351680,0.069305555555555551
2018-06-17 00:00:00 UTC,626,56,257136640,2.0319444444444441
2018-06-17 00:00:00 UTC,626,-1798,273892100,0.27194444444444443
2018-06-17 00:00:00 UTC,626,-1797,273892100,0.92347222222222214
2018-06-17 00:00:00 UTC,626,-1795,273892100,0.71652777777777776
2018-06-17 00:00:00 UTC,626,-1798,273337860,2.3795833333333332
2018-06-17 00:00:00 UTC,626,-1797,273337860,0.48041666666666666
2018-06-17 00:00:00 UTC,626,-1794,273337860,4.0606944444444464
2018-06-17 00:00:00 UTC,626,-1799,273337860,2.1333333333333333
2018-06-17 00:00:00 UTC,626,-1794,273350410,1.5776388888888888
2018-06-17 00:00:00 UTC,626,-1793,273350410,0.35777777777777775
2018-06-17 00:00:00 UTC,626,-1797,273350410,1.9977777777777779
2018-06-17 00:00:00 UTC,626,-1795,273350410,2.3988888888888891
2018-06-17 00:00:00 UTC,626,-303,273311280,0.67527777777777775
2018-06-17 00:00:00 UTC,626,-304,273311280,1.0841666666666665
2018-06-17 00:00:00 UTC,626,-304,273240900,0.91722222222222216
2018-06-17 00:00:00 UTC,626,-303,273240900,0.36972222222222223
2018-06-17 00:00:00 UTC,626,-1795,273441610,5.95013888888889
2018-06-17 00:00:00 UTC,626,-1794,273441610,0.5790277777777777
2018-06-17 00:00:00 UTC,626,-1796,273441610,3.0531944444444448
2018-06-17 00:00:00 UTC,626,-304,273246800,0.97319444444444447
2018-06-17 00:00:00 UTC,626,-1794,273892200,1.6974999999999991
2018-06-17 00:00:00 UTC,626,-1793,273892200,0.50583333333333336
2018-06-17 00:00:00 UTC,626,-1795,273892200,1.7449999999999994
2018-06-17 00:00:00 UTC,626,-304,273437550,1.1355555555555557
2018-06-17 00:00:00 UTC,626,-303,273437550,0.068194444444444446
2018-06-17 00:00:00 UTC,626,-303,231045000,0.36319444444444443
2018-06-17 00:00:00 UTC,626,-607,316005259,2.06625
2018-06-17 00:00:00 UTC,626,-53,231087000,0.45555555555555555
2018-06-17 00:00:00 UTC,626,-609,316014240,1.5459722222222216
2018-06-17 00:00:00 UTC,626,-610,316323000,5.0333333333333323
2018-06-17 00:00:00 UTC,626,-303,273212100,0.20069444444444443
2018-06-17 00:00:00 UTC,626,-304,273212100,0.89763888888888888
2018-06-17 00:00:00 UTC,626,56,257449420,5.2041666666666666
2018-06-17 00:00:00 UTC,626,49,257943500,0.40083333333333337
2018-06-17 00:00:00 UTC,626,48,257943500,7.0465277777777766
2018-06-17 00:00:00 UTC,626,50,257943500,0.50805555555555559
2018-06-17 00:00:00 UTC,626,55,257000910,0.834861111111111
2018-06-17 00:00:00 UTC,626,-63,231031000,0.80875
2018-06-17 00:00:00 UTC,626,-59,231031000,0.76041666666666674
2018-06-17 00:00:00 UTC,626,-60,231031000,1.0431944444444445
2018-06-17 00:00:00 UTC,626,-64,231031000,0.87583333333333324
2018-06-17 00:00:00 UTC,626,-65,231031000,1.7134722222222221
2018-06-17 00:00:00 UTC,626,-62,231031000,1.3577777777777778
2018-06-17 00:00:00 UTC,626,-1797,273841900,1.0209722222222222
2018-06-17 00:00:00 UTC,626,-1798,273841900,0.36277777777777781
2018-06-17 00:00:00 UTC,626,-59,231030000,0.65722222222222226
2018-06-17 00:00:00 UTC,626,-66,231030000,0.12666666666666668
2018-06-17 00:00:00 UTC,626,-61,231030000,0.76930555555555558
2018-06-17 00:00:00 UTC,626,-65,231030000,1.0375
2018-06-17 00:00:00 UTC,626,-64,231030000,1.0605555555555555
2018-06-17 00:00:00 UTC,626,-62,231030000,1.047638888888889
2018-06-17 00:00:00 UTC,626,-63,231030000,0.47611111111111104
2018-06-17 00:00:00 UTC,626,-60,231030000,0.98597222222222225
2018-06-17 00:00:00 UTC,626,-304,273217010,4.1229166666666668
2018-06-17 00:00:00 UTC,-398,-520,416037900,4.4527777777777775
2018-06-17 00:00:00 UTC,-398,1557,431882000,0.70486111111111116
2018-06-17 00:00:00 UTC,-398,1561,431882000,1.1952777777777777
2018-06-17 00:00:00 UTC,-398,1544,431882000,0.42444444444444446
2018-06-17 00:00:00 UTC,-398,1558,431882000,1.066527777777778
2018-06-17 00:00:00 UTC,-398,1566,431882000,0.64888888888888885
2018-06-17 00:00:00 UTC,-398,1571,431704110,0.39513888888888887
2018-06-17 00:00:00 UTC,-398,1575,431704110,0.87486111111111109
2018-06-17 00:00:00 UTC,-398,1573,431704110,0.82916666666666672
2018-06-17 00:00:00 UTC,-398,1578,431704110,0.28111111111111109
2018-06-17 00:00:00 UTC,-398,1577,431704110,0.77263888888888876
2018-06-17 00:00:00 UTC,-398,1572,431704110,0.27194444444444443
2018-06-17 00:00:00 UTC,-398,1770,512001076,0.44597222222222221
2018-06-17 00:00:00 UTC,-398,-510,416176800,0.97763888888888884
2018-06-17 00:00:00 UTC,-398,-511,416176800,0.67444444444444451
2018-06-17 00:00:00 UTC,-398,-512,416176800,0.80652777777777784
2018-06-17 00:00:00 UTC,-398,1569,431702990,0.82555555555555549
2018-06-17 00:00:00 UTC,-398,1567,431702990,0.95736111111111122
2018-06-17 00:00:00 UTC,-398,1570,431702990,1.2323611111111112
2018-06-17 00:00:00 UTC,-398,1568,431702990,0.9175
2018-06-17 00:00:00 UTC,-142,1719,413342000,0.47124999999999995
2018-06-17 00:00:00 UTC,-142,1718,413342000,0.60583333333333333
2018-06-17 00:00:00 UTC,-142,611,620026000,7.7415277777777778
2018-06-17 00:00:00 UTC,-142,1695,412470420,2.8929166666666668
2018-06-17 00:00:00 UTC,-142,1542,431500990,0.23902777777777776
2018-06-17 00:00:00 UTC,-142,1540,431500990,1.4452777777777779
2018-06-17 00:00:00 UTC,-142,1541,431500990,1.2965277777777777
2018-06-17 00:00:00 UTC,-142,1544,431500990,0.42791666666666667
2018-06-17 00:00:00 UTC,-142,1687,576664000,2.1504166666666666
2018-06-17 00:00:00 UTC,-142,1688,576664000,0.49152777777777779
2018-06-17 00:00:00 UTC,-142,-870,224696000,0.60916666666666675
2018-06-17 00:00:00 UTC,-142,1537,432984000,0.34847222222222224
2018-06-17 00:00:00 UTC,-142,1530,432984000,0.30986111111111114
2018-06-17 00:00:00 UTC,-142,-1227,412329428,1.4216666666666666
2018-06-17 00:00:00 UTC,-142,-1222,412420852,1.4409722222222219
2018-06-17 00:00:00 UTC,-142,1709,412326901,2.18875
2018-06-17 00:00:00 UTC,-142,1708,412326901,0.95291666666666686
2018-06-17 00:00:00 UTC,115,1302,416197900,0.77180555555555563
2018-06-17 00:00:00 UTC,115,1320,416003609,12.278472222222224
2018-06-17 00:00:00 UTC,115,-1736,412674190,1.6199999999999999
2018-06-17 00:00:00 UTC,115,-1737,412674190,2.9770833333333324
2018-06-17 00:00:00 UTC,115,-1697,431500180,2.3823611111111109
2018-06-17 00:00:00 UTC,115,-1696,431500180,0.44416666666666665
2018-06-17 00:00:00 UTC,115,1317,200023459,2.4395833333333332
2018-06-17 00:00:00 UTC,115,-171,412202673,2.5373611111111112
2018-06-17 00:00:00 UTC,115,1321,416003009,4.839999999999999
2018-06-17 00:00:00 UTC,115,1322,416003009,0.97430555555555565
2018-06-17 00:00:00 UTC,115,-1409,345080031,3.6983333333333328
2018-06-17 00:00:00 UTC,115,-1408,345080031,3.76986111111111
2018-06-17 00:00:00 UTC,115,-1407,345080031,2.489027777777777
2018-06-17 00:00:00 UTC,115,-1777,412270059,1.0390277777777777
2018-06-17 00:00:00 UTC,115,-170,630123004,1.1208333333333333
2018-06-17 00:00:00 UTC,371,1319,440149760,2.4893055555555557
2018-06-17 00:00:00 UTC,371,1320,440149760,1.8822222222222222
2018-06-17 00:00:00 UTC,371,1379,431010308,0.79847222222222225
2018-06-17 00:00:00 UTC,371,1265,440001540,2.5030555555555556
2018-06-17 00:00:00 UTC,371,1264,440001540,0.51402777777777775
2018-06-17 00:00:00 UTC,371,1263,440001540,0.89097222222222228
2018-06-17 00:00:00 UTC,371,1378,431008263,4.4106944444444451
2018-06-17 00:00:00 UTC,371,152,247305480,1.9195833333333332
2018-06-17 00:00:00 UTC,371,1263,440008200,4.0397222222222222
2018-06-17 00:00:00 UTC,371,1323,440401930,0.16291666666666665
2018-06-17 00:00:00 UTC,371,1320,440413450,0.93388888888888888
2018-06-17 00:00:00 UTC,371,1319,440413450,12.425416666666667
2018-06-17 00:00:00 UTC,371,117,247147280,6.2518055555555554
2018-06-17 00:00:00 UTC,371,1263,440021780,1.6106944444444444
2018-06-17 00:00:00 UTC,371,1266,440017430,8.374305555555555
2018-06-17 00:00:00 UTC,371,1265,440017430,9.3466666666666658
2018-06-17 00:00:00 UTC,371,1265,440004630,1.1730555555555555
2018-06-17 00:00:00 UTC,371,1264,440008470,3.2279166666666663
2018-06-17 00:00:00 UTC,371,1263,440129050,3.5497222222222229
2018-06-17 00:00:00 UTC,371,1264,440129050,1.9354166666666666
2018-06-17 00:00:00 UTC,371,1378,431008287,1.525
2018-06-17 00:00:00 UTC,371,1379,431008288,6.2047222222222214
2018-06-17 00:00:00 UTC,371,1379,431008289,8.068194444444444
2018-06-17 00:00:00 UTC,371,1265,440007460,5.0215277777777771
2018-06-17 00:00:00 UTC,371,1379,431008293,2.1061111111111113
2018-06-17 00:00:00 UTC,371,1379,431008294,4.1416666666666666
2018-06-17 00:00:00 UTC,371,1380,431008294,1.314861111111111
2018-06-17 00:00:00 UTC,371,1379,431008295,9.479027777777782
2018-06-17 00:00:00 UTC,371,1380,431008295,1.3041666666666667
2018-06-17 00:00:00 UTC,371,1379,431008297,4.9755555555555553
2018-06-17 00:00:00 UTC,371,1380,431008298,0.27486111111111111
2018-06-17 00:00:00 UTC,371,1381,431008298,2.8990277777777775
2018-06-17 00:00:00 UTC,371,1379,431008302,4.5573611111111108
2018-06-17 00:00:00 UTC,371,1380,431008302,0.2565277777777778
2018-06-17 00:00:00 UTC,371,1378,431008302,1.1238888888888887
2018-06-17 00:00:00 UTC,371,1320,440326710,14.662083333333333
2018-06-17 00:00:00 UTC,371,1321,440326710,3.4006944444444445
2018-06-17 00:00:00 UTC,371,1266,440005690,23.477916666666669
2018-06-17 00:00:00 UTC,371,1226,800025149,8.0086111111111116
2018-06-17 00:00:00 UTC,371,1225,800025149,0.75638888888888889
2018-06-17 00:00:00 UTC,371,1381,431008318,0.26
2018-06-17 00:00:00 UTC,371,1744,416212800,4.4391666666666669
2018-06-17 00:00:00 UTC,371,1320,440401730,5.6588888888888889
2018-06-17 00:00:00 UTC,371,1380,431008324,0.27555555555555555
2018-06-17 00:00:00 UTC,371,1261,440004430,0.87305555555555558
2018-06-17 00:00:00 UTC,371,-3,224082260,0.30888888888888888
2018-06-17 00:00:00 UTC,371,-5,224082260,2.6248611111111111
2018-06-17 00:00:00 UTC,371,-4,224082260,2.8615277777777774
2018-06-17 00:00:00 UTC,371,1380,431008349,0.2518055555555555
2018-06-17 00:00:00 UTC,371,1379,431008349,20.005694444444448
2018-06-17 00:00:00 UTC,371,1264,440019550,2.4405555555555556
2018-06-17 00:00:00 UTC,371,1264,440005470,0.69722222222222219
2018-06-17 00:00:00 UTC,371,1265,440022120,0.6225
2018-06-17 00:00:00 UTC,371,-74,224224106,11.96125
2018-06-17 00:00:00 UTC,371,1254,440215150,6.3597222222222225
2018-06-17 00:00:00 UTC,371,1258,440324720,15.689166666666667
2018-06-17 00:00:00 UTC,371,-745,367784820,1.5234722222222221
2018-06-17 00:00:00 UTC,371,-746,367784820,11.175833333333332
2018-06-17 00:00:00 UTC,371,1264,440007540,0.35638888888888887
2018-06-17 00:00:00 UTC,371,1266,440005240,17.337916666666668
2018-06-17 00:00:00 UTC,371,1262,440002940,1.1247222222222222
2018-06-17 00:00:00 UTC,371,1261,440002940,4.6936111111111121
2018-06-17 00:00:00 UTC,371,1337,440403070,2.0254166666666666
2018-06-17 00:00:00 UTC,371,-74,224284550,2.6877777777777778
2018-06-17 00:00:00 UTC,371,1320,440208010,20.671388888888895
2018-06-17 00:00:00 UTC,371,1319,440208010,0.34277777777777779
2018-06-17 00:00:00 UTC,371,1262,440013450,6.8169444444444434
2018-06-17 00:00:00 UTC,371,1263,440013450,1.412638888888889
2018-06-17 00:00:00 UTC,371,1264,440013450,6.7336111111111112
2018-06-17 00:00:00 UTC,371,1756,416000146,0.95277777777777772
2018-06-17 00:00:00 UTC,371,1757,416000146,0.81652777777777774
2018-06-17 00:00:00 UTC,371,1736,416000405,5.7905555555555557
2018-06-17 00:00:00 UTC,371,1265,440021910,2.1980555555555554
2018-06-17 00:00:00 UTC,371,1264,440018850,3.6533333333333329
2018-06-17 00:00:00 UTC,371,1325,440402340,0.72319444444444447
2018-06-17 00:00:00 UTC,371,241,209465000,0.30819444444444444
2018-06-17 00:00:00 UTC,371,238,209465000,5.2515277777777776
2018-06-17 00:00:00 UTC,371,239,209465000,0.91027777777777785
2018-06-17 00:00:00 UTC,371,240,209465000,0.99263888888888885
2018-06-17 00:00:00 UTC,371,1439,432761000,13.839305555555555
2018-06-17 00:00:00 UTC,371,1378,431010475,1.6444444444444444
2018-06-17 00:00:00 UTC,371,1264,440213420,0.96027777777777779
2018-06-17 00:00:00 UTC,371,1261,440139180,2.8352777777777773
2018-06-17 00:00:00 UTC,371,1263,440139180,0.26666666666666672
2018-06-17 00:00:00 UTC,371,1262,440139180,2.1629166666666668
2018-06-17 00:00:00 UTC,371,1263,440019630,0.29944444444444446
2018-06-17 00:00:00 UTC,371,1265,440306610,0.80138888888888882
2018-06-17 00:00:00 UTC,371,1257,440000690,12.038611111111111
2018-06-17 00:00:00 UTC,371,1319,440600511,3.5483333333333333
2018-06-17 00:00:00 UTC,371,1320,440600511,17.109305555555558
2018-06-17 00:00:00 UTC,371,1263,440008640,0.48916666666666664
2018-06-17 00:00:00 UTC,371,1263,440010950,1.0993055555555555
2018-06-17 00:00:00 UTC,371,1320,440414150,17.288472222222222
2018-06-17 00:00:00 UTC,371,-747,367016390,0.95375
2018-06-17 00:00:00 UTC,371,-746,367016390,12.115972222222224
2018-06-17 00:00:00 UTC,371,1381,431008204,0.81472222222222235
2018-06-17 00:00:00 UTC,371,1379,431008205,1.0345833333333334
2018-06-17 00:00:00 UTC,371,1380,431008205,6.6225000000000005
2018-06-17 00:00:00 UTC,371,1380,431008208,1.3134722222222224
2018-06-17 00:00:00 UTC,371,1381,431008208,1.5486111111111109
2018-06-17 00:00:00 UTC,371,-10,224254930,0.48916666666666664
2018-06-17 00:00:00 UTC,371,-9,224254930,0.83930555555555553
2018-06-17 00:00:00 UTC,371,1381,431008211,0.27847222222222223
2018-06-17 00:00:00 UTC,371,1380,431008211,5.9409722222222223
2018-06-17 00:00:00 UTC,371,1320,440046550,17.8175
2018-06-17 00:00:00 UTC,371,1265,440006620,4.3358333333333334
2018-06-17 00:00:00 UTC,371,1379,431008221,0.77722222222222226
2018-06-17 00:00:00 UTC,371,1379,431008222,0.84472222222222215
2018-06-17 00:00:00 UTC,371,1320,440125150,8.2724999999999991
2018-06-17 00:00:00 UTC,371,1299,440402920,2.5497222222222224
2018-06-17 00:00:00 UTC,371,1361,431010283,1.2179166666666665
2018-06-17 00:00:00 UTC,371,1360,431010283,6.2073611111111111
2018-06-17 00:00:00 UTC,371,1517,416000237,0.47458333333333336
2018-06-17 00:00:00 UTC,371,1516,416000237,1.137361111111111
2018-06-17 00:00:00 UTC,371,1514,416000237,5.5281944444444449
2018-06-17 00:00:00 UTC,371,1264,440016880,2.1383333333333336
2018-06-17 00:00:00 UTC,371,-3,224110320,13.005
2018-06-17 00:00:00 UTC,371,-2,224110320,2.5915277777777788
2018-06-17 00:00:00 UTC,371,-1,224110320,1.3093055555555553
2018-06-17 00:00:00 UTC,371,1380,431008246,0.84597222222222213
2018-06-17 00:00:00 UTC,371,1264,440007670,0.83291666666666664
2018-06-17 00:00:00 UTC,371,1263,440007670,3.6863888888888887
2018-06-17 00:00:00 UTC,371,1380,431008247,8.801111111111112
2018-06-17 00:00:00 UTC,371,1381,431008247,0.51
2018-06-17 00:00:00 UTC,371,1502,432907000,1.2872222222222223
2018-06-17 00:00:00 UTC,371,1380,431008248,10.846250000000003
2018-06-17 00:00:00 UTC,371,152,247141630,0.81819444444444445
2018-06-17 00:00:00 UTC,627,-1797,273892100,1.9030555555555548
2018-06-17 00:00:00 UTC,627,-1796,273892100,5.6431944444444433
2018-06-17 00:00:00 UTC,627,62,257051140,7.4690277777777769
2018-06-17 00:00:00 UTC,627,63,257051140,2.830138888888889
2018-06-17 00:00:00 UTC,627,-1799,273337860,2.1656944444444441
2018-06-17 00:00:00 UTC,627,-1792,273337860,0.64791666666666659
2018-06-17 00:00:00 UTC,627,-1796,273337860,0.71986111111111117
2018-06-17 00:00:00 UTC,627,-1798,273337860,0.42611111111111116
2018-06-17 00:00:00 UTC,627,-1793,273337860,1.9683333333333337
2018-06-17 00:00:00 UTC,627,-1795,273337860,0.66138888888888892
2018-06-17 00:00:00 UTC,627,-1794,273337860,5.2319444444444443
2018-06-17 00:00:00 UTC,627,-1797,273337860,0.18652777777777779
2018-06-17 00:00:00 UTC,627,-1794,273350410,0.16652777777777777
2018-06-17 00:00:00 UTC,627,-1793,273350410,1.2726388888888891
2018-06-17 00:00:00 UTC,627,63,257506600,4.3676388888888891
2018-06-17 00:00:00 UTC,627,-1798,273847610,0.57930555555555563
2018-06-17 00:00:00 UTC,627,-1797,273847610,0.11416666666666667
2018-06-17 00:00:00 UTC,627,-1795,273441610,2.2170833333333335
2018-06-17 00:00:00 UTC,627,-1794,273441610,1.8451388888888887
2018-06-17 00:00:00 UTC,627,-1793,273441610,1.9023611111111107
2018-06-17 00:00:00 UTC,627,-1794,273892200,0.44833333333333336
2018-06-17 00:00:00 UTC,627,-1795,273892200,0.15111111111111111
2018-06-17 00:00:00 UTC,627,-1798,273840510,1.3429166666666665
2018-06-17 00:00:00 UTC,627,-1797,273840510,0.52972222222222232
2018-06-17 00:00:00 UTC,627,59,257361320,0.70708333333333329
2018-06-17 00:00:00 UTC,627,60,257361320,3.0558333333333327
2018-06-17 00:00:00 UTC,627,-607,316323000,1.5275000000000003
2018-06-17 00:00:00 UTC,627,-608,316323000,1.6806944444444445
2018-06-17 00:00:00 UTC,627,-610,316323000,2.3451388888888887
2018-06-17 00:00:00 UTC,627,-609,316323000,1.7908333333333335
2018-06-17 00:00:00 UTC,627,-1800,273821900,0.33375
2018-06-17 00:00:00 UTC,627,49,257943500,3.4172222222222222
2018-06-17 00:00:00 UTC,627,-65,231031000,0.88541666666666674
2018-06-17 00:00:00 UTC,627,-65,231030000,0.7104166666666667
2018-06-17 00:00:00 UTC,627,-64,231030000,0.06277777777777778
2018-06-17 00:00:00 UTC,-397,-517,416044800,0.74333333333333329
2018-06-17 00:00:00 UTC,-397,-519,416044800,0.39513888888888893
2018-06-17 00:00:00 UTC,-397,-516,416044800,3.7684722222222224
2018-06-17 00:00:00 UTC,-397,1551,431882000,2.1177777777777775
2018-06-17 00:00:00 UTC,-397,1550,431882000,3.0054166666666666
2018-06-17 00:00:00 UTC,-397,-562,701000577,24.008888888888908
2018-06-17 00:00:00 UTC,-397,-512,416176800,1.4106944444444443
2018-06-17 00:00:00 UTC,-397,1563,431702990,0.79583333333333339
2018-06-17 00:00:00 UTC,-397,1567,431702990,0.79541666666666677
2018-06-17 00:00:00 UTC,-397,1564,431702990,0.95000000000000007
2018-06-17 00:00:00 UTC,-141,608,645386000,4.52875
2018-06-17 00:00:00 UTC,-141,609,645386000,1.9486111111111111
2018-06-17 00:00:00 UTC,-141,1694,412470420,3.1497222222222225
2018-06-17 00:00:00 UTC,-141,1695,412470420,0.86152777777777778
2018-06-17 00:00:00 UTC,-141,1541,431500990,1.0894444444444442
2018-06-17 00:00:00 UTC,-141,1540,431500990,1.1191666666666666
2018-06-17 00:00:00 UTC,-141,1687,576664000,1.3669444444444445
2018-06-17 00:00:00 UTC,-141,-1227,412329428,0.88611111111111107
2018-06-17 00:00:00 UTC,-141,-1224,412329428,2.6541666666666668
2018-06-17 00:00:00 UTC,-141,1708,413345000,2.2022222222222219
2018-06-17 00:00:00 UTC,-141,1709,413345000,2.3890277777777778
2018-06-17 00:00:00 UTC,-141,1720,412326893,1.2490277777777776
2018-06-17 00:00:00 UTC,-141,1721,412326893,0.18819444444444444
2018-06-17 00:00:00 UTC,-141,-1222,412420852,1.3684722222222219
2018-06-17 00:00:00 UTC,-141,1708,412326901,1.4284722222222226
2018-06-17 00:00:00 UTC,-141,1707,412326901,9.6129166666666652
2018-06-17 00:00:00 UTC,116,1302,416197900,5.2418055555555556
2018-06-17 00:00:00 UTC,116,1302,416003158,1.1919444444444445
2018-06-17 00:00:00 UTC,116,-1736,412674190,1.2730555555555556
2018-06-17 00:00:00 UTC,116,-1738,412674190,2.5038888888888886
2018-06-17 00:00:00 UTC,116,-1694,431500180,1.3399999999999996
2018-06-17 00:00:00 UTC,116,-1693,431500180,1.6418055555555555
2018-06-17 00:00:00 UTC,116,-1695,431500180,1.2322222222222221
2018-06-17 00:00:00 UTC,116,-1691,431500180,1.4568055555555555
2018-06-17 00:00:00 UTC,116,-1688,431500180,1.48625
2018-06-17 00:00:00 UTC,116,-1690,431500180,1.5841666666666665
2018-06-17 00:00:00 UTC,116,-1696,431500180,1.8831944444444446
2018-06-17 00:00:00 UTC,116,-1692,431500180,1.6065277777777776
2018-06-17 00:00:00 UTC,116,-1689,431500180,1.33
2018-06-17 00:00:00 UTC,116,1789,416168600,0.38041666666666663
2018-06-17 00:00:00 UTC,116,1795,416168600,1.9319444444444445
2018-06-17 00:00:00 UTC,116,1793,416168600,2.6350000000000002
2018-06-17 00:00:00 UTC,116,1792,416168600,1.111388888888889
2018-06-17 00:00:00 UTC,116,1794,416168600,1.5777777777777779
2018-06-17 00:00:00 UTC,116,1790,416168600,2.2750000000000004
2018-06-17 00:00:00 UTC,116,1796,416168600,2.5802777777777783
2018-06-17 00:00:00 UTC,116,1791,416168600,1.3893055555555556
2018-06-17 00:00:00 UTC,116,1316,200023459,1.3793055555555556
2018-06-17 00:00:00 UTC,116,-171,412202673,2.3627777777777781
2018-06-17 00:00:00 UTC,116,1322,416003009,0.83152777777777787
2018-06-17 00:00:00 UTC,116,1321,416003009,0.7830555555555555
2018-06-17 00:00:00 UTC,116,1773,416229600,0.39222222222222219
2018-06-17 00:00:00 UTC,116,1772,416229600,0.48680555555555549
2018-06-17 00:00:00 UTC,116,-1420,345080032,7.1498611111111128
2018-06-17 00:00:00 UTC,116,-1419,345080032,2.9195833333333341
2018-06-17 00:00:00 UTC,116,-1421,345080032,0.92875
2018-06-17 00:00:00 UTC,372,1263,440008200,0.2615277777777778
2018-06-17 00:00:00 UTC,372,1263,440002830,2.3299999999999996
2018-06-17 00:00:00 UTC,372,1264,440021780,2.9883333333333333
2018-06-17 00:00:00 UTC,372,1263,440021780,1.2893055555555555
2018-06-17 00:00:00 UTC,372,1262,440300053,0.58097222222222222
2018-06-17 00:00:00 UTC,372,1263,440300053,4.5122222222222224
2018-06-17 00:00:00 UTC,372,1260,440000790,1.0105555555555554
2018-06-17 00:00:00 UTC,372,1263,440006680,1.1393055555555556
2018-06-17 00:00:00 UTC,372,1264,440129050,0.32375
2018-06-17 00:00:00 UTC,372,1382,431008286,1.56125
2018-06-17 00:00:00 UTC,372,1379,431008287,5.0094444444444441
2018-06-17 00:00:00 UTC,372,1262,440013350,1.9905555555555556
2018-06-17 00:00:00 UTC,372,1261,440013350,7.5019444444444439
2018-06-17 00:00:00 UTC,372,1265,440018470,1.0413888888888889
2018-06-17 00:00:00 UTC,372,1265,440020020,1.5720833333333335
2018-06-17 00:00:00 UTC,372,1264,440020020,0.27027777777777778
2018-06-17 00:00:00 UTC,372,1744,416212800,1.6025
2018-06-17 00:00:00 UTC,372,1256,440302660,24.226111111111113
2018-06-17 00:00:00 UTC,372,1263,440001100,1.6624999999999999
2018-06-17 00:00:00 UTC,372,1262,440001100,0.5755555555555556
2018-06-17 00:00:00 UTC,372,1260,440001100,1.8958333333333333
2018-06-17 00:00:00 UTC,372,1261,440001100,1.0159722222222223
2018-06-17 00:00:00 UTC,372,1264,440001360,0.52513888888888893
2018-06-17 00:00:00 UTC,372,1263,440001360,4.6316666666666659
2018-06-17 00:00:00 UTC,372,1265,440021330,6.165972222222222
2018-06-17 00:00:00 UTC,372,-6,224082260,2.3551388888888884
2018-06-17 00:00:00 UTC,372,1265,440005220,0.32208333333333333
2018-06-17 00:00:00 UTC,372,-745,367784820,2.2497222222222222
2018-06-17 00:00:00 UTC,372,-746,367784820,2.26875
2018-06-17 00:00:00 UTC,372,1190,413600118,1.3091666666666666
2018-06-17 00:00:00 UTC,372,1263,440004730,2.3808333333333334
2018-06-17 00:00:00 UTC,372,1263,440021650,4.51125
2018-06-17 00:00:00 UTC,372,1757,416000146,0.93347222222222226
2018-06-17 00:00:00 UTC,372,-1,224053650,1.0805555555555555
2018-06-17 00:00:00 UTC,372,1736,416000405,1.1227777777777779
2018-06-17 00:00:00 UTC,372,1260,440000920,1.4975
2018-06-17 00:00:00 UTC,372,1263,440000920,2.4116666666666671
2018-06-17 00:00:00 UTC,372,1263,440300190,0.53180555555555553
2018-06-17 00:00:00 UTC,372,1315,440410530,0.51347222222222222
2018-06-17 00:00:00 UTC,372,1264,440019630,1.8444444444444446
2018-06-17 00:00:00 UTC,372,1263,440022190,3.3258333333333332
2018-06-17 00:00:00 UTC,372,1257,440000690,18.218194444444446
2018-06-17 00:00:00 UTC,372,1256,440000690,0.56388888888888888
2018-06-17 00:00:00 UTC,372,1263,440022460,0.58361111111111108
2018-06-17 00:00:00 UTC,372,1264,440022460,8.9974999999999987
2018-06-17 00:00:00 UTC,372,1265,440004040,1.3463888888888889
2018-06-17 00:00:00 UTC,372,1264,440004040,1.1430555555555555
2018-06-17 00:00:00 UTC,372,1383,431008204,0.38722222222222225
2018-06-17 00:00:00 UTC,372,1381,431008204,3.2452777777777779
2018-06-17 00:00:00 UTC,372,1382,431008204,0.39194444444444443
2018-06-17 00:00:00 UTC,372,-5,224248780,0.31513888888888886
2018-06-17 00:00:00 UTC,372,1381,431008208,2.6308333333333334
2018-06-17 00:00:00 UTC,372,1382,431008208,4.9399999999999995
2018-06-17 00:00:00 UTC,372,1380,431008209,1.1473611111111111
2018-06-17 00:00:00 UTC,372,1257,440143570,10.160555555555556
2018-06-17 00:00:00 UTC,372,-12,224254930,0.26361111111111113
2018-06-17 00:00:00 UTC,372,-9,224254930,0.84666666666666679
2018-06-17 00:00:00 UTC,372,1381,431008211,4.6530555555555546
2018-06-17 00:00:00 UTC,372,1380,431008211,0.25777777777777777
2018-06-17 00:00:00 UTC,372,1264,440019170,0.7911111111111111
2018-06-17 00:00:00 UTC,372,1263,440019170,21.952777777777779
2018-06-17 00:00:00 UTC,372,1190,410004452,2.0954166666666669
2018-06-17 00:00:00 UTC,372,1264,440004580,0.25819444444444445
2018-06-17 00:00:00 UTC,372,1360,431010283,8.04375
2018-06-17 00:00:00 UTC,372,1262,440006380,3.239583333333333
2018-06-17 00:00:00 UTC,372,1263,440019950,5.349444444444444
2018-06-17 00:00:00 UTC,372,-2,224110320,1.7011111111111112
2018-06-17 00:00:00 UTC,372,-1,224110320,1.3527777777777781
2018-06-17 00:00:00 UTC,372,-3,224110320,3.5388888888888888
2018-06-17 00:00:00 UTC,372,1382,431008245,4.3465277777777773
2018-06-17 00:00:00 UTC,372,1381,431008245,0.63708333333333333
2018-06-17 00:00:00 UTC,372,1382,431008246,1.6168055555555556
2018-06-17 00:00:00 UTC,372,1380,431008246,2.4413888888888891
2018-06-17 00:00:00 UTC,372,1263,440007670,1.189861111111111
2018-06-17 00:00:00 UTC,372,1264,440007670,0.25444444444444447
2018-06-17 00:00:00 UTC,372,1502,432907000,4.9956944444444442
2018-06-17 00:00:00 UTC,372,1504,432907000,3.3036111111111115
2018-06-17 00:00:00 UTC,372,1307,440600316,8.68611111111111
2018-06-17 00:00:00 UTC,372,152,247141630,0.53152777777777782
2018-06-17 00:00:00 UTC,628,-1793,273337860,0.44069444444444444
2018-06-17 00:00:00 UTC,628,-1794,273441610,1.0484722222222222
2018-06-17 00:00:00 UTC,628,-591,316004180,8.1487499999999979
2018-06-17 00:00:00 UTC,628,-590,316004180,3.875
2018-06-17 00:00:00 UTC,628,-589,316004180,4.2565277777777775
2018-06-17 00:00:00 UTC,628,-1788,273387130,0.2459722222222222
2018-06-17 00:00:00 UTC,628,-1784,273387130,0.27569444444444446
2018-06-17 00:00:00 UTC,628,-1790,273387130,0.23305555555555557
2018-06-17 00:00:00 UTC,628,-1785,273387130,0.18888888888888888
2018-06-17 00:00:00 UTC,628,-1786,273387130,0.25791666666666668
2018-06-17 00:00:00 UTC,628,-1783,273387130,0.20680555555555558
2018-06-17 00:00:00 UTC,628,-1789,273387130,0.23569444444444443
2018-06-17 00:00:00 UTC,628,-1782,273387130,0.20777777777777778
2018-06-17 00:00:00 UTC,628,-1781,273387130,0.63222222222222224
2018-06-17 00:00:00 UTC,628,-1787,273387130,0.2338888888888889
2018-06-17 00:00:00 UTC,628,-1791,273387130,0.37888888888888883
2018-06-17 00:00:00 UTC,628,59,257361320,12.19125
2018-06-17 00:00:00 UTC,628,-607,316323000,0.35819444444444443
2018-06-17 00:00:00 UTC,628,-606,316323000,2.9083333333333345
2018-06-17 00:00:00 UTC,628,-605,316323000,1.2297222222222224
2018-06-17 00:00:00 UTC,628,-1800,273821900,0.14416666666666667
2018-06-17 00:00:00 UTC,628,-1799,273821900,0.084722222222222227
2018-06-17 00:00:00 UTC,-396,-521,416044800,0.852638888888889
2018-06-17 00:00:00 UTC,-396,-520,416044800,3.4430555555555555
2018-06-17 00:00:00 UTC,-396,-517,416044800,0.43888888888888888
2018-06-17 00:00:00 UTC,-396,-519,416044800,1.7536111111111112
2018-06-17 00:00:00 UTC,-396,-518,416044800,0.78902777777777777
2018-06-17 00:00:00 UTC,-396,-561,701024000,21.916805555555559
2018-06-17 00:00:00 UTC,-396,-522,416037900,1.5565277777777777
2018-06-17 00:00:00 UTC,-396,1573,431700060,0.96166666666666678
2018-06-17 00:00:00 UTC,-396,1576,431700060,1.1069444444444445
2018-06-17 00:00:00 UTC,-396,1577,431700060,0.8191666666666666
2018-06-17 00:00:00 UTC,-396,1574,431700060,0.64624999999999988
2018-06-17 00:00:00 UTC,-396,1583,431700060,1.0334722222222223
2018-06-17 00:00:00 UTC,-396,1572,431700060,1.2661111111111112
2018-06-17 00:00:00 UTC,-396,-511,416176800,1.5540277777777778
2018-06-17 00:00:00 UTC,-396,-510,416176800,2.1808333333333336
2018-06-17 00:00:00 UTC,-396,-509,416176800,2.2
2018-06-17 00:00:00 UTC,-396,1565,431702990,0.79680555555555566
2018-06-17 00:00:00 UTC,-396,1564,431702990,0.49430555555555555
2018-06-17 00:00:00 UTC,-396,1566,431702990,0.67624999999999991
2018-06-17 00:00:00 UTC,-140,610,645386000,4.0570833333333329
2018-06-17 00:00:00 UTC,-140,-1285,412420896,1.0444444444444443
2018-06-17 00:00:00 UTC,-140,1718,413342000,0.27305555555555561
2018-06-17 00:00:00 UTC,-140,1706,412328759,1.7309722222222221
2018-06-17 00:00:00 UTC,-140,1705,412328759,1.9718055555555556
2018-06-17 00:00:00 UTC,-140,-879,735058806,3.904583333333334
2018-06-17 00:00:00 UTC,-140,1694,412470420,3.3625000000000003
2018-06-17 00:00:00 UTC,-140,1541,431500990,0.54472222222222233
2018-06-17 00:00:00 UTC,-140,1542,431500990,0.53847222222222224
2018-06-17 00:00:00 UTC,-140,1686,576664000,5.2651388888888881
2018-06-17 00:00:00 UTC,-140,-870,224696000,0.41027777777777774
2018-06-17 00:00:00 UTC,-140,1531,432984000,0.20152777777777778
2018-06-17 00:00:00 UTC,-140,1538,432984000,1.7509722222222222
2018-06-17 00:00:00 UTC,-140,1537,432984000,0.49861111111111112
2018-06-17 00:00:00 UTC,-140,-1224,412329428,2.0845833333333332
2018-06-17 00:00:00 UTC,-140,-1228,412329428,0.82972222222222225
2018-06-17 00:00:00 UTC,-140,1706,413345000,0.1902777777777778
2018-06-17 00:00:00 UTC,-140,1707,413345000,1.905
2018-06-17 00:00:00 UTC,-140,1708,413345000,0.14583333333333334
2018-06-17 00:00:00 UTC,-140,1720,412326893,0.96750000000000014
2018-06-17 00:00:00 UTC,-140,1720,412326894,1.0915277777777779
2018-06-17 00:00:00 UTC,-140,1719,412326894,0.54499999999999993
2018-06-17 00:00:00 UTC,-140,1704,412326901,0.067083333333333328
2018-06-17 00:00:00 UTC,-140,1705,412326901,0.85999999999999988
2018-06-17 00:00:00 UTC,-140,1706,412326901,0.83250000000000013
2018-06-17 00:00:00 UTC,-140,-1343,412420863,0.34236111111111112
2018-06-17 00:00:00 UTC,117,-1752,412679210,3.8156944444444445
2018-06-17 00:00:00 UTC,117,-1756,412679210,1.4588888888888889
2018-06-17 00:00:00 UTC,117,-1755,412679210,1.2630555555555554
2018-06-17 00:00:00 UTC,117,-1754,412679210,1.7980555555555555
2018-06-17 00:00:00 UTC,117,-1753,412679210,1.6122222222222222
2018-06-17 00:00:00 UTC,117,-1758,412679210,1.8743055555555554
2018-06-17 00:00:00 UTC,117,-1757,412679210,1.5750000000000002
2018-06-17 00:00:00 UTC,117,-1736,412674190,0.33097222222222222
2018-06-17 00:00:00 UTC,117,-1737,412674190,2.4045833333333331
2018-06-17 00:00:00 UTC,117,1788,416168600,0.49222222222222223
2018-06-17 00:00:00 UTC,117,1796,416168600,1.9013888888888888
2018-06-17 00:00:00 UTC,117,1789,416168600,2.4238888888888885
2018-06-17 00:00:00 UTC,117,-1733,416122800,1.0834722222222224
2018-06-17 00:00:00 UTC,117,-171,412202673,1.84375
2018-06-17 00:00:00 UTC,117,-1782,412270001,0.842361111111111
2018-06-17 00:00:00 UTC,117,-1781,412270001,1.0509722222222222
2018-06-17 00:00:00 UTC,117,1322,416003009,8.6625
2018-06-17 00:00:00 UTC,117,1773,416229600,0.97111111111111126
2018-06-17 00:00:00 UTC,373,1263,440018690,5.8768055555555554
2018-06-17 00:00:00 UTC,373,1264,440018690,0.41972222222222222
2018-06-17 00:00:00 UTC,373,1265,440022530,16.27097222222222
2018-06-17 00:00:00 UTC,373,1375,431008264,11.045694444444443
2018-06-17 00:00:00 UTC,373,1374,431008264,0.25583333333333336
2018-06-17 00:00:00 UTC,373,1376,431008273,2.7673611111111107
2018-06-17 00:00:00 UTC,373,1263,440017170,6.0963888888888889
2018-06-17 00:00:00 UTC,373,1375,431008275,13.487916666666671
2018-06-17 00:00:00 UTC,373,1263,440008470,0.65722222222222215
2018-06-17 00:00:00 UTC,373,1264,440008470,0.36652777777777779
2018-06-17 00:00:00 UTC,373,1263,440006680,4.419722222222223
2018-06-17 00:00:00 UTC,373,1264,440006680,0.30055555555555558
2018-06-17 00:00:00 UTC,373,1383,431008286,0.27486111111111111
2018-06-17 00:00:00 UTC,373,1263,440013350,0.16680555555555557
2018-06-17 00:00:00 UTC,373,1262,440013350,4.4869444444444451
2018-06-17 00:00:00 UTC,373,1265,440018470,5.0933333333333337
2018-06-17 00:00:00 UTC,373,1191,413131313,3.5079166666666666
2018-06-17 00:00:00 UTC,373,1190,413131313,2.7197222222222224
2018-06-17 00:00:00 UTC,373,1265,440020020,0.25430555555555556
2018-06-17 00:00:00 UTC,373,1264,440020020,4.3972222222222221
2018-06-17 00:00:00 UTC,373,1744,416212800,3.7769444444444442
2018-06-17 00:00:00 UTC,373,1379,431008323,2.3981944444444445
2018-06-17 00:00:00 UTC,373,1380,431008323,4.5333333333333332
2018-06-17 00:00:00 UTC,373,1264,440001360,0.51319444444444451
2018-06-17 00:00:00 UTC,373,1265,440001360,0.53513888888888883
2018-06-17 00:00:00 UTC,373,1265,440021330,6.0358333333333336
2018-06-17 00:00:00 UTC,373,1383,431011155,1.3495833333333334
2018-06-17 00:00:00 UTC,373,-6,224082260,6.6181944444444438
2018-06-17 00:00:00 UTC,373,1263,440005220,0.9393055555555555
2018-06-17 00:00:00 UTC,373,1265,440005220,0.921111111111111
2018-06-17 00:00:00 UTC,373,1263,440000620,5.9281944444444452
2018-06-17 00:00:00 UTC,373,1191,413600118,2.3834722222222227
2018-06-17 00:00:00 UTC,373,1190,413600118,4.8975000000000009
2018-06-17 00:00:00 UTC,373,1226,800038263,5.6630555555555553
2018-06-17 00:00:00 UTC,373,1264,440004730,0.2725
2018-06-17 00:00:00 UTC,373,1265,440004990,1.6173611111111108
2018-06-17 00:00:00 UTC,373,1266,440004990,1.7418055555555556
2018-06-17 00:00:00 UTC,373,1264,440004990,3.2077777777777778
2018-06-17 00:00:00 UTC,373,1263,440410250,5.2204166666666669
2018-06-17 00:00:00 UTC,373,1264,440008330,5.76638888888889
2018-06-17 00:00:00 UTC,373,1265,440008330,4.2122222222222225
2018-06-17 00:00:00 UTC,373,1758,416000146,1.52
2018-06-17 00:00:00 UTC,373,-1,224053650,11.512777777777783
2018-06-17 00:00:00 UTC,373,1736,416000405,0.87458333333333327
2018-06-17 00:00:00 UTC,373,1263,440300190,5.5097222222222229
2018-06-17 00:00:00 UTC,373,1317,440410530,2.0426388888888889
2018-06-17 00:00:00 UTC,373,1263,440009130,5.9612500000000006
2018-06-17 00:00:00 UTC,373,1376,431008433,3.3555555555555552
2018-06-17 00:00:00 UTC,373,1191,413689789,4.6240277777777781
2018-06-17 00:00:00 UTC,373,1190,413689789,0.71194444444444438
2018-06-17 00:00:00 UTC,373,1264,440003780,4.4291666666666663
2018-06-17 00:00:00 UTC,373,-745,367016390,1.3390277777777779
2018-06-17 00:00:00 UTC,373,-746,367016390,2.2152777777777777
2018-06-17 00:00:00 UTC,373,1264,440004040,0.79069444444444448
2018-06-17 00:00:00 UTC,373,1266,440004040,1.0238888888888891
2018-06-17 00:00:00 UTC,373,1265,440004040,0.27083333333333337
2018-06-17 00:00:00 UTC,373,1383,431008204,4.5466666666666669
2018-06-17 00:00:00 UTC,373,-5,224248780,2.0770833333333334
2018-06-17 00:00:00 UTC,373,1263,440008140,5.4870833333333335
2018-06-17 00:00:00 UTC,373,1264,440008140,1.4745833333333334
2018-06-17 00:00:00 UTC,373,1381,431008206,4.1711111111111112
2018-06-17 00:00:00 UTC,373,1382,431008206,2.0686111111111112
2018-06-17 00:00:00 UTC,373,1382,431008207,6.52388888888889
2018-06-17 00:00:00 UTC,373,1380,431008209,2.0179166666666668
2018-06-17 00:00:00 UTC,373,1381,431008209,4.7236111111111105
2018-06-17 00:00:00 UTC,373,1263,440011730,5.1261111111111095
2018-06-17 00:00:00 UTC,373,1264,440011730,2.0538888888888889
2018-06-17 00:00:00 UTC,373,1256,440143570,0.77388888888888885
2018-06-17 00:00:00 UTC,373,1257,440143570,10.379166666666666
2018-06-17 00:00:00 UTC,373,-12,224254930,1.1041666666666667
2018-06-17 00:00:00 UTC,373,-13,224254930,0.28472222222222221
2018-06-17 00:00:00 UTC,373,-11,224254930,0.51930555555555558
2018-06-17 00:00:00 UTC,373,-10,224254930,1.9247222222222222
2018-06-17 00:00:00 UTC,373,-9,224254930,0.6184722222222222
2018-06-17 00:00:00 UTC,373,1265,440005590,0.73819444444444449
2018-06-17 00:00:00 UTC,373,1266,440005590,12.968611111111111
2018-06-17 00:00:00 UTC,373,1264,440005590,0.27263888888888888
2018-06-17 00:00:00 UTC,373,1265,440012250,14.97972222222222
2018-06-17 00:00:00 UTC,373,1228,800044515,2.61625
2018-06-17 00:00:00 UTC,373,1190,410004452,1.0658333333333334
2018-06-17 00:00:00 UTC,373,1191,410004452,5.2624999999999993
2018-06-17 00:00:00 UTC,373,1260,440003050,1.0226388888888889
2018-06-17 00:00:00 UTC,373,1261,440003050,2.7847222222222228
2018-06-17 00:00:00 UTC,373,1264,440006380,0.83583333333333321
2018-06-17 00:00:00 UTC,373,1526,416000237,4.2773611111111114
2018-06-17 00:00:00 UTC,373,1263,440016880,7.2870833333333334
2018-06-17 00:00:00 UTC,373,1382,431008245,2.4268055555555561
2018-06-17 00:00:00 UTC,373,1382,431008246,3.4322222222222218
2018-06-17 00:00:00 UTC,373,1265,440007670,0.2583333333333333
2018-06-17 00:00:00 UTC,373,1264,440007670,0.50847222222222221
2018-06-17 00:00:00 UTC,373,1505,432907000,5.9583333333333339
2018-06-17 00:00:00 UTC,373,1500,432907000,3.7341666666666669
2018-06-17 00:00:00 UTC,373,1504,432907000,0.80444444444444441
2018-06-17 00:00:00 UTC,373,1506,432907000,3.6040277777777776
2018-06-17 00:00:00 UTC,373,1264,440007160,0.85625
2018-06-17 00:00:00 UTC,373,1310,440600316,1.2652777777777779
2018-06-17 00:00:00 UTC,373,1309,440600316,2.0051388888888888
2018-06-17 00:00:00 UTC,629,67,258526810,0.12472222222222223
2018-06-17 00:00:00 UTC,629,65,258526810,2.2838888888888889
2018-06-17 00:00:00 UTC,629,66,258526810,4.8419444444444437
2018-06-17 00:00:00 UTC,629,-1800,273821300,0.20305555555555554
2018-06-17 00:00:00 UTC,629,-1799,273821300,0.099861111111111109
2018-06-17 00:00:00 UTC,629,-1798,273821300,1.1891666666666665
2018-06-17 00:00:00 UTC,629,-1791,273387130,1.4795833333333328
2018-06-17 00:00:00 UTC,629,-1781,273387130,2.1365277777777778
2018-06-17 00:00:00 UTC,629,77,257000320,0.96055555555555561
2018-06-17 00:00:00 UTC,629,78,257000320,0.30333333333333334
2018-06-17 00:00:00 UTC,629,-1799,273824900,0.52402777777777776
2018-06-17 00:00:00 UTC,629,-604,316323000,1.9765277777777781
2018-06-17 00:00:00 UTC,629,-605,316323000,1.6797222222222223
2018-06-17 00:00:00 UTC,629,-1799,273821900,0.46375
2018-06-17 00:00:00 UTC,629,-1800,273821900,0.32736111111111116
2018-06-17 00:00:00 UTC,629,-1800,273841110,3.0034722222222219
2018-06-17 00:00:00 UTC,629,-1799,273841110,0.11152777777777778
2018-06-17 00:00:00 UTC,-395,-522,416044800,3.8797222222222221
2018-06-17 00:00:00 UTC,-395,-521,416044800,6.436805555555555
2018-06-17 00:00:00 UTC,-395,-520,416044800,1.5244444444444443
2018-06-17 00:00:00 UTC,-395,-561,701024000,0.98694444444444451
2018-06-17 00:00:00 UTC,-395,-522,416037900,1.25375
2018-06-17 00:00:00 UTC,-395,-521,416037900,0.92152777777777772
2018-06-17 00:00:00 UTC,-395,-519,416037900,1.2772222222222223
2018-06-17 00:00:00 UTC,-395,-518,416037900,1.5866666666666667
2018-06-17 00:00:00 UTC,-395,-520,416037900,1.6452777777777776
2018-06-17 00:00:00 UTC,-395,1573,431700060,1.9009722222222223
2018-06-17 00:00:00 UTC,-395,-509,416176800,2.4408333333333339
2018-06-17 00:00:00 UTC,-395,-559,701038000,2.7023611111111112
2018-06-17 00:00:00 UTC,-395,-753,725000669,1.515
2018-06-17 00:00:00 UTC,-395,-754,725000669,0.64458333333333329
2018-06-17 00:00:00 UTC,-139,-1287,412420896,0.95680555555555546
2018-06-17 00:00:00 UTC,-139,1718,413342000,1.1572222222222219
2018-06-17 00:00:00 UTC,-139,1705,412328759,0.95638888888888873
2018-06-17 00:00:00 UTC,-139,1704,412328759,0.27680555555555553
2018-06-17 00:00:00 UTC,-139,1693,412470420,5.4530555555555553
2018-06-17 00:00:00 UTC,-139,1686,576664000,1.0598611111111111
2018-06-17 00:00:00 UTC,-139,1685,576664000,4.8416666666666668
2018-06-17 00:00:00 UTC,-139,1531,432984000,0.15541666666666668
2018-06-17 00:00:00 UTC,-139,-1224,412329428,0.77333333333333332
2018-06-17 00:00:00 UTC,-139,-1228,412329428,0.7468055555555555
2018-06-17 00:00:00 UTC,-139,1707,413345000,0.12833333333333333
2018-06-17 00:00:00 UTC,-139,1706,413345000,2.2281944444444446
2018-06-17 00:00:00 UTC,-139,1705,413345000,0.40680555555555559
2018-06-17 00:00:00 UTC,-139,1720,412326893,1.0699999999999998
2018-06-17 00:00:00 UTC,-139,1720,412326894,0.49569444444444444
2018-06-17 00:00:00 UTC,-139,1719,412326894,1.0536111111111111
2018-06-17 00:00:00 UTC,-139,1704,412326901,0.79902777777777767
2018-06-17 00:00:00 UTC,-139,1703,412326901,0.91999999999999982
2018-06-17 00:00:00 UTC,-139,-1343,412420863,3.0284722222222218
2018-06-17 00:00:00 UTC,-139,-1344,412420863,0.75374999999999992
2018-06-17 00:00:00 UTC,118,1573,500800007,6.0266666666666673
2018-06-17 00:00:00 UTC,118,1574,500800007,6.3126388888888894
2018-06-17 00:00:00 UTC,118,1571,500800008,2.3049999999999997
2018-06-17 00:00:00 UTC,118,1563,500800008,0.85097222222222224
2018-06-17 00:00:00 UTC,118,1568,500800008,2.4545833333333333
2018-06-17 00:00:00 UTC,118,1564,500800008,1.338888888888889
2018-06-17 00:00:00 UTC,118,1574,500800008,1.1141666666666665
2018-06-17 00:00:00 UTC,118,1572,500800008,3.3822222222222216
2018-06-17 00:00:00 UTC,118,1573,500800008,8.45361111111111
2018-06-17 00:00:00 UTC,118,1561,500800008,0.89208333333333323
2018-06-17 00:00:00 UTC,118,1562,500800008,0.76875
2018-06-17 00:00:00 UTC,118,1566,500800008,1.4963888888888888
2018-06-17 00:00:00 UTC,118,-1760,412679210,0.57347222222222227
2018-06-17 00:00:00 UTC,118,-1759,412679210,2.7104166666666667
2018-06-17 00:00:00 UTC,118,-1761,412679210,0.43180555555555555
2018-06-17 00:00:00 UTC,118,1560,416003677,0.37819444444444444
2018-06-17 00:00:00 UTC,118,1573,416003677,2.0524999999999998
2018-06-17 00:00:00 UTC,118,1574,416003677,3.8855555555555554
2018-06-17 00:00:00 UTC,118,-1739,412674190,2.6045833333333333
2018-06-17 00:00:00 UTC,118,1794,416168600,1.0265277777777777
2018-06-17 00:00:00 UTC,118,1796,416168600,0.68472222222222223
2018-06-17 00:00:00 UTC,118,1790,416168600,1.9327777777777779
2018-06-17 00:00:00 UTC,118,1792,416168600,0.75791666666666657
2018-06-17 00:00:00 UTC,118,1791,416168600,1.0536111111111111
2018-06-17 00:00:00 UTC,118,-1731,416122800,0.1413888888888889
2018-06-17 00:00:00 UTC,118,-1737,416122800,1.9129166666666673
2018-06-17 00:00:00 UTC,118,-1736,416122800,2.0479166666666666
2018-06-17 00:00:00 UTC,118,-1733,416122800,0.12458333333333332
2018-06-17 00:00:00 UTC,118,-1732,416122800,0.60430555555555565
2018-06-17 00:00:00 UTC,118,-1738,416122800,0.80069444444444449
2018-06-17 00:00:00 UTC,118,-1734,416122800,1.3701388888888886
2018-06-17 00:00:00 UTC,118,-1735,416122800,2.9574999999999996
2018-06-17 00:00:00 UTC,118,-171,412202673,1.6120833333333333
2018-06-17 00:00:00 UTC,118,-1780,412270001,2.8681944444444438
2018-06-17 00:00:00 UTC,118,-1781,412270001,0.28388888888888886
2018-06-17 00:00:00 UTC,118,-1783,412270001,0.32472222222222219
2018-06-17 00:00:00 UTC,118,-1782,412270001,1.1630555555555553
2018-06-17 00:00:00 UTC,118,1542,416002492,1.4373611111111113
2018-06-17 00:00:00 UTC,118,1541,416002492,1.53875
2018-06-17 00:00:00 UTC,118,1543,416002492,1.1866666666666665
2018-06-17 00:00:00 UTC,118,1773,416229600,1.1563888888888889
2018-06-17 00:00:00 UTC,118,-1693,412993000,0.58472222222222225
2018-06-17 00:00:00 UTC,118,-1689,412993000,0.80805555555555564
2018-06-17 00:00:00 UTC,118,-1688,412993000,0.91916666666666669
2018-06-17 00:00:00 UTC,118,-1696,412993000,0.28708333333333336
2018-06-17 00:00:00 UTC,118,-1695,412993000,0.505
2018-06-17 00:00:00 UTC,118,-1694,412993000,0.18625000000000003
2018-06-17 00:00:00 UTC,118,-1692,412993000,0.55680555555555555
2018-06-17 00:00:00 UTC,118,-1686,412993000,1.1615277777777777
2018-06-17 00:00:00 UTC,118,-1691,412993000,0.96708333333333318
2018-06-17 00:00:00 UTC,118,1299,200020717,2.0387500000000003
2018-06-17 00:00:00 UTC,374,1199,198812162,0.041666666666666671
2018-06-17 00:00:00 UTC,374,1221,812333317,21.207777777777782
2018-06-17 00:00:00 UTC,374,1375,431008264,0.26430555555555557
2018-06-17 00:00:00 UTC,374,1375,431008265,12.276111111111113
2018-06-17 00:00:00 UTC,374,128,247145230,0.56819444444444445
2018-06-17 00:00:00 UTC,374,1376,431008273,9.02833333333333
2018-06-17 00:00:00 UTC,374,128,247140370,0.86375
2018-06-17 00:00:00 UTC,374,-9,224006930,16.045555555555559
2018-06-17 00:00:00 UTC,374,1375,431008274,4.3963888888888887
2018-06-17 00:00:00 UTC,374,1374,431008274,2.7454166666666668
2018-06-17 00:00:00 UTC,374,1263,440156700,4.9256944444444439
2018-06-17 00:00:00 UTC,374,1262,440704830,0.91555555555555557
2018-06-17 00:00:00 UTC,374,1263,440704830,5.50013888888889
2018-06-17 00:00:00 UTC,374,1744,416212800,1.03
2018-06-17 00:00:00 UTC,374,1745,416212800,1.5306944444444448
2018-06-17 00:00:00 UTC,374,1746,416212800,1.4923611111111112
2018-06-17 00:00:00 UTC,374,128,247140930,1.6081944444444445
2018-06-17 00:00:00 UTC,374,1198,198712130,0.15041666666666667
2018-06-17 00:00:00 UTC,374,1199,700059972,4.1559722222222222
2018-06-17 00:00:00 UTC,374,1382,431008324,4.642500000000001
2018-06-17 00:00:00 UTC,374,-91,263404870,4.7972222222222216
2018-06-17 00:00:00 UTC,374,129,247140170,0.25972222222222219
2018-06-17 00:00:00 UTC,374,1198,800044620,0.81749999999999989
2018-06-17 00:00:00 UTC,374,1198,880413008,1.0916666666666668
2018-06-17 00:00:00 UTC,374,1199,880413008,0.25194444444444442
2018-06-17 00:00:00 UTC,374,128,247148880,1.4361111111111111
2018-06-17 00:00:00 UTC,374,1199,415001168,0.059166666666666666
2018-06-17 00:00:00 UTC,374,1265,440001360,0.13347222222222221
2018-06-17 00:00:00 UTC,374,-1226,367569490,0.083333333333333329
2018-06-17 00:00:00 UTC,374,1383,431011155,2.8129166666666667
2018-06-17 00:00:00 UTC,374,-6,224082260,3.610694444444444
2018-06-17 00:00:00 UTC,374,1199,412328021,0.79875
2018-06-17 00:00:00 UTC,374,128,247147350,0.79583333333333339
2018-06-17 00:00:00 UTC,374,1422,431600220,5.7727777777777769
2018-06-17 00:00:00 UTC,374,1421,431600220,0.62125000000000008
2018-06-17 00:00:00 UTC,374,128,247041390,0.81666666666666676
2018-06-17 00:00:00 UTC,374,-1229,367566960,6.7409722222222221
2018-06-17 00:00:00 UTC,374,128,247300210,0.27361111111111114
2018-06-17 00:00:00 UTC,374,1313,440414070,2.6056944444444445
2018-06-17 00:00:00 UTC,374,128,247119740,0.82944444444444432
2018-06-17 00:00:00 UTC,374,1333,440403070,0.46555555555555556
2018-06-17 00:00:00 UTC,374,-9,224021630,3.519861111111112
2018-06-17 00:00:00 UTC,374,1198,198703230,0.20402777777777778
2018-06-17 00:00:00 UTC,374,1200,150510472,7.1604166666666664
2018-06-17 00:00:00 UTC,374,1265,440008330,7.1426388888888894
2018-06-17 00:00:00 UTC,374,1265,440001420,2.9411111111111108
2018-06-17 00:00:00 UTC,374,1266,440001420,0.29138888888888886
2018-06-17 00:00:00 UTC,374,1265,440021650,0.13763888888888889
2018-06-17 00:00:00 UTC,374,1759,416000146,1.2359722222222222
2018-06-17 00:00:00 UTC,374,1201,412331155,10.467777777777778
2018-06-17 00:00:00 UTC,374,1736,416000405,1.1390277777777778
2018-06-17 00:00:00 UTC,374,1265,440013470,4.0048611111111114
2018-06-17 00:00:00 UTC,374,1198,190700702,3.5544444444444441
2018-06-17 00:00:00 UTC,374,129,247140260,0.55541666666666667
2018-06-17 00:00:00 UTC,374,1199,412323751,3.5416666666666674
2018-06-17 00:00:00 UTC,374,1199,700055473,4.99125
2018-06-17 00:00:00 UTC,374,1198,700055473,2.8097222222222227
2018-06-17 00:00:00 UTC,374,-9,224100530,5.2284722222222229
2018-06-17 00:00:00 UTC,374,-10,224100530,0.077777777777777779
2018-06-17 00:00:00 UTC,374,129,247140790,0.78625
2018-06-17 00:00:00 UTC,374,129,247113150,0.25722222222222224
2018-06-17 00:00:00 UTC,374,1264,440003780,3.9123611111111112
2018-06-17 00:00:00 UTC,374,128,247144910,1.6540277777777779
2018-06-17 00:00:00 UTC,374,1381,431008206,0.51069444444444445
2018-06-17 00:00:00 UTC,374,1382,431008206,0.76083333333333325
2018-06-17 00:00:00 UTC,374,1265,440012250,4.1365277777777774
2018-06-17 00:00:00 UTC,374,1199,700059871,5.9575000000000005
2018-06-17 00:00:00 UTC,374,129,247140320,0.17777777777777778
2018-06-17 00:00:00 UTC,374,128,247140320,1.9818055555555554
2018-06-17 00:00:00 UTC,374,-13,224234720,1.1504166666666666
2018-06-17 00:00:00 UTC,374,1199,412323562,0.23861111111111111
2018-06-17 00:00:00 UTC,374,1384,431008753,0.96430555555555553
2018-06-17 00:00:00 UTC,374,1385,431008753,2.7551388888888888
2018-06-17 00:00:00 UTC,374,1384,431008754,0.5181944444444444
2018-06-17 00:00:00 UTC,374,1383,431008754,4.4934722222222216
2018-06-17 00:00:00 UTC,374,1383,431008755,3.8830555555555555
2018-06-17 00:00:00 UTC,374,1265,440007670,0.52430555555555558
2018-06-17 00:00:00 UTC,374,129,247143930,0.63319444444444439
2018-06-17 00:00:00 UTC,374,1199,700056571,5.1591666666666676
2018-06-17 00:00:00 UTC,630,-223,259616000,0.95972222222222225
2018-06-17 00:00:00 UTC,630,-224,259616000,2.7497222222222222
2018-06-17 00:00:00 UTC,630,76,257150020,0.050972222222222224
2018-06-17 00:00:00 UTC,630,-592,316004180,1.2544444444444443
2018-06-17 00:00:00 UTC,630,-1792,273895000,1.355
2018-06-17 00:00:00 UTC,630,-1791,273895000,0.02388888888888889
2018-06-17 00:00:00 UTC,630,-1793,273895000,2.3563888888888886
2018-06-17 00:00:00 UTC,630,-1798,273821300,0.255
2018-06-17 00:00:00 UTC,630,-1791,273387130,0.73625
2018-06-17 00:00:00 UTC,630,-1781,273387130,0.81666666666666665
2018-06-17 00:00:00 UTC,630,-1799,273824900,1.1161111111111108
2018-06-17 00:00:00 UTC,630,-604,316323000,0.30680555555555555
2018-06-17 00:00:00 UTC,630,-1800,273821900,0.21416666666666667
2018-06-17 00:00:00 UTC,630,-1799,273821900,0.65138888888888868
2018-06-17 00:00:00 UTC,630,-587,316012240,3.15375
2018-06-17 00:00:00 UTC,630,-589,316012240,0.3586111111111111
2018-06-17 00:00:00 UTC,630,-588,316012240,0.35430555555555554
2018-06-17 00:00:00 UTC,-394,-521,416037900,1.1220833333333333
2018-06-17 00:00:00 UTC,-394,-522,416037900,0.71083333333333332
2018-06-17 00:00:00 UTC,-394,-558,701038000,3.19375
2018-06-17 00:00:00 UTC,-394,-559,701038000,4.9363888888888887
2018-06-17 00:00:00 UTC,-138,-1289,412420896,0.66972222222222233
2018-06-17 00:00:00 UTC,-138,1718,413342000,1.4219444444444442
2018-06-17 00:00:00 UTC,-138,1702,412328759,0.16055555555555556
2018-06-17 00:00:00 UTC,-138,-1718,518100073,3.1958333333333329
2018-06-17 00:00:00 UTC,-138,1685,576664000,0.77305555555555561
2018-06-17 00:00:00 UTC,-138,1683,576664000,0.25
2018-06-17 00:00:00 UTC,-138,1684,576664000,0.9770833333333333
2018-06-17 00:00:00 UTC,-138,-1228,412329428,0.23180555555555554
2018-06-17 00:00:00 UTC,-138,-1224,412329428,0.68805555555555564
2018-06-17 00:00:00 UTC,-138,-1225,412329428,1.0022222222222223
2018-06-17 00:00:00 UTC,-138,-1229,412329428,0.73097222222222236
2018-06-17 00:00:00 UTC,-138,-1712,518100455,1.2779166666666666
2018-06-17 00:00:00 UTC,-138,1705,413345000,1.8137499999999998
2018-06-17 00:00:00 UTC,-138,1704,413345000,0.51277777777777778
2018-06-17 00:00:00 UTC,-138,1720,412326893,0.41402777777777777
2018-06-17 00:00:00 UTC,-138,1719,412326893,0.72680555555555559
2018-06-17 00:00:00 UTC,-138,1719,412326894,0.93472222222222223
2018-06-17 00:00:00 UTC,-138,1718,412326894,0.6941666666666666
2018-06-17 00:00:00 UTC,-138,1702,412326901,0.94611111111111112
2018-06-17 00:00:00 UTC,-138,-1346,412420863,0.071388888888888891
2018-06-17 00:00:00 UTC,-138,-1344,412420863,1.9595833333333335
2018-06-17 00:00:00 UTC,-138,-1345,412420863,0.85902777777777783
2018-06-17 00:00:00 UTC,119,-1761,412679210,0.3281944444444444
2018-06-17 00:00:00 UTC,119,-1767,412695630,0.065555555555555561
2018-06-17 00:00:00 UTC,119,1574,416003677,1.6516666666666668
2018-06-17 00:00:00 UTC,119,-1738,412674190,1.2049999999999996
2018-06-17 00:00:00 UTC,119,-1744,412674190,0.15194444444444444
2018-06-17 00:00:00 UTC,119,1303,200021405,0.39708333333333334
2018-06-17 00:00:00 UTC,119,-1784,412985000,1.5038888888888888
2018-06-17 00:00:00 UTC,119,-1788,412985000,1.46875
2018-06-17 00:00:00 UTC,119,-1783,412985000,1.6459722222222226
2018-06-17 00:00:00 UTC,119,-1785,412985000,1.0418055555555557
2018-06-17 00:00:00 UTC,119,-1786,412985000,1.6505555555555542
2018-06-17 00:00:00 UTC,119,-1782,412985000,0.85000000000000009
2018-06-17 00:00:00 UTC,119,-1789,412985000,0.878888888888889
2018-06-17 00:00:00 UTC,119,-1787,412985000,1.8804166666666662
2018-06-17 00:00:00 UTC,119,-1790,412985000,0.31291666666666668
2018-06-17 00:00:00 UTC,119,-1738,416122800,1.1818055555555556
2018-06-17 00:00:00 UTC,119,-1731,416122800,0.21166666666666667
2018-06-17 00:00:00 UTC,119,-1734,416122800,2.3888888888888893
2018-06-17 00:00:00 UTC,119,-1732,416122800,0.57111111111111112
2018-06-17 00:00:00 UTC,119,-1736,416122800,1.4465277777777779
2018-06-17 00:00:00 UTC,119,-1735,416122800,2.2879166666666659
2018-06-17 00:00:00 UTC,119,-1737,416122800,2.8151388888888889
2018-06-17 00:00:00 UTC,119,-1733,416122800,0.74749999999999983
2018-06-17 00:00:00 UTC,119,-171,412202673,1.2713888888888889
2018-06-17 00:00:00 UTC,119,-170,412202673,3.5647222222222226
2018-06-17 00:00:00 UTC,119,-172,412202673,2.016111111111111
2018-06-17 00:00:00 UTC,119,1539,416002492,1.3952777777777774
2018-06-17 00:00:00 UTC,119,1538,416002492,0.27236111111111111
2018-06-17 00:00:00 UTC,119,1542,416002492,5.1691666666666674
2018-06-17 00:00:00 UTC,119,1543,416002492,1.2245833333333334
2018-06-17 00:00:00 UTC,119,1544,416002492,3.5765277777777778
2018-06-17 00:00:00 UTC,119,1545,416002492,3.8169444444444443
2018-06-17 00:00:00 UTC,119,1541,416002492,2.9679166666666665
2018-06-17 00:00:00 UTC,119,1332,431002571,8.036944444444444
2018-06-17 00:00:00 UTC,119,1773,416229600,1.7890277777777779
2018-06-17 00:00:00 UTC,119,-1696,412993000,0.8191666666666666
2018-06-17 00:00:00 UTC,119,1792,416164600,0.74569444444444444
2018-06-17 00:00:00 UTC,119,1788,416164600,1.1008333333333333
2018-06-17 00:00:00 UTC,119,1789,416164600,0.635
2018-06-17 00:00:00 UTC,119,1790,416164600,0.9620833333333334
2018-06-17 00:00:00 UTC,119,1793,416164600,1.0443055555555556
2018-06-17 00:00:00 UTC,375,1198,198812162,2.8455555555555558
2018-06-17 00:00:00 UTC,375,1221,812333317,2.7330555555555547
2018-06-17 00:00:00 UTC,375,1374,431008267,5.2440277777777782
2018-06-17 00:00:00 UTC,375,1374,431008269,2.9743055555555555
2018-06-17 00:00:00 UTC,375,1374,431008272,7.0524999999999993
2018-06-17 00:00:00 UTC,375,1375,431008274,4.93513888888889
2018-06-17 00:00:00 UTC,375,-13,224100120,0.63055555555555554
2018-06-17 00:00:00 UTC,375,-12,224100120,0.66430555555555559
2018-06-17 00:00:00 UTC,375,-11,224100120,1.7498611111111113
2018-06-17 00:00:00 UTC,375,1199,412160025,1.5305555555555557
2018-06-17 00:00:00 UTC,375,-12,224057890,0.28763888888888889
2018-06-17 00:00:00 UTC,375,-11,224057890,1.3363888888888888
2018-06-17 00:00:00 UTC,375,-11,224177460,0.76374999999999993
2018-06-17 00:00:00 UTC,375,1198,700055862,8.367916666666666
2018-06-17 00:00:00 UTC,375,1199,800054327,0.37486111111111109
2018-06-17 00:00:00 UTC,375,-9,224212280,4.7015277777777778
2018-06-17 00:00:00 UTC,375,-11,224100160,0.9834722222222223
2018-06-17 00:00:00 UTC,375,1745,416212800,1.0756944444444445
2018-06-17 00:00:00 UTC,375,1746,416212800,1.9473611111111109
2018-06-17 00:00:00 UTC,375,1198,198712130,0.40819444444444442
2018-06-17 00:00:00 UTC,375,1199,700059972,4.7380555555555564
2018-06-17 00:00:00 UTC,375,-91,263404870,2.1100000000000003
2018-06-17 00:00:00 UTC,375,-92,263404870,0.083333333333333329
2018-06-17 00:00:00 UTC,375,-90,263404870,1.3308333333333333
2018-06-17 00:00:00 UTC,375,-11,224046150,1.8141666666666665
2018-06-17 00:00:00 UTC,375,129,247140170,0.5363888888888888
2018-06-17 00:00:00 UTC,375,-11,224138320,1.6873611111111111
2018-06-17 00:00:00 UTC,375,128,247148880,0.26666666666666666
2018-06-17 00:00:00 UTC,375,1200,415001168,0.83916666666666662
2018-06-17 00:00:00 UTC,375,1199,415001168,0.74555555555555553
2018-06-17 00:00:00 UTC,375,-1226,367569490,0.15847222222222224
2018-06-17 00:00:00 UTC,375,1199,412328021,0.58875
2018-06-17 00:00:00 UTC,375,128,247147350,1.3720833333333333
2018-06-17 00:00:00 UTC,375,1421,431600220,1.462638888888889
2018-06-17 00:00:00 UTC,375,1420,431600220,0.54333333333333333
2018-06-17 00:00:00 UTC,375,1200,61026,0.255
2018-06-17 00:00:00 UTC,375,-11,224020840,1.6598611111111112
2018-06-17 00:00:00 UTC,375,128,247041390,0.59874999999999989
2018-06-17 00:00:00 UTC,375,-1229,367566960,1.10375
2018-06-17 00:00:00 UTC,375,128,247300210,1.0833333333333335
2018-06-17 00:00:00 UTC,375,1200,800049525,4.9629166666666666
2018-06-17 00:00:00 UTC,375,1313,440414070,8.3093055555555555
2018-06-17 00:00:00 UTC,375,128,247119740,0.57763888888888881
2018-06-17 00:00:00 UTC,375,1332,440403070,1.6904166666666665
2018-06-17 00:00:00 UTC,375,1331,440403070,3.8962500000000007
2018-06-17 00:00:00 UTC,375,1330,440403070,0.31930555555555551
2018-06-17 00:00:00 UTC,375,124,247300990,2.5516666666666663
2018-06-17 00:00:00 UTC,375,1200,800054142,1.7631944444444447
2018-06-17 00:00:00 UTC,375,1199,800054142,0.18416666666666665
2018-06-17 00:00:00 UTC,375,1198,800054146,0.26291666666666669
2018-06-17 00:00:00 UTC,375,1200,800400005,0.8633333333333334
2018-06-17 00:00:00 UTC,375,1199,800400008,1.5918055555555557
2018-06-17 00:00:00 UTC,375,-11,224026770,1.1997222222222224
2018-06-17 00:00:00 UTC,375,1759,416000146,1.585277777777778
2018-06-17 00:00:00 UTC,375,1201,412331155,3.7984722222222222
2018-06-17 00:00:00 UTC,375,1736,416000405,0.741388888888889
2018-06-17 00:00:00 UTC,375,1198,190700702,7.9427777777777777
2018-06-17 00:00:00 UTC,375,1200,700055454,3.4062499999999996
2018-06-17 00:00:00 UTC,375,129,247140260,0.29444444444444445
2018-06-17 00:00:00 UTC,375,-11,224054950,1.2430555555555554
2018-06-17 00:00:00 UTC,375,1200,885412007,6.1506944444444471
2018-06-17 00:00:00 UTC,375,1198,700055473,2.3727777777777774
2018-06-17 00:00:00 UTC,375,1197,700055473,5.3315277777777776
2018-06-17 00:00:00 UTC,375,-10,224100530,2.2129166666666666
2018-06-17 00:00:00 UTC,375,-9,224100530,0.55944444444444452
2018-06-17 00:00:00 UTC,375,-11,224151990,0.56222222222222229
2018-06-17 00:00:00 UTC,375,129,247113150,0.53180555555555553
2018-06-17 00:00:00 UTC,375,1199,1475,0.75388888888888883
2018-06-17 00:00:00 UTC,375,-11,224155590,1.6466666666666667
2018-06-17 00:00:00 UTC,375,-2,224248780,0.34972222222222227
2018-06-17 00:00:00 UTC,375,128,247144910,0.2680555555555556
2018-06-17 00:00:00 UTC,375,-12,224225750,1.3420833333333331
2018-06-17 00:00:00 UTC,375,-11,224225750,0.14569444444444446
2018-06-17 00:00:00 UTC,375,1198,413198806,19.530972222222221
2018-06-17 00:00:00 UTC,375,1198,800038360,0.86916666666666664
2018-06-17 00:00:00 UTC,375,1198,413198808,16.58902777777778
2018-06-17 00:00:00 UTC,375,-9,224085980,14.061944444444446
2018-06-17 00:00:00 UTC,375,-9,224225760,0.13138888888888889
2018-06-17 00:00:00 UTC,375,-11,224234720,0.071527777777777773
2018-06-17 00:00:00 UTC,375,1198,800009188,17.1625
2018-06-17 00:00:00 UTC,375,1199,412323562,1.8727777777777779
2018-06-17 00:00:00 UTC,375,1198,412323562,0.26291666666666669
2018-06-17 00:00:00 UTC,375,-11,224131820,1.9225
2018-06-17 00:00:00 UTC,375,1383,431008755,1.1629166666666668
2018-06-17 00:00:00 UTC,375,-10,224282870,0.90430555555555558
2018-06-17 00:00:00 UTC,375,-9,224282870,3.4411111111111126
2018-06-17 00:00:00 UTC,375,129,247143930,0.30708333333333337
2018-06-17 00:00:00 UTC,631,-228,259616000,1.4411111111111112
2018-06-17 00:00:00 UTC,631,-223,259616000,1.6002777777777779
2018-06-17 00:00:00 UTC,631,-225,259616000,2.2573611111111109
2018-06-17 00:00:00 UTC,631,-226,259616000,2.0300000000000002
2018-06-17 00:00:00 UTC,631,-224,259616000,1.1508333333333334
2018-06-17 00:00:00 UTC,631,-227,259616000,2.3334722222222224
2018-06-17 00:00:00 UTC,631,-222,259616000,0.965138888888889
2018-06-17 00:00:00 UTC,631,70,259475000,2.0006944444444441
2018-06-17 00:00:00 UTC,631,-1792,273895000,3.2140277777777766
2018-06-17 00:00:00 UTC,631,-1791,273895000,2.0180555555555553
2018-06-17 00:00:00 UTC,631,-1793,273895000,0.68791666666666662
2018-06-17 00:00:00 UTC,631,70,257589600,8.2661111111111172
2018-06-17 00:00:00 UTC,631,69,257589600,0.19874999999999998
2018-06-17 00:00:00 UTC,631,52,258524000,1.9977777777777779
2018-06-17 00:00:00 UTC,631,53,258524000,1.9548611111111109
2018-06-17 00:00:00 UTC,631,81,257073540,0.56680555555555556
2018-06-17 00:00:00 UTC,631,84,257073540,0.87083333333333335
2018-06-17 00:00:00 UTC,631,70,257445000,0.39541666666666664
2018-06-17 00:00:00 UTC,631,73,257183140,2.4377777777777778
2018-06-17 00:00:00 UTC,631,74,257183140,1.4862500000000003
2018-06-17 00:00:00 UTC,631,-589,316012240,0.69055555555555559
2018-06-17 00:00:00 UTC,631,63,257304540,12.02361111111111
2018-06-17 00:00:00 UTC,631,64,257304540,4.697916666666667
2018-06-17 00:00:00 UTC,631,65,257304540,0.891388888888889
2018-06-17 00:00:00 UTC,-393,-783,273854000,0.28499999999999992
2018-06-17 00:00:00 UTC,-393,-782,273854000,1.9819444444444443
2018-06-17 00:00:00 UTC,-393,1726,512409000,0.82666666666666688
2018-06-17 00:00:00 UTC,-393,-559,701038000,3.5509722222222209
2018-06-17 00:00:00 UTC,-393,-558,701038000,9.493611111111111
2018-06-17 00:00:00 UTC,-393,-751,725000669,0.22930555555555554
2018-06-17 00:00:00 UTC,-393,-752,725000669,0.087638888888888877
2018-06-17 00:00:00 UTC,-137,1713,412320023,1.4336111111111109
2018-06-17 00:00:00 UTC,-137,1718,413342000,1.3793055555555553
2018-06-17 00:00:00 UTC,-137,1714,412331102,0.91708333333333347
2018-06-17 00:00:00 UTC,-137,1713,412331105,0.37277777777777782
2018-06-17 00:00:00 UTC,-137,1714,412331105,0.95958333333333345
2018-06-17 00:00:00 UTC,-137,-1716,518100073,0.12888888888888889
2018-06-17 00:00:00 UTC,-137,1683,576664000,0.44708333333333333
2018-06-17 00:00:00 UTC,-137,-1229,412329428,0.85319444444444437
2018-06-17 00:00:00 UTC,-137,-1225,412329428,3.9429166666666666
2018-06-17 00:00:00 UTC,-137,1506,412326881,1.63625
2018-06-17 00:00:00 UTC,-137,-1712,518100455,0.57930555555555552
2018-06-17 00:00:00 UTC,-137,1704,413345000,1.1679166666666665
2018-06-17 00:00:00 UTC,-137,1703,413345000,5.2527777777777773
2018-06-17 00:00:00 UTC,-137,1719,412326893,0.78902777777777777
2018-06-17 00:00:00 UTC,-137,1719,412326894,0.751388888888889
2018-06-17 00:00:00 UTC,-137,1718,412326894,1.36375
2018-06-17 00:00:00 UTC,-137,1713,412326902,1.0879166666666666
2018-06-17 00:00:00 UTC,-137,1711,412326906,1.1944444444444444
2018-06-17 00:00:00 UTC,-137,1712,412326906,3.01375
2018-06-17 00:00:00 UTC,-137,-1344,412420863,2.6244444444444444
2018-06-17 00:00:00 UTC,-137,-1346,412420863,0.14708333333333334
2018-06-17 00:00:00 UTC,120,1540,416000299,0.38680555555555557
2018-06-17 00:00:00 UTC,120,-1732,416232500,2.365277777777778
2018-06-17 00:00:00 UTC,120,-1734,416232500,0.30833333333333329
2018-06-17 00:00:00 UTC,120,-1731,416232500,0.3158333333333333
2018-06-17 00:00:00 UTC,120,-1733,416232500,1.5075
2018-06-17 00:00:00 UTC,120,-1735,416232500,2.4658333333333333
2018-06-17 00:00:00 UTC,120,-1768,412695630,1.4815277777777778
2018-06-17 00:00:00 UTC,120,-1769,412695630,2.0909722222222222
2018-06-17 00:00:00 UTC,120,-1767,412695630,1.9987499999999998
2018-06-17 00:00:00 UTC,120,-1766,412695630,1.4622222222222223
2018-06-17 00:00:00 UTC,120,-1765,412695630,1.8959722222222222
2018-06-17 00:00:00 UTC,120,-1770,412695630,2.2668055555555555
2018-06-17 00:00:00 UTC,120,-1772,412695630,2.5119444444444445
2018-06-17 00:00:00 UTC,120,-1764,412695630,2.5675
2018-06-17 00:00:00 UTC,120,1573,416003677,3.2862500000000003
2018-06-17 00:00:00 UTC,120,1574,416003677,1.97125
2018-06-17 00:00:00 UTC,120,-1744,412674190,0.98611111111111116
2018-06-17 00:00:00 UTC,120,1302,200021405,5.1568055555555556
2018-06-17 00:00:00 UTC,120,-1733,416122800,0.83819444444444446
2018-06-17 00:00:00 UTC,120,-171,412202673,4.39375
2018-06-17 00:00:00 UTC,120,1538,416002492,0.87347222222222221
2018-06-17 00:00:00 UTC,120,1537,416002492,0.69527777777777777
2018-06-17 00:00:00 UTC,120,1332,431002571,0.54416666666666669
2018-06-17 00:00:00 UTC,120,1340,431002571,6.4444444444444446
2018-06-17 00:00:00 UTC,120,1331,431002571,2.8283333333333331
2018-06-17 00:00:00 UTC,120,1333,431002571,0.612638888888889
2018-06-17 00:00:00 UTC,120,1330,431002571,5.1358333333333333
2018-06-17 00:00:00 UTC,120,-1690,412993000,2.3075
2018-06-17 00:00:00 UTC,120,-1692,412993000,1.2838888888888889
2018-06-17 00:00:00 UTC,120,-1688,412993000,1.9605555555555556
2018-06-17 00:00:00 UTC,120,-1693,412993000,1.9827777777777778
2018-06-17 00:00:00 UTC,120,-1689,412993000,1.4929166666666669
2018-06-17 00:00:00 UTC,120,-1686,412993000,2.4225
2018-06-17 00:00:00 UTC,120,-1687,412993000,2.6733333333333333
2018-06-17 00:00:00 UTC,120,-1691,412993000,1.0768055555555556
2018-06-17 00:00:00 UTC,120,1299,200020717,1.4688888888888889
2018-06-17 00:00:00 UTC,120,1794,416164600,0.81722222222222229
2018-06-17 00:00:00 UTC,376,1198,198812162,2.3331944444444446
2018-06-17 00:00:00 UTC,376,1199,8196,0.752361111111111
2018-06-17 00:00:00 UTC,376,1374,431008269,0.54930555555555549
2018-06-17 00:00:00 UTC,376,-255,204209950,2.2795833333333335
2018-06-17 00:00:00 UTC,376,-254,204209950,0.73166666666666669
2018-06-17 00:00:00 UTC,376,1198,412198706,21.6275
2018-06-17 00:00:00 UTC,376,1197,800044595,1.9018055555555555
2018-06-17 00:00:00 UTC,376,1200,700055862,0.0838888888888889
2018-06-17 00:00:00 UTC,376,1745,416212800,3.2038888888888892
2018-06-17 00:00:00 UTC,376,1198,198712130,1.945138888888889
2018-06-17 00:00:00 UTC,376,-90,263404870,2.96625
2018-06-17 00:00:00 UTC,376,-91,263404870,0.67027777777777775
2018-06-17 00:00:00 UTC,376,-92,263404870,0.25944444444444442
2018-06-17 00:00:00 UTC,376,1198,800044620,1.2513888888888889
2018-06-17 00:00:00 UTC,376,1199,880413008,0.083333333333333329
2018-06-17 00:00:00 UTC,376,1199,415001168,0.92277777777777781
2018-06-17 00:00:00 UTC,376,1200,415001168,1.5583333333333331
2018-06-17 00:00:00 UTC,376,1727,416002896,11.042916666666668
2018-06-17 00:00:00 UTC,376,1728,416002896,2.9012499999999997
2018-06-17 00:00:00 UTC,376,1729,416002896,3.685
2018-06-17 00:00:00 UTC,376,-250,204201560,11.158194444444444
2018-06-17 00:00:00 UTC,376,1212,413625689,0.3833333333333333
2018-06-17 00:00:00 UTC,376,1199,412286809,0.15847222222222224
2018-06-17 00:00:00 UTC,376,1420,431600220,2.0458333333333334
2018-06-17 00:00:00 UTC,376,1419,431600220,0.60486111111111107
2018-06-17 00:00:00 UTC,376,-1228,367566960,0.82111111111111112
2018-06-17 00:00:00 UTC,376,1200,800049525,0.56125
2018-06-17 00:00:00 UTC,376,1331,440403070,1.5420833333333335
2018-06-17 00:00:00 UTC,376,1330,440403070,10.034861111111113
2018-06-17 00:00:00 UTC,376,124,247300990,0.19583333333333333
2018-06-17 00:00:00 UTC,376,1200,800054142,0.12083333333333332
2018-06-17 00:00:00 UTC,376,1199,800054142,0.33138888888888884
2018-06-17 00:00:00 UTC,376,1199,700055425,8.1193055555555542
2018-06-17 00:00:00 UTC,376,1200,700055433,0.34194444444444444
2018-06-17 00:00:00 UTC,376,1198,412198802,9.2716666666666683
2018-06-17 00:00:00 UTC,376,1759,416000146,0.88763888888888887
2018-06-17 00:00:00 UTC,376,1198,800051604,9.3479166666666664
2018-06-17 00:00:00 UTC,376,-254,204206740,3.7473611111111111
2018-06-17 00:00:00 UTC,376,-255,204206740,0.33472222222222225
2018-06-17 00:00:00 UTC,376,1736,416000405,2.8772222222222221
2018-06-17 00:00:00 UTC,376,1198,700055448,6.6177777777777784
2018-06-17 00:00:00 UTC,376,-7,224156570,0.37583333333333335
2018-06-17 00:00:00 UTC,376,-255,204206750,0.39430555555555558
2018-06-17 00:00:00 UTC,376,-254,204206750,1.2720833333333337
2018-06-17 00:00:00 UTC,376,1200,700055454,1.8545833333333333
2018-06-17 00:00:00 UTC,376,1200,885412007,0.37861111111111112
2018-06-17 00:00:00 UTC,376,1198,412323751,0.27027777777777778
2018-06-17 00:00:00 UTC,376,-248,204209840,3.0018055555555549
2018-06-17 00:00:00 UTC,376,-249,204209840,11.913750000000004
2018-06-17 00:00:00 UTC,376,1200,412281032,22.264861111111109
2018-06-17 00:00:00 UTC,376,-2,224248780,8.8368055555555554
2018-06-17 00:00:00 UTC,376,1198,413198806,3.4344444444444453
2018-06-17 00:00:00 UTC,376,1198,800038360,10.273611111111112
2018-06-17 00:00:00 UTC,376,1198,413198808,0.69638888888888884
2018-06-17 00:00:00 UTC,376,1198,800009188,2.2554166666666666
2018-06-17 00:00:00 UTC,376,-250,204833000,1.1244444444444441
2018-06-17 00:00:00 UTC,376,-249,204833000,7.9887500000000031
2018-06-17 00:00:00 UTC,376,1198,412323562,4.2986111111111116
2018-06-17 00:00:00 UTC,376,1199,412323562,0.13319444444444445
2018-06-17 00:00:00 UTC,376,-254,204211450,3.4144444444444439
2018-06-17 00:00:00 UTC,632,-227,259616000,1.5698611111111112
2018-06-17 00:00:00 UTC,632,-228,259616000,2.3233333333333333
2018-06-17 00:00:00 UTC,632,-229,259616000,1.4305555555555558
2018-06-17 00:00:00 UTC,632,71,259475000,2.5844444444444452
2018-06-17 00:00:00 UTC,632,70,259475000,0.31361111111111106
2018-06-17 00:00:00 UTC,632,70,257589600,2.044027777777778
2018-06-17 00:00:00 UTC,632,71,257589600,11.996527777777784
2018-06-17 00:00:00 UTC,632,72,257589600,0.14055555555555554
2018-06-17 00:00:00 UTC,632,54,258524000,5.1018055555555559
2018-06-17 00:00:00 UTC,632,53,258524000,1.1601388888888888
2018-06-17 00:00:00 UTC,632,52,257106540,5.425416666666667
2018-06-17 00:00:00 UTC,632,55,257106540,0.5875
2018-06-17 00:00:00 UTC,632,56,257106540,0.53597222222222229
2018-06-17 00:00:00 UTC,632,74,257214320,2.5373611111111116
2018-06-17 00:00:00 UTC,632,75,257214320,3.6863888888888892
2018-06-17 00:00:00 UTC,632,74,257302140,0.084722222222222227
2018-06-17 00:00:00 UTC,632,72,257302140,0.33875
2018-06-17 00:00:00 UTC,632,71,257302140,10.131805555555559
2018-06-17 00:00:00 UTC,632,70,257302140,0.65833333333333333
2018-06-17 00:00:00 UTC,632,74,257445000,2.0216666666666669
2018-06-17 00:00:00 UTC,632,72,257445000,0.6595833333333333
2018-06-17 00:00:00 UTC,632,71,257445000,7.3424999999999994
2018-06-17 00:00:00 UTC,632,70,257445000,0.34625
2018-06-17 00:00:00 UTC,632,73,257445000,0.84791666666666665
2018-06-17 00:00:00 UTC,632,74,257183140,3.3012499999999991
2018-06-17 00:00:00 UTC,632,73,257183140,1.7729166666666667
2018-06-17 00:00:00 UTC,632,77,257303240,1.026388888888889
2018-06-17 00:00:00 UTC,632,76,257303240,2.3066666666666662
2018-06-17 00:00:00 UTC,632,-590,316012240,1.1352777777777778
2018-06-17 00:00:00 UTC,632,75,257313240,0.74472222222222229
2018-06-17 00:00:00 UTC,-392,-782,273854000,4.20625
2018-06-17 00:00:00 UTC,-392,-783,273854000,2.8336111111111104
2018-06-17 00:00:00 UTC,-392,-782,277330000,1.7918055555555557
2018-06-17 00:00:00 UTC,-392,-783,277330000,0.88541666666666641
2018-06-17 00:00:00 UTC,-392,1726,512004438,0.53291666666666671
2018-06-17 00:00:00 UTC,-392,1727,512004438,1.0475
2018-06-17 00:00:00 UTC,-392,1725,512411000,6.36430555555556
2018-06-17 00:00:00 UTC,-392,1723,512411000,0.3051388888888889
2018-06-17 00:00:00 UTC,-392,1724,512411000,6.9208333333333307
2018-06-17 00:00:00 UTC,-392,-498,416336000,2.2658333333333331
2018-06-17 00:00:00 UTC,-392,-497,416336000,4.6525000000000007
2018-06-17 00:00:00 UTC,-392,1726,512409000,1.1190277777777777
2018-06-17 00:00:00 UTC,-392,-559,701038000,0.16541666666666666
2018-06-17 00:00:00 UTC,-136,1714,412320023,0.27444444444444444
2018-06-17 00:00:00 UTC,-136,1713,412320023,2.9209722222222223
2018-06-17 00:00:00 UTC,-136,-1281,412460066,1.5629166666666667
2018-06-17 00:00:00 UTC,-136,-1283,412460066,0.47888888888888886
2018-06-17 00:00:00 UTC,-136,-1284,412460066,1.9493055555555552
2018-06-17 00:00:00 UTC,-136,-1280,412460066,1.1540277777777777
2018-06-17 00:00:00 UTC,-136,-1285,412460066,0.86638888888888888
2018-06-17 00:00:00 UTC,-136,1717,413342000,3.0223611111111115
2018-06-17 00:00:00 UTC,-136,1718,413342000,1.8102777777777777
2018-06-17 00:00:00 UTC,-136,1699,412328759,0.86777777777777787
2018-06-17 00:00:00 UTC,-136,1698,412328759,3.5708333333333329
2018-06-17 00:00:00 UTC,-136,1714,412331102,1.8872222222222224
2018-06-17 00:00:00 UTC,-136,1713,412331102,0.45944444444444449
2018-06-17 00:00:00 UTC,-136,1713,412331105,0.67180555555555554
2018-06-17 00:00:00 UTC,-136,1714,412331105,1.6022222222222222
2018-06-17 00:00:00 UTC,-136,-1715,518100073,0.68541666666666656
2018-06-17 00:00:00 UTC,-136,-1714,518100073,0.32138888888888889
2018-06-17 00:00:00 UTC,-136,1499,412329588,1.6594444444444445
2018-06-17 00:00:00 UTC,-136,1688,412689530,1.6729166666666666
2018-06-17 00:00:00 UTC,-136,1689,412689530,4.8455555555555563
2018-06-17 00:00:00 UTC,-136,1684,576664000,0.64111111111111119
2018-06-17 00:00:00 UTC,-136,1683,576664000,3.49625
2018-06-17 00:00:00 UTC,-136,-1230,412329428,3.5415277777777781
2018-06-17 00:00:00 UTC,-136,-1229,412329428,0.33916666666666673
2018-06-17 00:00:00 UTC,-136,1502,412326881,0.47597222222222224
2018-06-17 00:00:00 UTC,-136,1501,412326881,5.2326388888888884
2018-06-17 00:00:00 UTC,-136,1503,412326881,3.8927777777777779
2018-06-17 00:00:00 UTC,-136,1505,412326881,5.96111111111111
2018-06-17 00:00:00 UTC,-136,1504,412326881,3.0869444444444443
2018-06-17 00:00:00 UTC,-136,1507,412326881,1.3727777777777779
2018-06-17 00:00:00 UTC,-136,-1712,518100455,0.92902777777777779
2018-06-17 00:00:00 UTC,-136,1719,412326893,0.68583333333333329
2018-06-17 00:00:00 UTC,-136,1718,412326894,1.9401388888888889
2018-06-17 00:00:00 UTC,-136,1719,412326894,0.77500000000000013
2018-06-17 00:00:00 UTC,-136,1713,412326902,0.56222222222222218
2018-06-17 00:00:00 UTC,-136,1712,412326902,0.81847222222222227
2018-06-17 00:00:00 UTC,-136,1712,412326906,0.32208333333333333
2018-06-17 00:00:00 UTC,-136,1711,412326906,9.7145833333333336
2018-06-17 00:00:00 UTC,-136,-1345,412420863,2.5898611111111105
2018-06-17 00:00:00 UTC,121,-171,412440338,6.3730555555555553
2018-06-17 00:00:00 UTC,121,1544,416000299,4.0737499999999995
2018-06-17 00:00:00 UTC,121,1540,416000299,1.1372222222222224
2018-06-17 00:00:00 UTC,121,1543,416000299,1.9897222222222224
2018-06-17 00:00:00 UTC,121,1542,416000299,2.3666666666666671
2018-06-17 00:00:00 UTC,121,1541,416000299,6.273194444444445
2018-06-17 00:00:00 UTC,121,-1727,416232500,0.55541666666666667
2018-06-17 00:00:00 UTC,121,-1733,416232500,1.1763888888888889
2018-06-17 00:00:00 UTC,121,-1728,416232500,0.60597222222222213
2018-06-17 00:00:00 UTC,121,-1731,416232500,4.7618055555555561
2018-06-17 00:00:00 UTC,121,-1729,416232500,0.77305555555555561
2018-06-17 00:00:00 UTC,121,-1732,416232500,3.5663888888888891
2018-06-17 00:00:00 UTC,121,-1777,413011000,1.3993055555555554
2018-06-17 00:00:00 UTC,121,-1779,413011000,0.27444444444444444
2018-06-17 00:00:00 UTC,121,-1776,413011000,1.9004166666666664
2018-06-17 00:00:00 UTC,121,-1778,413011000,1.0919444444444446
2018-06-17 00:00:00 UTC,121,-1775,413011000,0.84888888888888892
2018-06-17 00:00:00 UTC,121,-1767,412695630,0.74888888888888883
2018-06-17 00:00:00 UTC,121,-1765,412695630,1.0756944444444445
2018-06-17 00:00:00 UTC,121,-1763,412695630,1.1552777777777778
2018-06-17 00:00:00 UTC,121,-1769,412695630,0.46930555555555553
2018-06-17 00:00:00 UTC,121,-1764,412695630,0.60888888888888892
2018-06-17 00:00:00 UTC,121,-1770,412695630,0.68597222222222221
2018-06-17 00:00:00 UTC,121,-1768,412695630,0.631388888888889
2018-06-17 00:00:00 UTC,121,-1771,412695630,2.0566666666666666
2018-06-17 00:00:00 UTC,121,1297,416003187,4.7740277777777775
2018-06-17 00:00:00 UTC,121,1295,416003187,4.2491666666666665
2018-06-17 00:00:00 UTC,121,-1740,576699000,4.4684722222222222
2018-06-17 00:00:00 UTC,121,-1736,576699000,1.9129166666666666
2018-06-17 00:00:00 UTC,121,-1738,576699000,1.5248611111111112
2018-06-17 00:00:00 UTC,121,-1739,576699000,1.8030555555555556
2018-06-17 00:00:00 UTC,121,-1737,576699000,1.6268055555555554
2018-06-17 00:00:00 UTC,121,-1742,412674190,1.0783333333333331
2018-06-17 00:00:00 UTC,121,-1739,412674190,1.2256944444444444
2018-06-17 00:00:00 UTC,121,-1741,412674190,0.62527777777777782
2018-06-17 00:00:00 UTC,121,-171,412202673,1.1506944444444447
2018-06-17 00:00:00 UTC,121,-172,412202673,1.0209722222222222
2018-06-17 00:00:00 UTC,121,1774,416229600,1.9616666666666667
2018-06-17 00:00:00 UTC,121,1789,416164600,1.939027777777778
2018-06-17 00:00:00 UTC,121,1790,416164600,2.1863888888888892
2018-06-17 00:00:00 UTC,121,1788,416164600,6.9401388888888889
2018-06-17 00:00:00 UTC,121,1794,416164600,2.0356944444444443
2018-06-17 00:00:00 UTC,121,1791,416164600,2.7705555555555557
2018-06-17 00:00:00 UTC,121,1793,416164600,2.5613888888888887
2018-06-17 00:00:00 UTC,377,1214,412849153,4.0647222222222226
2018-06-17 00:00:00 UTC,377,1215,412849153,6.5140277777777778
2018-06-17 00:00:00 UTC,377,1374,431008266,1.1563888888888889
2018-06-17 00:00:00 UTC,377,1376,431008269,7.1493055555555554
2018-06-17 00:00:00 UTC,377,1374,431008271,5.3695833333333329
2018-06-17 00:00:00 UTC,377,1376,431008272,3.3183333333333334
2018-06-17 00:00:00 UTC,377,-6,224083730,23.925833333333316
2018-06-17 00:00:00 UTC,377,1199,200023572,0.41666666666666669
2018-06-17 00:00:00 UTC,377,-249,204287000,0.16944444444444445
2018-06-17 00:00:00 UTC,377,-251,204209950,3.445
2018-06-17 00:00:00 UTC,377,-249,204209950,0.39916666666666667
2018-06-17 00:00:00 UTC,377,1198,412198706,2.1504166666666666
2018-06-17 00:00:00 UTC,377,1745,416212800,4.4226388888888888
2018-06-17 00:00:00 UTC,377,-92,263404870,0.16222222222222221
2018-06-17 00:00:00 UTC,377,-91,263404870,2.1109722222222227
2018-06-17 00:00:00 UTC,377,-248,255402570,2.222083333333333
2018-06-17 00:00:00 UTC,377,-249,255402570,2.1740277777777783
2018-06-17 00:00:00 UTC,377,1199,880413008,7.540694444444445
2018-06-17 00:00:00 UTC,377,1199,415001168,0.57861111111111119
2018-06-17 00:00:00 UTC,377,1200,415001168,0.28833333333333333
2018-06-17 00:00:00 UTC,377,1729,416002896,2.9236111111111107
2018-06-17 00:00:00 UTC,377,1418,431600220,2.0533333333333332
2018-06-17 00:00:00 UTC,377,1417,431600220,1.4770833333333333
2018-06-17 00:00:00 UTC,377,1419,431600220,1.2069444444444446
2018-06-17 00:00:00 UTC,377,119,247141730,10.893472222222222
2018-06-17 00:00:00 UTC,377,1384,431006564,3.1430555555555548
2018-06-17 00:00:00 UTC,377,-6,224155750,4.016527777777779
2018-06-17 00:00:00 UTC,377,1199,800054142,0.80527777777777776
2018-06-17 00:00:00 UTC,377,1200,800400005,1.4166666666666665
2018-06-17 00:00:00 UTC,377,1199,800054155,6.4566666666666661
2018-06-17 00:00:00 UTC,377,119,247147410,24.073611111111109
2018-06-17 00:00:00 UTC,377,1759,416000146,1.1668055555555557
2018-06-17 00:00:00 UTC,377,1736,416000405,8.8891666666666662
2018-06-17 00:00:00 UTC,377,-248,204206750,0.9356944444444445
2018-06-17 00:00:00 UTC,377,-249,204206750,3.5986111111111105
2018-06-17 00:00:00 UTC,377,1199,885412008,3.7333333333333338
2018-06-17 00:00:00 UTC,377,1204,412197291,0.44333333333333325
2018-06-17 00:00:00 UTC,377,1204,412541124,0.083333333333333329
2018-06-17 00:00:00 UTC,377,-7,224022730,0.2413888888888889
2018-06-17 00:00:00 UTC,377,120,247142610,7.5488888888888894
2018-06-17 00:00:00 UTC,377,119,247142610,7.152222222222222
2018-06-17 00:00:00 UTC,377,1197,413198806,3.2777777777777777
2018-06-17 00:00:00 UTC,377,1198,413198808,1.8802777777777779
2018-06-17 00:00:00 UTC,377,1197,413198808,1.8302777777777779
2018-06-17 00:00:00 UTC,377,119,247080670,3.275555555555556
2018-06-17 00:00:00 UTC,377,-1226,367310560,0.33277777777777773
2018-06-17 00:00:00 UTC,377,1197,800009188,3.1999999999999997
2018-06-17 00:00:00 UTC,377,168,247148780,3.0155555555555553
2018-06-17 00:00:00 UTC,633,-205,251149110,0.49277777777777776
2018-06-17 00:00:00 UTC,633,71,259475000,0.15027777777777779
2018-06-17 00:00:00 UTC,633,71,257589600,0.19694444444444445
2018-06-17 00:00:00 UTC,633,56,258524000,1.6141666666666667
2018-06-17 00:00:00 UTC,633,55,258524000,5.0888888888888886
2018-06-17 00:00:00 UTC,633,54,258524000,4.3840277777777779
2018-06-17 00:00:00 UTC,633,53,257106540,4.285277777777778
2018-06-17 00:00:00 UTC,633,71,257302140,1.1205555555555555
2018-06-17 00:00:00 UTC,633,73,257302140,0.12125
2018-06-17 00:00:00 UTC,633,72,257302140,0.43
2018-06-17 00:00:00 UTC,633,73,257445000,0.33013888888888893
2018-06-17 00:00:00 UTC,633,74,257445000,1.8937499999999998
2018-06-17 00:00:00 UTC,633,76,257739700,6.2725000000000017
2018-06-17 00:00:00 UTC,633,82,257161420,0.27083333333333337
2018-06-17 00:00:00 UTC,633,-591,316012240,2.1959722222222222
2018-06-17 00:00:00 UTC,-391,-784,273854000,0.35986111111111113
2018-06-17 00:00:00 UTC,-391,-783,273854000,1.63
2018-06-17 00:00:00 UTC,-391,-783,277330000,1.6080555555555551
2018-06-17 00:00:00 UTC,-391,-782,277330000,2.5805555555555557
2018-06-17 00:00:00 UTC,-391,-784,277330000,1.1462500000000004
2018-06-17 00:00:00 UTC,-391,1726,512004438,0.28361111111111115
2018-06-17 00:00:00 UTC,-391,1727,512004438,1.8281944444444449
2018-06-17 00:00:00 UTC,-391,1725,512411000,0.35597222222222225
2018-06-17 00:00:00 UTC,-391,-500,416336000,1.9890277777777778
2018-06-17 00:00:00 UTC,-391,-498,416336000,0.65847222222222213
2018-06-17 00:00:00 UTC,-391,-497,416336000,0.79125
2018-06-17 00:00:00 UTC,-391,-499,416336000,0.8375
2018-06-17 00:00:00 UTC,-391,-501,416336000,1.08375
2018-06-17 00:00:00 UTC,-391,-494,416336000,2.8184722222222223
2018-06-17 00:00:00 UTC,-391,-495,416336000,1.0183333333333333
2018-06-17 00:00:00 UTC,-391,1727,512409000,0.6691666666666668
2018-06-17 00:00:00 UTC,-391,1726,512409000,1.7201388888888882
2018-06-17 00:00:00 UTC,-135,1713,412320023,2.2387499999999996
2018-06-17 00:00:00 UTC,-135,1717,413342000,0.30763888888888891
2018-06-17 00:00:00 UTC,-135,1718,413342000,0.26097222222222222
2018-06-17 00:00:00 UTC,-135,1699,412328759,0.35333333333333333
2018-06-17 00:00:00 UTC,-135,1698,412328759,0.30208333333333337
2018-06-17 00:00:00 UTC,-135,1506,412329557,4.7823611111111113
2018-06-17 00:00:00 UTC,-135,1505,412329557,0.67236111111111108
2018-06-17 00:00:00 UTC,-135,1713,412331102,0.38569444444444445
2018-06-17 00:00:00 UTC,-135,1712,412331102,0.32083333333333336
2018-06-17 00:00:00 UTC,-135,1714,412331102,1.2937500000000002
2018-06-17 00:00:00 UTC,-135,1714,412331105,1.5436111111111113
2018-06-17 00:00:00 UTC,-135,1712,412331105,0.27249999999999996
2018-06-17 00:00:00 UTC,-135,1711,412331105,0.62777777777777777
2018-06-17 00:00:00 UTC,-135,-1713,518100073,0.39472222222222225
2018-06-17 00:00:00 UTC,-135,-1714,518100073,0.7959722222222223
2018-06-17 00:00:00 UTC,-135,1501,412329588,2.3605555555555555
2018-06-17 00:00:00 UTC,-135,1498,412329588,1.5716666666666668
2018-06-17 00:00:00 UTC,-135,1686,412689530,5.1029166666666663
2018-06-17 00:00:00 UTC,-135,1687,412689530,1.87
2018-06-17 00:00:00 UTC,-135,1688,412689530,2.2616666666666667
2018-06-17 00:00:00 UTC,-135,1558,412329416,2.9806944444444445
2018-06-17 00:00:00 UTC,-135,1503,412326881,2.3422222222222224
2018-06-17 00:00:00 UTC,-135,-1711,518100455,0.66680555555555565
2018-06-17 00:00:00 UTC,-135,-1712,518100455,0.058194444444444438
2018-06-17 00:00:00 UTC,-135,1719,412326893,1.0769444444444445
2018-06-17 00:00:00 UTC,-135,1719,412326894,0.85652777777777778
2018-06-17 00:00:00 UTC,-135,1718,412326894,1.4334722222222218
2018-06-17 00:00:00 UTC,-135,1712,412326902,1.2229166666666667
2018-06-17 00:00:00 UTC,-135,1713,412326902,1.6099999999999999
2018-06-17 00:00:00 UTC,-135,-1346,412420863,1.7141666666666666
2018-06-17 00:00:00 UTC,-135,-1345,412420863,1.078888888888889
2018-06-17 00:00:00 UTC,-135,-1348,412420863,0.18305555555555558
2018-06-17 00:00:00 UTC,-135,-1349,412420863,1.4831944444444445
2018-06-17 00:00:00 UTC,122,1540,416000299,1.3619444444444444
2018-06-17 00:00:00 UTC,122,-1727,416232500,0.26111111111111113
2018-06-17 00:00:00 UTC,122,-1730,416232500,0.72208333333333319
2018-06-17 00:00:00 UTC,122,-1728,416232500,0.56513888888888886
2018-06-17 00:00:00 UTC,122,-1729,416232500,0.48166666666666669
2018-06-17 00:00:00 UTC,122,1297,416003187,1.3320833333333333
2018-06-17 00:00:00 UTC,122,1296,416003187,0.84180555555555558
2018-06-17 00:00:00 UTC,122,1780,416002724,3.9481944444444443
2018-06-17 00:00:00 UTC,122,1774,416229600,1.0375
2018-06-17 00:00:00 UTC,122,1298,200020717,4.1908333333333339
2018-06-17 00:00:00 UTC,378,1386,431008005,7.085694444444445
2018-06-17 00:00:00 UTC,378,1204,701711111,3.9438888888888881
2018-06-17 00:00:00 UTC,378,1374,431008266,5.5798611111111107
2018-06-17 00:00:00 UTC,378,1375,431008267,6.3533333333333326
2018-06-17 00:00:00 UTC,378,1204,412307980,4.5061111111111112
2018-06-17 00:00:00 UTC,378,1374,431008271,2.030555555555555
2018-06-17 00:00:00 UTC,378,-250,204287000,5.8154166666666676
2018-06-17 00:00:00 UTC,378,-248,204287000,3.9329166666666668
2018-06-17 00:00:00 UTC,378,-249,204287000,8.1188888888888933
2018-06-17 00:00:00 UTC,378,1418,431009052,0.6627777777777778
2018-06-17 00:00:00 UTC,378,-249,204209950,3.0762499999999995
2018-06-17 00:00:00 UTC,378,-251,204209950,2.1929166666666666
2018-06-17 00:00:00 UTC,378,1377,431008296,4.7977777777777781
2018-06-17 00:00:00 UTC,378,-6,224163640,11.266388888888882
2018-06-17 00:00:00 UTC,378,-7,224163640,1.9895833333333335
2018-06-17 00:00:00 UTC,378,1211,414174012,1.6790277777777773
2018-06-17 00:00:00 UTC,378,1209,414174012,0.60125000000000006
2018-06-17 00:00:00 UTC,378,1210,414174012,4.0123611111111108
2018-06-17 00:00:00 UTC,378,-91,263404870,0.45944444444444443
2018-06-17 00:00:00 UTC,378,-248,255402570,14.221527777777785
2018-06-17 00:00:00 UTC,378,-249,255402570,5.3499999999999988
2018-06-17 00:00:00 UTC,378,1730,416002896,3.0684722222222227
2018-06-17 00:00:00 UTC,378,1731,416002896,0.70513888888888887
2018-06-17 00:00:00 UTC,378,1417,431600220,1.9677777777777776
2018-06-17 00:00:00 UTC,378,1384,431006564,2.5429166666666667
2018-06-17 00:00:00 UTC,378,-6,224155750,7.8731944444444464
2018-06-17 00:00:00 UTC,378,1759,416000146,3.0420833333333333
2018-06-17 00:00:00 UTC,378,1207,412334483,0.14125
2018-06-17 00:00:00 UTC,378,-6,224042650,12.680138888888884
2018-06-17 00:00:00 UTC,378,-7,224042650,6.2468055555555537
2018-06-17 00:00:00 UTC,378,-6,224066970,13.249861111111109
2018-06-17 00:00:00 UTC,378,-248,204206750,2.1636111111111105
2018-06-17 00:00:00 UTC,378,-249,204206750,2.9976388888888885
2018-06-17 00:00:00 UTC,378,1375,431008433,5.9706944444444439
2018-06-17 00:00:00 UTC,378,-740,366906550,9.8669444444444441
2018-06-17 00:00:00 UTC,378,-1225,366918840,0.087638888888888877
2018-06-17 00:00:00 UTC,378,1208,800051389,0.53486111111111112
2018-06-17 00:00:00 UTC,378,1207,800051389,4.118055555555558
2018-06-17 00:00:00 UTC,378,1205,412541124,2.9973611111111107
2018-06-17 00:00:00 UTC,378,1204,412541124,4.1531944444444457
2018-06-17 00:00:00 UTC,378,1204,412862918,11.844444444444443
2018-06-17 00:00:00 UTC,378,-1228,368557000,1.8641666666666665
2018-06-17 00:00:00 UTC,378,-7,224022730,1.286388888888889
2018-06-17 00:00:00 UTC,378,119,247142610,3.5805555555555557
2018-06-17 00:00:00 UTC,378,1203,412387289,3.7473611111111111
2018-06-17 00:00:00 UTC,378,1204,412387289,0.77444444444444438
2018-06-17 00:00:00 UTC,378,1205,412387289,6.0529166666666665
2018-06-17 00:00:00 UTC,378,-1225,367310560,1.1291666666666667
2018-06-17 00:00:00 UTC,378,1388,431007731,1.4593055555555554
2018-06-17 00:00:00 UTC,378,1388,431007734,1.612222222222222
2018-06-17 00:00:00 UTC,378,1388,431007735,1.3183333333333334
2018-06-17 00:00:00 UTC,634,-205,251149110,1.0991666666666666
2018-06-17 00:00:00 UTC,634,-7,218066000,5.1829166666666673
2018-06-17 00:00:00 UTC,634,76,257563500,0.095833333333333326
2018-06-17 00:00:00 UTC,634,76,257739700,0.09347222222222222
2018-06-17 00:00:00 UTC,634,-385,259309000,3.4456944444444444
2018-06-17 00:00:00 UTC,634,-386,259309000,5.4047222222222224
2018-06-17 00:00:00 UTC,634,-384,259309000,2.9545833333333333
2018-06-17 00:00:00 UTC,634,82,257161420,0.26652777777777781
2018-06-17 00:00:00 UTC,634,81,257161420,9.5615277777777781
2018-06-17 00:00:00 UTC,634,-593,316012240,12.860972222222223
2018-06-17 00:00:00 UTC,634,-592,316012240,5.1175
2018-06-17 00:00:00 UTC,634,-389,259489000,1.5154166666666664
2018-06-17 00:00:00 UTC,634,-388,259489000,2.1683333333333334
2018-06-17 00:00:00 UTC,634,-386,259489000,3.100138888888889
2018-06-17 00:00:00 UTC,634,-387,259489000,2.0202777777777778
2018-06-17 00:00:00 UTC,-390,-785,273854000,1.1470833333333332
2018-06-17 00:00:00 UTC,-390,-782,277330000,0.60555555555555574
2018-06-17 00:00:00 UTC,-390,-784,277330000,0.7861111111111112
2018-06-17 00:00:00 UTC,-390,-783,277330000,1.2545833333333329
2018-06-17 00:00:00 UTC,-390,1726,512004438,1.0554166666666667
2018-06-17 00:00:00 UTC,-390,1725,512004438,0.26166666666666666
2018-06-17 00:00:00 UTC,-390,1727,512004438,2.435138888888889
2018-06-17 00:00:00 UTC,-390,1728,512004438,0.28305555555555556
2018-06-17 00:00:00 UTC,-390,1727,512411000,0.34805555555555556
2018-06-17 00:00:00 UTC,-390,1726,512411000,0.43277777777777782
2018-06-17 00:00:00 UTC,-390,-504,416336000,2.0526388888888891
2018-06-17 00:00:00 UTC,-390,-500,416336000,1.3552777777777778
2018-06-17 00:00:00 UTC,-390,-503,416336000,0.84541666666666671
2018-06-17 00:00:00 UTC,-390,1727,512409000,1.3225000000000005
2018-06-17 00:00:00 UTC,-390,1726,512409000,1.1483333333333334
2018-06-17 00:00:00 UTC,-390,1728,512409000,0.46361111111111114
2018-06-17 00:00:00 UTC,-390,1726,512003817,0.32388888888888889
2018-06-17 00:00:00 UTC,-134,1713,412320023,2.9323611111111108
2018-06-17 00:00:00 UTC,-134,1710,412328758,1.4151388888888889
2018-06-17 00:00:00 UTC,-134,1504,412329557,6.2238888888888884
2018-06-17 00:00:00 UTC,-134,1505,412329557,0.61638888888888888
2018-06-17 00:00:00 UTC,-134,1503,412329557,5.32
2018-06-17 00:00:00 UTC,-134,1712,412331102,1.0781944444444445
2018-06-17 00:00:00 UTC,-134,1714,412331102,1.3005555555555559
2018-06-17 00:00:00 UTC,-134,1713,412331105,0.92125000000000035
2018-06-17 00:00:00 UTC,-134,1711,412331105,0.64291666666666658
2018-06-17 00:00:00 UTC,-134,1714,412331105,0.12111111111111111
2018-06-17 00:00:00 UTC,-134,1497,412329588,1.2909722222222224
2018-06-17 00:00:00 UTC,-134,1510,432411000,0.32875
2018-06-17 00:00:00 UTC,-134,1509,432411000,1.2838888888888889
2018-06-17 00:00:00 UTC,-134,1685,412689530,2.0858333333333334
2018-06-17 00:00:00 UTC,-134,1686,412689530,6.0013888888888891
2018-06-17 00:00:00 UTC,-134,1556,412329416,0.82097222222222221
2018-06-17 00:00:00 UTC,-134,1557,412329416,2.4123611111111112
2018-06-17 00:00:00 UTC,-134,-1711,518100455,1.0559722222222221
2018-06-17 00:00:00 UTC,-134,1719,412326893,0.8652777777777777
2018-06-17 00:00:00 UTC,-134,1718,412326894,2.4109722222222216
2018-06-17 00:00:00 UTC,-134,1719,412326894,0.31652777777777774
2018-06-17 00:00:00 UTC,-134,1717,412326894,0.11652777777777777
2018-06-17 00:00:00 UTC,-134,1712,412326902,1.1056944444444443
2018-06-17 00:00:00 UTC,-134,1713,412326902,0.28486111111111112
2018-06-17 00:00:00 UTC,-134,-1346,412420863,1.8141666666666665
2018-06-17 00:00:00 UTC,123,1540,416000299,2.9073611111111113
2018-06-17 00:00:00 UTC,123,1539,416000299,3.2777777777777777
2018-06-17 00:00:00 UTC,123,1297,416003187,0.75680555555555562
2018-06-17 00:00:00 UTC,123,1296,416003187,1.5036111111111112
2018-06-17 00:00:00 UTC,123,-628,204400000,0.7120833333333334
2018-06-17 00:00:00 UTC,123,-627,204400000,0.50305555555555559
2018-06-17 00:00:00 UTC,123,1780,416002724,0.77777777777777779
2018-06-17 00:00:00 UTC,123,1781,416002724,0.3363888888888889
2018-06-17 00:00:00 UTC,123,-1564,431245000,0.042638888888888893
2018-06-17 00:00:00 UTC,123,1305,416000974,1.1913888888888891
2018-06-17 00:00:00 UTC,123,1774,416229600,2.4656944444444444
2018-06-17 00:00:00 UTC,123,-624,941000699,6.6252777777777769
2018-06-17 00:00:00 UTC,123,-627,941000699,6.3780555555555551
2018-06-17 00:00:00 UTC,123,-626,941000699,10.067777777777778
2018-06-17 00:00:00 UTC,123,-625,941000699,0.43361111111111117
2018-06-17 00:00:00 UTC,379,1413,431010307,0.69680555555555568
2018-06-17 00:00:00 UTC,379,1414,431010307,2.3919444444444444
2018-06-17 00:00:00 UTC,379,1386,431008005,0.51180555555555551
2018-06-17 00:00:00 UTC,379,1204,412307980,6.7676388888888876
2018-06-17 00:00:00 UTC,379,1206,412342032,6.466388888888889
2018-06-17 00:00:00 UTC,379,1388,431007762,0.77069444444444457
2018-06-17 00:00:00 UTC,379,1387,431007762,0.70819444444444446
2018-06-17 00:00:00 UTC,379,-249,204287000,2.158611111111111
2018-06-17 00:00:00 UTC,379,-248,204287000,3.2479166666666668
2018-06-17 00:00:00 UTC,379,1208,412334872,3.5020833333333323
2018-06-17 00:00:00 UTC,379,1418,431009052,2.3668055555555556
2018-06-17 00:00:00 UTC,379,1417,431009052,0.766388888888889
2018-06-17 00:00:00 UTC,379,1416,431009052,0.51694444444444443
2018-06-17 00:00:00 UTC,379,1419,431009052,0.2875
2018-06-17 00:00:00 UTC,379,1773,416228900,3.8848611111111113
2018-06-17 00:00:00 UTC,379,1778,416228900,0.68680555555555556
2018-06-17 00:00:00 UTC,379,1780,416228900,0.82861111111111119
2018-06-17 00:00:00 UTC,379,1781,416228900,2.8018055555555557
2018-06-17 00:00:00 UTC,379,1775,416228900,3.131388888888889
2018-06-17 00:00:00 UTC,379,1777,416228900,1.1694444444444443
2018-06-17 00:00:00 UTC,379,1776,416228900,1.7483333333333335
2018-06-17 00:00:00 UTC,379,1389,431007784,7.2948611111111079
2018-06-17 00:00:00 UTC,379,1388,431007784,2.7955555555555551
2018-06-17 00:00:00 UTC,379,1390,431007784,0.887361111111111
2018-06-17 00:00:00 UTC,379,1414,431007273,1.3463888888888891
2018-06-17 00:00:00 UTC,379,1390,431007785,0.80694444444444446
2018-06-17 00:00:00 UTC,379,1206,413324343,0.091388888888888881
2018-06-17 00:00:00 UTC,379,267,271010623,3.9655555555555559
2018-06-17 00:00:00 UTC,379,1416,431700297,0.992361111111111
2018-06-17 00:00:00 UTC,379,1417,431700297,0.29944444444444446
2018-06-17 00:00:00 UTC,379,1206,412334414,0.23791666666666667
2018-06-17 00:00:00 UTC,379,1372,431008085,0.43374999999999997
2018-06-17 00:00:00 UTC,379,1206,412334424,0.29958333333333331
2018-06-17 00:00:00 UTC,379,1416,431600220,0.37680555555555556
2018-06-17 00:00:00 UTC,379,1418,431600220,1.3606944444444447
2018-06-17 00:00:00 UTC,379,1417,431600220,3.2752777777777777
2018-06-17 00:00:00 UTC,379,1419,431600220,0.69888888888888889
2018-06-17 00:00:00 UTC,379,1366,431008094,0.74986111111111109
2018-06-17 00:00:00 UTC,379,1414,431700576,3.5743055555555552
2018-06-17 00:00:00 UTC,379,210,241020000,0.866111111111111
2018-06-17 00:00:00 UTC,379,211,241020000,0.3198611111111111
2018-06-17 00:00:00 UTC,379,1417,431700322,0.77875
2018-06-17 00:00:00 UTC,379,1416,431700322,1.0877777777777777
2018-06-17 00:00:00 UTC,379,1206,200023398,0.59972222222222216
2018-06-17 00:00:00 UTC,379,1414,431008876,1.5566666666666666
2018-06-17 00:00:00 UTC,379,1413,431008876,1.3327777777777778
2018-06-17 00:00:00 UTC,379,1416,431700336,1.0579166666666668
2018-06-17 00:00:00 UTC,379,1417,431700336,0.6166666666666667
2018-06-17 00:00:00 UTC,379,1417,431700342,0.89958333333333329
2018-06-17 00:00:00 UTC,379,1416,431700342,0.6415277777777777
2018-06-17 00:00:00 UTC,379,1205,412346232,0.88180555555555551
2018-06-17 00:00:00 UTC,379,1203,412346232,3.5412500000000007
2018-06-17 00:00:00 UTC,379,1204,412346232,2.2854166666666664
2018-06-17 00:00:00 UTC,379,1418,431700348,2.0909722222222222
2018-06-17 00:00:00 UTC,379,1417,431700348,0.59180555555555547
2018-06-17 00:00:00 UTC,379,1419,431700348,1.425
2018-06-17 00:00:00 UTC,379,1416,431700348,1.0684722222222223
2018-06-17 00:00:00 UTC,379,1416,431000702,1.0480555555555555
2018-06-17 00:00:00 UTC,379,1417,431000702,0.924861111111111
2018-06-17 00:00:00 UTC,379,1197,800054146,5.3530555555555557
2018-06-17 00:00:00 UTC,379,1414,431001733,1.8306944444444446
2018-06-17 00:00:00 UTC,379,1413,431001733,1.4501388888888891
2018-06-17 00:00:00 UTC,379,1543,431602322,0.0951388888888889
2018-06-17 00:00:00 UTC,379,1209,412334483,0.50944444444444437
2018-06-17 00:00:00 UTC,379,1208,412334483,3.6158333333333319
2018-06-17 00:00:00 UTC,379,1208,412285343,0.04597222222222222
2018-06-17 00:00:00 UTC,379,1414,431700388,0.2623611111111111
2018-06-17 00:00:00 UTC,379,1206,413324459,0.44791666666666669
2018-06-17 00:00:00 UTC,379,-738,366906550,0.658611111111111
2018-06-17 00:00:00 UTC,379,1207,800051389,2.3699999999999997
2018-06-17 00:00:00 UTC,379,1205,412541124,4.0104166666666661
2018-06-17 00:00:00 UTC,379,1204,412541124,1.2806944444444448
2018-06-17 00:00:00 UTC,379,-1228,368557000,1.4075
2018-06-17 00:00:00 UTC,379,1414,431005641,1.5743055555555556
2018-06-17 00:00:00 UTC,379,1413,431005641,1.8372222222222221
2018-06-17 00:00:00 UTC,379,1413,431008719,1.4291666666666667
2018-06-17 00:00:00 UTC,379,1414,431008719,1.5154166666666669
2018-06-17 00:00:00 UTC,379,1208,412324056,0.32499999999999996
2018-06-17 00:00:00 UTC,379,1205,412387289,2.1104166666666666
2018-06-17 00:00:00 UTC,379,1204,412387289,0.92708333333333337
2018-06-17 00:00:00 UTC,379,1413,431007707,3.2231944444444438
2018-06-17 00:00:00 UTC,379,1414,431007461,5.9272222222222233
2018-06-17 00:00:00 UTC,379,1388,431007731,1.85875
2018-06-17 00:00:00 UTC,379,1389,431007731,2.528888888888889
2018-06-17 00:00:00 UTC,379,1388,431007734,2.47
2018-06-17 00:00:00 UTC,379,1390,431007734,0.5125
2018-06-17 00:00:00 UTC,379,1389,431007734,5.0559722222222243
2018-06-17 00:00:00 UTC,379,1388,431007735,3.7598611111111109
2018-06-17 00:00:00 UTC,379,1389,431007735,6.0318055555555556
2018-06-17 00:00:00 UTC,379,1390,431007737,0.25027777777777777
2018-06-17 00:00:00 UTC,379,1391,431007737,0.26263888888888887
2018-06-17 00:00:00 UTC,635,-16,231101000,1.8259722222222221
2018-06-17 00:00:00 UTC,635,-17,231101000,1.82375
2018-06-17 00:00:00 UTC,635,-7,218066000,3.2865277777777782
2018-06-17 00:00:00 UTC,635,-148,251083110,2.6791666666666667
2018-06-17 00:00:00 UTC,635,-149,251083110,0.52902777777777776
2018-06-17 00:00:00 UTC,635,-381,231089000,2.715416666666667
2018-06-17 00:00:00 UTC,635,-379,231089000,5.985972222222224
2018-06-17 00:00:00 UTC,635,-378,231089000,3.0284722222222227
2018-06-17 00:00:00 UTC,635,-380,231089000,8.2302777777777809
2018-06-17 00:00:00 UTC,635,77,257563500,0.13680555555555554
2018-06-17 00:00:00 UTC,635,78,257042540,2.3158333333333334
2018-06-17 00:00:00 UTC,635,77,257042540,1.6623611111111112
2018-06-17 00:00:00 UTC,635,79,257042540,1.4633333333333334
2018-06-17 00:00:00 UTC,635,-228,251086000,0.62916666666666665
2018-06-17 00:00:00 UTC,635,-229,251086000,1.0079166666666666
2018-06-17 00:00:00 UTC,635,-226,251011000,0.8026388888888889
2018-06-17 00:00:00 UTC,635,-385,259309000,6.9991666666666683
2018-06-17 00:00:00 UTC,635,-384,259309000,4.5202777777777783
2018-06-17 00:00:00 UTC,635,-386,259489000,1.725138888888889
2018-06-17 00:00:00 UTC,635,-387,259489000,8.0962500000000013
2018-06-17 00:00:00 UTC,635,-388,259489000,5.2408333333333337
2018-06-17 00:00:00 UTC,-389,-785,273854000,0.44986111111111104
2018-06-17 00:00:00 UTC,-389,1727,512004438,3.1295833333333336
2018-06-17 00:00:00 UTC,-389,1725,512004438,1.1284722222222223
2018-06-17 00:00:00 UTC,-389,1726,512004438,3.5940277777777787
2018-06-17 00:00:00 UTC,-389,1728,512411000,0.41847222222222225
2018-06-17 00:00:00 UTC,-389,1727,512411000,1.116527777777778
2018-06-17 00:00:00 UTC,-389,-502,416336000,2.2380555555555555
2018-06-17 00:00:00 UTC,-389,-501,416336000,1.4340277777777777
2018-06-17 00:00:00 UTC,-389,1728,512409000,0.63597222222222227
2018-06-17 00:00:00 UTC,-389,1726,512409000,0.70194444444444437
2018-06-17 00:00:00 UTC,-389,1727,512409000,0.92569444444444438
2018-06-17 00:00:00 UTC,-389,1726,512003817,0.050833333333333335
2018-06-17 00:00:00 UTC,-389,1727,512003817,0.5
2018-06-17 00:00:00 UTC,-133,1713,412320023,2.2252777777777775
2018-06-17 00:00:00 UTC,-133,1710,412328758,1.148611111111111
2018-06-17 00:00:00 UTC,-133,1708,413341000,0.45541666666666669
2018-06-17 00:00:00 UTC,-133,1714,412331102,1.8120833333333328
2018-06-17 00:00:00 UTC,-133,1711,412331102,1.0670833333333334
2018-06-17 00:00:00 UTC,-133,1710,412331105,1.0013888888888889
2018-06-17 00:00:00 UTC,-133,1713,412331105,1.5661111111111108
2018-06-17 00:00:00 UTC,-133,1496,412329588,0.23430555555555554
2018-06-17 00:00:00 UTC,-133,1497,412329588,1.2875
2018-06-17 00:00:00 UTC,-133,1509,432411000,0.28319444444444442
2018-06-17 00:00:00 UTC,-133,1510,432411000,1.9791666666666667
2018-06-17 00:00:00 UTC,-133,1555,412329416,2.2230555555555553
2018-06-17 00:00:00 UTC,-133,1556,412329416,1.6320833333333333
2018-06-17 00:00:00 UTC,-133,-1710,518100455,1.0468055555555553
2018-06-17 00:00:00 UTC,-133,-1710,518100456,2.064027777777778
2018-06-17 00:00:00 UTC,-133,1719,412326893,1.42375
2018-06-17 00:00:00 UTC,-133,1718,412326894,1.3277777777777775
2018-06-17 00:00:00 UTC,-133,1717,412326894,0.56513888888888886
2018-06-17 00:00:00 UTC,-133,1712,412326902,2.3090277777777768
2018-06-17 00:00:00 UTC,-133,1712,412326906,0.11805555555555555
2018-06-17 00:00:00 UTC,-133,-1347,412420863,2.8184722222222227
2018-06-17 00:00:00 UTC,124,-627,941000712,0.99194444444444452
2018-06-17 00:00:00 UTC,124,-626,941000712,5.4305555555555562
2018-06-17 00:00:00 UTC,124,1296,416003187,4.4070833333333335
2018-06-17 00:00:00 UTC,124,1297,416003187,0.87069444444444444
2018-06-17 00:00:00 UTC,124,-627,204400000,0.92319444444444454
2018-06-17 00:00:00 UTC,124,-628,204400000,1.0881944444444445
2018-06-17 00:00:00 UTC,124,-626,204400000,2.4701388888888891
2018-06-17 00:00:00 UTC,124,-627,176100000,1.4893055555555554
2018-06-17 00:00:00 UTC,124,1781,416002724,1.6659722222222224
2018-06-17 00:00:00 UTC,124,1300,416000974,4.8220833333333335
2018-06-17 00:00:00 UTC,124,1301,416000974,5.3173611111111114
2018-06-17 00:00:00 UTC,124,1771,416229600,5.5225000000000009
2018-06-17 00:00:00 UTC,124,1772,416229600,7.3704166666666655
2018-06-17 00:00:00 UTC,124,1773,416229600,0.83597222222222223
2018-06-17 00:00:00 UTC,124,1752,416003315,1.7258333333333331
2018-06-17 00:00:00 UTC,124,-625,941000699,5.5927777777777781
2018-06-17 00:00:00 UTC,380,1414,431010307,6.6073611111111132
2018-06-17 00:00:00 UTC,380,1413,431010307,0.5162500000000001
2018-06-17 00:00:00 UTC,380,1392,431008008,1.5334722222222221
2018-06-17 00:00:00 UTC,380,1391,431008008,1.8290277777777779
2018-06-17 00:00:00 UTC,380,1390,431008008,2.0520833333333335
2018-06-17 00:00:00 UTC,380,1209,412335882,4.8458333333333332
2018-06-17 00:00:00 UTC,380,1208,412335882,0.050138888888888886
2018-06-17 00:00:00 UTC,380,1613,431702540,3.8141666666666669
2018-06-17 00:00:00 UTC,380,1612,431702540,1.1584722222222221
2018-06-17 00:00:00 UTC,380,1611,431702540,0.85263888888888884
2018-06-17 00:00:00 UTC,380,1206,412342032,2.5933333333333333
2018-06-17 00:00:00 UTC,380,1388,431007762,7.5688888888888881
2018-06-17 00:00:00 UTC,380,1389,431007762,1.4072222222222224
2018-06-17 00:00:00 UTC,380,1387,431007762,0.28763888888888889
2018-06-17 00:00:00 UTC,380,1419,431009052,1.8627777777777779
2018-06-17 00:00:00 UTC,380,1205,200027166,5.028888888888889
2018-06-17 00:00:00 UTC,380,1206,200027166,9.81
2018-06-17 00:00:00 UTC,380,1781,416228900,4.4568055555555555
2018-06-17 00:00:00 UTC,380,1778,416228900,0.60180555555555548
2018-06-17 00:00:00 UTC,380,1780,416228900,0.47722222222222221
2018-06-17 00:00:00 UTC,380,1777,416228900,0.65888888888888886
2018-06-17 00:00:00 UTC,380,1775,416228900,0.66138888888888892
2018-06-17 00:00:00 UTC,380,1774,416228900,2.0972222222222223
2018-06-17 00:00:00 UTC,380,1776,416228900,0.86041666666666661
2018-06-17 00:00:00 UTC,380,1779,416228900,0.76013888888888892
2018-06-17 00:00:00 UTC,380,1414,431007273,4.3758333333333335
2018-06-17 00:00:00 UTC,380,1208,413324332,3.8486111111111114
2018-06-17 00:00:00 UTC,380,1207,413324337,11.633333333333333
2018-06-17 00:00:00 UTC,380,1208,412331317,4.3305555555555557
2018-06-17 00:00:00 UTC,380,1206,413324343,5.0111111111111128
2018-06-17 00:00:00 UTC,380,123,247140920,5.5343055555555551
2018-06-17 00:00:00 UTC,380,267,271010623,3.4325
2018-06-17 00:00:00 UTC,380,1204,412331589,1.6665277777777778
2018-06-17 00:00:00 UTC,380,1205,412331589,1.7554166666666671
2018-06-17 00:00:00 UTC,380,1417,431700297,1.2995833333333331
2018-06-17 00:00:00 UTC,380,1391,431007817,4.4638888888888886
2018-06-17 00:00:00 UTC,380,1208,413324361,4.1361111111111111
2018-06-17 00:00:00 UTC,380,1392,431007818,4.9361111111111109
2018-06-17 00:00:00 UTC,380,204,247131980,12.341944444444444
2018-06-17 00:00:00 UTC,380,1206,412334414,0.43819444444444444
2018-06-17 00:00:00 UTC,380,1207,412334414,5.6920833333333336
2018-06-17 00:00:00 UTC,380,1391,431007824,5.4156944444444433
2018-06-17 00:00:00 UTC,380,1208,412333907,0.096666666666666679
2018-06-17 00:00:00 UTC,380,1207,412333907,0.35125
2018-06-17 00:00:00 UTC,380,1418,431600220,0.28486111111111112
2018-06-17 00:00:00 UTC,380,1417,431600220,0.22625
2018-06-17 00:00:00 UTC,380,1414,431700576,3.93375
2018-06-17 00:00:00 UTC,380,1417,431700322,1.5711111111111111
2018-06-17 00:00:00 UTC,380,1386,431006306,1.7379166666666666
2018-06-17 00:00:00 UTC,380,-284,204207970,0.041805555555555554
2018-06-17 00:00:00 UTC,380,-286,204207970,0.10513888888888889
2018-06-17 00:00:00 UTC,380,1204,200023398,1.070138888888889
2018-06-17 00:00:00 UTC,380,1206,200023398,0.57194444444444448
2018-06-17 00:00:00 UTC,380,1205,200023398,7.22291666666667
2018-06-17 00:00:00 UTC,380,1414,431008876,3.8634722222222226
2018-06-17 00:00:00 UTC,380,1413,431008876,0.79097222222222219
2018-06-17 00:00:00 UTC,380,1417,431700336,1.4083333333333332
2018-06-17 00:00:00 UTC,380,1417,431700342,1.3545833333333333
2018-06-17 00:00:00 UTC,380,1205,412346232,0.65347222222222223
2018-06-17 00:00:00 UTC,380,1203,412346232,0.26416666666666666
2018-06-17 00:00:00 UTC,380,1204,412346232,2.1043055555555554
2018-06-17 00:00:00 UTC,380,1417,431700348,1.2372222222222222
2018-06-17 00:00:00 UTC,380,1419,431700348,1.4129166666666664
2018-06-17 00:00:00 UTC,380,1417,431000702,1.1748611111111111
2018-06-17 00:00:00 UTC,380,1414,431001733,4.5709722222222222
2018-06-17 00:00:00 UTC,380,1206,414156178,1.7609722222222222
2018-06-17 00:00:00 UTC,380,1205,412334483,3.4298611111111117
2018-06-17 00:00:00 UTC,380,1207,413324435,0.12944444444444445
2018-06-17 00:00:00 UTC,380,1208,413324435,1.587361111111111
2018-06-17 00:00:00 UTC,380,-92,263423380,0.15680555555555553
2018-06-17 00:00:00 UTC,380,1207,412328086,0.75416666666666665
2018-06-17 00:00:00 UTC,380,1208,412328086,1.9927777777777778
2018-06-17 00:00:00 UTC,380,137,247146650,0.88361111111111112
2018-06-17 00:00:00 UTC,380,1207,412284314,12.737083333333333
2018-06-17 00:00:00 UTC,380,1206,412284314,0.79222222222222227
2018-06-17 00:00:00 UTC,380,1207,412334494,0.28875
2018-06-17 00:00:00 UTC,380,1208,412334494,4.9104166666666664
2018-06-17 00:00:00 UTC,380,1208,412285343,2.4361111111111118
2018-06-17 00:00:00 UTC,380,1206,412285343,0.56805555555555554
2018-06-17 00:00:00 UTC,380,1207,412285343,0.64333333333333331
2018-06-17 00:00:00 UTC,380,1414,431700388,5.7930555555555552
2018-06-17 00:00:00 UTC,380,1391,431007658,1.5333333333333334
2018-06-17 00:00:00 UTC,380,1390,431007659,1.3102777777777779
2018-06-17 00:00:00 UTC,380,1205,413324459,5.0876388888888888
2018-06-17 00:00:00 UTC,380,1206,413324459,0.32388888888888889
2018-06-17 00:00:00 UTC,380,1390,431007663,1.870972222222222
2018-06-17 00:00:00 UTC,380,1391,431007669,0.78722222222222227
2018-06-17 00:00:00 UTC,380,-738,366906550,0.30819444444444444
2018-06-17 00:00:00 UTC,380,-737,366906550,8.9945833333333329
2018-06-17 00:00:00 UTC,380,1390,431007671,2.0858333333333334
2018-06-17 00:00:00 UTC,380,1390,431007672,2.6166666666666667
2018-06-17 00:00:00 UTC,380,1208,413324472,10.068194444444444
2018-06-17 00:00:00 UTC,380,1390,431007674,3.8640277777777783
2018-06-17 00:00:00 UTC,380,1390,431007684,1.0526388888888889
2018-06-17 00:00:00 UTC,380,1414,431005641,3.175555555555555
2018-06-17 00:00:00 UTC,380,1413,431005641,1.5362500000000001
2018-06-17 00:00:00 UTC,380,1413,431008719,0.25472222222222218
2018-06-17 00:00:00 UTC,380,1414,431008719,6.9331944444444424
2018-06-17 00:00:00 UTC,380,1208,200027099,0.95027777777777778
2018-06-17 00:00:00 UTC,380,1209,200027099,0.4127777777777778
2018-06-17 00:00:00 UTC,380,1414,431007707,0.76902777777777764
2018-06-17 00:00:00 UTC,380,1413,431007707,2.6315277777777784
2018-06-17 00:00:00 UTC,380,1413,431007708,1.3920833333333333
2018-06-17 00:00:00 UTC,380,-249,204812000,0.25555555555555554
2018-06-17 00:00:00 UTC,380,-248,204812000,8.7706944444444481
2018-06-17 00:00:00 UTC,380,1414,431007461,3.878333333333333
2018-06-17 00:00:00 UTC,380,11,224099560,12.094444444444445
2018-06-17 00:00:00 UTC,380,124,247146220,0.57055555555555548
2018-06-17 00:00:00 UTC,380,1390,431007734,0.80652777777777773
2018-06-17 00:00:00 UTC,380,1391,431007737,10.07152777777778
2018-06-17 00:00:00 UTC,636,-12,231039000,0.57291666666666663
2018-06-17 00:00:00 UTC,636,-14,231039000,1.5836111111111111
2018-06-17 00:00:00 UTC,636,-13,231039000,0.5229166666666667
2018-06-17 00:00:00 UTC,636,-15,231400000,1.6966666666666668
2018-06-17 00:00:00 UTC,636,-15,231101000,1.5293055555555557
2018-06-17 00:00:00 UTC,636,-13,231101000,0.72736111111111112
2018-06-17 00:00:00 UTC,636,-14,231101000,2.0681944444444444
2018-06-17 00:00:00 UTC,636,-7,218066000,1.9777777777777776
2018-06-17 00:00:00 UTC,636,-5,218066000,0.48638888888888887
2018-06-17 00:00:00 UTC,636,-6,218066000,11.094305555555556
2018-06-17 00:00:00 UTC,636,-146,251083110,0.68152777777777773
2018-06-17 00:00:00 UTC,636,-147,251083110,0.45083333333333331
2018-06-17 00:00:00 UTC,636,-145,251083110,0.89166666666666672
2018-06-17 00:00:00 UTC,636,-148,251083110,0.23402777777777778
2018-06-17 00:00:00 UTC,636,-380,231089000,1.1293055555555556
2018-06-17 00:00:00 UTC,636,-381,231089000,2.9926388888888886
2018-06-17 00:00:00 UTC,636,91,257563500,0.098611111111111108
2018-06-17 00:00:00 UTC,636,86,257652900,0.59763888888888894
2018-06-17 00:00:00 UTC,636,87,257652900,0.30000000000000004
2018-06-17 00:00:00 UTC,636,-227,251240110,0.43583333333333329
2018-06-17 00:00:00 UTC,636,-226,251086000,0.7625
2018-06-17 00:00:00 UTC,636,-230,251086000,0.5294444444444445
2018-06-17 00:00:00 UTC,636,-228,251086000,6.1733333333333338
2018-06-17 00:00:00 UTC,636,-229,251086000,3.5784722222222216
2018-06-17 00:00:00 UTC,636,-227,251086000,8.48847222222222
2018-06-17 00:00:00 UTC,636,82,257216440,0.83069444444444451
2018-06-17 00:00:00 UTC,-388,1787,512000777,7.2755555555555533
2018-06-17 00:00:00 UTC,-388,1727,512004438,2.0329166666666669
2018-06-17 00:00:00 UTC,-388,-760,725000311,2.4318055555555551
2018-06-17 00:00:00 UTC,-388,-761,725000311,0.53819444444444442
2018-06-17 00:00:00 UTC,-388,1727,512411000,0.19611111111111112
2018-06-17 00:00:00 UTC,-388,1728,512411000,1.3844444444444444
2018-06-17 00:00:00 UTC,-388,1727,512409000,2.0355555555555545
2018-06-17 00:00:00 UTC,-388,1728,512409000,1.4050000000000002
2018-06-17 00:00:00 UTC,-388,-761,725000880,1.0230555555555556
2018-06-17 00:00:00 UTC,-388,-760,725000910,5.29611111111111
2018-06-17 00:00:00 UTC,-388,-759,725000910,0.57263888888888892
2018-06-17 00:00:00 UTC,-388,-760,725003220,0.82527777777777778
2018-06-17 00:00:00 UTC,-388,1727,512003817,3.91736111111111
2018-06-17 00:00:00 UTC,-388,1726,512003817,1.1763888888888889
2018-06-17 00:00:00 UTC,-388,-760,725000690,1.7006944444444434
2018-06-17 00:00:00 UTC,-132,1713,412320023,2.5891666666666664
2018-06-17 00:00:00 UTC,-132,1710,412328758,1.641944444444444
2018-06-17 00:00:00 UTC,-132,1708,413341000,0.65222222222222226
2018-06-17 00:00:00 UTC,-132,1707,413341000,1.0066666666666668
2018-06-17 00:00:00 UTC,-132,1507,412329557,5.8193055555555553
2018-06-17 00:00:00 UTC,-132,1707,412331099,0.73916666666666653
2018-06-17 00:00:00 UTC,-132,1714,412331102,2.7929166666666667
2018-06-17 00:00:00 UTC,-132,1711,412331102,0.30902777777777779
2018-06-17 00:00:00 UTC,-132,1710,412331102,0.7006944444444444
2018-06-17 00:00:00 UTC,-132,1709,412331105,1.1673611111111111
2018-06-17 00:00:00 UTC,-132,1713,412331105,1.7638888888888888
2018-06-17 00:00:00 UTC,-132,1496,412329588,1.2798611111111111
2018-06-17 00:00:00 UTC,-132,1495,412329588,1.3125000000000002
2018-06-17 00:00:00 UTC,-132,1502,412329588,2.13375
2018-06-17 00:00:00 UTC,-132,1501,412329588,0.62208333333333332
2018-06-17 00:00:00 UTC,-132,1510,432411000,0.1847222222222222
2018-06-17 00:00:00 UTC,-132,1512,432411000,1.1043055555555559
2018-06-17 00:00:00 UTC,-132,1509,432411000,0.66472222222222221
2018-06-17 00:00:00 UTC,-132,1511,432411000,2.1344444444444437
2018-06-17 00:00:00 UTC,-132,1555,412329416,0.951388888888889
2018-06-17 00:00:00 UTC,-132,1554,412329416,1.9147222222222222
2018-06-17 00:00:00 UTC,-132,-1711,518100455,5.1161111111111106
2018-06-17 00:00:00 UTC,-132,-1710,518100455,4.640138888888889
2018-06-17 00:00:00 UTC,-132,-1710,518100456,1.4504166666666667
2018-06-17 00:00:00 UTC,-132,-1709,518100456,1.5379166666666666
2018-06-17 00:00:00 UTC,-132,1719,412326893,1.2558333333333334
2018-06-17 00:00:00 UTC,-132,1717,412326894,3.130555555555556
2018-06-17 00:00:00 UTC,-132,1712,412326902,1.7095833333333332
2018-06-17 00:00:00 UTC,125,-629,941000712,0.9556944444444444
2018-06-17 00:00:00 UTC,125,-627,941000712,6.8430555555555559
2018-06-17 00:00:00 UTC,125,-628,941000712,10.080277777777777
2018-06-17 00:00:00 UTC,125,1009,567109185,6.9395833333333341
2018-06-17 00:00:00 UTC,125,1297,416003187,0.79777777777777781
2018-06-17 00:00:00 UTC,125,-630,204400000,5.9820833333333336
2018-06-17 00:00:00 UTC,125,-631,204400000,1.3884722222222221
2018-06-17 00:00:00 UTC,125,-630,176100000,6.7340277777777775
2018-06-17 00:00:00 UTC,125,-628,176100000,7.3423611111111118
2018-06-17 00:00:00 UTC,125,1781,416002724,0.890972222222222
2018-06-17 00:00:00 UTC,125,1304,416000974,5.0276388888888883
2018-06-17 00:00:00 UTC,125,1301,416000974,0.62472222222222218
2018-06-17 00:00:00 UTC,125,1300,416000974,0.20305555555555554
2018-06-17 00:00:00 UTC,125,1299,416000974,0.77819444444444441
2018-06-17 00:00:00 UTC,125,-1797,412371191,0.69791666666666674
2018-06-17 00:00:00 UTC,125,-1800,412371191,0.94097222222222232
2018-06-17 00:00:00 UTC,125,-1796,412371191,1.1040277777777778
2018-06-17 00:00:00 UTC,125,-1798,412371191,1.6318055555555557
2018-06-17 00:00:00 UTC,125,-1799,412371191,1.5618055555555548
2018-06-17 00:00:00 UTC,381,1414,431010307,1.2870833333333334
2018-06-17 00:00:00 UTC,381,1390,431008008,0.26222222222222225
2018-06-17 00:00:00 UTC,381,1391,431008008,1.8088888888888888
2018-06-17 00:00:00 UTC,381,1618,431702540,7.9081944444444447
2018-06-17 00:00:00 UTC,381,1611,431702540,0.28819444444444442
2018-06-17 00:00:00 UTC,381,1610,431702540,3.82625
2018-06-17 00:00:00 UTC,381,1616,431702540,0.47250000000000003
2018-06-17 00:00:00 UTC,381,1612,431702540,0.39833333333333332
2018-06-17 00:00:00 UTC,381,1617,431702540,0.5461111111111111
2018-06-17 00:00:00 UTC,381,1615,431702540,3.473611111111111
2018-06-17 00:00:00 UTC,381,1392,431007759,7.6537500000000014
2018-06-17 00:00:00 UTC,381,1393,431007759,1.53875
2018-06-17 00:00:00 UTC,381,215,240234000,0.5197222222222222
2018-06-17 00:00:00 UTC,381,216,240234000,3.8516666666666666
2018-06-17 00:00:00 UTC,381,1206,412342032,0.86416666666666664
2018-06-17 00:00:00 UTC,381,1419,431009052,1.1748611111111109
2018-06-17 00:00:00 UTC,381,-2,224172830,0.12916666666666665
2018-06-17 00:00:00 UTC,381,-3,224172830,0.62222222222222223
2018-06-17 00:00:00 UTC,381,1415,431007273,4.1493055555555554
2018-06-17 00:00:00 UTC,381,1414,431007273,1.4427777777777777
2018-06-17 00:00:00 UTC,381,122,247140920,6.229861111111112
2018-06-17 00:00:00 UTC,381,28,224134470,10.997361111111113
2018-06-17 00:00:00 UTC,381,11,224069970,2.961527777777778
2018-06-17 00:00:00 UTC,381,1190,412360018,1.5226388888888893
2018-06-17 00:00:00 UTC,381,1208,412333661,8.9618055555555554
2018-06-17 00:00:00 UTC,381,1207,412333661,8.2118055555555554
2018-06-17 00:00:00 UTC,381,1414,431700576,2.5454166666666671
2018-06-17 00:00:00 UTC,381,1415,431700576,2.7208333333333328
2018-06-17 00:00:00 UTC,381,1417,431700322,1.9327777777777779
2018-06-17 00:00:00 UTC,381,1393,431007589,13.58236111111111
2018-06-17 00:00:00 UTC,381,1414,431008876,2.4288888888888889
2018-06-17 00:00:00 UTC,381,1415,431008876,2.754027777777778
2018-06-17 00:00:00 UTC,381,128,247302510,10.908055555555556
2018-06-17 00:00:00 UTC,381,129,247302510,5.2272222222222213
2018-06-17 00:00:00 UTC,381,1417,431700336,1.54625
2018-06-17 00:00:00 UTC,381,14,224033650,2.044027777777778
2018-06-17 00:00:00 UTC,381,1417,431700342,1.5545833333333334
2018-06-17 00:00:00 UTC,381,1419,431700348,1.4745833333333334
2018-06-17 00:00:00 UTC,381,1417,431700348,0.7911111111111111
2018-06-17 00:00:00 UTC,381,1417,431000702,1.800138888888889
2018-06-17 00:00:00 UTC,381,1415,431001733,2.05375
2018-06-17 00:00:00 UTC,381,1414,431001733,2.6165277777777773
2018-06-17 00:00:00 UTC,381,1180,412326287,1.1219444444444444
2018-06-17 00:00:00 UTC,381,1415,431700388,2.6622222222222218
2018-06-17 00:00:00 UTC,381,1414,431700388,2.3718055555555555
2018-06-17 00:00:00 UTC,381,1392,431007658,2.579305555555556
2018-06-17 00:00:00 UTC,381,1390,431007659,4.108194444444444
2018-06-17 00:00:00 UTC,381,1391,431007659,1.0295833333333333
2018-06-17 00:00:00 UTC,381,1391,431007663,1.3244444444444443
2018-06-17 00:00:00 UTC,381,1390,431007663,4.4201388888888893
2018-06-17 00:00:00 UTC,381,1419,431007408,0.47388888888888886
2018-06-17 00:00:00 UTC,381,1392,431007669,2.919861111111111
2018-06-17 00:00:00 UTC,381,1391,431007669,5.2070833333333333
2018-06-17 00:00:00 UTC,381,-737,366906550,0.60333333333333328
2018-06-17 00:00:00 UTC,381,1392,431007671,1.3045833333333334
2018-06-17 00:00:00 UTC,381,1390,431007671,2.8333333333333326
2018-06-17 00:00:00 UTC,381,1391,431007671,2.59125
2018-06-17 00:00:00 UTC,381,1391,431007672,0.7747222222222222
2018-06-17 00:00:00 UTC,381,1390,431007672,3.5822222222222213
2018-06-17 00:00:00 UTC,381,1390,431007674,3.06625
2018-06-17 00:00:00 UTC,381,1391,431007674,2.5668055555555553
2018-06-17 00:00:00 UTC,381,133,247280830,0.083055555555555549
2018-06-17 00:00:00 UTC,381,1192,412333506,0.13347222222222221
2018-06-17 00:00:00 UTC,381,1392,431007683,2.8543055555555554
2018-06-17 00:00:00 UTC,381,1391,431007683,3.6580555555555549
2018-06-17 00:00:00 UTC,381,1390,431007684,4.0294444444444455
2018-06-17 00:00:00 UTC,381,1190,413956808,0.12097222222222223
2018-06-17 00:00:00 UTC,381,1189,413956808,5.923472222222224
2018-06-17 00:00:00 UTC,381,1414,431005641,1.915972222222222
2018-06-17 00:00:00 UTC,381,1415,431005641,2.7180555555555559
2018-06-17 00:00:00 UTC,381,1414,431008719,1.16625
2018-06-17 00:00:00 UTC,381,-2,224167120,0.31513888888888886
2018-06-17 00:00:00 UTC,381,1414,431008721,1.0143055555555556
2018-06-17 00:00:00 UTC,381,1415,431008721,8.4504166666666638
2018-06-17 00:00:00 UTC,381,1416,431008721,0.64222222222222225
2018-06-17 00:00:00 UTC,381,1414,431008722,3.2566666666666664
2018-06-17 00:00:00 UTC,381,1415,431008722,7.52388888888889
2018-06-17 00:00:00 UTC,381,1209,200027099,0.54583333333333339
2018-06-17 00:00:00 UTC,381,1413,431007708,2.1880555555555561
2018-06-17 00:00:00 UTC,381,1414,431007708,0.99402777777777784
2018-06-17 00:00:00 UTC,381,-248,204812000,0.986388888888889
2018-06-17 00:00:00 UTC,381,-249,204812000,13.983194444444447
2018-06-17 00:00:00 UTC,381,1414,431007461,0.5165277777777777
2018-06-17 00:00:00 UTC,381,1415,431007461,2.0720833333333331
2018-06-17 00:00:00 UTC,381,123,247146220,4.1959722222222222
2018-06-17 00:00:00 UTC,381,124,247146220,5.9984722222222224
2018-06-17 00:00:00 UTC,637,-11,231039000,0.67152777777777772
2018-06-17 00:00:00 UTC,637,-9,231039000,5.7659722222222225
2018-06-17 00:00:00 UTC,637,-12,231039000,1.0718055555555555
2018-06-17 00:00:00 UTC,637,-15,231400000,2.9790277777777776
2018-06-17 00:00:00 UTC,637,-12,231400000,5.2020833333333325
2018-06-17 00:00:00 UTC,637,-13,231400000,1.7030555555555555
2018-06-17 00:00:00 UTC,637,-11,231400000,1.8026388888888887
2018-06-17 00:00:00 UTC,637,-10,231400000,0.97472222222222216
2018-06-17 00:00:00 UTC,637,-14,231400000,2.2868055555555555
2018-06-17 00:00:00 UTC,637,-9,231400000,0.57319444444444445
2018-06-17 00:00:00 UTC,637,-9,231101000,3.3430555555555554
2018-06-17 00:00:00 UTC,637,-10,231101000,0.85888888888888881
2018-06-17 00:00:00 UTC,637,-11,231101000,3.5308333333333333
2018-06-17 00:00:00 UTC,637,-14,231101000,1.4024999999999999
2018-06-17 00:00:00 UTC,637,-13,231101000,0.35972222222222222
2018-06-17 00:00:00 UTC,637,-8,231101000,1.4355555555555555
2018-06-17 00:00:00 UTC,637,-12,231101000,3.0219444444444443
2018-06-17 00:00:00 UTC,637,-4,218066000,1.5975
2018-06-17 00:00:00 UTC,637,-142,251083110,2.180277777777778
2018-06-17 00:00:00 UTC,637,-143,251083110,4.5963888888888889
2018-06-17 00:00:00 UTC,637,-141,251083110,0.77416666666666667
2018-06-17 00:00:00 UTC,637,-140,251083110,0.76750000000000007
2018-06-17 00:00:00 UTC,637,-144,251083110,1.1640277777777779
2018-06-17 00:00:00 UTC,637,-145,251083110,0.14583333333333331
2018-06-17 00:00:00 UTC,637,91,257563500,2.1706944444444445
2018-06-17 00:00:00 UTC,637,95,257041800,6.3427777777777781
2018-06-17 00:00:00 UTC,637,-228,251086000,0.89722222222222225
2018-06-17 00:00:00 UTC,637,-229,251086000,1.8177777777777777
2018-06-17 00:00:00 UTC,637,81,257216440,3.0623611111111106
2018-06-17 00:00:00 UTC,637,83,257216440,1.9479166666666667
2018-06-17 00:00:00 UTC,637,82,257216440,1.1022222222222222
2018-06-17 00:00:00 UTC,637,-525,331608000,2.3816666666666673
2018-06-17 00:00:00 UTC,637,-524,331608000,0.6791666666666667
2018-06-17 00:00:00 UTC,637,-10,251329000,3.4222222222222225
2018-06-17 00:00:00 UTC,-387,1787,512000777,0.1336111111111111
2018-06-17 00:00:00 UTC,-387,1727,512004438,1.2836111111111113
2018-06-17 00:00:00 UTC,-387,1728,512004438,1.4698611111111111
2018-06-17 00:00:00 UTC,-387,-761,725000311,3.1340277777777779
2018-06-17 00:00:00 UTC,-387,-760,725000311,1.6597222222222225
2018-06-17 00:00:00 UTC,-387,1728,512411000,1.8970833333333323
2018-06-17 00:00:00 UTC,-387,1727,512411000,0.82194444444444437
2018-06-17 00:00:00 UTC,-387,1728,512409000,0.75569444444444434
2018-06-17 00:00:00 UTC,-387,-761,725000880,1.8993055555555554
2018-06-17 00:00:00 UTC,-387,-760,725000880,1.9056944444444439
2018-06-17 00:00:00 UTC,-387,-761,725000910,1.8083333333333333
2018-06-17 00:00:00 UTC,-387,-762,725000910,0.20041666666666669
2018-06-17 00:00:00 UTC,-387,-761,725003220,3.7818055555555548
2018-06-17 00:00:00 UTC,-387,-760,725003220,2.2304166666666663
2018-06-17 00:00:00 UTC,-387,-762,725000690,0.3091666666666667
2018-06-17 00:00:00 UTC,-387,-760,725000690,0.716111111111111
2018-06-17 00:00:00 UTC,-387,-761,725000690,4.7095833333333328
2018-06-17 00:00:00 UTC,-131,-1579,416002051,5.1836111111111123
2018-06-17 00:00:00 UTC,-131,1713,412320023,1.16
2018-06-17 00:00:00 UTC,-131,1712,412320023,1.1706944444444443
2018-06-17 00:00:00 UTC,-131,1696,412320026,0.71763888888888894
2018-06-17 00:00:00 UTC,-131,1697,412320026,1.4554166666666666
2018-06-17 00:00:00 UTC,-131,1710,412328758,0.12958333333333333
2018-06-17 00:00:00 UTC,-131,1707,413341000,1.7747222222222221
2018-06-17 00:00:00 UTC,-131,1708,413341000,0.78902777777777777
2018-06-17 00:00:00 UTC,-131,1692,412209233,0.3898611111111111
2018-06-17 00:00:00 UTC,-131,1713,412331102,0.64138888888888879
2018-06-17 00:00:00 UTC,-131,1714,412331102,2.9433333333333338
2018-06-17 00:00:00 UTC,-131,1710,412331102,0.79583333333333328
2018-06-17 00:00:00 UTC,-131,1709,412331105,0.94166666666666654
2018-06-17 00:00:00 UTC,-131,1713,412331105,6.4840277777777775
2018-06-17 00:00:00 UTC,-131,1495,412329588,4.1083333333333325
2018-06-17 00:00:00 UTC,-131,1500,412329588,0.84472222222222215
2018-06-17 00:00:00 UTC,-131,1512,432411000,1.0197222222222222
2018-06-17 00:00:00 UTC,-131,1516,432411000,2.2655555555555558
2018-06-17 00:00:00 UTC,-131,1514,432411000,1.8890277777777784
2018-06-17 00:00:00 UTC,-131,1513,432411000,1.7730555555555552
2018-06-17 00:00:00 UTC,-131,1515,432411000,2.3241666666666667
2018-06-17 00:00:00 UTC,-131,1509,432411000,0.41638888888888892
2018-06-17 00:00:00 UTC,-131,1552,412329416,0.61791666666666667
2018-06-17 00:00:00 UTC,-131,1553,412329416,2.1641666666666666
2018-06-17 00:00:00 UTC,-131,1551,412329416,1.4683333333333333
2018-06-17 00:00:00 UTC,-131,1554,412329416,0.60375
2018-06-17 00:00:00 UTC,-131,1612,520172000,4.7497222222222222
2018-06-17 00:00:00 UTC,-131,-1710,518100456,1.1302777777777779
2018-06-17 00:00:00 UTC,-131,-1708,518100456,1.5377777777777777
2018-06-17 00:00:00 UTC,-131,1718,412326893,0.52319444444444441
2018-06-17 00:00:00 UTC,-131,1717,412326894,1.8895833333333334
2018-06-17 00:00:00 UTC,-131,1716,412326894,1.3340277777777778
2018-06-17 00:00:00 UTC,-131,1712,412326902,1.25125
2018-06-17 00:00:00 UTC,126,-174,663177000,6.9105555555555558
2018-06-17 00:00:00 UTC,126,-1673,441660000,0.1673611111111111
2018-06-17 00:00:00 UTC,126,1297,416003187,4.2645833333333334
2018-06-17 00:00:00 UTC,126,1348,431501186,25.33625
2018-06-17 00:00:00 UTC,126,1298,416000974,5.620277777777777
2018-06-17 00:00:00 UTC,126,-176,663180000,4.5763888888888866
2018-06-17 00:00:00 UTC,126,-175,663180000,2.9648611111111114
2018-06-17 00:00:00 UTC,126,1753,416003315,1.338611111111111
2018-06-17 00:00:00 UTC,126,1797,412371191,3.1352777777777776
2018-06-17 00:00:00 UTC,126,1798,412371191,1.5655555555555554
2018-06-17 00:00:00 UTC,126,1799,412371191,1.7998611111111116
2018-06-17 00:00:00 UTC,126,-1796,412371191,0.84541666666666659
2018-06-17 00:00:00 UTC,126,-1800,412371191,0.41819444444444442
2018-06-17 00:00:00 UTC,126,-1795,412371191,0.88041666666666674
2018-06-17 00:00:00 UTC,126,-176,663179000,0.46305555555555561
2018-06-17 00:00:00 UTC,126,-175,663179000,4.3809722222222227
2018-06-17 00:00:00 UTC,126,-174,663179000,0.28472222222222221
2018-06-17 00:00:00 UTC,382,1392,431008008,0.28375
2018-06-17 00:00:00 UTC,382,1391,431008008,2.3791666666666664
2018-06-17 00:00:00 UTC,382,1388,431466000,0.39944444444444444
2018-06-17 00:00:00 UTC,382,217,240234000,0.51430555555555557
2018-06-17 00:00:00 UTC,382,216,240234000,2.4052777777777776
2018-06-17 00:00:00 UTC,382,-283,204201240,0.35958333333333331
2018-06-17 00:00:00 UTC,382,216,237567000,1.1090277777777779
2018-06-17 00:00:00 UTC,382,-1,224172830,0.23208333333333331
2018-06-17 00:00:00 UTC,382,1391,431007519,8.1708333333333325
2018-06-17 00:00:00 UTC,382,1416,431007273,0.5083333333333333
2018-06-17 00:00:00 UTC,382,1415,431007273,0.25430555555555556
2018-06-17 00:00:00 UTC,382,-1,224081450,0.55069444444444449
2018-06-17 00:00:00 UTC,382,156,247306030,16.879861111111111
2018-06-17 00:00:00 UTC,382,155,247306030,6.5029166666666667
2018-06-17 00:00:00 UTC,382,27,224134470,6.863888888888888
2018-06-17 00:00:00 UTC,382,166,247125580,0.91152777777777783
2018-06-17 00:00:00 UTC,382,165,247125580,6.7449999999999992
2018-06-17 00:00:00 UTC,382,156,247146320,3.5495833333333331
2018-06-17 00:00:00 UTC,382,11,224069970,1.346527777777778
2018-06-17 00:00:00 UTC,382,10,224069970,5.5545833333333334
2018-06-17 00:00:00 UTC,382,7,224069970,0.62986111111111109
2018-06-17 00:00:00 UTC,382,1393,431007828,1.05
2018-06-17 00:00:00 UTC,382,1211,200023391,3.7805555555555559
2018-06-17 00:00:00 UTC,382,1210,200023391,3.7111111111111112
2018-06-17 00:00:00 UTC,382,216,239132000,0.40319444444444447
2018-06-17 00:00:00 UTC,382,1417,431700322,1.9701388888888887
2018-06-17 00:00:00 UTC,382,1419,431700578,2.2713888888888887
2018-06-17 00:00:00 UTC,382,1415,431008876,0.25819444444444445
2018-06-17 00:00:00 UTC,382,1178,412286828,10.961944444444441
2018-06-17 00:00:00 UTC,382,216,237446000,0.12833333333333333
2018-06-17 00:00:00 UTC,382,1417,431700336,1.8363888888888888
2018-06-17 00:00:00 UTC,382,18,224033650,0.81638888888888894
2018-06-17 00:00:00 UTC,382,17,224033650,0.52125
2018-06-17 00:00:00 UTC,382,15,224033650,1.1666666666666665
2018-06-17 00:00:00 UTC,382,14,224033650,3.2375
2018-06-17 00:00:00 UTC,382,156,247130740,9.7724999999999973
2018-06-17 00:00:00 UTC,382,1418,431700342,0.84611111111111115
2018-06-17 00:00:00 UTC,382,1417,431700348,0.37847222222222221
2018-06-17 00:00:00 UTC,382,1417,431000702,1.6145833333333333
2018-06-17 00:00:00 UTC,382,140,247143810,4.65
2018-06-17 00:00:00 UTC,382,1178,412287378,10.700972222222223
2018-06-17 00:00:00 UTC,382,-1,224020390,0.26916666666666667
2018-06-17 00:00:00 UTC,382,1190,866666666,5.8040277777777787
2018-06-17 00:00:00 UTC,382,1391,431007659,0.5163888888888889
2018-06-17 00:00:00 UTC,382,1178,800047533,0.58402777777777781
2018-06-17 00:00:00 UTC,382,156,247132590,9.8886111111111124
2018-06-17 00:00:00 UTC,382,1392,431007663,0.51680555555555552
2018-06-17 00:00:00 UTC,382,1391,431007663,1.8869444444444443
2018-06-17 00:00:00 UTC,382,1392,431007667,1.5855555555555556
2018-06-17 00:00:00 UTC,382,1391,431007667,0.25861111111111112
2018-06-17 00:00:00 UTC,382,1391,431007668,2.2663888888888888
2018-06-17 00:00:00 UTC,382,1390,431007668,2.3331944444444446
2018-06-17 00:00:00 UTC,382,87,247133620,0.74458333333333337
2018-06-17 00:00:00 UTC,382,1392,431007669,2.4995833333333333
2018-06-17 00:00:00 UTC,382,106,247147190,7.9916666666666671
2018-06-17 00:00:00 UTC,382,107,247147190,1.75875
2018-06-17 00:00:00 UTC,382,108,247147190,10.267638888888889
2018-06-17 00:00:00 UTC,382,1391,431007671,0.25847222222222221
2018-06-17 00:00:00 UTC,382,1392,431007671,1.550972222222222
2018-06-17 00:00:00 UTC,382,-2,224219320,0.40986111111111112
2018-06-17 00:00:00 UTC,382,-1,224219320,0.27208333333333334
2018-06-17 00:00:00 UTC,382,1391,431007672,0.25875000000000004
2018-06-17 00:00:00 UTC,382,1392,431007673,4.0590277777777777
2018-06-17 00:00:00 UTC,382,1391,431007674,0.78
2018-06-17 00:00:00 UTC,382,216,237688000,3.0461111111111117
2018-06-17 00:00:00 UTC,382,1391,431007682,1.3344444444444443
2018-06-17 00:00:00 UTC,382,1392,431007683,4.44875
2018-06-17 00:00:00 UTC,382,1191,412333507,0.11277777777777778
2018-06-17 00:00:00 UTC,382,1392,431007684,3.0469444444444442
2018-06-17 00:00:00 UTC,382,1390,431007684,0.26263888888888887
2018-06-17 00:00:00 UTC,382,1391,431007684,0.80875
2018-06-17 00:00:00 UTC,382,-1,224167120,0.34013888888888888
2018-06-17 00:00:00 UTC,382,-2,224167120,0.30152777777777778
2018-06-17 00:00:00 UTC,382,1416,431008721,0.51625
2018-06-17 00:00:00 UTC,382,1415,431008721,0.25402777777777774
2018-06-17 00:00:00 UTC,382,1416,431008722,0.2583333333333333
2018-06-17 00:00:00 UTC,382,1415,431008722,0.25430555555555556
2018-06-17 00:00:00 UTC,382,166,247131610,1.0080555555555555
2018-06-17 00:00:00 UTC,382,165,247131610,5.7084722222222233
2018-06-17 00:00:00 UTC,382,102,247147230,2.4499999999999997
2018-06-17 00:00:00 UTC,382,1178,700055779,20.410138888888888
2018-06-17 00:00:00 UTC,382,-308,204225000,1.5470833333333334
2018-06-17 00:00:00 UTC,382,-307,204225000,7.7652777777777775
2018-06-17 00:00:00 UTC,638,-10,231039000,0.74083333333333334
2018-06-17 00:00:00 UTC,638,-8,231039000,1.9829166666666667
2018-06-17 00:00:00 UTC,638,-6,231039000,0.88763888888888887
2018-06-17 00:00:00 UTC,638,-9,231039000,1.1772222222222222
2018-06-17 00:00:00 UTC,638,-7,231039000,1.9369444444444446
2018-06-17 00:00:00 UTC,638,-7,231400000,0.78125
2018-06-17 00:00:00 UTC,638,-10,231400000,0.75388888888888883
2018-06-17 00:00:00 UTC,638,-8,231400000,0.76430555555555557
2018-06-17 00:00:00 UTC,638,-9,231400000,2.4018055555555553
2018-06-17 00:00:00 UTC,638,-8,231101000,0.64402777777777787
2018-06-17 00:00:00 UTC,638,-7,231101000,1.3948611111111111
2018-06-17 00:00:00 UTC,638,-140,251083110,1.1455555555555557
2018-06-17 00:00:00 UTC,638,-139,251083110,2.4361111111111109
2018-06-17 00:00:00 UTC,638,-525,331608000,2.7777777777777781
2018-06-17 00:00:00 UTC,638,-8,251329000,1.7072222222222224
2018-06-17 00:00:00 UTC,638,-279,273242100,0.20527777777777778
2018-06-17 00:00:00 UTC,638,-280,273242100,1.3947222222222222
2018-06-17 00:00:00 UTC,-386,1789,512000777,1.0868055555555556
2018-06-17 00:00:00 UTC,-386,295,416062800,1.305
2018-06-17 00:00:00 UTC,-386,296,416062800,0.821388888888889
2018-06-17 00:00:00 UTC,-386,-740,725000800,0.97097222222222224
2018-06-17 00:00:00 UTC,-386,-761,725000311,3.2556944444444449
2018-06-17 00:00:00 UTC,-386,1728,512411000,1.6388888888888888
2018-06-17 00:00:00 UTC,-386,-741,725002410,0.24986111111111112
2018-06-17 00:00:00 UTC,-386,-740,725002410,0.22472222222222224
2018-06-17 00:00:00 UTC,-386,-761,725000910,2.132083333333334
2018-06-17 00:00:00 UTC,-386,-762,725000910,0.77902777777777776
2018-06-17 00:00:00 UTC,-386,-761,725003220,3.5059722222222218
2018-06-17 00:00:00 UTC,-386,-762,725003220,0.0925
2018-06-17 00:00:00 UTC,-386,-762,725000690,3.7030555555555558
2018-06-17 00:00:00 UTC,-386,-761,725000690,8.4465277777777761
2018-06-17 00:00:00 UTC,-130,-1579,416002051,0.77125
2018-06-17 00:00:00 UTC,-130,-1575,416002051,0.93791666666666662
2018-06-17 00:00:00 UTC,-130,-1577,416002051,3.9106944444444443
2018-06-17 00:00:00 UTC,-130,-1578,416002051,1.0204166666666665
2018-06-17 00:00:00 UTC,-130,-1573,416002051,1.1883333333333332
2018-06-17 00:00:00 UTC,-130,-1576,416002051,2.8134722222222219
2018-06-17 00:00:00 UTC,-130,-1574,416002051,2.504861111111111
2018-06-17 00:00:00 UTC,-130,-1572,416002051,5.0056944444444449
2018-06-17 00:00:00 UTC,-130,1712,412320023,4.8323611111111129
2018-06-17 00:00:00 UTC,-130,1696,413343000,0.3026388888888889
2018-06-17 00:00:00 UTC,-130,1696,412320026,0.67013888888888884
2018-06-17 00:00:00 UTC,-130,1710,412328758,1.0884722222222221
2018-06-17 00:00:00 UTC,-130,-814,412420417,4.6433333333333335
2018-06-17 00:00:00 UTC,-130,1707,413341000,2.52375
2018-06-17 00:00:00 UTC,-130,1708,413341000,0.54625
2018-06-17 00:00:00 UTC,-130,1706,413341000,0.15027777777777776
2018-06-17 00:00:00 UTC,-130,1692,412209233,1.7797222222222224
2018-06-17 00:00:00 UTC,-130,1707,412331099,0.24486111111111111
2018-06-17 00:00:00 UTC,-130,1713,412331102,0.55791666666666662
2018-06-17 00:00:00 UTC,-130,1710,412331102,0.69013888888888886
2018-06-17 00:00:00 UTC,-130,1714,412331102,2.2505555555555556
2018-06-17 00:00:00 UTC,-130,1698,412331103,3.7062500000000003
2018-06-17 00:00:00 UTC,-130,1697,412331103,2.3569444444444443
2018-06-17 00:00:00 UTC,-130,1709,412331105,0.57097222222222221
2018-06-17 00:00:00 UTC,-130,1497,412329588,4.1552777777777781
2018-06-17 00:00:00 UTC,-130,1498,412329588,0.82319444444444445
2018-06-17 00:00:00 UTC,-130,1510,432411000,0.66666666666666674
2018-06-17 00:00:00 UTC,-130,1515,432411000,0.61916666666666664
2018-06-17 00:00:00 UTC,-130,1516,432411000,0.75722222222222224
2018-06-17 00:00:00 UTC,-130,-1652,518000004,1.7141666666666666
2018-06-17 00:00:00 UTC,-130,-1653,518000004,1.6849999999999998
2018-06-17 00:00:00 UTC,-130,-1655,518000004,0.2583333333333333
2018-06-17 00:00:00 UTC,-130,-1654,518000004,4.1930555555555564
2018-06-17 00:00:00 UTC,-130,1552,412329416,1.4170833333333333
2018-06-17 00:00:00 UTC,-130,1553,412329416,0.57319444444444445
2018-06-17 00:00:00 UTC,-130,1611,520172000,1.0859722222222223
2018-06-17 00:00:00 UTC,-130,-1711,518100455,1.4926388888888888
2018-06-17 00:00:00 UTC,-130,-1708,518100456,1.014861111111111
2018-06-17 00:00:00 UTC,-130,1718,412326893,1.3147222222222215
2018-06-17 00:00:00 UTC,-130,1712,412326902,3.5883333333333338
2018-06-17 00:00:00 UTC,127,1327,416002835,6.8152777777777773
2018-06-17 00:00:00 UTC,127,-175,663039000,7.3744444444444444
2018-06-17 00:00:00 UTC,127,-174,663039000,1.2909722222222224
2018-06-17 00:00:00 UTC,127,-174,663177000,6.748333333333334
2018-06-17 00:00:00 UTC,127,-173,663177000,3.5856944444444441
2018-06-17 00:00:00 UTC,127,1305,200012869,5.127361111111111
2018-06-17 00:00:00 UTC,127,1308,200012869,5.3493055555555555
2018-06-17 00:00:00 UTC,127,1306,200012869,1.1540277777777779
2018-06-17 00:00:00 UTC,127,-1674,441660000,0.76944444444444449
2018-06-17 00:00:00 UTC,127,-1676,441660000,0.60208333333333341
2018-06-17 00:00:00 UTC,127,-1673,441660000,0.7775
2018-06-17 00:00:00 UTC,127,-1677,441660000,0.14430555555555558
2018-06-17 00:00:00 UTC,127,-1675,441660000,0.51416666666666666
2018-06-17 00:00:00 UTC,127,-1682,441660000,0.35277777777777775
2018-06-17 00:00:00 UTC,127,-626,941000805,2.7158333333333333
2018-06-17 00:00:00 UTC,127,-176,663180000,0.57666666666666666
2018-06-17 00:00:00 UTC,127,-175,663180000,8.0631944444444468
2018-06-17 00:00:00 UTC,127,-174,663180000,3.23638888888889
2018-06-17 00:00:00 UTC,127,1753,416003315,0.70013888888888887
2018-06-17 00:00:00 UTC,127,1584,416000246,0.88791666666666669
2018-06-17 00:00:00 UTC,127,-1794,412371191,1.1734722222222222
2018-06-17 00:00:00 UTC,127,1797,412371191,0.31152777777777779
2018-06-17 00:00:00 UTC,127,1799,412371191,0.25430555555555556
2018-06-17 00:00:00 UTC,127,1798,412371191,0.77541666666666675
2018-06-17 00:00:00 UTC,127,1796,412371191,0.24374999999999997
2018-06-17 00:00:00 UTC,127,-174,663179000,0.8306944444444444
2018-06-17 00:00:00 UTC,127,-175,663179000,9.5434722222222259
2018-06-17 00:00:00 UTC,383,1177,412287236,4.3495833333333334
2018-06-17 00:00:00 UTC,383,1177,412357652,1.6890277777777774
2018-06-17 00:00:00 UTC,383,-284,204201240,18.549583333333345
2018-06-17 00:00:00 UTC,383,1207,200027164,0.82847222222222217
2018-06-17 00:00:00 UTC,383,1208,200027164,1.7620833333333337
2018-06-17 00:00:00 UTC,383,1210,200027164,3.2625
2018-06-17 00:00:00 UTC,383,1392,431007519,4.0875
2018-06-17 00:00:00 UTC,383,1391,431007519,1.6468055555555554
2018-06-17 00:00:00 UTC,383,-744,367598880,11.621944444444441
2018-06-17 00:00:00 UTC,383,1181,200010784,0.6381944444444444
2018-06-17 00:00:00 UTC,383,1208,414160161,1.2702777777777776
2018-06-17 00:00:00 UTC,383,1207,414160161,1.1448611111111111
2018-06-17 00:00:00 UTC,383,1177,700058932,5.6423611111111107
2018-06-17 00:00:00 UTC,383,1176,700058932,6.0115277777777782
2018-06-17 00:00:00 UTC,383,-288,204201270,5.5136111111111106
2018-06-17 00:00:00 UTC,383,-289,204201270,1.3334722222222222
2018-06-17 00:00:00 UTC,383,1177,700058937,2.13875
2018-06-17 00:00:00 UTC,383,1177,412287305,0.68166666666666653
2018-06-17 00:00:00 UTC,383,166,247125580,12.287916666666666
2018-06-17 00:00:00 UTC,383,165,247125580,3.3529166666666663
2018-06-17 00:00:00 UTC,383,167,247125580,0.27916666666666667
2018-06-17 00:00:00 UTC,383,9,224069970,1.66125
2018-06-17 00:00:00 UTC,383,8,224069970,0.51680555555555552
2018-06-17 00:00:00 UTC,383,10,224069970,4.1705555555555547
2018-06-17 00:00:00 UTC,383,-3,224059230,0.25527777777777777
2018-06-17 00:00:00 UTC,383,1210,200023391,0.2583333333333333
2018-06-17 00:00:00 UTC,383,1207,200023391,0.774861111111111
2018-06-17 00:00:00 UTC,383,1208,200023391,1.6418055555555557
2018-06-17 00:00:00 UTC,383,1417,431700322,1.6751388888888887
2018-06-17 00:00:00 UTC,383,158,247131490,24.071527777777781
2018-06-17 00:00:00 UTC,383,157,247131490,0.28625
2018-06-17 00:00:00 UTC,383,1179,412287331,0.25430555555555556
2018-06-17 00:00:00 UTC,383,1180,412287331,0.55999999999999994
2018-06-17 00:00:00 UTC,383,1178,412287331,2.9256944444444448
2018-06-17 00:00:00 UTC,383,1179,412286819,0.11652777777777779
2018-06-17 00:00:00 UTC,383,1178,412286819,21.710694444444449
2018-06-17 00:00:00 UTC,383,1179,412286308,0.26236111111111116
2018-06-17 00:00:00 UTC,383,1178,412286308,14.560555555555556
2018-06-17 00:00:00 UTC,383,1416,431008613,0.25375000000000003
2018-06-17 00:00:00 UTC,383,1207,200023400,2.8372222222222221
2018-06-17 00:00:00 UTC,383,1208,555566698,2.3530555555555557
2018-06-17 00:00:00 UTC,383,1207,555566698,0.76736111111111116
2018-06-17 00:00:00 UTC,383,1178,412286828,0.49763888888888885
2018-06-17 00:00:00 UTC,383,1179,412286828,3.0926388888888892
2018-06-17 00:00:00 UTC,383,1179,412287343,0.50930555555555557
2018-06-17 00:00:00 UTC,383,1417,431700336,1.4669444444444446
2018-06-17 00:00:00 UTC,383,14,224033650,1.9222222222222223
2018-06-17 00:00:00 UTC,383,1418,431700342,1.4743055555555555
2018-06-17 00:00:00 UTC,383,1417,431000702,1.420277777777778
2018-06-17 00:00:00 UTC,383,261,240368000,7.6161111111111106
2018-06-17 00:00:00 UTC,383,138,247143810,0.58347222222222228
2018-06-17 00:00:00 UTC,383,140,247143810,4.6240277777777772
2018-06-17 00:00:00 UTC,383,139,247143810,1.10125
2018-06-17 00:00:00 UTC,383,1177,412287368,12.622499999999993
2018-06-17 00:00:00 UTC,383,1179,412287378,1.3368055555555556
2018-06-17 00:00:00 UTC,383,1178,412287378,0.47652777777777777
2018-06-17 00:00:00 UTC,383,1179,412286357,0.14986111111111111
2018-06-17 00:00:00 UTC,383,1178,412286357,2.83125
2018-06-17 00:00:00 UTC,383,242,239599000,5.2486111111111136
2018-06-17 00:00:00 UTC,383,1176,412287392,7.9604166666666671
2018-06-17 00:00:00 UTC,383,1177,412287392,2.7640277777777778
2018-06-17 00:00:00 UTC,383,1177,412311212,0.53013888888888894
2018-06-17 00:00:00 UTC,383,1178,800047533,0.17305555555555557
2018-06-17 00:00:00 UTC,383,1392,431007663,0.91694444444444445
2018-06-17 00:00:00 UTC,383,-3,224090290,0.25569444444444445
2018-06-17 00:00:00 UTC,383,-4,224090290,0.25569444444444445
2018-06-17 00:00:00 UTC,383,1392,431007667,8.0066666666666677
2018-06-17 00:00:00 UTC,383,1391,431007667,0.39999999999999997
2018-06-17 00:00:00 UTC,383,1393,431007667,0.88263888888888886
2018-06-17 00:00:00 UTC,383,1390,431007668,0.54152777777777783
2018-06-17 00:00:00 UTC,383,1391,431007668,1.9694444444444443
2018-06-17 00:00:00 UTC,383,88,247133620,1.4972222222222222
2018-06-17 00:00:00 UTC,383,87,247133620,5.3845833333333335
2018-06-17 00:00:00 UTC,383,105,247147190,7.8081944444444451
2018-06-17 00:00:00 UTC,383,1177,412286136,0.40277777777777779
2018-06-17 00:00:00 UTC,383,1176,412286136,6.3326388888888889
2018-06-17 00:00:00 UTC,383,1392,431007673,0.39180555555555557
2018-06-17 00:00:00 UTC,383,1177,700058811,7.66125
2018-06-17 00:00:00 UTC,383,1392,431007682,7.7968055555555562
2018-06-17 00:00:00 UTC,383,1391,431007682,2.4380555555555556
2018-06-17 00:00:00 UTC,383,1393,431007682,0.28291666666666665
2018-06-17 00:00:00 UTC,383,1392,431007684,1.1334722222222222
2018-06-17 00:00:00 UTC,383,167,247131610,0.4597222222222222
2018-06-17 00:00:00 UTC,383,166,247131610,13.59680555555556
2018-06-17 00:00:00 UTC,383,165,247131610,1.1779166666666665
2018-06-17 00:00:00 UTC,383,103,247147230,1.6797222222222223
2018-06-17 00:00:00 UTC,383,105,247147230,1.0273611111111112
2018-06-17 00:00:00 UTC,383,104,247147230,3.175
2018-06-17 00:00:00 UTC,383,102,247147230,0.79638888888888881
2018-06-17 00:00:00 UTC,383,1208,412335327,0.67083333333333339
2018-06-17 00:00:00 UTC,383,1207,412335327,1.8551388888888889
2018-06-17 00:00:00 UTC,383,-95,263500263,0.62097222222222226
2018-06-17 00:00:00 UTC,383,-308,204225000,3.8318055555555555
2018-06-17 00:00:00 UTC,383,-307,204225000,3.44
2018-06-17 00:00:00 UTC,383,-4,224396270,0.25291666666666668
2018-06-17 00:00:00 UTC,383,-3,224396270,0.50680555555555551
2018-06-17 00:00:00 UTC,383,1209,200023545,10.284166666666671
2018-06-17 00:00:00 UTC,639,-8,231039000,1.0806944444444444
2018-06-17 00:00:00 UTC,639,-7,231039000,1.0169444444444444
2018-06-17 00:00:00 UTC,639,-6,231039000,1.4888888888888889
2018-06-17 00:00:00 UTC,639,-6,231400000,1.5451388888888891
2018-06-17 00:00:00 UTC,639,-7,231400000,0.76125
2018-06-17 00:00:00 UTC,639,57,259536000,2.7815277777777778
2018-06-17 00:00:00 UTC,639,56,259536000,8.2222222222222214
2018-06-17 00:00:00 UTC,639,90,257465500,2.5584722222222225
2018-06-17 00:00:00 UTC,639,91,257465500,2.1458333333333335
2018-06-17 00:00:00 UTC,639,-525,331608000,0.089861111111111114
2018-06-17 00:00:00 UTC,639,-7,251329000,0.88305555555555559
2018-06-17 00:00:00 UTC,639,-6,251329000,5.6661111111111122
2018-06-17 00:00:00 UTC,639,-229,251146740,0.72222222222222232
2018-06-17 00:00:00 UTC,639,-281,273242100,0.61583333333333323
2018-06-17 00:00:00 UTC,639,-280,273242100,0.10013888888888889
2018-06-17 00:00:00 UTC,639,-283,273242100,0.55736111111111108
2018-06-17 00:00:00 UTC,-385,1789,512000777,1.6572222222222224
2018-06-17 00:00:00 UTC,-385,296,416062800,1.63375
2018-06-17 00:00:00 UTC,-385,295,416062800,0.87972222222222229
2018-06-17 00:00:00 UTC,-385,-742,725000800,0.26805555555555555
2018-06-17 00:00:00 UTC,-385,-741,725000800,3.0381944444444451
2018-06-17 00:00:00 UTC,-385,-740,725000800,0.095277777777777781
2018-06-17 00:00:00 UTC,-385,-1746,224154000,0.36486111111111114
2018-06-17 00:00:00 UTC,-385,-1743,224154000,0.94277777777777783
2018-06-17 00:00:00 UTC,-385,-1741,224154000,0.732361111111111
2018-06-17 00:00:00 UTC,-385,-1745,224154000,0.59916666666666663
2018-06-17 00:00:00 UTC,-385,-1744,224154000,0.069027777777777785
2018-06-17 00:00:00 UTC,-385,-741,725002410,1.8258333333333332
2018-06-17 00:00:00 UTC,-385,-742,725002410,0.72527777777777769
2018-06-17 00:00:00 UTC,-385,-762,725000910,0.38750000000000007
2018-06-17 00:00:00 UTC,-385,-761,725000910,4.7966666666666669
2018-06-17 00:00:00 UTC,-385,-761,725004520,4.9490277777777782
2018-06-17 00:00:00 UTC,-385,-762,725000690,0.4259722222222222
2018-06-17 00:00:00 UTC,-385,-761,725000690,3.0390277777777777
2018-06-17 00:00:00 UTC,-129,1712,412320023,1.1477777777777778
2018-06-17 00:00:00 UTC,-129,1696,413343000,0.96444444444444444
2018-06-17 00:00:00 UTC,-129,1698,412320026,1.6218055555555555
2018-06-17 00:00:00 UTC,-129,1695,412320026,1.6995833333333334
2018-06-17 00:00:00 UTC,-129,1710,412328758,1.373472222222222
2018-06-17 00:00:00 UTC,-129,1695,412328761,0.4375
2018-06-17 00:00:00 UTC,-129,1708,413341000,0.73236111111111113
2018-06-17 00:00:00 UTC,-129,1706,413341000,1.3693055555555553
2018-06-17 00:00:00 UTC,-129,1690,412209233,0.3675
2018-06-17 00:00:00 UTC,-129,1688,412209233,0.87958333333333338
2018-06-17 00:00:00 UTC,-129,1692,412209233,0.5525
2018-06-17 00:00:00 UTC,-129,1689,412209233,0.85138888888888886
2018-06-17 00:00:00 UTC,-129,1691,412209233,2.3605555555555555
2018-06-17 00:00:00 UTC,-129,1707,412331099,0.083333333333333343
2018-06-17 00:00:00 UTC,-129,1710,412331102,0.29680555555555554
2018-06-17 00:00:00 UTC,-129,1697,412331103,1.7044444444444444
2018-06-17 00:00:00 UTC,-129,1709,412331105,0.5773611111111111
2018-06-17 00:00:00 UTC,-129,1510,432411000,0.53055555555555556
2018-06-17 00:00:00 UTC,-129,-1657,518000004,0.35277777777777775
2018-06-17 00:00:00 UTC,-129,-1654,518000004,0.52625
2018-06-17 00:00:00 UTC,-129,-1656,518000004,1.6347222222222217
2018-06-17 00:00:00 UTC,-129,-1655,518000004,3.0941666666666672
2018-06-17 00:00:00 UTC,-129,1552,412329416,2.5476388888888888
2018-06-17 00:00:00 UTC,-129,1551,412329416,1.8654166666666665
2018-06-17 00:00:00 UTC,-129,1611,520172000,1.4406944444444445
2018-06-17 00:00:00 UTC,-129,-1711,518100455,0.96875000000000022
2018-06-17 00:00:00 UTC,-129,-1710,518100456,1.2125
2018-06-17 00:00:00 UTC,-129,-1707,518100456,1.4169444444444443
2018-06-17 00:00:00 UTC,-129,-1712,518100458,2.1216666666666666
2018-06-17 00:00:00 UTC,-129,1718,412326893,1.3493055555555551
2018-06-17 00:00:00 UTC,-129,1711,412326902,0.40861111111111115
2018-06-17 00:00:00 UTC,128,-174,663039000,12.54625
2018-06-17 00:00:00 UTC,128,-173,663039000,0.32111111111111112
2018-06-17 00:00:00 UTC,128,1784,412331033,1.1722222222222221
2018-06-17 00:00:00 UTC,128,1785,412331033,2.4556944444444446
2018-06-17 00:00:00 UTC,128,-173,663177000,3.9843055555555558
2018-06-17 00:00:00 UTC,128,1308,200012869,0.93236111111111108
2018-06-17 00:00:00 UTC,128,1307,200012869,4.105833333333333
2018-06-17 00:00:00 UTC,128,-1782,412370007,0.084999999999999992
2018-06-17 00:00:00 UTC,128,-1673,441660000,0.40430555555555558
2018-06-17 00:00:00 UTC,128,-1674,441660000,1.2268055555555557
2018-06-17 00:00:00 UTC,128,-626,941000805,3.5252777777777773
2018-06-17 00:00:00 UTC,128,-1665,440933000,1.6268055555555554
2018-06-17 00:00:00 UTC,128,-1667,440933000,0.97111111111111126
2018-06-17 00:00:00 UTC,128,-1664,440933000,1.2963888888888888
2018-06-17 00:00:00 UTC,128,-1670,440933000,0.58875
2018-06-17 00:00:00 UTC,128,-1659,440933000,1.391388888888889
2018-06-17 00:00:00 UTC,128,-1666,440933000,2.8693055555555556
2018-06-17 00:00:00 UTC,128,-1663,440933000,0.3659722222222222
2018-06-17 00:00:00 UTC,128,-1658,440933000,0.36541666666666667
2018-06-17 00:00:00 UTC,128,-1661,440933000,1.3841666666666661
2018-06-17 00:00:00 UTC,128,-1660,440933000,2.0084722222222218
2018-06-17 00:00:00 UTC,128,-1662,440933000,1.1380555555555558
2018-06-17 00:00:00 UTC,128,-1671,440846000,1.4886111111111107
2018-06-17 00:00:00 UTC,128,-1670,440846000,0.26625000000000004
2018-06-17 00:00:00 UTC,128,-1666,440963000,0.67569444444444438
2018-06-17 00:00:00 UTC,128,-1665,440963000,1.0483333333333333
2018-06-17 00:00:00 UTC,128,-1669,440963000,0.54972222222222222
2018-06-17 00:00:00 UTC,128,-1671,440963000,3.9534722222222216
2018-06-17 00:00:00 UTC,128,-1668,440963000,1.1990277777777778
2018-06-17 00:00:00 UTC,128,-1670,440963000,0.50069444444444444
2018-06-17 00:00:00 UTC,128,-1664,440963000,0.42680555555555555
2018-06-17 00:00:00 UTC,128,-1663,440963000,0.79986111111111113
2018-06-17 00:00:00 UTC,128,-175,412330951,24.388472222222223
2018-06-17 00:00:00 UTC,128,-174,663180000,4.483888888888889
2018-06-17 00:00:00 UTC,128,-175,663180000,0.16819444444444445
2018-06-17 00:00:00 UTC,128,1753,416003315,1.9840277777777775
2018-06-17 00:00:00 UTC,128,1584,416000246,1.0259722222222223
2018-06-17 00:00:00 UTC,128,1581,416000246,3.7609722222222222
2018-06-17 00:00:00 UTC,128,-1796,412371191,0.59333333333333338
2018-06-17 00:00:00 UTC,128,1797,412371191,0.35569444444444442
2018-06-17 00:00:00 UTC,128,-1794,412371191,0.94430555555555573
2018-06-17 00:00:00 UTC,128,-1795,412371191,0.53111111111111109
2018-06-17 00:00:00 UTC,128,-1800,412371191,0.59569444444444453
2018-06-17 00:00:00 UTC,128,1799,412371191,0.53916666666666668
2018-06-17 00:00:00 UTC,128,-1797,412371191,0.46916666666666673
2018-06-17 00:00:00 UTC,128,1798,412371191,0.70069444444444462
2018-06-17 00:00:00 UTC,128,-1799,412371191,0.21861111111111109
2018-06-17 00:00:00 UTC,128,-175,663179000,1.4125
2018-06-17 00:00:00 UTC,128,-174,663179000,4.6551388888888878
2018-06-17 00:00:00 UTC,384,1177,412286976,3.9068055555555552
2018-06-17 00:00:00 UTC,384,1177,412287234,15.139444444444443
2018-06-17 00:00:00 UTC,384,1177,700055561,0.86152777777777778
2018-06-17 00:00:00 UTC,384,1176,700055561,1.8030555555555554
2018-06-17 00:00:00 UTC,384,1177,412286473,1.7219444444444445
2018-06-17 00:00:00 UTC,384,1176,700055567,1.0693055555555557
2018-06-17 00:00:00 UTC,384,1177,700055567,2.1887499999999998
2018-06-17 00:00:00 UTC,384,1177,412357652,0.6677777777777778
2018-06-17 00:00:00 UTC,384,1176,412286484,0.67402777777777778
2018-06-17 00:00:00 UTC,384,1177,412286484,3.950972222222223
2018-06-17 00:00:00 UTC,384,1176,412286487,0.66972222222222211
2018-06-17 00:00:00 UTC,384,1181,412287003,0.78944444444444439
2018-06-17 00:00:00 UTC,384,1177,900016667,2.9275000000000007
2018-06-17 00:00:00 UTC,384,1176,900016667,3.3834722222222222
2018-06-17 00:00:00 UTC,384,1176,412287004,1.3383333333333334
2018-06-17 00:00:00 UTC,384,1389,431007518,4.6205555555555549
2018-06-17 00:00:00 UTC,384,1180,412288544,3.3733333333333331
2018-06-17 00:00:00 UTC,384,1176,700058912,1.7629166666666669
2018-06-17 00:00:00 UTC,384,1177,700058912,1.8780555555555556
2018-06-17 00:00:00 UTC,384,1208,888820000,1.6093055555555558
2018-06-17 00:00:00 UTC,384,1207,888820000,1.0145833333333334
2018-06-17 00:00:00 UTC,384,1180,200010784,2.6486111111111112
2018-06-17 00:00:00 UTC,384,1179,200010784,1.5102777777777776
2018-06-17 00:00:00 UTC,384,1181,200010784,0.49152777777777779
2018-06-17 00:00:00 UTC,384,1176,412287009,1.1734722222222222
2018-06-17 00:00:00 UTC,384,1182,412287022,6.9784722222222229
2018-06-17 00:00:00 UTC,384,1178,700058932,0.50444444444444447
2018-06-17 00:00:00 UTC,384,1177,700058932,3.3252777777777789
2018-06-17 00:00:00 UTC,384,-288,204201270,9.20361111111111
2018-06-17 00:00:00 UTC,384,1177,700058937,0.89152777777777781
2018-06-17 00:00:00 UTC,384,1178,700058937,0.1
2018-06-17 00:00:00 UTC,384,1179,412286534,6.05125
2018-06-17 00:00:00 UTC,384,1180,412286534,7.8144444444444447
2018-06-17 00:00:00 UTC,384,1177,412287305,13.449583333333331
2018-06-17 00:00:00 UTC,384,166,247125580,0.27916666666666667
2018-06-17 00:00:00 UTC,384,167,247125580,0.27194444444444443
2018-06-17 00:00:00 UTC,384,0,224115790,0.32513888888888887
2018-06-17 00:00:00 UTC,384,1,224115790,0.61944444444444446
2018-06-17 00:00:00 UTC,384,1177,412287056,3.8169444444444447
2018-06-17 00:00:00 UTC,384,7,224069970,0.62777777777777777
2018-06-17 00:00:00 UTC,384,9,224069970,3.3969444444444452
2018-06-17 00:00:00 UTC,384,1177,412287317,6.691250000000001
2018-06-17 00:00:00 UTC,384,1176,412287317,0.058611111111111114
2018-06-17 00:00:00 UTC,384,1176,412287064,2.6415277777777777
2018-06-17 00:00:00 UTC,384,1177,412287321,0.95333333333333314
2018-06-17 00:00:00 UTC,384,1176,412287321,1.5299999999999998
2018-06-17 00:00:00 UTC,384,-3,224059230,1.0547222222222223
2018-06-17 00:00:00 UTC,384,1417,431700322,1.30375
2018-06-17 00:00:00 UTC,384,1181,412287331,0.68611111111111112
2018-06-17 00:00:00 UTC,384,1176,412060517,6.6548611111111109
2018-06-17 00:00:00 UTC,384,1415,431008613,1.5716666666666665
2018-06-17 00:00:00 UTC,384,1416,431008613,2.5216666666666665
2018-06-17 00:00:00 UTC,384,1176,412283240,11.120000000000001
2018-06-17 00:00:00 UTC,384,1177,412283240,6.6948611111111109
2018-06-17 00:00:00 UTC,384,1176,900020585,0.37541666666666673
2018-06-17 00:00:00 UTC,384,1177,900020585,1.3866666666666665
2018-06-17 00:00:00 UTC,384,1179,412287343,7.5997222222222227
2018-06-17 00:00:00 UTC,384,1180,412287343,0.28416666666666668
2018-06-17 00:00:00 UTC,384,1417,431700336,1.5576388888888888
2018-06-17 00:00:00 UTC,384,1177,234556789,1.8856944444444446
2018-06-17 00:00:00 UTC,384,1176,234556789,1.8325
2018-06-17 00:00:00 UTC,384,1418,431700342,1.5547222222222223
2018-06-17 00:00:00 UTC,384,1177,412288631,1.5752777777777778
2018-06-17 00:00:00 UTC,384,1179,800044156,21.562500000000004
2018-06-17 00:00:00 UTC,384,1180,800044156,2.4623611111111114
2018-06-17 00:00:00 UTC,384,1417,431000702,1.2959722222222221
2018-06-17 00:00:00 UTC,384,261,240368000,7.0138888888888884
2018-06-17 00:00:00 UTC,384,1177,700055681,3.4481944444444435
2018-06-17 00:00:00 UTC,384,140,247143810,5.0486111111111107
2018-06-17 00:00:00 UTC,384,1,224084620,0.55763888888888891
2018-06-17 00:00:00 UTC,384,2,224084620,0.55430555555555561
2018-06-17 00:00:00 UTC,384,-94,263290000,0.94152777777777763
2018-06-17 00:00:00 UTC,384,-93,263290000,0.57805555555555554
2018-06-17 00:00:00 UTC,384,-89,263500177,0.9375
2018-06-17 00:00:00 UTC,384,-90,263500177,0.056388888888888891
2018-06-17 00:00:00 UTC,384,1177,233456789,1.1215277777777777
2018-06-17 00:00:00 UTC,384,1176,233456789,1.5502777777777776
2018-06-17 00:00:00 UTC,384,241,239599000,0.54138888888888892
2018-06-17 00:00:00 UTC,384,242,239599000,3.0249999999999995
2018-06-17 00:00:00 UTC,384,1180,412286105,8.8368055555555536
2018-06-17 00:00:00 UTC,384,1177,412286111,7.6977777777777776
2018-06-17 00:00:00 UTC,384,1176,412286111,14.976666666666663
2018-06-17 00:00:00 UTC,384,1177,412287392,0.75166666666666671
2018-06-17 00:00:00 UTC,384,1177,412311212,2.8704166666666673
2018-06-17 00:00:00 UTC,384,-3,224090290,1.3554166666666667
2018-06-17 00:00:00 UTC,384,-744,366983090,1.0836111111111111
2018-06-17 00:00:00 UTC,384,-743,366983090,0.55375
2018-06-17 00:00:00 UTC,384,-745,366983090,1.0998611111111112
2018-06-17 00:00:00 UTC,384,-746,366983090,1.3456944444444443
2018-06-17 00:00:00 UTC,384,87,247133620,0.80972222222222223
2018-06-17 00:00:00 UTC,384,105,247147190,0.64152777777777781
2018-06-17 00:00:00 UTC,384,1337,432899000,0.75583333333333336
2018-06-17 00:00:00 UTC,384,1177,700058811,1.34
2018-06-17 00:00:00 UTC,384,1178,700058811,0.46263888888888888
2018-06-17 00:00:00 UTC,384,1177,412286655,11.502083333333333
2018-06-17 00:00:00 UTC,384,1176,412286655,12.252222222222223
2018-06-17 00:00:00 UTC,384,1176,900016840,0.46819444444444441
2018-06-17 00:00:00 UTC,384,1183,150699978,1.1668055555555557
2018-06-17 00:00:00 UTC,384,1184,150699978,6.8602777777777773
2018-06-17 00:00:00 UTC,384,1177,170100427,0.98694444444444451
2018-06-17 00:00:00 UTC,384,1176,412286157,3.3833333333333329
2018-06-17 00:00:00 UTC,384,108,247146450,0.34180555555555553
2018-06-17 00:00:00 UTC,384,105,247146450,5.1533333333333333
2018-06-17 00:00:00 UTC,384,106,247146450,1.7183333333333337
2018-06-17 00:00:00 UTC,384,107,247146450,16.130694444444444
2018-06-17 00:00:00 UTC,384,1177,234456789,0.15069444444444444
2018-06-17 00:00:00 UTC,384,1176,234456789,0.44416666666666671
2018-06-17 00:00:00 UTC,384,1177,700059095,0.581111111111111
2018-06-17 00:00:00 UTC,384,1176,700059095,0.2713888888888889
2018-06-17 00:00:00 UTC,384,168,247121370,0.3026388888888889
2018-06-17 00:00:00 UTC,384,169,247121370,4.3820833333333331
2018-06-17 00:00:00 UTC,384,167,247121370,3.4870833333333331
2018-06-17 00:00:00 UTC,384,167,247131610,0.92527777777777775
2018-06-17 00:00:00 UTC,384,106,247147230,0.94944444444444454
2018-06-17 00:00:00 UTC,384,107,247147230,4.5495833333333335
2018-06-17 00:00:00 UTC,384,105,247147230,7.0795833333333329
2018-06-17 00:00:00 UTC,384,104,247147230,2.7755555555555551
2018-06-17 00:00:00 UTC,384,1177,412286942,0.15000000000000002
2018-06-17 00:00:00 UTC,384,1176,700059104,2.4294444444444441
2018-06-17 00:00:00 UTC,384,1177,412287202,6.53375
2018-06-17 00:00:00 UTC,384,1176,412287202,5.0625
2018-06-17 00:00:00 UTC,384,87,247130850,3.494444444444444
2018-06-17 00:00:00 UTC,384,88,247130850,0.8405555555555555
2018-06-17 00:00:00 UTC,384,86,247130850,1.101388888888889
2018-06-17 00:00:00 UTC,384,1177,412287459,0.49250000000000005
2018-06-17 00:00:00 UTC,384,1176,412287459,11.445972222222222
2018-06-17 00:00:00 UTC,384,1176,700058855,0.7631944444444444
2018-06-17 00:00:00 UTC,384,1177,700058855,2.0138888888888888
2018-06-17 00:00:00 UTC,384,89,247130860,3.2415277777777778
2018-06-17 00:00:00 UTC,384,90,247130860,1.7279166666666668
2018-06-17 00:00:00 UTC,384,-3,224396270,0.25291666666666668
2018-06-17 00:00:00 UTC,384,1176,412287216,2.5415277777777776
2018-06-17 00:00:00 UTC,384,242,240854000,1.4388888888888887
2018-06-17 00:00:00 UTC,384,1176,412287218,2.646527777777778
2018-06-17 00:00:00 UTC,384,-434,224176370,1.7483333333333333
2018-06-17 00:00:00 UTC,384,1178,412287222,0.835
2018-06-17 00:00:00 UTC,384,1177,412287222,2.243611111111111
2018-06-17 00:00:00 UTC,384,1178,412287223,4.3877777777777771
2018-06-17 00:00:00 UTC,384,1177,412287223,0.50125000000000008
2018-06-17 00:00:00 UTC,384,1177,412287224,5.9368055555555559
2018-06-17 00:00:00 UTC,384,1176,412287224,0.35527777777777775
2018-06-17 00:00:00 UTC,384,1178,412287224,3.4268055555555552
2018-06-17 00:00:00 UTC,384,1177,700055548,0.56013888888888874
2018-06-17 00:00:00 UTC,384,1176,700055548,1.975
2018-06-17 00:00:00 UTC,384,0,224020990,0.10263888888888889
2018-06-17 00:00:00 UTC,384,1177,412286974,8.8749999999999982
2018-06-17 00:00:00 UTC,384,1176,412286974,0.8158333333333333
2018-06-17 00:00:00 UTC,640,-6,231039000,1.6473611111111113
2018-06-17 00:00:00 UTC,640,-7,231039000,1.5931944444444446
2018-06-17 00:00:00 UTC,640,-133,251083110,1.348611111111111
2018-06-17 00:00:00 UTC,640,57,259536000,3.4027777777777777
2018-06-17 00:00:00 UTC,640,95,257084040,0.23625000000000002
2018-06-17 00:00:00 UTC,640,93,257084040,3.1687499999999997
2018-06-17 00:00:00 UTC,640,94,257084040,0.99861111111111112
2018-06-17 00:00:00 UTC,640,-134,251049110,2.1022222222222222
2018-06-17 00:00:00 UTC,640,-6,251329000,1.4188888888888889
2018-06-17 00:00:00 UTC,640,-229,251146740,0.57527777777777778
2018-06-17 00:00:00 UTC,640,-230,251146740,2.5595833333333333
2018-06-17 00:00:00 UTC,640,-290,273242100,0.90652777777777782
2018-06-17 00:00:00 UTC,640,-297,273242100,1.7966666666666669
2018-06-17 00:00:00 UTC,640,-291,273242100,0.50263888888888886
2018-06-17 00:00:00 UTC,640,-295,273242100,1.5250000000000001
2018-06-17 00:00:00 UTC,640,-308,273242100,1.0066666666666666
2018-06-17 00:00:00 UTC,640,-301,273242100,0.32958333333333339
2018-06-17 00:00:00 UTC,640,-298,273242100,0.51750000000000007
2018-06-17 00:00:00 UTC,640,-284,273242100,1.7077777777777778
2018-06-17 00:00:00 UTC,640,-300,273242100,0.34791666666666671
2018-06-17 00:00:00 UTC,640,-282,273242100,0.57791666666666663
2018-06-17 00:00:00 UTC,640,-309,273242100,0.74611111111111117
2018-06-17 00:00:00 UTC,640,-287,273242100,0.672361111111111
2018-06-17 00:00:00 UTC,640,-307,273242100,0.27527777777777779
2018-06-17 00:00:00 UTC,640,-292,273242100,0.42666666666666664
2018-06-17 00:00:00 UTC,640,-285,273242100,0.54166666666666663
2018-06-17 00:00:00 UTC,640,-303,273242100,0.3175
2018-06-17 00:00:00 UTC,640,-294,273242100,0.46986111111111112
2018-06-17 00:00:00 UTC,640,-296,273242100,0.91027777777777785
2018-06-17 00:00:00 UTC,640,-289,273242100,0.56472222222222235
2018-06-17 00:00:00 UTC,640,-302,273242100,0.19388888888888889
2018-06-17 00:00:00 UTC,640,-293,273242100,0.24638888888888888
2018-06-17 00:00:00 UTC,640,-310,273242100,0.31180555555555556
2018-06-17 00:00:00 UTC,640,-288,273242100,0.30736111111111108
2018-06-17 00:00:00 UTC,640,-283,273242100,2.0062500000000005
2018-06-17 00:00:00 UTC,640,-306,273242100,0.12166666666666666
2018-06-17 00:00:00 UTC,-384,1790,512000777,0.25347222222222221
2018-06-17 00:00:00 UTC,-384,296,416062800,1.0704166666666666
2018-06-17 00:00:00 UTC,-384,295,416062800,0.55319444444444443
2018-06-17 00:00:00 UTC,-384,-742,725000800,1.5262499999999999
2018-06-17 00:00:00 UTC,-384,-741,725000800,0.076805555555555557
2018-06-17 00:00:00 UTC,-384,-1740,224154000,4.4481944444444448
2018-06-17 00:00:00 UTC,-384,-1741,224154000,0.65125
2018-06-17 00:00:00 UTC,-384,-1742,224154000,0.90055555555555555
2018-06-17 00:00:00 UTC,-384,-742,725002410,0.7
2018-06-17 00:00:00 UTC,-384,-761,725000690,0.99722222222222223
2018-06-17 00:00:00 UTC,-128,1695,413343000,0.7599999999999999
2018-06-17 00:00:00 UTC,-128,1696,413343000,1.0229166666666667
2018-06-17 00:00:00 UTC,-128,1698,412320026,0.82041666666666668
2018-06-17 00:00:00 UTC,-128,1695,412320026,1.7965277777777779
2018-06-17 00:00:00 UTC,-128,1710,412328758,1.6968055555555557
2018-06-17 00:00:00 UTC,-128,1694,412328761,1.1261111111111111
2018-06-17 00:00:00 UTC,-128,1695,412328761,0.83569444444444452
2018-06-17 00:00:00 UTC,-128,1706,413341000,1.3305555555555557
2018-06-17 00:00:00 UTC,-128,1708,413341000,0.76486111111111132
2018-06-17 00:00:00 UTC,-128,-36,412201809,0.7565277777777778
2018-06-17 00:00:00 UTC,-128,-37,412201809,0.58680555555555558
2018-06-17 00:00:00 UTC,-128,-35,412201809,0.51666666666666661
2018-06-17 00:00:00 UTC,-128,-39,412201809,0.69472222222222224
2018-06-17 00:00:00 UTC,-128,-33,412201809,0.8525
2018-06-17 00:00:00 UTC,-128,-31,412201809,1.3183333333333334
2018-06-17 00:00:00 UTC,-128,-34,412201809,0.48916666666666669
2018-06-17 00:00:00 UTC,-128,-38,412201809,0.50847222222222221
2018-06-17 00:00:00 UTC,-128,1691,412209233,1.0172222222222222
2018-06-17 00:00:00 UTC,-128,1687,412209233,0.50263888888888886
2018-06-17 00:00:00 UTC,-128,1689,412209233,2.4465277777777774
2018-06-17 00:00:00 UTC,-128,1692,412209233,0.65791666666666671
2018-06-17 00:00:00 UTC,-128,1688,412209233,2.0983333333333332
2018-06-17 00:00:00 UTC,-128,1690,412209233,2.1729166666666666
2018-06-17 00:00:00 UTC,-128,1697,412331103,1.8366666666666667
2018-06-17 00:00:00 UTC,-128,1693,413340000,1.0681944444444444
2018-06-17 00:00:00 UTC,-128,1694,413340000,1.0929166666666665
2018-06-17 00:00:00 UTC,-128,-1656,518000004,1.4794444444444441
2018-06-17 00:00:00 UTC,-128,-1657,518000004,3.942361111111111
2018-06-17 00:00:00 UTC,-128,1611,520172000,1.3945833333333333
2018-06-17 00:00:00 UTC,-128,-1576,416216800,1.0901388888888888
2018-06-17 00:00:00 UTC,-128,-1574,416216800,2.7506944444444446
2018-06-17 00:00:00 UTC,-128,-1575,416216800,0.76597222222222228
2018-06-17 00:00:00 UTC,-128,-1573,416216800,1.5066666666666668
2018-06-17 00:00:00 UTC,-128,-1711,518100455,0.75902777777777775
2018-06-17 00:00:00 UTC,-128,-1707,518100456,1.4716666666666665
2018-06-17 00:00:00 UTC,-128,-1710,518100456,0.85944444444444446
2018-06-17 00:00:00 UTC,-128,-1714,518100458,0.40361111111111109
2018-06-17 00:00:00 UTC,-128,-1713,518100458,1.1895833333333332
2018-06-17 00:00:00 UTC,-128,1718,412326893,1.0633333333333332
2018-06-17 00:00:00 UTC,-128,1711,412326906,0.11374999999999999
2018-06-17 00:00:00 UTC,129,-173,663039000,1.0154166666666666
2018-06-17 00:00:00 UTC,129,-174,663039000,1.6863888888888887
2018-06-17 00:00:00 UTC,129,1783,412331033,1.0672222222222223
2018-06-17 00:00:00 UTC,129,1782,412331033,3.47125
2018-06-17 00:00:00 UTC,129,1786,412331033,0.65361111111111114
2018-06-17 00:00:00 UTC,129,1778,412331033,3.0881944444444445
2018-06-17 00:00:00 UTC,129,1779,412331033,0.2147222222222222
2018-06-17 00:00:00 UTC,129,1785,412331033,2.5147222222222223
2018-06-17 00:00:00 UTC,129,1784,412331033,2.7790277777777774
2018-06-17 00:00:00 UTC,129,-173,663177000,2.0943055555555556
2018-06-17 00:00:00 UTC,129,-1769,412370007,0.033194444444444443
2018-06-17 00:00:00 UTC,129,-1773,412370007,2.5519444444444455
2018-06-17 00:00:00 UTC,129,-1772,412370007,2.5358333333333336
2018-06-17 00:00:00 UTC,129,-1771,412370007,1.8784722222222221
2018-06-17 00:00:00 UTC,129,-1770,412370007,0.41055555555555556
2018-06-17 00:00:00 UTC,129,-1682,441660000,1.7043055555555555
2018-06-17 00:00:00 UTC,129,-1675,441660000,1.5308333333333335
2018-06-17 00:00:00 UTC,129,-1677,441660000,1.6597222222222217
2018-06-17 00:00:00 UTC,129,-1674,441660000,1.0327777777777776
2018-06-17 00:00:00 UTC,129,-1679,441660000,1.5968055555555556
2018-06-17 00:00:00 UTC,129,-1680,441660000,1.4149999999999998
2018-06-17 00:00:00 UTC,129,-1678,441660000,1.8851388888888887
2018-06-17 00:00:00 UTC,129,-1681,441660000,2.8141666666666665
2018-06-17 00:00:00 UTC,129,-1676,441660000,1.5340277777777775
2018-06-17 00:00:00 UTC,129,-623,941000805,5.8218055555555548
2018-06-17 00:00:00 UTC,129,-625,941000805,3.9705555555555554
2018-06-17 00:00:00 UTC,129,1008,9114234,8.75
2018-06-17 00:00:00 UTC,129,-1588,440751000,2.4690277777777778
2018-06-17 00:00:00 UTC,129,-1587,440751000,0.94249999999999989
2018-06-17 00:00:00 UTC,129,-1665,440846000,0.59833333333333338
2018-06-17 00:00:00 UTC,129,-1663,440846000,0.55569444444444438
2018-06-17 00:00:00 UTC,129,-1667,440846000,1.2809722222222222
2018-06-17 00:00:00 UTC,129,-1668,440846000,1.651388888888889
2018-06-17 00:00:00 UTC,129,-1669,440846000,2.9866666666666668
2018-06-17 00:00:00 UTC,129,-1666,440846000,1.3761111111111108
2018-06-17 00:00:00 UTC,129,-1664,440846000,1.5991666666666662
2018-06-17 00:00:00 UTC,129,-1667,440963000,1.2001388888888889
2018-06-17 00:00:00 UTC,129,-1663,440963000,3.1268055555555558
2018-06-17 00:00:00 UTC,129,-1665,440963000,1.1968055555555557
2018-06-17 00:00:00 UTC,129,-1666,440963000,1.7241666666666666
2018-06-17 00:00:00 UTC,129,-1661,440963000,2.69875
2018-06-17 00:00:00 UTC,129,-1664,440963000,1.4513888888888891
2018-06-17 00:00:00 UTC,129,-1668,440963000,5.4275
2018-06-17 00:00:00 UTC,129,1753,416003315,1.0145833333333334
2018-06-17 00:00:00 UTC,129,1584,416000246,1.5230555555555556
2018-06-17 00:00:00 UTC,129,1581,416000246,0.19333333333333336
2018-06-17 00:00:00 UTC,129,-173,663179000,0.62986111111111109
2018-06-17 00:00:00 UTC,129,-174,663179000,1.7845833333333332
2018-06-17 00:00:00 UTC,129,-179,224587000,1.9187500000000002
2018-06-17 00:00:00 UTC,385,1176,412286976,1.0175
2018-06-17 00:00:00 UTC,385,1181,412286976,2.1297222222222221
2018-06-17 00:00:00 UTC,385,1177,412286976,1.4331944444444444
2018-06-17 00:00:00 UTC,385,1177,700055561,11.26625
2018-06-17 00:00:00 UTC,385,1176,700055561,0.20013888888888889
2018-06-17 00:00:00 UTC,385,1178,700055561,0.29847222222222219
2018-06-17 00:00:00 UTC,385,1176,700055567,0.090972222222222218
2018-06-17 00:00:00 UTC,385,1177,700055567,3.6438888888888883
2018-06-17 00:00:00 UTC,385,1177,412286484,0.64722222222222225
2018-06-17 00:00:00 UTC,385,1176,412287254,24.362638888888885
2018-06-17 00:00:00 UTC,385,1176,412286487,2.5365277777777782
2018-06-17 00:00:00 UTC,385,-743,367170840,0.31194444444444447
2018-06-17 00:00:00 UTC,385,1185,412284953,1.067638888888889
2018-06-17 00:00:00 UTC,385,1176,900016667,0.505
2018-06-17 00:00:00 UTC,385,1177,900016667,3.2279166666666672
2018-06-17 00:00:00 UTC,385,1176,412287004,1.4402777777777775
2018-06-17 00:00:00 UTC,385,1180,412288544,1.9765277777777781
2018-06-17 00:00:00 UTC,385,1181,412288544,13.26472222222222
2018-06-17 00:00:00 UTC,385,1177,700058912,0.93041666666666667
2018-06-17 00:00:00 UTC,385,1176,412287009,2.0815277777777776
2018-06-17 00:00:00 UTC,385,135,247145250,0.99861111111111112
2018-06-17 00:00:00 UTC,385,134,247145250,3.5619444444444435
2018-06-17 00:00:00 UTC,385,2,224150820,1.0054166666666666
2018-06-17 00:00:00 UTC,385,1176,412287269,2.007916666666667
2018-06-17 00:00:00 UTC,385,3,224071980,1.5720833333333335
2018-06-17 00:00:00 UTC,385,1182,412287022,16.12125
2018-06-17 00:00:00 UTC,385,1180,412287028,8.7454166666666637
2018-06-17 00:00:00 UTC,385,242,240232000,2.4170833333333337
2018-06-17 00:00:00 UTC,385,1176,412287056,5.3395833333333336
2018-06-17 00:00:00 UTC,385,1176,412283739,14.13375
2018-06-17 00:00:00 UTC,385,1241,800032096,0.73208333333333342
2018-06-17 00:00:00 UTC,385,1417,431700322,2.0373611111111112
2018-06-17 00:00:00 UTC,385,1419,431700578,5.9593055555555559
2018-06-17 00:00:00 UTC,385,1241,412000102,2.1908333333333334
2018-06-17 00:00:00 UTC,385,1419,431700327,6.5465277777777784
2018-06-17 00:00:00 UTC,385,1177,412283240,3.1018055555555555
2018-06-17 00:00:00 UTC,385,1177,900020585,2.4084722222222226
2018-06-17 00:00:00 UTC,385,1176,900020585,2.0405555555555557
2018-06-17 00:00:00 UTC,385,1184,800030059,11.395277777777778
2018-06-17 00:00:00 UTC,385,1417,431700336,1.81125
2018-06-17 00:00:00 UTC,385,-743,366920560,0.97944444444444456
2018-06-17 00:00:00 UTC,385,-742,366920560,0.68694444444444447
2018-06-17 00:00:00 UTC,385,1176,412287091,0.083055555555555549
2018-06-17 00:00:00 UTC,385,1177,234556789,2.0902777777777777
2018-06-17 00:00:00 UTC,385,1417,431700342,1.0536111111111111
2018-06-17 00:00:00 UTC,385,1418,431700342,0.2583333333333333
2018-06-17 00:00:00 UTC,385,1176,412287095,2.3040277777777782
2018-06-17 00:00:00 UTC,385,1177,412288631,0.33458333333333334
2018-06-17 00:00:00 UTC,385,1178,412287096,10.154166666666665
2018-06-17 00:00:00 UTC,385,1417,431000702,2.3918055555555555
2018-06-17 00:00:00 UTC,385,-94,263424640,1.4273611111111111
2018-06-17 00:00:00 UTC,385,1177,700055681,1.0326388888888889
2018-06-17 00:00:00 UTC,385,1420,431700099,0.75430555555555556
2018-06-17 00:00:00 UTC,385,1421,431700099,1.7841666666666665
2018-06-17 00:00:00 UTC,385,3,224084620,0.34416666666666662
2018-06-17 00:00:00 UTC,385,1,224084620,0.34152777777777782
2018-06-17 00:00:00 UTC,385,1176,800016015,13.88625
2018-06-17 00:00:00 UTC,385,-95,263290000,1.7244444444444447
2018-06-17 00:00:00 UTC,385,-94,263290000,0.58374999999999988
2018-06-17 00:00:00 UTC,385,1185,412284816,11.12527777777778
2018-06-17 00:00:00 UTC,385,1177,233456789,2.543194444444445
2018-06-17 00:00:00 UTC,385,1176,412286869,2.9136111111111109
2018-06-17 00:00:00 UTC,385,1180,412286105,14.694722222222223
2018-06-17 00:00:00 UTC,385,1240,413000602,0.86749999999999994
2018-06-17 00:00:00 UTC,385,1176,412287403,13.069861111111113
2018-06-17 00:00:00 UTC,385,-743,366983090,0.55388888888888888
2018-06-17 00:00:00 UTC,385,-742,366983090,1.9119444444444444
2018-06-17 00:00:00 UTC,385,1175,412287411,10.391666666666666
2018-06-17 00:00:00 UTC,385,1176,412287411,2.1340277777777779
2018-06-17 00:00:00 UTC,385,88,247133620,3.2445833333333329
2018-06-17 00:00:00 UTC,385,1341,432899000,3.1716666666666669
2018-06-17 00:00:00 UTC,385,1421,431700153,1.4056944444444446
2018-06-17 00:00:00 UTC,385,1180,412286653,11.372777777777779
2018-06-17 00:00:00 UTC,385,-743,367404990,25.537361111111114
2018-06-17 00:00:00 UTC,385,-742,367404990,0.75444444444444447
2018-06-17 00:00:00 UTC,385,134,215000770,6.4234722222222222
2018-06-17 00:00:00 UTC,385,1183,412333506,0.55291666666666672
2018-06-17 00:00:00 UTC,385,1182,412333506,0.4440277777777778
2018-06-17 00:00:00 UTC,385,1181,412333506,0.68819444444444444
2018-06-17 00:00:00 UTC,385,1181,412333507,7.927083333333333
2018-06-17 00:00:00 UTC,385,1176,412286917,16.667638888888888
2018-06-17 00:00:00 UTC,385,1177,900016840,1.4272222222222224
2018-06-17 00:00:00 UTC,385,1185,413266888,2.9130555555555557
2018-06-17 00:00:00 UTC,385,1177,170100427,0.78041666666666654
2018-06-17 00:00:00 UTC,385,1176,412287181,2.9347222222222218
2018-06-17 00:00:00 UTC,385,1176,234456789,1.7586111111111113
2018-06-17 00:00:00 UTC,385,1177,234456789,3.3708333333333322
2018-06-17 00:00:00 UTC,385,1180,412287446,12.641111111111115
2018-06-17 00:00:00 UTC,385,1176,700059095,0.098055555555555549
2018-06-17 00:00:00 UTC,385,1177,700059095,4.5979166666666647
2018-06-17 00:00:00 UTC,385,166,247121370,2.9212500000000006
2018-06-17 00:00:00 UTC,385,168,247121370,4.2904166666666654
2018-06-17 00:00:00 UTC,385,167,247121370,7.5804166666666664
2018-06-17 00:00:00 UTC,385,105,247147230,0.65611111111111109
2018-06-17 00:00:00 UTC,385,1177,700059104,5.2630555555555558
2018-06-17 00:00:00 UTC,385,1176,700059104,0.56208333333333349
2018-06-17 00:00:00 UTC,385,88,247130850,3.4486111111111111
2018-06-17 00:00:00 UTC,385,86,247130850,0.61527777777777781
2018-06-17 00:00:00 UTC,385,1177,700058855,3.604305555555555
2018-06-17 00:00:00 UTC,385,1176,700058855,0.11277777777777778
2018-06-17 00:00:00 UTC,385,-742,366986220,1.8937499999999998
2018-06-17 00:00:00 UTC,385,90,247130860,1.5331944444444443
2018-06-17 00:00:00 UTC,385,89,247130860,3.1097222222222221
2018-06-17 00:00:00 UTC,385,1176,412287216,1.1331944444444442
2018-06-17 00:00:00 UTC,385,-434,224176370,1.6068055555555556
2018-06-17 00:00:00 UTC,385,1177,700055548,1.2530555555555556
2018-06-17 00:00:00 UTC,385,1421,431700477,1.4916666666666665
2018-06-17 00:00:00 UTC,641,-527,331209000,18.050972222222239
2018-06-17 00:00:00 UTC,641,-528,331209000,0.24333333333333329
2018-06-17 00:00:00 UTC,641,-518,331666000,1.7094444444444445
2018-06-17 00:00:00 UTC,641,-220,251343740,1.3334722222222219
2018-06-17 00:00:00 UTC,641,-221,251343740,5.768749999999998
2018-06-17 00:00:00 UTC,641,97,257084040,2.5402777777777779
2018-06-17 00:00:00 UTC,641,94,257084040,1.42375
2018-06-17 00:00:00 UTC,641,96,257084040,7.1184722222222225
2018-06-17 00:00:00 UTC,641,95,257084040,1.0793055555555555
2018-06-17 00:00:00 UTC,641,-134,251049110,0.68152777777777784
2018-06-17 00:00:00 UTC,641,-221,251333340,7.4698611111111095
2018-06-17 00:00:00 UTC,641,-6,251329000,6.3819444444444446
2018-06-17 00:00:00 UTC,641,-220,251184110,2.0772222222222219
2018-06-17 00:00:00 UTC,641,-221,251184110,2.8329166666666667
2018-06-17 00:00:00 UTC,641,-230,251146740,2.6112499999999996
2018-06-17 00:00:00 UTC,641,-285,273242100,0.2951388888888889
2018-06-17 00:00:00 UTC,641,-290,273242100,1.3244444444444443
2018-06-17 00:00:00 UTC,641,-287,273242100,0.55083333333333329
2018-06-17 00:00:00 UTC,641,-286,273242100,0.77680555555555553
2018-06-17 00:00:00 UTC,-383,1790,512000777,3.6077777777777773
2018-06-17 00:00:00 UTC,-383,-742,725000970,2.9001388888888875
2018-06-17 00:00:00 UTC,-383,-741,725000970,1.0345833333333332
2018-06-17 00:00:00 UTC,-383,295,416062800,1.0688888888888888
2018-06-17 00:00:00 UTC,-127,1631,412500244,2.2438888888888893
2018-06-17 00:00:00 UTC,-127,1695,413343000,1.2966666666666669
2018-06-17 00:00:00 UTC,-127,1696,413343000,0.4080555555555555
2018-06-17 00:00:00 UTC,-127,1698,412320026,0.60958333333333337
2018-06-17 00:00:00 UTC,-127,1694,412320026,1.0404166666666668
2018-06-17 00:00:00 UTC,-127,1710,412328758,5.276250000000001
2018-06-17 00:00:00 UTC,-127,1694,412328761,1.9902777777777778
2018-06-17 00:00:00 UTC,-127,1708,413341000,0.43958333333333333
2018-06-17 00:00:00 UTC,-127,1706,413341000,1.8784722222222217
2018-06-17 00:00:00 UTC,-127,-37,412201809,3.8001388888888892
2018-06-17 00:00:00 UTC,-127,-40,412201809,3.481527777777778
2018-06-17 00:00:00 UTC,-127,-35,412201809,1.4394444444444443
2018-06-17 00:00:00 UTC,-127,-39,412201809,0.94375000000000009
2018-06-17 00:00:00 UTC,-127,-36,412201809,1.0627777777777778
2018-06-17 00:00:00 UTC,-127,1687,412209233,1.2937500000000002
2018-06-17 00:00:00 UTC,-127,1686,412209233,5.2147222222222211
2018-06-17 00:00:00 UTC,-127,1707,412331099,0.26430555555555557
2018-06-17 00:00:00 UTC,-127,1703,412331099,0.59527777777777791
2018-06-17 00:00:00 UTC,-127,1704,412331099,0.32333333333333336
2018-06-17 00:00:00 UTC,-127,1697,412331103,0.76180555555555551
2018-06-17 00:00:00 UTC,-127,1698,412331103,1.3270833333333334
2018-06-17 00:00:00 UTC,-127,1693,413340000,2.279722222222222
2018-06-17 00:00:00 UTC,-127,-1658,518000004,5.1983333333333333
2018-06-17 00:00:00 UTC,-127,-1657,518000004,0.47777777777777786
2018-06-17 00:00:00 UTC,-127,1610,520172000,5.2284722222222229
2018-06-17 00:00:00 UTC,-127,-1579,416216800,2.2275
2018-06-17 00:00:00 UTC,-127,-1577,416216800,2.1644444444444444
2018-06-17 00:00:00 UTC,-127,-1582,416216800,2.8929166666666664
2018-06-17 00:00:00 UTC,-127,-1578,416216800,2.6663888888888891
2018-06-17 00:00:00 UTC,-127,-1580,416216800,2.844583333333333
2018-06-17 00:00:00 UTC,-127,-1581,416216800,0.35055555555555562
2018-06-17 00:00:00 UTC,-127,-1576,416216800,1.443888888888889
2018-06-17 00:00:00 UTC,-127,-1712,518100455,0.97416666666666663
2018-06-17 00:00:00 UTC,-127,-1711,518100455,0.37111111111111111
2018-06-17 00:00:00 UTC,-127,-1711,518100456,0.68166666666666664
2018-06-17 00:00:00 UTC,-127,-1710,518100456,0.3997222222222222
2018-06-17 00:00:00 UTC,-127,-1707,518100456,5.6348611111111113
2018-06-17 00:00:00 UTC,-127,-1714,518100458,3.96375
2018-06-17 00:00:00 UTC,-127,1718,412326893,1.7230555555555556
2018-06-17 00:00:00 UTC,130,1780,412331033,0.49458333333333332
2018-06-17 00:00:00 UTC,130,1778,412331033,0.69875
2018-06-17 00:00:00 UTC,130,1781,412331033,0.54805555555555552
2018-06-17 00:00:00 UTC,130,1782,412331033,0.79972222222222211
2018-06-17 00:00:00 UTC,130,1779,412331033,0.6775
2018-06-17 00:00:00 UTC,130,1786,412331033,1.9418055555555556
2018-06-17 00:00:00 UTC,130,1777,412331033,1.28625
2018-06-17 00:00:00 UTC,130,-173,663177000,0.71791666666666665
2018-06-17 00:00:00 UTC,130,-1664,440936000,1.0333333333333332
2018-06-17 00:00:00 UTC,130,1309,200012869,2.8736111111111109
2018-06-17 00:00:00 UTC,130,-1775,412370007,3.0736111111111111
2018-06-17 00:00:00 UTC,130,-1773,412370007,0.93083333333333351
2018-06-17 00:00:00 UTC,130,-1771,412370007,0.94972222222222225
2018-06-17 00:00:00 UTC,130,-1776,412370007,1.559722222222222
2018-06-17 00:00:00 UTC,130,-1770,412370007,0.27347222222222223
2018-06-17 00:00:00 UTC,130,-1778,412370007,1.4181944444444445
2018-06-17 00:00:00 UTC,130,-1774,412370007,0.52111111111111108
2018-06-17 00:00:00 UTC,130,-1779,412370007,0.53013888888888883
2018-06-17 00:00:00 UTC,130,-1777,412370007,1.1205555555555555
2018-06-17 00:00:00 UTC,130,-625,941000805,6.9748611111111112
2018-06-17 00:00:00 UTC,130,-623,941000805,0.8325
2018-06-17 00:00:00 UTC,130,-1586,440751000,1.2470833333333331
2018-06-17 00:00:00 UTC,130,-1588,440751000,1.036111111111111
2018-06-17 00:00:00 UTC,130,-1587,440751000,0.27680555555555553
2018-06-17 00:00:00 UTC,130,-1662,440846000,2.6875
2018-06-17 00:00:00 UTC,130,-1663,440846000,0.77875
2018-06-17 00:00:00 UTC,130,1754,416003315,1.169861111111111
2018-06-17 00:00:00 UTC,130,1753,416003315,0.9393055555555555
2018-06-17 00:00:00 UTC,130,1581,416000246,4.7058333333333335
2018-06-17 00:00:00 UTC,386,208,239296000,9.2706944444444446
2018-06-17 00:00:00 UTC,386,207,239296000,0.89694444444444454
2018-06-17 00:00:00 UTC,386,1175,412288515,2.3793055555555553
2018-06-17 00:00:00 UTC,386,1176,412288515,21.474166666666665
2018-06-17 00:00:00 UTC,386,-738,366846740,11.77625
2018-06-17 00:00:00 UTC,386,-743,367170840,12.407083333333331
2018-06-17 00:00:00 UTC,386,1419,431006745,0.65833333333333321
2018-06-17 00:00:00 UTC,386,1185,412284953,0.78597222222222207
2018-06-17 00:00:00 UTC,386,-737,367788060,8.9330555555555549
2018-06-17 00:00:00 UTC,386,-738,367788060,13.102500000000001
2018-06-17 00:00:00 UTC,386,1176,412287265,6.4851388888888888
2018-06-17 00:00:00 UTC,386,1176,412287268,7.7623611111111082
2018-06-17 00:00:00 UTC,386,1176,412287277,2.9936111111111114
2018-06-17 00:00:00 UTC,386,1175,412287281,0.26361111111111113
2018-06-17 00:00:00 UTC,386,1176,412287281,8.6008333333333358
2018-06-17 00:00:00 UTC,386,1176,412287288,2.01375
2018-06-17 00:00:00 UTC,386,82,247142460,3.7602777777777785
2018-06-17 00:00:00 UTC,386,83,247142460,6.7427777777777758
2018-06-17 00:00:00 UTC,386,-740,367336020,4.9487499999999995
2018-06-17 00:00:00 UTC,386,-739,367336020,14.720416666666667
2018-06-17 00:00:00 UTC,386,1241,800032096,13.42888888888889
2018-06-17 00:00:00 UTC,386,1420,431700578,1.9916666666666667
2018-06-17 00:00:00 UTC,386,1176,412287076,8.0058333333333351
2018-06-17 00:00:00 UTC,386,1241,412000102,9.3461111111111119
2018-06-17 00:00:00 UTC,386,1420,431700327,1.9499999999999997
2018-06-17 00:00:00 UTC,386,1419,431700327,0.67486111111111113
2018-06-17 00:00:00 UTC,386,1238,412210796,0.90694444444444455
2018-06-17 00:00:00 UTC,386,1417,431700336,0.52763888888888888
2018-06-17 00:00:00 UTC,386,-742,366920560,2.5515277777777774
2018-06-17 00:00:00 UTC,386,1175,412287091,1.9143055555555557
2018-06-17 00:00:00 UTC,386,96,247143540,1.1612500000000001
2018-06-17 00:00:00 UTC,386,95,247143540,4.097083333333333
2018-06-17 00:00:00 UTC,386,-742,367432820,2.4756944444444446
2018-06-17 00:00:00 UTC,386,-743,367432820,1.0987500000000001
2018-06-17 00:00:00 UTC,386,-744,367432820,0.52583333333333337
2018-06-17 00:00:00 UTC,386,1417,431700342,1.6048611111111111
2018-06-17 00:00:00 UTC,386,1421,431700099,5.4163888888888891
2018-06-17 00:00:00 UTC,386,1420,431700099,0.89569444444444457
2018-06-17 00:00:00 UTC,386,-739,366955140,15.776527777777778
2018-06-17 00:00:00 UTC,386,-740,366955140,14.650555555555554
2018-06-17 00:00:00 UTC,386,-740,367589510,9.3237499999999986
2018-06-17 00:00:00 UTC,386,-739,367589510,3.1751388888888892
2018-06-17 00:00:00 UTC,386,-738,367589510,3.2625000000000006
2018-06-17 00:00:00 UTC,386,-95,263290000,0.067777777777777784
2018-06-17 00:00:00 UTC,386,-97,263290000,0.980138888888889
2018-06-17 00:00:00 UTC,386,-96,263290000,2.3661111111111097
2018-06-17 00:00:00 UTC,386,1185,412284816,7.7506944444444432
2018-06-17 00:00:00 UTC,386,1176,412287123,3.1908333333333334
2018-06-17 00:00:00 UTC,386,1175,412287123,0.28819444444444448
2018-06-17 00:00:00 UTC,386,-736,367379110,23.160138888888891
2018-06-17 00:00:00 UTC,386,-738,367433640,0.57097222222222221
2018-06-17 00:00:00 UTC,386,-737,367433640,23.838333333333328
2018-06-17 00:00:00 UTC,386,-750,367490480,2.2833333333333332
2018-06-17 00:00:00 UTC,386,-749,367490480,2.015138888888889
2018-06-17 00:00:00 UTC,386,1176,412286901,7.7562500000000005
2018-06-17 00:00:00 UTC,386,-738,367099830,16.592083333333335
2018-06-17 00:00:00 UTC,386,1421,431700153,5.5530555555555559
2018-06-17 00:00:00 UTC,386,1420,431700153,1.34625
2018-06-17 00:00:00 UTC,386,1185,413266888,6.7633333333333336
2018-06-17 00:00:00 UTC,386,139,247142860,1.9223611111111112
2018-06-17 00:00:00 UTC,386,1180,412286174,0.057916666666666665
2018-06-17 00:00:00 UTC,386,1179,412286174,0.6709722222222223
2018-06-17 00:00:00 UTC,386,-742,366986220,9.5838888888888878
2018-06-17 00:00:00 UTC,386,-741,366986220,0.4
2018-06-17 00:00:00 UTC,386,-740,366986220,9.86111111111111
2018-06-17 00:00:00 UTC,386,-749,367470320,2.1205555555555557
2018-06-17 00:00:00 UTC,386,-750,367470320,2.6215277777777777
2018-06-17 00:00:00 UTC,386,-434,224176370,1.9140277777777777
2018-06-17 00:00:00 UTC,386,-435,224176370,0.037083333333333329
2018-06-17 00:00:00 UTC,386,1176,413500410,0.19194444444444447
2018-06-17 00:00:00 UTC,386,1421,431700477,5.704583333333332
2018-06-17 00:00:00 UTC,386,1176,412286973,1.7977777777777781
2018-06-17 00:00:00 UTC,642,-528,331209000,3.4166666666666656
2018-06-17 00:00:00 UTC,642,-527,331209000,2.17263888888889
2018-06-17 00:00:00 UTC,642,-526,331209000,0.11777777777777777
2018-06-17 00:00:00 UTC,642,-221,251272240,3.1106944444444444
2018-06-17 00:00:00 UTC,642,-222,251804740,0.42472222222222222
2018-06-17 00:00:00 UTC,642,-226,251396440,11.405972222222221
2018-06-17 00:00:00 UTC,642,-541,331206000,0.10430555555555557
2018-06-17 00:00:00 UTC,642,-543,331206000,0.8270833333333335
2018-06-17 00:00:00 UTC,642,-544,331206000,0.10625
2018-06-17 00:00:00 UTC,642,-542,331206000,0.79625000000000012
2018-06-17 00:00:00 UTC,642,-219,251343740,1.7206944444444443
2018-06-17 00:00:00 UTC,642,98,257084040,0.826388888888889
2018-06-17 00:00:00 UTC,642,99,257084040,0.22055555555555556
2018-06-17 00:00:00 UTC,642,-128,251049110,0.10986111111111112
2018-06-17 00:00:00 UTC,642,-142,251761110,0.49541666666666667
2018-06-17 00:00:00 UTC,642,-7,251329000,3.1488888888888891
2018-06-17 00:00:00 UTC,-382,1791,512000777,1.0498611111111111
2018-06-17 00:00:00 UTC,-382,1790,512000777,0.37
2018-06-17 00:00:00 UTC,-382,1792,512000777,1.1956944444444446
2018-06-17 00:00:00 UTC,-382,-742,725000970,8.81486111111111
2018-06-17 00:00:00 UTC,-382,-743,725000970,1.9524999999999995
2018-06-17 00:00:00 UTC,-382,295,416062800,0.71138888888888885
2018-06-17 00:00:00 UTC,-126,1632,412500244,1.2670833333333333
2018-06-17 00:00:00 UTC,-126,1695,413343000,2.3183333333333325
2018-06-17 00:00:00 UTC,-126,1694,412320026,1.7295833333333333
2018-06-17 00:00:00 UTC,-126,1698,412320026,0.80499999999999994
2018-06-17 00:00:00 UTC,-126,1692,412328761,0.073472222222222217
2018-06-17 00:00:00 UTC,-126,1694,412328761,1.6279166666666667
2018-06-17 00:00:00 UTC,-126,1706,413341000,1.2015277777777778
2018-06-17 00:00:00 UTC,-126,-34,412201809,1.1106944444444444
2018-06-17 00:00:00 UTC,-126,-35,412201809,0.22402777777777777
2018-06-17 00:00:00 UTC,-126,1707,412331099,1.2031944444444442
2018-06-17 00:00:00 UTC,-126,1703,412331099,1.6031944444444441
2018-06-17 00:00:00 UTC,-126,1698,412331103,1.0316666666666667
2018-06-17 00:00:00 UTC,-126,1697,412331103,1.4386111111111111
2018-06-17 00:00:00 UTC,-126,1693,413340000,2.033611111111111
2018-06-17 00:00:00 UTC,-126,-1739,576753000,1.7979166666666666
2018-06-17 00:00:00 UTC,-126,-1738,576753000,0.98555555555555552
2018-06-17 00:00:00 UTC,-126,-1740,576753000,4.1351388888888891
2018-06-17 00:00:00 UTC,-126,-1737,576753000,0.27513888888888888
2018-06-17 00:00:00 UTC,-126,1510,432411000,0.26652777777777775
2018-06-17 00:00:00 UTC,-126,1614,520172000,4.0041666666666664
2018-06-17 00:00:00 UTC,-126,1613,520172000,0.35736111111111113
2018-06-17 00:00:00 UTC,-126,-1582,416216800,4.2401388888888887
2018-06-17 00:00:00 UTC,-126,-1581,416216800,0.22555555555555556
2018-06-17 00:00:00 UTC,-126,-1712,518100455,0.12083333333333332
2018-06-17 00:00:00 UTC,-126,-1713,518100455,1.0740277777777778
2018-06-17 00:00:00 UTC,-126,-1712,518100456,0.44138888888888889
2018-06-17 00:00:00 UTC,-126,-1711,518100456,1.6668055555555557
2018-06-17 00:00:00 UTC,-126,1718,412326893,1.6719444444444442
2018-06-17 00:00:00 UTC,131,-1665,440936000,1.4219444444444442
2018-06-17 00:00:00 UTC,131,-1664,440936000,1.8616666666666664
2018-06-17 00:00:00 UTC,131,1309,200012869,4.225138888888889
2018-06-17 00:00:00 UTC,131,-1584,440751000,0.46333333333333337
2018-06-17 00:00:00 UTC,131,-1588,440751000,0.80694444444444446
2018-06-17 00:00:00 UTC,131,-1585,440751000,1.127361111111111
2018-06-17 00:00:00 UTC,131,1582,416000246,0.27847222222222223
2018-06-17 00:00:00 UTC,131,1581,416000246,1.2556944444444444
2018-06-17 00:00:00 UTC,131,1585,416000246,2.1588888888888889
2018-06-17 00:00:00 UTC,387,208,239296000,12.581249999999999
2018-06-17 00:00:00 UTC,387,1227,412245513,1.4773611111111111
2018-06-17 00:00:00 UTC,387,1176,412288526,8.7981944444444462
2018-06-17 00:00:00 UTC,387,1176,412287248,2.9130555555555553
2018-06-17 00:00:00 UTC,387,1176,412277777,1.1362499999999998
2018-06-17 00:00:00 UTC,387,1177,412277777,1.6016666666666666
2018-06-17 00:00:00 UTC,387,-738,366846740,4.846805555555556
2018-06-17 00:00:00 UTC,387,1177,412287255,5.4627777777777773
2018-06-17 00:00:00 UTC,387,1176,412068888,11.784722222222223
2018-06-17 00:00:00 UTC,387,1175,412068888,7.9579166666666676
2018-06-17 00:00:00 UTC,387,-738,367788060,0.33291666666666664
2018-06-17 00:00:00 UTC,387,-739,367788060,2.1741666666666668
2018-06-17 00:00:00 UTC,387,1176,412286238,22.279722222222219
2018-06-17 00:00:00 UTC,387,-743,367662120,10.804444444444446
2018-06-17 00:00:00 UTC,387,1176,412286014,3.7699999999999991
2018-06-17 00:00:00 UTC,387,1175,412286014,7.0608333333333331
2018-06-17 00:00:00 UTC,387,-740,367336020,3.5277777777777777
2018-06-17 00:00:00 UTC,387,-741,367409750,21.718472222222225
2018-06-17 00:00:00 UTC,387,-740,367720280,2.7698611111111111
2018-06-17 00:00:00 UTC,387,1176,900023142,2.9093055555555551
2018-06-17 00:00:00 UTC,387,1238,412210796,1.637361111111111
2018-06-17 00:00:00 UTC,387,1175,412287092,9.4455555555555559
2018-06-17 00:00:00 UTC,387,1176,412287092,0.17055555555555557
2018-06-17 00:00:00 UTC,387,96,247143540,4.2754166666666666
2018-06-17 00:00:00 UTC,387,95,247143540,1.4980555555555555
2018-06-17 00:00:00 UTC,387,-746,367432820,4.6511111111111108
2018-06-17 00:00:00 UTC,387,1176,412288634,15.144722222222223
2018-06-17 00:00:00 UTC,387,1177,412288634,0.083472222222222225
2018-06-17 00:00:00 UTC,387,1175,412288634,0.50111111111111106
2018-06-17 00:00:00 UTC,387,1421,431700099,8.0006944444444485
2018-06-17 00:00:00 UTC,387,-98,263290000,0.48124999999999996
2018-06-17 00:00:00 UTC,387,-97,263290000,2.2790277777777774
2018-06-17 00:00:00 UTC,387,1186,412283542,1.1048611111111111
2018-06-17 00:00:00 UTC,387,1418,431700387,10.010277777777778
2018-06-17 00:00:00 UTC,387,1177,412266666,2.2345833333333327
2018-06-17 00:00:00 UTC,387,1176,412266666,1.6847222222222222
2018-06-17 00:00:00 UTC,387,-750,367490480,0.28319444444444442
2018-06-17 00:00:00 UTC,387,-738,367099830,4.563194444444445
2018-06-17 00:00:00 UTC,387,1418,431700153,1.4244444444444444
2018-06-17 00:00:00 UTC,387,1421,431700153,5.3465277777777773
2018-06-17 00:00:00 UTC,387,1176,412287425,0.083333333333333329
2018-06-17 00:00:00 UTC,387,1177,412287425,1.3368055555555554
2018-06-17 00:00:00 UTC,387,207,241005000,11.284444444444444
2018-06-17 00:00:00 UTC,387,1213,412205781,1.7315277777777778
2018-06-17 00:00:00 UTC,387,1213,412205783,1.4183333333333332
2018-06-17 00:00:00 UTC,387,-740,366986220,3.4175
2018-06-17 00:00:00 UTC,387,-435,224176370,0.36819444444444444
2018-06-17 00:00:00 UTC,387,-732,367324660,3.34875
2018-06-17 00:00:00 UTC,387,-731,367324660,17.896527777777777
2018-06-17 00:00:00 UTC,387,1421,431700477,5.9404166666666676
2018-06-17 00:00:00 UTC,643,-222,251272240,0.70125
2018-06-17 00:00:00 UTC,643,-545,331206000,3.4026388888888888
2018-06-17 00:00:00 UTC,643,-546,331206000,2.6511111111111103
2018-06-17 00:00:00 UTC,643,-544,331206000,0.79180555555555554
2018-06-17 00:00:00 UTC,643,-124,251049110,0.9259722222222222
2018-06-17 00:00:00 UTC,643,-125,251049110,2.5684722222222223
2018-06-17 00:00:00 UTC,643,-126,251049110,3.645694444444445
2018-06-17 00:00:00 UTC,643,-127,251049110,0.59972222222222216
2018-06-17 00:00:00 UTC,643,-125,251143110,1.8758333333333335
2018-06-17 00:00:00 UTC,643,-126,251143110,3.4873611111111118
2018-06-17 00:00:00 UTC,643,-142,251761110,0.88833333333333342
2018-06-17 00:00:00 UTC,643,-141,251761110,5.8259722222222239
2018-06-17 00:00:00 UTC,643,-140,251761110,6.1349999999999971
2018-06-17 00:00:00 UTC,643,-139,251761110,2.1616666666666666
2018-06-17 00:00:00 UTC,-381,-742,725000970,0.085972222222222228
2018-06-17 00:00:00 UTC,-381,-743,725000970,1.5686111111111107
2018-06-17 00:00:00 UTC,-381,295,416062800,2.528888888888889
2018-06-17 00:00:00 UTC,-381,1588,431702640,1.4522222222222223
2018-06-17 00:00:00 UTC,-381,-1734,416717000,1.2143055555555555
2018-06-17 00:00:00 UTC,-125,1632,412500244,0.70986111111111116
2018-06-17 00:00:00 UTC,-125,1630,412500244,6.7986111111111107
2018-06-17 00:00:00 UTC,-125,1594,412500245,3.2901388888888885
2018-06-17 00:00:00 UTC,-125,1695,413343000,1.465
2018-06-17 00:00:00 UTC,-125,1694,413343000,0.80861111111111128
2018-06-17 00:00:00 UTC,-125,1698,412320026,0.86055555555555552
2018-06-17 00:00:00 UTC,-125,1694,412320026,1.3418055555555555
2018-06-17 00:00:00 UTC,-125,1693,412328761,1.8815277777777775
2018-06-17 00:00:00 UTC,-125,1705,413341000,0.36430555555555555
2018-06-17 00:00:00 UTC,-125,1706,413341000,1.2906944444444446
2018-06-17 00:00:00 UTC,-125,-33,412201809,1.9033333333333333
2018-06-17 00:00:00 UTC,-125,1703,412331099,0.70277777777777783
2018-06-17 00:00:00 UTC,-125,1702,412331099,0.87708333333333321
2018-06-17 00:00:00 UTC,-125,1697,412331103,1.3777777777777778
2018-06-17 00:00:00 UTC,-125,1698,412331103,0.070555555555555552
2018-06-17 00:00:00 UTC,-125,1692,413340000,0.84236111111111123
2018-06-17 00:00:00 UTC,-125,1693,413340000,0.79666666666666663
2018-06-17 00:00:00 UTC,-125,1510,432411000,0.58569444444444441
2018-06-17 00:00:00 UTC,-125,-967,520238000,0.60611111111111116
2018-06-17 00:00:00 UTC,-125,-966,520238000,0.48541666666666661
2018-06-17 00:00:00 UTC,-125,1613,520172000,0.70847222222222228
2018-06-17 00:00:00 UTC,-125,1718,412326893,2.7683333333333331
2018-06-17 00:00:00 UTC,-125,1717,412326893,1.4193055555555554
2018-06-17 00:00:00 UTC,132,-171,412209213,1.1565277777777778
2018-06-17 00:00:00 UTC,132,-172,412209213,2.8029166666666665
2018-06-17 00:00:00 UTC,132,-1665,440936000,2.0965277777777778
2018-06-17 00:00:00 UTC,132,-1584,440751000,1.751527777777778
2018-06-17 00:00:00 UTC,132,-1588,440751000,1.2429166666666664
2018-06-17 00:00:00 UTC,132,1296,416330218,0.72041666666666671
2018-06-17 00:00:00 UTC,132,1295,416330218,5.6426388888888894
2018-06-17 00:00:00 UTC,132,1298,416330218,6.4209722222222219
2018-06-17 00:00:00 UTC,132,1582,416000246,1.3140277777777776
2018-06-17 00:00:00 UTC,132,1583,416000246,1.3030555555555554
2018-06-17 00:00:00 UTC,388,1419,431010817,2.6126388888888887
2018-06-17 00:00:00 UTC,388,1418,431010817,3.7629166666666669
2018-06-17 00:00:00 UTC,388,169,247132680,0.89
2018-06-17 00:00:00 UTC,388,1228,412245513,4.4340277777777777
2018-06-17 00:00:00 UTC,388,1227,412245513,2.4937500000000004
2018-06-17 00:00:00 UTC,388,1176,412288526,1.2923611111111108
2018-06-17 00:00:00 UTC,388,1177,412277777,1.0899999999999999
2018-06-17 00:00:00 UTC,388,-743,367662120,7.5036111111111108
2018-06-17 00:00:00 UTC,388,38,224241730,5.8456944444444439
2018-06-17 00:00:00 UTC,388,1324,413178182,9.2359722222222214
2018-06-17 00:00:00 UTC,388,1219,423347547,1.0152777777777777
2018-06-17 00:00:00 UTC,388,1218,423347547,1.6088888888888884
2018-06-17 00:00:00 UTC,388,96,247143540,0.937361111111111
2018-06-17 00:00:00 UTC,388,97,247143540,1.2002777777777778
2018-06-17 00:00:00 UTC,388,-748,367432820,0.85430555555555554
2018-06-17 00:00:00 UTC,388,-747,367432820,1.162638888888889
2018-06-17 00:00:00 UTC,388,-746,367432820,0.68333333333333335
2018-06-17 00:00:00 UTC,388,1176,412288634,1.7466666666666664
2018-06-17 00:00:00 UTC,388,1421,431700099,6.0368055555555564
2018-06-17 00:00:00 UTC,388,-729,367716240,8.6869444444444444
2018-06-17 00:00:00 UTC,388,-737,366860960,0.78166666666666673
2018-06-17 00:00:00 UTC,388,1419,431700387,10.418888888888889
2018-06-17 00:00:00 UTC,388,1418,431700387,2.1165277777777778
2018-06-17 00:00:00 UTC,388,1329,412110002,13.302916666666667
2018-06-17 00:00:00 UTC,388,1421,431700153,5.6448611111111111
2018-06-17 00:00:00 UTC,388,1418,431700153,0.79208333333333325
2018-06-17 00:00:00 UTC,388,38,224122560,14.084999999999999
2018-06-17 00:00:00 UTC,388,39,224122560,11.969027777777777
2018-06-17 00:00:00 UTC,388,41,224122560,4.9520833333333325
2018-06-17 00:00:00 UTC,388,37,224122560,6.3738888888888878
2018-06-17 00:00:00 UTC,388,1176,412287425,0.17124999999999999
2018-06-17 00:00:00 UTC,388,1177,412287425,0.2713888888888889
2018-06-17 00:00:00 UTC,388,1392,431008707,0.33430555555555552
2018-06-17 00:00:00 UTC,388,1420,431010512,3.4413888888888886
2018-06-17 00:00:00 UTC,388,1419,431010517,5.7097222222222221
2018-06-17 00:00:00 UTC,388,1213,412205781,23.456388888888888
2018-06-17 00:00:00 UTC,388,1213,412205783,1.7230555555555553
2018-06-17 00:00:00 UTC,388,1181,800049122,4.265833333333334
2018-06-17 00:00:00 UTC,388,1180,800049122,2.4343055555555559
2018-06-17 00:00:00 UTC,388,1183,800049122,0.25486111111111109
2018-06-17 00:00:00 UTC,388,1182,800049122,0.65125
2018-06-17 00:00:00 UTC,388,264,239222000,11.441527777777779
2018-06-17 00:00:00 UTC,388,1421,431700477,6.5422222222222235
2018-06-17 00:00:00 UTC,644,-358,231004000,3.3381944444444445
2018-06-17 00:00:00 UTC,644,-354,231004000,0.27305555555555555
2018-06-17 00:00:00 UTC,644,-356,231004000,3.9345833333333329
2018-06-17 00:00:00 UTC,644,-357,231004000,5.029166666666665
2018-06-17 00:00:00 UTC,644,-355,231004000,3.0127777777777784
2018-06-17 00:00:00 UTC,644,-545,331206000,2.4516666666666667
2018-06-17 00:00:00 UTC,644,-126,251049110,1.4241666666666668
2018-06-17 00:00:00 UTC,644,-124,251049110,1.4391666666666669
2018-06-17 00:00:00 UTC,644,-123,251049110,1.7030555555555553
2018-06-17 00:00:00 UTC,644,-125,251049110,5.9441666666666677
2018-06-17 00:00:00 UTC,644,-122,251049110,0.30069444444444443
2018-06-17 00:00:00 UTC,644,97,257465500,0.26472222222222219
2018-06-17 00:00:00 UTC,644,98,257465500,3.5037499999999993
2018-06-17 00:00:00 UTC,644,-124,251143110,1.6147222222222224
2018-06-17 00:00:00 UTC,644,-125,251143110,7.9420833333333345
2018-06-17 00:00:00 UTC,644,-126,251143110,3.0819444444444439
2018-06-17 00:00:00 UTC,644,-123,251143110,0.52375
2018-06-17 00:00:00 UTC,-380,294,416062800,1.5765277777777778
2018-06-17 00:00:00 UTC,-380,293,416062800,1.1854166666666666
2018-06-17 00:00:00 UTC,-380,1588,431702640,1.1779166666666665
2018-06-17 00:00:00 UTC,-380,-1734,416717000,1.9719444444444441
2018-06-17 00:00:00 UTC,-124,1629,412500244,0.5065277777777778
2018-06-17 00:00:00 UTC,-124,1630,412500244,1.4251388888888892
2018-06-17 00:00:00 UTC,-124,1632,412500244,1.2094444444444445
2018-06-17 00:00:00 UTC,-124,1593,412500245,2.7180555555555559
2018-06-17 00:00:00 UTC,-124,1592,412500245,3.1356944444444443
2018-06-17 00:00:00 UTC,-124,1695,413343000,1.4256944444444444
2018-06-17 00:00:00 UTC,-124,1694,412320026,2.5452777777777778
2018-06-17 00:00:00 UTC,-124,1693,412328761,1.8831944444444444
2018-06-17 00:00:00 UTC,-124,1706,413341000,0.77125
2018-06-17 00:00:00 UTC,-124,1705,413341000,3.1111111111111116
2018-06-17 00:00:00 UTC,-124,-43,412201808,0.79291666666666671
2018-06-17 00:00:00 UTC,-124,-44,412201808,3.2155555555555555
2018-06-17 00:00:00 UTC,-124,-41,412201808,0.59152777777777776
2018-06-17 00:00:00 UTC,-124,-42,412201808,0.65250000000000008
2018-06-17 00:00:00 UTC,-124,-39,412201808,0.77152777777777781
2018-06-17 00:00:00 UTC,-124,-40,412201808,0.65777777777777768
2018-06-17 00:00:00 UTC,-124,1702,412331099,1.1613888888888888
2018-06-17 00:00:00 UTC,-124,1701,412331099,4.3756944444444441
2018-06-17 00:00:00 UTC,-124,1697,412331103,1.7476388888888887
2018-06-17 00:00:00 UTC,-124,1692,413340000,1.4669444444444444
2018-06-17 00:00:00 UTC,-124,1693,413340000,0.43763888888888891
2018-06-17 00:00:00 UTC,-124,1510,432411000,0.13388888888888889
2018-06-17 00:00:00 UTC,-124,-1556,416000476,1.5973611111111112
2018-06-17 00:00:00 UTC,-124,1613,520172000,0.87
2018-06-17 00:00:00 UTC,133,-250,224531000,6.9322222222222232
2018-06-17 00:00:00 UTC,133,-172,412209211,2.5791666666666666
2018-06-17 00:00:00 UTC,133,-171,412209211,3.189166666666666
2018-06-17 00:00:00 UTC,133,-171,412209212,2.3520833333333333
2018-06-17 00:00:00 UTC,133,-173,412209213,1.658611111111111
2018-06-17 00:00:00 UTC,133,-172,412209213,2.4793055555555559
2018-06-17 00:00:00 UTC,133,-1666,440936000,2.2727777777777773
2018-06-17 00:00:00 UTC,133,-1025,412209003,1.0945833333333335
2018-06-17 00:00:00 UTC,133,-1557,431663000,1.2054166666666668
2018-06-17 00:00:00 UTC,133,-1556,431663000,1.1320833333333333
2018-06-17 00:00:00 UTC,133,1299,416330218,5.8748611111111106
2018-06-17 00:00:00 UTC,133,1584,416000246,2.149027777777778
2018-06-17 00:00:00 UTC,133,1585,416000246,1.7791666666666668
2018-06-17 00:00:00 UTC,133,1583,416000246,1.7590277777777779
2018-06-17 00:00:00 UTC,389,266,240384000,7.9399999999999995
2018-06-17 00:00:00 UTC,389,1418,431010817,25.012916666666666
2018-06-17 00:00:00 UTC,389,1419,431010817,1.8083333333333336
2018-06-17 00:00:00 UTC,389,169,247132680,0.31819444444444445
2018-06-17 00:00:00 UTC,389,1233,412204049,7.8965277777777789
2018-06-17 00:00:00 UTC,389,1232,412204049,0.3923611111111111
2018-06-17 00:00:00 UTC,389,1420,431006745,4.6262499999999989
2018-06-17 00:00:00 UTC,389,1420,431006746,4.6198611111111116
2018-06-17 00:00:00 UTC,389,1233,412200228,1.9166666666666667
2018-06-17 00:00:00 UTC,389,1232,412200228,0.50930555555555546
2018-06-17 00:00:00 UTC,389,1233,412200229,9.9038888888888881
2018-06-17 00:00:00 UTC,389,1232,412200229,0.50777777777777777
2018-06-17 00:00:00 UTC,389,1234,150203711,0.84944444444444445
2018-06-17 00:00:00 UTC,389,1234,150203712,0.79708333333333337
2018-06-17 00:00:00 UTC,389,1235,150203712,5.2573611111111109
2018-06-17 00:00:00 UTC,389,1233,412203601,9.8859722222222235
2018-06-17 00:00:00 UTC,389,1232,412203601,0.26166666666666666
2018-06-17 00:00:00 UTC,389,1218,423347547,16.3775
2018-06-17 00:00:00 UTC,389,1219,423347547,2.2477777777777774
2018-06-17 00:00:00 UTC,389,1233,412203623,8.9812500000000011
2018-06-17 00:00:00 UTC,389,1232,412203623,0.25888888888888889
2018-06-17 00:00:00 UTC,389,1419,431009902,0.51652777777777781
2018-06-17 00:00:00 UTC,389,1233,412203653,9.7806944444444444
2018-06-17 00:00:00 UTC,389,1232,412203653,0.26208333333333333
2018-06-17 00:00:00 UTC,389,1217,912113290,0.1736111111111111
2018-06-17 00:00:00 UTC,389,1216,912113290,12.511388888888888
2018-06-17 00:00:00 UTC,389,1234,700054429,0.93583333333333329
2018-06-17 00:00:00 UTC,389,-736,366860960,6.6954166666666666
2018-06-17 00:00:00 UTC,389,-737,366860960,4.3572222222222221
2018-06-17 00:00:00 UTC,389,1234,700054443,0.54486111111111113
2018-06-17 00:00:00 UTC,389,1235,700054443,16.954166666666669
2018-06-17 00:00:00 UTC,389,1228,412203437,5.4709722222222226
2018-06-17 00:00:00 UTC,389,1328,412110002,2.5081944444444444
2018-06-17 00:00:00 UTC,389,1420,431010512,1.9258333333333333
2018-06-17 00:00:00 UTC,389,1219,800044503,3.9830555555555556
2018-06-17 00:00:00 UTC,389,-726,368055000,7.2816666666666672
2018-06-17 00:00:00 UTC,389,-725,368055000,12.475694444444441
2018-06-17 00:00:00 UTC,389,-749,367552480,0.72166666666666668
2018-06-17 00:00:00 UTC,389,-750,367552480,0.94944444444444454
2018-06-17 00:00:00 UTC,389,1183,800049122,0.49736111111111103
2018-06-17 00:00:00 UTC,389,1234,412200419,8.2461111111111123
2018-06-17 00:00:00 UTC,389,266,239222000,4.2922222222222226
2018-06-17 00:00:00 UTC,389,1232,412202751,11.780277777777778
2018-06-17 00:00:00 UTC,645,-5,273297700,0.4613888888888889
2018-06-17 00:00:00 UTC,645,-8,273297700,0.517638888888889
2018-06-17 00:00:00 UTC,645,-6,273297700,5.5858333333333343
2018-06-17 00:00:00 UTC,645,-7,273297700,5.7440277777777773
2018-06-17 00:00:00 UTC,645,-7,273377320,0.60416666666666674
2018-06-17 00:00:00 UTC,645,-6,273377320,0.40333333333333332
2018-06-17 00:00:00 UTC,645,91,257225000,0.55680555555555555
2018-06-17 00:00:00 UTC,645,88,257225000,0.2738888888888889
2018-06-17 00:00:00 UTC,645,90,257225000,1.0791666666666666
2018-06-17 00:00:00 UTC,645,89,257225000,0.5790277777777777
2018-06-17 00:00:00 UTC,645,87,257225000,0.33611111111111114
2018-06-17 00:00:00 UTC,645,-304,331119000,0.69611111111111112
2018-06-17 00:00:00 UTC,645,-8,273298600,1.8266666666666667
2018-06-17 00:00:00 UTC,645,-228,251336110,3.0401388888888885
2018-06-17 00:00:00 UTC,645,-231,251336110,2.0936111111111115
2018-06-17 00:00:00 UTC,645,-227,251336110,0.14861111111111114
2018-06-17 00:00:00 UTC,645,-230,251336110,3.48875
2018-06-17 00:00:00 UTC,645,-229,251336110,2.936666666666667
2018-06-17 00:00:00 UTC,645,-122,251143110,2.2116666666666669
2018-06-17 00:00:00 UTC,645,-123,251143110,1.0006944444444446
2018-06-17 00:00:00 UTC,645,-121,251143110,1.0827777777777778
2018-06-17 00:00:00 UTC,-379,295,416062800,3.3019444444444446
2018-06-17 00:00:00 UTC,-379,296,416062800,1.5159722222222223
2018-06-17 00:00:00 UTC,-379,1588,431702640,2.0806944444444446
2018-06-17 00:00:00 UTC,-379,290,416826000,2.2883333333333336
2018-06-17 00:00:00 UTC,-379,-1733,416717000,0.033472222222222223
2018-06-17 00:00:00 UTC,-379,-1734,416717000,1.8627777777777776
2018-06-17 00:00:00 UTC,-123,1629,412500244,1.2606944444444446
2018-06-17 00:00:00 UTC,-123,1695,413343000,0.11611111111111111
2018-06-17 00:00:00 UTC,-123,1694,413343000,1.3436111111111109
2018-06-17 00:00:00 UTC,-123,1694,412320026,3.2895833333333333
2018-06-17 00:00:00 UTC,-123,1692,412328761,0.59291666666666665
2018-06-17 00:00:00 UTC,-123,1693,412328761,1.66875
2018-06-17 00:00:00 UTC,-123,-40,412201808,0.9925
2018-06-17 00:00:00 UTC,-123,-39,412201808,0.45986111111111111
2018-06-17 00:00:00 UTC,-123,-41,412201808,3.9259722222222218
2018-06-17 00:00:00 UTC,-123,-38,412201808,3.1826388888888886
2018-06-17 00:00:00 UTC,-123,1697,412331103,4.260416666666667
2018-06-17 00:00:00 UTC,-123,1692,413340000,2.6466666666666665
2018-06-17 00:00:00 UTC,-123,-1560,416000476,0.76472222222222241
2018-06-17 00:00:00 UTC,-123,-1559,416000476,0.75736111111111115
2018-06-17 00:00:00 UTC,-123,-1562,416000476,0.79847222222222225
2018-06-17 00:00:00 UTC,-123,-1558,416000476,0.95319444444444434
2018-06-17 00:00:00 UTC,-123,-1557,416000476,0.62944444444444447
2018-06-17 00:00:00 UTC,-123,-1564,416000476,3.0036111111111112
2018-06-17 00:00:00 UTC,-123,-1561,416000476,0.67277777777777792
2018-06-17 00:00:00 UTC,-123,-1563,416000476,0.77416666666666667
2018-06-17 00:00:00 UTC,-123,-1556,416000476,2.7822222222222219
2018-06-17 00:00:00 UTC,-123,1613,520172000,0.23986111111111111
2018-06-17 00:00:00 UTC,134,-172,412209202,5.52736111111111
2018-06-17 00:00:00 UTC,134,-173,412209202,2.2530555555555556
2018-06-17 00:00:00 UTC,134,-171,412209202,5.0108333333333341
2018-06-17 00:00:00 UTC,134,-1624,440595000,5.2980555555555542
2018-06-17 00:00:00 UTC,134,-171,412209209,14.73902777777778
2018-06-17 00:00:00 UTC,134,-174,412209211,1.4379166666666667
2018-06-17 00:00:00 UTC,134,-173,412209211,3.4070833333333339
2018-06-17 00:00:00 UTC,134,-171,412209211,6.4568055555555555
2018-06-17 00:00:00 UTC,134,-172,412209211,2.5884722222222227
2018-06-17 00:00:00 UTC,134,-170,412209211,0.32208333333333333
2018-06-17 00:00:00 UTC,134,-171,412209212,8.6918055555555558
2018-06-17 00:00:00 UTC,134,-173,412209212,0.70041666666666669
2018-06-17 00:00:00 UTC,134,-172,412209212,1.7616666666666667
2018-06-17 00:00:00 UTC,134,-170,412209212,1.0295833333333335
2018-06-17 00:00:00 UTC,134,-173,412209213,4.2331944444444449
2018-06-17 00:00:00 UTC,134,-172,412209213,3.2738888888888895
2018-06-17 00:00:00 UTC,134,-1670,440936000,0.65083333333333337
2018-06-17 00:00:00 UTC,134,-1666,440936000,0.81291666666666673
2018-06-17 00:00:00 UTC,134,-1667,440936000,1.2663888888888888
2018-06-17 00:00:00 UTC,134,-1027,412209003,3.3933333333333335
2018-06-17 00:00:00 UTC,134,-1025,412209003,4.474166666666668
2018-06-17 00:00:00 UTC,134,-1559,431663000,0.91583333333333328
2018-06-17 00:00:00 UTC,134,-1570,431663000,1.7070833333333333
2018-06-17 00:00:00 UTC,134,-1558,431663000,1.8756944444444441
2018-06-17 00:00:00 UTC,390,1233,412204049,0.28333333333333333
2018-06-17 00:00:00 UTC,390,1232,413088788,0.83458333333333323
2018-06-17 00:00:00 UTC,390,1,224055830,1.2922222222222222
2018-06-17 00:00:00 UTC,390,1232,412200228,1.3295833333333331
2018-06-17 00:00:00 UTC,390,1233,412200228,1.8919444444444444
2018-06-17 00:00:00 UTC,390,1233,412200229,0.77833333333333332
2018-06-17 00:00:00 UTC,390,1234,150203711,10.15125
2018-06-17 00:00:00 UTC,390,1234,150203712,1.3433333333333333
2018-06-17 00:00:00 UTC,390,1234,150203713,0.92569444444444438
2018-06-17 00:00:00 UTC,390,145,247147590,10.705416666666668
2018-06-17 00:00:00 UTC,390,145,256000330,0.71388888888888891
2018-06-17 00:00:00 UTC,390,1233,412203601,0.25416666666666665
2018-06-17 00:00:00 UTC,390,232,239420000,9.2655555555555562
2018-06-17 00:00:00 UTC,390,1232,412203623,1.2009722222222221
2018-06-17 00:00:00 UTC,390,1233,412203623,0.90930555555555548
2018-06-17 00:00:00 UTC,390,1231,412203623,5.7729166666666663
2018-06-17 00:00:00 UTC,390,1178,412284291,1.7102777777777778
2018-06-17 00:00:00 UTC,390,1177,412284291,4.5790277777777781
2018-06-17 00:00:00 UTC,390,1233,412203653,0.2575
2018-06-17 00:00:00 UTC,390,1235,700054429,14.177777777777775
2018-06-17 00:00:00 UTC,390,1234,700054429,1.4475
2018-06-17 00:00:00 UTC,390,1185,412285351,0.20055555555555557
2018-06-17 00:00:00 UTC,390,1186,412285351,1.5837499999999998
2018-06-17 00:00:00 UTC,390,1234,700054443,1.5881944444444445
2018-06-17 00:00:00 UTC,390,1328,412110002,1.3833333333333333
2018-06-17 00:00:00 UTC,390,1327,412110002,2.1893055555555554
2018-06-17 00:00:00 UTC,390,1240,412210615,6.8644444444444446
2018-06-17 00:00:00 UTC,390,1238,412210615,1.9381944444444446
2018-06-17 00:00:00 UTC,390,1239,412210615,1.0723611111111111
2018-06-17 00:00:00 UTC,390,1241,412210615,0.33680555555555558
2018-06-17 00:00:00 UTC,390,1232,412203721,14.229305555555555
2018-06-17 00:00:00 UTC,390,1233,412203725,0.51055555555555565
2018-06-17 00:00:00 UTC,390,1232,412203725,1.33875
2018-06-17 00:00:00 UTC,390,1234,412203725,6.0195833333333342
2018-06-17 00:00:00 UTC,390,1178,413788373,4.8886111111111106
2018-06-17 00:00:00 UTC,390,1177,413788373,1.8334722222222222
2018-06-17 00:00:00 UTC,390,1219,800044503,2.3601388888888892
2018-06-17 00:00:00 UTC,390,-738,367071450,0.8584722222222223
2018-06-17 00:00:00 UTC,390,147,247146970,0.41805555555555551
2018-06-17 00:00:00 UTC,390,1211,800047322,5.4948611111111108
2018-06-17 00:00:00 UTC,390,1232,413088988,0.30694444444444446
2018-06-17 00:00:00 UTC,390,1,224015590,0.9655555555555555
2018-06-17 00:00:00 UTC,390,2,224015590,0.52763888888888888
2018-06-17 00:00:00 UTC,390,36,224106220,2.8718055555555555
2018-06-17 00:00:00 UTC,390,1226,412203759,12.781666666666668
2018-06-17 00:00:00 UTC,390,266,239222000,0.26375
2018-06-17 00:00:00 UTC,390,1231,412202751,0.2713888888888889
2018-06-17 00:00:00 UTC,646,-239,251584540,0.53875000000000006
2018-06-17 00:00:00 UTC,646,-9,273297700,0.81111111111111112
2018-06-17 00:00:00 UTC,646,-8,273297700,2.1480555555555556
2018-06-17 00:00:00 UTC,646,-10,273297700,1.683472222222222
2018-06-17 00:00:00 UTC,646,-7,273297700,1.5120833333333332
2018-06-17 00:00:00 UTC,646,-9,273377320,1.1961111111111111
2018-06-17 00:00:00 UTC,646,-8,273377320,1.2079166666666667
2018-06-17 00:00:00 UTC,646,89,257225000,4.7208333333333332
2018-06-17 00:00:00 UTC,646,90,257225000,3.2295833333333333
2018-06-17 00:00:00 UTC,646,91,257225000,1.1294444444444443
2018-06-17 00:00:00 UTC,646,88,257225000,3.2862500000000003
2018-06-17 00:00:00 UTC,646,87,257225000,3.04375
2018-06-17 00:00:00 UTC,646,104,257779500,5.3227777777777776
2018-06-17 00:00:00 UTC,646,103,257779500,4.8201388888888888
2018-06-17 00:00:00 UTC,646,-304,331119000,0.61638888888888888
2018-06-17 00:00:00 UTC,646,-305,331119000,1.3379166666666666
2018-06-17 00:00:00 UTC,646,-10,273298600,1.8576388888888888
2018-06-17 00:00:00 UTC,646,-9,273298600,1.1776388888888889
2018-06-17 00:00:00 UTC,646,-8,273298600,10.129722222222222
2018-06-17 00:00:00 UTC,646,-7,273298600,1.2337500000000001
2018-06-17 00:00:00 UTC,646,-231,251336110,1.425
2018-06-17 00:00:00 UTC,646,-228,251336110,6.69666666666667
2018-06-17 00:00:00 UTC,646,-227,251336110,0.57861111111111108
2018-06-17 00:00:00 UTC,646,-232,251336110,0.55986111111111114
2018-06-17 00:00:00 UTC,646,-120,251143110,0.79805555555555552
2018-06-17 00:00:00 UTC,646,-121,251143110,0.50708333333333333
2018-06-17 00:00:00 UTC,-378,296,416062800,0.39361111111111113
2018-06-17 00:00:00 UTC,-378,297,416062800,1.6383333333333336
2018-06-17 00:00:00 UTC,-378,1587,431702640,2.2122222222222221
2018-06-17 00:00:00 UTC,-378,290,416826000,2.6872222222222217
2018-06-17 00:00:00 UTC,-378,-1733,416717000,0.9123611111111114
2018-06-17 00:00:00 UTC,-122,134,603100164,2.0926388888888892
2018-06-17 00:00:00 UTC,-122,133,224069140,2.2805555555555554
2018-06-17 00:00:00 UTC,-122,1628,412500244,4.7744444444444447
2018-06-17 00:00:00 UTC,-122,1592,412500245,10.140972222222222
2018-06-17 00:00:00 UTC,-122,1695,413343000,0.39444444444444438
2018-06-17 00:00:00 UTC,-122,1694,413343000,4.4009722222222223
2018-06-17 00:00:00 UTC,-122,1693,412320026,2.32
2018-06-17 00:00:00 UTC,-122,1694,412320026,2.0598611111111111
2018-06-17 00:00:00 UTC,-122,1692,412328761,1.8162500000000001
2018-06-17 00:00:00 UTC,-122,1693,412328761,2.3369444444444443
2018-06-17 00:00:00 UTC,-122,-39,412201808,2.2318055555555554
2018-06-17 00:00:00 UTC,-122,-38,412201808,2.7641666666666667
2018-06-17 00:00:00 UTC,-122,-37,412201808,2.8109722222222224
2018-06-17 00:00:00 UTC,-122,1692,413340000,3.3731944444444446
2018-06-17 00:00:00 UTC,-122,133,224175000,3.4527777777777775
2018-06-17 00:00:00 UTC,-122,-1558,416000476,1.3333333333333333
2018-06-17 00:00:00 UTC,-122,-1562,416000476,3.6016666666666666
2018-06-17 00:00:00 UTC,-122,-1557,416000476,0.58083333333333331
2018-06-17 00:00:00 UTC,-122,-1559,416000476,1.1427777777777777
2018-06-17 00:00:00 UTC,-122,-1561,416000476,1.0884722222222223
2018-06-17 00:00:00 UTC,-122,-1556,416000476,1.8472222222222219
2018-06-17 00:00:00 UTC,-122,-1560,416000476,1.5233333333333332
2018-06-17 00:00:00 UTC,135,-173,412209202,2.9080555555555558
2018-06-17 00:00:00 UTC,135,-170,412209202,2.1002777777777775
2018-06-17 00:00:00 UTC,135,-171,412209202,2.7551388888888888
2018-06-17 00:00:00 UTC,135,-172,412209202,0.0788888888888889
2018-06-17 00:00:00 UTC,135,-171,412209209,10.020277777777777
2018-06-17 00:00:00 UTC,135,-170,412209211,1.636527777777778
2018-06-17 00:00:00 UTC,135,-171,412209211,1.4909722222222221
2018-06-17 00:00:00 UTC,135,-173,412209212,0.73875
2018-06-17 00:00:00 UTC,135,-170,412209212,5.4241666666666646
2018-06-17 00:00:00 UTC,135,-171,412209212,3.2926388888888889
2018-06-17 00:00:00 UTC,135,-172,412209212,1.6041666666666667
2018-06-17 00:00:00 UTC,135,-173,412209213,1.4031944444444444
2018-06-17 00:00:00 UTC,135,-172,412209213,0.38027777777777777
2018-06-17 00:00:00 UTC,135,-1667,440936000,1.7031944444444438
2018-06-17 00:00:00 UTC,135,-1025,412209003,3.2531944444444449
2018-06-17 00:00:00 UTC,135,-1028,412209003,1.3258333333333334
2018-06-17 00:00:00 UTC,135,-1026,412209003,1.7693055555555555
2018-06-17 00:00:00 UTC,135,-1024,412209003,0.19027777777777777
2018-06-17 00:00:00 UTC,135,-1027,412209003,8.3345833333333346
2018-06-17 00:00:00 UTC,135,-1588,440751000,0.3084722222222222
2018-06-17 00:00:00 UTC,135,-1589,440751000,0.68194444444444446
2018-06-17 00:00:00 UTC,135,-1562,431663000,0.78736111111111107
2018-06-17 00:00:00 UTC,135,-1559,431663000,0.76750000000000007
2018-06-17 00:00:00 UTC,135,-1560,431663000,4.3090277777777777
2018-06-17 00:00:00 UTC,135,-1563,431663000,0.25805555555555554
2018-06-17 00:00:00 UTC,135,-1570,431663000,1.0051388888888888
2018-06-17 00:00:00 UTC,135,-1654,440705000,1.4016666666666666
2018-06-17 00:00:00 UTC,135,-1653,440705000,2.37625
2018-06-17 00:00:00 UTC,135,-1657,440705000,1.2965277777777777
2018-06-17 00:00:00 UTC,135,-1655,440705000,1.2727777777777778
2018-06-17 00:00:00 UTC,135,-1658,440705000,4.353194444444445
2018-06-17 00:00:00 UTC,135,-1656,440705000,1.5520833333333333
2018-06-17 00:00:00 UTC,135,-1651,440705000,2.8234722222222222
2018-06-17 00:00:00 UTC,391,228,237994000,1.5026388888888889
2018-06-17 00:00:00 UTC,391,1232,413088788,15.861666666666666
2018-06-17 00:00:00 UTC,391,1232,413988887,7.4273611111111117
2018-06-17 00:00:00 UTC,391,1189,412285464,22.016805555555568
2018-06-17 00:00:00 UTC,391,1232,412200228,8.9256944444444457
2018-06-17 00:00:00 UTC,391,1233,412200228,2.5247222222222216
2018-06-17 00:00:00 UTC,391,234,239400000,0.15402777777777779
2018-06-17 00:00:00 UTC,391,1420,431010125,1.0219444444444443
2018-06-17 00:00:00 UTC,391,1421,431010125,0.51263888888888887
2018-06-17 00:00:00 UTC,391,234,239420000,4.8805555555555555
2018-06-17 00:00:00 UTC,391,1232,412203623,6.0284722222222218
2018-06-17 00:00:00 UTC,391,1211,800044395,10.352638888888887
2018-06-17 00:00:00 UTC,391,1212,800044395,3.3827777777777777
2018-06-17 00:00:00 UTC,391,1188,810080154,1.9456944444444442
2018-06-17 00:00:00 UTC,391,235,239097000,0.29986111111111113
2018-06-17 00:00:00 UTC,391,1327,412110002,4.0915277777777774
2018-06-17 00:00:00 UTC,391,1232,412203721,9.7797222222222224
2018-06-17 00:00:00 UTC,391,1233,412203725,1.45375
2018-06-17 00:00:00 UTC,391,1232,412203725,0.66555555555555546
2018-06-17 00:00:00 UTC,391,-738,367071450,20.504166666666666
2018-06-17 00:00:00 UTC,391,1211,800047322,2.8744444444444444
2018-06-17 00:00:00 UTC,391,1232,413088988,17.219166666666666
2018-06-17 00:00:00 UTC,391,233,237995000,18.728472222222223
2018-06-17 00:00:00 UTC,391,1420,431010044,1.2880555555555555
2018-06-17 00:00:00 UTC,647,-238,251584540,3.1259722222222219
2018-06-17 00:00:00 UTC,647,-10,273297700,1.1481944444444445
2018-06-17 00:00:00 UTC,647,-9,273297700,1.5294444444444444
2018-06-17 00:00:00 UTC,647,-11,273297700,1.8652777777777778
2018-06-17 00:00:00 UTC,647,-12,273297700,0.50208333333333333
2018-06-17 00:00:00 UTC,647,-10,273377320,0.8815277777777778
2018-06-17 00:00:00 UTC,647,-11,273377320,0.77333333333333332
2018-06-17 00:00:00 UTC,647,104,257779500,0.35736111111111113
2018-06-17 00:00:00 UTC,647,103,257779500,1.6675
2018-06-17 00:00:00 UTC,647,-305,331119000,1.0779166666666666
2018-06-17 00:00:00 UTC,647,-10,273298600,1.73
2018-06-17 00:00:00 UTC,647,-11,273298600,3.6293055555555553
2018-06-17 00:00:00 UTC,647,-12,273298600,2.1636111111111109
2018-06-17 00:00:00 UTC,-633,-595,412217999,5.59375
2018-06-17 00:00:00 UTC,-633,-597,412217999,0.34819444444444453
2018-06-17 00:00:00 UTC,-633,-596,412217999,11.308611111111139
2018-06-17 00:00:00 UTC,-633,-598,725001619,0.39472222222222225
2018-06-17 00:00:00 UTC,-633,-595,725001619,10.3125
2018-06-17 00:00:00 UTC,-633,-596,725001619,3.8644444444444428
2018-06-17 00:00:00 UTC,-633,-594,725001619,2.3093055555555564
2018-06-17 00:00:00 UTC,-633,-597,440899000,0.20625000000000002
2018-06-17 00:00:00 UTC,-633,-594,440899000,4.324583333333333
2018-06-17 00:00:00 UTC,-633,-596,440899000,3.4445833333333336
2018-06-17 00:00:00 UTC,-633,-595,440899000,8.8472222222222214
2018-06-17 00:00:00 UTC,-633,-595,441699000,9.2036111111111172
2018-06-17 00:00:00 UTC,-633,-596,441699000,3.4801388888888867
2018-06-17 00:00:00 UTC,-633,-594,441699000,4.3791666666666655
2018-06-17 00:00:00 UTC,-633,-597,441699000,0.49194444444444441
2018-06-17 00:00:00 UTC,-377,296,416745000,0.20013888888888889
2018-06-17 00:00:00 UTC,-377,294,416745000,0.65208333333333335
2018-06-17 00:00:00 UTC,-377,295,416745000,0.54263888888888889
2018-06-17 00:00:00 UTC,-377,288,664137000,3.6633333333333327
2018-06-17 00:00:00 UTC,-377,-542,701006637,0.45430555555555552
2018-06-17 00:00:00 UTC,-377,298,416062800,4.2648611111111112
2018-06-17 00:00:00 UTC,-377,1585,431702640,1.623472222222222
2018-06-17 00:00:00 UTC,-377,1584,431702640,1.4544444444444444
2018-06-17 00:00:00 UTC,-377,1586,431702640,1.3502777777777779
2018-06-17 00:00:00 UTC,-377,286,416005500,2.9094444444444436
2018-06-17 00:00:00 UTC,-377,287,416005500,1.215
2018-06-17 00:00:00 UTC,-377,290,416826000,1.3184722222222223
2018-06-17 00:00:00 UTC,-377,300,416857000,2.2543055555555553
2018-06-17 00:00:00 UTC,-377,-739,725002410,3.1973611111111113
2018-06-17 00:00:00 UTC,-377,-1733,416717000,0.63013888888888892
2018-06-17 00:00:00 UTC,-121,133,603100164,2.4866666666666668
2018-06-17 00:00:00 UTC,-121,134,603100164,6.08277777777778
2018-06-17 00:00:00 UTC,-121,133,224069140,4.7040277777777781
2018-06-17 00:00:00 UTC,-121,1590,412500245,2.2961111111111112
2018-06-17 00:00:00 UTC,-121,-38,412201808,0.61402777777777784
2018-06-17 00:00:00 UTC,-121,-775,760019820,0.29583333333333334
2018-06-17 00:00:00 UTC,-121,-775,100007791,1.0323611111111113
2018-06-17 00:00:00 UTC,-121,133,224175000,6.0606944444444437
2018-06-17 00:00:00 UTC,-121,133,659416000,0.47180555555555548
2018-06-17 00:00:00 UTC,-121,133,224054000,1.6119444444444446
2018-06-17 00:00:00 UTC,136,1333,416002835,0.71138888888888885
2018-06-17 00:00:00 UTC,136,-1666,440936000,1.242777777777778
2018-06-17 00:00:00 UTC,136,-1665,440936000,3.9459722222222222
2018-06-17 00:00:00 UTC,136,-1667,440936000,0.85069444444444475
2018-06-17 00:00:00 UTC,136,-1668,440733000,0.13541666666666666
2018-06-17 00:00:00 UTC,136,-1667,440733000,0.11986111111111111
2018-06-17 00:00:00 UTC,136,-1589,440751000,1.3736111111111111
2018-06-17 00:00:00 UTC,136,-1665,440792000,0.92125
2018-06-17 00:00:00 UTC,136,-175,663053000,0.33319444444444446
2018-06-17 00:00:00 UTC,136,-1650,440705000,2.7256944444444446
2018-06-17 00:00:00 UTC,392,228,237994000,7.5001388888888894
2018-06-17 00:00:00 UTC,392,229,237994000,0.97194444444444439
2018-06-17 00:00:00 UTC,392,234,239400000,5.5411111111111113
2018-06-17 00:00:00 UTC,392,-95,263414850,6.9355555555555561
2018-06-17 00:00:00 UTC,392,1195,412285513,0.15
2018-06-17 00:00:00 UTC,392,1196,412285513,2.95125
2018-06-17 00:00:00 UTC,392,1420,431010125,0.51624999999999988
2018-06-17 00:00:00 UTC,392,1421,431010125,3.5788888888888892
2018-06-17 00:00:00 UTC,392,146,247147090,5.9456944444444444
2018-06-17 00:00:00 UTC,392,1192,412284783,0.20875
2018-06-17 00:00:00 UTC,392,1422,431010675,1.2787499999999998
2018-06-17 00:00:00 UTC,392,1422,431010676,2.0468055555555553
2018-06-17 00:00:00 UTC,392,234,239097000,11.976111111111111
2018-06-17 00:00:00 UTC,392,235,239097000,1.4525000000000001
2018-06-17 00:00:00 UTC,392,0,224178880,1.1683333333333334
2018-06-17 00:00:00 UTC,392,1211,800047322,1.3794444444444445
2018-06-17 00:00:00 UTC,392,-724,366906080,0.9625
2018-06-17 00:00:00 UTC,392,-723,366906080,0.89527777777777784
2018-06-17 00:00:00 UTC,392,234,237089000,5.2734722222222219
2018-06-17 00:00:00 UTC,392,201,240374000,2.6002777777777775
2018-06-17 00:00:00 UTC,392,233,237995000,0.33916666666666667
2018-06-17 00:00:00 UTC,392,234,237995000,4.6501388888888888
2018-06-17 00:00:00 UTC,392,1420,431010044,2.0490277777777774
2018-06-17 00:00:00 UTC,392,1421,431010044,2.8163888888888886
2018-06-17 00:00:00 UTC,392,1195,412086269,0.85083333333333333
2018-06-17 00:00:00 UTC,648,-12,273297700,0.77708333333333335
2018-06-17 00:00:00 UTC,648,-12,273377320,3.7326388888888888
2018-06-17 00:00:00 UTC,648,-305,331119000,2.0222222222222221
2018-06-17 00:00:00 UTC,648,-304,331119000,0.48375000000000007
2018-06-17 00:00:00 UTC,648,-13,273298600,0.71027777777777779
2018-06-17 00:00:00 UTC,648,-12,273298600,0.45666666666666667
2018-06-17 00:00:00 UTC,-632,-590,259539000,0.62833333333333341
2018-06-17 00:00:00 UTC,-632,-583,259539000,4.447916666666667
2018-06-17 00:00:00 UTC,-632,-591,259539000,1.3098611111111114
2018-06-17 00:00:00 UTC,-632,-584,259539000,0.88138888888888922
2018-06-17 00:00:00 UTC,-632,-592,259539000,0.30833333333333329
2018-06-17 00:00:00 UTC,-632,-583,258139000,2.54611111111111
2018-06-17 00:00:00 UTC,-632,-588,258139000,1.4711111111111104
2018-06-17 00:00:00 UTC,-632,-584,258139000,5.7322222222222248
2018-06-17 00:00:00 UTC,-632,-587,258139000,1.9586111111111111
2018-06-17 00:00:00 UTC,-632,-586,258139000,1.5444444444444438
2018-06-17 00:00:00 UTC,-632,-585,258139000,1.3472222222222221
2018-06-17 00:00:00 UTC,-632,-589,258139000,0.97805555555555568
2018-06-17 00:00:00 UTC,-632,-595,412217999,4.5202777777777747
2018-06-17 00:00:00 UTC,-632,-596,412217999,1.1086111111111114
2018-06-17 00:00:00 UTC,-632,-594,412217999,0.45597222222222233
2018-06-17 00:00:00 UTC,-632,-594,725001619,2.6138888888888889
2018-06-17 00:00:00 UTC,-632,-595,725001619,1.2574999999999998
2018-06-17 00:00:00 UTC,-632,-596,440899000,0.35833333333333328
2018-06-17 00:00:00 UTC,-632,-595,440899000,3.7491666666666661
2018-06-17 00:00:00 UTC,-632,-594,440899000,0.47555555555555562
2018-06-17 00:00:00 UTC,-632,-595,441699000,2.785555555555554
2018-06-17 00:00:00 UTC,-632,-596,441699000,1.01875
2018-06-17 00:00:00 UTC,-376,294,416745000,0.3354166666666667
2018-06-17 00:00:00 UTC,-376,295,416745000,1.3505555555555555
2018-06-17 00:00:00 UTC,-376,296,416745000,1.4073611111111111
2018-06-17 00:00:00 UTC,-376,297,416745000,1.7879166666666666
2018-06-17 00:00:00 UTC,-376,288,664137000,2.6743055555555557
2018-06-17 00:00:00 UTC,-376,-538,701006637,0.82708333333333339
2018-06-17 00:00:00 UTC,-376,-539,701006637,1.293611111111111
2018-06-17 00:00:00 UTC,-376,-542,701006637,0.56166666666666665
2018-06-17 00:00:00 UTC,-376,-540,701006637,1.1518055555555555
2018-06-17 00:00:00 UTC,-376,-541,701006637,1.1409722222222223
2018-06-17 00:00:00 UTC,-376,293,416060500,0.80166666666666664
2018-06-17 00:00:00 UTC,-376,1581,431702640,0.2336111111111111
2018-06-17 00:00:00 UTC,-376,1587,431702640,0.2361111111111111
2018-06-17 00:00:00 UTC,-376,1583,431702640,0.95125
2018-06-17 00:00:00 UTC,-376,1582,431702640,1.0718055555555555
2018-06-17 00:00:00 UTC,-376,1588,431702640,1.7293055555555557
2018-06-17 00:00:00 UTC,-376,287,416005500,2.3156944444444445
2018-06-17 00:00:00 UTC,-376,286,416005500,0.71291666666666675
2018-06-17 00:00:00 UTC,-376,290,416826000,0.90666666666666662
2018-06-17 00:00:00 UTC,-376,300,416857000,1.8155555555555556
2018-06-17 00:00:00 UTC,-376,-537,770565353,1.1165277777777778
2018-06-17 00:00:00 UTC,-120,133,603100164,4.3825
2018-06-17 00:00:00 UTC,-120,134,603100164,4.4501388888888886
2018-06-17 00:00:00 UTC,-120,133,224069140,4.2972222222222225
2018-06-17 00:00:00 UTC,-120,1627,412500244,3.6083333333333334
2018-06-17 00:00:00 UTC,-120,1588,412500245,0.89458333333333329
2018-06-17 00:00:00 UTC,-120,1587,412500245,0.908888888888889
2018-06-17 00:00:00 UTC,-120,1586,412500245,0.8225
2018-06-17 00:00:00 UTC,-120,133,224175000,5.4840277777777775
2018-06-17 00:00:00 UTC,-120,132,224175000,1.0013888888888889
2018-06-17 00:00:00 UTC,-120,133,659416000,2.0170833333333333
2018-06-17 00:00:00 UTC,-120,133,224054000,1.08875
2018-06-17 00:00:00 UTC,-120,132,224054000,3.9676388888888887
2018-06-17 00:00:00 UTC,137,-171,663178000,1.5465277777777777
2018-06-17 00:00:00 UTC,137,-172,663178000,0.6181944444444446
2018-06-17 00:00:00 UTC,137,-170,663178000,0.61083333333333334
2018-06-17 00:00:00 UTC,137,1333,416002835,5.0044444444444443
2018-06-17 00:00:00 UTC,137,-1666,440936000,0.74972222222222218
2018-06-17 00:00:00 UTC,137,-1664,440733000,0.62069444444444444
2018-06-17 00:00:00 UTC,137,-170,663175000,0.5576388888888888
2018-06-17 00:00:00 UTC,137,-1602,440986000,2.7822222222222224
2018-06-17 00:00:00 UTC,137,-1589,440751000,0.39652777777777776
2018-06-17 00:00:00 UTC,137,-1658,440792000,1.9477777777777776
2018-06-17 00:00:00 UTC,137,-1664,440792000,0.56375
2018-06-17 00:00:00 UTC,137,-1663,440792000,1.6098611111111112
2018-06-17 00:00:00 UTC,137,-176,663053000,0.5872222222222222
2018-06-17 00:00:00 UTC,137,-175,663053000,3.5234722222222219
2018-06-17 00:00:00 UTC,137,-1651,440705000,0.62527777777777782
2018-06-17 00:00:00 UTC,137,-1650,440705000,0.52583333333333337
2018-06-17 00:00:00 UTC,137,-1653,440705000,0.32708333333333328
2018-06-17 00:00:00 UTC,137,-1649,440705000,1.2731944444444445
2018-06-17 00:00:00 UTC,137,-1652,440705000,0.65069444444444446
2018-06-17 00:00:00 UTC,137,-175,663073000,1.3755555555555556
2018-06-17 00:00:00 UTC,137,-1574,440246000,0.57791666666666663
2018-06-17 00:00:00 UTC,393,229,237994000,14.203472222222222
2018-06-17 00:00:00 UTC,393,-735,367540250,2.9915277777777782
2018-06-17 00:00:00 UTC,393,-1547,367721000,0.20513888888888887
2018-06-17 00:00:00 UTC,393,-2,224074290,0.30152777777777778
2018-06-17 00:00:00 UTC,393,-95,263414850,0.1413888888888889
2018-06-17 00:00:00 UTC,393,1421,431010125,3.2998611111111114
2018-06-17 00:00:00 UTC,393,1399,431007317,0.54736111111111119
2018-06-17 00:00:00 UTC,393,1398,431007317,0.93638888888888883
2018-06-17 00:00:00 UTC,393,1395,431008086,0.32055555555555559
2018-06-17 00:00:00 UTC,393,1196,412882265,2.3359722222222219
2018-06-17 00:00:00 UTC,393,1423,431010675,1.0251388888888888
2018-06-17 00:00:00 UTC,393,1422,431010675,1.7880555555555557
2018-06-17 00:00:00 UTC,393,1422,431010676,3.1999999999999997
2018-06-17 00:00:00 UTC,393,-486,224099450,1.7976388888888888
2018-06-17 00:00:00 UTC,393,-487,224099450,0.13847222222222222
2018-06-17 00:00:00 UTC,393,-484,224099450,1.4275
2018-06-17 00:00:00 UTC,393,-485,224099450,1.1949999999999996
2018-06-17 00:00:00 UTC,393,1204,157707930,0.663888888888889
2018-06-17 00:00:00 UTC,393,1213,412201131,2.6805555555555554
2018-06-17 00:00:00 UTC,393,1212,412201131,0.25375000000000003
2018-06-17 00:00:00 UTC,393,1211,800047322,2.0708333333333333
2018-06-17 00:00:00 UTC,393,-724,366906080,6.4284722222222221
2018-06-17 00:00:00 UTC,393,-723,366906080,2.8908333333333331
2018-06-17 00:00:00 UTC,393,1421,431010044,2.8173611111111114
2018-06-17 00:00:00 UTC,393,1194,412086269,0.21305555555555558
2018-06-17 00:00:00 UTC,649,-233,251188840,0.87583333333333324
2018-06-17 00:00:00 UTC,649,-234,251188840,4.5813888888888883
2018-06-17 00:00:00 UTC,649,-231,251326340,0.63222222222222224
2018-06-17 00:00:00 UTC,649,-116,251850640,2.5477777777777777
2018-06-17 00:00:00 UTC,649,-117,251850640,0.25513888888888892
2018-06-17 00:00:00 UTC,649,-134,251847570,0.074722222222222218
2018-06-17 00:00:00 UTC,649,-122,251847570,2.7918055555555554
2018-06-17 00:00:00 UTC,649,-304,331119000,0.31125
2018-06-17 00:00:00 UTC,649,-133,251784110,1.6419444444444444
2018-06-17 00:00:00 UTC,649,-132,251784110,0.84305555555555567
2018-06-17 00:00:00 UTC,649,-238,251402440,0.71944444444444444
2018-06-17 00:00:00 UTC,649,-233,251472840,4.5508333333333342
2018-06-17 00:00:00 UTC,649,-234,251472840,1.4119444444444444
2018-06-17 00:00:00 UTC,-631,-583,259539000,2.3219444444444433
2018-06-17 00:00:00 UTC,-631,-590,259539000,0.625138888888889
2018-06-17 00:00:00 UTC,-631,-584,259539000,3.7474999999999992
2018-06-17 00:00:00 UTC,-631,-587,259539000,1.1591666666666662
2018-06-17 00:00:00 UTC,-631,-585,259539000,2.0661111111111112
2018-06-17 00:00:00 UTC,-631,-589,259539000,1.2526388888888884
2018-06-17 00:00:00 UTC,-631,-588,259539000,1.0177777777777777
2018-06-17 00:00:00 UTC,-631,-586,259539000,1.0076388888888892
2018-06-17 00:00:00 UTC,-631,-585,258139000,2.980416666666664
2018-06-17 00:00:00 UTC,-631,-584,258139000,2.9097222222222223
2018-06-17 00:00:00 UTC,-631,-586,258139000,2.53111111111111
2018-06-17 00:00:00 UTC,-375,303,416011800,0.48166666666666669
2018-06-17 00:00:00 UTC,-375,297,416745000,0.87541666666666662
2018-06-17 00:00:00 UTC,-375,288,664137000,3.9765277777777781
2018-06-17 00:00:00 UTC,-375,-538,701006637,5.1293055555555576
2018-06-17 00:00:00 UTC,-375,-536,701006637,4.023194444444445
2018-06-17 00:00:00 UTC,-375,-539,701006637,2.1499999999999995
2018-06-17 00:00:00 UTC,-375,-537,701006637,7.3018055555555588
2018-06-17 00:00:00 UTC,-375,294,416060500,0.91638888888888892
2018-06-17 00:00:00 UTC,-375,293,416060500,2.5677777777777777
2018-06-17 00:00:00 UTC,-375,292,416625000,0.63694444444444454
2018-06-17 00:00:00 UTC,-375,1587,431702640,0.57972222222222225
2018-06-17 00:00:00 UTC,-375,1581,431702640,1.0402777777777779
2018-06-17 00:00:00 UTC,-375,286,416005500,3.3422222222222224
2018-06-17 00:00:00 UTC,-375,289,416826000,0.63305555555555548
2018-06-17 00:00:00 UTC,-375,290,416826000,0.23958333333333334
2018-06-17 00:00:00 UTC,-375,288,416879000,1.3044444444444443
2018-06-17 00:00:00 UTC,-375,287,416879000,2.4561111111111109
2018-06-17 00:00:00 UTC,-375,300,416857000,2.2752777777777777
2018-06-17 00:00:00 UTC,-375,-739,725005800,4.47375
2018-06-17 00:00:00 UTC,-119,133,603100164,4.1219444444444449
2018-06-17 00:00:00 UTC,-119,133,224069140,4.3015277777777774
2018-06-17 00:00:00 UTC,-119,1585,412500245,0.41694444444444445
2018-06-17 00:00:00 UTC,-119,136,603100299,5.6591666666666676
2018-06-17 00:00:00 UTC,-119,132,224175000,1.49875
2018-06-17 00:00:00 UTC,-119,1626,412500157,1.0979166666666667
2018-06-17 00:00:00 UTC,-119,1627,412500157,2.1061111111111113
2018-06-17 00:00:00 UTC,-119,133,659416000,2.4581944444444446
2018-06-17 00:00:00 UTC,-119,132,224054000,3.8806944444444444
2018-06-17 00:00:00 UTC,138,-170,663178000,1.837638888888889
2018-06-17 00:00:00 UTC,138,-172,663178000,0.96458333333333346
2018-06-17 00:00:00 UTC,138,1332,416002835,11.04625
2018-06-17 00:00:00 UTC,138,-176,663102000,1.2793055555555553
2018-06-17 00:00:00 UTC,138,-175,663102000,2.3937500000000003
2018-06-17 00:00:00 UTC,138,-176,663091000,1.2308333333333334
2018-06-17 00:00:00 UTC,138,-175,663091000,12.467222222222224
2018-06-17 00:00:00 UTC,138,-176,663000123,6.297083333333334
2018-06-17 00:00:00 UTC,138,-1663,440733000,2.287638888888889
2018-06-17 00:00:00 UTC,138,-1664,440733000,2.0993055555555555
2018-06-17 00:00:00 UTC,138,-170,663175000,1.5359722222222225
2018-06-17 00:00:00 UTC,138,-1577,440966000,0.24819444444444444
2018-06-17 00:00:00 UTC,138,-1583,441680000,0.7877777777777778
2018-06-17 00:00:00 UTC,138,-1602,440986000,2.1609722222222225
2018-06-17 00:00:00 UTC,138,-1660,440792000,1.3125
2018-06-17 00:00:00 UTC,138,-1659,440792000,1.7331944444444445
2018-06-17 00:00:00 UTC,138,-1661,440792000,1.3166666666666664
2018-06-17 00:00:00 UTC,138,-1662,440792000,0.54930555555555549
2018-06-17 00:00:00 UTC,138,-175,663053000,8.5337500000000066
2018-06-17 00:00:00 UTC,138,-176,663053000,1.2822222222222219
2018-06-17 00:00:00 UTC,138,-176,663138000,1.257222222222222
2018-06-17 00:00:00 UTC,138,-175,663138000,5.0902777777777795
2018-06-17 00:00:00 UTC,138,-175,663052000,7.8925000000000027
2018-06-17 00:00:00 UTC,138,-176,663052000,0.76458333333333339
2018-06-17 00:00:00 UTC,138,-1653,440705000,2.3716666666666666
2018-06-17 00:00:00 UTC,138,-175,663073000,16.225694444444446
2018-06-17 00:00:00 UTC,138,-1574,440246000,1.3126388888888889
2018-06-17 00:00:00 UTC,394,23,224313360,1.8338888888888889
2018-06-17 00:00:00 UTC,394,-735,367540250,1.4625
2018-06-17 00:00:00 UTC,394,-1547,367721000,3.3243055555555556
2018-06-17 00:00:00 UTC,394,186,247130410,4.1440277777777785
2018-06-17 00:00:00 UTC,394,-733,366798160,0.73777777777777775
2018-06-17 00:00:00 UTC,394,1399,431007317,1.0440277777777778
2018-06-17 00:00:00 UTC,394,1398,431007317,4.6298611111111114
2018-06-17 00:00:00 UTC,394,1423,431010675,3.0847222222222221
2018-06-17 00:00:00 UTC,394,1422,431010675,0.51194444444444442
2018-06-17 00:00:00 UTC,394,1423,431010676,1.8172222222222221
2018-06-17 00:00:00 UTC,394,1422,431010676,1.3995833333333334
2018-06-17 00:00:00 UTC,394,155,247144880,9.8929166666666664
2018-06-17 00:00:00 UTC,394,-733,367071470,9.3058333333333341
2018-06-17 00:00:00 UTC,394,-734,367071470,14.86986111111111
2018-06-17 00:00:00 UTC,394,201,240374000,0.58749999999999991
2018-06-17 00:00:00 UTC,650,-229,251315740,4.8130555555555556
2018-06-17 00:00:00 UTC,650,-233,251188840,0.72527777777777769
2018-06-17 00:00:00 UTC,650,-232,251188840,2.09875
2018-06-17 00:00:00 UTC,650,-231,251326340,3.1320833333333331
2018-06-17 00:00:00 UTC,650,-232,251326340,1.4358333333333333
2018-06-17 00:00:00 UTC,650,-117,251850640,0.8945833333333334
2018-06-17 00:00:00 UTC,650,-134,251847570,3.8055555555555554
2018-06-17 00:00:00 UTC,650,-132,251847570,0.58180555555555546
2018-06-17 00:00:00 UTC,650,-133,251847570,5.25625
2018-06-17 00:00:00 UTC,650,-128,251219110,2.4345833333333324
2018-06-17 00:00:00 UTC,650,-129,251219110,6.1372222222222224
2018-06-17 00:00:00 UTC,650,-131,251219110,5.08611111111111
2018-06-17 00:00:00 UTC,650,-130,251219110,8.0284722222222218
2018-06-17 00:00:00 UTC,650,-133,251784110,2.77875
2018-06-17 00:00:00 UTC,650,-134,251784110,1.9929166666666669
2018-06-17 00:00:00 UTC,650,-132,251784110,1.4341666666666668
2018-06-17 00:00:00 UTC,650,-233,251472840,2.297361111111111
2018-06-17 00:00:00 UTC,650,-123,251088110,4.0895833333333327
2018-06-17 00:00:00 UTC,650,-121,251088110,1.9991666666666665
2018-06-17 00:00:00 UTC,650,-122,251088110,2.841388888888889
2018-06-17 00:00:00 UTC,650,-117,251847670,3.54625
2018-06-17 00:00:00 UTC,650,-118,251847670,3.9829166666666667
2018-06-17 00:00:00 UTC,650,-124,251386110,2.4645833333333336
2018-06-17 00:00:00 UTC,650,-122,251386110,2.1883333333333335
2018-06-17 00:00:00 UTC,650,-123,251386110,1.5469444444444442
2018-06-17 00:00:00 UTC,650,-125,251386110,2.5065277777777779
2018-06-17 00:00:00 UTC,650,-126,251386110,1.1195833333333334
2018-06-17 00:00:00 UTC,-630,-585,259539000,3.2186111111111093
2018-06-17 00:00:00 UTC,-374,-739,725000460,3.2812499999999987
2018-06-17 00:00:00 UTC,-374,-738,725000460,1.3091666666666659
2018-06-17 00:00:00 UTC,-374,303,416011800,2.1468055555555559
2018-06-17 00:00:00 UTC,-374,297,416745000,2.4131944444444451
2018-06-17 00:00:00 UTC,-374,288,664137000,5.2987499999999983
2018-06-17 00:00:00 UTC,-374,294,416060500,1.8490277777777775
2018-06-17 00:00:00 UTC,-374,293,416060500,1.996666666666667
2018-06-17 00:00:00 UTC,-374,293,416625000,0.96763888888888872
2018-06-17 00:00:00 UTC,-374,292,416625000,3.3455555555555549
2018-06-17 00:00:00 UTC,-374,1587,431702640,0.555138888888889
2018-06-17 00:00:00 UTC,-374,287,416005500,1.3197222222222225
2018-06-17 00:00:00 UTC,-374,286,416005500,1.526388888888889
2018-06-17 00:00:00 UTC,-374,289,416826000,0.82930555555555552
2018-06-17 00:00:00 UTC,-374,281,416826000,1.313333333333333
2018-06-17 00:00:00 UTC,-374,283,416826000,0.49333333333333329
2018-06-17 00:00:00 UTC,-374,282,416826000,1.9783333333333335
2018-06-17 00:00:00 UTC,-374,285,416826000,0.88958333333333339
2018-06-17 00:00:00 UTC,-374,288,416879000,0.22847222222222224
2018-06-17 00:00:00 UTC,-374,287,416879000,2.4466666666666663
2018-06-17 00:00:00 UTC,-374,300,416857000,0.9575
2018-06-17 00:00:00 UTC,-374,289,664216000,5.3581944444444431
2018-06-17 00:00:00 UTC,-374,1788,512001495,2.2043055555555555
2018-06-17 00:00:00 UTC,-374,-739,725005800,1.8936111111111111
2018-06-17 00:00:00 UTC,-118,133,224069140,1.4829166666666669
2018-06-17 00:00:00 UTC,-118,-251,263580000,0.071388888888888891
2018-06-17 00:00:00 UTC,-118,-250,263580000,0.47986111111111118
2018-06-17 00:00:00 UTC,-118,-1218,432454000,1.278888888888889
2018-06-17 00:00:00 UTC,-118,132,224175000,3.0081944444444453
2018-06-17 00:00:00 UTC,-118,1626,412500157,0.61125000000000007
2018-06-17 00:00:00 UTC,-118,1625,412500157,0.63513888888888892
2018-06-17 00:00:00 UTC,-118,133,224952000,3.8429166666666665
2018-06-17 00:00:00 UTC,-118,133,659416000,1.3279166666666669
2018-06-17 00:00:00 UTC,-118,132,659416000,0.70861111111111108
2018-06-17 00:00:00 UTC,-118,132,224054000,7.0976388888888886
2018-06-17 00:00:00 UTC,139,-172,663178000,0.44638888888888889
2018-06-17 00:00:00 UTC,139,-170,663178000,1.4558333333333331
2018-06-17 00:00:00 UTC,139,-175,663102000,5.3420833333333331
2018-06-17 00:00:00 UTC,139,-176,663102000,2.2370833333333331
2018-06-17 00:00:00 UTC,139,-176,663091000,2.3981944444444436
2018-06-17 00:00:00 UTC,139,-175,663091000,3.8326388888888894
2018-06-17 00:00:00 UTC,139,-170,663176000,0.43263888888888891
2018-06-17 00:00:00 UTC,139,-1662,440733000,1.7729166666666667
2018-06-17 00:00:00 UTC,139,-1661,440733000,1.0486111111111114
2018-06-17 00:00:00 UTC,139,-1663,440733000,1.2031944444444445
2018-06-17 00:00:00 UTC,139,-1664,440733000,0.35375
2018-06-17 00:00:00 UTC,139,-170,663175000,1.4429166666666666
2018-06-17 00:00:00 UTC,139,-1573,440966000,1.0602777777777779
2018-06-17 00:00:00 UTC,139,-1602,440986000,2.2906944444444437
2018-06-17 00:00:00 UTC,139,-175,663053000,5.8762500000000006
2018-06-17 00:00:00 UTC,139,-176,663053000,3.5066666666666659
2018-06-17 00:00:00 UTC,139,-176,663138000,2.0725000000000002
2018-06-17 00:00:00 UTC,139,-175,663138000,1.8915277777777781
2018-06-17 00:00:00 UTC,139,-175,663052000,5.8540277777777785
2018-06-17 00:00:00 UTC,139,-176,663052000,2.1695833333333332
2018-06-17 00:00:00 UTC,139,-175,663073000,5.9025
2018-06-17 00:00:00 UTC,395,1212,412286469,2.689861111111111
2018-06-17 00:00:00 UTC,395,-95,263477000,0.39194444444444443
2018-06-17 00:00:00 UTC,395,1237,412222991,0.14986111111111111
2018-06-17 00:00:00 UTC,395,155,247110160,6.9354166666666668
2018-06-17 00:00:00 UTC,395,154,247110160,15.926805555555555
2018-06-17 00:00:00 UTC,395,-1547,367721000,3.2873611111111112
2018-06-17 00:00:00 UTC,395,-734,367061830,11.050416666666667
2018-06-17 00:00:00 UTC,395,-733,366798160,2.3643055555555552
2018-06-17 00:00:00 UTC,395,1398,431007317,4.3576388888888893
2018-06-17 00:00:00 UTC,395,1397,431007317,0.90361111111111114
2018-06-17 00:00:00 UTC,395,1422,431007318,10.77791666666667
2018-06-17 00:00:00 UTC,395,1423,431010675,2.0420833333333333
2018-06-17 00:00:00 UTC,395,1423,431010676,2.2995833333333331
2018-06-17 00:00:00 UTC,395,1238,412215695,3.8012500000000005
2018-06-17 00:00:00 UTC,395,1467,412440477,7.4186111111111117
2018-06-17 00:00:00 UTC,395,-730,367084960,5.0573611111111108
2018-06-17 00:00:00 UTC,395,-728,367084960,5.68
2018-06-17 00:00:00 UTC,395,-729,367084960,10.591944444444444
2018-06-17 00:00:00 UTC,395,153,247110060,2.35125
2018-06-17 00:00:00 UTC,395,154,247110060,12.597638888888889
2018-06-17 00:00:00 UTC,395,155,247110060,1.71125
2018-06-17 00:00:00 UTC,395,-96,263362000,15.067777777777776
2018-06-17 00:00:00 UTC,395,-97,263362000,0.6711111111111111
2018-06-17 00:00:00 UTC,395,200,239266000,8.0959722222222226
2018-06-17 00:00:00 UTC,395,200,241110000,6.2515277777777776
2018-06-17 00:00:00 UTC,395,200,240374000,2.5098611111111109
2018-06-17 00:00:00 UTC,651,-228,251472440,6.5140277777777769
2018-06-17 00:00:00 UTC,651,-228,251479640,0.11208333333333334
2018-06-17 00:00:00 UTC,651,-227,251479640,0.14611111111111111
2018-06-17 00:00:00 UTC,651,-137,251307110,1.847777777777778
2018-06-17 00:00:00 UTC,651,-229,251332240,1.0534722222222221
2018-06-17 00:00:00 UTC,651,8,273526700,0.29180555555555554
2018-06-17 00:00:00 UTC,651,-248,251302340,0.38638888888888889
2018-06-17 00:00:00 UTC,651,-249,251302340,1.8061111111111114
2018-06-17 00:00:00 UTC,651,-123,251088110,0.98472222222222228
2018-06-17 00:00:00 UTC,-373,-738,725000460,3.1915277777777771
2018-06-17 00:00:00 UTC,-373,-739,725000460,1.1569444444444446
2018-06-17 00:00:00 UTC,-373,303,416011800,2.0065277777777779
2018-06-17 00:00:00 UTC,-373,297,416745000,1.9445833333333336
2018-06-17 00:00:00 UTC,-373,298,416745000,2.2679166666666659
2018-06-17 00:00:00 UTC,-373,288,664137000,3.2884722222222229
2018-06-17 00:00:00 UTC,-373,289,664137000,0.34333333333333332
2018-06-17 00:00:00 UTC,-373,1795,512082000,2.8770833333333328
2018-06-17 00:00:00 UTC,-373,1796,512082000,4.9788888888888891
2018-06-17 00:00:00 UTC,-373,294,416060500,0.88125
2018-06-17 00:00:00 UTC,-373,293,416060500,4.6152777777777771
2018-06-17 00:00:00 UTC,-373,300,664060000,2.2954166666666667
2018-06-17 00:00:00 UTC,-373,301,664060000,0.56138888888888883
2018-06-17 00:00:00 UTC,-373,291,416625000,0.31277777777777777
2018-06-17 00:00:00 UTC,-373,293,416625000,0.78236111111111106
2018-06-17 00:00:00 UTC,-373,292,416625000,3.3291666666666657
2018-06-17 00:00:00 UTC,-373,1587,431702640,0.5986111111111112
2018-06-17 00:00:00 UTC,-373,287,416005500,0.41069444444444442
2018-06-17 00:00:00 UTC,-373,286,416005500,1.3802777777777779
2018-06-17 00:00:00 UTC,-373,1792,512003467,1.4463888888888889
2018-06-17 00:00:00 UTC,-373,1793,512003467,0.22055555555555553
2018-06-17 00:00:00 UTC,-373,289,416826000,0.53736111111111118
2018-06-17 00:00:00 UTC,-373,283,416826000,0.665138888888889
2018-06-17 00:00:00 UTC,-373,285,416826000,1.9309722222222225
2018-06-17 00:00:00 UTC,-373,284,416826000,2.2530555555555551
2018-06-17 00:00:00 UTC,-373,286,416826000,0.82430555555555562
2018-06-17 00:00:00 UTC,-373,288,416879000,0.72958333333333336
2018-06-17 00:00:00 UTC,-373,287,416879000,3.7587499999999987
2018-06-17 00:00:00 UTC,-373,289,664216000,2.8620833333333335
2018-06-17 00:00:00 UTC,-373,-1734,416717000,1.1876388888888887
2018-06-17 00:00:00 UTC,-373,-1733,416717000,1.1909722222222223
2018-06-17 00:00:00 UTC,-373,-1730,416717000,0.5904166666666667
2018-06-17 00:00:00 UTC,-373,-1732,416717000,1.581388888888889
2018-06-17 00:00:00 UTC,-373,-1731,416717000,0.62736111111111115
2018-06-17 00:00:00 UTC,-373,-1735,416717000,0.11236111111111111
2018-06-17 00:00:00 UTC,-373,-739,725005800,0.1073611111111111
2018-06-17 00:00:00 UTC,-373,-738,725005800,0.97958333333333314
2018-06-17 00:00:00 UTC,-373,-535,770565353,0.31541666666666668
2018-06-17 00:00:00 UTC,-117,132,224069140,1.0481944444444444
2018-06-17 00:00:00 UTC,-117,133,224069140,2.3047222222222223
2018-06-17 00:00:00 UTC,-117,133,224935000,3.5686111111111112
2018-06-17 00:00:00 UTC,-117,-251,263580000,0.38125000000000003
2018-06-17 00:00:00 UTC,-117,-1218,432454000,2.0418055555555559
2018-06-17 00:00:00 UTC,-117,132,224133000,0.28194444444444444
2018-06-17 00:00:00 UTC,-117,132,224175000,2.3466666666666667
2018-06-17 00:00:00 UTC,-117,1625,412500157,4.0490277777777779
2018-06-17 00:00:00 UTC,-117,133,224952000,8.0306944444444444
2018-06-17 00:00:00 UTC,-117,133,659416000,1.8437499999999998
2018-06-17 00:00:00 UTC,-117,132,659416000,2.150694444444444
2018-06-17 00:00:00 UTC,-117,132,224054000,5.0745833333333321
2018-06-17 00:00:00 UTC,140,-173,663178000,1.4929166666666667
2018-06-17 00:00:00 UTC,140,-1562,432468000,0.37763888888888891
2018-06-17 00:00:00 UTC,140,1570,416002858,6.4172222222222226
2018-06-17 00:00:00 UTC,140,-176,663102000,2.8679166666666669
2018-06-17 00:00:00 UTC,140,-176,663091000,2.766944444444444
2018-06-17 00:00:00 UTC,140,-170,663176000,1.08375
2018-06-17 00:00:00 UTC,140,-171,663176000,0.61083333333333334
2018-06-17 00:00:00 UTC,140,-172,663175000,1.1331944444444444
2018-06-17 00:00:00 UTC,140,-171,663175000,1.94875
2018-06-17 00:00:00 UTC,140,-1573,440966000,0.58041666666666669
2018-06-17 00:00:00 UTC,140,-1585,441680000,0.1475
2018-06-17 00:00:00 UTC,140,-1587,441680000,1.5162499999999997
2018-06-17 00:00:00 UTC,140,-1589,441680000,3.1379166666666669
2018-06-17 00:00:00 UTC,140,-1586,441680000,1.6708333333333325
2018-06-17 00:00:00 UTC,140,-1588,441680000,1.6793055555555554
2018-06-17 00:00:00 UTC,140,-1602,440986000,0.37694444444444447
2018-06-17 00:00:00 UTC,140,-1599,440986000,0.2663888888888889
2018-06-17 00:00:00 UTC,140,-1601,440986000,0.50583333333333336
2018-06-17 00:00:00 UTC,140,-1600,440986000,0.81555555555555559
2018-06-17 00:00:00 UTC,140,-1574,441038000,1.7265277777777777
2018-06-17 00:00:00 UTC,140,-176,663138000,2.2823611111111113
2018-06-17 00:00:00 UTC,140,-176,663052000,2.2505555555555552
2018-06-17 00:00:00 UTC,140,-1574,441825000,0.50152777777777779
2018-06-17 00:00:00 UTC,396,3,224448260,1.2943055555555554
2018-06-17 00:00:00 UTC,396,-95,263477000,3.9445833333333331
2018-06-17 00:00:00 UTC,396,-96,263477000,0.7254166666666666
2018-06-17 00:00:00 UTC,396,-1546,367721000,4.0268055555555557
2018-06-17 00:00:00 UTC,396,-1547,367721000,0.83722222222222209
2018-06-17 00:00:00 UTC,396,-94,263432000,1.9063888888888889
2018-06-17 00:00:00 UTC,396,-733,366798160,5.8436111111111106
2018-06-17 00:00:00 UTC,396,-732,366798160,3.0895833333333327
2018-06-17 00:00:00 UTC,396,1395,431008086,1.0644444444444445
2018-06-17 00:00:00 UTC,396,1395,431008091,0.50972222222222219
2018-06-17 00:00:00 UTC,396,2,224043370,0.2434722222222222
2018-06-17 00:00:00 UTC,396,3,224043370,1.1555555555555554
2018-06-17 00:00:00 UTC,396,4,224099440,0.70541666666666669
2018-06-17 00:00:00 UTC,396,3,224018550,0.58194444444444449
2018-06-17 00:00:00 UTC,396,2,224018550,0.26652777777777781
2018-06-17 00:00:00 UTC,396,1238,412215695,12.144861111111108
2018-06-17 00:00:00 UTC,396,1237,412215695,0.083472222222222225
2018-06-17 00:00:00 UTC,396,-742,367622290,6.6469444444444434
2018-06-17 00:00:00 UTC,396,1467,412440477,14.032083333333334
2018-06-17 00:00:00 UTC,396,1468,412440477,10.610972222222223
2018-06-17 00:00:00 UTC,396,-734,367345320,10.436388888888887
2018-06-17 00:00:00 UTC,396,-93,263235000,0.61583333333333323
2018-06-17 00:00:00 UTC,396,-94,263235000,0.81819444444444445
2018-06-17 00:00:00 UTC,396,-742,367120830,6.8241666666666676
2018-06-17 00:00:00 UTC,396,-96,263362000,2.7945833333333328
2018-06-17 00:00:00 UTC,652,-250,251479840,6.7320833333333336
2018-06-17 00:00:00 UTC,652,-251,251479840,3.181111111111111
2018-06-17 00:00:00 UTC,652,-249,251479840,4.3865277777777782
2018-06-17 00:00:00 UTC,652,-248,251842340,4.9256944444444439
2018-06-17 00:00:00 UTC,652,-249,251842340,2.9279166666666665
2018-06-17 00:00:00 UTC,652,-248,251161640,0.33944444444444444
2018-06-17 00:00:00 UTC,652,-249,251161640,1.2255555555555555
2018-06-17 00:00:00 UTC,652,11,273332560,1.7769444444444444
2018-06-17 00:00:00 UTC,652,8,273332560,8.7572222222222216
2018-06-17 00:00:00 UTC,652,10,273332560,5.1686111111111117
2018-06-17 00:00:00 UTC,652,9,273332560,7.1420833333333338
2018-06-17 00:00:00 UTC,652,-228,251479640,0.068194444444444446
2018-06-17 00:00:00 UTC,652,-243,251139440,2.2729166666666667
2018-06-17 00:00:00 UTC,652,-245,251139440,10.481805555555555
2018-06-17 00:00:00 UTC,652,-244,251139440,2.1479166666666667
2018-06-17 00:00:00 UTC,652,114,257391500,3.1998611111111113
2018-06-17 00:00:00 UTC,652,-120,251485340,0.81319444444444433
2018-06-17 00:00:00 UTC,652,-121,251485340,1.5668055555555556
2018-06-17 00:00:00 UTC,652,-118,251485340,0.80222222222222228
2018-06-17 00:00:00 UTC,652,-123,251485340,1.5011111111111113
2018-06-17 00:00:00 UTC,652,-119,251485340,2.1323611111111114
2018-06-17 00:00:00 UTC,652,-122,251485340,1.8368055555555556
2018-06-17 00:00:00 UTC,652,-230,251431840,0.36944444444444446
2018-06-17 00:00:00 UTC,652,7,273526700,2.3451388888888887
2018-06-17 00:00:00 UTC,652,8,273526700,5.2808333333333337
2018-06-17 00:00:00 UTC,652,11,273526700,0.87486111111111109
2018-06-17 00:00:00 UTC,652,9,273526700,5.9923611111111121
2018-06-17 00:00:00 UTC,652,10,273526700,5.17125
2018-06-17 00:00:00 UTC,652,-252,251302340,1.6554166666666668
2018-06-17 00:00:00 UTC,652,-248,251302340,1.2038888888888888
2018-06-17 00:00:00 UTC,652,-251,251302340,3.1830555555555557
2018-06-17 00:00:00 UTC,652,-245,251302340,1.3341666666666667
2018-06-17 00:00:00 UTC,652,-250,251302340,3.6394444444444449
2018-06-17 00:00:00 UTC,652,-249,251302340,2.4884722222222222
2018-06-17 00:00:00 UTC,652,-227,251846340,3.3048611111111104
2018-06-17 00:00:00 UTC,652,-245,251422440,6.2029166666666669
2018-06-17 00:00:00 UTC,-372,-738,725000199,4.24763888888889
2018-06-17 00:00:00 UTC,-372,-738,725000460,5.8651388888888887
2018-06-17 00:00:00 UTC,-372,303,416011800,0.71402777777777793
2018-06-17 00:00:00 UTC,-372,298,416745000,1.6502777777777777
2018-06-17 00:00:00 UTC,-372,297,416745000,4.2273611111111107
2018-06-17 00:00:00 UTC,-372,287,664137000,1.0505555555555557
2018-06-17 00:00:00 UTC,-372,288,664137000,1.877361111111111
2018-06-17 00:00:00 UTC,-372,1795,512082000,2.1026388888888889
2018-06-17 00:00:00 UTC,-372,1796,512082000,0.34097222222222223
2018-06-17 00:00:00 UTC,-372,294,416060500,2.5275000000000003
2018-06-17 00:00:00 UTC,-372,293,416060500,2.8794444444444443
2018-06-17 00:00:00 UTC,-372,300,664060000,1.2374999999999996
2018-06-17 00:00:00 UTC,-372,301,664060000,1.9293055555555549
2018-06-17 00:00:00 UTC,-372,292,416625000,3.8529166666666672
2018-06-17 00:00:00 UTC,-372,1587,431702640,0.72222222222222221
2018-06-17 00:00:00 UTC,-372,-738,725000313,6.5845833333333337
2018-06-17 00:00:00 UTC,-372,286,416005500,2.1293055555555553
2018-06-17 00:00:00 UTC,-372,1792,512003467,1.549722222222222
2018-06-17 00:00:00 UTC,-372,1793,512003467,3.6326388888888883
2018-06-17 00:00:00 UTC,-372,287,416826000,2.4616666666666664
2018-06-17 00:00:00 UTC,-372,288,416826000,0.81208333333333327
2018-06-17 00:00:00 UTC,-372,289,416826000,0.66694444444444445
2018-06-17 00:00:00 UTC,-372,287,416879000,9.2605555555555554
2018-06-17 00:00:00 UTC,-372,288,416879000,1.1201388888888888
2018-06-17 00:00:00 UTC,-372,289,664216000,5.44875
2018-06-17 00:00:00 UTC,-372,288,664216000,0.93138888888888893
2018-06-17 00:00:00 UTC,-372,-1725,416717000,0.09208333333333335
2018-06-17 00:00:00 UTC,-372,-1729,416717000,1.4043055555555557
2018-06-17 00:00:00 UTC,-372,-1726,416717000,0.016666666666666666
2018-06-17 00:00:00 UTC,-372,1793,512001495,1.9773611111111107
2018-06-17 00:00:00 UTC,-372,1794,512001495,3.3333333333333339
2018-06-17 00:00:00 UTC,-372,-738,725005800,3.8013888888888894
2018-06-17 00:00:00 UTC,-372,-536,770565353,2.2722222222222221
2018-06-17 00:00:00 UTC,-116,132,224069140,1.5863888888888891
2018-06-17 00:00:00 UTC,-116,133,224935000,4.484861111111111
2018-06-17 00:00:00 UTC,-116,-251,263580000,0.08249999999999999
2018-06-17 00:00:00 UTC,-116,-250,263580000,0.08625
2018-06-17 00:00:00 UTC,-116,-1218,432454000,1.9319444444444442
2018-06-17 00:00:00 UTC,-116,132,224133000,1.9081944444444441
2018-06-17 00:00:00 UTC,-116,133,224133000,0.39013888888888887
2018-06-17 00:00:00 UTC,-116,132,224175000,0.57833333333333337
2018-06-17 00:00:00 UTC,-116,-1197,431700660,0.93555555555555558
2018-06-17 00:00:00 UTC,-116,133,224952000,6.8447222222222228
2018-06-17 00:00:00 UTC,-116,133,659416000,3.2327777777777769
2018-06-17 00:00:00 UTC,-116,132,659416000,2.0068055555555557
2018-06-17 00:00:00 UTC,-116,132,224054000,1.1541666666666668
2018-06-17 00:00:00 UTC,141,-173,663178000,1.4552777777777777
2018-06-17 00:00:00 UTC,141,-1562,432468000,0.91305555555555551
2018-06-17 00:00:00 UTC,141,1570,416002858,1.0950000000000002
2018-06-17 00:00:00 UTC,141,1569,416002858,0.68333333333333335
2018-06-17 00:00:00 UTC,141,-176,663102000,2.3908333333333331
2018-06-17 00:00:00 UTC,141,-927,345140016,1.3143055555555556
2018-06-17 00:00:00 UTC,141,-176,663091000,0.73833333333333329
2018-06-17 00:00:00 UTC,141,-171,663176000,1.2498611111111111
2018-06-17 00:00:00 UTC,141,-173,663176000,1.7768055555555557
2018-06-17 00:00:00 UTC,141,-172,663176000,1.4793055555555552
2018-06-17 00:00:00 UTC,141,-1585,440786000,1.1180555555555556
2018-06-17 00:00:00 UTC,141,-1588,440786000,1.7441666666666666
2018-06-17 00:00:00 UTC,141,-1586,440786000,1.8338888888888887
2018-06-17 00:00:00 UTC,141,-1589,440786000,0.34208333333333335
2018-06-17 00:00:00 UTC,141,-1587,440786000,1.5483333333333327
2018-06-17 00:00:00 UTC,141,-172,663175000,0.051111111111111114
2018-06-17 00:00:00 UTC,141,-173,663175000,2.2170833333333331
2018-06-17 00:00:00 UTC,141,-1573,440966000,0.35708333333333331
2018-06-17 00:00:00 UTC,141,-1611,440656000,1.3058333333333332
2018-06-17 00:00:00 UTC,141,-1618,440656000,2.94625
2018-06-17 00:00:00 UTC,141,-1612,440656000,0.89027777777777772
2018-06-17 00:00:00 UTC,141,-1615,440656000,1.4300000000000002
2018-06-17 00:00:00 UTC,141,-1616,440656000,0.81208333333333327
2018-06-17 00:00:00 UTC,141,-1610,440656000,1.941527777777778
2018-06-17 00:00:00 UTC,141,-1613,440656000,2.1444444444444439
2018-06-17 00:00:00 UTC,141,-1614,440656000,1.6108333333333331
2018-06-17 00:00:00 UTC,141,-1619,440656000,0.67013888888888884
2018-06-17 00:00:00 UTC,141,-1617,440656000,1.5806944444444444
2018-06-17 00:00:00 UTC,141,-1597,440986000,1.7377777777777774
2018-06-17 00:00:00 UTC,141,-1598,440986000,0.2277777777777778
2018-06-17 00:00:00 UTC,141,-927,123450020,1.5923611111111113
2018-06-17 00:00:00 UTC,141,-926,123450020,2.841388888888889
2018-06-17 00:00:00 UTC,141,-1574,441038000,1.4404166666666667
2018-06-17 00:00:00 UTC,141,-176,663138000,4.5404166666666672
2018-06-17 00:00:00 UTC,141,-176,663052000,0.68777777777777782
2018-06-17 00:00:00 UTC,141,-1574,441825000,2.1220833333333333
2018-06-17 00:00:00 UTC,397,-96,263477000,1.1901388888888889
2018-06-17 00:00:00 UTC,397,-95,263477000,2.4537500000000003
2018-06-17 00:00:00 UTC,397,-94,263477000,0.36236111111111113
2018-06-17 00:00:00 UTC,397,-727,367059740,9.545
2018-06-17 00:00:00 UTC,397,-738,367701560,19.369444444444451
2018-06-17 00:00:00 UTC,397,-94,263432000,3.4772222222222222
2018-06-17 00:00:00 UTC,397,-719,338224707,0.41666666666666669
2018-06-17 00:00:00 UTC,397,-720,338224707,6.7209722222222226
2018-06-17 00:00:00 UTC,397,-741,367485580,0.083333333333333329
2018-06-17 00:00:00 UTC,397,1471,412440485,19.199583333333333
2018-06-17 00:00:00 UTC,397,-734,367345320,4.166666666666667
2018-06-17 00:00:00 UTC,397,-93,263235000,1.5351388888888888
2018-06-17 00:00:00 UTC,397,-94,263235000,1.5261111111111112
2018-06-17 00:00:00 UTC,397,-455,224173000,0.32305555555555554
2018-06-17 00:00:00 UTC,397,-726,366991820,3.5843055555555559
2018-06-17 00:00:00 UTC,397,1195,412281551,2.0819444444444444
2018-06-17 00:00:00 UTC,397,-96,263362000,1.8141666666666667
2018-06-17 00:00:00 UTC,397,-727,367652820,1.9747222222222223
2018-06-17 00:00:00 UTC,397,-728,367652820,4.5297222222222215
2018-06-17 00:00:00 UTC,397,4,224018390,0.55166666666666664
2018-06-17 00:00:00 UTC,397,-741,367151830,4.2609722222222217
2018-06-17 00:00:00 UTC,397,-734,367301350,13.250833333333334
2018-06-17 00:00:00 UTC,653,-224,251271440,3.6473611111111111
2018-06-17 00:00:00 UTC,653,-225,251271440,0.275
2018-06-17 00:00:00 UTC,653,-228,251138840,0.57569444444444451
2018-06-17 00:00:00 UTC,653,-226,251840840,12.386944444444445
2018-06-17 00:00:00 UTC,653,-225,251840840,1.46625
2018-06-17 00:00:00 UTC,653,-227,251840840,1.5705555555555557
2018-06-17 00:00:00 UTC,653,7,273332560,0.55291666666666672
2018-06-17 00:00:00 UTC,653,8,273332560,0.39805555555555561
2018-06-17 00:00:00 UTC,653,-228,251479640,0.087361111111111112
2018-06-17 00:00:00 UTC,653,-229,251479640,4.3901388888888881
2018-06-17 00:00:00 UTC,653,-137,251307110,0.40180555555555553
2018-06-17 00:00:00 UTC,653,-135,251307110,4.0404166666666654
2018-06-17 00:00:00 UTC,653,-134,251307110,1.6913888888888888
2018-06-17 00:00:00 UTC,653,-130,251014000,1.9752777777777777
2018-06-17 00:00:00 UTC,653,-131,251014000,2.5395833333333333
2018-06-17 00:00:00 UTC,653,-133,251014000,0.41500000000000004
2018-06-17 00:00:00 UTC,653,-132,251014000,1.8666666666666667
2018-06-17 00:00:00 UTC,653,-129,251014000,1.0158333333333334
2018-06-17 00:00:00 UTC,653,-230,251431840,2.7481944444444442
2018-06-17 00:00:00 UTC,653,-227,251431840,1.9833333333333332
2018-06-17 00:00:00 UTC,653,-228,251431840,2.0988888888888888
2018-06-17 00:00:00 UTC,653,-229,251431840,0.41361111111111115
2018-06-17 00:00:00 UTC,653,10,273526700,0.86569444444444443
2018-06-17 00:00:00 UTC,653,9,273526700,0.51805555555555549
2018-06-17 00:00:00 UTC,653,8,273526700,0.26111111111111113
2018-06-17 00:00:00 UTC,653,11,273526700,0.64180555555555563
2018-06-17 00:00:00 UTC,653,12,273526700,1.742777777777778
2018-06-17 00:00:00 UTC,653,-124,251848370,1.4027777777777777
2018-06-17 00:00:00 UTC,653,-127,251848370,0.35847222222222219
2018-06-17 00:00:00 UTC,653,-126,251848370,3.4873611111111114
2018-06-17 00:00:00 UTC,653,-125,251848370,4.445555555555555
2018-06-17 00:00:00 UTC,653,-225,251846340,4.160277777777778
2018-06-17 00:00:00 UTC,653,-226,251846340,3.0705555555555555
2018-06-17 00:00:00 UTC,653,-228,251479540,2.7729166666666667
2018-06-17 00:00:00 UTC,-371,-738,725000199,0.11374999999999999
2018-06-17 00:00:00 UTC,-371,-738,725000460,1.2112500000000002
2018-06-17 00:00:00 UTC,-371,303,416011800,0.78597222222222229
2018-06-17 00:00:00 UTC,-371,298,416745000,1.8772222222222219
2018-06-17 00:00:00 UTC,-371,287,664137000,1.9402777777777782
2018-06-17 00:00:00 UTC,-371,1795,512082000,0.46499999999999997
2018-06-17 00:00:00 UTC,-371,294,416060500,0.8684722222222222
2018-06-17 00:00:00 UTC,-371,293,416060500,1.0843055555555556
2018-06-17 00:00:00 UTC,-371,297,664060000,0.39763888888888888
2018-06-17 00:00:00 UTC,-371,301,664060000,0.14791666666666667
2018-06-17 00:00:00 UTC,-371,296,664060000,1.310972222222222
2018-06-17 00:00:00 UTC,-371,300,664060000,1.7447222222222218
2018-06-17 00:00:00 UTC,-371,292,416625000,2.3115277777777776
2018-06-17 00:00:00 UTC,-371,291,416625000,4.2440277777777782
2018-06-17 00:00:00 UTC,-371,1585,431702640,0.68708333333333338
2018-06-17 00:00:00 UTC,-371,1583,431702640,0.86152777777777778
2018-06-17 00:00:00 UTC,-371,1584,431702640,0.46305555555555555
2018-06-17 00:00:00 UTC,-371,1581,431702640,0.46749999999999997
2018-06-17 00:00:00 UTC,-371,286,416005500,1.5415277777777776
2018-06-17 00:00:00 UTC,-371,1794,512003467,4.06625
2018-06-17 00:00:00 UTC,-371,287,416826000,0.25611111111111112
2018-06-17 00:00:00 UTC,-371,288,416826000,0.41666666666666663
2018-06-17 00:00:00 UTC,-371,287,416879000,1.5893055555555555
2018-06-17 00:00:00 UTC,-371,288,416879000,0.24958333333333332
2018-06-17 00:00:00 UTC,-371,301,416857000,1.6312499999999999
2018-06-17 00:00:00 UTC,-371,286,416803000,1.5676388888888888
2018-06-17 00:00:00 UTC,-371,285,416803000,1.3155555555555556
2018-06-17 00:00:00 UTC,-371,289,664216000,0.15486111111111112
2018-06-17 00:00:00 UTC,-371,288,664216000,3.3947222222222231
2018-06-17 00:00:00 UTC,-371,1795,512001495,3.5626388888888894
2018-06-17 00:00:00 UTC,-371,-738,725005800,1.4249999999999998
2018-06-17 00:00:00 UTC,-115,134,224047890,0.21972222222222221
2018-06-17 00:00:00 UTC,-115,133,224047890,5.6870833333333337
2018-06-17 00:00:00 UTC,-115,133,224069140,1.5808333333333333
2018-06-17 00:00:00 UTC,-115,133,224935000,4.5011111111111113
2018-06-17 00:00:00 UTC,-115,134,224935000,1.0655555555555556
2018-06-17 00:00:00 UTC,-115,-248,263580000,0.12138888888888889
2018-06-17 00:00:00 UTC,-115,-1218,432454000,1.5831944444444452
2018-06-17 00:00:00 UTC,-115,133,224133000,2.7334722222222223
2018-06-17 00:00:00 UTC,-115,132,224133000,0.34638888888888891
2018-06-17 00:00:00 UTC,-115,1744,520271000,1.6318055555555557
2018-06-17 00:00:00 UTC,-115,1624,412500157,2.222777777777778
2018-06-17 00:00:00 UTC,-115,133,224952000,4.7141666666666655
2018-06-17 00:00:00 UTC,-115,133,659416000,4.4809722222222206
2018-06-17 00:00:00 UTC,142,-173,663178000,1.8033333333333332
2018-06-17 00:00:00 UTC,142,-1563,432468000,2.1519444444444442
2018-06-17 00:00:00 UTC,142,-1567,432468000,1.1809722222222221
2018-06-17 00:00:00 UTC,142,1569,416002858,1.7716666666666669
2018-06-17 00:00:00 UTC,142,-176,663102000,3.8940277777777772
2018-06-17 00:00:00 UTC,142,-927,345140016,12.076944444444443
2018-06-17 00:00:00 UTC,142,-926,345140016,1.6040277777777778
2018-06-17 00:00:00 UTC,142,-173,663176000,1.6694444444444447
2018-06-17 00:00:00 UTC,142,-1575,440125000,1.6241666666666668
2018-06-17 00:00:00 UTC,142,-1582,440786000,0.32097222222222221
2018-06-17 00:00:00 UTC,142,-1584,440786000,2.4812499999999997
2018-06-17 00:00:00 UTC,142,-1590,440786000,0.65888888888888886
2018-06-17 00:00:00 UTC,142,-1583,440786000,1.59375
2018-06-17 00:00:00 UTC,142,-1589,440786000,1.6320833333333333
2018-06-17 00:00:00 UTC,142,-173,663175000,1.1024999999999998
2018-06-17 00:00:00 UTC,142,-172,663175000,0.93916666666666648
2018-06-17 00:00:00 UTC,142,-1618,440656000,1.2508333333333332
2018-06-17 00:00:00 UTC,142,-1597,440986000,0.94958333333333333
2018-06-17 00:00:00 UTC,142,-176,663129000,10.114583333333332
2018-06-17 00:00:00 UTC,142,-1574,441038000,0.6923611111111112
2018-06-17 00:00:00 UTC,142,-176,663138000,2.2120833333333327
2018-06-17 00:00:00 UTC,142,-1574,441825000,1.0569444444444445
2018-06-17 00:00:00 UTC,142,1289,200020717,0.5708333333333333
2018-06-17 00:00:00 UTC,398,-728,366848260,5.339027777777777
2018-06-17 00:00:00 UTC,398,-727,366848260,14.473333333333331
2018-06-17 00:00:00 UTC,398,-95,263477000,2.8534722222222215
2018-06-17 00:00:00 UTC,398,-94,263477000,1.8788888888888886
2018-06-17 00:00:00 UTC,398,2,224040470,1.6634722222222222
2018-06-17 00:00:00 UTC,398,-726,367059740,5.5831944444444446
2018-06-17 00:00:00 UTC,398,-727,367059740,8.34763888888889
2018-06-17 00:00:00 UTC,398,-728,367662110,5.9665277777777783
2018-06-17 00:00:00 UTC,398,-729,367662110,0.275
2018-06-17 00:00:00 UTC,398,-96,263409950,0.61569444444444454
2018-06-17 00:00:00 UTC,398,-95,263409950,3.4001388888888888
2018-06-17 00:00:00 UTC,398,1478,412440382,4.8609722222222222
2018-06-17 00:00:00 UTC,398,-93,263432000,2.2795833333333335
2018-06-17 00:00:00 UTC,398,-94,263432000,12.187222222222221
2018-06-17 00:00:00 UTC,398,-719,338224707,0.87791666666666657
2018-06-17 00:00:00 UTC,398,1503,431002191,0.26125
2018-06-17 00:00:00 UTC,398,-741,367424880,2.7520833333333332
2018-06-17 00:00:00 UTC,398,-740,367424880,4.0773611111111112
2018-06-17 00:00:00 UTC,398,1473,412596853,7.593055555555555
2018-06-17 00:00:00 UTC,398,1471,412596853,9.17736111111111
2018-06-17 00:00:00 UTC,398,1472,412596853,7.7956944444444449
2018-06-17 00:00:00 UTC,398,-741,367485580,1.8154166666666667
2018-06-17 00:00:00 UTC,398,1475,412421008,0.59430555555555553
2018-06-17 00:00:00 UTC,398,1474,412421009,5.3248611111111108
2018-06-17 00:00:00 UTC,398,1,224071340,1.65375
2018-06-17 00:00:00 UTC,398,-93,263235000,7.0430555555555561
2018-06-17 00:00:00 UTC,398,-94,263235000,1.6231944444444442
2018-06-17 00:00:00 UTC,398,1476,412421063,6.5443055555555558
2018-06-17 00:00:00 UTC,398,-461,224173000,0.059166666666666666
2018-06-17 00:00:00 UTC,398,-454,224173000,0.69208333333333327
2018-06-17 00:00:00 UTC,398,-726,366991820,16.577499999999997
2018-06-17 00:00:00 UTC,398,1475,412421075,0.38958333333333334
2018-06-17 00:00:00 UTC,398,-728,367652820,3.8905555555555544
2018-06-17 00:00:00 UTC,398,-727,367652820,13.039027777777779
2018-06-17 00:00:00 UTC,398,-1,224256220,0.62638888888888888
2018-06-17 00:00:00 UTC,398,1,224256220,0.86833333333333329
2018-06-17 00:00:00 UTC,398,-96,263435250,1.5780555555555553
2018-06-17 00:00:00 UTC,398,-1,224047870,0.30430555555555555
2018-06-17 00:00:00 UTC,398,1,224193790,0.28333333333333333
2018-06-17 00:00:00 UTC,654,-225,251140110,0.63666666666666683
2018-06-17 00:00:00 UTC,654,-226,251140110,1.4990277777777778
2018-06-17 00:00:00 UTC,654,-224,251140110,2.2805555555555559
2018-06-17 00:00:00 UTC,654,-224,251271440,1.0997222222222223
2018-06-17 00:00:00 UTC,654,-226,251271440,2.9194444444444443
2018-06-17 00:00:00 UTC,654,-225,251271440,0.51611111111111119
2018-06-17 00:00:00 UTC,654,-228,251138840,1.1450000000000002
2018-06-17 00:00:00 UTC,654,-230,251422240,0.59972222222222227
2018-06-17 00:00:00 UTC,654,-229,251422240,3.3355555555555552
2018-06-17 00:00:00 UTC,654,-280,251155000,0.68916666666666671
2018-06-17 00:00:00 UTC,654,-279,251155000,0.75972222222222219
2018-06-17 00:00:00 UTC,654,-280,251464000,2.4794444444444443
2018-06-17 00:00:00 UTC,654,-229,251479640,0.13083333333333333
2018-06-17 00:00:00 UTC,654,-231,251562340,0.42069444444444448
2018-06-17 00:00:00 UTC,654,-230,251562340,0.42569444444444443
2018-06-17 00:00:00 UTC,654,-129,251014000,1.9163888888888891
2018-06-17 00:00:00 UTC,654,-231,251342740,3.8238888888888893
2018-06-17 00:00:00 UTC,654,-232,251342740,0.21055555555555555
2018-06-17 00:00:00 UTC,654,-230,251342740,4.3104166666666659
2018-06-17 00:00:00 UTC,654,-228,251431840,0.64208333333333334
2018-06-17 00:00:00 UTC,654,-227,251431840,1.3011111111111111
2018-06-17 00:00:00 UTC,654,-281,251790000,2.2223611111111112
2018-06-17 00:00:00 UTC,654,-280,251790000,4.475
2018-06-17 00:00:00 UTC,654,-251,251772110,8.8497222222222209
2018-06-17 00:00:00 UTC,654,-250,251772110,2.3861111111111115
2018-06-17 00:00:00 UTC,654,-252,251772110,0.97652777777777777
2018-06-17 00:00:00 UTC,654,-227,251479540,1.0951388888888889
2018-06-17 00:00:00 UTC,-370,298,416745000,2.5734722222222226
2018-06-17 00:00:00 UTC,-370,1796,512082000,0.68930555555555562
2018-06-17 00:00:00 UTC,-370,301,664060000,3.2574999999999994
2018-06-17 00:00:00 UTC,-370,291,416625000,4.1648611111111116
2018-06-17 00:00:00 UTC,-370,287,416005500,1.5529166666666665
2018-06-17 00:00:00 UTC,-370,286,416005500,0.45319444444444446
2018-06-17 00:00:00 UTC,-370,1795,512003467,2.658611111111111
2018-06-17 00:00:00 UTC,-370,1793,512003467,0.75430555555555556
2018-06-17 00:00:00 UTC,-370,1794,512003467,6.6615277777777786
2018-06-17 00:00:00 UTC,-370,301,416857000,1.2791666666666668
2018-06-17 00:00:00 UTC,-370,291,416803000,0.5
2018-06-17 00:00:00 UTC,-370,290,416803000,0.97875
2018-06-17 00:00:00 UTC,-370,288,416803000,3.7324999999999995
2018-06-17 00:00:00 UTC,-370,287,416803000,5.0909722222222236
2018-06-17 00:00:00 UTC,-370,286,416803000,1.532777777777778
2018-06-17 00:00:00 UTC,-370,289,664216000,0.39527777777777778
2018-06-17 00:00:00 UTC,-370,290,664216000,5.3827777777777781
2018-06-17 00:00:00 UTC,-370,1796,512001495,0.29236111111111113
2018-06-17 00:00:00 UTC,-370,1795,512001495,1.0069444444444444
2018-06-17 00:00:00 UTC,-114,134,224047890,6.2469444444444466
2018-06-17 00:00:00 UTC,-114,133,224047890,0.90125
2018-06-17 00:00:00 UTC,-114,-40,412201812,4.6033333333333335
2018-06-17 00:00:00 UTC,-114,-34,412201812,0.37638888888888888
2018-06-17 00:00:00 UTC,-114,133,224935000,0.4334722222222222
2018-06-17 00:00:00 UTC,-114,134,224935000,0.65847222222222213
2018-06-17 00:00:00 UTC,-114,-1219,432454000,1.5829166666666656
2018-06-17 00:00:00 UTC,-114,-1218,432454000,0.24180555555555552
2018-06-17 00:00:00 UTC,-114,1743,520271000,2.0223611111111111
2018-06-17 00:00:00 UTC,-114,1742,520271000,0.70694444444444438
2018-06-17 00:00:00 UTC,-114,1622,412500157,0.20041666666666666
2018-06-17 00:00:00 UTC,-114,1623,412500157,3.7005555555555549
2018-06-17 00:00:00 UTC,-114,134,659416000,0.6661111111111111
2018-06-17 00:00:00 UTC,-114,133,659416000,2.6852777777777783
2018-06-17 00:00:00 UTC,143,-173,663178000,1.7601388888888883
2018-06-17 00:00:00 UTC,143,-1563,432468000,0.65902777777777777
2018-06-17 00:00:00 UTC,143,-1564,432468000,0.29458333333333331
2018-06-17 00:00:00 UTC,143,1569,416002858,7.57375
2018-06-17 00:00:00 UTC,143,-176,663102000,0.7961111111111111
2018-06-17 00:00:00 UTC,143,-177,663102000,1.3330555555555554
2018-06-17 00:00:00 UTC,143,-928,345140016,3.5558333333333336
2018-06-17 00:00:00 UTC,143,-173,663176000,1.5833333333333335
2018-06-17 00:00:00 UTC,143,-1575,440125000,2.0176388888888885
2018-06-17 00:00:00 UTC,143,-1590,440786000,0.31944444444444442
2018-06-17 00:00:00 UTC,143,-1589,440935000,0.44180555555555556
2018-06-17 00:00:00 UTC,143,-1587,440935000,1.6969444444444446
2018-06-17 00:00:00 UTC,143,-1588,440935000,1.71875
2018-06-17 00:00:00 UTC,143,-1587,440871000,0.19597222222222221
2018-06-17 00:00:00 UTC,143,-173,663175000,1.5263888888888888
2018-06-17 00:00:00 UTC,143,-1573,440966000,1.0000000000000002
2018-06-17 00:00:00 UTC,143,-1584,440847000,0.95444444444444421
2018-06-17 00:00:00 UTC,143,-1573,441038000,0.66208333333333336
2018-06-17 00:00:00 UTC,143,-1574,441038000,0.63361111111111112
2018-06-17 00:00:00 UTC,143,-1648,440504000,0.51625
2018-06-17 00:00:00 UTC,143,-1646,440504000,0.52347222222222234
2018-06-17 00:00:00 UTC,143,-1647,440504000,0.74263888888888885
2018-06-17 00:00:00 UTC,143,-1645,440504000,2.1249999999999996
2018-06-17 00:00:00 UTC,143,-177,663138000,0.14125
2018-06-17 00:00:00 UTC,143,-176,663138000,1.1004166666666666
2018-06-17 00:00:00 UTC,143,-1574,441825000,2.0488888888888885
2018-06-17 00:00:00 UTC,143,-1572,440246000,1.0511111111111111
2018-06-17 00:00:00 UTC,399,-93,263477000,0.9194444444444444
2018-06-17 00:00:00 UTC,399,-94,263477000,0.43486111111111109
2018-06-17 00:00:00 UTC,399,-95,263477000,3.9697222222222224
2018-06-17 00:00:00 UTC,399,-97,204255000,10.535694444444445
2018-06-17 00:00:00 UTC,399,-96,263409950,1.265138888888889
2018-06-17 00:00:00 UTC,399,-94,263409950,1.0372222222222223
2018-06-17 00:00:00 UTC,399,-95,263409950,3.5008333333333335
2018-06-17 00:00:00 UTC,399,1479,412440382,11.827361111111111
2018-06-17 00:00:00 UTC,399,-466,224253000,5.0275
2018-06-17 00:00:00 UTC,399,-465,224253000,0.75541666666666663
2018-06-17 00:00:00 UTC,399,1505,431002191,2.5030555555555556
2018-06-17 00:00:00 UTC,399,1504,431002191,0.16680555555555554
2018-06-17 00:00:00 UTC,399,1482,412440423,7.4241666666666664
2018-06-17 00:00:00 UTC,399,1480,412440434,11.094027777777779
2018-06-17 00:00:00 UTC,399,1477,412440435,13.307499999999997
2018-06-17 00:00:00 UTC,399,1475,412440437,4.4261111111111111
2018-06-17 00:00:00 UTC,399,1474,412440437,8.4790277777777767
2018-06-17 00:00:00 UTC,399,1471,412596353,14.896527777777779
2018-06-17 00:00:00 UTC,399,1470,412596353,20.54847222222222
2018-06-17 00:00:00 UTC,399,1475,412421008,6.6413888888888888
2018-06-17 00:00:00 UTC,399,1474,412421008,4.9984722222222215
2018-06-17 00:00:00 UTC,399,1474,412421009,7.2137499999999992
2018-06-17 00:00:00 UTC,399,1475,412421011,30.759722222222223
2018-06-17 00:00:00 UTC,399,1474,412421012,7.6865277777777772
2018-06-17 00:00:00 UTC,399,-93,263235000,3.8605555555555555
2018-06-17 00:00:00 UTC,399,-94,263235000,2.0519444444444446
2018-06-17 00:00:00 UTC,399,-95,263235000,1.8615277777777779
2018-06-17 00:00:00 UTC,399,-459,224173000,0.48541666666666666
2018-06-17 00:00:00 UTC,399,-461,224173000,0.066388888888888886
2018-06-17 00:00:00 UTC,399,-460,224173000,0.8583333333333335
2018-06-17 00:00:00 UTC,399,-727,366991820,3.8590277777777775
2018-06-17 00:00:00 UTC,399,-96,263435250,1.653888888888889
2018-06-17 00:00:00 UTC,399,2,224193790,1.0469444444444445
2018-06-17 00:00:00 UTC,655,-250,251850540,1.5762500000000002
2018-06-17 00:00:00 UTC,655,-251,251850540,3.6937499999999996
2018-06-17 00:00:00 UTC,655,-279,251155000,0.67624999999999991
2018-06-17 00:00:00 UTC,655,-281,251155000,3.5723611111111118
2018-06-17 00:00:00 UTC,655,-280,251155000,4.1974999999999989
2018-06-17 00:00:00 UTC,655,-282,251464000,5.02277777777778
2018-06-17 00:00:00 UTC,655,-281,251464000,4.1484722222222228
2018-06-17 00:00:00 UTC,655,-280,251464000,1.4158333333333333
2018-06-17 00:00:00 UTC,655,-282,251790000,0.49736111111111114
2018-06-17 00:00:00 UTC,655,-281,251790000,5.173750000000001
2018-06-17 00:00:00 UTC,655,-299,218830000,0.85958333333333337
2018-06-17 00:00:00 UTC,-369,-541,770576200,0.9720833333333333
2018-06-17 00:00:00 UTC,-369,1795,512082000,2.1986111111111111
2018-06-17 00:00:00 UTC,-369,1796,512082000,1.276388888888889
2018-06-17 00:00:00 UTC,-369,301,664060000,0.87736111111111115
2018-06-17 00:00:00 UTC,-369,300,664060000,0.34805555555555556
2018-06-17 00:00:00 UTC,-369,301,416857000,1.4706944444444443
2018-06-17 00:00:00 UTC,-369,291,416803000,0.93361111111111106
2018-06-17 00:00:00 UTC,-369,287,416803000,1.0931944444444446
2018-06-17 00:00:00 UTC,-369,290,416803000,0.18069444444444444
2018-06-17 00:00:00 UTC,-369,289,416803000,2.1730555555555555
2018-06-17 00:00:00 UTC,-369,288,416803000,3.5908333333333329
2018-06-17 00:00:00 UTC,-369,-540,770576064,1.2355555555555555
2018-06-17 00:00:00 UTC,-369,-538,770576064,1.5713888888888889
2018-06-17 00:00:00 UTC,-369,-539,770576064,3.8718055555555559
2018-06-17 00:00:00 UTC,-369,-541,770576064,1.3184722222222223
2018-06-17 00:00:00 UTC,-113,134,603100175,5.7612499999999995
2018-06-17 00:00:00 UTC,-113,134,224047890,5.3951388888888872
2018-06-17 00:00:00 UTC,-113,-40,412201812,0.74555555555555553
2018-06-17 00:00:00 UTC,-113,-35,412201812,1.8147222222222221
2018-06-17 00:00:00 UTC,-113,-37,412201812,1.4484722222222222
2018-06-17 00:00:00 UTC,-113,-38,412201812,1.4506944444444445
2018-06-17 00:00:00 UTC,-113,-39,412201812,1.14375
2018-06-17 00:00:00 UTC,-113,-36,412201812,1.3333333333333333
2018-06-17 00:00:00 UTC,-113,133,224935000,0.52861111111111114
2018-06-17 00:00:00 UTC,-113,-1219,432454000,0.50569444444444445
2018-06-17 00:00:00 UTC,-113,1741,520271000,0.81833333333333336
2018-06-17 00:00:00 UTC,-113,1743,520271000,2.9363888888888887
2018-06-17 00:00:00 UTC,-113,1622,412500157,5.5213888888888887
2018-06-17 00:00:00 UTC,-113,1621,412500157,3.6777777777777771
2018-06-17 00:00:00 UTC,-113,-1267,412460013,0.079999999999999988
2018-06-17 00:00:00 UTC,144,-173,663178000,1.2394444444444446
2018-06-17 00:00:00 UTC,144,1571,416002858,3.2129166666666666
2018-06-17 00:00:00 UTC,144,-928,345140016,3.7994444444444446
2018-06-17 00:00:00 UTC,144,-173,663176000,1.8334722222222217
2018-06-17 00:00:00 UTC,144,-174,663176000,0.17458333333333331
2018-06-17 00:00:00 UTC,144,-1575,440125000,1.6451388888888889
2018-06-17 00:00:00 UTC,144,-1588,440871000,1.7056944444444442
2018-06-17 00:00:00 UTC,144,-1589,440871000,0.56944444444444442
2018-06-17 00:00:00 UTC,144,-174,663175000,0.27430555555555558
2018-06-17 00:00:00 UTC,144,-173,663175000,1.8119444444444441
2018-06-17 00:00:00 UTC,144,-1572,440966000,0.585
2018-06-17 00:00:00 UTC,144,-1573,440966000,1.2940277777777776
2018-06-17 00:00:00 UTC,144,-1584,440847000,2.0741666666666667
2018-06-17 00:00:00 UTC,144,-177,663129000,10.910277777777779
2018-06-17 00:00:00 UTC,144,-1573,441038000,0.518888888888889
2018-06-17 00:00:00 UTC,144,-1647,440504000,1.7166666666666666
2018-06-17 00:00:00 UTC,144,-1645,440504000,0.95138888888888884
2018-06-17 00:00:00 UTC,144,-1646,440504000,1.6318055555555555
2018-06-17 00:00:00 UTC,144,-1648,440504000,1.3483333333333334
2018-06-17 00:00:00 UTC,144,-1649,440504000,1.755
2018-06-17 00:00:00 UTC,144,-1650,440504000,1.4930555555555549
2018-06-17 00:00:00 UTC,144,-1611,440780000,0.57847222222222228
2018-06-17 00:00:00 UTC,144,-1612,440780000,0.77958333333333329
2018-06-17 00:00:00 UTC,144,-1610,440780000,0.37444444444444441
2018-06-17 00:00:00 UTC,144,-1613,440780000,1.5226388888888889
2018-06-17 00:00:00 UTC,144,-1574,441825000,0.74486111111111108
2018-06-17 00:00:00 UTC,144,-1581,441014000,1.5099999999999998
2018-06-17 00:00:00 UTC,144,-1576,431382000,1.3184722222222223
2018-06-17 00:00:00 UTC,144,-1572,440246000,4.9638888888888886
2018-06-17 00:00:00 UTC,400,-94,263477000,0.30361111111111111
2018-06-17 00:00:00 UTC,400,-95,263477000,3.0549999999999997
2018-06-17 00:00:00 UTC,400,-729,367787020,7.7466666666666661
2018-06-17 00:00:00 UTC,400,-728,367787020,8.7018055555555573
2018-06-17 00:00:00 UTC,400,-97,204255000,7.1766666666666667
2018-06-17 00:00:00 UTC,400,-95,263409950,1.5422222222222222
2018-06-17 00:00:00 UTC,400,17,256000058,4.0587500000000007
2018-06-17 00:00:00 UTC,400,18,256000058,9.8583333333333343
2018-06-17 00:00:00 UTC,400,1480,412440382,7.8318055555555555
2018-06-17 00:00:00 UTC,400,-465,224253000,1.0854166666666665
2018-06-17 00:00:00 UTC,400,-741,367622990,0.81916666666666671
2018-06-17 00:00:00 UTC,400,-740,367622990,3.2913888888888891
2018-06-17 00:00:00 UTC,400,1505,431002191,0.694861111111111
2018-06-17 00:00:00 UTC,400,1476,412440434,5.5530555555555559
2018-06-17 00:00:00 UTC,400,1485,200017042,2.725972222222222
2018-06-17 00:00:00 UTC,400,-92,263401880,3.701111111111111
2018-06-17 00:00:00 UTC,400,8,224026780,0.27763888888888888
2018-06-17 00:00:00 UTC,400,-303,263418780,0.41569444444444448
2018-06-17 00:00:00 UTC,400,-292,263418780,0.26763888888888887
2018-06-17 00:00:00 UTC,400,1485,200016821,4.5615277777777772
2018-06-17 00:00:00 UTC,400,1486,200016821,7.0223611111111115
2018-06-17 00:00:00 UTC,400,1484,200016821,0.67444444444444451
2018-06-17 00:00:00 UTC,400,-94,263235000,1.5759722222222221
2018-06-17 00:00:00 UTC,400,-95,263235000,1.6372222222222221
2018-06-17 00:00:00 UTC,400,1485,200016826,2.6023611111111111
2018-06-17 00:00:00 UTC,400,-458,224173000,1.0190277777777776
2018-06-17 00:00:00 UTC,400,-96,263435250,1.5362500000000003
2018-06-17 00:00:00 UTC,656,-251,251850540,4.160555555555554
2018-06-17 00:00:00 UTC,656,-280,251155000,5.7462500000000007
2018-06-17 00:00:00 UTC,656,-281,251155000,3.0105555555555554
2018-06-17 00:00:00 UTC,656,-279,251155000,1.5505555555555552
2018-06-17 00:00:00 UTC,656,-281,251464000,0.61847222222222231
2018-06-17 00:00:00 UTC,656,-282,251464000,3.2912500000000002
2018-06-17 00:00:00 UTC,656,-283,251464000,1.5680555555555555
2018-06-17 00:00:00 UTC,656,-282,251790000,4.7587499999999983
2018-06-17 00:00:00 UTC,656,-281,251790000,0.455
2018-06-17 00:00:00 UTC,656,-283,251790000,0.67208333333333325
2018-06-17 00:00:00 UTC,656,-300,218830000,6.3684722222222216
2018-06-17 00:00:00 UTC,656,-299,218830000,6.2126388888888906
2018-06-17 00:00:00 UTC,656,-132,251848640,5.8734722222222189
2018-06-17 00:00:00 UTC,656,-131,251848640,1.0759722222222221
2018-06-17 00:00:00 UTC,656,-133,251848640,2.9065277777777774
2018-06-17 00:00:00 UTC,-368,209,601053700,2.4
2018-06-17 00:00:00 UTC,-368,207,601053700,1.962777777777778
2018-06-17 00:00:00 UTC,-368,208,601053700,0.99083333333333345
2018-06-17 00:00:00 UTC,-368,-540,770576200,4.2176388888888878
2018-06-17 00:00:00 UTC,-368,-539,770576200,0.24222222222222223
2018-06-17 00:00:00 UTC,-368,-541,770576200,0.33638888888888885
2018-06-17 00:00:00 UTC,-368,1794,512082000,2.1831944444444447
2018-06-17 00:00:00 UTC,-368,1795,512082000,3.7318055555555558
2018-06-17 00:00:00 UTC,-368,207,601317000,1.3606944444444444
2018-06-17 00:00:00 UTC,-368,208,601317000,2.9981944444444446
2018-06-17 00:00:00 UTC,-368,206,601317000,2.7206944444444443
2018-06-17 00:00:00 UTC,-368,209,601317000,1.0119444444444443
2018-06-17 00:00:00 UTC,-368,303,416857000,0.0901388888888889
2018-06-17 00:00:00 UTC,-368,302,416857000,2.5462499999999992
2018-06-17 00:00:00 UTC,-368,301,416857000,0.51833333333333331
2018-06-17 00:00:00 UTC,-368,-541,770576064,0.25458333333333333
2018-06-17 00:00:00 UTC,-368,-540,770576064,5.276527777777777
2018-06-17 00:00:00 UTC,-368,-483,263564000,0.31111111111111112
2018-06-17 00:00:00 UTC,-112,134,603100175,8.0979166666666682
2018-06-17 00:00:00 UTC,-112,134,224047890,2.0491666666666664
2018-06-17 00:00:00 UTC,-112,-42,412201811,1.6265277777777778
2018-06-17 00:00:00 UTC,-112,1741,520271000,0.86125000000000007
2018-06-17 00:00:00 UTC,-112,-1271,412460013,4.0854166666666654
2018-06-17 00:00:00 UTC,-112,134,603100157,7.1622222222222227
2018-06-17 00:00:00 UTC,-112,134,603100159,1.6155555555555556
2018-06-17 00:00:00 UTC,145,-1566,432468000,0.13680555555555557
2018-06-17 00:00:00 UTC,145,-1565,432468000,0.17583333333333334
2018-06-17 00:00:00 UTC,145,-1575,440125000,1.7731944444444447
2018-06-17 00:00:00 UTC,145,-1590,440935000,0.14791666666666667
2018-06-17 00:00:00 UTC,145,-1591,440935000,0.73916666666666664
2018-06-17 00:00:00 UTC,145,-1589,440871000,1.6166666666666667
2018-06-17 00:00:00 UTC,145,-1572,440966000,3.2655555555555549
2018-06-17 00:00:00 UTC,145,-1573,440966000,1.2052777777777777
2018-06-17 00:00:00 UTC,145,-1584,440847000,1.0938888888888889
2018-06-17 00:00:00 UTC,145,-1586,440847000,0.71444444444444444
2018-06-17 00:00:00 UTC,145,-1585,440847000,1.349861111111111
2018-06-17 00:00:00 UTC,145,-1573,441038000,0.49263888888888879
2018-06-17 00:00:00 UTC,145,-1651,440504000,1.3486111111111105
2018-06-17 00:00:00 UTC,145,-1650,440504000,1.1184722222222223
2018-06-17 00:00:00 UTC,145,-1581,440045000,2.1747222222222224
2018-06-17 00:00:00 UTC,145,-1582,440045000,0.8602777777777777
2018-06-17 00:00:00 UTC,145,-1580,440045000,0.7352777777777777
2018-06-17 00:00:00 UTC,145,-1613,440780000,2.8243055555555552
2018-06-17 00:00:00 UTC,145,-1610,440780000,0.92166666666666686
2018-06-17 00:00:00 UTC,145,-1582,441014000,1.815
2018-06-17 00:00:00 UTC,145,-1581,441014000,1.13625
2018-06-17 00:00:00 UTC,145,-1575,431382000,2.92875
2018-06-17 00:00:00 UTC,145,-1576,431382000,0.32277777777777777
2018-06-17 00:00:00 UTC,145,-1572,440246000,1.3725
2018-06-17 00:00:00 UTC,401,-721,366873860,11.133472222222224
2018-06-17 00:00:00 UTC,401,-722,366873860,4.5916666666666659
2018-06-17 00:00:00 UTC,401,148,247270920,4.3931944444444451
2018-06-17 00:00:00 UTC,401,-97,263413770,5.5622222222222222
2018-06-17 00:00:00 UTC,401,-729,367787020,0.3041666666666667
2018-06-17 00:00:00 UTC,401,-728,367787020,7.6572222222222219
2018-06-17 00:00:00 UTC,401,-97,204255000,0.22416666666666668
2018-06-17 00:00:00 UTC,401,-95,263409950,1.641111111111111
2018-06-17 00:00:00 UTC,401,148,247111710,4.109861111111111
2018-06-17 00:00:00 UTC,401,-97,225353000,2.6386111111111115
2018-06-17 00:00:00 UTC,401,16,256000058,1.4141666666666666
2018-06-17 00:00:00 UTC,401,17,256000058,7.8386111111111116
2018-06-17 00:00:00 UTC,401,18,256000058,7.6526388888888892
2018-06-17 00:00:00 UTC,401,-464,224253000,0.75694444444444442
2018-06-17 00:00:00 UTC,401,-465,224253000,0.55430555555555561
2018-06-17 00:00:00 UTC,401,-740,367622990,1.2305555555555556
2018-06-17 00:00:00 UTC,401,-739,367622990,2.2109722222222219
2018-06-17 00:00:00 UTC,401,-740,367661650,1.3451388888888889
2018-06-17 00:00:00 UTC,401,-737,367661650,0.60444444444444445
2018-06-17 00:00:00 UTC,401,1477,412440432,11.000138888888888
2018-06-17 00:00:00 UTC,401,1476,412440434,12.401805555555557
2018-06-17 00:00:00 UTC,401,-91,263401880,3.3973611111111111
2018-06-17 00:00:00 UTC,401,-305,263418780,0.58277777777777773
2018-06-17 00:00:00 UTC,401,-304,263418780,1.14875
2018-06-17 00:00:00 UTC,401,-700,367129260,6.3112499999999994
2018-06-17 00:00:00 UTC,401,1485,200016826,1.7147222222222223
2018-06-17 00:00:00 UTC,401,1617,432621000,0.48055555555555557
2018-06-17 00:00:00 UTC,401,-456,224173000,0.560138888888889
2018-06-17 00:00:00 UTC,401,-457,224173000,1.1240277777777776
2018-06-17 00:00:00 UTC,401,-96,263435250,2.8176388888888888
2018-06-17 00:00:00 UTC,657,-280,251155000,0.5493055555555556
2018-06-17 00:00:00 UTC,657,-279,251155000,1.2152777777777777
2018-06-17 00:00:00 UTC,657,-278,251155000,0.17152777777777778
2018-06-17 00:00:00 UTC,657,-277,251155000,0.793888888888889
2018-06-17 00:00:00 UTC,657,-276,251464000,0.34069444444444447
2018-06-17 00:00:00 UTC,657,-279,251464000,0.69458333333333333
2018-06-17 00:00:00 UTC,657,-277,251464000,1.2076388888888889
2018-06-17 00:00:00 UTC,657,-278,251464000,0.86125000000000007
2018-06-17 00:00:00 UTC,657,-249,251287110,0.29986111111111108
2018-06-17 00:00:00 UTC,657,-135,251073110,0.56305555555555553
2018-06-17 00:00:00 UTC,657,-134,251073110,1.806388888888889
2018-06-17 00:00:00 UTC,657,-133,251073110,2.0425000000000004
2018-06-17 00:00:00 UTC,657,-132,251073110,1.1133333333333333
2018-06-17 00:00:00 UTC,657,-144,251013000,0.67333333333333334
2018-06-17 00:00:00 UTC,657,-527,258084000,0.56944444444444442
2018-06-17 00:00:00 UTC,657,-276,251790000,0.95319444444444446
2018-06-17 00:00:00 UTC,657,-281,251790000,0.40347222222222223
2018-06-17 00:00:00 UTC,657,-278,251790000,1.0363888888888888
2018-06-17 00:00:00 UTC,657,-279,251790000,0.65597222222222229
2018-06-17 00:00:00 UTC,657,-277,251790000,1.0486111111111112
2018-06-17 00:00:00 UTC,657,-280,251790000,1.4198611111111115
2018-06-17 00:00:00 UTC,657,-299,218830000,8.5683333333333316
2018-06-17 00:00:00 UTC,657,-298,218830000,0.57527777777777778
2018-06-17 00:00:00 UTC,657,-300,218830000,1.2031944444444447
2018-06-17 00:00:00 UTC,657,-128,251848640,0.65791666666666659
2018-06-17 00:00:00 UTC,657,-129,251848640,0.60013888888888889
2018-06-17 00:00:00 UTC,657,-130,251848640,0.25777777777777777
2018-06-17 00:00:00 UTC,657,-127,251848640,0.18708333333333332
2018-06-17 00:00:00 UTC,657,-272,251036110,0.87097222222222215
2018-06-17 00:00:00 UTC,657,-277,251036110,0.60569444444444442
2018-06-17 00:00:00 UTC,657,-276,251036110,0.70486111111111116
2018-06-17 00:00:00 UTC,657,-271,251036110,0.15611111111111109
2018-06-17 00:00:00 UTC,-367,206,601053700,4.2244444444444449
2018-06-17 00:00:00 UTC,-367,306,416011800,1.6469444444444445
2018-06-17 00:00:00 UTC,-367,-539,770576200,9.9418055555555576
2018-06-17 00:00:00 UTC,-367,-538,770576200,4.4397222222222226
2018-06-17 00:00:00 UTC,-367,202,601318000,4.3187500000000005
2018-06-17 00:00:00 UTC,-367,206,601317000,0.3288888888888889
2018-06-17 00:00:00 UTC,-367,207,601317000,0.69555555555555548
2018-06-17 00:00:00 UTC,-367,303,416857000,1.0613888888888892
2018-06-17 00:00:00 UTC,-367,302,416857000,2.0391666666666666
2018-06-17 00:00:00 UTC,-367,-540,770576064,0.21541666666666665
2018-06-17 00:00:00 UTC,-367,-539,770576064,2.5405555555555557
2018-06-17 00:00:00 UTC,-367,-534,770565353,1.1045833333333335
2018-06-17 00:00:00 UTC,-111,134,603100175,9.1668055555555572
2018-06-17 00:00:00 UTC,-111,134,224047890,3.5077777777777781
2018-06-17 00:00:00 UTC,-111,1460,431380000,1.4825000000000002
2018-06-17 00:00:00 UTC,-111,1461,431380000,0.69805555555555565
2018-06-17 00:00:00 UTC,-111,1459,431380000,1.1201388888888888
2018-06-17 00:00:00 UTC,-111,-799,760001090,6.198888888888888
2018-06-17 00:00:00 UTC,-111,-45,412201811,1.5863888888888888
2018-06-17 00:00:00 UTC,-111,-44,412201811,1.4834722222222221
2018-06-17 00:00:00 UTC,-111,-46,412201811,0.56541666666666668
2018-06-17 00:00:00 UTC,-111,-42,412201811,3.6268055555555554
2018-06-17 00:00:00 UTC,-111,-1220,432454000,1.5768055555555556
2018-06-17 00:00:00 UTC,-111,1742,520271000,2.3563888888888891
2018-06-17 00:00:00 UTC,-111,1740,520271000,1.2762499999999999
2018-06-17 00:00:00 UTC,-111,134,603100157,7.31125
2018-06-17 00:00:00 UTC,-111,134,603100159,2.6493055555555554
2018-06-17 00:00:00 UTC,146,-1567,432468000,0.47041666666666665
2018-06-17 00:00:00 UTC,146,-1566,432468000,0.98138888888888887
2018-06-17 00:00:00 UTC,146,-1649,440617000,0.7895833333333333
2018-06-17 00:00:00 UTC,146,-1641,440617000,0.077083333333333337
2018-06-17 00:00:00 UTC,146,-1642,440617000,0.41611111111111115
2018-06-17 00:00:00 UTC,146,-1650,440617000,3.8551388888888889
2018-06-17 00:00:00 UTC,146,1571,416002858,0.99069444444444443
2018-06-17 00:00:00 UTC,146,-1575,440125000,1.472777777777778
2018-06-17 00:00:00 UTC,146,-1591,440935000,1.0938888888888889
2018-06-17 00:00:00 UTC,146,-1592,440935000,1.7073611111111107
2018-06-17 00:00:00 UTC,146,-1590,440871000,1.4277777777777778
2018-06-17 00:00:00 UTC,146,-1591,440871000,1.5265277777777775
2018-06-17 00:00:00 UTC,146,-175,228967000,0.24361111111111111
2018-06-17 00:00:00 UTC,146,-174,228967000,0.079444444444444443
2018-06-17 00:00:00 UTC,146,-1579,440517000,0.16833333333333333
2018-06-17 00:00:00 UTC,146,-1584,440847000,0.62902777777777774
2018-06-17 00:00:00 UTC,146,-1586,440847000,1.6079166666666664
2018-06-17 00:00:00 UTC,146,-1572,441038000,1.2572222222222222
2018-06-17 00:00:00 UTC,146,-1573,441038000,1.1031944444444444
2018-06-17 00:00:00 UTC,146,-1651,440504000,0.47416666666666663
2018-06-17 00:00:00 UTC,146,-1650,440504000,6.278611111111112
2018-06-17 00:00:00 UTC,146,-1582,440045000,1.6111111111111112
2018-06-17 00:00:00 UTC,146,-1583,440045000,0.66416666666666668
2018-06-17 00:00:00 UTC,146,1782,416631000,1.9379166666666667
2018-06-17 00:00:00 UTC,146,1776,416631000,3.392638888888889
2018-06-17 00:00:00 UTC,146,1779,416631000,3.7618055555555556
2018-06-17 00:00:00 UTC,146,1781,416631000,2.36375
2018-06-17 00:00:00 UTC,146,-1610,440780000,0.79555555555555546
2018-06-17 00:00:00 UTC,146,-1583,441014000,1.6322222222222222
2018-06-17 00:00:00 UTC,146,-1575,431382000,1.8090277777777777
2018-06-17 00:00:00 UTC,146,1581,431414000,0.61888888888888893
2018-06-17 00:00:00 UTC,146,1584,431414000,4.2558333333333334
2018-06-17 00:00:00 UTC,146,1582,431414000,2.3127777777777778
2018-06-17 00:00:00 UTC,146,1579,431414000,0.69805555555555565
2018-06-17 00:00:00 UTC,146,1578,431414000,0.41569444444444448
2018-06-17 00:00:00 UTC,146,1580,431414000,0.67736111111111108
2018-06-17 00:00:00 UTC,146,1586,431414000,2.2945833333333336
2018-06-17 00:00:00 UTC,402,-722,366873860,5.7791666666666677
2018-06-17 00:00:00 UTC,402,-97,263413770,16.362083333333338
2018-06-17 00:00:00 UTC,402,-96,263413770,0.25305555555555553
2018-06-17 00:00:00 UTC,402,-94,263409950,0.62416666666666665
2018-06-17 00:00:00 UTC,402,-95,263409950,0.62430555555555545
2018-06-17 00:00:00 UTC,402,-97,225353000,6.1340277777777787
2018-06-17 00:00:00 UTC,402,-464,224253000,3.0138888888888888
2018-06-17 00:00:00 UTC,402,-91,263442000,1.5350000000000001
2018-06-17 00:00:00 UTC,402,-740,367661650,1.3854166666666667
2018-06-17 00:00:00 UTC,402,-740,367050080,2.3398611111111114
2018-06-17 00:00:00 UTC,402,-90,263451000,0.2025
2018-06-17 00:00:00 UTC,402,-91,263451000,0.60722222222222222
2018-06-17 00:00:00 UTC,402,-1249,366804620,1.930277777777778
2018-06-17 00:00:00 UTC,402,-1252,366804620,0.3372222222222222
2018-06-17 00:00:00 UTC,402,-1251,366804620,1.8419444444444442
2018-06-17 00:00:00 UTC,402,-1247,366804620,1.0079166666666666
2018-06-17 00:00:00 UTC,402,-1250,366804620,1.1045833333333335
2018-06-17 00:00:00 UTC,402,-1248,366804620,0.53333333333333333
2018-06-17 00:00:00 UTC,402,-1245,366804620,2.6047222222222226
2018-06-17 00:00:00 UTC,402,-91,263401880,3.6608333333333332
2018-06-17 00:00:00 UTC,402,-306,263418780,1.0286111111111109
2018-06-17 00:00:00 UTC,402,-305,263418780,0.35555555555555551
2018-06-17 00:00:00 UTC,402,-307,263418780,0.165
2018-06-17 00:00:00 UTC,402,1491,412440479,6.7356944444444444
2018-06-17 00:00:00 UTC,402,-454,224173000,4.0763888888888893
2018-06-17 00:00:00 UTC,402,-456,224173000,1.3704166666666668
2018-06-17 00:00:00 UTC,402,-455,224173000,0.90097222222222217
2018-06-17 00:00:00 UTC,402,1220,413568989,0.41986111111111107
2018-06-17 00:00:00 UTC,402,1219,413568989,1.3830555555555557
2018-06-17 00:00:00 UTC,402,-96,263435250,1.3245833333333334
2018-06-17 00:00:00 UTC,658,-276,251464000,0.52652777777777782
2018-06-17 00:00:00 UTC,658,-275,251464000,1.3330555555555554
2018-06-17 00:00:00 UTC,658,-249,251287110,1.6113888888888888
2018-06-17 00:00:00 UTC,658,-249,251026000,0.91013888888888894
2018-06-17 00:00:00 UTC,658,-144,251013000,0.59652777777777777
2018-06-17 00:00:00 UTC,658,-275,251790000,0.31347222222222221
2018-06-17 00:00:00 UTC,658,-298,218830000,0.4125
2018-06-17 00:00:00 UTC,658,-268,251107000,1.37625
2018-06-17 00:00:00 UTC,658,-269,251107000,1.0286111111111111
2018-06-17 00:00:00 UTC,658,-275,251036110,0.52208333333333334
2018-06-17 00:00:00 UTC,658,-274,251036110,0.79583333333333339
2018-06-17 00:00:00 UTC,658,-273,251036110,0.28291666666666665
2018-06-17 00:00:00 UTC,658,-271,251036110,0.64361111111111113
2018-06-17 00:00:00 UTC,658,-270,251036110,0.7548611111111112
2018-06-17 00:00:00 UTC,658,-268,251025110,1.1652777777777779
2018-06-17 00:00:00 UTC,-366,306,416011800,0.7959722222222223
2018-06-17 00:00:00 UTC,-366,307,416011800,1.4613888888888888
2018-06-17 00:00:00 UTC,-366,-538,770576200,0.56972222222222224
2018-06-17 00:00:00 UTC,-366,-539,770576200,3.3170833333333336
2018-06-17 00:00:00 UTC,-366,201,601318000,3.2120833333333327
2018-06-17 00:00:00 UTC,-366,202,601318000,1.5379166666666664
2018-06-17 00:00:00 UTC,-366,302,416857000,0.06611111111111112
2018-06-17 00:00:00 UTC,-366,-538,770576064,6.125
2018-06-17 00:00:00 UTC,-366,-539,770576064,0.83458333333333334
2018-06-17 00:00:00 UTC,-366,-374,416132600,8.902638888888891
2018-06-17 00:00:00 UTC,-366,-375,416132600,0.33333333333333337
2018-06-17 00:00:00 UTC,-110,134,603100175,0.34249999999999997
2018-06-17 00:00:00 UTC,-110,1459,431380000,0.25805555555555559
2018-06-17 00:00:00 UTC,-110,1458,431380000,1.0766666666666667
2018-06-17 00:00:00 UTC,-110,1460,431380000,0.71458333333333335
2018-06-17 00:00:00 UTC,-110,-799,760001090,0.83916666666666662
2018-06-17 00:00:00 UTC,-110,-50,412201811,3.3191666666666668
2018-06-17 00:00:00 UTC,-110,-42,412201811,1.3459722222222221
2018-06-17 00:00:00 UTC,-110,-41,412201811,0.6134722222222222
2018-06-17 00:00:00 UTC,-110,-49,412201811,0.59569444444444442
2018-06-17 00:00:00 UTC,-110,-46,412201811,0.76847222222222222
2018-06-17 00:00:00 UTC,-110,-47,412201811,4.0031944444444445
2018-06-17 00:00:00 UTC,-110,-14,412201815,4.611527777777777
2018-06-17 00:00:00 UTC,-110,-13,412201815,0.82416666666666671
2018-06-17 00:00:00 UTC,-110,-11,412201815,2.7561111111111112
2018-06-17 00:00:00 UTC,-110,-19,412201815,4.5641666666666669
2018-06-17 00:00:00 UTC,-110,1742,520271000,1.3481944444444443
2018-06-17 00:00:00 UTC,-110,133,603100157,5.5725000000000007
2018-06-17 00:00:00 UTC,-110,134,603100157,3.9655555555555555
2018-06-17 00:00:00 UTC,-110,134,603100159,6.3022222222222242
2018-06-17 00:00:00 UTC,-110,133,603100159,1.0868055555555556
2018-06-17 00:00:00 UTC,147,-1567,432468000,1.2086111111111111
2018-06-17 00:00:00 UTC,147,-1568,432468000,2.268472222222222
2018-06-17 00:00:00 UTC,147,-1649,440617000,1.2501388888888889
2018-06-17 00:00:00 UTC,147,-1645,440617000,1.4756944444444444
2018-06-17 00:00:00 UTC,147,-1648,440617000,1.7848611111111108
2018-06-17 00:00:00 UTC,147,-1641,440617000,2.1202777777777775
2018-06-17 00:00:00 UTC,147,-1646,440617000,1.3309722222222218
2018-06-17 00:00:00 UTC,147,-1642,440617000,0.55833333333333335
2018-06-17 00:00:00 UTC,147,-1647,440617000,2.01375
2018-06-17 00:00:00 UTC,147,-1644,440617000,0.82944444444444443
2018-06-17 00:00:00 UTC,147,1571,416002858,1.1212499999999999
2018-06-17 00:00:00 UTC,147,1572,416002858,0.73097222222222213
2018-06-17 00:00:00 UTC,147,-1575,440125000,1.7766666666666662
2018-06-17 00:00:00 UTC,147,-1592,440935000,0.22055555555555556
2018-06-17 00:00:00 UTC,147,-1593,440935000,4.3461111111111119
2018-06-17 00:00:00 UTC,147,-1592,440871000,1.1762499999999998
2018-06-17 00:00:00 UTC,147,-175,228967000,0.059861111111111115
2018-06-17 00:00:00 UTC,147,-174,228967000,2.6651388888888889
2018-06-17 00:00:00 UTC,147,-1577,440966000,0.98361111111111121
2018-06-17 00:00:00 UTC,147,-1580,440517000,0.91875
2018-06-17 00:00:00 UTC,147,-1579,440517000,1.3216666666666668
2018-06-17 00:00:00 UTC,147,-1585,440847000,0.15125
2018-06-17 00:00:00 UTC,147,-1586,440847000,1.6584722222222217
2018-06-17 00:00:00 UTC,147,-1584,440847000,0.27958333333333335
2018-06-17 00:00:00 UTC,147,-174,224089000,0.36194444444444451
2018-06-17 00:00:00 UTC,147,-1571,441038000,4.0983333333333345
2018-06-17 00:00:00 UTC,147,-1572,441038000,0.14736111111111111
2018-06-17 00:00:00 UTC,147,-1584,440045000,0.7336111111111111
2018-06-17 00:00:00 UTC,147,-1583,440045000,1.7580555555555555
2018-06-17 00:00:00 UTC,147,1776,416631000,1.7256944444444444
2018-06-17 00:00:00 UTC,147,1780,416631000,3.1041666666666665
2018-06-17 00:00:00 UTC,147,1779,416631000,2.2484722222222224
2018-06-17 00:00:00 UTC,147,1782,416631000,2.3725000000000005
2018-06-17 00:00:00 UTC,147,1777,416631000,1.9973611111111111
2018-06-17 00:00:00 UTC,147,1775,416631000,4.708333333333333
2018-06-17 00:00:00 UTC,147,-1610,440780000,0.52999999999999992
2018-06-17 00:00:00 UTC,147,-1574,441825000,1.1348611111111113
2018-06-17 00:00:00 UTC,147,-1583,441014000,0.50652777777777769
2018-06-17 00:00:00 UTC,147,-1585,441014000,0.50277777777777777
2018-06-17 00:00:00 UTC,147,-1584,441014000,1.7190277777777776
2018-06-17 00:00:00 UTC,147,-1575,431382000,2.45875
2018-06-17 00:00:00 UTC,147,-1576,431382000,1.3993055555555556
2018-06-17 00:00:00 UTC,147,1575,431414000,3.0061111111111112
2018-06-17 00:00:00 UTC,147,1581,431414000,1.6136111111111113
2018-06-17 00:00:00 UTC,147,1578,431414000,1.5043055555555558
2018-06-17 00:00:00 UTC,147,1579,431414000,1.1413888888888888
2018-06-17 00:00:00 UTC,147,1582,431414000,0.47277777777777774
2018-06-17 00:00:00 UTC,147,1576,431414000,0.4175
2018-06-17 00:00:00 UTC,147,1580,431414000,1.2862500000000001
2018-06-17 00:00:00 UTC,147,1577,431414000,3.0734722222222222
2018-06-17 00:00:00 UTC,403,147,247270920,0.28055555555555556
2018-06-17 00:00:00 UTC,403,-97,263413770,1.9566666666666666
2018-06-17 00:00:00 UTC,403,-333,204233000,4.9413888888888895
2018-06-17 00:00:00 UTC,403,-97,225353000,6.4295833333333334
2018-06-17 00:00:00 UTC,403,1221,412215105,0.45083333333333342
2018-06-17 00:00:00 UTC,403,-465,224253000,1.9970833333333333
2018-06-17 00:00:00 UTC,403,-90,263442000,0.99708333333333332
2018-06-17 00:00:00 UTC,403,-91,263442000,0.97236111111111112
2018-06-17 00:00:00 UTC,403,-1735,431700310,3.6283333333333334
2018-06-17 00:00:00 UTC,403,-1736,431700310,2.8145833333333332
2018-06-17 00:00:00 UTC,403,-90,263451000,1.8131944444444446
2018-06-17 00:00:00 UTC,403,-1250,366804620,0.76
2018-06-17 00:00:00 UTC,403,-1251,366804620,0.52597222222222217
2018-06-17 00:00:00 UTC,403,-91,263401880,0.67472222222222222
2018-06-17 00:00:00 UTC,403,-90,263401880,0.91972222222222222
2018-06-17 00:00:00 UTC,403,-309,263418780,0.16402777777777777
2018-06-17 00:00:00 UTC,403,-313,263418780,0.82833333333333325
2018-06-17 00:00:00 UTC,403,-307,263418780,0.63833333333333331
2018-06-17 00:00:00 UTC,403,-312,263418780,0.67597222222222231
2018-06-17 00:00:00 UTC,403,-308,263418780,0.68875
2018-06-17 00:00:00 UTC,403,-314,263418780,0.72569444444444442
2018-06-17 00:00:00 UTC,403,-311,263418780,0.46583333333333343
2018-06-17 00:00:00 UTC,403,148,247101880,1.0766666666666667
2018-06-17 00:00:00 UTC,403,-454,224173000,2.1793055555555556
2018-06-17 00:00:00 UTC,403,78,247094220,2.9331944444444442
2018-06-17 00:00:00 UTC,403,79,247094220,6.2527777777777773
2018-06-17 00:00:00 UTC,403,80,247094220,2.9149999999999996
2018-06-17 00:00:00 UTC,403,-96,263435250,0.99555555555555553
2018-06-17 00:00:00 UTC,403,-724,366975990,7.3123611111111106
2018-06-17 00:00:00 UTC,403,-722,366975990,0.54597222222222219
2018-06-17 00:00:00 UTC,403,-723,366975990,14.404305555555553
2018-06-17 00:00:00 UTC,659,-248,251221000,0.29694444444444446
2018-06-17 00:00:00 UTC,659,-247,251221000,0.2713888888888889
2018-06-17 00:00:00 UTC,659,-210,251361840,1.1379166666666667
2018-06-17 00:00:00 UTC,659,-209,251361840,2.5006944444444446
2018-06-17 00:00:00 UTC,659,-248,251026000,0.86750000000000016
2018-06-17 00:00:00 UTC,659,-247,251026000,1.5109722222222219
2018-06-17 00:00:00 UTC,659,-245,251026000,0.90319444444444452
2018-06-17 00:00:00 UTC,659,-246,251026000,1.3919444444444444
2018-06-17 00:00:00 UTC,659,-249,251026000,0.11694444444444445
2018-06-17 00:00:00 UTC,659,-245,251035000,0.87097222222222226
2018-06-17 00:00:00 UTC,659,-246,251269000,0.12583333333333332
2018-06-17 00:00:00 UTC,659,-247,251269000,0.2925
2018-06-17 00:00:00 UTC,659,-247,251048110,1.745972222222222
2018-06-17 00:00:00 UTC,659,-245,251048110,0.13277777777777777
2018-06-17 00:00:00 UTC,659,-249,251048110,0.83319444444444457
2018-06-17 00:00:00 UTC,659,-246,251048110,0.79986111111111113
2018-06-17 00:00:00 UTC,659,-248,251048110,1.7965277777777777
2018-06-17 00:00:00 UTC,659,-246,251427000,0.54986111111111113
2018-06-17 00:00:00 UTC,659,-245,251427000,1.4901388888888885
2018-06-17 00:00:00 UTC,659,-269,251107000,0.88305555555555559
2018-06-17 00:00:00 UTC,659,114,257153220,2.8976388888888884
2018-06-17 00:00:00 UTC,659,-247,251047110,0.29777777777777775
2018-06-17 00:00:00 UTC,659,-249,251047110,0.027638888888888886
2018-06-17 00:00:00 UTC,659,-248,251047110,0.64541666666666675
2018-06-17 00:00:00 UTC,659,-270,251036110,0.5444444444444444
2018-06-17 00:00:00 UTC,659,-269,251036110,0.98763888888888873
2018-06-17 00:00:00 UTC,659,-268,251025110,1.2934722222222221
2018-06-17 00:00:00 UTC,-365,202,601053700,4.4858333333333338
2018-06-17 00:00:00 UTC,-365,307,416011800,1.6954166666666666
2018-06-17 00:00:00 UTC,-365,308,416011800,0.51541666666666663
2018-06-17 00:00:00 UTC,-365,202,601318000,1.3693055555555556
2018-06-17 00:00:00 UTC,-365,201,601318000,3.1293055555555553
2018-06-17 00:00:00 UTC,-365,-475,263564000,0.47013888888888888
2018-06-17 00:00:00 UTC,-365,-375,416132600,2.1702777777777778
2018-06-17 00:00:00 UTC,-365,-376,416132600,1.182638888888889
2018-06-17 00:00:00 UTC,-109,1459,431380000,0.548888888888889
2018-06-17 00:00:00 UTC,-109,1458,431380000,0.987222222222222
2018-06-17 00:00:00 UTC,-109,-41,412201811,0.27916666666666667
2018-06-17 00:00:00 UTC,-109,-45,412201811,0.55041666666666667
2018-06-17 00:00:00 UTC,-109,-48,412201811,0.85625
2018-06-17 00:00:00 UTC,-109,-47,412201811,0.33013888888888887
2018-06-17 00:00:00 UTC,-109,-44,412201811,0.59166666666666667
2018-06-17 00:00:00 UTC,-109,-43,412201811,0.53319444444444442
2018-06-17 00:00:00 UTC,-109,-46,412201811,0.55402777777777779
2018-06-17 00:00:00 UTC,-109,-42,412201811,0.56763888888888892
2018-06-17 00:00:00 UTC,-109,-19,412201815,0.78055555555555556
2018-06-17 00:00:00 UTC,-109,-12,412201815,2.2041666666666666
2018-06-17 00:00:00 UTC,-109,-13,412201815,1.466388888888889
2018-06-17 00:00:00 UTC,-109,-1586,412420236,2.615277777777778
2018-06-17 00:00:00 UTC,-109,-1588,412420236,1.1852777777777779
2018-06-17 00:00:00 UTC,-109,-1583,412420236,0.93819444444444444
2018-06-17 00:00:00 UTC,-109,1742,520271000,0.77805555555555561
2018-06-17 00:00:00 UTC,-109,1741,520271000,1.5231944444444445
2018-06-17 00:00:00 UTC,-109,1649,412500156,1.9459722222222222
2018-06-17 00:00:00 UTC,-109,1370,503001080,2.9381944444444446
2018-06-17 00:00:00 UTC,-109,132,603100159,0.78305555555555539
2018-06-17 00:00:00 UTC,-109,133,603100159,5.971388888888888
2018-06-17 00:00:00 UTC,148,-1642,440617000,1.3531944444444444
2018-06-17 00:00:00 UTC,148,-1644,440617000,1.1123611111111111
2018-06-17 00:00:00 UTC,148,-1643,440617000,1.4141666666666666
2018-06-17 00:00:00 UTC,148,1571,416002858,0.20083333333333331
2018-06-17 00:00:00 UTC,148,1604,431602750,0.34652777777777777
2018-06-17 00:00:00 UTC,148,-1575,440125000,1.6923611111111108
2018-06-17 00:00:00 UTC,148,-176,663131000,0.85916666666666663
2018-06-17 00:00:00 UTC,148,-177,663131000,1.3718055555555557
2018-06-17 00:00:00 UTC,148,-1580,440517000,1.6095833333333331
2018-06-17 00:00:00 UTC,148,-1587,440847000,1.9016666666666662
2018-06-17 00:00:00 UTC,148,-1588,440847000,0.20375
2018-06-17 00:00:00 UTC,148,-1586,440847000,0.85500000000000032
2018-06-17 00:00:00 UTC,148,-1585,440847000,0.63402777777777775
2018-06-17 00:00:00 UTC,148,-1583,440045000,0.078333333333333338
2018-06-17 00:00:00 UTC,148,-1584,440045000,1.225694444444444
2018-06-17 00:00:00 UTC,148,-1585,440045000,1.106111111111111
2018-06-17 00:00:00 UTC,148,-1610,440780000,0.56263888888888891
2018-06-17 00:00:00 UTC,148,-1613,440780000,3.49986111111111
2018-06-17 00:00:00 UTC,148,-1576,441825000,1.0105555555555554
2018-06-17 00:00:00 UTC,148,-1574,441825000,1.8476388888888891
2018-06-17 00:00:00 UTC,148,-1585,441014000,1.4887499999999998
2018-06-17 00:00:00 UTC,148,-1586,441014000,0.87333333333333352
2018-06-17 00:00:00 UTC,404,-690,367459590,7.0995833333333334
2018-06-17 00:00:00 UTC,404,147,247270920,0.33027777777777778
2018-06-17 00:00:00 UTC,404,-736,367084070,0.61263888888888884
2018-06-17 00:00:00 UTC,404,-735,367084070,1.2001388888888891
2018-06-17 00:00:00 UTC,404,-96,225353000,4.41125
2018-06-17 00:00:00 UTC,404,-93,225353000,0.3625
2018-06-17 00:00:00 UTC,404,-97,225353000,1.2738888888888888
2018-06-17 00:00:00 UTC,404,-92,225353000,0.41291666666666665
2018-06-17 00:00:00 UTC,404,1221,412215105,0.5429166666666666
2018-06-17 00:00:00 UTC,404,-463,224253000,0.54041666666666666
2018-06-17 00:00:00 UTC,404,-462,224253000,1.4706944444444443
2018-06-17 00:00:00 UTC,404,-464,224253000,0.59847222222222229
2018-06-17 00:00:00 UTC,404,-735,367093070,1.1831944444444442
2018-06-17 00:00:00 UTC,404,-736,367093070,1.7498611111111111
2018-06-17 00:00:00 UTC,404,-690,367375440,10.314722222222223
2018-06-17 00:00:00 UTC,404,-689,367375440,9.4079166666666687
2018-06-17 00:00:00 UTC,404,-90,263442000,5.7948611111111115
2018-06-17 00:00:00 UTC,404,-690,367493730,1.3918055555555555
2018-06-17 00:00:00 UTC,404,-736,367551860,0.51680555555555552
2018-06-17 00:00:00 UTC,404,-735,367551860,0.41402777777777777
2018-06-17 00:00:00 UTC,404,-90,263451000,4.2676388888888894
2018-06-17 00:00:00 UTC,404,-736,367624610,0.95444444444444443
2018-06-17 00:00:00 UTC,404,-735,367301540,0.56236111111111109
2018-06-17 00:00:00 UTC,404,1493,200016821,3.0566666666666666
2018-06-17 00:00:00 UTC,404,79,247094220,1.4363888888888887
2018-06-17 00:00:00 UTC,404,-741,367013070,10.383055555555554
2018-06-17 00:00:00 UTC,404,-737,367300830,13.079999999999998
2018-06-17 00:00:00 UTC,404,-736,367300830,11.21986111111111
2018-06-17 00:00:00 UTC,404,228,237228000,10.320833333333333
2018-06-17 00:00:00 UTC,404,227,237228000,4.3531944444444433
2018-06-17 00:00:00 UTC,404,-690,366728420,21.2625
2018-06-17 00:00:00 UTC,404,-705,367742440,14.50986111111111
2018-06-17 00:00:00 UTC,404,-700,367742440,0.69055555555555559
2018-06-17 00:00:00 UTC,404,-702,367742440,3.6597222222222223
2018-06-17 00:00:00 UTC,404,-701,367742440,9.6043055555555554
2018-06-17 00:00:00 UTC,660,-244,251104000,0.60125
2018-06-17 00:00:00 UTC,660,-245,251104000,0.55736111111111108
2018-06-17 00:00:00 UTC,660,-210,251361840,7.8716666666666644
2018-06-17 00:00:00 UTC,660,-209,251361840,0.1413888888888889
2018-06-17 00:00:00 UTC,660,-207,251361840,0.23458333333333334
2018-06-17 00:00:00 UTC,660,-208,251361840,2.7756944444444436
2018-06-17 00:00:00 UTC,660,-244,251026000,1.149027777777778
2018-06-17 00:00:00 UTC,660,-245,251026000,1.9245833333333326
2018-06-17 00:00:00 UTC,660,-263,251228000,3.6818055555555547
2018-06-17 00:00:00 UTC,660,-262,251228000,1.0637500000000002
2018-06-17 00:00:00 UTC,660,-264,251228000,4.6477777777777778
2018-06-17 00:00:00 UTC,660,-265,251228000,0.20861111111111108
2018-06-17 00:00:00 UTC,660,-245,251035000,1.4138888888888885
2018-06-17 00:00:00 UTC,660,-244,251035000,2.4554166666666664
2018-06-17 00:00:00 UTC,660,-244,251344000,2.1472222222222226
2018-06-17 00:00:00 UTC,660,-246,251269000,0.33569444444444441
2018-06-17 00:00:00 UTC,660,-245,251269000,0.15319444444444447
2018-06-17 00:00:00 UTC,660,-245,251177110,3.4476388888888887
2018-06-17 00:00:00 UTC,660,-244,251177110,4.521527777777778
2018-06-17 00:00:00 UTC,660,-244,251048110,2.2054166666666668
2018-06-17 00:00:00 UTC,660,-245,251048110,1.0431944444444443
2018-06-17 00:00:00 UTC,660,-244,251427000,4.2295833333333333
2018-06-17 00:00:00 UTC,660,-245,251427000,1.2244444444444447
2018-06-17 00:00:00 UTC,660,-244,251288000,0.65319444444444441
2018-06-17 00:00:00 UTC,660,-243,251288000,0.31486111111111109
2018-06-17 00:00:00 UTC,660,113,257153220,0.25083333333333335
2018-06-17 00:00:00 UTC,660,114,257153220,10.163333333333334
2018-06-17 00:00:00 UTC,660,-245,251047110,1.5780555555555553
2018-06-17 00:00:00 UTC,660,-244,251047110,1.7533333333333327
2018-06-17 00:00:00 UTC,660,-243,251047110,0.17972222222222223
2018-06-17 00:00:00 UTC,660,-247,251047110,0.23791666666666667
2018-06-17 00:00:00 UTC,660,-246,251047110,0.67624999999999991
2018-06-17 00:00:00 UTC,660,-267,251036110,0.41333333333333339
2018-06-17 00:00:00 UTC,660,-266,251036110,0.3470833333333333
2018-06-17 00:00:00 UTC,660,-269,251036110,0.30555555555555552
2018-06-17 00:00:00 UTC,660,-265,251036110,0.03833333333333333
2018-06-17 00:00:00 UTC,660,-268,251036110,1.8095833333333333
2018-06-17 00:00:00 UTC,660,-231,251359440,1.4066666666666667
2018-06-17 00:00:00 UTC,660,-232,251359440,1.7420833333333332
2018-06-17 00:00:00 UTC,660,-267,251025110,0.10500000000000001
2018-06-17 00:00:00 UTC,-364,1640,224256000,0.19305555555555554
2018-06-17 00:00:00 UTC,-364,1638,224256000,0.5805555555555556
2018-06-17 00:00:00 UTC,-364,1639,224256000,0.95513888888888876
2018-06-17 00:00:00 UTC,-364,200,601053700,2.0312500000000004
2018-06-17 00:00:00 UTC,-364,308,416011800,1.3259722222222223
2018-06-17 00:00:00 UTC,-364,199,601318000,0.10527777777777778
2018-06-17 00:00:00 UTC,-364,200,601318000,2.0191666666666666
2018-06-17 00:00:00 UTC,-364,201,601318000,0.14972222222222223
2018-06-17 00:00:00 UTC,-364,-475,263564000,0.22180555555555556
2018-06-17 00:00:00 UTC,-364,-474,263564000,0.57194444444444448
2018-06-17 00:00:00 UTC,-364,-377,416132600,1.1240277777777778
2018-06-17 00:00:00 UTC,-364,-376,416132600,0.30347222222222225
2018-06-17 00:00:00 UTC,-108,1457,431380000,0.89763888888888888
2018-06-17 00:00:00 UTC,-108,1458,431380000,0.97194444444444439
2018-06-17 00:00:00 UTC,-108,-46,412201813,1.7825000000000002
2018-06-17 00:00:00 UTC,-108,-49,412201813,2.6918055555555558
2018-06-17 00:00:00 UTC,-108,-47,412201813,2.1677777777777782
2018-06-17 00:00:00 UTC,-108,-50,412201813,1.7318055555555552
2018-06-17 00:00:00 UTC,-108,-45,412201813,2.2133333333333329
2018-06-17 00:00:00 UTC,-108,-19,412201815,0.54736111111111119
2018-06-17 00:00:00 UTC,-108,-14,412201815,0.73666666666666669
2018-06-17 00:00:00 UTC,-108,-16,412201815,1.1240277777777778
2018-06-17 00:00:00 UTC,-108,-13,412201815,0.60541666666666671
2018-06-17 00:00:00 UTC,-108,-12,412201815,1.3211111111111111
2018-06-17 00:00:00 UTC,-108,-18,412201815,0.56125
2018-06-17 00:00:00 UTC,-108,-17,412201815,0.4334722222222222
2018-06-17 00:00:00 UTC,-108,-1588,412420236,3.0026388888888893
2018-06-17 00:00:00 UTC,-108,-1584,412420236,0.80013888888888873
2018-06-17 00:00:00 UTC,-108,-1587,412420236,1.5933333333333333
2018-06-17 00:00:00 UTC,-108,-1583,412420236,2.2113888888888891
2018-06-17 00:00:00 UTC,-108,1741,520271000,1.3236111111111111
2018-06-17 00:00:00 UTC,-108,1649,412500156,1.11
2018-06-17 00:00:00 UTC,-108,1370,503001080,5.05875
2018-06-17 00:00:00 UTC,-108,131,603100159,2.0430555555555556
2018-06-17 00:00:00 UTC,-108,132,603100159,3.4772222222222222
2018-06-17 00:00:00 UTC,149,1540,416002092,8.206666666666667
2018-06-17 00:00:00 UTC,149,1604,431602750,3.8538888888888891
2018-06-17 00:00:00 UTC,149,-1577,440125000,0.37652777777777779
2018-06-17 00:00:00 UTC,149,-1575,440125000,4.3498611111111121
2018-06-17 00:00:00 UTC,149,-1576,440125000,2.2854166666666669
2018-06-17 00:00:00 UTC,149,-1595,440871000,2.3812500000000005
2018-06-17 00:00:00 UTC,149,-177,663131000,0.75694444444444464
2018-06-17 00:00:00 UTC,149,-175,663131000,1.6665277777777778
2018-06-17 00:00:00 UTC,149,-176,663131000,5.7818055555555556
2018-06-17 00:00:00 UTC,149,1539,416229500,1.0794444444444444
2018-06-17 00:00:00 UTC,149,-1580,440517000,1.5083333333333333
2018-06-17 00:00:00 UTC,149,-1587,440847000,0.64069444444444457
2018-06-17 00:00:00 UTC,149,-1590,440847000,0.76694444444444443
2018-06-17 00:00:00 UTC,149,-1586,440847000,0.30291666666666661
2018-06-17 00:00:00 UTC,149,-1588,440847000,2.0372222222222214
2018-06-17 00:00:00 UTC,149,-1589,440847000,3.8058333333333332
2018-06-17 00:00:00 UTC,149,-1583,440045000,0.2122222222222222
2018-06-17 00:00:00 UTC,149,-1585,440045000,2.1797222222222215
2018-06-17 00:00:00 UTC,149,-1613,440780000,1.8068055555555553
2018-06-17 00:00:00 UTC,149,-1610,440780000,0.57652777777777775
2018-06-17 00:00:00 UTC,149,-1573,441825000,1.0344444444444445
2018-06-17 00:00:00 UTC,149,-1574,441825000,1.826527777777778
2018-06-17 00:00:00 UTC,149,-1587,441014000,1.8761111111111108
2018-06-17 00:00:00 UTC,149,-1586,441014000,0.99875000000000014
2018-06-17 00:00:00 UTC,405,-1735,431000840,9.2669444444444444
2018-06-17 00:00:00 UTC,405,-1756,412672020,8.5722222222222229
2018-06-17 00:00:00 UTC,405,-1756,412672030,2.0930555555555554
2018-06-17 00:00:00 UTC,405,-735,367084070,9.8726388888888916
2018-06-17 00:00:00 UTC,405,-734,367084070,2.9766666666666666
2018-06-17 00:00:00 UTC,405,-737,367084070,3.23125
2018-06-17 00:00:00 UTC,405,-736,367084070,4.7905555555555566
2018-06-17 00:00:00 UTC,405,-739,367610930,2.304583333333333
2018-06-17 00:00:00 UTC,405,-741,367610930,1.3908333333333334
2018-06-17 00:00:00 UTC,405,-740,367610930,11.76125
2018-06-17 00:00:00 UTC,405,-1756,412672050,3.7226388888888891
2018-06-17 00:00:00 UTC,405,-1756,412420921,4.4641666666666664
2018-06-17 00:00:00 UTC,405,-461,224253000,0.59597222222222213
2018-06-17 00:00:00 UTC,405,-462,224253000,7.96875
2018-06-17 00:00:00 UTC,405,-737,367093070,1.6538888888888887
2018-06-17 00:00:00 UTC,405,-735,367093070,6.24138888888889
2018-06-17 00:00:00 UTC,405,-736,367093070,13.299722222222224
2018-06-17 00:00:00 UTC,405,-690,367375440,2.9704166666666669
2018-06-17 00:00:00 UTC,405,-689,367375440,1.3155555555555556
2018-06-17 00:00:00 UTC,405,-90,263442000,5.0106944444444466
2018-06-17 00:00:00 UTC,405,-89,263442000,0.33
2018-06-17 00:00:00 UTC,405,-1758,412699230,13.216944444444444
2018-06-17 00:00:00 UTC,405,-733,367478370,1.4630555555555556
2018-06-17 00:00:00 UTC,405,-731,367478370,1.2705555555555557
2018-06-17 00:00:00 UTC,405,-732,367478370,8.6077777777777769
2018-06-17 00:00:00 UTC,405,-690,367493730,10.878888888888888
2018-06-17 00:00:00 UTC,405,-736,367551860,16.054305555555562
2018-06-17 00:00:00 UTC,405,-735,367551860,6.7845833333333339
2018-06-17 00:00:00 UTC,405,-89,263451000,0.77416666666666667
2018-06-17 00:00:00 UTC,405,-90,263451000,5.0247222222222216
2018-06-17 00:00:00 UTC,405,-734,366218620,5.3104166666666668
2018-06-17 00:00:00 UTC,405,-735,366218620,6.0320833333333335
2018-06-17 00:00:00 UTC,405,-1752,412671880,9.2768055555555566
2018-06-17 00:00:00 UTC,405,-1755,412671890,8.2956944444444467
2018-06-17 00:00:00 UTC,405,-1751,412420246,8.2966666666666669
2018-06-17 00:00:00 UTC,405,-696,367577750,12.21597222222222
2018-06-17 00:00:00 UTC,405,-697,367577750,9.1702777777777769
2018-06-17 00:00:00 UTC,405,-1757,412672160,10.50236111111111
2018-06-17 00:00:00 UTC,405,-736,367624610,1.0750000000000002
2018-06-17 00:00:00 UTC,405,-735,367624610,7.9983333333333348
2018-06-17 00:00:00 UTC,405,-735,367301540,4.5897222222222229
2018-06-17 00:00:00 UTC,405,-737,367301540,2.3308333333333331
2018-06-17 00:00:00 UTC,405,-736,367301540,7.6052777777777791
2018-06-17 00:00:00 UTC,405,183,247120550,4.1347222222222229
2018-06-17 00:00:00 UTC,405,-1752,412671910,8.2929166666666667
2018-06-17 00:00:00 UTC,405,-733,367428520,5.0276388888888883
2018-06-17 00:00:00 UTC,405,-734,367709870,7.6005555555555562
2018-06-17 00:00:00 UTC,405,-733,367709870,1.2245833333333334
2018-06-17 00:00:00 UTC,405,-735,367709870,1.9916666666666667
2018-06-17 00:00:00 UTC,405,-1758,412671920,8.84527777777778
2018-06-17 00:00:00 UTC,405,-696,367607220,22.634166666666669
2018-06-17 00:00:00 UTC,405,-697,367607220,1.2665277777777779
2018-06-17 00:00:00 UTC,405,-1757,412672180,9.4477777777777785
2018-06-17 00:00:00 UTC,405,-732,367521460,9.3158333333333321
2018-06-17 00:00:00 UTC,405,-733,367521460,0.81388888888888888
2018-06-17 00:00:00 UTC,405,1497,412440245,3.6201388888888886
2018-06-17 00:00:00 UTC,405,241,240131000,1.9012499999999999
2018-06-17 00:00:00 UTC,405,-735,366274490,1
2018-06-17 00:00:00 UTC,405,-734,366274490,1.2329166666666667
2018-06-17 00:00:00 UTC,405,-741,367013070,4.9830555555555556
2018-06-17 00:00:00 UTC,405,1218,412586456,4.5630555555555556
2018-06-17 00:00:00 UTC,405,1219,412586456,11.543888888888889
2018-06-17 00:00:00 UTC,405,-697,367327960,4.2363888888888894
2018-06-17 00:00:00 UTC,405,-698,367327960,4.3402777777777786
2018-06-17 00:00:00 UTC,405,-1756,412672220,4.3976388888888884
2018-06-17 00:00:00 UTC,405,-737,367300830,0.2875
2018-06-17 00:00:00 UTC,405,-736,367300830,0.61236111111111113
2018-06-17 00:00:00 UTC,405,-690,366728420,2.714722222222222
2018-06-17 00:00:00 UTC,405,1221,412217319,7.6222222222222218
2018-06-17 00:00:00 UTC,405,-689,367074540,12.794166666666666
2018-06-17 00:00:00 UTC,405,240,237963000,13.83097222222222
2018-06-17 00:00:00 UTC,405,-93,263435000,1.3398611111111112
2018-06-17 00:00:00 UTC,405,-90,263435000,2.254027777777778
2018-06-17 00:00:00 UTC,405,-92,263435000,0.83861111111111108
2018-06-17 00:00:00 UTC,405,-94,263435000,0.32027777777777777
2018-06-17 00:00:00 UTC,661,-244,251104000,0.71958333333333335
2018-06-17 00:00:00 UTC,661,-245,251104000,0.32597222222222227
2018-06-17 00:00:00 UTC,661,-236,251169540,1.087361111111111
2018-06-17 00:00:00 UTC,661,-231,251188240,2.4254166666666666
2018-06-17 00:00:00 UTC,661,117,257237800,3.7179166666666665
2018-06-17 00:00:00 UTC,661,116,257237800,2.0273611111111109
2018-06-17 00:00:00 UTC,661,115,257237800,1.1918055555555556
2018-06-17 00:00:00 UTC,661,-233,251185240,0.22388888888888889
2018-06-17 00:00:00 UTC,661,-252,251062110,0.32625
2018-06-17 00:00:00 UTC,661,-249,251062110,0.5247222222222222
2018-06-17 00:00:00 UTC,661,-250,251062110,0.57305555555555565
2018-06-17 00:00:00 UTC,661,-251,251062110,0.53347222222222213
2018-06-17 00:00:00 UTC,661,-248,251062110,0.53861111111111115
2018-06-17 00:00:00 UTC,661,-247,251062110,0.31749999999999995
2018-06-17 00:00:00 UTC,661,-263,251228000,0.30902777777777779
2018-06-17 00:00:00 UTC,661,-264,251228000,0.03888888888888889
2018-06-17 00:00:00 UTC,661,-262,251228000,2.2720833333333332
2018-06-17 00:00:00 UTC,661,-176,251712110,0.37875000000000003
2018-06-17 00:00:00 UTC,661,-175,251712110,0.065416666666666679
2018-06-17 00:00:00 UTC,661,-244,251035000,2.7491666666666665
2018-06-17 00:00:00 UTC,661,-243,251035000,0.50597222222222227
2018-06-17 00:00:00 UTC,661,-243,251344000,5.0458333333333343
2018-06-17 00:00:00 UTC,661,-244,251344000,2.3001388888888883
2018-06-17 00:00:00 UTC,661,-242,251344000,2.540972222222222
2018-06-17 00:00:00 UTC,661,-231,251185540,0.21277777777777776
2018-06-17 00:00:00 UTC,661,-244,251177110,6.6101388888888888
2018-06-17 00:00:00 UTC,661,-242,251177110,0.33472222222222225
2018-06-17 00:00:00 UTC,661,-243,251177110,7.0987500000000034
2018-06-17 00:00:00 UTC,661,-242,251048110,4.3427777777777772
2018-06-17 00:00:00 UTC,661,-243,251048110,5.304722222222221
2018-06-17 00:00:00 UTC,661,-244,251048110,0.57375
2018-06-17 00:00:00 UTC,661,-242,251427000,0.94027777777777777
2018-06-17 00:00:00 UTC,661,-243,251427000,2.9637499999999997
2018-06-17 00:00:00 UTC,661,-246,251427000,1.9718055555555554
2018-06-17 00:00:00 UTC,661,-244,251427000,4.4643055555555531
2018-06-17 00:00:00 UTC,661,-245,251427000,2.8931944444444437
2018-06-17 00:00:00 UTC,661,-261,251107000,0.30138888888888893
2018-06-17 00:00:00 UTC,661,-201,251140540,3.36013888888889
2018-06-17 00:00:00 UTC,661,-202,251140540,5.27013888888889
2018-06-17 00:00:00 UTC,661,-243,251288000,4.2170833333333331
2018-06-17 00:00:00 UTC,661,-244,251288000,2.2447222222222218
2018-06-17 00:00:00 UTC,661,-233,251170240,0.25652777777777774
2018-06-17 00:00:00 UTC,661,-236,251170240,0.5875
2018-06-17 00:00:00 UTC,661,-245,251047110,1.7781944444444444
2018-06-17 00:00:00 UTC,661,-246,251047110,1.5930555555555552
2018-06-17 00:00:00 UTC,661,-247,251047110,2.4243055555555548
2018-06-17 00:00:00 UTC,661,-250,251047110,0.673611111111111
2018-06-17 00:00:00 UTC,661,-243,251047110,4.5431944444444436
2018-06-17 00:00:00 UTC,661,-248,251047110,0.9948611111111112
2018-06-17 00:00:00 UTC,661,-242,251047110,0.15583333333333332
2018-06-17 00:00:00 UTC,661,-249,251047110,1.1651388888888889
2018-06-17 00:00:00 UTC,661,-244,251047110,2.7777777777777772
2018-06-17 00:00:00 UTC,661,-264,251036110,0.46833333333333332
2018-06-17 00:00:00 UTC,661,-265,251036110,0.26513888888888887
2018-06-17 00:00:00 UTC,661,-263,251036110,0.12402777777777778
2018-06-17 00:00:00 UTC,661,-268,251036110,0.15305555555555556
2018-06-17 00:00:00 UTC,661,-175,251409110,0.11944444444444444
2018-06-17 00:00:00 UTC,661,-177,251409110,0.15472222222222223
2018-06-17 00:00:00 UTC,661,-260,251025110,0.3815277777777778
2018-06-17 00:00:00 UTC,661,-261,251025110,0.89208333333333334
2018-06-17 00:00:00 UTC,661,-262,251025110,0.25722222222222224
2018-06-17 00:00:00 UTC,661,-259,251025110,0.49472222222222229
2018-06-17 00:00:00 UTC,661,-231,251161340,0.29055555555555557
2018-06-17 00:00:00 UTC,-363,1640,224256000,0.034861111111111107
2018-06-17 00:00:00 UTC,-363,1641,224256000,0.03125
2018-06-17 00:00:00 UTC,-363,318,416058900,1.3418055555555555
2018-06-17 00:00:00 UTC,-363,317,416058900,2.7008333333333332
2018-06-17 00:00:00 UTC,-363,316,416058900,2.3256944444444443
2018-06-17 00:00:00 UTC,-363,319,416058900,0.53986111111111112
2018-06-17 00:00:00 UTC,-363,315,416058900,1.0526388888888887
2018-06-17 00:00:00 UTC,-363,309,416011800,1.045
2018-06-17 00:00:00 UTC,-363,308,416011800,1.5154166666666666
2018-06-17 00:00:00 UTC,-363,310,416011800,0.93472222222222223
2018-06-17 00:00:00 UTC,-363,1644,224318000,2.8670833333333321
2018-06-17 00:00:00 UTC,-363,1640,224318000,0.62972222222222218
2018-06-17 00:00:00 UTC,-363,1645,224318000,3.1643055555555555
2018-06-17 00:00:00 UTC,-363,200,601171000,1.0751388888888889
2018-06-17 00:00:00 UTC,-363,198,601318000,0.24361111111111111
2018-06-17 00:00:00 UTC,-363,199,601318000,2.0504166666666657
2018-06-17 00:00:00 UTC,-363,-474,263564000,0.65555555555555567
2018-06-17 00:00:00 UTC,-363,-473,263564000,0.15263888888888888
2018-06-17 00:00:00 UTC,-363,-378,416132600,0.81166666666666676
2018-06-17 00:00:00 UTC,-363,-368,416132600,0.575
2018-06-17 00:00:00 UTC,-107,1457,431380000,1.5061111111111107
2018-06-17 00:00:00 UTC,-107,1458,431380000,0.87111111111111106
2018-06-17 00:00:00 UTC,-107,1630,416004158,0.57180555555555546
2018-06-17 00:00:00 UTC,-107,-51,412201813,0.41888888888888887
2018-06-17 00:00:00 UTC,-107,-1587,412420236,2.4608333333333334
2018-06-17 00:00:00 UTC,-107,-1586,412420236,0.35430555555555554
2018-06-17 00:00:00 UTC,-107,-1588,412420236,0.34125
2018-06-17 00:00:00 UTC,-107,-1584,412420236,1.8109722222222222
2018-06-17 00:00:00 UTC,-107,-1585,412420236,2.4908333333333323
2018-06-17 00:00:00 UTC,-107,1740,520271000,3.9077777777777776
2018-06-17 00:00:00 UTC,-107,-47,412679330,1.5006944444444448
2018-06-17 00:00:00 UTC,-107,-45,412679330,1.5365277777777777
2018-06-17 00:00:00 UTC,-107,-48,412679330,0.56986111111111115
2018-06-17 00:00:00 UTC,-107,-43,412679330,1.0636111111111111
2018-06-17 00:00:00 UTC,-107,-44,412679330,1.2980555555555555
2018-06-17 00:00:00 UTC,-107,-46,412679330,1.2275
2018-06-17 00:00:00 UTC,-107,1649,412500156,2.2269444444444444
2018-06-17 00:00:00 UTC,-107,1368,503001080,1.9870833333333331
2018-06-17 00:00:00 UTC,150,-1623,367514890,0.025
2018-06-17 00:00:00 UTC,150,-175,224468000,0.31444444444444442
2018-06-17 00:00:00 UTC,150,-174,224468000,1.0976388888888891
2018-06-17 00:00:00 UTC,150,-172,663092000,1.4347222222222222
2018-06-17 00:00:00 UTC,150,-1568,367716130,0.56180555555555556
2018-06-17 00:00:00 UTC,150,-1567,367716130,2.8920833333333329
2018-06-17 00:00:00 UTC,150,1540,416002092,1.8297222222222222
2018-06-17 00:00:00 UTC,150,1505,416217900,3.65625
2018-06-17 00:00:00 UTC,150,1506,416217900,0.44347222222222221
2018-06-17 00:00:00 UTC,150,1604,431602750,1.8380555555555553
2018-06-17 00:00:00 UTC,150,-174,663131000,3.5791666666666662
2018-06-17 00:00:00 UTC,150,-175,663131000,1.8151388888888889
2018-06-17 00:00:00 UTC,150,1539,416229500,1.6695833333333332
2018-06-17 00:00:00 UTC,150,-1581,440517000,1.1111111111111109
2018-06-17 00:00:00 UTC,150,1545,440612000,0.1098611111111111
2018-06-17 00:00:00 UTC,150,-175,663128000,2.1115277777777774
2018-06-17 00:00:00 UTC,150,-174,663128000,10.523749999999998
2018-06-17 00:00:00 UTC,150,-1586,440045000,2.7298611111111111
2018-06-17 00:00:00 UTC,150,-1585,440045000,0.25847222222222221
2018-06-17 00:00:00 UTC,150,-1613,440780000,1.6940277777777779
2018-06-17 00:00:00 UTC,150,-1611,440780000,0.960138888888889
2018-06-17 00:00:00 UTC,150,-1789,432321000,0.38194444444444442
2018-06-17 00:00:00 UTC,150,-1788,432321000,0.38375
2018-06-17 00:00:00 UTC,150,-1588,441014000,3.8113888888888896
2018-06-17 00:00:00 UTC,406,-732,367326980,0.95013888888888887
2018-06-17 00:00:00 UTC,406,-731,367326980,1.1197222222222223
2018-06-17 00:00:00 UTC,406,-1755,412420101,6.4159722222222229
2018-06-17 00:00:00 UTC,406,-1756,412420102,2.4441666666666668
2018-06-17 00:00:00 UTC,406,-1755,412420102,7.3261111111111124
2018-06-17 00:00:00 UTC,406,-91,204277000,0.3009722222222222
2018-06-17 00:00:00 UTC,406,-90,204277000,0.31180555555555556
2018-06-17 00:00:00 UTC,406,241,239050000,0.21388888888888891
2018-06-17 00:00:00 UTC,406,1755,412675870,6.4390277777777776
2018-06-17 00:00:00 UTC,406,-698,368211000,5.3784722222222223
2018-06-17 00:00:00 UTC,406,-697,368211000,5.2645833333333343
2018-06-17 00:00:00 UTC,406,-696,368211000,0.5247222222222222
2018-06-17 00:00:00 UTC,406,-1757,412420921,3.1818055555555556
2018-06-17 00:00:00 UTC,406,-1756,412672060,6.4837499999999988
2018-06-17 00:00:00 UTC,406,-1757,412672060,3.0754166666666669
2018-06-17 00:00:00 UTC,406,-1756,412699710,9.6477777777777778
2018-06-17 00:00:00 UTC,406,-1756,412420164,9.29625
2018-06-17 00:00:00 UTC,406,-1755,412672070,6.535277777777778
2018-06-17 00:00:00 UTC,406,-90,263442000,0.26680555555555552
2018-06-17 00:00:00 UTC,406,-89,263442000,0.46402777777777776
2018-06-17 00:00:00 UTC,406,-1758,412699230,3.4343055555555555
2018-06-17 00:00:00 UTC,406,-731,367478370,12.139861111111113
2018-06-17 00:00:00 UTC,406,-730,367478370,0.275
2018-06-17 00:00:00 UTC,406,-1756,412401260,4.8694444444444445
2018-06-17 00:00:00 UTC,406,-1755,412401260,2.4154166666666663
2018-06-17 00:00:00 UTC,406,-1754,412420982,7.8872222222222224
2018-06-17 00:00:00 UTC,406,-89,263451000,1.0627777777777778
2018-06-17 00:00:00 UTC,406,1494,412596857,12.528194444444445
2018-06-17 00:00:00 UTC,406,1221,412216698,6.3404166666666715
2018-06-17 00:00:00 UTC,406,-732,366218620,1.59125
2018-06-17 00:00:00 UTC,406,-731,366218620,0.82361111111111118
2018-06-17 00:00:00 UTC,406,-1757,412671870,2.2947222222222226
2018-06-17 00:00:00 UTC,406,-1758,412671870,7.193888888888889
2018-06-17 00:00:00 UTC,406,-1755,412672140,9.5259722222222258
2018-06-17 00:00:00 UTC,406,-1754,412672150,8.20111111111111
2018-06-17 00:00:00 UTC,406,182,247120550,0.54166666666666663
2018-06-17 00:00:00 UTC,406,-733,367428520,11.732638888888886
2018-06-17 00:00:00 UTC,406,-732,367428520,6.8293055555555551
2018-06-17 00:00:00 UTC,406,-731,367704750,4.78736111111111
2018-06-17 00:00:00 UTC,406,-730,367704750,14.625138888888891
2018-06-17 00:00:00 UTC,406,-733,367709870,4.4431944444444449
2018-06-17 00:00:00 UTC,406,-732,367709870,8.7254166666666659
2018-06-17 00:00:00 UTC,406,1492,412440242,3.4233333333333333
2018-06-17 00:00:00 UTC,406,-730,367521460,2.4541666666666666
2018-06-17 00:00:00 UTC,406,-732,367521460,0.59180555555555547
2018-06-17 00:00:00 UTC,406,-731,367521460,3.1040277777777781
2018-06-17 00:00:00 UTC,406,1498,412440245,1.2488888888888889
2018-06-17 00:00:00 UTC,406,-89,263299000,0.897638888888889
2018-06-17 00:00:00 UTC,406,-698,367785150,24.275833333333338
2018-06-17 00:00:00 UTC,406,-697,367785150,5.0340277777777782
2018-06-17 00:00:00 UTC,406,-1759,412671940,8.5316666666666663
2018-06-17 00:00:00 UTC,406,1612,432621000,3.2316666666666656
2018-06-17 00:00:00 UTC,406,-1756,412671950,7.9384722222222237
2018-06-17 00:00:00 UTC,406,127,247094480,2.4918055555555556
2018-06-17 00:00:00 UTC,406,-1755,412672210,8.7697222222222191
2018-06-17 00:00:00 UTC,406,-1757,412698070,7.9868055555555557
2018-06-17 00:00:00 UTC,406,-699,367327960,1.7724999999999997
2018-06-17 00:00:00 UTC,406,-698,367327960,9.6231944444444455
2018-06-17 00:00:00 UTC,406,-697,367327960,3.9413888888888891
2018-06-17 00:00:00 UTC,406,1221,412217319,7.8544444444444448
2018-06-17 00:00:00 UTC,406,-677,366211560,0.72083333333333333
2018-06-17 00:00:00 UTC,406,-678,366211560,5.6884722222222219
2018-06-17 00:00:00 UTC,406,-1755,412671980,9.2738888888888891
2018-06-17 00:00:00 UTC,406,-93,263435000,1.1376388888888891
2018-06-17 00:00:00 UTC,406,-90,263435000,1.8636111111111111
2018-06-17 00:00:00 UTC,406,-92,263435000,1.6655555555555557
2018-06-17 00:00:00 UTC,662,-236,251169540,3.8080555555555553
2018-06-17 00:00:00 UTC,662,-261,251530000,1.1697222222222221
2018-06-17 00:00:00 UTC,662,-257,251530000,0.53222222222222215
2018-06-17 00:00:00 UTC,662,-260,251530000,1.1988888888888887
2018-06-17 00:00:00 UTC,662,-259,251530000,0.72055555555555539
2018-06-17 00:00:00 UTC,662,-256,251530000,0.49319444444444438
2018-06-17 00:00:00 UTC,662,-258,251530000,0.76444444444444448
2018-06-17 00:00:00 UTC,662,-233,251170340,6.7786111111111111
2018-06-17 00:00:00 UTC,662,117,257237800,0.52
2018-06-17 00:00:00 UTC,662,-188,251852340,5.2451388888888886
2018-06-17 00:00:00 UTC,662,-233,251169340,0.053194444444444447
2018-06-17 00:00:00 UTC,662,-253,251026000,0.26819444444444446
2018-06-17 00:00:00 UTC,662,-256,251026000,1.1791666666666669
2018-06-17 00:00:00 UTC,662,-258,251026000,0.2416666666666667
2018-06-17 00:00:00 UTC,662,-257,251026000,0.57916666666666661
2018-06-17 00:00:00 UTC,662,-255,251026000,1.2065277777777779
2018-06-17 00:00:00 UTC,662,-254,251026000,0.69916666666666671
2018-06-17 00:00:00 UTC,662,-185,251332440,1.4469444444444446
2018-06-17 00:00:00 UTC,662,-233,251185240,0.21180555555555555
2018-06-17 00:00:00 UTC,662,-234,251185240,1.0825
2018-06-17 00:00:00 UTC,662,-235,251185240,0.43722222222222229
2018-06-17 00:00:00 UTC,662,-257,251062110,0.41930555555555554
2018-06-17 00:00:00 UTC,662,-190,251851870,1.2413888888888889
2018-06-17 00:00:00 UTC,662,-189,251851870,0.21875
2018-06-17 00:00:00 UTC,662,-258,251228000,2.8993055555555549
2018-06-17 00:00:00 UTC,662,-259,251228000,0.22958333333333333
2018-06-17 00:00:00 UTC,662,-257,251228000,0.1398611111111111
2018-06-17 00:00:00 UTC,662,-259,251718000,0.24875
2018-06-17 00:00:00 UTC,662,-243,251035000,2.3674999999999993
2018-06-17 00:00:00 UTC,662,-242,251344000,3.7165277777777774
2018-06-17 00:00:00 UTC,662,-241,251344000,0.95347222222222228
2018-06-17 00:00:00 UTC,662,-212,251170440,1.7745833333333336
2018-06-17 00:00:00 UTC,662,-211,251170440,0.22541666666666665
2018-06-17 00:00:00 UTC,662,-213,251170440,10.063333333333336
2018-06-17 00:00:00 UTC,662,-243,251177110,0.41680555555555554
2018-06-17 00:00:00 UTC,662,-242,251177110,0.55847222222222226
2018-06-17 00:00:00 UTC,662,-235,251577240,0.30902777777777779
2018-06-17 00:00:00 UTC,662,-241,251048110,1.372222222222222
2018-06-17 00:00:00 UTC,662,-242,251048110,2.7045833333333342
2018-06-17 00:00:00 UTC,662,-242,251427000,0.46527777777777779
2018-06-17 00:00:00 UTC,662,-259,251107000,0.31013888888888891
2018-06-17 00:00:00 UTC,662,-260,251107000,0.34486111111111112
2018-06-17 00:00:00 UTC,662,-255,251107000,0.31291666666666668
2018-06-17 00:00:00 UTC,662,-242,251288000,0.76944444444444449
2018-06-17 00:00:00 UTC,662,-243,251288000,1.6674999999999993
2018-06-17 00:00:00 UTC,662,-235,251170240,1.2786111111111109
2018-06-17 00:00:00 UTC,662,-234,251170240,2.1958333333333337
2018-06-17 00:00:00 UTC,662,-243,251047110,0.12541666666666668
2018-06-17 00:00:00 UTC,662,-242,251047110,0.25972222222222219
2018-06-17 00:00:00 UTC,662,-148,251804110,0.49944444444444447
2018-06-17 00:00:00 UTC,662,-147,251804110,4.1038888888888891
2018-06-17 00:00:00 UTC,662,-146,251804110,2.8345833333333328
2018-06-17 00:00:00 UTC,662,-260,251036110,0.12333333333333334
2018-06-17 00:00:00 UTC,662,-261,251036110,0.37902777777777785
2018-06-17 00:00:00 UTC,662,-263,251036110,0.37347222222222221
2018-06-17 00:00:00 UTC,662,-262,251036110,0.25125000000000003
2018-06-17 00:00:00 UTC,662,-259,251025110,0.83041666666666669
2018-06-17 00:00:00 UTC,662,-257,251025110,0.72666666666666657
2018-06-17 00:00:00 UTC,662,-258,251025110,1.778888888888889
2018-06-17 00:00:00 UTC,662,-236,251161340,2.5759722222222226
2018-06-17 00:00:00 UTC,662,-235,251161340,0.7995833333333332
2018-06-17 00:00:00 UTC,662,-145,251802110,0.96847222222222229
2018-06-17 00:00:00 UTC,662,-147,251802110,1.7566666666666668
2018-06-17 00:00:00 UTC,662,-146,251802110,1.7555555555555555
2018-06-17 00:00:00 UTC,-362,1637,224256000,0.18083333333333335
2018-06-17 00:00:00 UTC,-362,1639,224256000,0.12777777777777777
2018-06-17 00:00:00 UTC,-362,1638,224256000,1.043611111111111
2018-06-17 00:00:00 UTC,-362,317,416058900,1.2045833333333333
2018-06-17 00:00:00 UTC,-362,315,416058900,0.86319444444444438
2018-06-17 00:00:00 UTC,-362,316,416058900,3.6930555555555564
2018-06-17 00:00:00 UTC,-362,314,416058900,2.2575000000000003
2018-06-17 00:00:00 UTC,-362,318,416058900,3.546388888888889
2018-06-17 00:00:00 UTC,-362,1641,224318000,1.3012499999999996
2018-06-17 00:00:00 UTC,-362,1643,224318000,1.0134722222222221
2018-06-17 00:00:00 UTC,-362,1642,224318000,0.45166666666666661
2018-06-17 00:00:00 UTC,-362,1644,224318000,1.3605555555555555
2018-06-17 00:00:00 UTC,-362,1640,224318000,0.58833333333333326
2018-06-17 00:00:00 UTC,-362,1645,224318000,0.081805555555555548
2018-06-17 00:00:00 UTC,-362,199,601171000,0.5425
2018-06-17 00:00:00 UTC,-362,198,601171000,3.3691666666666666
2018-06-17 00:00:00 UTC,-362,198,601318000,1.4983333333333331
2018-06-17 00:00:00 UTC,-362,197,601318000,0.3175
2018-06-17 00:00:00 UTC,-362,544,416003953,0.35902777777777778
2018-06-17 00:00:00 UTC,-362,546,416003953,4.5465277777777775
2018-06-17 00:00:00 UTC,-362,545,416003953,0.90055555555555566
2018-06-17 00:00:00 UTC,-362,-473,263564000,0.73249999999999993
2018-06-17 00:00:00 UTC,-106,1351,503001110,1.6248611111111113
2018-06-17 00:00:00 UTC,-106,1352,503001110,0.66694444444444445
2018-06-17 00:00:00 UTC,-106,1458,431380000,0.24319444444444444
2018-06-17 00:00:00 UTC,-106,1457,431380000,1.5018055555555556
2018-06-17 00:00:00 UTC,-106,1456,431380000,0.76027777777777783
2018-06-17 00:00:00 UTC,-106,-1278,432990000,0.3093055555555555
2018-06-17 00:00:00 UTC,-106,1630,416004158,1.2852777777777775
2018-06-17 00:00:00 UTC,-106,-3,412201816,3.740277777777778
2018-06-17 00:00:00 UTC,-106,-2,412201816,0.56125
2018-06-17 00:00:00 UTC,-106,-4,412201816,1.3441666666666665
2018-06-17 00:00:00 UTC,-106,-6,412201816,4.0819444444444448
2018-06-17 00:00:00 UTC,-106,-5,412201816,1.1806944444444445
2018-06-17 00:00:00 UTC,-106,-1586,412420236,3.4881944444444453
2018-06-17 00:00:00 UTC,-106,-1587,412420236,0.62611111111111117
2018-06-17 00:00:00 UTC,-106,-44,412679330,1.3961111111111109
2018-06-17 00:00:00 UTC,-106,-47,412679330,3.4608333333333334
2018-06-17 00:00:00 UTC,-106,-43,412679330,1.6341666666666665
2018-06-17 00:00:00 UTC,-106,-48,412679330,3.1418055555555555
2018-06-17 00:00:00 UTC,-106,-45,412679330,3.0268055555555553
2018-06-17 00:00:00 UTC,-106,1648,412500156,1.0380555555555557
2018-06-17 00:00:00 UTC,-106,1368,503001080,2.9127777777777775
2018-06-17 00:00:00 UTC,151,-1623,367514890,0.9425
2018-06-17 00:00:00 UTC,151,-174,224468000,1.7159722222222218
2018-06-17 00:00:00 UTC,151,-171,663092000,0.13041666666666665
2018-06-17 00:00:00 UTC,151,-172,663092000,2.0802777777777774
2018-06-17 00:00:00 UTC,151,-1567,367716130,0.75847222222222221
2018-06-17 00:00:00 UTC,151,-1568,367716130,1.0413888888888887
2018-06-17 00:00:00 UTC,151,1538,416002092,0.58111111111111113
2018-06-17 00:00:00 UTC,151,1540,416002092,1.7515277777777776
2018-06-17 00:00:00 UTC,151,1507,416217900,11.171111111111109
2018-06-17 00:00:00 UTC,151,1504,416217900,0.58208333333333329
2018-06-17 00:00:00 UTC,151,1505,416217900,5.1979166666666661
2018-06-17 00:00:00 UTC,151,1506,416217900,2.1805555555555558
2018-06-17 00:00:00 UTC,151,1539,416229500,1.9261111111111107
2018-06-17 00:00:00 UTC,151,-556,416245900,0.648611111111111
2018-06-17 00:00:00 UTC,151,-555,416245900,1.0993055555555558
2018-06-17 00:00:00 UTC,151,1544,440612000,0.46388888888888891
2018-06-17 00:00:00 UTC,151,1545,440612000,0.19972222222222219
2018-06-17 00:00:00 UTC,151,1543,440612000,0.39930555555555558
2018-06-17 00:00:00 UTC,151,-174,663128000,8.977916666666669
2018-06-17 00:00:00 UTC,151,-175,663128000,0.042361111111111113
2018-06-17 00:00:00 UTC,151,-1613,440780000,1.5829166666666667
2018-06-17 00:00:00 UTC,151,-1790,432321000,0.72388888888888892
2018-06-17 00:00:00 UTC,151,-1789,432321000,0.21069444444444446
2018-06-17 00:00:00 UTC,407,-1754,412420101,7.1687500000000011
2018-06-17 00:00:00 UTC,407,-1755,412672040,12.741249999999996
2018-06-17 00:00:00 UTC,407,-1756,412699690,4.9336111111111114
2018-06-17 00:00:00 UTC,407,-1757,412699690,3.9034722222222227
2018-06-17 00:00:00 UTC,407,-1757,412672050,2.7165277777777779
2018-06-17 00:00:00 UTC,407,-1756,412420171,7.9555555555555557
2018-06-17 00:00:00 UTC,407,-1758,412698710,8.29513888888889
2018-06-17 00:00:00 UTC,407,-1756,412698970,9.1933333333333334
2018-06-17 00:00:00 UTC,407,-1758,412672090,5.4008333333333329
2018-06-17 00:00:00 UTC,407,-1757,412672090,4.9034722222222218
2018-06-17 00:00:00 UTC,407,-1754,412401250,7.6409722222222207
2018-06-17 00:00:00 UTC,407,242,239409000,4.9206944444444449
2018-06-17 00:00:00 UTC,407,-1757,412698990,7.8438888888888876
2018-06-17 00:00:00 UTC,407,-1758,412672120,8.7616666666666667
2018-06-17 00:00:00 UTC,407,1495,412440443,7.515138888888889
2018-06-17 00:00:00 UTC,407,1494,412440443,5.8770833333333332
2018-06-17 00:00:00 UTC,407,-678,367347070,2.3558333333333334
2018-06-17 00:00:00 UTC,407,-677,367347070,1.8573611111111112
2018-06-17 00:00:00 UTC,407,-679,367347070,17.813472222222227
2018-06-17 00:00:00 UTC,407,-1757,412672130,6.7608333333333333
2018-06-17 00:00:00 UTC,407,-1758,412674960,10.287638888888891
2018-06-17 00:00:00 UTC,407,-1757,412674960,2.3193055555555553
2018-06-17 00:00:00 UTC,407,-678,366177430,19.654444444444444
2018-06-17 00:00:00 UTC,407,-677,366177430,3.7255555555555557
2018-06-17 00:00:00 UTC,407,1495,412440478,6.3676388888888891
2018-06-17 00:00:00 UTC,407,1496,412440478,11.889444444444445
2018-06-17 00:00:00 UTC,407,1499,412440480,9.5566666666666666
2018-06-17 00:00:00 UTC,407,-1758,412421029,9.7104166666666654
2018-06-17 00:00:00 UTC,407,1491,412440486,5.1506944444444445
2018-06-17 00:00:00 UTC,407,-1757,412672170,8.7184722222222213
2018-06-17 00:00:00 UTC,407,1492,412440242,9.0777777777777775
2018-06-17 00:00:00 UTC,407,1493,412440242,10.972916666666666
2018-06-17 00:00:00 UTC,407,1501,412440245,1.2847222222222223
2018-06-17 00:00:00 UTC,407,1502,412440245,0.77083333333333326
2018-06-17 00:00:00 UTC,407,-1756,412697530,9.21263888888889
2018-06-17 00:00:00 UTC,407,-1755,412671930,10.782222222222222
2018-06-17 00:00:00 UTC,407,-1755,412698060,3.8288888888888888
2018-06-17 00:00:00 UTC,407,-1756,412698060,5.3940277777777759
2018-06-17 00:00:00 UTC,407,126,247094480,2.7068055555555555
2018-06-17 00:00:00 UTC,407,127,247094480,2.5543055555555556
2018-06-17 00:00:00 UTC,407,242,239458000,5.9674999999999985
2018-06-17 00:00:00 UTC,407,-1757,412672220,2.7183333333333328
2018-06-17 00:00:00 UTC,407,-678,367595750,5.93875
2018-06-17 00:00:00 UTC,407,-679,367595750,18.190555555555555
2018-06-17 00:00:00 UTC,407,-677,366211560,5.1459722222222215
2018-06-17 00:00:00 UTC,407,-676,366211560,0.55527777777777776
2018-06-17 00:00:00 UTC,407,-679,366211560,2.4265277777777774
2018-06-17 00:00:00 UTC,407,-678,366211560,3.45
2018-06-17 00:00:00 UTC,407,-677,367371250,3.6681944444444445
2018-06-17 00:00:00 UTC,407,-678,367371250,15.556111111111111
2018-06-17 00:00:00 UTC,407,-92,263435000,1.9365277777777778
2018-06-17 00:00:00 UTC,407,-90,263435000,1.8402777777777777
2018-06-17 00:00:00 UTC,407,-676,191283710,0.83472222222222237
2018-06-17 00:00:00 UTC,407,-677,191283710,8.839444444444446
2018-06-17 00:00:00 UTC,663,-255,251104000,1.4329166666666664
2018-06-17 00:00:00 UTC,663,-252,251104000,0.18972222222222224
2018-06-17 00:00:00 UTC,663,-256,251104000,0.22680555555555557
2018-06-17 00:00:00 UTC,663,-251,251104000,0.097222222222222238
2018-06-17 00:00:00 UTC,663,-144,251184640,5.5793055555555569
2018-06-17 00:00:00 UTC,663,-145,251184640,11.401666666666671
2018-06-17 00:00:00 UTC,663,-257,251530000,4.1275000000000013
2018-06-17 00:00:00 UTC,663,-255,251530000,0.5969444444444445
2018-06-17 00:00:00 UTC,663,-258,251530000,1.014027777777778
2018-06-17 00:00:00 UTC,663,-260,251530000,0.24958333333333332
2018-06-17 00:00:00 UTC,663,-259,251530000,0.86250000000000016
2018-06-17 00:00:00 UTC,663,-256,251530000,2.0098611111111104
2018-06-17 00:00:00 UTC,663,-257,251102000,0.16930555555555557
2018-06-17 00:00:00 UTC,663,-256,251102000,0.23458333333333334
2018-06-17 00:00:00 UTC,663,-189,251852340,7.4429166666666662
2018-06-17 00:00:00 UTC,663,-188,251852340,0.38236111111111115
2018-06-17 00:00:00 UTC,663,-234,251169340,0.14541666666666667
2018-06-17 00:00:00 UTC,663,-233,251169340,0.10625
2018-06-17 00:00:00 UTC,663,-255,251287110,0.9575
2018-06-17 00:00:00 UTC,663,-257,251287110,1.4788888888888889
2018-06-17 00:00:00 UTC,663,-256,251287110,3.1843055555555546
2018-06-17 00:00:00 UTC,663,-257,251026000,1.691111111111111
2018-06-17 00:00:00 UTC,663,-258,251026000,0.1751388888888889
2018-06-17 00:00:00 UTC,663,-255,251026000,1.5727777777777778
2018-06-17 00:00:00 UTC,663,-256,251026000,1.6740277777777772
2018-06-17 00:00:00 UTC,663,-202,251126110,4.9123611111111094
2018-06-17 00:00:00 UTC,663,-201,251126110,2.8604166666666671
2018-06-17 00:00:00 UTC,663,-203,251126110,4.7202777777777785
2018-06-17 00:00:00 UTC,663,-256,251062110,2.2431944444444438
2018-06-17 00:00:00 UTC,663,-258,251062110,0.17277777777777778
2018-06-17 00:00:00 UTC,663,-255,251062110,0.54166666666666663
2018-06-17 00:00:00 UTC,663,-257,251062110,2.5359722222222216
2018-06-17 00:00:00 UTC,663,-189,251851870,3.5111111111111111
2018-06-17 00:00:00 UTC,663,-190,251851870,5.1476388888888911
2018-06-17 00:00:00 UTC,663,-258,251228000,4.1598611111111117
2018-06-17 00:00:00 UTC,663,-259,251228000,0.66999999999999993
2018-06-17 00:00:00 UTC,663,-257,251228000,1.11375
2018-06-17 00:00:00 UTC,663,-234,251184240,1.0988888888888888
2018-06-17 00:00:00 UTC,663,-257,251718000,3.3718055555555555
2018-06-17 00:00:00 UTC,663,-259,251718000,0.16666666666666669
2018-06-17 00:00:00 UTC,663,-258,251718000,3.6743055555555557
2018-06-17 00:00:00 UTC,663,-256,251718000,0.90388888888888874
2018-06-17 00:00:00 UTC,663,-214,251170440,0.20402777777777778
2018-06-17 00:00:00 UTC,663,-213,251170440,0.40555555555555556
2018-06-17 00:00:00 UTC,663,-243,251427000,1.5829166666666665
2018-06-17 00:00:00 UTC,663,121,257724600,5.8454166666666652
2018-06-17 00:00:00 UTC,663,122,257724600,3.0519444444444437
2018-06-17 00:00:00 UTC,663,-257,251107000,0.23527777777777775
2018-06-17 00:00:00 UTC,663,-256,251107000,0.81277777777777793
2018-06-17 00:00:00 UTC,663,-255,251107000,2.0879166666666658
2018-06-17 00:00:00 UTC,663,-189,251309000,0.7134722222222224
2018-06-17 00:00:00 UTC,663,-191,251309000,2.3825000000000003
2018-06-17 00:00:00 UTC,663,-190,251309000,12.580416666666672
2018-06-17 00:00:00 UTC,663,-147,251804110,0.49791666666666673
2018-06-17 00:00:00 UTC,663,-146,251804110,0.90486111111111112
2018-06-17 00:00:00 UTC,663,-259,251036110,1.3908333333333336
2018-06-17 00:00:00 UTC,663,-256,251036110,1.4686111111111113
2018-06-17 00:00:00 UTC,663,-258,251036110,0.66333333333333333
2018-06-17 00:00:00 UTC,663,-257,251036110,1.2579166666666666
2018-06-17 00:00:00 UTC,663,-260,251036110,0.6
2018-06-17 00:00:00 UTC,663,-258,251025110,1.0670833333333334
2018-06-17 00:00:00 UTC,663,-259,251025110,1.8525
2018-06-17 00:00:00 UTC,663,-255,251025110,0.098194444444444445
2018-06-17 00:00:00 UTC,663,-256,251025110,3.8952777777777783
2018-06-17 00:00:00 UTC,663,-257,251025110,2.5919444444444437
2018-06-17 00:00:00 UTC,663,-258,251105000,0.73486111111111119
2018-06-17 00:00:00 UTC,663,-257,251105000,3.5670833333333323
2018-06-17 00:00:00 UTC,663,-145,251802110,0.71777777777777774
2018-06-17 00:00:00 UTC,663,-147,251802110,1.4065277777777778
2018-06-17 00:00:00 UTC,663,-146,251802110,7.9238888888888859
2018-06-17 00:00:00 UTC,-361,1644,224256000,6.024861111111111
2018-06-17 00:00:00 UTC,-361,1641,224256000,0.31888888888888883
2018-06-17 00:00:00 UTC,-361,1639,224256000,0.25652777777777774
2018-06-17 00:00:00 UTC,-361,315,416058900,2.0804166666666668
2018-06-17 00:00:00 UTC,-361,314,416058900,2.1372222222222219
2018-06-17 00:00:00 UTC,-361,316,416058900,0.18930555555555553
2018-06-17 00:00:00 UTC,-361,198,601171000,3.3759722222222224
2018-06-17 00:00:00 UTC,-361,197,601171000,0.43888888888888888
2018-06-17 00:00:00 UTC,-361,197,601318000,0.062083333333333338
2018-06-17 00:00:00 UTC,-361,543,416003953,3.411805555555556
2018-06-17 00:00:00 UTC,-361,542,416003953,0.36958333333333337
2018-06-17 00:00:00 UTC,-361,544,416003953,0.50805555555555559
2018-06-17 00:00:00 UTC,-361,-1728,201605031,3.2572222222222216
2018-06-17 00:00:00 UTC,-361,-473,263564000,0.52944444444444438
2018-06-17 00:00:00 UTC,-105,1361,503005450,0.8156944444444445
2018-06-17 00:00:00 UTC,-105,1362,503005450,0.45347222222222222
2018-06-17 00:00:00 UTC,-105,129,603100174,1.0206944444444446
2018-06-17 00:00:00 UTC,-105,1456,431380000,1.1630555555555555
2018-06-17 00:00:00 UTC,-105,1455,431380000,1.6913888888888884
2018-06-17 00:00:00 UTC,-105,1454,431380000,0.24472222222222223
2018-06-17 00:00:00 UTC,-105,-1278,432990000,0.46499999999999997
2018-06-17 00:00:00 UTC,-105,1630,416004158,0.61611111111111116
2018-06-17 00:00:00 UTC,-105,-10,412201816,1.5933333333333333
2018-06-17 00:00:00 UTC,-105,-9,412201816,4.6998611111111117
2018-06-17 00:00:00 UTC,-105,1344,503002270,0.38277777777777777
2018-06-17 00:00:00 UTC,-105,1648,412500156,1.035
2018-06-17 00:00:00 UTC,-105,1647,412500156,0.37333333333333335
2018-06-17 00:00:00 UTC,-105,1368,503001080,0.22902777777777777
2018-06-17 00:00:00 UTC,-105,1367,503001080,3.0200000000000005
2018-06-17 00:00:00 UTC,152,-1623,367514890,1.0579166666666664
2018-06-17 00:00:00 UTC,152,-171,663092000,2.003055555555556
2018-06-17 00:00:00 UTC,152,-1568,367716130,1.7541666666666667
2018-06-17 00:00:00 UTC,152,-1567,367716130,0.81624999999999992
2018-06-17 00:00:00 UTC,152,1538,416002092,0.85791666666666666
2018-06-17 00:00:00 UTC,152,1540,416002092,0.89527777777777773
2018-06-17 00:00:00 UTC,152,1504,416219700,2.9943055555555556
2018-06-17 00:00:00 UTC,152,1604,431602750,2.8608333333333333
2018-06-17 00:00:00 UTC,152,-1561,367467330,1.0806944444444446
2018-06-17 00:00:00 UTC,152,-173,663131000,3.745972222222222
2018-06-17 00:00:00 UTC,152,1539,416229500,2.9954166666666664
2018-06-17 00:00:00 UTC,152,-1587,440517000,0.56888888888888889
2018-06-17 00:00:00 UTC,152,-1582,440517000,0.19375
2018-06-17 00:00:00 UTC,152,-557,416245900,0.30333333333333334
2018-06-17 00:00:00 UTC,152,-556,416245900,1.1052777777777776
2018-06-17 00:00:00 UTC,152,-555,416245900,5.8472222222222223
2018-06-17 00:00:00 UTC,152,-174,663128000,1.3052777777777782
2018-06-17 00:00:00 UTC,152,-1613,440780000,2.9540277777777777
2018-06-17 00:00:00 UTC,152,-1791,432321000,0.58458333333333323
2018-06-17 00:00:00 UTC,408,139,247110430,1.6088888888888888
2018-06-17 00:00:00 UTC,408,-672,367723310,2.7504166666666667
2018-06-17 00:00:00 UTC,408,-673,367474990,6.4694444444444441
2018-06-17 00:00:00 UTC,408,9,224104240,15.475
2018-06-17 00:00:00 UTC,408,8,224104240,7.918333333333333
2018-06-17 00:00:00 UTC,408,-89,204275000,0.31180555555555556
2018-06-17 00:00:00 UTC,408,-456,224114750,1.5695833333333338
2018-06-17 00:00:00 UTC,408,-455,224114750,0.51805555555555549
2018-06-17 00:00:00 UTC,408,-1756,412420165,9.3565277777777762
2018-06-17 00:00:00 UTC,408,-1753,431701330,5.2527777777777782
2018-06-17 00:00:00 UTC,408,-713,367346010,0.4125
2018-06-17 00:00:00 UTC,408,-1757,412698990,2.7198611111111113
2018-06-17 00:00:00 UTC,408,-1271,367512180,5.0505555555555555
2018-06-17 00:00:00 UTC,408,-676,367347070,2.0895833333333336
2018-06-17 00:00:00 UTC,408,-677,366177430,1.324861111111111
2018-06-17 00:00:00 UTC,408,-1757,412674970,9.21625
2018-06-17 00:00:00 UTC,408,129,247094940,7.540277777777777
2018-06-17 00:00:00 UTC,408,1499,412440480,4.3716666666666661
2018-06-17 00:00:00 UTC,408,139,247113390,0.63847222222222222
2018-06-17 00:00:00 UTC,408,-1754,412697520,5.4370833333333337
2018-06-17 00:00:00 UTC,408,-1755,412697520,3.6443055555555555
2018-06-17 00:00:00 UTC,408,-674,367523250,11.142638888888889
2018-06-17 00:00:00 UTC,408,1504,412440245,0.45555555555555555
2018-06-17 00:00:00 UTC,408,129,247099330,7.6759722222222226
2018-06-17 00:00:00 UTC,408,-1246,366245070,2.8390277777777779
2018-06-17 00:00:00 UTC,408,-1245,366245070,1.7638888888888888
2018-06-17 00:00:00 UTC,408,-417,224407000,3.489583333333333
2018-06-17 00:00:00 UTC,408,9,228173800,2.0425000000000004
2018-06-17 00:00:00 UTC,408,8,228173800,0.32819444444444446
2018-06-17 00:00:00 UTC,408,-676,366211560,0.4629166666666667
2018-06-17 00:00:00 UTC,408,-677,366211560,5.2856944444444434
2018-06-17 00:00:00 UTC,408,-1756,412698090,6.0333333333333341
2018-06-17 00:00:00 UTC,408,-1755,412698090,3.9231944444444444
2018-06-17 00:00:00 UTC,408,8,224051690,0.30666666666666664
2018-06-17 00:00:00 UTC,408,-676,366926320,12.117361111111112
2018-06-17 00:00:00 UTC,408,-675,366926320,3.1568055555555552
2018-06-17 00:00:00 UTC,408,-679,367371250,1.181111111111111
2018-06-17 00:00:00 UTC,408,-678,367371250,3.6325000000000003
2018-06-17 00:00:00 UTC,408,-90,263435000,1.3609722222222222
2018-06-17 00:00:00 UTC,408,-92,263435000,3.6498611111111119
2018-06-17 00:00:00 UTC,408,12,224016890,0.26069444444444445
2018-06-17 00:00:00 UTC,408,-676,191283710,0.46236111111111111
2018-06-17 00:00:00 UTC,408,-677,191283710,13.857361111111112
2018-06-17 00:00:00 UTC,664,-253,251104000,0.79625000000000024
2018-06-17 00:00:00 UTC,664,-254,251104000,2.0587499999999994
2018-06-17 00:00:00 UTC,664,-255,251104000,0.46847222222222223
2018-06-17 00:00:00 UTC,664,-257,251530000,0.57375
2018-06-17 00:00:00 UTC,664,-256,251530000,1.6729166666666666
2018-06-17 00:00:00 UTC,664,-254,251530000,0.47305555555555556
2018-06-17 00:00:00 UTC,664,-255,251530000,2.988055555555555
2018-06-17 00:00:00 UTC,664,-254,251102000,0.59291666666666676
2018-06-17 00:00:00 UTC,664,-257,251102000,0.0940277777777778
2018-06-17 00:00:00 UTC,664,-255,251102000,0.79583333333333339
2018-06-17 00:00:00 UTC,664,-256,251102000,0.99180555555555572
2018-06-17 00:00:00 UTC,664,-254,251287110,2.8322222222222222
2018-06-17 00:00:00 UTC,664,-253,251287110,0.37319444444444444
2018-06-17 00:00:00 UTC,664,-255,251287110,1.8293055555555553
2018-06-17 00:00:00 UTC,664,-235,251447110,0.26277777777777778
2018-06-17 00:00:00 UTC,664,-255,251453000,0.4447222222222223
2018-06-17 00:00:00 UTC,664,-258,251026000,0.53652777777777783
2018-06-17 00:00:00 UTC,664,-255,251026000,0.56708333333333338
2018-06-17 00:00:00 UTC,664,-201,251126110,0.82958333333333334
2018-06-17 00:00:00 UTC,664,-200,251126110,0.41125000000000006
2018-06-17 00:00:00 UTC,664,-203,251126110,1.8287499999999992
2018-06-17 00:00:00 UTC,664,-255,251062110,0.81791666666666663
2018-06-17 00:00:00 UTC,664,-253,251062110,0.80763888888888891
2018-06-17 00:00:00 UTC,664,-254,251062110,1.912638888888889
2018-06-17 00:00:00 UTC,664,-236,251467110,0.21375
2018-06-17 00:00:00 UTC,664,-235,251467110,0.44041666666666668
2018-06-17 00:00:00 UTC,664,-258,251718000,0.094305555555555559
2018-06-17 00:00:00 UTC,664,-254,251718000,1.429861111111111
2018-06-17 00:00:00 UTC,664,-256,251718000,2.61
2018-06-17 00:00:00 UTC,664,-253,251718000,0.35166666666666663
2018-06-17 00:00:00 UTC,664,-257,251718000,0.20111111111111113
2018-06-17 00:00:00 UTC,664,-255,251718000,2.9133333333333318
2018-06-17 00:00:00 UTC,664,118,257045140,1.8795833333333332
2018-06-17 00:00:00 UTC,664,121,257057440,2.1111111111111112
2018-06-17 00:00:00 UTC,664,120,257057440,6.0218055555555559
2018-06-17 00:00:00 UTC,664,119,257057440,6.2326388888888875
2018-06-17 00:00:00 UTC,664,-234,251428000,0.1138888888888889
2018-06-17 00:00:00 UTC,664,-235,251428000,2.4148611111111111
2018-06-17 00:00:00 UTC,664,-177,251368110,2.5476388888888883
2018-06-17 00:00:00 UTC,664,-178,251368110,0.94055555555555526
2018-06-17 00:00:00 UTC,664,-255,251107000,0.55902777777777768
2018-06-17 00:00:00 UTC,664,-254,251107000,2.2969444444444447
2018-06-17 00:00:00 UTC,664,-253,251107000,1.9866666666666664
2018-06-17 00:00:00 UTC,664,-168,251250110,0.29458333333333331
2018-06-17 00:00:00 UTC,664,-170,251250110,0.51458333333333339
2018-06-17 00:00:00 UTC,664,-169,251250110,12.255277777777785
2018-06-17 00:00:00 UTC,664,-256,251036110,0.72097222222222246
2018-06-17 00:00:00 UTC,664,-255,251036110,0.98305555555555557
2018-06-17 00:00:00 UTC,664,-254,251036110,1.2537500000000001
2018-06-17 00:00:00 UTC,664,-255,251025110,2.8455555555555558
2018-06-17 00:00:00 UTC,664,-256,251025110,0.39611111111111114
2018-06-17 00:00:00 UTC,664,-254,251025110,1.3338888888888887
2018-06-17 00:00:00 UTC,664,-169,251249110,14.268055555555563
2018-06-17 00:00:00 UTC,664,-170,251249110,1.8854166666666665
2018-06-17 00:00:00 UTC,664,-254,251105000,2.2816666666666672
2018-06-17 00:00:00 UTC,664,-255,251105000,4.6184722222222216
2018-06-17 00:00:00 UTC,664,-256,251105000,4.1215277777777768
2018-06-17 00:00:00 UTC,664,-257,251105000,0.701111111111111
2018-06-17 00:00:00 UTC,664,-253,251105000,0.97861111111111121
2018-06-17 00:00:00 UTC,664,-170,251382000,2.578611111111111
2018-06-17 00:00:00 UTC,664,-169,251382000,12.604166666666671
2018-06-17 00:00:00 UTC,-360,1644,224256000,0.18694444444444447
2018-06-17 00:00:00 UTC,-360,1642,224256000,0.89097222222222228
2018-06-17 00:00:00 UTC,-360,1643,224256000,1.5269444444444447
2018-06-17 00:00:00 UTC,-360,196,601171000,1.2930555555555554
2018-06-17 00:00:00 UTC,-360,319,416058700,0.49583333333333335
2018-06-17 00:00:00 UTC,-360,318,416058700,0.83736111111111111
2018-06-17 00:00:00 UTC,-360,317,416058700,0.8025
2018-06-17 00:00:00 UTC,-360,316,416058700,0.55666666666666653
2018-06-17 00:00:00 UTC,-360,315,416058700,0.66916666666666669
2018-06-17 00:00:00 UTC,-360,314,416058700,0.35152777777777777
2018-06-17 00:00:00 UTC,-360,195,601318000,0.15722222222222221
2018-06-17 00:00:00 UTC,-360,542,416003953,2.3305555555555557
2018-06-17 00:00:00 UTC,-360,540,416003953,2.8443055555555552
2018-06-17 00:00:00 UTC,-360,541,416003953,2.6619444444444444
2018-06-17 00:00:00 UTC,-360,-525,770576305,2.3834722222222218
2018-06-17 00:00:00 UTC,-360,599,416003015,2.6338888888888889
2018-06-17 00:00:00 UTC,-104,1361,503005450,4.3856944444444448
2018-06-17 00:00:00 UTC,-104,129,603100174,0.85125000000000006
2018-06-17 00:00:00 UTC,-104,128,603100174,1.1036111111111111
2018-06-17 00:00:00 UTC,-104,1454,431380000,1.0909722222222222
2018-06-17 00:00:00 UTC,-104,1453,431380000,0.72763888888888884
2018-06-17 00:00:00 UTC,-104,1455,431380000,0.195
2018-06-17 00:00:00 UTC,-104,-1278,432990000,1.2895833333333333
2018-06-17 00:00:00 UTC,-104,-1284,432990000,2.9149999999999996
2018-06-17 00:00:00 UTC,-104,1630,416004158,2.7890277777777781
2018-06-17 00:00:00 UTC,-104,-9,412201816,0.22069444444444444
2018-06-17 00:00:00 UTC,-104,-6,412201816,0.88611111111111107
2018-06-17 00:00:00 UTC,-104,-7,412201816,0.50152777777777779
2018-06-17 00:00:00 UTC,-104,-4,412201816,1.2959722222222223
2018-06-17 00:00:00 UTC,-104,-8,412201816,0.80861111111111117
2018-06-17 00:00:00 UTC,-104,1343,503002270,2.0530555555555559
2018-06-17 00:00:00 UTC,-104,1344,503002270,1.815
2018-06-17 00:00:00 UTC,-104,1647,412500156,1.2291666666666665
2018-06-17 00:00:00 UTC,-104,1648,412500156,0.11430555555555555
2018-06-17 00:00:00 UTC,-104,1594,520225000,5.19736111111111
2018-06-17 00:00:00 UTC,-104,1595,520225000,0.46180555555555558
2018-06-17 00:00:00 UTC,-104,1366,503001080,1.5458333333333334
2018-06-17 00:00:00 UTC,153,-1623,367514890,1.0780555555555555
2018-06-17 00:00:00 UTC,153,-171,663092000,2.0075
2018-06-17 00:00:00 UTC,153,-1568,367716130,1.5373611111111112
2018-06-17 00:00:00 UTC,153,-554,416245800,2.0702777777777777
2018-06-17 00:00:00 UTC,153,1538,416002092,1.84625
2018-06-17 00:00:00 UTC,153,1540,416002092,2.3355555555555556
2018-06-17 00:00:00 UTC,153,1504,416219700,5.0683333333333334
2018-06-17 00:00:00 UTC,153,1505,416219700,2.3479166666666664
2018-06-17 00:00:00 UTC,153,1500,416219700,0.65736111111111117
2018-06-17 00:00:00 UTC,153,1501,416219700,0.83097222222222222
2018-06-17 00:00:00 UTC,153,1506,416219700,6.2895833333333329
2018-06-17 00:00:00 UTC,153,1502,416219700,1.2069444444444444
2018-06-17 00:00:00 UTC,153,-1622,367602750,0.80638888888888882
2018-06-17 00:00:00 UTC,153,1604,431602750,1.5393055555555555
2018-06-17 00:00:00 UTC,153,-1558,367467330,0.059861111111111108
2018-06-17 00:00:00 UTC,153,-1559,367467330,1.0220833333333332
2018-06-17 00:00:00 UTC,153,-1560,367467330,0.83652777777777776
2018-06-17 00:00:00 UTC,153,1539,416229500,2.3572222222222221
2018-06-17 00:00:00 UTC,153,-1582,440517000,0.58986111111111106
2018-06-17 00:00:00 UTC,153,-1583,440517000,1.3531944444444444
2018-06-17 00:00:00 UTC,153,-560,416245900,5.3469444444444445
2018-06-17 00:00:00 UTC,153,-561,416245900,0.7400000000000001
2018-06-17 00:00:00 UTC,153,-558,416245900,1.9708333333333332
2018-06-17 00:00:00 UTC,153,-563,416245900,0.55555555555555558
2018-06-17 00:00:00 UTC,153,-562,416245900,0.7625
2018-06-17 00:00:00 UTC,153,-559,416245900,1.7205555555555556
2018-06-17 00:00:00 UTC,153,-1628,367140260,0.81027777777777787
2018-06-17 00:00:00 UTC,153,-1794,432321000,0.23208333333333334
2018-06-17 00:00:00 UTC,409,-674,367391240,6.7109722222222219
2018-06-17 00:00:00 UTC,409,134,247094550,0.89597222222222239
2018-06-17 00:00:00 UTC,409,-715,367312670,7.653611111111112
2018-06-17 00:00:00 UTC,409,12,224153640,3.5101388888888887
2018-06-17 00:00:00 UTC,409,-671,367723310,13.625000000000002
2018-06-17 00:00:00 UTC,409,-670,367723310,4.4081944444444439
2018-06-17 00:00:00 UTC,409,-672,367723310,3.2484722222222224
2018-06-17 00:00:00 UTC,409,-671,367689520,8.0640277777777776
2018-06-17 00:00:00 UTC,409,138,247131440,1.0708333333333333
2018-06-17 00:00:00 UTC,409,139,247131440,1.05
2018-06-17 00:00:00 UTC,409,-89,204275000,1.2473611111111111
2018-06-17 00:00:00 UTC,409,12,224014140,0.55652777777777773
2018-06-17 00:00:00 UTC,409,-455,224114750,2.1831944444444442
2018-06-17 00:00:00 UTC,409,129,247110980,3.4873611111111105
2018-06-17 00:00:00 UTC,409,129,247150930,9.9669444444444437
2018-06-17 00:00:00 UTC,409,175,247123030,0.42208333333333337
2018-06-17 00:00:00 UTC,409,-713,367346010,16.49152777777778
2018-06-17 00:00:00 UTC,409,-713,366983260,20.712638888888886
2018-06-17 00:00:00 UTC,409,12,224011110,0.73736111111111113
2018-06-17 00:00:00 UTC,409,136,247091570,0.83361111111111108
2018-06-17 00:00:00 UTC,409,137,247091570,5.15388888888889
2018-06-17 00:00:00 UTC,409,-1270,367512180,0.91694444444444445
2018-06-17 00:00:00 UTC,409,136,247097740,4.2138888888888895
2018-06-17 00:00:00 UTC,409,129,247094940,2.6941666666666668
2018-06-17 00:00:00 UTC,409,1499,412440480,6.88
2018-06-17 00:00:00 UTC,409,139,247113390,0.57527777777777778
2018-06-17 00:00:00 UTC,409,138,247113390,1.0752777777777778
2018-06-17 00:00:00 UTC,409,-89,263214000,0.38638888888888889
2018-06-17 00:00:00 UTC,409,-674,367523250,15.722083333333334
2018-06-17 00:00:00 UTC,409,-701,367016380,8.0926388888888887
2018-06-17 00:00:00 UTC,409,129,247099330,2.0544444444444445
2018-06-17 00:00:00 UTC,409,-1247,366245070,0.632361111111111
2018-06-17 00:00:00 UTC,409,-1246,366245070,0.52736111111111106
2018-06-17 00:00:00 UTC,409,-420,224407000,1.2068055555555555
2018-06-17 00:00:00 UTC,409,-419,224407000,0.84013888888888888
2018-06-17 00:00:00 UTC,409,12,224016630,0.77930555555555558
2018-06-17 00:00:00 UTC,409,-90,263435000,1.6930555555555558
2018-06-17 00:00:00 UTC,409,12,224016890,0.80763888888888891
2018-06-17 00:00:00 UTC,665,-238,251221000,0.63055555555555554
2018-06-17 00:00:00 UTC,665,-237,251221000,0.753611111111111
2018-06-17 00:00:00 UTC,665,-236,251221000,0.14791666666666667
2018-06-17 00:00:00 UTC,665,-253,251102000,0.39430555555555552
2018-06-17 00:00:00 UTC,665,-252,251102000,0.62291666666666667
2018-06-17 00:00:00 UTC,665,-251,251102000,1.1881944444444443
2018-06-17 00:00:00 UTC,665,-192,251852340,0.31180555555555556
2018-06-17 00:00:00 UTC,665,-191,251852340,0.9816666666666668
2018-06-17 00:00:00 UTC,665,-253,251062110,0.973611111111111
2018-06-17 00:00:00 UTC,665,-252,251062110,0.1438888888888889
2018-06-17 00:00:00 UTC,665,-188,251184740,8.6480555555555547
2018-06-17 00:00:00 UTC,665,-186,251184740,0.28236111111111112
2018-06-17 00:00:00 UTC,665,-235,251467110,0.98152777777777778
2018-06-17 00:00:00 UTC,665,-236,251467110,0.66805555555555551
2018-06-17 00:00:00 UTC,665,-238,251269000,0.55236111111111108
2018-06-17 00:00:00 UTC,665,-237,251269000,0.75305555555555559
2018-06-17 00:00:00 UTC,665,-236,251269000,0.41402777777777777
2018-06-17 00:00:00 UTC,665,-238,251076000,4.3581944444444449
2018-06-17 00:00:00 UTC,665,-236,251076000,1.6233333333333331
2018-06-17 00:00:00 UTC,665,-237,251076000,5.0558333333333332
2018-06-17 00:00:00 UTC,665,-178,251368110,5.9461111111111142
2018-06-17 00:00:00 UTC,665,-177,251368110,2.7359722222222222
2018-06-17 00:00:00 UTC,665,-250,251107000,1.4759722222222225
2018-06-17 00:00:00 UTC,665,-253,251107000,0.28416666666666668
2018-06-17 00:00:00 UTC,665,-251,251107000,1.5636111111111113
2018-06-17 00:00:00 UTC,665,-249,251107000,0.145
2018-06-17 00:00:00 UTC,665,-252,251107000,1.6581944444444439
2018-06-17 00:00:00 UTC,665,-170,251250110,2.2113888888888891
2018-06-17 00:00:00 UTC,665,-169,251250110,8.77847222222222
2018-06-17 00:00:00 UTC,665,-235,251288000,2.2531944444444441
2018-06-17 00:00:00 UTC,665,-237,251288000,2.2134722222222223
2018-06-17 00:00:00 UTC,665,-236,251288000,3.0256944444444436
2018-06-17 00:00:00 UTC,665,-253,251036110,0.81208333333333327
2018-06-17 00:00:00 UTC,665,-255,251036110,0.2525
2018-06-17 00:00:00 UTC,665,-254,251036110,0.86486111111111108
2018-06-17 00:00:00 UTC,665,-256,251036110,0.0661111111111111
2018-06-17 00:00:00 UTC,665,-254,251025110,0.23097222222222219
2018-06-17 00:00:00 UTC,665,-169,251249110,6.6970833333333371
2018-06-17 00:00:00 UTC,665,-170,251249110,1.0737500000000002
2018-06-17 00:00:00 UTC,665,-253,251105000,1.6002777777777779
2018-06-17 00:00:00 UTC,665,-252,251105000,0.82319444444444445
2018-06-17 00:00:00 UTC,665,-251,251105000,0.813888888888889
2018-06-17 00:00:00 UTC,665,-169,251382000,3.9227777777777777
2018-06-17 00:00:00 UTC,665,-170,251382000,4.7958333333333325
2018-06-17 00:00:00 UTC,665,120,257304820,0.98680555555555549
2018-06-17 00:00:00 UTC,-359,196,601171000,1.8384722222222223
2018-06-17 00:00:00 UTC,-359,-547,416180800,5.67125
2018-06-17 00:00:00 UTC,-359,317,416058700,2.9661111111111111
2018-06-17 00:00:00 UTC,-359,314,416058700,1.4472222222222222
2018-06-17 00:00:00 UTC,-359,316,416058700,1.1900000000000002
2018-06-17 00:00:00 UTC,-359,319,416058700,0.46611111111111114
2018-06-17 00:00:00 UTC,-359,318,416058700,0.8275
2018-06-17 00:00:00 UTC,-359,315,416058700,4.04875
2018-06-17 00:00:00 UTC,-359,539,416003953,0.79472222222222211
2018-06-17 00:00:00 UTC,-359,540,416003953,3.9416666666666664
2018-06-17 00:00:00 UTC,-359,579,416003451,4.0219444444444443
2018-06-17 00:00:00 UTC,-359,1638,416111500,1.2472222222222222
2018-06-17 00:00:00 UTC,-359,599,416003015,2.9244444444444442
2018-06-17 00:00:00 UTC,-359,598,416003015,1.6480555555555556
2018-06-17 00:00:00 UTC,-103,1357,503005450,5.0119444444444445
2018-06-17 00:00:00 UTC,-103,128,603100174,5.1163888888888884
2018-06-17 00:00:00 UTC,-103,129,603100174,3.5324999999999998
2018-06-17 00:00:00 UTC,-103,1452,431380000,0.099861111111111109
2018-06-17 00:00:00 UTC,-103,1453,431380000,1.0197222222222222
2018-06-17 00:00:00 UTC,-103,-1278,432990000,1.8747222222222224
2018-06-17 00:00:00 UTC,-103,-1568,412421023,1.0461111111111112
2018-06-17 00:00:00 UTC,-103,-1572,412421023,1.5318055555555556
2018-06-17 00:00:00 UTC,-103,1646,412500156,0.80638888888888893
2018-06-17 00:00:00 UTC,-103,1595,520225000,1.422361111111111
2018-06-17 00:00:00 UTC,-103,1592,520225000,0.56541666666666668
2018-06-17 00:00:00 UTC,-103,1365,503001080,2.5102777777777776
2018-06-17 00:00:00 UTC,-103,1366,503001080,1.9769444444444444
2018-06-17 00:00:00 UTC,154,-1623,367514890,1.1931944444444444
2018-06-17 00:00:00 UTC,154,-170,663092000,1.7766666666666666
2018-06-17 00:00:00 UTC,154,-1568,367716130,1.9120833333333334
2018-06-17 00:00:00 UTC,154,-555,416245800,4.4088888888888889
2018-06-17 00:00:00 UTC,154,-557,416245800,1.5498611111111111
2018-06-17 00:00:00 UTC,154,-556,416245800,1.7495833333333335
2018-06-17 00:00:00 UTC,154,1500,416219700,0.6744444444444444
2018-06-17 00:00:00 UTC,154,-1622,367602750,0.99361111111111122
2018-06-17 00:00:00 UTC,154,1604,431602750,1.3186111111111112
2018-06-17 00:00:00 UTC,154,-1558,367467330,0.86736111111111125
2018-06-17 00:00:00 UTC,154,-1557,367467330,0.76458333333333317
2018-06-17 00:00:00 UTC,154,-1559,367467330,0.23166666666666669
2018-06-17 00:00:00 UTC,154,-173,663131000,2.3975
2018-06-17 00:00:00 UTC,154,1539,416229500,0.9775
2018-06-17 00:00:00 UTC,154,-1583,440517000,3.1338888888888889
2018-06-17 00:00:00 UTC,154,-563,416245900,4.2652777777777775
2018-06-17 00:00:00 UTC,154,-1627,367140260,0.33111111111111113
2018-06-17 00:00:00 UTC,154,-1628,367140260,0.78347222222222224
2018-06-17 00:00:00 UTC,410,191,201000463,1.6404166666666669
2018-06-17 00:00:00 UTC,410,-715,367312670,2.7708333333333335
2018-06-17 00:00:00 UTC,410,12,224153640,0.30833333333333335
2018-06-17 00:00:00 UTC,410,-665,366218540,15.875555555555554
2018-06-17 00:00:00 UTC,410,-690,366210110,20.193888888888893
2018-06-17 00:00:00 UTC,410,-204,224098640,3.0105555555555554
2018-06-17 00:00:00 UTC,410,-205,224098640,4.4698611111111113
2018-06-17 00:00:00 UTC,410,130,247150930,0.54847222222222225
2018-06-17 00:00:00 UTC,410,-713,366983260,1.0958333333333332
2018-06-17 00:00:00 UTC,410,-657,316033385,4.2213888888888889
2018-06-17 00:00:00 UTC,410,-658,316033385,1.3348611111111111
2018-06-17 00:00:00 UTC,410,136,247091570,2.8723611111111111
2018-06-17 00:00:00 UTC,410,-1270,367512180,5.2327777777777778
2018-06-17 00:00:00 UTC,410,13,224279670,0.69944444444444442
2018-06-17 00:00:00 UTC,410,12,224279670,0.27638888888888891
2018-06-17 00:00:00 UTC,410,-91,263402890,0.29527777777777775
2018-06-17 00:00:00 UTC,410,136,247097740,3.9218055555555553
2018-06-17 00:00:00 UTC,410,1414,431008652,1.2502777777777778
2018-06-17 00:00:00 UTC,410,135,247094170,0.27902777777777776
2018-06-17 00:00:00 UTC,410,1505,412440480,5.7440277777777773
2018-06-17 00:00:00 UTC,410,-202,224195750,2.6319444444444446
2018-06-17 00:00:00 UTC,410,-203,224195750,1.2252777777777777
2018-06-17 00:00:00 UTC,410,97,247150270,1.3904166666666666
2018-06-17 00:00:00 UTC,410,96,247150270,0.55847222222222226
2018-06-17 00:00:00 UTC,410,-1247,366245070,1.9194444444444445
2018-06-17 00:00:00 UTC,410,-698,367426770,6.9565277777777776
2018-06-17 00:00:00 UTC,410,-424,224407000,0.5969444444444445
2018-06-17 00:00:00 UTC,410,-423,224407000,1.2893055555555555
2018-06-17 00:00:00 UTC,410,-656,316003324,3.5925
2018-06-17 00:00:00 UTC,410,1414,431006973,1.1331944444444444
2018-06-17 00:00:00 UTC,666,-249,251104000,0.61180555555555549
2018-06-17 00:00:00 UTC,666,-250,251104000,0.60180555555555559
2018-06-17 00:00:00 UTC,666,-248,251104000,0.78944444444444462
2018-06-17 00:00:00 UTC,666,-239,251221000,1.0834722222222222
2018-06-17 00:00:00 UTC,666,-238,251221000,0.5690277777777778
2018-06-17 00:00:00 UTC,666,-251,251102000,0.62416666666666665
2018-06-17 00:00:00 UTC,666,-249,251102000,1.3505555555555555
2018-06-17 00:00:00 UTC,666,-250,251102000,1.9088888888888886
2018-06-17 00:00:00 UTC,666,-248,251102000,0.20402777777777778
2018-06-17 00:00:00 UTC,666,-188,251184740,1.5491666666666666
2018-06-17 00:00:00 UTC,666,-249,251718000,0.75708333333333333
2018-06-17 00:00:00 UTC,666,-250,251718000,0.68319444444444455
2018-06-17 00:00:00 UTC,666,-238,251269000,0.74847222222222221
2018-06-17 00:00:00 UTC,666,-239,251269000,1.1552777777777778
2018-06-17 00:00:00 UTC,666,-240,251269000,0.64069444444444457
2018-06-17 00:00:00 UTC,666,-237,251269000,0.34263888888888888
2018-06-17 00:00:00 UTC,666,-181,251412110,5.002361111111111
2018-06-17 00:00:00 UTC,666,-180,251412110,0.34819444444444442
2018-06-17 00:00:00 UTC,666,-240,251076000,0.46888888888888897
2018-06-17 00:00:00 UTC,666,-238,251076000,3.8179166666666666
2018-06-17 00:00:00 UTC,666,-239,251076000,3.3988888888888886
2018-06-17 00:00:00 UTC,666,-236,251076000,0.60597222222222225
2018-06-17 00:00:00 UTC,666,-237,251076000,2.1583333333333323
2018-06-17 00:00:00 UTC,666,-178,251368110,6.9875000000000016
2018-06-17 00:00:00 UTC,666,-250,251107000,0.16722222222222222
2018-06-17 00:00:00 UTC,666,-249,251107000,0.35958333333333337
2018-06-17 00:00:00 UTC,666,-237,251288000,0.026944444444444444
2018-06-17 00:00:00 UTC,666,-235,251288000,2.0194444444444448
2018-06-17 00:00:00 UTC,666,-236,251288000,2.5027777777777773
2018-06-17 00:00:00 UTC,666,-256,251036110,0.22333333333333333
2018-06-17 00:00:00 UTC,666,-257,251036110,0.28819444444444442
2018-06-17 00:00:00 UTC,666,-259,251036110,0.19416666666666668
2018-06-17 00:00:00 UTC,666,-258,251036110,0.34930555555555554
2018-06-17 00:00:00 UTC,666,131,257496800,1.2105555555555556
2018-06-17 00:00:00 UTC,666,132,257496800,9.5769444444444467
2018-06-17 00:00:00 UTC,666,-251,251105000,0.27125
2018-06-17 00:00:00 UTC,666,-250,251105000,1.9311111111111106
2018-06-17 00:00:00 UTC,666,120,257304820,1.5818055555555557
2018-06-17 00:00:00 UTC,666,121,257304820,5.8243055555555552
2018-06-17 00:00:00 UTC,-358,195,601171000,1.362638888888889
2018-06-17 00:00:00 UTC,-358,-1727,416005188,1.3198611111111107
2018-06-17 00:00:00 UTC,-358,-1728,416005188,1.5320833333333326
2018-06-17 00:00:00 UTC,-358,-1726,416005188,1.7486111111111104
2018-06-17 00:00:00 UTC,-358,317,416058700,1.6294444444444445
2018-06-17 00:00:00 UTC,-358,316,416058700,1.8877777777777773
2018-06-17 00:00:00 UTC,-358,315,416058700,2.0355555555555558
2018-06-17 00:00:00 UTC,-358,192,601318000,0.25
2018-06-17 00:00:00 UTC,-358,539,416003953,0.6530555555555555
2018-06-17 00:00:00 UTC,-358,192,601339000,2.8483333333333327
2018-06-17 00:00:00 UTC,-358,191,601339000,1.1572222222222222
2018-06-17 00:00:00 UTC,-358,193,601339000,1.4930555555555554
2018-06-17 00:00:00 UTC,-358,579,416003451,0.9193055555555556
2018-06-17 00:00:00 UTC,-358,1641,416111500,0.581388888888889
2018-06-17 00:00:00 UTC,-358,1638,416111500,0.95680555555555558
2018-06-17 00:00:00 UTC,-358,1637,416111500,0.90416666666666656
2018-06-17 00:00:00 UTC,-358,191,601572000,1.7547222222222223
2018-06-17 00:00:00 UTC,-358,192,601572000,2.6333333333333333
2018-06-17 00:00:00 UTC,-358,193,601572000,0.886111111111111
2018-06-17 00:00:00 UTC,-358,-522,770576305,3.8722222222222227
2018-06-17 00:00:00 UTC,-358,-1732,416032700,1.4204166666666669
2018-06-17 00:00:00 UTC,-358,-1728,416032700,2.0181944444444442
2018-06-17 00:00:00 UTC,-358,-1731,416032700,1.3605555555555553
2018-06-17 00:00:00 UTC,-358,-1725,416032700,1.3522222222222222
2018-06-17 00:00:00 UTC,-358,-1726,416032700,2.2655555555555553
2018-06-17 00:00:00 UTC,-358,-1730,416032700,1.3730555555555557
2018-06-17 00:00:00 UTC,-358,598,416003015,2.515
2018-06-17 00:00:00 UTC,-358,191,601985000,1.1529166666666664
2018-06-17 00:00:00 UTC,-358,192,601985000,1.3669444444444445
2018-06-17 00:00:00 UTC,-358,191,601378300,1.3140277777777774
2018-06-17 00:00:00 UTC,-358,192,601378300,1.4777777777777783
2018-06-17 00:00:00 UTC,-102,1361,503005450,4.3254166666666674
2018-06-17 00:00:00 UTC,-102,1356,503005450,4.9833333333333343
2018-06-17 00:00:00 UTC,-102,128,603100174,7.9409722222222214
2018-06-17 00:00:00 UTC,-102,1453,431380000,0.40527777777777774
2018-06-17 00:00:00 UTC,-102,1452,431380000,2.4611111111111108
2018-06-17 00:00:00 UTC,-102,-1278,432990000,0.81583333333333363
2018-06-17 00:00:00 UTC,-102,1630,416004158,2.8783333333333334
2018-06-17 00:00:00 UTC,-102,-1573,412421023,0.8191666666666666
2018-06-17 00:00:00 UTC,-102,-1584,412421026,1.4316666666666666
2018-06-17 00:00:00 UTC,-102,1595,520225000,1.2370833333333333
2018-06-17 00:00:00 UTC,-102,1592,520225000,0.49513888888888891
2018-06-17 00:00:00 UTC,-102,1593,520225000,0.53222222222222215
2018-06-17 00:00:00 UTC,-102,1365,503001080,1.7556944444444444
2018-06-17 00:00:00 UTC,155,-1623,367514890,1.5533333333333337
2018-06-17 00:00:00 UTC,155,-171,663092000,0.796111111111111
2018-06-17 00:00:00 UTC,155,-170,663092000,1.0311111111111109
2018-06-17 00:00:00 UTC,155,-1568,367716130,2.7770833333333336
2018-06-17 00:00:00 UTC,155,-561,416245800,0.82236111111111121
2018-06-17 00:00:00 UTC,155,-560,416245800,3.3144444444444447
2018-06-17 00:00:00 UTC,155,-562,416245800,0.29958333333333331
2018-06-17 00:00:00 UTC,155,-559,416245800,3.287638888888889
2018-06-17 00:00:00 UTC,155,1538,416002092,2.3300000000000005
2018-06-17 00:00:00 UTC,155,1540,416002092,3.4533333333333331
2018-06-17 00:00:00 UTC,155,-1622,367602750,0.8156944444444445
2018-06-17 00:00:00 UTC,155,-1623,367602750,0.13361111111111112
2018-06-17 00:00:00 UTC,155,-1557,367467330,1.7588888888888887
2018-06-17 00:00:00 UTC,155,-1558,367467330,1.0558333333333332
2018-06-17 00:00:00 UTC,155,-1559,367467330,0.054166666666666669
2018-06-17 00:00:00 UTC,155,-1556,367467330,6.2177777777777772
2018-06-17 00:00:00 UTC,155,-1555,367467330,1.0993055555555555
2018-06-17 00:00:00 UTC,155,-172,663131000,1.3356944444444445
2018-06-17 00:00:00 UTC,155,1539,416229500,6.5526388888888878
2018-06-17 00:00:00 UTC,155,-1626,367140260,0.16361111111111112
2018-06-17 00:00:00 UTC,155,-1627,367140260,0.89944444444444438
2018-06-17 00:00:00 UTC,411,191,201000463,2.6345833333333331
2018-06-17 00:00:00 UTC,411,135,247094040,0.67888888888888888
2018-06-17 00:00:00 UTC,411,136,247094040,0.4
2018-06-17 00:00:00 UTC,411,-664,366218540,9.8025
2018-06-17 00:00:00 UTC,411,-665,366218540,11.680416666666666
2018-06-17 00:00:00 UTC,411,-203,224155950,1.0497222222222224
2018-06-17 00:00:00 UTC,411,-89,263405370,0.85125000000000006
2018-06-17 00:00:00 UTC,411,136,247250760,0.27083333333333337
2018-06-17 00:00:00 UTC,411,135,247094110,0.26361111111111113
2018-06-17 00:00:00 UTC,411,290,271042164,0.30152777777777773
2018-06-17 00:00:00 UTC,411,17,224230520,0.56694444444444447
2018-06-17 00:00:00 UTC,411,18,224230520,1.7148611111111109
2018-06-17 00:00:00 UTC,411,17,224011130,2.1991666666666663
2018-06-17 00:00:00 UTC,411,-91,263408000,0.67499999999999993
2018-06-17 00:00:00 UTC,411,-91,263402890,1.1554166666666665
2018-06-17 00:00:00 UTC,411,1414,431008652,1.620138888888889
2018-06-17 00:00:00 UTC,411,-201,224031640,1.6381944444444445
2018-06-17 00:00:00 UTC,411,1507,412440480,2.1095833333333336
2018-06-17 00:00:00 UTC,411,96,247150270,5.0249999999999995
2018-06-17 00:00:00 UTC,411,97,247150270,0.28333333333333333
2018-06-17 00:00:00 UTC,411,95,247150270,0.28736111111111112
2018-06-17 00:00:00 UTC,411,-698,367426770,6.0290277777777783
2018-06-17 00:00:00 UTC,411,-702,367517140,5.8615277777777761
2018-06-17 00:00:00 UTC,411,-425,224407000,1.0656944444444445
2018-06-17 00:00:00 UTC,411,-424,224407000,0.41513888888888889
2018-06-17 00:00:00 UTC,667,-248,251104000,0.18736111111111114
2018-06-17 00:00:00 UTC,667,-246,251182110,0.51138888888888889
2018-06-17 00:00:00 UTC,667,-245,251182110,0.51944444444444449
2018-06-17 00:00:00 UTC,667,-248,251102000,0.80194444444444457
2018-06-17 00:00:00 UTC,667,-259,251026000,0.75208333333333355
2018-06-17 00:00:00 UTC,667,-260,251026000,0.69513888888888908
2018-06-17 00:00:00 UTC,667,-248,251718000,0.57208333333333339
2018-06-17 00:00:00 UTC,667,-247,251718000,0.60611111111111116
2018-06-17 00:00:00 UTC,667,-160,251167110,3.3261111111111106
2018-06-17 00:00:00 UTC,667,-161,251167110,0.17097222222222222
2018-06-17 00:00:00 UTC,667,-179,251368110,3.1999999999999993
2018-06-17 00:00:00 UTC,667,-178,251368110,1.1419444444444444
2018-06-17 00:00:00 UTC,667,-180,251368110,0.58097222222222233
2018-06-17 00:00:00 UTC,667,-260,251036110,0.15472222222222223
2018-06-17 00:00:00 UTC,667,-259,251036110,0.1375
2018-06-17 00:00:00 UTC,667,132,257496800,0.59111111111111114
2018-06-17 00:00:00 UTC,-357,-565,770576142,0.71194444444444449
2018-06-17 00:00:00 UTC,-357,-564,770576142,2.1609722222222216
2018-06-17 00:00:00 UTC,-357,-563,770576142,2.7579166666666666
2018-06-17 00:00:00 UTC,-357,-562,770576142,1.6941666666666664
2018-06-17 00:00:00 UTC,-357,-566,770576142,0.63194444444444453
2018-06-17 00:00:00 UTC,-357,-564,770576153,0.38055555555555554
2018-06-17 00:00:00 UTC,-357,-563,770576153,9.6823611111111081
2018-06-17 00:00:00 UTC,-357,193,601171000,0.8058333333333334
2018-06-17 00:00:00 UTC,-357,-1730,416005188,0.49
2018-06-17 00:00:00 UTC,-357,-1728,416005188,0.19208333333333333
2018-06-17 00:00:00 UTC,-357,-1731,416005188,0.4597222222222222
2018-06-17 00:00:00 UTC,-357,-1729,416005188,0.89833333333333332
2018-06-17 00:00:00 UTC,-357,316,416058700,0.59541666666666659
2018-06-17 00:00:00 UTC,-357,317,416058700,1.9170833333333333
2018-06-17 00:00:00 UTC,-357,315,416058700,1.309166666666667
2018-06-17 00:00:00 UTC,-357,610,664070000,0.655
2018-06-17 00:00:00 UTC,-357,539,416003953,0.62916666666666665
2018-06-17 00:00:00 UTC,-357,191,601339000,3.4559722222222211
2018-06-17 00:00:00 UTC,-357,190,601339000,5.5309722222222222
2018-06-17 00:00:00 UTC,-357,189,601339000,1.506111111111111
2018-06-17 00:00:00 UTC,-357,579,416003451,0.91680555555555554
2018-06-17 00:00:00 UTC,-357,1640,416111500,3.8929166666666672
2018-06-17 00:00:00 UTC,-357,1637,416111500,2.3897222222222219
2018-06-17 00:00:00 UTC,-357,190,601572000,2.0765277777777778
2018-06-17 00:00:00 UTC,-357,191,601572000,1.4705555555555549
2018-06-17 00:00:00 UTC,-357,-1727,201605031,2.7193055555555556
2018-06-17 00:00:00 UTC,-357,-1733,201605031,1.9555555555555557
2018-06-17 00:00:00 UTC,-357,-1728,201605031,1.471111111111111
2018-06-17 00:00:00 UTC,-357,-1731,201605031,1.83875
2018-06-17 00:00:00 UTC,-357,-1725,201605031,2.9277777777777776
2018-06-17 00:00:00 UTC,-357,-1730,201605031,1.0105555555555554
2018-06-17 00:00:00 UTC,-357,-1729,201605031,1.731527777777778
2018-06-17 00:00:00 UTC,-357,-522,770576305,2.4404166666666671
2018-06-17 00:00:00 UTC,-357,598,416003015,1.5663888888888888
2018-06-17 00:00:00 UTC,-357,597,416003015,0.89
2018-06-17 00:00:00 UTC,-357,-563,770576088,2.6206944444444442
2018-06-17 00:00:00 UTC,-357,-563,770576102,9.286944444444444
2018-06-17 00:00:00 UTC,-357,-564,770576102,0.48305555555555557
2018-06-17 00:00:00 UTC,-357,-565,770576103,1.6237499999999998
2018-06-17 00:00:00 UTC,-357,-562,770576103,1.8611111111111112
2018-06-17 00:00:00 UTC,-357,-564,770576103,2.1898611111111115
2018-06-17 00:00:00 UTC,-357,-563,770576103,2.8745833333333328
2018-06-17 00:00:00 UTC,-357,190,601985000,1.6761111111111109
2018-06-17 00:00:00 UTC,-357,191,601985000,2.1673611111111106
2018-06-17 00:00:00 UTC,-357,-562,770576116,0.45500000000000007
2018-06-17 00:00:00 UTC,-357,-563,770576116,3.4219444444444447
2018-06-17 00:00:00 UTC,-357,-564,770576116,0.37347222222222221
2018-06-17 00:00:00 UTC,-357,-564,770576120,0.548888888888889
2018-06-17 00:00:00 UTC,-357,-562,770576120,1.4386111111111111
2018-06-17 00:00:00 UTC,-357,-563,770576120,5.64111111111111
2018-06-17 00:00:00 UTC,-357,-563,770576122,2.3406944444444444
2018-06-17 00:00:00 UTC,-357,-562,770576123,1.6959722222222224
2018-06-17 00:00:00 UTC,-357,-564,770576123,0.56611111111111112
2018-06-17 00:00:00 UTC,-357,-563,770576123,6.5454166666666689
2018-06-17 00:00:00 UTC,-357,191,601378300,0.78055555555555578
2018-06-17 00:00:00 UTC,-357,189,601378300,0.064861111111111119
2018-06-17 00:00:00 UTC,-357,190,601378300,2.1927777777777773
2018-06-17 00:00:00 UTC,-101,1363,503005450,4.0498611111111105
2018-06-17 00:00:00 UTC,-101,128,603100174,2.9459722222222222
2018-06-17 00:00:00 UTC,-101,1410,553111844,12.071666666666665
2018-06-17 00:00:00 UTC,-101,1408,553111844,1.3597222222222223
2018-06-17 00:00:00 UTC,-101,1405,553111844,0.97902777777777772
2018-06-17 00:00:00 UTC,-101,1406,553111844,2.3298611111111107
2018-06-17 00:00:00 UTC,-101,1407,553111844,1.3088888888888888
2018-06-17 00:00:00 UTC,-101,1409,553111844,1.7402777777777776
2018-06-17 00:00:00 UTC,-101,-1277,432990000,1.5347222222222219
2018-06-17 00:00:00 UTC,-101,1629,416004158,2.3177777777777777
2018-06-17 00:00:00 UTC,-101,1460,432626000,0.25375000000000003
2018-06-17 00:00:00 UTC,-101,1293,503659100,18.74013888888889
2018-06-17 00:00:00 UTC,-101,-1585,412421026,2.8352777777777773
2018-06-17 00:00:00 UTC,-101,-1589,412421026,0.80472222222222212
2018-06-17 00:00:00 UTC,-101,-1591,412421026,1.155
2018-06-17 00:00:00 UTC,-101,-1588,412421026,2.3962499999999998
2018-06-17 00:00:00 UTC,-101,-1586,412421026,2.0351388888888891
2018-06-17 00:00:00 UTC,-101,-1590,412421026,0.73097222222222213
2018-06-17 00:00:00 UTC,-101,-1583,412421026,1.7236111111111105
2018-06-17 00:00:00 UTC,-101,-1582,412421026,2.4065277777777778
2018-06-17 00:00:00 UTC,-101,-1587,412421026,2.349583333333332
2018-06-17 00:00:00 UTC,-101,-1584,412421026,0.79583333333333339
2018-06-17 00:00:00 UTC,-101,1595,520225000,2.0325
2018-06-17 00:00:00 UTC,-101,1594,520225000,2.2061111111111109
2018-06-17 00:00:00 UTC,-101,1593,520225000,0.59361111111111109
2018-06-17 00:00:00 UTC,156,-170,663092000,2.7706944444444441
2018-06-17 00:00:00 UTC,156,-171,663092000,1.9824999999999995
2018-06-17 00:00:00 UTC,156,-562,416245800,4.2988888888888885
2018-06-17 00:00:00 UTC,156,-563,416245800,2.7302777777777778
2018-06-17 00:00:00 UTC,156,-1623,367602750,0.68541666666666656
2018-06-17 00:00:00 UTC,156,-1622,367602750,0.52861111111111114
2018-06-17 00:00:00 UTC,156,-1621,367602750,2.3069444444444445
2018-06-17 00:00:00 UTC,156,-1581,367423310,2.7790277777777779
2018-06-17 00:00:00 UTC,156,-1583,367423310,5.8515277777777772
2018-06-17 00:00:00 UTC,156,-1579,367423310,2.4756944444444438
2018-06-17 00:00:00 UTC,156,-1582,367423310,2.394166666666667
2018-06-17 00:00:00 UTC,156,-1577,367423310,2.5708333333333333
2018-06-17 00:00:00 UTC,156,-1580,367423310,2.9925
2018-06-17 00:00:00 UTC,156,-1576,367423310,0.22930555555555557
2018-06-17 00:00:00 UTC,156,-1578,367423310,3.9308333333333332
2018-06-17 00:00:00 UTC,156,-172,663131000,0.97347222222222229
2018-06-17 00:00:00 UTC,156,-1631,367140260,3.1470833333333332
2018-06-17 00:00:00 UTC,156,-1633,367140260,2.3099999999999992
2018-06-17 00:00:00 UTC,156,-1637,367140260,1.6152777777777778
2018-06-17 00:00:00 UTC,156,-1627,367140260,1.035
2018-06-17 00:00:00 UTC,156,-1629,367140260,0.81055555555555558
2018-06-17 00:00:00 UTC,156,-1636,367140260,1.2718055555555554
2018-06-17 00:00:00 UTC,156,-1628,367140260,0.72888888888888892
2018-06-17 00:00:00 UTC,156,-1626,367140260,1.5290277777777772
2018-06-17 00:00:00 UTC,156,-1634,367140260,0.73222222222222222
2018-06-17 00:00:00 UTC,156,-1630,367140260,1.1486111111111112
2018-06-17 00:00:00 UTC,156,-1600,431469000,4.4940277777777773
2018-06-17 00:00:00 UTC,412,90,247155210,2.73875
2018-06-17 00:00:00 UTC,412,192,201000463,1.7362499999999998
2018-06-17 00:00:00 UTC,412,-203,224155950,0.28180555555555553
2018-06-17 00:00:00 UTC,412,-204,224155950,0.21833333333333332
2018-06-17 00:00:00 UTC,412,-222,204819000,3.3162499999999993
2018-06-17 00:00:00 UTC,412,-89,263405370,0.80430555555555538
2018-06-17 00:00:00 UTC,412,-705,367299650,0.29583333333333328
2018-06-17 00:00:00 UTC,412,-704,367299650,4.7851388888888886
2018-06-17 00:00:00 UTC,412,-703,367299650,1.1665277777777778
2018-06-17 00:00:00 UTC,412,132,247092550,0.959861111111111
2018-06-17 00:00:00 UTC,412,133,247092550,0.28611111111111109
2018-06-17 00:00:00 UTC,412,-650,316033385,5.97875
2018-06-17 00:00:00 UTC,412,-91,263408000,2.48
2018-06-17 00:00:00 UTC,412,-691,366977950,0.70375
2018-06-17 00:00:00 UTC,412,133,247092390,1.0525
2018-06-17 00:00:00 UTC,412,-203,224195750,1.6929166666666666
2018-06-17 00:00:00 UTC,412,-92,263414480,0.99888888888888883
2018-06-17 00:00:00 UTC,412,-703,367517140,1.2204166666666667
2018-06-17 00:00:00 UTC,412,-704,367517140,3.5583333333333336
2018-06-17 00:00:00 UTC,412,-706,367517140,0.29194444444444445
2018-06-17 00:00:00 UTC,412,-427,224407000,1.2641666666666667
2018-06-17 00:00:00 UTC,412,-422,224407000,1.9363888888888887
2018-06-17 00:00:00 UTC,668,135,257221120,0.2875
2018-06-17 00:00:00 UTC,668,-246,251182110,4.3581944444444449
2018-06-17 00:00:00 UTC,668,-245,251182110,3.4616666666666678
2018-06-17 00:00:00 UTC,668,-244,251182110,7.9680555555555577
2018-06-17 00:00:00 UTC,668,-242,251182110,1.2263888888888888
2018-06-17 00:00:00 UTC,668,-247,251182110,0.15416666666666667
2018-06-17 00:00:00 UTC,668,-243,251182110,3.2422222222222237
2018-06-17 00:00:00 UTC,668,-175,251164000,0.46819444444444436
2018-06-17 00:00:00 UTC,668,-174,251164000,1.4241666666666668
2018-06-17 00:00:00 UTC,668,-229,251211110,0.85902777777777783
2018-06-17 00:00:00 UTC,668,-230,251211110,1.5270833333333329
2018-06-17 00:00:00 UTC,668,-231,251211110,0.24875
2018-06-17 00:00:00 UTC,668,-248,251718000,1.3234722222222222
2018-06-17 00:00:00 UTC,668,-247,251718000,2.2644444444444445
2018-06-17 00:00:00 UTC,668,-161,251167110,0.34416666666666668
2018-06-17 00:00:00 UTC,668,-159,251167110,2.4454166666666666
2018-06-17 00:00:00 UTC,668,-160,251167110,4.3668055555555565
2018-06-17 00:00:00 UTC,668,135,257169820,4.6331944444444444
2018-06-17 00:00:00 UTC,668,-536,331489000,0.15833333333333333
2018-06-17 00:00:00 UTC,-356,-563,770576142,8.1800000000000033
2018-06-17 00:00:00 UTC,-356,-565,770576142,1.4040277777777777
2018-06-17 00:00:00 UTC,-356,-562,770576142,1.12125
2018-06-17 00:00:00 UTC,-356,-564,770576142,5.4058333333333355
2018-06-17 00:00:00 UTC,-356,-562,770576153,0.093194444444444441
2018-06-17 00:00:00 UTC,-356,-564,770576153,5.4172222222222217
2018-06-17 00:00:00 UTC,-356,-565,770576153,2.520138888888888
2018-06-17 00:00:00 UTC,-356,-563,770576153,5.1284722222222223
2018-06-17 00:00:00 UTC,-356,-566,770576153,0.81416666666666682
2018-06-17 00:00:00 UTC,-356,192,601171000,0.43388888888888888
2018-06-17 00:00:00 UTC,-356,125,431251000,0.5872222222222222
2018-06-17 00:00:00 UTC,-356,-1728,416005188,1.1215277777777777
2018-06-17 00:00:00 UTC,-356,-1730,416005188,0.81861111111111107
2018-06-17 00:00:00 UTC,-356,-1723,416005188,0.55972222222222223
2018-06-17 00:00:00 UTC,-356,-1725,416005188,1.8086111111111103
2018-06-17 00:00:00 UTC,-356,-1727,416005188,0.64611111111111119
2018-06-17 00:00:00 UTC,-356,-1732,416005188,0.66666666666666685
2018-06-17 00:00:00 UTC,-356,-1724,416005188,2.0815277777777776
2018-06-17 00:00:00 UTC,-356,-1731,416005188,1.5356944444444445
2018-06-17 00:00:00 UTC,-356,-1726,416005188,1.0558333333333334
2018-06-17 00:00:00 UTC,-356,-1729,416005188,0.60680555555555549
2018-06-17 00:00:00 UTC,-356,1646,416002900,0.75458333333333338
2018-06-17 00:00:00 UTC,-356,1633,416081500,0.77097222222222217
2018-06-17 00:00:00 UTC,-356,610,664070000,4.3331944444444446
2018-06-17 00:00:00 UTC,-356,189,601339000,7.0366666666666644
2018-06-17 00:00:00 UTC,-356,190,601339000,0.59875
2018-06-17 00:00:00 UTC,-356,579,416003451,3.6751388888888883
2018-06-17 00:00:00 UTC,-356,1636,416111500,0.54819444444444443
2018-06-17 00:00:00 UTC,-356,190,601572000,0.5905555555555555
2018-06-17 00:00:00 UTC,-356,188,601572000,1.5573611111111112
2018-06-17 00:00:00 UTC,-356,189,601572000,2.5279166666666666
2018-06-17 00:00:00 UTC,-356,-1733,201605031,0.77027777777777784
2018-06-17 00:00:00 UTC,-356,-1732,201605031,0.69361111111111118
2018-06-17 00:00:00 UTC,-356,439,416003496,0.73791666666666678
2018-06-17 00:00:00 UTC,-356,595,416003015,0.92152777777777772
2018-06-17 00:00:00 UTC,-356,597,416003015,2.6306944444444444
2018-06-17 00:00:00 UTC,-356,-562,770576088,2.0095833333333335
2018-06-17 00:00:00 UTC,-356,-561,770576088,1.3773611111111115
2018-06-17 00:00:00 UTC,-356,-563,770576088,3.4179166666666658
2018-06-17 00:00:00 UTC,-356,-1725,416099800,0.65180555555555564
2018-06-17 00:00:00 UTC,-356,-566,770576102,0.814861111111111
2018-06-17 00:00:00 UTC,-356,-565,770576102,2.4333333333333336
2018-06-17 00:00:00 UTC,-356,-563,770576102,5.1294444444444434
2018-06-17 00:00:00 UTC,-356,-562,770576102,0.23902777777777778
2018-06-17 00:00:00 UTC,-356,-564,770576102,5.6169444444444423
2018-06-17 00:00:00 UTC,-356,-562,770576103,0.8306944444444444
2018-06-17 00:00:00 UTC,-356,-564,770576103,5.0931944444444461
2018-06-17 00:00:00 UTC,-356,-565,770576103,1.6052777777777778
2018-06-17 00:00:00 UTC,-356,-563,770576103,7.9102777777777806
2018-06-17 00:00:00 UTC,-356,211,601974000,0.75083333333333324
2018-06-17 00:00:00 UTC,-356,210,601974000,0.75472222222222218
2018-06-17 00:00:00 UTC,-356,-564,770576116,3.935
2018-06-17 00:00:00 UTC,-356,-561,770576116,1.8843055555555555
2018-06-17 00:00:00 UTC,-356,-562,770576116,1.5505555555555555
2018-06-17 00:00:00 UTC,-356,-563,770576116,5.2922222222222208
2018-06-17 00:00:00 UTC,-356,-560,770576116,1.3648611111111113
2018-06-17 00:00:00 UTC,-356,-562,770576120,2.4777777777777779
2018-06-17 00:00:00 UTC,-356,-563,770576120,7.1119444444444424
2018-06-17 00:00:00 UTC,-356,-564,770576120,5.0279166666666661
2018-06-17 00:00:00 UTC,-356,-561,770576122,1.4561111111111111
2018-06-17 00:00:00 UTC,-356,-562,770576122,1.4559722222222224
2018-06-17 00:00:00 UTC,-356,-563,770576122,1.8538888888888885
2018-06-17 00:00:00 UTC,-356,-563,770576123,6.4350000000000005
2018-06-17 00:00:00 UTC,-356,-562,770576123,2.2469444444444444
2018-06-17 00:00:00 UTC,-356,-564,770576123,4.9904166666666665
2018-06-17 00:00:00 UTC,-356,190,601378300,0.70361111111111119
2018-06-17 00:00:00 UTC,-356,188,601378300,1.9515277777777773
2018-06-17 00:00:00 UTC,-356,189,601378300,3.8318055555555564
2018-06-17 00:00:00 UTC,-100,127,603100161,4.471111111111111
2018-06-17 00:00:00 UTC,-100,1408,553111844,0.54819444444444443
2018-06-17 00:00:00 UTC,-100,1409,553111844,1.8595833333333331
2018-06-17 00:00:00 UTC,-100,1410,553111844,0.95180555555555557
2018-06-17 00:00:00 UTC,-100,-1277,432990000,0.96486111111111128
2018-06-17 00:00:00 UTC,-100,1460,432626000,4.3654166666666656
2018-06-17 00:00:00 UTC,-100,1459,432626000,1.805
2018-06-17 00:00:00 UTC,-100,-1590,412421026,2.506388888888889
2018-06-17 00:00:00 UTC,-100,-1589,412421026,2.0766666666666662
2018-06-17 00:00:00 UTC,157,-1623,367514890,4.7269444444444444
2018-06-17 00:00:00 UTC,157,-170,663092000,2.4726388888888895
2018-06-17 00:00:00 UTC,157,-171,663092000,0.07625
2018-06-17 00:00:00 UTC,157,-1568,367716130,0.087361111111111112
2018-06-17 00:00:00 UTC,157,-1569,367716130,0.78180555555555564
2018-06-17 00:00:00 UTC,157,-1570,367716130,0.678611111111111
2018-06-17 00:00:00 UTC,157,-1621,367602750,2.7124999999999995
2018-06-17 00:00:00 UTC,157,-526,541620034,1.2309722222222224
2018-06-17 00:00:00 UTC,157,-529,541620034,6.243611111111111
2018-06-17 00:00:00 UTC,157,-525,541620034,0.56055555555555558
2018-06-17 00:00:00 UTC,157,-528,541620034,1.0016666666666665
2018-06-17 00:00:00 UTC,157,-527,541620034,2.9618055555555554
2018-06-17 00:00:00 UTC,157,-1576,367423310,1.7161111111111111
2018-06-17 00:00:00 UTC,157,-1634,367140260,1.1852777777777779
2018-06-17 00:00:00 UTC,157,-1636,367140260,1.4768055555555555
2018-06-17 00:00:00 UTC,157,-1635,367140260,1.7952777777777771
2018-06-17 00:00:00 UTC,157,-1637,367140260,2.2070833333333333
2018-06-17 00:00:00 UTC,157,-1599,431469000,0.21666666666666667
2018-06-17 00:00:00 UTC,413,90,247155210,3.5572222222222232
2018-06-17 00:00:00 UTC,413,22,224324620,1.9137499999999998
2018-06-17 00:00:00 UTC,413,21,224324620,0.35416666666666663
2018-06-17 00:00:00 UTC,413,-687,367187480,27.548888888888889
2018-06-17 00:00:00 UTC,413,22,224004380,0.33777777777777779
2018-06-17 00:00:00 UTC,413,-687,367435050,18.30777777777778
2018-06-17 00:00:00 UTC,413,-687,367131690,7.1154166666666665
2018-06-17 00:00:00 UTC,413,-686,367131690,7.9487499999999995
2018-06-17 00:00:00 UTC,413,-648,316025389,10.097222222222221
2018-06-17 00:00:00 UTC,413,-204,224155950,1.51125
2018-06-17 00:00:00 UTC,413,22,224028980,4.3401388888888892
2018-06-17 00:00:00 UTC,413,21,224028980,1.3105555555555555
2018-06-17 00:00:00 UTC,413,22,224022330,2.29
2018-06-17 00:00:00 UTC,413,22,224004420,2.1009722222222216
2018-06-17 00:00:00 UTC,413,-91,263282000,0.2026388888888889
2018-06-17 00:00:00 UTC,413,-92,263282000,0.65333333333333332
2018-06-17 00:00:00 UTC,413,-90,263282000,0.46652777777777776
2018-06-17 00:00:00 UTC,413,-650,316003152,4.4548611111111116
2018-06-17 00:00:00 UTC,413,-649,316003152,1.1288888888888888
2018-06-17 00:00:00 UTC,413,22,224101970,0.99055555555555552
2018-06-17 00:00:00 UTC,413,165,247127890,1.0333333333333332
2018-06-17 00:00:00 UTC,413,-90,263406690,0.30333333333333334
2018-06-17 00:00:00 UTC,413,-687,367426660,0.42888888888888888
2018-06-17 00:00:00 UTC,413,-651,316033385,4.2019444444444449
2018-06-17 00:00:00 UTC,413,-649,316033385,1.0263888888888888
2018-06-17 00:00:00 UTC,413,-650,316033385,7.1283333333333339
2018-06-17 00:00:00 UTC,413,-89,263419760,1.5420833333333333
2018-06-17 00:00:00 UTC,413,22,224025970,1.6441666666666666
2018-06-17 00:00:00 UTC,413,22,224118650,2.2416666666666667
2018-06-17 00:00:00 UTC,413,-91,263408000,3.1541666666666663
2018-06-17 00:00:00 UTC,413,-90,263408000,0.99416666666666664
2018-06-17 00:00:00 UTC,413,-92,263408000,0.46416666666666662
2018-06-17 00:00:00 UTC,413,22,224319880,1.122638888888889
2018-06-17 00:00:00 UTC,413,-687,367459470,19.737916666666671
2018-06-17 00:00:00 UTC,413,-692,366977950,6.2665277777777781
2018-06-17 00:00:00 UTC,413,-702,338234529,2.5819444444444444
2018-06-17 00:00:00 UTC,413,-703,338234529,1.8972222222222224
2018-06-17 00:00:00 UTC,413,-687,367176360,9.39875
2018-06-17 00:00:00 UTC,413,-89,263385000,0.074444444444444452
2018-06-17 00:00:00 UTC,413,-90,263385000,1.3223611111111113
2018-06-17 00:00:00 UTC,413,25,224081330,0.27930555555555558
2018-06-17 00:00:00 UTC,413,24,224081330,0.525
2018-06-17 00:00:00 UTC,413,-713,367052470,0.27486111111111111
2018-06-17 00:00:00 UTC,413,23,224098760,1.2456944444444444
2018-06-17 00:00:00 UTC,413,24,224098760,0.2747222222222222
2018-06-17 00:00:00 UTC,413,22,224219340,2.0402777777777779
2018-06-17 00:00:00 UTC,413,-687,367717070,6.8243055555555552
2018-06-17 00:00:00 UTC,413,164,247280850,1.0230555555555556
2018-06-17 00:00:00 UTC,413,22,224070870,2.1483333333333334
2018-06-17 00:00:00 UTC,413,-715,367155670,4.5311111111111124
2018-06-17 00:00:00 UTC,413,-717,367155670,4.104166666666667
2018-06-17 00:00:00 UTC,413,22,224070871,2.0015277777777776
2018-06-17 00:00:00 UTC,413,-426,224407000,1.4216666666666664
2018-06-17 00:00:00 UTC,413,-427,224407000,0.58208333333333329
2018-06-17 00:00:00 UTC,413,-425,224407000,1.1875
2018-06-17 00:00:00 UTC,413,-424,224407000,1.3638888888888889
2018-06-17 00:00:00 UTC,413,1353,273425630,7.0106944444444448
2018-06-17 00:00:00 UTC,413,-651,316003324,7.6734722222222222
2018-06-17 00:00:00 UTC,413,-650,316003324,8.715
2018-06-17 00:00:00 UTC,413,-653,316003324,4.715694444444444
2018-06-17 00:00:00 UTC,669,81,257470500,2.1606944444444447
2018-06-17 00:00:00 UTC,669,-174,251164000,3.4045833333333335
2018-06-17 00:00:00 UTC,669,-228,251211110,1.0120833333333337
2018-06-17 00:00:00 UTC,669,-229,251211110,0.63708333333333333
2018-06-17 00:00:00 UTC,669,-159,251167110,4.3563888888888878
2018-06-17 00:00:00 UTC,669,-160,251167110,4.8206944444444453
2018-06-17 00:00:00 UTC,669,-162,251145110,0.66611111111111121
2018-06-17 00:00:00 UTC,669,-242,251076000,0.07
2018-06-17 00:00:00 UTC,-355,572,416002604,3.0899999999999994
2018-06-17 00:00:00 UTC,-355,-1715,416174900,0.18388888888888888
2018-06-17 00:00:00 UTC,-355,125,431251000,1.4748611111111112
2018-06-17 00:00:00 UTC,-355,-1730,416005188,0.59444444444444455
2018-06-17 00:00:00 UTC,-355,-1727,416005188,0.81402777777777768
2018-06-17 00:00:00 UTC,-355,-1729,416005188,1.1681944444444445
2018-06-17 00:00:00 UTC,-355,-1726,416005188,0.19833333333333336
2018-06-17 00:00:00 UTC,-355,1646,416002900,0.82375000000000009
2018-06-17 00:00:00 UTC,-355,1632,416081500,0.60708333333333331
2018-06-17 00:00:00 UTC,-355,1633,416081500,1.2368055555555557
2018-06-17 00:00:00 UTC,-355,-1730,416005220,0.755138888888889
2018-06-17 00:00:00 UTC,-355,-1724,416005220,0.28652777777777777
2018-06-17 00:00:00 UTC,-355,-1726,416005220,0.50875
2018-06-17 00:00:00 UTC,-355,-1725,416005220,0.67347222222222225
2018-06-17 00:00:00 UTC,-355,-1731,416005220,0.32791666666666669
2018-06-17 00:00:00 UTC,-355,-1729,416005220,0.31222222222222218
2018-06-17 00:00:00 UTC,-355,579,416003451,2.2659722222222225
2018-06-17 00:00:00 UTC,-355,1635,416111500,0.42722222222222228
2018-06-17 00:00:00 UTC,-355,1636,416111500,0.39652777777777781
2018-06-17 00:00:00 UTC,-355,187,601572000,1.2527777777777782
2018-06-17 00:00:00 UTC,-355,188,601572000,4.2791666666666659
2018-06-17 00:00:00 UTC,-355,430,416002499,0.76999999999999991
2018-06-17 00:00:00 UTC,-355,431,416002499,8.1183333333333358
2018-06-17 00:00:00 UTC,-355,595,416003015,1.6933333333333334
2018-06-17 00:00:00 UTC,-355,596,416003015,0.58263888888888882
2018-06-17 00:00:00 UTC,-355,597,416003015,2.9263888888888889
2018-06-17 00:00:00 UTC,-355,-561,770576088,1.5638888888888887
2018-06-17 00:00:00 UTC,-355,-1724,416099800,0.79250000000000009
2018-06-17 00:00:00 UTC,-355,209,601974000,0.31972222222222224
2018-06-17 00:00:00 UTC,-355,211,601974000,0.91944444444444451
2018-06-17 00:00:00 UTC,-355,212,601974000,0.83416666666666672
2018-06-17 00:00:00 UTC,-355,-563,770576116,0.95347222222222217
2018-06-17 00:00:00 UTC,-355,-561,770576116,1.2305555555555556
2018-06-17 00:00:00 UTC,-355,-562,770576116,2.1036111111111118
2018-06-17 00:00:00 UTC,-355,-560,770576116,1.3962499999999998
2018-06-17 00:00:00 UTC,-355,-564,770576120,0.36527777777777781
2018-06-17 00:00:00 UTC,-355,-563,770576120,0.33236111111111116
2018-06-17 00:00:00 UTC,-355,-561,770576122,1.5541666666666665
2018-06-17 00:00:00 UTC,-355,-564,770576123,0.060694444444444447
2018-06-17 00:00:00 UTC,-355,188,601378300,1.4222222222222223
2018-06-17 00:00:00 UTC,-355,189,601378300,1.8143055555555552
2018-06-17 00:00:00 UTC,-355,187,601378300,1.1276388888888891
2018-06-17 00:00:00 UTC,-355,190,601378300,0.85138888888888875
2018-06-17 00:00:00 UTC,-99,127,603100161,5.9811111111111108
2018-06-17 00:00:00 UTC,-99,-786,760000013,1.0318055555555552
2018-06-17 00:00:00 UTC,-99,-785,760000013,0.89763888888888888
2018-06-17 00:00:00 UTC,-99,1461,432626000,1.6056944444444445
2018-06-17 00:00:00 UTC,-99,1460,432626000,1.0813888888888887
2018-06-17 00:00:00 UTC,-99,1462,432626000,0.26138888888888889
2018-06-17 00:00:00 UTC,-99,1459,432626000,2.2097222222222208
2018-06-17 00:00:00 UTC,-99,1458,432626000,0.98416666666666686
2018-06-17 00:00:00 UTC,-99,1353,503002270,0.39597222222222223
2018-06-17 00:00:00 UTC,-99,-1572,412460004,1.2644444444444445
2018-06-17 00:00:00 UTC,-99,-1573,412460004,1.1101388888888888
2018-06-17 00:00:00 UTC,-99,-1571,412460004,1.7045833333333333
2018-06-17 00:00:00 UTC,158,-1623,367514890,2.8045833333333334
2018-06-17 00:00:00 UTC,158,-170,663092000,1.292777777777778
2018-06-17 00:00:00 UTC,158,-169,663092000,0.64180555555555563
2018-06-17 00:00:00 UTC,158,-1569,367716130,2.8023611111111113
2018-06-17 00:00:00 UTC,158,-1568,367716130,2.6920833333333332
2018-06-17 00:00:00 UTC,158,-1621,367602750,2.1375
2018-06-17 00:00:00 UTC,158,-527,541620034,1.6680555555555556
2018-06-17 00:00:00 UTC,158,-526,541620034,1.7830555555555554
2018-06-17 00:00:00 UTC,158,-524,541620034,1.0340277777777778
2018-06-17 00:00:00 UTC,158,-522,541620034,1.0791666666666666
2018-06-17 00:00:00 UTC,158,-525,541620034,3.7884722222222225
2018-06-17 00:00:00 UTC,158,-521,541620034,2.962361111111111
2018-06-17 00:00:00 UTC,158,-1579,367128410,1.0915277777777779
2018-06-17 00:00:00 UTC,158,-1578,367128410,0.96416666666666662
2018-06-17 00:00:00 UTC,158,1537,431005871,1.1490277777777778
2018-06-17 00:00:00 UTC,158,1536,431005871,0.57527777777777778
2018-06-17 00:00:00 UTC,158,1539,431005871,1.974722222222222
2018-06-17 00:00:00 UTC,158,-168,898171599,19.691666666666666
2018-06-17 00:00:00 UTC,158,-1571,367732990,3.1329166666666683
2018-06-17 00:00:00 UTC,158,-1569,367732990,0.33833333333333337
2018-06-17 00:00:00 UTC,158,-1573,367732990,1.3649999999999998
2018-06-17 00:00:00 UTC,158,-1572,367732990,3.6779166666666665
2018-06-17 00:00:00 UTC,158,-1570,367732990,0.86638888888888888
2018-06-17 00:00:00 UTC,414,-687,367316490,12.61875
2018-06-17 00:00:00 UTC,414,-686,367316490,16.897638888888888
2018-06-17 00:00:00 UTC,414,163,247122460,1.3320833333333333
2018-06-17 00:00:00 UTC,414,-687,367191080,10.634722222222223
2018-06-17 00:00:00 UTC,414,-686,367191080,18.195277777777779
2018-06-17 00:00:00 UTC,414,-686,367435050,0.51222222222222225
2018-06-17 00:00:00 UTC,414,-686,367131690,8.8808333333333334
2018-06-17 00:00:00 UTC,414,164,247280940,0.47361111111111109
2018-06-17 00:00:00 UTC,414,163,247280940,1.7555555555555555
2018-06-17 00:00:00 UTC,414,-650,316025389,6.8129166666666663
2018-06-17 00:00:00 UTC,414,-204,224155950,0.79722222222222217
2018-06-17 00:00:00 UTC,414,22,224028980,1.9240277777777777
2018-06-17 00:00:00 UTC,414,26,224137530,2.2998611111111109
2018-06-17 00:00:00 UTC,414,-686,366911570,6.6884722222222219
2018-06-17 00:00:00 UTC,414,165,247127890,1.8541666666666665
2018-06-17 00:00:00 UTC,414,-90,263406690,0.88444444444444448
2018-06-17 00:00:00 UTC,414,-686,367426660,14.911805555555556
2018-06-17 00:00:00 UTC,414,-687,367426660,5.84625
2018-06-17 00:00:00 UTC,414,-91,263408000,2.1313888888888886
2018-06-17 00:00:00 UTC,414,-92,263408000,2.8458333333333337
2018-06-17 00:00:00 UTC,414,-652,316027009,4.18375
2018-06-17 00:00:00 UTC,414,-648,316027009,5.6969444444444441
2018-06-17 00:00:00 UTC,414,-651,316027009,1.4608333333333334
2018-06-17 00:00:00 UTC,414,-649,316027009,8
2018-06-17 00:00:00 UTC,414,163,247125650,0.28472222222222221
2018-06-17 00:00:00 UTC,414,164,247125650,1.0902777777777777
2018-06-17 00:00:00 UTC,414,-91,263279000,3.4051388888888887
2018-06-17 00:00:00 UTC,414,-692,366977950,3.393472222222222
2018-06-17 00:00:00 UTC,414,-703,338234529,1.0786111111111112
2018-06-17 00:00:00 UTC,414,-701,338234529,0.53347222222222224
2018-06-17 00:00:00 UTC,414,-702,338234529,0.56652777777777774
2018-06-17 00:00:00 UTC,414,164,247100580,7.247361111111112
2018-06-17 00:00:00 UTC,414,-203,224195750,1.6176388888888891
2018-06-17 00:00:00 UTC,414,-687,367176360,9.8201388888888879
2018-06-17 00:00:00 UTC,414,-90,263385000,0.39680555555555552
2018-06-17 00:00:00 UTC,414,25,224081330,0.5459722222222223
2018-06-17 00:00:00 UTC,414,24,224081330,0.27222222222222225
2018-06-17 00:00:00 UTC,414,-712,367052470,0.30055555555555558
2018-06-17 00:00:00 UTC,414,-713,367052470,4.6741666666666672
2018-06-17 00:00:00 UTC,414,164,247280850,2.18625
2018-06-17 00:00:00 UTC,414,166,247282130,1.0970833333333334
2018-06-17 00:00:00 UTC,414,167,247282130,0.54597222222222219
2018-06-17 00:00:00 UTC,414,-423,224407000,5.0969444444444454
2018-06-17 00:00:00 UTC,414,-422,224407000,0.4825
2018-06-17 00:00:00 UTC,414,-424,224407000,1.7180555555555554
2018-06-17 00:00:00 UTC,414,25,224101340,0.54444444444444451
2018-06-17 00:00:00 UTC,414,24,224101340,0.52638888888888891
2018-06-17 00:00:00 UTC,414,-1244,366934770,0.2038888888888889
2018-06-17 00:00:00 UTC,414,-664,316003580,3.0058333333333334
2018-06-17 00:00:00 UTC,414,-665,316003580,12.123472222222222
2018-06-17 00:00:00 UTC,670,82,257470500,6.8281944444444447
2018-06-17 00:00:00 UTC,670,81,257470500,0.36986111111111108
2018-06-17 00:00:00 UTC,670,-212,251330110,0.97486111111111118
2018-06-17 00:00:00 UTC,670,-211,251330110,1.6954166666666652
2018-06-17 00:00:00 UTC,670,-208,251330110,2.1290277777777771
2018-06-17 00:00:00 UTC,670,-206,251330110,2.6231944444444446
2018-06-17 00:00:00 UTC,670,-210,251330110,0.21041666666666667
2018-06-17 00:00:00 UTC,670,-207,251330110,4.6126388888888883
2018-06-17 00:00:00 UTC,670,-174,251164000,3.6199999999999988
2018-06-17 00:00:00 UTC,670,-166,251338110,0.720138888888889
2018-06-17 00:00:00 UTC,670,-164,251338110,1.8647222222222222
2018-06-17 00:00:00 UTC,670,-163,251338110,2.9209722222222227
2018-06-17 00:00:00 UTC,670,-165,251338110,1.6179166666666669
2018-06-17 00:00:00 UTC,670,-207,251039110,0.26652777777777781
2018-06-17 00:00:00 UTC,670,-205,251039110,3.5776388888888886
2018-06-17 00:00:00 UTC,670,-206,251039110,8.4115277777777813
2018-06-17 00:00:00 UTC,670,-164,251145110,0.8029166666666665
2018-06-17 00:00:00 UTC,670,-163,251145110,4.0234722222222228
2018-06-17 00:00:00 UTC,670,-162,251145110,1.9863888888888885
2018-06-17 00:00:00 UTC,670,-165,251145110,0.55069444444444449
2018-06-17 00:00:00 UTC,-354,-526,770576401,0.65444444444444438
2018-06-17 00:00:00 UTC,-354,-525,770576401,5.6977777777777794
2018-06-17 00:00:00 UTC,-354,579,416002604,0.54194444444444445
2018-06-17 00:00:00 UTC,-354,577,416002604,0.8
2018-06-17 00:00:00 UTC,-354,580,416002604,1.2686111111111111
2018-06-17 00:00:00 UTC,-354,576,416002604,3.0258333333333334
2018-06-17 00:00:00 UTC,-354,572,416002604,4.9011111111111116
2018-06-17 00:00:00 UTC,-354,578,416002604,0.94291666666666674
2018-06-17 00:00:00 UTC,-354,1744,512002865,1.0034722222222223
2018-06-17 00:00:00 UTC,-354,1745,512002865,0.3206944444444445
2018-06-17 00:00:00 UTC,-354,125,431251000,2.7347222222222216
2018-06-17 00:00:00 UTC,-354,1656,416002900,1.5276388888888888
2018-06-17 00:00:00 UTC,-354,1632,416081500,1.1991666666666667
2018-06-17 00:00:00 UTC,-354,-1730,416005220,2.2881944444444442
2018-06-17 00:00:00 UTC,-354,-1723,416005220,1.4324999999999997
2018-06-17 00:00:00 UTC,-354,-1731,416005220,1.4466666666666668
2018-06-17 00:00:00 UTC,-354,-1728,416005220,2.0838888888888891
2018-06-17 00:00:00 UTC,-354,-1729,416005220,1.7211111111111113
2018-06-17 00:00:00 UTC,-354,-1725,416005220,0.43472222222222223
2018-06-17 00:00:00 UTC,-354,-1732,416005220,1.3006944444444446
2018-06-17 00:00:00 UTC,-354,-1727,416005220,2.5347222222222219
2018-06-17 00:00:00 UTC,-354,-1724,416005220,1.38875
2018-06-17 00:00:00 UTC,-354,-1726,416005220,1.4294444444444443
2018-06-17 00:00:00 UTC,-354,610,664070000,0.55319444444444454
2018-06-17 00:00:00 UTC,-354,578,416003451,1.2216666666666665
2018-06-17 00:00:00 UTC,-354,579,416003451,2.5995833333333338
2018-06-17 00:00:00 UTC,-354,1638,416111500,3.1873611111111115
2018-06-17 00:00:00 UTC,-354,1637,416111500,0.66861111111111127
2018-06-17 00:00:00 UTC,-354,187,601572000,3.639166666666668
2018-06-17 00:00:00 UTC,-354,186,601572000,0.36541666666666667
2018-06-17 00:00:00 UTC,-354,429,416002499,0.41986111111111113
2018-06-17 00:00:00 UTC,-354,428,416002499,2.5837499999999998
2018-06-17 00:00:00 UTC,-354,596,416003015,2.4093055555555556
2018-06-17 00:00:00 UTC,-354,597,416003015,0.22999999999999998
2018-06-17 00:00:00 UTC,-354,-560,770576088,0.15638888888888891
2018-06-17 00:00:00 UTC,-354,-561,770576088,0.78513888888888883
2018-06-17 00:00:00 UTC,-354,-1724,416099800,0.2388888888888889
2018-06-17 00:00:00 UTC,-354,-1740,81561325,1.4858333333333333
2018-06-17 00:00:00 UTC,-354,-1741,81561325,0.57680555555555557
2018-06-17 00:00:00 UTC,-354,-1746,81561325,0.88972222222222219
2018-06-17 00:00:00 UTC,-354,-1743,81561325,0.74444444444444446
2018-06-17 00:00:00 UTC,-354,-1744,81561325,0.59736111111111112
2018-06-17 00:00:00 UTC,-354,-1735,81561325,1.5341666666666667
2018-06-17 00:00:00 UTC,-354,-1746,576726000,0.37472222222222223
2018-06-17 00:00:00 UTC,-354,-1736,576726000,0.52847222222222223
2018-06-17 00:00:00 UTC,-354,-1741,576726000,0.48958333333333337
2018-06-17 00:00:00 UTC,-354,-1744,576726000,0.44777777777777777
2018-06-17 00:00:00 UTC,-354,-1739,576726000,0.42763888888888879
2018-06-17 00:00:00 UTC,-354,-1742,576726000,0.18375
2018-06-17 00:00:00 UTC,-354,-1735,576726000,0.6479166666666667
2018-06-17 00:00:00 UTC,-354,-1740,576726000,0.36430555555555555
2018-06-17 00:00:00 UTC,-354,-1745,576726000,0.47888888888888886
2018-06-17 00:00:00 UTC,-354,210,601974000,0.70416666666666661
2018-06-17 00:00:00 UTC,-354,212,601974000,4.3183333333333325
2018-06-17 00:00:00 UTC,-354,211,601974000,0.98347222222222219
2018-06-17 00:00:00 UTC,-354,328,664139000,0.86263888888888884
2018-06-17 00:00:00 UTC,-354,327,664139000,0.32902777777777781
2018-06-17 00:00:00 UTC,-354,-560,770576122,0.75624999999999987
2018-06-17 00:00:00 UTC,-354,-561,770576122,0.62027777777777782
2018-06-17 00:00:00 UTC,-354,-559,770576122,0.20833333333333331
2018-06-17 00:00:00 UTC,-354,188,601378300,1.3597222222222216
2018-06-17 00:00:00 UTC,-354,189,601378300,0.40388888888888885
2018-06-17 00:00:00 UTC,-354,187,601378300,2.3512499999999994
2018-06-17 00:00:00 UTC,-98,127,603100161,4.5112499999999995
2018-06-17 00:00:00 UTC,-98,-786,760000020,5.2983333333333329
2018-06-17 00:00:00 UTC,-98,1459,432626000,1.2808333333333333
2018-06-17 00:00:00 UTC,-98,1460,432626000,0.82930555555555552
2018-06-17 00:00:00 UTC,-98,1458,432626000,1.6408333333333334
2018-06-17 00:00:00 UTC,-98,-1311,431700830,0.22291666666666665
2018-06-17 00:00:00 UTC,-98,-1310,431700830,1.3140277777777778
2018-06-17 00:00:00 UTC,-98,1434,503006580,24.048194444444444
2018-06-17 00:00:00 UTC,-98,1352,503002270,0.33611111111111114
2018-06-17 00:00:00 UTC,-98,-1751,576696000,2.7130555555555556
2018-06-17 00:00:00 UTC,-98,679,416002496,1.1119444444444446
2018-06-17 00:00:00 UTC,-98,678,416002496,1.9004166666666666
2018-06-17 00:00:00 UTC,-98,127,659415000,11.800138888888888
2018-06-17 00:00:00 UTC,-98,126,659415000,1.4445833333333331
2018-06-17 00:00:00 UTC,-98,-1574,412460004,4.1672222222222244
2018-06-17 00:00:00 UTC,-98,-1570,412460004,1.2593055555555557
2018-06-17 00:00:00 UTC,-98,-1637,412460006,0.89583333333333337
2018-06-17 00:00:00 UTC,-98,-1638,412460006,0.63152777777777791
2018-06-17 00:00:00 UTC,-98,-1636,412460006,0.71513888888888888
2018-06-17 00:00:00 UTC,159,-1623,367514890,3.2669444444444449
2018-06-17 00:00:00 UTC,159,1303,416000285,5.50625
2018-06-17 00:00:00 UTC,159,-168,663092000,0.67874999999999985
2018-06-17 00:00:00 UTC,159,-169,663092000,3.0397222222222218
2018-06-17 00:00:00 UTC,159,-1621,367602750,1.725972222222222
2018-06-17 00:00:00 UTC,159,-1622,367602750,0.89694444444444432
2018-06-17 00:00:00 UTC,159,-1578,367128410,1.2087499999999998
2018-06-17 00:00:00 UTC,159,1534,431005871,0.79652777777777772
2018-06-17 00:00:00 UTC,159,1535,431005871,0.788611111111111
2018-06-17 00:00:00 UTC,159,-520,412440558,4.7226388888888895
2018-06-17 00:00:00 UTC,159,-517,412440558,0.86472222222222217
2018-06-17 00:00:00 UTC,159,-518,412440558,3.3729166666666668
2018-06-17 00:00:00 UTC,159,-522,412440558,0.36583333333333334
2018-06-17 00:00:00 UTC,159,-516,412440558,3.7448611111111112
2018-06-17 00:00:00 UTC,159,-523,412440558,0.65736111111111106
2018-06-17 00:00:00 UTC,159,-521,412440558,0.51750000000000007
2018-06-17 00:00:00 UTC,159,-1569,367732990,1.4115277777777777
2018-06-17 00:00:00 UTC,159,-1570,367732990,2.0708333333333337
2018-06-17 00:00:00 UTC,415,163,247122460,1.327638888888889
2018-06-17 00:00:00 UTC,415,1410,431008037,0.52347222222222212
2018-06-17 00:00:00 UTC,415,1409,431008037,4.0437500000000011
2018-06-17 00:00:00 UTC,415,-204,224155950,0.68097222222222231
2018-06-17 00:00:00 UTC,415,-205,224155950,0.59847222222222229
2018-06-17 00:00:00 UTC,415,-90,263500335,1.0247222222222221
2018-06-17 00:00:00 UTC,415,-351,204211000,0.63472222222222219
2018-06-17 00:00:00 UTC,415,-352,204211000,0.69027777777777777
2018-06-17 00:00:00 UTC,415,25,224137530,0.3947222222222222
2018-06-17 00:00:00 UTC,415,-683,367788350,0.56944444444444442
2018-06-17 00:00:00 UTC,415,-679,367788350,0.20124999999999998
2018-06-17 00:00:00 UTC,415,-685,367788350,0.73861111111111111
2018-06-17 00:00:00 UTC,415,-687,367788350,0.45652777777777775
2018-06-17 00:00:00 UTC,415,-688,367788350,0.52569444444444435
2018-06-17 00:00:00 UTC,415,-681,367788350,7.4101388888888895
2018-06-17 00:00:00 UTC,415,-689,367788350,0.26097222222222222
2018-06-17 00:00:00 UTC,415,-680,367788350,1.1415277777777779
2018-06-17 00:00:00 UTC,415,-684,367788350,0.4236111111111111
2018-06-17 00:00:00 UTC,415,164,247127890,0.275
2018-06-17 00:00:00 UTC,415,162,247124570,0.3041666666666667
2018-06-17 00:00:00 UTC,415,1410,431006328,1.4709722222222221
2018-06-17 00:00:00 UTC,415,1409,431006328,3.8913888888888879
2018-06-17 00:00:00 UTC,415,-92,263408000,0.60722222222222222
2018-06-17 00:00:00 UTC,415,-91,263408000,2.2006944444444443
2018-06-17 00:00:00 UTC,415,-93,263408000,1.8895833333333329
2018-06-17 00:00:00 UTC,415,163,247125650,4.84
2018-06-17 00:00:00 UTC,415,-91,263279000,1.9556944444444442
2018-06-17 00:00:00 UTC,415,118,247091620,2.2834722222222221
2018-06-17 00:00:00 UTC,415,-204,224195750,1.0797222222222222
2018-06-17 00:00:00 UTC,415,-205,224195750,1.155
2018-06-17 00:00:00 UTC,415,162,247123630,1.1065277777777778
2018-06-17 00:00:00 UTC,415,161,247123630,0.6941666666666666
2018-06-17 00:00:00 UTC,415,163,247123630,0.97666666666666668
2018-06-17 00:00:00 UTC,415,164,247280850,0.33194444444444443
2018-06-17 00:00:00 UTC,671,-208,251330110,0.82013888888888886
2018-06-17 00:00:00 UTC,671,-212,251330110,0.67541666666666667
2018-06-17 00:00:00 UTC,671,-210,251330110,2.0575
2018-06-17 00:00:00 UTC,671,-211,251330110,0.26375
2018-06-17 00:00:00 UTC,671,-213,251330110,2.0755555555555549
2018-06-17 00:00:00 UTC,671,-209,251330110,1.7055555555555553
2018-06-17 00:00:00 UTC,671,-175,251164000,2.2501388888888889
2018-06-17 00:00:00 UTC,671,-174,251164000,0.92222222222222239
2018-06-17 00:00:00 UTC,671,-164,251338110,9.708888888888886
2018-06-17 00:00:00 UTC,671,-166,251338110,0.55902777777777779
2018-06-17 00:00:00 UTC,671,-165,251338110,4.5016666666666678
2018-06-17 00:00:00 UTC,671,-163,251338110,0.90527777777777774
2018-06-17 00:00:00 UTC,671,-205,251039110,2.4563888888888887
2018-06-17 00:00:00 UTC,671,-206,251039110,4.4881944444444439
2018-06-17 00:00:00 UTC,671,-207,251039110,4.8006944444444466
2018-06-17 00:00:00 UTC,671,-164,251145110,13.645416666666673
2018-06-17 00:00:00 UTC,671,-162,251145110,0.060416666666666667
2018-06-17 00:00:00 UTC,671,-163,251145110,0.63583333333333336
2018-06-17 00:00:00 UTC,671,-202,251279000,1.5776388888888886
2018-06-17 00:00:00 UTC,671,-203,251279000,1.2501388888888889
2018-06-17 00:00:00 UTC,-353,-550,770576131,4.0811111111111114
2018-06-17 00:00:00 UTC,-353,-549,770576131,5.3673611111111121
2018-06-17 00:00:00 UTC,-353,-547,770576131,5.3231944444444439
2018-06-17 00:00:00 UTC,-353,-548,770576131,8.4259722222222226
2018-06-17 00:00:00 UTC,-353,214,601813000,0.7175
2018-06-17 00:00:00 UTC,-353,-525,770576401,7.1013888888888888
2018-06-17 00:00:00 UTC,-353,-524,770576401,3.5469444444444447
2018-06-17 00:00:00 UTC,-353,-545,770576146,0.89125000000000021
2018-06-17 00:00:00 UTC,-353,-548,770576151,0.70416666666666661
2018-06-17 00:00:00 UTC,-353,-547,770576151,0.37972222222222218
2018-06-17 00:00:00 UTC,-353,580,416002604,4.540972222222222
2018-06-17 00:00:00 UTC,-353,581,416002604,1.6015277777777777
2018-06-17 00:00:00 UTC,-353,1743,512002865,2.5001388888888885
2018-06-17 00:00:00 UTC,-353,1744,512002865,2.2880555555555557
2018-06-17 00:00:00 UTC,-353,125,431251000,1.9263888888888885
2018-06-17 00:00:00 UTC,-353,330,664104000,1.3695833333333334
2018-06-17 00:00:00 UTC,-353,616,416004427,3.5687499999999996
2018-06-17 00:00:00 UTC,-353,1656,416002900,1.310138888888889
2018-06-17 00:00:00 UTC,-353,1655,416002900,1.3083333333333333
2018-06-17 00:00:00 UTC,-353,-1736,416679000,1.7384722222222222
2018-06-17 00:00:00 UTC,-353,-1734,416679000,1.3719444444444444
2018-06-17 00:00:00 UTC,-353,-1732,416679000,0.46069444444444452
2018-06-17 00:00:00 UTC,-353,-1744,416679000,0.54652777777777783
2018-06-17 00:00:00 UTC,-353,-1741,416679000,2.0359722222222225
2018-06-17 00:00:00 UTC,-353,-1733,416679000,1.3062499999999997
2018-06-17 00:00:00 UTC,-353,-1742,416679000,2.1283333333333334
2018-06-17 00:00:00 UTC,-353,-1738,416679000,1.6072222222222223
2018-06-17 00:00:00 UTC,-353,-1740,416679000,2.219583333333333
2018-06-17 00:00:00 UTC,-353,-1737,416679000,1.1987500000000002
2018-06-17 00:00:00 UTC,-353,-1735,416679000,1.7287499999999998
2018-06-17 00:00:00 UTC,-353,-1739,416679000,1.5505555555555557
2018-06-17 00:00:00 UTC,-353,-1743,416679000,1.8930555555555553
2018-06-17 00:00:00 UTC,-353,610,664070000,0.45875
2018-06-17 00:00:00 UTC,-353,578,416003451,3.3802777777777773
2018-06-17 00:00:00 UTC,-353,-547,770576253,0.42319444444444448
2018-06-17 00:00:00 UTC,-353,-1761,576848000,1.6640277777777777
2018-06-17 00:00:00 UTC,-353,-1760,576848000,0.7976388888888889
2018-06-17 00:00:00 UTC,-353,1637,416111500,1.043611111111111
2018-06-17 00:00:00 UTC,-353,1636,416111500,1.7147222222222225
2018-06-17 00:00:00 UTC,-353,187,601572000,0.63416666666666666
2018-06-17 00:00:00 UTC,-353,186,601572000,0.42791666666666661
2018-06-17 00:00:00 UTC,-353,-1718,416804000,4.0519444444444446
2018-06-17 00:00:00 UTC,-353,426,416002499,4.3319444444444448
2018-06-17 00:00:00 UTC,-353,-548,770576096,8.1281944444444463
2018-06-17 00:00:00 UTC,-353,-550,770576096,4.1613888888888892
2018-06-17 00:00:00 UTC,-353,-547,770576096,5.4234722222222214
2018-06-17 00:00:00 UTC,-353,-549,770576096,5.32777777777778
2018-06-17 00:00:00 UTC,-353,-1747,81561325,0.55999999999999994
2018-06-17 00:00:00 UTC,-353,-1748,81561325,0.95027777777777778
2018-06-17 00:00:00 UTC,-353,-547,770576112,0.46097222222222223
2018-06-17 00:00:00 UTC,-353,-548,770576112,0.26666666666666666
2018-06-17 00:00:00 UTC,-353,-1748,576726000,0.56833333333333347
2018-06-17 00:00:00 UTC,-353,-1747,576726000,0.61944444444444435
2018-06-17 00:00:00 UTC,-353,599,664075000,2.915972222222222
2018-06-17 00:00:00 UTC,-353,598,664075000,0.83583333333333332
2018-06-17 00:00:00 UTC,-353,-559,770576122,0.55208333333333326
2018-06-17 00:00:00 UTC,-353,187,601378300,1.7297222222222215
2018-06-17 00:00:00 UTC,-97,127,603100161,1.2933333333333334
2018-06-17 00:00:00 UTC,-97,126,603100161,1.1806944444444445
2018-06-17 00:00:00 UTC,-97,-786,760000020,1.5883333333333334
2018-06-17 00:00:00 UTC,-97,126,224148000,0.85125000000000006
2018-06-17 00:00:00 UTC,-97,1458,432626000,0.30625
2018-06-17 00:00:00 UTC,-97,-1311,431700830,1.4294444444444443
2018-06-17 00:00:00 UTC,-97,1434,503006580,2.2331944444444449
2018-06-17 00:00:00 UTC,-97,-86,416167600,0.19930555555555557
2018-06-17 00:00:00 UTC,-97,-87,416167600,0.16236111111111112
2018-06-17 00:00:00 UTC,-97,-89,416167600,0.37986111111111109
2018-06-17 00:00:00 UTC,-97,-88,416167600,0.55055555555555558
2018-06-17 00:00:00 UTC,-97,678,416002496,1.216388888888889
2018-06-17 00:00:00 UTC,-97,679,416002496,0.77986111111111112
2018-06-17 00:00:00 UTC,-97,126,659415000,2.1455555555555552
2018-06-17 00:00:00 UTC,-97,-1574,412460004,1.0358333333333332
2018-06-17 00:00:00 UTC,-97,-1573,412460004,2.5419444444444443
2018-06-17 00:00:00 UTC,-97,-1571,412460004,2.1473611111111111
2018-06-17 00:00:00 UTC,-97,-1572,412460004,2.3906944444444447
2018-06-17 00:00:00 UTC,-97,-1575,412460004,0.092777777777777778
2018-06-17 00:00:00 UTC,-97,-1570,412460004,3.8702777777777779
2018-06-17 00:00:00 UTC,-97,-1579,412460005,1.3027777777777778
2018-06-17 00:00:00 UTC,-97,-1576,412460005,0.93875000000000008
2018-06-17 00:00:00 UTC,-97,-1572,412460005,0.22444444444444445
2018-06-17 00:00:00 UTC,-97,-1575,412460005,0.62208333333333332
2018-06-17 00:00:00 UTC,-97,-1573,412460005,0.53847222222222213
2018-06-17 00:00:00 UTC,-97,-1578,412460005,2.0288888888888885
2018-06-17 00:00:00 UTC,-97,-1577,412460005,2.0381944444444446
2018-06-17 00:00:00 UTC,-97,-787,760001260,0.64027777777777772
2018-06-17 00:00:00 UTC,160,-1623,367514890,2.5925000000000011
2018-06-17 00:00:00 UTC,160,1302,416000285,6.0856944444444441
2018-06-17 00:00:00 UTC,160,-168,663092000,0.026527777777777775
2018-06-17 00:00:00 UTC,160,-1622,367602750,0.59791666666666676
2018-06-17 00:00:00 UTC,160,-1621,367602750,1.8938888888888883
2018-06-17 00:00:00 UTC,160,-1622,367480150,1.3083333333333333
2018-06-17 00:00:00 UTC,160,-1621,367480150,0.72013888888888888
2018-06-17 00:00:00 UTC,160,-1577,367128410,1.0080555555555555
2018-06-17 00:00:00 UTC,160,-1572,368030050,3.4540277777777781
2018-06-17 00:00:00 UTC,160,-1578,368030050,1.3495833333333336
2018-06-17 00:00:00 UTC,160,-1573,367183810,4.79611111111111
2018-06-17 00:00:00 UTC,160,-1571,367439590,2.5231944444444445
2018-06-17 00:00:00 UTC,160,-1577,367439590,2.2044444444444435
2018-06-17 00:00:00 UTC,160,-510,412440558,3.3280555555555558
2018-06-17 00:00:00 UTC,160,-524,412440558,3.1865277777777776
2018-06-17 00:00:00 UTC,160,-509,412440558,1.8944444444444444
2018-06-17 00:00:00 UTC,160,-523,412440558,0.50041666666666673
2018-06-17 00:00:00 UTC,160,-1569,367732990,2.5565277777777786
2018-06-17 00:00:00 UTC,416,-456,224048150,0.39249999999999996
2018-06-17 00:00:00 UTC,416,-205,224155950,0.1825
2018-06-17 00:00:00 UTC,416,-207,224155950,0.81402777777777779
2018-06-17 00:00:00 UTC,416,-90,263500335,0.57458333333333322
2018-06-17 00:00:00 UTC,416,-352,204211000,0.39999999999999997
2018-06-17 00:00:00 UTC,416,-351,204211000,0.71444444444444444
2018-06-17 00:00:00 UTC,416,-353,204211000,0.91791666666666671
2018-06-17 00:00:00 UTC,416,-354,204211000,1.1970833333333333
2018-06-17 00:00:00 UTC,416,-680,367788350,0.04041666666666667
2018-06-17 00:00:00 UTC,416,-681,367788350,3.7837500000000008
2018-06-17 00:00:00 UTC,416,28,224175190,0.27208333333333334
2018-06-17 00:00:00 UTC,416,162,247124570,0.83069444444444451
2018-06-17 00:00:00 UTC,416,163,247124570,1.4263888888888889
2018-06-17 00:00:00 UTC,416,-91,263405940,0.62333333333333329
2018-06-17 00:00:00 UTC,416,-1270,367512180,8.6205555555555549
2018-06-17 00:00:00 UTC,416,1408,431006076,6.0313888888888867
2018-06-17 00:00:00 UTC,416,-90,263403390,1.0363888888888888
2018-06-17 00:00:00 UTC,416,-93,263408000,2.3123611111111111
2018-06-17 00:00:00 UTC,416,-91,263408000,0.65777777777777779
2018-06-17 00:00:00 UTC,416,-92,263408000,1.5183333333333331
2018-06-17 00:00:00 UTC,416,29,224221320,0.27916666666666667
2018-06-17 00:00:00 UTC,416,-279,204815000,0.22972222222222222
2018-06-17 00:00:00 UTC,416,-280,204815000,0.67166666666666663
2018-06-17 00:00:00 UTC,416,-281,204815000,0.40416666666666667
2018-06-17 00:00:00 UTC,416,-282,204815000,2.0090277777777779
2018-06-17 00:00:00 UTC,416,-91,263279000,1.3076388888888888
2018-06-17 00:00:00 UTC,416,-92,263279000,4.0134722222222221
2018-06-17 00:00:00 UTC,416,-689,366977950,7.0569444444444445
2018-06-17 00:00:00 UTC,416,-205,224195750,0.82597222222222222
2018-06-17 00:00:00 UTC,416,-662,316237000,10.315972222222223
2018-06-17 00:00:00 UTC,416,-663,316237000,0.44555555555555559
2018-06-17 00:00:00 UTC,672,131,257657600,0.34319444444444447
2018-06-17 00:00:00 UTC,672,-214,251330110,2.5981944444444434
2018-06-17 00:00:00 UTC,672,-215,251330110,0.30472222222222223
2018-06-17 00:00:00 UTC,672,-213,251330110,0.61569444444444443
2018-06-17 00:00:00 UTC,672,111,258471000,3.37125
2018-06-17 00:00:00 UTC,672,114,258471000,0.71625
2018-06-17 00:00:00 UTC,672,113,258471000,2.3488888888888888
2018-06-17 00:00:00 UTC,672,112,258471000,4.0026388888888889
2018-06-17 00:00:00 UTC,672,130,257119340,0.26666666666666672
2018-06-17 00:00:00 UTC,672,129,257119340,0.54583333333333339
2018-06-17 00:00:00 UTC,672,127,257119340,0.5625
2018-06-17 00:00:00 UTC,672,128,257119340,0.27902777777777776
2018-06-17 00:00:00 UTC,-352,-442,224160000,0.43319444444444444
2018-06-17 00:00:00 UTC,-352,-443,224160000,0.039027777777777772
2018-06-17 00:00:00 UTC,-352,-547,770576131,0.33111111111111113
2018-06-17 00:00:00 UTC,-352,-548,770576131,0.22208333333333338
2018-06-17 00:00:00 UTC,-352,-549,770576131,0.25347222222222221
2018-06-17 00:00:00 UTC,-352,215,601813000,4.0979166666666655
2018-06-17 00:00:00 UTC,-352,214,601813000,2.0008333333333335
2018-06-17 00:00:00 UTC,-352,618,416229900,4.5158333333333331
2018-06-17 00:00:00 UTC,-352,-523,770576401,1.2972222222222221
2018-06-17 00:00:00 UTC,-352,-524,770576401,0.2323611111111111
2018-06-17 00:00:00 UTC,-352,-554,770576146,0.56041666666666656
2018-06-17 00:00:00 UTC,-352,-551,770576146,1.0862500000000002
2018-06-17 00:00:00 UTC,-352,-543,770576146,2.0716666666666668
2018-06-17 00:00:00 UTC,-352,-546,770576146,1.3209722222222222
2018-06-17 00:00:00 UTC,-352,-549,770576146,1.3798611111111114
2018-06-17 00:00:00 UTC,-352,-544,770576146,1.7222222222222223
2018-06-17 00:00:00 UTC,-352,-553,770576146,1.0666666666666667
2018-06-17 00:00:00 UTC,-352,-548,770576146,1.3344444444444443
2018-06-17 00:00:00 UTC,-352,-550,770576146,1.3044444444444447
2018-06-17 00:00:00 UTC,-352,-545,770576146,2.720277777777778
2018-06-17 00:00:00 UTC,-352,-547,770576146,1.6844444444444442
2018-06-17 00:00:00 UTC,-352,-546,770576149,1.0115277777777778
2018-06-17 00:00:00 UTC,-352,-548,770576149,1.1358333333333335
2018-06-17 00:00:00 UTC,-352,-547,770576149,1.7001388888888886
2018-06-17 00:00:00 UTC,-352,-546,770576151,0.99527777777777782
2018-06-17 00:00:00 UTC,-352,-551,770576151,1.1158333333333332
2018-06-17 00:00:00 UTC,-352,-548,770576151,0.56972222222222224
2018-06-17 00:00:00 UTC,-352,-550,770576151,1.2940277777777778
2018-06-17 00:00:00 UTC,-352,-547,770576151,1.3111111111111113
2018-06-17 00:00:00 UTC,-352,-553,770576151,1.2494444444444446
2018-06-17 00:00:00 UTC,-352,-554,770576151,0.73013888888888889
2018-06-17 00:00:00 UTC,-352,-549,770576151,1.3131944444444443
2018-06-17 00:00:00 UTC,-352,330,664104000,0.5066666666666666
2018-06-17 00:00:00 UTC,-352,616,416004427,1.0173611111111112
2018-06-17 00:00:00 UTC,-352,1640,416081500,0.2416666666666667
2018-06-17 00:00:00 UTC,-352,1638,416081500,0.39041666666666669
2018-06-17 00:00:00 UTC,-352,1631,416081500,1.5547222222222223
2018-06-17 00:00:00 UTC,-352,1639,416081500,1.112222222222222
2018-06-17 00:00:00 UTC,-352,610,664070000,1.30125
2018-06-17 00:00:00 UTC,-352,578,416003451,0.8913888888888889
2018-06-17 00:00:00 UTC,-352,-547,770576253,0.7183333333333336
2018-06-17 00:00:00 UTC,-352,-546,770576253,0.12638888888888888
2018-06-17 00:00:00 UTC,-352,-548,770576253,0.60180555555555548
2018-06-17 00:00:00 UTC,-352,-1759,576848000,1.7272222222222222
2018-06-17 00:00:00 UTC,-352,-1758,576848000,1.6644444444444444
2018-06-17 00:00:00 UTC,-352,-1757,576848000,1.7476388888888887
2018-06-17 00:00:00 UTC,-352,-1741,576975000,0.65666666666666662
2018-06-17 00:00:00 UTC,-352,-1733,576975000,2.0676388888888884
2018-06-17 00:00:00 UTC,-352,-1740,576975000,0.37694444444444442
2018-06-17 00:00:00 UTC,-352,217,601487000,0.14444444444444443
2018-06-17 00:00:00 UTC,-352,215,601487000,0.33291666666666664
2018-06-17 00:00:00 UTC,-352,216,601487000,2.2040277777777777
2018-06-17 00:00:00 UTC,-352,-1716,416804000,2.9101388888888882
2018-06-17 00:00:00 UTC,-352,-1723,416804000,1.0368055555555555
2018-06-17 00:00:00 UTC,-352,-1722,416804000,3.1011111111111118
2018-06-17 00:00:00 UTC,-352,-1718,416804000,1.8769444444444443
2018-06-17 00:00:00 UTC,-352,-1724,416804000,1.6601388888888888
2018-06-17 00:00:00 UTC,-352,-1717,416804000,1.7983333333333336
2018-06-17 00:00:00 UTC,-352,-1719,416804000,1.0493055555555555
2018-06-17 00:00:00 UTC,-352,-545,1957,5.8088888888888892
2018-06-17 00:00:00 UTC,-352,-1729,416032700,0.34583333333333333
2018-06-17 00:00:00 UTC,-352,1636,416081600,0.48791666666666667
2018-06-17 00:00:00 UTC,-352,1637,416081600,1.46125
2018-06-17 00:00:00 UTC,-352,426,416002499,2.7375000000000007
2018-06-17 00:00:00 UTC,-352,-549,770576096,0.3175
2018-06-17 00:00:00 UTC,-352,-548,770576096,0.38541666666666669
2018-06-17 00:00:00 UTC,-352,-547,770576096,0.2147222222222222
2018-06-17 00:00:00 UTC,-352,585,416002536,1.0945833333333332
2018-06-17 00:00:00 UTC,-352,578,416002536,1.2697222222222222
2018-06-17 00:00:00 UTC,-352,-1751,81561325,0.87916666666666665
2018-06-17 00:00:00 UTC,-352,-547,770576112,0.97902777777777794
2018-06-17 00:00:00 UTC,-352,-548,770576112,0.35277777777777775
2018-06-17 00:00:00 UTC,-352,-1750,576726000,0.47152777777777777
2018-06-17 00:00:00 UTC,-352,-1749,576726000,0.6102777777777777
2018-06-17 00:00:00 UTC,-352,328,664139000,0.26416666666666666
2018-06-17 00:00:00 UTC,-352,599,664075000,0.94666666666666655
2018-06-17 00:00:00 UTC,-96,126,603100161,2.4387499999999998
2018-06-17 00:00:00 UTC,-96,126,224148000,1.6268055555555556
2018-06-17 00:00:00 UTC,-96,-1311,431700830,2.115
2018-06-17 00:00:00 UTC,-96,-91,416167600,4.3394444444444442
2018-06-17 00:00:00 UTC,-96,-90,416167600,0.7448611111111112
2018-06-17 00:00:00 UTC,-96,-1752,576696000,2.8983333333333334
2018-06-17 00:00:00 UTC,-96,679,416002496,1.0288888888888887
2018-06-17 00:00:00 UTC,-96,126,659415000,1.4644444444444442
2018-06-17 00:00:00 UTC,-96,-1576,412460005,0.3511111111111111
2018-06-17 00:00:00 UTC,-96,-1580,412460005,0.25125
2018-06-17 00:00:00 UTC,161,-1623,367514890,2.8198611111111105
2018-06-17 00:00:00 UTC,161,1303,416000285,5.9006944444444445
2018-06-17 00:00:00 UTC,161,1302,416000285,1.2054166666666666
2018-06-17 00:00:00 UTC,161,1300,416000285,4.2588888888888894
2018-06-17 00:00:00 UTC,161,1301,416000285,2.3883333333333336
2018-06-17 00:00:00 UTC,161,-1622,367602750,2.2704166666666667
2018-06-17 00:00:00 UTC,161,-1621,367602750,0.99430555555555555
2018-06-17 00:00:00 UTC,161,-1620,367480150,0.40486111111111112
2018-06-17 00:00:00 UTC,161,-1621,367480150,0.72333333333333338
2018-06-17 00:00:00 UTC,161,-1577,367128410,0.23333333333333331
2018-06-17 00:00:00 UTC,161,-1576,367128410,0.78875000000000006
2018-06-17 00:00:00 UTC,161,-1573,368030050,0.41055555555555562
2018-06-17 00:00:00 UTC,161,-1572,368030050,0.59388888888888891
2018-06-17 00:00:00 UTC,161,-1629,367433150,1.9465277777777779
2018-06-17 00:00:00 UTC,161,-1573,367183810,1.1529166666666666
2018-06-17 00:00:00 UTC,161,-1574,367183810,1.6429166666666668
2018-06-17 00:00:00 UTC,161,-1572,367183810,2.9644444444444442
2018-06-17 00:00:00 UTC,161,-1571,367183810,1.6547222222222222
2018-06-17 00:00:00 UTC,161,-1575,367439590,1.8570833333333339
2018-06-17 00:00:00 UTC,161,-1570,367439590,0.48013888888888889
2018-06-17 00:00:00 UTC,161,-1574,367439590,0.69458333333333344
2018-06-17 00:00:00 UTC,161,-1571,367439590,0.66486111111111112
2018-06-17 00:00:00 UTC,161,-1576,367439590,2.1823611111111112
2018-06-17 00:00:00 UTC,161,-508,412440558,0.62569444444444433
2018-06-17 00:00:00 UTC,161,-509,412440558,0.36680555555555561
2018-06-17 00:00:00 UTC,161,-1568,367732990,2.3536111111111113
2018-06-17 00:00:00 UTC,161,-1567,367732990,1.5791666666666666
2018-06-17 00:00:00 UTC,417,-624,316030469,0.60069444444444442
2018-06-17 00:00:00 UTC,417,30,224095240,0.58180555555555558
2018-06-17 00:00:00 UTC,417,121,247093010,0.67361111111111116
2018-06-17 00:00:00 UTC,417,30,224009750,1.1333333333333333
2018-06-17 00:00:00 UTC,417,31,224009750,1.7626388888888889
2018-06-17 00:00:00 UTC,417,29,224010270,1.3294444444444444
2018-06-17 00:00:00 UTC,417,121,247092770,1.4458333333333333
2018-06-17 00:00:00 UTC,417,122,247092770,0.14583333333333334
2018-06-17 00:00:00 UTC,417,-208,224155950,0.85652777777777778
2018-06-17 00:00:00 UTC,417,121,247092790,0.5459722222222223
2018-06-17 00:00:00 UTC,417,-343,204211000,0.88694444444444442
2018-06-17 00:00:00 UTC,417,-357,204211000,0.25569444444444445
2018-06-17 00:00:00 UTC,417,-344,204211000,1.645
2018-06-17 00:00:00 UTC,417,-346,204211000,1.5768055555555556
2018-06-17 00:00:00 UTC,417,-347,204211000,0.16444444444444445
2018-06-17 00:00:00 UTC,417,-351,204211000,0.79958333333333331
2018-06-17 00:00:00 UTC,417,-345,204211000,1.4051388888888887
2018-06-17 00:00:00 UTC,417,-625,316028476,5.0165277777777781
2018-06-17 00:00:00 UTC,417,121,247092810,0.8041666666666667
2018-06-17 00:00:00 UTC,417,-208,224098640,4.1598611111111108
2018-06-17 00:00:00 UTC,417,111,247065940,8.6673611111111111
2018-06-17 00:00:00 UTC,417,109,247065940,1.5359722222222221
2018-06-17 00:00:00 UTC,417,110,247065940,1.4847222222222223
2018-06-17 00:00:00 UTC,417,121,247080810,1.0415277777777778
2018-06-17 00:00:00 UTC,417,1435,431008891,3.5038888888888891
2018-06-17 00:00:00 UTC,417,1434,431008891,0.76263888888888887
2018-06-17 00:00:00 UTC,417,121,247092860,0.3931944444444444
2018-06-17 00:00:00 UTC,417,-93,263408000,0.40486111111111112
2018-06-17 00:00:00 UTC,417,-92,263408000,0.80972222222222223
2018-06-17 00:00:00 UTC,417,121,247092870,0.89569444444444435
2018-06-17 00:00:00 UTC,417,29,224221320,1.1833333333333333
2018-06-17 00:00:00 UTC,417,-520,224052370,5.302083333333333
2018-06-17 00:00:00 UTC,417,-521,224052370,0.57847222222222217
2018-06-17 00:00:00 UTC,417,31,224104340,0.29027777777777775
2018-06-17 00:00:00 UTC,417,1432,431009942,2.5958333333333332
2018-06-17 00:00:00 UTC,417,-270,204815000,0.47694444444444439
2018-06-17 00:00:00 UTC,417,-271,204815000,0.36416666666666664
2018-06-17 00:00:00 UTC,417,-92,263279000,7.9091666666666667
2018-06-17 00:00:00 UTC,417,30,224106140,1.1070833333333332
2018-06-17 00:00:00 UTC,417,29,224106140,0.32222222222222224
2018-06-17 00:00:00 UTC,417,31,224108190,0.79
2018-06-17 00:00:00 UTC,417,117,247091620,2.5834722222222219
2018-06-17 00:00:00 UTC,417,118,247091620,0.77111111111111108
2018-06-17 00:00:00 UTC,417,1430,431011522,0.26805555555555555
2018-06-17 00:00:00 UTC,417,1431,431011522,3.9552777777777779
2018-06-17 00:00:00 UTC,417,1432,431011522,2.330972222222222
2018-06-17 00:00:00 UTC,417,31,224116420,2.3773611111111115
2018-06-17 00:00:00 UTC,417,-666,316003580,1.1583333333333332
2018-06-17 00:00:00 UTC,673,112,258471000,5.7037499999999994
2018-06-17 00:00:00 UTC,673,114,258471000,10.139583333333333
2018-06-17 00:00:00 UTC,673,113,258471000,1.1986111111111111
2018-06-17 00:00:00 UTC,673,-188,251452000,8.4869444444444433
2018-06-17 00:00:00 UTC,673,-189,251452000,0.92208333333333337
2018-06-17 00:00:00 UTC,673,128,257119340,0.537638888888889
2018-06-17 00:00:00 UTC,673,128,257156040,2.3626388888888887
2018-06-17 00:00:00 UTC,673,130,257156040,0.19847222222222222
2018-06-17 00:00:00 UTC,673,129,257156040,0.2625
2018-06-17 00:00:00 UTC,673,127,257156040,0.22486111111111112
2018-06-17 00:00:00 UTC,673,132,257105640,0.46680555555555558
2018-06-17 00:00:00 UTC,673,130,257105640,0.76930555555555558
2018-06-17 00:00:00 UTC,673,134,257105640,0.42375
2018-06-17 00:00:00 UTC,673,135,257105640,1.0237500000000002
2018-06-17 00:00:00 UTC,673,136,257105640,0.46638888888888891
2018-06-17 00:00:00 UTC,673,131,257105640,0.78055555555555556
2018-06-17 00:00:00 UTC,-351,-442,224160000,0.49222222222222223
2018-06-17 00:00:00 UTC,-351,-443,224160000,1.1559722222222224
2018-06-17 00:00:00 UTC,-351,-441,224160000,1.1191666666666666
2018-06-17 00:00:00 UTC,-351,-564,770576135,0.15763888888888888
2018-06-17 00:00:00 UTC,-351,-563,770576135,1.901111111111111
2018-06-17 00:00:00 UTC,-351,216,601813000,5.7633333333333345
2018-06-17 00:00:00 UTC,-351,217,601813000,0.49000000000000005
2018-06-17 00:00:00 UTC,-351,215,601813000,0.25055555555555553
2018-06-17 00:00:00 UTC,-351,618,416229900,2.2577777777777777
2018-06-17 00:00:00 UTC,-351,-554,770576146,0.7925
2018-06-17 00:00:00 UTC,-351,-557,770576146,2.15375
2018-06-17 00:00:00 UTC,-351,-555,770576146,1.5663888888888886
2018-06-17 00:00:00 UTC,-351,-556,770576146,1.3369444444444443
2018-06-17 00:00:00 UTC,-351,-556,770576149,0.45805555555555555
2018-06-17 00:00:00 UTC,-351,-548,770576149,0.29958333333333331
2018-06-17 00:00:00 UTC,-351,-550,770576149,1.3095833333333335
2018-06-17 00:00:00 UTC,-351,-544,770576149,0.2680555555555556
2018-06-17 00:00:00 UTC,-351,-554,770576149,1.3497222222222225
2018-06-17 00:00:00 UTC,-351,-545,770576149,1.4483333333333335
2018-06-17 00:00:00 UTC,-351,-549,770576149,1.3784722222222223
2018-06-17 00:00:00 UTC,-351,-546,770576149,0.79569444444444448
2018-06-17 00:00:00 UTC,-351,-555,770576149,1.3380555555555558
2018-06-17 00:00:00 UTC,-351,-551,770576149,0.066666666666666666
2018-06-17 00:00:00 UTC,-351,-555,770576151,1.570972222222222
2018-06-17 00:00:00 UTC,-351,-557,770576151,2.1323611111111114
2018-06-17 00:00:00 UTC,-351,-554,770576151,0.75958333333333339
2018-06-17 00:00:00 UTC,-351,-556,770576151,1.1341666666666665
2018-06-17 00:00:00 UTC,-351,-1733,576649000,0.86583333333333345
2018-06-17 00:00:00 UTC,-351,330,664104000,0.86930555555555555
2018-06-17 00:00:00 UTC,-351,-561,441309000,0.098333333333333328
2018-06-17 00:00:00 UTC,-351,616,416004427,4.8972222222222221
2018-06-17 00:00:00 UTC,-351,1653,416002900,2.55875
2018-06-17 00:00:00 UTC,-351,1630,416081500,0.57972222222222225
2018-06-17 00:00:00 UTC,-351,610,664070000,0.50680555555555551
2018-06-17 00:00:00 UTC,-351,578,416003451,0.6873611111111112
2018-06-17 00:00:00 UTC,-351,-545,770576253,1.0972222222222221
2018-06-17 00:00:00 UTC,-351,-546,770576253,1.7027777777777777
2018-06-17 00:00:00 UTC,-351,-1755,576848000,0.83000000000000007
2018-06-17 00:00:00 UTC,-351,-1756,576848000,2.018472222222222
2018-06-17 00:00:00 UTC,-351,-1754,576848000,2.5254166666666666
2018-06-17 00:00:00 UTC,-351,-561,440528000,6.8477777777777771
2018-06-17 00:00:00 UTC,-351,-1736,576975000,1.6656944444444444
2018-06-17 00:00:00 UTC,-351,-1734,576975000,1.3320833333333333
2018-06-17 00:00:00 UTC,-351,-1741,576975000,0.82944444444444454
2018-06-17 00:00:00 UTC,-351,-1740,576975000,0.59541666666666671
2018-06-17 00:00:00 UTC,-351,-1738,576975000,1.8154166666666667
2018-06-17 00:00:00 UTC,-351,-1737,576975000,1.4901388888888891
2018-06-17 00:00:00 UTC,-351,-1735,576975000,1.5006944444444446
2018-06-17 00:00:00 UTC,-351,-1739,576975000,0.98875
2018-06-17 00:00:00 UTC,-351,217,601487000,3.2727777777777787
2018-06-17 00:00:00 UTC,-351,216,601487000,0.93972222222222179
2018-06-17 00:00:00 UTC,-351,-1724,416804000,0.73708333333333331
2018-06-17 00:00:00 UTC,-351,-544,1957,1.58625
2018-06-17 00:00:00 UTC,-351,-1729,416032700,0.75458333333333338
2018-06-17 00:00:00 UTC,-351,1636,416081600,0.54694444444444446
2018-06-17 00:00:00 UTC,-351,1635,416081600,0.29250000000000004
2018-06-17 00:00:00 UTC,-351,426,416002499,5.2698611111111093
2018-06-17 00:00:00 UTC,-351,-545,770005708,2.0218055555555554
2018-06-17 00:00:00 UTC,-351,-554,770005708,1.057638888888889
2018-06-17 00:00:00 UTC,-351,-555,770005708,1.4236111111111112
2018-06-17 00:00:00 UTC,-351,-556,770005708,0.50611111111111118
2018-06-17 00:00:00 UTC,-351,187,601985000,0.35666666666666669
2018-06-17 00:00:00 UTC,-351,578,416002536,1.0711111111111111
2018-06-17 00:00:00 UTC,-351,585,416002536,5.2337500000000015
2018-06-17 00:00:00 UTC,-351,-1751,81561325,0.7725
2018-06-17 00:00:00 UTC,-351,-546,770576112,1.4740277777777779
2018-06-17 00:00:00 UTC,-351,-545,770576112,1.2137499999999999
2018-06-17 00:00:00 UTC,-351,-1751,576726000,0.78430555555555559
2018-06-17 00:00:00 UTC,-351,326,664139000,0.43819444444444439
2018-06-17 00:00:00 UTC,-351,599,664075000,0.49944444444444447
2018-06-17 00:00:00 UTC,-95,126,603100161,2.5390277777777781
2018-06-17 00:00:00 UTC,-95,-1763,416002569,1.1111111111111112
2018-06-17 00:00:00 UTC,-95,-1765,416002569,1.5505555555555555
2018-06-17 00:00:00 UTC,-95,-1764,416002569,0.956111111111111
2018-06-17 00:00:00 UTC,-95,-1750,576383000,5.2844444444444445
2018-06-17 00:00:00 UTC,-95,126,224148000,2.1734722222222222
2018-06-17 00:00:00 UTC,-95,1680,412420436,1.7602777777777776
2018-06-17 00:00:00 UTC,-95,1678,412420436,2.7483333333333335
2018-06-17 00:00:00 UTC,-95,1676,412420436,2.8295833333333333
2018-06-17 00:00:00 UTC,-95,1683,412420436,1.0926388888888887
2018-06-17 00:00:00 UTC,-95,1682,412420436,1.3208333333333333
2018-06-17 00:00:00 UTC,-95,1679,412420436,1.0609722222222222
2018-06-17 00:00:00 UTC,-95,1681,412420436,1.5284722222222222
2018-06-17 00:00:00 UTC,-95,1684,412420436,0.42333333333333334
2018-06-17 00:00:00 UTC,-95,-1311,431700830,1.7306944444444441
2018-06-17 00:00:00 UTC,-95,-93,416167600,5.2926388888888889
2018-06-17 00:00:00 UTC,-95,-92,416167600,1.3611111111111112
2018-06-17 00:00:00 UTC,-95,-1754,576696000,1.4451388888888888
2018-06-17 00:00:00 UTC,-95,-1755,576696000,1.6477777777777778
2018-06-17 00:00:00 UTC,-95,-1756,576696000,3.7831944444444443
2018-06-17 00:00:00 UTC,-95,-1753,576696000,1.5104166666666667
2018-06-17 00:00:00 UTC,-95,-1750,576696000,2.4383333333333335
2018-06-17 00:00:00 UTC,-95,679,416002496,0.70361111111111108
2018-06-17 00:00:00 UTC,-95,648,416000464,0.91638888888888892
2018-06-17 00:00:00 UTC,-95,125,659415000,0.5740277777777778
2018-06-17 00:00:00 UTC,-95,126,659415000,2.7154166666666666
2018-06-17 00:00:00 UTC,-95,125,603100137,2.4643055555555549
2018-06-17 00:00:00 UTC,162,-1624,367516940,0.58611111111111114
2018-06-17 00:00:00 UTC,162,1300,416000285,4.3097222222222218
2018-06-17 00:00:00 UTC,162,-1628,367480150,3.8183333333333334
2018-06-17 00:00:00 UTC,162,-1629,367480150,1.921111111111111
2018-06-17 00:00:00 UTC,162,-1627,367480150,0.47472222222222221
2018-06-17 00:00:00 UTC,162,-1620,367480150,0.93291666666666684
2018-06-17 00:00:00 UTC,162,-1576,367128410,0.59444444444444444
2018-06-17 00:00:00 UTC,162,-1575,367128410,0.50625
2018-06-17 00:00:00 UTC,162,-1581,367128410,3.4105555555555558
2018-06-17 00:00:00 UTC,162,-1580,367128410,0.82111111111111112
2018-06-17 00:00:00 UTC,162,-1573,368030050,1.0269444444444444
2018-06-17 00:00:00 UTC,162,-1574,368030050,0.48555555555555552
2018-06-17 00:00:00 UTC,162,-1633,367492480,0.69861111111111107
2018-06-17 00:00:00 UTC,162,-1634,367492480,0.70625000000000016
2018-06-17 00:00:00 UTC,162,-1627,367433150,1.2937500000000002
2018-06-17 00:00:00 UTC,162,-1628,367433150,4.230555555555557
2018-06-17 00:00:00 UTC,162,-1570,367183810,2.9147222222222227
2018-06-17 00:00:00 UTC,162,-1571,367183810,1.6466666666666665
2018-06-17 00:00:00 UTC,162,-1572,367183810,0.40625
2018-06-17 00:00:00 UTC,162,-1570,367439590,0.87763888888888886
2018-06-17 00:00:00 UTC,162,-1574,367439590,1.7493055555555554
2018-06-17 00:00:00 UTC,162,-1572,367439590,1.7376388888888887
2018-06-17 00:00:00 UTC,162,-1571,367439590,2.679583333333333
2018-06-17 00:00:00 UTC,162,-1573,367439590,1.0825
2018-06-17 00:00:00 UTC,162,-519,412440559,0.68361111111111117
2018-06-17 00:00:00 UTC,162,-516,412440559,0.9802777777777778
2018-06-17 00:00:00 UTC,162,-520,412440559,0.59583333333333333
2018-06-17 00:00:00 UTC,162,-517,412440559,5.7266666666666675
2018-06-17 00:00:00 UTC,162,-522,412440559,4.3258333333333336
2018-06-17 00:00:00 UTC,162,-514,412440559,9.2184722222222231
2018-06-17 00:00:00 UTC,162,-515,412440559,0.33166666666666667
2018-06-17 00:00:00 UTC,162,-518,412440559,0.36597222222222225
2018-06-17 00:00:00 UTC,162,-521,412440559,0.54402777777777778
2018-06-17 00:00:00 UTC,162,-1568,367732990,0.57430555555555551
2018-06-17 00:00:00 UTC,162,-1567,367732990,1.3188888888888888
2018-06-17 00:00:00 UTC,418,121,247093010,0.80708333333333337
2018-06-17 00:00:00 UTC,418,-448,224048150,1.1669444444444446
2018-06-17 00:00:00 UTC,418,-449,224048150,1.1463888888888887
2018-06-17 00:00:00 UTC,418,-450,224048150,0.29013888888888889
2018-06-17 00:00:00 UTC,418,121,247092770,0.27763888888888888
2018-06-17 00:00:00 UTC,418,31,224063780,2.0722222222222224
2018-06-17 00:00:00 UTC,418,121,247093030,0.26930555555555558
2018-06-17 00:00:00 UTC,418,121,247092780,1.0708333333333333
2018-06-17 00:00:00 UTC,418,-208,224155950,0.5377777777777778
2018-06-17 00:00:00 UTC,418,-209,224155950,0.56333333333333324
2018-06-17 00:00:00 UTC,418,1621,412439601,1.0497222222222222
2018-06-17 00:00:00 UTC,418,121,247092790,1.066527777777778
2018-06-17 00:00:00 UTC,418,-358,204211000,0.40277777777777785
2018-06-17 00:00:00 UTC,418,-357,204211000,0.35874999999999996
2018-06-17 00:00:00 UTC,418,-355,204211000,0.58277777777777784
2018-06-17 00:00:00 UTC,418,-348,204211000,0.62708333333333333
2018-06-17 00:00:00 UTC,418,-356,204211000,1.0345833333333334
2018-06-17 00:00:00 UTC,418,-349,204211000,1.2577777777777777
2018-06-17 00:00:00 UTC,418,-350,204211000,0.7597222222222223
2018-06-17 00:00:00 UTC,418,-347,204211000,0.87416666666666665
2018-06-17 00:00:00 UTC,418,121,247092810,0.52625000000000011
2018-06-17 00:00:00 UTC,418,-209,224098640,0.5375
2018-06-17 00:00:00 UTC,418,109,247065940,1.88625
2018-06-17 00:00:00 UTC,418,-669,367733350,4.3116666666666674
2018-06-17 00:00:00 UTC,418,121,247080810,0.81666666666666665
2018-06-17 00:00:00 UTC,418,1433,431008891,0.25805555555555559
2018-06-17 00:00:00 UTC,418,1435,431008891,1.6375
2018-06-17 00:00:00 UTC,418,1434,431008891,1.7915277777777778
2018-06-17 00:00:00 UTC,418,121,247092860,1.3475000000000001
2018-06-17 00:00:00 UTC,418,121,247092870,1.0902777777777779
2018-06-17 00:00:00 UTC,418,-523,224052370,0.80375
2018-06-17 00:00:00 UTC,418,-521,224052370,3.3241666666666667
2018-06-17 00:00:00 UTC,418,-522,224052370,0.41194444444444445
2018-06-17 00:00:00 UTC,418,-524,224052370,0.93069444444444438
2018-06-17 00:00:00 UTC,418,31,224104340,0.94861111111111107
2018-06-17 00:00:00 UTC,418,1432,431009942,0.25027777777777777
2018-06-17 00:00:00 UTC,418,1434,431009942,2.8456944444444443
2018-06-17 00:00:00 UTC,418,-273,204815000,0.87152777777777768
2018-06-17 00:00:00 UTC,418,-276,204815000,0.86416666666666675
2018-06-17 00:00:00 UTC,418,-277,204815000,0.986111111111111
2018-06-17 00:00:00 UTC,418,-274,204815000,0.47874999999999995
2018-06-17 00:00:00 UTC,418,-272,204815000,0.11805555555555555
2018-06-17 00:00:00 UTC,418,-275,204815000,0.90180555555555564
2018-06-17 00:00:00 UTC,418,-279,204815000,1.0565277777777777
2018-06-17 00:00:00 UTC,418,-270,204815000,1.2938888888888889
2018-06-17 00:00:00 UTC,418,-93,263279000,0.905
2018-06-17 00:00:00 UTC,418,-92,263279000,4.3069444444444445
2018-06-17 00:00:00 UTC,418,31,224108190,1.23625
2018-06-17 00:00:00 UTC,418,-206,224195750,1.0008333333333335
2018-06-17 00:00:00 UTC,418,-664,316001451,0.93152777777777784
2018-06-17 00:00:00 UTC,418,121,247099360,1.088888888888889
2018-06-17 00:00:00 UTC,418,121,247092980,0.53722222222222227
2018-06-17 00:00:00 UTC,418,-264,263408380,1.7758333333333332
2018-06-17 00:00:00 UTC,418,-263,263408380,2.5916666666666668
2018-06-17 00:00:00 UTC,418,-666,316003580,1.1526388888888888
2018-06-17 00:00:00 UTC,674,-188,251452000,9.5286111111111111
2018-06-17 00:00:00 UTC,674,121,257114220,5.7138888888888895
2018-06-17 00:00:00 UTC,674,-188,251226000,0.9145833333333333
2018-06-17 00:00:00 UTC,-350,-443,224160000,1.2791666666666666
2018-06-17 00:00:00 UTC,-350,-442,224160000,0.47875
2018-06-17 00:00:00 UTC,-350,-441,224160000,1.44125
2018-06-17 00:00:00 UTC,-350,-563,770576135,4.7459722222222211
2018-06-17 00:00:00 UTC,-350,-564,770576135,0.31444444444444442
2018-06-17 00:00:00 UTC,-350,217,601813000,0.37958333333333333
2018-06-17 00:00:00 UTC,-350,618,416229900,2.0798611111111107
2018-06-17 00:00:00 UTC,-350,-522,770576401,1.7281944444444444
2018-06-17 00:00:00 UTC,-350,-556,770576149,3.0677777777777786
2018-06-17 00:00:00 UTC,-350,-555,770576149,0.70833333333333326
2018-06-17 00:00:00 UTC,-350,-553,770576149,1.5973611111111112
2018-06-17 00:00:00 UTC,-350,-552,770576149,1.1301388888888888
2018-06-17 00:00:00 UTC,-350,-544,770576149,1.3597222222222221
2018-06-17 00:00:00 UTC,-350,-1737,576649000,0.26263888888888887
2018-06-17 00:00:00 UTC,-350,-1739,576649000,0.41819444444444442
2018-06-17 00:00:00 UTC,-350,-1736,576649000,0.72902777777777772
2018-06-17 00:00:00 UTC,-350,607,664062000,3.5862500000000006
2018-06-17 00:00:00 UTC,-350,330,664104000,0.55319444444444443
2018-06-17 00:00:00 UTC,-350,329,664104000,1.6206944444444444
2018-06-17 00:00:00 UTC,-350,616,416004427,2.6624999999999996
2018-06-17 00:00:00 UTC,-350,1630,416081500,0.69833333333333347
2018-06-17 00:00:00 UTC,-350,578,416003451,3.4272222222222224
2018-06-17 00:00:00 UTC,-350,-545,770576253,5.6858333333333322
2018-06-17 00:00:00 UTC,-350,-544,770576253,3.6691666666666669
2018-06-17 00:00:00 UTC,-350,-543,770576253,1.3368055555555554
2018-06-17 00:00:00 UTC,-350,-546,770576253,1.50625
2018-06-17 00:00:00 UTC,-350,-1752,576848000,5.3801388888888884
2018-06-17 00:00:00 UTC,-350,219,601487000,4.08361111111111
2018-06-17 00:00:00 UTC,-350,217,601487000,1.9080555555555554
2018-06-17 00:00:00 UTC,-350,218,601487000,5.935833333333334
2018-06-17 00:00:00 UTC,-350,-1724,416804000,0.69458333333333333
2018-06-17 00:00:00 UTC,-350,-543,1957,5.9402777777777773
2018-06-17 00:00:00 UTC,-350,-1729,416032700,0.591388888888889
2018-06-17 00:00:00 UTC,-350,1634,416081600,0.35013888888888889
2018-06-17 00:00:00 UTC,-350,1635,416081600,0.31166666666666665
2018-06-17 00:00:00 UTC,-350,-552,770005708,1.1527777777777779
2018-06-17 00:00:00 UTC,-350,-544,770005708,1.5334722222222221
2018-06-17 00:00:00 UTC,-350,-556,770005708,3.1148611111111109
2018-06-17 00:00:00 UTC,-350,-555,770005708,0.65263888888888877
2018-06-17 00:00:00 UTC,-350,-553,770005708,1.3538888888888889
2018-06-17 00:00:00 UTC,-350,-554,770005708,0.26625
2018-06-17 00:00:00 UTC,-350,-560,770576088,1.8662499999999989
2018-06-17 00:00:00 UTC,-350,-559,770576088,4.3920833333333347
2018-06-17 00:00:00 UTC,-350,324,416003800,2.0137499999999995
2018-06-17 00:00:00 UTC,-350,187,601985000,0.14694444444444446
2018-06-17 00:00:00 UTC,-350,586,416002536,1.5502777777777779
2018-06-17 00:00:00 UTC,-350,585,416002536,0.98680555555555549
2018-06-17 00:00:00 UTC,-350,-1754,81561325,2.9002777777777782
2018-06-17 00:00:00 UTC,-350,-1753,81561325,0.73125
2018-06-17 00:00:00 UTC,-350,-542,770576112,0.12208333333333334
2018-06-17 00:00:00 UTC,-350,-544,770576112,3.2366666666666668
2018-06-17 00:00:00 UTC,-350,-546,770576112,1.7141666666666668
2018-06-17 00:00:00 UTC,-350,-545,770576112,5.6272222222222208
2018-06-17 00:00:00 UTC,-350,-543,770576112,1.3548611111111111
2018-06-17 00:00:00 UTC,-350,-1753,576726000,0.45027777777777778
2018-06-17 00:00:00 UTC,-350,-1755,576726000,1.4388888888888889
2018-06-17 00:00:00 UTC,-350,-1756,576726000,0.77472222222222209
2018-06-17 00:00:00 UTC,-350,-1754,576726000,0.957777777777778
2018-06-17 00:00:00 UTC,-350,327,664139000,0.20708333333333334
2018-06-17 00:00:00 UTC,-350,326,664139000,2.3580555555555547
2018-06-17 00:00:00 UTC,-350,599,664075000,3.7158333333333347
2018-06-17 00:00:00 UTC,-350,-559,770576122,4.0441666666666647
2018-06-17 00:00:00 UTC,-350,-560,770576122,2.1265277777777776
2018-06-17 00:00:00 UTC,-94,-1763,416002569,0.78138888888888891
2018-06-17 00:00:00 UTC,-94,-1752,576383000,5.5881944444444445
2018-06-17 00:00:00 UTC,-94,-1753,576383000,10.886111111111111
2018-06-17 00:00:00 UTC,-94,125,224148000,2.8681944444444447
2018-06-17 00:00:00 UTC,-94,1662,412420433,1.122638888888889
2018-06-17 00:00:00 UTC,-94,1661,412420433,0.77125
2018-06-17 00:00:00 UTC,-94,1664,412420433,0.7565277777777778
2018-06-17 00:00:00 UTC,-94,1663,412420433,0.45541666666666664
2018-06-17 00:00:00 UTC,-94,-1611,412460113,0.99305555555555558
2018-06-17 00:00:00 UTC,-94,-1610,412460113,0.091944444444444454
2018-06-17 00:00:00 UTC,-94,-1602,412460113,0.44249999999999995
2018-06-17 00:00:00 UTC,-94,-1312,431700830,1.2829166666666667
2018-06-17 00:00:00 UTC,-94,-1311,431700830,0.6956944444444445
2018-06-17 00:00:00 UTC,-94,-75,416125600,0.39194444444444443
2018-06-17 00:00:00 UTC,-94,-70,416125600,0.74944444444444447
2018-06-17 00:00:00 UTC,-94,-74,416125600,0.40097222222222223
2018-06-17 00:00:00 UTC,-94,-76,416125600,0.63513888888888892
2018-06-17 00:00:00 UTC,-94,-71,416125600,0.70347222222222228
2018-06-17 00:00:00 UTC,-94,-68,416125600,1.0280555555555555
2018-06-17 00:00:00 UTC,-94,-69,416125600,0.40847222222222224
2018-06-17 00:00:00 UTC,-94,-72,416125600,0.35319444444444437
2018-06-17 00:00:00 UTC,-94,680,416002496,0.76013888888888892
2018-06-17 00:00:00 UTC,-94,679,416002496,0.29291666666666666
2018-06-17 00:00:00 UTC,-94,648,416000464,1.2275
2018-06-17 00:00:00 UTC,-94,649,416000464,0.49791666666666667
2018-06-17 00:00:00 UTC,-94,125,659415000,2.3069444444444445
2018-06-17 00:00:00 UTC,-94,125,603100137,8.5055555555555564
2018-06-17 00:00:00 UTC,163,-1619,367480150,1.0770833333333334
2018-06-17 00:00:00 UTC,163,-1627,367480150,1.1595833333333334
2018-06-17 00:00:00 UTC,163,-1626,367480150,1.7368055555555553
2018-06-17 00:00:00 UTC,163,-1621,367480150,2.9656944444444444
2018-06-17 00:00:00 UTC,163,-1620,367480150,0.21180555555555558
2018-06-17 00:00:00 UTC,163,-1576,367128410,0.61722222222222223
2018-06-17 00:00:00 UTC,163,-1579,367128410,2.0327777777777776
2018-06-17 00:00:00 UTC,163,-1580,367128410,1.3837499999999998
2018-06-17 00:00:00 UTC,163,-1575,367128410,0.25180555555555556
2018-06-17 00:00:00 UTC,163,-1574,368030050,0.52375
2018-06-17 00:00:00 UTC,163,-1632,367492480,2.5959722222222221
2018-06-17 00:00:00 UTC,163,-1633,367492480,2.1540277777777774
2018-06-17 00:00:00 UTC,163,-1631,367492480,3.5556944444444447
2018-06-17 00:00:00 UTC,163,-1570,367183810,0.78569444444444447
2018-06-17 00:00:00 UTC,163,-1569,367183810,2.2297222222222222
2018-06-17 00:00:00 UTC,163,-1571,367183810,0.20166666666666666
2018-06-17 00:00:00 UTC,163,-1568,367183810,0.79791666666666661
2018-06-17 00:00:00 UTC,163,-1571,367439590,0.18527777777777776
2018-06-17 00:00:00 UTC,163,-1570,367439590,2.3112499999999994
2018-06-17 00:00:00 UTC,163,1522,431001322,2.0451388888888893
2018-06-17 00:00:00 UTC,163,1524,431001322,3.1061111111111113
2018-06-17 00:00:00 UTC,163,1521,431001322,1.7226388888888891
2018-06-17 00:00:00 UTC,163,1523,431001322,2.0591666666666666
2018-06-17 00:00:00 UTC,163,-515,412440559,1.0647222222222221
2018-06-17 00:00:00 UTC,163,-516,412440559,0.4275
2018-06-17 00:00:00 UTC,419,151,247100430,0.7416666666666667
2018-06-17 00:00:00 UTC,419,-454,224048150,0.31277777777777777
2018-06-17 00:00:00 UTC,419,-452,224048150,1.0115277777777776
2018-06-17 00:00:00 UTC,419,-450,224048150,0.46875
2018-06-17 00:00:00 UTC,419,-449,224048150,0.59944444444444445
2018-06-17 00:00:00 UTC,419,-453,224048150,0.80722222222222217
2018-06-17 00:00:00 UTC,419,-451,224048150,0.6661111111111111
2018-06-17 00:00:00 UTC,419,-455,224048150,0.41458333333333336
2018-06-17 00:00:00 UTC,419,-681,366893340,4.233888888888889
2018-06-17 00:00:00 UTC,419,152,247125790,0.27111111111111114
2018-06-17 00:00:00 UTC,419,151,247125790,0.82055555555555548
2018-06-17 00:00:00 UTC,419,-209,224155950,0.79402777777777778
2018-06-17 00:00:00 UTC,419,1434,431010352,0.25861111111111112
2018-06-17 00:00:00 UTC,419,1435,431010352,2.3425000000000002
2018-06-17 00:00:00 UTC,419,1620,412439601,1.9601388888888889
2018-06-17 00:00:00 UTC,419,-669,316004170,1.6433333333333333
2018-06-17 00:00:00 UTC,419,-668,316004170,0.37194444444444441
2018-06-17 00:00:00 UTC,419,-209,224098640,0.57222222222222219
2018-06-17 00:00:00 UTC,419,-672,367733350,11.366111111111111
2018-06-17 00:00:00 UTC,419,160,247122830,1.1738888888888888
2018-06-17 00:00:00 UTC,419,159,247122830,0.2944444444444444
2018-06-17 00:00:00 UTC,419,-518,224052370,3.0112499999999995
2018-06-17 00:00:00 UTC,419,-522,224052370,1.3755555555555554
2018-06-17 00:00:00 UTC,419,-521,224052370,1.9224999999999999
2018-06-17 00:00:00 UTC,419,160,247087510,0.27763888888888888
2018-06-17 00:00:00 UTC,419,161,247087510,1.707222222222222
2018-06-17 00:00:00 UTC,419,-280,204815000,2.3981944444444445
2018-06-17 00:00:00 UTC,419,-281,204815000,4.6395833333333325
2018-06-17 00:00:00 UTC,419,-271,204815000,0.86666666666666681
2018-06-17 00:00:00 UTC,419,-272,204815000,0.74097222222222214
2018-06-17 00:00:00 UTC,419,-206,224031640,0.89055555555555554
2018-06-17 00:00:00 UTC,419,151,247103130,1.0515277777777778
2018-06-17 00:00:00 UTC,419,152,247103130,0.26791666666666669
2018-06-17 00:00:00 UTC,419,160,247127450,0.44458333333333333
2018-06-17 00:00:00 UTC,419,161,247127450,0.69541666666666668
2018-06-17 00:00:00 UTC,419,-206,224195750,0.60541666666666671
2018-06-17 00:00:00 UTC,419,-669,316001449,18.60625
2018-06-17 00:00:00 UTC,419,-668,316001449,1.0079166666666668
2018-06-17 00:00:00 UTC,419,-665,316001451,1.10875
2018-06-17 00:00:00 UTC,419,-667,316001451,11.785972222222224
2018-06-17 00:00:00 UTC,419,-664,316001451,1.9273611111111106
2018-06-17 00:00:00 UTC,419,-668,316012210,4.8745833333333337
2018-06-17 00:00:00 UTC,419,-661,316012470,0.32999999999999996
2018-06-17 00:00:00 UTC,419,-663,316012470,5.9595833333333337
2018-06-17 00:00:00 UTC,419,-662,316012470,17.066388888888891
2018-06-17 00:00:00 UTC,419,-669,316012480,7.637222222222225
2018-06-17 00:00:00 UTC,419,-668,316012480,0.735
2018-06-17 00:00:00 UTC,419,151,247050980,0.52902777777777765
2018-06-17 00:00:00 UTC,419,152,247050980,0.27486111111111111
2018-06-17 00:00:00 UTC,419,151,247122920,0.67638888888888893
2018-06-17 00:00:00 UTC,419,152,247122920,0.61249999999999993
2018-06-17 00:00:00 UTC,419,-668,316013560,4.7131944444444445
2018-06-17 00:00:00 UTC,419,-262,263408380,0.835
2018-06-17 00:00:00 UTC,675,123,257038370,2.1294444444444443
2018-06-17 00:00:00 UTC,675,122,257038370,2.9954166666666668
2018-06-17 00:00:00 UTC,675,123,257038380,5.6922222222222212
2018-06-17 00:00:00 UTC,675,122,257038380,2.2662500000000003
2018-06-17 00:00:00 UTC,675,145,257102640,0.71208333333333329
2018-06-17 00:00:00 UTC,675,122,257038410,4.645833333333333
2018-06-17 00:00:00 UTC,675,121,257038410,0.61222222222222222
2018-06-17 00:00:00 UTC,675,94,257671500,2.9081944444444447
2018-06-17 00:00:00 UTC,675,95,257671500,0.70194444444444448
2018-06-17 00:00:00 UTC,675,-188,251452000,0.34236111111111112
2018-06-17 00:00:00 UTC,675,-217,251377000,0.71569444444444441
2018-06-17 00:00:00 UTC,675,-188,251226000,11.285277777777779
2018-06-17 00:00:00 UTC,675,-187,251226000,0.059444444444444446
2018-06-17 00:00:00 UTC,675,-189,251226000,2.7944444444444438
2018-06-17 00:00:00 UTC,675,125,257156040,0.7715277777777777
2018-06-17 00:00:00 UTC,675,-187,251586000,0.73305555555555557
2018-06-17 00:00:00 UTC,675,-185,251586000,0.063333333333333325
2018-06-17 00:00:00 UTC,675,-186,251586000,0.52902777777777776
2018-06-17 00:00:00 UTC,-349,-441,224160000,0.7319444444444444
2018-06-17 00:00:00 UTC,-349,-443,224160000,0.88458333333333339
2018-06-17 00:00:00 UTC,-349,-440,224160000,1.2961111111111112
2018-06-17 00:00:00 UTC,-349,-442,224160000,0.56819444444444445
2018-06-17 00:00:00 UTC,-349,618,416229900,2.048194444444444
2018-06-17 00:00:00 UTC,-349,183,601482000,0.59486111111111106
2018-06-17 00:00:00 UTC,-349,184,601087000,0.4777777777777778
2018-06-17 00:00:00 UTC,-349,183,601087000,1.5083333333333331
2018-06-17 00:00:00 UTC,-349,182,601087000,0.13597222222222222
2018-06-17 00:00:00 UTC,-349,-1734,576649000,0.92027777777777764
2018-06-17 00:00:00 UTC,-349,-1729,576649000,0.19680555555555557
2018-06-17 00:00:00 UTC,-349,-1730,576649000,1.0154166666666666
2018-06-17 00:00:00 UTC,-349,-1735,576649000,0.041805555555555554
2018-06-17 00:00:00 UTC,-349,-1733,576649000,0.97027777777777768
2018-06-17 00:00:00 UTC,-349,-1737,576649000,2.3580555555555556
2018-06-17 00:00:00 UTC,-349,335,664104000,0.87458333333333327
2018-06-17 00:00:00 UTC,-349,329,664104000,0.9836111111111111
2018-06-17 00:00:00 UTC,-349,330,664104000,1.0191666666666666
2018-06-17 00:00:00 UTC,-349,336,664104000,0.31583333333333335
2018-06-17 00:00:00 UTC,-349,616,416004427,2.5549999999999997
2018-06-17 00:00:00 UTC,-349,1643,416002900,0.581388888888889
2018-06-17 00:00:00 UTC,-349,750,416775000,0.26138888888888884
2018-06-17 00:00:00 UTC,-349,1630,416081500,0.025138888888888891
2018-06-17 00:00:00 UTC,-349,1634,416081500,0.51430555555555557
2018-06-17 00:00:00 UTC,-349,-545,770576253,0.29555555555555557
2018-06-17 00:00:00 UTC,-349,-544,770576253,1.8088888888888888
2018-06-17 00:00:00 UTC,-349,-542,770576253,2.5844444444444448
2018-06-17 00:00:00 UTC,-349,-543,770576253,1.6908333333333332
2018-06-17 00:00:00 UTC,-349,319,416741000,0.68027777777777776
2018-06-17 00:00:00 UTC,-349,1669,576890000,2.3275
2018-06-17 00:00:00 UTC,-349,219,601487000,1.443472222222222
2018-06-17 00:00:00 UTC,-349,218,601487000,3.0269444444444438
2018-06-17 00:00:00 UTC,-349,-1724,416804000,0.18444444444444444
2018-06-17 00:00:00 UTC,-349,454,416212900,0.36694444444444446
2018-06-17 00:00:00 UTC,-349,455,416212900,0.34638888888888891
2018-06-17 00:00:00 UTC,-349,456,416212900,1.1244444444444444
2018-06-17 00:00:00 UTC,-349,-542,1957,5.3141666666666669
2018-06-17 00:00:00 UTC,-349,-543,1957,5.6681944444444445
2018-06-17 00:00:00 UTC,-349,-1729,416032700,0.34611111111111109
2018-06-17 00:00:00 UTC,-349,-1728,416032700,0.42708333333333337
2018-06-17 00:00:00 UTC,-349,1634,416081600,0.9080555555555555
2018-06-17 00:00:00 UTC,-349,241,601762000,0.94611111111111124
2018-06-17 00:00:00 UTC,-349,239,601762000,4.7102777777777778
2018-06-17 00:00:00 UTC,-349,242,601762000,0.11486111111111111
2018-06-17 00:00:00 UTC,-349,240,601762000,1.1643055555555555
2018-06-17 00:00:00 UTC,-349,-559,770576088,0.083611111111111108
2018-06-17 00:00:00 UTC,-349,324,416003800,0.28055555555555556
2018-06-17 00:00:00 UTC,-349,183,601195500,0.69722222222222219
2018-06-17 00:00:00 UTC,-349,-1757,81561325,2.8593055555555558
2018-06-17 00:00:00 UTC,-349,-1759,81561325,0.31097222222222221
2018-06-17 00:00:00 UTC,-349,-1758,81561325,1.6731944444444444
2018-06-17 00:00:00 UTC,-349,-543,770576112,1.3979166666666667
2018-06-17 00:00:00 UTC,-349,-545,770576112,0.5541666666666667
2018-06-17 00:00:00 UTC,-349,-544,770576112,1.6111111111111112
2018-06-17 00:00:00 UTC,-349,-542,770576112,2.4311111111111114
2018-06-17 00:00:00 UTC,-349,-1756,576726000,0.79958333333333342
2018-06-17 00:00:00 UTC,-349,-1757,576726000,1.66625
2018-06-17 00:00:00 UTC,-349,-1758,576726000,1.5947222222222219
2018-06-17 00:00:00 UTC,-349,337,664139000,0.50888888888888884
2018-06-17 00:00:00 UTC,-349,338,664139000,0.72847222222222219
2018-06-17 00:00:00 UTC,-349,599,664075000,2.42375
2018-06-17 00:00:00 UTC,-93,125,603100161,1.5879166666666666
2018-06-17 00:00:00 UTC,-93,-1767,416002569,2.4454166666666666
2018-06-17 00:00:00 UTC,-93,-1764,416002569,0.8701388888888888
2018-06-17 00:00:00 UTC,-93,125,224148000,1.5127777777777776
2018-06-17 00:00:00 UTC,-93,126,224393000,0.68819444444444466
2018-06-17 00:00:00 UTC,-93,1660,412420433,1.1690277777777778
2018-06-17 00:00:00 UTC,-93,1659,412420433,0.1738888888888889
2018-06-17 00:00:00 UTC,-93,1666,412420433,0.9883333333333334
2018-06-17 00:00:00 UTC,-93,1665,412420433,0.63430555555555557
2018-06-17 00:00:00 UTC,-93,-1602,412460113,0.3331944444444444
2018-06-17 00:00:00 UTC,-93,-1609,412460113,0.079861111111111119
2018-06-17 00:00:00 UTC,-93,-1608,412460113,0.68124999999999991
2018-06-17 00:00:00 UTC,-93,-1312,431700830,1.9500000000000002
2018-06-17 00:00:00 UTC,-93,-76,416125600,1.7170833333333333
2018-06-17 00:00:00 UTC,-93,-71,416125600,1.4961111111111112
2018-06-17 00:00:00 UTC,-93,-73,416125600,1.2508333333333335
2018-06-17 00:00:00 UTC,-93,-69,416125600,0.63152777777777769
2018-06-17 00:00:00 UTC,-93,-72,416125600,1.1918055555555553
2018-06-17 00:00:00 UTC,-93,-70,416125600,2.1116666666666668
2018-06-17 00:00:00 UTC,-93,-74,416125600,2.6043055555555554
2018-06-17 00:00:00 UTC,-93,-1753,576696000,1.2552777777777777
2018-06-17 00:00:00 UTC,-93,-1751,576696000,2.1994444444444445
2018-06-17 00:00:00 UTC,-93,-1754,576696000,4.9409722222222214
2018-06-17 00:00:00 UTC,-93,681,416002496,3.7573611111111114
2018-06-17 00:00:00 UTC,-93,680,416002496,0.61138888888888887
2018-06-17 00:00:00 UTC,-93,649,416000464,0.94013888888888886
2018-06-17 00:00:00 UTC,-93,126,659415000,0.54833333333333334
2018-06-17 00:00:00 UTC,-93,125,659415000,1.3580555555555551
2018-06-17 00:00:00 UTC,-93,125,603100137,9.2604166666666661
2018-06-17 00:00:00 UTC,164,-1625,367516940,1.1263888888888889
2018-06-17 00:00:00 UTC,164,-1625,367480150,2.5326388888888891
2018-06-17 00:00:00 UTC,164,-1626,367480150,0.64625
2018-06-17 00:00:00 UTC,164,-1579,367128410,0.49138888888888888
2018-06-17 00:00:00 UTC,164,-1578,367128410,1.67625
2018-06-17 00:00:00 UTC,164,-1577,367128410,0.63361111111111112
2018-06-17 00:00:00 UTC,164,-1576,367128410,0.7747222222222222
2018-06-17 00:00:00 UTC,164,-1577,368030050,0.15416666666666667
2018-06-17 00:00:00 UTC,164,-1629,367492480,1.0552777777777778
2018-06-17 00:00:00 UTC,164,-1631,367492480,1.9345833333333335
2018-06-17 00:00:00 UTC,164,-1630,367492480,2.9123611111111112
2018-06-17 00:00:00 UTC,164,1529,416002751,0.70305555555555554
2018-06-17 00:00:00 UTC,164,-1568,367183810,1.3431944444444444
2018-06-17 00:00:00 UTC,164,1520,431001322,3.4756944444444446
2018-06-17 00:00:00 UTC,164,1518,431001322,3.0727777777777776
2018-06-17 00:00:00 UTC,164,-518,412440561,4.6263888888888891
2018-06-17 00:00:00 UTC,420,149,247102720,0.79166666666666663
2018-06-17 00:00:00 UTC,420,150,247102730,0.81111111111111112
2018-06-17 00:00:00 UTC,420,150,247100430,0.78875000000000006
2018-06-17 00:00:00 UTC,420,151,247100430,0.27361111111111114
2018-06-17 00:00:00 UTC,420,-660,316013590,6.1183333333333323
2018-06-17 00:00:00 UTC,420,-659,316013590,1.4983333333333335
2018-06-17 00:00:00 UTC,420,-1247,366047000,2.7819444444444446
2018-06-17 00:00:00 UTC,420,150,247125790,0.32861111111111113
2018-06-17 00:00:00 UTC,420,151,247125790,0.84027777777777779
2018-06-17 00:00:00 UTC,420,1620,273379880,2.5090277777777779
2018-06-17 00:00:00 UTC,420,1623,412439598,4.7076388888888889
2018-06-17 00:00:00 UTC,420,-209,224155950,1.1669444444444443
2018-06-17 00:00:00 UTC,420,-210,224155950,0.025416666666666667
2018-06-17 00:00:00 UTC,420,160,247122480,0.83861111111111108
2018-06-17 00:00:00 UTC,420,159,247122480,1.3931944444444446
2018-06-17 00:00:00 UTC,420,1624,412439601,1.0699999999999998
2018-06-17 00:00:00 UTC,420,1621,412439601,8.1048611111111111
2018-06-17 00:00:00 UTC,420,1622,412439601,0.81791666666666674
2018-06-17 00:00:00 UTC,420,1623,412439601,2.42
2018-06-17 00:00:00 UTC,420,1622,440701000,2.1190277777777777
2018-06-17 00:00:00 UTC,420,1622,412422732,5.2259722222222225
2018-06-17 00:00:00 UTC,420,-209,224098640,2.0204166666666667
2018-06-17 00:00:00 UTC,420,-667,316005460,6.3044444444444441
2018-06-17 00:00:00 UTC,420,1623,440060000,0.45638888888888884
2018-06-17 00:00:00 UTC,420,1622,440060000,6.2040277777777808
2018-06-17 00:00:00 UTC,420,-667,316002406,11.761527777777777
2018-06-17 00:00:00 UTC,420,-669,316002406,11.057361111111112
2018-06-17 00:00:00 UTC,420,161,247126890,0.52458333333333329
2018-06-17 00:00:00 UTC,420,160,247126890,0.29180555555555554
2018-06-17 00:00:00 UTC,420,-1270,367512180,4.6334722222222222
2018-06-17 00:00:00 UTC,420,149,247280760,0.28625
2018-06-17 00:00:00 UTC,420,160,247122310,0.84722222222222221
2018-06-17 00:00:00 UTC,420,-518,224052370,0.92791666666666661
2018-06-17 00:00:00 UTC,420,-521,224052370,0.7252777777777778
2018-06-17 00:00:00 UTC,420,-524,224052370,1.4073611111111111
2018-06-17 00:00:00 UTC,420,-520,224052370,1.8575
2018-06-17 00:00:00 UTC,420,-206,224031640,1.0098611111111111
2018-06-17 00:00:00 UTC,420,-361,224020890,1.7586111111111107
2018-06-17 00:00:00 UTC,420,-360,224020890,1.2349999999999999
2018-06-17 00:00:00 UTC,420,-359,224020890,0.29625
2018-06-17 00:00:00 UTC,420,150,247103130,0.79597222222222219
2018-06-17 00:00:00 UTC,420,151,247103130,0.27069444444444446
2018-06-17 00:00:00 UTC,420,1621,440548000,3.8000000000000003
2018-06-17 00:00:00 UTC,420,1624,416580000,7.8140277777777785
2018-06-17 00:00:00 UTC,420,1622,440964000,2.524861111111111
2018-06-17 00:00:00 UTC,420,1623,440964000,1.8958333333333333
2018-06-17 00:00:00 UTC,420,1623,273338530,3.3312499999999994
2018-06-17 00:00:00 UTC,420,1622,273338530,3.109861111111111
2018-06-17 00:00:00 UTC,420,1624,273338530,2.3
2018-06-17 00:00:00 UTC,420,160,247124390,0.54444444444444451
2018-06-17 00:00:00 UTC,420,-206,224195750,1.1606944444444445
2018-06-17 00:00:00 UTC,420,1623,440793000,9.8081944444444442
2018-06-17 00:00:00 UTC,420,-669,316001449,3.770694444444445
2018-06-17 00:00:00 UTC,420,-668,316001449,0.66152777777777771
2018-06-17 00:00:00 UTC,420,-666,316001451,0.85722222222222222
2018-06-17 00:00:00 UTC,420,-669,316001451,4.32625
2018-06-17 00:00:00 UTC,420,-668,316001451,3.0968055555555556
2018-06-17 00:00:00 UTC,420,-665,316001451,0.065694444444444444
2018-06-17 00:00:00 UTC,420,148,247100590,0.87763888888888886
2018-06-17 00:00:00 UTC,420,149,247100590,1.2043055555555555
2018-06-17 00:00:00 UTC,420,-663,316012470,0.72541666666666671
2018-06-17 00:00:00 UTC,420,-669,316012480,7.911249999999999
2018-06-17 00:00:00 UTC,420,-668,316012480,7.4026388888888892
2018-06-17 00:00:00 UTC,420,-682,367345870,9.5169444444444444
2018-06-17 00:00:00 UTC,420,1622,440855000,1.4755555555555555
2018-06-17 00:00:00 UTC,420,-667,316005601,11.45
2018-06-17 00:00:00 UTC,420,-1277,367534310,6.1491666666666669
2018-06-17 00:00:00 UTC,420,-1273,367534310,4.1373611111111108
2018-06-17 00:00:00 UTC,420,150,247122920,0.5904166666666667
2018-06-17 00:00:00 UTC,420,151,247122920,0.59291666666666676
2018-06-17 00:00:00 UTC,420,1623,416758000,2.5647222222222226
2018-06-17 00:00:00 UTC,420,-668,316013560,5.2526388888888889
2018-06-17 00:00:00 UTC,420,-262,263408380,0.34333333333333332
2018-06-17 00:00:00 UTC,420,-667,316003580,6.6011111111111118
2018-06-17 00:00:00 UTC,676,-217,251377000,3.1818055555555556
2018-06-17 00:00:00 UTC,676,-218,251377000,1.3641666666666672
2018-06-17 00:00:00 UTC,676,-219,251377000,1.9718055555555551
2018-06-17 00:00:00 UTC,676,-220,251377000,0.32708333333333328
2018-06-17 00:00:00 UTC,676,-216,251377000,0.29847222222222219
2018-06-17 00:00:00 UTC,676,-188,251226000,2.3756944444444441
2018-06-17 00:00:00 UTC,676,-187,251226000,1.8387500000000003
2018-06-17 00:00:00 UTC,676,-188,251586000,1.2061111111111109
2018-06-17 00:00:00 UTC,676,-187,251586000,0.92805555555555552
2018-06-17 00:00:00 UTC,676,-189,251586000,0.46736111111111112
2018-06-17 00:00:00 UTC,676,-186,251586000,0.47472222222222227
2018-06-17 00:00:00 UTC,-348,-445,224160000,1.4458333333333333
2018-06-17 00:00:00 UTC,-348,-440,224160000,1.2477777777777779
2018-06-17 00:00:00 UTC,-348,1360,503031040,0.10375000000000001
2018-06-17 00:00:00 UTC,-348,184,601301000,1.3955555555555554
2018-06-17 00:00:00 UTC,-348,618,416229900,2.2481944444444442
2018-06-17 00:00:00 UTC,-348,183,601482000,3.37263888888889
2018-06-17 00:00:00 UTC,-348,183,601087000,2.8709722222222225
2018-06-17 00:00:00 UTC,-348,184,601087000,0.89166666666666661
2018-06-17 00:00:00 UTC,-348,-1737,576649000,1.7136111111111108
2018-06-17 00:00:00 UTC,-348,184,601182000,0.76569444444444446
2018-06-17 00:00:00 UTC,-348,183,601182000,1.7358333333333333
2018-06-17 00:00:00 UTC,-348,605,664062000,0.4375
2018-06-17 00:00:00 UTC,-348,326,664104000,0.5656944444444445
2018-06-17 00:00:00 UTC,-348,334,664104000,0.3684722222222222
2018-06-17 00:00:00 UTC,-348,331,664104000,0.42000000000000004
2018-06-17 00:00:00 UTC,-348,333,664104000,1.5991666666666666
2018-06-17 00:00:00 UTC,-348,328,664104000,0.68736111111111109
2018-06-17 00:00:00 UTC,-348,329,664104000,1.9673611111111113
2018-06-17 00:00:00 UTC,-348,330,664104000,0.2961111111111111
2018-06-17 00:00:00 UTC,-348,327,664104000,1.1276388888888889
2018-06-17 00:00:00 UTC,-348,616,416004427,3.0290277777777774
2018-06-17 00:00:00 UTC,-348,751,416775000,2.5168055555555546
2018-06-17 00:00:00 UTC,-348,750,416775000,2.2120833333333318
2018-06-17 00:00:00 UTC,-348,1634,416081500,0.63527777777777772
2018-06-17 00:00:00 UTC,-348,1629,416081500,0.23791666666666667
2018-06-17 00:00:00 UTC,-348,429,416002659,2.5525
2018-06-17 00:00:00 UTC,-348,1669,576890000,1.0320833333333332
2018-06-17 00:00:00 UTC,-348,1358,503034770,0.12569444444444444
2018-06-17 00:00:00 UTC,-348,1360,503034770,0.69861111111111107
2018-06-17 00:00:00 UTC,-348,1359,503034770,0.23750000000000002
2018-06-17 00:00:00 UTC,-348,454,416212900,1.0169444444444444
2018-06-17 00:00:00 UTC,-348,744,416558000,1.4361111111111111
2018-06-17 00:00:00 UTC,-348,184,601220800,0.58763888888888893
2018-06-17 00:00:00 UTC,-348,183,601220800,1.0715277777777779
2018-06-17 00:00:00 UTC,-348,245,601762000,5.00263888888889
2018-06-17 00:00:00 UTC,-348,246,601762000,0.46236111111111111
2018-06-17 00:00:00 UTC,-348,242,601762000,1.4063888888888885
2018-06-17 00:00:00 UTC,-348,243,601762000,1.2308333333333332
2018-06-17 00:00:00 UTC,-348,244,601762000,2.9902777777777776
2018-06-17 00:00:00 UTC,-348,241,601762000,0.2663888888888889
2018-06-17 00:00:00 UTC,-348,325,416003800,1.4461111111111111
2018-06-17 00:00:00 UTC,-348,324,416003800,0.050138888888888893
2018-06-17 00:00:00 UTC,-348,183,601195500,1.275138888888889
2018-06-17 00:00:00 UTC,-348,-1761,81561325,1.1597222222222223
2018-06-17 00:00:00 UTC,-348,-1759,81561325,1.2109722222222221
2018-06-17 00:00:00 UTC,-348,-1760,81561325,1.4630555555555556
2018-06-17 00:00:00 UTC,-348,-544,770576112,0.35194444444444445
2018-06-17 00:00:00 UTC,-348,-1760,576726000,1.7634722222222223
2018-06-17 00:00:00 UTC,-348,-1759,576726000,1.7543055555555556
2018-06-17 00:00:00 UTC,-348,-1761,576726000,0.59986111111111118
2018-06-17 00:00:00 UTC,-348,250,601718000,1.045
2018-06-17 00:00:00 UTC,-348,337,664139000,1.1444444444444444
2018-06-17 00:00:00 UTC,-348,336,664139000,1.17
2018-06-17 00:00:00 UTC,-348,335,664139000,0.68152777777777773
2018-06-17 00:00:00 UTC,-348,599,664075000,2.535416666666666
2018-06-17 00:00:00 UTC,-92,-1766,416002569,0.1
2018-06-17 00:00:00 UTC,-92,-1765,416002569,0.85347222222222219
2018-06-17 00:00:00 UTC,-92,-1767,416002569,1.4600000000000002
2018-06-17 00:00:00 UTC,-92,126,224148000,1.2727777777777778
2018-06-17 00:00:00 UTC,-92,126,224393000,4.6262499999999989
2018-06-17 00:00:00 UTC,-92,1667,412420433,3.1594444444444445
2018-06-17 00:00:00 UTC,-92,-1611,412460113,0.2036111111111111
2018-06-17 00:00:00 UTC,-92,-1608,412460113,0.29875
2018-06-17 00:00:00 UTC,-92,-1610,412460113,3.9608333333333334
2018-06-17 00:00:00 UTC,-92,-1609,412460113,1.0254166666666669
2018-06-17 00:00:00 UTC,-92,-1602,412460113,0.51999999999999991
2018-06-17 00:00:00 UTC,-92,-1312,431700830,1.4569444444444444
2018-06-17 00:00:00 UTC,-92,649,416000464,1.2670833333333333
2018-06-17 00:00:00 UTC,-92,126,659415000,3.09
2018-06-17 00:00:00 UTC,-92,622,417000675,2.3040277777777778
2018-06-17 00:00:00 UTC,-92,626,417000675,2.4758333333333336
2018-06-17 00:00:00 UTC,-92,623,417000675,10.967777777777776
2018-06-17 00:00:00 UTC,-92,1618,416004582,1.641111111111111
2018-06-17 00:00:00 UTC,-92,1619,416004582,9.7423611111111121
2018-06-17 00:00:00 UTC,-92,-1587,412460007,1.7295833333333333
2018-06-17 00:00:00 UTC,-92,125,603100137,3.7247222222222223
2018-06-17 00:00:00 UTC,165,-1625,367516940,0.83069444444444451
2018-06-17 00:00:00 UTC,165,-1623,367480150,4.170694444444444
2018-06-17 00:00:00 UTC,165,-1577,367128410,2.1500000000000004
2018-06-17 00:00:00 UTC,165,-1576,367128410,1.9556944444444442
2018-06-17 00:00:00 UTC,165,-1578,368030050,2.049722222222222
2018-06-17 00:00:00 UTC,165,-1577,368030050,0.23319444444444443
2018-06-17 00:00:00 UTC,165,-1629,367492480,0.86569444444444454
2018-06-17 00:00:00 UTC,165,-1627,367492480,4.6395833333333334
2018-06-17 00:00:00 UTC,165,-1628,367492480,2.4111111111111105
2018-06-17 00:00:00 UTC,165,1531,416002751,0.27416666666666667
2018-06-17 00:00:00 UTC,165,1521,431001322,2.8043055555555556
2018-06-17 00:00:00 UTC,165,1513,431001322,0.92583333333333329
2018-06-17 00:00:00 UTC,165,1514,431001322,0.9916666666666667
2018-06-17 00:00:00 UTC,165,1516,431001322,1.9333333333333333
2018-06-17 00:00:00 UTC,165,-524,412440561,3.7369444444444442
2018-06-17 00:00:00 UTC,165,-519,412440561,2.2815277777777778
2018-06-17 00:00:00 UTC,165,-523,412440561,0.576111111111111
2018-06-17 00:00:00 UTC,165,-518,412440561,2.3697222222222214
2018-06-17 00:00:00 UTC,165,-522,412440561,0.63527777777777783
2018-06-17 00:00:00 UTC,165,-521,412440561,4.1120833333333335
2018-06-17 00:00:00 UTC,165,-517,412440561,4.9677777777777781
2018-06-17 00:00:00 UTC,165,-520,412440561,0.85722222222222222
2018-06-17 00:00:00 UTC,421,149,247102720,0.84027777777777779
2018-06-17 00:00:00 UTC,421,148,247102720,0.65541666666666665
2018-06-17 00:00:00 UTC,421,-634,316030469,0.10541666666666666
2018-06-17 00:00:00 UTC,421,-635,316030469,0.675138888888889
2018-06-17 00:00:00 UTC,421,150,247102730,1.3793055555555556
2018-06-17 00:00:00 UTC,421,-662,316013590,3.1752777777777781
2018-06-17 00:00:00 UTC,421,-661,316013590,5.1308333333333325
2018-06-17 00:00:00 UTC,421,-660,316013590,0.929861111111111
2018-06-17 00:00:00 UTC,421,-1247,366047000,9.4466666666666654
2018-06-17 00:00:00 UTC,421,-1248,366047000,4.5463888888888881
2018-06-17 00:00:00 UTC,421,-209,224155950,0.11722222222222223
2018-06-17 00:00:00 UTC,421,-210,224155950,0.67944444444444441
2018-06-17 00:00:00 UTC,421,148,247111480,1.6781944444444443
2018-06-17 00:00:00 UTC,421,-636,316028476,4.8402777777777777
2018-06-17 00:00:00 UTC,421,152,247100490,0.54875000000000007
2018-06-17 00:00:00 UTC,421,151,247100490,0.39416666666666667
2018-06-17 00:00:00 UTC,421,1622,440060000,2.23125
2018-06-17 00:00:00 UTC,421,1622,441713000,2.51375
2018-06-17 00:00:00 UTC,421,160,247126890,0.62097222222222226
2018-06-17 00:00:00 UTC,421,148,247280760,0.55972222222222223
2018-06-17 00:00:00 UTC,421,152,247100290,0.28486111111111112
2018-06-17 00:00:00 UTC,421,151,247100290,1.3831944444444444
2018-06-17 00:00:00 UTC,421,-523,224052370,1.7337500000000001
2018-06-17 00:00:00 UTC,421,-207,224031640,0.76680555555555552
2018-06-17 00:00:00 UTC,421,-206,224031640,0.28291666666666665
2018-06-17 00:00:00 UTC,421,-358,224020890,1.1393055555555556
2018-06-17 00:00:00 UTC,421,-361,224020890,0.33847222222222217
2018-06-17 00:00:00 UTC,421,-359,224020890,0.4720833333333333
2018-06-17 00:00:00 UTC,421,-362,224020890,0.99972222222222218
2018-06-17 00:00:00 UTC,421,-206,224195750,0.56930555555555551
2018-06-17 00:00:00 UTC,421,148,247100590,0.30861111111111111
2018-06-17 00:00:00 UTC,421,-470,263512000,0.23736111111111111
2018-06-17 00:00:00 UTC,421,-669,316012480,0.35305555555555562
2018-06-17 00:00:00 UTC,421,1624,412440513,0.56541666666666668
2018-06-17 00:00:00 UTC,421,-94,224085960,0.25472222222222218
2018-06-17 00:00:00 UTC,421,183,238921940,1.4986111111111111
2018-06-17 00:00:00 UTC,421,1622,440855000,0.29888888888888887
2018-06-17 00:00:00 UTC,421,-1277,367534310,5.9875
2018-06-17 00:00:00 UTC,421,-1271,367534310,2.8086111111111109
2018-06-17 00:00:00 UTC,421,1623,416758000,2.5075
2018-06-17 00:00:00 UTC,677,-219,251377000,1.0013888888888889
2018-06-17 00:00:00 UTC,677,132,257081240,0.26652777777777781
2018-06-17 00:00:00 UTC,677,131,257081240,0.2747222222222222
2018-06-17 00:00:00 UTC,677,130,257156040,0.1373611111111111
2018-06-17 00:00:00 UTC,677,131,257156040,0.07375
2018-06-17 00:00:00 UTC,677,-194,251586000,3.5066666666666673
2018-06-17 00:00:00 UTC,677,-189,251586000,0.52166666666666672
2018-06-17 00:00:00 UTC,677,-192,251586000,4.7879166666666686
2018-06-17 00:00:00 UTC,677,-190,251586000,0.24958333333333332
2018-06-17 00:00:00 UTC,677,-193,251586000,3.5044444444444443
2018-06-17 00:00:00 UTC,677,-191,251586000,0.4259722222222222
2018-06-17 00:00:00 UTC,-347,-440,224160000,2.4854166666666671
2018-06-17 00:00:00 UTC,-347,-445,224160000,0.31222222222222218
2018-06-17 00:00:00 UTC,-347,1360,503031040,0.76888888888888884
2018-06-17 00:00:00 UTC,-347,182,601301000,0.13305555555555557
2018-06-17 00:00:00 UTC,-347,543,533333003,0.70555555555555549
2018-06-17 00:00:00 UTC,-347,618,416229900,2.2015277777777769
2018-06-17 00:00:00 UTC,-347,183,601482000,2.2980555555555555
2018-06-17 00:00:00 UTC,-347,418,416004369,2.8775
2018-06-17 00:00:00 UTC,-347,182,601087000,6.5855555555555565
2018-06-17 00:00:00 UTC,-347,183,601087000,6.5327777777777793
2018-06-17 00:00:00 UTC,-347,-1738,576649000,0.571388888888889
2018-06-17 00:00:00 UTC,-347,-1736,576649000,0.11402777777777778
2018-06-17 00:00:00 UTC,-347,-1737,576649000,1.0579166666666668
2018-06-17 00:00:00 UTC,-347,182,601182000,1.2723611111111111
2018-06-17 00:00:00 UTC,-347,183,601182000,4.4290277777777787
2018-06-17 00:00:00 UTC,-347,184,601182000,3.0041666666666669
2018-06-17 00:00:00 UTC,-347,185,601182000,0.50152777777777779
2018-06-17 00:00:00 UTC,-347,604,664062000,1.7498611111111113
2018-06-17 00:00:00 UTC,-347,605,664062000,0.81263888888888891
2018-06-17 00:00:00 UTC,-347,326,664104000,0.37916666666666665
2018-06-17 00:00:00 UTC,-347,324,664104000,0.56819444444444445
2018-06-17 00:00:00 UTC,-347,330,664104000,0.83791666666666675
2018-06-17 00:00:00 UTC,-347,325,664104000,0.54569444444444448
2018-06-17 00:00:00 UTC,-347,331,664104000,2.20625
2018-06-17 00:00:00 UTC,-347,616,416004427,2.3415277777777779
2018-06-17 00:00:00 UTC,-347,615,416004427,1.54
2018-06-17 00:00:00 UTC,-347,751,416775000,1.6818055555555556
2018-06-17 00:00:00 UTC,-347,750,416775000,1.5870833333333332
2018-06-17 00:00:00 UTC,-347,749,416775000,0.29569444444444448
2018-06-17 00:00:00 UTC,-347,1630,416081500,0.83319444444444446
2018-06-17 00:00:00 UTC,-347,1629,416081500,0.76138888888888889
2018-06-17 00:00:00 UTC,-347,1633,416081500,1.2949999999999997
2018-06-17 00:00:00 UTC,-347,1634,416081500,1.6640277777777779
2018-06-17 00:00:00 UTC,-347,1632,416081500,0.12486111111111112
2018-06-17 00:00:00 UTC,-347,1361,503583100,0.16652777777777777
2018-06-17 00:00:00 UTC,-347,319,416741000,0.21166666666666667
2018-06-17 00:00:00 UTC,-347,320,416741000,0.48791666666666678
2018-06-17 00:00:00 UTC,-347,1669,576890000,0.72888888888888892
2018-06-17 00:00:00 UTC,-347,1360,503034770,1.2351388888888888
2018-06-17 00:00:00 UTC,-347,1662,416367000,0.72736111111111112
2018-06-17 00:00:00 UTC,-347,454,416212900,0.72819444444444448
2018-06-17 00:00:00 UTC,-347,213,601241000,0.57875
2018-06-17 00:00:00 UTC,-347,210,601241000,1.612222222222222
2018-06-17 00:00:00 UTC,-347,208,601241000,0.56388888888888888
2018-06-17 00:00:00 UTC,-347,209,601241000,1.7093055555555552
2018-06-17 00:00:00 UTC,-347,212,601241000,0.58583333333333332
2018-06-17 00:00:00 UTC,-347,745,416558000,1.7045833333333333
2018-06-17 00:00:00 UTC,-347,746,416558000,1.9954166666666664
2018-06-17 00:00:00 UTC,-347,747,416558000,0.25805555555555554
2018-06-17 00:00:00 UTC,-347,418,416175800,4.2601388888888891
2018-06-17 00:00:00 UTC,-347,1632,416081600,1.0011111111111108
2018-06-17 00:00:00 UTC,-347,182,601220800,1.0306944444444446
2018-06-17 00:00:00 UTC,-347,183,601220800,2.9143055555555555
2018-06-17 00:00:00 UTC,-347,184,601220800,2.2086111111111109
2018-06-17 00:00:00 UTC,-347,1664,431298000,0.878611111111111
2018-06-17 00:00:00 UTC,-347,1665,431298000,0.56402777777777779
2018-06-17 00:00:00 UTC,-347,246,601762000,1.2555555555555555
2018-06-17 00:00:00 UTC,-347,248,601762000,0.10180555555555555
2018-06-17 00:00:00 UTC,-347,247,601762000,0.88388888888888917
2018-06-17 00:00:00 UTC,-347,249,601762000,2.6648611111111107
2018-06-17 00:00:00 UTC,-347,245,601762000,0.081944444444444445
2018-06-17 00:00:00 UTC,-347,1665,432962000,0.58680555555555558
2018-06-17 00:00:00 UTC,-347,1664,432962000,2.1691666666666665
2018-06-17 00:00:00 UTC,-347,1659,416641000,0.40638888888888886
2018-06-17 00:00:00 UTC,-347,1658,416641000,2.963888888888889
2018-06-17 00:00:00 UTC,-347,1657,416641000,1.2068055555555555
2018-06-17 00:00:00 UTC,-347,183,601195500,1.5765277777777773
2018-06-17 00:00:00 UTC,-347,-1762,81561325,1.1765277777777778
2018-06-17 00:00:00 UTC,-347,-1761,81561325,1.13625
2018-06-17 00:00:00 UTC,-347,-1762,576726000,1.3336111111111106
2018-06-17 00:00:00 UTC,-347,-1761,576726000,1.199861111111111
2018-06-17 00:00:00 UTC,-347,250,601718000,0.25
2018-06-17 00:00:00 UTC,-347,252,601718000,1.1397222222222223
2018-06-17 00:00:00 UTC,-347,253,601718000,0.13763888888888889
2018-06-17 00:00:00 UTC,-347,251,601718000,1.1476388888888889
2018-06-17 00:00:00 UTC,-347,1655,416779000,1.2141666666666664
2018-06-17 00:00:00 UTC,-347,1654,416779000,1.62625
2018-06-17 00:00:00 UTC,-347,330,664139000,0.1175
2018-06-17 00:00:00 UTC,-347,333,664139000,0.79569444444444448
2018-06-17 00:00:00 UTC,-347,332,664139000,0.54625
2018-06-17 00:00:00 UTC,-347,335,664139000,0.40930555555555548
2018-06-17 00:00:00 UTC,-347,334,664139000,0.97333333333333338
2018-06-17 00:00:00 UTC,-347,599,664075000,2.5130555555555558
2018-06-17 00:00:00 UTC,-91,126,603100160,1.3377777777777777
2018-06-17 00:00:00 UTC,-91,127,603100160,0.0975
2018-06-17 00:00:00 UTC,-91,-1773,412331009,0.78013888888888894
2018-06-17 00:00:00 UTC,-91,-1766,416002569,0.917638888888889
2018-06-17 00:00:00 UTC,-91,-1767,416002569,1.1895833333333332
2018-06-17 00:00:00 UTC,-91,126,224148000,2.0218055555555559
2018-06-17 00:00:00 UTC,-91,127,224148000,0.53402777777777777
2018-06-17 00:00:00 UTC,-91,126,224393000,0.943888888888889
2018-06-17 00:00:00 UTC,-91,127,224393000,0.631388888888889
2018-06-17 00:00:00 UTC,-91,-1313,431700830,0.73680555555555549
2018-06-17 00:00:00 UTC,-91,647,416000464,2.1529166666666666
2018-06-17 00:00:00 UTC,-91,650,416000464,0.70583333333333331
2018-06-17 00:00:00 UTC,-91,649,416000464,0.64944444444444449
2018-06-17 00:00:00 UTC,-91,127,659415000,1.2506944444444443
2018-06-17 00:00:00 UTC,-91,631,417000675,0.55388888888888888
2018-06-17 00:00:00 UTC,-91,630,417000675,0.0926388888888889
2018-06-17 00:00:00 UTC,-91,1618,416004582,5.4540277777777773
2018-06-17 00:00:00 UTC,-91,-1587,412460007,0.36694444444444441
2018-06-17 00:00:00 UTC,-91,-1588,412460007,1.4693055555555559
2018-06-17 00:00:00 UTC,-91,-1589,412460007,0.56305555555555564
2018-06-17 00:00:00 UTC,166,-1579,367359000,3.9518055555555547
2018-06-17 00:00:00 UTC,166,-1580,367359000,2.4413888888888891
2018-06-17 00:00:00 UTC,166,-1627,367492480,0.45208333333333334
2018-06-17 00:00:00 UTC,166,-1587,367107250,1.5579166666666664
2018-06-17 00:00:00 UTC,166,-1585,367107250,2.2405555555555559
2018-06-17 00:00:00 UTC,166,-1586,367107250,1.4197222222222223
2018-06-17 00:00:00 UTC,166,-1588,367107250,0.39138888888888884
2018-06-17 00:00:00 UTC,166,-1584,367107250,3.3620833333333344
2018-06-17 00:00:00 UTC,166,1392,431277000,0.46777777777777774
2018-06-17 00:00:00 UTC,166,1390,431277000,3.02875
2018-06-17 00:00:00 UTC,166,1391,431277000,3.8531944444444446
2018-06-17 00:00:00 UTC,422,148,247104260,0.54555555555555557
2018-06-17 00:00:00 UTC,422,-703,367356690,4.5643055555555554
2018-06-17 00:00:00 UTC,422,-702,367356690,6.0372222222222236
2018-06-17 00:00:00 UTC,422,-655,316013590,0.40263888888888888
2018-06-17 00:00:00 UTC,422,-656,316013590,1.0775
2018-06-17 00:00:00 UTC,422,-662,316013590,0.79194444444444434
2018-06-17 00:00:00 UTC,422,-661,316013590,1.2419444444444445
2018-06-17 00:00:00 UTC,422,-1247,366047000,2.6527777777777777
2018-06-17 00:00:00 UTC,422,-1248,366047000,4.587361111111111
2018-06-17 00:00:00 UTC,422,149,247253540,0.26819444444444446
2018-06-17 00:00:00 UTC,422,148,247253540,0.31236111111111109
2018-06-17 00:00:00 UTC,422,-209,224155950,0.98041666666666683
2018-06-17 00:00:00 UTC,422,146,247080240,0.51097222222222227
2018-06-17 00:00:00 UTC,422,145,247080240,0.70805555555555555
2018-06-17 00:00:00 UTC,422,-638,316028476,7.887777777777778
2018-06-17 00:00:00 UTC,422,152,247100490,0.28597222222222218
2018-06-17 00:00:00 UTC,422,146,247100020,0.26402777777777775
2018-06-17 00:00:00 UTC,422,145,247100020,0.81680555555555556
2018-06-17 00:00:00 UTC,422,145,247100540,0.54708333333333337
2018-06-17 00:00:00 UTC,422,152,247100290,0.27097222222222223
2018-06-17 00:00:00 UTC,422,-700,366839940,1.2626388888888889
2018-06-17 00:00:00 UTC,422,145,247100550,0.48333333333333339
2018-06-17 00:00:00 UTC,422,-207,224031640,0.78569444444444447
2018-06-17 00:00:00 UTC,422,-358,224020890,4.127361111111111
2018-06-17 00:00:00 UTC,422,-357,224020890,2.4884722222222222
2018-06-17 00:00:00 UTC,422,-206,224195750,0.77444444444444449
2018-06-17 00:00:00 UTC,422,-700,367602610,0.46694444444444444
2018-06-17 00:00:00 UTC,422,146,247087540,0.36652777777777779
2018-06-17 00:00:00 UTC,422,145,247087540,0.6415277777777777
2018-06-17 00:00:00 UTC,422,146,247101630,0.54027777777777786
2018-06-17 00:00:00 UTC,422,145,247101630,0.62902777777777774
2018-06-17 00:00:00 UTC,422,-470,263512000,0.59208333333333329
2018-06-17 00:00:00 UTC,422,-94,224085960,5.9951388888888886
2018-06-17 00:00:00 UTC,422,-93,224085960,1.6694444444444443
2018-06-17 00:00:00 UTC,422,187,262500047,1.7543055555555553
2018-06-17 00:00:00 UTC,422,186,262500047,3.0269444444444442
2018-06-17 00:00:00 UTC,422,187,262500048,1.4640277777777779
2018-06-17 00:00:00 UTC,422,188,262500048,0.59277777777777785
2018-06-17 00:00:00 UTC,422,186,262500048,6.7873611111111112
2018-06-17 00:00:00 UTC,422,185,262500048,1.2905555555555555
2018-06-17 00:00:00 UTC,422,183,238921940,4.4054166666666665
2018-06-17 00:00:00 UTC,422,182,238921940,0.8768055555555555
2018-06-17 00:00:00 UTC,422,186,262500055,3.1077777777777778
2018-06-17 00:00:00 UTC,422,187,262500055,0.55180555555555555
2018-06-17 00:00:00 UTC,422,-1271,367534310,1.5583333333333333
2018-06-17 00:00:00 UTC,422,146,247100920,0.86583333333333334
2018-06-17 00:00:00 UTC,678,132,257156040,0.1488888888888889
2018-06-17 00:00:00 UTC,678,133,257156040,1.7413888888888887
2018-06-17 00:00:00 UTC,678,-192,251586000,1.4452777777777777
2018-06-17 00:00:00 UTC,678,-193,251586000,1.7318055555555556
2018-06-17 00:00:00 UTC,-346,-441,224160000,0.5788888888888889
2018-06-17 00:00:00 UTC,-346,-440,224160000,1.181111111111111
2018-06-17 00:00:00 UTC,-346,-445,224160000,0.11374999999999999
2018-06-17 00:00:00 UTC,-346,542,533333003,5.0747222222222215
2018-06-17 00:00:00 UTC,-346,543,533333003,0.57819444444444434
2018-06-17 00:00:00 UTC,-346,618,416229900,5.2870833333333334
2018-06-17 00:00:00 UTC,-346,418,416004369,5.7872222222222227
2018-06-17 00:00:00 UTC,-346,183,601087000,2.6773611111111113
2018-06-17 00:00:00 UTC,-346,212,601492000,1.7404166666666669
2018-06-17 00:00:00 UTC,-346,209,601492000,1.1440277777777779
2018-06-17 00:00:00 UTC,-346,211,601492000,0.29652777777777778
2018-06-17 00:00:00 UTC,-346,183,601182000,2.9034722222222222
2018-06-17 00:00:00 UTC,-346,182,601182000,3.0997222222222232
2018-06-17 00:00:00 UTC,-346,184,601182000,0.99430555555555544
2018-06-17 00:00:00 UTC,-346,603,664062000,0.27861111111111109
2018-06-17 00:00:00 UTC,-346,604,664062000,1.881111111111111
2018-06-17 00:00:00 UTC,-346,614,416004427,1.3722222222222222
2018-06-17 00:00:00 UTC,-346,616,416004427,0.27708333333333335
2018-06-17 00:00:00 UTC,-346,615,416004427,0.74055555555555552
2018-06-17 00:00:00 UTC,-346,750,416775000,1.7915277777777769
2018-06-17 00:00:00 UTC,-346,749,416775000,0.55402777777777779
2018-06-17 00:00:00 UTC,-346,751,416775000,1.691944444444444
2018-06-17 00:00:00 UTC,-346,752,416775000,1.3533333333333331
2018-06-17 00:00:00 UTC,-346,246,601254000,0.7911111111111111
2018-06-17 00:00:00 UTC,-346,1669,576890000,1.4381944444444446
2018-06-17 00:00:00 UTC,-346,1661,416367000,2.59625
2018-06-17 00:00:00 UTC,-346,1660,416367000,0.34152777777777776
2018-06-17 00:00:00 UTC,-346,1662,416367000,0.4341666666666667
2018-06-17 00:00:00 UTC,-346,410,200041634,1.9659722222222222
2018-06-17 00:00:00 UTC,-346,454,416212900,1.1293055555555558
2018-06-17 00:00:00 UTC,-346,212,601241000,2.2122222222222221
2018-06-17 00:00:00 UTC,-346,211,601241000,4.8568055555555514
2018-06-17 00:00:00 UTC,-346,213,601241000,0.5541666666666667
2018-06-17 00:00:00 UTC,-346,210,601241000,0.3898611111111111
2018-06-17 00:00:00 UTC,-346,747,416558000,2.4795833333333337
2018-06-17 00:00:00 UTC,-346,748,416558000,0.75194444444444453
2018-06-17 00:00:00 UTC,-346,416,416175800,0.72055555555555562
2018-06-17 00:00:00 UTC,-346,418,416175800,3.7504166666666667
2018-06-17 00:00:00 UTC,-346,417,416175800,1.650138888888889
2018-06-17 00:00:00 UTC,-346,180,601220800,0.68625
2018-06-17 00:00:00 UTC,-346,183,601220800,1.2209722222222221
2018-06-17 00:00:00 UTC,-346,182,601220800,8.2179166666666728
2018-06-17 00:00:00 UTC,-346,181,601220800,1.5238888888888888
2018-06-17 00:00:00 UTC,-346,1664,431298000,1.1488888888888888
2018-06-17 00:00:00 UTC,-346,1663,431298000,0.48930555555555555
2018-06-17 00:00:00 UTC,-346,1664,432962000,0.15625
2018-06-17 00:00:00 UTC,-346,1662,432962000,1.1480555555555554
2018-06-17 00:00:00 UTC,-346,1663,432962000,2.1627777777777779
2018-06-17 00:00:00 UTC,-346,787,416173800,1.5173611111111114
2018-06-17 00:00:00 UTC,-346,788,416173800,0.11402777777777777
2018-06-17 00:00:00 UTC,-346,1655,416641000,1.0499999999999998
2018-06-17 00:00:00 UTC,-346,1656,416641000,0.92194444444444434
2018-06-17 00:00:00 UTC,-346,1654,416641000,1.27875
2018-06-17 00:00:00 UTC,-346,1657,416641000,0.64222222222222225
2018-06-17 00:00:00 UTC,-346,183,601195500,1.1156944444444445
2018-06-17 00:00:00 UTC,-346,253,601718000,1.2320833333333332
2018-06-17 00:00:00 UTC,-346,254,601718000,1.3580555555555556
2018-06-17 00:00:00 UTC,-346,255,601718000,0.4258333333333334
2018-06-17 00:00:00 UTC,-346,1653,416779000,0.49166666666666664
2018-06-17 00:00:00 UTC,-346,1654,416779000,1.34375
2018-06-17 00:00:00 UTC,-346,330,664139000,0.781388888888889
2018-06-17 00:00:00 UTC,-346,332,664139000,0.69625
2018-06-17 00:00:00 UTC,-346,331,664139000,1.1329166666666666
2018-06-17 00:00:00 UTC,-346,599,664075000,2.2793055555555557
2018-06-17 00:00:00 UTC,-346,598,664075000,0.50611111111111107
2018-06-17 00:00:00 UTC,-346,1669,416053500,5.283611111111111
2018-06-17 00:00:00 UTC,-346,1667,416053500,0.30777777777777776
2018-06-17 00:00:00 UTC,-346,1666,416053500,0.93763888888888891
2018-06-17 00:00:00 UTC,-90,128,603100160,2.6056944444444445
2018-06-17 00:00:00 UTC,-90,127,603100160,1.1666666666666665
2018-06-17 00:00:00 UTC,-90,-1773,412331009,1.5458333333333334
2018-06-17 00:00:00 UTC,-90,-1772,412331009,1.1847222222222222
2018-06-17 00:00:00 UTC,-90,-1767,416002569,2.5005555555555552
2018-06-17 00:00:00 UTC,-90,-1766,416002569,0.17569444444444443
2018-06-17 00:00:00 UTC,-90,127,224148000,1.1495833333333334
2018-06-17 00:00:00 UTC,-90,127,224393000,0.49680555555555556
2018-06-17 00:00:00 UTC,-90,128,224393000,0.73694444444444451
2018-06-17 00:00:00 UTC,-90,1667,412420433,2.7697222222222218
2018-06-17 00:00:00 UTC,-90,1682,412420436,1.5134722222222221
2018-06-17 00:00:00 UTC,-90,684,416002496,4.2281944444444441
2018-06-17 00:00:00 UTC,-90,685,416002496,7.7756944444444445
2018-06-17 00:00:00 UTC,-90,646,416000464,1.2830555555555556
2018-06-17 00:00:00 UTC,-90,645,416000464,1.5627777777777778
2018-06-17 00:00:00 UTC,-90,644,416000464,1.1586111111111113
2018-06-17 00:00:00 UTC,-90,648,416000464,0.78402777777777777
2018-06-17 00:00:00 UTC,-90,649,416000464,0.3
2018-06-17 00:00:00 UTC,-90,647,416000464,1.5286111111111111
2018-06-17 00:00:00 UTC,-90,128,659415000,1.1531944444444442
2018-06-17 00:00:00 UTC,-90,127,659415000,0.31444444444444447
2018-06-17 00:00:00 UTC,-90,632,417000675,1.0227777777777778
2018-06-17 00:00:00 UTC,-90,-1589,412460007,1.2388888888888887
2018-06-17 00:00:00 UTC,-90,-1340,413462010,2.4208333333333334
2018-06-17 00:00:00 UTC,-90,-1338,413462010,3.0077777777777781
2018-06-17 00:00:00 UTC,-90,-1342,413462010,3.608888888888889
2018-06-17 00:00:00 UTC,-90,-1337,413462010,4.0404166666666672
2018-06-17 00:00:00 UTC,-90,-1339,413462010,2.3501388888888894
2018-06-17 00:00:00 UTC,-90,-1344,413462010,3.6636111111111109
2018-06-17 00:00:00 UTC,-90,-1341,413462010,0.69555555555555559
2018-06-17 00:00:00 UTC,167,-1578,367359000,2.6206944444444447
2018-06-17 00:00:00 UTC,167,-1579,367359000,0.90888888888888886
2018-06-17 00:00:00 UTC,167,-1577,367359000,0.3947222222222222
2018-06-17 00:00:00 UTC,167,-1528,367523880,1.2361111111111112
2018-06-17 00:00:00 UTC,167,-1529,367523880,2.5415277777777776
2018-06-17 00:00:00 UTC,167,-1521,367523880,2.1945833333333331
2018-06-17 00:00:00 UTC,167,-1520,367523880,1.179861111111111
2018-06-17 00:00:00 UTC,167,-1530,367523880,5.0165277777777773
2018-06-17 00:00:00 UTC,167,-1570,367159690,0.80458333333333332
2018-06-17 00:00:00 UTC,167,-1571,367159690,0.59486111111111117
2018-06-17 00:00:00 UTC,167,-1589,367107250,1.2756944444444445
2018-06-17 00:00:00 UTC,167,-1588,367107250,1.7086111111111109
2018-06-17 00:00:00 UTC,167,-1590,367107250,2.575277777777778
2018-06-17 00:00:00 UTC,167,-1591,367107250,1.6416666666666666
2018-06-17 00:00:00 UTC,167,1536,416002751,0.57000000000000006
2018-06-17 00:00:00 UTC,167,1390,431277000,0.054027777777777772
2018-06-17 00:00:00 UTC,167,1389,431277000,4.8040277777777787
2018-06-17 00:00:00 UTC,167,-1513,368492000,1.5054166666666664
2018-06-17 00:00:00 UTC,167,-1516,368492000,4.71625
2018-06-17 00:00:00 UTC,167,-1515,368492000,1.15625
2018-06-17 00:00:00 UTC,423,148,247104260,0.27638888888888891
2018-06-17 00:00:00 UTC,423,149,247104260,0.5459722222222223
2018-06-17 00:00:00 UTC,423,145,247101190,0.24888888888888891
2018-06-17 00:00:00 UTC,423,166,247125260,9.114305555555557
2018-06-17 00:00:00 UTC,423,-90,224378390,1.3043055555555556
2018-06-17 00:00:00 UTC,423,144,247103780,0.5025
2018-06-17 00:00:00 UTC,423,145,247103780,0.6069444444444444
2018-06-17 00:00:00 UTC,423,149,247253540,0.53750000000000009
2018-06-17 00:00:00 UTC,423,145,247100460,0.59875000000000012
2018-06-17 00:00:00 UTC,423,144,247100460,0.77361111111111114
2018-06-17 00:00:00 UTC,423,-210,224155950,0.51833333333333331
2018-06-17 00:00:00 UTC,423,-666,316004170,1.3162500000000001
2018-06-17 00:00:00 UTC,423,-665,316004170,0.8666666666666667
2018-06-17 00:00:00 UTC,423,-209,224098640,3.3856944444444443
2018-06-17 00:00:00 UTC,423,145,247100250,1.2759722222222221
2018-06-17 00:00:00 UTC,423,146,247100250,1.0143055555555558
2018-06-17 00:00:00 UTC,423,148,247102810,0.80819444444444455
2018-06-17 00:00:00 UTC,423,149,247102810,0.52930555555555558
2018-06-17 00:00:00 UTC,423,147,247102560,0.54736111111111108
2018-06-17 00:00:00 UTC,423,148,247102560,0.25861111111111112
2018-06-17 00:00:00 UTC,423,-700,366839940,1.5372222222222223
2018-06-17 00:00:00 UTC,423,1414,431010441,2.4627777777777777
2018-06-17 00:00:00 UTC,423,107,247146890,1.0709722222222222
2018-06-17 00:00:00 UTC,423,-379,224099470,0.35041666666666665
2018-06-17 00:00:00 UTC,423,-699,367425680,0.84180555555555547
2018-06-17 00:00:00 UTC,423,-700,367425680,3.7095833333333328
2018-06-17 00:00:00 UTC,423,-207,224031640,3.3570833333333332
2018-06-17 00:00:00 UTC,423,-206,224195750,1.0379166666666666
2018-06-17 00:00:00 UTC,423,-700,367602610,10.605277777777779
2018-06-17 00:00:00 UTC,423,144,247087540,0.3470833333333333
2018-06-17 00:00:00 UTC,423,145,247087540,1.0918055555555557
2018-06-17 00:00:00 UTC,423,-461,263512000,0.57902777777777781
2018-06-17 00:00:00 UTC,423,-469,263512000,1.5374999999999999
2018-06-17 00:00:00 UTC,423,-460,263512000,0.25791666666666668
2018-06-17 00:00:00 UTC,423,-93,224085960,3.7737499999999993
2018-06-17 00:00:00 UTC,423,185,262500047,1.5825
2018-06-17 00:00:00 UTC,423,186,262500047,4.55888888888889
2018-06-17 00:00:00 UTC,423,187,262500047,0.27236111111111111
2018-06-17 00:00:00 UTC,423,185,262500048,1.1941666666666668
2018-06-17 00:00:00 UTC,423,183,238921940,0.27652777777777782
2018-06-17 00:00:00 UTC,423,182,238921940,3.9523611111111108
2018-06-17 00:00:00 UTC,423,181,238921940,3.1097222222222221
2018-06-17 00:00:00 UTC,423,185,262500055,3.020833333333333
2018-06-17 00:00:00 UTC,423,186,262500055,1.524861111111111
2018-06-17 00:00:00 UTC,423,-1271,367534310,1.1248611111111111
2018-06-17 00:00:00 UTC,679,134,257087040,0.26805555555555555
2018-06-17 00:00:00 UTC,679,-572,331165000,9.14916666666667
2018-06-17 00:00:00 UTC,679,-573,331165000,3.9251388888888892
2018-06-17 00:00:00 UTC,679,122,257307220,0.2877777777777778
2018-06-17 00:00:00 UTC,679,123,257307220,0.28333333333333333
2018-06-17 00:00:00 UTC,-345,-441,224160000,0.88944444444444437
2018-06-17 00:00:00 UTC,-345,-445,224160000,0.56305555555555553
2018-06-17 00:00:00 UTC,-345,-442,224160000,0.38083333333333336
2018-06-17 00:00:00 UTC,-345,540,533333003,0.30833333333333335
2018-06-17 00:00:00 UTC,-345,541,533333003,1.1409722222222221
2018-06-17 00:00:00 UTC,-345,618,416229900,1.40375
2018-06-17 00:00:00 UTC,-345,417,416004369,1.0111111111111111
2018-06-17 00:00:00 UTC,-345,418,416004369,3.1168055555555552
2018-06-17 00:00:00 UTC,-345,183,601087000,2.1077777777777778
2018-06-17 00:00:00 UTC,-345,210,601492000,7.225138888888889
2018-06-17 00:00:00 UTC,-345,211,601492000,3.9477777777777776
2018-06-17 00:00:00 UTC,-345,209,601492000,2.2088888888888891
2018-06-17 00:00:00 UTC,-345,182,601182000,0.7879166666666666
2018-06-17 00:00:00 UTC,-345,183,601182000,1.7931944444444448
2018-06-17 00:00:00 UTC,-345,824,412331056,0.14055555555555554
2018-06-17 00:00:00 UTC,-345,602,664062000,0.5773611111111111
2018-06-17 00:00:00 UTC,-345,603,664062000,2.5163888888888888
2018-06-17 00:00:00 UTC,-345,755,416775000,0.09875
2018-06-17 00:00:00 UTC,-345,754,416775000,0.36847222222222226
2018-06-17 00:00:00 UTC,-345,236,601671000,0.97458333333333336
2018-06-17 00:00:00 UTC,-345,235,601671000,1.2622222222222224
2018-06-17 00:00:00 UTC,-345,234,601671000,1.1440277777777776
2018-06-17 00:00:00 UTC,-345,247,601254000,0.78055555555555567
2018-06-17 00:00:00 UTC,-345,249,601254000,0.96277777777777773
2018-06-17 00:00:00 UTC,-345,250,601254000,0.5625
2018-06-17 00:00:00 UTC,-345,248,601254000,1.4176388888888891
2018-06-17 00:00:00 UTC,-345,246,601254000,2.1418055555555555
2018-06-17 00:00:00 UTC,-345,1669,576890000,0.91416666666666679
2018-06-17 00:00:00 UTC,-345,1659,416367000,0.55763888888888891
2018-06-17 00:00:00 UTC,-345,1660,416367000,1.7181944444444444
2018-06-17 00:00:00 UTC,-345,178,601807000,1.7838888888888886
2018-06-17 00:00:00 UTC,-345,179,601807000,0.4341666666666667
2018-06-17 00:00:00 UTC,-345,410,200041634,1.0420833333333333
2018-06-17 00:00:00 UTC,-345,454,416212900,2.2795833333333335
2018-06-17 00:00:00 UTC,-345,420,200042406,3.25375
2018-06-17 00:00:00 UTC,-345,209,601241000,2.137777777777778
2018-06-17 00:00:00 UTC,-345,210,601241000,1.0481944444444444
2018-06-17 00:00:00 UTC,-345,208,601241000,0.37361111111111112
2018-06-17 00:00:00 UTC,-345,748,416558000,1.1308333333333331
2018-06-17 00:00:00 UTC,-345,749,416558000,1.0931944444444444
2018-06-17 00:00:00 UTC,-345,415,416175800,0.82333333333333325
2018-06-17 00:00:00 UTC,-345,414,416175800,0.31999999999999995
2018-06-17 00:00:00 UTC,-345,416,416175800,2.4629166666666666
2018-06-17 00:00:00 UTC,-345,182,601220800,1.1826388888888888
2018-06-17 00:00:00 UTC,-345,1664,431702470,0.87375000000000014
2018-06-17 00:00:00 UTC,-345,1663,431702470,0.22430555555555556
2018-06-17 00:00:00 UTC,-345,1665,431702470,1.5766666666666664
2018-06-17 00:00:00 UTC,-345,1662,431298000,0.703472222222222
2018-06-17 00:00:00 UTC,-345,1663,431298000,0.1325
2018-06-17 00:00:00 UTC,-345,1661,431298000,0.15402777777777776
2018-06-17 00:00:00 UTC,-345,1660,432962000,0.83430555555555552
2018-06-17 00:00:00 UTC,-345,1661,432962000,1.4224999999999999
2018-06-17 00:00:00 UTC,-345,235,601484000,0.10722222222222222
2018-06-17 00:00:00 UTC,-345,237,601484000,1.1623611111111112
2018-06-17 00:00:00 UTC,-345,236,601484000,1.5429166666666667
2018-06-17 00:00:00 UTC,-345,238,601484000,1.3702777777777777
2018-06-17 00:00:00 UTC,-345,239,601484000,0.14708333333333334
2018-06-17 00:00:00 UTC,-345,788,416173800,2.32625
2018-06-17 00:00:00 UTC,-345,1654,416641000,0.46041666666666664
2018-06-17 00:00:00 UTC,-345,1655,416641000,0.53805555555555551
2018-06-17 00:00:00 UTC,-345,183,601195500,0.2036111111111111
2018-06-17 00:00:00 UTC,-345,221,601238000,1.3919444444444447
2018-06-17 00:00:00 UTC,-345,255,601718000,1.0254166666666666
2018-06-17 00:00:00 UTC,-345,256,601718000,3.6047222222222222
2018-06-17 00:00:00 UTC,-345,258,601718000,2.8274999999999997
2018-06-17 00:00:00 UTC,-345,257,601718000,2.7405555555555554
2018-06-17 00:00:00 UTC,-345,1651,416779000,0.56305555555555553
2018-06-17 00:00:00 UTC,-345,1652,416779000,0.33055555555555555
2018-06-17 00:00:00 UTC,-345,1649,416779000,0.60222222222222221
2018-06-17 00:00:00 UTC,-345,-1755,576843000,0.74708333333333332
2018-06-17 00:00:00 UTC,-345,600,664075000,1.9479166666666665
2018-06-17 00:00:00 UTC,-345,601,664075000,1.4141666666666666
2018-06-17 00:00:00 UTC,-345,1666,416053500,1.7584722222222224
2018-06-17 00:00:00 UTC,-89,127,603100160,0.60527777777777769
2018-06-17 00:00:00 UTC,-89,128,603100160,5.6590277777777791
2018-06-17 00:00:00 UTC,-89,-1771,412331009,1.8604166666666668
2018-06-17 00:00:00 UTC,-89,-1767,416002569,3.4386111111111108
2018-06-17 00:00:00 UTC,-89,128,224393000,2.0574999999999997
2018-06-17 00:00:00 UTC,-89,1667,412420433,1.3684722222222221
2018-06-17 00:00:00 UTC,-89,-1762,416004248,3.8618055555555557
2018-06-17 00:00:00 UTC,-89,645,416000464,1.2165277777777779
2018-06-17 00:00:00 UTC,-89,644,416000464,3.5630555555555556
2018-06-17 00:00:00 UTC,-89,643,416000464,4.4194444444444443
2018-06-17 00:00:00 UTC,-89,128,659415000,1.8804166666666666
2018-06-17 00:00:00 UTC,-89,-1563,412460003,0.099166666666666667
2018-06-17 00:00:00 UTC,-89,633,417000675,1.1206944444444444
2018-06-17 00:00:00 UTC,-89,-1589,412460007,0.39125000000000004
2018-06-17 00:00:00 UTC,-89,-1590,412460007,0.7847222222222221
2018-06-17 00:00:00 UTC,-89,-1337,413462010,3.4256944444444448
2018-06-17 00:00:00 UTC,-89,-1338,413462010,1.7161111111111111
2018-06-17 00:00:00 UTC,-89,-1339,413462010,0.52
2018-06-17 00:00:00 UTC,168,-1576,367359000,3.1726388888888892
2018-06-17 00:00:00 UTC,168,-1577,367359000,2.5856944444444441
2018-06-17 00:00:00 UTC,168,-1524,367523880,0.78986111111111112
2018-06-17 00:00:00 UTC,168,-1528,367523880,1.0706944444444446
2018-06-17 00:00:00 UTC,168,-1523,367523880,1.0868055555555554
2018-06-17 00:00:00 UTC,168,-1527,367523880,4.3523611111111116
2018-06-17 00:00:00 UTC,168,-1522,367523880,1.055
2018-06-17 00:00:00 UTC,168,-1574,367159690,1.7554166666666666
2018-06-17 00:00:00 UTC,168,-1576,367159690,1.5893055555555555
2018-06-17 00:00:00 UTC,168,-1569,367159690,1.0605555555555557
2018-06-17 00:00:00 UTC,168,-1573,367159690,0.95152777777777775
2018-06-17 00:00:00 UTC,168,-1568,367159690,0.54347222222222225
2018-06-17 00:00:00 UTC,168,-1575,367159690,1.7444444444444442
2018-06-17 00:00:00 UTC,168,-1577,367159690,3.1679166666666667
2018-06-17 00:00:00 UTC,168,-1570,367159690,0.11958333333333333
2018-06-17 00:00:00 UTC,168,-1586,367107250,0.943888888888889
2018-06-17 00:00:00 UTC,168,-1584,367107250,0.78805555555555551
2018-06-17 00:00:00 UTC,168,-1585,367107250,0.812638888888889
2018-06-17 00:00:00 UTC,168,-1588,367107250,0.74513888888888891
2018-06-17 00:00:00 UTC,168,-1587,367107250,0.86375
2018-06-17 00:00:00 UTC,168,1537,416002751,1.6458333333333333
2018-06-17 00:00:00 UTC,168,-1513,368492000,0.75694444444444442
2018-06-17 00:00:00 UTC,168,-1512,368492000,0.29888888888888893
2018-06-17 00:00:00 UTC,168,-1515,368492000,2.3825
2018-06-17 00:00:00 UTC,168,-1514,368492000,5.1813888888888888
2018-06-17 00:00:00 UTC,424,146,247101190,0.68486111111111114
2018-06-17 00:00:00 UTC,424,145,247101190,0.90374999999999994
2018-06-17 00:00:00 UTC,424,166,247125260,7.28986111111111
2018-06-17 00:00:00 UTC,424,-395,224081430,0.55305555555555563
2018-06-17 00:00:00 UTC,424,-394,224081430,1.8054166666666669
2018-06-17 00:00:00 UTC,424,-393,224081430,0.8504166666666666
2018-06-17 00:00:00 UTC,424,144,247103780,0.75027777777777782
2018-06-17 00:00:00 UTC,424,145,247103780,0.08875
2018-06-17 00:00:00 UTC,424,144,247100460,0.66652777777777783
2018-06-17 00:00:00 UTC,424,-210,224155950,1.1670833333333333
2018-06-17 00:00:00 UTC,424,143,247101490,0.53041666666666676
2018-06-17 00:00:00 UTC,424,143,247151160,1.5076388888888888
2018-06-17 00:00:00 UTC,424,144,247151160,0.86625000000000008
2018-06-17 00:00:00 UTC,424,142,247151160,0.087638888888888891
2018-06-17 00:00:00 UTC,424,276,207822650,0.5229166666666667
2018-06-17 00:00:00 UTC,424,277,207822650,0.28388888888888886
2018-06-17 00:00:00 UTC,424,-699,367608380,0.22097222222222221
2018-06-17 00:00:00 UTC,424,-700,367608380,2.5195833333333333
2018-06-17 00:00:00 UTC,424,-664,316004170,0.8208333333333333
2018-06-17 00:00:00 UTC,424,144,247127120,1.2497222222222222
2018-06-17 00:00:00 UTC,424,145,247127120,0.59749999999999992
2018-06-17 00:00:00 UTC,424,144,247101270,8.7418055555555565
2018-06-17 00:00:00 UTC,424,277,207420000,1.9280555555555554
2018-06-17 00:00:00 UTC,424,278,207420000,0.3833333333333333
2018-06-17 00:00:00 UTC,424,145,247068780,1.2583333333333333
2018-06-17 00:00:00 UTC,424,146,247068780,0.51
2018-06-17 00:00:00 UTC,424,176,238400640,2.2347222222222221
2018-06-17 00:00:00 UTC,424,172,238400640,0.28319444444444442
2018-06-17 00:00:00 UTC,424,173,238400640,3.0636111111111108
2018-06-17 00:00:00 UTC,424,175,238400640,3.1995833333333334
2018-06-17 00:00:00 UTC,424,174,238400640,4.1409722222222216
2018-06-17 00:00:00 UTC,424,178,238763140,3.4040277777777765
2018-06-17 00:00:00 UTC,424,177,238763140,3.4181944444444441
2018-06-17 00:00:00 UTC,424,179,238763140,3.032083333333333
2018-06-17 00:00:00 UTC,424,180,238763140,1.7594444444444446
2018-06-17 00:00:00 UTC,424,176,238763140,1.7845833333333332
2018-06-17 00:00:00 UTC,424,-699,366839940,0.29222222222222222
2018-06-17 00:00:00 UTC,424,-700,366839940,2.47375
2018-06-17 00:00:00 UTC,424,161,238000005,0.55944444444444441
2018-06-17 00:00:00 UTC,424,1414,431010441,1.3822222222222222
2018-06-17 00:00:00 UTC,424,1413,431010441,0.27069444444444446
2018-06-17 00:00:00 UTC,424,108,247146890,0.44458333333333333
2018-06-17 00:00:00 UTC,424,104,247146890,4.4027777777777777
2018-06-17 00:00:00 UTC,424,109,247146890,0.25694444444444442
2018-06-17 00:00:00 UTC,424,105,247146890,0.89819444444444452
2018-06-17 00:00:00 UTC,424,-700,367425680,3.3623611111111109
2018-06-17 00:00:00 UTC,424,278,207428000,1.5254166666666664
2018-06-17 00:00:00 UTC,424,276,207428000,0.13402777777777777
2018-06-17 00:00:00 UTC,424,277,207428000,1.4466666666666665
2018-06-17 00:00:00 UTC,424,147,247104160,0.59319444444444447
2018-06-17 00:00:00 UTC,424,146,247104160,0.30541666666666667
2018-06-17 00:00:00 UTC,424,-206,224195750,0.90277777777777768
2018-06-17 00:00:00 UTC,424,-207,224195750,0.86249999999999993
2018-06-17 00:00:00 UTC,424,-701,367602610,0.51777777777777778
2018-06-17 00:00:00 UTC,424,-704,367602610,0.086527777777777787
2018-06-17 00:00:00 UTC,424,-703,367602610,0.57694444444444448
2018-06-17 00:00:00 UTC,424,-700,367602610,0.20277777777777778
2018-06-17 00:00:00 UTC,424,-702,367602610,0.57124999999999992
2018-06-17 00:00:00 UTC,424,-460,263512000,1.5877777777777777
2018-06-17 00:00:00 UTC,424,-466,263512000,1.5179166666666666
2018-06-17 00:00:00 UTC,424,-459,263512000,0.73486111111111108
2018-06-17 00:00:00 UTC,424,-95,224085960,1.0718055555555557
2018-06-17 00:00:00 UTC,424,144,247100360,1.4179166666666667
2018-06-17 00:00:00 UTC,424,145,247100360,0.50986111111111121
2018-06-17 00:00:00 UTC,424,181,238921940,0.54597222222222219
2018-06-17 00:00:00 UTC,424,176,238791640,5.9527777777777784
2018-06-17 00:00:00 UTC,424,175,238791640,3.1388888888888888
2018-06-17 00:00:00 UTC,424,108,247067610,0.27638888888888891
2018-06-17 00:00:00 UTC,424,175,238895840,1.2915277777777776
2018-06-17 00:00:00 UTC,424,176,238895840,7.5516666666666676
2018-06-17 00:00:00 UTC,424,146,247100640,1.5458333333333334
2018-06-17 00:00:00 UTC,424,161,238934240,1.0668055555555556
2018-06-17 00:00:00 UTC,424,142,247102190,0.083333333333333343
2018-06-17 00:00:00 UTC,424,1417,431010558,2.9006944444444445
2018-06-17 00:00:00 UTC,680,134,259392000,1.4693055555555556
2018-06-17 00:00:00 UTC,680,136,259392000,1.6254166666666665
2018-06-17 00:00:00 UTC,680,135,259392000,0.52152777777777781
2018-06-17 00:00:00 UTC,680,136,257087040,1.4841666666666664
2018-06-17 00:00:00 UTC,680,135,257087040,0.93583333333333329
2018-06-17 00:00:00 UTC,680,-573,331165000,4.9458333333333337
2018-06-17 00:00:00 UTC,680,-572,331165000,5.2454166666666691
2018-06-17 00:00:00 UTC,680,135,257081240,1.0245833333333332
2018-06-17 00:00:00 UTC,680,136,257081240,2.8130555555555552
2018-06-17 00:00:00 UTC,680,134,257081240,0.2747222222222222
2018-06-17 00:00:00 UTC,680,136,257066940,1.0740277777777778
2018-06-17 00:00:00 UTC,680,134,257174220,1.1800000000000002
2018-06-17 00:00:00 UTC,-344,-442,224160000,0.96819444444444469
2018-06-17 00:00:00 UTC,-344,-443,224160000,0.2772222222222222
2018-06-17 00:00:00 UTC,-344,-446,224160000,0.65916666666666657
2018-06-17 00:00:00 UTC,-344,-445,224160000,0.28041666666666665
2018-06-17 00:00:00 UTC,-344,178,601301000,0.72916666666666674
2018-06-17 00:00:00 UTC,-344,177,601301000,1.460277777777778
2018-06-17 00:00:00 UTC,-344,540,533333003,0.62194444444444441
2018-06-17 00:00:00 UTC,-344,539,533333003,0.98902777777777773
2018-06-17 00:00:00 UTC,-344,-1746,576682000,1.1491666666666667
2018-06-17 00:00:00 UTC,-344,417,416004369,1.5444444444444445
2018-06-17 00:00:00 UTC,-344,415,416004369,0.77555555555555566
2018-06-17 00:00:00 UTC,-344,416,416004369,0.5740277777777778
2018-06-17 00:00:00 UTC,-344,682,416001838,0.98402777777777806
2018-06-17 00:00:00 UTC,-344,681,416001838,3.2368055555555562
2018-06-17 00:00:00 UTC,-344,680,416001838,0.1325
2018-06-17 00:00:00 UTC,-344,602,664062000,3.8488888888888897
2018-06-17 00:00:00 UTC,-344,603,664062000,1.3849999999999998
2018-06-17 00:00:00 UTC,-344,257,601299000,0.6
2018-06-17 00:00:00 UTC,-344,756,416775000,0.73652777777777778
2018-06-17 00:00:00 UTC,-344,755,416775000,0.1948611111111111
2018-06-17 00:00:00 UTC,-344,237,601671000,2.1630555555555557
2018-06-17 00:00:00 UTC,-344,238,601671000,2.3816666666666668
2018-06-17 00:00:00 UTC,-344,236,601671000,0.3494444444444445
2018-06-17 00:00:00 UTC,-344,239,601671000,2.1750000000000003
2018-06-17 00:00:00 UTC,-344,220,601066900,2.2340277777777779
2018-06-17 00:00:00 UTC,-344,1658,416367000,1.1183333333333334
2018-06-17 00:00:00 UTC,-344,1659,416367000,0.19680555555555554
2018-06-17 00:00:00 UTC,-344,178,601807000,5.7538888888888886
2018-06-17 00:00:00 UTC,-344,177,601807000,4.0105555555555554
2018-06-17 00:00:00 UTC,-344,430,416000154,7.8491666666666644
2018-06-17 00:00:00 UTC,-344,411,200041634,1.6334722222222222
2018-06-17 00:00:00 UTC,-344,410,200041634,3.8947222222222226
2018-06-17 00:00:00 UTC,-344,455,416212900,1.014861111111111
2018-06-17 00:00:00 UTC,-344,454,416212900,0.88680555555555551
2018-06-17 00:00:00 UTC,-344,419,200042406,1.5969444444444443
2018-06-17 00:00:00 UTC,-344,417,200042406,0.24152777777777779
2018-06-17 00:00:00 UTC,-344,418,200042406,3.9272222222222228
2018-06-17 00:00:00 UTC,-344,422,200042407,3.4554166666666668
2018-06-17 00:00:00 UTC,-344,420,200042407,2.8169444444444443
2018-06-17 00:00:00 UTC,-344,421,200042407,1.0522222222222224
2018-06-17 00:00:00 UTC,-344,753,416558000,0.16222222222222221
2018-06-17 00:00:00 UTC,-344,718,416004279,1.6133333333333328
2018-06-17 00:00:00 UTC,-344,410,416175800,0.3059722222222222
2018-06-17 00:00:00 UTC,-344,412,416175800,0.77694444444444444
2018-06-17 00:00:00 UTC,-344,415,416175800,1.2740277777777778
2018-06-17 00:00:00 UTC,-344,413,416175800,0.86736111111111114
2018-06-17 00:00:00 UTC,-344,414,416175800,0.60777777777777775
2018-06-17 00:00:00 UTC,-344,411,416175800,1.033611111111111
2018-06-17 00:00:00 UTC,-344,-1727,416032700,0.46777777777777779
2018-06-17 00:00:00 UTC,-344,1661,431702470,0.22916666666666666
2018-06-17 00:00:00 UTC,-344,1662,431702470,0.032916666666666664
2018-06-17 00:00:00 UTC,-344,1663,431702470,0.25680555555555556
2018-06-17 00:00:00 UTC,-344,793,416089800,2.5251388888888884
2018-06-17 00:00:00 UTC,-344,462,416002764,0.65027777777777784
2018-06-17 00:00:00 UTC,-344,463,416002764,0.68722222222222229
2018-06-17 00:00:00 UTC,-344,1660,431298000,0.53333333333333344
2018-06-17 00:00:00 UTC,-344,1661,431298000,3.8658333333333332
2018-06-17 00:00:00 UTC,-344,1655,432962000,0.087083333333333318
2018-06-17 00:00:00 UTC,-344,1657,432962000,0.47902777777777777
2018-06-17 00:00:00 UTC,-344,1656,432962000,1.8176388888888888
2018-06-17 00:00:00 UTC,-344,1659,432962000,1.7934722222222219
2018-06-17 00:00:00 UTC,-344,1658,432962000,1.8161111111111106
2018-06-17 00:00:00 UTC,-344,1660,432962000,0.99416666666666664
2018-06-17 00:00:00 UTC,-344,176,601271000,3.7170833333333331
2018-06-17 00:00:00 UTC,-344,177,601271000,5.6444444444444439
2018-06-17 00:00:00 UTC,-344,346,416003800,0.25249999999999995
2018-06-17 00:00:00 UTC,-344,220,601091800,3.0645833333333332
2018-06-17 00:00:00 UTC,-344,221,601091800,0.67902777777777779
2018-06-17 00:00:00 UTC,-344,235,601484000,1.4830555555555556
2018-06-17 00:00:00 UTC,-344,233,601484000,2.6787499999999995
2018-06-17 00:00:00 UTC,-344,237,601484000,7.3941666666666688
2018-06-17 00:00:00 UTC,-344,239,601484000,3.717222222222222
2018-06-17 00:00:00 UTC,-344,234,601484000,2.1598611111111108
2018-06-17 00:00:00 UTC,-344,238,601484000,1.8693055555555556
2018-06-17 00:00:00 UTC,-344,240,601484000,0.35041666666666665
2018-06-17 00:00:00 UTC,-344,788,416173800,2.998472222222222
2018-06-17 00:00:00 UTC,-344,1653,416641000,0.96541666666666681
2018-06-17 00:00:00 UTC,-344,467,416002287,2.4202777777777778
2018-06-17 00:00:00 UTC,-344,468,416002287,3.2243055555555555
2018-06-17 00:00:00 UTC,-344,466,416002287,1.0072222222222225
2018-06-17 00:00:00 UTC,-344,221,601238000,0.65416666666666667
2018-06-17 00:00:00 UTC,-344,220,601238000,1.2370833333333335
2018-06-17 00:00:00 UTC,-344,256,601718000,2.2362500000000005
2018-06-17 00:00:00 UTC,-344,1651,416779000,0.24458333333333332
2018-06-17 00:00:00 UTC,-344,1648,416779000,0.985138888888889
2018-06-17 00:00:00 UTC,-344,1650,416779000,0.36902777777777779
2018-06-17 00:00:00 UTC,-344,1649,416779000,0.74111111111111116
2018-06-17 00:00:00 UTC,-344,-1755,576843000,1.8620833333333333
2018-06-17 00:00:00 UTC,-344,-1756,576843000,1.6708333333333334
2018-06-17 00:00:00 UTC,-344,600,664075000,2.1109722222222222
2018-06-17 00:00:00 UTC,-344,1666,416053500,2.2958333333333329
2018-06-17 00:00:00 UTC,-88,128,603100160,7.1188888888888879
2018-06-17 00:00:00 UTC,-88,-1770,412331009,0.17708333333333331
2018-06-17 00:00:00 UTC,-88,-1771,412331009,1.6494444444444443
2018-06-17 00:00:00 UTC,-88,-1767,416002569,0.9343055555555555
2018-06-17 00:00:00 UTC,-88,128,224393000,2.6409722222222225
2018-06-17 00:00:00 UTC,-88,-1624,412460074,0.054861111111111117
2018-06-17 00:00:00 UTC,-88,-1625,412460074,0.020555555555555556
2018-06-17 00:00:00 UTC,-88,1667,412420433,1.7734722222222217
2018-06-17 00:00:00 UTC,-88,-1763,416004248,0.88027777777777783
2018-06-17 00:00:00 UTC,-88,-1762,416004248,1.0580555555555557
2018-06-17 00:00:00 UTC,-88,-1621,510051000,2.5724999999999993
2018-06-17 00:00:00 UTC,-88,1718,412329422,0.80875000000000008
2018-06-17 00:00:00 UTC,-88,1717,412329422,0.74625
2018-06-17 00:00:00 UTC,-88,128,659415000,1.45125
2018-06-17 00:00:00 UTC,-88,633,417000675,0.55902777777777779
2018-06-17 00:00:00 UTC,-88,632,417000675,1.3631944444444446
2018-06-17 00:00:00 UTC,-88,1614,416004582,3.9811111111111108
2018-06-17 00:00:00 UTC,-88,-1590,412460007,0.18291666666666664
2018-06-17 00:00:00 UTC,169,-1575,367359000,2.6640277777777772
2018-06-17 00:00:00 UTC,169,-1574,367359000,1.550138888888889
2018-06-17 00:00:00 UTC,169,-1576,367359000,0.068333333333333329
2018-06-17 00:00:00 UTC,169,-1525,367523880,3.108888888888889
2018-06-17 00:00:00 UTC,169,-514,377907276,1.2173611111111109
2018-06-17 00:00:00 UTC,169,-1572,367159690,1.5458333333333334
2018-06-17 00:00:00 UTC,169,-1569,367159690,0.85861111111111121
2018-06-17 00:00:00 UTC,169,-1571,367159690,2.8590277777777775
2018-06-17 00:00:00 UTC,169,-1567,367159690,0.69
2018-06-17 00:00:00 UTC,169,-1573,367159690,0.96194444444444438
2018-06-17 00:00:00 UTC,169,-1568,367159690,1.4687499999999998
2018-06-17 00:00:00 UTC,169,-171,226180000,3.3416666666666668
2018-06-17 00:00:00 UTC,169,1537,416002751,1.57375
2018-06-17 00:00:00 UTC,169,1536,416002751,0.60180555555555559
2018-06-17 00:00:00 UTC,169,1539,416002751,2.3447222222222219
2018-06-17 00:00:00 UTC,169,1538,416002751,0.92319444444444443
2018-06-17 00:00:00 UTC,169,-1513,368492000,2.0647222222222221
2018-06-17 00:00:00 UTC,169,-1512,368492000,4.0293055555555561
2018-06-17 00:00:00 UTC,425,142,247102210,1.0026388888888891
2018-06-17 00:00:00 UTC,425,178,238836740,5.1781944444444443
2018-06-17 00:00:00 UTC,425,166,247125260,0.83611111111111114
2018-06-17 00:00:00 UTC,425,-395,224081430,1.1208333333333333
2018-06-17 00:00:00 UTC,425,-393,224081430,1.6856944444444446
2018-06-17 00:00:00 UTC,425,144,247151150,0.25541666666666663
2018-06-17 00:00:00 UTC,425,145,247151150,0.46513888888888888
2018-06-17 00:00:00 UTC,425,-209,224155950,0.58763888888888882
2018-06-17 00:00:00 UTC,425,-210,224155950,0.56791666666666663
2018-06-17 00:00:00 UTC,425,-207,224155950,5.4831944444444449
2018-06-17 00:00:00 UTC,425,143,247128370,1.2127777777777777
2018-06-17 00:00:00 UTC,425,276,207822650,0.28527777777777774
2018-06-17 00:00:00 UTC,425,277,207822650,7.5580555555555557
2018-06-17 00:00:00 UTC,425,-699,367608380,2.0123611111111113
2018-06-17 00:00:00 UTC,425,145,247084610,0.6544444444444445
2018-06-17 00:00:00 UTC,425,143,247084610,0.59444444444444433
2018-06-17 00:00:00 UTC,425,144,247084610,1.226388888888889
2018-06-17 00:00:00 UTC,425,144,247102020,0.637361111111111
2018-06-17 00:00:00 UTC,425,145,247102020,1.0680555555555555
2018-06-17 00:00:00 UTC,425,-664,316004170,1.544861111111111
2018-06-17 00:00:00 UTC,425,-206,224098640,3.8031944444444443
2018-06-17 00:00:00 UTC,425,143,247127120,0.083194444444444446
2018-06-17 00:00:00 UTC,425,144,247127120,0.25027777777777782
2018-06-17 00:00:00 UTC,425,142,247100270,0.26236111111111116
2018-06-17 00:00:00 UTC,425,181,238825840,2.8736111111111109
2018-06-17 00:00:00 UTC,425,142,247102070,0.25013888888888891
2018-06-17 00:00:00 UTC,425,141,247101050,0.25416666666666665
2018-06-17 00:00:00 UTC,425,142,247101050,0.750138888888889
2018-06-17 00:00:00 UTC,425,172,238400640,3.8708333333333327
2018-06-17 00:00:00 UTC,425,-697,366839940,0.28611111111111109
2018-06-17 00:00:00 UTC,425,-699,366839940,2.3415277777777779
2018-06-17 00:00:00 UTC,425,-698,366839940,0.565
2018-06-17 00:00:00 UTC,425,163,238000005,0.55388888888888888
2018-06-17 00:00:00 UTC,425,162,238000005,0.28069444444444447
2018-06-17 00:00:00 UTC,425,164,238000005,1.161111111111111
2018-06-17 00:00:00 UTC,425,161,238000005,2.286111111111111
2018-06-17 00:00:00 UTC,425,142,247101320,0.98916666666666675
2018-06-17 00:00:00 UTC,425,141,247101320,0.30833333333333329
2018-06-17 00:00:00 UTC,425,144,247280280,0.41097222222222224
2018-06-17 00:00:00 UTC,425,145,247280280,1.1781944444444443
2018-06-17 00:00:00 UTC,425,-206,224031640,5.4475
2018-06-17 00:00:00 UTC,425,142,247101340,0.16652777777777777
2018-06-17 00:00:00 UTC,425,143,247101340,0.58472222222222225
2018-06-17 00:00:00 UTC,425,141,247102110,0.57513888888888887
2018-06-17 00:00:00 UTC,425,278,207428000,0.55458333333333343
2018-06-17 00:00:00 UTC,425,277,207428000,1.591388888888889
2018-06-17 00:00:00 UTC,425,144,247100320,0.31666666666666665
2018-06-17 00:00:00 UTC,425,145,247100320,1.2501388888888889
2018-06-17 00:00:00 UTC,425,-207,224195750,0.97305555555555556
2018-06-17 00:00:00 UTC,425,-206,224195750,5.2761111111111125
2018-06-17 00:00:00 UTC,425,142,247101370,0.26263888888888892
2018-06-17 00:00:00 UTC,425,175,238622140,0.2583333333333333
2018-06-17 00:00:00 UTC,425,174,238622140,0.82208333333333328
2018-06-17 00:00:00 UTC,425,-458,263512000,1.1552777777777776
2018-06-17 00:00:00 UTC,425,-464,263512000,0.88472222222222219
2018-06-17 00:00:00 UTC,425,-463,263512000,0.61111111111111116
2018-06-17 00:00:00 UTC,425,-457,263512000,0.60819444444444448
2018-06-17 00:00:00 UTC,425,-95,224085960,0.92791666666666661
2018-06-17 00:00:00 UTC,425,177,238775240,3.2306944444444436
2018-06-17 00:00:00 UTC,425,144,247100360,0.083194444444444446
2018-06-17 00:00:00 UTC,425,143,247100360,0.16666666666666669
2018-06-17 00:00:00 UTC,425,-708,367665870,0.1411111111111111
2018-06-17 00:00:00 UTC,425,143,247151310,0.83625
2018-06-17 00:00:00 UTC,425,145,247151310,0.096944444444444444
2018-06-17 00:00:00 UTC,425,144,247151310,1.2595833333333333
2018-06-17 00:00:00 UTC,425,108,247067610,0.37361111111111112
2018-06-17 00:00:00 UTC,425,162,238934240,1.3251388888888889
2018-06-17 00:00:00 UTC,425,164,238934240,5.535277777777778
2018-06-17 00:00:00 UTC,425,161,238934240,4.4093055555555551
2018-06-17 00:00:00 UTC,425,160,238934240,0.74652777777777779
2018-06-17 00:00:00 UTC,425,163,238934240,1.6233333333333335
2018-06-17 00:00:00 UTC,425,142,247102180,1.5013888888888884
2018-06-17 00:00:00 UTC,425,142,247102190,1.0947222222222224
2018-06-17 00:00:00 UTC,425,1417,431010558,3.2238888888888888
2018-06-17 00:00:00 UTC,425,1416,431010558,0.77958333333333329
2018-06-17 00:00:00 UTC,681,-572,331165000,0.30944444444444441
2018-06-17 00:00:00 UTC,681,113,257307220,0.30041666666666667
2018-06-17 00:00:00 UTC,681,112,257307220,0.1711111111111111
2018-06-17 00:00:00 UTC,681,-542,331238000,0.62194444444444441
2018-06-17 00:00:00 UTC,681,142,257002910,4.826944444444444
2018-06-17 00:00:00 UTC,681,143,257002910,1.2358333333333333
2018-06-17 00:00:00 UTC,-343,-446,224160000,0.86027777777777781
2018-06-17 00:00:00 UTC,-343,177,601301000,1.5341666666666665
2018-06-17 00:00:00 UTC,-343,176,601301000,3.4451388888888888
2018-06-17 00:00:00 UTC,-343,538,533333003,1.1633333333333333
2018-06-17 00:00:00 UTC,-343,541,533333003,2.5509722222222222
2018-06-17 00:00:00 UTC,-343,540,533333003,3.7991666666666664
2018-06-17 00:00:00 UTC,-343,-1747,576682000,1.7695833333333333
2018-06-17 00:00:00 UTC,-343,-1746,576682000,2.0349999999999997
2018-06-17 00:00:00 UTC,-343,-522,715848208,1.1122222222222222
2018-06-17 00:00:00 UTC,-343,416,416004369,1.8908333333333334
2018-06-17 00:00:00 UTC,-343,413,416004369,0.8665277777777779
2018-06-17 00:00:00 UTC,-343,412,416004369,0.27722222222222226
2018-06-17 00:00:00 UTC,-343,414,416004369,1.0420833333333333
2018-06-17 00:00:00 UTC,-343,415,416004369,0.21652777777777779
2018-06-17 00:00:00 UTC,-343,177,601289000,0.79583333333333328
2018-06-17 00:00:00 UTC,-343,176,601289000,1.57625
2018-06-17 00:00:00 UTC,-343,680,416001838,2.3441666666666663
2018-06-17 00:00:00 UTC,-343,681,416001838,1.9591666666666663
2018-06-17 00:00:00 UTC,-343,682,416001838,3.3398611111111096
2018-06-17 00:00:00 UTC,-343,601,664062000,1.1291666666666667
2018-06-17 00:00:00 UTC,-343,602,664062000,0.56527777777777777
2018-06-17 00:00:00 UTC,-343,258,601299000,5.964999999999999
2018-06-17 00:00:00 UTC,-343,257,601299000,0.75069444444444444
2018-06-17 00:00:00 UTC,-343,460,416002632,1.2725
2018-06-17 00:00:00 UTC,-343,462,416002632,0.79791666666666661
2018-06-17 00:00:00 UTC,-343,461,416002632,3.5470833333333336
2018-06-17 00:00:00 UTC,-343,236,601671000,2.1270833333333332
2018-06-17 00:00:00 UTC,-343,536,416003173,1.5083333333333335
2018-06-17 00:00:00 UTC,-343,530,416002667,0.63416666666666677
2018-06-17 00:00:00 UTC,-343,1667,576890000,0.33361111111111108
2018-06-17 00:00:00 UTC,-343,221,601066900,1.1593055555555556
2018-06-17 00:00:00 UTC,-343,620,416004245,3.3924999999999996
2018-06-17 00:00:00 UTC,-343,622,416004245,4.13375
2018-06-17 00:00:00 UTC,-343,621,416004245,0.9309722222222222
2018-06-17 00:00:00 UTC,-343,1653,416367000,0.59472222222222215
2018-06-17 00:00:00 UTC,-343,1655,416367000,0.81055555555555547
2018-06-17 00:00:00 UTC,-343,177,601807000,1.2711111111111111
2018-06-17 00:00:00 UTC,-343,409,200041634,3.6245833333333333
2018-06-17 00:00:00 UTC,-343,411,200041634,1.8804166666666666
2018-06-17 00:00:00 UTC,-343,410,200041634,5.2445833333333338
2018-06-17 00:00:00 UTC,-343,454,416212900,2.3476388888888891
2018-06-17 00:00:00 UTC,-343,415,200042406,0.27194444444444449
2018-06-17 00:00:00 UTC,-343,417,200042406,3.005
2018-06-17 00:00:00 UTC,-343,416,200042406,0.75750000000000006
2018-06-17 00:00:00 UTC,-343,419,200042407,3.3354166666666663
2018-06-17 00:00:00 UTC,-343,420,200042407,0.64597222222222217
2018-06-17 00:00:00 UTC,-343,754,416558000,0.2336111111111111
2018-06-17 00:00:00 UTC,-343,753,416558000,0.14569444444444443
2018-06-17 00:00:00 UTC,-343,718,416004279,1.3449999999999998
2018-06-17 00:00:00 UTC,-343,415,416175800,0.81291666666666673
2018-06-17 00:00:00 UTC,-343,412,416175800,2.7830555555555558
2018-06-17 00:00:00 UTC,-343,1661,431702470,0.44958333333333328
2018-06-17 00:00:00 UTC,-343,793,416089800,0.97388888888888892
2018-06-17 00:00:00 UTC,-343,-1745,576877000,1.0801388888888888
2018-06-17 00:00:00 UTC,-343,462,416002764,3.4715277777777778
2018-06-17 00:00:00 UTC,-343,461,416002764,0.92458333333333342
2018-06-17 00:00:00 UTC,-343,463,416002764,2.7913888888888887
2018-06-17 00:00:00 UTC,-343,1658,431298000,0.25847222222222221
2018-06-17 00:00:00 UTC,-343,1659,431298000,2.3129166666666667
2018-06-17 00:00:00 UTC,-343,1660,431298000,1.1123611111111109
2018-06-17 00:00:00 UTC,-343,1655,432962000,0.63902777777777775
2018-06-17 00:00:00 UTC,-343,1656,432962000,0.758472222222222
2018-06-17 00:00:00 UTC,-343,1657,432962000,1.4795833333333326
2018-06-17 00:00:00 UTC,-343,176,601271000,8.0979166666666664
2018-06-17 00:00:00 UTC,-343,221,601091800,5.292361111111112
2018-06-17 00:00:00 UTC,-343,222,601091800,3.7165277777777779
2018-06-17 00:00:00 UTC,-343,788,416173800,0.86958333333333337
2018-06-17 00:00:00 UTC,-343,1651,416641000,1.7659722222222223
2018-06-17 00:00:00 UTC,-343,588,416002281,1.0465277777777779
2018-06-17 00:00:00 UTC,-343,256,601718000,1.3154166666666665
2018-06-17 00:00:00 UTC,-343,1647,416779000,0.84097222222222223
2018-06-17 00:00:00 UTC,-343,1648,416779000,1.1755555555555555
2018-06-17 00:00:00 UTC,-343,1650,416779000,0.43263888888888891
2018-06-17 00:00:00 UTC,-343,1649,416779000,0.548611111111111
2018-06-17 00:00:00 UTC,-343,-1755,576843000,2.2375
2018-06-17 00:00:00 UTC,-343,-1756,576843000,0.758888888888889
2018-06-17 00:00:00 UTC,-343,1666,416053500,1.3181944444444442
2018-06-17 00:00:00 UTC,-87,128,603100160,2.0319444444444441
2018-06-17 00:00:00 UTC,-87,-1772,412331009,1.7247222222222223
2018-06-17 00:00:00 UTC,-87,-1771,412331009,1.3620833333333331
2018-06-17 00:00:00 UTC,-87,-1767,416002569,4.63
2018-06-17 00:00:00 UTC,-87,128,224393000,2.6318055555555557
2018-06-17 00:00:00 UTC,-87,-1337,412205130,1.9326388888888888
2018-06-17 00:00:00 UTC,-87,-1336,412205130,0.68152777777777751
2018-06-17 00:00:00 UTC,-87,1667,412420433,1.6648611111111109
2018-06-17 00:00:00 UTC,-87,-1763,416004248,1.6976388888888891
2018-06-17 00:00:00 UTC,-87,128,224931000,0.23097222222222225
2018-06-17 00:00:00 UTC,-87,1716,412329422,1.4345833333333333
2018-06-17 00:00:00 UTC,-87,1715,412329422,0.75583333333333336
2018-06-17 00:00:00 UTC,-87,1718,412329422,1.3797222222222221
2018-06-17 00:00:00 UTC,-87,1717,412329422,3.4865277777777779
2018-06-17 00:00:00 UTC,170,-513,377907276,0.92888888888888888
2018-06-17 00:00:00 UTC,170,-516,377907276,1.2688888888888887
2018-06-17 00:00:00 UTC,170,-515,377907276,3.2194444444444441
2018-06-17 00:00:00 UTC,170,-514,377907276,1.2597222222222222
2018-06-17 00:00:00 UTC,170,-1570,367159690,1.4315277777777777
2018-06-17 00:00:00 UTC,170,1534,416002751,1.3026388888888889
2018-06-17 00:00:00 UTC,170,1533,416002751,0.83763888888888893
2018-06-17 00:00:00 UTC,170,-1512,368492000,0.94708333333333328
2018-06-17 00:00:00 UTC,426,156,247125250,1.4261111111111109
2018-06-17 00:00:00 UTC,426,176,238836740,1.4694444444444443
2018-06-17 00:00:00 UTC,426,177,238836740,1.4540277777777777
2018-06-17 00:00:00 UTC,426,161,238117140,2.9180555555555561
2018-06-17 00:00:00 UTC,426,160,238117140,3.2334722222222223
2018-06-17 00:00:00 UTC,426,162,238117140,1.6541666666666666
2018-06-17 00:00:00 UTC,426,-393,224081430,1.5845833333333332
2018-06-17 00:00:00 UTC,426,-396,224081430,1.2791666666666666
2018-06-17 00:00:00 UTC,426,104,247069980,1.7736111111111112
2018-06-17 00:00:00 UTC,426,175,238899240,2.9613888888888891
2018-06-17 00:00:00 UTC,426,177,238899240,5.2831944444444447
2018-06-17 00:00:00 UTC,426,145,247151150,0.533611111111111
2018-06-17 00:00:00 UTC,426,-207,224155950,0.53319444444444453
2018-06-17 00:00:00 UTC,426,-208,224155950,0.5723611111111111
2018-06-17 00:00:00 UTC,426,143,247128370,1.2333333333333332
2018-06-17 00:00:00 UTC,426,-206,224085560,6.3647222222222224
2018-06-17 00:00:00 UTC,426,-699,367608380,2.0625000000000004
2018-06-17 00:00:00 UTC,426,-207,224098640,6.6291666666666664
2018-06-17 00:00:00 UTC,426,169,238583910,4.9140277777777781
2018-06-17 00:00:00 UTC,426,167,238583910,2.8818055555555553
2018-06-17 00:00:00 UTC,426,177,238363240,3.2129166666666671
2018-06-17 00:00:00 UTC,426,173,238366840,2.0333333333333337
2018-06-17 00:00:00 UTC,426,172,238400640,2.2581944444444439
2018-06-17 00:00:00 UTC,426,-699,366839940,0.23777777777777775
2018-06-17 00:00:00 UTC,426,163,238000005,5.5836111111111126
2018-06-17 00:00:00 UTC,426,161,238000005,0.27111111111111108
2018-06-17 00:00:00 UTC,426,162,238000005,3.2012500000000004
2018-06-17 00:00:00 UTC,426,164,238000005,2.1205555555555557
2018-06-17 00:00:00 UTC,426,141,247101320,0.99569444444444433
2018-06-17 00:00:00 UTC,426,145,247280280,0.28597222222222218
2018-06-17 00:00:00 UTC,426,-206,224031640,1.1484722222222221
2018-06-17 00:00:00 UTC,426,143,247101340,1.4323611111111108
2018-06-17 00:00:00 UTC,426,141,247102110,1.5013888888888887
2018-06-17 00:00:00 UTC,426,145,247100320,0.29444444444444445
2018-06-17 00:00:00 UTC,426,176,238989740,2.7877777777777779
2018-06-17 00:00:00 UTC,426,177,238989740,5.0391666666666666
2018-06-17 00:00:00 UTC,426,172,238622140,3.3820833333333331
2018-06-17 00:00:00 UTC,426,174,238622140,0.53208333333333335
2018-06-17 00:00:00 UTC,426,175,238622140,4.0670833333333336
2018-06-17 00:00:00 UTC,426,-455,263512000,0.10180555555555557
2018-06-17 00:00:00 UTC,426,-456,263512000,1.32
2018-06-17 00:00:00 UTC,426,-461,263512000,1.1772222222222222
2018-06-17 00:00:00 UTC,426,-457,263512000,1.0529166666666667
2018-06-17 00:00:00 UTC,426,-462,263512000,0.75444444444444447
2018-06-17 00:00:00 UTC,426,-459,263512000,1.1251388888888889
2018-06-17 00:00:00 UTC,426,-458,263512000,0.68791666666666662
2018-06-17 00:00:00 UTC,426,-703,367665870,0.26916666666666667
2018-06-17 00:00:00 UTC,426,174,238838740,1.8166666666666664
2018-06-17 00:00:00 UTC,426,163,238934240,3.0818055555555555
2018-06-17 00:00:00 UTC,426,162,238934240,3.269166666666667
2018-06-17 00:00:00 UTC,426,161,238934240,0.30652777777777784
2018-06-17 00:00:00 UTC,426,164,238934240,1.4809722222222224
2018-06-17 00:00:00 UTC,426,176,238217440,6.35
2018-06-17 00:00:00 UTC,426,177,238217440,1.5490277777777779
2018-06-17 00:00:00 UTC,682,107,257079040,4.4652777777777777
2018-06-17 00:00:00 UTC,682,-541,331238000,6.6890277777777785
2018-06-17 00:00:00 UTC,682,-546,331238000,0.97222222222222221
2018-06-17 00:00:00 UTC,682,-540,331238000,9.6438888888888918
2018-06-17 00:00:00 UTC,682,-542,331238000,0.016805555555555556
2018-06-17 00:00:00 UTC,682,-535,331000049,0.67541666666666678
2018-06-17 00:00:00 UTC,682,-539,331000049,1.9734722222222212
2018-06-17 00:00:00 UTC,682,-540,331000049,0.46375
2018-06-17 00:00:00 UTC,682,-537,331000049,1.0218055555555556
2018-06-17 00:00:00 UTC,-342,-446,224160000,0.84375
2018-06-17 00:00:00 UTC,-342,176,601301000,3.1040277777777781
2018-06-17 00:00:00 UTC,-342,539,533333003,3.58
2018-06-17 00:00:00 UTC,-342,541,533333003,2.3708333333333336
2018-06-17 00:00:00 UTC,-342,540,533333003,0.3651388888888889
2018-06-17 00:00:00 UTC,-342,-1747,576682000,1.9355555555555557
2018-06-17 00:00:00 UTC,-342,-1746,576682000,1.6731944444444444
2018-06-17 00:00:00 UTC,-342,-1752,576682000,0.14652777777777778
2018-06-17 00:00:00 UTC,-342,-521,715848208,13.073194444444443
2018-06-17 00:00:00 UTC,-342,-522,715848208,10.797083333333333
2018-06-17 00:00:00 UTC,-342,412,416004369,1.4540277777777779
2018-06-17 00:00:00 UTC,-342,-526,710334501,3.2458333333333336
2018-06-17 00:00:00 UTC,-342,175,601289000,6.9504166666666665
2018-06-17 00:00:00 UTC,-342,680,416001838,0.9775
2018-06-17 00:00:00 UTC,-342,682,416001838,1.8813888888888892
2018-06-17 00:00:00 UTC,-342,681,416001838,1.76
2018-06-17 00:00:00 UTC,-342,256,601299000,4.3881944444444434
2018-06-17 00:00:00 UTC,-342,257,601299000,0.574861111111111
2018-06-17 00:00:00 UTC,-342,462,416002632,1.3027777777777778
2018-06-17 00:00:00 UTC,-342,461,416002632,0.5427777777777778
2018-06-17 00:00:00 UTC,-342,536,416003173,1.273333333333333
2018-06-17 00:00:00 UTC,-342,176,601233000,1.1818055555555558
2018-06-17 00:00:00 UTC,-342,530,416002667,0.74111111111111116
2018-06-17 00:00:00 UTC,-342,-526,710202739,3.2675
2018-06-17 00:00:00 UTC,-342,782,416004473,1.4627777777777775
2018-06-17 00:00:00 UTC,-342,546,416002944,0.34180555555555558
2018-06-17 00:00:00 UTC,-342,544,416002944,0.72347222222222218
2018-06-17 00:00:00 UTC,-342,545,416002944,5.7630555555555549
2018-06-17 00:00:00 UTC,-342,542,416002944,0.92833333333333323
2018-06-17 00:00:00 UTC,-342,543,416002944,0.793611111111111
2018-06-17 00:00:00 UTC,-342,539,416002944,1.2294444444444443
2018-06-17 00:00:00 UTC,-342,540,416002944,0.79152777777777783
2018-06-17 00:00:00 UTC,-342,260,601626000,0.91708333333333347
2018-06-17 00:00:00 UTC,-342,259,601626000,0.56555555555555559
2018-06-17 00:00:00 UTC,-342,1667,576890000,0.65444444444444461
2018-06-17 00:00:00 UTC,-342,1666,576890000,0.89708333333333323
2018-06-17 00:00:00 UTC,-342,618,416004245,1.0298611111111109
2018-06-17 00:00:00 UTC,-342,619,416004245,2.7619444444444454
2018-06-17 00:00:00 UTC,-342,620,416004245,1.2277777777777776
2018-06-17 00:00:00 UTC,-342,1655,416367000,0.71791666666666665
2018-06-17 00:00:00 UTC,-342,1653,416367000,3.3565277777777771
2018-06-17 00:00:00 UTC,-342,416,200042406,1.4127777777777779
2018-06-17 00:00:00 UTC,-342,417,200042406,0.59625
2018-06-17 00:00:00 UTC,-342,413,200042406,0.55944444444444441
2018-06-17 00:00:00 UTC,-342,415,200042406,2.6887499999999998
2018-06-17 00:00:00 UTC,-342,414,200042406,0.68124999999999991
2018-06-17 00:00:00 UTC,-342,417,200042407,0.23319444444444443
2018-06-17 00:00:00 UTC,-342,419,200042407,2.6784722222222217
2018-06-17 00:00:00 UTC,-342,418,200042407,0.99916666666666665
2018-06-17 00:00:00 UTC,-342,717,416004279,1.6804166666666664
2018-06-17 00:00:00 UTC,-342,1659,431702470,0.63208333333333333
2018-06-17 00:00:00 UTC,-342,793,416089800,0.28513888888888883
2018-06-17 00:00:00 UTC,-342,-1744,576877000,0.83333333333333326
2018-06-17 00:00:00 UTC,-342,-1745,576877000,1.48125
2018-06-17 00:00:00 UTC,-342,-1740,576877000,1.54875
2018-06-17 00:00:00 UTC,-342,463,416002764,1.9620833333333336
2018-06-17 00:00:00 UTC,-342,464,416002764,0.35777777777777781
2018-06-17 00:00:00 UTC,-342,755,412329421,0.46666666666666667
2018-06-17 00:00:00 UTC,-342,1659,431298000,0.36152777777777773
2018-06-17 00:00:00 UTC,-342,1658,431298000,2.71375
2018-06-17 00:00:00 UTC,-342,1656,431298000,1.1618055555555553
2018-06-17 00:00:00 UTC,-342,1657,431298000,1.5479166666666668
2018-06-17 00:00:00 UTC,-342,1655,432962000,0.39222222222222219
2018-06-17 00:00:00 UTC,-342,176,601271000,0.90888888888888886
2018-06-17 00:00:00 UTC,-342,175,601271000,2.6244444444444444
2018-06-17 00:00:00 UTC,-342,789,416173800,0.78375000000000006
2018-06-17 00:00:00 UTC,-342,1650,416641000,1.3505555555555557
2018-06-17 00:00:00 UTC,-342,1651,416641000,1.065
2018-06-17 00:00:00 UTC,-342,1649,416641000,0.48916666666666664
2018-06-17 00:00:00 UTC,-342,588,416002281,0.73375000000000012
2018-06-17 00:00:00 UTC,-342,587,416002281,0.28930555555555554
2018-06-17 00:00:00 UTC,-342,1647,416779000,1.9477777777777776
2018-06-17 00:00:00 UTC,-342,-1755,576843000,2.8925000000000005
2018-06-17 00:00:00 UTC,-342,-1756,576843000,0.5875
2018-06-17 00:00:00 UTC,-342,1665,416053500,0.95222222222222219
2018-06-17 00:00:00 UTC,-86,128,603100160,2.1794444444444445
2018-06-17 00:00:00 UTC,-86,-1773,412331009,5.01875
2018-06-17 00:00:00 UTC,-86,128,224393000,4.7672222222222249
2018-06-17 00:00:00 UTC,-86,-1336,412205130,0.676111111111111
2018-06-17 00:00:00 UTC,-86,1668,412420433,1.8968055555555554
2018-06-17 00:00:00 UTC,-86,1667,412420433,0.84194444444444438
2018-06-17 00:00:00 UTC,-86,1681,412420436,2.1656944444444441
2018-06-17 00:00:00 UTC,-86,-1763,416004248,0.23916666666666664
2018-06-17 00:00:00 UTC,-86,-1764,416004248,1.5043055555555556
2018-06-17 00:00:00 UTC,-86,128,224931000,0.06611111111111112
2018-06-17 00:00:00 UTC,-86,1716,412329422,2.4919444444444445
2018-06-17 00:00:00 UTC,-86,1717,412329422,2.8533333333333335
2018-06-17 00:00:00 UTC,-86,1714,412329422,2.0315277777777778
2018-06-17 00:00:00 UTC,-86,1713,412329422,1.0716666666666665
2018-06-17 00:00:00 UTC,-86,1715,412329422,0.89333333333333331
2018-06-17 00:00:00 UTC,-86,1613,416004582,1.1984722222222222
2018-06-17 00:00:00 UTC,-86,1612,416004582,0.6184722222222222
2018-06-17 00:00:00 UTC,171,-508,377907276,1.0659722222222223
2018-06-17 00:00:00 UTC,171,-511,377907276,3.557638888888889
2018-06-17 00:00:00 UTC,171,-514,377907276,1.3420833333333333
2018-06-17 00:00:00 UTC,171,-519,377907276,1.8616666666666668
2018-06-17 00:00:00 UTC,171,-510,377907276,0.78819444444444442
2018-06-17 00:00:00 UTC,171,-516,377907276,2.1027777777777779
2018-06-17 00:00:00 UTC,171,-515,377907276,1.0830555555555557
2018-06-17 00:00:00 UTC,171,-509,377907276,1.5672222222222221
2018-06-17 00:00:00 UTC,427,155,247125250,4.0441666666666674
2018-06-17 00:00:00 UTC,427,154,247125250,4.0181944444444451
2018-06-17 00:00:00 UTC,427,156,247125250,3.1172222222222223
2018-06-17 00:00:00 UTC,427,157,238337540,1.3445833333333332
2018-06-17 00:00:00 UTC,427,160,238337540,0.86125
2018-06-17 00:00:00 UTC,427,155,238337540,1.3641666666666665
2018-06-17 00:00:00 UTC,427,158,238337540,1.3223611111111109
2018-06-17 00:00:00 UTC,427,156,238337540,1.3693055555555553
2018-06-17 00:00:00 UTC,427,159,238337540,1.6595833333333332
2018-06-17 00:00:00 UTC,427,165,238369040,2.0777777777777775
2018-06-17 00:00:00 UTC,427,159,238117140,4.3350000000000009
2018-06-17 00:00:00 UTC,427,157,238117140,0.84722222222222221
2018-06-17 00:00:00 UTC,427,160,238117140,1
2018-06-17 00:00:00 UTC,427,158,238117140,2.9620833333333332
2018-06-17 00:00:00 UTC,427,-396,224081430,0.50277777777777777
2018-06-17 00:00:00 UTC,427,-393,224081430,1.4106944444444445
2018-06-17 00:00:00 UTC,427,-397,224081430,0.78027777777777785
2018-06-17 00:00:00 UTC,427,1327,273313050,1.8406944444444444
2018-06-17 00:00:00 UTC,427,1443,431007799,0.6575
2018-06-17 00:00:00 UTC,427,-698,367608380,11.608611111111111
2018-06-17 00:00:00 UTC,427,-699,367608380,2.1072222222222221
2018-06-17 00:00:00 UTC,427,1442,431008073,7.50625
2018-06-17 00:00:00 UTC,427,1443,431008073,0.32472222222222225
2018-06-17 00:00:00 UTC,427,158,238156640,1.3198611111111112
2018-06-17 00:00:00 UTC,427,159,238156640,0.80291666666666661
2018-06-17 00:00:00 UTC,427,157,238156640,1.3623611111111109
2018-06-17 00:00:00 UTC,427,1438,431011428,6.0069444444444446
2018-06-17 00:00:00 UTC,427,173,238363240,1.2856944444444445
2018-06-17 00:00:00 UTC,427,173,238621810,1.8458333333333334
2018-06-17 00:00:00 UTC,427,1444,431008115,3.2740277777777775
2018-06-17 00:00:00 UTC,427,1445,431008125,0.26666666666666672
2018-06-17 00:00:00 UTC,427,1444,431008125,4.5843055555555567
2018-06-17 00:00:00 UTC,427,172,238400640,0.62375
2018-06-17 00:00:00 UTC,427,140,247102850,0.46972222222222221
2018-06-17 00:00:00 UTC,427,164,238000005,2.3859722222222222
2018-06-17 00:00:00 UTC,427,164,238963340,4.2444444444444445
2018-06-17 00:00:00 UTC,427,-703,367710610,0.53305555555555562
2018-06-17 00:00:00 UTC,427,104,247221170,3.545694444444444
2018-06-17 00:00:00 UTC,427,-500,263555000,1.8759722222222224
2018-06-17 00:00:00 UTC,427,173,238622140,6.72125
2018-06-17 00:00:00 UTC,427,-456,263512000,0.34791666666666665
2018-06-17 00:00:00 UTC,427,-455,263512000,2.4184722222222224
2018-06-17 00:00:00 UTC,427,-454,263512000,1.5686111111111112
2018-06-17 00:00:00 UTC,427,-697,367467970,1.0206944444444443
2018-06-17 00:00:00 UTC,427,166,238905540,6.9277777777777771
2018-06-17 00:00:00 UTC,427,169,238028240,2.6048611111111111
2018-06-17 00:00:00 UTC,427,168,238028240,4.1904166666666667
2018-06-17 00:00:00 UTC,427,173,238770640,2.3780555555555556
2018-06-17 00:00:00 UTC,427,178,238895840,0.89833333333333343
2018-06-17 00:00:00 UTC,427,177,238217440,7.5183333333333335
2018-06-17 00:00:00 UTC,427,143,247080420,0.56666666666666665
2018-06-17 00:00:00 UTC,427,144,247080420,0.52930555555555558
2018-06-17 00:00:00 UTC,683,107,257079040,1.1456944444444443
2018-06-17 00:00:00 UTC,683,108,257079040,7.3579166666666671
2018-06-17 00:00:00 UTC,683,109,257079040,0.6875
2018-06-17 00:00:00 UTC,683,-545,331238000,1.3709722222222218
2018-06-17 00:00:00 UTC,683,-546,331238000,1.224722222222222
2018-06-17 00:00:00 UTC,683,-544,331238000,1.9804166666666667
2018-06-17 00:00:00 UTC,683,-539,331000049,0.79833333333333334
2018-06-17 00:00:00 UTC,683,-538,331000049,3.1276388888888897
2018-06-17 00:00:00 UTC,683,-535,331000049,0.33847222222222217
2018-06-17 00:00:00 UTC,683,-540,331000049,0.51597222222222217
2018-06-17 00:00:00 UTC,-341,176,601301000,1.2030555555555555
2018-06-17 00:00:00 UTC,-341,787,416004879,0.85638888888888887
2018-06-17 00:00:00 UTC,-341,-1752,576682000,0.92319444444444443
2018-06-17 00:00:00 UTC,-341,-1746,576682000,1.3990277777777775
2018-06-17 00:00:00 UTC,-341,-1745,576682000,0.2825
2018-06-17 00:00:00 UTC,-341,176,601226000,1.15
2018-06-17 00:00:00 UTC,-341,412,416004369,0.6025
2018-06-17 00:00:00 UTC,-341,-525,710334501,0.3975
2018-06-17 00:00:00 UTC,-341,-526,710334501,8.3579166666666662
2018-06-17 00:00:00 UTC,-341,175,601289000,2.8220833333333331
2018-06-17 00:00:00 UTC,-341,680,416001838,1.2933333333333332
2018-06-17 00:00:00 UTC,-341,681,416001838,4.790694444444445
2018-06-17 00:00:00 UTC,-341,682,416001838,1.4249999999999998
2018-06-17 00:00:00 UTC,-341,256,601299000,2.0919444444444442
2018-06-17 00:00:00 UTC,-341,135,431251000,1.1515277777777777
2018-06-17 00:00:00 UTC,-341,463,416002632,1.6501388888888888
2018-06-17 00:00:00 UTC,-341,464,416002632,0.17930555555555555
2018-06-17 00:00:00 UTC,-341,175,601233000,2.5593055555555559
2018-06-17 00:00:00 UTC,-341,176,601233000,2.73513888888889
2018-06-17 00:00:00 UTC,-341,530,416002667,0.71138888888888885
2018-06-17 00:00:00 UTC,-341,-524,710202739,1.1818055555555556
2018-06-17 00:00:00 UTC,-341,-525,710202739,13.920138888888889
2018-06-17 00:00:00 UTC,-341,782,416004473,0.10263888888888889
2018-06-17 00:00:00 UTC,-341,783,416004473,0.54263888888888889
2018-06-17 00:00:00 UTC,-341,541,416002944,3.3479166666666669
2018-06-17 00:00:00 UTC,-341,538,416002944,1.9091666666666667
2018-06-17 00:00:00 UTC,-341,539,416002944,3.4368055555555554
2018-06-17 00:00:00 UTC,-341,540,416002944,5.5004166666666663
2018-06-17 00:00:00 UTC,-341,262,601626000,2.7666666666666675
2018-06-17 00:00:00 UTC,-341,261,601626000,3.7188888888888894
2018-06-17 00:00:00 UTC,-341,260,601626000,1.8102777777777777
2018-06-17 00:00:00 UTC,-341,263,601626000,0.28291666666666665
2018-06-17 00:00:00 UTC,-341,1669,576890000,0.66972222222222222
2018-06-17 00:00:00 UTC,-341,1665,576890000,1.6247222222222224
2018-06-17 00:00:00 UTC,-341,1666,576890000,0.4029166666666667
2018-06-17 00:00:00 UTC,-341,619,416004245,0.22069444444444444
2018-06-17 00:00:00 UTC,-341,618,416004245,3.1358333333333328
2018-06-17 00:00:00 UTC,-341,616,416004245,2.2066666666666666
2018-06-17 00:00:00 UTC,-341,617,416004245,1.5305555555555557
2018-06-17 00:00:00 UTC,-341,1652,416367000,0.42652777777777778
2018-06-17 00:00:00 UTC,-341,180,601807000,2.9819444444444443
2018-06-17 00:00:00 UTC,-341,415,200042406,0.99583333333333335
2018-06-17 00:00:00 UTC,-341,413,200042406,0.91736111111111107
2018-06-17 00:00:00 UTC,-341,414,200042406,1.4956944444444444
2018-06-17 00:00:00 UTC,-341,417,200042407,2.1656944444444441
2018-06-17 00:00:00 UTC,-341,419,200042407,0.26958333333333334
2018-06-17 00:00:00 UTC,-341,416,200042407,0.65902777777777777
2018-06-17 00:00:00 UTC,-341,418,200042407,1.8205555555555555
2018-06-17 00:00:00 UTC,-341,717,416004279,1.2270833333333333
2018-06-17 00:00:00 UTC,-341,716,416004279,0.89194444444444443
2018-06-17 00:00:00 UTC,-341,1658,431702470,0.39958333333333329
2018-06-17 00:00:00 UTC,-341,793,416089800,0.43666666666666665
2018-06-17 00:00:00 UTC,-341,-1745,576877000,1.5984722222222223
2018-06-17 00:00:00 UTC,-341,-1744,576877000,0.87541666666666673
2018-06-17 00:00:00 UTC,-341,-1741,576877000,2.089722222222222
2018-06-17 00:00:00 UTC,-341,464,416002764,2.1511111111111116
2018-06-17 00:00:00 UTC,-341,463,416002764,0.67666666666666675
2018-06-17 00:00:00 UTC,-341,465,416002764,1.0525
2018-06-17 00:00:00 UTC,-341,755,412329421,0.42555555555555552
2018-06-17 00:00:00 UTC,-341,1656,431298000,0.99305555555555558
2018-06-17 00:00:00 UTC,-341,1657,431298000,3.2670833333333338
2018-06-17 00:00:00 UTC,-341,175,601271000,2.5998611111111112
2018-06-17 00:00:00 UTC,-341,757,412326874,0.79694444444444446
2018-06-17 00:00:00 UTC,-341,-1748,416556000,0.73097222222222225
2018-06-17 00:00:00 UTC,-341,789,416173800,3.7069444444444444
2018-06-17 00:00:00 UTC,-341,1649,416641000,2.9452777777777772
2018-06-17 00:00:00 UTC,-341,587,416002281,0.93305555555555542
2018-06-17 00:00:00 UTC,-341,588,416002281,2.5034722222222223
2018-06-17 00:00:00 UTC,-341,1647,416779000,0.59694444444444439
2018-06-17 00:00:00 UTC,-341,1646,416779000,0.5294444444444445
2018-06-17 00:00:00 UTC,-341,-1756,576843000,0.6413888888888889
2018-06-17 00:00:00 UTC,-341,-1755,576843000,2.3708333333333331
2018-06-17 00:00:00 UTC,-341,1664,416053500,0.90055555555555555
2018-06-17 00:00:00 UTC,-85,632,417000224,11.521111111111113
2018-06-17 00:00:00 UTC,-85,127,224393000,1.158611111111111
2018-06-17 00:00:00 UTC,-85,128,224393000,1.5572222222222223
2018-06-17 00:00:00 UTC,-85,1731,412331064,0.19708333333333333
2018-06-17 00:00:00 UTC,-85,-1340,412205130,0.8006944444444446
2018-06-17 00:00:00 UTC,-85,-1337,412205130,0.31430555555555556
2018-06-17 00:00:00 UTC,-85,-1338,412205130,0.45361111111111113
2018-06-17 00:00:00 UTC,-85,-1342,412205130,0.35805555555555557
2018-06-17 00:00:00 UTC,-85,-1341,412205130,0.50930555555555557
2018-06-17 00:00:00 UTC,-85,-1339,412205130,0.80375
2018-06-17 00:00:00 UTC,-85,-1336,412205130,0.61583333333333334
2018-06-17 00:00:00 UTC,-85,1668,412420433,1.090972222222222
2018-06-17 00:00:00 UTC,-85,1667,412420433,3.3556944444444445
2018-06-17 00:00:00 UTC,-85,1681,412420436,0.56638888888888894
2018-06-17 00:00:00 UTC,-85,-1762,416004248,1.5622222222222222
2018-06-17 00:00:00 UTC,-85,-1763,416004248,1.89375
2018-06-17 00:00:00 UTC,-85,1714,412329422,1.8725
2018-06-17 00:00:00 UTC,-85,1612,416004582,0.68166666666666664
2018-06-17 00:00:00 UTC,-85,1613,416004582,0.58277777777777784
2018-06-17 00:00:00 UTC,-85,-1592,412460007,0.59847222222222229
2018-06-17 00:00:00 UTC,172,-169,224032270,1.6126388888888892
2018-06-17 00:00:00 UTC,172,-521,377907276,0.37180555555555556
2018-06-17 00:00:00 UTC,172,-519,377907276,1.2851388888888888
2018-06-17 00:00:00 UTC,172,-520,377907276,1.2345833333333334
2018-06-17 00:00:00 UTC,172,-1516,367513810,0.4136111111111111
2018-06-17 00:00:00 UTC,172,-1515,367513810,3.3150000000000004
2018-06-17 00:00:00 UTC,172,-1514,367513810,0.84777777777777763
2018-06-17 00:00:00 UTC,172,-169,224026860,0.98388888888888892
2018-06-17 00:00:00 UTC,172,-164,224026860,2.2381944444444444
2018-06-17 00:00:00 UTC,428,154,238337540,2.2263888888888888
2018-06-17 00:00:00 UTC,428,152,238337540,0.85555555555555551
2018-06-17 00:00:00 UTC,428,155,238337540,3.9938888888888888
2018-06-17 00:00:00 UTC,428,153,238337540,3.2584722222222227
2018-06-17 00:00:00 UTC,428,156,238337540,3.2111111111111117
2018-06-17 00:00:00 UTC,428,165,238369040,1.8452777777777776
2018-06-17 00:00:00 UTC,428,157,238117140,1.0538888888888889
2018-06-17 00:00:00 UTC,428,156,238117140,3.0501388888888892
2018-06-17 00:00:00 UTC,428,-394,224081430,1.9227777777777777
2018-06-17 00:00:00 UTC,428,-398,224081430,0.49472222222222217
2018-06-17 00:00:00 UTC,428,-397,224081430,0.69319444444444445
2018-06-17 00:00:00 UTC,428,1326,273313050,3.5997222222222223
2018-06-17 00:00:00 UTC,428,1325,273313050,2.6061111111111108
2018-06-17 00:00:00 UTC,428,141,247154230,5.5491666666666672
2018-06-17 00:00:00 UTC,428,1443,431007799,3.5495833333333335
2018-06-17 00:00:00 UTC,428,1444,431007799,1.7858333333333332
2018-06-17 00:00:00 UTC,428,1442,431007799,1.255
2018-06-17 00:00:00 UTC,428,-690,367139130,2.0418055555555554
2018-06-17 00:00:00 UTC,428,160,238623040,0.58194444444444449
2018-06-17 00:00:00 UTC,428,158,238623040,1.6945833333333331
2018-06-17 00:00:00 UTC,428,159,238623040,1.3723611111111111
2018-06-17 00:00:00 UTC,428,167,238471240,4.0249999999999995
2018-06-17 00:00:00 UTC,428,1443,431008334,0.52097222222222217
2018-06-17 00:00:00 UTC,428,1444,431008334,7.6494444444444447
2018-06-17 00:00:00 UTC,428,1442,431008334,0.89597222222222217
2018-06-17 00:00:00 UTC,428,99,247220050,3.0637500000000006
2018-06-17 00:00:00 UTC,428,99,247067730,2.9530555555555567
2018-06-17 00:00:00 UTC,428,100,247067730,0.15277777777777779
2018-06-17 00:00:00 UTC,428,140,247086170,0.790138888888889
2018-06-17 00:00:00 UTC,428,156,238156640,1.3316666666666666
2018-06-17 00:00:00 UTC,428,155,238156640,2.16625
2018-06-17 00:00:00 UTC,428,1444,431008115,2.4431944444444444
2018-06-17 00:00:00 UTC,428,1442,431008115,0.778888888888889
2018-06-17 00:00:00 UTC,428,1443,431008115,2.088888888888889
2018-06-17 00:00:00 UTC,428,1443,431008125,1.0611111111111109
2018-06-17 00:00:00 UTC,428,1445,431008125,1.1966666666666668
2018-06-17 00:00:00 UTC,428,1444,431008125,0.25430555555555556
2018-06-17 00:00:00 UTC,428,140,247102850,1.5556944444444443
2018-06-17 00:00:00 UTC,428,142,247133570,1.2793055555555555
2018-06-17 00:00:00 UTC,428,-1267,367191940,6.0909722222222218
2018-06-17 00:00:00 UTC,428,164,238000005,0.59319444444444447
2018-06-17 00:00:00 UTC,428,163,238000005,0.64152777777777781
2018-06-17 00:00:00 UTC,428,-499,263555000,4.5531944444444452
2018-06-17 00:00:00 UTC,428,-500,263555000,7.0966666666666685
2018-06-17 00:00:00 UTC,428,160,238299840,0.30013888888888884
2018-06-17 00:00:00 UTC,428,-452,263512000,0.67305555555555552
2018-06-17 00:00:00 UTC,428,-453,263512000,0.68680555555555556
2018-06-17 00:00:00 UTC,428,-697,367467970,0.24152777777777779
2018-06-17 00:00:00 UTC,428,-698,367467970,1.4827777777777775
2018-06-17 00:00:00 UTC,428,1342,273439980,0.12208333333333334
2018-06-17 00:00:00 UTC,684,116,257149500,0.34166666666666667
2018-06-17 00:00:00 UTC,684,113,257149500,4.2104166666666671
2018-06-17 00:00:00 UTC,684,117,257149500,0.40097222222222223
2018-06-17 00:00:00 UTC,684,114,257149500,2.9925
2018-06-17 00:00:00 UTC,684,115,257149500,0.19958333333333333
2018-06-17 00:00:00 UTC,-340,1639,576736000,0.66111111111111109
2018-06-17 00:00:00 UTC,-340,1638,576736000,3.850138888888889
2018-06-17 00:00:00 UTC,-340,534,533333001,0.73263888888888884
2018-06-17 00:00:00 UTC,-340,535,533333001,0.63361111111111112
2018-06-17 00:00:00 UTC,-340,541,533333007,1.5988888888888888
2018-06-17 00:00:00 UTC,-340,540,533333007,1.862638888888889
2018-06-17 00:00:00 UTC,-340,788,416004879,0.20347222222222222
2018-06-17 00:00:00 UTC,-340,787,416004879,2.5263888888888881
2018-06-17 00:00:00 UTC,-340,-1747,576682000,3.3104166666666668
2018-06-17 00:00:00 UTC,-340,-1745,576682000,1.3112499999999998
2018-06-17 00:00:00 UTC,-340,-1746,576682000,0.43597222222222221
2018-06-17 00:00:00 UTC,-340,-1749,576682000,0.51027777777777783
2018-06-17 00:00:00 UTC,-340,-1752,576682000,0.97944444444444445
2018-06-17 00:00:00 UTC,-340,-1750,576682000,0.68194444444444446
2018-06-17 00:00:00 UTC,-340,-1748,576682000,0.48222222222222222
2018-06-17 00:00:00 UTC,-340,412,416004369,0.74041666666666672
2018-06-17 00:00:00 UTC,-340,763,416004635,0.90124999999999988
2018-06-17 00:00:00 UTC,-340,761,416004635,1.7793055555555555
2018-06-17 00:00:00 UTC,-340,762,416004635,1.6455555555555557
2018-06-17 00:00:00 UTC,-340,760,416004635,1.5633333333333332
2018-06-17 00:00:00 UTC,-340,764,416004635,1.5304166666666668
2018-06-17 00:00:00 UTC,-340,765,416004635,0.78111111111111109
2018-06-17 00:00:00 UTC,-340,257,601684000,1.1205555555555555
2018-06-17 00:00:00 UTC,-340,174,601289000,1.0154166666666666
2018-06-17 00:00:00 UTC,-340,175,601289000,1.1890277777777778
2018-06-17 00:00:00 UTC,-340,342,416766000,0.3298611111111111
2018-06-17 00:00:00 UTC,-340,465,416002632,0.2175
2018-06-17 00:00:00 UTC,-340,464,416002632,4.283888888888888
2018-06-17 00:00:00 UTC,-340,174,601233000,2.2913888888888887
2018-06-17 00:00:00 UTC,-340,176,601233000,0.37819444444444439
2018-06-17 00:00:00 UTC,-340,175,601233000,4.4913888888888893
2018-06-17 00:00:00 UTC,-340,530,416002667,1.9508333333333332
2018-06-17 00:00:00 UTC,-340,-524,710202739,1.3798611111111112
2018-06-17 00:00:00 UTC,-340,828,431200650,0.42597222222222231
2018-06-17 00:00:00 UTC,-340,781,416004747,0.61111111111111116
2018-06-17 00:00:00 UTC,-340,418,416002447,0.81208333333333338
2018-06-17 00:00:00 UTC,-340,419,416002447,0.31944444444444442
2018-06-17 00:00:00 UTC,-340,263,601626000,4.21736111111111
2018-06-17 00:00:00 UTC,-340,264,601626000,2.8661111111111111
2018-06-17 00:00:00 UTC,-340,262,601626000,0.32319444444444445
2018-06-17 00:00:00 UTC,-340,1665,576890000,1.2219444444444443
2018-06-17 00:00:00 UTC,-340,1664,576890000,0.31666666666666671
2018-06-17 00:00:00 UTC,-340,1668,576890000,0.55458333333333332
2018-06-17 00:00:00 UTC,-340,617,416004245,0.691111111111111
2018-06-17 00:00:00 UTC,-340,616,416004245,2.0444444444444447
2018-06-17 00:00:00 UTC,-340,1653,416367000,1.2601388888888887
2018-06-17 00:00:00 UTC,-340,1652,416367000,3.1431944444444442
2018-06-17 00:00:00 UTC,-340,182,601807000,0.17041666666666666
2018-06-17 00:00:00 UTC,-340,181,601807000,0.64569444444444446
2018-06-17 00:00:00 UTC,-340,180,601807000,0.44125000000000003
2018-06-17 00:00:00 UTC,-340,415,200042406,1.0365277777777777
2018-06-17 00:00:00 UTC,-340,414,200042406,0.74111111111111116
2018-06-17 00:00:00 UTC,-340,417,200042407,0.79375
2018-06-17 00:00:00 UTC,-340,416,200042407,2.9354166666666672
2018-06-17 00:00:00 UTC,-340,257,601774000,2.9456944444444448
2018-06-17 00:00:00 UTC,-340,716,416004279,1.9337499999999996
2018-06-17 00:00:00 UTC,-340,793,416089800,0.50861111111111112
2018-06-17 00:00:00 UTC,-340,-1745,576877000,1.7569444444444444
2018-06-17 00:00:00 UTC,-340,-1742,576877000,2.0806944444444442
2018-06-17 00:00:00 UTC,-340,-1743,576877000,1.2704166666666665
2018-06-17 00:00:00 UTC,-340,-1744,576877000,0.29875
2018-06-17 00:00:00 UTC,-340,469,416002764,0.36277777777777781
2018-06-17 00:00:00 UTC,-340,467,416002764,0.72847222222222219
2018-06-17 00:00:00 UTC,-340,466,416002764,0.7134722222222224
2018-06-17 00:00:00 UTC,-340,465,416002764,3.3268055555555547
2018-06-17 00:00:00 UTC,-340,468,416002764,0.53819444444444442
2018-06-17 00:00:00 UTC,-340,1656,431298000,0.73875
2018-06-17 00:00:00 UTC,-340,1654,431298000,0.61791666666666667
2018-06-17 00:00:00 UTC,-340,175,601087700,1.2963888888888886
2018-06-17 00:00:00 UTC,-340,174,601087700,1.4236111111111112
2018-06-17 00:00:00 UTC,-340,-1747,416556000,2.4670833333333335
2018-06-17 00:00:00 UTC,-340,-1748,416556000,0.69430555555555573
2018-06-17 00:00:00 UTC,-340,-1741,416556000,0.10791666666666666
2018-06-17 00:00:00 UTC,-340,-1742,416556000,1.02875
2018-06-17 00:00:00 UTC,-340,-1739,416556000,1.2386111111111109
2018-06-17 00:00:00 UTC,-340,789,416173800,1.7419444444444443
2018-06-17 00:00:00 UTC,-340,588,416002281,0.54166666666666674
2018-06-17 00:00:00 UTC,-340,587,416002281,1.7545833333333334
2018-06-17 00:00:00 UTC,-340,1647,416779000,0.88583333333333336
2018-06-17 00:00:00 UTC,-340,1646,416779000,0.37888888888888894
2018-06-17 00:00:00 UTC,-340,-1756,576843000,0.21277777777777776
2018-06-17 00:00:00 UTC,-340,-1755,576843000,1.7274999999999994
2018-06-17 00:00:00 UTC,-340,1664,416053500,1.1831944444444447
2018-06-17 00:00:00 UTC,-340,1661,416053500,0.71638888888888874
2018-06-17 00:00:00 UTC,-340,1663,416053500,1.63875
2018-06-17 00:00:00 UTC,-84,1754,412331011,0.75472222222222218
2018-06-17 00:00:00 UTC,-84,1731,412331064,0.20319444444444446
2018-06-17 00:00:00 UTC,-84,1730,412331064,0.64166666666666661
2018-06-17 00:00:00 UTC,-84,-1342,412205130,0.54333333333333333
2018-06-17 00:00:00 UTC,-84,-1343,412205130,1.149027777777778
2018-06-17 00:00:00 UTC,-84,1680,412420436,0.88152777777777769
2018-06-17 00:00:00 UTC,-84,1681,412420436,0.45611111111111113
2018-06-17 00:00:00 UTC,-84,1612,416003984,3.3127777777777778
2018-06-17 00:00:00 UTC,-84,1611,416003984,3.8380555555555551
2018-06-17 00:00:00 UTC,-84,-1763,416004248,1.6331944444444444
2018-06-17 00:00:00 UTC,-84,516,664067000,0.98555555555555552
2018-06-17 00:00:00 UTC,-84,-1334,416118500,3.021527777777778
2018-06-17 00:00:00 UTC,-84,-1592,412460007,0.20652777777777778
2018-06-17 00:00:00 UTC,-84,-1599,412460007,1.1190277777777777
2018-06-17 00:00:00 UTC,173,-168,224032270,0.17930555555555555
2018-06-17 00:00:00 UTC,173,-169,224032270,2.1716666666666664
2018-06-17 00:00:00 UTC,173,-168,225987981,0.77638888888888891
2018-06-17 00:00:00 UTC,173,-1518,367513810,1.9543055555555555
2018-06-17 00:00:00 UTC,173,-1516,367513810,3.1513888888888886
2018-06-17 00:00:00 UTC,173,-1517,367513810,3.0855555555555552
2018-06-17 00:00:00 UTC,173,1281,416883418,5.1398611111111112
2018-06-17 00:00:00 UTC,173,-164,224026860,1.6541666666666668
2018-06-17 00:00:00 UTC,173,-169,224026860,1.3141666666666667
2018-06-17 00:00:00 UTC,429,163,238102540,3.8797222222222221
2018-06-17 00:00:00 UTC,429,163,238369040,4.0088888888888885
2018-06-17 00:00:00 UTC,429,155,238117140,0.59583333333333333
2018-06-17 00:00:00 UTC,429,156,238117140,0.53736111111111107
2018-06-17 00:00:00 UTC,429,-398,224081430,1.2091666666666665
2018-06-17 00:00:00 UTC,429,-395,224081430,1.9886111111111111
2018-06-17 00:00:00 UTC,429,-396,224081430,1.0116666666666667
2018-06-17 00:00:00 UTC,429,-690,367139130,3.6568055555555552
2018-06-17 00:00:00 UTC,429,158,238623040,0.27083333333333337
2018-06-17 00:00:00 UTC,429,157,238623040,4.6526388888888892
2018-06-17 00:00:00 UTC,429,156,238623040,0.28888888888888886
2018-06-17 00:00:00 UTC,429,139,247086170,0.80430555555555561
2018-06-17 00:00:00 UTC,429,163,238901340,3.3736111111111109
2018-06-17 00:00:00 UTC,429,162,238469740,2.6126388888888887
2018-06-17 00:00:00 UTC,429,162,238621810,3.7541666666666664
2018-06-17 00:00:00 UTC,429,165,238016640,0.27097222222222217
2018-06-17 00:00:00 UTC,429,-1267,367191940,5.3566666666666674
2018-06-17 00:00:00 UTC,429,162,238963340,0.53597222222222218
2018-06-17 00:00:00 UTC,429,163,238963340,0.25847222222222221
2018-06-17 00:00:00 UTC,429,99,247220130,0.4538888888888889
2018-06-17 00:00:00 UTC,429,-499,263555000,5.8708333333333345
2018-06-17 00:00:00 UTC,429,-498,263555000,1.2994444444444442
2018-06-17 00:00:00 UTC,429,160,238299840,1.1251388888888889
2018-06-17 00:00:00 UTC,429,159,238299840,1.713888888888889
2018-06-17 00:00:00 UTC,429,158,238299840,2.0458333333333334
2018-06-17 00:00:00 UTC,429,-452,263512000,1.9358333333333333
2018-06-17 00:00:00 UTC,429,163,238770640,4.4165277777777776
2018-06-17 00:00:00 UTC,429,162,238836440,3.3169444444444443
2018-06-17 00:00:00 UTC,429,99,247065580,1.3988888888888888
2018-06-17 00:00:00 UTC,429,163,238654710,1.02625
2018-06-17 00:00:00 UTC,429,162,238654710,2.5956944444444447
2018-06-17 00:00:00 UTC,685,114,257149500,0.37152777777777779
2018-06-17 00:00:00 UTC,685,115,257149500,0.8043055555555555
2018-06-17 00:00:00 UTC,685,119,257202140,8.6647222222222222
2018-06-17 00:00:00 UTC,-339,534,533333001,1.2005555555555556
2018-06-17 00:00:00 UTC,-339,541,533333007,1.485
2018-06-17 00:00:00 UTC,-339,542,533333007,0.32916666666666666
2018-06-17 00:00:00 UTC,-339,788,416004879,2.1027777777777774
2018-06-17 00:00:00 UTC,-339,-1747,576682000,1.2336111111111112
2018-06-17 00:00:00 UTC,-339,-1753,576682000,0.22444444444444442
2018-06-17 00:00:00 UTC,-339,541,533333009,2.3466666666666667
2018-06-17 00:00:00 UTC,-339,767,416004635,0.41416666666666668
2018-06-17 00:00:00 UTC,-339,763,416004635,0.69902777777777791
2018-06-17 00:00:00 UTC,-339,766,416004635,0.71930555555555542
2018-06-17 00:00:00 UTC,-339,761,416004635,1.683472222222222
2018-06-17 00:00:00 UTC,-339,760,416004635,1.9022222222222216
2018-06-17 00:00:00 UTC,-339,765,416004635,1.4462500000000003
2018-06-17 00:00:00 UTC,-339,764,416004635,1.1873611111111111
2018-06-17 00:00:00 UTC,-339,762,416004635,1.6137500000000005
2018-06-17 00:00:00 UTC,-339,1086,416724000,1.4927777777777775
2018-06-17 00:00:00 UTC,-339,1087,416724000,1.0634722222222222
2018-06-17 00:00:00 UTC,-339,174,601289000,2.2116666666666669
2018-06-17 00:00:00 UTC,-339,343,416766000,0.30722222222222223
2018-06-17 00:00:00 UTC,-339,342,416766000,0.27541666666666664
2018-06-17 00:00:00 UTC,-339,174,601224000,3.8833333333333333
2018-06-17 00:00:00 UTC,-339,465,416002632,0.87083333333333335
2018-06-17 00:00:00 UTC,-339,182,601218900,2.4790277777777776
2018-06-17 00:00:00 UTC,-339,176,601233000,0.59180555555555547
2018-06-17 00:00:00 UTC,-339,175,601233000,0.074861111111111114
2018-06-17 00:00:00 UTC,-339,174,601233000,3.1466666666666669
2018-06-17 00:00:00 UTC,-339,-1717,416785000,1.1181944444444445
2018-06-17 00:00:00 UTC,-339,653,416004718,2.6162500000000004
2018-06-17 00:00:00 UTC,-339,937,416056700,1.1022222222222222
2018-06-17 00:00:00 UTC,-339,936,416056700,1.8730555555555557
2018-06-17 00:00:00 UTC,-339,938,416056700,1.3287499999999999
2018-06-17 00:00:00 UTC,-339,935,416056700,1.4625
2018-06-17 00:00:00 UTC,-339,939,416056700,1.1733333333333336
2018-06-17 00:00:00 UTC,-339,940,416056700,0.86347222222222231
2018-06-17 00:00:00 UTC,-339,830,431200650,1.37125
2018-06-17 00:00:00 UTC,-339,828,431200650,1.4576388888888885
2018-06-17 00:00:00 UTC,-339,829,431200650,0.3873611111111111
2018-06-17 00:00:00 UTC,-339,827,431200650,1.1001388888888892
2018-06-17 00:00:00 UTC,-339,831,431200650,0.15944444444444444
2018-06-17 00:00:00 UTC,-339,418,416002447,1.2312499999999997
2018-06-17 00:00:00 UTC,-339,263,601626000,0.18722222222222223
2018-06-17 00:00:00 UTC,-339,264,601626000,1.837361111111111
2018-06-17 00:00:00 UTC,-339,1665,576890000,0.27888888888888885
2018-06-17 00:00:00 UTC,-339,616,416004245,1.0290277777777779
2018-06-17 00:00:00 UTC,-339,1653,416367000,1.5119444444444443
2018-06-17 00:00:00 UTC,-339,182,601807000,1.8073611111111112
2018-06-17 00:00:00 UTC,-339,181,601807000,4.126666666666666
2018-06-17 00:00:00 UTC,-339,845,413270430,0.81791666666666685
2018-06-17 00:00:00 UTC,-339,174,601326000,0.2409722222222222
2018-06-17 00:00:00 UTC,-339,175,601326000,3.2348611111111105
2018-06-17 00:00:00 UTC,-339,715,416004279,1.026111111111111
2018-06-17 00:00:00 UTC,-339,716,416004279,1.3036111111111111
2018-06-17 00:00:00 UTC,-339,1655,431702470,0.27486111111111111
2018-06-17 00:00:00 UTC,-339,797,416089800,0.45208333333333334
2018-06-17 00:00:00 UTC,-339,793,416089800,1.2512500000000002
2018-06-17 00:00:00 UTC,-339,-1744,576877000,1.0955555555555556
2018-06-17 00:00:00 UTC,-339,-1745,576877000,1.8333333333333335
2018-06-17 00:00:00 UTC,-339,-1746,576877000,0.26291666666666669
2018-06-17 00:00:00 UTC,-339,469,416002764,3.2751388888888888
2018-06-17 00:00:00 UTC,-339,468,416002764,0.19208333333333336
2018-06-17 00:00:00 UTC,-339,174,601087700,2.7670833333333333
2018-06-17 00:00:00 UTC,-339,-1744,416556000,1.6545833333333335
2018-06-17 00:00:00 UTC,-339,-1742,416556000,0.50375
2018-06-17 00:00:00 UTC,-339,-1748,416556000,2.0177777777777779
2018-06-17 00:00:00 UTC,-339,-1743,416556000,1.3294444444444444
2018-06-17 00:00:00 UTC,-339,792,416173800,0.80833333333333335
2018-06-17 00:00:00 UTC,-339,789,416173800,1.5229166666666667
2018-06-17 00:00:00 UTC,-339,790,416173800,0.40041666666666664
2018-06-17 00:00:00 UTC,-339,587,416002281,0.52736111111111117
2018-06-17 00:00:00 UTC,-339,588,416002281,1.9206944444444447
2018-06-17 00:00:00 UTC,-339,1647,416779000,1.4925
2018-06-17 00:00:00 UTC,-339,-1755,576843000,1.5043055555555556
2018-06-17 00:00:00 UTC,-339,1662,416053500,1.6395833333333334
2018-06-17 00:00:00 UTC,-339,1663,416053500,0.44652777777777775
2018-06-17 00:00:00 UTC,-83,1750,412331011,0.91236111111111118
2018-06-17 00:00:00 UTC,-83,1751,412331011,1.0275
2018-06-17 00:00:00 UTC,-83,633,417000224,0.76097222222222227
2018-06-17 00:00:00 UTC,-83,1730,412331064,0.87930555555555556
2018-06-17 00:00:00 UTC,-83,-1344,412205130,1.2897222222222222
2018-06-17 00:00:00 UTC,-83,-1342,412205130,1.2186111111111111
2018-06-17 00:00:00 UTC,-83,-1343,412205130,1.19125
2018-06-17 00:00:00 UTC,-83,-1570,412460112,0.93333333333333335
2018-06-17 00:00:00 UTC,-83,-1567,412460112,1.1569444444444441
2018-06-17 00:00:00 UTC,-83,-1569,412460112,0.21805555555555556
2018-06-17 00:00:00 UTC,-83,-1571,412460112,0.79194444444444434
2018-06-17 00:00:00 UTC,-83,1679,412420436,1.3529166666666668
2018-06-17 00:00:00 UTC,-83,1753,70506081,0.591388888888889
2018-06-17 00:00:00 UTC,-83,1612,416003984,2.2423611111111108
2018-06-17 00:00:00 UTC,-83,1611,416003984,2.5356944444444443
2018-06-17 00:00:00 UTC,-83,-1764,416004248,1.3168055555555556
2018-06-17 00:00:00 UTC,-83,-1763,416004248,1.0905555555555555
2018-06-17 00:00:00 UTC,-83,-1349,416120500,0.61430555555555544
2018-06-17 00:00:00 UTC,-83,-1348,416120500,1.7220833333333332
2018-06-17 00:00:00 UTC,-83,515,664067000,2.3677777777777775
2018-06-17 00:00:00 UTC,-83,-206,416035800,0.62972222222222229
2018-06-17 00:00:00 UTC,-83,-211,416035800,0.44722222222222219
2018-06-17 00:00:00 UTC,-83,-208,416035800,1.5669444444444445
2018-06-17 00:00:00 UTC,-83,-207,416035800,2.986388888888889
2018-06-17 00:00:00 UTC,-83,-213,416035800,0.26097222222222222
2018-06-17 00:00:00 UTC,-83,-210,416035800,1.096527777777778
2018-06-17 00:00:00 UTC,-83,-212,416035800,0.73819444444444438
2018-06-17 00:00:00 UTC,-83,-205,416035800,1.4280555555555556
2018-06-17 00:00:00 UTC,-83,-1337,416118500,2.1769444444444446
2018-06-17 00:00:00 UTC,-83,-1339,416118500,3.0251388888888888
2018-06-17 00:00:00 UTC,-83,-1342,416118500,3.0062499999999996
2018-06-17 00:00:00 UTC,-83,-1340,416118500,4.8486111111111114
2018-06-17 00:00:00 UTC,-83,-1338,416118500,2.9251388888888887
2018-06-17 00:00:00 UTC,-83,-1341,416118500,0.70944444444444454
2018-06-17 00:00:00 UTC,-83,-1336,416118500,4.564861111111111
2018-06-17 00:00:00 UTC,-83,1669,412326904,0.7779166666666667
2018-06-17 00:00:00 UTC,-83,1668,412326904,0.49638888888888888
2018-06-17 00:00:00 UTC,174,-168,224032270,3.0012499999999998
2018-06-17 00:00:00 UTC,174,-168,225987981,2.9634722222222218
2018-06-17 00:00:00 UTC,174,-167,225987981,3.3479166666666669
2018-06-17 00:00:00 UTC,174,1396,431277000,0.13041666666666668
2018-06-17 00:00:00 UTC,174,1397,431277000,0.582638888888889
2018-06-17 00:00:00 UTC,174,-1521,367513810,1.2436111111111112
2018-06-17 00:00:00 UTC,174,-1520,367513810,2.2223611111111117
2018-06-17 00:00:00 UTC,174,-1519,367513810,1.6395833333333334
2018-06-17 00:00:00 UTC,174,1281,416883418,6.8513888888888888
2018-06-17 00:00:00 UTC,174,-167,224026860,7.0865277777777775
2018-06-17 00:00:00 UTC,430,163,238102540,1.8511111111111112
2018-06-17 00:00:00 UTC,430,162,238369040,7.9081944444444439
2018-06-17 00:00:00 UTC,430,-395,224081430,3.3343055555555559
2018-06-17 00:00:00 UTC,430,-396,224081430,1.8625
2018-06-17 00:00:00 UTC,430,280,207326000,0.47236111111111106
2018-06-17 00:00:00 UTC,430,281,207326000,0.28708333333333336
2018-06-17 00:00:00 UTC,430,280,207293000,0.55055555555555558
2018-06-17 00:00:00 UTC,430,281,207293000,0.21652777777777776
2018-06-17 00:00:00 UTC,430,139,247103060,0.2625
2018-06-17 00:00:00 UTC,430,163,238901340,3.5293055555555557
2018-06-17 00:00:00 UTC,430,139,247080550,0.29708333333333337
2018-06-17 00:00:00 UTC,430,162,238469740,3.4084722222222221
2018-06-17 00:00:00 UTC,430,164,238016640,0.80722222222222217
2018-06-17 00:00:00 UTC,430,163,238016640,3.7444444444444449
2018-06-17 00:00:00 UTC,430,-1268,367191940,1.6584722222222221
2018-06-17 00:00:00 UTC,430,-1267,367191940,1.8529166666666668
2018-06-17 00:00:00 UTC,430,163,238963340,0.32499999999999996
2018-06-17 00:00:00 UTC,430,281,207829660,11.956527777777776
2018-06-17 00:00:00 UTC,430,282,207829660,0.79319444444444454
2018-06-17 00:00:00 UTC,430,280,207829660,1.6369444444444441
2018-06-17 00:00:00 UTC,430,1459,273392550,1.70875
2018-06-17 00:00:00 UTC,430,-499,263555000,1.1597222222222221
2018-06-17 00:00:00 UTC,430,-498,263555000,2.1880555555555552
2018-06-17 00:00:00 UTC,430,159,238299840,1.1918055555555556
2018-06-17 00:00:00 UTC,430,158,238299840,1.9000000000000001
2018-06-17 00:00:00 UTC,430,139,247086280,1.13875
2018-06-17 00:00:00 UTC,430,164,238765540,4.0763888888888893
2018-06-17 00:00:00 UTC,430,163,238765040,2.4090277777777773
2018-06-17 00:00:00 UTC,430,-1268,367364340,2.3504166666666668
2018-06-17 00:00:00 UTC,430,-1269,367364340,7.0009722222222219
2018-06-17 00:00:00 UTC,430,163,238654710,2.5738888888888889
2018-06-17 00:00:00 UTC,430,-497,263531000,0.84458333333333335
2018-06-17 00:00:00 UTC,430,1459,273358330,1.3456944444444443
2018-06-17 00:00:00 UTC,686,-551,331559000,0.94527777777777777
2018-06-17 00:00:00 UTC,686,-552,331559000,1.2077777777777778
2018-06-17 00:00:00 UTC,686,-553,331559000,5.0452777777777786
2018-06-17 00:00:00 UTC,686,-550,331559000,0.864027777777778
2018-06-17 00:00:00 UTC,686,124,257099140,0.88597222222222227
2018-06-17 00:00:00 UTC,-338,534,533333001,1.2230555555555556
2018-06-17 00:00:00 UTC,-338,542,533333007,0.44902777777777775
2018-06-17 00:00:00 UTC,-338,548,533333007,4.7654166666666669
2018-06-17 00:00:00 UTC,-338,545,533333007,0.78666666666666663
2018-06-17 00:00:00 UTC,-338,546,533333007,0.8143055555555555
2018-06-17 00:00:00 UTC,-338,544,533333007,0.85125
2018-06-17 00:00:00 UTC,-338,543,533333007,0.81736111111111109
2018-06-17 00:00:00 UTC,-338,549,533333007,0.47888888888888886
2018-06-17 00:00:00 UTC,-338,547,533333007,0.9044444444444445
2018-06-17 00:00:00 UTC,-338,788,416004879,0.30361111111111111
2018-06-17 00:00:00 UTC,-338,-1753,576682000,0.7302777777777778
2018-06-17 00:00:00 UTC,-338,766,416004635,0.52374999999999994
2018-06-17 00:00:00 UTC,-338,765,416004635,0.54027777777777786
2018-06-17 00:00:00 UTC,-338,767,416004635,0.26097222222222222
2018-06-17 00:00:00 UTC,-338,1085,416724000,1.3984722222222215
2018-06-17 00:00:00 UTC,-338,1087,416724000,1.2363888888888888
2018-06-17 00:00:00 UTC,-338,1086,416724000,2.6737499999999996
2018-06-17 00:00:00 UTC,-338,174,601289000,6.2393055555555552
2018-06-17 00:00:00 UTC,-338,-509,710096180,7.5891666666666673
2018-06-17 00:00:00 UTC,-338,175,601224000,2.2620833333333334
2018-06-17 00:00:00 UTC,-338,174,601224000,3.1376388888888891
2018-06-17 00:00:00 UTC,-338,467,416002632,3.2947222222222221
2018-06-17 00:00:00 UTC,-338,466,416002632,0.97652777777777788
2018-06-17 00:00:00 UTC,-338,175,601014600,2.0736111111111111
2018-06-17 00:00:00 UTC,-338,779,416005206,3.66
2018-06-17 00:00:00 UTC,-338,775,416005206,0.871388888888889
2018-06-17 00:00:00 UTC,-338,175,601233000,1.3791666666666669
2018-06-17 00:00:00 UTC,-338,174,601233000,3.97375
2018-06-17 00:00:00 UTC,-338,-1717,416785000,2.0276388888888892
2018-06-17 00:00:00 UTC,-338,530,416002667,1.4330555555555553
2018-06-17 00:00:00 UTC,-338,529,416002667,0.43125
2018-06-17 00:00:00 UTC,-338,653,416004718,0.28333333333333333
2018-06-17 00:00:00 UTC,-338,784,416004473,0.13291666666666666
2018-06-17 00:00:00 UTC,-338,940,416056700,0.66388888888888886
2018-06-17 00:00:00 UTC,-338,943,416056700,1.6197222222222225
2018-06-17 00:00:00 UTC,-338,942,416056700,1.6001388888888888
2018-06-17 00:00:00 UTC,-338,941,416056700,1.561805555555555
2018-06-17 00:00:00 UTC,-338,831,431200650,0.72930555555555554
2018-06-17 00:00:00 UTC,-338,829,431200650,1.760555555555555
2018-06-17 00:00:00 UTC,-338,827,431200650,1.8333333333333335
2018-06-17 00:00:00 UTC,-338,830,431200650,0.37958333333333333
2018-06-17 00:00:00 UTC,-338,502,416000652,1.2479166666666668
2018-06-17 00:00:00 UTC,-338,503,416000652,6.131388888888889
2018-06-17 00:00:00 UTC,-338,418,416002447,0.68305555555555553
2018-06-17 00:00:00 UTC,-338,1653,416367000,0.36375
2018-06-17 00:00:00 UTC,-338,1652,416367000,1.3219444444444446
2018-06-17 00:00:00 UTC,-338,174,601326000,2.3252777777777776
2018-06-17 00:00:00 UTC,-338,715,416004279,2.005694444444444
2018-06-17 00:00:00 UTC,-338,714,416004279,1.1744444444444444
2018-06-17 00:00:00 UTC,-338,1636,416081600,0.68944444444444453
2018-06-17 00:00:00 UTC,-338,1634,416081600,0.69736111111111121
2018-06-17 00:00:00 UTC,-338,793,416089800,0.3823611111111111
2018-06-17 00:00:00 UTC,-338,796,416089800,0.48402777777777778
2018-06-17 00:00:00 UTC,-338,797,416089800,0.18277777777777776
2018-06-17 00:00:00 UTC,-338,-1751,576877000,0.90625
2018-06-17 00:00:00 UTC,-338,-1750,576877000,0.62069444444444444
2018-06-17 00:00:00 UTC,-338,-1749,576877000,0.23791666666666667
2018-06-17 00:00:00 UTC,-338,-1745,416556000,2.1955555555555555
2018-06-17 00:00:00 UTC,-338,-1747,416556000,2.3765277777777776
2018-06-17 00:00:00 UTC,-338,-1746,416556000,1.6105555555555555
2018-06-17 00:00:00 UTC,-338,-1748,416556000,0.3625
2018-06-17 00:00:00 UTC,-338,790,416173800,2.9527777777777784
2018-06-17 00:00:00 UTC,-338,792,416173800,0.82902777777777781
2018-06-17 00:00:00 UTC,-338,587,416002281,1.9744444444444444
2018-06-17 00:00:00 UTC,-338,588,416002281,0.65083333333333349
2018-06-17 00:00:00 UTC,-338,519,416198900,5.3909722222222216
2018-06-17 00:00:00 UTC,-338,518,416198900,2.0204166666666667
2018-06-17 00:00:00 UTC,-338,1647,416779000,0.7780555555555555
2018-06-17 00:00:00 UTC,-338,-1755,576843000,1.1540277777777779
2018-06-17 00:00:00 UTC,-82,1749,412331011,1.2172222222222224
2018-06-17 00:00:00 UTC,-82,1716,440885000,0.9243055555555556
2018-06-17 00:00:00 UTC,-82,1730,412331064,0.758611111111111
2018-06-17 00:00:00 UTC,-82,-1344,412205130,0.75055555555555564
2018-06-17 00:00:00 UTC,-82,-1342,412205130,0.25722222222222224
2018-06-17 00:00:00 UTC,-82,-1341,412205130,1.4662499999999996
2018-06-17 00:00:00 UTC,-82,-1572,412460112,1.2856944444444447
2018-06-17 00:00:00 UTC,-82,-1571,412460112,0.23583333333333331
2018-06-17 00:00:00 UTC,-82,-1573,412460112,1.5040277777777777
2018-06-17 00:00:00 UTC,-82,-1576,412460112,0.57972222222222225
2018-06-17 00:00:00 UTC,-82,-1574,412460112,0.83124999999999982
2018-06-17 00:00:00 UTC,-82,-1575,412460112,0.30041666666666667
2018-06-17 00:00:00 UTC,-82,1752,70506081,0.44847222222222222
2018-06-17 00:00:00 UTC,-82,1753,70506081,5.308472222222222
2018-06-17 00:00:00 UTC,-82,8,412698510,4.2763888888888886
2018-06-17 00:00:00 UTC,-82,1611,416003984,1.3330555555555554
2018-06-17 00:00:00 UTC,-82,1610,416003984,3.38875
2018-06-17 00:00:00 UTC,-82,-1764,416004248,0.77333333333333332
2018-06-17 00:00:00 UTC,-82,-1762,416004248,0.70888888888888879
2018-06-17 00:00:00 UTC,-82,-1353,416120500,2.8772222222222221
2018-06-17 00:00:00 UTC,-82,-1350,416120500,1.4206944444444445
2018-06-17 00:00:00 UTC,-82,-1346,416120500,3.982222222222223
2018-06-17 00:00:00 UTC,-82,-1351,416120500,0.94152777777777774
2018-06-17 00:00:00 UTC,-82,-1352,416120500,1.6781944444444443
2018-06-17 00:00:00 UTC,-82,-1349,416120500,1.1527777777777777
2018-06-17 00:00:00 UTC,-82,-1345,416120500,0.41986111111111113
2018-06-17 00:00:00 UTC,-82,-1344,416120500,0.71861111111111109
2018-06-17 00:00:00 UTC,-82,-211,416035800,2.0573611111111112
2018-06-17 00:00:00 UTC,-82,-213,416035800,3.7975
2018-06-17 00:00:00 UTC,-82,-206,416035800,0.7152777777777779
2018-06-17 00:00:00 UTC,-82,-209,416035800,1.0954166666666669
2018-06-17 00:00:00 UTC,-82,-205,416035800,1.2086111111111111
2018-06-17 00:00:00 UTC,-82,-208,416035800,2.0437499999999997
2018-06-17 00:00:00 UTC,-82,-210,416035800,1.7713888888888889
2018-06-17 00:00:00 UTC,-82,-207,416035800,1.9393055555555558
2018-06-17 00:00:00 UTC,-82,1703,412326875,2.59
2018-06-17 00:00:00 UTC,-82,1670,412326904,0.88861111111111113
2018-06-17 00:00:00 UTC,175,-168,224032270,1.9415277777777775
2018-06-17 00:00:00 UTC,175,-168,224372000,0.66541666666666666
2018-06-17 00:00:00 UTC,175,-167,224372000,0.59361111111111109
2018-06-17 00:00:00 UTC,175,1314,416002346,5.8984722222222219
2018-06-17 00:00:00 UTC,175,-167,224313420,0.74791666666666667
2018-06-17 00:00:00 UTC,175,-1633,367719270,4.5938888888888894
2018-06-17 00:00:00 UTC,175,-167,225987981,4.4958333333333336
2018-06-17 00:00:00 UTC,175,-166,225987981,3.2790277777777774
2018-06-17 00:00:00 UTC,175,-168,225987981,1.0141666666666667
2018-06-17 00:00:00 UTC,175,1395,431277000,1.0686111111111112
2018-06-17 00:00:00 UTC,175,-1521,367513810,3.6925
2018-06-17 00:00:00 UTC,175,-1520,367513810,2.0454166666666667
2018-06-17 00:00:00 UTC,175,1280,416883418,5.8727777777777774
2018-06-17 00:00:00 UTC,175,-167,224033000,0.32486111111111116
2018-06-17 00:00:00 UTC,175,-168,224033000,0.034444444444444444
2018-06-17 00:00:00 UTC,175,-167,224026860,4.2072222222222226
2018-06-17 00:00:00 UTC,175,-166,224026860,2.1338888888888889
2018-06-17 00:00:00 UTC,431,157,238988040,2.1844444444444444
2018-06-17 00:00:00 UTC,431,-94,224086550,0.6151388888888889
2018-06-17 00:00:00 UTC,431,-93,224086550,0.6068055555555556
2018-06-17 00:00:00 UTC,431,-174,224057370,0.62347222222222221
2018-06-17 00:00:00 UTC,431,-172,224057370,1.4436111111111112
2018-06-17 00:00:00 UTC,431,-173,224057370,2.0927777777777781
2018-06-17 00:00:00 UTC,431,-650,316005404,7.3723611111111111
2018-06-17 00:00:00 UTC,431,281,207326000,0.62277777777777776
2018-06-17 00:00:00 UTC,431,280,207326000,1.8397222222222225
2018-06-17 00:00:00 UTC,431,-696,367139130,4.9506944444444452
2018-06-17 00:00:00 UTC,431,-697,367139130,8.2437499999999986
2018-06-17 00:00:00 UTC,431,-698,367139130,0.084305555555555564
2018-06-17 00:00:00 UTC,431,280,207293000,4.1256944444444441
2018-06-17 00:00:00 UTC,431,281,207293000,0.18722222222222223
2018-06-17 00:00:00 UTC,431,139,247103060,0.25513888888888892
2018-06-17 00:00:00 UTC,431,99,247066220,2.0131944444444447
2018-06-17 00:00:00 UTC,431,1459,273315480,1.4295833333333334
2018-06-17 00:00:00 UTC,431,-512,263503000,0.30958333333333327
2018-06-17 00:00:00 UTC,431,-514,263503000,3.354305555555555
2018-06-17 00:00:00 UTC,431,-513,263503000,2.4099999999999993
2018-06-17 00:00:00 UTC,431,280,207829660,0.56527777777777777
2018-06-17 00:00:00 UTC,431,281,207829660,3.0276388888888888
2018-06-17 00:00:00 UTC,431,156,238987940,1.2375
2018-06-17 00:00:00 UTC,431,1461,273392550,1.0497222222222222
2018-06-17 00:00:00 UTC,431,1460,273392550,1.5172222222222222
2018-06-17 00:00:00 UTC,431,1462,273392550,0.7583333333333333
2018-06-17 00:00:00 UTC,431,1459,273392550,4.5736111111111111
2018-06-17 00:00:00 UTC,431,-661,316012210,0.28722222222222227
2018-06-17 00:00:00 UTC,431,159,238299840,1.6598611111111112
2018-06-17 00:00:00 UTC,431,-511,224534000,10.639166666666666
2018-06-17 00:00:00 UTC,431,1459,273356020,0.812361111111111
2018-06-17 00:00:00 UTC,431,-1270,367364340,5.2248611111111121
2018-06-17 00:00:00 UTC,431,-1269,367364340,4.715
2018-06-17 00:00:00 UTC,431,-497,263531000,0.81916666666666671
2018-06-17 00:00:00 UTC,431,33,227403000,2.3711111111111109
2018-06-17 00:00:00 UTC,431,1460,273358330,2.1195833333333334
2018-06-17 00:00:00 UTC,431,1459,273358330,13.083333333333332
2018-06-17 00:00:00 UTC,687,127,257040440,6.61875
2018-06-17 00:00:00 UTC,687,126,257040440,5.0830555555555552
2018-06-17 00:00:00 UTC,687,-553,331559000,0.30611111111111111
2018-06-17 00:00:00 UTC,687,-552,331559000,4.5468055555555544
2018-06-17 00:00:00 UTC,687,-551,331559000,3.9106944444444447
2018-06-17 00:00:00 UTC,687,-549,331559000,3.6816666666666666
2018-06-17 00:00:00 UTC,687,-550,331559000,3.3265277777777778
2018-06-17 00:00:00 UTC,687,141,257536700,0.72944444444444434
2018-06-17 00:00:00 UTC,-337,938,416153600,0.83291666666666664
2018-06-17 00:00:00 UTC,-337,937,416153600,0.49736111111111109
2018-06-17 00:00:00 UTC,-337,1636,576736000,1.3499999999999999
2018-06-17 00:00:00 UTC,-337,1638,576736000,3.2841666666666667
2018-06-17 00:00:00 UTC,-337,1637,576736000,0.79305555555555551
2018-06-17 00:00:00 UTC,-337,534,533333001,0.41569444444444442
2018-06-17 00:00:00 UTC,-337,533,533333001,0.56152777777777774
2018-06-17 00:00:00 UTC,-337,543,533333007,1.8090277777777779
2018-06-17 00:00:00 UTC,-337,788,416004879,0.21513888888888888
2018-06-17 00:00:00 UTC,-337,789,416004879,0.33361111111111108
2018-06-17 00:00:00 UTC,-337,-1752,576682000,0.88625
2018-06-17 00:00:00 UTC,-337,539,533333009,0.63763888888888887
2018-06-17 00:00:00 UTC,-337,538,533333009,0.53986111111111112
2018-06-17 00:00:00 UTC,-337,540,533333009,0.72916666666666674
2018-06-17 00:00:00 UTC,-337,537,533333009,1.0479166666666666
2018-06-17 00:00:00 UTC,-337,1084,416724000,1.6084722222222219
2018-06-17 00:00:00 UTC,-337,1087,416724000,0.68333333333333335
2018-06-17 00:00:00 UTC,-337,1083,416724000,1.3138888888888889
2018-06-17 00:00:00 UTC,-337,1086,416724000,2.1293055555555553
2018-06-17 00:00:00 UTC,-337,1085,416724000,2.5516666666666667
2018-06-17 00:00:00 UTC,-337,434,416098600,0.7070833333333334
2018-06-17 00:00:00 UTC,-337,435,416098600,0.4498611111111111
2018-06-17 00:00:00 UTC,-337,932,416166700,0.6025
2018-06-17 00:00:00 UTC,-337,-510,710096180,1.1998611111111108
2018-06-17 00:00:00 UTC,-337,175,601224000,1.9983333333333333
2018-06-17 00:00:00 UTC,-337,174,601224000,2.4706944444444443
2018-06-17 00:00:00 UTC,-337,175,601014600,1.7847222222222225
2018-06-17 00:00:00 UTC,-337,776,416005206,0.88819444444444451
2018-06-17 00:00:00 UTC,-337,775,416005206,2.9297222222222219
2018-06-17 00:00:00 UTC,-337,779,416005206,0.26444444444444443
2018-06-17 00:00:00 UTC,-337,-1717,416785000,2.2620833333333326
2018-06-17 00:00:00 UTC,-337,529,416002667,1.4684722222222222
2018-06-17 00:00:00 UTC,-337,530,416002667,0.365
2018-06-17 00:00:00 UTC,-337,653,416004718,1.8977777777777773
2018-06-17 00:00:00 UTC,-337,787,416004473,0.27680555555555553
2018-06-17 00:00:00 UTC,-337,785,416004473,0.56458333333333333
2018-06-17 00:00:00 UTC,-337,944,416056700,0.78680555555555554
2018-06-17 00:00:00 UTC,-337,945,416056700,2.4319444444444445
2018-06-17 00:00:00 UTC,-337,827,431200650,0.96194444444444449
2018-06-17 00:00:00 UTC,-337,832,431200650,2.7344444444444456
2018-06-17 00:00:00 UTC,-337,831,431200650,0.0925
2018-06-17 00:00:00 UTC,-337,501,416000652,1.2804166666666665
2018-06-17 00:00:00 UTC,-337,844,413270430,0.17583333333333331
2018-06-17 00:00:00 UTC,-337,770,416004773,0.44791666666666674
2018-06-17 00:00:00 UTC,-337,769,416004773,1.1618055555555558
2018-06-17 00:00:00 UTC,-337,175,601326000,3.0197222222222222
2018-06-17 00:00:00 UTC,-337,770,416004790,0.88611111111111107
2018-06-17 00:00:00 UTC,-337,771,416004790,0.65847222222222235
2018-06-17 00:00:00 UTC,-337,772,416004790,0.13722222222222222
2018-06-17 00:00:00 UTC,-337,716,416004279,0.80111111111111111
2018-06-17 00:00:00 UTC,-337,714,416004279,1.6072222222222223
2018-06-17 00:00:00 UTC,-337,529,416002235,2.9861111111111107
2018-06-17 00:00:00 UTC,-337,1634,416081600,0.42138888888888887
2018-06-17 00:00:00 UTC,-337,796,416089800,0.59513888888888888
2018-06-17 00:00:00 UTC,-337,-1751,576877000,0.36333333333333329
2018-06-17 00:00:00 UTC,-337,571,412354268,1.5480555555555557
2018-06-17 00:00:00 UTC,-337,1067,416005085,2.7255555555555557
2018-06-17 00:00:00 UTC,-337,1070,416005085,3.6251388888888894
2018-06-17 00:00:00 UTC,-337,790,416173800,0.92555555555555558
2018-06-17 00:00:00 UTC,-337,587,416002281,0.97597222222222235
2018-06-17 00:00:00 UTC,-337,588,416002281,0.9145833333333333
2018-06-17 00:00:00 UTC,-337,518,416198900,3.79125
2018-06-17 00:00:00 UTC,-337,-1755,576843000,1.4668055555555557
2018-06-17 00:00:00 UTC,-81,1748,412331011,0.8634722222222222
2018-06-17 00:00:00 UTC,-81,1717,440885000,0.42291666666666666
2018-06-17 00:00:00 UTC,-81,1716,440885000,1.5156944444444442
2018-06-17 00:00:00 UTC,-81,1744,440820000,0.39013888888888892
2018-06-17 00:00:00 UTC,-81,1729,412331064,1.1465277777777776
2018-06-17 00:00:00 UTC,-81,-1341,412205130,0.83000000000000007
2018-06-17 00:00:00 UTC,-81,-1342,412205130,1.5140277777777778
2018-06-17 00:00:00 UTC,-81,-1344,412205130,1.7940277777777778
2018-06-17 00:00:00 UTC,-81,-1343,412205130,1.2577777777777777
2018-06-17 00:00:00 UTC,-81,9,412698510,0.30236111111111114
2018-06-17 00:00:00 UTC,-81,1610,416003984,4.4540277777777773
2018-06-17 00:00:00 UTC,-81,1611,416003984,2.8330555555555552
2018-06-17 00:00:00 UTC,-81,-1175,416004501,0.8801388888888888
2018-06-17 00:00:00 UTC,-81,-1761,416004248,0.65652777777777782
2018-06-17 00:00:00 UTC,-81,-1762,416004248,0.48749999999999993
2018-06-17 00:00:00 UTC,-81,-1344,416120500,0.59722222222222221
2018-06-17 00:00:00 UTC,-81,1703,412326875,5.5020833333333332
2018-06-17 00:00:00 UTC,-81,1702,412326875,2.0602777777777779
2018-06-17 00:00:00 UTC,-81,1670,412326904,1.0269444444444444
2018-06-17 00:00:00 UTC,-81,-1318,412460029,1.035
2018-06-17 00:00:00 UTC,-81,-1322,412460029,0.49736111111111109
2018-06-17 00:00:00 UTC,-81,-1321,412460029,0.66319444444444442
2018-06-17 00:00:00 UTC,-81,-1320,412460029,0.4959722222222222
2018-06-17 00:00:00 UTC,-81,-1323,412460029,1.9177777777777778
2018-06-17 00:00:00 UTC,-81,-1319,412460029,0.62444444444444447
2018-06-17 00:00:00 UTC,176,-167,224032270,0.43125
2018-06-17 00:00:00 UTC,176,-167,224266000,3.8163888888888891
2018-06-17 00:00:00 UTC,176,-167,224841000,5.2994444444444468
2018-06-17 00:00:00 UTC,176,-167,224313420,0.26958333333333334
2018-06-17 00:00:00 UTC,176,-166,225987981,1.8462499999999997
2018-06-17 00:00:00 UTC,176,1281,416883418,0.99652777777777768
2018-06-17 00:00:00 UTC,432,-516,276544000,5.6925000000000008
2018-06-17 00:00:00 UTC,432,-515,276544000,8.3848611111111122
2018-06-17 00:00:00 UTC,432,-172,224096770,11.513194444444444
2018-06-17 00:00:00 UTC,432,-1246,367616260,0.25819444444444445
2018-06-17 00:00:00 UTC,432,138,247084040,1.3776388888888889
2018-06-17 00:00:00 UTC,432,157,238988040,0.25569444444444445
2018-06-17 00:00:00 UTC,432,156,238988040,2.0986111111111114
2018-06-17 00:00:00 UTC,432,-92,224080660,0.25958333333333333
2018-06-17 00:00:00 UTC,432,-175,224057370,0.14458333333333334
2018-06-17 00:00:00 UTC,432,-173,224057370,1.3443055555555556
2018-06-17 00:00:00 UTC,432,-174,224057370,3.8706944444444442
2018-06-17 00:00:00 UTC,432,159,238952740,1.3522222222222222
2018-06-17 00:00:00 UTC,432,160,238952740,2.5243055555555554
2018-06-17 00:00:00 UTC,432,-698,367139130,0.15888888888888891
2018-06-17 00:00:00 UTC,432,-697,367139130,0.67291666666666661
2018-06-17 00:00:00 UTC,432,281,207293000,0.29152777777777777
2018-06-17 00:00:00 UTC,432,280,207293000,0.09583333333333334
2018-06-17 00:00:00 UTC,432,164,238880340,1.14375
2018-06-17 00:00:00 UTC,432,159,238589810,3.4152777777777774
2018-06-17 00:00:00 UTC,432,155,238117240,1.93875
2018-06-17 00:00:00 UTC,432,156,238117240,7.735277777777779
2018-06-17 00:00:00 UTC,432,-1268,367191940,3.5204166666666667
2018-06-17 00:00:00 UTC,432,-1269,367191940,0.62888888888888894
2018-06-17 00:00:00 UTC,432,281,207429000,11.918888888888889
2018-06-17 00:00:00 UTC,432,280,207429000,0.91097222222222229
2018-06-17 00:00:00 UTC,432,281,207828370,9.2465277777777786
2018-06-17 00:00:00 UTC,432,1459,273315480,3.301111111111112
2018-06-17 00:00:00 UTC,432,-514,263503000,2.1463888888888891
2018-06-17 00:00:00 UTC,432,-516,263503000,0.77097222222222239
2018-06-17 00:00:00 UTC,432,-515,263503000,8.9926388888888873
2018-06-17 00:00:00 UTC,432,281,207829660,2.0281944444444444
2018-06-17 00:00:00 UTC,432,155,238987940,1.3445833333333335
2018-06-17 00:00:00 UTC,432,156,238987940,0.83611111111111114
2018-06-17 00:00:00 UTC,432,1463,273392550,1.42625
2018-06-17 00:00:00 UTC,432,1464,273392550,0.90027777777777773
2018-06-17 00:00:00 UTC,432,1462,273392550,0.58736111111111111
2018-06-17 00:00:00 UTC,432,139,247080890,1.3666666666666667
2018-06-17 00:00:00 UTC,432,159,238299840,0.26930555555555558
2018-06-17 00:00:00 UTC,432,160,238299840,2.3208333333333333
2018-06-17 00:00:00 UTC,432,-514,224534000,11.697638888888889
2018-06-17 00:00:00 UTC,432,-1270,367364340,0.65819444444444442
2018-06-17 00:00:00 UTC,432,-1269,367364340,4.4586111111111109
2018-06-17 00:00:00 UTC,432,-496,263531000,0.41513888888888889
2018-06-17 00:00:00 UTC,432,36,227403000,0.83347222222222228
2018-06-17 00:00:00 UTC,432,35,227403000,4.8206944444444444
2018-06-17 00:00:00 UTC,688,-540,331000065,1.4308333333333332
2018-06-17 00:00:00 UTC,688,-538,331000065,1.28625
2018-06-17 00:00:00 UTC,688,-539,331000065,11.637083333333331
2018-06-17 00:00:00 UTC,688,133,257019160,1.0290277777777779
2018-06-17 00:00:00 UTC,688,128,257163320,5.1518055555555557
2018-06-17 00:00:00 UTC,688,129,257163320,0.37472222222222223
2018-06-17 00:00:00 UTC,688,127,257163320,2.2481944444444446
2018-06-17 00:00:00 UTC,688,132,258545000,0.3223611111111111
2018-06-17 00:00:00 UTC,688,133,258545000,2.8625
2018-06-17 00:00:00 UTC,688,127,257099140,11.656805555555554
2018-06-17 00:00:00 UTC,688,128,257099140,4.585972222222221
2018-06-17 00:00:00 UTC,688,144,257130940,0.27041666666666664
2018-06-17 00:00:00 UTC,688,143,257536700,0.13666666666666666
2018-06-17 00:00:00 UTC,688,141,257536700,0.98874999999999968
2018-06-17 00:00:00 UTC,688,142,257536700,2.6597222222222214
2018-06-17 00:00:00 UTC,688,147,257197020,4.222083333333333
2018-06-17 00:00:00 UTC,-336,939,416153600,1.3627777777777776
2018-06-17 00:00:00 UTC,-336,943,416153600,0.091805555555555557
2018-06-17 00:00:00 UTC,-336,940,416153600,1.4668055555555555
2018-06-17 00:00:00 UTC,-336,942,416153600,0.21777777777777774
2018-06-17 00:00:00 UTC,-336,941,416153600,1.0484722222222222
2018-06-17 00:00:00 UTC,-336,1636,576736000,0.27375
2018-06-17 00:00:00 UTC,-336,533,533333001,1.0916666666666668
2018-06-17 00:00:00 UTC,-336,543,533333007,0.46472222222222226
2018-06-17 00:00:00 UTC,-336,544,533333007,0.7302777777777778
2018-06-17 00:00:00 UTC,-336,789,416004879,2.3636111111111116
2018-06-17 00:00:00 UTC,-336,541,533333009,1.7640277777777778
2018-06-17 00:00:00 UTC,-336,536,533333009,0.19180555555555553
2018-06-17 00:00:00 UTC,-336,535,533333009,0.54847222222222225
2018-06-17 00:00:00 UTC,-336,-395,204212000,1.9290277777777776
2018-06-17 00:00:00 UTC,-336,1085,416724000,0.67055555555555557
2018-06-17 00:00:00 UTC,-336,1086,416724000,0.16138888888888889
2018-06-17 00:00:00 UTC,-336,1083,416724000,0.15805555555555556
2018-06-17 00:00:00 UTC,-336,935,416166700,0.40527777777777785
2018-06-17 00:00:00 UTC,-336,934,416166700,1.324861111111111
2018-06-17 00:00:00 UTC,-336,933,416166700,1.6312499999999999
2018-06-17 00:00:00 UTC,-336,932,416166700,0.35
2018-06-17 00:00:00 UTC,-336,175,601224000,4.8686111111111119
2018-06-17 00:00:00 UTC,-336,175,601014600,4.74111111111111
2018-06-17 00:00:00 UTC,-336,777,416005206,2.135
2018-06-17 00:00:00 UTC,-336,778,416005206,0.51291666666666658
2018-06-17 00:00:00 UTC,-336,780,416005206,0.28638888888888892
2018-06-17 00:00:00 UTC,-336,776,416005206,2.5451388888888893
2018-06-17 00:00:00 UTC,-336,-1717,416785000,1.0115277777777778
2018-06-17 00:00:00 UTC,-336,529,416002667,3.357361111111111
2018-06-17 00:00:00 UTC,-336,652,416004718,0.18041666666666667
2018-06-17 00:00:00 UTC,-336,508,416084600,0.97
2018-06-17 00:00:00 UTC,-336,509,416084600,3.6755555555555564
2018-06-17 00:00:00 UTC,-336,785,416004473,0.65499999999999992
2018-06-17 00:00:00 UTC,-336,787,416004473,0.33
2018-06-17 00:00:00 UTC,-336,786,416004473,0.57
2018-06-17 00:00:00 UTC,-336,832,431200650,0.88847222222222222
2018-06-17 00:00:00 UTC,-336,501,416000652,1.3419444444444444
2018-06-17 00:00:00 UTC,-336,417,416002447,0.64333333333333331
2018-06-17 00:00:00 UTC,-336,844,413270430,0.51208333333333345
2018-06-17 00:00:00 UTC,-336,770,416004773,2.404722222222222
2018-06-17 00:00:00 UTC,-336,769,416004773,1.3298611111111114
2018-06-17 00:00:00 UTC,-336,175,601326000,1.9766666666666655
2018-06-17 00:00:00 UTC,-336,772,416004790,2.6665277777777772
2018-06-17 00:00:00 UTC,-336,770,416004790,1.6304166666666662
2018-06-17 00:00:00 UTC,-336,771,416004790,2.3458333333333332
2018-06-17 00:00:00 UTC,-336,715,416004279,0.73722222222222222
2018-06-17 00:00:00 UTC,-336,714,416004279,1.1143055555555557
2018-06-17 00:00:00 UTC,-336,716,416004279,0.77722222222222226
2018-06-17 00:00:00 UTC,-336,528,416002235,1.6722222222222225
2018-06-17 00:00:00 UTC,-336,795,416089800,0.32069444444444439
2018-06-17 00:00:00 UTC,-336,796,416089800,0.58888888888888891
2018-06-17 00:00:00 UTC,-336,-1751,576877000,0.5838888888888889
2018-06-17 00:00:00 UTC,-336,838,413270220,0.31375
2018-06-17 00:00:00 UTC,-336,571,412354268,1.3018055555555557
2018-06-17 00:00:00 UTC,-336,795,416231900,1.3631944444444446
2018-06-17 00:00:00 UTC,-336,1065,416005085,1.7847222222222219
2018-06-17 00:00:00 UTC,-336,1061,416005085,0.52833333333333332
2018-06-17 00:00:00 UTC,-336,1062,416005085,1.2544444444444445
2018-06-17 00:00:00 UTC,-336,1063,416005085,2.0401388888888881
2018-06-17 00:00:00 UTC,-336,1064,416005085,1.6150000000000002
2018-06-17 00:00:00 UTC,-336,1066,416005085,1.0320833333333332
2018-06-17 00:00:00 UTC,-336,791,416173800,1.7808333333333333
2018-06-17 00:00:00 UTC,-336,790,416173800,0.67694444444444446
2018-06-17 00:00:00 UTC,-336,588,416002281,1.1669444444444446
2018-06-17 00:00:00 UTC,-336,773,416004851,6.5461111111111112
2018-06-17 00:00:00 UTC,-336,-1755,576843000,2.4883333333333333
2018-06-17 00:00:00 UTC,-336,347,416005115,0.50847222222222221
2018-06-17 00:00:00 UTC,-80,1747,412331011,1.015
2018-06-17 00:00:00 UTC,-80,1748,412331011,0.084166666666666667
2018-06-17 00:00:00 UTC,-80,1715,440885000,0.59291666666666665
2018-06-17 00:00:00 UTC,-80,1718,440885000,0.32777777777777778
2018-06-17 00:00:00 UTC,-80,1716,440885000,0.15819444444444444
2018-06-17 00:00:00 UTC,-80,1744,440820000,2.5284722222222218
2018-06-17 00:00:00 UTC,-80,1742,440820000,0.67458333333333331
2018-06-17 00:00:00 UTC,-80,1743,440820000,2.2031944444444442
2018-06-17 00:00:00 UTC,-80,1741,440820000,0.12472222222222223
2018-06-17 00:00:00 UTC,-80,1720,412331063,0.76027777777777783
2018-06-17 00:00:00 UTC,-80,1729,412331064,0.65680555555555564
2018-06-17 00:00:00 UTC,-80,1727,412331064,1.1522222222222223
2018-06-17 00:00:00 UTC,-80,1725,412331064,2.4912500000000009
2018-06-17 00:00:00 UTC,-80,1726,412331064,0.8833333333333333
2018-06-17 00:00:00 UTC,-80,1728,412331064,1.5877777777777777
2018-06-17 00:00:00 UTC,-80,-1345,412205130,1.2763888888888888
2018-06-17 00:00:00 UTC,-80,4,412698510,1.3859722222222222
2018-06-17 00:00:00 UTC,-80,3,412698510,0.79180555555555565
2018-06-17 00:00:00 UTC,-80,9,412698510,0.61152777777777778
2018-06-17 00:00:00 UTC,-80,8,412698510,0.63027777777777794
2018-06-17 00:00:00 UTC,-80,5,412698510,1.2133333333333334
2018-06-17 00:00:00 UTC,-80,7,412698510,0.091666666666666674
2018-06-17 00:00:00 UTC,-80,1610,416003984,0.29472222222222222
2018-06-17 00:00:00 UTC,-80,-1177,416004501,1.5219444444444443
2018-06-17 00:00:00 UTC,-80,-1176,416004501,0.49569444444444444
2018-06-17 00:00:00 UTC,-80,-1762,416004248,1.0734722222222222
2018-06-17 00:00:00 UTC,-80,-1344,416120500,0.64041666666666652
2018-06-17 00:00:00 UTC,-80,-1347,416120500,0.28694444444444445
2018-06-17 00:00:00 UTC,-80,-1345,416120500,0.56541666666666668
2018-06-17 00:00:00 UTC,-80,-1346,416120500,0.38388888888888889
2018-06-17 00:00:00 UTC,-80,512,664067000,1.5897222222222223
2018-06-17 00:00:00 UTC,-80,1746,440781000,0.2311111111111111
2018-06-17 00:00:00 UTC,-80,1744,440781000,0.46972222222222221
2018-06-17 00:00:00 UTC,-80,1745,440781000,0.53055555555555556
2018-06-17 00:00:00 UTC,-80,1702,412326875,2.1684722222222224
2018-06-17 00:00:00 UTC,-80,1703,412326875,0.9951388888888888
2018-06-17 00:00:00 UTC,-80,1701,412326875,1.2170833333333335
2018-06-17 00:00:00 UTC,-80,1665,412326904,1.4502777777777778
2018-06-17 00:00:00 UTC,-80,1668,412326904,2.1675000000000004
2018-06-17 00:00:00 UTC,-80,1664,412326904,2.2048611111111112
2018-06-17 00:00:00 UTC,-80,-1318,412460029,0.48152777777777778
2018-06-17 00:00:00 UTC,177,-167,224266000,6.7361111111111125
2018-06-17 00:00:00 UTC,177,-167,224841000,5.3105555555555561
2018-06-17 00:00:00 UTC,177,-1567,366909880,3.6944444444444446
2018-06-17 00:00:00 UTC,433,-240,224026880,0.11736111111111111
2018-06-17 00:00:00 UTC,433,-173,224096770,0.70291666666666663
2018-06-17 00:00:00 UTC,433,-172,224096770,2.9458333333333337
2018-06-17 00:00:00 UTC,433,-1245,367616260,0.94583333333333319
2018-06-17 00:00:00 UTC,433,-1246,367616260,1.2847222222222225
2018-06-17 00:00:00 UTC,433,155,238988040,3.0081944444444439
2018-06-17 00:00:00 UTC,433,154,238988040,1.0529166666666665
2018-06-17 00:00:00 UTC,433,-24,224104970,1.6086111111111112
2018-06-17 00:00:00 UTC,433,-499,316014090,0.875
2018-06-17 00:00:00 UTC,433,-500,316014090,7.7548611111111114
2018-06-17 00:00:00 UTC,433,159,238952740,4.4416666666666673
2018-06-17 00:00:00 UTC,433,-22,224313150,0.4186111111111111
2018-06-17 00:00:00 UTC,433,-21,224313150,0.041805555555555554
2018-06-17 00:00:00 UTC,433,-675,316023364,10.903333333333334
2018-06-17 00:00:00 UTC,433,-702,338233672,0.4284722222222222
2018-06-17 00:00:00 UTC,433,-703,338233672,0.47374999999999995
2018-06-17 00:00:00 UTC,433,162,238880340,0.16916666666666666
2018-06-17 00:00:00 UTC,433,138,247079520,1.3761111111111111
2018-06-17 00:00:00 UTC,433,-20,224213860,7.262083333333333
2018-06-17 00:00:00 UTC,433,-237,224057450,1.2513888888888889
2018-06-17 00:00:00 UTC,433,-702,367795570,2.3090277777777777
2018-06-17 00:00:00 UTC,433,160,238589810,2.8302777777777774
2018-06-17 00:00:00 UTC,433,159,238589810,4.3033333333333328
2018-06-17 00:00:00 UTC,433,158,238589810,1.6136111111111111
2018-06-17 00:00:00 UTC,433,157,238117240,1.4930555555555558
2018-06-17 00:00:00 UTC,433,155,238117240,5.205972222222222
2018-06-17 00:00:00 UTC,433,156,238117240,2.5081944444444439
2018-06-17 00:00:00 UTC,433,-21,224215940,0.74986111111111109
2018-06-17 00:00:00 UTC,433,-22,224215940,5.6626388888888872
2018-06-17 00:00:00 UTC,433,-517,263503000,3.2462500000000003
2018-06-17 00:00:00 UTC,433,-516,263503000,2.8480555555555558
2018-06-17 00:00:00 UTC,433,-22,224005540,1.0043055555555556
2018-06-17 00:00:00 UTC,433,-23,224005540,2.1680555555555556
2018-06-17 00:00:00 UTC,433,156,238987940,1.7043055555555555
2018-06-17 00:00:00 UTC,433,155,238987940,3.0886111111111112
2018-06-17 00:00:00 UTC,433,157,238987940,1.0818055555555557
2018-06-17 00:00:00 UTC,433,1465,273392550,0.84208333333333329
2018-06-17 00:00:00 UTC,433,-25,224073390,0.4998611111111112
2018-06-17 00:00:00 UTC,433,-22,224073390,0.95638888888888873
2018-06-17 00:00:00 UTC,433,-23,224073390,1.6694444444444443
2018-06-17 00:00:00 UTC,433,-703,366900670,0.91499999999999992
2018-06-17 00:00:00 UTC,433,160,238299840,0.89875
2018-06-17 00:00:00 UTC,433,-191,224063940,6.6748611111111114
2018-06-17 00:00:00 UTC,433,-23,224261580,0.8831944444444445
2018-06-17 00:00:00 UTC,433,-22,224261580,4.6888888888888891
2018-06-17 00:00:00 UTC,433,-22,224005590,0.80555555555555536
2018-06-17 00:00:00 UTC,433,-23,224005590,1.6940277777777781
2018-06-17 00:00:00 UTC,433,-24,224087530,0.051111111111111107
2018-06-17 00:00:00 UTC,433,-25,224087530,0.8569444444444444
2018-06-17 00:00:00 UTC,433,-23,224087530,2.0504166666666666
2018-06-17 00:00:00 UTC,433,-22,224087530,0.75263888888888886
2018-06-17 00:00:00 UTC,433,-515,224534000,2.1862500000000002
2018-06-17 00:00:00 UTC,433,-495,263531000,4.1105555555555551
2018-06-17 00:00:00 UTC,433,36,227403000,0.081944444444444445
2018-06-17 00:00:00 UTC,689,149,257169920,0.83402777777777781
2018-06-17 00:00:00 UTC,689,148,257169920,0.2875
2018-06-17 00:00:00 UTC,689,-540,331000065,0.33694444444444444
2018-06-17 00:00:00 UTC,689,-539,331000065,8.2688888888888883
2018-06-17 00:00:00 UTC,689,-518,231124000,0.15652777777777779
2018-06-17 00:00:00 UTC,689,-517,231124000,1.22125
2018-06-17 00:00:00 UTC,689,-519,231124000,5.3236111111111128
2018-06-17 00:00:00 UTC,689,-520,231124000,2.7175000000000002
2018-06-17 00:00:00 UTC,689,136,257163320,0.13597222222222222
2018-06-17 00:00:00 UTC,689,133,258545000,4.8595833333333323
2018-06-17 00:00:00 UTC,689,137,258545000,0.16875
2018-06-17 00:00:00 UTC,689,135,258545000,2.0361111111111114
2018-06-17 00:00:00 UTC,689,136,258545000,0.27444444444444444
2018-06-17 00:00:00 UTC,689,134,258545000,4.4484722222222226
2018-06-17 00:00:00 UTC,689,143,257130940,1.0911111111111111
2018-06-17 00:00:00 UTC,-335,1647,576736000,2.7534722222222223
2018-06-17 00:00:00 UTC,-335,1646,576736000,1.0273611111111109
2018-06-17 00:00:00 UTC,-335,534,533333001,1.4208333333333334
2018-06-17 00:00:00 UTC,-335,536,533333001,2.9548611111111107
2018-06-17 00:00:00 UTC,-335,532,533333001,0.45680555555555558
2018-06-17 00:00:00 UTC,-335,535,533333001,1.8562500000000002
2018-06-17 00:00:00 UTC,-335,531,533333001,0.52374999999999994
2018-06-17 00:00:00 UTC,-335,537,533333001,1.9012499999999999
2018-06-17 00:00:00 UTC,-335,533,533333001,5.5055555555555555
2018-06-17 00:00:00 UTC,-335,793,416004879,0.14930555555555555
2018-06-17 00:00:00 UTC,-335,792,416004879,0.29597222222222219
2018-06-17 00:00:00 UTC,-335,789,416004879,1.471111111111111
2018-06-17 00:00:00 UTC,-335,-396,204212000,0.16749999999999998
2018-06-17 00:00:00 UTC,-335,1084,416724000,0.55888888888888888
2018-06-17 00:00:00 UTC,-335,1083,416724000,0.41305555555555551
2018-06-17 00:00:00 UTC,-335,933,416166700,0.62097222222222226
2018-06-17 00:00:00 UTC,-335,932,416166700,0.15027777777777779
2018-06-17 00:00:00 UTC,-335,935,416166700,0.72666666666666668
2018-06-17 00:00:00 UTC,-335,938,416166700,1.4704166666666665
2018-06-17 00:00:00 UTC,-335,934,416166700,0.56694444444444436
2018-06-17 00:00:00 UTC,-335,937,416166700,1.6809722222222219
2018-06-17 00:00:00 UTC,-335,936,416166700,1.3052777777777778
2018-06-17 00:00:00 UTC,-335,811,150150191,3.9586111111111113
2018-06-17 00:00:00 UTC,-335,-505,710096180,10.889583333333334
2018-06-17 00:00:00 UTC,-335,503,416002615,0.61152777777777778
2018-06-17 00:00:00 UTC,-335,504,416002875,1.1770833333333335
2018-06-17 00:00:00 UTC,-335,513,416002876,0.42791666666666667
2018-06-17 00:00:00 UTC,-335,514,416002876,5.3627777777777776
2018-06-17 00:00:00 UTC,-335,175,601014600,3.6191666666666666
2018-06-17 00:00:00 UTC,-335,778,416005206,2.0483333333333338
2018-06-17 00:00:00 UTC,-335,779,416005206,2.4627777777777782
2018-06-17 00:00:00 UTC,-335,780,416005206,3.7468055555555559
2018-06-17 00:00:00 UTC,-335,-1710,416785000,0.36180555555555555
2018-06-17 00:00:00 UTC,-335,-1707,416785000,5.4306944444444447
2018-06-17 00:00:00 UTC,-335,-1709,416785000,1.3783333333333332
2018-06-17 00:00:00 UTC,-335,-1708,416785000,1.2140277777777775
2018-06-17 00:00:00 UTC,-335,-1717,416785000,0.75458333333333349
2018-06-17 00:00:00 UTC,-335,528,416002667,1.1295833333333334
2018-06-17 00:00:00 UTC,-335,529,416002667,6.733194444444444
2018-06-17 00:00:00 UTC,-335,1301,503043180,0.26708333333333334
2018-06-17 00:00:00 UTC,-335,837,412695670,0.60791666666666677
2018-06-17 00:00:00 UTC,-335,509,416084600,0.86791666666666667
2018-06-17 00:00:00 UTC,-335,785,416004473,0.83291666666666675
2018-06-17 00:00:00 UTC,-335,786,416004473,0.066666666666666666
2018-06-17 00:00:00 UTC,-335,844,413270430,0.87402777777777751
2018-06-17 00:00:00 UTC,-335,769,416004773,2.3716666666666666
2018-06-17 00:00:00 UTC,-335,768,416004773,0.38763888888888887
2018-06-17 00:00:00 UTC,-335,770,416004773,0.84916666666666663
2018-06-17 00:00:00 UTC,-335,175,601326000,6.7820833333333344
2018-06-17 00:00:00 UTC,-335,770,416004790,2.1770833333333335
2018-06-17 00:00:00 UTC,-335,771,416004790,0.70861111111111119
2018-06-17 00:00:00 UTC,-335,772,416004790,1.3370833333333334
2018-06-17 00:00:00 UTC,-335,526,416002235,2.9002777777777777
2018-06-17 00:00:00 UTC,-335,528,416002235,1.1504166666666666
2018-06-17 00:00:00 UTC,-335,527,416002235,2.3081944444444447
2018-06-17 00:00:00 UTC,-335,794,416089800,0.38027777777777777
2018-06-17 00:00:00 UTC,-335,749,412329421,0.25138888888888888
2018-06-17 00:00:00 UTC,-335,567,412354265,0.11666666666666667
2018-06-17 00:00:00 UTC,-335,568,412354265,2.6931944444444449
2018-06-17 00:00:00 UTC,-335,566,412354267,0.34916666666666668
2018-06-17 00:00:00 UTC,-335,571,412354268,0.13236111111111112
2018-06-17 00:00:00 UTC,-335,830,416167900,3.1163888888888884
2018-06-17 00:00:00 UTC,-335,831,416167900,0.81666666666666665
2018-06-17 00:00:00 UTC,-335,1061,416005085,0.50388888888888894
2018-06-17 00:00:00 UTC,-335,1060,416005085,1.2588888888888889
2018-06-17 00:00:00 UTC,-335,1059,416005085,1.3998611111111112
2018-06-17 00:00:00 UTC,-335,1058,416005085,0.35055555555555556
2018-06-17 00:00:00 UTC,-335,522,416002794,3.2344444444444438
2018-06-17 00:00:00 UTC,-335,523,416002794,1.7961111111111112
2018-06-17 00:00:00 UTC,-335,773,416004851,1.6659722222222224
2018-06-17 00:00:00 UTC,-335,519,416198900,1.4634722222222221
2018-06-17 00:00:00 UTC,-79,1747,412331011,1.123472222222222
2018-06-17 00:00:00 UTC,-79,1746,412331011,0.28222222222222226
2018-06-17 00:00:00 UTC,-79,1711,440885000,1.491388888888888
2018-06-17 00:00:00 UTC,-79,1709,440885000,0.28083333333333332
2018-06-17 00:00:00 UTC,-79,1714,440885000,1.4080555555555554
2018-06-17 00:00:00 UTC,-79,1710,440885000,3.1073611111111115
2018-06-17 00:00:00 UTC,-79,1713,440885000,1.12625
2018-06-17 00:00:00 UTC,-79,1712,440885000,1.6497222222222221
2018-06-17 00:00:00 UTC,-79,1742,440820000,2.3697222222222223
2018-06-17 00:00:00 UTC,-79,1740,440820000,1.9376388888888887
2018-06-17 00:00:00 UTC,-79,1739,440820000,1.4679166666666665
2018-06-17 00:00:00 UTC,-79,1743,440820000,0.087500000000000008
2018-06-17 00:00:00 UTC,-79,1741,440820000,2.5502777777777781
2018-06-17 00:00:00 UTC,-79,1655,412328757,1.5273611111111114
2018-06-17 00:00:00 UTC,-79,1724,412331063,1.6488888888888891
2018-06-17 00:00:00 UTC,-79,1723,412331063,0.3873611111111111
2018-06-17 00:00:00 UTC,-79,1728,412331064,2.7720833333333328
2018-06-17 00:00:00 UTC,-79,1725,412331064,1.8975
2018-06-17 00:00:00 UTC,-79,-1178,416004501,1.9555555555555553
2018-06-17 00:00:00 UTC,-79,-1179,416004501,0.78069444444444436
2018-06-17 00:00:00 UTC,-79,-1177,416004501,0.60763888888888884
2018-06-17 00:00:00 UTC,-79,-1763,416004248,3.887777777777778
2018-06-17 00:00:00 UTC,-79,1746,440781000,0.77652777777777782
2018-06-17 00:00:00 UTC,-79,1741,440781000,0.17527777777777778
2018-06-17 00:00:00 UTC,-79,1701,412326875,2.8023611111111109
2018-06-17 00:00:00 UTC,-79,1700,412326875,0.673888888888889
2018-06-17 00:00:00 UTC,-79,1702,412326875,0.52861111111111114
2018-06-17 00:00:00 UTC,-79,-1181,416003803,1.8276388888888884
2018-06-17 00:00:00 UTC,-79,-1180,416003803,0.4236111111111111
2018-06-17 00:00:00 UTC,-79,-1182,416003803,1.7309722222222221
2018-06-17 00:00:00 UTC,-79,-1318,412460029,1.0583333333333333
2018-06-17 00:00:00 UTC,178,-167,224266000,5.62263888888889
2018-06-17 00:00:00 UTC,178,-167,224841000,6.2254166666666695
2018-06-17 00:00:00 UTC,178,-1570,366909880,0.34208333333333329
2018-06-17 00:00:00 UTC,178,-1567,366909880,1.1891666666666667
2018-06-17 00:00:00 UTC,178,-1568,366909880,3.6126388888888892
2018-06-17 00:00:00 UTC,178,-1569,366909880,1.4726388888888891
2018-06-17 00:00:00 UTC,434,-240,224026880,0.048888888888888885
2018-06-17 00:00:00 UTC,434,-239,224026880,0.045138888888888888
2018-06-17 00:00:00 UTC,434,-238,224026880,0.57916666666666672
2018-06-17 00:00:00 UTC,434,-173,224096770,5.08875
2018-06-17 00:00:00 UTC,434,-172,224096770,3.8279166666666664
2018-06-17 00:00:00 UTC,434,153,238988040,0.28611111111111109
2018-06-17 00:00:00 UTC,434,154,238988040,2.9081944444444443
2018-06-17 00:00:00 UTC,434,156,238988040,0.790138888888889
2018-06-17 00:00:00 UTC,434,155,238988040,2.9391666666666665
2018-06-17 00:00:00 UTC,434,-498,316014090,15.351944444444447
2018-06-17 00:00:00 UTC,434,-239,224050450,1.1708333333333334
2018-06-17 00:00:00 UTC,434,-242,224050450,1.7373611111111111
2018-06-17 00:00:00 UTC,434,140,247081240,2.4833333333333334
2018-06-17 00:00:00 UTC,434,-190,224022810,4.5115277777777782
2018-06-17 00:00:00 UTC,434,158,238952740,2.265138888888889
2018-06-17 00:00:00 UTC,434,159,238952740,1.6295833333333332
2018-06-17 00:00:00 UTC,434,-86,224071740,0.2845833333333333
2018-06-17 00:00:00 UTC,434,-675,316023364,4.8418055555555553
2018-06-17 00:00:00 UTC,434,-217,224069960,2.0794444444444444
2018-06-17 00:00:00 UTC,434,-1247,369501000,3.449583333333333
2018-06-17 00:00:00 UTC,434,140,247080290,1.8333333333333333
2018-06-17 00:00:00 UTC,434,140,247081570,0.6725
2018-06-17 00:00:00 UTC,434,-235,224057450,2.7447222222222223
2018-06-17 00:00:00 UTC,434,-241,224057450,0.67402777777777789
2018-06-17 00:00:00 UTC,434,-236,224057450,4.0233333333333334
2018-06-17 00:00:00 UTC,434,-239,224057450,1.6622222222222223
2018-06-17 00:00:00 UTC,434,-243,224057450,1.1023611111111111
2018-06-17 00:00:00 UTC,434,-242,224057450,0.64583333333333337
2018-06-17 00:00:00 UTC,434,158,238589810,1.1390277777777778
2018-06-17 00:00:00 UTC,434,159,238589810,2.5665277777777775
2018-06-17 00:00:00 UTC,434,-1245,366842490,0.31194444444444447
2018-06-17 00:00:00 UTC,434,1460,273565310,0.51944444444444438
2018-06-17 00:00:00 UTC,434,-28,224075650,0.57111111111111112
2018-06-17 00:00:00 UTC,434,102,247064470,0.5
2018-06-17 00:00:00 UTC,434,101,247064470,0.42069444444444448
2018-06-17 00:00:00 UTC,434,-23,224005540,4.6698611111111106
2018-06-17 00:00:00 UTC,434,-24,224005540,3.9659722222222213
2018-06-17 00:00:00 UTC,434,-22,224005540,2.4293055555555556
2018-06-17 00:00:00 UTC,434,155,238987940,2.4280555555555554
2018-06-17 00:00:00 UTC,434,154,238987940,1.887361111111111
2018-06-17 00:00:00 UTC,434,-20,224073390,4.1526388888888883
2018-06-17 00:00:00 UTC,434,-23,224073390,0.80875
2018-06-17 00:00:00 UTC,434,-21,224073390,1.2276388888888887
2018-06-17 00:00:00 UTC,434,-19,224073390,1.9140277777777783
2018-06-17 00:00:00 UTC,434,-22,224073390,2.7708333333333321
2018-06-17 00:00:00 UTC,434,-24,224073390,1.4998611111111109
2018-06-17 00:00:00 UTC,434,140,247081150,0.25972222222222219
2018-06-17 00:00:00 UTC,434,-703,366900670,0.23791666666666664
2018-06-17 00:00:00 UTC,434,-24,224005590,4.0551388888888891
2018-06-17 00:00:00 UTC,434,-22,224005590,2.4773611111111107
2018-06-17 00:00:00 UTC,434,-23,224005590,5.3325
2018-06-17 00:00:00 UTC,434,-23,224087530,0.36222222222222222
2018-06-17 00:00:00 UTC,434,-19,224087530,2.76375
2018-06-17 00:00:00 UTC,434,-20,224087530,3.9752777777777784
2018-06-17 00:00:00 UTC,434,-22,224087530,2.8262500000000008
2018-06-17 00:00:00 UTC,434,-21,224087530,0.77763888888888888
2018-06-17 00:00:00 UTC,434,-24,224087530,1.7387500000000005
2018-06-17 00:00:00 UTC,690,-539,331000065,0.69111111111111112
2018-06-17 00:00:00 UTC,690,-517,231124000,0.18861111111111109
2018-06-17 00:00:00 UTC,690,-518,231124000,0.036111111111111108
2018-06-17 00:00:00 UTC,690,137,257789500,1.9465277777777774
2018-06-17 00:00:00 UTC,690,136,257789500,0.21749999999999997
2018-06-17 00:00:00 UTC,690,138,257789500,0.51374999999999993
2018-06-17 00:00:00 UTC,690,142,257130940,3.4880555555555555
2018-06-17 00:00:00 UTC,690,153,257536700,0.041388888888888885
2018-06-17 00:00:00 UTC,690,141,257838800,1.6576388888888891
2018-06-17 00:00:00 UTC,-334,1644,576736000,0.54638888888888892
2018-06-17 00:00:00 UTC,-334,1645,576736000,1.4929166666666667
2018-06-17 00:00:00 UTC,-334,1646,576736000,0.71763888888888894
2018-06-17 00:00:00 UTC,-334,792,416004879,0.35944444444444446
2018-06-17 00:00:00 UTC,-334,791,416004879,0.87736111111111115
2018-06-17 00:00:00 UTC,-334,790,416004879,0.85430555555555554
2018-06-17 00:00:00 UTC,-334,899,416863000,5.5408333333333335
2018-06-17 00:00:00 UTC,-334,896,416863000,10.709305555555556
2018-06-17 00:00:00 UTC,-334,900,416863000,5.2881944444444446
2018-06-17 00:00:00 UTC,-334,-396,204212000,0.58347222222222228
2018-06-17 00:00:00 UTC,-334,1083,416724000,0.83
2018-06-17 00:00:00 UTC,-334,940,416166700,0.55069444444444449
2018-06-17 00:00:00 UTC,-334,939,416166700,3.0306944444444444
2018-06-17 00:00:00 UTC,-334,941,416166700,4.8219444444444441
2018-06-17 00:00:00 UTC,-334,938,416166700,0.34986111111111112
2018-06-17 00:00:00 UTC,-334,812,150150191,4.4216666666666651
2018-06-17 00:00:00 UTC,-334,811,150150191,5.2724999999999991
2018-06-17 00:00:00 UTC,-334,503,416002615,3.6188888888888884
2018-06-17 00:00:00 UTC,-334,503,416002875,0.93305555555555553
2018-06-17 00:00:00 UTC,-334,513,416002876,0.46694444444444444
2018-06-17 00:00:00 UTC,-334,512,416002876,3.3811111111111103
2018-06-17 00:00:00 UTC,-334,175,601014600,2.3723611111111111
2018-06-17 00:00:00 UTC,-334,533,416214600,3.2733333333333334
2018-06-17 00:00:00 UTC,-334,532,416214600,1.7355555555555557
2018-06-17 00:00:00 UTC,-334,535,416214600,0.73555555555555552
2018-06-17 00:00:00 UTC,-334,534,416214600,0.83763888888888882
2018-06-17 00:00:00 UTC,-334,536,416214600,4.66
2018-06-17 00:00:00 UTC,-334,-1717,416785000,0.5247222222222222
2018-06-17 00:00:00 UTC,-334,528,416002667,0.78083333333333327
2018-06-17 00:00:00 UTC,-334,1297,503043180,1.5925
2018-06-17 00:00:00 UTC,-334,1299,503043180,0.97097222222222235
2018-06-17 00:00:00 UTC,-334,1298,503043180,3.0030555555555551
2018-06-17 00:00:00 UTC,-334,1296,503043180,1.3748611111111111
2018-06-17 00:00:00 UTC,-334,1295,503043180,4.387083333333333
2018-06-17 00:00:00 UTC,-334,837,412695670,0.73222222222222233
2018-06-17 00:00:00 UTC,-334,785,416004473,1.6427777777777781
2018-06-17 00:00:00 UTC,-334,786,416004473,0.2038888888888889
2018-06-17 00:00:00 UTC,-334,-524,996278651,8.8184722222222227
2018-06-17 00:00:00 UTC,-334,129,431600010,0.62208333333333343
2018-06-17 00:00:00 UTC,-334,130,431600010,2.2720833333333332
2018-06-17 00:00:00 UTC,-334,499,416000652,3.2284722222222224
2018-06-17 00:00:00 UTC,-334,769,416004773,1.5530555555555559
2018-06-17 00:00:00 UTC,-334,768,416004773,0.79680555555555566
2018-06-17 00:00:00 UTC,-334,770,416004773,2.9138888888888892
2018-06-17 00:00:00 UTC,-334,840,432878000,1.835138888888888
2018-06-17 00:00:00 UTC,-334,-524,999763638,3.7718055555555554
2018-06-17 00:00:00 UTC,-334,770,416004790,1.9969444444444446
2018-06-17 00:00:00 UTC,-334,772,416004790,1.4002777777777771
2018-06-17 00:00:00 UTC,-334,527,416002235,1.1494444444444445
2018-06-17 00:00:00 UTC,-334,528,416002235,6.3959722222222233
2018-06-17 00:00:00 UTC,-334,526,416002235,0.87097222222222226
2018-06-17 00:00:00 UTC,-334,567,412354265,0.76916666666666655
2018-06-17 00:00:00 UTC,-334,571,412354268,0.066111111111111093
2018-06-17 00:00:00 UTC,-334,795,416231900,0.51166666666666671
2018-06-17 00:00:00 UTC,-334,831,416167900,0.83736111111111111
2018-06-17 00:00:00 UTC,-334,830,416167900,1.8431944444444446
2018-06-17 00:00:00 UTC,-334,1058,416005085,0.63694444444444442
2018-06-17 00:00:00 UTC,-334,521,416002794,0.27569444444444446
2018-06-17 00:00:00 UTC,-334,522,416002794,1.0940277777777776
2018-06-17 00:00:00 UTC,-334,516,416002286,4.2409722222222221
2018-06-17 00:00:00 UTC,-334,773,416004851,1.9030555555555555
2018-06-17 00:00:00 UTC,-334,518,416198900,0.54777777777777781
2018-06-17 00:00:00 UTC,-334,519,416198900,1.1348611111111111
2018-06-17 00:00:00 UTC,-78,1720,412328724,0.94513888888888886
2018-06-17 00:00:00 UTC,-78,1721,412328724,2.5068055555555557
2018-06-17 00:00:00 UTC,-78,1722,412328724,0.85305555555555557
2018-06-17 00:00:00 UTC,-78,1738,440820000,3.9788888888888887
2018-06-17 00:00:00 UTC,-78,1737,440820000,1.2720833333333332
2018-06-17 00:00:00 UTC,-78,1739,440820000,0.55819444444444444
2018-06-17 00:00:00 UTC,-78,1655,412328757,1.1731944444444442
2018-06-17 00:00:00 UTC,-78,1719,412331063,3.8436111111111111
2018-06-17 00:00:00 UTC,-78,1722,412331063,0.95347222222222217
2018-06-17 00:00:00 UTC,-78,1721,412331063,2.6594444444444445
2018-06-17 00:00:00 UTC,-78,1723,412331063,0.050138888888888886
2018-06-17 00:00:00 UTC,-78,1724,412331063,0.3001388888888889
2018-06-17 00:00:00 UTC,-78,-1675,416127800,3.1797222222222223
2018-06-17 00:00:00 UTC,-78,1727,412331064,1.6572222222222224
2018-06-17 00:00:00 UTC,-78,1737,440239000,2.0888888888888886
2018-06-17 00:00:00 UTC,-78,1744,440781000,1.7429166666666667
2018-06-17 00:00:00 UTC,-78,1742,440781000,1.656805555555555
2018-06-17 00:00:00 UTC,-78,1741,440781000,2.0595833333333329
2018-06-17 00:00:00 UTC,-78,1740,440781000,1.674722222222222
2018-06-17 00:00:00 UTC,-78,1745,440781000,0.25472222222222224
2018-06-17 00:00:00 UTC,-78,1739,440781000,0.607638888888889
2018-06-17 00:00:00 UTC,-78,1743,440781000,1.780416666666667
2018-06-17 00:00:00 UTC,-78,1746,440781000,0.31083333333333335
2018-06-17 00:00:00 UTC,-78,1703,412326875,1.1265277777777778
2018-06-17 00:00:00 UTC,-78,-1185,416003803,0.58833333333333337
2018-06-17 00:00:00 UTC,-78,-1184,416003803,1.655972222222222
2018-06-17 00:00:00 UTC,-78,-1183,416003803,1.4920833333333334
2018-06-17 00:00:00 UTC,-78,-1182,416003803,0.99069444444444432
2018-06-17 00:00:00 UTC,-78,1662,412326904,2.1347222222222224
2018-06-17 00:00:00 UTC,-78,-1328,412460029,2.850138888888889
2018-06-17 00:00:00 UTC,-78,-1319,412460029,1.0825
2018-06-17 00:00:00 UTC,-78,-1323,412460029,1.8679166666666662
2018-06-17 00:00:00 UTC,-78,-1321,412460029,1.5631944444444446
2018-06-17 00:00:00 UTC,-78,-1326,412460029,1.8605555555555555
2018-06-17 00:00:00 UTC,-78,-1325,412460029,1.6824999999999994
2018-06-17 00:00:00 UTC,-78,-1322,412460029,1.8613888888888888
2018-06-17 00:00:00 UTC,-78,-1320,412460029,1.6801388888888888
2018-06-17 00:00:00 UTC,-78,-1324,412460029,1.0469444444444445
2018-06-17 00:00:00 UTC,-78,-1318,412460029,1.6419444444444442
2018-06-17 00:00:00 UTC,179,-167,224266000,4.4731944444444434
2018-06-17 00:00:00 UTC,179,-166,224266000,0.97236111111111112
2018-06-17 00:00:00 UTC,179,-167,224841000,1.9981944444444442
2018-06-17 00:00:00 UTC,179,-166,224841000,3.4363888888888887
2018-06-17 00:00:00 UTC,179,-1569,366909880,1.1912499999999997
2018-06-17 00:00:00 UTC,179,-1570,366909880,1.6863888888888887
2018-06-17 00:00:00 UTC,179,-1571,366909880,0.80680555555555555
2018-06-17 00:00:00 UTC,435,-236,224026880,0.80625
2018-06-17 00:00:00 UTC,435,-234,224026880,2.278888888888889
2018-06-17 00:00:00 UTC,435,-237,224026880,0.5625
2018-06-17 00:00:00 UTC,435,-233,224026880,3.35125
2018-06-17 00:00:00 UTC,435,-1244,368032000,0.92583333333333329
2018-06-17 00:00:00 UTC,435,-239,224050450,0.73319444444444448
2018-06-17 00:00:00 UTC,435,-235,224050450,7.2319444444444443
2018-06-17 00:00:00 UTC,435,-237,224050450,3.1873611111111111
2018-06-17 00:00:00 UTC,435,-243,224050450,0.86819444444444449
2018-06-17 00:00:00 UTC,435,-245,224082460,0.66569444444444437
2018-06-17 00:00:00 UTC,435,158,238952740,0.83041666666666669
2018-06-17 00:00:00 UTC,435,137,247083320,0.39430555555555558
2018-06-17 00:00:00 UTC,435,-1244,367056452,0.36861111111111111
2018-06-17 00:00:00 UTC,435,-18,228124000,1.6518055555555557
2018-06-17 00:00:00 UTC,435,-17,228124000,1.1558333333333333
2018-06-17 00:00:00 UTC,435,101,247064930,0.710138888888889
2018-06-17 00:00:00 UTC,435,-235,224057450,1.7466666666666666
2018-06-17 00:00:00 UTC,435,-236,224057450,1.199861111111111
2018-06-17 00:00:00 UTC,435,-238,224057450,0.86958333333333337
2018-06-17 00:00:00 UTC,435,-240,224057450,0.52722222222222215
2018-06-17 00:00:00 UTC,435,-239,224057450,0.59513888888888888
2018-06-17 00:00:00 UTC,435,-243,224057450,0.75041666666666662
2018-06-17 00:00:00 UTC,435,-1245,366842490,2.0883333333333334
2018-06-17 00:00:00 UTC,435,-1246,366842490,6.0751388888888895
2018-06-17 00:00:00 UTC,435,-20,224005540,0.39402777777777775
2018-06-17 00:00:00 UTC,435,-21,224005540,2.2499999999999996
2018-06-17 00:00:00 UTC,435,-22,224005540,0.38680555555555551
2018-06-17 00:00:00 UTC,435,-19,224073390,3.0168055555555542
2018-06-17 00:00:00 UTC,435,-22,224073390,0.79708333333333359
2018-06-17 00:00:00 UTC,435,41,228168900,0.043194444444444445
2018-06-17 00:00:00 UTC,435,-21,224005590,2.3915277777777773
2018-06-17 00:00:00 UTC,435,-20,224005590,0.49944444444444441
2018-06-17 00:00:00 UTC,435,-22,224005590,0.38777777777777778
2018-06-17 00:00:00 UTC,435,41,227318490,0.21111111111111111
2018-06-17 00:00:00 UTC,435,-1263,316008413,3.9758333333333331
2018-06-17 00:00:00 UTC,435,-1244,366738920,1.1622222222222225
2018-06-17 00:00:00 UTC,435,-19,224087530,2.3875
2018-06-17 00:00:00 UTC,435,-22,224087530,1.0072222222222222
2018-06-17 00:00:00 UTC,435,-493,263531000,0.17986111111111111
2018-06-17 00:00:00 UTC,435,-1244,338603000,0.10013888888888889
2018-06-17 00:00:00 UTC,691,-521,231124000,0.90972222222222232
2018-06-17 00:00:00 UTC,691,-522,231124000,0.17833333333333334
2018-06-17 00:00:00 UTC,691,-519,231124000,0.33277777777777784
2018-06-17 00:00:00 UTC,691,-520,231124000,0.45305555555555554
2018-06-17 00:00:00 UTC,691,-518,231124000,0.73597222222222225
2018-06-17 00:00:00 UTC,691,137,257789500,0.36666666666666664
2018-06-17 00:00:00 UTC,691,138,257789500,1.8472222222222221
2018-06-17 00:00:00 UTC,691,179,257996900,0.25527777777777777
2018-06-17 00:00:00 UTC,691,448,273298800,0.47263888888888883
2018-06-17 00:00:00 UTC,691,449,273298800,1.3862500000000002
2018-06-17 00:00:00 UTC,691,145,257125820,0.68805555555555553
2018-06-17 00:00:00 UTC,691,144,257125820,2.8198611111111114
2018-06-17 00:00:00 UTC,691,142,257838800,4.60375
2018-06-17 00:00:00 UTC,691,141,257838800,0.32499999999999996
2018-06-17 00:00:00 UTC,-333,1644,576736000,0.2025
2018-06-17 00:00:00 UTC,-333,1643,576736000,0.84583333333333333
2018-06-17 00:00:00 UTC,-333,791,416004879,0.34263888888888888
2018-06-17 00:00:00 UTC,-333,-396,204212000,0.33097222222222222
2018-06-17 00:00:00 UTC,-333,1082,416724000,1.0297222222222224
2018-06-17 00:00:00 UTC,-333,347,416766000,0.37513888888888891
2018-06-17 00:00:00 UTC,-333,503,416002615,2.3575
2018-06-17 00:00:00 UTC,-333,503,416002875,1.3883333333333332
2018-06-17 00:00:00 UTC,-333,512,416002876,0.24236111111111114
2018-06-17 00:00:00 UTC,-333,511,416002876,2.8997222222222221
2018-06-17 00:00:00 UTC,-333,510,416002876,2.2844444444444445
2018-06-17 00:00:00 UTC,-333,532,416214600,3.4698611111111113
2018-06-17 00:00:00 UTC,-333,-1716,416785000,0.56
2018-06-17 00:00:00 UTC,-333,-1715,416785000,0.5508333333333334
2018-06-17 00:00:00 UTC,-333,-1717,416785000,0.57069444444444439
2018-06-17 00:00:00 UTC,-333,527,416002667,3.4186111111111113
2018-06-17 00:00:00 UTC,-333,1295,503043180,2.309166666666667
2018-06-17 00:00:00 UTC,-333,835,412695670,0.884027777777778
2018-06-17 00:00:00 UTC,-333,836,412695670,0.24861111111111112
2018-06-17 00:00:00 UTC,-333,834,412695670,0.062638888888888883
2018-06-17 00:00:00 UTC,-333,841,432955000,0.24930555555555556
2018-06-17 00:00:00 UTC,-333,509,416084600,0.79583333333333339
2018-06-17 00:00:00 UTC,-333,786,416004473,0.66125
2018-06-17 00:00:00 UTC,-333,785,416004473,0.041666666666666671
2018-06-17 00:00:00 UTC,-333,-523,996278651,13.573194444444445
2018-06-17 00:00:00 UTC,-333,-523,996278653,8.9698611111111113
2018-06-17 00:00:00 UTC,-333,129,431600010,0.32930555555555557
2018-06-17 00:00:00 UTC,-333,844,413270430,0.13319444444444445
2018-06-17 00:00:00 UTC,-333,845,413270430,0.21333333333333335
2018-06-17 00:00:00 UTC,-333,770,416004773,1.5834722222222224
2018-06-17 00:00:00 UTC,-333,769,416004773,2.6562499999999996
2018-06-17 00:00:00 UTC,-333,840,432878000,0.99333333333333318
2018-06-17 00:00:00 UTC,-333,-523,999763638,15.324027777777777
2018-06-17 00:00:00 UTC,-333,771,416004790,1.6868055555555552
2018-06-17 00:00:00 UTC,-333,770,416004790,0.43513888888888891
2018-06-17 00:00:00 UTC,-333,772,416004790,0.90791666666666659
2018-06-17 00:00:00 UTC,-333,527,416002235,5.0505555555555564
2018-06-17 00:00:00 UTC,-333,767,412329407,1.1380555555555556
2018-06-17 00:00:00 UTC,-333,768,412329407,1.7106944444444445
2018-06-17 00:00:00 UTC,-333,769,412329407,1.7184722222222224
2018-06-17 00:00:00 UTC,-333,770,412329407,0.53180555555555553
2018-06-17 00:00:00 UTC,-333,771,412329409,0.11611111111111111
2018-06-17 00:00:00 UTC,-333,571,412354264,0.34013888888888888
2018-06-17 00:00:00 UTC,-333,570,412354264,0.57
2018-06-17 00:00:00 UTC,-333,567,412354265,1.07
2018-06-17 00:00:00 UTC,-333,545,416225500,0.21666666666666665
2018-06-17 00:00:00 UTC,-333,543,416225500,1.1852777777777779
2018-06-17 00:00:00 UTC,-333,544,416225500,1.2869444444444447
2018-06-17 00:00:00 UTC,-333,795,416231900,1.1644444444444446
2018-06-17 00:00:00 UTC,-333,830,416167900,1.9952777777777777
2018-06-17 00:00:00 UTC,-333,520,416002794,1.2502777777777778
2018-06-17 00:00:00 UTC,-333,522,416002794,1.7001388888888884
2018-06-17 00:00:00 UTC,-333,521,416002794,0.42347222222222225
2018-06-17 00:00:00 UTC,-333,516,416002286,0.64208333333333334
2018-06-17 00:00:00 UTC,-333,515,416002286,1.298888888888889
2018-06-17 00:00:00 UTC,-333,773,416004851,5.3455555555555545
2018-06-17 00:00:00 UTC,-333,518,416198900,4.9490277777777774
2018-06-17 00:00:00 UTC,-77,1721,412328724,2.4694444444444441
2018-06-17 00:00:00 UTC,-77,1720,412328724,1.298888888888889
2018-06-17 00:00:00 UTC,-77,1719,412328724,0.58916666666666651
2018-06-17 00:00:00 UTC,-77,-1353,416120600,0.3865277777777778
2018-06-17 00:00:00 UTC,-77,-1352,416120600,0.60666666666666669
2018-06-17 00:00:00 UTC,-77,-1346,416120600,0.7119444444444446
2018-06-17 00:00:00 UTC,-77,-1350,416120600,0.52013888888888893
2018-06-17 00:00:00 UTC,-77,-1351,416120600,0.32847222222222222
2018-06-17 00:00:00 UTC,-77,-1345,416120600,0.35972222222222222
2018-06-17 00:00:00 UTC,-77,-1347,416120600,0.51222222222222225
2018-06-17 00:00:00 UTC,-77,-1349,416120600,0.60805555555555557
2018-06-17 00:00:00 UTC,-77,-1348,416120600,0.57319444444444445
2018-06-17 00:00:00 UTC,-77,1655,412328757,0.52888888888888885
2018-06-17 00:00:00 UTC,-77,1654,412328757,0.24361111111111111
2018-06-17 00:00:00 UTC,-77,-1674,416127800,1.8466666666666665
2018-06-17 00:00:00 UTC,-77,-1673,416127800,1.5765277777777778
2018-06-17 00:00:00 UTC,-77,-1675,416127800,0.94666666666666666
2018-06-17 00:00:00 UTC,-77,-1672,416127800,0.43194444444444446
2018-06-17 00:00:00 UTC,-77,1724,412331064,2.0587500000000003
2018-06-17 00:00:00 UTC,-77,1737,440239000,0.19597222222222221
2018-06-17 00:00:00 UTC,-77,1736,440239000,0.68583333333333329
2018-06-17 00:00:00 UTC,-77,1744,440781000,1.6402777777777777
2018-06-17 00:00:00 UTC,-77,1739,440781000,0.9244444444444444
2018-06-17 00:00:00 UTC,-77,-1179,416004566,0.63430555555555557
2018-06-17 00:00:00 UTC,-77,-1180,416004566,2.3644444444444441
2018-06-17 00:00:00 UTC,-77,1703,412326875,0.52055555555555555
2018-06-17 00:00:00 UTC,-77,-1187,416003803,0.7004166666666668
2018-06-17 00:00:00 UTC,-77,-1185,416003803,1.9452777777777774
2018-06-17 00:00:00 UTC,-77,-1186,416003803,1.7137499999999999
2018-06-17 00:00:00 UTC,-77,-1184,416003803,0.405
2018-06-17 00:00:00 UTC,-77,1577,416228600,0.11041666666666666
2018-06-17 00:00:00 UTC,-77,1662,412326904,1.6815277777777775
2018-06-17 00:00:00 UTC,180,-168,224032270,1.8738888888888887
2018-06-17 00:00:00 UTC,180,-166,224266000,0.34680555555555559
2018-06-17 00:00:00 UTC,180,-167,224266000,1.9441666666666668
2018-06-17 00:00:00 UTC,180,-168,224372000,3.969444444444445
2018-06-17 00:00:00 UTC,180,-166,224841000,1.7865277777777779
2018-06-17 00:00:00 UTC,180,1308,416002346,5.8426388888888887
2018-06-17 00:00:00 UTC,180,-168,224313420,0.79861111111111116
2018-06-17 00:00:00 UTC,180,-167,224313420,0.7
2018-06-17 00:00:00 UTC,180,-168,224270000,4.0723611111111113
2018-06-17 00:00:00 UTC,180,-1570,366909880,3.1791666666666663
2018-06-17 00:00:00 UTC,180,-1569,366909880,1.0294444444444444
2018-06-17 00:00:00 UTC,180,-1573,366909880,0.40611111111111109
2018-06-17 00:00:00 UTC,180,-1572,366909880,0.71444444444444455
2018-06-17 00:00:00 UTC,180,-1571,366909880,2.903888888888889
2018-06-17 00:00:00 UTC,180,-168,224013270,2.0587500000000003
2018-06-17 00:00:00 UTC,180,-168,224033000,0.33333333333333337
2018-06-17 00:00:00 UTC,436,-234,224026880,2.1822222222222223
2018-06-17 00:00:00 UTC,436,-236,224026880,0.89972222222222231
2018-06-17 00:00:00 UTC,436,-198,224104960,5.5815277777777785
2018-06-17 00:00:00 UTC,436,-1245,368032000,0.27069444444444446
2018-06-17 00:00:00 UTC,436,-1243,368032000,0.46319444444444446
2018-06-17 00:00:00 UTC,436,-1244,368032000,9.6644444444444453
2018-06-17 00:00:00 UTC,436,-238,224082460,1.4494444444444443
2018-06-17 00:00:00 UTC,436,-244,224082460,0.88277777777777788
2018-06-17 00:00:00 UTC,436,-237,224082460,4.6259722222222228
2018-06-17 00:00:00 UTC,436,-243,224082460,0.29791666666666672
2018-06-17 00:00:00 UTC,436,-245,224082460,0.98736111111111113
2018-06-17 00:00:00 UTC,436,-20,224169000,0.58319444444444446
2018-06-17 00:00:00 UTC,436,-1244,366408250,3.1111111111111112
2018-06-17 00:00:00 UTC,436,-1243,367056452,0.18291666666666667
2018-06-17 00:00:00 UTC,436,-1245,367056452,3.9688888888888889
2018-06-17 00:00:00 UTC,436,-1244,367056452,11.116250000000008
2018-06-17 00:00:00 UTC,436,-17,228124000,1.1668055555555557
2018-06-17 00:00:00 UTC,436,-16,228124000,0.16958333333333331
2018-06-17 00:00:00 UTC,436,-1244,368572000,3.1509722222222227
2018-06-17 00:00:00 UTC,436,-236,224057450,0.39736111111111111
2018-06-17 00:00:00 UTC,436,-237,224057450,0.79833333333333334
2018-06-17 00:00:00 UTC,436,-243,224057450,0.72888888888888892
2018-06-17 00:00:00 UTC,436,-242,224057450,1.1602777777777777
2018-06-17 00:00:00 UTC,436,-238,224057450,0.060138888888888888
2018-06-17 00:00:00 UTC,436,-1246,366842490,0.58597222222222212
2018-06-17 00:00:00 UTC,436,156,238114940,4.5263888888888886
2018-06-17 00:00:00 UTC,436,-1245,366207630,0.99916666666666687
2018-06-17 00:00:00 UTC,436,-1244,366207630,4.2213888888888889
2018-06-17 00:00:00 UTC,436,-1245,367341970,0.48791666666666672
2018-06-17 00:00:00 UTC,436,-1244,367341970,4.2038888888888888
2018-06-17 00:00:00 UTC,436,157,238987940,0.55527777777777776
2018-06-17 00:00:00 UTC,436,154,238963140,0.87347222222222221
2018-06-17 00:00:00 UTC,436,156,238963140,1.1791666666666667
2018-06-17 00:00:00 UTC,436,-1263,316008413,6.4520833333333343
2018-06-17 00:00:00 UTC,436,-1245,367372000,2.0625
2018-06-17 00:00:00 UTC,436,-1244,367372000,9.3966666666666647
2018-06-17 00:00:00 UTC,436,-1244,366738920,15.210416666666676
2018-06-17 00:00:00 UTC,436,-235,224074730,2.4879166666666666
2018-06-17 00:00:00 UTC,436,-241,224074730,0.72083333333333321
2018-06-17 00:00:00 UTC,436,-244,224074730,4.0741666666666667
2018-06-17 00:00:00 UTC,436,-242,224074730,0.96638888888888885
2018-06-17 00:00:00 UTC,436,-236,224074730,3.8079166666666668
2018-06-17 00:00:00 UTC,436,-492,263531000,0.24958333333333332
2018-06-17 00:00:00 UTC,436,-1244,338603000,7.7254166666666642
2018-06-17 00:00:00 UTC,436,-1244,368555000,6.7862500000000008
2018-06-17 00:00:00 UTC,436,-1245,368555000,0.74041666666666661
2018-06-17 00:00:00 UTC,692,151,257139000,0.21791666666666665
2018-06-17 00:00:00 UTC,692,152,257139000,0.41708333333333325
2018-06-17 00:00:00 UTC,692,146,257139000,1.0244444444444445
2018-06-17 00:00:00 UTC,692,142,257139000,3.9559722222222216
2018-06-17 00:00:00 UTC,692,147,257139000,0.97902777777777783
2018-06-17 00:00:00 UTC,692,143,257139000,1.202638888888889
2018-06-17 00:00:00 UTC,692,161,257921600,0.8536111111111111
2018-06-17 00:00:00 UTC,692,151,257777800,0.29722222222222222
2018-06-17 00:00:00 UTC,692,152,257777800,4.7297222222222217
2018-06-17 00:00:00 UTC,692,153,257777800,0.77236111111111128
2018-06-17 00:00:00 UTC,692,145,257125820,0.581388888888889
2018-06-17 00:00:00 UTC,692,144,257125820,0.5806944444444444
2018-06-17 00:00:00 UTC,-332,351,416002566,1.6224999999999998
2018-06-17 00:00:00 UTC,-332,357,416002566,2.5236111111111117
2018-06-17 00:00:00 UTC,-332,358,416002566,2.1776388888888891
2018-06-17 00:00:00 UTC,-332,1081,416724000,0.37263888888888885
2018-06-17 00:00:00 UTC,-332,503,416002615,2.0912500000000005
2018-06-17 00:00:00 UTC,-332,502,416002615,0.51986111111111111
2018-06-17 00:00:00 UTC,-332,503,416002875,0.922361111111111
2018-06-17 00:00:00 UTC,-332,509,416002876,3.1016666666666666
2018-06-17 00:00:00 UTC,-332,510,416002876,1.01
2018-06-17 00:00:00 UTC,-332,168,601512000,2.0038888888888886
2018-06-17 00:00:00 UTC,-332,532,416214600,1.8654166666666665
2018-06-17 00:00:00 UTC,-332,531,416214600,0.66694444444444445
2018-06-17 00:00:00 UTC,-332,834,412695670,0.29972222222222222
2018-06-17 00:00:00 UTC,-332,508,416084600,0.71333333333333337
2018-06-17 00:00:00 UTC,-332,509,416084600,0.53736111111111107
2018-06-17 00:00:00 UTC,-332,-522,996278653,0.60972222222222217
2018-06-17 00:00:00 UTC,-332,-523,996278653,5.3741666666666665
2018-06-17 00:00:00 UTC,-332,129,431600010,1.5080555555555557
2018-06-17 00:00:00 UTC,-332,499,416000652,9.0470833333333331
2018-06-17 00:00:00 UTC,-332,844,413270430,0.20375000000000001
2018-06-17 00:00:00 UTC,-332,921,416772000,1.1929166666666666
2018-06-17 00:00:00 UTC,-332,920,416772000,0.37611111111111106
2018-06-17 00:00:00 UTC,-332,959,416345000,0.44569444444444445
2018-06-17 00:00:00 UTC,-332,958,416345000,1.2797222222222218
2018-06-17 00:00:00 UTC,-332,344,416239800,5.1243055555555559
2018-06-17 00:00:00 UTC,-332,770,412329407,1.2416666666666663
2018-06-17 00:00:00 UTC,-332,771,412329407,1.4447222222222222
2018-06-17 00:00:00 UTC,-332,772,412329407,0.56263888888888891
2018-06-17 00:00:00 UTC,-332,773,412329409,0.64888888888888885
2018-06-17 00:00:00 UTC,-332,772,412329409,0.64513888888888893
2018-06-17 00:00:00 UTC,-332,774,412329409,0.26583333333333337
2018-06-17 00:00:00 UTC,-332,841,413270220,0.52416666666666667
2018-06-17 00:00:00 UTC,-332,885,412420818,1.1780555555555554
2018-06-17 00:00:00 UTC,-332,572,412354264,0.751111111111111
2018-06-17 00:00:00 UTC,-332,571,412354264,2.2038888888888888
2018-06-17 00:00:00 UTC,-332,567,412354265,1.9749999999999996
2018-06-17 00:00:00 UTC,-332,567,412354267,0.69847222222222227
2018-06-17 00:00:00 UTC,-332,566,412354267,1.771944444444445
2018-06-17 00:00:00 UTC,-332,550,416225500,2.9958333333333336
2018-06-17 00:00:00 UTC,-332,796,416231900,0.66499999999999992
2018-06-17 00:00:00 UTC,-332,795,416231900,1.0347222222222221
2018-06-17 00:00:00 UTC,-332,830,416167900,0.6331944444444445
2018-06-17 00:00:00 UTC,-332,521,416002794,3.1927777777777777
2018-06-17 00:00:00 UTC,-332,522,416002794,4.4666666666666668
2018-06-17 00:00:00 UTC,-332,520,416002794,2.9136111111111109
2018-06-17 00:00:00 UTC,-332,514,416002286,5.7513888888888891
2018-06-17 00:00:00 UTC,-332,511,416002286,2.1837500000000003
2018-06-17 00:00:00 UTC,-332,512,416002286,1.7484722222222222
2018-06-17 00:00:00 UTC,-332,513,416002286,2.2090277777777776
2018-06-17 00:00:00 UTC,-332,773,416004851,0.7615277777777778
2018-06-17 00:00:00 UTC,-332,518,416198900,1.7823611111111113
2018-06-17 00:00:00 UTC,-332,517,416198900,2.9211111111111108
2018-06-17 00:00:00 UTC,-76,-78,416014600,2.1548611111111109
2018-06-17 00:00:00 UTC,-76,-79,416014600,1.95625
2018-06-17 00:00:00 UTC,-76,1722,412328724,2.0294444444444446
2018-06-17 00:00:00 UTC,-76,1719,412328724,2.0438888888888891
2018-06-17 00:00:00 UTC,-76,-1345,416120600,0.52888888888888885
2018-06-17 00:00:00 UTC,-76,1654,412328757,1.5383333333333327
2018-06-17 00:00:00 UTC,-76,-1671,416127800,2.7297222222222222
2018-06-17 00:00:00 UTC,-76,-1672,416127800,1.5723611111111109
2018-06-17 00:00:00 UTC,-76,-1670,416127800,1.1733333333333333
2018-06-17 00:00:00 UTC,-76,1725,412331064,1.8834722222222222
2018-06-17 00:00:00 UTC,-76,1736,440239000,0.49055555555555552
2018-06-17 00:00:00 UTC,-76,1735,440239000,0.22902777777777777
2018-06-17 00:00:00 UTC,-76,1703,412326875,0.69430555555555551
2018-06-17 00:00:00 UTC,-76,-1188,416003803,5.1684722222222224
2018-06-17 00:00:00 UTC,-76,-1186,416003803,0.8913888888888889
2018-06-17 00:00:00 UTC,-76,-1187,416003803,1.8226388888888889
2018-06-17 00:00:00 UTC,-76,646,416001769,5.9143055555555542
2018-06-17 00:00:00 UTC,-76,645,416001769,1.2983333333333333
2018-06-17 00:00:00 UTC,-76,1661,412326904,1.2604166666666665
2018-06-17 00:00:00 UTC,-76,1662,412326904,0.37055555555555553
2018-06-17 00:00:00 UTC,181,-167,224032270,2.9211111111111108
2018-06-17 00:00:00 UTC,181,-168,224032270,1.3429166666666668
2018-06-17 00:00:00 UTC,181,1307,416002346,0.46236111111111111
2018-06-17 00:00:00 UTC,181,-1578,367604540,0.5625
2018-06-17 00:00:00 UTC,181,-167,224313420,2.5066666666666668
2018-06-17 00:00:00 UTC,181,-168,224313420,0.25472222222222224
2018-06-17 00:00:00 UTC,181,-167,224270000,9.4220833333333331
2018-06-17 00:00:00 UTC,181,-1573,366909880,1.3306944444444446
2018-06-17 00:00:00 UTC,181,-1572,366909880,1.3083333333333333
2018-06-17 00:00:00 UTC,181,-167,224013270,11.309305555555556
2018-06-17 00:00:00 UTC,181,-168,224013270,0.92541666666666667
2018-06-17 00:00:00 UTC,181,-167,224033000,2.6708333333333334
2018-06-17 00:00:00 UTC,437,-234,224026880,1.4500000000000002
2018-06-17 00:00:00 UTC,437,-239,224026880,1.1930555555555555
2018-06-17 00:00:00 UTC,437,-198,224104960,1.49875
2018-06-17 00:00:00 UTC,437,-1244,368032000,2.4679166666666665
2018-06-17 00:00:00 UTC,437,-1246,368032000,1.2280555555555557
2018-06-17 00:00:00 UTC,437,-1245,368032000,2.9690277777777778
2018-06-17 00:00:00 UTC,437,-76,224208650,0.44319444444444445
2018-06-17 00:00:00 UTC,437,133,247084310,0.52916666666666679
2018-06-17 00:00:00 UTC,437,134,247084310,1.1180555555555556
2018-06-17 00:00:00 UTC,437,-245,224082460,0.56652777777777774
2018-06-17 00:00:00 UTC,437,-238,224082460,1.8804166666666666
2018-06-17 00:00:00 UTC,437,-243,224082460,1.1447222222222222
2018-06-17 00:00:00 UTC,437,-20,224169000,1.5999999999999999
2018-06-17 00:00:00 UTC,437,-21,224021560,16.199861111111119
2018-06-17 00:00:00 UTC,437,-1244,366408250,1.8376388888888886
2018-06-17 00:00:00 UTC,437,-1245,367056452,1.9240277777777781
2018-06-17 00:00:00 UTC,437,-1244,367056452,2.968055555555555
2018-06-17 00:00:00 UTC,437,-1246,367056452,1.7402777777777778
2018-06-17 00:00:00 UTC,437,-72,224123720,1.0831944444444446
2018-06-17 00:00:00 UTC,437,-197,224061530,1.9849999999999999
2018-06-17 00:00:00 UTC,437,132,247084380,0.46805555555555556
2018-06-17 00:00:00 UTC,437,-1245,368572000,2.7524999999999995
2018-06-17 00:00:00 UTC,437,-1244,368572000,3.9445833333333331
2018-06-17 00:00:00 UTC,437,-235,224057450,1.0466666666666666
2018-06-17 00:00:00 UTC,437,-243,224057450,0.7319444444444444
2018-06-17 00:00:00 UTC,437,-236,224057450,0.30375
2018-06-17 00:00:00 UTC,437,-242,224057450,0.89708333333333345
2018-06-17 00:00:00 UTC,437,134,247085680,1.0998611111111112
2018-06-17 00:00:00 UTC,437,133,247085680,0.29013888888888884
2018-06-17 00:00:00 UTC,437,-225,224185220,0.84166666666666656
2018-06-17 00:00:00 UTC,437,-226,224185220,0.5790277777777777
2018-06-17 00:00:00 UTC,437,-232,224185220,0.77305555555555561
2018-06-17 00:00:00 UTC,437,-223,224185220,4.7208333333333341
2018-06-17 00:00:00 UTC,437,-227,224185220,0.3956944444444444
2018-06-17 00:00:00 UTC,437,-224,224185220,0.87930555555555556
2018-06-17 00:00:00 UTC,437,-222,224185220,0.75902777777777786
2018-06-17 00:00:00 UTC,437,-231,224185220,0.79166666666666674
2018-06-17 00:00:00 UTC,437,-1244,366207630,2.8840277777777779
2018-06-17 00:00:00 UTC,437,-1245,366207630,0.51277777777777778
2018-06-17 00:00:00 UTC,437,-1245,367341970,2.9179166666666654
2018-06-17 00:00:00 UTC,437,-1244,367341970,7.1236111111111118
2018-06-17 00:00:00 UTC,437,134,247083170,0.56263888888888891
2018-06-17 00:00:00 UTC,437,136,247083180,0.68166666666666675
2018-06-17 00:00:00 UTC,437,137,247083180,0.27666666666666667
2018-06-17 00:00:00 UTC,437,134,247088050,0.43319444444444444
2018-06-17 00:00:00 UTC,437,-1244,367707330,1.5154166666666666
2018-06-17 00:00:00 UTC,437,-187,224063940,9.7019444444444431
2018-06-17 00:00:00 UTC,437,-1264,316008413,2.068194444444444
2018-06-17 00:00:00 UTC,437,-1265,316008413,1.3293055555555557
2018-06-17 00:00:00 UTC,437,-1244,367372000,7.0008333333333335
2018-06-17 00:00:00 UTC,437,-1245,367372000,2.6862500000000002
2018-06-17 00:00:00 UTC,437,-199,224021730,0.3338888888888889
2018-06-17 00:00:00 UTC,437,-1244,366738920,4.4961111111111123
2018-06-17 00:00:00 UTC,437,-1245,366738920,2.4320833333333338
2018-06-17 00:00:00 UTC,437,-239,224074730,1.439861111111111
2018-06-17 00:00:00 UTC,437,-240,224074730,0.67194444444444446
2018-06-17 00:00:00 UTC,437,-491,263531000,3.7866666666666666
2018-06-17 00:00:00 UTC,437,-1245,338603000,5.0965277777777764
2018-06-17 00:00:00 UTC,437,-1244,338603000,6.3754166666666681
2018-06-17 00:00:00 UTC,437,-1245,368555000,4.4443055555555535
2018-06-17 00:00:00 UTC,437,-1244,368555000,6.4120833333333334
2018-06-17 00:00:00 UTC,693,150,257354020,1.4027777777777777
2018-06-17 00:00:00 UTC,693,158,257056040,4.0393055555555559
2018-06-17 00:00:00 UTC,693,157,257056040,0.91847222222222213
2018-06-17 00:00:00 UTC,693,161,257921600,2.9937499999999995
2018-06-17 00:00:00 UTC,693,162,257921600,1.3748611111111111
2018-06-17 00:00:00 UTC,693,-521,331218000,2.8123611111111106
2018-06-17 00:00:00 UTC,693,-520,331218000,1.2137499999999999
2018-06-17 00:00:00 UTC,693,-523,331218000,2.4966666666666675
2018-06-17 00:00:00 UTC,693,-522,331218000,4.6587500000000013
2018-06-17 00:00:00 UTC,-331,358,416002566,0.31027777777777776
2018-06-17 00:00:00 UTC,-331,359,416002566,1.5281944444444444
2018-06-17 00:00:00 UTC,-331,357,416002566,1.4609722222222221
2018-06-17 00:00:00 UTC,-331,356,416002566,2.0744444444444441
2018-06-17 00:00:00 UTC,-331,502,416002615,2.3555555555555561
2018-06-17 00:00:00 UTC,-331,501,416002615,0.86291666666666667
2018-06-17 00:00:00 UTC,-331,503,416002615,0.44388888888888889
2018-06-17 00:00:00 UTC,-331,502,416002875,1.1798611111111112
2018-06-17 00:00:00 UTC,-331,508,416002876,1.1977777777777776
2018-06-17 00:00:00 UTC,-331,509,416002876,1.0056944444444444
2018-06-17 00:00:00 UTC,-331,531,416214600,1.3125
2018-06-17 00:00:00 UTC,-331,532,416214600,3.6786111111111106
2018-06-17 00:00:00 UTC,-331,533,416214600,1.8904166666666664
2018-06-17 00:00:00 UTC,-331,537,416002646,0.094305555555555559
2018-06-17 00:00:00 UTC,-331,547,533000035,4.3945833333333342
2018-06-17 00:00:00 UTC,-331,546,533000035,1.0019444444444443
2018-06-17 00:00:00 UTC,-331,544,533000035,1.2365277777777777
2018-06-17 00:00:00 UTC,-331,543,533000035,1.4491666666666667
2018-06-17 00:00:00 UTC,-331,548,533000035,1.4463888888888887
2018-06-17 00:00:00 UTC,-331,542,533000035,6.2052777777777788
2018-06-17 00:00:00 UTC,-331,502,416219500,1.3565277777777778
2018-06-17 00:00:00 UTC,-331,503,416219500,3.9558333333333331
2018-06-17 00:00:00 UTC,-331,500,416219500,2.0519444444444446
2018-06-17 00:00:00 UTC,-331,499,416219500,2.1604166666666664
2018-06-17 00:00:00 UTC,-331,504,416219500,1.1333333333333333
2018-06-17 00:00:00 UTC,-331,508,416084600,1.3329166666666665
2018-06-17 00:00:00 UTC,-331,539,416002425,0.32069444444444439
2018-06-17 00:00:00 UTC,-331,-522,996278653,3.6816666666666666
2018-06-17 00:00:00 UTC,-331,921,416772000,1.3988888888888888
2018-06-17 00:00:00 UTC,-331,924,416772000,1.0231944444444445
2018-06-17 00:00:00 UTC,-331,922,416772000,2.4726388888888886
2018-06-17 00:00:00 UTC,-331,923,416772000,2.1663888888888887
2018-06-17 00:00:00 UTC,-331,1030,416868000,0.14444444444444443
2018-06-17 00:00:00 UTC,-331,1031,416868000,0.62388888888888894
2018-06-17 00:00:00 UTC,-331,959,416345000,0.99625000000000008
2018-06-17 00:00:00 UTC,-331,960,416345000,0.97541666666666671
2018-06-17 00:00:00 UTC,-331,344,416239800,1.2344444444444445
2018-06-17 00:00:00 UTC,-331,774,412329407,1.4519444444444445
2018-06-17 00:00:00 UTC,-331,773,412329407,0.70638888888888884
2018-06-17 00:00:00 UTC,-331,772,412329407,0.59930555555555554
2018-06-17 00:00:00 UTC,-331,775,412329409,0.75527777777777771
2018-06-17 00:00:00 UTC,-331,774,412329409,0.42027777777777781
2018-06-17 00:00:00 UTC,-331,539,416085700,0.71222222222222209
2018-06-17 00:00:00 UTC,-331,842,413270220,0.49708333333333343
2018-06-17 00:00:00 UTC,-331,171,601367500,0.28763888888888889
2018-06-17 00:00:00 UTC,-331,170,601367500,2.6688888888888891
2018-06-17 00:00:00 UTC,-331,893,412420817,1.6808333333333332
2018-06-17 00:00:00 UTC,-331,895,412420817,7.3468055555555551
2018-06-17 00:00:00 UTC,-331,894,412420817,1.2634722222222221
2018-06-17 00:00:00 UTC,-331,897,412420817,0.59208333333333329
2018-06-17 00:00:00 UTC,-331,892,412420817,0.73083333333333333
2018-06-17 00:00:00 UTC,-331,898,412420817,0.74652777777777779
2018-06-17 00:00:00 UTC,-331,896,412420817,0.84013888888888888
2018-06-17 00:00:00 UTC,-331,891,412420817,0.72916666666666674
2018-06-17 00:00:00 UTC,-331,886,412420818,0.81
2018-06-17 00:00:00 UTC,-331,572,412354264,2.2897222222222218
2018-06-17 00:00:00 UTC,-331,567,412354265,1.6577777777777774
2018-06-17 00:00:00 UTC,-331,566,412354267,2.6579166666666669
2018-06-17 00:00:00 UTC,-331,567,412354267,1.6093055555555551
2018-06-17 00:00:00 UTC,-331,796,416231900,1.8936111111111114
2018-06-17 00:00:00 UTC,-331,830,416167900,1.9975000000000003
2018-06-17 00:00:00 UTC,-331,540,416002269,0.79125
2018-06-17 00:00:00 UTC,-331,539,416002269,0.7679166666666668
2018-06-17 00:00:00 UTC,-331,538,416002269,0.72347222222222207
2018-06-17 00:00:00 UTC,-331,541,416002269,2.5175
2018-06-17 00:00:00 UTC,-331,512,416002286,1.4155555555555555
2018-06-17 00:00:00 UTC,-331,510,416002286,1.5708333333333333
2018-06-17 00:00:00 UTC,-331,511,416002286,0.95819444444444446
2018-06-17 00:00:00 UTC,-331,513,416002286,1.2302777777777778
2018-06-17 00:00:00 UTC,-75,-77,416014600,1.9852777777777777
2018-06-17 00:00:00 UTC,-75,-81,416014600,1.9054166666666668
2018-06-17 00:00:00 UTC,-75,-80,416014600,1.086111111111111
2018-06-17 00:00:00 UTC,-75,1718,412328724,0.69333333333333336
2018-06-17 00:00:00 UTC,-75,1712,412328724,0.88388888888888884
2018-06-17 00:00:00 UTC,-75,1713,412328724,0.99291666666666667
2018-06-17 00:00:00 UTC,-75,1715,412328724,1.5816666666666666
2018-06-17 00:00:00 UTC,-75,1717,412328724,1.2020833333333334
2018-06-17 00:00:00 UTC,-75,-1345,416120600,1.2349999999999999
2018-06-17 00:00:00 UTC,-75,-1346,416120600,2.3806944444444444
2018-06-17 00:00:00 UTC,-75,1653,412328757,1.4344444444444442
2018-06-17 00:00:00 UTC,-75,1654,412328757,0.1388888888888889
2018-06-17 00:00:00 UTC,-75,1722,440339000,2.1645833333333329
2018-06-17 00:00:00 UTC,-75,1721,440339000,0.23180555555555557
2018-06-17 00:00:00 UTC,-75,1723,440339000,2.2423611111111108
2018-06-17 00:00:00 UTC,-75,-1675,416127800,0.62638888888888888
2018-06-17 00:00:00 UTC,-75,-1671,416127800,0.639861111111111
2018-06-17 00:00:00 UTC,-75,-1678,416127800,0.77902777777777787
2018-06-17 00:00:00 UTC,-75,-1677,416127800,0.77597222222222229
2018-06-17 00:00:00 UTC,-75,-1674,416127800,0.92847222222222214
2018-06-17 00:00:00 UTC,-75,-1676,416127800,0.72763888888888884
2018-06-17 00:00:00 UTC,-75,-1670,416127800,0.66208333333333325
2018-06-17 00:00:00 UTC,-75,-1679,416127800,0.71319444444444446
2018-06-17 00:00:00 UTC,-75,-1669,416127800,0.98486111111111108
2018-06-17 00:00:00 UTC,-75,-1673,416127800,0.6268055555555555
2018-06-17 00:00:00 UTC,-75,-1672,416127800,1.1220833333333335
2018-06-17 00:00:00 UTC,-75,1600,416002681,1.8491666666666666
2018-06-17 00:00:00 UTC,-75,1601,416002681,7.7243055555555564
2018-06-17 00:00:00 UTC,-75,1736,440239000,0.56805555555555542
2018-06-17 00:00:00 UTC,-75,1735,440239000,0.75277777777777788
2018-06-17 00:00:00 UTC,-75,1715,412329423,3.4554166666666668
2018-06-17 00:00:00 UTC,-75,1697,412329424,0.57958333333333334
2018-06-17 00:00:00 UTC,-75,1698,412329424,0.31222222222222218
2018-06-17 00:00:00 UTC,-75,-1182,416004566,2.1576388888888878
2018-06-17 00:00:00 UTC,-75,-1181,416004566,0.63194444444444464
2018-06-17 00:00:00 UTC,-75,1702,412326875,1.0687500000000003
2018-06-17 00:00:00 UTC,-75,1699,412326875,0.46722222222222221
2018-06-17 00:00:00 UTC,-75,1700,412326875,0.83527777777777779
2018-06-17 00:00:00 UTC,-75,1701,412326875,0.71111111111111125
2018-06-17 00:00:00 UTC,-75,-1188,416003803,1.0833333333333333
2018-06-17 00:00:00 UTC,-75,646,416001769,3.4852777777777781
2018-06-17 00:00:00 UTC,-75,647,416001769,5.9065277777777787
2018-06-17 00:00:00 UTC,-75,1661,412326904,0.99944444444444458
2018-06-17 00:00:00 UTC,-75,1660,412326904,0.82833333333333337
2018-06-17 00:00:00 UTC,182,-168,224032270,2.4211111111111108
2018-06-17 00:00:00 UTC,182,-167,224032270,1.6436111111111109
2018-06-17 00:00:00 UTC,182,-167,224372000,1.9595833333333332
2018-06-17 00:00:00 UTC,182,-168,224372000,0.86555555555555552
2018-06-17 00:00:00 UTC,182,-168,224313420,0.6119444444444444
2018-06-17 00:00:00 UTC,182,-167,224313420,1.1652777777777776
2018-06-17 00:00:00 UTC,182,-506,377907277,0.86305555555555569
2018-06-17 00:00:00 UTC,182,-509,377907277,0.35986111111111113
2018-06-17 00:00:00 UTC,182,-504,377907277,3.0956944444444443
2018-06-17 00:00:00 UTC,182,-508,377907277,2.3752777777777774
2018-06-17 00:00:00 UTC,182,-507,377907277,0.77013888888888893
2018-06-17 00:00:00 UTC,182,-505,377907277,0.7665277777777777
2018-06-17 00:00:00 UTC,182,-167,224270000,5.5991666666666671
2018-06-17 00:00:00 UTC,182,-168,224270000,5.719444444444445
2018-06-17 00:00:00 UTC,182,-168,224013270,3.4493055555555556
2018-06-17 00:00:00 UTC,182,-167,224013270,5.8641666666666667
2018-06-17 00:00:00 UTC,438,-236,224026880,1.0999999999999999
2018-06-17 00:00:00 UTC,438,137,247081740,0.56513888888888886
2018-06-17 00:00:00 UTC,438,101,247220240,1.1827777777777779
2018-06-17 00:00:00 UTC,438,-239,224082460,0.66430555555555559
2018-06-17 00:00:00 UTC,438,-241,224082460,1.4958333333333336
2018-06-17 00:00:00 UTC,438,-245,224082460,1.0145833333333334
2018-06-17 00:00:00 UTC,438,-244,224082460,0.25805555555555559
2018-06-17 00:00:00 UTC,438,-238,224082460,0.48486111111111113
2018-06-17 00:00:00 UTC,438,-435,224020000,2.1594444444444445
2018-06-17 00:00:00 UTC,438,-17,224361000,0.38722222222222225
2018-06-17 00:00:00 UTC,438,-19,224169000,0.49736111111111114
2018-06-17 00:00:00 UTC,438,-20,224169000,2.0820833333333342
2018-06-17 00:00:00 UTC,438,137,247051830,0.53611111111111109
2018-06-17 00:00:00 UTC,438,-21,224021560,3.3109722222222224
2018-06-17 00:00:00 UTC,438,136,247083070,0.29319444444444442
2018-06-17 00:00:00 UTC,438,131,247084380,0.57069444444444439
2018-06-17 00:00:00 UTC,438,-17,228124000,1.4416666666666667
2018-06-17 00:00:00 UTC,438,-1245,368572000,3.9112500000000003
2018-06-17 00:00:00 UTC,438,-17,224315000,0.46819444444444447
2018-06-17 00:00:00 UTC,438,-231,224185220,1.5666666666666669
2018-06-17 00:00:00 UTC,438,-230,224185220,0.60805555555555557
2018-06-17 00:00:00 UTC,438,-233,224185220,1.1415277777777777
2018-06-17 00:00:00 UTC,438,-227,224185220,0.13305555555555554
2018-06-17 00:00:00 UTC,438,-232,224185220,8.8283333333333367
2018-06-17 00:00:00 UTC,438,-229,224185220,0.54152777777777783
2018-06-17 00:00:00 UTC,438,-228,224185220,0.68388888888888888
2018-06-17 00:00:00 UTC,438,137,247083410,0.54722222222222228
2018-06-17 00:00:00 UTC,438,-1245,367341970,3.7302777777777778
2018-06-17 00:00:00 UTC,438,-1244,367341970,2.8705555555555562
2018-06-17 00:00:00 UTC,438,101,247061650,1.3029166666666667
2018-06-17 00:00:00 UTC,438,101,247064730,1.1586111111111108
2018-06-17 00:00:00 UTC,438,134,247083170,0.54986111111111113
2018-06-17 00:00:00 UTC,438,137,247087020,0.27208333333333334
2018-06-17 00:00:00 UTC,438,134,247088050,0.425
2018-06-17 00:00:00 UTC,438,135,247081670,0.27208333333333334
2018-06-17 00:00:00 UTC,438,101,247063250,0.83319444444444435
2018-06-17 00:00:00 UTC,438,-1267,316008413,3.3490277777777777
2018-06-17 00:00:00 UTC,438,-1266,316008413,2.0756944444444443
2018-06-17 00:00:00 UTC,438,136,247083230,0.27916666666666667
2018-06-17 00:00:00 UTC,438,-1244,367372000,0.96083333333333332
2018-06-17 00:00:00 UTC,438,-1269,316015074,8.0438888888888886
2018-06-17 00:00:00 UTC,438,-198,224021730,0.88319444444444439
2018-06-17 00:00:00 UTC,438,101,247063270,0.83305555555555544
2018-06-17 00:00:00 UTC,438,137,247084520,0.72263888888888883
2018-06-17 00:00:00 UTC,438,152,238673640,11.737916666666667
2018-06-17 00:00:00 UTC,438,-235,224074730,3.5611111111111109
2018-06-17 00:00:00 UTC,438,-1245,338603000,3.0049999999999994
2018-06-17 00:00:00 UTC,438,-1244,368555000,2.1950000000000003
2018-06-17 00:00:00 UTC,438,-1245,368555000,1.8413888888888885
2018-06-17 00:00:00 UTC,694,166,257536700,5.9105555555555549
2018-06-17 00:00:00 UTC,694,167,257536700,0.913888888888889
2018-06-17 00:00:00 UTC,-330,355,416002566,0.23694444444444446
2018-06-17 00:00:00 UTC,-330,427,416002325,0.67402777777777778
2018-06-17 00:00:00 UTC,-330,426,416002325,0.68125
2018-06-17 00:00:00 UTC,-330,738,416004378,0.83388888888888879
2018-06-17 00:00:00 UTC,-330,739,416004378,1.0502777777777776
2018-06-17 00:00:00 UTC,-330,502,416002615,2.5220833333333332
2018-06-17 00:00:00 UTC,-330,501,416002615,3.0233333333333334
2018-06-17 00:00:00 UTC,-330,502,416002875,7.2220833333333321
2018-06-17 00:00:00 UTC,-330,508,416002876,2.7208333333333337
2018-06-17 00:00:00 UTC,-330,168,601512000,1.9869444444444444
2018-06-17 00:00:00 UTC,-330,537,416002646,0.033472222222222223
2018-06-17 00:00:00 UTC,-330,543,533000035,1.2768055555555557
2018-06-17 00:00:00 UTC,-330,545,533000035,1.1708333333333334
2018-06-17 00:00:00 UTC,-330,546,533000035,1.1876388888888889
2018-06-17 00:00:00 UTC,-330,542,533000035,3.38875
2018-06-17 00:00:00 UTC,-330,544,533000035,1.15
2018-06-17 00:00:00 UTC,-330,504,416219500,3.4266666666666659
2018-06-17 00:00:00 UTC,-330,500,416219500,1.0323611111111111
2018-06-17 00:00:00 UTC,-330,501,416219500,0.90374999999999994
2018-06-17 00:00:00 UTC,-330,503,416219500,0.71111111111111114
2018-06-17 00:00:00 UTC,-330,499,416219500,6.4093055555555551
2018-06-17 00:00:00 UTC,-330,538,416002425,2.8052777777777771
2018-06-17 00:00:00 UTC,-330,539,416002425,0.45791666666666664
2018-06-17 00:00:00 UTC,-330,924,416772000,0.6825
2018-06-17 00:00:00 UTC,-330,925,416772000,2.4554166666666668
2018-06-17 00:00:00 UTC,-330,923,416772000,0.20472222222222222
2018-06-17 00:00:00 UTC,-330,1031,416868000,1.6044444444444443
2018-06-17 00:00:00 UTC,-330,1035,416868000,2.1468055555555559
2018-06-17 00:00:00 UTC,-330,1033,416868000,2.4030555555555555
2018-06-17 00:00:00 UTC,-330,1032,416868000,1.8052777777777778
2018-06-17 00:00:00 UTC,-330,1034,416868000,1.7915277777777776
2018-06-17 00:00:00 UTC,-330,1037,416868000,2.3212499999999996
2018-06-17 00:00:00 UTC,-330,1038,416868000,3.8761111111111117
2018-06-17 00:00:00 UTC,-330,1036,416868000,3.2670833333333329
2018-06-17 00:00:00 UTC,-330,1030,416868000,0.60569444444444442
2018-06-17 00:00:00 UTC,-330,960,416345000,0.33027777777777778
2018-06-17 00:00:00 UTC,-330,961,416345000,0.17097222222222219
2018-06-17 00:00:00 UTC,-330,840,432878000,0.29263888888888884
2018-06-17 00:00:00 UTC,-330,346,416239800,3.3125
2018-06-17 00:00:00 UTC,-330,775,412329407,1.6986111111111111
2018-06-17 00:00:00 UTC,-330,780,412329409,1.0574999999999999
2018-06-17 00:00:00 UTC,-330,781,412329409,2.4479166666666665
2018-06-17 00:00:00 UTC,-330,545,416085700,1.9779166666666665
2018-06-17 00:00:00 UTC,-330,539,416085700,1.8204166666666668
2018-06-17 00:00:00 UTC,-330,540,416085700,0.80236111111111108
2018-06-17 00:00:00 UTC,-330,541,416085700,0.62625000000000008
2018-06-17 00:00:00 UTC,-330,546,416085700,3.8977777777777782
2018-06-17 00:00:00 UTC,-330,547,416085700,0.39041666666666669
2018-06-17 00:00:00 UTC,-330,544,416085700,2.4136111111111114
2018-06-17 00:00:00 UTC,-330,543,416085700,1.6802777777777778
2018-06-17 00:00:00 UTC,-330,542,416085700,0.74611111111111117
2018-06-17 00:00:00 UTC,-330,841,413270220,1.7634722222222217
2018-06-17 00:00:00 UTC,-330,168,601367500,0.34458333333333335
2018-06-17 00:00:00 UTC,-330,169,601367500,4.5886111111111108
2018-06-17 00:00:00 UTC,-330,170,601367500,3.0320833333333335
2018-06-17 00:00:00 UTC,-330,176,312610000,1.6372222222222224
2018-06-17 00:00:00 UTC,-330,890,412420817,3.0313888888888894
2018-06-17 00:00:00 UTC,-330,892,412420817,1.1161111111111111
2018-06-17 00:00:00 UTC,-330,891,412420817,0.60791666666666666
2018-06-17 00:00:00 UTC,-330,899,412420817,0.60791666666666666
2018-06-17 00:00:00 UTC,-330,900,412420817,5.4416666666666673
2018-06-17 00:00:00 UTC,-330,888,412420818,0.5375
2018-06-17 00:00:00 UTC,-330,890,412420818,0.706388888888889
2018-06-17 00:00:00 UTC,-330,889,412420818,0.4770833333333333
2018-06-17 00:00:00 UTC,-330,887,412420818,1.1888888888888889
2018-06-17 00:00:00 UTC,-330,891,412420818,0.37750000000000006
2018-06-17 00:00:00 UTC,-330,169,601190100,2.3273611111111112
2018-06-17 00:00:00 UTC,-330,170,601190100,2.0173611111111116
2018-06-17 00:00:00 UTC,-330,168,601190100,0.62430555555555534
2018-06-17 00:00:00 UTC,-330,571,412354264,1.0618055555555557
2018-06-17 00:00:00 UTC,-330,572,412354264,1.5129166666666665
2018-06-17 00:00:00 UTC,-330,568,412354265,3.0670833333333336
2018-06-17 00:00:00 UTC,-330,567,412354265,0.88430555555555557
2018-06-17 00:00:00 UTC,-330,566,412354267,0.16111111111111112
2018-06-17 00:00:00 UTC,-330,796,416231900,1.3155555555555556
2018-06-17 00:00:00 UTC,-330,830,416167900,2.7240277777777782
2018-06-17 00:00:00 UTC,-330,833,416167900,2.3377777777777777
2018-06-17 00:00:00 UTC,-330,831,416167900,0.36388888888888893
2018-06-17 00:00:00 UTC,-330,834,416167900,3.105
2018-06-17 00:00:00 UTC,-330,538,416002269,1.0583333333333331
2018-06-17 00:00:00 UTC,-330,541,416002269,2.9248611111111109
2018-06-17 00:00:00 UTC,-330,511,416002286,1.5751388888888889
2018-06-17 00:00:00 UTC,-330,169,601180400,0.867638888888889
2018-06-17 00:00:00 UTC,-74,-79,416014600,1.9691666666666665
2018-06-17 00:00:00 UTC,-74,-78,416014600,1.3105555555555555
2018-06-17 00:00:00 UTC,-74,-80,416014600,0.51861111111111113
2018-06-17 00:00:00 UTC,-74,1712,412328724,1.4729166666666669
2018-06-17 00:00:00 UTC,-74,-1356,416120600,2.1402777777777775
2018-06-17 00:00:00 UTC,-74,-1354,416120600,3.4486111111111111
2018-06-17 00:00:00 UTC,-74,-1355,416120600,1.8063888888888888
2018-06-17 00:00:00 UTC,-74,-1358,416120600,1.1248611111111111
2018-06-17 00:00:00 UTC,-74,-1357,416120600,1.5065277777777775
2018-06-17 00:00:00 UTC,-74,521,247354400,2.5500000000000003
2018-06-17 00:00:00 UTC,-74,1653,412328757,1.0398611111111109
2018-06-17 00:00:00 UTC,-74,1719,440339000,1.72875
2018-06-17 00:00:00 UTC,-74,1724,440339000,0.78736111111111107
2018-06-17 00:00:00 UTC,-74,1722,440339000,0.79569444444444448
2018-06-17 00:00:00 UTC,-74,1721,440339000,3.4669444444444451
2018-06-17 00:00:00 UTC,-74,1720,440339000,2.0808333333333335
2018-06-17 00:00:00 UTC,-74,1723,440339000,3.5448611111111124
2018-06-17 00:00:00 UTC,-74,-1353,416119900,0.1602777777777778
2018-06-17 00:00:00 UTC,-74,-1352,416119900,1.5148611111111105
2018-06-17 00:00:00 UTC,-74,-98,416074600,0.48083333333333333
2018-06-17 00:00:00 UTC,-74,-97,416074600,3.47625
2018-06-17 00:00:00 UTC,-74,-100,416074600,0.87388888888888894
2018-06-17 00:00:00 UTC,-74,-93,416074600,2.4829166666666667
2018-06-17 00:00:00 UTC,-74,-95,416074600,2.4243055555555553
2018-06-17 00:00:00 UTC,-74,-99,416074600,0.69013888888888886
2018-06-17 00:00:00 UTC,-74,-92,416074600,0.87069444444444444
2018-06-17 00:00:00 UTC,-74,1598,416002681,1.1165277777777778
2018-06-17 00:00:00 UTC,-74,1599,416002681,2.0733333333333333
2018-06-17 00:00:00 UTC,-74,1736,440239000,1.5329166666666667
2018-06-17 00:00:00 UTC,-74,1734,440239000,0.72611111111111115
2018-06-17 00:00:00 UTC,-74,1696,412329424,0.55347222222222225
2018-06-17 00:00:00 UTC,-74,1698,412329424,1.014861111111111
2018-06-17 00:00:00 UTC,-74,1697,412329424,0.46333333333333337
2018-06-17 00:00:00 UTC,-74,1602,416127700,1.6238888888888889
2018-06-17 00:00:00 UTC,-74,-1183,416004566,0.60847222222222219
2018-06-17 00:00:00 UTC,-74,-1182,416004566,1.0920833333333335
2018-06-17 00:00:00 UTC,-74,1603,416003814,1.7670833333333333
2018-06-17 00:00:00 UTC,-74,1602,416003814,5.196527777777777
2018-06-17 00:00:00 UTC,-74,647,416001769,0.7384722222222222
2018-06-17 00:00:00 UTC,-74,646,416001769,2.9270833333333335
2018-06-17 00:00:00 UTC,-74,-1187,416003822,1.3504166666666668
2018-06-17 00:00:00 UTC,-74,1660,412326904,1.2665277777777777
2018-06-17 00:00:00 UTC,-74,1659,412326904,3.3273611111111112
2018-06-17 00:00:00 UTC,183,-168,224372000,2.0641666666666669
2018-06-17 00:00:00 UTC,183,-168,224313420,1.9570833333333331
2018-06-17 00:00:00 UTC,183,-511,377907277,1.296111111111111
2018-06-17 00:00:00 UTC,183,-510,377907277,1.0751388888888889
2018-06-17 00:00:00 UTC,183,-168,225987981,0.679861111111111
2018-06-17 00:00:00 UTC,183,-168,225986769,1.2191666666666665
2018-06-17 00:00:00 UTC,183,-1603,367442170,1.8086111111111112
2018-06-17 00:00:00 UTC,183,-1601,367442170,2.4904166666666669
2018-06-17 00:00:00 UTC,183,-1605,367442170,1.6311111111111112
2018-06-17 00:00:00 UTC,183,-1606,367442170,2.8226388888888891
2018-06-17 00:00:00 UTC,183,-1604,367442170,1.5509722222222226
2018-06-17 00:00:00 UTC,183,-1602,367442170,2.3301388888888885
2018-06-17 00:00:00 UTC,439,149,238794240,5.8974999999999991
2018-06-17 00:00:00 UTC,439,101,247220240,0.25166666666666671
2018-06-17 00:00:00 UTC,439,-243,224082460,0.61444444444444457
2018-06-17 00:00:00 UTC,439,-242,224082460,0.60638888888888887
2018-06-17 00:00:00 UTC,439,-244,224082460,0.72583333333333322
2018-06-17 00:00:00 UTC,439,-435,224020000,0.82444444444444431
2018-06-17 00:00:00 UTC,439,-18,224361000,0.51833333333333331
2018-06-17 00:00:00 UTC,439,-17,224361000,0.90027777777777773
2018-06-17 00:00:00 UTC,439,-19,224361000,1.0265277777777777
2018-06-17 00:00:00 UTC,439,-19,224169000,0.09013888888888888
2018-06-17 00:00:00 UTC,439,1468,273398860,2.163472222222222
2018-06-17 00:00:00 UTC,439,1467,273398860,0.74152777777777779
2018-06-17 00:00:00 UTC,439,-17,228124000,1.3790277777777775
2018-06-17 00:00:00 UTC,439,-16,228124000,4.4973611111111111
2018-06-17 00:00:00 UTC,439,-17,224315000,0.41569444444444448
2018-06-17 00:00:00 UTC,439,150,238294140,3.4626388888888888
2018-06-17 00:00:00 UTC,439,150,238152840,2.9590277777777776
2018-06-17 00:00:00 UTC,439,149,238152840,2.6169444444444445
2018-06-17 00:00:00 UTC,439,101,247061650,0.19597222222222221
2018-06-17 00:00:00 UTC,439,100,247064730,0.31652777777777774
2018-06-17 00:00:00 UTC,439,101,247064730,0.19138888888888889
2018-06-17 00:00:00 UTC,439,-624,316001949,1.550138888888889
2018-06-17 00:00:00 UTC,439,-196,224112290,0.28541666666666665
2018-06-17 00:00:00 UTC,439,149,238281140,5.4736111111111114
2018-06-17 00:00:00 UTC,439,130,247084470,1.6141666666666663
2018-06-17 00:00:00 UTC,439,-665,316004026,0.73319444444444448
2018-06-17 00:00:00 UTC,439,81,247048910,0.22763888888888889
2018-06-17 00:00:00 UTC,439,101,247063250,0.4168055555555556
2018-06-17 00:00:00 UTC,439,-1267,316008413,0.70416666666666672
2018-06-17 00:00:00 UTC,439,-1269,316015074,6.9243055555555539
2018-06-17 00:00:00 UTC,439,101,247063270,0.11402777777777778
2018-06-17 00:00:00 UTC,439,149,238763240,0.28888888888888886
2018-06-17 00:00:00 UTC,439,150,238763240,3.6888888888888887
2018-06-17 00:00:00 UTC,439,150,238765040,4.2734722222222228
2018-06-17 00:00:00 UTC,439,132,247084790,1.0834722222222222
2018-06-17 00:00:00 UTC,439,-1245,368555000,0.53861111111111115
2018-06-17 00:00:00 UTC,439,150,238118140,3.8611111111111107
2018-06-17 00:00:00 UTC,695,430,273383170,1.4587500000000004
2018-06-17 00:00:00 UTC,695,431,273383170,6.2486111111111109
2018-06-17 00:00:00 UTC,695,430,273315220,2.0193055555555555
2018-06-17 00:00:00 UTC,695,434,273315220,1.14125
2018-06-17 00:00:00 UTC,695,431,273315220,10.563055555555556
2018-06-17 00:00:00 UTC,695,432,273376220,0.24513888888888891
2018-06-17 00:00:00 UTC,695,431,273376220,12.780277777777783
2018-06-17 00:00:00 UTC,695,430,273376220,0.88680555555555562
2018-06-17 00:00:00 UTC,-329,426,416002325,1.18125
2018-06-17 00:00:00 UTC,-329,738,416004378,1.5668055555555556
2018-06-17 00:00:00 UTC,-329,740,416004378,1.4288888888888889
2018-06-17 00:00:00 UTC,-329,741,416004378,1.4455555555555557
2018-06-17 00:00:00 UTC,-329,742,416004378,1.6097222222222223
2018-06-17 00:00:00 UTC,-329,743,416004378,0.8
2018-06-17 00:00:00 UTC,-329,502,416002615,5.3656944444444443
2018-06-17 00:00:00 UTC,-329,168,601512000,0.3372222222222222
2018-06-17 00:00:00 UTC,-329,169,601512000,2.2083333333333335
2018-06-17 00:00:00 UTC,-329,350,416252500,1.1697222222222221
2018-06-17 00:00:00 UTC,-329,501,416219500,0.76680555555555552
2018-06-17 00:00:00 UTC,-329,538,416002425,4.23486111111111
2018-06-17 00:00:00 UTC,-329,537,416002425,0.53680555555555554
2018-06-17 00:00:00 UTC,-329,129,431600010,1.5631944444444441
2018-06-17 00:00:00 UTC,-329,427,416189600,7.4272222222222224
2018-06-17 00:00:00 UTC,-329,840,432878000,0.68861111111111106
2018-06-17 00:00:00 UTC,-329,355,416239800,1.9452777777777777
2018-06-17 00:00:00 UTC,-329,356,416239800,2.7038888888888888
2018-06-17 00:00:00 UTC,-329,777,412329407,1.6720833333333334
2018-06-17 00:00:00 UTC,-329,542,416085700,1.5022222222222221
2018-06-17 00:00:00 UTC,-329,543,416085700,0.31694444444444442
2018-06-17 00:00:00 UTC,-329,541,416085700,1.0904166666666668
2018-06-17 00:00:00 UTC,-329,540,416085700,1.4415277777777777
2018-06-17 00:00:00 UTC,-329,539,416085700,3.2113888888888891
2018-06-17 00:00:00 UTC,-329,841,413270220,0.16819444444444445
2018-06-17 00:00:00 UTC,-329,170,601367500,0.43555555555555558
2018-06-17 00:00:00 UTC,-329,168,601367500,2.3734722222222215
2018-06-17 00:00:00 UTC,-329,169,601367500,1.4645833333333331
2018-06-17 00:00:00 UTC,-329,176,312610000,4.0525
2018-06-17 00:00:00 UTC,-329,894,412420818,0.11055555555555557
2018-06-17 00:00:00 UTC,-329,888,412420818,0.93666666666666654
2018-06-17 00:00:00 UTC,-329,890,412420818,0.35444444444444445
2018-06-17 00:00:00 UTC,-329,887,412420818,0.06277777777777778
2018-06-17 00:00:00 UTC,-329,169,601190100,2.1918055555555558
2018-06-17 00:00:00 UTC,-329,170,601190100,1.4041666666666668
2018-06-17 00:00:00 UTC,-329,171,601190100,1.1706944444444445
2018-06-17 00:00:00 UTC,-329,572,412354264,2.0870833333333332
2018-06-17 00:00:00 UTC,-329,571,412354264,2.4038888888888885
2018-06-17 00:00:00 UTC,-329,567,412354265,1.2477777777777777
2018-06-17 00:00:00 UTC,-329,569,412354265,0.16541666666666666
2018-06-17 00:00:00 UTC,-329,568,412354265,2.0341666666666667
2018-06-17 00:00:00 UTC,-329,569,412354266,1.1054166666666669
2018-06-17 00:00:00 UTC,-329,797,416231900,0.92583333333333329
2018-06-17 00:00:00 UTC,-329,538,416002269,0.90055555555555555
2018-06-17 00:00:00 UTC,-329,537,416002269,4.4229166666666666
2018-06-17 00:00:00 UTC,-329,169,601180400,1.0875000000000004
2018-06-17 00:00:00 UTC,-329,168,601180400,0.69638888888888884
2018-06-17 00:00:00 UTC,-329,772,416004851,3.7701388888888889
2018-06-17 00:00:00 UTC,-329,360,416005115,1.7002777777777778
2018-06-17 00:00:00 UTC,-329,361,416005115,3.5593055555555555
2018-06-17 00:00:00 UTC,-329,168,601333500,1.8376388888888888
2018-06-17 00:00:00 UTC,-329,169,601333500,0.84027777777777779
2018-06-17 00:00:00 UTC,-73,1701,412371206,1.0516666666666667
2018-06-17 00:00:00 UTC,-73,1702,412371206,1.2956944444444445
2018-06-17 00:00:00 UTC,-73,517,660001800,0.56333333333333335
2018-06-17 00:00:00 UTC,-73,1712,412328724,0.52069444444444446
2018-06-17 00:00:00 UTC,-73,-217,416734000,0.65958333333333341
2018-06-17 00:00:00 UTC,-73,1724,440339000,3.3480555555555549
2018-06-17 00:00:00 UTC,-73,-1347,416119900,1.6331944444444444
2018-06-17 00:00:00 UTC,-73,-1353,416119900,1.0780555555555558
2018-06-17 00:00:00 UTC,-73,-1351,416119900,1.9468055555555557
2018-06-17 00:00:00 UTC,-73,-1355,416119900,3.5130555555555558
2018-06-17 00:00:00 UTC,-73,-1354,416119900,1.7481944444444442
2018-06-17 00:00:00 UTC,-73,-1350,416119900,1.683888888888889
2018-06-17 00:00:00 UTC,-73,-98,416074600,1.7427777777777778
2018-06-17 00:00:00 UTC,-73,-96,416074600,1.7158333333333333
2018-06-17 00:00:00 UTC,-73,-97,416074600,2.6402777777777779
2018-06-17 00:00:00 UTC,-73,-99,416074600,0.50555555555555554
2018-06-17 00:00:00 UTC,-73,-95,416074600,5.55875
2018-06-17 00:00:00 UTC,-73,-100,416074600,0.64736111111111116
2018-06-17 00:00:00 UTC,-73,1734,440239000,0.75347222222222232
2018-06-17 00:00:00 UTC,-73,1735,440239000,1.3154166666666665
2018-06-17 00:00:00 UTC,-73,1736,440239000,0.28125
2018-06-17 00:00:00 UTC,-73,1718,412329423,10.21875
2018-06-17 00:00:00 UTC,-73,1715,412329423,1.6487500000000002
2018-06-17 00:00:00 UTC,-73,1719,412329423,2.9790277777777776
2018-06-17 00:00:00 UTC,-73,1696,412329424,0.82305555555555565
2018-06-17 00:00:00 UTC,-73,1698,412329424,0.91569444444444437
2018-06-17 00:00:00 UTC,-73,1602,416003814,4.1833333333333336
2018-06-17 00:00:00 UTC,-73,647,416001769,1.951527777777778
2018-06-17 00:00:00 UTC,-73,648,416001769,3.6727777777777777
2018-06-17 00:00:00 UTC,-73,1588,416228600,1.6240277777777778
2018-06-17 00:00:00 UTC,-73,1659,412326904,2.9931944444444443
2018-06-17 00:00:00 UTC,184,-1605,367556120,1.62125
2018-06-17 00:00:00 UTC,184,-1601,367556120,2.9418055555555562
2018-06-17 00:00:00 UTC,184,-1606,367556120,1.6411111111111107
2018-06-17 00:00:00 UTC,184,-1607,367556120,4.0306944444444444
2018-06-17 00:00:00 UTC,184,-1602,367556120,1.9273611111111111
2018-06-17 00:00:00 UTC,184,-1604,367556120,1.8208333333333333
2018-06-17 00:00:00 UTC,184,-1603,367556120,1.6843055555555555
2018-06-17 00:00:00 UTC,184,-168,224372000,1.4580555555555554
2018-06-17 00:00:00 UTC,184,-168,224313420,2.3523611111111111
2018-06-17 00:00:00 UTC,184,-513,377907277,1.7002777777777778
2018-06-17 00:00:00 UTC,184,-512,377907277,0.95402777777777781
2018-06-17 00:00:00 UTC,184,-511,377907277,1.6918055555555558
2018-06-17 00:00:00 UTC,184,-168,225987981,0.67180555555555554
2018-06-17 00:00:00 UTC,184,-168,225986769,4.58
2018-06-17 00:00:00 UTC,184,-1610,367045620,0.73416666666666663
2018-06-17 00:00:00 UTC,184,-1601,367442170,0.40819444444444447
2018-06-17 00:00:00 UTC,440,-196,224104960,4.1073611111111115
2018-06-17 00:00:00 UTC,440,-187,224057370,1.0030555555555556
2018-06-17 00:00:00 UTC,440,-241,224082460,0.64263888888888887
2018-06-17 00:00:00 UTC,440,-240,224082460,0.19097222222222221
2018-06-17 00:00:00 UTC,440,-439,224020000,2.705
2018-06-17 00:00:00 UTC,440,-20,224265000,2.3819444444444442
2018-06-17 00:00:00 UTC,440,-1245,366264360,0.35486111111111107
2018-06-17 00:00:00 UTC,440,-1244,366264360,0.23138888888888887
2018-06-17 00:00:00 UTC,440,-668,316001577,1.61125
2018-06-17 00:00:00 UTC,440,150,238902840,3.8919444444444449
2018-06-17 00:00:00 UTC,440,152,238902840,0.3709722222222222
2018-06-17 00:00:00 UTC,440,1465,273818700,0.52902777777777776
2018-06-17 00:00:00 UTC,440,1465,273398860,0.76236111111111127
2018-06-17 00:00:00 UTC,440,1467,273398860,4.4311111111111119
2018-06-17 00:00:00 UTC,440,1466,273398860,3.8697222222222223
2018-06-17 00:00:00 UTC,440,132,247082320,0.30125
2018-06-17 00:00:00 UTC,440,-16,228124000,1.9359722222222224
2018-06-17 00:00:00 UTC,440,127,247070850,0.69305555555555554
2018-06-17 00:00:00 UTC,440,149,238111111,6.1751388888888883
2018-06-17 00:00:00 UTC,440,149,238624910,4.5397222222222222
2018-06-17 00:00:00 UTC,440,-624,316001949,0.76666666666666672
2018-06-17 00:00:00 UTC,440,-625,316001949,1.9166666666666665
2018-06-17 00:00:00 UTC,440,-196,224112290,1.0518055555555557
2018-06-17 00:00:00 UTC,440,128,247070640,0.548888888888889
2018-06-17 00:00:00 UTC,440,152,238281140,2.5027777777777778
2018-06-17 00:00:00 UTC,440,-668,316004026,1.4625
2018-06-17 00:00:00 UTC,440,148,238308040,1.6779166666666667
2018-06-17 00:00:00 UTC,440,147,238613210,7.2754166666666666
2018-06-17 00:00:00 UTC,440,1467,273449180,5.2054166666666672
2018-06-17 00:00:00 UTC,440,-14,228101600,0.28180555555555553
2018-06-17 00:00:00 UTC,440,-1269,316015074,0.19805555555555557
2018-06-17 00:00:00 UTC,440,-197,224021730,1.4597222222222221
2018-06-17 00:00:00 UTC,440,147,238752740,0.88597222222222216
2018-06-17 00:00:00 UTC,440,-197,224081130,0.7088888888888889
2018-06-17 00:00:00 UTC,440,152,238204140,0.61125000000000007
2018-06-17 00:00:00 UTC,440,152,238837240,1.3180555555555555
2018-06-17 00:00:00 UTC,696,434,273383170,2.2762499999999992
2018-06-17 00:00:00 UTC,696,432,273383170,5.9562500000000016
2018-06-17 00:00:00 UTC,696,430,273383170,1.14
2018-06-17 00:00:00 UTC,696,435,273383170,0.53458333333333341
2018-06-17 00:00:00 UTC,696,431,273383170,2.3024999999999998
2018-06-17 00:00:00 UTC,696,433,273383170,3.6045833333333333
2018-06-17 00:00:00 UTC,696,-516,331000093,3.4895833333333313
2018-06-17 00:00:00 UTC,696,-518,331000093,0.32319444444444451
2018-06-17 00:00:00 UTC,696,-517,331000093,0.69041666666666668
2018-06-17 00:00:00 UTC,696,-518,331000148,2.6304166666666662
2018-06-17 00:00:00 UTC,696,349,273293400,0.15597222222222223
2018-06-17 00:00:00 UTC,696,350,273293400,0.5475
2018-06-17 00:00:00 UTC,696,348,273293400,0.61486111111111108
2018-06-17 00:00:00 UTC,696,351,273293400,0.57624999999999993
2018-06-17 00:00:00 UTC,696,347,273293400,0.46152777777777781
2018-06-17 00:00:00 UTC,696,204,257148520,1.7695833333333335
2018-06-17 00:00:00 UTC,696,432,273315220,3.4236111111111116
2018-06-17 00:00:00 UTC,696,435,273315220,1.1784722222222221
2018-06-17 00:00:00 UTC,696,431,273315220,0.47902777777777783
2018-06-17 00:00:00 UTC,696,190,257124020,0.45
2018-06-17 00:00:00 UTC,696,197,259683000,1.5108333333333333
2018-06-17 00:00:00 UTC,696,430,273376220,1.619027777777778
2018-06-17 00:00:00 UTC,696,432,273376220,7.0558333333333314
2018-06-17 00:00:00 UTC,696,433,273376220,0.35583333333333333
2018-06-17 00:00:00 UTC,696,431,273376220,0.81083333333333329
2018-06-17 00:00:00 UTC,696,169,257611500,6.1337499999999991
2018-06-17 00:00:00 UTC,696,168,257611500,0.32180555555555557
2018-06-17 00:00:00 UTC,696,170,257611500,0.13333333333333333
2018-06-17 00:00:00 UTC,-328,426,416002325,0.34444444444444444
2018-06-17 00:00:00 UTC,-328,738,416004378,0.86805555555555558
2018-06-17 00:00:00 UTC,-328,743,416004378,1.4500000000000002
2018-06-17 00:00:00 UTC,-328,740,416004378,0.57125
2018-06-17 00:00:00 UTC,-328,742,416004378,0.87083333333333346
2018-06-17 00:00:00 UTC,-328,741,416004378,0.13319444444444445
2018-06-17 00:00:00 UTC,-328,168,601332000,3.366944444444445
2018-06-17 00:00:00 UTC,-328,167,601332000,1.5102777777777781
2018-06-17 00:00:00 UTC,-328,502,416002875,1.5708333333333333
2018-06-17 00:00:00 UTC,-328,168,601512000,3.9608333333333339
2018-06-17 00:00:00 UTC,-328,357,416252500,2.1651388888888889
2018-06-17 00:00:00 UTC,-328,350,416252500,0.53152777777777782
2018-06-17 00:00:00 UTC,-328,351,416252500,0.64444444444444449
2018-06-17 00:00:00 UTC,-328,352,416252500,1.5988888888888888
2018-06-17 00:00:00 UTC,-328,536,416002646,0.18375
2018-06-17 00:00:00 UTC,-328,537,416002646,0.7254166666666666
2018-06-17 00:00:00 UTC,-328,136,416004203,2.7370833333333335
2018-06-17 00:00:00 UTC,-328,831,412695660,0.92055555555555557
2018-06-17 00:00:00 UTC,-328,840,432955000,0.42722222222222228
2018-06-17 00:00:00 UTC,-328,538,416002425,0.78666666666666663
2018-06-17 00:00:00 UTC,-328,129,431600010,1.6283333333333336
2018-06-17 00:00:00 UTC,-328,928,416772000,1.7765277777777779
2018-06-17 00:00:00 UTC,-328,929,416772000,1.2804166666666668
2018-06-17 00:00:00 UTC,-328,840,432878000,1.3658333333333335
2018-06-17 00:00:00 UTC,-328,841,432878000,0.14916666666666667
2018-06-17 00:00:00 UTC,-328,347,416058800,1.0731944444444446
2018-06-17 00:00:00 UTC,-328,349,416239800,2.6906944444444445
2018-06-17 00:00:00 UTC,-328,352,416239800,1.2434722222222223
2018-06-17 00:00:00 UTC,-328,354,416239800,1.9640277777777777
2018-06-17 00:00:00 UTC,-328,353,416239800,2.1111111111111107
2018-06-17 00:00:00 UTC,-328,351,416239800,1.6084722222222221
2018-06-17 00:00:00 UTC,-328,350,416239800,1.1523611111111112
2018-06-17 00:00:00 UTC,-328,829,412329402,2.2373611111111109
2018-06-17 00:00:00 UTC,-328,539,416085700,0.82833333333333337
2018-06-17 00:00:00 UTC,-328,843,413270220,0.11208333333333334
2018-06-17 00:00:00 UTC,-328,842,413270220,0.53138888888888891
2018-06-17 00:00:00 UTC,-328,168,601367500,3.7266666666666688
2018-06-17 00:00:00 UTC,-328,176,312610000,4.2091666666666665
2018-06-17 00:00:00 UTC,-328,887,412420819,0.81930555555555551
2018-06-17 00:00:00 UTC,-328,884,412420819,0.2747222222222222
2018-06-17 00:00:00 UTC,-328,885,412420819,0.773611111111111
2018-06-17 00:00:00 UTC,-328,168,601190100,0.50638888888888889
2018-06-17 00:00:00 UTC,-328,169,601190100,7.0574999999999992
2018-06-17 00:00:00 UTC,-328,572,412354264,0.82874999999999988
2018-06-17 00:00:00 UTC,-328,569,412354266,0.56972222222222213
2018-06-17 00:00:00 UTC,-328,538,416002269,1.5291666666666666
2018-06-17 00:00:00 UTC,-328,537,416002269,1.175138888888889
2018-06-17 00:00:00 UTC,-328,536,416002269,0.37847222222222221
2018-06-17 00:00:00 UTC,-328,167,601180400,0.37236111111111109
2018-06-17 00:00:00 UTC,-328,168,601180400,3.1590277777777804
2018-06-17 00:00:00 UTC,-328,359,416005115,3.6319444444444446
2018-06-17 00:00:00 UTC,-328,362,416005115,2.9240277777777779
2018-06-17 00:00:00 UTC,-328,360,416005115,0.99305555555555547
2018-06-17 00:00:00 UTC,-328,358,416005115,0.30375
2018-06-17 00:00:00 UTC,-328,167,601333500,0.69319444444444445
2018-06-17 00:00:00 UTC,-328,168,601333500,6.4269444444444455
2018-06-17 00:00:00 UTC,-72,1700,412371206,0.96305555555555555
2018-06-17 00:00:00 UTC,-72,1702,412371206,0.6822222222222224
2018-06-17 00:00:00 UTC,-72,1703,412371206,2.6991666666666663
2018-06-17 00:00:00 UTC,-72,1701,412371206,0.085833333333333331
2018-06-17 00:00:00 UTC,-72,1712,412328724,0.81041666666666679
2018-06-17 00:00:00 UTC,-72,-219,416734000,3.8855555555555559
2018-06-17 00:00:00 UTC,-72,-218,416734000,2.3475
2018-06-17 00:00:00 UTC,-72,-215,416734000,1.8206944444444444
2018-06-17 00:00:00 UTC,-72,-223,416734000,3.9581944444444446
2018-06-17 00:00:00 UTC,-72,-217,416734000,2.7890277777777781
2018-06-17 00:00:00 UTC,-72,1652,412328757,2.2504166666666667
2018-06-17 00:00:00 UTC,-72,1724,440339000,0.32138888888888889
2018-06-17 00:00:00 UTC,-72,1721,440339000,0.50111111111111106
2018-06-17 00:00:00 UTC,-72,1723,440339000,0.56847222222222227
2018-06-17 00:00:00 UTC,-72,1720,440339000,0.34819444444444442
2018-06-17 00:00:00 UTC,-72,1722,440339000,0.59805555555555567
2018-06-17 00:00:00 UTC,-72,-1351,416119900,0.61319444444444449
2018-06-17 00:00:00 UTC,-72,-1350,416119900,1.0731944444444443
2018-06-17 00:00:00 UTC,-72,-1357,416119900,0.94333333333333336
2018-06-17 00:00:00 UTC,-72,-1355,416119900,1.4708333333333332
2018-06-17 00:00:00 UTC,-72,-1352,416119900,1.0977777777777777
2018-06-17 00:00:00 UTC,-72,1735,440239000,0.78069444444444425
2018-06-17 00:00:00 UTC,-72,1733,440239000,1.9858333333333333
2018-06-17 00:00:00 UTC,-72,1718,412329423,1.7473611111111111
2018-06-17 00:00:00 UTC,-72,1714,412329423,2.2527777777777778
2018-06-17 00:00:00 UTC,-72,1694,412329424,1.1444444444444444
2018-06-17 00:00:00 UTC,-72,1602,416003814,2.5427777777777778
2018-06-17 00:00:00 UTC,-72,-1188,416003822,2.2791666666666668
2018-06-17 00:00:00 UTC,-72,1589,416228600,1.1949999999999998
2018-06-17 00:00:00 UTC,185,-1600,367556120,1.1084722222222223
2018-06-17 00:00:00 UTC,185,-169,224372000,5.4123611111111112
2018-06-17 00:00:00 UTC,185,-169,224313420,1.9776388888888887
2018-06-17 00:00:00 UTC,185,-168,224313420,0.24861111111111112
2018-06-17 00:00:00 UTC,185,-514,377907277,3.3506944444444446
2018-06-17 00:00:00 UTC,185,-169,225986769,3.811666666666667
2018-06-17 00:00:00 UTC,185,-168,225986769,0.78666666666666663
2018-06-17 00:00:00 UTC,185,-1608,367045620,0.3255555555555556
2018-06-17 00:00:00 UTC,185,-1610,367045620,3.8944444444444444
2018-06-17 00:00:00 UTC,185,-1611,367045620,0.83583333333333343
2018-06-17 00:00:00 UTC,185,-1609,367045620,1.7108333333333332
2018-06-17 00:00:00 UTC,185,-1602,367442170,0.42222222222222222
2018-06-17 00:00:00 UTC,185,-1601,367442170,3.5218055555555554
2018-06-17 00:00:00 UTC,185,-1606,367442170,1.5043055555555556
2018-06-17 00:00:00 UTC,441,95,247048960,0.85930555555555566
2018-06-17 00:00:00 UTC,441,-188,224057370,0.66666666666666674
2018-06-17 00:00:00 UTC,441,1465,273344030,9.8393055555555531
2018-06-17 00:00:00 UTC,441,1464,273344030,4.7683333333333318
2018-06-17 00:00:00 UTC,441,-1243,303636000,0.26944444444444449
2018-06-17 00:00:00 UTC,441,-1244,303636000,0.28888888888888886
2018-06-17 00:00:00 UTC,441,-436,224020000,2.3284722222222221
2018-06-17 00:00:00 UTC,441,-439,224020000,1.6711111111111112
2018-06-17 00:00:00 UTC,441,-1245,366264360,0.25236111111111115
2018-06-17 00:00:00 UTC,441,-1244,366264360,0.870972222222222
2018-06-17 00:00:00 UTC,441,125,247071030,0.28180555555555553
2018-06-17 00:00:00 UTC,441,-643,316018234,1.8408333333333333
2018-06-17 00:00:00 UTC,441,-194,224061530,3.3516666666666666
2018-06-17 00:00:00 UTC,441,-16,228124000,0.25958333333333333
2018-06-17 00:00:00 UTC,441,-194,224042130,1.1065277777777778
2018-06-17 00:00:00 UTC,441,1465,273315480,1.5454166666666667
2018-06-17 00:00:00 UTC,441,-624,316001949,0.71666666666666667
2018-06-17 00:00:00 UTC,441,94,247204510,0.06
2018-06-17 00:00:00 UTC,441,95,247204510,1.5234722222222223
2018-06-17 00:00:00 UTC,441,-195,224112290,1.1356944444444443
2018-06-17 00:00:00 UTC,441,126,247071930,0.7152777777777779
2018-06-17 00:00:00 UTC,441,126,247070660,0.92694444444444446
2018-06-17 00:00:00 UTC,441,126,247070670,0.29152777777777777
2018-06-17 00:00:00 UTC,441,1361,273422800,10.29736111111111
2018-06-17 00:00:00 UTC,441,1360,273422800,1.4854166666666666
2018-06-17 00:00:00 UTC,441,-14,228101600,7.032916666666666
2018-06-17 00:00:00 UTC,441,-196,224021730,1.00625
2018-06-17 00:00:00 UTC,441,-196,224081130,0.87027777777777782
2018-06-17 00:00:00 UTC,441,126,247070960,0.29722222222222222
2018-06-17 00:00:00 UTC,441,1359,273315570,0.45583333333333331
2018-06-17 00:00:00 UTC,697,435,273383170,0.11680555555555557
2018-06-17 00:00:00 UTC,697,-517,331000093,7.14569444444445
2018-06-17 00:00:00 UTC,697,-518,331000093,4.3055555555555545
2018-06-17 00:00:00 UTC,697,-519,331000093,1.8347222222222219
2018-06-17 00:00:00 UTC,697,378,273428300,0.32472222222222225
2018-06-17 00:00:00 UTC,697,190,257786700,0.15708333333333335
2018-06-17 00:00:00 UTC,697,193,257786700,0.10013888888888889
2018-06-17 00:00:00 UTC,697,191,257786700,0.16652777777777777
2018-06-17 00:00:00 UTC,697,343,273317970,1.0054166666666666
2018-06-17 00:00:00 UTC,697,345,273317970,0.53430555555555548
2018-06-17 00:00:00 UTC,697,346,273317970,0.33333333333333337
2018-06-17 00:00:00 UTC,697,342,273317970,0.96736111111111112
2018-06-17 00:00:00 UTC,697,344,273317970,0.6645833333333333
2018-06-17 00:00:00 UTC,697,349,273293400,1.638611111111111
2018-06-17 00:00:00 UTC,697,347,273293400,0.64194444444444443
2018-06-17 00:00:00 UTC,697,348,273293400,1.6837500000000003
2018-06-17 00:00:00 UTC,697,430,273322840,0.79527777777777775
2018-06-17 00:00:00 UTC,697,177,258523000,0.99236111111111114
2018-06-17 00:00:00 UTC,697,434,273315220,2.9248611111111114
2018-06-17 00:00:00 UTC,697,198,259683000,0.25833333333333336
2018-06-17 00:00:00 UTC,697,197,259683000,4.3654166666666674
2018-06-17 00:00:00 UTC,697,300,257745600,4.0101388888888891
2018-06-17 00:00:00 UTC,697,301,257745600,1.4781944444444446
2018-06-17 00:00:00 UTC,697,172,257611500,0.77888888888888885
2018-06-17 00:00:00 UTC,697,171,257611500,0.52694444444444444
2018-06-17 00:00:00 UTC,-327,836,416249600,0.5527777777777777
2018-06-17 00:00:00 UTC,-327,837,416249600,4.4881944444444448
2018-06-17 00:00:00 UTC,-327,743,416004378,1.4915277777777778
2018-06-17 00:00:00 UTC,-327,741,416004378,2.0165277777777777
2018-06-17 00:00:00 UTC,-327,167,601332000,5.00777777777778
2018-06-17 00:00:00 UTC,-327,502,416002875,1.8979166666666667
2018-06-17 00:00:00 UTC,-327,168,601512000,0.89694444444444432
2018-06-17 00:00:00 UTC,-327,397,416002885,1.0147222222222223
2018-06-17 00:00:00 UTC,-327,843,431700560,0.869166666666667
2018-06-17 00:00:00 UTC,-327,357,416252500,3.9386111111111104
2018-06-17 00:00:00 UTC,-327,358,416252500,2.4031944444444444
2018-06-17 00:00:00 UTC,-327,353,416252500,1.6248611111111111
2018-06-17 00:00:00 UTC,-327,356,416252500,1.2840277777777775
2018-06-17 00:00:00 UTC,-327,537,416002646,0.56791666666666663
2018-06-17 00:00:00 UTC,-327,399,416002656,1.0854166666666667
2018-06-17 00:00:00 UTC,-327,135,416004203,2.1866666666666665
2018-06-17 00:00:00 UTC,-327,830,412695660,0.63291666666666668
2018-06-17 00:00:00 UTC,-327,831,412695660,1.0775000000000001
2018-06-17 00:00:00 UTC,-327,841,432955000,0.41222222222222227
2018-06-17 00:00:00 UTC,-327,840,432955000,2.0669444444444438
2018-06-17 00:00:00 UTC,-327,842,432848000,0.47138888888888886
2018-06-17 00:00:00 UTC,-327,129,431600010,1.4391666666666665
2018-06-17 00:00:00 UTC,-327,929,416772000,0.40736111111111112
2018-06-17 00:00:00 UTC,-327,426,416189600,4.0422222222222226
2018-06-17 00:00:00 UTC,-327,970,416345000,0.17486111111111111
2018-06-17 00:00:00 UTC,-327,840,432878000,2.3262500000000004
2018-06-17 00:00:00 UTC,-327,348,416058800,0.6743055555555556
2018-06-17 00:00:00 UTC,-327,347,416058800,1.0519444444444446
2018-06-17 00:00:00 UTC,-327,349,416058800,0.73472222222222228
2018-06-17 00:00:00 UTC,-327,829,412329402,2.8595833333333336
2018-06-17 00:00:00 UTC,-327,539,416085700,0.45861111111111114
2018-06-17 00:00:00 UTC,-327,168,601367500,0.82208333333333339
2018-06-17 00:00:00 UTC,-327,167,601367500,0.65152777777777771
2018-06-17 00:00:00 UTC,-327,175,312610000,4.19
2018-06-17 00:00:00 UTC,-327,896,412420819,0.81347222222222215
2018-06-17 00:00:00 UTC,-327,886,412420819,1.0576388888888888
2018-06-17 00:00:00 UTC,-327,889,412420819,1.4202777777777778
2018-06-17 00:00:00 UTC,-327,884,412420819,1.3133333333333335
2018-06-17 00:00:00 UTC,-327,892,412420819,0.14125
2018-06-17 00:00:00 UTC,-327,888,412420819,1.6119444444444446
2018-06-17 00:00:00 UTC,-327,887,412420819,0.86833333333333351
2018-06-17 00:00:00 UTC,-327,891,412420819,0.35180555555555554
2018-06-17 00:00:00 UTC,-327,890,412420819,1.1993055555555556
2018-06-17 00:00:00 UTC,-327,885,412420819,1.6058333333333332
2018-06-17 00:00:00 UTC,-327,169,601190100,1.2559722222222223
2018-06-17 00:00:00 UTC,-327,168,601190100,5.6631944444444429
2018-06-17 00:00:00 UTC,-327,536,416002269,0.37402777777777774
2018-06-17 00:00:00 UTC,-327,167,601180400,4.2865277777777777
2018-06-17 00:00:00 UTC,-327,168,601180400,0.28319444444444447
2018-06-17 00:00:00 UTC,-327,168,601333500,1.2248611111111112
2018-06-17 00:00:00 UTC,-327,167,601333500,5.0958333333333332
2018-06-17 00:00:00 UTC,-71,-50,416864000,0.75916666666666655
2018-06-17 00:00:00 UTC,-71,-45,416864000,2.1295833333333336
2018-06-17 00:00:00 UTC,-71,-51,416864000,1.3043055555555556
2018-06-17 00:00:00 UTC,-71,-49,416864000,1.5518055555555557
2018-06-17 00:00:00 UTC,-71,1701,412371206,0.66888888888888887
2018-06-17 00:00:00 UTC,-71,1702,412371206,2.2949999999999995
2018-06-17 00:00:00 UTC,-71,1703,412371206,2.3454166666666665
2018-06-17 00:00:00 UTC,-71,1711,412328724,0.74430555555555555
2018-06-17 00:00:00 UTC,-71,1710,412328724,0.27388888888888885
2018-06-17 00:00:00 UTC,-71,1712,412328724,1.1288888888888886
2018-06-17 00:00:00 UTC,-71,-215,416734000,0.52361111111111114
2018-06-17 00:00:00 UTC,-71,-223,416734000,1.1381944444444443
2018-06-17 00:00:00 UTC,-71,-222,416734000,0.36236111111111113
2018-06-17 00:00:00 UTC,-71,-217,416734000,1.8929166666666668
2018-06-17 00:00:00 UTC,-71,-216,416734000,0.60625
2018-06-17 00:00:00 UTC,-71,-214,416734000,0.92055555555555546
2018-06-17 00:00:00 UTC,-71,-219,416734000,0.74791666666666667
2018-06-17 00:00:00 UTC,-71,-221,416734000,1.1043055555555554
2018-06-17 00:00:00 UTC,-71,-218,416734000,1.199027777777778
2018-06-17 00:00:00 UTC,-71,1719,440339000,0.50430555555555556
2018-06-17 00:00:00 UTC,-71,1720,440339000,0.31805555555555554
2018-06-17 00:00:00 UTC,-71,1718,440339000,0.6052777777777778
2018-06-17 00:00:00 UTC,-71,-1358,416119900,1.0091666666666665
2018-06-17 00:00:00 UTC,-71,-1357,416119900,5.1784722222222221
2018-06-17 00:00:00 UTC,-71,1382,525898899,9.426111111111112
2018-06-17 00:00:00 UTC,-71,1381,525898899,3.2954166666666671
2018-06-17 00:00:00 UTC,-71,-1358,416303000,3.2154166666666666
2018-06-17 00:00:00 UTC,-71,-1360,416303000,0.21819444444444447
2018-06-17 00:00:00 UTC,-71,-1359,416303000,1.6862499999999998
2018-06-17 00:00:00 UTC,-71,1733,440239000,0.94722222222222219
2018-06-17 00:00:00 UTC,-71,1735,440239000,0.95638888888888907
2018-06-17 00:00:00 UTC,-71,1693,412329424,2.1769444444444446
2018-06-17 00:00:00 UTC,-71,1694,412329424,4.2806944444444444
2018-06-17 00:00:00 UTC,-71,1696,412329424,2.2513888888888891
2018-06-17 00:00:00 UTC,-71,1602,416127700,12.908055555555555
2018-06-17 00:00:00 UTC,-71,1691,412326876,6.527222222222222
2018-06-17 00:00:00 UTC,-71,1603,416003814,4.0448611111111115
2018-06-17 00:00:00 UTC,-71,-1188,416003822,1.9543055555555557
2018-06-17 00:00:00 UTC,-71,-1189,416003822,0.79916666666666658
2018-06-17 00:00:00 UTC,-71,-1347,416822000,0.5540277777777779
2018-06-17 00:00:00 UTC,-71,-1350,416822000,0.75416666666666665
2018-06-17 00:00:00 UTC,-71,-1348,416822000,0.48583333333333328
2018-06-17 00:00:00 UTC,-71,-1349,416822000,0.80375
2018-06-17 00:00:00 UTC,-71,-1346,416822000,0.087500000000000008
2018-06-17 00:00:00 UTC,-71,1589,416228600,0.67277777777777781
2018-06-17 00:00:00 UTC,186,-1600,367556120,0.34861111111111109
2018-06-17 00:00:00 UTC,186,-1599,367556120,0.90124999999999988
2018-06-17 00:00:00 UTC,186,-169,224313420,3.6043055555555559
2018-06-17 00:00:00 UTC,186,-183,226180000,2.9795833333333333
2018-06-17 00:00:00 UTC,186,-182,226180000,0.60777777777777775
2018-06-17 00:00:00 UTC,186,-1584,367560870,0.42416666666666669
2018-06-17 00:00:00 UTC,186,-1583,367560870,2.1376388888888891
2018-06-17 00:00:00 UTC,186,-1471,432515000,3.1904166666666671
2018-06-17 00:00:00 UTC,186,-1472,432515000,0.25583333333333336
2018-06-17 00:00:00 UTC,186,-169,225986769,5.8302777777777779
2018-06-17 00:00:00 UTC,186,-169,224033000,1.5804166666666664
2018-06-17 00:00:00 UTC,186,-169,224854000,14.247083333333334
2018-06-17 00:00:00 UTC,186,-1607,367045620,3.8045833333333334
2018-06-17 00:00:00 UTC,186,-1606,367045620,0.96124999999999983
2018-06-17 00:00:00 UTC,186,-1605,367045620,0.23763888888888893
2018-06-17 00:00:00 UTC,186,-1608,367045620,0.93541666666666679
2018-06-17 00:00:00 UTC,186,-1602,367442170,0.91972222222222244
2018-06-17 00:00:00 UTC,186,-1603,367442170,0.049583333333333333
2018-06-17 00:00:00 UTC,186,-1604,367442170,0.99069444444444454
2018-06-17 00:00:00 UTC,442,93,247047450,1.9418055555555558
2018-06-17 00:00:00 UTC,442,-190,224057370,0.88361111111111112
2018-06-17 00:00:00 UTC,442,-189,224057370,0.795138888888889
2018-06-17 00:00:00 UTC,442,1464,273344030,2.608055555555556
2018-06-17 00:00:00 UTC,442,1465,273344030,5.5176388888888876
2018-06-17 00:00:00 UTC,442,-1243,303636000,0.27208333333333334
2018-06-17 00:00:00 UTC,442,-1244,303636000,0.66722222222222216
2018-06-17 00:00:00 UTC,442,-439,224020000,2.4590277777777776
2018-06-17 00:00:00 UTC,442,-20,224265000,2.7433333333333332
2018-06-17 00:00:00 UTC,442,-1244,366264360,0.45013888888888892
2018-06-17 00:00:00 UTC,442,-1243,366264360,0.37555555555555553
2018-06-17 00:00:00 UTC,442,128,247070530,0.29000000000000004
2018-06-17 00:00:00 UTC,442,127,247071070,0.60555555555555562
2018-06-17 00:00:00 UTC,442,-623,316004202,4.2515277777777776
2018-06-17 00:00:00 UTC,442,126,247230360,0.27777777777777779
2018-06-17 00:00:00 UTC,442,1465,273315480,3.0323611111111108
2018-06-17 00:00:00 UTC,442,90,247046810,0.19194444444444447
2018-06-17 00:00:00 UTC,442,-624,316001949,7.867916666666666
2018-06-17 00:00:00 UTC,442,-623,316001949,1.8791666666666667
2018-06-17 00:00:00 UTC,442,-625,316001949,7.6097222222222207
2018-06-17 00:00:00 UTC,442,-194,224112290,0.92416666666666669
2018-06-17 00:00:00 UTC,442,-625,316001453,1.3916666666666668
2018-06-17 00:00:00 UTC,442,-624,316001453,3.742361111111109
2018-06-17 00:00:00 UTC,442,126,247070660,0.26430555555555557
2018-06-17 00:00:00 UTC,442,126,247070670,0.53763888888888889
2018-06-17 00:00:00 UTC,442,1361,273422800,1.4733333333333334
2018-06-17 00:00:00 UTC,442,-22,224019420,3.9065277777777783
2018-06-17 00:00:00 UTC,442,-21,224019420,11.890277777777778
2018-06-17 00:00:00 UTC,442,-14,228101600,3.2902777777777774
2018-06-17 00:00:00 UTC,442,-196,224021730,1.3156944444444445
2018-06-17 00:00:00 UTC,442,-239,224074730,4.7056944444444442
2018-06-17 00:00:00 UTC,442,-196,224081130,1.1879166666666667
2018-06-17 00:00:00 UTC,442,126,247070960,0.27513888888888888
2018-06-17 00:00:00 UTC,698,399,273432860,1.381388888888889
2018-06-17 00:00:00 UTC,698,398,273432860,0.78569444444444447
2018-06-17 00:00:00 UTC,698,-519,331000093,0.92555555555555558
2018-06-17 00:00:00 UTC,698,-520,331000093,0.3823611111111111
2018-06-17 00:00:00 UTC,698,304,257177120,3.8019444444444437
2018-06-17 00:00:00 UTC,698,400,273428300,0.64013888888888881
2018-06-17 00:00:00 UTC,698,399,273428300,3.6563888888888894
2018-06-17 00:00:00 UTC,698,398,273428300,1.6356944444444443
2018-06-17 00:00:00 UTC,698,197,257786700,0.20319444444444446
2018-06-17 00:00:00 UTC,698,198,257786700,2.8790277777777771
2018-06-17 00:00:00 UTC,698,195,257786700,0.34430555555555553
2018-06-17 00:00:00 UTC,698,194,257786700,0.18611111111111109
2018-06-17 00:00:00 UTC,698,193,257786700,0.27069444444444446
2018-06-17 00:00:00 UTC,698,340,273317970,1.0256944444444445
2018-06-17 00:00:00 UTC,698,341,273317970,1.5629166666666665
2018-06-17 00:00:00 UTC,698,-524,331000148,2.0041666666666664
2018-06-17 00:00:00 UTC,698,-525,331000148,1.0822222222222222
2018-06-17 00:00:00 UTC,698,-522,331000148,3.6056944444444436
2018-06-17 00:00:00 UTC,698,-523,331000148,3.8038888888888875
2018-06-17 00:00:00 UTC,698,-521,331000148,1.7130555555555544
2018-06-17 00:00:00 UTC,698,400,273218900,3.2263888888888879
2018-06-17 00:00:00 UTC,698,399,273218900,0.53819444444444453
2018-06-17 00:00:00 UTC,698,430,273322840,2.817361111111111
2018-06-17 00:00:00 UTC,698,305,259449000,0.25152777777777779
2018-06-17 00:00:00 UTC,698,198,259683000,0.71388888888888891
2018-06-17 00:00:00 UTC,698,431,273443790,1.1716666666666666
2018-06-17 00:00:00 UTC,698,430,273443790,0.34180555555555558
2018-06-17 00:00:00 UTC,-326,969,416704000,1.2690277777777779
2018-06-17 00:00:00 UTC,-326,971,416704000,0.63138888888888889
2018-06-17 00:00:00 UTC,-326,970,416704000,1.3673611111111108
2018-06-17 00:00:00 UTC,-326,836,416249600,1.1756944444444444
2018-06-17 00:00:00 UTC,-326,743,416004378,2.179583333333333
2018-06-17 00:00:00 UTC,-326,166,601332000,3.56
2018-06-17 00:00:00 UTC,-326,502,416002875,8.5997222222222227
2018-06-17 00:00:00 UTC,-326,403,416002885,0.91416666666666668
2018-06-17 00:00:00 UTC,-326,402,416002885,1.5006944444444441
2018-06-17 00:00:00 UTC,-326,400,416002885,1.9594444444444448
2018-06-17 00:00:00 UTC,-326,401,416002885,2.2386111111111111
2018-06-17 00:00:00 UTC,-326,397,416002885,1.8963888888888891
2018-06-17 00:00:00 UTC,-326,398,416002885,4.0770833333333334
2018-06-17 00:00:00 UTC,-326,399,416002885,1.6254166666666667
2018-06-17 00:00:00 UTC,-326,844,431700560,0.71986111111111106
2018-06-17 00:00:00 UTC,-326,843,431700560,1.2645833333333334
2018-06-17 00:00:00 UTC,-326,537,416002646,0.61944444444444446
2018-06-17 00:00:00 UTC,-326,538,416002646,0.25847222222222221
2018-06-17 00:00:00 UTC,-326,398,416002656,0.57319444444444445
2018-06-17 00:00:00 UTC,-326,397,416002656,0.94944444444444442
2018-06-17 00:00:00 UTC,-326,399,416002656,2.4130555555555553
2018-06-17 00:00:00 UTC,-326,400,416002407,3.6293055555555558
2018-06-17 00:00:00 UTC,-326,134,416004203,2.4919444444444441
2018-06-17 00:00:00 UTC,-326,135,416004203,1.3209722222222222
2018-06-17 00:00:00 UTC,-326,831,412695660,1.411388888888889
2018-06-17 00:00:00 UTC,-326,841,432955000,0.25569444444444445
2018-06-17 00:00:00 UTC,-326,840,432955000,1.1222222222222222
2018-06-17 00:00:00 UTC,-326,843,432848000,0.61958333333333337
2018-06-17 00:00:00 UTC,-326,842,432848000,0.29819444444444443
2018-06-17 00:00:00 UTC,-326,129,431600010,0.55791666666666662
2018-06-17 00:00:00 UTC,-326,425,416189600,1.3688888888888888
2018-06-17 00:00:00 UTC,-326,971,416345000,0.61680555555555561
2018-06-17 00:00:00 UTC,-326,970,416345000,0.30388888888888888
2018-06-17 00:00:00 UTC,-326,840,432878000,0.1726388888888889
2018-06-17 00:00:00 UTC,-326,350,416058800,0.62333333333333329
2018-06-17 00:00:00 UTC,-326,351,416058800,0.3561111111111111
2018-06-17 00:00:00 UTC,-326,827,412329402,0.7056944444444444
2018-06-17 00:00:00 UTC,-326,829,412329402,2.2187499999999996
2018-06-17 00:00:00 UTC,-326,828,412329402,1.0749999999999997
2018-06-17 00:00:00 UTC,-326,174,312610000,4.6409722222222225
2018-06-17 00:00:00 UTC,-326,538,416002269,0.82097222222222221
2018-06-17 00:00:00 UTC,-326,167,601387000,2.5659722222222223
2018-06-17 00:00:00 UTC,-326,166,601387000,0.33291666666666664
2018-06-17 00:00:00 UTC,-326,167,601333500,2.173888888888889
2018-06-17 00:00:00 UTC,-326,166,601333500,5.6908333333333339
2018-06-17 00:00:00 UTC,-70,-51,416864000,5.0297222222222224
2018-06-17 00:00:00 UTC,-70,-45,416864000,5.7916666666666661
2018-06-17 00:00:00 UTC,-70,-44,416864000,1.8652777777777776
2018-06-17 00:00:00 UTC,-70,1702,412371206,2.2655555555555553
2018-06-17 00:00:00 UTC,-70,1704,412371206,0.26472222222222225
2018-06-17 00:00:00 UTC,-70,1703,412371206,1.0622222222222222
2018-06-17 00:00:00 UTC,-70,1701,412371206,1.152222222222222
2018-06-17 00:00:00 UTC,-70,-72,416131600,2.0908333333333333
2018-06-17 00:00:00 UTC,-70,-73,416131600,0.82986111111111116
2018-06-17 00:00:00 UTC,-70,1710,412328724,0.35652777777777778
2018-06-17 00:00:00 UTC,-70,1709,412328724,0.61972222222222217
2018-06-17 00:00:00 UTC,-70,-6,412283998,0.7155555555555555
2018-06-17 00:00:00 UTC,-70,1383,525898899,1.8451388888888887
2018-06-17 00:00:00 UTC,-70,1382,525898899,0.50944444444444437
2018-06-17 00:00:00 UTC,-70,1608,416004759,0.9690277777777776
2018-06-17 00:00:00 UTC,-70,-1360,416303000,0.78069444444444458
2018-06-17 00:00:00 UTC,-70,-1359,416303000,0.88861111111111113
2018-06-17 00:00:00 UTC,-70,-1352,416303000,1.5179166666666666
2018-06-17 00:00:00 UTC,-70,-1356,416303000,3.15125
2018-06-17 00:00:00 UTC,-70,-1357,416303000,3.3825
2018-06-17 00:00:00 UTC,-70,-1353,416303000,1.6504166666666666
2018-06-17 00:00:00 UTC,-70,-1361,416303000,0.46444444444444449
2018-06-17 00:00:00 UTC,-70,-1358,416303000,0.83805555555555555
2018-06-17 00:00:00 UTC,-70,-1355,416303000,2.5922222222222224
2018-06-17 00:00:00 UTC,-70,-1354,416303000,3.5108333333333328
2018-06-17 00:00:00 UTC,-70,1733,440239000,0.88902777777777775
2018-06-17 00:00:00 UTC,-70,1735,440239000,1.0027777777777778
2018-06-17 00:00:00 UTC,-70,1734,440239000,1.5368055555555555
2018-06-17 00:00:00 UTC,-70,1696,412329424,1.747638888888889
2018-06-17 00:00:00 UTC,-70,1692,412326876,9.4877777777777776
2018-06-17 00:00:00 UTC,-70,1603,416003814,1.6161111111111111
2018-06-17 00:00:00 UTC,-70,1604,416004583,3.8358333333333334
2018-06-17 00:00:00 UTC,-70,-1189,416003822,2.1069444444444443
2018-06-17 00:00:00 UTC,-70,-1352,416822000,0.6102777777777777
2018-06-17 00:00:00 UTC,-70,1589,416228600,0.6529166666666667
2018-06-17 00:00:00 UTC,-70,1590,416228600,0.45680555555555558
2018-06-17 00:00:00 UTC,187,-1598,367556120,0.26472222222222219
2018-06-17 00:00:00 UTC,187,-1599,367556120,0.78152777777777771
2018-06-17 00:00:00 UTC,187,-170,224372000,2.6443055555555555
2018-06-17 00:00:00 UTC,187,-170,224313420,1.6933333333333329
2018-06-17 00:00:00 UTC,187,-182,226180000,1.7516666666666667
2018-06-17 00:00:00 UTC,187,-1583,367560870,14.394583333333335
2018-06-17 00:00:00 UTC,187,-170,239683000,0.75277777777777777
2018-06-17 00:00:00 UTC,187,-1467,432515000,1.7280555555555552
2018-06-17 00:00:00 UTC,187,-1466,432515000,1.1459722222222224
2018-06-17 00:00:00 UTC,187,-1468,432515000,1.7648611111111112
2018-06-17 00:00:00 UTC,187,-1469,432515000,1.0345833333333334
2018-06-17 00:00:00 UTC,187,-1473,432515000,0.60930555555555554
2018-06-17 00:00:00 UTC,187,-1470,432515000,0.40986111111111112
2018-06-17 00:00:00 UTC,187,-1472,432515000,1.7290277777777776
2018-06-17 00:00:00 UTC,187,-169,225986769,1.5179166666666666
2018-06-17 00:00:00 UTC,187,-170,225986769,3.6220833333333333
2018-06-17 00:00:00 UTC,187,-169,224033000,0.4825
2018-06-17 00:00:00 UTC,187,-170,224033000,5.8368055555555554
2018-06-17 00:00:00 UTC,187,-1604,367045620,0.96111111111111114
2018-06-17 00:00:00 UTC,187,-1603,367045620,3.4362499999999994
2018-06-17 00:00:00 UTC,187,-1605,367045620,0.66819444444444442
2018-06-17 00:00:00 UTC,187,-1603,367442170,1.2883333333333338
2018-06-17 00:00:00 UTC,187,-1602,367442170,0.25097222222222221
2018-06-17 00:00:00 UTC,443,-238,224026880,0.26958333333333334
2018-06-17 00:00:00 UTC,443,1434,431003162,5.9934722222222225
2018-06-17 00:00:00 UTC,443,1433,431003162,0.20791666666666667
2018-06-17 00:00:00 UTC,443,-191,224057370,0.53861111111111115
2018-06-17 00:00:00 UTC,443,-631,316015644,16.082777777777778
2018-06-17 00:00:00 UTC,443,-240,224082460,2.4816666666666665
2018-06-17 00:00:00 UTC,443,1465,273344030,1.4490277777777778
2018-06-17 00:00:00 UTC,443,-439,224020000,2.4679166666666665
2018-06-17 00:00:00 UTC,443,-436,224020000,0.89708333333333334
2018-06-17 00:00:00 UTC,443,-438,224020000,1.8712499999999999
2018-06-17 00:00:00 UTC,443,-19,224265000,1.701111111111111
2018-06-17 00:00:00 UTC,443,126,247085360,0.55402777777777779
2018-06-17 00:00:00 UTC,443,-15,227100500,7.2656944444444438
2018-06-17 00:00:00 UTC,443,-624,316004202,3.4259722222222222
2018-06-17 00:00:00 UTC,443,1434,431006584,6.0762500000000017
2018-06-17 00:00:00 UTC,443,1434,431006585,6.030555555555555
2018-06-17 00:00:00 UTC,443,1433,431006585,0.29125
2018-06-17 00:00:00 UTC,443,90,247045250,2.6738888888888894
2018-06-17 00:00:00 UTC,443,-193,224042130,1.3634722222222222
2018-06-17 00:00:00 UTC,443,1465,273315480,0.6694444444444444
2018-06-17 00:00:00 UTC,443,-624,316001949,1.9531944444444445
2018-06-17 00:00:00 UTC,443,-193,224112290,0.96708333333333329
2018-06-17 00:00:00 UTC,443,144,238778540,3.094444444444445
2018-06-17 00:00:00 UTC,443,-626,316001453,0.28472222222222221
2018-06-17 00:00:00 UTC,443,-620,316001453,0.5427777777777778
2018-06-17 00:00:00 UTC,443,-618,316001453,0.30541666666666667
2018-06-17 00:00:00 UTC,443,-617,316001453,0.54875000000000007
2018-06-17 00:00:00 UTC,443,-625,316001453,2.5688888888888886
2018-06-17 00:00:00 UTC,443,90,247045050,2.8691666666666675
2018-06-17 00:00:00 UTC,443,145,238308040,3.79125
2018-06-17 00:00:00 UTC,443,-13,227303130,0.30805555555555553
2018-06-17 00:00:00 UTC,443,-22,224019420,4.2579166666666683
2018-06-17 00:00:00 UTC,443,-13,228101600,0.81388888888888888
2018-06-17 00:00:00 UTC,443,-14,228101600,1.0581944444444444
2018-06-17 00:00:00 UTC,443,145,238161640,3.722083333333333
2018-06-17 00:00:00 UTC,443,144,238116840,3.3138888888888891
2018-06-17 00:00:00 UTC,443,-239,224074730,2.4722222222222223
2018-06-17 00:00:00 UTC,443,1434,431006447,5.8681944444444429
2018-06-17 00:00:00 UTC,443,1434,431006448,4.673055555555556
2018-06-17 00:00:00 UTC,443,1434,431006449,5.4569444444444439
2018-06-17 00:00:00 UTC,443,90,247044850,2.4248611111111118
2018-06-17 00:00:00 UTC,443,1434,431006451,5.2681944444444451
2018-06-17 00:00:00 UTC,443,145,238769140,3.1416666666666671
2018-06-17 00:00:00 UTC,443,1434,431006452,6.1473611111111106
2018-06-17 00:00:00 UTC,443,1434,431006453,5.4768055555555559
2018-06-17 00:00:00 UTC,443,1434,431006454,5.6230555555555561
2018-06-17 00:00:00 UTC,443,1434,431006455,6.192499999999999
2018-06-17 00:00:00 UTC,443,1434,431006456,6.4831944444444458
2018-06-17 00:00:00 UTC,699,418,273432860,0.55958333333333332
2018-06-17 00:00:00 UTC,699,415,273432860,1.0972222222222221
2018-06-17 00:00:00 UTC,699,416,273432860,4.1993055555555561
2018-06-17 00:00:00 UTC,699,397,273432860,0.58583333333333321
2018-06-17 00:00:00 UTC,699,417,273432860,0.56111111111111112
2018-06-17 00:00:00 UTC,699,398,273432860,0.50819444444444439
2018-06-17 00:00:00 UTC,699,417,273457950,2.2101388888888889
2018-06-17 00:00:00 UTC,699,415,273457950,4.2544444444444443
2018-06-17 00:00:00 UTC,699,418,273457950,1.8220833333333333
2018-06-17 00:00:00 UTC,699,416,273457950,4.9876388888888883
2018-06-17 00:00:00 UTC,699,308,257177120,0.99902777777777774
2018-06-17 00:00:00 UTC,699,304,257177120,2.9165277777777781
2018-06-17 00:00:00 UTC,699,305,257177120,4.4461111111111116
2018-06-17 00:00:00 UTC,699,307,257177120,7.4309722222222225
2018-06-17 00:00:00 UTC,699,306,257177120,4.2770833333333327
2018-06-17 00:00:00 UTC,699,310,257489700,5.9058333333333337
2018-06-17 00:00:00 UTC,699,308,257489700,15.850416666666668
2018-06-17 00:00:00 UTC,699,306,257084740,17.93375
2018-06-17 00:00:00 UTC,699,398,273428300,3.5187500000000003
2018-06-17 00:00:00 UTC,699,397,273428300,0.95125
2018-06-17 00:00:00 UTC,699,399,273428300,2.4468055555555552
2018-06-17 00:00:00 UTC,699,339,273317970,3.7166666666666659
2018-06-17 00:00:00 UTC,699,338,273317970,1.8576388888888888
2018-06-17 00:00:00 UTC,699,340,273317970,1.5372222222222225
2018-06-17 00:00:00 UTC,699,-527,331000148,0.63444444444444448
2018-06-17 00:00:00 UTC,699,-528,331000148,0.90986111111111112
2018-06-17 00:00:00 UTC,699,-529,331000148,0.36083333333333334
2018-06-17 00:00:00 UTC,699,400,273218900,11.502222222222226
2018-06-17 00:00:00 UTC,699,399,273218900,0.86833333333333329
2018-06-17 00:00:00 UTC,699,401,273218900,7.2304166666666649
2018-06-17 00:00:00 UTC,699,309,259302000,2.6741666666666655
2018-06-17 00:00:00 UTC,699,306,259302000,2.6352777777777781
2018-06-17 00:00:00 UTC,699,307,259302000,3.3075000000000006
2018-06-17 00:00:00 UTC,699,308,259302000,2.8248611111111113
2018-06-17 00:00:00 UTC,699,400,273396110,8.2452777777777779
2018-06-17 00:00:00 UTC,699,305,258074000,0.20291666666666669
2018-06-17 00:00:00 UTC,699,307,258074000,3.5920833333333331
2018-06-17 00:00:00 UTC,699,306,258074000,3.0619444444444448
2018-06-17 00:00:00 UTC,699,308,258074000,0.7830555555555555
2018-06-17 00:00:00 UTC,699,383,273359770,0.65472222222222221
2018-06-17 00:00:00 UTC,699,382,273359770,4.6479166666666671
2018-06-17 00:00:00 UTC,699,381,273359770,0.16958333333333331
2018-06-17 00:00:00 UTC,699,309,257313440,5.3640277777777774
2018-06-17 00:00:00 UTC,699,303,257313440,5.2388888888888889
2018-06-17 00:00:00 UTC,699,308,257313440,3.7395833333333335
2018-06-17 00:00:00 UTC,699,305,257313440,1.6038888888888891
2018-06-17 00:00:00 UTC,699,304,257313440,2.0270833333333336
2018-06-17 00:00:00 UTC,699,307,257313440,1.9061111111111111
2018-06-17 00:00:00 UTC,699,309,259449000,4.7694444444444448
2018-06-17 00:00:00 UTC,699,305,259449000,2.489444444444445
2018-06-17 00:00:00 UTC,699,304,259449000,0.18430555555555556
2018-06-17 00:00:00 UTC,699,308,259449000,1.8558333333333332
2018-06-17 00:00:00 UTC,699,307,259449000,6.6856944444444411
2018-06-17 00:00:00 UTC,699,306,259449000,3.3441666666666658
2018-06-17 00:00:00 UTC,699,201,257312740,0.33277777777777778
2018-06-17 00:00:00 UTC,699,203,257312740,1.3383333333333334
2018-06-17 00:00:00 UTC,699,204,257312740,0.295
2018-06-17 00:00:00 UTC,699,202,257312740,0.7961111111111111
2018-06-17 00:00:00 UTC,699,181,257289720,2.223611111111111
2018-06-17 00:00:00 UTC,-325,970,416704000,0.19263888888888889
2018-06-17 00:00:00 UTC,-325,972,416704000,1.2874999999999996
2018-06-17 00:00:00 UTC,-325,971,416704000,0.79194444444444445
2018-06-17 00:00:00 UTC,-325,973,416704000,0.84986111111111107
2018-06-17 00:00:00 UTC,-325,836,416249600,0.35124999999999995
2018-06-17 00:00:00 UTC,-325,835,416249600,1.4970833333333331
2018-06-17 00:00:00 UTC,-325,166,601332000,6.83013888888889
2018-06-17 00:00:00 UTC,-325,359,416766000,0.48097222222222219
2018-06-17 00:00:00 UTC,-325,360,416766000,1.8401388888888888
2018-06-17 00:00:00 UTC,-325,403,416002885,1.6427777777777777
2018-06-17 00:00:00 UTC,-325,404,416002885,3.9461111111111116
2018-06-17 00:00:00 UTC,-325,397,416002656,0.89222222222222225
2018-06-17 00:00:00 UTC,-325,400,416002407,1.94
2018-06-17 00:00:00 UTC,-325,133,416004203,2.66375
2018-06-17 00:00:00 UTC,-325,134,416004203,0.054305555555555551
2018-06-17 00:00:00 UTC,-325,831,412695660,0.4291666666666667
2018-06-17 00:00:00 UTC,-325,841,432955000,0.45680555555555563
2018-06-17 00:00:00 UTC,-325,843,432848000,1.3741666666666665
2018-06-17 00:00:00 UTC,-325,425,416189600,2.2773611111111114
2018-06-17 00:00:00 UTC,-325,974,416345000,0.1797222222222222
2018-06-17 00:00:00 UTC,-325,840,432878000,0.98013888888888889
2018-06-17 00:00:00 UTC,-325,827,412329402,1.7595833333333335
2018-06-17 00:00:00 UTC,-325,173,312610000,0.58138888888888884
2018-06-17 00:00:00 UTC,-325,166,601387000,2.5048611111111114
2018-06-17 00:00:00 UTC,-69,1703,412371206,0.75861111111111112
2018-06-17 00:00:00 UTC,-69,1702,412371206,1.6247222222222224
2018-06-17 00:00:00 UTC,-69,-71,416131600,2.3074999999999997
2018-06-17 00:00:00 UTC,-69,-76,416131600,0.34555555555555556
2018-06-17 00:00:00 UTC,-69,-72,416131600,0.18430555555555556
2018-06-17 00:00:00 UTC,-69,-68,416131600,1.9620833333333334
2018-06-17 00:00:00 UTC,-69,-70,416131600,0.76944444444444449
2018-06-17 00:00:00 UTC,-69,-2,412283998,3.8505555555555557
2018-06-17 00:00:00 UTC,-69,-6,412283998,3.3909722222222221
2018-06-17 00:00:00 UTC,-69,1608,416004759,0.80472222222222212
2018-06-17 00:00:00 UTC,-69,-90,416128700,5.33
2018-06-17 00:00:00 UTC,-69,-92,416128700,0.74027777777777781
2018-06-17 00:00:00 UTC,-69,-93,416128700,7.0725
2018-06-17 00:00:00 UTC,-69,1696,412329424,1.7145833333333336
2018-06-17 00:00:00 UTC,-69,1694,412329424,2.8950000000000005
2018-06-17 00:00:00 UTC,-69,1692,412326876,4.86875
2018-06-17 00:00:00 UTC,-69,1604,416004583,3.3204166666666666
2018-06-17 00:00:00 UTC,-69,-1190,416003822,4.5088888888888885
2018-06-17 00:00:00 UTC,-69,-1352,416822000,2.902916666666667
2018-06-17 00:00:00 UTC,-69,1692,412329459,0.76875
2018-06-17 00:00:00 UTC,-69,1693,412329459,2.27
2018-06-17 00:00:00 UTC,188,-1598,367556120,0.56819444444444445
2018-06-17 00:00:00 UTC,188,-170,224372000,1.67375
2018-06-17 00:00:00 UTC,188,-170,224009000,6.7918055555555554
2018-06-17 00:00:00 UTC,188,-1611,367511170,2.6081944444444445
2018-06-17 00:00:00 UTC,188,-1583,367560870,4.65
2018-06-17 00:00:00 UTC,188,-170,239683000,7.2811111111111115
2018-06-17 00:00:00 UTC,188,-1473,432515000,0.54458333333333342
2018-06-17 00:00:00 UTC,188,-1476,432515000,1.2422222222222223
2018-06-17 00:00:00 UTC,188,-1470,432515000,1.1655555555555557
2018-06-17 00:00:00 UTC,188,-1471,432515000,1.718333333333333
2018-06-17 00:00:00 UTC,188,-1472,432515000,1.7634722222222223
2018-06-17 00:00:00 UTC,188,-170,225986769,2.4287499999999995
2018-06-17 00:00:00 UTC,188,-170,224033000,2.8025
2018-06-17 00:00:00 UTC,188,-1604,367045620,0.61
2018-06-17 00:00:00 UTC,188,-1603,367045620,0.71875
2018-06-17 00:00:00 UTC,444,-630,316015644,2.7647222222222219
2018-06-17 00:00:00 UTC,444,-436,224020000,1.0191666666666666
2018-06-17 00:00:00 UTC,444,-18,224265000,1.3994444444444445
2018-06-17 00:00:00 UTC,444,-19,224265000,0.56527777777777777
2018-06-17 00:00:00 UTC,444,-19,224105000,1.0997222222222223
2018-06-17 00:00:00 UTC,444,-21,227442000,0.32513888888888887
2018-06-17 00:00:00 UTC,444,-19,227442000,0.14930555555555555
2018-06-17 00:00:00 UTC,444,-20,227442000,11.727222222222224
2018-06-17 00:00:00 UTC,444,-15,227100500,9.4299999999999979
2018-06-17 00:00:00 UTC,444,-194,225985132,0.95111111111111124
2018-06-17 00:00:00 UTC,444,-193,225985132,1.6531944444444446
2018-06-17 00:00:00 UTC,444,-21,224139890,18.281111111111112
2018-06-17 00:00:00 UTC,444,-22,224139890,5.7679166666666664
2018-06-17 00:00:00 UTC,444,-194,224042130,2.6302777777777777
2018-06-17 00:00:00 UTC,444,-192,224042130,0.52833333333333332
2018-06-17 00:00:00 UTC,444,-193,224042130,1.9813888888888891
2018-06-17 00:00:00 UTC,444,-194,224112790,2.8602777777777781
2018-06-17 00:00:00 UTC,444,-193,224112790,0.18819444444444444
2018-06-17 00:00:00 UTC,444,380,273442200,3.5193055555555555
2018-06-17 00:00:00 UTC,444,380,273311130,6.0675000000000034
2018-06-17 00:00:00 UTC,444,-194,224112290,0.79722222222222217
2018-06-17 00:00:00 UTC,444,-193,224112290,5.6177777777777784
2018-06-17 00:00:00 UTC,444,-194,224063940,1.199861111111111
2018-06-17 00:00:00 UTC,444,-193,224063940,5.475138888888889
2018-06-17 00:00:00 UTC,444,380,273330120,7.4988888888888887
2018-06-17 00:00:00 UTC,444,-572,316005077,1.1551388888888887
2018-06-17 00:00:00 UTC,444,-571,316005077,0.62777777777777777
2018-06-17 00:00:00 UTC,444,-13,227303130,6.1330555555555559
2018-06-17 00:00:00 UTC,444,-13,228101600,1.5955555555555558
2018-06-17 00:00:00 UTC,444,-194,224021730,2.3788888888888886
2018-06-17 00:00:00 UTC,444,-194,224081130,1.0219444444444445
2018-06-17 00:00:00 UTC,444,-195,224081130,1.0333333333333334
2018-06-17 00:00:00 UTC,444,-620,316003577,4.4368055555555559
2018-06-17 00:00:00 UTC,700,338,273444610,0.40055555555555555
2018-06-17 00:00:00 UTC,700,340,273444610,0.42708333333333331
2018-06-17 00:00:00 UTC,700,416,273432860,2.6863888888888887
2018-06-17 00:00:00 UTC,700,418,273432860,1.794027777777778
2018-06-17 00:00:00 UTC,700,417,273432860,3.7412500000000009
2018-06-17 00:00:00 UTC,700,417,273457950,1.5531944444444445
2018-06-17 00:00:00 UTC,700,397,273428300,0.38763888888888887
2018-06-17 00:00:00 UTC,700,398,273428300,0.13638888888888889
2018-06-17 00:00:00 UTC,700,396,273428300,1.0133333333333332
2018-06-17 00:00:00 UTC,700,335,273317970,0.43374999999999997
2018-06-17 00:00:00 UTC,700,338,273317970,1.2119444444444443
2018-06-17 00:00:00 UTC,700,336,273317970,1.5875000000000001
2018-06-17 00:00:00 UTC,700,337,273317970,2.7293055555555559
2018-06-17 00:00:00 UTC,700,-529,331000148,1.1318055555555557
2018-06-17 00:00:00 UTC,700,313,259302000,0.85347222222222219
2018-06-17 00:00:00 UTC,700,309,259302000,0.54097222222222219
2018-06-17 00:00:00 UTC,700,310,259302000,3.5722222222222211
2018-06-17 00:00:00 UTC,700,312,259302000,1.6329166666666668
2018-06-17 00:00:00 UTC,700,311,259302000,1.9408333333333334
2018-06-17 00:00:00 UTC,700,169,257308040,0.50333333333333341
2018-06-17 00:00:00 UTC,700,168,257308040,2.2684722222222224
2018-06-17 00:00:00 UTC,700,310,258074000,0.33611111111111108
2018-06-17 00:00:00 UTC,700,202,259683000,0.43555555555555553
2018-06-17 00:00:00 UTC,700,201,259683000,1.0880555555555553
2018-06-17 00:00:00 UTC,700,199,257444800,15.766388888888891
2018-06-17 00:00:00 UTC,700,169,257574600,0.50041666666666673
2018-06-17 00:00:00 UTC,700,168,257574600,4.2923611111111111
2018-06-17 00:00:00 UTC,700,167,257574600,1.785
2018-06-17 00:00:00 UTC,700,174,257289720,0.39347222222222222
2018-06-17 00:00:00 UTC,700,175,257289720,0.30486111111111114
2018-06-17 00:00:00 UTC,700,179,257289720,0.44166666666666665
2018-06-17 00:00:00 UTC,700,173,257289720,0.20013888888888889
2018-06-17 00:00:00 UTC,-324,836,416249600,0.030416666666666665
2018-06-17 00:00:00 UTC,-324,835,416249600,1.4541666666666666
2018-06-17 00:00:00 UTC,-324,831,416094500,0.6958333333333333
2018-06-17 00:00:00 UTC,-324,362,416766000,2.0629166666666667
2018-06-17 00:00:00 UTC,-324,363,416766000,1.1869444444444444
2018-06-17 00:00:00 UTC,-324,359,416766000,0.33611111111111114
2018-06-17 00:00:00 UTC,-324,361,416766000,2.0311111111111111
2018-06-17 00:00:00 UTC,-324,357,416766000,1.3305555555555555
2018-06-17 00:00:00 UTC,-324,358,416766000,1.0780555555555555
2018-06-17 00:00:00 UTC,-324,360,416766000,0.16319444444444442
2018-06-17 00:00:00 UTC,-324,404,416002885,3.2979166666666671
2018-06-17 00:00:00 UTC,-324,397,416002656,2.1620833333333334
2018-06-17 00:00:00 UTC,-324,396,416002656,1.5347222222222221
2018-06-17 00:00:00 UTC,-324,400,416002407,1.8551388888888887
2018-06-17 00:00:00 UTC,-324,401,416002407,0.89361111111111113
2018-06-17 00:00:00 UTC,-324,132,416004203,3.4348611111111111
2018-06-17 00:00:00 UTC,-324,131,416004203,1.8072222222222223
2018-06-17 00:00:00 UTC,-324,830,412695660,1.2865277777777777
2018-06-17 00:00:00 UTC,-324,831,412695660,0.98458333333333337
2018-06-17 00:00:00 UTC,-324,840,432955000,1.4891666666666665
2018-06-17 00:00:00 UTC,-324,985,416171900,0.42416666666666664
2018-06-17 00:00:00 UTC,-324,986,416171900,0.73347222222222241
2018-06-17 00:00:00 UTC,-324,831,412695680,2.6047222222222222
2018-06-17 00:00:00 UTC,-324,832,412695680,1.6495833333333334
2018-06-17 00:00:00 UTC,-324,425,416189600,0.62902777777777774
2018-06-17 00:00:00 UTC,-324,424,416189600,3.3993055555555554
2018-06-17 00:00:00 UTC,-324,847,416793000,0.77069444444444446
2018-06-17 00:00:00 UTC,-324,840,432878000,1.1131944444444444
2018-06-17 00:00:00 UTC,-324,827,412329402,1.6470833333333335
2018-06-17 00:00:00 UTC,-324,-1720,416233700,2.1550000000000002
2018-06-17 00:00:00 UTC,-324,165,601387000,1.3258333333333334
2018-06-17 00:00:00 UTC,-68,1703,412371206,0.44361111111111112
2018-06-17 00:00:00 UTC,-68,1702,412371206,1.5565277777777777
2018-06-17 00:00:00 UTC,-68,-77,416131600,0.28402777777777777
2018-06-17 00:00:00 UTC,-68,-71,416131600,1.5763888888888888
2018-06-17 00:00:00 UTC,-68,1629,416218900,1.7966666666666666
2018-06-17 00:00:00 UTC,-68,1628,416218900,3.462361111111111
2018-06-17 00:00:00 UTC,-68,1627,416218900,1.6758333333333333
2018-06-17 00:00:00 UTC,-68,1630,416218900,1.47125
2018-06-17 00:00:00 UTC,-68,643,416228700,2.7581944444444444
2018-06-17 00:00:00 UTC,-68,1,412283998,1.6547222222222224
2018-06-17 00:00:00 UTC,-68,3,412283998,1.9033333333333333
2018-06-17 00:00:00 UTC,-68,-1,412283998,1.3788888888888891
2018-06-17 00:00:00 UTC,-68,0,412283998,1.7913888888888887
2018-06-17 00:00:00 UTC,-68,2,412283998,1.7537500000000001
2018-06-17 00:00:00 UTC,-68,1605,416004453,1.5401388888888889
2018-06-17 00:00:00 UTC,-68,1604,416004453,3.3031944444444443
2018-06-17 00:00:00 UTC,-68,1608,416004759,0.81611111111111112
2018-06-17 00:00:00 UTC,-68,1696,412329424,0.7959722222222223
2018-06-17 00:00:00 UTC,-68,1694,412329424,1.0145833333333334
2018-06-17 00:00:00 UTC,-68,1695,412329424,1.3280555555555555
2018-06-17 00:00:00 UTC,-68,667,416000466,3.5929166666666665
2018-06-17 00:00:00 UTC,-68,668,416000466,2.1151388888888891
2018-06-17 00:00:00 UTC,-68,666,416000466,1.8013888888888887
2018-06-17 00:00:00 UTC,-68,669,416000466,1.5626388888888889
2018-06-17 00:00:00 UTC,-68,1603,416003814,1.5052777777777775
2018-06-17 00:00:00 UTC,-68,1603,416004583,2.08125
2018-06-17 00:00:00 UTC,-68,1600,416004583,1.2533333333333332
2018-06-17 00:00:00 UTC,-68,-57,416673000,0.86527777777777792
2018-06-17 00:00:00 UTC,-68,-53,416673000,0.78333333333333333
2018-06-17 00:00:00 UTC,-68,-56,416673000,0.81305555555555575
2018-06-17 00:00:00 UTC,-68,-55,416673000,0.79555555555555557
2018-06-17 00:00:00 UTC,-68,1600,416235500,0.34208333333333329
2018-06-17 00:00:00 UTC,-68,1599,416235500,0.77069444444444446
2018-06-17 00:00:00 UTC,-68,1691,412329459,3.5658333333333334
2018-06-17 00:00:00 UTC,-68,1690,412329459,2.5502777777777776
2018-06-17 00:00:00 UTC,-68,1689,412329459,1.203888888888889
2018-06-17 00:00:00 UTC,-68,1703,412371197,1.8319444444444444
2018-06-17 00:00:00 UTC,-68,1700,412371197,1.884305555555555
2018-06-17 00:00:00 UTC,-68,1702,412371197,1.8437500000000002
2018-06-17 00:00:00 UTC,-68,1699,412371197,0.75791666666666657
2018-06-17 00:00:00 UTC,-68,1701,412371197,2.9927777777777775
2018-06-17 00:00:00 UTC,189,-1598,367556120,0.16986111111111113
2018-06-17 00:00:00 UTC,189,-1597,367556120,0.38902777777777781
2018-06-17 00:00:00 UTC,189,-170,224009000,8.8865277777777809
2018-06-17 00:00:00 UTC,189,-1604,367602740,0.98569444444444443
2018-06-17 00:00:00 UTC,189,-166,306118000,1.2165277777777774
2018-06-17 00:00:00 UTC,189,-1610,367511170,1.3538888888888889
2018-06-17 00:00:00 UTC,189,-1616,367511170,0.85236111111111112
2018-06-17 00:00:00 UTC,189,-1615,367511170,1.5209722222222224
2018-06-17 00:00:00 UTC,189,-1614,367511170,2.875
2018-06-17 00:00:00 UTC,189,-1618,367511170,6.7974999999999994
2018-06-17 00:00:00 UTC,189,-1611,367511170,0.99972222222222218
2018-06-17 00:00:00 UTC,189,-1617,367511170,2.0436111111111113
2018-06-17 00:00:00 UTC,189,-170,239683000,8.9213888888888881
2018-06-17 00:00:00 UTC,189,-170,224033000,1.4608333333333332
2018-06-17 00:00:00 UTC,189,-1604,367045620,2.8866666666666667
2018-06-17 00:00:00 UTC,445,-194,224104960,7.0993055555555546
2018-06-17 00:00:00 UTC,445,-193,224104960,3.3484722222222221
2018-06-17 00:00:00 UTC,445,-439,224020000,1.5624999999999998
2018-06-17 00:00:00 UTC,445,-438,224020000,0.21305555555555555
2018-06-17 00:00:00 UTC,445,-18,224265000,2.9223611111111114
2018-06-17 00:00:00 UTC,445,-19,224105000,5.6986111111111111
2018-06-17 00:00:00 UTC,445,-21,224130870,3.4026388888888883
2018-06-17 00:00:00 UTC,445,-263,224011320,0.42305555555555552
2018-06-17 00:00:00 UTC,445,-266,224011320,0.12652777777777779
2018-06-17 00:00:00 UTC,445,-264,224011320,1.3494444444444444
2018-06-17 00:00:00 UTC,445,-265,224011320,0.5806944444444444
2018-06-17 00:00:00 UTC,445,-20,227442000,1.6434722222222222
2018-06-17 00:00:00 UTC,445,-21,227442000,4.0472222222222225
2018-06-17 00:00:00 UTC,445,-15,227100500,2.9974999999999996
2018-06-17 00:00:00 UTC,445,-192,224061530,2.4794444444444443
2018-06-17 00:00:00 UTC,445,-193,224061530,3.358194444444444
2018-06-17 00:00:00 UTC,445,1365,273373020,1.9602777777777778
2018-06-17 00:00:00 UTC,445,1366,273373020,2.7027777777777775
2018-06-17 00:00:00 UTC,445,1367,273373020,0.7075
2018-06-17 00:00:00 UTC,445,-193,225985132,0.28347222222222224
2018-06-17 00:00:00 UTC,445,-194,224042130,0.30513888888888885
2018-06-17 00:00:00 UTC,445,-193,224042130,2.1120833333333335
2018-06-17 00:00:00 UTC,445,130,247071380,0.41402777777777777
2018-06-17 00:00:00 UTC,445,380,273442200,2.806111111111111
2018-06-17 00:00:00 UTC,445,378,273442200,0.22125
2018-06-17 00:00:00 UTC,445,379,273442200,2.6751388888888892
2018-06-17 00:00:00 UTC,445,379,273311130,3.7472222222222227
2018-06-17 00:00:00 UTC,445,378,273311130,0.20999999999999996
2018-06-17 00:00:00 UTC,445,380,273311130,2.1125
2018-06-17 00:00:00 UTC,445,-192,224112290,0.12263888888888889
2018-06-17 00:00:00 UTC,445,-193,224112290,1.9088888888888886
2018-06-17 00:00:00 UTC,445,123,247070890,0.5444444444444444
2018-06-17 00:00:00 UTC,445,-194,224063940,4.1727777777777781
2018-06-17 00:00:00 UTC,445,379,273330120,2.7548611111111105
2018-06-17 00:00:00 UTC,445,378,273330120,0.084444444444444433
2018-06-17 00:00:00 UTC,445,380,273330120,1.9918055555555558
2018-06-17 00:00:00 UTC,445,-571,316005077,1.02375
2018-06-17 00:00:00 UTC,445,-572,316005077,2.6168055555555552
2018-06-17 00:00:00 UTC,445,-194,224021730,1.8080555555555553
2018-06-17 00:00:00 UTC,445,-620,316003577,14.147222222222222
2018-06-17 00:00:00 UTC,701,343,273444610,2.1052777777777778
2018-06-17 00:00:00 UTC,701,342,273444610,4.4450000000000021
2018-06-17 00:00:00 UTC,701,341,273444610,6.1808333333333332
2018-06-17 00:00:00 UTC,701,179,257141820,0.32208333333333333
2018-06-17 00:00:00 UTC,701,334,273317970,0.83375
2018-06-17 00:00:00 UTC,701,335,273317970,0.72
2018-06-17 00:00:00 UTC,701,312,259302000,1.4558333333333333
2018-06-17 00:00:00 UTC,701,313,259302000,1.68875
2018-06-17 00:00:00 UTC,701,311,259302000,0.35986111111111108
2018-06-17 00:00:00 UTC,701,288,257618800,0.44111111111111112
2018-06-17 00:00:00 UTC,701,287,257618800,0.44111111111111112
2018-06-17 00:00:00 UTC,701,311,257468800,1.336111111111111
2018-06-17 00:00:00 UTC,701,312,257468800,2.206666666666667
2018-06-17 00:00:00 UTC,701,310,258074000,0.48958333333333337
2018-06-17 00:00:00 UTC,701,312,258074000,1.1444444444444444
2018-06-17 00:00:00 UTC,701,311,258074000,1.5922222222222222
2018-06-17 00:00:00 UTC,701,288,257309340,1.1661111111111113
2018-06-17 00:00:00 UTC,701,289,257473700,0.2625
2018-06-17 00:00:00 UTC,701,203,259683000,0.18236111111111111
2018-06-17 00:00:00 UTC,701,202,259683000,1.0858333333333334
2018-06-17 00:00:00 UTC,701,351,259565000,0.041944444444444444
2018-06-17 00:00:00 UTC,701,348,259565000,2.387916666666666
2018-06-17 00:00:00 UTC,701,350,259565000,1.9569444444444444
2018-06-17 00:00:00 UTC,701,349,259565000,2.3480555555555558
2018-06-17 00:00:00 UTC,701,319,273421520,1.7501388888888887
2018-06-17 00:00:00 UTC,701,-532,331191000,0.55138888888888893
2018-06-17 00:00:00 UTC,701,-531,331191000,1.311805555555555
2018-06-17 00:00:00 UTC,701,170,257289720,12.003472222222223
2018-06-17 00:00:00 UTC,701,173,257289720,0.27722222222222226
2018-06-17 00:00:00 UTC,701,171,257289720,0.38263888888888886
2018-06-17 00:00:00 UTC,701,172,257289720,0.38375
2018-06-17 00:00:00 UTC,-323,837,416249600,0.37458333333333332
2018-06-17 00:00:00 UTC,-323,916,431253000,0.35722222222222222
2018-06-17 00:00:00 UTC,-323,917,431253000,0.71333333333333349
2018-06-17 00:00:00 UTC,-323,918,431253000,0.55416666666666659
2018-06-17 00:00:00 UTC,-323,831,416094500,0.95847222222222217
2018-06-17 00:00:00 UTC,-323,913,432894000,0.77555555555555555
2018-06-17 00:00:00 UTC,-323,914,432894000,1.1398611111111112
2018-06-17 00:00:00 UTC,-323,398,416002656,0.24444444444444444
2018-06-17 00:00:00 UTC,-323,397,416002656,2.1104166666666671
2018-06-17 00:00:00 UTC,-323,401,416002407,2.0466666666666669
2018-06-17 00:00:00 UTC,-323,400,416002407,0.17958333333333334
2018-06-17 00:00:00 UTC,-323,130,416004203,2.713888888888889
2018-06-17 00:00:00 UTC,-323,131,416004203,0.63208333333333333
2018-06-17 00:00:00 UTC,-323,830,412695660,0.20819444444444443
2018-06-17 00:00:00 UTC,-323,829,412695660,0.4581944444444444
2018-06-17 00:00:00 UTC,-323,828,412695660,0.64916666666666667
2018-06-17 00:00:00 UTC,-323,987,416171900,0.83750000000000013
2018-06-17 00:00:00 UTC,-323,986,416171900,1.5898611111111107
2018-06-17 00:00:00 UTC,-323,831,412695680,2.0531944444444443
2018-06-17 00:00:00 UTC,-323,623,416003484,0.69472222222222224
2018-06-17 00:00:00 UTC,-323,421,416189600,4.2873611111111112
2018-06-17 00:00:00 UTC,-323,424,416002732,0.56597222222222221
2018-06-17 00:00:00 UTC,-323,425,416002732,0.72597222222222235
2018-06-17 00:00:00 UTC,-323,422,416002732,0.93638888888888894
2018-06-17 00:00:00 UTC,-323,423,416002732,0.8502777777777778
2018-06-17 00:00:00 UTC,-323,400,416002221,1.2972222222222223
2018-06-17 00:00:00 UTC,-323,363,416058800,2.6693055555555558
2018-06-17 00:00:00 UTC,-323,364,416058800,2.078611111111111
2018-06-17 00:00:00 UTC,-323,362,416058800,0.87527777777777793
2018-06-17 00:00:00 UTC,-323,827,412329402,1.9380555555555556
2018-06-17 00:00:00 UTC,-323,826,412329402,1.1845833333333335
2018-06-17 00:00:00 UTC,-323,-1719,416233700,0.38777777777777778
2018-06-17 00:00:00 UTC,-323,164,601387000,2.3126388888888894
2018-06-17 00:00:00 UTC,-323,163,601387000,0.31652777777777774
2018-06-17 00:00:00 UTC,-323,165,601387000,0.38277777777777777
2018-06-17 00:00:00 UTC,-67,1631,416218900,1.33625
2018-06-17 00:00:00 UTC,-67,1629,416218900,1.911111111111111
2018-06-17 00:00:00 UTC,-67,-1525,412463903,1.4245833333333333
2018-06-17 00:00:00 UTC,-67,-1522,412463903,4.5690277777777775
2018-06-17 00:00:00 UTC,-67,643,416228700,5.3506944444444446
2018-06-17 00:00:00 UTC,-67,3,412283998,2.2329166666666667
2018-06-17 00:00:00 UTC,-67,2,412283998,1.1545833333333335
2018-06-17 00:00:00 UTC,-67,1604,416004453,0.42236111111111113
2018-06-17 00:00:00 UTC,-67,1597,416004453,1.2418055555555556
2018-06-17 00:00:00 UTC,-67,1605,416004453,4.0351388888888886
2018-06-17 00:00:00 UTC,-67,1606,416004453,0.58944444444444444
2018-06-17 00:00:00 UTC,-67,1595,416004453,0.73013888888888878
2018-06-17 00:00:00 UTC,-67,1599,416004453,1.712638888888889
2018-06-17 00:00:00 UTC,-67,1596,416004453,0.88861111111111124
2018-06-17 00:00:00 UTC,-67,1598,416004453,1.3115277777777776
2018-06-17 00:00:00 UTC,-67,1608,416004759,0.58763888888888882
2018-06-17 00:00:00 UTC,-67,-88,416128700,5.3825
2018-06-17 00:00:00 UTC,-67,-1182,416004553,0.74416666666666675
2018-06-17 00:00:00 UTC,-67,-1183,416004553,0.60097222222222224
2018-06-17 00:00:00 UTC,-67,-1185,416004553,1.1847222222222222
2018-06-17 00:00:00 UTC,-67,-1180,416004553,0.62861111111111112
2018-06-17 00:00:00 UTC,-67,-1181,416004553,0.90902777777777766
2018-06-17 00:00:00 UTC,-67,-1184,416004553,0.87152777777777779
2018-06-17 00:00:00 UTC,-67,669,416000466,5.7509722222222219
2018-06-17 00:00:00 UTC,-67,666,416000466,6.6791666666666663
2018-06-17 00:00:00 UTC,-67,1603,416003814,0.73430555555555554
2018-06-17 00:00:00 UTC,-67,1604,416004583,0.62208333333333332
2018-06-17 00:00:00 UTC,-67,1600,416004583,1.5919444444444446
2018-06-17 00:00:00 UTC,-67,1601,416004583,0.98791666666666655
2018-06-17 00:00:00 UTC,-67,1602,416004583,0.16972222222222222
2018-06-17 00:00:00 UTC,-67,1603,416004583,2.396527777777778
2018-06-17 00:00:00 UTC,-67,-53,416673000,3.4513888888888884
2018-06-17 00:00:00 UTC,-67,-52,416673000,0.58472222222222225
2018-06-17 00:00:00 UTC,-67,-56,416673000,2.5747222222222219
2018-06-17 00:00:00 UTC,-67,-57,416673000,0.59736111111111112
2018-06-17 00:00:00 UTC,-67,-58,416673000,0.39527777777777778
2018-06-17 00:00:00 UTC,-67,-51,416673000,2.0918055555555553
2018-06-17 00:00:00 UTC,-67,1599,416235500,1.8083333333333331
2018-06-17 00:00:00 UTC,-67,1600,416235500,1.2829166666666667
2018-06-17 00:00:00 UTC,-67,1693,412329459,4.0222222222222221
2018-06-17 00:00:00 UTC,-67,1689,412329459,9.5037499999999984
2018-06-17 00:00:00 UTC,-67,1690,412329459,0.64166666666666661
2018-06-17 00:00:00 UTC,-67,663,416000251,0.53194444444444444
2018-06-17 00:00:00 UTC,-67,664,416000251,3.7606944444444439
2018-06-17 00:00:00 UTC,-67,1702,412371197,1.3044444444444447
2018-06-17 00:00:00 UTC,-67,1703,412371197,0.63791666666666669
2018-06-17 00:00:00 UTC,-67,1701,412371197,0.17888888888888888
2018-06-17 00:00:00 UTC,-67,1698,412371197,0.72138888888888886
2018-06-17 00:00:00 UTC,-67,1700,412371197,1.8876388888888889
2018-06-17 00:00:00 UTC,-67,1697,412371197,0.2852777777777778
2018-06-17 00:00:00 UTC,190,-170,224009000,8.3331944444444446
2018-06-17 00:00:00 UTC,190,-1604,367602740,1.8859722222222222
2018-06-17 00:00:00 UTC,190,-166,306118000,2.2737499999999993
2018-06-17 00:00:00 UTC,190,-170,239683000,6.4086111111111119
2018-06-17 00:00:00 UTC,190,-959,367676670,6.0706944444444444
2018-06-17 00:00:00 UTC,190,-960,367676670,2.6888888888888878
2018-06-17 00:00:00 UTC,190,-958,367676670,2.283611111111111
2018-06-17 00:00:00 UTC,446,124,247052550,0.95680555555555558
2018-06-17 00:00:00 UTC,446,123,247047710,0.94986111111111093
2018-06-17 00:00:00 UTC,446,-437,224020000,1.1783333333333332
2018-06-17 00:00:00 UTC,446,-436,224020000,2.0044444444444447
2018-06-17 00:00:00 UTC,446,-438,224020000,0.9786111111111111
2018-06-17 00:00:00 UTC,446,124,247051560,0.84305555555555556
2018-06-17 00:00:00 UTC,446,-22,224130870,0.82097222222222221
2018-06-17 00:00:00 UTC,446,-287,224011320,1.0116666666666667
2018-06-17 00:00:00 UTC,446,-283,224011320,0.43986111111111115
2018-06-17 00:00:00 UTC,446,-286,224011320,1.0547222222222223
2018-06-17 00:00:00 UTC,446,-284,224011320,1.3177777777777779
2018-06-17 00:00:00 UTC,446,-285,224011320,0.24986111111111114
2018-06-17 00:00:00 UTC,446,-280,224011320,0.31819444444444445
2018-06-17 00:00:00 UTC,446,-281,224011320,0.35013888888888889
2018-06-17 00:00:00 UTC,446,124,247053120,0.45861111111111108
2018-06-17 00:00:00 UTC,446,-20,227442000,0.76458333333333339
2018-06-17 00:00:00 UTC,446,-21,227442000,1.7180555555555554
2018-06-17 00:00:00 UTC,446,-16,227100500,0.27791666666666665
2018-06-17 00:00:00 UTC,446,-15,227100500,1.090138888888889
2018-06-17 00:00:00 UTC,446,-192,224061530,0.856388888888889
2018-06-17 00:00:00 UTC,446,1367,273373020,1.1124999999999998
2018-06-17 00:00:00 UTC,446,1366,273373020,11.285138888888888
2018-06-17 00:00:00 UTC,446,-13,227825000,0.64652777777777781
2018-06-17 00:00:00 UTC,446,123,247030890,0.82625
2018-06-17 00:00:00 UTC,446,124,247053420,0.55805555555555553
2018-06-17 00:00:00 UTC,446,123,247074420,0.26930555555555558
2018-06-17 00:00:00 UTC,446,-193,224042130,1.412222222222222
2018-06-17 00:00:00 UTC,446,-192,224042130,0.51750000000000007
2018-06-17 00:00:00 UTC,446,-13,228087700,0.41694444444444445
2018-06-17 00:00:00 UTC,446,-615,316004757,7.7184722222222222
2018-06-17 00:00:00 UTC,446,-193,224112290,1.3491666666666666
2018-06-17 00:00:00 UTC,446,-192,224112290,0.74263888888888885
2018-06-17 00:00:00 UTC,446,123,247072680,1.0363888888888888
2018-06-17 00:00:00 UTC,446,123,247070890,1.351388888888889
2018-06-17 00:00:00 UTC,446,123,247102380,1.7112500000000002
2018-06-17 00:00:00 UTC,446,1469,273425070,0.48625
2018-06-17 00:00:00 UTC,446,-571,316005077,1.0880555555555556
2018-06-17 00:00:00 UTC,446,-570,316005077,6.3349999999999991
2018-06-17 00:00:00 UTC,446,-568,316005077,2.51625
2018-06-17 00:00:00 UTC,446,-569,316005077,3.9933333333333336
2018-06-17 00:00:00 UTC,446,-572,316005077,4.88125
2018-06-17 00:00:00 UTC,446,-1241,367197910,0.27069444444444446
2018-06-17 00:00:00 UTC,446,-12,227303130,0.046527777777777779
2018-06-17 00:00:00 UTC,702,343,273444610,2.5934722222222222
2018-06-17 00:00:00 UTC,702,342,273444610,5.7633333333333336
2018-06-17 00:00:00 UTC,702,405,273550400,1.0609722222222222
2018-06-17 00:00:00 UTC,702,402,273550400,0.44541666666666674
2018-06-17 00:00:00 UTC,702,403,273550400,0.50791666666666668
2018-06-17 00:00:00 UTC,702,404,273550400,1.7148611111111109
2018-06-17 00:00:00 UTC,702,400,273550400,3.4847222222222221
2018-06-17 00:00:00 UTC,702,401,273550400,0.49111111111111116
2018-06-17 00:00:00 UTC,702,311,257468800,0.3470833333333333
2018-06-17 00:00:00 UTC,702,225,257169320,1.2533333333333334
2018-06-17 00:00:00 UTC,702,226,257169320,0.59916666666666674
2018-06-17 00:00:00 UTC,702,399,273425330,1.0238888888888888
2018-06-17 00:00:00 UTC,702,401,273425330,1.3513888888888888
2018-06-17 00:00:00 UTC,702,405,273425330,0.45958333333333329
2018-06-17 00:00:00 UTC,702,404,273425330,2.3649999999999998
2018-06-17 00:00:00 UTC,702,400,273425330,0.45375
2018-06-17 00:00:00 UTC,702,402,273425330,1.54375
2018-06-17 00:00:00 UTC,702,403,273425330,1.1915277777777773
2018-06-17 00:00:00 UTC,702,349,259565000,1.6116666666666666
2018-06-17 00:00:00 UTC,702,350,259565000,2.6894444444444447
2018-06-17 00:00:00 UTC,702,352,259565000,1.4129166666666666
2018-06-17 00:00:00 UTC,702,351,259565000,3.8540277777777776
2018-06-17 00:00:00 UTC,702,317,273421520,2.9515277777777782
2018-06-17 00:00:00 UTC,702,-548,331191000,1.4662499999999994
2018-06-17 00:00:00 UTC,702,-539,331191000,0.36680555555555555
2018-06-17 00:00:00 UTC,702,-546,331191000,0.50888888888888884
2018-06-17 00:00:00 UTC,702,-547,331191000,0.93722222222222218
2018-06-17 00:00:00 UTC,702,-533,331191000,0.23597222222222222
2018-06-17 00:00:00 UTC,702,-537,331191000,0.38597222222222222
2018-06-17 00:00:00 UTC,702,-549,331191000,0.033333333333333333
2018-06-17 00:00:00 UTC,702,-538,331191000,0.53652777777777771
2018-06-17 00:00:00 UTC,702,171,257303540,2.1593055555555551
2018-06-17 00:00:00 UTC,-322,916,431253000,0.53
2018-06-17 00:00:00 UTC,-322,914,431253000,0.52763888888888888
2018-06-17 00:00:00 UTC,-322,915,431253000,1.4199999999999997
2018-06-17 00:00:00 UTC,-322,831,416094500,0.97722222222222221
2018-06-17 00:00:00 UTC,-322,912,432894000,1.2145833333333338
2018-06-17 00:00:00 UTC,-322,911,432894000,0.16833333333333333
2018-06-17 00:00:00 UTC,-322,913,432894000,1.2616666666666665
2018-06-17 00:00:00 UTC,-322,397,416002656,2.5006944444444441
2018-06-17 00:00:00 UTC,-322,401,416002407,1.005138888888889
2018-06-17 00:00:00 UTC,-322,400,416002407,1.3952777777777781
2018-06-17 00:00:00 UTC,-322,827,412695660,1.6497222222222216
2018-06-17 00:00:00 UTC,-322,828,412695660,0.841111111111111
2018-06-17 00:00:00 UTC,-322,984,416171900,0.14916666666666667
2018-06-17 00:00:00 UTC,-322,987,416171900,1.7366666666666659
2018-06-17 00:00:00 UTC,-322,831,412695680,0.74388888888888893
2018-06-17 00:00:00 UTC,-322,830,412695680,2.9216666666666669
2018-06-17 00:00:00 UTC,-322,623,416003484,0.45583333333333337
2018-06-17 00:00:00 UTC,-322,839,412482983,0.53319444444444442
2018-06-17 00:00:00 UTC,-322,848,416793000,1.1134722222222222
2018-06-17 00:00:00 UTC,-322,847,416793000,0.25472222222222224
2018-06-17 00:00:00 UTC,-322,428,416002732,1.9886111111111111
2018-06-17 00:00:00 UTC,-322,425,416002732,0.912638888888889
2018-06-17 00:00:00 UTC,-322,427,416002732,2.0543055555555552
2018-06-17 00:00:00 UTC,-322,422,416002732,1.2334722222222223
2018-06-17 00:00:00 UTC,-322,429,416002732,2.8386111111111108
2018-06-17 00:00:00 UTC,-322,426,416002732,2.2890277777777777
2018-06-17 00:00:00 UTC,-322,400,416002221,1.1205555555555555
2018-06-17 00:00:00 UTC,-322,399,416002221,1.9552777777777779
2018-06-17 00:00:00 UTC,-322,367,416058800,0.82888888888888879
2018-06-17 00:00:00 UTC,-322,366,416058800,2.1129166666666666
2018-06-17 00:00:00 UTC,-322,365,416058800,1.5036111111111112
2018-06-17 00:00:00 UTC,-322,364,416058800,0.70666666666666667
2018-06-17 00:00:00 UTC,-322,826,412329402,1.5975
2018-06-17 00:00:00 UTC,-322,394,416005307,1.3622222222222222
2018-06-17 00:00:00 UTC,-322,-1719,416233700,0.20416666666666666
2018-06-17 00:00:00 UTC,-322,163,601387000,1.5041666666666667
2018-06-17 00:00:00 UTC,-66,1631,416218900,0.959861111111111
2018-06-17 00:00:00 UTC,-66,1629,416218900,1.2093055555555556
2018-06-17 00:00:00 UTC,-66,-1514,412463901,0.66388888888888886
2018-06-17 00:00:00 UTC,-66,-1512,412463901,0.71555555555555561
2018-06-17 00:00:00 UTC,-66,-1513,412463901,0.799861111111111
2018-06-17 00:00:00 UTC,-66,-1516,412463901,0.75958333333333339
2018-06-17 00:00:00 UTC,-66,-1515,412463901,0.78625
2018-06-17 00:00:00 UTC,-66,-1510,412463901,3.2206944444444443
2018-06-17 00:00:00 UTC,-66,-1517,412463901,0.30111111111111111
2018-06-17 00:00:00 UTC,-66,-1525,412463903,0.93722222222222229
2018-06-17 00:00:00 UTC,-66,-1456,576850000,0.26083333333333331
2018-06-17 00:00:00 UTC,-66,1594,416239700,0.55805555555555553
2018-06-17 00:00:00 UTC,-66,643,416228700,3.1152777777777776
2018-06-17 00:00:00 UTC,-66,1605,416004453,1.3063888888888888
2018-06-17 00:00:00 UTC,-66,1602,416004453,0.1775
2018-06-17 00:00:00 UTC,-66,1601,416004453,1.5659722222222223
2018-06-17 00:00:00 UTC,-66,1606,416004453,0.65013888888888893
2018-06-17 00:00:00 UTC,-66,-66,416379000,0.82361111111111107
2018-06-17 00:00:00 UTC,-66,-67,416379000,1.1465277777777778
2018-06-17 00:00:00 UTC,-66,1704,441018000,1.5511111111111111
2018-06-17 00:00:00 UTC,-66,1705,441018000,1.4062499999999996
2018-06-17 00:00:00 UTC,-66,1703,441018000,3.8658333333333337
2018-06-17 00:00:00 UTC,-66,1706,441018000,1.4931944444444443
2018-06-17 00:00:00 UTC,-66,1707,441018000,1.3495833333333334
2018-06-17 00:00:00 UTC,-66,1608,416004759,2.1381944444444443
2018-06-17 00:00:00 UTC,-66,-1179,416004553,1.04375
2018-06-17 00:00:00 UTC,-66,-1185,416004553,2.0508333333333333
2018-06-17 00:00:00 UTC,-66,1603,416003814,0.953611111111111
2018-06-17 00:00:00 UTC,-66,1604,416004583,1.1234722222222222
2018-06-17 00:00:00 UTC,-66,1603,416004583,1.5151388888888884
2018-06-17 00:00:00 UTC,-66,1602,416004583,3.2815277777777778
2018-06-17 00:00:00 UTC,-66,1601,416004583,1.7952777777777778
2018-06-17 00:00:00 UTC,-66,-52,416673000,0.87916666666666665
2018-06-17 00:00:00 UTC,-66,-53,416673000,0.8419444444444445
2018-06-17 00:00:00 UTC,-66,1594,416000235,1.0495833333333331
2018-06-17 00:00:00 UTC,-66,1591,416000235,0.28333333333333333
2018-06-17 00:00:00 UTC,-66,1593,416000235,0.83986111111111117
2018-06-17 00:00:00 UTC,-66,1592,416000235,1.2588888888888889
2018-06-17 00:00:00 UTC,-66,1600,416235500,1.1491666666666664
2018-06-17 00:00:00 UTC,-66,1599,416235500,1.6883333333333332
2018-06-17 00:00:00 UTC,-66,1690,412329459,0.53111111111111109
2018-06-17 00:00:00 UTC,-66,1710,412329461,0.59777777777777774
2018-06-17 00:00:00 UTC,-66,1708,412329461,0.77347222222222234
2018-06-17 00:00:00 UTC,-66,1709,412329461,0.77027777777777784
2018-06-17 00:00:00 UTC,-66,1711,412329461,1.1541666666666668
2018-06-17 00:00:00 UTC,-66,1707,412329461,0.82277777777777783
2018-06-17 00:00:00 UTC,-66,664,416000251,3.6176388888888891
2018-06-17 00:00:00 UTC,-66,663,416000251,1.3336111111111111
2018-06-17 00:00:00 UTC,-66,1702,412371197,1.9062499999999996
2018-06-17 00:00:00 UTC,-66,1701,412371197,1.8288888888888881
2018-06-17 00:00:00 UTC,191,-171,412440071,1.6677777777777776
2018-06-17 00:00:00 UTC,191,-1604,367602740,3.1572222222222215
2018-06-17 00:00:00 UTC,191,-1587,367577170,0.58
2018-06-17 00:00:00 UTC,191,-1585,367577170,0.93222222222222229
2018-06-17 00:00:00 UTC,191,-1609,367511170,1.0898611111111112
2018-06-17 00:00:00 UTC,191,-1608,367511170,0.87930555555555545
2018-06-17 00:00:00 UTC,191,-1577,367403980,2.2893055555555559
2018-06-17 00:00:00 UTC,191,-1576,367403980,0.9279166666666665
2018-06-17 00:00:00 UTC,191,-1578,367403980,0.4505555555555556
2018-06-17 00:00:00 UTC,191,1533,431602128,1.9254166666666666
2018-06-17 00:00:00 UTC,191,1534,431602128,1.1986111111111111
2018-06-17 00:00:00 UTC,191,1535,431602128,6.0380555555555553
2018-06-17 00:00:00 UTC,447,-491,316004870,7.9908333333333328
2018-06-17 00:00:00 UTC,447,-492,316004870,2.9473611111111113
2018-06-17 00:00:00 UTC,447,123,247047710,1.3
2018-06-17 00:00:00 UTC,447,137,238411040,0.27847222222222223
2018-06-17 00:00:00 UTC,447,-281,224011320,1.1294444444444447
2018-06-17 00:00:00 UTC,447,-288,224011320,3.4505555555555554
2018-06-17 00:00:00 UTC,447,-283,224011320,0.48055555555555551
2018-06-17 00:00:00 UTC,447,-282,224011320,0.59847222222222229
2018-06-17 00:00:00 UTC,447,-285,224011320,0.6675
2018-06-17 00:00:00 UTC,447,-287,224011320,1.36125
2018-06-17 00:00:00 UTC,447,-286,224011320,1.1068055555555556
2018-06-17 00:00:00 UTC,447,-192,224061530,0.49125
2018-06-17 00:00:00 UTC,447,-193,224061530,1.5523611111111111
2018-06-17 00:00:00 UTC,447,-191,224061530,0.46152777777777776
2018-06-17 00:00:00 UTC,447,1367,273373020,1.6593055555555556
2018-06-17 00:00:00 UTC,447,-13,227825000,15.295138888888888
2018-06-17 00:00:00 UTC,447,123,247030890,1.365277777777778
2018-06-17 00:00:00 UTC,447,-243,224144750,2.2465277777777777
2018-06-17 00:00:00 UTC,447,-225,224144750,7.6923611111111114
2018-06-17 00:00:00 UTC,447,123,247074420,0.1388888888888889
2018-06-17 00:00:00 UTC,447,-193,224042130,1.1858333333333333
2018-06-17 00:00:00 UTC,447,-192,224042130,0.7275
2018-06-17 00:00:00 UTC,447,-13,228087700,1.8252777777777778
2018-06-17 00:00:00 UTC,447,-614,316004757,3.1762499999999996
2018-06-17 00:00:00 UTC,447,-615,316004757,5.0186111111111114
2018-06-17 00:00:00 UTC,447,137,238420640,4.1963888888888885
2018-06-17 00:00:00 UTC,447,-193,224112290,1.4493055555555558
2018-06-17 00:00:00 UTC,447,-191,224112290,1.1231944444444444
2018-06-17 00:00:00 UTC,447,-192,224112290,0.81555555555555559
2018-06-17 00:00:00 UTC,447,123,247072680,1.1876388888888889
2018-06-17 00:00:00 UTC,447,123,247102380,0.8748611111111112
2018-06-17 00:00:00 UTC,447,-194,224021730,0.92513888888888884
2018-06-17 00:00:00 UTC,447,-13,228107000,11.098194444444447
2018-06-17 00:00:00 UTC,703,401,273313560,0.93472222222222234
2018-06-17 00:00:00 UTC,703,399,273313560,0.55944444444444452
2018-06-17 00:00:00 UTC,703,398,273313560,1.1640277777777781
2018-06-17 00:00:00 UTC,703,402,273313560,1.3072222222222218
2018-06-17 00:00:00 UTC,703,403,273313560,0.11986111111111111
2018-06-17 00:00:00 UTC,703,397,273313560,0.51458333333333339
2018-06-17 00:00:00 UTC,703,400,273313560,0.52555555555555555
2018-06-17 00:00:00 UTC,703,-550,331000096,0.48
2018-06-17 00:00:00 UTC,703,-551,331000096,1.9773611111111109
2018-06-17 00:00:00 UTC,703,400,273550400,3.18638888888889
2018-06-17 00:00:00 UTC,703,399,273550400,1.3337500000000002
2018-06-17 00:00:00 UTC,703,402,273550400,4.2627777777777771
2018-06-17 00:00:00 UTC,703,398,273550400,0.74861111111111123
2018-06-17 00:00:00 UTC,703,403,273550400,2.4055555555555563
2018-06-17 00:00:00 UTC,703,396,273550400,0.12111111111111111
2018-06-17 00:00:00 UTC,703,401,273550400,3.4293055555555556
2018-06-17 00:00:00 UTC,703,397,273550400,0.14611111111111111
2018-06-17 00:00:00 UTC,703,404,273550400,0.50208333333333344
2018-06-17 00:00:00 UTC,703,312,257145920,0.30402777777777779
2018-06-17 00:00:00 UTC,703,311,257145920,5.2455555555555549
2018-06-17 00:00:00 UTC,703,320,259282000,1.6077777777777778
2018-06-17 00:00:00 UTC,703,321,259282000,0.54305555555555562
2018-06-17 00:00:00 UTC,703,325,231751000,0.86736111111111125
2018-06-17 00:00:00 UTC,703,322,231751000,0.85805555555555557
2018-06-17 00:00:00 UTC,703,324,231751000,7.021527777777778
2018-06-17 00:00:00 UTC,703,323,231751000,5.8648611111111126
2018-06-17 00:00:00 UTC,703,398,273559400,0.36430555555555555
2018-06-17 00:00:00 UTC,703,395,273559400,0.23583333333333334
2018-06-17 00:00:00 UTC,703,397,273559400,0.48055555555555557
2018-06-17 00:00:00 UTC,703,396,273559400,0.55097222222222231
2018-06-17 00:00:00 UTC,703,314,257157540,2.6436111111111109
2018-06-17 00:00:00 UTC,703,311,257157540,4.0727777777777785
2018-06-17 00:00:00 UTC,703,207,257155500,0.15013888888888891
2018-06-17 00:00:00 UTC,703,208,257155500,3.5338888888888884
2018-06-17 00:00:00 UTC,703,209,257155500,1.4284722222222221
2018-06-17 00:00:00 UTC,703,400,273425330,2.7404166666666669
2018-06-17 00:00:00 UTC,703,399,273425330,2.2265277777777781
2018-06-17 00:00:00 UTC,703,398,273425330,0.73805555555555558
2018-06-17 00:00:00 UTC,703,401,273425330,2.7744444444444447
2018-06-17 00:00:00 UTC,703,404,273425330,0.60250000000000015
2018-06-17 00:00:00 UTC,703,403,273425330,2.5737499999999995
2018-06-17 00:00:00 UTC,703,402,273425330,2.1516666666666664
2018-06-17 00:00:00 UTC,703,404,273430460,0.54208333333333325
2018-06-17 00:00:00 UTC,703,402,273430460,1.3469444444444443
2018-06-17 00:00:00 UTC,703,399,273430460,1.212361111111111
2018-06-17 00:00:00 UTC,703,401,273430460,2.07625
2018-06-17 00:00:00 UTC,703,403,273430460,0.88444444444444459
2018-06-17 00:00:00 UTC,703,400,273430460,1.9009722222222221
2018-06-17 00:00:00 UTC,703,316,257302720,4.4166666666666679
2018-06-17 00:00:00 UTC,703,315,257302720,0.52555555555555555
2018-06-17 00:00:00 UTC,703,351,259565000,1.4394444444444443
2018-06-17 00:00:00 UTC,703,350,259565000,1.7019444444444445
2018-06-17 00:00:00 UTC,703,349,259565000,0.14597222222222223
2018-06-17 00:00:00 UTC,703,-548,331191000,0.41555555555555546
2018-06-17 00:00:00 UTC,703,-546,331191000,3.1143055555555557
2018-06-17 00:00:00 UTC,703,-545,331191000,4.5129166666666682
2018-06-17 00:00:00 UTC,703,-547,331191000,0.99680555555555572
2018-06-17 00:00:00 UTC,703,-534,331180000,1.9777777777777776
2018-06-17 00:00:00 UTC,703,-535,331180000,1.2063888888888887
2018-06-17 00:00:00 UTC,703,-536,331180000,1.2280555555555557
2018-06-17 00:00:00 UTC,703,-531,331180000,0.40236111111111111
2018-06-17 00:00:00 UTC,703,-533,331180000,2.0134722222222221
2018-06-17 00:00:00 UTC,703,-537,331180000,1.1765277777777778
2018-06-17 00:00:00 UTC,703,-532,331180000,2.7305555555555561
2018-06-17 00:00:00 UTC,703,316,257142240,3.2259722222222225
2018-06-17 00:00:00 UTC,703,317,257142240,0.26111111111111113
2018-06-17 00:00:00 UTC,703,186,257914600,0.34416666666666662
2018-06-17 00:00:00 UTC,703,185,257914600,0.22791666666666666
2018-06-17 00:00:00 UTC,703,184,257914600,0.36361111111111111
2018-06-17 00:00:00 UTC,-321,840,416249600,0.10861111111111113
2018-06-17 00:00:00 UTC,-321,831,416094500,2.44125
2018-06-17 00:00:00 UTC,-321,913,432894000,0.5081944444444445
2018-06-17 00:00:00 UTC,-321,912,432894000,0.24583333333333335
2018-06-17 00:00:00 UTC,-321,910,432894000,1.6604166666666669
2018-06-17 00:00:00 UTC,-321,911,432894000,1.0377777777777777
2018-06-17 00:00:00 UTC,-321,397,416002656,2.0177777777777774
2018-06-17 00:00:00 UTC,-321,400,416002407,3.5406944444444441
2018-06-17 00:00:00 UTC,-321,129,416004203,1.3522222222222222
2018-06-17 00:00:00 UTC,-321,988,416171900,2.3115277777777772
2018-06-17 00:00:00 UTC,-321,987,416171900,0.20208333333333334
2018-06-17 00:00:00 UTC,-321,830,412695680,2.2190277777777783
2018-06-17 00:00:00 UTC,-321,831,412695680,0.36680555555555555
2018-06-17 00:00:00 UTC,-321,623,416003484,0.78125
2018-06-17 00:00:00 UTC,-321,839,412482983,0.3298611111111111
2018-06-17 00:00:00 UTC,-321,848,416793000,1.129861111111111
2018-06-17 00:00:00 UTC,-321,422,416002732,0.65916666666666668
2018-06-17 00:00:00 UTC,-321,423,416002732,1.5159722222222225
2018-06-17 00:00:00 UTC,-321,430,416002732,1.1147222222222222
2018-06-17 00:00:00 UTC,-321,429,416002732,0.76361111111111113
2018-06-17 00:00:00 UTC,-321,425,416002732,0.63611111111111107
2018-06-17 00:00:00 UTC,-321,424,416002732,1.1955555555555557
2018-06-17 00:00:00 UTC,-321,399,416002221,1.4922222222222221
2018-06-17 00:00:00 UTC,-321,394,416005307,2.625
2018-06-17 00:00:00 UTC,-321,858,412329405,0.72458333333333336
2018-06-17 00:00:00 UTC,-321,859,412329405,0.26347222222222222
2018-06-17 00:00:00 UTC,-321,857,412329405,0.47430555555555554
2018-06-17 00:00:00 UTC,-321,-1718,416233700,0.71722222222222221
2018-06-17 00:00:00 UTC,-321,435,416004324,1.6304166666666668
2018-06-17 00:00:00 UTC,-321,436,416004324,0.67680555555555555
2018-06-17 00:00:00 UTC,-321,434,416004324,4.95
2018-06-17 00:00:00 UTC,-321,890,432353000,1.463888888888889
2018-06-17 00:00:00 UTC,-321,889,432353000,1.5649999999999997
2018-06-17 00:00:00 UTC,-321,893,432353000,1.2352777777777777
2018-06-17 00:00:00 UTC,-321,891,432353000,0.96625
2018-06-17 00:00:00 UTC,-321,887,432353000,1.3629166666666668
2018-06-17 00:00:00 UTC,-321,888,432353000,0.79680555555555554
2018-06-17 00:00:00 UTC,-321,892,432353000,0.15472222222222223
2018-06-17 00:00:00 UTC,-321,886,432353000,0.91902777777777778
2018-06-17 00:00:00 UTC,-321,894,432353000,0.71847222222222218
2018-06-17 00:00:00 UTC,-321,941,431700980,0.065833333333333341
2018-06-17 00:00:00 UTC,-321,162,601387000,0.72833333333333328
2018-06-17 00:00:00 UTC,-321,163,601387000,2.3673611111111108
2018-06-17 00:00:00 UTC,-65,-1364,412460299,0.95527777777777767
2018-06-17 00:00:00 UTC,-65,-1366,412460299,3.516111111111111
2018-06-17 00:00:00 UTC,-65,-1365,412460299,0.72569444444444453
2018-06-17 00:00:00 UTC,-65,-1363,412460299,0.52583333333333337
2018-06-17 00:00:00 UTC,-65,1629,416218900,0.90166666666666662
2018-06-17 00:00:00 UTC,-65,1631,416218900,1.0409722222222222
2018-06-17 00:00:00 UTC,-65,1595,416239700,1.0791666666666666
2018-06-17 00:00:00 UTC,-65,-82,416807000,1.3295833333333333
2018-06-17 00:00:00 UTC,-65,-86,416807000,1.2322222222222221
2018-06-17 00:00:00 UTC,-65,-83,416807000,1.2805555555555554
2018-06-17 00:00:00 UTC,-65,-87,416807000,1.1865277777777781
2018-06-17 00:00:00 UTC,-65,643,416228700,2.0644444444444443
2018-06-17 00:00:00 UTC,-65,1606,416004453,1.0283333333333333
2018-06-17 00:00:00 UTC,-65,1605,416004453,0.88902777777777786
2018-06-17 00:00:00 UTC,-65,1659,416004214,1.6398611111111112
2018-06-17 00:00:00 UTC,-65,-69,416379000,1.5904166666666666
2018-06-17 00:00:00 UTC,-65,-71,416379000,1.5154166666666664
2018-06-17 00:00:00 UTC,-65,-72,416379000,1.056388888888889
2018-06-17 00:00:00 UTC,-65,-66,416379000,1.1819444444444445
2018-06-17 00:00:00 UTC,-65,-70,416379000,1.9137500000000003
2018-06-17 00:00:00 UTC,-65,-73,416379000,2.7213888888888889
2018-06-17 00:00:00 UTC,-65,-67,416379000,0.84666666666666668
2018-06-17 00:00:00 UTC,-65,1707,441018000,1.7306944444444443
2018-06-17 00:00:00 UTC,-65,1596,416004246,3.8858333333333333
2018-06-17 00:00:00 UTC,-65,1598,416004246,2.0636111111111113
2018-06-17 00:00:00 UTC,-65,1597,416004246,1.4956944444444447
2018-06-17 00:00:00 UTC,-65,-1170,416004502,0.050138888888888886
2018-06-17 00:00:00 UTC,-65,-1171,416004502,0.11152777777777778
2018-06-17 00:00:00 UTC,-65,-1169,416004502,0.42333333333333334
2018-06-17 00:00:00 UTC,-65,-1176,416004553,0.862361111111111
2018-06-17 00:00:00 UTC,-65,-1177,416004553,1.09
2018-06-17 00:00:00 UTC,-65,666,416000466,2.4533333333333331
2018-06-17 00:00:00 UTC,-65,1604,416003814,0.82652777777777775
2018-06-17 00:00:00 UTC,-65,1605,416000235,0.77125
2018-06-17 00:00:00 UTC,-65,1604,416000235,0.73041666666666671
2018-06-17 00:00:00 UTC,-65,1603,416000235,1.5319444444444446
2018-06-17 00:00:00 UTC,-65,1599,416235500,2.7856944444444443
2018-06-17 00:00:00 UTC,-65,1600,416235500,2.126527777777778
2018-06-17 00:00:00 UTC,-65,1717,412329461,6.3219444444444441
2018-06-17 00:00:00 UTC,-65,663,416000251,6.9827777777777769
2018-06-17 00:00:00 UTC,-65,664,416000251,0.70791666666666675
2018-06-17 00:00:00 UTC,-65,-1465,416091900,1.0340277777777778
2018-06-17 00:00:00 UTC,-65,-1470,416091900,0.41736111111111113
2018-06-17 00:00:00 UTC,-65,-1471,416091900,0.98722222222222222
2018-06-17 00:00:00 UTC,-65,-1474,416091900,1.0526388888888889
2018-06-17 00:00:00 UTC,-65,-1466,416091900,0.87444444444444447
2018-06-17 00:00:00 UTC,-65,-1473,416091900,0.79333333333333333
2018-06-17 00:00:00 UTC,192,-171,412440071,2.8568055555555558
2018-06-17 00:00:00 UTC,192,-169,412440072,0.78736111111111118
2018-06-17 00:00:00 UTC,192,-170,412440072,11.982083333333334
2018-06-17 00:00:00 UTC,192,1408,431600140,8.9468055555555548
2018-06-17 00:00:00 UTC,192,-1604,367602740,2.9488888888888889
2018-06-17 00:00:00 UTC,192,-1603,367602740,0.81111111111111112
2018-06-17 00:00:00 UTC,192,-1619,367607880,2.3677777777777775
2018-06-17 00:00:00 UTC,192,-1580,367577170,1.5052777777777777
2018-06-17 00:00:00 UTC,192,-1584,367577170,0.19694444444444448
2018-06-17 00:00:00 UTC,192,-1583,367577170,0.57916666666666672
2018-06-17 00:00:00 UTC,192,-1582,367577170,0.998611111111111
2018-06-17 00:00:00 UTC,192,-1586,367577170,1.0681944444444444
2018-06-17 00:00:00 UTC,192,-1587,367577170,0.28041666666666665
2018-06-17 00:00:00 UTC,192,-1589,367577170,2.4444444444444446
2018-06-17 00:00:00 UTC,192,-1588,367577170,2.3379166666666666
2018-06-17 00:00:00 UTC,192,-1607,367511170,1.1759722222222222
2018-06-17 00:00:00 UTC,192,1410,431501250,5.3913888888888888
2018-06-17 00:00:00 UTC,192,-1579,367403980,0.50111111111111106
2018-06-17 00:00:00 UTC,192,-1577,367403980,4.8822222222222216
2018-06-17 00:00:00 UTC,192,-1578,367403980,2.2276388888888889
2018-06-17 00:00:00 UTC,192,1533,431602128,0.96777777777777785
2018-06-17 00:00:00 UTC,192,1532,431602128,2.9527777777777775
2018-06-17 00:00:00 UTC,192,-170,412440056,3.5498611111111114
2018-06-17 00:00:00 UTC,192,-169,412440056,1.028888888888889
2018-06-17 00:00:00 UTC,448,-491,316004870,3.394166666666667
2018-06-17 00:00:00 UTC,448,137,238990110,2.237222222222222
2018-06-17 00:00:00 UTC,448,137,238411040,9.1088888888888881
2018-06-17 00:00:00 UTC,448,137,238194740,0.33444444444444443
2018-06-17 00:00:00 UTC,448,136,238194740,4.01
2018-06-17 00:00:00 UTC,448,-26,224102740,1.0973611111111112
2018-06-17 00:00:00 UTC,448,-25,224102740,5.314861111111111
2018-06-17 00:00:00 UTC,448,-191,224061530,1.2843055555555554
2018-06-17 00:00:00 UTC,448,137,238126940,4.4780555555555548
2018-06-17 00:00:00 UTC,448,136,238126940,3.5519444444444441
2018-06-17 00:00:00 UTC,448,-241,224051560,2.3952777777777774
2018-06-17 00:00:00 UTC,448,-242,224051560,1.2886111111111109
2018-06-17 00:00:00 UTC,448,-224,224051560,3.6599999999999997
2018-06-17 00:00:00 UTC,448,-225,224051560,1.7620833333333332
2018-06-17 00:00:00 UTC,448,-233,224144750,4.5093055555555557
2018-06-17 00:00:00 UTC,448,-235,224144750,0.85319444444444437
2018-06-17 00:00:00 UTC,448,-234,224144750,0.37388888888888888
2018-06-17 00:00:00 UTC,448,-237,224144750,1.6316666666666666
2018-06-17 00:00:00 UTC,448,-192,224042130,0.46013888888888888
2018-06-17 00:00:00 UTC,448,-194,224042130,0.79819444444444432
2018-06-17 00:00:00 UTC,448,-193,224042130,1.7622222222222224
2018-06-17 00:00:00 UTC,448,-13,228087700,0.58305555555555555
2018-06-17 00:00:00 UTC,448,137,238420640,0.28055555555555556
2018-06-17 00:00:00 UTC,448,-193,224112290,1.54
2018-06-17 00:00:00 UTC,448,125,247051450,0.63305555555555548
2018-06-17 00:00:00 UTC,448,125,247050940,1.7680555555555557
2018-06-17 00:00:00 UTC,448,-18,205197000,0.31097222222222221
2018-06-17 00:00:00 UTC,448,136,238316240,0.601111111111111
2018-06-17 00:00:00 UTC,448,137,238316240,5.6765277777777765
2018-06-17 00:00:00 UTC,448,125,247051230,0.27916666666666667
2018-06-17 00:00:00 UTC,448,-669,316035809,3.3883333333333332
2018-06-17 00:00:00 UTC,448,-193,224021730,0.70875
2018-06-17 00:00:00 UTC,448,-192,224021730,0.89222222222222225
2018-06-17 00:00:00 UTC,448,-13,228107000,11.872777777777769
2018-06-17 00:00:00 UTC,448,349,273375740,16.56111111111111
2018-06-17 00:00:00 UTC,704,398,273550600,1.0041666666666667
2018-06-17 00:00:00 UTC,704,399,273550600,0.92319444444444454
2018-06-17 00:00:00 UTC,704,397,273550600,3.0559722222222225
2018-06-17 00:00:00 UTC,704,396,273550600,0.7583333333333333
2018-06-17 00:00:00 UTC,704,401,273313560,1.9502777777777776
2018-06-17 00:00:00 UTC,704,400,273313560,1.4343055555555557
2018-06-17 00:00:00 UTC,704,399,273313560,0.72680555555555559
2018-06-17 00:00:00 UTC,704,402,273313560,0.66430555555555559
2018-06-17 00:00:00 UTC,704,398,273421600,0.84291666666666676
2018-06-17 00:00:00 UTC,704,320,259282000,2.6424999999999996
2018-06-17 00:00:00 UTC,704,318,259282000,0.23208333333333336
2018-06-17 00:00:00 UTC,704,313,259282000,0.091527777777777777
2018-06-17 00:00:00 UTC,704,322,259282000,0.34472222222222221
2018-06-17 00:00:00 UTC,704,312,259282000,0.24375000000000002
2018-06-17 00:00:00 UTC,704,321,259282000,0.75319444444444439
2018-06-17 00:00:00 UTC,704,319,259282000,2.7897222222222227
2018-06-17 00:00:00 UTC,704,323,231751000,5.5734722222222226
2018-06-17 00:00:00 UTC,704,322,231751000,1.8176388888888888
2018-06-17 00:00:00 UTC,704,399,273559400,1.418611111111111
2018-06-17 00:00:00 UTC,704,400,273559400,0.35736111111111113
2018-06-17 00:00:00 UTC,704,398,273559400,0.30958333333333332
2018-06-17 00:00:00 UTC,704,265,258266750,3.1368055555555561
2018-06-17 00:00:00 UTC,704,269,258266750,0.17708333333333334
2018-06-17 00:00:00 UTC,704,266,258266750,0.58986111111111117
2018-06-17 00:00:00 UTC,704,267,258266750,0.18194444444444444
2018-06-17 00:00:00 UTC,704,268,258266750,0.25263888888888886
2018-06-17 00:00:00 UTC,704,396,231066000,2.2720833333333332
2018-06-17 00:00:00 UTC,704,210,257155500,1.4276388888888887
2018-06-17 00:00:00 UTC,704,211,257155500,0.81416666666666671
2018-06-17 00:00:00 UTC,704,208,257155500,2.2870833333333329
2018-06-17 00:00:00 UTC,704,209,257155500,3.8761111111111117
2018-06-17 00:00:00 UTC,704,402,273430460,2.5193055555555559
2018-06-17 00:00:00 UTC,704,403,273430460,1.8427777777777778
2018-06-17 00:00:00 UTC,704,404,273430460,0.96916666666666673
2018-06-17 00:00:00 UTC,704,171,257077440,0.50902777777777775
2018-06-17 00:00:00 UTC,704,426,273443790,0.52722222222222226
2018-06-17 00:00:00 UTC,704,427,273443790,0.80888888888888888
2018-06-17 00:00:00 UTC,704,430,273443790,0.56819444444444445
2018-06-17 00:00:00 UTC,704,424,273443790,0.77597222222222217
2018-06-17 00:00:00 UTC,704,428,273443790,1.1456944444444443
2018-06-17 00:00:00 UTC,704,425,273443790,0.57847222222222217
2018-06-17 00:00:00 UTC,704,429,273443790,0.95791666666666664
2018-06-17 00:00:00 UTC,704,427,273457870,0.19972222222222222
2018-06-17 00:00:00 UTC,704,431,273457870,0.97611111111111115
2018-06-17 00:00:00 UTC,704,432,273457870,0.43958333333333333
2018-06-17 00:00:00 UTC,704,430,273457870,1.16625
2018-06-17 00:00:00 UTC,704,429,273457870,0.75555555555555554
2018-06-17 00:00:00 UTC,704,425,273457870,0.17847222222222223
2018-06-17 00:00:00 UTC,704,428,273457870,1.0222222222222221
2018-06-17 00:00:00 UTC,704,171,257482720,1.4826388888888888
2018-06-17 00:00:00 UTC,704,176,257914600,0.18763888888888888
2018-06-17 00:00:00 UTC,704,174,257914600,0.30125
2018-06-17 00:00:00 UTC,704,181,257914600,0.32611111111111113
2018-06-17 00:00:00 UTC,704,182,257914600,0.40777777777777779
2018-06-17 00:00:00 UTC,704,183,257914600,0.26555555555555554
2018-06-17 00:00:00 UTC,704,177,257914600,0.15638888888888888
2018-06-17 00:00:00 UTC,704,179,257914600,0.27805555555555556
2018-06-17 00:00:00 UTC,704,175,257914600,0.21777777777777779
2018-06-17 00:00:00 UTC,704,171,257914600,0.37944444444444447
2018-06-17 00:00:00 UTC,-320,840,416249600,0.78847222222222235
2018-06-17 00:00:00 UTC,-320,773,416004881,0.8504166666666666
2018-06-17 00:00:00 UTC,-320,831,416094500,2.0083333333333333
2018-06-17 00:00:00 UTC,-320,832,416094500,1.1162499999999997
2018-06-17 00:00:00 UTC,-320,397,416002656,2.5397222222222222
2018-06-17 00:00:00 UTC,-320,400,416002407,4.1284722222222223
2018-06-17 00:00:00 UTC,-320,129,416004203,1.3761111111111111
2018-06-17 00:00:00 UTC,-320,130,416004203,0.99444444444444446
2018-06-17 00:00:00 UTC,-320,988,416171900,0.18763888888888888
2018-06-17 00:00:00 UTC,-320,991,416171900,0.64513888888888893
2018-06-17 00:00:00 UTC,-320,990,416171900,1.5051388888888886
2018-06-17 00:00:00 UTC,-320,989,416171900,1.4081944444444441
2018-06-17 00:00:00 UTC,-320,829,412695680,0.52013888888888882
2018-06-17 00:00:00 UTC,-320,828,412695680,1.5951388888888889
2018-06-17 00:00:00 UTC,-320,830,412695680,2.6051388888888893
2018-06-17 00:00:00 UTC,-320,884,412695710,1.7995833333333333
2018-06-17 00:00:00 UTC,-320,885,412695710,0.64833333333333343
2018-06-17 00:00:00 UTC,-320,890,412695710,1.1720833333333331
2018-06-17 00:00:00 UTC,-320,889,412695710,1.6820833333333332
2018-06-17 00:00:00 UTC,-320,888,412695710,0.93652777777777763
2018-06-17 00:00:00 UTC,-320,887,412695710,0.49930555555555556
2018-06-17 00:00:00 UTC,-320,841,412482975,1.4904166666666667
2018-06-17 00:00:00 UTC,-320,848,416793000,0.2311111111111111
2018-06-17 00:00:00 UTC,-320,847,416793000,0.680138888888889
2018-06-17 00:00:00 UTC,-320,431,416002732,3.4804166666666667
2018-06-17 00:00:00 UTC,-320,399,416002221,1.7202777777777774
2018-06-17 00:00:00 UTC,-320,394,416005307,1.6452777777777776
2018-06-17 00:00:00 UTC,-320,858,412329405,0.653888888888889
2018-06-17 00:00:00 UTC,-320,856,412329405,1.9155555555555557
2018-06-17 00:00:00 UTC,-320,855,412329405,0.91708333333333325
2018-06-17 00:00:00 UTC,-320,853,412329405,0.4498611111111111
2018-06-17 00:00:00 UTC,-320,854,412329405,1.1149999999999998
2018-06-17 00:00:00 UTC,-320,859,412329405,2.0102777777777776
2018-06-17 00:00:00 UTC,-320,857,412329405,2.726805555555555
2018-06-17 00:00:00 UTC,-320,436,416004324,3.6794444444444436
2018-06-17 00:00:00 UTC,-320,435,416004324,3.0322222222222219
2018-06-17 00:00:00 UTC,-320,437,416004324,0.53541666666666665
2018-06-17 00:00:00 UTC,-320,894,432353000,0.7270833333333333
2018-06-17 00:00:00 UTC,-320,938,431700980,1.4840277777777775
2018-06-17 00:00:00 UTC,-320,936,431700980,0.78000000000000014
2018-06-17 00:00:00 UTC,-320,935,431700980,0.18402777777777776
2018-06-17 00:00:00 UTC,-320,937,431700980,0.69472222222222224
2018-06-17 00:00:00 UTC,-320,162,601387000,2.5084722222222218
2018-06-17 00:00:00 UTC,-64,-1362,412460299,1.8747222222222222
2018-06-17 00:00:00 UTC,-64,-1361,412460299,2.8208333333333333
2018-06-17 00:00:00 UTC,-64,-1363,412460299,1.0922222222222222
2018-06-17 00:00:00 UTC,-64,1630,416218900,3.2102777777777778
2018-06-17 00:00:00 UTC,-64,1631,416218900,0.93805555555555564
2018-06-17 00:00:00 UTC,-64,1629,416218900,2.8254166666666665
2018-06-17 00:00:00 UTC,-64,1704,440809000,1.7220833333333325
2018-06-17 00:00:00 UTC,-64,1705,440809000,1.9455555555555555
2018-06-17 00:00:00 UTC,-64,1703,440809000,2.5534722222222221
2018-06-17 00:00:00 UTC,-64,1702,440809000,0.36986111111111114
2018-06-17 00:00:00 UTC,-64,1672,441811000,0.28111111111111109
2018-06-17 00:00:00 UTC,-64,1676,441811000,0.083333333333333329
2018-06-17 00:00:00 UTC,-64,-82,416807000,0.68444444444444441
2018-06-17 00:00:00 UTC,-64,-88,416807000,5.4270833333333339
2018-06-17 00:00:00 UTC,-64,-83,416807000,5.57625
2018-06-17 00:00:00 UTC,-64,-80,416807000,4.8461111111111119
2018-06-17 00:00:00 UTC,-64,-81,416807000,1.4856944444444444
2018-06-17 00:00:00 UTC,-64,643,416228700,2.6119444444444442
2018-06-17 00:00:00 UTC,-64,644,416228700,1.3644444444444443
2018-06-17 00:00:00 UTC,-64,1659,416004214,2.7781944444444449
2018-06-17 00:00:00 UTC,-64,1660,416004214,1.6819444444444445
2018-06-17 00:00:00 UTC,-64,1661,416004214,5.3627777777777776
2018-06-17 00:00:00 UTC,-64,1662,416004214,4.975138888888889
2018-06-17 00:00:00 UTC,-64,1707,441018000,1.8204166666666666
2018-06-17 00:00:00 UTC,-64,1597,416004246,1.5320833333333332
2018-06-17 00:00:00 UTC,-64,-1168,416004502,0.65361111111111114
2018-06-17 00:00:00 UTC,-64,-1169,416004502,0.53722222222222227
2018-06-17 00:00:00 UTC,-64,-1176,416004553,2.0730555555555554
2018-06-17 00:00:00 UTC,-64,-1175,416004553,1.1220833333333333
2018-06-17 00:00:00 UTC,-64,-1177,416004553,1.5988888888888888
2018-06-17 00:00:00 UTC,-64,-1178,416004553,1.6737499999999996
2018-06-17 00:00:00 UTC,-64,-1719,529676000,2.560138888888889
2018-06-17 00:00:00 UTC,-64,1604,416003814,0.45875
2018-06-17 00:00:00 UTC,-64,1599,416000235,0.90486111111111112
2018-06-17 00:00:00 UTC,-64,1605,416000235,0.72444444444444445
2018-06-17 00:00:00 UTC,-64,1712,412329461,1.08125
2018-06-17 00:00:00 UTC,-64,1717,412329461,1.4494444444444445
2018-06-17 00:00:00 UTC,-64,663,416000251,0.98527777777777781
2018-06-17 00:00:00 UTC,-64,-1466,416091900,1.3569444444444445
2018-06-17 00:00:00 UTC,-64,-1465,416091900,2.5330555555555558
2018-06-17 00:00:00 UTC,-64,-1468,416091900,1.1388888888888888
2018-06-17 00:00:00 UTC,-64,-1467,416091900,1.5598611111111111
2018-06-17 00:00:00 UTC,-64,1693,412371197,0.21291666666666664
2018-06-17 00:00:00 UTC,193,-171,412440071,8.8448611111111113
2018-06-17 00:00:00 UTC,193,-170,412440072,2.2908333333333335
2018-06-17 00:00:00 UTC,193,-1602,367756070,0.97152777777777777
2018-06-17 00:00:00 UTC,193,-1606,367756070,2.7738888888888891
2018-06-17 00:00:00 UTC,193,-1603,367602740,0.97972222222222227
2018-06-17 00:00:00 UTC,193,-1605,367602740,2.4648611111111109
2018-06-17 00:00:00 UTC,193,-1604,367602740,3.569583333333334
2018-06-17 00:00:00 UTC,193,-1619,367607880,1.2415277777777778
2018-06-17 00:00:00 UTC,193,-1620,367607880,1.7123611111111112
2018-06-17 00:00:00 UTC,193,-1621,367607880,1.88
2018-06-17 00:00:00 UTC,193,-1609,367756640,1.7126388888888888
2018-06-17 00:00:00 UTC,193,-1610,367756640,5.5243055555555536
2018-06-17 00:00:00 UTC,193,-1608,367756640,0.43333333333333329
2018-06-17 00:00:00 UTC,193,-1606,367511170,4.1372222222222224
2018-06-17 00:00:00 UTC,193,-1577,367403980,0.85166666666666657
2018-06-17 00:00:00 UTC,193,-1578,367403980,2.1286111111111108
2018-06-17 00:00:00 UTC,193,1531,431602128,3.2319444444444443
2018-06-17 00:00:00 UTC,193,-170,412440056,10.839305555555557
2018-06-17 00:00:00 UTC,193,-171,412440057,6.8895833333333334
2018-06-17 00:00:00 UTC,449,136,238988810,3.0806944444444442
2018-06-17 00:00:00 UTC,449,135,238988810,0.26791666666666669
2018-06-17 00:00:00 UTC,449,135,238990110,2.0083333333333333
2018-06-17 00:00:00 UTC,449,-26,224102740,5.8111111111111109
2018-06-17 00:00:00 UTC,449,-27,224102740,1.9429166666666671
2018-06-17 00:00:00 UTC,449,-194,224061530,0.83347222222222217
2018-06-17 00:00:00 UTC,449,-193,224061530,0.1948611111111111
2018-06-17 00:00:00 UTC,449,-189,224061530,0.47458333333333336
2018-06-17 00:00:00 UTC,449,-190,224061530,0.73527777777777781
2018-06-17 00:00:00 UTC,449,126,247054440,0.76791666666666669
2018-06-17 00:00:00 UTC,449,-224,224051560,1.1558333333333333
2018-06-17 00:00:00 UTC,449,-229,224051560,0.6445833333333334
2018-06-17 00:00:00 UTC,449,-228,224051560,0.54472222222222222
2018-06-17 00:00:00 UTC,449,-230,224051560,0.83458333333333345
2018-06-17 00:00:00 UTC,449,-225,224051560,0.46430555555555558
2018-06-17 00:00:00 UTC,449,-226,224051560,0.7286111111111111
2018-06-17 00:00:00 UTC,449,-232,224051560,0.7225
2018-06-17 00:00:00 UTC,449,-231,224051560,0.48041666666666671
2018-06-17 00:00:00 UTC,449,-241,224051560,0.59583333333333333
2018-06-17 00:00:00 UTC,449,-242,224051560,0.63069444444444445
2018-06-17 00:00:00 UTC,449,-233,224051560,0.54041666666666666
2018-06-17 00:00:00 UTC,449,-223,224051560,1.1483333333333334
2018-06-17 00:00:00 UTC,449,-227,224051560,0.53847222222222224
2018-06-17 00:00:00 UTC,449,-240,224051560,0.24902777777777776
2018-06-17 00:00:00 UTC,449,-239,224051560,1.13875
2018-06-17 00:00:00 UTC,449,-239,224144750,1.7295833333333333
2018-06-17 00:00:00 UTC,449,-241,224144750,1.6094444444444445
2018-06-17 00:00:00 UTC,449,-242,224144750,1.7097222222222221
2018-06-17 00:00:00 UTC,449,126,247059080,0.55819444444444444
2018-06-17 00:00:00 UTC,449,125,247059080,0.525
2018-06-17 00:00:00 UTC,449,-194,224042130,0.64916666666666667
2018-06-17 00:00:00 UTC,449,-193,224042130,0.4120833333333333
2018-06-17 00:00:00 UTC,449,-1248,366773410,0.082638888888888887
2018-06-17 00:00:00 UTC,449,135,238390440,2.036944444444444
2018-06-17 00:00:00 UTC,449,125,247051450,0.96388888888888891
2018-06-17 00:00:00 UTC,449,-19,205197000,3.4662500000000005
2018-06-17 00:00:00 UTC,449,-20,205197000,0.79333333333333322
2018-06-17 00:00:00 UTC,449,-18,205197000,1.0347222222222223
2018-06-17 00:00:00 UTC,449,125,247051230,0.60000000000000009
2018-06-17 00:00:00 UTC,449,-670,316035809,0.2697222222222222
2018-06-17 00:00:00 UTC,449,-669,316035809,4.225138888888889
2018-06-17 00:00:00 UTC,449,-668,316035809,2.5369444444444444
2018-06-17 00:00:00 UTC,449,-194,224021730,1.6055555555555556
2018-06-17 00:00:00 UTC,449,135,238914540,0.043055555555555555
2018-06-17 00:00:00 UTC,449,-13,228107000,1.6291666666666664
2018-06-17 00:00:00 UTC,705,400,273550600,0.19166666666666665
2018-06-17 00:00:00 UTC,705,398,273550600,6.3408333333333324
2018-06-17 00:00:00 UTC,705,397,273550600,0.96361111111111108
2018-06-17 00:00:00 UTC,705,399,273550600,1.5113888888888891
2018-06-17 00:00:00 UTC,705,401,273313560,1.0605555555555557
2018-06-17 00:00:00 UTC,705,402,273313560,1.6316666666666664
2018-06-17 00:00:00 UTC,705,399,273421600,4.2418055555555547
2018-06-17 00:00:00 UTC,705,400,273421600,1.5215277777777776
2018-06-17 00:00:00 UTC,705,-544,331000096,0.17972222222222223
2018-06-17 00:00:00 UTC,705,-545,331000096,0.26111111111111107
2018-06-17 00:00:00 UTC,705,315,259282000,1.5176388888888883
2018-06-17 00:00:00 UTC,705,319,259282000,0.11486111111111111
2018-06-17 00:00:00 UTC,705,311,259282000,2.1897222222222221
2018-06-17 00:00:00 UTC,705,310,259282000,1.1883333333333332
2018-06-17 00:00:00 UTC,705,312,259282000,1.2241666666666666
2018-06-17 00:00:00 UTC,705,318,259282000,1.8313888888888892
2018-06-17 00:00:00 UTC,705,309,259282000,0.41861111111111116
2018-06-17 00:00:00 UTC,705,316,259282000,1.3806944444444442
2018-06-17 00:00:00 UTC,705,317,259282000,1.9190277777777782
2018-06-17 00:00:00 UTC,705,323,231751000,1.0534722222222221
2018-06-17 00:00:00 UTC,705,324,231751000,0.34125000000000005
2018-06-17 00:00:00 UTC,705,399,273559400,2.2256944444444438
2018-06-17 00:00:00 UTC,705,396,231066000,1.4880555555555555
2018-06-17 00:00:00 UTC,705,398,231066000,6.5522222222222242
2018-06-17 00:00:00 UTC,705,397,231066000,4.7494444444444426
2018-06-17 00:00:00 UTC,705,208,257155500,0.33708333333333329
2018-06-17 00:00:00 UTC,705,206,257155500,0.33069444444444446
2018-06-17 00:00:00 UTC,705,207,257155500,0.39569444444444446
2018-06-17 00:00:00 UTC,705,402,273298100,5.19027777777778
2018-06-17 00:00:00 UTC,705,401,273298100,1.0241666666666667
2018-06-17 00:00:00 UTC,705,403,273430460,0.35013888888888894
2018-06-17 00:00:00 UTC,705,402,273430460,4.0920833333333331
2018-06-17 00:00:00 UTC,705,172,257077440,1.3506944444444444
2018-06-17 00:00:00 UTC,705,173,257077440,0.90194444444444444
2018-06-17 00:00:00 UTC,705,171,257077440,1.1520833333333333
2018-06-17 00:00:00 UTC,705,426,273443790,2.9826388888888888
2018-06-17 00:00:00 UTC,705,429,273443790,2.3844444444444446
2018-06-17 00:00:00 UTC,705,427,273443790,3.5374999999999992
2018-06-17 00:00:00 UTC,705,425,273443790,0.5576388888888888
2018-06-17 00:00:00 UTC,705,424,273443790,0.2525
2018-06-17 00:00:00 UTC,705,428,273443790,3.5018055555555558
2018-06-17 00:00:00 UTC,705,430,273443790,0.26541666666666663
2018-06-17 00:00:00 UTC,705,429,273457870,2.0331944444444443
2018-06-17 00:00:00 UTC,705,432,273457870,1.0263888888888888
2018-06-17 00:00:00 UTC,705,427,273457870,3.019166666666667
2018-06-17 00:00:00 UTC,705,426,273457870,3.435
2018-06-17 00:00:00 UTC,705,431,273457870,0.92208333333333325
2018-06-17 00:00:00 UTC,705,428,273457870,4.0751388888888878
2018-06-17 00:00:00 UTC,705,430,273457870,2.8754166666666672
2018-06-17 00:00:00 UTC,705,425,273457870,1.6951388888888888
2018-06-17 00:00:00 UTC,705,171,257914600,1.380138888888889
2018-06-17 00:00:00 UTC,705,172,257914600,0.12527777777777777
2018-06-17 00:00:00 UTC,-319,772,416004881,6.7049999999999992
2018-06-17 00:00:00 UTC,-319,773,416004881,2.56375
2018-06-17 00:00:00 UTC,-319,831,416094500,2.34125
2018-06-17 00:00:00 UTC,-319,832,416094500,0.59916666666666663
2018-06-17 00:00:00 UTC,-319,397,416002656,2.6409722222222221
2018-06-17 00:00:00 UTC,-319,396,416002656,1.90875
2018-06-17 00:00:00 UTC,-319,401,416002407,3.364583333333333
2018-06-17 00:00:00 UTC,-319,992,416171900,1.4384722222222224
2018-06-17 00:00:00 UTC,-319,993,416171900,0.28736111111111112
2018-06-17 00:00:00 UTC,-319,991,416171900,0.45763888888888893
2018-06-17 00:00:00 UTC,-319,828,412695680,0.73208333333333331
2018-06-17 00:00:00 UTC,-319,829,412695680,1.7102777777777778
2018-06-17 00:00:00 UTC,-319,840,412482975,1.0588888888888888
2018-06-17 00:00:00 UTC,-319,168,601860000,0.4720833333333333
2018-06-17 00:00:00 UTC,-319,847,416793000,0.031944444444444442
2018-06-17 00:00:00 UTC,-319,400,416002221,0.89041666666666663
2018-06-17 00:00:00 UTC,-319,399,416002221,1.1875
2018-06-17 00:00:00 UTC,-319,394,416005307,1.2418055555555556
2018-06-17 00:00:00 UTC,-319,395,416005307,0.47375
2018-06-17 00:00:00 UTC,-319,856,412329405,2.6581944444444447
2018-06-17 00:00:00 UTC,-319,855,412329405,2.3772222222222221
2018-06-17 00:00:00 UTC,-319,852,412329405,0.1675
2018-06-17 00:00:00 UTC,-319,853,412329405,4.3895833333333352
2018-06-17 00:00:00 UTC,-319,854,412329405,1.5656944444444447
2018-06-17 00:00:00 UTC,-319,859,412329405,1.1658333333333335
2018-06-17 00:00:00 UTC,-319,-1708,416003556,1.4002777777777777
2018-06-17 00:00:00 UTC,-319,436,416004324,0.736111111111111
2018-06-17 00:00:00 UTC,-319,935,431700980,1.21125
2018-06-17 00:00:00 UTC,-319,933,431700980,0.39583333333333331
2018-06-17 00:00:00 UTC,-319,934,431700980,1.0198611111111111
2018-06-17 00:00:00 UTC,-319,162,601387000,2.463888888888889
2018-06-17 00:00:00 UTC,-63,-1358,412460299,3.1931944444444444
2018-06-17 00:00:00 UTC,-63,-1367,412460299,0.7448611111111112
2018-06-17 00:00:00 UTC,-63,-1366,412460299,5.9820833333333328
2018-06-17 00:00:00 UTC,-63,116,100888592,3.8672222222222219
2018-06-17 00:00:00 UTC,-63,1631,416218900,0.32513888888888887
2018-06-17 00:00:00 UTC,-63,1703,440809000,1.1518055555555553
2018-06-17 00:00:00 UTC,-63,1705,440809000,1.8393055555555555
2018-06-17 00:00:00 UTC,-63,600,413205040,0.33583333333333332
2018-06-17 00:00:00 UTC,-63,1677,441811000,1.0320833333333335
2018-06-17 00:00:00 UTC,-63,1679,441811000,1.3629166666666666
2018-06-17 00:00:00 UTC,-63,1673,441811000,2.411111111111111
2018-06-17 00:00:00 UTC,-63,1676,441811000,0.11902777777777777
2018-06-17 00:00:00 UTC,-63,1672,441811000,0.50583333333333336
2018-06-17 00:00:00 UTC,-63,1674,441811000,1.7279166666666665
2018-06-17 00:00:00 UTC,-63,1675,441811000,0.8469444444444445
2018-06-17 00:00:00 UTC,-63,1678,441811000,2.0540277777777778
2018-06-17 00:00:00 UTC,-63,643,416228700,3.1587499999999995
2018-06-17 00:00:00 UTC,-63,1661,416004214,2.0059722222222218
2018-06-17 00:00:00 UTC,-63,1660,416004214,1.8023611111111113
2018-06-17 00:00:00 UTC,-63,1707,441018000,1.6569444444444443
2018-06-17 00:00:00 UTC,-63,1597,416004246,1.3372222222222221
2018-06-17 00:00:00 UTC,-63,1598,416004246,2.5622222222222226
2018-06-17 00:00:00 UTC,-63,-1168,416004502,0.80180555555555555
2018-06-17 00:00:00 UTC,-63,-1167,416004502,0.70819444444444446
2018-06-17 00:00:00 UTC,-63,-1178,416004553,1.6336111111111111
2018-06-17 00:00:00 UTC,-63,1601,416000235,1.5168055555555555
2018-06-17 00:00:00 UTC,-63,1603,416000235,0.92069444444444448
2018-06-17 00:00:00 UTC,-63,1602,416000235,0.29958333333333331
2018-06-17 00:00:00 UTC,-63,1605,416000235,0.86583333333333334
2018-06-17 00:00:00 UTC,-63,1602,416235500,1.1361111111111111
2018-06-17 00:00:00 UTC,-63,1601,416235500,0.72666666666666668
2018-06-17 00:00:00 UTC,-63,1600,416235500,0.84666666666666668
2018-06-17 00:00:00 UTC,-63,1599,416235500,2.3825
2018-06-17 00:00:00 UTC,-63,1717,412329461,1.1974999999999998
2018-06-17 00:00:00 UTC,-63,1712,412329461,0.67041666666666666
2018-06-17 00:00:00 UTC,-63,663,416000251,1.12625
2018-06-17 00:00:00 UTC,-63,-1468,416091900,0.33458333333333334
2018-06-17 00:00:00 UTC,-63,-1469,416091900,1.1786111111111108
2018-06-17 00:00:00 UTC,-63,1693,412371197,0.6101388888888889
2018-06-17 00:00:00 UTC,194,-170,412440071,8.325277777777778
2018-06-17 00:00:00 UTC,194,-171,412440072,8.9468055555555566
2018-06-17 00:00:00 UTC,194,1407,431600140,8.9
2018-06-17 00:00:00 UTC,194,-1605,367756070,1.2895833333333335
2018-06-17 00:00:00 UTC,194,-1601,367756070,0.7254166666666666
2018-06-17 00:00:00 UTC,194,-1604,367756070,1.5991666666666666
2018-06-17 00:00:00 UTC,194,-1600,367756070,0.958888888888889
2018-06-17 00:00:00 UTC,194,-1603,367756070,0.3963888888888889
2018-06-17 00:00:00 UTC,194,-1599,367756070,1.1220833333333335
2018-06-17 00:00:00 UTC,194,-1605,367602740,5.0976388888888886
2018-06-17 00:00:00 UTC,194,-1603,367602740,0.81402777777777791
2018-06-17 00:00:00 UTC,194,-1614,368001590,2.9448611111111109
2018-06-17 00:00:00 UTC,194,-1610,368001590,2.3195833333333336
2018-06-17 00:00:00 UTC,194,-1612,368001590,2.712361111111111
2018-06-17 00:00:00 UTC,194,-1609,368001590,1.6094444444444442
2018-06-17 00:00:00 UTC,194,-1611,368001590,1.7848611111111106
2018-06-17 00:00:00 UTC,194,-1622,367607880,0.95236111111111121
2018-06-17 00:00:00 UTC,194,-1621,367607880,3.0250000000000004
2018-06-17 00:00:00 UTC,194,-1580,367577170,1.5919444444444444
2018-06-17 00:00:00 UTC,194,-1608,367756640,1.1475
2018-06-17 00:00:00 UTC,194,-1607,367756640,1.2191666666666667
2018-06-17 00:00:00 UTC,194,-1610,367756640,0.43083333333333329
2018-06-17 00:00:00 UTC,194,-1618,367479450,1.05
2018-06-17 00:00:00 UTC,194,-1617,367479450,3.0941666666666667
2018-06-17 00:00:00 UTC,194,-1616,367479450,0.13444444444444442
2018-06-17 00:00:00 UTC,194,1409,431501250,1.9529166666666669
2018-06-17 00:00:00 UTC,194,-1578,367403980,0.41569444444444442
2018-06-17 00:00:00 UTC,194,-1579,367403980,2.2927777777777774
2018-06-17 00:00:00 UTC,194,-171,412440056,8.83138888888889
2018-06-17 00:00:00 UTC,194,1617,431600120,1.5206944444444446
2018-06-17 00:00:00 UTC,194,-170,412440057,4.8893055555555556
2018-06-17 00:00:00 UTC,194,-948,367676670,0.98541666666666672
2018-06-17 00:00:00 UTC,450,-29,224069130,7.0084722222222213
2018-06-17 00:00:00 UTC,450,-27,224069130,2.7779166666666666
2018-06-17 00:00:00 UTC,450,-28,224069130,1.7256944444444442
2018-06-17 00:00:00 UTC,450,135,238988810,2.8111111111111113
2018-06-17 00:00:00 UTC,450,-501,316021004,0.67375000000000007
2018-06-17 00:00:00 UTC,450,-500,316021004,4.2726388888888893
2018-06-17 00:00:00 UTC,450,-499,316021004,4.8804166666666662
2018-06-17 00:00:00 UTC,450,-497,316021004,0.47388888888888892
2018-06-17 00:00:00 UTC,450,-498,316021004,4.5566666666666666
2018-06-17 00:00:00 UTC,450,135,238622240,3.1093055555555553
2018-06-17 00:00:00 UTC,450,-241,224051560,0.65194444444444444
2018-06-17 00:00:00 UTC,450,-238,224051560,0.28388888888888891
2018-06-17 00:00:00 UTC,450,-239,224051560,0.60041666666666671
2018-06-17 00:00:00 UTC,450,-14,228390000,10.995416666666666
2018-06-17 00:00:00 UTC,450,128,247120520,0.31416666666666671
2018-06-17 00:00:00 UTC,450,135,238406040,2.4163888888888887
2018-06-17 00:00:00 UTC,450,135,238420640,2.885416666666667
2018-06-17 00:00:00 UTC,450,-502,316004000,4.0801388888888876
2018-06-17 00:00:00 UTC,450,-503,316004000,2.735
2018-06-17 00:00:00 UTC,450,-501,316004000,1.0081944444444444
2018-06-17 00:00:00 UTC,450,-504,316004000,2.1023611111111111
2018-06-17 00:00:00 UTC,450,-1248,366773410,5.6759722222222244
2018-06-17 00:00:00 UTC,450,-587,316036008,0.84652777777777777
2018-06-17 00:00:00 UTC,450,135,238390440,2.2374999999999994
2018-06-17 00:00:00 UTC,450,-19,205197000,10.225000000000001
2018-06-17 00:00:00 UTC,450,-20,205197000,1.408611111111111
2018-06-17 00:00:00 UTC,450,135,238897610,3.4043055555555544
2018-06-17 00:00:00 UTC,450,124,247053780,0.72791666666666666
2018-06-17 00:00:00 UTC,450,125,247053780,0.63236111111111115
2018-06-17 00:00:00 UTC,450,-234,224030940,12.952361111111111
2018-06-17 00:00:00 UTC,450,135,238914540,0.27347222222222223
2018-06-17 00:00:00 UTC,706,400,273550600,1.8379166666666666
2018-06-17 00:00:00 UTC,706,398,273550600,1.1009722222222222
2018-06-17 00:00:00 UTC,706,399,273550600,4.6984722222222217
2018-06-17 00:00:00 UTC,706,402,273313560,5.2076388888888907
2018-06-17 00:00:00 UTC,706,403,273313560,1.690555555555556
2018-06-17 00:00:00 UTC,706,400,273421600,4.7894444444444444
2018-06-17 00:00:00 UTC,706,401,273421600,1.6040277777777776
2018-06-17 00:00:00 UTC,706,402,273421600,0.325
2018-06-17 00:00:00 UTC,706,310,259282000,0.16555555555555557
2018-06-17 00:00:00 UTC,706,314,259282000,0.9095833333333333
2018-06-17 00:00:00 UTC,706,309,259282000,0.33430555555555558
2018-06-17 00:00:00 UTC,706,303,257927000,0.45652777777777787
2018-06-17 00:00:00 UTC,706,302,257927000,0.025694444444444443
2018-06-17 00:00:00 UTC,706,304,257927000,0.10125
2018-06-17 00:00:00 UTC,706,224,257446500,0.31180555555555556
2018-06-17 00:00:00 UTC,706,400,273559400,1.2745833333333336
2018-06-17 00:00:00 UTC,706,399,273559400,0.60152777777777788
2018-06-17 00:00:00 UTC,706,305,259995000,2.7894444444444444
2018-06-17 00:00:00 UTC,706,306,259995000,0.06611111111111112
2018-06-17 00:00:00 UTC,706,304,259995000,2.5075000000000003
2018-06-17 00:00:00 UTC,706,303,259995000,0.31208333333333332
2018-06-17 00:00:00 UTC,706,400,231066000,1.07125
2018-06-17 00:00:00 UTC,706,398,231066000,3.3026388888888873
2018-06-17 00:00:00 UTC,706,399,231066000,3.056111111111111
2018-06-17 00:00:00 UTC,706,219,257975700,2.9488888888888884
2018-06-17 00:00:00 UTC,706,217,258553000,0.15875
2018-06-17 00:00:00 UTC,706,216,258553000,9.44583333333333
2018-06-17 00:00:00 UTC,706,204,257454000,6.4687499999999982
2018-06-17 00:00:00 UTC,706,203,257454000,0.28930555555555554
2018-06-17 00:00:00 UTC,706,402,273298100,7.8783333333333321
2018-06-17 00:00:00 UTC,706,403,273298100,2.2387499999999996
2018-06-17 00:00:00 UTC,706,171,257803700,5.3493055555555555
2018-06-17 00:00:00 UTC,706,403,273430460,0.78402777777777777
2018-06-17 00:00:00 UTC,706,402,273430460,3.1651388888888889
2018-06-17 00:00:00 UTC,-318,772,416004881,2.1102777777777781
2018-06-17 00:00:00 UTC,-318,831,416094500,1.142222222222222
2018-06-17 00:00:00 UTC,-318,832,416094500,0.4094444444444445
2018-06-17 00:00:00 UTC,-318,877,431047000,0.03152777777777778
2018-06-17 00:00:00 UTC,-318,923,431067000,0.18208333333333332
2018-06-17 00:00:00 UTC,-318,927,431067000,0.38319444444444445
2018-06-17 00:00:00 UTC,-318,920,431067000,1.1205555555555553
2018-06-17 00:00:00 UTC,-318,921,431067000,0.44513888888888892
2018-06-17 00:00:00 UTC,-318,828,412695680,1.1695833333333332
2018-06-17 00:00:00 UTC,-318,-1690,416230800,0.94833333333333325
2018-06-17 00:00:00 UTC,-318,840,412482975,0.6283333333333333
2018-06-17 00:00:00 UTC,-318,165,601710000,0.52597222222222217
2018-06-17 00:00:00 UTC,-318,164,601710000,0.15791666666666668
2018-06-17 00:00:00 UTC,-318,394,416005307,0.71736111111111112
2018-06-17 00:00:00 UTC,-318,395,416005307,0.72833333333333339
2018-06-17 00:00:00 UTC,-318,856,412329406,0.87125000000000008
2018-06-17 00:00:00 UTC,-318,857,412329406,0.752361111111111
2018-06-17 00:00:00 UTC,-318,-1708,416003556,0.80861111111111106
2018-06-17 00:00:00 UTC,-318,933,431700980,0.017083333333333332
2018-06-17 00:00:00 UTC,-318,161,601387000,1.1736111111111112
2018-06-17 00:00:00 UTC,-318,162,601387000,0.6166666666666667
2018-06-17 00:00:00 UTC,-318,762,416005374,0.58736111111111111
2018-06-17 00:00:00 UTC,-62,1590,416003074,0.83583333333333343
2018-06-17 00:00:00 UTC,-62,1589,416003074,1.6718055555555558
2018-06-17 00:00:00 UTC,-62,-1362,412460299,1.3172222222222221
2018-06-17 00:00:00 UTC,-62,-1359,412460299,1.1505555555555556
2018-06-17 00:00:00 UTC,-62,-1361,412460299,1.0373611111111112
2018-06-17 00:00:00 UTC,-62,116,100888590,6.71611111111111
2018-06-17 00:00:00 UTC,-62,115,100888590,5.1495833333333332
2018-06-17 00:00:00 UTC,-62,115,100888592,6.2418055555555547
2018-06-17 00:00:00 UTC,-62,117,100888592,2.6168055555555556
2018-06-17 00:00:00 UTC,-62,116,100888592,5.1522222222222211
2018-06-17 00:00:00 UTC,-62,1705,440809000,1.5030555555555556
2018-06-17 00:00:00 UTC,-62,1703,440809000,1.9304166666666664
2018-06-17 00:00:00 UTC,-62,1706,440809000,0.46444444444444444
2018-06-17 00:00:00 UTC,-62,600,413205040,0.32958333333333334
2018-06-17 00:00:00 UTC,-62,-56,412689460,1.6584722222222221
2018-06-17 00:00:00 UTC,-62,-55,412689460,1.6441666666666668
2018-06-17 00:00:00 UTC,-62,1618,416231500,0.61444444444444435
2018-06-17 00:00:00 UTC,-62,1616,416231500,1.0758333333333332
2018-06-17 00:00:00 UTC,-62,1615,416231500,4.085
2018-06-17 00:00:00 UTC,-62,1617,416231500,1.1884722222222224
2018-06-17 00:00:00 UTC,-62,644,416228700,4.0311111111111115
2018-06-17 00:00:00 UTC,-62,643,416228700,0.8675
2018-06-17 00:00:00 UTC,-62,1662,416004214,3.5306944444444444
2018-06-17 00:00:00 UTC,-62,1707,441018000,2.0420833333333328
2018-06-17 00:00:00 UTC,-62,1597,416004246,4.5402777777777779
2018-06-17 00:00:00 UTC,-62,1599,416004246,1.47
2018-06-17 00:00:00 UTC,-62,1598,416004246,0.6020833333333333
2018-06-17 00:00:00 UTC,-62,-1167,416004502,0.17402777777777778
2018-06-17 00:00:00 UTC,-62,-1166,416004502,1.5629166666666665
2018-06-17 00:00:00 UTC,-62,1608,416004759,1.6875
2018-06-17 00:00:00 UTC,-62,-1178,416004553,1.6381944444444445
2018-06-17 00:00:00 UTC,-62,-6,413270240,1.2680555555555557
2018-06-17 00:00:00 UTC,-62,-3,413270240,3.2116666666666669
2018-06-17 00:00:00 UTC,-62,-4,413270240,2.6475
2018-06-17 00:00:00 UTC,-62,1672,440801000,0.57097222222222221
2018-06-17 00:00:00 UTC,-62,1673,440801000,1.1276388888888889
2018-06-17 00:00:00 UTC,-62,1602,416000235,0.68722222222222229
2018-06-17 00:00:00 UTC,-62,1603,416000235,1.0020833333333332
2018-06-17 00:00:00 UTC,-62,1603,416235500,0.54583333333333328
2018-06-17 00:00:00 UTC,-62,1600,416235500,1.4234722222222222
2018-06-17 00:00:00 UTC,-62,1712,412329461,1.8702777777777779
2018-06-17 00:00:00 UTC,-62,1717,412329461,1.3198611111111109
2018-06-17 00:00:00 UTC,-62,1714,412329461,1.7104166666666667
2018-06-17 00:00:00 UTC,-62,1716,412329461,0.40597222222222223
2018-06-17 00:00:00 UTC,-62,1715,412329461,1.7040277777777777
2018-06-17 00:00:00 UTC,-62,663,416000251,1.3075
2018-06-17 00:00:00 UTC,195,-1602,367756070,1.3702777777777773
2018-06-17 00:00:00 UTC,195,-1598,367756070,1.3681944444444443
2018-06-17 00:00:00 UTC,195,-1603,367756070,1.0069444444444444
2018-06-17 00:00:00 UTC,195,-1599,367756070,0.21986111111111112
2018-06-17 00:00:00 UTC,195,-1601,367756070,0.15180555555555555
2018-06-17 00:00:00 UTC,195,-1603,367602740,0.59486111111111117
2018-06-17 00:00:00 UTC,195,-1604,367602740,0.56680555555555556
2018-06-17 00:00:00 UTC,195,-1611,368001590,0.6133333333333334
2018-06-17 00:00:00 UTC,195,-1606,368001590,1.7172222222222222
2018-06-17 00:00:00 UTC,195,-1608,368001590,2.2506944444444441
2018-06-17 00:00:00 UTC,195,-1610,368001590,0.71916666666666673
2018-06-17 00:00:00 UTC,195,-1612,368001590,0.795277777777778
2018-06-17 00:00:00 UTC,195,-1613,368001590,2.9475
2018-06-17 00:00:00 UTC,195,-1607,368001590,2.8430555555555559
2018-06-17 00:00:00 UTC,195,-1609,368001590,0.75541666666666663
2018-06-17 00:00:00 UTC,195,-1620,367607880,0.75333333333333319
2018-06-17 00:00:00 UTC,195,-1622,367607880,1.9544444444444449
2018-06-17 00:00:00 UTC,195,-1621,367607880,0.84472222222222215
2018-06-17 00:00:00 UTC,195,-1580,367577170,1.2288888888888889
2018-06-17 00:00:00 UTC,195,-1606,367756640,0.57833333333333325
2018-06-17 00:00:00 UTC,195,-1605,367756640,0.37125
2018-06-17 00:00:00 UTC,195,-1607,367756640,3.7416666666666667
2018-06-17 00:00:00 UTC,195,-1611,367479450,2.4761111111111109
2018-06-17 00:00:00 UTC,195,-1617,367479450,0.55499999999999994
2018-06-17 00:00:00 UTC,195,-1615,367479450,1.4772222222222222
2018-06-17 00:00:00 UTC,195,-1610,367479450,2.0302777777777776
2018-06-17 00:00:00 UTC,195,-1613,367479450,1.5326388888888889
2018-06-17 00:00:00 UTC,195,-1616,367479450,1.4252777777777776
2018-06-17 00:00:00 UTC,195,-1614,367479450,1.5119444444444443
2018-06-17 00:00:00 UTC,195,1409,431501250,1.5193055555555557
2018-06-17 00:00:00 UTC,195,-1580,367403980,6.5465277777777775
2018-06-17 00:00:00 UTC,195,-1579,367403980,0.63916666666666666
2018-06-17 00:00:00 UTC,195,1617,431600120,0.75083333333333335
2018-06-17 00:00:00 UTC,451,-13,227424000,1.0706944444444444
2018-06-17 00:00:00 UTC,451,-14,227424000,2.9361111111111109
2018-06-17 00:00:00 UTC,451,-28,224069130,1.8661111111111111
2018-06-17 00:00:00 UTC,451,-29,224069130,1.0363888888888888
2018-06-17 00:00:00 UTC,451,-27,224069130,2.2611111111111111
2018-06-17 00:00:00 UTC,451,-500,316021004,1.0201388888888889
2018-06-17 00:00:00 UTC,451,-501,316021004,5.6962500000000018
2018-06-17 00:00:00 UTC,451,-502,316021004,2.5413888888888896
2018-06-17 00:00:00 UTC,451,124,247050520,1.8554166666666667
2018-06-17 00:00:00 UTC,451,-22,227817000,0.35194444444444439
2018-06-17 00:00:00 UTC,451,127,247053620,0.42180555555555554
2018-06-17 00:00:00 UTC,451,124,247050810,0.88597222222222216
2018-06-17 00:00:00 UTC,451,-15,228033600,0.5375
2018-06-17 00:00:00 UTC,451,-18,228033600,14.329583333333334
2018-06-17 00:00:00 UTC,451,-17,228033600,1.8720833333333333
2018-06-17 00:00:00 UTC,451,-16,228033600,0.53319444444444453
2018-06-17 00:00:00 UTC,451,-19,228033600,1.7295833333333333
2018-06-17 00:00:00 UTC,451,-14,228178000,3.9280555555555559
2018-06-17 00:00:00 UTC,451,-13,228178000,0.87361111111111112
2018-06-17 00:00:00 UTC,451,-14,228390000,7.0670833333333336
2018-06-17 00:00:00 UTC,451,-13,228390000,2.2904166666666668
2018-06-17 00:00:00 UTC,451,135,238982010,2.1083333333333334
2018-06-17 00:00:00 UTC,451,124,247050620,0.47763888888888895
2018-06-17 00:00:00 UTC,451,124,247050640,2.3706944444444447
2018-06-17 00:00:00 UTC,451,-504,316004000,2.5856944444444445
2018-06-17 00:00:00 UTC,451,-1248,366773410,5.5661111111111108
2018-06-17 00:00:00 UTC,451,-1247,366773410,0.11652777777777777
2018-06-17 00:00:00 UTC,451,-586,316036008,9.789027777777779
2018-06-17 00:00:00 UTC,451,-587,316036008,7.31375
2018-06-17 00:00:00 UTC,451,-585,316036008,2.9819444444444443
2018-06-17 00:00:00 UTC,451,-29,227310000,2.7168055555555557
2018-06-17 00:00:00 UTC,451,-20,205197000,4.0308333333333337
2018-06-17 00:00:00 UTC,451,-21,205197000,0.774861111111111
2018-06-17 00:00:00 UTC,451,134,238897610,0.34861111111111109
2018-06-17 00:00:00 UTC,451,-660,316026078,0.2459722222222222
2018-06-17 00:00:00 UTC,451,-661,316026078,0.59180555555555558
2018-06-17 00:00:00 UTC,707,400,273550600,0.46402777777777776
2018-06-17 00:00:00 UTC,707,401,273550600,0.91680555555555565
2018-06-17 00:00:00 UTC,707,299,257460500,0.16430555555555554
2018-06-17 00:00:00 UTC,707,300,257460500,0.36027777777777781
2018-06-17 00:00:00 UTC,707,404,273313560,0.87125000000000008
2018-06-17 00:00:00 UTC,707,403,273313560,1.2056944444444444
2018-06-17 00:00:00 UTC,707,303,258143000,1.1298611111111112
2018-06-17 00:00:00 UTC,707,302,258143000,2.5774999999999997
2018-06-17 00:00:00 UTC,707,301,258143000,0.78319444444444442
2018-06-17 00:00:00 UTC,707,400,273421600,1.19
2018-06-17 00:00:00 UTC,707,403,273421600,1.317361111111111
2018-06-17 00:00:00 UTC,707,402,273421600,1.4808333333333334
2018-06-17 00:00:00 UTC,707,401,273421600,3.9606944444444436
2018-06-17 00:00:00 UTC,707,298,257334820,1.0458333333333334
2018-06-17 00:00:00 UTC,707,171,257141820,3.0984722222222225
2018-06-17 00:00:00 UTC,707,300,257121620,2.4758333333333331
2018-06-17 00:00:00 UTC,707,299,257121620,4.0090277777777779
2018-06-17 00:00:00 UTC,707,301,257121620,0.9408333333333333
2018-06-17 00:00:00 UTC,707,300,257927000,2.070555555555555
2018-06-17 00:00:00 UTC,707,297,257927000,0.1438888888888889
2018-06-17 00:00:00 UTC,707,299,257927000,1.6297222222222223
2018-06-17 00:00:00 UTC,707,224,257446500,0.23041666666666666
2018-06-17 00:00:00 UTC,707,401,273559400,1.605833333333333
2018-06-17 00:00:00 UTC,707,400,273559400,0.38541666666666669
2018-06-17 00:00:00 UTC,707,402,273559400,1.5526388888888887
2018-06-17 00:00:00 UTC,707,400,231066000,1.1663888888888889
2018-06-17 00:00:00 UTC,707,269,257162640,1.1908333333333334
2018-06-17 00:00:00 UTC,707,404,273298100,1.2293055555555554
2018-06-17 00:00:00 UTC,707,403,273298100,5.4633333333333356
2018-06-17 00:00:00 UTC,707,404,273430460,1.0934722222222222
2018-06-17 00:00:00 UTC,707,403,273430460,0.80611111111111111
2018-06-17 00:00:00 UTC,707,299,259576000,1.0025
2018-06-17 00:00:00 UTC,707,298,259576000,0.20597222222222222
2018-06-17 00:00:00 UTC,-317,831,416094500,0.45791666666666664
2018-06-17 00:00:00 UTC,-317,832,416094500,3.6150000000000007
2018-06-17 00:00:00 UTC,-317,876,431047000,1.0918055555555555
2018-06-17 00:00:00 UTC,-317,881,431047000,0.56430555555555562
2018-06-17 00:00:00 UTC,-317,879,431047000,0.72958333333333347
2018-06-17 00:00:00 UTC,-317,878,431047000,0.62055555555555553
2018-06-17 00:00:00 UTC,-317,877,431047000,1.2734722222222226
2018-06-17 00:00:00 UTC,-317,875,431047000,1.5829166666666667
2018-06-17 00:00:00 UTC,-317,828,412695680,1.4700000000000002
2018-06-17 00:00:00 UTC,-317,922,432282000,0.16541666666666666
2018-06-17 00:00:00 UTC,-317,840,412482975,0.78736111111111107
2018-06-17 00:00:00 UTC,-317,164,601710000,0.8929166666666668
2018-06-17 00:00:00 UTC,-317,395,416005307,2.4344444444444444
2018-06-17 00:00:00 UTC,-317,862,412329406,0.67805555555555552
2018-06-17 00:00:00 UTC,-317,858,412329406,1.1180555555555554
2018-06-17 00:00:00 UTC,-317,861,412329406,0.7575
2018-06-17 00:00:00 UTC,-317,857,412329406,0.68069444444444438
2018-06-17 00:00:00 UTC,-317,161,601387000,0.78347222222222235
2018-06-17 00:00:00 UTC,-317,160,601387000,0.14152777777777778
2018-06-17 00:00:00 UTC,-317,763,416005374,0.38833333333333331
2018-06-17 00:00:00 UTC,-317,762,416005374,1.9769444444444446
2018-06-17 00:00:00 UTC,-61,1591,416003074,0.095416666666666664
2018-06-17 00:00:00 UTC,-61,1589,416003074,1.8641666666666667
2018-06-17 00:00:00 UTC,-61,1590,416003074,3.6030555555555557
2018-06-17 00:00:00 UTC,-61,115,100888590,9.5059722222222209
2018-06-17 00:00:00 UTC,-61,116,100888590,1.9063888888888889
2018-06-17 00:00:00 UTC,-61,116,100888592,3.3099999999999996
2018-06-17 00:00:00 UTC,-61,115,100888592,2.57875
2018-06-17 00:00:00 UTC,-61,117,100888592,1.1356944444444443
2018-06-17 00:00:00 UTC,-61,1707,440809000,0.83333333333333326
2018-06-17 00:00:00 UTC,-61,1710,440809000,0.044861111111111109
2018-06-17 00:00:00 UTC,-61,1709,440809000,0.6941666666666666
2018-06-17 00:00:00 UTC,-61,1703,440809000,1.7754166666666666
2018-06-17 00:00:00 UTC,-61,1705,440809000,1.1415277777777777
2018-06-17 00:00:00 UTC,-61,-60,412689460,4.6793055555555556
2018-06-17 00:00:00 UTC,-61,-59,412689460,1.6168055555555556
2018-06-17 00:00:00 UTC,-61,-55,412689460,2.1329166666666666
2018-06-17 00:00:00 UTC,-61,-56,412689460,1.43125
2018-06-17 00:00:00 UTC,-61,-58,412689460,0.88180555555555551
2018-06-17 00:00:00 UTC,-61,1617,416231500,2.4970833333333333
2018-06-17 00:00:00 UTC,-61,1618,416231500,1.4720833333333334
2018-06-17 00:00:00 UTC,-61,1615,416231500,2.3251388888888891
2018-06-17 00:00:00 UTC,-61,1605,416239700,3.1630555555555553
2018-06-17 00:00:00 UTC,-61,1595,416003955,1.7265277777777777
2018-06-17 00:00:00 UTC,-61,-1153,987357573,2.3130555555555552
2018-06-17 00:00:00 UTC,-61,645,416003724,2.9970833333333333
2018-06-17 00:00:00 UTC,-61,1707,441018000,1.3568055555555556
2018-06-17 00:00:00 UTC,-61,1599,416004246,0.82194444444444448
2018-06-17 00:00:00 UTC,-61,1607,416004759,2.3918055555555555
2018-06-17 00:00:00 UTC,-61,1608,416004759,0.44555555555555554
2018-06-17 00:00:00 UTC,-61,-1513,576847000,1.5315277777777776
2018-06-17 00:00:00 UTC,-61,-1512,576847000,1.8315277777777779
2018-06-17 00:00:00 UTC,-61,-1516,576847000,1.3150000000000002
2018-06-17 00:00:00 UTC,-61,1596,416003741,0.91847222222222225
2018-06-17 00:00:00 UTC,-61,1597,416003741,3.4763888888888888
2018-06-17 00:00:00 UTC,-61,1598,416003741,3.5634722222222224
2018-06-17 00:00:00 UTC,-61,1599,416003741,2.1097222222222221
2018-06-17 00:00:00 UTC,-61,-1178,416004553,3.4031944444444449
2018-06-17 00:00:00 UTC,-61,-10,413270240,0.67097222222222219
2018-06-17 00:00:00 UTC,-61,-7,413270240,2.45375
2018-06-17 00:00:00 UTC,-61,-8,413270240,1.8504166666666664
2018-06-17 00:00:00 UTC,-61,-6,413270240,0.82166666666666655
2018-06-17 00:00:00 UTC,-61,-4,413270240,0.7352777777777777
2018-06-17 00:00:00 UTC,-61,-9,413270240,0.45958333333333329
2018-06-17 00:00:00 UTC,-61,-5,413270240,2.6102777777777773
2018-06-17 00:00:00 UTC,-61,-11,413270240,3.6326388888888888
2018-06-17 00:00:00 UTC,-61,-1152,356737000,0.42527777777777781
2018-06-17 00:00:00 UTC,-61,1603,416235500,0.53222222222222226
2018-06-17 00:00:00 UTC,-61,1601,416235500,1.1556944444444444
2018-06-17 00:00:00 UTC,-61,1602,416235500,0.85875
2018-06-17 00:00:00 UTC,-61,1716,412329461,0.82597222222222233
2018-06-17 00:00:00 UTC,196,1407,431500044,5.6001388888888881
2018-06-17 00:00:00 UTC,196,-1598,367756070,1.0766666666666667
2018-06-17 00:00:00 UTC,196,-1599,367756070,2.0101388888888891
2018-06-17 00:00:00 UTC,196,-1601,367756070,0.89500000000000013
2018-06-17 00:00:00 UTC,196,-1600,367756070,1.51125
2018-06-17 00:00:00 UTC,196,-1623,367607880,3.7833333333333337
2018-06-17 00:00:00 UTC,196,-1620,367607880,0.55499999999999994
2018-06-17 00:00:00 UTC,196,-1619,367607880,0.62069444444444444
2018-06-17 00:00:00 UTC,196,-1622,367607880,0.53486111111111112
2018-06-17 00:00:00 UTC,196,-1580,367577170,0.79263888888888889
2018-06-17 00:00:00 UTC,196,-1603,367756640,0.76611111111111119
2018-06-17 00:00:00 UTC,196,-1605,367756640,0.55944444444444452
2018-06-17 00:00:00 UTC,196,-1604,367756640,0.87041666666666662
2018-06-17 00:00:00 UTC,196,1412,431501250,3.1875
2018-06-17 00:00:00 UTC,196,1409,431501250,3.4927777777777784
2018-06-17 00:00:00 UTC,196,1521,416002804,1.410277777777778
2018-06-17 00:00:00 UTC,196,1617,431600120,0.52930555555555558
2018-06-17 00:00:00 UTC,452,-13,227424000,10.425833333333335
2018-06-17 00:00:00 UTC,452,-14,227424000,5.3352777777777769
2018-06-17 00:00:00 UTC,452,125,247051790,0.6776388888888889
2018-06-17 00:00:00 UTC,452,134,238622240,1.8001388888888887
2018-06-17 00:00:00 UTC,452,142,238624040,0.70458333333333334
2018-06-17 00:00:00 UTC,452,-22,227817000,9.2241666666666653
2018-06-17 00:00:00 UTC,452,-21,227817000,0.3125
2018-06-17 00:00:00 UTC,452,122,247065640,1.2277777777777779
2018-06-17 00:00:00 UTC,452,124,247120430,0.75
2018-06-17 00:00:00 UTC,452,124,247071040,0.32958333333333334
2018-06-17 00:00:00 UTC,452,125,247071040,0.99805555555555558
2018-06-17 00:00:00 UTC,452,-15,228033600,0.36597222222222225
2018-06-17 00:00:00 UTC,452,-14,228178000,6.9772222222222222
2018-06-17 00:00:00 UTC,452,134,238430040,1.3941666666666666
2018-06-17 00:00:00 UTC,452,124,247050630,0.34472222222222221
2018-06-17 00:00:00 UTC,452,125,247052680,0.31402777777777779
2018-06-17 00:00:00 UTC,452,-504,316004000,0.88888888888888884
2018-06-17 00:00:00 UTC,452,-1248,366773410,4.0076388888888879
2018-06-17 00:00:00 UTC,452,-1247,366773410,1.4655555555555553
2018-06-17 00:00:00 UTC,452,-1243,366207650,3.9412499999999984
2018-06-17 00:00:00 UTC,452,-1243,367155110,3.4684722222222244
2018-06-17 00:00:00 UTC,452,-585,316036008,2.6195833333333329
2018-06-17 00:00:00 UTC,452,124,247051950,1.0920833333333333
2018-06-17 00:00:00 UTC,452,-21,205197000,1.175
2018-06-17 00:00:00 UTC,452,134,238897610,1.2734722222222221
2018-06-17 00:00:00 UTC,452,134,238192340,0.59597222222222224
2018-06-17 00:00:00 UTC,452,-661,316026078,0.45430555555555557
2018-06-17 00:00:00 UTC,452,-13,228385000,5.65625
2018-06-17 00:00:00 UTC,452,142,238604010,2.3223611111111109
2018-06-17 00:00:00 UTC,708,402,273421600,0.65333333333333332
2018-06-17 00:00:00 UTC,708,403,273421600,1.9769444444444444
2018-06-17 00:00:00 UTC,708,302,257121620,0.65416666666666667
2018-06-17 00:00:00 UTC,708,297,257927000,1.2127777777777777
2018-06-17 00:00:00 UTC,708,296,257927000,0.52374999999999994
2018-06-17 00:00:00 UTC,708,233,257446500,0.090694444444444439
2018-06-17 00:00:00 UTC,708,403,273559400,0.10972222222222222
2018-06-17 00:00:00 UTC,708,402,273559400,1.8236111111111113
2018-06-17 00:00:00 UTC,708,270,257162640,1.7094444444444443
2018-06-17 00:00:00 UTC,708,269,257162640,1.729166666666667
2018-06-17 00:00:00 UTC,708,222,258553000,0.076388888888888881
2018-06-17 00:00:00 UTC,708,221,258553000,0.042777777777777776
2018-06-17 00:00:00 UTC,708,404,273298100,0.12597222222222221
2018-06-17 00:00:00 UTC,708,405,273298100,0.653888888888889
2018-06-17 00:00:00 UTC,708,299,259576000,2.2183333333333337
2018-06-17 00:00:00 UTC,-316,832,416094500,0.74486111111111131
2018-06-17 00:00:00 UTC,-316,-1726,576636000,1.3118055555555557
2018-06-17 00:00:00 UTC,-316,-1548,576635000,1.1497222222222221
2018-06-17 00:00:00 UTC,-316,920,432282000,0.19013888888888891
2018-06-17 00:00:00 UTC,-316,923,432282000,0.53680555555555554
2018-06-17 00:00:00 UTC,-316,921,432282000,1.0104166666666667
2018-06-17 00:00:00 UTC,-316,840,412482975,1.7330555555555556
2018-06-17 00:00:00 UTC,-316,841,412482975,1.1402777777777777
2018-06-17 00:00:00 UTC,-316,395,416005307,3.036111111111111
2018-06-17 00:00:00 UTC,-316,879,431116000,0.053749999999999992
2018-06-17 00:00:00 UTC,-316,881,431116000,0.56597222222222221
2018-06-17 00:00:00 UTC,-316,880,431116000,0.5475
2018-06-17 00:00:00 UTC,-316,-1704,416003556,0.41638888888888892
2018-06-17 00:00:00 UTC,-316,-1702,416003556,1.2306944444444445
2018-06-17 00:00:00 UTC,-316,-1703,416003556,2.0413888888888887
2018-06-17 00:00:00 UTC,-316,-1701,416003556,0.87291666666666667
2018-06-17 00:00:00 UTC,-316,762,416005374,0.45111111111111113
2018-06-17 00:00:00 UTC,-316,763,416005374,0.07875
2018-06-17 00:00:00 UTC,-60,1591,416003074,0.8338888888888889
2018-06-17 00:00:00 UTC,-60,1589,416003074,1.8330555555555552
2018-06-17 00:00:00 UTC,-60,1590,416003074,3.03125
2018-06-17 00:00:00 UTC,-60,1711,440809000,0.45472222222222219
2018-06-17 00:00:00 UTC,-60,-55,412689460,0.71013888888888888
2018-06-17 00:00:00 UTC,-60,1615,416231500,3.5629166666666667
2018-06-17 00:00:00 UTC,-60,1616,416231500,0.73694444444444451
2018-06-17 00:00:00 UTC,-60,1596,416003955,4.064861111111111
2018-06-17 00:00:00 UTC,-60,1593,416003955,1.2918055555555557
2018-06-17 00:00:00 UTC,-60,1594,416003955,4.34375
2018-06-17 00:00:00 UTC,-60,1595,416003955,4.5166666666666666
2018-06-17 00:00:00 UTC,-60,1597,416003955,0.42583333333333334
2018-06-17 00:00:00 UTC,-60,-1514,431101320,0.50041666666666662
2018-06-17 00:00:00 UTC,-60,-1515,431101320,1.0247222222222223
2018-06-17 00:00:00 UTC,-60,-1512,431101320,0.30222222222222223
2018-06-17 00:00:00 UTC,-60,-1510,431101320,0.34986111111111107
2018-06-17 00:00:00 UTC,-60,-1511,431101320,0.574861111111111
2018-06-17 00:00:00 UTC,-60,648,416003724,2.6358333333333328
2018-06-17 00:00:00 UTC,-60,-1165,416004502,4.7398611111111109
2018-06-17 00:00:00 UTC,-60,1608,416004759,2.5170833333333333
2018-06-17 00:00:00 UTC,-60,1607,416004759,1.1468055555555554
2018-06-17 00:00:00 UTC,-60,-1517,576847000,0.77874999999999994
2018-06-17 00:00:00 UTC,-60,-1515,576847000,1.4956944444444442
2018-06-17 00:00:00 UTC,-60,-1513,576847000,2.0294444444444442
2018-06-17 00:00:00 UTC,-60,-1514,576847000,1.7473611111111107
2018-06-17 00:00:00 UTC,-60,-1516,576847000,1.795
2018-06-17 00:00:00 UTC,-60,1598,416003741,4.233888888888889
2018-06-17 00:00:00 UTC,-60,1599,416003741,4.7256944444444438
2018-06-17 00:00:00 UTC,-60,1600,416003741,1.4230555555555555
2018-06-17 00:00:00 UTC,-60,1601,416003741,0.52097222222222217
2018-06-17 00:00:00 UTC,-60,1596,416003741,1.9945833333333334
2018-06-17 00:00:00 UTC,-60,1597,416003741,0.83166666666666667
2018-06-17 00:00:00 UTC,-60,1378,525001688,0.96805555555555567
2018-06-17 00:00:00 UTC,-60,1377,525001688,17.241388888888892
2018-06-17 00:00:00 UTC,-60,-8,413270240,3.8498611111111112
2018-06-17 00:00:00 UTC,-60,-72,412699120,0.56208333333333327
2018-06-17 00:00:00 UTC,-60,663,416000251,1.3005555555555555
2018-06-17 00:00:00 UTC,197,1407,431500044,7.1822222222222223
2018-06-17 00:00:00 UTC,197,-1598,367756070,2.0690277777777779
2018-06-17 00:00:00 UTC,197,-1619,367607880,0.912638888888889
2018-06-17 00:00:00 UTC,197,-1583,367577170,0.21416666666666664
2018-06-17 00:00:00 UTC,197,-1585,367577170,0.90666666666666662
2018-06-17 00:00:00 UTC,197,-1586,367577170,0.59416666666666673
2018-06-17 00:00:00 UTC,197,-1582,367577170,0.745
2018-06-17 00:00:00 UTC,197,-1581,367577170,1.4870833333333338
2018-06-17 00:00:00 UTC,197,-1584,367577170,0.050416666666666665
2018-06-17 00:00:00 UTC,197,-1603,367756640,4.3520833333333337
2018-06-17 00:00:00 UTC,197,-172,306118000,0.77416666666666667
2018-06-17 00:00:00 UTC,197,-1609,367762610,1.5669444444444445
2018-06-17 00:00:00 UTC,197,-1610,367762610,1.0177777777777779
2018-06-17 00:00:00 UTC,197,1617,431600120,1.5038888888888888
2018-06-17 00:00:00 UTC,197,-1606,366721530,2.4494444444444445
2018-06-17 00:00:00 UTC,453,-13,227424000,1.6427777777777779
2018-06-17 00:00:00 UTC,453,-14,227424000,1.4547222222222222
2018-06-17 00:00:00 UTC,453,143,238624040,1.2686111111111109
2018-06-17 00:00:00 UTC,453,-21,227817000,3.1070833333333332
2018-06-17 00:00:00 UTC,453,124,247120430,1.0608333333333333
2018-06-17 00:00:00 UTC,453,-1249,368272000,1.3320833333333331
2018-06-17 00:00:00 UTC,453,-1250,368272000,4.1693055555555558
2018-06-17 00:00:00 UTC,453,-31,227418000,9.9619444444444447
2018-06-17 00:00:00 UTC,453,134,238316440,3.9843055555555558
2018-06-17 00:00:00 UTC,453,125,247087260,0.37986111111111109
2018-06-17 00:00:00 UTC,453,-1248,366773410,0.62180555555555561
2018-06-17 00:00:00 UTC,453,-1243,366207650,7.9284722222222221
2018-06-17 00:00:00 UTC,453,-1243,367155110,8.6536111111111147
2018-06-17 00:00:00 UTC,453,-13,227560620,3.8670833333333334
2018-06-17 00:00:00 UTC,453,124,247051950,0.28027777777777774
2018-06-17 00:00:00 UTC,453,-32,227310000,3.3151388888888889
2018-06-17 00:00:00 UTC,453,125,247055540,0.38597222222222227
2018-06-17 00:00:00 UTC,453,-14,228185800,16.435000000000006
2018-06-17 00:00:00 UTC,453,-13,228185800,4.9165277777777776
2018-06-17 00:00:00 UTC,709,295,257201020,1.5284722222222222
2018-06-17 00:00:00 UTC,709,294,257201020,1.3901388888888888
2018-06-17 00:00:00 UTC,709,269,257162640,7.1018055555555559
2018-06-17 00:00:00 UTC,709,221,258553000,0.20541666666666666
2018-06-17 00:00:00 UTC,709,222,258553000,0.50222222222222224
2018-06-17 00:00:00 UTC,709,260,257219000,0.46833333333333338
2018-06-17 00:00:00 UTC,709,259,257219000,0.43041666666666661
2018-06-17 00:00:00 UTC,709,299,259576000,0.83444444444444443
2018-06-17 00:00:00 UTC,709,257,257196740,2.2113888888888891
2018-06-17 00:00:00 UTC,709,293,257181140,1.9754166666666666
2018-06-17 00:00:00 UTC,709,159,257825500,0.069027777777777771
2018-06-17 00:00:00 UTC,-315,832,416094500,3.125
2018-06-17 00:00:00 UTC,-315,359,416002865,0.87555555555555564
2018-06-17 00:00:00 UTC,-315,365,416002865,1.3575000000000002
2018-06-17 00:00:00 UTC,-315,364,416002865,1.0084722222222222
2018-06-17 00:00:00 UTC,-315,-1726,576636000,2.6425
2018-06-17 00:00:00 UTC,-315,-1549,576635000,0.98597222222222236
2018-06-17 00:00:00 UTC,-315,-1548,576635000,0.35305555555555557
2018-06-17 00:00:00 UTC,-315,-1550,576635000,0.71680555555555547
2018-06-17 00:00:00 UTC,-315,920,432282000,0.20847222222222223
2018-06-17 00:00:00 UTC,-315,841,412482975,1.5361111111111108
2018-06-17 00:00:00 UTC,-315,840,412482975,1.3920833333333333
2018-06-17 00:00:00 UTC,-315,395,416005307,2.0558333333333332
2018-06-17 00:00:00 UTC,-59,1589,416003074,3.7730555555555556
2018-06-17 00:00:00 UTC,-59,1590,416003074,3.42375
2018-06-17 00:00:00 UTC,-59,1673,412371207,2.2751388888888888
2018-06-17 00:00:00 UTC,-59,1674,412371207,1.1684722222222221
2018-06-17 00:00:00 UTC,-59,1602,416003097,1.9172222222222222
2018-06-17 00:00:00 UTC,-59,-55,412689460,0.70152777777777786
2018-06-17 00:00:00 UTC,-59,-58,412689460,0.62222222222222223
2018-06-17 00:00:00 UTC,-59,-56,412689460,0.61458333333333326
2018-06-17 00:00:00 UTC,-59,-59,412689460,1.2244444444444444
2018-06-17 00:00:00 UTC,-59,-62,412689460,1.0219444444444443
2018-06-17 00:00:00 UTC,-59,-63,412689460,4.0830555555555552
2018-06-17 00:00:00 UTC,-59,-57,412689460,0.50680555555555551
2018-06-17 00:00:00 UTC,-59,1615,416231500,0.99583333333333335
2018-06-17 00:00:00 UTC,-59,1620,416231500,0.89361111111111113
2018-06-17 00:00:00 UTC,-59,1618,416231500,0.61791666666666667
2018-06-17 00:00:00 UTC,-59,1616,416231500,0.96652777777777765
2018-06-17 00:00:00 UTC,-59,1617,416231500,1.2030555555555553
2018-06-17 00:00:00 UTC,-59,1621,416231500,0.90180555555555553
2018-06-17 00:00:00 UTC,-59,1619,416231500,0.72291666666666665
2018-06-17 00:00:00 UTC,-59,1593,416003955,0.37402777777777774
2018-06-17 00:00:00 UTC,-59,1595,416003955,2.5761111111111115
2018-06-17 00:00:00 UTC,-59,1594,416003955,3.118611111111111
2018-06-17 00:00:00 UTC,-59,1597,416003955,0.709861111111111
2018-06-17 00:00:00 UTC,-59,1596,416003955,0.63055555555555554
2018-06-17 00:00:00 UTC,-59,646,533130621,2.2965277777777779
2018-06-17 00:00:00 UTC,-59,-1509,431101320,1.1791666666666667
2018-06-17 00:00:00 UTC,-59,-1507,431101320,0.37319444444444444
2018-06-17 00:00:00 UTC,-59,-1508,431101320,0.59958333333333336
2018-06-17 00:00:00 UTC,-59,-1511,431101320,0.84930555555555554
2018-06-17 00:00:00 UTC,-59,-1512,431101320,1.3990277777777778
2018-06-17 00:00:00 UTC,-59,-1506,431101320,0.24888888888888888
2018-06-17 00:00:00 UTC,-59,-1516,431101320,1.4998611111111111
2018-06-17 00:00:00 UTC,-59,646,416003724,2.3040277777777773
2018-06-17 00:00:00 UTC,-59,647,416003724,2.2918055555555554
2018-06-17 00:00:00 UTC,-59,645,416003724,1.7583333333333333
2018-06-17 00:00:00 UTC,-59,644,416003724,5.5254166666666666
2018-06-17 00:00:00 UTC,-59,648,416003724,1.2029166666666666
2018-06-17 00:00:00 UTC,-59,-1509,577146000,1.7061111111111114
2018-06-17 00:00:00 UTC,-59,-1511,577146000,1.8798611111111114
2018-06-17 00:00:00 UTC,-59,-1508,577146000,2.1945833333333336
2018-06-17 00:00:00 UTC,-59,-1513,577146000,2.5269444444444442
2018-06-17 00:00:00 UTC,-59,-1510,577146000,1.8425000000000002
2018-06-17 00:00:00 UTC,-59,-1512,577146000,2.1138888888888889
2018-06-17 00:00:00 UTC,-59,1601,416234900,3.1688888888888886
2018-06-17 00:00:00 UTC,-59,1607,416004759,1.397777777777778
2018-06-17 00:00:00 UTC,-59,1608,416004759,1.1105555555555555
2018-06-17 00:00:00 UTC,-59,1604,416004043,1.225972222222222
2018-06-17 00:00:00 UTC,-59,1600,416004044,1.8215277777777776
2018-06-17 00:00:00 UTC,-59,1601,416004044,5.784305555555556
2018-06-17 00:00:00 UTC,-59,1602,416004044,1.0354166666666669
2018-06-17 00:00:00 UTC,-59,-73,412699120,0.79416666666666669
2018-06-17 00:00:00 UTC,-59,663,416000251,2.8930555555555557
2018-06-17 00:00:00 UTC,198,-1619,367607880,1.9754166666666664
2018-06-17 00:00:00 UTC,198,-1620,367607880,0.56625
2018-06-17 00:00:00 UTC,198,-1586,367577170,0.26138888888888889
2018-06-17 00:00:00 UTC,198,-1587,367577170,1.8043055555555554
2018-06-17 00:00:00 UTC,198,-1611,367762610,2.1774999999999998
2018-06-17 00:00:00 UTC,198,-1613,367762610,2.4123611111111112
2018-06-17 00:00:00 UTC,198,-1610,367762610,0.87944444444444436
2018-06-17 00:00:00 UTC,198,-1606,367762610,0.50402777777777774
2018-06-17 00:00:00 UTC,198,-1608,367762610,1.36
2018-06-17 00:00:00 UTC,198,-1612,367762610,1.304861111111111
2018-06-17 00:00:00 UTC,198,-1607,367762610,1.3461111111111113
2018-06-17 00:00:00 UTC,198,-1614,367762610,2.6722222222222221
2018-06-17 00:00:00 UTC,198,1409,431501250,5.0187500000000007
2018-06-17 00:00:00 UTC,198,1529,431602128,4.91875
2018-06-17 00:00:00 UTC,198,1520,416002804,1.5933333333333333
2018-06-17 00:00:00 UTC,198,-1611,366721530,0.49916666666666665
2018-06-17 00:00:00 UTC,198,-1609,366721530,2.1141666666666667
2018-06-17 00:00:00 UTC,198,-1608,366721530,0.89541666666666664
2018-06-17 00:00:00 UTC,198,-1610,366721530,0.80902777777777779
2018-06-17 00:00:00 UTC,198,-1607,366721530,0.59291666666666676
2018-06-17 00:00:00 UTC,454,-13,227424000,0.13055555555555556
2018-06-17 00:00:00 UTC,454,-14,227424000,0.18041666666666667
2018-06-17 00:00:00 UTC,454,-21,227817000,2.0541666666666667
2018-06-17 00:00:00 UTC,454,129,247052380,0.25708333333333333
2018-06-17 00:00:00 UTC,454,-1250,368272000,0.93263888888888913
2018-06-17 00:00:00 UTC,454,-33,227418000,7.2479166666666668
2018-06-17 00:00:00 UTC,454,1497,273389460,0.10236111111111111
2018-06-17 00:00:00 UTC,454,1380,273359510,4.1365277777777782
2018-06-17 00:00:00 UTC,454,134,238316440,4.5729166666666687
2018-06-17 00:00:00 UTC,454,-1243,367155110,5.0531944444444443
2018-06-17 00:00:00 UTC,454,-13,227560620,4.036944444444444
2018-06-17 00:00:00 UTC,454,-32,227310000,1.5208333333333333
2018-06-17 00:00:00 UTC,454,-32,228008900,0.23055555555555557
2018-06-17 00:00:00 UTC,454,-561,316023543,5.6195833333333329
2018-06-17 00:00:00 UTC,710,216,258410000,1.9697222222222224
2018-06-17 00:00:00 UTC,710,217,258410000,0.36972222222222217
2018-06-17 00:00:00 UTC,710,215,258410000,1.5813888888888887
2018-06-17 00:00:00 UTC,710,203,257560600,0.38527777777777777
2018-06-17 00:00:00 UTC,710,208,257560600,0.48847222222222225
2018-06-17 00:00:00 UTC,710,204,257560600,2.1565277777777778
2018-06-17 00:00:00 UTC,710,205,257560600,0.57819444444444446
2018-06-17 00:00:00 UTC,710,271,257337120,0.94097222222222232
2018-06-17 00:00:00 UTC,710,273,257655600,0.67375
2018-06-17 00:00:00 UTC,710,272,257655600,0.34180555555555558
2018-06-17 00:00:00 UTC,710,217,257267000,0.41611111111111115
2018-06-17 00:00:00 UTC,710,211,257267000,0.41569444444444442
2018-06-17 00:00:00 UTC,710,213,257267000,0.66888888888888876
2018-06-17 00:00:00 UTC,710,212,257267000,1.28375
2018-06-17 00:00:00 UTC,710,290,257031510,0.17597222222222222
2018-06-17 00:00:00 UTC,710,289,257031510,0.65083333333333337
2018-06-17 00:00:00 UTC,710,288,257031510,0.32083333333333336
2018-06-17 00:00:00 UTC,710,240,257747800,3.4740277777777777
2018-06-17 00:00:00 UTC,710,216,257317000,1.1304166666666666
2018-06-17 00:00:00 UTC,710,217,257317000,0.73249999999999993
2018-06-17 00:00:00 UTC,710,214,257317000,0.33055555555555555
2018-06-17 00:00:00 UTC,710,270,257162640,0.40611111111111109
2018-06-17 00:00:00 UTC,710,271,257162640,0.17694444444444446
2018-06-17 00:00:00 UTC,710,206,257209000,0.79833333333333334
2018-06-17 00:00:00 UTC,710,205,257209000,0.48152777777777778
2018-06-17 00:00:00 UTC,710,204,257209000,0.87055555555555553
2018-06-17 00:00:00 UTC,-314,832,416094500,3.3916666666666671
2018-06-17 00:00:00 UTC,-314,367,416002865,1.43375
2018-06-17 00:00:00 UTC,-314,360,416002865,0.81722222222222218
2018-06-17 00:00:00 UTC,-314,363,416002865,0.81347222222222215
2018-06-17 00:00:00 UTC,-314,366,416002865,1.9641666666666666
2018-06-17 00:00:00 UTC,-314,359,416002865,2.27625
2018-06-17 00:00:00 UTC,-314,361,416002865,0.56638888888888883
2018-06-17 00:00:00 UTC,-314,362,416002865,0.89402777777777764
2018-06-17 00:00:00 UTC,-314,360,416005233,0.98638888888888887
2018-06-17 00:00:00 UTC,-314,362,416005233,1.4109722222222221
2018-06-17 00:00:00 UTC,-314,361,416005233,0.7088888888888889
2018-06-17 00:00:00 UTC,-314,363,416005233,3.2033333333333331
2018-06-17 00:00:00 UTC,-314,-1552,576635000,0.86347222222222231
2018-06-17 00:00:00 UTC,-314,-1551,576635000,0.20694444444444443
2018-06-17 00:00:00 UTC,-314,841,412482975,1.9752777777777777
2018-06-17 00:00:00 UTC,-314,395,416005307,3.2418055555555556
2018-06-17 00:00:00 UTC,-314,924,431448000,0.95361111111111141
2018-06-17 00:00:00 UTC,-314,925,431448000,0.86611111111111116
2018-06-17 00:00:00 UTC,-314,927,431448000,0.18263888888888888
2018-06-17 00:00:00 UTC,-314,923,431448000,0.19291666666666665
2018-06-17 00:00:00 UTC,-314,928,431448000,0.061666666666666668
2018-06-17 00:00:00 UTC,-58,1589,416003074,3.25375
2018-06-17 00:00:00 UTC,-58,1670,412371207,0.56097222222222221
2018-06-17 00:00:00 UTC,-58,1674,412371207,3.7138888888888903
2018-06-17 00:00:00 UTC,-58,1672,412371207,2.4393055555555554
2018-06-17 00:00:00 UTC,-58,1671,412371207,1.9213888888888888
2018-06-17 00:00:00 UTC,-58,1673,412371207,0.9125
2018-06-17 00:00:00 UTC,-58,1603,416003097,0.48305555555555557
2018-06-17 00:00:00 UTC,-58,1602,416003097,4.7120833333333332
2018-06-17 00:00:00 UTC,-58,1563,431602240,0.15416666666666667
2018-06-17 00:00:00 UTC,-58,1562,431602240,0.51277777777777778
2018-06-17 00:00:00 UTC,-58,1377,525200200,15.789166666666667
2018-06-17 00:00:00 UTC,-58,1606,416239700,0.88625
2018-06-17 00:00:00 UTC,-58,1603,416239700,0.83597222222222223
2018-06-17 00:00:00 UTC,-58,1604,416239700,0.76333333333333331
2018-06-17 00:00:00 UTC,-58,1605,416239700,0.85875
2018-06-17 00:00:00 UTC,-58,1607,416239700,2.0711111111111111
2018-06-17 00:00:00 UTC,-58,638,416000633,2.1852777777777779
2018-06-17 00:00:00 UTC,-58,648,533130621,1.8169444444444445
2018-06-17 00:00:00 UTC,-58,647,533130621,1.3651388888888889
2018-06-17 00:00:00 UTC,-58,-1515,431101320,4.9979166666666677
2018-06-17 00:00:00 UTC,-58,-1516,431101320,0.67666666666666664
2018-06-17 00:00:00 UTC,-58,645,416003724,1.194722222222222
2018-06-17 00:00:00 UTC,-58,646,416003724,1.1511111111111112
2018-06-17 00:00:00 UTC,-58,648,416003724,0.77236111111111116
2018-06-17 00:00:00 UTC,-58,647,416003724,0.95402777777777781
2018-06-17 00:00:00 UTC,-58,-1517,431500430,0.61999999999999988
2018-06-17 00:00:00 UTC,-58,-1512,577146000,1.3575
2018-06-17 00:00:00 UTC,-58,-1511,577146000,0.58763888888888893
2018-06-17 00:00:00 UTC,-58,-1509,577146000,0.58958333333333335
2018-06-17 00:00:00 UTC,-58,-1506,577146000,0.34277777777777774
2018-06-17 00:00:00 UTC,-58,-1507,577146000,2.4181944444444441
2018-06-17 00:00:00 UTC,-58,-1508,577146000,1.7261111111111109
2018-06-17 00:00:00 UTC,-58,-1510,577146000,0.33611111111111114
2018-06-17 00:00:00 UTC,-58,1602,416234900,2.7355555555555555
2018-06-17 00:00:00 UTC,-58,1601,416234900,1.0905555555555555
2018-06-17 00:00:00 UTC,-58,-1167,416004502,2.3491666666666666
2018-06-17 00:00:00 UTC,-58,-1168,416004502,0.70124999999999993
2018-06-17 00:00:00 UTC,-58,1607,416004759,2.3115277777777781
2018-06-17 00:00:00 UTC,-58,1608,416004759,0.7961111111111111
2018-06-17 00:00:00 UTC,-58,1604,416004043,0.46513888888888888
2018-06-17 00:00:00 UTC,-58,1601,416004044,2.992777777777778
2018-06-17 00:00:00 UTC,-58,1600,416004044,1.9641666666666668
2018-06-17 00:00:00 UTC,-58,1602,416004044,0.83819444444444446
2018-06-17 00:00:00 UTC,-58,-968,735057642,1.8747222222222222
2018-06-17 00:00:00 UTC,-58,-967,735057642,0.22833333333333333
2018-06-17 00:00:00 UTC,-58,-327,710000375,0.9375
2018-06-17 00:00:00 UTC,-58,-329,710000375,0.53319444444444442
2018-06-17 00:00:00 UTC,-58,-328,710000375,0.99611111111111117
2018-06-17 00:00:00 UTC,-58,-326,710000375,4.8954166666666667
2018-06-17 00:00:00 UTC,199,1409,431500370,7.355833333333333
2018-06-17 00:00:00 UTC,199,1410,431500370,16.985694444444444
2018-06-17 00:00:00 UTC,199,1500,431602316,2.1043055555555554
2018-06-17 00:00:00 UTC,199,1501,431602316,0.12597222222222221
2018-06-17 00:00:00 UTC,199,1507,431602316,0.38888888888888884
2018-06-17 00:00:00 UTC,199,-1606,367762610,0.39819444444444446
2018-06-17 00:00:00 UTC,199,-1605,367762610,0.76624999999999988
2018-06-17 00:00:00 UTC,199,-1604,367762610,0.58791666666666664
2018-06-17 00:00:00 UTC,199,1527,431602128,0.4622222222222222
2018-06-17 00:00:00 UTC,199,1528,431602128,0.74611111111111117
2018-06-17 00:00:00 UTC,199,-1609,366721530,1.9115277777777777
2018-06-17 00:00:00 UTC,199,-1612,366721530,1.569722222222222
2018-06-17 00:00:00 UTC,199,-1611,366721530,2.978472222222222
2018-06-17 00:00:00 UTC,199,-1608,366721530,2.0068055555555553
2018-06-17 00:00:00 UTC,199,-1613,366721530,1.3116666666666665
2018-06-17 00:00:00 UTC,199,-1610,366721530,1.8512500000000003
2018-06-17 00:00:00 UTC,455,-17,227582000,5.7005555555555558
2018-06-17 00:00:00 UTC,455,136,278526000,0.74416666666666675
2018-06-17 00:00:00 UTC,455,135,278526000,0.83361111111111119
2018-06-17 00:00:00 UTC,455,-14,227469170,8.7970833333333314
2018-06-17 00:00:00 UTC,455,-13,227469170,0.30819444444444444
2018-06-17 00:00:00 UTC,455,-33,227418000,1.0301388888888889
2018-06-17 00:00:00 UTC,455,-34,227418000,2.5415277777777776
2018-06-17 00:00:00 UTC,455,1381,273359510,5.87
2018-06-17 00:00:00 UTC,455,-14,227560620,1.5541666666666665
2018-06-17 00:00:00 UTC,455,-13,227560620,2.8290277777777781
2018-06-17 00:00:00 UTC,455,-34,227310000,5.2252777777777784
2018-06-17 00:00:00 UTC,455,-33,227310000,7.2020833333333334
2018-06-17 00:00:00 UTC,455,-19,227309000,6.1630555555555562
2018-06-17 00:00:00 UTC,455,-20,227309000,0.975
2018-06-17 00:00:00 UTC,455,-561,316023543,5.6584722222222217
2018-06-17 00:00:00 UTC,711,218,258410000,8.3501388888888872
2018-06-17 00:00:00 UTC,711,217,258410000,5.3325000000000005
2018-06-17 00:00:00 UTC,711,219,258410000,1.8512500000000003
2018-06-17 00:00:00 UTC,711,215,258410000,0.37805555555555559
2018-06-17 00:00:00 UTC,711,216,258410000,0.64972222222222231
2018-06-17 00:00:00 UTC,711,207,257560600,0.12597222222222221
2018-06-17 00:00:00 UTC,711,204,257560600,0.51347222222222222
2018-06-17 00:00:00 UTC,711,209,257560600,2.3272222222222223
2018-06-17 00:00:00 UTC,711,201,257560600,1.5472222222222223
2018-06-17 00:00:00 UTC,711,206,257560600,0.5330555555555555
2018-06-17 00:00:00 UTC,711,203,257560600,1.7672222222222222
2018-06-17 00:00:00 UTC,711,212,257560600,0.64291666666666669
2018-06-17 00:00:00 UTC,711,211,257560600,0.46791666666666665
2018-06-17 00:00:00 UTC,711,210,257560600,0.44041666666666668
2018-06-17 00:00:00 UTC,711,200,257560600,0.80861111111111117
2018-06-17 00:00:00 UTC,711,205,257560600,0.74708333333333332
2018-06-17 00:00:00 UTC,711,202,257560600,0.47222222222222221
2018-06-17 00:00:00 UTC,711,279,257337120,0.2623611111111111
2018-06-17 00:00:00 UTC,711,274,257337120,0.34958333333333336
2018-06-17 00:00:00 UTC,711,273,257337120,0.68763888888888891
2018-06-17 00:00:00 UTC,711,275,257655600,9.7468055555555573
2018-06-17 00:00:00 UTC,711,273,257655600,3.9001388888888888
2018-06-17 00:00:00 UTC,711,276,257655600,0.67805555555555552
2018-06-17 00:00:00 UTC,711,272,257655600,6.757083333333334
2018-06-17 00:00:00 UTC,711,274,257655600,0.44541666666666668
2018-06-17 00:00:00 UTC,711,213,257267000,1.5216666666666667
2018-06-17 00:00:00 UTC,711,210,257267000,0.26986111111111111
2018-06-17 00:00:00 UTC,711,215,257267000,1.3572222222222223
2018-06-17 00:00:00 UTC,711,212,257267000,0.54152777777777772
2018-06-17 00:00:00 UTC,711,216,257267000,1.5912499999999998
2018-06-17 00:00:00 UTC,711,211,257267000,0.33125000000000004
2018-06-17 00:00:00 UTC,711,214,257267000,2.0419444444444443
2018-06-17 00:00:00 UTC,711,218,257267000,2.0569444444444445
2018-06-17 00:00:00 UTC,711,217,257267000,2.2825
2018-06-17 00:00:00 UTC,711,359,259474000,2.7249999999999996
2018-06-17 00:00:00 UTC,711,362,259474000,2.51625
2018-06-17 00:00:00 UTC,711,361,259474000,8.1116666666666681
2018-06-17 00:00:00 UTC,711,358,259474000,2.9016666666666664
2018-06-17 00:00:00 UTC,711,290,257031510,0.55527777777777776
2018-06-17 00:00:00 UTC,711,283,257031510,0.24083333333333332
2018-06-17 00:00:00 UTC,711,285,257031510,1.1352777777777778
2018-06-17 00:00:00 UTC,711,288,257031510,1.0397222222222222
2018-06-17 00:00:00 UTC,711,289,257031510,0.80555555555555558
2018-06-17 00:00:00 UTC,711,286,257031510,1.4556944444444444
2018-06-17 00:00:00 UTC,711,287,257031510,1.7881944444444446
2018-06-17 00:00:00 UTC,711,240,257747800,3.2490277777777781
2018-06-17 00:00:00 UTC,711,238,257747800,1.8034722222222224
2018-06-17 00:00:00 UTC,711,440,273316960,0.45763888888888887
2018-06-17 00:00:00 UTC,711,437,273316960,0.21375000000000002
2018-06-17 00:00:00 UTC,711,438,273316960,3.4568055555555568
2018-06-17 00:00:00 UTC,711,439,273316960,1.8195833333333329
2018-06-17 00:00:00 UTC,711,438,251153000,0.78125000000000011
2018-06-17 00:00:00 UTC,711,437,251153000,0.51569444444444446
2018-06-17 00:00:00 UTC,711,170,258128000,0.86361111111111111
2018-06-17 00:00:00 UTC,711,168,258128000,7.4183333333333392
2018-06-17 00:00:00 UTC,711,167,258128000,0.46916666666666662
2018-06-17 00:00:00 UTC,711,169,258128000,3.5151388888888886
2018-06-17 00:00:00 UTC,711,214,257317000,0.71791666666666665
2018-06-17 00:00:00 UTC,711,218,257317000,2.6576388888888891
2018-06-17 00:00:00 UTC,711,213,257317000,0.57208333333333328
2018-06-17 00:00:00 UTC,711,217,257317000,2.326944444444444
2018-06-17 00:00:00 UTC,711,207,257317000,2.4609722222222223
2018-06-17 00:00:00 UTC,711,216,257317000,1.9606944444444447
2018-06-17 00:00:00 UTC,711,215,257317000,1.3533333333333335
2018-06-17 00:00:00 UTC,711,283,257405320,1.0415277777777776
2018-06-17 00:00:00 UTC,711,217,258778000,2.5690277777777779
2018-06-17 00:00:00 UTC,711,216,258778000,2.0733333333333333
2018-06-17 00:00:00 UTC,711,215,258778000,1.3340277777777778
2018-06-17 00:00:00 UTC,711,218,258778000,1.5466666666666664
2018-06-17 00:00:00 UTC,711,213,258778000,1.2280555555555555
2018-06-17 00:00:00 UTC,711,212,258778000,0.33291666666666664
2018-06-17 00:00:00 UTC,711,214,258778000,1.7826388888888889
2018-06-17 00:00:00 UTC,711,437,273550500,1.2033333333333334
2018-06-17 00:00:00 UTC,711,436,273550500,0.39069444444444446
2018-06-17 00:00:00 UTC,711,268,257305000,0.26097222222222222
2018-06-17 00:00:00 UTC,711,266,257305000,4.18486111111111
2018-06-17 00:00:00 UTC,711,267,257305000,4.42986111111111
2018-06-17 00:00:00 UTC,711,203,257209000,3.5195833333333342
2018-06-17 00:00:00 UTC,711,206,257209000,1.62375
2018-06-17 00:00:00 UTC,711,200,257209000,0.96180555555555558
2018-06-17 00:00:00 UTC,711,205,257209000,1.2055555555555553
2018-06-17 00:00:00 UTC,711,204,257209000,3.4208333333333343
2018-06-17 00:00:00 UTC,711,207,257209000,0.97236111111111112
2018-06-17 00:00:00 UTC,711,202,257209000,1.3747222222222222
2018-06-17 00:00:00 UTC,711,266,258147000,0.44138888888888889
2018-06-17 00:00:00 UTC,711,436,251063000,0.56152777777777785
2018-06-17 00:00:00 UTC,711,438,251063000,0.17777777777777778
2018-06-17 00:00:00 UTC,711,437,251063000,1.6818055555555553
2018-06-17 00:00:00 UTC,711,437,251318000,1.3805555555555555
2018-06-17 00:00:00 UTC,711,435,251318000,0.23736111111111113
2018-06-17 00:00:00 UTC,711,436,251318000,1.0527777777777778
2018-06-17 00:00:00 UTC,711,438,251318000,1.15625
2018-06-17 00:00:00 UTC,711,236,257963000,0.21375
2018-06-17 00:00:00 UTC,711,243,257963000,0.3041666666666667
2018-06-17 00:00:00 UTC,711,237,257963000,0.71888888888888891
2018-06-17 00:00:00 UTC,711,249,257963000,0.40138888888888891
2018-06-17 00:00:00 UTC,711,250,257963000,1.7212500000000002
2018-06-17 00:00:00 UTC,711,242,257963000,0.2361111111111111
2018-06-17 00:00:00 UTC,711,238,257963000,0.96666666666666667
2018-06-17 00:00:00 UTC,711,247,257963000,1.6868055555555559
2018-06-17 00:00:00 UTC,711,253,257963000,0.22069444444444444
2018-06-17 00:00:00 UTC,711,246,257963000,0.90333333333333332
2018-06-17 00:00:00 UTC,711,248,257963000,0.24833333333333335
2018-06-17 00:00:00 UTC,711,251,257963000,1.2312500000000004
2018-06-17 00:00:00 UTC,-313,161,601493000,1.1062500000000002
2018-06-17 00:00:00 UTC,-313,162,601493000,1.4915277777777776
2018-06-17 00:00:00 UTC,-313,1536,503007240,1.1215277777777777
2018-06-17 00:00:00 UTC,-313,1535,503007240,1.8265277777777778
2018-06-17 00:00:00 UTC,-313,376,224197150,0.065138888888888885
2018-06-17 00:00:00 UTC,-313,379,224197150,0.525
2018-06-17 00:00:00 UTC,-313,374,224197150,0.30402777777777779
2018-06-17 00:00:00 UTC,-313,375,224197150,0.79347222222222247
2018-06-17 00:00:00 UTC,-313,378,224197150,0.25694444444444442
2018-06-17 00:00:00 UTC,-313,377,224197150,0.40069444444444458
2018-06-17 00:00:00 UTC,-313,370,416002865,2.3577777777777773
2018-06-17 00:00:00 UTC,-313,368,416002865,2.2384722222222222
2018-06-17 00:00:00 UTC,-313,369,416002865,3.6255555555555552
2018-06-17 00:00:00 UTC,-313,371,416002865,3.6658333333333331
2018-06-17 00:00:00 UTC,-313,-1727,576636000,2.33
2018-06-17 00:00:00 UTC,-313,-1583,416242800,0.74902777777777785
2018-06-17 00:00:00 UTC,-313,370,416005233,1.5058333333333334
2018-06-17 00:00:00 UTC,-313,365,416005233,1.2033333333333334
2018-06-17 00:00:00 UTC,-313,359,416005233,2.5075000000000003
2018-06-17 00:00:00 UTC,-313,368,416005233,0.26763888888888887
2018-06-17 00:00:00 UTC,-313,360,416005233,0.63791666666666669
2018-06-17 00:00:00 UTC,-313,371,416005233,0.69722222222222219
2018-06-17 00:00:00 UTC,-313,363,416005233,0.31458333333333333
2018-06-17 00:00:00 UTC,-313,361,416005233,1.7963888888888886
2018-06-17 00:00:00 UTC,-313,362,416005233,0.66916666666666669
2018-06-17 00:00:00 UTC,-313,369,416005233,0.6958333333333333
2018-06-17 00:00:00 UTC,-313,364,416005233,0.82638888888888884
2018-06-17 00:00:00 UTC,-313,-1554,576635000,0.35527777777777775
2018-06-17 00:00:00 UTC,-313,-1555,576635000,0.3561111111111111
2018-06-17 00:00:00 UTC,-313,-1553,576635000,0.63027777777777783
2018-06-17 00:00:00 UTC,-313,841,412482975,2.2122222222222225
2018-06-17 00:00:00 UTC,-313,923,431448000,0.94847222222222238
2018-06-17 00:00:00 UTC,-57,1671,412371207,0.84888888888888892
2018-06-17 00:00:00 UTC,-57,1672,412371207,0.22763888888888889
2018-06-17 00:00:00 UTC,-57,1670,412371207,1.0454166666666667
2018-06-17 00:00:00 UTC,-57,1674,412371207,4.4425
2018-06-17 00:00:00 UTC,-57,1377,886655000,11.22875
2018-06-17 00:00:00 UTC,-57,1603,416003097,0.21486111111111111
2018-06-17 00:00:00 UTC,-57,1604,416003097,0.61305555555555558
2018-06-17 00:00:00 UTC,-57,1602,416003097,2.0595833333333333
2018-06-17 00:00:00 UTC,-57,1564,431602240,0.99208333333333343
2018-06-17 00:00:00 UTC,-57,1565,431602240,1.5593055555555555
2018-06-17 00:00:00 UTC,-57,1566,431602240,0.89180555555555552
2018-06-17 00:00:00 UTC,-57,1563,431602240,1.5274999999999999
2018-06-17 00:00:00 UTC,-57,1562,431602240,1.4865277777777774
2018-06-17 00:00:00 UTC,-57,1561,431602240,0.59791666666666665
2018-06-17 00:00:00 UTC,-57,-1309,412205140,1.9476388888888889
2018-06-17 00:00:00 UTC,-57,-1306,412205140,0.606388888888889
2018-06-17 00:00:00 UTC,-57,-1307,412205140,1.4865277777777779
2018-06-17 00:00:00 UTC,-57,-1308,412205140,1.7115277777777778
2018-06-17 00:00:00 UTC,-57,639,416000633,2.3631944444444444
2018-06-17 00:00:00 UTC,-57,638,416000633,0.765
2018-06-17 00:00:00 UTC,-57,637,416000633,2.6030555555555557
2018-06-17 00:00:00 UTC,-57,647,533130619,1.4113888888888888
2018-06-17 00:00:00 UTC,-57,648,533130619,1.357361111111111
2018-06-17 00:00:00 UTC,-57,647,533130621,3.3172222222222221
2018-06-17 00:00:00 UTC,-57,640,533130621,1.875
2018-06-17 00:00:00 UTC,-57,641,533130621,0.78583333333333338
2018-06-17 00:00:00 UTC,-57,642,533130621,1.4206944444444445
2018-06-17 00:00:00 UTC,-57,643,533130621,1.1973611111111111
2018-06-17 00:00:00 UTC,-57,646,533130621,1.6081944444444445
2018-06-17 00:00:00 UTC,-57,645,533130621,3.1613888888888892
2018-06-17 00:00:00 UTC,-57,644,533130621,2.44375
2018-06-17 00:00:00 UTC,-57,-1514,431101320,0.42527777777777775
2018-06-17 00:00:00 UTC,-57,644,416003724,0.73680555555555549
2018-06-17 00:00:00 UTC,-57,-1510,577146000,0.081805555555555548
2018-06-17 00:00:00 UTC,-57,1601,416234900,2.818888888888889
2018-06-17 00:00:00 UTC,-57,1602,416234900,3.1411111111111114
2018-06-17 00:00:00 UTC,-57,-1168,416004502,2.0659722222222223
2018-06-17 00:00:00 UTC,-57,1607,416004759,3.7175
2018-06-17 00:00:00 UTC,-57,1603,416004043,0.53527777777777774
2018-06-17 00:00:00 UTC,-57,1604,416004043,0.64666666666666672
2018-06-17 00:00:00 UTC,-57,1600,416004044,1.3356944444444445
2018-06-17 00:00:00 UTC,-57,1601,416004044,2.1218055555555555
2018-06-17 00:00:00 UTC,-57,1602,416004044,0.59486111111111106
2018-06-17 00:00:00 UTC,-57,646,533130701,5.0065277777777775
2018-06-17 00:00:00 UTC,-57,-969,735057642,0.84972222222222227
2018-06-17 00:00:00 UTC,-57,-967,735057642,2.0736111111111111
2018-06-17 00:00:00 UTC,-57,-320,710000375,4.73625
2018-06-17 00:00:00 UTC,-57,-321,710000375,0.7336111111111111
2018-06-17 00:00:00 UTC,-57,-322,710000375,1.2976388888888888
2018-06-17 00:00:00 UTC,200,1407,431600140,11.67125
2018-06-17 00:00:00 UTC,200,-172,412280947,2.2736111111111112
2018-06-17 00:00:00 UTC,200,1509,431602316,2.0098611111111113
2018-06-17 00:00:00 UTC,200,1505,431602316,1.2273611111111111
2018-06-17 00:00:00 UTC,200,1507,431602316,2.6433333333333335
2018-06-17 00:00:00 UTC,200,1503,431602316,1.5129166666666667
2018-06-17 00:00:00 UTC,200,1504,431602316,1.7919444444444443
2018-06-17 00:00:00 UTC,200,1502,431602316,2.5859722222222219
2018-06-17 00:00:00 UTC,200,1506,431602316,1.4387499999999998
2018-06-17 00:00:00 UTC,200,-1604,367762610,0.3676388888888889
2018-06-17 00:00:00 UTC,200,-1603,367762610,0.49861111111111112
2018-06-17 00:00:00 UTC,200,1526,431602128,0.52583333333333337
2018-06-17 00:00:00 UTC,200,1527,431602128,0.52805555555555561
2018-06-17 00:00:00 UTC,200,-1612,366721530,3.0198611111111111
2018-06-17 00:00:00 UTC,456,137,247031820,1.0994444444444444
2018-06-17 00:00:00 UTC,456,136,247031570,1.7506944444444446
2018-06-17 00:00:00 UTC,456,136,247051040,0.80236111111111119
2018-06-17 00:00:00 UTC,456,-14,227582000,1.3488888888888888
2018-06-17 00:00:00 UTC,456,-20,227582000,1.7306944444444445
2018-06-17 00:00:00 UTC,456,-13,227582000,3.6454166666666659
2018-06-17 00:00:00 UTC,456,-15,227582000,0.30638888888888888
2018-06-17 00:00:00 UTC,456,-16,227582000,1.1316666666666666
2018-06-17 00:00:00 UTC,456,-17,227582000,3.8676388888888882
2018-06-17 00:00:00 UTC,456,-19,227582000,2.0748611111111113
2018-06-17 00:00:00 UTC,456,136,278526000,4.1488888888888891
2018-06-17 00:00:00 UTC,456,135,278526000,1.3513888888888885
2018-06-17 00:00:00 UTC,456,-18,228979000,3.1361111111111111
2018-06-17 00:00:00 UTC,456,135,247031880,2.0459722222222223
2018-06-17 00:00:00 UTC,456,-14,228101000,0.54472222222222222
2018-06-17 00:00:00 UTC,456,-13,228101000,2.6941666666666668
2018-06-17 00:00:00 UTC,456,1381,273359510,1.4708333333333332
2018-06-17 00:00:00 UTC,456,1382,273359510,12.539027777777777
2018-06-17 00:00:00 UTC,456,136,247031710,0.85569444444444442
2018-06-17 00:00:00 UTC,456,133,247071170,0.41055555555555556
2018-06-17 00:00:00 UTC,712,218,258410000,1.1305555555555553
2018-06-17 00:00:00 UTC,712,219,258410000,2.3043055555555561
2018-06-17 00:00:00 UTC,712,209,257560600,0.39
2018-06-17 00:00:00 UTC,712,207,257560600,1.9477777777777778
2018-06-17 00:00:00 UTC,712,208,257560600,0.51013888888888892
2018-06-17 00:00:00 UTC,712,206,257560600,1.6741666666666668
2018-06-17 00:00:00 UTC,712,210,257267000,0.3575
2018-06-17 00:00:00 UTC,712,207,257267000,0.56444444444444442
2018-06-17 00:00:00 UTC,712,208,257267000,0.56819444444444445
2018-06-17 00:00:00 UTC,712,211,257267000,0.44361111111111112
2018-06-17 00:00:00 UTC,712,209,257267000,0.56375
2018-06-17 00:00:00 UTC,712,218,257267000,0.74500000000000011
2018-06-17 00:00:00 UTC,712,360,259474000,2.1004166666666668
2018-06-17 00:00:00 UTC,712,361,259474000,5.0747222222222224
2018-06-17 00:00:00 UTC,712,363,259474000,2.4065277777777778
2018-06-17 00:00:00 UTC,712,279,257031510,0.76111111111111107
2018-06-17 00:00:00 UTC,712,273,257031510,0.71055555555555561
2018-06-17 00:00:00 UTC,712,276,257031510,0.50972222222222219
2018-06-17 00:00:00 UTC,712,277,257031510,0.788888888888889
2018-06-17 00:00:00 UTC,712,278,257031510,0.73166666666666669
2018-06-17 00:00:00 UTC,712,274,257031510,0.68055555555555558
2018-06-17 00:00:00 UTC,712,282,257031510,1.0066666666666668
2018-06-17 00:00:00 UTC,712,281,257031510,0.53916666666666668
2018-06-17 00:00:00 UTC,712,275,257031510,0.65277777777777779
2018-06-17 00:00:00 UTC,712,283,257031510,0.2623611111111111
2018-06-17 00:00:00 UTC,712,280,257031510,0.72791666666666666
2018-06-17 00:00:00 UTC,712,440,273316960,0.4368055555555555
2018-06-17 00:00:00 UTC,712,439,273316960,4.3204166666666648
2018-06-17 00:00:00 UTC,712,438,273316960,2.9291666666666667
2018-06-17 00:00:00 UTC,712,437,273316960,1.4909722222222221
2018-06-17 00:00:00 UTC,712,438,251153000,0.22472222222222221
2018-06-17 00:00:00 UTC,712,435,251153000,1.2862500000000001
2018-06-17 00:00:00 UTC,712,439,251153000,1.4308333333333336
2018-06-17 00:00:00 UTC,712,437,251153000,2.4136111111111109
2018-06-17 00:00:00 UTC,712,434,251153000,0.71972222222222215
2018-06-17 00:00:00 UTC,712,436,251153000,1.6344444444444446
2018-06-17 00:00:00 UTC,712,225,257039740,0.55722222222222229
2018-06-17 00:00:00 UTC,712,167,258128000,0.29930555555555555
2018-06-17 00:00:00 UTC,712,168,258128000,0.79611111111111121
2018-06-17 00:00:00 UTC,712,218,257317000,0.088333333333333333
2018-06-17 00:00:00 UTC,712,204,257317000,1.6104166666666666
2018-06-17 00:00:00 UTC,712,205,257317000,2.3458333333333332
2018-06-17 00:00:00 UTC,712,206,257317000,2.4058333333333328
2018-06-17 00:00:00 UTC,712,207,257317000,1.1934722222222223
2018-06-17 00:00:00 UTC,712,206,258778000,2.8170833333333336
2018-06-17 00:00:00 UTC,712,218,258778000,1.1459722222222224
2018-06-17 00:00:00 UTC,712,219,258778000,0.043888888888888894
2018-06-17 00:00:00 UTC,712,205,258778000,2.6238888888888892
2018-06-17 00:00:00 UTC,712,204,258778000,0.7929166666666666
2018-06-17 00:00:00 UTC,712,207,258778000,2.4802777777777782
2018-06-17 00:00:00 UTC,712,431,273550500,1.1233333333333333
2018-06-17 00:00:00 UTC,712,433,273550500,1.5381944444444444
2018-06-17 00:00:00 UTC,712,439,273550500,0.56013888888888885
2018-06-17 00:00:00 UTC,712,434,273550500,1.8654166666666665
2018-06-17 00:00:00 UTC,712,436,273550500,1.0897222222222223
2018-06-17 00:00:00 UTC,712,430,273550500,0.90069444444444424
2018-06-17 00:00:00 UTC,712,440,273550500,0.11486111111111111
2018-06-17 00:00:00 UTC,712,435,273550500,2.0365277777777777
2018-06-17 00:00:00 UTC,712,432,273550500,1.0183333333333333
2018-06-17 00:00:00 UTC,712,445,273370020,2.2126388888888884
2018-06-17 00:00:00 UTC,712,199,257209000,0.76930555555555558
2018-06-17 00:00:00 UTC,712,200,257209000,0.66986111111111113
2018-06-17 00:00:00 UTC,712,435,251063000,1.1754166666666663
2018-06-17 00:00:00 UTC,712,437,251063000,0.557638888888889
2018-06-17 00:00:00 UTC,712,434,251063000,1.0613888888888887
2018-06-17 00:00:00 UTC,712,436,251063000,0.71777777777777785
2018-06-17 00:00:00 UTC,712,432,251063000,0.97361111111111109
2018-06-17 00:00:00 UTC,712,439,251063000,1.1558333333333333
2018-06-17 00:00:00 UTC,712,438,251063000,2.3041666666666667
2018-06-17 00:00:00 UTC,712,433,251063000,1.0241666666666667
2018-06-17 00:00:00 UTC,712,438,251318000,3.2161111111111103
2018-06-17 00:00:00 UTC,712,437,251318000,2.8409722222222213
2018-06-17 00:00:00 UTC,712,436,251318000,1.2361111111111112
2018-06-17 00:00:00 UTC,712,435,251318000,0.15375
2018-06-17 00:00:00 UTC,712,439,251318000,1.5558333333333336
2018-06-17 00:00:00 UTC,712,249,257963000,0.77902777777777765
2018-06-17 00:00:00 UTC,712,247,257963000,0.48875
2018-06-17 00:00:00 UTC,712,251,257963000,1.3572222222222223
2018-06-17 00:00:00 UTC,712,252,257963000,0.50486111111111109
2018-06-17 00:00:00 UTC,712,250,257963000,3.870277777777777
2018-06-17 00:00:00 UTC,-312,159,601493000,1.7625000000000002
2018-06-17 00:00:00 UTC,-312,161,601493000,0.6216666666666667
2018-06-17 00:00:00 UTC,-312,157,601493000,0.29319444444444442
2018-06-17 00:00:00 UTC,-312,160,601493000,1.796388888888889
2018-06-17 00:00:00 UTC,-312,158,601493000,2.3145833333333337
2018-06-17 00:00:00 UTC,-312,1535,503007240,4.222083333333333
2018-06-17 00:00:00 UTC,-312,375,224197150,2.8383333333333329
2018-06-17 00:00:00 UTC,-312,374,224197150,0.11124999999999999
2018-06-17 00:00:00 UTC,-312,376,224197150,0.57680555555555557
2018-06-17 00:00:00 UTC,-312,-1726,576636000,0.55458333333333332
2018-06-17 00:00:00 UTC,-312,-1727,576636000,2.1412500000000003
2018-06-17 00:00:00 UTC,-312,-1728,576636000,0.43986111111111115
2018-06-17 00:00:00 UTC,-312,360,416005233,0.80624999999999991
2018-06-17 00:00:00 UTC,-312,369,416005233,0.74777777777777776
2018-06-17 00:00:00 UTC,-312,367,416005233,1.1402777777777777
2018-06-17 00:00:00 UTC,-312,365,416005233,0.74916666666666665
2018-06-17 00:00:00 UTC,-312,366,416005233,0.83263888888888893
2018-06-17 00:00:00 UTC,-312,368,416005233,2.33125
2018-06-17 00:00:00 UTC,-312,-1561,576635000,0.38347222222222221
2018-06-17 00:00:00 UTC,-312,-1556,576635000,1.3558333333333334
2018-06-17 00:00:00 UTC,-312,-1555,576635000,0.3288888888888889
2018-06-17 00:00:00 UTC,-312,841,412482975,4.4665277777777774
2018-06-17 00:00:00 UTC,-56,1674,412371207,2.12
2018-06-17 00:00:00 UTC,-56,1673,412371207,0.75819444444444439
2018-06-17 00:00:00 UTC,-56,1672,412371207,1.7443055555555549
2018-06-17 00:00:00 UTC,-56,1604,416003097,0.87555555555555553
2018-06-17 00:00:00 UTC,-56,1603,416003097,3.0348611111111112
2018-06-17 00:00:00 UTC,-56,-1510,577246000,2.255694444444444
2018-06-17 00:00:00 UTC,-56,-1509,577246000,1.2572222222222222
2018-06-17 00:00:00 UTC,-56,-1511,577246000,2.4018055555555553
2018-06-17 00:00:00 UTC,-56,91,353171000,4.3268055555555556
2018-06-17 00:00:00 UTC,-56,1561,431602240,1.669027777777778
2018-06-17 00:00:00 UTC,-56,-1304,412205140,0.018611111111111113
2018-06-17 00:00:00 UTC,-56,-1309,412205140,1.1029166666666665
2018-06-17 00:00:00 UTC,-56,-1308,412205140,0.6575
2018-06-17 00:00:00 UTC,-56,-1307,412205140,0.27458333333333335
2018-06-17 00:00:00 UTC,-56,-1306,412205140,0.59527777777777779
2018-06-17 00:00:00 UTC,-56,-1305,412205140,0.77041666666666675
2018-06-17 00:00:00 UTC,-56,1655,416005482,0.23722222222222222
2018-06-17 00:00:00 UTC,-56,1654,416005482,0.74861111111111112
2018-06-17 00:00:00 UTC,-56,1653,416005482,1.4169444444444446
2018-06-17 00:00:00 UTC,-56,1607,416127600,0.69361111111111118
2018-06-17 00:00:00 UTC,-56,1608,416127600,0.96180555555555558
2018-06-17 00:00:00 UTC,-56,-1477,416052600,2.0473611111111105
2018-06-17 00:00:00 UTC,-56,-1479,416052600,0.6086111111111111
2018-06-17 00:00:00 UTC,-56,-1476,416052600,3.3091666666666666
2018-06-17 00:00:00 UTC,-56,-1478,416052600,1.6631944444444442
2018-06-17 00:00:00 UTC,-56,638,416000633,2.90125
2018-06-17 00:00:00 UTC,-56,636,416000633,4.8927777777777779
2018-06-17 00:00:00 UTC,-56,639,416000633,2.6494444444444443
2018-06-17 00:00:00 UTC,-56,649,533130619,1.3090277777777777
2018-06-17 00:00:00 UTC,-56,648,533130619,1.4018055555555555
2018-06-17 00:00:00 UTC,-56,644,533130621,4.7022222222222219
2018-06-17 00:00:00 UTC,-56,-1513,431101320,1.5256944444444445
2018-06-17 00:00:00 UTC,-56,-1512,431101320,2.7484722222222224
2018-06-17 00:00:00 UTC,-56,644,416003724,2.1044444444444443
2018-06-17 00:00:00 UTC,-56,1602,416234900,0.15583333333333332
2018-06-17 00:00:00 UTC,-56,1601,416234900,2.8713888888888888
2018-06-17 00:00:00 UTC,-56,-1169,416004502,4.635
2018-06-17 00:00:00 UTC,-56,1604,416004043,0.72513888888888889
2018-06-17 00:00:00 UTC,-56,1601,416004044,2.0645833333333328
2018-06-17 00:00:00 UTC,-56,1602,416004044,0.825
2018-06-17 00:00:00 UTC,-56,1600,416004044,1.275
2018-06-17 00:00:00 UTC,-56,1652,416002257,0.0925
2018-06-17 00:00:00 UTC,-56,1651,416002257,3.0519444444444446
2018-06-17 00:00:00 UTC,-56,1653,416002257,0.40541666666666665
2018-06-17 00:00:00 UTC,-56,-179,416060900,1.1465277777777778
2018-06-17 00:00:00 UTC,-56,-178,416060900,2.01625
2018-06-17 00:00:00 UTC,-56,-177,416060900,0.44875
2018-06-17 00:00:00 UTC,-56,-57,412270057,0.20055555555555554
2018-06-17 00:00:00 UTC,-56,-58,412270057,0.77569444444444458
2018-06-17 00:00:00 UTC,-56,-56,412270057,0.31652777777777774
2018-06-17 00:00:00 UTC,-56,-1506,431500530,0.42583333333333329
2018-06-17 00:00:00 UTC,-56,-1502,431500530,0.7727777777777779
2018-06-17 00:00:00 UTC,-56,-1505,431500530,0.13152777777777777
2018-06-17 00:00:00 UTC,-56,-1510,431500530,0.48236111111111113
2018-06-17 00:00:00 UTC,-56,-1504,431500530,0.21180555555555555
2018-06-17 00:00:00 UTC,-56,-1503,431500530,0.60305555555555568
2018-06-17 00:00:00 UTC,201,1103,412013391,1.3343055555555556
2018-06-17 00:00:00 UTC,201,-175,800032085,5.0058333333333334
2018-06-17 00:00:00 UTC,201,-172,412280947,3.9379166666666667
2018-06-17 00:00:00 UTC,201,1511,431602316,3.2504166666666667
2018-06-17 00:00:00 UTC,201,-175,242575300,1.4204166666666669
2018-06-17 00:00:00 UTC,201,1618,431600120,1.7918055555555554
2018-06-17 00:00:00 UTC,201,-172,412440569,2.9515277777777778
2018-06-17 00:00:00 UTC,201,1104,412111358,0.31277777777777782
2018-06-17 00:00:00 UTC,201,1103,412111358,0.16125
2018-06-17 00:00:00 UTC,457,-20,227582000,1.815
2018-06-17 00:00:00 UTC,457,-18,228979000,11.534166666666666
2018-06-17 00:00:00 UTC,457,-17,228979000,0.40555555555555556
2018-06-17 00:00:00 UTC,457,131,247030620,0.33930555555555558
2018-06-17 00:00:00 UTC,457,-504,316004000,0.84069444444444452
2018-06-17 00:00:00 UTC,457,-28,224610000,5.6670833333333333
2018-06-17 00:00:00 UTC,457,-29,224610000,9.5094444444444441
2018-06-17 00:00:00 UTC,457,-30,225378000,3.5429166666666667
2018-06-17 00:00:00 UTC,457,-29,225378000,6.15888888888889
2018-06-17 00:00:00 UTC,457,-28,225378000,11.041388888888887
2018-06-17 00:00:00 UTC,713,282,257812500,3.4308333333333341
2018-06-17 00:00:00 UTC,713,281,257639500,0.50569444444444445
2018-06-17 00:00:00 UTC,713,282,257639500,0.094444444444444442
2018-06-17 00:00:00 UTC,713,272,257031510,0.2625
2018-06-17 00:00:00 UTC,713,273,257031510,0.52708333333333335
2018-06-17 00:00:00 UTC,713,274,257031510,0.2565277777777778
2018-06-17 00:00:00 UTC,713,438,273316960,0.95819444444444446
2018-06-17 00:00:00 UTC,713,437,273316960,2.9705555555555567
2018-06-17 00:00:00 UTC,713,436,251153000,1.4663888888888887
2018-06-17 00:00:00 UTC,713,434,251153000,0.36388888888888887
2018-06-17 00:00:00 UTC,713,441,251153000,1.12875
2018-06-17 00:00:00 UTC,713,438,251153000,5.0044444444444434
2018-06-17 00:00:00 UTC,713,437,251153000,2.4463888888888885
2018-06-17 00:00:00 UTC,713,439,251153000,1.8255555555555556
2018-06-17 00:00:00 UTC,713,440,251153000,0.74944444444444447
2018-06-17 00:00:00 UTC,713,226,257039740,1.375
2018-06-17 00:00:00 UTC,713,168,258128000,1.685972222222222
2018-06-17 00:00:00 UTC,713,438,273550500,1.8887499999999995
2018-06-17 00:00:00 UTC,713,437,273550500,1.6397222222222223
2018-06-17 00:00:00 UTC,713,441,273550500,1.2515277777777778
2018-06-17 00:00:00 UTC,713,439,273550500,2.5376388888888886
2018-06-17 00:00:00 UTC,713,440,273550500,1.9873611111111114
2018-06-17 00:00:00 UTC,713,442,273550500,0.77333333333333332
2018-06-17 00:00:00 UTC,713,435,273550500,0.4966666666666667
2018-06-17 00:00:00 UTC,713,436,273550500,1.2018055555555556
2018-06-17 00:00:00 UTC,713,439,273370020,3.1548611111111122
2018-06-17 00:00:00 UTC,713,438,273370020,1.3216666666666665
2018-06-17 00:00:00 UTC,713,445,273370020,0.46499999999999997
2018-06-17 00:00:00 UTC,713,441,273370020,4.4054166666666648
2018-06-17 00:00:00 UTC,713,440,273370020,3.3022222222222219
2018-06-17 00:00:00 UTC,713,443,273370020,2.855833333333333
2018-06-17 00:00:00 UTC,713,442,273370020,3.8890277777777786
2018-06-17 00:00:00 UTC,713,444,273370020,1.1054166666666667
2018-06-17 00:00:00 UTC,713,199,257209000,1.5383333333333333
2018-06-17 00:00:00 UTC,713,229,257311940,0.94180555555555534
2018-06-17 00:00:00 UTC,713,227,257311940,0.067222222222222225
2018-06-17 00:00:00 UTC,713,228,257311940,1.3570833333333332
2018-06-17 00:00:00 UTC,713,441,251063000,1.0370833333333334
2018-06-17 00:00:00 UTC,713,444,251063000,0.20194444444444445
2018-06-17 00:00:00 UTC,713,443,251063000,1.0440277777777776
2018-06-17 00:00:00 UTC,713,442,251063000,0.94944444444444442
2018-06-17 00:00:00 UTC,713,439,251063000,2.1222222222222218
2018-06-17 00:00:00 UTC,713,438,251063000,4.4295833333333334
2018-06-17 00:00:00 UTC,713,440,251063000,0.2877777777777778
2018-06-17 00:00:00 UTC,713,437,251063000,2.3983333333333325
2018-06-17 00:00:00 UTC,713,439,251318000,0.39333333333333337
2018-06-17 00:00:00 UTC,713,440,251318000,1.1104166666666664
2018-06-17 00:00:00 UTC,713,438,251318000,1.8977777777777778
2018-06-17 00:00:00 UTC,713,436,251318000,0.54583333333333339
2018-06-17 00:00:00 UTC,713,441,251318000,0.23333333333333334
2018-06-17 00:00:00 UTC,713,437,251318000,5.4916666666666663
2018-06-17 00:00:00 UTC,-311,160,601493000,0.13791666666666666
2018-06-17 00:00:00 UTC,-311,157,601493000,2.02375
2018-06-17 00:00:00 UTC,-311,156,601493000,0.56652777777777774
2018-06-17 00:00:00 UTC,-311,1535,503007240,0.65388888888888885
2018-06-17 00:00:00 UTC,-311,1534,503007240,0.29180555555555554
2018-06-17 00:00:00 UTC,-311,376,224197150,1.1558333333333335
2018-06-17 00:00:00 UTC,-311,378,224197150,0.41263888888888889
2018-06-17 00:00:00 UTC,-311,377,224197150,1.4783333333333333
2018-06-17 00:00:00 UTC,-311,375,224197150,0.57666666666666666
2018-06-17 00:00:00 UTC,-311,158,601244000,5.2961111111111112
2018-06-17 00:00:00 UTC,-311,160,601244000,2.985
2018-06-17 00:00:00 UTC,-311,159,601244000,2.0525
2018-06-17 00:00:00 UTC,-311,161,601244000,0.93930555555555562
2018-06-17 00:00:00 UTC,-311,157,601244000,3.443888888888889
2018-06-17 00:00:00 UTC,-311,-1726,576636000,3.5154166666666669
2018-06-17 00:00:00 UTC,-311,-1728,576636000,0.88722222222222213
2018-06-17 00:00:00 UTC,-311,-1727,576636000,0.12791666666666668
2018-06-17 00:00:00 UTC,-311,-1562,576635000,0.6087499999999999
2018-06-17 00:00:00 UTC,-311,-1560,576635000,1.0294444444444444
2018-06-17 00:00:00 UTC,-311,840,412482975,0.99749999999999994
2018-06-17 00:00:00 UTC,-311,841,412482975,0.99958333333333327
2018-06-17 00:00:00 UTC,-311,157,601710000,4.9347222222222218
2018-06-17 00:00:00 UTC,-311,160,601475000,0.819861111111111
2018-06-17 00:00:00 UTC,-311,159,601475000,0.89791666666666636
2018-06-17 00:00:00 UTC,-311,-1655,416039900,1.3105555555555557
2018-06-17 00:00:00 UTC,-311,-1653,416039900,0.41361111111111115
2018-06-17 00:00:00 UTC,-311,-1654,416039900,1.7619444444444439
2018-06-17 00:00:00 UTC,-55,-1631,416002825,0.75694444444444453
2018-06-17 00:00:00 UTC,-55,-1630,416002825,0.4918055555555555
2018-06-17 00:00:00 UTC,-55,1603,416003097,2.9863888888888885
2018-06-17 00:00:00 UTC,-55,1604,416003097,1.4994444444444444
2018-06-17 00:00:00 UTC,-55,-1507,577246000,1.0902777777777779
2018-06-17 00:00:00 UTC,-55,-1510,577246000,0.65416666666666667
2018-06-17 00:00:00 UTC,-55,-1508,577246000,0.85472222222222216
2018-06-17 00:00:00 UTC,-55,1561,431602240,3.3311111111111109
2018-06-17 00:00:00 UTC,-55,-1306,412205140,1.9045833333333333
2018-06-17 00:00:00 UTC,-55,1653,416005482,1.4193055555555552
2018-06-17 00:00:00 UTC,-55,1654,416005482,1.7831944444444445
2018-06-17 00:00:00 UTC,-55,1608,416127600,3.831666666666667
2018-06-17 00:00:00 UTC,-55,1607,416127600,2.6059722222222224
2018-06-17 00:00:00 UTC,-55,-1474,416052600,3.3225000000000002
2018-06-17 00:00:00 UTC,-55,-1481,416052600,1.7052777777777779
2018-06-17 00:00:00 UTC,-55,-1480,416052600,1.7722222222222221
2018-06-17 00:00:00 UTC,-55,-1479,416052600,1.61125
2018-06-17 00:00:00 UTC,-55,637,416000633,1.1341666666666668
2018-06-17 00:00:00 UTC,-55,638,416000633,0.89819444444444452
2018-06-17 00:00:00 UTC,-55,636,416000633,2.7984722222222222
2018-06-17 00:00:00 UTC,-55,639,416000633,1.1825
2018-06-17 00:00:00 UTC,-55,647,533130619,0.71833333333333327
2018-06-17 00:00:00 UTC,-55,648,533130619,0.97291666666666665
2018-06-17 00:00:00 UTC,-55,-1515,431500430,0.1965277777777778
2018-06-17 00:00:00 UTC,-55,1602,416234900,2.6101388888888883
2018-06-17 00:00:00 UTC,-55,1601,416234900,2.4659722222222218
2018-06-17 00:00:00 UTC,-55,-1502,577145000,0.67041666666666666
2018-06-17 00:00:00 UTC,-55,-1503,577145000,1.5244444444444443
2018-06-17 00:00:00 UTC,-55,-1505,577145000,1.9490277777777778
2018-06-17 00:00:00 UTC,-55,-1510,577145000,1.2120833333333332
2018-06-17 00:00:00 UTC,-55,-1506,577145000,2.87
2018-06-17 00:00:00 UTC,-55,-1509,577145000,0.3847222222222223
2018-06-17 00:00:00 UTC,-55,-1504,577145000,1.279722222222222
2018-06-17 00:00:00 UTC,-55,1600,416004044,0.59000000000000008
2018-06-17 00:00:00 UTC,-55,1601,416004044,0.75013888888888891
2018-06-17 00:00:00 UTC,-55,647,533130701,7.76375
2018-06-17 00:00:00 UTC,-55,1652,416002257,0.17027777777777778
2018-06-17 00:00:00 UTC,-55,1653,416002257,1.6275
2018-06-17 00:00:00 UTC,-55,1651,416002257,1.0481944444444444
2018-06-17 00:00:00 UTC,-55,-175,416060900,0.71055555555555561
2018-06-17 00:00:00 UTC,-55,-176,416060900,1.9845833333333331
2018-06-17 00:00:00 UTC,-55,-179,416060900,3.9465277777777774
2018-06-17 00:00:00 UTC,-55,-177,416060900,1.8454166666666665
2018-06-17 00:00:00 UTC,-55,-178,416060900,1.5884722222222223
2018-06-17 00:00:00 UTC,-55,-183,416060900,3.7623611111111108
2018-06-17 00:00:00 UTC,-55,1611,416004085,0.59986111111111107
2018-06-17 00:00:00 UTC,-55,1612,416004085,0.96083333333333343
2018-06-17 00:00:00 UTC,-55,1613,416004085,1.4109722222222219
2018-06-17 00:00:00 UTC,-55,1614,416004085,0.80583333333333329
2018-06-17 00:00:00 UTC,202,1599,431600640,0.96736111111111112
2018-06-17 00:00:00 UTC,202,1595,431600640,2.2898611111111111
2018-06-17 00:00:00 UTC,202,1598,431600640,1.5604166666666666
2018-06-17 00:00:00 UTC,202,1601,431600640,4.2763888888888895
2018-06-17 00:00:00 UTC,202,1600,431600640,1.3452777777777776
2018-06-17 00:00:00 UTC,202,1602,431600640,2.3194444444444442
2018-06-17 00:00:00 UTC,202,1597,431600640,0.95819444444444446
2018-06-17 00:00:00 UTC,202,1104,412521529,4.6940277777777784
2018-06-17 00:00:00 UTC,202,-174,800032085,9.8422222222222224
2018-06-17 00:00:00 UTC,202,-171,412280947,3.1223611111111111
2018-06-17 00:00:00 UTC,202,-172,412280947,3.9027777777777777
2018-06-17 00:00:00 UTC,202,-174,654000006,2.6290277777777775
2018-06-17 00:00:00 UTC,202,-174,654000007,13.014305555555556
2018-06-17 00:00:00 UTC,202,-175,219139000,0.18138888888888888
2018-06-17 00:00:00 UTC,202,-175,242575300,6.3569444444444443
2018-06-17 00:00:00 UTC,458,-567,316001854,6.9466666666666672
2018-06-17 00:00:00 UTC,458,-565,316001854,6.5098611111111113
2018-06-17 00:00:00 UTC,458,-28,228113000,0.40722222222222221
2018-06-17 00:00:00 UTC,458,-27,228113000,7.6147222222222224
2018-06-17 00:00:00 UTC,458,-29,224610000,4.94486111111111
2018-06-17 00:00:00 UTC,458,-28,224610000,6.8251388888888895
2018-06-17 00:00:00 UTC,458,1436,273891800,6.1672222222222226
2018-06-17 00:00:00 UTC,458,-26,224080370,0.80027777777777775
2018-06-17 00:00:00 UTC,458,-25,224080370,0.77513888888888882
2018-06-17 00:00:00 UTC,458,-27,224080370,1.9859722222222222
2018-06-17 00:00:00 UTC,714,282,257812500,5.1341666666666672
2018-06-17 00:00:00 UTC,714,280,257156640,6.3591666666666669
2018-06-17 00:00:00 UTC,714,275,257196340,2.7055555555555553
2018-06-17 00:00:00 UTC,714,281,257639500,2.9705555555555563
2018-06-17 00:00:00 UTC,714,275,257031510,0.4572222222222222
2018-06-17 00:00:00 UTC,714,276,257031510,0.63861111111111113
2018-06-17 00:00:00 UTC,714,274,257031510,1.3795833333333332
2018-06-17 00:00:00 UTC,714,439,273316960,1.0172222222222222
2018-06-17 00:00:00 UTC,714,438,273316960,0.79597222222222219
2018-06-17 00:00:00 UTC,714,440,273316960,0.79569444444444459
2018-06-17 00:00:00 UTC,714,437,273316960,0.49722222222222223
2018-06-17 00:00:00 UTC,714,438,251153000,0.50750000000000006
2018-06-17 00:00:00 UTC,714,441,251153000,0.27958333333333335
2018-06-17 00:00:00 UTC,714,437,251153000,0.15555555555555556
2018-06-17 00:00:00 UTC,714,440,251153000,0.58888888888888891
2018-06-17 00:00:00 UTC,714,439,251153000,0.47861111111111104
2018-06-17 00:00:00 UTC,714,227,257039740,3.4215277777777779
2018-06-17 00:00:00 UTC,714,168,258128000,0.54888888888888887
2018-06-17 00:00:00 UTC,714,169,258128000,0.30069444444444443
2018-06-17 00:00:00 UTC,714,278,257362320,3.5901388888888883
2018-06-17 00:00:00 UTC,714,279,257362320,5.1802777777777775
2018-06-17 00:00:00 UTC,714,205,258778000,0.10125
2018-06-17 00:00:00 UTC,714,438,273370020,0.2401388888888889
2018-06-17 00:00:00 UTC,714,437,273370020,0.77833333333333332
2018-06-17 00:00:00 UTC,714,199,257209000,1.3534722222222224
2018-06-17 00:00:00 UTC,714,226,257311940,7.2184722222222231
2018-06-17 00:00:00 UTC,714,227,257311940,4.7529166666666649
2018-06-17 00:00:00 UTC,714,437,251318000,0.20569444444444446
2018-06-17 00:00:00 UTC,714,440,251318000,0.5854166666666667
2018-06-17 00:00:00 UTC,714,438,251318000,0.44486111111111115
2018-06-17 00:00:00 UTC,-310,155,601493000,0.24986111111111112
2018-06-17 00:00:00 UTC,-310,156,601493000,2.7190277777777778
2018-06-17 00:00:00 UTC,-310,1535,503007240,0.68805555555555553
2018-06-17 00:00:00 UTC,-310,379,224197150,0.46930555555555553
2018-06-17 00:00:00 UTC,-310,377,224197150,0.40027777777777773
2018-06-17 00:00:00 UTC,-310,378,224197150,1.2762499999999999
2018-06-17 00:00:00 UTC,-310,159,601244000,3.7334722222222223
2018-06-17 00:00:00 UTC,-310,-1728,576636000,0.92083333333333339
2018-06-17 00:00:00 UTC,-310,-1726,576636000,3.0755555555555558
2018-06-17 00:00:00 UTC,-310,-1583,416242800,0.22541666666666665
2018-06-17 00:00:00 UTC,-310,840,412482975,4.16
2018-06-17 00:00:00 UTC,-310,161,601860000,3.6318055555555557
2018-06-17 00:00:00 UTC,-310,156,601710000,1.8722222222222222
2018-06-17 00:00:00 UTC,-310,159,601475000,2.4898611111111109
2018-06-17 00:00:00 UTC,-310,156,601475000,1.247638888888889
2018-06-17 00:00:00 UTC,-310,160,601475000,6.1130555555555564
2018-06-17 00:00:00 UTC,-310,157,601475000,0.37027777777777782
2018-06-17 00:00:00 UTC,-310,158,601475000,1.6370833333333332
2018-06-17 00:00:00 UTC,-310,-1654,416039900,0.3626388888888889
2018-06-17 00:00:00 UTC,-310,-1653,416039900,0.30444444444444441
2018-06-17 00:00:00 UTC,-310,-1698,416003556,0.70500000000000007
2018-06-17 00:00:00 UTC,-310,-1699,416003556,1.025
2018-06-17 00:00:00 UTC,-310,-1697,416003556,0.7025
2018-06-17 00:00:00 UTC,-310,-1696,416003556,0.41388888888888886
2018-06-17 00:00:00 UTC,-54,-1631,416002825,1.9569444444444435
2018-06-17 00:00:00 UTC,-54,-1630,416002825,1.0318055555555556
2018-06-17 00:00:00 UTC,-54,1604,416003097,0.70125
2018-06-17 00:00:00 UTC,-54,1603,416003097,0.97666666666666668
2018-06-17 00:00:00 UTC,-54,1562,431602240,0.53722222222222227
2018-06-17 00:00:00 UTC,-54,1563,431602240,0.3618055555555556
2018-06-17 00:00:00 UTC,-54,1654,416005482,1.4375
2018-06-17 00:00:00 UTC,-54,1653,416005482,1.3784722222222223
2018-06-17 00:00:00 UTC,-54,-83,412691310,1.3981944444444445
2018-06-17 00:00:00 UTC,-54,-86,412691310,2.2594444444444446
2018-06-17 00:00:00 UTC,-54,-85,412691310,0.69125
2018-06-17 00:00:00 UTC,-54,-89,412691310,3.9370833333333333
2018-06-17 00:00:00 UTC,-54,-84,412691310,1.1798611111111112
2018-06-17 00:00:00 UTC,-54,1607,416127600,4.3868055555555552
2018-06-17 00:00:00 UTC,-54,-1474,416052600,0.67819444444444443
2018-06-17 00:00:00 UTC,-54,-1475,416052600,1.3368055555555556
2018-06-17 00:00:00 UTC,-54,-1480,416052600,2.3641666666666663
2018-06-17 00:00:00 UTC,-54,-1473,416052600,0.55152777777777773
2018-06-17 00:00:00 UTC,-54,646,533130619,1.4231944444444444
2018-06-17 00:00:00 UTC,-54,645,533130619,1.5050000000000001
2018-06-17 00:00:00 UTC,-54,-1515,431500430,0.0648611111111111
2018-06-17 00:00:00 UTC,-54,1602,416234900,2.1279166666666667
2018-06-17 00:00:00 UTC,-54,1601,416234900,0.69
2018-06-17 00:00:00 UTC,-54,-1504,577145000,0.9341666666666667
2018-06-17 00:00:00 UTC,-54,-1508,577145000,0.22958333333333331
2018-06-17 00:00:00 UTC,-54,-1509,577145000,1.0318055555555556
2018-06-17 00:00:00 UTC,-54,-1503,577145000,2.7534722222222223
2018-06-17 00:00:00 UTC,-54,-1502,577145000,1.0340277777777778
2018-06-17 00:00:00 UTC,-54,-1505,577145000,3.8731944444444442
2018-06-17 00:00:00 UTC,-54,-1506,577145000,0.095833333333333326
2018-06-17 00:00:00 UTC,-54,1651,416002257,3.8743055555555559
2018-06-17 00:00:00 UTC,-54,639,416002515,1.8838888888888887
2018-06-17 00:00:00 UTC,-54,636,416002515,0.66541666666666666
2018-06-17 00:00:00 UTC,-54,-179,416060900,0.75875
2018-06-17 00:00:00 UTC,-54,-181,416060900,1.0715277777777776
2018-06-17 00:00:00 UTC,-54,-174,416060900,1.518888888888889
2018-06-17 00:00:00 UTC,-54,-178,416060900,0.81958333333333333
2018-06-17 00:00:00 UTC,-54,-183,416060900,0.63361111111111112
2018-06-17 00:00:00 UTC,-54,-180,416060900,0.5838888888888889
2018-06-17 00:00:00 UTC,-54,-176,416060900,1.1170833333333334
2018-06-17 00:00:00 UTC,203,1595,431600640,2.2234722222222221
2018-06-17 00:00:00 UTC,203,1121,412475932,0.29444444444444445
2018-06-17 00:00:00 UTC,203,1120,412475932,0.5805555555555556
2018-06-17 00:00:00 UTC,203,-174,800032085,9.4287499999999991
2018-06-17 00:00:00 UTC,203,1118,412476247,0.69972222222222225
2018-06-17 00:00:00 UTC,203,-172,877225565,12.853055555555557
2018-06-17 00:00:00 UTC,203,-171,412280947,2.1825
2018-06-17 00:00:00 UTC,203,1115,412818048,2.6333333333333333
2018-06-17 00:00:00 UTC,203,1114,412818048,3.025
2018-06-17 00:00:00 UTC,203,-174,654000006,4.81138888888889
2018-06-17 00:00:00 UTC,203,-174,654000007,1.2615277777777782
2018-06-17 00:00:00 UTC,203,-175,219139000,3.0573611111111112
2018-06-17 00:00:00 UTC,203,-175,242575300,3.0658333333333339
2018-06-17 00:00:00 UTC,203,-174,242575300,1.4883333333333335
2018-06-17 00:00:00 UTC,203,-176,242575300,0.52916666666666679
2018-06-17 00:00:00 UTC,203,1618,431600120,0.96263888888888882
2018-06-17 00:00:00 UTC,459,-566,316001854,12.241388888888888
2018-06-17 00:00:00 UTC,459,-1248,367187080,7.4238888888888912
2018-06-17 00:00:00 UTC,459,-1246,367638480,0.22444444444444445
2018-06-17 00:00:00 UTC,459,-1247,367638480,0.15347222222222223
2018-06-17 00:00:00 UTC,459,1435,273891800,0.50791666666666668
2018-06-17 00:00:00 UTC,459,1436,273891800,8.9002777777777755
2018-06-17 00:00:00 UTC,459,1437,273891800,6.4681944444444444
2018-06-17 00:00:00 UTC,459,-26,224080370,4.9393055555555554
2018-06-17 00:00:00 UTC,459,-24,224080370,12.1
2018-06-17 00:00:00 UTC,459,-25,224080370,4.7797222222222224
2018-06-17 00:00:00 UTC,715,275,257031510,0.8254166666666668
2018-06-17 00:00:00 UTC,715,277,257031510,1.4386111111111111
2018-06-17 00:00:00 UTC,715,276,257031510,0.85597222222222236
2018-06-17 00:00:00 UTC,715,228,257039740,2.5781944444444447
2018-06-17 00:00:00 UTC,715,169,258128000,1.3595833333333336
2018-06-17 00:00:00 UTC,715,279,257362320,0.33333333333333337
2018-06-17 00:00:00 UTC,715,198,257209000,0.50180555555555562
2018-06-17 00:00:00 UTC,715,227,257311940,6.6708333333333343
2018-06-17 00:00:00 UTC,715,226,257311940,1.12125
2018-06-17 00:00:00 UTC,715,285,257767390,2.1895833333333332
2018-06-17 00:00:00 UTC,-309,155,601493000,2.3633333333333337
2018-06-17 00:00:00 UTC,-309,1535,503007240,3.5668055555555553
2018-06-17 00:00:00 UTC,-309,380,224197150,3.0766666666666658
2018-06-17 00:00:00 UTC,-309,379,224197150,3.5556944444444447
2018-06-17 00:00:00 UTC,-309,375,224101950,0.10708333333333334
2018-06-17 00:00:00 UTC,-309,376,224101950,0.66000000000000014
2018-06-17 00:00:00 UTC,-309,-1728,576636000,0.42277777777777781
2018-06-17 00:00:00 UTC,-309,-1726,576636000,3.874305555555555
2018-06-17 00:00:00 UTC,-309,-1725,576636000,0.098194444444444445
2018-06-17 00:00:00 UTC,-309,-1583,416242800,0.70777777777777773
2018-06-17 00:00:00 UTC,-309,156,601475000,0.070416666666666655
2018-06-17 00:00:00 UTC,-309,155,601475000,1.9162499999999991
2018-06-17 00:00:00 UTC,-53,-1631,416002825,1.4877777777777779
2018-06-17 00:00:00 UTC,-53,1604,416003097,1.7569444444444444
2018-06-17 00:00:00 UTC,-53,1483,416002628,1.422361111111111
2018-06-17 00:00:00 UTC,-53,1479,416002628,1.795
2018-06-17 00:00:00 UTC,-53,1478,416002628,2.0084722222222222
2018-06-17 00:00:00 UTC,-53,1480,416002628,1.3341666666666667
2018-06-17 00:00:00 UTC,-53,1485,416002628,4.3025
2018-06-17 00:00:00 UTC,-53,1721,416003414,0.40791666666666665
2018-06-17 00:00:00 UTC,-53,644,533130586,3.0430555555555552
2018-06-17 00:00:00 UTC,-53,1653,416005482,2.1970833333333335
2018-06-17 00:00:00 UTC,-53,1654,416005482,1.1661111111111111
2018-06-17 00:00:00 UTC,-53,-82,412691310,2.0041666666666664
2018-06-17 00:00:00 UTC,-53,-84,412691310,2.467222222222222
2018-06-17 00:00:00 UTC,-53,-86,412691310,1.7131944444444445
2018-06-17 00:00:00 UTC,-53,-85,412691310,2.0756944444444443
2018-06-17 00:00:00 UTC,-53,1608,416127600,0.57430555555555551
2018-06-17 00:00:00 UTC,-53,1607,416127600,2.3304166666666659
2018-06-17 00:00:00 UTC,-53,-1478,416052600,0.66722222222222216
2018-06-17 00:00:00 UTC,-53,-1473,416052600,0.38750000000000007
2018-06-17 00:00:00 UTC,-53,-1476,416052600,0.58402777777777781
2018-06-17 00:00:00 UTC,-53,-1477,416052600,0.62388888888888894
2018-06-17 00:00:00 UTC,-53,-1474,416052600,0.48958333333333337
2018-06-17 00:00:00 UTC,-53,-1475,416052600,0.61416666666666664
2018-06-17 00:00:00 UTC,-53,-1479,416052600,0.5541666666666667
2018-06-17 00:00:00 UTC,-53,-1480,416052600,0.40638888888888891
2018-06-17 00:00:00 UTC,-53,644,533130619,2.4322222222222218
2018-06-17 00:00:00 UTC,-53,645,533130619,0.951111111111111
2018-06-17 00:00:00 UTC,-53,1702,416002981,1.266111111111111
2018-06-17 00:00:00 UTC,-53,1701,416002981,0.70222222222222219
2018-06-17 00:00:00 UTC,-53,647,533130701,3.9974999999999996
2018-06-17 00:00:00 UTC,-53,1652,416002257,3.1943055555555553
2018-06-17 00:00:00 UTC,-53,1651,416002257,4.58375
2018-06-17 00:00:00 UTC,-53,636,416002515,1.9719444444444445
2018-06-17 00:00:00 UTC,-53,638,416002515,2.3843055555555557
2018-06-17 00:00:00 UTC,-53,639,416002515,3.3252777777777776
2018-06-17 00:00:00 UTC,-53,637,416002515,1.9955555555555555
2018-06-17 00:00:00 UTC,-53,1721,888366805,0.55347222222222225
2018-06-17 00:00:00 UTC,-53,115,224300000,0.41375000000000006
2018-06-17 00:00:00 UTC,204,1597,431600640,2.3293055555555555
2018-06-17 00:00:00 UTC,204,1595,431600640,0.62361111111111112
2018-06-17 00:00:00 UTC,204,1596,431600640,0.78750000000000009
2018-06-17 00:00:00 UTC,204,1116,412480258,1.1122222222222222
2018-06-17 00:00:00 UTC,204,1120,412463623,1.2302777777777776
2018-06-17 00:00:00 UTC,204,1119,412463623,0.51263888888888887
2018-06-17 00:00:00 UTC,204,-171,877225565,9.935
2018-06-17 00:00:00 UTC,204,-172,877225565,0.40402777777777782
2018-06-17 00:00:00 UTC,204,-172,412280947,7.4480555555555554
2018-06-17 00:00:00 UTC,204,-174,654000007,1.6602777777777777
2018-06-17 00:00:00 UTC,204,1118,412476812,0.54166666666666674
2018-06-17 00:00:00 UTC,204,1119,412476812,0.883888888888889
2018-06-17 00:00:00 UTC,204,1117,412476812,0.11666666666666667
2018-06-17 00:00:00 UTC,204,1566,431004047,2.8720833333333333
2018-06-17 00:00:00 UTC,204,1572,431004047,3.6930555555555555
2018-06-17 00:00:00 UTC,204,-174,219139000,0.67083333333333339
2018-06-17 00:00:00 UTC,204,-175,219139000,1.3722222222222222
2018-06-17 00:00:00 UTC,204,-175,242575300,1.4720833333333332
2018-06-17 00:00:00 UTC,204,-174,242575300,0.4506944444444444
2018-06-17 00:00:00 UTC,204,-1126,345080035,0.70527777777777778
2018-06-17 00:00:00 UTC,204,-1441,576737000,2.4016666666666664
2018-06-17 00:00:00 UTC,204,1618,431600120,0.71222222222222231
2018-06-17 00:00:00 UTC,460,-19,228209700,0.32527777777777778
2018-06-17 00:00:00 UTC,460,-1249,367187080,2.1733333333333338
2018-06-17 00:00:00 UTC,460,-1247,367187080,0.42138888888888892
2018-06-17 00:00:00 UTC,460,-1248,367187080,3.0337499999999991
2018-06-17 00:00:00 UTC,460,-1247,367638480,0.56819444444444445
2018-06-17 00:00:00 UTC,460,-1246,367638480,0.82027777777777777
2018-06-17 00:00:00 UTC,716,296,257737500,1.5322222222222224
2018-06-17 00:00:00 UTC,716,295,257737500,4.5643055555555545
2018-06-17 00:00:00 UTC,716,169,258128000,0.39597222222222217
2018-06-17 00:00:00 UTC,716,294,257647500,8.8270833333333325
2018-06-17 00:00:00 UTC,716,295,257647500,2.3548611111111111
2018-06-17 00:00:00 UTC,716,197,257209000,0.49805555555555553
2018-06-17 00:00:00 UTC,716,440,273891000,0.25041666666666668
2018-06-17 00:00:00 UTC,716,439,273891000,0.10569444444444444
2018-06-17 00:00:00 UTC,716,285,257767390,4.57125
2018-06-17 00:00:00 UTC,-308,154,601493000,2.4705555555555549
2018-06-17 00:00:00 UTC,-308,1535,503007240,0.59166666666666667
2018-06-17 00:00:00 UTC,-308,-1522,576679000,1.828611111111111
2018-06-17 00:00:00 UTC,-308,-1521,576679000,1.6912500000000001
2018-06-17 00:00:00 UTC,-308,-1727,576636000,0.43708333333333338
2018-06-17 00:00:00 UTC,-308,-1728,576636000,0.3263888888888889
2018-06-17 00:00:00 UTC,-308,-1726,576636000,1.0834722222222219
2018-06-17 00:00:00 UTC,-308,-1583,416242800,0.57972222222222214
2018-06-17 00:00:00 UTC,-308,155,601475000,2.27
2018-06-17 00:00:00 UTC,-308,154,601475000,2.7513888888888887
2018-06-17 00:00:00 UTC,-52,-1631,416002825,0.53625
2018-06-17 00:00:00 UTC,-52,1484,416002628,2.379027777777778
2018-06-17 00:00:00 UTC,-52,1485,416002628,2.2494444444444444
2018-06-17 00:00:00 UTC,-52,1483,416002628,6.5170833333333338
2018-06-17 00:00:00 UTC,-52,1721,416003414,2.1087500000000006
2018-06-17 00:00:00 UTC,-52,644,533130586,1.7731944444444445
2018-06-17 00:00:00 UTC,-52,1742,440636000,0.63402777777777786
2018-06-17 00:00:00 UTC,-52,1743,440636000,0.52180555555555552
2018-06-17 00:00:00 UTC,-52,1745,440636000,0.47583333333333333
2018-06-17 00:00:00 UTC,-52,1744,440636000,0.76027777777777761
2018-06-17 00:00:00 UTC,-52,113,224060000,1.2095833333333332
2018-06-17 00:00:00 UTC,-52,114,224060000,1.03625
2018-06-17 00:00:00 UTC,-52,1652,416005482,0.62833333333333341
2018-06-17 00:00:00 UTC,-52,1651,416005482,1.037638888888889
2018-06-17 00:00:00 UTC,-52,-88,412691310,0.77541666666666664
2018-06-17 00:00:00 UTC,-52,-90,412691310,2.0637499999999998
2018-06-17 00:00:00 UTC,-52,-84,412691310,1.0902777777777779
2018-06-17 00:00:00 UTC,-52,-89,412691310,0.80472222222222223
2018-06-17 00:00:00 UTC,-52,-85,412691310,0.81291666666666662
2018-06-17 00:00:00 UTC,-52,-87,412691310,0.40333333333333332
2018-06-17 00:00:00 UTC,-52,-86,412691310,0.55138888888888893
2018-06-17 00:00:00 UTC,-52,1608,416127600,1.0431944444444445
2018-06-17 00:00:00 UTC,-52,1607,416127600,2.2784722222222218
2018-06-17 00:00:00 UTC,-52,643,533130619,6.97125
2018-06-17 00:00:00 UTC,-52,644,533130619,0.62513888888888891
2018-06-17 00:00:00 UTC,-52,-1515,431500430,0.18597222222222221
2018-06-17 00:00:00 UTC,-52,1487,416198800,2.0634722222222219
2018-06-17 00:00:00 UTC,-52,1705,416002981,0.91777777777777769
2018-06-17 00:00:00 UTC,-52,1706,416002981,0.8041666666666667
2018-06-17 00:00:00 UTC,-52,1704,416002981,1.2347222222222218
2018-06-17 00:00:00 UTC,-52,647,533130701,6.785277777777778
2018-06-17 00:00:00 UTC,-52,1651,416002257,2.5065277777777779
2018-06-17 00:00:00 UTC,-52,639,416002515,0.78013888888888894
2018-06-17 00:00:00 UTC,-52,638,416002515,0.5229166666666667
2018-06-17 00:00:00 UTC,-52,636,416002515,0.82124999999999992
2018-06-17 00:00:00 UTC,-52,637,416002515,0.914861111111111
2018-06-17 00:00:00 UTC,-52,537,664000218,6.4459722222222222
2018-06-17 00:00:00 UTC,-52,536,664000218,0.94569444444444462
2018-06-17 00:00:00 UTC,-52,113,224300000,0.16597222222222222
2018-06-17 00:00:00 UTC,-52,114,224300000,2.6091666666666669
2018-06-17 00:00:00 UTC,-52,115,224300000,1.6248611111111109
2018-06-17 00:00:00 UTC,-52,1708,888289005,0.96055555555555561
2018-06-17 00:00:00 UTC,-52,1707,888289005,5.144166666666667
2018-06-17 00:00:00 UTC,-52,1709,888289005,0.5526388888888889
2018-06-17 00:00:00 UTC,205,1594,431600640,1.6154166666666665
2018-06-17 00:00:00 UTC,205,1595,431600640,0.65916666666666668
2018-06-17 00:00:00 UTC,205,1116,412480258,1.1536111111111111
2018-06-17 00:00:00 UTC,205,1119,412463623,0.26513888888888887
2018-06-17 00:00:00 UTC,205,1118,412463623,0.55624999999999991
2018-06-17 00:00:00 UTC,205,-173,654000007,7.3140277777777776
2018-06-17 00:00:00 UTC,205,1515,431602316,2.3375
2018-06-17 00:00:00 UTC,205,1516,431602316,0.32805555555555554
2018-06-17 00:00:00 UTC,205,1571,431004047,0.46374999999999994
2018-06-17 00:00:00 UTC,205,1568,431004047,2.75875
2018-06-17 00:00:00 UTC,205,1572,431004047,1.9879166666666666
2018-06-17 00:00:00 UTC,205,1569,431004047,1.9793055555555554
2018-06-17 00:00:00 UTC,205,1570,431004047,2.9080555555555558
2018-06-17 00:00:00 UTC,205,-175,242575300,2.2030555555555558
2018-06-17 00:00:00 UTC,205,-174,412440278,18.379722222222224
2018-06-17 00:00:00 UTC,205,-174,412440285,14.155277777777778
2018-06-17 00:00:00 UTC,205,-1441,576737000,1.1655555555555557
2018-06-17 00:00:00 UTC,205,1618,431600120,0.90333333333333321
2018-06-17 00:00:00 UTC,205,1619,431600120,0.60625
2018-06-17 00:00:00 UTC,205,1620,431600120,0.24638888888888891
2018-06-17 00:00:00 UTC,461,-1258,367579190,0.44888888888888889
2018-06-17 00:00:00 UTC,461,-530,316010040,8.080277777777777
2018-06-17 00:00:00 UTC,461,-532,316010040,6.1756944444444439
2018-06-17 00:00:00 UTC,461,-1247,367161930,0.23930555555555555
2018-06-17 00:00:00 UTC,461,-1246,367161930,2.661111111111111
2018-06-17 00:00:00 UTC,461,-29,228224900,3.6906944444444445
2018-06-17 00:00:00 UTC,461,-28,228224900,1.7066666666666666
2018-06-17 00:00:00 UTC,461,-1248,367187080,3.4218055555555558
2018-06-17 00:00:00 UTC,461,-1246,367638480,1.3615277777777783
2018-06-17 00:00:00 UTC,461,-1247,367638480,0.21958333333333335
2018-06-17 00:00:00 UTC,717,303,257309440,1.2541666666666667
2018-06-17 00:00:00 UTC,717,296,257737500,6.371666666666667
2018-06-17 00:00:00 UTC,717,295,257737500,7.6712499999999979
2018-06-17 00:00:00 UTC,717,297,257737500,0.47722222222222221
2018-06-17 00:00:00 UTC,717,294,257647500,5.0631944444444459
2018-06-17 00:00:00 UTC,717,295,257647500,7.6018055555555577
2018-06-17 00:00:00 UTC,717,195,257209000,0.53902777777777777
2018-06-17 00:00:00 UTC,717,438,273891000,0.43499999999999994
2018-06-17 00:00:00 UTC,717,441,273891000,1.3781944444444443
2018-06-17 00:00:00 UTC,717,440,273891000,3.8490277777777782
2018-06-17 00:00:00 UTC,717,439,273891000,3.8443055555555543
2018-06-17 00:00:00 UTC,-307,154,601493000,0.11902777777777779
2018-06-17 00:00:00 UTC,-307,153,601493000,1.4884722222222222
2018-06-17 00:00:00 UTC,-307,1534,503007240,1.5502777777777779
2018-06-17 00:00:00 UTC,-307,374,224101950,0.55
2018-06-17 00:00:00 UTC,-307,-1523,576679000,1.3504166666666666
2018-06-17 00:00:00 UTC,-307,-502,700000100,1.9888888888888889
2018-06-17 00:00:00 UTC,-307,154,601475000,2.660277777777778
2018-06-17 00:00:00 UTC,-307,155,601475000,0.11138888888888888
2018-06-17 00:00:00 UTC,-307,-1519,576609000,2.8086111111111109
2018-06-17 00:00:00 UTC,-307,-1597,416005097,0.58513888888888888
2018-06-17 00:00:00 UTC,-51,-1631,416002825,2.0218055555555559
2018-06-17 00:00:00 UTC,-51,-1630,416002825,3.2488888888888887
2018-06-17 00:00:00 UTC,-51,-1491,577290000,0.2508333333333333
2018-06-17 00:00:00 UTC,-51,-1490,577290000,0.663611111111111
2018-06-17 00:00:00 UTC,-51,-1489,577290000,0.33861111111111114
2018-06-17 00:00:00 UTC,-51,1740,440895000,3.0299999999999994
2018-06-17 00:00:00 UTC,-51,1738,440895000,0.32958333333333334
2018-06-17 00:00:00 UTC,-51,1743,440895000,1.4563888888888887
2018-06-17 00:00:00 UTC,-51,1745,440895000,0.1101388888888889
2018-06-17 00:00:00 UTC,-51,1739,440895000,1.7943055555555552
2018-06-17 00:00:00 UTC,-51,1741,440895000,2.8949999999999996
2018-06-17 00:00:00 UTC,-51,1744,440895000,0.86708333333333354
2018-06-17 00:00:00 UTC,-51,1742,440895000,2.4551388888888894
2018-06-17 00:00:00 UTC,-51,113,224510000,0.21305555555555555
2018-06-17 00:00:00 UTC,-51,114,224510000,0.89680555555555552
2018-06-17 00:00:00 UTC,-51,1493,416001084,2.7984722222222218
2018-06-17 00:00:00 UTC,-51,1721,416003414,0.91347222222222235
2018-06-17 00:00:00 UTC,-51,643,533130586,1.7431944444444443
2018-06-17 00:00:00 UTC,-51,1745,440636000,0.68708333333333327
2018-06-17 00:00:00 UTC,-51,113,224060000,1.909861111111111
2018-06-17 00:00:00 UTC,-51,114,224060000,4.3568055555555558
2018-06-17 00:00:00 UTC,-51,1650,416005482,0.9619444444444446
2018-06-17 00:00:00 UTC,-51,1488,416198800,1.6636111111111109
2018-06-17 00:00:00 UTC,-51,1487,416198800,5.0508333333333333
2018-06-17 00:00:00 UTC,-51,1750,440900000,0.80208333333333326
2018-06-17 00:00:00 UTC,-51,1749,440900000,2.9045833333333331
2018-06-17 00:00:00 UTC,-51,1748,440900000,0.81138888888888883
2018-06-17 00:00:00 UTC,-51,1692,416002981,3.7430555555555554
2018-06-17 00:00:00 UTC,-51,1696,416002981,1.2443055555555558
2018-06-17 00:00:00 UTC,-51,1695,416002981,1.6179166666666664
2018-06-17 00:00:00 UTC,-51,1697,416002981,1.69875
2018-06-17 00:00:00 UTC,-51,1694,416002981,1.0115277777777778
2018-06-17 00:00:00 UTC,-51,1651,416002257,0.71375
2018-06-17 00:00:00 UTC,-51,1654,416002257,0.7861111111111112
2018-06-17 00:00:00 UTC,-51,1652,416002257,0.81597222222222221
2018-06-17 00:00:00 UTC,-51,1653,416002257,1.0329166666666667
2018-06-17 00:00:00 UTC,-51,1721,888366805,2.2794444444444437
2018-06-17 00:00:00 UTC,-51,536,664000218,5.3962500000000011
2018-06-17 00:00:00 UTC,-51,114,224300000,4.7920833333333315
2018-06-17 00:00:00 UTC,-51,113,224300000,2.3211111111111116
2018-06-17 00:00:00 UTC,-51,1696,888289005,11.398333333333333
2018-06-17 00:00:00 UTC,-51,1697,888289005,1.1595833333333334
2018-06-17 00:00:00 UTC,-51,-812,224342000,0.54958333333333342
2018-06-17 00:00:00 UTC,206,1551,431000168,1.1019444444444444
2018-06-17 00:00:00 UTC,206,1516,431602316,0.65958333333333341
2018-06-17 00:00:00 UTC,206,1568,431004047,1.6051388888888889
2018-06-17 00:00:00 UTC,206,1576,431004047,0.72708333333333341
2018-06-17 00:00:00 UTC,206,1574,431004047,1.421388888888889
2018-06-17 00:00:00 UTC,206,1569,431004047,0.99555555555555553
2018-06-17 00:00:00 UTC,206,1575,431004047,0.51375
2018-06-17 00:00:00 UTC,206,1571,431004047,1.6986111111111111
2018-06-17 00:00:00 UTC,206,1577,431004047,0.29847222222222225
2018-06-17 00:00:00 UTC,206,-175,242575300,5.0881944444444471
2018-06-17 00:00:00 UTC,206,1570,431501260,0.60819444444444448
2018-06-17 00:00:00 UTC,206,1574,431501260,2.9297222222222219
2018-06-17 00:00:00 UTC,206,1577,431501260,2.4497222222222224
2018-06-17 00:00:00 UTC,206,1575,431501260,1.7429166666666667
2018-06-17 00:00:00 UTC,206,1571,431501260,2.7326388888888888
2018-06-17 00:00:00 UTC,206,1576,431501260,4.2873611111111112
2018-06-17 00:00:00 UTC,206,1573,431501260,2.8297222222222222
2018-06-17 00:00:00 UTC,206,1569,431501260,1.6244444444444444
2018-06-17 00:00:00 UTC,206,1572,431501260,1.5151388888888884
2018-06-17 00:00:00 UTC,206,-174,412440278,6.6755555555555564
2018-06-17 00:00:00 UTC,206,-174,412440283,11.061388888888887
2018-06-17 00:00:00 UTC,206,-173,412440283,0.28125
2018-06-17 00:00:00 UTC,206,-1441,576737000,1.8522222222222222
2018-06-17 00:00:00 UTC,206,-1440,576737000,1.3241666666666667
2018-06-17 00:00:00 UTC,462,-24,228229900,7.9780555555555557
2018-06-17 00:00:00 UTC,462,-474,276831000,0.46347222222222223
2018-06-17 00:00:00 UTC,462,-28,228239900,10.896666666666667
2018-06-17 00:00:00 UTC,462,-22,228209700,2.1655555555555552
2018-06-17 00:00:00 UTC,462,-21,228209700,0.24194444444444443
2018-06-17 00:00:00 UTC,462,-26,227806000,3.9322222222222223
2018-06-17 00:00:00 UTC,462,-25,227806000,4.55
2018-06-17 00:00:00 UTC,462,-27,227806000,1.9275000000000002
2018-06-17 00:00:00 UTC,462,-1258,367579190,1.1702777777777778
2018-06-17 00:00:00 UTC,462,-1246,367161930,4.2815277777777769
2018-06-17 00:00:00 UTC,462,-1245,367161930,0.09194444444444444
2018-06-17 00:00:00 UTC,462,-1247,367161930,1.3237500000000002
2018-06-17 00:00:00 UTC,462,-29,228224900,7.2643055555555573
2018-06-17 00:00:00 UTC,462,-28,228224900,6.4293055555555547
2018-06-17 00:00:00 UTC,462,-36,227353000,8.1298611111111114
2018-06-17 00:00:00 UTC,462,-29,228253900,10.101805555555556
2018-06-17 00:00:00 UTC,462,-1246,367638480,1.4833333333333332
2018-06-17 00:00:00 UTC,462,-1247,367638480,1.0636111111111108
2018-06-17 00:00:00 UTC,462,-1245,367638480,0.1825
2018-06-17 00:00:00 UTC,462,-43,227415000,5.3541666666666661
2018-06-17 00:00:00 UTC,718,303,257309440,6.3070833333333338
2018-06-17 00:00:00 UTC,718,302,257309440,6.814166666666666
2018-06-17 00:00:00 UTC,718,296,257737500,2.4719444444444436
2018-06-17 00:00:00 UTC,718,444,273295700,0.47319444444444442
2018-06-17 00:00:00 UTC,718,442,273295700,0.57541666666666669
2018-06-17 00:00:00 UTC,718,443,273295700,0.57055555555555548
2018-06-17 00:00:00 UTC,718,453,273295700,1.441111111111111
2018-06-17 00:00:00 UTC,718,454,273295700,1.0083333333333333
2018-06-17 00:00:00 UTC,718,446,273295700,0.54444444444444429
2018-06-17 00:00:00 UTC,718,441,273295700,0.49319444444444449
2018-06-17 00:00:00 UTC,718,445,273295700,0.65958333333333352
2018-06-17 00:00:00 UTC,718,303,257484700,5.5422222222222217
2018-06-17 00:00:00 UTC,718,441,273891000,2.1984722222222226
2018-06-17 00:00:00 UTC,718,438,273891000,1.106527777777778
2018-06-17 00:00:00 UTC,718,439,273891000,2.3577777777777773
2018-06-17 00:00:00 UTC,718,440,273891000,3.8561111111111113
2018-06-17 00:00:00 UTC,718,156,257825500,1.3086111111111114
2018-06-17 00:00:00 UTC,718,157,257825500,0.50736111111111115
2018-06-17 00:00:00 UTC,718,297,257767390,2.5605555555555553
2018-06-17 00:00:00 UTC,718,302,257038310,1.2661111111111112
2018-06-17 00:00:00 UTC,718,301,257038310,0.34875
2018-06-17 00:00:00 UTC,-306,1533,503007240,0.36291666666666667
2018-06-17 00:00:00 UTC,-306,1534,503007240,0.27055555555555555
2018-06-17 00:00:00 UTC,-306,374,224101950,0.53750000000000009
2018-06-17 00:00:00 UTC,-306,-1523,576679000,1.816111111111111
2018-06-17 00:00:00 UTC,-306,-1524,576679000,0.84777777777777785
2018-06-17 00:00:00 UTC,-306,-502,700000100,9.7383333333333333
2018-06-17 00:00:00 UTC,-306,-501,700000100,0.35527777777777775
2018-06-17 00:00:00 UTC,-306,-1521,576609000,3.7752777777777777
2018-06-17 00:00:00 UTC,-306,-1598,416005097,0.6529166666666667
2018-06-17 00:00:00 UTC,-50,-1630,416002825,1.0833333333333333
2018-06-17 00:00:00 UTC,-50,-1503,412328714,0.68833333333333324
2018-06-17 00:00:00 UTC,-50,-1504,412328714,0.86569444444444432
2018-06-17 00:00:00 UTC,-50,-1491,577290000,0.27583333333333332
2018-06-17 00:00:00 UTC,-50,-1489,577290000,0.96583333333333321
2018-06-17 00:00:00 UTC,-50,-1495,577290000,2.3561111111111108
2018-06-17 00:00:00 UTC,-50,-1490,577290000,0.22097222222222224
2018-06-17 00:00:00 UTC,-50,-1493,577290000,0.45486111111111105
2018-06-17 00:00:00 UTC,-50,-1492,577290000,0.17791666666666667
2018-06-17 00:00:00 UTC,-50,1742,440895000,1.9744444444444444
2018-06-17 00:00:00 UTC,-50,1740,440895000,0.20777777777777781
2018-06-17 00:00:00 UTC,-50,1743,440895000,2.580138888888889
2018-06-17 00:00:00 UTC,-50,1744,440895000,1.7130555555555551
2018-06-17 00:00:00 UTC,-50,114,224510000,0.23166666666666666
2018-06-17 00:00:00 UTC,-50,112,224510000,2.7691666666666661
2018-06-17 00:00:00 UTC,-50,113,224510000,4.1920833333333318
2018-06-17 00:00:00 UTC,-50,1481,576595000,1.5540277777777778
2018-06-17 00:00:00 UTC,-50,1494,416001084,7.6812500000000012
2018-06-17 00:00:00 UTC,-50,1492,416001084,3.6968055555555548
2018-06-17 00:00:00 UTC,-50,665,417000019,1.4052777777777778
2018-06-17 00:00:00 UTC,-50,666,417000019,3.93375
2018-06-17 00:00:00 UTC,-50,664,417000019,0.12694444444444444
2018-06-17 00:00:00 UTC,-50,1721,416003414,2.1508333333333334
2018-06-17 00:00:00 UTC,-50,-1672,412328792,2.1155555555555559
2018-06-17 00:00:00 UTC,-50,1653,416003162,0.57222222222222219
2018-06-17 00:00:00 UTC,-50,640,533130586,3.6569444444444446
2018-06-17 00:00:00 UTC,-50,642,533130586,1.4340277777777777
2018-06-17 00:00:00 UTC,-50,639,533130586,6.3740277777777781
2018-06-17 00:00:00 UTC,-50,1744,440636000,0.43472222222222223
2018-06-17 00:00:00 UTC,-50,1741,440636000,2.1195833333333334
2018-06-17 00:00:00 UTC,-50,1740,440636000,1.5654166666666667
2018-06-17 00:00:00 UTC,-50,1745,440636000,0.41513888888888889
2018-06-17 00:00:00 UTC,-50,1738,440636000,0.76902777777777775
2018-06-17 00:00:00 UTC,-50,1739,440636000,1.6472222222222224
2018-06-17 00:00:00 UTC,-50,1742,440636000,1.0559722222222221
2018-06-17 00:00:00 UTC,-50,112,224060000,1.8940277777777781
2018-06-17 00:00:00 UTC,-50,114,224060000,0.2729166666666667
2018-06-17 00:00:00 UTC,-50,113,224060000,5.2470833333333333
2018-06-17 00:00:00 UTC,-50,-1639,416221800,2.9858333333333333
2018-06-17 00:00:00 UTC,-50,-1640,416221800,1.0047222222222223
2018-06-17 00:00:00 UTC,-50,1650,416005482,1.088611111111111
2018-06-17 00:00:00 UTC,-50,1488,416198800,3.1738888888888885
2018-06-17 00:00:00 UTC,-50,1487,416198800,4.50513888888889
2018-06-17 00:00:00 UTC,-50,1486,416198800,7.4722222222222232
2018-06-17 00:00:00 UTC,-50,1748,440900000,0.98597222222222225
2018-06-17 00:00:00 UTC,-50,1750,440900000,0.6413888888888889
2018-06-17 00:00:00 UTC,-50,1753,440900000,0.74472222222222229
2018-06-17 00:00:00 UTC,-50,1755,440900000,0.43361111111111111
2018-06-17 00:00:00 UTC,-50,1754,440900000,0.69208333333333338
2018-06-17 00:00:00 UTC,-50,1752,440900000,0.72611111111111115
2018-06-17 00:00:00 UTC,-50,1751,440900000,0.5377777777777778
2018-06-17 00:00:00 UTC,-50,1694,416002981,0.33
2018-06-17 00:00:00 UTC,-50,1692,416002981,2.8184722222222223
2018-06-17 00:00:00 UTC,-50,1693,416002981,0.73194444444444451
2018-06-17 00:00:00 UTC,-50,1636,416199600,0.91180555555555565
2018-06-17 00:00:00 UTC,-50,1639,416199600,0.91694444444444445
2018-06-17 00:00:00 UTC,-50,1638,416199600,0.86874999999999991
2018-06-17 00:00:00 UTC,-50,1637,416199600,0.92416666666666658
2018-06-17 00:00:00 UTC,-50,1635,416199600,4.4608333333333334
2018-06-17 00:00:00 UTC,-50,1634,416199600,4.41875
2018-06-17 00:00:00 UTC,-50,113,224300000,5.1073611111111115
2018-06-17 00:00:00 UTC,-50,114,224300000,0.30972222222222223
2018-06-17 00:00:00 UTC,-50,112,224300000,3.18
2018-06-17 00:00:00 UTC,207,1552,431000857,6.0159722222222225
2018-06-17 00:00:00 UTC,207,1570,431377000,0.60263888888888884
2018-06-17 00:00:00 UTC,207,1572,431377000,0.54208333333333336
2018-06-17 00:00:00 UTC,207,1569,431377000,0.78763888888888889
2018-06-17 00:00:00 UTC,207,1571,431377000,0.41430555555555559
2018-06-17 00:00:00 UTC,207,1551,431000168,0.42624999999999996
2018-06-17 00:00:00 UTC,207,1552,431000168,0.69208333333333338
2018-06-17 00:00:00 UTC,207,1516,431602316,0.72916666666666663
2018-06-17 00:00:00 UTC,207,-1123,345080500,5.0173611111111125
2018-06-17 00:00:00 UTC,207,1569,431501260,1.0633333333333335
2018-06-17 00:00:00 UTC,207,1570,431501260,2.36125
2018-06-17 00:00:00 UTC,207,-173,412440283,4.5231944444444441
2018-06-17 00:00:00 UTC,207,-174,412440285,4.05125
2018-06-17 00:00:00 UTC,207,-1440,576737000,1.9275000000000002
2018-06-17 00:00:00 UTC,207,-1441,576737000,0.856111111111111
2018-06-17 00:00:00 UTC,463,-24,228229900,0.58055555555555549
2018-06-17 00:00:00 UTC,463,-23,228229900,6.0047222222222212
2018-06-17 00:00:00 UTC,463,-22,228229900,0.30986111111111114
2018-06-17 00:00:00 UTC,463,-474,276831000,2.3802777777777773
2018-06-17 00:00:00 UTC,463,-473,276831000,1.6933333333333331
2018-06-17 00:00:00 UTC,463,-26,227806000,2.7455555555555557
2018-06-17 00:00:00 UTC,463,-27,227806000,5.3997222222222225
2018-06-17 00:00:00 UTC,463,-17,227315570,8.50986111111111
2018-06-17 00:00:00 UTC,463,-29,228224900,1.7486111111111113
2018-06-17 00:00:00 UTC,463,1405,273811100,0.34736111111111112
2018-06-17 00:00:00 UTC,463,1404,273811100,0.94611111111111124
2018-06-17 00:00:00 UTC,463,-563,361000100,5.4066666666666681
2018-06-17 00:00:00 UTC,463,-562,361000100,14.162777777777775
2018-06-17 00:00:00 UTC,463,-39,227416000,4.0890277777777779
2018-06-17 00:00:00 UTC,463,-28,228253900,1.8697222222222223
2018-06-17 00:00:00 UTC,463,-44,228854000,0.25638888888888889
2018-06-17 00:00:00 UTC,463,-43,228854000,1.125
2018-06-17 00:00:00 UTC,463,-23,228235000,1.8020833333333335
2018-06-17 00:00:00 UTC,463,-21,228235000,1.2137499999999999
2018-06-17 00:00:00 UTC,463,-22,228235000,1.2787500000000003
2018-06-17 00:00:00 UTC,719,290,257490700,1.5155555555555553
2018-06-17 00:00:00 UTC,719,292,257490700,0.69666666666666666
2018-06-17 00:00:00 UTC,719,291,257490700,0.74458333333333337
2018-06-17 00:00:00 UTC,719,289,257490700,1.0127777777777778
2018-06-17 00:00:00 UTC,719,288,257490700,5.0529166666666665
2018-06-17 00:00:00 UTC,719,306,257555500,7.6125
2018-06-17 00:00:00 UTC,719,447,273295700,0.56152777777777774
2018-06-17 00:00:00 UTC,719,452,273295700,1.3727777777777779
2018-06-17 00:00:00 UTC,719,449,273295700,0.58291666666666653
2018-06-17 00:00:00 UTC,719,455,273295700,4.9359722222222242
2018-06-17 00:00:00 UTC,719,454,273295700,5.4341666666666661
2018-06-17 00:00:00 UTC,719,453,273295700,2.7868055555555555
2018-06-17 00:00:00 UTC,719,456,273295700,0.78236111111111106
2018-06-17 00:00:00 UTC,719,448,273295700,0.43916666666666659
2018-06-17 00:00:00 UTC,719,451,273295700,0.50763888888888886
2018-06-17 00:00:00 UTC,719,450,273295700,0.4284722222222222
2018-06-17 00:00:00 UTC,719,182,258319000,0.56430555555555562
2018-06-17 00:00:00 UTC,719,303,257484700,11.017222222222223
2018-06-17 00:00:00 UTC,719,193,257209000,0.35972222222222222
2018-06-17 00:00:00 UTC,719,442,273891000,1.3486111111111108
2018-06-17 00:00:00 UTC,719,441,273891000,1.5944444444444446
2018-06-17 00:00:00 UTC,719,302,257038310,1.9277777777777778
2018-06-17 00:00:00 UTC,-305,-1524,576679000,1.5175
2018-06-17 00:00:00 UTC,-305,-1525,576679000,2.86125
2018-06-17 00:00:00 UTC,-305,-501,700000100,5.0370833333333342
2018-06-17 00:00:00 UTC,-305,-1726,416002948,2.5304166666666665
2018-06-17 00:00:00 UTC,-305,-1522,576609000,1.8555555555555552
2018-06-17 00:00:00 UTC,-49,-1630,416002825,0.30555555555555564
2018-06-17 00:00:00 UTC,-49,-1500,412328714,2.3559722222222219
2018-06-17 00:00:00 UTC,-49,-1502,412328714,1.1493055555555556
2018-06-17 00:00:00 UTC,-49,-1506,412328714,1.1179166666666667
2018-06-17 00:00:00 UTC,-49,1653,933621006,1.3409722222222222
2018-06-17 00:00:00 UTC,-49,-1491,577290000,2.0926388888888887
2018-06-17 00:00:00 UTC,-49,-1490,577290000,3.763611111111111
2018-06-17 00:00:00 UTC,-49,1744,440895000,1.2349999999999999
2018-06-17 00:00:00 UTC,-49,-371,710001434,1.0013888888888889
2018-06-17 00:00:00 UTC,-49,113,224510000,2.7534722222222223
2018-06-17 00:00:00 UTC,-49,111,224510000,0.3840277777777778
2018-06-17 00:00:00 UTC,-49,112,224510000,6.7744444444444456
2018-06-17 00:00:00 UTC,-49,1482,576595000,2.6356944444444448
2018-06-17 00:00:00 UTC,-49,1492,416001084,5.8443055555555556
2018-06-17 00:00:00 UTC,-49,1493,416001084,1.0198611111111111
2018-06-17 00:00:00 UTC,-49,1494,416001084,2.7316666666666665
2018-06-17 00:00:00 UTC,-49,1632,416004687,2.3051388888888891
2018-06-17 00:00:00 UTC,-49,1634,416004687,3.752361111111111
2018-06-17 00:00:00 UTC,-49,1633,416004687,0.10416666666666667
2018-06-17 00:00:00 UTC,-49,664,417000019,1.2145833333333331
2018-06-17 00:00:00 UTC,-49,663,417000019,10.378472222222221
2018-06-17 00:00:00 UTC,-49,1721,416003414,0.981111111111111
2018-06-17 00:00:00 UTC,-49,1719,416003414,0.89111111111111108
2018-06-17 00:00:00 UTC,-49,1720,416003414,4.5863888888888882
2018-06-17 00:00:00 UTC,-49,1653,416003162,1.0347222222222221
2018-06-17 00:00:00 UTC,-49,639,533130586,5.6115277777777779
2018-06-17 00:00:00 UTC,-49,641,533130586,1.1211111111111109
2018-06-17 00:00:00 UTC,-49,1741,440636000,1.8220833333333335
2018-06-17 00:00:00 UTC,-49,1742,440636000,0.71722222222222221
2018-06-17 00:00:00 UTC,-49,1744,440636000,1.2290277777777776
2018-06-17 00:00:00 UTC,-49,113,224060000,1.755
2018-06-17 00:00:00 UTC,-49,111,224060000,0.38638888888888889
2018-06-17 00:00:00 UTC,-49,112,224060000,3.4476388888888896
2018-06-17 00:00:00 UTC,-49,-1640,416221800,3.0002777777777783
2018-06-17 00:00:00 UTC,-49,-1639,416221800,1.8411111111111111
2018-06-17 00:00:00 UTC,-49,1487,416002154,1.933888888888889
2018-06-17 00:00:00 UTC,-49,1488,416002154,3.66
2018-06-17 00:00:00 UTC,-49,1650,416005482,0.82958333333333345
2018-06-17 00:00:00 UTC,-49,1648,416002946,0.65611111111111109
2018-06-17 00:00:00 UTC,-49,-1514,431500430,1.9238888888888881
2018-06-17 00:00:00 UTC,-49,-224,627994000,0.25805555555555554
2018-06-17 00:00:00 UTC,-49,1748,440900000,1.8102777777777777
2018-06-17 00:00:00 UTC,-49,1756,440900000,0.35791666666666666
2018-06-17 00:00:00 UTC,-49,1755,440900000,0.63180555555555562
2018-06-17 00:00:00 UTC,-49,1634,416199600,4.4979166666666659
2018-06-17 00:00:00 UTC,-49,1675,440931000,0.62402777777777763
2018-06-17 00:00:00 UTC,-49,1763,440941000,1.0969444444444443
2018-06-17 00:00:00 UTC,-49,1764,440941000,0.47805555555555557
2018-06-17 00:00:00 UTC,-49,1761,440941000,1.9602777777777778
2018-06-17 00:00:00 UTC,-49,1762,440941000,2.8213888888888889
2018-06-17 00:00:00 UTC,-49,1760,440941000,3.4930555555555558
2018-06-17 00:00:00 UTC,-49,1720,888366805,3.2961111111111108
2018-06-17 00:00:00 UTC,-49,535,664000218,10.510833333333334
2018-06-17 00:00:00 UTC,-49,112,224300000,2.8751388888888885
2018-06-17 00:00:00 UTC,-49,111,224300000,0.40736111111111112
2018-06-17 00:00:00 UTC,-49,113,224300000,0.19833333333333333
2018-06-17 00:00:00 UTC,-49,1699,440886000,0.66472222222222221
2018-06-17 00:00:00 UTC,208,-170,273219600,3.8243055555555552
2018-06-17 00:00:00 UTC,208,-171,273219600,5.957361111111112
2018-06-17 00:00:00 UTC,208,1551,431000857,2.0430555555555556
2018-06-17 00:00:00 UTC,208,1405,431500370,11.777638888888889
2018-06-17 00:00:00 UTC,208,1578,431377000,3.255
2018-06-17 00:00:00 UTC,208,1583,431377000,2.6731944444444444
2018-06-17 00:00:00 UTC,208,1580,431377000,0.52999999999999992
2018-06-17 00:00:00 UTC,208,1585,431377000,0.17222222222222222
2018-06-17 00:00:00 UTC,208,1579,431377000,5.6801388888888891
2018-06-17 00:00:00 UTC,208,1584,431377000,1.1322222222222222
2018-06-17 00:00:00 UTC,208,1553,431000168,1.4445833333333333
2018-06-17 00:00:00 UTC,208,1517,431602316,3.0302777777777776
2018-06-17 00:00:00 UTC,208,-1440,576737000,1.1047222222222222
2018-06-17 00:00:00 UTC,208,-1441,576737000,0.60555555555555562
2018-06-17 00:00:00 UTC,464,-474,276831000,1.1594444444444445
2018-06-17 00:00:00 UTC,464,-473,276831000,1.4819444444444445
2018-06-17 00:00:00 UTC,464,-1245,367161930,0.05375
2018-06-17 00:00:00 UTC,464,-19,227878000,1.4401388888888895
2018-06-17 00:00:00 UTC,464,-18,227315570,0.42458333333333331
2018-06-17 00:00:00 UTC,464,-17,227315570,0.40333333333333327
2018-06-17 00:00:00 UTC,464,-29,228224900,2.2190277777777778
2018-06-17 00:00:00 UTC,464,-562,361000100,4.5186111111111114
2018-06-17 00:00:00 UTC,464,-39,227416000,1.8916666666666666
2018-06-17 00:00:00 UTC,464,-29,228253900,13.361111111111112
2018-06-17 00:00:00 UTC,464,1426,273358560,0.18222222222222223
2018-06-17 00:00:00 UTC,464,-569,316001514,5.065
2018-06-17 00:00:00 UTC,464,-44,228854000,0.39986111111111111
2018-06-17 00:00:00 UTC,464,-38,227307000,4.4170833333333324
2018-06-17 00:00:00 UTC,720,288,257490700,5.7055555555555539
2018-06-17 00:00:00 UTC,720,287,257490700,2.6126388888888887
2018-06-17 00:00:00 UTC,720,282,257490700,0.066666666666666666
2018-06-17 00:00:00 UTC,720,306,257555500,2.7613888888888889
2018-06-17 00:00:00 UTC,720,479,273292400,0.34180555555555558
2018-06-17 00:00:00 UTC,720,476,273292400,0.47472222222222221
2018-06-17 00:00:00 UTC,720,474,273292400,5.3223611111111122
2018-06-17 00:00:00 UTC,720,471,273292400,1.1519444444444447
2018-06-17 00:00:00 UTC,720,482,273292400,1.8777777777777775
2018-06-17 00:00:00 UTC,720,475,273292400,0.98638888888888876
2018-06-17 00:00:00 UTC,720,484,273292400,0.44027777777777777
2018-06-17 00:00:00 UTC,720,480,273292400,0.63583333333333336
2018-06-17 00:00:00 UTC,720,473,273292400,6.5854166666666671
2018-06-17 00:00:00 UTC,720,477,273292400,0.81625
2018-06-17 00:00:00 UTC,720,483,273292400,0.72263888888888883
2018-06-17 00:00:00 UTC,720,472,273292400,1.6962499999999998
2018-06-17 00:00:00 UTC,720,478,273292400,0.78361111111111126
2018-06-17 00:00:00 UTC,720,481,273292400,1.4483333333333333
2018-06-17 00:00:00 UTC,720,183,258319000,4.4102777777777789
2018-06-17 00:00:00 UTC,720,182,258319000,3.5716666666666663
2018-06-17 00:00:00 UTC,720,475,273516000,1.117361111111111
2018-06-17 00:00:00 UTC,720,485,273516000,1.5509722222222222
2018-06-17 00:00:00 UTC,720,481,273516000,1.1823611111111112
2018-06-17 00:00:00 UTC,720,483,273516000,3.0765277777777773
2018-06-17 00:00:00 UTC,720,478,273516000,1.8731944444444444
2018-06-17 00:00:00 UTC,720,476,273516000,1.12625
2018-06-17 00:00:00 UTC,720,473,273516000,1.2545833333333332
2018-06-17 00:00:00 UTC,720,482,273516000,1.7655555555555553
2018-06-17 00:00:00 UTC,720,472,273516000,0.790138888888889
2018-06-17 00:00:00 UTC,720,474,273516000,1.0484722222222222
2018-06-17 00:00:00 UTC,720,480,273516000,0.9802777777777778
2018-06-17 00:00:00 UTC,720,477,273516000,1.6802777777777775
2018-06-17 00:00:00 UTC,720,479,273516000,1.5398611111111109
2018-06-17 00:00:00 UTC,720,484,273516000,2.4062499999999996
2018-06-17 00:00:00 UTC,-304,-814,431893000,1.1958333333333333
2018-06-17 00:00:00 UTC,-304,1536,503007240,0.3676388888888889
2018-06-17 00:00:00 UTC,-304,375,224101950,0.065555555555555561
2018-06-17 00:00:00 UTC,-304,-1526,576679000,0.80402777777777756
2018-06-17 00:00:00 UTC,-304,-1525,576679000,0.77736111111111117
2018-06-17 00:00:00 UTC,-304,-500,700000100,5.1005555555555553
2018-06-17 00:00:00 UTC,-304,-1523,576609000,0.90250000000000008
2018-06-17 00:00:00 UTC,-304,-1536,576609000,0.71069444444444452
2018-06-17 00:00:00 UTC,-304,-1540,576609000,0.15236111111111111
2018-06-17 00:00:00 UTC,-304,-1541,576609000,0.18486111111111109
2018-06-17 00:00:00 UTC,-304,-1534,576609000,0.600972222222222
2018-06-17 00:00:00 UTC,-304,-1542,576609000,0.83736111111111111
2018-06-17 00:00:00 UTC,-304,-1535,576609000,0.43194444444444452
2018-06-17 00:00:00 UTC,-304,-1524,576609000,1.2695833333333333
2018-06-17 00:00:00 UTC,-304,-1537,576609000,0.38375000000000004
2018-06-17 00:00:00 UTC,-304,-1599,416005097,0.81888888888888889
2018-06-17 00:00:00 UTC,-48,-1507,412328714,1.2447222222222225
2018-06-17 00:00:00 UTC,-48,-1506,412328714,5.3620833333333335
2018-06-17 00:00:00 UTC,-48,1653,933621005,3.1244444444444444
2018-06-17 00:00:00 UTC,-48,1653,933621006,0.28180555555555559
2018-06-17 00:00:00 UTC,-48,-1493,577290000,1.9412500000000001
2018-06-17 00:00:00 UTC,-48,-1492,577290000,1.655
2018-06-17 00:00:00 UTC,-48,-1491,577290000,1.8155555555555554
2018-06-17 00:00:00 UTC,-48,-1489,577290000,1.8991666666666667
2018-06-17 00:00:00 UTC,-48,-1494,577290000,2.8369444444444447
2018-06-17 00:00:00 UTC,-48,-1490,577290000,1.6480555555555554
2018-06-17 00:00:00 UTC,-48,111,224510000,2.8522222222222231
2018-06-17 00:00:00 UTC,-48,112,224510000,2.7020833333333325
2018-06-17 00:00:00 UTC,-48,1484,576595000,0.67958333333333332
2018-06-17 00:00:00 UTC,-48,1483,576595000,2.8044444444444445
2018-06-17 00:00:00 UTC,-48,1632,416004687,1.0956944444444443
2018-06-17 00:00:00 UTC,-48,662,417000019,7.90013888888889
2018-06-17 00:00:00 UTC,-48,1720,416003414,1.2111111111111108
2018-06-17 00:00:00 UTC,-48,1653,416003162,0.30027777777777775
2018-06-17 00:00:00 UTC,-48,1742,440636000,1.9476388888888887
2018-06-17 00:00:00 UTC,-48,1743,440636000,0.80777777777777771
2018-06-17 00:00:00 UTC,-48,111,224060000,0.64124999999999988
2018-06-17 00:00:00 UTC,-48,112,224060000,1.32625
2018-06-17 00:00:00 UTC,-48,-1640,416221800,2.2784722222222222
2018-06-17 00:00:00 UTC,-48,-1639,416221800,1.0098611111111111
2018-06-17 00:00:00 UTC,-48,1486,416002154,16.065555555555555
2018-06-17 00:00:00 UTC,-48,1484,416002154,1.6761111111111111
2018-06-17 00:00:00 UTC,-48,1485,416002154,0.87458333333333327
2018-06-17 00:00:00 UTC,-48,1650,416005482,0.45583333333333326
2018-06-17 00:00:00 UTC,-48,1648,416002946,0.82000000000000006
2018-06-17 00:00:00 UTC,-48,1737,440645000,1.6115277777777772
2018-06-17 00:00:00 UTC,-48,-1513,431500430,1.3641666666666663
2018-06-17 00:00:00 UTC,-48,-224,627994000,0.88305555555555548
2018-06-17 00:00:00 UTC,-48,1747,440900000,1.766249999999999
2018-06-17 00:00:00 UTC,-48,1746,440900000,0.60902777777777772
2018-06-17 00:00:00 UTC,-48,1748,440900000,1.0143055555555553
2018-06-17 00:00:00 UTC,-48,1636,416199600,1.152638888888889
2018-06-17 00:00:00 UTC,-48,1634,416199600,1.6980555555555554
2018-06-17 00:00:00 UTC,-48,1697,440590000,0.62291666666666667
2018-06-17 00:00:00 UTC,-48,1675,440931000,0.54388888888888887
2018-06-17 00:00:00 UTC,-48,1759,440952000,0.84375000000000011
2018-06-17 00:00:00 UTC,-48,1764,440941000,0.16402777777777777
2018-06-17 00:00:00 UTC,-48,1763,440941000,1.8869444444444441
2018-06-17 00:00:00 UTC,-48,1761,440941000,0.61055555555555552
2018-06-17 00:00:00 UTC,-48,1762,440941000,0.68277777777777782
2018-06-17 00:00:00 UTC,-48,1760,440941000,1.3748611111111109
2018-06-17 00:00:00 UTC,-48,1720,888366805,0.62430555555555556
2018-06-17 00:00:00 UTC,-48,-1669,412333794,0.85444444444444434
2018-06-17 00:00:00 UTC,-48,-1668,412333794,1.2416666666666667
2018-06-17 00:00:00 UTC,-48,1697,440886000,1.5656944444444445
2018-06-17 00:00:00 UTC,-48,1698,440886000,2.2704166666666663
2018-06-17 00:00:00 UTC,-48,1699,440886000,1.2620833333333334
2018-06-17 00:00:00 UTC,209,1547,431000857,2.822222222222222
2018-06-17 00:00:00 UTC,209,1549,431000857,4.2061111111111114
2018-06-17 00:00:00 UTC,209,1551,431000857,2.739583333333333
2018-06-17 00:00:00 UTC,209,1580,431377000,3.7344444444444447
2018-06-17 00:00:00 UTC,209,1558,431000168,1.3630555555555555
2018-06-17 00:00:00 UTC,209,1495,431602092,0.77069444444444446
2018-06-17 00:00:00 UTC,209,-1440,576737000,1.2865277777777779
2018-06-17 00:00:00 UTC,209,-1441,576737000,0.64097222222222228
2018-06-17 00:00:00 UTC,209,1403,431501805,17.575694444444444
2018-06-17 00:00:00 UTC,465,-45,228131600,2.2470833333333333
2018-06-17 00:00:00 UTC,465,-44,228131600,0.22486111111111112
2018-06-17 00:00:00 UTC,465,-46,228131600,1.0484722222222222
2018-06-17 00:00:00 UTC,465,-46,228138000,2.6781944444444443
2018-06-17 00:00:00 UTC,465,-473,276831000,1.1573611111111111
2018-06-17 00:00:00 UTC,465,-22,228216600,0.17291666666666669
2018-06-17 00:00:00 UTC,465,-38,228107800,3.3812499999999996
2018-06-17 00:00:00 UTC,465,-45,227443000,2.1368055555555556
2018-06-17 00:00:00 UTC,465,-44,227443000,6.1416666666666666
2018-06-17 00:00:00 UTC,465,-46,228157000,4.1909722222222223
2018-06-17 00:00:00 UTC,465,-1245,367161930,11.061805555555557
2018-06-17 00:00:00 UTC,465,-23,227878000,3.0888888888888886
2018-06-17 00:00:00 UTC,465,-20,227878000,6.986944444444446
2018-06-17 00:00:00 UTC,465,-21,227878000,1.494027777777778
2018-06-17 00:00:00 UTC,465,-19,227878000,0.55694444444444446
2018-06-17 00:00:00 UTC,465,-22,227878000,2.0641666666666665
2018-06-17 00:00:00 UTC,465,-29,228224900,1.0948611111111111
2018-06-17 00:00:00 UTC,465,1394,273811100,0.62333333333333329
2018-06-17 00:00:00 UTC,465,-45,228137900,0.79041666666666666
2018-06-17 00:00:00 UTC,465,-46,228137900,2.7491666666666665
2018-06-17 00:00:00 UTC,465,-40,227416000,4.0641666666666669
2018-06-17 00:00:00 UTC,465,-42,227416000,6.9330555555555557
2018-06-17 00:00:00 UTC,465,-39,227416000,2.5177777777777779
2018-06-17 00:00:00 UTC,465,-21,228888000,1.2816666666666665
2018-06-17 00:00:00 UTC,465,-23,228888000,0.45263888888888887
2018-06-17 00:00:00 UTC,465,-22,228888000,1.553333333333333
2018-06-17 00:00:00 UTC,465,-20,228888000,1.2705555555555554
2018-06-17 00:00:00 UTC,465,-44,227415000,2.9386111111111113
2018-06-17 00:00:00 UTC,465,-45,228854000,0.84847222222222218
2018-06-17 00:00:00 UTC,465,-44,228854000,2.07625
2018-06-17 00:00:00 UTC,465,-35,228854000,0.22486111111111109
2018-06-17 00:00:00 UTC,721,288,257490700,0.56944444444444442
2018-06-17 00:00:00 UTC,721,287,257490700,0.30777777777777776
2018-06-17 00:00:00 UTC,721,278,257490700,1.0272222222222223
2018-06-17 00:00:00 UTC,721,306,257555500,3.2022222222222219
2018-06-17 00:00:00 UTC,721,181,258319000,2.1138888888888889
2018-06-17 00:00:00 UTC,721,182,258319000,3.9823611111111115
2018-06-17 00:00:00 UTC,721,183,258319000,0.91388888888888886
2018-06-17 00:00:00 UTC,721,472,273516000,0.793888888888889
2018-06-17 00:00:00 UTC,721,471,273516000,1.5543055555555552
2018-06-17 00:00:00 UTC,-303,-810,431893000,0.59027777777777779
2018-06-17 00:00:00 UTC,-303,-813,431893000,0.85402777777777772
2018-06-17 00:00:00 UTC,-303,-812,431893000,1.3123611111111113
2018-06-17 00:00:00 UTC,-303,-814,431893000,0.46652777777777776
2018-06-17 00:00:00 UTC,-303,-811,431893000,0.59722222222222221
2018-06-17 00:00:00 UTC,-303,376,224101950,0.22763888888888889
2018-06-17 00:00:00 UTC,-303,377,224101950,0.097916666666666666
2018-06-17 00:00:00 UTC,-303,-1528,576679000,2.0798611111111112
2018-06-17 00:00:00 UTC,-303,-1601,416005097,0.68388888888888877
2018-06-17 00:00:00 UTC,-303,-1599,416005097,0.81555555555555559
2018-06-17 00:00:00 UTC,-303,-1602,416005097,0.72180555555555548
2018-06-17 00:00:00 UTC,-303,-1600,416005097,0.9075000000000002
2018-06-17 00:00:00 UTC,-47,-1507,577258000,4.4233333333333329
2018-06-17 00:00:00 UTC,-47,-1506,577258000,0.84236111111111112
2018-06-17 00:00:00 UTC,-47,1739,440788000,1.2968055555555553
2018-06-17 00:00:00 UTC,-47,1740,440788000,0.7629166666666668
2018-06-17 00:00:00 UTC,-47,1738,440788000,0.3675
2018-06-17 00:00:00 UTC,-47,1741,440788000,0.19291666666666665
2018-06-17 00:00:00 UTC,-47,1484,576595000,5.035
2018-06-17 00:00:00 UTC,-47,1487,576595000,10.394166666666667
2018-06-17 00:00:00 UTC,-47,1485,576595000,2.285277777777778
2018-06-17 00:00:00 UTC,-47,87,306120000,5.465416666666667
2018-06-17 00:00:00 UTC,-47,1636,416004687,0.72736111111111112
2018-06-17 00:00:00 UTC,-47,1637,416004687,0.27375
2018-06-17 00:00:00 UTC,-47,1632,416004687,4.920694444444444
2018-06-17 00:00:00 UTC,-47,1720,416003414,1.0883333333333334
2018-06-17 00:00:00 UTC,-47,1653,416003162,0.43624999999999997
2018-06-17 00:00:00 UTC,-47,-1640,416221800,4.3447222222222219
2018-06-17 00:00:00 UTC,-47,-1639,416221800,0.78069444444444436
2018-06-17 00:00:00 UTC,-47,1648,416002946,0.50097222222222215
2018-06-17 00:00:00 UTC,-47,1649,416002946,0.49
2018-06-17 00:00:00 UTC,-47,1741,440645000,0.24916666666666668
2018-06-17 00:00:00 UTC,-47,1742,440645000,1.0363888888888888
2018-06-17 00:00:00 UTC,-47,1737,440645000,1.7548611111111105
2018-06-17 00:00:00 UTC,-47,1743,440645000,0.815277777777778
2018-06-17 00:00:00 UTC,-47,-1513,431500430,2.907083333333333
2018-06-17 00:00:00 UTC,-47,1657,416004242,0.4868055555555556
2018-06-17 00:00:00 UTC,-47,1718,440623000,3.548888888888889
2018-06-17 00:00:00 UTC,-47,1714,440623000,2.2081944444444446
2018-06-17 00:00:00 UTC,-47,1713,440623000,3.5090277777777779
2018-06-17 00:00:00 UTC,-47,1715,440623000,4.6691666666666665
2018-06-17 00:00:00 UTC,-47,1746,440900000,1.4763888888888888
2018-06-17 00:00:00 UTC,-47,1744,440900000,3.8240277777777778
2018-06-17 00:00:00 UTC,-47,1745,440900000,2.5406944444444441
2018-06-17 00:00:00 UTC,-47,1634,416199600,4.1669444444444448
2018-06-17 00:00:00 UTC,-47,1697,440590000,2.2313888888888886
2018-06-17 00:00:00 UTC,-47,1675,440931000,0.80625
2018-06-17 00:00:00 UTC,-47,1755,440952000,0.50041666666666673
2018-06-17 00:00:00 UTC,-47,1754,440952000,0.48000000000000004
2018-06-17 00:00:00 UTC,-47,1758,440952000,0.18569444444444444
2018-06-17 00:00:00 UTC,-47,1759,440952000,0.058194444444444444
2018-06-17 00:00:00 UTC,-47,1759,440941000,2.0313888888888889
2018-06-17 00:00:00 UTC,-47,1760,440941000,1.8772222222222221
2018-06-17 00:00:00 UTC,-47,1763,440941000,1.6626388888888883
2018-06-17 00:00:00 UTC,-47,1762,440941000,1.0581944444444444
2018-06-17 00:00:00 UTC,-47,1761,440941000,1.7790277777777779
2018-06-17 00:00:00 UTC,-47,95,374573000,0.29986111111111113
2018-06-17 00:00:00 UTC,-47,1720,888366805,0.41180555555555554
2018-06-17 00:00:00 UTC,-47,-1668,412333794,0.935138888888889
2018-06-17 00:00:00 UTC,-47,-1667,412333794,0.78555555555555556
2018-06-17 00:00:00 UTC,-47,-1669,412333794,0.846111111111111
2018-06-17 00:00:00 UTC,-47,1695,440886000,0.21777777777777779
2018-06-17 00:00:00 UTC,-47,1696,440886000,1.7216666666666667
2018-06-17 00:00:00 UTC,-47,1692,440886000,1.3272222222222223
2018-06-17 00:00:00 UTC,-47,1693,440886000,1.5495833333333331
2018-06-17 00:00:00 UTC,-47,1691,440886000,2.4784722222222215
2018-06-17 00:00:00 UTC,-47,1694,440886000,1.8249999999999993
2018-06-17 00:00:00 UTC,-47,1697,440886000,0.54222222222222227
2018-06-17 00:00:00 UTC,210,1556,431000168,1.0423611111111111
2018-06-17 00:00:00 UTC,210,1558,431000168,1.346111111111111
2018-06-17 00:00:00 UTC,210,1495,431602092,1.1168055555555558
2018-06-17 00:00:00 UTC,210,-1441,576737000,0.58847222222222229
2018-06-17 00:00:00 UTC,210,-1440,576737000,1.8965277777777774
2018-06-17 00:00:00 UTC,466,-45,228131600,3.4876388888888892
2018-06-17 00:00:00 UTC,466,-46,228131600,3.4795833333333333
2018-06-17 00:00:00 UTC,466,-46,228138000,1.5152777777777779
2018-06-17 00:00:00 UTC,466,-47,228138000,2.6070833333333336
2018-06-17 00:00:00 UTC,466,-473,276831000,1.9073611111111111
2018-06-17 00:00:00 UTC,466,-478,316006180,3.7863888888888888
2018-06-17 00:00:00 UTC,466,-1253,367579190,4.0876388888888888
2018-06-17 00:00:00 UTC,466,-1249,367037240,1.3851388888888889
2018-06-17 00:00:00 UTC,466,-1248,367037240,1.2629166666666669
2018-06-17 00:00:00 UTC,466,-46,228157000,3.875
2018-06-17 00:00:00 UTC,466,-45,228157000,6.9740277777777786
2018-06-17 00:00:00 UTC,466,-23,227878000,0.80402777777777779
2018-06-17 00:00:00 UTC,466,-24,227878000,2.7649999999999997
2018-06-17 00:00:00 UTC,466,-45,227355000,4.0236111111111112
2018-06-17 00:00:00 UTC,466,-1247,367463820,0.65486111111111112
2018-06-17 00:00:00 UTC,466,-1246,367463820,1.8401388888888888
2018-06-17 00:00:00 UTC,466,-36,224141980,4.4786111111111113
2018-06-17 00:00:00 UTC,466,-46,228240800,4.466388888888889
2018-06-17 00:00:00 UTC,466,-45,228137900,7.6513888888888886
2018-06-17 00:00:00 UTC,466,-46,228137900,3.3797222222222225
2018-06-17 00:00:00 UTC,466,-39,227416000,1.8598611111111114
2018-06-17 00:00:00 UTC,466,-42,227416000,5.009722222222222
2018-06-17 00:00:00 UTC,466,-24,228888000,5.3955555555555552
2018-06-17 00:00:00 UTC,466,-23,228888000,0.78472222222222221
2018-06-17 00:00:00 UTC,466,-449,263533000,6.1208333333333327
2018-06-17 00:00:00 UTC,466,-448,263533000,4.0193055555555555
2018-06-17 00:00:00 UTC,466,-44,227415000,1.3986111111111112
2018-06-17 00:00:00 UTC,466,-45,227415000,8.55
2018-06-17 00:00:00 UTC,466,-34,228854000,0.45069444444444445
2018-06-17 00:00:00 UTC,466,-41,228854000,2.1929166666666666
2018-06-17 00:00:00 UTC,466,-46,228854000,1.2595833333333333
2018-06-17 00:00:00 UTC,466,-45,228854000,2.0654166666666662
2018-06-17 00:00:00 UTC,466,-35,228854000,2.5069444444444442
2018-06-17 00:00:00 UTC,722,279,257490700,0.61458333333333348
2018-06-17 00:00:00 UTC,722,278,257490700,0.85666666666666669
2018-06-17 00:00:00 UTC,722,306,257555500,1.5743055555555556
2018-06-17 00:00:00 UTC,722,219,257618500,3.4059722222222222
2018-06-17 00:00:00 UTC,722,181,258319000,2.7391666666666667
2018-06-17 00:00:00 UTC,722,180,258319000,0.88875
2018-06-17 00:00:00 UTC,722,182,258319000,0.46916666666666668
2018-06-17 00:00:00 UTC,-302,-810,431893000,0.47055555555555556
2018-06-17 00:00:00 UTC,-302,-809,431893000,3.8854166666666661
2018-06-17 00:00:00 UTC,-302,378,224101950,1.1609722222222225
2018-06-17 00:00:00 UTC,-302,377,224101950,1.3863888888888887
2018-06-17 00:00:00 UTC,-302,-1531,576679000,1.3268055555555556
2018-06-17 00:00:00 UTC,-302,-1576,416242800,0.62083333333333346
2018-06-17 00:00:00 UTC,-302,-1577,416242800,0.037361111111111116
2018-06-17 00:00:00 UTC,-302,368,263576000,0.12486111111111112
2018-06-17 00:00:00 UTC,-302,448,232011479,0.93097222222222209
2018-06-17 00:00:00 UTC,-302,449,232011479,0.37625
2018-06-17 00:00:00 UTC,-302,43,431457000,1.1148611111111111
2018-06-17 00:00:00 UTC,-302,-1602,416005097,0.66750000000000009
2018-06-17 00:00:00 UTC,-46,-1499,412328714,2.3722222222222222
2018-06-17 00:00:00 UTC,-46,-1502,412328714,1.0330555555555554
2018-06-17 00:00:00 UTC,-46,-1503,412328714,3.6651388888888894
2018-06-17 00:00:00 UTC,-46,-1500,412328714,2.1844444444444444
2018-06-17 00:00:00 UTC,-46,-1501,412328714,1.5508333333333331
2018-06-17 00:00:00 UTC,-46,1653,933621005,2.2066666666666666
2018-06-17 00:00:00 UTC,-46,-1504,577258000,2.3566666666666665
2018-06-17 00:00:00 UTC,-46,-1502,577258000,2.4805555555555552
2018-06-17 00:00:00 UTC,-46,-1505,577258000,2.7647222222222223
2018-06-17 00:00:00 UTC,-46,-1501,577258000,1.0881944444444445
2018-06-17 00:00:00 UTC,-46,-1506,577258000,1.0755555555555556
2018-06-17 00:00:00 UTC,-46,1741,440788000,1.4291666666666667
2018-06-17 00:00:00 UTC,-46,1742,440788000,2.0058333333333334
2018-06-17 00:00:00 UTC,-46,1739,440788000,0.44861111111111107
2018-06-17 00:00:00 UTC,-46,1738,440788000,2.0222222222222221
2018-06-17 00:00:00 UTC,-46,1740,440788000,0.6744444444444444
2018-06-17 00:00:00 UTC,-46,1639,416002859,0.76999999999999991
2018-06-17 00:00:00 UTC,-46,1638,416002859,2.4458333333333329
2018-06-17 00:00:00 UTC,-46,1637,416002859,1.5862500000000002
2018-06-17 00:00:00 UTC,-46,1486,576595000,5.0581944444444451
2018-06-17 00:00:00 UTC,-46,1485,576595000,1.2595833333333331
2018-06-17 00:00:00 UTC,-46,1632,416004687,5.7354166666666666
2018-06-17 00:00:00 UTC,-46,1634,416004687,0.79291666666666671
2018-06-17 00:00:00 UTC,-46,1635,416004687,1.0577777777777777
2018-06-17 00:00:00 UTC,-46,1636,416004687,0.32597222222222222
2018-06-17 00:00:00 UTC,-46,1633,416004687,2.2381944444444453
2018-06-17 00:00:00 UTC,-46,1720,416003414,1.0804166666666668
2018-06-17 00:00:00 UTC,-46,1653,416003162,2.1693055555555554
2018-06-17 00:00:00 UTC,-46,-1639,416221800,1.033611111111111
2018-06-17 00:00:00 UTC,-46,-1640,416221800,2.5130555555555554
2018-06-17 00:00:00 UTC,-46,1649,416002946,0.78013888888888883
2018-06-17 00:00:00 UTC,-46,1698,440549000,1.9380555555555556
2018-06-17 00:00:00 UTC,-46,1749,440645000,0.10402777777777777
2018-06-17 00:00:00 UTC,-46,1743,440645000,0.73583333333333334
2018-06-17 00:00:00 UTC,-46,1655,416004242,1.3166666666666667
2018-06-17 00:00:00 UTC,-46,1656,416004242,0.93055555555555558
2018-06-17 00:00:00 UTC,-46,1657,416004242,0.38125
2018-06-17 00:00:00 UTC,-46,1715,440623000,1.1555555555555557
2018-06-17 00:00:00 UTC,-46,1717,440623000,2.608888888888889
2018-06-17 00:00:00 UTC,-46,1716,440623000,1.2993055555555557
2018-06-17 00:00:00 UTC,-46,1693,440590000,1.0645833333333334
2018-06-17 00:00:00 UTC,-46,1691,440590000,1.8404166666666666
2018-06-17 00:00:00 UTC,-46,1692,440590000,1.9577777777777772
2018-06-17 00:00:00 UTC,-46,1696,440590000,1.791666666666667
2018-06-17 00:00:00 UTC,-46,1697,440590000,0.60138888888888886
2018-06-17 00:00:00 UTC,-46,1690,440590000,1.7798611111111111
2018-06-17 00:00:00 UTC,-46,1694,440590000,1.2290277777777778
2018-06-17 00:00:00 UTC,-46,1695,440590000,1.5291666666666668
2018-06-17 00:00:00 UTC,-46,1675,440931000,1.9454166666666663
2018-06-17 00:00:00 UTC,-46,681,417001167,0.27125
2018-06-17 00:00:00 UTC,-46,680,417001167,1.2086111111111113
2018-06-17 00:00:00 UTC,-46,679,417001167,1.5645833333333332
2018-06-17 00:00:00 UTC,-46,678,417001167,0.91916666666666658
2018-06-17 00:00:00 UTC,-46,-1633,412333792,1.9861111111111112
2018-06-17 00:00:00 UTC,-46,-1632,412333792,3.9588888888888891
2018-06-17 00:00:00 UTC,-46,-1634,412333792,1.2408333333333332
2018-06-17 00:00:00 UTC,-46,-1631,412333792,0.52097222222222217
2018-06-17 00:00:00 UTC,-46,-1668,412333794,1.4020833333333333
2018-06-17 00:00:00 UTC,-46,-1665,412333794,2.8768055555555558
2018-06-17 00:00:00 UTC,-46,-1667,412333794,2.3247222222222224
2018-06-17 00:00:00 UTC,-46,-1666,412333794,1.0076388888888892
2018-06-17 00:00:00 UTC,-46,1694,440886000,0.34416666666666673
2018-06-17 00:00:00 UTC,-46,1695,440886000,1.4027777777777777
2018-06-17 00:00:00 UTC,211,1558,431000168,1.15
2018-06-17 00:00:00 UTC,211,1556,431000168,0.55430555555555561
2018-06-17 00:00:00 UTC,211,1555,431000168,1.4116666666666668
2018-06-17 00:00:00 UTC,211,1107,800049830,0.537638888888889
2018-06-17 00:00:00 UTC,211,-1441,576737000,0.77083333333333326
2018-06-17 00:00:00 UTC,211,-1440,576737000,1.4573611111111111
2018-06-17 00:00:00 UTC,467,-474,276831000,10.30361111111111
2018-06-17 00:00:00 UTC,467,-473,276831000,1.6572222222222224
2018-06-17 00:00:00 UTC,467,-1248,366979610,19.703055555555554
2018-06-17 00:00:00 UTC,467,-478,316006180,7.009722222222222
2018-06-17 00:00:00 UTC,467,-479,316006180,8.3990277777777784
2018-06-17 00:00:00 UTC,467,-1249,367037240,3.0141666666666658
2018-06-17 00:00:00 UTC,467,-1246,367340120,1.8965277777777778
2018-06-17 00:00:00 UTC,467,-45,227355000,4.104166666666667
2018-06-17 00:00:00 UTC,467,-1248,367463820,12.509722222222225
2018-06-17 00:00:00 UTC,467,-1247,367463820,6.709722222222223
2018-06-17 00:00:00 UTC,467,-1247,367171980,2.9963888888888892
2018-06-17 00:00:00 UTC,467,-1248,367171980,17.13
2018-06-17 00:00:00 UTC,467,-34,224141980,2.5806944444444451
2018-06-17 00:00:00 UTC,467,-35,224141980,5.3583333333333334
2018-06-17 00:00:00 UTC,467,-37,224141980,0.6415277777777777
2018-06-17 00:00:00 UTC,467,-36,224141980,7.4669444444444428
2018-06-17 00:00:00 UTC,467,-1256,367780770,0.33791666666666664
2018-06-17 00:00:00 UTC,467,-44,228137900,0.9175
2018-06-17 00:00:00 UTC,467,-45,228137900,2.4219444444444438
2018-06-17 00:00:00 UTC,467,-448,263533000,4.9665277777777783
2018-06-17 00:00:00 UTC,467,-449,263533000,1.585
2018-06-17 00:00:00 UTC,723,219,257618500,1.3586111111111112
2018-06-17 00:00:00 UTC,723,220,257618500,4.2883333333333331
2018-06-17 00:00:00 UTC,-557,-667,440863000,3.9651388888888883
2018-06-17 00:00:00 UTC,-557,-669,440863000,3.3815277777777784
2018-06-17 00:00:00 UTC,-557,-665,440863000,1.4077777777777778
2018-06-17 00:00:00 UTC,-557,-668,440863000,3.7070833333333333
2018-06-17 00:00:00 UTC,-557,-666,440863000,3.8291666666666666
2018-06-17 00:00:00 UTC,-557,-664,440863000,0.5975
2018-06-17 00:00:00 UTC,-301,-812,431893000,1.4265277777777778
2018-06-17 00:00:00 UTC,-301,-815,431893000,1.3830555555555555
2018-06-17 00:00:00 UTC,-301,-811,431893000,1.2401388888888889
2018-06-17 00:00:00 UTC,-301,-813,431893000,1.9029166666666666
2018-06-17 00:00:00 UTC,-301,-810,431893000,1.0505555555555555
2018-06-17 00:00:00 UTC,-301,-814,431893000,2.0013888888888891
2018-06-17 00:00:00 UTC,-301,-809,431893000,0.48638888888888887
2018-06-17 00:00:00 UTC,-301,-1735,416237600,3.8104166666666663
2018-06-17 00:00:00 UTC,-301,377,224101950,2.0591666666666657
2018-06-17 00:00:00 UTC,-301,375,224101950,0.57638888888888884
2018-06-17 00:00:00 UTC,-301,376,224101950,1.1454166666666667
2018-06-17 00:00:00 UTC,-301,-1531,576679000,0.47347222222222224
2018-06-17 00:00:00 UTC,-301,-1615,416003165,7.4047222222222224
2018-06-17 00:00:00 UTC,-301,-1572,416242800,2.4691666666666667
2018-06-17 00:00:00 UTC,-301,-1576,416242800,0.99611111111111106
2018-06-17 00:00:00 UTC,-301,-1577,416242800,0.98444444444444457
2018-06-17 00:00:00 UTC,-301,-1575,416242800,1.3372222222222223
2018-06-17 00:00:00 UTC,-301,-1574,416242800,1.346527777777778
2018-06-17 00:00:00 UTC,-301,-806,431704220,0.59958333333333336
2018-06-17 00:00:00 UTC,-301,-805,431704220,0.13722222222222222
2018-06-17 00:00:00 UTC,-301,-808,431704220,0.98291666666666666
2018-06-17 00:00:00 UTC,-301,-809,431704220,2.9459722222222222
2018-06-17 00:00:00 UTC,-301,-810,431704220,1.5245833333333334
2018-06-17 00:00:00 UTC,-301,-804,431704220,0.6529166666666667
2018-06-17 00:00:00 UTC,-301,311,601700000,1.7175
2018-06-17 00:00:00 UTC,-301,310,601700000,3.3129166666666676
2018-06-17 00:00:00 UTC,-301,449,232011479,0.38569444444444451
2018-06-17 00:00:00 UTC,-301,448,232011479,0.82583333333333342
2018-06-17 00:00:00 UTC,-301,43,431457000,0.70555555555555549
2018-06-17 00:00:00 UTC,-301,-1601,416005097,0.68458333333333343
2018-06-17 00:00:00 UTC,-45,-1501,577258000,0.73944444444444446
2018-06-17 00:00:00 UTC,-45,1744,440788000,2.8861111111111124
2018-06-17 00:00:00 UTC,-45,1741,440788000,0.21638888888888891
2018-06-17 00:00:00 UTC,-45,1745,440788000,2.0283333333333333
2018-06-17 00:00:00 UTC,-45,1742,440788000,1.331388888888889
2018-06-17 00:00:00 UTC,-45,1743,440788000,2.6688888888888891
2018-06-17 00:00:00 UTC,-45,1634,416000292,5.2055555555555557
2018-06-17 00:00:00 UTC,-45,1638,416002859,2.1615277777777777
2018-06-17 00:00:00 UTC,-45,1639,416002859,1.8912499999999999
2018-06-17 00:00:00 UTC,-45,679,417000757,16.965138888888887
2018-06-17 00:00:00 UTC,-45,683,417000757,4.0072222222222216
2018-06-17 00:00:00 UTC,-45,-1783,440584000,1.4725000000000001
2018-06-17 00:00:00 UTC,-45,-1784,440584000,2.1362499999999995
2018-06-17 00:00:00 UTC,-45,-1782,440584000,1.634444444444443
2018-06-17 00:00:00 UTC,-45,1632,416004687,0.64513888888888882
2018-06-17 00:00:00 UTC,-45,1720,416003414,1.0491666666666668
2018-06-17 00:00:00 UTC,-45,-1670,412328792,0.51666666666666661
2018-06-17 00:00:00 UTC,-45,-1640,416221800,1.4529166666666669
2018-06-17 00:00:00 UTC,-45,-1639,416221800,1.4541666666666666
2018-06-17 00:00:00 UTC,-45,1649,416002946,0.54708333333333325
2018-06-17 00:00:00 UTC,-45,1650,416002946,1.3140277777777778
2018-06-17 00:00:00 UTC,-45,1694,440549000,1.5568055555555553
2018-06-17 00:00:00 UTC,-45,1692,440549000,2.1398611111111117
2018-06-17 00:00:00 UTC,-45,1697,440549000,1.474861111111111
2018-06-17 00:00:00 UTC,-45,1693,440549000,1.612638888888889
2018-06-17 00:00:00 UTC,-45,1695,440549000,1.5656944444444445
2018-06-17 00:00:00 UTC,-45,1696,440549000,1.7151388888888888
2018-06-17 00:00:00 UTC,-45,1698,440549000,0.35875
2018-06-17 00:00:00 UTC,-45,1691,440549000,3.8115277777777781
2018-06-17 00:00:00 UTC,-45,1747,440645000,0.59708333333333341
2018-06-17 00:00:00 UTC,-45,1748,440645000,0.58958333333333324
2018-06-17 00:00:00 UTC,-45,1749,440645000,0.37236111111111109
2018-06-17 00:00:00 UTC,-45,95,332154000,1.5977777777777777
2018-06-17 00:00:00 UTC,-45,96,332154000,3.0683333333333329
2018-06-17 00:00:00 UTC,-45,1655,416004242,1.4348611111111111
2018-06-17 00:00:00 UTC,-45,679,417001120,2.9111111111111114
2018-06-17 00:00:00 UTC,-45,97,312590000,2.9868055555555553
2018-06-17 00:00:00 UTC,-45,1676,440931000,0.44430555555555551
2018-06-17 00:00:00 UTC,-45,1675,440931000,0.96236111111111122
2018-06-17 00:00:00 UTC,-45,669,417000646,8.4326388888888886
2018-06-17 00:00:00 UTC,-45,100,374573000,1.1034722222222222
2018-06-17 00:00:00 UTC,-45,-1632,412333792,1.2465277777777777
2018-06-17 00:00:00 UTC,-45,-1634,412333792,3.1720833333333331
2018-06-17 00:00:00 UTC,-45,-1631,412333792,1.2727777777777778
2018-06-17 00:00:00 UTC,-45,-1666,412333794,2.2331944444444445
2018-06-17 00:00:00 UTC,-45,-1668,412333794,3.0031944444444454
2018-06-17 00:00:00 UTC,-45,-1667,412333794,1.9151388888888885
2018-06-17 00:00:00 UTC,-45,-1665,412333794,4.1470833333333328
2018-06-17 00:00:00 UTC,-45,-1664,412333794,1.2136111111111112
2018-06-17 00:00:00 UTC,-45,105,354753000,1.7019444444444445
2018-06-17 00:00:00 UTC,-45,104,354753000,1.1883333333333335
2018-06-17 00:00:00 UTC,-45,102,354753000,0.8915277777777777
2018-06-17 00:00:00 UTC,-45,103,354753000,2.6422222222222227
2018-06-17 00:00:00 UTC,212,1558,431000168,2.0498611111111114
2018-06-17 00:00:00 UTC,212,-178,224292000,3.0169444444444444
2018-06-17 00:00:00 UTC,212,1107,800049830,1.5055555555555555
2018-06-17 00:00:00 UTC,212,1108,800049830,1.1008333333333333
2018-06-17 00:00:00 UTC,212,1495,431602092,2.8829166666666666
2018-06-17 00:00:00 UTC,212,-1440,576737000,0.6958333333333333
2018-06-17 00:00:00 UTC,212,-1441,576737000,3.8962499999999998
2018-06-17 00:00:00 UTC,468,-1248,366979610,3.1416666666666666
2018-06-17 00:00:00 UTC,468,-1248,367579190,0.44180555555555556
2018-06-17 00:00:00 UTC,468,-1249,367037240,0.12611111111111112
2018-06-17 00:00:00 UTC,468,-1250,367037240,1.3990277777777773
2018-06-17 00:00:00 UTC,468,-27,228042600,0.73375
2018-06-17 00:00:00 UTC,468,-1248,367463820,1.9312500000000001
2018-06-17 00:00:00 UTC,468,-1248,367171980,3.1329166666666657
2018-06-17 00:00:00 UTC,468,1524,273446030,4.1709722222222219
2018-06-17 00:00:00 UTC,468,-51,224012690,5.3654166666666665
2018-06-17 00:00:00 UTC,468,-1256,367780770,1.6540277777777777
2018-06-17 00:00:00 UTC,468,-1248,367638480,0.31555555555555559
2018-06-17 00:00:00 UTC,468,-1247,367638480,0.11861111111111113
2018-06-17 00:00:00 UTC,724,221,257618500,2.2854166666666664
2018-06-17 00:00:00 UTC,724,220,257618500,0.91250000000000009
2018-06-17 00:00:00 UTC,724,222,257618500,11.536805555555556
2018-06-17 00:00:00 UTC,-556,-664,440863000,1.0302777777777776
2018-06-17 00:00:00 UTC,-556,-663,440863000,1.9945833333333332
2018-06-17 00:00:00 UTC,-556,-662,440863000,1.7149999999999999
2018-06-17 00:00:00 UTC,-300,-806,431424000,2.7836111111111106
2018-06-17 00:00:00 UTC,-300,-1735,416237600,0.52125
2018-06-17 00:00:00 UTC,-300,-1734,416237600,0.51375
2018-06-17 00:00:00 UTC,-300,312,601491000,0.89569444444444446
2018-06-17 00:00:00 UTC,-300,313,601491000,0.64597222222222228
2018-06-17 00:00:00 UTC,-300,-1531,576679000,0.18055555555555555
2018-06-17 00:00:00 UTC,-300,-1532,576679000,0.30722222222222229
2018-06-17 00:00:00 UTC,-300,-1617,416003165,8.87861111111111
2018-06-17 00:00:00 UTC,-300,310,601198700,0.31263888888888891
2018-06-17 00:00:00 UTC,-300,-817,432943000,0.11611111111111111
2018-06-17 00:00:00 UTC,-300,-816,432943000,1.2501388888888887
2018-06-17 00:00:00 UTC,-300,-1714,416232600,0.86680555555555572
2018-06-17 00:00:00 UTC,-300,-1712,416232600,1.4000000000000001
2018-06-17 00:00:00 UTC,-300,-1717,416232600,1.4329166666666666
2018-06-17 00:00:00 UTC,-300,-1715,416232600,0.7713888888888889
2018-06-17 00:00:00 UTC,-300,-1713,416232600,0.2573611111111111
2018-06-17 00:00:00 UTC,-300,-809,431704220,0.19624999999999998
2018-06-17 00:00:00 UTC,-300,-807,431704220,2.8872222222222228
2018-06-17 00:00:00 UTC,-300,-805,431704220,0.48333333333333334
2018-06-17 00:00:00 UTC,-300,-804,431704220,3.0247222222222221
2018-06-17 00:00:00 UTC,-300,-808,431704220,4.8886111111111106
2018-06-17 00:00:00 UTC,-300,-806,431704220,2.859861111111111
2018-06-17 00:00:00 UTC,-300,-803,431704220,2.1919444444444443
2018-06-17 00:00:00 UTC,-300,310,601700000,0.7368055555555556
2018-06-17 00:00:00 UTC,-300,312,601700000,4.0741666666666658
2018-06-17 00:00:00 UTC,-300,311,601700000,4.6043055555555554
2018-06-17 00:00:00 UTC,-300,449,232011479,1.1677777777777776
2018-06-17 00:00:00 UTC,-300,450,232011479,1.7613888888888887
2018-06-17 00:00:00 UTC,-300,446,232011479,0.32430555555555551
2018-06-17 00:00:00 UTC,-300,-1601,416005097,0.41180555555555554
2018-06-17 00:00:00 UTC,-44,1719,412371208,0.41944444444444445
2018-06-17 00:00:00 UTC,-44,1718,412371208,0.39305555555555555
2018-06-17 00:00:00 UTC,-44,1652,933621005,13.418749999999998
2018-06-17 00:00:00 UTC,-44,1651,933621005,2.2061111111111114
2018-06-17 00:00:00 UTC,-44,1653,933621005,3.206666666666667
2018-06-17 00:00:00 UTC,-44,1652,933621006,6.4376388888888885
2018-06-17 00:00:00 UTC,-44,1651,933621006,9.0977777777777789
2018-06-17 00:00:00 UTC,-44,-1504,577258000,1.1169444444444445
2018-06-17 00:00:00 UTC,-44,-1505,577258000,0.48069444444444448
2018-06-17 00:00:00 UTC,-44,-1506,577258000,0.84361111111111109
2018-06-17 00:00:00 UTC,-44,-1507,577258000,0.67402777777777767
2018-06-17 00:00:00 UTC,-44,-1502,577258000,0.87777777777777777
2018-06-17 00:00:00 UTC,-44,-1508,577258000,0.43472222222222223
2018-06-17 00:00:00 UTC,-44,-1509,577258000,3.6691666666666669
2018-06-17 00:00:00 UTC,-44,1745,440788000,1.2377777777777776
2018-06-17 00:00:00 UTC,-44,1744,440788000,1.2054166666666664
2018-06-17 00:00:00 UTC,-44,1743,440788000,1.578888888888889
2018-06-17 00:00:00 UTC,-44,1637,416002859,1.5080555555555555
2018-06-17 00:00:00 UTC,-44,1639,416002859,4.497638888888889
2018-06-17 00:00:00 UTC,-44,1638,416002859,2.3529166666666668
2018-06-17 00:00:00 UTC,-44,792,664542000,0.34027777777777779
2018-06-17 00:00:00 UTC,-44,683,417000757,10.570972222222222
2018-06-17 00:00:00 UTC,-44,-1784,440584000,0.26680555555555552
2018-06-17 00:00:00 UTC,-44,-1782,440584000,0.94305555555555554
2018-06-17 00:00:00 UTC,-44,-1781,440584000,0.65930555555555559
2018-06-17 00:00:00 UTC,-44,-1670,412328792,1.0073611111111112
2018-06-17 00:00:00 UTC,-44,1652,416003162,4.4304166666666669
2018-06-17 00:00:00 UTC,-44,1651,416003162,3.1077777777777773
2018-06-17 00:00:00 UTC,-44,-1639,416221800,0.12055555555555555
2018-06-17 00:00:00 UTC,-44,-1640,416221800,0.7375
2018-06-17 00:00:00 UTC,-44,1660,416003189,5.4779166666666663
2018-06-17 00:00:00 UTC,-44,1659,416003189,2.8616666666666664
2018-06-17 00:00:00 UTC,-44,1658,416003189,1.0516666666666667
2018-06-17 00:00:00 UTC,-44,1661,416003189,0.6413888888888889
2018-06-17 00:00:00 UTC,-44,1651,416002946,1.3043055555555556
2018-06-17 00:00:00 UTC,-44,97,332154000,4.5580555555555557
2018-06-17 00:00:00 UTC,-44,1655,416004242,1.7094444444444443
2018-06-17 00:00:00 UTC,-44,680,417001120,2.3225
2018-06-17 00:00:00 UTC,-44,98,312590000,5.8376388888888906
2018-06-17 00:00:00 UTC,-44,96,312590000,0.12722222222222221
2018-06-17 00:00:00 UTC,-44,1676,440931000,1.5258333333333334
2018-06-17 00:00:00 UTC,-44,668,417000646,8.448888888888888
2018-06-17 00:00:00 UTC,-44,669,417000646,1.6570833333333335
2018-06-17 00:00:00 UTC,-44,670,417000646,1.1688888888888889
2018-06-17 00:00:00 UTC,-44,97,374573000,1.3945833333333333
2018-06-17 00:00:00 UTC,-44,100,374573000,0.85736111111111113
2018-06-17 00:00:00 UTC,-44,1720,888366805,6.2694444444444448
2018-06-17 00:00:00 UTC,-44,1637,416001245,0.9686111111111112
2018-06-17 00:00:00 UTC,-44,-1632,412333792,2.7551388888888888
2018-06-17 00:00:00 UTC,-44,-1633,412333792,1.7951388888888888
2018-06-17 00:00:00 UTC,-44,-1634,412333792,4.6748611111111114
2018-06-17 00:00:00 UTC,-44,-1631,412333792,1.7773611111111112
2018-06-17 00:00:00 UTC,-44,106,354753000,3.7988888888888885
2018-06-17 00:00:00 UTC,-44,105,354753000,1.3577777777777778
2018-06-17 00:00:00 UTC,-44,103,354753000,3.494583333333332
2018-06-17 00:00:00 UTC,213,-177,224106000,4.9622222222222225
2018-06-17 00:00:00 UTC,213,1558,431000168,2.0620833333333333
2018-06-17 00:00:00 UTC,213,1085,100896617,6.2555555555555555
2018-06-17 00:00:00 UTC,213,-177,224292000,0.38625
2018-06-17 00:00:00 UTC,213,-178,224292000,4.5730555555555554
2018-06-17 00:00:00 UTC,213,-1441,576737000,0.58666666666666667
2018-06-17 00:00:00 UTC,213,-1440,576737000,0.29916666666666669
2018-06-17 00:00:00 UTC,469,1521,273450760,0.56069444444444438
2018-06-17 00:00:00 UTC,469,-1248,367327250,1.9973611111111111
2018-06-17 00:00:00 UTC,469,-1247,367327250,5.8572222222222221
2018-06-17 00:00:00 UTC,469,-1247,367170860,2.1043055555555559
2018-06-17 00:00:00 UTC,469,-1248,367170860,1.3713888888888892
2018-06-17 00:00:00 UTC,469,-1248,367617080,3.1752777777777776
2018-06-17 00:00:00 UTC,469,-1247,367617080,1.8223611111111111
2018-06-17 00:00:00 UTC,469,-41,225362000,2.92125
2018-06-17 00:00:00 UTC,469,-27,228042600,1.0058333333333334
2018-06-17 00:00:00 UTC,469,-26,228042600,1.3615277777777777
2018-06-17 00:00:00 UTC,469,-28,228042600,5.9665277777777765
2018-06-17 00:00:00 UTC,469,-1249,367156340,0.63597222222222216
2018-06-17 00:00:00 UTC,469,-1248,367156340,0.96458333333333335
2018-06-17 00:00:00 UTC,469,-1247,367156340,0.36888888888888888
2018-06-17 00:00:00 UTC,469,-1249,367355270,1.8915277777777777
2018-06-17 00:00:00 UTC,469,-1248,367355270,1.1281944444444445
2018-06-17 00:00:00 UTC,469,-50,224012690,5.9679166666666674
2018-06-17 00:00:00 UTC,469,-1248,366435740,1.5413888888888894
2018-06-17 00:00:00 UTC,469,-1247,366435740,2.9331944444444455
2018-06-17 00:00:00 UTC,469,-443,263587000,0.41374999999999995
2018-06-17 00:00:00 UTC,469,-1248,366954430,0.16472222222222221
2018-06-17 00:00:00 UTC,469,-1249,366954430,0.35
2018-06-17 00:00:00 UTC,469,-1248,367638480,0.81888888888888878
2018-06-17 00:00:00 UTC,469,-41,228130000,5.0898611111111114
2018-06-17 00:00:00 UTC,469,-39,228130000,4.8875
2018-06-17 00:00:00 UTC,469,-38,228130000,1.8429166666666668
2018-06-17 00:00:00 UTC,469,-42,228130000,5.7440277777777782
2018-06-17 00:00:00 UTC,469,-40,228130000,2.6551388888888887
2018-06-17 00:00:00 UTC,469,-1249,367725050,1.4745833333333334
2018-06-17 00:00:00 UTC,469,-1248,367725050,7.6426388888888876
2018-06-17 00:00:00 UTC,469,-1247,367725050,2.266111111111111
2018-06-17 00:00:00 UTC,-555,-662,440863000,0.98097222222222213
2018-06-17 00:00:00 UTC,-555,-661,440863000,1.0519444444444443
2018-06-17 00:00:00 UTC,-299,-806,431424000,0.95472222222222225
2018-06-17 00:00:00 UTC,-299,-805,431424000,2.067361111111111
2018-06-17 00:00:00 UTC,-299,-807,431424000,1.8538888888888887
2018-06-17 00:00:00 UTC,-299,-1733,416237600,0.40388888888888885
2018-06-17 00:00:00 UTC,-299,-1734,416237600,0.77833333333333332
2018-06-17 00:00:00 UTC,-299,143,659604000,0.58097222222222233
2018-06-17 00:00:00 UTC,-299,313,601491000,3.1834722222222229
2018-06-17 00:00:00 UTC,-299,311,601491000,0.53638888888888892
2018-06-17 00:00:00 UTC,-299,312,601491000,1.139861111111111
2018-06-17 00:00:00 UTC,-299,-1532,576679000,0.82875
2018-06-17 00:00:00 UTC,-299,310,601198700,0.2583333333333333
2018-06-17 00:00:00 UTC,-299,311,601198700,0.61236111111111113
2018-06-17 00:00:00 UTC,-299,-821,432943000,0.91416666666666657
2018-06-17 00:00:00 UTC,-299,-814,432943000,2.9279166666666665
2018-06-17 00:00:00 UTC,-299,-815,432943000,2.3556944444444441
2018-06-17 00:00:00 UTC,-299,-813,432943000,0.88194444444444442
2018-06-17 00:00:00 UTC,-299,-820,432943000,0.821388888888889
2018-06-17 00:00:00 UTC,-299,-816,432943000,4.1351388888888874
2018-06-17 00:00:00 UTC,-299,-817,432943000,0.9755555555555554
2018-06-17 00:00:00 UTC,-299,-818,432943000,0.65680555555555553
2018-06-17 00:00:00 UTC,-299,-819,432943000,0.56027777777777787
2018-06-17 00:00:00 UTC,-299,-1713,416232600,0.53194444444444444
2018-06-17 00:00:00 UTC,-299,-1716,416232600,1.1111111111111112
2018-06-17 00:00:00 UTC,-299,-1715,416232600,0.84986111111111107
2018-06-17 00:00:00 UTC,-299,-1714,416232600,0.47277777777777785
2018-06-17 00:00:00 UTC,-299,-1712,416232600,5.0868055555555545
2018-06-17 00:00:00 UTC,-299,319,601202600,0.93583333333333341
2018-06-17 00:00:00 UTC,-299,320,601202600,0.96569444444444452
2018-06-17 00:00:00 UTC,-299,449,232011479,0.30208333333333331
2018-06-17 00:00:00 UTC,-299,446,232011479,0.19444444444444445
2018-06-17 00:00:00 UTC,-299,447,232011479,0.035555555555555556
2018-06-17 00:00:00 UTC,-299,448,232011479,1.2944444444444447
2018-06-17 00:00:00 UTC,-43,1721,412371208,3.5048611111111105
2018-06-17 00:00:00 UTC,-43,1722,412371208,4.055
2018-06-17 00:00:00 UTC,-43,1720,412371208,0.82513888888888887
2018-06-17 00:00:00 UTC,-43,1719,412371208,1.0512499999999998
2018-06-17 00:00:00 UTC,-43,1634,416000292,2.7145833333333336
2018-06-17 00:00:00 UTC,-43,1635,416000292,3.9683333333333328
2018-06-17 00:00:00 UTC,-43,1639,416002859,4.5061111111111112
2018-06-17 00:00:00 UTC,-43,1638,416002859,2.1576388888888887
2018-06-17 00:00:00 UTC,-43,792,664542000,0.44972222222222225
2018-06-17 00:00:00 UTC,-43,1634,888252218,0.91569444444444437
2018-06-17 00:00:00 UTC,-43,1633,888252218,0.72027777777777779
2018-06-17 00:00:00 UTC,-43,-1781,440584000,1.5616666666666668
2018-06-17 00:00:00 UTC,-43,1651,416003162,1.8468055555555554
2018-06-17 00:00:00 UTC,-43,1652,416003162,1.8320833333333328
2018-06-17 00:00:00 UTC,-43,1649,416003162,2.9112500000000003
2018-06-17 00:00:00 UTC,-43,1650,416003162,4.578333333333334
2018-06-17 00:00:00 UTC,-43,1719,440646000,1.9947222222222223
2018-06-17 00:00:00 UTC,-43,1717,440646000,0.53222222222222215
2018-06-17 00:00:00 UTC,-43,1716,440646000,0.36263888888888896
2018-06-17 00:00:00 UTC,-43,1718,440646000,4.0552777777777784
2018-06-17 00:00:00 UTC,-43,1660,416003189,0.92291666666666661
2018-06-17 00:00:00 UTC,-43,1658,416003189,1.3881944444444445
2018-06-17 00:00:00 UTC,-43,1661,416003189,0.768611111111111
2018-06-17 00:00:00 UTC,-43,1651,416002946,1.1458333333333333
2018-06-17 00:00:00 UTC,-43,97,332154000,1.8073611111111112
2018-06-17 00:00:00 UTC,-43,1655,416004242,2.8669444444444445
2018-06-17 00:00:00 UTC,-43,-39,431100830,0.28333333333333338
2018-06-17 00:00:00 UTC,-43,-41,431100830,1.256388888888889
2018-06-17 00:00:00 UTC,-43,-40,431100830,0.648888888888889
2018-06-17 00:00:00 UTC,-43,681,417001120,0.52486111111111111
2018-06-17 00:00:00 UTC,-43,98,312590000,0.90013888888888882
2018-06-17 00:00:00 UTC,-43,1676,440931000,1.6462499999999998
2018-06-17 00:00:00 UTC,-43,1633,416000196,0.80375000000000019
2018-06-17 00:00:00 UTC,-43,1634,416000196,0.81666666666666676
2018-06-17 00:00:00 UTC,-43,1632,416000196,1.2952777777777775
2018-06-17 00:00:00 UTC,-43,672,417000646,2.1330555555555555
2018-06-17 00:00:00 UTC,-43,671,417000646,0.80527777777777776
2018-06-17 00:00:00 UTC,-43,97,374573000,6.6991666666666667
2018-06-17 00:00:00 UTC,-43,1637,416001245,0.83097222222222222
2018-06-17 00:00:00 UTC,-43,105,354753000,2.1236111111111109
2018-06-17 00:00:00 UTC,-43,100,354753000,2.245972222222222
2018-06-17 00:00:00 UTC,214,-177,224106000,9.6212500000000016
2018-06-17 00:00:00 UTC,214,1121,400016913,6.1402777777777784
2018-06-17 00:00:00 UTC,214,1122,400016913,11.272500000000003
2018-06-17 00:00:00 UTC,214,1123,400016913,6.3394444444444451
2018-06-17 00:00:00 UTC,214,1083,108669246,1.4613888888888888
2018-06-17 00:00:00 UTC,214,1559,431000168,2.5893055555555553
2018-06-17 00:00:00 UTC,214,1558,431000168,0.59666666666666668
2018-06-17 00:00:00 UTC,214,1085,100896617,1.0999999999999999
2018-06-17 00:00:00 UTC,214,-177,224292000,4.6316666666666668
2018-06-17 00:00:00 UTC,214,-178,224292000,0.80055555555555558
2018-06-17 00:00:00 UTC,470,1521,273450760,0.45527777777777778
2018-06-17 00:00:00 UTC,470,1522,273450760,0.65333333333333332
2018-06-17 00:00:00 UTC,470,-1247,367327250,1.742083333333333
2018-06-17 00:00:00 UTC,470,-1248,367327250,2.7562500000000005
2018-06-17 00:00:00 UTC,470,389,273998877,0.705
2018-06-17 00:00:00 UTC,470,-33,228393000,5.4130555555555553
2018-06-17 00:00:00 UTC,470,-1248,367170860,5.7813888888888876
2018-06-17 00:00:00 UTC,470,-1248,367617080,1.5166666666666666
2018-06-17 00:00:00 UTC,470,-39,224936000,5.2418055555555547
2018-06-17 00:00:00 UTC,470,-41,224936000,12.819305555555557
2018-06-17 00:00:00 UTC,470,-40,224936000,3.8861111111111111
2018-06-17 00:00:00 UTC,470,-42,224936000,2.0472222222222216
2018-06-17 00:00:00 UTC,470,-42,225362000,3.5870833333333336
2018-06-17 00:00:00 UTC,470,-41,225362000,7.4397222222222226
2018-06-17 00:00:00 UTC,470,-40,225362000,6.4350000000000014
2018-06-17 00:00:00 UTC,470,-39,225362000,3.5187500000000003
2018-06-17 00:00:00 UTC,470,-27,228042600,1.7219444444444443
2018-06-17 00:00:00 UTC,470,-25,228042600,3.219583333333333
2018-06-17 00:00:00 UTC,470,-29,228042600,0.35
2018-06-17 00:00:00 UTC,470,-28,228042600,0.70347222222222228
2018-06-17 00:00:00 UTC,470,-26,228042600,1.223611111111111
2018-06-17 00:00:00 UTC,470,-392,224045930,1.8923611111111112
2018-06-17 00:00:00 UTC,470,-1248,367156340,0.83708333333333362
2018-06-17 00:00:00 UTC,470,-1249,367156340,3.3613888888888885
2018-06-17 00:00:00 UTC,470,-48,224113270,5.2919444444444439
2018-06-17 00:00:00 UTC,470,-47,224113270,10.988333333333333
2018-06-17 00:00:00 UTC,470,-1249,367355270,2.5076388888888888
2018-06-17 00:00:00 UTC,470,-50,224012690,6.9736111111111114
2018-06-17 00:00:00 UTC,470,-49,224012690,7.4066666666666663
2018-06-17 00:00:00 UTC,470,-38,227118500,2.4945833333333334
2018-06-17 00:00:00 UTC,470,-39,227118500,0.30833333333333335
2018-06-17 00:00:00 UTC,470,-48,224006570,10.603472222222223
2018-06-17 00:00:00 UTC,470,-47,224006570,5.5912500000000005
2018-06-17 00:00:00 UTC,470,-443,263587000,2.5055555555555555
2018-06-17 00:00:00 UTC,470,-1249,366954430,0.96763888888888883
2018-06-17 00:00:00 UTC,470,-38,228248000,4.9191666666666665
2018-06-17 00:00:00 UTC,470,-1248,367638480,0.71444444444444455
2018-06-17 00:00:00 UTC,470,-41,228130000,2.3904166666666669
2018-06-17 00:00:00 UTC,470,-46,228031700,6.017777777777777
2018-06-17 00:00:00 UTC,470,-47,228031700,2.8359722222222219
2018-06-17 00:00:00 UTC,470,-38,227852000,6.150138888888887
2018-06-17 00:00:00 UTC,470,-37,227852000,9.3026388888888878
2018-06-17 00:00:00 UTC,470,-48,224939000,1.5837500000000002
2018-06-17 00:00:00 UTC,470,-1248,367725050,7.76875
2018-06-17 00:00:00 UTC,470,-1249,367725050,4.6537500000000005
2018-06-17 00:00:00 UTC,726,329,257247000,0.13180555555555556
2018-06-17 00:00:00 UTC,-298,-803,431424000,1.300138888888889
2018-06-17 00:00:00 UTC,-298,-805,431424000,2.565833333333333
2018-06-17 00:00:00 UTC,-298,-804,431424000,6.1077777777777786
2018-06-17 00:00:00 UTC,-298,-826,431200520,0.73430555555555554
2018-06-17 00:00:00 UTC,-298,-827,431200520,0.20444444444444446
2018-06-17 00:00:00 UTC,-298,-825,431200520,1.1115277777777779
2018-06-17 00:00:00 UTC,-298,-1733,416237600,0.65833333333333333
2018-06-17 00:00:00 UTC,-298,143,659604000,6.0873611111111092
2018-06-17 00:00:00 UTC,-298,144,659604000,0.888611111111111
2018-06-17 00:00:00 UTC,-298,-1532,576679000,0.43291666666666667
2018-06-17 00:00:00 UTC,-298,-814,432943000,0.9212499999999999
2018-06-17 00:00:00 UTC,-298,-817,432943000,0.31000000000000005
2018-06-17 00:00:00 UTC,-298,-821,432943000,0.24402777777777779
2018-06-17 00:00:00 UTC,-298,-819,432943000,1.0013888888888893
2018-06-17 00:00:00 UTC,-298,-816,432943000,0.57138888888888884
2018-06-17 00:00:00 UTC,-298,-818,432943000,1.2551388888888888
2018-06-17 00:00:00 UTC,-298,-820,432943000,1.1251388888888889
2018-06-17 00:00:00 UTC,-298,-815,432943000,0.48861111111111116
2018-06-17 00:00:00 UTC,-298,318,601202600,0.10916666666666668
2018-06-17 00:00:00 UTC,-298,319,601202600,0.61277777777777787
2018-06-17 00:00:00 UTC,-298,-1517,576633000,1.1033333333333335
2018-06-17 00:00:00 UTC,-298,447,232011479,1.46125
2018-06-17 00:00:00 UTC,-298,446,232011479,1.7859722222222225
2018-06-17 00:00:00 UTC,-298,-1600,416005097,0.059305555555555556
2018-06-17 00:00:00 UTC,-42,1721,412371208,2.4933333333333332
2018-06-17 00:00:00 UTC,-42,1722,412371208,3.3976388888888889
2018-06-17 00:00:00 UTC,-42,-942,412420873,5.8915277777777764
2018-06-17 00:00:00 UTC,-42,792,664542000,0.58194444444444449
2018-06-17 00:00:00 UTC,-42,1719,440574000,0.77736111111111106
2018-06-17 00:00:00 UTC,-42,1633,888252218,0.53680555555555554
2018-06-17 00:00:00 UTC,-42,1634,888252218,0.77569444444444435
2018-06-17 00:00:00 UTC,-42,-1781,440584000,1.6129166666666668
2018-06-17 00:00:00 UTC,-42,1716,440646000,3.4666666666666663
2018-06-17 00:00:00 UTC,-42,1715,440646000,1.6502777777777777
2018-06-17 00:00:00 UTC,-42,1713,440646000,2.338888888888889
2018-06-17 00:00:00 UTC,-42,1714,440646000,2.2073611111111111
2018-06-17 00:00:00 UTC,-42,1712,440646000,2.8001388888888887
2018-06-17 00:00:00 UTC,-42,1659,416003189,3.9247222222222233
2018-06-17 00:00:00 UTC,-42,1661,416003189,0.9975
2018-06-17 00:00:00 UTC,-42,1660,416003189,1.9606944444444445
2018-06-17 00:00:00 UTC,-42,1658,416003189,0.42972222222222223
2018-06-17 00:00:00 UTC,-42,1650,416002946,1.8544444444444443
2018-06-17 00:00:00 UTC,-42,1655,416004242,2.068888888888889
2018-06-17 00:00:00 UTC,-42,1719,440623000,1.685138888888889
2018-06-17 00:00:00 UTC,-42,-39,431100830,0.4802777777777778
2018-06-17 00:00:00 UTC,-42,-38,431100830,0.62166666666666659
2018-06-17 00:00:00 UTC,-42,-37,431100830,5.4368055555555559
2018-06-17 00:00:00 UTC,-42,680,417001120,1.8845833333333333
2018-06-17 00:00:00 UTC,-42,1675,440931000,1.9330555555555549
2018-06-17 00:00:00 UTC,-42,1676,440931000,1.0391666666666666
2018-06-17 00:00:00 UTC,-42,1674,440931000,0.15652777777777777
2018-06-17 00:00:00 UTC,-42,1632,416000196,1.5043055555555549
2018-06-17 00:00:00 UTC,-42,1633,416000196,3.4461111111111111
2018-06-17 00:00:00 UTC,-42,1634,416000196,0.9493055555555554
2018-06-17 00:00:00 UTC,-42,674,417000646,0.22805555555555557
2018-06-17 00:00:00 UTC,-42,673,417000646,1.1631944444444444
2018-06-17 00:00:00 UTC,-42,1637,416001245,0.84791666666666665
2018-06-17 00:00:00 UTC,-42,-1640,412333793,3.1820833333333334
2018-06-17 00:00:00 UTC,-42,-1642,412333793,2.7613888888888889
2018-06-17 00:00:00 UTC,-42,-1641,412333793,1.565
2018-06-17 00:00:00 UTC,-42,99,354753000,0.5461111111111111
2018-06-17 00:00:00 UTC,215,1123,100702808,11.107638888888889
2018-06-17 00:00:00 UTC,215,1120,412478309,1.6177777777777778
2018-06-17 00:00:00 UTC,215,1559,431000168,3.5634722222222224
2018-06-17 00:00:00 UTC,215,1085,100896617,1.3837499999999998
2018-06-17 00:00:00 UTC,215,1120,200022395,10.868472222222218
2018-06-17 00:00:00 UTC,215,1085,100896918,0.85930555555555554
2018-06-17 00:00:00 UTC,215,-177,224292000,3.7016666666666667
2018-06-17 00:00:00 UTC,215,-178,224292000,0.33875
2018-06-17 00:00:00 UTC,215,1124,140402850,10.401805555555555
2018-06-17 00:00:00 UTC,215,1125,140402850,3.7309722222222228
2018-06-17 00:00:00 UTC,215,1494,431602092,2.6619444444444444
2018-06-17 00:00:00 UTC,215,1496,431602092,4.3202777777777772
2018-06-17 00:00:00 UTC,215,1491,431602092,2.8801388888888888
2018-06-17 00:00:00 UTC,215,1492,431602092,1.5330555555555556
2018-06-17 00:00:00 UTC,215,1497,431602092,4.4145833333333329
2018-06-17 00:00:00 UTC,215,1495,431602092,1.1618055555555555
2018-06-17 00:00:00 UTC,215,1123,200021746,0.53875
2018-06-17 00:00:00 UTC,215,1122,200021746,2.700277777777778
2018-06-17 00:00:00 UTC,471,-38,228240900,8.4398611111111119
2018-06-17 00:00:00 UTC,471,-1248,367170860,0.39750000000000008
2018-06-17 00:00:00 UTC,471,1526,273349420,0.67319444444444443
2018-06-17 00:00:00 UTC,471,1525,273349420,1.1630555555555555
2018-06-17 00:00:00 UTC,471,-48,224113270,2.7127777777777777
2018-06-17 00:00:00 UTC,471,-47,224113270,3.7676388888888894
2018-06-17 00:00:00 UTC,471,-40,227419000,8.7604166666666661
2018-06-17 00:00:00 UTC,471,-39,227419000,0.71402777777777782
2018-06-17 00:00:00 UTC,471,1525,273446030,1.1688888888888886
2018-06-17 00:00:00 UTC,471,1526,273446030,0.87652777777777779
2018-06-17 00:00:00 UTC,471,-46,228215700,2.6545833333333331
2018-06-17 00:00:00 UTC,471,-45,228215700,3.4961111111111109
2018-06-17 00:00:00 UTC,471,-39,227118500,12.441944444444445
2018-06-17 00:00:00 UTC,471,-40,227118500,1.2870833333333334
2018-06-17 00:00:00 UTC,471,-443,263587000,1.870972222222222
2018-06-17 00:00:00 UTC,471,-26,228259000,4.57375
2018-06-17 00:00:00 UTC,471,-39,228376000,5.9001388888888888
2018-06-17 00:00:00 UTC,471,-40,228376000,1.59875
2018-06-17 00:00:00 UTC,471,-39,228312000,4.6456944444444446
2018-06-17 00:00:00 UTC,471,-40,228312000,6.0347222222222223
2018-06-17 00:00:00 UTC,471,-1249,367638480,0.36583333333333334
2018-06-17 00:00:00 UTC,471,-46,228031700,7.9361111111111091
2018-06-17 00:00:00 UTC,471,-47,228031700,5.8527777777777779
2018-06-17 00:00:00 UTC,471,-26,228364000,5.6829166666666655
2018-06-17 00:00:00 UTC,471,-38,227852000,1.6720833333333331
2018-06-17 00:00:00 UTC,727,-572,331074000,0.51041666666666663
2018-06-17 00:00:00 UTC,727,-573,331074000,0.080138888888888885
2018-06-17 00:00:00 UTC,727,-574,331074000,0.2772222222222222
2018-06-17 00:00:00 UTC,727,-571,331074000,1.2443055555555558
2018-06-17 00:00:00 UTC,-297,-827,431200520,0.95708333333333362
2018-06-17 00:00:00 UTC,-297,-826,431200520,0.86249999999999993
2018-06-17 00:00:00 UTC,-297,-1734,416237600,0.30666666666666664
2018-06-17 00:00:00 UTC,-297,-1733,416237600,2.1895833333333332
2018-06-17 00:00:00 UTC,-297,-1732,416237600,2.7031944444444442
2018-06-17 00:00:00 UTC,-297,-1731,416237600,0.55902777777777779
2018-06-17 00:00:00 UTC,-297,143,659604000,0.14416666666666667
2018-06-17 00:00:00 UTC,-297,-1533,576679000,0.39583333333333326
2018-06-17 00:00:00 UTC,-297,-1532,576679000,0.28194444444444444
2018-06-17 00:00:00 UTC,-297,-1377,98336949,4.6440277777777776
2018-06-17 00:00:00 UTC,-297,446,232011479,0.33875000000000005
2018-06-17 00:00:00 UTC,-297,447,232011479,0.19388888888888889
2018-06-17 00:00:00 UTC,-41,1722,412371208,3.1651388888888894
2018-06-17 00:00:00 UTC,-41,1721,412371208,4.5066666666666659
2018-06-17 00:00:00 UTC,-41,1712,440574000,1.6752777777777779
2018-06-17 00:00:00 UTC,-41,1719,440574000,1.834583333333333
2018-06-17 00:00:00 UTC,-41,1633,888252218,2.0426388888888889
2018-06-17 00:00:00 UTC,-41,1634,888252218,1.6304166666666664
2018-06-17 00:00:00 UTC,-41,-1781,440584000,1.4236111111111109
2018-06-17 00:00:00 UTC,-41,1659,416003189,1.5925
2018-06-17 00:00:00 UTC,-41,1660,416003189,1.6430555555555557
2018-06-17 00:00:00 UTC,-41,1661,416003189,0.20652777777777778
2018-06-17 00:00:00 UTC,-41,1653,416002946,1.0416666666666667
2018-06-17 00:00:00 UTC,-41,1651,416002946,2.216388888888889
2018-06-17 00:00:00 UTC,-41,1652,416002946,1.056111111111111
2018-06-17 00:00:00 UTC,-41,761,416869000,0.71875
2018-06-17 00:00:00 UTC,-41,1655,416004242,1.900277777777778
2018-06-17 00:00:00 UTC,-41,1716,440623000,1.2462499999999999
2018-06-17 00:00:00 UTC,-41,1719,440623000,0.68763888888888891
2018-06-17 00:00:00 UTC,-41,1717,440623000,0.66597222222222219
2018-06-17 00:00:00 UTC,-41,1718,440623000,0.65847222222222224
2018-06-17 00:00:00 UTC,-41,411,664324000,3.2493055555555559
2018-06-17 00:00:00 UTC,-41,410,664324000,0.7055555555555556
2018-06-17 00:00:00 UTC,-41,1671,440931000,2.7933333333333334
2018-06-17 00:00:00 UTC,-41,1674,440931000,1.5391666666666666
2018-06-17 00:00:00 UTC,-41,1673,440931000,1.8668055555555556
2018-06-17 00:00:00 UTC,-41,1672,440931000,1.4316666666666664
2018-06-17 00:00:00 UTC,-41,1634,416000196,0.91361111111111126
2018-06-17 00:00:00 UTC,-41,1633,416000196,4.2559722222222218
2018-06-17 00:00:00 UTC,-41,1637,416001245,0.55541666666666667
2018-06-17 00:00:00 UTC,-41,-1640,412333793,1.8481944444444443
2018-06-17 00:00:00 UTC,-41,-1642,412333793,1.8005555555555552
2018-06-17 00:00:00 UTC,-41,-1639,412333793,0.51194444444444454
2018-06-17 00:00:00 UTC,216,-176,224106000,1.6915277777777777
2018-06-17 00:00:00 UTC,216,-175,224106000,0.58305555555555555
2018-06-17 00:00:00 UTC,216,1119,800049736,0.95902777777777759
2018-06-17 00:00:00 UTC,216,1120,200022395,0.1751388888888889
2018-06-17 00:00:00 UTC,216,1120,412477314,0.23347222222222225
2018-06-17 00:00:00 UTC,216,1123,412474519,8.9319444444444436
2018-06-17 00:00:00 UTC,216,1120,412478364,0.33333333333333337
2018-06-17 00:00:00 UTC,216,1119,412478364,0.96055555555555561
2018-06-17 00:00:00 UTC,216,1125,140402850,0.50458333333333338
2018-06-17 00:00:00 UTC,216,1120,412471001,7.4755555555555553
2018-06-17 00:00:00 UTC,216,1120,412470765,0.5838888888888889
2018-06-17 00:00:00 UTC,472,-37,228240900,0.7761111111111112
2018-06-17 00:00:00 UTC,472,1525,273450760,8.3299999999999983
2018-06-17 00:00:00 UTC,472,1526,273450760,0.46680555555555558
2018-06-17 00:00:00 UTC,472,1524,273450760,5.1144444444444446
2018-06-17 00:00:00 UTC,472,1526,273349420,3.2479166666666668
2018-06-17 00:00:00 UTC,472,1525,273349420,10.691527777777775
2018-06-17 00:00:00 UTC,472,1524,273349420,6.5847222222222221
2018-06-17 00:00:00 UTC,472,-1247,368371000,0.75097222222222215
2018-06-17 00:00:00 UTC,472,-39,227419000,0.8833333333333333
2018-06-17 00:00:00 UTC,472,-40,227419000,4.0808333333333335
2018-06-17 00:00:00 UTC,472,-38,227419000,1.2568055555555555
2018-06-17 00:00:00 UTC,472,-28,228133000,0.66388888888888886
2018-06-17 00:00:00 UTC,472,1526,273446030,1.18375
2018-06-17 00:00:00 UTC,472,1525,273446030,7.9402777777777755
2018-06-17 00:00:00 UTC,472,1524,273446030,3.1580555555555549
2018-06-17 00:00:00 UTC,472,-47,228215700,0.82097222222222221
2018-06-17 00:00:00 UTC,472,-46,228215700,0.82777777777777783
2018-06-17 00:00:00 UTC,472,-43,228215700,1.7294444444444446
2018-06-17 00:00:00 UTC,472,-39,227118500,1.4302777777777778
2018-06-17 00:00:00 UTC,472,-38,227118500,1.7781944444444444
2018-06-17 00:00:00 UTC,472,-27,228259000,0.22763888888888889
2018-06-17 00:00:00 UTC,472,-26,228259000,1.1195833333333334
2018-06-17 00:00:00 UTC,472,-41,228376000,1.2680555555555555
2018-06-17 00:00:00 UTC,472,-1249,367638480,0.69541666666666679
2018-06-17 00:00:00 UTC,472,-27,228364000,0.25375000000000003
2018-06-17 00:00:00 UTC,472,-26,228364000,0.20694444444444443
2018-06-17 00:00:00 UTC,472,-38,227852000,1.013611111111111
2018-06-17 00:00:00 UTC,728,166,259421000,2.1609722222222216
2018-06-17 00:00:00 UTC,728,167,259421000,3.6070833333333332
2018-06-17 00:00:00 UTC,728,168,259421000,2.9345833333333324
2018-06-17 00:00:00 UTC,-552,-343,512027000,0.7925000000000002
2018-06-17 00:00:00 UTC,-296,-827,431200520,0.946388888888889
2018-06-17 00:00:00 UTC,-296,-826,431200520,1.2293055555555557
2018-06-17 00:00:00 UTC,-296,-820,431200520,0.53027777777777785
2018-06-17 00:00:00 UTC,-296,-1732,416237600,1.9248611111111114
2018-06-17 00:00:00 UTC,-296,-1731,416237600,0.83305555555555555
2018-06-17 00:00:00 UTC,-296,-1734,416237600,0.9981944444444445
2018-06-17 00:00:00 UTC,-296,143,659604000,1.2605555555555557
2018-06-17 00:00:00 UTC,-296,-1533,576679000,0.64986111111111111
2018-06-17 00:00:00 UTC,-296,-1373,98336949,0.85111111111111115
2018-06-17 00:00:00 UTC,-296,-1371,98336949,5.0741666666666667
2018-06-17 00:00:00 UTC,-296,-1372,98336949,0.76833333333333331
2018-06-17 00:00:00 UTC,-296,-1374,98336949,1.2724999999999995
2018-06-17 00:00:00 UTC,-296,-1495,412670680,0.34638888888888886
2018-06-17 00:00:00 UTC,-296,-1493,412670680,0.41263888888888889
2018-06-17 00:00:00 UTC,-40,-950,412420872,3.56
2018-06-17 00:00:00 UTC,-40,-1499,416084500,2.8863888888888884
2018-06-17 00:00:00 UTC,-40,-1500,416084500,1.8036111111111108
2018-06-17 00:00:00 UTC,-40,-1496,416084500,0.71277777777777784
2018-06-17 00:00:00 UTC,-40,-1494,416084500,2.1884722222222224
2018-06-17 00:00:00 UTC,-40,-1495,416084500,1.5398611111111113
2018-06-17 00:00:00 UTC,-40,-1615,412695580,0.65166666666666673
2018-06-17 00:00:00 UTC,-40,-1614,412695580,0.67083333333333328
2018-06-17 00:00:00 UTC,-40,-1617,412695580,1.3558333333333332
2018-06-17 00:00:00 UTC,-40,-1616,412695580,1.6319444444444446
2018-06-17 00:00:00 UTC,-40,1717,440574000,0.52444444444444449
2018-06-17 00:00:00 UTC,-40,1713,440574000,0.94083333333333319
2018-06-17 00:00:00 UTC,-40,1715,440574000,1.4865277777777772
2018-06-17 00:00:00 UTC,-40,1719,440574000,2.0063888888888886
2018-06-17 00:00:00 UTC,-40,1718,440574000,1.5513888888888887
2018-06-17 00:00:00 UTC,-40,1716,440574000,0.92236111111111119
2018-06-17 00:00:00 UTC,-40,1714,440574000,1.2191666666666667
2018-06-17 00:00:00 UTC,-40,1634,888252218,11.166250000000002
2018-06-17 00:00:00 UTC,-40,1633,888252218,6.15736111111111
2018-06-17 00:00:00 UTC,-40,93,306120000,3.6681944444444441
2018-06-17 00:00:00 UTC,-40,94,306120000,0.68680555555555567
2018-06-17 00:00:00 UTC,-40,-1781,440584000,2.1887499999999993
2018-06-17 00:00:00 UTC,-40,-1780,440584000,0.38625000000000004
2018-06-17 00:00:00 UTC,-40,768,416015700,1.7113888888888888
2018-06-17 00:00:00 UTC,-40,686,417001066,7.6347222222222229
2018-06-17 00:00:00 UTC,-40,1653,416002946,1.1648611111111111
2018-06-17 00:00:00 UTC,-40,1655,416004242,3.3240277777777778
2018-06-17 00:00:00 UTC,-40,410,664324000,1.2266666666666666
2018-06-17 00:00:00 UTC,-40,411,664324000,0.80208333333333326
2018-06-17 00:00:00 UTC,-40,412,664324000,0.93111111111111111
2018-06-17 00:00:00 UTC,-40,409,664324000,0.46736111111111112
2018-06-17 00:00:00 UTC,-40,413,664324000,0.9604166666666667
2018-06-17 00:00:00 UTC,-40,414,664324000,0.65152777777777782
2018-06-17 00:00:00 UTC,-40,1633,416000196,6.2488888888888878
2018-06-17 00:00:00 UTC,-40,1634,416000196,3.5409722222222224
2018-06-17 00:00:00 UTC,-40,1637,416001245,2.1866666666666665
2018-06-17 00:00:00 UTC,-40,-1642,412333793,0.38555555555555554
2018-06-17 00:00:00 UTC,-40,-1639,412333793,1.8245833333333334
2018-06-17 00:00:00 UTC,-40,-1640,412333793,2.1054166666666667
2018-06-17 00:00:00 UTC,-40,-1641,412333793,1.5531944444444443
2018-06-17 00:00:00 UTC,-40,-1462,416353000,0.38305555555555559
2018-06-17 00:00:00 UTC,-40,-1459,416353000,0.9291666666666667
2018-06-17 00:00:00 UTC,-40,-1466,416353000,0.49166666666666664
2018-06-17 00:00:00 UTC,-40,-1465,416353000,0.62777777777777788
2018-06-17 00:00:00 UTC,-40,-1463,416353000,0.8552777777777778
2018-06-17 00:00:00 UTC,-40,-1464,416353000,0.35124999999999995
2018-06-17 00:00:00 UTC,-40,-1461,416353000,0.4868055555555556
2018-06-17 00:00:00 UTC,-40,-1460,416353000,0.52666666666666662
2018-06-17 00:00:00 UTC,217,-175,224106000,0.5345833333333333
2018-06-17 00:00:00 UTC,217,-1535,367754830,1.0208333333333335
2018-06-17 00:00:00 UTC,217,-1536,367754830,1.1111111111111114
2018-06-17 00:00:00 UTC,217,1560,431000168,2.6668055555555554
2018-06-17 00:00:00 UTC,217,1123,412474519,11.878611111111113
2018-06-17 00:00:00 UTC,217,1125,140402850,9.8383333333333329
2018-06-17 00:00:00 UTC,473,-38,228240900,5.041666666666667
2018-06-17 00:00:00 UTC,473,-59,228383000,2.0438888888888886
2018-06-17 00:00:00 UTC,473,-60,228383000,1.0130555555555556
2018-06-17 00:00:00 UTC,473,-1248,367774000,0.4193055555555556
2018-06-17 00:00:00 UTC,473,-1249,367774000,1.5322222222222219
2018-06-17 00:00:00 UTC,473,-1248,368371000,4.3549999999999978
2018-06-17 00:00:00 UTC,473,-1247,368371000,0.14930555555555555
2018-06-17 00:00:00 UTC,473,-1249,368371000,1.3955555555555559
2018-06-17 00:00:00 UTC,473,-1248,367162190,3.1045833333333333
2018-06-17 00:00:00 UTC,473,-1249,367162190,1.2894444444444444
2018-06-17 00:00:00 UTC,473,-1249,366765940,1.8555555555555558
2018-06-17 00:00:00 UTC,473,-1248,366765940,3.7554166666666662
2018-06-17 00:00:00 UTC,473,-62,227483000,1.1436111111111111
2018-06-17 00:00:00 UTC,473,-61,227483000,1.2318055555555556
2018-06-17 00:00:00 UTC,473,-39,227419000,1.6680555555555558
2018-06-17 00:00:00 UTC,473,-38,227419000,2.0555555555555554
2018-06-17 00:00:00 UTC,473,-43,228215700,4.3168055555555558
2018-06-17 00:00:00 UTC,473,-48,228215700,1.6258333333333332
2018-06-17 00:00:00 UTC,473,-47,228215700,0.95000000000000007
2018-06-17 00:00:00 UTC,473,-1248,366425240,2.3236111111111115
2018-06-17 00:00:00 UTC,473,-1249,366425240,1.6626388888888888
2018-06-17 00:00:00 UTC,473,-59,227375000,2.9173611111111111
2018-06-17 00:00:00 UTC,473,-38,227118500,0.05541666666666667
2018-06-17 00:00:00 UTC,473,-1250,368206000,0.61819444444444438
2018-06-17 00:00:00 UTC,473,-1248,368206000,1.3008333333333333
2018-06-17 00:00:00 UTC,473,-1249,368206000,3.081805555555555
2018-06-17 00:00:00 UTC,473,-43,228222900,3.9718055555555551
2018-06-17 00:00:00 UTC,473,-62,227843000,0.48625
2018-06-17 00:00:00 UTC,473,-61,227843000,5.901527777777777
2018-06-17 00:00:00 UTC,473,-60,227843000,4.58125
2018-06-17 00:00:00 UTC,473,-26,228259000,0.046666666666666669
2018-06-17 00:00:00 UTC,473,-1249,367618000,0.18166666666666667
2018-06-17 00:00:00 UTC,473,-1248,367618000,0.27
2018-06-17 00:00:00 UTC,473,-1249,367046890,1.4020833333333336
2018-06-17 00:00:00 UTC,473,-1248,367046890,3.8531944444444441
2018-06-17 00:00:00 UTC,729,325,257247000,0.29416666666666663
2018-06-17 00:00:00 UTC,729,324,257247000,0.4513888888888889
2018-06-17 00:00:00 UTC,729,166,259421000,6.1201388888888886
2018-06-17 00:00:00 UTC,729,167,259421000,4.8280555555555571
2018-06-17 00:00:00 UTC,729,165,259421000,1.0390277777777777
2018-06-17 00:00:00 UTC,729,168,259421000,1.600416666666667
2018-06-17 00:00:00 UTC,729,151,259457000,2.4129166666666668
2018-06-17 00:00:00 UTC,729,150,259457000,1.2806944444444444
2018-06-17 00:00:00 UTC,729,149,259457000,3.3702777777777775
2018-06-17 00:00:00 UTC,729,148,259457000,5.5670833333333336
2018-06-17 00:00:00 UTC,-551,-338,512027000,1.8238888888888882
2018-06-17 00:00:00 UTC,-551,-343,512027000,3.916944444444443
2018-06-17 00:00:00 UTC,-551,-342,512027000,0.19833333333333331
2018-06-17 00:00:00 UTC,-295,-822,431200520,0.91652777777777783
2018-06-17 00:00:00 UTC,-295,-823,431200520,1.0347222222222221
2018-06-17 00:00:00 UTC,-295,-820,431200520,0.2286111111111111
2018-06-17 00:00:00 UTC,-295,-826,431200520,0.76958333333333351
2018-06-17 00:00:00 UTC,-295,-821,431200520,1.0938888888888889
2018-06-17 00:00:00 UTC,-295,-825,431200520,0.98277777777777753
2018-06-17 00:00:00 UTC,-295,-824,431200520,1.3572222222222221
2018-06-17 00:00:00 UTC,-295,-1734,416237600,0.81013888888888874
2018-06-17 00:00:00 UTC,-295,-1732,416237600,1.2901388888888887
2018-06-17 00:00:00 UTC,-295,-1731,416237600,0.7434722222222222
2018-06-17 00:00:00 UTC,-295,143,659604000,1.0977777777777777
2018-06-17 00:00:00 UTC,-295,436,224233000,1.0001388888888889
2018-06-17 00:00:00 UTC,-295,437,224233000,0.25402777777777774
2018-06-17 00:00:00 UTC,-295,-1533,576679000,0.66208333333333347
2018-06-17 00:00:00 UTC,-295,-1494,412420195,3.4984722222222229
2018-06-17 00:00:00 UTC,-295,1636,412330104,2.7058333333333326
2018-06-17 00:00:00 UTC,-295,-1493,412670680,0.087083333333333332
2018-06-17 00:00:00 UTC,-39,-1496,416084500,1.8722222222222222
2018-06-17 00:00:00 UTC,-39,-1494,416084500,1.4819444444444443
2018-06-17 00:00:00 UTC,-39,-1497,416084500,2.0859722222222219
2018-06-17 00:00:00 UTC,-39,-1495,416084500,1.9758333333333336
2018-06-17 00:00:00 UTC,-39,-1615,412695580,1.0706944444444444
2018-06-17 00:00:00 UTC,-39,-1613,412695580,0.47069444444444447
2018-06-17 00:00:00 UTC,-39,-1616,412695580,1.5150000000000001
2018-06-17 00:00:00 UTC,-39,-1614,412695580,2.1680555555555552
2018-06-17 00:00:00 UTC,-39,784,664158000,1.2705555555555557
2018-06-17 00:00:00 UTC,-39,783,664158000,0.25513888888888892
2018-06-17 00:00:00 UTC,-39,785,664158000,1.0523611111111111
2018-06-17 00:00:00 UTC,-39,786,664158000,2.4904166666666669
2018-06-17 00:00:00 UTC,-39,1717,440574000,0.1125
2018-06-17 00:00:00 UTC,-39,93,306120000,3.3177777777777786
2018-06-17 00:00:00 UTC,-39,-1780,440584000,0.26333333333333336
2018-06-17 00:00:00 UTC,-39,-1781,440584000,0.38861111111111113
2018-06-17 00:00:00 UTC,-39,685,417000003,7.0651388888888906
2018-06-17 00:00:00 UTC,-39,684,417000003,0.85916666666666675
2018-06-17 00:00:00 UTC,-39,1653,416002946,0.79166666666666674
2018-06-17 00:00:00 UTC,-39,1655,416004242,2.8806944444444444
2018-06-17 00:00:00 UTC,-39,1654,416004242,4.6240277777777781
2018-06-17 00:00:00 UTC,-39,411,664324000,1.5766666666666667
2018-06-17 00:00:00 UTC,-39,412,664324000,2.3398611111111109
2018-06-17 00:00:00 UTC,-39,415,664324000,2.6836111111111114
2018-06-17 00:00:00 UTC,-39,414,664324000,0.35069444444444442
2018-06-17 00:00:00 UTC,-39,-950,412421037,4.9830555555555547
2018-06-17 00:00:00 UTC,-39,-951,412421038,7.5533333333333328
2018-06-17 00:00:00 UTC,-39,-950,412421042,4.6747222222222193
2018-06-17 00:00:00 UTC,-39,1645,416220600,2.8061111111111114
2018-06-17 00:00:00 UTC,-39,1634,416001245,1.9254166666666666
2018-06-17 00:00:00 UTC,-39,1635,416001245,1.331388888888889
2018-06-17 00:00:00 UTC,-39,1636,416001245,2.4816666666666665
2018-06-17 00:00:00 UTC,-39,1633,416001245,6.9272222222222215
2018-06-17 00:00:00 UTC,-39,-1640,412333793,1.0231944444444443
2018-06-17 00:00:00 UTC,-39,-1466,416353000,3.4086111111111115
2018-06-17 00:00:00 UTC,-39,-1467,416353000,0.85111111111111115
2018-06-17 00:00:00 UTC,-39,-1461,416353000,0.81305555555555564
2018-06-17 00:00:00 UTC,-39,3,224929000,3.0038888888888891
2018-06-17 00:00:00 UTC,218,-1538,367754830,0.6087499999999999
2018-06-17 00:00:00 UTC,218,-1537,367754830,2.1395833333333334
2018-06-17 00:00:00 UTC,218,-218,224068980,0.26222222222222225
2018-06-17 00:00:00 UTC,218,1556,431602086,1.9486111111111111
2018-06-17 00:00:00 UTC,218,1557,431602086,2.4330555555555557
2018-06-17 00:00:00 UTC,218,1555,431602086,3.1183333333333336
2018-06-17 00:00:00 UTC,218,1558,431602086,0.73805555555555558
2018-06-17 00:00:00 UTC,218,1131,412462298,0.50194444444444442
2018-06-17 00:00:00 UTC,474,-62,228383000,3.9244444444444446
2018-06-17 00:00:00 UTC,474,-64,228383000,1.1251388888888889
2018-06-17 00:00:00 UTC,474,-58,228383000,2.6720833333333331
2018-06-17 00:00:00 UTC,474,-65,228383000,1.2611111111111111
2018-06-17 00:00:00 UTC,474,-61,228383000,2.659583333333333
2018-06-17 00:00:00 UTC,474,-60,228383000,1.9198611111111112
2018-06-17 00:00:00 UTC,474,-1249,367774000,6.6975000000000007
2018-06-17 00:00:00 UTC,474,-62,227411000,3.173055555555556
2018-06-17 00:00:00 UTC,474,-60,227411000,2.0834722222222224
2018-06-17 00:00:00 UTC,474,-63,227411000,1.1972222222222222
2018-06-17 00:00:00 UTC,474,-1249,368371000,6.1652777777777787
2018-06-17 00:00:00 UTC,474,-1250,368371000,2.1406944444444447
2018-06-17 00:00:00 UTC,474,-1249,367162190,6.933749999999999
2018-06-17 00:00:00 UTC,474,-1250,367162190,0.19694444444444442
2018-06-17 00:00:00 UTC,474,-1248,367162190,0.20805555555555555
2018-06-17 00:00:00 UTC,474,-1250,366765940,0.28625
2018-06-17 00:00:00 UTC,474,-1248,366765940,0.1388888888888889
2018-06-17 00:00:00 UTC,474,-1249,366765940,5.0640277777777767
2018-06-17 00:00:00 UTC,474,-62,227483000,1.9591666666666665
2018-06-17 00:00:00 UTC,474,-59,227483000,2.6425
2018-06-17 00:00:00 UTC,474,-50,228215700,0.30083333333333334
2018-06-17 00:00:00 UTC,474,-49,228215700,1.4305555555555556
2018-06-17 00:00:00 UTC,474,-48,228215700,1.5520833333333333
2018-06-17 00:00:00 UTC,474,-1249,366425240,6.5018055555555554
2018-06-17 00:00:00 UTC,474,-1248,366425240,0.34597222222222218
2018-06-17 00:00:00 UTC,474,-60,227375000,4.0902777777777777
2018-06-17 00:00:00 UTC,474,-61,227375000,2.2976388888888888
2018-06-17 00:00:00 UTC,474,-57,227375000,5.9522222222222227
2018-06-17 00:00:00 UTC,474,-59,227375000,4.2156944444444449
2018-06-17 00:00:00 UTC,474,-1249,368206000,7.5026388888888871
2018-06-17 00:00:00 UTC,474,-1248,368206000,0.33583333333333332
2018-06-17 00:00:00 UTC,474,-1250,368206000,2.9322222222222232
2018-06-17 00:00:00 UTC,474,-1251,368206000,0.80930555555555561
2018-06-17 00:00:00 UTC,474,-62,227843000,1.523611111111111
2018-06-17 00:00:00 UTC,474,-60,227843000,1.75
2018-06-17 00:00:00 UTC,474,-61,227843000,6.9495833333333339
2018-06-17 00:00:00 UTC,474,-40,228376000,5.5998611111111112
2018-06-17 00:00:00 UTC,474,-1248,367618000,0.66236111111111107
2018-06-17 00:00:00 UTC,474,-1249,367618000,1.6056944444444445
2018-06-17 00:00:00 UTC,474,-1248,367046890,0.37569444444444439
2018-06-17 00:00:00 UTC,474,-1249,367046890,5.7577777777777808
2018-06-17 00:00:00 UTC,730,322,257247000,0.11069444444444446
2018-06-17 00:00:00 UTC,730,323,257247000,0.90208333333333335
2018-06-17 00:00:00 UTC,730,166,259421000,1.1893055555555558
2018-06-17 00:00:00 UTC,730,167,259421000,0.20055555555555554
2018-06-17 00:00:00 UTC,730,150,259457000,1.0211111111111111
2018-06-17 00:00:00 UTC,730,149,259457000,1.2173611111111111
2018-06-17 00:00:00 UTC,730,151,259457000,0.64861111111111114
2018-06-17 00:00:00 UTC,-550,-341,512027000,4.6376388888888878
2018-06-17 00:00:00 UTC,-550,-343,512027000,0.58166666666666678
2018-06-17 00:00:00 UTC,-550,-342,512027000,2.3697222222222223
2018-06-17 00:00:00 UTC,-294,-1731,416237600,2.1779166666666669
2018-06-17 00:00:00 UTC,-294,-1730,416237600,0.18319444444444444
2018-06-17 00:00:00 UTC,-294,-1732,416237600,0.2886111111111111
2018-06-17 00:00:00 UTC,-294,436,224233000,0.45152777777777775
2018-06-17 00:00:00 UTC,-294,-1629,576638000,0.24916666666666668
2018-06-17 00:00:00 UTC,-294,-1534,576679000,3.7341666666666664
2018-06-17 00:00:00 UTC,-294,1635,412330104,0.91180555555555554
2018-06-17 00:00:00 UTC,-294,1636,412330104,1.1330555555555555
2018-06-17 00:00:00 UTC,-294,-1516,576633000,0.395
2018-06-17 00:00:00 UTC,-294,-1497,412421094,0.70861111111111119
2018-06-17 00:00:00 UTC,-294,-1492,412421094,2.1861111111111109
2018-06-17 00:00:00 UTC,-294,-1494,412421094,1.4533333333333331
2018-06-17 00:00:00 UTC,-294,-1491,412421094,2.3456944444444443
2018-06-17 00:00:00 UTC,-294,-1496,412421094,0.48819444444444449
2018-06-17 00:00:00 UTC,-294,-1495,412421094,0.57097222222222221
2018-06-17 00:00:00 UTC,-294,-1493,412421094,1.1651388888888889
2018-06-17 00:00:00 UTC,-294,1534,503610100,3.9434722222222218
2018-06-17 00:00:00 UTC,-38,-1620,412695560,1.4776388888888885
2018-06-17 00:00:00 UTC,-38,-1621,412695560,3.0197222222222213
2018-06-17 00:00:00 UTC,-38,-1625,412695560,2.3234722222222222
2018-06-17 00:00:00 UTC,-38,-1619,412695580,0.43444444444444447
2018-06-17 00:00:00 UTC,-38,-1618,412695580,0.70138888888888906
2018-06-17 00:00:00 UTC,-38,-1616,412695580,4.4025000000000007
2018-06-17 00:00:00 UTC,-38,-1617,412695580,0.68166666666666664
2018-06-17 00:00:00 UTC,-38,-1615,412695580,1.9431944444444442
2018-06-17 00:00:00 UTC,-38,-1614,412695580,2.0398611111111111
2018-06-17 00:00:00 UTC,-38,-1613,412695580,0.065277777777777768
2018-06-17 00:00:00 UTC,-38,1630,416000292,1.0186111111111111
2018-06-17 00:00:00 UTC,-38,1631,416000292,0.51333333333333331
2018-06-17 00:00:00 UTC,-38,784,664158000,0.80569444444444449
2018-06-17 00:00:00 UTC,-38,785,664158000,2.442361111111111
2018-06-17 00:00:00 UTC,-38,783,664158000,1.5926388888888887
2018-06-17 00:00:00 UTC,-38,672,417000003,2.3920833333333333
2018-06-17 00:00:00 UTC,-38,681,417000003,2.3979166666666667
2018-06-17 00:00:00 UTC,-38,673,417000003,1.4795833333333333
2018-06-17 00:00:00 UTC,-38,683,417000003,1.4240277777777779
2018-06-17 00:00:00 UTC,-38,675,417000003,1.3658333333333332
2018-06-17 00:00:00 UTC,-38,674,417000003,1.3430555555555554
2018-06-17 00:00:00 UTC,-38,682,417000003,1.0947222222222224
2018-06-17 00:00:00 UTC,-38,1653,416002946,2.1579166666666669
2018-06-17 00:00:00 UTC,-38,412,664324000,1.3590277777777779
2018-06-17 00:00:00 UTC,-38,413,664324000,3.85875
2018-06-17 00:00:00 UTC,-38,411,664324000,2.5984722222222221
2018-06-17 00:00:00 UTC,-38,-950,412421037,0.70305555555555554
2018-06-17 00:00:00 UTC,-38,1645,416220600,10.23875
2018-06-17 00:00:00 UTC,-38,1636,416001245,1.9223611111111112
2018-06-17 00:00:00 UTC,-38,-1642,412333793,2.2138888888888886
2018-06-17 00:00:00 UTC,-38,-1640,412333793,0.78555555555555556
2018-06-17 00:00:00 UTC,-38,3,224929000,0.40680555555555553
2018-06-17 00:00:00 UTC,219,1559,431000857,5.6904166666666667
2018-06-17 00:00:00 UTC,219,1555,431600420,1.40375
2018-06-17 00:00:00 UTC,219,1554,431600420,2.2791666666666668
2018-06-17 00:00:00 UTC,219,1556,431600420,1.8183333333333336
2018-06-17 00:00:00 UTC,219,-1538,367754830,0.2
2018-06-17 00:00:00 UTC,219,-1539,367754830,0.96402777777777782
2018-06-17 00:00:00 UTC,219,-1540,367754830,1.0775
2018-06-17 00:00:00 UTC,219,1140,412341869,0.47972222222222222
2018-06-17 00:00:00 UTC,219,1561,431602086,2.9898611111111109
2018-06-17 00:00:00 UTC,219,1558,431602086,1.5805555555555555
2018-06-17 00:00:00 UTC,219,1560,431602086,1.012361111111111
2018-06-17 00:00:00 UTC,219,1559,431602086,1.5523611111111111
2018-06-17 00:00:00 UTC,219,1131,412462255,2.8175000000000003
2018-06-17 00:00:00 UTC,219,1131,412462298,2.2234722222222221
2018-06-17 00:00:00 UTC,475,-51,228874000,2.776388888888889
2018-06-17 00:00:00 UTC,475,-50,228874000,0.8913888888888889
2018-06-17 00:00:00 UTC,475,-52,228874000,0.34472222222222226
2018-06-17 00:00:00 UTC,475,-59,228383000,2.4043055555555557
2018-06-17 00:00:00 UTC,475,-63,228383000,1.6251388888888889
2018-06-17 00:00:00 UTC,475,-62,228383000,1.1279166666666667
2018-06-17 00:00:00 UTC,475,-65,228383000,1.31125
2018-06-17 00:00:00 UTC,475,-1249,367774000,1.1023611111111109
2018-06-17 00:00:00 UTC,475,-1250,367774000,1.855
2018-06-17 00:00:00 UTC,475,-64,227411000,1.4293055555555556
2018-06-17 00:00:00 UTC,475,-63,227411000,3.7288888888888891
2018-06-17 00:00:00 UTC,475,-62,227411000,2.0141666666666667
2018-06-17 00:00:00 UTC,475,-60,227411000,2.0666666666666669
2018-06-17 00:00:00 UTC,475,-1250,368371000,0.22277777777777774
2018-06-17 00:00:00 UTC,475,-59,227483000,1.4141666666666666
2018-06-17 00:00:00 UTC,475,-61,227483000,1.1838888888888888
2018-06-17 00:00:00 UTC,475,-60,227483000,4.6920833333333336
2018-06-17 00:00:00 UTC,475,-62,227483000,1.1993055555555556
2018-06-17 00:00:00 UTC,475,-516,316004233,4.0702777777777781
2018-06-17 00:00:00 UTC,475,-60,227375000,4.4497222222222224
2018-06-17 00:00:00 UTC,475,-61,227843000,2.9933333333333332
2018-06-17 00:00:00 UTC,731,324,257247000,1.8568055555555556
2018-06-17 00:00:00 UTC,731,323,257247000,1.5625
2018-06-17 00:00:00 UTC,731,322,257247000,0.22972222222222224
2018-06-17 00:00:00 UTC,-549,-343,512027000,1.2149999999999999
2018-06-17 00:00:00 UTC,-549,-632,701068000,0.20319444444444446
2018-06-17 00:00:00 UTC,-293,-1731,416237600,1.525138888888889
2018-06-17 00:00:00 UTC,-293,437,224233000,0.4193055555555556
2018-06-17 00:00:00 UTC,-293,438,224233000,0.57763888888888892
2018-06-17 00:00:00 UTC,-293,-1631,576638000,0.47111111111111115
2018-06-17 00:00:00 UTC,-293,-1630,576638000,0.64347222222222222
2018-06-17 00:00:00 UTC,-293,-1626,576638000,1.56125
2018-06-17 00:00:00 UTC,-293,417,225374000,1.7073611111111116
2018-06-17 00:00:00 UTC,-293,-1534,576679000,0.9605555555555555
2018-06-17 00:00:00 UTC,-293,-1626,416003165,10.091111111111111
2018-06-17 00:00:00 UTC,-293,1635,412330104,0.66194444444444445
2018-06-17 00:00:00 UTC,-293,1636,412330104,1.473888888888889
2018-06-17 00:00:00 UTC,-293,-387,263821000,0.082777777777777783
2018-06-17 00:00:00 UTC,-293,-1492,412421094,0.59041666666666659
2018-06-17 00:00:00 UTC,-293,-1495,412421094,0.99569444444444444
2018-06-17 00:00:00 UTC,-293,-1496,412421094,0.77097222222222228
2018-06-17 00:00:00 UTC,-293,-1493,412421094,0.34402777777777777
2018-06-17 00:00:00 UTC,-293,-1499,412421094,2.6584722222222226
2018-06-17 00:00:00 UTC,-293,-1498,412421094,1.9044444444444444
2018-06-17 00:00:00 UTC,-37,-1783,440992000,2.3297222222222222
2018-06-17 00:00:00 UTC,-37,-1784,440992000,4.7044444444444444
2018-06-17 00:00:00 UTC,-37,-1622,412695560,2.8655555555555554
2018-06-17 00:00:00 UTC,-37,-1619,412695560,1.1184722222222223
2018-06-17 00:00:00 UTC,-37,-1621,412695560,1.2308333333333334
2018-06-17 00:00:00 UTC,-37,-1620,412695560,1.9090277777777782
2018-06-17 00:00:00 UTC,-37,785,664158000,0.58416666666666661
2018-06-17 00:00:00 UTC,-37,787,664158000,5.1608333333333336
2018-06-17 00:00:00 UTC,-37,784,664158000,0.25277777777777777
2018-06-17 00:00:00 UTC,-37,786,664158000,0.56083333333333329
2018-06-17 00:00:00 UTC,-37,675,417000003,0.57291666666666663
2018-06-17 00:00:00 UTC,-37,677,417000003,1.3095833333333333
2018-06-17 00:00:00 UTC,-37,678,417000003,2.4666666666666668
2018-06-17 00:00:00 UTC,-37,676,417000003,1.2905555555555557
2018-06-17 00:00:00 UTC,-37,1653,416002946,6.2368055555555557
2018-06-17 00:00:00 UTC,-37,1645,416220600,1.4437499999999999
2018-06-17 00:00:00 UTC,-37,1636,416001245,3.7786111111111116
2018-06-17 00:00:00 UTC,-37,-1642,412333793,0.62152777777777779
2018-06-17 00:00:00 UTC,-37,-1640,412333793,0.38416666666666666
2018-06-17 00:00:00 UTC,-37,4,224929000,0.22222222222222221
2018-06-17 00:00:00 UTC,220,1559,431000857,0.63222222222222224
2018-06-17 00:00:00 UTC,220,1560,431600420,1.5154166666666666
2018-06-17 00:00:00 UTC,220,1557,431600420,1.8705555555555553
2018-06-17 00:00:00 UTC,220,1559,431600420,1.4152777777777776
2018-06-17 00:00:00 UTC,220,1558,431600420,1.5327777777777776
2018-06-17 00:00:00 UTC,220,-1543,367754830,1.7922222222222222
2018-06-17 00:00:00 UTC,220,-1541,367754830,1.1554166666666665
2018-06-17 00:00:00 UTC,220,1139,412811875,0.12555555555555556
2018-06-17 00:00:00 UTC,220,1141,412811875,1.5386111111111109
2018-06-17 00:00:00 UTC,220,1140,412811875,1.6498611111111108
2018-06-17 00:00:00 UTC,220,1140,412341869,0.55930555555555561
2018-06-17 00:00:00 UTC,220,1141,412341869,0.22222222222222221
2018-06-17 00:00:00 UTC,220,1130,412462255,0.55708333333333337
2018-06-17 00:00:00 UTC,220,1134,412462255,0.63763888888888887
2018-06-17 00:00:00 UTC,476,-52,228874000,1.1593055555555556
2018-06-17 00:00:00 UTC,476,-51,228874000,5.88125
2018-06-17 00:00:00 UTC,476,-50,228874000,1.1995833333333334
2018-06-17 00:00:00 UTC,476,-57,227327000,5.1898611111111119
2018-06-17 00:00:00 UTC,476,-60,227411000,0.71652777777777776
2018-06-17 00:00:00 UTC,476,-63,227411000,5.8427777777777781
2018-06-17 00:00:00 UTC,476,-61,227411000,2.0788888888888888
2018-06-17 00:00:00 UTC,476,1445,273348470,0.24
2018-06-17 00:00:00 UTC,476,1448,273348470,3.2111111111111112
2018-06-17 00:00:00 UTC,476,1446,273348470,5.9833333333333334
2018-06-17 00:00:00 UTC,732,323,257247000,0.56111111111111112
2018-06-17 00:00:00 UTC,732,324,257247000,0.2175
2018-06-17 00:00:00 UTC,732,174,259707000,0.11305555555555555
2018-06-17 00:00:00 UTC,-548,-630,701068000,1.5623611111111109
2018-06-17 00:00:00 UTC,-548,-632,701068000,4.7688888888888892
2018-06-17 00:00:00 UTC,-548,-626,701068000,0.26166666666666671
2018-06-17 00:00:00 UTC,-548,-631,701068000,5.399861111111111
2018-06-17 00:00:00 UTC,-548,-629,701068000,2.2406944444444448
2018-06-17 00:00:00 UTC,-548,-627,701068000,1.4556944444444437
2018-06-17 00:00:00 UTC,-548,-628,701068000,1.7381944444444442
2018-06-17 00:00:00 UTC,-292,-1504,98341643,0.40472222222222221
2018-06-17 00:00:00 UTC,-292,-1503,98341643,2.9747222222222218
2018-06-17 00:00:00 UTC,-292,-1633,416003105,0.053750000000000006
2018-06-17 00:00:00 UTC,-292,438,224233000,2.26625
2018-06-17 00:00:00 UTC,-292,419,225374000,1.5333333333333332
2018-06-17 00:00:00 UTC,-292,418,225374000,0.70277777777777772
2018-06-17 00:00:00 UTC,-292,1637,412330104,2.9716666666666667
2018-06-17 00:00:00 UTC,-292,1640,412330104,1.68875
2018-06-17 00:00:00 UTC,-292,1639,412330104,2.7295833333333337
2018-06-17 00:00:00 UTC,-292,1636,412330104,0.81097222222222209
2018-06-17 00:00:00 UTC,-292,1635,412330104,1.1590277777777778
2018-06-17 00:00:00 UTC,-292,-1515,576633000,0.51319444444444451
2018-06-17 00:00:00 UTC,-292,-1514,576633000,0.31958333333333333
2018-06-17 00:00:00 UTC,-292,-1375,98336949,5.5131944444444434
2018-06-17 00:00:00 UTC,-292,368,263576000,0.084999999999999992
2018-06-17 00:00:00 UTC,-292,369,263576000,0.59666666666666668
2018-06-17 00:00:00 UTC,-292,-382,263821000,0.71083333333333343
2018-06-17 00:00:00 UTC,-292,-1493,412421094,0.63583333333333336
2018-06-17 00:00:00 UTC,-292,-1494,412421094,0.32138888888888889
2018-06-17 00:00:00 UTC,-292,-1598,416005097,0.72319444444444447
2018-06-17 00:00:00 UTC,-36,-1783,440992000,1.3344444444444441
2018-06-17 00:00:00 UTC,-36,-1621,412695560,1.870138888888889
2018-06-17 00:00:00 UTC,-36,-1623,412695560,0.68583333333333341
2018-06-17 00:00:00 UTC,-36,-1619,412695560,0.42458333333333337
2018-06-17 00:00:00 UTC,-36,-1624,412695560,0.89152777777777781
2018-06-17 00:00:00 UTC,-36,-1622,412695560,3.3213888888888885
2018-06-17 00:00:00 UTC,-36,-1620,412695560,1.8554166666666667
2018-06-17 00:00:00 UTC,-36,1636,416004662,1.0127777777777778
2018-06-17 00:00:00 UTC,-36,792,416129600,4.6184722222222216
2018-06-17 00:00:00 UTC,-36,794,416129600,0.68458333333333332
2018-06-17 00:00:00 UTC,-36,793,416129600,4.7243055555555555
2018-06-17 00:00:00 UTC,-36,-1664,416004675,0.47166666666666668
2018-06-17 00:00:00 UTC,-36,1555,338298000,2.9158333333333331
2018-06-17 00:00:00 UTC,-36,1645,416220600,5.5775000000000006
2018-06-17 00:00:00 UTC,-36,-976,412333272,1.8841666666666665
2018-06-17 00:00:00 UTC,-36,-977,412333272,9.0604166666666686
2018-06-17 00:00:00 UTC,-36,-1642,412333793,0.96597222222222223
2018-06-17 00:00:00 UTC,-36,-1640,412333793,1.0825
2018-06-17 00:00:00 UTC,-36,-1469,416353000,0.22013888888888888
2018-06-17 00:00:00 UTC,-36,3,224929000,0.43847222222222221
2018-06-17 00:00:00 UTC,221,1140,414282759,10.417361111111111
2018-06-17 00:00:00 UTC,221,1139,414282759,0.25
2018-06-17 00:00:00 UTC,221,1140,412473121,0.12513888888888888
2018-06-17 00:00:00 UTC,221,1561,431600420,4.8227777777777785
2018-06-17 00:00:00 UTC,221,1554,431600420,1.617361111111111
2018-06-17 00:00:00 UTC,221,1135,412482871,2.7401388888888896
2018-06-17 00:00:00 UTC,221,1139,412472902,2.1970833333333331
2018-06-17 00:00:00 UTC,221,1138,412472902,1.819722222222222
2018-06-17 00:00:00 UTC,221,1141,412464973,5.1991666666666667
2018-06-17 00:00:00 UTC,221,1142,412464973,4.4955555555555549
2018-06-17 00:00:00 UTC,221,1139,412464975,9.52972222222222
2018-06-17 00:00:00 UTC,221,1139,412811875,0.64375
2018-06-17 00:00:00 UTC,221,1138,412811875,0.96263888888888893
2018-06-17 00:00:00 UTC,221,1140,412470632,5.7822222222222219
2018-06-17 00:00:00 UTC,221,1141,900019836,3.9802777777777778
2018-06-17 00:00:00 UTC,221,1140,900019836,4.0069444444444446
2018-06-17 00:00:00 UTC,221,1135,412468102,0.083333333333333343
2018-06-17 00:00:00 UTC,221,1550,431602086,0.74305555555555558
2018-06-17 00:00:00 UTC,221,1549,431602086,0.73319444444444448
2018-06-17 00:00:00 UTC,221,1553,431602086,2.9983333333333335
2018-06-17 00:00:00 UTC,221,1551,431602086,1.0115277777777778
2018-06-17 00:00:00 UTC,221,1547,431602086,0.30361111111111111
2018-06-17 00:00:00 UTC,221,1548,431602086,0.58083333333333331
2018-06-17 00:00:00 UTC,221,1141,412341931,0.794861111111111
2018-06-17 00:00:00 UTC,221,1140,412341931,0.051527777777777783
2018-06-17 00:00:00 UTC,221,1142,412341931,5.4976388888888881
2018-06-17 00:00:00 UTC,221,1140,200022706,0.65972222222222221
2018-06-17 00:00:00 UTC,221,1139,200022706,4.1977777777777785
2018-06-17 00:00:00 UTC,221,1574,431600078,3.3076388888888886
2018-06-17 00:00:00 UTC,221,1141,412465618,5.48125
2018-06-17 00:00:00 UTC,221,1140,412418535,0.8568055555555556
2018-06-17 00:00:00 UTC,477,-51,228874000,1.9008333333333336
2018-06-17 00:00:00 UTC,477,-50,228874000,4.5029166666666667
2018-06-17 00:00:00 UTC,477,-53,228874000,2.0304166666666665
2018-06-17 00:00:00 UTC,477,-52,228874000,2.8672222222222219
2018-06-17 00:00:00 UTC,477,-49,228874000,0.52597222222222217
2018-06-17 00:00:00 UTC,477,-56,227327000,3.1219444444444444
2018-06-17 00:00:00 UTC,477,-58,227327000,1.1172222222222223
2018-06-17 00:00:00 UTC,477,-57,227327000,2.6276388888888889
2018-06-17 00:00:00 UTC,477,-38,228208700,0.13652777777777778
2018-06-17 00:00:00 UTC,477,1446,273348470,5.54125
2018-06-17 00:00:00 UTC,477,-57,227483000,1.0115277777777778
2018-06-17 00:00:00 UTC,477,-60,227483000,2.6668055555555554
2018-06-17 00:00:00 UTC,477,-58,227483000,2.0105555555555559
2018-06-17 00:00:00 UTC,477,-38,227525000,0.97625000000000006
2018-06-17 00:00:00 UTC,477,-515,316004233,2.3734722222222224
2018-06-17 00:00:00 UTC,477,-38,228208800,0.044722222222222219
2018-06-17 00:00:00 UTC,477,-1225,368409000,0.97777777777777775
2018-06-17 00:00:00 UTC,477,-38,228037600,0.31388888888888888
2018-06-17 00:00:00 UTC,477,-38,228156900,0.738611111111111
2018-06-17 00:00:00 UTC,477,-1247,367490280,7.8830555555555559
2018-06-17 00:00:00 UTC,477,-1248,367490280,15.159166666666668
2018-06-17 00:00:00 UTC,477,-502,316001017,0.92569444444444426
2018-06-17 00:00:00 UTC,733,322,257247000,0.34277777777777779
2018-06-17 00:00:00 UTC,733,175,259707000,0.68041666666666667
2018-06-17 00:00:00 UTC,-547,-630,701068000,0.66527777777777786
2018-06-17 00:00:00 UTC,-547,-632,701068000,0.5691666666666666
2018-06-17 00:00:00 UTC,-547,-631,701068000,1.2929166666666663
2018-06-17 00:00:00 UTC,-291,-1505,98341643,1.9256944444444439
2018-06-17 00:00:00 UTC,-291,-1502,98341643,3.9825
2018-06-17 00:00:00 UTC,-291,-1506,98341643,3.3463888888888889
2018-06-17 00:00:00 UTC,-291,-1503,98341643,1.2641666666666667
2018-06-17 00:00:00 UTC,-291,-1504,98341643,0.50416666666666665
2018-06-17 00:00:00 UTC,-291,435,224233000,0.90375
2018-06-17 00:00:00 UTC,-291,438,224233000,0.61833333333333329
2018-06-17 00:00:00 UTC,-291,437,224233000,0.89180555555555552
2018-06-17 00:00:00 UTC,-291,419,225374000,0.98805555555555558
2018-06-17 00:00:00 UTC,-291,420,225374000,0.18583333333333335
2018-06-17 00:00:00 UTC,-291,-1501,412691770,1.2406944444444443
2018-06-17 00:00:00 UTC,-291,-1507,412691770,0.29291666666666666
2018-06-17 00:00:00 UTC,-291,-1500,412691770,0.75388888888888883
2018-06-17 00:00:00 UTC,-291,-1502,412691770,0.4102777777777778
2018-06-17 00:00:00 UTC,-291,-1509,412691770,0.872638888888889
2018-06-17 00:00:00 UTC,-291,-1701,416003647,0.66
2018-06-17 00:00:00 UTC,-291,1635,412330104,0.45652777777777775
2018-06-17 00:00:00 UTC,-291,1639,412330104,0.66333333333333333
2018-06-17 00:00:00 UTC,-291,1638,412330104,0.9508333333333332
2018-06-17 00:00:00 UTC,-291,1636,412330104,0.47319444444444442
2018-06-17 00:00:00 UTC,-291,1637,412330104,0.67583333333333329
2018-06-17 00:00:00 UTC,-291,-1514,576633000,0.8898611111111111
2018-06-17 00:00:00 UTC,-291,-1376,98336949,5.6551388888888905
2018-06-17 00:00:00 UTC,-291,368,263576000,2.0551388888888891
2018-06-17 00:00:00 UTC,-291,369,263576000,0.13972222222222222
2018-06-17 00:00:00 UTC,-291,-1497,412421094,0.94611111111111112
2018-06-17 00:00:00 UTC,-291,-1494,412421094,0.647361111111111
2018-06-17 00:00:00 UTC,-291,-1495,412421094,0.29833333333333334
2018-06-17 00:00:00 UTC,-291,-1498,412421094,2.5795833333333329
2018-06-17 00:00:00 UTC,-35,-1638,416002591,2.3322222222222218
2018-06-17 00:00:00 UTC,-35,-1639,416002591,1.21625
2018-06-17 00:00:00 UTC,-35,1635,416004662,1.5044444444444443
2018-06-17 00:00:00 UTC,-35,1636,416004662,1.0205555555555557
2018-06-17 00:00:00 UTC,-35,789,416129600,3.9401388888888889
2018-06-17 00:00:00 UTC,-35,793,416129600,1.4577777777777778
2018-06-17 00:00:00 UTC,-35,792,416129600,1.4409722222222223
2018-06-17 00:00:00 UTC,-35,791,416129600,2.3090277777777777
2018-06-17 00:00:00 UTC,-35,790,416129600,4.5827777777777774
2018-06-17 00:00:00 UTC,-35,-1665,416004675,0.46486111111111117
2018-06-17 00:00:00 UTC,-35,-1664,416004675,0.37611111111111112
2018-06-17 00:00:00 UTC,-35,760,417000266,1.5618055555555554
2018-06-17 00:00:00 UTC,-35,762,417000266,1.1079166666666667
2018-06-17 00:00:00 UTC,-35,758,417000266,13.175833333333333
2018-06-17 00:00:00 UTC,-35,763,417000266,1.745
2018-06-17 00:00:00 UTC,-35,761,417000266,0.90833333333333333
2018-06-17 00:00:00 UTC,-35,759,417000266,4.951944444444444
2018-06-17 00:00:00 UTC,-35,-88,416004708,0.15277777777777776
2018-06-17 00:00:00 UTC,-35,-87,416004708,0.57861111111111108
2018-06-17 00:00:00 UTC,-35,-85,416004708,0.38763888888888887
2018-06-17 00:00:00 UTC,-35,-86,416004708,0.81555555555555559
2018-06-17 00:00:00 UTC,-35,-985,412420231,5.2386111111111111
2018-06-17 00:00:00 UTC,-35,-984,412420231,4.7836111111111119
2018-06-17 00:00:00 UTC,-35,1645,416220600,0.9161111111111111
2018-06-17 00:00:00 UTC,-35,-1641,412333793,0.85986111111111119
2018-06-17 00:00:00 UTC,-35,-1640,412333793,0.36944444444444446
2018-06-17 00:00:00 UTC,-35,3,224929000,0.26166666666666666
2018-06-17 00:00:00 UTC,-35,-1640,416004084,3.237916666666667
2018-06-17 00:00:00 UTC,222,1141,414282759,5.2463888888888883
2018-06-17 00:00:00 UTC,222,1140,414282759,0.8720833333333331
2018-06-17 00:00:00 UTC,222,1140,412473121,0.2134722222222222
2018-06-17 00:00:00 UTC,222,1554,431600420,1.2372222222222222
2018-06-17 00:00:00 UTC,222,1135,412482871,0.60027777777777769
2018-06-17 00:00:00 UTC,222,1141,412472902,0.14208333333333334
2018-06-17 00:00:00 UTC,222,1138,412472902,0.82444444444444442
2018-06-17 00:00:00 UTC,222,1140,412472902,0.63722222222222225
2018-06-17 00:00:00 UTC,222,1140,412465495,0.23750000000000002
2018-06-17 00:00:00 UTC,222,1141,412465495,0.21777777777777779
2018-06-17 00:00:00 UTC,222,1140,412470632,4.2906944444444441
2018-06-17 00:00:00 UTC,222,1142,9104496,15.909583333333334
2018-06-17 00:00:00 UTC,222,1136,412468102,0.070416666666666669
2018-06-17 00:00:00 UTC,222,1575,431600078,2.7125000000000004
2018-06-17 00:00:00 UTC,222,1141,412465618,10.137638888888887
2018-06-17 00:00:00 UTC,222,1140,412418535,1.794027777777778
2018-06-17 00:00:00 UTC,478,-58,227327000,2.700277777777778
2018-06-17 00:00:00 UTC,478,-57,227327000,6.5804166666666664
2018-06-17 00:00:00 UTC,478,-56,227327000,1.2056944444444444
2018-06-17 00:00:00 UTC,478,-498,316006169,4.9052777777777781
2018-06-17 00:00:00 UTC,478,1394,273815110,0.62277777777777765
2018-06-17 00:00:00 UTC,478,1395,273815110,1.0315277777777778
2018-06-17 00:00:00 UTC,478,-45,228218700,0.11430555555555555
2018-06-17 00:00:00 UTC,478,-59,227474000,1.6334722222222222
2018-06-17 00:00:00 UTC,478,-58,227483000,0.95819444444444446
2018-06-17 00:00:00 UTC,478,-59,227483000,1.7486111111111113
2018-06-17 00:00:00 UTC,478,-41,227525000,0.56402777777777779
2018-06-17 00:00:00 UTC,478,-1253,366468000,0.083749999999999991
2018-06-17 00:00:00 UTC,478,-59,226179000,3.308472222222222
2018-06-17 00:00:00 UTC,478,-40,228037600,0.34638888888888886
2018-06-17 00:00:00 UTC,478,-41,228037600,0.13763888888888889
2018-06-17 00:00:00 UTC,478,-502,316001017,1.7145833333333338
2018-06-17 00:00:00 UTC,734,183,259656000,3.2981944444444449
2018-06-17 00:00:00 UTC,734,180,259656000,0.82888888888888879
2018-06-17 00:00:00 UTC,734,182,259656000,2.2215277777777778
2018-06-17 00:00:00 UTC,734,178,259656000,0.40666666666666662
2018-06-17 00:00:00 UTC,734,186,259656000,0.30736111111111114
2018-06-17 00:00:00 UTC,734,185,259656000,1.6858333333333333
2018-06-17 00:00:00 UTC,734,184,259656000,2.6222222222222222
2018-06-17 00:00:00 UTC,734,181,259656000,1.8519444444444439
2018-06-17 00:00:00 UTC,734,179,259656000,1.8770833333333334
2018-06-17 00:00:00 UTC,734,183,259707000,0.39222222222222219
2018-06-17 00:00:00 UTC,734,178,259707000,0.51791666666666658
2018-06-17 00:00:00 UTC,734,182,259707000,1.0658333333333334
2018-06-17 00:00:00 UTC,734,180,259707000,1.0223611111111113
2018-06-17 00:00:00 UTC,734,179,259707000,1.5184722222222224
2018-06-17 00:00:00 UTC,734,176,259707000,0.43847222222222215
2018-06-17 00:00:00 UTC,734,177,259707000,1.1026388888888889
2018-06-17 00:00:00 UTC,734,181,259707000,0.698888888888889
2018-06-17 00:00:00 UTC,734,175,259707000,0.55986111111111114
2018-06-17 00:00:00 UTC,734,185,257656000,0.52416666666666667
2018-06-17 00:00:00 UTC,734,182,257656000,4.2798611111111118
2018-06-17 00:00:00 UTC,734,179,257656000,0.99597222222222226
2018-06-17 00:00:00 UTC,734,181,257656000,2.9615277777777771
2018-06-17 00:00:00 UTC,734,184,257656000,1.6083333333333332
2018-06-17 00:00:00 UTC,734,180,257656000,1.5902777777777777
2018-06-17 00:00:00 UTC,734,183,257656000,2.57611111111111
2018-06-17 00:00:00 UTC,734,178,257656000,0.63416666666666666
2018-06-17 00:00:00 UTC,-290,-1501,98341643,0.4211111111111111
2018-06-17 00:00:00 UTC,-290,-1503,98341643,0.81819444444444445
2018-06-17 00:00:00 UTC,-290,-1500,98341643,3.9576388888888889
2018-06-17 00:00:00 UTC,-290,-1502,98341643,0.66083333333333361
2018-06-17 00:00:00 UTC,-290,436,224233000,0.84541666666666682
2018-06-17 00:00:00 UTC,-290,435,224233000,1.3959722222222222
2018-06-17 00:00:00 UTC,-290,438,224233000,0.2975
2018-06-17 00:00:00 UTC,-290,437,224233000,1.0568055555555556
2018-06-17 00:00:00 UTC,-290,420,225374000,1.2368055555555555
2018-06-17 00:00:00 UTC,-290,-1498,412691770,0.15791666666666668
2018-06-17 00:00:00 UTC,-290,-1499,412691770,1.6148611111111111
2018-06-17 00:00:00 UTC,-290,-1500,412691770,0.51611111111111108
2018-06-17 00:00:00 UTC,-290,-1701,416003647,1.054861111111111
2018-06-17 00:00:00 UTC,-290,165,601151600,25.253611111111113
2018-06-17 00:00:00 UTC,-290,1640,412330104,2.4729166666666664
2018-06-17 00:00:00 UTC,-290,1639,412330104,0.69291666666666663
2018-06-17 00:00:00 UTC,-290,420,224016530,0.25125
2018-06-17 00:00:00 UTC,-290,419,224016530,0.54625
2018-06-17 00:00:00 UTC,-290,-1513,576633000,0.61069444444444443
2018-06-17 00:00:00 UTC,-290,369,263576000,1.2073611111111111
2018-06-17 00:00:00 UTC,-290,368,263576000,0.47874999999999995
2018-06-17 00:00:00 UTC,-290,-1497,412421094,0.24444444444444444
2018-06-17 00:00:00 UTC,-290,-1495,412421094,0.63722222222222225
2018-06-17 00:00:00 UTC,-290,-1496,412421094,0.93791666666666673
2018-06-17 00:00:00 UTC,-34,-1783,440992000,1.7145833333333336
2018-06-17 00:00:00 UTC,-34,760,417000452,5.0590277777777786
2018-06-17 00:00:00 UTC,-34,761,417000452,0.24930555555555556
2018-06-17 00:00:00 UTC,-34,758,417000452,12.332777777777778
2018-06-17 00:00:00 UTC,-34,-1501,577322000,1.0616666666666665
2018-06-17 00:00:00 UTC,-34,-1503,577322000,7.3597222222222234
2018-06-17 00:00:00 UTC,-34,-1502,577322000,12.265694444444446
2018-06-17 00:00:00 UTC,-34,-982,412331035,2.3398611111111109
2018-06-17 00:00:00 UTC,-34,-981,412331035,2.4558333333333335
2018-06-17 00:00:00 UTC,-34,-1639,416002591,0.43333333333333335
2018-06-17 00:00:00 UTC,-34,-1638,416002591,0.78999999999999992
2018-06-17 00:00:00 UTC,-34,-982,412420646,1.0619444444444444
2018-06-17 00:00:00 UTC,-34,683,417000244,2.337361111111111
2018-06-17 00:00:00 UTC,-34,1636,416004662,1.3252777777777778
2018-06-17 00:00:00 UTC,-34,1635,416004662,1.2468055555555555
2018-06-17 00:00:00 UTC,-34,-1665,416004675,1.8279166666666666
2018-06-17 00:00:00 UTC,-34,-986,412430920,4.943194444444444
2018-06-17 00:00:00 UTC,-34,-984,412420468,3.7295833333333333
2018-06-17 00:00:00 UTC,-34,-985,412420989,9.3254166666666656
2018-06-17 00:00:00 UTC,-34,-984,412420989,4.9761111111111109
2018-06-17 00:00:00 UTC,-34,-984,412421002,4.1606944444444451
2018-06-17 00:00:00 UTC,-34,-986,412421002,5.2716666666666665
2018-06-17 00:00:00 UTC,-34,-982,412329633,7.80013888888889
2018-06-17 00:00:00 UTC,-34,1644,416220600,1.0011111111111111
2018-06-17 00:00:00 UTC,-34,1645,416220600,0.75763888888888886
2018-06-17 00:00:00 UTC,-34,-982,412421059,4.862222222222222
2018-06-17 00:00:00 UTC,-34,-981,412421059,1.1269444444444443
2018-06-17 00:00:00 UTC,-34,-986,412420581,10.73416666666667
2018-06-17 00:00:00 UTC,-34,-983,412422122,2.8275
2018-06-17 00:00:00 UTC,-34,-982,412422122,3.9611111111111117
2018-06-17 00:00:00 UTC,-34,-984,902200811,1.0144444444444445
2018-06-17 00:00:00 UTC,-34,-983,902200811,6.7098611111111115
2018-06-17 00:00:00 UTC,-34,-1640,416004084,0.625
2018-06-17 00:00:00 UTC,223,1576,431600078,1.983888888888889
2018-06-17 00:00:00 UTC,223,1577,431600078,2.3248611111111113
2018-06-17 00:00:00 UTC,223,1142,412481239,2.28625
2018-06-17 00:00:00 UTC,223,1144,886688220,1.9390277777777778
2018-06-17 00:00:00 UTC,479,-46,228160000,0.41902777777777778
2018-06-17 00:00:00 UTC,479,1545,273822210,9.76319444444445
2018-06-17 00:00:00 UTC,479,1546,273822210,6.8037500000000026
2018-06-17 00:00:00 UTC,479,1544,273822210,1.14875
2018-06-17 00:00:00 UTC,479,-45,227318020,0.53111111111111109
2018-06-17 00:00:00 UTC,479,1546,273896200,3.1558333333333333
2018-06-17 00:00:00 UTC,479,1544,273896200,4.8083333333333327
2018-06-17 00:00:00 UTC,479,1545,273896200,7.0013888888888882
2018-06-17 00:00:00 UTC,479,-48,227319570,0.0375
2018-06-17 00:00:00 UTC,479,-47,227319570,0.16388888888888889
2018-06-17 00:00:00 UTC,479,-57,227327000,1.5999999999999999
2018-06-17 00:00:00 UTC,479,1546,273821210,5.8563888888888895
2018-06-17 00:00:00 UTC,479,1545,273821210,9.3477777777777789
2018-06-17 00:00:00 UTC,479,1544,273821210,2.2223611111111108
2018-06-17 00:00:00 UTC,479,-45,228302900,0.28972222222222221
2018-06-17 00:00:00 UTC,479,1544,273848120,2.9205555555555551
2018-06-17 00:00:00 UTC,479,1545,273848120,7.464444444444446
2018-06-17 00:00:00 UTC,479,1546,273848120,4.6047222222222217
2018-06-17 00:00:00 UTC,479,-46,227142200,0.25444444444444447
2018-06-17 00:00:00 UTC,479,1396,273815110,3.111388888888889
2018-06-17 00:00:00 UTC,479,1395,273815110,4.3201388888888879
2018-06-17 00:00:00 UTC,479,-46,228218700,0.30180555555555555
2018-06-17 00:00:00 UTC,479,-45,228218700,1.03125
2018-06-17 00:00:00 UTC,479,-59,227474000,0.99180555555555561
2018-06-17 00:00:00 UTC,479,-60,227474000,2.3445833333333335
2018-06-17 00:00:00 UTC,479,-58,227474000,1.6084722222222223
2018-06-17 00:00:00 UTC,479,-503,316002911,5.8955555555555552
2018-06-17 00:00:00 UTC,479,-59,226267000,2.2429166666666664
2018-06-17 00:00:00 UTC,479,-58,226267000,0.6166666666666667
2018-06-17 00:00:00 UTC,479,-60,226267000,2.4387499999999998
2018-06-17 00:00:00 UTC,479,-1254,366468000,1.2130555555555556
2018-06-17 00:00:00 UTC,479,-1253,366468000,1.5802777777777779
2018-06-17 00:00:00 UTC,479,-59,226179000,1.8125
2018-06-17 00:00:00 UTC,479,-57,226179000,0.86527777777777781
2018-06-17 00:00:00 UTC,479,-47,228213700,0.5344444444444445
2018-06-17 00:00:00 UTC,479,-69,228236000,0.93180555555555544
2018-06-17 00:00:00 UTC,479,-46,227315190,0.61041666666666672
2018-06-17 00:00:00 UTC,479,-45,227315190,0.39125
2018-06-17 00:00:00 UTC,479,-45,227318010,0.23083333333333333
2018-06-17 00:00:00 UTC,479,-47,227318010,0.34513888888888888
2018-06-17 00:00:00 UTC,735,186,259656000,0.24444444444444444
2018-06-17 00:00:00 UTC,735,175,259656000,0.51930555555555546
2018-06-17 00:00:00 UTC,735,177,259656000,0.97791666666666655
2018-06-17 00:00:00 UTC,735,180,259656000,0.91069444444444425
2018-06-17 00:00:00 UTC,735,176,259656000,1.0640277777777778
2018-06-17 00:00:00 UTC,735,184,259656000,0.87611111111111128
2018-06-17 00:00:00 UTC,735,181,259656000,0.48124999999999996
2018-06-17 00:00:00 UTC,735,183,259656000,0.61430555555555555
2018-06-17 00:00:00 UTC,735,179,259656000,1.5719444444444448
2018-06-17 00:00:00 UTC,735,178,259656000,0.88041666666666663
2018-06-17 00:00:00 UTC,735,185,259656000,0.27097222222222217
2018-06-17 00:00:00 UTC,735,182,259656000,0.34527777777777779
2018-06-17 00:00:00 UTC,735,176,259707000,1.5516666666666667
2018-06-17 00:00:00 UTC,735,179,259707000,1.0479166666666668
2018-06-17 00:00:00 UTC,735,178,259707000,0.91597222222222241
2018-06-17 00:00:00 UTC,735,175,259707000,0.40277777777777779
2018-06-17 00:00:00 UTC,735,180,259707000,0.13694444444444445
2018-06-17 00:00:00 UTC,735,174,259707000,0.58638888888888885
2018-06-17 00:00:00 UTC,735,177,259707000,0.84055555555555561
2018-06-17 00:00:00 UTC,735,178,257656000,1.0723611111111111
2018-06-17 00:00:00 UTC,735,182,257656000,0.21930555555555559
2018-06-17 00:00:00 UTC,735,179,257656000,1.6226388888888887
2018-06-17 00:00:00 UTC,735,176,257656000,1.0844444444444448
2018-06-17 00:00:00 UTC,735,177,257656000,1.0034722222222221
2018-06-17 00:00:00 UTC,735,181,257656000,1.0844444444444443
2018-06-17 00:00:00 UTC,735,185,257656000,0.50305555555555548
2018-06-17 00:00:00 UTC,735,180,257656000,1.0954166666666667
2018-06-17 00:00:00 UTC,735,183,257656000,0.41236111111111118
2018-06-17 00:00:00 UTC,735,184,257656000,0.58958333333333335
2018-06-17 00:00:00 UTC,-289,437,224233000,1.3345833333333335
2018-06-17 00:00:00 UTC,-289,438,224233000,1.1805555555555558
2018-06-17 00:00:00 UTC,-289,420,225374000,1.7720833333333332
2018-06-17 00:00:00 UTC,-289,-1700,416003647,0.41777777777777775
2018-06-17 00:00:00 UTC,-289,1639,412330104,0.75638888888888889
2018-06-17 00:00:00 UTC,-289,-1512,576633000,0.12763888888888889
2018-06-17 00:00:00 UTC,-289,-1496,412421094,0.4194444444444444
2018-06-17 00:00:00 UTC,-33,-1781,440992000,1.9604166666666665
2018-06-17 00:00:00 UTC,-33,-1783,440992000,1.606527777777778
2018-06-17 00:00:00 UTC,-33,-74,416146700,1.7743055555555556
2018-06-17 00:00:00 UTC,-33,-70,416146700,3.472777777777778
2018-06-17 00:00:00 UTC,-33,-75,416146700,4.0626388888888894
2018-06-17 00:00:00 UTC,-33,-78,416146700,3.9383333333333335
2018-06-17 00:00:00 UTC,-33,-73,416146700,2.1766666666666667
2018-06-17 00:00:00 UTC,-33,685,417000213,0.84027777777777779
2018-06-17 00:00:00 UTC,-33,684,417000213,1.8740277777777776
2018-06-17 00:00:00 UTC,-33,-981,412331035,2.8848611111111118
2018-06-17 00:00:00 UTC,-33,-1639,416002591,0.94986111111111116
2018-06-17 00:00:00 UTC,-33,-1638,416002591,0.80152777777777784
2018-06-17 00:00:00 UTC,-33,-982,412420646,7.0734722222222217
2018-06-17 00:00:00 UTC,-33,-981,412420646,5.445
2018-06-17 00:00:00 UTC,-33,-986,412424491,4.66125
2018-06-17 00:00:00 UTC,-33,684,417000244,0.9705555555555555
2018-06-17 00:00:00 UTC,-33,683,417000244,2.0623611111111111
2018-06-17 00:00:00 UTC,-33,1634,416004662,1.5204166666666667
2018-06-17 00:00:00 UTC,-33,1636,416004662,0.46277777777777779
2018-06-17 00:00:00 UTC,-33,-986,412420677,0.84569444444444442
2018-06-17 00:00:00 UTC,-33,-985,412420677,2.6302777777777782
2018-06-17 00:00:00 UTC,-33,-1503,416349000,3.0350000000000006
2018-06-17 00:00:00 UTC,-33,-984,412420468,1.42625
2018-06-17 00:00:00 UTC,-33,-984,412420987,4.8981944444444432
2018-06-17 00:00:00 UTC,-33,-12,416250500,2.5856944444444445
2018-06-17 00:00:00 UTC,-33,-980,412217992,2.2241666666666666
2018-06-17 00:00:00 UTC,-33,-983,412420244,5.6241666666666665
2018-06-17 00:00:00 UTC,-33,-984,412420244,2.8244444444444445
2018-06-17 00:00:00 UTC,-33,-982,412421021,6.6433333333333335
2018-06-17 00:00:00 UTC,-33,-983,412421021,1.0430555555555556
2018-06-17 00:00:00 UTC,-33,-985,412420534,6.632083333333334
2018-06-17 00:00:00 UTC,-33,1645,416220600,1.0686111111111112
2018-06-17 00:00:00 UTC,-33,-986,412420822,7.7243055555555564
2018-06-17 00:00:00 UTC,-33,-985,412420822,6.0968055555555543
2018-06-17 00:00:00 UTC,-33,-986,412326887,5.28013888888889
2018-06-17 00:00:00 UTC,-33,-1640,416004084,2.8176388888888888
2018-06-17 00:00:00 UTC,224,1554,431600420,1.4568055555555555
2018-06-17 00:00:00 UTC,224,1203,416003877,5.6484722222222228
2018-06-17 00:00:00 UTC,224,1203,416021339,3.3802777777777782
2018-06-17 00:00:00 UTC,224,1202,416021339,0.62861111111111112
2018-06-17 00:00:00 UTC,224,1203,416004969,3.7926388888888889
2018-06-17 00:00:00 UTC,224,1202,416004969,2.7911111111111109
2018-06-17 00:00:00 UTC,224,1144,200022152,7.4504166666666665
2018-06-17 00:00:00 UTC,224,1522,431009933,0.19680555555555557
2018-06-17 00:00:00 UTC,224,1137,100896451,4.1772222222222215
2018-06-17 00:00:00 UTC,224,1576,431600078,2.8074999999999997
2018-06-17 00:00:00 UTC,224,1144,886688220,2.0048611111111114
2018-06-17 00:00:00 UTC,224,1202,416004319,5.2566666666666677
2018-06-17 00:00:00 UTC,224,1200,416004319,0.13027777777777777
2018-06-17 00:00:00 UTC,224,1203,416004319,3.6794444444444441
2018-06-17 00:00:00 UTC,224,1156,412596467,4.9477777777777767
2018-06-17 00:00:00 UTC,224,1155,412596467,1.1129166666666666
2018-06-17 00:00:00 UTC,480,1546,273822210,3.9681944444444452
2018-06-17 00:00:00 UTC,480,1547,273822210,2.3055555555555554
2018-06-17 00:00:00 UTC,480,1547,273896200,3.7041666666666662
2018-06-17 00:00:00 UTC,480,1546,273896200,3.4756944444444442
2018-06-17 00:00:00 UTC,480,1547,273821210,4.3322222222222218
2018-06-17 00:00:00 UTC,480,1546,273821210,2.237222222222222
2018-06-17 00:00:00 UTC,480,-1254,367774000,0.19874999999999998
2018-06-17 00:00:00 UTC,480,1546,273848120,7.096805555555556
2018-06-17 00:00:00 UTC,480,1547,273848120,1.245
2018-06-17 00:00:00 UTC,480,1545,273848120,0.53555555555555556
2018-06-17 00:00:00 UTC,480,1396,273815110,1.3394444444444447
2018-06-17 00:00:00 UTC,480,1397,273815110,3.1759722222222222
2018-06-17 00:00:00 UTC,480,-58,227474000,4.5805555555555557
2018-06-17 00:00:00 UTC,480,-60,227474000,3.1029166666666668
2018-06-17 00:00:00 UTC,480,-59,227474000,1.3194444444444446
2018-06-17 00:00:00 UTC,480,-55,228316000,2.8591666666666669
2018-06-17 00:00:00 UTC,480,-55,227558000,8.2725
2018-06-17 00:00:00 UTC,480,-54,227558000,4.30375
2018-06-17 00:00:00 UTC,480,-56,227558000,0.29180555555555554
2018-06-17 00:00:00 UTC,480,-59,226267000,3.9433333333333334
2018-06-17 00:00:00 UTC,480,-58,226267000,2.4668055555555553
2018-06-17 00:00:00 UTC,480,-53,228267900,2.0534722222222221
2018-06-17 00:00:00 UTC,480,-54,228267900,1.6138888888888889
2018-06-17 00:00:00 UTC,480,-512,316004233,2.0973611111111112
2018-06-17 00:00:00 UTC,480,-1254,366468000,2.8395833333333327
2018-06-17 00:00:00 UTC,480,-57,226179000,0.83916666666666662
2018-06-17 00:00:00 UTC,480,-60,226179000,2.9761111111111114
2018-06-17 00:00:00 UTC,480,-58,226179000,0.83458333333333334
2018-06-17 00:00:00 UTC,480,-59,226179000,1.6275
2018-06-17 00:00:00 UTC,480,-71,228236000,0.44166666666666665
2018-06-17 00:00:00 UTC,480,-72,228236000,0.95444444444444443
2018-06-17 00:00:00 UTC,480,-1253,367085290,0.31125
2018-06-17 00:00:00 UTC,480,-1254,367085290,3.51375
2018-06-17 00:00:00 UTC,480,-522,316001017,0.6475
2018-06-17 00:00:00 UTC,736,316,257153500,0.78069444444444447
2018-06-17 00:00:00 UTC,736,315,257153500,0.1375
2018-06-17 00:00:00 UTC,736,314,257153500,0.25097222222222221
2018-06-17 00:00:00 UTC,736,311,257153500,0.6725
2018-06-17 00:00:00 UTC,-288,420,225374000,1.1808333333333332
2018-06-17 00:00:00 UTC,-288,1639,412330104,0.56819444444444445
2018-06-17 00:00:00 UTC,-288,364,416074900,0.60013888888888889
2018-06-17 00:00:00 UTC,-288,363,416074900,2.6829166666666664
2018-06-17 00:00:00 UTC,-32,-1781,440992000,0.62666666666666659
2018-06-17 00:00:00 UTC,-32,-1782,440992000,0.0093055555555555548
2018-06-17 00:00:00 UTC,-32,-1783,440992000,0.68819444444444433
2018-06-17 00:00:00 UTC,-32,-70,416146700,1.2606944444444446
2018-06-17 00:00:00 UTC,-32,-72,416146700,4.1038888888888891
2018-06-17 00:00:00 UTC,-32,-75,416146700,0.66625
2018-06-17 00:00:00 UTC,-32,-73,416146700,0.76513888888888892
2018-06-17 00:00:00 UTC,-32,-74,416146700,0.34875
2018-06-17 00:00:00 UTC,-32,-76,416146700,0.83402777777777781
2018-06-17 00:00:00 UTC,-32,685,417000213,0.95013888888888887
2018-06-17 00:00:00 UTC,-32,684,417000213,3.3049999999999997
2018-06-17 00:00:00 UTC,-32,-981,412331034,0.99666666666666659
2018-06-17 00:00:00 UTC,-32,-982,412331034,11.3575
2018-06-17 00:00:00 UTC,-32,-981,412331037,11.674027777777773
2018-06-17 00:00:00 UTC,-32,-1639,416002591,0.90305555555555561
2018-06-17 00:00:00 UTC,-32,-1638,416002591,0.70638888888888873
2018-06-17 00:00:00 UTC,-32,-980,412354091,7.2106944444444441
2018-06-17 00:00:00 UTC,-32,-981,412354091,3.7456944444444447
2018-06-17 00:00:00 UTC,-32,683,417000244,1.0647222222222221
2018-06-17 00:00:00 UTC,-32,1636,416004662,0.54027777777777775
2018-06-17 00:00:00 UTC,-32,1634,416004662,0.896388888888889
2018-06-17 00:00:00 UTC,-32,1633,416004662,0.35486111111111107
2018-06-17 00:00:00 UTC,-32,-984,412420925,5.6329166666666675
2018-06-17 00:00:00 UTC,-32,-985,412420927,9.7997222222222184
2018-06-17 00:00:00 UTC,-32,-986,412420677,7.8194444444444446
2018-06-17 00:00:00 UTC,-32,-985,412420422,1.9002777777777782
2018-06-17 00:00:00 UTC,-32,93,359101000,2.7933333333333334
2018-06-17 00:00:00 UTC,-32,-979,412328791,7.9459722222222222
2018-06-17 00:00:00 UTC,-32,88,359004000,6.2523611111111093
2018-06-17 00:00:00 UTC,-32,-985,412420967,0.42888888888888893
2018-06-17 00:00:00 UTC,-32,-983,412420972,5.7161111111111129
2018-06-17 00:00:00 UTC,-32,-983,412420462,2.2808333333333333
2018-06-17 00:00:00 UTC,-32,-984,412420462,1.2541666666666667
2018-06-17 00:00:00 UTC,-32,-984,412420468,2.2870833333333334
2018-06-17 00:00:00 UTC,-32,-983,412420468,3.2716666666666665
2018-06-17 00:00:00 UTC,-32,-984,412420987,5.8638888888888889
2018-06-17 00:00:00 UTC,-32,-12,416250500,0.97291666666666665
2018-06-17 00:00:00 UTC,-32,-980,412217992,3.6869444444444448
2018-06-17 00:00:00 UTC,-32,-979,412420501,1.0279166666666666
2018-06-17 00:00:00 UTC,-32,-985,412420251,6.9859722222222214
2018-06-17 00:00:00 UTC,-32,-986,412420251,7.0730555555555545
2018-06-17 00:00:00 UTC,-32,-981,412420317,8.8349999999999973
2018-06-17 00:00:00 UTC,-32,-1633,412333795,2.01375
2018-06-17 00:00:00 UTC,-32,-1637,412333795,2.4301388888888891
2018-06-17 00:00:00 UTC,-32,-1638,412333795,0.19430555555555556
2018-06-17 00:00:00 UTC,-32,-1635,412333795,2.2575000000000003
2018-06-17 00:00:00 UTC,-32,-1636,412333795,3.3077777777777775
2018-06-17 00:00:00 UTC,-32,-1634,412333795,4.3031944444444443
2018-06-17 00:00:00 UTC,-32,-986,412326887,6.0540277777777787
2018-06-17 00:00:00 UTC,-32,-1469,416353000,1.5693055555555555
2018-06-17 00:00:00 UTC,-32,-1470,416353000,1.776111111111111
2018-06-17 00:00:00 UTC,-32,-1471,416353000,2.1141666666666667
2018-06-17 00:00:00 UTC,-32,-1640,416004084,1.84875
2018-06-17 00:00:00 UTC,-32,-985,412420855,4.2797222222222224
2018-06-17 00:00:00 UTC,-32,-984,412420855,10.068472222222221
2018-06-17 00:00:00 UTC,225,1531,431602237,1.6900000000000002
2018-06-17 00:00:00 UTC,225,1532,431602237,4.0704166666666666
2018-06-17 00:00:00 UTC,225,1530,431602237,1.7770833333333333
2018-06-17 00:00:00 UTC,225,1153,120702789,19.976944444444456
2018-06-17 00:00:00 UTC,225,1152,814023776,1.3298611111111109
2018-06-17 00:00:00 UTC,225,1153,814023776,4.8159722222222214
2018-06-17 00:00:00 UTC,225,1144,200022152,15.641388888888889
2018-06-17 00:00:00 UTC,225,1202,900019853,4.9173611111111111
2018-06-17 00:00:00 UTC,225,1137,100896451,0.11486111111111111
2018-06-17 00:00:00 UTC,225,1576,431600078,1.6251388888888889
2018-06-17 00:00:00 UTC,225,1575,431600078,1.0466666666666666
2018-06-17 00:00:00 UTC,225,1202,416004319,4.0654166666666658
2018-06-17 00:00:00 UTC,225,1532,431004389,5.247638888888889
2018-06-17 00:00:00 UTC,225,1155,412596467,0.98486111111111119
2018-06-17 00:00:00 UTC,225,1156,412596467,0.31777777777777777
2018-06-17 00:00:00 UTC,481,-475,273354540,3.6090277777777779
2018-06-17 00:00:00 UTC,481,-476,273354540,3.5980555555555558
2018-06-17 00:00:00 UTC,481,-474,273354540,3.7745833333333332
2018-06-17 00:00:00 UTC,481,-473,273354540,3.7212500000000004
2018-06-17 00:00:00 UTC,481,-477,273354540,3.7222222222222237
2018-06-17 00:00:00 UTC,481,-478,273354540,0.38569444444444445
2018-06-17 00:00:00 UTC,481,-472,273354540,5.0305555555555568
2018-06-17 00:00:00 UTC,481,-80,227912000,6.3506944444444446
2018-06-17 00:00:00 UTC,481,1397,273815110,0.49027777777777781
2018-06-17 00:00:00 UTC,481,-59,227474000,5.8879166666666656
2018-06-17 00:00:00 UTC,481,-58,227474000,1.8295833333333333
2018-06-17 00:00:00 UTC,481,-60,227474000,0.86916666666666664
2018-06-17 00:00:00 UTC,481,-54,228316000,7.0383333333333331
2018-06-17 00:00:00 UTC,481,-53,228316000,1.9756944444444446
2018-06-17 00:00:00 UTC,481,-55,228316000,1.2501388888888889
2018-06-17 00:00:00 UTC,481,-55,227558000,1.9527777777777777
2018-06-17 00:00:00 UTC,481,-56,227558000,0.28097222222222223
2018-06-17 00:00:00 UTC,481,-58,226267000,1.61625
2018-06-17 00:00:00 UTC,481,-59,226267000,0.89736111111111116
2018-06-17 00:00:00 UTC,481,-60,226267000,2.125
2018-06-17 00:00:00 UTC,481,-53,228267900,7.9655555555555564
2018-06-17 00:00:00 UTC,481,-55,228267900,0.55861111111111106
2018-06-17 00:00:00 UTC,481,-54,228267900,3.578611111111111
2018-06-17 00:00:00 UTC,481,-52,228267900,0.89319444444444451
2018-06-17 00:00:00 UTC,481,-511,316004233,0.99874999999999992
2018-06-17 00:00:00 UTC,481,-510,316004233,0.59944444444444445
2018-06-17 00:00:00 UTC,481,-512,316004233,0.48319444444444448
2018-06-17 00:00:00 UTC,481,-504,316004501,0.90666666666666673
2018-06-17 00:00:00 UTC,481,-57,226179000,0.58597222222222223
2018-06-17 00:00:00 UTC,481,-61,226179000,1.5222222222222224
2018-06-17 00:00:00 UTC,481,-58,226179000,1.2247222222222223
2018-06-17 00:00:00 UTC,481,-59,226179000,6.1129166666666661
2018-06-17 00:00:00 UTC,481,-60,226179000,2.3516666666666666
2018-06-17 00:00:00 UTC,481,-51,228109000,1.9705555555555556
2018-06-17 00:00:00 UTC,481,-473,431799000,13.069722222222222
2018-06-17 00:00:00 UTC,481,-472,431799000,4.2690277777777776
2018-06-17 00:00:00 UTC,481,-474,431799000,7.2329166666666671
2018-06-17 00:00:00 UTC,481,-75,228236000,1.9540277777777777
2018-06-17 00:00:00 UTC,481,-73,228236000,6.1804166666666669
2018-06-17 00:00:00 UTC,481,-72,228236000,5.0043055555555558
2018-06-17 00:00:00 UTC,481,-522,316001017,1.6277777777777778
2018-06-17 00:00:00 UTC,481,-521,316001017,0.99097222222222225
2018-06-17 00:00:00 UTC,737,335,257153500,0.58583333333333343
2018-06-17 00:00:00 UTC,737,334,257153500,0.66861111111111116
2018-06-17 00:00:00 UTC,737,333,257153500,0.789861111111111
2018-06-17 00:00:00 UTC,737,338,257153500,0.77708333333333346
2018-06-17 00:00:00 UTC,737,336,257153500,0.7780555555555555
2018-06-17 00:00:00 UTC,737,337,257153500,0.80347222222222237
2018-06-17 00:00:00 UTC,737,339,257153500,0.85791666666666666
2018-06-17 00:00:00 UTC,-287,420,225374000,1.3983333333333334
2018-06-17 00:00:00 UTC,-287,365,416074900,2.0577777777777775
2018-06-17 00:00:00 UTC,-287,364,416074900,1.945
2018-06-17 00:00:00 UTC,-287,366,416074900,0.53819444444444442
2018-06-17 00:00:00 UTC,-31,-984,412371204,0.87319444444444427
2018-06-17 00:00:00 UTC,-31,685,417000213,1.1204166666666666
2018-06-17 00:00:00 UTC,-31,-980,412331035,2.6702777777777778
2018-06-17 00:00:00 UTC,-31,-980,412331036,11.841666666666669
2018-06-17 00:00:00 UTC,-31,-985,412440607,1.5058333333333334
2018-06-17 00:00:00 UTC,-31,-986,412440607,6.1277777777777782
2018-06-17 00:00:00 UTC,-31,-1639,416002591,0.32652777777777775
2018-06-17 00:00:00 UTC,-31,-1638,416002591,0.42138888888888887
2018-06-17 00:00:00 UTC,-31,-981,412420651,5.7652777777777775
2018-06-17 00:00:00 UTC,-31,-980,412420651,6.6265277777777776
2018-06-17 00:00:00 UTC,-31,-60,416121900,0.39708333333333334
2018-06-17 00:00:00 UTC,-31,-55,416121900,1.4813888888888889
2018-06-17 00:00:00 UTC,-31,-54,416121900,1.3415277777777779
2018-06-17 00:00:00 UTC,-31,-56,416121900,0.47625
2018-06-17 00:00:00 UTC,-31,-53,416121900,4.0415277777777776
2018-06-17 00:00:00 UTC,-31,-58,416121900,5.4033333333333333
2018-06-17 00:00:00 UTC,-31,-51,416121900,1.5836111111111111
2018-06-17 00:00:00 UTC,-31,-59,416121900,0.50208333333333333
2018-06-17 00:00:00 UTC,-31,-57,416121900,0.48416666666666663
2018-06-17 00:00:00 UTC,-31,-981,412422704,12.029583333333333
2018-06-17 00:00:00 UTC,-31,683,417000244,1.2216666666666667
2018-06-17 00:00:00 UTC,-31,1634,416004662,1.0888888888888888
2018-06-17 00:00:00 UTC,-31,1633,416004662,1.7875000000000003
2018-06-17 00:00:00 UTC,-31,1635,416004662,1.0429166666666667
2018-06-17 00:00:00 UTC,-31,1632,416004662,0.830138888888889
2018-06-17 00:00:00 UTC,-31,-985,412328765,6.3070833333333338
2018-06-17 00:00:00 UTC,-31,-984,412328765,6.33291666666667
2018-06-17 00:00:00 UTC,-31,-984,412420422,0.23208333333333334
2018-06-17 00:00:00 UTC,-31,-983,412420422,4.4420833333333327
2018-06-17 00:00:00 UTC,-31,-985,412420422,5.8873611111111108
2018-06-17 00:00:00 UTC,-31,-985,412420681,5.77625
2018-06-17 00:00:00 UTC,-31,-984,412420681,11.754861111111111
2018-06-17 00:00:00 UTC,-31,-1660,416173900,1.2245833333333331
2018-06-17 00:00:00 UTC,-31,-1662,416173900,0.71791666666666665
2018-06-17 00:00:00 UTC,-31,-1661,416173900,1.3969444444444443
2018-06-17 00:00:00 UTC,-31,-981,412420941,9.332916666666673
2018-06-17 00:00:00 UTC,-31,-986,412420688,5.80625
2018-06-17 00:00:00 UTC,-31,20,416032600,2.4801388888888889
2018-06-17 00:00:00 UTC,-31,-116,413031000,2.4098611111111112
2018-06-17 00:00:00 UTC,-31,-118,413031000,3.7740277777777775
2018-06-17 00:00:00 UTC,-31,-121,413031000,3.0424999999999995
2018-06-17 00:00:00 UTC,-31,-115,413031000,0.4925
2018-06-17 00:00:00 UTC,-31,-117,413031000,1.4554166666666666
2018-06-17 00:00:00 UTC,-31,92,359004000,0.6101388888888889
2018-06-17 00:00:00 UTC,-31,-979,412420961,11.315833333333332
2018-06-17 00:00:00 UTC,-31,-986,412420967,2.654722222222222
2018-06-17 00:00:00 UTC,-31,-985,412420967,3.5698611111111114
2018-06-17 00:00:00 UTC,-31,-984,412420972,2.737222222222222
2018-06-17 00:00:00 UTC,-31,-983,412420972,3.3641666666666667
2018-06-17 00:00:00 UTC,-31,-985,412420463,5.2344444444444447
2018-06-17 00:00:00 UTC,-31,-984,412420463,6.2872222222222236
2018-06-17 00:00:00 UTC,-31,-983,585856888,11.891666666666667
2018-06-17 00:00:00 UTC,-31,-985,150402944,8.7895833333333346
2018-06-17 00:00:00 UTC,-31,-985,150402947,4.2577777777777772
2018-06-17 00:00:00 UTC,-31,-985,150402951,9.9947222222222223
2018-06-17 00:00:00 UTC,-31,-982,412421005,13.875972222222225
2018-06-17 00:00:00 UTC,-31,-986,412200336,0.0911111111111111
2018-06-17 00:00:00 UTC,-31,-985,412200336,5.9261111111111111
2018-06-17 00:00:00 UTC,-31,-979,412420501,7.5551388888888891
2018-06-17 00:00:00 UTC,-31,-978,412420501,2.2529166666666662
2018-06-17 00:00:00 UTC,-31,-982,412421021,3.5430555555555552
2018-06-17 00:00:00 UTC,-31,-983,412331175,22.661527777777778
2018-06-17 00:00:00 UTC,-31,471,664078000,1.4490277777777778
2018-06-17 00:00:00 UTC,-31,-986,412420534,5.1261111111111113
2018-06-17 00:00:00 UTC,-31,-981,412420537,8.7102777777777778
2018-06-17 00:00:00 UTC,-31,-984,412420799,9.3425
2018-06-17 00:00:00 UTC,-31,-981,412421062,10.773194444444446
2018-06-17 00:00:00 UTC,-31,-1636,412333795,1.5565277777777777
2018-06-17 00:00:00 UTC,-31,-1637,412333795,2.0659722222222223
2018-06-17 00:00:00 UTC,-31,-1638,412333795,0.78972222222222221
2018-06-17 00:00:00 UTC,-31,-1635,412333795,2.1647222222222227
2018-06-17 00:00:00 UTC,-31,-1640,416004084,0.73458333333333337
2018-06-17 00:00:00 UTC,-31,-1641,416004084,0.10347222222222222
2018-06-17 00:00:00 UTC,-31,-980,412329462,11.427500000000002
2018-06-17 00:00:00 UTC,-31,-982,412209145,3.0201388888888894
2018-06-17 00:00:00 UTC,-31,-982,412424702,10.575000000000001
2018-06-17 00:00:00 UTC,226,1554,431600420,1.433472222222222
2018-06-17 00:00:00 UTC,226,-211,224049460,3.969444444444445
2018-06-17 00:00:00 UTC,226,1532,431602237,3.5051388888888884
2018-06-17 00:00:00 UTC,226,1530,431602237,3.7938888888888891
2018-06-17 00:00:00 UTC,226,1531,431602237,0.37069444444444444
2018-06-17 00:00:00 UTC,226,1201,900019853,0.92513888888888884
2018-06-17 00:00:00 UTC,226,1202,900019853,0.59222222222222209
2018-06-17 00:00:00 UTC,226,1136,412470169,3.8347222222222221
2018-06-17 00:00:00 UTC,226,1202,200003772,1.4100000000000001
2018-06-17 00:00:00 UTC,226,1201,200003772,0.24194444444444446
2018-06-17 00:00:00 UTC,226,1201,200023496,0.59972222222222216
2018-06-17 00:00:00 UTC,226,1575,431600078,3.185138888888889
2018-06-17 00:00:00 UTC,226,1576,431600078,0.95347222222222228
2018-06-17 00:00:00 UTC,226,1574,431600078,3.1991666666666667
2018-06-17 00:00:00 UTC,226,1530,431004389,3.3677777777777775
2018-06-17 00:00:00 UTC,226,1529,431004389,1.9040277777777777
2018-06-17 00:00:00 UTC,482,-1259,316023833,0.2125
2018-06-17 00:00:00 UTC,482,-1260,316023833,0.21527777777777779
2018-06-17 00:00:00 UTC,482,-85,227912000,1.337361111111111
2018-06-17 00:00:00 UTC,482,-79,227912000,1.5820833333333333
2018-06-17 00:00:00 UTC,482,-86,227912000,5.991944444444445
2018-06-17 00:00:00 UTC,482,1399,273815110,0.073611111111111113
2018-06-17 00:00:00 UTC,482,-80,227485000,3.7077777777777778
2018-06-17 00:00:00 UTC,482,-85,227485000,2.5583333333333336
2018-06-17 00:00:00 UTC,482,-84,227485000,3.4216666666666669
2018-06-17 00:00:00 UTC,482,-79,227485000,1.0084722222222222
2018-06-17 00:00:00 UTC,482,-86,227485000,5.4886111111111111
2018-06-17 00:00:00 UTC,482,-89,225988178,6.9301388888888882
2018-06-17 00:00:00 UTC,482,-504,316002911,10.664444444444445
2018-06-17 00:00:00 UTC,482,-53,228316000,1.1251388888888889
2018-06-17 00:00:00 UTC,482,-54,228316000,4.815555555555556
2018-06-17 00:00:00 UTC,482,-55,227558000,3.9958333333333327
2018-06-17 00:00:00 UTC,482,-61,226267000,0.69055555555555559
2018-06-17 00:00:00 UTC,482,-60,226267000,0.90819444444444442
2018-06-17 00:00:00 UTC,482,-53,228267900,2.2101388888888889
2018-06-17 00:00:00 UTC,482,-54,228267900,1.6548611111111113
2018-06-17 00:00:00 UTC,482,-79,228240000,1.5309722222222222
2018-06-17 00:00:00 UTC,482,-511,316004233,0.28861111111111115
2018-06-17 00:00:00 UTC,482,-509,316004233,0.57597222222222222
2018-06-17 00:00:00 UTC,482,-510,316004233,0.73708333333333342
2018-06-17 00:00:00 UTC,482,1548,273825210,2.407083333333333
2018-06-17 00:00:00 UTC,482,-52,228109000,4.8720833333333342
2018-06-17 00:00:00 UTC,482,-51,228109000,15.480833333333329
2018-06-17 00:00:00 UTC,482,-50,228109000,1.4151388888888887
2018-06-17 00:00:00 UTC,482,-74,228236000,3.3627777777777776
2018-06-17 00:00:00 UTC,482,-75,228236000,0.39291666666666669
2018-06-17 00:00:00 UTC,482,-523,316001017,0.38305555555555559
2018-06-17 00:00:00 UTC,482,-524,316001017,0.58986111111111117
2018-06-17 00:00:00 UTC,482,-522,316001017,0.82541666666666669
2018-06-17 00:00:00 UTC,738,333,257153500,1.3633333333333337
2018-06-17 00:00:00 UTC,738,331,257153500,0.9095833333333333
2018-06-17 00:00:00 UTC,738,332,257153500,1.2518055555555556
2018-06-17 00:00:00 UTC,-286,365,416074900,0.71069444444444441
2018-06-17 00:00:00 UTC,-286,366,416074900,1.3063888888888888
2018-06-17 00:00:00 UTC,-286,-1386,412420813,0.7351388888888889
2018-06-17 00:00:00 UTC,-286,-1388,412420813,1.4630555555555556
2018-06-17 00:00:00 UTC,-286,-1387,412420813,1.6669444444444446
2018-06-17 00:00:00 UTC,-286,-1385,412420813,0.96291666666666664
2018-06-17 00:00:00 UTC,-286,-1381,412420814,0.68125
2018-06-17 00:00:00 UTC,-286,-1380,412420814,1.0093055555555559
2018-06-17 00:00:00 UTC,-30,-1646,567872000,0.1788888888888889
2018-06-17 00:00:00 UTC,-30,-984,412371203,6.1586111111111146
2018-06-17 00:00:00 UTC,-30,-985,412371203,4.7288888888888865
2018-06-17 00:00:00 UTC,-30,-981,412371204,9.52625
2018-06-17 00:00:00 UTC,-30,687,417000213,2.7980555555555555
2018-06-17 00:00:00 UTC,-30,685,417000213,0.70555555555555549
2018-06-17 00:00:00 UTC,-30,-985,412440606,2.7844444444444441
2018-06-17 00:00:00 UTC,-30,-984,412440606,8.5186111111111114
2018-06-17 00:00:00 UTC,-30,-55,416121900,2.2254166666666668
2018-06-17 00:00:00 UTC,-30,-60,416121900,2.5115277777777774
2018-06-17 00:00:00 UTC,-30,-54,416121900,0.12694444444444444
2018-06-17 00:00:00 UTC,-30,-53,416121900,1.018888888888889
2018-06-17 00:00:00 UTC,-30,-56,416121900,2.4011111111111112
2018-06-17 00:00:00 UTC,-30,683,417000244,2.1747222222222224
2018-06-17 00:00:00 UTC,-30,-978,412420406,9.4755555555555535
2018-06-17 00:00:00 UTC,-30,-977,412420406,2.0229166666666667
2018-06-17 00:00:00 UTC,-30,1633,416004662,2.96875
2018-06-17 00:00:00 UTC,-30,1632,416004662,0.65916666666666657
2018-06-17 00:00:00 UTC,-30,-1665,416004675,2.9591666666666665
2018-06-17 00:00:00 UTC,-30,-1646,577245000,5.4134722222222225
2018-06-17 00:00:00 UTC,-30,-1498,416349000,4.0641666666666669
2018-06-17 00:00:00 UTC,-30,-1660,416173900,1.2502777777777776
2018-06-17 00:00:00 UTC,-30,-1648,416171600,0.58458333333333334
2018-06-17 00:00:00 UTC,-30,-1646,416171600,0.41986111111111107
2018-06-17 00:00:00 UTC,-30,-1647,416171600,0.45
2018-06-17 00:00:00 UTC,-30,-1645,416171600,0.51041666666666674
2018-06-17 00:00:00 UTC,-30,20,416032600,1.84625
2018-06-17 00:00:00 UTC,-30,18,416032600,4.653888888888889
2018-06-17 00:00:00 UTC,-30,14,416032600,3.6873611111111111
2018-06-17 00:00:00 UTC,-30,21,416032600,3.7277777777777779
2018-06-17 00:00:00 UTC,-30,19,416032600,1.7802777777777776
2018-06-17 00:00:00 UTC,-30,-113,413031000,1.0515277777777778
2018-06-17 00:00:00 UTC,-30,-114,413031000,1.4786111111111111
2018-06-17 00:00:00 UTC,-30,-112,413031000,1.6155555555555556
2018-06-17 00:00:00 UTC,-30,-121,413031000,0.7366666666666668
2018-06-17 00:00:00 UTC,-30,-115,413031000,1.743888888888889
2018-06-17 00:00:00 UTC,-30,-1662,412328795,0.83416666666666672
2018-06-17 00:00:00 UTC,-30,-982,412424547,3.8697222222222223
2018-06-17 00:00:00 UTC,-30,-977,412420964,6.0036111111111117
2018-06-17 00:00:00 UTC,-30,-985,150402947,6.8783333333333321
2018-06-17 00:00:00 UTC,-30,-981,412420996,2.4690277777777778
2018-06-17 00:00:00 UTC,-30,-12,416250500,1.4945833333333334
2018-06-17 00:00:00 UTC,-30,-979,412420229,10.77555555555556
2018-06-17 00:00:00 UTC,-30,-978,412420488,13.709861111111111
2018-06-17 00:00:00 UTC,-30,-980,412217992,2.6070833333333332
2018-06-17 00:00:00 UTC,-30,-986,412217993,6.1441666666666679
2018-06-17 00:00:00 UTC,-30,-982,412200335,4.589722222222222
2018-06-17 00:00:00 UTC,-30,-983,412200335,5.9245833333333326
2018-06-17 00:00:00 UTC,-30,-983,412200336,2.9075
2018-06-17 00:00:00 UTC,-30,1643,416003742,1.8251388888888889
2018-06-17 00:00:00 UTC,-30,1644,416003742,1.9859722222222222
2018-06-17 00:00:00 UTC,-30,-981,412401570,7.1175
2018-06-17 00:00:00 UTC,-30,-980,412421041,6.4456944444444435
2018-06-17 00:00:00 UTC,-30,-983,412329404,3.8454166666666669
2018-06-17 00:00:00 UTC,-30,-986,412329404,5.5379166666666668
2018-06-17 00:00:00 UTC,-30,-984,412420801,10.060416666666667
2018-06-17 00:00:00 UTC,-30,-985,150400453,6.9343055555555564
2018-06-17 00:00:00 UTC,-30,496,416311000,1.0679166666666666
2018-06-17 00:00:00 UTC,-30,495,416311000,0.22930555555555554
2018-06-17 00:00:00 UTC,-30,-1637,412333795,0.7994444444444444
2018-06-17 00:00:00 UTC,-30,-1636,412333795,0.810138888888889
2018-06-17 00:00:00 UTC,-30,-1635,412333795,1.0198611111111111
2018-06-17 00:00:00 UTC,-30,-985,412326884,6.8993055555555554
2018-06-17 00:00:00 UTC,-30,-978,412420331,0.54375
2018-06-17 00:00:00 UTC,-30,-1640,416004084,1.1390277777777778
2018-06-17 00:00:00 UTC,-30,-1641,416004084,1.6493055555555556
2018-06-17 00:00:00 UTC,-30,-980,412329462,0.59041666666666659
2018-06-17 00:00:00 UTC,227,1163,100704002,1.4048611111111111
2018-06-17 00:00:00 UTC,227,1162,100704002,0.84138888888888885
2018-06-17 00:00:00 UTC,227,1527,431602237,4.5045833333333327
2018-06-17 00:00:00 UTC,227,1201,200014703,0.45027777777777778
2018-06-17 00:00:00 UTC,227,1201,200023496,0.4909722222222222
2018-06-17 00:00:00 UTC,227,1576,431600078,0.6052777777777778
2018-06-17 00:00:00 UTC,227,1527,431004389,1.68625
2018-06-17 00:00:00 UTC,227,1528,431004389,1.612638888888889
2018-06-17 00:00:00 UTC,483,-1237,316003336,2.3988888888888886
2018-06-17 00:00:00 UTC,483,-1261,316023833,0.61388888888888882
2018-06-17 00:00:00 UTC,483,-1259,316023833,1.960833333333333
2018-06-17 00:00:00 UTC,483,-1260,316023833,5.0981944444444416
2018-06-17 00:00:00 UTC,483,-1262,316023833,1.0140277777777778
2018-06-17 00:00:00 UTC,483,1401,273815110,2.9880555555555559
2018-06-17 00:00:00 UTC,483,1400,273815110,3.2841666666666676
2018-06-17 00:00:00 UTC,483,1399,273815110,0.079444444444444443
2018-06-17 00:00:00 UTC,483,-83,227485000,2.1004166666666668
2018-06-17 00:00:00 UTC,483,-84,227485000,1.3090277777777777
2018-06-17 00:00:00 UTC,483,-87,225988178,0.80486111111111114
2018-06-17 00:00:00 UTC,483,-77,228935000,0.30513888888888885
2018-06-17 00:00:00 UTC,483,-54,228316000,1.4822222222222223
2018-06-17 00:00:00 UTC,483,-1261,316005998,1.3350000000000002
2018-06-17 00:00:00 UTC,483,-1262,316005998,0.60791666666666666
2018-06-17 00:00:00 UTC,483,-61,226267000,1.276388888888889
2018-06-17 00:00:00 UTC,483,-62,226267000,2.3058333333333332
2018-06-17 00:00:00 UTC,483,-78,228240000,8.9538888888888888
2018-06-17 00:00:00 UTC,483,-1262,316022149,4.0968055555555534
2018-06-17 00:00:00 UTC,483,-1261,316022149,2.1174999999999993
2018-06-17 00:00:00 UTC,483,-508,316004233,0.3
2018-06-17 00:00:00 UTC,483,-509,316004233,1.4772222222222222
2018-06-17 00:00:00 UTC,483,-510,316004233,0.56569444444444439
2018-06-17 00:00:00 UTC,483,-85,227428000,0.90027777777777773
2018-06-17 00:00:00 UTC,483,-505,316007860,7.3455555555555563
2018-06-17 00:00:00 UTC,483,-504,316007860,5.9798611111111111
2018-06-17 00:00:00 UTC,483,1549,273825210,0.94041666666666668
2018-06-17 00:00:00 UTC,483,1548,273825210,0.29319444444444442
2018-06-17 00:00:00 UTC,483,-74,228236000,1.4138888888888888
2018-06-17 00:00:00 UTC,483,-73,228236000,2.708333333333333
2018-06-17 00:00:00 UTC,483,-524,316001017,0.6315277777777778
2018-06-17 00:00:00 UTC,483,-511,316001017,0.086527777777777773
2018-06-17 00:00:00 UTC,739,331,257153500,0.20013888888888892
2018-06-17 00:00:00 UTC,739,330,257153500,1.106111111111111
2018-06-17 00:00:00 UTC,739,328,257153500,0.5148611111111111
2018-06-17 00:00:00 UTC,739,329,257153500,1.0081944444444444
2018-06-17 00:00:00 UTC,-541,-398,770576439,1.7513888888888889
2018-06-17 00:00:00 UTC,-285,374,224142870,0.26222222222222225
2018-06-17 00:00:00 UTC,-285,365,416074900,0.84097222222222234
2018-06-17 00:00:00 UTC,-285,366,416074900,1.7623611111111113
2018-06-17 00:00:00 UTC,-285,374,416771000,0.87458333333333327
2018-06-17 00:00:00 UTC,-285,-1384,412420813,1.6941666666666666
2018-06-17 00:00:00 UTC,-285,-1385,412420813,1.6597222222222223
2018-06-17 00:00:00 UTC,-285,-1388,412420813,1.0702777777777779
2018-06-17 00:00:00 UTC,-285,-1380,412420814,0.96138888888888907
2018-06-17 00:00:00 UTC,-285,-1381,412420814,0.714861111111111
2018-06-17 00:00:00 UTC,-29,-984,412371203,1.31875
2018-06-17 00:00:00 UTC,-29,-979,412371205,8.261250000000004
2018-06-17 00:00:00 UTC,-29,1534,431704070,0.225
2018-06-17 00:00:00 UTC,-29,1533,431704070,0.39097222222222228
2018-06-17 00:00:00 UTC,-29,687,417000213,2.3865277777777778
2018-06-17 00:00:00 UTC,-29,686,417000213,7.6309722222222218
2018-06-17 00:00:00 UTC,-29,685,417000213,4.458333333333333
2018-06-17 00:00:00 UTC,-29,-980,412420383,7.0969444444444445
2018-06-17 00:00:00 UTC,-29,-981,412420383,3.1027777777777774
2018-06-17 00:00:00 UTC,-29,-985,412440607,3.8806944444444444
2018-06-17 00:00:00 UTC,-29,-982,412690720,4.5675
2018-06-17 00:00:00 UTC,-29,-1631,412695590,0.25847222222222221
2018-06-17 00:00:00 UTC,-29,-976,412420649,4.7320833333333336
2018-06-17 00:00:00 UTC,-29,-975,412331062,5.9245833333333335
2018-06-17 00:00:00 UTC,-29,1632,416004662,4.0848611111111115
2018-06-17 00:00:00 UTC,-29,-978,412420928,3.6475000000000004
2018-06-17 00:00:00 UTC,-29,-1668,416004675,1.2699999999999998
2018-06-17 00:00:00 UTC,-29,-1669,416004675,1.6525
2018-06-17 00:00:00 UTC,-29,-1667,416004675,0.83111111111111113
2018-06-17 00:00:00 UTC,-29,-1666,416004675,3.2181944444444444
2018-06-17 00:00:00 UTC,-29,-1499,416349000,3.2766666666666664
2018-06-17 00:00:00 UTC,-29,-1501,416349000,2.3338888888888887
2018-06-17 00:00:00 UTC,-29,-1504,416349000,1.0533333333333332
2018-06-17 00:00:00 UTC,-29,-1502,416349000,2.3943055555555559
2018-06-17 00:00:00 UTC,-29,-1503,416349000,2.1622222222222218
2018-06-17 00:00:00 UTC,-29,-1498,416349000,2.3805555555555555
2018-06-17 00:00:00 UTC,-29,-1497,416349000,1.4580555555555554
2018-06-17 00:00:00 UTC,-29,-1659,416173900,0.17166666666666666
2018-06-17 00:00:00 UTC,-29,-1657,416173900,0.67208333333333337
2018-06-17 00:00:00 UTC,-29,-1658,416173900,0.19194444444444445
2018-06-17 00:00:00 UTC,-29,-1645,416171600,0.47305555555555556
2018-06-17 00:00:00 UTC,-29,-1647,416171600,1.6793055555555554
2018-06-17 00:00:00 UTC,-29,-1649,416171600,4.9883333333333333
2018-06-17 00:00:00 UTC,-29,-1646,416171600,1.697222222222222
2018-06-17 00:00:00 UTC,-29,-1648,416171600,2.8618055555555553
2018-06-17 00:00:00 UTC,-29,-1650,416171600,2.0211111111111109
2018-06-17 00:00:00 UTC,-29,16,416032600,0.53624999999999989
2018-06-17 00:00:00 UTC,-29,19,416032600,0.9145833333333333
2018-06-17 00:00:00 UTC,-29,15,416032600,0.696111111111111
2018-06-17 00:00:00 UTC,-29,17,416032600,0.54652777777777772
2018-06-17 00:00:00 UTC,-29,21,416032600,1.4493055555555556
2018-06-17 00:00:00 UTC,-29,14,416032600,0.93944444444444442
2018-06-17 00:00:00 UTC,-29,18,416032600,0.6594444444444445
2018-06-17 00:00:00 UTC,-29,-114,413031000,1.3287499999999999
2018-06-17 00:00:00 UTC,-29,-116,413031000,0.85236111111111112
2018-06-17 00:00:00 UTC,-29,-119,413031000,0.665
2018-06-17 00:00:00 UTC,-29,-120,413031000,0.66444444444444439
2018-06-17 00:00:00 UTC,-29,-117,413031000,0.60819444444444448
2018-06-17 00:00:00 UTC,-29,-112,413031000,1.5806944444444446
2018-06-17 00:00:00 UTC,-29,-118,413031000,0.47430555555555554
2018-06-17 00:00:00 UTC,-29,-1662,412328795,1.2298611111111111
2018-06-17 00:00:00 UTC,-29,-978,412424547,3.854166666666667
2018-06-17 00:00:00 UTC,-29,-977,412420964,3.7609722222222217
2018-06-17 00:00:00 UTC,-29,-984,412217993,5.815555555555556
2018-06-17 00:00:00 UTC,-29,-978,412421006,5.1856944444444437
2018-06-17 00:00:00 UTC,-29,-979,412421006,9.1648611111111133
2018-06-17 00:00:00 UTC,-29,1642,416003742,1.6484722222222223
2018-06-17 00:00:00 UTC,-29,-90,412280994,1.2701388888888889
2018-06-17 00:00:00 UTC,-29,-91,412280994,1.0588888888888888
2018-06-17 00:00:00 UTC,-29,-95,412280994,3.7851388888888886
2018-06-17 00:00:00 UTC,-29,-92,412280994,1.7522222222222221
2018-06-17 00:00:00 UTC,-29,-93,412280994,2.4377777777777778
2018-06-17 00:00:00 UTC,-29,-87,412280994,0.82444444444444442
2018-06-17 00:00:00 UTC,-29,-88,412280994,0.90402777777777776
2018-06-17 00:00:00 UTC,-29,-984,412420531,3.8831944444444444
2018-06-17 00:00:00 UTC,-29,-976,412420539,8.0033333333333339
2018-06-17 00:00:00 UTC,-29,-981,412421057,7.1675
2018-06-17 00:00:00 UTC,-29,-980,412420809,4.6502777777777773
2018-06-17 00:00:00 UTC,-29,-981,412421067,13.879722222222219
2018-06-17 00:00:00 UTC,-29,-982,412333273,6.0606944444444446
2018-06-17 00:00:00 UTC,-29,-983,412326884,5.7201388888888891
2018-06-17 00:00:00 UTC,-29,-982,412421093,7.6281944444444445
2018-06-17 00:00:00 UTC,-29,-1642,416004084,0.93263888888888891
2018-06-17 00:00:00 UTC,-29,-1641,416004084,0.37611111111111106
2018-06-17 00:00:00 UTC,228,1162,100704002,11.482500000000002
2018-06-17 00:00:00 UTC,228,1201,416306463,0.58736111111111111
2018-06-17 00:00:00 UTC,228,1200,416306463,0.8370833333333334
2018-06-17 00:00:00 UTC,228,1554,431600420,1.1125
2018-06-17 00:00:00 UTC,228,1167,875401258,2.4429166666666671
2018-06-17 00:00:00 UTC,228,1168,875401258,0.10402777777777777
2018-06-17 00:00:00 UTC,228,1201,200023339,0.39958333333333329
2018-06-17 00:00:00 UTC,228,1200,200023339,2.531944444444445
2018-06-17 00:00:00 UTC,228,1201,900019758,1.3670833333333334
2018-06-17 00:00:00 UTC,228,1168,412012089,3.0854166666666667
2018-06-17 00:00:00 UTC,228,1167,412012089,0.66319444444444442
2018-06-17 00:00:00 UTC,228,1201,200014703,0.44611111111111112
2018-06-17 00:00:00 UTC,228,1200,200014703,1.9702777777777778
2018-06-17 00:00:00 UTC,228,1169,412469133,5.3583333333333334
2018-06-17 00:00:00 UTC,228,1168,412469133,4.4416666666666664
2018-06-17 00:00:00 UTC,228,1167,412469133,5.16638888888889
2018-06-17 00:00:00 UTC,228,1168,412433582,13.531805555555554
2018-06-17 00:00:00 UTC,228,1201,900017591,14.065416666666671
2018-06-17 00:00:00 UTC,228,1167,412469436,0.27111111111111108
2018-06-17 00:00:00 UTC,228,1413,431007935,3.5077777777777781
2018-06-17 00:00:00 UTC,228,1169,412469475,10.791666666666666
2018-06-17 00:00:00 UTC,228,1168,412469475,2.8666666666666671
2018-06-17 00:00:00 UTC,228,1527,431004389,7.6595833333333321
2018-06-17 00:00:00 UTC,228,1526,431004389,2.1594444444444445
2018-06-17 00:00:00 UTC,228,1200,416059627,1.8086111111111109
2018-06-17 00:00:00 UTC,484,-1247,316003351,0.099444444444444446
2018-06-17 00:00:00 UTC,484,-1246,316003351,0.99222222222222223
2018-06-17 00:00:00 UTC,484,-1243,316003351,0.64208333333333323
2018-06-17 00:00:00 UTC,484,-1244,316003351,0.24125
2018-06-17 00:00:00 UTC,484,-1242,316003351,0.33736111111111111
2018-06-17 00:00:00 UTC,484,-1245,316003351,0.99583333333333313
2018-06-17 00:00:00 UTC,484,-1253,316003351,4.0597222222222218
2018-06-17 00:00:00 UTC,484,-1260,316023833,0.52555555555555555
2018-06-17 00:00:00 UTC,484,-1262,316023833,1.735972222222222
2018-06-17 00:00:00 UTC,484,-84,227485000,4.5829166666666667
2018-06-17 00:00:00 UTC,484,-1255,316005448,2.0905555555555555
2018-06-17 00:00:00 UTC,484,-1254,316005448,3.5926388888888874
2018-06-17 00:00:00 UTC,484,-77,228935000,7.478472222222222
2018-06-17 00:00:00 UTC,484,-76,228935000,1.5540277777777778
2018-06-17 00:00:00 UTC,484,-1261,316005998,0.24819444444444444
2018-06-17 00:00:00 UTC,484,-1262,316005998,8.646944444444447
2018-06-17 00:00:00 UTC,484,-55,227558000,0.26763888888888887
2018-06-17 00:00:00 UTC,484,1549,273399670,0.47861111111111104
2018-06-17 00:00:00 UTC,484,1548,273399670,0.50527777777777783
2018-06-17 00:00:00 UTC,484,-60,226267000,0.33902777777777782
2018-06-17 00:00:00 UTC,484,-62,226267000,1.9691666666666667
2018-06-17 00:00:00 UTC,484,-77,228240000,10.711527777777777
2018-06-17 00:00:00 UTC,484,-1262,316022149,6.1231944444444419
2018-06-17 00:00:00 UTC,484,-1263,316022149,0.6381944444444444
2018-06-17 00:00:00 UTC,484,-508,316004233,1.5109722222222224
2018-06-17 00:00:00 UTC,484,-509,316004233,2.1913888888888886
2018-06-17 00:00:00 UTC,484,-85,227428000,1.6948611111111112
2018-06-17 00:00:00 UTC,484,-82,227428000,2.1018055555555555
2018-06-17 00:00:00 UTC,484,-84,227428000,3.0675
2018-06-17 00:00:00 UTC,484,-507,316007350,7.0924999999999994
2018-06-17 00:00:00 UTC,484,-506,316007350,10.19125
2018-06-17 00:00:00 UTC,484,-514,316004293,6.0345833333333339
2018-06-17 00:00:00 UTC,740,205,258186000,0.43763888888888886
2018-06-17 00:00:00 UTC,740,200,258186000,2.3116666666666661
2018-06-17 00:00:00 UTC,740,204,258186000,0.5229166666666667
2018-06-17 00:00:00 UTC,740,201,258186000,1.4686111111111111
2018-06-17 00:00:00 UTC,740,202,258186000,0.45208333333333339
2018-06-17 00:00:00 UTC,740,203,258186000,1.1434722222222222
2018-06-17 00:00:00 UTC,740,199,258186000,0.13055555555555556
2018-06-17 00:00:00 UTC,740,311,257247000,0.20819444444444446
2018-06-17 00:00:00 UTC,740,249,258483000,0.48194444444444445
2018-06-17 00:00:00 UTC,740,250,258483000,0.15069444444444446
2018-06-17 00:00:00 UTC,740,333,257153500,0.43347222222222226
2018-06-17 00:00:00 UTC,740,334,257153500,1.1640277777777777
2018-06-17 00:00:00 UTC,-540,-398,770576439,7.7747222222222243
2018-06-17 00:00:00 UTC,-540,-399,770576439,3.4245833333333318
2018-06-17 00:00:00 UTC,-284,373,224142870,0.91097222222222229
2018-06-17 00:00:00 UTC,-284,420,225374000,0.55819444444444444
2018-06-17 00:00:00 UTC,-284,419,225374000,1.5968055555555556
2018-06-17 00:00:00 UTC,-284,366,416074900,3.3129166666666672
2018-06-17 00:00:00 UTC,-284,365,416074900,0.17569444444444446
2018-06-17 00:00:00 UTC,-284,374,416771000,0.31958333333333327
2018-06-17 00:00:00 UTC,-284,-1392,412420813,0.34611111111111109
2018-06-17 00:00:00 UTC,-284,-1389,412420813,0.75374999999999992
2018-06-17 00:00:00 UTC,-284,-1387,412420813,0.30263888888888885
2018-06-17 00:00:00 UTC,-284,-1391,412420813,0.6758333333333334
2018-06-17 00:00:00 UTC,-284,-1386,412420813,2.1125
2018-06-17 00:00:00 UTC,-284,-1390,412420813,0.57791666666666675
2018-06-17 00:00:00 UTC,-28,1533,431704070,0.81624999999999992
2018-06-17 00:00:00 UTC,-28,-980,412420382,8.13513888888889
2018-06-17 00:00:00 UTC,-28,-14,416692000,4.2648611111111112
2018-06-17 00:00:00 UTC,-28,-977,412439588,4.9459722222222222
2018-06-17 00:00:00 UTC,-28,-1631,412695590,4.1891666666666669
2018-06-17 00:00:00 UTC,-28,-1632,412695590,0.46013888888888893
2018-06-17 00:00:00 UTC,-28,-1633,412695590,1.8318055555555555
2018-06-17 00:00:00 UTC,-28,684,417000244,5.1697222222222221
2018-06-17 00:00:00 UTC,-28,686,417000244,2.9297222222222223
2018-06-17 00:00:00 UTC,-28,685,417000244,3.5898611111111109
2018-06-17 00:00:00 UTC,-28,-975,412331062,3.5768055555555556
2018-06-17 00:00:00 UTC,-28,-981,412328764,8.1490277777777766
2018-06-17 00:00:00 UTC,-28,-981,412328766,7.6601388888888886
2018-06-17 00:00:00 UTC,-28,-1667,416004675,2.2043055555555555
2018-06-17 00:00:00 UTC,-28,-1669,416004675,1.4518055555555553
2018-06-17 00:00:00 UTC,-28,-1668,416004675,1.4591666666666665
2018-06-17 00:00:00 UTC,-28,-1658,416173900,0.4538888888888889
2018-06-17 00:00:00 UTC,-28,-1649,416171600,1.5393055555555555
2018-06-17 00:00:00 UTC,-28,-1646,416171600,2.0536111111111111
2018-06-17 00:00:00 UTC,-28,-1651,416171600,1.345
2018-06-17 00:00:00 UTC,-28,-1647,416171600,1.0291666666666666
2018-06-17 00:00:00 UTC,-28,-1650,416171600,1.5372222222222223
2018-06-17 00:00:00 UTC,-28,-1648,416171600,1.7573611111111109
2018-06-17 00:00:00 UTC,-28,-1662,412328795,0.25361111111111112
2018-06-17 00:00:00 UTC,-28,759,417000321,10.609722222222222
2018-06-17 00:00:00 UTC,-28,-10,416250500,2.681111111111111
2018-06-17 00:00:00 UTC,-28,-11,416250500,5.5306944444444444
2018-06-17 00:00:00 UTC,-28,-9,416250500,3.60375
2018-06-17 00:00:00 UTC,-28,-977,412421007,0.15222222222222223
2018-06-17 00:00:00 UTC,-28,-976,412421007,12.011527777777783
2018-06-17 00:00:00 UTC,-28,1641,416003742,0.39180555555555557
2018-06-17 00:00:00 UTC,-28,1642,416003742,4.7595833333333344
2018-06-17 00:00:00 UTC,-28,-89,412280994,0.053194444444444447
2018-06-17 00:00:00 UTC,-28,-87,412280994,0.55750000000000011
2018-06-17 00:00:00 UTC,-28,-88,412280994,0.43236111111111108
2018-06-17 00:00:00 UTC,-28,-91,412280994,2.1433333333333331
2018-06-17 00:00:00 UTC,-28,-979,412420013,6.6740277777777779
2018-06-17 00:00:00 UTC,-28,-982,412420531,6.5284722222222227
2018-06-17 00:00:00 UTC,-28,-977,412420539,3.2813888888888894
2018-06-17 00:00:00 UTC,-28,-982,412333274,0.84416666666666662
2018-06-17 00:00:00 UTC,-28,-982,412333275,6.02361111111111
2018-06-17 00:00:00 UTC,-28,-985,412333275,2.1429166666666668
2018-06-17 00:00:00 UTC,-28,-982,412421093,6.412638888888889
2018-06-17 00:00:00 UTC,-28,3,224929000,0.97666666666666657
2018-06-17 00:00:00 UTC,-28,-1642,416004084,3.5331944444444447
2018-06-17 00:00:00 UTC,-28,-1643,416004084,2.3913888888888888
2018-06-17 00:00:00 UTC,229,1554,431600420,0.42347222222222225
2018-06-17 00:00:00 UTC,229,1200,200023339,0.31652777777777774
2018-06-17 00:00:00 UTC,229,1200,900019758,1.9705555555555556
2018-06-17 00:00:00 UTC,229,1200,416005168,0.28583333333333338
2018-06-17 00:00:00 UTC,229,1168,412012089,0.3502777777777778
2018-06-17 00:00:00 UTC,229,1526,431602237,0.53597222222222229
2018-06-17 00:00:00 UTC,229,1527,431602237,0.56472222222222224
2018-06-17 00:00:00 UTC,229,1412,431200599,6.0220833333333328
2018-06-17 00:00:00 UTC,229,1167,800033932,0.87499999999999989
2018-06-17 00:00:00 UTC,229,1169,800033932,1.2294444444444443
2018-06-17 00:00:00 UTC,229,1168,800033932,1.1823611111111112
2018-06-17 00:00:00 UTC,229,1168,412469436,0.81750000000000012
2018-06-17 00:00:00 UTC,229,1167,412469436,2.5575
2018-06-17 00:00:00 UTC,229,1414,431007935,6.3097222222222218
2018-06-17 00:00:00 UTC,229,1413,431007935,7.75
2018-06-17 00:00:00 UTC,229,1168,412400064,0.70777777777777784
2018-06-17 00:00:00 UTC,229,1169,412400064,3.3679166666666664
2018-06-17 00:00:00 UTC,229,1167,412400064,1.1922222222222221
2018-06-17 00:00:00 UTC,229,-167,242543300,0.20722222222222222
2018-06-17 00:00:00 UTC,229,1200,416059627,0.325
2018-06-17 00:00:00 UTC,485,-1247,316003351,0.079166666666666663
2018-06-17 00:00:00 UTC,485,-1254,316005448,0.29069444444444442
2018-06-17 00:00:00 UTC,485,-74,228935000,1.3438888888888889
2018-06-17 00:00:00 UTC,485,-75,228935000,2.015
2018-06-17 00:00:00 UTC,485,-76,228935000,2.2709722222222224
2018-06-17 00:00:00 UTC,485,-1262,316005998,3.2358333333333338
2018-06-17 00:00:00 UTC,485,-1263,316005998,0.18944444444444444
2018-06-17 00:00:00 UTC,485,-55,227558000,0.52180555555555563
2018-06-17 00:00:00 UTC,485,1547,273399670,0.48986111111111108
2018-06-17 00:00:00 UTC,485,1549,273399670,0.27777777777777779
2018-06-17 00:00:00 UTC,485,1548,273399670,0.74416666666666664
2018-06-17 00:00:00 UTC,485,-77,228240000,0.27249999999999996
2018-06-17 00:00:00 UTC,485,-76,228240000,2.4820833333333336
2018-06-17 00:00:00 UTC,485,-1262,316022149,0.51500000000000012
2018-06-17 00:00:00 UTC,485,-1263,316022149,0.4966666666666667
2018-06-17 00:00:00 UTC,485,-84,227428000,3.3368055555555554
2018-06-17 00:00:00 UTC,485,-82,227428000,1.4975
2018-06-17 00:00:00 UTC,485,-83,227428000,1.4945833333333332
2018-06-17 00:00:00 UTC,741,207,258186000,4.6480555555555547
2018-06-17 00:00:00 UTC,741,202,258186000,1.1954166666666668
2018-06-17 00:00:00 UTC,741,205,258186000,1.4472222222222224
2018-06-17 00:00:00 UTC,741,204,258186000,1.3608333333333333
2018-06-17 00:00:00 UTC,741,206,258186000,1.7583333333333335
2018-06-17 00:00:00 UTC,741,203,258186000,0.76791666666666658
2018-06-17 00:00:00 UTC,741,208,258186000,0.43652777777777774
2018-06-17 00:00:00 UTC,741,309,257247000,1.1365277777777778
2018-06-17 00:00:00 UTC,741,311,257247000,1.5148611111111108
2018-06-17 00:00:00 UTC,741,313,257247000,1.8197222222222225
2018-06-17 00:00:00 UTC,741,312,257247000,1.7045833333333333
2018-06-17 00:00:00 UTC,741,310,257247000,1.6951388888888892
2018-06-17 00:00:00 UTC,741,234,257193000,0.53569444444444447
2018-06-17 00:00:00 UTC,741,250,258483000,0.19958333333333333
2018-06-17 00:00:00 UTC,741,249,258483000,1.1170833333333332
2018-06-17 00:00:00 UTC,741,251,258483000,0.44402777777777774
2018-06-17 00:00:00 UTC,741,334,257153500,0.36236111111111113
2018-06-17 00:00:00 UTC,-539,-397,770576439,3.534722222222221
2018-06-17 00:00:00 UTC,-539,-398,770576439,4.185833333333334
2018-06-17 00:00:00 UTC,-283,380,224142870,1.0898611111111112
2018-06-17 00:00:00 UTC,-283,378,224142870,0.86999999999999988
2018-06-17 00:00:00 UTC,-283,382,224142870,0.53305555555555562
2018-06-17 00:00:00 UTC,-283,374,224142870,0.90555555555555556
2018-06-17 00:00:00 UTC,-283,375,224142870,0.62805555555555559
2018-06-17 00:00:00 UTC,-283,373,224142870,0.57319444444444456
2018-06-17 00:00:00 UTC,-283,379,224142870,0.584861111111111
2018-06-17 00:00:00 UTC,-283,-1702,416004409,0.841388888888889
2018-06-17 00:00:00 UTC,-283,366,416074900,1.3658333333333332
2018-06-17 00:00:00 UTC,-283,367,416074900,1.5379166666666664
2018-06-17 00:00:00 UTC,-283,373,416771000,0.94791666666666663
2018-06-17 00:00:00 UTC,-283,-1393,412420813,0.58555555555555561
2018-06-17 00:00:00 UTC,-283,-1387,412420813,2.238888888888888
2018-06-17 00:00:00 UTC,-283,-1392,412420813,0.27791666666666665
2018-06-17 00:00:00 UTC,-283,-1394,412420813,2.31625
2018-06-17 00:00:00 UTC,-283,-1388,412420813,0.64569444444444446
2018-06-17 00:00:00 UTC,-283,-1386,412420814,1.0611111111111111
2018-06-17 00:00:00 UTC,-283,-1385,412420814,1.9127777777777768
2018-06-17 00:00:00 UTC,-27,1531,431704070,0.24194444444444443
2018-06-17 00:00:00 UTC,-27,1532,431704070,0.55527777777777776
2018-06-17 00:00:00 UTC,-27,-976,412354057,3.8393055555555557
2018-06-17 00:00:00 UTC,-27,-977,412354057,9.4983333333333313
2018-06-17 00:00:00 UTC,-27,-977,412354058,1.1116666666666666
2018-06-17 00:00:00 UTC,-27,-978,412354058,14.025972222222222
2018-06-17 00:00:00 UTC,-27,-983,412690720,5.0451388888888893
2018-06-17 00:00:00 UTC,-27,-10,416692000,1.8375
2018-06-17 00:00:00 UTC,-27,-16,416692000,4.6329166666666675
2018-06-17 00:00:00 UTC,-27,-13,416692000,2.8634722222222226
2018-06-17 00:00:00 UTC,-27,-12,416692000,1.1058333333333334
2018-06-17 00:00:00 UTC,-27,-14,416692000,5.2841666666666676
2018-06-17 00:00:00 UTC,-27,-1631,412695590,1.9358333333333335
2018-06-17 00:00:00 UTC,-27,-1632,412695590,0.95708333333333329
2018-06-17 00:00:00 UTC,-27,-976,412420649,3.8202777777777772
2018-06-17 00:00:00 UTC,-27,683,417000244,2.7800000000000002
2018-06-17 00:00:00 UTC,-27,82,306097000,4.9331944444444451
2018-06-17 00:00:00 UTC,-27,760,417000321,0.92208333333333337
2018-06-17 00:00:00 UTC,-27,761,417000321,1.7518055555555556
2018-06-17 00:00:00 UTC,-27,759,417000321,4.8079166666666664
2018-06-17 00:00:00 UTC,-27,762,417000321,1.1905555555555556
2018-06-17 00:00:00 UTC,-27,763,417000321,4.9869444444444442
2018-06-17 00:00:00 UTC,-27,-9,416250500,0.95652777777777775
2018-06-17 00:00:00 UTC,-27,-11,416250500,3.9155555555555557
2018-06-17 00:00:00 UTC,-27,-10,416250500,0.37583333333333335
2018-06-17 00:00:00 UTC,-27,1641,416003742,7.4081944444444447
2018-06-17 00:00:00 UTC,-27,-1664,416761000,1.6245833333333335
2018-06-17 00:00:00 UTC,-27,-1662,416761000,1.7275000000000003
2018-06-17 00:00:00 UTC,-27,-1665,416761000,0.64291666666666658
2018-06-17 00:00:00 UTC,-27,-1663,416761000,1.7793055555555557
2018-06-17 00:00:00 UTC,-27,-982,412333274,5.6976388888888874
2018-06-17 00:00:00 UTC,-27,1,224929000,0.852638888888889
2018-06-17 00:00:00 UTC,-27,3,224929000,1.4404166666666667
2018-06-17 00:00:00 UTC,-27,-974,412329463,6.3262500000000026
2018-06-17 00:00:00 UTC,230,1200,416005168,1.0548611111111112
2018-06-17 00:00:00 UTC,230,1412,431200599,6.8040277777777778
2018-06-17 00:00:00 UTC,230,-1430,367776630,3.5583333333333336
2018-06-17 00:00:00 UTC,230,1166,412469436,0.748611111111111
2018-06-17 00:00:00 UTC,230,1168,412469436,4.1820833333333329
2018-06-17 00:00:00 UTC,230,1167,412469436,4.1698611111111132
2018-06-17 00:00:00 UTC,230,-167,242543300,0.95847222222222228
2018-06-17 00:00:00 UTC,486,-76,227486000,3.2666666666666666
2018-06-17 00:00:00 UTC,486,1550,273896000,0.85513888888888878
2018-06-17 00:00:00 UTC,486,1549,273896000,1.9890277777777778
2018-06-17 00:00:00 UTC,486,-75,228935000,2.9405555555555556
2018-06-17 00:00:00 UTC,486,-73,228935000,5.416666666666667
2018-06-17 00:00:00 UTC,486,1548,273899100,0.633888888888889
2018-06-17 00:00:00 UTC,486,1549,273899100,0.65375
2018-06-17 00:00:00 UTC,486,-18,228337000,1.1308333333333334
2018-06-17 00:00:00 UTC,486,-1263,316005998,0.11305555555555556
2018-06-17 00:00:00 UTC,486,1548,273399670,2.00625
2018-06-17 00:00:00 UTC,486,1549,273399670,0.29569444444444448
2018-06-17 00:00:00 UTC,486,-1265,316022149,0.035
2018-06-17 00:00:00 UTC,486,-1264,316022149,0.10666666666666666
2018-06-17 00:00:00 UTC,486,-83,227428000,3.381388888888889
2018-06-17 00:00:00 UTC,486,-82,227428000,0.98597222222222225
2018-06-17 00:00:00 UTC,486,1549,273896100,0.77402777777777776
2018-06-17 00:00:00 UTC,486,1549,273423800,1.1344444444444444
2018-06-17 00:00:00 UTC,486,1548,273423800,0.25
2018-06-17 00:00:00 UTC,486,1550,273825210,0.4622222222222222
2018-06-17 00:00:00 UTC,486,1551,273825210,0.75388888888888883
2018-06-17 00:00:00 UTC,742,208,258186000,1.7434722222222225
2018-06-17 00:00:00 UTC,742,209,258186000,0.97055555555555562
2018-06-17 00:00:00 UTC,742,207,258186000,2.4958333333333331
2018-06-17 00:00:00 UTC,742,313,257247000,1.2588888888888892
2018-06-17 00:00:00 UTC,742,312,257247000,0.34083333333333332
2018-06-17 00:00:00 UTC,742,314,257247000,1.205
2018-06-17 00:00:00 UTC,742,235,257193000,3.695416666666667
2018-06-17 00:00:00 UTC,742,236,257193000,3.0938888888888889
2018-06-17 00:00:00 UTC,742,234,257193000,3.3752777777777778
2018-06-17 00:00:00 UTC,742,233,257193000,3.8202777777777781
2018-06-17 00:00:00 UTC,742,249,258483000,0.23472222222222222
2018-06-17 00:00:00 UTC,742,253,258483000,0.71611111111111114
2018-06-17 00:00:00 UTC,742,250,258483000,0.515
2018-06-17 00:00:00 UTC,-538,-421,725004140,2.2424999999999988
2018-06-17 00:00:00 UTC,-282,382,224142870,2.3798611111111114
2018-06-17 00:00:00 UTC,-282,381,224142870,0.62805555555555559
2018-06-17 00:00:00 UTC,-282,-1701,416004409,0.90402777777777787
2018-06-17 00:00:00 UTC,-282,-1703,416004409,0.58319444444444446
2018-06-17 00:00:00 UTC,-282,367,416074900,0.65680555555555553
2018-06-17 00:00:00 UTC,-282,366,416074900,0.39541666666666664
2018-06-17 00:00:00 UTC,-282,373,416771000,0.4629166666666667
2018-06-17 00:00:00 UTC,-282,-1389,412420813,1.8445833333333335
2018-06-17 00:00:00 UTC,-282,-1388,412420813,1.0270833333333336
2018-06-17 00:00:00 UTC,-282,-1387,412420814,1.1723611111111112
2018-06-17 00:00:00 UTC,-282,-1386,412420814,0.77027777777777784
2018-06-17 00:00:00 UTC,-26,-1655,567872000,0.87083333333333335
2018-06-17 00:00:00 UTC,-26,-1654,567872000,0.087638888888888877
2018-06-17 00:00:00 UTC,-26,-1656,567872000,1.4913888888888889
2018-06-17 00:00:00 UTC,-26,1531,431704070,0.57097222222222221
2018-06-17 00:00:00 UTC,-26,-1636,412420892,3.8622222222222224
2018-06-17 00:00:00 UTC,-26,-12,416692000,0.66416666666666657
2018-06-17 00:00:00 UTC,-26,-10,416692000,0.40847222222222224
2018-06-17 00:00:00 UTC,-26,-11,416692000,0.53736111111111118
2018-06-17 00:00:00 UTC,-26,-15,416692000,0.752361111111111
2018-06-17 00:00:00 UTC,-26,-14,416692000,0.62472222222222218
2018-06-17 00:00:00 UTC,-26,-13,416692000,0.82388888888888889
2018-06-17 00:00:00 UTC,-26,-1632,412695590,1.9379166666666672
2018-06-17 00:00:00 UTC,-26,-1631,412695590,2.1223611111111111
2018-06-17 00:00:00 UTC,-26,-1647,577245000,1.1261111111111111
2018-06-17 00:00:00 UTC,-26,81,359004000,1.7449999999999999
2018-06-17 00:00:00 UTC,-26,678,533130618,1.0001388888888889
2018-06-17 00:00:00 UTC,-26,679,533130618,1.3484722222222221
2018-06-17 00:00:00 UTC,-26,677,533130618,1.4713888888888889
2018-06-17 00:00:00 UTC,-26,1641,416003742,1.2402777777777778
2018-06-17 00:00:00 UTC,-26,1640,416003742,4.5718055555555557
2018-06-17 00:00:00 UTC,-26,-1662,416761000,0.97097222222222246
2018-06-17 00:00:00 UTC,-26,-1667,416761000,1.3741666666666665
2018-06-17 00:00:00 UTC,-26,-1663,416761000,1.5533333333333335
2018-06-17 00:00:00 UTC,-26,-1664,416761000,1.45375
2018-06-17 00:00:00 UTC,-26,0,224929000,0.99
2018-06-17 00:00:00 UTC,-26,2,224929000,1.0836111111111113
2018-06-17 00:00:00 UTC,-26,3,224929000,1.6799999999999997
2018-06-17 00:00:00 UTC,-26,1,224929000,0.711111111111111
2018-06-17 00:00:00 UTC,-26,-974,412329463,0.59444444444444466
2018-06-17 00:00:00 UTC,231,1412,431200599,5.230833333333333
2018-06-17 00:00:00 UTC,231,1411,431003252,0.40111111111111108
2018-06-17 00:00:00 UTC,231,-1429,367776630,0.88333333333333341
2018-06-17 00:00:00 UTC,231,-1428,367776630,0.37069444444444438
2018-06-17 00:00:00 UTC,231,1166,412469436,1.2930555555555554
2018-06-17 00:00:00 UTC,231,1168,412469436,1.1522222222222225
2018-06-17 00:00:00 UTC,231,1167,412469436,6.075833333333331
2018-06-17 00:00:00 UTC,231,-165,242138100,0.91666666666666652
2018-06-17 00:00:00 UTC,487,-74,227486000,6.2948611111111115
2018-06-17 00:00:00 UTC,487,1548,273896000,4.2331944444444449
2018-06-17 00:00:00 UTC,487,1550,273896000,1.0184722222222224
2018-06-17 00:00:00 UTC,487,1549,273896000,8.7483333333333331
2018-06-17 00:00:00 UTC,487,1551,273899100,1.5609722222222222
2018-06-17 00:00:00 UTC,487,1550,273899100,1.4920833333333334
2018-06-17 00:00:00 UTC,487,1548,273899100,6.5254166666666693
2018-06-17 00:00:00 UTC,487,1549,273899100,5.433472222222222
2018-06-17 00:00:00 UTC,487,1552,273899100,0.67277777777777781
2018-06-17 00:00:00 UTC,487,-18,228337000,1.8720833333333333
2018-06-17 00:00:00 UTC,487,1549,273399670,0.21097222222222223
2018-06-17 00:00:00 UTC,487,-1265,316022149,0.49041666666666661
2018-06-17 00:00:00 UTC,487,-1266,316022149,0.3206944444444445
2018-06-17 00:00:00 UTC,487,-82,227428000,0.941111111111111
2018-06-17 00:00:00 UTC,487,-89,224048290,7.3502777777777775
2018-06-17 00:00:00 UTC,487,1549,273896100,7.3409722222222227
2018-06-17 00:00:00 UTC,487,1548,273896100,4.0611111111111118
2018-06-17 00:00:00 UTC,487,1550,273423800,2.611388888888889
2018-06-17 00:00:00 UTC,487,1548,273423800,7.6445833333333333
2018-06-17 00:00:00 UTC,487,1549,273423800,3.0516666666666667
2018-06-17 00:00:00 UTC,487,1551,273825210,1.2454166666666666
2018-06-17 00:00:00 UTC,487,-1236,316001759,1.2398611111111111
2018-06-17 00:00:00 UTC,487,-1234,316001759,3.1741666666666659
2018-06-17 00:00:00 UTC,487,-1235,316001759,2.8531944444444433
2018-06-17 00:00:00 UTC,743,233,257193000,0.11972222222222222
2018-06-17 00:00:00 UTC,743,234,257193000,0.38013888888888886
2018-06-17 00:00:00 UTC,743,236,257193000,0.70583333333333331
2018-06-17 00:00:00 UTC,743,250,258483000,0.5197222222222222
2018-06-17 00:00:00 UTC,743,241,228080600,2.9379166666666667
2018-06-17 00:00:00 UTC,743,240,228080600,2.0127777777777776
2018-06-17 00:00:00 UTC,743,239,228080600,1.2722222222222226
2018-06-17 00:00:00 UTC,743,238,228080600,0.28666666666666668
2018-06-17 00:00:00 UTC,743,243,228080600,0.79124999999999979
2018-06-17 00:00:00 UTC,743,244,228080600,0.47930555555555554
2018-06-17 00:00:00 UTC,743,242,228080600,2.6077777777777778
2018-06-17 00:00:00 UTC,-537,-384,665111130,1.538888888888889
2018-06-17 00:00:00 UTC,-537,-383,665111130,2.0709722222222218
2018-06-17 00:00:00 UTC,-537,-425,725004140,7.1563888888888849
2018-06-17 00:00:00 UTC,-537,-426,725004140,2.814166666666666
2018-06-17 00:00:00 UTC,-537,-424,725004140,1.7656944444444442
2018-06-17 00:00:00 UTC,-537,-626,701000880,3.0422222222222226
2018-06-17 00:00:00 UTC,-537,-627,701000880,1.3298611111111109
2018-06-17 00:00:00 UTC,-537,-624,701000880,2.7687499999999994
2018-06-17 00:00:00 UTC,-537,-625,701000880,4.3550000000000013
2018-06-17 00:00:00 UTC,-537,-622,701000880,0.27444444444444449
2018-06-17 00:00:00 UTC,-537,-623,701000627,2.9388888888888887
2018-06-17 00:00:00 UTC,-537,-624,701000627,2.7208333333333332
2018-06-17 00:00:00 UTC,-537,-622,701000627,0.0325
2018-06-17 00:00:00 UTC,-281,383,224142870,2.6036111111111113
2018-06-17 00:00:00 UTC,-281,382,224142870,0.4975
2018-06-17 00:00:00 UTC,-281,-1702,416004409,1.8840277777777774
2018-06-17 00:00:00 UTC,-281,-1701,416004409,4.7087499999999993
2018-06-17 00:00:00 UTC,-281,-1700,416004409,0.70124999999999993
2018-06-17 00:00:00 UTC,-281,1548,503798600,3.4808333333333339
2018-06-17 00:00:00 UTC,-281,-1390,412420813,2.4722222222222223
2018-06-17 00:00:00 UTC,-25,-1662,567872000,1.2255555555555557
2018-06-17 00:00:00 UTC,-25,-1658,567872000,1.1443055555555555
2018-06-17 00:00:00 UTC,-25,-1659,567872000,0.77166666666666672
2018-06-17 00:00:00 UTC,-25,-1657,567872000,1.1748611111111111
2018-06-17 00:00:00 UTC,-25,-1638,412420892,0.96500000000000008
2018-06-17 00:00:00 UTC,-25,-1639,412420892,0.67041666666666666
2018-06-17 00:00:00 UTC,-25,-1641,412420892,0.96847222222222229
2018-06-17 00:00:00 UTC,-25,-1646,412420892,4.3868055555555561
2018-06-17 00:00:00 UTC,-25,-1648,412420892,2.3436111111111111
2018-06-17 00:00:00 UTC,-25,-1636,412420892,1.0895833333333333
2018-06-17 00:00:00 UTC,-25,-1645,412420892,1.5466666666666666
2018-06-17 00:00:00 UTC,-25,-1649,412420892,2.6736111111111112
2018-06-17 00:00:00 UTC,-25,-1642,412420892,1.2243055555555555
2018-06-17 00:00:00 UTC,-25,-1640,412420892,0.49944444444444441
2018-06-17 00:00:00 UTC,-25,-1631,412695590,1.4930555555555556
2018-06-17 00:00:00 UTC,-25,-1632,412695590,1.5984722222222221
2018-06-17 00:00:00 UTC,-25,81,359004000,2.1605555555555553
2018-06-17 00:00:00 UTC,-25,1669,416411000,0.78180555555555553
2018-06-17 00:00:00 UTC,-25,675,533130618,2.5306944444444444
2018-06-17 00:00:00 UTC,-25,-1667,416761000,0.54208333333333325
2018-06-17 00:00:00 UTC,-25,-1666,416761000,0.091527777777777763
2018-06-17 00:00:00 UTC,232,1169,412470538,1.0880555555555556
2018-06-17 00:00:00 UTC,232,1168,412470538,3.68625
2018-06-17 00:00:00 UTC,232,1168,412470546,2.5934722222222222
2018-06-17 00:00:00 UTC,232,1169,412470546,0.60055555555555551
2018-06-17 00:00:00 UTC,232,1168,412470549,2.6894444444444447
2018-06-17 00:00:00 UTC,232,-164,242189100,4.682777777777777
2018-06-17 00:00:00 UTC,232,-163,242974000,0.80236111111111108
2018-06-17 00:00:00 UTC,232,-164,242974000,7.91958333333333
2018-06-17 00:00:00 UTC,232,1168,997753947,0.50458333333333338
2018-06-17 00:00:00 UTC,232,1411,431003252,2.6870833333333333
2018-06-17 00:00:00 UTC,232,-1427,367776630,0.36749999999999994
2018-06-17 00:00:00 UTC,232,-1428,367776630,0.61180555555555549
2018-06-17 00:00:00 UTC,232,1173,412460663,4.9027777777777786
2018-06-17 00:00:00 UTC,232,1174,412460663,4.6736111111111107
2018-06-17 00:00:00 UTC,232,1168,412470396,1.3523611111111109
2018-06-17 00:00:00 UTC,232,1169,412470396,0.037083333333333336
2018-06-17 00:00:00 UTC,232,-164,242185100,1.1705555555555556
2018-06-17 00:00:00 UTC,232,1172,150200977,9.4491666666666667
2018-06-17 00:00:00 UTC,232,-165,242162100,0.17916666666666667
2018-06-17 00:00:00 UTC,232,-164,242162100,0.50361111111111112
2018-06-17 00:00:00 UTC,232,1172,100896446,7.0051388888888892
2018-06-17 00:00:00 UTC,232,1172,100887012,7.8275
2018-06-17 00:00:00 UTC,232,-164,242138100,1.2790277777777777
2018-06-17 00:00:00 UTC,232,-163,242138100,0.41597222222222219
2018-06-17 00:00:00 UTC,232,1169,412470521,0.54152777777777783
2018-06-17 00:00:00 UTC,232,1168,412470521,2.5875
2018-06-17 00:00:00 UTC,488,-73,227486000,4.1679166666666667
2018-06-17 00:00:00 UTC,488,1548,273896000,3.8354166666666663
2018-06-17 00:00:00 UTC,488,1539,273569100,3.0686111111111112
2018-06-17 00:00:00 UTC,488,1537,273569100,0.20347222222222222
2018-06-17 00:00:00 UTC,488,1538,273569100,2.2411111111111111
2018-06-17 00:00:00 UTC,488,1550,273899100,0.87347222222222232
2018-06-17 00:00:00 UTC,488,1548,273899100,3.5119444444444445
2018-06-17 00:00:00 UTC,488,1549,273899100,1.3093055555555557
2018-06-17 00:00:00 UTC,488,1553,273899100,0.25694444444444442
2018-06-17 00:00:00 UTC,488,1547,273899100,0.41680555555555554
2018-06-17 00:00:00 UTC,488,-1266,316005998,0.64791666666666659
2018-06-17 00:00:00 UTC,488,-105,228299900,3.5109722222222222
2018-06-17 00:00:00 UTC,488,-1266,316022149,2.5981944444444429
2018-06-17 00:00:00 UTC,488,-89,224048290,1.51625
2018-06-17 00:00:00 UTC,488,1548,273423800,4.6611111111111105
2018-06-17 00:00:00 UTC,488,1547,273423800,1.7587499999999996
2018-06-17 00:00:00 UTC,488,1552,273825210,0.4481944444444444
2018-06-17 00:00:00 UTC,488,1551,273825210,0.20680555555555555
2018-06-17 00:00:00 UTC,488,-19,227437000,1.566527777777778
2018-06-17 00:00:00 UTC,488,-20,227437000,1.0877777777777777
2018-06-17 00:00:00 UTC,488,-20,227319780,2.3480555555555553
2018-06-17 00:00:00 UTC,488,-17,228115700,0.3248611111111111
2018-06-17 00:00:00 UTC,744,309,258483000,0.80277777777777781
2018-06-17 00:00:00 UTC,744,307,258483000,0.81236111111111109
2018-06-17 00:00:00 UTC,744,311,258483000,0.7631944444444444
2018-06-17 00:00:00 UTC,744,308,258483000,0.80222222222222217
2018-06-17 00:00:00 UTC,744,310,258483000,0.81402777777777791
2018-06-17 00:00:00 UTC,744,306,258483000,0.71583333333333343
2018-06-17 00:00:00 UTC,744,243,228080600,1.459583333333333
2018-06-17 00:00:00 UTC,744,238,228080600,1.4509722222222219
2018-06-17 00:00:00 UTC,744,244,228080600,0.35597222222222225
2018-06-17 00:00:00 UTC,744,239,228080600,2.7787499999999992
2018-06-17 00:00:00 UTC,744,241,228080600,2.2559722222222223
2018-06-17 00:00:00 UTC,744,242,228080600,0.7418055555555555
2018-06-17 00:00:00 UTC,744,245,228080600,0.50819444444444439
2018-06-17 00:00:00 UTC,744,240,228080600,3.3673611111111104
2018-06-17 00:00:00 UTC,744,206,275084000,0.57791666666666663
2018-06-17 00:00:00 UTC,-536,-411,665111130,0.71055555555555561
2018-06-17 00:00:00 UTC,-536,-413,665111130,0.4620833333333334
2018-06-17 00:00:00 UTC,-536,-380,665111130,1.3484722222222225
2018-06-17 00:00:00 UTC,-536,-383,665111130,1.1523611111111109
2018-06-17 00:00:00 UTC,-536,-381,665111130,3.0861111111111108
2018-06-17 00:00:00 UTC,-536,-414,665111130,0.09583333333333334
2018-06-17 00:00:00 UTC,-536,-412,665111130,0.78333333333333321
2018-06-17 00:00:00 UTC,-536,-410,665111130,0.29319444444444448
2018-06-17 00:00:00 UTC,-536,-426,725004140,3.2351388888888883
2018-06-17 00:00:00 UTC,-536,-425,725004140,0.31944444444444442
2018-06-17 00:00:00 UTC,-536,-427,725004140,1.2126388888888886
2018-06-17 00:00:00 UTC,-536,-627,701000880,1.0780555555555553
2018-06-17 00:00:00 UTC,-536,-622,701000880,0.9686111111111112
2018-06-17 00:00:00 UTC,-536,-618,701000880,0.70124999999999993
2018-06-17 00:00:00 UTC,-536,-623,701000880,1.1104166666666671
2018-06-17 00:00:00 UTC,-536,-628,701000880,1.3068055555555551
2018-06-17 00:00:00 UTC,-536,-619,701000880,1.8177777777777777
2018-06-17 00:00:00 UTC,-536,-626,701000880,0.5
2018-06-17 00:00:00 UTC,-536,-621,701000627,0.72166666666666679
2018-06-17 00:00:00 UTC,-536,-623,701000627,5.657222222222221
2018-06-17 00:00:00 UTC,-536,-620,701000627,0.1025
2018-06-17 00:00:00 UTC,-536,-624,701000627,0.18236111111111111
2018-06-17 00:00:00 UTC,-536,-622,701000627,5.5731944444444439
2018-06-17 00:00:00 UTC,-536,-511,272364000,1.2159722222222218
2018-06-17 00:00:00 UTC,-536,-512,272364000,1.1573611111111111
2018-06-17 00:00:00 UTC,-280,-1700,416127500,0.10069444444444443
2018-06-17 00:00:00 UTC,-280,-1698,416127500,0.2036111111111111
2018-06-17 00:00:00 UTC,-280,-1701,416127500,0.17875
2018-06-17 00:00:00 UTC,-280,-1699,416127500,8.3762499999999989
2018-06-17 00:00:00 UTC,-280,380,224142870,2.6998611111111108
2018-06-17 00:00:00 UTC,-280,381,224142870,1.4676388888888889
2018-06-17 00:00:00 UTC,-280,382,224142870,0.70166666666666666
2018-06-17 00:00:00 UTC,-280,-1700,416004409,5.1756944444444457
2018-06-17 00:00:00 UTC,-280,-1702,416004409,1.991388888888888
2018-06-17 00:00:00 UTC,-280,-1701,416004409,2.1448611111111111
2018-06-17 00:00:00 UTC,-280,-1703,416004409,0.070972222222222228
2018-06-17 00:00:00 UTC,-280,368,224022910,0.39972222222222231
2018-06-17 00:00:00 UTC,-280,369,416074900,0.97125
2018-06-17 00:00:00 UTC,-280,373,416771000,0.10375000000000001
2018-06-17 00:00:00 UTC,-280,1630,413322680,1.6993055555555552
2018-06-17 00:00:00 UTC,-280,1633,413322680,0.71333333333333326
2018-06-17 00:00:00 UTC,-280,1632,413322680,2.4084722222222226
2018-06-17 00:00:00 UTC,-280,1631,413322680,2.0980555555555558
2018-06-17 00:00:00 UTC,-280,-1520,412695550,1.6401388888888888
2018-06-17 00:00:00 UTC,-24,-970,412420114,1.4461111111111111
2018-06-17 00:00:00 UTC,-24,-1648,412420892,1.8627777777777776
2018-06-17 00:00:00 UTC,-24,-1649,412420892,1.8218055555555555
2018-06-17 00:00:00 UTC,-24,-1647,412420892,1.0940277777777778
2018-06-17 00:00:00 UTC,-24,-1631,412695590,1.3208333333333333
2018-06-17 00:00:00 UTC,-24,-1632,412695590,1.4356944444444444
2018-06-17 00:00:00 UTC,-24,-1646,577245000,2.2979166666666666
2018-06-17 00:00:00 UTC,-24,-1645,577245000,0.395
2018-06-17 00:00:00 UTC,-24,-1648,577245000,2.4858333333333333
2018-06-17 00:00:00 UTC,-24,-1647,577245000,2.3201388888888888
2018-06-17 00:00:00 UTC,-24,1669,416411000,7.6019444444444471
2018-06-17 00:00:00 UTC,-24,-971,412421004,1.5798611111111112
2018-06-17 00:00:00 UTC,-24,-963,412439756,1.6094444444444445
2018-06-17 00:00:00 UTC,-24,-970,412421086,7.6624999999999988
2018-06-17 00:00:00 UTC,233,1169,412470538,0.59944444444444445
2018-06-17 00:00:00 UTC,233,1168,412470538,0.21569444444444447
2018-06-17 00:00:00 UTC,233,1169,412469522,2.0213888888888887
2018-06-17 00:00:00 UTC,233,1170,412469522,2.3168055555555558
2018-06-17 00:00:00 UTC,233,1169,412470546,3.0305555555555554
2018-06-17 00:00:00 UTC,233,1168,412470546,0.44611111111111112
2018-06-17 00:00:00 UTC,233,1168,412470549,0.56708333333333338
2018-06-17 00:00:00 UTC,233,-165,242189100,4.6136111111111111
2018-06-17 00:00:00 UTC,233,-164,242189100,2.2141666666666664
2018-06-17 00:00:00 UTC,233,-163,242974000,2.50375
2018-06-17 00:00:00 UTC,233,-164,242974000,4.0358333333333327
2018-06-17 00:00:00 UTC,233,1412,431200599,3.2918055555555554
2018-06-17 00:00:00 UTC,233,1169,997753947,5.01125
2018-06-17 00:00:00 UTC,233,1168,997753947,3.5219444444444443
2018-06-17 00:00:00 UTC,233,1411,431003252,4.8080555555555557
2018-06-17 00:00:00 UTC,233,-164,242589300,2.31875
2018-06-17 00:00:00 UTC,233,-163,242589300,1.6618055555555555
2018-06-17 00:00:00 UTC,233,-164,242185100,0.67333333333333334
2018-06-17 00:00:00 UTC,233,-163,242185100,0.79236111111111107
2018-06-17 00:00:00 UTC,233,1170,900043926,0.26958333333333334
2018-06-17 00:00:00 UTC,233,1168,100889509,5.267083333333332
2018-06-17 00:00:00 UTC,233,-164,242162100,2.0244444444444443
2018-06-17 00:00:00 UTC,233,1172,100887012,0.65486111111111112
2018-06-17 00:00:00 UTC,233,1171,100887012,0.17861111111111111
2018-06-17 00:00:00 UTC,233,-163,242138100,1.5734722222222224
2018-06-17 00:00:00 UTC,233,-164,242138100,3.9919444444444441
2018-06-17 00:00:00 UTC,233,1168,412470521,0.3865277777777778
2018-06-17 00:00:00 UTC,233,-164,242191100,0.36791666666666667
2018-06-17 00:00:00 UTC,233,1172,100897532,8.0202777777777783
2018-06-17 00:00:00 UTC,489,-71,227486000,0.56777777777777771
2018-06-17 00:00:00 UTC,489,-73,227486000,0.71500000000000008
2018-06-17 00:00:00 UTC,489,-72,227486000,3.1138888888888889
2018-06-17 00:00:00 UTC,489,1531,273569100,1.0351388888888888
2018-06-17 00:00:00 UTC,489,1532,273569100,0.448611111111111
2018-06-17 00:00:00 UTC,489,-112,228004700,2.1111111111111112
2018-06-17 00:00:00 UTC,489,-1266,316005998,1.4497222222222221
2018-06-17 00:00:00 UTC,489,1548,273399670,0.59347222222222229
2018-06-17 00:00:00 UTC,489,-1268,316022149,0.44305555555555559
2018-06-17 00:00:00 UTC,489,-1267,316022149,0.82180555555555568
2018-06-17 00:00:00 UTC,489,-72,228190600,1.6909722222222223
2018-06-17 00:00:00 UTC,489,-71,228190600,0.36805555555555558
2018-06-17 00:00:00 UTC,489,-107,228019600,2.1105555555555555
2018-06-17 00:00:00 UTC,489,1551,273896100,1.0794444444444447
2018-06-17 00:00:00 UTC,489,1550,273896100,0.17097222222222225
2018-06-17 00:00:00 UTC,489,-24,228221900,0.85152777777777777
2018-06-17 00:00:00 UTC,489,-20,227319780,0.27263888888888888
2018-06-17 00:00:00 UTC,745,259,257193000,0.5425
2018-06-17 00:00:00 UTC,745,172,273354820,0.57652777777777786
2018-06-17 00:00:00 UTC,745,174,273354820,0.41319444444444442
2018-06-17 00:00:00 UTC,745,173,273354820,0.43277777777777782
2018-06-17 00:00:00 UTC,745,171,273354820,0.18541666666666667
2018-06-17 00:00:00 UTC,-535,-415,665111129,0.45458333333333334
2018-06-17 00:00:00 UTC,-535,-416,665111129,2.276666666666666
2018-06-17 00:00:00 UTC,-535,-619,701000627,1.9108333333333334
2018-06-17 00:00:00 UTC,-535,-621,701000627,1.1411111111111112
2018-06-17 00:00:00 UTC,-535,-618,701000627,0.89152777777777792
2018-06-17 00:00:00 UTC,-535,-620,701000627,1.25375
2018-06-17 00:00:00 UTC,-535,-515,272364000,1.136527777777778
2018-06-17 00:00:00 UTC,-535,-514,272364000,4.5502777777777794
2018-06-17 00:00:00 UTC,-279,-1736,416003073,2.6604166666666664
2018-06-17 00:00:00 UTC,-279,-1737,416003073,0.51625
2018-06-17 00:00:00 UTC,-279,380,224142870,1.0106944444444446
2018-06-17 00:00:00 UTC,-279,-1703,416004409,0.083194444444444446
2018-06-17 00:00:00 UTC,-279,-1702,416004409,0.70750000000000013
2018-06-17 00:00:00 UTC,-279,368,224022910,1.4406944444444443
2018-06-17 00:00:00 UTC,-279,369,224022910,0.066527777777777769
2018-06-17 00:00:00 UTC,-279,-1741,520174000,0.24111111111111111
2018-06-17 00:00:00 UTC,-279,-1740,520174000,0.56597222222222221
2018-06-17 00:00:00 UTC,-279,1629,413322680,0.66333333333333333
2018-06-17 00:00:00 UTC,-279,1633,413322680,1.6115277777777777
2018-06-17 00:00:00 UTC,-279,1630,413322680,1.4223611111111112
2018-06-17 00:00:00 UTC,-279,-1519,412695550,0.58791666666666664
2018-06-17 00:00:00 UTC,-279,-1520,412695550,1.379861111111111
2018-06-17 00:00:00 UTC,-279,-1521,412695550,0.16305555555555556
2018-06-17 00:00:00 UTC,-23,-971,412420624,6.2915277777777794
2018-06-17 00:00:00 UTC,-23,-970,412421137,3.2577777777777781
2018-06-17 00:00:00 UTC,-23,-972,412420114,1.6068055555555554
2018-06-17 00:00:00 UTC,-23,-103,412270099,2.3912500000000003
2018-06-17 00:00:00 UTC,-23,-1645,412331032,1.0515277777777776
2018-06-17 00:00:00 UTC,-23,-1638,412420893,0.66194444444444445
2018-06-17 00:00:00 UTC,-23,-1637,412420893,0.37958333333333338
2018-06-17 00:00:00 UTC,-23,-1645,577245000,0.28527777777777774
2018-06-17 00:00:00 UTC,-23,-1646,577245000,2.0009722222222219
2018-06-17 00:00:00 UTC,-23,-1648,577245000,2.2397222222222224
2018-06-17 00:00:00 UTC,-23,-1647,577245000,1.661111111111111
2018-06-17 00:00:00 UTC,-23,-882,735059025,2.0091666666666668
2018-06-17 00:00:00 UTC,-23,-883,735059025,0.34944444444444445
2018-06-17 00:00:00 UTC,-23,-1643,412695650,1.4081944444444445
2018-06-17 00:00:00 UTC,-23,-1639,412695650,0.56375000000000008
2018-06-17 00:00:00 UTC,-23,-1642,412695650,4.02625
2018-06-17 00:00:00 UTC,-23,-1640,412695650,1.2654166666666666
2018-06-17 00:00:00 UTC,-23,-1641,412695650,2.6669444444444448
2018-06-17 00:00:00 UTC,-23,-970,412420975,8.8666666666666671
2018-06-17 00:00:00 UTC,-23,-971,412420984,2.8527777777777779
2018-06-17 00:00:00 UTC,-23,-971,412421004,8.7104166666666671
2018-06-17 00:00:00 UTC,-23,-966,412354446,2.1131944444444444
2018-06-17 00:00:00 UTC,-23,-970,412420008,3.1049999999999995
2018-06-17 00:00:00 UTC,-23,773,417000118,1.332222222222222
2018-06-17 00:00:00 UTC,-23,774,417000118,1.2443055555555556
2018-06-17 00:00:00 UTC,-23,772,417000118,1.5541666666666667
2018-06-17 00:00:00 UTC,-23,775,417000118,10.494722222222221
2018-06-17 00:00:00 UTC,-23,-970,412699080,3.6861111111111113
2018-06-17 00:00:00 UTC,-23,-970,412421066,0.26458333333333339
2018-06-17 00:00:00 UTC,-23,-963,412439756,5.6191666666666666
2018-06-17 00:00:00 UTC,-23,-970,412421086,4.6381944444444443
2018-06-17 00:00:00 UTC,234,1196,416000792,4.7197222222222219
2018-06-17 00:00:00 UTC,234,-163,242189100,0.785
2018-06-17 00:00:00 UTC,234,-163,242974000,3.5897222222222216
2018-06-17 00:00:00 UTC,234,-164,242974000,2.2183333333333333
2018-06-17 00:00:00 UTC,234,1170,412469564,1.3315277777777779
2018-06-17 00:00:00 UTC,234,1169,412469564,11.06111111111111
2018-06-17 00:00:00 UTC,234,1171,200151106,0.61208333333333331
2018-06-17 00:00:00 UTC,234,1412,431200599,5.6886111111111113
2018-06-17 00:00:00 UTC,234,-163,242589300,1.7966666666666664
2018-06-17 00:00:00 UTC,234,1196,200023432,5.7525000000000022
2018-06-17 00:00:00 UTC,234,-163,242185100,0.31861111111111112
2018-06-17 00:00:00 UTC,234,1196,200023451,3.8633333333333333
2018-06-17 00:00:00 UTC,234,-165,242141100,3.1452777777777778
2018-06-17 00:00:00 UTC,234,-164,242141100,1.5013888888888887
2018-06-17 00:00:00 UTC,234,-164,242162100,0.2986111111111111
2018-06-17 00:00:00 UTC,234,1196,200021445,6.4944444444444445
2018-06-17 00:00:00 UTC,234,1196,415000530,3.483055555555556
2018-06-17 00:00:00 UTC,234,1170,412469983,27.647777777777787
2018-06-17 00:00:00 UTC,234,-164,242138100,2.5541666666666667
2018-06-17 00:00:00 UTC,234,-163,242191100,3.2975
2018-06-17 00:00:00 UTC,234,-164,242191100,1.4413888888888888
2018-06-17 00:00:00 UTC,490,-71,227486000,3.1043055555555554
2018-06-17 00:00:00 UTC,490,1531,273569100,1.7925
2018-06-17 00:00:00 UTC,490,1530,273569100,1.39125
2018-06-17 00:00:00 UTC,490,-110,228004700,1.9813888888888886
2018-06-17 00:00:00 UTC,490,-111,228004700,1.1144444444444446
2018-06-17 00:00:00 UTC,490,-112,228004700,3.8279166666666669
2018-06-17 00:00:00 UTC,490,-109,228004700,0.39180555555555557
2018-06-17 00:00:00 UTC,490,1548,273399670,1.0340277777777778
2018-06-17 00:00:00 UTC,490,1549,273399670,1.8229166666666665
2018-06-17 00:00:00 UTC,490,1547,273399670,0.42944444444444446
2018-06-17 00:00:00 UTC,490,-1268,316022149,0.30472222222222223
2018-06-17 00:00:00 UTC,490,-1269,316022149,0.2688888888888889
2018-06-17 00:00:00 UTC,490,-71,228190600,2.162638888888889
2018-06-17 00:00:00 UTC,490,-113,228020900,9.3838888888888885
2018-06-17 00:00:00 UTC,490,-24,228221900,0.27361111111111114
2018-06-17 00:00:00 UTC,490,-101,224052970,0.26347222222222222
2018-06-17 00:00:00 UTC,490,-102,224052970,2.5468055555555553
2018-06-17 00:00:00 UTC,746,170,273354820,1.2476388888888887
2018-06-17 00:00:00 UTC,746,177,273354820,2.6380555555555545
2018-06-17 00:00:00 UTC,746,176,273354820,5.7447222222222249
2018-06-17 00:00:00 UTC,746,175,273354820,1.6509722222222218
2018-06-17 00:00:00 UTC,746,171,273354820,0.53930555555555559
2018-06-17 00:00:00 UTC,746,309,257757000,1.4863888888888888
2018-06-17 00:00:00 UTC,746,317,257757000,0.68499999999999983
2018-06-17 00:00:00 UTC,746,314,257757000,0.21527777777777779
2018-06-17 00:00:00 UTC,746,313,257757000,0.40916666666666662
2018-06-17 00:00:00 UTC,746,318,257757000,0.015416666666666665
2018-06-17 00:00:00 UTC,746,369,258071000,0.47833333333333333
2018-06-17 00:00:00 UTC,746,367,258071000,2.7320833333333336
2018-06-17 00:00:00 UTC,746,366,258071000,5.6402777777777766
2018-06-17 00:00:00 UTC,746,368,258071000,4.2937499999999984
2018-06-17 00:00:00 UTC,746,161,273392860,0.34055555555555556
2018-06-17 00:00:00 UTC,746,159,273392860,0.45569444444444446
2018-06-17 00:00:00 UTC,746,160,273392860,0.98569444444444421
2018-06-17 00:00:00 UTC,-534,-416,665111129,1.6329166666666659
2018-06-17 00:00:00 UTC,-534,-417,665111129,3.4648611111111109
2018-06-17 00:00:00 UTC,-534,-418,665111129,3.7768055555555557
2018-06-17 00:00:00 UTC,-534,-618,701000627,0.145
2018-06-17 00:00:00 UTC,-534,-619,701000627,0.3831944444444445
2018-06-17 00:00:00 UTC,-534,-512,272364000,3.4043055555555544
2018-06-17 00:00:00 UTC,-278,-1738,416003073,0.26277777777777778
2018-06-17 00:00:00 UTC,-278,-1737,416003073,0.40347222222222218
2018-06-17 00:00:00 UTC,-278,370,224022910,2.8808333333333338
2018-06-17 00:00:00 UTC,-278,369,224022910,2.2441666666666671
2018-06-17 00:00:00 UTC,-278,1629,413322680,4.3744444444444444
2018-06-17 00:00:00 UTC,-278,1628,413322680,3.3102777777777774
2018-06-17 00:00:00 UTC,-278,1630,413322680,1.120972222222222
2018-06-17 00:00:00 UTC,-278,-1519,412695550,0.80194444444444446
2018-06-17 00:00:00 UTC,-278,-1523,412695550,0.08819444444444445
2018-06-17 00:00:00 UTC,-22,-971,412420624,6.9911111111111115
2018-06-17 00:00:00 UTC,-22,-972,412420114,3.3086111111111109
2018-06-17 00:00:00 UTC,-22,-104,412270099,3.1552777777777776
2018-06-17 00:00:00 UTC,-22,-1647,412331032,3.3281944444444451
2018-06-17 00:00:00 UTC,-22,-1646,412331032,1.0056944444444444
2018-06-17 00:00:00 UTC,-22,-1645,412331032,2.0426388888888889
2018-06-17 00:00:00 UTC,-22,-1648,412331032,3.8958333333333321
2018-06-17 00:00:00 UTC,-22,-1637,412420893,0.61222222222222233
2018-06-17 00:00:00 UTC,-22,-1638,412420893,0.6087499999999999
2018-06-17 00:00:00 UTC,-22,-882,735059025,0.39708333333333334
2018-06-17 00:00:00 UTC,-22,-1661,412328795,3.4868055555555557
2018-06-17 00:00:00 UTC,-22,-1643,412695650,0.43972222222222224
2018-06-17 00:00:00 UTC,-22,-1644,412695650,0.28708333333333336
2018-06-17 00:00:00 UTC,-22,-1640,412695650,1.7736111111111112
2018-06-17 00:00:00 UTC,-22,-1639,412695650,1.3045833333333332
2018-06-17 00:00:00 UTC,-22,-971,412420221,2.0954166666666669
2018-06-17 00:00:00 UTC,-22,-966,412354446,3.9905555555555554
2018-06-17 00:00:00 UTC,-22,-970,412420494,4.8631944444444439
2018-06-17 00:00:00 UTC,-22,-970,412420008,7.0144444444444423
2018-06-17 00:00:00 UTC,-22,-970,412699080,7.1336111111111116
2018-06-17 00:00:00 UTC,-22,-972,412421066,7.1195833333333329
2018-06-17 00:00:00 UTC,-22,-970,412421066,4.67
2018-06-17 00:00:00 UTC,-22,-969,412421068,3.9151388888888894
2018-06-17 00:00:00 UTC,-22,-972,412421068,7.1698611111111115
2018-06-17 00:00:00 UTC,-22,-963,412439756,2.2615277777777778
2018-06-17 00:00:00 UTC,-22,-970,412421069,3.4634722222222223
2018-06-17 00:00:00 UTC,-22,-972,412436693,4.35125
2018-06-17 00:00:00 UTC,-22,-974,412436693,5.6880555555555556
2018-06-17 00:00:00 UTC,-22,-971,412421101,0.23194444444444445
2018-06-17 00:00:00 UTC,-22,-974,412334078,4.9922222222222219
2018-06-17 00:00:00 UTC,-22,-973,412334078,2.4625
2018-06-17 00:00:00 UTC,235,1196,416000792,2.1913888888888886
2018-06-17 00:00:00 UTC,235,1171,500055323,3.7736111111111112
2018-06-17 00:00:00 UTC,235,-164,242167100,1.3027777777777778
2018-06-17 00:00:00 UTC,235,-165,242167100,4.1134722222222218
2018-06-17 00:00:00 UTC,235,1171,200151106,0.13361111111111112
2018-06-17 00:00:00 UTC,235,-163,242589300,0.37875000000000003
2018-06-17 00:00:00 UTC,235,1196,200023432,1.2793055555555557
2018-06-17 00:00:00 UTC,235,1196,200023451,1.4844444444444445
2018-06-17 00:00:00 UTC,235,-165,242173100,0.99055555555555541
2018-06-17 00:00:00 UTC,235,-164,242173100,0.82680555555555557
2018-06-17 00:00:00 UTC,235,-165,242141100,0.25708333333333333
2018-06-17 00:00:00 UTC,235,-164,242141100,1.4933333333333332
2018-06-17 00:00:00 UTC,235,-163,242141100,0.5675
2018-06-17 00:00:00 UTC,235,-165,242926000,0.26611111111111113
2018-06-17 00:00:00 UTC,235,-164,242926000,0.19847222222222222
2018-06-17 00:00:00 UTC,235,1196,200021445,0.096666666666666665
2018-06-17 00:00:00 UTC,235,1196,416004319,1.3136111111111113
2018-06-17 00:00:00 UTC,235,-163,242191100,2.1868055555555554
2018-06-17 00:00:00 UTC,491,-72,228184600,1.5515277777777776
2018-06-17 00:00:00 UTC,491,-71,228184600,0.82222222222222219
2018-06-17 00:00:00 UTC,491,-71,227486000,2.15
2018-06-17 00:00:00 UTC,491,-113,228004700,6.4486111111111111
2018-06-17 00:00:00 UTC,491,-114,228004700,1.8104166666666666
2018-06-17 00:00:00 UTC,491,-71,228190600,2.4152777777777779
2018-06-17 00:00:00 UTC,491,-101,224052970,1.1790277777777778
2018-06-17 00:00:00 UTC,747,159,273355780,0.97416666666666674
2018-06-17 00:00:00 UTC,747,157,273355780,1.3963888888888889
2018-06-17 00:00:00 UTC,747,158,273355780,1.7844444444444443
2018-06-17 00:00:00 UTC,747,171,273354820,2.8929166666666672
2018-06-17 00:00:00 UTC,747,172,273354820,0.94680555555555568
2018-06-17 00:00:00 UTC,747,178,273354820,0.19027777777777774
2018-06-17 00:00:00 UTC,747,175,273354820,0.41625000000000012
2018-06-17 00:00:00 UTC,747,170,273354820,0.565138888888889
2018-06-17 00:00:00 UTC,747,173,273354820,0.78013888888888894
2018-06-17 00:00:00 UTC,747,176,273354820,0.43347222222222226
2018-06-17 00:00:00 UTC,747,177,273354820,2.2383333333333342
2018-06-17 00:00:00 UTC,747,318,257757000,0.67041666666666666
2018-06-17 00:00:00 UTC,747,301,257757000,0.36652777777777779
2018-06-17 00:00:00 UTC,747,300,257757000,0.7055555555555556
2018-06-17 00:00:00 UTC,747,314,257757000,0.1915277777777778
2018-06-17 00:00:00 UTC,747,309,257757000,0.083611111111111108
2018-06-17 00:00:00 UTC,747,299,257757000,0.56208333333333338
2018-06-17 00:00:00 UTC,747,362,258205000,1.9023611111111107
2018-06-17 00:00:00 UTC,747,361,258205000,2.1191666666666666
2018-06-17 00:00:00 UTC,747,368,258071000,6.0175000000000018
2018-06-17 00:00:00 UTC,747,369,258071000,3.362222222222222
2018-06-17 00:00:00 UTC,747,367,258071000,1.3941666666666668
2018-06-17 00:00:00 UTC,747,157,273392860,1.4226388888888888
2018-06-17 00:00:00 UTC,747,158,273392860,1.9133333333333333
2018-06-17 00:00:00 UTC,747,159,273392860,0.8875
2018-06-17 00:00:00 UTC,-533,-423,665111119,4.1130555555555555
2018-06-17 00:00:00 UTC,-533,-427,665111119,1.3656944444444445
2018-06-17 00:00:00 UTC,-533,-422,665111119,4.76013888888889
2018-06-17 00:00:00 UTC,-533,-420,665111119,0.88277777777777788
2018-06-17 00:00:00 UTC,-533,-424,665111119,1.6694444444444445
2018-06-17 00:00:00 UTC,-533,-421,665111119,4.8809722222222218
2018-06-17 00:00:00 UTC,-533,-420,665111129,1.0455555555555556
2018-06-17 00:00:00 UTC,-533,-419,665111129,3.0766666666666671
2018-06-17 00:00:00 UTC,-277,-1739,416003073,0.18486111111111111
2018-06-17 00:00:00 UTC,-277,435,660002600,0.15569444444444444
2018-06-17 00:00:00 UTC,-277,437,660002600,0.78236111111111117
2018-06-17 00:00:00 UTC,-277,436,660002600,2.2266666666666666
2018-06-17 00:00:00 UTC,-277,1635,413322680,0.71527777777777779
2018-06-17 00:00:00 UTC,-277,1634,413322680,0.38416666666666666
2018-06-17 00:00:00 UTC,-277,1638,413322680,0.63736111111111116
2018-06-17 00:00:00 UTC,-277,1633,413322680,1.2145833333333331
2018-06-17 00:00:00 UTC,-277,1637,413322680,0.59472222222222226
2018-06-17 00:00:00 UTC,-277,1636,413322680,0.90222222222222215
2018-06-17 00:00:00 UTC,-277,-1740,520204000,3.4327777777777779
2018-06-17 00:00:00 UTC,-277,-1741,520204000,1.1376388888888889
2018-06-17 00:00:00 UTC,-277,-1519,412695550,0.34666666666666668
2018-06-17 00:00:00 UTC,-277,-1525,412695550,0.30833333333333335
2018-06-17 00:00:00 UTC,-277,-1521,412695550,0.41597222222222219
2018-06-17 00:00:00 UTC,-277,-1526,412695550,0.69569444444444439
2018-06-17 00:00:00 UTC,-277,-1520,412695550,0.59944444444444445
2018-06-17 00:00:00 UTC,-21,-102,412270099,1.9823611111111112
2018-06-17 00:00:00 UTC,-21,-104,412270099,2.3625
2018-06-17 00:00:00 UTC,-21,-101,412270099,5.1305555555555546
2018-06-17 00:00:00 UTC,-21,-103,412270099,1.648611111111111
2018-06-17 00:00:00 UTC,-21,-1647,412331032,1.4234722222222222
2018-06-17 00:00:00 UTC,-21,-1646,412331032,3.1873611111111111
2018-06-17 00:00:00 UTC,-21,-1645,412331032,2.6780555555555554
2018-06-17 00:00:00 UTC,-21,-1648,412331032,2.5851388888888889
2018-06-17 00:00:00 UTC,-21,-1637,412420893,0.70875
2018-06-17 00:00:00 UTC,-21,-1636,412420893,2.2376388888888887
2018-06-17 00:00:00 UTC,-21,-1638,412420893,3.4890277777777783
2018-06-17 00:00:00 UTC,-21,-973,412420645,7.0708333333333329
2018-06-17 00:00:00 UTC,-21,-1655,440765000,2.7031944444444447
2018-06-17 00:00:00 UTC,-21,-1643,412695650,1.0806944444444442
2018-06-17 00:00:00 UTC,-21,-1640,412695650,2.2912499999999993
2018-06-17 00:00:00 UTC,-21,-1639,412695650,1.2030555555555555
2018-06-17 00:00:00 UTC,-21,-1641,412695650,1.3781944444444445
2018-06-17 00:00:00 UTC,-21,-971,412420986,6.4998611111111115
2018-06-17 00:00:00 UTC,-21,-971,412420221,3.8705555555555557
2018-06-17 00:00:00 UTC,-21,-970,412421003,5.6477777777777778
2018-06-17 00:00:00 UTC,-21,-971,412421003,6.617222222222221
2018-06-17 00:00:00 UTC,-21,-966,412329632,2.9491666666666663
2018-06-17 00:00:00 UTC,-21,-970,412420001,9.8141666666666652
2018-06-17 00:00:00 UTC,-21,-970,412420008,4.6850000000000005
2018-06-17 00:00:00 UTC,-21,-970,412421046,4.2848611111111108
2018-06-17 00:00:00 UTC,-21,-972,412420288,3.7916666666666665
2018-06-17 00:00:00 UTC,-21,-972,412421068,0.4761111111111111
2018-06-17 00:00:00 UTC,-21,-970,412421069,5.3850000000000007
2018-06-17 00:00:00 UTC,-21,-972,412420816,5.4138888888888888
2018-06-17 00:00:00 UTC,-21,-971,412420816,0.55583333333333329
2018-06-17 00:00:00 UTC,-21,-970,412420816,11
2018-06-17 00:00:00 UTC,-21,-971,412421101,11.368333333333334
2018-06-17 00:00:00 UTC,-21,-973,412334078,4.2229166666666664
2018-06-17 00:00:00 UTC,236,1196,200006148,4.2548611111111114
2018-06-17 00:00:00 UTC,236,-163,242167100,1.2070833333333333
2018-06-17 00:00:00 UTC,236,1176,412446314,0.058333333333333334
2018-06-17 00:00:00 UTC,236,-165,242173100,1.0831944444444446
2018-06-17 00:00:00 UTC,236,-164,242173100,3.4669444444444437
2018-06-17 00:00:00 UTC,236,-163,242141100,1.34375
2018-06-17 00:00:00 UTC,236,-163,242926000,0.91555555555555557
2018-06-17 00:00:00 UTC,236,-164,242926000,0.70277777777777783
2018-06-17 00:00:00 UTC,236,-163,242162100,1.3499999999999999
2018-06-17 00:00:00 UTC,492,-64,227391000,1.3970833333333332
2018-06-17 00:00:00 UTC,492,-73,228184600,0.56944444444444442
2018-06-17 00:00:00 UTC,492,-72,228184600,0.50138888888888888
2018-06-17 00:00:00 UTC,492,-105,224080680,10.281805555555556
2018-06-17 00:00:00 UTC,492,-106,224080680,12.704305555555555
2018-06-17 00:00:00 UTC,492,-70,227486000,1.76125
2018-06-17 00:00:00 UTC,492,-114,228004700,6.5588888888888892
2018-06-17 00:00:00 UTC,492,-71,228190600,0.30680555555555555
2018-06-17 00:00:00 UTC,492,-70,228190600,2.6391666666666667
2018-06-17 00:00:00 UTC,492,-114,228020900,14.3925
2018-06-17 00:00:00 UTC,492,-114,226178000,7.8166666666666664
2018-06-17 00:00:00 UTC,492,-64,232005610,2.3601388888888888
2018-06-17 00:00:00 UTC,492,-62,232005610,1.5093055555555557
2018-06-17 00:00:00 UTC,492,-61,232005610,0.29430555555555554
2018-06-17 00:00:00 UTC,492,-63,232005610,0.88513888888888892
2018-06-17 00:00:00 UTC,492,-43,228004600,3.1305555555555555
2018-06-17 00:00:00 UTC,748,157,273355780,0.62625
2018-06-17 00:00:00 UTC,748,156,273355780,3.369722222222221
2018-06-17 00:00:00 UTC,748,280,273514800,2.3056944444444447
2018-06-17 00:00:00 UTC,748,281,273514800,0.51444444444444448
2018-06-17 00:00:00 UTC,748,171,273842800,1.3759722222222222
2018-06-17 00:00:00 UTC,748,170,273842800,0.30930555555555556
2018-06-17 00:00:00 UTC,748,196,259558000,1.8524999999999998
2018-06-17 00:00:00 UTC,748,197,259558000,0.23930555555555558
2018-06-17 00:00:00 UTC,748,195,259558000,4.063194444444445
2018-06-17 00:00:00 UTC,748,157,273392860,0.84319444444444436
2018-06-17 00:00:00 UTC,748,156,273392860,0.8123611111111112
2018-06-17 00:00:00 UTC,-532,-430,665111119,1.1191666666666666
2018-06-17 00:00:00 UTC,-532,-429,665111119,2.2451388888888886
2018-06-17 00:00:00 UTC,-532,-426,665111119,1.4598611111111111
2018-06-17 00:00:00 UTC,-532,-428,665111119,1.6083333333333334
2018-06-17 00:00:00 UTC,-532,-709,725002350,0.71958333333333324
2018-06-17 00:00:00 UTC,-276,-1741,416003073,2.9893055555555557
2018-06-17 00:00:00 UTC,-276,-1740,416003073,0.84555555555555562
2018-06-17 00:00:00 UTC,-276,1536,503035420,2.3658333333333332
2018-06-17 00:00:00 UTC,-276,1535,503035420,1.846111111111111
2018-06-17 00:00:00 UTC,-276,439,660002600,0.64569444444444446
2018-06-17 00:00:00 UTC,-276,438,660002600,3.3074999999999988
2018-06-17 00:00:00 UTC,-276,437,660002600,0.6693055555555556
2018-06-17 00:00:00 UTC,-276,441,660002600,0.77930555555555547
2018-06-17 00:00:00 UTC,-276,442,660002600,0.59416666666666662
2018-06-17 00:00:00 UTC,-276,-1532,412420939,0.10055555555555556
2018-06-17 00:00:00 UTC,-276,-1529,412420944,1.52125
2018-06-17 00:00:00 UTC,-276,-1528,412420944,0.73930555555555555
2018-06-17 00:00:00 UTC,-276,-1527,412420944,4.497638888888889
2018-06-17 00:00:00 UTC,-276,-1530,412420944,1.0355555555555556
2018-06-17 00:00:00 UTC,-276,-483,719977424,4.6445833333333333
2018-06-17 00:00:00 UTC,-276,-482,719977424,3.4919444444444445
2018-06-17 00:00:00 UTC,-276,-482,713534426,3.5094444444444446
2018-06-17 00:00:00 UTC,-20,-970,412334082,1.8294444444444444
2018-06-17 00:00:00 UTC,-20,-965,412421133,3.2369444444444442
2018-06-17 00:00:00 UTC,-20,-1645,412331031,0.72791666666666688
2018-06-17 00:00:00 UTC,-20,-1642,412331031,1.9666666666666668
2018-06-17 00:00:00 UTC,-20,-1643,412331031,0.58333333333333337
2018-06-17 00:00:00 UTC,-20,-1640,412331031,1.0872222222222221
2018-06-17 00:00:00 UTC,-20,-1644,412331031,0.44055555555555553
2018-06-17 00:00:00 UTC,-20,-1641,412331031,2.9168055555555559
2018-06-17 00:00:00 UTC,-20,-1646,412331031,3.0931944444444448
2018-06-17 00:00:00 UTC,-20,-1637,412420893,0.64444444444444438
2018-06-17 00:00:00 UTC,-20,-1639,412420893,1.1204166666666666
2018-06-17 00:00:00 UTC,-20,-1636,412420893,1.1600000000000001
2018-06-17 00:00:00 UTC,-20,-966,412401950,4.82375
2018-06-17 00:00:00 UTC,-20,-973,412420645,4.8495833333333334
2018-06-17 00:00:00 UTC,-20,-965,900265007,1.0676388888888888
2018-06-17 00:00:00 UTC,-20,-1654,440765000,1.5525
2018-06-17 00:00:00 UTC,-20,-1652,440765000,0.81500000000000006
2018-06-17 00:00:00 UTC,-20,-1653,440765000,1.8926388888888888
2018-06-17 00:00:00 UTC,-20,-1655,440765000,0.5509722222222222
2018-06-17 00:00:00 UTC,-20,1629,416003413,0.22027777777777779
2018-06-17 00:00:00 UTC,-20,-969,412354168,2.4509722222222221
2018-06-17 00:00:00 UTC,-20,-971,412420986,1.7483333333333335
2018-06-17 00:00:00 UTC,-20,-966,412420243,1.6076388888888888
2018-06-17 00:00:00 UTC,-20,-965,412420243,0.91236111111111107
2018-06-17 00:00:00 UTC,-20,-966,412329632,3.789166666666667
2018-06-17 00:00:00 UTC,-20,-970,412420001,3.8044444444444441
2018-06-17 00:00:00 UTC,-20,772,417000118,8.8522222222222222
2018-06-17 00:00:00 UTC,-20,-972,412420288,2.8976388888888889
2018-06-17 00:00:00 UTC,-20,-970,412421069,0.052083333333333329
2018-06-17 00:00:00 UTC,-20,-971,412333796,3.046388888888889
2018-06-17 00:00:00 UTC,-20,-967,412334075,1.038888888888889
2018-06-17 00:00:00 UTC,237,1419,431601951,3.6165277777777778
2018-06-17 00:00:00 UTC,237,-165,242173100,0.41527777777777775
2018-06-17 00:00:00 UTC,237,-164,242173100,1.6022222222222222
2018-06-17 00:00:00 UTC,237,-163,242926000,0.35722222222222222
2018-06-17 00:00:00 UTC,493,-35,228259600,1.7165277777777779
2018-06-17 00:00:00 UTC,493,-63,227391000,1.640138888888889
2018-06-17 00:00:00 UTC,493,-62,227391000,7.6473611111111106
2018-06-17 00:00:00 UTC,493,-61,227391000,0.60541666666666671
2018-06-17 00:00:00 UTC,493,-74,228184600,0.83458333333333334
2018-06-17 00:00:00 UTC,493,-79,228184600,5.4740277777777777
2018-06-17 00:00:00 UTC,493,-78,228184600,4.0597222222222227
2018-06-17 00:00:00 UTC,493,0,227589970,1.3150000000000002
2018-06-17 00:00:00 UTC,493,-1,227589970,0.48777777777777781
2018-06-17 00:00:00 UTC,493,-69,227941000,2.7558333333333334
2018-06-17 00:00:00 UTC,493,-74,227941000,1.1394444444444445
2018-06-17 00:00:00 UTC,493,-70,227941000,1.6068055555555554
2018-06-17 00:00:00 UTC,493,-36,228337800,3.248472222222222
2018-06-17 00:00:00 UTC,493,-70,228190600,4.0941666666666672
2018-06-17 00:00:00 UTC,493,-69,228190600,1.9094444444444445
2018-06-17 00:00:00 UTC,493,-32,235000480,1.7376388888888887
2018-06-17 00:00:00 UTC,493,-31,235000480,18.08263888888888
2018-06-17 00:00:00 UTC,493,-2,227316390,0.47527777777777785
2018-06-17 00:00:00 UTC,493,-43,235007143,1.8723611111111109
2018-06-17 00:00:00 UTC,493,-8,228857000,0.31513888888888886
2018-06-17 00:00:00 UTC,493,-115,226178000,2.4658333333333333
2018-06-17 00:00:00 UTC,493,-62,232005850,1.287638888888889
2018-06-17 00:00:00 UTC,493,-61,232005850,2.3744444444444444
2018-06-17 00:00:00 UTC,493,-63,232005850,1.9618055555555554
2018-06-17 00:00:00 UTC,493,-64,232005850,0.90694444444444444
2018-06-17 00:00:00 UTC,493,-65,232005850,1.1991666666666667
2018-06-17 00:00:00 UTC,493,-60,232005850,1.2090277777777778
2018-06-17 00:00:00 UTC,493,-62,235008741,0.8041666666666667
2018-06-17 00:00:00 UTC,493,-61,235008741,1.0870833333333334
2018-06-17 00:00:00 UTC,493,-61,232005610,3.1704166666666667
2018-06-17 00:00:00 UTC,493,-63,232005610,1.0066666666666666
2018-06-17 00:00:00 UTC,493,-60,232005610,0.8947222222222222
2018-06-17 00:00:00 UTC,493,-64,232005610,1.6029166666666668
2018-06-17 00:00:00 UTC,493,-62,232005610,0.51958333333333329
2018-06-17 00:00:00 UTC,493,-39,228004600,0.29722222222222222
2018-06-17 00:00:00 UTC,493,-41,228004600,6.0469444444444438
2018-06-17 00:00:00 UTC,493,-43,228004600,0.3666666666666667
2018-06-17 00:00:00 UTC,493,-42,228004600,1.2027777777777779
2018-06-17 00:00:00 UTC,493,-40,228004600,3.0141666666666671
2018-06-17 00:00:00 UTC,749,155,273355780,0.20041666666666666
2018-06-17 00:00:00 UTC,749,156,273355780,0.45277777777777778
2018-06-17 00:00:00 UTC,749,279,273514800,1.1855555555555555
2018-06-17 00:00:00 UTC,749,283,273514800,0.819722222222222
2018-06-17 00:00:00 UTC,749,284,273514800,0.021944444444444447
2018-06-17 00:00:00 UTC,749,282,273514800,2.8515277777777772
2018-06-17 00:00:00 UTC,749,280,273514800,3.4554166666666672
2018-06-17 00:00:00 UTC,749,281,273514800,4.1040277777777767
2018-06-17 00:00:00 UTC,749,172,273842800,1.7363888888888885
2018-06-17 00:00:00 UTC,749,171,273842800,0.75166666666666671
2018-06-17 00:00:00 UTC,749,173,273842800,1.2288888888888889
2018-06-17 00:00:00 UTC,749,194,259558000,0.20916666666666667
2018-06-17 00:00:00 UTC,749,156,273392860,0.24430555555555558
2018-06-17 00:00:00 UTC,-275,-1741,416003073,3.2375000000000003
2018-06-17 00:00:00 UTC,-275,-482,710101003,6.1272222222222226
2018-06-17 00:00:00 UTC,-275,438,660002600,1.0044444444444447
2018-06-17 00:00:00 UTC,-275,440,660002600,0.0788888888888889
2018-06-17 00:00:00 UTC,-275,437,660002600,0.68569444444444438
2018-06-17 00:00:00 UTC,-275,442,660002600,0.53291666666666671
2018-06-17 00:00:00 UTC,-275,436,660002600,0.062638888888888883
2018-06-17 00:00:00 UTC,-275,439,660002600,1.4429166666666666
2018-06-17 00:00:00 UTC,-275,-348,224371000,1.075
2018-06-17 00:00:00 UTC,-275,-350,224371000,1.2068055555555555
2018-06-17 00:00:00 UTC,-275,-345,224371000,0.34513888888888888
2018-06-17 00:00:00 UTC,-275,-346,224371000,1.2318055555555556
2018-06-17 00:00:00 UTC,-275,-347,224371000,0.88625000000000009
2018-06-17 00:00:00 UTC,-275,-349,224371000,0.9818055555555556
2018-06-17 00:00:00 UTC,-275,-1533,412420939,0.1940277777777778
2018-06-17 00:00:00 UTC,-275,-1530,412420939,0.6843055555555555
2018-06-17 00:00:00 UTC,-275,-1531,412420939,0.50208333333333344
2018-06-17 00:00:00 UTC,-275,-1529,412420939,0.48458333333333337
2018-06-17 00:00:00 UTC,-275,-1532,412420939,0.42694444444444446
2018-06-17 00:00:00 UTC,-275,-1528,412420944,1.3558333333333332
2018-06-17 00:00:00 UTC,-275,-1523,412420944,0.81708333333333327
2018-06-17 00:00:00 UTC,-275,-1524,412420944,0.35194444444444445
2018-06-17 00:00:00 UTC,-275,-1525,412420944,0.49444444444444446
2018-06-17 00:00:00 UTC,-275,-1526,412420944,0.72638888888888886
2018-06-17 00:00:00 UTC,-275,-1530,412420944,0.21666666666666667
2018-06-17 00:00:00 UTC,-275,-1531,412420944,2.0329166666666665
2018-06-17 00:00:00 UTC,-275,-1522,412420944,0.36041666666666666
2018-06-17 00:00:00 UTC,-275,-1527,412420944,0.99263888888888907
2018-06-17 00:00:00 UTC,-275,-1744,520174000,0.03305555555555556
2018-06-17 00:00:00 UTC,-275,-482,719977424,8.09513888888889
2018-06-17 00:00:00 UTC,-275,-1743,520204000,1.8580555555555556
2018-06-17 00:00:00 UTC,-275,-472,5625,8.3745833333333337
2018-06-17 00:00:00 UTC,-19,-964,412420352,0.9
2018-06-17 00:00:00 UTC,-19,-970,412334082,4.2918055555555554
2018-06-17 00:00:00 UTC,-19,-965,412421133,3.502361111111111
2018-06-17 00:00:00 UTC,-19,-1644,412331031,4.4941666666666666
2018-06-17 00:00:00 UTC,-19,-1640,412331031,1.0484722222222222
2018-06-17 00:00:00 UTC,-19,-1643,412331031,1.9243055555555555
2018-06-17 00:00:00 UTC,-19,-1641,412331031,4.0877777777777782
2018-06-17 00:00:00 UTC,-19,-1645,412331031,0.40125
2018-06-17 00:00:00 UTC,-19,-1642,412331031,1.7125000000000001
2018-06-17 00:00:00 UTC,-19,-1639,412420893,3.7543055555555558
2018-06-17 00:00:00 UTC,-19,-1638,412420893,2.7637500000000004
2018-06-17 00:00:00 UTC,-19,-1636,412420893,2.0727777777777776
2018-06-17 00:00:00 UTC,-19,-1637,412420893,2.2881944444444442
2018-06-17 00:00:00 UTC,-19,-966,412401950,3.326111111111111
2018-06-17 00:00:00 UTC,-19,-965,900265007,2.4277777777777776
2018-06-17 00:00:00 UTC,-19,-50,263582000,1.4594444444444441
2018-06-17 00:00:00 UTC,-19,-49,263582000,0.67569444444444449
2018-06-17 00:00:00 UTC,-19,-51,263582000,1.7311111111111113
2018-06-17 00:00:00 UTC,-19,-52,263582000,0.41263888888888889
2018-06-17 00:00:00 UTC,-19,-965,412420405,0.34472222222222226
2018-06-17 00:00:00 UTC,-19,-1652,440765000,0.91999999999999993
2018-06-17 00:00:00 UTC,-19,-1650,440765000,0.34430555555555553
2018-06-17 00:00:00 UTC,-19,-1651,440765000,1.2984722222222222
2018-06-17 00:00:00 UTC,-19,1629,416003413,0.2852777777777778
2018-06-17 00:00:00 UTC,-19,-1661,412328795,1.4047222222222222
2018-06-17 00:00:00 UTC,-19,1654,416247900,9.2709722222222286
2018-06-17 00:00:00 UTC,-19,1655,416247900,0.30125
2018-06-17 00:00:00 UTC,-19,-964,412420957,2.3190277777777775
2018-06-17 00:00:00 UTC,-19,-968,412420971,2.8068055555555556
2018-06-17 00:00:00 UTC,-19,-1642,440934000,2.9713888888888893
2018-06-17 00:00:00 UTC,-19,-964,412420465,5.6490277777777784
2018-06-17 00:00:00 UTC,-19,-964,412420979,1.2533333333333334
2018-06-17 00:00:00 UTC,-19,-969,412420213,1.608888888888889
2018-06-17 00:00:00 UTC,-19,-969,412354168,4.215694444444444
2018-06-17 00:00:00 UTC,-19,-964,412420992,1.6316666666666666
2018-06-17 00:00:00 UTC,-19,-965,412420992,1.13125
2018-06-17 00:00:00 UTC,-19,-1028,224581000,2.0779166666666669
2018-06-17 00:00:00 UTC,-19,-1029,224581000,0.62347222222222232
2018-06-17 00:00:00 UTC,-19,-968,412420243,1.055
2018-06-17 00:00:00 UTC,-19,-965,412420243,0.079861111111111119
2018-06-17 00:00:00 UTC,-19,-966,412420243,3.9568055555555555
2018-06-17 00:00:00 UTC,-19,-967,412421014,4.4598611111111115
2018-06-17 00:00:00 UTC,-19,-1543,366927000,0.79500000000000015
2018-06-17 00:00:00 UTC,-19,-965,412420252,2.6243055555555559
2018-06-17 00:00:00 UTC,-19,-967,412329632,2.0618055555555559
2018-06-17 00:00:00 UTC,-19,-1641,441251000,4.3411111111111111
2018-06-17 00:00:00 UTC,-19,-974,412420288,3.5069444444444446
2018-06-17 00:00:00 UTC,-19,-964,412355777,5.697222222222222
2018-06-17 00:00:00 UTC,-19,-963,412421072,4.0594444444444457
2018-06-17 00:00:00 UTC,-19,-967,412334074,2.8306944444444446
2018-06-17 00:00:00 UTC,-19,-967,412334075,0.92777777777777781
2018-06-17 00:00:00 UTC,-19,-968,412334075,3.6094444444444447
2018-06-17 00:00:00 UTC,-19,-968,412334079,4.30375
2018-06-17 00:00:00 UTC,238,1414,431601951,5.8
2018-06-17 00:00:00 UTC,238,1419,431601951,5.4531944444444438
2018-06-17 00:00:00 UTC,238,1418,431601951,6.518472222222222
2018-06-17 00:00:00 UTC,494,-30,228157700,0.12777777777777777
2018-06-17 00:00:00 UTC,494,-42,228033800,1.8675000000000002
2018-06-17 00:00:00 UTC,494,-9,228182800,5.0676388888888892
2018-06-17 00:00:00 UTC,494,-11,228182800,0.63069444444444445
2018-06-17 00:00:00 UTC,494,-10,228182800,3.0097222222222224
2018-06-17 00:00:00 UTC,494,-8,228182800,0.86402777777777784
2018-06-17 00:00:00 UTC,494,-34,228259600,2.1836111111111114
2018-06-17 00:00:00 UTC,494,-8,227423000,3.1301388888888888
2018-06-17 00:00:00 UTC,494,-9,227423000,1.9708333333333332
2018-06-17 00:00:00 UTC,494,-5,227519000,1.4136111111111116
2018-06-17 00:00:00 UTC,494,-4,227519000,3.6816666666666671
2018-06-17 00:00:00 UTC,494,-76,228184600,4.2747222222222225
2018-06-17 00:00:00 UTC,494,-75,228184600,0.67083333333333328
2018-06-17 00:00:00 UTC,494,-77,228184600,5.2276388888888894
2018-06-17 00:00:00 UTC,494,-68,227358000,2.37
2018-06-17 00:00:00 UTC,494,-67,227358000,1.7602777777777776
2018-06-17 00:00:00 UTC,494,-66,227358000,0.9736111111111112
2018-06-17 00:00:00 UTC,494,-69,227358000,2.0970833333333334
2018-06-17 00:00:00 UTC,494,-65,227358000,1.8706944444444444
2018-06-17 00:00:00 UTC,494,-40,235001140,1.0993055555555555
2018-06-17 00:00:00 UTC,494,1559,273318720,0.68541666666666679
2018-06-17 00:00:00 UTC,494,1560,273318720,2.2015277777777778
2018-06-17 00:00:00 UTC,494,-1,227589970,4.822916666666667
2018-06-17 00:00:00 UTC,494,-4,227317850,0.27486111111111111
2018-06-17 00:00:00 UTC,494,-77,227366000,0.18208333333333335
2018-06-17 00:00:00 UTC,494,-2,227065980,0.1325
2018-06-17 00:00:00 UTC,494,-1,227065980,3.3951388888888903
2018-06-17 00:00:00 UTC,494,0,227065980,0.22152777777777777
2018-06-17 00:00:00 UTC,494,-30,235007100,22.502777777777784
2018-06-17 00:00:00 UTC,494,-29,235007100,0.31555555555555559
2018-06-17 00:00:00 UTC,494,-31,235007100,1.2145833333333331
2018-06-17 00:00:00 UTC,494,-69,227941000,5.4461111111111107
2018-06-17 00:00:00 UTC,494,-74,227941000,1.0013888888888889
2018-06-17 00:00:00 UTC,494,-73,227941000,0.87347222222222221
2018-06-17 00:00:00 UTC,494,-70,227941000,2.7456944444444447
2018-06-17 00:00:00 UTC,494,-33,228337800,2.3329166666666667
2018-06-17 00:00:00 UTC,494,-35,228337800,1.8791666666666667
2018-06-17 00:00:00 UTC,494,-34,228337800,3.9151388888888885
2018-06-17 00:00:00 UTC,494,-70,228190600,0.29041666666666666
2018-06-17 00:00:00 UTC,494,-69,228190600,5.5959722222222217
2018-06-17 00:00:00 UTC,494,-9,227951000,10.53708333333333
2018-06-17 00:00:00 UTC,494,-32,235000480,0.57000000000000006
2018-06-17 00:00:00 UTC,494,-31,235000480,3.5679166666666657
2018-06-17 00:00:00 UTC,494,-40,235007143,1.515138888888889
2018-06-17 00:00:00 UTC,494,-39,235007143,0.71055555555555561
2018-06-17 00:00:00 UTC,494,-42,235007143,1.3736111111111111
2018-06-17 00:00:00 UTC,494,-43,235007143,0.54986111111111113
2018-06-17 00:00:00 UTC,494,-41,235007143,0.78194444444444444
2018-06-17 00:00:00 UTC,494,-8,228857000,0.26527777777777778
2018-06-17 00:00:00 UTC,494,-9,228857000,3.9634722222222232
2018-06-17 00:00:00 UTC,494,-10,228857000,2.0130555555555554
2018-06-17 00:00:00 UTC,494,-1,227592620,1.56375
2018-06-17 00:00:00 UTC,494,-34,227144900,12.817777777777778
2018-06-17 00:00:00 UTC,494,-115,226178000,1.9426388888888888
2018-06-17 00:00:00 UTC,494,-114,226178000,4.4483333333333333
2018-06-17 00:00:00 UTC,494,-60,232005850,2.2998611111111105
2018-06-17 00:00:00 UTC,494,-65,232005850,2.5398611111111111
2018-06-17 00:00:00 UTC,494,-62,232005850,2.3984722222222223
2018-06-17 00:00:00 UTC,494,-63,232005850,2.574583333333333
2018-06-17 00:00:00 UTC,494,-64,232005850,2.8326388888888885
2018-06-17 00:00:00 UTC,494,-61,232005850,2.4705555555555558
2018-06-17 00:00:00 UTC,494,-10,227980000,1.4654166666666668
2018-06-17 00:00:00 UTC,494,-9,227980000,5.9411111111111117
2018-06-17 00:00:00 UTC,494,-8,227980000,0.21527777777777779
2018-06-17 00:00:00 UTC,494,-60,235008741,1.3016666666666667
2018-06-17 00:00:00 UTC,494,-64,235008741,1.7348611111111114
2018-06-17 00:00:00 UTC,494,-63,235008741,1.8304166666666664
2018-06-17 00:00:00 UTC,494,-62,235008741,2.3725
2018-06-17 00:00:00 UTC,494,-58,235008741,0.90541666666666665
2018-06-17 00:00:00 UTC,494,-56,235008741,0.26402777777777775
2018-06-17 00:00:00 UTC,494,-57,235008741,1.0941666666666667
2018-06-17 00:00:00 UTC,494,-65,235008741,0.46236111111111111
2018-06-17 00:00:00 UTC,494,-59,235008741,1.2133333333333336
2018-06-17 00:00:00 UTC,494,-61,235008741,4.1298611111111114
2018-06-17 00:00:00 UTC,494,-61,232005610,4.0947222222222228
2018-06-17 00:00:00 UTC,494,-63,232005610,3.11875
2018-06-17 00:00:00 UTC,494,-62,232005610,2.0643055555555558
2018-06-17 00:00:00 UTC,494,-60,232005610,1.1747222222222222
2018-06-17 00:00:00 UTC,494,-64,232005610,1.314861111111111
2018-06-17 00:00:00 UTC,494,-8,228939000,0.28194444444444444
2018-06-17 00:00:00 UTC,494,-63,232005630,1.932361111111111
2018-06-17 00:00:00 UTC,494,-59,232005630,1.3116666666666665
2018-06-17 00:00:00 UTC,494,-60,232005630,1.1
2018-06-17 00:00:00 UTC,494,-62,232005630,0.88180555555555551
2018-06-17 00:00:00 UTC,494,-64,232005630,2.4706944444444447
2018-06-17 00:00:00 UTC,494,-65,232005630,1.2734722222222221
2018-06-17 00:00:00 UTC,494,-61,232005630,1.0890277777777779
2018-06-17 00:00:00 UTC,494,-66,232005630,0.59430555555555564
2018-06-17 00:00:00 UTC,750,154,273355780,0.095833333333333326
2018-06-17 00:00:00 UTC,750,155,273355780,0.09625
2018-06-17 00:00:00 UTC,750,283,273514800,3.3251388888888895
2018-06-17 00:00:00 UTC,750,285,273514800,0.14861111111111111
2018-06-17 00:00:00 UTC,750,282,273514800,1.7095833333333332
2018-06-17 00:00:00 UTC,750,281,273514800,1.0084722222222222
2018-06-17 00:00:00 UTC,750,284,273514800,2.1408333333333327
2018-06-17 00:00:00 UTC,750,191,259558000,0.34652777777777777
2018-06-17 00:00:00 UTC,750,190,259558000,0.05347222222222222
2018-06-17 00:00:00 UTC,750,189,259558000,0.3125
2018-06-17 00:00:00 UTC,750,179,257168000,2.6794444444444432
2018-06-17 00:00:00 UTC,-274,442,660002600,1.13375
2018-06-17 00:00:00 UTC,-274,441,660002600,0.781111111111111
2018-06-17 00:00:00 UTC,-274,440,660002600,0.18458333333333332
2018-06-17 00:00:00 UTC,-274,-350,224371000,0.69736111111111121
2018-06-17 00:00:00 UTC,-274,-349,224371000,0.13222222222222221
2018-06-17 00:00:00 UTC,-274,-1527,412420939,1.8079166666666662
2018-06-17 00:00:00 UTC,-274,-1533,412420939,0.19291666666666668
2018-06-17 00:00:00 UTC,-274,-1528,412420939,2.5144444444444445
2018-06-17 00:00:00 UTC,-274,-1525,412420939,0.81138888888888894
2018-06-17 00:00:00 UTC,-274,-1526,412420939,1.8008333333333331
2018-06-17 00:00:00 UTC,-274,-1524,412420939,0.13513888888888889
2018-06-17 00:00:00 UTC,-274,-1530,412420944,1.4925000000000002
2018-06-17 00:00:00 UTC,-274,-1529,412420944,2.0644444444444443
2018-06-17 00:00:00 UTC,-274,-1522,412420944,0.43125
2018-06-17 00:00:00 UTC,-274,-1521,412420944,0.7575
2018-06-17 00:00:00 UTC,-274,-1519,412420944,3.6877777777777778
2018-06-17 00:00:00 UTC,-274,-1520,412420944,0.37541666666666668
2018-06-17 00:00:00 UTC,-274,-1743,520174000,0.6625
2018-06-17 00:00:00 UTC,-274,-1742,520174000,1.6283333333333332
2018-06-17 00:00:00 UTC,-274,-1744,520174000,0.33805555555555555
2018-06-17 00:00:00 UTC,-274,-1743,520204000,0.64263888888888887
2018-06-17 00:00:00 UTC,-18,-964,412420352,2.8831944444444444
2018-06-17 00:00:00 UTC,-18,-968,412334081,2.1265277777777776
2018-06-17 00:00:00 UTC,-18,-969,412334082,3.2829166666666665
2018-06-17 00:00:00 UTC,-18,-970,412334082,3.9208333333333325
2018-06-17 00:00:00 UTC,-18,-965,412421133,4.117916666666666
2018-06-17 00:00:00 UTC,-18,-966,412401950,3.9498611111111113
2018-06-17 00:00:00 UTC,-18,-965,900265007,5.5791666666666666
2018-06-17 00:00:00 UTC,-18,-52,263582000,1.0525
2018-06-17 00:00:00 UTC,-18,-51,263582000,1.31875
2018-06-17 00:00:00 UTC,-18,-965,412420405,3.1190277777777773
2018-06-17 00:00:00 UTC,-18,-1650,440765000,1.4516666666666664
2018-06-17 00:00:00 UTC,-18,-1649,440765000,2.0080555555555555
2018-06-17 00:00:00 UTC,-18,-1647,440765000,2.1050000000000004
2018-06-17 00:00:00 UTC,-18,-1648,440765000,1.5001388888888894
2018-06-17 00:00:00 UTC,-18,1629,416003413,0.93319444444444444
2018-06-17 00:00:00 UTC,-18,-1661,412328795,1.1470833333333332
2018-06-17 00:00:00 UTC,-18,1655,416247900,0.98277777777777775
2018-06-17 00:00:00 UTC,-18,-964,412420957,2.416666666666667
2018-06-17 00:00:00 UTC,-18,-967,412420969,3.2395833333333335
2018-06-17 00:00:00 UTC,-18,-969,412420459,4.9929166666666669
2018-06-17 00:00:00 UTC,-18,-968,412420971,5.0512500000000005
2018-06-17 00:00:00 UTC,-18,-1641,440934000,0.80041666666666689
2018-06-17 00:00:00 UTC,-18,-1642,440934000,0.80180555555555566
2018-06-17 00:00:00 UTC,-18,-964,412420979,5.2366666666666664
2018-06-17 00:00:00 UTC,-18,-969,412420213,3.4318055555555551
2018-06-17 00:00:00 UTC,-18,-969,412354168,2.1958333333333337
2018-06-17 00:00:00 UTC,-18,-965,412420992,4.2834722222222226
2018-06-17 00:00:00 UTC,-18,-964,412420992,3.3708333333333331
2018-06-17 00:00:00 UTC,-18,-1030,224581000,1.0418055555555557
2018-06-17 00:00:00 UTC,-18,-1029,224581000,1.4136111111111112
2018-06-17 00:00:00 UTC,-18,-967,412421014,4.62125
2018-06-17 00:00:00 UTC,-18,-1653,416815000,1.37875
2018-06-17 00:00:00 UTC,-18,-1652,416815000,0.6151388888888889
2018-06-17 00:00:00 UTC,-18,-1651,416815000,0.34666666666666668
2018-06-17 00:00:00 UTC,-18,-1654,416815000,0.80291666666666672
2018-06-17 00:00:00 UTC,-18,-1650,416815000,2.0083333333333329
2018-06-17 00:00:00 UTC,-18,-965,412420252,4.362916666666667
2018-06-17 00:00:00 UTC,-18,-967,412329632,0.59472222222222226
2018-06-17 00:00:00 UTC,-18,-962,412699820,2.3520833333333337
2018-06-17 00:00:00 UTC,-18,-964,412699820,2.7615277777777778
2018-06-17 00:00:00 UTC,-18,-963,412699820,0.14152777777777778
2018-06-17 00:00:00 UTC,-18,-1640,441251000,0.53986111111111112
2018-06-17 00:00:00 UTC,-18,-1641,441251000,0.69833333333333325
2018-06-17 00:00:00 UTC,-18,-963,412421072,1.8368055555555556
2018-06-17 00:00:00 UTC,-18,-967,412334074,4.162638888888889
2018-06-17 00:00:00 UTC,-18,-968,412334075,4.6613888888888884
2018-06-17 00:00:00 UTC,-18,-968,412334076,3.3909722222222221
2018-06-17 00:00:00 UTC,-18,-968,412334079,6.1068055555555558
2018-06-17 00:00:00 UTC,239,-1095,366406000,10.089027777777778
2018-06-17 00:00:00 UTC,495,-31,228157700,0.672361111111111
2018-06-17 00:00:00 UTC,495,-30,228157700,0.52111111111111108
2018-06-17 00:00:00 UTC,495,-10,227146500,0.27777777777777779
2018-06-17 00:00:00 UTC,495,-42,228033800,1.8586111111111112
2018-06-17 00:00:00 UTC,495,-40,228033800,1.7068055555555557
2018-06-17 00:00:00 UTC,495,-41,228033800,2.3809722222222223
2018-06-17 00:00:00 UTC,495,-62,232106000,2.20875
2018-06-17 00:00:00 UTC,495,-61,232106000,6.1920833333333336
2018-06-17 00:00:00 UTC,495,-59,232106000,1.1197222222222223
2018-06-17 00:00:00 UTC,495,-58,232106000,0.2961111111111111
2018-06-17 00:00:00 UTC,495,-60,232106000,3.63611111111111
2018-06-17 00:00:00 UTC,495,-9,227423000,1.2526388888888889
2018-06-17 00:00:00 UTC,495,-8,227423000,8.4676388888888852
2018-06-17 00:00:00 UTC,495,-3,227519000,0.915
2018-06-17 00:00:00 UTC,495,-4,227519000,1.5222222222222226
2018-06-17 00:00:00 UTC,495,-42,228070700,3.2133333333333334
2018-06-17 00:00:00 UTC,495,-40,228070700,1.5731944444444443
2018-06-17 00:00:00 UTC,495,-41,228070700,5.5097222222222229
2018-06-17 00:00:00 UTC,495,-8,228281900,10.071944444444446
2018-06-17 00:00:00 UTC,495,-67,227358000,0.85652777777777778
2018-06-17 00:00:00 UTC,495,-65,227358000,0.29638888888888892
2018-06-17 00:00:00 UTC,495,-66,227358000,5.1004166666666668
2018-06-17 00:00:00 UTC,495,-39,235001140,1.3361111111111112
2018-06-17 00:00:00 UTC,495,-40,235001140,3.4883333333333333
2018-06-17 00:00:00 UTC,495,1556,273318720,7.7847222222222223
2018-06-17 00:00:00 UTC,495,1561,273318720,1.4397222222222221
2018-06-17 00:00:00 UTC,495,-63,235001921,0.79180555555555554
2018-06-17 00:00:00 UTC,495,-65,235001921,2.1444444444444444
2018-06-17 00:00:00 UTC,495,-62,235001921,1.0847222222222221
2018-06-17 00:00:00 UTC,495,-61,235001921,0.28333333333333333
2018-06-17 00:00:00 UTC,495,-64,235001921,2.6969444444444446
2018-06-17 00:00:00 UTC,495,-40,228165700,3.5699999999999994
2018-06-17 00:00:00 UTC,495,-42,228165700,6.3363888888888891
2018-06-17 00:00:00 UTC,495,-41,228165700,4.9208333333333343
2018-06-17 00:00:00 UTC,495,-43,228165700,3.5015277777777776
2018-06-17 00:00:00 UTC,495,-39,228165700,0.27152777777777781
2018-06-17 00:00:00 UTC,495,-99,224690000,0.815
2018-06-17 00:00:00 UTC,495,-41,228021600,11.041805555555555
2018-06-17 00:00:00 UTC,495,-40,228021600,5.34625
2018-06-17 00:00:00 UTC,495,-1,227065980,0.745972222222222
2018-06-17 00:00:00 UTC,495,-36,235050371,0.15680555555555556
2018-06-17 00:00:00 UTC,495,-35,235050371,0.20027777777777778
2018-06-17 00:00:00 UTC,495,-72,227941000,0.56125
2018-06-17 00:00:00 UTC,495,-71,227941000,0.88819444444444451
2018-06-17 00:00:00 UTC,495,-73,227941000,0.30138888888888893
2018-06-17 00:00:00 UTC,495,-70,227941000,6.1329166666666657
2018-06-17 00:00:00 UTC,495,-35,228337800,0.27902777777777776
2018-06-17 00:00:00 UTC,495,-33,228337800,0.27680555555555553
2018-06-17 00:00:00 UTC,495,-34,228337800,0.54625
2018-06-17 00:00:00 UTC,495,-70,228190600,2.0976388888888886
2018-06-17 00:00:00 UTC,495,-69,228190600,0.28291666666666665
2018-06-17 00:00:00 UTC,495,-37,235007143,4.7808333333333337
2018-06-17 00:00:00 UTC,495,-38,235007143,1.6093055555555553
2018-06-17 00:00:00 UTC,495,-39,235007143,1.206388888888889
2018-06-17 00:00:00 UTC,495,-1,227113400,1.5620833333333333
2018-06-17 00:00:00 UTC,495,1557,273825210,3.3577777777777778
2018-06-17 00:00:00 UTC,495,-113,226178000,6.1215277777777777
2018-06-17 00:00:00 UTC,495,-47,228148700,1.2650000000000003
2018-06-17 00:00:00 UTC,495,-46,228148700,1.8484722222222221
2018-06-17 00:00:00 UTC,495,-45,228148700,0.55138888888888882
2018-06-17 00:00:00 UTC,495,-56,235008741,1.0794444444444444
2018-06-17 00:00:00 UTC,495,-62,235008741,0.13625
2018-06-17 00:00:00 UTC,495,-55,235008741,0.90694444444444444
2018-06-17 00:00:00 UTC,495,-64,235008741,0.28333333333333333
2018-06-17 00:00:00 UTC,495,-82,226177000,4.012083333333333
2018-06-17 00:00:00 UTC,495,-81,226177000,0.63944444444444448
2018-06-17 00:00:00 UTC,495,-62,232005610,0.13902777777777778
2018-06-17 00:00:00 UTC,495,1446,273897200,0.44166666666666665
2018-06-17 00:00:00 UTC,495,-9,228939000,2.6045833333333333
2018-06-17 00:00:00 UTC,495,-8,228939000,3.4447222222222216
2018-06-17 00:00:00 UTC,495,-62,232005630,1.9477777777777776
2018-06-17 00:00:00 UTC,495,-60,232005630,2.6983333333333337
2018-06-17 00:00:00 UTC,495,-64,232005630,1.937222222222222
2018-06-17 00:00:00 UTC,495,-59,232005630,2.527083333333334
2018-06-17 00:00:00 UTC,495,-63,232005630,1.8997222222222223
2018-06-17 00:00:00 UTC,495,-61,232005630,1.8054166666666667
2018-06-17 00:00:00 UTC,495,-65,232005630,0.66402777777777777
2018-06-17 00:00:00 UTC,751,151,273355780,0.63083333333333313
2018-06-17 00:00:00 UTC,751,153,273355780,1.5583333333333336
2018-06-17 00:00:00 UTC,751,152,273355780,1.3408333333333335
2018-06-17 00:00:00 UTC,751,154,273355780,0.081666666666666665
2018-06-17 00:00:00 UTC,751,186,259558000,0.25694444444444442
2018-06-17 00:00:00 UTC,751,187,259558000,0.42888888888888888
2018-06-17 00:00:00 UTC,751,188,259558000,0.5263888888888888
2018-06-17 00:00:00 UTC,751,182,257168000,0.41069444444444442
2018-06-17 00:00:00 UTC,751,180,257168000,1.473888888888889
2018-06-17 00:00:00 UTC,751,181,257168000,0.20027777777777778
2018-06-17 00:00:00 UTC,751,179,257168000,0.24833333333333327
2018-06-17 00:00:00 UTC,751,154,273392860,0.71833333333333327
2018-06-17 00:00:00 UTC,751,153,273392860,0.81152777777777774
2018-06-17 00:00:00 UTC,751,151,273392860,0.28805555555555556
2018-06-17 00:00:00 UTC,751,152,273392860,0.64472222222222209
2018-06-17 00:00:00 UTC,-273,-1741,416003073,3.6129166666666666
2018-06-17 00:00:00 UTC,-273,-349,224371000,0.31583333333333335
2018-06-17 00:00:00 UTC,-273,-1528,412420939,1.6338888888888885
2018-06-17 00:00:00 UTC,-273,-1526,412420939,1.2284722222222222
2018-06-17 00:00:00 UTC,-273,-1531,412420939,0.29152777777777777
2018-06-17 00:00:00 UTC,-273,-1744,520174000,0.84444444444444444
2018-06-17 00:00:00 UTC,-273,383,255501000,3.4733333333333327
2018-06-17 00:00:00 UTC,-273,384,255501000,0.14166666666666666
2018-06-17 00:00:00 UTC,-273,-1743,520204000,2.5005555555555556
2018-06-17 00:00:00 UTC,-273,-1741,520204000,1.3783333333333334
2018-06-17 00:00:00 UTC,-273,-1742,520204000,1.4656944444444446
2018-06-17 00:00:00 UTC,-273,-1609,416004591,0.079305555555555546
2018-06-17 00:00:00 UTC,-273,-471,5625,10.275555555555556
2018-06-17 00:00:00 UTC,-17,-968,412334081,3.8981944444444445
2018-06-17 00:00:00 UTC,-17,-966,412401950,3.59375
2018-06-17 00:00:00 UTC,-17,-965,900265007,5.3190277777777775
2018-06-17 00:00:00 UTC,-17,-50,263582000,1.5291666666666668
2018-06-17 00:00:00 UTC,-17,-51,263582000,0.49194444444444446
2018-06-17 00:00:00 UTC,-17,-1671,440648000,0.44291666666666668
2018-06-17 00:00:00 UTC,-17,-1670,440648000,1.4443055555555555
2018-06-17 00:00:00 UTC,-17,-1648,440765000,0.33749999999999997
2018-06-17 00:00:00 UTC,-17,-1649,440765000,0.72638888888888886
2018-06-17 00:00:00 UTC,-17,-1650,440765000,0.73583333333333345
2018-06-17 00:00:00 UTC,-17,-1654,440765000,0.79972222222222233
2018-06-17 00:00:00 UTC,-17,1482,576594000,1.5127777777777778
2018-06-17 00:00:00 UTC,-17,1477,576594000,1.158611111111111
2018-06-17 00:00:00 UTC,-17,1478,576594000,1.6423611111111109
2018-06-17 00:00:00 UTC,-17,1624,416003413,0.46972222222222221
2018-06-17 00:00:00 UTC,-17,1629,416003413,1.3655555555555554
2018-06-17 00:00:00 UTC,-17,-969,412420459,2.3175
2018-06-17 00:00:00 UTC,-17,-1641,440934000,2.1287499999999997
2018-06-17 00:00:00 UTC,-17,-964,412420979,1.8841666666666668
2018-06-17 00:00:00 UTC,-17,-1031,224581000,1.1038888888888885
2018-06-17 00:00:00 UTC,-17,-1030,224581000,0.89222222222222214
2018-06-17 00:00:00 UTC,-17,-1032,224581000,0.47166666666666662
2018-06-17 00:00:00 UTC,-17,-1653,416815000,0.96236111111111111
2018-06-17 00:00:00 UTC,-17,-1652,416815000,1.6256944444444446
2018-06-17 00:00:00 UTC,-17,-1650,416815000,1.5631944444444443
2018-06-17 00:00:00 UTC,-17,-1651,416815000,1.3440277777777778
2018-06-17 00:00:00 UTC,-17,-1546,366927000,3.9691666666666672
2018-06-17 00:00:00 UTC,-17,-1545,366927000,5.7547222222222247
2018-06-17 00:00:00 UTC,-17,-1544,366927000,0.93291666666666684
2018-06-17 00:00:00 UTC,-17,-965,412420252,3.2116666666666669
2018-06-17 00:00:00 UTC,-17,-929,735057573,0.19999999999999998
2018-06-17 00:00:00 UTC,-17,-930,735057573,0.26555555555555554
2018-06-17 00:00:00 UTC,-17,-963,412699820,2.8630555555555555
2018-06-17 00:00:00 UTC,-17,-965,412699820,4.3404166666666661
2018-06-17 00:00:00 UTC,-17,-962,412699820,3.8863888888888889
2018-06-17 00:00:00 UTC,-17,-964,412699820,4.9951388888888886
2018-06-17 00:00:00 UTC,-17,-1640,441251000,1.7309722222222215
2018-06-17 00:00:00 UTC,-17,-981,412420798,11.178055555555558
2018-06-17 00:00:00 UTC,-17,1541,366903000,0.796111111111111
2018-06-17 00:00:00 UTC,-17,1542,366903000,4.81013888888889
2018-06-17 00:00:00 UTC,-17,-985,412420331,3.0265277777777775
2018-06-17 00:00:00 UTC,-17,-968,412334074,4.0084722222222222
2018-06-17 00:00:00 UTC,-17,-968,412334075,4.333333333333333
2018-06-17 00:00:00 UTC,-17,-968,412334076,5.8365277777777766
2018-06-17 00:00:00 UTC,496,-30,228157700,4.142500000000001
2018-06-17 00:00:00 UTC,496,-40,228033800,6.5127777777777789
2018-06-17 00:00:00 UTC,496,-39,228033800,1.7030555555555553
2018-06-17 00:00:00 UTC,496,-41,228033800,3.8756944444444441
2018-06-17 00:00:00 UTC,496,-57,232106000,0.29263888888888884
2018-06-17 00:00:00 UTC,496,-58,232106000,1.2701388888888889
2018-06-17 00:00:00 UTC,496,-40,228259600,1.2591666666666668
2018-06-17 00:00:00 UTC,496,-40,228203800,1.0540277777777778
2018-06-17 00:00:00 UTC,496,-39,228203800,0.26930555555555558
2018-06-17 00:00:00 UTC,496,-4,227519000,0.14444444444444443
2018-06-17 00:00:00 UTC,496,-40,228070700,4.6691666666666674
2018-06-17 00:00:00 UTC,496,-39,228070700,3.438194444444445
2018-06-17 00:00:00 UTC,496,-41,228070700,1.2558333333333334
2018-06-17 00:00:00 UTC,496,-38,232006960,3.7376388888888887
2018-06-17 00:00:00 UTC,496,-37,232006960,0.64125
2018-06-17 00:00:00 UTC,496,-66,227358000,2.4654166666666666
2018-06-17 00:00:00 UTC,496,-65,227358000,6.3172222222222238
2018-06-17 00:00:00 UTC,496,1556,273318720,9.2843055555555551
2018-06-17 00:00:00 UTC,496,-39,228165700,1.8975
2018-06-17 00:00:00 UTC,496,-41,228165700,1.6091666666666664
2018-06-17 00:00:00 UTC,496,-40,228165700,1.5111111111111111
2018-06-17 00:00:00 UTC,496,-38,228165700,0.35041666666666671
2018-06-17 00:00:00 UTC,496,-99,224690000,3.532777777777778
2018-06-17 00:00:00 UTC,496,-99,224175960,9.90611111111111
2018-06-17 00:00:00 UTC,496,-98,224175960,5.9333333333333336
2018-06-17 00:00:00 UTC,496,-609,316002654,4.1558333333333337
2018-06-17 00:00:00 UTC,496,-611,316002654,7.5316666666666672
2018-06-17 00:00:00 UTC,496,-610,316002654,9.0911111111111111
2018-06-17 00:00:00 UTC,496,-41,228021600,4.9833333333333334
2018-06-17 00:00:00 UTC,496,-38,228021600,0.325
2018-06-17 00:00:00 UTC,496,-40,228021600,2.9873611111111109
2018-06-17 00:00:00 UTC,496,-39,228021600,5.4398611111111119
2018-06-17 00:00:00 UTC,496,-36,235050371,1.5799999999999998
2018-06-17 00:00:00 UTC,496,-34,235050371,3.1534722222222227
2018-06-17 00:00:00 UTC,496,-33,235050371,2.3662500000000004
2018-06-17 00:00:00 UTC,496,-35,235050371,4.9983333333333331
2018-06-17 00:00:00 UTC,496,-70,227941000,0.48708333333333331
2018-06-17 00:00:00 UTC,496,-42,228337800,2.1013888888888888
2018-06-17 00:00:00 UTC,496,-40,228337800,0.64444444444444438
2018-06-17 00:00:00 UTC,496,-35,228337800,0.27777777777777779
2018-06-17 00:00:00 UTC,496,-41,228337800,1.9947222222222223
2018-06-17 00:00:00 UTC,496,-40,227144900,0.92361111111111116
2018-06-17 00:00:00 UTC,496,-41,227144900,1.5931944444444444
2018-06-17 00:00:00 UTC,496,-42,227144900,1.3905555555555555
2018-06-17 00:00:00 UTC,496,-79,250001093,0.75305555555555548
2018-06-17 00:00:00 UTC,496,-80,250001093,1.810972222222222
2018-06-17 00:00:00 UTC,496,-42,227469000,1.2777777777777779
2018-06-17 00:00:00 UTC,496,-45,228148700,0.98888888888888893
2018-06-17 00:00:00 UTC,496,-44,228148700,1.2055555555555557
2018-06-17 00:00:00 UTC,496,-40,228148700,1.3762500000000002
2018-06-17 00:00:00 UTC,496,-42,228148700,3.4336111111111109
2018-06-17 00:00:00 UTC,496,-41,228148700,1.6095833333333334
2018-06-17 00:00:00 UTC,496,-43,228148700,1.0805555555555555
2018-06-17 00:00:00 UTC,496,-41,227468000,1.4290277777777778
2018-06-17 00:00:00 UTC,496,-43,227468000,4.2938888888888895
2018-06-17 00:00:00 UTC,496,-40,227468000,0.30277777777777781
2018-06-17 00:00:00 UTC,496,-44,227468000,2.3444444444444446
2018-06-17 00:00:00 UTC,496,-42,227468000,1.6616666666666668
2018-06-17 00:00:00 UTC,496,-45,227468000,0.26583333333333331
2018-06-17 00:00:00 UTC,496,-53,235008741,1.1918055555555556
2018-06-17 00:00:00 UTC,496,-55,235008741,0.18027777777777779
2018-06-17 00:00:00 UTC,496,-54,235008741,1.3015277777777776
2018-06-17 00:00:00 UTC,496,-81,226177000,6.7136111111111116
2018-06-17 00:00:00 UTC,496,-80,226177000,5.5308333333333328
2018-06-17 00:00:00 UTC,496,1445,273897200,0.38611111111111113
2018-06-17 00:00:00 UTC,496,-40,228004600,2.3816666666666664
2018-06-17 00:00:00 UTC,752,149,273355780,1.2620833333333332
2018-06-17 00:00:00 UTC,752,148,273355780,1.1412499999999997
2018-06-17 00:00:00 UTC,752,146,273355780,0.09194444444444444
2018-06-17 00:00:00 UTC,752,150,273355780,1.0802777777777779
2018-06-17 00:00:00 UTC,752,147,273355780,1.2265277777777781
2018-06-17 00:00:00 UTC,752,151,273355780,0.92430555555555549
2018-06-17 00:00:00 UTC,752,397,276830000,0.19152777777777777
2018-06-17 00:00:00 UTC,752,396,276830000,1.8206944444444442
2018-06-17 00:00:00 UTC,752,395,276830000,2.0748611111111108
2018-06-17 00:00:00 UTC,752,185,259558000,0.50125000000000008
2018-06-17 00:00:00 UTC,752,183,259558000,0.29361111111111116
2018-06-17 00:00:00 UTC,752,186,259558000,0.2573611111111111
2018-06-17 00:00:00 UTC,752,184,259558000,0.48416666666666669
2018-06-17 00:00:00 UTC,752,183,257168000,1.1430555555555555
2018-06-17 00:00:00 UTC,752,184,257168000,1.5052777777777782
2018-06-17 00:00:00 UTC,752,395,258052000,5.62083333333333
2018-06-17 00:00:00 UTC,752,392,258052000,0.5494444444444444
2018-06-17 00:00:00 UTC,752,396,258052000,0.71180555555555569
2018-06-17 00:00:00 UTC,752,393,258052000,1.5320833333333332
2018-06-17 00:00:00 UTC,752,394,258052000,3.6545833333333331
2018-06-17 00:00:00 UTC,752,394,257123000,6.58666666666666
2018-06-17 00:00:00 UTC,752,395,257123000,3.8023611111111117
2018-06-17 00:00:00 UTC,752,393,257123000,3.8762500000000011
2018-06-17 00:00:00 UTC,752,147,273392860,0.51527777777777772
2018-06-17 00:00:00 UTC,752,151,273392860,1.865833333333333
2018-06-17 00:00:00 UTC,752,152,273392860,0.015277777777777779
2018-06-17 00:00:00 UTC,752,150,273392860,1.9779166666666663
2018-06-17 00:00:00 UTC,752,149,273392860,2.1506944444444445
2018-06-17 00:00:00 UTC,752,148,273392860,2.0911111111111107
2018-06-17 00:00:00 UTC,-272,-1741,416003073,0.8125
2018-06-17 00:00:00 UTC,-272,-1740,416003073,0.86263888888888884
2018-06-17 00:00:00 UTC,-272,1638,412690470,0.69194444444444447
2018-06-17 00:00:00 UTC,-272,1536,503041340,7.5102777777777776
2018-06-17 00:00:00 UTC,-272,-1527,412420939,1.6587499999999997
2018-06-17 00:00:00 UTC,-272,-483,710915169,2.644166666666667
2018-06-17 00:00:00 UTC,-272,-484,710915169,0.68527777777777787
2018-06-17 00:00:00 UTC,-272,-1743,520174000,0.99597222222222215
2018-06-17 00:00:00 UTC,-272,381,255501000,0.916388888888889
2018-06-17 00:00:00 UTC,-272,384,255501000,1.8980555555555547
2018-06-17 00:00:00 UTC,-272,383,255501000,1.3630555555555559
2018-06-17 00:00:00 UTC,-272,-480,713534426,1.2770833333333333
2018-06-17 00:00:00 UTC,-272,-1743,520204000,3.6119444444444442
2018-06-17 00:00:00 UTC,-272,-1741,520204000,3.6183333333333332
2018-06-17 00:00:00 UTC,-272,-471,5625,6.4269444444444446
2018-06-17 00:00:00 UTC,-16,-49,263582000,0.77402777777777776
2018-06-17 00:00:00 UTC,-16,-47,263582000,0.40708333333333335
2018-06-17 00:00:00 UTC,-16,-48,263582000,0.41777777777777775
2018-06-17 00:00:00 UTC,-16,-1677,440648000,1.7813888888888889
2018-06-17 00:00:00 UTC,-16,-1670,440648000,0.30402777777777779
2018-06-17 00:00:00 UTC,-16,-1671,440648000,2.6163888888888893
2018-06-17 00:00:00 UTC,-16,-1655,440765000,0.4909722222222222
2018-06-17 00:00:00 UTC,-16,1624,416003413,0.33625
2018-06-17 00:00:00 UTC,-16,1629,416003413,0.67972222222222212
2018-06-17 00:00:00 UTC,-16,-1660,412328795,0.8731944444444445
2018-06-17 00:00:00 UTC,-16,-1640,440934000,2.3930555555555553
2018-06-17 00:00:00 UTC,-16,-1031,224581000,0.99749999999999983
2018-06-17 00:00:00 UTC,-16,-1032,224581000,0.08611111111111111
2018-06-17 00:00:00 UTC,-16,-964,412420243,3.0523611111111113
2018-06-17 00:00:00 UTC,-16,-1545,366927000,1.2788888888888885
2018-06-17 00:00:00 UTC,-16,-930,735057573,0.33875
2018-06-17 00:00:00 UTC,-16,-964,412699820,2.540694444444445
2018-06-17 00:00:00 UTC,-16,-1639,441251000,0.855138888888889
2018-06-17 00:00:00 UTC,-16,-1640,441251000,0.85958333333333337
2018-06-17 00:00:00 UTC,-16,-981,412420797,10.75875
2018-06-17 00:00:00 UTC,-16,1540,366903000,0.35958333333333331
2018-06-17 00:00:00 UTC,-16,-1646,440620000,1.5343055555555554
2018-06-17 00:00:00 UTC,-16,-1647,440620000,1.4031944444444444
2018-06-17 00:00:00 UTC,-16,-1645,440620000,1.8748611111111111
2018-06-17 00:00:00 UTC,241,1217,200033037,9.64263888888889
2018-06-17 00:00:00 UTC,241,1181,800040979,0.774861111111111
2018-06-17 00:00:00 UTC,241,1180,800040979,0.33347222222222228
2018-06-17 00:00:00 UTC,241,-1554,367132830,0.26277777777777778
2018-06-17 00:00:00 UTC,241,1518,431715000,0.46680555555555558
2018-06-17 00:00:00 UTC,241,1515,431715000,3.8384722222222223
2018-06-17 00:00:00 UTC,241,1517,431715000,1.3598611111111112
2018-06-17 00:00:00 UTC,241,1506,431715000,4.6304166666666662
2018-06-17 00:00:00 UTC,497,-40,228033800,0.87527777777777782
2018-06-17 00:00:00 UTC,497,-39,228033800,2.3961111111111109
2018-06-17 00:00:00 UTC,497,-38,228033800,0.83805555555555555
2018-06-17 00:00:00 UTC,497,1564,273331980,2.7638888888888888
2018-06-17 00:00:00 UTC,497,-56,232106000,5.783611111111111
2018-06-17 00:00:00 UTC,497,-57,232106000,2.3573611111111106
2018-06-17 00:00:00 UTC,497,-39,228259600,0.57208333333333328
2018-06-17 00:00:00 UTC,497,-40,228259600,0.53750000000000009
2018-06-17 00:00:00 UTC,497,-39,228203800,0.54722222222222228
2018-06-17 00:00:00 UTC,497,-1,227519000,2.2498611111111106
2018-06-17 00:00:00 UTC,497,-2,227519000,1.3345833333333337
2018-06-17 00:00:00 UTC,497,0,227519000,2.0822222222222222
2018-06-17 00:00:00 UTC,497,-38,228070700,1.5313888888888889
2018-06-17 00:00:00 UTC,497,-39,228070700,0.66999999999999993
2018-06-17 00:00:00 UTC,497,-37,232006960,2.2670833333333333
2018-06-17 00:00:00 UTC,497,-36,232006960,4.8369444444444447
2018-06-17 00:00:00 UTC,497,-41,227144500,8.3815277777777784
2018-06-17 00:00:00 UTC,497,-43,227144500,3.8331944444444441
2018-06-17 00:00:00 UTC,497,-42,227144500,1.4248611111111111
2018-06-17 00:00:00 UTC,497,-40,227144500,6.89875
2018-06-17 00:00:00 UTC,497,-39,227144500,1.3047222222222223
2018-06-17 00:00:00 UTC,497,-82,227336000,3.1855555555555557
2018-06-17 00:00:00 UTC,497,-83,227336000,0.60402777777777772
2018-06-17 00:00:00 UTC,497,-97,224690000,7.1037500000000007
2018-06-17 00:00:00 UTC,497,-98,224690000,5.0819444444444448
2018-06-17 00:00:00 UTC,497,-97,224175960,7.8420833333333331
2018-06-17 00:00:00 UTC,497,-611,316002654,4.6752777777777776
2018-06-17 00:00:00 UTC,497,-610,316002654,2.4293055555555556
2018-06-17 00:00:00 UTC,497,-612,316002654,1.9983333333333335
2018-06-17 00:00:00 UTC,497,-38,228021600,0.90680555555555564
2018-06-17 00:00:00 UTC,497,-616,316001384,3.9543055555555555
2018-06-17 00:00:00 UTC,497,-613,316001384,8.03888888888889
2018-06-17 00:00:00 UTC,497,-614,316001384,2.5656944444444445
2018-06-17 00:00:00 UTC,497,-615,316001384,4.385
2018-06-17 00:00:00 UTC,497,-612,316001384,3.7902777777777779
2018-06-17 00:00:00 UTC,497,-44,232010351,3.0705555555555555
2018-06-17 00:00:00 UTC,497,-13,227931000,0.85138888888888886
2018-06-17 00:00:00 UTC,497,-12,227931000,0.642361111111111
2018-06-17 00:00:00 UTC,497,-11,227931000,2.7444444444444449
2018-06-17 00:00:00 UTC,497,-33,235050371,1.9538888888888888
2018-06-17 00:00:00 UTC,497,-34,235050371,1.1597222222222223
2018-06-17 00:00:00 UTC,497,-35,235050371,2.5258333333333334
2018-06-17 00:00:00 UTC,497,-39,228337800,1.7458333333333331
2018-06-17 00:00:00 UTC,497,-40,228337800,2.0734722222222222
2018-06-17 00:00:00 UTC,497,-41,228337800,0.815138888888889
2018-06-17 00:00:00 UTC,497,-612,316003211,4.5840277777777771
2018-06-17 00:00:00 UTC,497,-611,316003211,8.5829166666666659
2018-06-17 00:00:00 UTC,497,-610,316003211,11.444444444444445
2018-06-17 00:00:00 UTC,497,-11,227599000,2.6123611111111109
2018-06-17 00:00:00 UTC,497,-13,227599000,0.62444444444444436
2018-06-17 00:00:00 UTC,497,-12,227599000,0.86930555555555555
2018-06-17 00:00:00 UTC,497,-45,227822000,0.84763888888888883
2018-06-17 00:00:00 UTC,497,-44,227822000,1.8913888888888888
2018-06-17 00:00:00 UTC,497,-43,227822000,0.2
2018-06-17 00:00:00 UTC,497,-82,227406000,2.2816666666666667
2018-06-17 00:00:00 UTC,497,-39,227144900,1.8440277777777778
2018-06-17 00:00:00 UTC,497,-40,227144900,1.7556944444444447
2018-06-17 00:00:00 UTC,497,-41,227144900,1.1025
2018-06-17 00:00:00 UTC,497,-38,227144900,0.84430555555555553
2018-06-17 00:00:00 UTC,497,-77,250001093,1.7797222222222224
2018-06-17 00:00:00 UTC,497,-78,250001093,2.1681944444444445
2018-06-17 00:00:00 UTC,497,-80,250001093,0.27638888888888891
2018-06-17 00:00:00 UTC,497,-76,250001093,1.5155555555555551
2018-06-17 00:00:00 UTC,497,-79,250001093,3.0205555555555552
2018-06-17 00:00:00 UTC,497,-42,227469000,3.0834722222222224
2018-06-17 00:00:00 UTC,497,-43,227469000,4.3458333333333332
2018-06-17 00:00:00 UTC,497,-40,227469000,2.8154166666666671
2018-06-17 00:00:00 UTC,497,-41,227469000,3.3193055555555553
2018-06-17 00:00:00 UTC,497,-39,227469000,2.2347222222222221
2018-06-17 00:00:00 UTC,497,-1249,367081420,0.044027777777777777
2018-06-17 00:00:00 UTC,497,-39,228148700,2.2458333333333331
2018-06-17 00:00:00 UTC,497,-40,228148700,2.2044444444444444
2018-06-17 00:00:00 UTC,497,-41,228148700,1.9052777777777776
2018-06-17 00:00:00 UTC,497,-41,227468000,2.1383333333333332
2018-06-17 00:00:00 UTC,497,-42,227468000,2.4743055555555555
2018-06-17 00:00:00 UTC,497,-40,227468000,4.1790277777777787
2018-06-17 00:00:00 UTC,497,-39,227468000,0.91541666666666666
2018-06-17 00:00:00 UTC,497,-53,235008741,1.8600000000000005
2018-06-17 00:00:00 UTC,497,-80,226177000,1.3775000000000002
2018-06-17 00:00:00 UTC,497,-79,226177000,3.9211111111111112
2018-06-17 00:00:00 UTC,497,-611,316003305,17.776666666666667
2018-06-17 00:00:00 UTC,497,-613,316003305,21.917916666666667
2018-06-17 00:00:00 UTC,497,-38,228004600,1.9116666666666671
2018-06-17 00:00:00 UTC,497,-39,228004600,3.0366666666666666
2018-06-17 00:00:00 UTC,497,-39,228091900,1.1181944444444443
2018-06-17 00:00:00 UTC,753,145,273355780,2.0090277777777779
2018-06-17 00:00:00 UTC,753,146,273355780,1.0899999999999999
2018-06-17 00:00:00 UTC,753,144,273355780,0.84833333333333327
2018-06-17 00:00:00 UTC,753,398,276830000,0.27027777777777778
2018-06-17 00:00:00 UTC,753,396,276830000,1.0630555555555556
2018-06-17 00:00:00 UTC,753,397,276830000,1.906527777777778
2018-06-17 00:00:00 UTC,753,460,273391950,1.2940277777777778
2018-06-17 00:00:00 UTC,753,463,273391950,0.9605555555555555
2018-06-17 00:00:00 UTC,753,462,273391950,0.59888888888888892
2018-06-17 00:00:00 UTC,753,461,273391950,0.83458333333333334
2018-06-17 00:00:00 UTC,753,464,273391950,0.62958333333333338
2018-06-17 00:00:00 UTC,753,470,273447010,0.46249999999999997
2018-06-17 00:00:00 UTC,753,469,273447010,0.071527777777777773
2018-06-17 00:00:00 UTC,753,174,273450850,0.70027777777777778
2018-06-17 00:00:00 UTC,753,176,273450850,0.83750000000000013
2018-06-17 00:00:00 UTC,753,177,273450850,0.016111111111111111
2018-06-17 00:00:00 UTC,753,175,273450850,0.60277777777777763
2018-06-17 00:00:00 UTC,753,181,259558000,0.47375
2018-06-17 00:00:00 UTC,753,182,259558000,0.6444444444444446
2018-06-17 00:00:00 UTC,753,180,259558000,0.29069444444444448
2018-06-17 00:00:00 UTC,753,186,257168000,1.2048611111111112
2018-06-17 00:00:00 UTC,753,187,257168000,0.662222222222222
2018-06-17 00:00:00 UTC,753,185,257168000,1.3302777777777774
2018-06-17 00:00:00 UTC,753,184,257168000,0.22944444444444445
2018-06-17 00:00:00 UTC,753,469,273431440,0.3001388888888889
2018-06-17 00:00:00 UTC,753,468,273431440,0.6826388888888888
2018-06-17 00:00:00 UTC,753,466,273431440,0.10583333333333333
2018-06-17 00:00:00 UTC,753,467,273431440,0.57513888888888876
2018-06-17 00:00:00 UTC,753,398,258052000,1.2159722222222222
2018-06-17 00:00:00 UTC,753,396,258052000,3.7658333333333327
2018-06-17 00:00:00 UTC,753,394,258052000,1.1737500000000003
2018-06-17 00:00:00 UTC,753,395,258052000,1.0576388888888886
2018-06-17 00:00:00 UTC,753,397,258052000,4.5581944444444451
2018-06-17 00:00:00 UTC,753,173,273398180,1.9218055555555558
2018-06-17 00:00:00 UTC,753,174,273398180,0.26166666666666666
2018-06-17 00:00:00 UTC,753,395,257123000,4.204305555555556
2018-06-17 00:00:00 UTC,753,397,257123000,0.3165277777777778
2018-06-17 00:00:00 UTC,753,394,257123000,1.0173611111111112
2018-06-17 00:00:00 UTC,753,396,257123000,4.0572222222222232
2018-06-17 00:00:00 UTC,753,147,273392860,0.26625
2018-06-17 00:00:00 UTC,753,144,273392860,0.57611111111111113
2018-06-17 00:00:00 UTC,753,145,273392860,1.04125
2018-06-17 00:00:00 UTC,753,148,273392860,0.095972222222222237
2018-06-17 00:00:00 UTC,753,146,273392860,0.81722222222222218
2018-06-17 00:00:00 UTC,-271,-1740,416003073,1.5365277777777777
2018-06-17 00:00:00 UTC,-271,1636,412690470,0.11388888888888889
2018-06-17 00:00:00 UTC,-271,1637,412690470,1.0659722222222221
2018-06-17 00:00:00 UTC,-271,109,431753000,1.0165277777777779
2018-06-17 00:00:00 UTC,-271,1536,503041340,5.58763888888889
2018-06-17 00:00:00 UTC,-271,1535,503041340,8.8548611111111111
2018-06-17 00:00:00 UTC,-271,-483,710915169,1.3195833333333331
2018-06-17 00:00:00 UTC,-271,-484,710915169,5.9316666666666675
2018-06-17 00:00:00 UTC,-271,1638,412330103,1.1216666666666666
2018-06-17 00:00:00 UTC,-271,1636,412330103,1.5490277777777779
2018-06-17 00:00:00 UTC,-271,1635,412330103,1.8293055555555557
2018-06-17 00:00:00 UTC,-271,1634,412330103,4.56375
2018-06-17 00:00:00 UTC,-271,1637,412330103,1.1059722222222224
2018-06-17 00:00:00 UTC,-271,1629,412330103,4.6936111111111112
2018-06-17 00:00:00 UTC,-271,-483,710111111,1.5959722222222223
2018-06-17 00:00:00 UTC,-271,-1743,520174000,0.58902777777777782
2018-06-17 00:00:00 UTC,-271,385,255501000,0.24902777777777779
2018-06-17 00:00:00 UTC,-271,384,255501000,0.55041666666666655
2018-06-17 00:00:00 UTC,-271,-1742,520204000,0.50722222222222224
2018-06-17 00:00:00 UTC,-271,-1743,520204000,1.2868055555555555
2018-06-17 00:00:00 UTC,-15,-45,263582000,0.42722222222222217
2018-06-17 00:00:00 UTC,-15,-46,263582000,0.79263888888888889
2018-06-17 00:00:00 UTC,-15,-47,263582000,0.4497222222222223
2018-06-17 00:00:00 UTC,-15,-1674,440648000,1.1784722222222221
2018-06-17 00:00:00 UTC,-15,-1673,440648000,2.0416666666666665
2018-06-17 00:00:00 UTC,-15,-1677,440648000,3.1695833333333336
2018-06-17 00:00:00 UTC,-15,1629,416003413,1.9894444444444443
2018-06-17 00:00:00 UTC,-15,-1659,412328795,4.9752777777777775
2018-06-17 00:00:00 UTC,-15,-1660,412328795,1.1616666666666666
2018-06-17 00:00:00 UTC,-15,-1640,440934000,1.0881944444444442
2018-06-17 00:00:00 UTC,-15,-1639,440934000,0.83402777777777781
2018-06-17 00:00:00 UTC,-15,-1637,440858000,0.49486111111111108
2018-06-17 00:00:00 UTC,-15,-1636,440858000,1.5554166666666667
2018-06-17 00:00:00 UTC,-15,-964,412420243,3.7040277777777777
2018-06-17 00:00:00 UTC,-15,-1651,416623000,1.9558333333333333
2018-06-17 00:00:00 UTC,-15,-1659,416623000,4.0743055555555561
2018-06-17 00:00:00 UTC,-15,-1649,416623000,2.3775
2018-06-17 00:00:00 UTC,-15,845,645379000,10.690000000000001
2018-06-17 00:00:00 UTC,-15,-1638,441251000,0.8931944444444444
2018-06-17 00:00:00 UTC,-15,-1639,441251000,1.7108333333333334
2018-06-17 00:00:00 UTC,-15,-1642,440920000,0.7498611111111112
2018-06-17 00:00:00 UTC,-15,-1650,440920000,0.67333333333333334
2018-06-17 00:00:00 UTC,-15,-1652,440920000,0.77527777777777773
2018-06-17 00:00:00 UTC,-15,-1646,440920000,3.0759722222222221
2018-06-17 00:00:00 UTC,-15,-1643,440920000,1.350972222222222
2018-06-17 00:00:00 UTC,-15,-1651,440920000,0.52569444444444446
2018-06-17 00:00:00 UTC,-15,-1649,440920000,0.69875
2018-06-17 00:00:00 UTC,-15,-1644,440920000,1.3991666666666667
2018-06-17 00:00:00 UTC,-15,-1645,440920000,0.94833333333333325
2018-06-17 00:00:00 UTC,-15,-1647,440620000,1.7658333333333331
2018-06-17 00:00:00 UTC,-15,-1646,440620000,0.59944444444444467
2018-06-17 00:00:00 UTC,-15,-1648,440620000,0.18638888888888888
2018-06-17 00:00:00 UTC,242,1180,800040979,0.61236111111111113
2018-06-17 00:00:00 UTC,242,1181,800040979,3.1873611111111106
2018-06-17 00:00:00 UTC,242,-162,242942000,0.74888888888888894
2018-06-17 00:00:00 UTC,242,1219,200000629,12.272083333333333
2018-06-17 00:00:00 UTC,242,1187,200024720,0.34347222222222218
2018-06-17 00:00:00 UTC,242,1186,200024720,0.88013888888888892
2018-06-17 00:00:00 UTC,242,-1555,367132830,0.17055555555555554
2018-06-17 00:00:00 UTC,242,-1554,367132830,0.26208333333333333
2018-06-17 00:00:00 UTC,242,1513,431715000,3.8077777777777779
2018-06-17 00:00:00 UTC,242,1509,431715000,5.8976388888888884
2018-06-17 00:00:00 UTC,242,1510,431715000,2.1880555555555556
2018-06-17 00:00:00 UTC,242,1512,431715000,1.9826388888888888
2018-06-17 00:00:00 UTC,498,1565,273331980,0.77097222222222217
2018-06-17 00:00:00 UTC,498,1564,273331980,2.8443055555555552
2018-06-17 00:00:00 UTC,498,-37,232006960,2.4493055555555552
2018-06-17 00:00:00 UTC,498,-38,232006960,10.555277777777775
2018-06-17 00:00:00 UTC,498,-41,227144500,0.27930555555555558
2018-06-17 00:00:00 UTC,498,-114,228236600,6.1027777777777779
2018-06-17 00:00:00 UTC,498,-113,228236600,3.92375
2018-06-17 00:00:00 UTC,498,-84,227336000,0.65166666666666662
2018-06-17 00:00:00 UTC,498,-82,227336000,2.28875
2018-06-17 00:00:00 UTC,498,-85,227336000,2.935
2018-06-17 00:00:00 UTC,498,-83,227336000,0.29472222222222222
2018-06-17 00:00:00 UTC,498,-64,235099977,2.6476388888888889
2018-06-17 00:00:00 UTC,498,-97,224690000,5.1529166666666661
2018-06-17 00:00:00 UTC,498,-58,235068242,0.25111111111111112
2018-06-17 00:00:00 UTC,498,-42,232010351,1.2023611111111112
2018-06-17 00:00:00 UTC,498,-44,232010351,0.27916666666666667
2018-06-17 00:00:00 UTC,498,-43,232010351,4.2276388888888885
2018-06-17 00:00:00 UTC,498,-35,235050371,1.4800000000000002
2018-06-17 00:00:00 UTC,498,-33,235050371,1.8095833333333331
2018-06-17 00:00:00 UTC,498,-36,235050371,1.5913888888888894
2018-06-17 00:00:00 UTC,498,-34,235050371,0.90250000000000008
2018-06-17 00:00:00 UTC,498,-44,227823000,3.0437499999999993
2018-06-17 00:00:00 UTC,498,-41,227823000,2.3781944444444445
2018-06-17 00:00:00 UTC,498,-43,227823000,3.5455555555555556
2018-06-17 00:00:00 UTC,498,-39,227823000,3.596111111111111
2018-06-17 00:00:00 UTC,498,-42,227823000,8.5254166666666666
2018-06-17 00:00:00 UTC,498,-45,227823000,2.6619444444444444
2018-06-17 00:00:00 UTC,498,-43,227822000,2.6493055555555554
2018-06-17 00:00:00 UTC,498,-42,227822000,2.9284722222222221
2018-06-17 00:00:00 UTC,498,-41,227822000,1.7565277777777777
2018-06-17 00:00:00 UTC,498,-44,227822000,1.3273611111111112
2018-06-17 00:00:00 UTC,498,-79,227406000,0.6513888888888888
2018-06-17 00:00:00 UTC,498,-78,227406000,0.2875
2018-06-17 00:00:00 UTC,498,-83,227406000,6.7397222222222224
2018-06-17 00:00:00 UTC,498,-77,250001093,1.0177777777777779
2018-06-17 00:00:00 UTC,498,-79,250001093,2.9536111111111114
2018-06-17 00:00:00 UTC,498,-78,250001093,3.3793055555555553
2018-06-17 00:00:00 UTC,498,-1250,367081420,1.0152777777777775
2018-06-17 00:00:00 UTC,498,-1251,367081420,0.12958333333333333
2018-06-17 00:00:00 UTC,498,-1249,367081420,0.25680555555555556
2018-06-17 00:00:00 UTC,498,-43,227146700,14.087777777777779
2018-06-17 00:00:00 UTC,498,-42,227146700,1.3448611111111113
2018-06-17 00:00:00 UTC,498,-41,227146700,0.83458333333333334
2018-06-17 00:00:00 UTC,498,-44,227138800,2.4373611111111111
2018-06-17 00:00:00 UTC,498,-40,227138800,2.7101388888888893
2018-06-17 00:00:00 UTC,498,-42,227138800,4.3445833333333344
2018-06-17 00:00:00 UTC,498,-41,227138800,4.3388888888888886
2018-06-17 00:00:00 UTC,498,-43,227138800,4.1166666666666663
2018-06-17 00:00:00 UTC,498,-45,227138800,1.9444444444444444
2018-06-17 00:00:00 UTC,498,-62,232009716,1.4625
2018-06-17 00:00:00 UTC,498,-63,232009716,1.8393055555555555
2018-06-17 00:00:00 UTC,754,144,273355780,0.97458333333333336
2018-06-17 00:00:00 UTC,754,145,273355780,0.055833333333333332
2018-06-17 00:00:00 UTC,754,182,258324000,3.6081944444444454
2018-06-17 00:00:00 UTC,754,180,258324000,2.6800000000000006
2018-06-17 00:00:00 UTC,754,183,258324000,0.81805555555555565
2018-06-17 00:00:00 UTC,754,179,258324000,2.4473611111111118
2018-06-17 00:00:00 UTC,754,181,258324000,2.515
2018-06-17 00:00:00 UTC,754,178,258324000,1.9120833333333331
2018-06-17 00:00:00 UTC,754,180,257128000,0.88444444444444437
2018-06-17 00:00:00 UTC,754,181,257128000,2.3684722222222212
2018-06-17 00:00:00 UTC,754,184,257128000,1.6656944444444441
2018-06-17 00:00:00 UTC,754,186,257128000,0.13805555555555554
2018-06-17 00:00:00 UTC,754,179,257128000,0.3743055555555555
2018-06-17 00:00:00 UTC,754,182,257128000,3.7056944444444442
2018-06-17 00:00:00 UTC,754,183,257128000,4.1265277777777785
2018-06-17 00:00:00 UTC,754,185,257128000,1.6169444444444445
2018-06-17 00:00:00 UTC,754,464,273391950,0.25291666666666668
2018-06-17 00:00:00 UTC,754,465,273391950,0.71291666666666664
2018-06-17 00:00:00 UTC,754,467,273391950,0.4102777777777778
2018-06-17 00:00:00 UTC,754,466,273391950,1.682361111111111
2018-06-17 00:00:00 UTC,754,463,273447010,2.0006944444444446
2018-06-17 00:00:00 UTC,754,470,273447010,4.2422222222222246
2018-06-17 00:00:00 UTC,754,464,273447010,2.344583333333333
2018-06-17 00:00:00 UTC,754,469,273447010,0.5525
2018-06-17 00:00:00 UTC,754,174,273450850,1.3126388888888889
2018-06-17 00:00:00 UTC,754,175,273450850,1.51
2018-06-17 00:00:00 UTC,754,176,273450850,0.48222222222222222
2018-06-17 00:00:00 UTC,754,172,273450850,1.1241666666666665
2018-06-17 00:00:00 UTC,754,173,273450850,1.638611111111111
2018-06-17 00:00:00 UTC,754,184,259558000,1.4304166666666667
2018-06-17 00:00:00 UTC,754,179,259558000,0.55013888888888884
2018-06-17 00:00:00 UTC,754,185,259558000,0.99236111111111092
2018-06-17 00:00:00 UTC,754,181,259558000,2.1697222222222221
2018-06-17 00:00:00 UTC,754,180,259558000,2.066666666666666
2018-06-17 00:00:00 UTC,754,182,259558000,0.59666666666666679
2018-06-17 00:00:00 UTC,754,183,259558000,0.71527777777777779
2018-06-17 00:00:00 UTC,754,187,257168000,0.18833333333333332
2018-06-17 00:00:00 UTC,754,188,257168000,0.41652777777777777
2018-06-17 00:00:00 UTC,754,470,273431440,1.8673611111111108
2018-06-17 00:00:00 UTC,754,469,273431440,0.50347222222222232
2018-06-17 00:00:00 UTC,754,471,273431440,0.31597222222222215
2018-06-17 00:00:00 UTC,754,387,235078558,0.068194444444444446
2018-06-17 00:00:00 UTC,754,388,235078558,0.54722222222222217
2018-06-17 00:00:00 UTC,754,175,273398180,0.48847222222222225
2018-06-17 00:00:00 UTC,754,172,273398180,0.056666666666666671
2018-06-17 00:00:00 UTC,754,173,273398180,1.1545833333333331
2018-06-17 00:00:00 UTC,754,176,273398180,0.11222222222222222
2018-06-17 00:00:00 UTC,754,174,273398180,3.6394444444444431
2018-06-17 00:00:00 UTC,754,144,273392860,0.33666666666666667
2018-06-17 00:00:00 UTC,754,164,273341920,0.4506944444444444
2018-06-17 00:00:00 UTC,754,185,257594600,0.084999999999999992
2018-06-17 00:00:00 UTC,754,187,257594600,0.18152777777777779
2018-06-17 00:00:00 UTC,754,193,257594600,1.018472222222222
2018-06-17 00:00:00 UTC,754,194,257594600,0.35375
2018-06-17 00:00:00 UTC,754,190,257594600,0.59513888888888888
2018-06-17 00:00:00 UTC,754,195,257594600,0.078472222222222221
2018-06-17 00:00:00 UTC,754,188,257594600,0.59430555555555553
2018-06-17 00:00:00 UTC,754,192,257594600,1.2919444444444443
2018-06-17 00:00:00 UTC,754,189,257594600,1.232083333333333
2018-06-17 00:00:00 UTC,754,186,257594600,0.099861111111111109
2018-06-17 00:00:00 UTC,754,191,257594600,0.53277777777777779
2018-06-17 00:00:00 UTC,-270,-1740,416003073,1.1097222222222223
2018-06-17 00:00:00 UTC,-270,1535,503005980,18.924027777777781
2018-06-17 00:00:00 UTC,-270,1637,412690470,2.1562500000000004
2018-06-17 00:00:00 UTC,-270,1636,412690470,2.4493055555555556
2018-06-17 00:00:00 UTC,-270,1633,412690470,2.6240277777777781
2018-06-17 00:00:00 UTC,-270,1634,412690470,2.6958333333333333
2018-06-17 00:00:00 UTC,-270,-483,710915169,4.6393055555555556
2018-06-17 00:00:00 UTC,-270,-484,710915169,8.6002777777777784
2018-06-17 00:00:00 UTC,-270,1640,412330102,1.5138888888888888
2018-06-17 00:00:00 UTC,-270,1641,412330102,1.5420833333333333
2018-06-17 00:00:00 UTC,-270,1635,412330103,1.4668055555555557
2018-06-17 00:00:00 UTC,-270,1636,412330103,0.97944444444444456
2018-06-17 00:00:00 UTC,-270,1637,412330103,2.018472222222222
2018-06-17 00:00:00 UTC,-270,1638,412330103,0.94041666666666668
2018-06-17 00:00:00 UTC,-270,-480,713342592,1.6777777777777778
2018-06-17 00:00:00 UTC,-270,-483,710111111,2.846111111111111
2018-06-17 00:00:00 UTC,-270,-485,710111111,9.51986111111111
2018-06-17 00:00:00 UTC,-270,-484,710111111,4.4044444444444446
2018-06-17 00:00:00 UTC,-270,1535,503064230,6.4055555555555541
2018-06-17 00:00:00 UTC,-270,-485,713434542,0.19611111111111112
2018-06-17 00:00:00 UTC,-270,-484,713434542,0.9787499999999999
2018-06-17 00:00:00 UTC,-270,-1743,520174000,1.6077777777777775
2018-06-17 00:00:00 UTC,-270,-1741,520204000,1.608888888888889
2018-06-17 00:00:00 UTC,-270,-1742,520204000,1.1569444444444443
2018-06-17 00:00:00 UTC,-14,-1675,440648000,0.25263888888888891
2018-06-17 00:00:00 UTC,-14,-1676,440648000,2.51875
2018-06-17 00:00:00 UTC,-14,-1678,440648000,0.65097222222222217
2018-06-17 00:00:00 UTC,-14,-1677,440648000,0.32791666666666663
2018-06-17 00:00:00 UTC,-14,-1639,440934000,1.9961111111111112
2018-06-17 00:00:00 UTC,-14,-1638,440934000,0.44277777777777771
2018-06-17 00:00:00 UTC,-14,-899,735059572,4.3736111111111109
2018-06-17 00:00:00 UTC,-14,-1637,440858000,2.4119444444444444
2018-06-17 00:00:00 UTC,-14,-1636,440858000,0.37277777777777776
2018-06-17 00:00:00 UTC,-14,-1658,416623000,0.57638888888888884
2018-06-17 00:00:00 UTC,-14,-1650,416623000,1.5129166666666669
2018-06-17 00:00:00 UTC,-14,-1654,416623000,1.182361111111111
2018-06-17 00:00:00 UTC,-14,-1651,416623000,2.332777777777777
2018-06-17 00:00:00 UTC,-14,-1652,416623000,2.1418055555555551
2018-06-17 00:00:00 UTC,-14,-1649,416623000,0.18527777777777779
2018-06-17 00:00:00 UTC,-14,-1655,416623000,2.6284722222222219
2018-06-17 00:00:00 UTC,-14,-1657,416623000,1.3204166666666666
2018-06-17 00:00:00 UTC,-14,-1653,416623000,1.7184722222222224
2018-06-17 00:00:00 UTC,-14,-1656,416623000,2.2218055555555556
2018-06-17 00:00:00 UTC,-14,1625,416214700,4.049722222222222
2018-06-17 00:00:00 UTC,-14,843,645379000,12.16513888888889
2018-06-17 00:00:00 UTC,-14,845,645379000,1.7294444444444446
2018-06-17 00:00:00 UTC,-14,-1638,441251000,0.90277777777777779
2018-06-17 00:00:00 UTC,-14,-1646,440920000,2.2272222222222222
2018-06-17 00:00:00 UTC,-14,-1644,440920000,1.5494444444444444
2018-06-17 00:00:00 UTC,-14,-1643,440920000,2.2247222222222223
2018-06-17 00:00:00 UTC,-14,-1653,440920000,0.50347222222222232
2018-06-17 00:00:00 UTC,-14,-1652,440920000,0.19805555555555554
2018-06-17 00:00:00 UTC,-14,-1645,440920000,1.5002777777777778
2018-06-17 00:00:00 UTC,-14,-1648,440920000,0.82513888888888887
2018-06-17 00:00:00 UTC,-14,1536,366903000,1.5638888888888887
2018-06-17 00:00:00 UTC,-14,-1643,440919000,1.8143055555555556
2018-06-17 00:00:00 UTC,-14,-1645,440919000,1.6219444444444444
2018-06-17 00:00:00 UTC,-14,-1644,440919000,1.5290277777777772
2018-06-17 00:00:00 UTC,-14,-1642,440919000,1.0594444444444444
2018-06-17 00:00:00 UTC,-14,-1648,440620000,0.55833333333333324
2018-06-17 00:00:00 UTC,-14,-1647,440620000,1.1744444444444442
2018-06-17 00:00:00 UTC,-14,-1649,440620000,0.1398611111111111
2018-06-17 00:00:00 UTC,-14,-1674,412421095,1.9758333333333331
2018-06-17 00:00:00 UTC,-14,-1675,412421095,1.5486111111111112
2018-06-17 00:00:00 UTC,-14,1719,412371182,0.51680555555555552
2018-06-17 00:00:00 UTC,-14,1720,412371182,0.54736111111111108
2018-06-17 00:00:00 UTC,-14,-1048,224918000,5.3527777777777779
2018-06-17 00:00:00 UTC,243,1205,900029995,0.92499999999999993
2018-06-17 00:00:00 UTC,243,-161,242942000,1.3658333333333335
2018-06-17 00:00:00 UTC,243,-160,242942000,1.75125
2018-06-17 00:00:00 UTC,243,-159,242952000,1.5172222222222222
2018-06-17 00:00:00 UTC,243,-160,242952000,2.18875
2018-06-17 00:00:00 UTC,243,1205,200011329,3.8459722222222221
2018-06-17 00:00:00 UTC,243,1204,900016732,20.935416666666669
2018-06-17 00:00:00 UTC,243,1205,900016732,0.56708333333333327
2018-06-17 00:00:00 UTC,243,1219,200000629,11.096805555555557
2018-06-17 00:00:00 UTC,243,-160,242174100,3.4059722222222222
2018-06-17 00:00:00 UTC,243,-161,242174100,0.18194444444444446
2018-06-17 00:00:00 UTC,499,1564,273331980,2.5920833333333331
2018-06-17 00:00:00 UTC,499,1567,273331980,3.3683333333333332
2018-06-17 00:00:00 UTC,499,-32,235096094,0.68458333333333332
2018-06-17 00:00:00 UTC,499,-112,228236600,4.010416666666667
2018-06-17 00:00:00 UTC,499,-113,228236600,2.0451388888888888
2018-06-17 00:00:00 UTC,499,-82,227336000,2.5540277777777778
2018-06-17 00:00:00 UTC,499,-81,227336000,3.2293055555555554
2018-06-17 00:00:00 UTC,499,-83,227336000,1.6819444444444445
2018-06-17 00:00:00 UTC,499,-84,227336000,1.2041666666666666
2018-06-17 00:00:00 UTC,499,-64,235099977,1.3405555555555553
2018-06-17 00:00:00 UTC,499,-36,235095891,2.5416666666666665
2018-06-17 00:00:00 UTC,499,-35,235095891,3.6166666666666667
2018-06-17 00:00:00 UTC,499,-59,232007788,3.5097222222222224
2018-06-17 00:00:00 UTC,499,-58,232007788,2.0770833333333329
2018-06-17 00:00:00 UTC,499,-57,232007788,0.735138888888889
2018-06-17 00:00:00 UTC,499,-42,232010351,2.4202777777777778
2018-06-17 00:00:00 UTC,499,10,228107900,0.83611111111111114
2018-06-17 00:00:00 UTC,499,-102,224324000,7.9466666666666663
2018-06-17 00:00:00 UTC,499,-44,227822000,2.1208333333333336
2018-06-17 00:00:00 UTC,499,-45,227822000,1.6659722222222222
2018-06-17 00:00:00 UTC,499,-47,227822000,2.3451388888888882
2018-06-17 00:00:00 UTC,499,-46,227822000,2.5872222222222221
2018-06-17 00:00:00 UTC,499,-48,227822000,0.97472222222222216
2018-06-17 00:00:00 UTC,499,-43,227822000,1.6558333333333333
2018-06-17 00:00:00 UTC,499,-82,227406000,3.743611111111111
2018-06-17 00:00:00 UTC,499,-81,227406000,2.575277777777778
2018-06-17 00:00:00 UTC,499,-80,227406000,1.2331944444444445
2018-06-17 00:00:00 UTC,499,-112,228021700,6.7862500000000008
2018-06-17 00:00:00 UTC,499,-114,228021700,5.2045833333333329
2018-06-17 00:00:00 UTC,499,-113,228021700,9.5261111111111116
2018-06-17 00:00:00 UTC,499,-77,250001093,0.83888888888888891
2018-06-17 00:00:00 UTC,499,-78,250001093,0.80458333333333332
2018-06-17 00:00:00 UTC,499,-1252,367081420,0.44888888888888884
2018-06-17 00:00:00 UTC,499,-1251,367081420,0.15916666666666665
2018-06-17 00:00:00 UTC,499,-41,227146700,1.3495833333333331
2018-06-17 00:00:00 UTC,499,-37,227146700,0.72444444444444456
2018-06-17 00:00:00 UTC,499,-39,227146700,1.4152777777777776
2018-06-17 00:00:00 UTC,499,-38,227146700,1.1811111111111112
2018-06-17 00:00:00 UTC,499,-42,227146700,1.0548611111111112
2018-06-17 00:00:00 UTC,499,-40,227146700,1.667083333333333
2018-06-17 00:00:00 UTC,499,-92,250000854,2.1355555555555554
2018-06-17 00:00:00 UTC,499,-94,250000854,7.0413888888888891
2018-06-17 00:00:00 UTC,499,0,227452910,6.9065277777777778
2018-06-17 00:00:00 UTC,499,-4,227414000,1.9973611111111109
2018-06-17 00:00:00 UTC,499,-3,227414000,0.048472222222222222
2018-06-17 00:00:00 UTC,499,-7,227414000,0.097222222222222224
2018-06-17 00:00:00 UTC,499,-6,227414000,1.8155555555555556
2018-06-17 00:00:00 UTC,499,-5,227414000,1.3025000000000002
2018-06-17 00:00:00 UTC,499,1445,273897200,0.85402777777777783
2018-06-17 00:00:00 UTC,499,-38,227138800,1.0622222222222222
2018-06-17 00:00:00 UTC,499,-37,227138800,0.53083333333333338
2018-06-17 00:00:00 UTC,499,-40,227138800,1.0733333333333333
2018-06-17 00:00:00 UTC,499,-39,227138800,1.4015277777777777
2018-06-17 00:00:00 UTC,499,-63,232009716,0.45055555555555554
2018-06-17 00:00:00 UTC,499,-62,232009716,0.90611111111111109
2018-06-17 00:00:00 UTC,755,464,273394210,0.49027777777777776
2018-06-17 00:00:00 UTC,755,466,273394210,0.66250000000000009
2018-06-17 00:00:00 UTC,755,456,273394210,1.787222222222222
2018-06-17 00:00:00 UTC,755,463,273394210,0.16180555555555556
2018-06-17 00:00:00 UTC,755,462,273394210,0.19208333333333333
2018-06-17 00:00:00 UTC,755,457,273394210,0.74263888888888885
2018-06-17 00:00:00 UTC,755,467,273394210,0.55944444444444441
2018-06-17 00:00:00 UTC,755,468,273394210,0.21000000000000002
2018-06-17 00:00:00 UTC,755,465,273394210,0.35097222222222224
2018-06-17 00:00:00 UTC,755,182,257128000,0.26055555555555554
2018-06-17 00:00:00 UTC,755,186,257128000,0.78388888888888875
2018-06-17 00:00:00 UTC,755,184,257128000,0.17305555555555555
2018-06-17 00:00:00 UTC,755,187,257128000,0.1686111111111111
2018-06-17 00:00:00 UTC,755,185,257128000,0.33125
2018-06-17 00:00:00 UTC,755,181,257128000,0.14708333333333334
2018-06-17 00:00:00 UTC,755,468,273391950,1.3354166666666665
2018-06-17 00:00:00 UTC,755,467,273391950,0.58180555555555558
2018-06-17 00:00:00 UTC,755,469,273391950,0.92347222222222236
2018-06-17 00:00:00 UTC,755,470,273447010,2.9863888888888885
2018-06-17 00:00:00 UTC,755,464,273447010,0.11027777777777779
2018-06-17 00:00:00 UTC,755,469,273447010,1.6475000000000002
2018-06-17 00:00:00 UTC,755,465,273447010,2.2418055555555552
2018-06-17 00:00:00 UTC,755,466,273447010,0.998611111111111
2018-06-17 00:00:00 UTC,755,170,273450850,0.093055555555555558
2018-06-17 00:00:00 UTC,755,172,273450850,3.8508333333333336
2018-06-17 00:00:00 UTC,755,171,273450850,2.193194444444444
2018-06-17 00:00:00 UTC,755,182,259558000,0.9675
2018-06-17 00:00:00 UTC,755,183,259558000,0.7120833333333334
2018-06-17 00:00:00 UTC,755,186,257168000,3.1530555555555551
2018-06-17 00:00:00 UTC,755,471,273431440,1.2733333333333332
2018-06-17 00:00:00 UTC,755,472,273431440,1.0066666666666668
2018-06-17 00:00:00 UTC,755,391,235078558,0.80527777777777765
2018-06-17 00:00:00 UTC,755,389,235078558,1.0011111111111113
2018-06-17 00:00:00 UTC,755,393,235078558,0.34458333333333335
2018-06-17 00:00:00 UTC,755,388,235078558,0.41847222222222225
2018-06-17 00:00:00 UTC,755,390,235078558,1.0591666666666668
2018-06-17 00:00:00 UTC,755,392,235078558,0.3768055555555555
2018-06-17 00:00:00 UTC,755,173,273398180,0.35472222222222216
2018-06-17 00:00:00 UTC,755,171,273398180,0.1763888888888889
2018-06-17 00:00:00 UTC,755,174,273398180,0.22097222222222221
2018-06-17 00:00:00 UTC,755,175,273398180,0.65777777777777779
2018-06-17 00:00:00 UTC,755,172,273398180,2.0923611111111109
2018-06-17 00:00:00 UTC,755,167,273341920,1.4309722222222221
2018-06-17 00:00:00 UTC,755,164,273341920,0.33486111111111116
2018-06-17 00:00:00 UTC,755,168,273341920,0.75555555555555554
2018-06-17 00:00:00 UTC,755,169,273341920,0.75722222222222224
2018-06-17 00:00:00 UTC,755,165,273341920,1.3908333333333336
2018-06-17 00:00:00 UTC,755,166,273341920,2.3256944444444443
2018-06-17 00:00:00 UTC,755,189,257594600,0.45180555555555552
2018-06-17 00:00:00 UTC,-269,-1740,416003073,0.51263888888888887
2018-06-17 00:00:00 UTC,-269,1535,503005980,6.753333333333333
2018-06-17 00:00:00 UTC,-269,1535,503019840,13.863055555555555
2018-06-17 00:00:00 UTC,-269,140,659036000,1.4490277777777774
2018-06-17 00:00:00 UTC,-269,1641,412330102,0.90611111111111109
2018-06-17 00:00:00 UTC,-269,1640,412330102,1.0927777777777776
2018-06-17 00:00:00 UTC,-269,1635,412330103,0.98347222222222219
2018-06-17 00:00:00 UTC,-269,-485,710111111,3.3241666666666672
2018-06-17 00:00:00 UTC,-269,1535,503064230,15.206388888888892
2018-06-17 00:00:00 UTC,-269,-1748,416231600,1.0665277777777777
2018-06-17 00:00:00 UTC,-269,-1743,520174000,0.28986111111111112
2018-06-17 00:00:00 UTC,-269,-1744,416230600,1.1134722222222222
2018-06-17 00:00:00 UTC,-269,-1745,416230600,0.2525
2018-06-17 00:00:00 UTC,-13,1627,416003413,3.1348611111111113
2018-06-17 00:00:00 UTC,-13,-121,263569000,0.62111111111111117
2018-06-17 00:00:00 UTC,-13,-1638,440934000,1.4541666666666666
2018-06-17 00:00:00 UTC,-13,-1637,440934000,0.32958333333333334
2018-06-17 00:00:00 UTC,-13,-1636,440858000,1.990833333333333
2018-06-17 00:00:00 UTC,-13,-1637,440858000,2.4054166666666652
2018-06-17 00:00:00 UTC,-13,1625,416214700,4.981527777777778
2018-06-17 00:00:00 UTC,-13,-1637,441251000,1.11875
2018-06-17 00:00:00 UTC,-13,-1638,441251000,0.84152777777777776
2018-06-17 00:00:00 UTC,-13,-1653,440920000,0.6991666666666666
2018-06-17 00:00:00 UTC,-13,-1641,440055000,0.50347222222222232
2018-06-17 00:00:00 UTC,-13,-1645,440919000,2.036944444444444
2018-06-17 00:00:00 UTC,-13,-1646,440919000,4.7009722222222221
2018-06-17 00:00:00 UTC,-13,-1644,440919000,2.0486111111111107
2018-06-17 00:00:00 UTC,-13,-1643,440919000,3.8927777777777779
2018-06-17 00:00:00 UTC,-13,-1647,440620000,1.3226388888888891
2018-06-17 00:00:00 UTC,-13,-1672,412421095,2.4819444444444443
2018-06-17 00:00:00 UTC,-13,1720,412371182,5.84138888888889
2018-06-17 00:00:00 UTC,-13,1718,412371182,1.1106944444444447
2018-06-17 00:00:00 UTC,-13,-131,263415290,1.2766666666666668
2018-06-17 00:00:00 UTC,244,1219,900018694,1.381388888888889
2018-06-17 00:00:00 UTC,244,-827,367623690,6.2924999999999995
2018-06-17 00:00:00 UTC,244,1205,800050465,4.6975
2018-06-17 00:00:00 UTC,244,-1556,367602730,1.4222222222222218
2018-06-17 00:00:00 UTC,244,-1557,367602730,1.8963888888888887
2018-06-17 00:00:00 UTC,244,-1555,367602730,2.6351388888888891
2018-06-17 00:00:00 UTC,244,-1558,367602730,1.2243055555555555
2018-06-17 00:00:00 UTC,244,-1554,367602730,3.3418055555555557
2018-06-17 00:00:00 UTC,244,1205,900029995,1.3458333333333334
2018-06-17 00:00:00 UTC,244,1206,900029995,0.31236111111111109
2018-06-17 00:00:00 UTC,244,-158,242942000,1.0018055555555554
2018-06-17 00:00:00 UTC,244,-160,242942000,3.4798611111111106
2018-06-17 00:00:00 UTC,244,-159,242942000,1.0293055555555557
2018-06-17 00:00:00 UTC,244,-160,242952000,2.1809722222222225
2018-06-17 00:00:00 UTC,244,-159,242952000,1.6263888888888887
2018-06-17 00:00:00 UTC,244,1188,800000331,1.4952777777777779
2018-06-17 00:00:00 UTC,244,1187,800000331,0.68736111111111109
2018-06-17 00:00:00 UTC,244,1218,416203600,6.2041666666666666
2018-06-17 00:00:00 UTC,244,1219,416203600,4.1870833333333337
2018-06-17 00:00:00 UTC,244,1205,900016732,2.42
2018-06-17 00:00:00 UTC,244,-165,204284000,10.086944444444445
2018-06-17 00:00:00 UTC,244,1219,81560935,3.7976388888888888
2018-06-17 00:00:00 UTC,244,1218,81560935,1.9616666666666669
2018-06-17 00:00:00 UTC,244,1219,81560936,4.2945833333333336
2018-06-17 00:00:00 UTC,244,1218,81560936,1.452638888888889
2018-06-17 00:00:00 UTC,244,1219,200014701,1.3727777777777779
2018-06-17 00:00:00 UTC,244,1218,200014701,1.756388888888889
2018-06-17 00:00:00 UTC,244,1181,900040579,1.4433333333333336
2018-06-17 00:00:00 UTC,244,1219,416001415,1.5116666666666667
2018-06-17 00:00:00 UTC,244,1219,416114313,1.7086111111111111
2018-06-17 00:00:00 UTC,244,1220,416001425,6.3675
2018-06-17 00:00:00 UTC,244,-159,242174100,2.3722222222222222
2018-06-17 00:00:00 UTC,244,-160,242174100,5.38763888888889
2018-06-17 00:00:00 UTC,244,1219,416000159,7.787361111111113
2018-06-17 00:00:00 UTC,244,1218,200021423,2.6056944444444445
2018-06-17 00:00:00 UTC,244,1219,200021423,1.2430555555555556
2018-06-17 00:00:00 UTC,244,1219,81560508,4.3348611111111115
2018-06-17 00:00:00 UTC,244,1218,81560508,2.4456944444444444
2018-06-17 00:00:00 UTC,244,1218,416005346,3.18125
2018-06-17 00:00:00 UTC,244,1219,416005346,3.9169444444444439
2018-06-17 00:00:00 UTC,244,1219,416001251,3.306111111111111
2018-06-17 00:00:00 UTC,244,1219,416000487,0.15472222222222223
2018-06-17 00:00:00 UTC,244,1219,200005873,1.6454166666666667
2018-06-17 00:00:00 UTC,244,1219,56027891,6.8122222222222222
2018-06-17 00:00:00 UTC,244,1218,200020733,1.0790277777777777
2018-06-17 00:00:00 UTC,244,1219,200020733,4.5588888888888892
2018-06-17 00:00:00 UTC,500,1564,273331980,1.236388888888889
2018-06-17 00:00:00 UTC,500,-30,235096094,0.33944444444444444
2018-06-17 00:00:00 UTC,500,-32,235096094,0.27249999999999996
2018-06-17 00:00:00 UTC,500,-35,235096094,0.046805555555555552
2018-06-17 00:00:00 UTC,500,-38,235096094,0.3947222222222222
2018-06-17 00:00:00 UTC,500,-39,235096094,0.30694444444444446
2018-06-17 00:00:00 UTC,500,-31,235096094,3.3754166666666654
2018-06-17 00:00:00 UTC,500,-36,235096094,0.70055555555555549
2018-06-17 00:00:00 UTC,500,0,235002165,3.181111111111111
2018-06-17 00:00:00 UTC,500,2,235002165,1.5309722222222222
2018-06-17 00:00:00 UTC,500,1,235002165,3.2406944444444443
2018-06-17 00:00:00 UTC,500,-84,227336000,1.4152777777777779
2018-06-17 00:00:00 UTC,500,-85,227336000,0.94055555555555559
2018-06-17 00:00:00 UTC,500,-83,227336000,1.564861111111111
2018-06-17 00:00:00 UTC,500,0,235095634,2.2159722222222218
2018-06-17 00:00:00 UTC,500,1,235095634,17.712638888888883
2018-06-17 00:00:00 UTC,500,2,235095634,4.1131944444444457
2018-06-17 00:00:00 UTC,500,-59,232007788,6.785
2018-06-17 00:00:00 UTC,500,-58,232007788,1.159861111111111
2018-06-17 00:00:00 UTC,500,-57,232007788,0.41680555555555554
2018-06-17 00:00:00 UTC,500,-41,232010351,1.5286111111111111
2018-06-17 00:00:00 UTC,500,-43,232010351,1.2586111111111109
2018-06-17 00:00:00 UTC,500,-45,232010351,0.27902777777777776
2018-06-17 00:00:00 UTC,500,-42,232010351,1.1459722222222224
2018-06-17 00:00:00 UTC,500,-44,232010351,1.2833333333333332
2018-06-17 00:00:00 UTC,500,-47,235095421,0.3355555555555555
2018-06-17 00:00:00 UTC,500,-81,227406000,2.4361111111111109
2018-06-17 00:00:00 UTC,500,-113,228021700,2.6255555555555556
2018-06-17 00:00:00 UTC,500,-77,250001093,0.52180555555555552
2018-06-17 00:00:00 UTC,500,-79,250001093,1.8029166666666667
2018-06-17 00:00:00 UTC,500,-78,250001093,1.5175
2018-06-17 00:00:00 UTC,500,-91,250000854,5.4504166666666674
2018-06-17 00:00:00 UTC,500,-92,250000854,2.4544444444444444
2018-06-17 00:00:00 UTC,500,-4,227414000,0.07375000000000001
2018-06-17 00:00:00 UTC,500,-3,227414000,2.6690277777777776
2018-06-17 00:00:00 UTC,500,-2,227414000,1.0636111111111113
2018-06-17 00:00:00 UTC,500,0,227414000,2.2677777777777779
2018-06-17 00:00:00 UTC,500,1,227414000,1.5600000000000003
2018-06-17 00:00:00 UTC,500,-7,227414000,1.3540277777777778
2018-06-17 00:00:00 UTC,500,-8,227414000,0.79027777777777775
2018-06-17 00:00:00 UTC,500,-5,227414000,0.55138888888888893
2018-06-17 00:00:00 UTC,500,-6,227414000,0.90694444444444455
2018-06-17 00:00:00 UTC,500,-1,227414000,1.0181944444444446
2018-06-17 00:00:00 UTC,756,459,273394210,0.825138888888889
2018-06-17 00:00:00 UTC,756,468,273394210,1.2130555555555553
2018-06-17 00:00:00 UTC,756,458,273394210,1.9777777777777776
2018-06-17 00:00:00 UTC,756,457,273394210,0.65749999999999986
2018-06-17 00:00:00 UTC,756,469,273394210,1.4537499999999994
2018-06-17 00:00:00 UTC,756,188,257128000,0.49263888888888885
2018-06-17 00:00:00 UTC,756,187,257128000,0.21388888888888888
2018-06-17 00:00:00 UTC,756,190,257128000,0.48791666666666667
2018-06-17 00:00:00 UTC,756,189,257128000,0.4277777777777777
2018-06-17 00:00:00 UTC,756,470,273391950,2.0366666666666662
2018-06-17 00:00:00 UTC,756,469,273391950,0.86763888888888874
2018-06-17 00:00:00 UTC,756,179,257056600,0.22097222222222221
2018-06-17 00:00:00 UTC,756,469,273390940,2.5333333333333337
2018-06-17 00:00:00 UTC,756,470,273390940,0.71666666666666667
2018-06-17 00:00:00 UTC,756,467,273447010,1.1529166666666668
2018-06-17 00:00:00 UTC,756,470,273447010,1.1477777777777776
2018-06-17 00:00:00 UTC,756,468,273447010,2.2118055555555554
2018-06-17 00:00:00 UTC,756,469,273447010,1.8270833333333332
2018-06-17 00:00:00 UTC,756,170,273450850,0.36638888888888882
2018-06-17 00:00:00 UTC,756,172,273450850,0.68069444444444438
2018-06-17 00:00:00 UTC,756,171,273450850,0.36236111111111113
2018-06-17 00:00:00 UTC,756,173,273450850,0.32861111111111108
2018-06-17 00:00:00 UTC,756,467,273398890,0.38277777777777777
2018-06-17 00:00:00 UTC,756,468,273398890,3.7479166666666681
2018-06-17 00:00:00 UTC,756,187,257168000,0.37361111111111112
2018-06-17 00:00:00 UTC,756,468,273431440,0.61083333333333334
2018-06-17 00:00:00 UTC,756,469,273431440,0.70375
2018-06-17 00:00:00 UTC,756,471,273431440,2.0036111111111112
2018-06-17 00:00:00 UTC,756,467,273431440,0.42624999999999996
2018-06-17 00:00:00 UTC,756,470,273431440,0.99999999999999978
2018-06-17 00:00:00 UTC,756,172,273398180,1.2587499999999998
2018-06-17 00:00:00 UTC,756,171,273341920,0.67944444444444452
2018-06-17 00:00:00 UTC,756,170,273341920,2.0218055555555554
2018-06-17 00:00:00 UTC,756,167,273341920,0.13097222222222224
2018-06-17 00:00:00 UTC,756,169,273341920,1.0380555555555555
2018-06-17 00:00:00 UTC,756,186,259691000,0.29222222222222216
2018-06-17 00:00:00 UTC,-268,-482,711119881,4.4886111111111111
2018-06-17 00:00:00 UTC,-268,-481,711119881,0.44041666666666668
2018-06-17 00:00:00 UTC,-268,-485,999998999,0.81138888888888883
2018-06-17 00:00:00 UTC,-268,1535,503416600,3.6702777777777778
2018-06-17 00:00:00 UTC,-268,-484,717097000,2.0972222222222223
2018-06-17 00:00:00 UTC,-268,-483,717097000,2.6766666666666667
2018-06-17 00:00:00 UTC,-268,-483,710136878,2.1416666666666666
2018-06-17 00:00:00 UTC,-268,-484,710136878,0.25972222222222224
2018-06-17 00:00:00 UTC,-268,-481,710786361,6.47486111111111
2018-06-17 00:00:00 UTC,-268,1535,503019840,6.5436111111111108
2018-06-17 00:00:00 UTC,-268,140,659036000,1.6524999999999992
2018-06-17 00:00:00 UTC,-268,-479,710115699,0.59847222222222218
2018-06-17 00:00:00 UTC,-268,1640,412330102,3.932777777777777
2018-06-17 00:00:00 UTC,-268,1635,412330103,0.45166666666666666
2018-06-17 00:00:00 UTC,-268,1636,412330103,0.44194444444444447
2018-06-17 00:00:00 UTC,-268,1638,412330103,1.1208333333333333
2018-06-17 00:00:00 UTC,-268,1637,412330103,1.1205555555555555
2018-06-17 00:00:00 UTC,-268,-485,710111111,2.6327777777777772
2018-06-17 00:00:00 UTC,-268,-486,715225237,0.25694444444444442
2018-06-17 00:00:00 UTC,-268,-482,713434542,3.0162500000000003
2018-06-17 00:00:00 UTC,-268,-1750,416231600,1.0877777777777777
2018-06-17 00:00:00 UTC,-268,-1749,416231600,1.525
2018-06-17 00:00:00 UTC,-268,-1745,416230600,1.1719444444444445
2018-06-17 00:00:00 UTC,-268,-1742,416230600,1.3065277777777777
2018-06-17 00:00:00 UTC,-268,-1744,416230600,0.90013888888888893
2018-06-17 00:00:00 UTC,-268,-1741,416230600,4.52625
2018-06-17 00:00:00 UTC,-268,-482,712222441,0.33805555555555555
2018-06-17 00:00:00 UTC,-268,88,431798000,0.21236111111111108
2018-06-17 00:00:00 UTC,-268,-485,710122997,0.41680555555555554
2018-06-17 00:00:00 UTC,-12,1624,416003413,1.4423611111111112
2018-06-17 00:00:00 UTC,-12,1665,416017500,3.1215277777777777
2018-06-17 00:00:00 UTC,-12,639,416002661,3.12875
2018-06-17 00:00:00 UTC,-12,638,416002661,2.871944444444444
2018-06-17 00:00:00 UTC,-12,-121,263569000,1.282777777777778
2018-06-17 00:00:00 UTC,-12,-1635,440858000,2.5547222222222228
2018-06-17 00:00:00 UTC,-12,-1636,440858000,1.3959722222222222
2018-06-17 00:00:00 UTC,-12,1625,416214700,1.2788888888888885
2018-06-17 00:00:00 UTC,-12,-1654,440920000,0.37513888888888891
2018-06-17 00:00:00 UTC,-12,-1653,440920000,0.37430555555555556
2018-06-17 00:00:00 UTC,-12,-1643,440055000,1.8868055555555556
2018-06-17 00:00:00 UTC,-12,-1645,440055000,1.3227777777777776
2018-06-17 00:00:00 UTC,-12,-1642,440055000,1.8523611111111105
2018-06-17 00:00:00 UTC,-12,-1641,440055000,0.81305555555555553
2018-06-17 00:00:00 UTC,-12,-1644,440055000,0.9675
2018-06-17 00:00:00 UTC,-12,-1651,440620000,3.9706944444444443
2018-06-17 00:00:00 UTC,-12,-1649,440620000,2.7324999999999995
2018-06-17 00:00:00 UTC,-12,-1648,440620000,1.4790277777777774
2018-06-17 00:00:00 UTC,-12,-1650,440620000,1.2897222222222222
2018-06-17 00:00:00 UTC,-12,-1647,440620000,0.725138888888889
2018-06-17 00:00:00 UTC,-12,-1674,412421095,1.4211111111111112
2018-06-17 00:00:00 UTC,-12,-1675,412421095,0.12805555555555553
2018-06-17 00:00:00 UTC,-12,1704,538060015,1.5509722222222222
2018-06-17 00:00:00 UTC,-12,1706,538060015,3.2981944444444435
2018-06-17 00:00:00 UTC,-12,1705,538060015,4.423750000000001
2018-06-17 00:00:00 UTC,-12,-130,263415290,0.96083333333333343
2018-06-17 00:00:00 UTC,-12,-131,263415290,0.71500000000000008
2018-06-17 00:00:00 UTC,245,1188,800002052,3.6961111111111116
2018-06-17 00:00:00 UTC,245,1218,900018694,0.12930555555555556
2018-06-17 00:00:00 UTC,245,1219,900018694,8.695972222222224
2018-06-17 00:00:00 UTC,245,1220,900018694,1.9391666666666667
2018-06-17 00:00:00 UTC,245,1218,201610002,0.18333333333333332
2018-06-17 00:00:00 UTC,245,1219,201610002,6.2176388888888878
2018-06-17 00:00:00 UTC,245,1220,416005145,5.9931944444444447
2018-06-17 00:00:00 UTC,245,1219,416005145,2.5230555555555556
2018-06-17 00:00:00 UTC,245,1186,700058654,2.0119444444444441
2018-06-17 00:00:00 UTC,245,1219,416004137,3.1443055555555559
2018-06-17 00:00:00 UTC,245,-1556,367602730,0.56236111111111109
2018-06-17 00:00:00 UTC,245,-1557,367602730,1.0570833333333334
2018-06-17 00:00:00 UTC,245,-1561,367602730,1.15
2018-06-17 00:00:00 UTC,245,-1563,367602730,0.33652777777777781
2018-06-17 00:00:00 UTC,245,-1562,367602730,1.1534722222222222
2018-06-17 00:00:00 UTC,245,-1560,367602730,1.075
2018-06-17 00:00:00 UTC,245,1218,200004654,3.2333333333333334
2018-06-17 00:00:00 UTC,245,1220,200020783,5.4215277777777775
2018-06-17 00:00:00 UTC,245,1219,200020783,0.62722222222222213
2018-06-17 00:00:00 UTC,245,-159,242942000,0.68180555555555566
2018-06-17 00:00:00 UTC,245,-158,242942000,3.3705555555555562
2018-06-17 00:00:00 UTC,245,1187,800000574,3.7559722222222223
2018-06-17 00:00:00 UTC,245,-159,242952000,0.80319444444444432
2018-06-17 00:00:00 UTC,245,-158,242952000,2.2508333333333335
2018-06-17 00:00:00 UTC,245,1188,800000331,1.7958333333333334
2018-06-17 00:00:00 UTC,245,1219,416203600,4.0343055555555551
2018-06-17 00:00:00 UTC,245,1218,416203600,1.5616666666666665
2018-06-17 00:00:00 UTC,245,1252,431008849,3.2225
2018-06-17 00:00:00 UTC,245,-165,204284000,3.3201388888888888
2018-06-17 00:00:00 UTC,245,1186,700058214,1.9323611111111112
2018-06-17 00:00:00 UTC,245,1219,81560935,6.5497222222222238
2018-06-17 00:00:00 UTC,245,1218,81560935,0.27402777777777776
2018-06-17 00:00:00 UTC,245,1218,81560936,0.97652777777777777
2018-06-17 00:00:00 UTC,245,1219,81560936,6.6170833333333325
2018-06-17 00:00:00 UTC,245,1219,200014701,5.6326388888888888
2018-06-17 00:00:00 UTC,245,1183,900040579,1.9956944444444442
2018-06-17 00:00:00 UTC,245,1219,416001415,2.388611111111111
2018-06-17 00:00:00 UTC,245,1220,416114313,4.6456944444444437
2018-06-17 00:00:00 UTC,245,1219,416114313,1.9826388888888888
2018-06-17 00:00:00 UTC,245,1219,416001421,3.2313888888888891
2018-06-17 00:00:00 UTC,245,1220,416001425,4.8268055555555556
2018-06-17 00:00:00 UTC,245,1219,416001425,3.4979166666666668
2018-06-17 00:00:00 UTC,245,1218,416000159,1.2029166666666666
2018-06-17 00:00:00 UTC,245,1219,416000159,6.4752777777777766
2018-06-17 00:00:00 UTC,245,1218,200021423,1.0476388888888888
2018-06-17 00:00:00 UTC,245,1219,200021423,6.3818055555555544
2018-06-17 00:00:00 UTC,245,1188,800053681,2.964166666666666
2018-06-17 00:00:00 UTC,245,1219,81560508,6.0577777777777779
2018-06-17 00:00:00 UTC,245,1188,800369852,4.2493055555555559
2018-06-17 00:00:00 UTC,245,1185,412438746,1.1179166666666667
2018-06-17 00:00:00 UTC,245,1184,412438746,0.82624999999999993
2018-06-17 00:00:00 UTC,245,1219,416005346,6.7606944444444448
2018-06-17 00:00:00 UTC,245,1218,416005346,0.51527777777777772
2018-06-17 00:00:00 UTC,245,1218,416001251,1.2838888888888889
2018-06-17 00:00:00 UTC,245,1219,416001251,9.3570833333333336
2018-06-17 00:00:00 UTC,245,1219,416000487,3.5125
2018-06-17 00:00:00 UTC,245,1219,56027891,5.3868055555555552
2018-06-17 00:00:00 UTC,245,1218,56027891,0.13333333333333333
2018-06-17 00:00:00 UTC,245,1184,800027128,6.0216666666666674
2018-06-17 00:00:00 UTC,245,1219,200020733,5.7425000000000006
2018-06-17 00:00:00 UTC,245,1218,200020733,7.1876388888888894
2018-06-17 00:00:00 UTC,501,-51,235063301,0.94166666666666665
2018-06-17 00:00:00 UTC,501,-50,235063301,3.0427777777777778
2018-06-17 00:00:00 UTC,501,-49,235063301,3.5013888888888891
2018-06-17 00:00:00 UTC,501,1565,273331980,2.6777777777777776
2018-06-17 00:00:00 UTC,501,-33,235090189,2.6659722222222211
2018-06-17 00:00:00 UTC,501,-34,235090189,5.450694444444447
2018-06-17 00:00:00 UTC,501,-34,235005457,0.81694444444444447
2018-06-17 00:00:00 UTC,501,-33,235005457,2.9994444444444435
2018-06-17 00:00:00 UTC,501,-32,235005457,0.10722222222222223
2018-06-17 00:00:00 UTC,501,-1,235005980,5.1125000000000007
2018-06-17 00:00:00 UTC,501,0,235005980,0.99888888888888883
2018-06-17 00:00:00 UTC,501,3,235002165,1.2801388888888889
2018-06-17 00:00:00 UTC,501,4,235002165,14.56722222222222
2018-06-17 00:00:00 UTC,501,5,232627000,0.38194444444444442
2018-06-17 00:00:00 UTC,501,-85,227336000,0.951388888888889
2018-06-17 00:00:00 UTC,501,-84,227336000,1.1597222222222223
2018-06-17 00:00:00 UTC,501,-48,235095421,8.5566666666666684
2018-06-17 00:00:00 UTC,501,-47,235095421,6.5391666666666666
2018-06-17 00:00:00 UTC,501,-46,235095421,2.4490277777777778
2018-06-17 00:00:00 UTC,501,-32,235114648,1.1134722222222222
2018-06-17 00:00:00 UTC,501,-38,235019422,5.5294444444444437
2018-06-17 00:00:00 UTC,501,-56,235109805,1.7004166666666662
2018-06-17 00:00:00 UTC,501,-32,205325000,1.5291666666666668
2018-06-17 00:00:00 UTC,501,-33,205325000,5.4366666666666665
2018-06-17 00:00:00 UTC,501,-37,232012773,4.3893055555555556
2018-06-17 00:00:00 UTC,501,-38,232012773,0.58763888888888893
2018-06-17 00:00:00 UTC,501,-37,235001318,1.806944444444444
2018-06-17 00:00:00 UTC,501,-36,235001318,4.6062499999999993
2018-06-17 00:00:00 UTC,501,5,234209000,0.62486111111111109
2018-06-17 00:00:00 UTC,501,-8,227414000,1.5044444444444443
2018-06-17 00:00:00 UTC,501,-7,227414000,0.81513888888888886
2018-06-17 00:00:00 UTC,501,-5,227414000,1.163888888888889
2018-06-17 00:00:00 UTC,501,-6,227414000,0.32763888888888892
2018-06-17 00:00:00 UTC,501,-39,235003891,6.1570833333333344
2018-06-17 00:00:00 UTC,501,-38,235003891,2.425
2018-06-17 00:00:00 UTC,501,-112,228211700,1.7461111111111112
2018-06-17 00:00:00 UTC,757,471,273394210,0.23875
2018-06-17 00:00:00 UTC,757,458,273394210,2.3709722222222211
2018-06-17 00:00:00 UTC,757,470,273394210,1.8202777777777777
2018-06-17 00:00:00 UTC,757,469,273394210,0.24472222222222223
2018-06-17 00:00:00 UTC,757,191,257128000,0.09875
2018-06-17 00:00:00 UTC,757,408,277544000,1.2052777777777781
2018-06-17 00:00:00 UTC,757,407,277544000,2.435138888888889
2018-06-17 00:00:00 UTC,757,405,277544000,0.8781944444444445
2018-06-17 00:00:00 UTC,757,406,277544000,1.975138888888889
2018-06-17 00:00:00 UTC,757,409,277544000,0.726388888888889
2018-06-17 00:00:00 UTC,757,471,273391950,0.88416666666666666
2018-06-17 00:00:00 UTC,757,470,273391950,1.6566666666666661
2018-06-17 00:00:00 UTC,757,177,257056600,1.929027777777778
2018-06-17 00:00:00 UTC,757,180,257056600,0.25041666666666662
2018-06-17 00:00:00 UTC,757,178,257056600,1.9570833333333331
2018-06-17 00:00:00 UTC,757,176,257056600,0.51263888888888887
2018-06-17 00:00:00 UTC,757,175,257056600,0.13930555555555557
2018-06-17 00:00:00 UTC,757,179,257056600,2.6162500000000004
2018-06-17 00:00:00 UTC,757,469,273390940,6.4076388888888864
2018-06-17 00:00:00 UTC,757,470,273390940,2.1358333333333341
2018-06-17 00:00:00 UTC,757,468,273390940,1.4247222222222218
2018-06-17 00:00:00 UTC,757,468,273398890,4.69902777777778
2018-06-17 00:00:00 UTC,757,469,273398890,2.9490277777777778
2018-06-17 00:00:00 UTC,757,401,257887600,1.9700000000000002
2018-06-17 00:00:00 UTC,757,399,257887600,1.1616666666666666
2018-06-17 00:00:00 UTC,757,402,257887600,2.4993055555555559
2018-06-17 00:00:00 UTC,757,400,257887600,1.0383333333333333
2018-06-17 00:00:00 UTC,757,398,257887600,1.3645833333333335
2018-06-17 00:00:00 UTC,757,403,257887600,1.0130555555555554
2018-06-17 00:00:00 UTC,757,187,257168000,0.19833333333333333
2018-06-17 00:00:00 UTC,757,186,257168000,0.12013888888888889
2018-06-17 00:00:00 UTC,757,400,258874000,0.17597222222222222
2018-06-17 00:00:00 UTC,757,401,258874000,1.2526388888888889
2018-06-17 00:00:00 UTC,757,398,219257000,0.69777777777777783
2018-06-17 00:00:00 UTC,757,400,219257000,0.8274999999999999
2018-06-17 00:00:00 UTC,757,401,219257000,0.32444444444444442
2018-06-17 00:00:00 UTC,757,397,219257000,0.60111111111111115
2018-06-17 00:00:00 UTC,757,396,219257000,0.88138888888888889
2018-06-17 00:00:00 UTC,757,399,219257000,0.96791666666666687
2018-06-17 00:00:00 UTC,757,471,231053000,2.1545833333333331
2018-06-17 00:00:00 UTC,757,172,273341920,0.65333333333333343
2018-06-17 00:00:00 UTC,757,173,273341920,0.23444444444444446
2018-06-17 00:00:00 UTC,757,171,273341920,0.30680555555555555
2018-06-17 00:00:00 UTC,757,184,259691000,0.44722222222222224
2018-06-17 00:00:00 UTC,757,185,259691000,0.58930555555555553
2018-06-17 00:00:00 UTC,757,186,259691000,0.576111111111111
2018-06-17 00:00:00 UTC,-267,-482,711119881,3.901388888888889
2018-06-17 00:00:00 UTC,-267,-481,710769423,0.91638888888888892
2018-06-17 00:00:00 UTC,-267,-482,710769423,4.1827777777777779
2018-06-17 00:00:00 UTC,-267,-484,999998999,1.3358333333333334
2018-06-17 00:00:00 UTC,-267,-485,999998999,2.3587499999999997
2018-06-17 00:00:00 UTC,-267,1535,503416600,7.6720833333333323
2018-06-17 00:00:00 UTC,-267,1536,503416600,3.7591666666666663
2018-06-17 00:00:00 UTC,-267,-1747,520223000,1.9151388888888889
2018-06-17 00:00:00 UTC,-267,1720,520020000,2.0863888888888891
2018-06-17 00:00:00 UTC,-267,-483,717097000,2.3931944444444442
2018-06-17 00:00:00 UTC,-267,-483,710136878,0.99111111111111128
2018-06-17 00:00:00 UTC,-267,-482,710136878,10.167916666666667
2018-06-17 00:00:00 UTC,-267,-481,710786361,1.452361111111111
2018-06-17 00:00:00 UTC,-267,140,659036000,1.7097222222222217
2018-06-17 00:00:00 UTC,-267,1625,413322610,4.9581944444444446
2018-06-17 00:00:00 UTC,-267,-479,710115699,1.4533333333333334
2018-06-17 00:00:00 UTC,-267,-480,710115699,1.4641666666666666
2018-06-17 00:00:00 UTC,-267,1639,412330102,4.2236111111111114
2018-06-17 00:00:00 UTC,-267,1634,412330102,2.0408333333333331
2018-06-17 00:00:00 UTC,-267,1636,412330102,5.870972222222222
2018-06-17 00:00:00 UTC,-267,1635,412330102,0.63611111111111107
2018-06-17 00:00:00 UTC,-267,1637,412330102,1.2313888888888889
2018-06-17 00:00:00 UTC,-267,1640,412330102,0.75916666666666666
2018-06-17 00:00:00 UTC,-267,-485,715225237,3.4406944444444445
2018-06-17 00:00:00 UTC,-267,140,659439000,4.7698611111111111
2018-06-17 00:00:00 UTC,-267,-483,710232234,22.375972222222224
2018-06-17 00:00:00 UTC,-267,-481,713434542,2.2781944444444444
2018-06-17 00:00:00 UTC,-267,-1750,416231600,5.674722222222222
2018-06-17 00:00:00 UTC,-267,-1751,416231600,1.3370833333333334
2018-06-17 00:00:00 UTC,-267,-1749,416231600,0.33930555555555553
2018-06-17 00:00:00 UTC,-267,-1746,416230600,0.71500000000000008
2018-06-17 00:00:00 UTC,-267,-1745,416230600,0.60541666666666671
2018-06-17 00:00:00 UTC,-267,-481,712222441,5.9266666666666667
2018-06-17 00:00:00 UTC,-267,-482,712222441,1.587361111111111
2018-06-17 00:00:00 UTC,-267,88,431798000,1.1513888888888888
2018-06-17 00:00:00 UTC,-267,-485,710122997,2.496666666666667
2018-06-17 00:00:00 UTC,-11,-182,224044870,0.48305555555555557
2018-06-17 00:00:00 UTC,-11,-183,224044870,1.2031944444444445
2018-06-17 00:00:00 UTC,-11,-185,224044870,1.276388888888889
2018-06-17 00:00:00 UTC,-11,-184,224044870,0.44611111111111112
2018-06-17 00:00:00 UTC,-11,638,416002661,1.0613888888888889
2018-06-17 00:00:00 UTC,-11,640,416002661,6.5590277777777777
2018-06-17 00:00:00 UTC,-11,-122,263569000,1.0119444444444445
2018-06-17 00:00:00 UTC,-11,-121,263569000,0.0723611111111111
2018-06-17 00:00:00 UTC,-11,-1636,440858000,0.67805555555555563
2018-06-17 00:00:00 UTC,-11,-1635,440858000,1.5456944444444445
2018-06-17 00:00:00 UTC,-11,635,416228500,3.6376388888888891
2018-06-17 00:00:00 UTC,-11,644,416148900,0.42527777777777775
2018-06-17 00:00:00 UTC,-11,-909,735058348,0.41625
2018-06-17 00:00:00 UTC,-11,1627,416214700,0.35930555555555554
2018-06-17 00:00:00 UTC,-11,1625,416214700,2.7318055555555549
2018-06-17 00:00:00 UTC,-11,1626,416214700,0.62194444444444441
2018-06-17 00:00:00 UTC,-11,-1653,440920000,0.94666666666666677
2018-06-17 00:00:00 UTC,-11,-1654,440920000,0.30291666666666672
2018-06-17 00:00:00 UTC,-11,-1646,440055000,0.29583333333333334
2018-06-17 00:00:00 UTC,-11,-1649,440055000,1.2754166666666664
2018-06-17 00:00:00 UTC,-11,-1648,440055000,1.9016666666666664
2018-06-17 00:00:00 UTC,-11,-1650,440055000,2.751527777777778
2018-06-17 00:00:00 UTC,-11,1703,538060015,0.29986111111111113
2018-06-17 00:00:00 UTC,-11,1704,538060015,0.17319444444444443
2018-06-17 00:00:00 UTC,246,1654,12000001,10.613055555555555
2018-06-17 00:00:00 UTC,246,1220,416005145,3.5430555555555552
2018-06-17 00:00:00 UTC,246,1219,416005145,0.81888888888888889
2018-06-17 00:00:00 UTC,246,1186,700058654,0.969722222222222
2018-06-17 00:00:00 UTC,246,1187,700058654,0.38013888888888892
2018-06-17 00:00:00 UTC,246,1189,412450081,2.8825
2018-06-17 00:00:00 UTC,246,1189,800037666,1.4504166666666667
2018-06-17 00:00:00 UTC,246,1220,200020783,5.9236111111111107
2018-06-17 00:00:00 UTC,246,1220,416004919,0.52694444444444444
2018-06-17 00:00:00 UTC,246,1221,416004919,0.42666666666666664
2018-06-17 00:00:00 UTC,246,1189,800000587,1.5186111111111109
2018-06-17 00:00:00 UTC,246,1252,431008849,0.3875
2018-06-17 00:00:00 UTC,246,1186,700058214,0.52916666666666667
2018-06-17 00:00:00 UTC,246,1187,700058214,0.13347222222222221
2018-06-17 00:00:00 UTC,246,1187,200019558,0.13333333333333333
2018-06-17 00:00:00 UTC,246,1188,800000121,3.049583333333334
2018-06-17 00:00:00 UTC,246,1189,200036219,2.6909722222222219
2018-06-17 00:00:00 UTC,246,1188,412000161,4.2193055555555556
2018-06-17 00:00:00 UTC,246,1188,813022900,1.4491666666666665
2018-06-17 00:00:00 UTC,246,1187,813022900,0.083194444444444432
2018-06-17 00:00:00 UTC,246,1189,518008002,2.5538888888888889
2018-06-17 00:00:00 UTC,246,1189,100899022,2.3015277777777778
2018-06-17 00:00:00 UTC,246,1188,800038131,1.3298611111111112
2018-06-17 00:00:00 UTC,246,1189,800038131,2.6341666666666668
2018-06-17 00:00:00 UTC,246,1190,800816116,0.84944444444444434
2018-06-17 00:00:00 UTC,246,1189,800816116,0.20027777777777778
2018-06-17 00:00:00 UTC,246,1184,800027128,0.2877777777777778
2018-06-17 00:00:00 UTC,502,1568,273331980,1.5418055555555554
2018-06-17 00:00:00 UTC,502,6,235011340,21.42166666666667
2018-06-17 00:00:00 UTC,502,7,235011340,2.2631944444444447
2018-06-17 00:00:00 UTC,502,-31,235090189,0.70930555555555552
2018-06-17 00:00:00 UTC,502,-34,235090189,3.8916666666666657
2018-06-17 00:00:00 UTC,502,-32,235090189,3.1083333333333334
2018-06-17 00:00:00 UTC,502,-33,235090189,3.9980555555555544
2018-06-17 00:00:00 UTC,502,-32,235005457,5.6886111111111077
2018-06-17 00:00:00 UTC,502,-34,235005457,3.9009722222222218
2018-06-17 00:00:00 UTC,502,-33,235005457,9.4586111111111055
2018-06-17 00:00:00 UTC,502,0,235005980,12.465
2018-06-17 00:00:00 UTC,502,1,235005980,2.7222222222222223
2018-06-17 00:00:00 UTC,502,-1,235005980,2.703749999999999
2018-06-17 00:00:00 UTC,502,-21,235096094,0.1361111111111111
2018-06-17 00:00:00 UTC,502,-28,235096094,0.8486111111111112
2018-06-17 00:00:00 UTC,502,-26,235096094,0.3026388888888889
2018-06-17 00:00:00 UTC,502,-29,235096094,2.905555555555555
2018-06-17 00:00:00 UTC,502,-22,235096094,0.12597222222222221
2018-06-17 00:00:00 UTC,502,-27,235096094,0.74597222222222226
2018-06-17 00:00:00 UTC,502,-580,316033841,1.2668055555555555
2018-06-17 00:00:00 UTC,502,6,232627000,13.527638888888891
2018-06-17 00:00:00 UTC,502,5,232627000,9.5977777777777789
2018-06-17 00:00:00 UTC,502,-67,227143500,3.4125
2018-06-17 00:00:00 UTC,502,-68,227143500,5.8654166666666665
2018-06-17 00:00:00 UTC,502,-69,227143500,1.9344444444444446
2018-06-17 00:00:00 UTC,502,-66,227143500,2.6344444444444446
2018-06-17 00:00:00 UTC,502,-36,235108188,5.59513888888889
2018-06-17 00:00:00 UTC,502,-65,228078700,0.6184722222222222
2018-06-17 00:00:00 UTC,502,-73,228078700,0.2713888888888889
2018-06-17 00:00:00 UTC,502,-63,228078700,1.4909722222222224
2018-06-17 00:00:00 UTC,502,-64,228078700,1.3702777777777779
2018-06-17 00:00:00 UTC,502,-59,232004729,2.6694444444444443
2018-06-17 00:00:00 UTC,502,-60,232004729,0.99430555555555566
2018-06-17 00:00:00 UTC,502,1561,273894010,1.924166666666667
2018-06-17 00:00:00 UTC,502,1560,273894010,9.2391666666666676
2018-06-17 00:00:00 UTC,502,-46,235095421,5.3606944444444444
2018-06-17 00:00:00 UTC,502,-47,235095421,0.84152777777777776
2018-06-17 00:00:00 UTC,502,-57,232008841,4.7794444444444437
2018-06-17 00:00:00 UTC,502,-33,235114648,2.0106944444444452
2018-06-17 00:00:00 UTC,502,-32,235114648,0.64166666666666672
2018-06-17 00:00:00 UTC,502,1560,273456310,7.3883333333333345
2018-06-17 00:00:00 UTC,502,1559,273456310,11.17166666666667
2018-06-17 00:00:00 UTC,502,-31,205325000,0.0973611111111111
2018-06-17 00:00:00 UTC,502,-33,205325000,5.66611111111111
2018-06-17 00:00:00 UTC,502,-32,205325000,5.0079166666666666
2018-06-17 00:00:00 UTC,502,-110,227436000,1.7330555555555556
2018-06-17 00:00:00 UTC,502,-36,235001318,0.65833333333333344
2018-06-17 00:00:00 UTC,502,-37,235001318,0.41680555555555548
2018-06-17 00:00:00 UTC,502,8,234209000,15.519166666666669
2018-06-17 00:00:00 UTC,502,7,234209000,3.4624999999999995
2018-06-17 00:00:00 UTC,502,-580,316003307,4.8290277777777773
2018-06-17 00:00:00 UTC,502,-4,227414000,0.27361111111111114
2018-06-17 00:00:00 UTC,502,1446,273897200,0.706111111111111
2018-06-17 00:00:00 UTC,502,-112,228211700,2.416666666666667
2018-06-17 00:00:00 UTC,758,186,273312270,0.31847222222222221
2018-06-17 00:00:00 UTC,758,402,276842000,4.824583333333333
2018-06-17 00:00:00 UTC,758,405,276842000,5.0197222222222218
2018-06-17 00:00:00 UTC,758,401,276842000,0.54902777777777778
2018-06-17 00:00:00 UTC,758,406,276842000,2.6138888888888885
2018-06-17 00:00:00 UTC,758,403,276842000,6.4768055555555568
2018-06-17 00:00:00 UTC,758,404,276842000,4.3633333333333324
2018-06-17 00:00:00 UTC,758,470,273394210,0.51541666666666663
2018-06-17 00:00:00 UTC,758,459,273394210,0.30041666666666667
2018-06-17 00:00:00 UTC,758,458,273394210,2.1816666666666662
2018-06-17 00:00:00 UTC,758,410,277544000,1.06125
2018-06-17 00:00:00 UTC,758,416,277544000,1.4130555555555553
2018-06-17 00:00:00 UTC,758,417,277544000,0.69624999999999992
2018-06-17 00:00:00 UTC,758,411,277544000,1.5626388888888885
2018-06-17 00:00:00 UTC,758,413,277544000,1.253611111111111
2018-06-17 00:00:00 UTC,758,408,277544000,0.45458333333333334
2018-06-17 00:00:00 UTC,758,405,277544000,1.2786111111111107
2018-06-17 00:00:00 UTC,758,415,277544000,1.5920833333333333
2018-06-17 00:00:00 UTC,758,409,277544000,1.2991666666666668
2018-06-17 00:00:00 UTC,758,414,277544000,1.497638888888889
2018-06-17 00:00:00 UTC,758,412,277544000,1.5238888888888891
2018-06-17 00:00:00 UTC,758,407,277544000,1.2133333333333334
2018-06-17 00:00:00 UTC,758,406,277544000,1.7601388888888887
2018-06-17 00:00:00 UTC,758,471,273391950,0.69972222222222213
2018-06-17 00:00:00 UTC,758,470,273391950,1.7695833333333333
2018-06-17 00:00:00 UTC,758,176,257056600,0.53416666666666668
2018-06-17 00:00:00 UTC,758,173,257056600,1.6744444444444444
2018-06-17 00:00:00 UTC,758,174,257056600,1.8902777777777784
2018-06-17 00:00:00 UTC,758,175,257056600,1.5268055555555557
2018-06-17 00:00:00 UTC,758,171,257056600,0.90722222222222237
2018-06-17 00:00:00 UTC,758,170,257056600,0.1472222222222222
2018-06-17 00:00:00 UTC,758,172,257056600,1.6059722222222219
2018-06-17 00:00:00 UTC,758,469,273390940,2.4351388888888885
2018-06-17 00:00:00 UTC,758,468,273390940,6.2340277777777811
2018-06-17 00:00:00 UTC,758,467,273398890,0.085694444444444448
2018-06-17 00:00:00 UTC,758,468,273398890,4.97138888888889
2018-06-17 00:00:00 UTC,758,469,273398890,1.8490277777777777
2018-06-17 00:00:00 UTC,758,404,257887600,2.4245833333333331
2018-06-17 00:00:00 UTC,758,405,257887600,0.88888888888888884
2018-06-17 00:00:00 UTC,758,401,257887600,1.0902777777777779
2018-06-17 00:00:00 UTC,758,406,257887600,0.93986111111111115
2018-06-17 00:00:00 UTC,758,400,257887600,1.3572222222222223
2018-06-17 00:00:00 UTC,758,407,257887600,0.21111111111111108
2018-06-17 00:00:00 UTC,758,403,257887600,1.4591666666666665
2018-06-17 00:00:00 UTC,758,404,258874000,0.53083333333333338
2018-06-17 00:00:00 UTC,758,402,258874000,3.7261111111111109
2018-06-17 00:00:00 UTC,758,401,258874000,2.3251388888888886
2018-06-17 00:00:00 UTC,758,405,258874000,0.51166666666666671
2018-06-17 00:00:00 UTC,758,403,258874000,1.5277777777777775
2018-06-17 00:00:00 UTC,758,176,273523100,0.83319444444444446
2018-06-17 00:00:00 UTC,758,177,273523100,0.35652777777777778
2018-06-17 00:00:00 UTC,758,178,273892000,1.2980555555555555
2018-06-17 00:00:00 UTC,758,179,273892000,0.35916666666666663
2018-06-17 00:00:00 UTC,758,177,273892000,4.2343055555555571
2018-06-17 00:00:00 UTC,758,403,219257000,1.572222222222222
2018-06-17 00:00:00 UTC,758,398,219257000,0.72402777777777771
2018-06-17 00:00:00 UTC,758,401,219257000,7.4983333333333348
2018-06-17 00:00:00 UTC,758,396,219257000,0.57763888888888881
2018-06-17 00:00:00 UTC,758,400,219257000,3.2705555555555548
2018-06-17 00:00:00 UTC,758,397,219257000,0.60347222222222219
2018-06-17 00:00:00 UTC,758,399,219257000,0.70180555555555557
2018-06-17 00:00:00 UTC,758,395,219257000,0.34055555555555556
2018-06-17 00:00:00 UTC,758,402,219257000,3.8736111111111113
2018-06-17 00:00:00 UTC,758,190,257806000,1.8326388888888885
2018-06-17 00:00:00 UTC,758,193,257806000,0.44861111111111113
2018-06-17 00:00:00 UTC,758,189,257806000,2.8375
2018-06-17 00:00:00 UTC,758,188,257806000,1.7
2018-06-17 00:00:00 UTC,758,191,257806000,1.2220833333333332
2018-06-17 00:00:00 UTC,758,192,257806000,0.81180555555555545
2018-06-17 00:00:00 UTC,758,472,231053000,0.59402777777777771
2018-06-17 00:00:00 UTC,758,470,231053000,3.8809722222222209
2018-06-17 00:00:00 UTC,758,471,231053000,5.65361111111111
2018-06-17 00:00:00 UTC,758,179,273430750,1.0195833333333333
2018-06-17 00:00:00 UTC,758,177,273430750,2.4601388888888889
2018-06-17 00:00:00 UTC,758,178,273430750,3.3959722222222224
2018-06-17 00:00:00 UTC,758,176,273430750,2.1599999999999997
2018-06-17 00:00:00 UTC,758,173,273341920,0.078611111111111118
2018-06-17 00:00:00 UTC,758,186,259691000,0.66097222222222207
2018-06-17 00:00:00 UTC,758,184,259691000,1.7620833333333328
2018-06-17 00:00:00 UTC,758,181,259691000,0.32416666666666671
2018-06-17 00:00:00 UTC,758,188,259691000,0.631388888888889
2018-06-17 00:00:00 UTC,758,187,259691000,1.2811111111111113
2018-06-17 00:00:00 UTC,758,191,259691000,0.066527777777777769
2018-06-17 00:00:00 UTC,758,182,259691000,0.83805555555555555
2018-06-17 00:00:00 UTC,758,189,259691000,0.40611111111111109
2018-06-17 00:00:00 UTC,758,183,259691000,0.87680555555555573
2018-06-17 00:00:00 UTC,758,185,259691000,0.71013888888888888
2018-06-17 00:00:00 UTC,758,190,259691000,0.41513888888888895
2018-06-17 00:00:00 UTC,-266,-1748,416004375,2.65375
2018-06-17 00:00:00 UTC,-266,-484,999998999,17.265555555555554
2018-06-17 00:00:00 UTC,-266,-481,710111000,6.3948611111111111
2018-06-17 00:00:00 UTC,-266,1536,503416600,0.93736111111111109
2018-06-17 00:00:00 UTC,-266,-1749,520223000,3.4433333333333334
2018-06-17 00:00:00 UTC,-266,-1748,520223000,0.50125
2018-06-17 00:00:00 UTC,-266,-1747,520223000,0.092777777777777778
2018-06-17 00:00:00 UTC,-266,1719,520020000,1.6150000000000002
2018-06-17 00:00:00 UTC,-266,1720,520020000,3.1155555555555554
2018-06-17 00:00:00 UTC,-266,-484,717097000,0.99944444444444447
2018-06-17 00:00:00 UTC,-266,-483,717097000,3.7629166666666665
2018-06-17 00:00:00 UTC,-266,-482,710136878,4.8488888888888892
2018-06-17 00:00:00 UTC,-266,-484,712345679,7.7694444444444448
2018-06-17 00:00:00 UTC,-266,-483,719972432,1.6034722222222222
2018-06-17 00:00:00 UTC,-266,-484,719972432,1.9590277777777776
2018-06-17 00:00:00 UTC,-266,140,659036000,0.2363888888888889
2018-06-17 00:00:00 UTC,-266,138,659036000,1.0265277777777777
2018-06-17 00:00:00 UTC,-266,139,659036000,0.12583333333333335
2018-06-17 00:00:00 UTC,-266,-483,710103655,5.0345833333333339
2018-06-17 00:00:00 UTC,-266,1628,413322610,18.425
2018-06-17 00:00:00 UTC,-266,1626,413322610,1.5566666666666666
2018-06-17 00:00:00 UTC,-266,-480,710115699,2.0179166666666664
2018-06-17 00:00:00 UTC,-266,139,659439000,1.1302777777777779
2018-06-17 00:00:00 UTC,-266,140,659439000,5.251944444444443
2018-06-17 00:00:00 UTC,-266,-480,713434542,9.6005555555555553
2018-06-17 00:00:00 UTC,-266,-1751,416231600,2.5326388888888887
2018-06-17 00:00:00 UTC,-266,-1752,416231600,0.57805555555555554
2018-06-17 00:00:00 UTC,-266,-1750,416231600,0.22125
2018-06-17 00:00:00 UTC,-266,-1747,416230600,0.93736111111111109
2018-06-17 00:00:00 UTC,-266,136,659276000,0.8651388888888889
2018-06-17 00:00:00 UTC,-266,-480,710001126,1.4522222222222221
2018-06-17 00:00:00 UTC,-266,-481,712222441,0.73
2018-06-17 00:00:00 UTC,-266,89,431798000,0.23222222222222219
2018-06-17 00:00:00 UTC,-10,-180,224044870,1.0972222222222223
2018-06-17 00:00:00 UTC,-10,-181,224044870,0.16472222222222221
2018-06-17 00:00:00 UTC,-10,-186,224044870,1.3265277777777778
2018-06-17 00:00:00 UTC,-10,-122,263569000,1.0145833333333332
2018-06-17 00:00:00 UTC,-10,1604,416079500,4.06861111111111
2018-06-17 00:00:00 UTC,-10,-1636,440858000,1.1581944444444445
2018-06-17 00:00:00 UTC,-10,635,416228500,0.94333333333333336
2018-06-17 00:00:00 UTC,-10,642,416148900,0.95791666666666664
2018-06-17 00:00:00 UTC,-10,643,416148900,4.11625
2018-06-17 00:00:00 UTC,-10,644,416148900,5.755
2018-06-17 00:00:00 UTC,-10,-909,735058348,0.74972222222222218
2018-06-17 00:00:00 UTC,-10,1625,416214700,2.4272222222222219
2018-06-17 00:00:00 UTC,-10,-131,263415290,0.29430555555555554
2018-06-17 00:00:00 UTC,-10,-132,263415290,0.2825
2018-06-17 00:00:00 UTC,247,1189,800022018,5.0594444444444457
2018-06-17 00:00:00 UTC,247,1189,800049931,5.0431944444444436
2018-06-17 00:00:00 UTC,247,1189,800031001,2.6416666666666675
2018-06-17 00:00:00 UTC,247,1218,416001564,5.5062500000000014
2018-06-17 00:00:00 UTC,247,1219,416001564,0.54777777777777781
2018-06-17 00:00:00 UTC,247,1189,412450081,0.26611111111111113
2018-06-17 00:00:00 UTC,247,1190,800335652,3.3863888888888884
2018-06-17 00:00:00 UTC,247,1190,800033066,1.2958333333333336
2018-06-17 00:00:00 UTC,247,1190,800035633,1.5143055555555558
2018-06-17 00:00:00 UTC,247,1222,416004919,0.50402777777777774
2018-06-17 00:00:00 UTC,247,1219,200023608,7.8105555555555544
2018-06-17 00:00:00 UTC,247,1190,800032825,5.6959722222222213
2018-06-17 00:00:00 UTC,247,1189,800335681,1.8423611111111113
2018-06-17 00:00:00 UTC,247,1189,800000587,2.7369444444444446
2018-06-17 00:00:00 UTC,247,1189,800033611,0.3875
2018-06-17 00:00:00 UTC,247,1190,800033611,1.8036111111111108
2018-06-17 00:00:00 UTC,247,1218,416001362,6.60013888888889
2018-06-17 00:00:00 UTC,247,1218,416200018,5.1477777777777778
2018-06-17 00:00:00 UTC,247,1219,416200018,1.4159722222222222
2018-06-17 00:00:00 UTC,247,1189,800336988,4.6063888888888886
2018-06-17 00:00:00 UTC,247,1189,800045151,4.7311111111111126
2018-06-17 00:00:00 UTC,247,-1518,303174000,5.5456944444444449
2018-06-17 00:00:00 UTC,247,-1517,303174000,1.2426388888888891
2018-06-17 00:00:00 UTC,247,1189,800038256,1.3218055555555557
2018-06-17 00:00:00 UTC,247,1188,700033655,1.4247222222222222
2018-06-17 00:00:00 UTC,247,1218,416001404,0.92166666666666663
2018-06-17 00:00:00 UTC,247,1189,800000896,3.9019444444444447
2018-06-17 00:00:00 UTC,247,1189,800043395,1.4002777777777775
2018-06-17 00:00:00 UTC,247,1189,800450961,4.1333333333333346
2018-06-17 00:00:00 UTC,247,1189,800031636,0.95555555555555538
2018-06-17 00:00:00 UTC,247,1190,800031636,1.5531944444444443
2018-06-17 00:00:00 UTC,247,1187,412450715,0.21972222222222221
2018-06-17 00:00:00 UTC,247,1188,100881821,2.5951388888888891
2018-06-17 00:00:00 UTC,247,1191,412457636,2.1722222222222225
2018-06-17 00:00:00 UTC,247,1190,412457636,2.4188888888888891
2018-06-17 00:00:00 UTC,247,1189,800022959,2.2204166666666665
2018-06-17 00:00:00 UTC,247,1187,813022900,0.76569444444444457
2018-06-17 00:00:00 UTC,247,1189,800000217,0.11249999999999999
2018-06-17 00:00:00 UTC,247,1190,200922335,1.96375
2018-06-17 00:00:00 UTC,247,1218,416883947,0.3041666666666667
2018-06-17 00:00:00 UTC,247,1219,416883947,0.64541666666666675
2018-06-17 00:00:00 UTC,247,-827,367492340,5.6604166666666664
2018-06-17 00:00:00 UTC,247,-825,367492340,11.28125
2018-06-17 00:00:00 UTC,247,-826,367492340,4.5759722222222221
2018-06-17 00:00:00 UTC,247,1190,200041975,1.545694444444444
2018-06-17 00:00:00 UTC,247,1218,416005367,1.4573611111111111
2018-06-17 00:00:00 UTC,247,1189,800022777,4.4890277777777792
2018-06-17 00:00:00 UTC,247,1189,800033788,0.75791666666666657
2018-06-17 00:00:00 UTC,247,1190,800000509,0.49902777777777779
2018-06-17 00:00:00 UTC,503,-42,235101187,0.29180555555555554
2018-06-17 00:00:00 UTC,503,-33,235005457,0.43902777777777779
2018-06-17 00:00:00 UTC,503,-60,228089900,1.025
2018-06-17 00:00:00 UTC,503,-58,228089900,1.5293055555555557
2018-06-17 00:00:00 UTC,503,-59,228089900,2.5373611111111116
2018-06-17 00:00:00 UTC,503,-579,316033841,0.46736111111111112
2018-06-17 00:00:00 UTC,503,-59,228045900,4.1966666666666663
2018-06-17 00:00:00 UTC,503,-60,228045900,1.1191666666666666
2018-06-17 00:00:00 UTC,503,-58,228045900,0.60541666666666671
2018-06-17 00:00:00 UTC,503,-100,227378000,8.2823611111111113
2018-06-17 00:00:00 UTC,503,-36,235108188,0.51750000000000007
2018-06-17 00:00:00 UTC,503,-62,228078700,4.8163888888888895
2018-06-17 00:00:00 UTC,503,-59,228078700,1.5298611111111111
2018-06-17 00:00:00 UTC,503,-63,228078700,0.85777777777777775
2018-06-17 00:00:00 UTC,503,-61,228078700,4.8476388888888886
2018-06-17 00:00:00 UTC,503,-60,228078700,2.1902777777777778
2018-06-17 00:00:00 UTC,503,-57,228039800,1.0870833333333334
2018-06-17 00:00:00 UTC,503,-58,228039800,0.54958333333333331
2018-06-17 00:00:00 UTC,503,-59,232004729,3.0988888888888888
2018-06-17 00:00:00 UTC,503,-58,232004729,5.7375
2018-06-17 00:00:00 UTC,503,1560,273894010,9.7397222222222233
2018-06-17 00:00:00 UTC,503,1559,273894010,3.3163888888888895
2018-06-17 00:00:00 UTC,503,-111,228301700,0.92125000000000012
2018-06-17 00:00:00 UTC,503,-110,228301700,0.93763888888888891
2018-06-17 00:00:00 UTC,503,-57,232008841,1.2081944444444443
2018-06-17 00:00:00 UTC,503,-58,232008841,1.5166666666666666
2018-06-17 00:00:00 UTC,503,-100,227385000,2.3304166666666668
2018-06-17 00:00:00 UTC,503,1559,273456310,3.646527777777778
2018-06-17 00:00:00 UTC,503,-63,232005830,0.29166666666666663
2018-06-17 00:00:00 UTC,503,-65,232005830,1.9847222222222221
2018-06-17 00:00:00 UTC,503,-66,232005830,1.0973611111111112
2018-06-17 00:00:00 UTC,503,-64,232005830,2.2290277777777781
2018-06-17 00:00:00 UTC,503,-60,228089800,2.40125
2018-06-17 00:00:00 UTC,503,-59,228089800,4.6440277777777776
2018-06-17 00:00:00 UTC,503,-58,228089800,2.7458333333333331
2018-06-17 00:00:00 UTC,503,1561,273454040,1.4840277777777779
2018-06-17 00:00:00 UTC,503,1562,273454040,4.5733333333333341
2018-06-17 00:00:00 UTC,503,-110,227436000,2.5493055555555557
2018-06-17 00:00:00 UTC,503,-36,235002082,2.5731944444444448
2018-06-17 00:00:00 UTC,503,-35,235002082,8.0001388888888911
2018-06-17 00:00:00 UTC,503,-579,316003307,5.2091666666666665
2018-06-17 00:00:00 UTC,503,-580,316003307,6.1968055555555548
2018-06-17 00:00:00 UTC,503,-581,316003307,1.8031944444444443
2018-06-17 00:00:00 UTC,503,-582,316003307,4.8052777777777775
2018-06-17 00:00:00 UTC,503,0,235004140,0.53055555555555556
2018-06-17 00:00:00 UTC,503,-111,228211700,4.9181944444444454
2018-06-17 00:00:00 UTC,503,-110,228211700,0.99055555555555552
2018-06-17 00:00:00 UTC,759,187,273312270,0.83125
2018-06-17 00:00:00 UTC,759,189,273312270,2.3744444444444444
2018-06-17 00:00:00 UTC,759,186,273312270,0.95486111111111116
2018-06-17 00:00:00 UTC,759,192,273312270,2.8845833333333331
2018-06-17 00:00:00 UTC,759,188,273312270,2.7595833333333331
2018-06-17 00:00:00 UTC,759,191,273312270,4.0808333333333344
2018-06-17 00:00:00 UTC,759,193,273312270,2.6072222222222221
2018-06-17 00:00:00 UTC,759,194,273312270,0.53944444444444439
2018-06-17 00:00:00 UTC,759,190,273312270,3.9969444444444444
2018-06-17 00:00:00 UTC,759,175,224298000,0.77444444444444449
2018-06-17 00:00:00 UTC,759,177,224298000,0.47513888888888889
2018-06-17 00:00:00 UTC,759,182,224298000,0.81819444444444445
2018-06-17 00:00:00 UTC,759,176,224298000,0.64916666666666667
2018-06-17 00:00:00 UTC,759,188,224298000,0.41152777777777777
2018-06-17 00:00:00 UTC,759,185,224298000,0.49805555555555558
2018-06-17 00:00:00 UTC,759,178,224298000,0.69041666666666668
2018-06-17 00:00:00 UTC,759,172,224298000,0.32444444444444442
2018-06-17 00:00:00 UTC,759,187,224298000,0.30083333333333334
2018-06-17 00:00:00 UTC,759,181,224298000,0.33555555555555561
2018-06-17 00:00:00 UTC,759,184,224298000,0.46166666666666667
2018-06-17 00:00:00 UTC,759,180,224298000,0.73055555555555562
2018-06-17 00:00:00 UTC,759,186,224298000,0.51333333333333331
2018-06-17 00:00:00 UTC,759,189,224298000,0.66013888888888894
2018-06-17 00:00:00 UTC,759,173,224298000,0.37708333333333333
2018-06-17 00:00:00 UTC,759,174,224298000,0.4506944444444444
2018-06-17 00:00:00 UTC,759,468,273394210,0.26666666666666666
2018-06-17 00:00:00 UTC,759,469,273394210,0.31791666666666668
2018-06-17 00:00:00 UTC,759,193,273296700,0.25861111111111112
2018-06-17 00:00:00 UTC,759,192,273296700,0.43486111111111114
2018-06-17 00:00:00 UTC,759,185,273296700,0.45416666666666672
2018-06-17 00:00:00 UTC,759,186,273296700,0.33458333333333334
2018-06-17 00:00:00 UTC,759,197,273296700,0.52819444444444441
2018-06-17 00:00:00 UTC,759,196,273296700,0.43458333333333332
2018-06-17 00:00:00 UTC,759,188,273296700,0.32055555555555554
2018-06-17 00:00:00 UTC,759,195,273296700,0.40444444444444444
2018-06-17 00:00:00 UTC,759,191,273296700,0.34902777777777777
2018-06-17 00:00:00 UTC,759,187,273296700,0.57513888888888887
2018-06-17 00:00:00 UTC,759,190,273296700,0.69958333333333333
2018-06-17 00:00:00 UTC,759,189,273296700,0.41416666666666674
2018-06-17 00:00:00 UTC,759,194,273296700,0.48861111111111111
2018-06-17 00:00:00 UTC,759,468,273391950,0.728611111111111
2018-06-17 00:00:00 UTC,759,465,273391950,1.3269444444444445
2018-06-17 00:00:00 UTC,759,464,273391950,0.82069444444444439
2018-06-17 00:00:00 UTC,759,469,273391950,0.87222222222222234
2018-06-17 00:00:00 UTC,759,467,273391950,0.52277777777777779
2018-06-17 00:00:00 UTC,759,463,273391950,0.15722222222222221
2018-06-17 00:00:00 UTC,759,470,273391950,0.43902777777777779
2018-06-17 00:00:00 UTC,759,466,273391950,1.0150000000000001
2018-06-17 00:00:00 UTC,759,170,257056600,1.183888888888889
2018-06-17 00:00:00 UTC,759,169,257056600,1.0480555555555557
2018-06-17 00:00:00 UTC,759,468,273390940,1.9508333333333334
2018-06-17 00:00:00 UTC,759,468,273398890,0.26361111111111113
2018-06-17 00:00:00 UTC,759,467,273398890,0.31402777777777779
2018-06-17 00:00:00 UTC,759,402,257887600,2.98875
2018-06-17 00:00:00 UTC,759,403,257887600,0.7425
2018-06-17 00:00:00 UTC,759,408,257887600,0.85486111111111107
2018-06-17 00:00:00 UTC,759,407,257887600,1.5302777777777781
2018-06-17 00:00:00 UTC,759,444,273444750,0.7875
2018-06-17 00:00:00 UTC,759,441,273444750,0.24111111111111111
2018-06-17 00:00:00 UTC,759,440,273444750,0.11125
2018-06-17 00:00:00 UTC,759,410,258874000,0.11916666666666667
2018-06-17 00:00:00 UTC,759,403,258874000,4.2380555555555555
2018-06-17 00:00:00 UTC,759,404,258874000,1.3815277777777781
2018-06-17 00:00:00 UTC,759,407,258874000,0.55513888888888885
2018-06-17 00:00:00 UTC,759,409,258874000,0.56430555555555539
2018-06-17 00:00:00 UTC,759,408,258874000,0.67319444444444454
2018-06-17 00:00:00 UTC,759,406,258874000,0.73388888888888892
2018-06-17 00:00:00 UTC,759,401,258874000,0.14
2018-06-17 00:00:00 UTC,759,402,258874000,1.7651388888888888
2018-06-17 00:00:00 UTC,759,405,258874000,1.1402777777777777
2018-06-17 00:00:00 UTC,759,177,273523100,0.9933333333333334
2018-06-17 00:00:00 UTC,759,176,273523100,0.33263888888888893
2018-06-17 00:00:00 UTC,759,178,273523100,0.20680555555555558
2018-06-17 00:00:00 UTC,759,177,273892000,1.7338888888888893
2018-06-17 00:00:00 UTC,759,179,273892000,0.15527777777777776
2018-06-17 00:00:00 UTC,759,178,273892000,2.2624999999999993
2018-06-17 00:00:00 UTC,759,171,273398180,0.3059722222222222
2018-06-17 00:00:00 UTC,759,172,273398180,1.3577777777777778
2018-06-17 00:00:00 UTC,759,402,219257000,0.22277777777777777
2018-06-17 00:00:00 UTC,759,194,257806000,2.9730555555555549
2018-06-17 00:00:00 UTC,759,192,257806000,2.1019444444444444
2018-06-17 00:00:00 UTC,759,189,257806000,0.42819444444444443
2018-06-17 00:00:00 UTC,759,195,257806000,2.9452777777777772
2018-06-17 00:00:00 UTC,759,191,257806000,1.8859722222222217
2018-06-17 00:00:00 UTC,759,190,257806000,0.76041666666666674
2018-06-17 00:00:00 UTC,759,196,257806000,0.57930555555555563
2018-06-17 00:00:00 UTC,759,193,257806000,2.737222222222222
2018-06-17 00:00:00 UTC,759,468,231053000,0.77125
2018-06-17 00:00:00 UTC,759,470,231053000,2.1374999999999997
2018-06-17 00:00:00 UTC,759,466,231053000,0.55652777777777762
2018-06-17 00:00:00 UTC,759,472,231053000,0.80291666666666661
2018-06-17 00:00:00 UTC,759,463,231053000,0.51708333333333323
2018-06-17 00:00:00 UTC,759,473,231053000,0.8125
2018-06-17 00:00:00 UTC,759,471,231053000,0.72777777777777775
2018-06-17 00:00:00 UTC,759,465,231053000,1.065
2018-06-17 00:00:00 UTC,759,464,231053000,1.18375
2018-06-17 00:00:00 UTC,759,467,231053000,0.62388888888888883
2018-06-17 00:00:00 UTC,759,469,231053000,2.3543055555555554
2018-06-17 00:00:00 UTC,759,441,273848010,1.4061111111111113
2018-06-17 00:00:00 UTC,759,442,273848010,2.4377777777777778
2018-06-17 00:00:00 UTC,759,443,273848010,0.17958333333333332
2018-06-17 00:00:00 UTC,759,189,273380310,1.6261111111111111
2018-06-17 00:00:00 UTC,759,191,273380310,0.91222222222222227
2018-06-17 00:00:00 UTC,759,190,273380310,2.6386111111111106
2018-06-17 00:00:00 UTC,759,186,273380310,2.6331944444444448
2018-06-17 00:00:00 UTC,759,185,273380310,1.7205555555555545
2018-06-17 00:00:00 UTC,759,184,273380310,0.97583333333333333
2018-06-17 00:00:00 UTC,759,193,273380310,0.26680555555555557
2018-06-17 00:00:00 UTC,759,187,273380310,3.0234722222222223
2018-06-17 00:00:00 UTC,759,188,273380310,2.7765277777777779
2018-06-17 00:00:00 UTC,759,192,273380310,0.11458333333333333
2018-06-17 00:00:00 UTC,759,177,273430750,4.6662500000000016
2018-06-17 00:00:00 UTC,759,179,273430750,3.3705555555555544
2018-06-17 00:00:00 UTC,759,178,273430750,5.0925000000000011
2018-06-17 00:00:00 UTC,759,176,273430750,0.48819444444444443
2018-06-17 00:00:00 UTC,759,189,275084000,1.022777777777778
2018-06-17 00:00:00 UTC,759,190,275084000,0.95638888888888929
2018-06-17 00:00:00 UTC,759,188,275084000,0.66527777777777763
2018-06-17 00:00:00 UTC,759,191,275084000,0.27347222222222217
2018-06-17 00:00:00 UTC,759,173,273341920,0.27958333333333329
2018-06-17 00:00:00 UTC,759,172,273341920,1.4479166666666661
2018-06-17 00:00:00 UTC,759,171,273341920,0.21958333333333332
2018-06-17 00:00:00 UTC,759,469,273219300,0.50666666666666671
2018-06-17 00:00:00 UTC,759,188,259691000,0.35263888888888889
2018-06-17 00:00:00 UTC,759,184,259691000,0.6166666666666667
2018-06-17 00:00:00 UTC,759,186,259691000,0.22763888888888889
2018-06-17 00:00:00 UTC,759,196,259691000,1.1706944444444443
2018-06-17 00:00:00 UTC,759,190,259691000,0.95972222222222214
2018-06-17 00:00:00 UTC,759,183,259691000,0.18194444444444446
2018-06-17 00:00:00 UTC,759,187,259691000,0.40694444444444444
2018-06-17 00:00:00 UTC,759,189,259691000,1.4061111111111115
2018-06-17 00:00:00 UTC,759,185,259691000,0.59763888888888894
2018-06-17 00:00:00 UTC,759,195,259691000,0.88138888888888889
2018-06-17 00:00:00 UTC,759,197,259691000,0.62249999999999994
2018-06-17 00:00:00 UTC,759,194,259691000,1.6668055555555554
2018-06-17 00:00:00 UTC,759,191,259691000,1.7113888888888886
2018-06-17 00:00:00 UTC,759,193,259691000,1.7630555555555554
2018-06-17 00:00:00 UTC,759,192,259691000,1.4333333333333329
2018-06-17 00:00:00 UTC,-265,-481,711119881,7.0598611111111111
2018-06-17 00:00:00 UTC,-265,-481,710769423,6.4980555555555553
2018-06-17 00:00:00 UTC,-265,-1749,416004375,2.2681944444444446
2018-06-17 00:00:00 UTC,-265,-1751,520223000,0.345
2018-06-17 00:00:00 UTC,-265,-1748,520223000,0.81916666666666671
2018-06-17 00:00:00 UTC,-265,-1750,520223000,3.2336111111111112
2018-06-17 00:00:00 UTC,-265,-1749,520223000,0.526388888888889
2018-06-17 00:00:00 UTC,-265,1716,520020000,2.7883333333333331
2018-06-17 00:00:00 UTC,-265,1714,520020000,1.0488888888888888
2018-06-17 00:00:00 UTC,-265,1715,520020000,0.97319444444444436
2018-06-17 00:00:00 UTC,-265,1719,520020000,2.1109722222222218
2018-06-17 00:00:00 UTC,-265,-483,717097000,12.32013888888889
2018-06-17 00:00:00 UTC,-265,-484,717272619,1.227222222222222
2018-06-17 00:00:00 UTC,-265,136,659294000,0.70000000000000007
2018-06-17 00:00:00 UTC,-265,140,659251000,0.7648611111111111
2018-06-17 00:00:00 UTC,-265,-483,710903610,7.3472222222222223
2018-06-17 00:00:00 UTC,-265,-483,719972432,14.620138888888889
2018-06-17 00:00:00 UTC,-265,-482,719972432,6.1233333333333331
2018-06-17 00:00:00 UTC,-265,1536,503066450,19.755972222222223
2018-06-17 00:00:00 UTC,-265,138,659036000,0.2598611111111111
2018-06-17 00:00:00 UTC,-265,137,659036000,1.7820833333333335
2018-06-17 00:00:00 UTC,-265,-482,710103655,7.6070833333333336
2018-06-17 00:00:00 UTC,-265,-481,711100010,6.6866666666666665
2018-06-17 00:00:00 UTC,-265,-481,710115699,3.7345833333333331
2018-06-17 00:00:00 UTC,-265,138,659439000,2.2775
2018-06-17 00:00:00 UTC,-265,139,659439000,4.2847222222222223
2018-06-17 00:00:00 UTC,-265,140,659439000,1.3104166666666661
2018-06-17 00:00:00 UTC,-265,-1751,416231600,0.69166666666666665
2018-06-17 00:00:00 UTC,-265,-1753,416231600,1.7083333333333335
2018-06-17 00:00:00 UTC,-265,-1752,416231600,2.7862500000000008
2018-06-17 00:00:00 UTC,-265,-1747,416230600,1.0356944444444443
2018-06-17 00:00:00 UTC,-265,-1748,416230600,1.3391666666666664
2018-06-17 00:00:00 UTC,-265,136,659276000,1.7530555555555556
2018-06-17 00:00:00 UTC,-265,-481,712222441,5.9218055555555553
2018-06-17 00:00:00 UTC,-265,89,431798000,0.24333333333333332
2018-06-17 00:00:00 UTC,-9,-181,224044870,0.73111111111111116
2018-06-17 00:00:00 UTC,-9,-186,224044870,1.2093055555555554
2018-06-17 00:00:00 UTC,-9,638,416002661,1.5851388888888889
2018-06-17 00:00:00 UTC,-9,640,416002661,3.3294444444444444
2018-06-17 00:00:00 UTC,-9,637,416002661,3.2623611111111108
2018-06-17 00:00:00 UTC,-9,-122,263569000,1.2695833333333331
2018-06-17 00:00:00 UTC,-9,1604,416079500,1.5829166666666667
2018-06-17 00:00:00 UTC,-9,635,416228500,0.93694444444444458
2018-06-17 00:00:00 UTC,-9,642,416148900,1.141111111111111
2018-06-17 00:00:00 UTC,-9,643,416148900,1.6766666666666667
2018-06-17 00:00:00 UTC,-9,644,416148900,0.47041666666666671
2018-06-17 00:00:00 UTC,-9,1626,416214700,2.0386111111111114
2018-06-17 00:00:00 UTC,-9,-141,627851000,0.24000000000000002
2018-06-17 00:00:00 UTC,-9,-140,627851000,1.2191666666666667
2018-06-17 00:00:00 UTC,-9,-132,263415290,0.88694444444444442
2018-06-17 00:00:00 UTC,248,1189,200922368,11.48125
2018-06-17 00:00:00 UTC,248,1655,12000001,5.1654166666666672
2018-06-17 00:00:00 UTC,248,1189,800022018,1.7769444444444442
2018-06-17 00:00:00 UTC,248,1189,800049928,4.5143055555555565
2018-06-17 00:00:00 UTC,248,1190,800049928,1.4798611111111111
2018-06-17 00:00:00 UTC,248,1189,200017420,5.821527777777777
2018-06-17 00:00:00 UTC,248,1190,800044302,1.0006944444444446
2018-06-17 00:00:00 UTC,248,1191,800044302,4.0066666666666668
2018-06-17 00:00:00 UTC,248,1189,800044302,0.8666666666666667
2018-06-17 00:00:00 UTC,248,1189,800031001,1.3702777777777777
2018-06-17 00:00:00 UTC,248,1218,416001564,0.8275
2018-06-17 00:00:00 UTC,248,1189,800022051,2.9145833333333333
2018-06-17 00:00:00 UTC,248,1190,800335652,1.0591666666666666
2018-06-17 00:00:00 UTC,248,1189,800335652,0.48166666666666663
2018-06-17 00:00:00 UTC,248,1190,800033066,0.92083333333333339
2018-06-17 00:00:00 UTC,248,1192,800000046,2.0486111111111112
2018-06-17 00:00:00 UTC,248,1219,200023608,0.70375
2018-06-17 00:00:00 UTC,248,1189,900017468,0.83791666666666664
2018-06-17 00:00:00 UTC,248,1188,800035904,8.1197222222222187
2018-06-17 00:00:00 UTC,248,1187,800035904,0.53402777777777777
2018-06-17 00:00:00 UTC,248,1189,800569920,0.24625
2018-06-17 00:00:00 UTC,248,1189,800335681,0.078888888888888883
2018-06-17 00:00:00 UTC,248,1191,412450881,9.2498611111111053
2018-06-17 00:00:00 UTC,248,1190,412450881,4.2506944444444441
2018-06-17 00:00:00 UTC,248,1189,800000330,2.4630555555555556
2018-06-17 00:00:00 UTC,248,1188,800000330,0.68611111111111112
2018-06-17 00:00:00 UTC,248,1190,800033611,0.088055555555555554
2018-06-17 00:00:00 UTC,248,1218,416001362,0.28861111111111115
2018-06-17 00:00:00 UTC,248,1189,800001368,0.83805555555555566
2018-06-17 00:00:00 UTC,248,1189,200011866,0.55819444444444444
2018-06-17 00:00:00 UTC,248,1189,800045151,1.2394444444444443
2018-06-17 00:00:00 UTC,248,1189,800033888,3.1697222222222239
2018-06-17 00:00:00 UTC,248,1190,800033888,1.3323611111111109
2018-06-17 00:00:00 UTC,248,-1517,303174000,1.5856944444444443
2018-06-17 00:00:00 UTC,248,-1518,303174000,2.8127777777777778
2018-06-17 00:00:00 UTC,248,-1513,303174000,2.4470833333333331
2018-06-17 00:00:00 UTC,248,-1512,303174000,0.70291666666666663
2018-06-17 00:00:00 UTC,248,-1515,303174000,3.5277777777777781
2018-06-17 00:00:00 UTC,248,-1516,303174000,4.0758333333333336
2018-06-17 00:00:00 UTC,248,-1514,303174000,1.0034722222222221
2018-06-17 00:00:00 UTC,248,1189,800038256,2.8248611111111122
2018-06-17 00:00:00 UTC,248,1190,800033142,2.8369444444444447
2018-06-17 00:00:00 UTC,248,1189,800033142,0.57041666666666668
2018-06-17 00:00:00 UTC,248,1189,200013947,4.27763888888889
2018-06-17 00:00:00 UTC,248,1218,416001404,2.3545833333333333
2018-06-17 00:00:00 UTC,248,1189,800043395,3.6756944444444457
2018-06-17 00:00:00 UTC,248,1189,803001230,9.1095833333333314
2018-06-17 00:00:00 UTC,248,1190,803001230,3.6744444444444446
2018-06-17 00:00:00 UTC,248,1189,800031636,0.2336111111111111
2018-06-17 00:00:00 UTC,248,1190,200012446,1.8715277777777779
2018-06-17 00:00:00 UTC,248,1190,412457636,3.6272222222222221
2018-06-17 00:00:00 UTC,248,1189,800022959,2.6805555555555562
2018-06-17 00:00:00 UTC,248,1190,800049868,0.91722222222222216
2018-06-17 00:00:00 UTC,248,1189,800049868,1.2709722222222222
2018-06-17 00:00:00 UTC,248,1189,800000217,2.4752777777777775
2018-06-17 00:00:00 UTC,248,1218,416883947,2.1670833333333333
2018-06-17 00:00:00 UTC,248,1189,800037867,8.4280555555555559
2018-06-17 00:00:00 UTC,248,1189,800255467,0.41555555555555557
2018-06-17 00:00:00 UTC,248,1359,416000499,3.775
2018-06-17 00:00:00 UTC,248,1361,416000499,2.5493055555555557
2018-06-17 00:00:00 UTC,248,1190,200041975,4.882777777777779
2018-06-17 00:00:00 UTC,248,1219,416005367,1.2368055555555557
2018-06-17 00:00:00 UTC,248,1218,416005367,2.3908333333333336
2018-06-17 00:00:00 UTC,248,1190,800001017,0.65319444444444441
2018-06-17 00:00:00 UTC,248,1191,800001017,2.1740277777777774
2018-06-17 00:00:00 UTC,248,1192,800001017,0.5625
2018-06-17 00:00:00 UTC,248,1189,800022777,1.4222222222222221
2018-06-17 00:00:00 UTC,248,1188,800033788,0.24986111111111109
2018-06-17 00:00:00 UTC,248,1189,800033788,2.1305555555555555
2018-06-17 00:00:00 UTC,248,1188,800000509,0.21666666666666667
2018-06-17 00:00:00 UTC,248,1190,200041983,2.8827777777777785
2018-06-17 00:00:00 UTC,504,1,235089665,10.366666666666664
2018-06-17 00:00:00 UTC,504,0,235089665,12.975833333333336
2018-06-17 00:00:00 UTC,504,-69,228078600,2.90875
2018-06-17 00:00:00 UTC,504,-68,228078600,3.8691666666666666
2018-06-17 00:00:00 UTC,504,-66,228078600,0.2875
2018-06-17 00:00:00 UTC,504,-67,228078600,4.9155555555555557
2018-06-17 00:00:00 UTC,504,-101,228082700,1.0640277777777778
2018-06-17 00:00:00 UTC,504,-100,228082700,1.2316666666666667
2018-06-17 00:00:00 UTC,504,-32,235090189,0.12
2018-06-17 00:00:00 UTC,504,1,233450000,1.4981944444444446
2018-06-17 00:00:00 UTC,504,0,233450000,22.136388888888884
2018-06-17 00:00:00 UTC,504,-57,228089900,1.6456944444444446
2018-06-17 00:00:00 UTC,504,-58,228089900,0.51333333333333342
2018-06-17 00:00:00 UTC,504,-56,228089900,0.092916666666666675
2018-06-17 00:00:00 UTC,504,-109,224005190,0.8208333333333333
2018-06-17 00:00:00 UTC,504,-59,228045900,0.63013888888888892
2018-06-17 00:00:00 UTC,504,-58,228045900,3.8595833333333336
2018-06-17 00:00:00 UTC,504,-57,228045900,3.0845833333333332
2018-06-17 00:00:00 UTC,504,-56,228045900,1.9487500000000002
2018-06-17 00:00:00 UTC,504,-100,227378000,5.5602777777777774
2018-06-17 00:00:00 UTC,504,-59,228078700,1.0408333333333333
2018-06-17 00:00:00 UTC,504,-58,228078700,0.76972222222222231
2018-06-17 00:00:00 UTC,504,-56,228039800,2.4902777777777776
2018-06-17 00:00:00 UTC,504,-57,228039800,1.8597222222222221
2018-06-17 00:00:00 UTC,504,-55,228039800,0.54180555555555565
2018-06-17 00:00:00 UTC,504,-110,228301700,6.6204166666666664
2018-06-17 00:00:00 UTC,504,-100,227385000,6.12625
2018-06-17 00:00:00 UTC,504,-99,227385000,3.947916666666667
2018-06-17 00:00:00 UTC,504,-534,316002231,10.667916666666667
2018-06-17 00:00:00 UTC,504,1540,273352640,5.85763888888889
2018-06-17 00:00:00 UTC,504,1541,273352640,0.020416666666666666
2018-06-17 00:00:00 UTC,504,1538,273352640,5.0625000000000009
2018-06-17 00:00:00 UTC,504,1539,273352640,12.976944444444447
2018-06-17 00:00:00 UTC,504,-63,232005830,1.7222222222222223
2018-06-17 00:00:00 UTC,504,-59,228089800,0.2623611111111111
2018-06-17 00:00:00 UTC,504,-60,228089800,0.25819444444444439
2018-06-17 00:00:00 UTC,504,-56,228089800,3.1933333333333329
2018-06-17 00:00:00 UTC,504,-55,228089800,1.1805555555555556
2018-06-17 00:00:00 UTC,504,-58,228089800,3.903888888888889
2018-06-17 00:00:00 UTC,504,-57,228089800,4.1994444444444445
2018-06-17 00:00:00 UTC,504,-110,227831000,0.7583333333333333
2018-06-17 00:00:00 UTC,504,6,228099800,0.21430555555555555
2018-06-17 00:00:00 UTC,504,1563,273454040,1.2923611111111111
2018-06-17 00:00:00 UTC,504,1562,273454040,0.41791666666666666
2018-06-17 00:00:00 UTC,504,1561,273454040,0.69
2018-06-17 00:00:00 UTC,504,-30,235003355,0.245
2018-06-17 00:00:00 UTC,504,-28,235003355,2.1101388888888897
2018-06-17 00:00:00 UTC,504,-29,235003355,1.1575
2018-06-17 00:00:00 UTC,504,-109,227436000,0.18875
2018-06-17 00:00:00 UTC,504,-110,227436000,4.5720833333333335
2018-06-17 00:00:00 UTC,504,-52,235093226,0.8043055555555555
2018-06-17 00:00:00 UTC,504,-580,316003307,5.2530555555555551
2018-06-17 00:00:00 UTC,504,0,235004140,9.3040277777777778
2018-06-17 00:00:00 UTC,504,-111,228211700,1.5997222222222225
2018-06-17 00:00:00 UTC,504,-110,228211700,2.1894444444444443
2018-06-17 00:00:00 UTC,504,0,235068406,6.8322222222222218
2018-06-17 00:00:00 UTC,504,1,235068406,14.125833333333333
2018-06-17 00:00:00 UTC,504,2,235068406,0.38569444444444445
2018-06-17 00:00:00 UTC,504,1441,273310460,1.1651388888888889
2018-06-17 00:00:00 UTC,760,189,273312270,1.8761111111111111
2018-06-17 00:00:00 UTC,760,170,224298000,0.25625
2018-06-17 00:00:00 UTC,760,187,224298000,0.58333333333333337
2018-06-17 00:00:00 UTC,760,183,224298000,0.44555555555555554
2018-06-17 00:00:00 UTC,760,172,224298000,0.24055555555555552
2018-06-17 00:00:00 UTC,760,184,224298000,0.44444444444444442
2018-06-17 00:00:00 UTC,760,178,224298000,0.56625
2018-06-17 00:00:00 UTC,760,188,224298000,0.72625
2018-06-17 00:00:00 UTC,760,171,224298000,0.49652777777777779
2018-06-17 00:00:00 UTC,760,179,273296700,0.25486111111111109
2018-06-17 00:00:00 UTC,760,198,273296700,0.71361111111111108
2018-06-17 00:00:00 UTC,760,200,273296700,0.81083333333333318
2018-06-17 00:00:00 UTC,760,177,273296700,0.28444444444444444
2018-06-17 00:00:00 UTC,760,182,273296700,0.38749999999999996
2018-06-17 00:00:00 UTC,760,201,273296700,0.60333333333333339
2018-06-17 00:00:00 UTC,760,197,273296700,0.19430555555555554
2018-06-17 00:00:00 UTC,760,184,273296700,0.38749999999999996
2018-06-17 00:00:00 UTC,760,183,273296700,0.53027777777777785
2018-06-17 00:00:00 UTC,760,180,273296700,0.42986111111111114
2018-06-17 00:00:00 UTC,760,199,273296700,0.95430555555555563
2018-06-17 00:00:00 UTC,760,178,273296700,1.131111111111111
2018-06-17 00:00:00 UTC,760,181,273296700,0.49250000000000005
2018-06-17 00:00:00 UTC,760,164,273450850,0.57777777777777783
2018-06-17 00:00:00 UTC,760,466,273398890,0.44180555555555551
2018-06-17 00:00:00 UTC,760,467,273398890,0.26166666666666666
2018-06-17 00:00:00 UTC,760,440,273444750,1.6274999999999997
2018-06-17 00:00:00 UTC,760,442,273444750,1.7676388888888892
2018-06-17 00:00:00 UTC,760,439,273444750,0.7088888888888889
2018-06-17 00:00:00 UTC,760,441,273444750,3.1005555555555557
2018-06-17 00:00:00 UTC,760,404,258874000,2.4759722222222216
2018-06-17 00:00:00 UTC,760,179,273523100,1.2355555555555555
2018-06-17 00:00:00 UTC,760,180,273523100,1.047361111111111
2018-06-17 00:00:00 UTC,760,178,273523100,1.6638888888888892
2018-06-17 00:00:00 UTC,760,181,273523100,0.5443055555555556
2018-06-17 00:00:00 UTC,760,180,273892000,0.87847222222222232
2018-06-17 00:00:00 UTC,760,178,273892000,0.36652777777777773
2018-06-17 00:00:00 UTC,760,181,273892000,0.32361111111111113
2018-06-17 00:00:00 UTC,760,182,273892000,0.40458333333333329
2018-06-17 00:00:00 UTC,760,179,273892000,1.0594444444444444
2018-06-17 00:00:00 UTC,760,171,273398180,1.106111111111111
2018-06-17 00:00:00 UTC,760,170,273398180,0.74541666666666673
2018-06-17 00:00:00 UTC,760,446,273848010,0.17180555555555554
2018-06-17 00:00:00 UTC,760,445,273848010,0.3930555555555556
2018-06-17 00:00:00 UTC,760,449,273848010,1.14
2018-06-17 00:00:00 UTC,760,447,273848010,0.14611111111111111
2018-06-17 00:00:00 UTC,760,443,273848010,1.624722222222222
2018-06-17 00:00:00 UTC,760,448,273848010,0.2026388888888889
2018-06-17 00:00:00 UTC,760,444,273848010,1.0293055555555555
2018-06-17 00:00:00 UTC,760,441,273848010,2.3495833333333334
2018-06-17 00:00:00 UTC,760,442,273848010,1.1587500000000002
2018-06-17 00:00:00 UTC,760,185,273380310,0.44333333333333336
2018-06-17 00:00:00 UTC,760,188,273380310,1.31875
2018-06-17 00:00:00 UTC,760,187,273380310,1.0427777777777776
2018-06-17 00:00:00 UTC,760,186,273380310,0.41291666666666665
2018-06-17 00:00:00 UTC,760,190,273380310,0.45999999999999996
2018-06-17 00:00:00 UTC,760,191,273380310,1.2993055555555559
2018-06-17 00:00:00 UTC,760,189,273380310,2.1844444444444444
2018-06-17 00:00:00 UTC,760,179,273430750,0.015277777777777777
2018-06-17 00:00:00 UTC,760,178,273430750,1.1795833333333332
2018-06-17 00:00:00 UTC,760,179,275084000,0.11083333333333333
2018-06-17 00:00:00 UTC,760,178,275084000,0.26916666666666667
2018-06-17 00:00:00 UTC,760,189,275084000,0.24194444444444446
2018-06-17 00:00:00 UTC,760,171,273341920,2.7626388888888891
2018-06-17 00:00:00 UTC,760,170,273341920,2.0047222222222216
2018-06-17 00:00:00 UTC,760,469,273219300,3.0269444444444442
2018-06-17 00:00:00 UTC,760,471,273219300,0.91875
2018-06-17 00:00:00 UTC,760,470,273219300,3.2308333333333339
2018-06-17 00:00:00 UTC,-264,-1749,416004375,0.62222222222222223
2018-06-17 00:00:00 UTC,-264,-1751,416004375,0.30152777777777778
2018-06-17 00:00:00 UTC,-264,-1750,416004375,1.3961111111111111
2018-06-17 00:00:00 UTC,-264,-1750,520223000,0.27986111111111112
2018-06-17 00:00:00 UTC,-264,-1753,520223000,3.8884722222222226
2018-06-17 00:00:00 UTC,-264,-1752,520223000,1.6980555555555554
2018-06-17 00:00:00 UTC,-264,-1751,520223000,1.2022222222222223
2018-06-17 00:00:00 UTC,-264,-1749,520223000,0.61388888888888893
2018-06-17 00:00:00 UTC,-264,1712,520020000,5.1965277777777779
2018-06-17 00:00:00 UTC,-264,1717,520020000,5.3959722222222215
2018-06-17 00:00:00 UTC,-264,136,659294000,3.2191666666666667
2018-06-17 00:00:00 UTC,-264,140,659251000,0.60402777777777783
2018-06-17 00:00:00 UTC,-264,138,659251000,0.26263888888888887
2018-06-17 00:00:00 UTC,-264,136,659251000,1.2444444444444445
2018-06-17 00:00:00 UTC,-264,139,659251000,2.1077777777777782
2018-06-17 00:00:00 UTC,-264,-482,710903610,2.0123611111111108
2018-06-17 00:00:00 UTC,-264,-481,710903610,10.952361111111111
2018-06-17 00:00:00 UTC,-264,-480,710023232,0.30777777777777776
2018-06-17 00:00:00 UTC,-264,-481,710681928,12.589583333333334
2018-06-17 00:00:00 UTC,-264,1536,503066450,0.14583333333333331
2018-06-17 00:00:00 UTC,-264,1537,503066450,4.2238888888888884
2018-06-17 00:00:00 UTC,-264,137,659036000,2.0268055555555557
2018-06-17 00:00:00 UTC,-264,-481,710103655,2.4620833333333332
2018-06-17 00:00:00 UTC,-264,-482,710103655,3.365277777777778
2018-06-17 00:00:00 UTC,-264,-481,711100010,1.5918055555555555
2018-06-17 00:00:00 UTC,-264,-480,710115699,0.94875
2018-06-17 00:00:00 UTC,-264,-481,710000014,6.4876388888888892
2018-06-17 00:00:00 UTC,-264,137,659439000,1.4249999999999998
2018-06-17 00:00:00 UTC,-264,138,659439000,1.0143055555555558
2018-06-17 00:00:00 UTC,-264,140,659279000,7.9940277777777773
2018-06-17 00:00:00 UTC,-264,141,659279000,1.7590277777777779
2018-06-17 00:00:00 UTC,-264,-1753,416231600,3.0241666666666664
2018-06-17 00:00:00 UTC,-264,-476,711610054,0.83305555555555555
2018-06-17 00:00:00 UTC,-264,-481,719646425,7.4690277777777769
2018-06-17 00:00:00 UTC,-264,136,659276000,2.2743055555555554
2018-06-17 00:00:00 UTC,-264,-481,710001126,11.988194444444446
2018-06-17 00:00:00 UTC,-264,89,431798000,0.79180555555555543
2018-06-17 00:00:00 UTC,-8,-186,224044870,0.79152777777777772
2018-06-17 00:00:00 UTC,-8,638,416002661,0.91291666666666671
2018-06-17 00:00:00 UTC,-8,640,416002661,0.80111111111111111
2018-06-17 00:00:00 UTC,-8,-122,263569000,1.3172222222222221
2018-06-17 00:00:00 UTC,-8,1604,416079500,1.1034722222222224
2018-06-17 00:00:00 UTC,-8,635,416228500,0.38083333333333336
2018-06-17 00:00:00 UTC,-8,642,416148900,0.9784722222222223
2018-06-17 00:00:00 UTC,-8,1625,416214700,1.7826388888888889
2018-06-17 00:00:00 UTC,-8,1608,416247500,2.8229166666666665
2018-06-17 00:00:00 UTC,-8,1609,416247500,4.6395833333333334
2018-06-17 00:00:00 UTC,-8,-132,263415290,0.6693055555555556
2018-06-17 00:00:00 UTC,249,1192,800000013,3.8830555555555555
2018-06-17 00:00:00 UTC,249,1191,800000013,0.095972222222222223
2018-06-17 00:00:00 UTC,249,1190,800000527,0.54708333333333325
2018-06-17 00:00:00 UTC,249,1191,800000527,0.41763888888888889
2018-06-17 00:00:00 UTC,249,1189,800235564,0.3666666666666667
2018-06-17 00:00:00 UTC,249,1190,800235564,0.65013888888888882
2018-06-17 00:00:00 UTC,249,1191,800000046,0.17027777777777778
2018-06-17 00:00:00 UTC,249,1192,800000046,0.67694444444444435
2018-06-17 00:00:00 UTC,249,1190,800000046,0.42819444444444443
2018-06-17 00:00:00 UTC,249,1190,200011866,6.5411111111111113
2018-06-17 00:00:00 UTC,249,-1514,303174000,2.0409722222222224
2018-06-17 00:00:00 UTC,249,1482,416003452,5.2054166666666672
2018-06-17 00:00:00 UTC,249,1190,800000391,0.1
2018-06-17 00:00:00 UTC,249,1190,200012446,7.158611111111111
2018-06-17 00:00:00 UTC,249,1189,200012446,0.054444444444444448
2018-06-17 00:00:00 UTC,249,1220,416001444,3.6859722222222224
2018-06-17 00:00:00 UTC,249,1220,416000963,1.0098611111111111
2018-06-17 00:00:00 UTC,249,1221,416000963,0.14472222222222222
2018-06-17 00:00:00 UTC,249,1360,416000499,1.1555555555555557
2018-06-17 00:00:00 UTC,505,-67,228078600,0.50111111111111106
2018-06-17 00:00:00 UTC,505,-57,228089900,1.3368055555555556
2018-06-17 00:00:00 UTC,505,-56,228089900,2.9154166666666659
2018-06-17 00:00:00 UTC,505,-55,228089900,0.13444444444444445
2018-06-17 00:00:00 UTC,505,-59,228089900,1.4276388888888891
2018-06-17 00:00:00 UTC,505,-58,228089900,2.4377777777777778
2018-06-17 00:00:00 UTC,505,-109,224005190,1.5819444444444444
2018-06-17 00:00:00 UTC,505,-56,228045900,1.8555555555555554
2018-06-17 00:00:00 UTC,505,-100,227378000,7.1494444444444438
2018-06-17 00:00:00 UTC,505,-56,228039800,2.392638888888889
2018-06-17 00:00:00 UTC,505,-57,228039800,2.9890277777777778
2018-06-17 00:00:00 UTC,505,-58,228039800,1.4320833333333334
2018-06-17 00:00:00 UTC,505,-110,228301700,4.342083333333334
2018-06-17 00:00:00 UTC,505,-60,232005775,1.0541666666666667
2018-06-17 00:00:00 UTC,505,-61,232005775,0.27236111111111111
2018-06-17 00:00:00 UTC,505,-6,205017000,1.1981944444444446
2018-06-17 00:00:00 UTC,505,-1,205017000,3.4058333333333328
2018-06-17 00:00:00 UTC,505,-4,205017000,0.52263888888888888
2018-06-17 00:00:00 UTC,505,-5,205017000,1.8431944444444444
2018-06-17 00:00:00 UTC,505,0,205017000,1.5391666666666666
2018-06-17 00:00:00 UTC,505,-100,227385000,4.4419444444444443
2018-06-17 00:00:00 UTC,505,-99,227385000,0.78611111111111109
2018-06-17 00:00:00 UTC,505,-534,316002231,10.839027777777778
2018-06-17 00:00:00 UTC,505,-4,205059000,0.79319444444444431
2018-06-17 00:00:00 UTC,505,-3,205059000,0.25972222222222219
2018-06-17 00:00:00 UTC,505,-5,205059000,3.5186111111111118
2018-06-17 00:00:00 UTC,505,-6,205059000,3.9302777777777789
2018-06-17 00:00:00 UTC,505,-67,232005830,1.42375
2018-06-17 00:00:00 UTC,505,-66,232005830,1.0904166666666668
2018-06-17 00:00:00 UTC,505,-63,232005830,1.251527777777778
2018-06-17 00:00:00 UTC,505,-111,227831000,0.39611111111111108
2018-06-17 00:00:00 UTC,505,-110,227831000,14.618611111111109
2018-06-17 00:00:00 UTC,505,1562,273454040,2.9070833333333348
2018-06-17 00:00:00 UTC,505,-28,235003355,5.8629166666666661
2018-06-17 00:00:00 UTC,505,-29,235003355,2.7333333333333334
2018-06-17 00:00:00 UTC,505,-110,227436000,4.1330555555555559
2018-06-17 00:00:00 UTC,505,-53,235093226,1.2663888888888888
2018-06-17 00:00:00 UTC,505,-54,235093226,0.28763888888888889
2018-06-17 00:00:00 UTC,505,-52,235093226,0.51513888888888892
2018-06-17 00:00:00 UTC,505,1440,273310460,1.9556944444444446
2018-06-17 00:00:00 UTC,505,1441,273310460,2.9356944444444446
2018-06-17 00:00:00 UTC,761,168,224298000,1.4697222222222224
2018-06-17 00:00:00 UTC,761,170,224298000,0.663888888888889
2018-06-17 00:00:00 UTC,761,166,224298000,1.9280555555555556
2018-06-17 00:00:00 UTC,761,171,224298000,0.59388888888888891
2018-06-17 00:00:00 UTC,761,169,224298000,1.2552777777777777
2018-06-17 00:00:00 UTC,761,167,224298000,0.82361111111111107
2018-06-17 00:00:00 UTC,761,173,273296700,0.51208333333333333
2018-06-17 00:00:00 UTC,761,172,273296700,0.19263888888888889
2018-06-17 00:00:00 UTC,761,174,273296700,0.40819444444444442
2018-06-17 00:00:00 UTC,761,177,273296700,0.52069444444444435
2018-06-17 00:00:00 UTC,761,175,273296700,0.64833333333333321
2018-06-17 00:00:00 UTC,761,176,273296700,0.63138888888888889
2018-06-17 00:00:00 UTC,761,342,258984000,0.33777777777777779
2018-06-17 00:00:00 UTC,761,341,258984000,0.70930555555555552
2018-06-17 00:00:00 UTC,761,336,258984000,0.80472222222222223
2018-06-17 00:00:00 UTC,761,340,258984000,0.49069444444444443
2018-06-17 00:00:00 UTC,761,339,258984000,0.7336111111111111
2018-06-17 00:00:00 UTC,761,338,258984000,0.64388888888888884
2018-06-17 00:00:00 UTC,761,337,258984000,0.6675
2018-06-17 00:00:00 UTC,761,165,273450850,0.4993055555555555
2018-06-17 00:00:00 UTC,761,166,273450850,0.36222222222222222
2018-06-17 00:00:00 UTC,761,167,273450850,0.59097222222222223
2018-06-17 00:00:00 UTC,761,168,273450850,0.34277777777777774
2018-06-17 00:00:00 UTC,761,164,273450850,0.44638888888888889
2018-06-17 00:00:00 UTC,761,465,273398890,0.29402777777777778
2018-06-17 00:00:00 UTC,761,442,273444750,0.5656944444444445
2018-06-17 00:00:00 UTC,761,445,273444750,0.85277777777777786
2018-06-17 00:00:00 UTC,761,448,273444750,0.91069444444444447
2018-06-17 00:00:00 UTC,761,443,273444750,0.6908333333333333
2018-06-17 00:00:00 UTC,761,447,273444750,1.7629166666666665
2018-06-17 00:00:00 UTC,761,444,273444750,0.69708333333333328
2018-06-17 00:00:00 UTC,761,441,273444750,2.9330555555555562
2018-06-17 00:00:00 UTC,761,446,273444750,0.93347222222222237
2018-06-17 00:00:00 UTC,761,166,273317270,5.26347222222222
2018-06-17 00:00:00 UTC,761,167,273317270,6.0394444444444453
2018-06-17 00:00:00 UTC,761,164,273317270,1.1595833333333334
2018-06-17 00:00:00 UTC,761,169,273317270,0.35027777777777774
2018-06-17 00:00:00 UTC,761,168,273317270,5.6805555555555554
2018-06-17 00:00:00 UTC,761,163,273317270,0.17555555555555555
2018-06-17 00:00:00 UTC,761,165,273317270,3.1141666666666659
2018-06-17 00:00:00 UTC,761,178,273523100,0.67958333333333321
2018-06-17 00:00:00 UTC,761,179,273523100,0.79138888888888892
2018-06-17 00:00:00 UTC,761,180,273523100,9.9029166666666661
2018-06-17 00:00:00 UTC,761,181,273523100,2.059444444444444
2018-06-17 00:00:00 UTC,761,182,273892000,0.54041666666666677
2018-06-17 00:00:00 UTC,761,180,273892000,4.9769444444444453
2018-06-17 00:00:00 UTC,761,178,273892000,0.084861111111111109
2018-06-17 00:00:00 UTC,761,183,273892000,1.381944444444444
2018-06-17 00:00:00 UTC,761,185,273892000,0.31527777777777777
2018-06-17 00:00:00 UTC,761,181,273892000,1.8486111111111105
2018-06-17 00:00:00 UTC,761,184,273892000,1.0000000000000002
2018-06-17 00:00:00 UTC,761,179,273892000,0.62555555555555553
2018-06-17 00:00:00 UTC,761,169,273398180,0.39583333333333337
2018-06-17 00:00:00 UTC,761,168,273398180,0.75041666666666662
2018-06-17 00:00:00 UTC,761,449,273848010,0.69625000000000026
2018-06-17 00:00:00 UTC,761,443,273848010,0.53666666666666674
2018-06-17 00:00:00 UTC,761,447,273848010,0.1775
2018-06-17 00:00:00 UTC,761,451,273848010,4.4927777777777766
2018-06-17 00:00:00 UTC,761,450,273848010,2.7758333333333334
2018-06-17 00:00:00 UTC,761,448,273848010,0.66513888888888884
2018-06-17 00:00:00 UTC,761,444,273848010,1.0869444444444443
2018-06-17 00:00:00 UTC,761,445,273848010,1.1683333333333334
2018-06-17 00:00:00 UTC,761,166,273424080,0.42583333333333334
2018-06-17 00:00:00 UTC,761,167,273424080,1.261527777777778
2018-06-17 00:00:00 UTC,761,163,273424080,0.43666666666666665
2018-06-17 00:00:00 UTC,761,165,273424080,0.17277777777777781
2018-06-17 00:00:00 UTC,761,168,273424080,0.28125
2018-06-17 00:00:00 UTC,761,164,273424080,0.23277777777777778
2018-06-17 00:00:00 UTC,761,162,273348570,0.27833333333333332
2018-06-17 00:00:00 UTC,761,168,273348570,4.554722222222221
2018-06-17 00:00:00 UTC,761,165,273348570,2.9573611111111116
2018-06-17 00:00:00 UTC,761,167,273348570,3.7762499999999997
2018-06-17 00:00:00 UTC,761,166,273348570,4.9673611111111091
2018-06-17 00:00:00 UTC,761,163,273348570,0.36236111111111113
2018-06-17 00:00:00 UTC,761,164,273348570,3.2469444444444444
2018-06-17 00:00:00 UTC,761,169,273348570,2.0868055555555558
2018-06-17 00:00:00 UTC,761,180,275084000,3.8294444444444418
2018-06-17 00:00:00 UTC,761,179,275084000,2.7991666666666664
2018-06-17 00:00:00 UTC,761,181,275084000,1.4741666666666668
2018-06-17 00:00:00 UTC,761,169,273341920,1.440277777777778
2018-06-17 00:00:00 UTC,761,167,273341920,0.7348611111111113
2018-06-17 00:00:00 UTC,761,168,273341920,0.61208333333333331
2018-06-17 00:00:00 UTC,761,170,273341920,1.2393055555555557
2018-06-17 00:00:00 UTC,761,471,273219300,1.381666666666667
2018-06-17 00:00:00 UTC,761,472,273219300,3.2626388888888878
2018-06-17 00:00:00 UTC,761,473,273219300,0.54208333333333325
2018-06-17 00:00:00 UTC,-263,-1752,416004375,1.6516666666666666
2018-06-17 00:00:00 UTC,-263,-1751,416004375,1.3548611111111111
2018-06-17 00:00:00 UTC,-263,-1750,416004375,0.75791666666666668
2018-06-17 00:00:00 UTC,-263,-1753,416004375,2.395
2018-06-17 00:00:00 UTC,-263,-1750,520223000,0.75708333333333333
2018-06-17 00:00:00 UTC,-263,1534,503035420,2.2058333333333335
2018-06-17 00:00:00 UTC,-263,-1659,416002603,0.39416666666666667
2018-06-17 00:00:00 UTC,-263,-1658,416002603,0.13666666666666666
2018-06-17 00:00:00 UTC,-263,-1664,416002603,1.1233333333333333
2018-06-17 00:00:00 UTC,-263,-1660,416002603,0.89611111111111108
2018-06-17 00:00:00 UTC,-263,-1661,416002603,1.2875
2018-06-17 00:00:00 UTC,-263,136,659294000,5.674444444444446
2018-06-17 00:00:00 UTC,-263,137,659251000,0.07194444444444445
2018-06-17 00:00:00 UTC,-263,136,659251000,4.0395833333333346
2018-06-17 00:00:00 UTC,-263,138,659251000,1.1736111111111112
2018-06-17 00:00:00 UTC,-263,139,659251000,0.76277777777777778
2018-06-17 00:00:00 UTC,-263,-481,710903610,2.9104166666666669
2018-06-17 00:00:00 UTC,-263,137,659036000,0.41236111111111118
2018-06-17 00:00:00 UTC,-263,-481,710103655,6.7843055555555569
2018-06-17 00:00:00 UTC,-263,-480,710115699,8.7772222222222211
2018-06-17 00:00:00 UTC,-263,137,659439000,1.8334722222222226
2018-06-17 00:00:00 UTC,-263,-476,711610054,4.943888888888889
2018-06-17 00:00:00 UTC,-263,-478,711610054,4.5691666666666668
2018-06-17 00:00:00 UTC,-263,-480,711610054,3.8473611111111112
2018-06-17 00:00:00 UTC,-263,136,659276000,1.792083333333333
2018-06-17 00:00:00 UTC,-263,89,431798000,0.68500000000000016
2018-06-17 00:00:00 UTC,-263,-482,719275000,1.7395833333333335
2018-06-17 00:00:00 UTC,-263,-481,719275000,15.255555555555556
2018-06-17 00:00:00 UTC,-7,1615,416001567,1.2611111111111111
2018-06-17 00:00:00 UTC,-7,1607,416003928,4.6794444444444441
2018-06-17 00:00:00 UTC,-7,1606,416003928,1.8898611111111112
2018-06-17 00:00:00 UTC,-7,-122,263569000,0.50472222222222218
2018-06-17 00:00:00 UTC,-7,-123,263569000,0.72249999999999992
2018-06-17 00:00:00 UTC,-7,1604,416079500,1.2152777777777777
2018-06-17 00:00:00 UTC,-7,636,416228500,0.79041666666666677
2018-06-17 00:00:00 UTC,-7,1582,416003483,1.3555555555555556
2018-06-17 00:00:00 UTC,-7,1584,416003483,4.9356944444444437
2018-06-17 00:00:00 UTC,-7,1583,416003483,5.2333333333333334
2018-06-17 00:00:00 UTC,-7,642,416148900,1.4933333333333332
2018-06-17 00:00:00 UTC,-7,1625,416214700,1.6070833333333334
2018-06-17 00:00:00 UTC,-7,1609,416247500,1.8929166666666666
2018-06-17 00:00:00 UTC,-7,-132,263415290,0.5330555555555555
2018-06-17 00:00:00 UTC,250,1655,12000001,2.314861111111111
2018-06-17 00:00:00 UTC,250,1189,800040733,5.9309722222222216
2018-06-17 00:00:00 UTC,250,1189,800000307,6.6612500000000008
2018-06-17 00:00:00 UTC,250,1189,800001096,19.065416666666671
2018-06-17 00:00:00 UTC,250,1189,812442701,0.47916666666666663
2018-06-17 00:00:00 UTC,250,1481,416003452,4.98
2018-06-17 00:00:00 UTC,250,1482,416003452,0.72569444444444442
2018-06-17 00:00:00 UTC,250,1484,416003452,1.3034722222222221
2018-06-17 00:00:00 UTC,250,1487,416003452,5.2944444444444443
2018-06-17 00:00:00 UTC,250,1483,416003452,1.8544444444444443
2018-06-17 00:00:00 UTC,250,-826,367701120,11.636527777777777
2018-06-17 00:00:00 UTC,250,-827,367701120,12.559583333333332
2018-06-17 00:00:00 UTC,250,1189,800032133,3.1252777777777778
2018-06-17 00:00:00 UTC,250,1190,800049839,5.6677777777777782
2018-06-17 00:00:00 UTC,250,1190,700054455,7.3694444444444445
2018-06-17 00:00:00 UTC,250,1189,800000202,7.6491666666666678
2018-06-17 00:00:00 UTC,250,1190,800000206,2.3311111111111109
2018-06-17 00:00:00 UTC,250,1190,412450001,4.5883333333333338
2018-06-17 00:00:00 UTC,250,1196,400056789,12.550972222222224
2018-06-17 00:00:00 UTC,506,-99,227412000,2.8106944444444442
2018-06-17 00:00:00 UTC,506,-57,228089900,1.2240277777777777
2018-06-17 00:00:00 UTC,506,-55,228089900,2.6137500000000005
2018-06-17 00:00:00 UTC,506,-56,228089900,3.0640277777777785
2018-06-17 00:00:00 UTC,506,-4,232006450,0.48708333333333331
2018-06-17 00:00:00 UTC,506,-100,227378000,2.969583333333333
2018-06-17 00:00:00 UTC,506,-55,228039800,5.4413888888888886
2018-06-17 00:00:00 UTC,506,-54,228039800,0.55277777777777781
2018-06-17 00:00:00 UTC,506,-56,228039800,4.0713888888888885
2018-06-17 00:00:00 UTC,506,-111,228301700,7.8744444444444444
2018-06-17 00:00:00 UTC,506,1565,273316750,0.44041666666666662
2018-06-17 00:00:00 UTC,506,-63,232005775,2.0972222222222223
2018-06-17 00:00:00 UTC,506,-61,232005775,8.1456944444444446
2018-06-17 00:00:00 UTC,506,-62,232005775,2.6293055555555558
2018-06-17 00:00:00 UTC,506,-60,232005775,1.1304166666666666
2018-06-17 00:00:00 UTC,506,0,205017000,2.3281944444444442
2018-06-17 00:00:00 UTC,506,-4,205017000,2.157083333333333
2018-06-17 00:00:00 UTC,506,-3,205017000,1.9036111111111111
2018-06-17 00:00:00 UTC,506,-1,205017000,7.8265277777777795
2018-06-17 00:00:00 UTC,506,-2,205017000,1.2272222222222222
2018-06-17 00:00:00 UTC,506,-100,227385000,2.2333333333333334
2018-06-17 00:00:00 UTC,506,-3,205059000,2.1083333333333334
2018-06-17 00:00:00 UTC,506,1566,273897410,1.5922222222222229
2018-06-17 00:00:00 UTC,506,-66,232005830,1.20125
2018-06-17 00:00:00 UTC,506,-67,232005830,1.0525
2018-06-17 00:00:00 UTC,506,-65,232005830,2.908611111111111
2018-06-17 00:00:00 UTC,506,-63,232005830,3.2320833333333332
2018-06-17 00:00:00 UTC,506,-64,232005830,2.2356944444444444
2018-06-17 00:00:00 UTC,506,-111,227831000,8.6230555555555561
2018-06-17 00:00:00 UTC,506,1562,273454040,1.5779166666666669
2018-06-17 00:00:00 UTC,506,-111,227436000,9.4295833333333352
2018-06-17 00:00:00 UTC,506,-110,227436000,0.50583333333333336
2018-06-17 00:00:00 UTC,506,-54,235093226,6.8120833333333337
2018-06-17 00:00:00 UTC,506,-53,235093226,0.815138888888889
2018-06-17 00:00:00 UTC,506,1440,273310460,1.4825000000000002
2018-06-17 00:00:00 UTC,762,168,224298000,1.0365277777777777
2018-06-17 00:00:00 UTC,762,167,224298000,0.3840277777777778
2018-06-17 00:00:00 UTC,762,169,224298000,0.65666666666666673
2018-06-17 00:00:00 UTC,762,464,273394210,0.25277777777777777
2018-06-17 00:00:00 UTC,762,332,258984000,0.65513888888888894
2018-06-17 00:00:00 UTC,762,331,258984000,0.67763888888888879
2018-06-17 00:00:00 UTC,762,334,258984000,1.4852777777777777
2018-06-17 00:00:00 UTC,762,336,258984000,0.17916666666666667
2018-06-17 00:00:00 UTC,762,335,258984000,1.095
2018-06-17 00:00:00 UTC,762,330,258984000,0.4869444444444444
2018-06-17 00:00:00 UTC,762,333,258984000,0.6495833333333334
2018-06-17 00:00:00 UTC,762,446,273444750,0.84819444444444436
2018-06-17 00:00:00 UTC,762,167,273317270,1.9306944444444445
2018-06-17 00:00:00 UTC,762,180,273523100,2.2727777777777773
2018-06-17 00:00:00 UTC,762,159,273398180,0.5875
2018-06-17 00:00:00 UTC,762,158,273398180,0.44430555555555556
2018-06-17 00:00:00 UTC,762,157,273398180,0.51083333333333336
2018-06-17 00:00:00 UTC,762,161,273398180,0.62722222222222213
2018-06-17 00:00:00 UTC,762,157,273424080,0.14611111111111111
2018-06-17 00:00:00 UTC,762,158,273424080,0.49041666666666667
2018-06-17 00:00:00 UTC,762,159,273424080,0.67680555555555544
2018-06-17 00:00:00 UTC,762,161,273424080,0.50305555555555559
2018-06-17 00:00:00 UTC,762,162,273424080,0.41097222222222218
2018-06-17 00:00:00 UTC,762,166,273424080,0.54722222222222228
2018-06-17 00:00:00 UTC,762,163,273424080,0.34027777777777779
2018-06-17 00:00:00 UTC,762,160,273424080,0.35833333333333334
2018-06-17 00:00:00 UTC,762,164,273424080,0.59416666666666673
2018-06-17 00:00:00 UTC,762,168,273348570,0.52527777777777773
2018-06-17 00:00:00 UTC,762,167,273348570,0.96833333333333316
2018-06-17 00:00:00 UTC,762,472,273219300,3.2752777777777782
2018-06-17 00:00:00 UTC,762,474,273219300,1.6247222222222226
2018-06-17 00:00:00 UTC,762,471,273219300,1.7937499999999995
2018-06-17 00:00:00 UTC,762,473,273219300,2.5472222222222225
2018-06-17 00:00:00 UTC,-262,-1754,416004375,1.4741666666666666
2018-06-17 00:00:00 UTC,-262,-1753,416004375,1.0074999999999998
2018-06-17 00:00:00 UTC,-262,-1751,520223000,4.2134722222222214
2018-06-17 00:00:00 UTC,-262,-1658,416002603,0.15041666666666667
2018-06-17 00:00:00 UTC,-262,-1664,416002603,0.58375
2018-06-17 00:00:00 UTC,-262,-1663,416002603,0.98541666666666661
2018-06-17 00:00:00 UTC,-262,136,659294000,5.2831944444444456
2018-06-17 00:00:00 UTC,-262,136,659251000,5.0312499999999982
2018-06-17 00:00:00 UTC,-262,137,659251000,0.86430555555555555
2018-06-17 00:00:00 UTC,-262,139,659208000,0.90527777777777763
2018-06-17 00:00:00 UTC,-262,-480,710681928,4.9363888888888887
2018-06-17 00:00:00 UTC,-262,-480,710000014,6.8912499999999994
2018-06-17 00:00:00 UTC,-262,137,659439000,0.74597222222222215
2018-06-17 00:00:00 UTC,-262,139,659279000,9.8109722222222242
2018-06-17 00:00:00 UTC,-262,-480,711610054,6.1341666666666672
2018-06-17 00:00:00 UTC,-262,136,659276000,1.1263888888888889
2018-06-17 00:00:00 UTC,-262,-481,719275000,1.5229166666666667
2018-06-17 00:00:00 UTC,-262,-480,719275000,6.3093055555555564
2018-06-17 00:00:00 UTC,-6,1615,416001567,2.4705555555555554
2018-06-17 00:00:00 UTC,-6,1617,416001567,0.19138888888888889
2018-06-17 00:00:00 UTC,-6,1614,416001567,0.4472222222222223
2018-06-17 00:00:00 UTC,-6,1616,416001567,0.40902777777777777
2018-06-17 00:00:00 UTC,-6,1607,416003928,0.24333333333333332
2018-06-17 00:00:00 UTC,-6,1606,416003928,1.2872222222222223
2018-06-17 00:00:00 UTC,-6,-123,263569000,3.9719444444444449
2018-06-17 00:00:00 UTC,-6,-122,263569000,0.86305555555555569
2018-06-17 00:00:00 UTC,-6,-1655,441584000,0.43430555555555556
2018-06-17 00:00:00 UTC,-6,1604,416079500,0.9113888888888888
2018-06-17 00:00:00 UTC,-6,1584,416003483,1.6393055555555556
2018-06-17 00:00:00 UTC,-6,1582,416003483,1.7041666666666662
2018-06-17 00:00:00 UTC,-6,1609,416247500,1.0527777777777778
2018-06-17 00:00:00 UTC,-6,-132,263415290,0.77083333333333337
2018-06-17 00:00:00 UTC,251,1424,431601931,9.0216666666666665
2018-06-17 00:00:00 UTC,251,1220,200020753,0.87583333333333335
2018-06-17 00:00:00 UTC,251,1189,800040733,14.228472222222221
2018-06-17 00:00:00 UTC,251,1190,800040733,0.553611111111111
2018-06-17 00:00:00 UTC,251,1196,100899366,1.25625
2018-06-17 00:00:00 UTC,251,1195,100899366,3.3956944444444446
2018-06-17 00:00:00 UTC,251,1197,800050226,0.49555555555555553
2018-06-17 00:00:00 UTC,251,1189,812442701,7.2927777777777765
2018-06-17 00:00:00 UTC,251,1196,700058456,1.6123611111111111
2018-06-17 00:00:00 UTC,251,1217,900023646,3.3334722222222224
2018-06-17 00:00:00 UTC,251,1196,200026979,2.5623611111111111
2018-06-17 00:00:00 UTC,251,1197,200026979,4.1656944444444441
2018-06-17 00:00:00 UTC,251,1489,416003452,3.9994444444444444
2018-06-17 00:00:00 UTC,251,-826,367680640,11.032777777777778
2018-06-17 00:00:00 UTC,251,-827,367680640,15.592222222222222
2018-06-17 00:00:00 UTC,251,1197,800033159,0.65861111111111115
2018-06-17 00:00:00 UTC,251,1217,416008344,1.1558333333333335
2018-06-17 00:00:00 UTC,251,1218,416008344,1.8220833333333331
2018-06-17 00:00:00 UTC,251,1217,416200091,0.26361111111111113
2018-06-17 00:00:00 UTC,251,1218,416200091,4.1079166666666671
2018-06-17 00:00:00 UTC,251,516,466516400,7.9287499999999991
2018-06-17 00:00:00 UTC,251,517,466516400,2.5597222222222227
2018-06-17 00:00:00 UTC,251,1217,200021454,1.507222222222222
2018-06-17 00:00:00 UTC,251,1355,416001491,6.5586111111111114
2018-06-17 00:00:00 UTC,251,1220,416001242,2.302083333333333
2018-06-17 00:00:00 UTC,251,1195,100896478,0.98305555555555546
2018-06-17 00:00:00 UTC,251,1196,100896478,4.7320833333333336
2018-06-17 00:00:00 UTC,251,1218,416003297,0.12444444444444444
2018-06-17 00:00:00 UTC,251,1217,416003297,0.45361111111111108
2018-06-17 00:00:00 UTC,251,1217,416042212,1.04
2018-06-17 00:00:00 UTC,251,1221,416004589,1.403472222222222
2018-06-17 00:00:00 UTC,251,1220,416004589,0.88277777777777788
2018-06-17 00:00:00 UTC,251,1219,416004850,0.625
2018-06-17 00:00:00 UTC,251,1218,416004850,3.5476388888888888
2018-06-17 00:00:00 UTC,251,1191,800050932,1.4048611111111111
2018-06-17 00:00:00 UTC,251,1197,411601151,3.6205555555555553
2018-06-17 00:00:00 UTC,507,1566,273566210,5.5401388888888912
2018-06-17 00:00:00 UTC,507,-100,227412000,0.625
2018-06-17 00:00:00 UTC,507,-99,227412000,0.13652777777777778
2018-06-17 00:00:00 UTC,507,-3,232006450,14.19638888888889
2018-06-17 00:00:00 UTC,507,-4,232006450,9.4390277777777811
2018-06-17 00:00:00 UTC,507,-111,228301700,3.6159722222222217
2018-06-17 00:00:00 UTC,507,1566,273316750,14.404166666666667
2018-06-17 00:00:00 UTC,507,-59,232005775,2.3152777777777782
2018-06-17 00:00:00 UTC,507,-60,232005775,2.2681944444444446
2018-06-17 00:00:00 UTC,507,-62,232005775,0.61097222222222225
2018-06-17 00:00:00 UTC,507,-61,232005775,1.9806944444444445
2018-06-17 00:00:00 UTC,507,1443,273370280,2.1605555555555553
2018-06-17 00:00:00 UTC,507,1566,273847220,1.6280555555555554
2018-06-17 00:00:00 UTC,507,1566,273897410,4.6801388888888882
2018-06-17 00:00:00 UTC,507,3,235068355,0.32222222222222219
2018-06-17 00:00:00 UTC,507,-63,232005830,1.3484722222222221
2018-06-17 00:00:00 UTC,507,-64,232005830,0.98486111111111108
2018-06-17 00:00:00 UTC,507,1567,273431240,0.16347222222222221
2018-06-17 00:00:00 UTC,507,1566,273431240,2.6854166666666663
2018-06-17 00:00:00 UTC,507,13,227582920,0.88305555555555559
2018-06-17 00:00:00 UTC,507,-111,227436000,1.4713888888888889
2018-06-17 00:00:00 UTC,507,1566,273844200,0.7533333333333333
2018-06-17 00:00:00 UTC,507,3,232007660,4.992361111111113
2018-06-17 00:00:00 UTC,507,11,235001841,5.5051388888888875
2018-06-17 00:00:00 UTC,507,12,235001841,1.8947222222222222
2018-06-17 00:00:00 UTC,763,329,258984000,1.4284722222222219
2018-06-17 00:00:00 UTC,763,330,258984000,0.29819444444444437
2018-06-17 00:00:00 UTC,763,327,258984000,0.085416666666666669
2018-06-17 00:00:00 UTC,763,328,258984000,0.91819444444444476
2018-06-17 00:00:00 UTC,763,450,273444750,0.21125
2018-06-17 00:00:00 UTC,763,155,273398180,0.44222222222222229
2018-06-17 00:00:00 UTC,763,154,273398180,0.28347222222222224
2018-06-17 00:00:00 UTC,763,156,273398180,0.3773611111111112
2018-06-17 00:00:00 UTC,763,158,273424080,0.43194444444444441
2018-06-17 00:00:00 UTC,763,153,273424080,0.56986111111111115
2018-06-17 00:00:00 UTC,763,155,273424080,0.95305555555555554
2018-06-17 00:00:00 UTC,763,152,273424080,0.14055555555555554
2018-06-17 00:00:00 UTC,763,154,273424080,0.35013888888888889
2018-06-17 00:00:00 UTC,763,157,273424080,1.0993055555555555
2018-06-17 00:00:00 UTC,763,156,273424080,1.4575000000000002
2018-06-17 00:00:00 UTC,763,474,273219300,1.5345833333333336
2018-06-17 00:00:00 UTC,-261,-1655,416002603,2.0841666666666669
2018-06-17 00:00:00 UTC,-261,-1664,416002603,1.6577777777777778
2018-06-17 00:00:00 UTC,-261,136,659294000,2.8006944444444439
2018-06-17 00:00:00 UTC,-261,136,659251000,2.3244444444444432
2018-06-17 00:00:00 UTC,-261,139,659208000,4.5441666666666674
2018-06-17 00:00:00 UTC,-261,-480,710681928,5.9231944444444444
2018-06-17 00:00:00 UTC,-261,1739,576093000,1.1815277777777777
2018-06-17 00:00:00 UTC,-261,1742,576093000,0.45513888888888887
2018-06-17 00:00:00 UTC,-261,1745,576093000,1.0377777777777777
2018-06-17 00:00:00 UTC,-261,139,659100000,4.4447222222222234
2018-06-17 00:00:00 UTC,-261,136,659420000,0.92875
2018-06-17 00:00:00 UTC,-261,102,431603110,1.8434722222222222
2018-06-17 00:00:00 UTC,-261,104,431603110,1.9837500000000001
2018-06-17 00:00:00 UTC,-261,103,431603110,2.3066666666666662
2018-06-17 00:00:00 UTC,-261,-480,711610054,3.7206944444444447
2018-06-17 00:00:00 UTC,-261,136,659276000,4.185416666666665
2018-06-17 00:00:00 UTC,-261,91,431798000,1.7270833333333329
2018-06-17 00:00:00 UTC,-5,1607,888224011,5.2070833333333333
2018-06-17 00:00:00 UTC,-5,1606,888224011,1.4122222222222223
2018-06-17 00:00:00 UTC,-5,539,227370000,1.4509722222222226
2018-06-17 00:00:00 UTC,-5,538,227370000,0.89944444444444449
2018-06-17 00:00:00 UTC,-5,628,416000284,0.93069444444444449
2018-06-17 00:00:00 UTC,-5,626,416000284,2.0988888888888892
2018-06-17 00:00:00 UTC,-5,627,416000284,1.2783333333333333
2018-06-17 00:00:00 UTC,-5,1616,416001567,0.52666666666666662
2018-06-17 00:00:00 UTC,-5,1615,416001567,0.25513888888888892
2018-06-17 00:00:00 UTC,-5,1614,416001567,0.68819444444444444
2018-06-17 00:00:00 UTC,-5,1607,416003928,1.0229166666666667
2018-06-17 00:00:00 UTC,-5,1606,416003928,1.3402777777777779
2018-06-17 00:00:00 UTC,-5,-121,263569000,0.26416666666666672
2018-06-17 00:00:00 UTC,-5,-1655,441584000,0.15541666666666665
2018-06-17 00:00:00 UTC,-5,1611,416079500,0.39694444444444449
2018-06-17 00:00:00 UTC,-5,1604,416079500,1.1004166666666666
2018-06-17 00:00:00 UTC,-5,1582,416003483,1.2415277777777778
2018-06-17 00:00:00 UTC,-5,1584,416003483,1.6706944444444449
2018-06-17 00:00:00 UTC,-5,1583,416003483,2.6973611111111113
2018-06-17 00:00:00 UTC,-5,1609,416247500,1.0744444444444445
2018-06-17 00:00:00 UTC,-5,-133,263415290,2.3333333333333335
2018-06-17 00:00:00 UTC,-5,-132,263415290,0.57541666666666669
2018-06-17 00:00:00 UTC,252,1655,12000001,11.638472222222221
2018-06-17 00:00:00 UTC,252,1221,200020753,0.42097222222222225
2018-06-17 00:00:00 UTC,252,1220,200020753,0.35
2018-06-17 00:00:00 UTC,252,1217,416003881,10.545694444444443
2018-06-17 00:00:00 UTC,252,1197,800050226,4.3568055555555549
2018-06-17 00:00:00 UTC,252,593,422611000,2.0975
2018-06-17 00:00:00 UTC,252,592,422611000,3.8172222222222225
2018-06-17 00:00:00 UTC,252,599,422611000,6.4579166666666676
2018-06-17 00:00:00 UTC,252,1197,700056922,1.4494444444444443
2018-06-17 00:00:00 UTC,252,1198,700056922,3.4705555555555567
2018-06-17 00:00:00 UTC,252,1218,416056685,2.5772222222222223
2018-06-17 00:00:00 UTC,252,593,422395000,0.15972222222222221
2018-06-17 00:00:00 UTC,252,1218,416090492,7.4558333333333344
2018-06-17 00:00:00 UTC,252,1217,416090492,2.8727777777777783
2018-06-17 00:00:00 UTC,252,1222,416042375,0.19166666666666668
2018-06-17 00:00:00 UTC,252,591,422266000,0.61541666666666672
2018-06-17 00:00:00 UTC,252,592,422266000,0.26916666666666667
2018-06-17 00:00:00 UTC,252,517,466516400,3.5706944444444448
2018-06-17 00:00:00 UTC,252,516,466516400,2.2263888888888892
2018-06-17 00:00:00 UTC,252,1217,416000689,0.73277777777777775
2018-06-17 00:00:00 UTC,252,1197,412447928,5.8437500000000018
2018-06-17 00:00:00 UTC,252,1196,412447928,0.29152777777777777
2018-06-17 00:00:00 UTC,252,1197,200011993,0.43013888888888885
2018-06-17 00:00:00 UTC,252,584,422079200,10.990416666666667
2018-06-17 00:00:00 UTC,252,591,422087400,5.5804166666666672
2018-06-17 00:00:00 UTC,252,594,422087400,5.2958333333333334
2018-06-17 00:00:00 UTC,252,590,422087400,3.2594444444444446
2018-06-17 00:00:00 UTC,252,592,422087400,4.1106944444444444
2018-06-17 00:00:00 UTC,252,593,422087400,2.7747222222222225
2018-06-17 00:00:00 UTC,252,592,422625000,1.0145833333333334
2018-06-17 00:00:00 UTC,252,1220,416004589,5.353194444444445
2018-06-17 00:00:00 UTC,252,1221,416004589,0.34486111111111112
2018-06-17 00:00:00 UTC,252,1358,416000499,2.1706944444444445
2018-06-17 00:00:00 UTC,252,1211,200013308,0.68819444444444444
2018-06-17 00:00:00 UTC,252,1212,200013308,1.7887499999999998
2018-06-17 00:00:00 UTC,252,1197,411601151,1.4294444444444445
2018-06-17 00:00:00 UTC,508,-100,227412000,15.224305555555556
2018-06-17 00:00:00 UTC,508,-101,227412000,4.9752777777777775
2018-06-17 00:00:00 UTC,508,6,235113535,6.225138888888889
2018-06-17 00:00:00 UTC,508,5,235113535,0.27069444444444446
2018-06-17 00:00:00 UTC,508,-103,228151700,0.8370833333333334
2018-06-17 00:00:00 UTC,508,1445,273370280,1.28
2018-06-17 00:00:00 UTC,508,1444,273370280,0.94375000000000009
2018-06-17 00:00:00 UTC,508,1442,273370280,5.03013888888889
2018-06-17 00:00:00 UTC,508,1443,273370280,2.6004166666666673
2018-06-17 00:00:00 UTC,508,1455,273432500,2.6859722222222229
2018-06-17 00:00:00 UTC,508,1566,273897410,0.31972222222222224
2018-06-17 00:00:00 UTC,508,1565,273897410,0.95763888888888893
2018-06-17 00:00:00 UTC,508,15,227317470,3.2831944444444443
2018-06-17 00:00:00 UTC,508,-101,228843000,2.2755555555555556
2018-06-17 00:00:00 UTC,764,462,273394210,0.19263888888888889
2018-06-17 00:00:00 UTC,764,327,258984000,0.052500000000000005
2018-06-17 00:00:00 UTC,764,324,258984000,0.12
2018-06-17 00:00:00 UTC,764,322,258984000,0.13722222222222222
2018-06-17 00:00:00 UTC,764,323,258984000,0.13527777777777777
2018-06-17 00:00:00 UTC,764,313,258984000,1.5104166666666665
2018-06-17 00:00:00 UTC,764,321,258984000,0.10791666666666666
2018-06-17 00:00:00 UTC,764,319,258984000,0.12458333333333334
2018-06-17 00:00:00 UTC,764,320,258984000,0.12347222222222223
2018-06-17 00:00:00 UTC,764,316,258984000,0.83263888888888882
2018-06-17 00:00:00 UTC,764,325,258984000,0.16416666666666668
2018-06-17 00:00:00 UTC,764,317,258984000,0.13166666666666668
2018-06-17 00:00:00 UTC,764,315,258984000,0.6661111111111111
2018-06-17 00:00:00 UTC,764,326,258984000,0.07
2018-06-17 00:00:00 UTC,764,318,258984000,0.12847222222222221
2018-06-17 00:00:00 UTC,764,314,258984000,0.66833333333333345
2018-06-17 00:00:00 UTC,764,456,273212500,1.7884722222222222
2018-06-17 00:00:00 UTC,764,457,273212500,2.5955555555555549
2018-06-17 00:00:00 UTC,764,454,273212500,4.3406944444444449
2018-06-17 00:00:00 UTC,764,455,273212500,4.5601388888888907
2018-06-17 00:00:00 UTC,764,149,273424080,0.6315277777777778
2018-06-17 00:00:00 UTC,764,151,273424080,0.5805555555555556
2018-06-17 00:00:00 UTC,764,150,273424080,0.33736111111111111
2018-06-17 00:00:00 UTC,764,152,273424080,0.3938888888888889
2018-06-17 00:00:00 UTC,764,148,273424080,0.50430555555555556
2018-06-17 00:00:00 UTC,-516,-630,224967000,1.2859722222222221
2018-06-17 00:00:00 UTC,-516,-626,224967000,0.90277777777777768
2018-06-17 00:00:00 UTC,-516,-627,224967000,2.112222222222222
2018-06-17 00:00:00 UTC,-260,-478,710131976,1.2
2018-06-17 00:00:00 UTC,-260,-477,710131976,5.9672222222222224
2018-06-17 00:00:00 UTC,-260,-1760,416003874,2.2593055555555552
2018-06-17 00:00:00 UTC,-260,-1762,416003874,1.5268055555555555
2018-06-17 00:00:00 UTC,-260,-1765,416003874,2.6673611111111111
2018-06-17 00:00:00 UTC,-260,-1758,416003874,1.1397222222222221
2018-06-17 00:00:00 UTC,-260,-1763,416003874,0.060416666666666667
2018-06-17 00:00:00 UTC,-260,-1761,416003874,1.8604166666666664
2018-06-17 00:00:00 UTC,-260,-1766,416003874,1.857777777777778
2018-06-17 00:00:00 UTC,-260,136,659294000,2.0251388888888884
2018-06-17 00:00:00 UTC,-260,136,659251000,1.9713888888888884
2018-06-17 00:00:00 UTC,-260,139,659208000,12.172916666666667
2018-06-17 00:00:00 UTC,-260,1736,576093000,0.87097222222222226
2018-06-17 00:00:00 UTC,-260,1745,576093000,0.44166666666666671
2018-06-17 00:00:00 UTC,-260,1735,576093000,1.9843055555555555
2018-06-17 00:00:00 UTC,-260,1744,576093000,0.42194444444444446
2018-06-17 00:00:00 UTC,-260,1739,576093000,2.51
2018-06-17 00:00:00 UTC,-260,1734,576093000,4.0252777777777782
2018-06-17 00:00:00 UTC,-260,1740,576093000,1.1152777777777776
2018-06-17 00:00:00 UTC,-260,1743,576093000,0.7
2018-06-17 00:00:00 UTC,-260,1737,576093000,1.3370833333333334
2018-06-17 00:00:00 UTC,-260,1746,576093000,0.79125
2018-06-17 00:00:00 UTC,-260,1738,576093000,0.98791666666666655
2018-06-17 00:00:00 UTC,-260,139,659100000,3.7841666666666653
2018-06-17 00:00:00 UTC,-260,136,659420000,2.1204166666666668
2018-06-17 00:00:00 UTC,-260,86,431791000,0.42930555555555555
2018-06-17 00:00:00 UTC,-260,101,431603110,3.5155555555555553
2018-06-17 00:00:00 UTC,-260,105,431603110,0.10513888888888888
2018-06-17 00:00:00 UTC,-260,103,431603110,1.8883333333333336
2018-06-17 00:00:00 UTC,-260,102,431603110,3.9440277777777784
2018-06-17 00:00:00 UTC,-260,104,431603110,2.2973611111111114
2018-06-17 00:00:00 UTC,-260,136,659276000,5.5079166666666692
2018-06-17 00:00:00 UTC,-260,91,431798000,0.2325
2018-06-17 00:00:00 UTC,-260,92,431798000,1.3743055555555552
2018-06-17 00:00:00 UTC,-4,1607,888224011,0.43291666666666667
2018-06-17 00:00:00 UTC,-4,538,227370000,0.62805555555555559
2018-06-17 00:00:00 UTC,-4,626,416000284,1.4786111111111111
2018-06-17 00:00:00 UTC,-4,628,416000284,1.5841666666666667
2018-06-17 00:00:00 UTC,-4,627,416000284,1.0834722222222222
2018-06-17 00:00:00 UTC,-4,1616,416001567,1.2830555555555552
2018-06-17 00:00:00 UTC,-4,1615,416001567,1.3465277777777778
2018-06-17 00:00:00 UTC,-4,1607,416003928,0.80777777777777782
2018-06-17 00:00:00 UTC,-4,1606,416003928,0.47513888888888883
2018-06-17 00:00:00 UTC,-4,-121,263569000,0.79583333333333328
2018-06-17 00:00:00 UTC,-4,1611,416079500,0.40013888888888893
2018-06-17 00:00:00 UTC,-4,1604,416079500,2.2069444444444444
2018-06-17 00:00:00 UTC,-4,1610,416079500,0.60736111111111113
2018-06-17 00:00:00 UTC,-4,-1687,412420239,1.2404166666666669
2018-06-17 00:00:00 UTC,-4,-1689,412420239,0.88541666666666674
2018-06-17 00:00:00 UTC,-4,-1686,412420239,0.1673611111111111
2018-06-17 00:00:00 UTC,-4,-1688,412420239,0.73875
2018-06-17 00:00:00 UTC,-4,1583,416003483,2.4095833333333334
2018-06-17 00:00:00 UTC,-4,1584,416003483,0.31736111111111109
2018-06-17 00:00:00 UTC,-4,1582,416003483,0.70152777777777775
2018-06-17 00:00:00 UTC,-4,1609,416247500,0.60930555555555554
2018-06-17 00:00:00 UTC,253,570,412460041,1.6620833333333334
2018-06-17 00:00:00 UTC,253,1218,416003881,3.0790277777777777
2018-06-17 00:00:00 UTC,253,1218,416000298,3.1237500000000002
2018-06-17 00:00:00 UTC,253,1219,416000298,0.39347222222222222
2018-06-17 00:00:00 UTC,253,1218,416056685,4.1580555555555554
2018-06-17 00:00:00 UTC,253,1217,416056685,6.0165277777777764
2018-06-17 00:00:00 UTC,253,1217,416090492,11.508333333333333
2018-06-17 00:00:00 UTC,253,522,466514090,12.697083333333333
2018-06-17 00:00:00 UTC,253,517,466516400,0.87055555555555553
2018-06-17 00:00:00 UTC,253,1217,416000689,10.596111111111112
2018-06-17 00:00:00 UTC,253,1355,416001491,10.556388888888888
2018-06-17 00:00:00 UTC,253,584,422079200,6.98125
2018-06-17 00:00:00 UTC,253,1220,416004589,3.3877777777777776
2018-06-17 00:00:00 UTC,253,1219,416004589,1.9394444444444445
2018-06-17 00:00:00 UTC,253,1192,412342511,0.41583333333333333
2018-06-17 00:00:00 UTC,253,1359,416000499,1.3434722222222222
2018-06-17 00:00:00 UTC,253,1358,416000499,0.81375
2018-06-17 00:00:00 UTC,253,1192,412342516,3.7133333333333338
2018-06-17 00:00:00 UTC,509,-103,227389000,0.45027777777777778
2018-06-17 00:00:00 UTC,509,-68,250116470,1.2502777777777778
2018-06-17 00:00:00 UTC,509,-69,250116470,1.3048611111111112
2018-06-17 00:00:00 UTC,509,-66,250116470,1.8875
2018-06-17 00:00:00 UTC,509,-67,250116470,2.0083333333333333
2018-06-17 00:00:00 UTC,509,-104,225360000,1.1556944444444446
2018-06-17 00:00:00 UTC,509,-103,225360000,0.60444444444444445
2018-06-17 00:00:00 UTC,509,-105,227344000,1.7872222222222223
2018-06-17 00:00:00 UTC,509,-104,227344000,5.5509722222222226
2018-06-17 00:00:00 UTC,509,-103,228151700,3.7638888888888888
2018-06-17 00:00:00 UTC,509,1564,273440410,2.5247222222222221
2018-06-17 00:00:00 UTC,509,1565,273440410,0.98944444444444446
2018-06-17 00:00:00 UTC,509,-50,235004070,5.7287500000000007
2018-06-17 00:00:00 UTC,509,-51,235004070,0.52361111111111114
2018-06-17 00:00:00 UTC,509,1445,273370280,1.5295833333333333
2018-06-17 00:00:00 UTC,509,1442,273370280,6.2197222222222219
2018-06-17 00:00:00 UTC,509,1453,273812400,4.5291666666666668
2018-06-17 00:00:00 UTC,509,1564,273897410,7.3856944444444466
2018-06-17 00:00:00 UTC,509,1565,273897410,5.2211111111111119
2018-06-17 00:00:00 UTC,509,1565,273431240,0.94180555555555556
2018-06-17 00:00:00 UTC,509,1564,273431240,7.7523611111111119
2018-06-17 00:00:00 UTC,509,-103,224000220,0.81347222222222226
2018-06-17 00:00:00 UTC,509,-104,224000220,1.537638888888889
2018-06-17 00:00:00 UTC,509,1564,273844200,3.5166666666666675
2018-06-17 00:00:00 UTC,509,-103,224246000,0.5330555555555555
2018-06-17 00:00:00 UTC,509,-101,228843000,1.3845833333333335
2018-06-17 00:00:00 UTC,509,-100,228843000,3.4343055555555555
2018-06-17 00:00:00 UTC,765,311,258984000,0.13430555555555557
2018-06-17 00:00:00 UTC,765,313,258984000,0.21291666666666667
2018-06-17 00:00:00 UTC,765,312,258984000,1.643888888888889
2018-06-17 00:00:00 UTC,765,147,273424080,0.99597222222222226
2018-06-17 00:00:00 UTC,765,145,273424080,0.89472222222222231
2018-06-17 00:00:00 UTC,765,146,273424080,0.96777777777777785
2018-06-17 00:00:00 UTC,765,143,273424080,0.8372222222222222
2018-06-17 00:00:00 UTC,765,144,273424080,0.87430555555555567
2018-06-17 00:00:00 UTC,765,148,273424080,0.79833333333333345
2018-06-17 00:00:00 UTC,765,142,273424080,0.048472222222222222
2018-06-17 00:00:00 UTC,765,141,273326830,0.18944444444444444
2018-06-17 00:00:00 UTC,-515,-628,224967000,1.9226388888888888
2018-06-17 00:00:00 UTC,-515,-629,224967000,1.1652777777777779
2018-06-17 00:00:00 UTC,-515,-631,224967000,1.1245833333333333
2018-06-17 00:00:00 UTC,-515,-630,224967000,0.40819444444444442
2018-06-17 00:00:00 UTC,-515,-627,224967000,1.1111111111111112
2018-06-17 00:00:00 UTC,-515,-626,224967000,1.58625
2018-06-17 00:00:00 UTC,-515,-625,224967000,0.79875000000000007
2018-06-17 00:00:00 UTC,-515,-632,224732000,2.6027777777777779
2018-06-17 00:00:00 UTC,-515,-631,224732000,0.22625
2018-06-17 00:00:00 UTC,-259,1758,520000000,0.56597222222222221
2018-06-17 00:00:00 UTC,-259,1759,520000000,1.6033333333333333
2018-06-17 00:00:00 UTC,-259,1757,520000000,2.7272222222222218
2018-06-17 00:00:00 UTC,-259,1763,520000000,4.0202777777777774
2018-06-17 00:00:00 UTC,-259,1761,520000000,1.6033333333333333
2018-06-17 00:00:00 UTC,-259,-478,710131976,10.291944444444445
2018-06-17 00:00:00 UTC,-259,-477,710131976,1.6475000000000002
2018-06-17 00:00:00 UTC,-259,-1764,416003874,0.77222222222222237
2018-06-17 00:00:00 UTC,-259,-1765,416003874,1.2580555555555553
2018-06-17 00:00:00 UTC,-259,-1766,416003874,2.3908333333333336
2018-06-17 00:00:00 UTC,-259,-1763,416003874,0.48638888888888893
2018-06-17 00:00:00 UTC,-259,136,659294000,3.840694444444444
2018-06-17 00:00:00 UTC,-259,136,659251000,1.59375
2018-06-17 00:00:00 UTC,-259,139,659208000,8.13902777777778
2018-06-17 00:00:00 UTC,-259,1764,412691540,0.57861111111111108
2018-06-17 00:00:00 UTC,-259,138,659100000,2.0284722222222222
2018-06-17 00:00:00 UTC,-259,139,659100000,2.8563888888888886
2018-06-17 00:00:00 UTC,-259,136,659420000,1.7581944444444444
2018-06-17 00:00:00 UTC,-259,86,431791000,0.70777777777777773
2018-06-17 00:00:00 UTC,-259,102,431603110,0.08611111111111111
2018-06-17 00:00:00 UTC,-259,346,601431000,2.2401388888888887
2018-06-17 00:00:00 UTC,-259,347,601431000,7.7697222222222218
2018-06-17 00:00:00 UTC,-259,348,601431000,0.26930555555555558
2018-06-17 00:00:00 UTC,-259,135,659276000,0.014444444444444444
2018-06-17 00:00:00 UTC,-259,136,659276000,5.3519444444444444
2018-06-17 00:00:00 UTC,-259,93,431798000,1.0427777777777778
2018-06-17 00:00:00 UTC,-259,92,431798000,0.21555555555555556
2018-06-17 00:00:00 UTC,-259,347,650027000,8.4068055555555556
2018-06-17 00:00:00 UTC,-259,346,650027000,2.8876388888888891
2018-06-17 00:00:00 UTC,-259,348,650027000,1.4052777777777776
2018-06-17 00:00:00 UTC,-3,1607,888224011,0.42138888888888892
2018-06-17 00:00:00 UTC,-3,627,416000284,2.0331944444444443
2018-06-17 00:00:00 UTC,-3,626,416000284,0.76944444444444438
2018-06-17 00:00:00 UTC,-3,630,416000284,2.6576388888888887
2018-06-17 00:00:00 UTC,-3,1615,416001567,2.9245833333333331
2018-06-17 00:00:00 UTC,-3,1613,416154700,0.74291666666666667
2018-06-17 00:00:00 UTC,-3,1607,416003928,1.0309722222222222
2018-06-17 00:00:00 UTC,-3,1608,416003928,1.3706944444444444
2018-06-17 00:00:00 UTC,-3,-121,263569000,2.0815277777777768
2018-06-17 00:00:00 UTC,-3,1605,416079500,2.2952777777777778
2018-06-17 00:00:00 UTC,-3,-1688,412420239,0.50611111111111107
2018-06-17 00:00:00 UTC,-3,-1687,412420239,0.8287500000000001
2018-06-17 00:00:00 UTC,-3,-1689,412420239,0.42097222222222225
2018-06-17 00:00:00 UTC,-3,-1691,412420239,1.1298611111111112
2018-06-17 00:00:00 UTC,-3,-1686,412420239,0.31958333333333339
2018-06-17 00:00:00 UTC,-3,-1690,412420239,1.6490277777777775
2018-06-17 00:00:00 UTC,-3,-143,627851000,0.79486111111111113
2018-06-17 00:00:00 UTC,254,570,412460041,18.788888888888891
2018-06-17 00:00:00 UTC,254,1218,416000298,7.34986111111111
2018-06-17 00:00:00 UTC,254,1193,900017721,16.403194444444459
2018-06-17 00:00:00 UTC,254,1196,413076036,0.48291666666666666
2018-06-17 00:00:00 UTC,254,553,600401000,5.4984722222222215
2018-06-17 00:00:00 UTC,254,1218,416056685,1.4752777777777777
2018-06-17 00:00:00 UTC,254,1217,416056685,2.7741666666666664
2018-06-17 00:00:00 UTC,254,1196,200028081,1.6973611111111113
2018-06-17 00:00:00 UTC,254,520,466585040,7.3836111111111116
2018-06-17 00:00:00 UTC,254,1196,413076701,0.91347222222222224
2018-06-17 00:00:00 UTC,254,570,422072800,8.1477777777777778
2018-06-17 00:00:00 UTC,254,582,422079200,18.505416666666669
2018-06-17 00:00:00 UTC,254,1192,412342511,9.666249999999998
2018-06-17 00:00:00 UTC,254,1358,416000499,0.788888888888889
2018-06-17 00:00:00 UTC,254,1192,412342516,10.657777777777774
2018-06-17 00:00:00 UTC,510,-99,250000958,1.6862500000000002
2018-06-17 00:00:00 UTC,510,-96,250000958,1.0388888888888888
2018-06-17 00:00:00 UTC,510,-97,250000958,1.2620833333333334
2018-06-17 00:00:00 UTC,510,-100,250000958,0.9875
2018-06-17 00:00:00 UTC,510,-108,225384000,2.1804166666666669
2018-06-17 00:00:00 UTC,510,-110,225384000,0.575
2018-06-17 00:00:00 UTC,510,-109,225384000,0.9968055555555555
2018-06-17 00:00:00 UTC,510,-113,228097600,11.381666666666669
2018-06-17 00:00:00 UTC,510,-112,228097600,0.4934722222222222
2018-06-17 00:00:00 UTC,510,-108,228221000,1.9766666666666668
2018-06-17 00:00:00 UTC,510,-109,228221000,0.88041666666666663
2018-06-17 00:00:00 UTC,510,-103,227389000,5.15902777777778
2018-06-17 00:00:00 UTC,510,1563,273351500,3.103472222222222
2018-06-17 00:00:00 UTC,510,-105,224658000,0.2713888888888889
2018-06-17 00:00:00 UTC,510,-70,250116470,4.2722222222222221
2018-06-17 00:00:00 UTC,510,-68,250116470,1.26875
2018-06-17 00:00:00 UTC,510,-103,225360000,3.671250000000001
2018-06-17 00:00:00 UTC,510,-104,225360000,0.798611111111111
2018-06-17 00:00:00 UTC,510,-104,227344000,5.1654166666666637
2018-06-17 00:00:00 UTC,510,20,227317890,3.3751388888888889
2018-06-17 00:00:00 UTC,510,-103,228151700,6.08513888888889
2018-06-17 00:00:00 UTC,510,-50,235004070,1.9448611111111109
2018-06-17 00:00:00 UTC,510,-51,235004070,1.1434722222222222
2018-06-17 00:00:00 UTC,510,1453,273812400,2.1019444444444444
2018-06-17 00:00:00 UTC,510,1452,273812400,3.8508333333333331
2018-06-17 00:00:00 UTC,510,1451,273812400,2.7275
2018-06-17 00:00:00 UTC,510,-73,250003127,0.58236111111111111
2018-06-17 00:00:00 UTC,510,1564,273897410,0.72569444444444442
2018-06-17 00:00:00 UTC,510,1564,273431240,4.49625
2018-06-17 00:00:00 UTC,510,1565,273431240,4.55125
2018-06-17 00:00:00 UTC,510,-102,224011990,0.47180555555555559
2018-06-17 00:00:00 UTC,510,-103,224000220,4.05
2018-06-17 00:00:00 UTC,510,-51,235082718,0.94958333333333333
2018-06-17 00:00:00 UTC,510,-53,235082718,0.85819444444444448
2018-06-17 00:00:00 UTC,510,-52,235082718,1.0925
2018-06-17 00:00:00 UTC,510,-50,235082718,1.3794444444444447
2018-06-17 00:00:00 UTC,510,1564,273844200,1.0030555555555556
2018-06-17 00:00:00 UTC,510,-103,224246000,5.4665277777777783
2018-06-17 00:00:00 UTC,766,306,258984000,0.21
2018-06-17 00:00:00 UTC,766,304,258984000,0.0973611111111111
2018-06-17 00:00:00 UTC,766,305,258984000,0.13263888888888889
2018-06-17 00:00:00 UTC,766,308,258984000,0.21402777777777776
2018-06-17 00:00:00 UTC,766,307,258984000,0.075555555555555556
2018-06-17 00:00:00 UTC,766,310,258984000,0.22472222222222221
2018-06-17 00:00:00 UTC,766,476,273212500,2.0995833333333329
2018-06-17 00:00:00 UTC,766,475,273212500,1.5844444444444445
2018-06-17 00:00:00 UTC,766,460,273431440,1.5143055555555553
2018-06-17 00:00:00 UTC,766,454,273414800,0.20388888888888887
2018-06-17 00:00:00 UTC,766,477,273414800,0.80069444444444449
2018-06-17 00:00:00 UTC,766,456,273414800,1.2065277777777779
2018-06-17 00:00:00 UTC,766,476,273414800,0.055972222222222229
2018-06-17 00:00:00 UTC,766,455,273414800,1.4044444444444442
2018-06-17 00:00:00 UTC,766,141,273424080,1.3430555555555557
2018-06-17 00:00:00 UTC,766,139,273424080,0.55791666666666662
2018-06-17 00:00:00 UTC,766,142,273424080,0.61375
2018-06-17 00:00:00 UTC,766,140,273424080,1.1433333333333333
2018-06-17 00:00:00 UTC,766,139,273326830,0.22319444444444442
2018-06-17 00:00:00 UTC,-514,-625,224967000,1.6133333333333333
2018-06-17 00:00:00 UTC,-514,-629,224967000,0.2993055555555556
2018-06-17 00:00:00 UTC,-514,-631,224967000,1.4577777777777776
2018-06-17 00:00:00 UTC,-514,-628,224967000,0.48138888888888887
2018-06-17 00:00:00 UTC,-514,-627,224967000,1.0598611111111111
2018-06-17 00:00:00 UTC,-514,-630,224732000,3.3195833333333331
2018-06-17 00:00:00 UTC,-514,-632,224732000,0.51513888888888881
2018-06-17 00:00:00 UTC,-514,-631,224732000,2.6808333333333332
2018-06-17 00:00:00 UTC,-514,-629,224732000,2.1951388888888888
2018-06-17 00:00:00 UTC,-258,1605,600014098,0.59291666666666665
2018-06-17 00:00:00 UTC,-258,1602,600014098,0.5838888888888889
2018-06-17 00:00:00 UTC,-258,1601,600014098,5.3673611111111112
2018-06-17 00:00:00 UTC,-258,1603,600014098,0.77333333333333332
2018-06-17 00:00:00 UTC,-258,1604,600014098,7.2575
2018-06-17 00:00:00 UTC,-258,136,659294000,0.44291666666666668
2018-06-17 00:00:00 UTC,-258,136,659251000,0.15416666666666667
2018-06-17 00:00:00 UTC,-258,1756,412691540,2.1086111111111112
2018-06-17 00:00:00 UTC,-258,1757,412691540,2.3919444444444449
2018-06-17 00:00:00 UTC,-258,1758,412691540,2.1959722222222227
2018-06-17 00:00:00 UTC,-258,1763,412691540,0.86541666666666672
2018-06-17 00:00:00 UTC,-258,1764,412691540,1.4698611111111113
2018-06-17 00:00:00 UTC,-258,1759,412691540,2.1161111111111111
2018-06-17 00:00:00 UTC,-258,1761,412691540,1.7868055555555555
2018-06-17 00:00:00 UTC,-258,1760,412691540,2.1815277777777773
2018-06-17 00:00:00 UTC,-258,1762,412691540,2.0694444444444446
2018-06-17 00:00:00 UTC,-258,138,659100000,0.10722222222222222
2018-06-17 00:00:00 UTC,-258,136,659420000,5.0611111111111118
2018-06-17 00:00:00 UTC,-258,87,431791000,1.1391666666666669
2018-06-17 00:00:00 UTC,-258,86,431791000,1.2218055555555558
2018-06-17 00:00:00 UTC,-258,349,601431000,1.9463888888888889
2018-06-17 00:00:00 UTC,-258,347,601431000,0.28541666666666665
2018-06-17 00:00:00 UTC,-258,348,601431000,8.0722222222222211
2018-06-17 00:00:00 UTC,-258,136,659276000,1.0847222222222221
2018-06-17 00:00:00 UTC,-258,1532,503055590,9.8370833333333341
2018-06-17 00:00:00 UTC,-258,1533,503055590,2.1754166666666666
2018-06-17 00:00:00 UTC,-258,93,431798000,0.74472222222222217
2018-06-17 00:00:00 UTC,-258,348,650027000,8.7190277777777823
2018-06-17 00:00:00 UTC,-258,349,650027000,2.7187500000000004
2018-06-17 00:00:00 UTC,-2,1625,416221700,0.62666666666666671
2018-06-17 00:00:00 UTC,-2,1626,416221700,5.8818055555555553
2018-06-17 00:00:00 UTC,-2,1610,888224011,1.661111111111111
2018-06-17 00:00:00 UTC,-2,628,416000284,3.515138888888889
2018-06-17 00:00:00 UTC,-2,626,416000284,3.2790277777777774
2018-06-17 00:00:00 UTC,-2,1616,416001567,3.0154166666666664
2018-06-17 00:00:00 UTC,-2,772,417000785,0.47805555555555557
2018-06-17 00:00:00 UTC,-2,1609,416003928,1.5222222222222221
2018-06-17 00:00:00 UTC,-2,-1693,412420239,0.82236111111111121
2018-06-17 00:00:00 UTC,-2,1627,416196500,5.0143055555555556
2018-06-17 00:00:00 UTC,-2,1626,416196500,2.512777777777778
2018-06-17 00:00:00 UTC,-2,1633,416002198,0.69819444444444434
2018-06-17 00:00:00 UTC,-2,-477,710021538,4.2044444444444444
2018-06-17 00:00:00 UTC,-2,-478,710021538,4.153888888888889
2018-06-17 00:00:00 UTC,255,1196,412596035,3.1523611111111114
2018-06-17 00:00:00 UTC,255,1196,413076036,3.9959722222222225
2018-06-17 00:00:00 UTC,255,1197,413076036,2.2462500000000007
2018-06-17 00:00:00 UTC,255,1196,200028490,2.6945833333333331
2018-06-17 00:00:00 UTC,255,1196,200027238,2.2291666666666665
2018-06-17 00:00:00 UTC,255,519,466514090,6.06625
2018-06-17 00:00:00 UTC,255,520,466514090,5.2998611111111114
2018-06-17 00:00:00 UTC,255,1196,200028081,4.8525000000000009
2018-06-17 00:00:00 UTC,255,1197,200028081,7.4520833333333334
2018-06-17 00:00:00 UTC,255,1196,412443596,6.3302777777777779
2018-06-17 00:00:00 UTC,255,518,466585040,1.9127777777777777
2018-06-17 00:00:00 UTC,255,517,466585040,0.16347222222222221
2018-06-17 00:00:00 UTC,255,1196,413076701,1.2670833333333333
2018-06-17 00:00:00 UTC,255,1197,413076701,2.6440277777777772
2018-06-17 00:00:00 UTC,255,571,422072800,4.2526388888888889
2018-06-17 00:00:00 UTC,255,572,422072800,0.70263888888888892
2018-06-17 00:00:00 UTC,255,1358,416000499,0.55041666666666667
2018-06-17 00:00:00 UTC,255,1360,416000499,1.3668055555555556
2018-06-17 00:00:00 UTC,255,1359,416000499,1.6905555555555556
2018-06-17 00:00:00 UTC,511,-99,250000958,0.42930555555555561
2018-06-17 00:00:00 UTC,511,-97,250000958,2.8290277777777781
2018-06-17 00:00:00 UTC,511,-95,250000958,5.5019444444444447
2018-06-17 00:00:00 UTC,511,-96,250000958,6.1422222222222222
2018-06-17 00:00:00 UTC,511,-94,250000958,0.59416666666666673
2018-06-17 00:00:00 UTC,511,-98,250000958,3.3198611111111114
2018-06-17 00:00:00 UTC,511,-109,225384000,0.83180555555555558
2018-06-17 00:00:00 UTC,511,-110,225384000,0.2434722222222222
2018-06-17 00:00:00 UTC,511,-108,225384000,4.6788888888888893
2018-06-17 00:00:00 UTC,511,-113,228097600,1.4837500000000001
2018-06-17 00:00:00 UTC,511,-112,228097600,2.1608333333333336
2018-06-17 00:00:00 UTC,511,-108,228221000,4.9636111111111116
2018-06-17 00:00:00 UTC,511,-103,227389000,4.0611111111111109
2018-06-17 00:00:00 UTC,511,1563,273351500,0.89138888888888879
2018-06-17 00:00:00 UTC,511,-105,224658000,0.45583333333333337
2018-06-17 00:00:00 UTC,511,-106,224658000,0.45305555555555554
2018-06-17 00:00:00 UTC,511,26,205010000,5.6990277777777809
2018-06-17 00:00:00 UTC,511,27,205010000,0.39249999999999996
2018-06-17 00:00:00 UTC,511,25,205010000,2.9981944444444446
2018-06-17 00:00:00 UTC,511,-68,250116470,2.1494444444444443
2018-06-17 00:00:00 UTC,511,-104,225360000,4.3229166666666679
2018-06-17 00:00:00 UTC,511,-104,227344000,4.9311111111111119
2018-06-17 00:00:00 UTC,511,-104,225381000,1.3583333333333334
2018-06-17 00:00:00 UTC,511,-105,225381000,2.2261111111111114
2018-06-17 00:00:00 UTC,511,1563,273415310,1.1837499999999999
2018-06-17 00:00:00 UTC,511,-103,228151700,6.7445833333333338
2018-06-17 00:00:00 UTC,511,-50,235004070,0.52625
2018-06-17 00:00:00 UTC,511,27,205273000,1.0788888888888888
2018-06-17 00:00:00 UTC,511,1451,273812400,4.8869444444444436
2018-06-17 00:00:00 UTC,511,1450,273812400,2.6302777777777782
2018-06-17 00:00:00 UTC,511,1452,273432500,0.26666666666666666
2018-06-17 00:00:00 UTC,511,1451,273432500,0.68777777777777771
2018-06-17 00:00:00 UTC,511,-72,250003127,0.48069444444444442
2018-06-17 00:00:00 UTC,511,-73,250003127,0.50555555555555554
2018-06-17 00:00:00 UTC,511,27,205315000,1.6001388888888888
2018-06-17 00:00:00 UTC,511,26,205315000,0.6808333333333334
2018-06-17 00:00:00 UTC,511,1563,273897410,0.88819444444444451
2018-06-17 00:00:00 UTC,511,1564,273897410,0.17875000000000002
2018-06-17 00:00:00 UTC,511,-87,250477000,1.9316666666666666
2018-06-17 00:00:00 UTC,511,-84,250477000,3.3669444444444445
2018-06-17 00:00:00 UTC,511,28,205026000,0.26083333333333331
2018-06-17 00:00:00 UTC,511,27,205026000,0.066666666666666666
2018-06-17 00:00:00 UTC,511,-102,224011990,5.5669444444444443
2018-06-17 00:00:00 UTC,511,-1289,316005846,0.11513888888888889
2018-06-17 00:00:00 UTC,511,-1288,316005846,0.11680555555555557
2018-06-17 00:00:00 UTC,511,27,205271000,1.7740277777777775
2018-06-17 00:00:00 UTC,511,28,205271000,0.25041666666666668
2018-06-17 00:00:00 UTC,511,-104,224000220,3.3806944444444444
2018-06-17 00:00:00 UTC,511,-103,224000220,0.68402777777777779
2018-06-17 00:00:00 UTC,511,1564,273844200,0.73958333333333326
2018-06-17 00:00:00 UTC,511,-104,224246000,2.4069444444444446
2018-06-17 00:00:00 UTC,511,-103,224246000,2.376527777777778
2018-06-17 00:00:00 UTC,511,-86,250001911,1.527222222222222
2018-06-17 00:00:00 UTC,511,-91,250001911,0.91791666666666671
2018-06-17 00:00:00 UTC,511,-85,250001911,3.2319444444444443
2018-06-17 00:00:00 UTC,511,-87,250001911,4.1791666666666663
2018-06-17 00:00:00 UTC,511,-88,250001911,1.0702777777777777
2018-06-17 00:00:00 UTC,767,137,273555500,0.74944444444444436
2018-06-17 00:00:00 UTC,767,134,273555500,0.41777777777777775
2018-06-17 00:00:00 UTC,767,135,273555500,0.42791666666666672
2018-06-17 00:00:00 UTC,767,136,273555500,0.43875000000000003
2018-06-17 00:00:00 UTC,767,304,258984000,0.05
2018-06-17 00:00:00 UTC,767,303,258984000,0.19138888888888889
2018-06-17 00:00:00 UTC,767,302,258984000,0.12166666666666667
2018-06-17 00:00:00 UTC,767,478,273212500,0.29986111111111113
2018-06-17 00:00:00 UTC,767,477,273212500,0.29833333333333339
2018-06-17 00:00:00 UTC,767,480,273212500,0.26527777777777778
2018-06-17 00:00:00 UTC,767,461,273431440,1.6566666666666667
2018-06-17 00:00:00 UTC,767,460,273431440,0.44805555555555554
2018-06-17 00:00:00 UTC,767,462,273431440,0.59930555555555554
2018-06-17 00:00:00 UTC,767,476,273414800,0.18319444444444441
2018-06-17 00:00:00 UTC,767,456,273414800,0.17194444444444446
2018-06-17 00:00:00 UTC,767,477,273414800,0.89125
2018-06-17 00:00:00 UTC,767,478,273414800,0.32013888888888886
2018-06-17 00:00:00 UTC,767,453,273414800,2.3387499999999997
2018-06-17 00:00:00 UTC,767,479,273414800,0.20319444444444446
2018-06-17 00:00:00 UTC,767,475,273414800,0.035972222222222225
2018-06-17 00:00:00 UTC,767,480,273414800,0.16805555555555557
2018-06-17 00:00:00 UTC,-513,1668,512001064,1.1115277777777779
2018-06-17 00:00:00 UTC,-513,1664,512001064,1.8584722222222223
2018-06-17 00:00:00 UTC,-513,1663,512001064,0.581388888888889
2018-06-17 00:00:00 UTC,-513,1666,512001064,0.8731944444444445
2018-06-17 00:00:00 UTC,-513,1667,512001064,1.0711111111111109
2018-06-17 00:00:00 UTC,-513,1662,512001064,0.35347222222222219
2018-06-17 00:00:00 UTC,-513,-631,224967000,0.72722222222222221
2018-06-17 00:00:00 UTC,-513,-627,224967000,1.2329166666666667
2018-06-17 00:00:00 UTC,-513,-629,224967000,1.95125
2018-06-17 00:00:00 UTC,-513,-630,224967000,1.6925
2018-06-17 00:00:00 UTC,-513,-627,224732000,1.0694444444444444
2018-06-17 00:00:00 UTC,-513,-632,224732000,0.79805555555555552
2018-06-17 00:00:00 UTC,-513,-628,224732000,1.7283333333333328
2018-06-17 00:00:00 UTC,-513,-631,224732000,1.0645833333333332
2018-06-17 00:00:00 UTC,-513,-633,224732000,0.44527777777777777
2018-06-17 00:00:00 UTC,-513,-629,224732000,2.1515277777777775
2018-06-17 00:00:00 UTC,-513,-634,224732000,0.30541666666666667
2018-06-17 00:00:00 UTC,-257,1761,520000000,1.615
2018-06-17 00:00:00 UTC,-257,1757,520000000,2.9726388888888886
2018-06-17 00:00:00 UTC,-257,1764,520000000,3.1734722222222222
2018-06-17 00:00:00 UTC,-257,1760,520000000,1.2986111111111112
2018-06-17 00:00:00 UTC,-257,1758,520000000,1.3576388888888888
2018-06-17 00:00:00 UTC,-257,1762,520000000,3.4970833333333333
2018-06-17 00:00:00 UTC,-257,1759,520000000,2.1816666666666666
2018-06-17 00:00:00 UTC,-257,1601,600014098,4.5202777777777783
2018-06-17 00:00:00 UTC,-257,1602,600014098,1.6091666666666666
2018-06-17 00:00:00 UTC,-257,1603,600014098,1.5041666666666667
2018-06-17 00:00:00 UTC,-257,1600,600014098,1.56625
2018-06-17 00:00:00 UTC,-257,1763,412691540,1.3568055555555556
2018-06-17 00:00:00 UTC,-257,1756,412691540,0.58291666666666664
2018-06-17 00:00:00 UTC,-257,1764,412691540,2.6118055555555557
2018-06-17 00:00:00 UTC,-257,-1665,416198500,0.91249999999999987
2018-06-17 00:00:00 UTC,-257,447,412463478,8.9129166666666659
2018-06-17 00:00:00 UTC,-257,90,431791000,0.89875
2018-06-17 00:00:00 UTC,-257,88,431791000,0.96347222222222206
2018-06-17 00:00:00 UTC,-257,89,431791000,0.10263888888888889
2018-06-17 00:00:00 UTC,-257,349,601431000,3.44625
2018-06-17 00:00:00 UTC,-257,-1149,412420583,1.2366666666666668
2018-06-17 00:00:00 UTC,-257,93,431798000,0.53958333333333341
2018-06-17 00:00:00 UTC,-257,92,431798000,0.54791666666666661
2018-06-17 00:00:00 UTC,-1,1627,416221700,3.9941666666666666
2018-06-17 00:00:00 UTC,-1,1625,416221700,1.1749999999999998
2018-06-17 00:00:00 UTC,-1,1610,888224011,1.8924999999999998
2018-06-17 00:00:00 UTC,-1,1609,888224011,3.8831944444444444
2018-06-17 00:00:00 UTC,-1,1616,416004368,6.1558333333333337
2018-06-17 00:00:00 UTC,-1,1609,416004887,3.2847222222222228
2018-06-17 00:00:00 UTC,-1,1611,416004887,1.3168055555555556
2018-06-17 00:00:00 UTC,-1,626,416000284,4.2709722222222224
2018-06-17 00:00:00 UTC,-1,772,417000785,1.8138888888888889
2018-06-17 00:00:00 UTC,-1,1609,416003928,4.3090277777777786
2018-06-17 00:00:00 UTC,-1,1610,416003928,2.1190277777777777
2018-06-17 00:00:00 UTC,-1,832,416112500,0.49611111111111111
2018-06-17 00:00:00 UTC,-1,829,416112500,0.5279166666666667
2018-06-17 00:00:00 UTC,-1,830,416112500,2.5848611111111111
2018-06-17 00:00:00 UTC,-1,831,416112500,0.42486111111111113
2018-06-17 00:00:00 UTC,-1,1627,416196500,0.79625
2018-06-17 00:00:00 UTC,-1,1626,416196500,3.0419444444444439
2018-06-17 00:00:00 UTC,-1,1633,416002198,2.0111111111111115
2018-06-17 00:00:00 UTC,-1,-477,710021538,6.9138888888888905
2018-06-17 00:00:00 UTC,-1,-476,710021538,8.94125
2018-06-17 00:00:00 UTC,-1,1571,584779200,0.20611111111111111
2018-06-17 00:00:00 UTC,-1,1570,584779200,0.29944444444444446
2018-06-17 00:00:00 UTC,-1,1609,416247500,4.6481944444444441
